,FreeNet_pre_score,FreeNet_post_score,FreeNet_pre_rank,FreeNet_post_rank,FreeNet_delta_ranks,Reversed_pre_score,Reversed_post_score,Reversed_pre_rank,Reversed_post_rank,Reversed_delta_ranks,Random_pre_score,Random_post_score,Random_pre_rank,Random_post_rank,Random_delta_ranks,dist_victim_relayer,dist_victim_vilain_pre,dist_victim_vilain_post,out_deg_victim,in_deg_villain,victim,villain,relayer
0,2,208,27,92,65,6,14,30,33,3,0.0,0.005446066918547262,1,56,55,[[3]],[[5]],[[4]],3,1,64,95,31
1,0,1640,1,100,99,6,80,1,64,63,0.0,0.042853739065318766,1,97,96,[[1]],[[inf]],[[2]],6,0,69,36,3
2,56,672,55,100,45,76,76,52,52,0,0.005786446100956465,0.02277136730317574,57,85,28,[[2]],[[3]],[[3]],6,6,65,35,9
3,44,145,64,93,29,12,12,39,39,0,0.010994247591817285,0.010994247591817285,70,70,0,[[inf]],[[4]],[[4]],2,8,97,8,40
4,234,336,91,94,3,160,160,86,86,0,0.024983831988835564,0.025051907825317403,86,86,0,[[4]],[[2]],[[2]],7,15,24,16,60
5,22,123,40,76,36,48,48,38,38,0,0.002825147213996392,0.002825147213996392,47,47,0,[[inf]],[[3]],[[3]],7,2,46,83,85
6,140,1780,87,100,13,64,88,70,79,9,0.022567139793730217,0.04734674427312026,83,96,13,[[1]],[[3]],[[2]],4,20,84,23,70
7,177,278,91,98,7,136,136,97,97,0,0.02631131080023146,0.02644746247319514,87,87,0,[[5]],[[2]],[[2]],4,9,72,39,95
8,93,709,76,100,24,28,28,44,44,0,0.013887470642295518,0.026719765819122502,76,88,12,[[2]],[[3]],[[3]],3,16,92,12,19
9,6,622,29,100,71,19,54,29,34,5,0.0002723033459273631,0.006671431975220395,34,58,24,[[2]],[[4]],[[3]],8,1,42,55,31
10,16,117,34,76,42,40,40,32,32,0,0.000442492937131965,0.000442492937131965,35,35,0,[[inf]],[[3]],[[3]],12,1,2,60,59
11,0,616,1,100,99,9,39,1,31,30,0.0,0.004288777698355968,1,51,50,[[2]],[[inf]],[[3]],9,0,29,85,75
12,1,207,23,93,70,5,30,1,40,39,0.0,0.005071649817897137,1,54,53,[[3]],[[6]],[[4]],5,1,45,78,38
13,16,222,35,90,55,80,80,41,41,0,0.001157289220191293,0.004152626025392287,41,52,11,[[3]],[[3]],[[3]],10,1,18,71,75
14,0,101,1,78,77,3,3,1,1,0,0.0,0.0,1,1,0,[[inf]],[[inf]],[[inf]],3,0,58,36,81
15,200,406,91,97,6,268,268,82,82,0,0.013921508560536438,0.014704380680077607,77,78,1,[[3]],[[2]],[[2]],16,8,4,8,51
16,12,218,37,94,57,28,28,34,34,0,0.0012253650566731338,0.0038462847612240037,39,51,12,[[3]],[[4]],[[4]],6,2,32,74,29
17,61,677,61,100,39,54,64,55,67,12,0.005582218591510943,0.017903944994724124,58,81,23,[[2]],[[3]],[[3]],4,6,73,28,25
18,22,1662,41,100,59,80,138,43,77,34,0.002110350930937064,0.03424214575036591,44,92,48,[[1]],[[3]],[[2]],9,2,23,61,10
19,16,117,35,77,42,38,38,34,34,0,0.00034037918240920387,0.00034037918240920387,34,34,0,[[inf]],[[3]],[[3]],8,1,15,88,89
20,163,369,92,100,8,56,56,85,85,0,0.028728002995336805,0.031076619353960312,89,91,2,[[3]],[[2]],[[2]],2,16,90,12,94
21,2,618,26,100,74,10,94,26,47,21,3.4037918240920386e-05,0.015419176963136935,28,78,50,[[2]],[[5]],[[3]],9,1,28,68,15
22,91,192,57,86,29,214,214,74,74,0,0.007828721195411689,0.007828721195411689,60,60,0,[[inf]],[[2]],[[2]],15,7,7,62,96
23,62,163,66,92,26,38,38,51,51,0,0.00789679703189353,0.00789679703189353,64,64,0,[[inf]],[[3]],[[3]],3,9,94,31,87
24,149,1789,88,100,12,88,112,76,92,16,0.02215868477483917,0.06681643350692672,86,98,12,[[1]],[[2]],[[2]],4,17,47,6,1
25,258,874,94,100,6,296,296,92,92,0,0.021784267674189048,0.026923993328568024,83,90,7,[[2]],[[2]],[[2]],14,16,8,18,26
26,100,100,67,67,0,100,100,54,54,0,0.06719085060757685,0.06855236733721366,100,100,0,[[3]],[[1]],[[1]],9,36,35,2,54
27,0,616,1,100,99,16,108,1,56,55,0.0,0.007828721195411689,1,56,55,[[2]],[[inf]],[[3]],16,0,9,87,25
28,0,616,1,100,99,15,110,1,57,56,0.0,0.013819394805813677,1,74,73,[[2]],[[inf]],[[3]],15,0,7,36,30
29,0,206,1,97,96,2,12,1,38,37,0.0,0.019946220089179345,1,83,82,[[3]],[[inf]],[[4]],2,0,97,79,11
30,2,104,27,83,56,2,4,1,29,28,3.4037918240920386e-05,0.0007828721195411688,26,37,11,[[4]],[[6]],[[5]],2,2,89,58,71
31,0,206,1,89,88,6,24,1,30,29,0.0,0.0026889955410327104,1,39,38,[[3]],[[inf]],[[4]],6,0,71,85,29
32,0,206,1,89,88,12,48,1,33,32,0.0,0.0024166921951053475,1,45,44,[[3]],[[inf]],[[4]],12,0,14,86,41
33,8,624,32,100,68,28,42,32,35,3,0.000442492937131965,0.007113924912352361,33,58,25,[[2]],[[4]],[[3]],6,2,40,63,44
34,210,826,92,100,8,308,318,89,90,1,0.017018959120460194,0.0352292453793526,79,93,14,[[2]],[[2]],[[2]],16,12,4,37,16
35,0,616,1,100,99,4,30,1,43,42,0.0,0.007284114503556962,1,63,62,[[2]],[[inf]],[[3]],4,0,84,66,21
36,259,360,94,96,2,176,176,85,85,0,0.021375812655298,0.021375812655298,85,85,0,[[inf]],[[2]],[[2]],8,16,42,12,80
37,16,222,37,94,57,66,66,48,48,0,0.0018040096667687805,0.01415977398822288,44,77,33,[[3]],[[3]],[[3]],6,1,59,53,6
38,6,107,31,83,52,10,10,32,32,0,0.00034037918240920387,0.000442492937131965,34,35,1,[[5]],[[4]],[[4]],3,1,85,88,65
39,87,293,65,96,31,86,86,56,56,0,0.008611593314952858,0.019980258007420267,65,84,19,[[3]],[[3]],[[3]],6,7,59,21,12
40,0,206,1,95,94,2,8,1,32,31,0.0,0.007488342013002485,1,64,63,[[3]],[[inf]],[[4]],2,0,86,66,32
41,0,101,1,76,75,5,5,1,1,0,0.0,0.0,1,1,0,[[inf]],[[inf]],[[inf]],5,0,70,76,80
42,2,103,25,77,52,6,6,25,25,0,0.0,0.0,1,1,0,[[inf]],[[5]],[[5]],5,1,50,68,89
43,16,117,34,76,42,44,44,33,33,0,0.00013615167296368154,0.00013615167296368154,31,31,0,[[inf]],[[3]],[[3]],12,1,14,95,50
44,271,1911,95,100,5,316,340,92,96,4,0.016610504101569147,0.029612988869600735,76,91,15,[[1]],[[2]],[[2]],15,15,7,19,21
45,100,100,61,61,0,100,100,40,40,0,0.04768712345552946,0.0489124885122026,98,98,0,[[3]],[[1]],[[1]],14,29,8,11,73
46,13,629,38,100,62,20,76,32,58,26,0.0010892133837094523,0.02481364239763096,40,85,45,[[2]],[[4]],[[3]],6,3,69,51,16
47,100,100,59,59,0,100,100,45,45,0,0.06651009224275843,0.07076483202287348,100,100,0,[[2]],[[1]],[[1]],10,36,0,2,47
48,6,622,30,100,70,23,56,30,40,10,0.0002042275094455223,0.01940161339732462,30,80,50,[[2]],[[4]],[[3]],6,1,71,88,10
49,127,333,83,97,14,72,72,77,77,0,0.01929949964260186,0.019912182170938427,83,84,1,[[3]],[[2]],[[2]],3,12,82,37,42
50,1,207,22,96,74,2,8,1,31,30,0.0,0.0042547397801150485,1,54,53,[[3]],[[inf]],[[4]],2,1,98,50,38
51,1,207,23,95,72,2,8,1,31,30,0.0,0.004152626025392287,1,54,53,[[3]],[[inf]],[[4]],2,1,95,50,72
52,22,123,41,81,40,70,70,41,41,0,0.0017018959120460194,0.0017018959120460194,41,41,0,[[inf]],[[3]],[[3]],9,2,23,74,85
53,54,260,53,94,41,160,160,76,76,0,0.007726607440688927,0.00793083495013445,62,66,4,[[3]],[[3]],[[3]],10,4,12,72,65
54,0,1640,1,100,99,7,96,1,55,54,0.0,0.037475747983253344,1,95,94,[[1]],[[inf]],[[2]],7,0,43,93,3
55,71,687,61,100,39,110,120,58,61,3,0.004288777698355968,0.00803294870485721,53,66,13,[[2]],[[2]],[[2]],10,6,12,41,28
56,0,616,1,100,99,6,42,1,35,34,0.0,0.014602266925354846,1,76,75,[[2]],[[inf]],[[3]],6,0,51,82,15
57,18,634,39,100,61,88,88,49,49,0,0.0019061234214915416,0.01157289220191293,40,67,27,[[2]],[[3]],[[3]],8,2,27,61,37
58,0,206,1,90,89,13,34,1,29,28,0.0,0.0008509479560230097,1,35,34,[[3]],[[inf]],[[4]],13,0,13,99,71
59,0,616,1,100,99,6,56,1,43,42,0.0,0.010755982164130842,1,70,69,[[2]],[[inf]],[[3]],6,0,56,85,19
60,8,214,36,94,58,14,14,34,34,0,0.0006126825283365669,0.004663194799006093,35,52,17,[[3]],[[4]],[[4]],3,2,60,63,47
61,70,276,62,97,35,64,64,67,67,0,0.005582218591510943,0.009428503352734947,52,64,12,[[3]],[[3]],[[3]],4,5,67,47,62
62,100,100,69,69,0,100,100,57,57,0,0.03594404166241193,0.0407433881343817,90,96,6,[[3]],[[1]],[[1]],8,12,57,37,34
63,129,335,86,100,14,48,48,72,72,0,0.017359338302869398,0.02290751897613942,84,85,1,[[3]],[[3]],[[3]],3,17,60,6,21
64,2,103,26,74,48,7,7,27,27,0,3.4037918240920386e-05,3.4037918240920386e-05,28,28,0,[[inf]],[[5]],[[5]],6,1,74,78,91
65,0,616,1,100,99,3,48,1,64,63,0.0,0.03454848701453419,1,95,94,[[2]],[[inf]],[[3]],3,0,66,79,2
66,0,1640,1,100,99,11,106,1,57,56,0.0,0.0158616699002689,1,76,75,[[1]],[[inf]],[[2]],11,0,5,84,20
67,1,617,22,100,78,6,42,1,34,33,0.0,0.007284114503556962,1,60,59,[[2]],[[inf]],[[3]],6,1,40,50,77
68,42,143,52,89,37,28,28,45,45,0,0.007454304094761564,0.007454304094761564,60,60,0,[[inf]],[[3]],[[3]],3,6,60,34,80
69,17,1657,38,100,62,78,130,39,61,22,0.00088498587426393,0.021920419347152727,37,85,48,[[1]],[[3]],[[2]],11,2,5,42,19
70,100,100,58,58,0,100,100,38,38,0,0.044453521222642026,0.04438544538616018,96,96,0,[[4]],[[1]],[[1]],16,30,9,7,4
71,16,118,44,83,39,34,34,47,47,0,0.0017018959120460194,0.002382654276864427,44,47,3,[[4]],[[3]],[[3]],4,1,78,53,71
72,60,161,63,88,25,54,54,60,60,0,0.005582218591510943,0.005582218591510943,60,60,0,[[inf]],[[3]],[[3]],4,5,78,47,40
73,395,601,98,100,2,192,192,93,93,0,0.03475271452397971,0.03526328329759352,93,93,0,[[3]],[[2]],[[2]],9,30,35,7,64
74,58,264,67,98,31,38,38,52,52,0,0.007658531604207087,0.01324075019571803,67,79,12,[[3]],[[3]],[[3]],3,8,66,44,24
75,0,101,1,75,74,14,14,1,1,0,0.0,0.0,1,1,0,[[inf]],[[inf]],[[inf]],14,0,8,67,69
76,46,662,54,100,46,182,186,69,69,0,0.002757071377514551,0.009734844616903231,48,64,16,[[2]],[[2]],[[2]],12,2,14,61,17
77,111,727,77,100,23,104,104,81,81,0,0.009734844616903231,0.024949794070594642,70,87,17,[[2]],[[2]],[[2]],5,7,61,21,15
78,144,350,83,98,15,70,70,56,56,0,0.014227849824704722,0.025868817863099493,78,88,10,[[3]],[[3]],[[3]],5,14,37,32,5
79,0,101,1,78,77,6,6,1,1,0,0.0,0.0,1,1,0,[[inf]],[[inf]],[[inf]],6,0,32,99,36
80,76,177,73,93,20,56,56,84,84,0,0.016168011164437182,0.016168011164437182,81,81,0,[[inf]],[[2]],[[2]],2,5,98,25,59
81,2,103,27,78,51,8,8,30,30,0,0.00013615167296368154,0.00013615167296368154,30,30,0,[[inf]],[[5]],[[5]],4,1,84,60,76
82,8,1648,35,100,65,28,66,34,48,14,0.0006807583648184077,0.021954457265393648,36,86,50,[[1]],[[4]],[[2]],6,2,32,63,75
83,100,100,61,61,0,100,100,43,43,0,0.032336022328874364,0.046529834235338165,92,99,7,[[1]],[[1]],[[1]],12,18,2,30,34
84,0,206,1,90,89,8,36,1,32,31,0.0,0.002110350930937064,1,46,45,[[3]],[[inf]],[[4]],8,0,39,82,70
85,189,395,89,98,9,128,128,92,92,0,0.020899281799925118,0.021818305592429966,83,84,1,[[3]],[[2]],[[2]],5,15,50,19,51
86,44,145,60,88,28,12,12,37,37,0,0.010313489226998877,0.010313489226998877,69,69,0,[[inf]],[[4]],[[4]],2,8,89,8,79
87,0,206,1,89,88,9,34,1,31,30,0.0,0.0040845501889104465,1,50,49,[[3]],[[inf]],[[4]],9,0,29,80,62
88,0,616,1,100,99,9,44,1,33,32,0.0,0.007998910786616291,1,61,60,[[2]],[[inf]],[[3]],9,0,29,81,8
89,104,1744,77,100,23,172,196,85,93,8,0.014261887742945642,0.03870111303992648,75,95,20,[[1]],[[2]],[[2]],9,6,23,34,30
90,100,100,78,78,0,100,100,98,98,0,0.08843051158991116,0.09173218965928044,99,99,0,[[3]],[[1]],[[1]],2,15,68,19,35
91,42,1682,50,100,50,124,158,63,75,12,0.0026549576227917903,0.021648116001225366,46,81,35,[[1]],[[2]],[[2]],10,2,12,61,32
92,91,193,64,90,26,100,100,66,66,0,0.0068075836481840775,0.007113924912352361,56,57,1,[[4]],[[2]],[[2]],6,6,51,28,63
93,100,100,67,67,0,100,100,55,55,0,0.03366350114027026,0.03543347288879812,91,93,2,[[3]],[[1]],[[1]],9,9,23,39,75
94,111,212,86,96,10,32,32,71,71,0,0.02209060893835733,0.02209060893835733,87,87,0,[[inf]],[[3]],[[3]],2,16,99,18,89
95,0,616,1,100,99,6,46,1,42,41,0.0,0.03077027808979203,1,91,90,[[2]],[[inf]],[[3]],6,0,69,99,2
96,20,636,48,100,52,30,44,44,49,5,0.0013615167296368155,0.010858095918853602,42,68,26,[[2]],[[3]],[[3]],4,3,84,43,34
97,10,216,41,95,54,12,12,37,37,0,0.001055175465468532,0.002382654276864427,40,45,5,[[3]],[[4]],[[4]],2,3,89,43,61
98,4,106,31,81,50,6,6,30,30,0,0.00037441710065012424,0.002280540522141666,34,45,11,[[4]],[[5]],[[5]],3,2,81,63,54
99,0,616,1,100,99,8,78,1,46,45,0.0,0.01575955614554614,1,79,78,[[2]],[[inf]],[[3]],8,0,57,36,18
