,FreeNet_pre_score,FreeNet_post_score,FreeNet_pre_rank,FreeNet_post_rank,FreeNet_delta_ranks,Reversed_pre_score,Reversed_post_score,Reversed_pre_rank,Reversed_post_rank,Reversed_delta_ranks,Independent_pre_score,Independent_post_score,Independent_pre_rank,Independent_post_rank,Independent_delta_ranks,Random_pre_score,Random_post_score,Random_pre_rank,Random_post_rank,Random_delta_ranks,dist_victim_relayer,dist_victim_vilain_pre,dist_victim_vilain_post,out_deg_victim,in_deg_villain,victim,villain,relayer
0,100,100,69,69,0,84,84,46,46,0,84,84,64,64,0,0.01065386840940808,0.01065386840940808,68,68,0,-1,3,3,9,14,26,32,45
1,2,208,28,94,66,5,14,28,31,3,2,14,28,40,12,6.807583648184077e-05,0.002552843868069029,30,46,16,3,5,4,3,1,96,65,22
2,0,616,1,100,99,0,46,1,39,38,0,46,1,56,55,0.0,0.009870996289866912,1,69,68,2,-1,3,6,0,44,84,39
3,12,218,32,93,61,20,24,30,35,5,12,24,32,42,10,0.001157289220191293,0.013887470642295518,36,75,39,3,4,4,4,3,67,51,6
4,18,18,45,45,0,14,14,34,34,0,18,18,45,45,0,0.0011913271384322134,0.0011913271384322134,41,41,0,-1,4,4,3,4,60,64,40
5,34,650,48,100,52,74,88,46,46,0,34,88,48,66,18,0.004322815616596889,0.011811157629599374,53,71,18,2,3,3,8,6,39,73,21
6,111,317,80,95,15,182,182,70,70,0,111,126,80,82,2,0.007760645358929848,0.009973110044589673,62,67,5,3,2,2,13,8,13,44,41
7,46,662,52,100,48,104,124,61,63,2,46,124,52,79,27,0.0036760951700194017,0.024337111542258077,49,88,39,2,2,2,10,2,22,75,11
8,2,208,28,89,61,15,44,29,35,6,2,16,28,38,10,6.807583648184077e-05,0.0022465026039007454,31,46,15,3,5,4,8,1,57,55,70
9,0,616,1,100,99,0,44,1,48,47,0,44,1,53,52,0.0,0.011402702610708328,1,73,72,2,-1,3,4,0,53,59,17
10,130,746,83,100,17,88,88,76,76,0,88,88,79,79,0,0.011709043874876613,0.03631845876306205,74,94,20,2,2,2,4,13,47,24,11
11,100,716,80,100,20,32,32,64,64,0,32,32,64,64,0,0.017087034956942034,0.02750263793866367,80,89,9,2,3,3,2,18,89,30,77
12,0,102,1,76,75,0,19,1,28,27,0,4,1,29,28,0.0,0.00017018959120460194,1,29,28,4,-1,5,11,0,38,98,63
13,422,522,99,100,1,144,144,91,91,0,144,144,92,92,0,0.047993464719697745,0.048504033493311546,99,99,0,4,2,2,6,36,51,2,42
14,100,100,60,60,0,100,100,50,50,0,100,100,60,60,0,0.06855236733721366,0.06855236733721366,100,100,0,-1,1,1,9,36,28,2,82
15,362,568,97,100,3,224,224,97,97,0,224,224,97,97,0,0.037509785901494265,0.041083767316790906,93,96,3,3,2,2,8,27,57,10,26
16,100,100,76,76,0,100,100,91,91,0,100,100,91,91,0,0.07471323053882024,0.0848224922563736,100,100,0,2,1,1,4,29,77,11,39
17,218,1858,90,100,10,256,290,85,88,3,218,264,90,91,1,0.010892133837094524,0.020558902617515914,70,81,11,1,2,2,14,13,16,24,52
18,188,394,85,97,12,132,132,72,72,0,132,132,79,79,0,0.012968446849790666,0.014670342761836687,71,73,2,3,2,2,8,14,27,32,94
19,100,100,59,59,0,100,100,40,40,0,100,100,59,59,0,0.01501072194424589,0.01501072194424589,76,76,0,-1,1,1,15,4,7,72,76
20,0,616,1,100,99,0,40,1,29,28,0,16,1,31,30,0.0,0.0016678579938050988,1,39,38,2,-1,3,14,0,17,66,71
21,22,638,43,100,57,68,108,41,65,24,22,108,43,77,34,0.0017359338302869397,0.018380475850097007,44,81,37,2,3,3,8,2,30,52,15
22,126,326,82,95,13,94,94,68,68,0,94,94,71,71,0,0.017223186629905716,0.020150447598624867,80,82,2,3,2,2,5,12,50,37,72
23,0,206,1,93,92,0,8,1,31,30,0,6,1,31,30,0.0,0.0018380475850097008,1,45,44,3,-1,4,2,0,68,66,46
24,0,616,1,100,99,0,60,1,37,36,0,46,1,54,53,0.0,0.003608019333537561,1,50,49,2,-1,3,9,0,28,96,13
25,24,124,50,88,38,22,22,47,47,0,22,22,52,52,0,0.0017359338302869397,0.0018720855032506212,42,43,1,4,3,3,2,4,89,64,4
26,0,206,1,87,86,0,37,1,32,31,0,12,1,32,31,0.0,0.0006467204465774873,1,35,34,3,-1,4,15,1,7,45,63
27,206,412,91,96,5,256,256,90,90,0,256,256,94,94,0,0.01865277919602437,0.024507301133462677,79,83,4,3,2,2,13,18,13,5,34
28,98,714,70,100,30,60,80,49,59,10,60,80,57,64,7,0.012253650566731339,0.027843017121072875,76,90,14,2,3,3,5,8,50,8,6
29,40,656,48,99,51,146,166,64,66,2,40,112,48,74,26,0.004595118962524252,0.013513053541645392,55,73,18,2,2,2,12,1,6,90,20
30,0,206,1,92,91,0,18,1,35,34,0,18,1,44,43,0.0,0.006977773239388679,1,64,63,3,-1,4,3,0,82,87,24
31,134,340,79,96,17,80,80,53,53,0,80,80,60,60,0,0.010279451308757957,0.010449640899962559,70,70,0,3,3,3,5,9,52,31,49
32,124,330,78,98,20,260,260,77,77,0,124,132,78,79,1,0.010245413390517035,0.01055175465468532,67,67,0,3,2,2,17,6,20,34,56
33,80,680,63,100,37,114,114,67,67,0,80,114,63,79,16,0.0057524081827155455,0.013649205214609075,57,74,17,2,3,3,9,5,23,47,20
34,59,265,60,95,35,68,68,74,74,0,59,68,66,75,9,0.010279451308757957,0.018312400013615168,69,84,15,3,2,2,4,6,77,73,20
35,340,546,100,100,0,120,120,100,100,0,120,120,100,100,0,0.055209503386772864,0.05721774056298717,97,98,1,3,2,2,3,40,81,3,35
36,0,616,1,100,99,0,86,1,45,44,0,60,1,56,55,0.0,0.007454304094761564,1,61,60,2,-1,3,10,0,11,89,48
37,100,100,67,67,0,100,100,74,74,0,100,100,75,75,0,0.08019333537560842,0.08968991456482521,100,100,0,2,1,1,5,40,63,3,6
38,0,206,1,94,93,0,18,1,37,36,0,18,1,46,45,0.0,0.019163347969638176,1,82,81,3,-1,4,3,0,81,97,11
39,80,286,59,95,36,128,128,72,72,0,80,88,59,60,1,0.009088124170325743,0.009734844616903231,69,70,1,3,2,2,9,6,35,34,74
40,362,978,98,100,2,280,280,98,98,0,280,280,98,98,0,0.025188059498281085,0.030702202253310187,87,89,2,2,2,2,10,19,0,15,24
41,32,238,43,93,50,84,84,42,42,0,32,56,43,54,11,0.0030293747234419145,0.007862759113652609,48,60,12,3,3,3,9,2,29,83,34
42,100,100,67,67,0,100,100,74,74,0,100,100,75,75,0,0.062357466217366146,0.062357466217366146,98,98,0,-1,1,1,5,29,63,0,80
43,100,100,61,61,0,100,100,40,40,0,100,100,61,61,0,0.023281936076789543,0.03094046768099663,87,90,3,2,1,1,14,7,8,21,77
44,231,847,92,100,8,206,206,91,91,0,206,206,93,93,0,0.018244324177133328,0.029817216379046257,80,91,11,2,2,2,9,15,28,19,39
45,16,118,47,87,40,32,32,67,67,0,16,32,53,67,14,0.0051397256543789785,0.006671431975220395,56,62,6,4,3,3,2,1,97,90,70
46,6,212,32,92,60,36,36,36,36,0,6,12,32,35,3,0.0009870996289866913,0.0030293747234419145,37,50,13,3,4,4,6,1,44,71,46
47,0,206,1,94,93,0,24,1,33,32,0,14,1,38,37,0.0,0.002212464685659825,1,48,47,3,-1,4,6,1,32,50,70
48,95,197,68,89,21,76,76,55,55,0,76,76,60,60,0,0.014398039415909322,0.014670342761836687,75,75,0,4,3,3,6,12,71,37,56
49,2,2,27,27,0,4,4,27,27,0,2,2,27,27,0,0.0,0.0,1,1,0,-1,5,5,3,1,58,78,96
50,120,222,88,98,10,56,56,93,93,0,56,56,93,93,0,0.02188638142891181,0.023418087749753225,87,88,1,4,2,2,2,12,99,37,46
51,0,616,1,100,99,0,54,1,54,53,0,54,1,58,57,0.0,0.03168930188229688,1,90,89,2,-1,3,4,0,84,89,2
52,22,22,44,44,0,46,46,43,43,0,22,22,44,44,0,0.003437829742332959,0.003437829742332959,49,49,0,-1,3,3,6,3,69,29,92
53,66,168,59,87,28,54,54,55,55,0,54,54,58,58,0,0.005718370264474625,0.005786446100956465,57,57,0,4,3,3,4,6,53,28,65
54,26,642,49,100,51,78,88,47,48,1,26,88,49,63,14,0.004765308553728854,0.011300588855985567,53,72,19,2,3,3,8,6,30,73,21
55,142,348,83,95,12,228,228,79,79,0,142,154,83,83,0,0.013819394805813677,0.014772456516559448,71,71,0,3,2,2,14,9,25,39,74
56,110,316,83,98,15,48,48,67,67,0,48,48,70,70,0,0.018108172504169646,0.020729092208720514,81,88,7,3,3,3,3,18,96,30,29
57,74,690,68,100,32,72,72,79,79,0,72,72,80,80,0,0.008373327887266415,0.014534191088873005,66,80,14,2,2,2,3,6,75,26,21
58,44,250,61,97,36,28,28,46,46,0,28,28,53,53,0,0.005888559855679227,0.017801831240001363,61,79,18,3,3,3,3,4,81,72,18
59,51,51,57,57,0,38,38,46,46,0,38,38,51,51,0,0.005480104836788182,0.005480104836788182,55,55,0,-1,3,3,3,6,96,35,87
60,0,616,1,100,99,0,46,1,41,40,0,46,1,53,52,0.0,0.012185574730249497,1,74,73,2,-1,3,6,0,48,87,37
61,100,100,69,69,0,100,100,70,70,0,100,100,72,72,0,0.07273903128084687,0.08043160080329487,100,100,0,2,1,1,6,36,65,2,27
62,70,70,59,59,0,118,118,66,66,0,70,70,59,59,0,0.0063650907110521125,0.0063650907110521125,60,60,0,-1,3,3,8,6,30,26,96
63,277,378,96,99,3,192,192,99,99,0,192,192,99,99,0,0.03226794649239253,0.032540249838319886,92,92,0,5,2,2,6,15,65,16,88
64,115,217,77,92,15,96,96,60,60,0,96,96,69,69,0,0.01681473161101467,0.017801831240001363,81,81,0,4,3,3,6,12,44,37,51
65,56,672,52,100,48,132,142,70,71,1,56,142,52,82,30,0.005684332346233704,0.03550154872527996,57,91,34,2,2,2,8,3,42,29,3
66,16,16,50,50,0,22,22,52,52,0,16,16,51,51,0,0.0031314884781646754,0.0031314884781646754,53,53,0,-1,3,3,2,3,86,46,80
67,6,622,32,100,68,8,22,32,41,9,6,22,32,45,13,0.00030634126416828345,0.021239660982334322,33,87,54,2,4,3,2,1,68,4,0
68,0,616,1,99,98,0,72,1,39,38,0,72,1,56,55,0.0,0.009326389598012186,1,64,63,2,-1,3,11,0,19,67,32
69,40,656,46,100,54,174,184,71,71,0,40,66,46,54,8,0.0025188059498281084,0.006262976956329351,47,58,11,2,2,2,14,1,17,53,73
70,0,102,1,73,72,0,19,1,28,27,0,4,1,26,25,0.0,0.0002723033459273631,1,30,29,4,-1,5,12,0,2,67,63
71,6,6,27,27,0,28,28,30,30,0,6,6,27,27,0,0.00030634126416828345,0.00030634126416828345,31,31,0,-1,4,4,12,1,2,88,36
72,56,262,59,96,37,122,122,76,76,0,56,76,59,64,5,0.006126825283365669,0.009905034208107831,60,69,9,3,2,2,8,3,39,29,26
73,22,228,51,92,41,28,28,46,46,0,22,28,51,53,2,0.0021784267674189047,0.004288777698355968,47,54,7,3,3,3,3,2,87,52,90
74,100,100,73,73,0,100,100,94,94,0,100,100,94,94,0,0.0851628714387828,0.0851628714387828,100,100,0,-1,1,1,4,40,67,3,86
75,100,100,67,67,0,100,100,70,70,0,100,100,71,71,0,0.07345382756390618,0.09363831308077197,100,100,0,2,1,1,6,36,74,2,10
76,6,1646,29,100,71,49,150,33,64,31,6,150,29,83,54,0.00037441710065012424,0.029374723441914292,34,92,58,1,4,2,11,1,5,88,7
77,194,400,93,100,7,112,112,96,96,0,112,112,96,96,0,0.026175159127267776,0.029476837196637053,87,89,2,3,2,2,4,16,72,12,22
78,239,445,96,100,4,72,72,77,77,0,72,72,79,79,0,0.032336022328874364,0.04431736954967834,93,95,2,3,2,2,3,29,96,0,30
79,32,238,43,93,50,84,84,42,42,0,32,38,43,45,2,0.0030293747234419145,0.003642057251778481,48,49,1,3,3,3,9,2,29,83,78
80,94,694,64,100,36,118,118,72,72,0,94,100,64,66,2,0.00707988699411144,0.00976888253514415,64,68,4,2,2,2,9,6,23,26,29
81,160,776,87,100,13,220,220,85,85,0,160,184,87,87,0,0.013479015623404473,0.01589570781850982,75,77,2,2,2,2,12,8,3,20,70
82,112,318,86,100,14,32,32,70,70,0,32,32,70,70,0,0.019707954661492902,0.026992069165049867,84,89,5,3,3,3,2,18,95,30,33
83,88,88,67,67,0,158,158,83,83,0,88,88,67,67,0,0.008407365805507334,0.008407365805507334,67,67,0,-1,2,2,9,7,31,62,50
84,24,230,42,90,48,116,116,55,55,0,24,42,42,49,7,0.0020763130126961434,0.004595118962524252,44,54,10,3,3,3,14,3,17,54,70
85,0,206,1,90,89,0,78,1,36,35,0,42,1,50,49,0.0,0.008169100377820893,1,64,63,3,-1,4,13,1,13,69,20
86,16,1656,33,100,67,86,184,36,70,34,16,184,33,86,53,0.0009530617107457708,0.030497974743864665,37,91,54,1,3,2,15,2,7,42,10
87,6,108,31,84,53,7,8,31,32,1,6,8,31,37,6,0.0006807583648184077,0.0026209197045508697,36,46,10,4,4,4,2,2,99,42,83
88,231,437,93,97,4,200,200,94,94,0,200,200,94,94,0,0.019197385887879097,0.02474556656114912,82,85,3,3,2,2,8,15,15,19,44
89,320,520,100,100,0,80,80,96,96,0,80,80,96,96,0,0.05762619558187821,0.06426358963885768,98,98,0,3,2,2,2,36,98,2,34
90,0,1640,1,100,99,0,82,1,47,46,0,58,1,54,53,0.0,0.01678069369277375,1,81,80,1,-1,2,8,0,15,79,38
91,6,212,29,90,61,26,44,30,34,4,6,20,29,39,10,0.0002042275094455223,0.0042547397801150485,31,54,23,3,4,4,10,1,11,60,73
92,1,617,26,100,74,4,34,26,42,16,1,34,26,51,25,3.4037918240920386e-05,0.01317267435923619,27,77,50,2,6,3,4,1,83,78,6
93,295,895,98,100,2,88,88,71,71,0,88,88,71,71,0,0.03284659110248817,0.03778208924742163,95,96,1,2,2,2,4,29,53,11,29
94,119,325,86,99,13,64,64,68,68,0,64,64,71,71,0,0.020933319718166036,0.02818339630348208,83,89,6,3,3,3,4,16,72,18,32
95,2,104,27,83,56,6,6,29,29,0,2,5,27,30,3,0.0002042275094455223,0.0010211375472276116,31,38,7,4,5,5,3,1,85,65,61
96,100,100,69,69,0,100,100,71,71,0,100,100,72,72,0,0.034310221586847746,0.038939378467612924,95,97,2,3,1,1,6,9,56,31,35
97,2,618,26,100,74,9,64,26,39,13,2,64,26,57,31,6.807583648184077e-05,0.009258313761530345,28,64,36,2,5,3,8,1,15,78,32
98,0,206,1,89,88,0,26,1,35,34,0,13,1,35,34,0.0,0.001157289220191293,1,39,38,3,-1,4,5,0,61,92,64
99,130,231,85,97,12,72,72,85,85,0,72,72,85,85,0,0.020456788862793153,0.020456788862793153,82,82,0,5,2,2,3,18,94,30,68
100,56,262,59,94,35,48,48,54,54,0,48,48,56,56,0,0.00980292045338507,0.01923142380612002,68,83,15,3,3,3,3,5,87,25,33
101,67,683,58,100,42,88,98,49,52,3,67,98,58,68,10,0.005377991082065421,0.01317267435923619,57,76,19,2,3,3,8,6,30,35,25
102,74,690,60,100,40,100,110,66,76,10,74,110,60,80,20,0.006671431975220395,0.01501072194424589,59,80,21,2,2,2,6,6,44,26,57
103,2,208,28,89,61,15,28,29,33,4,2,8,28,35,7,6.807583648184077e-05,0.0019741992579733825,31,44,13,3,5,4,8,1,57,55,46
104,144,350,82,95,13,224,224,88,88,0,144,152,82,84,2,0.010075223799312433,0.010483678818203479,70,70,0,3,2,2,11,7,33,21,63
105,0,206,1,94,93,0,14,1,31,30,0,8,1,34,33,0.0,0.0010892133837094523,1,39,38,3,-1,4,3,0,96,67,43
106,324,324,98,98,0,96,96,89,89,0,96,96,89,89,0,0.03699921712788046,0.03699921712788046,94,94,0,-1,2,2,3,29,64,1,45
107,104,104,76,76,0,110,110,77,77,0,110,110,81,81,0,0.012287688484972258,0.012287688484972258,70,70,0,-1,2,2,6,9,74,31,89
108,80,286,61,94,33,104,104,73,73,0,80,92,62,66,4,0.008951972497362062,0.011198475101262807,69,71,2,3,2,2,6,2,41,75,29
109,42,658,59,100,41,46,46,81,81,0,42,46,81,81,0,0.012968446849790666,0.044453521222642026,77,96,19,2,2,2,2,2,90,75,10
110,29,645,52,100,48,28,38,46,56,10,28,38,51,59,8,0.003642057251778481,0.01773375540351952,51,82,31,2,3,3,3,4,85,22,5
111,12,12,32,32,0,20,20,30,30,0,12,12,32,32,0,0.0009190237925048504,0.0009190237925048504,35,35,0,-1,4,4,4,2,67,74,45
112,16,16,33,33,0,84,84,48,48,0,16,16,33,33,0,0.004050512270669526,0.004050512270669526,52,52,0,-1,3,3,9,1,31,90,66
113,207,308,92,94,2,144,144,88,88,0,144,144,88,88,0,0.019912182170938427,0.020014295925661188,82,82,0,5,2,2,6,15,44,19,55
114,54,54,58,58,0,76,76,54,54,0,54,54,58,58,0,0.006841621566424997,0.006841621566424997,61,61,0,-1,3,3,6,7,32,62,98
115,16,222,41,95,54,22,22,42,42,0,16,22,41,44,3,0.0026209197045508697,0.012594029749140543,48,75,27,3,3,3,2,3,91,46,30
116,28,129,49,80,31,72,72,49,49,0,28,29,49,49,0,0.0012253650566731338,0.0013955546478777359,40,40,0,5,3,3,7,4,62,64,55
117,116,732,79,100,21,114,124,67,71,4,114,124,79,80,1,0.00891793457912114,0.013989584397018279,68,75,7,2,3,3,9,13,35,24,47
118,13,13,42,42,0,24,24,37,37,0,13,13,42,42,0,0.0012594029749140542,0.0012594029749140542,40,40,0,-1,4,4,4,4,77,64,80
119,0,0,1,1,0,0,0,1,1,0,0,0,1,1,0,0.0,0.0,1,1,0,-1,-1,-1,6,0,44,93,80
120,6,622,32,100,68,18,28,36,41,5,6,28,32,50,18,0.0018040096667687805,0.020558902617515914,45,85,40,2,4,3,3,1,64,53,9
121,132,132,86,86,0,32,32,63,63,0,32,32,64,64,0,0.018959120460192654,0.018959120460192654,84,84,0,-1,3,3,2,18,86,30,76
122,6,622,33,100,67,12,22,35,51,16,6,22,33,53,20,0.0008169100377820892,0.013547091459886314,38,76,38,2,4,3,2,1,86,71,19
123,270,870,95,100,5,104,104,85,85,0,104,104,86,86,0,0.03066816433506927,0.03805439259334899,89,94,5,2,2,2,5,22,37,9,25
124,22,22,42,42,0,50,50,36,36,0,22,22,42,42,0,0.0013955546478777359,0.0013955546478777359,38,38,0,-1,3,3,8,3,27,51,91
125,80,280,73,100,27,32,32,64,64,0,32,32,64,64,0,0.01232172640321318,0.01327478811395895,72,75,3,3,3,3,2,14,89,14,52
126,0,1640,1,100,99,0,64,1,40,39,0,42,1,49,48,0.0,0.01320671227747711,1,75,74,1,-1,2,9,0,31,96,75
127,0,616,1,100,99,0,50,1,35,34,0,34,1,45,44,0.0,0.0053439531638245,1,55,54,2,-1,3,8,0,27,66,62
128,40,141,59,89,30,22,22,49,49,0,22,22,50,50,0,0.004969536063174376,0.005105687736138058,55,55,0,5,3,3,2,5,93,47,60
129,0,102,1,71,70,0,8,1,25,24,0,2,1,25,24,0.0,0.0,1,1,0,4,-1,5,7,0,24,59,95
130,0,101,1,73,72,0,12,1,25,24,0,1,1,25,24,0.0,3.4037918240920386e-05,1,27,26,5,-1,6,12,1,6,50,78
131,0,616,1,100,99,0,106,1,56,55,0,58,1,51,50,0.0,0.006331052792811192,1,58,57,2,-1,3,15,0,7,96,48
132,0,206,1,92,91,0,17,1,31,30,0,8,1,33,32,0.0,0.0009530617107457708,1,38,37,3,-1,4,7,0,46,67,74
133,44,244,59,96,37,48,48,59,59,0,48,48,63,63,0,0.005990673610401988,0.01334286395044079,57,78,21,3,3,3,3,7,75,62,19
134,10,216,36,93,57,28,28,36,36,0,10,16,36,38,2,0.001157289220191293,0.0014636304843595766,41,42,1,3,4,4,6,3,69,43,4
135,88,1728,73,100,27,60,104,52,85,33,60,104,62,85,23,0.011334626774226489,0.060723646141801965,75,98,23,1,3,2,5,8,45,8,3
136,100,100,68,68,0,100,100,57,57,0,100,100,68,68,0,0.0545968208584363,0.058443105619660304,97,98,1,3,1,1,8,29,39,1,57
137,235,441,94,100,6,112,112,93,93,0,112,112,93,93,0,0.028864154668300487,0.03386772864971578,90,92,2,3,2,2,4,15,47,16,34
138,134,134,81,81,0,110,110,78,78,0,110,110,82,82,0,0.011368664692467409,0.011368664692467409,69,69,0,-1,2,2,6,13,51,24,40
139,263,1903,95,100,5,64,88,70,79,9,64,88,70,79,9,0.030702202253310187,0.056264678852241394,89,99,10,1,3,2,4,29,84,1,70
140,88,88,68,68,0,88,88,77,77,0,88,88,77,77,0,0.009632730862180468,0.009632730862180468,69,69,0,-1,2,2,4,7,79,62,69
141,114,714,80,100,20,80,80,71,71,0,80,80,72,72,0,0.011947309302563056,0.021511964328261683,71,84,13,2,3,3,5,9,49,27,39
142,126,726,83,100,17,270,270,83,83,0,126,155,83,85,2,0.013513053541645392,0.017359338302869398,76,79,3,2,2,2,16,8,4,20,28
143,6,622,28,100,72,18,64,28,39,11,6,64,28,55,27,0.00034037918240920387,0.009734844616903231,30,64,34,2,4,3,8,1,27,55,17
144,94,94,80,80,0,32,32,63,63,0,32,32,65,65,0,0.01232172640321318,0.01232172640321318,76,76,0,-1,3,3,2,14,98,14,92
145,40,40,46,46,0,158,158,68,68,0,40,40,46,46,0,0.003880322679464924,0.003880322679464924,51,51,0,-1,2,2,14,3,17,46,86
146,16,16,43,43,0,54,54,62,62,0,16,16,43,43,0,0.005446066918547262,0.005446066918547262,59,59,0,-1,3,3,4,1,72,90,81
147,234,850,93,100,7,156,176,87,89,2,156,176,89,90,1,0.022499063957248374,0.04183260151809115,85,96,11,2,2,2,8,16,21,12,11
148,75,1715,60,100,40,118,162,75,84,9,75,162,60,87,27,0.007386228258279724,0.04605330337996528,60,96,36,1,2,2,9,6,26,35,3
149,76,1716,58,100,42,126,180,63,75,12,76,180,58,87,29,0.007794683277170768,0.04132203274447735,63,95,32,1,3,2,11,6,33,34,1
150,0,616,1,100,99,0,70,1,39,38,0,32,1,43,42,0.0,0.005922597773920147,1,54,53,2,-1,3,10,0,0,40,25
151,22,22,41,41,0,60,60,35,35,0,22,22,41,41,0,0.0013274788113958951,0.0013274788113958951,39,39,0,-1,3,3,11,3,5,51,92
152,22,638,41,100,59,66,76,50,53,3,22,76,41,65,24,0.002723033459273631,0.01232172640321318,45,71,26,2,3,3,6,2,56,52,33
153,66,168,59,87,28,80,80,61,61,0,66,80,61,66,5,0.00881582082439838,0.009088124170325743,65,65,0,4,2,2,6,6,56,34,55
154,2,618,27,99,72,13,78,27,36,9,2,31,27,45,18,6.807583648184077e-05,0.0034037918240920387,26,52,26,2,5,3,12,1,14,68,22
155,33,33,55,55,0,28,28,46,46,0,28,28,53,53,0,0.003880322679464924,0.003880322679464924,53,53,0,-1,3,3,3,6,81,35,79
156,120,1760,78,100,22,228,262,75,83,8,120,217,78,89,11,0.007318152421797883,0.025392287007726607,58,87,29,1,2,2,14,6,16,13,39
157,6,108,33,84,51,12,12,37,37,0,6,8,33,37,4,0.0007488342013002485,0.0009530617107457708,38,38,0,4,4,4,2,2,89,42,49
158,0,0,1,1,0,0,0,1,1,0,0,0,1,1,0,0.0,0.0,1,1,0,-1,-1,-1,3,0,55,97,69
159,0,616,1,100,99,0,36,1,37,36,0,22,1,42,41,0.0,0.004288777698355968,1,53,52,2,-1,3,5,0,52,66,29
160,67,273,60,95,35,46,46,43,43,0,46,46,52,52,0,0.006297014874570271,0.00789679703189353,58,62,4,3,3,3,6,8,65,57,52
161,226,432,94,100,6,72,72,77,77,0,72,72,77,77,0,0.03311889444841554,0.04084550188910446,93,95,2,3,2,2,3,27,64,10,14
162,78,179,60,87,27,90,90,67,67,0,78,79,65,65,0,0.008135062459579971,0.008305252050784574,60,61,1,5,2,2,6,4,71,38,55
163,6,1646,29,100,71,26,126,29,62,33,6,126,29,78,49,0.00017018959120460194,0.029578950951359814,30,90,60,1,4,2,12,1,6,55,11
164,0,0,1,1,0,0,0,1,1,0,0,0,1,1,0,0.0,0.0,1,1,0,-1,-1,-1,12,0,3,85,40
165,78,284,63,94,31,106,106,71,71,0,78,106,63,75,12,0.009598692943939549,0.017155110793423873,68,80,12,3,2,2,7,4,43,38,14
166,38,1678,48,100,52,184,208,67,70,3,38,91,48,57,9,0.004152626025392287,0.01320671227747711,52,72,20,1,3,2,14,6,16,70,22
167,60,676,57,100,43,100,124,55,75,20,60,124,57,80,23,0.0088498587426393,0.024064808196330712,65,88,23,2,3,3,9,9,26,31,37
168,12,218,35,89,54,46,50,35,35,0,12,50,35,55,20,0.0004765308553728854,0.006262976956329351,37,59,22,3,4,4,9,2,28,63,24
169,119,119,86,86,0,64,64,68,68,0,64,64,71,71,0,0.020933319718166036,0.020933319718166036,83,83,0,-1,3,3,4,16,72,18,86
170,108,314,85,100,15,56,56,93,93,0,56,56,93,93,0,0.021954457265393648,0.030395860989141904,88,94,6,3,2,2,2,9,99,39,19
171,8,110,38,84,46,12,12,35,35,0,8,12,38,41,3,0.002723033459273631,0.004935498144933456,48,58,10,4,4,4,2,2,98,83,41
172,8,624,37,100,63,18,48,35,59,24,8,48,37,62,25,0.0008509479560230097,0.03805439259334899,36,94,58,2,4,3,3,2,58,74,2
173,0,1640,1,100,99,0,110,1,57,56,0,110,1,77,76,0.0,0.018754892950747133,1,81,80,1,-1,2,11,0,33,66,5
174,6,6,29,29,0,32,32,33,33,0,6,6,29,29,0,0.0002382654276864427,0.0002382654276864427,32,32,0,-1,4,4,8,1,30,88,99
175,0,616,1,100,99,0,24,1,42,41,0,24,1,50,49,0.0,0.009734844616903231,1,69,68,2,-1,3,3,1,55,45,33
176,0,206,1,91,90,0,11,1,29,28,0,6,1,29,28,0.0,0.0002723033459273631,1,32,31,3,-1,4,4,0,83,97,4
177,160,366,87,96,9,220,220,85,85,0,160,168,87,87,0,0.013479015623404473,0.015214949453691413,75,77,2,3,2,2,12,8,3,20,75
178,100,100,61,61,0,100,100,40,40,0,100,100,61,61,0,0.03652268627250757,0.03652268627250757,94,94,0,-1,1,1,14,19,8,15,86
179,22,638,39,100,61,90,100,39,39,0,22,39,39,43,4,0.0012253650566731338,0.0022465026039007454,40,45,5,2,3,3,14,2,8,74,56
180,178,384,93,100,7,32,32,58,58,0,32,32,59,59,0,0.020831205963443275,0.031451036454610434,86,91,5,3,3,3,2,19,68,15,39
181,32,134,53,89,36,22,22,48,48,0,32,22,70,51,-19,0.004663194799006093,0.006535280302256714,55,59,4,4,3,3,2,3,95,29,70
182,6,212,32,91,59,12,20,32,33,1,6,20,32,47,15,0.0002723033459273631,0.0053439531638245,34,55,21,3,4,4,4,1,84,4,48
183,0,0,1,1,0,0,0,1,1,0,0,0,1,1,0,0.0,0.0,1,1,0,-1,-1,-1,9,0,29,96,40
184,0,102,1,76,75,0,13,1,26,25,0,2,1,24,23,0.0,0.00017018959120460194,1,28,27,4,-1,5,10,0,36,79,4
185,0,616,1,100,99,0,34,1,35,34,0,32,1,43,42,0.0,0.0045270431260424114,1,51,50,2,-1,3,6,0,71,98,47
186,210,826,91,100,9,104,104,82,82,0,104,104,83,83,0,0.021239660982334322,0.026175159127267776,84,90,6,2,2,2,5,16,50,12,21
187,18,224,44,92,48,46,46,40,40,0,18,46,44,56,12,0.0005786446100956465,0.006467204465774873,35,59,24,3,3,3,6,2,44,56,34
188,0,206,1,86,85,0,31,1,29,28,0,6,1,26,25,0.0,0.0015317063208414173,1,42,41,3,-1,4,14,0,25,89,94
189,0,0,1,1,0,0,0,1,1,0,0,0,1,1,0,0.0,0.0,1,1,0,-1,-1,-1,6,0,51,89,79
190,106,306,76,93,17,142,142,78,78,0,106,112,76,77,1,0.009394465434494027,0.009973110044589673,64,65,1,3,2,2,8,7,27,48,74
191,86,286,66,95,29,96,96,61,61,0,86,96,65,68,3,0.009360427516253106,0.009530617107457708,67,67,0,3,3,3,6,6,48,34,63
192,56,262,56,91,35,150,150,70,70,0,56,65,56,58,2,0.0053439531638245,0.006331052792811192,59,61,2,3,2,2,11,3,38,29,64
193,56,262,52,94,42,76,76,54,54,0,56,76,52,65,13,0.004595118962524252,0.009394465434494027,50,67,17,3,2,2,6,2,56,74,38
194,146,762,90,100,10,80,80,94,94,0,80,80,94,94,0,0.02573266619013581,0.030702202253310187,89,93,4,2,2,2,2,13,91,33,53
195,54,54,58,58,0,98,98,52,52,0,54,54,58,58,0,0.006773545729943157,0.006773545729943157,64,64,0,-1,3,3,8,4,39,38,45
196,0,616,1,100,99,0,66,1,41,40,0,66,1,56,55,0.0,0.012253650566731339,1,73,72,2,-1,3,9,0,35,84,30
197,8,214,34,93,59,14,18,32,35,3,8,18,34,44,10,0.0005446066918547262,0.00527587732734266,35,56,21,3,4,4,3,2,82,63,62
198,47,47,56,56,0,66,66,54,54,0,47,47,56,56,0,0.005820484019197386,0.005820484019197386,54,54,0,-1,3,3,6,6,69,35,80
199,6,622,30,100,70,16,46,31,38,7,6,46,30,52,22,0.00017018959120460194,0.01746145205759216,31,79,48,2,4,3,6,1,41,65,9
200,76,76,63,63,0,70,70,63,63,0,70,70,66,66,0,0.006399128629293032,0.006399128629293032,61,61,0,-1,3,3,5,6,49,13,91
201,29,29,47,47,0,46,46,42,42,0,29,29,47,47,0,0.0036760951700194017,0.0036760951700194017,49,49,0,-1,3,3,6,6,48,73,50
202,0,0,1,1,0,0,0,1,1,0,0,0,1,1,0,0.0,0.0,1,1,0,-1,-1,-1,5,0,49,96,40
203,0,0,1,1,0,0,0,1,1,0,0,0,1,1,0,0.0,0.0,1,1,0,-1,-1,-1,17,1,20,69,66
204,16,16,32,32,0,70,70,40,40,0,16,16,32,32,0,0.001497668402600497,0.001497668402600497,39,39,0,-1,3,3,9,1,29,71,40
205,122,122,85,85,0,72,72,84,84,0,72,72,84,84,0,0.018925082541951733,0.018925082541951733,81,81,0,-1,2,2,3,15,81,19,84
206,174,275,84,94,10,184,184,79,79,0,184,184,87,87,0,0.014432077334150244,0.014432077334150244,74,74,0,6,2,2,10,15,12,19,78
207,2,618,26,100,74,6,50,26,48,22,2,50,26,54,28,6.807583648184077e-05,0.026379386636713298,27,86,59,2,5,3,5,2,61,58,3
208,10,626,41,100,59,18,28,40,43,3,10,28,41,50,9,0.001157289220191293,0.012559991830899623,40,73,33,2,4,3,3,3,92,43,44
209,63,164,54,86,32,86,86,49,49,0,63,64,54,55,1,0.007216038667075122,0.007216038667075122,56,56,0,5,2,2,7,6,46,73,58
210,121,737,87,100,13,32,32,63,63,0,32,32,65,65,0,0.021511964328261683,0.04687021341774737,86,97,11,2,3,3,2,16,98,18,1
211,2,208,26,90,64,10,14,28,30,2,2,10,26,38,12,0.0002382654276864427,0.0017359338302869397,31,41,10,3,5,4,5,1,80,65,51
212,32,238,43,93,50,94,94,45,45,0,32,47,43,51,8,0.001599782157323258,0.0042547397801150485,40,51,11,3,3,3,9,2,29,52,41
213,6,6,32,32,0,18,18,35,35,0,6,6,32,32,0,0.0016338200755641784,0.0016338200755641784,43,43,0,-1,4,4,3,1,58,53,89
214,0,1640,1,100,99,0,176,1,69,68,0,176,1,88,87,0.0,0.03158718812757412,1,91,90,1,-1,2,12,0,6,40,0
215,6,212,27,89,62,24,28,31,31,0,6,14,27,32,5,0.00030634126416828345,0.0009190237925048504,31,37,6,3,4,4,6,1,40,88,56
216,100,100,75,75,0,100,100,89,89,0,100,100,89,89,0,0.07324960005446067,0.0828142550801593,100,100,0,3,1,1,4,29,73,11,12
217,2,618,28,100,72,8,34,30,44,14,2,34,28,52,24,6.807583648184077e-05,0.015589366554341537,28,79,51,2,5,3,4,1,84,65,16
218,58,674,52,100,48,116,116,59,59,0,58,83,52,60,8,0.003642057251778481,0.0068075836481840775,50,56,6,2,3,3,11,6,33,35,41
219,106,722,83,100,17,72,72,80,80,0,72,72,80,80,0,0.02100139555464788,0.02634534871847238,86,91,5,2,2,2,3,12,66,37,46
220,100,100,70,70,0,100,100,73,73,0,100,100,74,74,0,0.04309200449300521,0.05252050784574015,97,99,2,2,1,1,6,17,71,6,41
221,0,0,1,1,0,0,0,1,1,0,0,0,1,1,0,0.0,0.0,1,1,0,-1,-1,-1,2,0,90,76,82
222,18,634,40,100,60,62,96,36,46,10,18,96,40,62,22,0.0011913271384322134,0.013955546478777357,38,79,41,2,3,3,10,2,36,74,5
223,100,100,69,69,0,100,100,57,57,0,100,100,69,69,0,0.03863303720344464,0.03863303720344464,95,95,0,4,1,1,8,18,57,30,65
224,100,100,69,69,0,100,100,66,66,0,100,100,75,75,0,0.04036897103373158,0.049218829776370876,96,99,3,2,1,1,6,13,51,33,77
225,100,100,58,58,0,100,100,35,35,0,100,100,59,59,0,0.04431736954967834,0.04438544538616018,98,98,0,5,1,1,17,29,20,1,58
226,0,101,1,75,74,0,6,1,25,24,0,1,1,25,24,0.0,0.0,1,1,0,5,-1,6,6,0,44,85,58
227,16,632,37,100,63,30,48,35,44,9,16,48,37,54,17,0.0006467204465774873,0.007216038667075122,36,63,27,2,3,3,6,1,48,88,21
228,255,871,95,100,5,288,288,95,95,0,288,288,95,95,0,0.017393376221110316,0.02467749072466728,80,88,8,2,2,2,12,15,6,19,25
229,0,206,1,89,88,0,28,1,33,32,0,28,1,43,42,0.0,0.005922597773920147,1,51,50,3,-1,4,6,1,71,69,44
230,190,790,88,100,12,204,204,86,86,0,190,190,88,88,0,0.013989584397018279,0.01494264610776405,75,76,1,2,2,2,11,13,38,33,42
231,150,356,86,98,12,144,144,90,90,0,144,144,90,90,0,0.015419176963136935,0.019776030497974745,78,84,6,3,2,2,6,8,59,20,38
232,108,724,73,100,27,72,82,45,47,2,72,82,56,58,2,0.011334626774226489,0.018788930868988054,74,83,9,2,3,3,7,8,46,8,38
233,274,274,94,94,0,232,232,92,92,0,232,232,94,94,0,0.02021852343510671,0.02021852343510671,80,80,0,-1,2,2,10,18,11,5,97
234,100,100,69,69,0,100,100,55,55,0,100,100,69,69,0,0.06892678443786378,0.07440688927465196,100,100,0,2,1,1,8,36,30,2,44
235,14,630,40,100,60,26,40,37,43,6,14,40,40,52,12,0.001497668402600497,0.010483678818203479,42,70,28,2,4,3,5,3,70,43,20
236,16,632,35,100,65,80,90,41,44,3,16,62,35,54,19,0.0009190237925048504,0.008475441641989176,37,64,27,2,3,3,10,1,22,71,25
237,142,142,82,82,0,86,86,56,56,0,86,86,62,62,0,0.013070560604513427,0.013070560604513427,75,75,0,-1,3,3,6,14,51,14,40
238,1,207,24,93,69,3,10,24,30,6,1,10,24,40,16,6.807583648184077e-05,0.003710133088260322,27,48,21,3,6,4,3,2,92,58,47
239,96,197,78,95,17,56,56,82,82,0,56,56,82,82,0,0.015521290717859695,0.0156914803090643,79,79,0,5,2,2,2,7,89,48,60
240,16,632,35,100,65,46,72,34,40,6,16,72,35,58,23,0.0006126825283365669,0.008373327887266415,37,65,28,2,3,3,10,1,1,88,32
241,168,168,89,89,0,110,110,80,80,0,110,110,83,83,0,0.013989584397018279,0.013989584397018279,77,77,0,-1,2,2,6,14,48,32,36
242,42,42,54,54,0,98,98,53,53,0,40,40,54,54,0,0.0034718676605738795,0.0034718676605738795,51,51,0,-1,3,3,8,6,57,41,40
243,48,149,64,90,26,46,46,84,84,0,46,46,84,84,0,0.013955546478777357,0.013989584397018279,74,74,0,5,2,2,2,4,93,64,55
244,0,616,1,100,99,0,42,1,37,36,0,46,1,52,51,0.0,0.009224275843289425,1,70,69,2,-1,3,6,0,41,36,77
245,0,616,1,100,99,0,54,1,38,37,0,54,1,55,54,0.0,0.010279451308757957,1,69,68,2,-1,3,8,0,10,87,19
246,0,616,1,99,98,0,52,1,34,33,0,18,1,40,39,0.0,0.0016678579938050988,1,40,39,2,-1,3,11,0,19,87,61
247,34,240,46,88,42,78,78,44,44,0,34,40,46,46,0,0.0016678579938050988,0.0034718676605738795,39,47,8,3,3,3,8,4,27,64,94
248,100,100,59,59,0,100,100,45,45,0,100,100,59,59,0,0.027945130875795636,0.02889819258654141,89,89,0,3,1,1,10,8,0,20,74
249,32,648,52,100,48,60,60,53,53,0,32,60,52,59,7,0.004561081044283332,0.01960584090677014,54,83,29,2,3,3,5,3,49,29,30
250,0,206,1,90,89,0,33,1,29,28,0,10,1,33,32,0.0,0.0026549576227917903,1,45,44,3,-1,4,13,0,13,79,73
251,0,616,1,100,99,0,66,1,37,36,0,40,1,50,49,0.0,0.003948398515946765,1,52,51,2,-1,3,10,0,18,99,47
252,260,860,95,100,5,120,120,85,85,0,120,120,87,87,0,0.029544913033118896,0.04894652643044351,89,98,9,2,2,2,6,22,74,9,7
253,0,616,1,100,99,0,80,1,44,43,0,80,1,58,57,0.0,0.01147077844719017,1,74,73,2,-1,3,9,0,28,36,19
254,0,0,1,1,0,0,0,1,1,0,0,0,1,1,0,0.0,0.0,1,1,0,-1,-1,-1,11,0,33,36,76
255,0,206,1,86,85,0,29,1,29,28,0,6,1,26,25,0.0,0.00030634126416828345,1,33,32,3,-1,4,14,0,25,82,42
256,49,255,52,93,41,76,76,49,49,0,49,57,52,53,1,0.004050512270669526,0.005412029000306341,51,54,3,3,3,3,6,4,40,22,83
257,0,102,1,71,70,0,10,1,28,27,0,4,1,28,27,0.0,0.0015317063208414173,1,43,42,4,-1,5,5,0,52,79,75
258,0,0,1,1,0,0,0,1,1,0,0,0,1,1,0,0.0,0.0,1,1,0,-1,-1,-1,5,0,49,66,85
259,164,370,87,97,10,190,190,92,92,0,164,190,87,92,5,0.01579359406378706,0.01695088328397835,80,81,1,3,2,2,8,8,57,17,61
260,84,700,58,100,42,142,156,68,69,1,78,156,57,83,26,0.00439089145307873,0.021409850573538922,54,81,27,2,2,2,12,6,2,41,9
261,100,100,72,72,0,100,100,87,87,0,100,100,87,87,0,0.0704584907587052,0.0743047755199292,98,98,0,3,1,1,4,27,53,10,73
262,0,0,1,1,0,0,0,1,1,0,0,0,1,1,0,0.0,0.0,1,1,0,-1,-1,-1,12,0,3,92,81
263,91,1691,66,100,34,90,90,61,61,0,91,90,66,66,0,0.007590455767725246,0.021580040164743523,62,83,21,1,2,2,6,6,41,35,54
264,100,100,67,67,0,100,100,54,54,0,100,100,67,67,0,0.036760951700194014,0.06947139112971851,93,100,7,1,1,1,9,16,35,12,10
265,13,114,43,83,40,24,24,40,40,0,13,14,43,43,0,0.0015317063208414173,0.0015317063208414173,42,42,0,6,4,4,4,4,78,64,58
266,74,74,60,60,0,100,100,66,66,0,74,74,60,60,0,0.006671431975220395,0.006671431975220395,59,59,0,-1,2,2,6,6,44,26,81
267,0,0,1,1,0,0,0,1,1,0,0,0,1,1,0,0.0,0.0,1,1,0,-1,-1,-1,6,0,69,76,50
268,0,0,1,1,0,0,0,1,1,0,0,0,1,1,0,0.0,0.0,1,1,0,-1,-1,-1,8,0,57,92,89
269,0,616,1,100,99,0,50,1,34,33,0,43,1,48,47,0.0,0.004731270635487933,1,54,53,2,-1,3,8,0,42,82,57
270,0,206,1,89,88,0,30,1,29,28,0,7,1,32,31,0.0,0.0005446066918547262,1,35,34,3,-1,4,10,0,12,86,56
271,316,416,98,100,2,144,144,95,95,0,144,144,95,95,0,0.03478675244222063,0.03509309370638892,94,94,0,4,2,2,6,27,65,10,56
272,12,12,35,35,0,38,38,34,34,0,12,12,35,35,0,0.0005105687736138058,0.0005105687736138058,34,34,0,-1,4,4,9,2,54,63,82
273,148,148,85,85,0,110,110,83,83,0,110,110,83,83,0,0.01409169815174104,0.01409169815174104,73,73,0,-1,2,2,6,14,71,32,89
274,92,708,62,100,38,80,80,53,53,0,80,80,60,60,0,0.00891793457912114,0.017155110793423873,64,81,17,2,3,3,5,7,52,48,21
275,100,100,59,59,0,100,100,40,40,0,100,100,59,59,0,0.012185574730249497,0.020865243881684196,68,85,17,2,1,1,15,1,7,53,14
276,71,71,60,60,0,74,74,58,58,0,74,74,62,62,0,0.006841621566424997,0.006841621566424997,60,60,0,-1,2,2,5,6,61,35,86
277,0,206,1,92,91,0,18,1,35,34,0,18,1,44,43,0.0,0.004833384390210695,1,54,53,3,-1,4,3,1,82,45,72
278,0,102,1,84,83,0,3,1,27,26,0,3,1,32,31,0.0,0.001157289220191293,1,41,40,4,-1,5,2,1,93,50,61
279,61,677,63,100,37,54,64,55,69,14,54,64,60,69,9,0.014227849824704722,0.023111746485584943,75,84,9,2,3,3,4,12,84,37,34
280,118,324,80,97,17,148,148,79,79,0,118,124,80,80,0,0.01507879778072773,0.017393376221110316,75,80,5,3,2,2,9,9,26,39,90
281,8,8,37,37,0,18,18,35,35,0,8,8,37,37,0,0.0015657442390823377,0.0015657442390823377,43,43,0,-1,4,4,3,2,87,83,85
282,36,1676,50,100,50,84,148,46,70,24,36,148,50,85,35,0.004969536063174376,0.04350045951189625,56,95,39,1,3,2,9,6,28,73,2
283,0,616,1,100,99,0,38,1,34,33,0,24,1,39,38,0.0,0.002825147213996392,1,42,41,2,-1,3,6,1,51,50,43
284,104,704,78,100,22,148,148,78,78,0,104,140,78,84,6,0.007794683277170768,0.015283025290173252,62,76,14,2,2,2,9,5,35,47,25
285,0,206,1,90,89,0,32,1,33,32,0,32,1,40,39,0.0,0.015214949453691413,1,78,77,3,-1,4,6,0,51,66,23
286,66,272,58,95,37,112,112,63,63,0,64,70,58,58,0,0.005616256509751864,0.005922597773920147,58,58,0,3,2,2,8,6,15,41,88
287,58,159,57,85,28,96,96,63,63,0,58,59,57,57,0,0.004220701861874128,0.004220701861874128,52,52,0,5,2,2,7,3,62,54,68
288,0,616,1,100,99,0,46,1,40,39,0,46,1,50,49,0.0,0.008475441641989176,1,66,65,2,-1,3,6,0,59,99,27
289,100,100,81,81,0,100,100,96,96,0,100,100,96,96,0,0.053473569556485925,0.053473569556485925,99,99,0,-1,1,1,3,3,92,46,87
290,147,147,93,93,0,46,46,83,83,0,46,46,83,83,0,0.02648150039143606,0.02648150039143606,91,91,0,-1,2,2,2,15,99,16,89
291,12,218,37,96,59,14,18,33,35,2,12,18,37,44,7,0.0005786446100956465,0.006739507811702236,35,60,25,3,4,4,3,2,75,63,48
292,0,1640,1,100,99,0,110,1,80,79,0,110,1,84,83,0.0,0.04077742605262262,1,94,93,1,-1,2,6,0,32,40,0
293,108,1748,76,100,24,80,104,59,79,20,80,104,63,82,19,0.013444977705163553,0.03955206099594949,76,94,18,1,3,2,5,8,61,8,48
294,300,401,95,98,3,112,112,92,92,0,112,112,92,92,0,0.03192756730998332,0.03192756730998332,90,90,0,5,2,2,4,22,83,9,68
295,0,0,1,1,0,0,0,1,1,0,0,0,1,1,0,0.0,0.0,1,1,0,-1,-1,-1,6,0,40,59,93
296,92,292,68,93,25,80,80,68,68,0,80,80,69,69,0,0.014806494434800367,0.019571802988529223,76,83,7,3,3,3,5,12,80,37,77
297,0,206,1,92,91,0,18,1,34,33,0,18,1,47,46,0.0,0.013955546478777357,1,77,76,3,-1,4,3,1,87,45,23
298,359,359,96,96,0,160,160,86,86,0,160,160,88,88,0,0.03516116954287076,0.03516116954287076,94,94,0,-1,2,2,7,29,24,11,87
299,0,0,1,1,0,0,0,1,1,0,0,0,1,1,0,0.0,0.0,1,1,0,-1,-1,-1,12,0,14,80,45
300,100,100,72,72,0,100,100,71,71,0,100,100,75,75,0,0.04428333163143742,0.04649579631709724,94,95,1,3,1,1,6,16,32,12,70
301,1,1,26,26,0,13,13,26,26,0,1,1,26,26,0,0.0,0.0,1,1,0,-1,6,6,13,1,13,78,40
302,0,206,1,93,92,0,42,1,35,34,0,42,1,52,51,0.0,0.005377991082065421,1,55,54,3,-1,4,9,0,23,80,24
303,37,138,47,83,36,46,46,38,38,0,37,37,47,47,0,0.004220701861874128,0.0042547397801150485,50,50,0,5,3,3,6,6,71,35,95
304,560,1176,100,100,0,272,272,99,99,0,272,272,99,99,0,0.04802750263793867,0.05592429966983219,96,99,3,2,2,2,8,40,15,3,32
305,68,68,65,65,0,78,78,77,77,0,68,68,77,77,0,0.0088498587426393,0.0088498587426393,67,67,0,-1,2,2,4,4,78,72,79
306,0,0,1,1,0,0,0,1,1,0,0,0,1,1,0,0.0,0.0,1,1,0,-1,-1,-1,5,0,50,97,81
307,2,618,27,100,73,4,38,27,58,31,2,38,27,61,34,0.00010211375472276115,0.027979168794036557,31,89,58,2,5,3,3,1,92,65,11
308,184,1824,90,100,10,254,288,92,94,2,184,288,90,94,4,0.015997821573232582,0.054324517512508934,78,99,21,1,2,2,12,8,6,20,2
309,66,66,72,72,0,32,32,69,69,0,32,32,69,69,0,0.011198475101262807,0.011198475101262807,72,72,0,-1,3,3,2,9,90,27,85
310,145,351,86,98,12,220,220,84,84,0,145,154,86,86,0,0.00976888253514415,0.011300588855985567,66,68,2,3,2,2,12,8,14,44,54
311,0,1640,1,100,99,0,92,1,54,53,0,92,1,64,63,0.0,0.03209775690118792,1,93,92,1,-1,2,8,0,21,40,1
312,100,100,57,57,0,100,100,38,38,0,100,100,57,57,0,0.02491575615235372,0.02501786990707648,85,85,0,4,1,1,16,13,4,33,55
313,16,632,31,100,69,144,154,63,65,2,16,44,31,47,16,0.003199564314646516,0.005412029000306341,50,56,6,2,3,3,14,3,25,46,70
314,24,24,46,46,0,58,58,38,38,0,24,24,46,46,0,0.001157289220191293,0.001157289220191293,40,40,0,-1,3,3,8,4,15,64,99
315,191,191,91,91,0,88,88,82,82,0,88,88,82,82,0,0.027162258756254467,0.027162258756254467,89,89,0,-1,2,2,4,15,78,16,50
316,0,616,1,100,99,0,78,1,36,35,0,46,1,47,46,0.0,0.006501242384015794,1,57,56,2,-1,3,14,0,25,92,77
317,100,100,76,76,0,100,100,91,91,0,100,100,91,91,0,0.05674120970761428,0.05674120970761428,97,97,0,-1,1,1,4,12,77,37,80
318,2,618,27,99,72,22,98,29,41,12,2,80,27,57,30,0.0002723033459273631,0.010415602981721638,32,69,37,2,5,3,12,1,14,55,33
319,0,616,1,100,99,0,50,1,44,43,0,50,1,55,54,0.0,0.014500153170632085,1,77,76,2,-1,3,5,0,45,97,5
320,22,638,40,100,60,126,156,63,72,9,22,156,40,85,45,0.002212464685659825,0.018142210422410564,45,79,34,2,3,3,11,2,38,61,12
321,124,1764,78,100,22,182,206,71,75,4,124,206,78,91,13,0.007726607440688927,0.023554239422716908,63,87,24,1,3,2,12,9,6,31,24
322,94,710,73,100,27,48,48,63,63,0,48,48,64,64,0,0.00881582082439838,0.02559651451717213,69,87,18,2,3,3,3,9,82,31,5
323,18,224,48,94,46,34,34,47,47,0,18,34,48,54,6,0.0020082371762143027,0.005480104836788182,45,60,15,3,3,3,4,2,78,52,47
324,1,207,26,94,68,6,15,26,30,4,1,7,26,34,8,3.4037918240920386e-05,0.0006126825283365669,27,36,9,3,6,4,6,2,32,58,88
325,22,638,41,100,59,36,70,36,53,17,22,70,41,61,20,0.0009870996289866913,0.016236087000919025,38,79,41,2,3,3,5,3,50,51,6
326,46,46,56,56,0,28,28,45,45,0,28,28,49,49,0,0.006637394056979475,0.006637394056979475,57,57,0,-1,3,3,3,6,60,13,45
327,16,16,44,44,0,22,22,54,54,0,16,16,47,47,0,0.002382654276864427,0.002382654276864427,45,45,0,-1,3,3,2,1,99,53,79
328,32,648,51,100,49,54,64,53,62,9,32,64,51,63,12,0.004118588107151367,0.03223390857415161,53,91,38,2,3,3,4,3,79,29,1
329,0,616,1,100,99,0,70,1,37,36,0,52,1,52,51,0.0,0.0088498587426393,1,67,66,2,-1,3,10,0,1,82,20
330,22,22,40,40,0,106,106,55,55,0,22,22,40,40,0,0.0007147962830593281,0.0007147962830593281,35,35,0,-1,3,3,17,2,20,56,91
331,61,677,58,100,42,106,116,59,62,3,61,116,58,78,20,0.0045270431260424114,0.01334286395044079,55,73,18,2,3,3,11,6,38,35,8
332,177,177,91,91,0,72,72,83,83,0,72,72,83,83,0,0.023213860240307704,0.023213860240307704,85,85,0,-1,2,2,3,19,58,15,36
333,39,39,50,50,0,94,94,52,52,0,39,39,50,50,0,0.004220701861874128,0.004220701861874128,52,52,0,-1,3,3,9,4,35,22,85
334,136,342,83,96,13,158,158,78,78,0,136,142,86,86,0,0.012832295176826986,0.013513053541645392,72,74,2,3,2,2,9,8,29,17,42
335,0,0,1,1,0,0,0,1,1,0,0,0,1,1,0,0.0,0.0,1,1,0,-1,-1,-1,3,0,82,89,96
336,154,255,88,93,5,152,152,95,95,0,152,152,95,95,0,0.019980258007420267,0.020014295925661188,84,84,0,5,2,2,5,8,88,20,95
337,10,626,41,100,59,18,28,38,45,7,10,28,41,50,9,0.0012934408931549745,0.015214949453691413,40,79,39,2,4,3,3,4,85,64,5
338,100,100,67,67,0,100,100,70,70,0,100,100,71,71,0,0.0348888661969434,0.04486197624153307,93,97,4,2,1,1,6,7,74,48,14
339,124,1764,78,100,22,284,308,81,86,5,124,183,78,83,5,0.011879233466081215,0.021614078082984444,66,85,19,1,2,2,16,6,9,77,28
340,42,42,50,50,0,60,60,49,49,0,40,40,49,49,0,0.004050512270669526,0.004050512270669526,50,50,0,-1,3,3,5,6,50,41,87
341,126,742,80,100,20,164,164,74,74,0,126,164,80,88,8,0.008271214132543654,0.01320671227747711,65,75,10,2,2,2,10,7,1,48,13
342,98,714,70,100,30,60,60,49,49,0,60,60,57,57,0,0.012253650566731339,0.016236087000919025,76,79,3,2,3,3,5,8,50,8,28
343,34,34,50,50,0,38,38,59,59,0,34,34,61,61,0,0.0030634126416828346,0.0030634126416828346,48,48,0,-1,3,3,3,6,92,70,93
344,88,704,60,100,40,152,152,78,78,0,88,152,60,84,24,0.009054086252084823,0.013547091459886314,67,77,10,2,2,2,8,4,42,38,26
345,16,632,43,100,57,38,48,61,67,6,16,48,43,68,25,0.002995336805200994,0.01783586915824228,48,80,32,2,3,3,3,2,81,94,30
346,6,212,30,90,60,15,16,31,32,1,6,14,30,36,6,0.00010211375472276115,0.0009530617107457708,30,38,8,3,4,4,6,1,74,65,51
347,0,0,1,1,0,0,0,1,1,0,0,0,1,1,0,0.0,0.0,1,1,0,-1,-1,-1,5,0,49,81,45
348,170,270,96,100,4,32,32,67,67,0,32,32,68,68,0,0.031246808945164913,0.031621226045815035,92,93,1,4,3,3,2,30,97,7,71
349,0,1640,1,100,99,0,84,1,45,44,0,84,1,60,59,0.0,0.02219272269308009,1,86,85,1,-1,2,8,1,10,69,33
350,100,100,61,61,0,100,100,44,44,0,100,100,61,61,0,0.04288777698355969,0.042955852820041523,94,94,0,4,1,1,12,22,6,9,55
351,176,792,86,100,14,290,290,83,83,0,176,242,86,89,3,0.011675005956635693,0.019673916743251984,68,83,15,2,2,2,17,9,20,27,77
352,68,68,56,56,0,158,158,68,68,0,68,68,56,56,0,0.006024711528642908,0.006024711528642908,56,56,0,-1,2,2,14,6,17,73,91
353,73,175,70,92,22,22,22,48,48,0,22,22,51,51,0,0.011675005956635693,0.011981347220803976,72,72,0,4,3,3,2,13,95,33,88
354,239,340,94,97,3,176,176,90,90,0,176,176,91,91,0,0.02546036284420845,0.025494400762449368,87,87,0,5,2,2,8,15,21,16,78
355,100,100,59,59,0,100,100,45,45,0,100,100,59,59,0,0.05262262160046292,0.057898498927805575,98,98,0,3,1,1,10,30,0,7,32
356,145,351,82,96,14,198,198,83,83,0,145,155,82,85,3,0.010687906327649,0.012015385139044895,67,71,4,3,2,2,10,8,11,44,54
357,1,617,26,99,73,11,78,26,41,15,1,78,26,57,31,6.807583648184077e-05,0.013104598522754349,27,75,48,2,6,3,11,1,19,68,6
358,151,767,88,100,12,72,72,83,83,0,72,72,83,83,0,0.024609414888185438,0.029919330133769018,87,91,4,2,2,2,3,15,58,16,52
359,430,1046,97,100,3,320,320,92,92,0,320,320,95,95,0,0.032029681064706085,0.03584192790768916,92,94,2,2,2,2,14,27,16,10,73
360,195,195,93,93,0,96,96,93,93,0,96,96,93,93,0,0.02644746247319514,0.02644746247319514,89,89,0,-1,2,2,3,16,58,12,80
361,32,32,43,43,0,166,166,61,61,0,32,32,43,43,0,0.002723033459273631,0.002723033459273631,46,46,0,-1,3,3,16,2,4,52,87
362,0,616,1,100,99,0,42,1,34,33,0,17,1,40,39,0.0,0.0019061234214915416,1,42,41,2,-1,3,8,0,15,81,61
363,6,212,33,95,62,12,12,37,37,0,6,12,33,40,7,0.0027911092957554717,0.00796487286837537,48,67,19,3,4,4,2,3,89,46,21
364,0,0,1,1,0,0,0,1,1,0,0,0,1,1,0,0.0,0.0,1,1,0,-1,-1,-1,6,0,34,85,69
365,38,654,52,100,48,66,66,49,49,0,38,66,53,62,9,0.0034718676605738795,0.011743081793117532,51,72,21,2,3,3,6,6,32,70,27
366,20,1660,46,100,54,24,62,43,79,36,20,62,47,79,32,0.0015317063208414173,0.04751693386432486,41,97,56,1,3,2,3,3,55,43,37
367,54,54,65,65,0,32,32,63,63,0,32,32,65,65,0,0.00803294870485721,0.00803294870485721,65,65,0,-1,3,3,2,7,98,62,45
368,7,109,38,84,46,8,8,33,33,0,7,8,38,38,0,0.0002723033459273631,0.0013274788113958951,34,42,8,4,4,4,2,2,86,56,53
369,0,616,1,100,99,0,40,1,39,38,0,36,1,47,46,0.0,0.005105687736138058,1,54,53,2,-1,3,5,1,52,45,26
370,100,100,60,60,0,100,100,52,52,0,100,100,60,60,0,0.02403077027808979,0.02403077027808979,86,86,0,-1,1,1,9,6,29,26,50
371,0,206,1,93,92,0,24,1,37,36,0,24,1,50,49,0.0,0.007828721195411689,1,66,65,3,-1,4,4,0,72,76,33
372,16,118,38,78,40,48,48,41,41,0,16,20,38,44,6,0.001157289220191293,0.0015317063208414173,39,42,3,4,3,3,7,1,62,71,56
373,0,102,1,72,71,0,9,1,25,24,0,2,1,25,24,0.0,0.00010211375472276115,1,29,28,4,-1,5,8,0,42,82,60
374,0,0,1,1,0,0,0,1,1,0,0,0,1,1,0,0.0,0.0,1,1,0,-1,-1,-1,5,0,45,67,93
375,0,616,1,100,99,0,46,1,47,46,0,46,1,53,52,0.0,0.009870996289866912,1,66,65,2,-1,3,5,0,49,86,48
376,0,616,1,100,99,0,30,1,37,36,0,30,1,43,42,0.0,0.008271214132543654,1,61,60,2,-1,3,4,0,67,97,17
377,0,0,1,1,0,0,0,1,1,0,0,0,1,1,0,0.0,0.0,1,1,0,-1,-1,-1,10,0,0,66,81
378,132,748,82,100,18,264,264,93,93,0,132,264,82,94,12,0.011981347220803976,0.02723033459273631,72,89,17,2,2,2,12,5,6,25,15
379,0,102,1,76,75,0,7,1,28,27,0,2,1,28,27,0.0,0.0004084550188910446,1,35,34,4,-1,5,5,1,49,45,88
380,352,558,98,100,2,152,152,95,95,0,152,152,95,95,0,0.036080193335375606,0.03805439259334899,93,94,1,3,2,2,5,30,88,7,70
381,18,18,47,47,0,22,22,47,47,0,18,18,50,50,0,0.003267640151128357,0.003267640151128357,52,52,0,-1,3,3,2,2,89,75,50
382,0,102,1,83,82,0,4,1,29,28,0,4,1,32,31,0.0,0.004595118962524252,1,54,53,4,-1,5,2,0,89,67,31
383,100,100,63,63,0,100,100,47,47,0,100,100,63,63,0,0.03584192790768916,0.03669287586371218,92,93,1,4,1,1,10,16,36,12,43
384,6,108,33,83,50,14,14,33,33,0,6,8,33,35,2,0.0002723033459273631,0.0006467204465774873,33,35,2,4,4,4,3,1,75,4,42
385,174,774,85,100,15,140,140,69,69,0,140,140,84,84,0,0.011743081793117532,0.022396950202525613,68,85,17,2,3,3,10,14,22,32,8
386,0,0,1,1,0,0,0,1,1,0,0,0,1,1,0,0.0,0.0,1,1,0,-1,-1,-1,6,1,69,50,45
387,40,656,58,100,42,44,52,67,80,13,40,52,67,81,14,0.00616086320160659,0.01861874127778345,62,79,17,2,2,2,3,2,81,42,19
388,194,794,90,100,10,118,118,92,92,0,118,118,92,92,0,0.02913645801422785,0.04448755914088294,87,97,10,2,2,2,5,16,70,12,16
389,22,22,41,41,0,52,52,43,43,0,22,22,41,41,0,0.003710133088260322,0.003710133088260322,53,53,0,-1,3,3,6,2,34,75,82
390,22,638,40,100,60,48,58,38,42,4,22,38,40,46,6,0.0024166921951053475,0.006603356138738555,44,55,11,2,3,3,7,2,46,83,90
391,0,0,1,1,0,0,0,1,1,0,0,0,1,1,0,0.0,0.0,1,1,0,-1,-1,-1,6,0,41,97,82
392,216,816,93,100,7,116,116,76,76,0,116,116,80,80,0,0.022328874366043774,0.03866707512168556,84,95,11,2,2,2,7,19,62,15,1
393,100,100,66,66,0,100,100,66,66,0,100,100,69,69,0,0.04200279110929576,0.04234317029170496,97,97,0,4,1,1,7,16,62,12,60
394,7,7,36,36,0,16,16,34,34,0,7,7,36,36,0,0.00030634126416828345,0.00030634126416828345,33,33,0,-1,4,4,4,2,77,56,79
395,91,91,61,61,0,100,100,59,59,0,91,91,62,62,0,0.007113924912352361,0.007113924912352361,59,59,0,-1,2,2,6,6,40,35,59
396,0,206,1,87,86,0,49,1,32,31,0,6,1,28,27,0.0,0.0018720855032506212,1,43,42,3,-1,4,15,0,7,66,94
397,108,108,86,86,0,32,32,69,69,0,32,32,69,69,0,0.015283025290173252,0.015283025290173252,77,77,0,-1,3,3,2,14,93,14,96
398,0,206,1,91,90,0,34,1,33,32,0,6,1,27,26,0.0,0.0012934408931549745,1,39,38,3,-1,4,9,0,31,86,53
399,0,102,1,76,75,0,11,1,26,25,0,2,1,26,25,0.0,0.0002042275094455223,1,29,28,4,-1,5,9,0,23,40,4
400,306,922,98,100,2,280,280,99,99,0,280,280,99,99,0,0.029374723441914292,0.03451444909629327,89,91,2,2,2,2,10,15,1,16,62
401,16,16,38,38,0,46,46,42,42,0,16,16,38,38,0,0.0017359338302869397,0.0017359338302869397,44,44,0,-1,3,3,6,1,74,53,92
402,90,296,63,95,32,100,100,66,66,0,90,96,69,72,3,0.007147962830593281,0.007590455767725246,57,59,2,3,2,2,6,6,51,28,49
403,0,206,1,93,92,0,12,1,33,32,0,12,1,40,39,0.0,0.006433166547533953,1,61,60,3,-1,4,4,0,72,91,8
404,58,674,55,100,45,126,146,63,65,2,58,146,55,86,31,0.00353994349705572,0.015589366554341537,53,78,25,2,2,2,12,4,14,64,6
405,1,1,25,25,0,2,2,25,25,0,1,1,25,25,0,6.807583648184077e-05,6.807583648184077e-05,28,28,0,-1,6,6,2,2,93,58,98
406,0,1640,1,100,99,0,76,1,58,57,0,76,1,65,64,0.0,0.031076619353960312,1,91,90,1,-1,2,6,0,34,98,12
407,286,886,94,100,6,272,272,95,95,0,272,272,95,95,0,0.025222097416522007,0.030600088498587426,85,90,5,2,2,2,11,16,5,18,21
408,8,214,38,94,56,20,24,36,39,3,8,24,38,52,14,0.0009530617107457708,0.02049082678103407,38,83,45,3,4,4,4,2,78,74,10
409,87,703,66,100,34,114,114,64,64,0,87,114,66,80,14,0.006705469893461316,0.010517716736444398,61,70,9,2,3,3,9,8,31,57,26
410,112,728,75,100,25,210,210,78,78,0,112,130,75,81,6,0.008135062459579971,0.009632730862180468,64,69,5,2,2,2,12,4,6,72,61
411,0,206,1,92,91,0,30,1,40,39,0,30,1,51,50,0.0,0.017291262466387555,1,79,78,3,-1,4,5,0,70,86,9
412,0,206,1,89,88,0,35,1,31,30,0,14,1,33,32,0.0,0.0010892133837094523,1,38,37,3,-1,4,12,0,14,93,43
413,8,624,35,100,65,18,28,38,42,4,8,28,35,49,14,0.0004084550188910446,0.007318152421797883,34,62,28,2,4,3,3,2,96,56,21
414,100,100,63,63,0,100,100,39,39,0,100,100,63,63,0,0.02661765206439974,0.032880629020729094,88,92,4,2,1,1,14,13,17,33,24
415,77,178,68,91,23,62,62,77,77,0,62,62,78,78,0,0.010858095918853602,0.010926171755335444,67,67,0,5,2,2,3,8,58,57,4
416,0,206,1,94,93,0,10,1,30,29,0,6,1,30,29,0.0,0.0026549576227917903,1,49,48,3,-1,4,3,0,66,91,90
417,26,232,47,93,46,94,94,39,39,0,26,40,47,49,2,0.0038462847612240037,0.006024711528642908,51,57,6,3,3,3,13,6,13,73,41
418,0,616,1,99,98,0,92,1,42,41,0,54,1,52,51,0.0,0.006841621566424997,1,56,55,2,-1,3,11,0,5,67,72
419,108,108,77,77,0,80,80,68,68,0,80,80,69,69,0,0.011198475101262807,0.011198475101262807,71,71,0,-1,3,3,5,9,80,27,87
420,175,275,93,97,4,96,96,92,92,0,96,96,92,92,0,0.02831954797644576,0.029476837196637053,89,90,1,4,2,2,3,16,81,12,61
421,0,0,1,1,0,0,0,1,1,0,0,0,1,1,0,0.0,0.0,1,1,0,-1,-1,-1,6,0,65,80,82
422,0,0,1,1,0,0,0,1,1,0,0,0,1,1,0,0.0,0.0,1,1,0,-1,-1,-1,6,1,44,50,84
423,100,100,61,61,0,100,100,44,44,0,100,100,61,61,0,0.049389019367575476,0.049389019367575476,98,98,0,-1,1,1,12,29,6,0,85
424,6,212,29,92,63,14,22,30,33,3,6,12,29,34,5,0.00010211375472276115,0.0024166921951053475,29,45,16,3,4,4,5,1,52,60,90
425,136,752,83,100,17,158,168,78,84,6,136,152,86,87,1,0.012832295176826986,0.014772456516559448,72,74,2,2,2,2,9,8,29,17,55
426,78,694,64,100,36,110,110,77,77,0,78,110,64,80,16,0.009496579189216788,0.02219272269308009,67,84,17,2,2,2,6,4,74,72,6
427,0,616,1,100,99,0,30,1,32,31,0,16,1,34,33,0.0,0.0014295925661186562,1,40,39,2,-1,3,10,0,22,81,42
428,124,330,78,99,21,284,284,81,81,0,124,138,78,79,1,0.011879233466081215,0.012934408931549747,66,70,4,3,2,2,16,6,9,77,43
429,100,100,65,65,0,100,100,47,47,0,100,100,65,65,0,0.0490826781034072,0.0490826781034072,97,97,0,-1,1,1,11,30,38,7,91
430,6,622,31,100,69,7,22,31,53,22,6,22,31,53,22,0.0009870996289866913,0.01147077844719017,37,72,35,2,4,3,2,1,99,78,44
431,6,622,29,100,71,15,70,28,40,12,6,70,29,60,31,0.00017018959120460194,0.009632730862180468,29,68,39,2,4,3,9,1,23,78,19
432,92,194,75,92,17,38,38,57,57,0,38,38,60,60,0,0.016916845365737433,0.017972020831205963,81,81,0,4,3,3,3,17,85,6,64
433,0,206,1,89,88,0,42,1,32,31,0,6,1,27,26,0.0,0.0019741992579733825,1,41,40,3,-1,4,9,0,29,93,46
434,6,108,27,72,45,20,20,28,28,0,6,8,27,31,4,0.00013615167296368154,0.00013615167296368154,29,29,0,4,4,4,6,1,40,65,95
435,451,651,100,100,0,240,240,98,98,0,240,240,98,98,0,0.04986555022294836,0.0512611048708261,98,98,0,3,2,2,9,36,26,2,53
436,0,616,1,100,99,0,66,1,41,40,0,66,1,56,55,0.0,0.014806494434800367,1,75,74,2,-1,3,9,0,35,80,30
437,2,103,27,78,51,7,7,28,28,0,2,2,27,27,0,0.00013615167296368154,0.0002042275094455223,30,30,0,6,5,5,4,1,79,65,68
438,6,6,34,34,0,24,24,37,37,0,6,6,34,34,0,0.0015657442390823377,0.0015657442390823377,44,44,0,-1,4,4,4,1,77,71,66
439,58,160,63,89,26,78,78,79,79,0,58,78,70,79,9,0.009836958371625992,0.01147077844719017,68,73,5,4,2,2,4,6,72,73,75
440,2,618,26,100,74,10,68,28,40,12,2,68,26,56,30,0.0,0.019673916743251984,1,85,84,2,5,3,8,2,42,58,23
441,100,100,67,67,0,100,100,55,55,0,100,100,67,67,0,0.05122706695258518,0.06062153238707921,98,99,1,2,1,1,9,27,23,10,33
442,217,1857,89,100,11,160,184,86,93,7,160,184,88,94,6,0.017052997038701112,0.051499370298512544,79,97,18,1,2,2,7,15,24,19,0
443,100,100,62,62,0,100,100,45,45,0,100,100,62,62,0,0.029034344259505088,0.0460873412982062,88,98,10,2,1,1,12,18,3,5,15
444,0,1640,1,100,99,0,84,1,45,44,0,84,1,61,60,0.0,0.031485074372851356,1,92,91,1,-1,2,9,0,54,93,18
445,0,206,1,95,94,0,10,1,30,29,0,6,1,30,29,0.0,0.00176997174852786,1,41,40,3,-1,4,3,1,94,69,53
446,206,822,89,100,11,166,166,87,87,0,166,166,91,91,0,0.019878144252697506,0.030497974743864665,79,88,9,2,2,2,8,18,10,30,17
447,22,22,42,42,0,48,48,37,37,0,22,22,42,42,0,0.0014636304843595766,0.0014636304843595766,43,43,0,-1,3,3,7,3,24,51,76
448,100,100,61,61,0,100,100,44,44,0,100,100,61,61,0,0.04687021341774737,0.05473297253139998,96,99,3,2,1,1,12,27,6,10,37
449,240,856,94,100,6,308,308,89,89,0,240,308,94,96,2,0.019367575479083698,0.027877055039313797,80,88,8,2,2,2,16,18,4,30,27
450,2,618,29,100,71,14,66,29,42,13,2,60,29,56,27,0.00013615167296368154,0.00878178290615746,30,65,35,2,5,3,9,1,26,60,20
451,94,94,72,72,0,64,64,70,70,0,64,64,70,70,0,0.01327478811395895,0.01327478811395895,73,73,0,-1,3,3,4,9,84,27,86
452,10,626,37,100,63,46,74,39,44,5,10,74,37,59,22,0.0011232513019503727,0.019844106334456584,39,80,41,2,4,3,9,3,26,43,9
453,49,255,54,94,40,62,62,46,46,0,49,62,54,58,4,0.003914360597705844,0.007386228258279724,50,62,12,3,3,3,7,4,62,22,38
454,0,0,1,1,0,0,0,1,1,0,0,0,1,1,0,0.0,0.0,1,1,0,-1,-1,-1,5,0,88,97,67
455,110,212,80,94,14,120,120,87,87,0,110,120,85,88,3,0.01065386840940808,0.011709043874876613,72,72,0,4,2,2,6,7,32,21,51
456,320,936,98,100,2,334,334,98,98,0,320,334,98,98,0,0.022601177711971135,0.027026107083290785,85,90,5,2,2,2,14,17,8,6,26
457,42,658,57,100,43,46,56,81,81,0,42,56,81,81,0,0.010007147962830594,0.021511964328261683,70,86,16,2,2,2,2,2,89,74,17
458,1,1,25,25,0,3,3,25,25,0,1,1,25,25,0,3.4037918240920386e-05,3.4037918240920386e-05,29,29,0,-1,6,6,3,1,76,68,50
459,182,284,91,95,4,118,118,93,93,0,118,118,93,93,0,0.023996732359848873,0.0247115286429082,85,88,3,4,2,2,5,18,49,30,43
460,100,100,69,69,0,100,100,55,55,0,100,100,69,69,0,0.03151911229109228,0.0425814357193914,90,95,5,3,1,1,8,14,30,14,12
461,0,0,1,1,0,0,0,1,1,0,0,0,1,1,0,0.0,0.0,1,1,0,-1,-1,-1,3,0,58,79,97
462,34,650,45,100,55,86,110,43,57,14,34,110,45,75,30,0.004935498144933456,0.030532012662105586,53,91,38,2,3,3,10,6,12,73,11
463,94,94,68,68,0,100,100,66,66,0,94,94,68,68,0,0.006739507811702236,0.006739507811702236,60,60,0,-1,2,2,6,5,44,47,81
464,64,680,63,100,37,32,32,58,58,0,32,32,60,60,0,0.0068075836481840775,0.02226079852956193,61,88,27,2,3,3,2,8,91,57,33
465,67,67,62,62,0,98,98,52,52,0,67,67,62,62,0,0.006705469893461316,0.006705469893461316,63,63,0,-1,3,3,8,8,39,57,89
466,14,630,34,100,66,56,66,35,38,3,14,58,34,55,21,0.0013615167296368155,0.00970080669866231,41,68,27,2,4,3,10,3,36,43,20
467,6,622,29,100,71,34,84,30,37,7,6,84,29,59,30,0.00013615167296368154,0.013887470642295518,28,75,47,2,4,3,13,1,13,65,18
468,0,0,1,1,0,0,0,1,1,0,0,0,1,1,0,0.0,0.0,1,1,0,-1,-1,-1,4,1,78,45,79
469,24,24,44,44,0,66,66,42,42,0,24,24,44,44,0,0.0014295925661186562,0.0014295925661186562,41,41,0,-1,3,3,9,3,35,43,81
470,16,632,34,100,66,72,72,40,40,0,16,38,34,48,14,0.0010892133837094523,0.004595118962524252,38,54,16,2,3,3,10,1,11,71,29
471,22,638,40,100,60,70,102,35,57,22,22,66,40,56,16,0.0017018959120460194,0.006977773239388679,41,60,19,2,3,3,12,3,3,51,72
472,109,315,86,100,14,32,32,71,71,0,32,32,71,71,0,0.020592940535756832,0.02386058068688519,85,88,3,3,3,3,2,16,99,18,73
473,2,2,26,26,0,10,10,28,28,0,2,2,26,26,0,0.00010211375472276115,0.00010211375472276115,29,29,0,-1,5,5,7,1,24,68,36
474,277,379,100,100,0,56,56,93,93,0,56,56,93,93,0,0.06392321045644848,0.0657952959596991,98,98,0,4,2,2,2,36,99,2,83
475,92,708,67,100,33,78,88,68,72,4,78,88,71,73,2,0.009496579189216788,0.025766704108376733,69,87,18,2,2,2,4,7,83,48,18
476,0,616,1,100,99,0,40,1,35,34,0,28,1,47,46,0.0,0.003982436434187685,1,49,48,2,-1,3,7,0,43,36,47
477,75,177,73,94,21,22,22,52,52,0,22,22,54,54,0,0.010994247591817285,0.011198475101262807,68,68,0,4,3,3,2,14,86,32,88
478,76,282,63,93,30,124,124,68,68,0,76,86,63,65,2,0.008066986623098132,0.009870996289866912,66,70,4,3,3,3,9,6,31,34,54
479,0,206,1,92,91,0,16,1,29,28,0,8,1,33,32,0.0,0.0013274788113958951,1,38,37,3,-1,4,6,0,59,91,52
480,0,102,1,71,70,0,10,1,28,27,0,4,1,28,27,0.0,0.0015317063208414173,1,42,41,4,-1,5,5,0,52,59,75
481,6,212,28,92,64,19,32,31,34,3,6,12,28,35,7,0.00010211375472276115,0.002382654276864427,27,42,15,3,4,4,6,1,56,60,94
482,16,616,34,100,66,72,72,40,40,0,16,56,34,55,21,0.0010892133837094523,0.008271214132543654,38,64,26,2,3,3,10,1,11,71,27
483,100,100,58,58,0,100,100,38,38,0,100,100,58,58,0,0.014874570271282209,0.015657442390823378,76,76,0,3,1,1,16,5,9,47,74
484,6,212,32,94,62,14,18,32,37,5,6,12,32,35,3,0.00030634126416828345,0.0024166921951053475,33,45,12,3,4,4,3,1,96,4,94
485,139,139,85,85,0,64,64,68,68,0,64,64,70,70,0,0.016712617856291908,0.016712617856291908,80,80,0,-1,3,3,4,18,78,5,93
486,0,102,1,83,82,0,3,1,27,26,0,3,1,32,31,0.0,0.00030634126416828345,1,34,33,4,-1,5,2,0,89,36,56
487,32,32,53,53,0,22,22,49,49,0,22,22,50,50,0,0.008475441641989176,0.008475441641989176,67,67,0,-1,3,3,2,5,93,25,99
488,0,616,1,100,99,0,54,1,34,33,0,42,1,48,47,0.0,0.007113924912352361,1,60,59,2,-1,3,8,0,42,92,77
489,32,648,49,100,51,82,102,48,63,15,32,102,49,71,22,0.00353994349705572,0.021716191837707205,50,84,34,2,3,3,7,2,24,75,9
490,112,213,75,87,12,284,284,81,81,0,112,113,75,76,1,0.00803294870485721,0.00803294870485721,58,58,0,5,2,2,16,4,9,38,68
491,80,182,59,88,29,186,186,72,72,0,80,82,59,59,0,0.005922597773920147,0.005990673610401988,57,57,0,4,2,2,13,2,13,75,65
492,30,646,56,100,44,12,22,39,54,15,12,22,44,56,12,0.004663194799006093,0.036760951700194014,54,94,40,2,4,3,2,5,97,47,2
493,6,622,27,100,73,24,42,30,35,5,6,32,27,40,13,0.0009190237925048504,0.006671431975220395,35,56,21,2,4,3,6,2,51,42,72
494,148,148,85,85,0,110,110,77,77,0,110,110,81,81,0,0.01497668402600497,0.01497668402600497,78,78,0,-1,2,2,6,14,74,32,79
495,16,632,37,100,63,54,98,39,54,15,16,98,37,66,29,0.0011913271384322134,0.026107083290785937,40,87,47,2,3,3,8,1,21,71,7
496,118,118,77,77,0,184,184,79,79,0,118,118,77,77,0,0.016236087000919025,0.016236087000919025,76,76,0,-1,2,2,10,9,12,39,82
497,38,654,49,100,51,84,104,47,63,16,38,104,49,77,28,0.0029612988869600733,0.018210286258892407,49,78,29,2,3,3,9,6,35,70,23
498,86,86,54,54,0,180,180,64,64,0,86,86,54,54,0,0.003710133088260322,0.003710133088260322,49,49,0,-1,2,2,16,3,4,43,59
499,100,100,63,63,0,100,100,56,56,0,100,100,63,63,0,0.056673133871132444,0.06569318220497634,99,99,0,2,1,1,7,29,24,0,37
500,0,206,1,88,87,0,28,1,34,33,0,28,1,45,44,0.0,0.0053099152455835805,1,53,52,3,-1,4,6,0,41,91,44
501,0,101,1,86,85,0,2,1,24,23,0,2,1,27,26,0.0,0.00030634126416828345,1,34,33,5,-1,6,2,0,97,36,56
502,112,1752,75,100,25,242,266,80,85,5,112,165,75,83,8,0.00881582082439838,0.018074134585928724,64,79,15,1,2,2,14,4,16,38,22
503,193,393,96,99,3,48,48,59,59,0,48,48,63,63,0,0.028659927158854966,0.035025017869907075,92,94,2,3,3,3,3,29,75,11,14
504,0,0,1,1,0,0,0,1,1,0,0,0,1,1,0,0.0,0.0,1,1,0,-1,-1,-1,10,0,11,86,45
505,0,0,1,1,0,0,0,1,1,0,0,0,1,1,0,0.0,0.0,1,1,0,-1,-1,-1,4,0,72,93,92
506,152,752,85,100,15,120,120,79,79,0,120,120,81,81,0,0.014329963579427483,0.019265461724360937,79,82,3,2,2,2,6,13,44,33,13
507,150,356,83,100,17,134,134,90,90,0,134,134,90,90,0,0.018040096667687803,0.02491575615235372,80,88,8,3,2,2,6,12,56,37,8
508,388,1004,100,100,0,224,224,99,99,0,224,224,99,99,0,0.03887130263113108,0.05047823275128493,95,96,1,2,2,2,8,27,39,10,5
509,42,144,54,84,30,98,98,53,53,0,42,44,55,55,0,0.007760645358929848,0.00803294870485721,64,64,0,4,3,3,8,6,57,34,49
510,22,622,43,100,57,54,54,39,39,0,22,36,43,51,8,0.0012934408931549745,0.005854521937438306,41,57,16,2,3,3,8,2,21,74,62
511,0,616,1,100,99,0,48,1,35,34,0,22,1,39,38,0.0,0.003982436434187685,1,51,50,2,-1,3,9,1,35,50,29
512,0,616,1,100,99,0,110,1,56,55,0,106,1,76,75,0.0,0.014261887742945642,1,71,70,2,-1,3,14,0,25,98,18
513,0,206,1,96,95,0,8,1,33,32,0,8,1,39,38,0.0,0.0061949011198475104,1,60,59,3,-1,4,2,1,93,69,32
514,6,212,32,94,62,10,10,32,32,0,6,14,32,42,10,0.0002382654276864427,0.0020082371762143027,31,46,15,3,4,4,3,1,81,60,83
515,0,0,1,1,0,0,0,1,1,0,0,0,1,1,0,0.0,0.0,1,1,0,-1,-1,-1,10,0,22,59,76
516,0,0,1,1,0,0,0,1,1,0,0,0,1,1,0,0.0,0.0,1,1,0,-1,-1,-1,14,0,25,82,86
517,197,813,94,100,6,22,22,48,48,0,22,22,51,51,0,0.028455699649409444,0.035569624561761805,90,94,4,2,3,3,2,30,95,7,26
518,12,12,37,37,0,12,12,32,32,0,12,12,37,37,0,0.0018380475850097008,0.0018380475850097008,44,44,0,-1,4,4,2,2,91,83,89
519,12,114,35,82,47,14,14,32,32,0,12,14,35,38,3,0.0002042275094455223,0.00037441710065012424,30,32,2,4,4,4,3,2,94,56,60
520,0,616,1,100,99,0,62,1,43,42,0,62,1,52,51,0.0,0.0156914803090643,1,81,80,2,-1,3,7,0,46,93,15
521,0,206,1,88,87,0,16,1,28,27,0,7,1,33,32,0.0,0.00017018959120460194,1,30,29,3,-1,4,7,0,24,91,56
522,0,0,1,1,0,0,0,1,1,0,0,0,1,1,0,0.0,0.0,1,1,0,-1,-1,-1,3,0,81,67,45
523,16,117,32,77,45,70,70,40,40,0,16,17,32,37,5,0.0023486163586235067,0.0023486163586235067,43,43,0,5,3,3,9,2,29,94,58
524,160,160,86,86,0,134,134,92,92,0,134,134,93,93,0,0.019776030497974745,0.019776030497974745,84,84,0,-1,2,2,6,12,65,37,91
525,0,0,1,1,0,0,0,1,1,0,0,0,1,1,0,0.0,0.0,1,1,0,-1,-1,-1,4,1,79,45,97
526,16,1656,32,100,68,138,226,61,72,11,16,226,32,89,57,0.002586881786309949,0.029749140542564417,47,90,43,1,3,2,17,2,20,94,10
527,0,616,1,100,99,0,34,1,37,36,0,24,1,48,47,0.0,0.003778208924742163,1,49,48,2,-1,3,6,0,59,93,64
528,16,632,33,100,67,34,76,33,48,15,16,76,33,55,22,0.0005446066918547262,0.01960584090677014,34,83,49,2,3,3,6,1,40,4,9
529,0,206,1,91,90,0,20,1,33,32,0,16,1,43,42,0.0,0.0042547397801150485,1,53,52,3,-1,4,4,0,84,98,72
530,134,134,80,80,0,176,176,85,85,0,134,134,80,80,0,0.008747744987916539,0.008747744987916539,64,64,0,-1,2,2,8,6,42,13,36
531,100,100,73,73,0,100,100,94,94,0,100,100,94,94,0,0.03652268627250757,0.03757786173797611,96,97,1,3,1,1,4,1,67,50,43
532,100,100,64,64,0,100,100,49,49,0,100,100,64,64,0,0.03887130263113108,0.04064127437965894,93,95,2,2,1,1,8,17,42,6,54
533,167,783,93,100,7,48,48,70,70,0,48,48,72,72,0,0.026855917492086184,0.05200993907212635,91,97,6,2,3,3,3,29,94,0,10
534,12,218,39,95,56,14,14,34,34,0,12,14,39,40,1,0.00030634126416828345,0.008645631233193778,33,67,34,3,4,4,3,2,60,56,39
535,0,616,1,100,99,0,54,1,38,37,0,40,1,54,53,0.0,0.0057524081827155455,1,55,54,2,-1,3,8,0,21,40,48
536,204,820,92,100,8,120,120,86,86,0,120,120,86,86,0,0.02021852343510671,0.04169644984512747,85,95,10,2,2,2,6,16,65,12,10
537,22,1662,41,100,59,44,90,36,49,13,22,82,41,63,22,0.0004084550188910446,0.01681473161101467,34,80,46,1,3,2,9,2,23,63,48
538,0,0,1,1,0,0,0,1,1,0,0,0,1,1,0,0.0,0.0,1,1,0,-1,-1,-1,11,0,19,98,59
539,61,61,58,58,0,106,106,59,59,0,61,61,58,58,0,0.0045270431260424114,0.0045270431260424114,55,55,0,-1,3,3,11,6,38,35,96
540,226,432,91,100,9,144,144,91,91,0,144,144,91,91,0,0.02314578440382586,0.026039007454304094,85,86,1,3,2,2,6,19,74,15,28
541,0,206,1,93,92,0,26,1,35,34,0,22,1,45,44,0.0,0.004493005207801491,1,51,50,3,-1,4,5,0,45,82,47
542,212,828,93,100,7,88,88,84,84,0,88,88,84,84,0,0.025085945743558324,0.0390755301405766,88,97,9,2,2,2,4,19,67,15,37
543,0,616,1,100,99,0,22,1,41,40,0,22,1,45,44,0.0,0.017018959120460194,1,83,82,2,-1,3,2,0,68,86,16
544,6,108,34,87,53,12,12,39,39,0,6,12,34,43,9,0.0020422750944552232,0.007726607440688927,45,66,21,4,4,4,2,2,97,94,8
545,0,1640,1,100,99,0,80,1,57,56,0,80,1,61,60,0.0,0.030327785152660065,1,89,88,1,-1,2,6,0,41,85,18
546,2,208,27,90,63,12,16,29,32,3,2,12,27,35,8,0.0002042275094455223,0.0031314884781646754,31,46,15,3,5,4,6,1,48,60,73
547,40,246,47,89,42,64,68,40,42,2,40,50,47,50,3,0.004050512270669526,0.0053099152455835805,49,56,7,3,3,3,8,6,27,73,54
548,102,102,73,73,0,166,166,83,83,0,102,102,73,73,0,0.009462541270975866,0.009462541270975866,68,68,0,-1,2,2,8,7,42,62,67
549,100,100,62,62,0,100,100,43,43,0,100,100,62,62,0,0.02811532046700024,0.05592429966983219,90,100,10,1,1,1,12,8,14,8,7
550,0,206,1,91,90,0,21,1,30,29,0,8,1,32,31,0.0,0.00088498587426393,1,38,37,3,-1,4,9,0,31,85,74
551,182,388,91,99,8,118,118,93,93,0,118,118,93,93,0,0.023996732359848873,0.026992069165049867,85,89,4,3,2,2,5,18,49,30,22
552,0,0,1,1,0,0,0,1,1,0,0,0,1,1,0,0.0,0.0,1,1,0,-1,-1,-1,3,0,82,99,36
553,166,782,86,100,14,124,124,76,76,0,124,124,81,81,0,0.016712617856291908,0.025766704108376733,80,89,9,2,3,3,9,16,26,12,20
554,22,124,40,79,39,90,90,42,42,0,22,24,40,44,4,0.00088498587426393,0.0011913271384322134,37,38,1,4,3,3,12,2,3,63,55
555,67,667,65,100,35,70,70,59,59,0,70,70,66,66,0,0.007147962830593281,0.02382654276864427,62,86,24,2,3,3,5,8,80,57,9
556,0,616,1,100,99,0,74,1,44,43,0,72,1,57,56,0.0,0.009564655025698629,1,69,68,2,-1,3,8,0,42,96,20
557,0,206,1,94,93,0,28,1,33,32,0,12,1,36,35,0.0,0.0031314884781646754,1,49,48,3,-1,4,6,0,32,79,29
558,100,100,59,59,0,100,100,39,39,0,100,100,59,59,0,0.02644746247319514,0.02644746247319514,88,88,0,-1,1,1,14,9,16,39,59
559,2,208,26,88,62,8,18,26,30,4,2,8,26,33,7,6.807583648184077e-05,0.0006126825283365669,27,36,9,3,5,4,7,1,24,78,42
560,0,0,1,1,0,0,0,1,1,0,0,0,1,1,0,0.0,0.0,1,1,0,-1,-1,-1,10,0,11,96,81
561,70,686,59,100,41,128,128,69,69,0,70,128,59,81,22,0.005786446100956465,0.014602266925354846,58,78,20,2,3,3,8,5,30,47,27
562,196,812,87,100,13,224,234,76,80,4,196,234,87,92,5,0.014295925661186561,0.03781612716566255,73,95,22,2,2,2,15,14,7,14,1
563,2,618,29,100,71,6,38,29,46,17,2,38,29,52,23,0.00013615167296368154,0.014500153170632085,32,80,48,2,5,3,3,1,75,60,20
564,77,77,72,72,0,48,48,59,59,0,48,48,63,63,0,0.008305252050784574,0.008305252050784574,65,65,0,-1,3,3,3,8,75,44,85
565,319,935,96,100,4,144,144,92,92,0,144,144,92,92,0,0.03264236359304265,0.04465774873208755,90,93,3,2,2,2,6,29,48,11,37
566,0,206,1,92,91,0,18,1,37,36,0,18,1,46,45,0.0,0.007692569522448007,1,62,61,3,-1,4,3,0,85,86,77
567,6,108,31,84,53,18,18,38,38,0,6,8,31,36,5,0.0010892133837094523,0.0013615167296368155,39,40,1,4,4,4,3,1,85,71,49
568,1,617,26,100,74,2,22,26,41,15,1,22,26,45,19,3.4037918240920386e-05,0.010007147962830594,26,69,43,2,6,3,2,2,68,58,21
569,339,545,98,100,2,152,152,98,98,0,152,152,98,98,0,0.04360257326661901,0.04819769222914327,96,96,0,3,2,2,5,29,45,11,62
570,40,142,46,82,36,120,120,57,57,0,40,44,46,50,4,0.0019741992579733825,0.002586881786309949,42,47,5,4,2,2,14,2,17,42,51
571,180,386,90,98,8,132,132,74,74,0,132,132,81,81,0,0.020456788862793153,0.02464345280642636,83,86,3,3,2,2,8,17,21,6,57
572,100,100,62,62,0,100,100,43,43,0,100,100,62,62,0,0.029919330133769018,0.03332312195786106,91,92,1,3,1,1,12,15,14,19,29
573,150,766,84,100,16,208,208,88,88,0,150,166,84,86,2,0.014329963579427483,0.01606589740971442,76,78,2,2,2,2,10,8,11,17,42
574,0,616,1,100,99,0,66,1,43,42,0,66,1,55,54,0.0,0.02018448551686579,1,85,84,2,-1,3,6,0,40,93,0
575,0,1640,1,100,99,0,114,1,59,58,0,114,1,76,75,0.0,0.031451036454610434,1,91,90,1,-1,2,10,0,12,91,10
576,184,184,95,95,0,96,96,94,94,0,96,96,94,94,0,0.028932230504782327,0.028932230504782327,92,92,0,-1,2,2,3,16,94,18,36
577,0,206,1,92,91,0,22,1,32,31,0,8,1,34,33,0.0,0.0012934408931549745,1,39,38,3,-1,4,5,0,63,80,61
578,12,628,35,100,65,18,28,35,44,9,12,28,35,51,16,0.0017018959120460194,0.010177337554035196,41,69,28,2,4,3,3,2,94,52,26
579,270,270,98,98,0,96,96,94,94,0,96,96,94,94,0,0.041185881071513664,0.041185881071513664,95,95,0,-1,2,2,3,27,85,10,40
580,101,101,77,77,0,88,88,71,71,0,88,88,71,71,0,0.009734844616903231,0.009734844616903231,69,69,0,-1,2,2,4,8,53,44,84
581,150,766,85,100,15,150,160,85,93,8,150,160,89,94,5,0.017121072875182955,0.03434425950508867,81,91,10,2,2,2,7,8,46,20,23
582,78,1718,63,100,37,142,166,79,85,6,78,118,63,80,17,0.009190237925048503,0.02205657102011641,67,84,17,1,2,2,8,7,57,62,42
583,8,109,34,80,46,10,10,31,31,0,8,9,34,34,0,0.000442492937131965,0.0009190237925048504,33,34,1,5,4,4,3,2,94,63,42
584,73,73,67,67,0,78,78,77,77,0,73,73,78,78,0,0.010824058000612683,0.010824058000612683,72,72,0,-1,2,2,4,4,78,22,92
585,60,266,58,94,36,74,74,64,64,0,59,74,58,69,11,0.006773545729943157,0.012389802239695021,59,72,13,3,2,2,5,6,88,41,24
586,0,0,1,1,0,0,0,1,1,0,0,0,1,1,0,0.0,0.0,1,1,0,-1,-1,-1,12,0,14,96,89
587,16,118,34,76,42,122,122,62,62,0,16,18,34,40,6,0.0018040096667687805,0.0018720855032506212,41,42,1,4,3,3,12,1,2,53,4
588,22,22,42,42,0,50,50,39,39,0,22,22,42,42,0,0.0012594029749140542,0.0012594029749140542,39,39,0,-1,3,3,8,2,39,74,85
589,88,294,59,94,35,196,196,79,79,0,88,106,59,74,15,0.008441403723748256,0.010721944245889922,61,68,7,3,2,2,12,4,2,72,70
590,0,206,1,86,85,0,32,1,32,31,0,29,1,43,42,0.0,0.0046972327172470135,1,51,50,3,-1,4,8,0,27,40,57
591,49,49,54,54,0,98,98,52,52,0,49,49,55,55,0,0.004356853534837809,0.004356853534837809,54,54,0,-1,3,3,8,4,39,22,80
592,6,212,32,95,63,8,8,32,32,0,6,8,32,37,5,0.00176997174852786,0.005377991082065421,43,56,13,3,4,4,2,1,95,53,72
593,96,96,71,71,0,88,88,71,71,0,88,88,71,71,0,0.009973110044589673,0.009973110044589673,70,70,0,-1,2,2,4,7,53,48,92
594,0,0,1,1,0,0,0,1,1,0,0,0,1,1,0,0.0,0.0,1,1,0,-1,-1,-1,3,0,82,80,91
595,82,698,72,100,28,46,46,82,82,0,46,46,82,82,0,0.015521290717859695,0.02117158514585248,79,84,5,2,2,2,2,8,95,20,52
596,0,0,1,1,0,0,0,1,1,0,0,0,1,1,0,0.0,0.0,1,1,0,-1,-1,-1,13,1,13,69,86
597,57,673,67,100,33,38,38,52,52,0,38,38,55,55,0,0.007147962830593281,0.023486163586235065,65,88,23,2,3,3,3,8,66,44,15
598,2,1642,26,100,74,16,78,27,33,6,2,48,26,51,25,3.4037918240920386e-05,0.009462541270975866,27,66,39,1,5,2,14,1,16,78,52
599,100,100,67,67,0,100,100,55,55,0,100,100,67,67,0,0.037373634228530586,0.04595118962524252,94,97,3,2,1,1,9,16,23,12,8
600,0,616,1,99,98,0,92,1,42,41,0,54,1,52,51,0.0,0.006773545729943157,1,57,56,2,-1,3,11,1,5,45,72
601,100,306,66,95,29,130,130,85,85,0,98,104,68,78,10,0.008645631233193778,0.010279451308757957,66,68,2,3,2,2,7,6,62,41,53
602,0,616,1,100,99,0,52,1,38,37,0,34,1,47,46,0.0,0.007556417849484326,1,62,61,2,-1,3,7,0,43,59,77
603,16,222,40,92,52,50,50,47,47,0,16,50,40,53,13,0.002144388849177984,0.007522379931243405,46,60,14,3,3,3,5,2,88,94,24
604,100,100,67,67,0,100,100,57,57,0,100,100,67,67,0,0.0619490111984751,0.06651009224275843,99,99,0,2,1,1,8,40,21,3,41
605,0,616,1,100,99,0,88,1,46,45,0,88,1,60,59,0.0,0.017155110793423873,1,77,76,2,-1,3,8,0,10,89,16
606,0,101,1,77,76,0,5,1,24,23,0,1,1,24,23,0.0,0.0,1,1,0,5,-1,6,5,0,50,85,78
607,100,100,63,63,0,100,100,47,47,0,100,100,63,63,0,0.037850165083903466,0.037850165083903466,96,96,0,-1,1,1,10,16,22,18,79
608,0,206,1,88,87,0,28,1,34,33,0,20,1,41,40,0.0,0.003880322679464924,1,50,49,3,-1,4,6,0,41,40,62
609,40,40,57,57,0,68,68,76,76,0,40,40,57,57,0,0.004901460226692535,0.004901460226692535,57,57,0,-1,2,2,4,2,78,42,89
610,0,616,1,100,99,0,96,1,38,37,0,58,1,51,50,0.0,0.006773545729943157,1,58,57,2,-1,3,15,0,7,98,34
611,0,206,1,94,93,0,8,1,32,31,0,8,1,37,36,0.0,0.0026889955410327104,1,48,47,3,-1,4,2,0,90,96,41
612,62,163,70,92,22,32,32,69,69,0,32,32,69,69,0,0.008373327887266415,0.008407365805507334,68,69,1,5,3,3,2,7,90,21,65
613,16,222,43,93,50,54,54,59,59,0,16,54,44,62,18,0.004731270635487933,0.00980292045338507,56,67,11,3,3,3,4,1,77,90,44
614,100,100,66,66,0,100,100,45,45,0,100,100,66,66,0,0.0245413390517036,0.02467749072466728,86,86,0,3,1,1,10,9,1,31,63
615,0,206,1,88,87,0,16,1,30,29,0,6,1,29,28,0.0,0.0009530617107457708,1,38,37,3,-1,4,6,0,41,87,71
616,22,22,40,40,0,56,56,38,38,0,22,22,40,40,0,0.0012934408931549745,0.0012934408931549745,40,40,0,-1,3,3,9,3,31,51,87
617,0,1640,1,100,99,0,72,1,76,75,0,72,1,78,77,0.0,0.057728309336600975,1,98,97,1,-1,2,3,1,96,50,10
618,46,147,53,83,30,74,74,62,62,0,46,47,53,53,0,0.004016474352428605,0.0040845501889104465,52,52,0,5,2,2,5,2,37,52,4
619,0,1640,1,100,99,0,78,1,76,75,0,78,1,78,77,0.0,0.05013785356887573,1,98,97,1,-1,2,4,0,78,92,11
620,76,178,67,91,24,70,70,62,62,0,70,70,69,69,0,0.006603356138738555,0.007522379931243405,57,62,5,4,3,3,5,6,45,13,74
621,46,252,59,96,37,28,28,45,45,0,28,28,50,50,0,0.007726607440688927,0.019776030497974745,64,84,20,3,3,3,3,7,58,21,37
622,60,266,69,99,30,56,56,88,88,0,56,56,88,88,0,0.010892133837094524,0.02467749072466728,70,87,17,3,2,2,2,6,93,41,23
623,24,230,47,93,46,44,44,39,39,0,24,30,47,49,2,0.0014295925661186562,0.0034718676605738795,41,49,8,3,3,3,7,3,62,43,46
624,62,678,52,100,48,154,154,66,66,0,62,80,52,54,2,0.003778208924742163,0.005241839409101739,51,52,1,2,2,2,10,6,0,70,61
625,32,32,41,41,0,76,76,55,55,0,32,32,41,41,0,0.0028591851322373124,0.0028591851322373124,42,42,0,-1,3,3,6,2,51,52,82
626,82,288,71,96,25,84,84,74,74,0,84,84,75,75,0,0.010449640899962559,0.011368664692467409,71,74,3,3,2,2,5,7,45,48,64
627,0,616,1,100,99,0,100,1,44,43,0,100,1,65,64,0.0,0.01695088328397835,1,80,79,2,-1,3,10,0,1,36,23
628,202,408,93,98,5,172,172,85,85,0,172,172,90,90,0,0.015555328636100617,0.01589570781850982,78,78,0,3,2,2,9,14,23,32,49
629,100,100,60,60,0,100,100,40,40,0,100,100,60,60,0,0.02631131080023146,0.052724735355185674,90,99,9,2,1,1,14,13,25,33,3
630,0,616,1,100,99,0,42,1,37,36,0,42,1,51,50,0.0,0.01412573606998196,1,76,75,2,-1,3,6,0,41,59,15
631,6,622,29,100,71,34,138,30,60,30,6,138,29,85,56,0.00013615167296368154,0.022226760611321013,28,82,54,2,4,3,13,1,13,65,10
632,100,100,61,61,0,100,100,44,44,0,100,100,61,61,0,0.023179822322066782,0.023179822322066782,85,85,0,-1,1,1,12,7,6,21,76
633,192,398,89,100,11,104,104,85,85,0,104,104,85,85,0,0.023384049831512304,0.0247115286429082,84,84,0,3,2,2,5,19,70,15,52
634,66,666,62,100,38,54,54,54,54,0,54,54,58,58,0,0.005037611899656217,0.01695088328397835,57,80,23,2,3,3,4,6,47,28,5
635,132,338,82,96,14,100,100,66,66,0,100,100,72,72,0,0.013751318969331836,0.017189148711664794,77,81,4,3,2,2,6,8,44,8,28
636,46,46,48,48,0,130,130,61,61,0,46,46,48,48,0,0.0013955546478777359,0.0013955546478777359,42,42,0,-1,2,2,14,2,25,56,76
637,6,212,29,91,62,24,36,31,32,1,6,26,29,45,16,0.00030634126416828345,0.00445896728956057,33,54,21,3,4,4,8,1,39,4,38
638,64,680,58,100,42,140,140,70,70,0,64,80,58,62,4,0.00622893903808843,0.00891793457912114,59,65,6,2,3,3,10,7,12,62,46
639,0,102,1,81,80,0,4,1,26,25,0,3,1,30,29,0.0,0.00017018959120460194,1,30,29,4,-1,5,3,0,81,36,56
640,6,6,28,28,0,15,15,28,28,0,6,6,28,28,0,0.0002723033459273631,0.0002723033459273631,31,31,0,-1,4,4,6,1,56,55,50
641,377,583,99,100,1,168,168,97,97,0,168,168,97,97,0,0.038428809693999116,0.04156029817216379,95,95,0,3,2,2,6,29,59,11,47
642,100,100,58,58,0,100,100,38,38,0,100,100,58,58,0,0.04782327512849314,0.06436570339358044,97,100,3,1,1,1,16,29,9,1,6
643,54,54,55,55,0,114,114,73,73,0,54,54,55,55,0,0.00616086320160659,0.00616086320160659,56,56,0,-1,3,3,9,4,26,38,86
644,16,632,36,100,64,60,60,38,38,0,16,58,36,55,19,0.0011232513019503727,0.00891793457912114,39,65,26,2,3,3,9,1,28,71,77
645,0,1640,1,100,99,0,112,1,62,61,0,112,1,77,76,0.0,0.028421661731168522,1,89,88,1,-1,2,8,0,15,91,9
646,16,16,35,35,0,108,108,62,62,0,16,16,35,35,0,0.0020763130126961434,0.0020763130126961434,44,44,0,-1,3,3,8,1,15,53,91
647,6,6,31,31,0,10,10,32,32,0,6,6,31,31,0,0.00037441710065012424,0.00037441710065012424,33,33,0,-1,4,4,3,1,55,88,96
648,16,16,36,36,0,30,30,36,36,0,16,16,36,36,0,0.003880322679464924,0.003880322679464924,52,52,0,-1,4,4,5,6,61,73,87
649,270,371,96,100,4,88,88,71,71,0,88,88,71,71,0,0.02906838217774601,0.02910242009598693,92,92,0,5,2,2,4,22,53,9,95
650,60,266,56,94,38,130,130,66,66,0,60,84,56,62,6,0.006671431975220395,0.010245413390517035,60,70,10,3,3,3,10,6,12,26,62
651,53,259,61,97,36,38,38,56,56,0,38,38,57,57,0,0.006943735321147759,0.012117498893767658,60,73,13,3,3,3,3,8,60,57,48
652,87,703,66,100,34,114,114,64,64,0,87,114,66,80,14,0.006705469893461316,0.01773375540351952,61,79,18,2,3,3,9,8,31,57,6
653,32,238,41,90,49,52,56,40,41,1,32,47,41,53,12,0.0029612988869600733,0.006467204465774873,43,55,12,3,3,3,6,2,51,75,73
654,0,616,1,100,99,0,40,1,48,47,0,40,1,55,54,0.0,0.009905034208107831,1,66,65,2,-1,3,4,0,84,36,38
655,16,222,39,95,56,42,42,41,41,0,16,42,39,56,17,0.0013274788113958951,0.00796487286837537,42,64,22,3,3,3,6,1,32,71,8
656,386,488,99,100,1,176,176,99,99,0,176,176,99,99,0,0.03917764389529936,0.04006262976956329,96,96,0,4,2,2,5,30,63,7,74
657,205,411,92,100,8,120,120,83,83,0,120,120,85,85,0,0.0245413390517036,0.029715102624323496,88,91,3,3,2,2,6,15,59,16,57
658,224,325,91,96,5,246,246,95,95,0,246,246,95,95,0,0.017801831240001363,0.017869907076483203,78,78,0,5,2,2,10,13,12,33,55
659,0,206,1,90,89,0,20,1,33,32,0,6,1,31,30,0.0,0.0019741992579733825,1,44,43,3,-1,4,4,0,79,81,53
660,0,0,1,1,0,0,0,1,1,0,0,0,1,1,0,0.0,0.0,1,1,0,-1,-1,-1,3,0,85,86,97
661,0,0,1,1,0,0,0,1,1,0,0,0,1,1,0,0.0,0.0,1,1,0,-1,-1,-1,3,0,87,91,81
662,184,384,92,100,8,48,48,69,69,0,48,48,70,70,0,0.021920419347152727,0.02733244834745907,88,89,1,3,3,3,3,19,55,15,27
663,118,219,80,93,13,124,124,76,76,0,124,124,81,81,0,0.013921508560536438,0.013955546478777357,73,73,0,5,3,3,9,13,26,33,55
664,262,862,95,100,5,254,254,90,90,0,254,254,93,93,0,0.020048333843902106,0.025766704108376733,82,88,6,2,2,2,12,17,14,6,25
665,0,102,1,77,76,0,9,1,27,26,0,2,1,27,26,0.0,0.00017018959120460194,1,32,31,4,-1,5,8,1,57,50,60
666,0,0,1,1,0,0,0,1,1,0,0,0,1,1,0,0.0,0.0,1,1,0,-1,-1,-1,5,0,45,76,98
667,136,136,79,79,0,216,216,93,93,0,136,136,80,80,0,0.011368664692467409,0.011368664692467409,73,73,0,-1,2,2,9,7,28,62,82
668,0,206,1,91,90,0,47,1,31,30,0,14,1,32,31,0.0,0.002927260968719153,1,46,45,3,-1,4,16,0,4,84,73
669,32,648,49,100,51,48,48,47,47,0,32,48,49,53,4,0.001599782157323258,0.007522379931243405,43,62,19,2,3,3,6,3,65,51,34
670,34,34,45,45,0,86,86,43,43,0,34,34,45,45,0,0.002144388849177984,0.002144388849177984,44,44,0,-1,3,3,10,3,12,54,98
671,34,650,52,100,48,44,54,49,52,3,34,54,52,56,4,0.0030293747234419145,0.013785356887572755,50,77,27,2,3,3,4,6,79,70,8
672,94,300,72,96,24,64,64,70,70,0,64,64,70,70,0,0.01327478811395895,0.01592974573675074,73,79,6,3,3,3,4,9,84,27,22
673,64,64,70,70,0,18,18,47,47,0,18,18,49,49,0,0.005650294427992784,0.005650294427992784,59,59,0,-1,3,3,2,8,99,57,97
674,0,206,1,94,93,0,8,1,32,31,0,8,1,37,36,0.0,0.0035059055788147996,1,50,49,3,-1,4,2,0,90,99,22
675,160,262,86,95,9,134,134,73,73,0,134,134,84,84,0,0.017972020831205963,0.018074134585928724,80,80,0,4,3,3,9,12,29,37,60
676,100,100,59,59,0,100,100,40,40,0,100,100,59,59,0,0.018074134585928724,0.021648116001225366,79,84,5,2,1,1,15,4,7,38,41
677,40,40,47,47,0,45,45,39,39,0,40,40,47,47,0,0.006977773239388679,0.006977773239388679,56,56,0,-1,2,2,6,1,51,78,66
678,2,208,28,94,66,7,28,28,33,5,2,8,28,34,6,0.0,0.001599782157323258,1,42,41,3,5,4,6,1,32,68,53
679,77,693,57,100,43,88,88,47,47,0,77,88,57,60,3,0.006569318220497634,0.008543517478471017,58,65,7,2,3,3,8,8,10,57,43
680,100,100,72,72,0,100,100,79,79,0,100,100,80,80,0,0.06034922904115184,0.07621089894142075,99,99,0,2,1,1,5,27,37,10,9
681,291,491,99,100,1,56,56,80,80,0,56,56,81,81,0,0.04581503795227884,0.048674223084516154,97,98,1,3,2,2,2,36,91,2,35
682,145,145,81,81,0,188,188,80,80,0,145,145,81,81,0,0.009905034208107831,0.009905034208107831,70,70,0,-1,2,2,10,8,0,44,82
683,60,260,57,95,38,100,100,55,55,0,60,100,57,68,11,0.0088498587426393,0.010381565063480718,65,67,2,3,3,3,9,9,26,31,70
684,125,125,82,82,0,84,84,74,74,0,84,84,75,75,0,0.017869907076483203,0.017869907076483203,81,81,0,-1,2,2,5,12,45,37,80
685,0,0,1,1,0,0,0,1,1,0,0,0,1,1,0,0.0,0.0,1,1,0,-1,-1,-1,14,1,8,69,36
686,76,692,57,100,43,66,76,47,54,7,76,76,60,60,0,0.006603356138738555,0.02038871302631131,56,80,24,2,3,3,6,6,71,13,18
687,30,131,53,90,37,22,22,54,54,0,22,22,54,54,0,0.006092787365124749,0.006092787365124749,61,61,0,5,3,3,2,4,99,38,95
688,72,688,67,100,33,38,48,55,65,10,38,48,58,66,8,0.012594029749140543,0.025494400762449368,76,88,12,2,3,3,3,8,76,20,14
689,48,664,51,100,49,114,134,61,66,5,48,120,51,76,25,0.0024507301133462676,0.012151536812008578,44,69,25,2,3,3,12,3,2,54,8
690,0,0,1,1,0,0,0,1,1,0,0,0,1,1,0,0.0,0.0,1,1,0,-1,-1,-1,8,0,42,67,87
691,0,206,1,92,91,0,13,1,29,28,0,6,1,29,28,0.0,0.0004084550188910446,1,32,31,3,-1,4,6,0,65,59,4
692,0,206,1,94,93,0,18,1,35,34,0,18,1,44,43,0.0,0.0033016780693692774,1,50,49,3,-1,4,3,0,66,92,22
693,138,344,86,96,10,64,64,63,63,0,64,64,64,64,0,0.011845195547840293,0.01756356581231492,74,82,8,3,3,3,4,14,79,32,21
694,47,148,57,88,31,34,34,45,45,0,34,34,53,53,0,0.007522379931243405,0.007522379931243405,63,63,0,6,3,3,4,8,84,44,68
695,0,616,1,99,98,0,86,1,41,40,0,54,1,54,53,0.0,0.00796487286837537,1,62,61,2,-1,3,11,1,19,69,17
696,0,0,1,1,0,0,0,1,1,0,0,0,1,1,0,0.0,0.0,1,1,0,-1,-1,-1,2,0,68,99,89
697,78,284,63,95,32,158,158,83,83,0,78,92,63,67,4,0.009122162088566664,0.012151536812008578,66,71,5,3,2,2,9,4,26,72,41
698,16,222,44,94,50,34,34,47,47,0,16,34,45,54,9,0.002586881786309949,0.007522379931243405,49,62,13,3,3,3,4,2,78,94,62
699,580,1196,100,100,0,288,288,99,99,0,288,288,99,99,0,0.04894652643044351,0.057898498927805575,95,99,4,2,2,2,9,40,28,3,33
700,25,25,51,51,0,46,46,40,40,0,25,25,51,51,0,0.003880322679464924,0.003880322679464924,53,53,0,-1,3,3,6,6,44,73,97
701,96,302,62,96,34,118,118,71,71,0,96,104,63,75,12,0.010449640899962559,0.011198475101262807,69,71,2,3,2,2,8,6,10,34,61
702,62,163,55,83,28,134,134,66,66,0,62,62,55,55,0,0.004220701861874128,0.004220701861874128,51,51,0,5,2,2,10,6,22,70,68
703,0,206,1,88,87,0,27,1,33,32,0,6,1,29,28,0.0,0.0021784267674189047,1,44,43,3,-1,4,6,0,41,81,46
704,137,239,89,97,8,32,32,63,63,0,32,32,64,64,0,0.02011640968038395,0.021716191837707205,86,86,0,4,3,3,2,16,86,12,90
705,6,6,29,29,0,16,16,30,30,0,6,6,29,29,0,6.807583648184077e-05,6.807583648184077e-05,27,27,0,-1,4,4,6,1,59,65,93
706,196,812,88,100,12,176,176,75,75,0,176,176,87,87,0,0.020014295925661188,0.03097450559923755,83,91,8,2,3,3,11,16,33,18,37
707,6,622,27,100,73,17,36,27,30,3,6,18,27,40,13,0.00013615167296368154,0.00176997174852786,30,40,10,2,4,3,12,1,2,78,51
708,100,100,72,72,0,100,100,77,77,0,100,100,77,77,0,0.03002144388849178,0.07260287960788318,91,100,9,1,1,1,6,6,69,26,3
709,32,32,48,48,0,78,78,45,45,0,32,32,48,48,0,0.003608019333537561,0.003608019333537561,51,51,0,-1,3,3,8,2,15,75,89
710,40,1680,60,100,40,56,80,84,95,11,40,80,82,95,13,0.009632730862180468,0.07454304094761564,68,98,30,1,2,2,2,2,98,94,11
711,170,370,90,98,8,128,128,93,93,0,128,128,93,93,0,0.018959120460192654,0.026073045372545015,82,86,4,3,2,2,5,14,88,14,8
712,0,616,1,100,99,0,53,1,36,35,0,30,1,43,42,0.0,0.0028591851322373124,1,48,47,2,-1,3,12,0,2,87,41
713,318,934,94,100,6,152,152,96,96,0,152,152,96,96,0,0.038394771775758195,0.04173048776336839,91,94,3,2,2,2,5,29,61,0,28
714,40,246,45,94,49,174,174,67,67,0,40,52,45,48,3,0.0048674223084516155,0.005990673610401988,52,57,5,3,2,2,15,1,7,90,74
715,66,682,64,100,36,70,80,59,67,8,70,80,66,68,2,0.009564655025698629,0.034854828278702475,69,90,21,2,3,3,5,6,80,77,10
716,38,244,54,97,43,32,32,58,58,0,32,32,60,60,0,0.0031314884781646754,0.016712617856291908,50,80,30,3,3,3,2,3,91,54,18
717,8,1648,38,100,62,8,46,33,82,49,8,46,38,82,44,0.0005105687736138058,0.05486912420436366,34,98,64,1,4,2,2,2,99,63,94
718,104,206,75,88,13,132,132,75,75,0,104,106,76,76,0,0.007147962830593281,0.007216038667075122,60,60,0,4,2,2,8,6,10,26,95
719,6,212,33,94,61,12,12,40,40,0,6,12,33,41,8,0.0007488342013002485,0.002382654276864427,39,47,8,3,4,4,2,2,90,42,53
720,0,616,1,99,98,0,86,1,41,40,0,56,1,52,51,0.0,0.006943735321147759,1,57,56,2,-1,3,11,0,5,66,21
721,38,238,46,88,42,128,128,66,66,0,38,39,46,46,0,0.0018380475850097008,0.0020763130126961434,42,42,0,3,3,3,12,3,2,43,56
722,100,100,76,76,0,100,100,96,96,0,100,100,96,96,0,0.05589026175159127,0.0661356751421083,98,99,1,2,1,1,3,6,58,35,14
723,80,1720,69,100,31,84,108,74,92,18,84,108,75,92,17,0.010687906327649,0.048129616392661424,73,96,23,1,2,2,5,6,45,77,10
724,342,342,97,97,0,224,224,99,99,0,224,224,99,99,0,0.03209775690118792,0.03209775690118792,90,90,0,-1,2,2,8,22,39,9,76
725,106,1746,77,100,23,120,144,80,87,7,120,144,81,88,7,0.01055175465468532,0.03880322679464924,71,95,24,1,2,2,6,7,34,48,39
726,22,638,47,100,53,34,54,44,53,9,22,54,47,57,10,0.0013274788113958951,0.0123557643214541,42,77,35,2,3,3,4,2,47,63,8
727,100,100,62,62,0,100,100,48,48,0,100,100,62,62,0,0.026719765819122502,0.02923857176895061,88,88,0,2,1,1,10,5,11,25,94
728,209,809,94,100,6,144,144,90,90,0,144,144,90,90,0,0.023622315259198747,0.03284659110248817,87,93,6,2,2,2,6,20,59,23,39
729,0,101,1,73,72,0,16,1,24,23,0,1,1,24,23,0.0,3.4037918240920386e-05,1,25,24,5,-1,6,16,0,4,92,68
730,1,617,26,100,74,9,56,26,38,12,1,23,26,44,18,3.4037918240920386e-05,0.003369753905851118,27,50,23,2,6,3,9,2,23,58,29
731,22,638,43,100,57,94,104,39,57,18,22,39,43,49,6,0.0013615167296368155,0.0034037918240920387,41,47,6,2,3,3,13,2,13,74,61
732,66,272,63,96,33,48,48,62,62,0,48,48,64,64,0,0.006705469893461316,0.02569862827189489,61,88,27,3,3,3,3,6,64,13,7
733,342,548,98,99,1,224,224,96,96,0,224,224,96,96,0,0.03533135913407536,0.0390755301405766,92,94,2,3,2,2,8,29,30,0,47
734,28,234,48,95,47,46,46,41,41,0,28,40,48,51,3,0.00176997174852786,0.0033357159876101976,43,51,8,3,3,3,6,3,34,54,61
735,28,130,43,80,37,100,100,39,39,0,28,28,43,43,0,0.0015317063208414173,0.0016338200755641784,40,40,0,4,3,3,14,3,16,43,60
736,32,32,45,45,0,92,92,50,50,0,32,32,45,45,0,0.004118588107151367,0.004118588107151367,51,51,0,-1,3,3,7,3,46,29,66
737,265,881,97,100,3,88,88,84,84,0,88,88,84,84,0,0.035603662480002726,0.04380680077606454,92,97,5,2,2,2,4,30,67,7,77
738,0,102,1,81,80,0,3,1,27,26,0,3,1,31,30,0.0,0.001157289220191293,1,37,36,4,-1,5,2,0,95,92,54
739,0,102,1,81,80,0,6,1,29,28,0,3,1,30,29,0.0,0.0013274788113958951,1,38,37,4,-1,5,3,0,81,40,61
740,42,143,52,84,32,94,94,51,51,0,40,40,51,51,0,0.003642057251778481,0.003642057251778481,51,51,0,5,3,3,9,6,23,41,68
741,6,622,33,100,67,16,34,33,46,13,6,34,33,54,21,0.00030634126416828345,0.013683243132849994,34,77,43,2,4,3,4,1,78,88,12
742,184,286,88,95,7,318,318,91,91,0,184,186,88,88,0,0.013444977705163553,0.013683243132849994,75,76,1,4,2,2,16,8,4,17,88
743,206,822,93,100,7,120,120,90,90,0,120,120,90,90,0,0.028217434221723,0.034105994077402224,88,92,4,2,2,2,6,22,69,9,83
744,2,2,26,26,0,13,13,26,26,0,2,2,26,26,0,6.807583648184077e-05,6.807583648184077e-05,28,28,0,-1,5,5,12,1,6,78,84
745,100,100,62,62,0,100,100,45,45,0,100,100,62,62,0,0.022839443139657578,0.04687021341774737,83,99,16,1,1,1,12,6,3,77,9
746,1,1641,26,100,74,8,92,26,52,26,1,92,26,65,39,3.4037918240920386e-05,0.0283876238129276,27,86,59,1,6,2,8,2,57,58,15
747,100,100,69,69,0,100,100,66,66,0,100,100,72,72,0,0.05888559855679227,0.07284114503556963,99,100,1,2,1,1,6,30,44,7,15
748,6,6,30,30,0,19,19,30,30,0,6,6,30,30,0,0.00017018959120460194,0.00017018959120460194,30,30,0,-1,4,4,8,1,21,55,96
749,182,798,86,100,14,150,160,74,75,1,150,160,82,83,1,0.012900371013308825,0.022635215630212056,73,82,9,2,3,3,10,14,12,14,20
750,6,212,29,89,60,18,22,33,34,1,6,13,29,35,6,0.00017018959120460194,0.0014295925661186562,32,40,8,3,4,4,5,1,61,4,74
751,0,616,1,100,99,0,38,1,50,49,0,38,1,53,52,0.0,0.019367575479083698,1,83,82,2,-1,3,3,0,94,99,18
752,55,261,55,95,40,56,56,48,48,0,55,56,56,56,0,0.004561081044283332,0.00789679703189353,53,62,9,3,3,3,6,6,65,28,35
753,0,0,1,1,0,0,0,1,1,0,0,0,1,1,0,0.0,0.0,1,1,0,-1,-1,-1,6,0,32,81,86
754,92,298,65,94,29,138,138,71,71,0,92,98,65,65,0,0.0088498587426393,0.0088498587426393,67,67,0,3,2,2,9,7,54,48,95
755,166,782,90,100,10,78,88,79,81,2,78,88,80,81,1,0.023690391095680587,0.029442799278396135,86,89,3,2,2,2,4,17,72,6,26
756,184,390,94,100,6,56,56,88,88,0,56,56,88,88,0,0.03209775690118792,0.03686306545491678,92,94,2,3,2,2,2,15,93,16,25
757,16,222,35,93,58,26,30,37,37,0,16,22,35,40,5,0.0011913271384322134,0.003165526396405596,37,44,7,3,3,3,4,1,67,49,61
758,0,616,1,100,99,0,78,1,38,37,0,73,1,59,58,0.0,0.00891793457912114,1,66,65,2,-1,3,11,0,38,97,33
759,29,235,52,97,45,22,22,49,49,0,22,22,50,50,0,0.003710133088260322,0.009973110044589673,51,68,17,3,3,3,2,4,93,22,32
760,244,244,94,94,0,222,222,90,90,0,222,222,95,95,0,0.021137547227611558,0.021137547227611558,85,85,0,-1,2,2,10,18,36,5,96
761,46,46,48,48,0,116,116,58,58,0,46,46,48,48,0,0.002927260968719153,0.002927260968719153,49,49,0,-1,2,2,14,2,25,83,85
762,32,648,46,100,54,78,108,44,68,24,32,108,46,76,30,0.00353994349705572,0.022430988120766535,52,87,35,2,3,3,8,2,10,75,9
763,40,40,47,47,0,144,144,61,61,0,40,40,47,47,0,0.0030974505599237552,0.0030974505599237552,48,48,0,-1,2,2,10,1,0,53,99
764,268,474,96,99,3,216,216,93,93,0,216,216,94,94,0,0.025188059498281085,0.026379386636713298,88,88,0,3,2,2,9,15,28,16,83
765,76,76,69,69,0,38,38,57,57,0,38,38,59,59,0,0.008101024541339052,0.008101024541339052,62,62,0,-1,3,3,3,13,55,24,99
766,70,686,58,100,42,92,102,53,63,10,70,102,58,71,13,0.005616256509751864,0.015997821573232582,57,79,22,2,3,3,7,6,24,28,39
767,1,1,25,25,0,2,2,25,25,0,1,1,25,25,0,0.0,0.0,1,1,0,-1,6,6,2,1,98,68,36
768,16,632,44,100,56,28,28,46,46,0,16,28,43,53,10,0.0031314884781646754,0.007998910786616291,52,63,11,2,3,3,3,1,87,90,28
769,6,622,29,100,71,17,58,29,38,9,6,58,29,55,26,6.807583648184077e-05,0.013002484768031588,28,74,46,2,4,3,8,1,10,95,6
770,0,0,1,1,0,0,0,1,1,0,0,0,1,1,0,0.0,0.0,1,1,0,-1,-1,-1,2,0,98,79,96
771,0,206,1,89,88,0,48,1,38,37,0,36,1,52,51,0.0,0.006024711528642908,1,59,58,3,-1,4,8,0,57,92,21
772,0,102,1,79,78,0,4,1,26,25,0,2,1,26,25,0.0,0.0002042275094455223,1,31,30,4,-1,5,3,0,58,80,88
773,0,616,1,100,99,0,44,1,33,32,0,16,1,31,30,0.0,0.0011913271384322134,1,38,37,2,-1,3,14,0,17,93,42
774,80,696,56,100,44,124,124,85,85,0,80,124,57,88,31,0.006433166547533953,0.014874570271282209,56,77,21,2,2,2,6,3,40,29,14
775,0,206,1,94,93,0,12,1,31,30,0,12,1,36,35,0.0,0.012730181422104225,1,75,74,3,-1,4,2,0,91,80,18
776,36,36,46,46,0,68,68,41,41,0,36,36,46,46,0,0.00353994349705572,0.00353994349705572,51,51,0,-1,3,3,8,6,42,73,98
777,0,0,1,1,0,0,0,1,1,0,0,0,1,1,0,0.0,0.0,1,1,0,-1,-1,-1,8,0,42,91,89
778,39,639,56,100,44,32,32,58,58,0,32,32,59,59,0,0.005241839409101739,0.019912182170938427,57,86,29,2,3,3,2,4,68,22,16
779,16,16,34,34,0,70,70,37,37,0,16,16,34,34,0,0.0006807583648184077,0.0006807583648184077,36,36,0,-1,3,3,11,1,33,49,86
780,120,326,80,95,15,158,158,79,79,0,120,158,80,83,3,0.00888389666088022,0.013785356887572755,68,75,7,3,2,2,9,7,54,21,38
781,200,406,92,98,6,206,206,95,95,0,200,206,95,95,0,0.017291262466387555,0.020252561353347628,80,84,4,3,2,2,9,9,23,27,28
782,8,8,38,38,0,12,12,35,35,0,8,8,38,38,0,0.002723033459273631,0.002723033459273631,48,48,0,-1,4,4,2,2,98,83,86
783,49,49,54,54,0,62,62,46,46,0,49,49,54,54,0,0.003914360597705844,0.003914360597705844,50,50,0,-1,3,3,7,4,62,22,84
784,138,138,89,89,0,88,88,80,80,0,88,88,81,81,0,0.017052997038701112,0.017052997038701112,83,83,0,-1,2,2,4,15,77,19,69
785,2,2,28,28,0,12,12,30,30,0,2,2,28,28,0,0.00013615167296368154,0.00013615167296368154,30,30,0,-1,5,5,6,1,44,65,50
786,24,640,44,100,56,58,68,40,41,1,24,68,44,62,18,0.0013955546478777359,0.010687906327649,41,71,30,2,3,3,8,3,39,43,20
787,96,302,75,99,24,38,38,51,51,0,38,38,54,54,0,0.009258313761530345,0.01950372715204738,67,80,13,3,3,3,3,13,94,24,5
788,0,206,1,90,89,0,27,1,28,27,0,7,1,33,32,0.0,0.0005105687736138058,1,33,32,3,-1,4,13,0,13,59,63
789,0,0,1,1,0,0,0,1,1,0,0,0,1,1,0,0.0,0.0,1,1,0,-1,-1,-1,16,1,9,45,92
790,112,112,76,76,0,198,198,82,82,0,112,112,76,76,0,0.010347527145239796,0.010347527145239796,68,68,0,-1,2,2,10,4,18,38,96
791,100,100,59,59,0,100,100,46,46,0,100,100,59,59,0,0.04789135096497498,0.04789135096497498,97,97,0,-1,1,1,11,30,5,7,98
792,0,102,1,74,73,0,13,1,25,24,0,2,1,25,24,0.0,0.00030634126416828345,1,31,30,4,-1,5,12,0,3,98,55
793,302,918,100,100,0,72,72,85,85,0,72,72,85,85,0,0.04704040300895197,0.0599407740222608,97,99,2,2,2,2,3,40,94,3,37
794,6,206,29,89,60,14,14,32,32,0,6,7,29,35,6,6.807583648184077e-05,0.0005105687736138058,27,35,8,3,4,4,5,1,61,95,56
795,0,102,1,77,76,0,15,1,28,27,0,3,1,29,28,0.0,0.00030634126416828345,1,34,33,4,-1,5,9,0,35,89,56
796,28,28,48,48,0,50,50,46,46,0,28,28,48,48,0,0.0026209197045508697,0.0026209197045508697,48,48,0,-1,3,3,5,3,80,54,85
797,212,1852,88,100,12,232,286,77,88,11,212,286,88,94,6,0.012525953912658701,0.04755097178256578,71,96,25,1,2,2,14,14,16,32,2
798,8,109,38,84,46,12,12,35,35,0,8,12,38,41,3,0.0011913271384322134,0.0013274788113958951,39,42,3,5,4,4,2,2,98,74,78
799,22,22,40,40,0,46,46,38,38,0,22,22,40,40,0,0.003437829742332959,0.003437829742332959,44,44,0,-1,3,3,6,2,71,83,99
800,235,337,91,95,4,248,248,90,90,0,248,248,92,92,0,0.01667857993805099,0.01674665577453283,77,77,0,4,2,2,11,15,33,19,60
801,68,684,68,100,32,62,72,82,83,1,62,72,82,83,1,0.01327478811395895,0.03509309370638892,76,94,18,2,2,2,3,4,85,72,12
802,256,358,94,99,5,88,88,80,80,0,88,88,80,80,0,0.03260832567480173,0.034684638687497875,90,91,1,4,2,2,4,27,84,10,73
803,0,206,1,92,91,0,31,1,30,29,0,9,1,33,32,0.0,0.00088498587426393,1,36,35,3,-1,4,10,0,36,80,64
804,0,0,1,1,0,0,0,1,1,0,0,0,1,1,0,0.0,0.0,1,1,0,-1,-1,-1,10,0,18,40,82
805,78,284,65,95,30,78,78,75,75,0,78,78,76,76,0,0.009870996289866912,0.014772456516559448,69,76,7,3,2,2,4,4,73,72,31
806,0,206,1,95,94,0,10,1,30,29,0,8,1,33,32,0.0,0.0009190237925048504,1,34,33,3,-1,4,3,0,94,99,74
807,0,616,1,100,99,0,92,1,49,48,0,92,1,60,59,0.0,0.02828551005820484,1,89,88,2,-1,3,7,0,46,93,3
808,0,206,1,94,93,0,24,1,35,34,0,24,1,46,45,0.0,0.0048674223084516155,1,54,53,3,-1,4,4,0,53,82,21
809,2,208,27,94,67,5,12,27,29,2,2,8,27,35,8,6.807583648184077e-05,0.0009190237925048504,28,37,9,3,5,4,4,1,53,78,51
810,0,102,1,74,73,0,16,1,25,24,0,2,1,25,24,0.0,6.807583648184077e-05,1,26,25,4,-1,5,15,0,7,99,55
811,0,102,1,76,75,0,6,1,29,28,0,3,1,31,30,0.0,0.0002723033459273631,1,31,30,4,-1,5,3,0,64,79,56
812,0,616,1,100,99,0,36,1,37,36,0,25,1,50,49,0.0,0.0040845501889104465,1,53,52,2,-1,3,5,0,61,96,22
813,32,238,46,92,46,94,94,44,44,0,32,44,46,49,3,0.003199564314646516,0.006058749446883829,50,56,6,3,3,3,12,2,3,83,29
814,0,206,1,92,91,0,19,1,29,28,0,8,1,35,34,0.0,0.0009190237925048504,1,38,37,3,-1,4,8,0,21,91,74
815,12,212,40,92,52,18,18,38,38,0,12,12,40,40,0,0.0010892133837094523,0.0018040096667687805,39,43,4,3,4,4,3,3,76,51,94
816,32,648,41,100,59,76,76,55,55,0,32,76,41,59,18,0.0028591851322373124,0.008066986623098132,42,63,21,2,3,3,6,2,51,52,28
817,0,0,1,1,0,0,0,1,1,0,0,0,1,1,0,0.0,0.0,1,1,0,-1,-1,-1,4,0,79,87,86
818,100,100,77,77,0,100,100,96,96,0,100,100,96,96,0,0.08291636883488206,0.09445522311855407,100,100,0,2,1,1,3,29,82,0,33
819,0,206,1,91,90,0,24,1,36,35,0,24,1,49,48,0.0,0.013989584397018279,1,78,77,3,-1,4,4,0,83,93,16
820,104,310,75,96,21,220,220,73,73,0,104,110,75,76,1,0.007113924912352361,0.009836958371625992,60,66,6,3,2,2,16,6,4,26,90
821,0,102,1,83,82,0,4,1,28,27,0,4,1,32,31,0.0,0.0009870996289866913,1,38,37,4,-1,5,2,0,86,97,51
822,102,302,83,98,15,32,32,58,58,0,32,32,59,59,0,0.017495489975833077,0.022328874366043774,83,88,5,3,3,3,2,17,68,6,25
823,124,740,78,100,22,230,240,87,88,1,124,176,78,88,10,0.010721944245889922,0.018074134585928724,70,80,10,2,2,2,12,6,6,34,25
824,0,0,1,1,0,0,0,1,1,0,0,0,1,1,0,0.0,0.0,1,1,0,-1,-1,-1,4,0,77,93,89
825,6,212,29,91,62,27,32,30,31,1,6,14,29,34,5,3.4037918240920386e-05,0.0008509479560230097,27,38,11,3,4,4,10,1,1,95,51
826,16,632,34,100,66,68,82,36,40,4,16,32,34,42,8,0.0011913271384322134,0.0034718676605738795,39,49,10,2,3,3,11,2,33,42,53
827,226,426,92,98,6,228,228,77,77,0,226,228,92,92,0,0.013138636440995268,0.0195377650702883,71,82,11,3,2,2,15,14,7,32,8
828,0,102,1,82,81,0,6,1,28,27,0,4,1,32,31,0.0,0.001055175465468532,1,40,39,4,-1,5,3,0,75,66,83
829,16,118,40,79,39,60,60,51,51,0,16,18,40,42,2,0.0018040096667687805,0.0020422750944552232,43,44,1,4,3,3,5,1,80,53,88
830,28,28,49,49,0,34,34,39,39,0,28,28,49,49,0,0.0025188059498281084,0.0025188059498281084,47,47,0,-1,3,3,4,6,53,70,50
831,100,100,72,72,0,100,100,71,71,0,100,100,75,75,0,0.04428333163143742,0.044623710813846626,94,94,0,3,1,1,6,16,32,12,42
832,96,198,64,90,26,94,94,62,62,0,94,94,69,69,0,0.011232513019503728,0.01147077844719017,73,74,1,4,2,2,5,6,52,34,88
833,22,124,42,76,34,48,48,37,37,0,22,24,42,45,3,0.0014636304843595766,0.0016338200755641784,43,43,0,4,3,3,7,3,24,51,60
834,190,790,89,100,11,166,166,86,86,0,166,166,88,88,0,0.015725518227305217,0.029681064706082574,79,87,8,2,2,2,8,14,57,14,6
835,0,616,1,100,99,0,72,1,48,47,0,68,1,59,58,0.0,0.00980292045338507,1,67,66,2,-1,3,7,1,62,69,17
836,18,224,47,97,50,18,18,38,38,0,18,18,47,47,0,0.0032336022328874367,0.009394465434494027,50,70,20,3,4,4,3,6,81,70,31
837,56,262,63,95,32,38,38,59,59,0,38,38,62,62,0,0.009122162088566664,0.013751318969331836,69,75,6,3,3,3,3,6,92,77,72
838,32,648,47,100,53,116,136,62,65,3,32,99,47,62,15,0.002280540522141666,0.008271214132543654,44,63,19,2,3,3,11,2,19,52,57
839,6,108,31,77,46,17,18,31,32,1,6,8,31,34,3,0.00037441710065012424,0.0007488342013002485,34,37,3,4,4,4,7,1,62,60,49
840,32,648,46,100,54,66,76,44,48,4,32,76,46,55,9,0.0016338200755641784,0.010415602981721638,40,68,28,2,3,3,6,2,40,74,14
841,56,672,58,100,42,46,56,43,48,5,56,56,58,58,0,0.005718370264474625,0.020763130126961436,53,81,28,2,3,3,6,6,69,13,18
842,20,636,46,100,54,34,54,43,52,9,20,54,46,56,10,0.0011232513019503727,0.019129310051397258,39,84,45,2,3,3,4,3,79,43,30
843,128,128,80,80,0,120,120,79,79,0,120,120,81,81,0,0.015317063208414174,0.015317063208414174,80,80,0,-1,2,2,6,9,44,39,81
844,464,1064,98,100,2,288,288,98,98,0,288,288,98,98,0,0.03727152047380782,0.05235031825453555,96,99,3,2,2,2,9,30,54,7,6
845,6,622,33,100,67,14,48,33,58,25,6,48,33,62,29,0.0002723033459273631,0.03301678069369277,33,94,61,2,4,3,3,1,75,4,3
846,60,162,65,91,26,38,38,57,57,0,38,38,60,60,0,0.005718370264474625,0.007113924912352361,59,61,2,4,3,3,3,6,85,26,83
847,0,0,1,1,0,0,0,1,1,0,0,0,1,1,0,0.0,0.0,1,1,0,-1,-1,-1,14,1,17,69,89
848,100,100,65,65,0,100,100,75,75,0,100,100,77,77,0,0.04625753088941081,0.07393035841927907,97,100,3,2,1,1,5,16,61,12,2
849,6,6,28,28,0,20,20,29,29,0,6,6,28,28,0,6.807583648184077e-05,6.807583648184077e-05,28,28,0,-1,4,4,9,1,31,95,89
850,170,786,84,100,16,120,120,77,77,0,120,120,84,84,0,0.018244324177133328,0.020967357636406957,81,84,3,2,2,2,6,12,40,37,43
851,16,632,37,100,63,66,66,49,49,0,16,32,37,46,9,0.003914360597705844,0.006467204465774873,52,57,5,2,3,3,6,1,41,90,53
852,0,206,1,90,89,0,13,1,27,26,0,8,1,33,32,0.0,0.0006807583648184077,1,36,35,3,-1,4,5,0,50,59,51
853,8,110,37,84,47,18,18,38,38,0,8,18,37,46,9,0.001497668402600497,0.0028591851322373124,42,48,6,4,4,4,3,2,85,61,83
854,0,0,1,1,0,0,0,1,1,0,0,0,1,1,0,0.0,0.0,1,1,0,-1,-1,-1,2,0,95,96,79
855,0,206,1,90,89,0,36,1,35,34,0,32,1,51,50,0.0,0.005990673610401988,1,59,58,3,-1,4,6,0,44,36,34
856,97,97,80,80,0,32,32,63,63,0,32,32,64,64,0,0.01861874127778345,0.01861874127778345,83,83,0,-1,3,3,2,12,86,37,80
857,36,36,53,53,0,54,54,55,55,0,35,35,54,54,0,0.00445896728956057,0.00445896728956057,54,54,0,-1,3,3,4,6,73,41,96
858,216,1816,87,100,13,176,176,88,88,0,176,176,88,88,0,0.024064808196330712,0.03349331154906566,85,94,9,1,2,2,8,18,27,30,83
859,0,206,1,92,91,0,18,1,34,33,0,18,1,47,46,0.0,0.004595118962524252,1,54,53,3,-1,4,3,1,87,45,62
860,86,292,60,93,33,142,142,66,66,0,86,92,60,61,1,0.009122162088566664,0.00970080669866231,69,69,0,3,3,3,12,6,3,34,42
861,142,142,92,92,0,22,22,54,54,0,22,22,54,54,0,0.019946220089179345,0.019946220089179345,84,84,0,-1,3,3,2,17,99,6,45
862,62,678,66,100,34,38,48,51,69,18,38,48,54,71,17,0.008713707069675619,0.023588277340957826,65,90,25,2,3,3,3,9,94,31,12
863,0,616,1,100,99,0,40,1,32,31,0,24,1,44,43,0.0,0.0020422750944552232,1,43,42,2,-1,3,12,0,3,97,54
864,319,525,96,100,4,144,144,92,92,0,144,144,92,92,0,0.03264236359304265,0.033050818611933694,90,91,1,3,2,2,6,29,48,11,56
865,6,108,30,76,46,26,26,35,35,0,6,8,30,36,6,0.000442492937131965,0.0005446066918547262,36,37,1,4,4,4,5,1,80,49,95
866,0,0,1,1,0,0,0,1,1,0,0,0,1,1,0,0.0,0.0,1,1,0,-1,-1,-1,3,0,66,84,92
867,22,22,40,40,0,70,70,35,35,0,22,22,40,40,0,0.0017018959120460194,0.0017018959120460194,41,41,0,-1,3,3,12,3,3,51,92
868,0,206,1,89,88,0,23,1,32,31,0,12,1,37,36,0.0,0.0016678579938050988,1,40,39,3,-1,4,8,0,57,40,83
869,0,1640,1,100,99,0,68,1,76,75,0,68,1,78,77,0.0,0.039279757650022125,1,93,92,1,-1,2,4,0,72,96,23
870,54,54,59,59,0,60,60,51,51,0,54,54,59,59,0,0.006977773239388679,0.006977773239388679,61,61,0,-1,3,3,5,4,80,38,79
871,174,1814,86,100,14,232,256,94,95,1,174,214,87,94,7,0.014432077334150244,0.026651689982640663,78,88,10,1,2,2,10,8,0,17,46
872,0,206,1,92,91,0,18,1,34,33,0,18,1,47,46,0.0,0.004356853534837809,1,54,53,3,-1,4,3,0,87,99,26
873,1,1641,26,100,74,11,120,26,62,36,1,85,26,60,34,3.4037918240920386e-05,0.01678069369277375,26,78,52,1,6,2,11,2,38,58,48
874,562,768,99,100,1,320,320,97,97,0,320,320,97,97,0,0.047993464719697745,0.04836788182034787,98,98,0,3,2,2,11,36,5,2,49
875,0,0,1,1,0,0,0,1,1,0,0,0,1,1,0,0.0,0.0,1,1,0,-1,-1,-1,17,1,20,45,79
876,0,206,1,95,94,0,8,1,31,30,0,6,1,31,30,0.0,0.002586881786309949,1,46,45,3,-1,4,2,0,95,89,94
877,12,12,36,36,0,14,14,32,32,0,12,12,36,36,0,0.0004084550188910446,0.0004084550188910446,34,34,0,-1,4,4,3,2,96,63,66
878,132,338,89,98,9,96,96,90,90,0,96,96,90,90,0,0.02032063718982947,0.02205657102011641,84,88,4,3,2,2,3,13,75,33,94
879,66,272,61,97,36,54,54,56,56,0,54,54,57,57,0,0.006535280302256714,0.010517716736444398,55,68,13,3,3,3,4,6,67,13,34
880,0,206,1,92,91,0,22,1,27,26,0,6,1,27,26,0.0,0.0006126825283365669,1,34,33,3,-1,4,10,0,36,67,42
881,0,102,1,75,74,0,11,1,28,27,0,4,1,31,30,0.0,0.00088498587426393,1,36,35,4,-1,5,6,0,44,86,51
882,96,302,63,94,31,100,100,59,59,0,100,100,64,64,0,0.009190237925048503,0.011164437183021887,65,70,5,3,2,2,6,8,40,57,46
883,6,212,30,89,59,23,32,30,35,5,6,32,30,43,13,0.0002382654276864427,0.006875659484665918,31,57,26,3,4,4,6,1,71,88,77
884,0,0,1,1,0,0,0,1,1,0,0,0,1,1,0,0.0,0.0,1,1,0,-1,-1,-1,4,0,78,59,79
885,100,100,66,66,0,142,142,71,71,0,100,100,66,66,0,0.009088124170325743,0.009088124170325743,65,65,0,-1,2,2,8,6,15,34,98
886,68,684,56,100,44,80,80,62,62,0,68,80,59,65,6,0.006399128629293032,0.018312400013615168,54,80,26,2,2,2,6,4,71,72,39
887,0,616,1,100,99,0,53,1,37,36,0,34,1,46,45,0.0,0.00353994349705572,1,50,49,2,-1,3,9,0,54,97,41
888,0,0,1,1,0,0,0,1,1,0,0,0,1,1,0,0.0,0.0,1,1,0,-1,-1,-1,3,0,64,40,97
889,1,617,26,100,74,6,24,26,33,7,1,17,26,40,14,0.0,0.0016338200755641784,1,41,40,2,6,3,6,2,34,58,49
890,0,101,1,77,76,0,4,1,24,23,0,1,1,24,23,0.0,0.00013615167296368154,1,29,28,5,-1,6,4,0,84,80,55
891,16,632,35,100,65,80,90,41,43,2,16,45,35,51,16,0.0010211375472276116,0.004561081044283332,39,54,15,2,3,3,10,1,18,71,22
892,276,482,98,100,2,96,96,92,92,0,96,96,92,92,0,0.041798563599850236,0.046904251335988294,95,95,0,3,2,2,3,29,81,1,44
893,144,760,81,100,19,290,300,83,86,3,144,194,81,87,6,0.00891793457912114,0.01497668402600497,62,76,14,2,2,2,17,7,20,21,26
894,0,616,1,100,99,0,40,1,41,40,0,40,1,52,51,0.0,0.007352190340038803,1,62,61,2,-1,3,5,0,61,67,21
895,16,222,46,96,50,12,12,41,41,0,12,12,41,41,0,0.002927260968719153,0.007113924912352361,49,60,11,3,4,4,2,6,95,41,38
896,94,300,71,95,24,76,76,60,60,0,76,76,65,65,0,0.010687906327649,0.0156914803090643,70,77,7,3,3,3,6,9,69,27,57
897,16,632,37,100,63,66,66,49,49,0,16,66,37,56,19,0.003914360597705844,0.02396269444160795,52,87,35,2,3,3,6,1,41,90,11
898,56,672,53,100,47,120,188,58,68,10,56,188,53,86,33,0.0016678579938050988,0.02382654276864427,41,87,46,2,2,2,14,2,16,63,11
899,6,212,32,93,61,18,18,35,35,0,6,18,32,45,13,0.0016338200755641784,0.009156200006807584,43,64,21,3,4,4,3,1,58,53,33
900,0,102,1,84,83,0,3,1,27,26,0,3,1,33,32,0.0,0.001157289220191293,1,41,40,4,-1,5,2,0,93,36,61
901,18,634,41,100,59,74,126,40,63,23,18,126,41,79,38,0.0006467204465774873,0.014534191088873005,37,77,40,2,3,3,11,2,19,56,5
902,16,632,35,100,65,68,136,36,63,27,16,136,35,78,43,0.000442492937131965,0.024779604479390042,35,86,51,2,3,3,11,1,5,49,0
903,6,622,28,100,72,35,132,30,61,31,6,115,28,76,48,0.00017018959120460194,0.016542428265087308,30,80,50,2,4,3,16,1,9,60,23
904,100,100,66,66,0,100,100,45,45,0,100,100,66,66,0,0.038224582184553595,0.07382824466455631,95,100,5,1,1,1,10,19,1,15,3
905,100,100,61,61,0,100,100,43,43,0,100,100,61,61,0,0.016882807447496512,0.016882807447496512,75,75,0,-1,1,1,12,3,2,29,96
906,0,616,1,100,99,0,48,1,36,35,0,48,1,55,54,0.0,0.007794683277170768,1,61,60,2,-1,3,7,0,24,59,14
907,0,616,1,99,98,0,72,1,34,33,0,16,1,31,30,0.0,0.0030974505599237552,1,50,49,2,-1,3,17,0,20,92,90
908,0,0,1,1,0,0,0,1,1,0,0,0,1,1,0,0.0,0.0,1,1,0,-1,-1,-1,12,0,6,97,59
909,16,16,41,41,0,24,24,42,42,0,16,16,41,41,0,0.0006807583648184077,0.0006807583648184077,35,35,0,-1,3,3,3,1,60,88,85
910,0,101,1,75,74,0,6,1,25,24,0,1,1,25,24,0.0,0.0,1,1,0,6,-1,7,6,0,44,93,68
911,94,710,70,100,30,68,78,72,77,5,68,78,74,77,3,0.012730181422104225,0.027162258756254467,71,91,20,2,2,2,4,9,67,31,23
912,28,130,47,79,32,46,46,43,43,0,28,30,47,48,1,0.0026889955410327104,0.003267640151128357,48,49,1,4,3,3,6,6,65,70,42
913,0,206,1,89,88,0,34,1,33,32,0,12,1,37,36,0.0,0.002927260968719153,1,45,44,3,-1,4,9,0,26,82,29
914,26,232,50,93,43,40,40,44,44,0,26,32,50,51,1,0.00353994349705572,0.0038462847612240037,50,51,1,3,3,3,5,6,70,73,4
915,56,56,54,54,0,124,124,63,63,0,56,56,54,54,0,0.0051397256543789785,0.0051397256543789785,54,54,0,-1,2,2,10,2,12,75,97
916,232,1872,92,100,8,268,302,96,99,3,232,302,92,99,7,0.013138636440995268,0.047244630518397494,74,98,24,1,2,2,12,13,14,24,3
917,80,286,73,100,27,32,32,64,64,0,32,32,64,64,0,0.012559991830899623,0.015725518227305217,74,79,5,3,3,3,2,13,89,33,90
918,56,672,54,100,46,66,76,44,54,10,56,72,54,59,5,0.008203138296061813,0.012389802239695021,65,72,7,2,3,3,6,5,51,25,78
919,110,1750,79,100,21,70,94,63,74,11,70,94,66,74,8,0.012185574730249497,0.03362946322202934,72,93,21,1,3,2,5,14,49,32,61
920,0,0,1,1,0,0,0,1,1,0,0,0,1,1,0,0.0,0.0,1,1,0,-1,-1,-1,10,0,36,40,80
921,0,102,1,75,74,0,10,1,26,25,0,2,1,25,24,0.0,0.00010211375472276115,1,29,28,4,-1,5,8,0,15,76,65
922,0,616,1,100,99,0,22,1,41,40,0,22,1,44,43,0.0,0.026821879573845263,1,89,88,2,-1,3,2,1,91,69,2
923,0,616,1,100,99,0,18,1,50,49,0,18,1,53,52,0.0,0.008135062459579971,1,64,63,2,-1,3,2,0,98,86,72
924,82,1722,72,100,28,22,56,42,75,33,22,56,46,76,30,0.01334286395044079,0.06756526770822696,76,98,22,1,3,2,2,8,68,20,19
925,78,694,69,100,31,88,88,76,76,0,78,88,75,78,3,0.00881582082439838,0.013887470642295518,66,77,11,2,2,2,4,4,47,38,26
926,0,616,1,100,99,0,38,1,50,49,0,38,1,53,52,0.0,0.01405766023350012,1,76,75,2,-1,3,3,0,94,91,27
927,0,206,1,96,95,0,12,1,34,33,0,12,1,42,41,0.0,0.016610504101569147,1,79,78,3,-1,4,2,0,86,76,9
928,6,622,32,100,68,20,34,32,39,7,6,34,32,49,17,0.0004084550188910446,0.006603356138738555,34,57,23,2,4,3,6,1,69,88,44
929,100,100,70,70,0,100,100,53,53,0,100,100,70,70,0,0.032506211920078965,0.03948398515946765,88,94,6,2,1,1,9,14,31,14,24
930,142,142,80,80,0,270,270,79,79,0,142,142,80,80,0,0.011164437183021887,0.011164437183021887,62,62,0,-1,2,2,16,9,9,27,36
931,413,1029,98,100,2,168,168,95,95,0,168,168,95,95,0,0.03791824092038531,0.06630586473331292,94,100,6,2,2,2,6,29,41,1,3
932,0,101,1,82,81,0,4,1,25,24,0,1,1,25,24,0.0,0.0,1,1,0,5,-1,6,4,1,78,69,95
933,40,142,54,89,35,62,62,77,77,0,40,62,60,79,19,0.006773545729943157,0.007556417849484326,61,62,1,4,2,2,3,3,75,46,64
934,16,16,43,43,0,28,28,46,46,0,16,16,43,43,0,0.001497668402600497,0.001497668402600497,41,41,0,-1,3,3,3,1,81,71,97
935,100,100,59,59,0,100,100,46,46,0,100,100,59,59,0,0.01940161339732462,0.02324789815854862,82,84,2,2,1,1,11,6,5,28,29
936,140,140,91,91,0,56,56,84,84,0,56,56,84,84,0,0.026243234963749616,0.026243234963749616,88,88,0,-1,2,2,2,20,86,23,76
937,335,541,99,100,1,96,96,92,92,0,96,96,92,92,0,0.05051227066952585,0.05085264985193506,96,97,1,3,2,2,3,36,96,2,49
938,20,636,48,100,52,18,22,48,48,0,18,22,49,49,0,0.0017359338302869397,0.0315531502093332,42,93,51,2,3,3,2,3,93,43,3
939,0,102,1,81,80,0,5,1,27,26,0,4,1,28,27,0.0,0.001055175465468532,1,37,36,4,-1,5,3,0,82,76,51
940,0,616,1,100,99,0,44,1,49,48,0,44,1,55,54,0.0,0.022533101875489295,1,85,84,2,-1,3,4,0,84,85,11
941,0,0,1,1,0,0,0,1,1,0,0,0,1,1,0,0.0,0.0,1,1,0,-1,-1,-1,6,0,32,93,99
942,122,738,86,100,14,56,56,76,76,0,56,56,77,77,0,0.018006058749446885,0.034140031995643146,84,93,9,2,2,2,2,14,68,14,16
943,50,666,58,100,42,28,38,45,55,10,28,38,49,56,7,0.005480104836788182,0.02365635317743967,54,85,31,2,3,3,3,6,60,28,15
944,38,654,51,100,49,72,72,49,49,0,38,72,51,60,9,0.002586881786309949,0.01667857993805099,47,78,31,2,3,3,7,6,62,70,18
945,82,82,63,63,0,128,128,69,69,0,82,82,63,63,0,0.008509479560230097,0.008509479560230097,64,64,0,-1,3,3,8,7,30,48,76
946,80,696,60,100,40,142,152,71,75,4,80,152,60,84,24,0.010347527145239796,0.015521290717859695,68,78,10,2,2,2,8,6,15,77,28
947,162,778,84,100,16,124,134,90,90,0,124,134,90,91,1,0.012185574730249497,0.03992647809659961,73,96,23,2,2,2,6,9,51,31,3
948,82,288,66,96,30,86,86,57,57,0,86,86,66,66,0,0.012287688484972258,0.01494264610776405,72,78,6,3,3,3,6,8,65,20,73
949,158,158,85,85,0,192,192,93,93,0,192,192,94,94,0,0.01929949964260186,0.01929949964260186,81,81,0,-1,2,2,9,12,23,37,50
950,142,142,82,82,0,86,86,56,56,0,86,86,62,62,0,0.013070560604513427,0.013070560604513427,75,75,0,-1,3,3,6,14,51,14,50
951,6,622,31,99,68,38,60,33,34,1,6,22,31,40,9,0.0002042275094455223,0.002995336805200994,32,49,17,2,4,3,11,1,19,4,94
952,0,206,1,89,88,0,18,1,27,26,0,8,1,31,30,0.0,0.0005446066918547262,1,33,32,3,-1,4,9,0,29,84,63
953,32,32,52,52,0,48,48,65,65,0,32,32,54,54,0,0.00527587732734266,0.00527587732734266,58,58,0,-1,3,3,3,3,66,29,69
954,172,788,88,100,12,88,88,71,71,0,88,88,71,71,0,0.019980258007420267,0.026958031246808945,85,91,6,2,2,2,4,18,53,30,62
955,2,208,28,92,64,5,14,28,34,6,2,14,28,42,14,0.00017018959120460194,0.00707988699411144,31,61,30,3,5,4,3,1,76,60,27
956,0,616,1,99,98,0,82,1,38,37,0,82,1,56,55,0.0,0.01157289220191293,1,71,70,2,-1,3,12,0,6,81,30
957,6,622,30,100,70,28,56,34,40,6,6,56,30,51,21,0.0002042275094455223,0.007182000748834201,29,59,30,2,4,3,6,1,71,4,21
958,6,622,28,100,72,35,70,30,34,4,6,22,28,38,10,0.00013615167296368154,0.0019741992579733825,28,43,15,2,4,3,16,1,9,65,53
959,100,100,66,66,0,100,100,49,49,0,100,100,66,66,0,0.03618230709009837,0.03618230709009837,94,94,0,-1,1,1,9,16,54,18,40
960,100,100,70,70,0,100,100,73,73,0,100,100,74,74,0,0.059702508594574356,0.059702508594574356,100,100,0,-1,1,1,6,30,71,7,67
961,66,272,60,94,34,130,130,66,66,0,66,78,61,62,1,0.008271214132543654,0.011198475101262807,65,70,5,3,3,3,10,6,12,34,29
962,2,618,26,100,74,9,42,26,35,9,2,24,26,42,16,3.4037918240920386e-05,0.003710133088260322,26,48,22,2,5,3,8,2,27,58,29
963,58,264,61,92,31,94,94,72,72,0,58,94,61,72,11,0.005514142755029102,0.010960209673576363,59,70,11,3,2,2,5,6,80,70,62
964,100,100,59,59,0,100,100,46,46,0,100,100,59,59,0,0.02719629667449539,0.03267640151128357,88,92,4,2,1,1,11,8,5,20,35
965,16,222,35,89,54,72,72,45,45,0,16,24,35,45,10,0.0014295925661186562,0.002144388849177984,42,46,4,3,3,3,7,1,24,71,74
966,98,714,72,100,28,80,80,68,68,0,80,80,72,72,0,0.012968446849790666,0.031110657272201234,74,89,15,2,3,3,5,8,88,8,9
967,0,101,1,81,80,0,3,1,24,23,0,1,1,24,23,0.0,0.0,1,1,0,5,-1,6,3,0,66,84,95
968,255,871,96,100,4,72,72,80,80,0,72,72,80,80,0,0.03315293236665646,0.049218829776370876,92,96,4,2,2,2,3,30,66,7,16
969,0,102,1,74,73,0,11,1,27,26,0,2,1,25,24,0.0,0.00017018959120460194,1,32,31,4,-1,5,8,0,10,84,55
970,277,483,96,100,4,192,192,99,99,0,192,192,99,99,0,0.03226794649239253,0.0353994349705572,92,95,3,3,2,2,6,15,65,16,47
971,51,667,57,100,43,56,66,45,47,2,51,66,57,60,3,0.005480104836788182,0.008407365805507334,56,65,9,2,3,3,6,6,48,35,74
972,18,224,41,93,52,46,46,43,43,0,18,46,41,51,10,0.0014295925661186562,0.009292351679771264,42,67,25,3,3,3,6,2,65,61,20
973,0,0,1,1,0,0,0,1,1,0,0,0,1,1,0,0.0,0.0,1,1,0,-1,-1,-1,4,0,47,92,36
974,22,124,48,79,31,34,34,43,43,0,22,24,48,49,1,0.002314578440382586,0.002586881786309949,48,49,1,4,3,3,4,2,83,75,88
975,2,208,27,91,64,7,20,29,34,5,2,20,27,47,20,0.0002382654276864427,0.0051397256543789785,32,55,23,3,5,4,4,1,83,55,38
976,18,119,48,88,40,18,18,53,53,0,18,18,54,54,0,0.003812246842983083,0.003948398515946765,50,50,0,5,3,3,2,2,97,75,55
977,2,2,29,29,0,9,9,30,30,0,2,2,29,29,0,0.00017018959120460194,0.00017018959120460194,31,31,0,-1,5,5,5,1,88,65,87
978,80,696,61,100,39,104,114,73,77,4,80,114,62,77,15,0.008951972497362062,0.021375812655298,69,84,15,2,2,2,6,2,41,75,37
979,15,631,43,100,57,18,28,35,45,10,18,28,48,53,5,0.0035059055788147996,0.009496579189216788,53,66,13,2,4,3,3,6,87,73,57
980,0,206,1,93,92,0,18,1,40,39,0,18,1,44,43,0.0,0.008339289969025495,1,66,65,3,-1,4,3,0,60,96,14
981,132,132,82,82,0,222,222,90,90,0,132,132,82,82,0,0.011913271384322134,0.011913271384322134,73,73,0,-1,2,2,10,5,36,25,81
982,397,1997,99,100,1,224,224,98,98,0,224,224,98,98,0,0.035875965825930084,0.0693012015385139,93,100,7,1,2,2,8,29,21,11,3
983,84,290,62,93,31,80,80,59,59,0,80,80,63,63,0,0.012934408931549747,0.013547091459886314,75,77,2,3,3,3,5,9,61,39,71
984,8,214,37,91,54,22,30,34,36,2,8,30,37,48,11,0.0002723033459273631,0.005684332346233704,33,59,26,3,4,4,5,2,80,63,44
985,0,616,1,100,99,0,48,1,40,39,0,48,1,53,52,0.0,0.00966676878042139,1,67,66,2,-1,3,7,0,62,36,19
986,0,206,1,90,89,0,18,1,32,31,0,10,1,38,37,0.0,0.001497668402600497,1,39,38,3,-1,4,5,0,80,87,54
987,306,922,98,100,2,288,288,97,97,0,288,288,97,97,0,0.026243234963749616,0.036794989618434935,89,92,3,2,2,2,12,15,14,16,39
988,16,222,36,92,56,88,88,47,47,0,16,40,36,49,13,0.003948398515946765,0.008509479560230097,51,66,15,3,3,3,8,1,39,90,72
989,0,616,1,100,99,0,62,1,46,45,0,62,1,54,53,0.0,0.014704380680077607,1,77,76,2,-1,3,6,0,59,85,37
990,16,222,38,90,52,56,56,46,46,0,16,24,38,47,9,0.002484768031587188,0.0033357159876101976,48,51,3,3,3,3,6,3,74,46,51
991,0,0,1,1,0,0,0,1,1,0,0,0,1,1,0,0.0,0.0,1,1,0,-1,-1,-1,6,0,44,97,59
992,0,206,1,96,95,0,8,1,33,32,0,8,1,39,38,0.0,0.002110350930937064,1,44,43,3,-1,4,2,0,93,79,52
993,0,102,1,76,75,0,10,1,26,25,0,2,1,26,25,0.0,0.00010211375472276115,1,29,28,4,-1,5,9,0,54,36,60
994,38,654,50,100,50,78,88,45,47,2,38,55,50,53,3,0.0021784267674189047,0.004152626025392287,45,52,7,2,3,3,8,3,15,54,61
995,266,882,95,100,5,240,240,98,98,0,240,240,98,98,0,0.023894618605126112,0.036454610436025735,86,94,8,2,2,2,9,16,23,18,37
996,0,102,1,79,78,0,8,1,27,26,0,4,1,31,30,0.0,0.0009870996289866913,1,38,37,4,-1,5,5,0,45,87,51
997,0,206,1,92,91,0,18,1,37,36,0,13,1,42,41,0.0,0.002757071377514551,1,51,50,3,-1,4,3,0,76,81,70
998,233,334,99,100,1,56,56,82,82,0,56,56,82,82,0,0.037373634228530586,0.0374076721467715,96,96,0,5,2,2,2,29,89,11,88
999,24,126,50,85,35,44,44,50,50,0,24,44,50,56,6,0.002757071377514551,0.004322815616596889,49,52,3,4,3,3,4,3,73,54,75
