,FreeNet_pre_score,FreeNet_post_score,FreeNet_pre_rank,FreeNet_post_rank,FreeNet_delta_ranks,Reversed_pre_score,Reversed_post_score,Reversed_pre_rank,Reversed_post_rank,Reversed_delta_ranks,Independent_pre_score,Independent_post_score,Independent_pre_rank,Independent_post_rank,Independent_delta_ranks,Random_pre_score,Random_post_score,Random_pre_rank,Random_post_rank,Random_delta_ranks,dist_victim_relayer,dist_victim_vilain_pre,dist_victim_vilain_post,out_deg_victim,in_deg_villain,victim,villain,relayer
0,10,216,40,92,52,18,18,35,35,0,10,18,40,47,7,0.0016338200755641784,0.007556417849484326,44,60,16,3,4,4,3,3,87,54,48
1,0,616,1,100,99,0,54,1,37,36,0,34,1,45,44,0.0,0.0061949011198475104,1,58,57,2,-1,3,8,0,27,66,38
2,66,266,61,97,36,54,54,56,56,0,54,54,57,57,0,0.006535280302256714,0.012934408931549747,55,72,17,3,3,3,4,6,67,13,25
3,12,114,39,84,45,10,10,32,32,0,12,10,39,38,-1,0.0009530617107457708,0.0015317063208414173,39,44,5,4,4,4,3,3,60,51,63
4,122,224,76,90,14,106,106,71,71,0,106,106,76,76,0,0.013479015623404473,0.013547091459886314,76,76,0,4,2,2,7,8,43,8,88
5,291,497,99,100,1,56,56,80,80,0,56,56,81,81,0,0.04581503795227884,0.04734674427312026,97,98,1,3,2,2,2,36,91,2,46
6,0,206,1,93,92,0,10,1,31,30,0,9,1,36,35,0.0,0.002110350930937064,1,45,44,3,-1,4,3,0,55,89,70
7,40,40,51,51,0,118,118,72,72,0,40,40,51,51,0,0.006058749446883829,0.006058749446883829,58,58,0,-1,2,2,9,1,23,90,66
8,26,26,49,49,0,78,78,47,47,0,26,26,49,49,0,0.004765308553728854,0.004765308553728854,53,53,0,-1,3,3,8,6,30,73,98
9,174,380,87,97,10,224,224,87,87,0,174,224,87,93,6,0.019878144252697506,0.023111746485584943,80,88,8,3,2,2,11,12,19,37,73
10,16,222,41,91,50,34,34,43,43,0,16,34,41,51,10,0.0008509479560230097,0.006297014874570271,38,57,19,3,3,3,4,1,83,71,72
11,40,246,51,91,40,80,80,58,58,0,40,62,51,55,4,0.0035739814152966403,0.008951972497362062,50,68,18,3,2,2,6,1,41,53,25
12,0,101,1,79,78,0,3,1,25,24,0,1,1,25,24,0.0,3.4037918240920386e-05,1,27,26,5,-1,6,3,0,58,40,95
13,16,16,34,34,0,110,110,60,60,0,16,16,34,34,0,0.0019741992579733825,0.0019741992579733825,43,43,0,-1,3,3,10,1,11,53,59
14,0,1640,1,100,99,0,94,1,41,40,0,57,1,54,53,0.0,0.014295925661186561,1,71,70,1,-1,2,12,0,2,87,34
15,6,107,29,79,50,34,34,30,30,0,6,7,29,33,4,0.00037441710065012424,0.0005446066918547262,32,33,1,5,4,4,13,1,13,60,55
16,308,308,97,97,0,376,376,98,98,0,308,308,97,97,0,0.022703291466693896,0.022703291466693896,87,87,0,-1,2,2,16,18,9,30,69
17,0,0,1,1,0,0,0,1,1,0,0,0,1,1,0,0.0,0.0,1,1,0,-1,-1,-1,10,0,36,89,81
18,0,616,1,100,99,0,38,1,38,37,0,38,1,54,53,0.0,0.006126825283365669,1,58,57,2,-1,3,6,0,44,66,31
19,52,258,58,97,39,48,48,67,67,0,48,48,70,70,0,0.008986010415602982,0.020150447598624867,66,88,22,3,3,3,3,5,96,25,30
20,167,783,93,100,7,48,48,70,70,0,48,48,72,72,0,0.026855917492086184,0.05200993907212635,91,97,6,2,3,3,3,29,94,0,10
21,150,252,86,94,8,240,240,89,89,0,150,152,86,87,1,0.01412573606998196,0.014227849824704722,73,75,2,4,2,2,12,8,6,17,60
22,6,622,32,100,68,14,28,32,45,13,6,28,32,53,21,0.0004765308553728854,0.006773545729943157,34,56,22,2,4,3,3,1,87,88,57
23,252,1852,93,100,7,158,158,95,95,0,158,158,95,95,0,0.025154021580040164,0.06416147588413493,87,99,12,1,2,2,6,16,40,18,2
24,0,206,1,90,89,0,20,1,32,31,0,12,1,35,34,0.0,0.00176997174852786,1,41,40,3,-1,4,6,0,48,80,75
25,149,355,82,95,13,110,110,74,74,0,110,110,76,76,0,0.018040096667687803,0.018788930868988054,80,81,1,3,2,2,6,12,41,37,43
26,28,644,46,100,54,90,110,44,58,14,28,110,46,75,29,0.0015657442390823377,0.014704380680077607,42,76,34,2,3,3,10,4,18,64,37
27,0,0,1,1,0,0,0,1,1,0,0,0,1,1,0,0.0,0.0,1,1,0,-1,-1,-1,5,0,49,66,36
28,0,616,1,100,99,0,28,1,45,44,0,28,1,52,51,0.0,0.014738418598318526,1,76,75,2,-1,3,3,0,81,91,30
29,0,206,1,96,95,0,12,1,34,33,0,12,1,41,40,0.0,0.0030974505599237552,1,51,50,3,-1,4,2,0,98,66,22
30,24,24,51,51,0,22,22,42,42,0,22,22,46,46,0,0.0026549576227917903,0.0026549576227917903,50,50,0,-1,3,3,2,3,68,54,97
31,6,622,29,100,71,34,158,30,65,35,6,158,29,86,57,0.0002723033459273631,0.032336022328874364,30,92,62,2,4,3,13,1,13,4,2
32,420,420,100,100,0,280,280,100,100,0,280,280,100,100,0,0.036624800027230335,0.036624800027230335,93,93,0,-1,2,2,10,27,36,10,97
33,42,42,54,54,0,62,62,76,76,0,42,42,55,55,0,0.004901460226692535,0.004901460226692535,55,55,0,-1,2,2,3,2,87,61,93
34,0,206,1,92,91,0,19,1,27,26,0,6,1,27,26,0.0,0.0005105687736138058,1,34,33,3,-1,4,10,1,36,69,88
35,100,100,64,64,0,100,100,59,59,0,100,100,64,64,0,0.05813676435549202,0.07971680452023554,99,100,1,2,1,1,6,29,40,11,3
36,123,1763,85,100,15,72,96,77,88,11,72,96,77,88,11,0.014500153170632085,0.06916504986555022,76,98,22,1,2,2,3,14,64,32,11
37,0,616,1,100,99,0,126,1,58,57,0,82,1,56,55,0.0,0.0088498587426393,1,62,61,2,-1,3,15,1,7,50,17
38,60,676,58,100,42,76,86,57,61,4,60,86,58,64,6,0.0061949011198475104,0.03318697028489737,61,92,31,2,3,3,6,5,74,47,3
39,149,355,90,100,10,56,56,86,86,0,56,56,86,86,0,0.039279757650022125,0.04026685727900882,96,96,0,3,2,2,2,20,95,23,49
40,116,116,77,77,0,164,164,73,73,0,116,116,77,77,0,0.00803294870485721,0.00803294870485721,64,64,0,-1,2,2,10,7,18,48,93
41,44,660,62,100,38,32,32,69,69,0,32,32,69,69,0,0.007590455767725246,0.016304162837400864,67,80,13,2,3,3,2,4,90,72,48
42,1,617,26,100,74,3,24,26,40,14,1,19,26,46,20,3.4037918240920386e-05,0.0035059055788147996,28,52,24,2,6,3,3,1,64,78,52
43,16,16,36,36,0,40,40,40,40,0,16,16,36,36,0,0.0004084550188910446,0.0004084550188910446,34,34,0,-1,3,3,5,1,52,49,87
44,0,1640,1,100,99,0,66,1,48,47,0,66,1,56,55,0.0,0.028013206712277475,1,89,88,1,-1,2,6,1,41,50,32
45,0,206,1,91,90,0,18,1,31,30,0,6,1,28,27,0.0,0.002110350930937064,1,44,43,3,-1,4,5,0,52,97,46
46,6,6,27,27,0,28,28,30,30,0,6,6,27,27,0,0.00030634126416828345,0.00030634126416828345,31,31,0,-1,4,4,12,1,2,88,91
47,6,622,31,100,69,14,52,31,54,23,6,52,31,54,23,0.00030634126416828345,0.013751318969331836,33,74,41,2,4,3,5,1,70,88,14
48,142,142,90,90,0,96,96,87,87,0,96,96,87,87,0,0.021511964328261683,0.021511964328261683,87,87,0,-1,2,2,3,8,87,8,81
49,22,22,48,48,0,40,40,44,44,0,22,22,48,48,0,0.002552843868069029,0.002552843868069029,46,46,0,-1,3,3,5,2,70,83,81
50,0,616,1,100,99,0,124,1,57,56,0,93,1,58,57,0.0,0.010687906327649,1,69,68,2,-1,3,14,0,8,87,33
51,22,638,40,100,60,68,88,41,46,5,22,88,40,59,19,0.000442492937131965,0.019980258007420267,34,85,51,2,3,3,8,2,42,56,0
52,136,237,83,93,10,152,152,82,82,0,136,137,84,85,1,0.010926171755335444,0.010926171755335444,69,69,0,5,2,2,9,7,26,48,95
53,70,70,67,67,0,48,48,62,62,0,48,48,64,64,0,0.006399128629293032,0.006399128629293032,59,59,0,-1,3,3,3,5,64,47,36
54,282,488,99,100,1,56,56,86,86,0,56,56,86,86,0,0.04261547363763232,0.044589672895605705,97,97,0,3,2,2,2,40,95,3,46
55,100,100,81,81,0,100,100,96,96,0,100,100,96,96,0,0.053473569556485925,0.05466489669491814,99,99,0,4,1,1,3,3,92,46,52
56,0,0,1,1,0,0,0,1,1,0,0,0,1,1,0,0.0,0.0,1,1,0,-1,-1,-1,5,0,45,82,92
57,0,206,1,91,90,0,16,1,28,27,0,16,1,34,33,0.0,0.0028932230504782326,1,44,43,3,-1,4,4,0,67,81,35
58,189,189,92,92,0,120,120,90,90,0,120,120,90,90,0,0.02392865652336703,0.02392865652336703,85,85,0,-1,2,2,6,16,69,18,40
59,18,634,41,100,59,50,108,36,61,25,18,108,41,76,35,0.0007147962830593281,0.024473263215221756,36,88,52,2,3,3,8,2,15,63,7
60,0,0,1,1,0,0,0,1,1,0,0,0,1,1,0,0.0,0.0,1,1,0,-1,-1,-1,6,0,74,66,89
61,2,618,26,100,74,14,132,27,62,35,2,132,26,81,55,6.807583648184077e-05,0.023622315259198747,27,85,58,2,5,3,12,2,3,58,0
62,98,698,74,100,26,48,48,65,65,0,48,48,68,68,0,0.012662105585622384,0.04380680077606454,77,95,18,2,3,3,3,9,66,27,2
63,0,0,1,1,0,0,0,1,1,0,0,0,1,1,0,0.0,0.0,1,1,0,-1,-1,-1,2,0,68,76,79
64,6,622,29,100,71,25,80,29,38,9,6,56,29,50,21,0.00037441710065012424,0.004731270635487933,32,55,23,2,4,3,12,1,3,55,47
65,0,0,1,1,0,0,0,1,1,0,0,0,1,1,0,0.0,0.0,1,1,0,-1,-1,-1,3,0,58,80,99
66,0,0,1,1,0,0,0,1,1,0,0,0,1,1,0,0.0,0.0,1,1,0,-1,-1,-1,11,0,33,40,91
67,2,618,28,100,72,5,34,28,43,15,2,34,28,54,26,0.0,0.014466115252391163,1,81,80,2,5,3,4,1,72,95,30
68,217,1857,89,100,11,160,184,86,93,7,160,184,88,94,6,0.017052997038701112,0.051499370298512544,79,97,18,1,2,2,7,15,24,19,7
69,22,123,47,84,37,38,38,57,57,0,22,23,48,50,2,0.004561081044283332,0.004561081044283332,55,55,0,6,3,3,3,3,55,29,68
70,0,1640,1,100,99,0,94,1,43,42,0,98,1,60,59,0.0,0.015146873617209572,1,77,76,1,-1,2,12,0,6,66,14
71,358,358,98,98,0,312,312,98,98,0,312,312,98,98,0,0.02491575615235372,0.02491575615235372,88,88,0,-1,2,2,12,19,6,15,99
72,0,0,1,1,0,0,0,1,1,0,0,0,1,1,0,0.0,0.0,1,1,0,-1,-1,-1,2,1,93,69,89
73,0,1640,1,100,99,0,112,1,61,60,0,112,1,77,76,0.0,0.02375846693216243,1,87,86,1,-1,2,8,0,42,92,19
74,6,6,30,30,0,13,13,30,30,0,6,6,30,30,0,3.4037918240920386e-05,3.4037918240920386e-05,26,26,0,-1,4,4,5,1,63,95,84
75,104,310,75,96,21,132,132,75,75,0,104,112,76,77,1,0.007147962830593281,0.008951972497362062,60,66,6,3,2,2,8,6,10,26,83
76,0,616,1,100,99,0,52,1,39,38,0,48,1,55,54,0.0,0.007488342013002485,1,60,59,2,-1,3,7,0,24,81,17
77,6,622,31,100,69,14,28,35,43,8,6,28,31,50,19,0.001055175465468532,0.030634126416828347,39,90,51,2,4,3,3,2,92,42,3
78,200,200,92,92,0,198,198,86,86,0,198,198,92,92,0,0.01579359406378706,0.01579359406378706,80,80,0,-1,2,2,10,14,36,14,84
79,2,2,27,27,0,6,6,27,27,0,2,2,27,27,0,0.0,0.0,1,1,0,-1,5,5,5,1,37,68,50
80,183,284,89,93,4,94,94,72,72,0,94,94,73,73,0,0.02277136730317574,0.022839443139657578,85,85,0,5,2,2,5,16,80,18,58
81,130,336,80,95,15,112,112,92,92,0,112,112,92,92,0,0.017018959120460194,0.01766567956703768,81,82,1,3,2,2,4,8,83,17,56
82,40,1680,47,100,53,170,224,68,72,4,40,127,47,79,32,0.004799346471969774,0.015555328636100617,53,77,24,1,2,2,16,1,9,90,57
83,0,616,1,100,99,0,56,1,40,39,0,60,1,61,60,0.0,0.0088498587426393,1,66,65,2,-1,3,8,0,57,93,8
84,0,0,1,1,0,0,0,1,1,0,0,0,1,1,0,0.0,0.0,1,1,0,-1,-1,-1,8,0,57,93,50
85,12,218,35,89,54,28,28,35,35,0,12,26,35,45,10,0.0009870996289866913,0.0030293747234419145,39,47,8,3,4,4,6,3,41,51,70
86,0,206,1,92,91,0,27,1,29,28,0,8,1,33,32,0.0,0.0007488342013002485,1,36,35,3,-1,4,12,0,6,86,74
87,6,212,31,92,61,13,26,31,35,4,6,26,31,49,18,0.00017018959120460194,0.004118588107151367,30,51,21,3,4,4,5,1,37,60,47
88,36,652,45,100,55,142,162,66,67,1,36,162,45,81,36,0.0034037918240920387,0.017903944994724124,51,83,32,2,3,3,16,6,9,73,16
89,0,616,1,99,98,0,48,1,32,31,0,28,1,44,43,0.0,0.0017018959120460194,1,42,41,2,-1,3,11,0,5,76,64
90,406,1022,97,100,3,182,182,99,99,0,182,182,99,99,0,0.03897341638585384,0.0566050580346506,95,99,4,2,2,2,6,29,41,0,9
91,209,311,93,96,3,128,128,93,93,0,128,128,93,93,0,0.031076619353960312,0.03179141563701964,89,89,0,4,2,2,5,15,70,16,43
92,132,132,81,81,0,118,118,68,68,0,132,132,82,82,0,0.01320671227747711,0.01320671227747711,74,74,0,-1,2,2,9,8,29,8,84
93,70,276,57,97,40,130,130,65,65,0,70,77,57,57,0,0.005718370264474625,0.006433166547533953,56,59,3,3,3,3,10,5,36,47,74
94,0,206,1,92,91,0,20,1,32,31,0,21,1,41,40,0.0,0.0025188059498281084,1,46,45,3,-1,4,6,0,65,40,28
95,56,56,53,53,0,154,154,67,67,0,56,56,53,53,0,0.004731270635487933,0.004731270635487933,55,55,0,-1,2,2,10,3,18,29,50
96,2,2,29,29,0,8,8,29,29,0,2,2,29,29,0,0.00010211375472276115,0.00010211375472276115,29,29,0,-1,5,5,5,1,88,95,92
97,190,806,86,100,14,246,256,84,86,2,190,216,86,89,3,0.014874570271282209,0.01844855168657885,75,77,2,2,2,2,14,8,17,8,73
98,548,748,99,100,1,304,304,98,98,0,304,304,98,98,0,0.04996766397767113,0.05102283944313966,97,99,2,3,2,2,10,36,12,2,52
99,100,100,60,60,0,100,100,52,52,0,100,100,60,60,0,0.030497974743864665,0.06644201640627659,90,100,10,1,1,1,9,14,29,32,10
100,72,688,55,100,45,130,140,62,64,2,72,122,55,75,20,0.0024166921951053475,0.007216038667075122,45,56,11,2,2,2,11,4,5,64,47
101,168,784,86,100,14,110,110,86,86,0,110,110,86,86,0,0.0195377650702883,0.040028591851322376,80,96,16,2,2,2,6,18,69,30,7
102,0,206,1,93,92,0,18,1,34,33,0,18,1,45,44,0.0,0.009054086252084823,1,65,64,3,-1,4,3,0,58,79,27
103,0,616,1,100,99,0,56,1,38,37,0,46,1,52,51,0.0,0.008203138296061813,1,66,65,2,-1,3,9,0,23,92,8
104,16,222,32,90,58,154,154,65,65,0,16,22,32,38,6,0.003165526396405596,0.003369753905851118,50,50,0,3,3,3,14,3,8,46,95
105,206,822,92,100,8,134,134,90,90,0,134,134,90,90,0,0.022022533101875488,0.030736240171551108,86,92,6,2,2,2,6,18,56,30,77
106,134,236,81,91,10,150,150,84,84,0,134,136,82,82,0,0.011062323428299126,0.011266550937744648,70,70,0,4,2,2,7,7,24,21,60
107,0,206,1,94,93,0,10,1,30,29,0,6,1,30,29,0.0,0.002586881786309949,1,49,48,3,-1,4,3,0,66,67,90
108,2,208,26,89,63,9,24,26,31,5,2,8,26,33,7,6.807583648184077e-05,0.002212464685659825,29,44,15,3,5,4,8,1,42,78,46
109,0,0,1,1,0,0,0,1,1,0,0,0,1,1,0,0.0,0.0,1,1,0,-1,-1,-1,8,0,27,87,99
110,1,103,25,83,58,3,6,25,28,3,1,4,25,30,5,0.0,0.001055175465468532,1,38,37,4,6,5,3,1,85,68,43
111,16,632,35,100,65,34,44,39,43,4,16,44,35,49,14,0.002144388849177984,0.009054086252084823,40,62,22,2,3,3,4,1,67,53,73
112,122,224,83,93,10,104,104,85,85,0,104,104,85,85,0,0.015248987371932332,0.01592974573675074,76,76,0,4,2,2,5,8,70,20,74
113,136,752,78,100,22,132,132,72,72,0,132,132,79,79,0,0.016610504101569147,0.0245413390517036,77,86,9,2,2,2,8,12,27,37,32
114,100,100,59,59,0,100,100,46,46,0,100,100,59,59,0,0.01872085503250621,0.01872085503250621,78,78,0,-1,1,1,11,6,5,41,96
115,0,616,1,100,99,0,34,1,44,43,0,34,1,52,51,0.0,0.011777119711358454,1,72,71,2,-1,3,4,0,84,67,39
116,100,100,63,63,0,100,100,39,39,0,100,100,63,63,0,0.021137547227611558,0.023724429013921508,83,85,2,2,1,1,14,9,17,27,46
117,2,618,28,100,72,8,36,28,41,13,2,36,28,51,23,0.0002382654276864427,0.009020048333843901,32,68,36,2,5,3,5,1,45,55,17
118,164,164,86,86,0,110,110,82,82,0,110,110,83,83,0,0.020558902617515914,0.020558902617515914,85,85,0,-1,2,2,6,16,56,18,59
119,73,279,64,96,32,70,70,62,62,0,70,70,69,69,0,0.007760645358929848,0.008271214132543654,63,65,2,3,3,3,5,8,45,57,88
120,0,616,1,100,99,0,66,1,48,47,0,66,1,58,57,0.0,0.0228734810578985,1,86,85,2,-1,3,6,0,44,93,1
121,8,8,38,38,0,12,12,35,35,0,8,8,38,38,0,0.0011913271384322134,0.0011913271384322134,39,39,0,-1,4,4,2,2,98,74,59
122,2,104,26,74,48,13,15,26,28,2,2,4,26,28,2,0.00010211375472276115,0.0002723033459273631,30,31,1,4,5,5,12,1,3,78,65
123,324,324,96,96,0,368,368,97,97,0,324,324,97,97,0,0.024166921951053473,0.024166921951053473,87,87,0,-1,2,2,14,16,16,18,59
124,0,0,1,1,0,0,0,1,1,0,0,0,1,1,0,0.0,0.0,1,1,0,-1,-1,-1,9,1,23,50,84
125,16,16,39,39,0,38,38,39,39,0,16,16,39,39,0,0.0005786446100956465,0.0005786446100956465,35,35,0,-1,3,3,6,1,44,49,98
126,16,16,34,34,0,68,68,36,36,0,16,16,34,34,0,0.0011913271384322134,0.0011913271384322134,39,39,0,-1,3,3,11,2,33,42,89
127,0,616,1,100,99,0,72,1,39,38,0,46,1,51,50,0.0,0.005412029000306341,1,56,55,2,-1,3,10,0,12,99,47
128,12,218,40,94,54,18,18,36,36,0,12,18,40,44,4,0.0020422750944552232,0.005105687736138058,46,56,10,3,4,4,3,2,66,83,26
129,0,206,1,89,88,0,42,1,35,34,0,42,1,50,49,0.0,0.008407365805507334,1,64,63,3,-1,4,7,0,43,79,14
130,108,724,75,100,25,88,88,73,73,0,88,88,74,74,0,0.012287688484972258,0.024949794070594642,73,87,14,2,2,2,4,9,83,27,19
131,0,206,1,91,90,0,16,1,31,30,0,10,1,35,34,0.0,0.0025188059498281084,1,47,46,3,-1,4,6,0,44,93,73
132,0,0,1,1,0,0,0,1,1,0,0,0,1,1,0,0.0,0.0,1,1,0,-1,-1,-1,4,0,83,76,99
133,0,1640,1,100,99,0,92,1,54,53,0,92,1,63,62,0.0,0.03141699853636951,1,93,92,1,-1,2,8,0,21,97,1
134,1,1,25,25,0,3,3,25,25,0,1,1,25,25,0,0.0,0.0,1,1,0,-1,6,6,3,2,96,58,89
135,12,628,36,100,64,34,62,37,45,8,12,62,36,57,21,0.001497668402600497,0.014227849824704722,42,75,33,2,4,3,7,3,62,51,39
136,0,616,1,100,99,0,40,1,40,39,0,40,1,53,52,0.0,0.009632730862180468,1,69,68,2,-1,3,5,0,80,84,20
137,0,1640,1,100,99,0,100,1,47,46,0,66,1,57,56,0.0,0.016202049082678104,1,78,77,1,-1,2,10,0,11,67,25
138,166,166,84,84,0,134,134,89,89,0,134,134,90,90,0,0.014908608189523128,0.014908608189523128,76,76,0,-1,2,2,6,13,41,33,79
139,100,100,66,66,0,100,100,49,49,0,100,100,66,66,0,0.03669287586371218,0.04128799482623643,95,97,2,2,1,1,9,12,54,37,13
140,110,212,77,91,14,142,142,81,81,0,110,113,78,79,1,0.011096361346540046,0.01153885428367201,71,71,0,4,2,2,8,7,39,21,63
141,0,206,1,89,88,0,44,1,33,32,0,14,1,34,33,0.0,0.002144388849177984,1,43,42,3,-1,4,10,0,18,59,70
142,14,220,41,95,54,18,18,38,38,0,14,18,41,43,2,0.0011232513019503727,0.010858095918853602,40,75,35,3,4,4,3,4,96,64,32
143,16,118,34,76,42,92,92,41,41,0,16,18,34,40,6,0.0026889955410327104,0.002757071377514551,48,48,0,4,3,3,12,2,2,94,95
144,228,828,96,100,4,32,32,58,58,0,32,32,60,60,0,0.030566050580346504,0.04448755914088294,93,97,4,2,3,3,2,29,91,1,16
145,0,616,1,100,99,0,48,1,46,45,0,48,1,52,51,0.0,0.00789679703189353,1,63,62,2,-1,3,6,0,65,91,48
146,108,108,78,78,0,62,62,46,46,0,62,62,59,59,0,0.011130399264780965,0.011130399264780965,70,70,0,-1,3,3,7,8,62,8,79
147,56,158,61,88,27,44,44,53,53,0,44,44,58,58,0,0.007692569522448007,0.009088124170325743,63,67,4,4,3,3,4,6,78,34,83
148,369,1969,99,100,1,96,96,89,89,0,96,96,89,89,0,0.0510909152796215,0.09081316586677558,97,100,3,1,2,2,3,36,64,2,11
149,66,682,55,100,45,76,76,55,55,0,66,76,55,59,4,0.006126825283365669,0.017121072875182955,53,80,27,2,3,3,6,6,71,28,39
150,100,100,59,59,0,100,100,40,40,0,100,100,59,59,0,0.018142210422410564,0.024507301133462677,80,86,6,2,1,1,15,7,7,21,25
151,0,206,1,90,89,0,36,1,35,34,0,36,1,49,48,0.0,0.007522379931243405,1,65,64,3,-1,4,6,0,48,66,17
152,32,1672,46,100,54,66,90,44,55,11,32,90,46,61,15,0.0016338200755641784,0.024064808196330712,40,87,47,1,3,2,6,2,40,74,20
153,14,220,41,92,51,24,24,38,38,0,14,24,41,49,8,0.003608019333537561,0.005616256509751864,51,56,5,3,4,4,4,6,79,73,70
154,100,100,72,72,0,100,100,77,77,0,100,100,77,77,0,0.06576125804145819,0.07491745804826577,100,100,0,2,1,1,6,40,69,3,39
155,40,656,48,99,51,156,176,66,69,3,40,176,48,88,40,0.002995336805200994,0.019469689233806462,50,82,32,2,2,2,12,1,6,53,23
156,100,100,76,76,0,100,100,96,96,0,100,100,96,96,0,0.05589026175159127,0.06096191156948841,98,99,1,3,1,1,3,6,58,35,62
157,320,920,97,100,3,96,96,90,90,0,96,96,90,90,0,0.03863303720344464,0.06443377923006229,93,98,5,2,2,2,3,30,82,7,3
158,174,174,87,87,0,196,196,94,94,0,174,174,91,91,0,0.014908608189523128,0.014908608189523128,75,75,0,-1,2,2,9,8,23,17,89
159,182,283,86,94,8,320,320,92,92,0,182,183,86,86,0,0.012594029749140543,0.012594029749140543,72,72,0,5,2,2,14,6,16,77,68
160,24,24,48,48,0,38,38,59,59,0,24,24,49,49,0,0.0026209197045508697,0.0026209197045508697,46,46,0,-1,3,3,3,3,92,54,67
161,100,100,80,80,0,100,100,98,98,0,100,100,98,98,0,0.12634875251029648,0.12634875251029648,100,100,0,-1,1,1,2,40,89,3,76
162,0,206,1,93,92,0,46,1,37,36,0,29,1,46,45,0.0,0.0053439531638245,1,55,54,3,-1,4,9,0,23,89,44
163,0,102,1,78,77,0,9,1,29,28,0,2,1,28,27,0.0,0.0007147962830593281,1,36,35,4,-1,5,5,0,88,84,71
164,284,490,96,100,4,256,256,96,96,0,256,256,96,96,0,0.021818305592429966,0.02198849518363457,86,86,0,3,2,2,10,18,0,30,4
165,180,796,87,100,13,104,104,85,85,0,104,104,85,85,0,0.022737329384934817,0.025936893699581333,83,85,2,2,2,2,5,16,70,18,75
166,97,199,63,92,29,102,102,65,65,0,97,102,65,73,8,0.008611593314952858,0.009122162088566664,62,64,2,4,3,3,7,8,46,44,71
167,56,56,53,53,0,120,120,58,58,0,56,56,53,53,0,0.0016678579938050988,0.0016678579938050988,41,41,0,-1,2,2,14,2,16,63,50
168,0,0,1,1,0,0,0,1,1,0,0,0,1,1,0,0.0,0.0,1,1,0,-1,-1,-1,7,0,24,81,67
169,0,101,1,86,85,0,2,1,24,23,0,1,1,24,23,0.0,6.807583648184077e-05,1,27,26,6,-1,7,2,1,97,50,95
170,142,348,85,98,13,112,112,93,93,0,112,112,93,93,0,0.019129310051397258,0.02644746247319514,83,88,5,3,2,2,4,13,47,33,32
171,257,257,95,95,0,54,54,56,56,0,54,54,57,57,0,0.028693965077095884,0.028693965077095884,90,90,0,-1,3,3,4,29,67,1,40
172,151,151,88,88,0,72,72,83,83,0,72,72,83,83,0,0.024609414888185438,0.024609414888185438,87,87,0,-1,2,2,3,15,58,16,96
173,40,40,58,58,0,52,52,81,81,0,40,40,67,67,0,0.0088498587426393,0.0088498587426393,68,68,0,-1,2,2,3,1,81,90,96
174,18,18,43,43,0,50,50,45,45,0,18,18,43,43,0,0.0019061234214915416,0.0019061234214915416,44,44,0,-1,3,3,5,2,45,61,93
175,100,100,77,77,0,100,100,97,97,0,100,100,97,97,0,0.06759930562646789,0.0724667279349195,99,99,0,2,1,1,3,12,55,37,26
176,6,212,29,89,60,48,48,35,35,0,6,17,29,40,11,0.0005786446100956465,0.0033016780693692774,35,48,13,3,4,4,8,1,15,49,73
177,0,206,1,92,91,0,18,1,35,34,0,18,1,44,43,0.0,0.0053439531638245,1,56,55,3,-1,4,3,0,82,96,24
178,0,102,1,84,83,0,4,1,29,28,0,4,1,33,32,0.0,0.002723033459273631,1,47,46,4,-1,5,2,0,93,40,73
179,0,206,1,92,91,0,9,1,30,29,0,8,1,36,35,0.0,0.001497668402600497,1,41,40,3,-1,4,3,1,85,69,51
180,54,54,64,64,0,22,22,52,52,0,22,22,54,54,0,0.011300588855985567,0.011300588855985567,70,70,0,-1,3,3,2,8,86,20,93
181,18,224,41,90,49,44,44,36,36,0,18,24,41,45,4,0.00030634126416828345,0.0012934408931549745,34,40,6,3,3,3,7,2,24,56,71
182,100,100,60,60,0,100,100,50,50,0,100,100,60,60,0,0.06855236733721366,0.06855236733721366,100,100,0,-1,1,1,9,36,28,2,99
183,0,1640,1,100,99,0,96,1,55,54,0,96,1,67,66,0.0,0.0475850097008067,1,98,97,1,-1,2,7,0,43,99,3
184,76,177,61,86,25,96,96,60,60,0,76,96,61,68,7,0.01065386840940808,0.01065386840940808,69,69,0,5,3,3,6,6,44,77,58
185,8,8,38,38,0,12,12,35,35,0,8,8,38,38,0,0.0011913271384322134,0.0011913271384322134,39,39,0,-1,4,4,2,2,98,74,67
186,0,616,1,100,99,0,34,1,37,36,0,24,1,48,47,0.0,0.003608019333537561,1,48,47,2,-1,3,6,0,59,76,64
187,0,101,1,74,73,0,8,1,25,24,0,1,1,25,24,0.0,0.00010211375472276115,1,28,27,5,-1,6,8,0,10,40,78
188,267,1907,95,100,5,200,224,94,95,1,200,224,94,95,1,0.02546036284420845,0.06943735321147759,86,99,13,1,2,2,8,20,15,23,2
189,0,616,1,100,99,0,66,1,41,40,0,32,1,46,45,0.0,0.0040845501889104465,1,51,50,2,-1,3,9,0,28,80,29
190,46,662,54,100,46,70,110,51,79,28,46,110,54,82,28,0.004561081044283332,0.03362946322202934,53,92,39,2,2,2,6,2,48,74,3
191,0,616,1,100,99,0,74,1,41,40,0,74,1,61,60,0.0,0.01405766023350012,1,75,74,2,-1,3,9,0,31,87,18
192,56,262,51,93,42,92,92,51,51,0,56,75,52,56,4,0.004833384390210695,0.007828721195411689,51,62,11,3,2,2,8,2,27,75,22
193,100,100,76,76,0,100,100,97,97,0,100,100,97,97,0,0.05173763572619899,0.053439531638245004,98,98,0,3,1,1,3,3,94,51,71
194,358,358,95,95,0,176,176,87,87,0,176,176,89,89,0,0.0348888661969434,0.0348888661969434,89,89,0,-1,2,2,8,30,57,7,85
195,2,104,27,83,56,6,6,29,29,0,2,5,27,30,3,6.807583648184077e-05,0.0013955546478777359,30,41,11,4,5,5,3,1,85,60,83
196,0,206,1,92,91,0,24,1,36,35,0,24,1,52,51,0.0,0.00796487286837537,1,64,63,3,-1,4,4,0,77,91,20
197,0,0,1,1,0,0,0,1,1,0,0,0,1,1,0,0.0,0.0,1,1,0,-1,-1,-1,6,0,34,89,87
198,12,628,35,100,65,30,40,36,38,2,12,40,35,51,16,0.0012594029749140542,0.010143299635794275,39,69,30,2,4,3,5,2,63,74,27
199,0,0,1,1,0,0,0,1,1,0,0,0,1,1,0,0.0,0.0,1,1,0,-1,-1,-1,12,0,14,89,98
200,97,713,63,100,37,118,128,63,68,5,97,128,63,77,14,0.00888389666088022,0.030736240171551108,65,88,23,2,3,3,8,8,42,44,1
201,38,1678,53,100,47,88,132,52,73,21,38,132,53,80,27,0.0028932230504782326,0.040505122706695255,50,96,46,1,3,2,8,6,21,70,3
202,40,246,50,95,45,102,102,66,66,0,40,49,50,53,3,0.0028932230504782326,0.003880322679464924,47,50,3,3,2,2,8,1,39,71,64
203,2,2,26,26,0,10,10,26,26,0,2,2,26,26,0,0.0,0.0,1,1,0,-1,5,5,9,2,28,58,92
204,67,683,62,100,38,98,98,52,52,0,67,83,62,65,3,0.006705469893461316,0.009632730862180468,63,69,6,2,3,3,8,8,39,57,46
205,1,1,26,26,0,8,8,26,26,0,1,1,26,26,0,3.4037918240920386e-05,3.4037918240920386e-05,26,26,0,-1,6,6,8,2,21,58,99
206,100,100,66,66,0,100,100,45,45,0,100,100,66,66,0,0.06007692569522448,0.0639572483746894,99,99,0,2,1,1,10,40,1,3,13
207,12,218,31,89,58,64,68,35,35,0,12,18,31,38,7,0.0010211375472276116,0.0035739814152966403,38,48,10,3,4,4,14,3,17,51,90
208,6,212,29,90,61,29,33,31,32,1,6,12,29,33,4,6.807583648184077e-05,0.0002723033459273631,27,31,4,3,4,4,12,1,3,60,4
209,16,16,34,34,0,42,42,32,32,0,16,16,34,34,0,0.0002042275094455223,0.0002042275094455223,32,32,0,-1,3,3,16,1,9,95,84
210,86,702,54,100,46,180,190,64,68,4,86,108,54,76,22,0.003710133088260322,0.006671431975220395,49,58,9,2,2,2,16,3,4,43,75
211,0,1640,1,100,99,0,114,1,63,62,0,100,1,65,64,0.0,0.021614078082984444,1,84,83,1,-1,2,10,0,1,91,37
212,40,141,48,84,36,156,156,66,66,0,40,41,48,52,4,0.002995336805200994,0.0030293747234419145,50,50,0,5,2,2,12,1,6,53,78
213,237,853,95,100,5,72,72,80,80,0,72,72,80,80,0,0.03332312195786106,0.04642772048061541,93,96,3,2,2,2,3,29,66,11,39
214,100,100,59,59,0,100,100,45,45,0,100,100,59,59,0,0.05075053609721229,0.0545968208584363,97,98,1,3,1,1,10,29,0,1,73
215,100,100,70,70,0,100,100,53,53,0,100,100,70,70,0,0.05544776881445931,0.05544776881445931,100,100,0,-1,1,1,9,29,31,0,85
216,22,228,42,90,48,48,48,37,37,0,22,29,42,48,6,0.0013274788113958951,0.0015317063208414173,41,43,2,3,3,3,7,2,24,74,56
217,1,103,25,81,56,3,4,25,27,2,1,3,25,31,6,3.4037918240920386e-05,0.00034037918240920387,29,35,6,4,6,5,3,1,76,68,49
218,0,206,1,86,85,0,31,1,32,31,0,12,1,34,33,0.0,0.0017359338302869397,1,39,38,3,-1,4,8,0,27,79,52
219,114,114,77,77,0,162,162,83,83,0,114,114,77,77,0,0.00803294870485721,0.00803294870485721,62,62,0,-1,2,2,9,6,29,28,59
220,208,808,87,100,13,248,248,89,89,0,208,248,88,91,3,0.01923142380612002,0.049729398549984684,81,98,17,2,2,2,11,12,5,37,2
221,108,108,79,79,0,76,76,60,60,0,76,76,65,65,0,0.013410939786922631,0.013410939786922631,73,73,0,-1,3,3,6,13,69,33,97
222,56,56,52,52,0,76,76,54,54,0,56,56,52,52,0,0.004595118962524252,0.004595118962524252,50,50,0,-1,2,2,6,2,56,74,67
223,24,24,44,44,0,60,60,40,40,0,24,24,44,44,0,0.0013615167296368155,0.0013615167296368155,40,40,0,-1,3,3,9,4,35,64,91
224,169,375,92,100,8,72,72,80,80,0,72,72,80,80,0,0.023588277340957826,0.024166921951053473,89,89,0,3,2,2,3,16,87,12,63
225,46,662,48,100,52,186,196,68,69,1,46,92,48,56,8,0.002144388849177984,0.006603356138738555,44,56,12,2,2,2,17,2,20,61,28
226,70,171,59,86,27,82,82,56,56,0,70,71,60,60,0,0.005956635692161067,0.005956635692161067,56,56,0,6,3,3,7,5,62,47,58
227,105,705,84,100,16,32,32,63,63,0,32,32,64,64,0,0.017427414139351238,0.04625753088941081,80,96,16,2,3,3,2,18,86,5,3
228,2,2,28,28,0,13,13,31,31,0,2,2,28,28,0,0.0002382654276864427,0.0002382654276864427,32,32,0,-1,5,5,7,1,46,55,87
229,124,225,86,97,11,48,48,68,68,0,48,48,69,69,0,0.01923142380612002,0.019367575479083698,82,82,0,6,3,3,3,16,81,18,78
230,54,54,59,59,0,70,70,59,59,0,54,54,59,59,0,0.007760645358929848,0.007760645358929848,63,63,0,-1,3,3,5,4,80,72,59
231,16,16,33,33,0,84,84,48,48,0,16,16,33,33,0,0.004050512270669526,0.004050512270669526,52,52,0,-1,3,3,9,1,31,90,80
232,150,150,90,90,0,72,72,87,87,0,72,72,87,87,0,0.027706865448109193,0.027706865448109193,89,89,0,-1,2,2,3,17,55,6,96
233,1,101,25,79,54,5,5,25,25,0,1,1,25,25,0,0.00010211375472276115,0.00017018959120460194,29,30,1,5,6,6,5,1,45,78,55
234,2,208,27,94,67,5,24,27,35,8,2,24,27,46,19,6.807583648184077e-05,0.003880322679464924,28,52,24,3,5,4,4,1,53,78,47
235,8,108,38,84,46,12,12,35,35,0,8,8,38,38,0,0.0015317063208414173,0.0017018959120460194,43,43,0,4,4,4,2,2,98,61,49
236,0,616,1,100,99,0,46,1,33,32,0,25,1,44,43,0.0,0.003608019333537561,1,48,47,2,-1,3,10,0,22,99,41
237,0,0,1,1,0,0,0,1,1,0,0,0,1,1,0,0.0,0.0,1,1,0,-1,-1,-1,6,0,56,96,92
238,118,220,86,96,10,72,72,79,79,0,72,72,80,80,0,0.02038871302631131,0.02110350930937064,85,87,2,4,2,2,3,9,75,39,64
239,0,206,1,92,91,0,24,1,31,30,0,9,1,35,34,0.0,0.0008509479560230097,1,36,35,3,-1,4,9,1,35,50,43
240,100,100,63,63,0,100,100,45,45,0,100,100,63,63,0,0.05000170189591205,0.05139725654378978,97,98,1,2,1,1,11,29,19,1,74
241,125,325,88,100,12,46,46,82,82,0,46,46,82,82,0,0.019639878825011062,0.023179822322066782,83,86,3,3,2,2,2,17,95,6,13
242,76,76,69,69,0,32,32,58,58,0,32,32,60,60,0,0.011062323428299126,0.011062323428299126,71,71,0,-1,3,3,2,6,91,77,84
243,0,0,1,1,0,0,0,1,1,0,0,0,1,1,0,0.0,0.0,1,1,0,-1,-1,-1,4,0,73,85,97
244,0,616,1,100,99,0,144,1,62,61,0,144,1,82,81,0.0,0.03066816433506927,1,93,92,2,-1,3,14,0,17,99,2
245,6,108,28,74,46,21,22,28,28,0,6,8,28,33,5,0.00013615167296368154,0.0002382654276864427,28,33,5,4,4,4,16,2,9,58,65
246,117,219,82,92,10,64,64,64,64,0,64,64,67,67,0,0.020592940535756832,0.020831205963443275,85,85,0,4,3,3,4,16,77,18,56
247,90,706,62,100,38,90,104,49,63,14,90,104,62,77,15,0.007182000748834201,0.020695054290479593,59,83,24,2,3,3,9,9,35,31,37
248,1,617,26,100,74,10,80,26,39,13,1,53,26,52,26,6.807583648184077e-05,0.006671431975220395,29,61,32,2,6,3,10,1,12,78,21
249,18,18,41,41,0,74,74,40,40,0,18,18,41,41,0,0.0006467204465774873,0.0006467204465774873,37,37,0,-1,3,3,11,2,19,56,89
250,6,212,32,92,60,14,18,32,34,2,6,18,32,47,15,0.0004765308553728854,0.009428503352734947,34,66,32,3,4,4,3,1,87,88,33
251,0,616,1,100,99,0,48,1,35,34,0,30,1,46,45,0.0,0.005173763572619898,1,53,52,2,-1,3,9,0,35,59,62
252,176,382,89,98,9,152,152,95,95,0,152,152,95,95,0,0.024507301133462677,0.02580074202661765,89,89,0,3,2,2,5,9,63,39,75
253,27,233,53,94,41,14,18,34,39,5,14,18,40,45,5,0.003608019333537561,0.009224275843289425,51,68,17,3,4,4,3,6,55,35,25
254,0,616,1,99,98,0,112,1,57,56,0,112,1,75,74,0.0,0.016338200755641786,1,80,79,2,-1,3,12,0,14,97,23
255,128,744,81,100,19,200,200,84,84,0,128,200,81,88,7,0.01242384015793594,0.023384049831512304,71,86,15,2,2,2,11,9,33,27,20
256,28,644,43,100,57,124,134,60,62,2,28,78,43,54,11,0.0025188059498281084,0.007862759113652609,47,60,13,2,3,3,14,3,16,54,47
257,0,206,1,91,90,0,34,1,32,31,0,10,1,34,33,0.0,0.0012253650566731338,1,37,36,3,-1,4,11,0,38,96,54
258,61,267,54,96,42,76,76,51,51,0,61,76,54,62,8,0.004561081044283332,0.008986010415602982,53,68,15,3,3,3,6,6,59,35,38
259,0,102,1,78,77,0,10,1,29,28,0,4,1,31,30,0.0,0.0006467204465774873,1,36,35,4,-1,5,6,0,69,99,43
260,0,102,1,82,81,0,3,1,27,26,0,4,1,31,30,0.0,0.0009530617107457708,1,38,37,4,-1,5,2,0,68,66,83
261,107,313,79,96,17,48,48,62,62,0,48,48,64,64,0,0.013036522686272508,0.016338200755641786,75,80,5,3,3,3,3,13,64,33,73
262,100,100,76,76,0,100,100,90,90,0,100,100,90,90,0,0.06283399707273903,0.06283399707273903,99,99,0,-1,1,1,4,20,72,23,66
263,209,209,94,94,0,118,118,93,93,0,118,118,93,93,0,0.02719629667449539,0.02719629667449539,89,89,0,-1,2,2,5,15,49,16,93
264,1,617,24,100,76,3,28,24,43,19,1,28,24,50,26,0.0,0.02998740597025086,1,90,89,2,6,3,3,1,92,78,3
265,0,206,1,94,93,0,18,1,37,36,0,18,1,46,45,0.0,0.005820484019197386,1,59,58,3,-1,4,3,0,81,93,48
266,0,0,1,1,0,0,0,1,1,0,0,0,1,1,0,0.0,0.0,1,1,0,-1,-1,-1,4,0,67,59,86
267,100,100,61,61,0,100,100,44,44,0,100,100,61,61,0,0.04288777698355969,0.048163654310902346,94,96,2,3,1,1,12,22,6,9,31
268,0,0,1,1,0,0,0,1,1,0,0,0,1,1,0,0.0,0.0,1,1,0,-1,-1,-1,6,0,74,93,85
269,22,638,53,100,47,22,22,52,52,0,22,22,55,55,0,0.0027911092957554717,0.0195377650702883,49,85,36,2,3,3,2,3,98,51,12
270,22,228,41,92,51,66,66,50,50,0,22,66,41,60,19,0.002723033459273631,0.007113924912352361,45,59,14,3,3,3,6,2,56,52,57
271,106,106,84,84,0,62,62,80,80,0,62,62,80,80,0,0.018210286258892407,0.018210286258892407,82,82,0,-1,2,2,3,8,55,44,91
272,0,0,1,1,0,0,0,1,1,0,0,0,1,1,0,0.0,0.0,1,1,0,-1,-1,-1,3,0,64,89,76
273,271,1871,96,100,4,112,112,97,97,0,112,112,97,97,0,0.03594404166241193,0.06640797848803567,92,100,8,1,2,2,4,29,84,11,6
274,0,0,1,1,0,0,0,1,1,0,0,0,1,1,0,0.0,0.0,1,1,0,-1,-1,-1,10,0,11,76,96
275,100,100,64,64,0,100,100,57,57,0,100,100,65,65,0,0.03451444909629327,0.03451444909629327,93,93,0,-1,1,1,8,13,10,33,84
276,18,120,48,83,35,30,30,46,46,0,18,30,48,54,6,0.0009190237925048504,0.0017018959120460194,37,42,5,4,3,3,4,2,78,63,43
277,80,181,65,90,25,84,84,74,74,0,84,84,74,74,0,0.011640968038394772,0.011675005956635693,69,69,0,6,2,2,5,6,49,34,78
278,0,206,1,92,91,0,18,1,35,34,0,18,1,46,45,0.0,0.004050512270669526,1,54,53,3,-1,4,3,0,64,97,13
279,50,152,55,87,32,88,88,47,47,0,44,46,53,53,0,0.0034718676605738795,0.0038462847612240037,48,50,2,4,3,3,8,6,39,41,49
280,82,288,69,96,27,54,54,55,55,0,54,54,60,60,0,0.011947309302563056,0.015180911535450491,71,77,6,3,3,3,4,8,84,17,22
281,0,0,1,1,0,0,0,1,1,0,0,0,1,1,0,0.0,0.0,1,1,0,-1,-1,-1,5,0,45,91,80
282,2,1642,26,100,74,6,70,26,58,32,2,70,26,65,39,6.807583648184077e-05,0.02375846693216243,28,86,58,1,5,2,5,1,80,78,28
283,0,616,1,100,99,0,128,1,59,58,0,87,1,55,54,0.0,0.012049423057285817,1,68,67,2,-1,3,16,0,9,85,37
284,92,92,66,66,0,118,118,69,69,0,92,92,66,66,0,0.013104598522754349,0.013104598522754349,76,76,0,-1,3,3,8,8,57,20,82
285,210,810,97,100,3,22,22,54,54,0,22,22,54,54,0,0.02828551005820484,0.03362946322202934,92,95,3,2,3,3,2,29,99,1,48
286,100,100,62,62,0,100,100,43,43,0,100,100,62,62,0,0.021409850573538922,0.021409850573538922,83,83,0,-1,1,1,12,6,14,13,59
287,104,104,77,77,0,160,160,73,73,0,104,104,77,77,0,0.005582218591510943,0.005582218591510943,60,60,0,-1,2,2,11,5,38,47,50
288,6,622,29,99,70,25,72,30,36,6,6,72,29,54,25,0.00010211375472276115,0.006671431975220395,30,56,26,2,4,3,11,1,5,60,24
289,6,6,29,29,0,58,58,33,33,0,6,6,29,29,0,0.0002723033459273631,0.0002723033459273631,30,30,0,-1,4,4,13,1,13,88,45
290,22,638,42,100,58,46,56,39,43,4,22,56,42,53,11,0.002110350930937064,0.016304162837400864,44,77,33,2,3,3,6,2,41,83,30
291,180,180,90,90,0,120,120,90,90,0,120,120,90,90,0,0.022567139793730217,0.022567139793730217,82,82,0,-1,2,2,6,17,69,6,45
292,6,622,28,100,72,16,56,30,43,13,6,56,28,51,23,0.0004765308553728854,0.012015385139044895,32,71,39,2,4,3,6,1,56,88,19
293,246,446,95,98,3,144,144,92,92,0,144,144,92,92,0,0.024064808196330712,0.02569862827189489,87,88,1,3,2,2,6,19,48,15,73
294,84,700,58,100,42,136,136,81,81,0,84,136,59,87,28,0.007624493685966166,0.010619830491167161,58,71,13,2,2,2,7,6,46,26,41
295,0,0,1,1,0,0,0,1,1,0,0,0,1,1,0,0.0,0.0,1,1,0,-1,-1,-1,3,0,55,66,79
296,270,270,95,95,0,104,104,85,85,0,104,104,86,86,0,0.03066816433506927,0.03066816433506927,89,89,0,-1,2,2,5,22,37,9,76
297,78,694,70,100,30,32,32,58,58,0,32,32,60,60,0,0.011606930120153852,0.029647026787841656,73,93,20,2,3,3,2,9,91,27,9
298,0,0,1,1,0,0,0,1,1,0,0,0,1,1,0,0.0,0.0,1,1,0,-1,-1,-1,6,0,34,99,96
299,6,108,30,77,47,15,16,31,32,1,6,8,30,34,4,0.00010211375472276115,0.00030634126416828345,30,34,4,4,4,4,6,1,74,65,88
300,0,206,1,93,92,0,14,1,33,32,0,14,1,40,39,0.0,0.010313489226998877,1,72,71,3,-1,4,3,0,60,92,12
301,44,146,56,84,28,96,96,60,60,0,44,46,56,56,0,0.006773545729943157,0.006841621566424997,61,61,0,4,3,3,6,7,44,62,4
302,42,248,50,90,40,116,116,55,55,0,42,54,50,52,2,0.0007828721195411688,0.0018380475850097008,37,39,2,3,2,2,14,2,17,56,74
303,6,212,34,92,58,16,24,34,36,2,6,24,34,53,19,0.0004084550188910446,0.007250076585316042,36,62,26,3,4,4,4,1,77,88,27
304,64,270,54,95,41,164,164,66,66,0,64,70,54,55,1,0.005616256509751864,0.005786446100956465,54,57,3,3,2,2,15,6,7,73,4
305,0,206,1,92,91,0,18,1,29,28,0,8,1,34,33,0.0,0.0007488342013002485,1,36,35,3,-1,4,9,0,35,86,74
306,12,218,37,94,57,14,18,34,39,5,12,18,37,45,8,0.002280540522141666,0.009496579189216788,47,68,21,3,4,4,3,2,55,75,17
307,0,0,1,1,0,0,0,1,1,0,0,0,1,1,0,0.0,0.0,1,1,0,-1,-1,-1,8,0,30,89,76
308,0,616,1,100,99,0,54,1,36,35,0,22,1,42,41,0.0,0.0034037918240920387,1,49,48,2,-1,3,8,0,15,81,29
309,0,206,1,94,93,0,14,1,30,29,0,6,1,30,29,0.0,0.0008169100377820892,1,37,36,3,-1,4,6,0,32,67,42
310,154,770,89,100,11,88,88,80,80,0,88,88,80,80,0,0.02215868477483917,0.05483508628612274,84,99,15,2,2,2,4,18,84,5,2
311,0,616,1,100,99,0,38,1,39,38,0,38,1,52,51,0.0,0.006773545729943157,1,60,59,2,-1,3,6,0,32,98,24
312,42,658,50,100,50,60,70,49,53,4,40,70,49,61,12,0.004050512270669526,0.01766567956703768,50,81,31,2,3,3,5,6,50,41,12
313,0,616,1,100,99,0,48,1,37,36,0,32,1,44,43,0.0,0.007250076585316042,1,57,56,2,-1,3,7,0,46,82,25
314,0,0,1,1,0,0,0,1,1,0,0,0,1,1,0,0.0,0.0,1,1,0,-1,-1,-1,2,0,91,84,85
315,0,102,1,76,75,0,6,1,29,28,0,5,1,31,30,0.0,0.00088498587426393,1,38,37,4,-1,5,3,1,64,50,43
316,150,356,83,100,17,134,134,90,90,0,134,134,90,90,0,0.018040096667687803,0.023281936076789543,80,87,7,3,2,2,6,12,56,37,21
317,0,206,1,90,89,0,20,1,32,31,0,8,1,35,34,0.0,0.0011913271384322134,1,38,37,3,-1,4,6,0,48,91,52
318,37,37,58,58,0,22,22,49,49,0,22,22,53,53,0,0.0053099152455835805,0.0053099152455835805,58,58,0,-1,3,3,2,6,90,35,50
319,100,100,64,64,0,100,100,45,45,0,100,100,64,64,0,0.05163552197147622,0.05163552197147622,98,98,0,-1,1,1,10,30,18,7,59
320,100,100,69,69,0,100,100,66,66,0,100,100,72,72,0,0.04680213758126553,0.047074440927192894,96,96,0,3,1,1,6,17,44,6,56
321,0,206,1,88,87,0,46,1,35,34,0,26,1,44,43,0.0,0.003642057251778481,1,50,49,3,-1,4,9,0,54,86,47
322,40,1680,47,100,53,156,200,70,81,11,40,200,47,85,38,0.005071649817897137,0.02641342455495422,55,89,34,1,2,2,12,1,2,90,15
323,6,6,29,29,0,17,17,29,29,0,6,6,29,29,0,6.807583648184077e-05,6.807583648184077e-05,28,28,0,-1,4,4,8,1,10,95,59
324,0,102,1,75,74,0,10,1,27,26,0,6,1,29,28,0.0,0.0020082371762143027,1,44,43,4,-1,5,5,0,80,66,73
325,6,622,29,100,71,42,88,31,35,4,6,87,29,56,27,0.00017018959120460194,0.008305252050784574,31,62,31,2,4,3,14,1,16,65,32
326,6,212,32,95,63,8,8,32,32,0,6,8,32,37,5,0.0008169100377820892,0.004356853534837809,37,53,16,3,4,4,2,1,95,71,72
327,0,102,1,77,76,0,10,1,26,25,0,2,1,26,25,0.0,0.0002382654276864427,1,31,30,4,-1,5,9,0,35,96,55
328,78,284,64,96,32,110,110,81,81,0,78,110,64,81,17,0.00891793457912114,0.01746145205759216,67,79,12,3,2,2,6,7,65,62,14
329,38,654,49,100,51,62,72,43,45,2,38,72,49,58,9,0.002144388849177984,0.009870996289866912,46,69,23,2,3,3,7,3,43,54,44
330,88,704,62,100,38,142,142,71,71,0,88,142,62,81,19,0.008135062459579971,0.018754892950747133,64,81,17,2,2,2,8,7,15,62,39
331,128,744,77,100,23,214,214,83,83,0,128,214,77,88,11,0.006909697402906838,0.017291262466387555,56,77,21,2,2,2,11,5,5,47,33
332,6,622,31,100,69,28,58,34,40,6,6,58,31,60,29,0.0002723033459273631,0.010041185881071514,34,69,35,2,4,3,8,1,57,88,39
333,8,624,35,100,65,36,68,35,40,5,8,64,35,56,21,0.00037441710065012424,0.006024711528642908,34,58,24,2,4,3,8,2,30,63,13
334,178,178,93,93,0,32,32,58,58,0,32,32,59,59,0,0.020831205963443275,0.020831205963443275,86,86,0,-1,3,3,2,19,68,15,66
335,6,212,30,89,59,16,28,31,34,3,6,28,30,45,15,0.00017018959120460194,0.005241839409101739,31,53,22,3,4,4,6,1,41,65,34
336,90,296,67,99,32,88,88,84,84,0,88,88,84,84,0,0.012764219340345145,0.014398039415909322,73,76,3,3,2,2,4,6,67,77,46
337,0,0,1,1,0,0,0,1,1,0,0,0,1,1,0,0.0,0.0,1,1,0,-1,-1,-1,2,0,68,76,85
338,196,1836,88,100,12,176,200,75,83,8,176,200,87,88,1,0.020014295925661188,0.053609721229449604,83,100,17,1,3,2,11,16,33,18,1
339,0,616,1,100,99,0,58,1,38,37,0,58,1,52,51,0.0,0.009326389598012186,1,68,67,2,-1,3,8,0,42,93,32
340,0,1640,1,100,99,0,110,1,57,56,0,110,1,71,70,0.0,0.021580040164743523,1,86,85,1,-1,2,10,0,0,89,18
341,202,202,92,92,0,158,158,82,82,0,158,158,87,87,0,0.020150447598624867,0.020150447598624867,83,83,0,-1,2,2,9,18,35,5,67
342,32,648,49,100,51,48,62,47,50,3,32,54,49,54,5,0.001599782157323258,0.005616256509751864,43,57,14,2,3,3,6,3,65,51,54
343,0,1640,1,100,99,0,80,1,61,60,0,80,1,67,66,0.0,0.02998740597025086,1,90,89,1,-1,2,6,0,32,79,12
344,105,207,85,94,9,46,46,81,81,0,46,46,82,82,0,0.019741992579733823,0.0245413390517036,85,87,2,4,2,2,2,12,90,37,34
345,178,178,88,88,0,144,144,91,91,0,144,144,92,92,0,0.02556247659893121,0.02556247659893121,86,86,0,-1,2,2,6,12,51,37,81
346,102,718,71,100,29,124,124,85,85,0,102,124,74,88,14,0.00970080669866231,0.023690391095680587,67,86,19,2,2,2,6,7,40,62,12
347,38,654,51,100,49,56,76,46,56,10,38,76,51,60,9,0.0030293747234419145,0.021716191837707205,49,84,35,2,3,3,6,6,74,70,18
348,57,673,63,100,37,38,48,57,63,6,38,48,60,65,5,0.006909697402906838,0.01834643793185609,61,83,22,2,3,3,3,8,85,57,39
349,397,597,100,100,0,112,112,93,93,0,112,112,93,93,0,0.05051227066952585,0.0514312944620307,96,96,0,3,2,2,4,36,79,2,53
350,40,246,54,94,40,48,52,73,81,8,40,48,74,74,0,0.0061949011198475104,0.009088124170325743,58,69,11,3,2,2,3,1,92,88,29
351,126,726,86,100,14,28,28,44,44,0,28,28,54,54,0,0.016882807447496512,0.029476837196637053,80,89,9,2,3,3,3,16,76,12,23
352,0,1640,1,100,99,0,54,1,40,39,0,40,1,50,49,0.0,0.01153885428367201,1,69,68,1,-1,2,9,0,26,92,49
353,94,300,61,96,35,174,174,78,78,0,94,108,61,73,12,0.007794683277170768,0.009496579189216788,62,65,3,3,2,2,10,6,11,26,70
354,22,123,47,81,34,54,54,54,54,0,22,23,47,51,4,0.00445896728956057,0.004493005207801491,55,55,0,5,3,3,4,3,47,29,95
355,118,734,80,100,20,120,120,85,85,0,120,120,85,85,0,0.016474352428605468,0.03114469519044215,81,89,8,2,2,2,6,9,48,39,12
356,22,228,42,95,53,34,34,39,39,0,22,30,42,50,8,0.0013274788113958951,0.00176997174852786,41,43,2,3,3,3,4,2,53,74,63
357,88,294,67,96,29,132,132,79,79,0,88,98,67,67,0,0.00878178290615746,0.010347527145239796,67,69,2,3,2,2,8,7,39,62,54
358,88,1728,63,100,37,190,214,80,85,5,88,214,63,89,26,0.007998910786616291,0.02723033459273631,64,88,24,1,2,2,11,4,33,38,5
359,0,0,1,1,0,0,0,1,1,0,0,0,1,1,0,0.0,0.0,1,1,0,-1,-1,-1,14,0,16,79,92
360,92,708,64,100,36,114,114,67,67,0,92,114,64,78,14,0.00789679703189353,0.028796078831818644,63,88,25,2,3,3,9,7,35,48,1
361,134,750,81,100,19,110,110,78,78,0,110,110,82,82,0,0.011368664692467409,0.029715102624323496,69,90,21,2,2,2,6,13,51,24,9
362,260,260,93,93,0,222,222,91,91,0,222,222,94,94,0,0.01504475986248681,0.01504475986248681,77,77,0,-1,2,2,10,14,18,32,96
363,228,228,92,92,0,198,198,83,83,0,198,198,88,88,0,0.022601177711971135,0.022601177711971135,84,84,0,-1,2,2,10,16,11,18,67
364,0,206,1,93,92,0,10,1,30,29,0,10,1,40,39,0.0,0.0045270431260424114,1,50,49,3,-1,4,3,0,92,97,48
365,260,460,94,99,5,216,216,97,97,0,216,216,97,97,0,0.022533101875489295,0.02563055243541305,85,87,2,3,2,2,9,19,23,15,35
366,0,1640,1,100,99,0,46,1,82,81,0,46,1,82,81,0.0,0.05320126621055856,1,98,97,1,-1,2,2,0,99,59,94
367,16,222,41,95,54,28,28,45,45,0,16,28,41,48,7,0.0021784267674189047,0.021137547227611558,45,86,41,3,3,3,3,2,60,94,10
368,63,269,57,95,38,84,84,64,64,0,63,84,60,68,8,0.006705469893461316,0.007488342013002485,59,62,3,3,2,2,5,4,50,22,64
369,22,124,47,88,41,18,18,47,47,0,22,18,54,49,-5,0.0020422750944552232,0.0028932230504782326,43,48,5,4,3,3,2,2,99,52,74
370,0,206,1,93,92,0,14,1,34,33,0,14,1,42,41,0.0,0.006058749446883829,1,58,57,3,-1,4,3,0,92,93,25
371,97,303,65,94,29,80,80,53,53,0,80,80,60,60,0,0.009462541270975866,0.01834643793185609,67,83,16,3,3,3,5,8,52,44,39
372,100,100,58,58,0,100,100,35,35,0,100,100,59,59,0,0.03192756730998332,0.040300895197249734,91,95,4,2,1,1,17,16,20,18,8
373,168,374,85,96,11,276,276,89,89,0,168,188,85,85,0,0.010415602981721638,0.013002484768031588,67,73,6,3,2,2,14,7,17,21,41
374,78,284,71,98,27,48,48,64,64,0,48,48,66,66,0,0.013070560604513427,0.02379250485040335,75,87,12,3,3,3,3,13,85,33,6
375,136,136,83,83,0,158,158,78,78,0,136,136,86,86,0,0.012832295176826986,0.012832295176826986,72,72,0,-1,2,2,9,8,29,17,59
376,422,628,98,100,2,240,240,97,97,0,240,240,97,97,0,0.040505122706695255,0.042819701147077845,95,96,1,3,2,2,9,30,31,7,90
377,34,34,54,54,0,34,34,47,47,0,34,34,55,55,0,0.0030293747234419145,0.0030293747234419145,49,49,0,-1,3,3,4,6,77,70,96
378,24,24,48,48,0,40,40,43,43,0,24,24,48,48,0,0.0016338200755641784,0.0016338200755641784,42,42,0,-1,3,3,5,4,49,64,36
379,136,342,81,95,14,228,228,79,79,0,136,142,81,82,1,0.011981347220803976,0.013547091459886314,69,70,1,3,2,2,14,8,25,17,94
380,114,114,79,79,0,176,176,87,87,0,114,114,80,80,0,0.012253650566731339,0.012253650566731339,72,72,0,-1,2,2,8,5,39,25,98
381,2,208,26,92,66,11,23,28,31,3,2,9,26,34,8,0.00010211375472276115,0.0013955546478777359,30,38,8,3,5,4,6,1,59,95,61
382,8,214,36,94,58,18,18,36,36,0,8,18,36,44,8,0.0002723033459273631,0.0029612988869600733,33,50,17,3,4,4,3,2,66,63,41
383,2,618,28,100,72,11,48,29,40,11,2,48,28,53,25,3.4037918240920386e-05,0.012525953912658701,29,74,45,2,5,3,7,1,62,95,30
384,0,0,1,1,0,0,0,1,1,0,0,0,1,1,0,0.0,0.0,1,1,0,-1,-1,-1,3,0,96,86,69
385,32,32,48,48,0,148,148,63,63,0,32,32,48,48,0,0.0020082371762143027,0.0020082371762143027,43,43,0,-1,3,3,13,2,13,52,36
386,236,442,93,100,7,144,144,95,95,0,144,144,95,95,0,0.023179822322066782,0.024303073624017155,87,88,1,3,2,2,6,19,56,15,83
387,0,616,1,100,99,0,22,1,48,47,0,22,1,52,51,0.0,0.018074134585928724,1,82,81,2,-1,3,2,0,90,80,12
388,166,372,84,96,12,208,208,85,85,0,166,172,84,85,1,0.014874570271282209,0.01746145205759216,76,79,3,3,2,2,10,9,18,39,46
389,24,640,48,100,52,46,76,45,53,8,24,76,48,65,17,0.0021784267674189047,0.028932230504782327,47,90,43,2,3,3,6,3,32,54,7
390,34,240,49,93,44,94,94,51,51,0,34,94,49,67,18,0.0033016780693692774,0.015248987371932332,47,76,29,3,3,3,9,6,26,70,12
391,0,206,1,94,93,0,12,1,39,38,0,12,1,41,40,0.0,0.007386228258279724,1,66,65,3,-1,4,2,0,90,67,33
392,96,96,78,78,0,32,32,69,69,0,32,32,69,69,0,0.016542428265087308,0.016542428265087308,80,80,0,-1,3,3,2,15,93,19,92
393,100,100,84,84,0,100,100,98,98,0,100,100,98,98,0,0.08359712719970047,0.08359712719970047,99,99,0,-1,1,1,2,7,97,62,81
394,49,150,57,85,28,60,60,48,48,0,49,50,57,57,0,0.004799346471969774,0.0048674223084516155,54,55,1,5,3,3,5,4,63,22,68
395,168,168,88,88,0,100,100,71,71,0,100,100,72,72,0,0.015317063208414174,0.015317063208414174,76,76,0,-1,2,2,6,14,56,32,97
396,12,628,39,100,61,18,28,35,44,9,12,28,39,49,10,0.002382654276864427,0.024234997787535316,45,88,43,2,4,3,3,2,58,83,0
397,464,664,98,100,2,288,288,98,98,0,288,288,98,98,0,0.03727152047380782,0.03958609891419041,96,96,0,3,2,2,9,30,54,7,29
398,0,616,1,100,99,0,40,1,42,41,0,40,1,52,51,0.0,0.015623404472582456,1,80,79,2,-1,3,5,0,49,91,23
399,141,347,88,99,11,72,72,84,84,0,72,72,84,84,0,0.025119983661799246,0.036590762108989414,88,94,6,3,2,2,3,15,85,16,15
400,0,206,1,92,91,0,31,1,30,29,0,6,1,27,26,0.0,0.0017359338302869397,1,41,40,3,-1,4,10,0,36,91,53
401,16,16,41,41,0,34,34,43,43,0,16,16,41,41,0,0.0008509479560230097,0.0008509479560230097,38,38,0,-1,3,3,4,1,83,71,91
402,1,207,25,92,67,3,10,25,31,6,1,10,25,39,14,0.0,0.003914360597705844,1,53,52,3,6,4,3,2,76,58,35
403,15,215,39,91,52,30,30,37,37,0,15,30,39,48,9,0.003199564314646516,0.009870996289866912,50,69,19,3,4,4,5,6,80,73,37
404,455,455,99,99,0,256,256,100,100,0,256,256,100,100,0,0.04326219408420981,0.04326219408420981,96,96,0,-1,2,2,7,29,43,11,69
405,52,668,58,100,42,48,48,67,67,0,48,48,70,70,0,0.008986010415602982,0.016304162837400864,66,79,13,2,3,3,3,5,96,25,21
406,254,460,93,98,5,256,256,94,94,0,256,256,96,96,0,0.02324789815854862,0.026209197045508698,86,87,1,3,2,2,10,18,11,30,73
407,0,616,1,100,99,0,40,1,39,38,0,40,1,48,47,0.0,0.010858095918853602,1,71,70,2,-1,3,5,1,52,45,33
408,275,1875,94,100,6,246,246,95,95,0,246,246,96,96,0,0.018857006705469893,0.0370672929643623,79,95,16,1,2,2,10,15,22,19,14
409,40,246,48,93,45,76,76,54,54,0,40,46,48,49,1,0.005922597773920147,0.006909697402906838,55,57,2,3,2,2,6,1,56,90,53
410,0,0,1,1,0,0,0,1,1,0,0,0,1,1,0,0.0,0.0,1,1,0,-1,-1,-1,6,0,48,87,79
411,0,206,1,87,86,0,42,1,30,29,0,12,1,33,32,0.0,0.001599782157323258,1,40,39,3,-1,4,14,0,16,67,75
412,136,342,83,96,13,80,80,60,60,0,80,80,65,65,0,0.010143299635794275,0.01412573606998196,71,77,6,3,3,3,5,13,50,24,26
413,78,694,57,100,43,128,138,72,77,5,78,113,57,78,21,0.007420266176520644,0.012389802239695021,60,73,13,2,2,2,9,7,35,62,28
414,64,680,59,100,41,86,86,57,57,0,64,86,60,65,5,0.007794683277170768,0.017223186629905716,63,80,17,2,3,3,6,4,65,38,32
415,0,101,1,81,80,0,3,1,24,23,0,1,1,24,23,0.0,0.0002382654276864427,1,31,30,5,-1,6,3,1,82,50,55
416,298,914,95,100,5,300,300,91,91,0,300,300,94,94,0,0.020252561353347628,0.023724429013921508,82,86,4,2,2,2,14,18,17,5,28
417,50,50,57,57,0,70,70,59,59,0,50,50,57,57,0,0.005446066918547262,0.005446066918547262,58,58,0,-1,3,3,5,6,80,26,99
418,0,616,1,100,99,0,68,1,45,44,0,68,1,58,57,0.0,0.02556247659893121,1,88,87,2,-1,3,8,0,21,81,10
419,7,213,36,93,57,18,18,36,36,0,7,13,36,38,2,0.0004765308553728854,0.0025188059498281084,36,48,12,3,4,4,3,2,64,56,46
420,76,692,63,100,37,134,134,72,72,0,76,94,63,68,5,0.009836958371625992,0.011981347220803976,70,74,4,2,3,3,9,6,31,77,52
421,0,616,1,100,99,0,52,1,42,41,0,42,1,52,51,0.0,0.0061949011198475104,1,57,56,2,-1,3,6,0,41,87,26
422,198,198,91,91,0,158,158,80,80,0,158,158,86,86,0,0.019707954661492902,0.019707954661492902,83,83,0,-1,2,2,9,18,23,5,89
423,49,255,59,96,37,54,54,62,62,0,49,54,67,67,0,0.004969536063174376,0.005650294427992784,54,61,7,3,3,3,4,4,72,22,61
424,22,22,47,47,0,22,22,54,54,0,22,22,54,54,0,0.005207801490860819,0.005207801490860819,56,56,0,-1,3,3,2,3,99,29,36
425,12,218,35,89,54,28,28,35,35,0,12,20,35,41,6,0.0009870996289866913,0.002314578440382586,39,45,6,3,4,4,6,3,41,51,83
426,100,100,60,60,0,100,100,40,40,0,100,100,60,60,0,0.021682153919466287,0.021818305592429966,84,84,0,3,1,1,14,13,25,24,95
427,2,1642,26,100,74,12,154,28,73,45,2,154,26,85,59,0.0,0.03849688553048095,1,95,94,1,5,2,10,1,22,68,3
428,0,616,1,100,99,0,50,1,49,48,0,50,1,54,53,0.0,0.02998740597025086,1,88,87,2,-1,3,5,0,70,96,2
429,0,206,1,90,89,0,22,1,33,32,0,22,1,44,43,0.0,0.003778208924742163,1,51,50,3,-1,4,5,0,80,89,47
430,122,122,81,81,0,78,78,73,73,0,78,78,73,73,0,0.018176248340651485,0.018176248340651485,84,84,0,-1,2,2,4,9,79,39,36
431,16,632,34,100,66,72,120,40,64,24,16,99,34,61,27,0.0010892133837094523,0.013513053541645392,38,74,36,2,3,3,10,1,11,71,39
432,2,208,26,91,65,6,14,26,29,3,2,10,26,34,8,0.0,0.0015317063208414173,1,42,41,3,5,4,5,1,52,78,83
433,87,703,76,100,24,32,32,63,63,0,32,32,64,64,0,0.014908608189523128,0.02573266619013581,76,88,12,2,3,3,2,13,86,33,34
434,100,100,64,64,0,100,100,44,44,0,100,100,64,64,0,0.032336022328874364,0.032336022328874364,91,91,0,-1,1,1,13,17,13,6,76
435,0,102,1,78,77,0,8,1,28,27,0,4,1,32,31,0.0,0.0005105687736138058,1,33,32,4,-1,5,5,0,88,59,56
436,78,78,72,72,0,38,38,56,56,0,38,38,57,57,0,0.011300588855985567,0.011300588855985567,72,72,0,-1,3,3,3,8,60,17,92
437,171,171,91,91,0,72,72,84,84,0,72,72,84,84,0,0.02501786990707648,0.02501786990707648,88,88,0,-1,2,2,3,19,81,15,76
438,126,726,85,100,15,48,48,72,72,0,48,48,74,74,0,0.018312400013615168,0.02631131080023146,85,88,3,2,3,3,3,17,60,6,32
439,151,357,87,98,11,78,78,77,77,0,78,78,79,79,0,0.020831205963443275,0.024337111542258077,82,86,4,3,2,2,4,16,78,12,28
440,16,16,45,45,0,22,22,49,49,0,16,16,48,48,0,0.0024507301133462676,0.0024507301133462676,48,48,0,-1,3,3,2,1,90,53,93
441,172,372,88,96,8,136,136,81,81,0,136,136,82,82,0,0.017087034956942034,0.024983831988835564,80,87,7,3,2,2,7,18,43,5,20
442,100,100,76,76,0,100,100,97,97,0,100,100,97,97,0,0.05173763572619899,0.05173763572619899,98,98,0,-1,1,1,3,3,94,51,93
443,377,583,100,100,0,192,192,99,99,0,192,192,99,99,0,0.04666598590830185,0.049048640185166276,98,99,1,3,2,2,6,29,69,11,90
444,6,6,33,33,0,24,24,38,38,0,6,6,33,33,0,0.002825147213996392,0.002825147213996392,49,49,0,-1,4,4,4,3,72,46,97
445,19,225,50,96,46,18,22,47,47,0,18,22,50,50,0,0.0011913271384322134,0.02386058068688519,38,85,47,3,3,3,2,4,95,64,11
446,58,264,57,94,37,74,74,64,64,0,58,64,57,64,7,0.005105687736138058,0.005786446100956465,54,54,0,3,2,2,5,3,88,54,49
447,262,862,96,100,4,120,120,100,100,0,120,120,100,100,0,0.04615541713468804,0.06964158072092311,95,100,5,2,2,2,3,27,92,10,2
448,28,644,49,100,51,50,50,45,45,0,28,50,49,57,8,0.0018380475850097008,0.00891793457912114,43,67,24,2,3,3,5,3,63,43,24
449,78,78,61,61,0,124,124,75,75,0,78,78,61,61,0,0.008237176214302734,0.008237176214302734,66,66,0,-1,3,3,9,8,23,44,82
450,0,206,1,90,89,0,54,1,32,31,0,6,1,28,27,0.0,0.0013615167296368155,1,39,38,3,-1,4,13,0,13,82,53
451,6,108,29,75,46,28,28,30,30,0,6,8,29,34,5,0.00010211375472276115,0.00017018959120460194,28,30,2,4,4,4,10,1,18,60,95
452,128,230,77,92,15,188,188,80,80,0,128,130,77,77,0,0.007284114503556962,0.007318152421797883,59,59,0,4,2,2,10,6,0,28,65
453,16,632,41,100,59,40,50,43,47,4,16,50,41,56,15,0.002144388849177984,0.0176997174852786,47,80,33,2,3,3,5,1,49,53,15
454,100,100,69,69,0,100,100,71,71,0,100,100,72,72,0,0.05813676435549202,0.05960039483985159,98,98,0,3,1,1,6,27,56,10,70
455,28,1668,45,100,55,70,154,39,73,34,28,154,45,85,40,0.0013615167296368155,0.0405731985431771,40,96,56,1,3,2,10,3,22,43,3
456,0,0,1,1,0,0,0,1,1,0,0,0,1,1,0,0.0,0.0,1,1,0,-1,-1,-1,3,0,94,98,36
457,72,278,65,95,30,48,48,54,54,0,48,48,56,56,0,0.009734844616903231,0.010517716736444398,67,72,5,3,3,3,3,6,87,77,42
458,22,22,41,41,0,40,40,40,40,0,22,22,41,41,0,0.0019741992579733825,0.0019741992579733825,45,45,0,-1,3,3,5,2,50,52,45
459,359,565,96,100,4,160,160,86,86,0,160,160,88,88,0,0.03516116954287076,0.03546751080703904,94,94,0,3,2,2,7,29,24,11,49
460,352,352,99,99,0,224,224,98,98,0,224,224,98,98,0,0.03087239184451479,0.03087239184451479,89,89,0,-1,2,2,8,22,10,9,97
461,0,616,1,100,99,0,34,1,36,35,0,24,1,45,44,0.0,0.004595118962524252,1,54,53,2,-1,3,6,0,34,79,73
462,54,670,53,100,47,76,76,54,54,0,54,76,53,59,6,0.006535280302256714,0.018686817114265293,59,81,22,2,3,3,6,7,41,62,30
463,0,1640,1,100,99,0,196,1,72,71,0,196,1,91,90,0.0,0.03904149222233568,1,94,93,1,-1,2,12,1,6,69,2
464,0,102,1,69,68,0,13,1,27,26,0,2,1,25,24,0.0,0.00013615167296368154,1,31,30,4,-1,5,10,0,0,86,55
465,0,616,1,100,99,0,46,1,36,35,0,38,1,50,49,0.0,0.005003573981415297,1,55,54,2,-1,3,8,0,10,80,13
466,0,102,1,81,80,0,8,1,30,29,0,5,1,33,32,0.0,0.0008509479560230097,1,38,37,4,-1,5,4,0,77,96,64
467,136,238,85,93,8,38,38,51,51,0,38,38,54,54,0,0.017359338302869398,0.018686817114265293,80,83,3,4,3,3,3,16,82,12,75
468,24,24,48,48,0,60,60,53,53,0,24,24,48,48,0,0.0033357159876101976,0.0033357159876101976,50,50,0,-1,3,3,5,6,49,70,36
469,132,132,80,80,0,100,100,70,70,0,100,100,72,72,0,0.014908608189523128,0.014908608189523128,78,78,0,-1,2,2,6,8,65,8,85
470,0,0,1,1,0,0,0,1,1,0,0,0,1,1,0,0.0,0.0,1,1,0,-1,-1,-1,10,0,18,93,85
471,0,0,1,1,0,0,0,1,1,0,0,0,1,1,0,0.0,0.0,1,1,0,-1,-1,-1,3,0,75,59,89
472,112,712,85,100,15,48,48,67,67,0,48,48,70,70,0,0.017529527894074,0.030600088498587426,80,92,12,2,3,3,3,17,96,6,16
473,18,634,44,100,56,46,56,42,45,3,18,58,44,57,13,0.0015317063208414173,0.010313489226998877,42,67,25,2,3,3,6,2,74,61,62
474,16,16,38,38,0,36,36,40,40,0,16,16,38,38,0,0.0011232513019503727,0.0011232513019503727,39,39,0,-1,3,3,5,1,37,71,81
475,16,118,42,85,43,28,28,43,43,0,16,20,42,44,2,0.0026889955410327104,0.003914360597705844,47,50,3,4,3,3,3,2,96,94,75
476,100,100,66,66,0,100,100,43,43,0,100,100,66,66,0,0.020729092208720514,0.028455699649409444,85,90,5,2,1,1,11,6,33,13,27
477,0,206,1,87,86,0,32,1,32,31,0,6,1,28,27,0.0,0.0020082371762143027,1,42,41,3,-1,4,10,1,22,45,94
478,52,153,56,87,31,44,44,49,49,0,44,44,55,55,0,0.008577555396711936,0.008577555396711936,66,66,0,6,3,3,4,6,79,34,58
479,134,340,84,99,15,64,64,70,70,0,64,64,70,70,0,0.021784267674189048,0.02658361414615882,83,88,5,3,3,3,4,20,84,23,57
480,196,812,86,100,14,108,108,63,63,0,108,108,77,77,0,0.016372238673882704,0.026209197045508698,76,87,11,2,3,3,8,16,27,12,19
481,1,207,25,94,69,3,10,25,31,6,1,10,25,38,13,3.4037918240920386e-05,0.003369753905851118,27,51,24,3,6,4,3,2,81,58,13
482,134,236,82,92,10,158,158,73,73,0,134,136,82,84,2,0.008135062459579971,0.008441403723748256,64,66,2,4,3,3,12,9,3,31,55
483,162,368,87,96,9,256,256,90,90,0,162,162,87,87,0,0.013138636440995268,0.014023622315259198,74,74,0,3,2,2,13,9,13,27,71
484,6,212,29,89,60,48,48,35,35,0,6,14,29,34,5,0.0005786446100956465,0.0022465026039007454,35,45,10,3,4,4,8,1,15,49,52
485,8,8,37,37,0,14,14,35,35,0,8,8,37,37,0,0.002110350930937064,0.002110350930937064,48,48,0,-1,4,4,3,2,76,83,89
486,100,100,58,58,0,100,100,35,35,0,100,100,59,59,0,0.056434868443446,0.056673133871132444,99,100,1,3,1,1,17,36,20,2,56
487,0,206,1,93,92,0,26,1,35,34,0,26,1,49,48,0.0,0.0037441710065012424,1,50,49,3,-1,4,5,1,49,69,13
488,22,22,40,40,0,40,40,36,36,0,22,22,40,40,0,0.0005786446100956465,0.0005786446100956465,34,34,0,-1,3,3,7,2,46,63,99
489,68,1668,65,100,35,62,62,74,74,0,62,62,75,75,0,0.010143299635794275,0.05456278294019538,71,97,26,1,2,2,3,4,64,72,11
490,298,400,95,97,2,300,300,91,91,0,300,300,94,94,0,0.020252561353347628,0.020865243881684196,82,82,0,4,2,2,14,18,17,5,51
491,102,102,81,81,0,62,62,80,80,0,62,62,80,80,0,0.018006058749446885,0.018006058749446885,81,81,0,-1,2,2,3,8,55,57,40
492,70,70,68,68,0,54,54,59,59,0,54,54,63,63,0,0.006058749446883829,0.006058749446883829,59,59,0,-1,3,3,4,5,77,47,99
493,0,0,1,1,0,0,0,1,1,0,0,0,1,1,0,0.0,0.0,1,1,0,-1,-1,-1,5,1,88,69,79
494,169,785,85,100,15,276,286,87,88,1,169,286,85,94,9,0.009905034208107831,0.024473263215221756,67,86,19,2,2,2,14,8,16,44,5
495,22,124,41,76,35,64,64,41,41,0,22,24,41,44,3,0.0021784267674189047,0.0022465026039007454,47,47,0,4,3,3,9,2,28,75,65
496,82,698,72,100,28,46,46,82,82,0,46,46,82,82,0,0.015521290717859695,0.02740052418394091,79,89,10,2,2,2,2,8,95,20,39
497,112,728,75,100,25,210,210,78,78,0,112,128,75,79,4,0.008135062459579971,0.010381565063480718,64,69,5,2,2,2,12,4,6,72,46
498,116,322,81,96,15,110,110,81,81,0,110,110,85,85,0,0.01317267435923619,0.018380475850097007,75,84,9,3,2,2,6,8,32,17,34
499,38,1678,46,100,54,186,240,66,76,10,38,240,46,93,47,0.0035059055788147996,0.033221008203138294,48,95,47,1,3,2,16,6,4,70,11
500,292,1892,96,100,4,256,256,94,94,0,256,256,96,96,0,0.022396950202525613,0.04489601415977399,83,97,14,1,2,2,10,16,11,12,23
501,22,22,47,47,0,28,28,40,40,0,22,22,47,47,0,0.0020763130126961434,0.0020763130126961434,45,45,0,-1,3,3,3,2,82,83,92
502,100,100,63,63,0,100,100,47,47,0,100,100,63,63,0,0.029306647605432452,0.029306647605432452,91,91,0,-1,1,1,10,14,22,14,40
503,77,283,57,96,39,88,88,47,47,0,77,88,57,60,3,0.006569318220497634,0.006909697402906838,58,59,1,3,3,3,8,8,10,57,56
504,33,135,54,88,34,12,12,39,39,0,12,12,45,45,0,0.00616086320160659,0.006433166547533953,59,59,0,4,4,4,2,8,93,57,63
505,168,374,86,97,11,180,180,80,80,0,180,180,87,87,0,0.013036522686272508,0.0141938119064638,72,76,4,3,2,2,11,14,38,32,74
506,18,634,41,100,59,74,88,44,47,3,18,48,41,52,11,0.00088498587426393,0.008135062459579971,37,64,27,2,3,3,8,2,15,56,77
507,84,700,66,100,34,90,90,71,71,0,84,100,71,76,5,0.007386228258279724,0.00881582082439838,60,66,6,2,2,2,6,5,69,47,49
508,106,706,77,100,23,120,120,80,80,0,120,120,81,81,0,0.01055175465468532,0.01501072194424589,71,77,6,2,2,2,6,7,34,48,28
509,332,332,96,96,0,216,216,96,96,0,216,216,97,97,0,0.03274447734776541,0.03274447734776541,92,92,0,-1,2,2,9,22,35,9,76
510,138,138,84,84,0,100,100,66,66,0,100,100,72,72,0,0.010041185881071514,0.010041185881071514,68,68,0,-1,2,2,6,9,44,31,96
511,80,1680,72,100,28,88,88,80,80,0,88,88,81,81,0,0.014295925661186561,0.055583920487422986,78,98,20,1,2,2,4,5,77,25,11
512,220,321,94,99,5,48,48,60,60,0,48,48,63,63,0,0.03094046768099663,0.03100854351747847,91,91,0,5,3,3,3,30,58,7,60
513,76,76,56,56,0,82,82,48,48,0,76,76,57,57,0,0.00793083495013445,0.00793083495013445,60,60,0,-1,3,3,7,6,46,34,79
514,22,124,43,77,34,82,82,50,50,0,22,24,43,46,3,0.004186663943633207,0.004322815616596889,51,52,1,4,3,3,7,3,43,29,60
515,0,616,1,100,99,0,80,1,37,36,0,38,1,49,48,0.0,0.007386228258279724,1,62,61,2,-1,3,13,0,13,96,77
516,0,1640,1,100,99,0,90,1,64,63,0,90,1,67,66,0.0,0.03134892269988768,1,92,91,1,-1,2,6,0,74,99,30
517,318,318,94,94,0,152,152,96,96,0,152,152,96,96,0,0.038394771775758195,0.038394771775758195,91,91,0,-1,2,2,5,29,61,0,86
518,46,252,57,94,37,24,24,37,37,0,24,24,54,54,0,0.007352190340038803,0.013444977705163553,62,76,14,3,4,4,4,9,77,31,8
519,91,297,76,99,23,38,38,56,56,0,38,38,57,57,0,0.015248987371932332,0.021375812655298,80,85,5,3,3,3,3,12,60,37,27
520,0,616,1,99,98,0,96,1,42,41,0,88,1,57,56,0.0,0.010381565063480718,1,68,67,2,-1,3,11,0,5,97,33
521,0,0,1,1,0,0,0,1,1,0,0,0,1,1,0,0.0,0.0,1,1,0,-1,-1,-1,16,0,9,79,36
522,0,616,1,100,99,0,50,1,44,43,0,50,1,51,50,0.0,0.005854521937438306,1,55,54,2,-1,3,5,0,52,66,47
523,112,214,76,90,14,86,86,56,56,0,86,86,62,62,0,0.011606930120153852,0.012696143503863304,70,73,3,4,3,3,6,8,51,17,94
524,0,206,1,96,95,0,12,1,38,37,0,12,1,44,43,0.0,0.00796487286837537,1,65,64,3,-1,4,2,0,93,99,20
525,56,262,61,97,36,44,44,53,53,0,44,44,58,58,0,0.007692569522448007,0.029374723441914292,63,89,26,3,3,3,4,6,78,34,10
526,0,206,1,92,91,0,31,1,30,29,0,6,1,27,26,0.0,0.0017018959120460194,1,41,40,3,-1,4,10,0,36,93,53
527,111,317,78,96,18,152,152,80,80,0,111,152,78,87,9,0.00891793457912114,0.009939072126348753,67,69,2,3,2,2,8,8,30,44,61
528,88,88,61,61,0,160,160,73,73,0,88,88,61,61,0,0.006943735321147759,0.006943735321147759,63,63,0,-1,2,2,11,4,38,72,67
529,112,213,76,90,14,146,146,80,80,0,112,113,78,79,1,0.008169100377820893,0.008169100377820893,65,65,0,5,2,2,8,4,10,72,68
530,129,231,82,95,13,104,104,80,80,0,104,104,81,81,0,0.01865277919602437,0.019197385887879097,80,81,1,4,2,2,5,12,63,37,42
531,54,54,57,57,0,66,66,51,51,0,54,54,57,57,0,0.006739507811702236,0.006739507811702236,62,62,0,-1,3,3,6,4,34,38,87
532,22,228,40,92,52,122,126,55,57,2,22,36,40,44,4,0.002212464685659825,0.004731270635487933,42,55,13,3,3,3,16,2,4,83,70
533,172,1812,89,100,11,104,128,85,92,7,104,128,86,92,6,0.01960584090677014,0.05047823275128493,84,98,14,1,2,2,5,18,37,30,6
534,6,622,28,100,72,16,52,30,39,9,6,52,28,50,22,0.0004765308553728854,0.009428503352734947,32,69,37,2,4,3,6,1,56,88,27
535,115,115,81,81,0,70,70,59,59,0,70,70,67,67,0,0.0160318594914735,0.0160318594914735,78,78,0,-1,3,3,5,12,88,37,80
536,100,100,84,84,0,100,100,98,98,0,100,100,98,98,0,0.09292351679771266,0.09792709077912795,100,100,0,3,1,1,2,12,97,37,44
537,6,212,31,93,62,18,18,40,40,0,6,18,31,44,13,0.001940161339732462,0.012798257258586064,44,73,29,3,4,4,3,2,92,94,12
538,62,164,63,91,28,48,48,54,54,0,48,48,56,56,0,0.008373327887266415,0.010619830491167161,63,72,9,4,3,3,3,6,87,34,73
539,42,248,58,93,35,38,38,51,51,0,38,38,54,54,0,0.007794683277170768,0.010211375472276116,65,73,8,3,3,3,3,6,82,34,90
540,18,634,41,100,59,50,68,38,44,6,18,68,41,58,17,0.0004765308553728854,0.010449640899962559,36,70,34,2,3,3,7,2,43,56,33
541,97,303,80,98,18,32,32,63,63,0,32,32,64,64,0,0.01861874127778345,0.021614078082984444,83,86,3,3,3,3,2,12,86,37,22
542,210,1850,91,100,9,152,176,82,86,4,152,176,88,90,2,0.022294836447802852,0.0567752476258552,85,99,14,1,2,2,8,17,39,6,0
543,0,102,1,77,76,0,11,1,27,26,0,2,1,26,25,0.0,0.00010211375472276115,1,29,28,4,-1,5,9,0,35,97,65
544,0,0,1,1,0,0,0,1,1,0,0,0,1,1,0,0.0,0.0,1,1,0,-1,-1,-1,3,0,94,40,89
545,46,1686,49,100,51,98,156,42,69,27,46,156,49,83,34,0.002552843868069029,0.022499063957248374,46,83,37,1,2,2,12,3,2,51,30
546,18,119,43,78,35,62,62,47,47,0,18,19,43,44,1,0.0019061234214915416,0.0019741992579733825,45,45,0,6,3,3,6,2,59,61,58
547,0,206,1,91,90,0,16,1,28,27,0,12,1,31,30,0.0,0.002723033459273631,1,42,41,3,-1,4,4,0,67,89,29
548,2,2,27,27,0,17,17,29,29,0,2,2,27,27,0,0.00010211375472276115,0.00010211375472276115,30,30,0,-1,5,5,9,1,54,55,85
549,62,62,53,53,0,122,122,66,66,0,62,62,53,53,0,0.0038462847612240037,0.0038462847612240037,53,53,0,-1,2,2,8,6,42,70,82
550,0,102,1,75,74,0,10,1,28,27,0,2,1,26,25,0.0,0.0002382654276864427,1,32,31,4,-1,5,8,0,21,87,4
551,132,233,89,96,7,96,96,90,90,0,96,96,90,90,0,0.02032063718982947,0.02032063718982947,84,84,0,6,2,2,3,13,75,33,78
552,260,876,94,100,6,272,272,95,95,0,272,272,95,95,0,0.02215868477483917,0.032948704857210936,83,91,8,2,2,2,11,18,19,5,39
553,0,206,1,91,90,0,20,1,33,32,0,6,1,31,30,0.0,0.0019741992579733825,1,45,44,3,-1,4,4,0,84,81,46
554,0,616,1,100,99,0,58,1,41,40,0,52,1,55,54,0.0,0.007182000748834201,1,59,58,2,-1,3,7,0,24,40,21
555,190,1830,89,100,11,318,352,91,95,4,190,352,89,96,7,0.01330882603219987,0.029612988869600735,74,89,15,1,2,2,16,9,4,27,19
556,0,616,1,100,99,0,40,1,42,41,0,40,1,50,49,0.0,0.00980292045338507,1,71,70,2,-1,3,5,0,45,59,33
557,100,100,59,59,0,100,100,45,45,0,100,100,59,59,0,0.03761189965621702,0.0404030089519725,95,95,0,2,1,1,10,20,0,23,94
558,24,126,47,80,33,34,34,39,39,0,24,26,47,48,1,0.0013274788113958951,0.0014636304843595766,41,42,1,4,3,3,4,3,53,43,55
559,148,354,85,97,12,232,232,95,95,0,148,232,84,96,12,0.012866333095067906,0.01674665577453283,74,81,7,3,2,2,10,6,36,77,13
560,0,0,1,1,0,0,0,1,1,0,0,0,1,1,0,0.0,0.0,1,1,0,-1,-1,-1,5,1,37,50,45
561,0,206,1,91,90,0,12,1,27,26,0,12,1,31,30,0.0,0.007556417849484326,1,61,60,3,-1,4,4,0,67,85,24
562,6,108,31,84,53,10,10,31,31,0,6,10,31,38,7,0.00013615167296368154,0.0011913271384322134,30,40,10,4,4,4,3,1,66,4,43
563,142,758,80,100,20,144,144,95,95,0,144,144,95,95,0,0.018788930868988054,0.02481364239763096,81,88,7,2,2,2,6,9,56,39,25
564,124,124,83,83,0,114,114,64,64,0,114,114,81,81,0,0.010721944245889922,0.010721944245889922,71,71,0,-1,3,3,9,14,31,32,40
565,100,100,67,67,0,100,100,55,55,0,100,100,67,67,0,0.037373634228530586,0.0455767725245924,94,97,3,2,1,1,9,16,23,12,32
566,0,206,1,90,89,0,26,1,34,33,0,20,1,44,43,0.0,0.004799346471969774,1,56,55,3,-1,4,5,0,80,59,72
567,0,1640,1,100,99,0,150,1,69,68,0,150,1,85,84,0.0,0.0317233398005378,1,90,89,1,-1,2,11,0,38,92,0
568,6,212,29,89,60,42,46,34,34,0,6,12,29,34,5,0.0004084550188910446,0.0009870996289866913,36,38,2,3,4,4,9,1,28,88,71
569,16,632,35,100,65,100,100,45,45,0,16,38,35,49,14,0.0033357159876101976,0.005548180673270023,50,55,5,2,3,3,10,3,18,46,52
570,0,206,1,89,88,0,30,1,35,34,0,30,1,51,50,0.0,0.012662105585622384,1,75,74,3,-1,4,5,0,61,36,16
571,2,208,25,93,68,12,22,25,27,2,2,9,25,33,8,3.4037918240920386e-05,0.0008509479560230097,26,36,10,3,5,4,10,1,36,78,74
572,0,616,1,100,99,0,34,1,35,34,0,34,1,46,45,0.0,0.009054086252084823,1,66,65,2,-1,3,6,0,56,59,14
573,272,888,94,100,6,212,212,90,90,0,212,212,93,93,0,0.021818305592429966,0.03097450559923755,84,89,5,2,2,2,10,16,18,12,19
574,22,638,40,100,60,48,82,38,47,9,22,82,40,58,18,0.0005786446100956465,0.023418087749753225,34,87,53,2,3,3,7,2,46,56,0
575,226,842,92,100,8,150,150,86,86,0,150,150,86,86,0,0.02386058068688519,0.02723033459273631,86,88,2,2,2,2,7,18,43,30,22
576,0,206,1,93,92,0,12,1,35,34,0,12,1,36,35,0.0,0.01065386840940808,1,72,71,3,-1,4,2,0,68,40,37
577,16,222,36,92,56,52,56,40,43,3,16,56,36,51,15,0.0013615167296368155,0.014329963579427483,37,75,38,3,3,3,6,1,56,71,12
578,120,120,78,78,0,228,228,75,75,0,120,120,78,78,0,0.007318152421797883,0.007318152421797883,58,58,0,-1,2,2,14,6,16,13,76
579,2,208,29,96,67,6,14,29,32,3,2,14,29,40,11,0.00010211375472276115,0.008543517478471017,30,67,37,3,5,4,3,1,75,65,32
580,104,104,79,79,0,134,134,90,90,0,104,104,84,84,0,0.012083460975526737,0.012083460975526737,73,73,0,-1,2,2,6,5,32,25,86
581,369,470,99,100,1,96,96,89,89,0,96,96,89,89,0,0.0510909152796215,0.0510909152796215,97,97,0,6,2,2,3,36,64,2,58
582,78,78,58,58,0,122,122,72,72,0,78,78,58,58,0,0.00793083495013445,0.00793083495013445,62,62,0,-1,2,2,8,4,10,38,79
583,6,212,29,90,61,24,28,30,32,2,6,15,29,35,6,0.00013615167296368154,0.0033016780693692774,30,50,20,3,4,4,8,1,30,65,73
584,0,206,1,93,92,0,9,1,31,30,0,6,1,31,30,0.0,0.0007147962830593281,1,35,34,3,-1,4,3,1,60,50,4
585,482,2082,100,100,0,240,240,98,98,0,240,240,98,98,0,0.046529834235338165,0.07389632050103816,97,100,3,1,2,2,9,40,23,3,1
586,22,124,42,79,37,34,34,39,39,0,22,24,42,46,4,0.0026209197045508697,0.0027911092957554717,49,50,1,4,3,3,4,2,53,83,60
587,142,348,82,97,15,142,142,78,78,0,142,142,84,84,0,0.01232172640321318,0.012866333095067906,72,74,2,3,2,2,8,9,21,27,43
588,116,116,75,75,0,136,136,77,77,0,116,116,76,76,0,0.014329963579427483,0.014329963579427483,75,75,0,-1,2,2,7,8,24,20,97
589,100,100,68,68,0,100,100,57,57,0,100,100,68,68,0,0.06807583648184078,0.07576840600428877,100,100,0,3,1,1,8,36,39,2,33
590,100,100,69,69,0,100,100,66,66,0,100,100,72,72,0,0.02910242009598693,0.04394295244902822,89,94,5,2,1,1,6,4,44,22,15
591,100,100,58,58,0,100,100,35,35,0,100,100,59,59,0,0.027843017121072875,0.03301678069369277,89,92,3,2,1,1,17,18,20,5,48
592,16,222,36,92,56,68,68,41,41,0,16,25,36,48,12,0.0012594029749140542,0.004595118962524252,39,52,13,3,3,3,8,1,30,71,73
593,118,219,86,96,10,72,72,79,79,0,72,72,80,80,0,0.02038871302631131,0.020354675108070392,85,85,0,5,2,2,3,9,75,39,95
594,128,229,84,92,8,318,318,91,91,0,128,129,84,84,0,0.011913271384322134,0.011947309302563056,72,72,0,5,2,2,16,5,4,25,68
595,57,159,60,91,31,52,52,75,75,0,52,52,76,76,0,0.010109261717553355,0.010143299635794275,70,70,0,4,2,2,3,6,87,35,95
596,52,668,58,100,42,54,54,55,55,0,54,54,60,60,0,0.009020048333843901,0.013547091459886314,66,75,9,2,3,3,4,6,73,34,46
597,0,616,1,100,99,0,44,1,49,48,0,44,1,56,55,0.0,0.03281255318424725,1,94,93,2,-1,3,4,0,73,99,3
598,0,616,1,100,99,0,40,1,43,42,0,40,1,52,51,0.0,0.02818339630348208,1,89,88,2,-1,3,5,0,70,97,3
599,128,744,80,100,20,252,252,83,83,0,128,186,80,89,9,0.0068075836481840775,0.014874570271282209,60,72,12,2,2,2,14,5,8,47,17
600,16,16,31,31,0,90,90,39,39,0,16,16,31,31,0,0.0023486163586235067,0.0023486163586235067,45,45,0,-1,3,3,14,2,25,94,98
601,52,154,58,87,29,54,54,55,55,0,54,54,60,60,0,0.009020048333843901,0.009734844616903231,66,68,2,4,3,3,4,6,73,34,51
602,1,617,25,100,75,2,18,25,40,15,1,18,25,44,19,3.4037918240920386e-05,0.005105687736138058,26,55,29,2,6,3,2,1,91,68,51
603,0,206,1,88,87,0,49,1,32,31,0,12,1,31,30,0.0,0.002212464685659825,1,44,43,3,-1,4,17,0,20,92,75
604,214,830,96,100,4,56,56,82,82,0,56,56,82,82,0,0.035875965825930084,0.05769427141836005,95,98,3,2,2,2,2,30,89,7,11
605,28,644,46,100,54,40,50,40,45,5,28,50,46,52,6,0.001599782157323258,0.008645631233193778,42,65,23,2,3,3,5,3,50,43,25
606,54,670,52,100,48,134,134,69,69,0,54,89,52,63,11,0.006909697402906838,0.010858095918853602,59,70,11,2,3,3,9,4,54,72,28
607,0,616,1,100,99,0,34,1,46,45,0,34,1,54,53,0.0,0.016372238673882704,1,79,78,2,-1,3,4,0,78,59,16
608,152,254,86,95,9,174,174,95,95,0,152,156,94,94,0,0.012662105585622384,0.013989584397018279,75,77,2,4,2,2,7,6,46,28,75
609,0,206,1,90,89,0,28,1,35,34,0,22,1,44,43,0.0,0.0040845501889104465,1,52,51,3,-1,4,6,0,74,86,47
610,0,206,1,89,88,0,27,1,29,28,0,8,1,32,31,0.0,0.0006126825283365669,1,36,35,3,-1,4,12,0,14,91,74
611,50,666,63,100,37,12,22,37,53,16,12,22,42,53,11,0.007011811157629599,0.028796078831818644,63,94,31,2,4,3,2,9,99,31,11
612,2,208,27,93,66,7,24,27,33,6,2,24,27,45,18,3.4037918240920386e-05,0.007011811157629599,28,62,34,3,5,4,6,1,34,78,8
613,6,212,30,91,61,14,22,31,33,2,6,14,30,38,8,0.0004084550188910446,0.0020082371762143027,35,44,9,3,4,4,5,1,80,88,52
614,20,226,46,92,46,34,34,43,43,0,20,26,46,49,3,0.0011232513019503727,0.0013615167296368155,39,41,2,3,3,3,4,3,79,43,4
615,74,274,66,95,29,60,60,52,52,0,60,60,62,62,0,0.009870996289866912,0.019027196296674494,70,83,13,3,3,3,5,9,45,27,12
616,38,244,49,95,46,98,98,52,52,0,38,98,49,67,18,0.003608019333537561,0.006467204465774873,49,62,13,3,3,3,8,6,39,70,35
617,136,136,84,84,0,80,80,68,68,0,80,80,72,72,0,0.017972020831205963,0.017972020831205963,80,80,0,-1,3,3,5,17,88,6,79
618,6,6,31,31,0,18,18,40,40,0,6,6,31,31,0,0.001940161339732462,0.001940161339732462,44,44,0,-1,4,4,3,2,92,94,79
619,331,531,99,100,1,96,96,93,93,0,96,96,93,93,0,0.04571292419755608,0.048504033493311546,96,96,0,3,2,2,3,40,66,3,26
620,22,638,38,100,62,38,56,35,41,6,22,56,38,53,15,0.0013274788113958951,0.02215868477483917,38,85,47,2,3,3,6,2,51,74,1
621,137,343,89,100,11,32,32,63,63,0,32,32,64,64,0,0.02011640968038395,0.025119983661799246,86,86,0,3,3,3,2,16,86,12,38
622,12,218,39,93,54,18,18,35,35,0,12,18,39,45,6,0.002382654276864427,0.005854521937438306,45,59,14,3,4,4,3,2,58,83,38
623,66,272,57,95,38,112,112,66,66,0,64,72,57,60,3,0.00616086320160659,0.007113924912352361,58,61,3,3,2,2,8,6,21,41,61
624,168,168,94,94,0,56,56,82,82,0,56,56,82,82,0,0.03179141563701964,0.03179141563701964,94,94,0,-1,2,2,2,22,89,9,36
625,58,58,72,72,0,22,22,55,55,0,22,22,57,57,0,0.006943735321147759,0.006943735321147759,63,63,0,-1,3,3,2,13,97,24,89
626,154,360,88,98,10,94,94,78,78,0,94,94,79,79,0,0.017495489975833077,0.028762040913577726,79,87,8,3,2,2,5,16,88,12,37
627,0,102,1,82,81,0,8,1,31,30,0,4,1,32,31,0.0,0.0013615167296368155,1,41,40,4,-1,5,4,0,78,66,54
628,8,214,37,91,54,20,24,35,36,1,8,24,37,49,12,0.0006807583648184077,0.014227849824704722,37,78,41,3,4,4,4,3,83,51,16
629,100,100,78,78,0,100,100,97,97,0,100,100,97,97,0,0.09397869226318119,0.09445522311855407,100,100,0,4,1,1,3,30,96,7,51
630,139,345,85,96,11,96,96,61,61,0,96,96,69,69,0,0.014602266925354846,0.019946220089179345,79,84,5,3,3,3,6,15,48,19,44
631,209,209,94,94,0,118,118,93,93,0,118,118,93,93,0,0.02719629667449539,0.02719629667449539,89,89,0,-1,2,2,5,15,49,16,66
632,22,1662,43,100,57,78,122,49,71,22,22,122,43,80,37,0.0016678579938050988,0.029681064706082574,44,90,46,1,3,2,8,2,21,61,18
633,32,32,47,47,0,116,116,62,62,0,32,32,47,47,0,0.002280540522141666,0.002280540522141666,44,44,0,-1,3,3,11,2,19,52,92
634,86,86,62,62,0,156,156,65,65,0,86,86,62,62,0,0.0035739814152966403,0.0035739814152966403,49,49,0,-1,2,2,13,3,13,43,69
635,230,230,89,89,0,312,312,90,90,0,230,230,89,89,0,0.01232172640321318,0.01232172640321318,69,69,0,-1,2,2,16,9,9,31,98
636,100,100,64,64,0,100,100,57,57,0,100,100,65,65,0,0.03451444909629327,0.05463085877667722,93,98,5,2,1,1,8,13,10,33,0
637,0,0,1,1,0,0,0,1,1,0,0,0,1,1,0,0.0,0.0,1,1,0,-1,-1,-1,7,0,24,76,66
638,16,632,39,100,61,38,66,39,48,9,16,66,39,58,19,0.0005786446100956465,0.008611593314952858,35,65,30,2,3,3,6,1,44,49,21
639,134,340,81,96,15,110,110,78,78,0,110,110,82,82,0,0.011368664692467409,0.011913271384322134,69,70,1,3,2,2,6,13,51,24,49
640,0,0,1,1,0,0,0,1,1,0,0,0,1,1,0,0.0,0.0,1,1,0,-1,-1,-1,8,0,21,82,98
641,12,628,43,100,57,12,22,40,48,8,12,22,42,52,10,0.002212464685659825,0.018857006705469893,47,84,37,2,4,3,2,2,90,83,16
642,1,617,26,100,74,9,76,26,44,18,1,76,26,60,34,0.0,0.015997821573232582,1,77,76,2,6,3,9,1,26,78,18
643,104,1744,79,100,21,206,240,76,86,10,104,145,79,85,6,0.007182000748834201,0.01507879778072773,61,75,14,1,2,2,13,6,13,28,56
644,74,74,70,70,0,44,44,54,54,0,44,44,58,58,0,0.01143674052894925,0.01143674052894925,72,72,0,-1,3,3,4,8,77,8,85
645,28,234,50,92,42,34,34,43,43,0,28,34,50,51,1,0.001497668402600497,0.0021784267674189047,42,44,2,3,3,3,4,4,79,64,74
646,0,616,1,99,98,0,82,1,40,39,0,60,1,53,52,0.0,0.011913271384322134,1,70,69,2,-1,3,11,0,33,67,39
647,144,760,81,100,19,198,198,82,82,0,144,198,81,89,8,0.007624493685966166,0.030429898907382825,62,89,27,2,2,2,10,6,18,13,0
648,100,100,69,69,0,100,100,66,66,0,100,100,72,72,0,0.05888559855679227,0.05888559855679227,99,99,0,-1,1,1,6,30,44,7,81
649,28,28,46,46,0,90,90,46,46,0,28,28,46,46,0,0.0020422750944552232,0.0020422750944552232,45,45,0,-1,3,3,10,3,11,54,66
650,82,698,61,100,39,76,96,55,71,16,76,96,60,71,11,0.01245787807617686,0.04278566322883692,71,97,26,2,3,3,6,8,71,20,3
651,292,908,96,100,4,256,256,94,94,0,256,256,96,96,0,0.022396950202525613,0.03757786173797611,83,94,11,2,2,2,10,16,11,12,15
652,56,1656,63,100,37,62,62,77,77,0,56,62,77,77,0,0.006909697402906838,0.03859899928520372,62,95,33,1,2,2,3,2,58,52,35
653,66,272,61,97,36,54,54,56,56,0,54,54,57,57,0,0.006535280302256714,0.024166921951053473,55,88,33,3,3,3,4,6,67,13,1
654,104,310,75,93,18,80,80,59,59,0,80,80,63,63,0,0.009190237925048503,0.020763130126961436,66,85,19,3,3,3,5,9,61,31,37
655,320,1920,97,100,3,340,340,97,97,0,320,340,97,98,1,0.025392287007726607,0.034820790360461554,87,93,6,1,2,2,15,16,7,18,47
656,154,154,91,91,0,48,48,73,73,0,48,48,75,75,0,0.021341774737057083,0.021341774737057083,84,84,0,-1,3,3,3,19,92,15,99
657,70,686,58,100,42,140,140,67,67,0,70,104,58,77,19,0.006603356138738555,0.010721944245889922,59,70,11,2,3,3,10,6,1,26,47
658,18,18,41,41,0,88,88,47,47,0,18,18,41,41,0,0.0017018959120460194,0.0017018959120460194,43,43,0,-1,3,3,8,2,39,61,86
659,0,0,1,1,0,0,0,1,1,0,0,0,1,1,0,0.0,0.0,1,1,0,-1,-1,-1,4,0,72,89,86
660,580,1196,100,100,0,288,288,99,99,0,288,288,99,99,0,0.04894652643044351,0.06092787365124749,95,99,4,2,2,2,9,40,28,3,12
661,282,882,93,100,7,300,300,91,91,0,300,300,94,94,0,0.023111746485584943,0.03597807958065285,85,94,9,2,2,2,14,16,17,12,23
662,22,228,45,91,46,54,54,39,39,0,22,30,45,50,5,0.001157289220191293,0.002825147213996392,40,49,9,3,3,3,8,2,57,74,52
663,218,818,92,100,8,128,128,92,92,0,128,128,92,92,0,0.023350011913271386,0.035875965825930084,86,93,7,2,2,2,5,16,50,18,15
664,304,920,98,100,2,158,168,95,96,1,158,168,95,96,1,0.03213179481942884,0.040334933115490655,92,95,3,2,2,2,6,22,59,9,31
665,100,100,66,66,0,100,100,43,43,0,100,100,66,66,0,0.05218012866333095,0.0544266312672317,100,100,0,3,1,1,11,29,33,1,35
666,34,240,49,91,42,90,90,43,43,0,34,46,49,52,3,0.001599782157323258,0.003948398515946765,42,53,11,3,3,3,10,4,1,64,83
667,0,0,1,1,0,0,0,1,1,0,0,0,1,1,0,0.0,0.0,1,1,0,-1,-1,-1,4,0,73,79,98
668,6,6,31,31,0,27,27,32,32,0,6,6,31,31,0,6.807583648184077e-05,6.807583648184077e-05,27,27,0,-1,4,4,11,1,19,95,82
669,100,100,69,69,0,100,100,55,55,0,100,100,69,69,0,0.06892678443786378,0.06892678443786378,100,100,0,-1,1,1,8,36,30,2,66
670,36,1676,50,100,50,90,128,49,78,29,35,83,50,63,13,0.004731270635487933,0.01943565131556554,53,81,28,1,3,2,9,6,26,41,73
671,203,409,90,96,6,144,144,88,88,0,144,144,88,88,0,0.02542632492596753,0.02746860002042275,87,88,1,3,2,2,6,16,44,18,73
672,0,206,1,86,85,0,66,1,35,34,0,44,1,51,50,0.0,0.011368664692467409,1,71,70,3,-1,4,11,0,5,81,39
673,0,1640,1,100,99,0,56,1,75,74,0,56,1,76,75,0.0,0.06909697402906838,1,98,97,1,-1,2,2,0,68,93,7
674,59,675,56,100,44,118,138,64,70,6,59,138,56,80,24,0.007862759113652609,0.017052997038701112,64,77,13,2,2,2,9,6,54,73,14
675,0,616,1,100,99,0,80,1,43,42,0,80,1,61,60,0.0,0.01065386840940808,1,70,69,2,-1,3,9,0,54,92,33
676,16,118,35,77,42,70,70,38,38,0,16,18,35,40,5,0.0022465026039007454,0.0027911092957554717,44,47,3,4,3,3,10,2,18,94,42
677,100,100,57,57,0,100,100,38,38,0,100,100,57,57,0,0.03427618366860683,0.05299703870111304,93,99,6,2,1,1,16,16,4,12,9
678,100,100,67,67,0,100,100,54,54,0,100,100,67,67,0,0.056843323462337045,0.07260287960788318,99,100,1,1,1,1,9,29,35,11,32
679,70,276,59,95,36,128,128,69,69,0,70,78,59,60,1,0.005786446100956465,0.00707988699411144,58,61,3,3,3,3,8,5,30,47,52
680,62,62,54,54,0,90,90,56,56,0,62,62,54,54,0,0.005990673610401988,0.005990673610401988,55,55,0,-1,2,2,6,3,40,54,76
681,14,220,39,93,54,18,18,36,36,0,14,18,39,46,7,0.0014636304843595766,0.014227849824704722,42,76,34,3,4,4,3,3,64,43,37
682,6,6,28,28,0,26,26,31,31,0,6,6,28,28,0,0.00037441710065012424,0.00037441710065012424,32,32,0,-1,4,4,9,1,31,4,89
683,6,622,28,100,72,18,64,28,39,11,6,64,28,55,27,0.0002042275094455223,0.015827631982027978,29,76,47,2,4,3,8,1,27,95,23
684,91,91,82,82,0,32,32,67,67,0,32,32,68,68,0,0.01851662752306069,0.01851662752306069,83,83,0,-1,3,3,2,16,97,18,69
685,0,0,1,1,0,0,0,1,1,0,0,0,1,1,0,0.0,0.0,1,1,0,-1,-1,-1,12,0,6,67,81
686,204,410,92,99,7,204,204,97,97,0,204,204,97,97,0,0.01872085503250621,0.019027196296674494,80,81,1,3,2,2,8,8,21,8,63
687,16,222,41,93,52,40,40,44,44,0,16,36,41,52,11,0.0012253650566731338,0.005718370264474625,41,58,17,3,3,3,5,1,70,71,38
688,0,0,1,1,0,0,0,1,1,0,0,0,1,1,0,0.0,0.0,1,1,0,-1,-1,-1,10,0,1,89,99
689,226,328,91,96,5,144,144,92,92,0,144,144,92,92,0,0.023009632730862182,0.023179822322066782,86,86,0,4,2,2,6,18,48,5,55
690,62,62,52,52,0,154,154,63,63,0,62,62,52,52,0,0.0030634126416828346,0.0030634126416828346,49,49,0,-1,2,2,15,3,7,54,96
691,0,0,1,1,0,0,0,1,1,0,0,0,1,1,0,0.0,0.0,1,1,0,-1,-1,-1,9,0,28,87,85
692,188,1828,86,100,14,230,264,73,76,3,188,264,86,93,7,0.012594029749140543,0.03955206099594949,70,94,24,1,2,2,16,14,9,32,11
693,107,107,79,79,0,48,48,62,62,0,48,48,64,64,0,0.013036522686272508,0.013036522686272508,75,75,0,-1,3,3,3,13,64,33,45
694,88,704,68,100,32,88,88,77,77,0,88,88,77,77,0,0.009632730862180468,0.018788930868988054,69,84,15,2,2,2,4,7,79,62,17
695,73,689,59,100,41,164,164,74,74,0,73,164,59,88,29,0.0053099152455835805,0.013955546478777357,56,76,20,2,2,2,10,4,1,22,20
696,0,206,1,92,91,0,26,1,36,35,0,26,1,49,48,0.0,0.01143674052894925,1,72,71,3,-1,4,5,1,70,69,6
697,0,616,1,100,99,0,58,1,33,32,0,16,1,31,30,0.0,0.0025188059498281084,1,47,46,2,-1,3,14,0,17,97,46
698,154,360,90,98,8,88,88,76,76,0,88,88,79,79,0,0.02049082678103407,0.024575376969944517,85,88,3,3,2,2,4,18,47,5,48
699,0,206,1,92,91,0,38,1,32,31,0,10,1,35,34,0.0,0.0013274788113958951,1,40,39,3,-1,4,11,0,19,91,54
700,105,721,84,100,16,32,32,63,63,0,32,32,64,64,0,0.017427414139351238,0.03686306545491678,80,95,15,2,3,3,2,18,86,5,15
701,0,616,1,100,99,0,42,1,35,34,0,42,1,48,47,0.0,0.020252561353347628,1,83,82,2,-1,3,6,0,56,36,11
702,16,222,36,93,57,36,36,38,38,0,16,24,36,46,10,0.0007147962830593281,0.0013274788113958951,36,40,4,3,3,3,5,2,52,42,56
703,116,732,77,100,23,174,174,76,76,0,116,174,77,86,9,0.013513053541645392,0.02831954797644576,73,90,17,2,2,2,10,8,22,20,23
704,108,314,75,95,20,258,258,83,83,0,108,122,75,75,0,0.010143299635794275,0.010755982164130842,64,65,1,3,2,2,15,5,7,25,64
705,56,672,53,100,47,120,134,58,62,4,56,72,53,54,1,0.0016678579938050988,0.004186663943633207,41,52,11,2,2,2,14,2,16,63,46
706,0,206,1,96,95,0,12,1,36,35,0,12,1,41,40,0.0,0.010109261717553355,1,70,69,3,-1,4,2,0,99,87,27
707,146,146,90,90,0,80,80,94,94,0,80,80,94,94,0,0.02573266619013581,0.02573266619013581,89,89,0,-1,2,2,2,13,91,33,85
708,301,301,96,96,0,96,96,74,74,0,96,96,74,74,0,0.029919330133769018,0.029919330133769018,90,90,0,-1,3,3,6,29,69,1,92
709,100,100,63,63,0,100,100,47,47,0,100,100,63,63,0,0.05262262160046292,0.05262262160046292,98,98,0,-1,1,1,10,29,22,1,66
710,290,906,95,100,5,222,222,90,90,0,222,222,92,92,0,0.02403077027808979,0.03100854351747847,87,88,1,2,2,2,10,19,11,15,32
711,76,692,67,100,33,64,64,65,65,0,64,64,67,67,0,0.006977773239388679,0.013853432724054596,62,77,15,2,3,3,4,6,47,13,21
712,0,206,1,96,95,0,12,1,34,33,0,12,1,41,40,0.0,0.007420266176520644,1,63,62,3,-1,4,2,0,98,93,17
713,274,274,96,96,0,144,144,88,88,0,144,144,89,89,0,0.03090642976275571,0.03090642976275571,91,91,0,-1,2,2,6,22,34,9,76
714,94,710,69,100,31,94,104,70,84,14,94,104,72,85,13,0.007011811157629599,0.030225671397937304,62,90,28,2,2,2,5,6,37,26,11
715,6,212,30,94,64,12,16,30,34,4,6,15,30,37,7,0.00034037918240920387,0.0011913271384322134,33,39,6,3,4,4,4,1,53,4,43
716,0,616,1,100,99,0,132,1,60,59,0,125,1,75,74,0.0,0.015623404472582456,1,76,75,2,-1,3,15,0,7,81,18
717,93,299,78,98,20,32,32,63,63,0,32,32,64,64,0,0.01681473161101467,0.024507301133462677,78,87,9,3,3,3,2,9,86,39,32
718,169,169,85,85,0,276,276,87,87,0,169,169,85,85,0,0.009905034208107831,0.009905034208107831,67,67,0,-1,2,2,14,8,16,44,99
719,100,100,73,73,0,100,100,88,88,0,100,100,88,88,0,0.0567752476258552,0.06164266993430682,100,100,0,3,1,1,4,19,84,15,44
720,389,389,98,98,0,112,112,93,93,0,112,112,93,93,0,0.045134279587460434,0.045134279587460434,94,94,0,-1,2,2,4,40,79,3,96
721,16,222,35,93,58,62,62,36,36,0,16,28,35,44,9,0.00088498587426393,0.0026209197045508697,37,47,10,3,3,3,10,2,36,42,75
722,0,616,1,100,99,0,50,1,37,36,0,40,1,50,49,0.0,0.004731270635487933,1,54,53,2,-1,3,8,0,10,66,26
723,410,610,99,100,1,264,264,100,100,0,264,264,100,100,0,0.03883726471289016,0.03934783348650397,96,96,0,3,2,2,9,29,35,0,63
724,100,100,62,62,0,100,100,45,45,0,100,100,62,62,0,0.04152626025392287,0.04162837400864563,94,94,0,3,1,1,12,22,3,9,4
725,0,206,1,92,91,0,24,1,36,35,0,24,1,53,52,0.0,0.008543517478471017,1,64,63,3,-1,4,4,0,77,59,33
726,0,1640,1,100,99,0,56,1,83,82,0,56,1,83,82,0.0,0.06552299261377174,1,97,96,1,-1,2,2,0,98,99,23
727,1,1641,25,100,75,6,66,25,53,28,1,66,25,61,36,3.4037918240920386e-05,0.020797168045202357,28,81,53,1,6,2,6,1,69,78,26
728,6,622,34,100,66,12,22,39,48,9,6,22,34,49,15,0.0021784267674189047,0.013479015623404473,45,72,27,2,4,3,2,2,93,94,33
729,215,415,96,100,4,72,72,84,84,0,72,72,84,84,0,0.03703325504612138,0.052928962864631196,94,97,3,3,2,2,3,29,81,0,11
730,516,1116,100,100,0,152,152,94,94,0,152,152,94,94,0,0.04680213758126553,0.05350760747472685,95,97,2,2,2,2,5,40,52,3,17
731,0,1640,1,100,99,0,62,1,76,75,0,62,1,79,78,0.0,0.05384798665713605,1,97,96,1,-1,2,3,0,75,76,0
732,454,454,100,100,0,144,144,89,89,0,144,144,90,90,0,0.04496408999625583,0.04496408999625583,97,97,0,-1,2,2,6,40,40,3,89
733,0,616,1,100,99,0,48,1,67,66,0,48,1,68,67,0.0,0.033255046121379216,1,94,93,2,-1,3,3,0,81,76,3
734,0,0,1,1,0,0,0,1,1,0,0,0,1,1,0,0.0,0.0,1,1,0,-1,-1,-1,8,0,10,85,98
735,112,214,77,92,15,274,274,84,84,0,112,116,77,79,2,0.008475441641989176,0.008679669151434699,63,64,1,4,2,2,16,4,4,72,63
736,0,101,1,83,82,0,2,1,24,23,0,1,1,24,23,0.0,0.00017018959120460194,1,31,30,5,-1,6,2,0,86,79,55
737,126,742,80,100,20,190,200,80,83,3,126,158,80,85,5,0.009564655025698629,0.01324075019571803,68,71,3,2,2,2,11,7,33,48,75
738,24,125,47,81,34,36,36,42,42,0,24,25,47,48,1,0.001497668402600497,0.001599782157323258,42,43,1,5,3,3,5,4,45,64,60
739,134,340,83,99,16,64,64,67,67,0,64,64,68,68,0,0.01844855168657885,0.018788930868988054,82,82,0,3,3,3,4,18,67,30,65
740,0,206,1,93,92,0,14,1,34,33,0,14,1,42,41,0.0,0.004833384390210695,1,52,51,3,-1,4,3,0,92,97,57
741,6,212,31,97,66,7,12,31,36,5,6,12,31,41,10,0.0006807583648184077,0.023350011913271386,36,89,53,3,4,4,2,2,99,42,10
742,0,616,1,100,99,0,40,1,39,38,0,40,1,49,48,0.0,0.007692569522448007,1,58,57,2,-1,3,5,0,52,97,27
743,0,101,1,76,75,0,9,1,25,24,0,1,1,25,24,0.0,6.807583648184077e-05,1,28,27,5,-1,6,9,0,35,98,78
744,0,206,1,97,96,0,8,1,34,33,0,8,1,40,39,0.0,0.00445896728956057,1,53,52,3,-1,4,2,0,97,86,57
745,0,206,1,89,88,0,13,1,28,27,0,7,1,35,34,0.0,0.00037441710065012424,1,34,33,3,-1,4,5,0,61,92,63
746,0,616,1,100,99,0,80,1,44,43,0,80,1,62,61,0.0,0.012559991830899623,1,70,69,2,-1,3,9,0,26,86,5
747,0,102,1,77,76,0,14,1,28,27,0,2,1,25,24,0.0,0.00017018959120460194,1,31,30,4,-1,5,9,0,35,36,88
748,0,206,1,86,85,0,34,1,31,30,0,12,1,33,32,0.0,0.0002723033459273631,1,32,31,3,-1,4,11,0,5,86,56
749,58,674,59,100,41,54,54,54,54,0,54,54,58,58,0,0.006909697402906838,0.019163347969638176,61,85,24,2,3,3,4,7,47,48,33
750,204,410,91,97,6,162,162,86,86,0,162,162,89,89,0,0.018754892950747133,0.02032063718982947,82,83,1,3,2,2,9,16,31,12,53
751,0,616,1,100,99,0,28,1,35,34,0,28,1,50,49,0.0,0.004356853534837809,1,54,53,2,-1,3,5,1,61,50,35
752,116,218,75,89,14,136,136,77,77,0,116,136,76,82,6,0.014329963579427483,0.014534191088873005,75,75,0,4,2,2,7,8,24,20,65
753,18,1658,40,100,60,62,110,36,58,22,18,110,40,76,36,0.0011913271384322134,0.02375846693216243,38,88,50,1,3,2,10,2,36,74,6
754,0,206,1,95,94,0,14,1,31,30,0,14,1,38,37,0.0,0.0034718676605738795,1,50,49,3,-1,4,3,0,94,40,28
755,308,410,99,100,1,80,80,96,96,0,80,80,96,96,0,0.052248204499812795,0.05320126621055856,97,97,0,4,2,2,2,40,86,3,74
756,78,284,73,97,24,38,38,47,47,0,38,38,53,53,0,0.011130399264780965,0.012117498893767658,75,77,2,3,3,3,3,14,75,14,43
757,339,1979,98,100,2,144,168,88,97,9,144,168,89,97,8,0.03516116954287076,0.06269784539977535,93,98,5,1,2,2,6,29,34,11,39
758,0,206,1,92,91,0,22,1,33,32,0,22,1,44,43,0.0,0.004799346471969774,1,50,49,3,-1,4,5,0,88,91,31
759,112,318,80,95,15,252,252,85,85,0,112,121,80,82,2,0.007420266176520644,0.008441403723748256,61,62,1,3,2,2,14,4,17,72,54
760,151,357,88,100,12,48,48,66,66,0,48,48,67,67,0,0.023111746485584943,0.029715102624323496,87,89,2,3,3,3,3,15,76,16,32
761,0,0,1,1,0,0,0,1,1,0,0,0,1,1,0,0.0,0.0,1,1,0,-1,-1,-1,3,0,87,76,89
762,0,0,1,1,0,0,0,1,1,0,0,0,1,1,0,0.0,0.0,1,1,0,-1,-1,-1,3,0,87,40,97
763,116,732,77,100,23,88,88,73,73,0,88,88,74,74,0,0.015112835698968652,0.019980258007420267,78,83,5,2,2,2,4,8,83,20,47
764,177,777,88,100,12,120,120,86,86,0,120,120,86,86,0,0.01933353756084278,0.024473263215221756,82,87,5,2,2,2,6,18,65,5,25
765,210,810,91,100,9,128,128,93,93,0,128,128,93,93,0,0.026175159127267776,0.04506620375097859,87,95,8,2,2,2,5,15,80,16,7
766,6,622,32,100,68,18,28,35,45,10,6,28,32,53,21,0.0019741992579733825,0.017189148711664794,45,82,37,2,4,3,3,2,87,94,12
767,0,101,1,81,80,0,3,1,24,23,0,1,1,24,23,0.0,6.807583648184077e-05,1,28,27,5,-1,6,3,1,81,50,4
768,0,0,1,1,0,0,0,1,1,0,0,0,1,1,0,0.0,0.0,1,1,0,-1,-1,-1,6,0,44,99,93
769,0,616,1,100,99,0,62,1,35,34,0,46,1,53,52,0.0,0.006024711528642908,1,57,56,2,-1,3,10,0,36,80,21
770,54,54,54,54,0,54,54,56,56,0,54,54,57,57,0,0.006535280302256714,0.006535280302256714,55,55,0,-1,3,3,4,7,67,62,36
771,100,100,63,63,0,100,100,45,45,0,100,100,63,63,0,0.02314578440382586,0.05197590115388543,87,99,12,1,1,1,11,4,19,38,11
772,0,616,1,100,99,0,46,1,42,41,0,46,1,50,49,0.0,0.00881582082439838,1,65,64,2,-1,3,6,0,65,99,33
773,0,1640,1,100,99,0,74,1,63,62,0,74,1,69,68,0.0,0.035875965825930084,1,94,93,1,-1,2,5,0,88,93,5
774,100,100,71,71,0,100,100,79,79,0,100,100,79,79,0,0.03584192790768916,0.04911671602164812,92,99,7,2,1,1,5,6,70,34,19
775,123,329,85,98,13,72,72,77,77,0,72,72,77,77,0,0.014500153170632085,0.017495489975833077,76,83,7,3,2,2,3,14,64,32,28
776,22,638,47,100,53,22,22,42,42,0,22,22,46,46,0,0.004016474352428605,0.010449640899962559,54,71,17,2,3,3,2,3,68,29,26
777,124,1764,79,100,21,114,148,87,96,9,124,148,90,96,6,0.010790020082371761,0.027945130875795636,67,90,23,1,2,2,6,7,71,21,60
778,409,1009,97,100,3,216,216,99,99,0,216,216,99,99,0,0.039143605977058446,0.045746962115797,93,95,2,2,2,2,6,29,44,0,17
779,135,135,85,85,0,236,236,85,85,0,135,135,85,85,0,0.0088498587426393,0.0088498587426393,65,65,0,-1,2,2,13,8,13,57,40
780,62,268,52,95,43,156,156,60,60,0,62,68,52,53,1,0.0024507301133462676,0.0029612988869600733,44,46,2,3,2,2,16,3,4,54,42
781,100,100,59,59,0,100,100,40,40,0,100,100,59,59,0,0.02481364239763096,0.046904251335988294,86,98,12,1,1,1,15,13,7,33,9
782,250,1850,94,100,6,128,128,92,92,0,128,128,92,92,0,0.024575376969944517,0.05725177848122809,87,98,11,1,2,2,5,18,50,5,0
783,0,102,1,84,83,0,4,1,29,28,0,2,1,27,26,0.0,0.0002723033459273631,1,32,31,4,-1,5,2,0,93,80,4
784,0,0,1,1,0,0,0,1,1,0,0,0,1,1,0,0.0,0.0,1,1,0,-1,-1,-1,4,0,77,80,91
785,2,2,28,28,0,8,8,28,28,0,2,2,28,28,0,0.00017018959120460194,0.00017018959120460194,31,31,0,-1,5,5,5,1,45,60,69
786,0,206,1,92,91,0,27,1,27,26,0,12,1,33,32,0.0,0.001157289220191293,1,37,36,3,-1,4,10,0,36,81,51
787,244,345,93,99,6,102,102,93,93,0,102,102,93,93,0,0.03267640151128357,0.03267640151128357,91,91,0,6,2,2,4,22,84,9,58
788,6,6,30,30,0,28,28,34,34,0,6,6,30,30,0,0.0002723033459273631,0.0002723033459273631,33,33,0,-1,4,4,8,1,21,88,59
789,6,212,32,92,60,10,14,32,34,2,6,14,32,42,10,0.0002042275094455223,0.003914360597705844,34,52,18,3,4,4,3,1,76,88,35
790,166,372,87,98,11,120,120,83,83,0,120,120,85,85,0,0.015589366554341537,0.018822968787228972,79,82,3,3,2,2,6,14,59,14,47
791,0,1640,1,100,99,0,52,1,78,77,0,52,1,78,77,0.0,0.0440791041219919,1,96,95,1,-1,2,3,0,76,91,15
792,8,208,40,96,56,12,12,39,39,0,8,12,40,44,4,0.0018380475850097008,0.008509479560230097,44,66,22,3,4,4,2,2,93,83,27
793,326,326,98,98,0,348,348,94,94,0,326,326,98,98,0,0.019912182170938427,0.019912182170938427,82,82,0,-1,2,2,17,16,20,12,99
794,16,632,34,100,66,132,142,63,65,2,16,78,34,56,22,0.002586881786309949,0.010517716736444398,46,71,25,2,3,3,12,3,3,46,20
795,76,76,69,69,0,32,32,58,58,0,32,32,60,60,0,0.011062323428299126,0.011062323428299126,71,71,0,-1,3,3,2,6,91,77,89
796,0,616,1,100,99,0,56,1,38,37,0,44,1,53,52,0.0,0.005990673610401988,1,56,55,2,-1,3,8,0,10,98,72
797,46,46,49,49,0,112,112,62,62,0,46,46,49,49,0,0.0025188059498281084,0.0025188059498281084,46,46,0,-1,2,2,8,2,42,61,40
798,0,616,1,99,98,0,63,1,32,31,0,16,1,31,30,0.0,0.002552843868069029,1,47,46,2,-1,3,17,0,20,87,46
799,30,646,46,100,54,100,100,47,47,0,30,78,46,58,12,0.00442492937131965,0.011845195547840293,52,70,18,2,3,3,10,6,22,73,77
800,126,742,81,100,19,158,158,82,82,0,126,158,81,86,5,0.014329963579427483,0.023622315259198747,75,85,10,2,2,2,9,8,35,20,14
801,0,206,1,93,92,0,10,1,31,30,0,10,1,37,36,0.0,0.004561081044283332,1,52,51,3,-1,4,3,0,58,86,44
802,0,0,1,1,0,0,0,1,1,0,0,0,1,1,0,0.0,0.0,1,1,0,-1,-1,-1,7,0,24,85,66
803,0,206,1,93,92,0,30,1,40,39,0,22,1,45,44,0.0,0.0063650907110521125,1,58,57,3,-1,4,5,0,45,59,25
804,105,311,83,98,15,64,64,68,68,0,64,64,70,70,0,0.010075223799312433,0.011096361346540046,70,74,4,3,3,3,4,13,78,24,53
805,8,1648,34,100,66,10,52,31,78,47,8,52,34,79,45,0.000442492937131965,0.03703325504612138,33,95,62,1,4,2,3,2,94,63,51
806,176,382,87,96,9,182,182,88,88,0,176,182,91,91,0,0.01507879778072773,0.01664454201981007,75,77,2,3,2,2,9,9,29,27,70
807,0,0,1,1,0,0,0,1,1,0,0,0,1,1,0,0.0,0.0,1,1,0,-1,-1,-1,5,0,49,99,45
808,0,0,1,1,0,0,0,1,1,0,0,0,1,1,0,0.0,0.0,1,1,0,-1,-1,-1,2,0,99,59,91
809,22,1662,41,100,59,64,98,41,49,8,22,98,41,59,18,0.0021784267674189047,0.020831205963443275,47,84,37,1,3,2,9,2,28,75,14
810,76,282,69,98,29,72,72,77,77,0,72,72,79,79,0,0.010824058000612683,0.012798257258586064,75,77,2,3,2,2,3,7,96,21,41
811,84,290,72,99,27,88,88,82,82,0,88,88,82,82,0,0.010279451308757957,0.018176248340651485,70,82,12,3,2,2,4,6,72,26,20
812,66,272,70,98,28,38,38,56,56,0,38,38,57,57,0,0.010109261717553355,0.014534191088873005,69,78,9,3,3,3,3,6,60,77,38
813,0,0,1,1,0,0,0,1,1,0,0,0,1,1,0,0.0,0.0,1,1,0,-1,-1,-1,6,0,32,86,76
814,46,46,53,53,0,64,64,57,57,0,46,46,52,52,0,0.004935498144933456,0.004935498144933456,52,52,0,-1,2,2,5,2,88,52,96
815,260,876,96,100,4,190,190,93,93,0,190,190,94,94,0,0.024881718234112803,0.032540249838319886,87,91,4,2,2,2,8,19,39,15,25
816,110,316,75,95,20,164,164,74,74,0,110,164,75,85,10,0.010313489226998877,0.013615167296368155,67,73,6,3,2,2,10,7,22,21,28
817,166,166,87,87,0,96,96,69,69,0,96,96,70,70,0,0.019844106334456584,0.019844106334456584,84,84,0,-1,3,3,6,16,56,12,76
818,12,114,37,85,48,12,12,36,36,0,12,12,37,37,0,0.0024166921951053475,0.0034718676605738795,48,51,3,4,4,4,2,2,68,75,51
819,0,102,1,82,81,0,5,1,29,28,0,4,1,31,30,0.0,0.00030634126416828345,1,32,31,4,-1,5,3,0,60,92,56
820,16,632,32,100,68,46,114,31,55,24,16,114,32,76,44,0.0002723033459273631,0.011675005956635693,31,72,41,2,3,3,14,1,8,65,5
821,147,747,92,100,8,56,56,84,84,0,56,56,85,85,0,0.02563055243541305,0.032370060247115286,89,93,4,2,2,2,2,16,98,12,57
822,158,364,92,100,8,22,22,42,42,0,22,22,45,45,0,0.018959120460192654,0.02130773681881616,85,86,1,3,3,3,2,19,91,15,75
823,142,142,80,80,0,144,144,95,95,0,144,144,95,95,0,0.018788930868988054,0.018788930868988054,81,81,0,-1,2,2,6,9,56,39,67
824,128,128,83,83,0,128,128,78,78,0,128,128,83,83,0,0.013751318969331836,0.013751318969331836,75,75,0,-1,3,3,8,13,39,33,96
825,62,268,54,94,40,102,102,64,64,0,62,68,54,58,4,0.003982436434187685,0.005684332346233704,52,57,5,3,2,2,8,6,30,70,53
826,0,206,1,92,91,0,38,1,34,33,0,37,1,46,45,0.0,0.005854521937438306,1,54,53,3,-1,4,7,0,46,87,44
827,100,100,68,68,0,100,100,57,57,0,100,100,68,68,0,0.038258620102794516,0.047414820109602095,94,96,2,2,1,1,8,16,39,12,20
828,0,206,1,89,88,0,19,1,30,29,0,8,1,35,34,0.0,0.0009870996289866913,1,38,37,3,-1,4,8,0,57,66,74
829,82,288,66,98,32,78,78,78,78,0,78,78,78,78,0,0.010994247591817285,0.013751318969331836,68,75,7,3,2,2,4,7,67,48,35
830,0,0,1,1,0,0,0,1,1,0,0,0,1,1,0,0.0,0.0,1,1,0,-1,-1,-1,4,0,84,93,36
831,0,616,1,100,99,0,70,1,40,39,0,48,1,54,53,0.0,0.009122162088566664,1,67,66,2,-1,3,9,0,23,97,77
832,106,106,79,79,0,78,78,73,73,0,78,78,73,73,0,0.014534191088873005,0.014534191088873005,77,77,0,-1,2,2,4,8,79,20,81
833,369,470,99,100,1,96,96,89,89,0,96,96,89,89,0,0.0510909152796215,0.05112495319786242,97,97,0,6,2,2,3,36,64,2,78
834,132,233,80,95,15,100,100,66,66,0,100,100,72,72,0,0.01415977398822288,0.01415977398822288,77,77,0,5,2,2,6,8,59,8,78
835,0,616,1,100,99,0,50,1,44,43,0,50,1,57,56,0.0,0.010347527145239796,1,69,68,2,-1,3,5,0,63,96,33
836,118,718,88,100,12,32,32,67,67,0,32,32,68,68,0,0.02117158514585248,0.02913645801422785,85,93,8,2,3,3,2,19,97,15,73
837,0,0,1,1,0,0,0,1,1,0,0,0,1,1,0,0.0,0.0,1,1,0,-1,-1,-1,4,0,47,92,45
838,64,680,70,100,30,18,22,47,53,6,18,22,49,53,4,0.005650294427992784,0.019980258007420267,59,83,24,2,3,3,2,8,99,57,39
839,18,634,41,100,59,62,80,36,41,5,18,74,41,59,18,0.00034037918240920387,0.007318152421797883,34,61,27,2,3,3,10,2,1,63,21
840,0,616,1,100,99,0,52,1,41,40,0,52,1,54,53,0.0,0.016440314510364547,1,79,78,2,-1,3,7,0,62,98,16
841,0,206,1,94,93,0,12,1,29,28,0,8,1,35,34,0.0,0.001055175465468532,1,38,37,3,-1,4,4,0,53,76,74
842,6,6,28,28,0,44,44,33,33,0,6,6,28,28,0,0.00017018959120460194,0.00017018959120460194,30,30,0,-1,4,4,16,1,9,4,85
843,22,123,45,79,34,42,42,39,39,0,22,23,45,48,3,0.0013955546478777359,0.0013955546478777359,39,39,0,5,3,3,6,3,59,51,68
844,100,100,63,63,0,100,100,56,56,0,100,100,63,63,0,0.05616256509751864,0.05616256509751864,98,98,0,-1,1,1,7,30,24,7,69
845,80,182,68,87,19,60,60,55,55,0,60,60,60,60,0,0.008135062459579971,0.0088498587426393,66,68,2,4,3,3,5,13,70,24,51
846,331,331,99,99,0,96,96,93,93,0,96,96,93,93,0,0.04571292419755608,0.04571292419755608,96,96,0,-1,2,2,3,40,66,3,67
847,106,312,74,95,21,184,184,82,82,0,106,119,74,78,4,0.009598692943939549,0.010824058000612683,66,67,1,3,2,2,10,7,22,48,64
848,66,272,67,98,31,38,38,57,57,0,38,38,60,60,0,0.008169100377820893,0.009905034208107831,65,66,1,3,3,3,3,9,85,31,52
849,22,124,41,81,40,44,44,36,36,0,22,24,41,44,3,0.0004084550188910446,0.0006126825283365669,34,36,2,4,3,3,9,2,23,63,65
850,94,94,68,68,0,78,78,68,68,0,78,78,71,71,0,0.00796487286837537,0.00796487286837537,65,65,0,-1,2,2,4,5,83,47,76
851,0,616,1,100,99,0,28,1,44,43,0,28,1,48,47,0.0,0.021954457265393648,1,85,84,2,-1,3,3,0,60,80,1
852,0,206,1,92,91,0,18,1,37,36,0,18,1,46,45,0.0,0.007182000748834201,1,62,61,3,-1,4,3,0,76,81,77
853,22,22,43,43,0,110,110,61,61,0,22,22,43,43,0,0.0021784267674189047,0.0021784267674189047,46,46,0,-1,3,3,10,2,1,52,98
854,38,140,49,83,34,90,90,50,50,0,38,38,49,49,0,0.003199564314646516,0.0033357159876101976,49,49,0,4,3,3,9,6,23,70,60
855,100,100,79,79,0,56,56,80,80,0,56,56,81,81,0,0.014840532353041287,0.014840532353041287,79,79,0,-1,2,2,2,13,91,24,80
856,268,268,98,98,0,96,96,95,95,0,96,96,95,95,0,0.04278566322883692,0.04278566322883692,95,95,0,-1,2,2,3,30,60,7,50
857,78,694,69,100,31,88,88,76,76,0,78,88,75,78,3,0.00881582082439838,0.02042275094455223,66,85,19,2,2,2,4,4,47,38,8
858,128,230,78,94,16,128,128,91,91,0,128,128,91,91,0,0.009326389598012186,0.010858095918853602,66,73,7,4,2,2,5,5,52,47,94
859,22,124,47,84,37,24,24,43,43,0,22,24,48,50,2,0.003982436434187685,0.005786446100956465,53,57,4,4,3,3,3,2,55,83,75
860,52,154,61,88,27,54,54,55,55,0,54,54,60,60,0,0.010381565063480718,0.011266550937744648,68,68,0,4,3,3,4,5,84,25,71
861,12,628,35,100,65,46,74,35,41,6,12,62,35,55,20,0.0004765308553728854,0.005820484019197386,37,58,21,2,4,3,9,2,28,63,47
862,10,10,39,39,0,8,8,32,32,0,8,8,38,38,0,0.0020422750944552232,0.0020422750944552232,44,44,0,-1,4,4,2,3,95,54,93
863,0,101,1,82,81,0,2,1,25,24,0,1,1,25,24,0.0,0.0,1,1,0,6,-1,7,2,0,90,84,68
864,37,138,48,81,33,52,52,39,39,0,37,38,48,48,0,0.0053099152455835805,0.0053439531638245,54,54,0,5,3,3,7,6,43,35,78
865,102,718,78,100,22,102,112,93,96,3,102,112,93,96,3,0.015283025290173252,0.030463936825623743,78,90,12,2,2,2,4,4,84,38,30
866,22,638,47,100,53,24,38,43,56,13,22,38,48,58,10,0.003982436434187685,0.02314578440382586,53,88,35,2,3,3,3,2,55,83,16
867,22,638,42,100,58,46,56,37,40,3,22,56,42,53,11,0.0007828721195411688,0.010483678818203479,35,68,33,2,3,3,6,2,40,56,39
868,64,270,57,94,37,76,76,54,54,0,64,76,59,65,6,0.008577555396711936,0.014704380680077607,64,75,11,3,3,3,6,4,56,22,21
869,523,1123,100,100,0,216,216,99,99,0,216,216,99,99,0,0.054528745021954456,0.06409340004765308,97,100,3,2,2,2,6,36,48,2,6
870,100,100,61,61,0,100,100,43,43,0,100,100,61,61,0,0.02294155689438034,0.02294155689438034,83,83,0,-1,1,1,12,6,2,77,99
871,0,1640,1,100,99,0,112,1,61,60,0,112,1,77,76,0.0,0.024269035705776234,1,87,86,1,-1,2,8,0,42,67,19
872,0,616,1,99,98,0,76,1,40,39,0,59,1,55,54,0.0,0.009054086252084823,1,64,63,2,-1,3,11,1,19,69,33
873,36,636,45,100,55,142,142,66,66,0,36,107,45,74,29,0.0034037918240920387,0.012525953912658701,51,71,20,2,3,3,16,6,9,73,37
874,219,321,92,96,4,176,176,87,87,0,176,176,91,91,0,0.02559651451717213,0.02573266619013581,88,88,0,4,2,2,8,15,39,16,49
875,32,32,47,47,0,60,60,41,41,0,32,32,47,47,0,0.0016338200755641784,0.0016338200755641784,42,42,0,-1,3,3,8,3,39,51,99
876,16,1656,44,100,56,22,56,47,81,34,16,56,47,81,34,0.002144388849177984,0.05657102011640968,45,98,53,1,3,2,2,1,89,53,62
877,0,616,1,99,98,0,106,1,54,53,0,106,1,77,76,0.0,0.015283025290173252,1,74,73,2,-1,3,11,0,33,40,6
878,102,718,74,100,26,118,128,88,89,1,102,128,83,89,6,0.01242384015793594,0.018959120460192654,73,82,9,2,2,2,5,7,61,62,25
879,0,0,1,1,0,0,0,1,1,0,0,0,1,1,0,0.0,0.0,1,1,0,-1,-1,-1,7,0,43,87,76
880,30,236,48,92,44,36,36,36,36,0,30,36,48,48,0,0.003914360597705844,0.011811157629599374,49,76,27,3,3,3,5,6,50,73,8
881,22,22,40,40,0,56,56,41,41,0,22,22,40,40,0,0.00176997174852786,0.00176997174852786,38,38,0,-1,3,3,6,2,71,52,86
882,6,107,34,85,51,12,12,39,39,0,6,7,34,39,5,0.0029612988869600733,0.0030293747234419145,48,48,0,5,4,4,2,1,93,90,95
883,0,616,1,99,98,0,76,1,35,34,0,39,1,47,46,0.0,0.0040845501889104465,1,53,52,2,-1,3,12,0,6,93,22
884,40,40,49,49,0,98,98,38,38,0,40,40,49,49,0,0.0018720855032506212,0.0018720855032506212,43,43,0,-1,2,2,14,1,16,49,36
885,100,100,67,67,0,100,100,70,70,0,100,100,71,71,0,0.02906838217774601,0.02906838217774601,87,87,0,-1,1,1,6,6,74,41,67
886,6,622,31,100,69,28,46,34,38,4,6,25,31,50,19,0.0002723033459273631,0.006501242384015794,34,60,26,2,4,3,8,1,57,88,73
887,176,176,91,91,0,136,136,97,97,0,136,136,97,97,0,0.02668572790088158,0.02668572790088158,88,88,0,-1,2,2,4,9,72,39,59
888,62,678,70,100,30,32,32,69,69,0,32,32,69,69,0,0.008373327887266415,0.025051907825317403,68,87,19,2,3,3,2,7,90,21,16
889,22,638,42,100,58,46,46,39,39,0,22,46,42,52,10,0.0018380475850097008,0.007726607440688927,43,63,20,2,3,3,6,2,41,61,21
890,122,122,81,81,0,148,148,78,78,0,122,122,83,83,0,0.013513053541645392,0.013513053541645392,73,73,0,-1,2,2,9,8,23,8,40
891,22,22,40,40,0,74,74,35,35,0,22,22,40,40,0,0.001497668402600497,0.001497668402600497,40,40,0,-1,3,3,12,3,6,51,36
892,64,64,59,59,0,124,124,66,66,0,64,64,59,59,0,0.007352190340038803,0.007352190340038803,62,62,0,-1,3,3,9,4,54,38,59
893,0,101,1,75,74,0,6,1,25,24,0,1,1,25,24,0.0,3.4037918240920386e-05,1,27,26,6,-1,7,6,1,44,45,78
894,82,184,73,93,20,32,32,58,58,0,32,32,60,60,0,0.012900371013308825,0.013989584397018279,76,77,1,4,3,3,2,8,91,20,64
895,12,212,40,94,54,26,26,36,36,0,12,12,40,40,0,0.0009190237925048504,0.0018040096667687805,38,43,5,3,4,4,5,3,49,51,94
896,166,166,87,87,0,96,96,69,69,0,96,96,70,70,0,0.019844106334456584,0.019844106334456584,84,84,0,-1,3,3,6,16,56,12,84
897,161,367,94,100,6,32,32,67,67,0,32,32,68,68,0,0.028728002995336805,0.032029681064706085,90,94,4,3,3,3,2,29,97,1,26
898,32,648,40,100,60,116,116,58,58,0,32,66,40,55,15,0.0020422750944552232,0.007318152421797883,44,58,14,2,3,3,15,2,7,83,62
899,88,1728,61,100,39,164,188,74,85,11,88,188,61,91,30,0.00888389666088022,0.047789237210252224,67,97,30,1,2,2,10,4,1,38,3
900,0,206,1,90,89,0,27,1,29,28,0,7,1,34,33,0.0,0.00017018959120460194,1,31,30,3,-1,4,10,1,1,69,56
901,0,0,1,1,0,0,0,1,1,0,0,0,1,1,0,0.0,0.0,1,1,0,-1,-1,-1,2,0,68,85,36
902,182,388,85,98,13,316,316,92,92,0,182,188,85,86,1,0.013581129378127233,0.013785356887572755,72,72,0,3,2,2,15,6,7,77,4
903,0,206,1,91,90,0,20,1,29,28,0,20,1,40,39,0.0,0.008135062459579971,1,61,60,3,-1,4,4,0,67,89,33
904,0,206,1,93,92,0,12,1,35,34,0,12,1,36,35,0.0,0.0024507301133462676,1,48,47,3,-1,4,2,0,68,97,70
905,45,45,62,62,0,32,32,69,69,0,32,32,69,69,0,0.005990673610401988,0.005990673610401988,58,58,0,-1,3,3,2,6,93,28,97
906,194,194,93,93,0,86,86,62,62,0,86,86,68,68,0,0.018788930868988054,0.018788930868988054,85,85,0,-1,3,3,6,19,32,15,67
907,0,616,1,100,99,0,80,1,37,36,0,38,1,49,48,0.0,0.007318152421797883,1,61,60,2,-1,3,13,0,13,93,77
908,100,100,69,69,0,100,100,66,66,0,100,100,75,75,0,0.025902855781340415,0.05823887811021478,87,99,12,1,1,1,6,3,51,54,18
909,117,323,82,97,15,72,72,77,77,0,72,72,77,77,0,0.016882807447496512,0.021716191837707205,81,86,5,3,2,2,3,9,64,39,31
910,122,122,76,76,0,136,136,81,81,0,136,136,82,82,0,0.01153885428367201,0.01153885428367201,71,71,0,-1,2,2,7,9,43,27,99
911,223,423,97,100,3,56,56,88,88,0,56,56,88,88,0,0.038428809693999116,0.04571292419755608,96,97,1,3,2,2,2,29,93,1,39
912,6,6,31,31,0,18,18,36,36,0,6,6,31,31,0,0.0012253650566731338,0.0012253650566731338,40,40,0,-1,4,4,3,1,66,71,40
913,24,640,44,100,56,60,70,40,43,3,24,54,44,54,10,0.0013615167296368155,0.006331052792811192,40,56,16,2,3,3,9,4,35,64,62
914,166,372,90,99,9,78,78,79,79,0,78,78,80,80,0,0.023690391095680587,0.027026107083290785,86,88,2,3,2,2,4,17,72,6,22
915,212,412,90,98,8,120,120,88,88,0,120,120,87,87,0,0.023213860240307704,0.027128220838013545,85,88,3,3,2,2,6,19,71,15,57
916,16,632,37,100,63,50,68,38,40,2,16,68,37,55,18,0.000442492937131965,0.013683243132849994,36,75,39,2,3,3,8,1,10,49,6
917,0,0,1,1,0,0,0,1,1,0,0,0,1,1,0,0.0,0.0,1,1,0,-1,-1,-1,8,0,21,67,81
918,442,1042,100,100,0,168,168,99,99,0,168,168,99,99,0,0.04935498144933456,0.0656251063684945,99,100,1,2,2,2,6,36,71,2,10
919,0,616,1,100,99,0,42,1,36,35,0,35,1,49,48,0.0,0.0042547397801150485,1,53,52,2,-1,3,8,0,10,87,28
920,6,212,32,92,60,14,18,35,37,2,6,18,32,46,14,0.0013274788113958951,0.007522379931243405,40,63,23,3,4,4,3,1,76,71,25
921,0,101,1,81,80,0,3,1,24,23,0,2,1,26,25,0.0,0.0002042275094455223,1,30,29,5,-1,6,3,0,81,76,63
922,2,618,26,100,74,4,38,26,50,24,2,38,26,53,27,6.807583648184077e-05,0.017257224548146634,27,82,55,2,5,3,3,2,82,58,5
923,188,394,90,99,9,144,144,95,95,0,144,144,95,95,0,0.025868817863099493,0.028932230504782327,88,89,1,3,2,2,6,15,65,19,35
924,0,616,1,100,99,0,62,1,34,33,0,36,1,43,42,0.0,0.003880322679464924,1,52,51,2,-1,3,14,1,25,69,35
925,112,112,81,81,0,110,110,77,77,0,110,110,81,81,0,0.014534191088873005,0.014534191088873005,76,76,0,-1,2,2,6,8,74,17,96
926,112,1752,76,100,24,164,188,77,82,5,112,188,76,90,14,0.008747744987916539,0.024405187378739916,66,85,19,1,2,2,10,7,12,48,17
927,0,0,1,1,0,0,0,1,1,0,0,0,1,1,0,0.0,0.0,1,1,0,-1,-1,-1,7,0,43,82,97
928,26,232,54,100,46,12,12,39,39,0,12,12,44,44,0,0.004050512270669526,0.012559991830899623,51,75,24,3,4,4,2,6,97,35,14
929,0,102,1,86,85,0,4,1,29,28,0,4,1,32,31,0.0,0.002825147213996392,1,49,48,4,-1,5,2,0,97,98,47
930,118,734,78,100,22,204,214,85,85,0,118,214,78,89,11,0.007488342013002485,0.01684876952925559,62,77,15,2,2,2,11,5,33,47,19
931,0,616,1,100,99,0,46,1,38,37,0,46,1,52,51,0.0,0.017393376221110316,1,81,80,2,-1,3,6,0,41,91,9
932,0,206,1,90,89,0,16,1,32,31,0,9,1,35,34,0.0,0.0010211375472276116,1,38,37,3,-1,4,6,1,48,45,43
933,34,650,49,100,51,106,116,58,61,3,34,116,49,77,28,0.0013274788113958951,0.010109261717553355,40,66,26,2,3,3,11,4,19,64,33
934,100,100,65,65,0,100,100,45,45,0,100,100,65,65,0,0.026923993328568024,0.02723033459273631,90,91,1,3,1,1,10,14,12,32,88
935,361,361,97,97,0,158,158,82,82,0,158,158,87,87,0,0.030395860989141904,0.030395860989141904,89,89,0,-1,2,2,9,29,35,1,45
936,100,100,66,66,0,100,100,60,60,0,100,100,68,68,0,0.0424112461281868,0.0424112461281868,95,95,0,-1,1,1,7,19,43,15,50
937,56,262,59,93,34,70,70,67,67,0,56,70,58,70,12,0.010245413390517035,0.013581129378127233,70,74,4,3,3,3,5,5,70,25,22
938,0,616,1,100,99,0,52,1,42,41,0,42,1,52,51,0.0,0.006262976956329351,1,57,56,2,-1,3,6,0,41,89,26
939,0,1640,1,100,99,0,48,1,72,71,0,46,1,74,73,0.0,0.03621634500833929,1,94,93,1,-1,2,3,0,92,85,46
940,0,206,1,92,91,0,32,1,34,33,0,32,1,49,48,0.0,0.008407365805507334,1,65,64,3,-1,4,6,0,59,36,33
941,12,218,41,94,53,20,24,37,37,0,12,24,41,50,9,0.002382654276864427,0.010687906327649,48,73,25,3,4,4,4,2,72,75,27
942,264,864,96,100,4,112,112,93,93,0,112,112,93,93,0,0.03264236359304265,0.04738078219136117,92,95,3,2,2,2,4,22,47,9,15
943,0,206,1,93,92,0,16,1,32,31,0,16,1,42,41,0.0,0.011028285510058205,1,74,73,3,-1,4,4,0,73,91,12
944,136,752,81,100,19,228,228,79,79,0,136,228,81,89,8,0.011981347220803976,0.027094182919772627,69,90,21,2,2,2,14,8,25,17,15
945,18,120,45,84,39,14,14,34,34,0,18,14,45,41,-4,0.0011913271384322134,0.0015317063208414173,41,43,2,4,4,4,3,4,60,64,56
946,80,696,73,100,27,32,32,64,64,0,32,32,64,64,0,0.012559991830899623,0.022294836447802852,74,87,13,2,3,3,2,13,89,33,77
947,62,268,54,94,40,92,92,51,51,0,62,82,54,62,8,0.003948398515946765,0.007658531604207087,51,61,10,3,2,2,8,3,30,54,35
948,0,1640,1,100,99,0,52,1,74,73,0,52,1,76,75,0.0,0.04435140746791926,1,95,94,1,-1,2,3,0,82,86,30
949,0,0,1,1,0,0,0,1,1,0,0,0,1,1,0,0.0,0.0,1,1,0,-1,-1,-1,11,0,19,85,36
950,0,616,1,100,99,0,50,1,49,48,0,50,1,53,52,0.0,0.009428503352734947,1,69,68,2,-1,3,5,0,37,67,20
951,16,118,44,87,43,22,22,47,47,0,16,22,47,51,4,0.0030974505599237552,0.0035059055788147996,50,52,2,4,3,3,2,2,89,94,63
952,16,632,44,100,56,22,22,47,47,0,16,22,47,51,4,0.002144388849177984,0.019878144252697506,45,85,40,2,3,3,2,1,89,53,9
953,0,206,1,96,95,0,7,1,31,30,0,6,1,31,30,0.0,0.0006126825283365669,1,37,36,3,-1,4,2,0,98,59,42
954,20,20,46,46,0,44,44,48,48,0,20,20,46,46,0,0.0018380475850097008,0.0018380475850097008,45,45,0,-1,3,3,4,3,47,43,89
955,214,214,93,93,0,104,104,73,73,0,104,104,79,79,0,0.022022533101875488,0.022022533101875488,88,88,0,-1,2,2,5,16,52,18,45
956,42,658,50,100,50,60,70,49,53,4,40,70,49,61,12,0.004050512270669526,0.008373327887266415,50,65,15,2,3,3,5,6,50,41,47
957,12,12,32,32,0,20,20,30,30,0,12,12,32,32,0,0.0009190237925048504,0.0009190237925048504,35,35,0,-1,4,4,4,2,67,74,97
958,24,24,52,52,0,28,28,44,44,0,24,24,52,52,0,0.0026209197045508697,0.0026209197045508697,50,50,0,-1,3,3,3,3,76,54,93
959,90,706,74,100,26,56,56,76,76,0,56,56,77,77,0,0.014023622315259198,0.024405187378739916,78,89,11,2,2,2,2,7,68,21,33
960,56,158,68,90,22,38,38,61,61,0,38,38,63,63,0,0.007147962830593281,0.008135062459579971,65,67,2,4,3,3,3,7,81,21,51
961,0,616,1,100,99,0,28,1,45,44,0,28,1,50,49,0.0,0.022022533101875488,1,85,84,2,-1,3,3,0,85,76,1
962,39,39,54,54,0,38,38,51,51,0,38,38,54,54,0,0.004493005207801491,0.004493005207801491,55,55,0,-1,3,3,3,4,82,22,66
963,134,340,80,97,17,132,132,74,74,0,132,132,81,81,0,0.011130399264780965,0.013785356887572755,70,75,5,3,2,2,8,9,21,31,90
964,120,120,82,82,0,70,70,67,67,0,70,70,71,71,0,0.01756356581231492,0.01756356581231492,79,79,0,-1,3,3,5,17,70,6,84
965,128,1768,79,100,21,128,166,74,86,12,128,166,80,90,10,0.010449640899962559,0.041764525681609314,69,96,27,1,2,2,8,9,10,31,7
966,57,263,63,97,34,38,38,57,57,0,38,38,60,60,0,0.006909697402906838,0.010892133837094524,61,68,7,3,3,3,3,8,85,57,26
967,68,684,56,100,44,80,100,62,72,10,68,100,59,73,14,0.006399128629293032,0.040505122706695255,54,97,43,2,2,2,6,4,71,72,3
968,180,386,92,99,7,104,104,85,85,0,104,104,86,86,0,0.0228734810578985,0.02634534871847238,87,88,1,3,2,2,5,16,37,18,35
969,61,61,54,54,0,76,76,51,51,0,61,61,54,54,0,0.004561081044283332,0.004561081044283332,53,53,0,-1,3,3,6,6,59,35,81
970,0,206,1,91,90,0,30,1,34,33,0,30,1,49,48,0.0,0.006058749446883829,1,56,55,3,-1,4,7,0,62,93,31
971,180,180,86,86,0,102,102,64,64,0,102,102,72,72,0,0.019367575479083698,0.019367575479083698,84,84,0,-1,3,3,7,17,24,6,36
972,204,820,92,100,8,204,214,97,97,0,204,214,97,97,0,0.01872085503250621,0.040300895197249734,80,95,15,2,2,2,8,8,21,8,10
973,0,206,1,88,87,0,50,1,35,34,0,24,1,44,43,0.0,0.004663194799006093,1,52,51,3,-1,4,9,0,54,82,62
974,134,134,87,87,0,86,86,62,62,0,86,86,68,68,0,0.016236087000919025,0.016236087000919025,80,80,0,-1,3,3,6,18,32,30,45
975,0,206,1,90,89,0,15,1,28,27,0,6,1,28,27,0.0,0.00013615167296368154,1,29,28,3,-1,4,8,0,39,87,65
976,0,616,1,100,99,0,34,1,38,37,0,34,1,49,48,0.0,0.019469689233806462,1,86,85,2,-1,3,4,0,53,93,1
977,0,102,1,74,73,0,7,1,28,27,0,2,1,26,25,0.0,0.00030634126416828345,1,32,31,4,-1,5,4,0,83,87,49
978,6,6,32,32,0,12,12,41,41,0,6,6,32,32,0,0.003369753905851118,0.003369753905851118,51,51,0,-1,4,4,2,1,95,90,80
979,0,206,1,96,95,0,14,1,32,31,0,9,1,36,35,0.0,0.0019061234214915416,1,44,43,3,-1,4,3,0,75,96,70
980,46,662,55,100,45,124,124,66,66,0,46,82,55,59,4,0.002723033459273631,0.007760645358929848,50,61,11,2,2,2,10,2,11,52,26
981,132,234,80,95,15,86,86,56,56,0,86,86,66,66,0,0.013887470642295518,0.014398039415909322,76,77,1,4,3,3,6,13,59,33,56
982,0,616,1,99,98,0,84,1,38,37,0,56,1,53,52,0.0,0.004322815616596889,1,54,53,2,-1,3,12,0,6,76,13
983,12,1652,35,100,65,18,62,35,79,44,12,62,35,80,45,0.0017018959120460194,0.06970965655740495,41,99,58,1,4,2,3,2,94,52,2
984,0,0,1,1,0,0,0,1,1,0,0,0,1,1,0,0.0,0.0,1,1,0,-1,-1,-1,4,0,79,84,66
985,0,616,1,100,99,0,26,1,36,35,0,25,1,43,42,0.0,0.004969536063174376,1,50,49,2,-1,3,4,0,67,86,64
986,6,622,29,100,71,37,70,34,40,6,6,70,29,59,30,0.0004084550188910446,0.02277136730317574,34,84,50,2,4,3,9,1,23,88,11
987,6,622,29,100,71,36,58,33,35,2,6,40,29,49,20,0.0002382654276864427,0.005582218591510943,33,55,22,2,4,3,10,1,18,88,34
988,52,668,61,100,39,48,48,65,65,0,48,48,68,68,0,0.009258313761530345,0.030429898907382825,70,91,21,2,3,3,3,6,66,34,11
989,0,206,1,90,89,0,36,1,33,32,0,6,1,28,27,0.0,0.001599782157323258,1,42,41,3,-1,4,10,0,1,91,94
990,176,176,91,91,0,48,48,63,63,0,48,48,64,64,0,0.023315973995030465,0.023315973995030465,87,87,0,-1,3,3,3,15,82,16,89
991,0,616,1,100,99,0,76,1,56,55,0,76,1,60,59,0.0,0.019095272133156337,1,80,79,2,-1,3,6,0,74,59,18
992,16,16,34,34,0,36,36,31,31,0,16,16,34,34,0,0.0004084550188910446,0.0004084550188910446,35,35,0,-1,3,3,12,1,2,55,50
993,22,124,49,82,33,34,34,45,45,0,22,24,49,50,1,0.0028932230504782326,0.003199564314646516,49,49,0,4,3,3,4,2,84,75,49
994,0,616,1,100,99,0,38,1,37,36,0,38,1,50,49,0.0,0.009054086252084823,1,66,65,2,-1,3,6,0,65,98,8
995,222,838,91,100,9,256,256,94,94,0,222,256,92,95,3,0.022601177711971135,0.03601211749889377,84,95,11,2,2,2,10,12,11,37,39
996,90,1730,67,100,33,100,134,69,86,17,90,134,69,87,18,0.008271214132543654,0.037339596310289665,65,95,30,1,2,2,6,6,34,28,12
997,100,100,61,61,0,100,100,44,44,0,100,100,61,61,0,0.049389019367575476,0.049593246877021,98,98,0,4,1,1,12,29,6,0,55
998,0,0,1,1,0,0,0,1,1,0,0,0,1,1,0,0.0,0.0,1,1,0,-1,-1,-1,2,0,95,80,86
999,6,212,33,94,61,13,26,33,35,2,6,26,33,51,18,0.00013615167296368154,0.003778208924742163,31,51,20,3,4,4,5,1,49,4,13
