,FreeNet_pre_score,FreeNet_post_score,FreeNet_pre_rank,FreeNet_post_rank,FreeNet_delta_ranks,Reversed_pre_score,Reversed_post_score,Reversed_pre_rank,Reversed_post_rank,Reversed_delta_ranks,Independent_pre_score,Independent_post_score,Independent_pre_rank,Independent_post_rank,Independent_delta_ranks,Random_pre_score,Random_post_score,Random_pre_rank,Random_post_rank,Random_delta_ranks,dist_victim_relayer,dist_victim_vilain_pre,dist_victim_vilain_post,out_deg_victim,in_deg_villain,victim,villain,relayer
0,32,32,47,47,0,100,100,47,47,0,32,32,47,47,0,0.002110350930937064,0.002110350930937064,43,43,0,-1,3,3,10,2,22,52,89
1,10,626,38,100,62,18,38,35,55,20,10,38,38,58,20,0.0012594029749140542,0.025085945743558324,40,89,49,2,4,3,3,3,58,43,1
2,6,6,33,33,0,11,11,33,33,0,6,6,33,33,0,0.0002042275094455223,0.0002042275094455223,32,32,0,-1,4,4,4,1,72,4,92
3,136,342,87,99,12,102,102,93,93,0,102,102,93,93,0,0.019639878825011062,0.023588277340957826,82,85,3,3,2,2,4,8,84,8,28
4,0,0,1,1,0,0,0,1,1,0,0,0,1,1,0,0.0,0.0,1,1,0,-1,-1,-1,14,0,16,80,91
5,277,379,96,99,3,192,192,99,99,0,192,192,99,99,0,0.03226794649239253,0.03274447734776541,92,92,0,4,2,2,6,15,65,16,49
6,0,102,1,75,74,0,16,1,28,27,0,2,1,25,24,0.0,0.0004084550188910446,1,33,32,4,-1,5,8,0,15,67,49
7,0,616,1,100,99,0,58,1,43,42,0,58,1,56,55,0.0,0.014636304843595765,1,76,75,2,-1,3,7,0,62,93,37
8,344,544,98,100,2,96,96,90,90,0,96,96,90,90,0,0.0530991524558358,0.06004288777698356,97,97,0,3,2,2,3,36,82,2,39
9,102,203,84,94,10,56,56,85,85,0,56,56,85,85,0,0.017223186629905716,0.017393376221110316,81,81,0,5,2,2,2,8,90,17,60
10,0,0,1,1,0,0,0,1,1,0,0,0,1,1,0,0.0,0.0,1,1,0,-1,-1,-1,5,0,37,91,85
11,0,616,1,100,99,0,36,1,30,29,0,18,1,40,39,0.0,0.0018380475850097008,1,41,40,2,-1,3,12,0,2,97,51
12,1,1,25,25,0,2,2,25,25,0,1,1,25,25,0,0.0,0.0,1,1,0,-1,6,6,2,2,99,58,98
13,78,284,63,94,31,142,142,79,79,0,78,84,63,64,1,0.009190237925048503,0.011062323428299126,67,72,5,3,2,2,8,7,57,62,46
14,388,588,98,100,2,248,248,90,90,0,248,248,92,92,0,0.03366350114027026,0.04431736954967834,93,96,3,3,2,2,11,27,38,10,6
15,2,2,26,26,0,10,10,27,27,0,2,2,26,26,0,3.4037918240920386e-05,3.4037918240920386e-05,26,26,0,-1,5,5,8,1,15,68,99
16,0,616,1,100,99,0,34,1,42,41,0,34,1,51,50,0.0,0.019707954661492902,1,83,82,2,-1,3,4,1,83,69,10
17,32,133,47,80,33,116,116,62,62,0,32,33,47,48,1,0.002280540522141666,0.0024166921951053475,44,46,2,5,3,3,11,2,19,52,65
18,368,469,100,100,0,112,112,94,94,0,112,112,94,94,0,0.050954763606657814,0.050954763606657814,98,98,0,6,2,2,4,36,78,2,58
19,2,2,26,26,0,9,9,28,28,0,2,2,26,26,0,6.807583648184077e-05,6.807583648184077e-05,28,28,0,-1,5,5,7,2,43,58,82
20,38,244,49,93,44,74,74,42,42,0,38,62,49,57,8,0.002757071377514551,0.007352190340038803,45,64,19,3,3,3,9,3,23,54,72
21,6,212,34,96,62,12,12,39,39,0,6,12,34,44,10,0.0008169100377820892,0.006909697402906838,39,62,23,3,4,4,2,1,93,49,32
22,0,102,1,75,74,0,10,1,27,26,0,2,1,25,24,0.0,0.0009530617107457708,1,38,37,4,-1,5,5,0,80,76,71
23,88,190,78,93,15,32,32,63,63,0,32,32,65,65,0,0.01232172640321318,0.012559991830899623,76,78,2,4,3,3,2,9,98,27,49
24,16,222,35,89,54,80,80,41,41,0,16,80,35,58,23,0.0009190237925048504,0.013989584397018279,37,75,38,3,3,3,10,1,22,71,6
25,8,214,38,95,57,8,8,33,33,0,8,8,38,38,0,0.0005105687736138058,0.003608019333537561,37,52,15,3,4,4,2,2,89,63,26
26,0,0,1,1,0,0,0,1,1,0,0,0,1,1,0,0.0,0.0,1,1,0,-1,-1,-1,2,1,86,69,99
27,0,0,1,1,0,0,0,1,1,0,0,0,1,1,0,0.0,0.0,1,1,0,-1,-1,-1,14,0,16,76,79
28,0,616,1,100,99,0,50,1,34,33,0,16,1,33,32,0.0,0.0033357159876101976,1,50,49,2,-1,3,12,0,3,98,94
29,22,638,47,100,53,44,54,49,52,3,22,54,47,56,9,0.002144388849177984,0.00796487286837537,45,64,19,2,3,3,4,2,79,52,41
30,86,702,61,100,39,166,166,71,71,0,86,132,61,80,19,0.009973110044589673,0.01507879778072773,65,77,12,2,3,3,11,6,19,34,47
31,42,658,51,100,49,110,150,61,70,9,40,150,50,88,38,0.0037441710065012424,0.0228734810578985,52,84,32,2,3,3,10,6,1,41,16
32,78,78,64,64,0,110,110,81,81,0,78,78,64,64,0,0.00891793457912114,0.00891793457912114,67,67,0,-1,2,2,6,7,65,62,82
33,22,228,45,91,46,40,40,41,41,0,22,40,45,53,8,0.0015657442390823377,0.004288777698355968,40,52,12,3,3,3,5,2,80,74,22
34,0,616,1,100,99,0,52,1,35,34,0,28,1,43,42,0.0,0.0042547397801150485,1,52,51,2,-1,3,9,0,31,59,26
35,248,448,92,99,7,168,168,96,96,0,168,168,96,96,0,0.02719629667449539,0.02818339630348208,89,89,0,3,2,2,6,15,40,16,53
36,0,616,1,100,99,0,34,1,33,32,0,16,1,35,34,0.0,0.004118588107151367,1,52,51,2,-1,3,8,0,30,98,90
37,22,22,47,47,0,28,28,40,40,0,22,22,47,47,0,0.0020763130126961434,0.0020763130126961434,45,45,0,-1,3,3,3,2,82,83,67
38,100,100,63,63,0,100,100,45,45,0,100,100,63,63,0,0.05000170189591205,0.050274005241839406,97,97,0,3,1,1,11,29,19,1,56
39,66,168,61,85,24,66,66,54,54,0,66,66,62,62,0,0.008135062459579971,0.008441403723748256,63,65,2,4,3,3,6,7,69,21,88
40,6,622,29,100,71,26,110,30,59,29,6,110,29,73,44,0.00017018959120460194,0.02236291228428469,30,84,54,2,4,3,10,1,11,65,7
41,76,76,70,70,0,48,48,64,64,0,48,48,66,66,0,0.011913271384322134,0.011913271384322134,72,72,0,-1,3,3,3,6,85,77,92
42,0,206,1,92,91,0,18,1,34,33,0,18,1,47,46,0.0,0.004969536063174376,1,54,53,3,-1,4,3,0,87,91,72
43,104,720,72,100,28,124,124,85,85,0,104,124,75,88,13,0.012287688484972258,0.01657646618332823,74,79,5,2,2,2,6,5,40,25,47
44,176,382,89,98,9,152,152,95,95,0,152,152,95,95,0,0.024507301133462677,0.02818339630348208,89,90,1,3,2,2,5,9,63,39,72
45,112,318,76,95,19,164,164,77,77,0,112,118,76,76,0,0.008747744987916539,0.009122162088566664,66,67,1,3,2,2,10,7,12,48,88
46,0,1640,1,100,99,0,130,1,64,63,0,130,1,80,79,0.0,0.02559651451717213,1,89,88,1,-1,2,11,1,19,69,23
47,100,100,61,61,0,100,100,43,43,0,100,100,61,61,0,0.02294155689438034,0.04111780523503183,83,97,14,2,1,1,12,6,2,77,9
48,34,650,50,100,50,60,60,52,52,0,34,60,50,61,11,0.0031314884781646754,0.010755982164130842,50,72,22,2,3,3,5,6,45,70,77
49,126,126,83,83,0,212,212,78,78,0,126,126,83,83,0,0.00976888253514415,0.00976888253514415,67,67,0,-1,2,2,13,7,13,48,66
50,2,208,28,91,63,8,15,28,30,2,2,8,28,34,6,0.0,0.00017018959120460194,1,30,29,3,5,4,7,1,62,68,4
51,0,1640,1,100,99,0,64,1,41,40,0,46,1,53,52,0.0,0.013410939786922631,1,75,74,1,-1,2,9,0,35,97,52
52,0,616,1,100,99,0,60,1,51,50,0,60,1,61,60,0.0,0.02117158514585248,1,84,83,2,-1,3,5,0,45,79,23
53,250,866,94,100,6,240,240,89,89,0,240,240,94,94,0,0.018993158378433576,0.02413288403281255,82,86,4,2,2,2,12,18,6,5,26
54,0,0,1,1,0,0,0,1,1,0,0,0,1,1,0,0.0,0.0,1,1,0,-1,-1,-1,6,0,74,97,98
55,430,1030,100,100,0,160,160,100,100,0,160,160,100,100,0,0.05885156063855135,0.0763130126961435,98,100,2,2,2,2,4,36,77,2,7
56,76,76,62,62,0,64,64,59,59,0,64,64,63,63,0,0.007454304094761564,0.007454304094761564,64,64,0,-1,3,3,4,6,53,13,66
57,371,571,97,100,3,184,184,96,96,0,184,184,96,96,0,0.03713536880084414,0.04135607066271827,92,94,2,3,2,2,7,29,46,0,31
58,0,206,1,95,94,0,8,1,32,31,0,8,1,37,36,0.0,0.0033016780693692774,1,51,50,3,-1,4,2,0,89,91,26
59,6,6,29,29,0,29,29,31,31,0,6,6,29,29,0,0.00017018959120460194,0.00017018959120460194,29,29,0,-1,4,4,9,1,23,60,40
60,100,100,69,69,0,100,100,70,70,0,100,100,72,72,0,0.03318697028489737,0.03441233534157051,93,93,0,3,1,1,6,6,65,41,51
61,0,102,1,77,76,0,13,1,27,26,0,2,1,25,24,0.0,6.807583648184077e-05,1,28,27,4,-1,5,10,1,1,69,4
62,148,148,88,88,0,96,96,61,61,0,96,96,69,69,0,0.013138636440995268,0.013138636440995268,76,76,0,-1,3,3,6,14,48,14,40
63,100,100,60,60,0,100,100,52,52,0,100,100,60,60,0,0.01773375540351952,0.01773375540351952,79,79,0,-1,1,1,9,3,29,51,82
64,100,100,66,66,0,100,100,60,60,0,100,100,68,68,0,0.04472582456856938,0.04472582456856938,97,97,0,-1,1,1,7,20,43,23,85
65,45,251,60,99,39,22,22,54,54,0,22,22,54,54,0,0.0053439531638245,0.007386228258279724,57,63,6,3,3,3,2,6,99,28,70
66,56,262,56,95,39,54,54,56,56,0,54,54,57,57,0,0.010381565063480718,0.01497668402600497,67,77,10,3,3,3,4,5,67,25,62
67,362,978,96,100,4,360,360,99,99,0,360,360,99,99,0,0.026821879573845263,0.03580788998944825,87,93,6,2,2,2,12,17,3,6,14
68,62,268,57,92,35,104,104,81,81,0,62,70,58,59,1,0.004186663943633207,0.005207801490860819,54,55,1,3,2,2,5,6,61,70,52
69,16,16,36,36,0,30,30,36,36,0,16,16,36,36,0,0.003880322679464924,0.003880322679464924,52,52,0,-1,4,4,5,6,61,73,59
70,100,100,65,65,0,100,100,45,45,0,100,100,65,65,0,0.045474658769869634,0.06671431975220396,96,100,4,1,1,1,10,22,12,9,18
71,16,632,33,100,67,42,42,36,36,0,16,42,33,51,18,0.0020082371762143027,0.00796487286837537,43,62,19,2,3,3,6,2,40,94,57
72,0,0,1,1,0,0,0,1,1,0,0,0,1,1,0,0.0,0.0,1,1,0,-1,-1,-1,12,0,6,92,93
73,100,100,76,76,0,100,100,96,96,0,100,100,96,96,0,0.0549372000408455,0.07743626399809388,97,100,3,2,1,1,3,4,58,22,11
74,12,12,36,36,0,14,14,32,32,0,12,12,36,36,0,0.0004084550188910446,0.0004084550188910446,34,34,0,-1,4,4,3,2,96,63,66
75,100,100,81,81,0,100,100,98,98,0,100,100,98,98,0,0.07835528779059872,0.07855951530004425,99,99,0,4,1,1,2,2,99,94,49
76,58,674,58,100,42,110,120,77,78,1,58,120,58,80,22,0.004765308553728854,0.03699921712788046,56,93,37,2,2,2,6,6,44,70,2
77,100,100,61,61,0,100,100,43,43,0,100,100,61,61,0,0.021035433472888797,0.021239660982334322,80,80,0,3,1,1,12,6,2,34,56
78,6,622,32,100,68,20,44,34,49,15,6,44,32,56,24,0.0007488342013002485,0.022737329384934817,38,84,46,2,4,3,4,2,84,42,7
79,6,622,29,100,71,23,54,30,34,4,6,22,29,41,12,0.00017018959120460194,0.003369753905851118,32,48,16,2,4,3,10,1,22,95,46
80,2,1642,26,100,74,15,146,28,63,35,2,146,26,85,59,6.807583648184077e-05,0.02733244834745907,28,89,61,1,5,2,12,1,6,68,9
81,30,230,48,92,44,36,36,36,36,0,30,30,48,48,0,0.003914360597705844,0.004288777698355968,49,51,2,3,3,3,5,6,50,73,88
82,100,100,67,67,0,100,100,55,55,0,100,100,67,67,0,0.03512713162462984,0.05956635692161068,92,99,7,2,1,1,9,9,23,39,3
83,72,72,55,55,0,130,130,62,62,0,72,72,55,55,0,0.0024166921951053475,0.0024166921951053475,45,45,0,-1,2,2,11,4,5,64,79
84,196,297,91,97,6,110,110,81,81,0,110,110,82,82,0,0.019741992579733823,0.020014295925661188,83,84,1,5,2,2,6,19,65,15,88
85,82,288,61,94,33,66,66,47,47,0,66,66,55,55,0,0.008373327887266415,0.013036522686272508,63,72,9,3,3,3,6,7,71,48,62
86,140,140,91,91,0,56,56,84,84,0,56,56,84,84,0,0.026243234963749616,0.026243234963749616,88,88,0,-1,2,2,2,20,86,23,85
87,2,618,27,100,73,4,28,27,45,18,2,28,27,50,23,0.0,0.013581129378127233,1,77,76,2,5,3,3,1,85,95,5
88,2,208,27,91,64,6,16,28,32,4,2,8,27,36,9,6.807583648184077e-05,0.0006807583648184077,28,36,8,3,5,4,4,2,83,58,56
89,63,679,58,100,42,74,84,62,68,6,63,84,60,70,10,0.005650294427992784,0.016236087000919025,55,78,23,2,2,2,5,4,37,22,19
90,6,622,32,100,68,10,20,32,42,10,6,24,32,48,16,0.00037441710065012424,0.003710133088260322,33,50,17,2,4,3,3,1,58,88,63
91,2,618,26,99,73,14,68,28,35,7,2,68,26,54,28,0.0,0.0123557643214541,1,73,72,2,5,3,11,2,5,58,12
92,142,348,83,97,14,158,158,74,74,0,142,142,83,83,0,0.011675005956635693,0.012151536812008578,75,75,0,3,2,2,9,9,28,27,71
93,258,464,93,100,7,200,200,94,94,0,200,200,94,94,0,0.022533101875489295,0.023996732359848873,87,87,0,3,2,2,8,16,10,12,52
94,66,272,56,94,38,84,84,59,59,0,64,84,56,65,9,0.005854521937438306,0.012491915994417782,55,75,20,3,2,2,5,6,52,41,24
95,0,1640,1,100,99,0,48,1,59,58,0,48,1,62,61,0.0,0.03716940671908506,1,94,93,1,-1,2,3,0,58,91,35
96,46,662,60,100,40,28,28,46,46,0,28,28,51,51,0,0.005616256509751864,0.027945130875795636,58,89,31,2,3,3,3,6,85,13,0
97,132,1772,82,100,18,150,184,71,84,13,150,184,85,90,5,0.013002484768031588,0.04142414649920011,75,94,19,1,3,2,10,13,36,33,23
98,1,1,26,26,0,4,4,26,26,0,1,1,26,26,0,6.807583648184077e-05,6.807583648184077e-05,27,27,0,-1,6,6,4,1,73,68,86
99,196,296,88,95,7,176,176,75,75,0,176,176,87,87,0,0.020014295925661188,0.02038871302631131,83,84,1,4,3,3,11,16,33,18,51
100,0,616,1,100,99,0,58,1,42,41,0,58,1,56,55,0.0,0.011675005956635693,1,72,71,2,-1,3,8,1,21,69,5
101,100,100,64,64,0,100,100,57,57,0,100,100,65,65,0,0.03451444909629327,0.04578100003403792,93,97,4,2,1,1,8,13,10,33,15
102,100,100,69,69,0,100,100,57,57,0,100,100,69,69,0,0.03359542530378842,0.03359542530378842,88,88,0,6,1,1,8,16,57,12,58
103,101,717,78,100,22,100,100,68,68,0,100,100,73,73,0,0.008101024541339052,0.011368664692467409,65,73,8,2,2,2,6,8,48,57,70
104,32,133,49,83,34,70,70,59,59,0,32,33,49,49,0,0.004050512270669526,0.0040845501889104465,50,50,0,6,3,3,5,3,88,29,78
105,116,732,78,100,22,44,54,49,54,5,44,54,54,57,3,0.008986010415602982,0.02038871302631131,68,87,19,2,3,3,4,13,53,24,20
106,478,678,100,100,0,304,304,100,100,0,304,304,100,100,0,0.03492290411518432,0.03533135913407536,91,91,0,3,2,2,10,27,0,10,42
107,318,1958,98,100,2,134,168,96,98,2,134,168,96,98,2,0.03580788998944825,0.055413730896218386,93,99,6,1,2,2,6,30,69,7,64
108,255,255,96,96,0,72,72,80,80,0,72,72,80,80,0,0.03315293236665646,0.03315293236665646,92,92,0,-1,2,2,3,30,66,7,85
109,84,290,62,93,31,168,168,82,82,0,84,90,62,64,2,0.007386228258279724,0.009020048333843901,63,68,5,3,2,2,9,6,54,26,94
110,0,0,1,1,0,0,0,1,1,0,0,0,1,1,0,0.0,0.0,1,1,0,-1,-1,-1,4,0,78,82,66
111,262,878,94,100,6,232,232,92,92,0,232,232,93,93,0,0.023315973995030465,0.025970931617822254,84,87,3,2,2,2,10,17,1,6,75
112,0,206,1,87,86,0,68,1,34,33,0,22,1,38,37,0.0,0.0036760951700194017,1,51,50,3,-1,4,16,0,9,36,35
113,0,616,1,99,98,0,146,1,66,65,0,146,1,82,81,0.0,0.03257428775656081,1,91,90,2,-1,3,11,0,19,81,2
114,0,0,1,1,0,0,0,1,1,0,0,0,1,1,0,0.0,0.0,1,1,0,-1,-1,-1,9,0,26,91,96
115,100,100,67,67,0,100,100,57,57,0,100,100,67,67,0,0.04309200449300521,0.05146533238027162,97,98,1,2,1,1,8,16,21,18,27
116,24,230,48,96,48,38,38,47,47,0,24,38,48,52,4,0.002552843868069029,0.00970080669866231,47,73,26,3,3,3,3,6,75,70,77
117,400,1016,98,100,2,128,128,90,90,0,128,128,90,90,0,0.041219918989754585,0.053609721229449604,94,99,5,2,2,2,5,40,61,3,6
118,2,618,27,99,72,12,78,27,40,13,2,48,27,51,24,0.0,0.004663194799006093,1,52,51,2,5,3,11,1,33,68,47
119,430,430,100,100,0,160,160,100,100,0,160,160,100,100,0,0.05885156063855135,0.05885156063855135,98,98,0,-1,2,2,4,36,77,2,85
120,168,270,90,98,8,72,72,80,80,0,72,72,80,80,0,0.020082371762143027,0.02021852343510671,84,85,1,4,2,2,3,18,66,5,56
121,0,0,1,1,0,0,0,1,1,0,0,0,1,1,0,0.0,0.0,1,1,0,-1,-1,-1,14,0,16,80,93
122,100,100,63,63,0,100,100,47,47,0,100,100,63,63,0,0.016610504101569147,0.017801831240001363,81,83,2,3,1,1,10,2,36,58,51
123,236,852,93,100,7,144,144,95,95,0,144,144,95,95,0,0.023179822322066782,0.026821879573845263,87,88,1,2,2,2,6,19,56,15,75
124,1,617,26,100,74,13,158,26,65,39,1,158,26,86,60,0.0,0.024507301133462677,1,85,84,2,6,3,13,1,13,78,0
125,0,616,1,100,99,0,22,1,51,50,0,22,1,53,52,0.0,0.017393376221110316,1,83,82,2,-1,3,2,0,86,91,23
126,168,1768,88,100,12,100,100,71,71,0,100,100,72,72,0,0.015317063208414174,0.031076619353960312,76,92,16,1,2,2,6,14,56,32,43
127,100,100,70,70,0,100,100,68,68,0,100,100,73,73,0,0.04877633683923891,0.060383266959392765,96,99,3,2,1,1,6,16,48,18,6
128,115,321,77,94,17,96,96,60,60,0,96,96,69,69,0,0.01681473161101467,0.01872085503250621,81,81,0,3,3,3,6,12,44,37,90
129,66,682,64,100,36,70,70,59,59,0,70,70,66,66,0,0.009564655025698629,0.01960584090677014,69,83,14,2,3,3,5,6,80,77,17
130,16,222,37,92,55,50,58,37,42,5,16,52,37,55,18,0.0007147962830593281,0.0048674223084516155,38,54,16,3,3,3,8,1,21,49,13
131,210,210,91,91,0,104,104,82,82,0,104,104,83,83,0,0.021239660982334322,0.021239660982334322,84,84,0,-1,2,2,5,16,50,12,80
132,6,1646,27,100,73,16,62,27,43,16,6,54,27,52,25,6.807583648184077e-05,0.018686817114265293,28,82,54,1,4,2,6,1,40,95,51
133,0,0,1,1,0,0,0,1,1,0,0,0,1,1,0,0.0,0.0,1,1,0,-1,-1,-1,6,0,74,97,45
134,6,6,30,30,0,24,24,32,32,0,6,6,30,30,0,0.0002723033459273631,0.0002723033459273631,33,33,0,-1,4,4,9,1,35,60,92
135,167,167,86,86,0,126,126,80,80,0,126,126,83,83,0,0.014908608189523128,0.014908608189523128,76,76,0,-1,2,2,7,15,62,19,96
136,12,113,40,82,42,18,18,38,38,0,12,13,40,42,2,0.0010892133837094523,0.0012934408931549745,38,39,1,5,4,4,3,2,81,74,55
137,8,214,38,95,57,8,12,33,36,3,8,12,38,40,2,0.0005105687736138058,0.021035433472888797,37,85,48,3,4,4,2,2,89,63,0
138,68,68,63,63,0,38,38,46,46,0,38,38,51,51,0,0.008441403723748256,0.008441403723748256,64,64,0,-1,3,3,3,7,96,48,92
139,0,616,1,100,99,0,50,1,48,47,0,50,1,54,53,0.0,0.024405187378739916,1,87,86,2,-1,3,5,0,61,36,11
140,76,282,69,98,29,32,32,58,58,0,32,32,60,60,0,0.011062323428299126,0.02049082678103407,71,86,15,3,3,3,2,6,91,77,19
141,136,752,80,100,20,104,104,73,73,0,104,104,79,79,0,0.014806494434800367,0.023009632730862182,80,89,9,2,2,2,5,8,52,20,8
142,60,676,60,100,40,60,80,53,70,17,60,80,60,71,11,0.005616256509751864,0.021920419347152727,57,84,27,2,3,3,5,6,49,26,30
143,124,124,78,78,0,144,144,91,91,0,124,124,90,90,0,0.012968446849790666,0.012968446849790666,74,74,0,-1,2,2,6,7,51,21,96
144,124,1724,80,100,20,198,198,85,85,0,124,198,80,87,7,0.012219612648490419,0.046359644644133564,71,96,25,1,2,2,10,6,22,77,3
145,24,640,45,100,55,46,86,42,55,13,24,86,45,64,19,0.0016678579938050988,0.03345927363082474,41,92,51,2,3,3,6,4,48,64,2
146,24,640,52,100,48,28,28,44,44,0,24,28,52,53,1,0.0020422750944552232,0.022805405221416657,47,87,40,2,3,3,3,4,76,64,10
147,215,215,96,96,0,72,72,84,84,0,72,72,84,84,0,0.03703325504612138,0.03703325504612138,94,94,0,-1,2,2,3,29,81,0,50
148,149,251,84,94,10,180,180,92,92,0,149,151,84,84,0,0.010415602981721638,0.010517716736444398,69,69,0,4,2,2,8,8,15,57,60
149,16,222,44,92,48,48,48,54,54,0,16,48,43,55,12,0.0020763130126961434,0.012015385139044895,46,73,27,3,3,3,3,1,87,53,37
150,22,638,40,100,60,88,88,42,42,0,22,59,40,57,17,0.0026549576227917903,0.00789679703189353,47,63,16,2,3,3,11,2,38,83,34
151,126,332,82,96,14,64,64,63,63,0,64,64,64,64,0,0.01664454201981007,0.019571802988529223,81,84,3,3,3,3,4,17,79,6,22
152,0,102,1,81,80,0,5,1,27,26,0,3,1,30,29,0.0,0.00013615167296368154,1,29,28,4,-1,5,3,0,66,84,56
153,22,638,49,100,51,34,34,45,45,0,22,34,49,52,3,0.0028932230504782326,0.017903944994724124,49,81,32,2,3,3,4,2,84,75,5
154,100,100,63,63,0,144,144,70,70,0,100,100,63,63,0,0.010109261717553355,0.010109261717553355,69,69,0,-1,2,2,10,6,36,35,45
155,0,0,1,1,0,0,0,1,1,0,0,0,1,1,0,0.0,0.0,1,1,0,-1,-1,-1,9,0,23,97,80
156,0,102,1,76,75,0,10,1,26,25,0,2,1,26,25,0.0,0.00010211375472276115,1,29,28,4,-1,5,8,0,39,96,4
157,100,100,63,63,0,100,100,47,47,0,100,100,63,63,0,0.020558902617515914,0.02209060893835733,82,84,2,3,1,1,10,8,22,57,52
158,210,210,97,97,0,22,22,54,54,0,22,22,54,54,0,0.02828551005820484,0.02828551005820484,92,92,0,-1,3,3,2,29,99,1,81
159,100,100,71,71,0,104,104,82,82,0,104,104,83,83,0,0.00888389666088022,0.00888389666088022,67,67,0,-1,2,2,5,7,50,21,89
160,40,246,55,93,38,38,38,51,51,0,38,38,54,54,0,0.005616256509751864,0.006671431975220395,59,61,2,3,3,3,3,6,82,26,61
161,48,48,55,55,0,90,90,58,58,0,48,48,55,55,0,0.0045270431260424114,0.0045270431260424114,51,51,0,-1,2,2,6,6,48,70,84
162,122,1722,86,100,14,88,88,80,80,0,88,88,81,81,0,0.015317063208414174,0.05146533238027162,80,97,17,1,2,2,4,14,77,14,6
163,192,398,89,100,11,104,104,85,85,0,104,104,85,85,0,0.023384049831512304,0.025936893699581333,84,85,1,3,2,2,5,19,70,15,90
164,100,100,67,67,0,100,100,70,70,0,100,100,71,71,0,0.02906838217774601,0.02906838217774601,87,87,0,-1,1,1,6,6,74,41,67
165,226,328,94,99,5,64,64,67,67,0,64,64,68,68,0,0.02927260968719153,0.03223390857415161,91,91,0,4,3,3,4,27,67,10,90
166,0,0,1,1,0,0,0,1,1,0,0,0,1,1,0,0.0,0.0,1,1,0,-1,-1,-1,6,0,41,93,97
167,64,165,67,91,24,22,22,48,48,0,22,22,51,51,0,0.012185574730249497,0.012219612648490419,73,73,0,5,3,3,2,8,95,8,65
168,432,632,100,100,0,176,176,99,99,0,176,176,99,99,0,0.05211205282684911,0.054222403757786176,97,97,0,3,2,2,5,36,63,2,35
169,0,616,1,100,99,0,72,1,44,43,0,72,1,55,54,0.0,0.02236291228428469,1,87,86,2,-1,3,7,0,46,79,1
170,0,616,1,100,99,0,40,1,39,38,0,32,1,47,46,0.0,0.00704584907587052,1,63,62,2,-1,3,5,1,50,45,25
171,12,218,41,92,51,18,18,35,35,0,12,18,41,47,6,0.002280540522141666,0.0037441710065012424,48,53,5,3,4,4,3,2,87,75,53
172,38,654,53,100,47,68,78,46,48,2,38,78,53,61,8,0.0029612988869600733,0.015248987371932332,51,76,25,2,3,3,8,3,21,54,6
173,1,103,25,80,55,3,6,25,28,3,1,6,25,31,6,0.0,0.0016678579938050988,1,44,43,4,6,5,3,1,87,68,41
174,100,100,71,71,0,100,100,80,80,0,100,100,81,81,0,0.0318935293917424,0.03567173831648456,91,93,2,3,1,1,5,2,49,63,38
175,22,228,46,96,50,28,28,43,43,0,22,28,46,49,3,0.002110350930937064,0.020797168045202357,46,86,40,3,3,3,3,2,75,52,11
176,2,103,29,79,50,9,9,30,30,0,2,3,29,32,3,0.00017018959120460194,0.0002382654276864427,31,32,1,6,5,5,5,1,88,65,58
177,6,212,32,97,65,12,12,35,35,0,6,12,32,41,9,0.0018380475850097008,0.009122162088566664,44,66,22,3,4,4,2,1,98,53,14
178,0,101,1,75,74,0,7,1,25,24,0,1,1,25,24,0.0,0.00017018959120460194,1,30,29,5,-1,6,7,0,62,89,55
179,62,62,53,53,0,92,92,47,47,0,62,62,53,53,0,0.00353994349705572,0.00353994349705572,51,51,0,-1,2,2,8,3,42,54,66
180,68,684,65,100,35,78,78,77,77,0,68,78,77,78,1,0.0088498587426393,0.017087034956942034,67,80,13,2,2,2,4,4,78,72,8
181,16,632,35,100,65,108,108,62,62,0,16,36,35,49,14,0.0020763130126961434,0.003778208924742163,44,51,7,2,3,3,8,1,15,53,43
182,66,272,57,95,38,98,98,55,55,0,66,74,58,61,3,0.0051397256543789785,0.006092787365124749,55,57,2,3,3,3,8,6,21,28,61
183,0,206,1,89,88,0,48,1,34,33,0,22,1,42,41,0.0,0.004561081044283332,1,51,50,3,-1,4,10,0,12,96,26
184,174,790,85,100,15,190,190,74,74,0,174,190,85,86,1,0.010790020082371761,0.016133973246196264,70,74,4,2,2,2,11,13,5,24,35
185,0,206,1,93,92,0,18,1,34,33,0,18,1,45,44,0.0,0.0048674223084516155,1,52,51,3,-1,4,3,0,58,98,62
186,154,770,88,100,12,152,152,95,95,0,152,152,95,95,0,0.019980258007420267,0.04578100003403792,84,97,13,2,2,2,5,8,88,20,1
187,22,228,46,94,48,28,28,43,43,0,22,28,46,49,3,0.002280540522141666,0.0033016780693692774,49,50,1,3,3,3,3,2,66,52,54
188,0,1640,1,100,99,0,124,1,60,59,0,105,1,78,77,0.0,0.014670342761836687,1,75,74,1,-1,2,13,0,13,80,24
189,46,147,54,85,31,90,90,71,71,0,46,47,54,55,1,0.008305252050784574,0.008407365805507334,64,65,1,6,2,2,6,2,69,83,78
190,100,100,73,73,0,100,100,94,94,0,100,100,94,94,0,0.0475850097008067,0.0475850097008067,98,98,0,-1,1,1,4,9,67,27,98
191,46,662,50,100,50,144,144,61,61,0,46,102,50,69,19,0.0025188059498281084,0.00888389666088022,47,67,20,2,2,2,10,2,0,61,21
192,2,2,29,29,0,9,9,30,30,0,2,2,29,29,0,0.00017018959120460194,0.00017018959120460194,31,31,0,-1,5,5,5,1,88,65,50
193,6,107,30,76,46,21,21,31,31,0,6,7,30,34,4,0.00013615167296368154,0.0004084550188910446,31,33,2,5,4,4,9,1,54,60,88
194,88,704,60,100,40,164,174,77,83,6,88,174,60,89,29,0.008475441641989176,0.01929949964260186,65,83,18,2,2,2,10,4,36,22,14
195,100,100,57,57,0,100,100,38,38,0,100,100,57,57,0,0.045338507096905956,0.045338507096905956,97,97,0,-1,1,1,16,30,4,7,99
196,151,357,91,100,9,56,56,80,80,0,56,56,81,81,0,0.027638789611627353,0.028864154668300487,90,90,0,3,2,2,2,15,91,16,52
197,184,285,90,97,7,254,254,92,92,0,184,185,90,90,0,0.015997821573232582,0.015997821573232582,78,78,0,5,2,2,12,8,6,20,58
198,98,298,78,98,20,56,56,76,76,0,56,56,77,77,0,0.01667857993805099,0.018925082541951733,81,85,4,3,2,2,2,13,68,33,29
199,108,314,78,97,19,86,86,62,62,0,86,86,65,65,0,0.012594029749140543,0.01494264610776405,73,78,5,3,3,3,6,8,74,8,22
200,118,118,79,79,0,118,118,88,88,0,118,118,89,89,0,0.009530617107457708,0.009530617107457708,68,68,0,-1,2,2,5,5,61,47,66
201,0,616,1,100,99,0,30,1,39,38,0,31,1,47,46,0.0,0.0046972327172470135,1,51,50,2,-1,3,6,0,69,81,28
202,6,6,32,32,0,24,24,38,38,0,6,6,32,32,0,0.002723033459273631,0.002723033459273631,48,48,0,-1,4,4,4,3,79,46,93
203,2,618,28,100,72,3,32,28,57,29,2,32,28,58,30,0.0002723033459273631,0.03332312195786106,31,95,64,2,5,3,2,1,68,65,3
204,37,139,47,84,37,46,46,38,38,0,37,46,47,50,3,0.004220701861874128,0.004356853534837809,50,50,0,4,3,3,6,6,71,35,63
205,83,289,71,98,27,64,64,68,68,0,64,64,70,70,0,0.01507879778072773,0.024609414888185438,79,85,6,3,3,3,4,9,78,39,5
206,1,1,25,25,0,5,5,25,25,0,1,1,25,25,0,3.4037918240920386e-05,3.4037918240920386e-05,26,26,0,-1,6,6,5,2,45,58,98
207,0,206,1,88,87,0,32,1,32,31,0,6,1,28,27,0.0,0.002280540522141666,1,47,46,3,-1,4,10,0,11,80,90
208,0,0,1,1,0,0,0,1,1,0,0,0,1,1,0,0.0,0.0,1,1,0,-1,-1,-1,2,0,91,59,81
209,0,206,1,89,88,0,40,1,31,30,0,6,1,28,27,0.0,0.0020422750944552232,1,43,42,3,-1,4,12,0,14,97,94
210,0,206,1,90,89,0,26,1,32,31,0,26,1,45,44,0.0,0.00622893903808843,1,55,54,3,-1,4,5,0,50,93,31
211,320,936,96,100,4,280,280,96,96,0,280,280,96,96,0,0.026209197045508698,0.03703325504612138,88,93,5,2,2,2,10,17,12,6,39
212,63,63,55,55,0,84,84,59,59,0,63,63,55,55,0,0.00622893903808843,0.00622893903808843,56,56,0,-1,2,2,5,4,52,22,91
213,6,622,29,100,71,48,80,35,39,4,6,80,29,62,33,0.0005105687736138058,0.01592974573675074,35,76,41,2,4,3,10,1,12,49,23
214,0,616,1,100,99,0,41,1,31,30,0,25,1,42,41,0.0,0.0035059055788147996,1,48,47,2,-1,3,10,0,12,84,41
215,8,8,40,40,0,8,8,34,34,0,8,8,40,40,0,0.000442492937131965,0.000442492937131965,36,36,0,-1,4,4,2,2,93,63,50
216,0,616,1,100,99,0,36,1,40,39,0,23,1,47,46,0.0,0.003914360597705844,1,51,50,2,-1,3,5,0,80,85,70
217,100,100,74,74,0,100,100,80,80,0,100,100,80,80,0,0.07777664318050308,0.07777664318050308,100,100,0,-1,1,1,5,40,45,3,84
218,0,616,1,100,99,0,68,1,37,36,0,44,1,54,53,0.0,0.007828721195411689,1,64,63,2,-1,3,11,0,38,67,20
219,0,0,1,1,0,0,0,1,1,0,0,0,1,1,0,0.0,0.0,1,1,0,-1,-1,-1,3,0,94,82,59
220,580,1180,100,100,0,288,288,99,99,0,288,288,99,99,0,0.04894652643044351,0.06685047142516763,95,100,5,2,2,2,9,40,28,3,9
221,40,40,50,50,0,110,110,60,60,0,40,40,50,50,0,0.004561081044283332,0.004561081044283332,55,55,0,-1,3,3,10,6,11,73,96
222,221,421,93,100,7,72,72,80,80,0,72,72,80,80,0,0.03359542530378842,0.04384083869430545,91,96,5,3,2,2,3,29,76,0,6
223,100,100,69,69,0,100,100,55,55,0,100,100,69,69,0,0.05412029000306341,0.06150651826134314,99,99,0,2,1,1,8,29,30,11,24
224,16,16,36,36,0,40,40,40,40,0,16,16,36,36,0,0.0011913271384322134,0.0011913271384322134,39,39,0,-1,3,3,5,1,52,71,69
225,94,710,71,100,29,76,86,60,67,7,76,86,65,71,6,0.010687906327649,0.023384049831512304,70,85,15,2,3,3,6,9,69,27,30
226,1,207,26,93,67,4,20,26,34,8,1,20,26,47,21,0.00010211375472276115,0.010790020082371761,29,72,43,3,6,4,4,1,73,78,37
227,104,310,72,94,22,136,136,77,77,0,104,112,73,75,2,0.007794683277170768,0.008645631233193778,61,62,1,3,2,2,7,5,24,47,83
228,100,100,64,64,0,100,100,49,49,0,100,100,64,64,0,0.03516116954287076,0.03601211749889377,89,90,1,3,1,1,8,13,42,33,74
229,100,100,72,72,0,100,100,79,79,0,100,100,80,80,0,0.049218829776370876,0.04949113312229824,97,97,0,3,1,1,5,17,37,6,49
230,226,432,90,99,9,192,192,86,86,0,192,192,89,89,0,0.018006058749446885,0.018925082541951733,79,81,2,3,2,2,9,18,28,5,43
231,0,0,1,1,0,0,0,1,1,0,0,0,1,1,0,0.0,0.0,1,1,0,-1,-1,-1,11,0,38,81,45
232,254,254,91,91,0,314,314,89,89,0,254,254,91,91,0,0.014704380680077607,0.014704380680077607,74,74,0,-1,2,2,17,14,20,14,67
233,44,250,57,95,38,28,28,44,44,0,28,28,51,51,0,0.006977773239388679,0.012900371013308825,63,73,10,3,3,3,3,4,92,38,25
234,0,1640,1,100,99,0,196,1,69,68,0,196,1,87,86,0.0,0.028217434221723,1,90,89,1,-1,2,17,0,20,91,10
235,265,265,96,96,0,88,88,80,80,0,88,88,81,81,0,0.03420810783212499,0.03420810783212499,92,92,0,-1,2,2,4,30,77,7,84
236,54,670,60,100,40,64,64,68,68,0,54,64,62,69,7,0.008169100377820893,0.028659927158854966,64,90,26,2,3,3,4,4,78,38,30
237,196,402,87,100,13,120,120,85,85,0,120,120,87,87,0,0.020695054290479593,0.02209060893835733,82,84,2,3,2,2,6,18,74,5,94
238,161,777,90,100,10,56,56,76,76,0,56,56,77,77,0,0.02651553830967698,0.03604615541713469,90,95,5,2,2,2,2,15,68,16,38
239,100,100,63,63,0,100,100,39,39,0,100,100,63,63,0,0.054222403757786176,0.0601109636134654,100,100,0,2,1,1,14,40,17,3,77
240,0,616,1,100,99,0,38,1,52,51,0,38,1,54,53,0.0,0.011300588855985567,1,74,73,2,-1,3,3,0,64,40,25
241,32,1672,46,100,54,98,132,54,74,20,32,72,46,56,10,0.0019061234214915416,0.016712617856291908,43,79,36,1,3,2,8,2,10,52,90
242,38,1678,52,100,48,60,104,48,79,31,36,104,52,80,28,0.004016474352428605,0.053337417883522246,52,97,45,1,3,2,5,6,63,41,3
243,0,0,1,1,0,0,0,1,1,0,0,0,1,1,0,0.0,0.0,1,1,0,-1,-1,-1,3,0,64,91,76
244,66,168,69,93,24,32,32,64,64,0,32,32,64,64,0,0.010892133837094524,0.011198475101262807,71,71,0,4,3,3,2,9,89,27,63
245,70,276,59,93,34,126,126,63,63,0,70,82,59,60,1,0.004901460226692535,0.005956635692161067,58,61,3,3,3,3,11,6,38,28,51
246,9,111,42,84,42,12,12,35,35,0,12,12,42,42,0,0.0012594029749140542,0.002484768031587188,41,46,5,4,4,4,2,4,98,64,53
247,7,7,36,36,0,10,10,32,32,0,7,7,36,36,0,0.0004765308553728854,0.0004765308553728854,35,35,0,-1,4,4,3,2,58,56,79
248,175,175,88,88,0,120,120,80,80,0,120,120,81,81,0,0.024166921951053473,0.024166921951053473,88,88,0,-1,2,2,6,15,34,16,67
249,54,670,65,100,35,32,32,63,63,0,32,32,65,65,0,0.00803294870485721,0.03672691378195309,65,94,29,2,3,3,2,7,98,62,3
250,0,616,1,100,99,0,142,1,65,64,0,142,1,84,83,0.0,0.030566050580346504,1,91,90,2,-1,3,12,0,3,76,2
251,184,285,90,94,4,88,88,73,73,0,88,88,74,74,0,0.020558902617515914,0.020763130126961436,84,84,0,5,2,2,4,17,83,6,55
252,56,262,55,94,39,74,74,62,62,0,56,74,54,67,13,0.008237176214302734,0.013036522686272508,65,74,9,3,2,2,5,2,37,83,38
253,30,236,50,93,43,28,28,40,40,0,28,28,49,49,0,0.00445896728956057,0.01055175465468532,53,74,21,3,3,3,3,6,82,73,48
254,88,688,73,100,27,38,38,51,51,0,38,38,54,54,0,0.013104598522754349,0.028728002995336805,75,93,18,2,3,3,3,8,94,8,18
255,68,68,59,59,0,86,86,59,59,0,86,86,63,63,0,0.00878178290615746,0.00878178290615746,66,66,0,-1,3,3,6,7,41,48,86
256,158,1798,89,100,11,104,128,86,94,8,104,128,86,94,8,0.022601177711971135,0.06297014874570271,84,98,14,1,2,2,5,18,45,30,0
257,0,0,1,1,0,0,0,1,1,0,0,0,1,1,0,0.0,0.0,1,1,0,-1,-1,-1,2,0,93,85,80
258,29,235,52,97,45,22,22,49,49,0,22,22,50,50,0,0.003710133088260322,0.007250076585316042,51,63,12,3,3,3,2,4,93,22,47
259,0,1640,1,100,99,0,72,1,55,54,0,72,1,60,59,0.0,0.021341774737057083,1,85,84,1,-1,2,6,0,74,89,57
260,100,100,67,67,0,100,100,74,74,0,100,100,75,75,0,0.062357466217366146,0.06845025358249089,98,99,1,2,1,1,5,29,63,0,32
261,0,616,1,100,99,0,26,1,33,32,0,18,1,37,36,0.0,0.0026209197045508697,1,40,39,2,-1,3,6,0,51,87,83
262,22,22,38,38,0,80,80,42,42,0,22,22,38,38,0,0.0012594029749140542,0.0012594029749140542,39,39,0,-1,3,3,10,2,0,74,69
263,374,580,97,100,3,400,400,97,97,0,374,400,97,97,0,0.028217434221723,0.02913645801422785,88,89,1,3,2,2,16,15,4,16,74
264,24,230,48,96,48,38,38,47,47,0,24,38,48,52,4,0.002552843868069029,0.006262976956329351,47,60,13,3,3,3,3,6,75,70,57
265,192,192,95,95,0,96,96,90,90,0,96,96,90,90,0,0.024371149460498995,0.024371149460498995,89,89,0,-1,2,2,3,18,75,5,86
266,94,94,80,80,0,32,32,63,63,0,32,32,65,65,0,0.01232172640321318,0.01232172640321318,76,76,0,-1,3,3,2,14,98,14,59
267,216,317,96,100,4,32,32,70,70,0,32,32,70,70,0,0.030497974743864665,0.030532012662105586,93,93,0,5,3,3,2,29,95,11,65
268,18,224,40,89,49,66,66,37,37,0,18,48,40,52,12,0.0004765308553728854,0.005105687736138058,34,56,22,3,3,3,10,2,22,56,26
269,48,150,51,85,34,134,134,62,62,0,48,50,52,52,0,0.002110350930937064,0.002280540522141666,44,46,2,4,3,3,14,3,8,43,55
270,16,118,50,84,34,22,22,52,52,0,16,22,51,53,2,0.0031314884781646754,0.005003573981415297,53,57,4,4,3,3,2,3,86,46,83
271,44,44,58,58,0,54,54,60,60,0,44,44,58,58,0,0.007216038667075122,0.007216038667075122,62,62,0,-1,3,3,4,7,78,62,79
272,335,541,99,100,1,72,72,87,87,0,72,72,87,87,0,0.04527043126042411,0.046359644644133564,96,96,0,3,2,2,3,40,55,3,52
273,138,344,84,96,12,100,100,66,66,0,100,100,72,72,0,0.010041185881071514,0.01245787807617686,68,74,6,3,2,2,6,9,44,31,73
274,22,124,47,82,35,28,28,40,40,0,22,28,47,48,1,0.0020763130126961434,0.003165526396405596,45,50,5,4,3,3,3,2,82,83,74
275,36,242,50,93,43,84,84,46,46,0,36,42,50,54,4,0.004969536063174376,0.005412029000306341,56,58,2,3,3,3,9,6,28,73,42
276,66,167,61,88,27,96,96,61,61,0,66,96,61,68,7,0.01055175465468532,0.01058579257292624,72,73,1,6,3,3,6,6,48,77,68
277,22,638,42,100,58,82,82,48,48,0,22,56,42,55,13,0.0016678579938050988,0.007624493685966166,44,60,16,2,3,3,7,2,24,61,72
278,78,78,72,72,0,56,56,82,82,0,56,56,82,82,0,0.015317063208414174,0.015317063208414174,78,78,0,-1,2,2,2,4,89,72,96
279,66,272,61,97,36,54,54,56,56,0,54,54,57,57,0,0.006535280302256714,0.007692569522448007,55,62,7,3,3,3,4,6,67,13,43
280,100,100,78,78,0,100,100,96,96,0,100,100,96,96,0,0.05565199632390483,0.05565199632390483,98,98,0,-1,1,1,3,8,81,57,98
281,0,1640,1,100,99,0,168,1,66,65,0,168,1,84,83,0.0,0.0353994349705572,1,94,93,1,-1,2,14,0,25,80,2
282,42,143,50,82,32,116,116,55,55,0,42,43,50,50,0,0.0007828721195411688,0.00088498587426393,37,37,0,5,2,2,14,2,17,56,55
283,564,764,100,100,0,336,336,100,100,0,336,336,100,100,0,0.04615541713468804,0.04738078219136117,98,98,0,3,2,2,12,40,2,3,43
284,0,616,1,100,99,0,52,1,47,46,0,52,1,54,53,0.0,0.012117498893767658,1,72,71,2,-1,3,6,1,65,45,39
285,0,1640,1,100,99,0,210,1,71,70,0,210,1,92,91,0.0,0.03580788998944825,1,94,93,1,-1,2,16,0,4,87,2
286,22,228,45,91,46,32,40,40,40,0,22,40,45,53,8,0.0020082371762143027,0.006841621566424997,45,62,17,3,3,3,5,3,80,51,72
287,0,1640,1,100,99,0,96,1,52,51,0,96,1,63,62,0.0,0.02552843868069029,1,88,87,1,-1,2,7,0,46,98,5
288,2,208,26,89,63,6,14,26,31,5,2,10,26,35,9,3.4037918240920386e-05,0.002280540522141666,26,47,21,3,5,4,5,1,61,68,75
289,84,186,74,93,19,22,22,48,48,0,22,22,51,51,0,0.011130399264780965,0.01147077844719017,71,71,0,4,3,3,2,9,95,27,74
290,104,104,75,75,0,132,132,75,75,0,104,104,76,76,0,0.007147962830593281,0.007147962830593281,60,60,0,-1,2,2,8,6,10,26,92
291,78,78,72,72,0,72,72,77,77,0,72,72,79,79,0,0.009632730862180468,0.009632730862180468,69,69,0,-1,2,2,3,4,96,72,87
292,46,46,52,52,0,98,98,52,52,0,46,46,53,53,0,0.0029612988869600733,0.0029612988869600733,46,46,0,-1,2,2,9,2,31,52,59
293,42,42,51,51,0,76,76,49,49,0,40,40,50,50,0,0.00353994349705572,0.00353994349705572,49,49,0,-1,3,3,6,6,40,41,97
294,92,298,72,97,25,54,54,55,55,0,54,54,60,60,0,0.012049423057285817,0.019265461724360937,75,83,8,3,3,3,4,8,73,17,32
295,100,100,61,61,0,100,100,43,43,0,100,100,61,61,0,0.03536539705231628,0.04094761564382722,95,97,2,2,1,1,12,19,2,15,44
296,0,1640,1,100,99,0,134,1,65,64,0,134,1,80,79,0.0,0.028864154668300487,1,88,87,1,-1,2,10,0,1,84,9
297,125,125,76,76,0,204,204,79,79,0,125,125,76,76,0,0.00891793457912114,0.00891793457912114,61,61,0,-1,2,2,11,8,5,57,40
298,94,300,77,100,23,32,32,69,69,0,32,32,69,69,0,0.021035433472888797,0.033935804486197624,86,93,7,3,3,3,2,20,93,23,12
299,495,1111,98,100,2,304,304,98,98,0,304,304,98,98,0,0.036454610436025735,0.0402328193607679,92,94,2,2,2,2,10,30,12,7,22
300,24,640,47,100,53,46,56,43,48,5,24,56,47,57,10,0.002825147213996392,0.0228734810578985,47,83,36,2,3,3,6,6,69,70,7
301,70,686,59,100,41,128,128,73,73,0,70,128,59,80,21,0.005956635692161067,0.02818339630348208,57,89,32,2,3,3,8,5,21,47,0
302,234,440,93,99,6,182,182,82,82,0,182,182,88,88,0,0.02049082678103407,0.021750229755948126,84,84,0,3,2,2,9,16,28,12,83
303,24,230,51,94,43,34,34,44,44,0,24,34,51,54,3,0.0030634126416828346,0.006399128629293032,50,62,12,3,3,3,4,6,72,70,29
304,22,22,45,45,0,46,46,41,41,0,22,22,45,45,0,0.0018720855032506212,0.0018720855032506212,44,44,0,-1,3,3,6,2,59,52,36
305,180,380,90,99,9,94,94,75,75,0,94,94,75,75,0,0.023315973995030465,0.02889819258654141,84,89,5,3,2,2,5,16,49,12,32
306,226,432,94,100,6,72,72,77,77,0,72,72,77,77,0,0.03311889444841554,0.04183260151809115,93,95,2,3,2,2,3,27,64,10,5
307,2,618,25,100,75,6,28,25,33,8,2,18,25,38,13,0.0,0.004186663943633207,1,50,49,2,5,3,5,2,50,58,46
308,100,100,80,80,0,100,100,98,98,0,100,100,98,98,0,0.09547636066578168,0.10483678818203479,100,100,0,2,1,1,2,16,93,18,64
309,40,1680,47,100,53,45,124,39,89,50,40,124,47,89,42,0.006977773239388679,0.04510024166921951,56,99,43,1,2,2,6,1,51,78,7
310,0,0,1,1,0,0,0,1,1,0,0,0,1,1,0,0.0,0.0,1,1,0,-1,-1,-1,10,0,11,79,69
311,2,618,29,100,71,5,20,30,41,11,2,20,29,46,17,0.0002042275094455223,0.008101024541339052,32,66,34,2,5,3,3,1,60,65,83
312,174,790,87,100,13,224,224,87,87,0,174,224,87,93,6,0.019878144252697506,0.0352292453793526,80,92,12,2,2,2,11,12,19,37,16
313,78,78,62,62,0,142,142,78,78,0,78,78,62,62,0,0.00789679703189353,0.00789679703189353,63,63,0,-1,2,2,8,7,21,62,87
314,62,62,57,57,0,154,154,71,71,0,62,62,57,57,0,0.0038462847612240037,0.0038462847612240037,53,53,0,-1,2,2,10,6,1,70,36
315,0,206,1,93,92,0,20,1,34,33,0,20,1,47,46,0.0,0.009088124170325743,1,67,66,3,-1,4,4,0,73,85,39
316,0,0,1,1,0,0,0,1,1,0,0,0,1,1,0,0.0,0.0,1,1,0,-1,-1,-1,5,1,88,69,98
317,50,256,61,95,34,38,38,55,55,0,38,38,58,58,0,0.004731270635487933,0.007386228258279724,56,64,8,3,3,3,3,5,76,47,22
318,22,638,43,100,57,78,78,49,49,0,22,78,43,61,18,0.0016678579938050988,0.01058579257292624,44,66,22,2,3,3,8,2,21,61,17
319,16,632,33,100,67,56,76,41,48,7,16,76,33,55,22,0.00176997174852786,0.02021852343510671,41,84,43,2,3,3,6,1,40,71,1
320,100,100,69,69,0,100,100,55,55,0,100,100,69,69,0,0.05412029000306341,0.05766023350011913,99,99,0,3,1,1,8,29,30,11,22
321,544,1144,100,100,0,288,288,98,98,0,288,288,98,98,0,0.05320126621055856,0.06708873685285408,99,100,1,2,2,2,9,36,54,2,9
322,188,788,86,100,14,230,230,73,73,0,188,230,86,88,2,0.012594029749140543,0.02130773681881616,70,85,15,2,2,2,16,14,9,32,33
323,124,226,77,90,13,210,210,81,81,0,124,126,77,77,0,0.012049423057285817,0.012117498893767658,70,70,0,4,2,2,12,6,14,34,60
324,22,124,46,87,41,28,28,43,43,0,22,28,46,49,3,0.0019061234214915416,0.0027911092957554717,45,50,5,4,3,3,3,3,66,51,64
325,218,1818,90,100,10,256,256,85,85,0,218,256,90,91,1,0.010892133837094524,0.026277272881990537,70,88,18,1,2,2,14,13,16,24,19
326,216,318,91,96,5,176,176,87,87,0,176,176,91,91,0,0.02130773681881616,0.02130773681881616,85,85,0,4,2,2,8,18,15,30,65
327,234,1834,93,100,7,182,182,82,82,0,182,182,88,88,0,0.02049082678103407,0.04230913237346404,84,94,10,1,2,2,9,16,28,12,23
328,0,206,1,90,89,0,36,1,34,33,0,6,1,28,27,0.0,0.0018380475850097008,1,44,43,3,-1,4,8,0,30,81,53
329,16,16,42,42,0,22,22,42,42,0,16,16,42,42,0,0.0023486163586235067,0.0023486163586235067,47,47,0,-1,3,3,2,2,68,94,50
330,2,2,25,25,0,6,6,25,25,0,2,2,25,25,0,0.0,0.0,1,1,0,-1,5,5,5,1,50,68,87
331,6,6,30,30,0,7,7,30,30,0,6,6,30,30,0,0.0002723033459273631,0.0002723033459273631,31,31,0,-1,4,4,2,1,91,78,80
332,204,820,92,100,8,120,120,86,86,0,120,120,86,86,0,0.02021852343510671,0.03710133088260322,85,95,10,2,2,2,6,16,65,12,9
333,1,1,25,25,0,2,2,25,25,0,1,1,25,25,0,6.807583648184077e-05,6.807583648184077e-05,29,29,0,-1,6,6,2,1,86,78,87
334,6,212,29,89,60,21,54,29,36,7,6,54,29,55,26,0.0,0.008305252050784574,1,64,63,3,4,4,9,1,28,95,32
335,74,280,64,95,31,64,64,68,68,0,64,64,69,69,0,0.010143299635794275,0.011130399264780965,72,74,2,3,3,3,4,9,73,27,61
336,102,718,80,100,20,62,62,80,80,0,62,62,81,81,0,0.020797168045202357,0.03512713162462984,83,94,11,2,2,2,3,9,94,39,37
337,246,348,90,94,4,200,200,93,93,0,200,200,93,93,0,0.024166921951053473,0.024405187378739916,86,86,0,4,2,2,8,16,27,18,55
338,199,815,91,100,9,168,168,87,87,0,168,168,89,89,0,0.02396269444160795,0.04853807141155247,86,97,11,2,2,2,9,15,35,16,0
339,12,12,35,35,0,46,46,35,35,0,12,12,35,35,0,0.0004765308553728854,0.0004765308553728854,37,37,0,-1,4,4,9,2,28,63,84
340,156,362,85,95,10,214,214,86,86,0,156,162,85,85,0,0.01756356581231492,0.018482589604819768,80,80,0,3,2,2,11,9,33,39,71
341,0,616,1,100,99,0,76,1,40,39,0,54,1,52,51,0.0,0.008747744987916539,1,68,67,2,-1,3,10,0,1,66,17
342,213,413,91,98,7,176,176,85,85,0,176,176,89,89,0,0.026073045372545015,0.027060145001531706,88,88,0,3,2,2,8,20,30,23,43
343,100,100,64,64,0,100,100,57,57,0,100,100,65,65,0,0.07008407365805508,0.07127540079648728,100,100,0,3,1,1,8,40,10,3,64
344,195,195,93,93,0,96,96,93,93,0,96,96,93,93,0,0.02644746247319514,0.02644746247319514,89,89,0,-1,2,2,3,16,58,12,69
345,6,6,29,29,0,28,28,30,30,0,6,6,29,29,0,6.807583648184077e-05,6.807583648184077e-05,27,27,0,-1,4,4,12,1,3,95,67
346,2,208,28,89,61,10,28,29,33,4,2,28,28,43,15,0.0002723033459273631,0.0063650907110521125,32,54,22,3,5,4,6,1,71,55,44
347,0,206,1,93,92,0,26,1,35,34,0,19,1,44,43,0.0,0.0033357159876101976,1,49,48,3,-1,4,5,0,49,87,22
348,87,293,76,98,22,32,32,63,63,0,32,32,64,64,0,0.014908608189523128,0.018074134585928724,76,82,6,3,3,3,2,13,86,33,47
349,16,632,36,100,64,50,60,45,48,3,16,41,36,50,14,0.002825147213996392,0.006875659484665918,48,58,10,2,3,3,5,3,52,46,41
350,40,656,48,100,52,45,76,38,53,15,40,74,48,65,17,0.01055175465468532,0.016202049082678104,69,76,7,2,2,2,6,2,56,58,62
351,0,102,1,82,81,0,6,1,27,26,0,2,1,27,26,0.0,0.00030634126416828345,1,33,32,4,-1,5,4,0,78,80,49
352,0,206,1,93,92,0,18,1,33,32,0,8,1,36,35,0.0,0.0010892133837094523,1,38,37,3,-1,4,5,0,49,97,52
353,125,226,86,94,8,38,38,57,57,0,38,38,59,59,0,0.019061234214915415,0.019095272133156337,85,85,0,6,3,3,3,16,55,18,58
354,22,228,41,89,48,78,86,39,41,2,22,66,41,54,13,0.0011913271384322134,0.010381565063480718,38,67,29,3,3,3,11,2,5,74,39
355,0,206,1,90,89,0,16,1,31,30,0,7,1,35,34,0.0,0.0002382654276864427,1,33,32,3,-1,4,6,0,44,36,56
356,80,696,59,100,41,142,152,78,81,3,80,118,59,79,20,0.006433166547533953,0.01147077844719017,57,72,15,2,2,2,8,3,10,29,13
357,136,752,82,100,18,184,184,83,83,0,136,184,82,91,9,0.014908608189523128,0.024405187378739916,77,85,8,2,2,2,10,8,1,20,33
358,246,452,93,100,7,64,64,63,63,0,64,64,64,64,0,0.03179141563701964,0.03427618366860683,90,91,1,3,3,3,4,29,79,0,35
359,16,632,48,100,52,22,22,52,52,0,16,22,51,54,3,0.0033016780693692774,0.017972020831205963,52,83,31,2,3,3,2,3,98,46,19
360,100,100,64,64,0,100,100,45,45,0,100,100,64,64,0,0.04401102828551006,0.04935498144933456,96,96,0,2,1,1,10,15,18,16,26
361,0,102,1,73,72,0,10,1,28,27,0,6,1,28,27,0.0,0.0010892133837094523,1,39,38,4,-1,5,5,0,61,91,43
362,202,818,94,100,6,96,96,92,92,0,96,96,92,92,0,0.02648150039143606,0.0298852922155281,90,91,1,2,2,2,3,18,96,5,53
363,100,100,63,63,0,100,100,45,45,0,100,100,63,63,0,0.05000170189591205,0.05000170189591205,97,97,0,-1,1,1,11,29,19,1,50
364,0,616,1,100,99,0,62,1,42,41,0,62,1,57,56,0.0,0.009530617107457708,1,66,65,2,-1,3,7,0,24,89,19
365,0,0,1,1,0,0,0,1,1,0,0,0,1,1,0,0.0,0.0,1,1,0,-1,-1,-1,4,0,77,81,91
366,12,113,36,85,49,14,14,32,32,0,12,13,36,40,4,0.0012934408931549745,0.0012934408931549745,41,41,0,6,4,4,3,3,96,51,68
367,14,116,41,86,45,18,18,36,36,0,14,18,41,44,3,0.0011232513019503727,0.0013955546478777359,38,41,3,4,4,4,3,4,66,64,55
368,0,616,1,100,99,0,70,1,37,36,0,34,1,48,47,0.0,0.0046972327172470135,1,55,54,2,-1,3,10,0,18,66,72
369,6,622,32,100,68,12,32,36,57,21,6,32,32,58,26,0.0006126825283365669,0.011266550937744648,37,73,36,2,4,3,2,2,68,42,38
370,28,644,49,100,51,46,66,42,53,11,28,66,49,59,10,0.0014295925661186562,0.01592974573675074,41,79,38,2,3,3,6,4,74,64,37
371,0,206,1,92,91,0,13,1,29,28,0,7,1,34,33,0.0,0.0005786446100956465,1,35,34,3,-1,4,5,0,63,87,56
372,0,616,1,100,99,0,56,1,32,31,0,18,1,37,36,0.0,0.0015317063208414173,1,41,40,2,-1,3,15,0,7,76,52
373,100,100,66,66,0,100,100,67,67,0,100,100,73,73,0,0.06783757105415433,0.06783757105415433,99,99,0,-1,1,1,5,30,52,7,86
374,8,624,31,100,69,20,44,30,43,13,8,44,31,49,18,0.00037441710065012424,0.016474352428605468,31,80,49,2,4,3,4,2,67,56,37
375,100,100,64,64,0,100,100,45,45,0,100,100,64,64,0,0.024881718234112803,0.024881718234112803,86,86,0,-1,1,1,10,13,18,24,96
376,6,6,29,29,0,24,24,30,30,0,6,6,29,29,0,6.807583648184077e-05,6.807583648184077e-05,29,29,0,-1,4,4,8,1,30,95,89
377,0,206,1,87,86,0,64,1,34,33,0,15,1,33,32,0.0,0.0029612988869600733,1,49,48,3,-1,4,16,0,9,87,41
378,606,1222,100,100,0,400,400,99,99,0,400,400,99,99,0,0.052554545763981074,0.062323428299125225,99,100,1,2,2,2,13,36,13,2,19
379,0,0,1,1,0,0,0,1,1,0,0,0,1,1,0,0.0,0.0,1,1,0,-1,-1,-1,3,1,82,45,86
380,16,16,38,38,0,34,34,39,39,0,16,16,38,38,0,0.0012594029749140542,0.0012594029749140542,39,39,0,-1,3,3,4,1,53,71,36
381,16,222,36,90,54,52,52,39,39,0,16,22,36,42,6,0.001055175465468532,0.003165526396405596,38,47,9,3,3,3,7,1,43,71,46
382,78,179,69,93,24,56,56,76,76,0,56,56,77,77,0,0.010483678818203479,0.01055175465468532,72,73,1,5,2,2,2,4,68,72,60
383,0,206,1,96,95,0,7,1,30,29,0,6,1,30,29,0.0,0.0020082371762143027,1,42,41,3,-1,4,2,0,99,84,55
384,161,263,90,97,7,56,56,76,76,0,56,56,77,77,0,0.02651553830967698,0.02825147213996392,90,91,1,4,2,2,2,15,68,16,75
385,93,299,78,98,20,32,32,63,63,0,32,32,64,64,0,0.01681473161101467,0.02396269444160795,78,86,8,3,3,3,2,9,86,39,27
386,495,495,98,98,0,304,304,98,98,0,304,304,98,98,0,0.036454610436025735,0.036454610436025735,92,92,0,-1,2,2,10,30,12,7,87
387,0,616,1,100,99,0,28,1,35,34,0,28,1,50,49,0.0,0.00439089145307873,1,54,53,2,-1,3,5,0,61,97,35
388,0,616,1,100,99,0,55,1,38,37,0,32,1,45,44,0.0,0.004288777698355968,1,52,51,2,-1,3,8,0,10,98,29
389,62,1702,55,100,45,100,144,66,89,23,62,144,55,89,34,0.005173763572619898,0.050444194833044013,54,96,42,1,2,2,6,3,59,54,2
390,107,707,84,100,16,32,32,71,71,0,32,32,71,71,0,0.015146873617209572,0.02542632492596753,76,90,14,2,3,3,2,15,99,19,5
391,2,2,27,27,0,22,22,29,29,0,2,2,27,27,0,0.0002723033459273631,0.0002723033459273631,32,32,0,-1,5,5,12,1,14,55,91
392,72,72,55,55,0,130,130,62,62,0,72,72,55,55,0,0.0024166921951053475,0.0024166921951053475,45,45,0,-1,2,2,11,4,5,64,85
393,34,34,49,49,0,106,106,58,58,0,34,34,49,49,0,0.0013274788113958951,0.0013274788113958951,40,40,0,-1,3,3,11,4,19,64,79
394,0,616,1,100,99,0,68,1,44,43,0,60,1,53,52,0.0,0.009054086252084823,1,66,65,2,-1,3,7,0,46,80,28
395,24,640,44,100,56,68,88,42,46,4,24,88,44,66,22,0.0013274788113958951,0.019946220089179345,40,83,43,2,3,3,8,4,39,64,9
396,72,278,57,91,34,144,144,63,63,0,72,96,57,62,5,0.0020082371762143027,0.007182000748834201,43,60,17,3,2,2,14,3,17,43,34
397,82,698,72,100,28,46,46,82,82,0,46,46,82,82,0,0.015521290717859695,0.02559651451717213,79,88,9,2,2,2,2,8,95,20,17
398,0,0,1,1,0,0,0,1,1,0,0,0,1,1,0,0.0,0.0,1,1,0,-1,-1,-1,13,0,13,98,96
399,78,694,63,100,37,56,66,49,53,4,56,66,58,61,3,0.010619830491167161,0.03260832567480173,69,91,22,2,3,3,6,8,69,8,10
400,282,1882,96,100,4,288,288,97,97,0,288,288,97,97,0,0.026209197045508698,0.041219918989754585,88,93,5,1,2,2,12,20,14,23,19
401,84,84,66,66,0,64,64,61,61,0,64,64,64,64,0,0.009564655025698629,0.009564655025698629,66,66,0,-1,2,2,5,9,49,31,97
402,16,222,33,91,58,52,64,36,40,4,16,44,33,50,17,0.0005786446100956465,0.007352190340038803,35,62,27,3,3,3,9,1,31,49,77
403,281,881,96,100,4,358,358,95,95,0,281,358,96,98,2,0.026958031246808945,0.030497974743864665,88,90,2,2,2,2,17,20,20,23,28
404,240,840,94,100,6,176,176,87,87,0,176,176,91,91,0,0.020524864699274992,0.024881718234112803,83,86,3,2,2,2,8,18,15,5,62
405,0,1640,1,100,99,0,138,1,62,61,0,122,1,82,81,0.0,0.017121072875182955,1,76,75,1,-1,2,14,0,17,80,19
406,0,206,1,91,90,0,31,1,31,30,0,12,1,32,31,0.0,0.0012594029749140542,1,39,38,3,-1,4,10,0,0,87,51
407,100,100,77,77,0,100,100,96,96,0,100,100,96,96,0,0.07610878518669797,0.08597978147656489,98,99,1,3,1,1,3,20,66,23,6
408,0,0,1,1,0,0,0,1,1,0,0,0,1,1,0,0.0,0.0,1,1,0,-1,-1,-1,3,0,60,92,67
409,24,24,42,42,0,116,116,55,55,0,24,24,42,42,0,0.0020763130126961434,0.0020763130126961434,44,44,0,-1,3,3,14,3,17,54,69
410,62,62,52,52,0,154,154,66,66,0,62,62,52,52,0,0.003778208924742163,0.003778208924742163,51,51,0,-1,2,2,10,6,0,70,59
411,520,1120,100,100,0,192,192,100,100,0,192,192,100,100,0,0.04748289594608394,0.0567752476258552,97,99,2,2,2,2,6,40,41,3,39
412,114,114,79,79,0,234,234,76,76,0,114,114,79,79,0,0.006501242384015794,0.006501242384015794,58,58,0,-1,2,2,16,6,4,28,81
413,66,272,58,96,38,110,110,76,76,0,64,110,57,80,23,0.006024711528642908,0.012049423057285817,57,72,15,3,2,2,6,6,59,41,21
414,207,207,93,93,0,96,96,89,89,0,96,96,89,89,0,0.02569862827189489,0.02569862827189489,89,89,0,-1,2,2,3,17,64,6,85
415,98,98,81,81,0,32,32,63,63,0,32,32,65,65,0,0.017018959120460194,0.017018959120460194,82,82,0,-1,3,3,2,12,98,37,96
416,0,616,1,100,99,0,24,1,44,43,0,24,1,50,49,0.0,0.009530617107457708,1,65,64,2,-1,3,3,0,85,99,8
417,24,640,49,100,51,18,22,47,53,6,18,22,49,53,4,0.0018040096667687805,0.023452125667994147,42,89,47,2,3,3,2,4,99,64,7
418,0,0,1,1,0,0,0,1,1,0,0,0,1,1,0,0.0,0.0,1,1,0,-1,-1,-1,8,1,42,50,82
419,560,766,100,100,0,272,272,100,100,0,272,272,100,100,0,0.0489124885122026,0.050444194833044013,97,97,0,3,2,2,8,40,30,3,75
420,0,616,1,100,99,0,94,1,37,36,0,70,1,55,54,0.0,0.007147962830593281,1,58,57,2,-1,3,15,0,7,93,31
421,16,222,41,94,53,24,24,43,43,0,16,24,42,50,8,0.0007488342013002485,0.007862759113652609,36,60,24,3,3,3,3,1,55,49,17
422,87,1687,68,100,32,100,100,71,71,0,100,100,75,75,0,0.008986010415602982,0.03761189965621702,68,92,24,1,2,2,6,8,32,57,11
423,0,102,1,75,74,0,12,1,29,28,0,4,1,31,30,0.0,0.0007147962830593281,1,36,35,4,-1,5,6,0,44,76,74
424,84,186,70,91,21,38,38,53,53,0,38,38,55,55,0,0.011300588855985567,0.01157289220191293,72,73,1,4,3,3,3,8,64,8,88
425,6,622,29,100,71,21,60,29,37,8,6,47,29,54,25,0.00010211375472276115,0.007658531604207087,30,61,31,2,4,3,9,1,28,65,34
426,100,100,67,67,0,100,100,54,54,0,100,100,67,67,0,0.037679975492698865,0.07576840600428877,95,100,5,1,1,1,9,19,35,15,2
427,0,616,1,100,99,0,28,1,42,41,0,28,1,49,48,0.0,0.016236087000919025,1,82,81,2,-1,3,3,0,75,96,16
428,100,100,70,70,0,100,100,68,68,0,100,100,73,73,0,0.03264236359304265,0.036624800027230335,90,92,2,2,1,1,6,7,48,62,41
429,2,2,26,26,0,12,12,27,27,0,2,2,26,26,0,0.0,0.0,1,1,0,-1,5,5,10,1,18,68,99
430,100,100,67,67,0,100,100,54,54,0,100,100,67,67,0,0.06831410190952722,0.07352190340038803,100,100,0,2,1,1,9,36,35,2,62
431,100,100,67,67,0,100,100,57,57,0,100,100,67,67,0,0.04309200449300521,0.05636679260696416,97,98,1,2,1,1,8,16,21,18,23
432,54,670,53,100,47,76,76,54,54,0,54,76,53,59,6,0.006535280302256714,0.013138636440995268,59,74,15,2,3,3,6,7,41,62,26
433,26,232,54,100,46,12,12,39,39,0,12,12,44,44,0,0.004050512270669526,0.015555328636100617,51,79,28,3,4,4,2,6,97,35,18
434,70,1710,55,100,45,108,142,63,77,14,54,142,51,81,30,0.005003573981415297,0.025392287007726607,53,85,32,1,3,2,8,6,27,41,8
435,0,616,1,100,99,0,60,1,39,38,0,60,1,54,53,0.0,0.018857006705469893,1,82,81,2,-1,3,9,0,35,91,1
436,127,227,89,96,7,32,32,70,70,0,32,32,70,70,0,0.021137547227611558,0.02117158514585248,85,85,0,5,3,3,2,16,95,18,65
437,432,432,99,99,0,200,200,93,93,0,200,200,93,93,0,0.037373634228530586,0.037373634228530586,97,97,0,-1,2,2,8,30,27,7,98
438,0,206,1,89,88,0,36,1,35,34,0,8,1,35,34,0.0,0.0038462847612240037,1,52,51,3,-1,4,8,0,57,91,29
439,6,6,30,30,0,21,21,31,31,0,6,6,30,30,0,0.00013615167296368154,0.00013615167296368154,31,31,0,-1,4,4,9,1,54,60,82
440,44,250,58,95,37,38,38,52,52,0,38,38,55,55,0,0.006501242384015794,0.007386228258279724,63,65,2,3,3,3,3,4,66,38,88
441,0,206,1,89,88,0,36,1,31,30,0,15,1,33,32,0.0,0.002723033459273631,1,48,47,3,-1,4,12,0,14,97,73
442,22,22,42,42,0,66,66,37,37,0,22,22,42,42,0,0.0011232513019503727,0.0011232513019503727,38,38,0,-1,3,3,10,2,22,74,99
443,0,616,1,100,99,0,48,1,36,35,0,48,1,55,54,0.0,0.007692569522448007,1,60,59,2,-1,3,7,0,24,89,14
444,67,67,66,66,0,60,60,55,55,0,60,60,60,60,0,0.007386228258279724,0.007386228258279724,63,63,0,-1,3,3,5,8,70,44,76
445,16,632,36,100,64,56,66,41,46,5,16,66,36,54,18,0.0028932230504782326,0.017155110793423873,40,80,40,2,3,3,6,2,71,94,30
446,60,60,61,61,0,54,54,55,55,0,54,54,60,60,0,0.006297014874570271,0.006297014874570271,58,58,0,-1,3,3,4,6,73,28,97
447,278,1918,93,100,7,300,334,89,96,7,278,334,93,97,4,0.017325300384628477,0.0530991524558358,79,98,19,1,2,2,14,14,16,14,3
448,161,367,90,99,9,56,56,76,76,0,56,56,77,77,0,0.02651553830967698,0.03652268627250757,90,95,5,3,2,2,2,15,68,16,39
449,80,286,64,95,31,70,70,56,56,0,80,70,69,63,-6,0.005786446100956465,0.006126825283365669,56,58,2,3,3,3,5,5,37,47,63
450,6,622,28,100,72,26,56,31,37,6,6,34,28,46,18,0.00037441710065012424,0.004561081044283332,32,54,22,2,4,3,9,1,31,4,26
451,98,304,72,95,23,80,80,68,68,0,80,80,72,72,0,0.012968446849790666,0.018176248340651485,74,80,6,3,3,3,5,8,88,8,34
452,0,0,1,1,0,0,0,1,1,0,0,0,1,1,0,0.0,0.0,1,1,0,-1,-1,-1,3,0,75,92,93
453,0,616,1,100,99,0,142,1,65,64,0,142,1,84,83,0.0,0.03008951972497362,1,90,89,2,-1,3,12,0,3,93,2
454,0,102,1,78,77,0,10,1,32,31,0,2,1,28,27,0.0,0.00037441710065012424,1,32,31,4,-1,5,5,0,88,80,42
455,40,40,44,44,0,128,128,59,59,0,40,40,44,44,0,0.0019741992579733825,0.0019741992579733825,43,43,0,-1,2,2,14,1,8,71,59
456,124,740,78,100,22,144,144,91,91,0,124,144,90,91,1,0.012968446849790666,0.031110657272201234,74,92,18,2,2,2,6,7,51,21,16
457,235,441,95,100,5,72,72,87,87,0,72,72,87,87,0,0.0337315769767521,0.03788420300214439,92,92,0,3,2,2,3,29,55,0,25
458,6,6,29,29,0,37,37,34,34,0,6,6,29,29,0,0.0004084550188910446,0.0004084550188910446,34,34,0,-1,4,4,9,1,23,88,84
459,0,101,1,76,75,0,8,1,25,24,0,1,1,25,24,0.0,3.4037918240920386e-05,1,26,25,5,-1,6,8,0,39,81,95
460,6,6,33,33,0,8,8,33,33,0,6,6,33,33,0,0.00034037918240920387,0.00034037918240920387,35,35,0,-1,4,4,2,1,89,49,36
461,156,258,84,94,10,106,106,74,74,0,106,106,79,79,0,0.012525953912658701,0.012798257258586064,73,74,1,4,2,2,7,14,62,14,60
462,0,101,1,82,81,0,2,1,25,24,0,1,1,25,24,0.0,3.4037918240920386e-05,1,26,25,5,-1,6,2,0,90,80,65
463,162,263,84,94,10,112,112,75,75,0,112,112,78,78,0,0.012491915994417782,0.012525953912658701,73,73,0,5,3,3,7,14,43,14,58
464,72,688,54,100,46,208,208,74,74,0,72,124,55,80,25,0.0033357159876101976,0.010926171755335444,51,67,16,2,2,2,14,6,25,70,17
465,16,16,34,34,0,132,132,63,63,0,16,16,34,34,0,0.002586881786309949,0.002586881786309949,46,46,0,-1,3,3,12,3,3,46,86
466,100,100,80,80,0,100,100,98,98,0,100,100,98,98,0,0.08305252050784574,0.08696688110555159,99,99,0,3,1,1,2,7,89,62,90
467,0,206,1,92,91,0,20,1,35,34,0,20,1,50,49,0.0,0.006501242384015794,1,60,59,3,-1,4,4,0,78,84,27
468,362,463,97,99,2,224,224,97,97,0,224,224,97,97,0,0.037509785901494265,0.037509785901494265,93,93,0,5,2,2,8,27,57,10,95
469,100,100,73,73,0,100,100,96,96,0,100,100,96,96,0,0.07059464243166888,0.07992103202968107,98,100,2,2,1,1,3,16,64,12,77
470,6,108,33,84,51,12,12,37,37,0,6,12,33,40,7,0.0007488342013002485,0.002110350930937064,38,44,6,4,4,4,2,2,89,42,83
471,122,328,80,95,15,118,118,70,70,0,122,118,80,80,0,0.011879233466081215,0.012662105585622384,72,73,1,3,2,2,9,8,35,8,74
472,0,1640,1,100,99,0,96,1,46,45,0,94,1,62,61,0.0,0.017257224548146634,1,80,79,1,-1,2,10,0,22,80,31
473,244,346,94,97,3,206,206,95,95,0,206,206,95,95,0,0.021818305592429966,0.02219272269308009,82,82,0,4,2,2,9,18,26,5,74
474,0,616,1,100,99,0,60,1,36,35,0,36,1,47,46,0.0,0.004356853534837809,1,55,54,2,-1,3,11,0,38,81,26
475,0,206,1,94,93,0,20,1,33,32,0,8,1,34,33,0.0,0.0012253650566731338,1,40,39,3,-1,4,6,0,32,96,52
476,2,208,27,94,67,6,14,30,36,6,2,14,27,42,15,0.00010211375472276115,0.00439089145307873,29,55,26,3,5,4,3,1,81,4,38
477,358,974,98,100,2,312,312,98,98,0,312,312,98,98,0,0.02491575615235372,0.03315293236665646,88,90,2,2,2,2,12,19,6,15,77
478,32,238,49,95,46,28,28,45,45,0,32,28,55,49,-6,0.004322815616596889,0.015521290717859695,51,80,29,3,3,3,3,3,60,29,12
479,0,0,1,1,0,0,0,1,1,0,0,0,1,1,0,0.0,0.0,1,1,0,-1,-1,-1,3,0,92,80,67
480,100,100,69,69,0,100,100,66,66,0,100,100,72,72,0,0.02910242009598693,0.03175737771877872,89,89,0,3,1,1,6,4,44,22,73
481,0,616,1,100,99,0,28,1,42,41,0,16,1,41,40,0.0,0.00353994349705572,1,49,48,2,-1,3,3,0,96,86,53
482,405,1005,98,100,2,184,184,94,94,0,184,184,94,94,0,0.035739814152966405,0.044623710813846626,93,97,4,2,2,2,7,29,43,1,19
483,70,686,59,100,41,128,128,73,73,0,70,128,59,80,21,0.005956635692161067,0.02818339630348208,57,89,32,2,3,3,8,5,21,47,0
484,162,264,85,94,9,194,194,78,78,0,162,164,85,85,0,0.010960209673576363,0.011164437183021887,69,69,0,4,2,2,11,9,19,31,88
485,16,632,43,100,57,28,38,46,60,14,16,38,43,62,19,0.0019741992579733825,0.013410939786922631,45,76,31,2,3,3,3,1,81,53,19
486,152,752,84,100,16,78,78,68,68,0,78,78,71,71,0,0.012525953912658701,0.019776030497974745,74,83,9,2,2,2,4,14,83,32,13
487,91,193,65,89,24,122,122,74,74,0,91,94,65,66,1,0.008237176214302734,0.008645631233193778,65,66,1,4,2,2,8,8,57,44,51
488,134,334,88,100,12,72,72,85,85,0,72,72,85,85,0,0.02474556656114912,0.028149358385241158,86,87,1,3,2,2,3,20,60,23,38
489,0,102,1,81,80,0,5,1,27,26,0,2,1,27,26,0.0,0.00013615167296368154,1,30,29,4,-1,5,4,0,72,80,4
490,84,290,62,93,31,168,168,82,82,0,84,168,62,84,22,0.007386228258279724,0.012900371013308825,63,71,8,3,2,2,9,6,54,26,31
491,100,100,69,69,0,100,100,66,66,0,100,100,72,72,0,0.04520235542394227,0.08135062459579973,95,100,5,1,1,1,6,14,44,14,7
492,6,108,31,84,53,7,7,31,31,0,6,7,31,37,6,0.0006807583648184077,0.002314578440382586,36,44,8,4,4,4,2,2,99,42,75
493,36,652,45,100,55,132,132,58,58,0,36,52,45,48,3,0.004050512270669526,0.005718370264474625,52,56,4,2,3,3,16,6,4,73,53
494,0,616,1,100,99,0,128,1,59,58,0,97,1,57,56,0.0,0.009598692943939549,1,59,58,2,-1,3,16,0,9,87,33
495,100,100,69,69,0,100,100,55,55,0,100,100,69,69,0,0.06225535246264338,0.06331052792811191,100,100,0,4,1,1,9,40,26,3,75
496,96,96,71,71,0,72,72,77,77,0,72,72,77,77,0,0.014806494434800367,0.014806494434800367,77,77,0,-1,2,2,3,6,64,77,96
497,100,100,68,68,0,100,100,57,57,0,100,100,68,68,0,0.0425814357193914,0.06640797848803567,96,99,3,1,1,1,8,20,39,23,12
498,0,0,1,1,0,0,0,1,1,0,0,0,1,1,0,0.0,0.0,1,1,0,-1,-1,-1,3,0,64,89,96
499,49,665,54,100,46,94,104,51,65,14,49,104,54,78,24,0.004799346471969774,0.021375812655298,54,81,27,2,3,3,9,4,26,22,18
500,0,206,1,92,91,0,25,1,33,32,0,6,1,29,28,0.0,0.001497668402600497,1,42,41,3,-1,4,9,0,35,86,94
501,68,684,65,100,35,34,54,47,58,11,34,54,55,62,7,0.007726607440688927,0.024064808196330712,64,85,21,2,3,3,4,7,77,48,12
502,138,138,86,86,0,102,102,92,92,0,102,102,92,92,0,0.014398039415909322,0.014398039415909322,76,76,0,-1,2,2,4,13,79,24,97
503,40,656,47,100,53,90,104,44,61,17,40,85,47,57,10,0.0022465026039007454,0.007420266176520644,42,59,17,2,2,2,9,1,29,49,28
504,92,298,75,98,23,32,32,58,58,0,32,32,59,59,0,0.012015385139044895,0.013479015623404473,75,76,1,3,3,3,2,8,68,17,46
505,0,616,1,100,99,0,70,1,40,39,0,48,1,54,53,0.0,0.009054086252084823,1,67,66,2,-1,3,9,0,23,79,77
506,0,616,1,100,99,0,40,1,31,30,0,24,1,40,39,0.0,0.003199564314646516,1,48,47,2,-1,3,9,0,29,84,54
507,0,206,1,93,92,0,10,1,31,30,0,9,1,37,36,0.0,0.002280540522141666,1,44,43,3,-1,4,3,0,58,91,70
508,28,234,46,92,46,40,40,40,40,0,28,34,46,48,2,0.001599782157323258,0.0027911092957554717,42,47,5,3,3,3,5,3,50,43,53
509,0,1640,1,100,99,0,94,1,61,60,0,94,1,68,67,0.0,0.03798631675686715,1,93,92,1,-1,2,5,0,52,86,7
510,100,100,59,59,0,100,100,40,40,0,100,100,59,59,0,0.018074134585928724,0.018074134585928724,79,79,0,-1,1,1,15,4,7,38,67
511,40,656,47,100,53,90,100,44,51,7,40,80,47,57,10,0.0022465026039007454,0.007692569522448007,42,59,17,2,2,2,9,1,29,49,38
512,0,206,1,87,86,0,42,1,30,29,0,12,1,33,32,0.0,0.0015657442390823377,1,40,39,3,-1,4,14,1,16,45,75
513,2,2,26,26,0,8,8,26,26,0,2,2,26,26,0,3.4037918240920386e-05,3.4037918240920386e-05,27,27,0,-1,5,5,7,1,43,78,36
514,370,370,97,97,0,176,176,98,98,0,176,176,98,98,0,0.03859899928520372,0.03859899928520372,92,92,0,-1,2,2,5,27,61,10,97
515,100,100,74,74,0,100,100,80,80,0,100,100,80,80,0,0.038394771775758195,0.049729398549984684,94,97,3,2,1,1,5,8,45,44,37
516,2,208,28,94,66,7,15,28,30,2,2,8,28,34,6,0.0,0.0005786446100956465,1,35,34,3,5,4,6,1,32,68,88
517,0,102,1,69,68,0,11,1,26,25,0,2,1,25,24,0.0,6.807583648184077e-05,1,26,25,4,-1,5,9,0,29,82,60
518,0,616,1,100,99,0,46,1,32,31,0,20,1,37,36,0.0,0.0013615167296368155,1,41,40,2,-1,3,15,0,7,40,43
519,200,406,91,97,6,268,268,82,82,0,200,214,91,92,1,0.014500153170632085,0.016916845365737433,78,78,0,3,2,2,16,8,4,8,70
520,0,616,1,100,99,0,36,1,39,38,0,36,1,50,49,0.0,0.007828721195411689,1,65,64,2,-1,3,5,0,37,97,17
521,0,206,1,88,87,0,22,1,30,29,0,10,1,33,32,0.0,0.0013955546478777359,1,41,40,3,-1,4,7,0,24,66,54
522,100,100,78,78,0,100,100,96,96,0,100,100,96,96,0,0.0691310119473093,0.0691310119473093,99,99,0,-1,1,1,3,9,81,39,67
523,100,100,60,60,0,100,100,50,50,0,100,100,60,60,0,0.027877055039313797,0.040164743524286055,89,93,4,2,1,1,9,7,28,48,39
524,0,206,1,92,91,0,12,1,33,32,0,12,1,39,38,0.0,0.004969536063174376,1,55,54,3,-1,4,4,0,77,80,48
525,16,632,38,100,62,74,84,41,45,4,16,74,38,61,23,0.002586881786309949,0.011062323428299126,47,70,23,2,3,3,9,2,54,94,17
526,82,82,66,66,0,86,86,57,57,0,86,86,66,66,0,0.012287688484972258,0.012287688484972258,72,72,0,-1,3,3,6,8,65,20,98
527,0,0,1,1,0,0,0,1,1,0,0,0,1,1,0,0.0,0.0,1,1,0,-1,-1,-1,5,0,52,80,69
528,8,214,38,94,56,20,24,36,39,3,8,24,38,52,14,0.0009530617107457708,0.007828721195411689,38,64,26,3,4,4,4,2,78,74,24
529,296,502,96,98,2,352,352,96,96,0,296,296,96,96,0,0.026379386636713298,0.02825147213996392,87,87,0,3,2,2,16,20,4,23,94
530,0,0,1,1,0,0,0,1,1,0,0,0,1,1,0,0.0,0.0,1,1,0,-1,-1,-1,16,0,4,93,89
531,180,386,93,100,7,80,80,94,94,0,80,80,94,94,0,0.028421661731168522,0.030736240171551108,91,92,1,3,2,2,2,16,91,12,22
532,0,616,1,100,99,0,50,1,44,43,0,50,1,51,50,0.0,0.006603356138738555,1,56,55,2,-1,3,5,1,52,50,13
533,0,206,1,96,95,0,10,1,32,31,0,10,1,36,35,0.0,0.007216038667075122,1,62,61,3,-1,4,3,0,75,66,8
534,0,206,1,93,92,0,9,1,31,30,0,9,1,36,35,0.0,0.0022465026039007454,1,47,46,3,-1,4,3,0,55,92,41
535,52,154,65,93,28,22,22,54,54,0,22,22,54,54,0,0.005820484019197386,0.010143299635794275,60,69,9,4,3,3,2,6,99,13,31
536,100,100,66,66,0,100,100,67,67,0,100,100,73,73,0,0.04802750263793867,0.049048640185166276,97,97,0,3,1,1,5,18,52,5,83
537,26,642,48,100,52,56,66,46,53,7,26,66,48,59,11,0.004765308553728854,0.02226079852956193,55,84,29,2,3,3,6,6,74,73,9
538,135,751,83,100,17,140,140,84,84,0,135,140,87,88,1,0.009122162088566664,0.01405766023350012,65,77,12,2,2,2,7,8,46,57,26
539,183,183,90,90,0,144,144,95,95,0,144,144,95,95,0,0.017801831240001363,0.017801831240001363,79,79,0,-1,2,2,6,15,56,19,82
540,112,318,71,95,24,204,204,79,79,0,112,120,71,74,3,0.009224275843289425,0.010313489226998877,62,67,5,3,2,2,11,7,5,62,61
541,78,78,69,69,0,64,64,68,68,0,64,64,70,70,0,0.011981347220803976,0.011981347220803976,75,75,0,-1,3,3,4,8,78,17,50
542,16,632,33,100,67,32,92,28,36,8,16,38,33,45,12,0.0005446066918547262,0.0035739814152966403,34,47,13,2,3,3,16,2,4,58,29
543,397,603,100,100,0,136,136,100,100,0,136,136,100,100,0,0.05384798665713605,0.05531161714149563,97,97,0,3,2,2,4,36,73,2,54
544,78,694,69,100,31,60,60,49,49,0,60,60,59,59,0,0.014329963579427483,0.028047244630518397,77,86,9,2,3,3,5,9,88,39,18
545,42,143,58,88,30,52,52,78,78,0,42,43,65,65,0,0.00803294870485721,0.008066986623098132,63,64,1,5,2,2,3,2,85,74,78
546,70,172,68,92,24,32,32,58,58,0,32,32,60,60,0,0.008543517478471017,0.008645631233193778,65,65,0,4,3,3,2,9,91,31,88
547,0,1640,1,100,99,0,80,1,53,52,0,80,1,62,61,0.0,0.03669287586371218,1,93,92,1,-1,2,6,0,48,84,0
548,16,632,32,100,68,48,102,33,54,21,16,66,32,55,23,0.0002723033459273631,0.005241839409101739,31,56,25,2,3,3,14,1,8,95,26
549,32,32,40,40,0,100,100,40,40,0,32,32,40,40,0,0.00088498587426393,0.00088498587426393,36,36,0,-1,3,3,15,2,7,63,69
550,250,866,95,100,5,216,216,93,93,0,216,216,94,94,0,0.02379250485040335,0.03087239184451479,85,91,6,2,2,2,9,18,28,30,25
551,0,616,1,100,99,0,86,1,42,41,0,86,1,58,57,0.0,0.01960584090677014,1,85,84,2,-1,3,10,0,36,99,7
552,49,49,51,51,0,66,66,48,48,0,49,49,51,51,0,0.0042547397801150485,0.0042547397801150485,51,51,0,-1,3,3,6,4,59,22,91
553,0,0,1,1,0,0,0,1,1,0,0,0,1,1,0,0.0,0.0,1,1,0,-1,-1,-1,3,0,66,79,69
554,197,197,94,94,0,22,22,48,48,0,22,22,51,51,0,0.028455699649409444,0.028455699649409444,90,90,0,-1,3,3,2,30,95,7,45
555,2,208,27,94,67,8,24,29,35,6,2,24,27,46,19,0.00010211375472276115,0.004493005207801491,29,52,23,3,5,4,4,1,53,95,38
556,102,102,73,73,0,118,118,63,63,0,102,102,73,73,0,0.009836958371625992,0.009836958371625992,70,70,0,-1,3,3,8,7,42,48,40
557,18,634,50,100,50,24,48,45,53,8,18,48,48,55,7,0.0009190237925048504,0.014704380680077607,39,80,41,2,3,3,3,2,87,63,8
558,262,878,95,100,5,318,318,91,91,0,262,318,95,96,1,0.020252561353347628,0.02501786990707648,82,84,2,2,2,2,16,16,4,18,26
559,8,8,39,39,0,12,12,35,35,0,8,8,39,39,0,0.0002723033459273631,0.0002723033459273631,34,34,0,-1,4,4,2,2,86,63,89
560,12,12,40,40,0,18,18,38,38,0,12,12,40,40,0,0.0010892133837094523,0.0010892133837094523,39,39,0,-1,4,4,3,3,76,51,50
561,12,114,43,86,43,12,12,40,40,0,12,12,42,42,0,0.003710133088260322,0.004220701861874128,52,53,1,4,4,4,2,3,90,29,88
562,247,349,95,100,5,72,72,86,86,0,72,72,86,86,0,0.034105994077402224,0.0352292453793526,91,91,0,4,2,2,3,29,92,1,94
563,544,1144,100,100,0,288,288,98,98,0,288,288,98,98,0,0.05320126621055856,0.05585622383335035,99,99,0,2,2,2,9,36,54,2,52
564,46,662,58,100,42,22,32,48,69,21,22,32,51,69,18,0.005582218591510943,0.03066816433506927,57,94,37,2,3,3,2,6,95,13,23
565,240,840,94,100,6,176,176,87,87,0,176,176,91,91,0,0.020524864699274992,0.031655263964055956,83,89,6,2,2,2,8,18,15,5,30
566,22,622,40,99,59,106,106,55,55,0,22,62,40,51,11,0.0007147962830593281,0.005003573981415297,35,53,18,2,3,3,17,2,20,56,13
567,42,658,57,100,43,46,56,81,81,0,42,56,81,81,0,0.010007147962830594,0.0348888661969434,70,95,25,2,2,2,2,2,89,74,11
568,16,632,36,100,64,60,86,37,40,3,16,86,36,60,24,0.0006467204465774873,0.00891793457912114,37,65,28,2,3,3,11,1,38,49,32
569,4,4,31,31,0,6,6,30,30,0,4,4,31,31,0,0.0004084550188910446,0.0004084550188910446,36,36,0,-1,5,5,3,2,81,63,84
570,0,206,1,89,88,0,44,1,33,32,0,6,1,28,27,0.0,0.0015657442390823377,1,40,39,3,-1,4,10,1,12,45,53
571,263,363,100,100,0,32,32,69,69,0,32,32,69,69,0,0.044793900405051226,0.04496408999625583,97,97,0,4,3,3,2,36,90,2,56
572,0,206,1,91,90,0,15,1,27,26,0,8,1,34,33,0.0,0.001157289220191293,1,36,35,3,-1,4,6,0,56,79,51
573,16,1656,36,100,64,64,98,39,54,15,16,56,36,55,19,0.0016678579938050988,0.0158616699002689,43,79,36,1,3,2,9,1,23,53,94
574,42,42,54,54,0,98,98,53,53,0,40,40,54,54,0,0.0034718676605738795,0.0034718676605738795,51,51,0,-1,3,3,8,6,57,41,81
575,0,0,1,1,0,0,0,1,1,0,0,0,1,1,0,0.0,0.0,1,1,0,-1,-1,-1,3,0,81,40,87
576,214,214,93,93,0,150,150,85,85,0,150,150,89,89,0,0.025766704108376733,0.025766704108376733,89,89,0,-1,2,2,7,15,46,16,69
577,0,0,1,1,0,0,0,1,1,0,0,0,1,1,0,0.0,0.0,1,1,0,-1,-1,-1,6,1,69,45,79
578,40,142,46,81,35,140,140,65,65,0,40,42,46,47,1,0.0053439531638245,0.005446066918547262,55,55,0,4,2,2,11,1,33,90,88
579,100,100,60,60,0,100,100,50,50,0,100,100,60,60,0,0.029647026787841656,0.029647026787841656,91,91,0,4,1,1,9,8,28,20,95
580,100,100,64,64,0,100,100,49,49,0,100,100,64,64,0,0.049763436468225605,0.0567752476258552,98,99,1,2,1,1,8,22,42,9,21
581,106,722,76,100,24,60,60,51,51,0,60,60,62,62,0,0.009054086252084823,0.02746860002042275,68,87,19,2,3,3,5,13,80,24,9
582,0,206,1,90,89,0,28,1,33,32,0,18,1,40,39,0.0,0.00442492937131965,1,50,49,3,-1,4,6,1,48,45,26
583,0,0,1,1,0,0,0,1,1,0,0,0,1,1,0,0.0,0.0,1,1,0,-1,-1,-1,11,1,5,50,82
584,111,1751,78,100,22,132,166,79,85,6,111,166,79,90,11,0.009326389598012186,0.0480955784744205,69,96,27,1,2,2,8,8,39,44,2
585,0,0,1,1,0,0,0,1,1,0,0,0,1,1,0,0.0,0.0,1,1,0,-1,-1,-1,10,0,0,59,45
586,40,656,57,100,43,56,56,76,76,0,40,56,76,76,0,0.007113924912352361,0.02474556656114912,61,89,28,2,2,2,2,1,68,53,23
587,6,212,33,93,60,16,20,33,35,2,6,20,33,50,17,0.0004765308553728854,0.003812246842983083,36,53,17,3,4,4,4,1,78,49,47
588,136,136,83,83,0,162,162,85,85,0,136,136,84,84,0,0.014534191088873005,0.014534191088873005,74,74,0,-1,2,2,9,8,26,17,84
589,2,208,29,92,63,8,16,31,33,2,2,16,29,43,14,0.0002382654276864427,0.003710133088260322,32,52,20,3,5,4,4,1,77,55,28
590,44,44,57,57,0,38,38,59,59,0,38,38,62,62,0,0.006399128629293032,0.006399128629293032,60,60,0,-1,3,3,3,7,92,62,96
591,0,616,1,100,99,0,28,1,44,43,0,28,1,51,50,0.0,0.028728002995336805,1,94,93,2,-1,3,3,0,94,80,3
592,0,102,1,74,73,0,10,1,28,27,0,4,1,29,28,0.0,0.00088498587426393,1,37,36,4,-1,5,5,0,63,76,74
593,159,159,86,86,0,142,142,78,78,0,142,142,84,84,0,0.015419176963136935,0.015419176963136935,77,77,0,-1,2,2,8,15,10,19,93
594,0,102,1,77,76,0,12,1,26,25,0,2,1,26,25,0.0,3.4037918240920386e-05,1,27,26,4,-1,5,11,0,33,59,65
595,0,206,1,89,88,0,38,1,33,32,0,28,1,46,45,0.0,0.0038462847612240037,1,48,47,3,-1,4,9,0,26,40,13
596,54,654,62,100,38,48,48,63,63,0,48,48,64,64,0,0.006875659484665918,0.01606589740971442,62,79,17,2,3,3,3,7,82,62,19
597,0,206,1,91,90,0,12,1,31,30,0,12,1,41,40,0.0,0.00527587732734266,1,55,54,3,-1,4,4,0,84,66,44
598,49,151,53,83,30,122,122,62,62,0,49,51,53,53,0,0.003982436434187685,0.003982436434187685,53,53,0,4,3,3,12,4,2,22,68
599,56,56,54,54,0,136,136,63,63,0,56,56,54,54,0,0.002484768031587188,0.002484768031587188,48,48,0,-1,2,2,12,2,6,52,96
600,0,616,1,100,99,0,104,1,54,53,0,44,1,48,47,0.0,0.005990673610401988,1,56,55,2,-1,3,16,0,4,80,72
601,100,100,60,60,0,100,100,40,40,0,100,100,60,60,0,0.04350045951189625,0.06807583648184078,97,100,3,1,1,1,14,22,25,9,7
602,0,616,1,100,99,0,22,1,50,49,0,22,1,52,51,0.0,0.011743081793117532,1,72,71,2,-1,3,2,1,86,50,34
603,0,101,1,76,75,0,6,1,25,24,0,1,1,25,24,0.0,0.0002042275094455223,1,28,27,5,-1,6,6,0,71,79,55
604,36,652,49,100,51,106,126,58,60,2,36,126,49,76,27,0.00439089145307873,0.013989584397018279,52,74,22,2,3,3,11,6,5,73,8
605,28,234,49,95,46,34,34,39,39,0,28,34,49,50,1,0.0025188059498281084,0.009973110044589673,47,69,22,3,3,3,4,6,53,70,8
606,0,206,1,96,95,0,18,1,35,34,0,18,1,44,43,0.0,0.005480104836788182,1,56,55,3,-1,4,3,0,75,36,34
607,42,42,51,51,0,124,124,63,63,0,42,42,51,51,0,0.002825147213996392,0.002825147213996392,48,48,0,-1,2,2,10,2,12,61,87
608,104,310,77,95,18,172,172,85,85,0,104,110,77,78,1,0.013887470642295518,0.014568229007113924,74,74,0,3,2,2,9,6,23,34,55
609,84,290,62,95,33,110,110,78,78,0,84,110,61,81,20,0.007522379931243405,0.02038871302631131,59,81,22,3,2,2,6,6,51,26,6
610,56,56,61,61,0,38,38,51,51,0,38,38,54,54,0,0.006092787365124749,0.006092787365124749,57,57,0,-1,3,3,3,6,94,13,86
611,16,16,45,45,0,28,28,46,46,0,16,16,44,44,0,0.001940161339732462,0.001940161339732462,43,43,0,-1,3,3,3,1,85,53,89
612,6,6,29,29,0,27,27,32,32,0,6,6,29,29,0,0.0004765308553728854,0.0004765308553728854,35,35,0,-1,4,4,10,1,11,55,86
613,0,102,1,74,73,0,7,1,26,25,0,2,1,26,25,0.0,0.00010211375472276115,1,29,28,4,-1,5,6,0,74,67,60
614,36,36,55,55,0,22,22,48,48,0,22,22,51,51,0,0.0045270431260424114,0.0045270431260424114,54,54,0,-1,3,3,2,6,95,28,89
615,44,44,51,51,0,56,56,49,49,0,44,44,51,51,0,0.006331052792811192,0.006331052792811192,56,56,0,-1,3,3,6,7,69,62,99
616,100,100,62,62,0,100,100,48,48,0,100,100,62,62,0,0.021784267674189048,0.05211205282684911,82,98,16,1,1,1,10,8,11,57,0
617,146,352,87,96,9,134,134,90,90,0,134,134,90,90,0,0.016474352428605468,0.01950372715204738,81,84,3,3,2,2,6,8,48,8,29
618,6,6,29,29,0,26,26,34,34,0,6,6,29,29,0,0.00030634126416828345,0.00030634126416828345,33,33,0,-1,4,4,7,1,43,88,45
619,0,616,1,100,99,0,34,1,36,35,0,36,1,47,46,0.0,0.004969536063174376,1,53,52,2,-1,3,6,0,41,40,35
620,0,1640,1,100,99,0,112,1,59,58,0,112,1,74,73,0.0,0.021954457265393648,1,80,79,1,-1,2,12,0,2,85,15
621,10,216,40,92,52,18,18,35,35,0,10,18,40,47,7,0.0016338200755641784,0.007556417849484326,44,60,16,3,4,4,3,3,87,54,48
622,100,100,60,60,0,100,100,52,52,0,100,100,60,60,0,0.05051227066952585,0.06559106845025359,98,100,2,1,1,1,9,29,29,11,32
623,18,224,48,93,45,38,38,55,55,0,18,38,47,57,10,0.0017359338302869397,0.014023622315259198,41,76,35,3,3,3,3,2,76,61,12
624,100,100,73,73,0,100,100,87,87,0,100,100,87,87,0,0.055243541305013785,0.055243541305013785,98,98,0,-1,1,1,4,15,79,19,69
625,76,76,62,62,0,90,90,65,65,0,76,76,61,61,0,0.009088124170325743,0.009088124170325743,66,66,0,-1,2,2,6,6,74,34,89
626,46,252,60,95,35,38,38,59,59,0,38,38,62,62,0,0.010041185881071514,0.011675005956635693,70,73,3,3,3,3,3,5,92,25,53
627,98,304,65,96,31,166,166,83,83,0,98,104,65,76,11,0.012219612648490419,0.014602266925354846,73,78,5,3,2,2,8,5,15,25,90
628,0,0,1,1,0,0,0,1,1,0,0,0,1,1,0,0.0,0.0,1,1,0,-1,-1,-1,4,1,77,45,80
629,38,244,55,99,44,32,32,71,71,0,32,32,71,71,0,0.004765308553728854,0.02658361414615882,53,91,38,3,3,3,2,3,99,54,10
630,16,16,32,32,0,48,48,33,33,0,16,16,32,32,0,0.0002723033459273631,0.0002723033459273631,31,31,0,-1,3,3,14,1,8,95,99
631,16,632,33,100,67,30,100,32,52,20,16,100,33,69,36,0.00030634126416828345,0.02365635317743967,31,85,54,2,3,3,9,1,31,60,11
632,182,388,92,99,7,102,102,94,94,0,102,102,94,94,0,0.026243234963749616,0.02757071377514551,88,89,1,3,2,2,4,20,73,23,53
633,100,100,79,79,0,100,100,95,95,0,100,100,95,95,0,0.08386943054562783,0.08894108036352497,98,99,1,2,1,1,3,29,75,0,90
634,376,1976,97,100,3,232,232,92,92,0,232,232,94,94,0,0.03352734946730658,0.05391606249361789,92,98,6,1,2,2,10,27,11,10,6
635,0,206,1,89,88,0,48,1,38,37,0,36,1,52,51,0.0,0.006092787365124749,1,59,58,3,-1,4,8,0,57,76,21
636,42,658,50,100,50,116,130,55,62,7,42,86,50,59,9,0.0007828721195411688,0.00616086320160659,37,58,21,2,2,2,14,2,17,56,48
637,40,656,47,100,53,62,78,38,43,5,40,52,47,50,3,0.0025188059498281084,0.006569318220497634,45,58,13,2,2,2,8,1,27,60,70
638,0,616,1,99,98,0,80,1,38,37,0,44,1,51,50,0.0,0.0057524081827155455,1,57,56,2,-1,3,12,0,6,92,72
639,32,32,53,53,0,38,38,57,57,0,32,32,59,59,0,0.002484768031587188,0.002484768031587188,46,46,0,-1,3,3,3,2,85,52,92
640,146,762,83,100,17,96,96,67,67,0,96,96,68,68,0,0.014023622315259198,0.0353994349705572,75,94,19,2,3,3,6,13,74,33,0
641,0,102,1,77,76,0,5,1,26,25,0,2,1,26,25,0.0,0.0002382654276864427,1,32,31,4,-1,5,4,0,53,91,88
642,6,622,28,100,72,20,76,33,53,20,6,76,28,65,37,0.0005786446100956465,0.023486163586235065,36,87,51,2,4,3,6,2,56,42,23
643,6,108,29,73,44,32,32,33,33,0,6,8,29,33,4,0.0002382654276864427,0.0005105687736138058,32,36,4,4,4,4,10,1,11,4,55
644,422,422,99,99,0,144,144,91,91,0,144,144,92,92,0,0.047993464719697745,0.047993464719697745,99,99,0,-1,2,2,6,36,51,2,92
645,2,618,27,100,73,5,34,27,38,11,2,34,27,50,23,0.0,0.020524864699274992,1,85,84,2,5,3,4,1,53,68,11
646,0,101,1,77,76,0,8,1,25,24,0,1,1,25,24,0.0,3.4037918240920386e-05,1,27,26,5,-1,6,8,1,57,50,95
647,160,160,90,90,0,88,88,80,80,0,88,88,81,81,0,0.023179822322066782,0.023179822322066782,86,86,0,-1,2,2,4,20,77,23,92
648,0,616,1,100,99,0,28,1,44,43,0,28,1,48,47,0.0,0.028625889240614044,1,90,89,2,-1,3,3,0,60,97,2
649,132,748,82,100,18,150,150,71,71,0,150,150,85,85,0,0.013002484768031588,0.018210286258892407,75,83,8,2,3,3,10,13,36,33,57
650,160,366,91,100,9,72,72,80,80,0,72,72,80,80,0,0.023009632730862182,0.03417406991388407,86,91,5,3,2,2,3,18,76,5,37
651,0,0,1,1,0,0,0,1,1,0,0,0,1,1,0,0.0,0.0,1,1,0,-1,-1,-1,5,0,88,84,59
652,40,656,46,100,54,140,140,65,65,0,40,58,46,51,5,0.003199564314646516,0.004799346471969774,49,52,3,2,2,2,11,1,33,53,61
653,0,206,1,92,91,0,44,1,35,34,0,44,1,54,53,0.0,0.008509479560230097,1,64,63,3,-1,4,8,0,21,81,32
654,0,102,1,80,79,0,5,1,28,27,0,5,1,30,29,0.0,0.0026209197045508697,1,47,46,4,-1,5,3,0,55,86,35
655,0,616,1,99,98,0,126,1,62,61,0,126,1,79,78,0.0,0.03008951972497362,1,90,89,2,-1,3,11,0,33,85,2
656,124,124,78,78,0,182,182,71,71,0,124,124,78,78,0,0.007726607440688927,0.007726607440688927,63,63,0,-1,3,3,12,9,6,31,40
657,100,100,73,73,0,100,100,96,96,0,100,100,96,96,0,0.07644916436910719,0.07644916436910719,99,99,0,-1,1,1,3,15,64,16,98
658,260,860,94,100,6,272,272,95,95,0,272,272,95,95,0,0.02215868477483917,0.041390108580959185,83,95,12,2,2,2,11,18,19,5,0
659,22,228,47,94,47,28,28,42,42,0,22,28,47,50,3,0.0017359338302869397,0.007488342013002485,44,64,20,3,3,3,3,2,64,61,21
660,39,245,53,92,39,60,60,51,51,0,39,60,52,61,9,0.0045270431260424114,0.008169100377820893,56,66,10,3,3,3,5,4,80,22,47
661,100,100,70,70,0,100,100,68,68,0,100,100,73,73,0,0.057183702644746245,0.05936212941216515,99,99,0,3,1,1,6,22,48,9,90
662,101,717,78,100,22,100,100,68,68,0,100,100,73,73,0,0.008101024541339052,0.009734844616903231,65,68,3,2,2,2,6,8,48,57,61
663,100,100,79,79,0,100,100,96,96,0,100,100,96,96,0,0.058613295210864905,0.06089383573300657,99,99,0,3,1,1,3,7,85,62,22
664,104,720,71,100,29,148,158,71,73,2,104,158,71,86,15,0.00704584907587052,0.023009632730862182,61,85,24,2,2,2,9,6,28,26,30
665,32,648,51,100,49,64,88,41,50,9,32,76,51,62,11,0.002586881786309949,0.009122162088566664,47,68,21,2,3,3,8,2,57,83,38
666,100,100,59,59,0,100,100,45,45,0,100,100,59,59,0,0.036454610436025735,0.04162837400864563,93,95,2,2,1,1,10,18,0,5,72
667,100,100,67,67,0,100,100,57,57,0,100,100,67,67,0,0.0619490111984751,0.0619490111984751,99,99,0,-1,1,1,8,40,21,3,36
668,6,6,32,32,0,12,12,41,41,0,6,6,32,32,0,0.003369753905851118,0.003369753905851118,51,51,0,-1,4,4,2,1,95,90,59
669,2,618,27,100,73,10,46,28,42,14,2,46,27,51,24,3.4037918240920386e-05,0.013955546478777357,27,78,51,2,5,3,6,1,65,95,12
670,100,100,65,65,0,100,100,45,45,0,100,100,65,65,0,0.05030804316008033,0.05221416658157187,98,100,2,3,1,1,10,29,12,1,53
671,88,88,61,61,0,174,174,76,76,0,88,88,61,61,0,0.007862759113652609,0.007862759113652609,63,63,0,-1,2,2,10,7,22,62,45
672,32,238,47,93,46,116,116,62,62,0,32,40,47,50,3,0.002280540522141666,0.005548180673270023,44,57,13,3,3,3,11,2,19,52,29
673,0,0,1,1,0,0,0,1,1,0,0,0,1,1,0,0.0,0.0,1,1,0,-1,-1,-1,4,0,84,59,50
674,39,245,55,93,38,44,44,50,50,0,39,44,56,56,0,0.004663194799006093,0.011368664692467409,55,69,14,3,3,3,4,4,84,22,20
675,256,256,94,94,0,320,320,96,96,0,256,256,93,93,0,0.017325300384628477,0.017325300384628477,76,76,0,-1,2,2,14,15,8,19,82
676,76,76,61,61,0,96,96,56,56,0,74,74,60,60,0,0.006467204465774873,0.006467204465774873,58,58,0,-1,2,2,7,6,43,41,87
677,0,102,1,74,73,0,7,1,26,25,0,2,1,26,25,0.0,0.00010211375472276115,1,29,28,4,-1,5,6,1,74,45,65
678,0,616,1,100,99,0,36,1,40,39,0,36,1,50,49,0.0,0.007556417849484326,1,61,60,2,-1,3,5,0,88,80,77
679,0,616,1,100,99,0,52,1,32,31,0,29,1,47,46,0.0,0.003812246842983083,1,50,49,2,-1,3,13,0,13,99,35
680,44,660,51,100,49,74,84,42,47,5,44,84,51,65,14,0.0036760951700194017,0.015725518227305217,51,76,25,2,3,3,9,6,31,73,12
681,0,206,1,89,88,0,30,1,35,34,0,30,1,51,50,0.0,0.007590455767725246,1,62,61,3,-1,4,5,0,61,85,24
682,34,34,49,49,0,106,106,58,58,0,34,34,49,49,0,0.0013274788113958951,0.0013274788113958951,40,40,0,-1,3,3,11,4,19,64,84
683,0,206,1,95,94,0,12,1,36,35,0,12,1,40,39,0.0,0.007182000748834201,1,64,63,3,-1,4,2,0,89,82,20
684,94,710,62,100,38,152,152,78,78,0,94,152,62,84,22,0.006773545729943157,0.01242384015793594,59,76,17,2,2,2,8,6,42,26,28
685,63,63,62,62,0,38,38,46,46,0,38,38,51,51,0,0.006841621566424997,0.006841621566424997,58,58,0,-1,3,3,3,8,96,57,79
686,260,466,94,99,5,216,216,97,97,0,216,216,97,97,0,0.022533101875489295,0.02324789815854862,85,85,0,3,2,2,9,19,23,15,55
687,90,296,58,96,38,188,188,70,70,0,90,96,58,58,0,0.004935498144933456,0.00527587732734266,56,56,0,3,2,2,14,6,8,28,49
688,0,616,1,100,99,0,54,1,34,33,0,54,1,51,50,0.0,0.013376901868681712,1,77,76,2,-1,3,8,0,42,59,18
689,6,212,33,93,60,11,12,33,33,0,6,12,33,40,7,0.0002042275094455223,0.0034718676605738795,32,51,19,3,4,4,4,1,72,4,35
690,2,208,28,96,68,4,12,30,38,8,2,12,28,44,16,6.807583648184077e-05,0.014364001497668403,28,78,50,3,5,4,2,1,93,65,15
691,117,733,82,100,18,64,64,64,64,0,64,64,67,67,0,0.020592940535756832,0.030327785152660065,85,90,5,2,3,3,4,16,77,18,19
692,119,319,87,100,13,46,46,83,83,0,46,46,83,83,0,0.019367575479083698,0.02042275094455223,82,85,3,3,2,2,2,18,99,5,70
693,40,246,51,94,43,80,80,54,54,0,40,46,51,53,2,0.0045270431260424114,0.005071649817897137,51,55,4,3,2,2,6,2,48,94,42
694,0,0,1,1,0,0,0,1,1,0,0,0,1,1,0,0.0,0.0,1,1,0,-1,-1,-1,2,0,91,97,79
695,63,165,61,89,28,72,72,77,77,0,72,72,77,77,0,0.007352190340038803,0.007658531604207087,64,64,0,4,2,2,3,4,64,22,56
696,6,108,31,77,46,21,21,33,33,0,6,8,31,34,3,0.0004765308553728854,0.0005446066918547262,36,37,1,4,4,4,7,1,62,88,65
697,0,616,1,100,99,0,40,1,41,40,0,40,1,52,51,0.0,0.019197385887879097,1,83,82,2,-1,3,5,0,61,76,7
698,18,18,44,44,0,46,46,42,42,0,18,18,44,44,0,0.0015317063208414173,0.0015317063208414173,42,42,0,-1,3,3,6,2,74,61,91
699,0,206,1,89,88,0,40,1,31,30,0,8,1,32,31,0.0,0.0014636304843595766,1,40,39,3,-1,4,12,1,14,69,52
700,169,169,86,86,0,238,238,90,90,0,169,169,86,86,0,0.008951972497362062,0.008951972497362062,64,64,0,-1,2,2,11,8,19,57,91
701,0,206,1,86,85,0,49,1,32,31,0,6,1,28,27,0.0,0.001940161339732462,1,44,43,3,-1,4,11,0,5,89,46
702,0,616,1,100,99,0,58,1,35,34,0,29,1,46,45,0.0,0.003437829742332959,1,50,49,2,-1,3,10,0,18,59,22
703,172,772,83,100,17,184,184,79,79,0,172,184,84,86,2,0.011232513019503728,0.020933319718166036,71,81,10,2,2,2,10,9,12,31,33
704,338,338,96,96,0,240,240,96,96,0,240,240,96,96,0,0.024949794070594642,0.024949794070594642,84,84,0,-1,2,2,9,19,54,15,79
705,0,616,1,100,99,0,42,1,39,38,0,42,1,51,50,0.0,0.006535280302256714,1,59,58,2,-1,3,6,0,48,99,31
706,0,616,1,100,99,0,22,1,41,40,0,22,1,44,43,0.0,0.023213860240307704,1,89,88,2,-1,3,2,0,91,99,11
707,100,100,69,69,0,100,100,70,70,0,100,100,72,72,0,0.07273903128084687,0.09009836958371625,100,100,0,2,1,1,6,36,65,2,1
708,44,44,52,52,0,102,102,68,68,0,44,44,52,52,0,0.00707988699411144,0.00707988699411144,62,62,0,-1,3,3,7,4,43,72,66
709,66,666,57,100,43,94,94,45,45,0,66,94,57,59,2,0.007556417849484326,0.0123557643214541,60,71,11,2,3,3,9,6,29,34,21
710,184,800,84,100,16,166,166,84,84,0,166,166,85,85,0,0.011947309302563056,0.015146873617209572,69,73,4,2,2,2,8,13,27,24,43
711,0,616,1,100,99,0,62,1,41,40,0,53,1,54,53,0.0,0.008543517478471017,1,64,63,2,-1,3,9,0,26,59,17
712,100,100,64,64,0,100,100,44,44,0,100,100,64,64,0,0.01147077844719017,0.03567173831648456,72,93,21,2,1,1,13,2,13,56,10
713,100,100,69,69,0,100,100,87,87,0,100,100,87,87,0,0.05640083052520508,0.05902175022975595,98,99,1,3,1,1,4,14,83,14,35
714,362,568,98,100,2,280,280,98,98,0,280,280,98,98,0,0.025188059498281085,0.02569862827189489,87,88,1,3,2,2,10,19,0,15,49
715,100,100,61,61,0,100,100,43,43,0,100,100,61,61,0,0.03281255318424725,0.048674223084516154,91,98,7,1,1,1,12,18,2,30,77
716,0,616,1,100,99,0,22,1,51,50,0,16,1,50,49,0.0,0.006467204465774873,1,61,60,2,-1,3,2,0,98,67,94
717,223,839,90,100,10,160,160,86,86,0,160,160,88,88,0,0.02573266619013581,0.04588311378876068,87,97,10,2,2,2,7,20,24,23,1
718,0,616,1,100,99,0,60,1,41,40,0,30,1,46,45,0.0,0.006262976956329351,1,57,56,2,-1,3,9,1,26,45,72
719,6,212,29,89,60,19,23,29,29,0,6,12,29,34,5,0.0002382654276864427,0.0005446066918547262,33,34,1,3,4,4,8,1,15,55,88
720,106,106,84,84,0,62,62,80,80,0,62,62,80,80,0,0.018210286258892407,0.018210286258892407,82,82,0,-1,2,2,3,8,55,44,40
721,0,206,1,96,95,0,14,1,32,31,0,14,1,40,39,0.0,0.006058749446883829,1,58,57,3,-1,4,3,0,75,84,24
722,16,632,34,100,66,70,136,37,63,26,16,136,34,81,47,0.0006807583648184077,0.034140031995643146,36,93,57,2,3,3,11,1,33,49,3
723,48,254,56,92,36,64,64,58,58,0,48,64,56,64,8,0.003880322679464924,0.005446066918547262,52,58,6,3,2,2,5,3,80,43,54
724,40,1680,47,100,53,64,112,40,66,26,40,112,47,77,30,0.004050512270669526,0.022533101875489295,49,82,33,1,3,2,8,6,27,73,21
725,0,616,1,100,99,0,66,1,41,40,0,60,1,55,54,0.0,0.007590455767725246,1,62,61,2,-1,3,9,0,35,79,27
726,46,662,53,100,47,64,74,57,63,6,46,62,52,64,12,0.004935498144933456,0.008407365805507334,52,64,12,2,2,2,5,2,88,52,46
727,16,632,35,100,65,68,90,37,42,5,16,69,35,57,22,0.0009190237925048504,0.011606930120153852,39,75,36,2,3,3,10,2,1,42,39
728,596,1212,100,100,0,360,360,99,99,0,360,360,99,99,0,0.05034208107832125,0.05483508628612274,100,100,0,2,2,2,12,36,3,2,47
729,0,102,1,75,74,0,9,1,27,26,0,2,1,25,24,0.0,0.000442492937131965,1,34,33,4,-1,5,5,0,80,85,42
730,0,0,1,1,0,0,0,1,1,0,0,0,1,1,0,0.0,0.0,1,1,0,-1,-1,-1,2,0,93,80,96
731,12,628,40,100,60,18,28,38,45,7,12,28,40,52,12,0.0015657442390823377,0.012934408931549747,42,75,33,2,4,3,3,2,81,52,33
732,12,113,41,83,42,20,20,36,36,0,12,13,41,42,1,0.0019061234214915416,0.0019061234214915416,44,44,0,5,4,4,4,2,78,83,95
733,114,714,78,100,22,134,134,88,88,0,114,134,84,88,4,0.013683243132849994,0.016474352428605468,75,81,6,2,2,2,6,6,59,77,54
734,230,331,94,99,5,120,120,100,100,0,120,120,100,100,0,0.03359542530378842,0.03362946322202934,91,91,0,5,2,2,3,16,85,12,78
735,0,206,1,94,93,0,10,1,31,30,0,6,1,31,30,0.0,0.0009870996289866913,1,37,36,3,-1,4,3,0,81,79,71
736,23,23,53,53,0,24,24,40,40,0,24,24,53,53,0,0.0038462847612240037,0.0038462847612240037,53,53,0,-1,4,4,4,6,78,35,40
737,0,1640,1,100,99,0,92,1,50,49,0,80,1,57,56,0.0,0.018891044623710815,1,78,77,1,-1,2,8,1,27,69,21
738,184,1824,88,100,12,182,206,91,94,3,182,206,92,95,3,0.019776030497974745,0.03226794649239253,82,92,10,1,2,2,9,12,35,37,52
739,6,1646,28,100,72,21,210,28,71,43,6,210,28,87,59,0.00013615167296368154,0.035195207461111676,28,94,66,1,4,2,16,2,9,58,3
740,217,318,97,99,2,32,32,63,63,0,32,32,64,64,0,0.03100854351747847,0.03104258143571939,94,94,0,5,3,3,2,30,86,7,60
741,100,100,61,61,0,100,100,43,43,0,100,100,61,61,0,0.03015759556145546,0.03025970931617822,90,90,0,3,1,1,12,12,2,37,55
742,67,273,62,96,34,98,98,52,52,0,67,98,62,67,5,0.006705469893461316,0.01494264610776405,63,78,15,3,3,3,8,8,39,57,14
743,78,78,69,69,0,88,88,76,76,0,78,78,75,75,0,0.00881582082439838,0.00881582082439838,66,66,0,-1,2,2,4,4,47,38,97
744,6,212,28,92,64,19,28,31,33,2,6,28,28,45,17,0.0002042275094455223,0.0045270431260424114,29,49,20,3,4,4,6,1,56,65,57
745,0,616,1,100,99,0,62,1,42,41,0,62,1,57,56,0.0,0.02130773681881616,1,85,84,2,-1,3,7,0,24,85,11
746,100,100,67,67,0,100,100,57,57,0,100,100,67,67,0,0.02900030634126417,0.033255046121379216,89,92,3,3,1,1,8,8,21,44,72
747,1,617,26,100,74,14,78,26,35,9,1,45,26,51,25,6.807583648184077e-05,0.005173763572619898,27,55,28,2,6,3,14,1,17,78,48
748,60,676,60,100,40,68,68,71,71,0,59,68,66,72,6,0.006126825283365669,0.011232513019503728,58,72,14,2,2,2,4,6,47,41,26
749,124,330,78,96,18,144,144,91,91,0,124,144,90,91,1,0.012968446849790666,0.015146873617209572,74,78,4,3,2,2,6,7,51,21,29
750,0,101,1,80,79,0,4,1,25,24,0,1,1,25,24,0.0,6.807583648184077e-05,1,26,25,6,-1,7,4,0,73,89,78
751,0,616,1,100,99,0,72,1,40,39,0,72,1,61,60,0.0,0.010790020082371761,1,70,69,2,-1,3,9,0,54,87,24
752,112,112,80,80,0,110,110,86,86,0,110,110,86,86,0,0.013410939786922631,0.013410939786922631,73,73,0,-1,2,2,6,8,69,17,89
753,0,0,1,1,0,0,0,1,1,0,0,0,1,1,0,0.0,0.0,1,1,0,-1,-1,-1,9,0,23,98,92
754,0,1640,1,100,99,0,140,1,64,63,0,140,1,81,80,0.0,0.03366350114027026,1,91,90,1,-1,2,11,0,33,97,10
755,182,388,95,100,5,32,32,63,63,0,32,32,64,64,0,0.028455699649409444,0.032165832737669764,91,94,3,3,3,3,2,22,86,9,62
756,0,206,1,91,90,0,34,1,32,31,0,8,1,33,32,0.0,0.0012594029749140542,1,37,36,3,-1,4,11,0,38,80,74
757,173,789,87,100,13,148,148,79,79,0,148,148,86,86,0,0.0160318594914735,0.023520201504475986,77,85,8,2,2,2,9,15,26,19,25
758,90,296,64,93,29,122,122,69,69,0,90,96,64,65,1,0.010517716736444398,0.010926171755335444,67,67,0,3,2,2,8,6,27,77,68
759,64,270,64,93,29,60,60,55,55,0,60,60,60,60,0,0.008203138296061813,0.016270124919159943,67,76,9,3,3,3,5,7,70,48,8
760,192,192,92,92,0,96,96,94,94,0,96,96,94,94,0,0.028557813404132205,0.028557813404132205,89,89,0,-1,2,2,3,18,92,5,97
761,22,228,48,93,45,50,50,50,50,0,22,50,48,54,6,0.0020763130126961434,0.00707988699411144,44,62,18,3,3,3,5,2,70,52,24
762,146,248,81,93,12,90,90,67,67,0,90,90,69,69,0,0.013751318969331836,0.013819394805813677,74,74,0,4,2,2,6,14,56,14,4
763,187,288,95,100,5,32,32,69,69,0,32,32,69,69,0,0.03012355764321454,0.030191633479696382,90,90,0,5,3,3,2,27,93,10,65
764,63,679,55,100,45,84,84,59,59,0,63,84,55,65,10,0.00622893903808843,0.03478675244222063,56,93,37,2,2,2,5,4,52,22,3
765,100,100,67,67,0,100,100,55,55,0,100,100,67,67,0,0.07066271826815072,0.07209231083426938,100,100,0,3,1,1,9,36,23,2,83
766,6,1646,29,100,71,32,130,30,59,29,6,130,29,76,47,0.00010211375472276115,0.019095272133156337,28,83,55,1,4,2,15,1,7,95,12
767,420,522,99,99,0,288,288,99,99,0,288,288,99,99,0,0.035025017869907075,0.03509309370638892,93,93,0,4,2,2,9,29,28,0,65
768,22,124,41,76,35,78,78,37,37,0,22,26,41,45,4,0.0005446066918547262,0.001497668402600497,36,42,6,4,3,3,12,2,14,63,51
769,16,222,36,94,58,72,72,45,45,0,16,24,36,43,7,0.002484768031587188,0.0027911092957554717,45,46,1,3,3,3,7,2,46,94,56
770,0,206,1,92,91,0,38,1,34,33,0,37,1,46,45,0.0,0.005786446100956465,1,54,53,3,-1,4,7,1,46,69,44
771,194,294,91,97,6,222,222,90,90,0,194,194,91,91,0,0.020456788862793153,0.020592940535756832,84,84,0,4,2,2,10,12,36,37,49
772,16,222,42,93,51,22,22,42,42,0,16,22,42,45,3,0.0023486163586235067,0.0051397256543789785,47,56,9,3,3,3,2,2,68,94,35
773,0,616,1,100,99,0,54,1,33,32,0,19,1,40,39,0.0,0.001497668402600497,1,39,38,2,-1,3,14,0,16,82,64
774,112,712,81,100,19,208,208,77,77,0,112,113,81,82,1,0.01412573606998196,0.015657442390823378,75,75,0,2,3,3,13,8,13,20,61
775,0,616,1,100,99,0,54,1,39,38,0,42,1,51,50,0.0,0.007828721195411689,1,67,66,2,-1,3,8,0,39,96,21
776,64,270,64,97,33,38,38,57,57,0,38,38,59,59,0,0.010960209673576363,0.0123557643214541,73,74,1,3,3,3,3,9,55,27,52
777,12,114,41,86,45,8,8,32,32,0,12,8,41,38,-3,0.0013274788113958951,0.0018040096667687805,41,43,2,4,4,4,2,2,95,61,74
778,74,176,72,93,21,32,32,69,69,0,32,32,69,69,0,0.01147077844719017,0.011640968038394772,71,71,0,4,3,3,2,9,93,27,4
779,0,206,1,89,88,0,30,1,35,34,0,30,1,51,50,0.0,0.006126825283365669,1,57,56,3,-1,4,5,0,61,87,31
780,100,100,65,65,0,100,100,45,45,0,100,100,65,65,0,0.026209197045508698,0.026209197045508698,88,88,0,-1,1,1,10,8,12,17,36
781,56,672,53,100,47,120,188,58,68,10,56,188,53,86,33,0.0016678579938050988,0.02382654276864427,41,87,46,2,2,2,14,2,16,63,11
782,50,151,66,90,24,12,12,40,40,0,12,12,42,42,0,0.00704584907587052,0.00707988699411144,66,66,0,6,4,4,2,9,90,31,78
783,273,479,95,99,4,248,248,98,98,0,248,248,98,98,0,0.0195377650702883,0.022669253548452978,82,84,2,3,2,2,8,15,30,19,35
784,134,134,88,88,0,72,72,85,85,0,72,72,85,85,0,0.02474556656114912,0.02474556656114912,86,86,0,-1,2,2,3,20,60,23,69
785,0,0,1,1,0,0,0,1,1,0,0,0,1,1,0,0.0,0.0,1,1,0,-1,-1,-1,3,0,94,89,66
786,0,206,1,87,86,0,48,1,33,32,0,8,1,33,32,0.0,0.0013955546478777359,1,40,39,3,-1,4,16,0,9,86,52
787,240,1880,93,100,7,160,184,86,93,7,160,184,88,94,6,0.018993158378433576,0.0370672929643623,83,94,11,1,2,2,7,18,24,5,38
788,78,284,68,95,27,48,48,54,54,0,48,48,56,56,0,0.008713707069675619,0.009360427516253106,64,64,0,3,3,3,3,7,87,48,63
789,0,616,1,100,99,0,42,1,39,38,0,38,1,50,49,0.0,0.007658531604207087,1,63,62,2,-1,3,6,1,74,45,77
790,24,126,50,86,36,28,28,48,48,0,24,28,51,53,2,0.0028932230504782326,0.0029612988869600733,48,48,0,4,3,3,3,6,55,70,4
791,0,102,1,69,68,0,13,1,27,26,0,2,1,25,24,0.0,0.00013615167296368154,1,31,30,4,-1,5,10,0,0,80,55
792,63,1703,67,100,33,34,68,44,76,32,34,68,55,78,23,0.006535280302256714,0.03849688553048095,63,95,32,1,3,2,4,8,72,57,34
793,0,616,1,100,99,0,22,1,51,50,0,22,1,53,52,0.0,0.011164437183021887,1,69,68,2,-1,3,2,0,86,40,25
794,100,100,67,67,0,100,100,54,54,0,100,100,67,67,0,0.034105994077402224,0.034105994077402224,94,94,0,-1,1,1,8,8,27,8,93
795,100,100,66,66,0,100,100,66,66,0,100,100,69,69,0,0.06630586473331292,0.0719561591613057,100,100,0,2,1,1,7,40,62,3,57
796,100,100,77,77,0,72,72,77,77,0,72,72,77,77,0,0.009564655025698629,0.009564655025698629,72,72,0,-1,2,2,3,6,82,13,98
797,114,320,76,98,22,100,100,70,70,0,100,100,72,72,0,0.01143674052894925,0.014738418598318526,69,78,9,3,2,2,6,9,65,31,35
798,0,206,1,88,87,0,23,1,32,31,0,14,1,36,35,0.0,0.002825147213996392,1,47,46,3,-1,4,6,0,41,92,73
799,0,101,1,73,72,0,4,1,25,24,0,1,1,25,24,0.0,0.0,1,1,0,5,-1,6,4,0,83,59,68
800,0,206,1,92,91,0,10,1,31,30,0,8,1,36,35,0.0,0.002280540522141666,1,43,42,3,-1,4,3,0,85,79,75
801,0,0,1,1,0,0,0,1,1,0,0,0,1,1,0,0.0,0.0,1,1,0,-1,-1,-1,11,0,38,67,50
802,0,206,1,89,88,0,30,1,33,32,0,14,1,35,34,0.0,0.0030634126416828346,1,49,48,3,-1,4,9,0,28,79,73
803,0,616,1,100,99,0,98,1,40,39,0,59,1,53,52,0.0,0.013036522686272508,1,74,73,2,-1,3,13,0,13,81,39
804,0,616,1,100,99,0,34,1,38,37,0,34,1,49,48,0.0,0.016236087000919025,1,78,77,2,-1,3,4,0,53,93,9
805,130,130,82,82,0,128,128,93,93,0,128,128,93,93,0,0.01674665577453283,0.01674665577453283,80,80,0,-1,2,2,5,8,37,20,89
806,210,210,94,94,0,94,94,71,71,0,94,94,72,72,0,0.019912182170938427,0.019912182170938427,84,84,0,-1,2,2,5,17,63,6,81
807,0,101,1,75,74,0,6,1,25,24,0,1,1,25,24,0.0,6.807583648184077e-05,1,29,28,5,-1,6,6,0,44,89,60
808,142,142,85,85,0,80,80,60,60,0,80,80,65,65,0,0.01324075019571803,0.01324075019571803,77,77,0,-1,3,3,5,14,50,14,40
809,16,216,46,95,49,12,12,41,41,0,12,12,41,41,0,0.002927260968719153,0.015623404472582456,49,79,30,3,4,4,2,6,95,41,18
810,230,230,95,95,0,152,152,95,95,0,152,152,95,95,0,0.023213860240307704,0.023213860240307704,87,87,0,-1,2,2,5,18,63,5,40
811,48,664,52,100,48,148,188,64,68,4,48,188,52,86,34,0.0022465026039007454,0.01330882603219987,45,73,28,2,2,2,14,4,16,64,14
812,373,373,99,99,0,120,120,99,99,0,120,120,99,99,0,0.05265665951870384,0.05265665951870384,97,97,0,-1,2,2,3,36,75,2,86
813,16,632,32,99,67,68,98,34,34,0,16,40,32,44,12,0.00030634126416828345,0.0026889955410327104,34,49,15,2,3,3,17,1,20,4,70
814,339,545,98,100,2,152,152,98,98,0,152,152,98,98,0,0.04360257326661901,0.048299805983866025,96,97,1,3,2,2,5,29,45,11,34
815,265,367,96,99,3,88,88,80,80,0,88,88,81,81,0,0.03420810783212499,0.03478675244222063,92,92,0,4,2,2,4,30,77,7,43
816,196,812,89,100,11,172,172,88,88,0,172,172,90,90,0,0.019469689233806462,0.03349331154906566,80,92,12,2,2,2,9,18,35,30,16
817,0,206,1,92,91,0,33,1,32,31,0,6,1,30,29,0.0,0.0005446066918547262,1,36,35,3,-1,4,11,0,19,97,42
818,100,100,58,58,0,100,100,38,38,0,100,100,58,58,0,0.05905578814799687,0.05905578814799687,100,100,0,4,1,1,16,36,9,2,65
819,47,47,63,63,0,22,22,49,49,0,22,22,50,50,0,0.006467204465774873,0.006467204465774873,60,60,0,-1,3,3,2,8,93,44,89
820,18,634,41,100,59,62,80,36,41,5,18,80,41,59,18,0.00034037918240920387,0.010279451308757957,34,70,36,2,3,3,10,2,1,63,33
821,100,100,63,63,0,100,100,39,39,0,100,100,63,63,0,0.018891044623710815,0.026719765819122502,79,88,9,2,1,1,14,6,17,13,32
822,2,2,28,28,0,12,12,30,30,0,2,2,28,28,0,0.00013615167296368154,0.00013615167296368154,30,30,0,-1,5,5,6,1,44,65,98
823,70,686,58,100,42,120,130,65,66,1,70,92,58,60,2,0.004731270635487933,0.008135062459579971,57,63,6,2,3,3,10,6,11,28,29
824,16,16,32,32,0,46,46,31,31,0,16,16,32,32,0,0.0002723033459273631,0.0002723033459273631,31,31,0,-1,3,3,14,1,8,65,96
825,12,628,33,100,67,52,92,35,40,5,12,92,33,60,27,0.0004084550188910446,0.016440314510364547,35,75,40,2,4,3,12,2,2,63,16
826,240,341,94,98,4,72,72,80,80,0,72,72,80,80,0,0.031110657272201234,0.031212771026923995,91,91,0,5,2,2,3,27,87,10,60
827,0,0,1,1,0,0,0,1,1,0,0,0,1,1,0,0.0,0.0,1,1,0,-1,-1,-1,9,0,54,67,59
828,0,1640,1,100,99,0,196,1,71,70,0,196,1,87,86,0.0,0.03512713162462984,1,91,90,1,-1,2,12,0,14,86,3
829,421,621,99,100,1,152,152,96,96,0,152,152,96,96,0,0.052724735355185674,0.059838660267538035,99,100,1,3,2,2,5,36,80,2,6
830,22,228,44,93,49,46,46,43,43,0,22,46,44,53,9,0.003437829742332959,0.02215868477483917,49,83,34,3,3,3,6,3,69,29,1
831,6,6,29,29,0,16,16,29,29,0,6,6,29,29,0,6.807583648184077e-05,6.807583648184077e-05,27,27,0,-1,4,4,7,1,24,95,69
832,0,616,1,100,99,0,28,1,35,34,0,28,1,48,47,0.0,0.007522379931243405,1,63,62,2,-1,3,5,0,63,40,24
833,0,0,1,1,0,0,0,1,1,0,0,0,1,1,0,0.0,0.0,1,1,0,-1,-1,-1,9,0,26,81,93
834,40,40,58,58,0,52,52,81,81,0,40,40,67,67,0,0.0088498587426393,0.0088498587426393,68,68,0,-1,2,2,3,1,81,90,36
835,199,405,91,98,7,168,168,87,87,0,168,168,89,89,0,0.02396269444160795,0.026107083290785937,86,87,1,3,2,2,9,15,35,16,46
836,281,487,98,100,2,88,88,84,84,0,88,88,84,84,0,0.03618230709009837,0.042819701147077845,94,97,3,3,2,2,4,29,67,11,33
837,34,34,45,45,0,86,86,43,43,0,34,34,45,45,0,0.002144388849177984,0.002144388849177984,44,44,0,-1,3,3,10,3,12,54,98
838,100,100,76,76,0,100,100,97,97,0,100,100,97,97,0,0.06028115320467,0.06702066101637223,99,99,0,3,1,1,3,6,94,34,20
839,0,616,1,100,99,0,60,1,47,46,0,60,1,60,59,0.0,0.021035433472888797,1,86,85,2,-1,3,5,1,63,50,9
840,0,0,1,1,0,0,0,1,1,0,0,0,1,1,0,0.0,0.0,1,1,0,-1,-1,-1,14,0,8,36,69
841,80,286,69,96,27,38,38,53,53,0,38,38,55,55,0,0.009122162088566664,0.014295925661186561,69,76,7,3,3,3,3,9,64,31,34
842,0,616,1,100,99,0,60,1,47,46,0,60,1,59,58,0.0,0.015283025290173252,1,78,77,2,-1,3,5,0,63,89,5
843,6,622,29,100,71,18,60,32,48,16,6,60,29,53,24,0.0002382654276864427,0.022328874366043774,33,89,56,2,4,3,5,1,52,88,10
844,482,1098,100,100,0,240,240,98,98,0,240,240,98,98,0,0.046529834235338165,0.058034650600769254,97,99,2,2,2,2,9,40,23,3,6
845,0,616,1,100,99,0,64,1,38,37,0,64,1,55,54,0.0,0.014295925661186561,1,76,75,2,-1,3,8,0,10,97,15
846,404,604,99,100,1,128,128,92,92,0,128,128,92,92,0,0.04418121787671466,0.04544062085162871,97,97,0,3,2,2,5,40,50,3,54
847,16,16,38,38,0,42,42,40,40,0,16,16,38,38,0,0.001157289220191293,0.001157289220191293,39,39,0,-1,3,3,6,1,74,71,80
848,120,736,78,100,22,238,238,79,79,0,120,166,78,83,5,0.00970080669866231,0.01412573606998196,66,73,7,2,2,2,14,7,16,21,13
849,0,0,1,1,0,0,0,1,1,0,0,0,1,1,0,0.0,0.0,1,1,0,-1,-1,-1,5,0,63,87,86
850,48,48,61,61,0,28,28,44,44,0,28,28,51,51,0,0.007113924912352361,0.007113924912352361,64,64,0,-1,3,3,3,7,92,48,50
851,94,300,67,96,29,158,158,83,83,0,94,158,68,87,19,0.012117498893767658,0.019776030497974745,71,80,9,3,2,2,9,5,26,25,8
852,22,228,43,94,51,40,40,39,39,0,22,40,43,52,9,0.0019741992579733825,0.01494264610776405,44,77,33,3,3,3,5,2,63,52,15
853,160,160,92,92,0,80,80,97,97,0,80,80,97,97,0,0.037850165083903466,0.037850165083903466,95,95,0,-1,2,2,2,18,93,30,40
854,0,0,1,1,0,0,0,1,1,0,0,0,1,1,0,0.0,0.0,1,1,0,-1,-1,-1,2,0,95,87,50
855,82,82,69,69,0,64,64,70,70,0,64,64,70,70,0,0.011368664692467409,0.011368664692467409,69,69,0,-1,3,3,4,8,84,20,40
856,100,306,66,96,30,142,142,71,71,0,100,106,66,76,10,0.009088124170325743,0.009360427516253106,65,65,0,3,2,2,8,6,15,34,88
857,0,0,1,1,0,0,0,1,1,0,0,0,1,1,0,0.0,0.0,1,1,0,-1,-1,-1,10,1,12,45,97
858,112,112,76,76,0,86,86,56,56,0,86,86,62,62,0,0.011606930120153852,0.011606930120153852,70,70,0,-1,3,3,6,8,51,17,86
859,16,16,37,37,0,58,58,43,43,0,16,16,37,37,0,0.0020422750944552232,0.0020422750944552232,45,45,0,-1,3,3,8,2,21,94,40
860,46,148,59,87,28,52,52,74,74,0,46,48,62,62,0,0.005105687736138058,0.005990673610401988,55,59,4,4,2,2,3,2,58,63,71
861,100,100,68,68,0,100,100,63,63,0,100,100,68,68,0,0.0374076721467715,0.049184791858129955,92,98,6,2,1,1,6,14,41,32,30
862,213,829,95,100,5,72,72,77,77,0,72,72,79,79,0,0.03536539705231628,0.04571292419755608,94,95,1,2,2,2,3,29,96,11,20
863,0,101,1,78,77,0,6,1,24,23,0,1,1,24,23,0.0,0.0,1,1,0,5,-1,6,6,0,69,89,95
864,0,206,1,92,91,0,28,1,29,28,0,8,1,33,32,0.0,0.0005446066918547262,1,34,33,3,-1,4,12,0,6,92,63
865,84,290,73,95,22,48,48,66,66,0,48,48,67,67,0,0.013410939786922631,0.018244324177133328,77,83,6,3,3,3,3,9,76,39,44
866,0,0,1,1,0,0,0,1,1,0,0,0,1,1,0,0.0,0.0,1,1,0,-1,-1,-1,5,0,88,76,82
867,20,20,45,45,0,40,40,43,43,0,20,20,45,45,0,0.0015657442390823377,0.0015657442390823377,43,43,0,-1,3,3,5,3,45,43,84
868,100,100,63,63,0,100,100,39,39,0,100,100,63,63,0,0.019095272133156337,0.02127369890057524,80,83,3,3,1,1,14,8,17,57,75
869,68,684,63,100,37,88,88,76,76,0,68,88,73,78,5,0.009292351679771264,0.015112835698968652,68,79,11,2,2,2,4,4,47,72,38
870,128,328,83,95,12,74,74,64,64,0,74,74,70,70,0,0.013036522686272508,0.01330882603219987,75,75,0,3,2,2,5,14,88,32,4
871,22,228,46,94,48,54,54,62,62,0,22,28,46,53,7,0.005071649817897137,0.006773545729943157,55,63,8,3,3,3,4,3,72,29,51
872,0,206,1,94,93,0,10,1,31,30,0,6,1,31,30,0.0,0.002110350930937064,1,44,43,3,-1,4,3,1,96,69,94
873,152,768,84,100,16,78,88,68,72,4,78,88,71,73,2,0.012525953912658701,0.027162258756254467,74,88,14,2,2,2,4,14,83,32,18
874,86,86,64,64,0,86,86,56,56,0,86,86,66,66,0,0.008713707069675619,0.008713707069675619,66,66,0,-1,3,3,6,7,59,21,45
875,107,209,83,95,12,56,56,86,86,0,56,56,86,86,0,0.019095272133156337,0.019673916743251984,82,83,1,4,2,2,2,9,95,39,71
876,94,710,77,100,23,72,72,77,77,0,72,72,79,79,0,0.00966676878042139,0.04060723646141802,70,95,25,2,2,2,3,5,96,47,3
877,0,101,1,78,77,0,6,1,24,23,0,1,1,24,23,0.0,0.00017018959120460194,1,30,29,5,-1,6,6,0,69,79,55
878,134,340,84,99,15,88,88,80,80,0,88,88,80,80,0,0.023384049831512304,0.025324211171244768,85,86,1,3,2,2,4,18,84,30,46
879,0,1640,1,100,99,0,64,1,60,59,0,64,1,63,62,0.0,0.04244528404642772,1,96,95,1,-1,2,5,0,49,59,1
880,107,313,82,97,15,72,72,83,83,0,72,72,83,83,0,0.01841451376833793,0.029578950951359814,84,90,6,3,2,2,3,9,58,39,37
881,112,318,75,99,24,264,264,77,77,0,112,118,75,76,1,0.007147962830593281,0.008543517478471017,57,59,2,3,2,2,16,4,9,72,94
882,62,1702,52,100,48,174,228,67,76,9,62,228,52,92,40,0.0031314884781646754,0.03175737771877872,50,92,42,1,2,2,15,6,7,70,10
883,54,54,65,65,0,22,22,52,52,0,22,22,55,55,0,0.010449640899962559,0.010449640899962559,70,70,0,-1,3,3,2,8,98,8,45
884,25,231,50,97,47,32,32,58,58,0,32,32,60,60,0,0.004595118962524252,0.01855066544130161,54,84,30,3,3,3,2,6,91,73,23
885,0,206,1,91,90,0,20,1,33,32,0,20,1,47,46,0.0,0.004799346471969774,1,55,54,3,-1,4,4,0,84,36,57
886,0,102,1,75,74,0,21,1,27,26,0,2,1,25,24,0.0,0.0002723033459273631,1,30,29,4,-1,5,14,0,8,36,88
887,239,445,93,100,7,144,144,94,94,0,144,144,94,94,0,0.027706865448109193,0.046189455052928964,89,99,10,3,2,2,6,15,71,16,1
888,0,1640,1,100,99,0,188,1,70,69,0,188,1,84,83,0.0,0.029544913033118896,1,92,91,1,-1,2,14,0,25,67,7
889,2,618,28,100,72,3,22,28,47,19,2,22,28,50,22,3.4037918240920386e-05,0.015283025290173252,28,79,51,2,5,3,2,1,95,65,12
890,6,212,28,92,64,19,28,31,33,2,6,30,28,46,18,0.00010211375472276115,0.004493005207801491,27,47,20,3,4,4,6,1,56,60,72
891,0,102,1,75,74,0,11,1,27,26,0,2,1,25,24,0.0,3.4037918240920386e-05,1,26,25,4,-1,5,8,1,15,45,95
892,80,1720,64,100,36,76,110,59,78,19,76,110,66,80,14,0.008169100377820893,0.02998740597025086,64,90,26,1,3,2,6,9,34,31,26
893,0,0,1,1,0,0,0,1,1,0,0,0,1,1,0,0.0,0.0,1,1,0,-1,-1,-1,4,0,53,79,98
894,152,358,91,100,9,52,52,76,76,0,52,52,77,77,0,0.01841451376833793,0.02198849518363457,83,87,4,3,2,2,3,18,55,5,22
895,76,692,62,100,38,86,86,57,57,0,76,86,62,65,3,0.008305252050784574,0.016168011164437182,64,79,15,2,3,3,6,7,65,21,17
896,100,100,77,77,0,100,100,96,96,0,100,100,96,96,0,0.07610878518669797,0.07610878518669797,98,98,0,-1,1,1,3,20,66,23,93
897,0,0,1,1,0,0,0,1,1,0,0,0,1,1,0,0.0,0.0,1,1,0,-1,-1,-1,6,0,56,82,99
898,45,45,62,62,0,48,48,68,68,0,48,48,69,69,0,0.009258313761530345,0.009258313761530345,69,69,0,-1,3,3,3,5,81,25,67
899,0,616,1,100,99,0,28,1,43,42,0,28,1,50,49,0.0,0.021784267674189048,1,86,85,2,-1,3,3,0,92,87,1
900,2,2,27,27,0,4,4,29,29,0,2,2,27,27,0,0.00030634126416828345,0.00030634126416828345,31,31,0,-1,5,5,2,1,99,60,36
901,0,616,1,100,99,0,58,1,35,34,0,36,1,49,48,0.0,0.004186663943633207,1,54,53,2,-1,3,10,0,1,76,47
902,6,107,29,71,42,23,23,29,29,0,6,7,29,32,3,0.0,3.4037918240920386e-05,1,28,27,5,4,4,10,1,0,95,78
903,16,616,41,100,59,34,34,43,43,0,16,34,41,51,10,0.0008509479560230097,0.007113924912352361,38,59,21,2,3,3,4,1,83,71,27
904,0,206,1,93,92,0,32,1,36,35,0,18,1,39,38,0.0,0.0030974505599237552,1,50,49,3,-1,4,6,0,34,96,35
905,0,1640,1,100,99,0,120,1,60,59,0,120,1,78,77,0.0,0.023588277340957826,1,87,86,1,-1,2,11,0,33,96,16
906,6,6,31,31,0,32,32,35,35,0,6,6,31,31,0,0.000442492937131965,0.000442492937131965,36,36,0,-1,4,4,8,1,57,49,85
907,0,616,1,100,99,0,32,1,57,56,0,32,1,59,58,0.0,0.016338200755641786,1,81,80,2,-1,3,2,1,91,50,33
908,0,206,1,94,93,0,10,1,30,29,0,6,1,30,29,0.0,0.0011913271384322134,1,39,38,3,-1,4,3,0,66,85,53
909,335,535,99,100,1,144,144,95,95,0,144,144,95,95,0,0.03625038292658021,0.039415909322985804,95,95,0,3,2,2,6,29,65,1,57
910,50,151,56,88,32,76,76,52,52,0,50,51,56,56,0,0.006603356138738555,0.006773545729943157,60,62,2,5,3,3,6,6,48,26,60
911,1,1,26,26,0,3,3,26,26,0,1,1,26,26,0,0.0,0.0,1,1,0,-1,6,6,3,2,64,58,76
912,0,616,1,100,99,0,60,1,48,47,0,60,1,58,57,0.0,0.01872085503250621,1,82,81,2,-1,3,5,0,88,97,15
913,205,411,92,99,7,136,136,98,98,0,136,136,98,98,0,0.03158718812757412,0.03795227883862623,91,93,2,3,2,2,4,15,77,16,17
914,44,250,54,95,41,80,80,70,70,0,44,80,54,73,19,0.006875659484665918,0.010755982164130842,59,72,13,3,3,3,5,4,45,38,26
915,24,230,45,92,47,40,40,40,40,0,24,40,45,48,3,0.001157289220191293,0.0053099152455835805,39,53,14,3,3,3,5,4,50,64,26
916,184,286,88,95,7,318,318,91,91,0,184,186,88,88,0,0.013444977705163553,0.013581129378127233,75,76,1,4,2,2,16,8,4,17,65
917,6,212,29,89,60,24,28,32,33,1,6,14,29,33,4,0.0,0.0005786446100956465,1,35,34,3,4,4,8,1,42,95,63
918,16,222,48,97,49,12,12,35,35,0,12,12,42,42,0,0.0028591851322373124,0.011300588855985567,51,73,22,3,4,4,2,6,98,41,27
919,0,101,1,76,75,0,6,1,25,24,0,1,1,25,24,0.0,3.4037918240920386e-05,1,26,25,5,-1,6,6,0,71,96,95
920,0,206,1,93,92,0,10,1,30,29,0,10,1,40,39,0.0,0.005003573981415297,1,53,52,3,-1,4,3,0,92,85,48
921,2,104,26,74,48,6,8,26,28,2,2,4,26,28,2,3.4037918240920386e-05,0.0002723033459273631,26,32,6,4,5,5,5,1,61,68,49
922,0,616,1,100,99,0,46,1,38,37,0,46,1,52,51,0.0,0.008441403723748256,1,66,65,2,-1,3,6,0,41,99,27
923,100,100,65,65,0,100,100,47,47,0,100,100,65,65,0,0.06205112495319786,0.06205112495319786,100,100,0,-1,1,1,11,36,38,2,40
924,100,100,67,67,0,100,100,57,57,0,100,100,67,67,0,0.02900030634126417,0.039994553933081455,89,96,7,2,1,1,8,8,21,44,5
925,100,100,73,73,0,100,100,88,88,0,100,100,88,88,0,0.049014602266925354,0.07971680452023554,97,100,3,1,1,1,4,13,84,24,6
926,169,1809,84,100,16,302,336,89,95,6,169,336,84,97,13,0.012389802239695021,0.03965417475067225,70,96,26,1,2,2,15,8,7,44,10
927,100,100,59,59,0,100,100,40,40,0,100,100,59,59,0,0.037509785901494265,0.03812246842983083,94,94,0,3,1,1,15,22,7,9,42
928,0,0,1,1,0,0,0,1,1,0,0,0,1,1,0,0.0,0.0,1,1,0,-1,-1,-1,4,1,73,69,99
929,186,287,91,96,5,104,104,80,80,0,104,104,81,81,0,0.024200959869294394,0.024269035705776234,88,88,0,5,2,2,5,15,63,16,68
930,100,100,63,63,0,100,100,39,39,0,100,100,63,63,0,0.04700636509071105,0.0482657680656251,96,99,3,2,1,1,14,29,17,1,42
931,295,295,97,97,0,120,120,86,86,0,120,120,86,86,0,0.03158718812757412,0.03158718812757412,91,91,0,-1,2,2,6,29,65,11,66
932,16,632,33,100,67,120,120,60,60,0,16,50,33,50,17,0.0034718676605738795,0.009054086252084823,49,67,18,2,3,3,10,1,0,90,38
933,142,244,89,95,6,72,72,87,87,0,72,72,87,87,0,0.01960584090677014,0.02127369890057524,86,86,0,4,2,2,3,16,55,12,75
934,173,173,90,90,0,112,112,95,95,0,112,112,95,95,0,0.02644746247319514,0.02644746247319514,89,89,0,-1,2,2,4,16,73,18,99
935,100,100,62,62,0,100,100,43,43,0,100,100,62,62,0,0.05834099186493754,0.06732700228054052,100,100,0,2,1,1,12,40,14,3,39
936,80,181,73,94,21,32,32,64,64,0,32,32,64,64,0,0.01232172640321318,0.01232172640321318,72,72,0,6,3,3,2,14,89,14,68
937,86,1726,60,100,40,142,176,66,75,9,86,176,60,87,27,0.009122162088566664,0.03179141563701964,69,89,20,1,3,2,12,6,3,34,9
938,0,206,1,90,89,0,24,1,37,36,0,24,1,49,48,0.0,0.019741992579733823,1,84,83,3,-1,4,4,0,79,98,0
939,0,102,1,83,82,0,4,1,28,27,0,4,1,32,31,0.0,0.0033357159876101976,1,53,52,4,-1,5,2,0,86,82,73
940,0,616,1,100,99,0,36,1,40,39,0,28,1,46,45,0.0,0.005956635692161067,1,56,55,2,-1,3,5,0,88,76,26
941,45,45,62,62,0,48,48,68,68,0,48,48,69,69,0,0.009258313761530345,0.009258313761530345,69,69,0,-1,3,3,3,5,81,25,59
942,198,798,88,100,12,120,120,85,85,0,120,120,87,87,0,0.020150447598624867,0.026277272881990537,80,85,5,2,2,2,6,17,74,6,25
943,176,176,87,87,0,182,182,88,88,0,176,176,91,91,0,0.01507879778072773,0.01507879778072773,75,75,0,-1,2,2,9,9,29,27,84
944,0,0,1,1,0,0,0,1,1,0,0,0,1,1,0,0.0,0.0,1,1,0,-1,-1,-1,4,0,83,91,66
945,22,228,45,94,49,42,42,39,39,0,22,42,45,50,5,0.0013955546478777359,0.007454304094761564,39,64,25,3,3,3,6,3,59,51,21
946,138,138,82,82,0,172,172,73,73,0,138,138,82,82,0,0.010279451308757957,0.010279451308757957,68,68,0,-1,2,2,12,9,2,31,89
947,100,100,58,58,0,100,100,35,35,0,100,100,59,59,0,0.012764219340345145,0.013410939786922631,70,70,0,3,1,1,17,3,20,29,49
948,16,632,34,100,66,54,68,35,40,5,16,52,34,50,16,0.0010892133837094523,0.005582218591510943,39,57,18,2,3,3,8,1,42,71,26
949,0,1640,1,100,99,0,134,1,68,67,0,134,1,80,79,0.0,0.02995336805200994,1,89,88,1,-1,2,10,0,11,80,23
950,0,0,1,1,0,0,0,1,1,0,0,0,1,1,0,0.0,0.0,1,1,0,-1,-1,-1,2,0,91,98,89
951,70,172,63,89,26,88,88,47,47,0,70,73,63,64,1,0.0053099152455835805,0.005480104836788182,58,58,0,4,3,3,8,6,39,26,56
952,32,238,52,94,42,60,60,53,53,0,32,41,52,52,0,0.004561081044283332,0.00704584907587052,54,62,8,3,3,3,5,3,49,29,70
953,125,331,82,97,15,84,84,74,74,0,84,84,75,75,0,0.017869907076483203,0.02467749072466728,81,87,6,3,2,2,5,12,45,37,8
954,84,290,75,98,23,32,32,58,58,0,32,32,60,60,0,0.014466115252391163,0.016542428265087308,78,81,3,3,3,3,2,9,91,39,46
955,32,632,43,100,57,94,94,45,45,0,32,32,43,43,0,0.0019741992579733825,0.0030293747234419145,41,48,7,2,3,3,9,2,29,61,49
956,6,622,30,100,70,24,42,33,35,2,6,34,30,51,21,0.0002723033459273631,0.00527587732734266,33,55,22,2,4,3,8,1,21,4,35
957,94,710,70,100,30,68,78,72,77,5,68,78,74,77,3,0.012730181422104225,0.03601211749889377,71,94,23,2,2,2,4,9,67,31,0
958,45,251,61,99,38,32,32,64,64,0,32,32,64,64,0,0.004833384390210695,0.01664454201981007,56,80,24,3,3,3,2,6,89,28,18
959,135,237,87,94,7,32,32,58,58,0,32,32,59,59,0,0.01872085503250621,0.018925082541951733,85,85,0,4,3,3,2,16,68,18,4
960,2,2,26,26,0,6,6,26,26,0,2,2,26,26,0,6.807583648184077e-05,6.807583648184077e-05,28,28,0,-1,5,5,5,1,80,78,84
961,0,616,1,100,99,0,28,1,39,38,0,28,1,48,47,0.0,0.015453214881377854,1,80,79,2,-1,3,3,0,82,91,23
962,86,1726,62,100,38,216,250,82,88,6,86,191,62,88,26,0.004561081044283332,0.019367575479083698,53,80,27,1,2,2,13,6,13,70,24
963,135,236,86,92,6,64,64,70,70,0,64,64,70,70,0,0.016440314510364547,0.016542428265087308,80,80,0,5,3,3,4,15,84,19,95
964,0,0,1,1,0,0,0,1,1,0,0,0,1,1,0,0.0,0.0,1,1,0,-1,-1,-1,5,0,52,84,69
965,56,262,55,95,40,128,128,72,72,0,56,62,55,56,1,0.0061949011198475104,0.006909697402906838,56,57,1,3,2,2,9,3,35,29,71
966,38,244,49,93,44,74,74,42,42,0,38,44,49,52,3,0.002757071377514551,0.003778208924742163,45,51,6,3,3,3,9,3,23,54,53
967,22,123,45,79,34,86,86,57,57,0,22,23,45,48,3,0.004186663943633207,0.004186663943633207,54,54,0,6,3,3,6,3,44,29,68
968,16,117,44,84,40,28,28,44,44,0,16,17,43,46,3,0.0018040096667687805,0.0018040096667687805,44,44,0,5,3,3,3,2,76,94,95
969,0,102,1,75,74,0,9,1,27,26,0,2,1,26,25,0.0,0.0004765308553728854,1,35,34,4,-1,5,6,0,34,85,42
970,212,812,90,100,10,120,120,88,88,0,120,120,87,87,0,0.023213860240307704,0.053439531638245004,85,99,14,2,2,2,6,19,71,15,2
971,84,284,66,95,29,90,90,71,71,0,84,90,71,72,1,0.007386228258279724,0.014636304843595765,60,77,17,3,2,2,6,5,69,47,20
972,186,287,92,95,3,120,120,87,87,0,120,120,89,89,0,0.01943565131556554,0.019741992579733823,86,86,0,5,2,2,6,18,32,5,55
973,386,1002,98,100,2,374,374,99,99,0,374,374,99,99,0,0.026107083290785937,0.02757071377514551,88,89,1,2,2,2,15,19,7,15,54
974,0,616,1,100,99,0,38,1,56,55,0,38,1,58,57,0.0,0.020831205963443275,1,87,86,2,-1,3,3,0,55,93,16
975,0,616,1,100,99,0,38,1,48,47,0,38,1,53,52,0.0,0.022226760611321013,1,88,87,2,-1,3,3,0,87,96,1
976,339,545,95,100,5,152,152,96,96,0,152,152,96,96,0,0.03720344463732598,0.04646175839885633,92,96,4,3,2,2,5,29,80,11,37
977,230,436,94,100,6,112,112,95,95,0,112,112,95,95,0,0.02978317846080534,0.03815650634807175,91,94,3,3,2,2,4,18,73,5,39
978,38,238,47,94,47,54,54,56,56,0,38,54,48,56,8,0.003642057251778481,0.011130399264780965,47,69,22,3,3,3,4,6,67,70,14
979,0,102,1,76,75,0,8,1,28,27,0,4,1,30,29,0.0,0.0002042275094455223,1,30,29,4,-1,5,5,0,70,36,56
980,16,117,34,77,43,68,68,41,41,0,16,17,34,39,5,0.0031314884781646754,0.0031314884781646754,50,50,0,5,3,3,8,3,42,46,68
981,0,206,1,89,88,0,27,1,29,28,0,6,1,28,27,0.0,0.00088498587426393,1,36,35,3,-1,4,12,0,14,92,71
982,0,1640,1,100,99,0,134,1,66,65,0,134,1,83,82,0.0,0.03550154872527996,1,92,91,1,-1,2,10,1,36,50,0
983,0,616,1,100,99,0,42,1,37,36,0,22,1,40,39,0.0,0.002484768031587188,1,45,44,2,-1,3,6,0,41,99,52
984,114,214,84,96,12,38,38,47,47,0,38,38,53,53,0,0.013547091459886314,0.013581129378127233,79,79,0,4,3,3,3,14,75,32,4
985,0,0,1,1,0,0,0,1,1,0,0,0,1,1,0,0.0,0.0,1,1,0,-1,-1,-1,12,0,3,86,82
986,147,147,92,92,0,56,56,84,84,0,56,56,85,85,0,0.02563055243541305,0.02563055243541305,89,89,0,-1,2,2,2,16,98,12,85
987,334,934,96,100,4,246,246,95,95,0,246,246,96,96,0,0.025290173253003846,0.02906838217774601,88,91,3,2,2,2,10,19,22,15,13
988,32,32,53,53,0,38,38,57,57,0,32,32,59,59,0,0.002484768031587188,0.002484768031587188,46,46,0,-1,3,3,3,2,85,52,84
989,2,2,26,26,0,9,9,26,26,0,2,2,26,26,0,0.0,0.0,1,1,0,-1,5,5,8,1,42,68,76
990,16,632,36,100,64,68,82,45,49,4,16,82,36,64,28,0.001599782157323258,0.017529527894074,40,80,40,2,3,3,7,2,43,42,30
991,190,806,90,100,10,148,148,96,96,0,148,148,96,96,0,0.01940161339732462,0.026923993328568024,80,88,8,2,2,2,6,8,51,8,20
992,0,1640,1,100,99,0,58,1,67,66,0,58,1,68,67,0.0,0.03887130263113108,1,94,93,1,-1,2,4,1,73,69,15
993,56,56,55,55,0,60,60,51,51,0,56,56,54,54,0,0.005786446100956465,0.005786446100956465,56,56,0,-1,3,3,5,6,37,28,50
994,0,0,1,1,0,0,0,1,1,0,0,0,1,1,0,0.0,0.0,1,1,0,-1,-1,-1,4,0,73,76,98
995,146,246,85,91,6,80,80,59,59,0,80,80,63,63,0,0.02215868477483917,0.02219272269308009,85,85,0,4,3,3,5,15,61,16,95
996,0,616,1,100,99,0,36,1,39,38,0,36,1,50,49,0.0,0.008066986623098132,1,66,65,2,-1,3,5,0,37,40,17
997,126,742,83,100,17,222,222,83,83,0,126,152,83,85,2,0.01153885428367201,0.016712617856291908,73,77,4,2,2,2,13,8,13,17,72
998,16,1656,32,100,68,40,178,30,71,41,16,178,32,85,53,0.0005105687736138058,0.028591851322373123,34,90,56,1,3,2,14,1,17,60,1
999,62,662,59,100,41,88,88,73,73,0,62,88,62,73,11,0.006262976956329351,0.023452125667994147,58,87,29,2,2,2,4,6,83,70,9
