,FreeNet_pre_score,FreeNet_post_score,FreeNet_pre_rank,FreeNet_post_rank,FreeNet_delta_ranks,Reversed_pre_score,Reversed_post_score,Reversed_pre_rank,Reversed_post_rank,Reversed_delta_ranks,Independent_pre_score,Independent_post_score,Independent_pre_rank,Independent_post_rank,Independent_delta_ranks,Random_pre_score,Random_post_score,Random_pre_rank,Random_post_rank,Random_delta_ranks,dist_victim_relayer,dist_victim_vilain_pre,dist_victim_vilain_post,out_deg_victim,in_deg_villain,victim,villain,relayer
0,18,224,42,93,51,36,40,38,39,1,18,24,42,46,4,0.0012594029749140542,0.0033357159876101976,40,49,9,3,3,3,5,3,52,51,46
1,118,1758,78,100,22,176,200,74,80,6,118,200,78,91,13,0.011845195547840293,0.028557813404132205,72,90,18,1,3,2,11,9,19,27,14
2,0,616,1,100,99,0,70,1,39,38,0,68,1,57,56,0.0,0.009564655025698629,1,69,68,2,-1,3,9,0,29,87,27
3,6,212,28,89,61,42,46,33,33,0,6,18,28,37,9,0.0002382654276864427,0.001497668402600497,30,39,9,3,4,4,9,1,29,88,61
4,88,294,61,93,32,132,132,72,72,0,88,94,61,64,3,0.007488342013002485,0.010313489226998877,61,67,6,3,2,2,8,7,27,62,90
5,100,100,66,66,0,100,100,43,43,0,100,100,66,66,0,0.020729092208720514,0.034854828278702475,85,91,6,1,1,1,11,6,33,13,28
6,112,728,75,100,25,264,284,77,80,3,112,168,75,81,6,0.007147962830593281,0.01501072194424589,57,76,19,2,2,2,16,4,9,72,34
7,0,206,1,90,89,0,18,1,29,28,0,6,1,28,27,0.0,0.0007488342013002485,1,37,36,3,-1,4,7,0,43,82,71
8,16,222,37,94,57,66,66,51,51,0,16,24,37,45,8,0.002927260968719153,0.0035059055788147996,51,52,1,3,3,3,6,3,34,46,74
9,18,634,43,100,57,36,50,38,48,10,18,50,43,54,11,0.0018040096667687805,0.005956635692161067,44,56,12,2,3,3,5,2,61,83,28
10,134,134,83,83,0,76,76,51,51,0,76,76,63,63,0,0.010824058000612683,0.010824058000612683,70,70,0,-1,3,3,6,14,59,32,50
11,100,100,74,74,0,100,100,80,80,0,100,100,80,80,0,0.06535280302256714,0.06943735321147759,99,99,0,3,1,1,5,29,45,0,32
12,18,18,40,40,0,66,66,37,37,0,18,18,40,40,0,0.0004765308553728854,0.0004765308553728854,34,34,0,-1,3,3,10,2,22,56,84
13,100,100,66,66,0,100,100,49,49,0,100,100,66,66,0,0.017972020831205963,0.017972020831205963,79,79,0,-1,1,1,9,1,54,4,84
14,92,298,75,99,24,38,38,57,57,0,38,38,60,60,0,0.016916845365737433,0.019095272133156337,81,84,3,3,3,3,3,17,85,6,22
15,70,686,67,100,33,48,48,62,62,0,48,48,64,64,0,0.006399128629293032,0.011232513019503728,59,73,14,2,3,3,3,5,64,47,22
16,29,1669,52,100,48,28,52,46,77,31,28,52,51,79,28,0.003642057251778481,0.05047823275128493,51,97,46,1,3,2,3,4,85,22,23
17,0,206,1,89,88,0,24,1,32,31,0,6,1,30,29,0.0,0.001497668402600497,1,40,39,3,-1,4,8,0,57,81,94
18,180,796,90,100,10,232,232,92,92,0,180,232,91,92,1,0.013955546478777357,0.019639878825011062,76,83,7,2,2,2,10,9,1,27,48
19,18,18,44,44,0,42,42,41,41,0,18,18,44,44,0,0.0020422750944552232,0.0020422750944552232,45,45,0,-1,3,3,6,2,32,83,82
20,2,2,26,26,0,19,19,27,27,0,2,2,26,26,0,6.807583648184077e-05,6.807583648184077e-05,26,26,0,-1,5,5,16,1,4,68,36
21,94,94,68,68,0,78,78,68,68,0,78,78,71,71,0,0.00796487286837537,0.00796487286837537,65,65,0,-1,2,2,4,5,83,47,67
22,94,196,61,87,26,174,174,78,78,0,94,96,61,61,0,0.007794683277170768,0.007998910786616291,62,62,0,4,2,2,10,6,11,26,55
23,1,207,26,93,67,5,26,26,35,9,1,26,26,51,25,0.0,0.0048674223084516155,1,55,54,3,6,4,5,1,49,68,21
24,254,254,91,91,0,314,314,89,89,0,254,254,91,91,0,0.014704380680077607,0.014704380680077607,74,74,0,-1,2,2,17,14,20,14,82
25,119,325,81,98,17,78,78,72,72,0,78,78,75,75,0,0.018993158378433576,0.023009632730862182,82,86,4,3,2,2,4,12,47,37,48
26,0,0,1,1,0,0,0,1,1,0,0,0,1,1,0,0.0,0.0,1,1,0,-1,-1,-1,8,0,21,92,85
27,175,175,86,86,0,104,104,85,85,0,104,104,85,85,0,0.025290173253003846,0.025290173253003846,85,85,0,-1,2,2,5,20,70,23,98
28,0,102,1,74,73,0,8,1,28,27,0,2,1,26,25,0.0,0.0005446066918547262,1,35,34,4,-1,5,5,0,63,82,42
29,100,100,67,67,0,94,94,71,71,0,94,94,72,72,0,0.007998910786616291,0.007998910786616291,65,65,0,-1,2,2,5,6,63,13,99
30,6,622,31,100,69,24,42,33,39,6,6,42,31,52,21,0.0002042275094455223,0.005480104836788182,31,55,24,2,4,3,6,1,48,4,57
31,34,1674,45,100,55,86,110,43,57,14,34,110,45,75,30,0.002144388849177984,0.024983831988835564,44,87,43,1,3,2,10,3,12,54,18
32,128,128,77,77,0,214,214,83,83,0,128,128,77,77,0,0.006909697402906838,0.006909697402906838,56,56,0,-1,2,2,11,5,5,47,79
33,300,900,100,100,0,56,56,86,86,0,56,56,86,86,0,0.051499370298512544,0.05725177848122809,98,98,0,2,2,2,2,36,95,2,20
34,62,678,61,100,39,38,38,46,46,0,38,38,51,51,0,0.00789679703189353,0.028557813404132205,62,92,30,2,3,3,3,6,96,34,0
35,155,256,91,97,6,56,56,86,86,0,56,56,86,86,0,0.022805405221416657,0.0228734810578985,86,86,0,5,2,2,2,16,95,12,65
36,0,616,1,100,99,0,54,1,38,37,0,30,1,50,49,0.0,0.005854521937438306,1,57,56,2,-1,3,8,0,21,66,62
37,124,740,80,100,20,112,112,92,92,0,112,112,92,92,0,0.016099935327955343,0.033425235712583816,78,94,16,2,2,2,4,6,53,77,37
38,100,100,60,60,0,100,100,50,50,0,100,100,60,60,0,0.04952517104053916,0.04952517104053916,96,96,0,-1,1,1,9,29,28,11,59
39,0,1640,1,100,99,0,134,1,62,61,0,106,1,79,78,0.0,0.015487252799618776,1,75,74,1,-1,2,14,0,17,85,33
40,0,102,1,73,72,0,10,1,28,27,0,2,1,25,24,0.0,0.0002382654276864427,1,32,31,4,-1,5,7,0,43,66,88
41,6,622,30,100,70,24,62,31,43,12,6,62,30,53,23,0.0004765308553728854,0.021477926410020762,34,83,49,2,4,3,6,2,71,42,9
42,104,720,76,100,24,124,124,89,89,0,104,124,80,90,10,0.012525953912658701,0.026175159127267776,72,87,15,2,2,2,6,5,74,25,37
43,22,1662,45,100,55,66,100,49,65,16,22,100,45,71,26,0.0019061234214915416,0.033765614894993023,44,91,47,1,3,2,6,2,44,61,30
44,100,100,57,57,0,100,100,38,38,0,100,100,57,57,0,0.045338507096905956,0.04676809966302461,97,98,1,3,1,1,16,30,4,7,61
45,16,16,39,39,0,28,28,40,40,0,16,16,39,39,0,0.002212464685659825,0.002212464685659825,46,46,0,-1,3,3,3,2,82,94,36
46,163,779,87,100,13,112,112,92,92,0,112,112,92,92,0,0.019367575479083698,0.03083835392627387,84,94,10,2,2,2,4,15,53,19,33
47,86,86,65,65,0,86,86,62,62,0,86,86,65,65,0,0.007454304094761564,0.007454304094761564,63,63,0,-1,3,3,6,7,74,21,92
48,8,110,38,86,48,8,8,33,33,0,8,8,38,38,0,0.002314578440382586,0.00445896728956057,44,52,8,4,4,4,2,2,99,75,83
49,16,118,37,78,41,56,56,45,45,0,16,18,37,42,5,0.0026549576227917903,0.0027911092957554717,48,48,0,4,3,3,6,2,59,94,60
50,0,0,1,1,0,0,0,1,1,0,0,0,1,1,0,0.0,0.0,1,1,0,-1,-1,-1,3,0,60,79,76
51,46,662,54,100,46,56,76,46,56,10,46,76,54,60,6,0.0045270431260424114,0.018754892950747133,54,79,25,2,3,3,6,6,74,28,15
52,16,118,34,77,43,68,68,41,41,0,16,18,34,39,5,0.0031314884781646754,0.0032336022328874367,50,50,0,4,3,3,8,3,42,46,65
53,64,270,61,95,34,54,54,53,53,0,64,54,64,57,-7,0.00707988699411144,0.009870996289866912,62,70,8,3,3,3,4,4,79,72,35
54,300,506,97,100,3,96,96,87,87,0,96,96,87,87,0,0.035569624561761805,0.039620136832431326,93,93,0,3,2,2,3,29,87,1,44
55,0,0,1,1,0,0,0,1,1,0,0,0,1,1,0,0.0,0.0,1,1,0,-1,-1,-1,7,0,62,89,98
56,125,331,76,95,19,204,204,79,79,0,125,137,76,80,4,0.00891793457912114,0.01055175465468532,61,67,6,3,2,2,11,8,5,57,75
57,125,331,86,98,12,38,38,57,57,0,38,38,59,59,0,0.019061234214915415,0.02049082678103407,85,86,1,3,3,3,3,16,55,18,52
58,0,206,1,93,92,0,20,1,34,33,0,20,1,47,46,0.0,0.004935498144933456,1,55,54,3,-1,4,4,0,73,99,62
59,6,622,29,100,71,36,54,33,39,6,6,22,29,41,12,0.0004765308553728854,0.0025188059498281084,35,46,11,2,4,3,8,2,39,42,71
60,135,237,85,93,8,236,236,85,85,0,135,137,85,85,0,0.0088498587426393,0.009258313761530345,65,65,0,4,2,2,13,8,13,57,49
61,190,806,91,100,9,230,230,87,87,0,190,230,91,93,2,0.014704380680077607,0.016099935327955343,76,78,2,2,2,2,12,13,6,33,61
62,220,220,90,90,0,270,270,87,87,0,220,220,90,90,0,0.012219612648490419,0.012219612648490419,70,70,0,-1,2,2,14,9,17,31,85
63,128,128,80,80,0,220,220,82,82,0,128,128,80,80,0,0.007250076585316042,0.007250076585316042,61,61,0,-1,2,2,12,5,6,47,97
64,0,616,1,100,99,0,38,1,55,54,0,38,1,56,55,0.0,0.025119983661799246,1,87,86,2,-1,3,3,0,60,82,7
65,280,380,94,100,6,104,104,85,85,0,104,104,85,85,0,0.03458252493277511,0.03461656285101603,91,91,0,4,2,2,5,29,70,0,60
66,0,0,1,1,0,0,0,1,1,0,0,0,1,1,0,0.0,0.0,1,1,0,-1,-1,-1,9,0,26,36,92
67,0,1640,1,100,99,0,106,1,57,56,0,82,1,57,56,0.0,0.01695088328397835,1,78,77,1,-1,2,11,0,5,91,17
68,213,813,91,100,9,176,176,87,87,0,176,176,89,89,0,0.025085945743558324,0.031655263964055956,86,87,1,2,2,2,8,20,57,23,48
69,32,238,50,93,43,46,46,42,42,0,32,46,50,53,3,0.003267640151128357,0.008577555396711936,51,64,13,3,3,3,6,2,74,75,24
70,12,218,41,96,55,8,12,32,40,8,12,12,41,41,0,0.002212464685659825,0.004799346471969774,45,55,10,3,4,4,2,2,95,83,94
71,0,206,1,89,88,0,14,1,26,25,0,6,1,26,25,0.0,0.0006126825283365669,1,34,33,3,-1,4,6,0,40,85,42
72,2,618,27,100,73,7,66,27,47,20,2,66,27,59,32,0.0,0.024575376969944517,1,87,86,2,5,3,6,2,48,58,10
73,0,616,1,99,98,0,74,1,36,35,0,36,1,47,46,0.0,0.004118588107151367,1,54,53,2,-1,3,12,0,14,36,28
74,84,184,62,89,27,80,80,59,59,0,80,80,63,63,0,0.012934408931549747,0.013036522686272508,75,75,0,4,3,3,5,9,61,39,4
75,100,100,61,61,0,100,100,44,44,0,100,100,61,61,0,0.024337111542258077,0.02569862827189489,87,89,2,2,1,1,12,14,6,14,61
76,8,214,38,94,56,8,8,33,33,0,8,8,38,38,0,0.001055175465468532,0.005582218591510943,41,58,17,3,4,4,2,3,90,51,38
77,104,720,84,100,16,52,62,80,81,1,52,62,82,83,1,0.01684876952925559,0.04173048776336839,83,97,14,2,2,2,3,14,60,32,7
78,0,101,1,74,73,0,6,1,24,23,0,1,1,24,23,0.0,6.807583648184077e-05,1,26,25,6,-1,7,6,0,59,79,58
79,0,0,1,1,0,0,0,1,1,0,0,0,1,1,0,0.0,0.0,1,1,0,-1,-1,-1,3,0,66,81,84
80,267,267,98,98,0,48,48,67,67,0,48,48,70,70,0,0.02998740597025086,0.02998740597025086,92,92,0,-1,3,3,3,29,96,1,82
81,0,616,1,99,98,0,92,1,42,41,0,54,1,52,51,0.0,0.006705469893461316,1,56,55,2,-1,3,11,0,5,84,72
82,126,742,81,100,19,120,120,80,80,0,120,120,81,81,0,0.015112835698968652,0.02464345280642636,76,88,12,2,2,2,6,8,34,20,17
83,6,622,29,100,71,28,80,31,40,9,6,54,29,52,23,0.00013615167296368154,0.008135062459579971,28,63,35,2,4,3,10,1,22,60,77
84,39,239,50,94,44,94,94,52,52,0,39,94,50,64,14,0.004220701861874128,0.009258313761530345,52,69,17,3,3,3,9,4,35,22,44
85,100,100,59,59,0,100,100,39,39,0,100,100,59,59,0,0.06079172197828381,0.06079172197828381,100,100,0,-1,1,1,14,36,16,2,89
86,100,100,70,70,0,100,100,73,73,0,100,100,74,74,0,0.024371149460498995,0.024371149460498995,86,86,0,-1,1,1,6,1,71,60,50
87,12,628,35,100,65,54,96,34,43,9,12,96,35,62,27,0.0002382654276864427,0.023213860240307704,33,84,51,2,4,3,11,2,38,63,10
88,0,101,1,74,73,0,5,1,25,24,0,1,1,25,24,0.0,0.0002042275094455223,1,30,29,5,-1,6,5,1,63,69,55
89,52,52,55,55,0,88,88,47,47,0,52,52,55,55,0,0.003165526396405596,0.003165526396405596,50,50,0,-1,2,2,8,3,10,43,45
90,0,616,1,100,99,0,66,1,50,49,0,66,1,60,59,0.0,0.01667857993805099,1,79,78,2,-1,3,6,0,65,79,30
91,150,356,84,98,14,176,176,85,85,0,150,156,87,87,0,0.014261887742945642,0.01504475986248681,77,77,0,3,2,2,8,8,30,20,71
92,22,228,45,94,49,50,50,48,48,0,22,50,45,56,11,0.0016678579938050988,0.005548180673270023,43,56,13,3,3,3,5,2,49,52,13
93,40,142,51,81,30,150,150,68,68,0,40,42,51,52,1,0.002825147213996392,0.0035739814152966403,48,50,2,4,2,2,11,1,19,53,71
94,100,100,63,63,0,100,100,47,47,0,100,100,63,63,0,0.029306647605432452,0.045746962115797,91,96,5,2,1,1,10,14,22,14,23
95,32,1672,43,100,57,94,128,45,68,23,32,74,43,57,14,0.0019741992579733825,0.01405766023350012,41,75,34,1,3,2,9,2,29,61,51
96,129,231,88,93,5,62,62,82,82,0,62,62,82,82,0,0.022465026039007456,0.02382654276864427,87,88,1,4,2,2,3,16,92,18,75
97,128,1728,84,100,16,318,318,91,91,0,128,318,84,96,12,0.011913271384322134,0.030634126416828347,72,91,19,1,2,2,16,5,4,25,12
98,0,206,1,92,91,0,22,1,27,26,0,7,1,32,31,0.0,0.0004084550188910446,1,33,32,3,-1,4,10,0,36,66,63
99,6,212,27,86,59,52,56,34,34,0,6,12,27,30,3,0.00030634126416828345,0.0004765308553728854,34,35,1,3,4,4,14,1,25,88,4
100,56,262,63,95,32,48,48,66,66,0,48,48,67,67,0,0.005173763572619898,0.008101024541339052,60,64,4,3,3,3,3,6,76,28,29
101,548,548,99,99,0,304,304,98,98,0,304,304,98,98,0,0.04996766397767113,0.04996766397767113,97,97,0,-1,2,2,10,36,12,2,92
102,142,742,90,100,10,72,72,80,80,0,72,72,80,80,0,0.017359338302869398,0.022601177711971135,81,89,8,2,2,2,3,15,87,19,57
103,100,100,59,59,0,100,100,40,40,0,100,100,59,59,0,0.012185574730249497,0.016508390346846386,68,77,9,2,1,1,15,1,7,53,13
104,78,180,65,91,26,78,78,75,75,0,78,78,76,76,0,0.010858095918853602,0.011334626774226489,74,74,0,4,2,2,4,4,73,38,74
105,37,637,53,100,47,22,22,42,42,0,22,22,45,45,0,0.005037611899656217,0.01327478811395895,55,76,21,2,3,3,2,6,91,35,24
106,0,102,1,78,77,0,15,1,26,25,0,2,1,26,25,0.0,0.0002382654276864427,1,29,28,4,-1,5,13,0,13,82,60
107,0,0,1,1,0,0,0,1,1,0,0,0,1,1,0,0.0,0.0,1,1,0,-1,-1,-1,2,0,97,86,40
108,174,1814,89,100,11,120,144,90,97,7,120,144,90,97,7,0.02382654276864427,0.0509207256884169,83,99,16,1,2,2,6,20,69,23,37
109,100,100,67,67,0,100,100,54,54,0,100,100,67,67,0,0.030463936825623743,0.03495694203342523,90,92,2,3,1,1,9,14,35,32,31
110,244,860,94,100,6,160,160,91,91,0,160,160,91,91,0,0.024881718234112803,0.028421661731168522,88,88,0,2,2,2,7,15,43,16,75
111,16,222,39,95,56,42,46,41,44,3,16,22,39,46,7,0.0007488342013002485,0.002382654276864427,37,48,11,3,3,3,6,1,32,88,53
112,40,142,55,84,29,90,90,59,59,0,40,42,55,55,0,0.0035059055788147996,0.0035059055788147996,52,52,0,4,2,2,6,1,44,53,95
113,162,162,91,91,0,88,88,76,76,0,88,88,79,79,0,0.01940161339732462,0.01940161339732462,84,84,0,-1,2,2,4,14,47,14,89
114,86,292,60,93,33,142,142,66,66,0,86,92,60,61,1,0.009122162088566664,0.009326389598012186,69,69,0,3,3,3,12,6,3,34,4
115,16,632,32,100,68,46,124,31,57,26,16,115,32,76,44,0.0002723033459273631,0.018108172504169646,31,81,50,2,3,3,14,1,8,65,23
116,84,185,71,95,24,72,72,85,85,0,72,72,85,85,0,0.012968446849790666,0.013410939786922631,74,76,2,5,2,2,3,6,94,26,42
117,22,228,44,93,49,42,42,41,41,0,22,31,44,47,3,0.0007147962830593281,0.0025188059498281084,37,45,8,3,3,3,6,2,69,63,70
118,182,798,89,100,11,158,158,78,78,0,158,158,88,88,0,0.019129310051397258,0.028796078831818644,81,89,8,2,2,2,9,18,29,30,77
119,40,246,54,94,40,48,48,73,73,0,40,48,74,74,0,0.0061949011198475104,0.00970080669866231,58,69,11,3,2,2,3,1,92,88,35
120,100,100,60,60,0,100,100,40,40,0,100,100,60,60,0,0.05105687736138058,0.05296300078287212,99,99,0,3,1,1,14,30,25,7,90
121,168,1808,87,100,13,318,352,91,95,4,168,352,87,96,9,0.012662105585622384,0.030463936825623743,73,90,17,1,2,2,16,6,4,77,5
122,34,1674,55,100,45,44,88,53,81,28,34,88,55,81,26,0.003880322679464924,0.03584192790768916,54,94,40,1,3,2,4,6,78,70,57
123,100,100,68,68,0,100,100,63,63,0,100,100,68,68,0,0.054494707103713534,0.055073351713809185,99,99,0,3,1,1,6,15,41,16,64
124,0,616,1,99,98,0,56,1,33,32,0,16,1,34,33,0.0,0.002144388849177984,1,44,43,2,-1,3,11,0,5,80,53
125,91,707,76,100,24,38,38,56,56,0,38,38,57,57,0,0.015248987371932332,0.03179141563701964,80,92,12,2,3,3,3,12,60,37,18
126,96,198,80,96,16,32,32,71,71,0,32,32,71,71,0,0.018040096667687803,0.018380475850097007,80,80,0,4,3,3,2,18,99,30,56
127,24,230,51,94,43,34,34,44,44,0,24,34,51,54,3,0.0015317063208414173,0.005037611899656217,43,55,12,3,3,3,4,4,72,64,28
128,280,381,97,100,3,88,88,71,71,0,88,88,71,71,0,0.029408761360155213,0.029442799278396135,93,93,0,5,2,2,4,29,53,0,78
129,160,262,86,94,8,302,302,88,88,0,160,162,86,86,0,0.010687906327649,0.010824058000612683,68,68,0,4,2,2,16,4,4,38,60
130,36,36,44,44,0,92,92,41,41,0,36,36,44,44,0,0.004322815616596889,0.004322815616596889,51,51,0,-1,3,3,11,6,33,73,36
131,90,296,68,95,27,100,100,68,68,0,90,100,68,72,4,0.006637394056979475,0.007998910786616291,61,64,3,3,2,2,6,6,48,13,53
132,24,24,51,51,0,34,34,45,45,0,24,24,51,51,0,0.002723033459273631,0.002723033459273631,48,48,0,-1,3,3,4,3,84,54,69
133,0,1640,1,100,99,0,138,1,61,60,0,138,1,81,80,0.0,0.019844106334456584,1,80,79,1,-1,2,14,0,25,93,5
134,44,146,57,92,35,32,32,71,71,0,32,32,71,71,0,0.007726607440688927,0.008271214132543654,65,66,1,4,3,3,2,7,99,62,43
135,92,708,69,100,31,80,90,65,70,5,80,90,68,72,4,0.00888389666088022,0.02324789815854862,66,83,17,2,2,2,6,7,69,48,6
136,2,2,27,27,0,6,6,29,29,0,2,2,27,27,0,0.0002042275094455223,0.0002042275094455223,32,32,0,-1,5,5,3,1,58,60,98
137,0,0,1,1,0,0,0,1,1,0,0,0,1,1,0,0.0,0.0,1,1,0,-1,-1,-1,4,1,53,45,96
138,2,208,28,95,67,3,8,28,32,4,2,8,28,37,9,0.0002042275094455223,0.005514142755029102,31,61,30,3,5,4,2,1,89,55,34
139,114,730,77,100,23,130,140,67,69,2,114,140,77,80,3,0.008951972497362062,0.023384049831512304,65,87,22,2,3,3,10,9,11,31,12
140,258,360,95,97,2,198,198,83,83,0,198,198,91,91,0,0.019265461724360937,0.01929949964260186,83,83,0,4,2,2,10,16,0,12,65
141,12,113,38,79,41,38,38,34,34,0,12,13,38,39,1,0.0011913271384322134,0.0012253650566731338,40,40,0,6,4,4,9,3,26,51,68
142,0,616,1,100,99,0,38,1,48,47,0,38,1,53,52,0.0,0.009258313761530345,1,65,64,2,-1,3,3,1,87,50,21
143,52,668,56,100,44,64,64,63,63,0,64,64,64,64,0,0.008747744987916539,0.017529527894074,68,82,14,2,3,3,4,5,79,25,17
144,62,1702,54,100,46,160,204,68,78,10,62,204,54,87,33,0.004663194799006093,0.0318935293917424,53,93,40,1,2,2,11,6,5,70,7
145,0,616,1,100,99,0,34,1,34,33,0,29,1,47,46,0.0,0.006126825283365669,1,57,56,2,-1,3,6,0,65,93,34
146,100,100,67,67,0,100,100,70,70,0,100,100,71,71,0,0.058443105619660304,0.05946424316688791,99,99,0,3,1,1,6,29,74,11,52
147,143,143,83,83,0,70,70,56,56,0,70,70,63,63,0,0.013376901868681712,0.013376901868681712,75,75,0,-1,3,3,5,14,37,32,86
148,76,177,61,86,25,96,96,60,60,0,76,96,61,68,7,0.01065386840940808,0.01065386840940808,69,69,0,5,3,3,6,6,44,77,58
149,0,0,1,1,0,0,0,1,1,0,0,0,1,1,0,0.0,0.0,1,1,0,-1,-1,-1,4,0,83,67,84
150,6,108,30,77,47,12,12,30,30,0,6,10,30,36,6,0.00034037918240920387,0.0018380475850097008,33,44,11,4,4,4,4,1,53,4,75
151,284,386,97,100,3,134,134,90,90,0,134,134,90,90,0,0.030497974743864665,0.030600088498587426,90,90,0,4,2,2,6,22,56,9,65
152,116,732,77,100,23,174,174,76,76,0,116,174,77,86,9,0.013513053541645392,0.01940161339732462,73,81,8,2,2,2,10,8,22,20,48
153,0,206,1,92,91,0,34,1,33,32,0,12,1,35,34,0.0,0.0012934408931549745,1,39,38,3,-1,4,9,0,35,82,61
154,0,0,1,1,0,0,0,1,1,0,0,0,1,1,0,0.0,0.0,1,1,0,-1,-1,-1,5,0,50,85,84
155,102,718,78,100,22,102,102,93,93,0,102,102,93,93,0,0.015283025290173252,0.025085945743558324,78,86,8,2,2,2,4,4,84,38,33
156,100,100,60,60,0,100,100,52,52,0,100,100,60,60,0,0.05051227066952585,0.05051227066952585,98,98,0,-1,1,1,9,29,29,11,76
157,0,206,1,96,95,0,12,1,38,37,0,12,1,44,43,0.0,0.007998910786616291,1,67,66,3,-1,4,2,0,93,82,27
158,80,80,55,55,0,188,188,80,80,0,80,80,55,55,0,0.005990673610401988,0.005990673610401988,55,55,0,-1,2,2,10,3,0,29,80
159,91,91,68,68,0,80,80,65,65,0,80,80,68,68,0,0.009054086252084823,0.009054086252084823,67,67,0,-1,2,2,6,8,69,44,76
160,128,128,87,87,0,72,72,80,80,0,72,72,80,80,0,0.018788930868988054,0.018788930868988054,84,84,0,-1,2,2,3,13,76,33,80
161,16,632,33,100,67,66,86,36,43,7,16,51,33,51,18,0.0006126825283365669,0.00439089145307873,36,52,16,2,3,3,10,1,0,49,41
162,8,109,41,87,46,12,12,39,39,0,8,12,41,43,2,0.001599782157323258,0.0016678579938050988,43,43,0,6,4,4,2,2,97,61,68
163,80,696,65,100,35,68,68,72,72,0,68,68,74,74,0,0.010177337554035196,0.020695054290479593,66,84,18,2,2,2,4,6,67,73,39
164,16,222,40,95,55,28,36,40,41,1,16,36,40,51,11,0.0006467204465774873,0.008475441641989176,36,66,30,3,3,3,5,1,45,88,32
165,75,1675,60,100,40,118,118,75,75,0,75,118,60,79,19,0.007386228258279724,0.020865243881684196,60,83,23,1,2,2,9,6,26,35,77
166,22,124,45,79,34,86,86,57,57,0,22,24,45,48,3,0.004186663943633207,0.004322815616596889,54,55,1,4,3,3,6,3,44,29,4
167,159,775,87,100,13,104,104,82,82,0,104,104,82,82,0,0.018040096667687803,0.030225671397937304,82,88,6,2,2,2,5,15,80,19,12
168,97,713,74,100,26,48,48,54,54,0,48,48,56,56,0,0.014227849824704722,0.018244324177133328,78,82,4,2,3,3,3,13,87,33,22
169,54,670,62,100,38,48,48,63,63,0,48,48,64,64,0,0.00704584907587052,0.017427414139351238,64,83,19,2,3,3,3,4,82,72,19
170,0,206,1,92,91,0,12,1,33,32,0,6,1,33,32,0.0,0.002144388849177984,1,46,45,3,-1,4,4,0,77,99,94
171,88,88,57,57,0,174,174,72,72,0,88,88,57,57,0,0.008305252050784574,0.008305252050784574,62,62,0,-1,2,2,10,4,0,38,87
172,0,0,1,1,0,0,0,1,1,0,0,0,1,1,0,0.0,0.0,1,1,0,-1,-1,-1,9,0,35,89,96
173,122,122,87,87,0,48,48,65,65,0,48,48,68,68,0,0.017801831240001363,0.017801831240001363,83,83,0,-1,3,3,3,17,66,6,67
174,108,314,78,97,19,86,86,62,62,0,86,86,65,65,0,0.012594029749140543,0.02205657102011641,73,84,11,3,3,3,6,8,74,8,33
175,126,742,78,100,22,152,152,76,76,0,126,152,78,84,6,0.010143299635794275,0.02032063718982947,66,83,17,2,2,2,8,7,15,48,39
176,16,222,40,97,57,28,28,45,45,0,16,28,40,51,11,0.002314578440382586,0.006331052792811192,46,58,12,3,3,3,3,1,94,53,47
177,0,0,1,1,0,0,0,1,1,0,0,0,1,1,0,0.0,0.0,1,1,0,-1,-1,-1,5,0,80,97,36
178,48,48,51,51,0,134,134,62,62,0,48,48,52,52,0,0.002110350930937064,0.002110350930937064,44,44,0,-1,3,3,14,3,8,43,87
179,16,616,42,100,58,38,38,47,47,0,16,38,42,52,10,0.0026889955410327104,0.019776030497974745,48,87,39,2,3,3,3,2,75,94,23
180,184,800,90,100,10,88,88,71,71,0,88,88,71,71,0,0.021648116001225366,0.03642057251778481,87,96,9,2,2,2,4,16,53,18,37
181,176,1816,86,100,14,174,208,76,87,11,174,208,87,88,1,0.014806494434800367,0.03315293236665646,75,93,18,1,2,2,10,13,22,33,14
182,0,102,1,82,81,0,3,1,27,26,0,2,1,27,26,0.0,0.0002382654276864427,1,30,29,4,-1,5,2,1,68,50,88
183,22,638,47,100,53,44,64,49,62,13,22,64,47,63,16,0.002144388849177984,0.03002144388849178,45,90,45,2,3,3,4,2,79,52,1
184,6,6,29,29,0,42,42,31,31,0,6,6,29,29,0,0.00017018959120460194,0.00017018959120460194,31,31,0,-1,4,4,14,1,16,65,85
185,56,672,64,100,36,48,48,63,63,0,48,48,64,64,0,0.009394465434494027,0.024983831988835564,71,88,17,2,3,3,3,6,82,77,6
186,22,638,41,100,59,110,120,59,61,2,22,120,41,77,36,0.0018040096667687805,0.015112835698968652,43,78,35,2,3,3,10,2,18,61,5
187,193,399,96,99,3,48,48,59,59,0,48,48,63,63,0,0.028659927158854966,0.034140031995643146,92,94,2,3,3,3,3,29,75,11,34
188,22,22,53,53,0,32,32,63,63,0,22,22,55,55,0,0.004901460226692535,0.004901460226692535,58,58,0,-1,3,3,2,3,98,29,99
189,100,100,71,71,0,100,100,76,76,0,100,100,77,77,0,0.06419551380237584,0.08169100377820893,99,100,1,2,1,1,5,29,50,0,11
190,100,100,78,78,0,100,100,88,88,0,100,100,88,88,0,0.047619047619047616,0.05017189148711665,97,97,0,3,1,1,4,8,78,57,29
191,40,656,50,100,50,86,106,54,70,16,40,106,50,75,25,0.004731270635487933,0.01494264610776405,53,77,24,2,2,2,7,2,43,94,33
192,100,100,79,79,0,100,100,96,96,0,100,100,96,96,0,0.07539398890363866,0.07549610265836142,100,100,0,4,1,1,3,20,85,23,63
193,0,206,1,86,85,0,34,1,31,30,0,12,1,33,32,0.0,0.0002723033459273631,1,32,31,3,-1,4,11,0,5,81,56
194,64,680,56,100,44,120,130,62,64,2,64,130,56,81,25,0.006501242384015794,0.014227849824704722,60,79,19,2,3,3,10,4,36,38,32
195,6,622,29,99,70,26,40,30,32,2,6,24,29,42,13,0.00010211375472276115,0.0018380475850097008,28,41,13,2,4,3,11,1,33,65,74
196,100,100,67,67,0,100,100,55,55,0,100,100,67,67,0,0.03512713162462984,0.03512713162462984,92,92,0,-1,1,1,9,9,23,39,87
197,100,100,64,64,0,100,100,44,44,0,100,100,64,64,0,0.03478675244222063,0.03492290411518432,92,92,0,4,1,1,13,19,13,15,65
198,100,100,67,67,0,100,100,57,57,0,100,100,67,67,0,0.031621226045815035,0.06137036658837945,90,99,9,1,1,1,8,13,21,24,1
199,138,240,86,92,6,102,102,92,92,0,102,102,92,92,0,0.014398039415909322,0.01501072194424589,76,78,2,4,2,2,4,13,79,24,71
200,76,692,63,100,37,86,86,63,63,0,76,86,66,66,0,0.008066986623098132,0.01855066544130161,62,84,22,2,3,3,6,7,56,21,32
201,0,206,1,93,92,0,12,1,33,32,0,10,1,39,38,0.0,0.0020082371762143027,1,45,44,3,-1,4,4,0,72,92,41
202,6,622,29,100,71,21,76,29,39,10,6,76,29,58,29,0.00030634126416828345,0.012968446849790666,33,73,40,2,4,3,10,1,22,55,12
203,16,222,46,96,50,22,22,48,48,0,16,22,47,50,3,0.003812246842983083,0.010143299635794275,52,68,16,3,3,3,2,2,95,94,31
204,0,206,1,89,88,0,34,1,31,30,0,15,1,31,30,0.0,0.0024166921951053475,1,42,41,3,-1,4,9,0,29,66,22
205,100,100,62,62,0,100,100,45,45,0,100,100,62,62,0,0.025970931617822254,0.04101569148030906,86,95,9,1,1,1,12,8,3,17,77
206,80,696,59,100,41,186,206,72,75,3,80,139,59,85,26,0.005922597773920147,0.01606589740971442,57,76,19,2,2,2,13,2,13,75,39
207,0,616,1,100,99,0,46,1,42,41,0,46,1,51,50,0.0,0.017393376221110316,1,81,80,2,-1,3,6,0,65,59,9
208,0,616,1,100,99,0,50,1,45,44,0,50,1,52,51,0.0,0.026379386636713298,1,89,88,2,-1,3,5,0,50,93,3
209,2,2,28,28,0,11,11,30,30,0,2,2,28,28,0,3.4037918240920386e-05,3.4037918240920386e-05,27,27,0,-1,5,5,6,1,32,95,81
210,95,295,68,95,27,76,76,55,55,0,76,76,60,60,0,0.014398039415909322,0.017801831240001363,75,80,5,3,3,3,6,12,71,37,57
211,150,766,86,100,14,216,216,80,80,0,150,216,86,91,5,0.01678069369277375,0.027672827529868275,79,89,10,2,2,2,12,12,6,37,30
212,84,84,58,58,0,126,126,77,77,0,84,84,59,59,0,0.010994247591817285,0.010994247591817285,73,73,0,-1,2,2,7,5,46,25,79
213,46,646,54,100,46,56,56,46,46,0,46,56,54,57,3,0.0045270431260424114,0.01579359406378706,54,79,25,2,3,3,6,6,74,28,5
214,46,252,50,95,45,96,96,53,53,0,46,60,50,53,3,0.002757071377514551,0.003778208924742163,46,49,3,3,2,2,7,2,46,61,64
215,88,704,66,100,34,100,100,71,71,0,88,110,68,82,14,0.008543517478471017,0.012491915994417782,63,71,8,2,2,2,6,7,56,62,75
216,0,0,1,1,0,0,0,1,1,0,0,0,1,1,0,0.0,0.0,1,1,0,-1,-1,-1,6,1,44,50,89
217,16,632,32,99,67,110,110,56,56,0,16,38,32,44,12,0.0007488342013002485,0.002723033459273631,36,48,12,2,3,3,17,1,20,49,52
218,100,100,63,63,0,100,100,47,47,0,100,100,63,63,0,0.03584192790768916,0.07205827291602845,92,100,8,1,1,1,10,16,36,12,2
219,0,616,1,100,99,0,58,1,32,31,0,34,1,48,47,0.0,0.002382654276864427,1,44,43,2,-1,3,13,0,13,59,43
220,12,628,34,100,66,28,42,34,36,2,12,42,34,50,16,0.0012594029749140542,0.015180911535450491,37,78,41,2,4,3,6,3,71,51,30
221,2,618,25,100,75,7,44,25,43,18,2,44,25,49,24,6.807583648184077e-05,0.020082371762143027,25,85,60,2,5,3,4,1,67,95,9
222,6,108,27,74,47,42,42,34,34,0,6,8,27,32,5,0.00010211375472276115,0.00017018959120460194,29,30,1,4,4,4,12,1,2,4,95
223,16,118,50,84,34,22,22,52,52,0,16,18,51,53,2,0.0024166921951053475,0.0029612988869600733,50,52,2,4,3,3,2,2,86,94,71
224,82,698,66,100,34,86,86,57,57,0,86,86,66,66,0,0.012287688484972258,0.019673916743251984,72,85,13,2,3,3,6,8,65,20,24
225,38,38,51,51,0,56,56,46,46,0,38,38,51,51,0,0.0030293747234419145,0.0030293747234419145,49,49,0,-1,3,3,6,6,74,70,99
226,168,784,88,100,12,144,154,69,70,1,144,154,86,88,2,0.011402702610708328,0.02021852343510671,74,83,9,2,2,2,10,14,1,32,20
227,32,32,41,41,0,76,76,55,55,0,32,32,41,41,0,0.0028591851322373124,0.0028591851322373124,42,42,0,-1,3,3,6,2,51,52,66
228,112,728,76,100,24,220,230,84,87,3,112,135,76,80,4,0.008169100377820893,0.010790020082371761,62,68,6,2,2,2,12,4,14,72,64
229,0,0,1,1,0,0,0,1,1,0,0,0,1,1,0,0.0,0.0,1,1,0,-1,-1,-1,14,0,25,86,98
230,358,358,99,99,0,176,176,100,100,0,176,176,100,100,0,0.041934715272813915,0.041934715272813915,95,95,0,-1,2,2,5,30,45,7,99
231,0,1640,1,100,99,0,122,1,58,57,0,76,1,56,55,0.0,0.011981347220803976,1,70,69,1,-1,2,15,0,7,89,21
232,144,760,86,100,14,80,80,68,68,0,80,80,72,72,0,0.019469689233806462,0.023622315259198747,83,86,3,2,3,3,5,18,88,30,41
233,6,622,28,100,72,20,90,29,48,19,6,90,28,68,40,0.00013615167296368154,0.016270124919159943,30,78,48,2,4,3,9,1,31,55,15
234,0,206,1,91,90,0,22,1,33,32,0,14,1,35,34,0.0,0.0012934408931549745,1,40,39,3,-1,4,5,0,52,98,64
235,2,2,26,26,0,8,8,26,26,0,2,2,26,26,0,3.4037918240920386e-05,3.4037918240920386e-05,27,27,0,-1,5,5,7,1,43,78,91
236,1,617,25,100,75,6,46,25,42,17,1,46,25,53,28,0.0,0.015453214881377854,1,79,78,2,6,3,6,2,69,58,18
237,0,206,1,93,92,0,13,1,32,31,0,9,1,38,37,0.0,0.0013615167296368155,1,40,39,3,-1,4,5,0,49,59,54
238,100,100,63,63,0,100,100,45,45,0,100,100,63,63,0,0.020456788862793153,0.020456788862793153,81,81,0,-1,1,1,11,7,19,62,82
239,2,208,26,88,62,10,22,28,30,2,2,8,26,33,7,0.00010211375472276115,0.0005446066918547262,29,36,7,3,5,4,7,1,24,68,49
240,48,48,64,64,0,12,12,40,40,0,12,12,42,42,0,0.009020048333843901,0.009020048333843901,70,70,0,-1,4,4,2,8,90,8,87
241,67,67,62,62,0,54,54,53,53,0,54,54,57,57,0,0.007522379931243405,0.007522379931243405,63,63,0,-1,3,3,4,8,79,44,69
242,166,766,87,100,13,174,174,80,80,0,174,174,90,90,0,0.016338200755641786,0.019912182170938427,79,82,3,2,2,2,10,13,1,33,29
243,100,100,57,57,0,100,100,38,38,0,100,100,57,57,0,0.022328874366043774,0.02978317846080534,83,89,6,2,1,1,16,14,4,32,8
244,392,494,100,100,0,120,120,100,100,0,120,120,100,100,0,0.0567752476258552,0.05691139929881889,99,99,0,4,2,2,3,36,58,2,88
245,100,306,66,95,29,72,72,49,49,0,72,72,61,61,0,0.008373327887266415,0.00980292045338507,64,67,3,3,3,3,7,13,62,24,53
246,144,760,79,100,21,198,198,83,83,0,144,198,79,90,11,0.009428503352734947,0.013513053541645392,68,76,8,2,2,2,10,7,0,21,35
247,0,206,1,91,90,0,13,1,28,27,0,7,1,34,33,0.0,0.0010211375472276116,1,38,37,3,-1,4,5,0,52,84,51
248,22,22,42,42,0,42,42,38,38,0,22,22,42,42,0,0.0011232513019503727,0.0011232513019503727,38,38,0,-1,3,3,6,2,65,74,86
249,22,1662,39,100,61,90,128,36,58,22,22,64,39,55,16,0.0011913271384322134,0.008951972497362062,38,59,21,1,3,2,16,3,9,51,61
250,22,228,42,93,51,146,146,67,67,0,22,35,42,49,7,0.0046972327172470135,0.005514142755029102,57,57,0,3,3,3,11,3,19,29,64
251,47,1687,54,100,46,94,128,51,75,24,47,128,54,83,29,0.004629156880765172,0.027808979202831954,53,89,36,1,3,2,9,6,23,35,12
252,0,102,1,83,82,0,4,1,29,28,0,4,1,32,31,0.0,0.0013615167296368155,1,41,40,4,-1,5,2,0,89,93,83
253,16,632,40,100,60,94,104,51,65,14,16,34,40,48,8,0.0020422750944552232,0.005820484019197386,43,54,11,2,3,3,9,1,26,53,83
254,161,1761,90,100,10,56,56,76,76,0,56,56,77,77,0,0.02651553830967698,0.08540113686646925,90,98,8,1,2,2,2,15,68,16,7
255,22,124,43,80,37,68,68,41,41,0,22,25,43,48,5,0.0005786446100956465,0.0008509479560230097,36,38,2,4,3,3,8,2,30,56,63
256,60,676,59,100,41,90,110,65,78,13,60,110,60,80,20,0.006603356138738555,0.01855066544130161,60,82,22,2,2,2,6,6,34,73,32
257,0,206,1,92,91,0,10,1,31,30,0,6,1,31,30,0.0,0.0015657442390823377,1,43,42,3,-1,4,3,0,64,96,94
258,107,313,82,97,15,72,72,83,83,0,72,72,83,83,0,0.01841451376833793,0.02011640968038395,84,84,0,3,2,2,3,9,58,39,51
259,166,166,84,84,0,134,134,89,89,0,134,134,90,90,0,0.014908608189523128,0.014908608189523128,76,76,0,-1,2,2,6,13,41,33,99
260,192,792,86,100,14,320,320,95,95,0,192,264,86,90,4,0.012049423057285817,0.020763130126961436,70,81,11,2,2,2,14,7,25,21,8
261,22,638,46,100,54,28,48,43,58,15,22,48,46,62,16,0.002110350930937064,0.0158616699002689,46,82,36,2,3,3,3,2,75,52,20
262,0,0,1,1,0,0,0,1,1,0,0,0,1,1,0,0.0,0.0,1,1,0,-1,-1,-1,5,0,49,80,89
263,16,632,34,99,65,112,122,60,61,1,16,63,34,55,21,0.0024166921951053475,0.008441403723748256,46,66,20,2,3,3,12,2,6,94,44
264,96,712,63,100,37,100,110,59,71,12,100,110,64,75,11,0.009190237925048503,0.0337315769767521,65,93,28,2,2,2,6,8,40,57,10
265,184,800,87,100,13,144,144,88,88,0,144,144,88,88,0,0.013410939786922631,0.02746860002042275,76,88,12,2,2,2,6,13,44,24,12
266,138,344,85,98,13,134,134,88,88,0,134,134,89,89,0,0.013479015623404473,0.014500153170632085,73,77,4,3,2,2,6,9,59,31,53
267,258,874,94,100,6,250,250,89,89,0,250,250,93,93,0,0.019810068416215663,0.030804316008032948,81,90,9,2,2,2,13,16,13,12,5
268,88,1728,60,100,40,154,198,72,85,13,88,198,60,91,31,0.007692569522448007,0.04047108478845434,62,94,32,1,2,2,10,4,36,72,23
269,0,206,1,90,89,0,20,1,33,32,0,6,1,31,30,0.0,0.0019741992579733825,1,44,43,3,-1,4,4,0,79,87,53
270,145,761,81,100,19,188,188,80,80,0,145,188,81,90,9,0.009905034208107831,0.025902855781340415,70,88,18,2,2,2,10,8,0,44,15
271,49,1689,52,100,48,98,132,53,72,19,49,132,52,82,30,0.004833384390210695,0.023996732359848873,54,86,32,1,3,2,8,4,30,22,17
272,132,338,86,96,10,120,120,87,87,0,120,120,89,89,0,0.01657646618332823,0.026958031246808945,81,88,7,3,2,2,6,13,32,33,30
273,2,103,27,75,48,7,7,27,27,0,2,3,27,29,2,3.4037918240920386e-05,6.807583648184077e-05,26,27,1,6,5,5,6,1,74,68,58
274,145,145,86,86,0,102,102,93,93,0,102,102,93,93,0,0.023554239422716908,0.023554239422716908,85,85,0,-1,2,2,4,12,78,37,99
275,106,106,76,76,0,60,60,51,51,0,60,60,62,62,0,0.009054086252084823,0.009054086252084823,68,68,0,-1,3,3,5,13,80,24,89
276,58,58,63,63,0,34,34,44,44,0,34,34,55,55,0,0.010347527145239796,0.010347527145239796,72,72,0,-1,3,3,4,8,72,8,98
277,135,341,84,97,13,200,200,74,74,0,135,135,84,84,0,0.008747744987916539,0.009462541270975866,67,69,2,3,2,2,12,8,6,57,42
278,116,217,75,88,13,136,136,77,77,0,116,136,76,82,6,0.014329963579427483,0.014364001497668403,75,75,0,5,2,2,7,8,24,20,78
279,0,0,1,1,0,0,0,1,1,0,0,0,1,1,0,0.0,0.0,1,1,0,-1,-1,-1,6,0,65,96,82
280,52,153,64,92,28,22,22,52,52,0,22,22,55,55,0,0.008305252050784574,0.008305252050784574,66,66,0,6,3,3,2,9,98,31,58
281,116,732,79,100,21,180,180,80,80,0,116,180,79,86,7,0.013036522686272508,0.018993158378433576,72,79,7,2,2,2,11,8,38,20,21
282,16,118,38,78,40,74,74,41,41,0,16,18,38,42,4,0.002586881786309949,0.003199564314646516,47,49,2,4,3,3,9,2,54,94,42
283,16,117,50,84,34,22,22,52,52,0,16,17,51,53,2,0.0024166921951053475,0.002484768031587188,50,50,0,6,3,3,2,2,86,94,78
284,174,790,89,100,11,88,88,77,77,0,88,88,77,77,0,0.02100139555464788,0.038360733857517273,85,93,8,2,2,2,4,16,79,12,30
285,16,222,36,91,55,36,40,38,41,3,16,40,36,52,16,0.0009530617107457708,0.00881582082439838,38,66,28,3,3,3,5,1,61,71,8
286,100,100,64,64,0,100,100,57,57,0,100,100,66,66,0,0.021614078082984444,0.021614078082984444,87,87,0,-1,1,1,7,1,46,88,67
287,0,102,1,77,76,0,8,1,30,29,0,6,1,31,30,0.0,0.002484768031587188,1,46,45,4,-1,5,4,0,79,97,73
288,0,0,1,1,0,0,0,1,1,0,0,0,1,1,0,0.0,0.0,1,1,0,-1,-1,-1,9,0,35,80,87
289,248,1888,93,100,7,264,288,93,96,3,264,288,94,96,2,0.0228734810578985,0.0352292453793526,86,93,7,1,2,2,12,16,14,18,13
290,22,228,47,94,47,28,28,42,42,0,22,28,47,50,3,0.0026889955410327104,0.011130399264780965,50,72,22,3,3,3,3,2,64,75,33
291,0,0,1,1,0,0,0,1,1,0,0,0,1,1,0,0.0,0.0,1,1,0,-1,-1,-1,2,0,90,93,79
292,6,6,31,31,0,24,24,33,33,0,6,6,31,31,0,0.0002042275094455223,0.0002042275094455223,31,31,0,-1,4,4,6,1,48,4,82
293,6,6,33,33,0,13,13,33,33,0,6,6,33,33,0,0.00013615167296368154,0.00013615167296368154,31,31,0,-1,4,4,5,1,49,4,91
294,136,136,79,79,0,124,124,65,65,0,124,124,77,77,0,0.008339289969025495,0.008339289969025495,65,65,0,-1,3,3,9,13,28,24,80
295,374,374,97,97,0,400,400,97,97,0,374,374,97,97,0,0.028217434221723,0.028217434221723,88,88,0,-1,2,2,16,15,4,16,82
296,144,350,81,96,15,208,208,85,85,0,144,152,81,83,2,0.011130399264780965,0.011777119711358454,69,70,1,3,2,2,10,7,18,21,56
297,190,806,88,100,12,190,190,92,92,0,190,190,94,94,0,0.019571802988529223,0.034310221586847746,82,89,7,2,2,2,8,9,42,39,12
298,6,6,30,30,0,18,18,32,32,0,6,6,30,30,0,0.00034037918240920387,0.00034037918240920387,31,31,0,-1,4,4,6,1,65,55,50
299,6,6,29,29,0,32,32,33,33,0,6,6,29,29,0,0.00013615167296368154,0.00013615167296368154,28,28,0,-1,4,4,10,1,22,4,87
300,414,414,96,96,0,320,320,97,97,0,320,320,97,97,0,0.0337315769767521,0.0337315769767521,93,93,0,-1,2,2,11,22,5,9,80
301,0,0,1,1,0,0,0,1,1,0,0,0,1,1,0,0.0,0.0,1,1,0,-1,-1,-1,5,0,37,84,81
302,100,100,69,69,0,100,100,66,66,0,100,100,72,72,0,0.059702508594574356,0.060723646141801965,100,100,0,3,1,1,6,29,44,11,43
303,54,670,56,100,44,50,70,50,66,16,54,70,55,70,15,0.007216038667075122,0.034854828278702475,61,92,31,2,3,3,5,4,70,38,11
304,112,728,79,100,21,182,192,87,92,5,112,192,79,93,14,0.009870996289866912,0.020048333843902106,69,83,14,2,2,2,9,7,23,62,17
305,2,208,27,93,66,4,18,27,34,7,2,10,27,37,10,0.0,0.003267640151128357,1,49,48,3,5,4,3,1,58,78,29
306,16,222,38,95,57,34,34,39,39,0,16,34,38,50,12,0.0012594029749140542,0.006092787365124749,39,57,18,3,3,3,4,1,53,71,13
307,0,0,1,1,0,0,0,1,1,0,0,0,1,1,0,0.0,0.0,1,1,0,-1,-1,-1,6,0,71,86,66
308,60,676,52,100,48,146,196,67,76,9,60,196,52,88,36,0.006058749446883829,0.029408761360155213,56,90,34,2,2,2,12,6,3,73,1
309,0,206,1,91,90,0,36,1,35,34,0,36,1,46,45,0.0,0.011913271384322134,1,70,69,3,-1,4,6,0,56,97,6
310,0,206,1,90,89,0,32,1,31,30,0,6,1,28,27,0.0,0.0008169100377820892,1,38,37,3,-1,4,10,0,1,40,71
311,56,158,52,84,32,94,94,62,62,0,56,60,53,53,0,0.006671431975220395,0.008203138296061813,57,60,3,4,2,2,5,3,52,29,75
312,2,2,26,26,0,11,11,28,28,0,2,2,26,26,0,0.00010211375472276115,0.00010211375472276115,30,30,0,-1,5,5,6,1,59,95,87
313,176,176,86,86,0,142,142,78,78,0,142,142,84,84,0,0.01596378365499166,0.01596378365499166,76,76,0,-1,2,2,8,14,21,14,66
314,100,100,69,69,0,100,100,76,76,0,100,100,76,76,0,0.0509207256884169,0.05565199632390483,98,99,1,3,1,1,5,18,80,30,25
315,0,102,1,74,73,0,12,1,28,27,0,2,1,25,24,0.0,0.0005786446100956465,1,36,35,4,-1,5,8,0,10,59,42
316,260,260,93,93,0,328,328,91,91,0,258,258,93,93,0,0.0195377650702883,0.0195377650702883,85,85,0,-1,2,2,16,18,9,5,97
317,16,16,32,32,0,58,58,34,34,0,16,16,32,32,0,0.0004084550188910446,0.0004084550188910446,33,33,0,-1,3,3,14,1,17,88,85
318,16,117,42,80,38,54,54,53,53,0,16,17,42,44,2,0.002552843868069029,0.0028591851322373124,47,48,1,5,3,3,4,1,79,53,88
319,0,0,1,1,0,0,0,1,1,0,0,0,1,1,0,0.0,0.0,1,1,0,-1,-1,-1,17,0,20,79,84
320,0,616,1,100,99,0,58,1,33,32,0,24,1,42,41,0.0,0.0024507301133462676,1,46,45,2,-1,3,10,0,0,79,70
321,0,206,1,92,91,0,14,1,31,30,0,14,1,38,37,0.0,0.0020422750944552232,1,44,43,3,-1,4,3,0,82,96,70
322,100,100,61,61,0,100,100,44,44,0,100,100,61,61,0,0.036590762108989414,0.038258620102794516,92,93,1,3,1,1,12,15,6,16,41
323,212,418,90,98,8,120,120,88,88,0,120,120,87,87,0,0.023213860240307704,0.02542632492596753,85,87,2,3,2,2,6,19,71,15,83
324,16,222,46,96,50,22,22,48,48,0,16,22,47,50,3,0.0012594029749140542,0.004152626025392287,40,52,12,3,3,3,2,1,95,49,28
325,90,296,65,94,29,82,82,56,56,0,82,82,65,65,0,0.008577555396711936,0.009360427516253106,65,67,2,3,3,3,7,9,62,31,71
326,40,246,48,95,47,116,116,74,74,0,40,48,48,50,2,0.0032336022328874367,0.005173763572619898,48,53,5,3,2,2,7,1,46,53,83
327,0,206,1,92,91,0,24,1,39,38,0,24,1,52,51,0.0,0.01327478811395895,1,77,76,3,-1,4,4,0,78,59,18
328,90,192,63,90,27,110,110,78,78,0,90,110,69,81,12,0.008066986623098132,0.008611593314952858,64,66,2,4,2,2,6,6,51,13,42
329,0,102,1,77,76,0,7,1,27,26,0,2,1,26,25,0.0,0.0005446066918547262,1,37,36,4,-1,5,4,0,84,36,42
330,100,100,73,73,0,100,100,88,88,0,100,100,88,88,0,0.055073351713809185,0.06402532421117124,99,100,1,2,1,1,4,17,84,6,31
331,111,711,77,100,23,132,132,70,70,0,111,132,77,78,1,0.00796487286837537,0.011913271384322134,62,76,14,2,2,2,8,8,42,57,22
332,94,94,73,73,0,54,54,55,55,0,54,54,60,60,0,0.01405766023350012,0.01405766023350012,76,76,0,-1,3,3,4,9,73,39,84
333,0,616,1,100,99,0,48,1,40,39,0,48,1,53,52,0.0,0.014772456516559448,1,76,75,2,-1,3,7,0,62,82,18
334,158,259,92,97,5,22,22,42,42,0,22,22,45,45,0,0.018959120460192654,0.019163347969638176,85,85,0,5,3,3,2,19,91,15,60
335,82,698,59,100,41,76,96,49,56,7,76,96,56,63,7,0.007556417849484326,0.029544913033118896,61,89,28,2,3,3,6,7,40,48,7
336,6,212,29,92,63,18,26,32,33,1,6,12,29,34,5,0.0002382654276864427,0.002586881786309949,33,47,14,3,4,4,5,1,52,88,90
337,54,260,56,94,38,102,102,68,68,0,54,62,56,58,2,0.006739507811702236,0.00976888253514415,61,69,8,3,3,3,7,7,43,62,29
338,278,278,93,93,0,310,310,94,94,0,278,278,93,93,0,0.016916845365737433,0.016916845365737433,76,76,0,-1,2,2,14,14,25,14,82
339,334,334,95,95,0,208,208,97,97,0,208,208,97,97,0,0.02750263793866367,0.02750263793866367,88,88,0,-1,2,2,7,19,24,15,66
340,16,222,34,87,53,132,132,62,62,0,16,30,34,43,9,0.0022465026039007454,0.0032336022328874367,45,50,5,3,3,3,16,2,9,94,43
341,0,616,1,100,99,0,42,1,39,38,0,38,1,50,49,0.0,0.007352190340038803,1,62,61,2,-1,3,6,0,74,89,77
342,100,100,59,59,0,100,100,39,39,0,100,100,59,59,0,0.02644746247319514,0.029442799278396135,88,89,1,2,1,1,14,9,16,39,73
343,44,44,56,56,0,54,54,55,55,0,44,44,57,57,0,0.006331052792811192,0.006331052792811192,58,58,0,-1,3,3,4,4,84,72,36
344,41,657,56,100,44,28,38,44,58,14,28,38,51,61,10,0.005105687736138058,0.029578950951359814,53,91,38,2,3,3,3,6,92,35,0
345,1,617,26,99,73,11,70,26,36,10,1,36,26,43,17,0.0,0.005105687736138058,1,53,52,2,6,3,11,1,33,78,22
346,16,222,37,94,57,38,42,38,38,0,16,42,37,50,13,0.0006467204465774873,0.0034718676605738795,38,48,10,3,3,3,6,1,59,4,35
347,46,46,59,59,0,28,28,45,45,0,28,28,50,50,0,0.005480104836788182,0.005480104836788182,56,56,0,-1,3,3,3,6,58,13,96
348,135,341,83,96,13,140,140,84,84,0,135,140,87,88,1,0.009122162088566664,0.014398039415909322,65,77,12,3,2,2,7,8,46,57,34
349,34,34,52,52,0,54,54,55,55,0,34,34,52,52,0,0.0034037918240920387,0.0034037918240920387,51,51,0,-1,3,3,4,6,73,70,81
350,61,1701,55,100,45,88,132,48,69,21,61,132,55,79,24,0.004833384390210695,0.033935804486197624,55,92,37,1,3,2,8,6,15,35,9
351,0,0,1,1,0,0,0,1,1,0,0,0,1,1,0,0.0,0.0,1,1,0,-1,-1,-1,4,0,53,67,99
352,88,294,57,95,38,214,214,74,74,0,88,96,57,57,0,0.007624493685966166,0.008577555396711936,60,61,1,3,2,2,15,7,7,62,51
353,0,206,1,93,92,0,10,1,31,30,0,6,1,31,30,0.0,0.002314578440382586,1,44,43,3,-1,4,3,0,58,66,46
354,6,622,30,100,70,24,64,37,59,22,6,64,30,62,32,0.0020422750944552232,0.02917049593246877,47,90,43,2,4,3,4,2,83,94,1
355,14,220,41,96,55,18,18,36,36,0,14,18,41,44,3,0.0010211375472276116,0.006331052792811192,40,58,18,3,4,4,3,4,75,64,34
356,0,616,1,100,99,0,50,1,44,43,0,50,1,51,50,0.0,0.005786446100956465,1,55,54,2,-1,3,5,0,52,67,47
357,100,100,66,66,0,100,100,52,52,0,100,100,66,66,0,0.03369753905851118,0.03778208924742163,91,93,2,2,1,1,8,13,15,33,47
358,22,1662,39,100,61,86,158,37,67,30,22,131,39,82,43,0.0005105687736138058,0.018959120460192654,34,80,46,1,3,2,14,2,17,63,37
359,16,632,40,100,60,70,70,62,62,0,16,70,40,68,28,0.0020763130126961434,0.016133973246196264,46,79,33,2,3,3,5,1,45,53,6
360,6,108,30,76,46,12,14,30,30,0,6,9,30,38,8,0.00037441710065012424,0.0015657442390823377,34,39,5,4,4,4,5,1,80,55,83
361,18,634,40,100,60,60,94,38,47,9,18,72,40,57,17,0.0002382654276864427,0.007658531604207087,34,62,28,2,3,3,9,2,28,56,62
362,0,616,1,100,99,0,36,1,40,39,0,36,1,52,51,0.0,0.015487252799618776,1,78,77,2,-1,3,5,0,49,85,12
363,46,252,52,92,40,104,104,61,61,0,46,52,52,52,0,0.0036760951700194017,0.004118588107151367,49,51,2,3,2,2,10,2,22,75,71
364,22,638,47,100,53,44,44,49,49,0,22,44,47,54,7,0.002144388849177984,0.035739814152966405,45,92,47,2,3,3,4,2,79,52,2
365,22,228,45,94,49,36,36,41,41,0,22,36,45,52,7,0.0020082371762143027,0.00442492937131965,45,51,6,3,3,3,5,2,49,75,41
366,0,206,1,96,95,0,12,1,34,33,0,12,1,42,41,0.0,0.005684332346233704,1,60,59,3,-1,4,2,0,86,92,48
367,104,104,71,71,0,148,148,71,71,0,104,104,71,71,0,0.00704584907587052,0.00704584907587052,61,61,0,-1,2,2,9,6,28,26,99
368,49,665,57,100,43,60,80,48,65,17,49,80,57,67,10,0.004799346471969774,0.03876918887640832,54,96,42,2,3,3,5,4,63,22,2
369,2,208,28,91,63,11,22,29,33,4,2,20,28,44,16,3.4037918240920386e-05,0.002723033459273631,29,47,18,3,5,4,7,1,62,95,22
370,332,332,97,97,0,168,168,98,98,0,168,168,98,98,0,0.03761189965621702,0.03761189965621702,95,95,0,-1,2,2,6,29,34,0,82
371,0,101,1,82,81,0,2,1,25,24,0,1,1,25,24,0.0,0.0,1,1,0,6,-1,7,2,0,68,91,58
372,342,444,95,98,3,216,216,94,94,0,216,216,94,94,0,0.03808843051158991,0.03815650634807175,92,92,0,4,2,2,9,27,31,10,55
373,12,218,35,96,61,18,18,35,35,0,12,18,35,45,10,0.0014295925661186562,0.010619830491167161,39,69,30,3,4,4,3,2,94,61,32
374,0,206,1,93,92,0,42,1,35,34,0,42,1,52,51,0.0,0.005480104836788182,1,57,56,3,-1,4,9,0,23,40,24
375,16,632,39,100,61,46,56,40,44,4,16,32,39,51,12,0.0026209197045508697,0.005173763572619898,48,57,9,2,3,3,6,2,44,94,53
376,260,1900,92,100,8,372,406,97,98,1,260,360,92,98,6,0.020626978453997753,0.03298274277545185,84,92,8,1,2,2,17,12,20,37,44
377,116,1756,77,100,23,110,134,81,91,10,110,134,82,92,10,0.01327478811395895,0.04169644984512747,74,95,21,1,2,2,6,8,65,17,23
378,214,830,93,100,7,150,150,85,85,0,150,150,89,89,0,0.025766704108376733,0.029647026787841656,89,90,1,2,2,2,7,15,46,16,47
379,86,86,66,66,0,96,96,61,61,0,86,86,65,65,0,0.009360427516253106,0.009360427516253106,67,67,0,-1,3,3,6,6,48,34,76
380,22,228,48,91,43,36,36,38,38,0,22,29,48,51,3,0.0013274788113958951,0.0018380475850097008,40,45,5,3,3,3,5,3,61,51,56
381,6,6,29,29,0,29,29,31,31,0,6,6,29,29,0,6.807583648184077e-05,6.807583648184077e-05,27,27,0,-1,4,4,12,1,3,60,69
382,58,58,67,67,0,46,46,82,82,0,46,46,82,82,0,0.012151536812008578,0.012151536812008578,72,72,0,-1,2,2,2,4,86,72,99
383,16,616,32,99,67,48,48,32,32,0,16,18,32,39,7,0.0002723033459273631,0.0012253650566731338,33,39,6,2,3,3,17,1,20,55,51
384,88,704,74,100,26,48,48,72,72,0,48,48,74,74,0,0.015214949453691413,0.04217298070050036,79,96,17,2,3,3,3,13,60,33,2
385,18,224,45,93,48,28,28,40,40,0,18,28,45,48,3,0.0018380475850097008,0.002382654276864427,42,47,5,3,3,3,3,2,82,61,56
386,0,0,1,1,0,0,0,1,1,0,0,0,1,1,0,0.0,0.0,1,1,0,-1,-1,-1,8,1,42,50,80
387,71,687,56,100,44,110,120,61,63,2,71,105,56,75,19,0.005854521937438306,0.00980292045338507,58,65,7,2,2,2,11,6,19,35,28
388,0,1640,1,100,99,0,58,1,43,42,0,58,1,52,51,0.0,0.02644746247319514,1,90,89,1,-1,2,6,0,71,81,6
389,34,34,55,55,0,34,34,44,44,0,34,34,55,55,0,0.0053439531638245,0.0053439531638245,58,58,0,-1,3,3,4,4,72,38,82
390,22,228,49,97,48,22,22,49,49,0,22,22,50,50,0,0.0037441710065012424,0.017972020831205963,52,81,29,3,3,3,2,3,93,29,12
391,32,32,47,47,0,80,80,42,42,0,32,32,47,47,0,0.002552843868069029,0.002552843868069029,47,47,0,-1,3,3,10,2,36,75,85
392,6,108,29,75,46,26,27,32,32,0,6,8,29,35,6,0.00030634126416828345,0.00037441710065012424,33,34,1,4,4,4,8,1,10,55,4
393,206,412,89,99,10,166,166,87,87,0,166,166,91,91,0,0.019878144252697506,0.02920453385070969,79,89,10,3,2,2,8,18,10,30,14
394,2,208,28,91,63,7,12,28,31,3,2,12,28,41,13,0.00017018959120460194,0.005480104836788182,31,57,26,3,5,4,4,1,84,95,44
395,24,1664,44,100,56,60,138,40,77,37,24,138,44,83,39,0.0013615167296368155,0.04486197624153307,40,97,57,1,3,2,9,4,35,64,11
396,163,163,87,87,0,112,112,92,92,0,112,112,92,92,0,0.019367575479083698,0.019367575479083698,84,84,0,-1,2,2,4,15,53,19,89
397,94,94,73,73,0,64,64,65,65,0,64,64,67,67,0,0.015214949453691413,0.015214949453691413,79,79,0,-1,3,3,4,9,47,39,66
398,0,206,1,92,91,0,14,1,30,29,0,8,1,34,33,0.0,0.0020422750944552232,1,44,43,3,-1,4,5,0,63,97,83
399,19,19,49,49,0,18,18,38,38,0,18,18,47,47,0,0.00439089145307873,0.00439089145307873,56,56,0,-1,4,4,3,4,81,22,86
400,0,1640,1,100,99,0,154,1,62,61,0,137,1,78,77,0.0,0.02127369890057524,1,85,84,1,-1,2,15,0,7,96,16
401,235,235,95,95,0,72,72,84,84,0,72,72,84,84,0,0.03699921712788046,0.03699921712788046,93,93,0,-1,2,2,3,29,85,0,84
402,0,616,1,100,99,0,60,1,39,38,0,53,1,54,53,0.0,0.009836958371625992,1,70,69,2,-1,3,9,0,35,36,39
403,151,151,88,88,0,72,72,83,83,0,72,72,83,83,0,0.024609414888185438,0.024609414888185438,87,87,0,-1,2,2,3,15,58,16,76
404,0,102,1,75,74,0,10,1,27,26,0,4,1,29,28,0.0,0.0002723033459273631,1,30,29,4,-1,5,6,1,65,69,56
405,334,950,96,100,4,246,246,95,95,0,246,246,96,96,0,0.025290173253003846,0.028557813404132205,88,90,2,2,2,2,10,19,22,15,41
406,0,0,1,1,0,0,0,1,1,0,0,0,1,1,0,0.0,0.0,1,1,0,-1,-1,-1,3,1,60,45,67
407,362,978,98,100,2,200,200,95,95,0,200,200,95,95,0,0.03727152047380782,0.04768712345552946,94,97,3,2,2,2,8,29,21,0,8
408,146,146,87,87,0,78,78,72,72,0,78,78,75,75,0,0.016916845365737433,0.016916845365737433,80,80,0,-1,2,2,4,16,47,12,93
409,110,726,77,100,23,142,142,81,81,0,110,142,78,86,8,0.011096361346540046,0.019673916743251984,71,83,12,2,2,2,8,7,39,21,19
410,0,616,1,100,99,0,50,1,48,47,0,50,1,54,53,0.0,0.01674665577453283,1,82,81,2,-1,3,5,0,61,84,15
411,61,163,63,90,27,54,54,55,55,0,54,54,60,60,0,0.014227849824704722,0.015214949453691413,75,78,3,4,3,3,4,12,84,37,71
412,0,206,1,90,89,0,28,1,35,34,0,20,1,44,43,0.0,0.0048674223084516155,1,55,54,3,-1,4,6,0,74,80,38
413,134,340,84,99,15,64,64,70,70,0,64,64,70,70,0,0.021784267674189048,0.03185949147350148,83,90,7,3,3,3,4,20,84,23,37
414,0,206,1,93,92,0,10,1,31,30,0,10,1,37,36,0.0,0.004186663943633207,1,51,50,3,-1,4,3,1,58,69,72
415,258,1858,94,100,6,176,176,85,85,0,176,176,89,89,0,0.019810068416215663,0.041253956907995507,84,96,12,1,2,2,8,16,42,12,16
416,132,132,80,80,0,100,100,66,66,0,100,100,72,72,0,0.01415977398822288,0.01415977398822288,77,77,0,-1,2,2,6,8,59,8,36
417,6,6,30,30,0,7,7,30,30,0,6,6,30,30,0,0.0002723033459273631,0.0002723033459273631,31,31,0,-1,4,4,2,1,91,78,69
418,16,222,41,95,54,28,28,45,45,0,16,28,41,48,7,0.0021784267674189047,0.010075223799312433,45,67,22,3,3,3,3,2,60,94,14
419,0,102,1,80,79,0,10,1,25,24,0,2,1,25,24,0.0,6.807583648184077e-05,1,27,26,4,-1,5,9,0,31,89,68
420,94,94,75,75,0,54,54,60,60,0,54,54,62,62,0,0.010381565063480718,0.010381565063480718,71,71,0,-1,3,3,4,9,78,27,92
421,144,744,88,100,12,48,48,62,62,0,48,48,64,64,0,0.017257224548146634,0.02978317846080534,83,92,9,2,3,3,3,18,64,30,19
422,22,124,41,81,40,70,70,41,41,0,22,25,41,46,5,0.0009190237925048504,0.001157289220191293,37,39,2,4,3,3,9,2,23,74,56
423,0,102,1,82,81,0,4,1,29,28,0,3,1,31,30,0.0,0.00030634126416828345,1,32,31,4,-1,5,2,0,68,96,56
424,0,616,1,100,99,0,20,1,42,41,0,18,1,45,44,0.0,0.003369753905851118,1,49,48,2,-1,3,3,0,58,93,63
425,100,100,68,68,0,100,100,63,63,0,100,100,68,68,0,0.054494707103713534,0.059668470676333435,99,100,1,2,1,1,6,15,41,16,38
426,0,206,1,93,92,0,18,1,40,39,0,18,1,44,43,0.0,0.011096361346540046,1,72,71,3,-1,4,3,0,60,76,19
427,0,206,1,92,91,0,30,1,35,34,0,26,1,48,47,0.0,0.0038462847612240037,1,51,50,3,-1,4,5,0,63,79,28
428,100,100,62,62,0,100,100,48,48,0,100,100,62,62,0,0.04237720820994588,0.04367064910310085,97,97,0,3,1,1,10,15,11,16,70
429,100,100,67,67,0,100,100,70,70,0,100,100,71,71,0,0.0348888661969434,0.036488648354266656,93,95,2,3,1,1,6,7,74,48,46
430,16,222,35,87,52,78,78,44,44,0,16,28,35,42,7,0.0026889955410327104,0.0035739814152966403,46,47,1,3,3,3,8,3,27,46,74
431,16,632,44,100,56,28,28,44,44,0,16,28,43,53,10,0.00176997174852786,0.009939072126348753,42,71,29,2,3,3,3,1,76,53,62
432,6,212,31,94,63,16,32,33,36,3,6,26,31,50,19,0.0002382654276864427,0.004595118962524252,32,53,21,3,4,4,6,1,32,4,38
433,0,0,1,1,0,0,0,1,1,0,0,0,1,1,0,0.0,0.0,1,1,0,-1,-1,-1,3,1,75,69,87
434,58,264,59,93,34,72,72,59,59,0,58,64,61,61,0,0.006126825283365669,0.008407365805507334,55,64,9,3,2,2,6,3,69,54,46
435,12,12,36,36,0,66,66,37,37,0,12,12,36,36,0,0.002110350930937064,0.002110350930937064,43,43,0,-1,4,4,11,2,19,83,50
436,0,206,1,94,93,0,12,1,39,38,0,12,1,41,40,0.0,0.006875659484665918,1,65,64,3,-1,4,2,0,90,91,20
437,16,1656,41,100,59,40,84,43,73,30,16,84,41,73,32,0.002144388849177984,0.055583920487422986,47,98,51,1,3,2,5,1,49,53,3
438,2,2,29,29,0,7,7,29,29,0,2,2,29,29,0,0.00010211375472276115,0.00010211375472276115,31,31,0,-1,5,5,4,1,47,60,50
439,210,826,90,100,10,220,220,85,85,0,210,220,91,91,0,0.014364001497668403,0.020558902617515914,77,81,4,2,2,2,12,14,3,14,21
440,24,24,49,49,0,18,18,47,47,0,18,18,49,49,0,0.0018040096667687805,0.0018040096667687805,42,42,0,-1,3,3,2,4,99,64,85
441,100,100,64,64,0,100,100,57,57,0,100,100,66,66,0,0.053269342047040404,0.06290207290922087,98,100,2,2,1,1,7,27,46,10,20
442,34,650,53,100,47,28,38,45,55,10,28,38,50,58,8,0.005922597773920147,0.009054086252084823,59,64,5,2,3,3,3,4,58,72,63
443,86,702,59,100,41,126,126,69,69,0,86,126,59,77,18,0.009632730862180468,0.0156914803090643,66,76,10,2,2,2,7,6,24,34,48
444,193,399,93,100,7,112,112,92,92,0,112,112,92,92,0,0.02658361414615882,0.034140031995643146,91,95,4,3,2,2,4,20,53,23,8
445,16,222,44,94,50,34,34,47,47,0,16,22,45,50,5,0.002586881786309949,0.004493005207801491,49,55,6,3,3,3,4,2,78,94,46
446,212,418,90,97,7,166,166,83,83,0,166,166,88,88,0,0.013376901868681712,0.01412573606998196,75,78,3,3,2,2,8,14,15,32,71
447,178,178,88,88,0,152,152,83,83,0,152,152,86,86,0,0.019129310051397258,0.019129310051397258,82,82,0,-1,2,2,8,18,21,5,66
448,0,102,1,73,72,0,18,1,28,27,0,2,1,25,24,0.0,0.00030634126416828345,1,32,31,4,-1,5,10,0,22,84,49
449,0,0,1,1,0,0,0,1,1,0,0,0,1,1,0,0.0,0.0,1,1,0,-1,-1,-1,9,1,35,50,85
450,16,16,37,37,0,54,54,39,39,0,16,16,37,37,0,0.0011913271384322134,0.0011913271384322134,40,40,0,-1,3,3,8,1,21,71,82
451,135,751,87,100,13,32,32,58,58,0,32,32,59,59,0,0.01872085503250621,0.035569624561761805,85,96,11,2,3,3,2,16,68,18,16
452,1,207,26,91,65,6,24,26,33,7,1,9,26,35,9,3.4037918240920386e-05,0.0013615167296368155,28,40,12,3,6,4,6,1,44,78,52
453,114,114,78,78,0,100,100,73,73,0,100,100,74,74,0,0.013547091459886314,0.013547091459886314,72,72,0,-1,2,2,6,9,71,31,76
454,108,314,80,96,16,96,96,89,89,0,96,96,89,89,0,0.017121072875182955,0.0212056230640934,82,85,3,3,2,2,3,5,64,25,13
455,208,414,89,96,7,252,252,92,92,0,208,214,89,89,0,0.017495489975833077,0.018959120460192654,79,80,1,3,2,2,11,8,33,20,46
456,77,77,64,64,0,56,56,44,44,0,56,56,52,52,0,0.007522379931243405,0.007522379931243405,61,61,0,-1,3,3,6,8,56,57,79
457,120,736,81,100,19,118,118,91,91,0,118,118,91,91,0,0.01320671227747711,0.028217434221723,75,87,12,2,2,2,5,7,80,48,15
458,226,226,92,92,0,228,228,77,77,0,226,226,92,92,0,0.013138636440995268,0.013138636440995268,71,71,0,-1,2,2,15,14,7,32,40
459,32,648,43,100,57,154,154,65,65,0,32,72,43,56,13,0.004288777698355968,0.008577555396711936,54,63,9,2,3,3,14,3,17,29,47
460,180,386,92,99,7,104,104,85,85,0,104,104,86,86,0,0.0228734810578985,0.026992069165049867,87,88,1,3,2,2,5,16,37,18,72
461,22,228,49,92,43,54,54,55,55,0,22,54,49,59,10,0.004186663943633207,0.01412573606998196,53,76,23,3,3,3,4,3,84,29,19
462,112,112,75,75,0,102,102,68,68,0,112,112,78,78,0,0.013104598522754349,0.013104598522754349,75,75,0,-1,3,3,7,8,43,20,66
463,16,16,33,33,0,66,66,36,36,0,16,16,33,33,0,0.001157289220191293,0.001157289220191293,38,38,0,-1,3,3,10,1,0,71,79
464,0,0,1,1,0,0,0,1,1,0,0,0,1,1,0,0.0,0.0,1,1,0,-1,-1,-1,3,0,66,85,69
465,56,56,56,56,0,150,150,70,70,0,56,56,56,56,0,0.0053439531638245,0.0053439531638245,59,59,0,-1,2,2,11,3,38,29,81
466,50,152,55,82,27,106,106,58,58,0,49,51,55,55,0,0.003982436434187685,0.004016474352428605,52,52,0,4,3,3,11,6,19,41,95
467,24,24,50,50,0,22,22,49,49,0,22,22,53,53,0,0.0018720855032506212,0.0018720855032506212,44,44,0,-1,3,3,2,4,90,64,36
468,66,1706,53,100,47,190,224,69,74,5,64,110,53,76,23,0.004016474352428605,0.011845195547840293,51,72,21,1,2,2,16,6,4,41,56
469,6,212,27,89,62,20,24,28,30,2,6,16,27,32,5,0.0004084550188910446,0.0009190237925048504,33,37,4,3,4,4,6,1,40,60,64
470,0,616,1,100,99,0,34,1,35,34,0,19,1,42,41,0.0,0.0032336022328874367,1,48,47,2,-1,3,6,0,48,66,70
471,70,670,59,100,41,128,128,73,73,0,70,128,59,80,21,0.005956635692161067,0.029919330133769018,57,90,33,2,3,3,8,5,21,47,7
472,240,840,94,100,6,72,72,80,80,0,72,72,80,80,0,0.031110657272201234,0.04169644984512747,91,94,3,2,2,2,3,27,87,10,6
473,160,160,89,89,0,152,152,82,82,0,152,152,88,88,0,0.0160318594914735,0.0160318594914735,79,79,0,-1,2,2,8,15,39,19,85
474,0,206,1,89,88,0,20,1,29,28,0,8,1,32,31,0.0,0.0013615167296368155,1,37,36,3,-1,4,6,0,71,85,52
475,0,0,1,1,0,0,0,1,1,0,0,0,1,1,0,0.0,0.0,1,1,0,-1,-1,-1,2,0,93,91,87
476,0,102,1,76,75,0,15,1,27,26,0,2,1,26,25,0.0,0.0005105687736138058,1,33,32,4,-1,5,9,0,54,93,42
477,100,100,74,74,0,100,100,80,80,0,100,100,80,80,0,0.07777664318050308,0.07893393240069438,100,100,0,3,1,1,5,40,45,3,54
478,332,948,95,100,5,168,168,96,96,0,168,168,96,96,0,0.03240409816535621,0.03866707512168556,91,93,2,2,2,2,6,22,40,9,17
479,0,616,1,100,99,0,94,1,47,46,0,94,1,59,58,0.0,0.015487252799618776,1,78,77,2,-1,3,9,0,28,87,15
480,0,616,1,100,99,0,39,1,31,30,0,22,1,37,36,0.0,0.00353994349705572,1,49,48,2,-1,3,9,0,29,76,75
481,162,778,84,100,16,112,112,75,75,0,112,112,78,78,0,0.012491915994417782,0.016099935327955343,73,78,5,2,3,3,7,14,43,14,41
482,136,752,86,100,14,70,80,62,69,7,70,80,69,73,4,0.01589570781850982,0.033255046121379216,78,93,15,2,3,3,5,16,45,12,15
483,8,110,36,80,44,26,26,36,36,0,8,10,36,36,0,0.0005105687736138058,0.0006807583648184077,35,36,1,4,4,4,5,2,45,56,49
484,6,212,29,89,60,24,28,32,33,1,6,19,29,39,10,0.0005446066918547262,0.003369753905851118,35,50,15,3,4,4,8,1,42,88,73
485,126,126,77,77,0,158,158,74,74,0,126,126,78,78,0,0.011096361346540046,0.011096361346540046,70,70,0,-1,2,2,9,8,28,17,86
486,0,206,1,87,86,0,47,1,33,32,0,6,1,27,26,0.0,0.0015317063208414173,1,41,40,3,-1,4,16,0,9,81,94
487,186,392,92,100,8,104,104,86,86,0,104,104,87,87,0,0.024881718234112803,0.027264372510977228,88,88,0,3,2,2,5,17,49,6,70
488,6,1646,29,100,71,31,144,32,60,28,6,144,29,78,49,0.0002042275094455223,0.027740903366350114,32,89,57,1,4,2,10,1,0,55,9
489,6,622,30,100,70,19,54,30,38,8,6,50,30,55,25,0.00017018959120460194,0.009156200006807584,30,66,36,2,4,3,8,1,21,60,17
490,6,622,29,100,71,35,132,31,60,29,6,130,29,76,47,0.00017018959120460194,0.01674665577453283,30,78,48,2,4,3,15,1,7,60,18
491,34,650,56,100,44,22,22,49,49,0,22,22,53,53,0,0.006535280302256714,0.02011640968038395,63,85,22,2,3,3,2,7,90,62,5
492,2,2,26,26,0,4,4,26,26,0,2,2,26,26,0,0.0,0.0,1,1,0,-1,5,5,3,1,82,68,67
493,100,100,60,60,0,100,100,40,40,0,100,100,60,60,0,0.04350045951189625,0.053473569556485925,97,99,2,2,1,1,14,22,25,9,37
494,111,727,74,100,26,94,104,62,72,10,94,104,69,78,9,0.008373327887266415,0.022226760611321013,62,88,26,2,2,2,5,8,52,57,18
495,0,616,1,100,99,0,48,1,46,45,0,48,1,53,52,0.0,0.00796487286837537,1,64,63,2,-1,3,6,0,65,40,48
496,20,226,48,92,44,30,34,44,44,0,20,34,48,52,4,0.0014295925661186562,0.003369753905851118,41,51,10,3,3,3,4,3,84,43,54
497,16,632,33,100,67,94,104,37,54,17,16,32,33,42,9,0.0007147962830593281,0.0026549576227917903,36,46,10,2,3,3,16,2,4,42,53
498,16,616,44,100,56,28,28,44,44,0,16,28,43,53,10,0.00176997174852786,0.021648116001225366,42,86,44,2,3,3,3,1,76,53,7
499,0,206,1,93,92,0,18,1,39,38,0,18,1,45,44,0.0,0.008645631233193778,1,65,64,3,-1,4,3,0,55,36,14
500,16,1656,34,100,66,40,132,33,62,29,16,121,34,78,44,0.0004084550188910446,0.02100139555464788,35,80,45,1,3,2,12,1,3,4,37
501,39,245,54,93,39,38,38,51,51,0,38,38,54,54,0,0.004493005207801491,0.005377991082065421,55,57,2,3,3,3,3,4,82,22,42
502,128,728,79,100,21,146,146,80,80,0,128,146,80,85,5,0.008101024541339052,0.012117498893767658,63,74,11,2,2,2,8,5,10,47,26
503,12,1652,35,100,65,50,108,36,60,24,12,102,35,75,40,0.0009530617107457708,0.020831205963443275,37,83,46,1,4,2,9,2,54,74,77
504,16,632,35,100,65,78,88,45,47,2,16,38,35,49,14,0.002484768031587188,0.005820484019197386,47,58,11,2,3,3,8,2,15,94,29
505,0,206,1,91,90,0,54,1,33,32,0,19,1,39,38,0.0,0.0030293747234419145,1,48,47,3,-1,4,11,0,38,93,22
506,14,630,41,100,59,18,38,38,45,7,14,38,41,50,9,0.0011232513019503727,0.03104258143571939,40,91,51,2,4,3,3,4,96,64,2
507,16,116,41,76,35,24,24,37,37,0,16,16,41,41,0,0.0034037918240920387,0.003437829742332959,51,51,0,4,4,4,4,6,83,73,60
508,128,128,80,80,0,188,188,81,81,0,128,128,80,80,0,0.008509479560230097,0.008509479560230097,66,66,0,-1,2,2,10,6,18,26,36
509,490,592,100,100,0,248,248,98,98,0,248,248,98,98,0,0.055788147996868515,0.05589026175159127,99,99,0,4,2,2,8,36,57,2,63
510,38,638,54,100,46,32,32,58,58,0,32,32,60,60,0,0.0031314884781646754,0.00707988699411144,50,60,10,2,3,3,2,3,91,54,51
511,100,100,82,82,0,100,100,98,98,0,100,100,98,98,0,0.10075223799312434,0.10146703427618367,99,99,0,4,1,1,2,20,98,23,61
512,40,656,46,100,54,174,178,71,71,0,40,69,46,56,10,0.0025188059498281084,0.006909697402906838,47,60,13,2,2,2,14,1,17,53,22
513,16,632,39,100,61,28,28,40,40,0,16,28,39,48,9,0.0014636304843595766,0.005037611899656217,41,56,15,2,3,3,3,1,82,71,64
514,60,676,62,100,38,60,70,51,58,7,60,70,62,65,3,0.006535280302256714,0.022465026039007456,60,84,24,2,3,3,5,5,80,47,18
515,368,470,100,100,0,112,112,94,94,0,112,112,94,94,0,0.050954763606657814,0.05194186323564451,98,98,0,4,2,2,4,36,78,2,83
516,2,208,25,90,65,6,26,25,32,7,2,26,25,45,20,0.0,0.003982436434187685,1,49,48,3,5,4,5,1,50,78,26
517,22,638,41,100,59,70,136,37,63,26,22,136,41,81,40,0.0005446066918547262,0.033255046121379216,35,93,58,2,3,3,11,2,33,63,3
518,18,224,45,93,48,28,28,40,40,0,18,28,45,48,3,0.0007147962830593281,0.0020082371762143027,36,43,7,3,3,3,3,2,82,56,43
519,0,616,1,99,98,0,138,1,60,59,0,110,1,76,75,0.0,0.017087034956942034,1,80,79,2,-1,3,17,0,20,36,23
520,0,102,1,83,82,0,4,1,28,27,0,4,1,30,29,0.0,0.004356853534837809,1,51,50,4,-1,5,2,0,99,97,31
521,22,124,43,80,37,50,50,37,37,0,22,24,43,48,5,0.0014295925661186562,0.0016678579938050988,41,43,2,4,3,3,8,3,30,51,88
522,386,386,98,98,0,374,374,99,99,0,374,374,99,99,0,0.026107083290785937,0.026107083290785937,88,88,0,-1,2,2,15,19,7,15,99
523,77,693,72,100,28,48,48,59,59,0,48,48,63,63,0,0.008305252050784574,0.02413288403281255,65,90,25,2,3,3,3,8,75,44,5
524,0,206,1,92,91,0,14,1,30,29,0,6,1,30,29,0.0,0.001940161339732462,1,43,42,3,-1,4,5,0,70,91,46
525,118,118,80,80,0,120,120,85,85,0,120,120,85,85,0,0.016474352428605468,0.016474352428605468,81,81,0,-1,2,2,6,9,48,39,87
526,16,16,32,32,0,24,24,29,29,0,16,16,32,32,0,0.0009190237925048504,0.0009190237925048504,35,35,0,-1,3,3,9,1,29,78,99
527,2,618,26,100,74,10,52,26,34,8,2,52,26,52,26,0.0,0.006399128629293032,1,56,55,2,5,3,9,2,29,58,31
528,22,124,41,81,40,40,40,40,40,0,22,24,41,44,3,0.0019741992579733825,0.0020763130126961434,45,45,0,4,3,3,5,2,50,52,55
529,46,252,54,94,40,60,60,53,53,0,46,60,54,59,5,0.00439089145307873,0.006331052792811192,52,60,8,3,3,3,5,6,49,28,83
530,0,206,1,92,91,0,12,1,33,32,0,8,1,36,35,0.0,0.0009870996289866913,1,38,37,3,-1,4,4,0,77,76,61
531,0,206,1,96,95,0,12,1,34,33,0,12,1,41,40,0.0,0.003267640151128357,1,52,51,3,-1,4,2,0,98,80,22
532,6,6,31,31,0,17,17,31,31,0,6,6,31,31,0,6.807583648184077e-05,6.807583648184077e-05,30,30,0,-1,4,4,7,1,62,65,92
533,380,380,98,98,0,112,112,92,92,0,112,112,92,92,0,0.04983151230470744,0.04983151230470744,97,97,0,-1,2,2,4,36,83,2,98
534,144,1784,81,100,19,280,324,81,88,7,144,212,81,88,7,0.008066986623098132,0.02018448551686579,58,85,27,1,2,2,17,6,20,13,72
535,122,738,79,100,21,176,186,74,77,3,122,172,79,84,5,0.009190237925048503,0.014772456516559448,64,71,7,2,2,2,12,8,2,44,26
536,214,214,90,90,0,142,142,72,72,0,142,142,83,83,0,0.02130773681881616,0.02130773681881616,85,85,0,-1,2,2,8,16,42,18,96
537,71,277,57,96,39,108,108,61,61,0,71,79,57,58,1,0.005105687736138058,0.006535280302256714,57,60,3,3,2,2,9,6,28,35,83
538,0,206,1,94,93,0,14,1,36,35,0,14,1,42,41,0.0,0.004288777698355968,1,53,52,3,-1,4,3,0,81,97,38
539,256,358,93,94,1,200,200,93,93,0,200,200,93,93,0,0.021137547227611558,0.021375812655298,82,83,1,4,2,2,8,18,27,5,55
540,0,616,1,100,99,0,120,1,61,60,0,120,1,78,77,0.0,0.029647026787841656,1,91,90,2,-1,3,10,0,12,89,2
541,39,141,58,91,33,32,32,63,63,0,32,32,64,64,0,0.005037611899656217,0.00527587732734266,58,60,2,4,3,3,2,4,86,22,49
542,0,616,1,100,99,0,42,1,40,39,0,42,1,56,55,0.0,0.008066986623098132,1,66,65,2,-1,3,6,0,32,87,17
543,100,100,71,71,0,100,100,80,80,0,100,100,81,81,0,0.05908982606623779,0.05929405357568331,99,99,0,5,1,1,5,29,49,1,60
544,281,281,98,98,0,88,88,84,84,0,88,88,84,84,0,0.03618230709009837,0.03618230709009837,94,94,0,-1,2,2,4,29,67,11,89
545,110,110,77,77,0,138,138,71,71,0,110,110,77,77,0,0.007862759113652609,0.007862759113652609,64,64,0,-1,2,2,9,6,54,13,84
546,26,232,52,99,47,22,22,54,54,0,22,22,54,54,0,0.003369753905851118,0.007216038667075122,49,62,13,3,3,3,2,6,99,41,57
547,2,618,26,100,74,7,40,27,40,13,2,40,26,52,26,3.4037918240920386e-05,0.009870996289866912,26,70,44,2,5,3,5,2,80,58,8
548,67,67,57,57,0,108,108,60,60,0,67,67,57,57,0,0.005173763572619898,0.005173763572619898,55,55,0,-1,3,3,8,6,42,35,99
549,46,252,54,93,39,46,46,43,43,0,46,46,54,54,0,0.0063650907110521125,0.008101024541339052,57,63,6,3,3,3,6,6,69,34,52
550,100,306,80,100,20,22,22,49,49,0,22,22,50,50,0,0.009973110044589673,0.03012355764321454,68,89,21,3,3,3,2,14,93,32,10
551,130,232,80,91,11,54,54,52,52,0,54,54,55,55,0,0.014227849824704722,0.014874570271282209,77,77,0,4,3,3,4,16,83,12,42
552,100,100,69,69,0,100,100,66,66,0,100,100,72,72,0,0.04680213758126553,0.04680213758126553,96,96,0,-1,1,1,6,17,44,6,36
553,6,1646,28,100,72,20,134,28,62,34,6,112,28,79,51,0.00013615167296368154,0.01579359406378706,28,75,47,1,4,2,14,2,17,58,33
554,100,100,71,71,0,100,100,79,79,0,100,100,79,79,0,0.0392457197317812,0.058034650600769254,94,100,6,2,1,1,5,9,70,31,12
555,0,101,1,74,73,0,10,1,25,24,0,1,1,25,24,0.0,6.807583648184077e-05,1,27,26,5,-1,6,10,1,18,50,58
556,56,158,53,83,30,134,134,66,66,0,56,58,53,53,0,0.0053439531638245,0.0053439531638245,56,56,0,4,2,2,10,3,22,29,65
557,90,296,65,94,29,136,136,81,81,0,90,136,66,81,15,0.011777119711358454,0.017937982912965042,72,81,9,3,2,2,7,6,43,77,25
558,16,632,43,100,57,34,44,46,49,3,16,44,43,56,13,0.0020422750944552232,0.019571802988529223,45,83,38,2,3,3,4,1,73,53,5
559,145,145,90,90,0,48,48,68,68,0,48,48,69,69,0,0.019878144252697506,0.019878144252697506,85,85,0,-1,3,3,3,18,81,5,93
560,60,60,62,62,0,60,60,51,51,0,60,60,62,62,0,0.006535280302256714,0.006535280302256714,60,60,0,-1,3,3,5,5,80,47,76
561,203,305,94,95,1,144,144,91,91,0,144,144,91,91,0,0.025766704108376733,0.025834779944858572,88,88,0,4,2,2,6,15,32,16,4
562,256,358,97,99,2,72,72,80,80,0,72,72,80,80,0,0.03475271452397971,0.03536539705231628,94,94,0,4,2,2,3,27,66,10,74
563,34,1674,43,100,57,124,178,58,69,11,34,178,43,87,44,0.0011913271384322134,0.02825147213996392,39,90,51,1,3,2,14,4,8,64,7
564,190,290,89,95,6,222,222,83,83,0,222,222,90,90,0,0.020048333843902106,0.02011640968038395,82,82,0,4,2,2,13,16,13,18,65
565,1,207,25,93,68,6,28,25,35,10,1,9,25,35,10,0.0,0.001940161339732462,1,43,42,3,6,4,6,2,69,58,52
566,6,212,31,93,62,10,10,32,32,0,6,10,31,36,5,0.00037441710065012424,0.0013274788113958951,33,40,7,3,4,4,3,1,55,88,54
567,242,858,91,100,9,302,302,86,86,0,242,260,91,93,2,0.011879233466081215,0.012798257258586064,66,70,4,2,2,2,16,13,9,24,63
568,12,12,32,32,0,72,72,34,34,0,12,12,32,32,0,0.00034037918240920387,0.00034037918240920387,32,32,0,-1,4,4,16,2,4,63,79
569,40,40,49,49,0,130,130,66,66,0,40,40,49,49,0,0.0028591851322373124,0.0028591851322373124,48,48,0,-1,2,2,11,1,38,53,87
570,190,806,90,100,10,158,158,80,80,0,158,158,86,86,0,0.02042275094455223,0.025868817863099493,84,88,4,2,2,2,9,17,23,6,31
571,132,132,81,81,0,158,158,78,78,0,132,132,82,82,0,0.017052997038701112,0.017052997038701112,78,78,0,-1,2,2,9,9,29,39,36
572,98,98,78,78,0,48,48,64,64,0,48,48,66,66,0,0.011334626774226489,0.011334626774226489,69,69,0,-1,3,3,3,14,85,14,66
573,18,224,43,91,48,36,36,38,38,0,18,25,43,50,7,0.0018040096667687805,0.002144388849177984,44,47,3,3,3,3,5,2,61,83,63
574,16,117,37,77,40,92,92,42,42,0,16,17,37,40,3,0.0009190237925048504,0.0010211375472276116,38,38,0,5,3,3,11,2,19,42,60
575,2,1642,27,100,73,6,94,27,69,42,2,94,27,71,44,0.0,0.0480955784744205,1,96,95,1,5,2,5,1,37,68,2
576,0,0,1,1,0,0,0,1,1,0,0,0,1,1,0,0.0,0.0,1,1,0,-1,-1,-1,12,0,2,89,80
577,0,616,1,100,99,0,22,1,41,40,0,22,1,45,44,0.0,0.025902855781340415,1,90,89,2,-1,3,2,0,68,66,0
578,373,579,97,100,3,248,248,90,90,0,248,248,92,92,0,0.031655263964055956,0.03281255318424725,90,90,0,3,2,2,11,29,38,11,54
579,4,620,31,100,69,6,48,30,67,37,4,48,31,68,37,0.0004084550188910446,0.038564961366962795,36,95,59,2,5,3,3,2,81,63,3
580,0,0,1,1,0,0,0,1,1,0,0,0,1,1,0,0.0,0.0,1,1,0,-1,-1,-1,14,0,16,81,50
581,214,414,93,97,4,150,150,85,85,0,150,150,89,89,0,0.025766704108376733,0.029715102624323496,89,90,1,3,2,2,7,15,46,16,31
582,24,230,47,95,48,36,36,42,42,0,24,30,47,48,1,0.001497668402600497,0.0033016780693692774,42,50,8,3,3,3,5,4,45,64,94
583,22,228,43,92,49,68,68,41,41,0,22,29,43,50,7,0.0022465026039007454,0.0032336022328874367,45,50,5,3,3,3,8,2,30,83,61
584,24,126,47,87,40,38,38,46,46,0,24,38,48,50,2,0.002757071377514551,0.003608019333537561,48,49,1,4,3,3,3,3,96,54,64
585,254,1854,91,100,9,314,314,89,89,0,254,314,91,97,6,0.014704380680077607,0.03012355764321454,74,90,16,1,2,2,17,14,20,14,5
586,112,312,76,95,19,164,164,77,77,0,112,130,76,79,3,0.008747744987916539,0.012389802239695021,66,72,6,3,2,2,10,7,12,48,38
587,100,100,69,69,0,100,100,69,69,0,100,100,71,71,0,0.042989890738282445,0.04305796657476429,96,96,0,4,1,1,6,9,34,39,55
588,0,616,1,100,99,0,28,1,44,43,0,28,1,48,47,0.0,0.010858095918853602,1,67,66,2,-1,3,3,0,58,91,39
589,0,616,1,100,99,0,120,1,56,55,0,108,1,79,78,0.0,0.010960209673576363,1,69,68,2,-1,3,14,0,17,97,14
590,0,0,1,1,0,0,0,1,1,0,0,0,1,1,0,0.0,0.0,1,1,0,-1,-1,-1,2,0,93,85,96
591,2,618,26,100,74,8,44,26,35,9,2,31,26,47,21,0.0,0.0034718676605738795,1,48,47,2,5,3,7,1,43,68,22
592,112,214,81,90,9,110,110,77,77,0,110,110,81,81,0,0.014534191088873005,0.014840532353041287,76,77,1,4,2,2,6,8,74,17,49
593,77,283,62,95,33,60,60,51,51,0,60,60,57,57,0,0.006943735321147759,0.008135062459579971,61,65,4,3,3,3,5,8,37,57,43
594,90,706,69,100,31,54,64,55,58,3,54,64,58,62,4,0.008305252050784574,0.019265461724360937,67,83,16,2,3,3,4,9,53,31,17
595,42,248,53,94,41,110,110,59,59,0,40,50,51,53,2,0.003914360597705844,0.006399128629293032,51,59,8,3,3,3,10,6,36,41,73
596,47,149,51,86,35,44,44,44,44,0,44,44,50,50,0,0.005037611899656217,0.00616086320160659,50,53,3,4,3,3,4,6,67,35,51
597,0,206,1,91,90,0,17,1,30,29,0,6,1,30,29,0.0,0.0007828721195411688,1,37,36,3,-1,4,7,0,62,79,71
598,0,206,1,92,91,0,18,1,37,36,0,18,1,46,45,0.0,0.008713707069675619,1,65,64,3,-1,4,3,1,85,50,19
599,6,212,30,92,62,36,36,36,36,0,6,30,30,48,18,0.0006807583648184077,0.005820484019197386,36,57,21,3,4,4,6,1,65,49,38
600,0,616,1,100,99,0,90,1,45,44,0,90,1,60,59,0.0,0.012934408931549747,1,75,74,2,-1,3,10,1,11,50,5
601,77,693,65,100,35,124,124,68,68,0,77,124,65,81,16,0.00789679703189353,0.020695054290479593,65,84,19,2,3,3,9,8,31,44,5
602,46,662,52,100,48,90,90,63,63,0,46,90,52,68,16,0.0051397256543789785,0.027162258756254467,55,90,35,2,2,2,6,3,65,29,1
603,348,964,97,100,3,168,168,97,97,0,168,168,97,97,0,0.03631845876306205,0.04060723646141802,95,96,1,2,2,2,6,27,51,10,38
604,0,206,1,92,91,0,18,1,35,34,0,18,1,45,44,0.0,0.008203138296061813,1,65,64,3,-1,4,3,0,64,99,33
605,0,206,1,90,89,0,36,1,35,34,0,36,1,49,48,0.0,0.00793083495013445,1,63,62,3,-1,4,6,0,48,91,14
606,16,222,33,89,56,42,46,36,36,0,16,22,33,41,8,0.0020082371762143027,0.0035739814152966403,43,49,6,3,3,3,6,2,40,94,53
607,0,206,1,88,87,0,40,1,33,32,0,8,1,33,32,0.0,0.0013615167296368155,1,40,39,3,-1,4,10,0,11,96,61
608,0,206,1,90,89,0,18,1,28,27,0,6,1,28,27,0.0,0.0005446066918547262,1,36,35,3,-1,4,10,0,1,76,88
609,35,651,55,100,45,44,64,48,64,16,35,64,56,66,10,0.004356853534837809,0.022533101875489295,54,87,33,2,3,3,4,6,47,73,30
610,40,40,49,49,0,156,156,68,68,0,40,40,49,49,0,0.002825147213996392,0.002825147213996392,48,48,0,-1,2,2,12,1,14,53,92
611,0,616,1,100,99,0,20,1,45,44,0,16,1,42,41,0.0,0.006058749446883829,1,60,59,2,-1,3,3,0,81,80,90
612,126,742,80,100,20,190,190,80,80,0,126,144,80,81,1,0.009564655025698629,0.011709043874876613,68,70,2,2,2,2,11,7,33,48,52
613,282,482,99,100,1,56,56,86,86,0,56,56,86,86,0,0.04261547363763232,0.045644848361074235,97,97,0,3,2,2,2,40,95,3,72
614,60,266,60,96,36,68,68,71,71,0,59,68,66,72,6,0.006126825283365669,0.013649205214609075,58,77,19,3,2,2,4,6,47,41,77
615,236,852,92,100,8,174,174,93,93,0,174,174,94,94,0,0.017155110793423873,0.026923993328568024,80,88,8,2,2,2,7,14,24,32,77
616,0,0,1,1,0,0,0,1,1,0,0,0,1,1,0,0.0,0.0,1,1,0,-1,-1,-1,4,0,47,85,80
617,121,327,80,95,15,94,94,68,68,0,94,94,73,73,0,0.009496579189216788,0.010109261717553355,67,69,2,3,2,2,5,8,61,44,71
618,82,288,69,96,27,64,64,70,70,0,64,64,70,70,0,0.011368664692467409,0.0176997174852786,69,81,12,3,3,3,4,8,84,20,77
619,316,417,99,100,1,72,72,83,83,0,72,72,83,83,0,0.04544062085162871,0.045474658769869634,96,96,0,6,2,2,3,40,58,3,68
620,0,0,1,1,0,0,0,1,1,0,0,0,1,1,0,0.0,0.0,1,1,0,-1,-1,-1,11,0,33,82,98
621,62,678,54,100,46,160,160,68,68,0,62,106,54,70,16,0.004663194799006093,0.010483678818203479,53,68,15,2,2,2,11,6,5,70,62
622,0,616,1,100,99,0,22,1,41,40,0,22,1,45,44,0.0,0.016610504101569147,1,81,80,2,-1,3,2,0,68,87,16
623,0,0,1,1,0,0,0,1,1,0,0,0,1,1,0,0.0,0.0,1,1,0,-1,-1,-1,7,0,62,87,69
624,114,114,80,80,0,176,176,87,87,0,114,114,80,80,0,0.011845195547840293,0.011845195547840293,74,74,0,-1,2,2,8,6,57,77,98
625,0,0,1,1,0,0,0,1,1,0,0,0,1,1,0,0.0,0.0,1,1,0,-1,-1,-1,14,0,16,81,93
626,100,100,59,59,0,100,100,45,45,0,100,100,59,59,0,0.01841451376833793,0.02392865652336703,81,86,5,2,1,1,10,3,0,46,21
627,82,82,72,72,0,46,46,82,82,0,46,46,82,82,0,0.015521290717859695,0.015521290717859695,79,79,0,-1,2,2,2,8,95,20,79
628,112,318,75,97,22,210,210,78,78,0,112,120,75,76,1,0.008135062459579971,0.008713707069675619,64,67,3,3,2,2,12,4,6,72,74
629,63,679,54,100,46,86,96,49,52,3,63,96,54,63,9,0.007216038667075122,0.016984921202219273,56,83,27,2,2,2,7,6,46,73,39
630,0,616,1,100,99,0,70,1,39,38,0,70,1,61,60,0.0,0.015283025290173252,1,76,75,2,-1,3,10,0,12,82,16
631,121,221,80,91,11,160,160,73,73,0,121,121,80,80,0,0.00793083495013445,0.007998910786616291,64,64,0,5,2,2,11,8,38,44,78
632,88,88,60,60,0,126,126,69,69,0,88,88,60,60,0,0.008747744987916539,0.008747744987916539,64,64,0,-1,2,2,7,7,24,62,69
633,0,206,1,92,91,0,20,1,31,30,0,6,1,31,30,0.0,0.002212464685659825,1,44,43,3,-1,4,6,1,69,45,46
634,503,1119,99,100,1,392,392,100,100,0,392,392,100,100,0,0.03703325504612138,0.0494230572858164,94,99,5,2,2,2,14,29,25,11,12
635,200,400,91,98,7,88,88,73,73,0,88,88,74,74,0,0.02413288403281255,0.026243234963749616,87,87,0,3,2,2,4,16,83,18,22
636,106,722,78,100,22,72,72,77,77,0,72,72,77,77,0,0.014874570271282209,0.037475747983253344,78,95,17,2,2,2,3,8,64,20,1
637,0,101,1,84,83,0,3,1,23,22,0,1,1,23,22,0.0,6.807583648184077e-05,1,26,25,6,-1,7,3,0,92,79,58
638,88,704,73,100,27,48,48,64,64,0,48,48,66,66,0,0.011845195547840293,0.023554239422716908,71,87,16,2,3,3,3,9,85,27,32
639,151,151,87,87,0,78,78,77,77,0,78,78,79,79,0,0.020831205963443275,0.020831205963443275,82,82,0,-1,2,2,4,16,78,12,85
640,0,1640,1,100,99,0,45,1,38,37,0,40,1,46,45,0.0,0.017018959120460194,1,78,77,1,-1,2,6,0,51,66,55
641,56,262,52,94,42,76,76,54,54,0,56,76,52,65,13,0.004595118962524252,0.009836958371625992,50,68,18,3,2,2,6,2,56,74,21
642,0,616,1,100,99,0,144,1,62,61,0,144,1,83,82,0.0,0.022533101875489295,1,87,86,2,-1,3,14,1,25,50,10
643,0,0,1,1,0,0,0,1,1,0,0,0,1,1,0,0.0,0.0,1,1,0,-1,-1,-1,6,0,41,36,59
644,0,616,1,100,99,0,66,1,49,48,0,66,1,60,59,0.0,0.021682153919466287,1,87,86,2,-1,3,6,0,56,86,16
645,40,246,53,97,44,72,72,77,77,0,40,48,67,69,2,0.00970080669866231,0.010858095918853602,71,74,3,3,2,2,3,1,96,90,52
646,232,438,91,97,6,320,320,92,92,0,232,238,91,91,0,0.019571802988529223,0.019844106334456584,80,80,0,3,2,2,14,12,16,37,88
647,6,622,28,99,71,39,54,30,32,2,6,24,28,42,14,3.4037918240920386e-05,0.0012594029749140542,26,39,13,2,4,3,17,1,20,60,51
648,462,462,98,98,0,312,312,98,98,0,312,312,98,98,0,0.037475747983253344,0.037475747983253344,97,97,0,-1,2,2,12,29,2,11,81
649,0,206,1,89,88,0,13,1,28,27,0,6,1,28,27,0.0,0.0007147962830593281,1,37,36,3,-1,4,5,1,61,45,71
650,0,0,1,1,0,0,0,1,1,0,0,0,1,1,0,0.0,0.0,1,1,0,-1,-1,-1,10,0,12,80,92
651,126,227,78,92,14,152,152,76,76,0,126,127,78,78,0,0.010143299635794275,0.010143299635794275,66,66,0,5,2,2,8,7,15,48,68
652,60,676,54,100,46,156,166,69,71,2,60,166,54,85,31,0.008407365805507334,0.02474556656114912,66,87,21,2,3,3,11,5,33,25,15
653,100,100,62,62,0,206,206,75,75,0,100,100,62,62,0,0.009394465434494027,0.009394465434494027,65,65,0,-1,2,2,12,6,14,77,66
654,101,307,76,97,21,164,164,77,77,0,101,164,76,86,10,0.008271214132543654,0.015725518227305217,64,79,15,3,2,2,10,8,36,57,33
655,0,616,1,100,99,0,58,1,40,39,0,31,1,50,49,0.0,0.006467204465774873,1,60,59,2,-1,3,8,1,57,45,25
656,16,632,34,100,66,76,116,39,58,19,16,116,34,77,43,0.0012934408931549745,0.01592974573675074,40,77,37,2,3,3,11,1,33,71,6
657,0,0,1,1,0,0,0,1,1,0,0,0,1,1,0,0.0,0.0,1,1,0,-1,-1,-1,9,0,23,85,96
658,0,102,1,79,78,0,6,1,28,27,0,4,1,31,30,0.0,0.0007147962830593281,1,35,34,4,-1,5,3,0,58,84,61
659,94,94,73,73,0,48,48,63,63,0,48,48,64,64,0,0.00881582082439838,0.00881582082439838,69,69,0,-1,3,3,3,9,82,31,76
660,146,247,90,97,7,80,80,94,94,0,80,80,94,94,0,0.02573266619013581,0.025766704108376733,89,89,0,6,2,2,2,13,91,33,68
661,77,693,74,100,26,22,32,49,68,19,22,32,50,68,18,0.015385139044896015,0.028864154668300487,79,90,11,2,3,3,2,12,93,37,31
662,0,0,1,1,0,0,0,1,1,0,0,0,1,1,0,0.0,0.0,1,1,0,-1,-1,-1,2,0,91,79,80
663,16,632,34,100,66,39,136,32,63,31,16,136,34,81,47,0.00013615167296368154,0.030532012662105586,30,91,61,2,3,3,11,1,33,95,2
664,16,1656,37,100,63,38,100,38,65,27,16,100,37,71,34,0.0006467204465774873,0.04411314204023282,38,95,57,1,3,2,6,1,59,4,3
665,166,782,88,100,12,198,198,86,86,0,166,198,88,91,3,0.014466115252391163,0.01943565131556554,79,84,5,2,2,2,10,9,36,27,72
666,0,616,1,100,99,0,30,1,42,41,0,30,1,50,49,0.0,0.014772456516559448,1,77,76,2,-1,3,4,0,73,36,16
667,0,206,1,89,88,0,36,1,32,31,0,12,1,34,33,0.0,0.0022465026039007454,1,44,43,3,-1,4,10,0,18,80,75
668,148,148,90,90,0,56,56,88,88,0,56,56,88,88,0,0.030361823070900983,0.030361823070900983,91,91,0,-1,2,2,2,18,93,5,59
669,102,204,85,96,11,46,46,84,84,0,46,46,84,84,0,0.018312400013615168,0.019707954661492902,83,83,0,4,2,2,2,8,93,8,94
670,0,102,1,71,70,0,10,1,27,26,0,2,1,25,24,0.0,0.0002382654276864427,1,31,30,4,-1,5,7,0,24,86,65
671,128,334,81,97,16,134,134,91,91,0,128,134,91,91,0,0.015521290717859695,0.01844855168657885,78,80,2,3,2,2,6,6,71,41,35
672,112,728,79,100,21,182,192,87,92,5,112,192,79,93,14,0.009870996289866912,0.02828551005820484,69,88,19,2,2,2,9,7,23,62,9
673,0,206,1,94,93,0,10,1,30,29,0,8,1,35,34,0.0,0.0013955546478777359,1,42,41,3,-1,4,3,0,66,76,51
674,0,102,1,81,80,0,6,1,28,27,0,2,1,26,25,0.0,0.0009870996289866913,1,37,36,4,-1,5,3,0,66,97,71
675,64,1704,58,100,42,134,158,72,82,10,64,158,58,86,28,0.007352190340038803,0.02542632492596753,62,86,24,1,3,2,9,4,31,72,27
676,78,180,63,88,25,142,142,79,79,0,78,80,63,63,0,0.009190237925048503,0.009326389598012186,67,67,0,4,2,2,8,7,57,62,4
677,6,622,30,100,70,29,78,30,38,8,6,78,30,59,29,0.00030634126416828345,0.009870996289866912,34,68,34,2,4,3,11,1,38,55,14
678,0,102,1,86,85,0,4,1,29,28,0,2,1,28,27,0.0,0.0012934408931549745,1,41,40,4,-1,5,2,0,97,85,53
679,6,6,28,28,0,32,32,29,29,0,6,6,28,28,0,0.0002042275094455223,0.0002042275094455223,32,32,0,-1,4,4,16,1,9,55,76
680,146,146,84,84,0,134,134,92,92,0,134,134,93,93,0,0.01872085503250621,0.01872085503250621,80,80,0,-1,2,2,6,9,65,39,87
681,100,100,61,61,0,100,100,44,44,0,100,100,61,61,0,0.023179822322066782,0.023179822322066782,85,85,0,-1,1,1,12,7,6,21,96
682,100,100,72,72,0,100,100,87,87,0,100,100,87,87,0,0.08938357330065694,0.10245413390517036,100,100,0,2,1,1,4,36,53,2,0
683,62,62,55,55,0,90,90,65,65,0,62,62,55,55,0,0.005582218591510943,0.005582218591510943,55,55,0,-1,2,2,6,4,59,64,45
684,0,206,1,91,90,0,16,1,31,30,0,9,1,35,34,0.0,0.00088498587426393,1,37,36,3,-1,4,6,0,44,85,43
685,206,822,94,100,6,152,152,98,98,0,152,152,98,98,0,0.02818339630348208,0.05146533238027162,90,97,7,2,2,2,5,20,45,23,7
686,232,848,91,100,9,320,320,92,92,0,232,276,91,92,1,0.019571802988529223,0.02464345280642636,80,87,7,2,2,2,14,12,16,37,38
687,186,392,91,99,8,104,104,80,80,0,104,104,81,81,0,0.024200959869294394,0.027060145001531706,88,89,1,3,2,2,5,15,63,16,35
688,422,628,99,100,1,192,192,99,99,0,192,192,99,99,0,0.05190782531740359,0.055107389632050106,97,98,1,3,2,2,6,36,32,2,31
689,0,1640,1,100,99,0,130,1,59,58,0,122,1,75,74,0.0,0.019061234214915415,1,84,83,1,-1,2,15,0,7,92,12
690,268,268,96,96,0,216,216,93,93,0,216,216,94,94,0,0.025188059498281085,0.025188059498281085,88,88,0,-1,2,2,9,15,28,16,80
691,0,206,1,93,92,0,14,1,34,33,0,14,1,42,41,0.0,0.00445896728956057,1,51,50,3,-1,4,3,0,92,87,62
692,0,101,1,71,70,0,7,1,25,24,0,1,1,25,24,0.0,0.00013615167296368154,1,30,29,5,-1,6,7,0,46,81,55
693,88,88,73,73,0,38,38,51,51,0,38,38,54,54,0,0.013104598522754349,0.013104598522754349,75,75,0,-1,3,3,3,8,94,8,81
694,2,2,27,27,0,22,22,29,29,0,2,2,27,27,0,0.0002723033459273631,0.0002723033459273631,32,32,0,-1,5,5,12,1,14,55,87
695,208,208,88,88,0,306,306,90,90,0,208,208,88,88,0,0.014840532353041287,0.014840532353041287,75,75,0,-1,2,2,15,8,7,20,80
696,110,310,76,96,20,200,200,81,81,0,110,114,76,77,1,0.010790020082371761,0.011845195547840293,68,71,3,3,2,2,11,6,19,77,54
697,6,1646,27,100,73,36,130,30,59,29,6,96,27,58,31,0.00010211375472276115,0.011300588855985567,28,70,42,1,4,2,14,1,8,4,13
698,16,16,44,44,0,22,22,47,47,0,16,16,47,47,0,0.002144388849177984,0.002144388849177984,45,45,0,-1,3,3,2,1,89,53,84
699,100,100,76,76,0,100,100,91,91,0,100,100,91,91,0,0.06521665134960346,0.0793083495013445,99,100,1,2,1,1,4,17,77,6,23
700,80,696,61,100,39,104,144,73,91,18,80,144,62,91,29,0.008951972497362062,0.0390755301405766,69,93,24,2,2,2,6,2,41,75,3
701,0,102,1,74,73,0,18,1,28,27,0,2,1,25,24,0.0,0.0002723033459273631,1,31,30,4,-1,5,12,0,3,36,88
702,543,1143,100,100,0,232,232,100,100,0,232,232,100,100,0,0.0490826781034072,0.057013513053541645,95,99,4,2,2,2,7,40,46,3,14
703,234,440,91,97,6,180,180,71,71,0,180,180,86,86,0,0.01872085503250621,0.019639878825011062,78,83,5,3,2,2,11,16,5,12,43
704,100,100,68,68,0,100,100,57,57,0,100,100,68,68,0,0.0425814357193914,0.0425814357193914,96,96,0,-1,1,1,8,20,39,23,92
705,2,2,28,28,0,10,10,30,30,0,2,2,28,28,0,6.807583648184077e-05,6.807583648184077e-05,30,30,0,-1,5,5,6,1,69,65,66
706,100,100,61,61,0,100,100,44,44,0,100,100,61,61,0,0.034140031995643146,0.034140031995643146,91,91,0,-1,1,1,12,16,6,12,96
707,0,0,1,1,0,0,0,1,1,0,0,0,1,1,0,0.0,0.0,1,1,0,-1,-1,-1,17,1,20,45,99
708,0,1640,1,100,99,0,116,1,54,53,0,81,1,59,58,0.0,0.012253650566731339,1,71,70,1,-1,2,14,0,17,98,44
709,24,24,49,49,0,22,22,42,42,0,22,22,45,45,0,0.0024507301133462676,0.0024507301133462676,47,47,0,-1,3,3,2,6,91,70,86
710,0,0,1,1,0,0,0,1,1,0,0,0,1,1,0,0.0,0.0,1,1,0,-1,-1,-1,10,0,11,66,97
711,0,102,1,80,79,0,6,1,29,28,0,4,1,31,30,0.0,0.0013615167296368155,1,40,39,4,-1,5,3,0,76,91,52
712,6,212,29,91,62,52,52,35,35,0,6,52,29,52,23,0.0005105687736138058,0.011198475101262807,36,74,38,3,4,4,10,1,1,49,12
713,32,32,51,51,0,54,54,53,53,0,32,32,51,51,0,0.004118588107151367,0.004118588107151367,53,53,0,-1,3,3,4,3,79,29,89
714,188,188,90,90,0,144,144,95,95,0,144,144,95,95,0,0.025868817863099493,0.025868817863099493,88,88,0,-1,2,2,6,15,65,19,97
715,80,286,58,93,35,108,108,63,63,0,80,87,58,60,2,0.006092787365124749,0.006671431975220395,58,59,1,3,3,3,8,6,27,26,56
716,1,1,24,24,0,3,3,24,24,0,1,1,24,24,0,3.4037918240920386e-05,3.4037918240920386e-05,26,26,0,-1,6,6,3,1,92,68,69
717,270,870,95,100,5,104,104,85,85,0,104,104,86,86,0,0.03066816433506927,0.032540249838319886,89,90,1,2,2,2,5,22,37,9,52
718,90,706,61,100,39,112,112,70,70,0,90,112,62,77,15,0.006637394056979475,0.019095272133156337,59,79,20,2,2,2,8,6,10,28,6
719,82,698,56,100,44,188,188,70,70,0,82,98,56,59,3,0.006671431975220395,0.00803294870485721,59,63,4,2,2,2,14,6,8,35,52
720,0,616,1,100,99,0,62,1,42,41,0,62,1,57,56,0.0,0.014772456516559448,1,77,76,2,-1,3,7,0,24,66,16
721,0,206,1,94,93,0,12,1,29,28,0,8,1,35,34,0.0,0.0010892133837094523,1,38,37,3,-1,4,4,0,53,66,61
722,0,102,1,81,80,0,8,1,30,29,0,4,1,33,32,0.0,0.0007147962830593281,1,37,36,4,-1,5,4,0,77,36,43
723,104,310,82,98,16,112,112,95,95,0,112,112,95,95,0,0.021035433472888797,0.02729841042921815,84,90,6,3,2,2,4,5,73,25,27
724,76,76,57,57,0,76,76,55,55,0,76,76,60,60,0,0.010415602981721638,0.010415602981721638,66,66,0,-1,3,3,6,6,71,77,98
725,16,222,33,90,57,42,42,36,36,0,16,24,33,39,6,0.0032336022328874367,0.004220701861874128,45,49,4,3,3,3,6,3,51,46,61
726,0,206,1,86,85,0,39,1,29,28,0,15,1,30,29,0.0,0.0024166921951053475,1,45,44,3,-1,4,14,0,25,79,73
727,0,206,1,92,91,0,32,1,34,33,0,14,1,36,35,0.0,0.0020082371762143027,1,44,43,3,-1,4,8,0,21,59,70
728,18,634,40,100,60,88,98,49,52,3,18,49,40,49,9,0.00176997174852786,0.009598692943939549,40,64,24,2,3,3,8,2,27,61,25
729,0,616,1,100,99,0,58,1,40,39,0,49,1,56,55,0.0,0.009734844616903231,1,68,67,2,-1,3,8,0,57,76,39
730,22,22,45,45,0,36,36,41,41,0,22,22,45,45,0,0.0020082371762143027,0.0020082371762143027,45,45,0,-1,3,3,5,2,49,75,99
731,0,0,1,1,0,0,0,1,1,0,0,0,1,1,0,0.0,0.0,1,1,0,-1,-1,-1,12,0,3,93,59
732,6,622,29,100,71,34,98,30,40,10,6,69,29,55,26,0.0002723033459273631,0.008543517478471017,30,65,35,2,4,3,13,1,13,4,27
733,0,206,1,90,89,0,24,1,37,36,0,24,1,49,48,0.0,0.003914360597705844,1,52,51,3,-1,4,4,0,79,66,26
734,44,44,56,56,0,70,70,58,58,0,44,44,56,56,0,0.005956635692161067,0.005956635692161067,59,59,0,-1,3,3,5,4,63,38,84
735,219,321,93,98,5,112,112,96,96,0,112,112,96,96,0,0.02556247659893121,0.02651553830967698,87,88,1,4,2,2,4,16,77,12,71
736,66,1706,55,100,45,194,228,72,76,4,64,228,54,92,38,0.005650294427992784,0.024473263215221756,55,87,32,1,2,2,15,6,7,41,12
737,150,766,86,100,14,262,262,84,84,0,150,172,86,86,0,0.012389802239695021,0.014602266925354846,72,72,0,2,2,2,14,8,8,17,75
738,100,100,67,67,0,100,100,74,74,0,100,100,75,75,0,0.062357466217366146,0.06783757105415433,98,99,1,2,1,1,5,29,63,0,48
739,54,54,59,59,0,80,80,70,70,0,54,54,60,60,0,0.007794683277170768,0.007794683277170768,64,64,0,-1,3,3,5,4,45,72,87
740,0,0,1,1,0,0,0,1,1,0,0,0,1,1,0,0.0,0.0,1,1,0,-1,-1,-1,4,0,67,40,84
741,0,1640,1,100,99,0,44,1,66,65,0,44,1,68,67,0.0,0.03815650634807175,1,95,94,1,-1,2,3,0,81,40,57
742,100,100,63,63,0,100,100,47,47,0,100,100,63,63,0,0.05037611899656217,0.05211205282684911,97,97,0,3,1,1,10,29,22,0,83
743,0,616,1,100,99,0,60,1,38,37,0,50,1,51,50,0.0,0.010721944245889922,1,69,68,2,-1,3,9,0,29,80,39
744,62,62,61,61,0,64,64,64,64,0,64,64,67,67,0,0.008713707069675619,0.008713707069675619,65,65,0,-1,3,3,4,6,77,34,91
745,22,638,40,100,60,110,130,60,66,6,22,105,40,73,33,0.0020082371762143027,0.013887470642295518,44,75,31,2,3,3,10,2,11,61,39
746,0,616,1,100,99,0,68,1,39,38,0,68,1,53,52,0.0,0.008135062459579971,1,62,61,2,-1,3,10,1,0,45,8
747,104,104,75,75,0,240,240,77,77,0,104,104,75,75,0,0.005548180673270023,0.005548180673270023,56,56,0,-1,2,2,16,5,4,47,91
748,0,102,1,77,76,0,8,1,27,26,0,2,1,27,26,0.0,6.807583648184077e-05,1,29,28,4,-1,5,7,0,62,98,65
749,0,206,1,93,92,0,26,1,35,34,0,19,1,44,43,0.0,0.003199564314646516,1,48,47,3,-1,4,5,1,49,69,22
750,0,206,1,90,89,0,18,1,28,27,0,8,1,34,33,0.0,0.001055175465468532,1,38,37,3,-1,4,8,0,30,59,51
751,505,607,100,100,0,192,192,98,98,0,192,192,98,98,0,0.049184791858129955,0.049899588141189284,97,97,0,4,2,2,6,40,44,3,71
752,2,618,27,99,72,20,136,29,63,34,2,136,27,81,54,0.00013615167296368154,0.02906838217774601,30,91,61,2,5,3,11,1,33,55,3
753,0,616,1,100,99,0,36,1,40,39,0,36,1,52,51,0.0,0.006875659484665918,1,61,60,2,-1,3,5,0,49,98,44
754,506,506,98,98,0,440,440,100,100,0,440,440,100,100,0,0.037679975492698865,0.037679975492698865,96,96,0,-1,2,2,14,22,16,9,87
755,78,78,70,70,0,22,22,42,42,0,22,22,45,45,0,0.01065386840940808,0.01065386840940808,68,68,0,-1,3,3,2,14,91,14,97
756,94,94,58,58,0,218,218,72,72,0,94,94,58,58,0,0.005480104836788182,0.005480104836788182,56,56,0,-1,2,2,14,6,16,28,66
757,115,115,85,85,0,32,32,63,63,0,32,32,65,65,0,0.017087034956942034,0.017087034956942034,83,83,0,-1,3,3,2,18,98,5,82
758,39,245,53,94,41,38,38,59,59,0,38,38,62,62,0,0.005514142755029102,0.007113924912352361,56,63,7,3,3,3,3,4,92,22,53
759,1,102,26,77,51,8,8,26,26,0,1,2,26,27,1,3.4037918240920386e-05,3.4037918240920386e-05,27,27,0,5,6,6,8,2,57,58,68
760,62,62,57,57,0,104,104,60,60,0,62,62,57,57,0,0.002212464685659825,0.002212464685659825,44,44,0,-1,2,2,9,4,54,64,45
761,0,616,1,100,99,0,42,1,36,35,0,42,1,50,49,0.0,0.011504816365431091,1,70,69,2,-1,3,6,0,71,89,39
762,22,22,41,41,0,34,34,39,39,0,22,22,41,41,0,0.0019061234214915416,0.0019061234214915416,39,39,0,-1,3,3,4,2,67,52,87
763,90,90,64,64,0,94,94,68,68,0,94,94,71,71,0,0.00891793457912114,0.00891793457912114,68,68,0,-1,2,2,5,6,50,34,59
764,0,206,1,90,89,0,32,1,28,27,0,6,1,28,27,0.0,0.0007828721195411688,1,34,33,3,-1,4,13,0,13,91,42
765,88,704,60,100,40,208,228,74,77,3,88,228,60,90,30,0.007658531604207087,0.018074134585928724,62,78,16,2,2,2,14,7,17,62,14
766,16,632,37,100,63,54,68,39,45,6,16,68,37,58,21,0.0011913271384322134,0.011640968038394772,40,71,31,2,3,3,8,1,21,71,14
767,2,1642,26,100,74,10,96,28,54,26,2,96,26,61,35,0.00010211375472276115,0.029306647605432452,29,91,62,1,5,2,7,1,24,68,12
768,0,0,1,1,0,0,0,1,1,0,0,0,1,1,0,0.0,0.0,1,1,0,-1,-1,-1,2,1,90,69,36
769,100,100,79,79,0,100,100,95,95,0,100,100,95,95,0,0.08958780081010245,0.09459137479151775,100,100,0,3,1,1,3,30,75,7,34
770,12,12,31,31,0,64,64,35,35,0,12,12,31,31,0,0.0010211375472276116,0.0010211375472276116,38,38,0,-1,4,4,14,3,17,51,67
771,12,12,37,37,0,22,22,33,33,0,12,12,37,37,0,0.0013955546478777359,0.0013955546478777359,41,41,0,-1,4,4,5,3,45,51,92
772,1,103,25,83,58,3,4,25,26,1,1,4,25,30,5,0.0,0.00010211375472276115,1,30,29,4,6,5,3,1,85,68,63
773,100,100,63,63,0,100,100,56,56,0,100,100,63,63,0,0.07488342013002484,0.08414173389155519,100,100,0,2,1,1,7,36,24,2,30
774,0,616,1,100,99,0,42,1,37,36,0,46,1,52,51,0.0,0.009428503352734947,1,69,68,2,-1,3,6,1,41,69,77
775,0,616,1,100,99,0,106,1,54,53,0,76,1,53,52,0.0,0.007760645358929848,1,61,60,2,-1,3,16,0,4,97,31
776,0,616,1,100,99,0,38,1,60,59,0,38,1,62,61,0.0,0.017189148711664794,1,81,80,2,-1,3,3,0,81,99,12
777,85,291,77,99,22,22,22,52,52,0,22,22,55,55,0,0.009598692943939549,0.01773375540351952,67,83,16,3,3,3,2,13,98,24,34
778,40,40,45,45,0,174,174,67,67,0,40,40,45,45,0,0.0048674223084516155,0.0048674223084516155,52,52,0,-1,2,2,15,1,7,90,79
779,22,22,43,43,0,40,40,39,39,0,22,22,43,43,0,0.002552843868069029,0.002552843868069029,49,49,0,-1,3,3,5,2,63,83,59
780,0,102,1,72,71,0,9,1,25,24,0,2,1,25,24,0.0,0.00010211375472276115,1,29,28,4,-1,5,8,0,42,93,60
781,309,309,98,98,0,120,120,100,100,0,120,120,100,100,0,0.04499812791449675,0.04499812791449675,96,96,0,-1,2,2,3,29,76,11,69
782,34,650,52,100,48,70,70,54,54,0,34,70,52,59,7,0.0016338200755641784,0.02743456210218183,42,87,45,2,3,3,5,4,61,64,3
783,133,234,87,97,10,72,72,84,84,0,72,72,84,84,0,0.01940161339732462,0.01943565131556554,83,83,0,5,2,2,3,14,81,32,95
784,198,404,92,100,8,80,80,74,74,0,80,80,75,75,0,0.02825147213996392,0.032029681064706085,86,89,3,3,3,3,5,22,70,9,29
785,2,104,28,75,47,12,12,30,30,0,2,6,28,31,3,0.00013615167296368154,0.0010211375472276116,30,37,7,4,5,5,6,1,44,65,51
786,0,0,1,1,0,0,0,1,1,0,0,0,1,1,0,0.0,0.0,1,1,0,-1,-1,-1,10,0,36,86,40
787,0,101,1,79,78,0,9,1,25,24,0,1,1,25,24,0.0,0.0,1,1,0,6,-1,7,9,0,26,81,78
788,0,0,1,1,0,0,0,1,1,0,0,0,1,1,0,0.0,0.0,1,1,0,-1,-1,-1,7,1,43,69,86
789,240,240,95,95,0,72,72,77,77,0,72,72,77,77,0,0.03223390857415161,0.03223390857415161,92,92,0,-1,2,2,3,22,64,9,86
790,16,16,42,42,0,24,24,42,42,0,16,16,42,42,0,0.0007147962830593281,0.0007147962830593281,37,37,0,-1,3,3,3,1,75,88,92
791,0,1640,1,100,99,0,190,1,71,70,0,190,1,86,85,0.0,0.026073045372545015,1,91,90,1,-1,2,16,0,9,91,11
792,236,236,93,93,0,192,192,89,89,0,192,192,92,92,0,0.020899281799925118,0.020899281799925118,84,84,0,-1,2,2,9,18,31,5,80
793,22,123,48,81,33,36,36,38,38,0,22,22,48,48,0,0.0013274788113958951,0.0013955546478777359,40,40,0,5,3,3,5,3,61,51,78
794,144,144,82,82,0,170,170,73,73,0,144,144,82,82,0,0.008747744987916539,0.008747744987916539,67,67,0,-1,2,2,11,13,33,24,84
795,29,130,51,84,33,50,50,50,50,0,29,30,51,51,0,0.004935498144933456,0.004935498144933456,54,54,0,6,3,3,5,4,70,22,78
796,88,88,61,61,0,158,158,82,82,0,88,88,61,61,0,0.007658531604207087,0.007658531604207087,61,61,0,-1,2,2,9,4,35,72,45
797,100,100,60,60,0,100,100,40,40,0,100,100,60,60,0,0.032948704857210936,0.033799652813233945,92,92,0,3,1,1,14,17,25,6,74
798,39,245,53,92,39,54,54,53,53,0,39,54,53,56,3,0.00439089145307873,0.00878178290615746,54,66,12,3,3,3,4,4,79,22,13
799,2,208,27,90,63,7,16,27,32,5,2,13,27,36,9,0.0,0.0024507301133462676,1,45,44,3,5,4,6,2,48,58,73
800,0,206,1,91,90,0,24,1,35,34,0,24,1,42,41,0.0,0.022669253548452978,1,87,86,3,-1,4,4,0,67,96,10
801,58,264,68,99,31,32,32,69,69,0,32,32,69,69,0,0.012832295176826986,0.01664454201981007,72,80,8,3,3,3,2,8,93,20,72
802,100,100,61,61,0,100,100,44,44,0,100,100,61,61,0,0.023179822322066782,0.03158718812757412,85,90,5,2,1,1,12,7,6,21,20
803,16,222,34,90,56,144,144,63,63,0,16,22,34,40,6,0.0017359338302869397,0.0030974505599237552,42,49,7,3,3,3,14,1,16,53,94
804,24,24,48,48,0,28,28,45,45,0,24,24,48,48,0,0.0028591851322373124,0.0028591851322373124,49,49,0,-1,3,3,3,6,60,70,79
805,254,254,91,91,0,314,314,89,89,0,254,254,91,91,0,0.014704380680077607,0.014704380680077607,74,74,0,-1,2,2,17,14,20,14,86
806,94,710,60,100,40,92,92,50,50,0,92,92,61,61,0,0.008986010415602982,0.0141938119064638,64,77,13,2,3,3,7,9,46,27,26
807,0,616,1,100,99,0,120,1,64,63,0,120,1,78,77,0.0,0.023384049831512304,1,87,86,2,-1,3,10,0,11,80,1
808,100,100,65,65,0,100,100,47,47,0,100,100,65,65,0,0.02569862827189489,0.0315531502093332,86,90,4,2,1,1,11,7,38,48,21
809,16,16,37,37,0,66,66,49,49,0,16,16,37,37,0,0.003914360597705844,0.003914360597705844,52,52,0,-1,3,3,6,1,41,90,69
810,44,145,57,92,35,32,32,71,71,0,32,32,71,71,0,0.007726607440688927,0.007998910786616291,65,66,1,5,3,3,2,7,99,62,60
811,0,206,1,93,92,0,16,1,32,31,0,16,1,42,41,0.0,0.005241839409101739,1,55,54,3,-1,4,4,0,73,91,31
812,100,100,61,61,0,100,100,44,44,0,100,100,61,61,0,0.023179822322066782,0.023179822322066782,85,85,0,-1,1,1,12,7,6,21,81
813,0,1640,1,100,99,0,80,1,61,60,0,80,1,64,63,0.0,0.03533135913407536,1,95,94,1,-1,2,6,1,71,45,7
814,1,1,23,23,0,4,4,23,23,0,1,1,23,23,0,3.4037918240920386e-05,3.4037918240920386e-05,24,24,0,-1,6,6,4,2,67,58,97
815,100,100,62,62,0,100,100,48,48,0,100,100,62,62,0,0.06273188331801627,0.0654549167772899,99,100,1,3,1,1,10,40,11,3,28
816,0,616,1,100,99,0,66,1,50,49,0,66,1,61,60,0.0,0.026141121209026855,1,88,87,2,-1,3,6,0,34,98,23
817,44,250,54,96,42,28,28,45,45,0,28,28,49,49,0,0.006399128629293032,0.016099935327955343,56,80,24,3,3,3,3,7,60,62,33
818,100,100,64,64,0,100,100,57,57,0,100,100,65,65,0,0.037509785901494265,0.0425814357193914,96,96,0,2,1,1,8,9,10,39,25
819,32,1672,43,100,57,136,170,64,72,8,32,170,43,86,43,0.005105687736138058,0.0372374825555669,54,93,39,1,3,2,11,3,33,29,10
820,0,616,1,100,99,0,74,1,33,32,0,38,1,47,46,0.0,0.005684332346233704,1,56,55,2,-1,3,14,0,16,81,34
821,106,106,76,76,0,110,110,76,76,0,110,110,81,81,0,0.00970080669866231,0.00970080669866231,68,68,0,-1,2,2,6,7,59,48,66
822,16,222,43,97,54,28,28,46,46,0,16,23,43,51,8,0.001497668402600497,0.002552843868069029,41,46,5,3,3,3,3,1,81,71,43
823,50,50,61,61,0,38,38,55,55,0,38,38,58,58,0,0.004731270635487933,0.004731270635487933,56,56,0,-1,3,3,3,5,76,47,59
824,46,46,48,48,0,116,116,58,58,0,46,46,48,48,0,0.002927260968719153,0.002927260968719153,49,49,0,-1,2,2,14,2,25,83,45
825,8,110,36,84,48,14,14,34,34,0,8,14,36,40,4,0.0007828721195411688,0.0015657442390823377,37,44,7,4,4,4,3,2,60,63,43
826,100,100,70,70,0,100,100,68,68,0,100,100,73,73,0,0.03264236359304265,0.034684638687497875,90,91,1,3,1,1,6,7,48,62,54
827,10,216,39,97,58,18,18,38,38,0,10,18,39,46,7,0.0018040096667687805,0.006875659484665918,44,64,20,3,4,4,3,3,81,54,62
828,2,2,28,28,0,9,9,31,31,0,2,2,28,28,0,3.4037918240920386e-05,3.4037918240920386e-05,26,26,0,-1,5,5,5,1,45,95,87
829,102,308,83,98,15,48,48,59,59,0,48,48,63,63,0,0.01681473161101467,0.02297559481262126,82,89,7,3,3,3,3,17,75,6,48
830,0,616,1,100,99,0,58,1,43,42,0,58,1,56,55,0.0,0.023009632730862182,1,86,85,2,-1,3,7,0,62,87,0
831,29,29,55,55,0,22,22,55,55,0,22,22,57,57,0,0.004629156880765172,0.004629156880765172,53,53,0,-1,3,3,2,4,97,22,84
832,0,0,1,1,0,0,0,1,1,0,0,0,1,1,0,0.0,0.0,1,1,0,-1,-1,-1,8,0,15,79,98
833,16,632,34,100,66,82,102,40,55,15,16,90,34,60,26,0.0029612988869600733,0.011743081793117532,49,69,20,2,3,3,12,3,2,46,8
834,6,622,30,100,70,32,126,31,62,31,6,126,30,81,51,0.00017018959120460194,0.020150447598624867,30,82,52,2,4,3,11,1,38,60,9
835,0,1640,1,100,99,0,118,1,59,58,0,92,1,61,60,0.0,0.019027196296674494,1,78,77,1,-1,2,12,0,3,82,17
836,54,54,62,62,0,48,48,63,63,0,48,48,64,64,0,0.00704584907587052,0.00704584907587052,64,64,0,-1,3,3,3,4,82,72,66
837,116,322,73,95,22,190,190,74,74,0,116,135,73,78,5,0.010075223799312433,0.013036522686272508,66,72,6,3,2,2,11,7,5,48,22
838,35,35,50,50,0,96,96,43,43,0,35,35,50,50,0,0.004220701861874128,0.004220701861874128,54,54,0,-1,3,3,11,6,19,73,59
839,338,338,96,96,0,206,206,95,95,0,206,206,96,96,0,0.03277851526600633,0.03277851526600633,90,90,0,-1,2,2,9,22,23,9,79
840,18,119,52,86,34,32,32,63,63,0,18,32,54,64,10,0.002280540522141666,0.002280540522141666,46,46,0,5,3,3,2,2,98,52,95
841,0,0,1,1,0,0,0,1,1,0,0,0,1,1,0,0.0,0.0,1,1,0,-1,-1,-1,5,0,88,87,40
842,62,678,54,100,46,102,102,64,64,0,62,80,54,61,7,0.0024507301133462676,0.004731270635487933,46,52,6,2,2,2,8,4,30,64,54
843,46,46,60,60,0,38,38,59,59,0,38,38,62,62,0,0.010041185881071514,0.010041185881071514,70,70,0,-1,3,3,3,5,92,25,91
844,70,686,59,100,41,128,128,69,69,0,70,128,59,81,22,0.005786446100956465,0.036658837945471257,58,93,35,2,3,3,8,5,30,47,3
845,100,100,62,62,0,100,100,43,43,0,100,100,62,62,0,0.05834099186493754,0.07025426324925968,100,100,0,1,1,1,12,40,14,3,21
846,0,102,1,80,79,0,4,1,27,26,0,2,1,27,26,0.0,6.807583648184077e-05,1,28,27,4,-1,5,3,0,55,66,4
847,0,616,1,99,98,0,78,1,36,35,0,48,1,54,53,0.0,0.008305252050784574,1,63,62,2,-1,3,12,1,14,50,17
848,129,745,87,100,13,48,48,69,69,0,48,48,70,70,0,0.01678069369277375,0.023179822322066782,80,88,8,2,3,3,3,15,55,19,72
849,0,616,1,100,99,0,36,1,41,40,0,36,1,51,50,0.0,0.011232513019503728,1,75,74,2,-1,3,5,0,45,92,14
850,0,0,1,1,0,0,0,1,1,0,0,0,1,1,0,0.0,0.0,1,1,0,-1,-1,-1,6,0,69,59,97
851,0,616,1,100,99,0,30,1,36,35,0,16,1,36,35,0.0,0.002484768031587188,1,46,45,2,-1,3,6,0,41,91,53
852,96,96,62,62,0,112,112,70,70,0,96,96,64,64,0,0.00966676878042139,0.00966676878042139,68,68,0,-1,3,3,7,6,46,77,89
853,94,94,67,67,0,86,86,65,65,0,86,86,68,68,0,0.011640968038394772,0.011640968038394772,69,69,0,-1,3,3,6,9,71,27,82
854,44,44,57,57,0,32,32,71,71,0,32,32,71,71,0,0.007726607440688927,0.007726607440688927,65,65,0,-1,3,3,2,7,99,62,79
855,0,206,1,89,88,0,18,1,27,26,0,8,1,31,30,0.0,0.0005446066918547262,1,33,32,3,-1,4,9,0,29,84,63
856,6,622,29,100,71,24,46,31,38,7,6,24,29,43,14,0.00030634126416828345,0.002927260968719153,33,47,14,2,4,3,8,1,39,4,83
857,129,335,83,95,12,70,70,54,54,0,70,70,60,60,0,0.014602266925354846,0.015589366554341537,79,80,1,3,3,3,5,15,61,19,74
858,76,178,68,90,22,54,54,55,55,0,54,54,60,60,0,0.006875659484665918,0.008986010415602982,60,66,6,4,3,3,4,6,84,13,73
859,74,280,68,97,29,48,48,59,59,0,48,48,63,63,0,0.011777119711358454,0.022396950202525613,77,88,11,3,3,3,3,9,75,27,30
860,376,582,97,100,3,208,208,97,97,0,208,208,97,97,0,0.03369753905851118,0.033969842404438545,92,92,0,3,2,2,7,22,24,9,49
861,0,0,1,1,0,0,0,1,1,0,0,0,1,1,0,0.0,0.0,1,1,0,-1,-1,-1,4,1,78,45,99
862,0,616,1,100,99,0,52,1,38,37,0,52,1,54,53,0.0,0.012253650566731339,1,74,73,2,-1,3,7,0,43,59,5
863,0,0,1,1,0,0,0,1,1,0,0,0,1,1,0,0.0,0.0,1,1,0,-1,-1,-1,2,0,86,84,45
864,149,149,84,84,0,190,190,80,80,0,149,149,84,84,0,0.016338200755641786,0.016338200755641786,75,75,0,-1,2,2,11,12,33,37,92
865,0,616,1,100,99,0,48,1,36,35,0,48,1,55,54,0.0,0.00793083495013445,1,61,60,2,-1,3,7,1,24,45,14
866,0,206,1,91,90,0,20,1,28,27,0,7,1,32,31,0.0,0.0002723033459273631,1,30,29,3,-1,4,9,0,31,87,56
867,111,317,78,97,19,164,164,77,77,0,111,164,78,86,8,0.007862759113652609,0.010824058000612683,63,71,8,3,2,2,10,8,36,44,28
868,391,493,99,100,1,208,208,100,100,0,208,208,100,100,0,0.039449947241226725,0.03979032642363593,95,95,0,4,2,2,7,29,62,11,49
869,200,406,92,98,6,206,206,95,95,0,200,206,95,95,0,0.017291262466387555,0.019878144252697506,80,83,3,3,2,2,9,9,23,27,73
870,162,263,88,95,7,128,128,90,90,0,128,128,90,90,0,0.01766567956703768,0.0176997174852786,79,79,0,5,2,2,5,13,63,33,58
871,6,622,28,100,72,32,78,28,34,6,6,39,28,46,18,0.00017018959120460194,0.005480104836788182,29,55,26,2,4,3,16,1,4,55,34
872,186,186,92,92,0,104,104,86,86,0,104,104,87,87,0,0.024881718234112803,0.024881718234112803,88,88,0,-1,2,2,5,17,49,6,67
873,44,660,61,100,39,28,38,46,60,14,28,38,53,62,9,0.005888559855679227,0.03686306545491678,61,94,33,2,3,3,3,4,81,72,2
874,0,616,1,100,99,0,58,1,39,38,0,58,1,60,59,0.0,0.009360427516253106,1,69,68,2,-1,3,8,0,39,59,19
875,335,541,97,100,3,152,152,82,82,0,152,152,86,86,0,0.033221008203138294,0.03349331154906566,92,92,0,3,2,2,8,29,10,11,56
876,187,387,92,100,8,72,72,77,77,0,72,72,77,77,0,0.024303073624017155,0.029681064706082574,88,90,2,3,2,2,3,19,64,15,8
877,22,228,40,92,52,90,94,42,43,1,22,52,40,50,10,0.00088498587426393,0.007420266176520644,37,62,25,3,3,3,12,2,3,63,34
878,6,622,29,100,71,14,36,30,37,7,6,36,29,47,18,0.00010211375472276115,0.007828721195411689,29,58,29,2,4,3,5,1,52,60,34
879,100,100,67,67,0,100,100,54,54,0,100,100,67,67,0,0.03168930188229688,0.037679975492698865,92,97,5,2,1,1,8,8,27,20,48
880,150,251,80,91,11,166,166,84,84,0,150,151,84,84,0,0.01412573606998196,0.01415977398822288,73,73,0,5,2,2,8,8,27,17,78
881,0,206,1,89,88,0,40,1,33,32,0,14,1,34,33,0.0,0.002757071377514551,1,47,46,3,-1,4,10,0,18,98,73
882,77,77,68,68,0,62,62,77,77,0,62,62,78,78,0,0.010858095918853602,0.010858095918853602,67,67,0,-1,2,2,3,8,58,57,59
883,136,342,84,98,14,144,144,90,90,0,144,144,90,90,0,0.01579359406378706,0.018312400013615168,80,82,2,3,2,2,6,8,59,17,90
884,90,290,67,98,31,88,88,84,84,0,88,88,84,84,0,0.012764219340345145,0.015248987371932332,73,77,4,3,2,2,4,6,67,77,35
885,100,100,60,60,0,100,100,50,50,0,100,100,60,60,0,0.05119302903434426,0.05119302903434426,98,98,0,-1,1,1,9,27,28,10,85
886,111,317,83,99,16,64,64,68,68,0,64,64,71,71,0,0.01405766023350012,0.01589570781850982,79,81,2,3,3,3,4,15,72,19,41
887,0,616,1,100,99,0,34,1,38,37,0,34,1,50,49,0.0,0.00888389666088022,1,67,66,2,-1,3,4,1,53,69,27
888,0,0,1,1,0,0,0,1,1,0,0,0,1,1,0,0.0,0.0,1,1,0,-1,-1,-1,14,0,17,76,40
889,0,616,1,100,99,0,42,1,38,37,0,28,1,48,47,0.0,0.004595118962524252,1,53,52,2,-1,3,6,0,59,93,28
890,18,18,44,44,0,62,62,46,46,0,18,18,44,44,0,0.0015657442390823377,0.0015657442390823377,43,43,0,-1,3,3,7,2,62,61,99
891,16,222,33,89,56,23,42,30,35,5,16,42,33,51,18,0.0012253650566731338,0.005956635692161067,38,55,17,3,3,3,6,1,40,78,48
892,100,100,75,75,0,100,100,89,89,0,100,100,89,89,0,0.060213077368188164,0.0649443480036761,98,98,0,3,1,1,4,19,73,15,21
893,112,318,78,95,17,222,222,77,77,0,112,118,78,79,1,0.008135062459579971,0.008407365805507334,63,63,0,3,2,2,14,7,25,62,42
894,100,306,77,95,18,72,72,77,77,0,72,72,77,77,0,0.009564655025698629,0.01065386840940808,72,74,2,3,2,2,3,6,82,13,61
895,348,348,98,98,0,200,200,94,94,0,200,200,94,94,0,0.03318697028489737,0.03318697028489737,91,91,0,-1,2,2,8,29,10,0,96
896,0,206,1,92,91,0,10,1,31,30,0,10,1,39,38,0.0,0.010790020082371761,1,72,71,3,-1,4,3,0,76,67,12
897,40,40,47,47,0,62,62,43,43,0,40,40,47,47,0,0.0026549576227917903,0.0026549576227917903,41,41,0,-1,2,2,6,1,51,4,81
898,16,118,43,83,40,30,30,45,45,0,16,18,44,49,5,0.0007488342013002485,0.001055175465468532,38,38,0,4,3,3,4,2,77,42,88
899,8,214,39,96,57,12,12,35,35,0,8,12,39,42,3,0.0011913271384322134,0.017393376221110316,39,82,43,3,4,4,2,2,86,74,9
900,2,1642,27,100,73,7,68,28,70,42,2,68,27,72,45,0.00013615167296368154,0.03492290411518432,30,93,63,1,5,2,4,1,79,65,19
901,0,616,1,100,99,0,44,1,47,46,0,44,1,57,56,0.0,0.02546036284420845,1,89,88,2,-1,3,4,0,47,82,11
902,195,401,93,100,7,96,96,93,93,0,96,96,93,93,0,0.02644746247319514,0.03369753905851118,89,91,2,3,2,2,3,16,58,12,33
903,16,1656,33,100,67,59,142,34,62,28,16,100,33,58,25,0.00034037918240920387,0.013002484768031588,33,71,38,1,3,2,15,1,7,88,47
904,100,100,60,60,0,100,100,40,40,0,100,100,60,60,0,0.0489124885122026,0.056128527179277715,98,99,1,1,1,1,14,29,25,1,47
905,0,0,1,1,0,0,0,1,1,0,0,0,1,1,0,0.0,0.0,1,1,0,-1,-1,-1,5,0,63,36,40
906,6,212,31,92,61,27,46,32,33,1,6,16,31,36,5,6.807583648184077e-05,0.0013955546478777359,27,40,13,3,4,4,11,1,19,95,54
907,126,742,80,100,20,190,190,80,80,0,126,144,80,81,1,0.009564655025698629,0.010245413390517035,68,70,2,2,2,2,11,7,33,48,56
908,163,265,88,95,7,72,72,77,77,0,72,72,77,77,0,0.017903944994724124,0.018312400013615168,82,83,1,4,2,2,3,15,82,19,63
909,32,648,44,100,56,110,120,58,59,1,32,67,44,53,9,0.0017359338302869397,0.0057524081827155455,43,53,10,2,3,3,10,2,0,52,41
910,16,222,33,91,58,136,136,61,61,0,16,30,33,39,6,0.0027911092957554717,0.0035739814152966403,48,51,3,3,3,3,15,2,7,94,64
911,168,784,86,100,14,180,190,80,85,5,180,190,87,87,0,0.013036522686272508,0.022669253548452978,72,82,10,2,2,2,11,14,38,32,14
912,0,206,1,90,89,0,32,1,33,32,0,32,1,40,39,0.0,0.012559991830899623,1,73,72,3,-1,4,6,0,51,82,23
913,6,107,31,77,46,17,17,31,31,0,6,6,31,31,0,6.807583648184077e-05,6.807583648184077e-05,30,30,0,5,4,4,7,1,62,65,68
914,0,0,1,1,0,0,0,1,1,0,0,0,1,1,0,0.0,0.0,1,1,0,-1,-1,-1,4,0,47,96,82
915,22,124,42,78,36,38,38,37,37,0,22,24,42,45,3,0.0006807583648184077,0.0007828721195411688,35,37,2,4,3,3,6,2,41,63,65
916,56,158,63,89,26,48,48,66,66,0,48,48,67,67,0,0.005173763572619898,0.005446066918547262,60,60,0,4,3,3,3,6,76,28,49
917,111,317,80,95,15,182,182,70,70,0,111,124,80,82,2,0.007760645358929848,0.008713707069675619,62,64,2,3,2,2,13,8,13,44,64
918,98,304,71,99,28,54,54,56,56,0,54,54,57,57,0,0.012730181422104225,0.020695054290479593,71,85,14,3,3,3,4,13,67,33,14
919,0,101,1,79,78,0,3,1,25,24,0,1,1,25,24,0.0,6.807583648184077e-05,1,28,27,5,-1,6,3,0,58,86,4
920,6,212,30,89,59,21,34,31,33,2,6,25,30,44,14,0.00013615167296368154,0.0031314884781646754,31,49,18,3,4,4,9,1,54,60,22
921,0,0,1,1,0,0,0,1,1,0,0,0,1,1,0,0.0,0.0,1,1,0,-1,-1,-1,4,0,53,66,69
922,8,624,40,100,60,12,22,39,48,9,8,22,40,49,9,0.0018380475850097008,0.01320671227747711,44,73,29,2,4,3,2,2,93,83,8
923,16,1656,43,100,57,24,58,37,63,26,15,58,43,65,22,0.0034037918240920387,0.039620136832431326,52,94,42,1,4,2,4,6,77,41,37
924,100,100,70,70,0,100,100,68,68,0,100,100,73,73,0,0.06171074577078866,0.06184689744375234,100,100,0,4,1,1,6,29,48,1,55
925,130,130,85,85,0,100,100,71,71,0,100,100,75,75,0,0.010211375472276116,0.010211375472276116,71,71,0,-1,2,2,6,13,32,24,98
926,58,658,54,100,46,186,186,71,71,0,58,137,54,79,25,0.00527587732734266,0.010994247591817285,55,61,6,2,3,3,16,6,9,35,24
927,39,655,52,100,48,66,76,54,56,2,39,76,52,60,8,0.0042547397801150485,0.012117498893767658,53,69,16,2,3,3,6,4,74,22,62
928,6,6,29,29,0,29,29,31,31,0,6,6,29,29,0,0.0002042275094455223,0.0002042275094455223,31,31,0,-1,4,4,9,1,23,65,69
929,80,696,73,100,27,48,48,67,67,0,48,48,70,70,0,0.007352190340038803,0.02032063718982947,61,85,24,2,3,3,3,6,96,28,19
930,258,874,93,100,7,200,200,94,94,0,200,200,94,94,0,0.022533101875489295,0.04132203274447735,87,96,9,2,2,2,8,16,10,12,9
931,0,616,1,100,99,0,44,1,48,47,0,44,1,54,53,0.0,0.014806494434800367,1,79,78,2,-1,3,4,0,79,87,14
932,19,19,49,49,0,18,18,38,38,0,18,18,47,47,0,0.00439089145307873,0.00439089145307873,56,56,0,-1,4,4,3,4,81,22,96
933,48,664,51,100,49,122,132,62,66,4,48,71,51,56,5,0.0030634126416828346,0.007420266176520644,50,60,10,2,3,3,12,6,2,70,73
934,6,622,30,100,70,15,114,28,60,32,6,114,30,77,47,6.807583648184077e-05,0.021239660982334322,29,82,53,2,4,3,9,2,54,58,7
935,0,206,1,90,89,0,15,1,28,27,0,6,1,28,27,0.0,0.00013615167296368154,1,29,28,3,-1,4,8,0,39,98,65
936,188,188,94,94,0,72,72,80,80,0,72,72,80,80,0,0.02481364239763096,0.02481364239763096,88,88,0,-1,2,2,3,19,66,15,81
937,6,212,30,94,64,14,23,30,31,1,6,12,30,36,6,0.00017018959120460194,0.0013615167296368155,30,38,8,3,4,4,6,1,34,55,71
938,0,616,1,100,99,0,50,1,44,43,0,50,1,57,56,0.0,0.022703291466693896,1,87,86,2,-1,3,5,1,63,69,1
939,98,714,69,100,31,96,96,61,61,0,96,96,69,69,0,0.011640968038394772,0.0158616699002689,74,80,6,2,3,3,6,9,48,27,13
940,60,676,60,100,40,68,68,71,71,0,59,68,66,72,6,0.006126825283365669,0.012049423057285817,58,74,16,2,2,2,4,6,47,41,38
941,16,632,38,100,62,46,76,42,56,14,16,76,38,60,22,0.0017359338302869397,0.026175159127267776,44,87,43,2,3,3,6,1,74,53,1
942,0,616,1,99,98,0,82,1,40,39,0,56,1,52,51,0.0,0.004833384390210695,1,53,52,2,-1,3,11,0,5,99,13
943,100,100,65,65,0,100,100,75,75,0,100,100,77,77,0,0.06269784539977535,0.08744341196092446,100,100,0,2,1,1,5,22,61,9,10
944,437,2037,97,100,3,280,280,96,96,0,280,280,96,96,0,0.03672691378195309,0.04755097178256578,93,96,3,1,2,2,10,29,12,11,77
945,176,382,88,98,10,118,118,72,72,0,118,118,82,82,0,0.01317267435923619,0.01405766023350012,72,74,2,3,2,2,9,14,23,14,53
946,0,616,1,100,99,0,46,1,40,39,0,46,1,50,49,0.0,0.00966676878042139,1,68,67,2,-1,3,6,0,59,91,14
947,42,144,59,89,30,22,22,49,49,0,22,22,53,53,0,0.005718370264474625,0.0061949011198475104,59,61,2,4,3,3,2,6,90,26,43
948,16,16,35,35,0,34,34,39,39,0,16,16,35,35,0,0.002144388849177984,0.002144388849177984,40,40,0,-1,3,3,4,1,67,53,36
949,2,2,27,27,0,6,6,29,29,0,2,2,27,27,0,0.00013615167296368154,0.00013615167296368154,30,30,0,-1,5,5,3,1,58,65,84
950,18,634,41,100,59,82,100,42,44,2,18,100,41,64,23,0.0006807583648184077,0.008475441641989176,37,67,30,2,3,3,10,2,12,56,24
951,0,206,1,92,91,0,22,1,33,32,0,22,1,43,42,0.0,0.005514142755029102,1,55,54,3,-1,4,5,1,37,45,48
952,0,206,1,93,92,0,12,1,35,34,0,12,1,36,35,0.0,0.010721944245889922,1,73,72,3,-1,4,2,0,68,93,6
953,2,104,27,74,47,7,10,27,28,1,2,6,27,29,2,0.00010211375472276115,0.0005105687736138058,29,34,5,4,5,5,6,1,41,68,74
954,100,100,73,73,0,100,100,82,82,0,100,100,82,82,0,0.034820790360461554,0.049593246877021,92,97,5,2,1,1,5,6,88,35,18
955,22,22,40,40,0,90,90,36,36,0,22,22,40,40,0,0.00088498587426393,0.00088498587426393,37,37,0,-1,3,3,16,3,4,51,82
956,110,316,83,98,15,38,38,46,46,0,38,38,51,51,0,0.013649205214609075,0.018040096667687803,78,82,4,3,3,3,3,14,96,32,28
957,46,147,49,82,33,112,112,62,62,0,46,47,49,50,1,0.0025188059498281084,0.0025188059498281084,46,46,0,5,2,2,8,2,42,61,68
958,32,238,47,91,44,100,100,47,47,0,32,43,47,51,4,0.002110350930937064,0.005241839409101739,43,55,12,3,3,3,10,2,22,52,73
959,1,617,26,100,74,6,42,26,39,13,1,31,26,49,23,3.4037918240920386e-05,0.0063650907110521125,26,61,35,2,6,3,6,2,74,58,72
960,52,52,61,61,0,54,54,55,55,0,54,54,60,60,0,0.010381565063480718,0.010381565063480718,68,68,0,-1,3,3,4,5,84,25,59
961,22,638,45,100,55,50,60,46,50,4,22,60,45,61,16,0.0023486163586235067,0.008713707069675619,46,68,22,2,3,3,5,2,80,52,21
962,0,616,1,100,99,0,35,1,32,31,0,22,1,40,39,0.0,0.0045270431260424114,1,52,51,2,-1,3,9,0,23,89,51
963,0,616,1,100,99,0,80,1,40,39,0,80,1,58,57,0.0,0.022703291466693896,1,84,83,2,-1,3,10,0,22,85,10
964,100,100,73,73,0,100,100,94,94,0,100,100,94,94,0,0.0851628714387828,0.0851628714387828,100,100,0,-1,1,1,4,40,67,3,40
965,78,1718,60,100,40,94,128,68,91,23,78,128,64,91,27,0.009360427516253106,0.0407433881343817,69,95,26,1,2,2,5,7,50,62,32
966,0,1640,1,100,99,0,62,1,81,80,0,62,1,81,80,0.0,0.045304469178665034,1,96,95,1,-1,2,3,0,81,96,39
967,100,100,61,61,0,100,100,43,43,0,100,100,61,61,0,0.024575376969944517,0.024575376969944517,86,86,0,-1,1,1,12,9,2,27,76
968,156,772,85,100,15,162,172,80,80,0,156,172,86,87,1,0.013751318969331836,0.021511964328261683,77,84,7,2,2,2,9,8,28,8,25
969,12,12,37,37,0,12,12,32,32,0,12,12,37,37,0,0.0005105687736138058,0.0005105687736138058,35,35,0,-1,4,4,2,2,91,63,82
970,0,616,1,100,99,0,26,1,33,32,0,18,1,40,39,0.0,0.002995336805200994,1,46,45,2,-1,3,6,0,48,86,74
971,76,76,63,63,0,70,70,63,63,0,70,70,66,66,0,0.006399128629293032,0.006399128629293032,61,61,0,-1,3,3,5,6,49,13,66
972,6,622,33,100,67,20,34,35,43,8,6,34,33,51,18,0.0008509479560230097,0.00878178290615746,38,66,28,2,4,3,4,2,47,42,31
973,70,70,61,61,0,110,110,58,58,0,64,64,58,58,0,0.005241839409101739,0.005241839409101739,55,55,0,-1,2,2,10,6,12,41,96
974,47,148,55,83,28,64,64,59,59,0,64,64,63,63,0,0.0053439531638245,0.005412029000306341,55,55,0,5,3,3,4,6,53,35,78
975,2,208,29,96,67,6,14,29,32,3,2,10,29,36,7,3.4037918240920386e-05,0.0016678579938050988,27,42,15,3,5,4,3,1,75,95,61
976,22,638,53,100,47,22,22,52,52,0,22,22,55,55,0,0.0027911092957554717,0.012117498893767658,49,75,26,2,3,3,2,3,98,51,48
977,18,224,43,91,48,46,50,48,48,0,18,32,43,51,8,0.0018040096667687805,0.004731270635487933,44,55,11,3,3,3,5,2,61,74,41
978,64,680,59,100,41,124,124,66,66,0,64,124,59,80,21,0.007352190340038803,0.019673916743251984,62,82,20,2,3,3,9,4,54,38,39
979,40,40,48,48,0,54,54,56,56,0,40,40,49,49,0,0.004731270635487933,0.004731270635487933,49,49,0,-1,2,2,4,1,67,71,98
980,94,300,72,96,24,64,64,70,70,0,64,64,70,70,0,0.01327478811395895,0.018176248340651485,73,81,8,3,3,3,4,9,84,27,44
981,334,950,95,100,5,208,208,97,97,0,208,208,97,97,0,0.02750263793866367,0.049899588141189284,88,97,9,2,2,2,7,19,24,15,11
982,0,0,1,1,0,0,0,1,1,0,0,0,1,1,0,0.0,0.0,1,1,0,-1,-1,-1,5,0,49,86,40
983,100,100,67,67,0,100,100,70,70,0,100,100,71,71,0,0.07345382756390618,0.07893393240069438,100,100,0,3,1,1,6,36,74,2,20
984,102,718,83,100,17,72,72,84,84,0,72,72,84,84,0,0.014704380680077607,0.038735150958167396,78,95,17,2,2,2,3,7,85,48,1
985,66,682,69,100,31,32,32,64,64,0,32,32,64,64,0,0.010892133837094524,0.017903944994724124,71,80,9,2,3,3,2,9,89,27,74
986,18,120,46,83,37,18,18,35,35,0,18,18,46,46,0,0.002110350930937064,0.004152626025392287,43,52,9,4,4,4,3,6,94,70,22
987,0,0,1,1,0,0,0,1,1,0,0,0,1,1,0,0.0,0.0,1,1,0,-1,-1,-1,6,0,44,85,69
988,40,40,50,50,0,134,134,69,69,0,40,40,50,50,0,0.003778208924742163,0.003778208924742163,53,53,0,-1,2,2,10,2,11,94,91
989,50,666,58,100,42,38,38,56,56,0,38,38,57,57,0,0.006705469893461316,0.022226760611321013,59,85,26,2,3,3,3,6,60,26,23
990,16,1656,36,100,64,100,128,55,76,21,16,128,36,84,48,0.003369753905851118,0.026719765819122502,50,88,38,1,3,2,9,3,23,46,12
991,58,674,52,100,48,110,120,58,60,2,58,120,52,78,26,0.002995336805200994,0.015214949453691413,46,73,27,2,2,2,11,3,33,54,37
992,0,206,1,88,87,0,62,1,35,34,0,32,1,42,41,0.0,0.006331052792811192,1,56,55,3,-1,4,11,0,33,80,77
993,0,206,1,91,90,0,18,1,31,30,0,14,1,35,34,0.0,0.002757071377514551,1,48,47,3,-1,4,5,0,52,66,73
994,6,6,27,27,0,16,16,27,27,0,6,6,27,27,0,6.807583648184077e-05,6.807583648184077e-05,28,28,0,-1,4,4,6,1,40,95,80
995,66,272,59,94,35,80,80,61,61,0,66,80,61,66,5,0.00881582082439838,0.013444977705163553,65,72,7,3,2,2,6,6,56,34,35
996,39,39,53,53,0,38,38,59,59,0,38,38,62,62,0,0.005514142755029102,0.005514142755029102,56,56,0,-1,3,3,3,4,92,22,85
997,8,208,35,92,57,28,28,34,34,0,8,26,35,44,9,0.0005105687736138058,0.005854521937438306,33,54,21,3,4,4,6,2,56,63,22
998,0,0,1,1,0,0,0,1,1,0,0,0,1,1,0,0.0,0.0,1,1,0,-1,-1,-1,3,0,64,79,67
999,40,656,44,100,56,120,164,57,67,10,40,164,44,86,42,0.003642057251778481,0.024473263215221756,53,90,37,2,3,3,14,6,8,73,1
