,FreeNet_pre_score,FreeNet_post_score,FreeNet_pre_rank,FreeNet_post_rank,FreeNet_delta_ranks,Reversed_pre_score,Reversed_post_score,Reversed_pre_rank,Reversed_post_rank,Reversed_delta_ranks,Independent_pre_score,Independent_post_score,Independent_pre_rank,Independent_post_rank,Independent_delta_ranks,Random_pre_score,Random_post_score,Random_pre_rank,Random_post_rank,Random_delta_ranks,dist_victim_relayer,dist_victim_vilain_pre,dist_victim_vilain_post,out_deg_victim,in_deg_villain,victim,villain,relayer
0,152,254,85,94,9,100,100,71,71,0,100,100,72,72,0,0.01664454201981007,0.016882807447496512,77,77,0,4,2,2,6,13,56,33,63
1,88,190,61,87,26,160,160,73,73,0,88,90,61,61,0,0.006943735321147759,0.00707988699411144,63,63,0,4,2,2,11,4,38,72,4
2,0,206,1,95,94,0,12,1,36,35,0,12,1,40,39,0.0,0.008986010415602982,1,69,68,3,-1,4,2,0,89,80,33
3,144,760,81,100,19,214,224,83,84,1,144,224,81,88,7,0.007556417849484326,0.016882807447496512,59,76,17,2,2,2,11,6,5,13,32
4,22,228,47,92,45,34,34,43,43,0,22,34,47,51,4,0.001157289220191293,0.007352190340038803,40,61,21,3,3,3,4,2,79,74,34
5,540,540,100,100,0,240,240,98,98,0,240,240,98,98,0,0.04646175839885633,0.04646175839885633,96,96,0,-1,2,2,9,40,29,3,82
6,0,206,1,92,91,0,20,1,32,31,0,6,1,29,28,0.0,0.0015317063208414173,1,43,42,3,-1,4,8,0,21,91,94
7,115,315,77,94,17,96,96,60,60,0,96,96,69,69,0,0.01681473161101467,0.018006058749446885,81,81,0,3,3,3,6,12,44,37,54
8,60,1700,58,100,42,82,106,56,73,17,60,106,58,78,20,0.006637394056979475,0.047619047619047616,60,98,38,1,3,2,7,6,62,26,3
9,10,626,41,100,59,12,22,37,46,9,12,22,41,51,10,0.0011913271384322134,0.015283025290173252,40,79,39,2,4,3,2,3,89,43,32
10,6,6,34,34,0,12,12,39,39,0,6,6,34,34,0,0.0010892133837094523,0.0010892133837094523,40,40,0,-1,4,4,2,1,97,71,89
11,66,66,61,61,0,60,60,49,49,0,60,60,59,59,0,0.008169100377820893,0.008169100377820893,64,64,0,-1,3,3,5,7,88,21,92
12,18,634,45,100,55,38,48,52,64,12,18,48,45,67,22,0.0018720855032506212,0.017223186629905716,44,82,38,2,3,3,3,2,66,61,12
13,2,208,26,85,59,13,52,26,34,8,2,35,26,45,19,3.4037918240920386e-05,0.0048674223084516155,27,53,26,3,5,4,12,2,2,58,57
14,146,1786,85,100,15,210,234,83,90,7,146,234,85,92,7,0.012798257258586064,0.03791824092038531,74,93,19,1,2,2,12,9,3,27,16
15,6,622,28,100,72,14,40,30,39,9,6,40,28,48,20,0.00013615167296368154,0.010245413390517035,30,71,41,2,4,3,5,1,50,60,33
16,16,632,32,100,68,78,104,36,53,17,16,60,32,53,21,0.0006807583648184077,0.005854521937438306,36,55,19,2,3,3,14,1,17,49,48
17,22,638,40,100,60,68,88,41,46,5,22,88,40,59,19,0.000442492937131965,0.019980258007420267,34,85,51,2,3,3,8,2,42,56,0
18,22,228,45,91,46,32,36,40,40,0,22,34,45,50,5,0.0020082371762143027,0.0037441710065012424,45,51,6,3,3,3,5,3,80,51,75
19,128,128,81,81,0,200,200,82,82,0,128,128,81,81,0,0.00881582082439838,0.00881582082439838,63,63,0,-1,2,2,12,6,2,26,69
20,87,189,70,92,22,72,72,77,77,0,72,72,77,77,0,0.01055175465468532,0.011981347220803976,74,75,1,4,2,2,3,8,82,57,52
21,100,100,59,59,0,100,100,45,45,0,100,100,59,59,0,0.01841451376833793,0.019265461724360937,81,82,1,3,1,1,10,3,0,46,43
22,6,108,31,78,47,13,14,31,33,2,6,12,31,36,5,0.00017018959120460194,0.0016678579938050988,30,43,13,4,4,4,5,1,37,65,54
23,88,704,65,100,35,110,110,77,77,0,88,104,65,80,15,0.009020048333843901,0.011743081793117532,66,72,6,2,2,2,6,4,44,38,53
24,0,206,1,93,92,0,24,1,37,36,0,24,1,50,49,0.0,0.008951972497362062,1,67,66,3,-1,4,4,0,72,80,19
25,0,616,1,100,99,0,54,1,61,60,0,54,1,67,66,0.0,0.0176997174852786,1,82,81,2,-1,3,4,1,72,45,39
26,138,138,82,82,0,172,172,73,73,0,138,138,82,82,0,0.010279451308757957,0.010279451308757957,68,68,0,-1,2,2,12,9,2,31,96
27,6,212,29,89,60,24,36,30,33,3,6,12,29,34,5,0.00013615167296368154,0.0015317063208414173,30,42,12,3,4,4,8,1,15,60,94
28,70,276,67,97,30,62,62,80,80,0,62,62,80,80,0,0.00789679703189353,0.009394465434494027,61,68,7,3,2,2,3,6,55,26,43
29,16,222,45,93,48,28,28,46,46,0,16,28,44,50,6,0.003165526396405596,0.010926171755335444,49,69,20,3,3,3,3,3,85,46,77
30,0,0,1,1,0,0,0,1,1,0,0,0,1,1,0,0.0,0.0,1,1,0,-1,-1,-1,4,0,83,66,45
31,22,638,40,100,60,84,120,38,59,21,22,120,40,79,39,0.0005105687736138058,0.0141938119064638,36,72,36,2,3,3,14,2,25,63,30
32,0,616,1,100,99,0,40,1,38,37,0,40,1,52,51,0.0,0.009190237925048503,1,67,66,2,-1,3,5,0,63,87,17
33,12,218,41,92,51,18,18,35,35,0,12,18,41,47,6,0.002280540522141666,0.006977773239388679,48,59,11,3,4,4,3,2,87,75,72
34,88,1728,60,100,40,208,252,74,84,10,88,252,60,90,30,0.007658531604207087,0.035195207461111676,62,94,32,1,2,2,14,7,17,62,7
35,520,1120,100,100,0,192,192,100,100,0,192,192,100,100,0,0.04748289594608394,0.052384356172776474,97,98,1,2,2,2,6,40,41,3,21
36,278,894,93,100,7,300,300,89,89,0,278,300,93,94,1,0.017325300384628477,0.022226760611321013,79,81,2,2,2,2,14,14,16,14,47
37,0,616,1,100,99,0,54,1,35,34,0,32,1,47,46,0.0,0.003812246842983083,1,52,51,2,-1,3,10,0,1,99,28
38,6,107,31,83,52,12,12,37,37,0,6,7,31,37,6,0.0016678579938050988,0.0018380475850097008,41,42,1,5,4,4,2,1,99,71,88
39,176,792,85,100,15,110,110,72,72,0,110,110,76,76,0,0.014534191088873005,0.01861874127778345,77,81,4,2,2,2,6,14,40,14,47
40,16,632,44,100,56,18,32,47,70,23,16,32,47,70,23,0.00353994349705572,0.017495489975833077,50,80,30,2,3,3,2,1,99,55,39
41,100,100,67,67,0,100,100,57,57,0,100,100,67,67,0,0.051533408216753465,0.05956635692161068,98,98,0,2,1,1,8,29,21,1,27
42,0,101,1,76,75,0,11,1,23,22,0,1,1,23,22,0.0,3.4037918240920386e-05,1,25,24,5,-1,6,11,0,38,67,95
43,330,530,97,100,3,104,104,85,85,0,104,104,86,86,0,0.03223390857415161,0.036488648354266656,91,94,3,3,2,2,5,29,37,1,31
44,6,212,29,90,61,48,64,34,34,0,6,56,29,50,21,0.00037441710065012424,0.00527587732734266,32,55,23,3,4,4,12,1,3,88,31
45,100,100,67,67,0,100,100,55,55,0,100,100,67,67,0,0.037373634228530586,0.037373634228530586,94,94,0,-1,1,1,9,16,23,12,97
46,100,100,74,74,0,100,100,80,80,0,100,100,80,80,0,0.038394771775758195,0.038394771775758195,94,94,0,-1,1,1,5,8,45,44,93
47,38,654,46,100,54,186,196,66,70,4,38,70,46,53,7,0.0035059055788147996,0.00616086320160659,48,56,8,2,3,3,16,6,4,70,43
48,2,2,26,26,0,5,5,28,28,0,2,2,26,26,0,0.0002723033459273631,0.0002723033459273631,33,33,0,-1,5,5,3,1,82,55,99
49,6,212,32,92,60,10,18,32,37,5,6,18,32,46,14,0.00017018959120460194,0.0032336022328874367,31,52,21,3,4,4,3,1,76,4,47
50,0,102,1,83,82,0,3,1,28,27,0,2,1,28,27,0.0,0.00010211375472276115,1,30,29,4,-1,5,2,0,90,99,4
51,0,0,1,1,0,0,0,1,1,0,0,0,1,1,0,0.0,0.0,1,1,0,-1,-1,-1,8,0,21,67,45
52,0,206,1,94,93,0,10,1,31,30,0,6,1,31,30,0.0,0.0004084550188910446,1,34,33,3,-1,4,3,0,96,36,49
53,58,264,68,98,30,32,32,63,63,0,32,32,65,65,0,0.010279451308757957,0.018857006705469893,69,82,13,3,3,3,2,6,98,77,33
54,108,314,78,96,18,144,144,88,88,0,108,144,80,88,8,0.011879233466081215,0.019844106334456584,73,84,11,3,2,2,6,5,34,25,14
55,150,766,82,100,18,136,136,77,77,0,136,136,83,83,0,0.017257224548146634,0.02580074202661765,81,87,6,2,2,2,7,12,24,37,20
56,0,206,1,92,91,0,16,1,32,31,0,13,1,41,40,0.0,0.001940161339732462,1,45,44,3,-1,4,4,0,47,89,54
57,0,616,1,100,99,0,52,1,38,37,0,52,1,53,52,0.0,0.011402702610708328,1,71,70,2,-1,3,7,1,43,69,5
58,166,372,88,97,9,198,198,86,86,0,166,166,88,88,0,0.014466115252391163,0.016236087000919025,79,80,1,3,2,2,10,9,36,27,71
59,90,1730,58,100,42,188,222,70,73,3,90,222,58,90,32,0.004935498144933456,0.026209197045508698,56,90,34,1,2,2,14,6,8,28,16
60,76,692,57,100,43,76,76,55,55,0,76,76,60,60,0,0.010415602981721638,0.015997821573232582,66,79,13,2,3,3,6,6,71,77,38
61,142,758,81,100,19,120,120,78,78,0,120,120,78,78,0,0.01667857993805099,0.02835358589468668,78,89,11,2,2,2,6,9,41,39,37
62,132,338,83,96,13,216,216,96,96,0,132,140,83,84,1,0.012900371013308825,0.013785356887572755,74,74,0,3,2,2,9,5,35,25,51
63,110,726,83,100,17,48,48,67,67,0,48,48,70,70,0,0.018108172504169646,0.03996051601484053,81,95,14,2,3,3,3,18,96,30,11
64,12,12,35,35,0,46,46,35,35,0,12,12,35,35,0,0.0004765308553728854,0.0004765308553728854,37,37,0,-1,4,4,9,2,28,63,87
65,0,616,1,100,99,0,26,1,45,44,0,16,1,44,43,0.0,0.0034037918240920387,1,52,51,2,-1,3,4,0,78,93,42
66,84,1724,63,100,37,154,188,75,82,7,84,188,63,90,27,0.006092787365124749,0.022839443139657578,58,83,25,1,2,2,10,6,12,28,27
67,46,662,54,100,46,90,100,65,69,4,46,100,54,70,16,0.006024711528642908,0.01855066544130161,60,79,19,2,2,2,6,3,74,29,19
68,6,622,28,100,72,27,62,28,35,7,6,28,28,44,16,0.00030634126416828345,0.004595118962524252,31,51,20,2,4,3,10,1,36,60,29
69,71,687,57,100,43,108,108,61,61,0,71,87,57,59,2,0.005105687736138058,0.0088498587426393,57,65,8,2,2,2,9,6,28,35,90
70,0,616,1,100,99,0,22,1,41,40,0,22,1,44,43,0.0,0.022533101875489295,1,88,87,2,-1,3,2,0,68,92,11
71,148,748,88,100,12,88,88,82,82,0,88,88,82,82,0,0.022465026039007456,0.027672827529868275,85,88,3,2,2,2,4,18,72,30,44
72,100,100,67,67,0,100,100,74,74,0,100,100,75,75,0,0.035875965825930084,0.035875965825930084,93,93,0,-1,1,1,5,6,63,34,59
73,223,429,99,100,1,80,80,97,97,0,80,80,97,97,0,0.05058034650600769,0.054188365839545255,97,97,0,3,2,2,2,27,97,10,57
74,0,206,1,91,90,0,24,1,33,32,0,8,1,35,34,0.0,0.0013274788113958951,1,40,39,3,-1,4,6,0,44,67,52
75,102,102,80,80,0,48,48,60,60,0,48,48,63,63,0,0.016168011164437182,0.016168011164437182,79,79,0,-1,3,3,3,12,58,37,89
76,136,752,79,100,21,124,124,65,65,0,124,124,77,77,0,0.008339289969025495,0.010109261717553355,65,68,3,2,3,3,9,13,28,24,53
77,0,0,1,1,0,0,0,1,1,0,0,0,1,1,0,0.0,0.0,1,1,0,-1,-1,-1,14,0,25,86,99
78,2,208,28,93,65,8,20,28,31,3,2,20,28,43,15,0.0002723033459273631,0.005412029000306341,32,52,20,3,5,4,6,1,69,55,24
79,176,277,86,94,8,120,120,78,78,0,120,120,78,78,0,0.015351101126655093,0.015385139044896015,77,77,0,6,2,2,6,14,41,14,78
80,176,176,86,86,0,142,142,78,78,0,142,142,84,84,0,0.01596378365499166,0.01596378365499166,76,76,0,-1,2,2,8,14,21,14,96
81,0,616,1,100,99,0,40,1,39,38,0,40,1,49,48,0.0,0.007624493685966166,1,58,57,2,-1,3,5,0,52,87,27
82,28,644,49,100,51,34,44,39,48,9,28,44,49,53,4,0.0021784267674189047,0.0051397256543789785,45,54,9,2,3,3,4,3,53,54,52
83,190,190,87,87,0,150,150,73,73,0,150,150,85,85,0,0.018959120460192654,0.018959120460192654,80,80,0,-1,3,3,10,17,22,6,87
84,0,0,1,1,0,0,0,1,1,0,0,0,1,1,0,0.0,0.0,1,1,0,-1,-1,-1,3,0,94,91,50
85,80,286,66,94,28,88,88,73,73,0,88,88,74,74,0,0.007590455767725246,0.008066986623098132,61,65,4,3,2,2,4,6,83,28,56
86,100,100,66,66,0,100,100,49,49,0,100,100,66,66,0,0.03563770039824364,0.03601211749889377,93,93,0,3,1,1,9,18,54,5,49
87,0,206,1,88,87,0,48,1,34,33,0,42,1,54,53,0.0,0.00622893903808843,1,60,59,3,-1,4,10,0,11,93,31
88,132,132,89,89,0,96,96,90,90,0,96,96,90,90,0,0.02032063718982947,0.02032063718982947,84,84,0,-1,2,2,3,13,75,33,50
89,6,212,29,89,60,22,22,35,35,0,6,13,29,35,6,0.00034037918240920387,0.0014636304843595766,34,41,7,3,4,4,5,1,61,88,83
90,0,0,1,1,0,0,0,1,1,0,0,0,1,1,0,0.0,0.0,1,1,0,-1,-1,-1,6,0,65,59,40
91,543,1159,100,100,0,232,232,100,100,0,232,232,100,100,0,0.0490826781034072,0.06266380748153443,95,100,5,2,2,2,7,40,46,3,15
92,199,199,88,88,0,110,110,72,72,0,110,110,76,76,0,0.023622315259198747,0.023622315259198747,85,85,0,-1,2,2,6,20,40,23,86
93,0,206,1,88,87,0,28,1,34,33,0,22,1,41,40,0.0,0.005377991082065421,1,54,53,3,-1,4,6,0,41,97,25
94,6,212,28,92,64,15,32,28,34,6,6,32,28,46,18,0.0002042275094455223,0.0057524081827155455,29,54,25,3,4,4,6,1,56,4,21
95,0,616,1,100,99,0,46,1,38,37,0,46,1,49,48,0.0,0.01960584090677014,1,84,83,2,-1,3,6,0,56,40,0
96,100,100,77,77,0,100,100,96,96,0,100,100,96,96,0,0.07416862384696551,0.07416862384696551,100,100,0,-1,1,1,3,18,76,30,97
97,94,196,70,92,22,104,104,86,86,0,94,104,75,86,11,0.014364001497668403,0.014738418598318526,77,78,1,4,2,2,5,5,49,25,42
98,24,230,48,92,44,78,78,47,47,0,24,78,48,62,14,0.0018040096667687805,0.00704584907587052,42,60,18,3,3,3,8,4,57,64,34
99,16,222,37,93,56,56,56,48,48,0,16,56,37,56,19,0.0035739814152966403,0.010619830491167161,50,68,18,3,3,3,6,1,65,90,20
100,22,638,45,100,55,46,66,41,47,6,22,66,45,58,13,0.0018720855032506212,0.02723033459273631,44,90,46,2,3,3,6,2,59,52,11
101,6,108,33,84,51,8,8,33,33,0,6,8,33,38,5,0.00030634126416828345,0.0005446066918547262,36,37,1,4,4,4,2,1,86,88,49
102,100,100,77,77,0,100,100,96,96,0,100,100,96,96,0,0.07022022533101875,0.07022022533101875,99,99,0,-1,1,1,3,19,76,15,89
103,6,212,29,93,64,14,18,32,35,3,6,18,29,44,15,0.0002042275094455223,0.011640968038394772,31,75,44,3,4,4,3,1,82,4,12
104,6,622,29,100,71,26,58,32,41,9,6,58,29,57,28,0.00030634126416828345,0.007760645358929848,34,62,28,2,4,3,7,1,24,60,21
105,410,1010,99,100,1,264,264,100,100,0,264,264,100,100,0,0.03883726471289016,0.045678886279315156,96,97,1,2,2,2,9,29,35,0,39
106,0,616,1,100,99,0,40,1,39,38,0,40,1,49,48,0.0,0.012798257258586064,1,77,76,2,-1,3,5,0,52,36,6
107,6,622,32,100,68,22,60,33,51,18,6,60,32,61,29,0.0010892133837094523,0.028693965077095884,39,90,51,2,4,3,5,1,45,71,11
108,0,616,1,100,99,0,42,1,38,37,0,28,1,48,47,0.0,0.00442492937131965,1,51,50,2,-1,3,6,0,59,86,28
109,100,202,65,89,24,94,94,68,68,0,94,94,73,73,0,0.012559991830899623,0.012628067667381462,74,74,0,4,2,2,5,6,61,77,4
110,100,100,69,69,0,100,100,57,57,0,100,100,69,69,0,0.03359542530378842,0.03359542530378842,88,88,0,-1,1,1,8,16,57,12,91
111,6,212,30,94,64,7,12,30,31,1,6,12,30,36,6,0.0002723033459273631,0.005922597773920147,31,56,25,3,4,4,2,1,91,78,48
112,0,206,1,93,92,0,28,1,35,34,0,28,1,47,46,0.0,0.004969536063174376,1,55,54,3,-1,4,6,1,34,50,31
113,62,678,75,100,25,32,32,67,67,0,32,32,68,68,0,0.010619830491167161,0.043704687021341775,72,96,24,2,3,3,2,6,97,77,10
114,331,947,99,100,1,88,88,71,71,0,88,88,71,71,0,0.03182545355526056,0.05235031825453555,94,96,2,2,2,2,4,29,53,1,11
115,292,498,95,98,3,272,272,94,94,0,272,272,94,94,0,0.02743456210218183,0.039449947241226725,89,94,5,3,2,2,11,20,33,23,18
116,189,189,91,91,0,152,152,83,83,0,152,152,86,86,0,0.022328874366043774,0.022328874366043774,84,84,0,-1,2,2,8,20,21,23,36
117,329,929,99,100,1,56,56,76,76,0,56,56,77,77,0,0.04765308553728854,0.06552299261377174,97,98,1,2,2,2,2,36,68,2,11
118,192,398,91,100,9,134,134,87,87,0,134,134,88,88,0,0.01773375540351952,0.03087239184451479,81,91,10,3,2,2,6,14,34,32,6
119,6,6,28,28,0,13,13,28,28,0,6,6,28,28,0,0.0,0.0,1,1,0,-1,4,4,5,1,50,95,98
120,111,111,77,77,0,218,218,76,76,0,111,111,77,77,0,0.007454304094761564,0.007454304094761564,61,61,0,-1,2,2,14,8,25,57,86
121,505,705,100,100,0,192,192,98,98,0,192,192,98,98,0,0.049184791858129955,0.05473297253139998,97,98,1,3,2,2,6,40,44,3,27
122,0,616,1,100,99,0,56,1,45,44,0,56,1,57,56,0.0,0.014227849824704722,1,76,75,2,-1,3,6,1,74,45,37
123,100,100,77,77,0,100,100,97,97,0,100,100,97,97,0,0.04969536063174376,0.05572007216038667,97,98,1,3,1,1,3,1,55,78,31
124,0,0,1,1,0,0,0,1,1,0,0,0,1,1,0,0.0,0.0,1,1,0,-1,-1,-1,13,0,13,98,87
125,40,246,52,95,43,74,74,69,69,0,40,47,52,55,3,0.005514142755029102,0.006739507811702236,54,58,4,3,2,2,5,3,45,46,61
126,121,1761,76,100,24,148,172,71,80,9,121,172,76,87,11,0.009734844616903231,0.043704687021341775,68,95,27,1,2,2,9,8,28,44,11
127,62,62,62,62,0,76,76,54,54,0,62,62,62,62,0,0.007794683277170768,0.007794683277170768,64,64,0,-1,3,3,6,6,32,34,85
128,136,736,81,100,19,228,228,79,79,0,136,182,81,84,3,0.011981347220803976,0.019027196296674494,69,78,9,2,2,2,14,8,25,17,20
129,0,616,1,100,99,0,50,1,35,34,0,34,1,45,44,0.0,0.0053439531638245,1,55,54,2,-1,3,8,0,27,66,62
130,0,206,1,89,88,0,48,1,33,32,0,6,1,28,27,0.0,0.00176997174852786,1,41,40,3,-1,4,12,0,3,81,46
131,208,208,89,89,0,252,252,92,92,0,208,208,89,89,0,0.017495489975833077,0.017495489975833077,79,79,0,-1,2,2,11,8,33,20,66
132,0,206,1,91,90,0,12,1,29,28,0,8,1,36,35,0.0,0.0015317063208414173,1,42,41,3,-1,4,4,0,83,59,75
133,56,56,52,52,0,94,94,62,62,0,56,56,53,53,0,0.006671431975220395,0.006671431975220395,57,57,0,-1,2,2,5,3,52,29,36
134,304,510,95,99,4,128,128,91,91,0,128,128,91,91,0,0.03226794649239253,0.033050818611933694,91,91,0,3,2,2,5,29,52,0,43
135,6,6,28,28,0,42,42,32,32,0,6,6,28,28,0,0.0002042275094455223,0.0002042275094455223,29,29,0,-1,4,4,14,1,17,4,93
136,8,109,35,78,43,42,42,35,35,0,8,8,35,35,0,0.0005105687736138058,0.0005446066918547262,35,35,0,6,4,4,9,2,35,56,58
137,80,696,58,100,42,130,140,65,68,3,80,140,58,83,25,0.006092787365124749,0.012185574730249497,57,73,16,2,3,3,10,6,36,26,31
138,0,1640,1,100,99,0,70,1,48,47,0,70,1,55,54,0.0,0.022567139793730217,1,86,85,1,-1,2,6,0,40,85,20
139,16,222,34,90,56,68,68,41,41,0,16,24,34,43,9,0.002314578440382586,0.003608019333537561,45,52,7,3,3,3,8,2,42,94,83
140,0,616,1,100,99,0,74,1,33,32,0,38,1,47,46,0.0,0.005820484019197386,1,56,55,2,-1,3,14,0,16,67,34
141,12,218,36,93,57,30,30,41,41,0,12,30,36,51,15,0.002110350930937064,0.007182000748834201,45,61,16,3,4,4,5,2,70,61,44
142,46,662,50,100,50,96,96,53,53,0,46,90,50,60,10,0.002757071377514551,0.010177337554035196,46,70,24,2,2,2,7,2,46,61,38
143,0,0,1,1,0,0,0,1,1,0,0,0,1,1,0,0.0,0.0,1,1,0,-1,-1,-1,16,1,4,69,66
144,18,1658,45,100,55,38,72,52,78,26,18,72,45,78,33,0.0018720855032506212,0.05919193982096055,44,97,53,1,3,2,3,2,66,61,1
145,6,212,32,93,61,28,32,36,39,3,6,22,32,43,11,0.0006126825283365669,0.0051397256543789785,36,51,15,3,4,4,6,2,69,42,62
146,345,545,98,100,2,128,128,90,90,0,128,128,90,90,0,0.0370672929643623,0.0405731985431771,94,96,2,3,2,2,5,29,63,1,31
147,208,824,89,100,11,202,202,87,87,0,208,202,90,90,0,0.012287688484972258,0.014670342761836687,72,76,4,2,2,2,10,13,11,24,46
148,0,0,1,1,0,0,0,1,1,0,0,0,1,1,0,0.0,0.0,1,1,0,-1,-1,-1,13,0,13,40,76
149,100,100,65,65,0,100,100,45,45,0,100,100,65,65,0,0.045474658769869634,0.05156744613499439,96,100,4,2,1,1,10,22,12,9,44
150,100,100,60,60,0,100,100,40,40,0,100,100,60,60,0,0.0212056230640934,0.026753803737363423,81,90,9,2,1,1,14,9,25,27,34
151,0,206,1,89,88,0,24,1,31,30,0,6,1,28,27,0.0,0.002144388849177984,1,44,43,3,-1,4,8,0,42,98,46
152,0,0,1,1,0,0,0,1,1,0,0,0,1,1,0,0.0,0.0,1,1,0,-1,-1,-1,14,1,8,50,36
153,16,616,44,100,56,34,34,47,47,0,16,34,45,54,9,0.00176997174852786,0.019639878825011062,43,82,39,2,3,3,4,1,78,53,7
154,0,102,1,81,80,0,6,1,30,29,0,4,1,31,30,0.0,0.0016678579938050988,1,41,40,4,-1,5,3,0,96,76,83
155,16,118,38,80,42,60,60,51,51,0,16,22,38,43,5,0.003914360597705844,0.005412029000306341,51,53,2,4,3,3,5,3,37,46,54
156,2,618,27,100,73,3,22,27,51,24,2,22,27,54,27,0.00013615167296368154,0.01783586915824228,31,84,53,2,5,3,2,1,98,78,30
157,58,159,68,92,24,32,32,63,63,0,32,32,65,65,0,0.010279451308757957,0.010279451308757957,69,69,0,6,3,3,2,6,98,77,58
158,90,706,61,100,39,154,164,67,72,5,90,164,61,83,22,0.008271214132543654,0.01575955614554614,65,77,12,2,2,2,10,6,18,34,77
159,125,331,81,97,16,80,80,66,66,0,80,80,68,68,0,0.014432077334150244,0.01592974573675074,78,78,0,3,3,3,5,15,63,19,52
160,1,207,26,93,67,3,9,26,31,5,1,9,26,36,10,3.4037918240920386e-05,0.0022465026039007454,26,46,20,3,6,4,3,2,55,58,41
161,16,1656,35,100,65,50,114,34,61,27,16,114,35,76,41,0.00037441710065012424,0.02018448551686579,34,82,48,1,3,2,10,1,18,4,33
162,334,1974,95,100,5,216,240,85,87,2,216,240,87,89,2,0.03441233534157051,0.05197590115388543,94,100,6,1,2,2,12,29,2,0,37
163,16,222,37,93,56,34,42,35,37,2,16,42,37,51,14,0.0005786446100956465,0.012559991830899623,35,73,38,3,3,3,6,1,65,4,6
164,62,164,69,94,25,22,22,54,54,0,22,22,54,54,0,0.011028285510058205,0.011743081793117532,71,72,1,4,3,3,2,8,99,20,74
165,184,184,84,84,0,166,166,84,84,0,166,166,85,85,0,0.011947309302563056,0.011947309302563056,69,69,0,-1,2,2,8,13,27,24,76
166,66,66,65,65,0,28,28,48,48,0,28,28,54,54,0,0.005173763572619898,0.005173763572619898,56,56,0,-1,3,3,3,6,55,28,67
167,29,29,57,57,0,32,32,63,63,0,32,32,65,65,0,0.0046972327172470135,0.0046972327172470135,56,56,0,-1,3,3,2,4,98,22,67
168,100,100,62,62,0,100,100,48,48,0,100,100,62,62,0,0.03230198441063344,0.0353994349705572,89,93,4,3,1,1,10,15,11,19,73
169,297,497,99,100,1,72,72,84,84,0,72,72,84,84,0,0.044623710813846626,0.0480955784744205,96,96,0,3,2,2,3,40,85,3,57
170,39,39,52,52,0,66,66,54,54,0,39,39,52,52,0,0.0042547397801150485,0.0042547397801150485,53,53,0,-1,3,3,6,4,74,22,59
171,16,117,46,86,40,22,22,48,48,0,16,17,47,49,2,0.0031314884781646754,0.0032336022328874367,50,50,0,5,3,3,2,3,95,46,4
172,16,632,35,100,65,34,44,39,43,4,16,44,35,49,14,0.002144388849177984,0.018176248340651485,40,83,43,2,3,3,4,1,67,53,37
173,97,713,58,100,42,228,228,77,77,0,97,228,58,92,34,0.005650294427992784,0.013751318969331836,55,72,17,2,2,2,15,4,7,22,32
174,0,0,1,1,0,0,0,1,1,0,0,0,1,1,0,0.0,0.0,1,1,0,-1,-1,-1,12,1,6,45,76
175,84,84,75,75,0,22,22,52,52,0,22,22,54,54,0,0.012764219340345145,0.012764219340345145,75,75,0,-1,3,3,2,8,86,8,67
176,36,138,56,84,28,34,34,47,47,0,34,34,55,55,0,0.0046972327172470135,0.005446066918547262,56,60,4,4,3,3,4,6,78,28,43
177,44,250,52,91,39,66,66,44,44,0,44,50,52,53,1,0.005922597773920147,0.008611593314952858,54,65,11,3,3,3,6,7,51,62,46
178,128,128,85,85,0,94,94,75,75,0,94,94,75,75,0,0.018925082541951733,0.018925082541951733,81,81,0,-1,2,2,5,9,49,39,92
179,583,683,100,100,0,432,432,100,100,0,432,432,100,100,0,0.03897341638585384,0.03897341638585384,96,96,0,5,2,2,15,29,7,1,78
180,100,100,62,62,0,100,100,45,45,0,100,100,62,62,0,0.03274447734776541,0.03955206099594949,90,94,4,3,1,1,12,12,3,37,8
181,0,0,1,1,0,0,0,1,1,0,0,0,1,1,0,0.0,0.0,1,1,0,-1,-1,-1,12,0,6,97,79
182,74,280,69,95,26,38,38,55,55,0,38,38,58,58,0,0.011096361346540046,0.012968446849790666,72,76,4,3,3,3,3,9,76,27,54
183,78,694,62,100,38,76,96,54,59,5,76,96,61,68,7,0.00789679703189353,0.028762040913577726,62,89,27,2,3,3,6,7,44,48,10
184,110,710,83,100,17,38,38,46,46,0,38,38,51,51,0,0.013649205214609075,0.024507301133462677,78,89,11,2,3,3,3,14,96,32,39
185,6,622,29,99,70,42,68,34,35,1,6,22,29,40,11,0.00017018959120460194,0.0024166921951053475,32,43,11,2,4,3,11,1,33,88,53
186,0,206,1,94,93,0,14,1,32,31,0,14,1,40,39,0.0,0.0038462847612240037,1,52,51,3,-1,4,3,0,66,97,47
187,52,154,64,92,28,22,22,52,52,0,22,22,55,55,0,0.008305252050784574,0.008645631233193778,66,66,0,4,3,3,2,9,98,31,55
188,248,864,94,100,6,168,168,99,99,0,168,168,99,99,0,0.03625038292658021,0.04836788182034787,97,97,0,2,2,2,6,15,56,16,39
189,100,100,65,65,0,100,100,47,47,0,100,100,65,65,0,0.023179822322066782,0.045304469178665034,84,97,13,1,1,1,11,9,38,31,19
190,100,100,71,71,0,100,100,76,76,0,100,100,77,77,0,0.031212771026923995,0.03631845876306205,91,94,3,2,1,1,5,2,50,42,47
191,111,111,80,80,0,182,182,70,70,0,111,111,80,80,0,0.007760645358929848,0.007760645358929848,62,62,0,-1,2,2,13,8,13,44,99
192,67,169,64,91,27,38,38,49,49,0,38,38,54,54,0,0.007488342013002485,0.007862759113652609,60,61,1,4,3,3,3,8,87,44,88
193,22,124,48,81,33,40,40,42,42,0,22,24,48,50,2,0.0032336022328874367,0.003369753905851118,50,50,0,4,3,3,5,2,61,75,65
194,52,52,65,65,0,12,12,37,37,0,12,12,42,42,0,0.007794683277170768,0.007794683277170768,66,66,0,-1,4,4,2,13,99,24,96
195,100,100,63,63,0,100,100,56,56,0,100,100,63,63,0,0.03281255318424725,0.055073351713809185,91,98,7,2,1,1,7,8,24,8,11
196,24,24,45,45,0,80,80,43,43,0,24,24,45,45,0,0.0013615167296368155,0.0013615167296368155,40,40,0,-1,3,3,9,4,23,64,89
197,266,472,96,100,4,256,256,96,96,0,256,256,96,96,0,0.024166921951053473,0.02644746247319514,85,87,2,3,2,2,10,16,1,18,83
198,154,154,87,87,0,88,88,73,73,0,88,88,74,74,0,0.011606930120153852,0.011606930120153852,71,71,0,-1,2,2,4,13,83,24,99
199,100,100,65,65,0,100,100,45,45,0,100,100,65,65,0,0.027094182919772627,0.027094182919772627,91,91,0,-1,1,1,10,9,12,27,82
200,0,102,1,83,82,0,4,1,28,27,0,2,1,26,25,0.0,0.0002382654276864427,1,29,28,4,-1,5,2,0,99,81,4
201,68,684,56,100,44,80,80,62,62,0,68,80,59,65,6,0.006399128629293032,0.010994247591817285,54,67,13,2,2,2,6,4,71,72,38
202,49,665,52,100,48,44,54,44,55,11,49,54,56,56,0,0.0051397256543789785,0.010279451308757957,52,67,15,2,3,3,4,4,67,22,83
203,94,300,60,96,36,92,92,50,50,0,92,92,61,61,0,0.008986010415602982,0.01579359406378706,64,79,15,3,3,3,7,9,46,27,77
204,218,424,90,97,7,182,182,88,88,0,182,182,92,92,0,0.023486163586235065,0.02464345280642636,85,87,2,3,2,2,9,16,29,18,61
205,184,184,88,88,0,182,182,91,91,0,182,182,92,92,0,0.019776030497974745,0.019776030497974745,82,82,0,-1,2,2,9,12,35,37,76
206,0,206,1,91,90,0,30,1,34,33,0,30,1,49,48,0.0,0.006024711528642908,1,55,54,3,-1,4,7,0,62,87,31
207,334,950,95,100,5,216,216,85,85,0,216,216,87,87,0,0.03441233534157051,0.038905340549372,94,97,3,2,2,2,12,29,2,0,35
208,0,206,1,92,91,0,26,1,32,31,0,12,1,33,32,0.0,0.0019061234214915416,1,42,41,3,-1,4,7,0,46,92,52
209,16,222,48,97,49,22,22,52,52,0,16,22,51,54,3,0.003437829742332959,0.0141938119064638,53,78,25,3,3,3,2,1,98,90,37
210,16,632,40,100,60,70,84,43,45,2,16,34,40,48,8,0.003608019333537561,0.007147962830593281,48,59,11,2,3,3,9,1,26,90,83
211,0,0,1,1,0,0,0,1,1,0,0,0,1,1,0,0.0,0.0,1,1,0,-1,-1,-1,3,0,66,80,40
212,0,102,1,75,74,0,15,1,25,24,0,2,1,25,24,0.0,0.00010211375472276115,1,27,26,4,-1,5,14,0,25,40,55
213,174,276,89,94,5,174,174,92,92,0,174,174,93,93,0,0.014670342761836687,0.014772456516559448,77,77,0,4,2,2,7,7,43,48,60
214,0,616,1,100,99,0,58,1,38,37,0,36,1,45,44,0.0,0.00445896728956057,1,53,52,2,-1,3,8,0,42,80,26
215,82,184,72,92,20,46,46,82,82,0,46,46,82,82,0,0.015521290717859695,0.016406276592123625,79,80,1,4,2,2,2,8,95,20,51
216,46,252,54,95,41,68,68,66,66,0,46,68,57,68,11,0.004629156880765172,0.009156200006807584,54,68,14,3,2,2,4,2,53,52,57
217,16,222,45,94,49,22,22,49,49,0,16,22,48,52,4,0.0024507301133462676,0.005037611899656217,48,56,8,3,3,3,2,1,90,53,41
218,80,182,73,93,20,48,48,67,67,0,48,48,70,70,0,0.007352190340038803,0.007794683277170768,61,61,0,4,3,3,3,6,96,28,42
219,55,1695,60,100,40,44,78,59,78,19,44,78,63,79,16,0.0053099152455835805,0.04169644984512747,57,95,38,1,3,2,4,6,72,28,37
220,100,100,70,70,0,100,100,68,68,0,100,100,73,73,0,0.04877633683923891,0.05551584465094115,96,98,2,2,1,1,6,16,48,18,72
221,0,0,1,1,0,0,0,1,1,0,0,0,1,1,0,0.0,0.0,1,1,0,-1,-1,-1,6,0,34,89,59
222,40,246,53,97,44,72,72,77,77,0,40,72,67,78,11,0.005241839409101739,0.006977773239388679,53,58,5,3,2,2,3,1,96,53,54
223,296,896,97,100,3,120,120,83,83,0,120,120,85,85,0,0.032914666938970015,0.03614826917185745,93,94,1,2,2,2,6,27,59,10,28
224,128,229,80,93,13,220,220,82,82,0,128,129,80,81,1,0.007318152421797883,0.007318152421797883,62,62,0,5,2,2,12,6,6,26,68
225,28,234,48,92,44,50,50,46,46,0,28,40,48,53,5,0.0026209197045508697,0.00442492937131965,48,53,5,3,3,3,5,3,80,54,75
226,6,108,31,80,49,18,18,35,35,0,6,8,31,33,2,0.002586881786309949,0.002757071377514551,47,48,1,4,4,4,3,3,94,46,65
227,102,718,83,100,17,32,32,58,58,0,32,32,59,59,0,0.017495489975833077,0.03849688553048095,83,96,13,2,3,3,2,17,68,6,1
228,491,1091,99,100,1,288,288,98,98,0,288,288,98,98,0,0.04190067735457299,0.0567752476258552,97,99,2,2,2,2,9,29,54,11,6
229,0,616,1,100,99,0,94,1,41,40,0,94,1,60,59,0.0,0.011981347220803976,1,69,68,2,-1,3,12,0,2,84,5
230,100,100,69,69,0,100,100,57,57,0,100,100,69,69,0,0.06273188331801627,0.08972395248306614,100,100,0,2,1,1,8,40,57,3,2
231,0,616,1,100,99,0,34,1,38,37,0,34,1,45,44,0.0,0.020048333843902106,1,84,83,2,-1,3,4,0,67,81,7
232,156,156,89,89,0,72,72,77,77,0,72,72,77,77,0,0.02365635317743967,0.02365635317743967,87,87,0,-1,2,2,3,16,64,18,82
233,16,118,44,84,40,28,28,44,44,0,16,19,43,48,5,0.00176997174852786,0.0019741992579733825,42,46,4,4,3,3,3,1,76,53,63
234,100,100,67,67,0,100,100,74,74,0,100,100,75,75,0,0.035875965825930084,0.0601109636134654,93,98,5,2,1,1,5,6,63,34,1
235,0,0,1,1,0,0,0,1,1,0,0,0,1,1,0,0.0,0.0,1,1,0,-1,-1,-1,2,0,68,67,36
236,0,616,1,99,98,0,106,1,54,53,0,56,1,50,49,0.0,0.0051397256543789785,1,53,52,2,-1,3,17,0,20,59,13
237,194,194,93,93,0,86,86,62,62,0,86,86,68,68,0,0.018788930868988054,0.018788930868988054,85,85,0,-1,3,3,6,19,32,15,82
238,87,1727,61,100,39,118,142,66,69,3,87,142,61,81,20,0.00803294870485721,0.04864018516627523,62,98,36,1,3,2,8,8,15,44,2
239,0,0,1,1,0,0,0,1,1,0,0,0,1,1,0,0.0,0.0,1,1,0,-1,-1,-1,5,0,63,67,91
240,0,616,1,100,99,0,54,1,38,37,0,30,1,50,49,0.0,0.006433166547533953,1,60,59,2,-1,3,8,0,57,66,62
241,313,513,100,100,0,72,72,86,86,0,72,72,86,86,0,0.04836788182034787,0.05054630858776677,97,98,1,3,2,2,3,40,92,3,22
242,0,1640,1,100,99,0,124,1,57,56,0,109,1,75,74,0.0,0.016133973246196264,1,74,73,1,-1,2,14,0,8,98,32
243,345,345,99,99,0,120,120,100,100,0,120,120,100,100,0,0.042649511555873244,0.042649511555873244,95,95,0,-1,2,2,3,29,82,1,79
244,84,1724,57,100,43,164,208,73,84,11,84,208,57,90,33,0.011164437183021887,0.04077742605262262,70,96,26,1,2,2,10,5,18,25,7
245,6,622,29,100,71,24,78,30,46,16,6,78,29,60,31,0.0002042275094455223,0.010245413390517035,31,70,39,2,4,3,8,1,30,60,33
246,397,603,100,100,0,136,136,100,100,0,136,136,100,100,0,0.05384798665713605,0.06062153238707921,97,98,1,3,2,2,4,36,73,2,32
247,282,282,95,95,0,342,342,95,95,0,282,282,95,95,0,0.024881718234112803,0.024881718234112803,89,89,0,-1,2,2,16,20,9,23,86
248,0,206,1,87,86,0,44,1,32,31,0,6,1,28,27,0.0,0.002484768031587188,1,46,45,3,-1,4,14,0,16,98,90
249,0,616,1,100,99,0,24,1,42,41,0,24,1,48,47,0.0,0.010517716736444398,1,66,65,2,-1,3,3,0,58,92,32
250,6,622,30,100,70,16,34,35,38,3,6,34,30,50,20,0.0009190237925048504,0.007828721195411689,38,66,28,2,4,3,4,2,53,42,25
251,129,335,87,100,13,48,48,72,72,0,48,48,74,74,0,0.014329963579427483,0.014738418598318526,78,78,0,3,3,3,3,15,60,19,88
252,22,222,47,94,47,38,38,57,57,0,22,38,48,58,10,0.004561081044283332,0.01147077844719017,55,73,18,3,3,3,3,3,55,29,20
253,207,309,93,97,4,198,198,86,86,0,198,198,92,92,0,0.016984921202219273,0.017189148711664794,82,82,0,4,2,2,10,15,36,19,65
254,24,640,43,100,57,30,40,38,43,5,24,40,43,48,5,0.0016338200755641784,0.006262976956329351,38,55,17,2,3,3,4,3,67,43,42
255,268,868,98,100,2,96,96,95,95,0,96,96,95,95,0,0.04278566322883692,0.05905578814799687,95,99,4,2,2,2,3,30,60,7,9
256,22,638,46,100,54,22,32,42,57,15,22,32,45,59,14,0.0030974505599237552,0.010279451308757957,49,68,19,2,3,3,2,2,91,75,47
257,0,102,1,69,68,0,11,1,25,24,0,2,1,25,24,0.0,0.0,1,1,0,4,-1,5,10,0,0,96,95
258,92,298,75,98,23,32,32,58,58,0,32,32,59,59,0,0.012015385139044895,0.0158616699002689,75,80,5,3,3,3,2,8,68,17,28
259,6,6,29,29,0,49,49,33,33,0,6,6,29,29,0,0.00037441710065012424,0.00037441710065012424,34,34,0,-1,4,4,11,1,5,88,91
260,0,206,1,91,90,0,24,1,33,32,0,8,1,35,34,0.0,0.0013615167296368155,1,40,39,3,-1,4,6,1,44,69,61
261,42,248,51,93,42,110,110,61,61,0,40,52,50,52,2,0.0037441710065012424,0.006024711528642908,52,57,5,3,3,3,10,6,1,41,83
262,1,207,26,93,67,4,20,26,34,8,1,20,26,47,21,0.0,0.0051397256543789785,1,55,54,3,6,4,4,2,73,58,44
263,218,218,92,92,0,128,128,92,92,0,128,128,92,92,0,0.023350011913271386,0.023350011913271386,86,86,0,-1,2,2,5,16,50,18,59
264,16,16,47,47,0,32,32,67,67,0,16,16,53,53,0,0.0051397256543789785,0.0051397256543789785,56,56,0,-1,3,3,2,1,97,90,36
265,0,206,1,86,85,0,49,1,32,31,0,6,1,28,27,0.0,0.001940161339732462,1,44,43,3,-1,4,11,0,5,89,46
266,0,0,1,1,0,0,0,1,1,0,0,0,1,1,0,0.0,0.0,1,1,0,-1,-1,-1,6,0,48,87,45
267,67,683,72,100,28,46,56,82,83,1,46,56,83,84,1,0.012866333095067906,0.03134892269988768,79,92,13,2,2,2,2,8,98,57,16
268,0,206,1,89,88,0,24,1,29,28,0,6,1,28,27,0.0,0.0016678579938050988,1,42,41,3,-1,4,10,0,18,84,94
269,0,616,1,100,99,0,18,1,47,46,0,18,1,48,47,0.0,0.009496579189216788,1,68,67,2,-1,3,2,1,93,50,64
270,94,94,61,61,0,174,174,78,78,0,94,94,61,61,0,0.007794683277170768,0.007794683277170768,62,62,0,-1,2,2,10,6,11,26,67
271,0,0,1,1,0,0,0,1,1,0,0,0,1,1,0,0.0,0.0,1,1,0,-1,-1,-1,11,0,38,76,98
272,100,100,66,66,0,100,100,52,52,0,100,100,66,66,0,0.04983151230470744,0.059328091493924234,98,99,1,2,1,1,8,22,15,9,37
273,0,0,1,1,0,0,0,1,1,0,0,0,1,1,0,0.0,0.0,1,1,0,-1,-1,-1,8,0,21,82,91
274,0,0,1,1,0,0,0,1,1,0,0,0,1,1,0,0.0,0.0,1,1,0,-1,-1,-1,14,0,17,99,45
275,0,102,1,74,73,0,7,1,25,24,0,2,1,25,24,0.0,0.00017018959120460194,1,30,29,4,-1,5,6,0,59,92,55
276,22,228,41,94,53,48,52,36,38,2,22,52,41,54,13,0.0009190237925048504,0.005514142755029102,37,54,17,3,3,3,9,2,35,74,31
277,0,616,1,100,99,0,44,1,35,34,0,24,1,44,43,0.0,0.005446066918547262,1,54,53,2,-1,3,9,0,54,81,73
278,58,58,52,52,0,106,106,67,67,0,58,58,52,52,0,0.004186663943633207,0.004186663943633207,52,52,0,-1,2,2,7,6,46,70,66
279,22,228,47,93,46,22,22,42,42,0,22,22,46,46,0,0.004016474352428605,0.006705469893461316,54,59,5,3,3,3,2,3,68,29,73
280,224,224,88,88,0,300,300,91,91,0,224,224,88,88,0,0.01674665577453283,0.01674665577453283,74,74,0,-1,2,2,14,8,25,8,85
281,150,766,85,100,15,182,192,87,88,1,150,192,85,91,6,0.01501072194424589,0.03716940671908506,76,93,17,2,2,2,9,8,31,17,10
282,224,824,93,100,7,204,204,85,85,0,204,204,93,93,0,0.020967357636406957,0.025154021580040164,82,89,7,2,2,2,11,17,19,6,13
283,12,218,37,96,59,18,18,36,36,0,12,18,37,44,7,0.0009530617107457708,0.002586881786309949,39,47,8,3,4,4,3,2,75,74,54
284,117,323,82,98,16,88,88,80,80,0,88,88,81,81,0,0.017257224548146634,0.024303073624017155,84,86,2,3,2,2,4,9,77,39,17
285,40,246,50,91,41,150,150,65,65,0,40,52,50,52,2,0.0026549576227917903,0.004663194799006093,48,53,5,3,2,2,11,1,5,53,52
286,0,206,1,93,92,0,18,1,39,38,0,18,1,45,44,0.0,0.010926171755335444,1,73,72,3,-1,4,3,0,55,59,19
287,0,1640,1,100,99,0,76,1,48,47,0,76,1,55,54,0.0,0.035705776234725484,1,90,89,1,-1,2,6,0,40,66,11
288,96,96,78,78,0,32,32,69,69,0,32,32,69,69,0,0.016542428265087308,0.016542428265087308,80,80,0,-1,3,3,2,15,93,19,92
289,186,287,92,95,3,120,120,87,87,0,120,120,89,89,0,0.01943565131556554,0.019469689233806462,86,86,0,6,2,2,6,18,32,5,58
290,46,46,48,48,0,134,134,60,60,0,46,46,48,48,0,0.0020422750944552232,0.0020422750944552232,43,43,0,-1,2,2,17,2,20,74,40
291,112,318,75,95,20,242,242,80,80,0,112,124,75,79,4,0.00881582082439838,0.010790020082371761,64,69,5,3,2,2,14,4,16,38,61
292,0,616,1,100,99,0,110,1,57,56,0,110,1,71,70,0.0,0.0160318594914735,1,79,78,2,-1,3,10,0,0,79,15
293,22,124,41,76,35,64,64,41,41,0,22,24,41,44,3,0.0021784267674189047,0.002314578440382586,47,47,0,4,3,3,9,2,28,75,4
294,8,108,37,81,44,14,14,32,32,0,8,8,37,37,0,0.0007828721195411688,0.0019741992579733825,36,44,8,4,4,4,3,3,87,51,94
295,560,1176,100,100,0,272,272,99,99,0,272,272,99,99,0,0.04802750263793867,0.05592429966983219,96,99,3,2,2,2,8,40,15,3,24
296,2,1642,26,100,74,13,104,28,56,28,2,88,26,56,30,3.4037918240920386e-05,0.015657442390823378,29,79,50,1,5,2,10,1,0,78,20
297,277,277,98,98,0,112,112,94,94,0,112,112,94,94,0,0.03638653459954389,0.03638653459954389,94,94,0,-1,2,2,4,29,78,0,79
298,0,206,1,86,85,0,34,1,31,30,0,6,1,28,27,0.0,0.00176997174852786,1,42,41,3,-1,4,11,1,5,69,94
299,6,622,28,100,72,13,36,28,35,7,6,23,28,44,16,0.00017018959120460194,0.0025188059498281084,32,47,15,2,4,3,5,1,50,55,61
300,118,324,77,96,19,188,188,83,83,0,118,124,77,79,2,0.007386228258279724,0.00789679703189353,63,64,1,3,2,2,10,5,12,47,42
301,192,293,94,98,4,48,48,68,68,0,48,48,69,69,0,0.029851254297287178,0.029851254297287178,91,91,0,5,3,3,3,29,81,11,95
302,0,206,1,97,96,0,12,1,38,37,0,12,1,43,42,0.0,0.007726607440688927,1,65,64,3,-1,4,2,0,97,36,17
303,6,6,29,29,0,30,30,29,29,0,6,6,29,29,0,6.807583648184077e-05,6.807583648184077e-05,28,28,0,-1,4,4,14,1,16,95,67
304,6,622,32,100,68,14,28,32,42,10,6,22,32,45,13,0.00030634126416828345,0.007556417849484326,33,60,27,2,4,3,3,1,96,4,90
305,110,1750,75,100,25,164,188,74,83,9,110,188,75,87,12,0.010313489226998877,0.026821879573845263,67,91,24,1,2,2,10,7,22,21,31
306,18,634,44,100,56,46,56,40,44,4,18,56,44,57,13,0.0005786446100956465,0.012662105585622384,35,76,41,2,3,3,6,2,44,56,19
307,0,616,1,100,99,0,40,1,38,37,0,40,1,52,51,0.0,0.015180911535450491,1,78,77,2,-1,3,5,0,63,85,16
308,1,1641,26,100,74,11,150,26,67,41,1,150,26,82,56,6.807583648184077e-05,0.04060723646141802,27,95,68,1,6,2,11,1,19,68,7
309,0,616,1,100,99,0,24,1,42,41,0,24,1,48,47,0.0,0.006909697402906838,1,62,61,2,-1,3,3,1,58,69,57
310,132,732,86,100,14,56,56,84,84,0,56,56,84,84,0,0.020082371762143027,0.05163552197147622,85,96,11,2,2,2,2,15,86,19,2
311,0,616,1,100,99,0,34,1,42,41,0,34,1,51,50,0.0,0.006399128629293032,1,59,58,2,-1,3,4,0,79,76,62
312,8,214,37,92,55,18,18,35,35,0,8,18,37,47,10,0.0015657442390823377,0.0020763130126961434,43,45,2,3,4,4,3,2,87,83,56
313,0,102,1,84,83,0,4,1,29,28,0,2,1,27,26,0.0,0.002110350930937064,1,44,43,4,-1,5,2,0,93,81,90
314,0,616,1,99,98,0,46,1,33,32,0,23,1,44,43,0.0,0.0026209197045508697,1,47,46,2,-1,3,12,0,14,36,64
315,77,693,71,100,29,38,38,46,46,0,38,38,51,51,0,0.008986010415602982,0.02542632492596753,66,90,24,2,3,3,3,8,96,44,23
316,8,624,37,100,63,18,28,38,45,7,8,28,37,50,13,0.0022465026039007454,0.007692569522448007,44,63,19,2,4,3,3,2,85,83,74
317,0,616,1,100,99,0,41,1,33,32,0,16,1,33,32,0.0,0.002484768031587188,1,48,47,2,-1,3,10,0,11,40,46
318,100,100,66,66,0,100,100,66,66,0,100,100,69,69,0,0.03672691378195309,0.03672691378195309,92,92,0,-1,1,1,7,14,62,32,81
319,0,206,1,92,91,0,14,1,31,30,0,14,1,38,37,0.0,0.002110350930937064,1,45,44,3,-1,4,3,0,82,99,70
320,264,880,92,100,8,248,248,90,90,0,248,248,92,92,0,0.019980258007420267,0.03277851526600633,81,92,11,2,2,2,11,18,38,5,12
321,0,206,1,92,91,0,15,1,28,27,0,8,1,33,32,0.0,0.0009530617107457708,1,38,37,3,-1,4,6,1,59,45,51
322,0,102,1,74,73,0,9,1,28,27,0,3,1,29,28,0.0,0.0002042275094455223,1,31,30,4,-1,5,6,1,74,45,63
323,210,826,90,100,10,152,152,82,82,0,152,152,86,86,0,0.02042275094455223,0.026039007454304094,82,87,5,2,2,2,8,17,10,6,38
324,24,24,48,48,0,38,38,47,47,0,24,24,48,48,0,0.0027911092957554717,0.0027911092957554717,49,49,0,-1,3,3,3,3,75,54,59
325,6,212,30,92,62,21,33,31,33,2,6,21,30,40,10,0.00013615167296368154,0.002484768031587188,31,48,17,3,4,4,9,1,35,4,41
326,288,288,97,97,0,288,288,97,97,0,288,288,97,97,0,0.021648116001225366,0.021648116001225366,84,84,0,-1,2,2,12,18,14,5,50
327,129,745,83,100,17,70,70,54,54,0,70,70,60,60,0,0.014602266925354846,0.03533135913407536,79,90,11,2,3,3,5,15,61,19,7
328,0,1640,1,100,99,0,120,1,63,62,0,120,1,79,78,0.0,0.026209197045508698,1,90,89,1,-1,2,11,0,19,82,30
329,320,422,97,98,1,340,340,97,97,0,320,322,97,97,0,0.025392287007726607,0.025392287007726607,87,87,0,4,2,2,15,16,7,18,55
330,198,404,90,98,8,128,128,93,93,0,128,128,93,93,0,0.021852343510670887,0.028421661731168522,84,87,3,3,2,2,5,18,80,5,27
331,1,617,26,100,74,6,76,26,53,27,1,76,26,60,34,0.0,0.028966268423023248,1,89,88,2,6,3,6,1,44,68,3
332,0,0,1,1,0,0,0,1,1,0,0,0,1,1,0,0.0,0.0,1,1,0,-1,-1,-1,3,0,58,36,79
333,139,755,85,100,15,96,96,61,61,0,96,96,69,69,0,0.014602266925354846,0.01872085503250621,79,83,4,2,3,3,6,15,48,19,47
334,94,195,77,93,16,72,72,77,77,0,72,72,79,79,0,0.00966676878042139,0.00966676878042139,70,70,0,5,2,2,3,5,96,47,65
335,100,100,61,61,0,100,100,43,43,0,100,100,61,61,0,0.03015759556145546,0.0317233398005378,90,90,0,2,1,1,12,12,2,37,74
336,118,118,85,85,0,72,72,84,84,0,72,72,84,84,0,0.017869907076483203,0.017869907076483203,82,82,0,-1,2,2,3,9,85,39,98
337,6,6,33,33,0,16,16,33,33,0,6,6,33,33,0,0.00017018959120460194,0.00017018959120460194,30,30,0,-1,4,4,4,1,73,4,98
338,0,0,1,1,0,0,0,1,1,0,0,0,1,1,0,0.0,0.0,1,1,0,-1,-1,-1,4,0,73,66,84
339,0,1640,1,100,99,0,96,1,54,53,0,96,1,60,59,0.0,0.029442799278396135,1,92,91,1,-1,2,7,0,24,97,12
340,54,670,56,100,44,70,70,67,67,0,54,70,55,70,15,0.007386228258279724,0.03281255318424725,63,91,28,2,3,3,5,7,70,62,1
341,18,634,48,100,52,38,48,55,65,10,18,48,47,66,19,0.0017359338302869397,0.023315973995030465,41,88,47,2,3,3,3,2,76,61,10
342,22,22,39,39,0,164,164,70,70,0,22,22,39,39,0,0.001940161339732462,0.001940161339732462,41,41,0,-1,3,3,14,2,17,61,84
343,22,228,45,91,46,98,98,53,53,0,22,31,45,50,5,0.004356853534837809,0.005480104836788182,54,59,5,3,3,3,8,3,57,29,54
344,0,206,1,92,91,0,20,1,31,30,0,16,1,38,37,0.0,0.004322815616596889,1,50,49,3,-1,4,6,0,69,93,62
345,32,648,45,100,55,124,124,66,66,0,32,124,45,80,35,0.004356853534837809,0.02307770856734402,51,83,32,2,3,3,9,3,54,29,1
346,0,616,1,100,99,0,34,1,33,32,0,20,1,42,41,0.0,0.0018040096667687805,1,42,41,2,-1,3,8,0,15,82,43
347,42,1682,53,100,47,110,154,59,71,12,40,154,51,85,34,0.003914360597705844,0.02757071377514551,51,89,38,1,3,2,10,6,36,41,12
348,100,100,59,59,0,100,100,40,40,0,100,100,59,59,0,0.03478675244222063,0.03478675244222063,93,93,0,-1,1,1,15,15,7,16,66
349,53,669,54,100,46,70,70,56,56,0,70,70,63,63,0,0.005037611899656217,0.031314884781646755,53,92,39,2,3,3,5,6,37,35,3
350,121,327,76,96,20,148,148,71,71,0,121,148,76,85,9,0.009734844616903231,0.011062323428299126,68,70,2,3,2,2,9,8,28,44,43
351,170,786,87,100,13,86,86,57,57,0,86,86,66,66,0,0.018788930868988054,0.04101569148030906,81,95,14,2,3,3,6,17,65,6,1
352,370,370,100,100,0,96,96,90,90,0,96,96,90,90,0,0.045644848361074235,0.045644848361074235,96,96,0,-1,2,2,3,40,82,3,69
353,151,357,92,100,8,56,56,84,84,0,56,56,84,84,0,0.028523775485891283,0.04135607066271827,92,96,4,3,2,2,2,15,86,16,12
354,40,246,47,89,42,62,66,38,42,4,40,46,47,49,2,0.0025188059498281084,0.004152626025392287,45,48,3,3,2,2,8,1,27,60,53
355,0,206,1,93,92,0,20,1,36,35,0,6,1,32,31,0.0,0.00353994349705572,1,51,50,3,-1,4,4,0,72,86,90
356,40,40,47,47,0,62,62,43,43,0,40,40,47,47,0,0.0026549576227917903,0.0026549576227917903,41,41,0,-1,2,2,6,1,51,4,96
357,100,100,61,61,0,100,100,43,43,0,100,100,61,61,0,0.024575376969944517,0.024575376969944517,86,86,0,-1,1,1,12,9,2,27,92
358,29,131,51,88,37,28,28,43,43,0,28,28,50,50,0,0.004016474352428605,0.004833384390210695,53,54,1,4,3,3,3,6,66,73,64
359,58,674,52,100,48,116,126,59,62,3,58,126,52,79,27,0.003642057251778481,0.013002484768031588,50,72,22,2,3,3,11,6,33,35,19
360,44,250,56,93,37,96,96,60,60,0,44,50,56,57,1,0.006773545729943157,0.007182000748834201,61,61,0,3,3,3,6,7,44,62,42
361,0,616,1,100,99,0,56,1,45,44,0,56,1,57,56,0.0,0.020695054290479593,1,83,82,2,-1,3,6,0,74,96,0
362,174,790,87,100,13,262,262,84,84,0,174,218,87,90,3,0.017393376221110316,0.02205657102011641,77,83,6,2,2,2,14,12,8,37,26
363,120,120,79,79,0,174,174,76,76,0,120,120,79,79,0,0.007284114503556962,0.007284114503556962,62,62,0,-1,2,2,10,6,22,13,92
364,212,418,94,100,6,136,136,99,99,0,136,136,99,99,0,0.03192756730998332,0.03359542530378842,91,92,1,3,2,2,4,18,78,30,46
365,264,364,95,98,3,222,222,91,91,0,222,222,92,92,0,0.020014295925661188,0.020082371762143027,83,83,0,4,2,2,10,18,1,5,4
366,472,1072,98,100,2,448,448,99,99,0,448,448,99,99,0,0.03369753905851118,0.03553558664352088,92,94,2,2,2,2,16,22,4,9,43
367,0,0,1,1,0,0,0,1,1,0,0,0,1,1,0,0.0,0.0,1,1,0,-1,-1,-1,4,0,53,40,98
368,0,101,1,82,81,0,3,1,24,23,0,1,1,24,23,0.0,0.0,1,1,0,6,-1,7,3,0,85,80,58
369,224,326,88,95,7,252,252,94,94,0,224,226,89,90,1,0.016304162837400864,0.016508390346846386,75,75,0,4,2,2,11,8,5,8,88
370,16,16,34,34,0,41,41,34,34,0,16,16,34,34,0,0.000442492937131965,0.000442492937131965,34,34,0,-1,3,3,10,1,11,88,82
371,102,718,76,100,24,128,128,67,67,0,102,128,76,78,2,0.012083460975526737,0.019810068416215663,72,82,10,2,3,3,8,8,15,17,24
372,0,616,1,100,99,0,42,1,39,38,0,32,1,47,46,0.0,0.004220701861874128,1,50,49,2,-1,3,6,0,48,87,28
373,100,100,59,59,0,100,100,45,45,0,100,100,59,59,0,0.06317437625514824,0.06317437625514824,99,99,0,4,1,1,10,40,0,3,95
374,0,206,1,89,88,0,44,1,35,34,0,36,1,52,51,0.0,0.004118588107151367,1,52,51,3,-1,4,8,0,57,81,13
375,22,228,44,93,49,42,46,41,42,1,22,46,44,53,9,0.0007147962830593281,0.008951972497362062,37,67,30,3,3,3,6,2,69,63,25
376,218,1858,91,100,9,156,190,84,93,9,156,190,88,93,5,0.021818305592429966,0.03652268627250757,85,96,11,1,2,2,8,16,10,18,90
377,76,178,67,91,24,70,70,62,62,0,70,70,69,69,0,0.006603356138738555,0.008101024541339052,57,64,7,4,3,3,5,6,45,13,75
378,40,40,50,50,0,144,144,72,72,0,40,40,50,50,0,0.004663194799006093,0.004663194799006093,54,54,0,-1,2,2,10,3,22,46,59
379,419,419,100,100,0,136,136,98,98,0,136,136,98,98,0,0.052248204499812795,0.052248204499812795,97,97,0,-1,2,2,4,36,47,2,97
380,0,616,1,100,99,0,34,1,45,44,0,34,1,51,50,0.0,0.0212056230640934,1,85,84,2,-1,3,4,0,73,99,1
381,0,616,1,100,99,0,32,1,34,33,0,20,1,40,39,0.0,0.00353994349705572,1,48,47,2,-1,3,5,0,50,67,70
382,0,0,1,1,0,0,0,1,1,0,0,0,1,1,0,0.0,0.0,1,1,0,-1,-1,-1,13,0,13,89,84
383,0,616,1,99,98,0,96,1,42,41,0,88,1,57,56,0.0,0.01065386840940808,1,72,71,2,-1,3,11,0,5,96,33
384,40,40,51,51,0,74,74,64,64,0,40,40,51,51,0,0.005037611899656217,0.005037611899656217,53,53,0,-1,2,2,5,3,88,46,92
385,40,246,52,96,44,62,62,82,82,0,40,62,72,83,11,0.007318152421797883,0.012934408931549747,62,75,13,3,2,2,3,3,60,46,24
386,0,101,1,81,80,0,4,1,25,24,0,1,1,25,24,0.0,6.807583648184077e-05,1,28,27,5,-1,6,4,0,72,93,78
387,12,218,43,94,51,12,12,40,40,0,12,12,42,42,0,0.002212464685659825,0.008101024541339052,47,68,21,3,4,4,2,2,90,83,24
388,36,242,55,96,41,22,22,48,48,0,22,22,51,51,0,0.0045270431260424114,0.007828721195411689,54,63,9,3,3,3,2,6,95,28,47
389,16,118,44,82,38,38,38,49,49,0,16,19,43,50,7,0.0030974505599237552,0.003608019333537561,51,53,2,4,3,3,3,3,87,46,51
390,121,121,84,84,0,48,48,62,62,0,48,48,64,64,0,0.01844855168657885,0.01844855168657885,85,85,0,-1,3,3,3,12,64,37,36
391,0,206,1,92,91,0,14,1,31,30,0,14,1,37,36,0.0,0.0030293747234419145,1,50,49,3,-1,4,3,0,82,40,22
392,0,616,1,100,99,0,36,1,39,38,0,36,1,50,49,0.0,0.007352190340038803,1,64,63,2,-1,3,5,0,37,84,21
393,20,226,44,95,51,38,38,46,46,0,20,38,45,50,5,0.0018380475850097008,0.007216038667075122,42,61,19,3,3,3,3,3,96,43,24
394,150,766,90,100,10,72,72,84,84,0,72,72,84,84,0,0.021750229755948126,0.03209775690118792,86,90,4,2,2,2,3,18,85,5,8
395,60,676,59,100,41,90,100,65,68,3,60,100,60,70,10,0.006603356138738555,0.016712617856291908,60,79,19,2,2,2,6,6,34,73,33
396,44,146,54,89,35,48,48,72,72,0,48,48,74,74,0,0.006637394056979475,0.007556417849484326,57,63,6,4,3,3,3,4,60,38,74
397,524,2124,99,100,1,264,264,99,99,0,264,264,99,99,0,0.05289492494639028,0.07566629224956602,98,100,2,1,2,2,9,36,31,2,1
398,56,157,55,86,31,94,94,70,70,0,56,57,54,56,2,0.006331052792811192,0.006399128629293032,59,59,0,5,2,2,5,3,37,29,4
399,0,616,1,100,99,0,62,1,42,41,0,62,1,57,56,0.0,0.012866333095067906,1,73,72,2,-1,3,7,0,24,59,5
400,0,206,1,96,95,0,12,1,38,37,0,12,1,44,43,0.0,0.007420266176520644,1,64,63,3,-1,4,2,0,93,79,27
401,6,212,30,94,64,12,20,30,35,5,6,20,30,41,11,0.00013615167296368154,0.009020048333843901,30,67,37,3,4,4,4,1,53,65,14
402,0,616,1,100,99,0,24,1,42,41,0,24,1,50,49,0.0,0.005548180673270023,1,56,55,2,-1,3,3,0,55,92,26
403,170,170,88,88,0,150,150,85,85,0,150,150,89,89,0,0.017155110793423873,0.017155110793423873,82,82,0,-1,2,2,7,13,46,33,80
404,190,806,91,100,9,150,150,85,85,0,150,150,89,89,0,0.01501072194424589,0.020661016372238675,78,86,8,2,2,2,7,14,46,14,35
405,0,616,1,100,99,0,52,1,47,46,0,52,1,54,53,0.0,0.012491915994417782,1,73,72,2,-1,3,6,0,65,96,37
406,0,0,1,1,0,0,0,1,1,0,0,0,1,1,0,0.0,0.0,1,1,0,-1,-1,-1,10,0,1,86,99
407,100,100,59,59,0,100,100,40,40,0,100,100,59,59,0,0.02481364239763096,0.029919330133769018,86,91,5,2,1,1,15,13,7,33,28
408,64,264,60,97,37,22,22,42,42,0,22,22,46,46,0,0.010143299635794275,0.01664454201981007,69,82,13,3,3,3,2,9,68,27,8
409,71,71,56,56,0,180,180,70,70,0,71,71,56,56,0,0.005650294427992784,0.005650294427992784,55,55,0,-1,3,3,15,6,7,35,91
410,72,278,68,98,30,38,38,57,57,0,38,38,59,59,0,0.009598692943939549,0.019673916743251984,69,87,18,3,3,3,3,6,55,77,39
411,80,286,72,95,23,48,48,66,66,0,48,48,67,67,0,0.009292351679771264,0.012015385139044895,69,74,5,3,3,3,3,9,76,31,47
412,0,1640,1,100,99,0,214,1,73,72,0,214,1,89,88,0.0,0.046019265461724364,1,98,97,1,-1,2,15,0,7,99,3
413,100,100,70,70,0,100,100,73,73,0,100,100,74,74,0,0.04309200449300521,0.04309200449300521,97,97,0,-1,1,1,6,17,71,6,59
414,6,6,32,32,0,14,14,32,32,0,6,6,32,32,0,3.4037918240920386e-05,3.4037918240920386e-05,27,27,0,-1,4,4,3,1,87,95,91
415,6,622,28,100,72,35,128,30,59,29,6,127,28,79,51,0.00013615167296368154,0.015214949453691413,28,77,49,2,4,3,16,1,9,65,12
416,0,616,1,100,99,0,70,1,35,34,0,32,1,46,45,0.0,0.004220701861874128,1,51,50,2,-1,3,13,1,13,45,75
417,110,316,75,95,20,164,164,74,74,0,110,120,75,78,3,0.010313489226998877,0.011334626774226489,67,67,0,3,2,2,10,7,22,21,43
418,0,1640,1,100,99,0,62,1,48,47,0,60,1,59,58,0.0,0.021069471391129718,1,84,83,1,-1,2,6,0,34,76,26
419,66,272,55,95,40,194,194,72,72,0,64,70,54,55,1,0.005650294427992784,0.00622893903808843,55,57,2,3,2,2,15,6,7,41,42
420,216,1856,95,100,5,128,152,95,97,2,128,152,95,97,2,0.023996732359848873,0.05905578814799687,87,98,11,1,2,2,5,18,45,5,10
421,12,628,36,100,64,14,28,32,42,10,12,28,36,48,12,0.0012934408931549745,0.022396950202525613,41,88,47,2,4,3,3,3,96,51,11
422,0,206,1,92,91,0,18,1,35,34,0,18,1,44,43,0.0,0.007011811157629599,1,61,60,3,-1,4,3,0,82,96,8
423,0,0,1,1,0,0,0,1,1,0,0,0,1,1,0,0.0,0.0,1,1,0,-1,-1,-1,6,0,65,89,50
424,16,632,34,100,66,34,68,34,40,6,16,50,34,50,16,0.00017018959120460194,0.005616256509751864,31,57,26,2,3,3,8,1,42,4,38
425,118,718,79,100,21,104,104,80,80,0,104,104,81,81,0,0.013581129378127233,0.025970931617822254,76,90,14,2,2,2,5,9,63,27,39
426,118,734,81,100,19,88,88,80,80,0,88,88,80,80,0,0.01763164164879676,0.02917049593246877,81,88,7,2,2,2,4,9,84,39,8
427,67,273,58,94,36,88,88,49,49,0,67,75,58,60,2,0.005377991082065421,0.006637394056979475,57,60,3,3,3,3,8,6,30,35,51
428,118,324,85,99,14,72,72,84,84,0,72,72,84,84,0,0.017869907076483203,0.020831205963443275,82,85,3,3,2,2,3,9,85,39,90
429,50,1690,54,100,46,74,108,42,62,20,44,108,51,80,29,0.003369753905851118,0.021511964328261683,47,85,38,1,3,2,9,6,31,41,27
430,102,102,78,78,0,64,64,63,63,0,64,64,64,64,0,0.015623404472582456,0.015623404472582456,80,80,0,-1,3,3,4,12,79,37,93
431,100,100,59,59,0,100,100,45,45,0,100,100,59,59,0,0.05262262160046292,0.05299703870111304,98,98,0,3,1,1,10,30,0,7,49
432,100,100,62,62,0,100,100,45,45,0,100,100,62,62,0,0.04152626025392287,0.04152626025392287,94,94,0,-1,1,1,12,22,3,9,79
433,160,366,93,100,7,32,32,63,63,0,32,32,64,64,0,0.0283876238129276,0.029817216379046257,90,93,3,3,3,3,2,27,86,10,94
434,18,119,41,80,39,42,42,40,40,0,18,19,41,42,1,0.0006126825283365669,0.0007828721195411688,35,37,2,5,3,3,6,2,48,63,60
435,52,154,65,93,28,22,22,54,54,0,22,22,54,54,0,0.005820484019197386,0.006092787365124749,60,60,0,4,3,3,2,6,99,13,56
436,16,632,32,100,68,58,130,34,62,28,16,122,32,82,50,0.0004084550188910446,0.013955546478777357,33,74,41,2,3,3,14,1,17,88,30
437,44,44,59,59,0,48,48,59,59,0,48,48,63,63,0,0.005990673610401988,0.005990673610401988,57,57,0,-1,3,3,3,7,75,62,87
438,196,812,89,100,11,172,172,88,88,0,172,172,90,90,0,0.019469689233806462,0.028013206712277475,80,88,8,2,2,2,9,18,35,30,39
439,100,100,67,67,0,100,100,54,54,0,100,100,67,67,0,0.05245243200925832,0.06286803499097995,98,99,1,2,1,1,9,27,35,10,33
440,2,208,28,95,67,3,12,28,36,8,2,12,28,40,12,6.807583648184077e-05,0.004595118962524252,28,53,25,3,5,4,2,1,89,95,25
441,0,102,1,70,69,0,10,1,25,24,0,2,1,25,24,0.0,6.807583648184077e-05,1,28,27,4,-1,5,9,0,28,93,60
442,2,2,28,28,0,8,8,28,28,0,2,2,28,28,0,0.0,0.0,1,1,0,-1,5,5,7,2,46,58,50
443,2,618,25,100,75,6,50,25,45,20,2,50,25,52,27,0.0,0.020797168045202357,1,85,84,2,5,3,5,2,50,58,7
444,52,258,58,97,39,48,48,67,67,0,48,48,70,70,0,0.008986010415602982,0.022430988120766535,66,88,22,3,3,3,3,5,96,25,15
445,0,102,1,74,73,0,8,1,29,28,0,2,1,26,25,0.0,0.0006126825283365669,1,36,35,4,-1,5,4,0,83,96,42
446,62,678,53,100,47,132,146,63,66,3,62,104,53,74,21,0.0018380475850097008,0.006637394056979475,42,58,16,2,2,2,12,4,3,64,26
447,197,813,91,100,9,88,88,80,80,0,88,88,81,81,0,0.02631131080023146,0.049389019367575476,88,96,8,2,2,2,4,19,77,15,0
448,110,316,82,100,18,72,72,85,85,0,72,72,85,85,0,0.01504475986248681,0.016236087000919025,77,77,0,3,2,2,3,6,94,77,43
449,18,18,40,40,0,88,88,49,49,0,18,18,40,40,0,0.00176997174852786,0.00176997174852786,40,40,0,-1,3,3,8,2,27,61,50
450,0,616,1,100,99,0,30,1,32,31,0,16,1,34,33,0.0,0.0014295925661186562,1,41,40,2,-1,3,10,0,22,99,42
451,66,66,60,60,0,130,130,66,66,0,66,66,61,61,0,0.008271214132543654,0.008271214132543654,65,65,0,-1,3,3,10,6,12,34,69
452,217,817,97,100,3,32,32,63,63,0,32,32,64,64,0,0.03100854351747847,0.0402328193607679,94,96,2,2,3,3,2,30,86,7,44
453,28,129,50,79,29,34,34,43,43,0,28,29,50,50,0,0.001157289220191293,0.0013615167296368155,42,42,0,5,3,3,4,3,83,43,55
454,28,1668,47,100,53,46,90,43,62,19,28,90,47,68,21,0.0026889955410327104,0.024439225296980838,48,86,38,1,3,2,6,6,65,70,41
455,8,624,36,100,64,14,28,34,44,10,8,28,36,48,12,0.0007828721195411688,0.019265461724360937,37,85,48,2,4,3,3,2,60,63,9
456,0,0,1,1,0,0,0,1,1,0,0,0,1,1,0,0.0,0.0,1,1,0,-1,-1,-1,17,1,20,45,50
457,54,670,57,100,43,76,86,57,61,4,54,86,57,64,7,0.007692569522448007,0.02913645801422785,64,88,24,2,3,3,6,4,74,38,10
458,0,0,1,1,0,0,0,1,1,0,0,0,1,1,0,0.0,0.0,1,1,0,-1,-1,-1,2,0,99,40,36
459,96,302,65,95,30,134,134,77,77,0,96,104,65,77,12,0.009496579189216788,0.010007147962830594,70,70,0,3,3,3,9,7,35,21,63
460,151,767,87,100,13,78,78,77,77,0,78,78,79,79,0,0.020831205963443275,0.02740052418394091,82,89,7,2,2,2,4,16,78,12,22
461,96,96,78,78,0,32,32,69,69,0,32,32,69,69,0,0.016542428265087308,0.016542428265087308,80,80,0,-1,3,3,2,15,93,19,81
462,1,207,26,92,66,4,16,26,32,6,1,9,26,39,13,3.4037918240920386e-05,0.0014636304843595766,26,43,17,3,6,4,4,2,47,58,52
463,94,300,73,97,24,64,64,65,65,0,64,64,67,67,0,0.015214949453691413,0.01589570781850982,79,79,0,3,3,3,4,9,47,39,63
464,54,54,60,60,0,98,98,53,53,0,54,54,60,60,0,0.007216038667075122,0.007216038667075122,61,61,0,-1,3,3,8,4,57,72,67
465,0,616,1,100,99,0,28,1,44,43,0,28,1,48,47,0.0,0.025970931617822254,1,88,87,2,-1,3,3,1,60,45,11
466,0,101,1,84,83,0,2,1,24,23,0,1,1,24,23,0.0,6.807583648184077e-05,1,27,26,5,-1,6,2,0,93,36,55
467,0,0,1,1,0,0,0,1,1,0,0,0,1,1,0,0.0,0.0,1,1,0,-1,-1,-1,3,0,92,66,86
468,206,308,94,97,3,152,152,98,98,0,152,152,98,98,0,0.02818339630348208,0.029340685523673374,90,90,0,4,2,2,5,20,45,23,75
469,100,100,63,63,0,100,100,47,47,0,100,100,63,63,0,0.04516831750570135,0.04629156880765172,95,95,0,3,1,1,10,20,36,23,75
470,14,116,41,80,39,24,24,38,38,0,14,15,41,41,0,0.003608019333537561,0.004322815616596889,51,53,2,4,4,4,4,6,79,73,71
471,0,0,1,1,0,0,0,1,1,0,0,0,1,1,0,0.0,0.0,1,1,0,-1,-1,-1,5,0,61,82,89
472,22,638,41,100,59,78,92,37,41,4,22,70,41,56,15,0.0019061234214915416,0.007862759113652609,43,61,18,2,3,3,12,2,14,83,48
473,94,300,67,96,29,158,158,83,83,0,94,100,68,68,0,0.012117498893767658,0.013887470642295518,71,73,2,3,2,2,9,5,26,25,53
474,0,206,1,88,87,0,26,1,29,28,0,8,1,32,31,0.0,0.0004084550188910446,1,34,33,3,-1,4,11,0,33,96,63
475,16,1656,32,100,68,124,198,60,73,13,16,198,32,86,54,0.0024166921951053475,0.03461656285101603,46,94,48,1,3,2,14,2,17,94,3
476,6,6,29,29,0,19,19,29,29,0,6,6,29,29,0,0.00010211375472276115,0.00010211375472276115,30,30,0,-1,4,4,8,1,42,60,89
477,0,0,1,1,0,0,0,1,1,0,0,0,1,1,0,0.0,0.0,1,1,0,-1,-1,-1,16,0,9,36,89
478,16,632,36,100,64,76,76,54,54,0,16,38,36,46,10,0.0033016780693692774,0.00616086320160659,47,56,9,2,3,3,6,2,56,94,74
479,46,252,61,99,38,46,46,83,83,0,46,46,83,83,0,0.02130773681881616,0.024881718234112803,86,89,3,3,2,2,2,3,99,51,57
480,0,616,1,100,99,0,24,1,36,35,0,18,1,47,46,0.0,0.003812246842983083,1,51,50,2,-1,3,5,0,70,81,75
481,60,660,61,100,39,54,54,55,55,0,54,54,60,60,0,0.006297014874570271,0.024303073624017155,58,87,29,2,3,3,4,6,73,28,9
482,0,102,1,72,71,0,12,1,26,25,0,2,1,25,24,0.0,0.0002042275094455223,1,30,29,4,-1,5,10,0,11,59,60
483,6,622,31,99,68,66,76,37,40,3,6,35,31,49,18,0.001055175465468532,0.003710133088260322,39,50,11,2,4,3,11,1,19,71,22
484,24,230,50,98,48,32,32,64,64,0,32,32,64,64,0,0.002723033459273631,0.007147962830593281,47,64,17,3,3,3,2,3,89,54,38
485,100,100,63,63,0,100,100,39,39,0,100,100,63,63,0,0.04772116137377038,0.056298716770482315,98,100,2,1,1,1,14,29,17,11,44
486,32,32,52,52,0,44,44,50,50,0,32,32,52,52,0,0.002110350930937064,0.002110350930937064,46,46,0,-1,3,3,4,2,84,52,50
487,18,224,48,93,45,38,38,55,55,0,18,38,47,57,10,0.0017359338302869397,0.006909697402906838,41,63,22,3,3,3,3,2,76,61,72
488,0,206,1,94,93,0,14,1,32,31,0,14,1,40,39,0.0,0.005480104836788182,1,57,56,3,-1,4,3,1,66,69,21
489,0,616,1,100,99,0,52,1,44,43,0,52,1,57,56,0.0,0.010483678818203479,1,74,73,2,-1,3,6,0,48,92,8
490,0,0,1,1,0,0,0,1,1,0,0,0,1,1,0,0.0,0.0,1,1,0,-1,-1,-1,7,0,43,40,92
491,220,426,90,98,8,270,270,87,87,0,220,226,90,90,0,0.012219612648490419,0.012559991830899623,70,70,0,3,2,2,14,9,17,31,60
492,12,113,41,81,40,18,18,35,35,0,12,13,41,41,0,0.002280540522141666,0.002382654276864427,48,49,1,5,4,4,3,2,87,75,55
493,0,206,1,92,91,0,10,1,31,30,0,10,1,40,39,0.0,0.0024507301133462676,1,46,45,3,-1,4,3,1,85,50,41
494,6,1646,29,100,71,34,84,30,37,7,6,47,29,51,22,0.00013615167296368154,0.008169100377820893,28,63,35,1,4,2,13,1,13,65,56
495,40,656,53,100,47,48,62,67,76,9,40,56,67,78,11,0.0061949011198475104,0.009598692943939549,57,69,12,2,2,2,3,1,96,88,53
496,22,1662,43,100,57,42,90,40,57,17,22,90,43,67,24,0.0020422750944552232,0.03778208924742163,43,93,50,1,3,2,6,3,48,51,0
497,0,616,1,100,99,0,80,1,39,38,0,52,1,52,51,0.0,0.006841621566424997,1,61,60,2,-1,3,10,0,12,96,21
498,304,504,96,100,4,152,152,100,100,0,152,152,100,100,0,0.037373634228530586,0.037850165083903466,94,94,0,3,2,2,5,22,49,9,52
499,0,616,1,100,99,0,28,1,44,43,0,28,1,51,50,0.0,0.01657646618332823,1,79,78,2,-1,3,3,0,94,92,30
500,14,115,41,84,43,18,18,36,36,0,14,18,41,44,3,0.0010211375472276116,0.0010892133837094523,40,40,0,5,4,4,3,4,75,64,65
501,2,104,28,81,53,5,8,28,29,1,2,4,28,32,4,0.0,0.0016338200755641784,1,44,43,4,5,5,4,1,72,95,46
502,45,251,62,97,35,48,48,68,68,0,48,48,69,69,0,0.009258313761530345,0.012662105585622384,69,75,6,3,3,3,3,5,81,25,13
503,70,276,67,93,26,84,84,75,75,0,70,84,71,75,4,0.007998910786616291,0.011402702610708328,65,72,7,3,2,2,5,6,70,28,13
504,8,214,35,91,56,36,36,35,35,0,8,14,35,35,0,0.00037441710065012424,0.0013615167296368155,34,40,6,3,4,4,8,2,30,63,61
505,86,292,66,95,29,96,96,61,61,0,86,96,65,68,3,0.009360427516253106,0.013649205214609075,67,76,9,3,3,3,6,6,48,34,38
506,91,192,82,97,15,32,32,67,67,0,32,32,68,68,0,0.01851662752306069,0.01855066544130161,83,83,0,6,3,3,2,16,97,18,68
507,0,616,1,100,99,0,54,1,38,37,0,40,1,54,53,0.0,0.0057524081827155455,1,56,55,2,-1,3,8,0,21,87,48
508,166,372,84,96,12,136,136,77,77,0,136,136,83,83,0,0.01592974573675074,0.01834643793185609,77,82,5,3,2,2,7,13,24,33,41
509,0,616,1,100,99,0,50,1,44,43,0,50,1,57,56,0.0,0.010279451308757957,1,68,67,2,-1,3,5,0,63,87,33
510,1,617,25,100,75,6,46,25,40,15,1,46,25,50,25,6.807583648184077e-05,0.021580040164743523,27,85,58,2,6,3,6,2,59,58,10
511,0,616,1,100,99,0,28,1,44,43,0,28,1,48,47,0.0,0.019061234214915415,1,84,83,2,-1,3,3,0,60,76,16
512,160,776,86,100,14,104,104,73,73,0,104,104,79,79,0,0.01776779332176044,0.028047244630518397,82,90,8,2,2,2,5,12,52,37,33
513,48,254,64,99,35,46,46,84,84,0,46,46,84,84,0,0.013955546478777357,0.024473263215221756,74,87,13,3,2,2,2,4,93,64,19
514,124,740,80,100,20,178,198,81,84,3,124,198,80,87,7,0.011913271384322134,0.02740052418394091,69,91,22,2,2,2,10,6,22,34,30
515,24,230,47,95,48,50,50,45,45,0,24,32,47,48,1,0.002212464685659825,0.003914360597705844,47,51,4,3,3,3,5,3,45,54,52
516,420,626,99,100,1,288,288,99,99,0,288,288,99,99,0,0.035025017869907075,0.03686306545491678,93,93,0,3,2,2,9,29,28,0,41
517,202,202,92,92,0,136,136,98,98,0,136,136,98,98,0,0.0283876238129276,0.0283876238129276,89,89,0,-1,2,2,4,18,47,30,93
518,100,100,64,64,0,100,100,45,45,0,100,100,64,64,0,0.04401102828551006,0.04935498144933456,96,96,0,2,1,1,10,15,18,16,26
519,8,8,38,38,0,8,8,33,33,0,8,8,38,38,0,0.001055175465468532,0.001055175465468532,41,41,0,-1,4,4,2,3,90,51,89
520,78,284,57,96,39,126,126,77,77,0,78,126,58,83,25,0.009326389598012186,0.018380475850097007,66,84,18,3,2,2,7,7,46,62,32
521,70,172,57,89,32,130,130,65,65,0,70,73,57,57,0,0.005718370264474625,0.006058749446883829,56,56,0,4,3,3,10,5,36,47,56
522,56,262,55,94,39,60,60,51,51,0,56,60,54,56,2,0.005786446100956465,0.006092787365124749,56,58,2,3,3,3,5,6,37,28,63
523,160,160,83,83,0,150,150,86,86,0,150,150,86,86,0,0.01851662752306069,0.01851662752306069,82,82,0,-1,2,2,7,12,43,37,96
524,2,208,26,91,65,10,50,26,35,9,2,30,26,45,19,3.4037918240920386e-05,0.006739507811702236,26,60,34,3,5,4,9,1,31,78,77
525,0,206,1,94,93,0,24,1,35,34,0,24,1,46,45,0.0,0.004799346471969774,1,53,52,3,-1,4,4,1,53,45,13
526,0,616,1,100,99,0,76,1,42,41,0,68,1,60,59,0.0,0.009564655025698629,1,67,66,2,-1,3,9,0,23,59,17
527,510,510,100,100,0,224,224,99,99,0,224,224,99,99,0,0.04881037475747983,0.04881037475747983,99,99,0,-1,2,2,8,36,27,2,82
528,0,616,1,100,99,0,44,1,43,42,0,44,1,49,48,0.0,0.015827631982027978,1,78,77,2,-1,3,4,0,67,76,37
529,58,58,59,59,0,38,38,57,57,0,38,38,59,59,0,0.008611593314952858,0.008611593314952858,65,65,0,-1,3,3,3,6,55,34,98
530,1,207,26,88,62,6,24,26,32,6,1,13,26,36,10,3.4037918240920386e-05,0.002280540522141666,28,45,17,3,6,4,6,1,41,78,29
531,78,694,56,100,44,206,206,76,76,0,78,100,56,60,4,0.008441403723748256,0.009836958371625992,66,69,3,2,2,2,12,7,6,62,52
532,0,0,1,1,0,0,0,1,1,0,0,0,1,1,0,0.0,0.0,1,1,0,-1,-1,-1,2,0,95,82,80
533,389,389,98,98,0,112,112,93,93,0,112,112,93,93,0,0.045134279587460434,0.045134279587460434,94,94,0,-1,2,2,4,40,79,3,86
534,0,206,1,92,91,0,9,1,30,29,0,8,1,36,35,0.0,0.0015317063208414173,1,42,41,3,-1,4,3,0,85,40,51
535,126,332,80,97,17,110,110,83,83,0,110,110,83,83,0,0.01504475986248681,0.017223186629905716,76,79,3,3,2,2,6,8,71,17,75
536,1,207,25,92,67,3,14,25,34,9,1,14,25,42,17,0.0,0.006841621566424997,1,61,60,3,6,4,3,2,76,58,27
537,0,206,1,90,89,0,24,1,29,28,0,21,1,37,36,0.0,0.005037611899656217,1,53,52,3,-1,4,6,0,51,59,25
538,100,100,67,67,0,100,100,70,70,0,100,100,71,71,0,0.02906838217774601,0.02906838217774601,87,87,0,-1,1,1,6,6,74,41,79
539,227,843,87,100,13,240,240,88,88,0,240,240,90,90,0,0.024064808196330712,0.026821879573845263,85,88,3,2,2,2,12,20,2,23,41
540,37,243,47,93,46,46,46,38,38,0,37,46,47,50,3,0.004220701861874128,0.01153885428367201,50,70,20,3,3,3,6,6,71,35,27
541,6,6,33,33,0,12,12,37,37,0,6,6,33,33,0,0.0007488342013002485,0.0007488342013002485,38,38,0,-1,4,4,2,2,89,42,79
542,0,206,1,90,89,0,52,1,34,33,0,26,1,45,44,0.0,0.00439089145307873,1,55,54,3,-1,4,10,0,1,80,26
543,18,1658,41,100,59,74,150,40,67,27,18,150,41,82,41,0.0006467204465774873,0.030225671397937304,37,90,53,1,3,2,11,2,19,56,7
544,0,1640,1,100,99,0,62,1,53,52,0,62,1,57,56,0.0,0.023690391095680587,1,86,85,1,-1,2,6,0,74,91,48
545,32,32,44,44,0,102,102,56,56,0,32,32,44,44,0,0.0025188059498281084,0.0025188059498281084,45,45,0,-1,3,3,12,2,2,52,84
546,338,338,96,96,0,240,240,96,96,0,240,240,96,96,0,0.024949794070594642,0.024949794070594642,84,84,0,-1,2,2,9,19,54,15,40
547,0,206,1,93,92,0,18,1,34,33,0,18,1,45,44,0.0,0.009462541270975866,1,65,64,3,-1,4,3,0,58,40,19
548,64,270,59,94,35,80,80,65,65,0,64,80,61,68,7,0.007420266176520644,0.008509479560230097,63,66,3,3,3,3,5,4,37,38,61
549,8,214,38,97,59,12,12,35,35,0,8,12,38,41,3,0.002723033459273631,0.0088498587426393,48,66,18,3,4,4,2,2,98,83,24
550,136,752,81,100,19,228,228,79,79,0,136,176,81,84,3,0.011981347220803976,0.01589570781850982,69,72,3,2,2,2,14,8,25,17,26
551,419,625,100,100,0,136,136,98,98,0,136,136,98,98,0,0.052248204499812795,0.05320126621055856,97,97,0,3,2,2,4,36,47,2,43
552,8,8,34,34,0,24,24,32,32,0,8,8,34,34,0,0.0004765308553728854,0.0004765308553728854,33,33,0,-1,4,4,6,2,59,63,45
553,100,100,61,61,0,100,100,43,43,0,100,100,61,61,0,0.020797168045202357,0.04244528404642772,79,97,18,2,1,1,12,7,2,62,0
554,0,616,1,100,99,0,32,1,68,67,0,32,1,68,67,0.0,0.02403077027808979,1,86,85,2,-1,3,2,0,93,66,30
555,0,102,1,84,83,0,4,1,29,28,0,2,1,27,26,0.0,0.0006126825283365669,1,37,36,4,-1,5,2,1,93,69,71
556,38,244,51,93,42,56,56,46,46,0,38,50,51,56,5,0.0030293747234419145,0.00527587732734266,49,56,7,3,3,3,6,6,74,70,75
557,80,181,73,93,20,48,48,67,67,0,48,48,70,70,0,0.007352190340038803,0.007352190340038803,61,61,0,5,3,3,3,6,96,28,95
558,449,655,98,100,2,224,224,96,96,0,224,224,96,96,0,0.03529732121583444,0.04152626025392287,92,95,3,3,2,2,8,29,15,1,44
559,2,208,28,92,64,5,18,28,37,9,2,18,28,46,18,0.00017018959120460194,0.004901460226692535,31,57,26,3,5,4,3,1,76,65,13
560,18,224,46,94,48,18,18,35,35,0,18,18,46,46,0,0.002212464685659825,0.005718370264474625,44,58,14,3,4,4,3,3,58,54,28
561,122,328,80,96,16,66,66,51,51,0,66,66,62,62,0,0.0123557643214541,0.014908608189523128,74,76,2,3,3,3,6,14,34,14,75
562,169,271,86,94,8,174,174,92,92,0,169,174,92,92,0,0.013036522686272508,0.013070560604513427,74,74,0,4,2,2,7,8,43,57,65
563,0,1640,1,100,99,0,58,1,79,78,0,58,1,80,79,0.0,0.04128799482623643,1,97,96,1,-1,2,3,0,94,79,34
564,0,101,1,84,83,0,2,1,24,23,0,1,1,24,23,0.0,3.4037918240920386e-05,1,28,27,5,-1,6,2,0,98,86,65
565,0,102,1,75,74,0,10,1,26,25,0,2,1,25,24,0.0,0.00010211375472276115,1,29,28,4,-1,5,8,0,15,84,65
566,84,1684,56,100,44,184,184,78,78,0,84,184,56,89,33,0.009190237925048503,0.045644848361074235,67,95,28,1,2,2,10,5,0,25,2
567,168,784,88,100,12,144,144,69,69,0,144,144,86,86,0,0.011402702610708328,0.018244324177133328,74,81,7,2,2,2,10,14,1,32,21
568,0,101,1,81,80,0,2,1,25,24,0,1,1,25,24,0.0,0.00010211375472276115,1,28,27,5,-1,6,2,0,95,66,4
569,115,216,86,97,11,56,56,82,82,0,56,56,82,82,0,0.023281936076789543,0.023281936076789543,87,87,0,6,2,2,2,12,89,37,58
570,16,222,39,91,52,78,78,47,47,0,16,34,39,52,13,0.002927260968719153,0.006058749446883829,50,59,9,3,3,3,8,3,57,46,26
571,22,22,46,46,0,28,28,43,43,0,22,22,46,46,0,0.002110350930937064,0.002110350930937064,46,46,0,-1,3,3,3,2,75,52,59
572,0,206,1,90,89,0,58,1,32,31,0,6,1,28,27,0.0,0.002280540522141666,1,43,42,3,-1,4,13,0,13,81,46
573,0,0,1,1,0,0,0,1,1,0,0,0,1,1,0,0.0,0.0,1,1,0,-1,-1,-1,6,0,34,36,80
574,0,102,1,77,76,0,10,1,29,28,0,6,1,30,29,0.0,0.0015317063208414173,1,43,42,4,-1,5,5,0,37,92,54
575,176,792,88,100,12,178,178,76,76,0,176,192,89,90,1,0.012968446849790666,0.01575955614554614,76,79,3,2,2,2,10,8,0,8,94
576,100,202,67,92,25,94,94,71,71,0,94,94,72,72,0,0.007998910786616291,0.008135062459579971,65,66,1,4,2,2,5,6,63,13,4
577,0,0,1,1,0,0,0,1,1,0,0,0,1,1,0,0.0,0.0,1,1,0,-1,-1,-1,12,0,3,76,40
578,6,107,33,82,49,24,24,38,38,0,6,6,33,33,0,0.0011232513019503727,0.0011913271384322134,41,41,0,5,4,4,4,1,72,71,65
579,0,0,1,1,0,0,0,1,1,0,0,0,1,1,0,0.0,0.0,1,1,0,-1,-1,-1,12,0,2,92,93
580,172,772,90,100,10,88,88,84,84,0,88,88,84,84,0,0.02032063718982947,0.039143605977058446,84,97,13,2,2,2,4,18,67,5,0
581,0,0,1,1,0,0,0,1,1,0,0,0,1,1,0,0.0,0.0,1,1,0,-1,-1,-1,10,1,36,50,76
582,88,704,60,100,40,126,126,69,69,0,88,104,60,72,12,0.007760645358929848,0.009973110044589673,60,69,9,2,2,2,7,4,24,72,53
583,34,240,52,94,42,54,54,54,54,0,34,54,52,57,5,0.006297014874570271,0.012219612648490419,59,76,17,3,3,3,4,7,47,62,25
584,308,308,99,99,0,80,80,96,96,0,80,80,96,96,0,0.052248204499812795,0.052248204499812795,97,97,0,-1,2,2,2,40,86,3,98
585,61,61,70,70,0,28,28,46,46,0,28,28,53,53,0,0.007352190340038803,0.007352190340038803,66,66,0,-1,3,3,3,13,81,24,69
586,116,732,77,100,23,128,128,90,90,0,128,128,90,90,0,0.011947309302563056,0.027808979202831954,71,89,18,2,2,2,5,7,63,48,18
587,81,183,76,94,18,56,56,82,82,0,56,56,82,82,0,0.013002484768031588,0.014432077334150244,75,76,1,4,2,2,2,8,89,44,83
588,25,126,52,88,36,22,22,48,48,0,22,22,51,51,0,0.004288777698355968,0.00439089145307873,53,53,0,5,3,3,2,6,95,73,4
589,0,1640,1,100,99,0,108,1,62,61,0,108,1,80,79,0.0,0.03226794649239253,1,89,88,1,-1,2,9,0,31,66,23
590,6,206,31,92,61,22,22,34,34,0,6,22,31,43,12,0.0004765308553728854,0.0045270431260424114,35,52,17,3,4,4,5,2,37,42,57
591,1,1,25,25,0,3,3,25,25,0,1,1,25,25,0,0.0,0.0,1,1,0,-1,6,6,3,1,87,68,40
592,0,0,1,1,0,0,0,1,1,0,0,0,1,1,0,0.0,0.0,1,1,0,-1,-1,-1,10,0,0,89,92
593,6,622,33,100,67,18,50,34,47,13,6,50,33,54,21,0.0004765308553728854,0.0315531502093332,36,91,55,2,4,3,5,1,49,88,2
594,110,110,77,77,0,138,138,71,71,0,110,110,77,77,0,0.007862759113652609,0.007862759113652609,64,64,0,-1,2,2,9,6,54,13,85
595,0,0,1,1,0,0,0,1,1,0,0,0,1,1,0,0.0,0.0,1,1,0,-1,-1,-1,5,0,50,59,40
596,18,224,48,94,46,34,34,47,47,0,18,34,48,54,6,0.0020082371762143027,0.016304162837400864,45,80,35,3,3,3,4,2,78,61,18
597,142,348,90,98,8,96,96,87,87,0,96,96,87,87,0,0.021511964328261683,0.034990979951666154,87,93,6,3,2,2,3,8,87,8,16
598,0,616,1,100,99,0,46,1,42,41,0,46,1,53,52,0.0,0.014636304843595765,1,78,77,2,-1,3,6,0,69,92,23
599,0,206,1,96,95,0,8,1,31,30,0,8,1,37,36,0.0,0.004050512270669526,1,54,53,3,-1,4,2,0,98,66,13
600,72,72,70,70,0,38,38,51,51,0,38,38,54,54,0,0.01153885428367201,0.01153885428367201,71,71,0,-1,3,3,3,8,94,17,85
601,26,128,50,84,34,40,40,44,44,0,26,28,50,50,0,0.00353994349705572,0.004322815616596889,50,51,1,4,3,3,5,6,70,73,42
602,0,102,1,83,82,0,4,1,28,27,0,3,1,32,31,0.0,0.0009870996289866913,1,38,37,4,-1,5,2,0,86,59,61
603,16,118,41,81,40,40,40,43,43,0,16,18,41,44,3,0.002144388849177984,0.0025188059498281084,47,47,0,4,3,3,5,1,49,53,88
604,0,0,1,1,0,0,0,1,1,0,0,0,1,1,0,0.0,0.0,1,1,0,-1,-1,-1,9,0,31,76,92
605,158,158,90,90,0,72,72,80,80,0,72,72,80,80,0,0.02365635317743967,0.02365635317743967,88,88,0,-1,2,2,3,20,76,23,36
606,76,76,63,63,0,54,54,53,53,0,54,54,57,57,0,0.008543517478471017,0.008543517478471017,65,65,0,-1,3,3,4,7,79,21,85
607,40,246,47,91,44,170,170,68,68,0,40,46,47,51,4,0.004799346471969774,0.005207801490860819,53,54,1,3,2,2,16,1,9,90,49
608,25,25,52,52,0,22,22,48,48,0,22,22,51,51,0,0.004288777698355968,0.004288777698355968,53,53,0,-1,3,3,2,6,95,73,80
609,22,22,40,40,0,106,106,55,55,0,22,22,40,40,0,0.0007147962830593281,0.0007147962830593281,35,35,0,-1,3,3,17,2,20,56,81
610,1,207,25,96,71,2,12,25,34,9,1,12,25,41,16,0.0,0.0037441710065012424,1,54,53,3,6,4,2,1,98,68,26
611,2,2,28,28,0,3,3,28,28,0,2,2,28,28,0,0.00017018959120460194,0.00017018959120460194,31,31,0,-1,5,5,2,1,95,4,81
612,16,16,33,33,0,136,136,61,61,0,16,16,33,33,0,0.0027911092957554717,0.0027911092957554717,48,48,0,-1,3,3,15,2,7,94,67
613,6,622,28,100,72,56,132,34,61,27,6,116,28,76,48,0.00034037918240920387,0.016916845365737433,34,79,45,2,4,3,16,1,9,88,23
614,0,206,1,86,85,0,22,1,28,27,0,8,1,33,32,0.0,0.0009870996289866913,1,37,36,3,-1,4,11,0,5,93,51
615,180,386,86,99,13,144,144,91,91,0,144,144,91,91,0,0.021341774737057083,0.022703291466693896,84,84,0,3,2,2,6,12,74,37,52
616,0,616,1,100,99,0,18,1,46,45,0,18,1,48,47,0.0,0.014704380680077607,1,77,76,2,-1,3,2,0,99,82,51
617,0,616,1,100,99,0,34,1,46,45,0,34,1,54,53,0.0,0.015997821573232582,1,79,78,2,-1,3,4,0,78,96,23
618,0,206,1,95,94,0,18,1,34,33,0,18,1,45,44,0.0,0.009122162088566664,1,68,67,3,-1,4,3,0,94,89,32
619,38,238,49,93,44,90,90,50,50,0,38,38,49,49,0,0.003199564314646516,0.003812246842983083,49,51,2,3,3,3,9,6,23,70,71
620,0,206,1,94,93,0,14,1,32,31,0,9,1,38,37,0.0,0.001940161339732462,1,45,44,3,-1,4,3,0,66,87,70
621,16,222,36,93,57,28,32,34,36,2,16,24,36,46,10,0.0007147962830593281,0.0023486163586235067,36,45,9,3,3,3,5,1,52,4,83
622,1,1,25,25,0,3,3,25,25,0,1,1,25,25,0,3.4037918240920386e-05,3.4037918240920386e-05,26,26,0,-1,6,6,3,2,66,58,87
623,203,203,90,90,0,144,144,88,88,0,144,144,88,88,0,0.02542632492596753,0.02542632492596753,87,87,0,-1,2,2,6,16,44,18,82
624,128,328,88,100,12,32,32,69,69,0,32,32,69,69,0,0.020048333843902106,0.022635215630212056,84,87,3,3,3,3,2,16,93,12,35
625,0,616,1,100,99,0,38,1,60,59,0,38,1,62,61,0.0,0.023009632730862182,1,87,86,2,-1,3,3,0,81,66,23
626,199,815,89,100,11,144,144,91,91,0,144,144,91,91,0,0.026379386636713298,0.029544913033118896,86,88,2,2,2,2,6,20,74,23,29
627,220,220,93,93,0,168,168,98,98,0,168,168,98,98,0,0.02474556656114912,0.02474556656114912,87,87,0,-1,2,2,6,18,65,30,82
628,48,254,69,100,31,46,46,87,87,0,46,46,88,88,0,0.0176997174852786,0.023690391095680587,82,86,4,3,2,2,2,6,97,73,77
629,16,632,39,100,61,46,56,40,44,4,16,32,39,51,12,0.0026209197045508697,0.005173763572619898,48,57,9,2,3,3,6,2,44,94,53
630,0,616,1,100,99,0,38,1,34,33,0,18,1,38,37,0.0,0.002484768031587188,1,44,43,2,-1,3,8,0,42,99,52
631,63,679,62,100,38,38,38,46,46,0,38,38,51,51,0,0.006841621566424997,0.01055175465468532,58,74,16,2,3,3,3,8,96,57,53
632,100,100,76,76,0,100,100,91,91,0,100,100,91,91,0,0.04043704687021342,0.04043704687021342,94,94,0,-1,1,1,4,6,77,35,36
633,1,1,26,26,0,2,2,26,26,0,1,1,26,26,0,0.0,0.0,1,1,0,-1,6,6,2,1,95,78,76
634,0,206,1,93,92,0,18,1,34,33,0,18,1,45,44,0.0,0.009224275843289425,1,65,64,3,-1,4,3,0,58,81,27
635,6,212,29,89,60,30,52,30,36,6,6,30,29,42,13,0.0,0.005616256509751864,1,56,55,3,4,4,10,1,12,95,34
636,8,214,34,91,57,36,44,33,38,5,8,14,34,35,1,0.0005786446100956465,0.003608019333537561,37,48,11,3,4,4,8,2,39,63,90
637,228,434,91,99,8,192,192,86,86,0,192,192,89,89,0,0.019639878825011062,0.02100139555464788,82,84,2,3,2,2,9,17,28,6,52
638,0,206,1,93,92,0,14,1,31,30,0,8,1,35,34,0.0,0.0017018959120460194,1,43,42,3,-1,4,5,0,45,59,52
639,16,222,40,97,57,28,28,45,45,0,16,28,40,51,11,0.0012253650566731338,0.007522379931243405,37,63,26,3,3,3,3,1,94,49,21
640,35,135,55,83,28,44,44,48,48,0,35,35,56,56,0,0.004356853534837809,0.00445896728956057,54,54,0,4,3,3,4,6,47,73,88
641,90,90,77,77,0,22,22,42,42,0,22,22,45,45,0,0.01606589740971442,0.01606589740971442,80,80,0,-1,3,3,2,12,91,37,80
642,12,113,36,77,41,66,66,37,37,0,12,13,36,36,0,0.002110350930937064,0.002212464685659825,43,43,0,5,4,4,11,2,19,83,60
643,18,18,43,43,0,50,50,45,45,0,18,18,43,43,0,0.0019061234214915416,0.0019061234214915416,44,44,0,-1,3,3,5,2,45,61,59
644,85,291,75,99,24,32,32,70,70,0,32,32,70,70,0,0.010007147962830594,0.012185574730249497,68,73,5,3,3,3,2,13,95,24,46
645,0,102,1,81,80,0,5,1,27,26,0,2,1,25,24,0.0,0.00030634126416828345,1,33,32,4,-1,5,3,0,82,91,49
646,16,16,34,34,0,58,58,39,39,0,16,16,34,34,0,0.0007828721195411688,0.0007828721195411688,37,37,0,-1,3,3,8,1,42,49,82
647,0,206,1,94,93,0,7,1,29,28,0,6,1,29,28,0.0,0.0006807583648184077,1,36,35,3,-1,4,2,0,91,40,55
648,56,56,53,53,0,138,138,64,64,0,56,56,53,53,0,0.003914360597705844,0.003914360597705844,54,54,0,-1,2,2,14,2,8,75,66
649,16,16,43,43,0,34,34,44,44,0,16,16,43,43,0,0.001055175465468532,0.001055175465468532,40,40,0,-1,3,3,4,1,72,49,91
650,0,1640,1,100,99,0,70,1,66,65,0,70,1,69,68,0.0,0.0315531502093332,1,90,89,1,-1,2,5,0,70,85,5
651,100,1740,71,100,29,104,128,82,90,8,104,128,83,90,7,0.00888389666088022,0.0374076721467715,67,95,28,1,2,2,5,7,50,21,32
652,100,100,65,65,0,100,100,47,47,0,100,100,65,65,0,0.04081146397086354,0.04081146397086354,95,95,0,-1,1,1,11,20,38,23,84
653,0,0,1,1,0,0,0,1,1,0,0,0,1,1,0,0.0,0.0,1,1,0,-1,-1,-1,2,1,86,45,92
654,88,190,73,91,18,64,64,68,68,0,64,64,71,71,0,0.012934408931549747,0.014227849824704722,76,80,4,4,3,3,4,9,72,27,75
655,0,101,1,81,80,0,2,1,25,24,0,1,1,25,24,0.0,0.0,1,1,0,6,-1,7,2,0,95,36,68
656,14,14,46,46,0,12,12,39,39,0,12,12,45,45,0,0.004322815616596889,0.004322815616596889,54,54,0,-1,4,4,2,6,93,73,59
657,51,667,57,100,43,38,48,46,66,20,38,48,51,69,18,0.005480104836788182,0.011743081793117532,55,75,20,2,3,3,3,6,96,35,72
658,2,1642,26,100,74,19,172,26,65,39,2,154,26,83,57,3.4037918240920386e-05,0.02018448551686579,26,84,58,1,5,2,17,1,20,68,18
659,0,206,1,93,92,0,22,1,34,33,0,17,1,44,43,0.0,0.002995336805200994,1,49,48,3,-1,4,5,0,49,98,28
660,0,616,1,100,99,0,46,1,37,36,0,46,1,50,49,0.0,0.013921508560536438,1,74,73,2,-1,3,6,0,71,67,18
661,190,190,90,90,0,206,206,92,92,0,190,190,91,91,0,0.016372238673882704,0.016372238673882704,77,77,0,-1,2,2,9,8,31,8,36
662,104,104,76,76,0,110,110,77,77,0,110,110,81,81,0,0.012287688484972258,0.012287688484972258,70,70,0,-1,2,2,6,9,74,31,82
663,77,179,71,94,23,32,32,64,64,0,32,32,64,64,0,0.007420266176520644,0.007624493685966166,65,65,0,4,3,3,2,8,89,57,49
664,54,54,55,55,0,70,70,54,54,0,54,54,55,55,0,0.00704584907587052,0.00704584907587052,61,61,0,-1,3,3,5,4,50,38,91
665,0,0,1,1,0,0,0,1,1,0,0,0,1,1,0,0.0,0.0,1,1,0,-1,-1,-1,3,0,94,91,96
666,84,84,59,59,0,104,104,73,73,0,84,84,66,66,0,0.010245413390517035,0.010245413390517035,69,69,0,-1,2,2,5,5,52,25,45
667,74,74,68,68,0,48,48,59,59,0,48,48,63,63,0,0.011777119711358454,0.011777119711358454,77,77,0,-1,3,3,3,9,75,27,79
668,120,736,78,100,22,88,88,73,73,0,88,88,74,74,0,0.013036522686272508,0.017495489975833077,75,82,7,2,2,2,4,7,83,21,41
669,97,97,76,76,0,64,64,68,68,0,64,64,70,70,0,0.012491915994417782,0.012491915994417782,76,76,0,-1,3,3,4,13,78,33,69
670,6,212,29,90,61,18,32,29,32,3,6,16,29,35,6,0.0002723033459273631,0.0012934408931549745,33,40,7,3,4,4,8,1,30,55,43
671,0,206,1,93,92,0,18,1,31,30,0,18,1,42,41,0.0,0.0068075836481840775,1,61,60,3,-1,4,5,0,45,84,24
672,2,618,26,100,74,9,78,26,43,17,2,78,26,57,31,3.4037918240920386e-05,0.015385139044896015,26,75,49,2,5,3,8,2,27,58,18
673,8,214,38,97,59,8,12,33,36,3,8,12,38,41,3,0.002314578440382586,0.008169100377820893,44,66,22,3,4,4,2,2,99,75,25
674,6,622,29,99,70,27,74,30,36,6,6,74,29,56,27,0.0002382654276864427,0.011981347220803976,31,72,41,2,4,3,12,1,14,65,12
675,208,414,89,96,7,252,252,92,92,0,208,222,89,90,1,0.017495489975833077,0.01858470335954253,79,80,1,3,2,2,11,8,33,20,64
676,0,0,1,1,0,0,0,1,1,0,0,0,1,1,0,0.0,0.0,1,1,0,-1,-1,-1,11,0,33,40,85
677,6,1646,29,100,71,29,146,31,66,35,6,146,29,84,55,6.807583648184077e-05,0.029612988869600735,27,90,63,1,4,2,12,1,3,60,7
678,250,866,96,100,4,96,96,93,93,0,96,96,93,93,0,0.0390755301405766,0.04571292419755608,94,96,2,2,2,2,3,27,58,10,57
679,50,256,59,96,37,38,38,52,52,0,38,38,55,55,0,0.005207801490860819,0.010245413390517035,56,71,15,3,3,3,3,6,66,28,44
680,78,694,62,100,38,142,152,78,82,4,78,152,62,85,23,0.00789679703189353,0.0176997174852786,63,78,15,2,2,2,8,7,21,62,14
681,42,248,52,93,41,94,94,51,51,0,40,60,51,57,6,0.003642057251778481,0.008271214132543654,51,67,16,3,3,3,9,6,23,41,38
682,248,448,92,99,7,168,168,96,96,0,168,168,96,96,0,0.02719629667449539,0.027672827529868275,89,89,0,3,2,2,6,15,40,16,42
683,0,206,1,92,91,0,32,1,39,38,0,32,1,47,46,0.0,0.008577555396711936,1,64,63,3,-1,4,6,1,69,50,14
684,15,221,43,92,49,18,18,38,38,0,18,18,47,47,0,0.0035739814152966403,0.009054086252084823,53,69,16,3,4,4,3,6,76,73,57
685,38,654,51,100,49,56,76,46,56,10,38,76,51,60,9,0.0030293747234419145,0.017121072875182955,49,79,30,2,3,3,6,6,74,70,15
686,234,850,93,100,7,182,182,82,82,0,182,182,88,88,0,0.02049082678103407,0.03563770039824364,84,93,9,2,2,2,9,16,28,12,18
687,0,101,1,82,81,0,3,1,25,24,0,1,1,25,24,0.0,0.0,1,1,0,6,-1,7,3,0,75,81,78
688,66,266,72,100,28,32,32,69,69,0,32,32,69,69,0,0.011198475101262807,0.016406276592123625,72,80,8,3,3,3,2,9,90,27,25
689,0,1640,1,100,99,0,62,1,53,52,0,62,1,58,57,0.0,0.023996732359848873,1,87,86,1,-1,2,6,0,74,87,48
690,120,222,80,89,9,158,158,79,79,0,120,122,80,80,0,0.00888389666088022,0.009394465434494027,68,68,0,4,2,2,9,7,54,21,42
691,0,1640,1,100,99,0,94,1,44,43,0,62,1,56,55,0.0,0.01783586915824228,1,79,78,1,-1,2,10,0,12,87,77
692,198,1842,95,100,5,22,56,48,84,36,22,56,51,84,33,0.025868817863099493,0.07719799857040743,88,99,11,1,3,2,2,22,95,9,58
693,0,206,1,93,92,0,32,1,36,35,0,18,1,40,39,0.0,0.0030974505599237552,1,50,49,3,-1,4,6,0,34,89,35
694,162,368,81,95,14,142,142,78,78,0,142,142,82,82,0,0.016304162837400864,0.017937982912965042,75,77,2,3,2,2,8,13,27,33,46
695,58,58,54,54,0,136,136,63,63,0,58,58,54,54,0,0.0026889955410327104,0.0026889955410327104,48,48,0,-1,2,2,16,4,9,64,97
696,192,398,91,100,9,134,134,87,87,0,134,134,88,88,0,0.01773375540351952,0.020967357636406957,81,84,3,3,2,2,6,14,34,32,75
697,32,133,45,82,37,72,72,45,45,0,32,33,45,46,1,0.002757071377514551,0.002757071377514551,46,46,0,6,3,3,7,2,46,52,68
698,44,660,51,100,49,86,86,68,68,0,44,86,51,71,20,0.006875659484665918,0.022022533101875488,58,81,23,2,3,3,6,4,69,72,18
699,0,616,1,100,99,0,50,1,48,47,0,50,1,54,53,0.0,0.012219612648490419,1,73,72,2,-1,3,5,1,61,69,5
700,100,100,61,61,0,100,100,44,44,0,100,100,61,61,0,0.023179822322066782,0.023179822322066782,85,85,0,-1,1,1,12,7,6,21,36
701,122,122,82,82,0,104,104,86,86,0,104,104,87,87,0,0.014466115252391163,0.014466115252391163,78,78,0,-1,2,2,5,8,49,17,93
702,1,1,25,25,0,2,2,25,25,0,1,1,25,25,0,3.4037918240920386e-05,3.4037918240920386e-05,26,26,0,-1,6,6,2,2,91,58,81
703,40,40,47,47,0,128,128,70,70,0,40,40,47,47,0,0.005548180673270023,0.005548180673270023,55,55,0,-1,2,2,9,1,29,90,86
704,6,1646,28,100,72,44,114,33,57,24,6,59,28,54,26,0.00017018959120460194,0.00878178290615746,30,59,29,1,4,2,16,1,9,4,22
705,150,356,90,100,10,56,56,82,82,0,56,56,82,82,0,0.029374723441914292,0.036965179209639536,91,96,5,3,2,2,2,20,89,23,14
706,438,1054,99,100,1,168,168,99,99,0,168,168,99,99,0,0.048674223084516154,0.05745600599067361,98,100,2,2,2,2,6,40,71,3,41
707,58,674,72,100,28,46,56,87,91,4,46,56,88,91,3,0.014840532353041287,0.02569862827189489,79,88,9,2,2,2,2,4,97,72,73
708,145,761,83,100,17,156,166,84,86,2,145,166,85,90,5,0.010755982164130842,0.029647026787841656,71,89,18,2,2,2,8,8,10,44,9
709,18,224,41,91,50,76,80,41,41,0,18,80,41,59,18,0.00034037918240920387,0.010926171755335444,34,73,39,3,3,3,10,2,1,56,12
710,22,228,45,94,49,40,40,43,43,0,22,40,45,52,7,0.0030293747234419145,0.0068075836481840775,49,61,12,3,3,3,5,2,49,83,13
711,68,684,55,100,45,212,212,78,78,0,68,100,55,63,8,0.007828721195411689,0.01415977398822288,63,75,12,2,2,2,13,4,13,72,25
712,88,294,60,97,37,154,154,72,72,0,88,94,60,62,2,0.007692569522448007,0.008203138296061813,62,63,1,3,2,2,10,4,36,72,88
713,18,224,41,90,49,82,82,42,42,0,18,24,41,42,1,0.0006807583648184077,0.0012594029749140542,37,40,3,3,3,3,10,2,12,56,42
714,2,208,28,93,65,8,12,30,33,3,2,11,28,40,12,0.00010211375472276115,0.0023486163586235067,30,46,16,3,5,4,4,1,72,65,41
715,68,68,68,68,0,62,62,80,80,0,62,62,81,81,0,0.00976888253514415,0.00976888253514415,69,69,0,-1,2,2,3,7,94,62,40
716,104,206,85,93,8,32,32,58,58,0,32,32,59,59,0,0.010347527145239796,0.01143674052894925,71,73,2,4,3,3,2,14,68,32,64
717,12,114,42,85,43,18,18,40,40,0,12,14,42,42,0,0.0017359338302869397,0.002280540522141666,43,45,2,4,4,4,3,2,92,52,71
718,2,104,25,71,46,8,8,26,26,0,2,2,25,25,0,0.0,0.00034037918240920387,1,31,30,4,5,5,6,1,40,68,60
719,0,206,1,96,95,0,12,1,34,33,0,12,1,42,41,0.0,0.018788930868988054,1,85,84,3,-1,4,2,0,86,91,10
720,329,535,96,100,4,128,128,92,92,0,128,128,92,92,0,0.035910003744171005,0.041049729398549985,93,94,1,3,2,2,5,29,50,11,48
721,6,212,32,92,60,18,18,35,35,0,6,18,32,47,15,0.0019741992579733825,0.009292351679771264,45,66,21,3,4,4,3,2,87,94,20
722,204,410,91,97,6,134,134,86,86,0,134,134,87,87,0,0.021035433472888797,0.02219272269308009,83,85,2,3,2,2,6,16,44,12,52
723,12,218,37,92,55,26,26,35,35,0,12,26,37,46,9,0.0007828721195411688,0.012389802239695021,37,73,36,3,4,4,5,3,88,51,37
724,25,231,50,97,47,32,32,58,58,0,32,32,60,60,0,0.004595118962524252,0.006739507811702236,54,59,5,3,3,3,2,6,91,73,75
725,6,212,30,89,59,15,20,30,32,2,6,12,30,34,4,0.0,0.0009190237925048504,1,38,37,3,4,4,6,1,41,95,71
726,0,0,1,1,0,0,0,1,1,0,0,0,1,1,0,0.0,0.0,1,1,0,-1,-1,-1,5,0,37,81,80
727,2,2,26,26,0,7,7,28,28,0,2,2,26,26,0,6.807583648184077e-05,6.807583648184077e-05,28,28,0,-1,5,5,5,2,52,58,59
728,0,206,1,91,90,0,32,1,30,29,0,6,1,29,28,0.0,0.00088498587426393,1,37,36,3,-1,4,11,0,38,89,71
729,16,16,47,47,0,22,22,49,49,0,16,16,48,48,0,0.002382654276864427,0.002382654276864427,47,47,0,-1,3,3,2,1,93,53,66
730,2,208,27,92,65,5,18,27,34,7,2,18,27,47,20,0.00017018959120460194,0.007624493685966166,31,60,29,3,5,4,3,1,87,55,32
731,497,1113,100,100,0,344,344,99,99,0,344,344,99,99,0,0.03441233534157051,0.04659791007182001,91,98,7,2,2,2,14,29,8,1,6
732,32,648,43,100,57,80,90,40,44,4,32,50,43,52,9,0.002314578440382586,0.005071649817897137,46,54,8,2,3,3,10,2,12,52,83
733,94,300,59,97,38,166,166,67,67,0,94,100,59,60,1,0.006297014874570271,0.007998910786616291,59,63,4,3,2,2,12,6,6,28,94
734,0,0,1,1,0,0,0,1,1,0,0,0,1,1,0,0.0,0.0,1,1,0,-1,-1,-1,14,0,25,96,89
735,100,100,65,65,0,100,100,45,45,0,100,100,65,65,0,0.025766704108376733,0.025766704108376733,87,87,0,4,1,1,10,5,12,25,95
736,44,250,57,95,38,48,48,60,60,0,48,48,63,63,0,0.0068075836481840775,0.011062323428299126,61,67,6,3,3,3,3,7,58,62,44
737,16,16,36,36,0,56,56,36,36,0,16,16,36,36,0,0.0004765308553728854,0.0004765308553728854,36,36,0,-1,3,3,11,1,38,88,87
738,187,803,89,100,11,128,128,92,92,0,128,128,92,92,0,0.020661016372238675,0.035603662480002726,83,93,10,2,2,2,5,15,50,19,15
739,114,730,77,100,23,130,130,67,67,0,114,130,77,80,3,0.008951972497362062,0.01055175465468532,65,66,1,2,3,3,10,9,11,31,42
740,134,1774,81,100,19,92,126,55,79,24,92,126,67,81,14,0.009734844616903231,0.04482793832329215,69,97,28,1,3,2,7,9,43,31,3
741,100,100,65,65,0,100,100,75,75,0,100,100,77,77,0,0.04979747438646653,0.04979747438646653,98,98,0,-1,1,1,5,18,61,30,96
742,0,616,1,99,98,0,68,1,35,34,0,36,1,48,47,0.0,0.004799346471969774,1,54,53,2,-1,3,11,0,5,66,26
743,0,102,1,81,80,0,5,1,27,26,0,3,1,32,31,0.0,0.00017018959120460194,1,31,30,4,-1,5,4,0,72,79,56
744,136,1776,82,100,18,276,300,87,88,1,136,233,82,91,9,0.008543517478471017,0.02658361414615882,63,88,25,1,2,2,14,7,16,62,39
745,0,101,1,79,78,0,3,1,25,24,0,1,1,25,24,0.0,3.4037918240920386e-05,1,26,25,5,-1,6,3,0,58,89,60
746,66,1706,61,100,39,80,104,68,87,19,66,104,66,87,21,0.010041185881071514,0.05075053609721229,69,99,30,1,3,2,5,5,88,25,0
747,100,100,63,63,0,100,100,47,47,0,100,100,63,63,0,0.03584192790768916,0.040334933115490655,92,94,2,2,1,1,10,16,36,12,57
748,84,700,63,100,37,90,90,67,67,0,84,90,66,69,3,0.007420266176520644,0.020661016372238675,59,81,22,2,2,2,6,6,71,26,12
749,138,754,84,100,16,216,216,83,83,0,138,216,84,91,7,0.016440314510364547,0.024949794070594642,79,87,8,2,2,2,12,9,14,39,24
750,0,616,1,100,99,0,68,1,40,39,0,68,1,57,56,0.0,0.013921508560536438,1,77,76,2,-1,3,8,0,30,36,6
751,120,220,85,93,8,64,64,64,64,0,64,64,67,67,0,0.016168011164437182,0.01667857993805099,81,82,1,4,3,3,4,18,77,30,74
752,0,101,1,71,70,0,7,1,25,24,0,1,1,25,24,0.0,6.807583648184077e-05,1,29,28,5,-1,6,7,0,46,96,60
753,250,456,95,99,4,216,216,93,93,0,216,216,94,94,0,0.02379250485040335,0.026923993328568024,85,88,3,3,2,2,9,18,28,30,73
754,0,0,1,1,0,0,0,1,1,0,0,0,1,1,0,0.0,0.0,1,1,0,-1,-1,-1,4,0,47,99,40
755,16,632,35,100,65,110,120,59,61,2,16,40,35,50,15,0.003437829742332959,0.005990673610401988,52,56,4,2,3,3,10,1,18,90,54
756,100,100,66,66,0,100,100,52,52,0,100,100,66,66,0,0.04983151230470744,0.04986555022294836,98,98,0,4,1,1,8,22,15,9,55
757,223,429,99,100,1,80,80,97,97,0,80,80,97,97,0,0.05058034650600769,0.06283399707273903,97,98,1,3,2,2,2,27,97,10,18
758,0,616,1,100,99,0,66,1,43,42,0,66,1,56,55,0.0,0.013581129378127233,1,77,76,2,-1,3,6,0,51,40,5
759,0,616,1,100,99,0,96,1,43,42,0,54,1,55,54,0.0,0.00789679703189353,1,64,63,2,-1,3,11,0,38,87,62
760,0,0,1,1,0,0,0,1,1,0,0,0,1,1,0,0.0,0.0,1,1,0,-1,-1,-1,9,0,31,76,86
761,0,616,1,100,99,0,38,1,54,53,0,38,1,57,56,0.0,0.024337111542258077,1,88,87,2,-1,3,3,0,76,86,1
762,0,206,1,93,92,0,12,1,35,34,0,8,1,35,34,0.0,0.0012934408931549745,1,39,38,3,-1,4,2,0,68,91,61
763,0,616,1,100,99,0,68,1,39,38,0,56,1,53,52,0.0,0.009258313761530345,1,66,65,2,-1,3,8,0,15,91,27
764,100,100,64,64,0,100,100,45,45,0,100,100,64,64,0,0.018754892950747133,0.04843595765682971,80,97,17,1,1,1,10,6,18,41,16
765,100,100,67,67,0,100,100,70,70,0,100,100,71,71,0,0.058443105619660304,0.06668028183396303,99,99,0,2,1,1,6,29,74,11,25
766,6,622,28,100,72,27,86,28,42,14,6,58,28,55,27,0.00030634126416828345,0.007216038667075122,31,62,31,2,4,3,10,1,36,60,25
767,74,280,68,98,30,72,72,77,77,0,72,72,79,79,0,0.008475441641989176,0.012900371013308825,65,77,12,3,2,2,3,6,96,26,31
768,90,706,74,100,26,62,72,80,86,6,62,72,80,86,6,0.010755982164130842,0.023315973995030465,70,88,18,2,2,2,3,7,55,21,57
769,100,100,67,67,0,100,100,66,66,0,100,100,72,72,0,0.06116613907893393,0.06116613907893393,98,98,0,-1,1,1,6,29,59,1,80
770,244,346,91,96,5,168,168,97,97,0,168,168,97,97,0,0.02913645801422785,0.029306647605432452,89,89,0,4,2,2,6,15,51,16,63
771,88,88,60,60,0,164,164,77,77,0,88,88,60,60,0,0.008475441641989176,0.008475441641989176,65,65,0,-1,2,2,10,4,36,22,81
772,146,352,83,98,15,110,110,77,77,0,110,110,81,81,0,0.015589366554341537,0.01844855168657885,79,79,0,3,2,2,6,14,74,14,73
773,100,306,64,96,32,132,132,75,75,0,100,132,65,81,16,0.009632730862180468,0.011981347220803976,68,73,5,3,2,2,8,7,10,21,41
774,0,206,1,92,91,0,22,1,33,32,0,12,1,35,34,0.0,0.003437829742332959,1,50,49,3,-1,4,5,0,70,89,29
775,358,958,95,100,5,200,200,94,94,0,200,200,94,94,0,0.0352292453793526,0.047278668436638416,91,97,6,2,2,2,8,29,57,0,6
776,0,0,1,1,0,0,0,1,1,0,0,0,1,1,0,0.0,0.0,1,1,0,-1,-1,-1,9,0,26,85,97
777,0,206,1,89,88,0,56,1,34,33,0,44,1,49,48,0.0,0.007420266176520644,1,61,60,3,-1,4,12,1,3,50,8
778,18,224,47,92,45,40,44,49,49,0,18,44,47,56,9,0.0016338200755641784,0.026753803737363423,43,87,44,3,3,3,4,2,84,61,3
779,64,664,59,100,41,114,114,67,67,0,64,114,59,79,20,0.006569318220497634,0.014261887742945642,61,74,13,2,3,3,9,4,23,72,20
780,0,0,1,1,0,0,0,1,1,0,0,0,1,1,0,0.0,0.0,1,1,0,-1,-1,-1,5,0,37,99,59
781,16,16,33,33,0,66,66,36,36,0,16,16,33,33,0,0.0006126825283365669,0.0006126825283365669,36,36,0,-1,3,3,10,1,0,49,45
782,0,102,1,81,80,0,3,1,27,26,0,3,1,31,30,0.0,0.0004765308553728854,1,34,33,4,-1,5,2,0,95,40,74
783,84,290,71,99,28,72,72,85,85,0,72,72,85,85,0,0.012968446849790666,0.01776779332176044,74,79,5,3,2,2,3,6,94,26,72
784,114,320,76,94,18,96,96,60,60,0,96,96,69,69,0,0.010858095918853602,0.012525953912658701,71,74,3,3,3,3,6,9,44,27,54
785,0,616,1,100,99,0,56,1,44,43,0,56,1,57,56,0.0,0.008509479560230097,1,65,64,2,-1,3,6,0,44,82,57
786,244,346,94,97,3,206,206,95,95,0,206,206,95,95,0,0.021818305592429966,0.022396950202525613,82,82,0,4,2,2,9,18,26,5,71
787,22,22,43,43,0,68,68,41,41,0,22,22,43,43,0,0.0022465026039007454,0.0022465026039007454,45,45,0,-1,3,3,8,2,30,83,40
788,90,90,64,64,0,94,94,68,68,0,94,94,71,71,0,0.00891793457912114,0.00891793457912114,68,68,0,-1,2,2,5,6,50,34,59
789,136,342,83,96,13,104,104,82,82,0,104,104,83,83,0,0.01589570781850982,0.023690391095680587,79,88,9,3,2,2,5,8,50,20,8
790,182,798,89,100,11,110,110,81,81,0,110,110,82,82,0,0.015283025290173252,0.03631845876306205,79,94,15,2,2,2,6,14,65,32,11
791,169,785,86,100,14,174,174,92,92,0,169,174,92,92,0,0.013036522686272508,0.02413288403281255,74,85,11,2,2,2,7,8,43,57,5
792,0,616,1,100,99,0,40,1,42,41,0,40,1,52,51,0.0,0.00966676878042139,1,67,66,2,-1,3,5,1,49,69,17
793,24,640,44,100,56,68,88,42,46,4,24,88,44,66,22,0.0013274788113958951,0.015997821573232582,40,79,39,2,3,3,8,4,39,64,18
794,16,1656,36,100,64,96,130,44,65,21,16,83,36,60,24,0.003880322679464924,0.01773375540351952,51,78,27,1,3,2,11,1,38,90,31
795,76,692,67,100,33,70,70,62,62,0,70,70,69,69,0,0.008305252050784574,0.022737329384934817,66,87,21,2,3,3,5,7,45,21,30
796,0,0,1,1,0,0,0,1,1,0,0,0,1,1,0,0.0,0.0,1,1,0,-1,-1,-1,3,1,94,50,66
797,36,36,50,50,0,78,78,44,44,0,36,36,50,50,0,0.004561081044283332,0.004561081044283332,54,54,0,-1,3,3,8,6,10,73,79
798,6,212,28,91,63,13,30,28,34,6,6,30,28,47,19,0.0,0.006569318220497634,1,57,56,3,4,4,5,1,50,95,24
799,44,44,57,57,0,12,12,37,37,0,12,12,42,42,0,0.009360427516253106,0.009360427516253106,68,68,0,-1,4,4,2,8,99,8,67
800,288,288,95,95,0,270,270,99,99,0,270,270,99,99,0,0.025222097416522007,0.025222097416522007,87,87,0,-1,2,2,10,18,22,30,76
801,232,848,92,100,8,268,278,96,96,0,232,278,92,96,4,0.013138636440995268,0.021477926410020762,74,84,10,2,2,2,12,13,14,24,31
802,376,2016,97,100,3,232,256,92,93,1,232,256,94,95,1,0.03352734946730658,0.07130943871472821,92,100,8,1,2,2,10,27,11,10,3
803,145,247,83,91,8,204,204,79,79,0,145,149,83,83,0,0.009973110044589673,0.010143299635794275,65,67,2,4,2,2,11,8,5,44,63
804,16,222,32,90,58,58,70,34,35,1,16,28,32,42,10,0.0004084550188910446,0.002382654276864427,33,46,13,3,3,3,14,1,17,88,75
805,112,318,80,95,15,252,252,85,85,0,112,118,80,82,2,0.007420266176520644,0.007590455767725246,61,61,0,3,2,2,14,4,17,72,95
806,248,864,92,100,8,332,332,92,92,0,248,292,92,95,3,0.017291262466387555,0.022465026039007456,82,86,4,2,2,2,16,13,9,33,38
807,100,100,66,66,0,100,100,45,45,0,100,100,66,66,0,0.04717655468191565,0.05296300078287212,96,98,2,2,1,1,10,29,1,0,77
808,12,12,39,39,0,24,24,37,37,0,12,12,39,39,0,0.0010211375472276116,0.0010211375472276116,41,41,0,-1,4,4,4,2,83,74,40
809,0,616,1,100,99,0,46,1,36,35,0,30,1,44,43,0.0,0.0053439531638245,1,56,55,2,-1,3,8,0,10,84,38
810,0,102,1,75,74,0,9,1,26,25,0,2,1,26,25,0.0,0.00010211375472276115,1,29,28,4,-1,5,8,0,21,86,65
811,250,866,92,100,8,168,168,97,97,0,168,168,97,97,0,0.021546002246502605,0.0335613873855475,84,93,9,2,2,2,6,18,51,5,12
812,0,616,1,100,99,0,42,1,39,38,0,42,1,52,51,0.0,0.009939072126348753,1,67,66,2,-1,3,6,0,74,67,17
813,0,101,1,77,76,0,6,1,25,24,0,1,1,25,24,0.0,3.4037918240920386e-05,1,26,25,5,-1,6,6,1,48,69,78
814,388,490,98,99,1,248,248,90,90,0,248,248,92,92,0,0.03366350114027026,0.0339017665679567,93,93,0,4,2,2,11,27,38,10,60
815,100,100,70,70,0,100,100,68,68,0,100,100,73,73,0,0.057183702644746245,0.057183702644746245,99,99,0,-1,1,1,6,22,48,9,98
816,0,616,1,100,99,0,28,1,41,40,0,28,1,50,49,0.0,0.020967357636406957,1,85,84,2,-1,3,3,0,64,89,10
817,0,206,1,88,87,0,20,1,32,31,0,14,1,36,35,0.0,0.0020082371762143027,1,43,42,3,-1,4,6,0,41,91,70
818,138,138,79,79,0,142,142,78,78,0,138,138,81,81,0,0.0160318594914735,0.0160318594914735,74,74,0,-1,2,2,8,9,27,39,80
819,100,306,67,96,29,104,104,80,80,0,104,104,81,81,0,0.011266550937744648,0.012049423057285817,70,71,1,3,2,2,5,6,63,77,49
820,100,100,64,64,0,100,100,45,45,0,100,100,64,64,0,0.028932230504782327,0.028932230504782327,89,89,0,-1,1,1,10,13,18,33,92
821,186,1826,90,100,10,296,320,92,95,3,186,320,90,97,7,0.01776779332176044,0.03992647809659961,78,94,16,1,2,2,14,9,8,39,9
822,40,656,56,100,44,32,32,64,64,0,32,32,64,64,0,0.005412029000306341,0.021375812655298,59,86,27,2,3,3,2,6,89,41,37
823,0,102,1,82,81,0,3,1,27,26,0,2,1,27,26,0.0,0.00017018959120460194,1,30,29,4,-1,5,2,0,68,82,4
824,22,124,51,86,35,64,64,64,64,0,22,26,51,54,3,0.00445896728956057,0.0046972327172470135,53,55,2,4,3,3,4,3,77,29,63
825,6,622,31,100,69,32,60,35,40,5,6,50,31,57,26,0.000442492937131965,0.006875659484665918,36,61,25,2,4,3,8,1,57,49,38
826,2,104,28,85,57,4,4,30,30,0,2,4,28,33,5,0.00013615167296368154,0.0009190237925048504,31,39,8,4,5,5,2,1,93,60,51
827,184,390,91,100,9,100,100,77,77,0,100,100,77,77,0,0.023894618605126112,0.026141121209026855,84,85,1,3,2,2,6,16,69,12,75
828,100,100,70,70,0,100,100,73,73,0,100,100,74,74,0,0.028489737567650362,0.03761189965621702,91,95,4,2,1,1,6,6,71,70,34
829,22,1662,40,100,60,76,126,37,60,23,22,92,40,61,21,0.00037441710065012424,0.016202049082678104,32,77,45,1,3,2,12,2,3,56,77
830,86,86,67,67,0,66,66,51,51,0,86,86,66,66,0,0.006705469893461316,0.006705469893461316,60,60,0,-1,3,3,6,6,65,13,80
831,0,101,1,69,68,0,9,1,25,24,0,1,1,25,24,0.0,0.0,1,1,0,5,-1,6,9,0,28,86,68
832,0,206,1,93,92,0,8,1,31,30,0,6,1,31,30,0.0,0.0017359338302869397,1,44,43,3,-1,4,2,0,68,89,94
833,22,228,41,92,51,52,52,40,40,0,22,30,41,46,5,0.002110350930937064,0.0032336022328874367,42,46,4,3,3,3,6,2,56,83,51
834,0,0,1,1,0,0,0,1,1,0,0,0,1,1,0,0.0,0.0,1,1,0,-1,-1,-1,14,0,8,59,85
835,0,0,1,1,0,0,0,1,1,0,0,0,1,1,0,0.0,0.0,1,1,0,-1,-1,-1,7,1,46,45,99
836,494,494,99,99,0,240,240,98,98,0,240,240,98,98,0,0.04785731304673406,0.04785731304673406,97,97,0,-1,2,2,9,36,29,2,96
837,271,271,99,99,0,96,96,94,94,0,96,96,94,94,0,0.042989890738282445,0.042989890738282445,96,96,0,-1,2,2,3,27,94,10,59
838,0,206,1,96,95,0,12,1,34,33,0,12,1,42,41,0.0,0.009462541270975866,1,66,65,3,-1,4,2,0,86,67,33
839,0,206,1,94,93,0,18,1,37,36,0,18,1,43,42,0.0,0.018482589604819768,1,84,83,3,-1,4,3,0,96,97,1
840,0,0,1,1,0,0,0,1,1,0,0,0,1,1,0,0.0,0.0,1,1,0,-1,-1,-1,10,0,22,87,97
841,230,331,95,99,4,64,64,68,68,0,64,64,71,71,0,0.03226794649239253,0.03226794649239253,91,91,0,6,3,3,4,29,72,0,68
842,40,246,52,95,43,60,60,52,52,0,40,47,52,55,3,0.006671431975220395,0.007284114503556962,58,62,4,3,2,2,5,1,45,90,63
843,6,6,28,28,0,48,48,32,32,0,6,6,28,28,0,0.00034037918240920387,0.00034037918240920387,32,32,0,-1,4,4,10,1,36,49,67
844,0,616,1,100,99,0,42,1,36,35,0,35,1,49,48,0.0,0.004935498144933456,1,56,55,2,-1,3,8,0,10,80,28
845,0,206,1,94,93,0,24,1,35,34,0,24,1,46,45,0.0,0.003812246842983083,1,51,50,3,-1,4,4,0,53,96,47
846,0,616,1,100,99,0,24,1,41,40,0,16,1,41,40,0.0,0.0046972327172470135,1,53,52,2,-1,3,3,0,66,89,94
847,410,616,99,100,1,254,254,100,100,0,254,254,100,100,0,0.03744171006501242,0.04043704687021342,95,96,1,3,2,2,9,29,23,0,28
848,0,616,1,100,99,0,38,1,46,45,0,38,1,52,51,0.0,0.0156914803090643,1,81,80,2,-1,3,3,0,75,99,5
849,120,1720,76,100,24,116,116,68,68,0,120,116,77,76,-1,0.007216038667075122,0.025970931617822254,59,88,29,1,2,2,7,6,24,13,8
850,0,0,1,1,0,0,0,1,1,0,0,0,1,1,0,0.0,0.0,1,1,0,-1,-1,-1,5,0,52,79,89
851,58,264,59,95,36,54,54,54,54,0,54,54,58,58,0,0.006909697402906838,0.007386228258279724,61,62,1,3,3,3,4,7,47,48,49
852,180,180,87,87,0,204,204,86,86,0,204,204,91,91,0,0.015283025290173252,0.015283025290173252,77,77,0,-1,2,2,11,14,38,14,93
853,64,165,61,87,26,54,54,53,53,0,64,54,64,57,-7,0.00707988699411144,0.007182000748834201,62,62,0,5,3,3,4,4,79,72,60
854,32,648,43,100,57,154,174,65,70,5,32,174,43,85,42,0.004288777698355968,0.020933319718166036,54,84,30,2,3,3,14,3,17,29,12
855,100,100,61,61,0,100,100,44,44,0,100,100,61,61,0,0.034140031995643146,0.04363661118485993,91,94,3,2,1,1,12,16,6,12,33
856,100,100,60,60,0,100,100,40,40,0,100,100,60,60,0,0.05800061268252834,0.061983049116716024,100,100,0,2,1,1,14,36,25,2,22
857,40,246,55,93,38,62,62,75,75,0,40,62,63,76,13,0.006943735321147759,0.008339289969025495,63,66,3,3,2,2,3,3,82,46,54
858,6,622,30,100,70,21,114,31,60,29,6,114,30,77,47,3.4037918240920386e-05,0.02226079852956193,27,82,55,2,4,3,9,1,54,65,7
859,6,212,28,86,58,18,32,28,32,4,6,16,28,34,6,0.0002042275094455223,0.0015657442390823377,29,38,9,3,4,4,8,1,27,95,54
860,0,102,1,76,75,0,14,1,27,26,0,2,1,26,25,0.0,0.00034037918240920387,1,32,31,4,-1,5,9,0,23,92,88
861,209,415,93,100,7,128,128,93,93,0,128,128,93,93,0,0.031076619353960312,0.03267640151128357,89,90,1,3,2,2,5,15,70,16,94
862,2,208,26,90,64,8,22,26,32,6,2,16,26,35,9,0.0,0.0012934408931549745,1,39,38,3,5,4,7,1,43,68,54
863,16,632,35,100,65,21,40,34,43,9,16,40,35,48,13,0.0005105687736138058,0.007113924912352361,33,60,27,2,3,3,4,1,67,65,44
864,2,618,26,100,74,12,90,27,42,15,2,90,26,63,37,3.4037918240920386e-05,0.011777119711358454,27,74,47,2,5,3,10,2,1,58,14
865,190,396,89,98,9,192,192,86,86,0,192,192,89,89,0,0.0156914803090643,0.016202049082678104,78,78,0,3,2,2,9,13,28,33,71
866,0,102,1,76,75,0,8,1,28,27,0,4,1,30,29,0.0,0.0004084550188910446,1,34,33,4,-1,5,5,0,70,87,63
867,25,25,46,46,0,56,56,48,48,0,25,25,46,46,0,0.00442492937131965,0.00442492937131965,51,51,0,-1,3,3,6,6,65,73,50
868,162,778,88,100,12,128,128,93,93,0,128,128,93,93,0,0.017223186629905716,0.025324211171244768,81,87,6,2,2,2,5,15,37,19,25
869,0,206,1,90,89,0,36,1,35,34,0,24,1,44,43,0.0,0.007556417849484326,1,63,62,3,-1,4,6,0,48,66,77
870,0,102,1,78,77,0,7,1,28,27,0,3,1,32,31,0.0,0.000442492937131965,1,35,34,4,-1,5,4,0,47,79,51
871,63,1703,57,100,43,132,156,70,82,12,63,156,57,86,29,0.005548180673270023,0.03713536880084414,57,94,37,1,2,2,8,4,15,22,11
872,0,0,1,1,0,0,0,1,1,0,0,0,1,1,0,0.0,0.0,1,1,0,-1,-1,-1,6,0,48,66,85
873,97,713,60,100,40,200,200,74,74,0,97,144,60,84,24,0.005922597773920147,0.011709043874876613,58,71,13,2,2,2,12,4,6,22,57
874,0,102,1,77,76,0,8,1,30,29,0,2,1,26,25,0.0,0.0005105687736138058,1,34,33,4,-1,5,4,0,79,89,49
875,6,1646,32,100,68,28,62,36,53,17,6,59,32,61,29,0.00088498587426393,0.020456788862793153,39,82,43,1,4,2,6,1,69,71,41
876,193,193,92,92,0,200,200,81,81,0,200,200,92,92,0,0.02236291228428469,0.02236291228428469,85,85,0,-1,2,2,11,16,19,18,79
877,0,0,1,1,0,0,0,1,1,0,0,0,1,1,0,0.0,0.0,1,1,0,-1,-1,-1,2,1,90,69,96
878,100,100,66,66,0,100,100,49,49,0,100,100,66,66,0,0.061268252833656695,0.06307226250042547,100,100,0,3,1,1,9,40,54,3,75
879,0,102,1,83,82,0,4,1,29,28,0,4,1,32,31,0.0,0.005650294427992784,1,61,60,4,-1,5,2,0,89,97,8
880,254,356,94,98,4,176,176,85,85,0,176,176,89,89,0,0.025834779944858572,0.026073045372545015,87,88,1,4,2,2,8,15,30,16,63
881,0,1640,1,100,99,0,64,1,60,59,0,64,1,63,62,0.0,0.03934783348650397,1,96,95,1,-1,2,5,0,49,80,1
882,0,0,1,1,0,0,0,1,1,0,0,0,1,1,0,0.0,0.0,1,1,0,-1,-1,-1,3,0,58,36,98
883,0,0,1,1,0,0,0,1,1,0,0,0,1,1,0,0.0,0.0,1,1,0,-1,-1,-1,4,0,83,97,66
884,1,103,26,83,57,3,5,26,28,2,1,3,26,32,6,3.4037918240920386e-05,0.0004084550188910446,27,33,6,4,6,5,3,2,75,58,42
885,0,616,1,100,99,0,42,1,35,34,0,36,1,44,43,0.0,0.004220701861874128,1,51,50,2,-1,3,6,0,51,98,47
886,66,682,53,100,47,190,190,69,69,0,64,109,53,76,23,0.004016474352428605,0.008679669151434699,51,64,13,2,2,2,16,6,4,41,28
887,91,707,75,100,25,48,48,66,66,0,48,48,67,67,0,0.017291262466387555,0.030463936825623743,81,89,8,2,3,3,3,12,76,37,5
888,0,0,1,1,0,0,0,1,1,0,0,0,1,1,0,0.0,0.0,1,1,0,-1,-1,-1,15,0,7,40,93
889,0,102,1,74,73,0,12,1,28,27,0,2,1,25,24,0.0,6.807583648184077e-05,1,27,26,4,-1,5,8,0,10,99,4
890,208,824,89,100,11,276,276,89,89,0,208,276,89,91,2,0.011368664692467409,0.0337315769767521,69,94,25,2,2,2,14,13,17,24,10
891,8,214,34,91,57,40,48,37,38,1,8,48,34,54,20,0.0002042275094455223,0.008271214132543654,30,65,35,3,4,4,8,2,39,56,14
892,0,0,1,1,0,0,0,1,1,0,0,0,1,1,0,0.0,0.0,1,1,0,-1,-1,-1,3,0,55,86,36
893,34,135,49,81,32,94,94,51,51,0,34,34,49,49,0,0.0033016780693692774,0.0033357159876101976,47,47,0,6,3,3,9,6,26,70,68
894,6,212,28,91,63,13,18,28,31,3,6,12,28,33,5,0.00017018959120460194,0.0014636304843595766,32,41,9,3,4,4,5,1,50,55,94
895,252,868,98,100,2,56,56,85,85,0,56,56,85,85,0,0.03921168181354028,0.05102283944313966,94,98,4,2,2,2,2,30,90,7,37
896,57,673,63,100,37,38,48,57,63,6,38,48,60,65,5,0.006909697402906838,0.03880322679464924,61,95,34,2,3,3,3,8,85,57,2
897,136,752,80,100,20,104,104,73,73,0,104,104,79,79,0,0.014806494434800367,0.03267640151128357,80,91,11,2,2,2,5,8,52,20,15
898,100,100,64,64,0,100,100,57,57,0,100,100,65,65,0,0.07008407365805508,0.07008407365805508,100,100,0,-1,1,1,8,40,10,3,98
899,0,616,1,100,99,0,56,1,40,39,0,45,1,51,50,0.0,0.00976888253514415,1,68,67,2,-1,3,9,0,26,98,39
900,0,206,1,96,95,0,12,1,38,37,0,12,1,44,43,0.0,0.013581129378127233,1,74,73,3,-1,4,2,0,93,87,12
901,244,244,94,94,0,222,222,90,90,0,222,222,95,95,0,0.021137547227611558,0.021137547227611558,85,85,0,-1,2,2,10,18,36,5,99
902,0,102,1,81,80,0,6,1,28,27,0,2,1,28,27,0.0,0.00030634126416828345,1,32,31,4,-1,5,4,0,77,76,88
903,0,206,1,93,92,0,10,1,30,29,0,10,1,40,39,0.0,0.0046972327172470135,1,51,50,3,-1,4,3,0,92,66,48
904,0,616,1,100,99,0,106,1,61,60,0,106,1,73,72,0.0,0.01592974573675074,1,76,75,2,-1,3,10,0,22,99,30
905,278,278,94,94,0,158,158,97,97,0,158,158,97,97,0,0.033799652813233945,0.033799652813233945,95,95,0,-1,2,2,6,22,71,9,98
906,1,617,26,100,74,9,40,26,37,11,1,17,26,44,18,3.4037918240920386e-05,0.002757071377514551,27,45,18,2,6,3,9,2,26,58,46
907,100,100,66,66,0,100,100,43,43,0,100,100,66,66,0,0.03788420300214439,0.03795227883862623,94,94,0,3,1,1,11,15,33,16,95
908,100,100,76,76,0,100,100,91,91,0,100,100,91,91,0,0.07471323053882024,0.07471323053882024,100,100,0,-1,1,1,4,29,77,11,66
909,100,100,65,65,0,100,100,45,45,0,100,100,65,65,0,0.0510909152796215,0.05132918070730794,100,100,0,4,1,1,10,29,12,0,49
910,0,1640,1,100,99,0,146,1,63,62,0,146,1,85,84,0.0,0.02501786990707648,1,88,87,1,-1,2,12,0,6,93,9
911,0,206,1,92,91,0,26,1,32,31,0,12,1,33,32,0.0,0.0019061234214915416,1,42,41,3,-1,4,7,0,46,92,52
912,180,180,90,90,0,94,94,75,75,0,94,94,75,75,0,0.023315973995030465,0.023315973995030465,84,84,0,-1,2,2,5,16,49,12,85
913,22,638,42,100,58,68,116,39,61,22,22,116,42,77,35,0.0017359338302869397,0.01678069369277375,42,78,36,2,3,3,11,3,19,51,15
914,6,622,30,100,70,12,34,30,42,12,6,34,30,51,21,0.0004084550188910446,0.015555328636100617,33,81,48,2,4,3,4,1,83,88,18
915,8,214,36,94,58,14,18,33,35,2,8,18,36,44,8,0.0002042275094455223,0.009224275843289425,31,70,39,3,4,4,3,2,66,56,19
916,162,1802,84,100,16,110,134,78,90,12,110,134,82,91,9,0.020014295925661188,0.0440791041219919,82,97,15,1,2,2,6,18,51,30,33
917,100,100,68,68,0,100,100,63,63,0,100,100,68,68,0,0.04785731304673406,0.05034208107832125,98,98,0,2,1,1,6,16,41,18,52
918,100,100,67,67,0,100,100,55,55,0,100,100,67,67,0,0.05670717178937336,0.0569454372170598,99,99,0,4,1,1,9,29,23,1,88
919,0,0,1,1,0,0,0,1,1,0,0,0,1,1,0,0.0,0.0,1,1,0,-1,-1,-1,13,0,13,85,36
920,0,616,1,99,98,0,33,1,31,30,0,16,1,34,33,0.0,0.0009190237925048504,1,37,36,2,-1,3,11,0,5,99,4
921,0,616,1,100,99,0,68,1,45,44,0,68,1,58,57,0.0,0.02127369890057524,1,83,82,2,-1,3,8,0,21,85,10
922,0,1640,1,100,99,0,80,1,55,54,0,80,1,63,62,0.0,0.03577385207120733,1,95,94,1,-1,2,6,0,65,85,23
923,56,56,52,52,0,94,94,62,62,0,56,56,53,53,0,0.006671431975220395,0.006671431975220395,57,57,0,-1,2,2,5,3,52,29,85
924,42,143,59,89,30,22,22,49,49,0,22,22,53,53,0,0.005718370264474625,0.0057524081827155455,59,59,0,5,3,3,2,6,90,26,95
925,0,1640,1,100,99,0,130,1,58,57,0,68,1,53,52,0.0,0.010109261717553355,1,67,66,1,-1,2,17,1,20,50,62
926,16,118,35,77,42,80,80,41,41,0,16,18,35,40,5,0.0010211375472276116,0.0010892133837094523,39,40,1,4,3,3,10,1,18,71,95
927,6,1646,32,100,68,12,58,32,68,36,6,58,32,68,36,0.0002723033459273631,0.03829265802103543,34,94,60,1,4,2,4,1,84,4,15
928,104,104,79,79,0,134,134,90,90,0,104,104,84,84,0,0.012083460975526737,0.012083460975526737,73,73,0,-1,2,2,6,5,32,25,45
929,88,294,78,100,22,32,32,71,71,0,32,32,71,71,0,0.015589366554341537,0.01773375540351952,78,79,1,3,3,3,2,13,99,33,41
930,6,212,29,93,64,29,38,31,35,4,6,20,29,40,11,0.00017018959120460194,0.0020763130126961434,29,44,15,3,4,4,9,1,23,60,54
931,78,179,72,94,22,56,56,82,82,0,56,56,82,82,0,0.015317063208414174,0.015589366554341537,78,79,1,5,2,2,2,4,89,72,60
932,87,87,70,70,0,72,72,77,77,0,72,72,77,77,0,0.01055175465468532,0.01055175465468532,74,74,0,-1,2,2,3,8,82,57,79
933,100,1740,71,100,29,104,128,82,91,9,104,128,83,91,8,0.00888389666088022,0.04996766397767113,67,97,30,1,2,2,5,7,50,21,0
934,156,362,89,98,9,72,72,77,77,0,72,72,77,77,0,0.02365635317743967,0.023894618605126112,87,87,0,3,2,2,3,16,64,18,63
935,0,206,1,93,92,0,18,1,39,38,0,18,1,44,43,0.0,0.01317267435923619,1,74,73,3,-1,4,3,0,92,36,15
936,6,622,30,100,70,7,32,30,57,27,6,32,30,59,29,0.0002723033459273631,0.01865277919602437,31,87,56,2,4,3,2,1,91,78,12
937,0,206,1,88,87,0,18,1,30,29,0,9,1,33,32,0.0,0.0006467204465774873,1,36,35,3,-1,4,7,0,24,86,64
938,100,100,63,63,0,100,100,39,39,0,100,100,63,63,0,0.02723033459273631,0.02729841042921815,89,89,0,4,1,1,14,15,17,19,58
939,76,76,57,57,0,76,76,55,55,0,76,76,60,60,0,0.010415602981721638,0.010415602981721638,66,66,0,-1,3,3,6,6,71,77,50
940,154,256,85,93,8,222,222,90,90,0,154,156,85,85,0,0.011300588855985567,0.01157289220191293,69,71,2,4,2,2,10,7,11,48,55
941,0,102,1,83,82,0,3,1,26,25,0,3,1,30,29,0.0,0.0016338200755641784,1,40,39,4,-1,5,2,0,99,92,75
942,16,222,42,95,53,28,28,43,43,0,16,28,42,49,7,0.0005446066918547262,0.011845195547840293,36,76,40,3,3,3,3,1,96,49,18
943,0,206,1,96,95,0,12,1,38,37,0,12,1,44,43,0.0,0.008066986623098132,1,65,64,3,-1,4,2,0,93,67,20
944,100,100,71,71,0,100,100,76,76,0,100,100,77,77,0,0.031212771026923995,0.07069675618639164,91,99,8,1,1,1,5,2,50,42,9
945,6,622,29,100,71,22,62,33,42,9,6,62,29,57,28,0.00017018959120460194,0.012219612648490419,32,72,40,2,4,3,7,1,43,4,39
946,52,52,50,50,0,62,62,48,48,0,50,50,50,50,0,0.003880322679464924,0.003880322679464924,49,49,0,-1,3,3,6,6,56,41,81
947,0,206,1,87,86,0,46,1,33,32,0,14,1,33,32,0.0,0.0010211375472276116,1,36,35,3,-1,4,16,0,9,76,43
948,0,206,1,94,93,0,8,1,32,31,0,8,1,37,36,0.0,0.012525953912658701,1,75,74,3,-1,4,2,0,90,40,15
949,52,52,53,53,0,114,114,65,65,0,52,52,53,53,0,0.002757071377514551,0.002757071377514551,47,47,0,-1,2,2,9,3,29,43,66
950,150,350,83,96,13,140,140,88,88,0,150,140,91,89,-2,0.017257224548146634,0.018210286258892407,79,79,0,3,2,2,7,8,62,20,61
951,16,222,40,97,57,38,38,51,51,0,16,38,40,53,13,0.0038462847612240037,0.0061949011198475104,51,57,6,3,3,3,3,1,94,90,41
952,22,228,47,99,52,22,22,54,54,0,22,22,54,54,0,0.005207801490860819,0.012151536812008578,56,72,16,3,3,3,2,3,99,29,14
953,46,662,52,100,48,90,100,63,69,6,46,70,52,60,8,0.0051397256543789785,0.008713707069675619,55,65,10,2,2,2,6,3,65,29,54
954,6,212,29,94,65,15,20,29,31,2,6,14,29,35,6,0.00017018959120460194,0.001497668402600497,31,42,11,3,4,4,6,1,59,55,52
955,1,617,26,100,74,9,56,26,40,14,1,46,26,51,25,3.4037918240920386e-05,0.009564655025698629,27,68,41,2,6,3,9,1,26,68,39
956,0,616,1,100,99,0,58,1,38,37,0,34,1,45,44,0.0,0.005514142755029102,1,57,56,2,-1,3,8,0,42,66,38
957,70,276,65,98,33,38,38,46,46,0,38,38,51,51,0,0.007250076585316042,0.012117498893767658,60,75,15,3,3,3,3,9,96,31,57
958,49,1689,54,100,46,62,96,46,62,16,49,96,54,67,13,0.003914360597705844,0.02743456210218183,50,89,39,1,3,2,7,4,62,22,32
959,0,206,1,93,92,0,14,1,33,32,0,14,1,39,38,0.0,0.006297014874570271,1,59,58,3,-1,4,3,0,55,80,77
960,100,100,67,67,0,100,100,54,54,0,100,100,67,67,0,0.01940161339732462,0.03958609891419041,79,97,18,1,1,1,8,2,27,83,21
961,66,272,65,97,32,28,28,48,48,0,28,28,54,54,0,0.005173763572619898,0.013070560604513427,56,75,19,3,3,3,3,6,55,28,20
962,6,212,31,95,64,14,18,32,34,2,6,18,31,45,14,0.00034037918240920387,0.011402702610708328,32,72,40,3,4,4,3,1,94,60,5
963,206,822,89,100,11,166,166,87,87,0,166,166,91,91,0,0.019878144252697506,0.030497974743864665,79,88,9,2,2,2,8,18,10,30,17
964,62,62,66,66,0,38,38,51,51,0,38,38,54,54,0,0.008713707069675619,0.008713707069675619,65,65,0,-1,3,3,3,9,94,31,85
965,106,312,80,99,19,78,78,78,78,0,78,78,78,78,0,0.013615167296368155,0.022635215630212056,75,85,10,3,2,2,4,8,67,17,19
966,16,117,44,84,40,28,28,44,44,0,16,17,43,46,3,0.0018040096667687805,0.0018040096667687805,44,44,0,6,3,3,3,2,76,94,58
967,0,102,1,78,77,0,15,1,26,25,0,2,1,26,25,0.0,6.807583648184077e-05,1,26,25,4,-1,5,14,0,17,81,58
968,66,682,69,100,31,32,32,64,64,0,32,32,64,64,0,0.010892133837094524,0.03417406991388407,71,95,24,2,3,3,2,9,89,27,11
969,286,286,94,94,0,272,272,95,95,0,272,272,95,95,0,0.025222097416522007,0.025222097416522007,85,85,0,-1,2,2,11,16,5,18,86
970,406,1022,97,100,3,182,192,99,99,0,182,192,99,99,0,0.03897341638585384,0.04714251676367474,95,96,1,2,2,2,6,29,41,0,77
971,0,206,1,94,93,0,28,1,33,32,0,12,1,36,35,0.0,0.0030974505599237552,1,49,48,3,-1,4,6,0,32,81,29
972,58,160,67,92,25,46,46,82,82,0,46,46,82,82,0,0.012151536812008578,0.015385139044896015,72,76,4,4,2,2,2,4,86,72,73
973,100,100,64,64,0,100,100,45,45,0,100,100,64,64,0,0.024881718234112803,0.024881718234112803,86,86,0,-1,1,1,10,13,18,24,40
974,49,665,56,100,44,70,70,63,63,0,49,70,55,65,10,0.005037611899656217,0.012628067667381462,56,74,18,2,3,3,5,4,49,22,8
975,0,101,1,78,77,0,14,1,25,24,0,1,1,25,24,0.0,0.00010211375472276115,1,27,26,5,-1,6,14,0,17,66,55
976,0,0,1,1,0,0,0,1,1,0,0,0,1,1,0,0.0,0.0,1,1,0,-1,-1,-1,12,0,6,40,67
977,217,318,89,94,5,160,160,86,86,0,160,160,88,88,0,0.017052997038701112,0.017087034956942034,79,79,0,5,2,2,7,15,24,19,58
978,54,54,63,63,0,22,22,48,48,0,22,22,51,51,0,0.006433166547533953,0.006433166547533953,59,59,0,-1,3,3,2,7,95,62,85
979,182,388,86,96,10,320,320,92,92,0,182,188,86,86,0,0.012594029749140543,0.012798257258586064,72,72,0,3,2,2,14,6,16,77,88
980,275,275,94,94,0,246,246,95,95,0,246,246,96,96,0,0.018857006705469893,0.018857006705469893,79,79,0,-1,2,2,10,15,22,19,79
981,90,690,58,100,42,188,188,70,70,0,90,188,58,90,32,0.004935498144933456,0.015351101126655093,56,72,16,2,2,2,14,6,8,28,33
982,18,634,43,100,57,50,50,45,45,0,18,50,43,55,12,0.0019061234214915416,0.01776779332176044,44,81,37,2,3,3,5,2,45,61,16
983,172,378,88,100,12,88,88,71,71,0,88,88,71,71,0,0.019980258007420267,0.02365635317743967,85,90,5,3,2,2,4,18,53,30,38
984,0,0,1,1,0,0,0,1,1,0,0,0,1,1,0,0.0,0.0,1,1,0,-1,-1,-1,11,0,38,40,86
985,8,8,38,38,0,12,12,34,34,0,8,8,38,38,0,0.0002042275094455223,0.0002042275094455223,32,32,0,-1,4,4,4,2,72,56,92
986,54,54,59,59,0,54,54,55,55,0,54,54,60,60,0,0.006909697402906838,0.006909697402906838,61,61,0,-1,3,3,4,7,73,62,45
987,40,40,51,51,0,118,118,70,70,0,40,40,51,51,0,0.0053099152455835805,0.0053099152455835805,54,54,0,-1,2,2,9,1,35,90,97
988,150,1790,83,100,17,140,164,88,96,8,150,164,91,96,5,0.017257224548146634,0.04384083869430545,79,97,18,1,2,2,7,8,62,20,12
989,0,206,1,91,90,0,18,1,31,30,0,18,1,40,39,0.0,0.0029612988869600733,1,47,46,3,-1,4,5,0,52,92,35
990,564,1164,100,100,0,336,336,100,100,0,336,336,100,100,0,0.04615541713468804,0.053813948738895126,98,100,2,2,2,2,12,40,2,3,17
991,204,1844,90,100,10,200,224,94,95,1,200,224,93,95,2,0.02018448551686579,0.03965417475067225,83,94,11,1,2,2,8,12,30,37,14
992,0,616,1,100,99,0,110,1,60,59,0,110,1,78,77,0.0,0.016882807447496512,1,80,79,2,-1,3,10,0,1,36,16
993,100,716,66,100,34,130,130,85,85,0,98,130,68,86,18,0.008645631233193778,0.014295925661186561,66,75,9,2,2,2,7,6,62,41,44
994,0,0,1,1,0,0,0,1,1,0,0,0,1,1,0,0.0,0.0,1,1,0,-1,-1,-1,10,0,22,87,91
995,0,0,1,1,0,0,0,1,1,0,0,0,1,1,0,0.0,0.0,1,1,0,-1,-1,-1,8,0,10,59,91
996,0,0,1,1,0,0,0,1,1,0,0,0,1,1,0,0.0,0.0,1,1,0,-1,-1,-1,5,0,52,59,81
997,15,115,49,84,35,12,12,35,35,0,12,12,43,43,0,0.0042547397801150485,0.004322815616596889,56,56,0,5,4,4,2,6,86,73,60
998,91,297,76,99,23,38,38,59,59,0,38,38,62,62,0,0.015317063208414174,0.021546002246502605,78,84,6,3,3,3,3,12,92,37,27
999,12,1652,40,100,60,20,68,35,70,35,12,68,40,72,32,0.002110350930937064,0.04615541713468804,47,97,50,1,4,2,4,2,47,83,1
