,FreeNet_pre_score,FreeNet_post_score,FreeNet_pre_rank,FreeNet_post_rank,FreeNet_delta_ranks,Reversed_pre_score,Reversed_post_score,Reversed_pre_rank,Reversed_post_rank,Reversed_delta_ranks,Independent_pre_score,Independent_post_score,Independent_pre_rank,Independent_post_rank,Independent_delta_ranks,Random_pre_score,Random_post_score,Random_pre_rank,Random_post_rank,Random_delta_ranks,dist_victim_relayer,dist_victim_vilain_pre,dist_victim_vilain_post,out_deg_victim,in_deg_villain,victim,villain,relayer
0,32,32,44,44,0,44,44,44,44,0,32,32,44,44,0,0.004288777698355968,0.004288777698355968,48,48,0,-1,3,3,4,3,67,29,89
1,6,622,30,100,70,15,39,28,34,6,6,30,30,44,14,6.807583648184077e-05,0.0016338200755641784,29,41,12,2,4,3,9,2,54,58,64
2,22,228,40,94,54,40,44,36,37,1,22,48,40,50,10,0.0005786446100956465,0.00707988699411144,34,57,23,3,3,3,7,2,46,63,34
3,0,102,1,74,73,0,5,1,26,25,0,2,1,26,25,0.0,6.807583648184077e-05,1,27,26,4,-1,5,4,0,83,36,65
4,77,179,62,90,28,60,60,51,51,0,60,60,57,57,0,0.006943735321147759,0.007318152421797883,61,62,1,4,3,3,5,8,37,57,42
5,0,0,1,1,0,0,0,1,1,0,0,0,1,1,0,0.0,0.0,1,1,0,-1,-1,-1,14,0,25,82,86
6,328,328,95,95,0,224,224,96,96,0,224,224,96,96,0,0.025051907825317403,0.025051907825317403,86,86,0,-1,2,2,8,19,42,15,89
7,16,632,41,100,59,28,38,42,52,10,16,38,41,54,13,0.0014636304843595766,0.01834643793185609,42,85,43,2,3,3,3,1,64,71,23
8,196,396,95,100,5,32,32,64,64,0,32,32,64,64,0,0.030191633479696382,0.03693114129139862,93,96,3,3,3,3,2,29,89,0,14
9,82,288,72,99,27,32,32,70,70,0,32,32,70,70,0,0.012764219340345145,0.019367575479083698,75,83,8,3,3,3,2,6,95,77,25
10,0,0,1,1,0,0,0,1,1,0,0,0,1,1,0,0.0,0.0,1,1,0,-1,-1,-1,5,0,88,66,82
11,246,246,92,92,0,200,200,94,94,0,200,200,94,94,0,0.020354675108070392,0.020354675108070392,81,81,0,-1,2,2,8,14,10,32,87
12,22,228,48,93,45,38,38,57,57,0,22,38,48,59,11,0.0045270431260424114,0.017052997038701112,54,80,26,3,3,3,3,3,85,29,18
13,100,100,66,66,0,100,100,49,49,0,100,100,66,66,0,0.03618230709009837,0.03618230709009837,94,94,0,-1,1,1,9,16,54,18,82
14,145,761,83,100,17,204,214,79,82,3,145,214,83,88,5,0.009973110044589673,0.017393376221110316,65,77,12,2,2,2,11,8,5,44,31
15,50,151,57,91,34,48,48,54,54,0,48,48,56,56,0,0.006909697402906838,0.006977773239388679,58,58,0,5,3,3,3,6,87,26,4
16,18,634,50,100,50,24,38,45,48,3,18,38,48,53,5,0.0009190237925048504,0.03223390857415161,39,91,52,2,3,3,3,2,87,63,3
17,100,100,80,80,0,100,100,98,98,0,100,100,98,98,0,0.08305252050784574,0.08305252050784574,99,99,0,-1,1,1,2,7,89,62,80
18,18,120,43,78,35,62,62,47,47,0,18,23,43,48,5,0.0019061234214915416,0.0027911092957554717,45,48,3,4,3,3,6,2,59,61,43
19,0,206,1,92,91,0,14,1,31,30,0,6,1,31,30,0.0,0.0020763130126961434,1,45,44,3,-1,4,3,1,87,69,46
20,0,102,1,80,79,0,6,1,29,28,0,3,1,31,30,0.0,0.00034037918240920387,1,34,33,4,-1,5,3,0,76,66,56
21,136,752,82,100,18,276,276,87,87,0,136,227,82,90,8,0.008543517478471017,0.021682153919466287,63,81,18,2,2,2,14,7,16,62,37
22,40,246,58,97,39,52,52,81,81,0,40,52,67,81,14,0.0088498587426393,0.01147077844719017,68,73,5,3,2,2,3,1,81,90,35
23,104,104,77,77,0,124,124,89,89,0,104,104,82,82,0,0.013036522686272508,0.013036522686272508,72,72,0,-1,2,2,6,6,56,77,50
24,0,102,1,75,74,0,16,1,28,27,0,2,1,25,24,0.0,0.0004084550188910446,1,33,32,4,-1,5,8,0,15,82,49
25,88,704,73,100,27,48,48,64,64,0,48,48,66,66,0,0.012287688484972258,0.021035433472888797,73,85,12,2,3,3,3,8,85,17,72
26,22,22,41,41,0,52,52,40,40,0,22,22,41,41,0,0.002110350930937064,0.002110350930937064,42,42,0,-1,3,3,6,2,56,83,93
27,134,340,80,97,17,166,166,88,88,0,134,140,83,83,0,0.013751318969331836,0.01409169815174104,75,75,0,3,2,2,8,6,21,77,49
28,0,0,1,1,0,0,0,1,1,0,0,0,1,1,0,0.0,0.0,1,1,0,-1,-1,-1,9,0,26,99,91
29,0,0,1,1,0,0,0,1,1,0,0,0,1,1,0,0.0,0.0,1,1,0,-1,-1,-1,3,0,94,93,69
30,24,640,49,100,51,40,50,45,49,4,24,46,49,52,3,0.0018380475850097008,0.005956635692161067,45,57,12,2,3,3,5,3,37,43,29
31,56,56,53,53,0,154,154,67,67,0,56,56,53,53,0,0.004731270635487933,0.004731270635487933,55,55,0,-1,2,2,10,3,18,29,50
32,2,104,27,83,56,6,6,29,29,0,2,4,27,30,3,0.0002042275094455223,0.0005446066918547262,31,36,5,4,5,5,3,1,85,65,49
33,169,375,90,99,9,104,104,86,86,0,104,104,86,86,0,0.0230436706491031,0.02546036284420845,86,87,1,3,2,2,5,16,45,18,70
34,0,206,1,96,95,0,12,1,34,33,0,12,1,42,41,0.0,0.008203138296061813,1,65,64,3,-1,4,2,0,86,82,14
35,22,638,47,100,53,28,48,45,59,14,22,48,47,62,15,0.0025188059498281084,0.03567173831648456,46,94,48,2,3,3,3,3,58,51,2
36,12,628,37,100,63,14,38,34,56,22,12,38,37,58,21,0.002280540522141666,0.03478675244222063,47,91,44,2,4,3,3,2,55,75,2
37,0,616,1,100,99,0,80,1,44,43,0,80,1,58,57,0.0,0.011198475101262807,1,73,72,2,-1,3,9,0,28,84,19
38,68,668,64,100,36,72,72,79,79,0,72,72,80,80,0,0.009564655025698629,0.02205657102011641,70,88,18,2,2,2,3,4,75,72,20
39,200,816,91,100,9,88,88,73,73,0,88,88,74,74,0,0.02413288403281255,0.049184791858129955,87,97,10,2,2,2,4,16,83,18,11
40,0,0,1,1,0,0,0,1,1,0,0,0,1,1,0,0.0,0.0,1,1,0,-1,-1,-1,9,1,35,50,89
41,100,100,66,66,0,100,100,45,45,0,100,100,66,66,0,0.047959426801456824,0.05728581639946901,97,98,1,2,1,1,10,22,1,9,19
42,129,129,83,83,0,96,96,74,74,0,96,96,74,74,0,0.016304162837400864,0.016304162837400864,79,79,0,-1,3,3,6,15,69,19,67
43,16,118,41,85,44,18,18,41,41,0,16,18,41,44,3,0.00088498587426393,0.0018720855032506212,37,43,6,4,3,3,2,1,91,55,64
44,0,0,1,1,0,0,0,1,1,0,0,0,1,1,0,0.0,0.0,1,1,0,-1,-1,-1,6,0,65,89,59
45,87,1727,58,100,42,140,174,64,75,11,87,174,58,85,27,0.007726607440688927,0.04527043126042411,63,96,33,1,3,2,10,8,18,57,2
46,6,6,28,28,0,18,18,28,28,0,6,6,28,28,0,0.0002042275094455223,0.0002042275094455223,29,29,0,-1,4,4,8,1,27,95,40
47,186,186,92,92,0,104,104,86,86,0,104,104,87,87,0,0.024881718234112803,0.024881718234112803,88,88,0,-1,2,2,5,17,49,6,96
48,66,682,55,100,45,194,214,72,73,1,64,117,54,75,21,0.005650294427992784,0.01147077844719017,55,67,12,2,2,2,15,6,7,41,57
49,0,616,1,100,99,0,40,1,38,37,0,40,1,52,51,0.0,0.014023622315259198,1,76,75,2,-1,3,5,0,63,82,18
50,82,698,66,100,34,86,86,57,57,0,86,86,66,66,0,0.012287688484972258,0.019367575479083698,72,82,10,2,3,3,6,8,65,20,31
51,144,144,81,81,0,280,280,81,81,0,144,144,81,81,0,0.008066986623098132,0.008066986623098132,58,58,0,-1,2,2,17,6,20,13,40
52,6,622,28,100,72,43,122,30,54,24,6,74,28,53,25,0.00017018959120460194,0.008611593314952858,29,64,35,2,4,3,16,1,4,60,27
53,114,114,77,77,0,180,180,76,76,0,114,114,77,77,0,0.006705469893461316,0.006705469893461316,58,58,0,-1,2,2,12,6,3,28,36
54,36,137,44,81,37,92,92,41,41,0,36,37,44,44,0,0.004322815616596889,0.004356853534837809,51,51,0,5,3,3,11,6,33,73,55
55,0,206,1,94,93,0,24,1,35,34,0,24,1,46,45,0.0,0.004935498144933456,1,54,53,3,-1,4,4,0,53,82,13
56,214,830,94,100,6,72,72,87,87,0,72,72,87,87,0,0.029578950951359814,0.05670717178937336,90,98,8,2,2,2,3,22,55,9,11
57,166,268,87,95,8,104,104,82,82,0,104,104,83,83,0,0.017223186629905716,0.01773375540351952,80,81,1,4,2,2,5,13,50,33,49
58,100,100,77,77,0,100,100,97,97,0,100,100,97,97,0,0.04969536063174376,0.05572007216038667,97,98,1,3,1,1,3,1,55,78,31
59,100,100,64,64,0,100,100,57,57,0,100,100,65,65,0,0.06719085060757685,0.06719085060757685,99,99,0,-1,1,1,8,36,10,2,76
60,6,1646,29,100,71,48,144,35,71,36,6,144,29,80,51,0.0005105687736138058,0.034820790360461554,35,94,59,1,4,2,10,1,12,49,1
61,124,330,78,97,19,182,182,71,71,0,124,130,78,81,3,0.007726607440688927,0.009564655025698629,63,69,6,3,3,3,12,9,6,31,94
62,0,206,1,91,90,0,24,1,39,38,0,24,1,50,49,0.0,0.01330882603219987,1,73,72,3,-1,4,4,0,84,59,23
63,235,851,95,100,5,72,72,84,84,0,72,72,84,84,0,0.03699921712788046,0.04220701861874128,93,95,2,2,2,2,3,29,85,0,74
64,102,102,83,83,0,48,48,72,72,0,48,48,74,74,0,0.01320671227747711,0.01320671227747711,75,75,0,-1,3,3,3,14,60,14,50
65,56,56,62,62,0,54,54,55,55,0,54,54,60,60,0,0.005616256509751864,0.005616256509751864,57,57,0,-1,3,3,4,6,84,28,66
66,146,762,87,100,13,102,102,92,92,0,102,102,92,92,0,0.017869907076483203,0.030566050580346504,81,91,10,2,2,2,4,8,47,8,37
67,0,0,1,1,0,0,0,1,1,0,0,0,1,1,0,0.0,0.0,1,1,0,-1,-1,-1,6,1,41,45,93
68,100,100,66,66,0,100,100,43,43,0,100,100,66,66,0,0.019844106334456584,0.044249293713196504,82,95,13,2,1,1,11,6,33,28,11
69,0,616,1,100,99,0,50,1,49,48,0,50,1,54,53,0.0,0.023894618605126112,1,85,84,2,-1,3,5,0,70,99,10
70,288,288,95,95,0,296,296,98,98,0,296,296,98,98,0,0.024779604479390042,0.024779604479390042,85,85,0,-1,2,2,11,18,38,30,92
71,0,206,1,92,91,0,30,1,35,34,0,30,1,49,48,0.0,0.009326389598012186,1,68,67,3,-1,4,5,0,63,59,19
72,32,648,44,100,56,108,152,58,69,11,32,152,44,83,39,0.003267640151128357,0.0317233398005378,51,92,41,2,3,3,12,2,2,75,3
73,160,262,93,98,5,32,32,63,63,0,32,32,64,64,0,0.0283876238129276,0.029306647605432452,90,93,3,4,3,3,2,27,86,10,51
74,7,213,36,93,57,10,18,32,34,2,7,13,36,40,4,0.0004765308553728854,0.003437829742332959,35,50,15,3,4,4,3,2,58,56,90
75,0,616,1,99,98,0,64,1,35,34,0,32,1,46,45,0.0,0.004629156880765172,1,56,55,2,-1,3,11,0,19,66,26
76,0,0,1,1,0,0,0,1,1,0,0,0,1,1,0,0.0,0.0,1,1,0,-1,-1,-1,5,0,52,76,86
77,100,100,57,57,0,100,100,38,38,0,100,100,57,57,0,0.031110657272201234,0.031246808945164913,90,90,0,4,1,1,16,17,4,6,60
78,6,212,31,94,63,14,18,33,35,2,6,18,31,44,13,0.00034037918240920387,0.003880322679464924,34,52,18,3,4,4,3,1,66,49,28
79,44,250,54,95,41,80,80,70,70,0,44,80,54,73,19,0.006875659484665918,0.007488342013002485,59,62,3,3,3,3,5,4,45,38,63
80,50,666,59,100,41,38,48,52,64,12,38,48,55,67,12,0.005241839409101739,0.029034344259505088,57,91,34,2,3,3,3,6,66,26,11
81,20,620,48,100,52,30,30,44,44,0,20,30,48,51,3,0.0014295925661186562,0.00980292045338507,41,68,27,2,3,3,4,3,84,43,33
82,100,100,57,57,0,100,100,38,38,0,100,100,57,57,0,0.02913645801422785,0.02913645801422785,89,89,0,-1,1,1,16,18,4,5,96
83,0,206,1,93,92,0,12,1,35,34,0,12,1,36,35,0.0,0.003778208924742163,1,53,52,3,-1,4,2,0,68,67,13
84,0,0,1,1,0,0,0,1,1,0,0,0,1,1,0,0.0,0.0,1,1,0,-1,-1,-1,6,0,74,76,81
85,0,102,1,83,82,0,4,1,28,27,0,4,1,32,31,0.0,0.0007488342013002485,1,37,36,4,-1,5,2,0,86,98,64
86,14,630,39,100,61,18,28,36,41,5,14,28,39,50,11,0.0014636304843595766,0.00888389666088022,42,68,26,2,4,3,3,3,64,43,57
87,174,380,87,98,11,196,196,94,94,0,174,180,91,91,0,0.014908608189523128,0.0156914803090643,75,78,3,3,2,2,9,8,23,17,71
88,128,744,80,100,20,220,220,82,82,0,128,220,80,92,12,0.007250076585316042,0.018312400013615168,61,80,19,2,2,2,12,5,6,47,37
89,0,616,1,99,98,0,132,1,59,58,0,107,1,76,75,0.0,0.01596378365499166,1,78,77,2,-1,3,17,0,20,76,16
90,2,618,28,100,72,13,52,31,40,9,2,34,28,46,18,0.0002382654276864427,0.0053439531638245,32,53,21,2,5,3,7,1,46,55,26
91,543,543,100,100,0,232,232,100,100,0,232,232,100,100,0,0.0490826781034072,0.0490826781034072,95,95,0,-1,2,2,7,40,46,3,98
92,235,441,94,100,6,56,56,76,76,0,56,56,77,77,0,0.033969842404438545,0.035059055788148,93,93,0,3,2,2,2,29,68,0,43
93,8,214,35,94,59,32,36,37,38,1,8,14,35,38,3,0.00034037918240920387,0.0020082371762143027,34,44,10,3,4,4,6,2,32,56,53
94,0,616,1,100,99,0,54,1,33,32,0,19,1,39,38,0.0,0.001497668402600497,1,39,38,2,-1,3,14,0,16,99,64
95,0,206,1,92,91,0,28,1,35,34,0,28,1,47,46,0.0,0.007011811157629599,1,58,57,3,-1,4,6,0,69,85,27
96,106,106,74,74,0,184,184,82,82,0,106,106,74,74,0,0.009598692943939549,0.009598692943939549,66,66,0,-1,2,2,10,7,22,48,80
97,0,0,1,1,0,0,0,1,1,0,0,0,1,1,0,0.0,0.0,1,1,0,-1,-1,-1,6,1,48,50,45
98,126,228,80,92,12,110,110,83,83,0,110,110,83,83,0,0.01504475986248681,0.015214949453691413,76,77,1,4,2,2,6,8,71,17,63
99,97,303,72,96,24,72,72,77,77,0,72,72,77,77,0,0.011300588855985567,0.013615167296368155,72,75,3,3,2,2,3,8,64,57,46
100,164,265,87,93,6,190,190,92,92,0,164,165,87,87,0,0.01579359406378706,0.015827631982027978,80,80,0,5,2,2,8,8,57,17,55
101,0,206,1,88,87,0,26,1,29,28,0,6,1,28,27,0.0,0.0008509479560230097,1,36,35,3,-1,4,11,0,33,92,71
102,168,374,94,100,6,56,56,82,82,0,56,56,82,82,0,0.03179141563701964,0.03672691378195309,94,95,1,3,2,2,2,22,89,9,34
103,0,616,1,100,99,0,68,1,37,36,0,50,1,55,54,0.0,0.008611593314952858,1,66,65,2,-1,3,11,0,38,97,8
104,37,243,60,100,40,12,12,39,39,0,12,12,44,44,0,0.007760645358929848,0.009394465434494027,65,68,3,3,4,4,2,9,97,31,52
105,0,616,1,100,99,0,98,1,52,51,0,98,1,68,67,0.0,0.033799652813233945,1,92,91,2,-1,3,8,0,57,98,2
106,88,294,73,98,25,48,48,64,64,0,48,48,66,66,0,0.012287688484972258,0.020626978453997753,73,85,12,3,3,3,3,8,85,17,27
107,16,118,42,85,43,28,28,43,43,0,16,20,42,44,2,0.0026889955410327104,0.002995336805200994,47,48,1,4,3,3,3,2,96,94,63
108,46,662,53,100,47,84,98,48,54,6,46,98,53,66,13,0.002825147213996392,0.012287688484972258,47,70,23,2,2,2,9,2,23,52,19
109,100,100,76,76,0,100,100,97,97,0,100,100,97,97,0,0.05173763572619899,0.05561795840566391,98,98,0,3,1,1,3,3,94,51,13
110,40,40,50,50,0,86,86,54,54,0,40,40,50,50,0,0.004731270635487933,0.004731270635487933,53,53,0,-1,2,2,7,2,43,94,76
111,0,0,1,1,0,0,0,1,1,0,0,0,1,1,0,0.0,0.0,1,1,0,-1,-1,-1,4,0,72,79,89
112,0,616,1,100,99,0,28,1,41,40,0,28,1,50,49,0.0,0.020797168045202357,1,85,84,2,-1,3,3,0,64,86,10
113,100,100,62,62,0,100,100,43,43,0,100,100,62,62,0,0.04697232717247013,0.04697232717247013,95,95,0,-1,1,1,12,30,14,7,80
114,92,708,64,100,36,114,114,67,67,0,92,114,64,78,14,0.00789679703189353,0.01575955614554614,63,76,13,2,3,3,9,7,35,48,20
115,226,842,92,100,8,228,238,77,80,3,226,238,92,93,1,0.013138636440995268,0.02198849518363457,71,85,14,2,2,2,15,14,7,32,77
116,0,616,1,100,99,0,38,1,34,33,0,16,1,35,34,0.0,0.0027911092957554717,1,46,45,2,-1,3,8,0,39,93,94
117,12,114,35,82,47,14,14,32,32,0,12,14,35,38,3,0.0012253650566731338,0.0015317063208414173,38,41,3,4,4,4,3,3,82,51,49
118,22,22,44,44,0,28,28,38,38,0,22,22,44,44,0,0.0004765308553728854,0.0004765308553728854,35,35,0,-1,3,3,5,2,37,63,86
119,40,142,54,87,33,48,48,70,70,0,40,42,70,70,0,0.006841621566424997,0.00704584907587052,60,60,0,4,2,2,3,1,94,55,65
120,36,652,50,100,50,84,114,46,62,16,36,114,50,74,24,0.004969536063174376,0.02566459035365397,56,87,31,2,3,3,9,6,28,73,9
121,12,12,40,40,0,18,18,38,38,0,12,12,40,40,0,0.002212464685659825,0.002212464685659825,49,49,0,-1,4,4,3,2,76,75,89
122,14,220,40,94,54,14,14,34,34,0,14,14,40,40,0,0.0010211375472276116,0.010687906327649,40,73,33,3,4,4,3,4,55,64,39
123,16,222,43,93,50,48,48,73,73,0,16,48,43,74,31,0.004561081044283332,0.00793083495013445,51,67,16,3,3,3,3,1,92,90,26
124,100,100,67,67,0,100,100,70,70,0,100,100,71,71,0,0.0317233398005378,0.03883726471289016,91,95,4,2,1,1,6,8,74,57,27
125,174,380,90,99,9,190,190,93,93,0,190,190,94,94,0,0.01950372715204738,0.019639878825011062,82,82,0,3,2,2,8,12,39,37,65
126,1,207,26,89,63,9,34,26,33,7,1,19,26,44,18,3.4037918240920386e-05,0.004186663943633207,27,51,24,3,6,4,9,2,26,58,22
127,36,652,52,100,48,88,98,52,54,2,36,98,52,66,14,0.00439089145307873,0.018993158378433576,54,82,28,2,3,3,8,6,21,73,12
128,34,1674,52,100,48,22,56,42,79,37,22,56,45,80,35,0.006126825283365669,0.07042445284046428,56,98,42,1,3,2,2,7,91,62,7
129,6,622,27,100,73,36,58,30,34,4,6,22,27,38,11,0.00010211375472276115,0.0012253650566731338,28,38,10,2,4,3,14,1,8,4,56
130,16,632,37,100,63,38,42,38,39,1,16,48,37,54,17,0.0008509479560230097,0.004901460226692535,38,55,17,2,3,3,6,2,48,42,47
131,12,1652,35,100,65,50,108,36,60,24,12,102,35,75,40,0.0009530617107457708,0.020831205963443275,37,83,46,1,4,2,9,2,54,74,77
132,0,1640,1,100,99,0,78,1,68,67,0,78,1,69,68,0.0,0.05316722829231764,1,96,95,1,-1,2,4,0,53,81,3
133,254,254,94,94,0,176,176,85,85,0,176,176,89,89,0,0.025834779944858572,0.025834779944858572,87,87,0,-1,2,2,8,15,30,16,59
134,40,656,47,100,53,62,80,43,55,12,40,80,47,60,13,0.0026549576227917903,0.020729092208720514,41,83,42,2,2,2,6,1,51,4,37
135,29,229,48,92,44,40,40,44,44,0,29,40,48,50,2,0.004220701861874128,0.017189148711664794,51,80,29,3,3,3,5,4,88,22,16
136,0,206,1,90,89,0,10,1,31,30,0,6,1,31,30,0.0,0.0002382654276864427,1,31,30,3,-1,4,4,0,79,93,4
137,0,0,1,1,0,0,0,1,1,0,0,0,1,1,0,0.0,0.0,1,1,0,-1,-1,-1,8,1,15,45,99
138,100,100,68,68,0,100,100,63,63,0,100,100,68,68,0,0.0374076721467715,0.038939378467612924,92,94,2,2,1,1,6,14,41,32,4
139,86,187,66,92,26,70,70,56,56,0,70,70,63,63,0,0.006058749446883829,0.006092787365124749,58,58,0,5,3,3,5,6,37,13,95
140,0,102,1,79,78,0,6,1,28,27,0,5,1,31,30,0.0,0.00088498587426393,1,36,35,4,-1,5,3,0,58,67,64
141,13,219,43,94,51,24,24,40,40,0,13,24,43,52,9,0.0015317063208414173,0.0048674223084516155,42,56,14,3,4,4,4,4,78,64,73
142,6,212,28,91,63,26,30,31,31,0,6,12,28,32,4,0.00037441710065012424,0.0008509479560230097,32,38,6,3,4,4,9,1,31,4,49
143,102,102,81,81,0,48,48,69,69,0,48,48,70,70,0,0.01415977398822288,0.01415977398822288,77,77,0,-1,3,3,3,14,55,14,80
144,2,1642,26,100,74,13,124,28,64,36,2,124,26,79,53,0.0,0.02923857176895061,1,88,87,1,5,2,10,1,1,68,0
145,40,656,51,100,49,80,80,58,58,0,40,80,51,61,10,0.0035739814152966403,0.01330882603219987,50,73,23,2,2,2,6,1,41,53,33
146,100,100,69,69,0,100,100,71,71,0,100,100,72,72,0,0.026787841655604345,0.03077027808979203,89,90,1,2,1,1,6,3,56,43,75
147,0,0,1,1,0,0,0,1,1,0,0,0,1,1,0,0.0,0.0,1,1,0,-1,-1,-1,3,0,76,98,92
148,71,173,60,89,29,74,74,58,58,0,74,74,62,62,0,0.006841621566424997,0.007011811157629599,60,60,0,4,2,2,5,6,61,35,55
149,91,707,65,100,35,122,122,74,74,0,91,122,65,80,15,0.008237176214302734,0.016304162837400864,65,79,14,2,2,2,8,8,57,44,32
150,22,228,43,92,49,58,58,39,39,0,22,58,43,53,10,0.0012934408931549745,0.01232172640321318,40,76,36,3,3,3,8,2,30,74,12
151,0,616,1,100,99,0,36,1,40,39,0,36,1,52,51,0.0,0.015385139044896015,1,79,78,2,-1,3,5,1,49,50,15
152,229,229,96,96,0,32,32,69,69,0,32,32,69,69,0,0.029817216379046257,0.029817216379046257,91,91,0,-1,3,3,2,29,90,1,87
153,184,184,89,89,0,220,220,85,85,0,184,184,88,88,0,0.013615167296368155,0.013615167296368155,76,76,0,-1,2,2,12,13,3,33,97
154,1,207,25,96,71,2,8,25,32,7,1,8,25,37,12,0.0,0.004356853534837809,1,52,51,3,6,4,2,2,99,58,38
155,14,630,41,100,59,24,34,38,42,4,14,34,41,51,10,0.003608019333537561,0.014636304843595765,51,78,27,2,4,3,4,6,79,73,8
156,86,86,67,67,0,66,66,51,51,0,86,86,66,66,0,0.006705469893461316,0.006705469893461316,60,60,0,-1,3,3,6,6,65,13,59
157,180,282,87,95,8,172,172,88,88,0,172,172,90,90,0,0.016406276592123625,0.01664454201981007,78,78,0,4,2,2,9,13,35,33,55
158,16,616,37,100,63,46,46,41,41,0,16,46,37,50,13,0.0014636304843595766,0.008066986623098132,41,66,25,2,3,3,6,1,59,71,27
159,100,202,76,91,15,78,78,75,75,0,78,78,77,77,0,0.011368664692467409,0.012015385139044895,71,74,3,4,2,2,4,7,77,21,74
160,56,56,54,54,0,196,196,73,73,0,56,56,54,54,0,0.005888559855679227,0.005888559855679227,57,57,0,-1,2,2,12,3,6,29,89
161,0,0,1,1,0,0,0,1,1,0,0,0,1,1,0,0.0,0.0,1,1,0,-1,-1,-1,14,0,8,92,91
162,426,426,99,99,0,152,152,96,96,0,152,152,96,96,0,0.05071649817897137,0.05071649817897137,99,99,0,-1,2,2,5,36,61,2,76
163,0,206,1,93,92,0,11,1,32,31,0,10,1,39,38,0.0,0.0009870996289866913,1,38,37,3,-1,4,4,0,72,36,54
164,40,40,45,45,0,188,188,71,71,0,40,40,45,45,0,0.0026889955410327104,0.0026889955410327104,47,47,0,-1,2,2,14,1,25,53,91
165,40,141,47,79,32,64,64,40,40,0,40,41,47,49,2,0.004050512270669526,0.0040845501889104465,49,49,0,5,3,3,8,6,27,73,58
166,190,390,91,100,9,64,64,67,67,0,64,64,68,68,0,0.02117158514585248,0.028047244630518397,85,90,5,3,3,3,4,17,67,6,25
167,24,1664,44,100,56,56,90,44,66,22,24,90,44,68,24,0.0016678579938050988,0.04322815616596889,39,97,58,1,3,2,6,4,56,64,3
168,139,239,90,97,7,56,56,84,84,0,56,56,84,84,0,0.02467749072466728,0.025324211171244768,87,87,0,4,2,2,2,17,86,6,71
169,1,207,26,91,65,6,28,26,33,7,1,28,26,51,25,0.0,0.006467204465774873,1,58,57,3,6,4,6,1,44,68,32
170,190,806,92,100,8,104,104,80,80,0,104,104,81,81,0,0.021920419347152727,0.03652268627250757,85,94,9,2,2,2,5,16,63,12,5
171,64,680,60,100,40,70,70,59,59,0,64,70,65,66,1,0.008577555396711936,0.016304162837400864,65,78,13,2,3,3,5,7,88,62,17
172,204,820,92,100,8,204,204,97,97,0,204,204,97,97,0,0.01872085503250621,0.02917049593246877,80,89,9,2,2,2,8,8,21,8,19
173,78,78,61,61,0,124,124,75,75,0,78,78,61,61,0,0.008237176214302734,0.008237176214302734,66,66,0,-1,3,3,9,8,23,44,87
174,76,692,62,100,38,86,96,57,66,9,76,96,62,69,7,0.008305252050784574,0.02889819258654141,64,90,26,2,3,3,6,7,65,21,16
175,12,628,39,100,61,18,28,35,44,9,12,28,39,49,10,0.002382654276864427,0.00976888253514415,45,65,20,2,4,3,3,2,58,83,48
176,0,0,1,1,0,0,0,1,1,0,0,0,1,1,0,0.0,0.0,1,1,0,-1,-1,-1,10,0,22,99,81
177,88,294,61,97,36,184,184,83,83,0,88,94,61,63,2,0.007352190340038803,0.008135062459579971,62,64,2,3,2,2,10,7,1,62,71
178,96,712,71,100,29,72,72,77,77,0,72,72,77,77,0,0.014806494434800367,0.023350011913271386,77,88,11,2,2,2,3,6,64,77,27
179,342,342,98,98,0,224,224,96,96,0,224,224,96,96,0,0.03533135913407536,0.03533135913407536,92,92,0,-1,2,2,8,29,30,0,50
180,61,161,66,91,25,52,52,78,78,0,52,52,80,80,0,0.010347527145239796,0.01055175465468532,67,67,0,4,2,2,3,6,85,35,88
181,150,766,83,100,17,144,144,88,88,0,144,144,89,89,0,0.014806494434800367,0.02913645801422785,75,89,14,2,2,2,6,8,34,17,37
182,22,22,40,40,0,56,56,38,38,0,22,22,40,40,0,0.0007147962830593281,0.0007147962830593281,36,36,0,-1,3,3,8,2,42,63,89
183,8,8,36,36,0,18,18,36,36,0,8,8,36,36,0,0.0004084550188910446,0.0004084550188910446,34,34,0,-1,4,4,3,2,75,56,50
184,16,632,31,100,69,50,154,33,65,32,16,154,31,83,52,0.0002723033459273631,0.022737329384934817,32,86,54,2,3,3,14,1,25,4,0
185,77,283,59,94,35,76,76,55,55,0,76,76,60,60,0,0.008203138296061813,0.009598692943939549,61,64,3,3,3,3,6,8,71,44,61
186,136,136,80,80,0,246,246,74,74,0,136,136,80,80,0,0.009292351679771264,0.009292351679771264,64,64,0,-1,2,2,17,7,20,48,92
187,32,32,52,52,0,48,48,65,65,0,32,32,54,54,0,0.00527587732734266,0.00527587732734266,58,58,0,-1,3,3,3,3,66,29,87
188,18,634,42,100,58,36,50,38,44,6,18,50,42,57,15,0.0007488342013002485,0.013104598522754349,36,74,38,2,3,3,5,2,63,56,37
189,216,832,87,100,13,176,176,88,88,0,176,176,88,88,0,0.024064808196330712,0.03066816433506927,85,91,6,2,2,2,8,18,27,30,34
190,0,0,1,1,0,0,0,1,1,0,0,0,1,1,0,0.0,0.0,1,1,0,-1,-1,-1,10,0,0,93,91
191,237,237,93,93,0,96,96,87,87,0,96,96,87,87,0,0.027638789611627353,0.027638789611627353,90,90,0,-1,2,2,3,19,87,15,85
192,0,616,1,100,99,0,26,1,41,40,0,24,1,49,48,0.0,0.00353994349705572,1,51,50,2,-1,3,4,1,79,50,54
193,62,678,57,100,43,154,154,71,71,0,62,110,57,78,21,0.0038462847612240037,0.009530617107457708,53,68,15,2,2,2,10,6,1,70,48
194,0,0,1,1,0,0,0,1,1,0,0,0,1,1,0,0.0,0.0,1,1,0,-1,-1,-1,9,1,29,69,89
195,128,728,78,100,22,150,150,84,84,0,128,134,81,81,0,0.009258313761530345,0.01324075019571803,65,74,9,2,2,2,7,6,24,26,29
196,0,0,1,1,0,0,0,1,1,0,0,0,1,1,0,0.0,0.0,1,1,0,-1,-1,-1,6,0,74,97,45
197,143,349,83,99,16,70,70,56,56,0,70,70,63,63,0,0.013376901868681712,0.01415977398822288,75,77,2,3,3,3,5,14,37,32,71
198,36,1676,52,100,48,38,72,47,78,31,38,72,53,79,26,0.0040845501889104465,0.056434868443446,52,97,45,1,3,2,3,6,75,41,10
199,0,206,1,91,90,0,32,1,34,33,0,20,1,41,40,0.0,0.004663194799006093,1,53,52,3,-1,4,6,0,65,36,72
200,60,676,62,100,38,108,108,67,67,0,60,108,62,78,16,0.005548180673270023,0.011879233466081215,59,73,14,2,3,3,8,5,57,47,24
201,116,116,82,82,0,208,208,74,74,0,116,116,82,82,0,0.008951972497362062,0.008951972497362062,65,65,0,-1,2,2,14,7,17,48,50
202,0,616,1,100,99,0,28,1,43,42,0,28,1,52,51,0.0,0.015453214881377854,1,79,78,2,-1,3,3,0,76,67,23
203,0,206,1,95,94,0,14,1,31,30,0,6,1,30,29,0.0,0.0014295925661186562,1,38,37,3,-1,4,3,0,94,92,71
204,0,101,1,82,81,0,3,1,25,24,0,1,1,25,24,0.0,6.807583648184077e-05,1,28,27,6,-1,7,3,0,75,87,68
205,119,325,83,97,14,48,48,54,54,0,48,48,56,56,0,0.017869907076483203,0.02277136730317574,82,89,7,3,3,3,3,18,87,5,72
206,0,616,1,100,99,0,36,1,40,39,0,36,1,52,51,0.0,0.012662105585622384,1,74,73,2,-1,3,5,1,49,69,39
207,0,101,1,82,81,0,4,1,25,24,0,1,1,25,24,0.0,6.807583648184077e-05,1,29,28,5,-1,6,4,0,78,84,60
208,16,632,40,100,60,94,104,51,65,14,16,46,40,51,11,0.0020422750944552232,0.008271214132543654,43,62,19,2,3,3,9,1,26,53,72
209,100,100,61,61,0,100,100,40,40,0,100,100,61,61,0,0.05711562680826441,0.0674631539535042,99,100,1,2,1,1,14,40,8,3,30
210,1,1,26,26,0,4,4,26,26,0,1,1,26,26,0,0.0,0.0,1,1,0,-1,6,6,4,2,73,58,87
211,306,306,98,98,0,288,288,97,97,0,288,288,97,97,0,0.026243234963749616,0.026243234963749616,89,89,0,-1,2,2,12,15,14,16,67
212,104,720,75,100,25,174,174,76,76,0,104,128,75,79,4,0.006467204465774873,0.00888389666088022,57,66,9,2,2,2,10,5,18,47,54
213,88,294,78,99,21,32,32,63,63,0,32,32,65,65,0,0.01232172640321318,0.018006058749446885,76,83,7,3,3,3,2,9,98,27,21
214,0,206,1,88,87,0,58,1,34,33,0,22,1,40,39,0.0,0.0053099152455835805,1,55,54,3,-1,4,11,0,33,82,25
215,6,212,29,89,60,24,28,32,33,1,6,12,29,33,4,0.0,0.00013615167296368154,1,30,29,3,4,4,8,1,42,95,4
216,20,636,45,100,55,32,32,58,58,0,32,32,60,60,0,0.0022465026039007454,0.014636304843595765,46,77,31,2,3,3,2,3,91,43,5
217,6,622,29,100,71,19,54,29,34,5,6,54,29,51,22,0.00017018959120460194,0.006501242384015794,31,57,26,2,4,3,8,1,42,65,31
218,16,632,32,100,68,88,134,37,61,24,16,134,32,81,49,0.0004084550188910446,0.01674665577453283,36,78,42,2,3,3,14,1,8,49,23
219,0,206,1,89,88,0,14,1,28,27,0,6,1,28,27,0.0,0.00013615167296368154,1,30,29,3,-1,4,8,0,42,40,4
220,48,48,63,63,0,12,12,37,37,0,12,12,41,41,0,0.00707988699411144,0.00707988699411144,63,63,0,-1,4,4,2,13,89,24,45
221,61,677,57,100,43,130,140,67,69,2,61,140,57,80,23,0.005173763572619898,0.013376901868681712,58,74,16,2,3,3,10,6,11,35,34
222,0,101,1,76,75,0,5,1,25,24,0,1,1,25,24,0.0,0.0,1,1,0,6,-1,7,5,0,70,97,78
223,176,278,93,100,7,56,56,85,85,0,56,56,85,85,0,0.03094046768099663,0.031076619353960312,92,92,0,4,2,2,2,17,90,6,56
224,12,218,35,94,59,32,36,35,37,2,12,36,35,49,14,0.0004765308553728854,0.011879233466081215,33,71,38,3,4,4,6,2,59,56,12
225,22,638,43,100,57,68,78,40,44,4,22,42,43,51,8,0.0020082371762143027,0.003778208924742163,43,51,8,2,3,3,8,2,15,83,43
226,6,6,28,28,0,32,32,29,29,0,6,6,28,28,0,0.0002042275094455223,0.0002042275094455223,32,32,0,-1,4,4,16,1,9,55,67
227,135,235,78,92,14,228,228,77,77,0,135,135,78,78,0,0.008271214132543654,0.008305252050784574,61,61,0,5,2,2,15,8,7,57,78
228,32,1672,40,100,60,100,204,40,72,32,32,204,40,87,47,0.00088498587426393,0.038530923448721874,36,96,60,1,3,2,15,2,7,63,2
229,0,616,1,100,99,0,30,1,39,38,0,30,1,47,46,0.0,0.006467204465774873,1,55,54,2,-1,3,6,0,69,85,44
230,0,102,1,82,81,0,5,1,28,27,0,2,1,26,25,0.0,0.00034037918240920387,1,32,31,4,-1,5,3,0,85,91,49
231,100,100,60,60,0,100,100,52,52,0,100,100,60,60,0,0.03866707512168556,0.05429047959426801,95,99,4,1,1,1,9,16,29,12,26
232,8,214,35,93,58,14,14,34,34,0,8,14,35,39,4,0.0008509479560230097,0.002110350930937064,38,44,6,3,4,4,3,3,55,51,61
233,62,163,52,81,29,174,174,67,67,0,62,63,52,53,1,0.0031314884781646754,0.003199564314646516,50,50,0,5,2,2,15,6,7,70,58
234,70,172,61,82,21,110,110,58,58,0,64,68,58,61,3,0.005241839409101739,0.005956635692161067,55,57,2,4,2,2,10,6,12,41,51
235,0,206,1,89,88,0,44,1,35,34,0,21,1,44,43,0.0,0.0030634126416828346,1,50,49,3,-1,4,8,0,57,81,28
236,106,706,83,100,17,72,72,80,80,0,72,72,80,80,0,0.02100139555464788,0.05585622383335035,86,96,10,2,2,2,3,12,66,37,2
237,0,1640,1,100,99,0,142,1,65,64,0,129,1,79,78,0.0,0.021035433472888797,1,86,85,1,-1,2,16,0,9,40,6
238,0,206,1,95,94,0,12,1,40,39,0,12,1,40,39,0.0,0.01242384015793594,1,74,73,3,-1,4,2,1,95,69,30
239,206,822,93,100,7,120,120,90,90,0,120,120,90,90,0,0.028217434221723,0.034684638687497875,88,93,5,2,2,2,6,22,69,9,44
240,8,214,38,97,59,12,12,35,35,0,8,12,38,41,3,0.0011913271384322134,0.0033016780693692774,39,52,13,3,4,4,2,2,98,74,90
241,492,2092,98,100,2,400,400,99,99,0,400,400,99,99,0,0.041594336090404714,0.056877361380577966,95,100,5,1,2,2,13,29,13,0,6
242,100,100,73,73,0,100,100,82,82,0,100,100,82,82,0,0.034820790360461554,0.034820790360461554,92,92,0,-1,1,1,5,6,88,35,85
243,12,12,37,37,0,26,26,36,36,0,12,12,37,37,0,0.0020422750944552232,0.0020422750944552232,45,45,0,-1,4,4,5,2,45,75,96
244,100,100,58,58,0,100,100,35,35,0,100,100,59,59,0,0.0424112461281868,0.048333843902106946,97,98,1,2,1,1,17,29,20,0,32
245,462,462,98,98,0,312,312,98,98,0,312,312,98,98,0,0.037475747983253344,0.037475747983253344,97,97,0,-1,2,2,12,29,2,11,91
246,56,262,54,92,38,66,66,44,44,0,56,66,54,56,2,0.008203138296061813,0.011640968038394772,65,70,5,3,3,3,6,5,51,25,73
247,54,54,65,65,0,48,48,68,68,0,48,48,69,69,0,0.007454304094761564,0.007454304094761564,67,67,0,-1,3,3,3,7,81,62,82
248,162,362,93,100,7,56,56,82,82,0,56,56,82,82,0,0.027026107083290785,0.03917764389529936,89,98,9,3,2,2,2,16,89,12,6
249,0,102,1,74,73,0,9,1,25,24,0,2,1,25,24,0.0,6.807583648184077e-05,1,27,26,4,-1,5,8,0,10,79,95
250,8,8,38,38,0,20,20,36,36,0,8,8,38,38,0,0.0009530617107457708,0.0009530617107457708,38,38,0,-1,4,4,4,2,78,74,85
251,228,228,90,90,0,248,248,89,89,0,228,228,91,91,0,0.016916845365737433,0.016916845365737433,76,76,0,-1,2,2,11,13,5,33,76
252,75,75,73,73,0,22,22,52,52,0,22,22,54,54,0,0.010994247591817285,0.010994247591817285,68,68,0,-1,3,3,2,14,86,32,84
253,0,102,1,81,80,0,4,1,26,25,0,2,1,26,25,0.0,0.00010211375472276115,1,28,27,4,-1,5,3,0,81,99,65
254,8,8,36,36,0,18,18,36,36,0,8,8,36,36,0,0.0004084550188910446,0.0004084550188910446,34,34,0,-1,4,4,3,2,75,56,59
255,0,206,1,92,91,0,14,1,33,32,0,14,1,37,36,0.0,0.0016678579938050988,1,44,43,3,-1,4,5,0,37,67,70
256,0,0,1,1,0,0,0,1,1,0,0,0,1,1,0,0.0,0.0,1,1,0,-1,-1,-1,4,0,83,36,87
257,52,52,67,67,0,22,22,47,47,0,22,22,52,52,0,0.00796487286837537,0.00796487286837537,67,67,0,-1,3,3,2,7,89,21,50
258,108,1708,77,100,23,104,104,82,82,0,104,104,82,82,0,0.017257224548146634,0.0494230572858164,80,99,19,1,2,2,5,9,80,39,23
259,254,870,92,100,8,190,190,91,91,0,190,190,91,91,0,0.025936893699581333,0.03417406991388407,87,94,7,2,2,2,8,15,27,16,17
260,0,102,1,77,76,0,15,1,28,27,0,2,1,25,24,0.0,0.0004084550188910446,1,34,33,4,-1,5,8,0,30,99,49
261,78,1718,60,100,40,100,124,63,87,24,78,124,61,88,27,0.008203138296061813,0.031178733108683073,64,92,28,1,2,2,6,4,41,72,32
262,16,632,36,100,64,88,96,42,43,1,16,96,36,62,26,0.0012253650566731338,0.009598692943939549,38,67,29,2,3,3,11,1,38,71,32
263,0,206,1,94,93,0,18,1,35,34,0,18,1,44,43,0.0,0.008373327887266415,1,67,66,3,-1,4,3,0,66,97,33
264,28,129,46,80,34,56,56,44,44,0,28,29,46,46,0,0.001599782157323258,0.0016678579938050988,42,42,0,5,3,3,6,3,41,43,55
265,88,704,64,100,36,94,94,68,68,0,88,94,72,72,0,0.008475441641989176,0.0123557643214541,65,74,9,2,2,2,5,4,61,72,28
266,2,208,28,95,67,3,8,28,31,3,2,8,28,36,8,0.00017018959120460194,0.002995336805200994,31,49,18,3,5,4,2,1,95,4,73
267,0,0,1,1,0,0,0,1,1,0,0,0,1,1,0,0.0,0.0,1,1,0,-1,-1,-1,9,0,54,87,96
268,128,334,81,96,15,150,150,85,85,0,128,150,86,88,2,0.00796487286837537,0.019265461724360937,61,84,23,3,2,2,7,5,46,47,37
269,36,36,52,52,0,88,88,52,52,0,36,36,52,52,0,0.00439089145307873,0.00439089145307873,54,54,0,-1,3,3,8,6,21,73,93
270,0,0,1,1,0,0,0,1,1,0,0,0,1,1,0,0.0,0.0,1,1,0,-1,-1,-1,8,0,10,99,66
271,170,170,88,88,0,86,86,56,56,0,86,86,66,66,0,0.019163347969638176,0.019163347969638176,83,83,0,-1,3,3,6,17,59,6,80
272,170,786,88,100,12,86,86,56,56,0,86,86,66,66,0,0.019163347969638176,0.03536539705231628,83,94,11,2,3,3,6,17,59,6,15
273,100,100,67,67,0,100,100,57,57,0,100,100,67,67,0,0.051533408216753465,0.051533408216753465,98,98,0,-1,1,1,8,29,21,1,93
274,208,1848,89,100,11,252,286,92,95,3,208,286,89,95,6,0.017495489975833077,0.03008951972497362,79,90,11,1,2,2,11,8,33,20,13
275,204,204,91,91,0,162,162,86,86,0,162,162,89,89,0,0.018754892950747133,0.018754892950747133,82,82,0,-1,2,2,9,16,31,12,84
276,2,208,26,86,60,12,34,26,31,5,2,14,26,34,8,3.4037918240920386e-05,0.00030634126416828345,28,32,4,3,5,4,11,1,5,68,56
277,256,1896,94,100,6,88,112,80,96,16,88,112,80,96,16,0.03260832567480173,0.06838217774600905,90,100,10,1,2,2,4,27,84,10,15
278,54,654,51,100,49,86,86,63,63,0,54,86,51,66,15,0.007147962830593281,0.02746860002042275,59,90,31,2,3,3,6,4,56,38,7
279,119,119,86,86,0,64,64,68,68,0,64,64,71,71,0,0.020933319718166036,0.020933319718166036,83,83,0,-1,3,3,4,16,72,18,59
280,132,732,81,100,19,158,158,78,78,0,132,158,82,87,5,0.017052997038701112,0.03100854351747847,78,90,12,2,2,2,9,9,29,39,23
281,22,228,41,90,49,112,112,58,58,0,22,31,41,45,4,0.002110350930937064,0.003437829742332959,44,52,8,3,3,3,12,2,14,52,54
282,96,198,67,91,24,56,56,44,44,0,56,56,52,52,0,0.009258313761530345,0.009564655025698629,66,68,2,4,3,3,6,13,56,24,49
283,94,94,77,77,0,72,72,79,79,0,72,72,80,80,0,0.008611593314952858,0.008611593314952858,68,68,0,-1,2,2,3,5,75,47,80
284,0,0,1,1,0,0,0,1,1,0,0,0,1,1,0,0.0,0.0,1,1,0,-1,-1,-1,11,0,33,84,76
285,0,1640,1,100,99,0,46,1,81,80,0,46,1,81,80,0.0,0.061438442424861295,1,98,97,1,-1,2,2,0,95,36,16
286,100,202,63,92,29,144,144,70,70,0,100,102,63,76,13,0.010109261717553355,0.010211375472276116,69,69,0,4,2,2,10,6,36,35,60
287,54,1694,54,100,46,54,88,56,83,27,54,88,57,83,26,0.006535280302256714,0.06341264168283468,55,99,44,1,3,2,4,7,67,62,3
288,100,100,70,70,0,100,100,68,68,0,100,100,73,73,0,0.04670002382654277,0.050103815650634806,94,96,2,3,1,1,6,20,48,23,29
289,192,808,92,100,8,48,48,60,60,0,48,48,63,63,0,0.026855917492086184,0.0317233398005378,90,91,1,2,3,3,3,22,58,9,94
290,0,206,1,94,93,0,15,1,30,29,0,7,1,34,33,0.0,0.001157289220191293,1,39,38,3,-1,4,6,0,32,82,83
291,290,890,95,100,5,118,118,92,92,0,118,118,92,92,0,0.03461656285101603,0.037509785901494265,91,94,3,2,2,2,5,27,88,10,54
292,203,409,89,98,9,192,192,91,91,0,192,192,91,91,0,0.025256135334762925,0.03077027808979203,88,92,4,3,2,2,9,15,26,16,27
293,200,1840,89,100,11,254,278,90,96,6,200,278,89,96,7,0.01606589740971442,0.03114469519044215,76,92,16,1,2,2,12,13,14,33,21
294,20,20,48,48,0,30,30,44,44,0,20,20,48,48,0,0.0014295925661186562,0.0014295925661186562,41,41,0,-1,3,3,4,3,84,43,97
295,0,616,1,100,99,0,74,1,44,43,0,55,1,51,50,0.0,0.005480104836788182,1,56,55,2,-1,3,8,1,42,45,28
296,169,375,92,100,8,72,72,80,80,0,72,72,80,80,0,0.023588277340957826,0.029851254297287178,89,90,1,3,2,2,3,16,87,12,20
297,6,6,28,28,0,20,20,28,28,0,6,6,28,28,0,6.807583648184077e-05,6.807583648184077e-05,27,27,0,-1,4,4,9,1,29,95,59
298,0,206,1,93,92,0,25,1,29,28,0,8,1,34,33,0.0,0.0005446066918547262,1,35,34,3,-1,4,9,0,23,66,74
299,0,0,1,1,0,0,0,1,1,0,0,0,1,1,0,0.0,0.0,1,1,0,-1,-1,-1,2,0,90,93,84
300,0,616,1,100,99,0,138,1,65,64,0,138,1,84,83,0.0,0.02314578440382586,1,85,84,2,-1,3,12,0,3,40,1
301,32,648,48,100,52,86,96,56,60,4,32,96,48,68,20,0.004731270635487933,0.014534191088873005,54,78,24,2,3,3,6,3,48,29,32
302,6,212,29,89,60,28,36,30,32,2,6,12,29,34,5,0.00013615167296368154,0.0007828721195411688,30,35,5,3,4,4,10,1,18,95,49
303,126,126,78,78,0,206,206,75,75,0,126,126,78,78,0,0.009292351679771264,0.009292351679771264,64,64,0,-1,2,2,12,7,14,48,59
304,162,762,84,100,16,110,110,78,78,0,110,110,82,82,0,0.020014295925661188,0.038394771775758195,82,95,13,2,2,2,6,18,51,30,1
305,100,100,69,69,0,100,100,69,69,0,100,100,71,71,0,0.042989890738282445,0.048299805983866025,96,97,1,2,1,1,6,9,34,39,28
306,60,266,61,95,34,60,60,52,52,0,60,60,62,62,0,0.005650294427992784,0.012866333095067906,56,75,19,3,3,3,5,6,45,28,8
307,0,616,1,100,99,0,34,1,44,43,0,34,1,52,51,0.0,0.015351101126655093,1,78,77,2,-1,3,4,0,84,98,16
308,32,238,51,92,41,64,68,41,42,1,32,51,51,59,8,0.002586881786309949,0.006262976956329351,47,59,12,3,3,3,8,2,57,83,22
309,6,108,30,75,45,13,13,30,30,0,6,8,30,34,4,3.4037918240920386e-05,0.00013615167296368154,26,29,3,4,4,4,5,1,63,95,60
310,2,208,29,89,60,14,34,29,33,4,2,21,29,44,15,0.00013615167296368154,0.003710133088260322,30,49,19,3,5,4,9,1,26,55,22
311,118,118,88,88,0,32,32,67,67,0,32,32,68,68,0,0.02117158514585248,0.02117158514585248,85,85,0,-1,3,3,2,19,97,15,98
312,0,206,1,87,86,0,68,1,33,32,0,14,1,33,32,0.0,0.0030293747234419145,1,48,47,3,-1,4,14,0,16,76,70
313,100,100,68,68,0,100,100,57,57,0,100,100,68,68,0,0.0545968208584363,0.058034650600769254,97,98,1,3,1,1,8,29,39,1,35
314,0,0,1,1,0,0,0,1,1,0,0,0,1,1,0,0.0,0.0,1,1,0,-1,-1,-1,6,0,32,66,80
315,2,2,27,27,0,4,4,27,27,0,2,2,27,27,0,0.0,0.0,1,1,0,-1,5,5,3,1,58,78,91
316,6,6,29,29,0,26,26,29,29,0,6,6,29,29,0,0.00017018959120460194,0.00017018959120460194,30,30,0,-1,4,4,12,1,6,55,93
317,0,0,1,1,0,0,0,1,1,0,0,0,1,1,0,0.0,0.0,1,1,0,-1,-1,-1,5,0,45,91,84
318,343,959,97,100,3,152,152,96,96,0,152,152,96,96,0,0.035195207461111676,0.04343238367541441,90,94,4,2,2,2,5,30,80,7,48
319,100,100,73,73,0,100,100,87,87,0,100,100,87,87,0,0.0547670104496409,0.055243541305013785,97,98,1,3,1,1,4,18,79,5,64
320,114,730,78,100,22,100,104,49,59,10,114,104,78,77,-1,0.00803294870485721,0.01681473161101467,66,76,10,2,3,3,9,9,54,31,14
321,16,632,35,100,65,78,92,39,42,3,16,32,35,45,10,0.00088498587426393,0.0030293747234419145,37,49,12,2,3,3,11,2,5,42,53
322,22,22,43,43,0,52,52,39,39,0,22,22,43,43,0,0.0020082371762143027,0.0020082371762143027,44,44,0,-1,3,3,7,2,43,83,76
323,0,616,1,100,99,0,56,1,40,39,0,56,1,53,52,0.0,0.012253650566731339,1,73,72,2,-1,3,6,1,40,69,5
324,0,206,1,91,90,0,20,1,29,28,0,20,1,40,39,0.0,0.003267640151128357,1,45,44,3,-1,4,4,0,67,76,28
325,0,0,1,1,0,0,0,1,1,0,0,0,1,1,0,0.0,0.0,1,1,0,-1,-1,-1,9,0,23,66,96
326,116,116,79,79,0,110,110,82,82,0,110,110,83,83,0,0.013717281051090916,0.013717281051090916,73,73,0,-1,2,2,6,8,56,20,96
327,62,678,52,100,48,154,154,66,66,0,62,108,52,71,19,0.003778208924742163,0.007624493685966166,51,59,8,2,2,2,10,6,0,70,13
328,0,101,1,80,79,0,3,1,24,23,0,1,1,24,23,0.0,0.0,1,1,0,6,-1,7,3,1,76,50,78
329,112,213,71,87,16,204,204,79,79,0,112,113,71,71,0,0.009224275843289425,0.009224275843289425,62,62,0,5,2,2,11,7,5,62,58
330,0,206,1,93,92,0,12,1,33,32,0,9,1,39,38,0.0,0.001157289220191293,1,41,40,3,-1,4,4,0,72,86,64
331,98,304,72,95,23,80,80,68,68,0,80,80,72,72,0,0.012968446849790666,0.018959120460192654,74,81,7,3,3,3,5,8,88,8,72
332,12,628,36,100,64,36,46,36,39,3,12,46,36,56,20,0.001497668402600497,0.010755982164130842,42,71,29,2,4,3,6,2,44,83,33
333,64,64,63,63,0,70,70,59,59,0,64,64,65,65,0,0.008066986623098132,0.008066986623098132,65,65,0,-1,3,3,5,7,80,62,97
334,138,1778,82,100,18,236,270,81,87,6,138,270,82,90,8,0.007658531604207087,0.023520201504475986,62,86,24,1,2,2,14,6,25,28,32
335,6,6,27,27,0,16,16,29,29,0,6,6,27,27,0,0.00034037918240920387,0.00034037918240920387,29,29,0,-1,4,4,4,1,67,4,96
336,292,292,96,96,0,256,256,94,94,0,256,256,96,96,0,0.022396950202525613,0.022396950202525613,83,83,0,-1,2,2,10,16,11,12,76
337,2,618,27,100,73,6,28,29,42,13,2,28,27,49,22,0.00034037918240920387,0.008509479560230097,34,69,35,2,5,3,3,1,66,60,48
338,39,39,50,50,0,94,94,52,52,0,39,39,50,50,0,0.004220701861874128,0.004220701861874128,52,52,0,-1,3,3,9,4,35,22,98
339,38,38,45,45,0,66,66,44,44,0,38,38,45,45,0,0.002995336805200994,0.002995336805200994,44,44,0,-1,3,3,6,6,51,70,92
340,18,634,39,100,61,32,50,35,45,10,18,50,39,52,13,0.00088498587426393,0.010109261717553355,37,71,34,2,3,3,5,2,50,63,20
341,0,0,1,1,0,0,0,1,1,0,0,0,1,1,0,0.0,0.0,1,1,0,-1,-1,-1,10,0,36,80,89
342,48,248,64,97,33,12,12,40,40,0,12,12,42,42,0,0.009020048333843901,0.009905034208107831,70,71,1,3,4,4,2,8,90,8,54
343,44,660,57,100,43,38,38,59,59,0,38,38,62,62,0,0.006399128629293032,0.018278362095374246,60,83,23,2,3,3,3,7,92,62,14
344,254,460,95,100,5,224,224,98,98,0,224,224,98,98,0,0.024507301133462677,0.02746860002042275,86,88,2,3,2,2,8,18,21,30,47
345,0,0,1,1,0,0,0,1,1,0,0,0,1,1,0,0.0,0.0,1,1,0,-1,-1,-1,10,0,0,89,79
346,6,6,28,28,0,31,31,31,31,0,6,6,28,28,0,0.0002042275094455223,0.0002042275094455223,29,29,0,-1,4,4,10,1,36,4,84
347,0,206,1,92,91,0,22,1,33,32,0,22,1,44,43,0.0,0.004731270635487933,1,51,50,3,-1,4,5,0,88,99,31
348,2,208,28,96,68,4,12,29,34,5,2,12,28,42,14,6.807583648184077e-05,0.005650294427992784,29,60,31,3,5,4,2,1,86,65,48
349,6,6,34,34,0,8,8,35,35,0,6,6,34,34,0,0.0006807583648184077,0.0006807583648184077,38,38,0,-1,4,4,2,2,97,42,96
350,112,712,81,100,19,110,110,77,77,0,110,110,81,81,0,0.014534191088873005,0.02559651451717213,76,85,9,2,2,2,6,8,74,17,5
351,24,230,43,87,44,78,78,39,39,0,24,30,43,43,0,0.0012253650566731338,0.0030634126416828346,39,50,11,3,3,3,12,4,2,64,94
352,32,238,44,94,50,44,44,44,44,0,32,44,44,49,5,0.002757071377514551,0.0156914803090643,44,79,35,3,3,3,4,2,67,75,6
353,22,638,41,100,59,70,84,41,47,6,22,84,41,63,22,0.0009190237925048504,0.010449640899962559,37,69,32,2,3,3,9,2,23,74,19
354,0,0,1,1,0,0,0,1,1,0,0,0,1,1,0,0.0,0.0,1,1,0,-1,-1,-1,4,1,47,69,45
355,0,0,1,1,0,0,0,1,1,0,0,0,1,1,0,0.0,0.0,1,1,0,-1,-1,-1,17,0,20,89,86
356,16,222,35,92,57,38,42,34,34,0,16,23,35,45,10,0.0004765308553728854,0.0010211375472276116,34,37,3,3,3,3,8,1,15,88,63
357,58,264,57,93,36,78,78,68,68,0,58,78,60,70,10,0.005718370264474625,0.011096361346540046,56,70,14,3,2,2,4,3,83,54,72
358,420,2020,99,100,1,288,288,99,99,0,288,288,99,99,0,0.035025017869907075,0.06256169372681167,93,100,7,1,2,2,9,29,28,0,1
359,22,638,39,100,61,98,132,37,61,24,22,94,39,56,17,0.0010892133837094523,0.009156200006807584,37,59,22,2,3,3,16,2,9,74,20
360,170,786,88,100,12,150,150,85,85,0,150,150,89,89,0,0.017155110793423873,0.019810068416215663,82,84,2,2,2,2,7,13,46,33,41
361,12,628,41,100,59,18,38,35,48,13,12,38,41,53,12,0.002280540522141666,0.008135062459579971,48,63,15,2,4,3,3,2,87,75,70
362,104,310,85,98,13,32,32,58,58,0,32,32,59,59,0,0.010347527145239796,0.013819394805813677,71,76,5,3,3,3,2,14,68,32,28
363,100,100,59,59,0,100,100,45,45,0,100,100,59,59,0,0.035875965825930084,0.036624800027230335,92,94,2,3,1,1,10,16,0,18,64
364,28,130,44,80,36,88,88,47,47,0,28,30,44,45,1,0.0030293747234419145,0.003199564314646516,48,50,2,4,3,3,8,6,10,70,55
365,70,171,58,89,31,140,140,67,67,0,70,71,58,58,0,0.006603356138738555,0.006637394056979475,59,61,2,5,3,3,10,6,1,26,58
366,0,1640,1,100,99,0,134,1,60,59,0,134,1,77,76,0.0,0.023554239422716908,1,87,86,1,-1,2,10,1,0,69,5
367,88,704,62,100,38,142,142,71,71,0,88,113,62,77,15,0.008135062459579971,0.011913271384322134,64,71,7,2,2,2,8,7,15,62,22
368,0,206,1,92,91,0,38,1,32,31,0,10,1,35,34,0.0,0.0013274788113958951,1,40,39,3,-1,4,11,0,19,36,54
369,0,206,1,89,88,0,48,1,34,33,0,12,1,32,31,0.0,0.0028932230504782326,1,48,47,3,-1,4,10,0,12,67,29
370,0,206,1,92,91,0,18,1,37,36,0,18,1,46,45,0.0,0.0048674223084516155,1,57,56,3,-1,4,3,0,76,82,13
371,6,212,30,94,64,23,28,32,35,3,6,16,30,36,6,0.0002042275094455223,0.0013955546478777359,31,38,7,3,4,4,6,1,34,65,54
372,246,452,93,100,7,88,88,77,77,0,88,88,77,77,0,0.030736240171551108,0.03349331154906566,89,91,2,3,2,2,4,22,79,9,22
373,94,300,80,99,19,32,32,63,63,0,32,32,65,65,0,0.01232172640321318,0.015827631982027978,76,80,4,3,3,3,2,14,98,14,47
374,100,100,69,69,0,100,100,57,57,0,100,100,69,69,0,0.03359542530378842,0.040198781442526976,88,96,8,2,1,1,8,16,57,12,38
375,40,246,53,93,40,72,76,56,56,0,40,76,53,60,7,0.00353994349705572,0.008475441641989176,52,65,13,3,2,2,6,2,74,42,44
376,76,76,63,63,0,124,124,68,68,0,76,76,63,63,0,0.008066986623098132,0.008066986623098132,66,66,0,-1,3,3,9,6,31,34,67
377,12,12,35,35,0,50,50,36,36,0,12,12,35,35,0,0.0009530617107457708,0.0009530617107457708,37,37,0,-1,4,4,9,2,54,74,69
378,170,271,93,100,7,32,32,69,69,0,32,32,69,69,0,0.028830116750059566,0.028864154668300487,89,89,0,6,3,3,2,29,93,0,68
379,51,667,53,100,47,50,60,46,48,2,50,60,53,56,3,0.004322815616596889,0.010687906327649,51,71,20,2,3,3,5,6,50,35,57
380,100,100,79,79,0,100,100,97,97,0,100,100,97,97,0,0.05269069743694476,0.053303379965281325,98,98,0,4,1,1,3,6,60,73,43
381,105,305,81,97,16,48,48,54,54,0,48,48,56,56,0,0.011879233466081215,0.017087034956942034,73,80,7,3,3,3,3,14,87,32,25
382,75,691,73,100,27,22,22,52,52,0,22,22,54,54,0,0.010994247591817285,0.02736648626569999,68,91,23,2,3,3,2,14,86,32,16
383,253,253,99,99,0,56,56,88,88,0,56,56,88,88,0,0.044045066203750975,0.044045066203750975,97,97,0,-1,2,2,2,40,93,3,67
384,0,616,1,99,98,0,142,1,62,61,0,114,1,76,75,0.0,0.013581129378127233,1,73,72,2,-1,3,17,0,20,87,30
385,46,1686,55,100,45,132,156,74,86,12,46,156,55,88,33,0.005888559855679227,0.03301678069369277,56,91,35,1,2,2,8,3,21,29,18
386,413,1029,99,100,1,152,152,94,94,0,152,152,94,94,0,0.03720344463732598,0.043568535348378096,93,94,1,2,2,2,5,29,52,1,27
387,0,0,1,1,0,0,0,1,1,0,0,0,1,1,0,0.0,0.0,1,1,0,-1,-1,-1,6,0,40,96,85
388,90,296,74,98,24,62,62,80,80,0,62,62,80,80,0,0.010755982164130842,0.016984921202219273,70,80,10,3,2,2,3,7,55,21,24
389,315,1915,96,100,4,350,350,98,98,0,315,350,96,98,2,0.027264372510977228,0.05653698219816876,89,99,10,1,2,2,15,20,7,23,3
390,0,206,1,89,88,0,24,1,30,29,0,24,1,43,42,0.0,0.006569318220497634,1,58,57,3,-1,4,6,0,71,87,8
391,40,656,51,100,49,80,90,58,60,2,40,90,51,65,14,0.0035739814152966403,0.011709043874876613,50,72,22,2,2,2,6,1,41,53,17
392,58,58,57,57,0,96,96,56,56,0,58,58,57,57,0,0.002110350930937064,0.002110350930937064,45,45,0,-1,2,2,7,4,43,64,80
393,118,220,77,90,13,188,188,83,83,0,118,120,77,78,1,0.007386228258279724,0.007386228258279724,63,63,0,4,2,2,10,5,12,47,95
394,111,111,78,78,0,152,152,80,80,0,111,111,78,78,0,0.00891793457912114,0.00891793457912114,67,67,0,-1,2,2,8,8,30,44,45
395,183,389,85,96,11,192,192,87,87,0,192,192,88,88,0,0.01776779332176044,0.021477926410020762,77,82,5,3,2,2,9,15,54,19,47
396,380,580,98,100,2,112,112,92,92,0,112,112,92,92,0,0.04983151230470744,0.05013785356887573,97,97,0,3,2,2,4,36,83,2,4
397,234,336,93,97,4,156,156,87,87,0,156,156,89,89,0,0.022499063957248374,0.022567139793730217,85,85,0,4,2,2,8,16,21,12,60
398,34,240,46,94,48,44,44,44,44,0,34,44,46,49,3,0.0033357159876101976,0.02032063718982947,45,83,38,3,3,3,4,3,67,54,1
399,38,244,47,94,47,106,110,57,57,0,38,48,47,52,5,0.0016338200755641784,0.004799346471969774,41,52,11,3,3,3,10,3,12,43,73
400,16,222,39,91,52,78,78,47,47,0,16,31,39,50,11,0.002927260968719153,0.008066986623098132,50,64,14,3,3,3,8,3,57,46,34
401,12,628,40,100,60,14,38,37,60,23,12,38,40,62,22,0.0012594029749140542,0.019265461724360937,39,84,45,2,4,3,3,3,81,51,23
402,18,634,40,100,60,86,100,35,38,3,18,64,40,53,13,0.0007147962830593281,0.007386228258279724,35,59,24,2,3,3,14,2,16,56,21
403,100,100,58,58,0,100,100,38,38,0,100,100,58,58,0,0.014806494434800367,0.014806494434800367,75,75,0,-1,1,1,16,6,9,28,85
404,162,368,84,96,12,240,240,88,88,0,162,168,84,84,0,0.017393376221110316,0.017495489975833077,76,76,0,3,2,2,12,9,2,39,56
405,16,222,34,92,58,102,102,57,57,0,16,62,34,55,21,0.001497668402600497,0.006399128629293032,40,58,18,3,3,3,12,1,6,71,31
406,6,212,28,89,61,42,55,32,33,1,6,18,28,38,10,0.0002042275094455223,0.0021784267674189047,29,44,15,3,4,4,14,1,17,4,75
407,100,100,60,60,0,100,100,50,50,0,100,100,60,60,0,0.06855236733721366,0.06855236733721366,100,100,0,-1,1,1,9,36,28,2,40
408,78,180,61,87,26,152,152,80,80,0,78,80,61,61,0,0.008169100377820893,0.008237176214302734,63,63,0,4,2,2,8,7,30,62,95
409,0,101,1,82,81,0,3,1,25,24,0,1,1,25,24,0.0,0.00010211375472276115,1,29,28,5,-1,6,3,1,75,69,60
410,49,49,54,54,0,98,98,52,52,0,49,49,55,55,0,0.004356853534837809,0.004356853534837809,54,54,0,-1,3,3,8,4,39,22,50
411,100,100,77,77,0,100,100,97,97,0,100,100,97,97,0,0.08169100377820893,0.08458422682868716,100,100,0,3,1,1,3,30,55,7,13
412,2,618,27,100,73,6,40,27,38,11,2,40,27,52,25,3.4037918240920386e-05,0.015112835698968652,26,78,52,2,5,3,5,2,63,58,16
413,6,622,33,100,67,8,22,33,48,15,6,22,33,52,19,0.0004765308553728854,0.017121072875182955,37,83,46,2,4,3,2,1,90,88,16
414,0,101,1,81,80,0,3,1,24,23,0,1,1,24,23,0.0,3.4037918240920386e-05,1,25,24,5,-1,6,3,0,66,91,78
415,0,206,1,94,93,0,15,1,30,29,0,9,1,36,35,0.0,0.0009870996289866913,1,37,36,3,-1,4,6,0,32,59,64
416,38,654,49,100,51,62,72,43,45,2,38,72,49,58,9,0.002144388849177984,0.009632730862180468,46,69,23,2,3,3,7,3,43,54,27
417,6,1646,33,100,67,12,46,35,81,46,6,46,33,81,48,0.001599782157323258,0.05589026175159127,44,98,54,1,4,2,2,1,86,53,21
418,6,622,29,99,70,19,112,28,57,29,6,112,29,75,46,0.00013615167296368154,0.019197385887879097,29,82,53,2,4,3,12,2,14,58,23
419,2,208,27,94,67,5,16,27,34,7,2,11,27,36,9,0.0,0.0010211375472276116,1,38,37,3,5,4,4,1,53,68,64
420,24,640,46,100,54,56,56,44,44,0,24,56,46,57,11,0.0014295925661186562,0.008305252050784574,40,66,26,2,3,3,6,4,34,64,48
421,6,6,33,33,0,12,12,34,34,0,6,6,33,33,0,0.0006126825283365669,0.0006126825283365669,37,37,0,-1,4,4,4,2,72,42,87
422,78,78,71,71,0,48,48,64,64,0,48,48,66,66,0,0.013070560604513427,0.013070560604513427,75,75,0,-1,3,3,3,13,85,33,45
423,120,221,76,89,13,116,116,68,68,0,120,121,77,77,0,0.007216038667075122,0.007250076585316042,59,59,0,5,2,2,7,6,24,13,58
424,76,76,74,74,0,38,38,59,59,0,38,38,62,62,0,0.00789679703189353,0.00789679703189353,68,68,0,-1,3,3,3,13,92,24,82
425,144,1784,81,100,19,224,248,85,88,3,144,248,81,91,10,0.01058579257292624,0.028557813404132205,68,90,22,1,2,2,11,7,5,21,19
426,168,1808,85,100,15,324,348,90,93,3,168,260,85,91,6,0.011811157629599374,0.025970931617822254,69,87,18,1,2,2,17,6,20,77,17
427,111,111,78,78,0,164,164,77,77,0,111,111,78,78,0,0.007862759113652609,0.007862759113652609,63,63,0,-1,2,2,10,8,36,44,84
428,1,1,26,26,0,4,4,26,26,0,1,1,26,26,0,0.0,0.0,1,1,0,-1,6,6,4,2,78,58,50
429,100,100,59,59,0,100,100,40,40,0,100,100,59,59,0,0.018142210422410564,0.018142210422410564,80,80,0,-1,1,1,15,7,7,21,67
430,0,206,1,93,92,0,26,1,35,34,0,26,1,48,47,0.0,0.005105687736138058,1,53,52,3,-1,4,5,0,45,97,57
431,16,16,34,34,0,40,40,33,33,0,16,16,34,34,0,0.0002042275094455223,0.0002042275094455223,33,33,0,-1,3,3,11,1,33,4,66
432,6,622,31,100,69,30,72,35,48,13,6,72,31,60,29,0.0005105687736138058,0.01861874127778345,37,81,44,2,4,3,7,1,62,49,23
433,100,100,63,63,0,100,100,39,39,0,100,100,63,63,0,0.04748289594608394,0.06715681268933592,97,100,3,2,1,1,14,29,17,0,10
434,111,727,77,100,23,218,228,76,78,2,111,228,77,89,12,0.007454304094761564,0.03434425950508867,61,95,34,2,2,2,14,8,25,57,3
435,124,330,79,96,17,178,178,80,80,0,124,132,79,80,1,0.01143674052894925,0.012151536812008578,70,71,1,3,2,2,10,6,11,34,74
436,397,397,97,97,0,184,184,94,94,0,184,184,94,94,0,0.035603662480002726,0.035603662480002726,92,92,0,-1,2,2,7,30,43,7,98
437,34,34,45,45,0,66,66,47,47,0,34,34,45,45,0,0.006671431975220395,0.006671431975220395,57,57,0,-1,3,3,6,7,71,62,69
438,0,1640,1,100,99,0,102,1,65,64,0,98,1,67,66,0.0,0.02018448551686579,1,83,82,1,-1,2,8,0,39,80,27
439,136,1776,81,100,19,228,262,79,87,8,136,262,81,90,9,0.011981347220803976,0.04254739780115048,69,97,28,1,2,2,14,8,25,17,7
440,40,246,47,93,46,52,52,35,35,0,40,40,47,47,0,0.0026549576227917903,0.0035739814152966403,44,49,5,3,2,2,9,1,29,55,78
441,74,690,58,100,42,208,218,74,76,2,74,90,58,60,2,0.00616086320160659,0.007352190340038803,58,60,2,2,2,2,14,6,17,26,42
442,47,253,56,93,37,56,56,46,46,0,47,56,56,57,1,0.004799346471969774,0.005990673610401988,56,57,1,3,3,3,6,6,74,35,53
443,37,1677,56,100,44,28,62,44,78,34,28,62,54,78,24,0.005582218591510943,0.05279281119166752,61,97,36,1,3,2,3,6,76,35,15
444,40,246,56,97,41,56,56,80,80,0,40,56,79,80,1,0.006467204465774873,0.007760645358929848,57,61,4,3,2,2,2,1,91,53,43
445,0,206,1,89,88,0,36,1,33,32,0,30,1,45,44,0.0,0.0040845501889104465,1,50,49,3,-1,4,6,0,40,92,26
446,100,100,63,63,0,100,100,45,45,0,100,100,63,63,0,0.020456788862793153,0.02049082678103407,81,81,0,4,1,1,11,7,19,62,95
447,12,218,40,92,52,24,24,37,37,0,12,24,40,53,13,0.00037441710065012424,0.004220701861874128,35,52,17,3,4,4,4,2,77,63,13
448,8,214,37,92,55,14,18,35,37,2,8,18,37,46,9,0.002110350930937064,0.00891793457912114,48,68,20,3,4,4,3,2,76,83,25
449,316,316,99,99,0,72,72,83,83,0,72,72,83,83,0,0.04544062085162871,0.04544062085162871,96,96,0,-1,2,2,3,40,58,3,67
450,291,291,97,97,0,112,112,93,93,0,112,112,93,93,0,0.03829265802103543,0.03829265802103543,94,94,0,-1,2,2,4,29,47,11,69
451,0,0,1,1,0,0,0,1,1,0,0,0,1,1,0,0.0,0.0,1,1,0,-1,-1,-1,6,0,40,91,50
452,12,628,33,100,67,64,78,35,36,1,12,35,33,47,14,0.0013274788113958951,0.003914360597705844,40,54,14,2,4,3,12,3,14,51,64
453,0,616,1,100,99,0,44,1,47,46,0,44,1,57,56,0.0,0.012117498893767658,1,75,74,2,-1,3,4,0,47,87,33
454,6,622,31,100,69,9,24,31,44,13,6,24,31,50,19,0.00037441710065012424,0.007760645358929848,34,63,29,2,4,3,3,1,85,55,38
455,108,210,85,93,8,48,48,73,73,0,48,48,75,75,0,0.017529527894074,0.01783586915824228,82,82,0,4,3,3,3,17,92,6,56
456,42,658,51,100,49,164,164,66,66,0,40,86,49,56,7,0.003710133088260322,0.010279451308757957,50,68,18,2,3,3,14,6,16,41,25
457,345,345,98,98,0,128,128,90,90,0,128,128,90,90,0,0.0370672929643623,0.0370672929643623,94,94,0,-1,2,2,5,29,63,1,84
458,540,1156,100,100,0,240,240,98,98,0,240,240,98,98,0,0.04646175839885633,0.05926001565744239,96,100,4,2,2,2,9,40,29,3,5
459,0,616,1,99,98,0,76,1,35,34,0,53,1,53,52,0.0,0.005446066918547262,1,55,54,2,-1,3,12,0,6,66,57
460,6,6,30,30,0,17,17,32,32,0,6,6,30,30,0,0.00010211375472276115,0.00010211375472276115,29,29,0,-1,4,4,5,1,80,95,76
461,76,76,63,63,0,54,54,53,53,0,54,54,57,57,0,0.008543517478471017,0.008543517478471017,65,65,0,-1,3,3,4,7,79,21,76
462,100,306,77,95,18,72,72,77,77,0,72,72,77,77,0,0.009564655025698629,0.011947309302563056,72,75,3,3,2,2,3,6,82,13,90
463,120,736,80,100,20,188,188,85,85,0,120,136,80,83,3,0.01055175465468532,0.013717281051090916,71,78,7,2,2,2,10,7,36,48,46
464,164,370,86,100,14,110,110,82,82,0,110,110,83,83,0,0.020558902617515914,0.022669253548452978,85,87,2,3,2,2,6,16,56,18,73
465,50,256,64,97,33,28,28,46,46,0,28,28,53,53,0,0.005820484019197386,0.010279451308757957,60,71,11,3,3,3,3,5,81,47,34
466,515,2155,100,100,0,344,368,100,100,0,344,368,100,100,0,0.04142414649920011,0.06303822458218455,96,100,4,1,2,2,11,29,38,1,15
467,108,308,85,98,13,72,72,80,80,0,72,72,80,80,0,0.020150447598624867,0.02396269444160795,85,87,2,3,2,2,3,9,66,39,38
468,0,206,1,86,85,0,23,1,29,28,0,15,1,34,33,0.0,0.0030293747234419145,1,47,46,3,-1,4,8,0,27,85,73
469,84,84,71,71,0,72,72,85,85,0,72,72,85,85,0,0.012968446849790666,0.012968446849790666,74,74,0,-1,2,2,3,6,94,26,36
470,6,6,33,33,0,24,24,40,40,0,6,6,33,33,0,0.00176997174852786,0.00176997174852786,44,44,0,-1,4,4,4,2,47,94,67
471,16,222,33,89,56,56,56,41,41,0,16,28,33,44,11,0.00176997174852786,0.003982436434187685,41,49,8,3,3,3,6,1,40,71,70
472,22,228,43,91,48,56,56,45,45,0,22,56,43,58,15,0.0021784267674189047,0.010517716736444398,44,73,29,3,3,3,6,2,48,52,19
473,100,100,59,59,0,100,100,39,39,0,100,100,59,59,0,0.02379250485040335,0.02661765206439974,85,88,3,3,1,1,14,8,16,17,41
474,112,112,75,75,0,190,190,78,78,0,112,112,75,75,0,0.009258313761530345,0.009258313761530345,65,65,0,-1,2,2,12,4,2,38,81
475,110,710,73,100,27,110,110,72,72,0,110,110,76,76,0,0.011606930120153852,0.02294155689438034,73,85,12,2,2,2,6,6,40,77,12
476,100,100,70,70,0,100,100,68,68,0,100,100,73,73,0,0.04877633683923891,0.05582218591510943,96,98,2,2,1,1,6,16,48,18,20
477,22,22,48,48,0,38,38,51,51,0,22,22,49,49,0,0.0034718676605738795,0.0034718676605738795,50,50,0,-1,3,3,3,2,94,83,87
478,240,240,90,90,0,300,300,91,91,0,240,240,90,90,0,0.011845195547840293,0.011845195547840293,68,68,0,-1,2,2,14,9,25,31,40
479,134,340,84,99,15,134,134,96,96,0,134,134,96,96,0,0.013887470642295518,0.02365635317743967,76,83,7,3,2,2,6,6,69,77,19
480,0,0,1,1,0,0,0,1,1,0,0,0,1,1,0,0.0,0.0,1,1,0,-1,-1,-1,6,0,44,87,85
481,0,616,1,100,99,0,86,1,35,34,0,71,1,55,54,0.0,0.008407365805507334,1,59,58,2,-1,3,16,0,9,76,32
482,9,215,42,97,55,12,12,35,35,0,12,12,42,42,0,0.0012594029749140542,0.006637394056979475,41,63,22,3,4,4,2,4,98,64,21
483,106,207,76,90,14,60,60,51,51,0,60,60,62,62,0,0.009054086252084823,0.009088124170325743,68,68,0,6,3,3,5,13,80,24,68
484,41,247,57,93,36,28,28,40,40,0,28,28,49,49,0,0.004322815616596889,0.011028285510058205,52,75,23,3,3,3,3,6,82,35,48
485,2,104,29,81,52,8,8,30,30,0,2,6,29,32,3,0.0002382654276864427,0.0010892133837094523,33,40,7,4,5,5,4,1,73,60,51
486,6,212,31,97,66,7,12,31,36,5,6,12,31,41,10,0.0006807583648184077,0.012049423057285817,36,72,36,3,4,4,2,2,99,42,33
487,40,246,57,94,37,28,28,44,44,0,28,28,54,54,0,0.0051397256543789785,0.008475441641989176,59,67,8,3,3,3,3,6,76,26,28
488,8,108,35,79,44,26,26,35,35,0,8,10,35,35,0,0.0010892133837094523,0.001940161339732462,41,44,3,4,4,4,5,2,88,74,43
489,100,100,70,70,0,100,100,53,53,0,100,100,70,70,0,0.019469689233806462,0.019469689233806462,83,83,0,-1,1,1,9,2,31,75,93
490,413,1029,99,100,1,152,152,94,94,0,152,152,94,94,0,0.03720344463732598,0.048844412675720754,93,97,4,2,2,2,5,29,52,1,37
491,8,8,37,37,0,14,14,34,34,0,8,8,37,37,0,0.0007828721195411688,0.0007828721195411688,38,38,0,-1,4,4,3,2,64,74,85
492,6,212,32,92,60,18,18,35,35,0,6,18,32,47,15,0.0009190237925048504,0.013138636440995268,39,76,37,3,4,4,3,1,87,71,30
493,305,921,98,100,2,110,110,82,82,0,110,110,83,83,0,0.031110657272201234,0.04183260151809115,91,97,6,2,2,2,6,29,56,11,37
494,0,616,1,100,99,0,34,1,38,37,0,34,1,45,44,0.0,0.008407365805507334,1,62,61,2,-1,3,4,0,67,76,77
495,105,721,71,100,29,144,144,61,61,0,105,140,71,77,6,0.006024711528642908,0.009939072126348753,56,71,15,2,2,2,10,6,0,35,41
496,100,100,66,66,0,100,100,45,45,0,100,100,66,66,0,0.0245413390517036,0.0245413390517036,86,86,0,-1,1,1,10,9,1,31,82
497,0,1640,1,100,99,0,118,1,70,69,0,118,1,79,78,0.0,0.04101569148030906,1,96,95,1,-1,2,8,0,10,76,2
498,0,206,1,95,94,0,8,1,32,31,0,8,1,36,35,0.0,0.0031314884781646754,1,50,49,3,-1,4,2,0,89,96,26
499,0,616,1,100,99,0,50,1,44,43,0,50,1,55,54,0.0,0.014602266925354846,1,77,76,2,-1,3,5,0,45,99,5
500,16,16,36,36,0,72,72,46,46,0,16,16,36,36,0,0.00353994349705572,0.00353994349705572,49,49,0,-1,3,3,7,1,43,90,45
501,100,100,60,60,0,100,100,52,52,0,100,100,60,60,0,0.03866707512168556,0.03866707512168556,95,95,0,-1,1,1,9,16,29,12,69
502,184,184,91,91,0,238,238,90,90,0,184,184,90,90,0,0.011640968038394772,0.011640968038394772,71,71,0,-1,2,2,11,7,19,48,97
503,260,876,92,100,8,372,372,97,97,0,260,294,92,96,4,0.020626978453997753,0.025902855781340415,84,86,2,2,2,2,17,12,20,37,38
504,6,622,29,100,71,30,80,30,39,9,6,80,29,62,33,0.0,0.01664454201981007,1,76,75,2,4,3,10,1,12,95,23
505,63,679,59,100,41,44,54,44,54,10,44,54,50,56,6,0.007182000748834201,0.0141938119064638,59,75,16,2,3,3,4,8,67,57,26
506,241,447,96,100,4,72,72,85,85,0,72,72,85,85,0,0.0392457197317812,0.044623710813846626,94,96,2,3,2,2,3,29,60,11,24
507,0,206,1,92,91,0,16,1,33,32,0,6,1,33,32,0.0,0.0020082371762143027,1,46,45,3,-1,4,4,0,77,99,46
508,162,1802,83,100,17,232,256,77,84,7,162,256,83,91,8,0.009939072126348753,0.031212771026923995,68,92,24,1,2,2,14,9,16,31,15
509,2,104,28,78,50,11,11,30,30,0,2,5,28,30,2,3.4037918240920386e-05,0.00034037918240920387,27,33,6,4,5,5,6,1,32,95,63
510,376,478,97,99,2,208,208,97,97,0,208,208,97,97,0,0.03369753905851118,0.0337315769767521,92,92,0,4,2,2,7,22,24,9,4
511,0,1640,1,100,99,0,192,1,73,72,0,192,1,88,87,0.0,0.031451036454610434,1,91,90,1,-1,2,13,0,13,89,11
512,36,652,52,100,48,88,98,52,54,2,36,65,52,57,5,0.00439089145307873,0.009190237925048503,54,65,11,2,3,3,8,6,21,73,22
513,2,103,28,82,54,6,6,28,28,0,2,3,28,32,4,0.00013615167296368154,0.00030634126416828345,31,33,2,5,5,5,4,1,78,55,4
514,92,194,72,93,21,54,54,55,55,0,54,54,60,60,0,0.012049423057285817,0.013717281051090916,75,75,0,4,3,3,4,8,73,17,90
515,0,1640,1,100,99,0,166,1,64,63,0,142,1,80,79,0.0,0.01923142380612002,1,81,80,1,-1,2,17,0,20,59,5
516,6,6,29,29,0,23,23,29,29,0,6,6,29,29,0,6.807583648184077e-05,6.807583648184077e-05,30,30,0,-1,4,4,10,1,0,65,50
517,6,212,30,91,61,17,18,32,32,0,6,12,30,38,8,0.00010211375472276115,0.0018720855032506212,29,44,15,3,4,4,5,1,80,95,46
518,0,102,1,77,76,0,8,1,30,29,0,2,1,26,25,0.0,0.0018380475850097008,1,44,43,4,-1,5,4,0,79,96,46
519,22,228,41,95,54,34,42,37,39,2,22,34,41,51,10,0.0008169100377820892,0.0026889955410327104,36,47,11,3,3,3,6,2,34,63,83
520,0,206,1,92,91,0,11,1,33,32,0,7,1,35,34,0.0,0.001940161339732462,1,47,46,3,-1,4,4,0,77,59,75
521,6,622,30,100,70,26,40,35,40,5,6,40,30,53,23,0.0005105687736138058,0.009190237925048503,37,68,31,2,4,3,5,2,80,42,32
522,16,16,34,34,0,40,40,32,32,0,16,16,34,34,0,0.00037441710065012424,0.00037441710065012424,34,34,0,-1,3,3,12,1,2,65,86
523,100,100,58,58,0,100,100,35,35,0,100,100,59,59,0,0.012764219340345145,0.02661765206439974,70,89,19,2,1,1,17,3,20,29,30
524,16,16,42,42,0,22,22,42,42,0,16,16,42,42,0,0.0023486163586235067,0.0023486163586235067,47,47,0,-1,3,3,2,2,68,94,45
525,235,851,95,100,5,72,72,87,87,0,72,72,87,87,0,0.0337315769767521,0.04516831750570135,92,96,4,2,2,2,3,29,55,0,57
526,17,118,49,82,33,38,38,49,49,0,17,18,47,47,0,0.0008509479560230097,0.00088498587426393,37,37,0,6,3,3,3,2,87,56,78
527,6,108,33,83,50,16,16,33,33,0,6,10,33,38,5,0.00030634126416828345,0.0017359338302869397,34,42,8,4,4,4,4,1,78,88,54
528,0,206,1,88,87,0,24,1,32,31,0,24,1,45,44,0.0,0.003982436434187685,1,52,51,3,-1,4,6,0,41,98,57
529,344,344,96,96,0,320,320,95,95,0,320,320,96,96,0,0.024507301133462677,0.024507301133462677,87,87,0,-1,2,2,14,19,17,15,86
530,193,193,96,96,0,48,48,59,59,0,48,48,63,63,0,0.028659927158854966,0.028659927158854966,92,92,0,-1,3,3,3,29,75,11,76
531,84,700,75,100,25,22,22,52,52,0,22,22,54,54,0,0.012764219340345145,0.022805405221416657,75,87,12,2,3,3,2,8,86,8,44
532,16,16,39,39,0,76,76,54,54,0,16,16,39,39,0,0.002212464685659825,0.002212464685659825,48,48,0,-1,3,3,6,1,32,53,84
533,0,206,1,92,91,0,18,1,35,34,0,18,1,44,43,0.0,0.0141938119064638,1,78,77,3,-1,4,3,0,82,79,16
534,40,40,47,47,0,62,62,43,43,0,40,40,47,47,0,0.0026549576227917903,0.0026549576227917903,41,41,0,-1,2,2,6,1,51,4,67
535,324,530,98,100,2,144,144,91,91,0,144,144,91,91,0,0.036590762108989414,0.036965179209639536,95,95,0,3,2,2,6,27,74,10,61
536,100,100,65,65,0,100,100,45,45,0,100,100,65,65,0,0.045474658769869634,0.045474658769869634,96,96,0,-1,1,1,10,22,12,9,85
537,0,102,1,84,83,0,5,1,29,28,0,2,1,26,25,0.0,0.00017018959120460194,1,31,30,4,-1,5,3,0,92,91,4
538,0,206,1,96,95,0,12,1,38,37,0,12,1,44,43,0.0,0.00789679703189353,1,65,64,3,-1,4,2,0,93,66,20
539,162,778,84,100,16,112,112,75,75,0,112,112,78,78,0,0.012491915994417782,0.015725518227305217,73,78,5,2,3,3,7,14,43,14,94
540,0,102,1,74,73,0,9,1,28,27,0,2,1,26,25,0.0,0.0002382654276864427,1,34,33,4,-1,5,6,0,74,98,49
541,6,622,30,100,70,36,64,35,45,10,6,50,30,55,25,0.0006807583648184077,0.00796487286837537,37,63,26,2,4,3,8,2,21,42,38
542,176,1816,87,100,13,182,216,88,95,7,176,216,91,95,4,0.01507879778072773,0.03247217400183805,75,91,16,1,2,2,9,9,29,27,26
543,32,632,43,100,57,166,166,61,61,0,32,162,43,86,43,0.002723033459273631,0.017869907076483203,46,79,33,2,3,3,16,2,4,52,16
544,140,1780,81,100,19,178,202,80,86,6,140,202,81,89,8,0.015248987371932332,0.031076619353960312,77,89,12,1,2,2,10,8,11,20,25
545,190,190,89,89,0,166,166,86,86,0,166,166,88,88,0,0.015725518227305217,0.015725518227305217,79,79,0,-1,2,2,8,14,57,14,36
546,0,206,1,93,92,0,26,1,35,34,0,18,1,42,41,0.0,0.003982436434187685,1,51,50,3,-1,4,5,0,45,67,26
547,84,290,75,98,23,22,22,52,52,0,22,22,54,54,0,0.012764219340345145,0.01861874127778345,75,83,8,3,3,3,2,8,86,8,38
548,32,238,47,93,46,110,110,59,59,0,32,58,47,55,8,0.0026209197045508697,0.0063650907110521125,48,58,10,3,3,3,10,2,36,52,47
549,2,618,27,100,73,4,22,27,41,14,2,18,27,44,17,3.4037918240920386e-05,0.0046972327172470135,26,52,26,2,5,3,2,1,91,95,53
550,6,622,29,100,71,22,58,30,39,9,6,58,29,60,31,0.0002723033459273631,0.009632730862180468,32,68,36,2,4,3,8,1,39,55,19
551,87,293,64,95,31,98,98,55,55,0,87,98,64,66,2,0.006297014874570271,0.00793083495013445,60,62,2,3,3,3,8,8,21,57,83
552,80,80,59,59,0,172,172,81,81,0,80,80,59,59,0,0.006637394056979475,0.006637394056979475,60,60,0,-1,2,2,9,3,28,29,93
553,1,617,26,100,74,7,58,26,42,16,1,58,26,51,25,0.0,0.010279451308757957,1,70,69,2,6,3,7,1,46,68,20
554,100,100,58,58,0,100,100,38,38,0,100,100,58,58,0,0.04894652643044351,0.04894652643044351,98,98,0,-1,1,1,16,30,9,7,89
555,206,206,92,92,0,134,134,90,90,0,134,134,90,90,0,0.022022533101875488,0.022022533101875488,86,86,0,-1,2,2,6,18,56,30,98
556,16,632,37,100,63,40,70,39,57,18,16,70,37,63,26,0.0013615167296368155,0.018959120460192654,41,83,42,2,3,3,5,1,63,71,23
557,0,1640,1,100,99,0,216,1,72,71,0,216,1,88,87,0.0,0.039279757650022125,1,98,97,1,-1,2,17,0,20,67,3
558,242,242,95,95,0,216,216,96,96,0,216,216,97,97,0,0.02634534871847238,0.02634534871847238,88,88,0,-1,2,2,9,17,35,6,69
559,8,110,36,86,50,18,18,36,36,0,8,10,36,38,2,0.0002723033459273631,0.0005446066918547262,33,36,3,4,4,4,3,2,66,63,55
560,12,628,34,100,66,28,66,34,46,12,12,66,34,54,20,0.0012594029749140542,0.025392287007726607,37,88,51,2,4,3,6,3,71,51,0
561,78,694,57,100,43,128,128,72,72,0,78,128,57,82,25,0.007420266176520644,0.014908608189523128,60,76,16,2,2,2,9,7,35,62,8
562,364,964,99,100,1,96,96,87,87,0,96,96,87,87,0,0.04428333163143742,0.058749446883828584,96,97,1,2,2,2,3,40,87,3,10
563,345,345,96,96,0,128,128,90,90,0,128,128,90,90,0,0.03563770039824364,0.03563770039824364,90,90,0,-1,2,2,5,29,61,11,91
564,32,238,49,95,46,28,28,45,45,0,32,28,55,49,-6,0.004322815616596889,0.013138636440995268,51,75,24,3,3,3,3,3,60,29,19
565,0,206,1,92,91,0,22,1,33,32,0,22,1,47,46,0.0,0.004935498144933456,1,54,53,3,-1,4,5,0,70,84,44
566,492,692,99,100,1,168,168,95,95,0,168,168,95,95,0,0.046359644644133564,0.05013785356887573,96,98,2,3,2,2,6,36,41,2,34
567,50,256,52,90,38,124,124,60,60,0,44,56,51,52,1,0.003982436434187685,0.006467204465774873,52,59,7,3,3,3,14,6,17,41,70
568,8,214,37,93,56,18,18,38,38,0,8,18,37,46,9,0.0022465026039007454,0.005922597773920147,44,59,15,3,4,4,3,2,85,83,13
569,52,668,55,100,45,96,106,56,70,14,52,69,55,58,3,0.004186663943633207,0.005786446100956465,51,55,4,2,2,2,7,6,43,70,64
570,1,103,26,75,49,6,7,26,26,0,1,3,26,29,3,3.4037918240920386e-05,0.00013615167296368154,26,31,5,4,6,5,6,2,74,58,65
571,0,0,1,1,0,0,0,1,1,0,0,0,1,1,0,0.0,0.0,1,1,0,-1,-1,-1,2,0,95,82,91
572,0,0,1,1,0,0,0,1,1,0,0,0,1,1,0,0.0,0.0,1,1,0,-1,-1,-1,4,0,72,91,45
573,213,213,93,93,0,182,182,91,91,0,182,182,92,92,0,0.024200959869294394,0.024200959869294394,87,87,0,-1,2,2,9,20,35,23,69
574,0,0,1,1,0,0,0,1,1,0,0,0,1,1,0,0.0,0.0,1,1,0,-1,-1,-1,3,0,66,36,76
575,121,327,80,95,15,94,94,68,68,0,94,94,73,73,0,0.009496579189216788,0.01058579257292624,67,70,3,3,2,2,5,8,61,44,74
576,86,1726,59,100,41,140,184,69,84,15,86,184,59,90,31,0.0063650907110521125,0.03577385207120733,59,94,35,1,3,2,10,6,36,13,23
577,8,8,37,37,0,20,20,34,34,0,8,8,37,37,0,0.0005786446100956465,0.0005786446100956465,36,36,0,-1,4,4,4,2,79,63,91
578,64,270,64,97,33,38,38,57,57,0,38,38,59,59,0,0.010960209673576363,0.013479015623404473,73,76,3,3,3,3,3,9,55,27,29
579,73,73,59,59,0,154,154,72,72,0,73,73,59,59,0,0.006092787365124749,0.006092787365124749,60,60,0,-1,2,2,10,4,11,22,81
580,252,452,92,98,6,238,238,89,89,0,238,238,91,91,0,0.020150447598624867,0.022022533101875488,84,86,2,3,2,2,11,16,33,12,35
581,0,102,1,75,74,0,12,1,29,28,0,4,1,31,30,0.0,0.0007147962830593281,1,36,35,4,-1,5,6,0,44,96,74
582,0,206,1,96,95,0,12,1,38,37,0,12,1,44,43,0.0,0.013581129378127233,1,74,73,3,-1,4,2,0,93,86,23
583,0,616,1,100,99,0,65,1,36,35,0,52,1,53,52,0.0,0.0063650907110521125,1,57,56,2,-1,3,12,0,2,98,31
584,87,1727,65,100,35,66,90,47,66,19,66,90,55,69,14,0.006433166547533953,0.0402328193607679,55,96,41,1,3,2,6,8,71,57,7
585,6,107,32,78,46,20,20,32,32,0,6,7,32,34,2,0.0004084550188910446,0.0004084550188910446,34,34,0,5,4,4,6,1,69,88,95
586,86,286,78,100,22,22,22,49,49,0,22,22,53,53,0,0.017427414139351238,0.034718676605738796,82,93,11,3,3,3,2,18,90,30,1
587,100,100,67,67,0,100,100,70,70,0,100,100,71,71,0,0.0348888661969434,0.07791279485346676,93,100,7,1,1,1,6,7,74,48,2
588,267,267,98,98,0,48,48,67,67,0,48,48,70,70,0,0.02998740597025086,0.02998740597025086,92,92,0,-1,3,3,3,29,96,1,50
589,28,130,49,83,34,28,28,40,40,0,28,28,49,49,0,0.0020082371762143027,0.0033357159876101976,44,51,7,4,3,3,3,3,82,43,52
590,0,616,1,100,99,0,88,1,51,50,0,88,1,64,63,0.0,0.022805405221416657,1,85,84,2,-1,3,8,0,21,59,7
591,126,742,81,100,19,120,120,85,85,0,120,120,85,85,0,0.018312400013615168,0.019844106334456584,83,84,1,2,2,2,6,12,48,37,61
592,22,228,47,94,47,28,28,42,42,0,22,28,47,50,3,0.0026889955410327104,0.008509479560230097,50,67,17,3,3,3,3,2,64,75,21
593,112,728,76,100,24,144,144,89,89,0,112,144,83,89,6,0.009836958371625992,0.03420810783212499,68,94,26,2,2,2,6,4,40,72,10
594,56,262,60,96,36,38,38,53,53,0,38,38,55,55,0,0.007147962830593281,0.01933353756084278,63,85,22,3,3,3,3,6,64,34,30
595,134,134,80,80,0,176,176,85,85,0,134,134,80,80,0,0.011300588855985567,0.011300588855985567,74,74,0,-1,2,2,8,7,42,21,99
596,0,0,1,1,0,0,0,1,1,0,0,0,1,1,0,0.0,0.0,1,1,0,-1,-1,-1,16,0,4,80,91
597,1,617,26,100,74,3,24,26,42,16,1,24,26,50,24,3.4037918240920386e-05,0.012389802239695021,26,75,49,2,6,3,3,2,55,58,57
598,22,228,41,90,49,78,78,37,37,0,22,28,41,45,4,0.0019061234214915416,0.002280540522141666,43,45,2,3,3,3,12,2,14,83,49
599,0,616,1,100,99,0,96,1,39,38,0,50,1,52,51,0.0,0.004595118962524252,1,55,54,2,-1,3,14,0,8,79,47
600,92,708,62,100,38,80,80,53,53,0,80,80,60,60,0,0.00891793457912114,0.02978317846080534,64,90,26,2,3,3,5,7,52,48,10
601,241,857,96,100,4,72,72,85,85,0,72,72,85,85,0,0.0392457197317812,0.04755097178256578,94,97,3,2,2,2,3,29,60,11,20
602,146,762,87,100,13,102,112,92,92,0,102,112,92,92,0,0.017869907076483203,0.024269035705776234,81,88,7,2,2,2,4,8,47,8,38
603,6,622,29,100,71,13,70,29,53,24,6,70,29,59,30,0.00010211375472276115,0.020763130126961436,30,85,55,2,4,3,5,1,61,60,18
604,50,666,66,100,34,22,22,49,49,0,22,22,53,53,0,0.005241839409101739,0.022533101875489295,57,87,30,2,3,3,2,5,90,47,16
605,86,187,69,91,22,48,48,63,63,0,48,48,64,64,0,0.008747744987916539,0.00878178290615746,68,69,1,6,3,3,3,7,82,21,78
606,100,100,70,70,0,100,100,53,53,0,100,100,70,70,0,0.05544776881445931,0.08594574355832398,100,100,0,2,1,1,9,29,31,0,2
607,98,98,65,65,0,198,198,86,86,0,98,98,65,65,0,0.011266550937744648,0.011266550937744648,73,73,0,-1,2,2,10,5,1,25,76
608,6,622,29,99,70,25,78,30,38,8,6,72,29,54,25,0.00010211375472276115,0.007794683277170768,30,59,29,2,4,3,11,1,5,60,31
609,130,330,89,100,11,32,32,71,71,0,32,32,71,71,0,0.019878144252697506,0.02297559481262126,83,88,5,3,3,3,2,19,99,15,73
610,42,1682,52,100,48,60,94,49,77,28,60,94,59,78,19,0.007147962830593281,0.04819769222914327,60,98,38,1,3,2,5,6,88,34,0
611,16,16,41,41,0,40,40,44,44,0,16,16,41,41,0,0.0012253650566731338,0.0012253650566731338,41,41,0,-1,3,3,5,1,70,71,85
612,16,222,38,89,51,114,114,61,61,0,16,114,38,77,39,0.0020422750944552232,0.02205657102011641,43,83,40,3,3,3,9,1,54,53,0
613,119,325,84,98,14,78,78,75,75,0,78,78,77,77,0,0.011709043874876613,0.012083460975526737,73,73,0,3,2,2,4,13,77,24,42
614,133,733,87,100,13,48,48,62,62,0,48,48,64,64,0,0.01579359406378706,0.02566459035365397,80,89,9,2,3,3,3,18,64,5,25
615,16,1656,35,100,65,40,106,35,65,30,16,106,35,74,39,0.0004084550188910446,0.034990979951666154,36,95,59,1,3,2,7,1,24,88,7
616,40,40,54,54,0,48,48,73,73,0,40,40,74,74,0,0.0061949011198475104,0.0061949011198475104,58,58,0,-1,2,2,3,1,92,88,91
617,184,800,92,100,8,48,48,69,69,0,48,48,70,70,0,0.021920419347152727,0.03192756730998332,88,91,3,2,3,3,3,19,55,15,33
618,16,1656,34,100,66,124,168,60,66,6,16,113,34,75,41,0.003778208924742163,0.021614078082984444,51,82,31,1,3,2,14,1,16,90,39
619,226,432,90,96,6,214,214,86,86,0,214,214,90,90,0,0.019741992579733823,0.019844106334456584,81,81,0,3,2,2,11,18,33,30,95
620,154,770,90,100,10,88,88,76,76,0,88,88,79,79,0,0.02049082678103407,0.025834779944858572,85,88,3,2,2,2,4,18,47,5,38
621,230,846,89,100,11,312,312,90,90,0,230,246,89,91,2,0.01232172640321318,0.012900371013308825,69,70,1,2,2,2,16,9,9,31,42
622,112,214,77,92,15,274,274,84,84,0,112,116,77,79,2,0.008475441641989176,0.008679669151434699,63,64,1,4,2,2,16,4,4,72,63
623,63,679,62,100,38,38,48,46,66,20,38,48,51,69,18,0.006841621566424997,0.0390755301405766,58,95,37,2,3,3,3,8,96,57,3
624,24,24,49,49,0,18,18,47,47,0,18,18,49,49,0,0.0018040096667687805,0.0018040096667687805,42,42,0,-1,3,3,2,4,99,64,85
625,144,245,86,92,6,80,80,68,68,0,80,80,72,72,0,0.019469689233806462,0.019469689233806462,83,83,0,6,3,3,5,18,88,30,68
626,0,616,1,100,99,0,70,1,41,40,0,56,1,55,54,0.0,0.006909697402906838,1,60,59,2,-1,3,9,0,28,87,21
627,2,208,28,92,64,6,14,30,34,4,2,14,28,42,14,0.0,0.0032336022328874367,1,51,50,3,5,4,3,1,76,95,41
628,43,249,55,95,40,38,38,53,53,0,38,38,55,55,0,0.005207801490860819,0.01746145205759216,58,84,26,3,3,3,3,6,64,35,30
629,0,1640,1,100,99,0,150,1,69,68,0,150,1,84,83,0.0,0.031076619353960312,1,91,90,1,-1,2,11,0,38,89,0
630,100,100,59,59,0,100,100,40,40,0,100,100,59,59,0,0.028693965077095884,0.02900030634126417,90,91,1,3,1,1,15,16,7,12,4
631,0,616,1,100,99,0,58,1,37,36,0,53,1,53,52,0.0,0.010007147962830594,1,65,64,2,-1,3,8,1,15,69,39
632,0,616,1,100,99,0,74,1,45,44,0,74,1,62,61,0.0,0.01320671227747711,1,77,76,2,-1,3,8,0,57,96,5
633,46,252,55,95,40,50,50,45,45,0,50,50,56,56,0,0.007216038667075122,0.011675005956635693,62,75,13,3,3,3,5,6,45,34,47
634,16,16,43,43,0,54,54,59,59,0,16,16,44,44,0,0.004731270635487933,0.004731270635487933,56,56,0,-1,3,3,4,1,77,90,93
635,6,622,31,100,69,14,28,35,43,8,6,28,31,49,18,0.0002382654276864427,0.011402702610708328,32,71,39,2,4,3,3,1,92,4,44
636,71,1711,56,100,44,180,204,70,72,2,71,139,56,78,22,0.005650294427992784,0.01851662752306069,55,81,26,1,3,2,15,6,7,35,26
637,0,0,1,1,0,0,0,1,1,0,0,0,1,1,0,0.0,0.0,1,1,0,-1,-1,-1,9,0,28,76,79
638,431,1047,100,100,0,224,224,98,98,0,224,224,98,98,0,0.038530923448721874,0.04503216583273767,95,97,2,2,2,2,8,30,21,7,31
639,0,0,1,1,0,0,0,1,1,0,0,0,1,1,0,0.0,0.0,1,1,0,-1,-1,-1,8,0,42,87,69
640,0,616,1,100,99,0,40,1,33,32,0,16,1,35,34,0.0,0.0019741992579733825,1,44,43,2,-1,3,9,0,28,80,53
641,0,206,1,92,91,0,15,1,29,28,0,8,1,34,33,0.0,0.0007828721195411688,1,36,35,3,-1,4,6,0,65,76,74
642,150,356,85,95,10,182,182,87,87,0,150,156,85,86,1,0.01501072194424589,0.017155110793423873,76,79,3,3,2,2,9,8,31,17,90
643,0,101,1,76,75,0,5,1,25,24,0,1,1,25,24,0.0,3.4037918240920386e-05,1,26,25,6,-1,7,5,0,49,91,78
644,0,616,1,100,99,0,46,1,39,38,0,46,1,56,55,0.0,0.013819394805813677,1,79,78,2,-1,3,6,1,44,69,23
645,265,881,97,100,3,88,88,84,84,0,88,88,84,84,0,0.035603662480002726,0.05704755097178257,92,99,7,2,2,2,4,30,67,7,11
646,0,1640,1,100,99,0,132,1,60,59,0,84,1,56,55,0.0,0.012730181422104225,1,70,69,1,-1,2,15,1,7,50,47
647,0,206,1,87,86,0,49,1,32,31,0,14,1,32,31,0.0,0.0007488342013002485,1,35,34,3,-1,4,15,0,7,89,64
648,316,932,95,100,5,300,300,91,91,0,300,300,95,95,0,0.0212056230640934,0.022226760611321013,81,84,3,2,2,2,14,16,25,12,56
649,170,786,89,100,11,174,184,80,82,2,170,184,89,91,2,0.010109261717553355,0.03284659110248817,70,90,20,2,2,2,10,13,1,24,7
650,0,206,1,89,88,0,34,1,31,30,0,12,1,31,30,0.0,0.0012594029749140542,1,38,37,3,-1,4,9,0,29,59,61
651,74,74,62,62,0,90,90,58,58,0,73,73,62,62,0,0.006262976956329351,0.006262976956329351,58,58,0,-1,2,2,6,6,48,41,89
652,88,294,61,93,32,196,196,77,77,0,88,94,61,61,0,0.008373327887266415,0.010143299635794275,66,71,5,3,2,2,12,7,3,62,46
653,100,100,61,61,0,100,100,43,43,0,100,100,61,61,0,0.03015759556145546,0.03015759556145546,90,90,0,-1,1,1,12,12,2,37,91
654,16,222,35,87,52,72,76,37,38,1,16,60,35,53,18,0.0014636304843595766,0.010109261717553355,40,67,27,3,3,3,11,1,5,71,39
655,0,0,1,1,0,0,0,1,1,0,0,0,1,1,0,0.0,0.0,1,1,0,-1,-1,-1,17,0,20,40,36
656,100,100,66,66,0,100,100,49,49,0,100,100,66,66,0,0.03669287586371218,0.03672691378195309,95,95,0,4,1,1,9,12,54,37,58
657,73,73,61,61,0,122,122,72,72,0,73,73,61,61,0,0.007216038667075122,0.007216038667075122,62,62,0,-1,2,2,8,4,21,22,85
658,6,1646,29,100,71,34,136,30,60,30,6,124,29,82,53,0.00013615167296368154,0.01664454201981007,28,77,49,1,4,2,13,1,13,65,8
659,6,622,31,100,69,18,28,38,45,7,6,28,31,50,19,0.0010892133837094523,0.010041185881071514,39,68,29,2,4,3,3,1,85,71,72
660,44,146,66,93,27,32,32,67,67,0,32,32,68,68,0,0.009224275843289425,0.009564655025698629,68,68,0,4,3,3,2,6,97,34,42
661,94,300,65,96,31,60,60,48,48,0,60,60,61,61,0,0.007250076585316042,0.009598692943939549,63,68,5,3,3,3,5,9,63,31,94
662,0,102,1,73,72,0,19,1,28,27,0,2,1,25,24,0.0,0.0005446066918547262,1,36,35,4,-1,5,12,0,2,67,42
663,100,100,78,78,0,100,100,96,96,0,100,100,96,96,0,0.05565199632390483,0.06467204465774873,98,98,0,3,1,1,3,8,81,57,14
664,0,0,1,1,0,0,0,1,1,0,0,0,1,1,0,0.0,0.0,1,1,0,-1,-1,-1,4,0,67,99,36
665,22,638,42,100,58,38,66,37,48,11,22,66,42,56,14,0.0006807583648184077,0.014806494434800367,35,76,41,2,3,3,6,2,41,63,12
666,86,702,65,100,35,86,86,63,63,0,86,86,67,67,0,0.007011811157629599,0.018993158378433576,58,84,26,2,3,3,6,6,56,13,5
667,6,1646,29,100,71,23,102,30,64,34,6,102,29,75,46,0.00013615167296368154,0.030327785152660065,31,93,62,1,4,2,8,1,10,65,23
668,16,16,33,33,0,23,23,30,30,0,16,16,33,33,0,0.0012253650566731338,0.0012253650566731338,38,38,0,-1,3,3,6,1,40,78,45
669,62,268,61,98,37,38,38,46,46,0,38,38,51,51,0,0.00789679703189353,0.012628067667381462,62,78,16,3,3,3,3,6,96,34,62
670,0,0,1,1,0,0,0,1,1,0,0,0,1,1,0,0.0,0.0,1,1,0,-1,-1,-1,8,0,15,93,81
671,6,108,29,74,45,26,26,32,32,0,6,6,29,29,0,0.0002723033459273631,0.000442492937131965,33,36,3,4,4,4,7,1,24,65,60
672,0,102,1,75,74,0,7,1,25,24,0,2,1,25,24,0.0,0.00010211375472276115,1,27,26,4,-1,5,6,1,51,69,68
673,78,284,62,95,33,142,142,78,78,0,78,86,62,63,1,0.00789679703189353,0.008373327887266415,63,65,2,3,2,2,8,7,21,62,63
674,0,0,1,1,0,0,0,1,1,0,0,0,1,1,0,0.0,0.0,1,1,0,-1,-1,-1,6,1,71,69,85
675,0,101,1,77,76,0,4,1,24,23,0,1,1,24,23,0.0,0.0,1,1,0,6,-1,7,4,1,84,50,68
676,88,704,67,100,33,44,54,49,54,5,44,54,54,57,3,0.01153885428367201,0.026175159127267776,74,90,16,2,3,3,4,8,53,8,37
677,91,707,76,100,24,32,32,70,70,0,32,32,70,70,0,0.012253650566731339,0.0372374825555669,74,96,22,2,3,3,2,14,95,32,0
678,6,6,32,32,0,14,14,32,32,0,6,6,32,32,0,3.4037918240920386e-05,3.4037918240920386e-05,27,27,0,-1,4,4,3,1,87,95,81
679,64,64,55,55,0,96,96,57,57,0,64,64,55,55,0,0.007250076585316042,0.007250076585316042,60,60,0,-1,3,3,6,4,40,38,81
680,77,283,71,95,24,48,48,66,66,0,48,48,67,67,0,0.009054086252084823,0.010449640899962559,68,71,3,3,3,3,3,8,76,57,94
681,16,16,35,35,0,90,90,43,43,0,16,16,35,35,0,0.0011232513019503727,0.0011232513019503727,40,40,0,-1,3,3,10,1,1,71,89
682,16,1656,37,100,63,56,100,45,65,20,16,100,37,71,34,0.0026549576227917903,0.03829265802103543,48,95,47,1,3,2,6,2,59,94,1
683,16,632,41,100,59,18,22,41,41,0,16,22,41,44,3,0.00088498587426393,0.010790020082371761,37,71,34,2,3,3,2,1,91,55,24
684,268,268,95,95,0,88,88,77,77,0,88,88,77,77,0,0.033425235712583816,0.033425235712583816,91,91,0,-1,2,2,4,27,79,10,97
685,94,94,77,77,0,32,32,69,69,0,32,32,69,69,0,0.021035433472888797,0.021035433472888797,86,86,0,-1,3,3,2,20,93,23,45
686,18,224,47,91,44,44,44,48,48,0,18,44,47,53,6,0.0018380475850097008,0.014466115252391163,44,76,32,3,3,3,4,2,83,61,23
687,1,617,25,100,75,2,22,25,51,26,1,22,25,53,28,0.0,0.0176997174852786,1,81,80,2,6,3,2,1,86,68,15
688,24,640,47,100,53,44,72,39,48,9,24,72,47,60,13,0.0014295925661186562,0.010143299635794275,41,67,26,2,3,3,7,3,62,43,48
689,0,616,1,100,99,0,96,1,43,42,0,54,1,55,54,0.0,0.00789679703189353,1,64,63,2,-1,3,11,0,38,87,62
690,0,102,1,74,73,0,7,1,28,27,0,3,1,29,28,0.0,0.0006126825283365669,1,36,35,4,-1,5,4,0,83,79,51
691,168,269,90,98,8,96,96,93,93,0,96,96,93,93,0,0.02569862827189489,0.02569862827189489,91,91,0,5,2,2,3,18,66,30,95
692,62,62,66,66,0,38,38,51,51,0,38,38,54,54,0,0.008169100377820893,0.008169100377820893,63,63,0,-1,3,3,3,8,94,44,97
693,262,262,96,96,0,120,120,100,100,0,120,120,100,100,0,0.04615541713468804,0.04615541713468804,95,95,0,-1,2,2,3,27,92,10,40
694,78,284,63,95,32,94,94,70,70,0,78,84,68,70,2,0.009394465434494027,0.01065386840940808,69,70,1,3,2,2,5,7,37,62,53
695,6,6,29,29,0,44,44,36,36,0,6,6,29,29,0,0.0006126825283365669,0.0006126825283365669,37,37,0,-1,4,4,8,1,30,49,80
696,186,802,90,100,10,112,112,94,94,0,112,112,94,94,0,0.022737329384934817,0.04203682902753668,84,94,10,2,2,2,4,15,78,19,7
697,146,352,87,96,9,134,134,90,90,0,134,134,90,90,0,0.016474352428605468,0.021409850573538922,81,84,3,3,2,2,6,8,48,8,25
698,2,208,26,88,62,19,49,26,32,6,2,14,26,31,5,3.4037918240920386e-05,0.002212464685659825,26,44,18,3,5,4,17,1,20,68,75
699,36,242,58,98,40,22,22,49,49,0,22,22,50,50,0,0.005105687736138058,0.02740052418394091,56,89,33,3,3,3,2,6,93,35,11
700,134,236,87,97,10,32,32,58,58,0,32,32,60,60,0,0.022465026039007456,0.022669253548452978,88,88,0,4,3,3,2,20,91,23,56
701,0,616,1,100,99,0,44,1,52,51,0,44,1,57,56,0.0,0.014534191088873005,1,78,77,2,-1,3,4,0,78,93,19
702,22,638,38,100,62,66,80,36,41,5,22,64,38,53,15,0.0002723033459273631,0.007590455767725246,33,60,27,2,3,3,10,2,0,56,34
703,100,100,63,63,0,100,100,56,56,0,100,100,63,63,0,0.07488342013002484,0.07488342013002484,100,100,0,-1,1,1,7,36,24,2,89
704,100,100,71,71,0,100,100,79,79,0,100,100,79,79,0,0.0392457197317812,0.05908982606623779,94,100,6,2,1,1,5,9,70,31,16
705,16,222,36,93,57,80,84,43,47,4,16,40,36,50,14,0.0014636304843595766,0.005990673610401988,41,58,17,3,3,3,9,1,23,71,72
706,40,656,47,100,53,62,112,38,66,28,40,112,47,77,30,0.0025188059498281084,0.027162258756254467,45,88,43,2,2,2,8,1,27,60,0
707,0,102,1,83,82,0,3,1,28,27,0,2,1,28,27,0.0,0.000442492937131965,1,35,34,4,-1,5,2,1,90,69,88
708,0,1640,1,100,99,0,94,1,51,50,0,94,1,66,65,0.0,0.025324211171244768,1,88,87,1,-1,2,8,0,39,89,12
709,16,222,41,93,52,24,28,41,41,0,16,28,41,50,9,0.0006807583648184077,0.0037441710065012424,37,53,16,3,3,3,3,1,64,49,28
710,6,622,28,100,72,32,68,33,42,9,6,68,28,55,27,0.0007828721195411688,0.021818305592429966,36,82,46,2,4,3,8,2,27,42,10
711,32,648,44,100,56,56,76,41,54,13,32,76,44,59,15,0.0035739814152966403,0.01327478811395895,47,73,26,2,3,3,6,2,71,75,41
712,140,756,84,100,16,198,198,86,86,0,140,198,84,91,7,0.01330882603219987,0.02011640968038395,75,83,8,2,2,2,10,8,1,17,25
713,16,118,37,77,40,34,34,35,35,0,16,18,37,40,3,0.0005786446100956465,0.001055175465468532,35,37,2,4,3,3,6,1,65,4,49
714,110,212,83,94,11,48,48,67,67,0,48,48,70,70,0,0.018108172504169646,0.018857006705469893,81,82,1,4,3,3,3,18,96,30,64
715,249,455,97,100,3,56,56,86,86,0,56,56,86,86,0,0.03509309370638892,0.03985840226011777,94,95,1,3,2,2,2,29,95,0,57
716,10,10,38,38,0,18,18,41,41,0,10,10,38,38,0,0.0012253650566731338,0.0012253650566731338,43,43,0,-1,4,4,3,3,60,43,86
717,110,110,80,80,0,96,96,67,67,0,96,96,68,68,0,0.008611593314952858,0.008611593314952858,65,65,0,-1,3,3,6,13,74,24,76
718,159,365,91,98,7,72,72,79,79,0,72,72,80,80,0,0.02484768031587188,0.03192756730998332,90,94,4,3,2,2,3,16,75,18,14
719,40,246,55,95,40,110,110,81,81,0,40,110,55,84,29,0.005412029000306341,0.010858095918853602,57,72,15,3,2,2,6,3,32,46,34
720,16,632,38,100,62,40,50,45,49,4,16,50,38,53,15,0.002212464685659825,0.021648116001225366,47,85,38,2,3,3,5,2,37,94,1
721,105,105,84,84,0,32,32,63,63,0,32,32,64,64,0,0.017427414139351238,0.017427414139351238,80,80,0,-1,3,3,2,18,86,5,79
722,0,206,1,94,93,0,10,1,31,30,0,10,1,38,37,0.0,0.003710133088260322,1,53,52,3,-1,4,3,0,81,80,26
723,0,616,1,99,98,0,98,1,41,40,0,54,1,54,53,0.0,0.006671431975220395,1,60,59,2,-1,3,12,0,14,97,38
724,114,216,79,91,12,176,176,87,87,0,114,116,80,80,0,0.012253650566731339,0.01232172640321318,72,72,0,4,2,2,8,5,39,25,4
725,16,632,35,100,65,92,92,53,53,0,16,62,35,57,22,0.00442492937131965,0.00878178290615746,55,64,9,2,3,3,7,1,24,90,13
726,40,142,45,80,35,196,196,70,70,0,40,42,45,47,2,0.004595118962524252,0.004629156880765172,53,53,0,4,2,2,17,1,20,90,60
727,22,1662,44,100,56,36,94,40,69,29,22,94,44,71,27,0.0014636304843595766,0.05357568331120869,41,99,58,1,3,2,5,2,37,74,2
728,24,640,45,100,55,64,114,39,66,27,24,114,45,79,34,0.0017018959120460194,0.0247115286429082,44,86,42,2,3,3,9,3,23,43,0
729,1,1,25,25,0,2,2,25,25,0,1,1,25,25,0,0.0,0.0,1,1,0,-1,6,6,2,1,93,78,36
730,22,22,41,41,0,72,72,37,37,0,22,22,41,41,0,0.0018380475850097008,0.0018380475850097008,43,43,0,-1,3,3,11,2,5,83,76
731,223,823,93,100,7,118,118,92,92,0,118,118,92,92,0,0.021716191837707205,0.026379386636713298,86,88,2,2,2,2,5,16,37,12,34
732,2,103,29,79,50,14,14,29,29,0,2,3,29,32,3,0.00013615167296368154,0.00013615167296368154,30,30,0,5,5,5,9,1,26,60,95
733,132,338,82,97,15,264,264,93,93,0,132,138,82,84,2,0.011981347220803976,0.012662105585622384,72,72,0,3,2,2,12,5,6,25,42
734,64,664,58,100,42,134,134,72,72,0,64,82,58,65,7,0.007352190340038803,0.012015385139044895,62,74,12,2,3,3,9,4,31,72,62
735,16,118,36,76,40,54,54,42,42,0,16,18,36,39,3,0.0007488342013002485,0.0007488342013002485,36,36,0,4,3,3,7,2,46,42,95
736,278,278,94,94,0,158,158,97,97,0,158,158,97,97,0,0.033799652813233945,0.033799652813233945,95,95,0,-1,2,2,6,22,71,9,86
737,63,63,59,59,0,44,44,44,44,0,44,44,50,50,0,0.007182000748834201,0.007182000748834201,59,59,0,-1,3,3,4,8,67,57,87
738,0,616,1,100,99,0,80,1,41,40,0,80,1,57,56,0.0,0.013785356887572755,1,78,77,2,-1,3,10,0,36,98,15
739,48,48,56,56,0,18,18,38,38,0,18,18,44,44,0,0.009360427516253106,0.009360427516253106,68,68,0,-1,4,4,3,8,96,8,69
740,76,282,69,98,29,32,32,58,58,0,32,32,60,60,0,0.011062323428299126,0.016916845365737433,71,81,10,3,3,3,2,6,91,77,8
741,24,125,52,85,33,28,28,44,44,0,24,28,52,53,1,0.0020422750944552232,0.002144388849177984,47,48,1,5,3,3,3,4,76,64,55
742,100,100,68,68,0,100,100,57,57,0,100,100,68,68,0,0.038258620102794516,0.04704040300895197,94,96,2,2,1,1,8,16,39,12,77
743,309,515,98,100,2,120,120,100,100,0,120,120,100,100,0,0.04499812791449675,0.04578100003403792,96,96,0,3,2,2,3,29,76,11,61
744,0,616,1,100,99,0,74,1,44,43,0,55,1,51,50,0.0,0.005480104836788182,1,56,55,2,-1,3,8,0,42,96,28
745,318,518,94,100,6,152,152,96,96,0,152,152,96,96,0,0.038394771775758195,0.048504033493311546,91,97,6,3,2,2,5,29,61,0,16
746,0,616,1,100,99,0,36,1,37,36,0,36,1,52,51,0.0,0.006705469893461316,1,58,57,2,-1,3,5,1,61,50,44
747,0,0,1,1,0,0,0,1,1,0,0,0,1,1,0,0.0,0.0,1,1,0,-1,-1,-1,3,0,94,40,96
748,0,206,1,93,92,0,12,1,33,32,0,12,1,40,39,0.0,0.004186663943633207,1,52,51,3,-1,4,4,0,72,97,31
749,0,616,1,100,99,0,68,1,35,34,0,43,1,52,51,0.0,0.005105687736138058,1,55,54,2,-1,3,13,0,13,80,44
750,94,94,73,73,0,64,64,65,65,0,64,64,67,67,0,0.015214949453691413,0.015214949453691413,79,79,0,-1,3,3,4,9,47,39,89
751,100,100,74,74,0,100,100,87,87,0,100,100,87,87,0,0.056673133871132444,0.056673133871132444,98,98,0,6,1,1,4,16,47,18,78
752,39,655,50,100,50,94,104,52,63,11,39,91,50,63,13,0.004220701861874128,0.01232172640321318,52,73,21,2,3,3,9,4,35,22,25
753,40,656,52,100,48,80,80,65,65,0,40,80,52,68,16,0.006467204465774873,0.01330882603219987,60,74,14,2,2,2,5,1,37,90,24
754,0,1640,1,100,99,0,94,1,67,66,0,94,1,72,71,0.0,0.04261547363763232,1,95,94,1,-1,2,5,1,61,50,9
755,158,364,85,96,11,190,190,93,93,0,158,164,87,87,0,0.010177337554035196,0.012491915994417782,67,74,7,3,2,2,8,6,15,13,90
756,100,100,64,64,0,100,100,57,57,0,100,100,65,65,0,0.03451444909629327,0.035603662480002726,93,94,1,3,1,1,8,13,10,33,64
757,110,710,74,100,26,154,154,72,72,0,110,154,74,84,10,0.010517716736444398,0.016542428265087308,66,78,12,2,2,2,10,7,11,21,27
758,2,103,28,84,56,4,4,30,30,0,2,3,28,31,3,0.0002723033459273631,0.0002723033459273631,31,31,0,6,5,5,2,1,68,55,58
759,16,632,42,100,58,22,32,42,57,15,16,32,42,58,16,0.0023486163586235067,0.024303073624017155,47,89,42,2,3,3,2,2,68,94,9
760,0,616,1,100,99,0,62,1,36,35,0,34,1,48,47,0.0,0.005377991082065421,1,58,57,2,-1,3,10,0,11,66,38
761,46,252,68,100,32,32,32,67,67,0,32,32,68,68,0,0.00966676878042139,0.012730181422104225,69,75,6,3,3,3,2,5,97,25,28
762,0,206,1,88,87,0,17,1,27,26,0,6,1,28,27,0.0,0.00013615167296368154,1,29,28,3,-1,4,11,0,33,81,95
763,6,6,29,29,0,24,24,30,30,0,6,6,29,29,0,0.00013615167296368154,0.00013615167296368154,30,30,0,-1,4,4,8,1,15,60,93
764,98,98,77,77,0,78,78,77,77,0,78,78,79,79,0,0.014432077334150244,0.014432077334150244,78,78,0,-1,2,2,4,8,78,8,97
765,0,0,1,1,0,0,0,1,1,0,0,0,1,1,0,0.0,0.0,1,1,0,-1,-1,-1,6,1,40,50,69
766,0,616,1,100,99,0,52,1,40,39,0,48,1,50,49,0.0,0.007692569522448007,1,59,58,2,-1,3,7,0,46,91,17
767,0,0,1,1,0,0,0,1,1,0,0,0,1,1,0,0.0,0.0,1,1,0,-1,-1,-1,16,0,4,93,98
768,18,1658,44,100,56,66,90,49,68,19,18,90,44,72,28,0.00176997174852786,0.0352292453793526,43,92,49,1,3,2,6,2,32,61,12
769,0,206,1,87,86,0,23,1,29,28,0,8,1,34,33,0.0,0.0007488342013002485,1,36,35,3,-1,4,10,0,22,99,74
770,0,0,1,1,0,0,0,1,1,0,0,0,1,1,0,0.0,0.0,1,1,0,-1,-1,-1,6,0,71,66,93
771,0,0,1,1,0,0,0,1,1,0,0,0,1,1,0,0.0,0.0,1,1,0,-1,-1,-1,17,1,20,50,87
772,54,260,65,97,32,32,32,63,63,0,32,32,65,65,0,0.00803294870485721,0.019129310051397258,65,84,19,3,3,3,2,7,98,62,37
773,22,123,40,77,37,76,76,36,36,0,22,23,40,44,4,0.0007488342013002485,0.0007828721195411688,37,37,0,5,3,3,12,2,6,63,78
774,18,224,41,90,49,50,50,38,38,0,18,24,41,46,5,0.0004765308553728854,0.001157289220191293,36,38,2,3,3,3,7,2,43,56,71
775,128,744,81,100,19,100,110,73,82,9,100,110,74,82,8,0.014295925661186561,0.023452125667994147,74,85,11,2,2,2,6,13,71,33,41
776,0,101,1,74,73,0,14,1,25,24,0,1,1,25,24,0.0,3.4037918240920386e-05,1,26,25,5,-1,6,14,1,16,69,58
777,260,260,98,98,0,56,56,86,86,0,56,56,86,86,0,0.03625038292658021,0.03625038292658021,95,95,0,-1,2,2,2,29,95,1,99
778,1,1,25,25,0,5,5,25,25,0,1,1,25,25,0,3.4037918240920386e-05,3.4037918240920386e-05,26,26,0,-1,6,6,5,1,45,68,92
779,0,616,1,100,99,0,36,1,35,34,0,36,1,48,47,0.0,0.004731270635487933,1,52,51,2,-1,3,5,0,50,89,13
780,22,22,41,41,0,52,52,43,43,0,22,22,41,41,0,0.003710133088260322,0.003710133088260322,53,53,0,-1,3,3,6,2,34,75,45
781,100,100,67,67,0,100,100,54,54,0,100,100,67,67,0,0.031314884781646755,0.06987984614860955,91,100,9,1,1,1,9,6,35,77,2
782,251,451,97,100,3,72,72,85,85,0,72,72,85,85,0,0.03543347288879812,0.03744171006501242,93,93,0,3,2,2,3,29,60,1,47
783,40,656,48,100,52,54,68,56,71,15,40,68,49,73,24,0.004731270635487933,0.011777119711358454,49,71,22,2,2,2,4,1,67,71,73
784,196,298,90,96,6,136,136,98,98,0,136,136,98,98,0,0.02828551005820484,0.030463936825623743,87,89,2,4,2,2,4,18,79,30,73
785,16,222,46,96,50,22,22,48,48,0,16,22,47,50,3,0.0031314884781646754,0.0088498587426393,50,67,17,3,3,3,2,3,95,46,48
786,0,101,1,74,73,0,11,1,25,24,0,1,1,25,24,0.0,0.00017018959120460194,1,30,29,5,-1,6,11,0,19,97,65
787,377,977,99,100,1,152,152,95,95,0,152,152,95,95,0,0.05279281119166752,0.06681643350692672,98,100,2,2,2,2,5,36,88,2,9
788,100,100,62,62,0,100,100,43,43,0,100,100,62,62,0,0.016372238673882704,0.01674665577453283,78,79,1,3,1,1,12,6,14,70,63
789,66,682,63,100,37,48,48,62,62,0,48,48,64,64,0,0.008373327887266415,0.019844106334456584,66,85,19,2,3,3,3,7,64,21,25
790,2,2,26,26,0,17,17,27,27,0,2,2,26,26,0,6.807583648184077e-05,6.807583648184077e-05,27,27,0,-1,5,5,15,2,7,58,99
791,0,102,1,81,80,0,3,1,27,26,0,2,1,27,26,0.0,0.0012594029749140542,1,39,38,4,-1,5,2,0,95,80,53
792,16,632,33,100,67,66,66,44,44,0,16,66,33,55,22,0.0028932230504782326,0.00888389666088022,46,64,18,2,3,3,6,3,40,46,44
793,0,102,1,73,72,0,10,1,28,27,0,2,1,25,24,0.0,0.0002382654276864427,1,32,31,4,-1,5,7,1,43,69,88
794,56,158,57,86,29,78,78,69,69,0,56,59,62,62,0,0.006841621566424997,0.007250076585316042,59,61,2,4,2,2,4,3,53,29,56
795,94,196,70,93,23,88,88,71,71,0,88,88,71,71,0,0.007556417849484326,0.007658531604207087,65,65,0,4,2,2,4,6,53,26,55
796,0,0,1,1,0,0,0,1,1,0,0,0,1,1,0,0.0,0.0,1,1,0,-1,-1,-1,9,0,23,99,69
797,100,100,65,65,0,100,100,75,75,0,100,100,77,77,0,0.06269784539977535,0.06756526770822696,100,100,0,2,1,1,5,22,61,9,13
798,454,660,100,100,0,144,144,89,89,0,144,144,90,90,0,0.04496408999625583,0.04649579631709724,97,97,0,3,2,2,6,40,40,3,52
799,0,0,1,1,0,0,0,1,1,0,0,0,1,1,0,0.0,0.0,1,1,0,-1,-1,-1,2,0,93,97,99
800,0,0,1,1,0,0,0,1,1,0,0,0,1,1,0,0.0,0.0,1,1,0,-1,-1,-1,6,0,51,97,69
801,183,389,85,96,11,192,192,87,87,0,192,192,88,88,0,0.01776779332176044,0.019571802988529223,77,81,4,3,2,2,9,15,54,19,94
802,0,206,1,93,92,0,26,1,35,34,0,26,1,50,49,0.0,0.003608019333537561,1,50,49,3,-1,4,5,0,49,84,47
803,96,96,80,80,0,32,32,71,71,0,32,32,71,71,0,0.018040096667687803,0.018040096667687803,80,80,0,-1,3,3,2,18,99,30,76
804,0,0,1,1,0,0,0,1,1,0,0,0,1,1,0,0.0,0.0,1,1,0,-1,-1,-1,4,0,73,89,45
805,22,22,47,47,0,44,44,48,48,0,22,22,47,47,0,0.0020422750944552232,0.0020422750944552232,46,46,0,-1,3,3,4,2,47,52,79
806,16,632,34,100,66,70,116,37,58,21,16,116,34,77,43,0.0006807583648184077,0.014704380680077607,36,74,38,2,3,3,11,1,33,49,6
807,100,100,72,72,0,100,100,77,77,0,100,100,77,77,0,0.03002144388849178,0.030532012662105586,91,91,0,4,1,1,6,6,69,26,51
808,0,0,1,1,0,0,0,1,1,0,0,0,1,1,0,0.0,0.0,1,1,0,-1,-1,-1,3,0,75,80,81
809,159,260,87,92,5,104,104,82,82,0,104,104,82,82,0,0.018040096667687803,0.018142210422410564,82,82,0,5,2,2,5,15,80,19,60
810,118,734,77,100,23,188,188,83,83,0,118,188,77,90,13,0.007386228258279724,0.014227849824704722,63,74,11,2,2,2,10,5,12,47,31
811,188,804,90,100,10,120,120,80,80,0,120,120,81,81,0,0.019367575479083698,0.026175159127267776,83,88,5,2,2,2,6,18,34,5,44
812,32,238,46,92,46,152,152,70,70,0,32,38,46,47,1,0.004493005207801491,0.005412029000306341,54,55,1,3,3,3,12,3,3,29,71
813,100,716,66,100,34,130,140,85,87,2,98,140,68,88,20,0.008645631233193778,0.03876918887640832,66,95,29,2,2,2,7,6,62,41,2
814,94,294,70,95,25,104,104,86,86,0,94,104,75,86,11,0.014364001497668403,0.015487252799618776,77,78,1,3,2,2,5,5,49,25,83
815,297,398,99,100,1,72,72,84,84,0,72,72,84,84,0,0.044623710813846626,0.044623710813846626,96,96,0,6,2,2,3,40,85,3,68
816,14,14,36,36,0,32,32,35,35,0,14,14,36,36,0,0.0014636304843595766,0.0014636304843595766,41,41,0,-1,4,4,6,3,59,43,92
817,0,0,1,1,0,0,0,1,1,0,0,0,1,1,0,0.0,0.0,1,1,0,-1,-1,-1,6,0,51,99,91
818,0,206,1,88,87,0,30,1,33,32,0,15,1,34,33,0.0,0.0024166921951053475,1,46,45,3,-1,4,7,0,24,80,41
819,46,662,57,100,43,24,34,37,46,9,24,34,54,54,0,0.007352190340038803,0.010960209673576363,62,70,8,2,4,3,4,9,77,31,52
820,2,208,29,94,65,4,8,31,32,1,2,8,29,37,8,3.4037918240920386e-05,0.0030634126416828346,27,50,23,3,5,4,2,1,90,65,41
821,16,117,34,77,43,68,68,41,41,0,16,17,34,39,5,0.0031314884781646754,0.0031314884781646754,50,50,0,5,3,3,8,3,42,46,58
822,70,276,60,96,36,110,110,76,76,0,70,76,59,62,3,0.011334626774226489,0.011709043874876613,71,71,0,3,2,2,6,5,59,25,4
823,0,616,1,100,99,0,76,1,37,36,0,50,1,53,52,0.0,0.005888559855679227,1,58,57,2,-1,3,12,0,2,89,26
824,324,324,97,97,0,176,176,90,90,0,176,176,91,91,0,0.03315293236665646,0.03315293236665646,92,92,0,-1,2,2,8,27,21,10,81
825,185,185,93,93,0,78,78,75,75,0,78,78,76,76,0,0.024983831988835564,0.024983831988835564,87,87,0,-1,2,2,4,15,73,16,89
826,74,280,67,97,30,56,56,76,76,0,56,56,77,77,0,0.009734844616903231,0.011368664692467409,66,73,7,3,2,2,2,6,68,26,94
827,0,0,1,1,0,0,0,1,1,0,0,0,1,1,0,0.0,0.0,1,1,0,-1,-1,-1,4,0,73,99,96
828,12,218,37,93,56,8,8,32,32,0,12,8,37,36,-1,0.0015317063208414173,0.0024166921951053475,44,48,4,3,4,4,2,2,68,83,43
829,409,615,97,100,3,216,216,99,99,0,216,216,99,99,0,0.039143605977058446,0.04894652643044351,93,98,5,3,2,2,6,29,44,0,37
830,6,6,27,27,0,15,15,28,28,0,6,6,27,27,0,0.00037441710065012424,0.00037441710065012424,29,29,0,-1,4,4,6,1,51,88,82
831,2,208,29,94,65,4,12,31,39,8,2,12,29,41,12,3.4037918240920386e-05,0.027877055039313797,27,89,62,3,5,4,2,1,90,65,2
832,94,300,73,98,25,54,54,55,55,0,54,54,60,60,0,0.01405766023350012,0.01681473161101467,76,81,5,3,3,3,4,9,73,39,41
833,86,292,60,94,34,118,118,89,89,0,86,94,67,68,1,0.006773545729943157,0.008339289969025495,58,61,3,3,2,2,5,6,52,70,83
834,0,102,1,84,83,0,4,1,28,27,0,4,1,31,30,0.0,0.0007828721195411688,1,37,36,4,-1,5,2,0,98,81,43
835,0,206,1,93,92,0,12,1,35,34,0,12,1,36,35,0.0,0.005786446100956465,1,58,57,3,-1,4,2,0,68,99,48
836,56,262,52,94,42,66,66,50,50,0,56,66,52,60,8,0.005241839409101739,0.006977773239388679,51,57,6,3,3,3,6,6,56,28,70
837,118,1758,77,100,23,272,296,87,91,4,118,200,77,90,13,0.010517716736444398,0.025222097416522007,67,90,23,1,2,2,14,5,8,25,27
838,100,306,77,98,21,38,38,52,52,0,38,38,55,55,0,0.011232513019503728,0.012798257258586064,73,78,5,3,3,3,3,14,66,32,52
839,22,22,42,42,0,46,46,39,39,0,22,22,42,42,0,0.0018380475850097008,0.0018380475850097008,43,43,0,-1,3,3,6,2,41,61,69
840,6,212,29,93,64,29,50,31,38,7,6,30,29,46,17,0.00017018959120460194,0.004629156880765172,29,50,21,3,4,4,9,1,23,60,72
841,16,222,35,93,58,26,34,37,38,1,16,34,35,45,10,0.0011913271384322134,0.013104598522754349,37,75,38,3,3,3,4,1,67,49,30
842,0,0,1,1,0,0,0,1,1,0,0,0,1,1,0,0.0,0.0,1,1,0,-1,-1,-1,6,0,51,96,98
843,32,238,47,95,48,60,64,41,41,0,32,56,47,58,11,0.0016338200755641784,0.006501242384015794,42,62,20,3,3,3,8,3,39,51,72
844,0,102,1,75,74,0,9,1,26,25,0,2,1,26,25,0.0,0.00010211375472276115,1,29,28,4,-1,5,8,0,21,80,55
845,0,206,1,93,92,0,12,1,35,34,0,12,1,36,35,0.0,0.01327478811395895,1,77,76,3,-1,4,2,0,68,81,15
846,40,656,46,100,54,110,138,54,62,8,40,106,46,79,33,0.0023486163586235067,0.00891793457912114,45,65,20,2,2,2,14,1,17,71,21
847,0,206,1,94,93,0,8,1,30,29,0,8,1,35,34,0.0,0.005616256509751864,1,55,54,3,-1,4,2,0,91,84,34
848,410,1026,98,100,2,280,280,98,98,0,280,280,98,98,0,0.03274447734776541,0.03509309370638892,90,93,3,2,2,2,10,22,11,9,94
849,152,358,91,100,9,32,32,64,64,0,32,32,64,64,0,0.021341774737057083,0.022601177711971135,86,86,0,3,3,3,2,17,89,6,61
850,2,618,26,100,74,14,84,27,39,12,2,72,26,56,30,3.4037918240920386e-05,0.008339289969025495,26,65,39,2,5,3,12,1,3,68,33
851,387,2027,99,100,1,222,246,90,96,6,222,246,95,96,1,0.033765614894993023,0.0629361108274618,90,100,10,1,2,2,10,30,36,7,1
852,0,206,1,91,90,0,24,1,39,38,0,24,1,50,49,0.0,0.02403077027808979,1,86,85,3,-1,4,4,0,84,87,3
853,40,40,48,48,0,128,128,71,71,0,40,40,48,48,0,0.0042547397801150485,0.0042547397801150485,53,53,0,-1,2,2,9,3,31,46,91
854,100,100,76,76,0,100,100,91,91,0,100,100,91,91,0,0.07471323053882024,0.1001735933830287,100,100,0,2,1,1,4,29,77,11,10
855,18,120,39,81,42,32,32,35,35,0,18,20,39,40,1,0.00088498587426393,0.0009870996289866913,37,37,0,4,3,3,5,2,50,63,65
856,217,318,95,96,1,168,168,96,96,0,168,168,96,96,0,0.029442799278396135,0.029544913033118896,90,90,0,6,2,2,6,20,32,23,78
857,60,676,58,100,42,112,112,75,75,0,60,112,58,77,19,0.009462541270975866,0.010892133837094524,67,69,2,2,3,3,7,5,43,25,64
858,262,262,92,92,0,216,216,95,95,0,216,216,95,95,0,0.026243234963749616,0.026243234963749616,86,86,0,-1,2,2,9,17,54,6,91
859,0,1640,1,100,99,0,60,1,48,47,0,60,1,58,57,0.0,0.022635215630212056,1,85,84,1,-1,2,5,0,88,93,35
860,0,206,1,92,91,0,20,1,34,33,0,12,1,39,38,0.0,0.004322815616596889,1,54,53,3,-1,4,4,0,47,91,62
861,431,431,99,99,0,336,336,96,96,0,336,336,98,98,0,0.03257428775656081,0.03257428775656081,92,92,0,-1,2,2,15,29,7,11,79
862,78,284,72,98,26,72,72,77,77,0,72,72,79,79,0,0.009632730862180468,0.01330882603219987,69,78,9,3,2,2,3,4,96,72,13
863,100,100,77,77,0,100,100,97,97,0,100,100,97,97,0,0.08169100377820893,0.08209945879709997,100,100,0,4,1,1,3,30,55,7,51
864,16,16,31,31,0,82,82,37,37,0,16,16,31,31,0,0.0005786446100956465,0.0005786446100956465,37,37,0,-1,3,3,14,2,25,42,50
865,12,218,39,93,54,20,24,35,37,2,12,24,39,49,10,0.0009530617107457708,0.0028591851322373124,39,50,11,3,4,4,4,2,73,74,54
866,94,300,64,95,31,118,118,72,72,0,94,118,64,81,17,0.00707988699411144,0.01232172640321318,64,70,6,3,2,2,9,6,23,26,24
867,0,616,1,99,98,0,54,1,33,32,0,16,1,33,32,0.0,0.003437829742332959,1,50,49,2,-1,3,12,0,6,85,90
868,0,0,1,1,0,0,0,1,1,0,0,0,1,1,0,0.0,0.0,1,1,0,-1,-1,-1,3,0,94,98,97
869,78,78,63,63,0,142,142,79,79,0,78,78,63,63,0,0.009190237925048503,0.009190237925048503,67,67,0,-1,2,2,8,7,57,62,76
870,40,656,45,99,54,172,182,66,67,1,40,58,45,51,6,0.003165526396405596,0.004731270635487933,51,53,2,2,2,2,17,3,20,46,74
871,0,206,1,90,89,0,54,1,32,31,0,6,1,28,27,0.0,0.0013274788113958951,1,39,38,3,-1,4,13,0,13,80,53
872,56,672,54,100,46,100,134,45,65,20,56,134,54,80,26,0.0036760951700194017,0.020252561353347628,50,84,34,2,2,2,10,2,1,75,16
873,8,109,38,82,44,24,24,38,38,0,8,9,38,39,1,0.0010211375472276116,0.0010211375472276116,39,39,0,6,4,4,4,2,72,74,58
874,22,123,45,87,42,28,28,43,43,0,22,23,46,47,1,0.002110350930937064,0.002280540522141666,44,45,1,5,3,3,3,2,96,52,55
875,248,454,96,100,4,72,72,87,87,0,72,72,87,87,0,0.04142414649920011,0.04448755914088294,95,95,0,3,2,2,3,29,55,11,22
876,91,1731,65,100,35,86,124,56,89,33,91,124,71,89,18,0.007692569522448007,0.026175159127267776,60,88,28,1,2,2,6,6,51,35,55
877,40,246,55,94,39,28,28,45,45,0,28,28,50,50,0,0.005650294427992784,0.008747744987916539,57,64,7,3,3,3,3,5,58,47,29
878,2,618,27,99,72,22,102,29,55,26,2,102,27,75,48,0.0002723033459273631,0.019946220089179345,32,81,49,2,5,3,12,1,14,55,10
879,0,616,1,100,99,0,28,1,43,42,0,28,1,53,52,0.0,0.014908608189523128,1,77,76,2,-1,3,3,0,76,92,5
880,0,102,1,78,77,0,6,1,28,27,0,2,1,28,27,0.0,0.00013615167296368154,1,31,30,4,-1,5,4,0,47,80,88
881,0,102,1,77,76,0,12,1,26,25,0,2,1,26,25,0.0,3.4037918240920386e-05,1,27,26,4,-1,5,11,0,33,84,65
882,10,1650,39,100,61,26,84,36,73,37,10,84,39,73,34,0.0015657442390823377,0.05139725654378978,41,98,57,1,4,2,5,3,49,43,3
883,0,206,1,91,90,0,14,1,27,26,0,6,1,27,26,0.0,0.00037441710065012424,1,31,30,3,-1,4,9,0,31,79,65
884,223,839,90,100,10,160,160,86,86,0,160,160,88,88,0,0.02573266619013581,0.03454848701453419,87,94,7,2,2,2,7,20,24,23,20
885,60,60,60,60,0,60,60,53,53,0,60,60,60,60,0,0.005616256509751864,0.005616256509751864,57,57,0,-1,3,3,5,6,49,26,87
886,8,214,38,94,56,8,8,33,33,0,8,8,38,38,0,0.0007828721195411688,0.0029612988869600733,40,48,8,3,4,4,2,2,90,74,94
887,213,829,91,100,9,176,176,85,85,0,176,176,89,89,0,0.026073045372545015,0.028455699649409444,88,88,0,2,2,2,8,20,30,23,70
888,144,144,82,82,0,170,170,73,73,0,144,144,82,82,0,0.008747744987916539,0.008747744987916539,67,67,0,-1,2,2,11,13,33,24,67
889,34,650,54,100,46,34,34,47,47,0,34,34,55,55,0,0.0030293747234419145,0.010415602981721638,49,69,20,2,3,3,4,6,77,70,21
890,0,206,1,93,92,0,10,1,31,30,0,6,1,30,29,0.0,0.002110350930937064,1,44,43,3,-1,4,3,0,55,81,46
891,2,208,27,93,66,10,20,29,31,2,2,20,27,40,13,0.0,0.0030634126416828346,1,50,49,3,5,4,6,1,34,95,22
892,22,22,41,41,0,44,44,44,44,0,22,22,41,41,0,0.0024166921951053475,0.0024166921951053475,42,42,0,-1,3,3,4,2,67,61,96
893,100,100,58,58,0,100,100,38,38,0,100,100,58,58,0,0.05834099186493754,0.0883283978351884,99,100,1,1,1,1,16,40,9,3,2
894,100,100,69,69,0,100,100,69,69,0,100,100,71,71,0,0.04625753088941081,0.04625753088941081,97,97,0,-1,1,1,6,16,34,12,89
895,46,662,54,100,46,90,100,65,69,4,46,62,54,58,4,0.006024711528642908,0.008339289969025495,60,64,4,2,2,2,6,3,74,29,42
896,272,872,98,100,2,72,72,86,86,0,72,72,86,86,0,0.041049729398549985,0.051703597807958065,93,98,5,2,2,2,3,30,92,7,19
897,118,734,80,100,20,120,120,85,85,0,120,120,85,85,0,0.016474352428605468,0.031451036454610434,81,90,9,2,2,2,6,9,48,39,30
898,94,94,68,68,0,100,100,66,66,0,94,94,68,68,0,0.006739507811702236,0.006739507811702236,60,60,0,-1,2,2,6,5,44,47,91
899,30,1670,46,100,54,100,134,47,65,18,30,71,46,58,12,0.00442492937131965,0.015487252799618776,52,76,24,1,3,2,10,6,22,73,63
900,0,616,1,100,99,0,28,1,45,44,0,28,1,50,49,0.0,0.03175737771877872,1,91,90,2,-1,3,3,1,85,45,3
901,396,1012,96,100,4,358,358,97,97,0,358,358,97,97,0,0.023520201504475986,0.032540249838319886,86,91,5,2,2,2,14,19,25,15,39
902,44,44,57,57,0,12,12,37,37,0,12,12,42,42,0,0.009360427516253106,0.009360427516253106,68,68,0,-1,4,4,2,8,99,8,76
903,46,46,54,54,0,90,90,49,49,0,46,46,54,54,0,0.005071649817897137,0.005071649817897137,53,53,0,-1,2,2,9,2,35,75,82
904,24,640,48,100,52,68,78,43,46,3,24,78,48,62,14,0.001599782157323258,0.007590455767725246,41,62,21,2,3,3,8,3,57,43,44
905,80,286,69,96,27,38,38,53,53,0,38,38,55,55,0,0.009122162088566664,0.009360427516253106,69,69,0,3,3,3,3,9,64,31,63
906,345,345,98,98,0,128,128,90,90,0,128,128,90,90,0,0.0370672929643623,0.0370672929643623,94,94,0,-1,2,2,5,29,63,1,67
907,124,740,79,100,21,178,198,80,82,2,124,198,79,87,8,0.01143674052894925,0.0318935293917424,70,90,20,2,2,2,10,6,11,34,7
908,96,302,76,97,21,62,62,79,79,0,62,62,79,79,0,0.01575955614554614,0.022669253548452978,78,86,8,3,2,2,3,8,76,17,32
909,2,618,27,100,73,8,30,31,42,11,2,30,27,50,23,0.00030634126416828345,0.009530617107457708,33,69,36,2,5,3,4,1,79,88,20
910,12,12,35,35,0,30,30,36,36,0,12,12,35,35,0,0.0014295925661186562,0.0014295925661186562,42,42,0,-1,4,4,5,3,63,51,97
911,0,206,1,92,91,0,20,1,35,34,0,20,1,50,49,0.0,0.006569318220497634,1,60,59,3,-1,4,4,0,78,36,32
912,22,123,41,81,40,70,70,41,41,0,22,23,41,44,3,0.0009190237925048504,0.0009190237925048504,37,37,0,5,3,3,9,2,23,74,68
913,138,338,87,100,13,48,48,70,70,0,48,48,72,72,0,0.013138636440995268,0.014398039415909322,76,76,0,3,3,3,3,14,94,32,43
914,0,0,1,1,0,0,0,1,1,0,0,0,1,1,0,0.0,0.0,1,1,0,-1,-1,-1,11,0,38,81,82
915,76,282,71,98,27,38,38,52,52,0,38,38,55,55,0,0.00891793457912114,0.011232513019503728,69,74,5,3,3,3,3,13,66,24,90
916,226,842,92,100,8,228,228,77,77,0,226,228,92,92,0,0.013138636440995268,0.021614078082984444,71,85,14,2,2,2,15,14,7,32,19
917,8,624,38,100,62,16,34,33,44,11,8,34,38,52,14,0.0004084550188910446,0.015248987371932332,35,78,43,2,4,3,4,2,84,63,16
918,137,343,88,100,12,48,48,68,68,0,48,48,69,69,0,0.023452125667994147,0.02631131080023146,87,88,1,3,3,3,3,15,81,16,47
919,2,618,28,100,72,8,40,28,35,7,2,38,28,46,18,0.0,0.006841621566424997,1,55,54,2,5,3,7,2,46,58,35
920,510,1110,100,100,0,224,224,99,99,0,224,224,99,99,0,0.04881037475747983,0.05606045134279587,99,99,0,2,2,2,8,36,27,2,24
921,0,0,1,1,0,0,0,1,1,0,0,0,1,1,0,0.0,0.0,1,1,0,-1,-1,-1,9,0,26,36,69
922,92,298,72,97,25,64,64,65,65,0,64,64,67,67,0,0.0123557643214541,0.014602266925354846,76,77,1,3,3,3,4,8,47,17,70
923,24,24,48,48,0,36,36,41,41,0,24,24,48,48,0,0.0019741992579733825,0.0019741992579733825,44,44,0,-1,3,3,5,3,49,54,96
924,40,142,50,80,30,150,150,65,65,0,40,44,50,51,1,0.0026549576227917903,0.002825147213996392,48,49,1,4,2,2,11,1,5,53,63
925,22,228,46,95,49,22,22,42,42,0,22,22,45,45,0,0.0017359338302869397,0.003165526396405596,41,50,9,3,3,3,2,2,91,61,43
926,0,616,1,100,99,0,18,1,46,45,0,18,1,48,47,0.0,0.012083460975526737,1,74,73,2,-1,3,2,0,95,99,19
927,0,0,1,1,0,0,0,1,1,0,0,0,1,1,0,0.0,0.0,1,1,0,-1,-1,-1,16,0,4,89,87
928,56,672,53,100,47,154,164,67,72,5,56,164,53,83,30,0.0033357159876101976,0.011947309302563056,50,70,20,2,2,2,10,2,18,52,31
929,118,734,78,100,22,140,140,70,70,0,118,140,78,80,2,0.012559991830899623,0.02110350930937064,73,80,7,2,3,3,10,8,11,8,20
930,80,696,65,100,35,100,100,70,70,0,80,100,65,71,6,0.010007147962830594,0.02226079852956193,68,85,17,2,2,2,6,5,65,25,37
931,12,218,40,92,52,18,18,38,38,0,12,18,40,46,6,0.002212464685659825,0.008679669151434699,49,67,18,3,4,4,3,2,76,75,25
932,150,356,85,95,10,148,148,79,79,0,148,148,84,84,0,0.010721944245889922,0.011028285510058205,71,73,2,3,2,2,9,13,31,24,56
933,142,1782,80,100,20,270,304,79,86,7,142,304,80,96,16,0.011164437183021887,0.04036897103373158,62,95,33,1,2,2,16,9,9,27,7
934,86,702,67,100,33,60,70,53,62,9,60,70,60,65,5,0.008577555396711936,0.018891044623710815,65,82,17,2,3,3,5,13,49,24,20
935,40,40,55,55,0,62,62,77,77,0,40,40,66,66,0,0.0063650907110521125,0.0063650907110521125,60,60,0,-1,2,2,3,2,66,94,81
936,16,16,34,34,0,39,39,32,32,0,16,16,34,34,0,0.00013615167296368154,0.00013615167296368154,30,30,0,-1,3,3,11,1,33,95,80
937,0,0,1,1,0,0,0,1,1,0,0,0,1,1,0,0.0,0.0,1,1,0,-1,-1,-1,5,0,49,93,50
938,100,100,66,66,0,100,100,45,45,0,100,100,66,66,0,0.028489737567650362,0.028489737567650362,88,88,0,-1,1,1,10,8,1,8,45
939,42,42,58,58,0,48,48,59,59,0,48,48,63,63,0,0.007862759113652609,0.007862759113652609,63,63,0,-1,3,3,3,5,75,25,96
940,122,122,80,80,0,118,118,70,70,0,122,122,80,80,0,0.011879233466081215,0.011879233466081215,72,72,0,-1,2,2,9,8,35,8,92
941,0,616,1,100,99,0,28,1,44,43,0,28,1,49,48,0.0,0.011640968038394772,1,69,68,2,-1,3,3,0,58,80,77
942,194,810,90,100,10,208,208,89,89,0,208,208,92,92,0,0.015521290717859695,0.02733244834745907,79,88,9,2,2,2,10,13,0,33,19
943,6,108,29,73,44,42,42,34,34,0,6,8,29,34,5,0.0004084550188910446,0.0004765308553728854,36,36,0,4,4,4,9,1,28,88,60
944,90,191,74,92,18,62,62,80,80,0,62,62,80,80,0,0.010755982164130842,0.010790020082371761,70,70,0,5,2,2,3,7,55,21,65
945,100,100,67,67,0,100,100,74,74,0,100,100,75,75,0,0.035875965825930084,0.048333843902106946,93,96,3,2,1,1,5,6,63,34,37
946,73,175,61,88,27,68,68,66,66,0,73,68,69,69,0,0.006773545729943157,0.006875659484665918,58,58,0,4,2,2,4,4,53,22,4
947,0,616,1,100,99,0,80,1,40,39,0,64,1,55,54,0.0,0.00891793457912114,1,65,64,2,-1,3,10,0,22,87,27
948,0,206,1,90,89,0,32,1,31,30,0,7,1,33,32,0.0,0.0010892133837094523,1,38,37,3,-1,4,8,0,39,76,61
949,0,616,1,100,99,0,50,1,45,44,0,50,1,52,51,0.0,0.014908608189523128,1,78,77,2,-1,3,5,0,50,36,18
950,16,1656,37,100,63,30,90,34,64,30,16,90,37,71,34,0.0005446066918547262,0.045678886279315156,36,95,59,1,3,2,6,1,59,88,2
951,6,1646,29,100,71,18,64,33,53,20,6,64,29,59,30,0.00017018959120460194,0.026992069165049867,32,88,56,1,4,2,5,1,61,4,48
952,0,616,1,100,99,0,28,1,42,41,0,28,1,49,48,0.0,0.013376901868681712,1,79,78,2,-1,3,3,0,75,66,39
953,16,222,36,90,54,72,72,46,46,0,16,23,36,46,10,0.00353994349705572,0.003914360597705844,49,50,1,3,3,3,7,1,43,90,63
954,0,0,1,1,0,0,0,1,1,0,0,0,1,1,0,0.0,0.0,1,1,0,-1,-1,-1,12,0,14,96,86
955,100,100,73,73,0,100,100,88,88,0,100,100,88,88,0,0.040505122706695255,0.049559208958780084,94,96,2,2,1,1,4,6,84,70,31
956,0,1640,1,100,99,0,196,1,72,71,0,196,1,91,90,0.0,0.04026685727900882,1,94,93,1,-1,2,12,0,6,87,2
957,118,1758,80,100,20,124,148,76,78,2,124,148,81,85,4,0.013921508560536438,0.044249293713196504,73,97,24,1,3,2,9,13,26,33,0
958,100,100,61,61,0,100,100,43,43,0,100,100,61,61,0,0.024575376969944517,0.048333843902106946,86,100,14,1,1,1,12,9,2,27,15
959,0,206,1,85,84,0,60,1,36,35,0,25,1,43,42,0.0,0.0033016780693692774,1,51,50,3,-1,4,12,1,2,50,28
960,56,672,50,100,50,204,214,73,73,0,56,140,50,78,28,0.005071649817897137,0.01664454201981007,53,77,24,2,2,2,15,3,7,29,39
961,0,102,1,78,77,0,10,1,29,28,0,4,1,31,30,0.0,0.0006467204465774873,1,36,35,4,-1,5,6,0,69,92,43
962,0,616,1,100,99,0,44,1,47,46,0,44,1,53,52,0.0,0.012866333095067906,1,76,75,2,-1,3,4,0,83,36,19
963,18,224,44,92,48,46,46,40,40,0,18,24,44,48,4,0.0005786446100956465,0.0026549576227917903,35,48,13,3,3,3,6,2,44,56,46
964,6,622,29,99,70,32,84,31,38,7,6,50,29,53,24,0.00037441710065012424,0.006297014874570271,33,59,26,2,4,3,12,1,6,4,38
965,56,262,61,97,36,64,64,68,68,0,64,64,71,71,0,0.010279451308757957,0.014261887742945642,70,80,10,3,3,3,4,5,72,25,38
966,0,616,1,100,99,0,86,1,38,37,0,54,1,50,49,0.0,0.009870996289866912,1,66,65,2,-1,3,14,0,25,96,39
967,100,100,69,69,0,100,100,70,70,0,100,100,72,72,0,0.05173763572619899,0.05173763572619899,98,98,0,-1,1,1,6,16,65,18,67
968,0,0,1,1,0,0,0,1,1,0,0,0,1,1,0,0.0,0.0,1,1,0,-1,-1,-1,3,0,81,91,76
969,0,206,1,94,93,0,12,1,39,38,0,12,1,41,40,0.0,0.007352190340038803,1,67,66,3,-1,4,2,0,90,91,27
970,156,756,83,100,17,200,200,81,81,0,156,200,83,91,8,0.014670342761836687,0.027740903366350114,76,90,14,2,2,2,11,13,19,33,18
971,100,100,63,63,0,100,100,39,39,0,100,100,63,63,0,0.054222403757786176,0.06943735321147759,100,100,0,2,1,1,14,40,17,3,23
972,170,1810,90,100,10,120,144,85,91,6,120,144,85,91,6,0.019469689233806462,0.0490826781034072,84,96,12,1,2,2,6,17,48,6,18
973,124,740,78,100,22,230,230,87,87,0,124,230,78,93,15,0.010721944245889922,0.021409850573538922,70,83,13,2,2,2,12,6,6,34,19
974,0,206,1,90,89,0,18,1,32,31,0,10,1,38,37,0.0,0.0015657442390823377,1,40,39,3,-1,4,5,0,80,91,54
975,0,206,1,88,87,0,23,1,27,26,0,6,1,27,26,0.0,0.0002042275094455223,1,31,30,3,-1,4,17,1,20,69,55
976,114,216,82,92,10,96,96,87,87,0,96,96,87,87,0,0.012764219340345145,0.012798257258586064,74,75,1,4,2,2,3,6,87,13,95
977,122,328,86,99,13,88,88,80,80,0,88,88,81,81,0,0.015317063208414174,0.016202049082678104,80,81,1,3,2,2,4,14,77,14,61
978,2,208,26,87,61,16,49,26,32,6,2,16,26,32,6,3.4037918240920386e-05,0.0007828721195411688,26,35,9,3,5,4,15,1,7,78,64
979,144,760,82,100,18,194,204,78,84,6,144,204,82,92,10,0.007692569522448007,0.03002144388849178,62,90,28,2,2,2,11,6,19,13,0
980,0,616,1,100,99,0,56,1,43,42,0,56,1,51,50,0.0,0.011368664692467409,1,71,70,2,-1,3,6,0,56,98,19
981,8,214,38,94,56,8,12,33,39,6,8,12,38,41,3,0.0002042275094455223,0.0088498587426393,32,70,38,3,4,4,2,2,90,56,19
982,0,0,1,1,0,0,0,1,1,0,0,0,1,1,0,0.0,0.0,1,1,0,-1,-1,-1,4,1,47,45,81
983,121,737,79,100,21,178,178,78,78,0,121,178,79,84,5,0.00793083495013445,0.013649205214609075,64,73,9,2,2,2,10,8,12,57,48
984,108,108,85,85,0,56,56,82,82,0,56,56,82,82,0,0.02130773681881616,0.02130773681881616,85,85,0,-1,2,2,2,9,89,39,93
985,0,616,1,100,99,0,90,1,41,40,0,63,1,55,54,0.0,0.0057524081827155455,1,54,53,2,-1,3,12,0,3,91,57
986,62,678,55,100,45,170,170,73,73,0,62,118,55,77,22,0.00445896728956057,0.011130399264780965,52,70,18,2,2,2,11,6,33,70,21
987,191,292,91,98,7,88,88,82,82,0,88,88,82,82,0,0.027162258756254467,0.02719629667449539,89,89,0,5,2,2,4,15,78,16,60
988,0,206,1,90,89,0,20,1,29,28,0,8,1,34,33,0.0,0.0011232513019503727,1,38,37,3,-1,4,8,0,30,81,74
989,122,328,81,95,14,148,148,78,78,0,122,148,83,85,2,0.013513053541645392,0.017291262466387555,73,80,7,3,2,2,9,8,23,8,28
990,100,100,61,61,0,100,100,43,43,0,100,100,61,61,0,0.024881718234112803,0.030736240171551108,87,90,3,2,1,1,12,15,2,19,31
991,8,214,35,93,58,20,28,32,35,3,8,24,35,46,11,0.0008169100377820892,0.0057524081827155455,38,54,16,3,4,4,6,2,69,74,38
992,142,142,80,80,0,270,270,79,79,0,142,142,80,80,0,0.011164437183021887,0.011164437183021887,62,62,0,-1,2,2,16,9,9,27,76
993,22,1662,40,100,60,60,104,40,62,22,22,104,40,79,39,0.0010892133837094523,0.021954457265393648,39,84,45,1,3,2,9,2,31,74,19
994,0,616,1,99,98,0,74,1,34,33,0,22,1,39,38,0.0,0.003608019333537561,1,50,49,2,-1,3,12,0,6,67,29
995,0,206,1,94,93,0,16,1,34,33,0,9,1,36,35,0.0,0.001055175465468532,1,38,37,3,-1,4,4,0,53,59,64
996,108,1748,75,100,25,220,254,85,92,7,108,190,75,88,13,0.007011811157629599,0.021682153919466287,60,81,21,1,2,2,12,6,3,26,48
997,0,0,1,1,0,0,0,1,1,0,0,0,1,1,0,0.0,0.0,1,1,0,-1,-1,-1,4,0,83,91,82
998,100,100,76,76,0,100,100,97,97,0,100,100,97,97,0,0.10153511011266551,0.10153511011266551,100,100,0,-1,1,1,3,36,94,2,36
999,0,206,1,92,91,0,25,1,33,32,0,6,1,29,28,0.0,0.001497668402600497,1,42,41,3,-1,4,9,0,35,59,94
