,FreeNet_pre_score,FreeNet_post_score,FreeNet_pre_rank,FreeNet_post_rank,FreeNet_delta_ranks,Reversed_pre_score,Reversed_post_score,Reversed_pre_rank,Reversed_post_rank,Reversed_delta_ranks,Independent_pre_score,Independent_post_score,Independent_pre_rank,Independent_post_rank,Independent_delta_ranks,Random_pre_score,Random_post_score,Random_pre_rank,Random_post_rank,Random_delta_ranks,dist_victim_relayer,dist_victim_vilain_pre,dist_victim_vilain_post,out_deg_victim,in_deg_villain,victim,villain,relayer
0,40,142,49,85,36,156,156,68,68,0,40,42,49,52,3,0.002825147213996392,0.0028932230504782326,48,48,0,4,2,2,12,1,14,53,58
1,0,0,1,1,0,0,0,1,1,0,0,0,1,1,0,0.0,0.0,1,1,0,-1,-1,-1,6,0,56,82,80
2,112,712,75,100,25,102,102,68,68,0,112,102,78,76,-2,0.013104598522754349,0.016542428265087308,75,79,4,2,3,3,7,8,43,20,28
3,50,666,58,100,42,88,98,51,52,1,50,98,58,68,10,0.005071649817897137,0.017972020831205963,55,81,26,2,3,3,8,6,57,26,5
4,212,212,93,93,0,88,88,76,76,0,88,88,79,79,0,0.023213860240307704,0.023213860240307704,88,88,0,-1,2,2,4,19,47,15,89
5,32,238,47,94,47,94,94,52,52,0,32,64,47,56,9,0.0019061234214915416,0.007692569522448007,43,61,18,3,3,3,9,2,35,61,48
6,2,1642,27,100,73,4,52,27,81,54,2,52,27,81,54,6.807583648184077e-05,0.04649579631709724,27,96,69,1,5,2,3,1,92,60,30
7,64,64,67,67,0,48,48,73,73,0,48,48,75,75,0,0.013989584397018279,0.013989584397018279,76,76,0,-1,3,3,3,9,92,39,87
8,54,155,59,87,28,54,54,55,55,0,54,54,60,60,0,0.006909697402906838,0.006909697402906838,61,61,0,6,3,3,4,7,73,62,68
9,16,632,38,100,62,74,74,41,41,0,16,32,38,44,6,0.002586881786309949,0.005956635692161067,47,55,8,2,3,3,9,2,54,94,90
10,24,125,50,88,38,22,22,49,49,0,22,22,53,53,0,0.0029612988869600733,0.0030974505599237552,49,50,1,5,3,3,2,6,90,70,55
11,47,47,51,51,0,44,44,44,44,0,44,44,50,50,0,0.005037611899656217,0.005037611899656217,50,50,0,-1,3,3,4,6,67,35,92
12,22,22,53,53,0,32,32,63,63,0,22,22,55,55,0,0.004901460226692535,0.004901460226692535,58,58,0,-1,3,3,2,3,98,29,99
13,34,650,48,100,52,80,100,41,46,5,34,82,48,59,11,0.0014636304843595766,0.009564655025698629,41,66,25,2,3,3,10,4,22,64,34
14,198,798,93,100,7,94,94,75,75,0,94,94,75,75,0,0.024234997787535316,0.043738724939582696,87,96,9,2,2,2,5,19,49,15,9
15,0,616,1,100,99,0,50,1,36,35,0,50,1,55,54,0.0,0.007011811157629599,1,62,61,2,-1,3,8,0,21,92,31
16,78,180,75,91,16,28,28,44,44,0,28,28,51,51,0,0.011675005956635693,0.012185574730249497,73,73,0,4,3,3,3,8,92,8,71
17,0,616,1,100,99,0,124,1,59,58,0,115,1,81,80,0.0,0.015521290717859695,1,76,75,2,-1,3,14,0,17,96,23
18,100,100,67,67,0,100,100,55,55,0,100,100,67,67,0,0.03788420300214439,0.04067531229789986,96,96,0,3,1,1,9,15,23,16,73
19,0,616,1,100,99,0,38,1,40,39,0,38,1,49,48,0.0,0.012185574730249497,1,74,73,2,-1,3,6,0,69,76,5
20,18,224,42,94,52,36,36,38,38,0,18,26,42,48,6,0.0007488342013002485,0.002280540522141666,36,47,11,3,3,3,5,2,63,56,75
21,0,616,1,100,99,0,46,1,44,43,0,46,1,55,54,0.0,0.007284114503556962,1,62,61,2,-1,3,5,0,80,76,13
22,343,549,100,100,0,134,134,90,90,0,134,134,90,90,0,0.03567173831648456,0.03795227883862623,96,97,1,3,2,2,6,30,56,7,73
23,92,92,76,76,0,48,48,59,59,0,48,48,63,63,0,0.012866333095067906,0.012866333095067906,78,78,0,-1,3,3,3,8,75,17,97
24,66,682,57,100,43,94,104,45,61,16,66,82,57,57,0,0.007556417849484326,0.009292351679771264,60,67,7,2,3,3,9,6,29,34,55
25,56,262,54,96,42,136,136,63,63,0,56,63,54,55,1,0.002484768031587188,0.0027911092957554717,48,48,0,3,2,2,12,2,6,52,56
26,116,732,77,100,23,164,164,73,73,0,116,164,77,83,6,0.00803294870485721,0.01334286395044079,64,72,8,2,2,2,10,7,18,48,26
27,94,710,69,100,31,94,94,68,68,0,94,94,71,71,0,0.007454304094761564,0.020661016372238675,62,83,21,2,2,2,5,5,50,47,30
28,0,102,1,80,79,0,6,1,29,28,0,4,1,31,30,0.0,0.0008509479560230097,1,37,36,4,-1,5,3,0,76,92,51
29,0,206,1,94,93,0,18,1,37,36,0,18,1,46,45,0.0,0.007113924912352361,1,65,64,3,-1,4,3,0,81,97,62
30,132,748,80,100,20,120,120,83,83,0,120,120,85,85,0,0.013479015623404473,0.01664454201981007,73,81,8,2,2,2,6,9,59,27,54
31,38,244,47,91,44,84,84,46,46,0,38,50,47,49,2,0.0025188059498281084,0.005650294427992784,46,55,9,3,3,3,9,6,54,70,29
32,129,329,87,99,12,78,78,75,75,0,78,78,77,77,0,0.015214949453691413,0.016542428265087308,79,82,3,3,2,2,4,14,77,32,90
33,12,12,35,35,0,14,14,32,32,0,12,12,35,35,0,0.0012253650566731338,0.0012253650566731338,38,38,0,-1,4,4,3,3,82,51,92
34,78,78,62,62,0,76,76,54,54,0,76,76,61,61,0,0.00789679703189353,0.00789679703189353,62,62,0,-1,3,3,6,7,44,48,86
35,0,616,1,100,99,0,34,1,39,38,0,32,1,47,46,0.0,0.004969536063174376,1,51,50,2,-1,3,6,0,69,36,47
36,0,616,1,100,99,0,20,1,42,41,0,20,1,46,45,0.0,0.007998910786616291,1,64,63,2,-1,3,3,0,58,67,24
37,100,100,69,69,0,100,100,55,55,0,100,100,69,69,0,0.06225535246264338,0.06644201640627659,100,100,0,2,1,1,9,40,26,3,72
38,0,206,1,97,96,0,12,1,38,37,0,12,1,43,42,0.0,0.014261887742945642,1,77,76,3,-1,4,2,0,97,93,15
39,1,617,25,100,75,2,22,25,46,21,1,22,25,51,26,0.0,0.024949794070594642,1,89,88,2,6,3,2,1,89,68,10
40,77,277,72,97,25,48,48,59,59,0,48,48,63,63,0,0.008305252050784574,0.012662105585622384,65,77,12,3,3,3,3,8,75,44,25
41,22,123,46,86,40,34,34,44,44,0,22,23,46,50,4,0.0011913271384322134,0.0012934408931549745,42,42,0,5,3,3,4,2,72,61,88
42,62,164,54,83,29,160,160,68,68,0,62,64,54,54,0,0.004663194799006093,0.004901460226692535,53,54,1,4,2,2,11,6,5,70,88
43,6,6,31,31,0,14,14,31,31,0,6,6,31,31,0,0.0002723033459273631,0.0002723033459273631,32,32,0,-1,4,4,5,1,70,60,99
44,100,100,64,64,0,100,100,45,45,0,100,100,64,64,0,0.05023996732359849,0.05023996732359849,97,97,0,-1,1,1,10,29,18,1,96
45,124,740,77,100,23,150,160,85,93,8,124,160,83,94,11,0.010415602981721638,0.03301678069369277,71,91,20,2,2,2,7,7,46,21,0
46,0,616,1,100,99,0,70,1,41,40,0,56,1,55,54,0.0,0.007250076585316042,1,61,60,2,-1,3,9,0,28,84,21
47,278,894,95,100,5,344,344,93,93,0,278,344,95,98,3,0.02552843868069029,0.03458252493277511,87,92,5,2,2,2,17,15,20,16,14
48,6,622,32,100,68,14,28,32,42,10,6,28,32,48,16,0.0009190237925048504,0.013547091459886314,37,78,41,2,4,3,3,1,96,71,19
49,40,1640,52,100,48,60,60,52,52,0,40,60,52,61,9,0.006671431975220395,0.03795227883862623,58,94,36,1,2,2,5,1,45,90,10
50,104,720,78,100,22,198,198,86,86,0,104,198,78,91,13,0.010449640899962559,0.01844855168657885,71,81,10,2,2,2,10,6,1,77,32
51,304,504,95,99,4,128,128,91,91,0,128,128,91,91,0,0.03226794649239253,0.03682902753667586,91,92,1,3,2,2,5,29,52,0,24
52,24,24,45,45,0,46,46,42,42,0,24,24,45,45,0,0.001599782157323258,0.001599782157323258,40,40,0,-1,3,3,6,3,48,43,67
53,169,270,90,96,6,72,72,83,83,0,72,72,83,83,0,0.02484768031587188,0.024949794070594642,88,88,0,5,2,2,3,16,58,18,4
54,172,788,84,100,16,204,204,79,79,0,172,204,84,87,3,0.011743081793117532,0.030225671397937304,72,91,19,2,2,2,11,9,5,31,9
55,202,304,89,94,5,144,144,88,88,0,144,144,88,88,0,0.021409850573538922,0.021409850573538922,84,84,0,4,2,2,6,18,44,5,95
56,66,168,61,89,28,54,54,56,56,0,54,54,57,57,0,0.006535280302256714,0.007182000748834201,55,60,5,4,3,3,4,6,67,13,74
57,100,100,66,66,0,100,100,45,45,0,100,100,66,66,0,0.038224582184553595,0.038224582184553595,95,95,0,4,1,1,10,19,1,15,95
58,22,228,41,95,54,34,34,37,37,0,22,32,41,49,8,0.0008169100377820892,0.0019061234214915416,36,46,10,3,3,3,6,2,34,63,54
59,440,440,97,97,0,296,296,96,96,0,296,296,96,96,0,0.037850165083903466,0.037850165083903466,93,93,0,-1,2,2,11,29,33,0,36
60,0,1640,1,100,99,0,45,1,36,35,0,40,1,48,47,0.0,0.01776779332176044,1,79,78,1,-1,2,6,0,71,79,60
61,0,616,1,100,99,0,90,1,40,39,0,90,1,60,59,0.0,0.014500153170632085,1,72,71,2,-1,3,12,0,2,76,12
62,46,662,51,100,49,62,70,44,54,10,46,70,51,59,8,0.0036760951700194017,0.019027196296674494,48,80,32,2,2,2,6,2,71,74,15
63,134,134,81,81,0,166,166,87,87,0,134,134,82,82,0,0.012628067667381462,0.012628067667381462,74,74,0,-1,2,2,8,6,10,77,36
64,24,230,46,95,49,42,46,40,40,0,24,46,46,54,8,0.00176997174852786,0.013853432724054596,43,74,31,3,3,3,6,3,34,43,6
65,0,1640,1,100,99,0,82,1,47,46,0,58,1,54,53,0.0,0.01674665577453283,1,82,81,1,-1,2,8,1,15,45,38
66,56,672,54,100,46,164,174,74,79,5,56,174,54,89,35,0.006297014874570271,0.01960584090677014,58,82,24,2,2,2,10,3,1,29,5
67,2,208,28,95,67,4,8,30,32,2,2,8,28,37,9,0.0002723033459273631,0.003812246842983083,34,52,18,3,5,4,2,1,89,60,22
68,110,110,75,75,0,164,164,74,74,0,110,110,75,75,0,0.010313489226998877,0.010313489226998877,67,67,0,-1,2,2,10,7,22,21,98
69,180,796,90,100,10,232,232,92,92,0,180,232,91,92,1,0.013955546478777357,0.017937982912965042,76,81,5,2,2,2,10,9,1,27,28
70,56,672,53,100,47,138,138,64,64,0,56,74,53,55,2,0.003914360597705844,0.005854521937438306,54,57,3,2,2,2,14,2,8,75,83
71,16,616,32,100,68,40,40,32,32,0,16,24,32,40,8,0.00037441710065012424,0.003199564314646516,32,49,17,2,3,3,9,1,29,4,54
72,206,1846,92,100,8,134,158,90,98,8,134,158,90,98,8,0.022022533101875488,0.03955206099594949,86,97,11,1,2,2,6,18,56,30,43
73,6,622,32,100,68,14,38,34,55,21,6,38,32,56,24,0.0006126825283365669,0.02474556656114912,34,87,53,2,4,3,3,1,60,49,7
74,0,0,1,1,0,0,0,1,1,0,0,0,1,1,0,0.0,0.0,1,1,0,-1,-1,-1,4,0,78,80,36
75,0,1640,1,100,99,0,49,1,41,40,0,42,1,52,51,0.0,0.015214949453691413,1,77,76,1,-1,2,7,0,62,81,74
76,218,818,95,100,5,56,56,80,80,0,56,56,81,81,0,0.03757786173797611,0.04649579631709724,95,97,2,2,2,2,2,29,91,11,5
77,88,88,67,67,0,88,88,71,71,0,88,88,71,71,0,0.011232513019503728,0.011232513019503728,72,72,0,-1,2,2,4,7,53,62,87
78,0,0,1,1,0,0,0,1,1,0,0,0,1,1,0,0.0,0.0,1,1,0,-1,-1,-1,3,0,66,99,81
79,0,616,1,100,99,0,56,1,40,39,0,56,1,53,52,0.0,0.010075223799312433,1,70,69,2,-1,3,6,0,40,98,27
80,188,804,92,100,8,48,48,63,63,0,48,48,64,64,0,0.0230436706491031,0.029442799278396135,86,90,4,2,3,3,3,19,82,15,44
81,0,0,1,1,0,0,0,1,1,0,0,0,1,1,0,0.0,0.0,1,1,0,-1,-1,-1,10,1,0,45,84
82,0,0,1,1,0,0,0,1,1,0,0,0,1,1,0,0.0,0.0,1,1,0,-1,-1,-1,3,0,55,87,89
83,124,226,81,91,10,204,204,86,86,0,124,126,81,81,0,0.011198475101262807,0.01143674052894925,70,70,0,4,2,2,11,6,38,77,4
84,404,610,99,100,1,128,128,92,92,0,128,128,92,92,0,0.04418121787671466,0.04523639334218319,97,97,0,3,2,2,5,40,50,3,74
85,70,686,55,100,45,108,108,63,63,0,54,66,51,55,4,0.005003573981415297,0.009054086252084823,53,64,11,2,3,3,8,6,27,41,70
86,12,628,36,100,64,36,46,36,39,3,12,46,36,56,20,0.001497668402600497,0.007658531604207087,42,61,19,2,4,3,6,2,44,83,31
87,86,187,64,87,23,96,96,60,60,0,86,96,64,68,4,0.00803294870485721,0.00803294870485721,64,64,0,5,3,3,6,6,44,34,58
88,111,317,78,96,18,152,152,80,80,0,111,117,78,79,1,0.00891793457912114,0.011198475101262807,67,72,5,3,2,2,8,8,30,44,94
89,64,166,62,88,26,64,64,60,60,0,64,64,63,63,0,0.007386228258279724,0.007420266176520644,60,60,0,4,3,3,4,7,83,62,65
90,184,800,87,100,13,248,248,90,90,0,184,248,88,91,3,0.01330882603219987,0.018312400013615168,72,80,8,2,2,2,11,8,33,17,57
91,82,82,69,69,0,48,48,54,54,0,48,48,56,56,0,0.012764219340345145,0.012764219340345145,74,74,0,-1,3,3,3,8,87,20,96
92,22,22,39,39,0,154,154,65,65,0,22,22,39,39,0,0.0018040096667687805,0.0018040096667687805,40,40,0,-1,3,3,14,2,17,52,36
93,6,6,29,29,0,25,25,30,30,0,6,6,29,29,0,0.00010211375472276115,0.00010211375472276115,30,30,0,-1,4,4,11,1,5,60,86
94,1,207,26,90,64,6,32,26,35,9,1,13,26,36,10,3.4037918240920386e-05,0.0033357159876101976,27,48,21,3,6,4,6,1,48,68,29
95,0,102,1,81,80,0,3,1,27,26,0,4,1,31,30,0.0,0.0014636304843595766,1,42,41,4,-1,5,2,0,95,98,83
96,172,1812,84,100,16,204,228,79,86,7,172,228,84,90,6,0.011743081793117532,0.02923857176895061,72,90,18,1,2,2,11,9,5,31,14
97,234,850,93,100,7,182,182,82,82,0,182,182,88,88,0,0.02049082678103407,0.025902855781340415,84,88,4,2,2,2,9,16,28,12,38
98,0,0,1,1,0,0,0,1,1,0,0,0,1,1,0,0.0,0.0,1,1,0,-1,-1,-1,6,0,44,93,91
99,63,269,71,100,29,32,32,69,69,0,32,32,69,69,0,0.006773545729943157,0.012559991830899623,64,76,12,3,3,3,2,8,90,57,21
100,2,618,28,100,72,11,76,30,53,23,2,76,28,65,37,3.4037918240920386e-05,0.03213179481942884,27,90,63,2,5,3,6,1,32,95,2
101,144,246,81,92,11,208,208,85,85,0,144,146,81,83,2,0.011130399264780965,0.011300588855985567,69,70,1,4,2,2,10,7,18,21,88
102,52,258,50,94,44,62,66,48,49,1,50,66,50,60,10,0.003880322679464924,0.008101024541339052,49,62,13,3,3,3,6,6,56,41,26
103,0,102,1,83,82,0,3,1,28,27,0,3,1,32,31,0.0,0.00013615167296368154,1,30,29,4,-1,5,2,0,90,96,56
104,90,90,58,58,0,188,188,70,70,0,90,90,58,58,0,0.004935498144933456,0.004935498144933456,56,56,0,-1,2,2,14,6,8,28,92
105,331,531,99,100,1,96,96,93,93,0,96,96,93,93,0,0.04571292419755608,0.05177167364443991,96,96,0,3,2,2,3,40,66,3,17
106,0,616,1,100,99,0,43,1,32,31,0,17,1,38,37,0.0,0.0004765308553728854,1,33,32,2,-1,3,14,0,17,91,56
107,6,212,27,90,63,24,28,30,33,3,6,12,27,31,4,0.0009190237925048504,0.003914360597705844,35,48,13,3,4,4,6,2,51,42,90
108,0,616,1,100,99,0,58,1,39,38,0,58,1,60,59,0.0,0.01317267435923619,1,76,75,2,-1,3,8,0,39,92,6
109,22,638,40,100,60,58,76,35,40,5,22,56,40,55,15,0.00030634126416828345,0.0057524081827155455,33,58,25,2,3,3,10,2,11,63,38
110,0,616,1,99,98,0,92,1,34,33,0,60,1,51,50,0.0,0.005922597773920147,1,55,54,2,-1,3,17,0,20,82,31
111,16,222,41,95,54,24,28,42,44,2,16,28,41,48,7,0.0006807583648184077,0.020150447598624867,35,85,50,3,3,3,3,1,60,88,10
112,22,638,39,100,61,164,184,70,71,1,22,184,39,85,46,0.001940161339732462,0.01783586915824228,41,78,37,2,3,3,14,2,17,61,15
113,56,56,53,53,0,154,154,67,67,0,56,56,53,53,0,0.0033357159876101976,0.0033357159876101976,50,50,0,-1,2,2,10,2,18,52,67
114,0,1640,1,100,99,0,130,1,65,64,0,130,1,81,80,0.0,0.029374723441914292,1,91,90,1,-1,2,11,0,38,40,7
115,104,206,77,92,15,60,60,55,55,0,60,60,60,60,0,0.01143674052894925,0.012049423057285817,71,72,1,4,3,3,5,14,70,32,51
116,0,206,1,90,89,0,24,1,37,36,0,24,1,49,48,0.0,0.019367575479083698,1,83,82,3,-1,4,4,0,79,84,0
117,6,108,29,77,48,17,18,28,28,0,6,8,29,32,3,0.00010211375472276115,0.00013615167296368154,28,29,1,4,4,4,11,2,33,58,65
118,47,47,57,57,0,34,34,45,45,0,34,34,53,53,0,0.007522379931243405,0.007522379931243405,63,63,0,-1,3,3,4,8,84,44,67
119,68,274,65,98,33,56,56,80,80,0,56,56,81,81,0,0.011198475101262807,0.021477926410020762,72,87,15,3,2,2,2,4,91,72,30
120,16,222,44,92,48,48,48,54,54,0,16,48,43,55,12,0.0020763130126961434,0.008951972497362062,46,65,19,3,3,3,3,1,87,53,27
121,16,16,34,34,0,132,132,62,62,0,16,16,34,34,0,0.0022465026039007454,0.0022465026039007454,45,45,0,-1,3,3,16,2,9,94,40
122,2,618,26,100,74,8,28,26,34,8,2,20,26,42,16,3.4037918240920386e-05,0.003914360597705844,27,49,22,2,5,3,7,1,43,78,75
123,126,326,82,96,14,64,64,63,63,0,64,64,64,64,0,0.01664454201981007,0.020661016372238675,81,84,3,3,3,3,4,17,79,6,13
124,115,315,81,95,14,70,70,59,59,0,70,70,67,67,0,0.0160318594914735,0.016542428265087308,78,78,0,3,3,3,5,12,88,37,49
125,102,718,73,100,27,166,166,83,83,0,102,166,73,87,14,0.009462541270975866,0.022328874366043774,68,85,17,2,2,2,8,7,42,62,30
126,188,804,92,100,8,48,48,63,63,0,48,48,64,64,0,0.0230436706491031,0.02729841042921815,86,89,3,2,3,3,3,19,82,15,46
127,18,18,42,42,0,68,68,41,41,0,18,18,42,42,0,0.001497668402600497,0.001497668402600497,42,42,0,-1,3,3,8,2,30,61,93
128,100,100,72,72,0,100,100,77,77,0,100,100,77,77,0,0.028830116750059566,0.03315293236665646,89,91,2,3,1,1,6,6,69,41,62
129,344,944,98,100,2,96,96,90,90,0,96,96,90,90,0,0.0530991524558358,0.06599952346914463,97,98,1,2,2,2,3,36,82,2,18
130,2,2,26,26,0,14,14,27,27,0,2,2,26,26,0,3.4037918240920386e-05,3.4037918240920386e-05,26,26,0,-1,5,5,12,1,3,68,89
131,0,206,1,89,88,0,19,1,28,27,0,6,1,28,27,0.0,0.0002723033459273631,1,33,32,3,-1,4,10,0,18,82,4
132,0,206,1,94,93,0,18,1,35,34,0,18,1,44,43,0.0,0.004765308553728854,1,55,54,3,-1,4,3,0,66,86,62
133,8,214,34,96,62,10,18,31,34,3,8,18,34,45,11,0.000442492937131965,0.005173763572619898,33,53,20,3,4,4,3,2,94,63,72
134,0,206,1,96,95,0,12,1,34,33,0,12,1,42,41,0.0,0.02011640968038395,1,85,84,3,-1,4,2,0,86,87,9
135,122,122,91,91,0,56,56,92,92,0,56,56,92,92,0,0.029544913033118896,0.029544913033118896,91,91,0,-1,2,2,2,17,97,6,91
136,216,416,96,100,4,32,32,70,70,0,32,32,70,70,0,0.030497974743864665,0.03458252493277511,93,93,0,3,3,3,2,29,95,11,44
137,16,222,42,92,50,54,54,53,53,0,16,54,42,56,14,0.002552843868069029,0.009292351679771264,47,68,21,3,3,3,4,1,79,53,31
138,199,199,93,93,0,96,96,95,95,0,96,96,95,95,0,0.033084856530174615,0.033084856530174615,91,91,0,-1,2,2,3,15,55,16,79
139,120,326,88,100,12,56,56,93,93,0,56,56,93,93,0,0.02188638142891181,0.02464345280642636,87,89,2,3,2,2,2,12,99,37,29
140,78,1718,59,100,41,180,214,76,85,9,78,214,59,89,30,0.007182000748834201,0.025766704108376733,59,88,29,1,2,2,11,4,33,72,32
141,100,100,69,69,0,100,100,66,66,0,100,100,75,75,0,0.04036897103373158,0.04036897103373158,96,96,0,-1,1,1,6,13,51,33,76
142,396,396,96,96,0,358,358,97,97,0,358,358,97,97,0,0.023520201504475986,0.023520201504475986,86,86,0,-1,2,2,14,19,25,15,96
143,16,16,34,34,0,78,78,34,34,0,16,16,34,34,0,0.00037441710065012424,0.00037441710065012424,34,34,0,-1,3,3,14,1,16,88,85
144,0,0,1,1,0,0,0,1,1,0,0,0,1,1,0,0.0,0.0,1,1,0,-1,-1,-1,8,0,57,82,67
145,40,656,47,100,53,70,104,40,56,16,40,104,47,69,22,0.002144388849177984,0.011198475101262807,45,74,29,2,2,2,10,1,0,88,14
146,54,54,62,62,0,48,48,66,66,0,48,48,67,67,0,0.008169100377820893,0.008169100377820893,65,65,0,-1,3,3,3,4,76,72,97
147,2,2,27,27,0,22,22,29,29,0,2,2,27,27,0,0.0002723033459273631,0.0002723033459273631,32,32,0,-1,5,5,12,1,14,55,79
148,0,102,1,83,82,0,4,1,28,27,0,4,1,32,31,0.0,0.0007488342013002485,1,37,36,4,-1,5,2,0,86,66,43
149,28,28,52,52,0,28,28,42,42,0,28,28,51,51,0,0.003812246842983083,0.003812246842983083,53,53,0,-1,3,3,3,6,64,41,67
150,6,6,31,31,0,46,46,34,34,0,6,6,31,31,0,0.0002042275094455223,0.0002042275094455223,32,32,0,-1,4,4,11,1,19,88,98
151,0,206,1,92,91,0,28,1,29,28,0,6,1,28,27,0.0,0.0007147962830593281,1,35,34,3,-1,4,12,0,6,67,42
152,82,288,73,98,25,32,32,58,58,0,32,32,60,60,0,0.011675005956635693,0.014364001497668403,74,78,4,3,3,3,2,8,91,17,90
153,0,206,1,89,88,0,19,1,28,27,0,8,1,33,32,0.0,0.0009530617107457708,1,38,37,3,-1,4,8,0,42,99,51
154,0,1640,1,100,99,0,64,1,53,52,0,64,1,59,58,0.0,0.025936893699581333,1,86,85,1,-1,2,5,0,61,79,20
155,1,1,23,23,0,4,4,23,23,0,1,1,23,23,0,0.00010211375472276115,0.00010211375472276115,27,27,0,-1,6,6,4,1,67,78,98
156,144,144,86,86,0,80,80,68,68,0,80,80,72,72,0,0.019469689233806462,0.019469689233806462,83,83,0,-1,3,3,5,18,88,30,40
157,0,0,1,1,0,0,0,1,1,0,0,0,1,1,0,0.0,0.0,1,1,0,-1,-1,-1,3,1,85,69,93
158,100,100,70,70,0,100,100,53,53,0,100,100,70,70,0,0.05544776881445931,0.059634432758092513,100,100,0,3,1,1,9,29,31,0,25
159,100,100,63,63,0,100,100,45,45,0,100,100,63,63,0,0.039994553933081455,0.041798563599850236,94,94,0,3,1,1,11,20,19,23,52
160,0,206,1,92,91,0,9,1,31,30,0,6,1,31,30,0.0,0.0004765308553728854,1,35,34,3,-1,4,3,0,64,91,49
161,74,74,62,62,0,90,90,58,58,0,73,73,62,62,0,0.006262976956329351,0.006262976956329351,58,58,0,-1,2,2,6,6,48,41,91
162,6,1646,31,100,69,14,62,33,76,43,6,62,31,78,47,0.0008509479560230097,0.053609721229449604,37,97,60,1,4,2,3,2,66,42,0
163,0,616,1,100,99,0,46,1,40,39,0,46,1,54,53,0.0,0.007216038667075122,1,62,61,2,-1,3,6,0,34,40,44
164,30,131,46,83,37,100,100,47,47,0,30,31,46,46,0,0.00442492937131965,0.004493005207801491,52,53,1,5,3,3,10,6,22,73,58
165,102,308,84,100,16,56,56,85,85,0,56,56,85,85,0,0.017223186629905716,0.019980258007420267,81,86,5,3,2,2,2,8,90,17,28
166,0,0,1,1,0,0,0,1,1,0,0,0,1,1,0,0.0,0.0,1,1,0,-1,-1,-1,5,0,45,97,89
167,128,229,81,90,9,200,200,84,84,0,128,129,81,81,0,0.01242384015793594,0.012491915994417782,71,71,0,5,2,2,11,9,33,27,55
168,6,622,29,100,71,26,60,32,37,5,6,48,29,54,25,0.00013615167296368154,0.00796487286837537,32,64,32,2,4,3,9,1,28,4,77
169,118,324,80,96,16,120,120,85,85,0,120,120,85,85,0,0.016474352428605468,0.02375846693216243,81,87,6,3,2,2,6,9,48,39,77
170,76,178,73,93,20,56,56,84,84,0,56,56,85,85,0,0.016236087000919025,0.016304162837400864,81,81,0,4,2,2,2,5,98,25,56
171,22,228,45,95,50,38,38,46,46,0,22,38,46,50,4,0.002552843868069029,0.007250076585316042,46,60,14,3,3,3,3,2,96,61,31
172,1,1,24,24,0,3,3,24,24,0,1,1,24,24,0,3.4037918240920386e-05,3.4037918240920386e-05,26,26,0,-1,6,6,3,1,92,68,89
173,88,704,59,100,41,142,162,68,70,2,88,162,59,83,24,0.007113924912352361,0.017529527894074,60,76,16,2,3,3,12,8,2,57,39
174,0,206,1,88,87,0,36,1,35,34,0,15,1,36,35,0.0,0.002280540522141666,1,46,45,3,-1,4,8,0,10,82,41
175,0,616,1,99,98,0,56,1,34,33,0,16,1,36,35,0.0,0.0018380475850097008,1,42,41,2,-1,3,11,0,19,79,53
176,6,212,33,94,61,8,8,33,33,0,6,8,33,37,4,0.00017018959120460194,0.0012594029749140542,31,42,11,3,4,4,2,1,90,4,61
177,0,616,1,100,99,0,60,1,39,38,0,53,1,54,53,0.0,0.009496579189216788,1,69,68,2,-1,3,9,0,35,89,39
178,146,352,90,98,8,72,72,79,79,0,72,72,80,80,0,0.02038871302631131,0.022839443139657578,85,88,3,3,2,2,3,16,75,12,41
179,100,100,71,71,0,100,100,79,79,0,100,100,79,79,0,0.0392457197317812,0.05000170189591205,94,99,5,3,1,1,5,9,70,31,37
180,132,132,81,81,0,118,118,68,68,0,132,132,82,82,0,0.01320671227747711,0.01320671227747711,74,74,0,-1,2,2,9,8,29,8,40
181,0,206,1,87,86,0,37,1,32,31,0,12,1,32,31,0.0,0.0006467204465774873,1,35,34,3,-1,4,15,0,7,92,63
182,54,260,59,92,33,70,70,59,59,0,54,70,59,65,6,0.007760645358929848,0.018040096667687803,63,83,20,3,3,3,5,4,80,72,6
183,2,618,28,100,72,12,58,29,42,13,2,58,28,50,22,3.4037918240920386e-05,0.016168011164437182,29,82,53,2,5,3,7,1,46,65,16
184,110,726,79,100,21,70,80,63,70,7,70,80,66,71,5,0.012185574730249497,0.028659927158854966,72,89,17,2,3,3,5,14,49,32,16
185,0,0,1,1,0,0,0,1,1,0,0,0,1,1,0,0.0,0.0,1,1,0,-1,-1,-1,4,0,83,98,59
186,0,0,1,1,0,0,0,1,1,0,0,0,1,1,0,0.0,0.0,1,1,0,-1,-1,-1,5,0,49,79,40
187,264,470,92,99,7,248,248,90,90,0,248,248,92,92,0,0.019980258007420267,0.02127369890057524,81,82,1,3,2,2,11,18,38,5,61
188,0,0,1,1,0,0,0,1,1,0,0,0,1,1,0,0.0,0.0,1,1,0,-1,-1,-1,10,0,22,85,89
189,100,100,63,63,0,228,228,78,78,0,100,100,63,63,0,0.009190237925048503,0.009190237925048503,66,66,0,-1,2,2,14,6,17,77,92
190,173,274,92,98,6,72,72,80,80,0,72,72,80,80,0,0.025222097416522007,0.025324211171244768,89,89,0,6,2,2,3,16,66,18,68
191,32,134,47,80,33,76,76,40,40,0,32,34,47,48,1,0.001055175465468532,0.0011913271384322134,40,40,0,4,3,3,10,2,18,74,65
192,88,704,67,100,33,132,132,79,79,0,88,104,67,76,9,0.00878178290615746,0.011640968038394772,67,71,4,2,2,2,8,7,39,62,94
193,16,16,39,39,0,28,28,40,40,0,16,16,39,39,0,0.0033357159876101976,0.0033357159876101976,51,51,0,-1,3,3,3,1,82,90,87
194,94,710,67,100,33,90,90,61,61,0,94,90,67,66,-1,0.007284114503556962,0.014772456516559448,61,75,14,2,2,2,6,5,41,47,24
195,0,616,1,99,98,0,104,1,54,53,0,34,1,44,43,0.0,0.005446066918547262,1,54,53,2,-1,3,17,0,20,66,38
196,16,632,33,100,67,122,136,55,58,3,16,82,33,53,20,0.0011913271384322134,0.009394465434494027,38,66,28,2,3,3,16,1,4,71,77
197,16,16,36,36,0,98,98,53,53,0,16,16,36,36,0,0.002586881786309949,0.002586881786309949,48,48,0,-1,3,3,8,1,30,53,96
198,322,322,97,97,0,120,120,100,100,0,120,120,100,100,0,0.041185881071513664,0.041185881071513664,95,95,0,-1,2,2,3,29,64,0,98
199,0,101,1,77,76,0,5,1,24,23,0,1,1,24,23,0.0,0.0,1,1,0,5,-1,6,5,0,50,87,68
200,0,0,1,1,0,0,0,1,1,0,0,0,1,1,0,0.0,0.0,1,1,0,-1,-1,-1,9,0,23,85,45
201,28,644,46,100,54,60,70,40,43,3,28,63,46,56,10,0.002110350930937064,0.00704584907587052,45,59,14,2,3,3,9,3,35,54,28
202,116,322,79,96,17,180,180,80,80,0,116,125,79,81,2,0.013036522686272508,0.0141938119064638,72,76,4,3,2,2,11,8,38,20,43
203,0,206,1,89,88,0,28,1,33,32,0,28,1,43,42,0.0,0.006739507811702236,1,57,56,3,-1,4,6,0,71,67,77
204,118,220,79,89,10,158,158,79,79,0,118,120,79,79,0,0.01153885428367201,0.01157289220191293,71,71,0,4,2,2,9,9,54,27,58
205,0,102,1,73,72,0,14,1,26,25,0,2,1,25,24,0.0,0.0,1,1,0,4,-1,5,12,0,6,89,95
206,18,18,43,43,0,30,30,36,36,0,18,18,43,43,0,0.0014636304843595766,0.0014636304843595766,41,41,0,-1,4,4,5,3,61,43,45
207,100,100,66,66,0,100,100,60,60,0,100,100,68,68,0,0.06300418666394364,0.06429762755709861,100,100,0,3,1,1,7,40,43,3,53
208,393,1009,98,100,2,192,192,93,93,0,192,192,94,94,0,0.03716940671908506,0.04319411824772797,94,96,2,2,2,2,9,30,35,7,72
209,16,222,31,87,56,43,54,30,34,4,16,29,31,41,10,0.0002723033459273631,0.002757071377514551,32,49,17,3,3,3,14,1,25,65,73
210,6,1646,30,100,70,18,90,30,48,18,6,90,30,60,30,0.0002382654276864427,0.02314578440382586,32,84,52,1,4,2,9,1,35,55,12
211,77,77,68,68,0,48,48,62,62,0,48,48,64,64,0,0.0088498587426393,0.0088498587426393,68,68,0,-1,3,3,3,8,64,44,66
212,12,218,34,94,60,38,38,35,35,0,12,38,34,46,12,0.0014295925661186562,0.00707988699411144,41,55,14,3,4,4,7,3,46,51,44
213,1,1,26,26,0,5,5,26,26,0,1,1,26,26,0,0.00010211375472276115,0.00010211375472276115,28,28,0,-1,6,6,5,2,37,58,76
214,0,616,1,99,98,0,80,1,40,39,0,48,1,54,53,0.0,0.008543517478471017,1,63,62,2,-1,3,12,0,14,99,34
215,16,632,36,100,64,56,94,37,47,10,16,70,36,56,20,0.0002723033459273631,0.007828721195411689,35,62,27,2,3,3,9,1,28,49,62
216,235,441,93,100,7,158,158,98,98,0,158,158,98,98,0,0.02038871302631131,0.029374723441914292,81,89,8,3,2,2,6,15,74,19,39
217,58,674,61,100,39,94,94,72,72,0,58,94,61,72,11,0.005514142755029102,0.030361823070900983,59,90,31,2,2,2,5,6,80,70,3
218,118,324,81,97,16,104,104,85,85,0,104,104,85,85,0,0.014806494434800367,0.018108172504169646,75,79,4,3,2,2,5,9,70,27,29
219,0,616,1,100,99,0,50,1,45,44,0,50,1,52,51,0.0,0.02746860002042275,1,90,89,2,-1,3,5,0,50,36,3
220,0,206,1,91,90,0,16,1,28,27,0,16,1,34,33,0.0,0.0030974505599237552,1,44,43,3,-1,4,4,0,67,84,35
221,0,1640,1,100,99,0,146,1,66,65,0,146,1,84,83,0.0,0.0283876238129276,1,87,86,1,-1,2,12,0,3,82,7
222,159,159,86,86,0,234,234,91,91,0,159,159,86,86,0,0.009020048333843901,0.009020048333843901,68,68,0,-1,2,2,12,8,3,57,45
223,259,875,94,100,6,152,152,99,99,0,152,152,99,99,0,0.031076619353960312,0.03771401341093979,90,94,4,2,2,2,5,19,37,15,62
224,84,84,64,64,0,104,104,66,66,0,84,84,64,64,0,0.009394465434494027,0.009394465434494027,67,67,0,-1,3,3,9,9,26,27,59
225,0,0,1,1,0,0,0,1,1,0,0,0,1,1,0,0.0,0.0,1,1,0,-1,-1,-1,5,0,52,36,89
226,174,774,90,100,10,72,72,77,77,0,72,72,77,77,0,0.020150447598624867,0.04244528404642772,85,95,10,2,2,2,3,17,82,6,11
227,32,1672,43,100,57,124,148,57,59,2,32,78,43,53,10,0.0013615167296368155,0.00878178290615746,39,64,25,1,3,2,16,2,4,74,56
228,54,156,57,85,28,76,76,57,57,0,54,56,57,57,0,0.007692569522448007,0.007794683277170768,64,64,0,4,3,3,6,4,74,38,60
229,25,25,46,46,0,56,56,48,48,0,25,25,46,46,0,0.00442492937131965,0.00442492937131965,51,51,0,-1,3,3,6,6,65,73,81
230,132,232,84,93,9,72,72,77,77,0,72,72,77,77,0,0.01756356581231492,0.01841451376833793,81,83,2,4,2,2,3,13,82,33,51
231,12,1652,33,100,67,48,140,35,69,34,12,140,33,80,47,0.0009190237925048504,0.03185949147350148,39,92,53,1,4,2,10,3,12,51,1
232,8,624,36,100,64,14,38,35,58,23,8,38,36,61,25,0.0004084550188910446,0.018788930868988054,34,83,49,2,4,3,3,2,92,56,5
233,0,616,1,100,99,0,60,1,48,47,0,60,1,53,52,0.0,0.011743081793117532,1,74,73,2,-1,3,5,0,52,86,21
234,0,616,1,100,99,0,60,1,38,37,0,60,1,55,54,0.0,0.01678069369277375,1,78,77,2,-1,3,9,0,29,76,30
235,172,772,90,100,10,88,88,84,84,0,88,88,84,84,0,0.02032063718982947,0.028762040913577726,84,91,7,2,2,2,4,18,67,5,20
236,162,778,83,100,17,232,232,77,77,0,162,184,83,86,3,0.009939072126348753,0.010926171755335444,68,70,2,2,2,2,14,9,16,31,63
237,6,212,28,92,64,68,80,32,34,2,6,12,28,31,3,0.00034037918240920387,0.0029612988869600733,32,46,14,3,4,4,16,1,4,88,90
238,106,722,78,100,22,72,72,77,77,0,72,72,77,77,0,0.014874570271282209,0.031451036454610434,78,92,14,2,2,2,3,8,64,20,6
239,0,1640,1,100,99,0,84,1,58,57,0,84,1,65,64,0.0,0.03516116954287076,1,94,93,1,-1,2,5,0,52,93,9
240,0,102,1,77,76,0,15,1,28,27,0,4,1,30,29,0.0,0.0004084550188910446,1,34,33,4,-1,5,8,0,57,86,51
241,0,616,1,100,99,0,100,1,44,43,0,100,1,63,62,0.0,0.01746145205759216,1,78,77,2,-1,3,10,0,18,86,15
242,0,206,1,90,89,0,24,1,28,27,0,10,1,34,33,0.0,0.0010211375472276116,1,39,38,3,-1,4,10,0,1,76,43
243,87,293,59,94,35,146,146,77,77,0,87,146,59,84,25,0.006535280302256714,0.012900371013308825,58,76,18,3,2,2,8,4,42,22,48
244,16,222,41,94,53,50,50,48,48,0,16,24,41,47,6,0.00445896728956057,0.005956635692161067,53,58,5,3,3,3,5,1,49,90,75
245,54,670,64,100,36,22,32,52,62,10,22,32,54,63,9,0.011300588855985567,0.028796078831818644,70,94,24,2,3,3,2,8,86,20,18
246,6,212,33,92,59,26,30,35,38,3,6,30,33,48,15,0.0010211375472276116,0.0053439531638245,40,54,14,3,4,4,5,1,88,71,57
247,50,666,55,100,45,88,108,47,68,21,50,108,56,76,20,0.004731270635487933,0.019265461724360937,56,82,26,2,3,3,8,6,39,28,30
248,0,102,1,82,81,0,6,1,28,27,0,4,1,30,29,0.0,0.001157289220191293,1,39,38,4,-1,5,3,1,85,69,64
249,278,484,93,97,4,310,310,94,94,0,278,310,93,95,2,0.016916845365737433,0.01933353756084278,76,79,3,3,2,2,14,14,25,14,73
250,2,208,26,91,65,12,32,27,31,4,2,8,26,34,8,3.4037918240920386e-05,0.00088498587426393,27,38,11,3,5,4,10,2,1,58,71
251,7,623,36,100,64,10,28,32,44,12,7,28,36,49,13,0.0004765308553728854,0.010619830491167161,35,66,31,2,4,3,3,2,58,56,14
252,166,1806,87,100,13,174,198,80,85,5,174,198,90,91,1,0.016338200755641786,0.032948704857210936,79,90,11,1,2,2,10,13,1,33,8
253,2,208,29,92,63,7,16,30,33,3,2,16,29,43,14,0.00010211375472276115,0.00353994349705572,30,52,22,3,5,4,4,1,77,4,28
254,12,113,37,83,46,18,18,36,36,0,12,13,37,40,3,0.0013274788113958951,0.0013955546478777359,42,42,0,6,4,4,3,3,75,51,68
255,307,923,99,100,1,64,64,70,70,0,64,64,70,70,0,0.042070866945777594,0.04659791007182001,96,96,0,2,3,3,4,40,84,3,35
256,6,622,33,100,67,12,22,35,51,16,6,22,33,53,20,0.0008169100377820892,0.010755982164130842,38,71,33,2,4,3,2,1,86,71,44
257,32,648,51,100,49,78,88,49,51,2,32,88,51,64,13,0.0026209197045508697,0.012662105585622384,49,74,25,2,3,3,8,2,21,52,33
258,210,210,86,86,0,210,210,83,83,0,210,210,86,86,0,0.01507879778072773,0.01507879778072773,73,73,0,-1,2,2,12,14,2,14,79
259,166,782,86,100,14,194,194,83,83,0,166,194,86,88,2,0.013853432724054596,0.019095272133156337,73,81,8,2,2,2,11,8,33,8,22
260,0,101,1,82,81,0,4,1,25,24,0,1,1,25,24,0.0,0.0,1,1,0,5,-1,6,4,1,78,69,95
261,292,292,96,96,0,256,256,94,94,0,256,256,96,96,0,0.022396950202525613,0.022396950202525613,83,83,0,-1,2,2,10,16,11,12,89
262,100,100,61,61,0,100,100,43,43,0,100,100,61,61,0,0.02294155689438034,0.034310221586847746,83,95,12,2,1,1,12,6,2,77,33
263,0,1640,1,100,99,0,42,1,68,67,0,40,1,68,67,0.0,0.03625038292658021,1,93,92,1,-1,2,3,1,55,45,78
264,16,118,32,76,44,114,114,56,56,0,16,18,32,38,6,0.0021784267674189047,0.002280540522141666,45,46,1,4,3,3,14,2,8,94,58
265,6,212,30,91,61,12,16,30,32,2,6,12,30,38,8,0.00017018959120460194,0.000442492937131965,30,33,3,3,4,4,4,1,83,60,4
266,6,6,29,29,0,42,42,34,34,0,6,6,29,29,0,0.0004084550188910446,0.0004084550188910446,36,36,0,-1,4,4,9,1,28,88,91
267,16,117,35,75,40,48,48,37,37,0,16,17,35,40,5,0.0007488342013002485,0.0007828721195411688,37,37,0,5,3,3,7,2,24,42,78
268,100,100,75,75,0,54,54,55,55,0,54,54,60,60,0,0.01055175465468532,0.01055175465468532,73,73,0,-1,3,3,4,14,73,32,66
269,0,101,1,80,79,0,3,1,24,23,0,1,1,24,23,0.0,6.807583648184077e-05,1,29,28,5,-1,6,3,0,87,79,60
270,22,1662,43,100,57,54,132,39,73,34,22,132,43,80,37,0.0013955546478777359,0.042989890738282445,42,97,55,1,3,2,8,3,21,51,2
271,267,1907,98,100,2,48,72,67,76,9,48,72,70,78,8,0.02998740597025086,0.06222131454440247,92,98,6,1,3,2,3,29,96,1,46
272,6,212,31,94,63,10,18,31,35,4,6,18,31,44,13,0.00037441710065012424,0.004186663943633207,36,52,16,3,4,4,3,1,66,55,13
273,34,34,55,55,0,44,44,53,53,0,34,34,55,55,0,0.003880322679464924,0.003880322679464924,54,54,0,-1,3,3,4,6,78,70,66
274,56,672,61,100,39,34,44,44,58,14,34,44,55,62,7,0.005446066918547262,0.011913271384322134,59,73,14,2,3,3,4,6,72,13,73
275,6,6,31,31,0,18,18,38,38,0,6,6,31,31,0,0.0010892133837094523,0.0010892133837094523,39,39,0,-1,4,4,3,1,85,71,99
276,6,6,32,32,0,12,12,35,35,0,6,6,32,32,0,0.0005105687736138058,0.0005105687736138058,37,37,0,-1,4,4,2,1,98,49,67
277,16,118,36,75,39,52,52,39,39,0,16,16,36,36,0,0.001055175465468532,0.0011913271384322134,38,38,0,4,3,3,7,1,43,71,60
278,0,0,1,1,0,0,0,1,1,0,0,0,1,1,0,0.0,0.0,1,1,0,-1,-1,-1,6,0,51,40,66
279,78,678,68,100,32,48,48,54,54,0,48,48,56,56,0,0.008713707069675619,0.016610504101569147,64,81,17,2,3,3,3,7,87,48,38
280,100,100,66,66,0,100,100,66,66,0,100,100,69,69,0,0.05742196807243269,0.05742196807243269,99,99,0,-1,1,1,7,27,62,10,91
281,100,100,67,67,0,100,100,74,74,0,100,100,75,75,0,0.062357466217366146,0.06770141938119065,98,99,1,2,1,1,5,29,63,0,47
282,38,654,49,100,51,66,66,44,44,0,38,66,49,55,6,0.003199564314646516,0.008986010415602982,48,65,17,2,3,3,6,6,40,70,44
283,0,101,1,81,80,0,4,1,25,24,0,1,1,25,24,0.0,3.4037918240920386e-05,1,26,25,5,-1,6,4,1,77,45,95
284,180,796,93,100,7,80,80,94,94,0,80,80,94,94,0,0.028421661731168522,0.0512611048708261,91,98,7,2,2,2,2,16,91,12,11
285,6,212,31,93,62,14,14,35,35,0,6,12,31,41,10,0.001055175465468532,0.002723033459273631,39,47,8,3,4,4,3,2,92,42,53
286,2,618,28,100,72,6,28,30,43,13,2,28,28,53,25,0.0,0.007862759113652609,1,66,65,2,5,3,3,1,76,95,24
287,0,206,1,93,92,0,20,1,34,33,0,13,1,41,40,0.0,0.0024166921951053475,1,47,46,3,-1,4,4,1,73,50,70
288,8,214,38,97,59,8,12,33,36,3,8,12,38,41,3,0.002314578440382586,0.007556417849484326,44,64,20,3,4,4,2,2,99,75,62
289,35,651,55,100,45,44,44,48,48,0,35,44,56,57,1,0.004356853534837809,0.023111746485584943,54,87,33,2,3,3,4,6,47,73,9
290,88,294,66,95,29,66,66,47,47,0,66,66,55,55,0,0.011334626774226489,0.01606589740971442,68,78,10,3,3,3,6,8,71,8,25
291,499,1099,99,100,1,216,216,99,99,0,216,216,99,99,0,0.05194186323564451,0.05674120970761428,98,98,0,2,2,2,6,36,44,2,21
292,91,297,76,99,23,22,22,48,48,0,22,22,51,51,0,0.016236087000919025,0.03601211749889377,80,95,15,3,3,3,2,12,95,37,10
293,6,622,32,100,68,8,22,32,47,15,6,22,32,50,18,0.0008169100377820892,0.030600088498587426,37,93,56,2,4,3,2,1,95,71,2
294,40,656,52,100,48,74,84,69,73,4,40,84,52,74,22,0.005514142755029102,0.020967357636406957,54,84,30,2,2,2,5,3,45,46,16
295,73,279,64,96,32,70,70,62,62,0,70,70,69,69,0,0.007760645358929848,0.009496579189216788,63,69,6,3,3,3,5,8,45,57,52
296,100,100,59,59,0,100,100,46,46,0,100,100,59,59,0,0.04789135096497498,0.055958337588073115,97,100,3,2,1,1,11,30,5,7,33
297,0,616,1,100,99,0,74,1,45,44,0,74,1,64,63,0.0,0.01409169815174104,1,78,77,2,-1,3,8,0,39,99,30
298,16,222,32,91,59,24,35,29,31,2,16,22,32,37,5,0.0009190237925048504,0.001599782157323258,35,39,4,3,3,3,9,1,29,78,42
299,96,302,78,100,22,32,32,69,69,0,32,32,69,69,0,0.016542428265087308,0.02917049593246877,80,90,10,3,3,3,2,15,93,19,12
300,22,22,45,45,0,38,38,46,46,0,22,22,46,46,0,0.002552843868069029,0.002552843868069029,46,46,0,-1,3,3,3,2,96,61,67
301,16,16,34,34,0,58,58,39,39,0,16,16,34,34,0,0.0007828721195411688,0.0007828721195411688,37,37,0,-1,3,3,8,1,42,49,66
302,80,286,72,95,23,48,48,66,66,0,48,48,67,67,0,0.009292351679771264,0.014568229007113924,69,77,8,3,3,3,3,9,76,31,48
303,10,10,41,41,0,12,12,37,37,0,12,12,41,41,0,0.0011913271384322134,0.0011913271384322134,40,40,0,-1,4,4,2,3,89,43,93
304,0,206,1,92,91,0,22,1,33,32,0,12,1,35,34,0.0,0.00353994349705572,1,50,49,3,-1,4,5,0,70,82,29
305,100,100,67,67,0,100,100,57,57,0,100,100,67,67,0,0.07056060451342795,0.07056060451342795,100,100,0,5,1,1,8,36,21,2,95
306,286,1926,99,100,1,136,160,97,100,3,136,160,97,100,3,0.046223492971169886,0.09670172572245482,96,100,4,1,2,2,4,27,72,10,3
307,60,60,56,56,0,104,104,64,64,0,60,60,56,56,0,0.006058749446883829,0.006058749446883829,55,55,0,-1,2,2,9,6,35,73,92
308,2,104,26,69,43,13,13,28,28,0,2,4,26,28,2,3.4037918240920386e-05,6.807583648184077e-05,29,29,0,4,5,5,10,1,0,78,65
309,0,102,1,73,72,0,13,1,28,27,0,2,1,25,24,0.0,3.4037918240920386e-05,1,27,26,4,-1,5,10,0,22,67,4
310,548,548,99,99,0,304,304,98,98,0,304,304,98,98,0,0.04996766397767113,0.04996766397767113,97,97,0,-1,2,2,10,36,12,2,84
311,149,251,84,93,9,84,84,69,69,0,84,84,71,71,0,0.010483678818203479,0.012083460975526737,70,71,1,4,2,2,5,13,37,24,75
312,6,212,33,94,61,13,22,33,34,1,6,12,33,39,6,0.00013615167296368154,0.002144388849177984,31,47,16,3,4,4,5,1,49,4,46
313,34,34,55,55,0,44,44,53,53,0,34,34,55,55,0,0.003880322679464924,0.003880322679464924,54,54,0,-1,3,3,4,6,78,70,84
314,295,295,97,97,0,120,120,86,86,0,120,120,86,86,0,0.03158718812757412,0.03158718812757412,91,91,0,-1,2,2,6,29,65,11,86
315,6,6,30,30,0,24,24,32,32,0,6,6,30,30,0,0.0002723033459273631,0.0002723033459273631,33,33,0,-1,4,4,9,1,35,60,99
316,6,107,31,84,53,14,14,35,35,0,6,7,31,35,4,0.001055175465468532,0.001055175465468532,39,39,0,6,4,4,3,2,92,42,78
317,0,206,1,92,91,0,28,1,35,34,0,19,1,43,42,0.0,0.0035739814152966403,1,50,49,3,-1,4,6,0,69,36,22
318,6,1646,29,100,71,23,144,29,60,31,6,144,29,78,49,0.0,0.03281255318424725,1,91,90,1,4,2,10,1,0,95,1
319,100,100,59,59,0,100,100,39,39,0,100,100,59,59,0,0.023622315259198747,0.04203682902753668,84,96,12,1,1,1,14,8,16,20,6
320,22,22,43,43,0,82,82,50,50,0,22,22,43,43,0,0.004186663943633207,0.004186663943633207,51,51,0,-1,3,3,7,3,43,29,80
321,250,352,93,97,4,152,152,95,95,0,152,152,95,95,0,0.03196160522822424,0.032336022328874364,89,89,0,4,2,2,5,19,88,15,51
322,16,222,41,95,54,22,22,42,42,0,16,22,41,44,3,0.0026209197045508697,0.004901460226692535,48,54,6,3,3,3,2,3,91,46,22
323,16,632,34,100,66,124,144,60,62,2,16,88,34,56,22,0.003778208924742163,0.012696143503863304,51,70,19,2,3,3,14,1,16,90,77
324,22,228,47,93,46,32,32,58,58,0,22,32,46,58,12,0.0018720855032506212,0.00891793457912114,45,64,19,3,3,3,2,2,68,61,8
325,6,622,28,100,72,32,70,33,43,10,6,73,28,56,28,0.0007828721195411688,0.008373327887266415,36,63,27,2,4,3,8,2,27,42,44
326,0,1640,1,100,99,0,144,1,60,59,0,144,1,78,77,0.0,0.038224582184553595,1,95,94,1,-1,2,10,0,0,76,3
327,0,206,1,93,92,0,10,1,31,30,0,10,1,37,36,0.0,0.004935498144933456,1,51,50,3,-1,4,3,0,60,84,48
328,64,64,60,60,0,68,68,72,72,0,64,64,68,68,0,0.006603356138738555,0.006603356138738555,57,57,0,-1,2,2,4,4,67,64,84
329,49,1689,52,100,48,76,100,49,58,9,49,100,52,63,11,0.004050512270669526,0.040164743524286055,51,96,45,1,3,2,6,4,40,22,11
330,40,656,52,100,48,90,100,65,68,3,40,100,52,70,18,0.006501242384015794,0.022430988120766535,59,86,27,2,2,2,6,1,34,90,32
331,100,100,67,67,0,100,100,55,55,0,100,100,67,67,0,0.05670717178937336,0.06766738146294973,99,99,0,2,1,1,9,29,23,1,27
332,0,206,1,96,95,0,8,1,32,31,0,8,1,37,36,0.0,0.004561081044283332,1,52,51,3,-1,4,2,0,99,85,21
333,400,400,97,97,0,288,288,95,95,0,288,288,95,95,0,0.033084856530174615,0.033084856530174615,91,91,0,-1,2,2,12,27,3,10,36
334,0,206,1,91,90,0,16,1,31,30,0,9,1,35,34,0.0,0.0009190237925048504,1,37,36,3,-1,4,6,0,44,81,43
335,16,222,41,95,54,22,22,42,42,0,16,22,41,44,3,0.0026209197045508697,0.004186663943633207,48,52,4,3,3,3,2,3,91,46,70
336,87,703,66,100,34,114,114,64,64,0,87,114,66,80,14,0.006705469893461316,0.009360427516253106,61,68,7,2,3,3,9,8,31,57,70
337,0,616,1,100,99,0,68,1,39,38,0,68,1,58,57,0.0,0.007760645358929848,1,61,60,2,-1,3,8,0,15,97,24
338,0,206,1,86,85,0,13,1,27,26,0,6,1,27,26,0.0,0.00034037918240920387,1,29,28,3,-1,4,8,0,27,97,68
339,8,624,36,100,64,12,22,36,41,5,8,22,36,45,9,0.0004084550188910446,0.010483678818203479,35,72,37,2,4,3,2,2,68,56,21
340,0,616,1,100,99,0,50,1,32,31,0,16,1,34,33,0.0,0.0030293747234419145,1,49,48,2,-1,3,10,0,36,86,94
341,1,1,26,26,0,2,2,26,26,0,1,1,26,26,0,0.0,0.0,1,1,0,-1,6,6,2,1,90,68,69
342,42,658,59,100,41,48,48,66,66,0,48,48,67,67,0,0.00970080669866231,0.03097450559923755,70,90,20,2,3,3,3,5,76,25,9
343,16,222,34,89,55,76,76,39,39,0,16,29,34,42,8,0.0012934408931549745,0.0042547397801150485,40,50,10,3,3,3,11,1,33,71,73
344,0,206,1,91,90,0,16,1,28,27,0,19,1,40,39,0.0,0.0033016780693692774,1,45,44,3,-1,4,4,0,67,82,22
345,86,86,78,78,0,22,22,49,49,0,22,22,53,53,0,0.017427414139351238,0.017427414139351238,82,82,0,-1,3,3,2,18,90,30,66
346,117,219,82,93,11,72,72,77,77,0,72,72,77,77,0,0.016882807447496512,0.017529527894074,81,83,2,4,2,2,3,9,64,39,51
347,172,172,88,88,0,136,136,81,81,0,136,136,82,82,0,0.017087034956942034,0.017087034956942034,80,80,0,-1,2,2,7,18,43,5,45
348,16,16,33,33,0,42,42,36,36,0,16,16,33,33,0,0.0005446066918547262,0.0005446066918547262,31,31,0,-1,3,3,6,1,51,49,99
349,152,152,83,83,0,222,222,92,92,0,152,152,84,84,0,0.008543517478471017,0.008543517478471017,64,64,0,-1,2,2,10,5,0,47,76
350,1,207,26,91,65,7,22,26,33,7,1,22,26,44,18,0.0,0.007318152421797883,1,63,62,3,6,4,7,1,62,78,8
351,0,616,1,100,99,0,142,1,65,64,0,142,1,84,83,0.0,0.03352734946730658,1,91,90,2,-1,3,12,1,3,50,2
352,70,70,60,60,0,78,78,69,69,0,78,78,70,70,0,0.011164437183021887,0.011164437183021887,71,71,0,-1,2,2,4,6,53,34,87
353,0,0,1,1,0,0,0,1,1,0,0,0,1,1,0,0.0,0.0,1,1,0,-1,-1,-1,7,1,46,69,40
354,0,102,1,77,76,0,9,1,27,26,0,2,1,24,23,0.0,0.0004765308553728854,1,34,33,4,-1,5,5,0,50,92,49
355,0,206,1,95,94,0,14,1,31,30,0,8,1,33,32,0.0,0.002586881786309949,1,46,45,3,-1,4,3,0,94,66,83
356,391,391,99,99,0,208,208,100,100,0,208,208,100,100,0,0.039449947241226725,0.039449947241226725,95,95,0,-1,2,2,7,29,62,11,98
357,342,444,95,98,3,184,184,94,94,0,184,184,94,94,0,0.03526328329759352,0.03546751080703904,91,91,0,4,2,2,7,29,43,0,55
358,56,56,54,54,0,142,142,71,71,0,56,56,54,54,0,0.005377991082065421,0.005377991082065421,56,56,0,-1,2,2,8,3,15,29,86
359,40,40,55,55,0,62,62,77,77,0,40,40,66,66,0,0.0063650907110521125,0.0063650907110521125,60,60,0,-1,2,2,3,2,66,94,93
360,0,0,1,1,0,0,0,1,1,0,0,0,1,1,0,0.0,0.0,1,1,0,-1,-1,-1,13,0,13,76,81
361,6,6,29,29,0,14,14,30,30,0,6,6,29,29,0,0.00010211375472276115,0.00010211375472276115,29,29,0,-1,4,4,5,1,52,65,81
362,6,6,28,28,0,38,38,29,29,0,6,6,28,28,0,0.00013615167296368154,0.00013615167296368154,30,30,0,-1,4,4,17,1,20,95,59
363,100,100,76,76,0,100,100,91,91,0,100,100,91,91,0,0.05674120970761428,0.05674120970761428,97,97,0,-1,1,1,4,12,77,37,82
364,0,616,1,100,99,0,28,1,39,38,0,28,1,48,47,0.0,0.013002484768031588,1,77,76,2,-1,3,3,0,82,80,14
365,329,945,96,100,4,128,128,92,92,0,128,128,92,92,0,0.035910003744171005,0.056298716770482315,93,97,4,2,2,2,5,29,50,11,7
366,16,222,43,94,51,34,34,44,44,0,16,22,43,45,2,0.0019061234214915416,0.0026549576227917903,45,48,3,3,3,3,4,1,72,53,49
367,76,76,67,67,0,70,70,62,62,0,70,70,69,69,0,0.006603356138738555,0.006603356138738555,57,57,0,-1,3,3,5,6,45,13,91
368,56,158,63,91,28,38,38,59,59,0,38,38,62,62,0,0.009122162088566664,0.009530617107457708,69,69,0,4,3,3,3,6,92,77,56
369,100,100,65,65,0,100,100,45,45,0,100,100,65,65,0,0.037339596310289665,0.037339596310289665,94,94,0,-1,1,1,10,16,12,18,45
370,0,102,1,75,74,0,15,1,25,24,0,2,1,25,24,0.0,0.00013615167296368154,1,27,26,4,-1,5,14,0,8,92,58
371,101,1741,75,100,25,110,144,76,89,13,110,144,81,89,8,0.00976888253514415,0.028762040913577726,69,90,21,1,2,2,6,8,59,44,70
372,300,500,100,100,0,56,56,86,86,0,56,56,86,86,0,0.051499370298512544,0.06749719187174512,98,98,0,3,2,2,2,36,95,2,10
373,1,617,26,99,73,11,40,26,32,6,1,24,26,42,16,0.0,0.0016678579938050988,1,41,40,2,6,3,11,1,33,78,54
374,46,148,62,89,27,22,22,47,47,0,22,22,52,52,0,0.005071649817897137,0.006092787365124749,58,61,3,4,3,3,2,6,89,26,51
375,100,100,63,63,0,100,100,45,45,0,100,100,63,63,0,0.04748289594608394,0.05514142755029102,96,99,3,2,1,1,11,29,19,11,31
376,34,34,52,52,0,70,70,54,54,0,34,34,52,52,0,0.0016338200755641784,0.0016338200755641784,42,42,0,-1,3,3,5,4,61,64,80
377,2,208,27,92,65,8,32,27,34,7,2,32,27,48,21,3.4037918240920386e-05,0.011879233466081215,27,73,46,3,5,4,6,1,65,78,6
378,42,658,52,100,48,132,132,64,64,0,40,132,49,80,31,0.0033357159876101976,0.015419176963136935,51,76,25,2,3,3,12,6,14,41,12
379,0,0,1,1,0,0,0,1,1,0,0,0,1,1,0,0.0,0.0,1,1,0,-1,-1,-1,15,0,7,93,45
380,50,50,62,62,0,32,32,63,63,0,32,32,64,64,0,0.006501242384015794,0.006501242384015794,62,62,0,-1,3,3,2,6,86,26,93
381,2,618,25,100,75,8,42,26,35,9,2,42,25,51,26,0.0,0.00793083495013445,1,61,60,2,5,3,6,1,40,68,77
382,24,126,49,88,39,22,22,54,54,0,22,22,54,54,0,0.005037611899656217,0.005548180673270023,55,58,3,4,3,3,2,6,99,73,49
383,114,114,82,82,0,96,96,87,87,0,96,96,87,87,0,0.012764219340345145,0.012764219340345145,74,74,0,-1,2,2,3,6,87,13,99
384,0,206,1,88,87,0,18,1,30,29,0,9,1,33,32,0.0,0.0007147962830593281,1,36,35,3,-1,4,7,0,24,87,64
385,100,100,79,79,0,100,100,95,95,0,100,100,95,95,0,0.08958780081010245,0.09128969672214847,100,100,0,3,1,1,3,30,75,7,61
386,40,246,49,91,42,208,208,71,71,0,40,52,49,52,3,0.004220701861874128,0.006024711528642908,53,56,3,3,2,2,14,3,16,46,61
387,262,364,95,97,2,208,208,89,89,0,208,208,94,94,0,0.021682153919466287,0.021750229755948126,86,86,0,4,2,2,10,19,36,15,60
388,6,212,27,86,59,27,34,29,29,0,6,12,27,30,3,0.00017018959120460194,0.0004084550188910446,29,35,6,3,4,4,14,1,25,55,49
389,6,212,29,91,62,31,48,31,34,3,6,18,29,40,11,0.00010211375472276115,0.002484768031587188,29,46,17,3,4,4,10,1,1,4,83
390,224,430,88,96,8,238,238,82,82,0,224,224,88,88,0,0.023486163586235065,0.024881718234112803,85,88,3,3,2,2,14,20,25,23,94
391,102,102,87,87,0,46,46,87,87,0,46,46,88,88,0,0.019844106334456584,0.019844106334456584,84,84,0,-1,2,2,2,14,97,32,79
392,0,0,1,1,0,0,0,1,1,0,0,0,1,1,0,0.0,0.0,1,1,0,-1,-1,-1,11,0,33,66,36
393,22,228,39,88,49,102,102,55,55,0,22,28,39,42,3,0.0017359338302869397,0.002144388849177984,43,44,1,3,3,3,16,2,9,83,49
394,100,100,66,66,0,100,100,45,45,0,100,100,66,66,0,0.0245413390517036,0.0245413390517036,86,86,0,-1,1,1,10,9,1,31,99
395,63,679,54,100,46,106,116,67,73,6,63,116,54,80,26,0.005207801490860819,0.010994247591817285,54,72,18,2,2,2,7,4,46,22,35
396,0,616,1,100,99,0,68,1,40,39,0,68,1,58,57,0.0,0.016202049082678104,1,80,79,2,-1,3,8,0,30,40,16
397,0,0,1,1,0,0,0,1,1,0,0,0,1,1,0,0.0,0.0,1,1,0,-1,-1,-1,8,0,10,36,89
398,88,88,66,66,0,100,100,71,71,0,88,88,68,68,0,0.008543517478471017,0.008543517478471017,63,63,0,-1,2,2,6,7,56,62,99
399,146,146,90,90,0,80,80,94,94,0,80,80,94,94,0,0.02573266619013581,0.02573266619013581,89,89,0,-1,2,2,2,13,91,33,76
400,100,100,67,67,0,100,100,55,55,0,100,100,67,67,0,0.05670717178937336,0.064127437965894,99,99,0,2,1,1,9,29,23,1,33
401,0,206,1,90,89,0,16,1,32,31,0,12,1,35,34,0.0,0.002382654276864427,1,47,46,3,-1,4,6,1,74,50,75
402,132,1772,82,100,18,116,140,74,83,9,116,140,81,88,7,0.016202049082678104,0.04697232717247013,79,96,17,1,2,2,7,9,46,39,9
403,2,618,27,100,73,4,24,27,42,15,2,24,27,48,21,0.0,0.008611593314952858,1,64,63,2,5,3,3,1,58,78,57
404,130,130,83,83,0,142,142,79,79,0,142,142,85,85,0,0.009836958371625992,0.009836958371625992,69,69,0,-1,2,2,8,13,57,24,89
405,342,342,96,96,0,176,176,99,99,0,176,176,99,99,0,0.039994553933081455,0.039994553933081455,93,93,0,-1,2,2,5,27,80,10,59
406,2,104,27,75,48,8,11,27,28,1,2,5,27,29,2,3.4037918240920386e-05,0.00037441710065012424,27,32,5,4,5,5,6,1,65,78,63
407,32,648,47,100,53,76,110,39,58,19,32,99,47,62,15,0.0018380475850097008,0.010177337554035196,42,68,26,2,3,3,10,3,36,51,17
408,0,616,1,100,99,0,34,1,35,34,0,32,1,43,42,0.0,0.004833384390210695,1,51,50,2,-1,3,6,0,71,40,26
409,0,616,1,100,99,0,40,1,38,37,0,40,1,52,51,0.0,0.00891793457912114,1,67,66,2,-1,3,5,0,63,84,27
410,100,100,63,63,0,100,100,39,39,0,100,100,63,63,0,0.04772116137377038,0.07546206474012049,98,100,2,2,1,1,14,29,17,11,2
411,80,80,59,59,0,172,172,81,81,0,80,80,59,59,0,0.006637394056979475,0.006637394056979475,60,60,0,-1,2,2,9,3,28,29,86
412,12,113,37,83,46,18,18,36,36,0,12,13,37,40,3,0.0017359338302869397,0.0018380475850097008,44,44,0,5,4,4,3,2,75,83,55
413,88,704,68,100,32,88,88,77,77,0,88,88,77,77,0,0.009632730862180468,0.019163347969638176,69,84,15,2,2,2,4,7,79,62,24
414,0,102,1,84,83,0,4,1,29,28,0,2,1,27,26,0.0,0.0006467204465774873,1,37,36,4,-1,5,2,0,93,86,71
415,272,888,94,100,6,212,232,90,92,2,212,232,93,94,1,0.021818305592429966,0.041968753191054836,84,96,12,2,2,2,10,16,18,12,11
416,90,290,71,95,24,64,64,63,63,0,64,64,64,64,0,0.009939072126348753,0.017291262466387555,70,82,12,3,3,3,4,9,79,31,27
417,277,893,96,100,4,192,192,99,99,0,192,192,99,99,0,0.03226794649239253,0.03757786173797611,92,95,3,2,2,2,6,15,65,16,62
418,0,102,1,82,81,0,5,1,28,27,0,4,1,32,31,0.0,0.0002723033459273631,1,32,31,4,-1,5,3,1,75,45,63
419,12,628,37,100,63,14,24,34,42,8,12,24,37,50,13,0.002280540522141666,0.014738418598318526,47,77,30,2,4,3,3,2,55,75,44
420,32,648,43,100,57,130,140,66,69,3,32,140,43,80,37,0.004663194799006093,0.01606589740971442,52,75,23,2,3,3,10,3,12,29,33
421,100,100,69,69,0,100,100,55,55,0,100,100,69,69,0,0.04806154055617958,0.0482657680656251,96,96,0,4,1,1,8,27,30,10,49
422,77,693,64,100,36,56,76,44,53,9,56,76,52,65,13,0.007522379931243405,0.02277136730317574,61,86,25,2,3,3,6,8,56,57,30
423,0,0,1,1,0,0,0,1,1,0,0,0,1,1,0,0.0,0.0,1,1,0,-1,-1,-1,3,0,75,59,87
424,80,182,72,90,18,64,64,64,64,0,64,64,67,67,0,0.012083460975526737,0.012764219340345145,74,74,0,4,3,3,4,9,77,27,43
425,87,293,71,95,24,78,78,75,75,0,78,78,76,76,0,0.010109261717553355,0.014840532353041287,71,76,5,3,2,2,4,8,73,57,13
426,0,616,1,100,99,0,120,1,57,56,0,110,1,74,73,0.0,0.015283025290173252,1,76,75,2,-1,3,14,1,16,45,23
427,118,324,86,98,12,72,72,79,79,0,72,72,80,80,0,0.02038871302631131,0.02811532046700024,85,92,7,3,2,2,3,9,75,39,19
428,24,24,48,48,0,38,38,47,47,0,24,24,48,48,0,0.002552843868069029,0.002552843868069029,47,47,0,-1,3,3,3,6,75,70,59
429,0,0,1,1,0,0,0,1,1,0,0,0,1,1,0,0.0,0.0,1,1,0,-1,-1,-1,10,1,0,45,81
430,76,282,63,98,35,34,34,39,39,0,34,34,46,46,0,0.009734844616903231,0.02661765206439974,64,89,25,3,3,3,4,13,67,24,1
431,22,22,41,41,0,64,64,39,39,0,22,22,41,41,0,0.002280540522141666,0.002280540522141666,45,45,0,-1,3,3,8,2,10,83,93
432,16,632,32,100,68,40,72,32,41,9,16,56,32,54,22,0.00037441710065012424,0.005888559855679227,32,56,24,2,3,3,9,1,29,4,38
433,0,1640,1,100,99,0,102,1,65,64,0,102,1,76,75,0.0,0.026004969536063176,1,88,87,1,-1,2,8,0,39,92,23
434,100,100,74,74,0,100,100,87,87,0,100,100,87,87,0,0.044419483304401104,0.09064297627557098,95,100,5,1,1,1,4,8,47,44,1
435,74,280,67,94,27,94,94,78,78,0,74,94,70,78,8,0.00881582082439838,0.013649205214609075,68,76,8,3,2,2,5,6,88,26,44
436,38,654,50,100,50,66,76,48,51,3,38,76,50,62,12,0.0030634126416828346,0.015827631982027978,47,81,34,2,3,3,6,3,48,54,6
437,100,100,65,65,0,100,100,45,45,0,100,100,65,65,0,0.05030804316008033,0.05119302903434426,98,100,2,3,1,1,10,29,12,1,54
438,166,166,85,85,0,198,198,83,83,0,166,166,86,86,0,0.01766567956703768,0.01766567956703768,80,80,0,-1,2,2,10,9,0,39,92
439,68,68,64,64,0,28,28,43,43,0,28,28,50,50,0,0.01147077844719017,0.01147077844719017,76,76,0,-1,3,3,3,8,75,8,91
440,2,208,29,93,64,8,24,30,37,7,2,24,29,49,20,0.00017018959120460194,0.0057524081827155455,30,57,27,3,5,4,4,1,73,65,21
441,0,0,1,1,0,0,0,1,1,0,0,0,1,1,0,0.0,0.0,1,1,0,-1,-1,-1,6,0,40,82,36
442,0,1640,1,100,99,0,110,1,56,55,0,53,1,52,51,0.0,0.008747744987916539,1,59,58,1,-1,2,16,0,9,82,22
443,186,186,85,85,0,308,308,87,87,0,186,186,85,85,0,0.01664454201981007,0.01664454201981007,81,81,0,-1,2,2,16,9,9,39,59
444,74,280,72,100,28,32,32,69,69,0,32,32,69,69,0,0.01147077844719017,0.013513053541645392,71,72,1,3,3,3,2,9,93,27,22
445,32,648,44,100,56,84,94,48,52,4,32,48,44,49,5,0.002314578440382586,0.003982436434187685,42,48,6,2,3,3,8,2,27,52,65
446,100,100,74,74,0,100,100,80,80,0,100,100,80,80,0,0.03311889444841554,0.03386772864971578,91,93,2,4,1,1,5,6,45,73,71
447,22,638,50,100,50,28,38,44,54,10,22,38,50,57,7,0.00176997174852786,0.0156914803090643,42,80,38,2,3,3,3,2,76,74,14
448,18,224,46,99,53,18,18,47,47,0,18,18,49,49,0,0.001497668402600497,0.004493005207801491,40,52,12,3,3,3,2,2,99,61,47
449,94,694,80,100,20,32,32,63,63,0,32,32,65,65,0,0.01232172640321318,0.026039007454304094,76,90,14,2,3,3,2,14,98,14,30
450,100,100,69,69,0,100,100,55,55,0,100,100,69,69,0,0.023179822322066782,0.023179822322066782,84,84,0,-1,1,1,9,6,26,28,89
451,100,100,63,63,0,100,100,47,47,0,100,100,63,63,0,0.06375302086524388,0.06375302086524388,100,100,0,-1,1,1,10,36,22,2,97
452,0,616,1,99,98,0,82,1,40,39,0,53,1,54,53,0.0,0.010926171755335444,1,70,69,2,-1,3,12,0,14,99,39
453,190,190,87,87,0,150,150,73,73,0,150,150,85,85,0,0.018959120460192654,0.018959120460192654,80,80,0,-1,3,3,10,17,22,6,50
454,32,134,45,80,35,74,74,41,41,0,32,36,45,46,1,0.002757071377514551,0.0032336022328874367,48,50,2,4,3,3,9,2,54,83,74
455,293,909,97,100,3,72,72,83,83,0,72,72,83,83,0,0.03451444909629327,0.04135607066271827,92,95,3,2,2,2,3,29,58,0,57
456,38,654,53,100,47,118,128,69,75,6,38,128,53,80,27,0.003608019333537561,0.02818339630348208,52,87,35,2,3,3,8,6,57,70,10
457,0,102,1,70,69,0,15,1,28,27,0,2,1,25,24,0.0,0.00030634126416828345,1,35,34,4,-1,5,9,0,28,97,88
458,102,203,78,90,12,64,64,63,63,0,64,64,64,64,0,0.015623404472582456,0.015725518227305217,80,80,0,5,3,3,4,12,79,37,78
459,77,283,64,97,33,44,44,49,49,0,44,44,54,54,0,0.007182000748834201,0.008475441641989176,61,67,6,3,3,3,4,8,53,57,54
460,373,474,100,100,0,136,136,97,97,0,136,136,97,97,0,0.06092787365124749,0.06092787365124749,98,98,0,6,2,2,4,36,72,2,68
461,0,0,1,1,0,0,0,1,1,0,0,0,1,1,0,0.0,0.0,1,1,0,-1,-1,-1,12,0,3,96,40
462,22,228,48,93,45,40,40,44,44,0,22,40,48,52,4,0.002552843868069029,0.008101024541339052,46,66,20,3,3,3,5,2,70,83,21
463,0,102,1,77,76,0,7,1,27,26,0,3,1,31,30,0.0,0.0006126825283365669,1,37,36,4,-1,5,4,0,84,96,51
464,52,668,56,100,44,44,54,49,52,3,44,54,55,56,1,0.008577555396711936,0.012219612648490419,66,74,8,2,3,3,4,6,79,34,54
465,606,1222,100,100,0,400,400,99,99,0,400,400,99,99,0,0.052554545763981074,0.06388917253820757,99,100,1,2,2,2,13,36,13,2,12
466,62,678,57,100,43,134,134,69,69,0,62,94,57,64,7,0.0037441710065012424,0.00793083495013445,49,64,15,2,2,2,10,6,12,70,28
467,22,228,44,93,49,76,76,60,60,0,22,31,44,47,3,0.0026549576227917903,0.00439089145307873,46,51,5,3,3,3,6,2,69,52,70
468,22,622,40,99,59,74,74,35,35,0,22,28,40,44,4,0.001497668402600497,0.00445896728956057,40,54,14,2,3,3,12,3,6,51,29
469,23,23,53,53,0,24,24,40,40,0,24,24,53,53,0,0.0038462847612240037,0.0038462847612240037,53,53,0,-1,4,4,4,6,78,35,82
470,6,1646,33,100,67,12,46,40,80,40,6,46,33,81,48,0.0007488342013002485,0.07331767589094251,39,98,59,1,4,2,2,2,90,42,3
471,80,80,73,73,0,56,56,85,85,0,56,56,85,85,0,0.014568229007113924,0.014568229007113924,80,80,0,-1,2,2,2,6,90,77,96
472,34,135,50,89,39,38,38,59,59,0,34,34,61,61,0,0.0030634126416828346,0.0031314884781646754,48,48,0,5,3,3,3,6,92,70,60
473,66,66,56,56,0,122,122,60,60,0,64,64,56,56,0,0.0040845501889104465,0.0040845501889104465,53,53,0,-1,2,2,12,6,3,41,59
474,0,206,1,90,89,0,40,1,36,35,0,40,1,49,48,0.0,0.005990673610401988,1,61,60,3,-1,4,8,0,39,89,24
475,0,0,1,1,0,0,0,1,1,0,0,0,1,1,0,0.0,0.0,1,1,0,-1,-1,-1,6,0,34,86,84
476,0,1640,1,100,99,0,112,1,72,71,0,112,1,79,78,0.0,0.04067531229789986,1,96,95,1,-1,2,8,0,39,84,2
477,104,1744,70,100,30,174,208,72,88,16,104,208,70,91,21,0.007760645358929848,0.046019265461724364,60,96,36,1,2,2,10,6,0,26,2
478,0,0,1,1,0,0,0,1,1,0,0,0,1,1,0,0.0,0.0,1,1,0,-1,-1,-1,3,0,66,81,45
479,187,187,89,89,0,128,128,92,92,0,128,128,92,92,0,0.020661016372238675,0.020661016372238675,83,83,0,-1,2,2,5,15,50,19,45
480,539,539,99,99,0,350,350,98,98,0,350,350,98,98,0,0.03693114129139862,0.03693114129139862,93,93,0,-1,2,2,12,29,3,1,76
481,28,28,45,45,0,88,88,41,41,0,28,28,45,45,0,0.001940161339732462,0.001940161339732462,43,43,0,-1,3,3,12,3,3,43,84
482,100,100,69,69,0,100,100,76,76,0,100,100,76,76,0,0.0509207256884169,0.08121447292283604,98,100,2,1,1,1,5,18,80,30,23
483,100,100,63,63,0,100,100,39,39,0,100,100,63,63,0,0.054222403757786176,0.0544266312672317,100,100,0,3,1,1,14,40,17,3,65
484,70,686,55,100,45,108,118,63,68,5,54,118,51,77,26,0.005003573981415297,0.025119983661799246,53,86,33,2,3,3,8,6,27,41,0
485,247,247,91,91,0,166,166,84,84,0,166,166,85,85,0,0.02386058068688519,0.02386058068688519,84,84,0,-1,2,2,8,20,27,23,69
486,2,208,28,92,64,6,10,30,31,1,2,10,28,39,11,0.0,0.0018720855032506212,1,46,45,3,5,4,3,1,76,95,54
487,40,246,49,91,42,150,150,70,70,0,40,46,49,54,5,0.004731270635487933,0.005582218591510943,56,59,3,3,2,2,11,3,38,46,71
488,16,632,43,100,57,48,48,73,73,0,16,48,43,74,31,0.004561081044283332,0.043534497430137174,51,95,44,2,3,3,3,1,92,90,3
489,24,126,50,88,38,22,22,49,49,0,22,22,53,53,0,0.002110350930937064,0.002552843868069029,46,48,2,4,3,3,2,3,90,54,42
490,0,102,1,70,69,0,10,1,25,24,0,2,1,25,24,0.0,6.807583648184077e-05,1,28,27,4,-1,5,9,0,28,67,60
491,44,145,59,85,26,38,38,51,51,0,38,38,54,54,0,0.006399128629293032,0.006637394056979475,61,61,0,5,3,3,3,4,82,38,55
492,0,616,1,100,99,0,62,1,45,44,0,48,1,53,52,0.0,0.009530617107457708,1,67,66,2,-1,3,7,0,62,96,77
493,134,236,83,92,9,118,118,91,91,0,118,118,91,91,0,0.011368664692467409,0.01157289220191293,72,72,0,4,2,2,5,6,80,13,88
494,16,1656,35,100,65,100,134,45,62,17,16,65,35,55,20,0.0033357159876101976,0.015827631982027978,50,77,27,1,3,2,10,3,18,46,41
495,2,208,27,93,66,10,32,29,36,7,2,32,27,49,22,0.0,0.005105687736138058,1,55,54,3,5,4,6,1,34,95,21
496,128,334,82,94,12,152,152,84,84,0,128,152,81,85,4,0.015385139044896015,0.016712617856291908,78,80,2,3,2,2,8,9,57,39,61
497,0,0,1,1,0,0,0,1,1,0,0,0,1,1,0,0.0,0.0,1,1,0,-1,-1,-1,7,0,43,96,69
498,100,100,80,80,0,100,100,98,98,0,100,100,98,98,0,0.08305252050784574,0.10238605806868852,99,99,0,3,1,1,2,7,89,62,0
499,0,0,1,1,0,0,0,1,1,0,0,0,1,1,0,0.0,0.0,1,1,0,-1,-1,-1,2,0,86,91,92
500,12,114,40,79,39,20,20,35,35,0,12,20,40,45,5,0.002110350930937064,0.0030634126416828346,47,49,2,4,4,4,4,2,47,83,64
501,419,2019,100,100,0,136,136,98,98,0,136,136,98,98,0,0.052248204499812795,0.08519690935702373,97,100,3,1,2,2,4,36,47,2,1
502,22,638,40,100,60,84,110,38,56,18,22,58,40,52,12,0.0005105687736138058,0.004288777698355968,36,54,18,2,3,3,14,2,25,63,35
503,159,759,87,100,13,104,104,85,85,0,104,104,86,86,0,0.025358249089485686,0.04836788182034787,88,97,9,2,2,2,5,20,37,23,0
504,0,206,1,92,91,0,14,1,34,33,0,14,1,42,41,0.0,0.0053439531638245,1,61,60,3,-1,4,3,0,76,86,48
505,216,318,95,97,2,128,128,95,95,0,128,128,95,95,0,0.023996732359848873,0.02392865652336703,87,87,0,4,2,2,5,18,45,5,49
506,6,622,29,100,71,24,68,32,40,8,6,68,29,56,27,0.0005446066918547262,0.013376901868681712,35,77,42,2,4,3,8,1,42,88,30
507,111,111,78,78,0,152,152,80,80,0,111,111,78,78,0,0.00891793457912114,0.00891793457912114,67,67,0,-1,2,2,8,8,30,44,81
508,290,906,95,100,5,222,222,90,90,0,222,222,92,92,0,0.02403077027808979,0.04448755914088294,87,97,10,2,2,2,10,19,11,15,7
509,0,616,1,100,99,0,28,1,42,41,0,28,1,49,48,0.0,0.013410939786922631,1,79,78,2,-1,3,3,1,75,45,39
510,58,58,53,53,0,76,76,55,55,0,58,58,53,53,0,0.0053439531638245,0.0053439531638245,52,52,0,-1,2,2,6,4,71,64,82
511,0,616,1,100,99,0,42,1,33,32,0,16,1,34,33,0.0,0.0038462847612240037,1,49,48,2,-1,3,10,0,12,97,90
512,172,172,87,87,0,192,192,100,100,0,172,172,100,100,0,0.01667857993805099,0.01667857993805099,79,79,0,-1,2,2,6,6,34,77,59
513,50,666,58,100,42,102,102,66,66,0,50,102,58,77,19,0.007658531604207087,0.014261887742945642,63,77,14,2,2,2,8,6,57,73,31
514,0,102,1,70,69,0,12,1,25,24,0,2,1,25,24,0.0,3.4037918240920386e-05,1,27,26,4,-1,5,11,0,5,92,60
515,112,318,75,96,21,150,150,85,85,0,112,150,77,88,11,0.009530617107457708,0.015487252799618776,67,78,11,3,2,2,7,4,46,72,27
516,0,616,1,100,99,0,90,1,41,40,0,49,1,50,49,0.0,0.005003573981415297,1,54,53,2,-1,3,12,0,3,99,22
517,100,100,62,62,0,100,100,48,48,0,100,100,62,62,0,0.021614078082984444,0.03478675244222063,81,94,13,2,1,1,10,4,11,72,18
518,22,228,46,95,49,22,22,42,42,0,22,22,45,45,0,0.0017359338302869397,0.00707988699411144,41,61,20,3,3,3,2,2,91,61,44
519,0,206,1,92,91,0,10,1,31,30,0,8,1,36,35,0.0,0.002280540522141666,1,43,42,3,-1,4,3,0,85,91,75
520,0,616,1,100,99,0,38,1,52,51,0,38,1,54,53,0.0,0.011879233466081215,1,74,73,2,-1,3,3,0,64,96,17
521,88,294,68,95,27,78,78,73,73,0,88,78,77,73,-4,0.010143299635794275,0.014466115252391163,73,77,4,3,2,2,4,4,79,38,26
522,66,66,57,57,0,98,98,55,55,0,66,66,58,58,0,0.0051397256543789785,0.0051397256543789785,55,55,0,-1,3,3,8,6,21,28,69
523,70,686,72,100,28,18,48,40,72,32,18,48,45,74,29,0.011300588855985567,0.04026685727900882,72,94,22,2,4,3,3,14,92,32,10
524,0,0,1,1,0,0,0,1,1,0,0,0,1,1,0,0.0,0.0,1,1,0,-1,-1,-1,6,1,32,50,93
525,32,133,49,87,38,28,28,45,45,0,32,33,55,56,1,0.004322815616596889,0.00439089145307873,51,51,0,6,3,3,3,3,60,29,78
526,16,632,36,100,64,104,114,64,66,2,16,114,36,78,42,0.0030634126416828346,0.015453214881377854,50,76,26,2,3,3,9,3,35,46,19
527,67,273,72,98,26,46,46,82,82,0,46,46,83,83,0,0.012866333095067906,0.026889955410327106,79,90,11,3,2,2,2,8,98,57,15
528,100,100,75,75,0,100,100,89,89,0,100,100,89,89,0,0.07324960005446067,0.07382824466455631,100,100,0,3,1,1,4,29,73,11,43
529,128,744,80,100,20,252,262,83,83,0,128,262,80,94,14,0.0068075836481840775,0.020797168045202357,60,83,23,2,2,2,14,5,8,47,6
530,18,634,39,100,61,36,70,36,53,17,18,70,39,61,22,0.000442492937131965,0.029749140542564417,34,90,56,2,3,3,5,2,50,56,10
531,132,132,86,86,0,56,56,84,84,0,56,56,84,84,0,0.020082371762143027,0.020082371762143027,85,85,0,-1,2,2,2,15,86,19,81
532,44,250,60,98,38,32,32,63,63,0,32,32,64,64,0,0.007284114503556962,0.010858095918853602,63,67,4,3,3,3,2,7,86,62,47
533,62,62,57,57,0,104,104,60,60,0,62,62,57,57,0,0.002212464685659825,0.002212464685659825,44,44,0,-1,2,2,9,4,54,64,86
534,32,32,57,57,0,12,12,39,39,0,12,12,44,44,0,0.005616256509751864,0.005616256509751864,59,59,0,-1,4,4,2,6,97,13,96
535,159,775,86,100,14,142,142,78,78,0,142,142,84,84,0,0.015419176963136935,0.02219272269308009,77,87,10,2,2,2,8,15,10,19,62
536,28,228,49,94,45,50,50,45,45,0,28,29,49,50,1,0.0018380475850097008,0.002280540522141666,43,46,3,3,3,3,5,3,63,43,56
537,16,222,36,92,56,98,98,53,53,0,16,24,36,48,12,0.002586881786309949,0.0042547397801150485,48,52,4,3,3,3,8,1,30,53,75
538,0,1640,1,100,99,0,76,1,38,37,0,49,1,51,50,0.0,0.013138636440995268,1,73,72,1,-1,2,11,0,5,99,41
539,86,702,72,100,28,50,60,45,51,6,50,60,56,61,5,0.008986010415602982,0.01681473161101467,69,80,11,2,3,3,5,13,45,24,77
540,244,345,94,95,1,160,160,91,91,0,160,160,91,91,0,0.024881718234112803,0.02491575615235372,88,88,0,5,2,2,7,15,43,16,78
541,54,670,52,100,48,86,86,56,56,0,54,86,52,65,13,0.006569318220497634,0.015351101126655093,61,78,17,2,3,3,6,4,59,38,77
542,28,28,48,48,0,46,46,41,41,0,28,28,48,48,0,0.00176997174852786,0.00176997174852786,43,43,0,-1,3,3,6,3,34,54,59
543,22,1662,48,100,52,50,74,50,72,22,22,74,48,74,26,0.0020763130126961434,0.02723033459273631,44,87,43,1,3,2,5,2,70,52,31
544,0,206,1,92,91,0,14,1,35,34,0,12,1,42,41,0.0,0.0018380475850097008,1,42,41,3,-1,4,3,0,85,89,52
545,100,100,80,80,0,100,100,98,98,0,100,100,98,98,0,0.12634875251029648,0.12876544470540183,100,100,0,3,1,1,2,40,89,3,28
546,18,1658,40,100,60,50,112,36,66,30,18,112,40,77,37,0.0006807583648184077,0.02910242009598693,35,91,56,1,3,2,8,2,27,56,15
547,16,118,32,76,44,63,63,33,33,0,16,18,32,39,7,0.0002382654276864427,0.00030634126416828345,32,33,1,4,3,3,17,1,20,88,95
548,345,545,99,100,1,120,120,100,100,0,120,120,100,100,0,0.042649511555873244,0.05480104836788182,95,97,2,3,2,2,3,29,82,1,16
549,140,756,86,100,14,100,110,68,79,11,100,110,73,82,9,0.010381565063480718,0.03938187140474489,70,93,23,2,2,2,6,13,48,24,3
550,2,103,29,78,49,7,7,29,29,0,2,3,29,32,3,0.00013615167296368154,0.00017018959120460194,32,32,0,5,5,5,4,1,47,65,95
551,207,309,93,97,4,198,198,86,86,0,198,198,92,92,0,0.016984921202219273,0.018142210422410564,82,83,1,4,2,2,10,15,36,19,43
552,58,58,63,63,0,38,38,51,51,0,38,38,54,54,0,0.00704584907587052,0.00704584907587052,61,61,0,-1,3,3,3,7,94,48,97
553,6,212,27,90,63,19,32,29,33,4,6,22,27,37,10,6.807583648184077e-05,0.003914360597705844,27,47,20,3,4,4,6,1,51,95,62
554,32,1672,45,100,55,116,208,56,70,14,32,208,45,87,42,0.002382654276864427,0.03710133088260322,46,94,48,1,3,2,14,2,16,75,0
555,10,216,39,94,55,24,24,40,40,0,10,24,39,52,13,0.002110350930937064,0.009292351679771264,47,67,20,3,4,4,4,3,78,54,77
556,28,644,43,99,56,148,158,63,63,0,28,66,43,53,10,0.0018380475850097008,0.005105687736138058,42,54,12,2,3,3,17,3,20,43,41
557,0,1640,1,100,99,0,130,1,60,59,0,124,1,80,79,0.0,0.016474352428605468,1,74,73,1,-1,2,14,0,25,76,32
558,0,0,1,1,0,0,0,1,1,0,0,0,1,1,0,0.0,0.0,1,1,0,-1,-1,-1,5,0,80,96,82
559,30,630,46,100,54,90,90,46,46,0,30,90,46,62,16,0.0040845501889104465,0.013955546478777357,53,79,26,2,3,3,10,6,36,73,37
560,0,0,1,1,0,0,0,1,1,0,0,0,1,1,0,0.0,0.0,1,1,0,-1,-1,-1,14,0,8,97,86
561,2,104,26,81,55,5,6,28,28,0,2,6,26,28,2,0.0002723033459273631,0.0015317063208414173,33,41,8,4,5,5,3,1,82,55,52
562,0,1640,1,100,99,0,126,1,68,67,0,126,1,77,76,0.0,0.04493005207801491,1,96,95,1,-1,2,7,0,24,99,2
563,0,1640,1,100,99,0,64,1,40,39,0,42,1,50,49,0.0,0.01327478811395895,1,75,74,1,-1,2,9,0,31,36,75
564,100,100,69,69,0,100,100,70,70,0,100,100,72,72,0,0.03318697028489737,0.043704687021341775,93,95,2,2,1,1,6,6,65,41,32
565,0,206,1,96,95,0,10,1,32,31,0,10,1,36,35,0.0,0.0022465026039007454,1,46,45,3,-1,4,3,0,75,80,73
566,8,624,38,100,62,20,34,34,44,10,8,34,38,52,14,0.0008509479560230097,0.00622893903808843,40,58,18,2,4,3,4,3,84,51,64
567,104,104,71,71,0,182,182,82,82,0,104,104,71,71,0,0.011232513019503728,0.011232513019503728,72,72,0,-1,2,2,9,5,28,25,45
568,12,218,38,91,53,44,48,36,38,2,12,24,38,47,9,0.0007488342013002485,0.0025188059498281084,38,46,8,3,4,4,8,3,57,51,83
569,64,270,69,98,29,38,38,56,56,0,38,38,57,57,0,0.009973110044589673,0.013955546478777357,68,76,8,3,3,3,3,9,60,27,13
570,46,46,56,56,0,28,28,45,45,0,28,28,49,49,0,0.006637394056979475,0.006637394056979475,57,57,0,-1,3,3,3,6,60,13,66
571,30,236,54,99,45,22,22,47,47,0,22,22,52,52,0,0.006297014874570271,0.014023622315259198,62,75,13,3,3,3,2,4,89,38,33
572,2,2,26,26,0,19,19,26,26,0,2,2,26,26,0,6.807583648184077e-05,6.807583648184077e-05,28,28,0,-1,5,5,17,2,20,58,96
573,100,100,67,67,0,100,100,54,54,0,100,100,67,67,0,0.056843323462337045,0.06004288777698356,99,99,0,2,1,1,9,29,35,11,29
574,0,616,1,100,99,0,52,1,41,40,0,52,1,54,53,0.0,0.015521290717859695,1,79,78,2,-1,3,7,0,62,59,16
575,142,142,88,88,0,72,72,85,85,0,72,72,85,85,0,0.022635215630212056,0.022635215630212056,87,87,0,-1,2,2,3,19,94,15,36
576,22,638,45,100,55,46,56,41,44,3,22,38,45,49,4,0.002552843868069029,0.005548180673270023,46,55,9,2,3,3,6,2,59,83,46
577,0,102,1,79,78,0,5,1,24,23,0,2,1,24,23,0.0,6.807583648184077e-05,1,24,23,4,-1,5,4,0,67,80,68
578,0,0,1,1,0,0,0,1,1,0,0,0,1,1,0,0.0,0.0,1,1,0,-1,-1,-1,9,1,29,50,80
579,100,100,66,66,0,100,100,49,49,0,100,100,66,66,0,0.05218012866333095,0.05218012866333095,98,98,0,-1,1,1,9,27,54,10,80
580,100,100,58,58,0,100,100,35,35,0,100,100,59,59,0,0.0424112461281868,0.07188808332482385,97,100,3,1,1,1,17,29,20,0,3
581,100,100,65,65,0,100,100,45,45,0,100,100,65,65,0,0.026923993328568024,0.03094046768099663,90,91,1,3,1,1,10,14,12,32,38
582,100,100,66,66,0,100,100,66,66,0,100,100,69,69,0,0.03672691378195309,0.06443377923006229,92,100,8,2,1,1,7,14,62,32,2
583,6,6,30,30,0,15,15,30,30,0,6,6,30,30,0,0.0,0.0,1,1,0,-1,4,4,6,1,41,95,97
584,2,103,28,75,47,12,12,30,30,0,2,3,28,31,3,0.00017018959120460194,0.0002042275094455223,31,33,2,6,5,5,6,1,44,60,78
585,6,622,29,100,71,48,130,35,65,30,6,130,29,79,50,0.0005105687736138058,0.03066816433506927,35,91,56,2,4,3,10,1,12,49,3
586,6,6,30,30,0,16,16,35,35,0,6,6,30,30,0,0.0009190237925048504,0.0009190237925048504,38,38,0,-1,4,4,4,2,53,42,45
587,0,1640,1,100,99,0,112,1,58,57,0,79,1,59,58,0.0,0.01320671227747711,1,73,72,1,-1,2,11,0,33,91,28
588,10,10,42,42,0,12,12,40,40,0,12,12,42,42,0,0.0007147962830593281,0.0007147962830593281,38,38,0,-1,4,4,2,3,90,43,82
589,6,6,31,31,0,17,17,31,31,0,6,6,31,31,0,0.00037441710065012424,0.00037441710065012424,34,34,0,-1,4,4,7,1,62,60,80
590,182,388,89,98,9,104,104,73,73,0,104,104,79,79,0,0.019878144252697506,0.019980258007420267,84,85,1,3,2,2,5,18,52,30,49
591,10,10,39,39,0,8,8,32,32,0,8,8,38,38,0,0.0012253650566731338,0.0012253650566731338,39,39,0,-1,4,4,2,3,95,43,98
592,0,206,1,92,91,0,22,1,33,32,0,22,1,47,46,0.0,0.004833384390210695,1,56,55,3,-1,4,5,0,70,96,24
593,100,100,58,58,0,100,100,35,35,0,100,100,59,59,0,0.03900745430409476,0.05132918070730794,94,98,4,2,1,1,17,22,20,9,37
594,62,268,61,98,37,38,38,46,46,0,38,38,51,51,0,0.00789679703189353,0.026651689982640663,62,91,29,3,3,3,3,6,96,34,1
595,6,212,31,97,66,8,8,33,33,0,6,8,31,37,6,0.0025188059498281084,0.006739507811702236,46,63,17,3,4,4,2,3,99,46,72
596,0,1640,1,100,99,0,100,1,44,43,0,100,1,64,63,0.0,0.021852343510670887,1,83,82,1,-1,2,10,0,12,87,18
597,64,270,59,94,35,80,80,65,65,0,64,70,61,62,1,0.007420266176520644,0.009088124170325743,63,68,5,3,3,3,5,4,37,38,94
598,152,152,84,84,0,108,108,69,69,0,108,108,77,77,0,0.012696143503863304,0.012696143503863304,75,75,0,-1,3,3,8,14,10,14,45
599,16,16,43,43,0,30,30,43,43,0,16,16,43,43,0,0.0006467204465774873,0.0006467204465774873,36,36,0,-1,3,3,4,1,47,49,92
600,16,222,46,96,50,22,22,48,48,0,16,22,47,50,3,0.003812246842983083,0.01746145205759216,52,81,29,3,3,3,2,2,95,94,18
601,0,0,1,1,0,0,0,1,1,0,0,0,1,1,0,0.0,0.0,1,1,0,-1,-1,-1,3,1,82,45,40
602,0,1640,1,100,99,0,118,1,74,73,0,118,1,79,78,0.0,0.039449947241226725,1,95,94,1,-1,2,9,0,26,81,3
603,2,104,27,84,57,4,4,27,27,0,2,5,27,30,3,0.00010211375472276115,0.0006807583648184077,31,35,4,4,5,5,3,1,92,65,51
604,192,293,94,98,4,48,48,68,68,0,48,48,69,69,0,0.029851254297287178,0.03008951972497362,91,91,0,5,3,3,3,29,81,11,63
605,32,32,47,47,0,116,116,62,62,0,32,32,47,47,0,0.002280540522141666,0.002280540522141666,44,44,0,-1,3,3,11,2,19,52,92
606,20,121,45,85,40,32,32,58,58,0,32,32,60,60,0,0.0022465026039007454,0.002382654276864427,46,46,0,5,3,3,2,3,91,43,65
607,309,409,98,100,2,120,120,100,100,0,120,120,100,100,0,0.04499812791449675,0.04499812791449675,96,96,0,6,2,2,3,29,76,11,78
608,92,92,67,67,0,134,134,86,86,0,92,92,67,67,0,0.009496579189216788,0.009496579189216788,67,67,0,-1,2,2,6,4,44,72,99
609,42,248,59,97,38,46,46,81,81,0,42,46,81,81,0,0.012968446849790666,0.015827631982027978,77,80,3,3,2,2,2,2,90,75,35
610,100,100,66,66,0,100,100,52,52,0,100,100,66,66,0,0.06964158072092311,0.06964158072092311,100,100,0,5,1,1,8,36,15,2,68
611,58,258,69,99,30,22,22,49,49,0,22,22,53,53,0,0.008373327887266415,0.017903944994724124,68,82,14,3,3,3,2,13,90,24,18
612,244,844,94,100,6,222,222,90,90,0,222,222,95,95,0,0.021137547227611558,0.025051907825317403,85,87,2,2,2,2,10,18,36,5,62
613,334,334,95,95,0,216,216,85,85,0,216,216,87,87,0,0.03441233534157051,0.03441233534157051,94,94,0,-1,2,2,12,29,2,0,40
614,100,100,69,69,0,100,100,70,70,0,100,100,72,72,0,0.05173763572619899,0.05762619558187821,98,98,0,3,1,1,6,16,65,18,20
615,234,850,93,100,7,182,192,82,85,3,182,192,88,88,0,0.02049082678103407,0.035569624561761805,84,93,9,2,2,2,9,16,28,12,15
616,56,262,65,99,34,22,22,49,49,0,22,22,50,50,0,0.010109261717553355,0.016542428265087308,69,79,10,3,3,3,2,6,93,77,32
617,12,218,40,97,57,14,14,37,37,0,12,14,40,42,2,0.0012594029749140542,0.006092787365124749,39,62,23,3,4,4,3,3,81,51,21
618,77,283,68,96,28,48,48,62,62,0,48,48,64,64,0,0.0088498587426393,0.013444977705163553,68,75,7,3,3,3,3,8,64,44,62
619,22,638,44,100,56,40,50,45,49,4,22,50,44,53,9,0.001497668402600497,0.00966676878042139,43,69,26,2,3,3,5,2,37,61,17
620,72,278,70,98,28,64,64,68,68,0,64,64,71,71,0,0.013444977705163553,0.01664454201981007,77,81,4,3,3,3,4,8,72,20,29
621,100,100,75,75,0,54,54,55,55,0,54,54,60,60,0,0.01055175465468532,0.01055175465468532,73,73,0,-1,3,3,4,14,73,32,66
622,119,735,89,100,11,46,56,87,91,4,46,56,88,91,3,0.025494400762449368,0.05670717178937336,87,98,11,2,2,2,2,18,97,5,10
623,169,375,88,96,8,246,246,87,87,0,169,177,88,88,0,0.01664454201981007,0.01872085503250621,77,79,2,3,2,2,13,12,13,37,83
624,6,622,28,100,72,56,146,34,65,31,6,126,28,78,50,0.00034037918240920387,0.015180911535450491,34,77,43,2,4,3,16,1,9,88,30
625,0,616,1,100,99,0,30,1,37,36,0,30,1,43,42,0.0,0.008135062459579971,1,62,61,2,-1,3,4,0,67,79,17
626,16,222,41,94,53,50,50,48,48,0,16,25,41,50,9,0.002927260968719153,0.004186663943633207,48,51,3,3,3,3,5,3,49,46,54
627,22,123,51,83,32,28,28,46,46,0,22,23,51,52,1,0.0021784267674189047,0.002212464685659825,47,47,0,5,3,3,3,2,87,52,4
628,50,50,60,60,0,54,54,55,55,0,54,54,60,60,0,0.005480104836788182,0.005480104836788182,56,56,0,-1,3,3,4,5,84,47,92
629,139,345,90,100,10,56,56,84,84,0,56,56,84,84,0,0.02467749072466728,0.03012355764321454,87,93,6,3,2,2,2,17,86,6,38
630,6,206,29,91,62,18,18,32,32,0,6,8,29,34,5,0.00013615167296368154,0.0005446066918547262,31,34,3,3,4,4,5,1,52,95,56
631,12,218,38,91,53,44,48,36,38,2,12,30,38,50,12,0.0007488342013002485,0.004152626025392287,38,52,14,3,4,4,8,3,57,51,35
632,34,34,49,49,0,74,74,42,42,0,34,34,49,49,0,0.0012253650566731338,0.0012253650566731338,40,40,0,-1,3,3,9,4,28,64,85
633,244,860,97,100,3,80,80,95,95,0,80,80,95,95,0,0.03713536880084414,0.0647741584124715,96,98,2,2,2,2,2,22,68,9,2
634,128,744,80,100,20,220,220,84,84,0,128,144,80,85,5,0.006092787365124749,0.00803294870485721,59,61,2,2,2,2,12,5,14,47,53
635,94,710,76,100,24,32,32,58,58,0,32,32,59,59,0,0.0160318594914735,0.022737329384934817,80,89,9,2,3,3,2,9,68,39,47
636,16,16,36,36,0,62,62,44,44,0,16,16,36,36,0,0.0028932230504782326,0.0028932230504782326,40,40,0,-1,3,3,6,3,71,46,89
637,0,206,1,93,92,0,28,1,35,34,0,28,1,47,46,0.0,0.0051397256543789785,1,55,54,3,-1,4,6,0,34,76,31
638,100,100,63,63,0,100,100,56,56,0,100,100,63,63,0,0.029306647605432452,0.029306647605432452,90,90,0,-1,1,1,7,4,24,38,99
639,148,148,88,88,0,96,96,61,61,0,96,96,69,69,0,0.013138636440995268,0.013138636440995268,76,76,0,-1,3,3,6,14,48,14,86
640,0,616,1,100,99,0,28,1,35,34,0,23,1,46,45,0.0,0.0036760951700194017,1,50,49,2,-1,3,6,0,69,76,54
641,46,252,53,94,41,76,76,49,49,0,46,64,53,58,5,0.005616256509751864,0.009224275843289425,55,64,9,3,2,2,7,2,43,75,26
642,124,740,80,100,20,160,160,93,93,0,124,160,82,93,11,0.013955546478777357,0.02188638142891181,75,83,8,2,2,2,7,6,62,77,34
643,18,634,41,100,59,38,38,38,38,0,18,38,41,49,8,0.000442492937131965,0.006773545729943157,34,62,28,2,3,3,6,2,48,56,21
644,276,276,93,93,0,248,248,89,89,0,248,248,92,92,0,0.019707954661492902,0.019707954661492902,83,83,0,-1,2,2,11,17,5,6,36
645,120,222,77,86,9,176,176,74,74,0,120,122,77,78,1,0.006977773239388679,0.006977773239388679,59,59,0,4,2,2,12,6,2,13,68
646,6,108,29,73,44,18,18,30,30,0,6,6,29,29,0,0.00010211375472276115,0.0002382654276864427,29,32,3,4,4,4,7,1,43,65,60
647,138,344,81,96,15,152,152,76,76,0,138,152,81,84,3,0.01579359406378706,0.016610504101569147,79,79,0,3,2,2,8,9,15,39,71
648,16,222,41,94,53,24,24,43,43,0,16,24,42,50,8,0.002110350930937064,0.007998910786616291,45,61,16,3,3,3,3,2,55,42,31
649,0,206,1,88,87,0,17,1,28,27,0,7,1,35,34,0.0,0.00037441710065012424,1,34,33,3,-1,4,8,0,10,96,56
650,0,206,1,92,91,0,26,1,34,33,0,26,1,46,45,0.0,0.006092787365124749,1,55,54,3,-1,4,5,0,88,80,27
651,0,1640,1,100,99,0,45,1,42,41,0,40,1,50,49,0.0,0.01763164164879676,1,80,79,1,-1,2,6,0,65,80,68
652,88,294,78,100,22,32,32,71,71,0,32,32,71,71,0,0.015589366554341537,0.018482589604819768,78,81,3,3,3,3,2,13,99,33,54
653,0,206,1,87,86,0,56,1,35,34,0,56,1,52,51,0.0,0.012559991830899623,1,71,70,3,-1,4,10,1,22,50,6
654,132,132,86,86,0,44,44,50,50,0,44,44,57,57,0,0.01606589740971442,0.01606589740971442,77,77,0,-1,3,3,4,16,73,12,76
655,0,206,1,88,87,0,52,1,33,32,0,23,1,41,40,0.0,0.002995336805200994,1,47,46,3,-1,4,14,0,17,99,35
656,91,91,76,76,0,32,32,70,70,0,32,32,70,70,0,0.012253650566731339,0.012253650566731339,74,74,0,-1,3,3,2,14,95,32,81
657,223,839,97,100,3,56,56,88,88,0,56,56,88,88,0,0.038428809693999116,0.04986555022294836,96,98,2,2,2,2,2,29,93,1,34
658,100,100,60,60,0,100,100,50,50,0,100,100,60,60,0,0.054903162122604585,0.05926001565744239,99,99,0,2,1,1,9,29,28,1,31
659,18,224,50,92,42,24,28,45,45,0,18,28,48,53,5,0.0009190237925048504,0.01494264610776405,39,79,40,3,3,3,3,2,87,63,23
660,0,206,1,92,91,0,38,1,32,31,0,13,1,36,35,0.0,0.00088498587426393,1,37,36,3,-1,4,11,0,19,67,64
661,100,100,80,80,0,100,100,98,98,0,100,100,98,98,0,0.12634875251029648,0.1267231696109466,100,100,0,4,1,1,2,40,89,3,56
662,28,28,41,41,0,64,64,39,39,0,28,28,41,41,0,0.0011232513019503727,0.0011232513019503727,38,38,0,-1,3,3,9,4,29,64,59
663,46,46,52,52,0,98,98,52,52,0,46,46,53,53,0,0.0029612988869600733,0.0029612988869600733,46,46,0,-1,2,2,9,2,31,52,82
664,281,381,98,100,2,88,88,84,84,0,88,88,84,84,0,0.03618230709009837,0.03638653459954389,94,94,0,6,2,2,4,29,67,11,78
665,105,105,85,85,0,46,46,81,81,0,46,46,82,82,0,0.019741992579733823,0.019741992579733823,85,85,0,-1,2,2,2,12,90,37,79
666,0,206,1,96,95,0,14,1,32,31,0,14,1,40,39,0.0,0.009258313761530345,1,68,67,3,-1,4,3,0,75,87,14
667,39,141,55,88,33,22,22,42,42,0,22,22,45,45,0,0.003948398515946765,0.004356853534837809,51,52,1,4,3,3,2,4,91,22,63
668,302,302,97,97,0,256,256,96,96,0,256,256,96,96,0,0.02556247659893121,0.02556247659893121,88,88,0,-1,2,2,10,15,0,16,87
669,142,348,90,98,8,96,96,87,87,0,96,96,87,87,0,0.021511964328261683,0.02215868477483917,87,88,1,3,2,2,3,8,87,8,63
670,0,616,1,100,99,0,40,1,29,28,0,16,1,31,30,0.0,0.0016678579938050988,1,39,38,2,-1,3,14,1,17,45,71
671,66,272,61,97,36,32,32,58,58,0,32,32,59,59,0,0.006535280302256714,0.007794683277170768,59,61,2,3,3,3,2,6,68,13,54
672,158,774,84,100,16,142,142,72,72,0,142,142,83,83,0,0.00980292045338507,0.023622315259198747,69,85,16,2,2,2,8,9,42,31,30
673,0,0,1,1,0,0,0,1,1,0,0,0,1,1,0,0.0,0.0,1,1,0,-1,-1,-1,4,0,78,40,50
674,100,100,59,59,0,100,100,46,46,0,100,100,59,59,0,0.01746145205759216,0.023418087749753225,77,84,7,2,1,1,11,3,5,54,57
675,1,617,26,100,74,6,52,26,42,16,1,52,26,52,26,3.4037918240920386e-05,0.009496579189216788,28,68,40,2,6,3,6,1,41,78,33
676,62,678,56,100,44,132,142,64,65,1,62,142,56,85,29,0.0042547397801150485,0.021341774737057083,55,84,29,2,3,3,12,6,14,35,23
677,0,616,1,100,99,0,57,1,31,30,0,24,1,42,41,0.0,0.001599782157323258,1,40,39,2,-1,3,16,1,4,69,54
678,90,90,74,74,0,56,56,76,76,0,56,56,77,77,0,0.014023622315259198,0.014023622315259198,78,78,0,-1,2,2,2,7,68,21,69
679,2,618,28,100,72,15,74,29,45,16,2,66,28,62,34,6.807583648184077e-05,0.00966676878042139,31,68,37,2,5,3,8,1,57,55,17
680,16,632,35,100,65,72,100,39,44,5,16,88,35,58,23,0.0008509479560230097,0.010381565063480718,37,68,31,2,3,3,10,1,18,49,17
681,152,358,91,100,9,72,72,85,85,0,72,72,85,85,0,0.023452125667994147,0.024200959869294394,89,89,0,3,2,2,3,16,94,12,49
682,219,321,91,95,4,184,184,78,78,0,184,184,87,87,0,0.022328874366043774,0.022430988120766535,85,85,0,4,2,2,10,20,18,23,60
683,0,1640,1,100,99,0,60,1,48,47,0,60,1,58,57,0.0,0.02307770856734402,1,86,85,1,-1,2,5,0,88,80,35
684,2,1642,26,100,74,11,66,28,47,19,2,56,26,52,26,0.00010211375472276115,0.019197385887879097,30,84,54,1,5,2,6,1,59,95,70
685,78,284,59,94,35,180,180,76,76,0,78,90,59,64,5,0.007182000748834201,0.010313489226998877,59,70,11,3,2,2,11,4,33,72,29
686,0,1640,1,100,99,0,154,1,73,72,0,154,1,85,84,0.0,0.03628442084482113,1,95,94,1,-1,2,10,0,22,76,3
687,78,284,57,96,39,126,126,77,77,0,78,126,58,83,25,0.009326389598012186,0.014636304843595765,66,77,11,3,2,2,7,7,46,62,34
688,0,0,1,1,0,0,0,1,1,0,0,0,1,1,0,0.0,0.0,1,1,0,-1,-1,-1,14,0,25,99,82
689,156,772,85,100,15,166,166,87,87,0,156,166,88,90,2,0.014908608189523128,0.02723033459273631,76,88,12,2,2,2,8,9,10,27,6
690,0,102,1,81,80,0,4,1,25,24,0,2,1,25,24,0.0,0.00013615167296368154,1,29,28,4,-1,5,3,0,82,84,60
691,1,207,26,93,67,3,10,26,31,5,1,10,26,37,11,3.4037918240920386e-05,0.00442492937131965,27,52,25,3,6,4,3,1,58,68,44
692,100,100,79,79,0,100,100,98,98,0,100,100,98,98,0,0.07784471901698492,0.08489056809285545,99,99,0,3,1,1,2,3,91,29,8
693,112,1752,77,100,23,274,298,84,86,2,112,298,77,96,19,0.008475441641989176,0.02906838217774601,63,89,26,1,2,2,16,4,4,72,15
694,78,694,60,100,40,100,110,63,73,10,78,110,61,75,14,0.008203138296061813,0.020626978453997753,64,84,20,2,2,2,6,4,41,72,30
695,110,726,75,100,25,148,148,76,76,0,110,148,75,87,12,0.00796487286837537,0.011640968038394772,61,69,8,2,2,2,9,6,29,13,35
696,100,100,63,63,0,100,100,47,47,0,100,100,63,63,0,0.050784574015453214,0.052248204499812795,97,98,1,3,1,1,10,29,36,11,52
697,38,38,50,50,0,120,120,62,62,0,38,38,50,50,0,0.0028591851322373124,0.0028591851322373124,49,49,0,-1,3,3,10,6,36,70,91
698,90,90,69,69,0,54,54,55,55,0,54,54,58,58,0,0.008305252050784574,0.008305252050784574,67,67,0,-1,3,3,4,9,53,31,50
699,0,102,1,81,80,0,4,1,26,25,0,2,1,26,25,0.0,0.00010211375472276115,1,28,27,4,-1,5,3,0,66,98,4
700,104,720,79,100,21,206,216,76,81,5,104,136,79,85,6,0.007182000748834201,0.01334286395044079,61,74,13,2,2,2,13,6,13,28,25
701,40,246,52,95,43,68,68,66,66,0,40,68,52,68,16,0.007318152421797883,0.013002484768031588,62,75,13,3,2,2,4,1,53,90,31
702,152,752,88,100,12,118,118,75,75,0,118,118,81,81,0,0.013376901868681712,0.021137547227611558,74,84,10,2,3,3,8,14,39,14,19
703,88,294,60,97,37,154,154,72,72,0,88,95,60,62,2,0.007692569522448007,0.008611593314952858,62,65,3,3,2,2,10,4,36,72,74
704,100,100,69,69,0,100,100,66,66,0,100,100,75,75,0,0.04036897103373158,0.04036897103373158,96,96,0,-1,1,1,6,13,51,33,91
705,109,210,86,96,10,32,32,71,71,0,32,32,71,71,0,0.020592940535756832,0.020592940535756832,85,85,0,5,3,3,2,16,99,18,95
706,490,1090,100,100,0,248,248,98,98,0,248,248,98,98,0,0.055788147996868515,0.06467204465774873,99,100,1,2,2,2,8,36,57,2,23
707,133,749,87,100,13,48,48,62,62,0,48,48,64,64,0,0.01579359406378706,0.02236291228428469,80,86,6,2,3,3,3,18,64,5,72
708,28,28,47,47,0,62,62,43,43,0,28,28,47,47,0,0.002110350930937064,0.002110350930937064,46,46,0,-1,3,3,7,3,24,54,50
709,100,100,65,65,0,100,100,75,75,0,100,100,77,77,0,0.03968821266891317,0.03968821266891317,93,93,0,-1,1,1,5,7,61,48,40
710,296,912,94,100,6,320,320,95,95,0,296,320,93,95,2,0.024098846114571634,0.04516831750570135,86,96,10,2,2,2,14,20,17,23,9
711,94,94,70,70,0,88,88,71,71,0,88,88,71,71,0,0.007556417849484326,0.007556417849484326,65,65,0,-1,2,2,4,6,53,26,97
712,46,1646,56,100,44,52,52,80,80,0,46,52,73,81,8,0.011402702610708328,0.03730555839204874,73,94,21,1,2,2,3,2,60,83,73
713,78,678,77,100,23,32,32,67,67,0,32,32,68,68,0,0.01242384015793594,0.02913645801422785,74,91,17,2,3,3,2,8,97,17,16
714,262,468,96,98,2,296,296,92,92,0,262,266,95,95,0,0.02542632492596753,0.02552843868069029,90,90,0,3,2,2,14,20,8,23,95
715,0,1640,1,100,99,0,120,1,62,61,0,93,1,61,60,0.0,0.020082371762143027,1,81,80,1,-1,2,11,0,38,36,39
716,102,308,80,100,20,62,62,80,80,0,62,62,81,81,0,0.020797168045202357,0.02825147213996392,83,91,8,3,2,2,3,9,94,39,8
717,6,212,32,94,62,26,26,36,36,0,6,13,32,39,7,0.0010211375472276116,0.0015657442390823377,38,42,4,3,4,4,5,2,45,42,63
718,129,729,85,100,15,56,56,84,84,0,56,56,84,84,0,0.01783586915824228,0.029919330133769018,82,93,11,2,2,2,2,13,86,24,19
719,36,36,59,59,0,22,22,55,55,0,22,22,57,57,0,0.005888559855679227,0.005888559855679227,61,61,0,-1,3,3,2,6,97,26,66
720,6,107,31,78,47,22,22,34,34,0,6,7,31,34,3,0.0009870996289866913,0.001055175465468532,38,38,0,5,4,4,5,2,70,42,55
721,88,704,60,100,40,196,206,72,74,2,88,206,60,89,29,0.007590455767725246,0.017257224548146634,61,79,18,2,2,2,12,7,14,62,33
722,192,808,88,100,12,210,220,81,83,2,210,220,91,91,0,0.011913271384322134,0.02021852343510671,69,82,13,2,2,2,12,14,14,32,20
723,16,632,40,100,60,60,70,49,58,9,16,34,40,49,9,0.0019061234214915416,0.007658531604207087,45,63,18,2,3,3,5,1,88,53,83
724,149,355,90,99,9,72,72,77,77,0,72,72,79,79,0,0.01960584090677014,0.02563055243541305,84,89,5,3,2,2,3,15,96,19,44
725,42,658,59,100,41,48,48,66,66,0,48,48,67,67,0,0.00970080669866231,0.01865277919602437,70,84,14,2,3,3,3,5,76,25,17
726,8,214,41,97,56,12,12,39,39,0,8,12,41,43,2,0.001599782157323258,0.022567139793730217,43,87,44,3,4,4,2,2,97,61,0
727,142,244,89,95,6,72,72,87,87,0,72,72,87,87,0,0.01960584090677014,0.020082371762143027,86,86,0,4,2,2,3,16,55,12,63
728,0,0,1,1,0,0,0,1,1,0,0,0,1,1,0,0.0,0.0,1,1,0,-1,-1,-1,3,0,66,92,91
729,2,618,28,100,72,10,42,29,36,7,2,42,28,50,22,0.0002723033459273631,0.009530617107457708,32,64,32,2,5,3,6,1,71,55,32
730,16,16,33,33,0,58,58,34,34,0,16,16,33,33,0,0.0007828721195411688,0.0007828721195411688,37,37,0,-1,3,3,10,2,0,42,66
731,16,632,33,100,67,23,56,30,40,10,16,56,33,53,20,0.0012253650566731338,0.008339289969025495,38,64,26,2,3,3,6,1,40,78,21
732,212,212,92,92,0,88,88,77,77,0,88,88,77,77,0,0.024371149460498995,0.024371149460498995,86,86,0,-1,2,2,4,19,79,15,66
733,16,632,36,100,64,36,60,38,48,10,16,60,36,53,17,0.0007147962830593281,0.02049082678103407,36,87,51,2,3,3,5,2,52,42,0
734,16,16,41,41,0,30,30,42,42,0,16,16,41,41,0,0.0004765308553728854,0.0004765308553728854,36,36,0,-1,3,3,4,1,83,4,92
735,6,212,29,87,58,25,46,30,32,2,6,18,29,40,11,0.00010211375472276115,0.0020422750944552232,30,44,14,3,4,4,11,1,5,60,52
736,38,38,46,46,0,100,100,45,45,0,38,38,46,46,0,0.0012594029749140542,0.0012594029749140542,39,39,0,-1,3,3,10,4,0,64,69
737,0,616,1,100,99,0,68,1,41,40,0,54,1,57,56,0.0,0.009632730862180468,1,69,68,2,-1,3,8,0,39,91,20
738,77,693,62,100,38,60,60,51,51,0,60,60,57,57,0,0.006943735321147759,0.013819394805813677,61,76,15,2,3,3,5,8,37,57,24
739,6,212,32,97,65,12,12,35,35,0,6,12,32,41,9,0.0018380475850097008,0.003914360597705844,44,54,10,3,4,4,2,1,98,53,90
740,0,102,1,75,74,0,7,1,25,24,0,2,1,25,24,0.0,0.00010211375472276115,1,27,26,4,-1,5,6,1,51,45,68
741,6,622,33,100,67,12,22,35,51,16,6,22,33,53,20,0.0004765308553728854,0.018040096667687803,37,83,46,2,4,3,2,1,86,49,16
742,188,394,90,100,10,120,120,80,80,0,120,120,81,81,0,0.019367575479083698,0.02392865652336703,83,88,5,3,2,2,6,18,34,5,38
743,345,345,98,98,0,128,128,90,90,0,128,128,90,90,0,0.0370672929643623,0.0370672929643623,94,94,0,-1,2,2,5,29,63,1,40
744,96,302,75,95,20,48,48,63,63,0,48,48,64,64,0,0.007998910786616291,0.02198849518363457,66,86,20,3,3,3,3,13,82,24,16
745,102,102,74,74,0,118,118,88,88,0,102,102,83,83,0,0.01242384015793594,0.01242384015793594,73,73,0,-1,2,2,5,7,61,62,66
746,0,1640,1,100,99,0,108,1,60,59,0,108,1,73,72,0.0,0.031280846863405834,1,92,91,1,-1,2,9,0,28,96,11
747,102,702,84,100,16,56,56,85,85,0,56,56,85,85,0,0.017223186629905716,0.02906838217774601,81,91,10,2,2,2,2,8,90,17,5
748,142,758,80,100,20,144,144,95,95,0,144,144,95,95,0,0.018788930868988054,0.02900030634126417,81,90,9,2,2,2,6,9,56,39,32
749,0,616,1,100,99,0,76,1,34,33,0,38,1,43,42,0.0,0.0023486163586235067,1,46,45,2,-1,3,14,0,8,92,70
750,28,1668,47,100,53,40,94,40,61,21,28,94,47,68,21,0.001497668402600497,0.04173048776336839,42,94,52,1,3,2,5,3,52,43,7
751,72,1712,54,100,46,148,182,65,70,5,72,162,55,84,29,0.002484768031587188,0.014329963579427483,46,71,25,1,2,2,14,3,25,43,13
752,18,634,40,100,60,86,144,35,62,27,18,144,40,82,42,0.0007147962830593281,0.02205657102011641,35,82,47,2,3,3,14,2,16,56,7
753,46,662,52,100,48,114,134,60,68,8,46,134,52,79,27,0.004118588107151367,0.016099935327955343,51,76,25,2,2,2,10,2,12,83,37
754,0,616,1,100,99,0,56,1,40,39,0,56,1,55,54,0.0,0.00980292045338507,1,67,66,2,-1,3,9,1,26,45,19
755,0,0,1,1,0,0,0,1,1,0,0,0,1,1,0,0.0,0.0,1,1,0,-1,-1,-1,9,0,29,82,96
756,6,212,30,89,59,21,46,31,35,4,6,30,30,44,14,3.4037918240920386e-05,0.004935498144933456,27,53,26,3,4,4,9,1,54,65,38
757,362,562,97,100,3,224,224,97,97,0,224,224,97,97,0,0.037509785901494265,0.03815650634807175,93,94,1,3,2,2,8,27,57,10,53
758,12,628,44,100,56,12,22,35,51,16,12,22,42,54,12,0.002552843868069029,0.011130399264780965,47,72,25,2,4,3,2,2,98,75,57
759,100,100,67,67,0,100,100,54,54,0,100,100,67,67,0,0.037679975492698865,0.05037611899656217,95,98,3,2,1,1,9,19,35,15,37
760,8,624,36,100,64,12,22,36,41,5,8,22,36,45,9,0.0004084550188910446,0.010483678818203479,35,72,37,2,4,3,2,2,68,56,21
761,6,622,31,100,69,7,22,31,53,22,6,22,31,53,22,0.0009870996289866913,0.022533101875489295,37,88,51,2,4,3,2,1,99,78,7
762,0,101,1,75,74,0,9,1,25,24,0,1,1,25,24,0.0,0.0002723033459273631,1,32,31,5,-1,6,9,0,54,91,88
763,122,738,81,100,19,94,94,70,70,0,94,94,72,72,0,0.013989584397018279,0.03362946322202934,77,92,15,2,2,2,5,9,37,27,1
764,6,212,33,92,59,30,30,39,39,0,6,30,33,48,15,0.0005786446100956465,0.005718370264474625,34,54,20,3,4,4,5,2,88,42,44
765,198,798,91,100,9,248,248,90,90,0,198,248,90,91,1,0.019095272133156337,0.039824364341876854,80,96,16,2,2,2,11,12,38,37,1
766,134,134,83,83,0,76,76,51,51,0,76,76,63,63,0,0.010824058000612683,0.010824058000612683,70,70,0,-1,3,3,6,14,59,32,82
767,414,2014,99,100,1,320,320,99,99,0,320,320,99,99,0,0.032914666938970015,0.04595118962524252,91,96,5,1,2,2,11,22,38,9,48
768,0,102,1,75,74,0,15,1,25,24,0,2,1,25,24,0.0,6.807583648184077e-05,1,26,25,4,-1,5,14,0,25,89,58
769,0,102,1,81,80,0,4,1,30,29,0,2,1,27,26,0.0,0.0006126825283365669,1,34,33,4,-1,5,2,0,95,99,42
770,96,302,75,99,24,38,38,51,51,0,38,38,54,54,0,0.009258313761530345,0.016372238673882704,67,78,11,3,3,3,3,13,94,24,17
771,2,2,27,27,0,4,4,27,27,0,2,2,27,27,0,0.00013615167296368154,0.00013615167296368154,29,29,0,-1,5,5,2,1,91,65,76
772,40,141,59,89,30,22,22,49,49,0,22,22,50,50,0,0.004969536063174376,0.005003573981415297,55,55,0,6,3,3,2,5,93,47,58
773,150,356,85,95,10,148,148,79,79,0,148,148,84,84,0,0.010721944245889922,0.011675005956635693,71,74,3,3,2,2,9,13,31,24,43
774,37,139,55,87,32,22,22,42,42,0,22,22,46,46,0,0.00445896728956057,0.006399128629293032,56,58,2,4,3,3,2,6,68,35,75
775,98,98,74,74,0,48,48,65,65,0,48,48,68,68,0,0.012832295176826986,0.012832295176826986,79,79,0,-1,3,3,3,13,66,33,91
776,32,238,48,93,45,56,56,45,45,0,32,38,48,49,1,0.0030974505599237552,0.0035739814152966403,48,48,0,3,3,3,6,2,48,75,88
777,78,180,62,86,24,76,76,54,54,0,76,76,61,61,0,0.00789679703189353,0.008066986623098132,62,64,2,4,3,3,6,7,44,48,4
778,0,0,1,1,0,0,0,1,1,0,0,0,1,1,0,0.0,0.0,1,1,0,-1,-1,-1,14,0,25,66,98
779,96,712,69,100,31,148,148,79,79,0,96,148,69,83,14,0.009360427516253106,0.015487252799618776,69,76,7,2,2,2,9,7,31,48,62
780,272,272,95,95,0,280,280,93,93,0,280,280,95,95,0,0.02559651451717213,0.02559651451717213,86,86,0,-1,2,2,13,20,13,23,45
781,0,206,1,92,91,0,15,1,28,27,0,7,1,33,32,0.0,0.001055175465468532,1,38,37,3,-1,4,6,0,59,80,74
782,14,14,40,40,0,26,26,37,37,0,14,14,40,40,0,0.001497668402600497,0.001497668402600497,42,42,0,-1,4,4,5,3,70,43,76
783,208,208,90,90,0,200,200,94,94,0,200,200,94,94,0,0.023520201504475986,0.023520201504475986,84,84,0,-1,2,2,8,16,57,18,99
784,2,208,25,89,64,7,16,25,26,1,2,12,25,32,7,3.4037918240920386e-05,0.0005786446100956465,27,34,7,3,5,4,6,2,40,58,64
785,0,0,1,1,0,0,0,1,1,0,0,0,1,1,0,0.0,0.0,1,1,0,-1,-1,-1,4,0,47,93,87
786,78,678,61,100,39,100,100,55,55,0,78,100,61,66,5,0.006637394056979475,0.02467749072466728,62,87,25,2,3,3,9,8,23,57,9
787,34,34,50,50,0,60,60,49,49,0,34,34,50,50,0,0.0030634126416828346,0.0030634126416828346,48,48,0,-1,3,3,5,6,88,70,82
788,0,102,1,75,74,0,15,1,25,24,0,2,1,25,24,0.0,0.00013615167296368154,1,28,27,4,-1,5,14,0,8,80,55
789,16,222,38,93,55,48,52,41,41,0,16,25,38,47,9,0.001157289220191293,0.004629156880765172,39,52,13,3,3,3,7,1,62,71,73
790,36,652,54,100,46,28,38,46,56,10,28,38,51,59,8,0.0048674223084516155,0.019469689233806462,56,86,30,2,3,3,3,6,85,28,30
791,0,0,1,1,0,0,0,1,1,0,0,0,1,1,0,0.0,0.0,1,1,0,-1,-1,-1,3,0,82,91,99
792,0,0,1,1,0,0,0,1,1,0,0,0,1,1,0,0.0,0.0,1,1,0,-1,-1,-1,3,0,87,66,36
793,78,284,65,95,30,78,78,75,75,0,78,78,76,76,0,0.009870996289866912,0.012798257258586064,69,75,6,3,2,2,4,4,73,72,29
794,22,124,45,79,34,66,66,49,49,0,22,24,45,48,3,0.0019061234214915416,0.0025188059498281084,44,47,3,4,3,3,6,2,44,61,71
795,0,616,1,100,99,0,56,1,43,42,0,56,1,57,56,0.0,0.014704380680077607,1,77,76,2,-1,3,6,0,34,36,18
796,0,0,1,1,0,0,0,1,1,0,0,0,1,1,0,0.0,0.0,1,1,0,-1,-1,-1,14,0,17,82,98
797,0,0,1,1,0,0,0,1,1,0,0,0,1,1,0,0.0,0.0,1,1,0,-1,-1,-1,4,0,67,80,76
798,0,0,1,1,0,0,0,1,1,0,0,0,1,1,0,0.0,0.0,1,1,0,-1,-1,-1,7,0,43,80,99
799,6,212,32,92,60,34,38,33,34,1,6,38,32,46,14,0.0007828721195411688,0.006569318220497634,37,55,18,3,4,4,7,1,46,71,44
800,100,100,62,62,0,100,100,48,48,0,100,100,62,62,0,0.021784267674189048,0.03015759556145546,82,88,6,2,1,1,10,8,11,57,20
801,16,16,31,31,0,43,43,30,30,0,16,16,31,31,0,0.0002382654276864427,0.0002382654276864427,31,31,0,-1,3,3,14,1,25,60,59
802,0,206,1,94,93,0,14,1,32,31,0,14,1,40,39,0.0,0.005480104836788182,1,59,58,3,-1,4,3,0,66,99,24
803,0,206,1,91,90,0,28,1,33,32,0,25,1,50,49,0.0,0.0033016780693692774,1,50,49,3,-1,4,6,0,44,97,28
804,42,42,51,51,0,164,164,66,66,0,40,40,49,49,0,0.003710133088260322,0.003710133088260322,50,50,0,-1,3,3,14,6,16,41,80
805,0,1640,1,100,99,0,106,1,57,56,0,106,1,74,73,0.0,0.016304162837400864,1,74,73,1,-1,2,12,1,2,50,19
806,2,618,26,100,74,19,102,27,54,27,2,50,26,48,22,6.807583648184077e-05,0.007998910786616291,26,64,38,2,5,3,16,1,4,68,20
807,1,1641,26,100,74,14,168,26,70,44,1,168,26,84,58,6.807583648184077e-05,0.033425235712583816,27,94,67,1,6,2,14,1,17,78,1
808,0,206,1,92,91,0,20,1,35,34,0,20,1,50,49,0.0,0.006569318220497634,1,60,59,3,-1,4,4,0,78,86,77
809,34,1674,52,100,48,56,100,45,65,20,34,100,52,71,19,0.00176997174852786,0.04751693386432486,43,98,55,1,3,2,6,4,44,64,11
810,0,0,1,1,0,0,0,1,1,0,0,0,1,1,0,0.0,0.0,1,1,0,-1,-1,-1,10,1,11,50,76
811,1,103,25,81,56,3,6,25,30,5,1,6,25,31,6,3.4037918240920386e-05,0.0009530617107457708,29,38,9,4,6,5,3,1,96,78,64
812,64,64,61,61,0,54,54,53,53,0,64,64,64,64,0,0.00707988699411144,0.00707988699411144,62,62,0,-1,3,3,4,4,79,72,97
813,0,101,1,79,78,0,9,1,24,23,0,1,1,24,23,0.0,0.00010211375472276115,1,29,28,5,-1,6,9,0,26,92,60
814,0,616,1,100,99,0,82,1,47,46,0,82,1,58,57,0.0,0.03642057251778481,1,94,93,2,-1,3,7,0,24,89,3
815,39,39,51,51,0,38,38,46,46,0,38,38,51,51,0,0.00439089145307873,0.00439089145307873,51,51,0,-1,3,3,3,4,96,22,93
816,6,212,31,90,59,19,44,31,35,4,6,42,31,53,22,3.4037918240920386e-05,0.004186663943633207,27,52,25,3,4,4,8,1,57,65,13
817,100,100,67,67,0,124,124,87,87,0,100,100,72,72,0,0.012491915994417782,0.012491915994417782,72,72,0,-1,2,2,6,6,59,34,93
818,26,642,51,100,49,28,38,45,55,10,28,38,50,58,8,0.0030974505599237552,0.015112835698968652,47,77,30,2,3,3,3,6,58,41,32
819,0,102,1,81,80,0,4,1,30,29,0,4,1,31,30,0.0,0.00088498587426393,1,37,36,4,-1,5,2,0,95,98,51
820,170,376,89,98,9,174,174,80,80,0,170,174,89,89,0,0.010109261717553355,0.021580040164743523,70,83,13,3,2,2,10,13,1,24,12
821,16,632,31,100,69,74,92,35,39,4,16,44,31,47,16,0.00037441710065012424,0.0020422750944552232,35,43,8,2,3,3,14,1,25,49,43
822,0,616,1,100,99,0,82,1,43,42,0,82,1,56,55,0.0,0.013989584397018279,1,75,74,2,-1,3,10,0,18,86,12
823,6,622,31,100,69,19,56,31,40,9,6,56,31,60,29,0.0002382654276864427,0.009088124170325743,33,66,33,2,4,3,8,1,57,60,8
824,22,22,42,42,0,50,50,39,39,0,22,22,42,42,0,0.0012594029749140542,0.0012594029749140542,39,39,0,-1,3,3,8,2,39,74,45
825,0,1640,1,100,99,0,52,1,73,72,0,52,1,75,74,0.0,0.05657102011640968,1,99,98,1,-1,2,3,0,58,85,23
826,0,0,1,1,0,0,0,1,1,0,0,0,1,1,0,0.0,0.0,1,1,0,-1,-1,-1,4,1,84,45,79
827,90,90,68,68,0,100,100,68,68,0,90,90,68,68,0,0.006637394056979475,0.006637394056979475,61,61,0,-1,2,2,6,6,48,13,89
828,214,1814,90,100,10,316,316,92,92,0,214,316,90,96,6,0.018380475850097007,0.04009666768780421,82,96,14,1,2,2,15,9,7,39,10
829,94,710,61,100,39,238,238,81,81,0,94,132,61,82,21,0.010926171755335444,0.016372238673882704,68,76,8,2,2,2,14,5,17,25,48
830,62,678,54,100,46,90,90,56,56,0,62,90,54,61,7,0.005990673610401988,0.011062323428299126,55,70,15,2,2,2,6,3,40,54,35
831,124,740,83,100,17,54,64,55,69,14,54,64,60,69,9,0.013070560604513427,0.021682153919466287,72,84,12,2,3,3,4,14,84,32,31
832,66,272,57,94,37,76,76,54,54,0,66,76,57,59,2,0.006126825283365669,0.008645631233193778,57,65,8,3,3,3,6,6,41,28,73
833,0,101,1,79,78,0,5,1,24,23,0,1,1,24,23,0.0,3.4037918240920386e-05,1,25,24,6,-1,7,5,0,45,97,68
834,100,100,79,79,0,100,100,98,98,0,100,100,98,98,0,0.07784471901698492,0.09139181047687124,99,99,0,3,1,1,2,3,91,29,23
835,192,392,89,100,11,104,104,85,85,0,104,104,85,85,0,0.023384049831512304,0.02661765206439974,84,85,1,3,2,2,5,19,70,15,13
836,71,687,56,100,44,102,112,66,69,3,71,112,56,77,21,0.0051397256543789785,0.012389802239695021,56,74,18,2,2,2,8,6,10,35,31
837,104,310,78,95,17,148,148,78,78,0,104,113,78,78,0,0.007794683277170768,0.008577555396711936,62,66,4,3,2,2,9,5,35,47,43
838,8,214,38,94,56,20,24,36,39,3,8,24,38,52,14,0.0009530617107457708,0.010619830491167161,38,72,34,3,4,4,4,2,78,74,39
839,136,342,78,93,15,132,132,72,72,0,132,132,79,79,0,0.016610504101569147,0.019810068416215663,77,79,2,3,2,2,8,12,27,37,73
840,0,206,1,92,91,0,16,1,32,31,0,13,1,42,41,0.0,0.002586881786309949,1,49,48,3,-1,4,4,0,78,81,70
841,102,102,75,75,0,176,176,74,74,0,102,102,75,75,0,0.012253650566731339,0.012253650566731339,73,73,0,-1,3,3,11,8,19,20,97
842,88,88,67,67,0,88,88,71,71,0,88,88,71,71,0,0.011232513019503728,0.011232513019503728,72,72,0,-1,2,2,4,7,53,62,85
843,0,206,1,92,91,0,24,1,39,38,0,24,1,52,51,0.0,0.008169100377820893,1,65,64,3,-1,4,4,0,78,66,17
844,0,206,1,94,93,0,10,1,30,29,0,10,1,38,37,0.0,0.003199564314646516,1,50,49,3,-1,4,3,1,66,69,73
845,386,986,96,100,4,310,310,97,97,0,310,310,97,97,0,0.026039007454304094,0.031212771026923995,88,91,3,2,2,2,11,19,33,15,27
846,2,2,27,27,0,6,6,29,29,0,2,2,27,27,0,0.0002042275094455223,0.0002042275094455223,32,32,0,-1,5,5,3,1,87,4,86
847,42,658,51,100,49,108,128,58,60,2,40,72,50,55,5,0.003437829742332959,0.00622893903808843,48,59,11,2,3,3,13,6,13,41,70
848,0,206,1,93,92,0,8,1,31,30,0,6,1,31,30,0.0,0.0018720855032506212,1,45,44,3,-1,4,2,1,68,69,46
849,240,1880,90,100,10,300,334,91,95,4,240,334,90,95,5,0.011845195547840293,0.04271758739235508,68,97,29,1,2,2,14,9,25,31,7
850,0,0,1,1,0,0,0,1,1,0,0,0,1,1,0,0.0,0.0,1,1,0,-1,-1,-1,3,0,94,82,67
851,56,56,51,51,0,188,188,71,71,0,56,56,51,51,0,0.004356853534837809,0.004356853534837809,54,54,0,-1,2,2,14,3,25,29,84
852,0,616,1,100,99,0,28,1,43,42,0,28,1,53,52,0.0,0.021614078082984444,1,86,85,2,-1,3,3,0,76,89,0
853,0,616,1,100,99,0,36,1,35,34,0,20,1,42,41,0.0,0.0030634126416828346,1,47,46,2,-1,3,7,0,43,40,70
854,0,0,1,1,0,0,0,1,1,0,0,0,1,1,0,0.0,0.0,1,1,0,-1,-1,-1,5,0,63,96,67
855,0,616,1,100,99,0,24,1,44,43,0,24,1,50,49,0.0,0.013989584397018279,1,76,75,2,-1,3,3,0,94,67,39
856,0,616,1,100,99,0,66,1,47,46,0,66,1,60,59,0.0,0.015385139044896015,1,78,77,2,-1,3,6,0,48,40,30
857,58,264,54,93,39,186,186,71,71,0,58,73,54,55,1,0.00527587732734266,0.008271214132543654,55,57,2,3,3,3,16,6,9,35,41
858,120,120,80,80,0,188,188,85,85,0,120,120,80,80,0,0.01055175465468532,0.01055175465468532,71,71,0,-1,2,2,10,7,36,48,67
859,16,1656,41,100,59,40,64,44,65,21,16,64,41,70,29,0.0028932230504782326,0.02825147213996392,48,89,41,1,3,2,5,3,70,46,31
860,22,228,46,96,50,28,28,43,43,0,22,28,46,49,3,0.002110350930937064,0.009224275843289425,46,69,23,3,3,3,3,2,75,52,8
861,0,616,1,100,99,0,82,1,34,33,0,22,1,39,38,0.0,0.0030634126416828346,1,46,45,2,-1,3,16,0,4,80,29
862,0,206,1,89,88,0,34,1,33,32,0,13,1,39,38,0.0,0.002144388849177984,1,44,43,3,-1,4,9,1,26,45,70
863,0,1640,1,100,99,0,134,1,65,64,0,134,1,80,79,0.0,0.03577385207120733,1,93,92,1,-1,2,10,0,1,80,3
864,284,1924,95,100,5,256,280,95,98,3,256,280,95,98,3,0.021341774737057083,0.034140031995643146,83,94,11,1,2,2,10,18,18,5,41
865,114,114,81,81,0,70,70,54,54,0,70,70,62,62,0,0.009360427516253106,0.009360427516253106,69,69,0,-1,3,3,5,9,50,31,85
866,100,100,69,69,0,100,100,55,55,0,100,100,69,69,0,0.04806154055617958,0.04806154055617958,96,96,0,-1,1,1,8,27,30,10,87
867,16,118,41,84,43,34,34,56,56,0,16,34,42,58,16,0.003948398515946765,0.004799346471969774,52,55,3,4,3,3,3,1,55,90,64
868,144,245,89,95,6,72,72,84,84,0,72,72,84,84,0,0.019129310051397258,0.019129310051397258,84,84,0,6,2,2,3,14,85,32,58
869,100,100,66,66,0,100,100,67,67,0,100,100,73,73,0,0.04693828925422921,0.05408625208482249,96,97,1,2,1,1,5,14,52,14,27
870,44,250,60,98,38,22,22,49,49,0,22,22,50,50,0,0.00704584907587052,0.017495489975833077,62,81,19,3,3,3,2,4,93,38,37
871,6,1646,27,100,73,29,178,29,69,40,6,178,27,86,59,0.0002042275094455223,0.0298852922155281,30,90,60,1,4,2,14,1,8,55,11
872,121,327,82,96,14,230,230,75,75,0,121,133,82,84,2,0.008543517478471017,0.009564655025698629,64,66,2,3,2,2,16,8,4,44,74
873,102,718,74,100,26,192,192,72,72,0,102,192,74,91,17,0.008271214132543654,0.017972020831205963,65,81,16,2,3,3,12,7,6,48,19
874,125,331,81,97,16,80,80,66,66,0,80,80,68,68,0,0.014432077334150244,0.016406276592123625,78,78,0,3,3,3,5,15,63,19,70
875,22,1662,40,100,60,92,206,41,75,34,22,206,40,91,51,0.002825147213996392,0.04244528404642772,49,95,46,1,3,2,12,2,6,75,2
876,40,40,55,55,0,28,28,45,45,0,28,28,50,50,0,0.005650294427992784,0.005650294427992784,57,57,0,-1,3,3,3,5,58,47,81
877,50,1650,52,100,48,94,94,45,45,0,50,80,52,57,5,0.005956635692161067,0.019673916743251984,56,82,26,1,2,2,9,6,29,73,26
878,0,616,1,100,99,0,38,1,45,44,0,38,1,50,49,0.0,0.013479015623404473,1,77,76,2,-1,3,3,0,96,80,33
879,80,80,72,72,0,48,48,66,66,0,48,48,67,67,0,0.009292351679771264,0.009292351679771264,69,69,0,-1,3,3,3,9,76,31,50
880,100,100,58,58,0,100,100,38,38,0,100,100,58,58,0,0.042955852820041523,0.04380680077606454,95,95,0,2,1,1,16,29,9,11,63
881,190,1830,89,100,11,222,246,83,86,3,222,246,90,92,2,0.020048333843902106,0.05408625208482249,82,99,17,1,2,2,13,16,13,18,3
882,396,396,99,99,0,264,264,93,93,0,264,264,94,94,0,0.03090642976275571,0.03090642976275571,92,92,0,-1,2,2,12,27,14,10,91
883,24,24,50,50,0,28,28,48,48,0,24,24,51,51,0,0.0028932230504782326,0.0028932230504782326,48,48,0,-1,3,3,3,6,55,70,40
884,92,92,75,75,0,62,62,82,82,0,62,62,82,82,0,0.015657442390823378,0.015657442390823378,79,79,0,-1,2,2,3,8,85,8,66
885,0,101,1,80,79,0,3,1,24,23,0,1,1,24,23,0.0,0.00010211375472276115,1,29,28,5,-1,6,3,0,76,84,65
886,78,694,65,100,35,64,64,68,68,0,64,64,69,69,0,0.007998910786616291,0.017291262466387555,63,81,18,2,3,3,4,7,73,48,20
887,16,16,41,41,0,38,38,56,56,0,16,16,41,41,0,0.0024166921951053475,0.0024166921951053475,46,46,0,-1,3,3,3,1,60,53,66
888,22,124,50,85,35,28,28,46,46,0,22,28,50,52,2,0.002586881786309949,0.003812246842983083,47,52,5,4,3,3,3,2,81,83,52
889,44,44,60,60,0,22,22,49,49,0,22,22,50,50,0,0.00704584907587052,0.00704584907587052,62,62,0,-1,3,3,2,4,93,38,66
890,22,638,41,100,59,112,132,58,63,5,22,132,41,80,39,0.002110350930937064,0.017018959120460194,44,80,36,2,3,3,12,2,14,52,5
891,197,813,90,100,10,192,192,93,93,0,192,192,94,94,0,0.01844855168657885,0.04510024166921951,79,96,17,2,2,2,9,15,35,19,3
892,6,212,30,94,64,12,20,30,35,5,6,20,30,41,11,0.00017018959120460194,0.009054086252084823,31,68,37,3,4,4,4,1,53,60,14
893,0,0,1,1,0,0,0,1,1,0,0,0,1,1,0,0.0,0.0,1,1,0,-1,-1,-1,10,0,1,97,76
894,100,100,69,69,0,100,100,70,70,0,100,100,72,72,0,0.06776949521767249,0.06776949521767249,99,99,0,-1,1,1,6,40,65,3,96
895,30,1670,47,100,53,58,102,38,60,22,30,102,47,75,28,0.004356853534837809,0.02542632492596753,54,87,33,1,3,2,8,6,15,73,33
896,0,206,1,92,91,0,10,1,31,30,0,10,1,40,39,0.0,0.0013955546478777359,1,40,39,3,-1,4,3,0,85,96,54
897,22,22,41,41,0,36,36,36,36,0,22,22,41,41,0,0.0014295925661186562,0.0014295925661186562,41,41,0,-1,3,3,5,2,50,74,84
898,0,102,1,74,73,0,10,1,28,27,0,2,1,26,25,0.0,0.00037441710065012424,1,32,31,4,-1,5,6,1,41,50,88
899,16,632,39,100,61,54,68,39,42,3,16,68,39,62,23,0.0011232513019503727,0.010960209673576363,39,73,34,2,3,3,8,1,57,71,39
900,2,2,29,29,0,9,9,30,30,0,2,2,29,29,0,0.00010211375472276115,0.00010211375472276115,29,29,0,-1,5,5,5,1,88,55,81
901,40,656,49,100,51,45,70,37,54,17,40,70,49,59,10,0.003437829742332959,0.01746145205759216,44,79,35,2,2,2,6,1,71,68,18
902,0,0,1,1,0,0,0,1,1,0,0,0,1,1,0,0.0,0.0,1,1,0,-1,-1,-1,10,0,0,91,84
903,100,100,64,64,0,100,100,44,44,0,100,100,64,64,0,0.04516831750570135,0.04659791007182001,96,97,1,3,1,1,13,29,13,1,53
904,291,497,99,100,1,96,96,94,94,0,96,96,94,94,0,0.044453521222642026,0.04870826100275707,94,97,3,3,2,2,3,29,92,11,57
905,86,702,67,100,33,60,60,53,53,0,60,60,60,60,0,0.008577555396711936,0.023315973995030465,65,85,20,2,3,3,5,13,49,24,15
906,136,238,85,92,7,88,88,77,77,0,88,88,77,77,0,0.01504475986248681,0.015555328636100617,79,80,1,4,2,2,4,13,79,33,49
907,118,118,86,86,0,72,72,79,79,0,72,72,80,80,0,0.02038871302631131,0.02038871302631131,85,85,0,-1,2,2,3,9,75,39,66
908,0,616,1,100,99,0,100,1,44,43,0,100,1,63,62,0.0,0.01317267435923619,1,73,72,2,-1,3,10,0,18,40,5
909,82,698,59,100,41,76,86,49,54,5,76,86,56,59,3,0.007556417849484326,0.025188059498281085,61,87,26,2,3,3,6,7,40,48,18
910,160,776,85,100,15,176,176,85,85,0,160,176,87,88,1,0.01494264610776405,0.037543823819735186,78,92,14,2,2,2,8,8,42,17,1
911,100,100,76,76,0,100,100,97,97,0,100,100,97,97,0,0.06028115320467,0.06028115320467,99,99,0,-1,1,1,3,6,94,34,45
912,0,616,1,100,99,0,24,1,41,40,0,23,1,47,46,0.0,0.006739507811702236,1,58,57,2,-1,3,3,0,60,89,54
913,38,244,52,93,41,38,38,51,51,0,38,38,54,54,0,0.0028932230504782326,0.006671431975220395,50,61,11,3,3,3,3,6,82,70,29
914,0,206,1,92,91,0,28,1,32,31,0,28,1,48,47,0.0,0.004901460226692535,1,53,52,3,-1,4,6,0,59,93,57
915,0,206,1,94,93,0,8,1,30,29,0,8,1,35,34,0.0,0.007182000748834201,1,61,60,3,-1,4,2,0,91,98,14
916,202,202,89,89,0,144,144,88,88,0,144,144,88,88,0,0.021409850573538922,0.021409850573538922,84,84,0,-1,2,2,6,18,44,5,92
917,16,1656,35,100,65,108,132,62,69,7,16,74,35,59,24,0.0020763130126961434,0.01858470335954253,44,82,38,1,3,2,8,1,15,53,38
918,290,906,95,100,5,134,134,91,91,0,134,134,92,92,0,0.03151911229109228,0.039313795568263046,93,96,3,2,2,2,6,27,71,10,31
919,0,206,1,94,93,0,14,1,36,35,0,14,1,42,41,0.0,0.0040845501889104465,1,53,52,3,-1,4,3,1,81,50,38
920,24,230,47,94,47,60,60,48,48,0,24,60,47,60,13,0.0021784267674189047,0.00442492937131965,47,52,5,3,3,3,5,3,63,54,70
921,167,167,89,89,0,112,112,92,92,0,112,112,92,92,0,0.020797168045202357,0.020797168045202357,85,85,0,-1,2,2,4,15,83,19,98
922,0,206,1,93,92,0,34,1,32,31,0,20,1,40,39,0.0,0.004833384390210695,1,53,52,3,-1,4,9,0,23,40,38
923,0,616,1,100,99,0,70,1,40,39,0,48,1,54,53,0.0,0.009156200006807584,1,67,66,2,-1,3,9,0,23,96,77
924,84,290,62,93,31,80,80,59,59,0,80,80,63,63,0,0.012934408931549747,0.016882807447496512,75,82,7,3,3,3,5,9,61,39,26
925,16,616,45,100,55,28,28,46,46,0,16,28,44,50,6,0.001940161339732462,0.020797168045202357,43,86,43,2,3,3,3,1,85,53,7
926,16,616,34,100,66,54,54,35,35,0,16,50,34,50,16,0.0010892133837094523,0.00793083495013445,39,62,23,2,3,3,8,1,42,71,27
927,56,672,56,100,44,54,54,56,56,0,54,54,57,57,0,0.010381565063480718,0.017427414139351238,67,79,12,2,3,3,4,5,67,25,48
928,0,0,1,1,0,0,0,1,1,0,0,0,1,1,0,0.0,0.0,1,1,0,-1,-1,-1,2,1,98,69,40
929,34,136,55,88,33,22,22,49,49,0,22,22,50,50,0,0.007216038667075122,0.007794683277170768,63,65,2,4,3,3,2,7,93,62,71
930,100,100,67,67,0,100,100,74,74,0,100,100,75,75,0,0.062357466217366146,0.06303822458218455,98,98,0,3,1,1,5,29,63,0,56
931,325,425,99,100,1,96,96,92,92,0,96,96,92,92,0,0.04952517104053916,0.04986555022294836,96,96,0,4,2,2,3,36,81,2,74
932,0,102,1,77,76,0,10,1,26,25,0,2,1,25,24,0.0,0.00013615167296368154,1,29,28,4,-1,5,8,0,30,87,65
933,213,213,91,91,0,176,176,85,85,0,176,176,89,89,0,0.026073045372545015,0.026073045372545015,88,88,0,-1,2,2,8,20,30,23,99
934,0,206,1,93,92,0,26,1,35,34,0,6,1,31,30,0.0,0.0015657442390823377,1,41,40,3,-1,4,5,0,45,99,53
935,0,616,1,99,98,0,78,1,37,36,0,47,1,53,52,0.0,0.00622893903808843,1,59,58,2,-1,3,12,0,6,93,44
936,100,100,67,67,0,100,100,55,55,0,100,100,67,67,0,0.03642057251778481,0.03642057251778481,93,93,0,-1,1,1,9,18,23,30,92
937,185,801,90,100,10,112,112,70,70,0,112,112,77,77,0,0.01940161339732462,0.02542632492596753,84,88,4,2,3,3,7,16,46,18,57
938,262,1862,92,100,8,216,216,95,95,0,216,216,95,95,0,0.026243234963749616,0.03628442084482113,86,96,10,1,2,2,9,17,54,6,4
939,135,341,81,98,17,178,178,82,82,0,135,145,81,88,7,0.008713707069675619,0.009632730862180468,66,68,2,3,2,2,10,8,1,57,54
940,100,100,73,73,0,100,100,88,88,0,100,100,88,88,0,0.055073351713809185,0.06300418666394364,99,100,1,2,1,1,4,17,84,6,21
941,0,616,1,99,98,0,86,1,34,33,0,39,1,44,43,0.0,0.0032336022328874367,1,51,50,2,-1,3,17,0,20,85,41
942,34,240,56,96,40,22,22,49,49,0,22,22,53,53,0,0.006535280302256714,0.011096361346540046,63,72,9,3,3,3,2,7,90,62,57
943,0,102,1,77,76,0,8,1,27,26,0,2,1,27,26,0.0,6.807583648184077e-05,1,29,28,4,-1,5,7,0,62,76,65
944,44,250,53,94,41,50,50,48,48,0,44,50,53,56,3,0.005956635692161067,0.009462541270975866,59,66,7,3,3,3,5,4,49,38,26
945,490,1106,100,100,0,208,208,99,99,0,208,208,99,99,0,0.05340549372000408,0.0601109636134654,99,99,0,2,2,2,7,36,43,2,27
946,0,102,1,80,79,0,11,1,27,26,0,2,1,25,24,0.0,0.0002042275094455223,1,30,29,4,-1,5,9,0,31,82,4
947,126,332,79,98,19,238,238,78,78,0,126,132,79,81,2,0.010075223799312433,0.010517716736444398,66,66,0,3,2,2,14,7,8,48,42
948,44,44,52,52,0,66,66,44,44,0,44,44,52,52,0,0.005922597773920147,0.005922597773920147,54,54,0,-1,3,3,6,7,51,62,45
949,0,0,1,1,0,0,0,1,1,0,0,0,1,1,0,0.0,0.0,1,1,0,-1,-1,-1,11,0,5,84,82
950,24,640,51,100,49,34,34,44,44,0,24,34,51,54,3,0.0030634126416828346,0.02641342455495422,50,88,38,2,3,3,4,6,72,70,11
951,142,244,83,94,11,110,110,81,81,0,110,110,82,82,0,0.0123557643214541,0.012696143503863304,73,73,0,4,2,2,6,9,65,27,63
952,0,616,1,100,99,0,44,1,32,31,0,22,1,40,39,0.0,0.0010892133837094523,1,36,35,2,-1,3,14,0,16,76,63
953,0,206,1,92,91,0,16,1,30,29,0,9,1,35,34,0.0,0.0008509479560230097,1,36,35,3,-1,4,6,1,65,45,43
954,6,212,30,89,59,54,54,38,38,0,6,12,30,34,4,0.002314578440382586,0.002723033459273631,45,47,2,3,4,4,9,3,54,46,49
955,0,616,1,100,99,0,38,1,40,39,0,38,1,49,48,0.0,0.015725518227305217,1,79,78,2,-1,3,6,0,69,91,12
956,6,212,31,94,63,16,24,33,33,0,6,14,31,38,7,0.0002382654276864427,0.0014295925661186562,32,42,10,3,4,4,6,1,32,4,52
957,162,778,87,100,13,256,256,90,90,0,162,256,87,93,6,0.013138636440995268,0.024371149460498995,74,83,9,2,2,2,13,9,13,27,5
958,46,662,53,100,47,84,108,48,66,18,46,94,53,63,10,0.002825147213996392,0.011811157629599374,47,70,23,2,2,2,9,2,23,52,77
959,100,100,59,59,0,100,100,45,45,0,100,100,59,59,0,0.06623778889683107,0.09857381122570544,100,100,0,1,1,1,10,36,0,2,3
960,1,207,25,90,65,4,24,25,37,12,1,24,25,49,24,6.807583648184077e-05,0.005616256509751864,28,58,30,3,6,4,4,1,79,68,25
961,125,741,86,100,14,38,38,57,57,0,38,38,59,59,0,0.019061234214915415,0.027094182919772627,85,89,4,2,3,3,3,16,55,18,73
962,0,206,1,89,88,0,28,1,33,32,0,14,1,33,32,0.0,0.0011232513019503727,1,39,38,3,-1,4,8,0,42,89,64
963,54,54,62,62,0,48,48,66,66,0,48,48,67,67,0,0.008169100377820893,0.008169100377820893,65,65,0,-1,3,3,3,4,76,72,91
964,135,335,88,98,10,38,38,46,46,0,38,38,51,51,0,0.019095272133156337,0.02042275094455223,83,87,4,3,3,3,3,16,96,18,54
965,0,616,1,100,99,0,78,1,44,43,0,78,1,59,58,0.0,0.011811157629599374,1,71,70,2,-1,3,8,0,15,67,19
966,0,616,1,99,98,0,92,1,40,39,0,58,1,55,54,0.0,0.009190237925048503,1,69,68,2,-1,3,12,0,6,40,17
967,88,88,57,57,0,218,218,72,72,0,88,88,57,57,0,0.007658531604207087,0.007658531604207087,59,59,0,-1,2,2,14,4,16,72,50
968,112,728,75,100,25,220,220,82,82,0,112,220,75,92,17,0.009122162088566664,0.020967357636406957,68,83,15,2,2,2,12,4,6,38,30
969,146,352,85,96,11,80,80,59,59,0,80,80,63,63,0,0.02215868477483917,0.02324789815854862,85,85,0,3,3,3,5,15,61,16,52
970,0,0,1,1,0,0,0,1,1,0,0,0,1,1,0,0.0,0.0,1,1,0,-1,-1,-1,2,0,91,84,99
971,130,130,83,83,0,142,142,79,79,0,142,142,85,85,0,0.009836958371625992,0.009836958371625992,69,69,0,-1,2,2,8,13,57,24,81
972,194,400,90,100,10,132,132,98,98,0,132,132,98,98,0,0.020150447598624867,0.022737329384934817,81,83,2,3,2,2,5,14,70,14,47
973,6,622,29,100,71,18,68,30,44,14,6,68,29,58,29,0.00010211375472276115,0.010007147962830594,29,69,40,2,4,3,7,1,43,65,48
974,0,101,1,78,77,0,6,1,24,23,0,1,1,24,23,0.0,0.0,1,1,0,6,-1,7,6,0,69,96,58
975,0,0,1,1,0,0,0,1,1,0,0,0,1,1,0,0.0,0.0,1,1,0,-1,-1,-1,14,0,25,81,80
976,100,100,64,64,0,100,100,45,45,0,100,100,64,64,0,0.06429762755709861,0.06429762755709861,100,100,0,-1,1,1,10,36,18,2,86
977,1,102,26,78,52,6,6,26,26,0,1,2,26,27,1,0.00010211375472276115,0.00010211375472276115,30,30,0,5,6,6,6,1,32,78,95
978,2,1642,26,100,74,10,84,28,70,42,2,84,26,71,45,0.00013615167296368154,0.031451036454610434,30,88,58,1,5,2,5,1,80,60,14
979,26,26,55,55,0,12,12,35,35,0,12,12,43,43,0,0.0036760951700194017,0.0036760951700194017,55,55,0,-1,4,4,2,6,86,28,36
980,80,680,69,100,31,84,84,74,74,0,84,84,75,75,0,0.010687906327649,0.03771401341093979,73,94,21,2,2,2,5,6,45,77,2
981,84,186,76,93,17,56,56,84,84,0,56,56,85,85,0,0.01494264610776405,0.015725518227305217,80,80,0,4,2,2,2,7,98,48,64
982,18,634,39,100,61,36,46,36,45,9,18,40,39,48,9,0.000442492937131965,0.005207801490860819,34,53,19,2,3,3,5,2,50,56,29
983,92,1732,69,100,31,96,120,74,89,15,96,120,74,89,15,0.013513053541645392,0.03948398515946765,75,97,22,1,3,2,6,8,69,20,37
984,6,212,30,91,61,17,30,32,36,4,6,30,30,48,18,0.00010211375472276115,0.006262976956329351,29,59,30,3,4,4,5,1,80,95,77
985,100,100,66,66,0,100,100,52,52,0,100,100,66,66,0,0.06964158072092311,0.09057490043908914,100,100,0,1,1,1,8,36,15,2,33
986,104,104,70,70,0,174,174,72,72,0,104,104,70,70,0,0.007760645358929848,0.007760645358929848,60,60,0,-1,2,2,10,6,0,26,59
987,16,632,35,100,65,80,100,41,44,3,16,100,35,63,28,0.0010211375472276116,0.018176248340651485,39,79,40,2,3,3,10,1,18,71,15
988,64,680,54,100,46,80,90,62,66,4,64,90,54,69,15,0.010143299635794275,0.01943565131556554,65,81,16,2,2,2,6,6,71,73,32
989,24,230,50,98,48,22,22,47,47,0,22,22,52,52,0,0.005037611899656217,0.011913271384322134,57,73,16,3,3,3,2,6,89,73,27
990,100,1700,76,100,24,88,88,82,82,0,88,88,82,82,0,0.013955546478777357,0.06000884985874264,78,99,21,1,2,2,4,6,72,77,3
991,2,2,27,27,0,5,5,27,27,0,2,2,27,27,0,6.807583648184077e-05,6.807583648184077e-05,28,28,0,-1,5,5,4,1,53,78,98
992,117,117,82,82,0,72,72,77,77,0,72,72,77,77,0,0.016882807447496512,0.016882807447496512,81,81,0,-1,2,2,3,9,64,39,91
993,0,616,1,100,99,0,22,1,54,53,0,22,1,56,55,0.0,0.03366350114027026,1,95,94,2,-1,3,2,0,97,59,3
994,242,448,95,99,4,216,216,96,96,0,216,216,97,97,0,0.02634534871847238,0.02811532046700024,88,88,0,3,2,2,9,17,35,6,83
995,16,118,48,86,38,12,12,35,35,0,12,12,42,42,0,0.0028591851322373124,0.0035739814152966403,51,53,2,4,4,4,2,6,98,41,43
996,194,400,93,100,7,112,112,96,96,0,112,112,96,96,0,0.026175159127267776,0.02927260968719153,87,89,2,3,2,2,4,16,72,12,28
997,245,445,96,100,4,72,72,84,84,0,72,72,84,84,0,0.03713536880084414,0.050444194833044013,94,96,2,3,2,2,3,30,85,7,9
998,0,102,1,82,81,0,5,1,29,28,0,3,1,31,30,0.0,0.0005786446100956465,1,33,32,4,-1,5,3,0,60,86,63
999,0,616,1,100,99,0,28,1,47,46,0,28,1,53,52,0.0,0.012117498893767658,1,75,74,2,-1,3,3,0,55,80,12
