,FreeNet_pre_score,FreeNet_post_score,FreeNet_pre_rank,FreeNet_post_rank,FreeNet_delta_ranks,Reversed_pre_score,Reversed_post_score,Reversed_pre_rank,Reversed_post_rank,Reversed_delta_ranks,Independent_pre_score,Independent_post_score,Independent_pre_rank,Independent_post_rank,Independent_delta_ranks,Random_pre_score,Random_post_score,Random_pre_rank,Random_post_rank,Random_delta_ranks,dist_victim_relayer,dist_victim_vilain_pre,dist_victim_vilain_post,out_deg_victim,in_deg_villain,victim,villain,relayer
0,0,616,1,100,99,0,86,1,35,34,0,86,1,56,55,0.0,0.008407365805507334,1,61,60,2,-1,3,15,0,7,98,32
1,100,100,66,66,0,100,100,49,49,0,100,100,66,66,0,0.05218012866333095,0.056094489261036794,98,99,1,3,1,1,9,27,54,10,34
2,403,503,100,100,0,120,120,99,99,0,120,120,99,99,0,0.05218012866333095,0.05248646992749923,96,97,1,4,2,2,3,40,75,3,56
3,40,141,48,84,36,146,146,67,67,0,40,41,48,49,1,0.002314578440382586,0.002382654276864427,45,45,0,5,2,2,12,1,3,53,78
4,0,0,1,1,0,0,0,1,1,0,0,0,1,1,0,0.0,0.0,1,1,0,-1,-1,-1,2,0,93,76,96
5,22,1662,46,100,54,28,62,44,81,37,22,62,47,81,34,0.004288777698355968,0.03979032642363593,50,94,44,1,3,2,3,3,92,29,46
6,100,100,59,59,0,100,100,40,40,0,100,100,59,59,0,0.04431736954967834,0.07508764763947037,98,100,2,1,1,1,15,27,7,10,2
7,22,228,50,97,47,28,28,46,46,0,22,28,50,52,2,0.0034037918240920387,0.005037611899656217,51,57,6,3,3,3,3,2,81,75,83
8,16,16,39,39,0,78,78,47,47,0,16,16,39,39,0,0.002927260968719153,0.002927260968719153,50,50,0,-1,3,3,8,3,57,46,76
9,90,191,74,92,18,28,28,48,48,0,28,28,54,54,0,0.010755982164130842,0.010892133837094524,70,71,1,5,3,3,3,14,55,32,60
10,308,924,97,100,3,376,376,98,98,0,308,331,97,99,2,0.022703291466693896,0.024473263215221756,87,89,2,2,2,2,16,18,9,30,64
11,56,672,55,100,45,154,164,72,76,4,56,120,55,79,24,0.00622893903808843,0.0156914803090643,58,80,22,2,2,2,10,3,36,29,27
12,91,191,76,92,16,38,38,56,56,0,38,38,57,57,0,0.015248987371932332,0.0156914803090643,80,80,0,4,3,3,3,12,60,37,49
13,100,100,67,67,0,100,100,66,66,0,100,100,72,72,0,0.06116613907893393,0.06116613907893393,98,98,0,-1,1,1,6,29,59,1,36
14,2,2,28,28,0,3,3,28,28,0,2,2,28,28,0,6.807583648184077e-05,6.807583648184077e-05,28,28,0,-1,5,5,2,1,89,95,45
15,0,206,1,93,92,0,12,1,33,32,0,12,1,40,39,0.0,0.0033357159876101976,1,51,50,3,-1,4,4,1,72,45,13
16,87,293,59,94,35,146,146,77,77,0,87,99,59,63,4,0.006535280302256714,0.008135062459579971,58,62,4,3,2,2,8,4,42,22,75
17,100,100,61,61,0,100,100,44,44,0,100,100,61,61,0,0.034140031995643146,0.04339834575717349,91,94,3,2,1,1,12,16,6,12,19
18,6,212,32,92,60,18,18,35,35,0,6,18,32,47,15,0.0009190237925048504,0.013138636440995268,39,76,37,3,4,4,3,1,87,71,30
19,46,1686,48,100,52,178,222,69,76,7,46,127,48,80,32,0.002314578440382586,0.016270124919159943,44,74,30,1,2,2,14,2,25,61,44
20,66,66,55,55,0,154,154,65,65,0,66,66,55,55,0,0.008203138296061813,0.008203138296061813,63,63,0,-1,3,3,14,6,17,34,66
21,142,142,89,89,0,72,72,87,87,0,72,72,87,87,0,0.01960584090677014,0.01960584090677014,86,86,0,-1,2,2,3,16,55,12,85
22,269,269,95,95,0,96,96,87,87,0,96,96,87,87,0,0.04036897103373158,0.04036897103373158,94,94,0,-1,2,2,3,29,87,0,50
23,22,638,40,99,59,78,122,38,61,23,22,122,40,77,37,0.0011232513019503727,0.017223186629905716,39,79,40,2,3,3,12,2,6,74,15
24,135,751,87,100,13,32,32,58,58,0,32,32,59,59,0,0.01872085503250621,0.024234997787535316,85,89,4,2,3,3,2,16,68,18,53
25,380,380,98,98,0,112,112,92,92,0,112,112,92,92,0,0.04983151230470744,0.04983151230470744,97,97,0,-1,2,2,4,36,83,2,87
26,0,0,1,1,0,0,0,1,1,0,0,0,1,1,0,0.0,0.0,1,1,0,-1,-1,-1,10,0,12,59,98
27,0,616,1,100,99,0,28,1,37,36,0,16,1,39,38,0.0,0.0035059055788147996,1,48,47,2,-1,3,5,0,88,91,46
28,6,622,29,100,71,17,46,28,33,5,6,28,29,42,13,3.4037918240920386e-05,0.0038462847612240037,28,49,21,2,4,3,10,1,12,68,75
29,104,310,80,97,17,50,50,45,45,0,50,50,56,56,0,0.010960209673576363,0.015623404472582456,74,77,3,3,3,3,5,14,45,32,34
30,181,283,97,100,3,32,32,67,67,0,32,32,68,68,0,0.031314884781646755,0.03260832567480173,93,94,1,4,3,3,2,29,97,11,70
31,80,80,60,60,0,164,164,71,71,0,80,80,60,60,0,0.005582218591510943,0.005582218591510943,56,56,0,-1,2,2,11,2,33,75,84
32,0,206,1,92,91,0,22,1,33,32,0,22,1,44,43,0.0,0.005105687736138058,1,52,51,3,-1,4,5,0,88,87,44
33,0,206,1,93,92,0,8,1,31,30,0,8,1,35,34,0.0,0.006262976956329351,1,58,57,3,-1,4,2,0,68,59,27
34,0,206,1,93,92,0,12,1,35,34,0,12,1,36,35,0.0,0.007250076585316042,1,61,60,3,-1,4,2,0,68,84,17
35,0,616,1,100,99,0,52,1,40,39,0,52,1,50,49,0.0,0.011300588855985567,1,75,74,2,-1,3,7,0,46,82,12
36,2,208,26,91,65,11,24,26,28,2,2,10,26,34,8,0.00010211375472276115,0.0005105687736138058,29,35,6,3,5,4,10,1,1,78,74
37,0,616,1,100,99,0,28,1,43,42,0,28,1,52,51,0.0,0.0212056230640934,1,87,86,2,-1,3,3,0,76,91,0
38,0,102,1,82,81,0,5,1,28,27,0,2,1,28,27,0.0,0.00037441710065012424,1,33,32,4,-1,5,3,0,75,89,42
39,100,100,65,65,0,100,100,47,47,0,100,100,65,65,0,0.023179822322066782,0.024439225296980838,84,84,0,2,1,1,11,9,38,31,42
40,15,221,47,97,50,12,12,35,35,0,12,12,42,42,0,0.0038462847612240037,0.007658531604207087,54,64,10,3,4,4,2,6,98,73,13
41,168,374,89,99,10,88,88,81,81,0,88,88,81,81,0,0.024439225296980838,0.0265495762279179,86,89,3,3,2,2,4,18,73,30,54
42,124,740,80,100,20,178,188,81,84,3,124,188,80,87,7,0.011913271384322134,0.019946220089179345,69,81,12,2,2,2,10,6,22,34,17
43,0,616,1,100,99,0,84,1,37,36,0,39,1,44,43,0.0,0.004595118962524252,1,54,53,2,-1,3,14,0,25,81,22
44,364,364,99,99,0,176,176,87,87,0,176,176,91,91,0,0.03475271452397971,0.03475271452397971,92,92,0,-1,2,2,8,30,39,7,89
45,0,0,1,1,0,0,0,1,1,0,0,0,1,1,0,0.0,0.0,1,1,0,-1,-1,-1,14,0,8,98,84
46,40,246,48,93,45,80,88,45,48,3,40,46,48,51,3,0.0034037918240920387,0.004731270635487933,48,56,8,3,2,2,9,1,31,71,53
47,67,683,63,100,37,32,32,58,58,0,32,32,59,59,0,0.006977773239388679,0.017257224548146634,60,85,25,2,3,3,2,8,68,57,21
48,0,206,1,90,89,0,16,1,32,31,0,16,1,40,39,0.0,0.004833384390210695,1,54,53,3,-1,4,4,0,79,67,57
49,0,0,1,1,0,0,0,1,1,0,0,0,1,1,0,0.0,0.0,1,1,0,-1,-1,-1,5,0,37,89,59
50,22,638,38,100,62,56,56,37,37,0,22,56,38,54,16,0.0005105687736138058,0.007250076585316042,33,58,25,2,3,3,9,2,29,56,31
51,1,103,26,74,48,5,8,26,28,2,1,3,26,29,3,6.807583648184077e-05,0.0006467204465774873,28,35,7,4,6,5,5,1,63,78,42
52,124,740,79,100,21,178,188,80,81,1,124,188,79,87,8,0.01143674052894925,0.01834643793185609,70,78,8,2,2,2,10,6,11,34,44
53,100,100,60,60,0,100,100,40,40,0,100,100,60,60,0,0.020899281799925118,0.022294836447802852,80,84,4,2,1,1,14,8,25,44,61
54,84,84,62,62,0,168,168,82,82,0,84,84,62,62,0,0.007386228258279724,0.007386228258279724,63,63,0,-1,2,2,9,6,54,26,82
55,100,100,66,66,0,100,100,43,43,0,100,100,66,66,0,0.020729092208720514,0.026039007454304094,85,88,3,2,1,1,11,6,33,13,38
56,10,10,38,38,0,24,24,37,37,0,10,10,38,38,0,0.0013955546478777359,0.0013955546478777359,43,43,0,-1,4,4,4,3,77,43,69
57,0,0,1,1,0,0,0,1,1,0,0,0,1,1,0,0.0,0.0,1,1,0,-1,-1,-1,4,0,67,96,99
58,15,221,43,92,49,18,18,35,35,0,18,18,48,48,0,0.0035059055788147996,0.009905034208107831,53,69,16,3,4,4,3,6,87,73,31
59,10,112,40,81,41,18,18,35,35,0,10,18,40,47,7,0.0016338200755641784,0.0021784267674189047,44,47,3,4,4,4,3,3,87,54,49
60,32,648,50,100,50,38,48,46,66,20,32,48,50,69,19,0.00445896728956057,0.024983831988835564,52,90,38,2,3,3,3,3,96,29,9
61,72,688,71,100,29,56,56,88,88,0,56,56,88,88,0,0.018006058749446885,0.02563055243541305,82,87,5,2,2,2,2,6,93,34,41
62,0,616,1,100,99,0,40,1,41,40,0,40,1,52,51,0.0,0.005173763572619898,1,55,54,2,-1,3,5,1,61,45,13
63,40,656,57,100,43,68,68,77,77,0,40,68,62,78,16,0.005786446100956465,0.014398039415909322,61,81,20,2,2,2,4,2,72,94,48
64,160,776,89,100,11,152,152,82,82,0,152,152,88,88,0,0.0160318594914735,0.035705776234725484,79,93,14,2,2,2,8,15,39,19,9
65,162,778,83,100,17,176,176,90,90,0,162,176,90,90,0,0.018074134585928724,0.02658361414615882,79,88,9,2,2,2,8,9,21,39,17
66,0,206,1,92,91,0,10,1,28,27,0,6,1,28,27,0.0,0.0017018959120460194,1,41,40,3,-1,4,3,0,82,92,94
67,0,616,1,100,99,0,80,1,40,39,0,80,1,56,55,0.0,0.010824058000612683,1,70,69,2,-1,3,10,0,18,59,14
68,16,632,35,100,65,110,110,59,59,0,16,110,35,77,42,0.003437829742332959,0.010381565063480718,50,71,21,2,3,3,10,1,36,90,24
69,116,322,77,98,21,110,110,81,81,0,110,110,82,82,0,0.01327478811395895,0.01589570781850982,74,79,5,3,2,2,6,8,65,17,28
70,299,899,100,100,0,72,72,85,85,0,72,72,85,85,0,0.04663194799006093,0.06191497328023418,97,99,2,2,2,2,3,36,60,2,16
71,0,0,1,1,0,0,0,1,1,0,0,0,1,1,0,0.0,0.0,1,1,0,-1,-1,-1,2,0,99,96,85
72,22,638,39,100,61,136,146,63,66,3,22,45,39,51,12,0.002110350930937064,0.004050512270669526,44,51,7,2,3,3,16,2,9,52,64
73,0,616,1,100,99,0,44,1,52,51,0,44,1,57,56,0.0,0.017903944994724124,1,79,78,2,-1,3,4,0,78,93,15
74,53,53,63,63,0,38,38,52,52,0,38,38,55,55,0,0.0068075836481840775,0.0068075836481840775,64,64,0,-1,3,3,3,8,66,57,85
75,108,314,84,100,16,32,32,70,70,0,32,32,70,70,0,0.015453214881377854,0.021035433472888797,78,85,7,3,3,3,2,14,95,14,48
76,8,214,34,96,62,10,14,31,31,0,8,14,34,38,4,0.000442492937131965,0.008101024541339052,33,65,32,3,4,4,3,2,94,63,17
77,250,450,92,99,7,168,168,97,97,0,168,168,97,97,0,0.021546002246502605,0.023486163586235065,84,85,1,3,2,2,6,18,51,5,46
78,202,818,93,100,7,72,72,86,86,0,72,72,86,86,0,0.03179141563701964,0.05105687736138058,90,98,8,2,2,2,3,22,92,9,5
79,140,140,84,84,0,182,182,87,87,0,140,140,85,85,0,0.01497668402600497,0.01497668402600497,76,76,0,-1,2,2,9,8,23,20,79
80,2,2,28,28,0,4,4,30,30,0,2,2,28,28,0,0.0005105687736138058,0.0005105687736138058,37,37,0,-1,5,5,2,2,93,42,45
81,1,1,25,25,0,2,2,25,25,0,1,1,25,25,0,0.0,0.0,1,1,0,-1,6,6,2,1,86,68,82
82,370,370,100,100,0,96,96,90,90,0,96,96,90,90,0,0.045644848361074235,0.045644848361074235,96,96,0,-1,2,2,3,40,82,3,36
83,0,0,1,1,0,0,0,1,1,0,0,0,1,1,0,0.0,0.0,1,1,0,-1,-1,-1,8,0,15,98,91
84,2,104,26,74,48,11,14,28,28,0,2,4,26,28,2,0.00010211375472276115,0.0006807583648184077,29,37,8,4,5,5,8,1,10,78,42
85,22,22,43,43,0,68,68,41,41,0,22,22,43,43,0,0.0022465026039007454,0.0022465026039007454,45,45,0,-1,3,3,8,2,30,83,67
86,91,192,77,95,18,56,56,84,84,0,56,56,84,84,0,0.015351101126655093,0.015385139044896015,77,77,0,5,2,2,2,8,86,44,4
87,0,616,1,100,99,0,22,1,41,40,0,22,1,45,44,0.0,0.006875659484665918,1,58,57,2,-1,3,2,0,68,91,47
88,0,1640,1,100,99,0,118,1,61,60,0,90,1,60,59,0.0,0.012866333095067906,1,74,73,1,-1,2,12,0,14,84,13
89,1,102,26,82,56,4,4,26,26,0,1,2,26,27,1,3.4037918240920386e-05,0.00010211375472276115,29,29,0,5,6,6,4,1,78,68,55
90,0,0,1,1,0,0,0,1,1,0,0,0,1,1,0,0.0,0.0,1,1,0,-1,-1,-1,10,0,22,93,81
91,16,222,34,90,56,66,66,37,37,0,16,22,34,39,5,0.0004765308553728854,0.0006807583648184077,35,37,2,3,3,3,10,1,11,49,63
92,6,622,33,100,67,20,40,36,52,16,6,40,33,56,23,0.0012594029749140542,0.01695088328397835,41,80,39,2,4,3,4,1,78,71,37
93,401,503,97,99,2,224,224,96,96,0,224,224,96,96,0,0.03601211749889377,0.03625038292658021,90,91,1,4,2,2,8,29,42,11,88
94,96,712,67,100,33,118,128,69,75,6,96,128,67,80,13,0.0063650907110521125,0.011845195547840293,60,74,14,2,3,3,8,6,57,13,73
95,0,616,1,100,99,0,72,1,39,38,0,56,1,55,54,0.0,0.008339289969025495,1,65,64,2,-1,3,10,0,11,92,27
96,388,594,98,100,2,248,248,90,90,0,248,248,92,92,0,0.03366350114027026,0.036590762108989414,93,94,1,3,2,2,11,27,38,10,13
97,39,655,54,100,46,54,54,55,55,0,39,54,55,59,4,0.004493005207801491,0.02808128254875932,55,91,36,2,3,3,4,4,73,22,1
98,2,208,28,96,68,4,8,30,33,3,2,8,28,39,11,0.0005105687736138058,0.005616256509751864,37,56,19,3,5,4,2,2,93,42,48
99,106,306,84,98,14,62,62,80,80,0,62,62,80,80,0,0.018210286258892407,0.025188059498281085,82,88,6,3,2,2,3,8,55,44,17
100,0,616,1,100,99,0,56,1,38,37,0,22,1,40,39,0.0,0.0034037918240920387,1,49,48,2,-1,3,9,0,23,59,29
101,0,0,1,1,0,0,0,1,1,0,0,0,1,1,0,0.0,0.0,1,1,0,-1,-1,-1,9,0,54,89,59
102,64,680,58,100,42,140,140,70,70,0,64,93,58,64,6,0.006977773239388679,0.010211375472276116,61,70,9,2,3,3,10,4,12,38,41
103,0,206,1,92,91,0,26,1,35,34,0,26,1,49,48,0.0,0.008373327887266415,1,67,66,3,-1,4,5,0,37,76,8
104,15,117,43,82,39,18,18,35,35,0,18,18,48,48,0,0.0035059055788147996,0.004050512270669526,53,53,0,4,4,4,3,6,87,73,51
105,110,212,74,89,15,158,158,74,74,0,110,112,74,74,0,0.01157289220191293,0.011640968038394772,74,74,0,4,2,2,9,6,28,77,60
106,100,100,57,57,0,100,100,38,38,0,100,100,57,57,0,0.053609721229449604,0.055413730896218386,99,99,0,3,1,1,16,40,4,3,70
107,0,206,1,88,87,0,32,1,33,32,0,10,1,35,34,0.0,0.0014636304843595766,1,40,39,3,-1,4,8,1,10,50,54
108,0,616,1,100,99,0,76,1,53,52,0,76,1,60,59,0.0,0.027877055039313797,1,87,86,2,-1,3,6,0,44,76,3
109,135,341,81,96,15,252,252,81,81,0,135,150,81,82,1,0.008509479560230097,0.011300588855985567,62,70,8,3,2,2,14,8,16,57,41
110,16,632,34,100,66,112,112,58,58,0,16,69,34,56,22,0.002995336805200994,0.013002484768031588,49,74,25,2,3,3,12,2,14,94,39
111,231,437,93,97,4,200,200,94,94,0,200,200,94,94,0,0.019197385887879097,0.021443888491779844,82,85,3,3,2,2,8,15,15,19,90
112,100,100,69,69,0,100,100,66,66,0,100,100,75,75,0,0.03512713162462984,0.05374587290241329,93,99,6,2,1,1,6,9,51,27,9
113,227,227,92,92,0,144,144,94,94,0,144,144,94,94,0,0.02831954797644576,0.02831954797644576,90,90,0,-1,2,2,6,20,71,23,76
114,16,222,44,98,54,22,22,47,47,0,16,22,47,51,4,0.004493005207801491,0.024337111542258077,53,86,33,3,3,3,2,1,89,90,0
115,334,540,95,100,5,208,208,97,97,0,208,208,97,97,0,0.02750263793866367,0.028591851322373123,88,89,1,3,2,2,7,19,24,15,51
116,16,632,35,100,65,148,168,63,67,4,16,168,35,87,52,0.0019061234214915416,0.026277272881990537,42,88,46,2,3,3,13,1,13,53,10
117,0,616,1,100,99,0,110,1,57,56,0,110,1,75,74,0.0,0.016406276592123625,1,76,75,2,-1,3,10,0,12,82,6
118,0,206,1,91,90,0,16,1,28,27,0,16,1,34,33,0.0,0.00439089145307873,1,48,47,3,-1,4,4,0,67,98,57
119,0,206,1,90,89,0,24,1,37,36,0,24,1,49,48,0.0,0.011402702610708328,1,74,73,3,-1,4,4,0,79,82,6
120,0,1640,1,100,99,0,124,1,62,61,0,124,1,79,78,0.0,0.03223390857415161,1,92,91,1,-1,2,10,0,12,98,0
121,18,634,40,100,60,66,100,37,46,9,18,100,40,62,22,0.0004765308553728854,0.017325300384628477,34,78,44,2,3,3,10,2,22,56,15
122,88,294,65,94,29,110,110,77,77,0,88,110,65,80,15,0.009020048333843901,0.010177337554035196,66,67,1,3,2,2,6,4,44,38,64
123,0,0,1,1,0,0,0,1,1,0,0,0,1,1,0,0.0,0.0,1,1,0,-1,-1,-1,5,1,70,45,50
124,2,208,26,92,66,13,36,26,31,5,2,10,26,33,7,6.807583648184077e-05,0.0011232513019503727,28,38,10,3,5,4,12,1,6,78,83
125,0,0,1,1,0,0,0,1,1,0,0,0,1,1,0,0.0,0.0,1,1,0,-1,-1,-1,4,0,79,81,59
126,104,310,77,97,20,154,154,72,72,0,104,154,77,85,8,0.010075223799312433,0.011709043874876613,68,73,5,3,2,2,10,9,36,31,83
127,36,36,46,46,0,68,68,41,41,0,36,36,46,46,0,0.00353994349705572,0.00353994349705572,51,51,0,-1,3,3,8,6,42,73,89
128,167,373,92,100,8,56,56,86,86,0,56,56,86,86,0,0.025392287007726607,0.029510875114877974,87,91,4,3,2,2,2,19,95,15,62
129,58,58,66,66,0,28,28,45,45,0,28,28,49,49,0,0.008169100377820893,0.008169100377820893,66,66,0,-1,3,3,3,7,60,48,66
130,212,812,93,100,7,88,88,84,84,0,88,88,84,84,0,0.025085945743558324,0.05173763572619899,88,99,11,2,2,2,4,19,67,15,2
131,40,142,50,80,30,82,82,41,41,0,40,42,50,51,1,0.0015317063208414173,0.0015657442390823377,41,41,0,4,2,2,11,1,5,4,55
132,300,506,95,100,5,112,112,92,92,0,112,112,92,92,0,0.03192756730998332,0.03686306545491678,90,91,1,3,2,2,4,22,83,9,38
133,96,712,68,100,32,104,114,66,72,6,104,114,79,79,0,0.008441403723748256,0.03951802307770857,62,96,34,2,3,3,9,13,26,24,2
134,180,386,86,97,11,102,102,64,64,0,102,102,72,72,0,0.019367575479083698,0.019946220089179345,84,84,0,3,3,3,7,17,24,6,74
135,80,80,68,68,0,60,60,55,55,0,60,60,60,60,0,0.008135062459579971,0.008135062459579971,66,66,0,-1,3,3,5,13,70,24,59
136,260,460,96,100,4,168,168,97,97,0,168,168,97,97,0,0.02641342455495422,0.03002144388849178,90,91,1,3,2,2,6,19,59,15,38
137,22,638,38,100,62,52,66,35,39,4,22,42,38,51,13,0.001055175465468532,0.005003573981415297,36,52,16,2,3,3,9,2,29,74,73
138,78,78,63,63,0,94,94,70,70,0,78,78,68,68,0,0.009394465434494027,0.009394465434494027,69,69,0,-1,2,2,5,7,37,62,40
139,28,28,47,47,0,46,46,43,43,0,28,28,47,47,0,0.0026889955410327104,0.0026889955410327104,48,48,0,-1,3,3,6,6,65,70,59
140,2,208,27,96,69,4,8,29,32,3,2,8,27,37,10,0.00010211375472276115,0.007147962830593281,29,63,34,3,5,4,2,1,99,65,14
141,0,206,1,94,93,0,14,1,31,30,0,14,1,40,39,0.0,0.005922597773920147,1,55,54,3,-1,4,3,0,96,93,44
142,0,101,1,74,73,0,6,1,25,24,0,1,1,25,24,0.0,6.807583648184077e-05,1,27,26,5,-1,6,6,0,74,76,95
143,12,628,33,100,67,52,78,35,38,3,12,60,33,54,21,0.0004084550188910446,0.008373327887266415,35,61,26,2,4,3,12,2,2,63,17
144,0,0,1,1,0,0,0,1,1,0,0,0,1,1,0,0.0,0.0,1,1,0,-1,-1,-1,4,0,73,89,96
145,6,6,32,32,0,18,18,32,32,0,6,6,32,32,0,0.00037441710065012424,0.00037441710065012424,34,34,0,-1,4,4,5,1,45,4,97
146,2,208,27,92,65,4,18,27,37,10,2,18,27,46,19,3.4037918240920386e-05,0.006603356138738555,29,59,30,3,5,4,3,1,85,78,25
147,96,302,80,100,20,32,32,71,71,0,32,32,71,71,0,0.018040096667687803,0.026039007454304094,80,91,11,3,3,3,2,18,99,30,14
148,16,117,31,79,48,144,144,63,63,0,16,17,31,39,8,0.003948398515946765,0.003948398515946765,53,53,0,5,3,3,14,1,25,90,78
149,443,1059,100,100,0,200,200,100,100,0,200,200,100,100,0,0.045304469178665034,0.04979747438646653,96,97,1,2,2,2,5,29,61,1,29
150,116,322,81,99,18,104,104,86,86,0,104,104,87,87,0,0.0176997174852786,0.021954457265393648,80,83,3,3,2,2,5,8,49,20,72
151,2,2,26,26,0,6,6,26,26,0,2,2,26,26,0,6.807583648184077e-05,6.807583648184077e-05,28,28,0,-1,5,5,5,1,80,78,86
152,40,40,47,47,0,144,144,61,61,0,40,40,47,47,0,0.0030974505599237552,0.0030974505599237552,48,48,0,-1,2,2,10,1,0,53,50
153,116,1756,76,100,24,176,220,74,85,11,116,220,76,87,11,0.009292351679771264,0.029408761360155213,66,88,22,1,2,2,12,7,2,48,37
154,0,616,1,100,99,0,30,1,35,34,0,24,1,47,46,0.0,0.003642057251778481,1,51,50,2,-1,3,6,0,74,82,54
155,36,242,50,91,41,78,78,44,44,0,36,40,50,50,0,0.004561081044283332,0.006603356138738555,54,59,5,3,3,3,8,6,10,73,46
156,254,460,94,99,5,176,176,85,85,0,176,176,89,89,0,0.025834779944858572,0.02906838217774601,87,88,1,3,2,2,8,15,30,16,47
157,98,714,74,100,26,48,48,65,65,0,48,48,68,68,0,0.012662105585622384,0.029476837196637053,77,91,14,2,3,3,3,9,66,27,30
158,205,821,92,100,8,136,136,98,98,0,136,136,98,98,0,0.03158718812757412,0.049048640185166276,91,96,5,2,2,2,4,15,77,16,9
159,397,597,100,100,0,136,136,100,100,0,136,136,100,100,0,0.05384798665713605,0.057149664726505324,97,97,0,3,2,2,4,36,73,2,28
160,18,118,40,74,34,60,60,38,38,0,18,18,40,40,0,0.0002382654276864427,0.00037441710065012424,34,35,1,4,3,3,9,2,28,56,4
161,364,364,99,99,0,176,176,87,87,0,176,176,91,91,0,0.03475271452397971,0.03475271452397971,92,92,0,-1,2,2,8,30,39,7,66
162,80,286,73,100,27,32,32,69,69,0,32,32,69,69,0,0.011811157629599374,0.016338200755641786,73,80,7,3,3,3,2,13,90,33,57
163,6,6,29,29,0,32,32,32,32,0,6,6,29,29,0,0.00017018959120460194,0.00017018959120460194,32,32,0,-1,4,4,10,1,1,60,69
164,24,640,48,100,52,38,48,51,62,11,24,48,48,63,15,0.0026209197045508697,0.006058749446883829,49,60,11,2,3,3,3,3,82,54,64
165,72,1712,69,100,31,56,80,86,96,10,56,80,86,96,10,0.02658361414615882,0.08689880526906975,89,99,10,1,2,2,2,6,95,35,16
166,100,100,63,63,0,100,100,47,47,0,100,100,63,63,0,0.016610504101569147,0.016610504101569147,81,81,0,-1,1,1,10,2,36,58,98
167,16,1656,34,100,66,122,166,62,71,9,16,166,34,84,50,0.0018040096667687805,0.02307770856734402,41,83,42,1,3,2,12,1,2,53,18
168,208,824,88,100,12,306,306,90,90,0,208,224,88,91,3,0.014840532353041287,0.016882807447496512,75,77,2,2,2,2,15,8,7,20,46
169,135,751,84,100,16,200,200,74,74,0,135,151,84,87,3,0.008747744987916539,0.010892133837094524,67,70,3,2,2,2,12,8,6,57,53
170,62,1702,54,100,46,102,146,64,78,14,62,146,54,86,32,0.003982436434187685,0.03533135913407536,52,93,41,1,2,2,8,6,30,70,10
171,38,244,50,92,42,120,120,62,62,0,38,71,50,55,5,0.003267640151128357,0.008169100377820893,49,64,15,3,3,3,10,6,18,70,57
172,0,0,1,1,0,0,0,1,1,0,0,0,1,1,0,0.0,0.0,1,1,0,-1,-1,-1,12,0,3,96,97
173,62,268,54,94,40,92,92,51,51,0,62,92,54,66,12,0.003948398515946765,0.012253650566731339,51,75,24,3,2,2,8,3,30,54,32
174,40,40,49,49,0,74,74,59,59,0,40,40,49,49,0,0.0057524081827155455,0.0057524081827155455,54,54,0,-1,2,2,5,3,50,46,82
175,72,278,70,99,29,38,38,51,51,0,38,38,54,54,0,0.01153885428367201,0.029578950951359814,71,94,23,3,3,3,3,8,94,17,0
176,1,617,26,100,74,3,28,26,44,18,1,28,26,48,22,0.0,0.015419176963136935,1,81,80,2,6,3,3,2,60,58,5
177,6,622,29,100,71,28,56,33,44,11,6,56,29,52,23,0.0006126825283365669,0.01334286395044079,37,74,37,2,4,3,6,2,59,42,19
178,199,815,93,100,7,96,96,95,95,0,96,96,95,95,0,0.033084856530174615,0.038258620102794516,91,93,2,2,2,2,3,15,55,16,72
179,120,120,76,76,0,174,174,72,72,0,120,120,76,76,0,0.006943735321147759,0.006943735321147759,58,58,0,-1,2,2,10,6,0,13,69
180,0,0,1,1,0,0,0,1,1,0,0,0,1,1,0,0.0,0.0,1,1,0,-1,-1,-1,5,0,45,59,99
181,100,100,76,76,0,100,100,90,90,0,100,100,90,90,0,0.04595118962524252,0.06627182681507199,95,99,4,2,1,1,4,6,72,34,16
182,276,276,92,92,0,286,286,88,88,0,276,276,92,92,0,0.024234997787535316,0.024234997787535316,88,88,0,-1,2,2,14,16,25,18,92
183,62,62,54,54,0,102,102,64,64,0,62,62,54,54,0,0.003982436434187685,0.003982436434187685,52,52,0,-1,2,2,8,6,30,70,92
184,406,508,97,100,3,256,256,95,95,0,256,256,95,95,0,0.03492290411518432,0.03509309370638892,95,95,0,4,2,2,10,29,18,0,55
185,54,260,65,97,32,48,48,68,68,0,48,48,69,69,0,0.007454304094761564,0.010211375472276116,67,72,5,3,3,3,3,7,81,62,35
186,0,616,1,99,98,0,52,1,34,33,0,18,1,40,39,0.0,0.0015317063208414173,1,41,40,2,-1,3,11,0,33,76,61
187,0,616,1,100,99,0,44,1,38,37,0,29,1,46,45,0.0,0.005105687736138058,1,54,53,2,-1,3,9,0,26,76,35
188,34,1674,43,100,57,124,188,58,69,11,34,188,43,90,47,0.0011913271384322134,0.034990979951666154,39,93,54,1,3,2,14,4,8,64,11
189,39,141,55,87,32,44,44,50,50,0,39,44,56,56,0,0.004663194799006093,0.004935498144933456,55,55,0,4,3,3,4,4,84,22,63
190,12,12,35,35,0,18,18,36,36,0,12,12,35,35,0,0.002212464685659825,0.002212464685659825,46,46,0,-1,4,4,3,2,82,75,79
191,100,100,64,64,0,100,100,59,59,0,100,100,64,64,0,0.03880322679464924,0.041219918989754585,94,95,1,3,1,1,6,8,40,20,41
192,135,341,83,96,13,140,140,84,84,0,135,140,87,88,1,0.009122162088566664,0.014364001497668403,65,78,13,3,2,2,7,8,46,57,31
193,0,616,1,100,99,0,38,1,58,57,0,38,1,61,60,0.0,0.02746860002042275,1,87,86,2,-1,3,3,0,92,76,11
194,54,54,49,49,0,196,196,71,71,0,54,54,49,49,0,0.004833384390210695,0.004833384390210695,55,55,0,-1,3,3,16,4,4,22,80
195,182,388,95,100,5,32,32,63,63,0,32,32,64,64,0,0.028455699649409444,0.03158718812757412,91,94,3,3,3,3,2,22,86,9,35
196,307,513,98,100,2,112,112,93,93,0,112,112,93,93,0,0.03625038292658021,0.04142414649920011,93,94,1,3,2,2,4,29,47,0,34
197,28,644,49,100,51,72,82,49,55,6,28,82,49,64,15,0.0012253650566731338,0.01065386840940808,40,69,29,2,3,3,7,4,62,64,33
198,0,101,1,77,76,0,5,1,25,24,0,1,1,25,24,0.0,6.807583648184077e-05,1,27,26,5,-1,6,5,0,37,66,95
199,84,185,74,93,19,22,22,48,48,0,22,22,51,51,0,0.011130399264780965,0.011130399264780965,71,71,0,6,3,3,2,9,95,27,78
200,44,146,60,88,28,12,12,37,37,0,12,12,41,41,0,0.009156200006807584,0.011062323428299126,69,71,2,4,4,4,2,8,89,8,29
201,0,0,1,1,0,0,0,1,1,0,0,0,1,1,0,0.0,0.0,1,1,0,-1,-1,-1,4,0,73,92,86
202,54,54,65,65,0,38,38,61,61,0,38,38,63,63,0,0.006501242384015794,0.006501242384015794,63,63,0,-1,3,3,3,4,81,38,98
203,0,0,1,1,0,0,0,1,1,0,0,0,1,1,0,0.0,0.0,1,1,0,-1,-1,-1,2,0,93,81,50
204,270,476,100,100,0,56,56,88,88,0,56,56,88,88,0,0.049593246877021,0.05820484019197386,98,98,0,3,2,2,2,36,93,2,19
205,2,208,26,91,65,17,32,26,27,1,2,8,26,31,5,6.807583648184077e-05,0.0006467204465774873,26,35,9,3,5,4,16,1,4,78,51
206,144,144,85,85,0,208,208,90,90,0,144,144,86,86,0,0.010892133837094524,0.010892133837094524,72,72,0,-1,2,2,10,7,1,21,93
207,220,220,93,93,0,168,168,98,98,0,168,168,98,98,0,0.02474556656114912,0.02474556656114912,87,87,0,-1,2,2,6,18,65,30,99
208,18,18,41,41,0,42,42,40,40,0,18,18,41,41,0,0.0006126825283365669,0.0006126825283365669,35,35,0,-1,3,3,6,2,48,63,66
209,122,224,81,91,10,80,80,59,59,0,80,80,63,63,0,0.017427414139351238,0.017495489975833077,82,82,0,4,3,3,5,12,61,37,95
210,0,206,1,93,92,0,9,1,31,30,0,6,1,31,30,0.0,0.0005105687736138058,1,35,34,3,-1,4,3,0,58,92,42
211,100,100,62,62,0,100,100,45,45,0,100,100,62,62,0,0.022124646856598252,0.022124646856598252,82,82,0,-1,1,1,12,8,3,44,87
212,2,2,27,27,0,4,4,27,27,0,2,2,27,27,0,6.807583648184077e-05,6.807583648184077e-05,27,27,0,-1,5,5,3,1,92,55,59
213,0,616,1,100,99,0,40,1,39,38,0,40,1,49,48,0.0,0.01058579257292624,1,72,71,2,-1,3,5,0,52,82,33
214,0,616,1,100,99,0,86,1,34,33,0,44,1,51,50,0.0,0.005922597773920147,1,55,54,2,-1,3,14,0,16,91,48
215,12,12,37,37,0,18,18,36,36,0,12,12,37,37,0,0.0013274788113958951,0.0013274788113958951,42,42,0,-1,4,4,3,3,75,51,36
216,6,6,31,31,0,22,22,34,34,0,6,6,31,31,0,0.0004765308553728854,0.0004765308553728854,35,35,0,-1,4,4,5,2,37,42,45
217,0,0,1,1,0,0,0,1,1,0,0,0,1,1,0,0.0,0.0,1,1,0,-1,-1,-1,9,0,31,67,59
218,22,22,45,45,0,40,40,43,43,0,22,22,45,45,0,0.0030293747234419145,0.0030293747234419145,49,49,0,-1,3,3,5,2,49,83,40
219,0,0,1,1,0,0,0,1,1,0,0,0,1,1,0,0.0,0.0,1,1,0,-1,-1,-1,3,0,76,91,79
220,40,656,47,100,53,45,63,39,43,4,40,56,47,53,6,0.006977773239388679,0.008543517478471017,56,65,9,2,2,2,6,1,51,78,4
221,24,640,45,100,55,80,84,45,45,0,24,84,45,63,18,0.0023486163586235067,0.011845195547840293,45,70,25,2,3,3,9,3,26,54,39
222,91,1731,76,100,24,38,62,59,81,22,38,62,62,81,19,0.015317063208414174,0.05905578814799687,78,99,21,1,3,2,3,12,92,37,30
223,73,689,62,100,38,144,144,72,72,0,73,144,62,80,18,0.005684332346233704,0.01412573606998196,57,74,17,2,2,2,10,4,12,22,19
224,278,894,96,100,4,224,224,98,98,0,224,224,98,98,0,0.027264372510977228,0.04261547363763232,88,96,8,2,2,2,8,15,10,16,15
225,56,672,59,100,41,96,96,61,61,0,56,96,59,68,9,0.008577555396711936,0.018244324177133328,66,84,18,2,3,3,6,5,48,25,32
226,54,54,53,53,0,114,114,64,64,0,54,54,53,53,0,0.006603356138738555,0.006603356138738555,59,59,0,-1,2,2,10,6,1,73,87
227,40,656,51,100,49,92,112,51,65,14,40,112,51,78,27,0.0053099152455835805,0.021069471391129718,56,84,28,2,2,2,8,1,30,90,16
228,78,694,63,100,37,56,66,49,53,4,56,66,58,61,3,0.010619830491167161,0.015589366554341537,69,77,8,2,3,3,6,8,69,8,28
229,18,618,48,100,52,22,22,55,55,0,18,22,54,56,2,0.002552843868069029,0.020763130126961436,49,85,36,2,3,3,2,2,97,52,16
230,8,624,37,100,63,10,28,32,45,13,8,28,37,50,13,0.0004765308553728854,0.01664454201981007,36,82,46,2,4,3,3,2,85,56,16
231,52,668,56,100,44,44,54,49,52,3,44,54,55,56,1,0.008577555396711936,0.025970931617822254,66,86,20,2,3,3,4,6,79,34,30
232,0,206,1,89,88,0,36,1,33,32,0,30,1,45,44,0.0,0.004118588107151367,1,52,51,3,-1,4,6,0,40,66,26
233,32,648,51,100,49,54,64,52,59,7,32,64,51,62,11,0.004356853534837809,0.025256135334762925,54,87,33,2,3,3,4,3,83,29,0
234,18,18,41,41,0,44,44,36,36,0,18,18,41,41,0,0.00030634126416828345,0.00030634126416828345,34,34,0,-1,3,3,7,2,24,56,82
235,82,82,72,72,0,72,72,80,80,0,72,72,80,80,0,0.011981347220803976,0.011981347220803976,75,75,0,-1,2,2,3,7,66,48,76
236,88,294,61,93,32,196,196,77,77,0,88,94,61,61,0,0.008373327887266415,0.010143299635794275,66,71,5,3,2,2,12,7,3,62,46
237,174,774,87,100,13,196,196,94,94,0,174,196,91,94,3,0.014908608189523128,0.02559651451717213,75,87,12,2,2,2,9,8,23,17,5
238,0,1640,1,100,99,0,66,1,52,51,0,58,1,59,58,0.0,0.02049082678103407,1,81,80,1,-1,2,6,0,69,87,26
239,120,326,81,94,13,118,118,91,91,0,118,118,91,91,0,0.01320671227747711,0.01851662752306069,75,83,8,3,2,2,5,7,80,48,24
240,80,696,59,100,41,128,138,72,77,5,80,138,59,83,24,0.009088124170325743,0.021716191837707205,69,84,15,2,2,2,9,6,35,34,30
241,2,104,27,83,56,4,4,29,29,0,2,4,27,30,3,0.00010211375472276115,0.0006807583648184077,29,35,6,4,5,5,2,1,99,65,43
242,22,22,43,43,0,58,58,39,39,0,22,22,43,43,0,0.002484768031587188,0.002484768031587188,47,47,0,-1,3,3,8,2,30,75,50
243,210,410,91,98,7,128,128,93,93,0,128,128,93,93,0,0.026175159127267776,0.027945130875795636,87,87,0,3,2,2,5,15,80,16,41
244,16,632,34,100,66,116,120,56,57,1,16,62,34,53,19,0.0013274788113958951,0.005854521937438306,38,56,18,2,3,3,14,1,16,71,13
245,100,100,70,70,0,100,100,73,73,0,100,100,74,74,0,0.028489737567650362,0.03264236359304265,91,94,3,2,1,1,6,6,71,70,64
246,0,0,1,1,0,0,0,1,1,0,0,0,1,1,0,0.0,0.0,1,1,0,-1,-1,-1,8,0,30,76,85
247,200,300,89,97,8,254,254,90,90,0,200,202,89,89,0,0.01606589740971442,0.01664454201981007,76,79,3,4,2,2,12,13,14,33,51
248,0,0,1,1,0,0,0,1,1,0,0,0,1,1,0,0.0,0.0,1,1,0,-1,-1,-1,6,1,40,45,50
249,174,774,90,100,10,190,190,93,93,0,190,190,94,94,0,0.01950372715204738,0.02757071377514551,82,88,6,2,2,2,8,12,39,37,17
250,18,18,46,46,0,18,18,35,35,0,18,18,46,46,0,0.002110350930937064,0.002110350930937064,43,43,0,-1,4,4,3,6,94,70,98
251,54,155,59,85,26,70,70,59,59,0,54,55,59,60,1,0.007760645358929848,0.00793083495013445,63,63,0,5,3,3,5,4,80,72,60
252,100,100,63,63,0,100,100,47,47,0,100,100,63,63,0,0.03774805132918071,0.057762347254841896,94,99,5,2,1,1,10,18,36,30,7
253,36,242,51,95,44,50,50,45,45,0,35,50,51,55,4,0.0035739814152966403,0.009394465434494027,51,70,19,3,3,3,5,6,45,41,31
254,14,220,47,97,50,12,12,35,35,0,12,12,43,43,0,0.0019061234214915416,0.011913271384322134,46,72,26,3,4,4,2,3,86,54,33
255,0,206,1,95,94,0,12,1,40,39,0,8,1,37,36,0.0,0.0018380475850097008,1,43,42,3,-1,4,2,0,95,80,63
256,413,413,98,98,0,168,168,95,95,0,168,168,95,95,0,0.03791824092038531,0.03791824092038531,94,94,0,-1,2,2,6,29,41,1,81
257,16,632,37,100,63,30,48,35,44,9,16,48,37,54,17,0.0006467204465774873,0.007216038667075122,36,63,27,2,3,3,6,1,48,88,21
258,34,136,55,88,33,32,32,69,69,0,32,32,69,69,0,0.003880322679464924,0.006569318220497634,53,61,8,4,3,3,2,3,93,54,73
259,0,616,1,100,99,0,18,1,46,45,0,18,1,48,47,0.0,0.01334286395044079,1,74,73,2,-1,3,2,1,99,45,5
260,0,616,1,100,99,0,40,1,39,38,0,40,1,48,47,0.0,0.015555328636100617,1,78,77,2,-1,3,5,0,50,80,23
261,0,206,1,91,90,0,20,1,33,32,0,8,1,37,36,0.0,0.002995336805200994,1,49,48,3,-1,4,4,0,84,40,29
262,16,16,38,38,0,46,46,42,42,0,16,16,38,38,0,0.0017359338302869397,0.0017359338302869397,44,44,0,-1,3,3,6,1,74,53,84
263,104,310,75,96,21,220,220,73,73,0,104,110,75,76,1,0.007113924912352361,0.008203138296061813,60,62,2,3,2,2,16,6,4,26,61
264,56,56,63,63,0,38,38,56,56,0,38,38,57,57,0,0.007590455767725246,0.007590455767725246,64,64,0,-1,3,3,3,7,60,21,87
265,2,2,28,28,0,4,4,29,29,0,2,2,28,28,0,0.00017018959120460194,0.00017018959120460194,32,32,0,-1,5,5,2,1,86,4,92
266,56,672,50,100,50,174,184,67,70,3,56,118,50,75,25,0.0018380475850097008,0.00796487286837537,43,61,18,2,2,2,15,2,7,61,24
267,100,100,67,67,0,100,100,57,57,0,100,100,67,67,0,0.051533408216753465,0.051703597807958065,98,98,0,4,1,1,8,29,21,1,88
268,0,206,1,88,87,0,40,1,31,30,0,8,1,31,30,0.0,0.001599782157323258,1,40,39,3,-1,4,17,0,20,66,83
269,64,64,59,59,0,134,134,69,69,0,64,64,59,59,0,0.006977773239388679,0.006977773239388679,61,61,0,-1,3,3,9,7,54,62,59
270,128,334,86,100,14,56,56,80,80,0,56,56,81,81,0,0.01861874127778345,0.02733244834745907,83,90,7,3,2,2,2,14,91,32,27
271,16,118,41,80,39,40,40,44,44,0,16,18,41,47,6,0.002552843868069029,0.0034718676605738795,46,49,3,4,3,3,5,2,70,94,51
272,0,0,1,1,0,0,0,1,1,0,0,0,1,1,0,0.0,0.0,1,1,0,-1,-1,-1,10,1,1,50,59
273,0,206,1,91,90,0,22,1,33,32,0,22,1,44,43,0.0,0.007386228258279724,1,63,62,3,-1,4,7,0,62,36,8
274,60,676,65,100,35,48,48,70,70,0,48,48,72,72,0,0.005548180673270023,0.0195377650702883,55,81,26,2,3,3,3,5,94,47,39
275,126,742,82,100,18,180,180,80,80,0,126,142,82,85,3,0.013444977705163553,0.014704380680077607,74,76,2,2,2,2,11,8,38,17,42
276,0,0,1,1,0,0,0,1,1,0,0,0,1,1,0,0.0,0.0,1,1,0,-1,-1,-1,9,0,23,85,66
277,100,100,67,67,0,100,100,57,57,0,100,100,67,67,0,0.04309200449300521,0.04312604241124613,97,97,0,4,1,1,8,16,21,18,60
278,0,206,1,90,89,0,36,1,32,31,0,25,1,45,44,0.0,0.004663194799006093,1,54,53,3,-1,4,8,0,39,93,57
279,66,272,65,97,32,28,28,48,48,0,28,28,54,54,0,0.005173763572619898,0.009292351679771264,56,67,11,3,3,3,3,6,55,28,62
280,132,732,86,100,14,32,32,63,63,0,32,32,64,64,0,0.018959120460192654,0.03386772864971578,84,95,11,2,3,3,2,18,86,30,18
281,12,628,37,100,63,20,34,32,39,7,12,34,37,49,12,0.0010211375472276116,0.00789679703189353,40,62,22,2,4,3,6,3,69,51,31
282,0,616,1,100,99,0,56,1,45,44,0,56,1,57,56,0.0,0.01695088328397835,1,79,78,2,-1,3,6,0,74,40,23
283,226,226,92,92,0,230,230,89,89,0,230,230,92,92,0,0.019912182170938427,0.019912182170938427,79,79,0,-1,2,2,12,18,3,30,76
284,0,206,1,90,89,0,29,1,28,27,0,8,1,31,30,0.0,0.00088498587426393,1,37,36,3,-1,4,14,0,8,98,51
285,163,163,85,85,0,136,136,81,81,0,136,136,82,82,0,0.01681473161101467,0.01681473161101467,79,79,0,-1,2,2,7,15,43,19,97
286,0,206,1,88,87,0,26,1,31,30,0,6,1,28,27,0.0,0.0006807583648184077,1,35,34,3,-1,4,8,0,15,89,42
287,28,1668,42,100,58,104,188,55,69,14,28,188,42,89,47,0.00176997174852786,0.03213179481942884,42,93,51,1,3,2,14,3,8,54,11
288,112,318,80,95,15,252,252,85,85,0,112,118,80,82,2,0.007420266176520644,0.007862759113652609,61,62,1,3,2,2,14,4,17,72,49
289,0,206,1,92,91,0,32,1,34,33,0,22,1,41,40,0.0,0.0035739814152966403,1,50,49,3,-1,4,6,0,65,79,47
290,112,318,75,96,21,150,150,85,85,0,112,150,77,88,11,0.010687906327649,0.017223186629905716,72,82,10,3,2,2,7,4,46,38,8
291,100,100,81,81,0,100,100,98,98,0,100,100,98,98,0,0.07835528779059872,0.08009122162088567,99,99,0,3,1,1,2,2,99,94,55
292,0,616,1,100,99,0,26,1,42,41,0,24,1,51,50,0.0,0.004152626025392287,1,53,52,2,-1,3,4,0,47,76,41
293,40,142,44,84,40,128,128,59,59,0,40,42,44,47,3,0.0019741992579733825,0.0022465026039007454,43,45,2,4,2,2,14,1,8,71,88
294,0,616,1,100,99,0,18,1,47,46,0,18,1,48,47,0.0,0.011368664692467409,1,71,70,2,-1,3,2,0,93,87,24
295,18,18,40,40,0,86,86,35,35,0,18,18,40,40,0,0.0007147962830593281,0.0007147962830593281,35,35,0,-1,3,3,14,2,16,56,80
296,0,206,1,92,91,0,24,1,39,38,0,24,1,52,51,0.0,0.006603356138738555,1,60,59,3,-1,4,4,0,78,82,24
297,373,373,98,98,0,232,232,91,91,0,232,232,93,93,0,0.0339017665679567,0.0339017665679567,93,93,0,-1,2,2,10,29,22,11,87
298,6,6,32,32,0,18,18,32,32,0,6,6,32,32,0,0.00037441710065012424,0.00037441710065012424,34,34,0,-1,4,4,5,1,45,4,40
299,158,364,82,96,14,212,212,91,91,0,158,170,83,83,0,0.009360427516253106,0.012117498893767658,68,72,4,3,2,2,10,6,12,13,29
300,140,756,84,100,16,54,54,56,56,0,54,54,57,57,0,0.014261887742945642,0.028421661731168522,76,91,15,2,3,3,4,15,67,19,23
301,0,616,1,100,99,0,64,1,42,41,0,64,1,57,56,0.0,0.014738418598318526,1,75,74,2,-1,3,9,0,26,66,15
302,38,238,49,93,44,74,74,42,42,0,38,47,49,53,4,0.002757071377514551,0.005003573981415297,45,53,8,3,3,3,9,3,23,54,41
303,16,16,35,35,0,106,106,58,58,0,16,16,35,35,0,0.003369753905851118,0.003369753905851118,51,51,0,-1,3,3,11,1,5,90,45
304,88,294,61,95,34,158,158,82,82,0,88,97,61,66,5,0.007658531604207087,0.008271214132543654,61,63,2,3,2,2,9,4,35,72,64
305,22,124,49,82,33,34,34,45,45,0,22,24,49,50,1,0.0028932230504782326,0.003437829742332959,49,51,2,4,3,3,4,2,84,75,42
306,0,0,1,1,0,0,0,1,1,0,0,0,1,1,0,0.0,0.0,1,1,0,-1,-1,-1,8,0,21,66,85
307,0,206,1,89,88,0,42,1,38,37,0,32,1,46,45,0.0,0.008271214132543654,1,64,63,3,-1,4,9,0,26,76,8
308,52,668,53,100,47,80,110,54,71,17,52,110,53,75,22,0.004322815616596889,0.025085945743558324,54,87,33,2,2,2,6,3,40,43,0
309,182,388,91,99,8,118,118,93,93,0,118,118,93,93,0,0.023996732359848873,0.026992069165049867,85,89,4,3,2,2,5,18,49,30,22
310,98,200,68,91,23,66,66,50,50,0,66,66,61,61,0,0.011096361346540046,0.011368664692467409,71,71,0,4,3,3,6,8,56,8,88
311,2,2,26,26,0,13,13,26,26,0,2,2,26,26,0,6.807583648184077e-05,6.807583648184077e-05,28,28,0,-1,5,5,12,1,6,78,69
312,58,58,52,52,0,106,106,67,67,0,58,58,52,52,0,0.004186663943633207,0.004186663943633207,52,52,0,-1,2,2,7,6,46,70,96
313,68,274,68,98,30,52,52,78,78,0,52,52,80,80,0,0.011606930120153852,0.019469689233806462,70,84,14,3,2,2,3,4,85,38,77
314,120,221,75,87,12,200,200,78,78,0,120,121,75,75,0,0.01065386840940808,0.01065386840940808,69,69,0,5,2,2,11,6,5,77,58
315,22,22,49,49,0,22,22,47,47,0,22,22,52,52,0,0.002144388849177984,0.002144388849177984,45,45,0,-1,3,3,2,2,89,52,96
316,28,28,46,46,0,86,86,42,42,0,28,28,46,46,0,0.0016678579938050988,0.0016678579938050988,43,43,0,-1,3,3,10,3,1,54,67
317,506,506,98,98,0,440,440,100,100,0,440,440,100,100,0,0.037679975492698865,0.037679975492698865,96,96,0,-1,2,2,14,22,16,9,87
318,94,94,61,61,0,174,174,78,78,0,94,94,61,61,0,0.007794683277170768,0.007794683277170768,62,62,0,-1,2,2,10,6,11,26,67
319,0,206,1,91,90,0,30,1,31,30,0,6,1,27,26,0.0,0.002723033459273631,1,45,44,3,-1,4,9,0,31,80,90
320,54,54,55,55,0,64,64,60,60,0,54,54,55,55,0,0.007590455767725246,0.007590455767725246,61,61,0,-1,3,3,4,4,83,72,59
321,0,0,1,1,0,0,0,1,1,0,0,0,1,1,0,0.0,0.0,1,1,0,-1,-1,-1,4,0,73,59,86
322,173,789,87,100,13,230,230,88,88,0,173,189,87,87,0,0.018210286258892407,0.02032063718982947,81,82,1,2,2,2,12,12,14,37,46
323,16,16,34,34,0,40,40,33,33,0,16,16,34,34,0,0.0004084550188910446,0.0004084550188910446,35,35,0,-1,3,3,12,1,3,4,98
324,104,310,78,98,20,198,198,86,86,0,104,110,78,78,0,0.010449640899962559,0.011947309302563056,71,74,3,3,2,2,10,6,1,77,94
325,111,212,83,93,10,64,64,68,68,0,64,64,71,71,0,0.01405766023350012,0.01409169815174104,79,79,0,5,3,3,4,15,72,19,78
326,0,616,1,100,99,0,110,1,60,59,0,110,1,78,77,0.0,0.016916845365737433,1,81,80,2,-1,3,10,1,1,45,16
327,0,0,1,1,0,0,0,1,1,0,0,0,1,1,0,0.0,0.0,1,1,0,-1,-1,-1,5,1,80,69,91
328,77,693,68,100,32,62,62,77,77,0,62,62,78,78,0,0.010858095918853602,0.021137547227611558,67,84,17,2,2,2,3,8,58,57,32
329,0,206,1,90,89,0,30,1,34,33,0,18,1,40,39,0.0,0.00353994349705572,1,49,48,3,-1,4,7,0,43,76,26
330,0,616,1,100,99,0,40,1,37,36,0,16,1,39,38,0.0,0.0027911092957554717,1,45,44,2,-1,3,9,1,26,45,46
331,0,206,1,88,87,0,32,1,33,32,0,8,1,34,33,0.0,0.001599782157323258,1,41,40,3,-1,4,8,0,15,92,52
332,0,1640,1,100,99,0,140,1,65,64,0,140,1,80,79,0.0,0.03247217400183805,1,93,92,1,-1,2,11,1,19,69,1
333,37,139,53,87,34,22,22,42,42,0,22,22,45,45,0,0.005037611899656217,0.005412029000306341,55,55,0,4,3,3,2,6,91,35,42
334,88,88,61,61,0,164,164,74,74,0,88,88,61,61,0,0.007726607440688927,0.007726607440688927,63,63,0,-1,2,2,10,4,1,72,87
335,26,642,48,100,52,56,66,46,53,7,26,66,48,59,11,0.004765308553728854,0.017087034956942034,55,79,24,2,3,3,6,6,74,73,5
336,6,1646,29,100,71,24,144,29,68,39,6,144,29,85,56,0.0002723033459273631,0.032914666938970015,33,89,56,1,4,2,10,1,1,55,11
337,0,101,1,74,73,0,6,1,24,23,0,1,1,24,23,0.0,6.807583648184077e-05,1,26,25,6,-1,7,6,1,59,69,58
338,6,108,31,78,47,22,22,34,34,0,6,10,31,35,4,0.0009870996289866913,0.0013955546478777359,38,41,3,4,4,4,5,2,70,42,63
339,206,1846,90,100,10,244,278,89,96,7,206,278,90,96,6,0.012594029749140543,0.031246808945164913,72,92,20,1,2,2,12,9,14,31,19
340,266,882,96,100,4,256,256,97,97,0,256,256,97,97,0,0.024507301133462677,0.02920453385070969,87,88,1,2,2,2,10,16,36,18,44
341,0,616,1,100,99,0,49,1,33,32,0,23,1,42,41,0.0,0.0020082371762143027,1,43,42,2,-1,3,16,0,9,92,64
342,0,206,1,91,90,0,20,1,34,33,0,6,1,29,28,0.0,0.0013955546478777359,1,42,41,3,-1,4,4,0,83,96,53
343,100,100,66,66,0,100,100,43,43,0,100,100,66,66,0,0.019844106334456584,0.0333911977943429,82,91,9,2,1,1,11,6,33,28,6
344,168,784,89,100,11,110,120,80,84,4,110,120,83,84,1,0.013989584397018279,0.045644848361074235,77,95,18,2,2,2,6,14,48,32,2
345,292,908,95,100,5,272,272,95,95,0,272,272,95,95,0,0.023418087749753225,0.04452159705912386,88,95,7,2,2,2,11,15,19,16,10
346,101,717,71,100,29,126,136,69,76,7,101,136,71,82,11,0.008713707069675619,0.02733244834745907,63,89,26,2,2,2,7,8,24,57,15
347,110,110,77,77,0,138,138,71,71,0,110,110,77,77,0,0.007862759113652609,0.007862759113652609,64,64,0,-1,2,2,9,6,54,13,87
348,0,616,1,100,99,0,126,1,62,61,0,126,1,81,80,0.0,0.020524864699274992,1,82,81,2,-1,3,11,0,38,96,9
349,240,840,95,100,5,72,72,77,77,0,72,72,77,77,0,0.03223390857415161,0.04615541713468804,92,95,3,2,2,2,3,22,64,9,6
350,6,212,27,86,59,21,43,28,29,1,6,21,27,39,12,0.00010211375472276115,0.0025188059498281084,28,47,19,3,4,4,14,2,25,58,73
351,430,1046,97,100,3,320,320,92,92,0,320,320,95,95,0,0.032029681064706085,0.036794989618434935,92,95,3,2,2,2,14,27,16,10,72
352,34,650,54,100,46,38,38,57,57,0,38,38,59,59,0,0.005820484019197386,0.03332312195786106,58,92,34,2,3,3,3,7,55,62,3
353,258,258,95,95,0,198,198,83,83,0,198,198,91,91,0,0.019265461724360937,0.019265461724360937,83,83,0,-1,2,2,10,16,0,12,66
354,8,110,40,86,46,8,8,34,34,0,8,8,40,40,0,0.0011232513019503727,0.005173763572619898,41,56,15,4,4,4,2,3,93,51,57
355,6,108,33,86,53,8,8,33,33,0,6,8,33,37,4,0.00017018959120460194,0.004629156880765172,31,55,24,4,4,4,2,1,90,4,31
356,46,662,51,100,49,84,94,59,61,2,46,70,51,56,5,0.003369753905851118,0.006535280302256714,50,56,6,2,2,2,5,2,52,61,54
357,213,213,93,93,0,182,182,91,91,0,182,182,92,92,0,0.024200959869294394,0.024200959869294394,87,87,0,-1,2,2,9,20,35,23,89
358,50,50,52,52,0,134,134,62,62,0,44,44,49,49,0,0.0035059055788147996,0.0035059055788147996,51,51,0,-1,3,3,14,6,8,41,89
359,6,108,31,75,44,66,66,37,37,0,6,8,31,35,4,0.001055175465468532,0.0012253650566731338,39,39,0,4,4,4,11,1,19,71,4
360,100,100,70,70,0,100,100,53,53,0,100,100,70,70,0,0.032506211920078965,0.03512713162462984,88,90,2,3,1,1,9,14,31,14,35
361,16,16,33,33,0,66,66,44,44,0,16,16,33,33,0,0.0018380475850097008,0.0018380475850097008,42,42,0,-1,3,3,6,1,40,53,67
362,0,0,1,1,0,0,0,1,1,0,0,0,1,1,0,0.0,0.0,1,1,0,-1,-1,-1,2,0,68,96,98
363,0,1640,1,100,99,0,188,1,70,69,0,188,1,85,84,0.0,0.0300554818067327,1,91,90,1,-1,2,14,0,25,92,7
364,0,102,1,81,80,0,8,1,29,28,0,3,1,32,31,0.0,0.0007488342013002485,1,37,36,4,-1,5,4,0,72,97,74
365,136,1776,82,100,18,254,278,90,96,6,136,278,82,96,14,0.009973110044589673,0.036794989618434935,68,93,25,1,2,2,12,4,14,38,9
366,0,0,1,1,0,0,0,1,1,0,0,0,1,1,0,0.0,0.0,1,1,0,-1,-1,-1,10,0,36,87,81
367,40,142,55,85,30,38,38,51,51,0,38,38,54,54,0,0.005616256509751864,0.006637394056979475,59,61,2,4,3,3,3,6,82,26,51
368,132,132,83,83,0,216,216,96,96,0,132,132,83,83,0,0.012900371013308825,0.012900371013308825,74,74,0,-1,2,2,9,5,35,25,36
369,86,187,67,92,25,60,60,53,53,0,60,60,60,60,0,0.008577555396711936,0.008577555396711936,65,65,0,6,3,3,5,13,49,24,68
370,0,616,1,100,99,0,30,1,39,38,0,31,1,47,46,0.0,0.004629156880765172,1,51,50,2,-1,3,6,0,69,93,28
371,12,218,37,93,56,20,28,32,35,3,12,18,37,43,6,0.0010211375472276116,0.003369753905851118,40,48,8,3,4,4,6,3,69,51,46
372,16,222,43,94,51,54,54,62,62,0,16,54,43,67,24,0.005446066918547262,0.007556417849484326,59,65,6,3,3,3,4,1,72,90,41
373,179,779,91,100,9,80,80,65,65,0,80,80,69,69,0,0.01872085503250621,0.027264372510977228,83,88,5,2,3,3,5,18,37,5,33
374,125,226,86,94,8,38,38,57,57,0,38,38,59,59,0,0.019061234214915415,0.019061234214915415,85,85,0,6,3,3,3,16,55,18,68
375,134,340,84,99,15,134,134,96,96,0,134,134,96,96,0,0.013887470642295518,0.01858470335954253,76,79,3,3,2,2,6,6,69,77,21
376,1,207,25,94,69,3,18,25,37,12,1,18,25,46,21,3.4037918240920386e-05,0.005071649817897137,27,55,28,3,6,4,3,2,81,58,62
377,52,1692,53,100,47,92,136,51,70,19,52,136,53,79,26,0.0026889955410327104,0.027911092957554715,48,89,41,1,2,2,8,3,15,43,18
378,0,206,1,88,87,0,48,1,34,33,0,38,1,49,48,0.0,0.007624493685966166,1,62,61,3,-1,4,8,0,15,66,17
379,12,12,35,35,0,46,46,35,35,0,12,12,35,35,0,0.0004765308553728854,0.0004765308553728854,37,37,0,-1,4,4,9,2,28,63,84
380,22,22,41,41,0,44,44,44,44,0,22,22,41,41,0,0.0024166921951053475,0.0024166921951053475,42,42,0,-1,3,3,4,2,67,61,82
381,56,262,62,94,32,54,54,55,55,0,54,54,60,60,0,0.005616256509751864,0.013070560604513427,57,72,15,3,3,3,4,6,84,28,20
382,0,616,1,100,99,0,90,1,44,43,0,90,1,62,61,0.0,0.015283025290173252,1,76,75,2,-1,3,10,0,22,92,23
383,239,839,93,100,7,144,144,94,94,0,144,144,94,94,0,0.027706865448109193,0.034990979951666154,89,95,6,2,2,2,6,15,71,16,31
384,6,622,29,100,71,48,58,35,37,2,6,28,29,46,17,0.0005786446100956465,0.0040845501889104465,35,52,17,2,4,3,8,1,15,49,29
385,16,222,43,94,51,54,54,62,62,0,16,25,43,52,9,0.005446066918547262,0.007250076585316042,59,64,5,3,3,3,4,1,72,90,70
386,0,0,1,1,0,0,0,1,1,0,0,0,1,1,0,0.0,0.0,1,1,0,-1,-1,-1,2,0,93,66,91
387,111,111,82,82,0,72,72,84,84,0,72,72,84,84,0,0.019776030497974745,0.019776030497974745,84,84,0,-1,2,2,3,12,81,37,40
388,32,1672,47,100,53,84,118,47,69,22,32,78,47,56,9,0.002484768031587188,0.0156914803090643,48,77,29,1,3,2,9,2,35,83,52
389,6,212,33,92,59,20,20,35,35,0,6,12,33,39,6,0.0008509479560230097,0.0013615167296368155,38,43,5,3,4,4,4,2,47,42,49
390,6,6,29,29,0,35,35,31,31,0,6,6,29,29,0,0.0002042275094455223,0.0002042275094455223,31,31,0,-1,4,4,15,1,7,65,66
391,78,284,65,95,30,78,78,75,75,0,78,78,76,76,0,0.009870996289866912,0.020558902617515914,69,84,15,3,2,2,4,4,73,72,12
392,0,616,1,100,99,0,136,1,60,59,0,124,1,75,74,0.0,0.019197385887879097,1,84,83,2,-1,3,15,0,7,80,23
393,110,110,77,77,0,90,90,67,67,0,90,90,70,70,0,0.009122162088566664,0.009122162088566664,64,64,0,-1,2,2,6,13,71,24,81
394,138,754,84,100,16,158,158,82,82,0,138,158,84,86,2,0.0158616699002689,0.026889955410327106,77,88,11,2,2,2,9,9,35,39,19
395,0,206,1,92,91,0,18,1,37,36,0,18,1,45,44,0.0,0.014227849824704722,1,77,76,3,-1,4,3,0,76,92,16
396,6,212,32,94,62,10,14,32,36,4,6,12,32,39,7,0.0002382654276864427,0.0025188059498281084,31,46,15,3,4,4,3,1,81,60,94
397,26,642,48,100,52,56,66,46,53,7,26,66,48,59,11,0.004765308553728854,0.01766567956703768,55,79,24,2,3,3,6,6,74,73,19
398,6,212,31,94,63,10,18,31,35,4,6,18,31,44,13,0.00037441710065012424,0.007794683277170768,36,65,29,3,4,4,3,1,66,55,77
399,66,167,62,91,29,54,54,54,54,0,54,54,58,58,0,0.005037611899656217,0.005071649817897137,57,57,0,5,3,3,4,6,47,28,55
400,0,0,1,1,0,0,0,1,1,0,0,0,1,1,0,0.0,0.0,1,1,0,-1,-1,-1,9,1,23,50,66
401,164,780,88,100,12,176,176,91,91,0,176,176,93,93,0,0.020014295925661188,0.024166921951053473,80,87,7,2,2,2,8,12,10,37,28
402,0,616,1,100,99,0,50,1,33,32,0,33,1,47,46,0.0,0.004288777698355968,1,51,50,2,-1,3,10,0,22,76,35
403,422,1038,100,100,0,160,160,93,93,0,160,160,94,94,0,0.048844412675720754,0.05691139929881889,98,98,0,2,2,2,7,36,62,2,77
404,100,100,58,58,0,100,100,38,38,0,100,100,58,58,0,0.011130399264780965,0.011130399264780965,61,61,0,-1,1,1,16,6,9,70,84
405,0,616,1,100,99,0,41,1,33,32,0,16,1,33,32,0.0,0.0024507301133462676,1,48,47,2,-1,3,10,0,11,91,46
406,62,268,66,98,32,32,32,70,70,0,32,32,70,70,0,0.010381565063480718,0.023690391095680587,69,86,17,3,3,3,2,9,95,31,30
407,0,616,1,100,99,0,70,1,37,36,0,52,1,52,51,0.0,0.008577555396711936,1,67,66,2,-1,3,10,0,1,84,20
408,40,656,45,100,55,160,194,65,71,6,40,164,45,81,36,0.0035739814152966403,0.020150447598624867,51,85,34,2,2,2,15,3,7,46,23
409,91,297,63,95,32,144,144,65,65,0,91,104,63,74,11,0.007318152421797883,0.010415602981721638,61,68,7,3,2,2,10,6,18,35,73
410,0,0,1,1,0,0,0,1,1,0,0,0,1,1,0,0.0,0.0,1,1,0,-1,-1,-1,12,0,14,76,97
411,12,218,45,97,52,12,12,35,35,0,12,12,43,43,0,0.0022465026039007454,0.004356853534837809,48,56,8,3,4,4,2,2,86,75,41
412,48,150,56,85,29,64,64,58,58,0,48,50,56,56,0,0.003880322679464924,0.003948398515946765,52,52,0,4,2,2,5,3,80,43,95
413,22,228,41,90,49,78,78,37,37,0,22,28,41,45,4,0.0019061234214915416,0.0021784267674189047,43,44,1,3,3,3,12,2,14,83,88
414,190,390,88,98,10,182,182,89,89,0,182,182,89,89,0,0.016338200755641786,0.017155110793423873,79,80,1,3,2,2,9,14,26,14,52
415,0,0,1,1,0,0,0,1,1,0,0,0,1,1,0,0.0,0.0,1,1,0,-1,-1,-1,9,0,31,86,59
416,24,230,46,95,49,42,42,40,40,0,24,30,46,49,3,0.00176997174852786,0.0029612988869600733,43,51,8,3,3,3,6,3,34,43,53
417,100,100,62,62,0,100,100,48,48,0,100,100,62,62,0,0.06429762755709861,0.07277306919908778,100,100,0,2,1,1,10,36,11,2,17
418,100,100,64,64,0,100,100,44,44,0,100,100,64,64,0,0.02641342455495422,0.02733244834745907,87,88,1,3,1,1,13,14,13,14,83
419,100,100,63,63,0,100,100,47,47,0,100,100,63,63,0,0.050784574015453214,0.050818611933694136,97,97,0,5,1,1,10,29,36,11,95
420,82,698,66,100,34,86,86,57,57,0,86,86,66,66,0,0.012287688484972258,0.02049082678103407,72,85,13,2,3,3,6,8,65,20,33
421,158,158,85,85,0,80,80,53,53,0,80,80,60,60,0,0.010858095918853602,0.010858095918853602,72,72,0,-1,3,3,5,14,52,32,69
422,50,151,57,89,32,86,86,62,62,0,50,51,57,57,0,0.006467204465774873,0.006467204465774873,58,58,0,5,3,3,6,6,32,26,95
423,174,174,87,87,0,262,262,84,84,0,174,174,87,87,0,0.017393376221110316,0.017393376221110316,77,77,0,-1,2,2,14,12,8,37,67
424,117,1757,82,100,18,72,96,77,88,11,72,96,77,88,11,0.016882807447496512,0.06538684094080806,81,97,16,1,2,2,3,9,64,39,11
425,100,100,60,60,0,100,100,40,40,0,100,100,60,60,0,0.018959120460192654,0.022601177711971135,78,84,6,2,1,1,14,6,25,13,41
426,66,272,61,95,34,96,96,61,61,0,66,96,61,68,7,0.01055175465468532,0.013410939786922631,72,76,4,3,3,3,6,6,48,77,73
427,56,672,52,100,48,80,90,61,66,5,56,90,52,68,16,0.005650294427992784,0.014500153170632085,54,75,21,2,2,2,6,3,56,29,27
428,0,616,1,100,99,0,40,1,44,43,0,40,1,51,50,0.0,0.0156914803090643,1,78,77,2,-1,3,5,0,37,40,23
429,0,1640,1,100,99,0,148,1,64,63,0,148,1,85,84,0.0,0.02219272269308009,1,87,86,1,-1,2,14,0,8,98,16
430,6,1646,28,100,72,68,186,32,65,33,6,186,28,88,60,0.00034037918240920387,0.02808128254875932,32,88,56,1,4,2,16,1,4,88,7
431,0,102,1,76,75,0,12,1,24,23,0,2,1,24,23,0.0,0.0002723033459273631,1,29,28,4,-1,5,10,0,36,80,65
432,80,286,60,95,35,142,142,71,71,0,80,92,60,63,3,0.010347527145239796,0.011368664692467409,68,70,2,3,2,2,8,6,15,77,74
433,100,100,71,71,0,100,100,79,79,0,100,100,79,79,0,0.049048640185166276,0.050103815650634806,98,99,1,3,1,1,5,18,70,30,83
434,100,100,63,63,0,100,100,39,39,0,100,100,63,63,0,0.018891044623710815,0.05262262160046292,79,99,20,1,1,1,14,6,17,13,3
435,16,16,39,39,0,42,42,41,41,0,16,16,39,39,0,0.0040845501889104465,0.0040845501889104465,51,51,0,-1,3,3,6,1,69,90,91
436,162,162,88,88,0,64,64,60,60,0,64,64,63,63,0,0.021409850573538922,0.021409850573538922,86,86,0,-1,3,3,4,15,83,16,79
437,217,217,92,92,0,196,196,94,94,0,196,196,94,94,0,0.02556247659893121,0.02556247659893121,89,89,0,-1,2,2,9,16,26,18,76
438,208,808,89,100,11,252,252,92,92,0,208,210,89,89,0,0.017495489975833077,0.01855066544130161,79,80,1,2,2,2,11,8,33,20,61
439,134,750,80,100,20,208,208,89,89,0,134,208,80,92,12,0.010177337554035196,0.018754892950747133,70,80,10,2,2,2,10,7,12,21,19
440,0,0,1,1,0,0,0,1,1,0,0,0,1,1,0,0.0,0.0,1,1,0,-1,-1,-1,3,0,76,96,36
441,100,100,66,66,0,100,100,45,45,0,100,100,66,66,0,0.051873787399162666,0.05190782531740359,98,98,0,5,1,1,10,29,1,11,58
442,90,296,64,95,31,104,104,82,82,0,104,104,83,83,0,0.010858095918853602,0.015827631982027978,73,79,6,3,2,2,5,6,50,77,38
443,266,866,93,100,7,272,272,96,96,0,272,272,96,96,0,0.02651553830967698,0.038735150958167396,88,94,6,2,2,2,11,16,38,18,30
444,96,302,78,100,22,56,56,82,82,0,56,56,82,82,0,0.015521290717859695,0.028421661731168522,79,89,10,3,2,2,2,7,89,48,18
445,0,616,1,100,99,0,84,1,45,44,0,84,1,61,60,0.0,0.017393376221110316,1,79,78,2,-1,3,9,1,54,69,6
446,88,88,57,57,0,218,218,72,72,0,88,88,57,57,0,0.007658531604207087,0.007658531604207087,59,59,0,-1,2,2,14,4,16,72,86
447,0,616,1,100,99,0,32,1,34,33,0,20,1,40,39,0.0,0.0034718676605738795,1,48,47,2,-1,3,5,0,50,36,70
448,49,49,65,65,0,22,22,49,49,0,22,22,53,53,0,0.005786446100956465,0.005786446100956465,60,60,0,-1,3,3,2,4,90,22,98
449,160,160,86,86,0,134,134,92,92,0,134,134,93,93,0,0.019776030497974745,0.019776030497974745,84,84,0,-1,2,2,6,12,65,37,69
450,16,222,37,92,55,50,58,37,42,5,16,49,37,55,18,0.0007147962830593281,0.005071649817897137,38,55,17,3,3,3,8,1,21,49,57
451,40,246,50,95,45,102,102,66,66,0,40,43,50,52,2,0.0028932230504782326,0.004016474352428605,47,51,4,3,2,2,8,1,39,71,43
452,406,406,97,97,0,256,256,95,95,0,256,256,95,95,0,0.03492290411518432,0.03492290411518432,95,95,0,-1,2,2,10,29,18,0,36
453,100,100,71,71,0,100,100,79,79,0,100,100,79,79,0,0.03584192790768916,0.03584192790768916,92,92,0,-1,1,1,5,6,70,34,81
454,100,100,62,62,0,100,100,43,43,0,100,100,62,62,0,0.04697232717247013,0.04697232717247013,95,95,0,-1,1,1,12,30,14,7,69
455,22,22,48,48,0,40,40,44,44,0,22,22,48,48,0,0.002552843868069029,0.002552843868069029,46,46,0,-1,3,3,5,2,70,83,76
456,112,112,75,75,0,102,102,68,68,0,112,112,78,78,0,0.013104598522754349,0.013104598522754349,75,75,0,-1,3,3,7,8,43,20,85
457,2,618,26,100,74,4,28,26,39,13,2,28,26,48,22,6.807583648184077e-05,0.010755982164130842,27,75,48,2,5,3,3,2,82,58,19
458,100,100,68,68,0,100,100,57,57,0,100,100,68,68,0,0.032199870655910685,0.032540249838319886,91,91,0,4,1,1,8,9,39,27,42
459,244,450,97,100,3,80,80,95,95,0,80,80,95,95,0,0.03713536880084414,0.03846284761224004,96,96,0,3,2,2,2,22,68,9,54
460,100,100,59,59,0,100,100,45,45,0,100,100,59,59,0,0.027945130875795636,0.03465060076925695,89,91,2,2,1,1,10,8,0,20,48
461,100,716,70,100,30,100,120,68,84,16,100,120,73,84,11,0.00980292045338507,0.02396269444160795,69,86,17,2,2,2,6,7,48,21,12
462,24,624,48,100,52,42,42,41,41,0,24,42,48,56,8,0.0012253650566731338,0.00881582082439838,41,68,27,2,3,3,6,4,32,64,17
463,16,16,41,41,0,18,18,41,41,0,16,16,41,41,0,0.00088498587426393,0.00088498587426393,37,37,0,-1,3,3,2,1,91,55,40
464,16,222,34,90,56,90,90,42,42,0,16,26,34,44,10,0.0009870996289866913,0.002382654276864427,38,45,7,3,3,3,12,2,3,42,43
465,0,0,1,1,0,0,0,1,1,0,0,0,1,1,0,0.0,0.0,1,1,0,-1,-1,-1,3,1,81,69,87
466,40,246,48,93,45,176,176,70,70,0,40,48,48,53,5,0.003778208924742163,0.005718370264474625,52,55,3,3,2,2,12,3,6,46,75
467,376,376,99,99,0,256,256,97,97,0,256,256,98,98,0,0.03362946322202934,0.03362946322202934,92,92,0,-1,2,2,10,22,22,9,36
468,62,1702,56,100,44,132,166,64,68,4,62,166,56,86,30,0.0042547397801150485,0.022396950202525613,55,86,31,1,3,2,12,6,14,35,19
469,35,241,52,97,45,38,38,51,51,0,38,38,54,54,0,0.005207801490860819,0.012083460975526737,53,71,18,3,3,3,3,6,94,73,20
470,38,38,46,46,0,128,128,60,60,0,38,38,46,46,0,0.001497668402600497,0.001497668402600497,42,42,0,-1,3,3,16,3,9,43,66
471,93,299,78,98,20,32,32,63,63,0,32,32,64,64,0,0.01681473161101467,0.02668572790088158,78,87,9,3,3,3,2,9,86,39,5
472,16,16,41,41,0,28,28,42,42,0,16,16,41,41,0,0.0035059055788147996,0.0035059055788147996,52,52,0,-1,3,3,3,1,64,90,81
473,50,50,63,63,0,12,12,37,37,0,12,12,42,42,0,0.007011811157629599,0.007011811157629599,63,63,0,-1,4,4,2,9,99,31,67
474,56,672,53,100,47,138,158,64,65,1,56,106,53,75,22,0.003914360597705844,0.008475441641989176,54,64,10,2,2,2,14,2,8,75,47
475,118,118,79,79,0,104,104,80,80,0,104,104,81,81,0,0.013581129378127233,0.013581129378127233,76,76,0,-1,2,2,5,9,63,27,79
476,100,100,66,66,0,100,100,60,60,0,100,100,68,68,0,0.04472582456856938,0.05119302903434426,97,97,0,2,1,1,7,20,43,23,21
477,56,672,59,100,41,112,112,73,73,0,56,72,59,64,5,0.006433166547533953,0.008475441641989176,62,65,3,2,2,2,8,2,39,75,71
478,179,1819,88,100,12,150,184,90,96,6,150,184,91,97,6,0.02277136730317574,0.049729398549984684,85,97,12,1,2,2,7,12,62,37,12
479,2,208,27,92,65,9,14,29,33,4,2,8,27,36,9,0.00013615167296368154,0.00176997174852786,29,44,15,3,5,4,5,1,37,95,94
480,0,206,1,88,87,0,46,1,35,34,0,12,1,34,33,0.0,0.0029612988869600733,1,49,48,3,-1,4,9,0,54,79,29
481,0,616,1,100,99,0,28,1,42,41,0,28,1,48,47,0.0,0.019810068416215663,1,86,85,2,-1,3,3,0,66,40,7
482,0,616,1,100,99,0,80,1,37,36,0,26,1,46,45,0.0,0.00527587732734266,1,54,53,2,-1,3,13,0,13,67,72
483,12,113,38,79,41,38,38,34,34,0,12,13,38,39,1,0.0011913271384322134,0.0013274788113958951,40,40,0,5,4,4,9,3,26,51,65
484,74,690,63,100,37,110,120,76,82,6,74,120,62,84,22,0.007147962830593281,0.014227849824704722,63,77,14,2,2,2,6,6,59,28,25
485,0,102,1,70,69,0,12,1,25,24,0,2,1,25,24,0.0,3.4037918240920386e-05,1,27,26,4,-1,5,11,0,5,91,60
486,6,6,32,32,0,24,24,40,40,0,6,6,32,32,0,0.0014295925661186562,0.0014295925661186562,41,41,0,-1,4,4,4,1,84,71,80
487,166,782,91,100,9,96,96,89,89,0,96,96,89,89,0,0.021920419347152727,0.036965179209639536,86,93,7,2,2,2,3,15,64,19,15
488,40,656,47,100,53,62,88,38,48,10,40,74,47,56,9,0.0025188059498281084,0.007726607440688927,45,62,17,2,2,2,8,1,27,60,62
489,6,622,31,100,69,36,46,36,41,5,6,46,31,53,22,0.0013274788113958951,0.007760645358929848,39,63,24,2,4,3,6,1,48,71,31
490,0,0,1,1,0,0,0,1,1,0,0,0,1,1,0,0.0,0.0,1,1,0,-1,-1,-1,5,0,61,40,98
491,62,678,63,100,37,48,48,54,54,0,48,48,56,56,0,0.008373327887266415,0.0337315769767521,63,93,30,2,3,3,3,6,87,34,0
492,91,91,82,82,0,32,32,67,67,0,32,32,68,68,0,0.01851662752306069,0.01851662752306069,83,83,0,-1,3,3,2,16,97,18,98
493,0,102,1,86,85,0,4,1,29,28,0,4,1,32,31,0.0,0.003165526396405596,1,49,48,4,-1,5,2,0,97,79,13
494,626,2226,100,100,0,384,384,100,100,0,384,384,100,100,0,0.05207801490860819,0.07508764763947037,99,100,1,1,2,2,12,36,14,2,9
495,22,228,46,94,48,34,34,44,44,0,22,34,46,54,8,0.0011913271384322134,0.009020048333843901,42,67,25,3,3,3,4,2,72,61,33
496,88,190,67,89,22,148,148,79,79,0,88,90,67,68,1,0.009020048333843901,0.009054086252084823,68,68,0,4,2,2,9,4,31,38,55
497,100,100,73,73,0,100,100,82,82,0,100,100,82,82,0,0.06286803499097995,0.06286803499097995,100,100,0,-1,1,1,5,29,88,0,85
498,57,673,56,100,44,82,92,56,61,5,57,92,56,67,11,0.005412029000306341,0.013070560604513427,54,74,20,2,3,3,7,6,62,35,57
499,1,101,25,77,52,4,4,25,25,0,1,1,25,25,0,6.807583648184077e-05,0.00010211375472276115,28,29,1,5,6,6,4,1,79,68,65
500,6,212,30,91,61,16,20,33,34,1,6,20,30,47,17,0.0002042275094455223,0.010041185881071514,31,69,38,3,4,4,4,1,83,95,12
501,173,789,90,100,10,110,110,81,81,0,110,110,85,85,0,0.015112835698968652,0.027740903366350114,79,88,9,2,2,2,6,15,32,19,39
502,6,622,34,100,66,8,32,35,66,31,6,32,34,67,33,0.00037441710065012424,0.033935804486197624,35,95,60,2,4,3,2,1,97,49,10
503,0,616,1,100,99,0,84,1,41,40,0,84,1,57,56,0.0,0.014534191088873005,1,76,75,2,-1,3,9,0,29,81,16
504,0,102,1,82,81,0,6,1,28,27,0,5,1,32,31,0.0,0.0008509479560230097,1,38,37,4,-1,5,3,0,75,80,64
505,0,0,1,1,0,0,0,1,1,0,0,0,1,1,0,0.0,0.0,1,1,0,-1,-1,-1,10,0,12,80,87
506,0,206,1,93,92,0,18,1,34,33,0,18,1,45,44,0.0,0.009496579189216788,1,65,64,3,-1,4,3,1,58,45,19
507,166,268,89,92,3,84,84,66,66,0,84,84,70,70,0,0.014636304843595765,0.014840532353041287,80,80,0,4,2,2,5,14,61,14,49
508,84,84,63,63,0,154,154,75,75,0,84,84,63,63,0,0.006092787365124749,0.006092787365124749,58,58,0,-1,2,2,10,6,12,28,87
509,134,750,81,100,19,150,150,84,84,0,134,150,82,86,4,0.011062323428299126,0.016542428265087308,70,79,9,2,2,2,7,7,24,21,72
510,0,616,1,100,99,0,38,1,37,36,0,38,1,49,48,0.0,0.005173763572619898,1,54,53,2,-1,3,6,0,48,96,57
511,228,228,92,92,0,104,104,82,82,0,104,104,82,82,0,0.023384049831512304,0.023384049831512304,86,86,0,-1,2,2,5,19,80,15,98
512,78,284,75,98,23,28,28,44,44,0,28,28,51,51,0,0.011675005956635693,0.016168011164437182,73,80,7,3,3,3,3,8,92,8,57
513,324,530,98,100,2,144,144,91,91,0,144,144,91,91,0,0.036590762108989414,0.03727152047380782,95,95,0,3,2,2,6,27,74,10,51
514,100,100,61,61,0,100,100,43,43,0,100,100,61,61,0,0.024881718234112803,0.04605330337996528,87,100,13,1,1,1,12,15,2,19,30
515,16,1656,34,100,66,112,176,60,69,9,16,176,34,88,54,0.0024166921951053475,0.03077027808979203,46,90,44,1,3,2,12,2,6,94,7
516,100,100,66,66,0,100,100,66,66,0,100,100,69,69,0,0.04043704687021342,0.04949113312229824,96,98,2,2,1,1,7,18,62,5,30
517,2,618,26,100,74,6,36,26,37,11,2,36,26,52,26,6.807583648184077e-05,0.008066986623098132,27,63,36,2,5,3,5,1,61,78,77
518,18,120,46,83,37,18,18,35,35,0,18,18,46,46,0,0.002110350930937064,0.0030293747234419145,43,48,5,4,4,4,3,6,94,70,52
519,0,616,1,100,99,0,18,1,47,46,0,18,1,50,49,0.0,0.013444977705163553,1,76,75,2,-1,3,2,0,90,80,37
520,32,32,44,44,0,44,44,44,44,0,32,32,44,44,0,0.002757071377514551,0.002757071377514551,44,44,0,-1,3,3,4,2,67,75,86
521,220,220,94,94,0,48,48,60,60,0,48,48,63,63,0,0.03094046768099663,0.03094046768099663,91,91,0,-1,3,3,3,30,58,7,92
522,100,100,58,58,0,100,100,35,35,0,100,100,59,59,0,0.03192756730998332,0.03192756730998332,91,91,0,-1,1,1,17,16,20,18,99
523,100,100,62,62,0,100,100,48,48,0,100,100,62,62,0,0.06429762755709861,0.06429762755709861,100,100,0,-1,1,1,10,36,11,2,97
524,16,117,43,82,39,28,28,46,46,0,16,17,43,46,3,0.003165526396405596,0.003267640151128357,49,50,1,6,3,3,3,3,81,46,78
525,42,142,58,89,31,48,48,59,59,0,48,48,63,63,0,0.007862759113652609,0.00789679703189353,63,63,0,4,3,3,3,5,75,25,63
526,16,632,38,100,62,36,54,38,43,5,16,45,38,52,14,0.00034037918240920387,0.009054086252084823,33,67,34,2,3,3,7,1,62,4,34
527,100,100,64,64,0,100,100,59,59,0,100,100,64,64,0,0.07175193165186017,0.08849858742639301,100,100,0,2,1,1,6,36,40,2,0
528,140,140,83,83,0,220,220,86,86,0,140,140,83,83,0,0.014772456516559448,0.014772456516559448,72,72,0,-1,2,2,12,8,2,20,67
529,16,118,35,81,46,21,21,34,34,0,16,20,35,40,5,0.0004765308553728854,0.0014295925661186562,32,37,5,4,3,3,4,1,67,60,51
530,210,810,91,100,9,128,128,93,93,0,128,128,93,93,0,0.026175159127267776,0.033255046121379216,87,89,2,2,2,2,5,15,80,16,31
531,8,1648,39,100,61,12,46,35,81,46,8,46,39,81,42,0.002314578440382586,0.055788147996868515,49,98,49,1,4,2,2,2,86,83,21
532,12,218,42,97,55,12,12,37,37,0,12,12,41,41,0,0.0020422750944552232,0.005650294427992784,44,59,15,3,4,4,2,2,89,83,22
533,0,101,1,77,76,0,11,1,25,24,0,1,1,25,24,0.0,0.0,1,1,0,5,-1,6,11,1,33,45,68
534,0,616,1,99,98,0,78,1,36,35,0,38,1,47,46,0.0,0.005990673610401988,1,59,58,2,-1,3,12,0,14,66,77
535,387,587,100,100,0,176,176,100,100,0,176,176,100,100,0,0.045134279587460434,0.04836788182034787,97,97,0,3,2,2,5,29,88,11,44
536,0,616,1,99,98,0,50,1,33,32,0,22,1,38,37,0.0,0.0015657442390823377,1,40,39,2,-1,3,12,1,6,50,52
537,0,616,1,100,99,0,78,1,43,42,0,78,1,57,56,0.0,0.015521290717859695,1,78,77,2,-1,3,8,1,10,50,12
538,0,1640,1,100,99,0,122,1,67,66,0,122,1,81,80,0.0,0.03311889444841554,1,91,90,1,-1,2,8,0,30,87,1
539,242,858,96,100,4,56,56,76,76,0,56,56,77,77,0,0.0333911977943429,0.054903162122604585,92,98,6,2,2,2,2,27,68,10,1
540,2,208,26,91,65,11,36,26,33,7,2,8,26,34,8,0.00010211375472276115,0.0017359338302869397,29,42,13,3,5,4,10,1,1,78,53
541,168,368,86,96,10,164,164,76,76,0,164,164,86,86,0,0.010721944245889922,0.017869907076483203,68,78,10,3,2,2,10,14,11,32,8
542,50,50,57,57,0,48,48,54,54,0,48,48,56,56,0,0.006909697402906838,0.006909697402906838,58,58,0,-1,3,3,3,6,87,26,67
543,32,648,40,100,60,94,130,38,59,21,32,117,40,75,35,0.0014295925661186562,0.015657442390823378,41,77,36,2,3,3,15,2,7,74,37
544,2,618,27,100,73,7,46,27,38,11,2,46,27,52,25,0.0,0.008645631233193778,1,65,64,2,5,3,6,2,41,58,27
545,0,0,1,1,0,0,0,1,1,0,0,0,1,1,0,0.0,0.0,1,1,0,-1,-1,-1,3,0,94,86,67
546,0,206,1,91,90,0,50,1,35,34,0,26,1,43,42,0.0,0.005003573981415297,1,57,56,3,-1,4,9,0,31,97,25
547,22,22,43,43,0,44,44,36,36,0,22,22,43,43,0,0.0018040096667687805,0.0018040096667687805,42,42,0,-1,3,3,7,3,43,51,92
548,39,39,53,53,0,54,54,53,53,0,39,39,53,53,0,0.00439089145307873,0.00439089145307873,54,54,0,-1,3,3,4,4,79,22,89
549,0,616,1,100,99,0,68,1,40,39,0,62,1,52,51,0.0,0.009428503352734947,1,67,66,2,-1,3,8,0,42,99,17
550,82,698,72,100,28,32,32,70,70,0,32,32,70,70,0,0.012764219340345145,0.0317233398005378,75,94,19,2,3,3,2,6,95,77,22
551,164,370,92,99,7,48,48,67,67,0,48,48,70,70,0,0.020354675108070392,0.025970931617822254,86,90,4,3,3,3,3,19,96,15,25
552,128,128,81,81,0,150,150,85,85,0,128,128,86,86,0,0.00796487286837537,0.00796487286837537,61,61,0,-1,2,2,7,5,46,47,45
553,10,10,38,38,0,20,20,36,36,0,10,10,38,38,0,0.0016338200755641784,0.0016338200755641784,45,45,0,-1,4,4,4,3,77,54,40
554,0,206,1,94,93,0,18,1,37,36,0,18,1,43,42,0.0,0.005990673610401988,1,56,55,3,-1,4,3,0,96,82,25
555,0,616,1,100,99,0,66,1,36,35,0,36,1,48,47,0.0,0.004969536063174376,1,57,56,2,-1,3,10,0,11,66,26
556,2,618,26,100,74,11,35,27,31,4,2,18,26,37,11,0.00010211375472276115,0.0016338200755641784,28,40,12,2,5,3,9,1,29,68,49
557,94,300,77,100,23,62,62,82,82,0,62,62,84,84,0,0.013819394805813677,0.01855066544130161,77,85,8,3,2,2,3,9,60,31,57
558,74,175,66,92,26,48,48,54,54,0,48,48,56,56,0,0.010313489226998877,0.010381565063480718,72,72,0,6,3,3,3,9,87,27,78
559,162,162,92,92,0,56,56,85,85,0,56,56,85,85,0,0.026855917492086184,0.026855917492086184,88,88,0,-1,2,2,2,16,90,12,50
560,0,0,1,1,0,0,0,1,1,0,0,0,1,1,0,0.0,0.0,1,1,0,-1,-1,-1,9,0,26,76,98
561,100,100,69,69,0,100,100,66,66,0,100,100,72,72,0,0.05888559855679227,0.05888559855679227,99,99,0,-1,1,1,6,30,44,7,69
562,0,206,1,96,95,0,12,1,38,37,0,12,1,44,43,0.0,0.011504816365431091,1,71,70,3,-1,4,2,0,93,76,19
563,100,100,65,65,0,100,100,75,75,0,100,100,77,77,0,0.04278566322883692,0.04898056434868443,95,97,2,2,1,1,5,8,61,20,47
564,46,46,68,68,0,32,32,67,67,0,32,32,68,68,0,0.00966676878042139,0.00966676878042139,69,69,0,-1,3,3,2,5,97,25,59
565,0,0,1,1,0,0,0,1,1,0,0,0,1,1,0,0.0,0.0,1,1,0,-1,-1,-1,14,0,16,92,91
566,100,100,69,69,0,100,100,71,71,0,100,100,72,72,0,0.05813676435549202,0.06947139112971851,98,99,1,2,1,1,6,27,56,10,17
567,0,0,1,1,0,0,0,1,1,0,0,0,1,1,0,0.0,0.0,1,1,0,-1,-1,-1,9,0,29,79,80
568,104,104,75,75,0,80,80,59,59,0,80,80,63,63,0,0.009190237925048503,0.009190237925048503,66,66,0,-1,3,3,5,9,61,31,40
569,0,1640,1,100,99,0,80,1,53,52,0,80,1,62,61,0.0,0.030293747234419143,1,90,89,1,-1,2,6,0,48,89,18
570,40,246,47,89,42,156,156,70,70,0,40,46,47,48,1,0.005071649817897137,0.0053439531638245,55,56,1,3,2,2,12,1,2,90,60
571,40,141,49,85,36,84,84,40,40,0,40,41,49,54,5,0.002212464685659825,0.002280540522141666,45,46,1,5,2,2,11,2,38,42,68
572,2,208,27,93,66,5,18,30,39,9,2,8,27,35,8,6.807583648184077e-05,0.003369753905851118,27,48,21,3,5,4,3,1,92,95,90
573,2,208,27,94,67,5,24,27,35,8,2,24,27,46,19,0.0,0.008271214132543654,1,66,65,3,5,4,4,1,53,68,32
574,32,648,48,100,52,78,98,45,51,6,32,98,48,64,16,0.003608019333537561,0.02032063718982947,51,84,33,2,3,3,8,2,15,75,23
575,73,73,64,64,0,88,88,76,76,0,73,73,74,74,0,0.009939072126348753,0.009939072126348753,69,69,0,-1,2,2,4,4,47,22,59
576,0,616,1,100,99,0,76,1,41,40,0,76,1,54,53,0.0,0.012934408931549747,1,76,75,2,-1,3,10,0,0,86,12
577,0,206,1,93,92,0,22,1,34,33,0,22,1,44,43,0.0,0.0035739814152966403,1,50,49,3,-1,4,5,0,49,89,26
578,0,101,1,72,71,0,8,1,25,24,0,1,1,25,24,0.0,0.0,1,1,0,5,-1,6,8,0,42,96,68
579,100,306,67,96,29,104,104,80,80,0,104,104,81,81,0,0.011266550937744648,0.02100139555464788,70,83,13,3,2,2,5,6,63,77,14
580,0,101,1,74,73,0,8,1,25,24,0,1,1,25,24,0.0,0.0,1,1,0,5,-1,6,8,0,10,93,68
581,188,188,85,85,0,132,132,72,72,0,132,132,79,79,0,0.012968446849790666,0.012968446849790666,71,71,0,-1,2,2,8,14,27,32,45
582,1,102,26,81,55,4,4,26,26,0,1,1,26,26,0,6.807583648184077e-05,0.0002723033459273631,27,33,6,5,6,6,4,1,73,68,60
583,212,312,95,100,5,38,38,56,56,0,38,38,57,57,0,0.030293747234419143,0.030600088498587426,90,91,1,4,3,3,3,27,60,10,42
584,136,237,87,92,5,102,102,93,93,0,102,102,93,93,0,0.019639878825011062,0.0195377650702883,82,82,0,6,2,2,4,8,84,8,58
585,6,6,33,33,0,12,12,40,40,0,6,6,33,33,0,0.0007488342013002485,0.0007488342013002485,39,39,0,-1,4,4,2,2,90,42,59
586,100,100,69,69,0,100,100,69,69,0,100,100,71,71,0,0.030736240171551108,0.03209775690118792,90,91,1,3,1,1,6,6,34,26,61
587,2,208,26,92,66,7,24,26,33,7,2,23,26,43,17,0.00010211375472276115,0.003914360597705844,27,48,21,3,5,4,6,1,56,78,28
588,24,1664,49,100,51,68,112,46,65,19,24,112,49,77,28,0.0014295925661186562,0.022226760611321013,43,85,42,1,3,2,8,3,21,43,44
589,163,264,94,98,4,56,56,84,84,0,56,56,84,84,0,0.02828551005820484,0.0283876238129276,89,89,0,6,2,2,2,19,86,15,78
590,0,0,1,1,0,0,0,1,1,0,0,0,1,1,0,0.0,0.0,1,1,0,-1,-1,-1,6,0,41,98,81
591,6,212,33,92,59,26,26,35,35,0,6,26,33,46,13,0.0010211375472276116,0.005922597773920147,40,56,16,3,4,4,5,1,88,71,44
592,0,616,1,100,99,0,30,1,44,43,0,30,1,54,53,0.0,0.007488342013002485,1,64,63,2,-1,3,4,0,77,66,21
593,0,206,1,94,93,0,12,1,31,30,0,12,1,36,35,0.0,0.003812246842983083,1,50,49,3,-1,4,2,0,91,87,28
594,6,622,33,100,67,20,34,35,43,8,6,34,33,51,18,0.0008509479560230097,0.02324789815854862,38,86,48,2,4,3,4,2,47,42,10
595,0,0,1,1,0,0,0,1,1,0,0,0,1,1,0,0.0,0.0,1,1,0,-1,-1,-1,5,1,49,69,91
596,66,272,69,97,28,38,38,59,59,0,38,38,62,62,0,0.006773545729943157,0.010143299635794275,61,69,8,3,3,3,3,6,92,13,41
597,16,222,43,94,51,54,54,62,62,0,16,54,43,67,24,0.005446066918547262,0.013376901868681712,59,76,17,3,3,3,4,1,72,90,27
598,2,2,28,28,0,4,4,28,28,0,2,2,28,28,0,3.4037918240920386e-05,3.4037918240920386e-05,28,28,0,-1,5,5,3,1,64,68,96
599,0,616,1,100,99,0,68,1,40,39,0,68,1,57,56,0.0,0.016610504101569147,1,82,81,2,-1,3,8,0,42,96,23
600,0,0,1,1,0,0,0,1,1,0,0,0,1,1,0,0.0,0.0,1,1,0,-1,-1,-1,7,0,62,40,36
601,0,0,1,1,0,0,0,1,1,0,0,0,1,1,0,0.0,0.0,1,1,0,-1,-1,-1,5,0,45,96,91
602,0,0,1,1,0,0,0,1,1,0,0,0,1,1,0,0.0,0.0,1,1,0,-1,-1,-1,5,0,52,66,69
603,136,136,87,87,0,102,102,93,93,0,102,102,93,93,0,0.019639878825011062,0.019639878825011062,82,82,0,-1,2,2,4,8,84,8,40
604,0,0,1,1,0,0,0,1,1,0,0,0,1,1,0,0.0,0.0,1,1,0,-1,-1,-1,6,1,74,69,97
605,0,206,1,95,94,0,12,1,40,39,0,12,1,40,39,0.0,0.008951972497362062,1,66,65,3,-1,4,2,0,95,40,77
606,32,648,47,100,53,84,94,47,51,4,32,94,47,64,17,0.002484768031587188,0.010177337554035196,48,70,22,2,3,3,9,2,35,83,8
607,16,632,36,100,64,50,50,45,45,0,16,50,36,51,15,0.002825147213996392,0.011675005956635693,48,75,27,2,3,3,5,3,52,46,8
608,16,1656,40,100,60,40,104,38,65,27,16,88,40,66,26,0.00034037918240920387,0.017869907076483203,33,82,49,1,3,2,9,1,26,88,77
609,224,1864,93,100,7,204,238,85,89,4,204,238,93,93,0,0.020967357636406957,0.05395010041185881,82,99,17,1,2,2,11,17,19,6,3
610,68,68,63,63,0,72,72,77,77,0,72,72,79,79,0,0.00976888253514415,0.00976888253514415,72,72,0,-1,2,2,3,4,96,38,67
611,42,42,51,51,0,76,76,49,49,0,40,40,50,50,0,0.00353994349705572,0.00353994349705572,49,49,0,-1,3,3,6,6,40,41,96
612,126,332,82,96,14,108,108,69,69,0,108,108,77,77,0,0.008543517478471017,0.011709043874876613,66,71,5,3,3,3,8,13,39,24,28
613,0,102,1,76,75,0,5,1,26,25,0,2,1,26,25,0.0,0.00017018959120460194,1,30,29,4,-1,5,4,1,53,45,60
614,16,632,35,100,65,158,158,66,66,0,16,48,35,52,17,0.003608019333537561,0.007522379931243405,50,63,13,2,3,3,13,3,13,46,75
615,46,46,57,57,0,66,66,49,49,0,46,46,57,57,0,0.0026549576227917903,0.0026549576227917903,49,49,0,-1,2,2,6,2,44,63,36
616,150,1790,82,100,18,136,160,77,85,8,136,160,83,87,4,0.017257224548146634,0.03693114129139862,81,94,13,1,2,2,7,12,24,37,8
617,128,744,83,100,17,128,128,78,78,0,128,128,83,83,0,0.013751318969331836,0.021954457265393648,75,84,9,2,3,3,8,13,39,33,31
618,38,654,52,100,48,38,48,51,62,11,38,48,54,63,9,0.004799346471969774,0.018006058749446885,56,82,26,2,3,3,3,6,82,41,6
619,186,286,92,95,3,104,104,86,86,0,104,104,87,87,0,0.024881718234112803,0.025392287007726607,88,88,0,4,2,2,5,17,49,6,71
620,208,1848,89,100,11,276,310,89,92,3,208,310,89,95,6,0.011368664692467409,0.03958609891419041,69,94,25,1,2,2,14,13,17,24,7
621,100,100,66,66,0,100,100,67,67,0,100,100,73,73,0,0.04802750263793867,0.04802750263793867,97,97,0,-1,1,1,5,18,52,5,67
622,0,616,1,100,99,0,58,1,34,33,0,22,1,39,38,0.0,0.0020422750944552232,1,44,43,2,-1,3,12,1,3,45,52
623,0,0,1,1,0,0,0,1,1,0,0,0,1,1,0,0.0,0.0,1,1,0,-1,-1,-1,6,0,32,97,36
624,0,206,1,89,88,0,31,1,32,31,0,10,1,33,32,0.0,0.0013274788113958951,1,40,39,3,-1,4,12,0,3,79,43
625,92,298,76,98,22,62,62,82,82,0,62,62,82,82,0,0.018210286258892407,0.01929949964260186,79,82,3,3,2,2,3,8,81,20,71
626,0,616,1,100,99,0,44,1,48,47,0,44,1,53,52,0.0,0.010075223799312433,1,70,69,2,-1,3,4,0,53,79,77
627,56,672,56,100,44,108,118,71,74,3,56,118,56,79,23,0.003914360597705844,0.018993158378433576,50,80,30,2,2,2,9,2,26,61,16
628,136,336,84,98,14,144,144,90,90,0,144,144,90,90,0,0.01579359406378706,0.025392287007726607,80,89,9,3,2,2,6,8,59,17,12
629,0,102,1,83,82,0,4,1,30,29,0,4,1,32,31,0.0,0.0014295925661186562,1,42,41,4,-1,5,2,0,90,89,83
630,164,370,85,99,14,144,144,88,88,0,144,144,89,89,0,0.020763130126961436,0.02719629667449539,84,88,4,3,2,2,6,12,34,37,14
631,16,118,37,79,42,50,50,37,37,0,16,18,37,42,5,0.0007147962830593281,0.0009530617107457708,38,38,0,4,3,3,8,1,21,49,4
632,53,53,55,55,0,60,60,55,55,0,60,60,60,60,0,0.007216038667075122,0.007216038667075122,61,61,0,-1,3,3,5,8,70,57,82
633,2,618,26,100,74,10,48,28,36,8,2,48,26,55,29,0.00010211375472276115,0.006467204465774873,29,58,29,2,5,3,7,1,24,68,48
634,54,654,64,100,36,32,32,63,63,0,32,32,64,64,0,0.008407365805507334,0.01776779332176044,64,83,19,2,3,3,2,4,86,38,24
635,100,100,67,67,0,100,100,66,66,0,100,100,72,72,0,0.05194186323564451,0.05194186323564451,96,96,0,-1,1,1,6,18,59,5,84
636,146,746,85,100,15,128,128,93,93,0,128,128,93,93,0,0.01664454201981007,0.025358249089485686,77,85,8,2,2,2,5,8,70,17,20
637,0,616,1,100,99,0,68,1,41,40,0,68,1,62,61,0.0,0.020252561353347628,1,83,82,2,-1,3,8,1,39,50,7
638,0,0,1,1,0,0,0,1,1,0,0,0,1,1,0,0.0,0.0,1,1,0,-1,-1,-1,3,0,64,82,81
639,34,135,45,82,37,76,76,55,55,0,34,35,45,46,1,0.003880322679464924,0.003914360597705844,49,49,0,5,3,3,6,3,71,54,95
640,240,840,94,100,6,72,72,80,80,0,72,72,80,80,0,0.031110657272201234,0.037475747983253344,91,93,2,2,2,2,3,27,87,10,35
641,136,342,84,98,14,144,144,90,90,0,144,144,90,90,0,0.01579359406378706,0.023690391095680587,80,87,7,3,2,2,6,8,59,17,33
642,184,384,91,100,9,100,100,77,77,0,100,100,77,77,0,0.023894618605126112,0.026923993328568024,84,86,2,3,2,2,6,16,69,12,62
643,2,618,27,100,73,5,34,27,38,11,2,34,27,50,23,6.807583648184077e-05,0.021954457265393648,28,90,62,2,5,3,4,1,53,78,1
644,0,616,1,100,99,0,18,1,46,45,0,18,1,49,48,0.0,0.00878178290615746,1,66,65,2,-1,3,2,0,95,93,20
645,214,420,92,100,8,102,102,93,93,0,102,102,93,93,0,0.02644746247319514,0.027843017121072875,88,88,0,3,2,2,4,16,84,12,54
646,16,632,33,100,67,76,76,49,49,0,16,76,33,55,22,0.004118588107151367,0.022567139793730217,52,86,34,2,3,3,6,1,40,90,1
647,222,838,92,100,8,172,182,86,87,1,172,182,90,91,1,0.02209060893835733,0.031655263964055956,84,91,7,2,2,2,9,17,29,6,27
648,396,396,98,98,0,192,192,99,99,0,192,192,99,99,0,0.04571292419755608,0.04571292419755608,95,95,0,-1,2,2,6,30,32,7,80
649,214,1854,93,100,7,136,160,81,93,12,136,160,88,94,6,0.017597603730555838,0.0425814357193914,83,94,11,1,2,2,7,16,46,12,5
650,0,616,1,99,98,0,126,1,62,61,0,126,1,79,78,0.0,0.03008951972497362,1,90,89,2,-1,3,11,0,33,85,2
651,40,40,48,48,0,122,122,66,66,0,40,40,48,48,0,0.00527587732734266,0.00527587732734266,56,56,0,-1,2,2,8,1,42,90,97
652,100,100,69,69,0,100,100,66,66,0,100,100,75,75,0,0.04693828925422921,0.047414820109602095,98,98,0,3,1,1,6,16,51,18,49
653,0,616,1,100,99,0,38,1,38,37,0,28,1,51,50,0.0,0.0045270431260424114,1,55,54,2,-1,3,6,0,44,40,26
654,156,362,84,96,12,140,140,88,88,0,140,140,89,89,0,0.019844106334456584,0.020967357636406957,81,82,1,3,2,2,7,9,62,39,61
655,72,278,69,96,27,64,64,64,64,0,64,64,67,67,0,0.01320671227747711,0.03260832567480173,75,91,16,3,3,3,4,8,77,20,1
656,88,189,66,87,21,114,114,73,73,0,88,89,67,67,0,0.012219612648490419,0.012219612648490419,72,72,0,5,3,3,9,8,26,8,95
657,20,122,44,86,42,38,38,46,46,0,20,38,45,50,5,0.0018380475850097008,0.002723033459273631,42,47,5,4,3,3,3,3,96,43,64
658,150,150,83,83,0,144,144,88,88,0,144,144,89,89,0,0.014806494434800367,0.014806494434800367,75,75,0,-1,2,2,6,8,34,17,67
659,0,101,1,83,82,0,2,1,24,23,0,1,1,24,23,0.0,0.0002382654276864427,1,33,32,5,-1,6,2,1,89,50,60
660,0,616,1,100,99,0,110,1,61,60,0,110,1,74,73,0.0,0.021784267674189048,1,84,83,2,-1,3,10,0,22,85,7
661,46,252,48,90,42,130,134,59,59,0,46,56,48,50,2,0.0016338200755641784,0.002825147213996392,40,48,8,3,2,2,17,3,20,51,43
662,56,56,56,56,0,54,54,56,56,0,54,54,57,57,0,0.010381565063480718,0.010381565063480718,67,67,0,-1,3,3,4,5,67,25,59
663,0,1640,1,100,99,0,56,1,51,50,0,46,1,53,52,0.0,0.022124646856598252,1,85,84,1,-1,2,5,0,49,96,61
664,58,264,63,97,34,48,48,70,70,0,48,48,72,72,0,0.01242384015793594,0.017972020831205963,72,80,8,3,3,3,3,8,94,20,44
665,214,214,92,92,0,102,102,93,93,0,102,102,93,93,0,0.02644746247319514,0.02644746247319514,88,88,0,-1,2,2,4,16,84,12,87
666,32,648,47,100,53,100,120,47,63,16,32,120,47,78,31,0.002110350930937064,0.02403077027808979,43,88,45,2,3,3,10,2,22,52,11
667,146,352,83,96,13,176,176,87,87,0,146,176,83,90,7,0.013853432724054596,0.014908608189523128,77,78,1,3,2,2,8,9,15,27,74
668,40,656,51,100,49,92,112,51,65,14,40,75,51,60,9,0.0053099152455835805,0.009224275843289425,56,69,13,2,2,2,8,1,30,90,41
669,6,622,33,100,67,24,54,40,59,19,6,54,33,61,28,0.0031314884781646754,0.04169644984512747,51,94,43,2,4,3,4,1,78,90,3
670,132,132,82,82,0,222,222,90,90,0,132,132,82,82,0,0.011913271384322134,0.011913271384322134,73,73,0,-1,2,2,10,5,36,25,84
671,116,218,77,91,14,88,88,73,73,0,88,88,74,74,0,0.015112835698968652,0.015180911535450491,78,78,0,4,2,2,4,8,83,20,65
672,2,2,28,28,0,8,8,28,28,0,2,2,28,28,0,3.4037918240920386e-05,3.4037918240920386e-05,28,28,0,-1,5,5,6,1,69,95,80
673,0,616,1,100,99,0,84,1,37,36,0,84,1,59,58,0.0,0.012696143503863304,1,73,72,2,-1,3,13,0,13,82,18
674,16,1656,36,100,64,56,130,36,64,28,16,109,36,77,41,0.0004765308553728854,0.019367575479083698,36,81,45,1,3,2,11,1,38,88,39
675,70,686,69,100,31,62,62,80,80,0,62,62,81,81,0,0.012628067667381462,0.026039007454304094,73,91,18,2,2,2,3,5,94,25,39
676,100,100,59,59,0,100,100,39,39,0,100,100,59,59,0,0.04962728479526192,0.07049252867694612,98,100,2,1,1,1,14,29,16,1,15
677,22,22,46,46,0,34,34,44,44,0,22,22,46,46,0,0.0036760951700194017,0.0036760951700194017,52,52,0,-1,3,3,4,2,72,83,76
678,84,290,64,95,31,100,100,68,68,0,84,100,63,72,9,0.006535280302256714,0.015180911535450491,59,80,21,3,2,2,6,5,48,47,14
679,138,344,85,98,13,134,134,88,88,0,134,134,89,89,0,0.013479015623404473,0.013853432724054596,73,75,2,3,2,2,6,9,59,31,88
680,100,100,67,67,0,100,100,70,70,0,100,100,71,71,0,0.0348888661969434,0.05602641342455495,93,99,6,1,1,1,6,7,74,48,57
681,0,616,1,100,99,0,34,1,35,34,0,32,1,43,42,0.0,0.0045270431260424114,1,51,50,2,-1,3,6,0,71,86,47
682,0,206,1,87,86,0,49,1,32,31,0,14,1,32,31,0.0,0.0007488342013002485,1,35,34,3,-1,4,15,0,7,84,64
683,0,616,1,100,99,0,28,1,45,44,0,28,1,50,49,0.0,0.015725518227305217,1,79,78,2,-1,3,3,0,85,36,16
684,0,206,1,97,96,0,7,1,33,32,0,7,1,40,39,0.0,0.0025188059498281084,1,46,45,3,-1,4,2,0,97,87,75
685,100,100,62,62,0,100,100,45,45,0,100,100,62,62,0,0.022839443139657578,0.022839443139657578,83,83,0,-1,1,1,12,6,3,77,66
686,18,224,45,95,50,14,14,34,34,0,18,14,45,41,-4,0.0011913271384322134,0.004118588107151367,41,50,9,3,4,4,3,4,60,64,28
687,0,616,1,100,99,0,54,1,34,33,0,16,1,34,33,0.0,0.0033357159876101976,1,48,47,2,-1,3,10,0,22,59,46
688,525,1141,99,100,1,360,360,99,99,0,360,360,99,99,0,0.036658837945471257,0.04448755914088294,93,95,2,2,2,2,12,29,6,1,77
689,67,67,58,58,0,88,88,49,49,0,67,67,58,58,0,0.005377991082065421,0.005377991082065421,57,57,0,-1,3,3,8,6,30,35,92
690,2,2,28,28,0,7,7,29,29,0,2,2,28,28,0,0.00010211375472276115,0.00010211375472276115,30,30,0,-1,5,5,4,1,78,65,86
691,182,782,86,100,14,320,320,92,92,0,182,193,86,87,1,0.012594029749140543,0.016202049082678104,72,77,5,2,2,2,14,6,16,77,35
692,307,407,97,100,3,104,104,86,86,0,104,104,86,86,0,0.03311889444841554,0.03315293236665646,91,93,2,6,2,2,5,29,45,1,78
693,422,422,99,99,0,144,144,91,91,0,144,144,92,92,0,0.047993464719697745,0.047993464719697745,99,99,0,-1,2,2,6,36,51,2,87
694,106,207,76,92,16,110,110,76,76,0,110,110,81,81,0,0.00970080669866231,0.009734844616903231,68,68,0,6,2,2,6,7,59,48,58
695,22,124,47,81,34,34,34,44,44,0,22,25,47,51,4,0.002927260968719153,0.0034037918240920387,49,50,1,4,3,3,4,2,47,75,51
696,0,0,1,1,0,0,0,1,1,0,0,0,1,1,0,0.0,0.0,1,1,0,-1,-1,-1,3,0,94,36,40
697,100,716,66,100,34,164,164,74,74,0,100,164,66,88,22,0.008951972497362062,0.015112835698968652,68,78,10,2,2,2,10,6,1,34,24
698,6,6,33,33,0,24,24,38,38,0,6,6,33,33,0,0.0028591851322373124,0.0028591851322373124,50,50,0,-1,4,4,4,1,73,90,84
699,130,730,89,100,11,46,46,83,83,0,46,46,83,83,0,0.02413288403281255,0.042683549474114166,89,97,8,2,2,2,2,20,99,23,11
700,0,616,1,100,99,0,74,1,33,32,0,33,1,47,46,0.0,0.0036760951700194017,1,49,48,2,-1,3,14,0,16,99,35
701,131,747,81,100,19,144,144,88,88,0,144,144,88,88,0,0.012185574730249497,0.019878144252697506,74,81,7,2,2,2,6,8,44,57,21
702,343,959,99,100,1,144,144,88,88,0,144,144,89,89,0,0.033255046121379216,0.0477551992920113,92,97,5,2,2,2,6,30,34,7,16
703,100,100,58,58,0,100,100,35,35,0,100,100,59,59,0,0.04431736954967834,0.04969536063174376,98,98,0,2,1,1,17,29,20,1,26
704,0,206,1,88,87,0,15,1,29,28,0,8,1,34,33,0.0,0.00030634126416828345,1,32,31,3,-1,4,6,0,41,92,56
705,6,212,29,87,58,42,80,31,34,3,6,18,29,39,10,0.00013615167296368154,0.0020763130126961434,30,44,14,3,4,4,14,1,16,60,61
706,0,616,1,100,99,0,36,1,40,39,0,36,1,51,50,0.0,0.01409169815174104,1,77,76,2,-1,3,5,0,80,59,18
707,342,548,97,100,3,224,224,99,99,0,224,224,99,99,0,0.03209775690118792,0.033255046121379216,90,91,1,3,2,2,8,22,39,9,53
708,0,616,1,100,99,0,28,1,32,31,0,18,1,44,43,0.0,0.0026209197045508697,1,45,44,2,-1,3,9,0,26,97,63
709,66,682,64,100,36,48,48,60,60,0,48,48,63,63,0,0.009190237925048503,0.01575955614554614,65,78,13,2,3,3,3,6,58,34,57
710,20,1660,45,100,55,40,74,43,68,25,20,74,45,73,28,0.0015657442390823377,0.024405187378739916,43,88,45,1,3,2,5,3,45,43,73
711,2,2,28,28,0,15,15,29,29,0,2,2,28,28,0,3.4037918240920386e-05,3.4037918240920386e-05,27,27,0,-1,5,5,8,1,57,95,82
712,6,107,32,75,43,36,36,36,36,0,6,6,32,32,0,0.0009870996289866913,0.001055175465468532,37,39,2,5,4,4,6,1,44,71,60
713,0,616,1,99,98,0,126,1,60,59,0,126,1,76,75,0.0,0.029681064706082574,1,92,91,2,-1,3,11,0,5,84,2
714,220,426,94,100,6,48,48,60,60,0,48,48,63,63,0,0.03094046768099663,0.031655263964055956,91,91,0,3,3,3,3,30,58,7,49
715,16,632,40,100,60,40,50,41,45,4,16,50,40,56,16,0.0026209197045508697,0.00980292045338507,48,70,22,2,3,3,5,3,80,46,13
716,94,710,68,100,32,100,100,66,66,0,94,100,68,71,3,0.006739507811702236,0.01242384015793594,60,74,14,2,2,2,6,5,44,47,38
717,302,302,100,100,0,72,72,85,85,0,72,72,85,85,0,0.04704040300895197,0.04704040300895197,97,97,0,-1,2,2,3,40,94,3,96
718,40,656,52,100,48,106,106,66,66,0,40,106,52,74,22,0.0030293747234419145,0.010517716736444398,49,70,21,2,2,2,7,1,24,53,14
719,12,218,40,92,52,24,24,37,37,0,12,24,40,53,13,0.0012934408931549745,0.008645631233193778,41,65,24,3,4,4,4,3,77,51,27
720,22,123,45,87,42,38,38,46,46,0,22,23,46,47,1,0.002552843868069029,0.002723033459273631,46,47,1,5,3,3,3,2,96,61,55
721,8,624,37,100,63,30,60,37,50,13,8,60,37,61,24,0.0016338200755641784,0.0315531502093332,41,89,48,2,4,3,5,2,80,83,2
722,362,978,97,100,3,224,224,97,97,0,224,224,97,97,0,0.037509785901494265,0.04772116137377038,93,97,4,2,2,2,8,27,57,10,17
723,100,100,66,66,0,100,100,49,49,0,100,100,66,66,0,0.029374723441914292,0.029374723441914292,89,89,0,-1,1,1,9,6,54,77,87
724,0,206,1,87,86,0,42,1,30,29,0,12,1,33,32,0.0,0.0015657442390823377,1,40,39,3,-1,4,14,0,16,76,75
725,100,100,66,66,0,100,100,45,45,0,100,100,66,66,0,0.028489737567650362,0.031076619353960312,88,89,1,3,1,1,10,8,1,8,90
726,40,40,44,44,0,158,158,66,66,0,40,40,44,44,0,0.00445896728956057,0.00445896728956057,55,55,0,-1,2,2,14,1,8,90,87
727,105,721,78,100,22,70,70,67,67,0,70,70,71,71,0,0.01664454201981007,0.03805439259334899,77,93,16,2,3,3,5,12,70,37,0
728,349,965,100,100,0,96,96,91,91,0,96,96,91,91,0,0.05497123795908642,0.0631063004186664,97,97,0,2,2,2,3,36,76,2,62
729,0,616,1,100,99,0,100,1,47,46,0,100,1,61,60,0.0,0.014772456516559448,1,78,77,2,-1,3,10,0,11,96,30
730,270,476,95,100,5,104,104,85,85,0,104,104,86,86,0,0.03066816433506927,0.035025017869907075,89,92,3,3,2,2,5,22,37,9,57
731,358,974,95,100,5,176,176,87,87,0,176,176,89,89,0,0.0348888661969434,0.04098165356206814,89,96,7,2,2,2,8,30,57,7,31
732,12,628,32,100,68,20,34,30,38,8,12,34,32,45,13,0.0009190237925048504,0.011334626774226489,35,69,34,2,4,3,4,2,67,74,39
733,49,255,52,94,42,44,44,44,44,0,49,44,56,50,-6,0.0051397256543789785,0.00980292045338507,52,64,12,3,3,3,4,4,67,22,62
734,0,0,1,1,0,0,0,1,1,0,0,0,1,1,0,0.0,0.0,1,1,0,-1,-1,-1,5,0,88,79,92
735,8,8,35,35,0,18,18,38,38,0,8,8,35,35,0,0.0004084550188910446,0.0004084550188910446,34,34,0,-1,4,4,3,2,96,56,67
736,397,397,100,100,0,136,136,100,100,0,136,136,100,100,0,0.05384798665713605,0.05384798665713605,97,97,0,-1,2,2,4,36,73,2,50
737,296,502,96,100,4,88,88,81,81,0,88,88,81,81,0,0.0337315769767521,0.035569624561761805,92,93,1,3,2,2,4,30,73,7,94
738,0,616,1,100,99,0,34,1,45,44,0,34,1,51,50,0.0,0.01058579257292624,1,72,71,2,-1,3,4,0,73,87,33
739,0,206,1,93,92,0,34,1,32,31,0,18,1,40,39,0.0,0.003199564314646516,1,48,47,3,-1,4,9,1,23,45,35
740,234,1834,88,100,12,200,200,93,93,0,200,200,93,93,0,0.02018448551686579,0.02917049593246877,80,89,9,1,2,2,8,14,27,14,83
741,0,1640,1,100,99,0,148,1,63,62,0,148,1,82,81,0.0,0.022430988120766535,1,84,83,1,-1,2,14,0,16,98,15
742,132,233,86,92,6,48,48,54,54,0,48,48,56,56,0,0.02188638142891181,0.021920419347152727,88,88,0,5,3,3,3,15,87,16,55
743,16,632,40,100,60,50,60,47,48,1,16,60,40,58,18,0.002144388849177984,0.024881718234112803,46,87,41,2,3,3,5,2,88,94,10
744,40,1680,49,100,51,98,232,38,76,38,40,232,49,90,41,0.0018720855032506212,0.03267640151128357,43,95,52,1,2,2,14,1,16,49,0
745,34,136,58,90,32,22,22,52,52,0,22,22,55,55,0,0.006637394056979475,0.006977773239388679,61,62,1,4,3,3,2,4,98,38,55
746,0,616,1,100,99,0,28,1,44,43,0,28,1,51,50,0.0,0.028523775485891283,1,93,92,2,-1,3,3,0,94,87,3
747,16,1656,31,100,69,50,164,33,66,33,16,164,31,84,53,0.0002723033459273631,0.02198849518363457,32,85,53,1,3,2,14,1,25,4,6
748,22,22,41,41,0,80,80,41,41,0,22,22,41,41,0,0.0008509479560230097,0.0008509479560230097,37,37,0,-1,3,3,10,2,18,56,69
749,0,206,1,92,91,0,14,1,33,32,0,12,1,37,36,0.0,0.002552843868069029,1,48,47,3,-1,4,3,0,64,66,29
750,0,102,1,82,81,0,8,1,31,30,0,4,1,32,31,0.0,0.0007828721195411688,1,36,35,4,-1,5,4,0,78,76,43
751,0,0,1,1,0,0,0,1,1,0,0,0,1,1,0,0.0,0.0,1,1,0,-1,-1,-1,12,0,14,76,89
752,214,830,89,100,11,236,246,94,94,0,214,246,92,95,3,0.017869907076483203,0.037679975492698865,78,96,18,2,2,2,10,8,22,8,9
753,0,616,1,100,99,0,26,1,37,36,0,16,1,37,36,0.0,0.0053439531638245,1,54,53,2,-1,3,4,0,53,87,90
754,0,616,1,100,99,0,39,1,31,30,0,22,1,36,35,0.0,0.0035059055788147996,1,48,47,2,-1,3,9,0,29,96,75
755,40,246,54,94,40,48,48,73,73,0,40,48,74,74,0,0.0061949011198475104,0.009054086252084823,58,68,10,3,2,2,3,1,92,88,83
756,0,0,1,1,0,0,0,1,1,0,0,0,1,1,0,0.0,0.0,1,1,0,-1,-1,-1,5,0,88,96,89
757,32,32,51,51,0,54,54,55,55,0,32,32,51,51,0,0.004901460226692535,0.004901460226692535,56,56,0,-1,3,3,4,3,73,29,80
758,16,222,41,93,52,28,28,42,42,0,16,22,41,46,5,0.002212464685659825,0.004833384390210695,47,56,9,3,3,3,3,2,64,94,90
759,112,728,84,100,16,78,78,75,75,0,78,78,76,76,0,0.016270124919159943,0.0212056230640934,80,84,4,2,2,2,4,8,73,8,46
760,170,786,89,100,11,174,184,80,82,2,170,184,89,91,2,0.010109261717553355,0.0156914803090643,70,77,7,2,2,2,10,13,1,24,48
761,128,230,78,90,12,136,136,77,77,0,136,136,83,83,0,0.016474352428605468,0.01657646618332823,78,78,0,4,2,2,7,9,24,39,63
762,2,2,25,25,0,6,6,25,25,0,2,2,25,25,0,0.0,0.0,1,1,0,-1,5,5,5,1,50,78,82
763,116,1756,77,100,23,164,198,73,81,8,116,198,77,89,12,0.00803294870485721,0.03461656285101603,64,94,30,1,2,2,10,7,18,48,16
764,62,262,63,94,31,48,48,54,54,0,48,48,56,56,0,0.008373327887266415,0.01157289220191293,63,72,9,3,3,3,3,6,87,34,72
765,100,100,60,60,0,100,100,40,40,0,100,100,60,60,0,0.04350045951189625,0.047789237210252224,97,98,1,2,1,1,14,22,25,9,22
766,0,616,1,100,99,0,76,1,42,41,0,68,1,60,59,0.0,0.012049423057285817,1,70,69,2,-1,3,9,0,23,82,17
767,135,341,81,98,17,178,178,82,82,0,135,142,81,85,4,0.008713707069675619,0.00888389666088022,66,67,1,3,2,2,10,8,1,57,56
768,82,288,69,96,27,54,54,55,55,0,54,54,60,60,0,0.011947309302563056,0.01575955614554614,71,79,8,3,3,3,4,8,84,17,47
769,54,260,63,97,34,22,22,48,48,0,22,22,51,51,0,0.006433166547533953,0.009496579189216788,59,68,9,3,3,3,2,7,95,62,29
770,100,100,59,59,0,100,100,39,39,0,100,100,59,59,0,0.02379250485040335,0.02379250485040335,85,85,0,-1,1,1,14,8,16,17,97
771,80,80,72,72,0,56,56,80,80,0,56,56,81,81,0,0.012628067667381462,0.012628067667381462,75,75,0,-1,2,2,2,7,91,21,99
772,100,100,59,59,0,100,100,45,45,0,100,100,59,59,0,0.06623778889683107,0.07147962830593281,100,100,0,2,1,1,10,36,0,2,62
773,54,54,53,53,0,114,114,64,64,0,54,54,53,53,0,0.006603356138738555,0.006603356138738555,59,59,0,-1,2,2,10,6,1,73,89
774,0,0,1,1,0,0,0,1,1,0,0,0,1,1,0,0.0,0.0,1,1,0,-1,-1,-1,9,0,23,98,50
775,0,206,1,92,91,0,14,1,32,31,0,11,1,36,35,0.0,0.0027911092957554717,1,47,46,3,-1,4,5,0,88,66,22
776,129,129,83,83,0,70,70,54,54,0,70,70,60,60,0,0.014602266925354846,0.014602266925354846,79,79,0,-1,3,3,5,15,61,19,80
777,0,0,1,1,0,0,0,1,1,0,0,0,1,1,0,0.0,0.0,1,1,0,-1,-1,-1,5,0,50,85,86
778,100,100,66,66,0,100,100,43,43,0,100,100,66,66,0,0.024507301133462677,0.024507301133462677,87,87,0,6,1,1,11,9,33,31,78
779,265,465,97,100,3,88,88,84,84,0,88,88,84,84,0,0.035603662480002726,0.04053916062493618,92,97,5,3,2,2,4,30,67,7,25
780,100,100,62,62,0,100,100,45,45,0,100,100,62,62,0,0.02290751897613942,0.02746860002042275,84,87,3,3,1,1,12,7,3,48,31
781,0,206,1,90,89,0,50,1,32,31,0,6,1,28,27,0.0,0.0026549576227917903,1,45,44,3,-1,4,13,0,13,40,90
782,40,1680,50,100,50,82,148,45,71,26,40,148,50,83,33,0.0023486163586235067,0.02648150039143606,48,88,40,1,2,2,10,2,11,42,6
783,16,16,37,37,0,68,68,46,46,0,16,16,37,37,0,0.003812246842983083,0.003812246842983083,53,53,0,-1,3,3,8,1,21,90,76
784,96,96,69,69,0,148,148,79,79,0,96,96,69,69,0,0.009360427516253106,0.009360427516253106,69,69,0,-1,2,2,9,7,31,48,45
785,85,291,64,95,31,144,144,72,72,0,85,91,64,64,0,0.008951972497362062,0.009190237925048503,67,67,0,3,2,2,10,6,12,35,60
786,2,2,27,27,0,8,8,27,27,0,2,2,27,27,0,3.4037918240920386e-05,3.4037918240920386e-05,27,27,0,-1,5,5,6,1,65,78,80
787,335,541,99,100,1,144,144,95,95,0,144,144,95,95,0,0.03625038292658021,0.03682902753667586,95,95,0,3,2,2,6,29,65,1,43
788,111,1751,77,100,23,218,252,76,84,8,111,252,77,90,13,0.007454304094761564,0.039449947241226725,61,96,35,1,2,2,14,8,25,57,1
789,350,450,100,100,0,88,88,84,84,0,88,88,84,84,0,0.04819769222914327,0.04911671602164812,99,99,0,4,2,2,4,36,67,2,74
790,46,246,63,97,34,28,28,46,46,0,28,28,53,53,0,0.005650294427992784,0.021954457265393648,58,85,27,3,3,3,3,6,81,13,9
791,74,280,72,100,28,32,32,69,69,0,32,32,69,69,0,0.014432077334150244,0.018686817114265293,75,83,8,3,3,3,2,9,93,39,13
792,118,734,80,100,20,120,120,85,85,0,120,120,85,85,0,0.016474352428605468,0.021375812655298,81,84,3,2,2,2,6,9,48,39,41
793,0,616,1,100,99,0,24,1,36,35,0,18,1,47,46,0.0,0.0037441710065012424,1,50,49,2,-1,3,5,0,70,85,75
794,0,206,1,92,91,0,18,1,37,36,0,18,1,46,45,0.0,0.004152626025392287,1,54,53,3,-1,4,3,0,76,80,28
795,0,616,1,100,99,0,52,1,38,37,0,52,1,54,53,0.0,0.010143299635794275,1,69,68,2,-1,3,7,0,43,40,19
796,64,680,63,100,37,70,80,59,67,8,64,80,65,68,3,0.008066986623098132,0.034684638687497875,65,91,26,2,3,3,5,7,80,62,1
797,252,1892,92,100,8,168,192,95,98,3,168,192,95,98,3,0.02386058068688519,0.04006262976956329,86,94,8,1,2,2,6,16,41,12,54
798,0,616,1,99,98,0,146,1,64,63,0,146,1,83,82,0.0,0.029374723441914292,1,90,89,2,-1,3,11,0,5,79,3
799,84,84,64,64,0,104,104,66,66,0,84,84,64,64,0,0.009394465434494027,0.009394465434494027,67,67,0,-1,3,3,9,9,26,27,85
800,229,229,97,97,0,56,56,80,80,0,56,56,81,81,0,0.03584192790768916,0.03584192790768916,94,94,0,-1,2,2,2,29,91,0,87
801,100,100,64,64,0,100,100,57,57,0,100,100,65,65,0,0.03451444909629327,0.03638653459954389,93,95,2,3,1,1,8,13,10,33,70
802,2,618,26,100,74,10,74,26,41,15,2,65,26,56,30,0.0,0.011675005956635693,1,76,75,2,5,3,9,1,28,68,39
803,56,672,53,100,47,154,174,67,75,8,56,174,53,85,32,0.004731270635487933,0.01330882603219987,55,74,19,2,2,2,10,3,18,29,31
804,12,218,32,93,61,20,20,30,30,0,12,20,32,40,8,0.0009190237925048504,0.003880322679464924,35,47,12,3,4,4,4,2,67,74,35
805,32,648,50,100,50,46,56,42,45,3,32,56,50,57,7,0.003267640151128357,0.01327478811395895,51,74,23,2,3,3,6,2,74,75,14
806,30,30,54,54,0,22,22,47,47,0,22,22,52,52,0,0.006297014874570271,0.006297014874570271,62,62,0,-1,3,3,2,4,89,38,93
807,10,10,39,39,0,8,8,32,32,0,8,8,38,38,0,0.0012253650566731338,0.0012253650566731338,39,39,0,-1,4,4,2,3,95,43,80
808,162,162,86,86,0,192,192,86,86,0,162,162,87,87,0,0.01841451376833793,0.01841451376833793,81,81,0,-1,2,2,9,9,28,39,84
809,56,262,62,94,32,54,54,55,55,0,54,54,60,60,0,0.005616256509751864,0.007556417849484326,57,62,5,3,3,3,4,6,84,28,46
810,46,46,52,52,0,80,80,45,45,0,46,46,53,53,0,0.00353994349705572,0.00353994349705572,49,49,0,-1,2,2,9,2,31,83,87
811,114,114,87,87,0,56,56,88,88,0,56,56,88,88,0,0.020695054290479593,0.020695054290479593,85,85,0,-1,2,2,2,9,93,31,81
812,106,706,83,100,17,72,72,80,80,0,72,72,80,80,0,0.017121072875182955,0.03529732121583444,82,94,12,2,2,2,3,8,66,20,10
813,122,328,86,99,13,88,88,80,80,0,88,88,81,81,0,0.015317063208414174,0.021443888491779844,80,85,5,3,2,2,4,14,77,14,34
814,92,692,68,100,32,80,80,68,68,0,80,80,69,69,0,0.014806494434800367,0.04527043126042411,76,96,20,2,3,3,5,12,80,37,2
815,0,1640,1,100,99,0,154,1,65,64,0,150,1,83,82,0.0,0.021750229755948126,1,84,83,1,-1,2,14,0,25,97,6
816,32,32,52,52,0,44,44,50,50,0,32,32,52,52,0,0.002110350930937064,0.002110350930937064,46,46,0,-1,3,3,4,2,84,52,99
817,100,100,62,62,0,100,100,43,43,0,100,100,62,62,0,0.023622315259198747,0.023622315259198747,87,87,0,-1,1,1,12,7,14,21,80
818,260,1900,98,100,2,56,80,86,96,10,56,80,86,96,10,0.03625038292658021,0.0833248238537731,95,99,4,1,2,2,2,29,95,1,58
819,1,617,25,100,75,3,48,25,63,38,1,48,25,65,40,0.0,0.02188638142891181,1,88,87,2,6,3,3,2,85,58,12
820,64,64,54,54,0,80,80,62,62,0,64,64,54,54,0,0.010143299635794275,0.010143299635794275,65,65,0,-1,2,2,6,6,71,73,99
821,282,482,99,100,1,56,56,86,86,0,56,56,86,86,0,0.04261547363763232,0.05640083052520508,97,98,1,3,2,2,2,40,95,3,11
822,8,624,37,100,63,20,34,35,42,7,8,34,37,51,14,0.0006807583648184077,0.016984921202219273,37,81,44,2,4,3,4,3,83,51,18
823,102,718,87,100,13,46,56,87,91,4,46,56,88,91,3,0.019844106334456584,0.031621226045815035,84,94,10,2,2,2,2,14,97,32,73
824,194,400,89,98,9,120,120,88,88,0,120,120,87,87,0,0.02215868477483917,0.025392287007726607,83,87,4,3,2,2,6,16,71,18,35
825,16,632,35,100,65,110,120,59,61,2,16,85,35,58,23,0.003437829742332959,0.01494264610776405,50,79,29,2,3,3,10,1,36,90,39
826,24,24,47,47,0,44,44,39,39,0,24,24,47,47,0,0.0014295925661186562,0.0014295925661186562,41,41,0,-1,3,3,7,3,62,43,81
827,82,1722,61,100,39,76,100,55,72,17,76,100,60,73,13,0.01245787807617686,0.04482793832329215,71,99,28,1,3,2,6,8,71,20,7
828,46,46,48,48,0,186,186,68,68,0,46,46,48,48,0,0.002144388849177984,0.002144388849177984,44,44,0,-1,2,2,17,2,20,61,81
829,42,248,58,97,39,52,52,78,78,0,42,52,65,79,14,0.00803294870485721,0.01320671227747711,63,76,13,3,2,2,3,2,85,74,57
830,0,206,1,93,92,0,26,1,29,28,0,14,1,35,34,0.0,0.0017359338302869397,1,44,43,3,-1,4,9,0,23,84,54
831,0,0,1,1,0,0,0,1,1,0,0,0,1,1,0,0.0,0.0,1,1,0,-1,-1,-1,8,1,10,50,96
832,13,629,41,100,59,18,28,35,44,9,13,28,41,49,8,0.0012253650566731338,0.00445896728956057,39,52,13,2,4,3,3,4,58,64,63
833,0,1640,1,100,99,0,180,1,69,68,0,180,1,83,82,0.0,0.02750263793866367,1,91,90,1,-1,2,16,0,9,81,7
834,0,102,1,75,74,0,9,1,25,24,0,2,1,25,24,0.0,0.0002042275094455223,1,31,30,4,-1,5,8,0,15,66,55
835,62,62,52,52,0,162,162,64,64,0,62,62,52,52,0,0.0017359338302869397,0.0017359338302869397,41,41,0,-1,2,2,17,4,20,64,45
836,0,206,1,97,96,0,8,1,34,33,0,8,1,40,39,0.0,0.0046972327172470135,1,54,53,3,-1,4,2,0,97,59,44
837,0,206,1,92,91,0,36,1,40,39,0,36,1,49,48,0.0,0.007794683277170768,1,62,61,3,-1,4,6,0,69,96,20
838,1,207,26,90,64,8,36,26,32,6,1,19,26,41,15,6.807583648184077e-05,0.0038462847612240037,27,50,23,3,6,4,8,2,39,58,35
839,6,6,29,29,0,48,48,34,34,0,6,6,29,29,0,0.00037441710065012424,0.00037441710065012424,32,32,0,-1,4,4,12,1,3,88,76
840,100,100,58,58,0,100,100,38,38,0,100,100,58,58,0,0.05834099186493754,0.06933523945675482,99,100,1,2,1,1,16,40,9,3,18
841,100,100,63,63,0,100,100,56,56,0,100,100,63,63,0,0.029306647605432452,0.029306647605432452,90,90,0,-1,1,1,7,4,24,38,36
842,0,206,1,95,94,0,8,1,31,30,0,8,1,37,36,0.0,0.0027911092957554717,1,47,46,3,-1,4,2,0,95,81,73
843,0,0,1,1,0,0,0,1,1,0,0,0,1,1,0,0.0,0.0,1,1,0,-1,-1,-1,4,0,73,59,93
844,252,852,93,100,7,158,158,95,95,0,158,158,95,95,0,0.025154021580040164,0.028149358385241158,87,89,2,2,2,2,6,16,40,18,54
845,0,0,1,1,0,0,0,1,1,0,0,0,1,1,0,0.0,0.0,1,1,0,-1,-1,-1,6,0,40,86,98
846,0,616,1,100,99,0,50,1,35,34,0,36,1,46,45,0.0,0.0040845501889104465,1,48,47,2,-1,3,8,0,27,40,47
847,142,348,92,100,8,22,22,54,54,0,22,22,54,54,0,0.019946220089179345,0.023588277340957826,84,89,5,3,3,3,2,17,99,6,72
848,0,616,1,99,98,0,94,1,34,33,0,39,1,44,43,0.0,0.00445896728956057,1,52,51,2,-1,3,17,0,20,92,22
849,372,572,100,100,0,96,96,87,87,0,96,96,87,87,0,0.05262262160046292,0.05711562680826441,97,97,0,3,2,2,3,36,87,2,34
850,170,170,86,86,0,96,96,64,64,0,96,96,73,73,0,0.019946220089179345,0.019946220089179345,81,81,0,-1,3,3,6,17,51,6,40
851,0,0,1,1,0,0,0,1,1,0,0,0,1,1,0,0.0,0.0,1,1,0,-1,-1,-1,4,1,72,45,97
852,292,292,96,96,0,256,256,94,94,0,256,256,96,96,0,0.022396950202525613,0.022396950202525613,83,83,0,-1,2,2,10,16,11,12,92
853,61,661,60,100,40,70,70,58,58,0,70,70,64,64,0,0.005105687736138058,0.011130399264780965,56,70,14,2,3,3,5,6,63,35,24
854,0,206,1,92,91,0,10,1,31,30,0,6,1,31,30,0.0,0.0012934408931549745,1,39,38,3,-1,4,3,0,76,93,53
855,6,6,33,33,0,18,18,36,36,0,6,6,33,33,0,0.001157289220191293,0.001157289220191293,41,41,0,-1,4,4,3,1,75,71,69
856,22,228,42,91,49,42,42,38,38,0,22,42,42,52,10,0.000442492937131965,0.006569318220497634,34,59,25,3,3,3,6,2,41,56,48
857,157,773,91,100,9,22,22,49,49,0,22,22,50,50,0,0.026039007454304094,0.055413730896218386,88,98,10,2,3,3,2,22,93,9,2
858,74,280,66,96,30,60,60,52,52,0,60,60,62,62,0,0.009870996289866912,0.010381565063480718,70,70,0,3,3,3,5,9,45,27,88
859,297,297,99,99,0,72,72,84,84,0,72,72,84,84,0,0.044623710813846626,0.044623710813846626,96,96,0,-1,2,2,3,40,85,3,92
860,100,100,67,67,0,100,100,55,55,0,100,100,67,67,0,0.05670717178937336,0.07416862384696551,99,100,1,2,1,1,9,29,23,1,9
861,6,622,34,100,66,7,22,34,54,20,6,22,34,56,22,0.00010211375472276115,0.011402702610708328,29,73,44,2,4,3,2,1,97,4,73
862,54,1694,49,100,51,196,240,71,76,5,54,240,49,92,43,0.004833384390210695,0.0392457197317812,55,96,41,1,3,2,16,4,4,22,3
863,0,0,1,1,0,0,0,1,1,0,0,0,1,1,0,0.0,0.0,1,1,0,-1,-1,-1,5,0,50,59,87
864,16,1656,41,100,59,32,56,58,79,21,16,56,41,80,39,0.004152626025392287,0.05602641342455495,52,97,45,1,3,2,2,1,91,90,29
865,84,284,63,94,31,90,90,67,67,0,84,90,66,69,3,0.007011811157629599,0.01147077844719017,58,69,11,3,2,2,6,5,71,47,25
866,28,644,44,100,56,74,84,42,47,5,28,56,44,55,11,0.002484768031587188,0.006569318220497634,45,61,16,2,3,3,9,3,31,54,26
867,0,0,1,1,0,0,0,1,1,0,0,0,1,1,0,0.0,0.0,1,1,0,-1,-1,-1,11,0,5,99,59
868,24,640,44,100,56,58,82,43,47,4,24,82,44,58,14,0.001599782157323258,0.024507301133462677,42,88,46,2,3,3,7,3,46,43,0
869,40,40,51,51,0,118,118,64,64,0,40,40,51,51,0,0.004016474352428605,0.004016474352428605,52,52,0,-1,2,2,9,2,28,94,69
870,222,838,92,100,8,192,192,89,89,0,192,192,92,92,0,0.022430988120766535,0.045678886279315156,85,97,12,2,2,2,9,16,31,18,7
871,8,624,36,100,64,44,98,36,52,16,8,98,36,68,32,0.0004084550188910446,0.0337315769767521,35,91,56,2,4,3,8,2,57,63,2
872,100,100,67,67,0,100,100,55,55,0,100,100,67,67,0,0.05122706695258518,0.05122706695258518,98,98,0,-1,1,1,9,27,23,10,50
873,97,97,80,80,0,62,62,82,82,0,62,62,82,82,0,0.015827631982027978,0.015827631982027978,79,79,0,-1,2,2,3,8,92,44,91
874,0,616,1,100,99,0,38,1,60,59,0,38,1,62,61,0.0,0.029749140542564417,1,91,90,2,-1,3,3,0,81,96,2
875,0,1640,1,100,99,0,110,1,56,55,0,53,1,52,51,0.0,0.008713707069675619,1,59,58,1,-1,2,16,0,9,76,22
876,2,618,28,100,72,9,30,28,35,7,2,18,28,39,11,3.4037918240920386e-05,0.002280540522141666,26,39,13,2,5,3,6,1,71,95,53
877,2,104,28,85,57,4,4,30,30,0,2,4,28,33,5,0.0002723033459273631,0.00088498587426393,33,40,7,4,5,5,2,1,93,88,71
878,0,1640,1,100,99,0,74,1,61,60,0,74,1,67,66,0.0,0.03185949147350148,1,92,91,1,-1,2,5,1,37,45,6
879,46,662,49,100,51,102,112,58,61,3,46,112,49,77,28,0.0030634126416828346,0.009870996289866912,49,70,21,2,2,2,8,2,42,52,24
880,40,246,47,93,46,128,128,70,70,0,40,46,47,51,4,0.0030634126416828346,0.003710133088260322,49,49,0,3,2,2,9,1,29,53,42
881,40,142,56,88,32,56,56,80,80,0,40,56,79,80,1,0.006467204465774873,0.006841621566424997,57,61,4,4,2,2,2,1,91,53,63
882,22,22,46,46,0,34,34,44,44,0,22,22,46,46,0,0.0022465026039007454,0.0022465026039007454,46,46,0,-1,3,3,4,3,72,51,98
883,74,74,71,71,0,56,56,86,86,0,56,56,86,86,0,0.011096361346540046,0.011096361346540046,70,70,0,-1,2,2,2,6,95,26,69
884,63,663,57,100,43,84,84,64,64,0,63,84,60,68,8,0.006705469893461316,0.02042275094455223,59,84,25,2,2,2,5,4,50,22,16
885,0,206,1,86,85,0,24,1,29,28,0,6,1,27,26,0.0,0.0026889955410327104,1,46,45,3,-1,4,8,0,27,76,90
886,130,130,80,80,0,86,86,56,56,0,86,86,62,62,0,0.014534191088873005,0.014534191088873005,78,78,0,-1,3,3,6,15,51,19,85
887,2,208,29,96,67,6,14,29,32,3,2,9,29,36,7,0.00010211375472276115,0.0010892133837094523,30,40,10,3,5,4,3,1,75,65,43
888,0,101,1,82,81,0,4,1,23,22,0,1,1,23,22,0.0,0.00017018959120460194,1,32,31,5,-1,6,4,0,78,67,4
889,12,12,33,33,0,64,64,35,35,0,12,12,33,33,0,0.0013274788113958951,0.0013274788113958951,40,40,0,-1,4,4,12,3,14,51,87
890,1,207,26,93,67,3,18,26,34,8,1,18,26,45,19,3.4037918240920386e-05,0.00888389666088022,27,65,38,3,6,4,3,1,58,68,27
891,83,83,71,71,0,64,64,68,68,0,64,64,70,70,0,0.01507879778072773,0.01507879778072773,79,79,0,-1,3,3,4,9,78,39,50
892,0,0,1,1,0,0,0,1,1,0,0,0,1,1,0,0.0,0.0,1,1,0,-1,-1,-1,3,0,76,89,40
893,44,44,66,66,0,32,32,67,67,0,32,32,68,68,0,0.009224275843289425,0.009224275843289425,68,68,0,-1,3,3,2,6,97,34,36
894,45,45,62,62,0,48,48,68,68,0,48,48,69,69,0,0.009258313761530345,0.009258313761530345,69,69,0,-1,3,3,3,5,81,25,92
895,353,353,97,97,0,128,128,92,92,0,128,128,92,92,0,0.037509785901494265,0.037509785901494265,94,94,0,-1,2,2,5,30,50,7,45
896,0,0,1,1,0,0,0,1,1,0,0,0,1,1,0,0.0,0.0,1,1,0,-1,-1,-1,7,0,62,84,59
897,119,119,83,83,0,48,48,68,68,0,48,48,69,69,0,0.018482589604819768,0.018482589604819768,80,80,0,-1,3,3,3,17,81,6,40
898,100,100,63,63,0,100,100,47,47,0,100,100,63,63,0,0.05262262160046292,0.05262262160046292,98,98,0,-1,1,1,10,29,22,1,92
899,28,228,52,94,42,28,28,42,42,0,28,28,51,51,0,0.003812246842983083,0.012832295176826986,53,75,22,3,3,3,3,6,64,41,5
900,255,255,96,96,0,88,88,82,82,0,88,88,82,82,0,0.03427618366860683,0.03427618366860683,93,93,0,-1,2,2,4,30,78,7,99
901,6,6,29,29,0,37,37,34,34,0,6,6,29,29,0,0.0009190237925048504,0.0009190237925048504,37,37,0,-1,4,4,9,2,23,42,66
902,84,700,71,100,29,28,38,45,50,5,28,38,52,53,1,0.011504816365431091,0.041390108580959185,70,96,26,2,3,3,3,14,94,14,3
903,0,1640,1,100,99,0,214,1,73,72,0,214,1,89,88,0.0,0.03611423125361653,1,93,92,1,-1,2,15,0,7,98,3
904,0,206,1,92,91,0,20,1,32,31,0,9,1,36,35,0.0,0.0006467204465774873,1,36,35,3,-1,4,8,0,21,98,64
905,53,259,62,97,35,32,32,70,70,0,32,32,70,70,0,0.008203138296061813,0.016542428265087308,64,81,17,3,3,3,2,8,95,57,77
906,28,234,50,93,43,78,78,47,47,0,28,54,50,52,2,0.001599782157323258,0.005446066918547262,43,57,14,3,3,3,8,3,30,43,47
907,24,640,44,100,56,58,62,43,43,0,24,62,44,53,9,0.001599782157323258,0.006671431975220395,42,56,14,2,3,3,7,3,46,43,26
908,100,100,78,78,0,100,100,97,97,0,100,100,97,97,0,0.08642227441369686,0.0899962558289935,99,99,0,3,1,1,3,27,96,10,73
909,115,321,81,95,14,70,70,59,59,0,70,70,67,67,0,0.0160318594914735,0.017052997038701112,78,78,0,3,3,3,5,12,88,37,61
910,226,842,94,100,6,64,64,67,67,0,64,64,68,68,0,0.02927260968719153,0.03614826917185745,91,94,3,2,3,3,4,27,67,10,44
911,0,206,1,92,91,0,22,1,33,32,0,22,1,47,46,0.0,0.0057524081827155455,1,58,57,3,-1,4,5,0,70,40,21
912,40,656,49,100,51,208,228,71,74,3,40,148,49,82,33,0.004220701861874128,0.015453214881377854,53,77,24,2,2,2,14,3,16,46,14
913,16,1656,32,100,68,88,208,37,72,35,16,208,32,90,58,0.0004084550188910446,0.03989244017835869,36,97,61,1,3,2,14,1,8,49,3
914,6,212,31,93,62,14,22,31,33,2,6,22,31,47,16,0.0002042275094455223,0.0037441710065012424,31,50,19,3,4,4,5,1,70,65,13
915,72,278,67,98,31,38,38,46,46,0,38,38,51,51,0,0.008407365805507334,0.013036522686272508,63,78,15,3,3,3,3,13,96,24,62
916,100,100,70,70,0,100,100,68,68,0,100,100,73,73,0,0.03264236359304265,0.03638653459954389,90,92,2,3,1,1,6,7,48,62,35
917,40,246,51,94,43,102,102,61,61,0,40,40,51,51,0,0.0038462847612240037,0.0042547397801150485,52,53,1,3,2,2,8,3,15,46,88
918,2,208,27,92,65,6,14,27,30,3,2,11,27,34,7,3.4037918240920386e-05,0.0010211375472276116,26,37,11,3,5,4,5,2,63,58,64
919,150,356,90,100,10,56,56,85,85,0,56,56,85,85,0,0.028455699649409444,0.03672691378195309,90,93,3,3,2,2,2,20,90,23,33
920,42,658,55,100,45,82,92,48,52,4,40,92,52,61,9,0.003642057251778481,0.00966676878042139,51,67,16,2,3,3,7,6,24,41,57
921,199,300,93,98,5,96,96,95,95,0,96,96,95,95,0,0.033084856530174615,0.033084856530174615,91,91,0,6,2,2,3,15,55,16,68
922,6,622,27,100,73,42,104,34,57,23,6,96,27,60,33,0.00010211375472276115,0.008271214132543654,29,62,33,2,4,3,12,1,2,4,24
923,130,336,88,98,10,96,96,90,90,0,96,96,90,90,0,0.021477926410020762,0.022465026039007456,88,88,0,3,2,2,3,8,75,20,43
924,58,58,59,59,0,38,38,57,57,0,38,38,59,59,0,0.008611593314952858,0.008611593314952858,65,65,0,-1,3,3,3,6,55,34,80
925,494,494,99,99,0,240,240,98,98,0,240,240,98,98,0,0.04785731304673406,0.04785731304673406,97,97,0,-1,2,2,9,36,29,2,91
926,54,260,63,97,34,32,32,70,70,0,32,32,70,70,0,0.0088498587426393,0.026821879573845263,66,90,24,3,3,3,2,7,95,48,10
927,6,212,30,94,64,12,12,30,30,0,6,16,30,37,7,0.00034037918240920387,0.002212464685659825,33,44,11,3,4,4,4,1,53,4,70
928,74,1714,73,100,27,38,72,61,83,22,38,72,63,83,20,0.011777119711358454,0.0569454372170598,74,98,24,1,3,2,3,8,81,8,39
929,6,212,27,86,59,21,27,28,28,0,6,12,27,30,3,0.00010211375472276115,0.0002382654276864427,28,30,2,3,4,4,14,2,25,58,65
930,0,616,1,99,98,0,84,1,40,39,0,44,1,52,51,0.0,0.005582218591510943,1,57,56,2,-1,3,12,0,14,92,72
931,2,2,26,26,0,10,10,27,27,0,2,2,26,26,0,3.4037918240920386e-05,3.4037918240920386e-05,26,26,0,-1,5,5,8,1,30,68,67
932,40,246,48,95,47,96,96,53,53,0,40,46,48,49,1,0.005684332346233704,0.00616086320160659,55,55,0,3,2,2,7,1,46,90,42
933,0,616,1,100,99,0,96,1,43,42,0,96,1,62,61,0.0,0.021511964328261683,1,83,82,2,-1,3,11,0,38,76,10
934,6,107,32,84,52,14,14,34,34,0,6,7,32,35,3,0.0006126825283365669,0.0006807583648184077,34,34,0,6,4,4,3,1,60,49,78
935,212,212,93,93,0,88,88,84,84,0,88,88,84,84,0,0.025085945743558324,0.025085945743558324,88,88,0,-1,2,2,4,19,67,15,40
936,91,297,77,98,21,56,56,84,84,0,56,56,84,84,0,0.015351101126655093,0.02110350930937064,77,86,9,3,2,2,2,8,86,44,38
937,22,228,43,92,49,98,98,41,41,0,22,50,43,52,9,0.0025188059498281084,0.008135062459579971,45,64,19,3,3,3,13,2,13,83,34
938,6,6,28,28,0,48,48,32,32,0,6,6,28,28,0,0.00034037918240920387,0.00034037918240920387,32,32,0,-1,4,4,10,1,36,49,67
939,361,361,99,99,0,112,112,95,95,0,112,112,95,95,0,0.04418121787671466,0.04418121787671466,96,96,0,-1,2,2,4,40,73,3,89
940,12,114,35,77,42,50,50,36,36,0,12,16,35,37,2,0.0009530617107457708,0.0014295925661186562,37,40,3,4,4,4,9,2,54,74,63
941,200,406,91,97,6,268,268,82,82,0,200,206,91,91,0,0.014500153170632085,0.016236087000919025,78,78,0,3,2,2,16,8,4,8,94
942,100,100,80,80,0,100,100,98,98,0,100,100,98,98,0,0.09547636066578168,0.09547636066578168,100,100,0,-1,1,1,2,16,93,18,66
943,2,208,28,94,66,9,26,31,35,4,2,26,28,48,20,3.4037918240920386e-05,0.004118588107151367,26,51,25,3,5,4,5,1,45,95,13
944,167,783,93,100,7,48,48,70,70,0,48,48,72,72,0,0.026855917492086184,0.03642057251778481,91,94,3,2,3,3,3,29,94,0,19
945,209,310,91,96,5,112,112,93,93,0,112,112,93,93,0,0.028523775485891283,0.028830116750059566,88,88,0,5,2,2,4,15,79,16,88
946,74,690,68,100,32,72,72,77,77,0,72,72,79,79,0,0.008475441641989176,0.015248987371932332,65,78,13,2,2,2,3,6,96,26,21
947,377,583,99,100,1,168,168,97,97,0,168,168,97,97,0,0.038428809693999116,0.04156029817216379,95,95,0,3,2,2,6,29,59,11,47
948,104,310,79,95,16,218,218,77,77,0,104,110,79,79,0,0.00622893903808843,0.009020048333843901,59,65,6,3,2,2,14,5,17,47,90
949,22,638,38,100,62,66,90,36,44,8,22,90,38,58,20,0.002144388849177984,0.014398039415909322,45,78,33,2,3,3,10,2,0,75,6
950,100,100,58,58,0,100,100,35,35,0,100,100,59,59,0,0.056434868443446,0.056434868443446,99,99,0,-1,1,1,17,36,20,2,76
951,16,16,35,35,0,100,100,45,45,0,16,16,35,35,0,0.0026549576227917903,0.0026549576227917903,47,47,0,-1,3,3,10,2,1,94,45
952,0,616,1,100,99,0,50,1,34,33,0,22,1,39,38,0.0,0.003948398515946765,1,53,52,2,-1,3,8,0,42,81,29
953,0,102,1,79,78,0,5,1,24,23,0,2,1,23,22,0.0,0.0002042275094455223,1,27,26,4,-1,5,4,0,67,36,88
954,28,28,50,50,0,78,78,47,47,0,28,28,50,50,0,0.001599782157323258,0.001599782157323258,43,43,0,-1,3,3,8,3,30,43,86
955,38,38,49,49,0,66,66,44,44,0,38,38,49,49,0,0.003199564314646516,0.003199564314646516,48,48,0,-1,3,3,6,6,40,70,89
956,8,108,34,76,42,40,40,34,34,0,8,8,34,34,0,0.0005105687736138058,0.0007828721195411688,33,35,2,4,4,4,8,2,27,63,49
957,0,206,1,91,90,0,26,1,34,33,0,6,1,30,29,0.0,0.0022465026039007454,1,45,44,3,-1,4,7,0,62,86,94
958,101,203,81,93,12,54,54,55,55,0,54,54,60,60,0,0.016202049082678104,0.016542428265087308,79,80,1,4,3,3,4,12,73,37,74
959,12,218,42,97,55,12,12,37,37,0,12,12,41,41,0,0.0032336022328874367,0.006262976956329351,51,62,11,3,4,4,2,3,89,29,47
960,30,236,53,99,46,22,22,54,54,0,22,22,54,54,0,0.006092787365124749,0.016610504101569147,61,79,18,3,3,3,2,4,99,38,27
961,38,654,52,100,48,60,60,48,48,0,36,60,52,60,8,0.004016474352428605,0.022635215630212056,52,86,34,2,3,3,5,6,63,41,9
962,100,100,63,63,0,100,100,45,45,0,100,100,63,63,0,0.022328874366043774,0.022328874366043774,84,84,0,-1,1,1,11,13,19,24,69
963,184,800,84,100,16,288,288,84,84,0,184,228,84,88,4,0.014261887742945642,0.019912182170938427,74,85,11,2,2,2,16,8,9,20,38
964,0,206,1,90,89,0,48,1,36,35,0,30,1,50,49,0.0,0.005922597773920147,1,58,57,3,-1,4,8,0,30,85,48
965,32,648,44,100,56,56,66,41,46,5,32,66,44,54,10,0.0035739814152966403,0.02396269444160795,47,85,38,2,3,3,6,2,71,75,11
966,100,100,80,80,0,100,100,98,98,0,100,100,98,98,0,0.0763130126961435,0.0763130126961435,99,99,0,5,1,1,2,6,93,70,95
967,0,0,1,1,0,0,0,1,1,0,0,0,1,1,0,0.0,0.0,1,1,0,-1,-1,-1,10,0,36,79,80
968,16,16,38,38,0,36,36,38,38,0,16,16,38,38,0,0.00034037918240920387,0.00034037918240920387,33,33,0,-1,3,3,7,1,62,4,40
969,102,204,83,93,10,48,48,72,72,0,48,48,74,74,0,0.01320671227747711,0.015112835698968652,75,79,4,4,3,3,3,14,60,14,90
970,0,1640,1,100,99,0,64,1,57,56,0,64,1,64,63,0.0,0.028864154668300487,1,88,87,1,-1,2,5,0,80,36,33
971,90,296,77,99,22,22,22,42,42,0,22,22,45,45,0,0.01606589740971442,0.02828551005820484,80,92,12,3,3,3,2,12,91,37,18
972,0,616,1,100,99,0,38,1,37,36,0,24,1,48,47,0.0,0.003642057251778481,1,49,48,2,-1,3,6,1,59,45,54
973,135,135,87,87,0,32,32,58,58,0,32,32,59,59,0,0.01872085503250621,0.01872085503250621,85,85,0,-1,3,3,2,16,68,18,98
974,2,618,27,100,73,6,44,28,47,19,2,44,27,52,25,6.807583648184077e-05,0.007522379931243405,28,64,36,2,5,3,4,2,83,58,13
975,100,100,66,66,0,100,100,45,45,0,100,100,66,66,0,0.047959426801456824,0.04802750263793867,97,97,0,4,1,1,10,22,1,9,4
976,6,212,28,93,65,27,40,28,31,3,6,16,28,34,6,0.0002723033459273631,0.0018720855032506212,30,42,12,3,4,4,10,1,36,55,54
977,152,152,86,86,0,174,174,95,95,0,152,152,94,94,0,0.012662105585622384,0.012662105585622384,75,75,0,-1,2,2,7,6,46,28,89
978,0,206,1,92,91,0,16,1,30,29,0,7,1,34,33,0.0,0.0008509479560230097,1,36,35,3,-1,4,6,0,65,87,61
979,0,206,1,88,87,0,20,1,29,28,0,9,1,34,33,0.0,0.0006807583648184077,1,35,34,3,-1,4,8,0,15,98,64
980,100,100,77,77,0,100,100,96,96,0,100,100,96,96,0,0.07022022533101875,0.09060893835733007,99,100,1,2,1,1,3,19,76,15,7
981,0,206,1,88,87,0,38,1,31,30,0,6,1,28,27,0.0,0.0019741992579733825,1,42,41,3,-1,4,11,0,33,82,94
982,217,319,90,95,5,208,208,89,89,0,208,208,93,93,0,0.024949794070594642,0.024983831988835564,85,85,0,4,2,2,10,20,12,23,68
983,0,102,1,77,76,0,10,1,26,25,0,2,1,26,25,0.0,6.807583648184077e-05,1,28,27,4,-1,5,9,0,35,96,4
984,158,364,90,100,10,72,72,80,80,0,72,72,80,80,0,0.02365635317743967,0.024881718234112803,88,88,0,3,2,2,3,20,76,23,53
985,0,0,1,1,0,0,0,1,1,0,0,0,1,1,0,0.0,0.0,1,1,0,-1,-1,-1,8,0,10,98,50
986,140,1780,89,100,11,72,96,84,91,7,72,96,84,91,7,0.02297559481262126,0.07549610265836142,86,99,13,1,2,2,3,18,81,30,10
987,58,160,57,89,32,74,74,64,64,0,58,60,57,58,1,0.005105687736138058,0.005582218591510943,54,54,0,4,2,2,5,3,88,54,42
988,313,929,97,100,3,120,120,85,85,0,120,120,87,87,0,0.03577385207120733,0.042649511555873244,94,96,2,2,2,2,6,30,74,7,31
989,77,693,71,100,29,48,48,66,66,0,48,48,67,67,0,0.009054086252084823,0.01950372715204738,68,84,16,2,3,3,3,8,76,57,8
990,36,36,58,58,0,22,22,49,49,0,22,22,50,50,0,0.005105687736138058,0.005105687736138058,56,56,0,-1,3,3,2,6,93,35,40
991,190,396,92,99,7,104,104,80,80,0,104,104,81,81,0,0.021920419347152727,0.026753803737363423,85,89,4,3,2,2,5,16,63,12,31
992,12,113,34,76,42,38,38,35,35,0,12,12,34,34,0,0.0014295925661186562,0.0015657442390823377,41,41,0,5,4,4,7,3,46,51,55
993,22,228,38,92,54,56,56,37,37,0,22,34,38,45,7,0.0005105687736138058,0.0017018959120460194,33,40,7,3,3,3,9,2,29,56,52
994,4,620,33,100,67,4,22,30,54,24,4,22,33,56,23,0.0004084550188910446,0.01940161339732462,36,83,47,2,5,3,2,2,97,56,6
995,16,16,33,33,0,84,84,48,48,0,16,16,33,33,0,0.004050512270669526,0.004050512270669526,52,52,0,-1,3,3,9,1,31,90,66
996,0,206,1,85,84,0,28,1,29,28,0,6,1,26,25,0.0,0.0019741992579733825,1,42,41,3,-1,4,12,0,2,82,46
997,22,124,41,81,40,44,44,36,36,0,22,24,41,44,3,0.0004084550188910446,0.0005446066918547262,34,35,1,4,3,3,9,2,23,63,78
998,6,212,29,89,60,17,46,28,34,6,6,12,29,32,3,0.00010211375472276115,0.0018380475850097008,28,41,13,3,4,4,11,2,33,58,46
999,76,692,68,100,32,54,54,60,60,0,54,54,62,62,0,0.006909697402906838,0.029749140542564417,61,92,31,2,3,3,4,6,78,13,0
