,FreeNet_pre_score,FreeNet_post_score,FreeNet_pre_rank,FreeNet_post_rank,FreeNet_delta_ranks,Reversed_pre_score,Reversed_post_score,Reversed_pre_rank,Reversed_post_rank,Reversed_delta_ranks,Independent_pre_score,Independent_post_score,Independent_pre_rank,Independent_post_rank,Independent_delta_ranks,Random_pre_score,Random_post_score,Random_pre_rank,Random_post_rank,Random_delta_ranks,dist_victim_relayer,dist_victim_vilain_pre,dist_victim_vilain_post,out_deg_victim,in_deg_villain,victim,villain,relayer
0,63,679,54,100,46,106,106,67,67,0,63,106,54,75,21,0.005207801490860819,0.01667857993805099,54,81,27,2,2,2,7,4,46,22,12
1,140,140,89,89,0,72,72,84,84,0,72,72,84,84,0,0.02297559481262126,0.02297559481262126,86,86,0,-1,2,2,3,18,81,30,80
2,202,818,92,100,8,216,216,80,80,0,216,216,92,92,0,0.018788930868988054,0.02474556656114912,81,88,7,2,2,2,12,18,6,30,38
3,100,100,58,58,0,100,100,35,35,0,100,100,59,59,0,0.01841451376833793,0.05132918070730794,81,98,17,1,1,1,17,4,20,72,2
4,42,1682,51,100,49,182,216,70,81,11,42,216,52,89,37,0.0026889955410327104,0.031178733108683073,46,91,45,1,2,2,13,2,13,61,1
5,70,276,59,93,34,134,134,72,72,0,70,80,59,65,6,0.007862759113652609,0.00891793457912114,64,67,3,3,3,3,9,5,31,25,43
6,326,428,99,99,0,88,88,80,80,0,88,88,81,81,0,0.04162837400864563,0.04360257326661901,96,96,0,4,2,2,4,40,77,3,41
7,524,524,99,99,0,264,264,99,99,0,264,264,99,99,0,0.05289492494639028,0.05289492494639028,98,98,0,-1,2,2,9,36,31,2,91
8,39,39,54,54,0,76,76,54,54,0,39,39,54,54,0,0.0042547397801150485,0.0042547397801150485,53,53,0,-1,3,3,6,4,32,22,93
9,10,216,44,96,52,12,12,35,35,0,12,12,43,43,0,0.0012253650566731338,0.008611593314952858,42,66,24,3,4,4,2,3,86,43,27
10,182,798,85,100,15,248,248,81,81,0,182,204,85,87,2,0.010994247591817285,0.012219612648490419,66,67,1,2,2,2,15,9,7,31,61
11,56,262,54,93,39,164,164,74,74,0,56,62,54,56,2,0.006297014874570271,0.008135062459579971,58,64,6,3,2,2,10,3,1,29,53
12,0,0,1,1,0,0,0,1,1,0,0,0,1,1,0,0.0,0.0,1,1,0,-1,-1,-1,4,0,83,99,45
13,96,1736,67,100,33,128,152,76,83,7,96,152,67,85,18,0.008611593314952858,0.03866707512168556,66,96,30,1,3,2,8,7,57,21,15
14,0,616,1,100,99,0,96,1,35,34,0,53,1,52,51,0.0,0.005446066918547262,1,55,54,2,-1,3,14,0,16,40,57
15,377,977,97,100,3,230,230,95,95,0,230,230,95,95,0,0.03553558664352088,0.03761189965621702,91,92,1,2,2,2,9,29,31,11,46
16,90,296,67,99,32,88,88,84,84,0,88,88,84,84,0,0.012764219340345145,0.01324075019571803,73,74,1,3,2,2,4,6,67,77,65
17,230,330,95,97,2,152,152,95,95,0,152,152,95,95,0,0.023213860240307704,0.02375846693216243,87,87,0,4,2,2,5,18,63,5,42
18,18,634,41,100,59,46,56,43,47,4,18,36,41,50,9,0.0014295925661186562,0.005105687736138058,42,54,12,2,3,3,6,2,65,61,29
19,2,618,28,100,72,4,22,30,48,18,2,22,28,49,21,0.0002723033459273631,0.014023622315259198,33,78,45,2,5,3,2,1,93,88,31
20,28,28,45,45,0,70,70,39,39,0,28,28,45,45,0,0.0013615167296368155,0.0013615167296368155,40,40,0,-1,3,3,10,3,22,43,87
21,410,1010,99,100,1,254,254,100,100,0,254,254,100,100,0,0.03744171006501242,0.042479321964668644,95,96,1,2,2,2,9,29,23,0,31
22,60,266,66,95,29,38,38,51,51,0,38,38,54,54,0,0.005480104836788182,0.011028285510058205,58,74,16,3,3,3,3,5,82,47,21
23,100,100,70,70,0,100,100,53,53,0,100,100,70,70,0,0.035025017869907075,0.061302290751897616,90,100,10,1,1,1,9,15,31,19,30
24,100,100,62,62,0,100,100,43,43,0,100,100,62,62,0,0.023622315259198747,0.023724429013921508,87,87,0,4,1,1,12,7,14,21,65
25,0,206,1,88,87,0,28,1,34,33,0,25,1,45,44,0.0,0.004561081044283332,1,53,52,3,-1,4,6,0,41,80,28
26,170,786,84,100,16,120,120,77,77,0,120,120,84,84,0,0.018244324177133328,0.03621634500833929,81,93,12,2,2,2,6,12,40,37,9
27,0,616,1,100,99,0,38,1,34,33,0,25,1,42,41,0.0,0.0032336022328874367,1,51,50,2,-1,3,8,0,42,40,41
28,334,950,97,100,3,240,240,97,97,0,240,240,97,97,0,0.024234997787535316,0.03509309370638892,87,92,5,2,2,2,9,19,28,15,19
29,90,296,64,95,31,94,94,68,68,0,94,94,71,71,0,0.00891793457912114,0.014738418598318526,68,78,10,3,2,2,5,6,50,34,44
30,22,638,50,100,50,28,28,44,44,0,22,28,50,53,3,0.00176997174852786,0.028149358385241158,42,88,46,2,3,3,3,2,76,74,3
31,0,102,1,84,83,0,3,1,27,26,0,3,1,33,32,0.0,0.0002723033459273631,1,32,31,4,-1,5,2,0,93,91,63
32,56,262,59,98,39,32,32,58,58,0,32,32,60,60,0,0.006671431975220395,0.020729092208720514,59,87,28,3,3,3,2,6,91,13,23
33,84,1684,63,100,37,90,90,67,67,0,84,90,66,69,3,0.007011811157629599,0.043023928656523366,58,99,41,1,2,2,6,5,71,47,7
34,22,228,41,90,49,78,82,37,40,3,22,31,41,45,4,0.0009190237925048504,0.0024507301133462676,37,47,10,3,3,3,12,2,14,74,54
35,88,294,62,96,34,142,142,71,71,0,88,96,62,64,2,0.008135062459579971,0.008986010415602982,64,65,1,3,2,2,8,7,15,62,51
36,124,740,86,100,14,48,48,68,68,0,48,48,69,69,0,0.01923142380612002,0.03083835392627387,82,92,10,2,3,3,3,16,81,18,33
37,114,730,80,100,20,54,54,54,54,0,54,54,58,58,0,0.010892133837094524,0.030225671397937304,72,90,18,2,3,3,4,14,47,32,9
38,16,1656,32,100,68,46,208,31,72,41,16,208,32,90,58,0.0002723033459273631,0.03863303720344464,31,96,65,1,3,2,14,1,8,65,2
39,59,675,60,100,40,68,78,74,74,0,59,78,66,76,10,0.010279451308757957,0.029817216379046257,69,90,21,2,2,2,4,6,77,73,7
40,223,223,97,97,0,56,56,88,88,0,56,56,88,88,0,0.038428809693999116,0.038428809693999116,96,96,0,-1,2,2,2,29,93,1,87
41,16,222,34,90,56,132,132,63,63,0,16,22,34,39,5,0.002586881786309949,0.0028591851322373124,46,47,1,3,3,3,12,3,3,46,49
42,160,160,86,86,0,86,86,65,65,0,86,86,68,68,0,0.016133973246196264,0.016133973246196264,79,79,0,-1,3,3,6,15,71,19,89
43,8,214,40,96,56,12,12,39,39,0,8,12,40,44,4,0.0018380475850097008,0.006841621566424997,44,62,18,3,4,4,2,2,93,83,21
44,174,374,90,99,9,190,190,93,93,0,190,190,94,94,0,0.01950372715204738,0.023554239422716908,82,86,4,3,2,2,8,12,39,37,57
45,260,876,92,100,8,372,372,97,97,0,260,284,92,96,4,0.020626978453997753,0.021784267674189048,84,85,1,2,2,2,17,12,20,37,64
46,0,616,1,100,99,0,36,1,35,34,0,36,1,48,47,0.0,0.006126825283365669,1,54,53,2,-1,3,5,0,50,87,57
47,88,704,60,100,40,164,164,77,77,0,88,164,60,86,26,0.008475441641989176,0.016270124919159943,65,79,14,2,2,2,10,4,36,22,32
48,16,632,33,100,67,76,76,49,49,0,16,76,33,55,22,0.004118588107151367,0.01606589740971442,52,78,26,2,3,3,6,1,40,90,32
49,29,235,51,93,42,50,50,50,50,0,29,50,51,54,3,0.004935498144933456,0.009734844616903231,54,69,15,3,3,3,5,4,70,22,62
50,236,436,93,100,7,144,144,95,95,0,144,144,95,95,0,0.023179822322066782,0.027706865448109193,87,89,2,3,2,2,6,19,56,15,35
51,168,784,87,100,13,128,128,69,69,0,128,128,82,82,0,0.012491915994417782,0.018380475850097007,75,82,7,2,3,3,8,14,30,32,31
52,22,228,40,92,52,52,52,36,36,0,22,38,40,47,7,0.0007488342013002485,0.003267640151128357,38,47,9,3,3,3,9,2,31,63,73
53,130,232,89,99,10,46,46,83,83,0,46,46,83,83,0,0.02413288403281255,0.024473263215221756,89,89,0,4,2,2,2,20,99,23,42
54,0,206,1,90,89,0,44,1,35,34,0,44,1,51,50,0.0,0.010858095918853602,1,74,73,3,-1,4,8,0,30,82,12
55,182,382,89,96,7,158,158,78,78,0,158,158,88,88,0,0.019129310051397258,0.019946220089179345,81,83,2,3,2,2,9,18,29,30,74
56,22,228,41,95,54,34,42,37,39,2,22,42,41,54,13,0.0008169100377820892,0.00442492937131965,36,54,18,3,3,3,6,2,34,63,13
57,138,344,82,95,13,236,236,81,81,0,138,144,82,83,1,0.007658531604207087,0.007726607440688927,62,62,0,3,2,2,14,6,25,28,60
58,16,222,33,91,58,84,84,48,48,0,16,22,33,39,6,0.004050512270669526,0.004288777698355968,52,53,1,3,3,3,9,1,31,90,60
59,6,622,29,100,71,26,94,30,50,20,6,94,29,63,34,0.0002382654276864427,0.014908608189523128,32,77,45,2,4,3,9,1,23,4,18
60,94,196,74,95,21,62,62,80,80,0,62,62,81,81,0,0.016712617856291908,0.01766567956703768,78,79,1,4,2,2,3,15,94,19,52
61,126,126,78,78,0,152,152,76,76,0,126,126,78,78,0,0.010143299635794275,0.010143299635794275,66,66,0,-1,2,2,8,7,15,48,82
62,20,226,48,92,44,30,34,44,44,0,20,34,48,52,4,0.0014295925661186562,0.009258313761530345,41,66,25,3,3,3,4,3,84,43,17
63,0,0,1,1,0,0,0,1,1,0,0,0,1,1,0,0.0,0.0,1,1,0,-1,-1,-1,6,0,40,99,36
64,67,67,62,62,0,54,54,55,55,0,54,54,60,60,0,0.007862759113652609,0.007862759113652609,62,62,0,-1,3,3,4,8,73,44,59
65,112,712,84,100,16,32,32,58,58,0,32,32,60,60,0,0.018857006705469893,0.02757071377514551,84,91,7,2,3,3,2,17,91,6,32
66,114,320,87,100,13,56,56,88,88,0,56,56,88,88,0,0.020695054290479593,0.026855917492086184,85,88,3,3,2,2,2,9,93,31,32
67,0,206,1,91,90,0,16,1,28,27,0,16,1,34,33,0.0,0.0045270431260424114,1,48,47,3,-1,4,4,0,67,86,34
68,22,228,42,93,51,42,42,38,38,0,22,34,42,50,8,0.002382654276864427,0.003608019333537561,44,50,6,3,3,3,6,2,65,83,51
69,24,640,42,100,58,116,126,55,62,7,24,40,42,45,3,0.0020763130126961434,0.003642057251778481,44,51,7,2,3,3,14,3,17,54,71
70,0,616,1,100,99,0,71,1,39,38,0,66,1,60,59,0.0,0.007011811157629599,1,62,61,2,-1,3,10,0,12,80,31
71,0,206,1,92,91,0,14,1,35,34,0,14,1,42,41,0.0,0.005548180673270023,1,57,56,3,-1,4,3,0,85,76,31
72,6,108,30,82,52,12,12,32,32,0,6,8,30,35,5,0.00034037918240920387,0.000442492937131965,33,34,1,4,4,4,2,1,91,4,88
73,295,911,96,100,4,120,120,88,88,0,120,120,87,87,0,0.033425235712583816,0.036080193335375606,94,95,1,2,2,2,6,29,71,11,68
74,0,0,1,1,0,0,0,1,1,0,0,0,1,1,0,0.0,0.0,1,1,0,-1,-1,-1,10,1,12,45,84
75,114,730,76,100,24,100,110,70,80,10,100,110,72,81,9,0.01143674052894925,0.020763130126961436,69,85,16,2,2,2,6,9,65,31,77
76,52,668,58,100,42,32,32,58,58,0,32,32,59,59,0,0.008407365805507334,0.017087034956942034,63,82,19,2,3,3,2,5,68,25,24
77,122,738,82,100,18,44,54,44,55,11,44,54,50,56,6,0.012866333095067906,0.036590762108989414,74,93,19,2,3,3,4,14,67,14,0
78,0,206,1,97,96,0,12,1,38,37,0,12,1,43,42,0.0,0.005990673610401988,1,59,58,3,-1,4,2,1,97,69,25
79,42,248,58,97,39,48,48,64,64,0,48,48,66,66,0,0.00980292045338507,0.011130399264780965,66,68,2,3,3,3,3,5,85,25,54
80,226,432,90,96,6,214,214,86,86,0,214,214,90,90,0,0.019741992579733823,0.024337111542258077,81,86,5,3,2,2,11,18,33,30,62
81,622,2262,100,100,0,368,392,100,100,0,368,392,100,100,0,0.04765308553728854,0.05851118145614214,96,100,4,1,2,2,11,40,5,3,28
82,24,24,47,47,0,60,60,48,48,0,24,24,47,47,0,0.0021784267674189047,0.0021784267674189047,47,47,0,-1,3,3,5,3,63,54,50
83,0,206,1,88,87,0,27,1,31,30,0,8,1,33,32,0.0,0.0016678579938050988,1,41,40,3,-1,4,10,0,11,98,83
84,0,616,1,100,99,0,46,1,41,40,0,46,1,53,52,0.0,0.012151536812008578,1,76,75,2,-1,3,6,0,48,85,6
85,46,46,53,53,0,70,70,54,54,0,46,46,53,53,0,0.004220701861874128,0.004220701861874128,50,50,0,-1,2,2,6,2,51,83,87
86,12,1652,37,100,63,26,70,36,61,25,12,70,37,68,31,0.0020422750944552232,0.02750263793866367,45,89,44,1,4,2,5,2,45,75,44
87,0,0,1,1,0,0,0,1,1,0,0,0,1,1,0,0.0,0.0,1,1,0,-1,-1,-1,15,1,7,69,92
88,0,616,1,100,99,0,60,1,50,49,0,60,1,55,54,0.0,0.019912182170938427,1,84,83,2,-1,3,5,0,37,80,15
89,92,298,68,95,27,60,60,49,49,0,60,60,57,57,0,0.008066986623098132,0.00966676878042139,64,70,6,3,3,3,5,7,50,48,52
90,22,638,43,100,57,98,118,41,60,19,22,66,43,54,11,0.0025188059498281084,0.009156200006807584,45,66,21,2,3,3,13,2,13,83,38
91,6,622,29,100,71,48,58,35,37,2,6,40,29,50,21,0.0005786446100956465,0.0063650907110521125,35,58,23,2,4,3,8,1,15,49,72
92,174,380,87,98,11,110,110,78,78,0,110,110,82,82,0,0.018040096667687803,0.020524864699274992,79,83,4,3,2,2,6,16,51,12,90
93,38,654,50,100,50,120,130,62,62,0,38,70,50,55,5,0.003267640151128357,0.010211375472276116,49,67,18,2,3,3,10,6,18,70,25
94,100,100,61,61,0,100,100,43,43,0,100,100,61,61,0,0.023520201504475986,0.023486163586235065,84,84,0,4,1,1,12,5,2,25,95
95,0,0,1,1,0,0,0,1,1,0,0,0,1,1,0,0.0,0.0,1,1,0,-1,-1,-1,12,0,14,85,79
96,82,82,71,71,0,38,38,57,57,0,38,38,59,59,0,0.011879233466081215,0.011879233466081215,74,74,0,-1,3,3,3,8,55,17,91
97,16,222,44,92,48,44,44,50,50,0,16,24,44,50,6,0.0018720855032506212,0.0025188059498281084,44,47,3,3,3,3,4,1,84,53,43
98,6,107,31,78,47,32,32,35,35,0,6,7,31,35,4,0.000442492937131965,0.0004765308553728854,36,37,1,5,4,4,8,1,57,49,95
99,38,654,50,100,50,78,108,45,61,16,38,108,50,76,26,0.0021784267674189047,0.008747744987916539,45,64,19,2,3,3,8,3,15,54,57
100,24,125,49,85,36,28,28,45,45,0,24,28,49,49,0,0.003165526396405596,0.0032336022328874367,48,49,1,5,3,3,3,6,58,70,4
101,194,295,86,94,8,192,192,87,87,0,192,192,88,88,0,0.024200959869294394,0.024234997787535316,83,83,0,6,2,2,9,20,54,23,78
102,42,248,57,99,42,46,46,81,81,0,42,46,81,81,0,0.010007147962830594,0.014704380680077607,70,76,6,3,2,2,2,2,89,74,25
103,1,103,26,80,54,3,6,26,28,2,1,5,26,30,4,3.4037918240920386e-05,0.0011232513019503727,27,36,9,4,6,5,3,2,94,58,61
104,121,121,80,80,0,94,94,68,68,0,94,94,73,73,0,0.009496579189216788,0.009496579189216788,67,67,0,-1,2,2,5,8,61,44,76
105,126,227,84,94,10,118,118,93,93,0,118,118,93,93,0,0.015555328636100617,0.015725518227305217,79,79,0,5,2,2,5,7,49,48,60
106,0,206,1,93,92,0,13,1,33,32,0,6,1,30,29,0.0,0.002757071377514551,1,47,46,3,-1,4,3,0,55,93,90
107,276,276,93,93,0,176,176,98,98,0,176,176,98,98,0,0.032199870655910685,0.032199870655910685,88,88,0,-1,2,2,5,16,61,18,36
108,100,100,74,74,0,100,100,80,80,0,100,100,80,80,0,0.06535280302256714,0.06535280302256714,99,99,0,-1,1,1,5,29,45,0,81
109,0,616,1,100,99,0,42,1,38,37,0,28,1,48,47,0.0,0.004493005207801491,1,52,51,2,-1,3,6,0,59,82,28
110,216,816,95,100,5,112,112,92,92,0,112,112,92,92,0,0.023179822322066782,0.0335613873855475,90,95,5,2,2,2,4,19,53,15,5
111,22,22,39,39,0,154,154,65,65,0,22,22,39,39,0,0.0018040096667687805,0.0018040096667687805,40,40,0,-1,3,3,14,2,17,52,66
112,2,2,27,27,0,10,10,27,27,0,2,2,27,27,0,6.807583648184077e-05,6.807583648184077e-05,27,27,0,-1,5,5,8,1,39,78,92
113,254,460,91,98,7,314,314,89,89,0,254,260,91,91,0,0.014704380680077607,0.015146873617209572,74,76,2,3,2,2,17,14,20,14,42
114,78,284,74,99,25,32,32,63,63,0,32,32,65,65,0,0.011504816365431091,0.02920453385070969,73,92,19,3,3,3,2,8,98,17,7
115,56,56,61,61,0,38,38,51,51,0,38,38,54,54,0,0.006092787365124749,0.006092787365124749,57,57,0,-1,3,3,3,6,94,13,36
116,0,616,1,100,99,0,32,1,40,39,0,32,1,48,47,0.0,0.00793083495013445,1,64,63,2,-1,3,5,0,45,76,77
117,58,264,59,95,36,54,54,54,54,0,54,54,58,58,0,0.006909697402906838,0.009258313761530345,61,67,6,3,3,3,4,7,47,48,46
118,100,100,59,59,0,100,100,46,46,0,100,100,59,59,0,0.031655263964055956,0.037509785901494265,91,95,4,3,1,1,11,15,5,19,34
119,100,1740,69,100,31,84,138,46,78,32,84,138,64,85,21,0.01065386840940808,0.04932094353109364,68,97,29,1,3,2,9,14,26,32,11
120,16,632,39,100,61,68,68,43,43,0,16,68,39,62,23,0.0018380475850097008,0.012049423057285817,43,74,31,2,3,3,8,1,57,53,39
121,314,520,98,100,2,96,96,93,93,0,96,96,93,93,0,0.03951802307770857,0.04217298070050036,95,95,0,3,2,2,3,29,58,1,73
122,52,154,56,87,31,64,64,63,63,0,64,64,64,64,0,0.008747744987916539,0.009054086252084823,68,68,0,4,3,3,4,5,79,25,56
123,84,84,58,58,0,206,206,75,75,0,84,84,58,58,0,0.009939072126348753,0.009939072126348753,67,67,0,-1,2,2,12,5,14,25,91
124,90,296,74,98,24,78,78,77,77,0,78,78,79,79,0,0.010858095918853602,0.013785356887572755,73,77,4,3,2,2,4,9,78,31,26
125,126,726,84,100,16,118,118,93,93,0,118,118,93,93,0,0.015555328636100617,0.02379250485040335,79,86,7,2,2,2,5,7,49,48,25
126,16,222,41,95,54,18,22,41,41,0,16,22,41,44,3,0.00088498587426393,0.005684332346233704,37,55,18,3,3,3,2,1,91,55,57
127,6,622,33,100,67,12,40,34,58,24,6,40,33,61,28,0.0002723033459273631,0.009054086252084823,35,67,32,2,4,3,4,1,72,55,48
128,94,294,60,96,36,92,92,50,50,0,92,92,61,61,0,0.008986010415602982,0.01596378365499166,64,80,16,3,3,3,7,9,46,27,8
129,208,208,92,92,0,308,308,89,89,0,208,208,92,92,0,0.01756356581231492,0.01756356581231492,79,79,0,-1,2,2,16,12,4,37,36
130,318,918,96,100,4,200,200,95,95,0,200,200,95,95,0,0.03260832567480173,0.040300895197249734,91,95,4,2,2,2,8,22,21,9,33
131,0,1640,1,100,99,0,156,1,69,68,0,156,1,83,82,0.0,0.032370060247115286,1,92,91,1,-1,2,12,0,2,76,10
132,76,178,68,89,21,54,54,60,60,0,54,54,62,62,0,0.006909697402906838,0.007624493685966166,61,62,1,4,3,3,4,6,78,13,71
133,0,616,1,100,99,0,30,1,42,41,0,30,1,50,49,0.0,0.006773545729943157,1,58,57,2,-1,3,4,0,73,91,57
134,16,222,36,92,56,38,58,35,39,4,16,58,36,60,24,0.0002042275094455223,0.009020048333843901,30,67,37,3,3,3,8,1,39,65,33
135,6,6,31,31,0,13,13,31,31,0,6,6,31,31,0,0.00017018959120460194,0.00017018959120460194,30,30,0,-1,4,4,5,1,37,65,36
136,250,850,94,100,6,128,128,92,92,0,128,128,92,92,0,0.024575376969944517,0.03318697028489737,87,91,4,2,2,2,5,18,50,5,33
137,186,802,90,100,10,112,112,94,94,0,112,112,94,94,0,0.022737329384934817,0.03083835392627387,84,90,6,2,2,2,4,15,78,19,25
138,371,577,98,100,2,128,128,92,92,0,128,128,92,92,0,0.03461656285101603,0.03580788998944825,92,92,0,3,2,2,5,29,50,1,83
139,164,164,82,82,0,214,214,74,74,0,164,164,82,82,0,0.00881582082439838,0.00881582082439838,62,62,0,-1,2,2,15,13,7,24,81
140,0,102,1,77,76,0,5,1,26,25,0,2,1,26,25,0.0,0.00017018959120460194,1,30,29,4,-1,5,4,0,53,59,60
141,2,2,28,28,0,9,9,28,28,0,2,2,28,28,0,0.0,0.0,1,1,0,-1,5,5,8,1,57,68,92
142,0,206,1,93,92,0,10,1,31,30,0,10,1,37,36,0.0,0.004561081044283332,1,52,51,3,-1,4,3,0,58,86,44
143,22,1662,43,100,57,52,96,39,55,16,22,96,43,67,24,0.0020082371762143027,0.03012355764321454,44,90,46,1,3,2,7,2,43,83,23
144,257,1897,95,100,5,54,88,56,83,27,54,88,57,83,26,0.028693965077095884,0.05429047959426801,90,99,9,1,3,2,4,29,67,1,69
145,116,732,77,100,23,128,128,90,90,0,128,128,90,90,0,0.011947309302563056,0.021784267674189048,71,85,14,2,2,2,5,7,63,48,32
146,22,22,40,40,0,88,88,42,42,0,22,22,40,40,0,0.0026549576227917903,0.0026549576227917903,47,47,0,-1,3,3,11,2,38,83,97
147,212,828,96,100,4,38,38,51,51,0,38,38,54,54,0,0.029715102624323496,0.036488648354266656,94,94,0,2,3,3,3,29,94,11,25
148,144,144,84,84,0,182,182,87,87,0,144,144,82,82,0,0.010926171755335444,0.010926171755335444,73,73,0,-1,2,2,9,7,31,21,91
149,34,34,46,46,0,78,78,44,44,0,34,34,46,46,0,0.0016678579938050988,0.0016678579938050988,39,39,0,-1,3,3,8,4,27,64,84
150,16,16,34,34,0,120,120,58,58,0,16,16,34,34,0,0.0020422750944552232,0.0020422750944552232,44,44,0,-1,3,3,14,2,16,94,84
151,182,1822,89,100,11,110,144,78,90,12,110,144,82,91,9,0.012117498893767658,0.029919330133769018,72,90,18,1,2,2,6,14,51,32,55
152,44,660,51,100,49,74,84,42,46,4,44,78,51,65,14,0.0036760951700194017,0.009190237925048503,51,70,19,2,3,3,9,6,31,73,62
153,122,328,91,100,9,56,56,92,92,0,56,56,92,92,0,0.029544913033118896,0.03604615541713469,91,95,4,3,2,2,2,17,97,6,27
154,300,500,97,100,3,96,96,87,87,0,96,96,87,87,0,0.035569624561761805,0.04047108478845434,93,94,1,3,2,2,3,29,87,1,31
155,6,1646,30,100,70,24,88,33,51,18,6,88,30,64,34,0.0002723033459273631,0.02130773681881616,33,84,51,1,4,2,8,1,21,4,24
156,16,632,35,100,65,50,76,34,39,5,16,63,35,55,20,0.00037441710065012424,0.006058749446883829,34,56,22,2,3,3,10,1,18,4,44
157,299,499,100,100,0,72,72,85,85,0,72,72,85,85,0,0.04663194799006093,0.0492528676946118,97,97,0,3,2,2,3,36,60,2,35
158,0,616,1,99,98,0,92,1,42,41,0,54,1,52,51,0.0,0.006773545729943157,1,57,56,2,-1,3,11,0,5,36,72
159,12,628,34,100,66,24,34,31,35,4,12,34,34,44,10,0.0002042275094455223,0.004799346471969774,29,51,22,2,4,3,6,2,71,63,47
160,98,98,81,81,0,32,32,63,63,0,32,32,65,65,0,0.017018959120460194,0.017018959120460194,82,82,0,-1,3,3,2,12,98,37,97
161,0,616,1,100,99,0,50,1,45,44,0,50,1,56,55,0.0,0.013785356887572755,1,76,75,2,-1,3,5,1,80,45,5
162,0,206,1,96,95,0,8,1,32,31,0,8,1,36,35,0.0,0.012730181422104225,1,73,72,3,-1,4,2,1,99,50,6
163,100,100,64,64,0,100,100,59,59,0,100,100,64,64,0,0.03880322679464924,0.045304469178665034,94,97,3,2,1,1,6,8,40,20,31
164,403,1019,97,100,3,206,206,91,91,0,206,206,92,92,0,0.03332312195786106,0.041934715272813915,92,97,5,2,2,2,9,29,54,1,24
165,162,778,84,100,16,110,110,78,78,0,110,110,82,82,0,0.020014295925661188,0.02825147213996392,82,88,6,2,2,2,6,18,51,30,21
166,100,100,69,69,0,100,100,55,55,0,100,100,69,69,0,0.04806154055617958,0.048333843902106946,96,96,0,4,1,1,8,27,30,10,63
167,0,0,1,1,0,0,0,1,1,0,0,0,1,1,0,0.0,0.0,1,1,0,-1,-1,-1,4,0,72,79,59
168,278,1918,93,100,7,310,334,94,95,1,278,334,93,95,2,0.016916845365737433,0.03025970931617822,76,91,15,1,2,2,14,14,25,14,24
169,190,390,89,97,8,166,166,86,86,0,166,166,88,88,0,0.015725518227305217,0.01681473161101467,79,80,1,3,2,2,8,14,57,14,52
170,206,308,89,96,7,166,166,87,87,0,166,166,91,91,0,0.019878144252697506,0.020456788862793153,79,82,3,4,2,2,8,18,10,30,42
171,0,616,1,100,99,0,66,1,46,45,0,66,1,53,52,0.0,0.035195207461111676,1,95,94,2,-1,3,6,0,71,67,3
172,0,0,1,1,0,0,0,1,1,0,0,0,1,1,0,0.0,0.0,1,1,0,-1,-1,-1,4,0,77,86,59
173,174,174,89,89,0,174,174,92,92,0,174,174,93,93,0,0.014670342761836687,0.014670342761836687,77,77,0,-1,2,2,7,7,43,48,93
174,22,638,40,100,60,122,136,55,58,3,22,62,40,51,11,0.002212464685659825,0.005616256509751864,42,56,14,2,3,3,16,2,4,83,47
175,22,22,51,51,0,38,38,49,49,0,22,22,51,51,0,0.0040845501889104465,0.0040845501889104465,54,54,0,-1,3,3,3,3,87,29,97
176,100,100,57,57,0,100,100,38,38,0,100,100,57,57,0,0.04663194799006093,0.04670002382654277,98,98,0,5,1,1,16,29,4,11,68
177,4,105,31,81,50,6,6,30,30,0,4,5,31,31,0,0.0004084550188910446,0.0006126825283365669,36,37,1,5,5,5,3,2,81,63,55
178,102,308,84,100,16,56,56,85,85,0,56,56,85,85,0,0.017223186629905716,0.02474556656114912,81,87,6,3,2,2,2,8,90,17,14
179,56,672,55,100,45,104,118,62,67,5,56,72,55,57,2,0.005071649817897137,0.006569318220497634,53,57,4,2,2,2,9,2,29,75,49
180,4,106,33,87,54,4,4,30,30,0,4,4,33,33,0,0.0004084550188910446,0.002144388849177984,36,45,9,4,5,5,2,2,97,56,70
181,2,618,28,100,72,9,68,28,42,14,2,46,28,55,27,0.0,0.007522379931243405,1,64,63,2,5,3,8,1,57,68,77
182,42,658,53,100,47,44,44,49,49,0,40,44,52,53,1,0.003437829742332959,0.00980292045338507,52,71,19,2,3,3,4,6,53,41,48
183,0,616,1,100,99,0,18,1,52,51,0,18,1,53,52,0.0,0.012968446849790666,1,73,72,2,-1,3,2,0,97,82,32
184,44,250,62,97,35,32,32,69,69,0,32,32,69,69,0,0.007590455767725246,0.008747744987916539,67,70,3,3,3,3,2,4,90,72,54
185,121,721,79,100,21,88,88,73,73,0,88,88,74,74,0,0.010517716736444398,0.017495489975833077,70,82,12,2,2,2,4,8,83,44,21
186,100,201,79,94,15,56,56,80,80,0,56,56,81,81,0,0.014840532353041287,0.01497668402600497,79,79,0,5,2,2,2,13,91,24,60
187,0,0,1,1,0,0,0,1,1,0,0,0,1,1,0,0.0,0.0,1,1,0,-1,-1,-1,5,0,70,80,79
188,68,274,65,97,32,54,54,60,60,0,54,54,62,62,0,0.008203138296061813,0.010721944245889922,65,71,6,3,3,3,4,7,78,48,29
189,246,246,90,90,0,200,200,93,93,0,200,200,93,93,0,0.024166921951053473,0.024166921951053473,86,86,0,-1,2,2,8,16,27,18,69
190,22,228,38,92,54,52,60,35,38,3,22,54,38,53,15,0.001055175465468532,0.00796487286837537,36,61,25,3,3,3,9,2,29,74,48
191,10,10,39,39,0,24,24,40,40,0,10,10,39,39,0,0.001157289220191293,0.001157289220191293,39,39,0,-1,4,4,4,3,78,43,66
192,0,616,1,100,99,0,52,1,47,46,0,52,1,57,56,0.0,0.021035433472888797,1,81,80,2,-1,3,6,0,69,84,7
193,52,668,68,100,32,22,22,49,49,0,22,22,53,53,0,0.005990673610401988,0.029817216379046257,61,90,29,2,3,3,2,6,90,13,7
194,100,100,69,69,0,100,100,55,55,0,100,100,69,69,0,0.021443888491779844,0.021580040164743523,81,81,0,5,1,1,9,6,26,73,65
195,0,616,1,100,99,0,42,1,37,36,0,42,1,51,50,0.0,0.009428503352734947,1,67,66,2,-1,3,6,0,65,76,32
196,22,638,40,100,60,40,58,36,42,6,22,58,40,51,11,0.0005786446100956465,0.007250076585316042,34,56,22,2,3,3,7,2,46,63,21
197,0,616,1,100,99,0,25,1,31,30,0,16,1,32,31,0.0,0.0024507301133462676,1,40,39,2,-1,3,6,0,51,76,71
198,12,218,35,91,56,54,58,34,36,2,12,27,35,45,10,0.0002382654276864427,0.002927260968719153,33,48,15,3,4,4,11,2,38,63,41
199,40,656,51,100,49,144,164,65,72,7,40,164,51,83,32,0.0026549576227917903,0.015487252799618776,47,77,30,2,2,2,10,1,18,53,37
200,0,0,1,1,0,0,0,1,1,0,0,0,1,1,0,0.0,0.0,1,1,0,-1,-1,-1,6,0,44,91,82
201,28,234,46,92,46,90,90,46,46,0,28,49,46,55,9,0.0020422750944552232,0.006399128629293032,45,60,15,3,3,3,10,3,11,54,35
202,234,850,88,100,12,200,200,93,93,0,200,200,93,93,0,0.02018448551686579,0.0313829606181286,80,92,12,2,2,2,8,14,27,14,37
203,0,206,1,88,87,0,23,1,29,28,0,6,1,28,27,0.0,0.00037441710065012424,1,33,32,3,-1,4,10,0,11,84,49
204,100,100,76,76,0,100,100,96,96,0,100,100,96,96,0,0.08356308928145954,0.08975799040130705,100,100,0,3,1,1,3,22,87,9,34
205,36,242,52,94,42,88,88,52,52,0,36,60,52,56,4,0.00439089145307873,0.007828721195411689,54,63,9,3,3,3,8,6,21,73,28
206,0,0,1,1,0,0,0,1,1,0,0,0,1,1,0,0.0,0.0,1,1,0,-1,-1,-1,8,0,57,86,96
207,6,212,29,93,64,29,38,31,35,4,6,24,29,44,15,0.00017018959120460194,0.003165526396405596,29,48,19,3,4,4,9,1,23,60,35
208,90,706,67,100,33,68,78,72,77,5,68,78,74,77,3,0.011334626774226489,0.018754892950747133,70,83,13,2,2,2,4,6,67,26,21
209,0,206,1,93,92,0,34,1,32,31,0,18,1,40,39,0.0,0.0030293747234419145,1,47,46,3,-1,4,9,0,23,91,35
210,2,618,27,100,73,6,60,27,47,20,2,60,27,60,33,3.4037918240920386e-05,0.014568229007113924,26,78,52,2,5,3,5,2,63,58,5
211,422,523,98,98,0,240,240,97,97,0,240,240,97,97,0,0.040505122706695255,0.04053916062493618,95,95,0,5,2,2,9,30,31,7,58
212,0,616,1,100,99,0,60,1,51,50,0,60,1,61,60,0.0,0.036080193335375606,1,92,91,2,-1,3,5,0,45,98,11
213,176,1816,88,100,12,248,272,93,94,1,176,272,88,94,6,0.017427414139351238,0.05163552197147622,79,98,19,1,2,2,11,9,19,39,1
214,100,100,73,73,0,100,100,88,88,0,100,100,88,88,0,0.049014602266925354,0.06416147588413493,97,100,3,2,1,1,4,13,84,24,5
215,274,480,96,100,4,128,128,95,95,0,128,128,95,95,0,0.03311889444841554,0.03400388032267947,91,93,2,3,2,2,5,22,45,9,64
216,24,126,48,81,33,78,78,47,47,0,24,28,48,50,2,0.0018040096667687805,0.0022465026039007454,42,46,4,4,3,3,8,4,57,64,51
217,78,284,64,95,31,110,110,77,77,0,78,84,64,64,0,0.009496579189216788,0.010960209673576363,67,68,1,3,2,2,6,4,74,72,46
218,373,573,99,100,1,120,120,99,99,0,120,120,99,99,0,0.05265665951870384,0.05674120970761428,97,97,0,3,2,2,3,36,75,2,34
219,110,1750,74,100,26,116,140,77,85,8,110,140,77,85,8,0.009394465434494027,0.028591851322373123,66,88,22,1,2,2,7,7,43,21,17
220,22,124,50,91,41,22,22,55,55,0,22,22,57,57,0,0.004356853534837809,0.009939072126348753,52,70,18,4,3,3,2,3,97,29,8
221,0,206,1,93,92,0,26,1,35,34,0,26,1,51,50,0.0,0.0037441710065012424,1,51,50,3,-1,4,5,0,49,91,13
222,0,616,1,100,99,0,80,1,44,43,0,80,1,63,62,0.0,0.013444977705163553,1,73,72,2,-1,3,9,0,26,40,5
223,40,142,51,86,35,80,80,54,54,0,40,42,51,52,1,0.0045270431260424114,0.004969536063174376,51,55,4,4,2,2,6,2,48,94,49
224,133,235,87,97,10,72,72,84,84,0,72,72,84,84,0,0.01940161339732462,0.02038871302631131,83,85,2,4,2,2,3,14,81,32,64
225,6,622,32,100,68,26,36,36,40,4,6,22,32,43,11,0.0002382654276864427,0.004731270635487933,32,52,20,2,4,3,5,1,45,49,90
226,8,214,35,93,58,46,50,38,38,0,8,14,35,35,0,0.00037441710065012424,0.0010892133837094523,33,39,6,3,4,4,9,2,23,56,55
227,24,126,52,91,39,12,12,39,39,0,12,12,44,44,0,0.0057524081827155455,0.007624493685966166,60,64,4,4,4,4,2,4,97,38,70
228,1,103,26,75,49,6,11,26,28,2,1,3,26,31,5,0.0,0.00037441710065012424,1,33,32,4,6,5,6,1,44,68,88
229,40,246,55,96,41,52,52,78,78,0,40,52,64,79,15,0.007556417849484326,0.01575955614554614,62,79,17,3,2,2,3,2,85,94,27
230,70,686,59,100,41,124,134,68,71,3,70,134,59,81,22,0.005684332346233704,0.011640968038394772,59,74,15,2,3,3,9,5,31,47,48
231,40,246,52,95,43,62,70,49,58,9,40,52,52,56,4,0.0024166921951053475,0.004288777698355968,47,54,7,3,2,2,6,1,34,49,83
232,6,622,31,99,68,24,146,31,66,35,6,146,31,82,51,0.0002723033459273631,0.032370060247115286,34,92,58,2,4,3,11,1,19,55,2
233,22,638,40,100,60,60,70,40,41,1,22,38,40,47,7,0.0010892133837094523,0.0035739814152966403,39,49,10,2,3,3,9,2,31,74,71
234,0,0,1,1,0,0,0,1,1,0,0,0,1,1,0,0.0,0.0,1,1,0,-1,-1,-1,3,1,60,69,85
235,34,136,55,84,29,44,44,53,53,0,34,36,55,56,1,0.003880322679464924,0.004016474352428605,54,54,0,4,3,3,4,6,78,70,88
236,0,0,1,1,0,0,0,1,1,0,0,0,1,1,0,0.0,0.0,1,1,0,-1,-1,-1,3,0,64,96,86
237,22,123,47,81,34,44,44,48,48,0,22,23,47,51,4,0.0014295925661186562,0.0015657442390823377,43,43,0,5,3,3,4,2,47,61,65
238,46,46,53,53,0,70,70,54,54,0,46,46,53,53,0,0.004220701861874128,0.004220701861874128,50,50,0,-1,2,2,6,2,51,83,76
239,87,87,71,71,0,78,78,75,75,0,78,78,76,76,0,0.010109261717553355,0.010109261717553355,71,71,0,-1,2,2,4,8,73,57,97
240,88,88,60,60,0,164,164,77,77,0,88,88,60,60,0,0.008475441641989176,0.008475441641989176,65,65,0,-1,2,2,10,4,36,22,97
241,0,0,1,1,0,0,0,1,1,0,0,0,1,1,0,0.0,0.0,1,1,0,-1,-1,-1,9,0,26,36,59
242,0,101,1,75,74,0,10,1,24,23,0,1,1,24,23,0.0,3.4037918240920386e-05,1,25,24,5,-1,6,10,0,36,96,68
243,190,1830,90,100,10,206,230,92,94,2,190,230,91,94,3,0.016372238673882704,0.0422410565369822,77,96,19,1,2,2,9,8,31,8,16
244,2,103,27,80,53,6,6,29,29,0,2,3,27,31,4,0.0002042275094455223,0.0002382654276864427,32,33,1,6,5,5,3,1,87,65,78
245,0,102,1,82,81,0,4,1,29,28,0,4,1,31,30,0.0,0.00034037918240920387,1,33,32,4,-1,5,2,1,68,69,63
246,6,107,31,75,44,38,38,33,33,0,6,7,31,35,4,0.0002042275094455223,0.0002382654276864427,32,33,1,5,4,4,11,1,19,4,78
247,78,180,57,86,29,128,128,72,72,0,78,80,57,58,1,0.007420266176520644,0.007488342013002485,60,60,0,4,2,2,9,7,35,62,4
248,19,225,49,97,48,18,18,38,38,0,18,18,47,47,0,0.00439089145307873,0.005412029000306341,56,57,1,3,4,4,3,4,81,22,43
249,252,452,92,98,6,168,168,95,95,0,168,168,95,95,0,0.02386058068688519,0.024473263215221756,86,87,1,3,2,2,6,16,41,12,64
250,64,64,59,59,0,114,114,67,67,0,64,64,59,59,0,0.006569318220497634,0.006569318220497634,61,61,0,-1,3,3,9,4,23,72,98
251,132,748,89,100,11,96,96,90,90,0,96,96,90,90,0,0.02032063718982947,0.044759862486810305,84,95,11,2,2,2,3,13,75,33,1
252,0,206,1,92,91,0,34,1,32,31,0,34,1,46,45,0.0,0.005207801490860819,1,54,53,3,-1,4,7,0,46,85,31
253,34,650,49,100,51,106,116,58,61,3,34,116,49,77,28,0.0013274788113958951,0.010109261717553355,40,66,26,2,3,3,11,4,19,64,33
254,0,0,1,1,0,0,0,1,1,0,0,0,1,1,0,0.0,0.0,1,1,0,-1,-1,-1,6,0,32,84,45
255,77,1717,59,100,41,76,100,55,71,16,76,100,60,72,12,0.008203138296061813,0.02569862827189489,61,89,28,1,3,2,6,8,71,44,65
256,40,656,47,100,53,90,94,44,44,0,40,90,47,57,10,0.0022465026039007454,0.008135062459579971,42,62,20,2,2,2,9,1,29,49,47
257,0,1640,1,100,99,0,48,1,72,71,0,46,1,74,73,0.0,0.037373634228530586,1,93,92,1,-1,2,3,0,92,40,46
258,0,0,1,1,0,0,0,1,1,0,0,0,1,1,0,0.0,0.0,1,1,0,-1,-1,-1,2,0,68,66,98
259,0,1640,1,100,99,0,172,1,69,68,0,172,1,88,87,0.0,0.032948704857210936,1,91,90,1,-1,2,13,0,13,91,3
260,59,675,60,100,40,68,78,74,74,0,59,78,66,76,10,0.010279451308757957,0.029476837196637053,69,89,20,2,2,2,4,6,77,73,9
261,6,6,30,30,0,24,24,33,33,0,6,6,30,30,0,0.0007147962830593281,0.0007147962830593281,36,36,0,-1,4,4,6,2,41,42,91
262,22,228,48,93,45,50,50,50,50,0,22,50,48,54,6,0.0020763130126961434,0.009905034208107831,44,69,25,3,3,3,5,2,70,52,8
263,16,632,35,100,65,70,108,43,61,18,16,108,35,76,41,0.0011232513019503727,0.025970931617822254,38,87,49,2,3,3,8,2,15,42,10
264,0,102,1,75,74,0,12,1,29,28,0,4,1,31,30,0.0,0.0009530617107457708,1,36,35,4,-1,5,6,0,44,67,83
265,12,218,35,91,56,54,54,34,34,0,12,20,35,39,4,0.0002382654276864427,0.0013274788113958951,33,38,5,3,4,4,11,2,38,63,52
266,176,382,89,100,11,96,96,68,68,0,96,96,70,70,0,0.019095272133156337,0.020558902617515914,82,83,1,3,3,3,6,17,34,6,61
267,108,724,78,100,22,182,192,87,92,5,108,192,78,93,15,0.011130399264780965,0.025392287007726607,70,86,16,2,2,2,9,5,23,25,18
268,8,214,37,95,58,18,18,38,38,0,8,18,37,46,9,0.0020082371762143027,0.006909697402906838,46,65,19,3,4,4,3,2,81,61,21
269,178,384,88,98,10,144,144,91,91,0,144,144,92,92,0,0.02556247659893121,0.02811532046700024,86,88,2,3,2,2,6,12,51,37,46
270,0,0,1,1,0,0,0,1,1,0,0,0,1,1,0,0.0,0.0,1,1,0,-1,-1,-1,2,1,99,45,79
271,56,56,57,57,0,28,28,48,48,0,28,28,54,54,0,0.00622893903808843,0.00622893903808843,59,59,0,-1,3,3,3,6,55,13,81
272,2,2,26,26,0,8,8,26,26,0,2,2,26,26,0,0.0,0.0,1,1,0,-1,5,5,7,1,43,68,97
273,0,616,1,100,99,0,50,1,48,47,0,50,1,54,53,0.0,0.023009632730862182,1,86,85,2,-1,3,5,0,61,76,11
274,2,618,28,100,72,5,28,29,47,18,2,28,28,53,25,0.0002042275094455223,0.01855066544130161,32,86,54,2,5,3,3,1,55,60,6
275,223,223,93,93,0,118,118,92,92,0,118,118,92,92,0,0.021716191837707205,0.021716191837707205,86,86,0,-1,2,2,5,16,37,12,96
276,162,162,81,81,0,142,142,78,78,0,142,142,82,82,0,0.016304162837400864,0.016304162837400864,75,75,0,-1,2,2,8,13,27,33,98
277,264,464,93,99,6,110,110,78,78,0,110,110,82,82,0,0.03104258143571939,0.032370060247115286,91,92,1,3,2,2,6,29,51,0,75
278,0,616,1,100,99,0,56,1,32,31,0,24,1,39,38,0.0,0.001940161339732462,1,43,42,2,-1,3,15,0,7,84,54
279,0,616,1,100,99,0,38,1,37,36,0,38,1,50,49,0.0,0.009054086252084823,1,66,65,2,-1,3,6,0,65,98,8
280,100,100,63,63,0,100,100,39,39,0,100,100,63,63,0,0.02723033459273631,0.03992647809659961,89,94,5,2,1,1,14,15,17,19,18
281,2,208,29,94,65,4,8,31,32,1,2,8,29,37,8,3.4037918240920386e-05,0.01157289220191293,27,74,47,3,5,4,2,1,90,65,30
282,112,318,77,96,19,264,264,81,81,0,112,120,77,80,3,0.009122162088566664,0.01065386840940808,65,67,2,3,2,2,16,7,4,62,83
283,128,229,83,95,12,104,104,86,86,0,104,104,86,86,0,0.016406276592123625,0.016406276592123625,79,79,0,6,2,2,5,13,45,33,58
284,100,100,58,58,0,100,100,38,38,0,100,100,58,58,0,0.04782327512849314,0.04782327512849314,97,97,0,4,1,1,16,29,9,1,58
285,6,6,34,34,0,8,8,35,35,0,6,6,34,34,0,0.00037441710065012424,0.00037441710065012424,35,35,0,-1,4,4,2,1,97,49,67
286,176,1816,90,100,10,232,256,95,96,1,176,256,90,96,6,0.01763164164879676,0.05088668777017598,83,97,14,1,2,2,10,9,36,39,1
287,0,616,1,100,99,0,50,1,44,43,0,50,1,51,50,0.0,0.020014295925661188,1,86,85,2,-1,3,5,0,52,98,0
288,226,328,91,95,4,144,144,92,92,0,144,144,92,92,0,0.021443888491779844,0.021511964328261683,83,83,0,4,2,2,6,18,41,5,65
289,182,798,86,100,14,120,120,77,77,0,120,120,84,84,0,0.01943565131556554,0.03192756730998332,82,92,10,2,2,2,6,18,40,30,5
290,100,100,61,61,0,100,100,43,42,-1,100,100,61,61,0,0.016882807447496512,0.01865277919602437,75,77,2,2,1,1,12,3,2,29,74
291,22,123,40,79,39,70,70,35,35,0,22,23,40,44,4,0.0017018959120460194,0.0017359338302869397,41,41,0,5,3,3,12,3,3,51,68
292,121,737,87,100,13,48,48,73,73,0,48,48,75,75,0,0.021614078082984444,0.038735150958167396,85,93,8,2,3,3,3,15,92,16,9
293,0,0,1,1,0,0,0,1,1,0,0,0,1,1,0,0.0,0.0,1,1,0,-1,-1,-1,3,0,76,84,50
294,0,616,1,100,99,0,34,1,38,37,0,34,1,50,49,0.0,0.020014295925661188,1,85,84,2,-1,3,4,0,53,79,1
295,199,300,93,98,5,96,96,95,95,0,96,96,95,95,0,0.033084856530174615,0.03311889444841554,91,91,0,5,2,2,3,15,55,16,60
296,28,228,45,90,45,74,74,42,42,0,28,34,45,48,3,0.0019061234214915416,0.003199564314646516,43,49,6,3,3,3,9,3,28,54,51
297,0,616,1,100,99,0,25,1,35,34,0,16,1,38,37,0.0,0.0014636304843595766,1,42,41,2,-1,3,6,0,69,81,49
298,100,100,61,61,0,100,100,40,40,0,100,100,61,61,0,0.022396950202525613,0.02757071377514551,84,90,6,2,1,1,14,13,8,24,62
299,2,104,26,70,44,14,19,28,28,0,2,4,26,28,2,0.0,0.0002382654276864427,1,32,31,4,5,5,11,2,5,58,88
300,100,100,62,62,0,100,100,45,45,0,100,100,62,62,0,0.04152626025392287,0.04152626025392287,94,94,0,-1,1,1,12,22,3,9,87
301,100,100,67,67,0,100,100,54,54,0,100,100,67,67,0,0.027706865448109193,0.04411314204023282,88,98,10,2,1,1,8,9,27,31,16
302,434,434,98,98,0,288,288,100,100,0,288,288,100,100,0,0.0370672929643623,0.0370672929643623,94,94,0,-1,2,2,9,29,29,0,50
303,0,616,1,100,99,0,88,1,48,47,0,88,1,63,62,0.0,0.01575955614554614,1,79,78,2,-1,3,8,0,30,93,15
304,6,1646,33,100,67,22,84,35,73,38,6,84,33,73,40,0.0006126825283365669,0.047244630518397494,37,97,60,1,4,2,5,2,49,42,3
305,369,985,99,100,1,168,168,99,99,0,168,168,99,99,0,0.039994553933081455,0.04721059260015657,96,97,1,2,2,2,6,29,74,1,77
306,0,0,1,1,0,0,0,1,1,0,0,0,1,1,0,0.0,0.0,1,1,0,-1,-1,-1,2,0,95,99,84
307,178,384,90,98,8,80,80,66,66,0,80,80,68,68,0,0.01960584090677014,0.020729092208720514,82,84,2,3,3,3,5,19,63,15,61
308,308,409,99,100,1,80,80,96,96,0,80,80,96,96,0,0.052248204499812795,0.052248204499812795,97,97,0,6,2,2,2,40,86,3,58
309,0,206,1,95,94,0,8,1,31,30,0,8,1,37,36,0.0,0.00439089145307873,1,53,52,3,-1,4,2,0,95,79,34
310,0,206,1,95,94,0,18,1,34,33,0,18,1,45,44,0.0,0.00891793457912114,1,65,64,3,-1,4,3,0,94,80,32
311,97,97,76,76,0,64,64,68,68,0,64,64,70,70,0,0.012491915994417782,0.012491915994417782,76,76,0,-1,3,3,4,13,78,33,36
312,540,1140,100,100,0,224,224,96,96,0,224,224,96,96,0,0.04697232717247013,0.05088668777017598,97,98,1,2,2,2,8,40,42,3,22
313,40,40,49,49,0,130,130,66,66,0,40,40,49,49,0,0.0028591851322373124,0.0028591851322373124,48,48,0,-1,2,2,11,1,38,53,81
314,8,214,40,96,56,8,12,34,38,4,8,12,40,44,4,0.0018040096667687805,0.01143674052894925,43,71,28,3,4,4,2,2,93,61,39
315,52,668,53,100,47,44,54,44,55,11,44,54,50,56,6,0.006739507811702236,0.02559651451717213,58,89,31,2,3,3,4,6,67,34,7
316,50,650,64,100,36,28,28,46,46,0,28,28,53,53,0,0.005820484019197386,0.026651689982640663,60,90,30,2,3,3,3,5,81,47,7
317,22,638,42,100,58,80,120,41,63,22,22,106,42,73,31,0.002382654276864427,0.01405766023350012,46,73,27,2,3,3,10,2,22,83,8
318,106,1746,77,100,23,120,144,80,87,7,120,144,81,88,7,0.01055175465468532,0.030600088498587426,71,90,19,1,2,2,6,7,34,48,26
319,1,207,25,96,71,2,8,25,32,7,1,8,25,38,13,0.0,0.003437829742332959,1,53,52,3,6,4,2,2,86,58,47
320,74,690,72,100,28,32,32,69,69,0,32,32,69,69,0,0.014432077334150244,0.02542632492596753,75,88,13,2,3,3,2,9,93,39,33
321,32,32,45,45,0,184,184,67,67,0,32,32,45,45,0,0.0025188059498281084,0.0025188059498281084,47,47,0,-1,3,3,14,2,16,61,93
322,6,108,34,85,51,12,12,39,39,0,6,12,34,44,10,0.0008169100377820892,0.005071649817897137,39,54,15,4,4,4,2,1,93,49,57
323,110,316,77,98,21,76,76,51,51,0,76,76,63,63,0,0.007488342013002485,0.010347527145239796,64,69,5,3,3,3,6,13,59,24,35
324,104,720,76,100,24,110,120,77,84,7,110,120,81,86,5,0.012287688484972258,0.0247115286429082,70,85,15,2,2,2,6,9,74,31,6
325,96,197,71,93,22,88,88,71,71,0,88,88,71,71,0,0.009973110044589673,0.010075223799312433,70,70,0,5,2,2,4,7,53,48,78
326,138,754,82,100,18,172,176,73,73,0,138,176,82,84,2,0.010279451308757957,0.03359542530378842,68,93,25,2,2,2,12,9,2,31,0
327,0,616,1,100,99,0,40,1,33,32,0,16,1,35,34,0.0,0.0019741992579733825,1,44,43,2,-1,3,9,0,28,99,53
328,12,218,39,93,54,20,24,35,37,2,12,24,39,49,10,0.0009530617107457708,0.004118588107151367,39,52,13,3,4,4,4,2,73,74,41
329,18,1658,43,100,57,36,74,38,57,19,18,74,43,61,18,0.0018040096667687805,0.02828551005820484,44,88,44,1,3,2,5,2,61,83,48
330,0,616,1,100,99,0,92,1,52,51,0,92,1,61,60,0.0,0.024779604479390042,1,87,86,2,-1,3,7,0,24,67,10
331,0,206,1,93,92,0,16,1,32,31,0,16,1,42,41,0.0,0.005105687736138058,1,56,55,3,-1,4,4,0,73,99,31
332,0,616,1,100,99,0,38,1,36,35,0,28,1,43,42,0.0,0.00353994349705572,1,51,50,2,-1,3,8,0,10,76,35
333,118,219,88,97,9,32,32,67,67,0,32,32,68,68,0,0.02117158514585248,0.021341774737057083,85,85,0,5,3,3,2,19,97,15,60
334,524,724,99,100,1,264,264,99,99,0,264,264,99,99,0,0.05289492494639028,0.057932536846046497,98,100,2,3,2,2,9,36,31,2,25
335,58,160,60,92,32,22,22,42,42,0,22,22,45,45,0,0.008169100377820893,0.009564655025698629,64,66,2,4,3,3,2,7,91,48,94
336,100,100,66,66,0,100,100,52,52,0,100,100,66,66,0,0.02634534871847238,0.0545968208584363,88,99,11,1,1,1,8,4,15,38,9
337,16,222,39,92,53,46,46,40,40,0,16,22,39,44,5,0.0026209197045508697,0.002927260968719153,48,49,1,3,3,3,6,2,44,94,49
338,146,352,90,100,10,80,80,94,94,0,80,80,94,94,0,0.02573266619013581,0.028149358385241158,89,90,1,3,2,2,2,13,91,33,90
339,216,216,95,95,0,112,112,92,92,0,112,112,92,92,0,0.023179822322066782,0.023179822322066782,90,90,0,-1,2,2,4,19,53,15,87
340,140,140,85,85,0,170,170,78,78,0,140,140,85,85,0,0.010279451308757957,0.010279451308757957,68,68,0,-1,2,2,11,13,38,24,92
341,108,314,80,95,15,80,80,68,68,0,80,80,72,72,0,0.01409169815174104,0.018788930868988054,76,81,5,3,3,3,5,13,88,33,34
342,0,206,1,86,85,0,20,1,26,25,0,6,1,26,25,0.0,0.00010211375472276115,1,27,26,3,-1,4,14,0,25,36,60
343,0,206,1,93,92,0,14,1,33,32,0,14,1,39,38,0.0,0.006535280302256714,1,59,58,3,-1,4,3,0,55,93,77
344,0,102,1,77,76,0,5,1,26,25,0,2,1,26,25,0.0,6.807583648184077e-05,1,27,26,4,-1,5,4,0,53,98,65
345,52,52,61,61,0,48,48,65,65,0,48,48,68,68,0,0.009258313761530345,0.009258313761530345,70,70,0,-1,3,3,3,6,66,34,67
346,6,212,27,86,59,42,42,34,34,0,6,12,27,32,5,0.00010211375472276115,0.000442492937131965,29,36,7,3,4,4,12,1,2,4,55
347,0,1640,1,100,99,0,82,1,40,39,0,58,1,53,52,0.0,0.011130399264780965,1,71,70,1,-1,2,11,0,5,79,54
348,490,490,100,100,0,248,248,98,98,0,248,248,98,98,0,0.055788147996868515,0.055788147996868515,99,99,0,-1,2,2,8,36,57,2,97
349,0,102,1,79,78,0,6,1,28,27,0,4,1,31,30,0.0,0.0008509479560230097,1,36,35,4,-1,5,3,0,58,93,43
350,184,800,84,100,16,166,166,84,84,0,166,166,85,85,0,0.011947309302563056,0.015657442390823378,69,73,4,2,2,2,8,13,27,24,70
351,206,822,93,100,7,120,120,90,90,0,120,120,90,90,0,0.028217434221723,0.03682902753667586,88,94,6,2,2,2,6,22,69,9,17
352,125,125,83,83,0,60,60,53,53,0,60,60,60,60,0,0.014329963579427483,0.014329963579427483,76,76,0,-1,3,3,5,15,49,19,81
353,22,22,42,42,0,26,26,38,38,0,22,22,42,42,0,0.0005786446100956465,0.0005786446100956465,36,36,0,-1,3,3,4,2,53,63,81
354,2,2,28,28,0,4,4,30,30,0,2,2,28,28,0,0.0002723033459273631,0.0002723033459273631,33,33,0,-1,5,5,2,1,93,88,99
355,16,632,34,100,66,42,118,32,58,26,16,60,34,55,21,0.0002042275094455223,0.005616256509751864,32,54,22,2,3,3,16,1,9,95,38
356,22,228,41,91,50,110,110,59,59,0,22,30,41,46,5,0.0018040096667687805,0.002586881786309949,43,45,2,3,3,3,10,2,18,61,51
357,58,264,60,98,38,22,22,42,42,0,22,22,45,45,0,0.01058579257292624,0.012934408931549747,67,75,8,3,3,3,2,8,91,8,75
358,0,1640,1,100,99,0,110,1,53,52,0,77,1,59,58,0.0,0.01409169815174104,1,74,73,1,-1,2,14,0,17,85,27
359,0,206,1,89,88,0,11,1,26,25,0,6,1,26,25,0.0,0.0007828721195411688,1,34,33,3,-1,4,6,0,40,80,78
360,174,774,89,100,11,88,88,77,77,0,88,88,77,77,0,0.02100139555464788,0.03625038292658021,85,92,7,2,2,2,4,16,79,12,16
361,2,618,29,100,71,9,24,30,34,4,2,20,29,44,15,0.00010211375472276115,0.006058749446883829,29,56,27,2,5,3,5,1,88,55,83
362,100,100,64,64,0,100,100,59,59,0,100,100,64,64,0,0.04190067735457299,0.04506620375097859,96,97,1,2,1,1,6,13,40,33,54
363,16,632,31,100,69,48,88,32,38,6,16,56,31,50,19,0.0002042275094455223,0.004629156880765172,30,54,24,2,3,3,14,1,25,95,26
364,6,108,31,84,53,10,10,31,31,0,6,8,31,35,4,0.00013615167296368154,0.0007147962830593281,30,36,6,4,4,4,3,1,66,4,42
365,108,210,85,94,9,48,48,65,65,0,48,48,68,68,0,0.012151536812008578,0.013070560604513427,76,79,3,4,3,3,3,14,66,14,71
366,0,1640,1,100,99,0,178,1,68,67,0,178,1,84,83,0.0,0.029510875114877974,1,91,90,1,-1,2,14,0,25,67,1
367,15,631,43,100,57,18,28,35,45,10,18,28,48,53,5,0.0035059055788147996,0.012389802239695021,53,74,21,2,4,3,3,6,87,73,38
368,272,478,98,100,2,72,72,86,86,0,72,72,86,86,0,0.041049729398549985,0.04482793832329215,93,94,1,3,2,2,3,30,92,7,34
369,0,1640,1,100,99,0,52,1,73,72,0,52,1,75,74,0.0,0.04598522754348344,1,97,96,1,-1,2,3,0,58,82,23
370,26,26,47,47,0,94,94,39,39,0,26,26,47,47,0,0.0038462847612240037,0.0038462847612240037,51,51,0,-1,3,3,13,6,13,73,91
371,18,224,41,90,49,38,42,38,39,1,18,30,41,47,6,0.000442492937131965,0.0021784267674189047,34,44,10,3,3,3,6,2,48,56,54
372,71,277,57,96,39,108,108,61,61,0,71,77,57,57,0,0.005105687736138058,0.006671431975220395,57,60,3,3,2,2,9,6,28,35,52
373,118,734,81,100,19,78,78,77,77,0,78,78,77,77,0,0.015623404472582456,0.024983831988835564,79,86,7,2,2,2,4,13,84,33,38
374,0,206,1,92,91,0,15,1,29,28,0,12,1,35,34,0.0,0.0018380475850097008,1,43,42,3,-1,4,6,0,65,81,75
375,226,426,91,98,7,144,144,92,92,0,144,144,92,92,0,0.021443888491779844,0.021784267674189048,83,84,1,3,2,2,6,18,41,5,83
376,16,616,36,100,64,56,56,41,41,0,16,56,36,51,15,0.0028932230504782326,0.017291262466387555,40,80,40,2,3,3,6,2,71,94,23
377,16,632,38,100,62,30,52,36,45,9,16,52,38,56,18,0.0007488342013002485,0.010313489226998877,37,67,30,2,3,3,6,1,74,4,17
378,2,2,26,26,0,18,18,28,28,0,2,2,26,26,0,0.0,0.0,1,1,0,-1,5,5,14,1,16,68,59
379,92,92,76,76,0,48,48,59,59,0,48,48,63,63,0,0.012866333095067906,0.012866333095067906,78,78,0,-1,3,3,3,8,75,17,91
380,132,132,82,82,0,264,264,93,93,0,132,132,82,82,0,0.011981347220803976,0.011981347220803976,72,72,0,-1,2,2,12,5,6,25,96
381,0,616,1,100,99,0,40,1,38,37,0,40,1,52,51,0.0,0.015657442390823378,1,78,77,2,-1,3,5,0,63,93,16
382,16,222,34,92,58,40,40,40,40,0,16,40,34,48,14,0.0013274788113958951,0.007284114503556962,40,62,22,3,3,3,5,1,50,71,31
383,40,656,54,100,46,68,78,71,72,1,40,78,54,72,18,0.005854521937438306,0.04162837400864563,58,94,36,2,2,2,4,2,79,94,2
384,16,632,35,100,65,21,26,34,36,2,16,26,35,43,8,0.0005105687736138058,0.008339289969025495,33,62,29,2,3,3,4,1,67,65,31
385,196,196,87,87,0,224,224,76,76,0,196,196,87,87,0,0.014295925661186561,0.014295925661186561,73,73,0,-1,2,2,15,14,7,14,59
386,105,311,77,96,19,48,48,62,62,0,48,48,64,64,0,0.00966676878042139,0.01592974573675074,70,80,10,3,3,3,3,13,64,24,44
387,0,101,1,71,70,0,5,1,25,24,0,1,1,25,24,0.0,6.807583648184077e-05,1,27,26,5,-1,6,5,0,52,66,58
388,100,100,58,58,0,100,100,35,35,0,100,100,59,59,0,0.014772456516559448,0.030293747234419143,75,90,15,2,1,1,17,5,20,47,23
389,1,1,25,25,0,2,2,25,25,0,1,1,25,25,0,0.0,0.0,1,1,0,-1,6,6,2,1,86,68,92
390,74,74,68,68,0,48,48,59,59,0,48,48,63,63,0,0.011777119711358454,0.011777119711358454,77,77,0,-1,3,3,3,9,75,27,96
391,33,33,54,54,0,12,12,39,39,0,12,12,45,45,0,0.00616086320160659,0.00616086320160659,59,59,0,-1,4,4,2,8,93,57,96
392,518,1134,99,100,1,424,424,98,98,0,424,424,98,98,0,0.035569624561761805,0.03866707512168556,94,95,1,2,2,2,16,27,4,10,47
393,22,22,46,46,0,22,22,42,42,0,22,22,45,45,0,0.0030974505599237552,0.0030974505599237552,49,49,0,-1,3,3,2,2,91,75,93
394,0,101,1,84,83,0,2,1,24,23,0,1,1,24,23,0.0,6.807583648184077e-05,1,28,27,5,-1,6,2,1,93,69,95
395,44,660,54,100,46,50,50,49,49,0,44,50,54,54,0,0.007147962830593281,0.010994247591817285,61,71,10,2,3,3,5,4,61,38,22
396,307,409,97,100,3,104,104,86,86,0,104,104,86,86,0,0.03311889444841554,0.03359542530378842,91,93,2,4,2,2,5,29,45,1,42
397,0,1640,1,100,99,0,124,1,64,63,0,124,1,79,78,0.0,0.029476837196637053,1,90,89,1,-1,2,10,0,1,89,0
398,94,94,61,61,0,174,174,78,78,0,94,94,61,61,0,0.007794683277170768,0.007794683277170768,62,62,0,-1,2,2,10,6,11,26,96
399,84,186,60,88,28,202,202,74,74,0,84,86,60,61,1,0.006126825283365669,0.006297014874570271,58,59,1,4,2,2,13,5,13,47,88
400,135,751,84,100,16,128,128,90,90,0,128,128,90,90,0,0.01242384015793594,0.024983831988835564,73,89,16,2,2,2,5,8,63,44,6
401,48,48,61,61,0,28,28,44,44,0,28,28,51,51,0,0.007113924912352361,0.007113924912352361,64,64,0,-1,3,3,3,7,92,48,82
402,2,618,27,100,73,5,28,28,42,14,2,28,27,49,22,3.4037918240920386e-05,0.02294155689438034,26,88,62,2,5,3,3,1,66,95,16
403,73,689,59,100,41,116,116,77,77,0,73,116,59,79,20,0.005854521937438306,0.01330882603219987,57,75,18,2,2,2,7,4,43,22,27
404,6,1646,31,100,69,14,80,31,53,22,6,80,31,62,31,3.4037918240920386e-05,0.03025970931617822,27,89,62,1,4,2,6,1,48,95,18
405,108,314,78,95,17,62,62,46,46,0,62,62,59,59,0,0.011130399264780965,0.01695088328397835,70,79,9,3,3,3,7,8,62,8,31
406,6,206,31,92,61,22,22,34,34,0,6,6,31,31,0,0.0006126825283365669,0.0025188059498281084,38,48,10,3,4,4,5,1,37,88,46
407,50,256,57,95,38,70,70,62,62,0,50,70,56,68,12,0.005548180673270023,0.011640968038394772,55,75,20,3,3,3,5,6,45,26,25
408,100,100,76,76,0,100,100,90,90,0,100,100,90,90,0,0.05582218591510943,0.07205827291602845,97,99,2,2,1,1,4,12,72,37,12
409,328,1968,95,100,5,224,248,96,98,2,224,248,96,98,2,0.025051907825317403,0.04693828925422921,86,97,11,1,2,2,8,19,42,15,6
410,200,816,88,100,12,180,190,93,93,0,200,190,93,93,0,0.015725518227305217,0.02215868477483917,78,84,6,2,2,2,8,8,30,8,72
411,100,100,60,60,0,100,100,40,40,0,100,100,60,60,0,0.017937982912965042,0.01943565131556554,77,79,2,2,1,1,14,5,25,47,43
412,154,770,86,100,14,112,112,92,92,0,112,112,92,92,0,0.022839443139657578,0.028932230504782327,89,92,3,2,2,2,4,12,53,37,62
413,82,184,56,88,32,188,188,70,70,0,82,84,56,56,0,0.006671431975220395,0.006671431975220395,59,59,0,4,2,2,14,6,8,35,68
414,16,632,36,100,64,56,66,41,46,5,16,48,36,51,15,0.0028932230504782326,0.007828721195411689,40,59,19,2,3,3,6,2,71,94,26
415,28,644,47,100,53,42,46,38,42,4,28,46,47,51,4,0.0013955546478777359,0.023724429013921508,41,86,45,2,3,3,6,4,65,64,11
416,116,218,79,93,14,114,114,67,67,0,114,114,79,79,0,0.00891793457912114,0.009156200006807584,68,69,1,4,3,3,9,13,35,24,55
417,204,404,92,99,7,120,120,86,86,0,120,120,86,86,0,0.02021852343510671,0.02413288403281255,85,87,2,3,2,2,6,16,65,12,57
418,16,632,35,100,65,50,76,33,38,5,16,76,35,57,22,0.0007147962830593281,0.008339289969025495,35,64,29,2,3,3,10,1,36,88,32
419,381,481,100,100,0,96,96,89,89,0,96,96,89,89,0,0.04823173014738419,0.049218829776370876,96,96,0,4,2,2,3,40,64,3,53
420,94,300,77,100,23,32,32,69,69,0,32,32,69,69,0,0.021035433472888797,0.024983831988835564,86,87,1,3,3,3,2,20,93,23,62
421,0,0,1,1,0,0,0,1,1,0,0,0,1,1,0,0.0,0.0,1,1,0,-1,-1,-1,2,0,95,59,92
422,6,6,32,32,0,8,8,32,32,0,6,6,32,32,0,0.00030634126416828345,0.00030634126416828345,33,33,0,-1,4,4,2,1,68,4,97
423,0,102,1,77,76,0,6,1,27,26,0,3,1,31,30,0.0,0.0002723033459273631,1,33,32,4,-1,5,4,0,84,87,63
424,60,676,56,100,44,130,130,66,66,0,60,83,56,62,6,0.006671431975220395,0.008203138296061813,60,64,4,2,3,3,10,6,12,26,64
425,22,228,44,93,49,36,36,40,40,0,22,36,44,50,6,0.0014636304843595766,0.004629156880765172,41,52,11,3,3,3,5,2,37,74,35
426,6,212,29,93,64,29,38,31,35,4,6,20,29,40,11,0.00017018959120460194,0.0035739814152966403,29,50,21,3,4,4,9,1,23,60,41
427,18,120,47,87,40,22,22,47,47,0,18,22,50,51,1,0.0018380475850097008,0.006943735321147759,43,62,19,4,3,3,2,2,89,61,24
428,0,0,1,1,0,0,0,1,1,0,0,0,1,1,0,0.0,0.0,1,1,0,-1,-1,-1,6,1,59,69,96
429,0,1640,1,100,99,0,49,1,41,40,0,42,1,52,51,0.0,0.01504475986248681,1,76,75,1,-1,2,7,0,62,92,74
430,80,80,72,72,0,64,64,64,64,0,64,64,67,67,0,0.012083460975526737,0.012083460975526737,74,74,0,-1,3,3,4,9,77,27,59
431,126,228,80,93,13,238,238,90,90,0,126,128,80,80,0,0.010619830491167161,0.011232513019503728,67,69,2,4,2,2,11,4,19,72,71
432,22,228,40,92,52,90,94,42,43,1,22,52,40,50,10,0.00088498587426393,0.007420266176520644,37,62,25,3,3,3,12,2,3,63,34
433,0,0,1,1,0,0,0,1,1,0,0,0,1,1,0,0.0,0.0,1,1,0,-1,-1,-1,7,0,24,84,50
434,0,616,1,100,99,0,24,1,35,34,0,24,1,47,46,0.0,0.007794683277170768,1,63,62,2,-1,3,5,0,49,84,8
435,6,212,33,90,57,29,29,33,33,0,6,14,33,39,6,0.00034037918240920387,0.0012253650566731338,33,40,7,3,4,4,9,1,26,4,64
436,80,80,66,66,0,66,66,49,49,0,66,66,63,63,0,0.008339289969025495,0.008339289969025495,66,66,0,-1,3,3,6,9,32,31,92
437,0,206,1,91,90,0,23,1,28,27,0,6,1,28,27,0.0,0.000442492937131965,1,34,33,3,-1,4,10,0,0,82,49
438,46,46,53,53,0,74,74,62,62,0,46,46,53,53,0,0.004016474352428605,0.004016474352428605,52,52,0,-1,2,2,5,2,37,52,92
439,100,100,75,75,0,100,100,89,89,0,100,100,89,89,0,0.060213077368188164,0.08424384764627796,98,100,2,1,1,1,4,19,73,15,83
440,190,806,88,100,12,176,176,79,79,0,176,176,86,86,0,0.017427414139351238,0.020967357636406957,79,82,3,2,3,3,11,17,38,6,29
441,28,1668,46,100,54,70,134,38,65,27,28,134,46,80,34,0.0018720855032506212,0.03226794649239253,44,93,49,1,3,2,10,3,1,43,9
442,0,0,1,1,0,0,0,1,1,0,0,0,1,1,0,0.0,0.0,1,1,0,-1,-1,-1,5,0,80,66,36
443,68,170,66,90,24,48,48,60,60,0,48,48,63,63,0,0.011709043874876613,0.012049423057285817,69,70,1,4,3,3,3,8,58,20,56
444,44,44,66,66,0,32,32,67,67,0,32,32,68,68,0,0.009224275843289425,0.009224275843289425,68,68,0,-1,3,3,2,6,97,34,91
445,0,1640,1,100,99,0,86,1,54,53,0,86,1,59,58,0.0,0.028762040913577726,1,90,89,1,-1,2,6,0,40,59,6
446,0,206,1,91,90,0,18,1,32,31,0,8,1,34,33,0.0,0.0012934408931549745,1,40,39,3,-1,4,7,0,62,82,52
447,189,389,96,100,4,32,32,69,69,0,32,32,69,69,0,0.03240409816535621,0.03652268627250757,93,93,0,3,3,3,2,29,93,11,28
448,0,206,1,91,90,0,32,1,30,29,0,8,1,33,32,0.0,0.0017018959120460194,1,40,39,3,-1,4,11,0,38,99,83
449,158,158,84,84,0,246,246,74,74,0,158,158,84,84,0,0.009394465434494027,0.009394465434494027,65,65,0,-1,2,2,17,9,20,31,76
450,312,312,96,96,0,168,168,96,96,0,168,168,96,96,0,0.03601211749889377,0.03601211749889377,92,92,0,-1,2,2,6,22,32,9,66
451,2,618,26,100,74,12,54,27,35,8,2,38,26,49,23,0.0,0.004561081044283332,1,55,54,2,5,3,10,1,18,68,35
452,0,206,1,92,91,0,10,1,31,30,0,8,1,36,35,0.0,0.0012253650566731338,1,39,38,3,-1,4,3,0,76,98,74
453,0,206,1,91,90,0,28,1,31,30,0,8,1,32,31,0.0,0.00088498587426393,1,37,36,3,-1,4,10,0,0,86,74
454,153,153,92,92,0,80,80,97,97,0,80,80,97,97,0,0.02900030634126417,0.02900030634126417,90,90,0,-1,2,2,2,18,89,5,97
455,0,0,1,1,0,0,0,1,1,0,0,0,1,1,0,0.0,0.0,1,1,0,-1,-1,-1,16,0,4,59,36
456,18,224,48,99,51,18,22,53,54,1,18,22,54,56,2,0.003812246842983083,0.01507879778072773,50,79,29,3,3,3,2,2,97,75,39
457,8,8,37,37,0,20,20,35,35,0,8,8,37,37,0,0.0006807583648184077,0.0006807583648184077,37,37,0,-1,4,4,4,3,83,51,50
458,0,206,1,89,88,0,44,1,33,32,0,14,1,34,33,0.0,0.0020422750944552232,1,43,42,3,-1,4,10,0,18,97,70
459,16,222,37,92,55,88,88,52,52,0,16,42,37,54,17,0.0024166921951053475,0.005990673610401988,48,58,10,3,3,3,8,1,21,53,47
460,49,49,56,56,0,70,70,63,63,0,49,49,55,55,0,0.005037611899656217,0.005037611899656217,56,56,0,-1,3,3,5,4,49,22,66
461,39,245,50,95,45,94,94,52,52,0,39,94,50,64,14,0.004220701861874128,0.009428503352734947,52,70,18,3,3,3,9,4,35,22,48
462,0,616,1,100,99,0,22,1,47,46,0,22,1,50,49,0.0,0.007420266176520644,1,62,61,2,-1,3,2,0,95,67,26
463,112,318,78,95,17,166,166,88,88,0,112,126,78,80,2,0.011300588855985567,0.01405766023350012,71,75,4,3,2,2,8,4,21,38,73
464,0,616,1,100,99,0,36,1,40,39,0,36,1,52,51,0.0,0.015351101126655093,1,78,77,2,-1,3,5,0,49,85,15
465,16,1656,39,100,61,68,122,43,73,30,16,122,39,80,41,0.002144388849177984,0.03458252493277511,46,93,47,1,3,2,8,2,57,94,1
466,12,12,37,37,0,14,14,34,34,0,12,12,37,37,0,0.0007488342013002485,0.0007488342013002485,36,36,0,-1,4,4,3,2,55,74,66
467,22,228,43,94,51,40,40,40,40,0,22,40,43,49,6,0.0024166921951053475,0.008271214132543654,47,61,14,3,3,3,5,2,52,83,44
468,22,123,49,87,38,22,22,49,49,0,22,22,50,50,0,0.003437829742332959,0.0034718676605738795,50,50,0,6,3,3,2,2,93,75,58
469,190,1830,89,100,11,222,256,83,88,5,222,256,90,93,3,0.020048333843902106,0.035705776234725484,82,95,13,1,2,2,13,16,13,18,32
470,2,618,27,100,73,3,18,27,46,19,2,18,27,48,21,3.4037918240920386e-05,0.008679669151434699,28,66,38,2,5,3,2,1,99,95,48
471,2,208,26,89,63,11,32,28,33,5,2,12,26,35,9,0.00010211375472276115,0.001599782157323258,29,41,12,3,5,4,8,1,10,78,54
472,0,206,1,92,91,0,20,1,35,34,0,20,1,49,48,0.0,0.005412029000306341,1,58,57,3,-1,4,4,1,78,69,48
473,0,616,1,100,99,0,42,1,34,33,0,17,1,40,39,0.0,0.0019061234214915416,1,42,41,2,-1,3,8,0,15,89,61
474,0,102,1,74,73,0,12,1,28,27,0,2,1,25,24,0.0,0.0005786446100956465,1,36,35,4,-1,5,8,0,10,96,42
475,0,0,1,1,0,0,0,1,1,0,0,0,1,1,0,0.0,0.0,1,1,0,-1,-1,-1,9,0,54,96,59
476,22,622,50,100,50,28,28,44,44,0,22,28,50,53,3,0.00176997174852786,0.008475441641989176,42,66,24,2,3,3,3,2,76,74,62
477,0,102,1,81,80,0,6,1,28,27,0,4,1,30,29,0.0,0.0010211375472276116,1,37,36,4,-1,5,3,1,66,50,43
478,190,806,87,100,13,252,252,81,81,0,190,252,87,91,4,0.014227849824704722,0.02552843868069029,74,88,14,2,2,2,14,13,16,33,14
479,268,268,92,92,0,254,254,93,93,0,254,254,94,94,0,0.022805405221416657,0.022805405221416657,82,82,0,-1,2,2,12,17,2,6,45
480,0,616,1,100,99,0,32,1,32,31,0,25,1,44,43,0.0,0.004935498144933456,1,53,52,2,-1,3,7,1,46,50,73
481,268,1908,93,100,7,232,256,91,96,5,232,256,93,97,4,0.025868817863099493,0.043364307838932574,89,96,7,1,2,2,10,15,22,16,14
482,54,670,58,100,42,80,80,66,66,0,54,80,59,67,8,0.007454304094761564,0.029544913033118896,64,91,27,2,3,3,5,7,63,62,7
483,1,103,25,83,58,3,4,25,26,1,1,3,25,30,5,0.0,0.0002723033459273631,1,31,30,4,6,5,3,2,85,58,4
484,0,206,1,91,90,0,26,1,34,33,0,14,1,36,35,0.0,0.0016678579938050988,1,42,41,3,-1,4,7,0,62,40,70
485,100,100,73,73,0,100,100,82,82,0,100,100,82,82,0,0.05367779706593145,0.05728581639946901,99,99,0,3,1,1,5,18,88,5,13
486,24,230,48,94,46,36,36,41,41,0,24,36,48,52,4,0.0019741992579733825,0.00439089145307873,44,52,8,3,3,3,5,3,49,54,70
487,0,0,1,1,0,0,0,1,1,0,0,0,1,1,0,0.0,0.0,1,1,0,-1,-1,-1,5,0,45,92,85
488,0,206,1,89,88,0,22,1,28,27,0,8,1,34,33,0.0,0.0008509479560230097,1,35,34,3,-1,4,10,1,18,69,51
489,0,206,1,93,92,0,14,1,34,33,0,9,1,40,39,0.0,0.0016678579938050988,1,40,39,3,-1,4,3,1,92,50,54
490,190,806,89,100,11,192,192,86,86,0,192,192,89,89,0,0.0156914803090643,0.023588277340957826,78,86,8,2,2,2,9,13,28,33,8
491,0,0,1,1,0,0,0,1,1,0,0,0,1,1,0,0.0,0.0,1,1,0,-1,-1,-1,4,0,77,99,45
492,64,64,64,64,0,60,60,55,55,0,60,60,60,60,0,0.008203138296061813,0.008203138296061813,67,67,0,-1,3,3,5,7,70,48,97
493,100,700,77,100,23,72,72,77,77,0,72,72,77,77,0,0.009564655025698629,0.02018448551686579,72,84,12,2,2,2,3,6,82,13,33
494,40,142,50,85,35,79,79,37,37,0,40,42,50,51,1,0.0011232513019503727,0.0015317063208414173,36,41,5,4,2,2,13,1,13,95,49
495,82,184,69,92,23,48,48,54,54,0,48,48,56,56,0,0.012764219340345145,0.015112835698968652,74,79,5,4,3,3,3,8,87,20,73
496,0,616,1,100,99,0,38,1,33,32,0,16,1,34,33,0.0,0.002382654276864427,1,46,45,2,-1,3,8,0,15,84,46
497,40,40,51,51,0,118,118,64,64,0,40,40,51,51,0,0.004016474352428605,0.004016474352428605,52,52,0,-1,2,2,9,2,28,94,50
498,94,196,59,91,32,166,166,67,67,0,94,96,59,59,0,0.006297014874570271,0.006297014874570271,59,59,0,4,2,2,12,6,6,28,95
499,164,780,92,100,8,48,48,67,67,0,48,48,70,70,0,0.020354675108070392,0.032029681064706085,86,92,6,2,3,3,3,19,96,15,19
500,189,789,91,100,9,152,152,83,83,0,152,152,86,86,0,0.022328874366043774,0.02835358589468668,84,88,4,2,2,2,8,20,21,23,31
501,1,1,26,26,0,3,3,26,26,0,1,1,26,26,0,3.4037918240920386e-05,3.4037918240920386e-05,28,28,0,-1,6,6,3,1,64,78,82
502,0,206,1,92,91,0,14,1,30,29,0,8,1,34,33,0.0,0.0020082371762143027,1,43,42,3,-1,4,5,0,63,89,83
503,16,632,34,100,66,40,88,33,40,7,16,48,34,50,16,0.0004084550188910446,0.006058749446883829,35,56,21,2,3,3,12,1,3,4,25
504,94,300,57,95,38,220,220,72,72,0,94,102,57,74,17,0.0068075836481840775,0.007760645358929848,56,57,1,3,2,2,16,6,9,26,74
505,6,622,29,100,71,15,66,29,47,18,6,66,29,58,29,0.00017018959120460194,0.025324211171244768,31,89,58,2,4,3,6,1,59,55,11
506,16,16,48,48,0,22,22,52,52,0,16,16,51,51,0,0.003437829742332959,0.003437829742332959,53,53,0,-1,3,3,2,1,98,90,92
507,169,375,86,97,11,238,238,90,90,0,169,179,86,88,2,0.008951972497362062,0.010347527145239796,64,66,2,3,2,2,11,8,19,57,54
508,0,616,1,100,99,0,44,1,48,47,0,44,1,52,51,0.0,0.011232513019503728,1,74,73,2,-1,3,4,1,53,45,17
509,0,206,1,91,90,0,23,1,28,27,0,6,1,28,27,0.0,0.000442492937131965,1,34,33,3,-1,4,10,0,0,91,49
510,0,101,1,81,80,0,4,1,25,24,0,1,1,25,24,0.0,6.807583648184077e-05,1,28,27,5,-1,6,4,0,77,89,60
511,78,179,71,92,21,48,48,64,64,0,48,48,66,66,0,0.013070560604513427,0.013070560604513427,75,75,0,5,3,3,3,13,85,33,95
512,56,56,51,51,0,166,166,65,65,0,56,56,51,51,0,0.002723033459273631,0.002723033459273631,48,48,0,-1,2,2,17,2,20,52,87
513,0,206,1,92,91,0,10,1,31,30,0,6,1,30,29,0.0,0.0013615167296368155,1,41,40,3,-1,4,3,0,85,86,53
514,16,632,35,100,65,70,78,43,44,1,16,78,35,59,24,0.0011232513019503727,0.011164437183021887,38,72,34,2,3,3,8,2,15,42,39
515,6,622,32,100,68,36,56,36,44,8,6,56,32,57,25,0.0009870996289866913,0.014295925661186561,37,79,42,2,4,3,6,1,44,71,12
516,16,16,32,32,0,124,124,60,60,0,16,16,32,32,0,0.004016474352428605,0.004016474352428605,53,53,0,-1,3,3,14,1,17,90,86
517,100,100,70,70,0,100,100,68,68,0,100,100,73,73,0,0.04877633683923891,0.05731985431770993,96,99,3,3,1,1,6,16,48,18,19
518,52,52,61,61,0,54,54,55,55,0,54,54,60,60,0,0.010381565063480718,0.010381565063480718,68,68,0,-1,3,3,4,5,84,25,50
519,0,616,1,100,99,0,124,1,57,56,0,100,1,60,59,0.0,0.010687906327649,1,71,70,2,-1,3,14,0,8,91,19
520,0,0,1,1,0,0,0,1,1,0,0,0,1,1,0,0.0,0.0,1,1,0,-1,-1,-1,8,0,27,79,87
521,43,249,55,95,40,38,38,53,53,0,38,38,55,55,0,0.005207801490860819,0.010381565063480718,58,71,13,3,3,3,3,6,64,35,48
522,70,172,61,82,21,110,110,58,58,0,64,68,58,61,3,0.005241839409101739,0.005956635692161067,55,57,2,4,2,2,10,6,12,41,51
523,0,0,1,1,0,0,0,1,1,0,0,0,1,1,0,0.0,0.0,1,1,0,-1,-1,-1,14,0,8,86,80
524,73,689,59,100,41,164,174,74,79,5,73,111,59,78,19,0.0053099152455835805,0.012764219340345145,56,75,19,2,2,2,10,4,1,22,25
525,0,206,1,92,91,0,18,1,29,28,0,8,1,34,33,0.0,0.0006126825283365669,1,35,34,3,-1,4,9,0,35,99,63
526,114,320,76,95,19,64,64,60,60,0,64,64,63,63,0,0.00888389666088022,0.01776779332176044,68,82,14,3,3,3,4,9,83,31,39
527,138,738,82,100,18,158,158,74,74,0,138,158,82,86,4,0.009054086252084823,0.013444977705163553,66,76,10,2,2,2,9,9,28,31,38
528,22,124,43,79,36,54,54,39,39,0,22,24,43,48,5,0.0013955546478777359,0.0016338200755641784,42,43,1,4,3,3,8,3,21,51,88
529,0,206,1,86,85,0,35,1,29,28,0,14,1,30,29,0.0,0.0007488342013002485,1,37,36,3,-1,4,14,0,25,87,64
530,146,352,83,98,15,96,96,67,67,0,96,96,68,68,0,0.014023622315259198,0.018788930868988054,75,79,4,3,3,3,6,13,74,33,21
531,100,100,68,68,0,100,100,63,63,0,100,100,68,68,0,0.032506211920078965,0.03849688553048095,90,94,4,2,1,1,6,9,41,31,26
532,10,626,38,100,62,24,34,37,46,9,10,34,38,54,16,0.0013955546478777359,0.021069471391129718,43,85,42,2,4,3,4,3,77,43,9
533,100,100,74,74,0,100,100,80,80,0,100,100,80,80,0,0.03311889444841554,0.03958609891419041,91,94,3,3,1,1,5,6,45,73,27
534,0,102,1,77,76,0,11,1,27,26,0,2,1,26,25,0.0,0.00010211375472276115,1,29,28,4,-1,5,9,0,35,97,65
535,222,822,91,100,9,238,238,78,78,0,222,224,91,91,0,0.01841451376833793,0.019980258007420267,81,81,0,2,2,2,14,18,8,30,83
536,0,206,1,89,88,0,20,1,31,30,0,6,1,28,27,0.0,0.0006126825283365669,1,35,34,3,-1,4,8,0,42,86,49
537,2,2,26,26,0,10,10,26,26,0,2,2,26,26,0,0.0,0.0,1,1,0,-1,5,5,9,1,28,68,66
538,0,0,1,1,0,0,0,1,1,0,0,0,1,1,0,0.0,0.0,1,1,0,-1,-1,-1,6,0,34,84,45
539,56,262,56,95,39,68,68,72,72,0,56,68,66,73,7,0.007454304094761564,0.017189148711664794,62,80,18,3,2,2,4,2,67,83,14
540,2,104,28,82,54,8,8,32,32,0,2,4,28,32,4,0.00034037918240920387,0.0004765308553728854,35,35,0,4,5,5,4,1,78,4,56
541,146,762,87,100,13,134,134,90,90,0,134,134,90,90,0,0.016474352428605468,0.022703291466693896,81,85,4,2,2,2,6,8,48,8,31
542,0,616,1,100,99,0,36,1,37,36,0,16,1,37,36,0.0,0.004595118962524252,1,52,51,2,-1,3,7,0,62,89,90
543,82,184,59,90,31,174,174,73,73,0,82,84,59,59,0,0.0045270431260424114,0.004731270635487933,56,57,1,4,2,2,11,6,19,70,88
544,2,618,27,100,73,4,22,29,51,22,2,22,27,54,27,3.4037918240920386e-05,0.011130399264780965,29,73,44,2,5,3,2,1,98,65,25
545,0,206,1,88,87,0,24,1,29,28,0,6,1,28,27,0.0,0.0008169100377820892,1,36,35,3,-1,4,11,0,33,96,42
546,166,166,84,84,0,126,126,69,69,0,126,126,78,78,0,0.012253650566731339,0.012253650566731339,73,73,0,-1,2,2,7,14,24,14,76
547,16,16,34,34,0,106,106,55,55,0,16,16,34,34,0,0.0029612988869600733,0.0029612988869600733,45,45,0,-1,3,3,11,2,33,94,98
548,327,533,99,100,1,120,120,87,87,0,120,120,88,88,0,0.03226794649239253,0.033765614894993023,93,93,0,3,2,2,6,29,56,1,46
549,54,54,60,60,0,98,98,53,53,0,54,54,60,60,0,0.007216038667075122,0.007216038667075122,61,61,0,-1,3,3,8,4,57,72,67
550,4,210,31,94,63,6,18,30,37,7,4,18,31,46,15,0.0004084550188910446,0.008169100377820893,36,67,31,3,5,4,3,2,81,63,77
551,22,228,41,93,52,80,84,43,47,4,22,52,41,54,13,0.0027911092957554717,0.006433166547533953,46,61,15,3,3,3,9,2,23,83,47
552,66,1706,57,100,43,120,204,61,84,23,64,204,56,88,32,0.0048674223084516155,0.03870111303992648,53,93,40,1,2,2,11,6,33,41,1
553,2,208,27,91,64,23,33,28,29,1,2,12,27,33,6,0.0002042275094455223,0.002995336805200994,29,47,18,3,5,4,13,1,13,55,73
554,32,32,43,43,0,84,84,42,42,0,32,32,43,43,0,0.0030293747234419145,0.0030293747234419145,48,48,0,-1,3,3,9,2,29,83,89
555,24,24,48,48,0,46,46,45,45,0,24,24,48,48,0,0.0021784267674189047,0.0021784267674189047,47,47,0,-1,3,3,6,3,32,54,69
556,0,206,1,91,90,0,28,1,33,32,0,28,1,51,50,0.0,0.006501242384015794,1,60,59,3,-1,4,6,0,44,66,32
557,478,684,100,100,0,304,304,100,100,0,304,304,100,100,0,0.03492290411518432,0.036080193335375606,91,92,1,3,2,2,10,27,0,10,52
558,0,206,1,93,92,0,24,1,37,36,0,24,1,49,48,0.0,0.005412029000306341,1,57,56,3,-1,4,4,0,73,98,48
559,362,362,96,96,0,240,240,97,97,0,240,240,97,97,0,0.03362946322202934,0.03362946322202934,89,89,0,-1,2,2,9,22,31,9,89
560,16,118,32,76,44,46,46,31,31,0,16,18,32,38,6,0.0002723033459273631,0.00034037918240920387,31,34,3,4,3,3,14,1,8,60,4
561,6,212,32,95,63,8,8,32,32,0,6,8,32,37,5,0.0008169100377820892,0.0015657442390823377,37,42,5,3,4,4,2,1,95,71,64
562,94,94,80,80,0,32,32,63,63,0,32,32,65,65,0,0.01232172640321318,0.01232172640321318,76,76,0,-1,3,3,2,14,98,14,84
563,0,206,1,86,85,0,27,1,28,27,0,6,1,26,25,0.0,0.0002382654276864427,1,30,29,3,-1,4,14,0,25,67,49
564,18,634,47,100,53,18,28,38,45,7,18,28,47,52,5,0.0032336022328874367,0.01657646618332823,50,78,28,2,4,3,3,6,81,70,37
565,36,138,54,87,33,28,28,45,45,0,28,28,50,50,0,0.005037611899656217,0.006024711528642908,54,59,5,4,3,3,3,6,58,28,71
566,16,16,35,35,0,72,72,39,39,0,16,16,35,35,0,0.0008509479560230097,0.0008509479560230097,37,37,0,-1,3,3,10,1,18,49,40
567,0,206,1,92,91,0,20,1,35,34,0,20,1,50,49,0.0,0.004152626025392287,1,52,51,3,-1,4,4,0,77,66,47
568,28,644,45,100,55,46,56,37,40,3,28,56,45,53,8,0.0007828721195411688,0.027911092957554715,35,89,54,2,3,3,6,4,40,64,3
569,34,134,50,89,39,38,38,59,59,0,34,34,61,61,0,0.0030634126416828346,0.00353994349705572,48,48,0,4,3,3,3,6,92,70,71
570,26,128,53,86,33,28,28,46,46,0,28,28,53,53,0,0.004118588107151367,0.005003573981415297,54,57,3,4,3,3,3,6,81,73,51
571,0,616,1,100,99,0,24,1,44,43,0,24,1,50,49,0.0,0.008066986623098132,1,65,64,2,-1,3,3,0,94,98,25
572,22,22,40,40,0,56,56,38,38,0,22,22,40,40,0,0.0007147962830593281,0.0007147962830593281,36,36,0,-1,3,3,8,2,42,63,84
573,88,189,71,91,20,48,48,60,60,0,48,48,63,63,0,0.013002484768031588,0.013036522686272508,74,74,0,6,3,3,3,9,58,27,68
574,12,628,35,100,65,30,40,36,38,2,12,40,35,52,17,0.0014295925661186562,0.022226760611321013,42,86,44,2,4,3,5,3,63,51,11
575,0,616,1,99,98,0,52,1,34,33,0,18,1,40,39,0.0,0.0017018959120460194,1,40,39,2,-1,3,11,0,19,98,61
576,119,319,89,100,11,46,46,87,87,0,46,46,88,88,0,0.025494400762449368,0.026889955410327106,87,88,1,3,2,2,2,18,97,5,52
577,40,40,53,53,0,74,74,64,64,0,40,40,53,53,0,0.006875659484665918,0.006875659484665918,61,61,0,-1,2,2,5,1,63,90,36
578,6,6,32,32,0,12,12,41,41,0,6,6,32,32,0,0.0007828721195411688,0.0007828721195411688,36,36,0,-1,4,4,2,2,95,42,93
579,2,618,27,100,73,5,54,27,52,25,2,54,27,56,29,6.807583648184077e-05,0.02236291228428469,28,85,57,2,5,3,4,1,79,78,7
580,45,661,62,100,38,48,48,68,68,0,48,48,69,69,0,0.009258313761530345,0.036454610436025735,69,94,25,2,3,3,3,5,81,25,1
581,454,1070,98,100,2,334,344,99,99,0,334,344,99,99,0,0.03812246842983083,0.03880322679464924,95,95,0,2,2,2,11,29,5,0,4
582,0,1640,1,100,99,0,52,1,77,76,0,52,1,79,78,0.0,0.04751693386432486,1,97,96,1,-1,2,3,0,85,82,23
583,76,76,67,67,0,70,70,62,62,0,70,70,69,69,0,0.006603356138738555,0.006603356138738555,57,57,0,-1,3,3,5,6,45,13,67
584,0,616,1,100,99,0,34,1,46,45,0,22,1,50,49,0.0,0.003710133088260322,1,52,51,2,-1,3,4,0,77,97,52
585,222,222,89,89,0,294,294,86,86,0,222,222,89,89,0,0.009973110044589673,0.009973110044589673,66,66,0,-1,2,2,17,13,20,24,82
586,38,140,47,80,33,106,106,57,57,0,38,40,47,47,0,0.0016338200755641784,0.0016678579938050988,41,41,0,4,3,3,10,3,12,43,4
587,0,616,1,100,99,0,114,1,55,54,0,73,1,55,54,0.0,0.011096361346540046,1,71,70,2,-1,3,14,0,8,79,39
588,0,616,1,100,99,0,106,1,58,57,0,106,1,77,76,0.0,0.018380475850097007,1,80,79,2,-1,3,11,0,38,79,18
589,46,662,49,100,51,102,122,58,65,7,46,101,49,72,23,0.0030634126416828346,0.008986010415602982,49,66,17,2,2,2,8,2,42,52,28
590,0,102,1,80,79,0,6,1,28,27,0,2,1,26,25,0.0,0.0015657442390823377,1,42,41,4,-1,5,3,0,87,36,94
591,100,100,64,64,0,132,132,75,75,0,100,100,65,65,0,0.009632730862180468,0.009632730862180468,68,68,0,-1,2,2,8,7,10,21,84
592,12,12,40,40,0,18,18,38,38,0,12,12,40,40,0,0.0015657442390823377,0.0015657442390823377,42,42,0,-1,4,4,3,2,81,52,92
593,14,14,34,34,0,56,56,35,35,0,14,14,34,34,0,0.0013615167296368155,0.0013615167296368155,41,41,0,-1,4,4,10,3,36,43,86
594,64,270,57,96,39,86,86,56,56,0,64,72,57,61,4,0.006705469893461316,0.008407365805507334,62,65,3,3,3,3,6,4,59,72,75
595,80,286,73,100,27,56,56,85,85,0,56,56,85,85,0,0.014568229007113924,0.02038871302631131,80,85,5,3,2,2,2,6,90,77,24
596,0,616,1,100,99,0,80,1,34,33,0,34,1,43,42,0.0,0.005003573981415297,1,52,51,2,-1,3,15,0,7,86,62
597,0,616,1,100,99,0,44,1,33,32,0,16,1,31,30,0.0,0.0011913271384322134,1,38,37,2,-1,3,14,0,17,81,42
598,24,24,44,44,0,86,86,41,41,0,24,24,44,44,0,0.001497668402600497,0.001497668402600497,41,41,0,-1,3,3,11,3,38,43,76
599,0,206,1,90,89,0,12,1,31,30,0,6,1,31,30,0.0,0.002552843868069029,1,46,45,3,-1,4,4,0,79,82,90
600,0,0,1,1,0,0,0,1,1,0,0,0,1,1,0,0.0,0.0,1,1,0,-1,-1,-1,5,0,70,59,81
601,112,712,84,100,16,54,54,62,62,0,54,54,68,68,0,0.011096361346540046,0.024269035705776234,73,87,14,2,3,3,4,14,72,14,6
602,106,312,81,97,16,72,72,83,83,0,72,72,83,83,0,0.01695088328397835,0.019844106334456584,81,84,3,3,2,2,3,6,58,77,90
603,0,206,1,97,96,0,8,1,34,33,0,8,1,40,39,0.0,0.004322815616596889,1,51,50,3,-1,4,2,0,97,84,57
604,0,102,1,81,80,0,8,1,30,29,0,2,1,28,27,0.0,0.0010892133837094523,1,39,38,4,-1,5,4,0,77,87,71
605,40,656,49,100,51,84,110,40,61,21,40,90,49,61,12,0.002212464685659825,0.010619830491167161,45,69,24,2,2,2,11,2,38,42,8
606,0,1640,1,100,99,0,104,1,62,61,0,104,1,79,78,0.0,0.020456788862793153,1,83,82,1,-1,2,9,0,31,97,19
607,12,12,40,40,0,18,18,38,38,0,12,12,40,40,0,0.0010892133837094523,0.0010892133837094523,38,38,0,-1,4,4,3,2,81,74,66
608,174,174,89,89,0,88,88,77,77,0,88,88,77,77,0,0.02100139555464788,0.02100139555464788,85,85,0,-1,2,2,4,16,79,12,81
609,155,771,84,100,16,80,80,53,53,0,80,80,60,60,0,0.021375812655298,0.03175737771877872,87,91,4,2,3,3,5,20,52,23,33
610,0,1640,1,100,99,0,178,1,68,67,0,178,1,84,83,0.0,0.030566050580346504,1,91,90,1,-1,2,14,0,25,40,1
611,56,672,59,100,41,88,88,80,80,0,56,88,65,80,15,0.005377991082065421,0.012117498893767658,57,74,17,2,2,2,4,2,77,52,57
612,68,274,65,98,33,56,56,80,80,0,56,56,81,81,0,0.010892133837094524,0.01242384015793594,70,74,4,3,2,2,2,4,91,38,70
613,24,640,50,100,50,20,20,42,42,0,24,20,51,47,-4,0.00176997174852786,0.007862759113652609,42,61,19,2,3,3,3,3,55,54,47
614,36,36,54,54,0,28,28,45,45,0,28,28,50,50,0,0.005037611899656217,0.005037611899656217,54,54,0,-1,3,3,3,6,58,28,50
615,0,102,1,78,77,0,8,1,27,26,0,3,1,31,30,0.0,0.000442492937131965,1,34,33,4,-1,5,6,0,69,93,74
616,22,228,38,92,54,56,64,37,38,1,22,28,38,40,2,0.0005105687736138058,0.002552843868069029,33,43,10,3,3,3,9,2,29,56,46
617,2,618,28,100,72,4,22,30,48,18,2,22,28,49,21,0.0005105687736138058,0.013479015623404473,37,73,36,2,5,3,2,2,93,42,34
618,0,0,1,1,0,0,0,1,1,0,0,0,1,1,0,0.0,0.0,1,1,0,-1,-1,-1,5,0,88,36,69
619,136,1776,79,100,21,152,176,76,86,10,136,176,80,90,10,0.01412573606998196,0.03386772864971578,78,92,14,1,2,2,8,8,15,20,33
620,0,0,1,1,0,0,0,1,1,0,0,0,1,1,0,0.0,0.0,1,1,0,-1,-1,-1,9,0,54,80,87
621,16,118,35,79,44,62,62,36,36,0,16,18,35,39,4,0.00088498587426393,0.001055175465468532,37,37,0,4,3,3,10,2,36,42,4
622,285,1926,93,100,7,144,168,76,81,5,144,168,82,84,2,0.03104258143571939,0.04697232717247013,91,97,6,1,3,2,9,29,54,0,35
623,371,577,98,100,2,128,128,92,92,0,128,128,92,92,0,0.03461656285101603,0.03536539705231628,92,92,0,3,2,2,5,29,50,1,51
624,244,450,89,99,10,176,176,88,88,0,176,176,88,88,0,0.021239660982334322,0.022328874366043774,83,83,0,3,2,2,8,17,27,6,61
625,74,74,66,66,0,48,48,54,54,0,48,48,56,56,0,0.010313489226998877,0.010313489226998877,72,72,0,-1,3,3,3,9,87,27,96
626,78,284,69,96,27,88,88,76,76,0,78,88,75,78,3,0.00881582082439838,0.016133973246196264,66,79,13,3,2,2,4,4,47,38,17
627,0,206,1,89,88,0,30,1,35,34,0,30,1,51,50,0.0,0.009496579189216788,1,68,67,3,-1,4,5,0,61,93,39
628,100,100,59,59,0,100,100,45,45,0,100,100,59,59,0,0.01841451376833793,0.01841451376833793,81,81,0,-1,1,1,10,3,0,46,86
629,12,628,37,100,63,26,50,36,49,13,12,50,37,53,16,0.0025188059498281084,0.028217434221723,48,89,41,2,4,3,5,2,37,75,7
630,0,616,1,100,99,0,56,1,38,37,0,44,1,53,52,0.0,0.005922597773920147,1,56,55,2,-1,3,8,0,10,76,72
631,580,786,100,100,0,288,288,99,99,0,288,288,99,99,0,0.04894652643044351,0.05023996732359849,95,97,2,3,2,2,9,40,28,3,75
632,16,632,38,100,62,34,54,39,54,15,16,54,38,57,19,0.002927260968719153,0.017325300384628477,51,80,29,2,3,3,4,3,53,46,37
633,178,384,88,98,10,152,152,83,83,0,152,152,86,86,0,0.019129310051397258,0.0230436706491031,82,84,2,3,2,2,8,18,21,5,47
634,96,302,67,94,27,128,128,76,76,0,96,128,67,80,13,0.008611593314952858,0.012219612648490419,66,74,8,3,3,3,8,7,57,21,22
635,60,676,57,100,43,100,100,55,55,0,60,100,57,68,11,0.0088498587426393,0.01153885428367201,65,69,4,2,3,3,9,9,26,31,61
636,22,124,50,85,35,28,28,44,44,0,22,24,50,51,1,0.00176997174852786,0.002825147213996392,42,50,8,4,3,3,3,2,76,74,71
637,34,634,47,100,53,80,80,45,45,0,34,76,47,62,15,0.0013955546478777359,0.00970080669866231,41,69,28,2,3,3,9,4,31,64,17
638,100,100,69,69,0,100,100,76,76,0,100,100,76,76,0,0.055413730896218386,0.056843323462337045,100,100,0,3,1,1,5,20,80,23,64
639,0,206,1,90,89,0,18,1,29,28,0,8,1,33,32,0.0,0.0009870996289866913,1,38,37,3,-1,4,8,0,39,80,74
640,134,340,82,95,13,230,230,89,89,0,134,140,82,84,2,0.00980292045338507,0.010892133837094524,70,71,1,3,2,2,12,7,3,21,71
641,122,322,80,96,16,66,66,51,51,0,66,66,62,62,0,0.0123557643214541,0.014874570271282209,74,75,1,3,3,3,6,14,34,14,22
642,0,102,1,71,70,0,10,1,27,26,0,2,1,25,24,0.0,0.00017018959120460194,1,30,29,4,-1,5,7,0,24,91,60
643,87,703,66,100,34,114,124,64,67,3,87,124,66,81,15,0.006705469893461316,0.030463936825623743,61,87,26,2,3,3,9,8,31,57,7
644,34,34,55,55,0,48,48,66,66,0,34,34,57,57,0,0.003948398515946765,0.003948398515946765,54,54,0,-1,3,3,3,6,76,70,97
645,0,0,1,1,0,0,0,1,1,0,0,0,1,1,0,0.0,0.0,1,1,0,-1,-1,-1,3,0,96,66,76
646,0,616,1,100,99,0,72,1,44,43,0,72,1,55,54,0.0,0.02110350930937064,1,87,86,2,-1,3,7,0,46,89,1
647,106,106,81,81,0,72,72,83,83,0,72,72,83,83,0,0.01695088328397835,0.01695088328397835,81,81,0,-1,2,2,3,6,58,77,87
648,0,102,1,83,82,0,4,1,28,27,0,3,1,30,29,0.0,0.0008169100377820892,1,36,35,4,-1,5,2,0,99,80,74
649,0,616,1,100,99,0,88,1,46,45,0,88,1,60,59,0.0,0.020729092208720514,1,83,82,2,-1,3,8,1,10,50,9
650,195,195,93,93,0,96,96,93,93,0,96,96,93,93,0,0.02644746247319514,0.02644746247319514,89,89,0,-1,2,2,3,16,58,12,69
651,185,185,93,93,0,78,78,75,75,0,78,78,76,76,0,0.024983831988835564,0.024983831988835564,87,87,0,-1,2,2,4,15,73,16,79
652,0,616,1,100,99,0,36,1,39,38,0,36,1,50,49,0.0,0.00966676878042139,1,69,68,2,-1,3,5,0,37,36,14
653,22,228,42,95,53,34,34,39,39,0,22,30,42,50,8,0.0012934408931549745,0.00176997174852786,40,43,3,3,3,3,4,3,53,51,63
654,183,383,90,100,10,144,144,95,95,0,144,144,95,95,0,0.017801831240001363,0.019197385887879097,79,83,4,3,2,2,6,15,56,19,46
655,6,6,31,31,0,14,14,34,34,0,6,6,31,31,0,0.0009530617107457708,0.0009530617107457708,39,39,0,-1,4,4,3,1,55,71,92
656,0,1640,1,100,99,0,94,1,69,68,0,94,1,71,70,0.0,0.04785731304673406,1,97,96,1,-1,2,5,0,37,92,2
657,38,38,44,44,0,100,100,40,40,0,38,38,44,44,0,0.001055175465468532,0.001055175465468532,38,38,0,-1,3,3,14,4,25,64,76
658,29,29,57,57,0,32,32,63,63,0,32,32,65,65,0,0.0046972327172470135,0.0046972327172470135,56,56,0,-1,3,3,2,4,98,22,87
659,30,230,46,89,43,100,100,47,47,0,30,54,46,52,6,0.00442492937131965,0.008407365805507334,52,64,12,3,3,3,10,6,22,73,26
660,40,40,50,50,0,102,102,66,66,0,40,40,50,50,0,0.004016474352428605,0.004016474352428605,52,52,0,-1,2,2,8,2,39,94,91
661,625,1225,100,100,0,368,368,100,100,0,368,368,100,100,0,0.053269342047040404,0.05554988256918207,99,99,0,2,2,2,11,36,19,2,35
662,78,78,58,58,0,148,148,71,71,0,78,78,58,58,0,0.008203138296061813,0.008203138296061813,63,63,0,-1,2,2,9,4,28,38,84
663,2,103,25,71,46,7,7,25,25,0,2,3,25,26,1,3.4037918240920386e-05,3.4037918240920386e-05,27,27,0,5,5,5,6,2,40,58,68
664,100,100,64,64,0,100,100,45,45,0,100,100,64,64,0,0.024881718234112803,0.03934783348650397,86,95,9,2,1,1,10,13,18,24,12
665,100,100,69,69,0,100,100,55,55,0,100,100,69,69,0,0.05412029000306341,0.05704755097178257,99,99,0,3,1,1,8,29,30,11,26
666,6,622,29,100,71,34,96,30,40,10,6,96,29,63,34,0.0002723033459273631,0.01320671227747711,30,75,45,2,4,3,13,1,13,4,12
667,250,456,92,99,7,208,208,88,88,0,208,208,89,89,0,0.01943565131556554,0.020524864699274992,81,84,3,3,2,2,10,18,22,5,64
668,0,616,1,100,99,0,104,1,53,52,0,86,1,59,58,0.0,0.00796487286837537,1,63,62,2,-1,3,14,0,17,92,31
669,46,46,57,57,0,38,38,51,51,0,38,38,54,54,0,0.005888559855679227,0.005888559855679227,56,56,0,-1,3,3,3,6,94,35,79
670,0,102,1,82,81,0,4,1,29,28,0,4,1,31,30,0.0,0.0020082371762143027,1,46,45,4,-1,5,2,1,68,45,75
671,32,238,43,93,50,124,132,57,57,0,32,38,43,45,2,0.0013615167296368155,0.004016474352428605,39,51,12,3,3,3,16,2,4,74,90
672,97,303,63,96,33,102,102,65,65,0,97,102,65,73,8,0.008611593314952858,0.009088124170325743,62,64,2,3,3,3,7,8,46,44,49
673,1,207,26,93,67,4,24,26,37,11,1,24,26,50,24,0.0,0.0141938119064638,1,79,78,3,6,4,4,2,72,58,15
674,146,762,87,100,13,102,102,92,92,0,102,102,92,92,0,0.017869907076483203,0.04489601415977399,81,95,14,2,2,2,4,8,47,8,11
675,8,8,37,37,0,24,24,37,37,0,8,8,37,37,0,0.001055175465468532,0.001055175465468532,39,39,0,-1,4,4,4,2,77,74,89
676,160,776,86,100,14,302,332,88,95,7,160,332,86,96,10,0.010687906327649,0.032506211920078965,68,92,24,2,2,2,16,4,4,38,10
677,0,206,1,95,94,0,8,1,31,30,0,8,1,37,36,0.0,0.003267640151128357,1,49,48,3,-1,4,2,0,95,93,13
678,176,176,91,91,0,104,104,86,86,0,104,104,86,86,0,0.022635215630212056,0.022635215630212056,85,85,0,-1,2,2,5,17,45,6,98
679,0,206,1,93,92,0,9,1,31,30,0,6,1,31,30,0.0,0.0005105687736138058,1,35,34,3,-1,4,3,0,58,80,42
680,232,848,88,100,12,258,258,94,94,0,232,258,88,94,6,0.011981347220803976,0.03458252493277511,69,95,26,2,2,2,12,13,2,24,0
681,100,100,66,66,0,100,100,45,45,0,100,100,66,66,0,0.038224582184553595,0.038224582184553595,95,95,0,-1,1,1,10,19,1,15,81
682,0,1640,1,100,99,0,148,1,70,69,0,148,1,85,84,0.0,0.038735150958167396,1,92,91,1,-1,2,9,1,28,45,2
683,112,1712,75,100,25,242,242,80,80,0,112,242,75,91,16,0.00881582082439838,0.02481364239763096,64,87,23,1,2,2,14,4,16,38,19
684,268,474,96,99,3,216,216,93,93,0,216,216,94,94,0,0.025188059498281085,0.025936893699581333,88,88,0,3,2,2,9,15,28,16,74
685,72,278,55,93,38,130,130,62,62,0,72,80,55,56,1,0.0024166921951053475,0.003437829742332959,45,50,5,3,2,2,11,4,5,64,61
686,236,852,92,100,8,174,184,93,93,0,174,184,94,94,0,0.017155110793423873,0.04384083869430545,80,95,15,2,2,2,7,14,24,32,3
687,1,207,25,92,67,3,10,25,31,6,1,10,25,39,14,0.0,0.0034718676605738795,1,52,51,3,6,4,3,1,76,78,35
688,18,224,40,92,52,52,52,40,40,0,18,27,40,45,5,0.0020082371762143027,0.0033357159876101976,41,47,6,3,3,3,6,2,56,61,64
689,22,228,43,92,49,54,54,39,39,0,22,54,43,55,12,0.0012934408931549745,0.00704584907587052,41,61,20,3,3,3,8,2,21,74,20
690,24,640,42,100,58,116,154,55,64,9,24,154,42,84,42,0.0020763130126961434,0.016882807447496512,44,77,33,2,3,3,14,3,17,54,12
691,6,212,32,92,60,10,14,32,34,2,6,14,32,42,10,0.00017018959120460194,0.0012934408931549745,31,39,8,3,4,4,3,1,76,4,43
692,100,100,66,66,0,100,100,67,67,0,100,100,73,73,0,0.06783757105415433,0.07049252867694612,99,99,0,2,1,1,5,30,52,7,29
693,16,632,34,100,66,78,124,34,59,25,16,124,34,79,45,0.00037441710065012424,0.016542428265087308,34,78,44,2,3,3,14,1,16,88,5
694,2,208,27,90,63,7,28,27,33,6,2,20,27,42,15,3.4037918240920386e-05,0.004493005207801491,27,51,24,3,5,4,6,1,48,78,26
695,0,0,1,1,0,0,0,1,1,0,0,0,1,1,0,0.0,0.0,1,1,0,-1,-1,-1,5,0,45,76,84
696,6,6,30,30,0,14,14,30,30,0,6,6,30,30,0,0.00017018959120460194,0.00017018959120460194,30,30,0,-1,4,4,6,1,34,55,91
697,2,2,27,27,0,10,10,27,27,0,2,2,27,27,0,6.807583648184077e-05,6.807583648184077e-05,27,27,0,-1,5,5,8,1,39,78,45
698,190,291,91,96,5,150,150,85,85,0,150,150,89,89,0,0.01501072194424589,0.01501072194424589,78,78,0,5,2,2,7,14,46,14,65
699,40,40,54,54,0,28,28,44,44,0,28,28,51,51,0,0.005446066918547262,0.005446066918547262,54,54,0,-1,3,3,3,6,92,26,66
700,24,640,50,100,50,22,32,47,63,16,22,32,52,63,11,0.0028932230504782326,0.01575955614554614,49,79,30,2,3,3,2,6,89,70,32
701,0,206,1,93,92,0,22,1,34,33,0,22,1,44,43,0.0,0.010687906327649,1,68,67,3,-1,4,5,0,49,79,19
702,56,262,63,95,32,48,48,66,66,0,48,48,67,67,0,0.005173763572619898,0.008373327887266415,60,66,6,3,3,3,3,6,76,28,35
703,0,206,1,85,84,0,18,1,27,26,0,6,1,26,25,0.0,0.0002723033459273631,1,30,29,3,-1,4,12,0,2,76,65
704,6,622,30,100,70,24,38,31,36,5,6,38,30,47,17,0.0004765308553728854,0.010177337554035196,34,65,31,2,4,3,6,2,71,42,33
705,0,0,1,1,0,0,0,1,1,0,0,0,1,1,0,0.0,0.0,1,1,0,-1,-1,-1,4,0,72,87,93
706,154,770,82,100,18,120,120,77,77,0,120,120,84,84,0,0.01153885428367201,0.02375846693216243,72,87,15,2,2,2,6,13,40,24,30
707,267,368,94,97,3,200,200,94,94,0,200,200,94,94,0,0.0298852922155281,0.0298852922155281,87,87,0,5,2,2,8,15,57,16,55
708,102,308,83,99,16,72,72,84,84,0,72,72,84,84,0,0.014704380680077607,0.020592940535756832,78,84,6,3,2,2,3,7,85,48,31
709,100,100,70,70,0,148,148,79,79,0,100,100,70,70,0,0.007726607440688927,0.007726607440688927,63,63,0,-1,2,2,9,6,31,13,59
710,50,50,57,57,0,86,86,62,62,0,50,50,57,57,0,0.006467204465774873,0.006467204465774873,58,58,0,-1,3,3,6,6,32,26,93
711,0,0,1,1,0,0,0,1,1,0,0,0,1,1,0,0.0,0.0,1,1,0,-1,-1,-1,10,1,1,50,59
712,8,214,37,93,56,18,18,38,38,0,8,18,37,46,9,0.0022465026039007454,0.003608019333537561,44,51,7,3,4,4,3,2,85,83,54
713,88,704,61,100,39,160,170,73,77,4,88,104,61,76,15,0.006943735321147759,0.008339289969025495,63,65,2,2,2,2,11,4,38,72,42
714,12,218,37,94,57,12,12,32,32,0,12,12,37,37,0,0.0005105687736138058,0.006262976956329351,35,57,22,3,4,4,2,2,91,63,31
715,32,648,44,100,56,102,132,56,66,10,32,132,44,81,37,0.0025188059498281084,0.013479015623404473,45,70,25,2,3,3,12,2,2,52,32
716,49,49,52,52,0,98,98,53,53,0,49,49,52,52,0,0.004833384390210695,0.004833384390210695,54,54,0,-1,3,3,8,4,30,22,67
717,78,278,73,97,24,38,38,47,47,0,38,38,53,53,0,0.011130399264780965,0.020831205963443275,75,86,11,3,3,3,3,14,75,14,6
718,160,776,90,100,10,88,88,80,80,0,88,88,81,81,0,0.023179822322066782,0.04288777698355969,86,96,10,2,2,2,4,20,77,23,16
719,0,616,1,100,99,0,28,1,42,41,0,28,1,49,48,0.0,0.0160318594914735,1,81,80,2,-1,3,3,0,66,89,15
720,56,262,54,93,39,164,164,74,74,0,56,58,54,55,1,0.006297014874570271,0.007182000748834201,58,61,3,3,2,2,10,3,1,29,51
721,0,206,1,93,92,0,22,1,32,31,0,22,1,45,44,0.0,0.002927260968719153,1,49,48,3,-1,4,5,0,45,98,35
722,0,102,1,75,74,0,15,1,25,24,0,2,1,25,24,0.0,0.00010211375472276115,1,27,26,4,-1,5,14,0,25,93,55
723,82,288,72,99,27,32,32,70,70,0,32,32,70,70,0,0.012764219340345145,0.013649205214609075,75,75,0,3,3,3,2,6,95,77,64
724,425,1025,99,100,1,168,168,96,96,0,168,168,96,96,0,0.037645937574457944,0.040709350216140784,93,95,2,2,2,2,6,30,40,7,47
725,172,378,87,98,11,110,110,83,83,0,110,110,83,83,0,0.022601177711971135,0.02920453385070969,84,91,7,3,2,2,6,18,71,30,77
726,100,100,61,61,0,100,100,43,43,0,100,100,61,61,0,0.021035433472888797,0.021239660982334322,80,80,0,3,1,1,12,6,2,34,56
727,2,103,28,79,51,9,9,31,31,0,2,2,28,28,0,3.4037918240920386e-05,3.4037918240920386e-05,26,26,0,6,5,5,5,1,45,95,58
728,276,276,95,95,0,192,192,100,100,0,192,192,100,100,0,0.034140031995643146,0.034140031995643146,94,94,0,-1,2,2,6,20,56,23,69
729,6,212,30,91,61,14,26,31,34,3,6,26,30,47,17,0.0004084550188910446,0.003812246842983083,35,51,16,3,4,4,5,1,80,88,26
730,0,616,1,100,99,0,34,1,43,42,0,34,1,51,50,0.0,0.007828721195411689,1,62,61,2,-1,3,4,0,47,67,31
731,56,262,61,97,36,34,34,44,44,0,34,34,55,55,0,0.005446066918547262,0.008679669151434699,59,67,8,3,3,3,4,6,72,13,28
732,68,268,66,97,31,62,62,80,80,0,62,62,80,80,0,0.009122162088566664,0.015725518227305217,66,78,12,3,2,2,3,4,55,72,20
733,313,929,97,100,3,120,120,85,85,0,120,120,87,87,0,0.03577385207120733,0.050069777732393884,94,98,4,2,2,2,6,30,74,7,37
734,56,672,63,100,37,38,38,56,56,0,38,38,57,57,0,0.007590455767725246,0.02740052418394091,64,87,23,2,3,3,3,7,60,21,16
735,2,618,26,99,73,14,72,28,36,8,2,72,26,54,28,0.0,0.008986010415602982,1,61,60,2,5,3,11,2,5,58,32
736,120,326,78,95,17,88,88,73,73,0,88,88,74,74,0,0.013036522686272508,0.01657646618332823,75,80,5,3,2,2,4,7,83,21,26
737,100,100,59,59,0,100,100,45,45,0,100,100,59,59,0,0.01841451376833793,0.044623710813846626,81,95,14,2,1,1,10,3,0,46,11
738,56,656,56,100,44,76,76,52,52,0,56,76,57,61,4,0.005990673610401988,0.00888389666088022,57,65,8,2,3,3,6,6,65,35,54
739,8,214,38,93,55,20,20,35,35,0,8,20,38,45,7,0.0006807583648184077,0.007760645358929848,37,64,27,3,4,4,4,3,47,51,20
740,0,0,1,1,0,0,0,1,1,0,0,0,1,1,0,0.0,0.0,1,1,0,-1,-1,-1,8,0,10,99,93
741,32,134,49,81,32,48,48,47,47,0,32,35,49,50,1,0.001599782157323258,0.001940161339732462,43,43,0,4,3,3,6,3,65,51,63
742,0,102,1,81,80,0,6,1,28,27,0,2,1,28,27,0.0,0.0002723033459273631,1,33,32,4,-1,5,4,0,73,98,49
743,168,168,88,88,0,144,144,69,69,0,144,144,86,86,0,0.011402702610708328,0.011402702610708328,74,74,0,-1,2,2,10,14,1,32,69
744,0,0,1,1,0,0,0,1,1,0,0,0,1,1,0,0.0,0.0,1,1,0,-1,-1,-1,9,0,23,93,59
745,100,100,63,63,0,100,100,45,45,0,100,100,63,63,0,0.022328874366043774,0.0230436706491031,84,86,2,3,1,1,11,13,19,24,64
746,277,483,96,100,4,192,192,99,99,0,192,192,99,99,0,0.03226794649239253,0.03543347288879812,92,94,2,3,2,2,6,15,65,16,22
747,42,143,51,84,33,110,110,61,61,0,40,40,50,50,0,0.0037441710065012424,0.0037441710065012424,52,52,0,5,3,3,10,6,1,41,68
748,110,1750,74,100,26,154,188,72,81,9,110,168,74,86,12,0.010517716736444398,0.026277272881990537,66,87,21,1,2,2,10,7,11,21,72
749,158,774,90,100,10,72,72,80,80,0,72,72,80,80,0,0.02365635317743967,0.04360257326661901,88,96,8,2,2,2,3,20,76,23,9
750,334,334,95,95,0,208,208,97,97,0,208,208,97,97,0,0.02750263793866367,0.02750263793866367,88,88,0,-1,2,2,7,19,24,15,93
751,73,73,61,61,0,68,68,66,66,0,73,73,69,69,0,0.006773545729943157,0.006773545729943157,58,58,0,-1,2,2,4,4,53,22,76
752,152,768,86,100,14,174,174,95,95,0,152,168,94,95,1,0.012662105585622384,0.016406276592123625,75,80,5,2,2,2,7,6,46,28,90
753,228,228,92,92,0,198,198,83,83,0,198,198,88,88,0,0.022601177711971135,0.022601177711971135,84,84,0,-1,2,2,10,16,11,18,59
754,2,208,28,95,67,4,12,30,36,6,2,12,28,40,12,0.0002723033459273631,0.00176997174852786,34,42,8,3,5,4,2,1,89,60,54
755,190,806,88,100,12,176,176,79,79,0,176,176,86,86,0,0.017427414139351238,0.033221008203138294,79,92,13,2,3,3,11,17,38,6,30
756,281,1921,96,100,4,358,382,95,97,2,281,382,96,98,2,0.026958031246808945,0.042955852820041523,88,96,8,1,2,2,17,20,20,23,5
757,0,616,1,100,99,0,70,1,34,33,0,32,1,42,41,0.0,0.004969536063174376,1,55,54,2,-1,3,14,0,8,84,35
758,120,1760,81,100,19,166,190,86,92,6,120,190,82,93,11,0.010824058000612683,0.046223492971169886,70,95,25,1,2,2,8,7,39,48,1
759,0,616,1,99,98,0,76,1,40,39,0,59,1,55,54,0.0,0.009428503352734947,1,64,63,2,-1,3,11,0,19,79,33
760,61,677,56,100,44,100,110,45,60,15,61,78,56,59,3,0.004356853534837809,0.006024711528642908,54,57,3,2,3,3,10,6,1,35,61
761,245,445,96,100,4,72,72,84,84,0,72,72,84,84,0,0.03713536880084414,0.04047108478845434,94,94,0,3,2,2,3,30,85,7,44
762,38,654,50,100,50,120,130,62,64,2,38,130,50,81,31,0.0028591851322373124,0.016372238673882704,49,81,32,2,3,3,10,6,36,70,37
763,0,206,1,90,89,0,24,1,37,36,0,24,1,49,48,0.0,0.008441403723748256,1,65,64,3,-1,4,4,0,79,91,32
764,14,630,42,100,58,18,48,35,53,18,14,48,42,55,13,0.0012253650566731338,0.026379386636713298,42,89,47,2,4,3,3,3,87,43,7
765,0,0,1,1,0,0,0,1,1,0,0,0,1,1,0,0.0,0.0,1,1,0,-1,-1,-1,8,1,27,69,76
766,53,154,63,89,26,38,38,52,52,0,38,38,55,55,0,0.0068075836481840775,0.006841621566424997,64,64,0,6,3,3,3,8,66,57,58
767,174,380,86,98,12,164,164,69,69,0,174,164,87,86,-1,0.009156200006807584,0.010994247591817285,66,74,8,3,2,2,10,13,0,24,75
768,0,616,1,100,99,0,22,1,41,40,0,22,1,45,44,0.0,0.006399128629293032,1,58,57,2,-1,3,2,0,68,36,26
769,0,206,1,92,91,0,16,1,30,29,0,9,1,35,34,0.0,0.0008169100377820892,1,36,35,3,-1,4,6,0,65,66,43
770,0,1640,1,100,99,0,46,1,54,53,0,42,1,56,55,0.0,0.026209197045508698,1,90,89,1,-1,2,4,0,73,76,83
771,66,682,59,100,41,104,114,66,72,6,66,114,59,79,20,0.008611593314952858,0.013376901868681712,63,72,9,2,3,3,9,6,26,34,35
772,73,689,59,100,41,116,116,77,77,0,73,116,59,79,20,0.005854521937438306,0.016984921202219273,57,79,22,2,2,2,7,4,43,22,39
773,152,1792,86,100,14,256,280,90,92,2,152,280,86,94,8,0.01596378365499166,0.03812246842983083,76,94,18,1,2,2,13,9,13,39,15
774,0,616,1,100,99,0,60,1,48,47,0,60,1,53,52,0.0,0.024166921951053473,1,90,89,2,-1,3,5,1,52,69,1
775,100,100,65,65,0,100,100,47,47,0,100,100,65,65,0,0.023179822322066782,0.023179822322066782,84,84,0,-1,1,1,11,9,38,31,92
776,170,271,96,100,4,32,32,67,67,0,32,32,68,68,0,0.031246808945164913,0.031280846863405834,92,93,1,5,3,3,2,30,97,7,60
777,97,97,80,80,0,32,32,63,63,0,32,32,64,64,0,0.01861874127778345,0.01861874127778345,83,83,0,-1,3,3,2,12,86,37,87
778,0,616,1,100,99,0,54,1,59,58,0,54,1,61,60,0.0,0.03090642976275571,1,91,90,2,-1,3,4,0,78,96,3
779,0,0,1,1,0,0,0,1,1,0,0,0,1,1,0,0.0,0.0,1,1,0,-1,-1,-1,9,0,28,80,82
780,16,16,38,38,0,60,60,51,51,0,16,16,38,38,0,0.003914360597705844,0.003914360597705844,51,51,0,-1,3,3,5,3,37,46,40
781,180,780,90,100,10,132,132,74,74,0,132,132,81,81,0,0.020456788862793153,0.039279757650022125,83,95,12,2,2,2,8,17,21,6,11
782,16,118,37,79,42,54,54,39,39,0,16,19,37,42,5,0.0011913271384322134,0.0014636304843595766,40,42,2,4,3,3,8,1,21,71,56
783,100,100,69,69,0,100,100,66,66,0,100,100,72,72,0,0.02910242009598693,0.02910242009598693,89,89,0,-1,1,1,6,4,44,22,98
784,88,704,57,100,43,228,248,75,82,7,88,248,57,92,35,0.006977773239388679,0.0212056230640934,61,84,23,2,2,2,14,7,8,62,6
785,100,100,63,63,0,100,100,56,56,0,100,100,63,63,0,0.056673133871132444,0.056673133871132444,99,99,0,-1,1,1,7,29,24,0,69
786,275,275,94,94,0,246,246,95,95,0,246,246,96,96,0,0.018857006705469893,0.018857006705469893,79,79,0,-1,2,2,10,15,22,19,69
787,64,164,71,93,22,32,32,63,63,0,32,32,65,65,0,0.011743081793117532,0.0123557643214541,74,76,2,4,3,3,2,8,98,20,61
788,335,335,99,99,0,144,144,95,95,0,144,144,95,95,0,0.03625038292658021,0.03625038292658021,95,95,0,-1,2,2,6,29,65,1,50
789,100,100,63,63,0,100,100,39,39,0,100,100,63,63,0,0.021137547227611558,0.021137547227611558,83,83,0,-1,1,1,14,9,17,27,45
790,102,202,87,97,10,46,46,87,87,0,46,46,88,88,0,0.019844106334456584,0.022635215630212056,84,85,1,4,2,2,2,14,97,32,13
791,0,616,1,100,99,0,44,1,47,46,0,44,1,53,52,0.0,0.007488342013002485,1,60,59,2,-1,3,4,0,83,93,13
792,290,392,99,100,1,88,88,84,84,0,88,88,84,84,0,0.036488648354266656,0.03757786173797611,95,97,2,4,2,2,4,29,67,0,51
793,76,692,62,100,38,76,86,57,61,4,76,86,61,64,3,0.005956635692161067,0.009734844616903231,58,67,9,2,3,3,6,6,74,13,54
794,387,593,99,100,1,222,222,90,90,0,222,222,95,95,0,0.033765614894993023,0.03536539705231628,90,91,1,3,2,2,10,30,36,7,54
795,224,424,95,100,5,56,56,85,85,0,56,56,85,85,0,0.04098165356206814,0.06508049967663977,95,98,3,3,2,2,2,27,90,10,2
796,340,940,100,100,0,120,120,100,100,0,120,120,100,100,0,0.055209503386772864,0.05749004390891453,97,98,1,2,2,2,3,40,81,3,90
797,100,100,69,69,0,100,100,71,71,0,100,100,72,72,0,0.026787841655604345,0.03182545355526056,89,93,4,3,1,1,6,3,56,43,21
798,0,102,1,79,78,0,14,1,28,27,0,4,1,32,31,0.0,0.0006807583648184077,1,35,34,4,-1,5,9,0,26,86,51
799,6,622,30,100,70,18,42,32,37,5,6,42,30,51,21,0.00034037918240920387,0.013615167296368155,31,77,46,2,4,3,6,1,65,55,15
800,162,368,85,97,12,194,194,78,78,0,162,194,85,91,6,0.010960209673576363,0.017869907076483203,69,79,10,3,2,2,11,9,19,31,34
801,269,269,95,95,0,96,96,87,87,0,96,96,87,87,0,0.04036897103373158,0.04036897103373158,94,94,0,-1,2,2,3,29,87,0,79
802,16,16,39,39,0,38,38,40,40,0,16,16,39,39,0,0.0011232513019503727,0.0011232513019503727,39,39,0,-1,3,3,6,2,32,42,45
803,0,0,1,1,0,0,0,1,1,0,0,0,1,1,0,0.0,0.0,1,1,0,-1,-1,-1,4,0,67,96,86
804,6,622,30,100,70,24,39,32,34,2,6,24,30,43,13,0.00010211375472276115,0.003608019333537561,30,50,20,2,4,3,9,1,35,65,75
805,331,433,99,100,1,72,72,80,80,0,72,72,80,80,0,0.04322815616596889,0.0440791041219919,95,95,0,4,2,2,3,40,76,3,51
806,1,207,25,95,70,2,12,25,36,11,1,12,25,40,15,0.0,0.0014636304843595766,1,41,40,3,6,4,2,1,89,68,54
807,0,0,1,1,0,0,0,1,1,0,0,0,1,1,0,0.0,0.0,1,1,0,-1,-1,-1,10,0,11,87,67
808,0,616,1,100,99,0,54,1,37,36,0,50,1,52,51,0.0,0.010790020082371761,1,73,72,2,-1,3,8,0,30,93,39
809,16,16,33,33,0,38,38,35,35,0,16,16,33,33,0,0.0008509479560230097,0.0008509479560230097,37,37,0,-1,3,3,6,2,40,42,99
810,343,959,97,100,3,152,152,95,95,0,152,152,95,95,0,0.039824364341876854,0.05888559855679227,95,99,4,2,2,2,5,29,88,1,15
811,22,222,43,93,50,40,40,40,40,0,22,26,43,46,3,0.0012934408931549745,0.0019741992579733825,41,44,3,3,3,3,5,2,52,74,43
812,0,0,1,1,0,0,0,1,1,0,0,0,1,1,0,0.0,0.0,1,1,0,-1,-1,-1,10,0,1,66,85
813,0,0,1,1,0,0,0,1,1,0,0,0,1,1,0,0.0,0.0,1,1,0,-1,-1,-1,14,0,8,66,86
814,6,212,30,89,59,24,28,33,34,1,6,12,30,34,4,0.0007147962830593281,0.0029612988869600733,36,47,11,3,4,4,6,2,41,42,46
815,33,33,57,57,0,22,22,52,52,0,22,22,54,54,0,0.005105687736138058,0.005105687736138058,60,60,0,-1,3,3,2,6,86,35,36
816,0,616,1,100,99,0,36,1,37,36,0,22,1,42,41,0.0,0.004220701861874128,1,52,51,2,-1,3,5,0,52,79,29
817,12,12,37,37,0,20,20,32,32,0,12,12,37,37,0,0.0010211375472276116,0.0010211375472276116,40,40,0,-1,4,4,6,3,69,51,89
818,16,16,38,38,0,58,58,44,44,0,16,16,38,38,0,0.0030634126416828346,0.0030634126416828346,48,48,0,-1,3,3,7,3,62,46,93
819,0,0,1,1,0,0,0,1,1,0,0,0,1,1,0,0.0,0.0,1,1,0,-1,-1,-1,4,1,47,50,79
820,0,1640,1,100,99,0,102,1,65,64,0,102,1,77,76,0.0,0.025392287007726607,1,87,86,1,-1,2,8,0,57,91,37
821,314,1954,95,100,5,264,288,93,94,1,264,288,93,94,1,0.02314578440382586,0.05269069743694476,85,100,15,1,2,2,12,19,3,15,11
822,232,848,93,100,7,176,176,85,85,0,176,176,89,89,0,0.02209060893835733,0.03417406991388407,84,91,7,2,2,2,8,17,30,6,19
823,46,46,48,48,0,178,178,69,69,0,46,46,48,48,0,0.002314578440382586,0.002314578440382586,44,44,0,-1,2,2,14,2,25,61,59
824,0,1640,1,100,99,0,110,1,59,58,0,110,1,73,72,0.0,0.029647026787841656,1,90,89,1,-1,2,10,0,11,99,0
825,124,124,80,80,0,112,112,92,92,0,112,112,92,92,0,0.016099935327955343,0.016099935327955343,78,78,0,-1,2,2,4,6,53,77,79
826,82,288,72,99,27,46,46,82,82,0,46,46,82,82,0,0.015521290717859695,0.01851662752306069,79,81,2,3,2,2,2,8,95,20,73
827,82,698,59,100,41,76,86,49,54,5,76,86,56,59,3,0.007556417849484326,0.014772456516559448,61,77,16,2,3,3,6,7,40,48,21
828,443,2083,99,100,1,320,344,99,99,0,320,344,99,99,0,0.03451444909629327,0.06889274651962286,91,100,9,1,2,2,11,29,19,0,3
829,22,22,43,43,0,68,68,41,41,0,22,22,43,43,0,0.0017359338302869397,0.0017359338302869397,44,44,0,-1,3,3,8,2,30,52,99
830,120,736,75,100,25,158,158,74,74,0,120,158,75,86,11,0.006331052792811192,0.013649205214609075,59,76,17,2,2,2,9,6,28,13,62
831,6,212,34,97,63,7,12,34,38,4,6,12,34,43,9,0.00010211375472276115,0.003642057251778481,29,50,21,3,4,4,2,1,97,4,90
832,47,253,55,94,39,50,50,48,48,0,50,50,57,57,0,0.004561081044283332,0.012662105585622384,54,73,19,3,3,3,5,6,49,35,32
833,66,66,61,61,0,54,54,56,56,0,54,54,57,57,0,0.006535280302256714,0.006535280302256714,55,55,0,-1,3,3,4,6,67,13,66
834,58,58,60,60,0,22,22,42,42,0,22,22,45,45,0,0.008169100377820893,0.008169100377820893,64,64,0,-1,3,3,2,7,91,48,45
835,24,640,50,100,50,22,22,49,49,0,22,22,53,53,0,0.0018720855032506212,0.010007147962830594,44,71,27,2,3,3,2,4,90,64,48
836,0,0,1,1,0,0,0,1,1,0,0,0,1,1,0,0.0,0.0,1,1,0,-1,-1,-1,8,0,39,59,84
837,162,162,84,84,0,124,124,90,90,0,124,124,90,90,0,0.012185574730249497,0.012185574730249497,73,73,0,-1,2,2,6,9,51,31,67
838,0,102,1,83,82,0,4,1,28,27,0,2,1,26,25,0.0,0.0012253650566731338,1,39,38,4,-1,5,2,0,99,79,71
839,48,254,51,90,39,122,122,62,62,0,48,67,51,56,5,0.0030634126416828346,0.005616256509751864,50,56,6,3,3,3,12,6,2,70,22
840,0,616,1,100,99,0,72,1,38,37,0,46,1,53,52,0.0,0.00707988699411144,1,61,60,2,-1,3,10,0,36,59,48
841,66,682,64,100,36,64,64,60,60,0,64,64,63,63,0,0.008611593314952858,0.029408761360155213,67,89,22,2,3,3,4,6,83,77,0
842,110,212,74,90,16,116,116,77,77,0,110,112,77,77,0,0.009394465434494027,0.009462541270975866,66,67,1,4,2,2,7,7,43,21,95
843,0,1640,1,100,99,0,176,1,69,68,0,176,1,88,87,0.0,0.03175737771877872,1,90,89,1,-1,2,12,0,6,79,0
844,16,16,35,35,0,48,48,37,37,0,16,16,35,35,0,0.0007488342013002485,0.0007488342013002485,37,37,0,-1,3,3,7,2,24,42,89
845,0,0,1,1,0,0,0,1,1,0,0,0,1,1,0,0.0,0.0,1,1,0,-1,-1,-1,3,0,75,67,59
846,100,100,69,69,0,100,100,66,66,0,100,100,72,72,0,0.02910242009598693,0.03209775690118792,89,90,1,2,1,1,6,4,44,22,70
847,208,1848,92,100,8,136,160,86,92,6,136,160,87,93,6,0.023520201504475986,0.05840906770141938,86,100,14,1,2,2,7,17,62,6,10
848,145,351,81,96,15,188,188,83,83,0,145,188,81,90,9,0.009939072126348753,0.013410939786922631,69,72,3,3,2,2,10,8,12,44,62
849,87,1727,65,100,35,66,100,47,72,25,66,100,55,73,18,0.006433166547533953,0.024575376969944517,55,85,30,1,3,2,6,8,71,57,65
850,0,1640,1,100,99,0,92,1,46,45,0,92,1,61,60,0.0,0.021716191837707205,1,85,84,1,-1,2,8,0,42,98,33
851,0,616,1,100,99,0,41,1,31,30,0,18,1,38,37,0.0,0.0009530617107457708,1,36,35,2,-1,3,16,1,9,45,63
852,6,212,28,92,64,43,80,30,34,4,6,26,28,42,14,0.00017018959120460194,0.003165526396405596,29,47,18,3,4,4,16,1,4,65,22
853,32,648,48,100,52,148,148,63,63,0,32,70,48,55,7,0.0020082371762143027,0.009224275843289425,43,65,22,2,3,3,13,2,13,52,77
854,40,656,52,100,48,62,90,49,64,15,40,90,52,68,16,0.0024166921951053475,0.0212056230640934,47,85,38,2,2,2,6,1,34,49,9
855,141,347,88,99,11,72,72,84,84,0,72,72,84,84,0,0.025119983661799246,0.031246808945164913,88,90,2,3,2,2,3,15,85,16,14
856,84,186,72,91,19,88,88,82,82,0,88,88,82,82,0,0.010279451308757957,0.011845195547840293,70,73,3,4,2,2,4,6,72,26,75
857,0,101,1,75,74,0,6,1,25,24,0,1,1,25,24,0.0,0.0,1,1,0,6,-1,7,6,0,34,80,58
858,0,616,1,100,99,0,56,1,45,44,0,56,1,57,56,0.0,0.017257224548146634,1,79,78,2,-1,3,6,1,74,45,23
859,6,107,30,76,46,30,30,37,37,0,6,7,30,36,6,0.0013955546478777359,0.0014636304843595766,39,39,0,5,4,4,5,1,80,71,78
860,0,0,1,1,0,0,0,1,1,0,0,0,1,1,0,0.0,0.0,1,1,0,-1,-1,-1,16,0,4,96,81
861,47,253,54,93,39,40,40,44,44,0,40,40,53,53,0,0.004799346471969774,0.01667857993805099,52,78,26,3,3,3,5,6,70,35,6
862,174,380,89,96,7,174,174,92,92,0,174,174,93,93,0,0.014670342761836687,0.015351101126655093,77,77,0,3,2,2,7,7,43,48,71
863,108,210,85,96,11,56,56,93,93,0,56,56,93,93,0,0.021954457265393648,0.022396950202525613,88,88,0,4,2,2,2,9,99,39,49
864,0,616,1,100,99,0,53,1,33,32,0,28,1,42,41,0.0,0.001497668402600497,1,39,38,2,-1,3,14,0,17,84,43
865,6,212,33,94,61,8,12,33,39,6,6,12,33,41,8,0.0004765308553728854,0.005071649817897137,37,54,17,3,4,4,2,1,90,88,62
866,91,91,79,79,0,32,32,63,63,0,32,32,65,65,0,0.011845195547840293,0.011845195547840293,75,75,0,-1,3,3,2,14,98,32,67
867,270,886,98,100,2,96,96,94,94,0,96,96,94,94,0,0.041185881071513664,0.06834813982776813,95,99,4,2,2,2,3,27,85,10,3
868,6,6,29,29,0,28,28,33,33,0,6,6,29,29,0,0.00017018959120460194,0.00017018959120460194,31,31,0,-1,4,4,8,1,15,4,40
869,86,702,69,100,31,48,48,63,63,0,48,48,64,64,0,0.008747744987916539,0.043534497430137174,68,95,27,2,3,3,3,7,82,21,2
870,184,800,84,100,16,166,176,84,87,3,166,176,85,87,2,0.011947309302563056,0.02474556656114912,69,87,18,2,2,2,8,13,27,24,5
871,38,654,49,100,51,90,100,45,46,1,38,72,49,58,9,0.0024507301133462676,0.007692569522448007,47,62,15,2,3,3,10,3,22,54,62
872,127,333,84,98,14,64,64,68,68,0,64,64,70,70,0,0.021137547227611558,0.02580074202661765,83,86,3,3,3,3,4,16,78,18,38
873,100,100,58,58,0,100,100,38,38,0,100,100,58,58,0,0.04435140746791926,0.056843323462337045,96,98,2,2,1,1,16,27,9,10,5
874,0,616,1,100,99,0,31,1,36,35,0,18,1,42,41,0.0,0.00353994349705572,1,48,47,2,-1,3,7,0,62,96,75
875,100,100,59,59,0,100,100,39,39,0,100,100,59,59,0,0.035059055788148,0.037475747983253344,94,95,1,3,1,1,14,19,16,15,41
876,0,0,1,1,0,0,0,1,1,0,0,0,1,1,0,0.0,0.0,1,1,0,-1,-1,-1,3,0,64,82,92
877,8,8,34,34,0,14,14,32,32,0,8,8,34,34,0,0.0005446066918547262,0.0005446066918547262,35,35,0,-1,4,4,3,2,82,63,92
878,140,140,84,84,0,88,88,84,84,0,88,88,84,84,0,0.017121072875182955,0.017121072875182955,80,80,0,-1,2,2,4,14,67,32,97
879,0,101,1,69,68,0,9,1,25,24,0,1,1,25,24,0.0,0.0,1,1,0,5,-1,6,9,0,28,66,68
880,61,61,61,61,0,76,76,54,54,0,61,61,61,61,0,0.004935498144933456,0.004935498144933456,54,54,0,-1,3,3,6,6,32,35,99
881,0,206,1,86,85,0,49,1,32,31,0,6,1,28,27,0.0,0.0020082371762143027,1,44,43,3,-1,4,11,0,5,80,46
882,377,377,100,100,0,192,192,99,99,0,192,192,99,99,0,0.04666598590830185,0.04666598590830185,98,98,0,-1,2,2,6,29,69,11,76
883,0,206,1,94,93,0,12,1,31,30,0,12,1,36,35,0.0,0.00704584907587052,1,61,60,3,-1,4,2,0,91,76,17
884,0,0,1,1,0,0,0,1,1,0,0,0,1,1,0,0.0,0.0,1,1,0,-1,-1,-1,3,0,96,67,87
885,62,62,61,61,0,38,38,46,46,0,38,38,51,51,0,0.00789679703189353,0.00789679703189353,62,62,0,-1,3,3,3,6,96,34,93
886,100,100,59,59,0,100,100,39,39,0,100,100,59,59,0,0.014738418598318526,0.021954457265393648,76,81,5,2,1,1,14,4,16,22,21
887,10,10,37,37,0,46,46,39,39,0,10,10,37,37,0,0.0011232513019503727,0.0011232513019503727,39,39,0,-1,4,4,9,3,26,43,80
888,16,1656,33,100,67,25,64,32,43,11,16,56,33,53,20,0.0005786446100956465,0.018006058749446885,34,82,48,1,3,2,6,1,51,60,55
889,8,8,38,38,0,8,8,33,33,0,8,8,38,38,0,0.0013274788113958951,0.0013274788113958951,41,41,0,-1,4,4,2,3,89,51,66
890,0,0,1,1,0,0,0,1,1,0,0,0,1,1,0,0.0,0.0,1,1,0,-1,-1,-1,2,0,95,82,85
891,0,0,1,1,0,0,0,1,1,0,0,0,1,1,0,0.0,0.0,1,1,0,-1,-1,-1,2,1,91,69,93
892,100,100,66,66,0,100,100,60,60,0,100,100,68,68,0,0.04472582456856938,0.05194186323564451,97,97,0,2,1,1,7,20,43,23,44
893,96,302,65,95,30,114,114,67,67,0,96,114,65,78,13,0.0068075836481840775,0.01245787807617686,57,73,16,3,3,3,9,6,35,13,44
894,1,1,25,25,0,5,5,25,25,0,1,1,25,25,0,3.4037918240920386e-05,3.4037918240920386e-05,26,26,0,-1,6,6,5,2,45,58,84
895,0,206,1,88,87,0,48,1,34,33,0,26,1,46,45,0.0,0.003982436434187685,1,52,51,3,-1,4,8,0,15,92,26
896,100,100,76,76,0,100,100,91,91,0,100,100,91,91,0,0.07471323053882024,0.074815344293543,100,100,0,4,1,1,4,29,77,11,56
897,278,380,99,100,1,56,56,84,84,0,56,56,85,85,0,0.04554273460635148,0.0459171517070016,97,97,0,4,2,2,2,40,98,3,74
898,100,100,76,76,0,48,48,54,54,0,48,48,56,56,0,0.009394465434494027,0.009394465434494027,65,65,0,-1,3,3,3,9,87,31,36
899,100,100,67,67,0,100,100,74,74,0,100,100,75,75,0,0.06341264168283468,0.06382109670172573,99,99,0,3,1,1,5,27,63,10,56
900,28,129,45,78,33,74,74,42,42,0,28,29,45,46,1,0.001940161339732462,0.0019741992579733825,44,44,0,5,3,3,9,3,28,43,78
901,10,626,39,100,61,18,28,38,45,7,10,28,39,52,13,0.0018040096667687805,0.012117498893767658,44,75,31,2,4,3,3,3,81,54,27
902,67,67,63,63,0,32,32,58,58,0,32,32,59,59,0,0.00980292045338507,0.00980292045338507,67,67,0,-1,3,3,2,8,68,44,93
903,0,0,1,1,0,0,0,1,1,0,0,0,1,1,0,0.0,0.0,1,1,0,-1,-1,-1,3,0,94,79,92
904,8,8,36,36,0,14,14,34,34,0,8,8,36,36,0,0.0007828721195411688,0.0007828721195411688,37,37,0,-1,4,4,3,2,60,63,96
905,22,638,45,100,55,66,66,49,49,0,22,66,45,58,13,0.0019061234214915416,0.016236087000919025,44,80,36,2,3,3,6,2,44,61,12
906,100,100,69,69,0,100,100,76,76,0,100,100,76,76,0,0.0509207256884169,0.06106402532421117,98,100,2,3,1,1,5,18,80,30,6
907,40,656,50,100,50,82,110,45,59,14,40,84,50,59,9,0.0023486163586235067,0.008713707069675619,48,63,15,2,2,2,10,2,11,42,62
908,6,108,27,81,54,24,24,36,36,0,6,8,27,30,3,0.003369753905851118,0.003437829742332959,46,46,0,4,4,4,4,1,67,90,68
909,0,0,1,1,0,0,0,1,1,0,0,0,1,1,0,0.0,0.0,1,1,0,-1,-1,-1,5,0,80,97,91
910,6,1646,31,100,69,10,52,31,81,50,6,52,31,81,50,0.0008509479560230097,0.03791824092038531,36,95,59,1,4,2,3,1,92,71,46
911,58,58,59,59,0,28,28,48,48,0,28,28,54,54,0,0.007760645358929848,0.007760645358929848,60,60,0,-1,3,3,3,7,55,48,69
912,263,263,95,95,0,64,64,70,70,0,64,64,70,70,0,0.030702202253310187,0.030702202253310187,89,89,0,-1,3,3,4,29,84,1,91
913,0,206,1,93,92,0,12,1,35,34,0,8,1,35,34,0.0,0.0012934408931549745,1,39,38,3,-1,4,2,0,68,80,61
914,291,291,98,98,0,72,72,79,79,0,72,72,80,80,0,0.03808843051158991,0.03808843051158991,95,95,0,-1,2,2,3,29,75,1,67
915,24,640,50,100,50,32,32,64,64,0,32,32,64,64,0,0.002723033459273631,0.02808128254875932,47,92,45,2,3,3,2,3,89,54,10
916,6,212,32,92,60,14,14,35,35,0,6,14,32,42,10,0.0013274788113958951,0.004833384390210695,40,57,17,3,4,4,3,1,76,71,41
917,80,286,64,95,31,70,70,56,56,0,80,70,69,63,-6,0.005786446100956465,0.014670342761836687,56,77,21,3,3,3,5,5,37,47,32
918,2,208,28,96,68,3,12,28,38,10,2,12,28,44,16,0.00013615167296368154,0.0026889955410327104,31,47,16,3,5,4,2,1,93,55,54
919,12,1652,35,100,65,32,100,35,65,30,12,100,35,71,36,0.0004765308553728854,0.03335715987610198,33,94,61,1,4,2,6,2,59,56,5
920,268,268,92,92,0,234,234,87,87,0,234,234,89,89,0,0.022635215630212056,0.022635215630212056,81,81,0,-1,2,2,12,16,2,12,36
921,182,182,95,95,0,32,32,63,63,0,32,32,64,64,0,0.028455699649409444,0.028455699649409444,91,91,0,-1,3,3,2,22,86,9,66
922,54,670,62,100,38,48,48,63,63,0,48,48,64,64,0,0.00704584907587052,0.03917764389529936,64,95,31,2,3,3,3,4,82,72,3
923,12,218,32,93,61,20,20,30,30,0,12,20,32,40,8,0.0009190237925048504,0.01858470335954253,35,82,47,3,4,4,4,2,67,74,1
924,22,638,41,100,59,66,66,50,50,0,22,66,41,60,19,0.002723033459273631,0.00976888253514415,45,68,23,2,3,3,6,2,56,52,48
925,222,822,93,100,7,220,220,82,82,0,220,220,93,93,0,0.01415977398822288,0.022430988120766535,75,85,10,2,2,2,12,14,6,32,8
926,73,689,57,100,43,160,170,69,71,2,73,170,57,86,29,0.004356853534837809,0.019639878825011062,55,81,26,2,2,2,11,4,19,22,15
927,2,618,29,100,71,10,36,31,40,9,2,36,29,52,23,0.0002382654276864427,0.007284114503556962,32,62,30,2,5,3,5,1,49,60,44
928,16,16,39,39,0,42,42,41,41,0,16,16,39,39,0,0.0040845501889104465,0.0040845501889104465,51,51,0,-1,3,3,6,1,69,90,89
929,64,680,56,100,44,130,140,65,68,3,64,140,56,83,27,0.006637394056979475,0.019061234214915415,60,80,20,2,3,3,10,4,22,72,12
930,34,240,54,94,40,32,32,58,58,0,32,32,59,59,0,0.0033016780693692774,0.01592974573675074,51,82,31,3,3,3,2,6,68,70,15
931,114,114,77,77,0,180,180,76,76,0,114,114,77,77,0,0.006705469893461316,0.006705469893461316,58,58,0,-1,2,2,12,6,3,28,96
932,20,636,46,100,54,44,54,48,53,5,20,54,46,57,11,0.0018380475850097008,0.016916845365737433,45,80,35,2,3,3,4,3,47,43,6
933,20,636,48,100,52,34,44,46,49,3,20,44,48,56,8,0.0014295925661186562,0.01664454201981007,42,81,39,2,3,3,4,3,73,43,16
934,0,616,1,100,99,0,25,1,29,28,0,16,1,34,33,0.0,0.0016338200755641784,1,38,37,2,-1,3,8,0,27,67,60
935,392,598,100,100,0,120,120,100,100,0,120,120,100,100,0,0.0567752476258552,0.06092787365124749,99,99,0,3,2,2,3,36,58,2,47
936,16,16,35,35,0,100,100,45,45,0,16,16,35,35,0,0.0026549576227917903,0.0026549576227917903,47,47,0,-1,3,3,10,2,1,94,92
937,200,406,87,97,10,206,206,91,91,0,206,206,92,92,0,0.01783586915824228,0.017869907076483203,78,78,0,3,2,2,9,13,54,33,95
938,262,462,98,100,2,56,56,84,84,0,56,56,85,85,0,0.04115184315327275,0.050648422342489535,96,97,1,3,2,2,2,29,98,1,5
939,22,22,46,46,0,34,34,44,44,0,22,22,46,46,0,0.0022465026039007454,0.0022465026039007454,46,46,0,-1,3,3,4,3,72,51,80
940,46,252,48,94,46,154,154,63,63,0,46,52,48,48,0,0.0024507301133462676,0.004322815616596889,47,51,4,3,2,2,15,2,7,52,94
941,12,12,41,41,0,18,18,35,35,0,12,12,41,41,0,0.002280540522141666,0.002280540522141666,48,48,0,-1,4,4,3,2,87,75,92
942,2,102,29,78,49,9,9,30,30,0,2,2,29,29,0,0.0002042275094455223,0.0006807583648184077,32,35,3,4,5,5,5,1,88,60,71
943,73,689,61,100,39,122,132,72,73,1,73,103,61,75,14,0.007216038667075122,0.012696143503863304,62,73,11,2,2,2,8,4,21,22,62
944,0,0,1,1,0,0,0,1,1,0,0,0,1,1,0,0.0,0.0,1,1,0,-1,-1,-1,4,1,78,45,76
945,64,64,62,62,0,62,62,74,74,0,62,62,75,75,0,0.008645631233193778,0.008645631233193778,67,67,0,-1,2,2,3,6,64,26,50
946,192,1792,86,100,14,320,320,95,95,0,192,320,86,95,9,0.012049423057285817,0.035705776234725484,70,94,24,1,2,2,14,7,25,21,9
947,64,64,54,54,0,164,164,66,66,0,64,64,54,54,0,0.005616256509751864,0.005616256509751864,54,54,0,-1,2,2,15,6,7,73,92
948,622,1238,100,100,0,344,344,100,100,0,344,344,100,100,0,0.048878450593961675,0.05037611899656217,96,99,3,2,2,2,11,40,33,3,61
949,100,100,58,58,0,100,100,38,38,0,100,100,58,58,0,0.04782327512849314,0.04782327512849314,97,97,0,-1,1,1,16,29,9,1,85
950,9,9,44,44,0,12,12,39,39,0,12,12,44,44,0,0.0011913271384322134,0.0011913271384322134,41,41,0,-1,4,4,2,3,97,43,87
951,0,616,1,100,99,0,50,1,37,36,0,48,1,53,52,0.0,0.005718370264474625,1,56,55,2,-1,3,7,0,43,97,13
952,22,638,45,100,55,54,108,39,66,27,22,108,45,78,33,0.001157289220191293,0.034854828278702475,40,94,54,2,3,3,8,2,57,74,2
953,0,616,1,100,99,0,46,1,38,37,0,46,1,52,51,0.0,0.011198475101262807,1,71,70,2,-1,3,6,0,41,93,39
954,16,222,33,91,58,52,64,36,40,4,16,44,33,50,17,0.0005786446100956465,0.006058749446883829,35,60,25,3,3,3,9,1,31,49,34
955,0,616,1,100,99,0,38,1,56,55,0,38,1,59,58,0.0,0.03362946322202934,1,90,89,2,-1,3,3,0,85,98,2
956,42,248,52,93,41,122,122,62,62,0,40,48,48,53,5,0.0034718676605738795,0.00439089145307873,51,54,3,3,3,3,12,6,6,41,43
957,263,469,95,100,5,64,64,70,70,0,64,64,70,70,0,0.030702202253310187,0.03849688553048095,89,93,4,3,3,3,4,29,84,1,32
958,54,260,58,94,36,60,60,53,53,0,54,60,58,59,1,0.006024711528642908,0.010755982164130842,60,68,8,3,3,3,5,4,49,72,21
959,49,49,52,52,0,156,156,67,67,0,49,49,52,52,0,0.004833384390210695,0.004833384390210695,54,54,0,-1,3,3,11,4,5,22,80
960,46,662,54,100,46,90,128,49,71,22,46,128,54,82,28,0.005071649817897137,0.03335715987610198,53,92,39,2,2,2,9,2,35,75,3
961,46,662,50,100,50,144,154,61,65,4,46,70,50,53,3,0.0025188059498281084,0.004799346471969774,47,52,5,2,2,2,10,2,0,61,54
962,0,206,1,89,88,0,21,1,28,27,0,8,1,34,33,0.0,0.0014636304843595766,1,40,39,3,-1,4,9,0,28,99,83
963,18,18,47,47,0,44,44,48,48,0,18,18,47,47,0,0.0018380475850097008,0.0018380475850097008,44,44,0,-1,3,3,4,2,83,61,80
964,100,100,69,69,0,100,100,87,87,0,100,100,87,87,0,0.05640083052520508,0.056979475135300724,98,98,0,4,1,1,4,14,83,14,52
965,24,640,48,100,52,46,56,45,46,1,24,56,48,59,11,0.0021784267674189047,0.0088498587426393,47,68,21,2,3,3,6,3,32,54,24
966,98,714,78,100,22,56,56,76,76,0,56,56,77,77,0,0.01667857993805099,0.027672827529868275,81,90,9,2,2,2,2,13,68,33,14
967,124,740,80,100,20,160,160,93,93,0,124,160,82,93,11,0.013955546478777357,0.030634126416828347,75,90,15,2,2,2,7,6,62,77,9
968,0,616,1,100,99,0,24,1,42,41,0,24,1,50,49,0.0,0.012015385139044895,1,75,74,2,-1,3,3,0,55,59,44
969,298,498,98,100,2,112,112,95,95,0,112,112,95,95,0,0.03437829742332959,0.03972225058715409,93,95,2,3,2,2,4,22,73,9,13
970,0,101,1,74,73,0,6,1,25,24,0,1,1,25,24,0.0,3.4037918240920386e-05,1,25,24,6,-1,7,6,0,74,81,58
971,8,110,37,82,45,14,14,35,35,0,8,10,37,39,2,0.002110350930937064,0.003165526396405596,48,51,3,4,4,4,3,2,76,83,71
972,100,100,65,65,0,100,100,47,47,0,100,100,65,65,0,0.04081146397086354,0.06807583648184078,95,100,5,1,1,1,11,20,38,23,0
973,0,1640,1,100,99,0,120,1,56,55,0,77,1,59,58,0.0,0.012151536812008578,1,72,71,1,-1,2,14,0,17,96,57
974,16,632,32,100,68,46,106,31,55,24,16,88,32,56,24,0.0002723033459273631,0.00881582082439838,31,64,33,2,3,3,14,1,8,60,20
975,16,1656,34,100,66,82,136,35,62,27,16,64,34,55,21,0.0005105687736138058,0.008577555396711936,35,59,24,1,3,2,16,1,9,49,70
976,0,206,1,90,89,0,44,1,38,37,0,44,1,52,51,0.0,0.008203138296061813,1,65,64,3,-1,4,8,0,39,98,14
977,0,0,1,1,0,0,0,1,1,0,0,0,1,1,0,0.0,0.0,1,1,0,-1,-1,-1,7,0,43,87,76
978,0,0,1,1,0,0,0,1,1,0,0,0,1,1,0,0.0,0.0,1,1,0,-1,-1,-1,10,0,22,80,98
979,240,240,91,91,0,206,206,91,91,0,206,206,92,92,0,0.016474352428605468,0.016474352428605468,76,76,0,-1,2,2,9,14,54,32,66
980,100,100,66,66,0,100,100,43,43,0,100,100,66,66,0,0.027774941284591036,0.04254739780115048,90,94,4,1,1,1,11,14,33,32,31
981,0,206,1,95,94,0,7,1,31,30,0,7,1,36,35,0.0,0.0007147962830593281,1,35,34,3,-1,4,2,0,95,36,64
982,6,6,30,30,0,18,18,32,32,0,6,6,30,30,0,0.00034037918240920387,0.00034037918240920387,31,31,0,-1,4,4,6,1,65,55,85
983,39,141,46,83,37,94,94,45,45,0,39,40,46,46,0,0.003778208924742163,0.003778208924742163,50,50,0,4,3,3,9,4,29,22,95
984,0,0,1,1,0,0,0,1,1,0,0,0,1,1,0,0.0,0.0,1,1,0,-1,-1,-1,8,0,57,92,98
985,6,6,32,32,0,20,20,34,34,0,6,6,32,32,0,0.0012253650566731338,0.0012253650566731338,41,41,0,-1,4,4,4,1,79,71,82
986,0,616,1,100,99,0,58,1,33,32,0,43,1,49,48,0.0,0.0057524081827155455,1,53,52,2,-1,3,10,0,0,87,57
987,2,618,26,100,74,12,68,27,39,12,2,56,26,55,29,3.4037918240920386e-05,0.008611593314952858,28,64,36,2,5,3,10,1,11,68,20
988,28,28,49,49,0,50,50,45,45,0,28,28,49,49,0,0.0018380475850097008,0.0018380475850097008,43,43,0,-1,3,3,5,3,63,43,97
989,362,562,98,100,2,158,158,97,97,0,158,158,97,97,0,0.03897341638585384,0.040198781442526976,96,96,0,3,2,2,6,29,71,0,75
990,146,762,90,100,10,96,96,94,94,0,96,96,94,94,0,0.022430988120766535,0.027808979202831954,86,92,6,2,2,2,3,9,94,27,54
991,40,40,56,56,0,56,56,80,80,0,40,40,79,79,0,0.006467204465774873,0.006467204465774873,57,57,0,-1,2,2,2,1,91,53,79
992,0,206,1,89,88,0,36,1,31,30,0,15,1,33,32,0.0,0.002723033459273631,1,48,47,3,-1,4,12,0,14,97,73
993,100,100,63,63,0,100,100,56,56,0,100,100,63,63,0,0.056673133871132444,0.06429762755709861,99,99,0,2,1,1,7,29,24,0,20
994,226,826,92,100,8,150,150,86,86,0,150,150,86,86,0,0.02386058068688519,0.025154021580040164,86,88,2,2,2,2,7,18,43,30,61
995,0,616,1,100,99,0,36,1,37,36,0,36,1,52,51,0.0,0.006535280302256714,1,58,57,2,-1,3,5,0,61,97,44
996,39,655,53,100,47,54,64,53,62,9,39,64,53,63,10,0.00439089145307873,0.01320671227747711,54,75,21,2,3,3,4,4,79,22,17
997,0,616,1,100,99,0,38,1,50,49,0,38,1,53,52,0.0,0.029749140542564417,1,91,90,2,-1,3,3,0,82,86,3
998,180,780,87,100,13,172,172,88,88,0,172,172,90,90,0,0.016406276592123625,0.027774941284591036,78,88,10,2,2,2,9,13,35,33,18
999,0,0,1,1,0,0,0,1,1,0,0,0,1,1,0,0.0,0.0,1,1,0,-1,-1,-1,3,0,85,80,50
