,FreeNet_pre_score,FreeNet_post_score,FreeNet_pre_rank,FreeNet_post_rank,FreeNet_delta_ranks,Reversed_pre_score,Reversed_post_score,Reversed_pre_rank,Reversed_post_rank,Reversed_delta_ranks,Independent_pre_score,Independent_post_score,Independent_pre_rank,Independent_post_rank,Independent_delta_ranks,Random_pre_score,Random_post_score,Random_pre_rank,Random_post_rank,Random_delta_ranks,dist_victim_relayer,dist_victim_vilain_pre,dist_victim_vilain_post,out_deg_victim,in_deg_villain,victim,villain,relayer
0,39,655,55,100,45,54,64,59,63,4,39,64,57,66,9,0.004629156880765172,0.021239660982334322,55,85,30,2,3,3,4,4,77,22,12
1,80,286,73,100,27,32,32,64,64,0,32,32,64,64,0,0.012559991830899623,0.026243234963749616,74,88,14,3,3,3,2,13,89,33,6
2,136,342,84,96,12,156,156,84,84,0,136,156,84,89,5,0.015146873617209572,0.017427414139351238,78,81,3,3,2,2,8,8,39,8,22
3,100,100,63,63,0,100,100,45,45,0,100,100,63,63,0,0.05177167364443991,0.053269342047040404,98,99,1,2,1,1,11,30,19,7,74
4,100,100,69,69,0,100,100,71,71,0,100,100,72,72,0,0.024473263215221756,0.02831954797644576,88,89,1,3,1,1,6,1,56,95,28
5,26,232,53,95,42,34,34,44,44,0,25,34,53,54,1,0.0030634126416828346,0.0038462847612240037,50,52,2,3,3,3,4,6,72,41,49
6,54,155,58,89,31,76,76,54,54,0,54,55,58,59,1,0.006841621566424997,0.006841621566424997,61,61,0,5,3,3,6,7,32,62,95
7,100,100,70,70,0,100,100,73,73,0,100,100,74,74,0,0.04309200449300521,0.06031519112291092,97,100,3,2,1,1,6,17,71,6,9
8,70,686,60,100,40,86,96,56,65,9,70,96,59,71,12,0.006058749446883829,0.02314578440382586,58,87,29,2,3,3,6,5,59,47,30
9,2,1642,27,100,73,12,68,27,40,13,2,42,27,52,25,0.0,0.014227849824704722,1,74,73,1,5,2,9,1,23,68,94
10,2,103,27,82,55,4,4,27,27,0,2,3,27,30,3,3.4037918240920386e-05,0.00030634126416828345,26,33,7,5,5,5,3,1,66,78,60
11,130,336,83,98,15,88,88,76,76,0,88,88,79,79,0,0.011709043874876613,0.01412573606998196,74,77,3,3,2,2,4,13,47,24,70
12,0,0,1,1,0,0,0,1,1,0,0,0,1,1,0,0.0,0.0,1,1,0,-1,-1,-1,3,0,81,79,59
13,150,150,83,83,0,144,144,95,95,0,144,144,95,95,0,0.017359338302869398,0.017359338302869398,78,78,0,-1,2,2,6,8,56,17,91
14,86,292,70,96,26,70,70,67,67,0,70,70,71,71,0,0.01147077844719017,0.012525953912658701,72,72,0,3,3,3,5,6,70,77,53
15,0,616,1,100,99,0,50,1,37,36,0,48,1,53,52,0.0,0.005684332346233704,1,55,54,2,-1,3,7,0,43,85,13
16,0,616,1,100,99,0,48,1,36,35,0,48,1,55,54,0.0,0.005990673610401988,1,57,56,2,-1,3,7,0,24,99,31
17,0,206,1,91,90,0,32,1,34,33,0,20,1,40,39,0.0,0.004663194799006093,1,50,49,3,-1,4,6,0,56,59,38
18,100,100,79,79,0,100,100,97,97,0,100,100,97,97,0,0.09094931753973927,0.09094931753973927,100,100,0,-1,1,1,3,29,60,0,45
19,144,144,85,85,0,198,198,86,86,0,144,144,86,86,0,0.007760645358929848,0.007760645358929848,64,64,0,-1,2,2,10,6,1,13,80
20,86,1726,60,100,40,142,176,66,75,9,86,176,60,87,27,0.009122162088566664,0.027162258756254467,69,87,18,1,3,2,12,6,3,34,5
21,1,1,25,25,0,3,3,25,25,0,1,1,25,25,0,0.0,0.0,1,1,0,-1,6,6,3,2,96,58,84
22,94,710,62,100,38,160,170,73,77,4,94,110,62,77,15,0.006501242384015794,0.00789679703189353,62,63,1,2,2,2,11,6,38,26,42
23,144,760,79,100,21,198,208,83,88,5,144,160,79,85,6,0.009428503352734947,0.012287688484972258,68,74,6,2,2,2,10,7,0,21,94
24,362,464,96,98,2,360,360,99,99,0,360,360,99,99,0,0.026821879573845263,0.026855917492086184,87,87,0,4,2,2,12,17,3,6,60
25,0,616,1,99,98,0,36,1,32,31,0,18,1,40,39,0.0,0.002110350930937064,1,42,41,2,-1,3,11,0,19,66,74
26,260,260,93,93,0,328,328,91,91,0,258,258,93,93,0,0.0195377650702883,0.0195377650702883,85,85,0,-1,2,2,16,18,9,5,36
27,0,616,1,100,99,0,76,1,41,40,0,44,1,49,48,0.0,0.005071649817897137,1,53,52,2,-1,3,10,0,0,84,72
28,100,100,69,69,0,100,100,71,71,0,100,100,72,72,0,0.05813676435549202,0.05854521937438306,98,98,0,4,1,1,6,27,56,10,42
29,94,94,77,77,0,72,72,79,79,0,72,72,80,80,0,0.008611593314952858,0.008611593314952858,68,68,0,-1,2,2,3,5,75,47,99
30,26,26,56,56,0,12,12,35,35,0,12,12,42,42,0,0.0045270431260424114,0.0045270431260424114,55,55,0,-1,4,4,2,6,98,28,92
31,230,436,94,100,6,120,120,100,100,0,120,120,100,100,0,0.03359542530378842,0.041798563599850236,91,95,4,3,2,2,3,16,85,12,33
32,100,100,65,65,0,100,100,47,47,0,100,100,65,65,0,0.0333911977943429,0.0333911977943429,92,92,0,5,1,1,11,15,38,19,78
33,68,169,64,92,28,28,28,43,43,0,28,28,50,50,0,0.01147077844719017,0.01157289220191293,76,76,0,5,3,3,3,8,75,8,55
34,36,242,53,93,40,66,66,49,49,0,35,66,53,58,5,0.004220701861874128,0.009122162088566664,55,67,12,3,3,3,6,6,44,41,62
35,100,100,66,66,0,100,100,49,49,0,100,100,66,66,0,0.03618230709009837,0.03618230709009837,94,94,0,-1,1,1,9,16,54,18,36
36,22,228,45,94,49,42,42,39,39,0,22,42,45,50,5,0.0013955546478777359,0.008441403723748256,39,65,26,3,3,3,6,3,59,51,32
37,145,351,82,96,14,198,198,83,83,0,145,198,82,87,5,0.010687906327649,0.013683243132849994,67,74,7,3,2,2,10,8,11,44,28
38,0,616,1,100,99,0,50,1,45,44,0,50,1,56,55,0.0,0.01763164164879676,1,82,81,2,-1,3,5,0,80,93,9
39,8,109,35,78,43,42,42,35,35,0,8,8,35,35,0,0.0005105687736138058,0.0005446066918547262,35,35,0,6,4,4,9,2,35,56,58
40,1,617,26,100,74,4,34,26,46,20,1,34,26,54,28,3.4037918240920386e-05,0.020150447598624867,27,85,58,2,6,3,4,1,77,78,7
41,383,589,97,100,3,200,200,93,93,0,200,200,93,93,0,0.03625038292658021,0.037509785901494265,95,97,2,3,2,2,8,29,27,11,61
42,134,134,84,84,0,134,134,96,96,0,134,134,96,96,0,0.013887470642295518,0.013887470642295518,76,76,0,-1,2,2,6,6,69,77,79
43,0,616,1,100,99,0,40,1,43,42,0,40,1,52,51,0.0,0.009360427516253106,1,69,68,2,-1,3,5,1,70,45,20
44,373,973,100,100,0,136,136,97,97,0,136,136,97,97,0,0.06092787365124749,0.07750433983457572,98,100,2,2,2,2,4,36,72,2,1
45,32,648,47,100,53,94,104,51,65,14,32,104,47,78,31,0.004629156880765172,0.017495489975833077,52,79,27,2,3,3,9,3,26,29,5
46,80,286,65,96,31,100,100,70,70,0,80,100,65,71,6,0.010007147962830594,0.011947309302563056,68,70,2,3,2,2,6,5,65,25,75
47,140,346,81,96,15,182,182,83,83,0,140,182,81,85,4,0.01330882603219987,0.018482589604819768,73,81,8,3,2,2,9,8,54,20,62
48,88,294,73,98,25,48,48,64,64,0,48,48,66,66,0,0.012287688484972258,0.016406276592123625,73,79,6,3,3,3,3,8,85,17,44
49,100,100,72,72,0,100,100,77,77,0,100,100,77,77,0,0.06576125804145819,0.06865448109193642,100,100,0,2,1,1,6,40,69,3,54
50,16,222,43,93,50,34,34,46,46,0,16,34,43,51,8,0.0020422750944552232,0.005684332346233704,45,57,12,3,3,3,4,1,73,53,28
51,100,100,66,66,0,100,100,52,52,0,100,100,66,66,0,0.06964158072092311,0.06964158072092311,100,100,0,-1,1,1,8,36,15,2,76
52,126,742,84,100,16,48,48,70,70,0,48,48,72,72,0,0.021784267674189048,0.03533135913407536,85,94,9,2,3,3,3,15,94,16,39
53,128,334,87,99,12,72,72,80,80,0,72,72,80,80,0,0.018788930868988054,0.023179822322066782,84,86,2,3,2,2,3,13,76,33,34
54,100,100,65,65,0,100,100,45,45,0,100,100,65,65,0,0.026923993328568024,0.026923993328568024,90,90,0,-1,1,1,10,14,12,32,81
55,100,306,80,100,20,22,22,49,49,0,22,22,50,50,0,0.009973110044589673,0.024234997787535316,68,88,20,3,3,3,2,14,93,32,15
56,88,704,61,100,39,142,142,78,78,0,88,122,61,78,17,0.010041185881071514,0.015725518227305217,66,75,9,2,2,2,8,4,27,38,62
57,0,102,1,81,80,0,5,1,27,26,0,2,1,27,26,0.0,0.00017018959120460194,1,31,30,4,-1,5,4,0,72,84,55
58,2,618,26,100,74,16,37,27,30,3,2,18,26,39,13,3.4037918240920386e-05,0.0011232513019503727,27,36,9,2,5,3,14,1,16,78,49
59,100,100,78,78,0,100,100,96,96,0,100,100,96,96,0,0.08325674801729126,0.10245413390517036,100,100,0,3,1,1,3,27,81,10,11
60,37,37,56,56,0,34,34,44,44,0,34,34,52,52,0,0.003982436434187685,0.003982436434187685,53,53,0,-1,3,3,4,6,47,35,96
61,0,102,1,77,76,0,7,1,27,26,0,3,1,31,30,0.0,0.0004084550188910446,1,33,32,4,-1,5,4,0,79,89,63
62,0,0,1,1,0,0,0,1,1,0,0,0,1,1,0,0.0,0.0,1,1,0,-1,-1,-1,6,0,56,36,93
63,0,0,1,1,0,0,0,1,1,0,0,0,1,1,0,0.0,0.0,1,1,0,-1,-1,-1,12,0,14,36,67
64,449,649,98,100,2,320,320,98,98,0,320,320,98,98,0,0.035569624561761805,0.037509785901494265,92,93,1,3,2,2,11,29,33,11,73
65,147,353,93,100,7,46,46,83,83,0,46,46,83,83,0,0.02648150039143606,0.03713536880084414,91,97,6,3,2,2,2,15,99,16,30
66,126,742,84,100,16,90,100,69,70,1,90,100,73,74,1,0.013376901868681712,0.025358249089485686,77,88,11,2,2,2,6,14,32,14,39
67,16,632,42,100,58,34,54,43,52,9,16,54,42,56,14,0.003880322679464924,0.0158616699002689,52,80,28,2,3,3,4,1,79,90,14
68,22,228,41,90,49,60,60,38,38,0,22,30,41,46,5,0.0023486163586235067,0.004050512270669526,48,53,5,3,3,3,9,2,28,83,75
69,0,101,1,70,69,0,11,1,23,22,0,1,1,23,22,0.0,0.0,1,1,0,5,-1,6,11,0,5,67,78
70,0,0,1,1,0,0,0,1,1,0,0,0,1,1,0,0.0,0.0,1,1,0,-1,-1,-1,12,0,2,86,97
71,2,208,29,96,67,6,18,29,35,6,2,14,29,40,11,0.00010211375472276115,0.0032336022328874367,30,50,20,3,5,4,3,1,75,55,29
72,172,378,88,100,12,88,88,71,71,0,88,88,71,71,0,0.019980258007420267,0.028047244630518397,85,93,8,3,2,2,4,18,53,30,32
73,6,107,28,78,50,19,19,31,31,0,6,7,28,34,6,0.0002042275094455223,0.00030634126416828345,29,31,2,5,4,4,6,1,56,65,78
74,46,246,54,93,39,46,46,43,43,0,46,46,54,54,0,0.0063650907110521125,0.006875659484665918,57,58,1,3,3,3,6,6,69,34,63
75,0,616,1,100,99,0,86,1,36,35,0,34,1,42,41,0.0,0.005037611899656217,1,56,55,2,-1,3,14,1,8,69,62
76,0,206,1,91,90,0,46,1,33,32,0,8,1,33,32,0.0,0.0013955546478777359,1,38,37,3,-1,4,11,0,38,85,61
77,100,100,58,58,0,100,100,38,38,0,100,100,58,58,0,0.011130399264780965,0.03972225058715409,61,94,33,1,1,1,16,6,9,70,11
78,90,90,67,67,0,68,68,72,72,0,68,68,74,74,0,0.011334626774226489,0.011334626774226489,70,70,0,-1,2,2,4,6,67,26,89
79,169,271,85,92,7,276,276,87,87,0,169,171,85,85,0,0.009905034208107831,0.010075223799312433,67,68,1,4,2,2,14,8,16,44,4
80,6,622,29,100,71,42,90,31,35,4,6,52,29,52,23,0.00017018959120460194,0.006569318220497634,31,57,26,2,4,3,14,1,16,65,21
81,0,206,1,92,91,0,24,1,39,38,0,24,1,51,50,0.0,0.007658531604207087,1,63,62,3,-1,4,4,0,47,59,17
82,18,18,43,43,0,46,46,45,45,0,18,18,43,43,0,0.0008509479560230097,0.0008509479560230097,38,38,0,-1,3,3,5,2,80,56,91
83,136,136,85,85,0,38,38,51,51,0,38,38,54,54,0,0.017359338302869398,0.017359338302869398,80,80,0,-1,3,3,3,16,82,12,50
84,100,100,58,58,0,100,100,35,35,0,100,100,59,59,0,0.027843017121072875,0.03509309370638892,89,92,3,1,1,1,17,18,20,5,29
85,66,167,64,92,28,32,32,58,58,0,32,32,60,60,0,0.006501242384015794,0.006705469893461316,58,59,1,5,3,3,2,6,91,28,65
86,0,616,1,100,99,0,132,1,61,60,0,110,1,74,73,0.0,0.01940161339732462,1,86,85,2,-1,3,16,0,9,66,23
87,6,6,31,31,0,8,8,33,33,0,6,6,31,31,0,0.0025188059498281084,0.0025188059498281084,46,46,0,-1,4,4,2,3,99,46,89
88,0,616,1,100,99,0,44,1,49,48,0,44,1,55,54,0.0,0.02209060893835733,1,84,83,2,-1,3,4,0,84,85,7
89,0,1640,1,100,99,0,64,1,40,39,0,42,1,50,49,0.0,0.01327478811395895,1,75,74,1,-1,2,9,0,31,36,75
90,62,678,52,100,48,144,154,61,65,4,62,108,52,71,19,0.0036760951700194017,0.007726607440688927,50,59,9,2,2,2,10,3,0,54,13
91,268,268,96,96,0,216,216,93,93,0,216,216,94,94,0,0.025188059498281085,0.025188059498281085,88,88,0,-1,2,2,9,15,28,16,76
92,112,318,81,97,16,110,110,77,77,0,110,110,81,81,0,0.014534191088873005,0.01596378365499166,76,79,3,3,2,2,6,8,74,17,53
93,364,364,98,98,0,144,144,91,91,0,144,144,92,92,0,0.03526328329759352,0.03526328329759352,94,94,0,-1,2,2,6,29,51,1,92
94,0,616,1,99,98,0,84,1,40,39,0,44,1,53,52,0.0,0.005888559855679227,1,59,58,2,-1,3,12,0,14,97,72
95,6,1646,33,100,67,20,58,35,64,29,6,58,33,65,32,0.0011913271384322134,0.03087239184451479,40,92,52,1,4,2,4,1,47,71,44
96,0,0,1,1,0,0,0,1,1,0,0,0,1,1,0,0.0,0.0,1,1,0,-1,-1,-1,5,0,50,85,81
97,120,120,79,79,0,120,120,79,79,0,120,120,81,81,0,0.008611593314952858,0.008611593314952858,65,65,0,-1,2,2,6,6,44,13,79
98,0,206,1,90,89,0,30,1,36,35,0,30,1,48,47,0.0,0.009496579189216788,1,69,68,3,-1,4,5,0,80,92,37
99,158,364,82,96,14,212,212,91,91,0,158,212,83,93,10,0.009360427516253106,0.013819394805813677,68,73,5,3,2,2,10,6,12,13,26
100,6,6,31,31,0,32,32,37,37,0,6,6,31,31,0,0.0005786446100956465,0.0005786446100956465,36,36,0,-1,4,4,6,1,32,49,99
101,28,1668,43,100,57,148,182,63,67,4,28,84,43,54,11,0.0018380475850097008,0.009870996289866912,42,66,24,1,3,2,17,3,20,43,29
102,6,212,32,97,65,12,12,35,35,0,6,12,32,41,9,0.0005105687736138058,0.008066986623098132,37,66,29,3,4,4,2,1,98,49,20
103,100,100,63,63,0,100,100,56,56,0,100,100,63,63,0,0.056673133871132444,0.09605500527587733,99,100,1,1,1,1,7,29,24,0,2
104,0,206,1,95,94,0,8,1,32,31,0,7,1,37,36,0.0,0.0012594029749140542,1,40,39,3,-1,4,2,0,89,66,61
105,32,238,43,93,50,94,94,45,45,0,32,70,43,57,14,0.001599782157323258,0.006977773239388679,40,58,18,3,3,3,9,2,29,52,44
106,100,100,66,66,0,100,100,45,45,0,100,100,66,66,0,0.03543347288879812,0.046223492971169886,91,95,4,2,1,1,10,18,1,30,19
107,0,616,1,100,99,0,34,1,34,33,0,34,1,49,48,0.0,0.005548180673270023,1,56,55,2,-1,3,6,0,65,93,44
108,36,138,54,87,33,28,28,45,45,0,28,28,50,50,0,0.005037611899656217,0.006501242384015794,54,59,5,4,3,3,3,6,58,28,83
109,84,290,58,96,38,126,126,77,77,0,84,126,59,83,24,0.010994247591817285,0.01776779332176044,73,83,10,3,2,2,7,5,46,25,77
110,1,207,26,93,67,5,22,26,34,8,1,21,26,44,18,0.0,0.004322815616596889,1,52,51,3,6,4,5,1,49,68,72
111,0,102,1,81,80,0,6,1,29,28,0,4,1,30,29,0.0,0.0007488342013002485,1,37,36,4,-1,5,3,0,81,59,74
112,66,682,58,100,42,112,122,63,66,3,64,122,58,77,19,0.005616256509751864,0.01317267435923619,58,74,16,2,2,2,8,6,15,41,25
113,8,8,38,38,0,8,8,33,33,0,8,8,38,38,0,0.00037441710065012424,0.00037441710065012424,33,33,0,-1,4,4,2,2,99,56,45
114,82,288,69,96,27,54,54,55,55,0,54,54,60,60,0,0.011947309302563056,0.01575955614554614,71,79,8,3,3,3,4,8,84,17,47
115,0,0,1,1,0,0,0,1,1,0,0,0,1,1,0,0.0,0.0,1,1,0,-1,-1,-1,2,1,95,50,82
116,100,100,63,63,0,100,100,56,56,0,100,100,63,63,0,0.02811532046700024,0.028659927158854966,89,89,0,3,1,1,7,6,24,35,64
117,100,201,79,93,14,56,56,76,76,0,56,56,77,77,0,0.013989584397018279,0.01409169815174104,77,78,1,5,2,2,2,13,68,24,65
118,6,107,34,85,51,12,12,39,39,0,6,7,34,39,5,0.0022465026039007454,0.002280540522141666,46,46,0,6,4,4,2,3,93,46,58
119,214,830,89,100,11,300,300,89,89,0,214,300,89,94,5,0.014806494434800367,0.02032063718982947,77,80,3,2,2,2,14,9,16,27,48
120,158,774,84,100,16,164,174,69,71,2,158,174,85,86,1,0.009598692943939549,0.01667857993805099,69,79,10,2,2,2,10,9,0,31,48
121,1,207,26,93,67,4,16,26,36,10,1,16,26,42,16,0.0,0.005548180673270023,1,57,56,3,6,4,4,2,72,58,21
122,2,208,28,93,65,10,20,30,31,1,2,20,28,43,15,6.807583648184077e-05,0.0053439531638245,30,53,23,3,5,4,6,1,69,65,24
123,0,206,1,91,90,0,18,1,31,30,0,14,1,35,34,0.0,0.002757071377514551,1,48,47,3,-1,4,5,0,52,40,73
124,0,206,1,92,91,0,10,1,31,30,0,10,1,39,38,0.0,0.010960209673576363,1,73,72,3,-1,4,3,1,76,45,12
125,29,131,48,83,35,40,40,44,44,0,29,40,48,50,2,0.004220701861874128,0.005003573981415297,51,52,1,4,3,3,5,4,88,22,74
126,100,100,59,59,0,100,100,40,40,0,100,100,59,59,0,0.03478675244222063,0.03478675244222063,93,93,0,-1,1,1,15,15,7,16,92
127,76,692,63,100,37,124,124,68,68,0,76,124,63,81,18,0.008066986623098132,0.014023622315259198,66,75,9,2,3,3,9,6,31,34,48
128,100,306,73,99,26,78,78,78,78,0,78,78,78,78,0,0.011232513019503728,0.019878144252697506,69,83,14,3,2,2,4,7,67,21,19
129,140,140,91,91,0,56,56,84,84,0,56,56,84,84,0,0.026243234963749616,0.026243234963749616,88,88,0,-1,2,2,2,20,86,23,82
130,38,654,53,100,47,68,98,46,54,8,38,98,53,66,13,0.0029612988869600733,0.017597603730555838,51,79,28,2,3,3,8,3,21,54,30
131,304,510,97,100,3,182,182,89,89,0,182,182,89,89,0,0.031995643146465164,0.03274447734776541,93,93,0,3,2,2,9,27,26,10,64
132,126,742,82,100,18,180,180,80,80,0,126,180,82,86,4,0.013444977705163553,0.01861874127778345,74,79,5,2,2,2,11,8,38,17,34
133,2,618,29,100,71,7,44,29,47,18,2,44,29,57,28,0.00010211375472276115,0.018312400013615168,31,84,53,2,5,3,4,1,47,60,16
134,32,648,45,100,55,116,130,56,61,5,32,76,45,54,9,0.002382654276864427,0.008135062459579971,46,61,15,2,3,3,14,2,16,75,48
135,270,270,94,94,0,110,110,86,86,0,110,110,86,86,0,0.0335613873855475,0.0335613873855475,92,92,0,-1,2,2,6,27,69,10,66
136,152,358,84,99,15,108,108,69,69,0,108,108,77,77,0,0.012696143503863304,0.01773375540351952,75,78,3,3,3,3,8,14,10,14,24
137,80,696,58,100,42,200,200,81,81,0,80,98,58,62,4,0.010211375472276116,0.011879233466081215,66,72,6,2,2,2,11,5,19,25,61
138,100,100,61,61,0,100,100,40,40,0,100,100,61,61,0,0.02382654276864427,0.028217434221723,89,90,1,2,1,1,14,14,8,14,47
139,362,962,97,100,3,224,224,97,97,0,224,224,97,97,0,0.037509785901494265,0.045338507096905956,93,97,4,2,2,2,8,27,57,10,8
140,100,100,66,66,0,100,100,45,45,0,100,100,66,66,0,0.028489737567650362,0.06290207290922087,88,100,12,1,1,1,10,8,1,8,11
141,56,56,51,51,0,98,98,53,53,0,56,56,52,52,0,0.0048674223084516155,0.0048674223084516155,52,52,0,-1,3,3,8,6,27,28,45
142,6,212,29,89,60,13,30,29,35,6,6,30,29,51,22,0.00013615167296368154,0.011981347220803976,31,73,42,3,4,4,5,1,61,65,37
143,42,248,55,94,39,82,82,48,48,0,40,52,52,55,3,0.003642057251778481,0.005888559855679227,51,57,6,3,3,3,7,6,24,41,75
144,128,744,78,100,22,118,128,63,68,5,128,128,78,78,0,0.012015385139044895,0.04278566322883692,76,96,20,2,3,3,8,8,42,8,3
145,40,142,50,81,31,134,134,69,69,0,40,42,50,54,4,0.003778208924742163,0.003880322679464924,53,54,1,4,2,2,10,2,11,94,4
146,315,416,100,100,0,56,56,80,80,0,56,56,81,81,0,0.04632560672589264,0.046359644644133564,98,98,0,5,2,2,2,40,91,3,95
147,0,616,1,100,99,0,48,1,59,58,0,48,1,62,61,0.0,0.03655672419074849,1,94,93,2,-1,3,3,0,58,99,2
148,6,6,29,29,0,19,19,28,28,0,6,6,29,29,0,0.00013615167296368154,0.00013615167296368154,29,29,0,-1,4,4,12,2,14,58,85
149,207,823,89,100,11,144,144,92,92,0,144,144,92,92,0,0.01844855168657885,0.028659927158854966,81,89,8,2,2,2,6,15,41,19,39
150,0,0,1,1,0,0,0,1,1,0,0,0,1,1,0,0.0,0.0,1,1,0,-1,-1,-1,8,0,10,96,81
151,6,212,31,93,62,14,18,35,39,4,6,18,31,44,13,0.0002382654276864427,0.00970080669866231,32,69,37,3,4,4,3,1,92,4,33
152,233,433,99,100,1,56,56,82,82,0,56,56,82,82,0,0.037373634228530586,0.038224582184553595,96,96,0,3,2,2,2,29,89,11,64
153,125,331,86,98,12,38,38,57,57,0,38,38,59,59,0,0.019061234214915415,0.02546036284420845,85,89,4,3,3,3,3,16,55,18,77
154,67,273,57,94,37,108,108,60,60,0,67,71,57,57,0,0.005173763572619898,0.007318152421797883,55,60,5,3,3,3,8,6,42,35,46
155,44,145,51,85,34,66,66,54,54,0,44,45,51,53,2,0.007590455767725246,0.007590455767725246,62,62,0,5,3,3,6,4,69,38,95
156,84,1684,60,100,40,144,144,69,69,0,84,144,60,85,25,0.005820484019197386,0.03226794649239253,57,90,33,1,2,2,10,6,1,28,9
157,82,82,71,71,0,84,84,74,74,0,84,84,75,75,0,0.010449640899962559,0.010449640899962559,71,71,0,-1,2,2,5,7,45,48,86
158,241,447,95,100,5,56,56,76,76,0,56,56,77,77,0,0.03526328329759352,0.03563770039824364,94,94,0,3,2,2,2,29,68,11,49
159,150,250,90,97,7,72,72,84,84,0,72,72,84,84,0,0.021750229755948126,0.02188638142891181,86,86,0,4,2,2,3,18,85,5,88
160,0,102,1,79,78,0,6,1,28,27,0,3,1,31,30,0.0,0.0005786446100956465,1,35,34,4,-1,5,3,0,58,82,74
161,100,306,64,96,32,122,122,72,72,0,100,106,65,76,11,0.007318152421797883,0.008271214132543654,61,65,4,3,2,2,8,6,10,13,71
162,16,1656,35,100,65,78,122,45,66,21,16,122,35,77,42,0.002484768031587188,0.024881718234112803,47,88,41,1,3,2,8,2,15,94,33
163,16,118,50,84,34,22,22,52,52,0,16,22,51,53,2,0.0031314884781646754,0.004220701861874128,53,55,2,4,3,3,2,3,86,46,61
164,2,618,27,99,72,13,88,28,41,13,2,64,27,55,28,0.0,0.006773545729943157,1,58,57,2,5,3,11,2,19,58,21
165,12,218,35,93,58,14,14,32,32,0,12,14,35,38,3,0.0012253650566731338,0.006433166547533953,38,60,22,3,4,4,3,3,82,51,34
166,100,100,65,65,0,100,100,45,45,0,100,100,65,65,0,0.037339596310289665,0.037339596310289665,94,94,0,-1,1,1,10,16,12,18,69
167,100,100,67,67,0,100,100,57,57,0,100,100,67,67,0,0.031621226045815035,0.031621226045815035,90,90,0,-1,1,1,8,13,21,24,50
168,136,136,81,81,0,110,110,72,72,0,110,110,76,76,0,0.01143674052894925,0.01143674052894925,71,71,0,-1,2,2,6,8,40,17,76
169,104,310,75,94,19,152,152,78,78,0,104,112,75,77,2,0.006773545729943157,0.00707988699411144,59,60,1,3,2,2,8,5,42,47,56
170,0,616,1,100,99,0,38,1,54,53,0,38,1,57,56,0.0,0.020967357636406957,1,83,82,2,-1,3,3,0,76,82,9
171,162,264,84,94,10,112,112,75,75,0,112,112,78,78,0,0.012491915994417782,0.012525953912658701,73,73,0,4,3,3,7,14,43,14,65
172,12,12,34,34,0,66,66,35,35,0,12,12,34,34,0,0.0012934408931549745,0.0012934408931549745,38,38,0,-1,4,4,13,3,13,51,50
173,22,638,43,100,57,76,106,39,57,18,22,106,43,77,34,0.0021784267674189047,0.022022533101875488,44,85,41,2,3,3,10,2,36,83,7
174,0,102,1,84,83,0,3,1,27,26,0,4,1,33,32,0.0,0.0005786446100956465,1,37,36,4,-1,5,2,0,93,40,74
175,276,482,98,100,2,96,96,92,92,0,96,96,92,92,0,0.041798563599850236,0.04571292419755608,95,95,0,3,2,2,3,29,81,1,72
176,290,490,96,100,4,96,96,87,87,0,96,96,87,87,0,0.03553558664352088,0.0392457197317812,92,93,1,3,2,2,3,29,87,11,77
177,53,669,54,100,46,70,80,56,64,8,70,80,63,68,5,0.005037611899656217,0.01065386840940808,53,70,17,2,3,3,5,6,37,35,83
178,0,616,1,100,99,0,70,1,35,34,0,36,1,45,44,0.0,0.003812246842983083,1,50,49,2,-1,3,14,0,17,97,28
179,6,622,27,100,73,20,52,27,33,6,6,23,27,41,14,0.0,0.0010892133837094523,1,38,37,2,4,3,14,1,8,68,56
180,1,1,25,25,0,5,5,25,25,0,1,1,25,25,0,3.4037918240920386e-05,3.4037918240920386e-05,26,26,0,-1,6,6,5,2,45,58,89
181,100,100,60,60,0,100,100,40,40,0,100,100,60,60,0,0.025494400762449368,0.03087239184451479,89,91,2,2,1,1,14,14,25,32,34
182,16,632,35,100,65,100,100,45,45,0,16,64,35,57,22,0.0026549576227917903,0.008169100377820893,47,64,17,2,3,3,10,2,1,94,48
183,16,632,34,100,66,106,116,55,58,3,16,39,34,45,11,0.0029612988869600733,0.004561081044283332,45,52,7,2,3,3,11,2,33,94,54
184,37,243,52,92,40,40,40,41,41,0,40,40,54,54,0,0.00442492937131965,0.014364001497668403,54,75,21,3,3,3,5,6,80,35,37
185,40,246,54,97,43,48,48,70,70,0,40,48,70,71,1,0.006841621566424997,0.012764219340345145,60,73,13,3,2,2,3,1,94,55,31
186,0,616,1,100,99,0,64,1,40,39,0,64,1,62,61,0.0,0.009939072126348753,1,69,68,2,-1,3,8,0,57,67,14
187,0,0,1,1,0,0,0,1,1,0,0,0,1,1,0,0.0,0.0,1,1,0,-1,-1,-1,2,0,98,99,84
188,56,672,56,100,44,94,94,68,68,0,56,94,56,70,14,0.006262976956329351,0.02236291228428469,56,86,30,2,2,2,5,3,50,29,16
189,68,684,65,100,35,56,56,80,80,0,56,56,81,81,0,0.011198475101262807,0.03669287586371218,72,95,23,2,2,2,2,4,91,72,10
190,298,498,98,100,2,112,112,95,95,0,112,112,95,95,0,0.03437829742332959,0.03492290411518432,93,93,0,3,2,2,4,22,73,9,42
191,666,666,100,100,0,408,408,100,100,0,408,408,100,100,0,0.050274005241839406,0.050274005241839406,99,99,0,-1,2,2,12,40,6,3,40
192,233,233,93,93,0,182,182,88,88,0,182,182,92,92,0,0.02491575615235372,0.02491575615235372,88,88,0,-1,2,2,9,20,29,23,86
193,0,206,1,95,94,0,8,1,31,30,0,8,1,37,36,0.0,0.01773375540351952,1,81,80,3,-1,4,2,0,95,87,7
194,6,6,29,29,0,14,14,32,32,0,6,6,29,29,0,0.0002042275094455223,0.0002042275094455223,31,31,0,-1,4,4,3,1,82,4,67
195,135,751,87,100,13,32,32,58,58,0,32,32,59,59,0,0.01872085503250621,0.02648150039143606,85,89,4,2,3,3,2,16,68,18,62
196,14,630,36,100,64,32,46,35,40,5,14,46,36,50,14,0.0014636304843595766,0.02198849518363457,41,87,46,2,4,3,6,3,59,43,10
197,57,263,65,97,32,28,28,45,45,0,28,28,49,49,0,0.007488342013002485,0.017359338302869398,63,83,20,3,3,3,3,8,60,44,33
198,2,2,26,26,0,12,12,27,27,0,2,2,26,26,0,3.4037918240920386e-05,3.4037918240920386e-05,28,28,0,-1,5,5,10,1,11,68,93
199,88,294,60,97,37,164,164,77,77,0,88,95,60,62,2,0.008475441641989176,0.009360427516253106,65,67,2,3,2,2,10,4,36,22,61
200,0,616,1,100,99,0,30,1,39,38,0,30,1,47,46,0.0,0.006024711528642908,1,54,53,2,-1,3,6,0,69,85,48
201,56,672,56,100,44,94,94,68,68,0,56,76,56,63,7,0.006262976956329351,0.009734844616903231,56,70,14,2,2,2,5,3,50,29,70
202,8,624,35,100,65,22,72,34,48,14,8,72,35,60,25,0.0002382654276864427,0.01858470335954253,32,81,49,2,4,3,7,2,62,63,23
203,0,206,1,91,90,0,16,1,28,27,0,16,1,34,33,0.0,0.004288777698355968,1,47,46,3,-1,4,4,0,67,82,57
204,2,208,29,93,64,8,20,30,34,4,2,20,29,47,18,0.00017018959120460194,0.0053099152455835805,30,56,26,3,5,4,4,1,73,65,44
205,0,206,1,88,87,0,39,1,29,28,0,6,1,27,26,0.0,0.0006807583648184077,1,35,34,3,-1,4,17,0,20,76,49
206,406,1022,97,100,3,182,182,99,99,0,182,182,99,99,0,0.03897341638585384,0.041219918989754585,95,95,0,2,2,2,6,29,41,0,52
207,230,830,95,100,5,64,64,68,68,0,64,64,71,71,0,0.03226794649239253,0.05146533238027162,91,96,5,2,3,3,4,29,72,0,11
208,16,632,36,100,64,80,80,43,43,0,16,64,36,58,22,0.0014636304843595766,0.010755982164130842,41,70,29,2,3,3,9,1,23,71,77
209,40,656,50,100,50,82,110,45,59,14,40,94,50,60,10,0.0023486163586235067,0.010926171755335444,48,68,20,2,2,2,10,2,11,42,20
210,27,129,53,86,33,14,14,34,34,0,14,14,40,40,0,0.003608019333537561,0.004220701861874128,51,53,2,4,4,4,3,6,55,35,74
211,0,206,1,96,95,0,12,1,38,37,0,12,1,44,43,0.0,0.007760645358929848,1,65,64,3,-1,4,2,0,93,84,20
212,41,41,56,56,0,28,28,44,44,0,28,28,51,51,0,0.005105687736138058,0.005105687736138058,53,53,0,-1,3,3,3,6,92,35,86
213,0,616,1,100,99,0,52,1,38,37,0,52,1,54,53,0.0,0.009836958371625992,1,69,68,2,-1,3,7,1,43,45,19
214,22,638,45,100,55,32,46,40,44,4,22,46,45,55,10,0.0020082371762143027,0.017869907076483203,45,82,37,2,3,3,5,3,80,51,18
215,120,222,88,94,6,22,22,49,49,0,22,22,53,53,0,0.01923142380612002,0.02049082678103407,83,86,3,4,3,3,2,19,90,15,83
216,2,618,26,100,74,11,56,27,36,9,2,42,26,51,25,0.00010211375472276115,0.005786446100956465,28,55,27,2,5,3,9,1,29,68,57
217,10,111,40,81,41,18,18,35,35,0,10,18,40,47,7,0.0016338200755641784,0.0017359338302869397,44,44,0,5,4,4,3,3,87,54,65
218,58,674,67,100,33,32,32,63,63,0,32,32,64,64,0,0.011300588855985567,0.02307770856734402,70,86,16,2,3,3,2,8,86,17,24
219,257,257,95,95,0,54,54,56,56,0,54,54,57,57,0,0.028693965077095884,0.028693965077095884,90,90,0,-1,3,3,4,29,67,1,40
220,36,36,51,51,0,50,50,45,45,0,35,35,51,51,0,0.0035739814152966403,0.0035739814152966403,51,51,0,-1,3,3,5,6,45,41,85
221,112,728,75,100,25,102,112,68,74,6,112,112,78,78,0,0.013104598522754349,0.03876918887640832,75,94,19,2,3,3,7,8,43,20,11
222,94,694,58,100,42,218,218,72,72,0,94,218,58,89,31,0.005480104836788182,0.018312400013615168,56,79,23,2,2,2,14,6,16,28,5
223,0,0,1,1,0,0,0,1,1,0,0,0,1,1,0,0.0,0.0,1,1,0,-1,-1,-1,8,0,39,40,80
224,0,1640,1,100,99,0,62,1,81,80,0,62,1,81,80,0.0,0.04350045951189625,1,96,95,1,-1,2,3,1,81,69,39
225,2,208,28,94,66,8,18,28,31,3,2,9,28,36,8,0.00013615167296368154,0.0013274788113958951,30,40,10,3,5,4,5,1,45,65,61
226,22,22,38,38,0,48,48,34,34,0,22,22,38,38,0,0.0006467204465774873,0.0006467204465774873,34,34,0,-1,3,3,9,2,29,63,87
227,379,585,100,100,0,80,80,95,95,0,80,80,95,95,0,0.05146533238027162,0.05704755097178257,98,98,0,3,2,2,2,40,68,3,31
228,76,76,61,61,0,104,104,66,66,0,76,76,61,61,0,0.00616086320160659,0.00616086320160659,56,56,0,-1,3,3,9,6,26,13,80
229,18,18,46,46,0,18,18,35,35,0,18,18,46,46,0,0.002110350930937064,0.002110350930937064,43,43,0,-1,4,4,3,6,94,70,76
230,100,100,73,73,0,100,100,94,94,0,100,100,94,94,0,0.0475850097008067,0.0741345859287246,98,99,1,1,1,1,4,9,67,27,69
231,0,206,1,92,91,0,18,1,32,31,0,15,1,36,35,0.0,0.002995336805200994,1,50,49,3,-1,4,5,0,63,98,73
232,2,2,26,26,0,6,6,26,26,0,2,2,26,26,0,6.807583648184077e-05,6.807583648184077e-05,27,27,0,-1,5,5,5,1,61,78,97
233,300,300,100,100,0,56,56,86,86,0,56,56,86,86,0,0.051499370298512544,0.051499370298512544,98,98,0,-1,2,2,2,36,95,2,59
234,2,2,27,27,0,9,9,29,29,0,2,2,27,27,0,0.00013615167296368154,0.00013615167296368154,29,29,0,-1,5,5,5,1,37,95,79
235,0,1640,1,100,99,0,216,1,72,71,0,216,1,88,87,0.0,0.033833690731474866,1,93,92,1,-1,2,17,0,20,86,3
236,386,1002,96,100,4,310,310,97,97,0,310,310,97,97,0,0.026039007454304094,0.042819701147077845,88,94,6,2,2,2,11,19,33,15,23
237,0,102,1,83,82,0,4,1,29,28,0,4,1,32,31,0.0,0.005650294427992784,1,61,60,4,-1,5,2,0,89,79,8
238,0,616,1,100,99,0,64,1,45,44,0,52,1,55,54,0.0,0.0088498587426393,1,65,64,2,-1,3,8,0,21,80,77
239,86,1726,66,100,34,96,120,61,84,23,86,120,65,84,19,0.009360427516253106,0.040913577725586306,67,93,26,1,3,2,6,6,48,34,9
240,32,238,46,93,47,114,114,64,64,0,32,56,46,55,9,0.004799346471969774,0.009870996289866912,56,70,14,3,3,3,9,3,31,29,72
241,237,338,95,99,4,72,72,80,80,0,72,72,80,80,0,0.03332312195786106,0.03335715987610198,93,93,0,6,2,2,3,29,66,11,58
242,0,0,1,1,0,0,0,1,1,0,0,0,1,1,0,0.0,0.0,1,1,0,-1,-1,-1,4,0,79,86,85
243,16,118,37,78,41,70,70,58,58,0,16,18,37,41,4,0.0025188059498281084,0.0030634126416828346,48,51,3,4,3,3,5,1,63,53,42
244,63,269,62,98,36,38,38,46,46,0,38,38,51,51,0,0.006841621566424997,0.012219612648490419,58,76,18,3,3,3,3,8,96,57,44
245,162,762,86,100,14,158,158,80,80,0,158,158,86,86,0,0.016133973246196264,0.022294836447802852,79,85,6,2,2,2,9,13,23,33,25
246,24,230,43,94,51,30,30,38,38,0,24,30,43,43,0,0.0016338200755641784,0.005207801490860819,38,52,14,3,3,3,4,3,67,43,13
247,6,108,32,82,50,10,10,32,32,0,6,8,32,36,4,0.00017018959120460194,0.00037441710065012424,31,34,3,4,4,4,3,1,76,4,88
248,288,1888,95,100,5,248,248,89,89,0,248,248,92,92,0,0.027536675856904592,0.036488648354266656,89,94,5,1,2,2,11,15,5,16,41
249,174,174,86,86,0,164,164,69,69,0,174,174,87,87,0,0.009156200006807584,0.009156200006807584,66,66,0,-1,2,2,10,13,0,24,59
250,144,350,85,98,13,198,198,86,86,0,144,198,86,91,5,0.007760645358929848,0.010347527145239796,64,71,7,3,2,2,10,6,1,13,35
251,94,710,59,100,41,166,176,67,69,2,94,147,59,85,26,0.006297014874570271,0.01153885428367201,59,71,12,2,2,2,12,6,6,28,57
252,0,206,1,92,91,0,14,1,34,33,0,14,1,42,41,0.0,0.004561081044283332,1,55,54,3,-1,4,3,0,76,59,44
253,52,153,67,91,24,22,22,47,47,0,22,22,52,52,0,0.00616086320160659,0.006262976956329351,61,61,0,5,3,3,2,6,89,13,65
254,50,250,63,99,36,22,22,54,54,0,22,22,54,54,0,0.00442492937131965,0.010824058000612683,52,70,18,3,3,3,2,5,99,47,20
255,182,283,86,94,8,150,150,74,74,0,150,150,82,82,0,0.012900371013308825,0.013002484768031588,73,73,0,5,3,3,10,14,12,14,55
256,0,616,1,100,99,0,22,1,54,53,0,22,1,56,55,0.0,0.0298852922155281,1,94,93,2,-1,3,2,0,97,40,3
257,56,158,51,80,29,112,112,67,67,0,56,58,52,54,2,0.0051397256543789785,0.005173763572619898,55,55,0,4,2,2,8,3,27,29,4
258,0,101,1,71,70,0,5,1,25,24,0,1,1,25,24,0.0,0.0,1,1,0,5,-1,6,5,0,52,87,78
259,0,206,1,92,91,0,24,1,39,38,0,20,1,50,49,0.0,0.005003573981415297,1,56,55,3,-1,4,4,0,78,98,38
260,0,0,1,1,0,0,0,1,1,0,0,0,1,1,0,0.0,0.0,1,1,0,-1,-1,-1,4,0,84,96,92
261,22,228,38,92,54,84,88,35,37,2,22,30,38,39,1,0.001157289220191293,0.001497668402600497,38,41,3,3,3,3,15,3,7,51,56
262,0,616,1,100,99,0,58,1,35,34,0,22,1,40,39,0.0,0.003199564314646516,1,48,47,2,-1,3,10,1,18,45,29
263,0,616,1,100,99,0,28,1,47,46,0,28,1,53,52,0.0,0.018312400013615168,1,83,82,2,-1,3,3,0,55,82,9
264,1,1,26,26,0,6,6,26,26,0,1,1,26,26,0,0.00010211375472276115,0.00010211375472276115,30,30,0,-1,6,6,6,1,32,78,91
265,146,762,85,100,15,128,128,93,93,0,128,128,93,93,0,0.01664454201981007,0.02032063718982947,77,81,4,2,2,2,5,8,70,17,54
266,82,288,72,98,26,72,72,80,80,0,72,72,80,80,0,0.011981347220803976,0.014398039415909322,75,80,5,3,2,2,3,7,66,48,41
267,0,616,1,99,98,0,94,1,34,33,0,39,1,44,43,0.0,0.00445896728956057,1,52,51,2,-1,3,17,0,20,86,22
268,0,206,1,89,88,0,46,1,33,32,0,34,1,45,44,0.0,0.006262976956329351,1,57,56,3,-1,4,9,0,29,40,48
269,92,708,69,100,31,64,74,61,70,9,64,74,64,71,7,0.012662105585622384,0.028932230504782327,74,89,15,2,2,2,5,8,49,8,23
270,66,66,65,65,0,28,28,48,48,0,28,28,54,54,0,0.005173763572619898,0.005173763572619898,56,56,0,-1,3,3,3,6,55,28,79
271,115,115,85,85,0,32,32,63,63,0,32,32,65,65,0,0.017087034956942034,0.017087034956942034,83,83,0,-1,3,3,2,18,98,5,67
272,0,0,1,1,0,0,0,1,1,0,0,0,1,1,0,0.0,0.0,1,1,0,-1,-1,-1,5,0,88,66,69
273,24,24,44,44,0,60,60,40,40,0,24,24,44,44,0,0.0013615167296368155,0.0013615167296368155,40,40,0,-1,3,3,9,4,35,64,80
274,158,774,84,100,16,142,142,72,72,0,142,142,83,83,0,0.00980292045338507,0.019129310051397258,69,82,13,2,2,2,8,9,42,31,17
275,6,6,34,34,0,7,7,34,34,0,6,6,34,34,0,0.00010211375472276115,0.00010211375472276115,29,29,0,-1,4,4,2,1,97,4,79
276,0,616,1,100,99,0,54,1,53,52,0,54,1,57,56,0.0,0.020763130126961436,1,85,84,2,-1,3,4,0,47,80,30
277,6,622,29,99,70,34,68,32,35,3,6,28,29,44,15,6.807583648184077e-05,0.004118588107151367,29,51,22,2,4,3,11,1,5,95,29
278,52,668,52,100,48,104,134,58,62,4,52,134,52,80,28,0.002552843868069029,0.015112835698968652,46,75,29,2,2,2,10,3,18,43,37
279,70,70,57,57,0,130,130,65,65,0,70,70,57,57,0,0.005718370264474625,0.005718370264474625,56,56,0,-1,3,3,10,5,36,47,89
280,0,206,1,92,91,0,12,1,33,32,0,6,1,33,32,0.0,0.001497668402600497,1,43,42,3,-1,4,4,0,77,98,53
281,53,669,55,100,45,60,60,55,55,0,60,60,60,60,0,0.007216038667075122,0.015623404472582456,61,76,15,2,3,3,5,8,70,57,20
282,100,100,69,69,0,100,100,66,66,0,100,100,72,72,0,0.05888559855679227,0.07052656659518704,99,100,1,3,1,1,6,30,44,7,37
283,0,1640,1,100,99,0,178,1,67,66,0,174,1,85,84,0.0,0.021239660982334322,1,85,84,1,-1,2,17,0,20,40,15
284,0,0,1,1,0,0,0,1,1,0,0,0,1,1,0,0.0,0.0,1,1,0,-1,-1,-1,2,0,95,98,66
285,1,1,25,25,0,2,2,25,25,0,1,1,25,25,0,0.0,0.0,1,1,0,-1,6,6,2,2,86,58,81
286,58,264,63,97,34,78,78,79,79,0,58,78,70,79,9,0.009836958371625992,0.023009632730862182,68,84,16,3,2,2,4,6,72,73,18
287,175,381,86,100,14,104,104,85,85,0,104,104,85,85,0,0.025290173253003846,0.026821879573845263,85,85,0,3,2,2,5,20,70,23,83
288,28,644,48,100,52,46,46,41,41,0,28,46,48,54,6,0.00176997174852786,0.01756356581231492,43,80,37,2,3,3,6,3,34,54,16
289,2,618,28,100,72,9,36,30,41,11,2,36,28,52,24,6.807583648184077e-05,0.00616086320160659,28,58,30,2,5,3,5,1,70,55,26
290,362,362,96,96,0,360,360,99,99,0,360,360,99,99,0,0.026821879573845263,0.026821879573845263,87,87,0,-1,2,2,12,17,3,6,76
291,0,206,1,87,86,0,68,1,33,32,0,12,1,33,32,0.0,0.001940161339732462,1,42,41,3,-1,4,14,1,16,69,61
292,40,656,49,100,51,74,84,59,63,4,40,84,49,68,19,0.0057524081827155455,0.020661016372238675,54,84,30,2,2,2,5,3,50,46,16
293,2,208,27,90,63,7,28,27,35,8,2,28,27,48,21,3.4037918240920386e-05,0.004765308553728854,26,54,28,3,5,4,6,1,74,68,44
294,459,1075,99,100,1,248,248,98,98,0,248,248,98,98,0,0.03880322679464924,0.051533408216753465,94,97,3,2,2,2,8,30,30,7,37
295,182,182,86,86,0,320,320,92,92,0,182,182,86,86,0,0.012594029749140543,0.012594029749140543,72,72,0,-1,2,2,14,6,16,77,36
296,6,212,28,93,65,48,52,32,33,1,6,16,28,34,6,0.00034037918240920387,0.0019741992579733825,32,42,10,3,4,4,10,1,36,49,54
297,22,22,40,40,0,48,48,38,38,0,22,22,40,40,0,0.0005786446100956465,0.0005786446100956465,34,34,0,-1,3,3,7,2,46,56,85
298,134,734,81,100,19,166,166,87,87,0,134,166,82,90,8,0.012628067667381462,0.016202049082678104,74,78,4,2,2,2,8,6,10,77,26
299,28,644,43,100,57,100,114,39,55,16,28,50,43,52,9,0.0015317063208414173,0.002723033459273631,40,48,8,2,3,3,14,3,16,43,63
300,24,230,42,90,48,116,124,55,59,4,24,32,42,42,0,0.0020763130126961434,0.0033357159876101976,44,48,4,3,3,3,14,3,17,54,52
301,226,826,92,100,8,230,230,89,89,0,230,230,92,92,0,0.019912182170938427,0.04169644984512747,79,97,18,2,2,2,12,18,3,30,1
302,16,222,32,88,56,138,138,61,61,0,16,26,32,42,10,0.002586881786309949,0.0036760951700194017,47,52,5,3,3,3,17,2,20,94,43
303,22,228,41,91,50,58,62,36,36,0,22,36,41,48,7,0.0006126825283365669,0.0026209197045508697,35,46,11,3,3,3,10,2,18,63,70
304,100,100,67,67,0,100,100,55,55,0,100,100,67,67,0,0.03788420300214439,0.04084550188910446,96,96,0,3,1,1,9,15,23,16,35
305,300,900,100,100,0,56,56,86,86,0,56,56,86,86,0,0.051499370298512544,0.06439974131182137,98,98,0,2,2,2,2,36,95,2,15
306,0,206,1,93,92,0,9,1,31,30,0,6,1,31,30,0.0,0.0006807583648184077,1,35,34,3,-1,4,3,0,58,36,49
307,100,100,67,67,0,100,100,74,74,0,100,100,75,75,0,0.062357466217366146,0.062357466217366146,98,98,0,-1,1,1,5,29,63,0,76
308,0,616,1,100,99,0,76,1,39,38,0,71,1,61,60,0.0,0.008169100377820893,1,65,64,2,-1,3,10,0,12,81,24
309,162,264,88,95,7,128,128,90,90,0,128,128,90,90,0,0.01766567956703768,0.018686817114265293,79,80,1,4,2,2,5,13,63,33,74
310,86,86,78,78,0,22,22,49,49,0,22,22,53,53,0,0.017427414139351238,0.017427414139351238,82,82,0,-1,3,3,2,18,90,30,86
311,2,2,26,26,0,12,12,26,26,0,2,2,26,26,0,3.4037918240920386e-05,3.4037918240920386e-05,28,28,0,-1,5,5,11,1,5,68,93
312,0,206,1,94,93,0,16,1,34,33,0,6,1,29,28,0.0,0.001940161339732462,1,44,43,3,-1,4,4,0,53,89,94
313,40,246,51,95,44,80,80,56,56,0,40,50,51,54,3,0.0045270431260424114,0.006501242384015794,52,59,7,3,2,2,6,2,65,94,70
314,6,108,31,75,44,46,46,34,34,0,6,8,31,35,4,0.0002042275094455223,0.0002382654276864427,32,33,1,4,4,4,11,1,19,88,95
315,206,406,94,100,6,72,72,85,85,0,72,72,85,85,0,0.03209775690118792,0.03863303720344464,92,94,2,3,2,2,3,22,60,9,14
316,268,474,95,100,5,88,88,77,77,0,88,88,77,77,0,0.033425235712583816,0.050614384424248614,91,96,5,3,2,2,4,27,79,10,0
317,6,622,31,100,69,14,24,36,44,8,6,23,31,50,19,0.0006467204465774873,0.006262976956329351,38,59,21,2,4,3,3,2,85,42,74
318,16,222,33,91,58,30,44,32,34,2,16,22,33,39,6,0.00030634126416828345,0.0030974505599237552,31,46,15,3,3,3,9,1,31,60,90
319,2,1642,26,100,74,6,60,26,51,25,2,60,26,55,29,6.807583648184077e-05,0.02757071377514551,27,88,61,1,5,2,5,2,61,58,48
320,139,139,90,90,0,56,56,84,84,0,56,56,84,84,0,0.02467749072466728,0.02467749072466728,87,87,0,-1,2,2,2,17,86,6,81
321,6,108,32,79,47,20,20,34,34,0,6,8,32,37,5,0.0005105687736138058,0.0015317063208414173,37,42,5,4,4,4,4,1,84,49,71
322,348,948,96,100,4,176,176,85,85,0,176,176,89,89,0,0.032165832737669764,0.041219918989754585,88,95,7,2,2,2,8,29,42,0,20
323,4,210,33,97,64,4,12,30,38,8,4,12,33,43,10,0.0004084550188910446,0.01943565131556554,36,84,48,3,5,4,2,2,97,56,7
324,32,134,48,83,35,56,56,49,49,0,32,35,48,49,1,0.0014295925661186562,0.0018380475850097008,42,43,1,4,3,3,6,2,69,61,74
325,32,632,51,100,49,64,64,41,41,0,32,64,51,62,11,0.002825147213996392,0.008373327887266415,49,65,16,2,3,3,8,2,57,75,31
326,16,16,40,40,0,70,70,43,43,0,16,16,40,40,0,0.003608019333537561,0.003608019333537561,48,48,0,-1,3,3,9,1,26,90,97
327,16,222,39,93,54,28,28,40,40,0,16,28,39,48,9,0.0013615167296368155,0.00793083495013445,40,65,25,3,3,3,3,2,82,42,32
328,497,2097,100,100,0,344,344,99,99,0,344,344,99,99,0,0.03441233534157051,0.04288777698355969,91,96,5,1,2,2,14,29,8,1,13
329,28,130,44,80,36,88,88,47,47,0,28,28,44,44,0,0.0030293747234419145,0.0031314884781646754,48,49,1,4,3,3,8,6,10,70,65
330,1,207,26,89,63,9,16,26,32,6,1,7,26,34,8,3.4037918240920386e-05,0.0002723033459273631,27,32,5,3,6,4,9,1,26,68,88
331,100,100,69,69,0,100,100,55,55,0,100,100,69,69,0,0.021443888491779844,0.029919330133769018,81,92,11,2,1,1,9,6,26,73,44
332,26,642,44,100,56,46,56,37,40,3,26,56,44,53,9,0.003914360597705844,0.015657442390823378,50,77,27,2,3,3,6,6,40,73,19
333,56,262,54,96,42,136,136,63,63,0,56,66,54,55,1,0.002484768031587188,0.003880322679464924,48,52,4,3,2,2,12,2,6,52,54
334,0,206,1,94,93,0,12,1,39,38,0,12,1,41,40,0.0,0.019197385887879097,1,85,84,3,-1,4,2,0,90,96,1
335,206,406,89,97,8,128,128,67,67,0,128,128,79,79,0,0.01783586915824228,0.018210286258892407,81,81,0,3,3,3,8,16,15,12,64
336,6,212,28,89,61,20,26,28,31,3,6,16,28,31,3,6.807583648184077e-05,0.0007488342013002485,27,34,7,3,4,4,9,1,29,95,64
337,0,616,1,100,99,0,76,1,37,36,0,50,1,52,51,0.0,0.006058749446883829,1,58,57,2,-1,3,12,0,2,93,26
338,100,100,69,69,0,100,100,76,76,0,100,100,76,76,0,0.03604615541713469,0.0372374825555669,91,92,1,3,1,1,5,6,80,28,61
339,0,206,1,87,86,0,42,1,30,29,0,12,1,33,32,0.0,0.0015657442390823377,1,40,39,3,-1,4,14,0,16,80,75
340,2,1642,26,100,74,9,62,26,37,11,2,42,26,49,23,6.807583648184077e-05,0.014398039415909322,27,73,46,1,5,2,8,1,27,78,71
341,124,1724,78,100,22,230,230,87,87,0,124,230,78,93,15,0.010721944245889922,0.04765308553728854,70,98,28,1,2,2,12,6,6,34,2
342,0,616,1,100,99,0,72,1,44,43,0,72,1,55,54,0.0,0.017189148711664794,1,83,82,2,-1,3,7,0,46,59,23
343,6,6,29,29,0,19,19,32,32,0,6,6,29,29,0,0.00010211375472276115,0.00010211375472276115,29,29,0,-1,4,4,7,1,43,95,59
344,16,222,38,93,55,36,44,38,38,0,16,38,38,50,12,0.00034037918240920387,0.004833384390210695,33,53,20,3,3,3,7,1,62,4,26
345,1,103,23,79,56,4,7,23,24,1,1,5,23,26,3,0.00010211375472276115,0.0007828721195411688,27,34,7,4,6,5,4,1,67,78,74
346,16,632,44,100,56,34,54,47,59,12,16,54,45,61,16,0.00176997174852786,0.023690391095680587,43,86,43,2,3,3,4,1,78,53,0
347,0,1640,1,100,99,0,156,1,69,68,0,156,1,83,82,0.0,0.03458252493277511,1,94,93,1,-1,2,12,1,2,45,10
348,0,0,1,1,0,0,0,1,1,0,0,0,1,1,0,0.0,0.0,1,1,0,-1,-1,-1,7,0,24,89,59
349,340,442,100,100,0,120,120,100,100,0,120,120,100,100,0,0.055209503386772864,0.05531161714149563,97,97,0,4,2,2,3,40,81,3,88
350,100,100,73,73,0,100,100,96,96,0,100,100,96,96,0,0.08243983797950917,0.09908437999931924,100,100,0,2,1,1,3,29,64,11,23
351,6,6,33,33,0,16,16,33,33,0,6,6,33,33,0,0.00030634126416828345,0.00030634126416828345,34,34,0,-1,4,4,4,1,78,88,40
352,0,616,1,100,99,0,44,1,48,47,0,44,1,53,52,0.0,0.011130399264780965,1,72,71,2,-1,3,4,0,53,84,17
353,291,1891,96,100,4,272,272,96,96,0,272,272,96,96,0,0.025902855781340415,0.05623064093400048,87,98,11,1,2,2,11,15,38,16,3
354,16,16,36,36,0,72,72,45,45,0,16,16,36,36,0,0.002484768031587188,0.002484768031587188,45,45,0,-1,3,3,7,2,46,94,84
355,100,100,62,62,0,100,100,43,43,0,100,100,62,62,0,0.04877633683923891,0.056128527179277715,97,99,2,2,1,1,12,29,14,1,27
356,6,1646,30,100,70,18,68,30,43,13,6,52,30,54,24,0.0002382654276864427,0.01327478811395895,32,75,43,1,4,2,9,1,35,55,52
357,396,602,96,100,4,358,358,97,97,0,358,358,97,97,0,0.023520201504475986,0.023690391095680587,86,86,0,3,2,2,14,19,25,15,49
358,100,100,64,64,0,100,100,44,44,0,100,100,64,64,0,0.032336022328874364,0.03563770039824364,91,93,2,3,1,1,13,17,13,6,26
359,91,707,66,100,34,90,100,61,62,1,91,100,66,67,1,0.007590455767725246,0.03631845876306205,62,92,30,2,2,2,6,6,41,35,3
360,100,100,71,71,0,104,104,82,82,0,104,104,83,83,0,0.00888389666088022,0.00888389666088022,67,67,0,-1,2,2,5,7,50,21,36
361,6,108,33,84,51,12,12,35,35,0,6,12,33,42,9,0.001599782157323258,0.0018040096667687805,44,45,1,4,4,4,2,1,86,53,63
362,22,22,43,43,0,70,70,38,38,0,22,22,43,43,0,0.0012934408931549745,0.0012934408931549745,41,41,0,-1,3,3,10,3,1,51,45
363,0,206,1,89,88,0,30,1,35,34,0,30,1,51,50,0.0,0.008509479560230097,1,65,64,3,-1,4,5,0,61,85,33
364,0,1640,1,100,99,0,86,1,54,53,0,86,1,59,58,0.0,0.028047244630518397,1,89,88,1,-1,2,6,0,40,76,6
365,0,0,1,1,0,0,0,1,1,0,0,0,1,1,0,0.0,0.0,1,1,0,-1,-1,-1,6,0,71,36,80
366,0,0,1,1,0,0,0,1,1,0,0,0,1,1,0,0.0,0.0,1,1,0,-1,-1,-1,14,1,8,69,84
367,6,622,29,100,71,19,46,29,34,5,6,22,29,39,10,0.0002042275094455223,0.004016474352428605,33,53,20,2,4,3,8,1,42,55,90
368,278,484,99,100,1,56,56,84,84,0,56,56,85,85,0,0.04554273460635148,0.04789135096497498,97,97,0,3,2,2,2,40,98,3,29
369,34,34,49,49,0,94,94,51,51,0,34,34,49,49,0,0.0033016780693692774,0.0033016780693692774,47,47,0,-1,3,3,9,6,26,70,81
370,40,1640,51,100,49,80,80,56,56,0,40,80,51,64,13,0.0045270431260424114,0.029476837196637053,52,93,41,1,2,2,6,2,65,94,23
371,63,63,61,61,0,60,60,48,48,0,60,60,61,61,0,0.006943735321147759,0.006943735321147759,62,62,0,-1,3,3,5,8,63,57,67
372,0,206,1,94,93,0,14,1,31,30,0,14,1,40,39,0.0,0.0046972327172470135,1,52,51,3,-1,4,3,0,96,66,57
373,0,616,1,100,99,0,80,1,40,39,0,80,1,58,57,0.0,0.011845195547840293,1,71,70,2,-1,3,10,0,22,84,5
374,0,102,1,84,83,0,6,1,30,29,0,6,1,30,29,0.0,0.007624493685966166,1,65,64,4,-1,5,3,0,92,81,32
375,100,100,66,66,0,100,100,45,45,0,100,100,66,66,0,0.028489737567650362,0.02913645801422785,88,88,0,3,1,1,10,8,1,8,42
376,0,206,1,87,86,0,32,1,32,31,0,6,1,28,27,0.0,0.0020763130126961434,1,43,42,3,-1,4,10,0,22,91,94
377,202,408,93,98,5,172,172,85,85,0,172,172,90,90,0,0.015555328636100617,0.016542428265087308,78,79,1,3,2,2,9,14,23,32,53
378,0,0,1,1,0,0,0,1,1,0,0,0,1,1,0,0.0,0.0,1,1,0,-1,-1,-1,5,1,52,45,69
379,1,617,26,100,74,7,92,26,49,23,1,92,26,60,34,0.00010211375472276115,0.029919330133769018,30,90,60,2,6,3,7,1,46,78,3
380,92,298,66,95,29,86,86,56,56,0,86,86,62,62,0,0.009190237925048503,0.012696143503863304,68,73,5,3,3,3,6,8,51,44,73
381,268,884,94,100,6,252,252,92,92,0,252,252,93,93,0,0.016406276592123625,0.01960584090677014,76,81,5,2,2,2,11,14,33,14,41
382,38,1678,44,100,56,100,154,40,65,25,38,154,44,83,39,0.001055175465468532,0.01766567956703768,38,77,39,1,3,2,14,4,25,64,32
383,2,2,28,28,0,3,3,28,28,0,2,2,28,28,0,0.00010211375472276115,0.00010211375472276115,29,29,0,-1,5,5,2,1,68,60,81
384,146,762,86,100,14,54,54,56,56,0,54,54,57,57,0,0.0176997174852786,0.024949794070594642,81,88,7,2,3,3,4,16,67,12,48
385,2,208,27,88,61,17,26,29,32,3,2,8,27,34,7,0.00010211375472276115,0.0018380475850097008,30,42,12,3,5,4,9,1,54,55,94
386,201,303,96,98,2,56,56,84,84,0,56,56,84,84,0,0.03448041117805235,0.03451444909629327,95,95,0,4,2,2,2,29,86,0,56
387,0,616,1,100,99,0,66,1,36,35,0,47,1,50,49,0.0,0.006126825283365669,1,56,55,2,-1,3,12,0,2,82,44
388,16,16,35,35,0,46,46,34,34,0,16,16,35,35,0,0.0006126825283365669,0.0006126825283365669,37,37,0,-1,3,3,10,1,1,88,67
389,6,6,29,29,0,30,30,30,30,0,6,6,29,29,0,0.0,0.0,1,1,0,-1,4,4,10,1,12,95,99
390,84,290,57,95,38,164,164,73,73,0,84,98,57,63,6,0.011164437183021887,0.013376901868681712,70,72,2,3,2,2,10,5,18,25,73
391,16,222,34,90,56,90,90,46,46,0,16,22,34,39,5,0.003369753905851118,0.003608019333537561,52,52,0,3,3,3,10,1,11,90,88
392,30,236,50,93,43,28,28,40,40,0,28,28,49,49,0,0.00445896728956057,0.0053439531638245,53,57,4,3,3,3,3,6,82,73,42
393,6,622,29,99,70,42,76,34,38,4,6,54,29,51,22,0.00017018959120460194,0.006501242384015794,32,57,25,2,4,3,11,1,33,88,48
394,189,395,96,100,4,32,32,69,69,0,32,32,69,69,0,0.03240409816535621,0.03420810783212499,93,93,0,3,3,3,2,29,93,11,53
395,0,206,1,86,85,0,28,1,31,30,0,8,1,33,32,0.0,0.0009530617107457708,1,36,35,3,-1,4,11,1,5,50,74
396,218,218,91,91,0,128,128,90,90,0,128,128,90,90,0,0.02042275094455223,0.02042275094455223,84,84,0,-1,2,2,5,17,61,6,36
397,14,116,47,84,37,12,12,35,35,0,12,12,43,43,0,0.0026889955410327104,0.004969536063174376,51,58,7,4,4,4,2,6,86,70,28
398,12,218,37,94,57,14,14,34,34,0,12,18,37,45,8,0.0007488342013002485,0.002723033459273631,36,47,11,3,4,4,3,2,55,74,46
399,100,100,64,64,0,100,100,49,49,0,100,100,64,64,0,0.0657952959596991,0.07110521120528268,100,100,0,3,1,1,8,36,42,2,48
400,16,222,39,95,56,42,42,41,41,0,16,22,39,46,7,0.0007488342013002485,0.0017018959120460194,37,42,5,3,3,3,6,1,32,88,71
401,29,235,55,100,45,22,22,55,55,0,22,22,57,57,0,0.004629156880765172,0.01929949964260186,53,84,31,3,3,3,2,4,97,22,23
402,346,546,96,100,4,184,184,94,94,0,184,184,94,94,0,0.03686306545491678,0.04135607066271827,94,94,0,3,2,2,7,27,43,10,34
403,54,260,65,97,32,48,48,68,68,0,48,48,69,69,0,0.009360427516253106,0.012049423057285817,70,74,4,3,3,3,3,7,81,48,35
404,0,206,1,92,91,0,10,1,28,27,0,10,1,34,33,0.0,0.002757071377514551,1,49,48,3,-1,4,3,0,82,79,35
405,96,712,71,100,29,88,88,71,71,0,88,88,71,71,0,0.009973110044589673,0.025902855781340415,70,90,20,2,2,2,4,7,53,48,15
406,0,0,1,1,0,0,0,1,1,0,0,0,1,1,0,0.0,0.0,1,1,0,-1,-1,-1,6,1,56,69,36
407,24,230,50,96,46,22,22,49,49,0,22,22,53,53,0,0.002110350930937064,0.0057524081827155455,46,60,14,3,3,3,2,3,90,54,35
408,0,616,1,100,99,0,43,1,32,31,0,17,1,37,36,0.0,0.0004765308553728854,1,33,32,2,-1,3,14,0,17,99,56
409,388,1004,100,100,0,224,224,99,99,0,224,224,99,99,0,0.03887130263113108,0.046189455052928964,95,96,1,2,2,2,8,27,39,10,77
410,132,732,80,100,20,86,86,56,56,0,86,86,66,66,0,0.013887470642295518,0.03192756730998332,76,92,16,2,3,3,6,13,59,33,10
411,0,206,1,86,85,0,29,1,29,28,0,6,1,26,25,0.0,0.00030634126416828345,1,33,32,3,-1,4,14,0,25,67,42
412,237,338,95,99,4,72,72,80,80,0,72,72,80,80,0,0.03332312195786106,0.03332312195786106,93,93,0,5,2,2,3,29,66,11,95
413,22,638,47,100,53,28,28,45,45,0,22,28,47,48,1,0.002484768031587188,0.011879233466081215,47,73,26,2,3,3,3,2,60,52,31
414,0,616,1,100,99,0,38,1,56,55,0,38,1,59,58,0.0,0.03151911229109228,1,91,90,2,-1,3,3,0,85,82,2
415,94,710,75,100,25,54,54,60,60,0,54,54,62,62,0,0.010381565063480718,0.025358249089485686,71,87,16,2,3,3,4,9,78,27,16
416,6,622,28,100,72,32,68,33,42,9,6,68,28,55,27,0.0007828721195411688,0.016099935327955343,36,74,38,2,4,3,8,2,27,42,30
417,0,206,1,90,89,0,48,1,36,35,0,48,1,51,50,0.0,0.007998910786616291,1,63,62,3,-1,4,8,0,30,98,32
418,22,124,42,78,36,76,76,52,52,0,22,24,42,44,2,0.0024166921951053475,0.0030293747234419145,46,49,3,4,3,3,6,2,65,52,42
419,16,632,37,100,63,126,136,64,65,1,16,78,37,57,20,0.002825147213996392,0.010007147962830594,48,65,17,2,3,3,11,3,19,46,21
420,0,102,1,77,76,0,11,1,25,24,0,2,1,25,24,0.0,0.00017018959120460194,1,31,30,4,-1,5,10,1,1,50,55
421,0,0,1,1,0,0,0,1,1,0,0,0,1,1,0,0.0,0.0,1,1,0,-1,-1,-1,3,1,81,69,80
422,0,206,1,88,87,0,16,1,30,29,0,6,1,29,28,0.0,0.0016338200755641784,1,41,40,3,-1,4,6,0,41,85,94
423,361,461,99,100,1,112,112,95,95,0,112,112,95,95,0,0.04418121787671466,0.04421525579495558,96,96,0,4,2,2,4,40,73,3,4
424,44,660,51,100,49,66,66,54,54,0,44,66,51,61,10,0.007590455767725246,0.01664454201981007,62,79,17,2,3,3,6,4,69,38,32
425,0,102,1,75,74,0,7,1,26,25,0,2,1,25,24,0.0,6.807583648184077e-05,1,27,26,4,-1,5,5,1,80,69,95
426,0,206,1,93,92,0,22,1,32,31,0,22,1,45,44,0.0,0.0028932230504782326,1,49,48,3,-1,4,5,0,45,80,35
427,56,262,62,97,35,28,28,46,46,0,28,28,51,51,0,0.00803294870485721,0.011947309302563056,63,71,8,3,3,3,3,7,85,21,57
428,169,375,90,99,9,104,104,86,86,0,104,104,86,86,0,0.0230436706491031,0.023486163586235065,86,86,0,3,2,2,5,16,45,18,88
429,0,616,1,100,99,0,120,1,61,60,0,120,1,78,77,0.0,0.026958031246808945,1,90,89,2,-1,3,10,0,12,96,7
430,168,368,90,99,9,96,96,93,93,0,96,96,93,93,0,0.02569862827189489,0.029374723441914292,91,91,0,3,2,2,3,18,66,30,44
431,132,132,81,81,0,142,142,76,76,0,132,132,83,83,0,0.017937982912965042,0.017937982912965042,81,81,0,-1,2,2,8,9,30,39,84
432,0,206,1,92,91,0,10,1,31,30,0,10,1,39,38,0.0,0.003437829742332959,1,53,52,3,-1,4,3,0,76,93,35
433,24,640,48,100,52,68,88,43,50,7,24,88,48,64,16,0.001599782157323258,0.0212056230640934,41,83,42,2,3,3,8,3,57,43,7
434,18,634,40,100,60,62,100,36,46,10,18,87,40,59,19,0.0011913271384322134,0.012525953912658701,38,75,37,2,3,3,10,2,36,74,39
435,6,622,32,100,68,17,48,32,37,5,6,38,32,46,14,0.0,0.007284114503556962,1,57,56,2,4,3,7,1,46,95,25
436,1,207,26,89,63,10,48,26,34,8,1,13,26,34,8,6.807583648184077e-05,0.002995336805200994,29,48,19,3,6,4,10,1,12,78,29
437,16,222,43,93,50,30,34,43,43,0,16,34,43,51,8,0.0006467204465774873,0.005003573981415297,36,57,21,3,3,3,4,1,47,49,57
438,292,908,95,100,5,272,272,94,94,0,272,272,94,94,0,0.02743456210218183,0.03655672419074849,89,92,3,2,2,2,11,20,33,23,17
439,100,100,65,65,0,100,100,75,75,0,100,100,77,77,0,0.04625753088941081,0.04632560672589264,97,97,0,4,1,1,5,16,61,12,65
440,0,0,1,1,0,0,0,1,1,0,0,0,1,1,0,0.0,0.0,1,1,0,-1,-1,-1,8,0,15,81,99
441,18,634,47,100,53,22,32,47,63,16,18,32,50,63,13,0.0018380475850097008,0.020252561353347628,43,85,42,2,3,3,2,2,89,61,5
442,0,102,1,83,82,0,3,1,27,26,0,3,1,32,31,0.0,0.00037441710065012424,1,35,34,4,-1,5,2,0,89,81,63
443,10,111,40,82,42,24,24,38,38,0,10,10,40,40,0,0.0009190237925048504,0.001055175465468532,38,39,1,5,4,4,4,3,72,43,60
444,100,100,70,70,0,100,100,53,53,0,100,100,70,70,0,0.035025017869907075,0.0547670104496409,90,100,10,2,1,1,9,15,31,19,9
445,130,336,82,97,15,128,128,93,93,0,128,128,93,93,0,0.01674665577453283,0.021682153919466287,80,85,5,3,2,2,5,8,37,20,31
446,290,290,96,96,0,96,96,87,87,0,96,96,87,87,0,0.03553558664352088,0.03553558664352088,92,92,0,-1,2,2,3,29,87,11,97
447,40,40,48,48,0,76,76,54,54,0,40,40,48,48,0,0.005922597773920147,0.005922597773920147,55,55,0,-1,2,2,6,1,56,90,36
448,324,324,98,98,0,96,96,89,89,0,96,96,89,89,0,0.03699921712788046,0.03699921712788046,94,94,0,-1,2,2,3,29,64,1,82
449,76,1716,67,100,33,70,94,62,77,15,70,94,69,77,8,0.006603356138738555,0.04305796657476429,57,96,39,1,3,2,5,6,45,13,10
450,125,725,79,100,21,120,120,79,79,0,125,120,81,80,-1,0.010755982164130842,0.012934408931549747,70,74,4,2,2,2,7,8,43,44,47
451,16,1656,32,100,68,40,100,32,51,19,16,86,32,57,25,0.00037441710065012424,0.017393376221110316,32,80,48,1,3,2,9,1,29,4,26
452,144,760,81,100,19,214,214,83,83,0,144,168,81,83,2,0.007556417849484326,0.01058579257292624,59,68,9,2,2,2,11,6,5,13,70
453,0,206,1,90,89,0,24,1,29,28,0,7,1,34,33,0.0,0.0010211375472276116,1,38,37,3,-1,4,8,0,30,80,61
454,0,0,1,1,0,0,0,1,1,0,0,0,1,1,0,0.0,0.0,1,1,0,-1,-1,-1,5,0,49,96,59
455,22,124,46,87,41,28,28,43,43,0,22,28,46,49,3,0.002110350930937064,0.0028591851322373124,46,49,3,4,3,3,3,2,75,52,64
456,132,748,86,100,14,48,48,54,54,0,48,48,56,56,0,0.02188638142891181,0.05235031825453555,88,97,9,2,3,3,3,15,87,16,2
457,56,158,56,87,31,68,68,72,72,0,56,60,66,67,1,0.007454304094761564,0.008169100377820893,62,62,0,4,2,2,4,2,67,83,74
458,94,710,62,100,38,152,152,78,78,0,94,152,62,84,22,0.006773545729943157,0.00970080669866231,59,69,10,2,2,2,8,6,42,26,41
459,6,108,31,78,47,27,27,33,33,0,6,8,31,35,4,0.00013615167296368154,0.00013615167296368154,32,32,0,4,4,4,8,1,57,4,65
460,0,616,1,100,99,0,28,1,42,41,0,28,1,49,48,0.0,0.012696143503863304,1,76,75,2,-1,3,3,0,96,87,19
461,2,208,26,89,63,11,32,28,33,5,2,30,26,45,19,0.00010211375472276115,0.0048674223084516155,29,55,26,3,5,4,8,1,10,78,57
462,170,786,88,100,12,104,104,73,73,0,104,104,79,79,0,0.01674665577453283,0.028796078831818644,81,90,9,2,2,2,5,13,52,33,30
463,548,649,100,100,0,288,288,100,100,0,288,288,100,100,0,0.046393682562374486,0.04642772048061541,97,97,0,5,2,2,9,40,31,3,58
464,100,100,77,77,0,100,100,96,96,0,100,100,96,96,0,0.06399128629293033,0.06770141938119065,98,98,0,3,1,1,3,15,76,19,28
465,187,187,88,88,0,128,128,93,93,0,128,128,93,93,0,0.020626978453997753,0.020626978453997753,82,82,0,-1,2,2,5,15,70,19,85
466,0,0,1,1,0,0,0,1,1,0,0,0,1,1,0,0.0,0.0,1,1,0,-1,-1,-1,3,1,76,45,98
467,16,632,36,100,64,64,84,39,47,8,16,56,36,55,19,0.0016678579938050988,0.011096361346540046,43,69,26,2,3,3,9,1,23,53,34
468,24,640,49,100,51,22,22,42,42,0,22,22,45,45,0,0.0024507301133462676,0.019707954661492902,47,86,39,2,3,3,2,6,91,70,16
469,254,870,94,100,6,176,176,85,85,0,176,176,89,89,0,0.025834779944858572,0.029476837196637053,87,88,1,2,2,2,8,15,30,16,29
470,409,615,100,100,0,136,136,99,99,0,136,136,99,99,0,0.05439259334899078,0.05517546546853194,98,99,1,3,2,2,4,36,84,2,61
471,22,638,42,100,58,34,44,39,48,9,22,44,42,53,11,0.0026209197045508697,0.02290751897613942,49,89,40,2,3,3,4,2,53,83,11
472,78,78,57,57,0,128,128,72,72,0,78,78,57,57,0,0.0088498587426393,0.0088498587426393,67,67,0,-1,2,2,9,4,35,38,76
473,56,256,58,94,36,54,54,53,53,0,54,54,57,57,0,0.004935498144933456,0.009973110044589673,55,71,16,3,3,3,4,6,79,35,77
474,110,726,83,100,17,48,48,67,67,0,48,48,70,70,0,0.018108172504169646,0.03812246842983083,81,95,14,2,3,3,3,18,96,30,0
475,2,208,27,92,65,12,32,29,34,5,2,32,27,48,21,0.00034037918240920387,0.01147077844719017,31,69,38,3,5,4,6,1,65,88,6
476,222,838,91,100,9,256,256,94,94,0,222,256,92,95,3,0.022601177711971135,0.02729841042921815,84,88,4,2,2,2,10,12,11,37,38
477,6,6,32,32,0,14,14,34,34,0,6,6,32,32,0,0.0011913271384322134,0.0011913271384322134,41,41,0,-1,4,4,3,1,60,71,82
478,49,49,52,52,0,76,76,49,49,0,49,49,52,52,0,0.004050512270669526,0.004050512270669526,51,51,0,-1,3,3,6,4,40,22,91
479,0,206,1,90,89,0,36,1,33,32,0,6,1,28,27,0.0,0.0016678579938050988,1,42,41,3,-1,4,10,0,1,82,53
480,40,1680,45,100,55,172,206,66,70,4,40,99,45,58,13,0.003165526396405596,0.012559991830899623,51,69,18,1,2,2,17,3,20,46,35
481,77,677,67,100,33,60,60,51,51,0,60,60,62,62,0,0.00796487286837537,0.012968446849790666,64,75,11,2,3,3,5,8,80,44,21
482,220,836,91,100,9,192,192,94,94,0,192,192,94,94,0,0.019844106334456584,0.02566459035365397,83,89,6,2,2,2,9,18,29,5,57
483,0,616,1,100,99,0,34,1,38,37,0,34,1,51,50,0.0,0.00970080669866231,1,72,71,2,-1,3,6,0,32,80,14
484,208,824,92,100,8,136,136,86,86,0,136,136,87,87,0,0.023520201504475986,0.04305796657476429,86,96,10,2,2,2,7,17,62,6,1
485,0,102,1,74,73,0,10,1,28,27,0,4,1,29,28,0.0,0.0004084550188910446,1,32,31,4,-1,5,6,0,41,67,74
486,142,758,83,100,17,110,110,81,81,0,110,110,82,82,0,0.0123557643214541,0.030463936825623743,73,92,19,2,2,2,6,9,65,27,11
487,2,618,28,100,72,8,70,28,61,33,2,70,28,68,40,0.00017018959120460194,0.025154021580040164,31,88,57,2,5,3,5,1,45,60,7
488,16,632,36,100,64,76,76,54,54,0,16,76,36,65,29,0.0033016780693692774,0.013887470642295518,47,74,27,2,3,3,6,2,56,94,32
489,16,16,34,34,0,82,82,35,35,0,16,16,34,34,0,0.0005105687736138058,0.0005105687736138058,35,35,0,-1,3,3,16,1,9,49,97
490,100,100,74,74,0,100,100,87,87,0,100,100,87,87,0,0.07260287960788318,0.077810681098744,99,100,1,2,1,1,4,29,47,1,26
491,0,616,1,100,99,0,38,1,35,34,0,38,1,46,45,0.0,0.010483678818203479,1,69,68,2,-1,3,6,0,56,40,32
492,2,208,28,92,64,6,10,30,31,1,2,8,28,36,8,0.0,0.0020422750944552232,1,49,48,3,5,4,3,1,76,95,90
493,0,1640,1,100,99,0,160,1,72,71,0,160,1,85,84,0.0,0.030702202253310187,1,91,90,1,-1,2,11,0,38,66,23
494,8,8,37,37,0,26,26,36,36,0,8,8,37,37,0,0.0011232513019503727,0.0011232513019503727,39,39,0,-1,4,4,5,2,49,74,97
495,208,414,88,99,11,256,256,97,97,0,208,256,89,97,8,0.020558902617515914,0.024200959869294394,82,85,3,3,2,2,10,12,22,37,73
496,0,206,1,96,95,0,8,1,33,32,0,8,1,39,38,0.0,0.004561081044283332,1,54,53,3,-1,4,2,0,93,98,44
497,100,100,69,69,0,100,100,76,76,0,100,100,76,76,0,0.04823173014738419,0.07685761938799823,97,100,3,2,1,1,5,14,80,14,1
498,0,206,1,91,90,0,46,1,33,32,0,8,1,33,32,0.0,0.0013955546478777359,1,38,37,3,-1,4,11,0,38,76,61
499,0,616,1,100,99,0,26,1,36,35,0,25,1,43,42,0.0,0.005173763572619898,1,51,50,2,-1,3,4,0,67,87,64
500,14,630,36,100,64,32,62,35,46,11,14,62,36,54,18,0.0014636304843595766,0.021375812655298,41,84,43,2,4,3,6,3,59,43,9
501,0,616,1,100,99,0,56,1,44,43,0,56,1,58,57,0.0,0.014670342761836687,1,80,79,2,-1,3,6,0,48,92,5
502,0,616,1,100,99,0,98,1,48,47,0,98,1,62,61,0.0,0.023009632730862182,1,86,85,2,-1,3,8,0,42,92,1
503,1,617,26,99,73,11,66,26,36,10,1,33,26,48,22,6.807583648184077e-05,0.0028932230504782326,27,48,21,2,6,3,11,1,19,68,70
504,0,616,1,99,98,0,78,1,36,35,0,38,1,47,46,0.0,0.006058749446883829,1,58,57,2,-1,3,12,0,14,79,77
505,100,100,57,57,0,100,100,38,38,0,100,100,57,57,0,0.053609721229449604,0.07113924912352361,99,100,1,1,1,1,16,40,4,3,15
506,115,731,81,100,19,70,70,59,59,0,70,70,67,67,0,0.0160318594914735,0.03277851526600633,78,89,11,2,3,3,5,12,88,37,9
507,16,632,41,100,59,34,44,43,47,4,16,39,41,52,11,0.003165526396405596,0.00616086320160659,50,57,7,2,3,3,4,3,83,46,54
508,16,632,33,100,67,23,76,30,48,18,16,76,33,55,22,0.0012253650566731338,0.021784267674189048,38,87,49,2,3,3,6,1,40,78,0
509,146,746,85,100,15,210,210,83,83,0,146,162,85,87,2,0.012798257258586064,0.01783586915824228,74,77,3,2,2,2,12,9,3,27,25
510,210,311,90,96,6,256,256,94,94,0,210,211,91,91,0,0.018176248340651485,0.018176248340651485,79,79,0,5,2,2,10,9,11,39,68
511,16,632,38,100,62,50,60,50,50,0,16,60,38,56,18,0.0016678579938050988,0.007862759113652609,44,64,20,2,3,3,5,1,37,53,34
512,28,234,45,92,47,74,74,42,42,0,28,42,45,54,9,0.001940161339732462,0.003982436434187685,44,51,7,3,3,3,9,3,28,43,41
513,32,1672,44,100,56,84,122,48,68,20,32,122,44,78,34,0.002314578440382586,0.02277136730317574,42,84,42,1,3,2,8,2,27,52,8
514,170,271,93,100,7,32,32,69,69,0,32,32,69,69,0,0.028830116750059566,0.028830116750059566,89,89,0,6,3,3,2,29,93,0,78
515,1,207,26,95,69,2,12,26,40,14,1,12,26,40,14,0.0,0.009973110044589673,1,69,68,3,6,4,2,1,95,68,14
516,24,230,44,93,49,86,86,43,43,0,24,32,44,46,2,0.0012594029749140542,0.0027911092957554717,39,48,9,3,3,3,10,4,36,64,54
517,256,856,94,100,6,104,104,88,88,0,104,104,88,88,0,0.03066816433506927,0.039824364341876854,88,95,7,2,2,2,5,22,88,9,12
518,6,6,31,31,0,27,27,33,33,0,6,6,31,31,0,0.00013615167296368154,0.00013615167296368154,32,32,0,-1,4,4,8,1,57,4,50
519,64,64,63,63,0,70,70,59,59,0,64,64,65,65,0,0.008066986623098132,0.008066986623098132,65,65,0,-1,3,3,5,7,80,62,98
520,250,866,95,100,5,96,96,91,91,0,96,96,91,91,0,0.03512713162462984,0.042138942782259436,92,94,2,2,2,2,3,22,76,9,24
521,0,616,1,100,99,0,46,1,42,41,0,46,1,53,52,0.0,0.013853432724054596,1,77,76,2,-1,3,6,0,69,91,6
522,371,971,98,100,2,128,128,92,92,0,128,128,92,92,0,0.03461656285101603,0.037850165083903466,92,94,2,2,2,2,5,29,50,1,22
523,8,214,37,92,55,18,18,35,35,0,8,18,37,47,10,0.00088498587426393,0.014398039415909322,38,79,41,3,4,4,3,2,87,74,30
524,40,40,48,48,0,124,124,63,63,0,40,40,48,48,0,0.0040845501889104465,0.0040845501889104465,50,50,0,-1,2,2,10,3,12,46,69
525,68,668,63,100,37,76,76,54,54,0,76,76,66,66,0,0.009394465434494027,0.015997821573232582,69,80,11,2,3,3,6,7,32,48,25
526,170,170,89,89,0,222,222,90,90,0,170,170,89,89,0,0.013615167296368155,0.013615167296368155,77,77,0,-1,2,2,10,8,36,17,85
527,16,118,33,80,47,48,48,35,35,0,16,18,33,38,5,0.0006126825283365669,0.0006467204465774873,36,37,1,4,3,3,9,1,31,88,55
528,16,118,46,86,40,22,22,48,48,0,16,18,47,49,2,0.003812246842983083,0.00445896728956057,52,53,1,4,3,3,2,2,95,94,71
529,142,758,88,100,12,72,72,85,85,0,72,72,85,85,0,0.022635215630212056,0.02658361414615882,87,90,3,2,2,2,3,19,94,15,55
530,80,182,64,92,28,70,70,56,56,0,80,70,69,63,-6,0.005786446100956465,0.007386228258279724,56,62,6,4,3,3,5,5,37,47,75
531,100,100,61,61,0,100,100,40,40,0,100,100,61,61,0,0.06320841417338915,0.06320841417338915,100,100,0,-1,1,1,14,36,8,2,67
532,0,616,1,100,99,0,58,1,41,40,0,58,1,56,55,0.0,0.011709043874876613,1,72,71,2,-1,3,7,1,43,69,39
533,44,250,58,96,38,64,64,68,68,0,44,64,63,70,7,0.00789679703189353,0.009088124170325743,67,67,0,3,3,3,4,7,72,62,64
534,1,617,26,100,74,4,34,26,45,19,1,34,26,51,25,6.807583648184077e-05,0.01674665577453283,27,81,54,2,6,3,4,1,73,68,19
535,0,0,1,1,0,0,0,1,1,0,0,0,1,1,0,0.0,0.0,1,1,0,-1,-1,-1,11,0,5,86,99
536,100,100,61,61,0,100,100,44,44,0,100,100,61,61,0,0.04288777698355969,0.04629156880765172,94,96,2,2,1,1,12,22,6,9,29
537,0,102,1,82,81,0,4,1,26,25,0,2,1,26,25,0.0,0.0002723033459273631,1,31,30,4,-1,5,3,1,85,69,4
538,0,616,1,100,99,0,28,1,42,41,0,28,1,49,48,0.0,0.015589366554341537,1,81,80,2,-1,3,3,1,66,45,18
539,152,152,91,91,0,72,72,85,85,0,72,72,85,85,0,0.023452125667994147,0.023452125667994147,89,89,0,-1,2,2,3,16,94,12,85
540,0,206,1,88,87,0,28,1,34,33,0,20,1,41,40,0.0,0.0038462847612240037,1,51,50,3,-1,4,6,0,41,96,62
541,290,392,96,100,4,96,96,87,87,0,96,96,87,87,0,0.03553558664352088,0.03550154872527996,92,92,0,4,2,2,3,29,87,11,95
542,8,624,35,100,65,38,52,34,40,6,8,30,35,46,11,0.00037441710065012424,0.0031314884781646754,35,46,11,2,4,3,9,2,26,56,61
543,100,100,66,66,0,100,100,67,67,0,100,100,73,73,0,0.04693828925422921,0.05146533238027162,96,97,1,2,1,1,5,14,52,14,26
544,1,617,26,100,74,5,24,26,34,8,1,19,26,44,18,3.4037918240920386e-05,0.00353994349705572,26,49,23,2,6,3,5,1,88,78,52
545,145,761,85,100,15,242,242,80,80,0,145,197,85,90,5,0.00976888253514415,0.017427414139351238,65,79,14,2,2,2,14,8,8,44,77
546,226,842,92,100,8,176,176,85,85,0,176,176,89,89,0,0.019571802988529223,0.02641342455495422,82,87,5,2,2,2,8,18,42,30,27
547,60,162,68,89,21,38,38,52,52,0,38,38,55,55,0,0.005888559855679227,0.005990673610401988,59,59,0,4,3,3,3,5,66,47,56
548,0,101,1,83,82,0,2,1,24,23,0,1,1,24,23,0.0,0.0,1,1,0,6,-1,7,2,1,89,50,58
549,0,0,1,1,0,0,0,1,1,0,0,0,1,1,0,0.0,0.0,1,1,0,-1,-1,-1,8,0,10,92,89
550,6,1646,30,100,70,54,118,38,63,25,6,118,30,78,48,0.002314578440382586,0.03819054426631267,45,96,51,1,4,2,9,3,54,46,10
551,62,1702,52,100,48,144,178,61,75,14,62,178,52,89,37,0.0036760951700194017,0.028830116750059566,50,89,39,1,2,2,10,3,0,54,23
552,115,217,77,92,15,96,96,60,60,0,96,96,69,69,0,0.01681473161101467,0.017189148711664794,81,81,0,4,3,3,6,12,44,37,88
553,64,64,63,63,0,32,32,58,58,0,32,32,60,60,0,0.0068075836481840775,0.0068075836481840775,61,61,0,-1,3,3,2,8,91,57,87
554,0,0,1,1,0,0,0,1,1,0,0,0,1,1,0,0.0,0.0,1,1,0,-1,-1,-1,7,0,46,89,69
555,40,40,47,47,0,128,128,70,70,0,40,40,47,47,0,0.0030634126416828346,0.0030634126416828346,49,49,0,-1,2,2,9,1,29,53,79
556,373,573,98,100,2,232,232,91,91,0,232,232,93,93,0,0.0339017665679567,0.036794989618434935,93,95,2,3,2,2,10,29,22,11,28
557,6,622,31,100,69,14,40,31,43,12,6,40,31,52,21,0.0002042275094455223,0.022737329384934817,31,84,53,2,4,3,5,1,70,65,0
558,54,670,64,100,36,22,32,52,62,10,22,32,54,63,9,0.011300588855985567,0.04448755914088294,70,96,26,2,3,3,2,8,86,20,3
559,0,0,1,1,0,0,0,1,1,0,0,0,1,1,0,0.0,0.0,1,1,0,-1,-1,-1,16,0,4,92,87
560,145,1745,81,100,19,188,188,80,80,0,145,188,81,90,9,0.009905034208107831,0.023690391095680587,70,87,17,1,2,2,10,8,0,44,20
561,228,844,90,100,10,248,248,89,89,0,228,248,91,91,0,0.016916845365737433,0.028932230504782327,76,90,14,2,2,2,11,13,5,33,30
562,0,616,1,100,99,0,42,1,39,38,0,42,1,52,51,0.0,0.007420266176520644,1,63,62,2,-1,3,6,0,74,59,31
563,54,54,58,58,0,98,98,52,52,0,54,54,58,58,0,0.006773545729943157,0.006773545729943157,64,64,0,-1,3,3,8,4,39,38,50
564,129,129,83,83,0,70,70,54,54,0,70,70,60,60,0,0.014602266925354846,0.014602266925354846,79,79,0,-1,3,3,5,15,61,19,84
565,74,280,62,93,31,138,138,75,75,0,74,84,62,65,3,0.00616086320160659,0.007113924912352361,60,61,1,3,2,2,9,6,31,26,43
566,121,737,79,100,21,180,180,76,76,0,121,180,79,87,8,0.007182000748834201,0.015657442390823378,59,75,16,2,2,2,11,8,33,57,8
567,16,632,36,100,64,28,50,34,44,10,16,50,36,51,15,0.0007147962830593281,0.0141938119064638,36,80,44,2,3,3,5,1,52,4,18
568,22,22,45,45,0,78,78,47,47,0,22,22,45,45,0,0.0026889955410327104,0.0026889955410327104,48,48,0,-1,3,3,8,2,57,52,98
569,86,292,54,95,41,180,180,64,64,0,86,94,54,55,1,0.003710133088260322,0.0042547397801150485,49,53,4,3,2,2,16,3,4,43,51
570,120,720,88,100,12,32,32,64,64,0,32,32,64,64,0,0.019912182170938427,0.0353994349705572,84,95,11,2,3,3,2,19,89,15,5
571,2,2,27,27,0,6,6,27,27,0,2,2,27,27,0,6.807583648184077e-05,6.807583648184077e-05,28,28,0,-1,5,5,5,1,63,68,81
572,100,100,76,76,0,100,100,91,91,0,100,100,91,91,0,0.06521665134960346,0.06521665134960346,99,99,0,-1,1,1,4,17,77,6,76
573,125,741,83,100,17,72,72,77,77,0,72,72,77,77,0,0.01929949964260186,0.02995336805200994,84,91,7,2,2,2,3,12,82,37,14
574,118,324,79,95,16,118,118,88,88,0,118,118,89,89,0,0.009530617107457708,0.014806494434800367,68,80,12,3,2,2,5,5,61,47,34
575,34,240,47,93,46,80,80,45,45,0,34,40,47,47,0,0.0013955546478777359,0.00176997174852786,41,42,1,3,3,3,9,4,31,64,88
576,0,0,1,1,0,0,0,1,1,0,0,0,1,1,0,0.0,0.0,1,1,0,-1,-1,-1,8,0,10,99,76
577,257,857,100,100,0,32,32,64,64,0,32,32,64,64,0,0.0424112461281868,0.05303107661935396,98,98,0,2,3,3,2,36,89,2,39
578,14,220,41,95,54,18,18,38,38,0,14,18,41,43,2,0.0011232513019503727,0.00704584907587052,40,60,20,3,4,4,3,4,96,64,48
579,0,206,1,90,89,0,30,1,34,33,0,30,1,47,46,0.0,0.009088124170325743,1,69,68,3,-1,4,5,0,50,67,39
580,0,206,1,93,92,0,10,1,31,30,0,10,1,37,36,0.0,0.005071649817897137,1,53,52,3,-1,4,3,1,60,50,48
581,16,16,38,38,0,46,46,42,42,0,16,16,38,38,0,0.0017359338302869397,0.0017359338302869397,44,44,0,-1,3,3,6,1,74,53,79
582,0,206,1,92,91,0,22,1,33,32,0,22,1,47,46,0.0,0.00793083495013445,1,67,66,3,-1,4,5,0,70,36,8
583,24,230,45,91,46,46,46,42,42,0,24,36,45,49,4,0.001599782157323258,0.003437829742332959,40,48,8,3,3,3,6,3,48,43,75
584,56,262,59,98,39,32,32,58,58,0,32,32,60,60,0,0.006671431975220395,0.014704380680077607,59,78,19,3,3,3,2,6,91,13,20
585,6,622,30,100,70,24,34,37,42,5,6,34,30,51,21,0.0020422750944552232,0.00980292045338507,47,67,20,2,4,3,4,2,83,94,24
586,6,6,29,29,0,25,25,29,29,0,6,6,29,29,0,0.00037441710065012424,0.00037441710065012424,32,32,0,-1,4,4,12,1,3,55,98
587,6,6,28,28,0,32,32,33,33,0,6,6,28,28,0,0.0007828721195411688,0.0007828721195411688,36,36,0,-1,4,4,8,2,27,42,89
588,66,682,57,100,43,124,124,64,64,0,64,98,56,62,6,0.005037611899656217,0.010109261717553355,55,66,11,2,2,2,10,6,22,41,62
589,8,214,37,93,56,24,24,38,38,0,8,24,37,49,12,0.000442492937131965,0.003267640151128357,35,51,16,3,4,4,4,2,73,56,22
590,64,680,54,100,46,80,90,62,66,4,64,90,54,69,15,0.010143299635794275,0.019265461724360937,65,80,15,2,2,2,6,6,71,73,31
591,101,1741,74,100,26,250,274,79,83,4,101,274,74,95,21,0.007352190340038803,0.023418087749753225,61,84,23,1,2,2,16,8,4,57,33
592,0,101,1,84,83,0,3,1,23,22,0,1,1,23,22,0.0,0.0,1,1,0,5,-1,6,3,0,92,59,55
593,0,616,1,100,99,0,46,1,40,39,0,46,1,54,53,0.0,0.013581129378127233,1,74,73,2,-1,3,6,0,34,89,15
594,144,144,82,82,0,128,128,91,91,0,128,128,91,91,0,0.010824058000612683,0.010824058000612683,71,71,0,-1,2,2,5,6,52,13,80
595,522,522,100,100,0,472,472,100,100,0,472,472,100,100,0,0.03716940671908506,0.03716940671908506,95,95,0,-1,2,2,16,29,4,0,40
596,8,624,35,100,65,24,38,34,38,4,8,32,35,49,14,0.0002382654276864427,0.003914360597705844,34,52,18,2,4,3,6,2,74,63,54
597,0,0,1,1,0,0,0,1,1,0,0,0,1,1,0,0.0,0.0,1,1,0,-1,-1,-1,7,0,43,40,98
598,2,208,29,93,64,8,20,30,34,4,2,20,29,47,18,0.00017018959120460194,0.006331052792811192,30,59,29,3,5,4,4,1,73,65,77
599,262,1902,96,100,4,296,320,92,95,3,262,320,95,97,2,0.02542632492596753,0.04659791007182001,90,98,8,1,2,2,14,20,8,23,16
600,46,252,53,93,40,64,64,66,66,0,46,52,54,54,0,0.005480104836788182,0.006092787365124749,58,58,0,3,2,2,5,2,70,75,49
601,0,102,1,79,78,0,4,1,26,25,0,2,1,26,25,0.0,0.0002042275094455223,1,31,30,4,-1,5,3,0,58,66,88
602,2,2,28,28,0,11,11,30,30,0,2,2,28,28,0,3.4037918240920386e-05,3.4037918240920386e-05,27,27,0,-1,5,5,6,1,32,95,91
603,12,218,37,96,59,18,18,36,36,0,12,18,37,44,7,0.0013274788113958951,0.009122162088566664,42,69,27,3,4,4,3,3,75,51,14
604,2,102,28,84,56,4,4,30,30,0,2,2,28,28,0,6.807583648184077e-05,0.0006467204465774873,28,37,9,4,5,5,2,1,93,65,71
605,1,207,26,91,65,11,29,26,29,3,1,13,26,35,9,3.4037918240920386e-05,0.0010211375472276116,26,37,11,3,6,4,11,2,38,58,51
606,16,632,41,100,59,40,40,43,43,0,16,40,41,52,11,0.0020422750944552232,0.01412573606998196,46,77,31,2,3,3,5,2,49,94,5
607,2,208,26,90,64,7,26,27,34,7,2,22,26,44,18,3.4037918240920386e-05,0.004765308553728854,26,54,28,3,5,4,5,2,80,58,72
608,40,40,48,48,0,146,146,64,64,0,40,40,48,48,0,0.004595118962524252,0.004595118962524252,55,55,0,-1,2,2,12,1,6,90,97
609,32,238,49,95,46,28,28,45,45,0,32,28,55,49,-6,0.004322815616596889,0.008747744987916539,51,67,16,3,3,3,3,3,60,29,62
610,22,638,42,100,58,42,56,38,43,5,22,56,42,53,11,0.000442492937131965,0.00796487286837537,34,64,30,2,3,3,6,2,41,56,24
611,24,230,49,94,45,38,38,52,52,0,24,38,49,54,5,0.0027911092957554717,0.006092787365124749,50,59,9,3,3,3,3,6,66,70,22
612,296,296,96,96,0,352,352,96,96,0,296,296,96,96,0,0.026379386636713298,0.026379386636713298,87,87,0,-1,2,2,16,20,4,23,89
613,40,40,46,46,0,158,158,68,68,0,40,40,46,46,0,0.003880322679464924,0.003880322679464924,51,51,0,-1,2,2,14,3,17,46,91
614,154,360,88,98,10,152,152,95,95,0,152,152,95,95,0,0.019980258007420267,0.026039007454304094,84,86,2,3,2,2,5,8,88,20,62
615,88,704,73,100,27,64,64,68,68,0,64,64,71,71,0,0.01245787807617686,0.04649579631709724,74,96,22,2,3,3,4,13,72,33,2
616,22,638,43,100,57,60,60,48,48,0,22,60,43,60,17,0.002144388849177984,0.010926171755335444,46,69,23,2,3,3,5,2,63,61,48
617,90,90,63,63,0,100,100,66,66,0,90,90,69,69,0,0.007147962830593281,0.007147962830593281,57,57,0,-1,2,2,6,6,51,28,97
618,0,0,1,1,0,0,0,1,1,0,0,0,1,1,0,0.0,0.0,1,1,0,-1,-1,-1,14,0,17,66,84
619,214,1854,93,100,7,104,128,73,90,17,104,128,79,90,11,0.022022533101875488,0.050784574015453214,88,97,9,1,2,2,5,16,52,18,14
620,100,100,57,57,0,100,100,38,38,0,100,100,57,57,0,0.04292181490180061,0.0637870587834848,96,100,4,1,1,1,16,29,4,1,15
621,49,49,56,56,0,48,48,69,69,0,48,48,70,70,0,0.005718370264474625,0.005718370264474625,57,57,0,-1,3,3,3,4,55,22,92
622,22,638,48,100,52,40,70,42,53,11,22,70,48,59,11,0.0017018959120460194,0.020797168045202357,43,84,41,2,3,3,5,2,61,52,18
623,332,538,95,100,5,168,168,96,96,0,168,168,96,96,0,0.03240409816535621,0.03427618366860683,91,92,1,3,2,2,6,22,40,9,70
624,100,100,67,67,0,94,94,71,71,0,94,94,72,72,0,0.007998910786616291,0.007998910786616291,65,65,0,-1,2,2,5,6,63,13,45
625,0,206,1,92,91,0,39,1,31,30,0,7,1,32,31,0.0,0.0008509479560230097,1,36,35,3,-1,4,10,0,36,84,61
626,32,32,47,47,0,84,84,47,47,0,32,32,47,47,0,0.002484768031587188,0.002484768031587188,48,48,0,-1,3,3,9,2,35,83,59
627,0,102,1,76,75,0,6,1,27,26,0,2,1,27,26,0.0,0.00010211375472276115,1,29,28,4,-1,5,5,0,70,93,60
628,0,206,1,87,86,0,44,1,32,31,0,6,1,28,27,0.0,0.002484768031587188,1,46,45,3,-1,4,14,0,16,96,90
629,42,42,57,57,0,32,32,64,64,0,32,32,64,64,0,0.008271214132543654,0.008271214132543654,68,68,0,-1,3,3,2,5,89,25,76
630,116,217,77,94,17,104,104,80,80,0,104,104,81,81,0,0.013513053541645392,0.013581129378127233,74,75,1,5,2,2,5,8,63,17,68
631,100,100,68,68,0,100,100,63,63,0,100,100,68,68,0,0.0374076721467715,0.04666598590830185,92,96,4,2,1,1,6,14,41,32,77
632,34,136,53,87,34,28,28,45,45,0,28,28,50,50,0,0.005922597773920147,0.007113924912352361,59,62,3,4,3,3,3,4,58,72,53
633,22,228,45,94,49,56,56,45,45,0,22,56,45,52,7,0.002586881786309949,0.011232513019503728,47,70,23,3,3,3,6,2,59,75,33
634,0,0,1,1,0,0,0,1,1,0,0,0,1,1,0,0.0,0.0,1,1,0,-1,-1,-1,3,0,82,91,98
635,87,293,63,95,32,60,60,49,49,0,60,60,57,57,0,0.008509479560230097,0.009326389598012186,65,70,5,3,3,3,5,8,50,44,71
636,88,190,57,90,33,228,228,75,75,0,88,90,57,57,0,0.006977773239388679,0.007113924912352361,61,61,0,4,2,2,14,7,8,62,55
637,0,101,1,78,77,0,4,1,25,24,0,1,1,25,24,0.0,3.4037918240920386e-05,1,26,25,5,-1,6,4,1,47,45,55
638,2,618,27,100,73,13,50,27,36,9,2,26,27,42,15,0.0,0.0023486163586235067,1,45,44,2,5,3,10,2,12,58,70
639,102,102,79,79,0,94,94,78,78,0,94,94,79,79,0,0.012730181422104225,0.012730181422104225,73,73,0,-1,2,2,5,8,88,17,91
640,58,58,57,57,0,78,78,68,68,0,58,58,60,60,0,0.005718370264474625,0.005718370264474625,56,56,0,-1,2,2,4,3,83,54,92
641,100,100,61,61,0,100,100,43,43,0,100,100,61,61,0,0.03015759556145546,0.030497974743864665,90,90,0,4,1,1,12,12,2,37,88
642,34,634,47,99,52,112,112,60,60,0,34,52,47,53,6,0.0015317063208414173,0.003778208924742163,42,51,9,2,3,3,12,4,6,64,70
643,54,670,55,100,45,114,114,73,73,0,54,84,55,63,8,0.00616086320160659,0.012559991830899623,56,71,15,2,3,3,9,4,26,38,72
644,0,102,1,83,82,0,4,1,28,27,0,4,1,30,29,0.0,0.006024711528642908,1,61,60,4,-1,5,2,1,99,50,8
645,12,218,36,93,57,22,22,34,34,0,12,18,36,47,11,0.00034037918240920387,0.0010892133837094523,34,39,5,3,4,4,5,2,70,56,71
646,50,256,52,90,38,124,124,60,60,0,44,56,51,52,1,0.003982436434187685,0.006126825283365669,52,58,6,3,3,3,14,6,17,41,75
647,46,1686,49,100,51,98,180,42,77,35,46,180,49,84,35,0.002552843868069029,0.0335613873855475,46,93,47,1,2,2,12,3,2,51,10
648,114,320,80,94,14,176,176,87,87,0,114,176,80,88,8,0.011845195547840293,0.013070560604513427,74,76,2,3,2,2,8,6,57,77,43
649,100,100,72,72,0,100,100,79,79,0,100,100,80,80,0,0.08284829299840021,0.09649749821300929,100,100,0,2,1,1,5,36,37,2,9
650,0,616,1,100,99,0,110,1,60,59,0,110,1,78,77,0.0,0.022533101875489295,1,84,83,2,-1,3,10,0,1,59,10
651,40,656,51,100,49,144,144,65,65,0,40,144,51,80,29,0.0026549576227917903,0.012219612648490419,47,71,24,2,2,2,10,1,18,53,32
652,2,2,28,28,0,4,4,29,29,0,2,2,28,28,0,6.807583648184077e-05,6.807583648184077e-05,29,29,0,-1,5,5,2,1,86,65,76
653,0,206,1,93,92,0,10,1,31,30,0,8,1,35,34,0.0,0.0014636304843595766,1,43,42,3,-1,4,3,0,60,76,52
654,60,676,74,100,26,32,32,67,67,0,32,32,68,68,0,0.014227849824704722,0.046904251335988294,77,96,19,2,3,3,2,13,97,33,2
655,12,628,37,100,63,26,40,35,43,8,12,40,37,50,13,0.0007828721195411688,0.02723033459273631,37,88,51,2,4,3,5,3,88,51,3
656,174,790,85,100,15,140,140,69,69,0,140,140,84,84,0,0.011743081793117532,0.019844106334456584,68,82,14,2,3,3,10,14,22,32,77
657,78,178,69,89,20,64,64,68,68,0,64,64,70,70,0,0.011981347220803976,0.012491915994417782,75,76,1,4,3,3,4,8,78,17,43
658,0,616,1,100,99,0,66,1,47,46,0,66,1,58,57,0.0,0.01678069369277375,1,80,79,2,-1,3,6,0,59,40,15
659,9,215,42,97,55,12,12,35,35,0,12,12,42,42,0,0.0012594029749140542,0.0033357159876101976,41,51,10,3,4,4,2,4,98,64,51
660,122,122,80,80,0,118,118,70,70,0,122,122,80,80,0,0.011879233466081215,0.011879233466081215,72,72,0,-1,2,2,9,8,35,8,96
661,0,616,1,100,99,0,82,1,39,38,0,82,1,58,57,0.0,0.021682153919466287,1,81,80,2,-1,3,12,0,2,86,0
662,0,206,1,92,91,0,16,1,32,31,0,13,1,41,40,0.0,0.001940161339732462,1,45,44,3,-1,4,4,0,47,86,54
663,88,88,60,60,0,152,152,78,78,0,88,88,60,60,0,0.009054086252084823,0.009054086252084823,67,67,0,-1,2,2,8,4,42,38,69
664,0,616,1,100,99,0,72,1,39,38,0,56,1,55,54,0.0,0.00803294870485721,1,63,62,2,-1,3,10,0,11,85,27
665,32,238,53,95,42,38,38,57,57,0,32,38,59,59,0,0.002484768031587188,0.005684332346233704,46,58,12,3,3,3,3,2,85,52,90
666,60,266,58,94,36,74,74,64,64,0,59,74,58,69,11,0.006773545729943157,0.012866333095067906,59,74,15,3,2,2,5,6,88,41,27
667,16,118,43,84,41,30,30,43,43,0,16,21,43,48,5,0.00088498587426393,0.001940161339732462,38,44,6,4,3,3,4,2,73,42,64
668,277,277,100,100,0,56,56,93,93,0,56,56,93,93,0,0.06392321045644848,0.06392321045644848,98,98,0,-1,2,2,2,36,99,2,76
669,0,0,1,1,0,0,0,1,1,0,0,0,1,1,0,0.0,0.0,1,1,0,-1,-1,-1,2,0,90,82,40
670,0,206,1,92,91,0,18,1,35,34,0,18,1,46,45,0.0,0.00878178290615746,1,68,67,3,-1,4,3,0,64,91,33
671,60,266,54,92,38,110,110,62,62,0,60,66,54,57,3,0.005412029000306341,0.005922597773920147,57,57,0,3,3,3,10,6,22,28,71
672,226,432,94,100,6,64,64,67,67,0,64,64,68,68,0,0.02927260968719153,0.03315293236665646,91,91,0,3,3,3,4,27,67,10,38
673,0,616,1,99,98,0,62,1,35,34,0,32,1,42,41,0.0,0.003982436434187685,1,50,49,2,-1,3,11,1,33,69,75
674,453,1069,100,100,0,200,200,100,100,0,200,200,100,100,0,0.04554273460635148,0.06623778889683107,96,100,4,2,2,2,5,29,80,1,7
675,64,270,61,95,34,54,54,53,53,0,64,54,64,57,-7,0.00707988699411144,0.01055175465468532,62,73,11,3,3,3,4,4,79,72,47
676,0,206,1,93,92,0,14,1,33,32,0,9,1,38,37,0.0,0.0012934408931549745,1,39,38,3,-1,4,5,0,49,99,64
677,16,632,41,100,59,40,60,44,54,10,16,60,41,59,18,0.0012253650566731338,0.0265495762279179,41,86,45,2,3,3,5,1,70,71,1
678,74,690,69,100,31,38,48,55,65,10,38,48,58,66,8,0.011096361346540046,0.020729092208720514,72,84,12,2,3,3,3,9,76,27,38
679,54,670,58,100,42,70,70,58,58,0,54,70,59,63,4,0.0068075836481840775,0.02198849518363457,60,87,27,2,3,3,5,4,63,72,16
680,32,1672,44,100,56,110,144,58,60,2,32,144,44,78,34,0.0017359338302869397,0.023996732359848873,43,87,44,1,3,2,10,2,0,52,18
681,16,632,34,100,66,76,86,39,40,1,16,32,34,42,8,0.0012934408931549745,0.004629156880765172,40,51,11,2,3,3,11,1,33,71,90
682,64,680,60,100,40,70,80,59,67,8,64,80,65,71,6,0.008577555396711936,0.03553558664352088,65,91,26,2,3,3,5,7,88,62,11
683,2,208,26,92,66,8,28,27,33,6,2,28,26,45,19,0.0,0.003369753905851118,1,46,45,3,5,4,6,1,56,68,47
684,32,1672,44,100,56,64,92,40,50,10,32,92,44,64,20,0.0012253650566731338,0.02011640968038395,37,82,45,1,3,2,8,2,27,74,20
685,0,1640,1,100,99,0,74,1,68,67,0,74,1,73,72,0.0,0.040334933115490655,1,96,95,1,-1,2,5,0,45,76,0
686,14,14,41,41,0,12,12,36,36,0,12,12,37,37,0,0.0013955546478777359,0.0013955546478777359,41,41,0,-1,4,4,2,4,68,64,79
687,100,100,69,69,0,100,100,76,76,0,100,100,76,76,0,0.04823173014738419,0.06753122978998605,97,100,3,1,1,1,5,14,80,14,28
688,150,150,87,87,0,176,176,87,87,0,150,150,87,87,0,0.014466115252391163,0.014466115252391163,77,77,0,-1,2,2,8,8,39,17,36
689,2,102,29,82,53,6,6,29,29,0,2,2,29,29,0,0.00010211375472276115,0.0008169100377820892,30,38,8,4,5,5,3,1,75,65,71
690,6,622,33,100,67,16,30,33,42,9,6,30,33,50,17,0.0004084550188910446,0.01575955614554614,34,79,45,2,4,3,4,1,73,49,16
691,0,206,1,96,95,0,12,1,34,33,0,12,1,41,40,0.0,0.011198475101262807,1,70,69,3,-1,4,2,0,98,89,37
692,156,772,85,100,15,214,214,86,86,0,156,174,85,86,1,0.01756356581231492,0.019061234214915415,80,80,0,2,2,2,11,9,33,39,61
693,2,104,28,85,57,4,4,30,30,0,2,4,28,33,5,6.807583648184077e-05,0.004152626025392287,28,53,25,4,5,5,2,1,93,65,57
694,189,805,92,100,8,120,120,90,90,0,120,120,90,90,0,0.02392865652336703,0.047448858027843016,85,99,14,2,2,2,6,16,69,18,16
695,178,794,89,100,11,190,190,77,77,0,190,190,91,91,0,0.012832295176826986,0.015521290717859695,74,77,3,2,2,2,11,14,19,32,94
696,132,748,89,100,11,72,72,86,86,0,72,72,86,86,0,0.019980258007420267,0.038428809693999116,83,92,9,2,2,2,3,14,92,14,9
697,2,208,26,89,63,6,26,26,35,9,2,26,26,50,24,6.807583648184077e-05,0.009326389598012186,27,67,40,3,5,4,5,2,61,58,19
698,0,206,1,90,89,0,20,1,32,31,0,18,1,43,42,0.0,0.003267640151128357,1,49,48,3,-1,4,6,0,74,67,35
699,0,206,1,92,91,0,18,1,35,34,0,18,1,44,43,0.0,0.007284114503556962,1,65,64,3,-1,4,3,1,82,69,8
700,40,246,51,94,43,108,108,61,61,0,40,46,51,54,3,0.002586881786309949,0.003199564314646516,49,49,0,3,2,2,9,1,28,53,71
701,100,100,63,63,0,100,100,45,45,0,100,100,63,63,0,0.020456788862793153,0.020865243881684196,81,81,0,3,1,1,11,7,19,62,56
702,100,100,63,63,0,100,100,39,39,0,100,100,63,63,0,0.012559991830899623,0.012559991830899623,71,71,0,-1,1,1,14,4,17,64,50
703,106,208,81,93,12,72,72,83,83,0,72,72,83,83,0,0.01695088328397835,0.01766567956703768,81,82,1,4,2,2,3,6,58,77,61
704,22,1662,48,100,52,40,74,42,57,15,22,74,48,61,13,0.0032336022328874367,0.029476837196637053,50,88,38,1,3,2,5,2,61,75,48
705,43,249,64,100,36,22,22,55,55,0,22,22,57,57,0,0.006943735321147759,0.008237176214302734,63,66,3,3,3,3,2,8,97,44,52
706,16,16,43,43,0,40,40,49,49,0,16,16,43,43,0,0.0026209197045508697,0.0026209197045508697,48,48,0,-1,3,3,4,2,73,94,87
707,80,696,72,100,28,48,48,66,66,0,48,48,67,67,0,0.009292351679771264,0.030429898907382825,69,91,22,2,3,3,3,9,76,31,7
708,256,462,93,99,6,200,200,93,93,0,200,200,93,93,0,0.021137547227611558,0.021580040164743523,82,83,1,3,2,2,8,18,27,5,56
709,6,6,33,33,0,38,38,34,34,0,6,6,33,33,0,0.00088498587426393,0.00088498587426393,38,38,0,-1,4,4,9,1,26,71,97
710,46,147,54,87,33,60,60,53,53,0,46,60,54,59,5,0.00439089145307873,0.00439089145307873,52,52,0,6,3,3,5,6,49,28,68
711,80,181,69,91,22,84,84,74,74,0,84,84,75,75,0,0.010687906327649,0.010687906327649,73,73,0,6,2,2,5,6,45,77,58
712,176,176,86,86,0,142,142,78,78,0,142,142,84,84,0,0.01596378365499166,0.01596378365499166,76,76,0,-1,2,2,8,14,21,14,93
713,78,278,65,95,30,78,78,75,75,0,78,78,76,76,0,0.009870996289866912,0.013921508560536438,69,76,7,3,2,2,4,4,73,72,62
714,6,6,29,29,0,14,14,32,32,0,6,6,29,29,0,0.000442492937131965,0.000442492937131965,34,34,0,-1,4,4,3,1,82,49,67
715,1,617,25,100,75,3,28,25,45,20,1,28,25,50,25,0.0,0.023350011913271386,1,89,88,2,6,3,3,2,85,58,0
716,54,670,56,100,44,64,64,59,59,0,54,64,58,62,4,0.007318152421797883,0.011675005956635693,62,74,12,2,3,3,4,4,53,38,22
717,468,570,97,99,2,368,368,98,98,0,368,368,98,98,0,0.03761189965621702,0.03761189965621702,95,95,0,4,2,2,14,29,25,0,68
718,210,826,90,100,10,220,220,85,85,0,210,220,91,91,0,0.014364001497668403,0.0195377650702883,77,78,1,2,2,2,12,14,3,14,25
719,170,170,86,86,0,158,158,97,97,0,158,158,97,97,0,0.017018959120460194,0.017018959120460194,80,80,0,-1,2,2,6,9,34,27,84
720,28,28,43,43,0,126,126,59,59,0,28,28,43,43,0,0.0024166921951053475,0.0024166921951053475,46,46,0,-1,3,3,16,3,9,54,99
721,431,1031,99,100,1,336,336,96,96,0,336,336,98,98,0,0.03257428775656081,0.04401102828551006,92,98,6,2,2,2,15,29,7,11,6
722,67,67,60,60,0,46,46,43,43,0,46,46,52,52,0,0.006297014874570271,0.006297014874570271,58,58,0,-1,3,3,6,8,65,57,80
723,100,100,63,63,0,100,100,47,47,0,100,100,63,63,0,0.050784574015453214,0.050784574015453214,97,97,0,-1,1,1,10,29,36,11,99
724,54,260,65,97,32,48,48,68,68,0,48,48,69,69,0,0.007454304094761564,0.009496579189216788,67,71,4,3,3,3,3,7,81,62,75
725,84,700,63,100,37,152,152,83,83,0,84,152,63,85,22,0.010619830491167161,0.03284659110248817,68,91,23,2,2,2,8,5,21,25,0
726,82,184,76,96,20,46,46,83,83,0,46,46,83,83,0,0.013104598522754349,0.015419176963136935,73,78,5,4,2,2,2,7,99,48,83
727,100,201,76,91,15,78,78,75,75,0,78,78,77,77,0,0.011368664692467409,0.01143674052894925,71,71,0,5,2,2,4,7,77,21,4
728,230,230,90,90,0,144,144,89,89,0,144,144,90,90,0,0.01960584090677014,0.01960584090677014,84,84,0,-1,2,2,6,18,40,5,97
729,104,720,79,100,21,218,218,77,77,0,104,218,79,89,10,0.00622893903808843,0.019980258007420267,59,81,22,2,2,2,14,5,17,47,18
730,94,300,58,95,37,218,218,72,72,0,94,104,58,74,16,0.005480104836788182,0.006535280302256714,56,57,1,3,2,2,14,6,16,28,43
731,22,228,41,92,51,40,40,40,40,0,22,30,41,47,6,0.002314578440382586,0.002995336805200994,46,47,1,3,3,3,5,2,50,83,51
732,32,648,52,100,48,60,70,55,66,11,32,70,52,70,18,0.004969536063174376,0.03077027808979203,56,89,33,2,3,3,5,3,70,29,1
733,0,616,1,100,99,0,54,1,38,37,0,30,1,50,49,0.0,0.005514142755029102,1,55,54,2,-1,3,8,0,21,40,62
734,18,224,47,92,45,40,40,49,49,0,18,40,47,56,9,0.0016338200755641784,0.011402702610708328,43,69,26,3,3,3,4,2,84,61,37
735,0,616,1,100,99,0,24,1,42,41,0,24,1,50,49,0.0,0.00980292045338507,1,70,69,2,-1,3,3,0,55,82,33
736,468,668,97,100,3,368,368,98,98,0,368,368,98,98,0,0.03761189965621702,0.03757786173797611,95,95,0,3,2,2,14,29,25,0,60
737,1,617,26,100,74,5,40,26,44,18,1,40,26,51,25,0.00010211375472276115,0.00980292045338507,28,69,41,2,6,3,5,2,37,58,33
738,0,616,1,100,99,0,58,1,37,36,0,36,1,49,48,0.0,0.004356853534837809,1,52,51,2,-1,3,8,0,15,92,47
739,40,656,49,100,51,98,148,38,63,25,40,112,49,74,25,0.0018720855032506212,0.010517716736444398,43,69,26,2,2,2,14,1,16,49,77
740,0,0,1,1,0,0,0,1,1,0,0,0,1,1,0,0.0,0.0,1,1,0,-1,-1,-1,3,0,81,91,67
741,0,1640,1,100,99,0,102,1,65,64,0,102,1,75,74,0.0,0.030736240171551108,1,90,89,1,-1,2,8,0,10,40,7
742,40,40,56,56,0,32,32,64,64,0,32,32,64,64,0,0.005412029000306341,0.005412029000306341,59,59,0,-1,3,3,2,6,89,41,59
743,39,39,50,50,0,94,94,52,52,0,39,39,50,50,0,0.004220701861874128,0.004220701861874128,52,52,0,-1,3,3,9,4,35,22,80
744,0,206,1,93,92,0,12,1,35,34,0,12,1,36,35,0.0,0.0037441710065012424,1,52,51,3,-1,4,2,0,68,80,13
745,2,2,29,29,0,8,8,32,32,0,2,2,29,29,0,3.4037918240920386e-05,3.4037918240920386e-05,26,26,0,-1,5,5,4,1,47,95,98
746,0,616,1,100,99,0,28,1,41,40,0,28,1,50,49,0.0,0.009326389598012186,1,69,68,2,-1,3,3,0,64,76,32
747,100,100,64,64,0,100,100,57,57,0,100,100,65,65,0,0.06719085060757685,0.07525783723067497,99,100,1,2,1,1,8,36,10,2,27
748,264,366,96,100,4,112,112,99,99,0,112,112,99,99,0,0.03594404166241193,0.0368971033731577,93,97,4,4,2,2,4,22,67,9,51
749,0,102,1,73,72,0,14,1,26,25,0,2,1,25,24,0.0,0.0,1,1,0,4,-1,5,12,0,6,91,95
750,95,711,77,100,23,32,32,64,64,0,32,32,64,64,0,0.019061234214915415,0.02900030634126417,82,90,8,2,3,3,2,16,89,18,77
751,32,648,44,100,56,86,110,44,57,13,32,110,44,71,27,0.0017018959120460194,0.0158616699002689,42,78,36,2,3,3,10,3,0,51,30
752,80,696,64,100,36,94,94,70,70,0,94,94,72,72,0,0.00878178290615746,0.013615167296368155,68,75,7,2,2,2,5,6,37,34,26
753,100,100,63,63,0,100,100,47,47,0,100,100,63,63,0,0.025119983661799246,0.025119983661799246,86,86,0,-1,1,1,10,9,22,31,85
754,100,100,63,63,0,100,100,45,45,0,100,100,63,63,0,0.05000170189591205,0.07454304094761564,97,100,3,1,1,1,11,29,19,1,9
755,128,728,76,100,24,190,190,71,71,0,128,190,76,86,10,0.012185574730249497,0.020899281799925118,68,85,17,2,3,3,15,8,7,8,14
756,0,0,1,1,0,0,0,1,1,0,0,0,1,1,0,0.0,0.0,1,1,0,-1,-1,-1,16,0,4,80,79
757,0,616,1,99,98,0,212,1,71,70,0,212,1,88,87,0.0,0.022533101875489295,1,86,85,2,-1,3,17,0,20,98,7
758,18,634,43,100,57,40,50,42,48,6,18,50,43,54,11,0.0006126825283365669,0.015521290717859695,36,80,44,2,3,3,5,2,61,56,15
759,0,206,1,94,93,0,12,1,31,30,0,12,1,36,35,0.0,0.0051397256543789785,1,54,53,3,-1,4,2,0,91,85,25
760,2,104,27,80,53,5,6,27,28,1,2,6,27,31,4,3.4037918240920386e-05,0.002382654276864427,27,49,22,4,5,5,3,2,87,58,73
761,12,1652,37,100,63,26,74,35,63,28,12,74,37,69,32,0.0007828721195411688,0.04111780523503183,37,96,59,1,4,2,5,3,88,51,0
762,88,704,60,100,40,164,174,77,83,6,88,174,60,89,29,0.008475441641989176,0.018006058749446885,65,83,18,2,2,2,10,4,36,22,19
763,0,0,1,1,0,0,0,1,1,0,0,0,1,1,0,0.0,0.0,1,1,0,-1,-1,-1,2,0,90,89,50
764,16,118,43,84,41,30,30,43,43,0,16,20,43,47,4,0.00088498587426393,0.0024166921951053475,38,47,9,4,3,3,4,2,73,42,75
765,14,114,41,85,44,18,18,38,38,0,14,14,41,41,0,0.0011232513019503727,0.0012934408931549745,40,40,0,4,4,4,3,4,96,64,4
766,12,628,37,100,63,28,66,34,48,14,12,66,37,62,25,0.0011913271384322134,0.021750229755948126,40,86,46,2,4,3,6,3,32,51,9
767,54,54,55,55,0,114,114,73,73,0,54,54,55,55,0,0.00616086320160659,0.00616086320160659,56,56,0,-1,3,3,9,4,26,38,92
768,6,6,29,29,0,14,14,32,32,0,6,6,29,29,0,0.000442492937131965,0.000442492937131965,34,34,0,-1,4,4,3,1,82,49,86
769,16,1656,35,100,65,54,154,35,73,38,16,154,35,85,50,0.0007147962830593281,0.03802035467510807,36,96,60,1,3,2,10,1,22,88,3
770,22,22,45,45,0,52,52,42,42,0,22,22,45,45,0,0.002144388849177984,0.002144388849177984,45,45,0,-1,3,3,7,2,62,83,79
771,1,1,25,25,0,3,3,25,25,0,1,1,25,25,0,3.4037918240920386e-05,3.4037918240920386e-05,27,27,0,-1,6,6,3,1,87,78,81
772,22,638,43,100,57,54,68,39,45,6,22,68,43,58,15,0.0012934408931549745,0.010517716736444398,41,66,25,2,3,3,8,2,21,74,17
773,0,0,1,1,0,0,0,1,1,0,0,0,1,1,0,0.0,0.0,1,1,0,-1,-1,-1,15,0,7,87,99
774,0,206,1,92,91,0,14,1,33,32,0,14,1,38,37,0.0,0.004016474352428605,1,54,53,3,-1,4,3,0,64,59,38
775,453,659,100,100,0,200,200,100,100,0,200,200,100,100,0,0.04554273460635148,0.04605330337996528,96,96,0,3,2,2,5,29,80,1,56
776,120,120,78,78,0,88,88,73,73,0,88,88,74,74,0,0.013036522686272508,0.013036522686272508,75,75,0,-1,2,2,4,7,83,21,91
777,247,1887,92,100,8,248,272,89,94,5,248,272,92,94,2,0.025494400762449368,0.052043976990367266,86,100,14,1,2,2,11,20,5,23,7
778,0,0,1,1,0,0,0,1,1,0,0,0,1,1,0,0.0,0.0,1,1,0,-1,-1,-1,9,0,26,99,86
779,114,216,75,93,18,118,118,89,89,0,114,118,90,90,0,0.008339289969025495,0.009836958371625992,61,67,6,4,2,2,5,6,52,28,75
780,406,612,97,100,3,256,256,95,95,0,256,256,95,95,0,0.03492290411518432,0.036760951700194014,95,95,0,3,2,2,10,29,18,0,90
781,0,1640,1,100,99,0,80,1,53,52,0,80,1,62,61,0.0,0.035910003744171005,1,93,92,1,-1,2,6,0,48,80,0
782,16,222,32,91,59,56,60,37,38,1,16,22,32,37,5,0.001055175465468532,0.0012934408931549745,36,38,2,3,3,3,9,2,29,42,4
783,22,228,38,90,52,56,56,42,42,0,22,34,38,44,6,0.0014295925661186562,0.0033016780693692774,39,44,5,3,3,3,6,2,51,61,52
784,22,124,42,78,36,42,42,38,38,0,22,25,42,45,3,0.0011232513019503727,0.001497668402600497,38,42,4,4,3,3,6,2,65,74,63
785,58,264,55,94,39,100,104,45,56,11,58,78,55,62,7,0.002110350930937064,0.007522379931243405,43,64,21,3,2,2,10,4,12,64,72
786,62,268,59,93,34,78,78,68,68,0,60,78,61,70,9,0.007250076585316042,0.007522379931243405,59,60,1,3,2,2,4,6,83,41,4
787,0,616,1,100,99,0,46,1,42,41,0,46,1,53,52,0.0,0.014908608189523128,1,78,77,2,-1,3,6,0,69,86,23
788,88,88,59,59,0,196,196,79,79,0,88,88,59,59,0,0.008441403723748256,0.008441403723748256,61,61,0,-1,2,2,12,4,2,72,59
789,98,98,77,77,0,78,78,77,77,0,78,78,79,79,0,0.014432077334150244,0.014432077334150244,78,78,0,-1,2,2,4,8,78,8,85
790,0,616,1,100,99,0,22,1,46,45,0,22,1,51,50,0.0,0.010619830491167161,1,70,69,2,-1,3,2,0,89,40,48
791,0,206,1,86,85,0,28,1,31,30,0,8,1,33,32,0.0,0.0009530617107457708,1,37,36,3,-1,4,11,0,5,91,74
792,2,104,27,80,53,6,6,29,29,0,2,6,27,31,4,0.0002042275094455223,0.001940161339732462,32,44,12,4,5,5,3,1,87,65,75
793,222,222,94,94,0,206,206,95,95,0,206,206,96,96,0,0.02307770856734402,0.02307770856734402,84,84,0,-1,2,2,9,16,35,18,76
794,108,314,75,95,20,88,88,73,73,0,88,88,74,74,0,0.012287688484972258,0.01330882603219987,73,76,3,3,2,2,4,9,83,27,61
795,0,616,1,100,99,0,28,1,43,42,0,28,1,53,52,0.0,0.02573266619013581,1,88,87,2,-1,3,3,0,76,81,10
796,100,100,61,61,0,100,100,43,43,0,100,100,61,61,0,0.03536539705231628,0.03686306545491678,95,95,0,3,1,1,12,19,2,15,52
797,100,100,64,64,0,100,100,44,44,0,100,100,64,64,0,0.02542632492596753,0.026209197045508698,85,86,1,3,1,1,13,9,13,31,64
798,50,50,54,54,0,120,120,62,62,0,50,50,54,54,0,0.005003573981415297,0.005003573981415297,55,55,0,-1,3,3,10,6,36,28,82
799,50,50,58,58,0,102,102,66,66,0,50,50,58,58,0,0.007658531604207087,0.007658531604207087,63,63,0,-1,2,2,8,6,57,73,82
800,260,466,98,100,2,96,96,93,93,0,96,96,93,93,0,0.036454610436025735,0.0392457197317812,95,95,0,3,2,2,3,22,66,9,28
801,0,101,1,81,80,0,3,1,24,23,0,1,1,24,23,0.0,0.0,1,1,0,5,-1,6,3,0,96,76,65
802,0,616,1,100,99,0,156,1,59,58,0,146,1,85,84,0.0,0.017529527894074,1,78,77,2,-1,3,16,0,4,99,16
803,0,616,1,100,99,0,40,1,40,39,0,40,1,52,51,0.0,0.015623404472582456,1,78,77,2,-1,3,5,0,80,67,15
804,0,206,1,92,91,0,40,1,31,30,0,6,1,27,26,0.0,0.0022465026039007454,1,44,43,3,-1,4,10,0,36,81,90
805,6,212,32,94,62,18,22,32,32,0,6,13,32,39,7,0.00037441710065012424,0.0009530617107457708,34,37,3,3,4,4,5,1,45,4,63
806,98,714,78,100,22,48,48,64,64,0,48,48,66,66,0,0.011334626774226489,0.03686306545491678,69,94,25,2,3,3,3,14,85,14,10
807,0,101,1,75,74,0,6,1,25,24,0,1,1,25,24,0.0,0.0,1,1,0,5,-1,6,6,0,51,85,58
808,14,115,41,86,45,18,18,36,36,0,14,18,41,44,3,0.0011232513019503727,0.0013274788113958951,38,41,3,5,4,4,3,4,66,64,65
809,100,100,79,79,0,100,100,96,96,0,100,100,96,96,0,0.07539398890363866,0.07767452942578032,100,100,0,3,1,1,3,20,85,23,51
810,239,239,93,93,0,144,144,94,94,0,144,144,94,94,0,0.027706865448109193,0.027706865448109193,89,89,0,-1,2,2,6,15,71,16,59
811,16,1656,39,100,61,56,100,49,76,27,16,100,39,76,37,0.0034718676605738795,0.030736240171551108,50,94,44,1,3,2,6,3,69,46,37
812,562,1178,99,100,1,320,320,97,97,0,320,320,97,97,0,0.047993464719697745,0.05391606249361789,98,100,2,2,2,2,11,36,5,2,44
813,8,624,36,100,64,24,34,36,38,2,8,34,36,50,14,0.0005786446100956465,0.011879233466081215,36,75,39,2,4,3,4,2,53,56,12
814,0,0,1,1,0,0,0,1,1,0,0,0,1,1,0,0.0,0.0,1,1,0,-1,-1,-1,4,0,77,86,69
815,58,58,63,63,0,78,78,79,79,0,58,58,70,70,0,0.009836958371625992,0.009836958371625992,68,68,0,-1,2,2,4,6,72,73,69
816,6,1646,28,100,72,27,134,28,66,38,6,134,28,83,55,0.00034037918240920387,0.032199870655910685,32,89,57,1,4,2,10,1,36,65,1
817,0,206,1,93,92,0,42,1,35,34,0,42,1,52,51,0.0,0.005412029000306341,1,57,56,3,-1,4,9,0,23,59,24
818,190,396,89,96,7,222,222,83,83,0,222,222,90,90,0,0.020048333843902106,0.02563055243541305,82,87,5,3,2,2,13,16,13,18,34
819,34,240,52,91,39,70,70,54,54,0,34,40,52,52,0,0.0016338200755641784,0.00445896728956057,42,55,13,3,3,3,5,4,61,64,90
820,61,61,58,58,0,106,106,59,59,0,61,61,58,58,0,0.0045270431260424114,0.0045270431260424114,55,55,0,-1,3,3,11,6,38,35,98
821,46,662,56,100,44,28,28,45,45,0,28,28,49,49,0,0.006637394056979475,0.02290751897613942,57,85,28,2,3,3,3,6,60,13,23
822,2,2,29,29,0,7,7,29,29,0,2,2,29,29,0,0.00010211375472276115,0.00010211375472276115,31,31,0,-1,5,5,4,1,47,60,91
823,184,800,92,100,8,48,48,69,69,0,48,48,70,70,0,0.021920419347152727,0.03192756730998332,88,91,3,2,3,3,3,19,55,15,33
824,92,92,59,59,0,124,124,69,69,0,92,92,59,59,0,0.009428503352734947,0.009428503352734947,68,68,0,-1,3,3,9,7,29,48,36
825,0,616,1,99,98,0,96,1,41,40,0,72,1,57,56,0.0,0.008509479560230097,1,66,65,2,-1,3,11,0,33,89,17
826,345,961,98,100,2,128,128,90,90,0,128,128,90,90,0,0.0370672929643623,0.0440791041219919,94,96,2,2,2,2,5,29,63,1,77
827,190,806,89,100,11,318,318,91,91,0,190,237,89,93,4,0.01330882603219987,0.018686817114265293,74,79,5,2,2,2,16,9,4,27,44
828,0,206,1,92,91,0,11,1,32,31,0,7,1,36,35,0.0,0.0006467204465774873,1,36,35,3,-1,4,4,0,78,91,63
829,74,176,66,92,26,72,72,80,80,0,72,72,80,80,0,0.007760645358929848,0.009360427516253106,61,65,4,4,2,2,3,5,87,47,41
830,104,720,72,100,28,124,124,85,85,0,104,124,75,88,13,0.012287688484972258,0.020797168045202357,74,84,10,2,2,2,6,5,40,25,14
831,0,0,1,1,0,0,0,1,1,0,0,0,1,1,0,0.0,0.0,1,1,0,-1,-1,-1,3,1,58,45,50
832,16,632,37,100,63,54,68,39,45,6,16,68,37,58,21,0.0011913271384322134,0.021818305592429966,40,84,44,2,3,3,8,1,21,71,10
833,16,222,42,93,51,22,22,42,42,0,16,22,42,45,3,0.002484768031587188,0.0034718676605738795,49,51,2,3,3,3,2,3,68,46,52
834,16,117,43,81,38,34,34,47,47,0,16,17,44,49,5,0.0006807583648184077,0.0008509479560230097,37,38,1,5,3,3,4,1,77,49,55
835,16,222,32,91,59,24,60,29,38,9,16,60,32,55,23,0.0009190237925048504,0.012730181422104225,35,72,37,3,3,3,9,1,29,78,37
836,54,54,60,60,0,48,48,67,67,0,48,48,70,70,0,0.007113924912352361,0.007113924912352361,59,59,0,-1,3,3,3,7,96,62,86
837,40,246,44,92,48,158,158,66,66,0,40,48,44,51,7,0.00445896728956057,0.005173763572619898,55,56,1,3,2,2,14,1,8,90,74
838,0,616,1,100,99,0,28,1,45,44,0,28,1,52,51,0.0,0.013819394805813677,1,76,75,2,-1,3,3,1,81,50,37
839,6,622,27,100,73,36,56,34,40,6,6,56,27,53,26,0.00017018959120460194,0.03025970931617822,30,91,61,2,4,3,6,1,40,49,3
840,149,149,82,82,0,110,110,74,74,0,110,110,76,76,0,0.018040096667687803,0.018040096667687803,80,80,0,-1,2,2,6,12,41,37,87
841,0,0,1,1,0,0,0,1,1,0,0,0,1,1,0,0.0,0.0,1,1,0,-1,-1,-1,8,0,21,80,69
842,0,616,1,100,99,0,78,1,35,34,0,34,1,45,44,0.0,0.007284114503556962,1,61,60,2,-1,3,14,0,17,97,62
843,305,511,98,100,2,128,128,96,96,0,128,128,96,96,0,0.03465060076925695,0.03805439259334899,93,95,2,3,2,2,5,29,49,11,47
844,2,1642,29,100,71,4,46,30,86,56,2,46,29,87,58,0.0002042275094455223,0.054188365839545255,31,98,67,1,5,2,2,1,97,60,62
845,16,16,35,35,0,90,90,45,45,0,16,16,35,35,0,0.0028932230504782326,0.0028932230504782326,48,48,0,-1,3,3,10,2,22,94,92
846,10,216,38,93,55,18,18,35,35,0,10,18,38,45,7,0.0012594029749140542,0.004765308553728854,40,53,13,3,4,4,3,3,58,43,38
847,28,28,49,49,0,72,72,49,49,0,28,28,49,49,0,0.0012253650566731338,0.0012253650566731338,40,40,0,-1,3,3,7,4,62,64,82
848,0,0,1,1,0,0,0,1,1,0,0,0,1,1,0,0.0,0.0,1,1,0,-1,-1,-1,8,0,39,87,66
849,0,1640,1,100,99,0,70,1,45,44,0,70,1,62,61,0.0,0.021035433472888797,1,83,82,1,-1,2,8,0,57,79,12
850,56,262,56,95,39,54,54,56,56,0,54,54,57,57,0,0.005071649817897137,0.00966676878042139,51,64,13,3,3,3,4,6,67,28,62
851,44,1684,51,100,49,74,118,42,67,25,44,118,51,81,30,0.0036760951700194017,0.0245413390517036,51,85,34,1,3,2,9,6,31,73,19
852,16,16,36,36,0,68,68,45,45,0,16,16,36,36,0,0.001599782157323258,0.001599782157323258,40,40,0,-1,3,3,7,2,43,42,45
853,22,638,43,100,57,110,120,61,64,3,22,38,43,49,6,0.0021784267674189047,0.005173763572619898,46,55,9,2,3,3,10,2,1,52,46
854,100,100,59,59,0,100,100,40,40,0,100,100,59,59,0,0.037509785901494265,0.04026685727900882,94,96,2,2,1,1,15,22,7,9,70
855,0,0,1,1,0,0,0,1,1,0,0,0,1,1,0,0.0,0.0,1,1,0,-1,-1,-1,10,0,18,81,84
856,68,684,55,100,45,212,212,78,78,0,68,116,55,82,27,0.007828721195411689,0.01412573606998196,63,75,12,2,2,2,13,4,13,72,48
857,0,101,1,84,83,0,3,1,23,22,0,1,1,23,22,0.0,0.00010211375472276115,1,30,29,5,-1,6,3,0,92,40,65
858,6,622,28,100,72,18,40,32,38,6,6,40,28,48,20,0.00030634126416828345,0.014500153170632085,33,78,45,2,4,3,5,1,50,4,12
859,8,8,36,36,0,12,12,36,36,0,8,8,36,36,0,0.0004084550188910446,0.0004084550188910446,35,35,0,-1,4,4,2,2,68,56,86
860,152,1792,84,100,16,88,112,73,91,18,88,112,74,91,17,0.017052997038701112,0.046359644644133564,82,97,15,1,2,2,4,8,83,8,25
861,280,480,94,100,6,128,128,93,93,0,128,128,93,93,0,0.03638653459954389,0.04612137921644712,93,97,4,3,2,2,5,27,70,10,6
862,100,100,65,65,0,100,100,45,45,0,100,100,65,65,0,0.027094182919772627,0.034820790360461554,91,91,0,3,1,1,10,9,12,27,14
863,54,1694,58,100,42,86,110,62,79,17,54,96,58,73,15,0.006569318220497634,0.027264372510977228,59,88,29,1,3,2,6,4,32,38,75
864,0,206,1,92,91,0,24,1,36,35,0,16,1,43,42,0.0,0.004765308553728854,1,53,52,3,-1,4,4,0,77,76,62
865,22,228,46,95,49,40,40,43,43,0,22,40,46,51,5,0.002280540522141666,0.0042547397801150485,48,51,3,3,3,3,5,2,45,52,41
866,144,760,79,100,21,198,198,83,83,0,144,198,79,90,11,0.012900371013308825,0.02236291228428469,75,86,11,2,2,2,10,6,0,77,17
867,9,9,43,43,0,12,12,35,35,0,12,12,43,43,0,0.0011913271384322134,0.0011913271384322134,39,39,0,-1,4,4,2,4,86,64,79
868,264,264,95,95,0,222,222,91,91,0,222,222,92,92,0,0.020014295925661188,0.020014295925661188,83,83,0,-1,2,2,10,18,1,5,92
869,18,1658,43,100,57,40,94,42,67,25,18,94,43,72,29,0.0006126825283365669,0.038428809693999116,36,93,57,1,3,2,5,2,61,56,9
870,0,206,1,89,88,0,22,1,31,30,0,8,1,34,33,0.0,0.0016678579938050988,1,41,40,3,-1,4,9,0,28,97,75
871,100,100,64,64,0,100,100,49,49,0,100,100,64,64,0,0.054018176248340655,0.05854521937438306,99,99,0,2,1,1,8,27,42,10,47
872,40,246,51,94,43,80,80,54,54,0,40,48,51,54,3,0.0048674223084516155,0.005990673610401988,55,56,1,3,2,2,6,3,48,46,52
873,54,670,58,100,42,70,70,58,58,0,54,70,59,63,4,0.0068075836481840775,0.013444977705163553,60,75,15,2,3,3,5,4,63,72,24
874,0,0,1,1,0,0,0,1,1,0,0,0,1,1,0,0.0,0.0,1,1,0,-1,-1,-1,10,0,12,97,93
875,0,616,1,99,98,0,86,1,41,40,0,67,1,55,54,0.0,0.013615167296368155,1,75,74,2,-1,3,11,0,19,89,37
876,6,212,28,91,63,14,30,30,34,4,6,30,28,47,19,0.00013615167296368154,0.0068075836481840775,30,60,30,3,4,4,5,1,50,65,24
877,0,616,1,100,99,0,40,1,48,47,0,40,1,56,55,0.0,0.012287688484972258,1,72,71,2,-1,3,4,0,84,86,8
878,18,224,47,93,46,44,44,50,50,0,18,24,47,49,2,0.0016338200755641784,0.0022465026039007454,43,47,4,3,3,3,4,2,73,61,42
879,492,698,98,100,2,400,400,99,99,0,400,400,99,99,0,0.041594336090404714,0.04200279110929576,95,95,0,3,2,2,13,29,13,0,58
880,497,1113,100,100,0,344,344,99,99,0,344,344,99,99,0,0.03441233534157051,0.03604615541713469,91,92,1,2,2,2,14,29,8,1,52
881,0,206,1,90,89,0,26,1,34,33,0,26,1,47,46,0.0,0.00622893903808843,1,59,58,3,-1,4,5,0,80,40,77
882,129,335,86,99,13,48,48,64,64,0,48,48,66,66,0,0.020695054290479593,0.030395860989141904,85,90,5,3,3,3,3,16,85,18,6
883,475,681,99,100,1,216,216,99,99,0,216,216,99,99,0,0.04697232717247013,0.05041015691480309,95,96,1,3,2,2,6,40,48,3,29
884,46,252,56,97,41,52,52,80,80,0,46,52,73,81,8,0.011402702610708328,0.018822968787228972,73,84,11,3,2,2,3,2,60,83,25
885,0,0,1,1,0,0,0,1,1,0,0,0,1,1,0,0.0,0.0,1,1,0,-1,-1,-1,11,0,5,99,80
886,22,638,40,100,60,78,142,38,65,27,22,142,40,84,44,0.0026889955410327104,0.03335715987610198,47,90,43,2,3,3,12,2,3,75,2
887,74,280,57,95,38,206,206,75,75,0,74,89,57,60,3,0.00527587732734266,0.007828721195411689,57,61,4,3,2,2,12,4,14,22,73
888,125,331,88,100,12,32,32,63,63,0,32,32,65,65,0,0.020933319718166036,0.022703291466693896,85,86,1,3,3,3,2,19,98,15,51
889,0,0,1,1,0,0,0,1,1,0,0,0,1,1,0,0.0,0.0,1,1,0,-1,-1,-1,4,0,78,59,36
890,24,125,49,88,39,18,18,47,47,0,18,18,49,49,0,0.0018040096667687805,0.0020422750944552232,42,42,0,5,3,3,2,4,99,64,60
891,0,0,1,1,0,0,0,1,1,0,0,0,1,1,0,0.0,0.0,1,1,0,-1,-1,-1,3,1,66,45,80
892,0,206,1,93,92,0,10,1,31,30,0,8,1,36,35,0.0,0.0018380475850097008,1,44,43,3,-1,4,3,0,58,76,51
893,2,618,26,100,74,17,146,26,66,40,2,118,26,76,50,0.0,0.015487252799618776,1,78,77,2,5,3,16,1,9,68,18
894,22,1662,41,100,59,40,74,40,58,18,22,74,41,63,22,0.002314578440382586,0.031485074372851356,46,91,45,1,3,2,5,2,50,83,32
895,8,1648,37,100,63,24,78,38,74,36,8,78,37,75,38,0.000442492937131965,0.045508696688110556,35,96,61,1,4,2,4,2,73,56,0
896,6,6,31,31,0,19,19,31,31,0,6,6,31,31,0,3.4037918240920386e-05,3.4037918240920386e-05,27,27,0,-1,4,4,8,1,57,65,89
897,0,206,1,94,93,0,10,1,31,30,0,10,1,38,37,0.0,0.0035739814152966403,1,51,50,3,-1,4,3,0,81,59,47
898,28,28,47,47,0,40,40,40,40,0,28,28,47,47,0,0.001497668402600497,0.001497668402600497,42,42,0,-1,3,3,5,3,52,43,36
899,56,262,51,93,42,98,98,53,53,0,56,98,52,66,14,0.0048674223084516155,0.008611593314952858,52,63,11,3,3,3,8,6,27,28,41
900,125,331,88,100,12,32,32,63,63,0,32,32,65,65,0,0.020933319718166036,0.0368971033731577,85,95,10,3,3,3,2,19,98,15,7
901,0,616,1,100,99,0,36,1,33,32,0,16,1,35,34,0.0,0.004050512270669526,1,50,49,2,-1,3,7,0,46,85,90
902,226,826,91,100,9,144,144,92,92,0,144,144,92,92,0,0.021443888491779844,0.023894618605126112,83,87,4,2,2,2,6,18,41,5,52
903,52,668,53,100,47,44,44,44,44,0,44,44,50,50,0,0.006739507811702236,0.009836958371625992,58,64,6,2,3,3,4,6,67,34,71
904,1,617,25,100,75,2,22,25,48,23,1,22,25,49,24,0.0,0.007794683277170768,1,65,64,2,6,3,2,1,93,78,41
905,0,101,1,82,81,0,3,1,25,24,0,1,1,25,24,0.0,3.4037918240920386e-05,1,27,26,6,-1,7,3,1,60,50,68
906,100,100,70,70,0,100,100,68,68,0,100,100,73,73,0,0.06171074577078866,0.06171074577078866,100,100,0,-1,1,1,6,29,48,1,81
907,22,22,43,43,0,44,44,36,36,0,22,22,43,43,0,0.0018040096667687805,0.0018040096667687805,42,42,0,-1,3,3,7,3,43,51,80
908,22,228,47,93,46,32,32,58,58,0,22,32,46,58,12,0.0018720855032506212,0.008747744987916539,45,63,18,3,3,3,2,2,68,61,44
909,0,206,1,93,92,0,18,1,40,39,0,18,1,44,43,0.0,0.009394465434494027,1,66,65,3,-1,4,3,0,60,89,33
910,6,622,29,99,70,22,126,29,60,31,6,126,29,75,46,0.00010211375472276115,0.03002144388849178,30,93,63,2,4,3,11,1,5,55,2
911,88,294,74,99,25,48,48,72,72,0,48,48,74,74,0,0.012968446849790666,0.016270124919159943,74,80,6,3,3,3,3,8,60,8,22
912,100,100,69,69,0,100,100,70,70,0,100,100,72,72,0,0.03318697028489737,0.040028591851322376,93,95,2,2,1,1,6,6,65,41,48
913,1,207,26,93,67,6,28,26,35,9,1,13,26,36,10,0.0,0.0018380475850097008,1,45,44,3,6,4,6,2,34,58,83
914,28,644,45,100,55,74,94,42,47,5,28,94,45,59,14,0.0019061234214915416,0.01058579257292624,43,70,27,2,3,3,9,3,28,54,8
915,100,100,70,70,0,100,100,68,68,0,100,100,73,73,0,0.057183702644746245,0.057183702644746245,99,99,0,5,1,1,6,22,48,9,58
916,100,100,67,67,0,100,100,54,54,0,100,100,67,67,0,0.03168930188229688,0.03168930188229688,92,92,0,-1,1,1,8,8,27,20,45
917,232,848,92,100,8,268,278,96,96,0,232,278,92,96,4,0.013138636440995268,0.027604751693386432,74,89,15,2,2,2,12,13,14,24,30
918,192,792,94,100,6,56,56,85,85,0,56,56,85,85,0,0.032914666938970015,0.0392457197317812,93,94,1,2,2,2,2,22,90,9,48
919,8,110,36,86,50,14,14,33,33,0,8,10,36,38,2,0.0002042275094455223,0.0011913271384322134,31,39,8,4,4,4,3,2,66,56,71
920,40,656,51,100,49,80,90,58,60,2,40,90,51,65,14,0.0035739814152966403,0.01330882603219987,50,73,23,2,2,2,6,1,41,53,14
921,100,100,59,59,0,100,100,46,46,0,100,100,59,59,0,0.01872085503250621,0.01872085503250621,78,78,0,5,1,1,11,6,5,41,78
922,236,236,94,94,0,120,120,86,86,0,120,120,86,86,0,0.027536675856904592,0.027536675856904592,89,89,0,-1,2,2,6,22,65,9,66
923,22,638,43,100,57,40,70,40,50,10,22,70,43,56,13,0.0024166921951053475,0.01950372715204738,47,85,38,2,3,3,5,2,52,83,15
924,91,297,65,95,30,86,90,56,63,7,91,90,71,69,-2,0.007692569522448007,0.011198475101262807,60,69,9,3,2,2,6,6,51,35,73
925,0,206,1,93,92,0,10,1,31,30,0,10,1,37,36,0.0,0.0020763130126961434,1,44,43,3,-1,4,3,0,58,59,41
926,1,617,25,100,75,5,28,25,36,11,1,17,25,42,17,3.4037918240920386e-05,0.003437829742332959,26,50,24,2,6,3,5,1,80,68,94
927,100,100,59,59,0,100,100,40,40,0,100,100,59,59,0,0.028830116750059566,0.028966268423023248,91,91,0,5,1,1,15,18,7,5,58
928,100,100,66,66,0,100,100,43,43,0,100,100,66,66,0,0.020729092208720514,0.022328874366043774,85,86,1,2,1,1,11,6,33,13,54
929,32,238,50,93,43,40,40,45,45,0,30,40,50,51,1,0.003710133088260322,0.008203138296061813,50,65,15,3,3,3,5,6,37,41,57
930,32,238,47,93,46,80,84,43,47,4,32,46,47,52,5,0.0030974505599237552,0.004833384390210695,48,53,5,3,3,3,9,2,23,75,54
931,294,294,96,96,0,192,192,91,91,0,192,192,91,91,0,0.03012355764321454,0.03012355764321454,92,92,0,-1,2,2,9,22,26,9,69
932,236,852,92,100,8,174,174,93,93,0,174,174,94,94,0,0.017155110793423873,0.02307770856734402,80,84,4,2,2,2,7,14,24,32,34
933,22,228,47,93,46,28,28,40,40,0,22,28,47,48,1,0.0020763130126961434,0.0032336022328874367,45,50,5,3,3,3,3,2,82,83,61
934,32,32,40,40,0,94,94,38,38,0,32,32,40,40,0,0.0014295925661186562,0.0014295925661186562,41,41,0,-1,3,3,15,2,7,74,97
935,50,256,54,93,39,74,74,42,42,0,44,70,51,58,7,0.003369753905851118,0.00707988699411144,47,62,15,3,3,3,9,6,31,41,47
936,0,616,1,100,99,0,68,1,39,38,0,56,1,53,52,0.0,0.008951972497362062,1,65,64,2,-1,3,8,0,15,36,27
937,76,76,63,63,0,68,68,72,72,0,68,68,74,74,0,0.009054086252084823,0.009054086252084823,63,63,0,-1,2,2,4,6,67,41,80
938,84,84,73,73,0,56,56,76,76,0,56,56,77,77,0,0.010313489226998877,0.010313489226998877,70,70,0,-1,2,2,2,5,68,47,59
939,100,100,66,66,0,100,100,52,52,0,100,100,66,66,0,0.06964158072092311,0.07035637700398244,100,100,0,3,1,1,8,36,15,2,52
940,268,268,93,93,0,232,232,91,91,0,232,232,93,93,0,0.025868817863099493,0.025868817863099493,89,89,0,-1,2,2,10,15,22,16,93
941,101,717,77,100,23,148,158,78,81,3,101,158,77,86,9,0.008339289969025495,0.02011640968038395,64,82,18,2,2,2,9,8,35,57,19
942,6,212,30,94,64,12,12,32,32,0,6,12,30,36,6,0.0013274788113958951,0.002586881786309949,40,47,7,3,4,4,2,1,91,71,52
943,0,102,1,77,76,0,10,1,26,25,0,2,1,26,25,0.0,0.0002382654276864427,1,31,30,4,-1,5,9,0,35,84,55
944,40,40,55,55,0,52,52,74,74,0,40,40,61,61,0,0.006671431975220395,0.006671431975220395,60,60,0,-1,2,2,3,2,58,94,85
945,268,868,92,100,8,302,302,97,97,0,268,302,96,97,1,0.01834643793185609,0.038939378467612924,77,97,20,2,2,2,12,13,2,33,7
946,100,100,73,73,0,100,100,96,96,0,100,100,96,96,0,0.08243983797950917,0.0945232989550359,100,100,0,3,1,1,3,29,64,11,37
947,6,212,33,92,59,16,20,33,34,1,6,19,33,45,12,0.00017018959120460194,0.002212464685659825,33,47,14,3,4,4,4,1,47,88,54
948,145,1785,82,100,18,198,222,83,89,6,145,222,82,91,9,0.010687906327649,0.039994553933081455,67,97,30,1,2,2,10,8,11,44,0
949,0,616,1,99,98,0,78,1,36,35,0,53,1,54,53,0.0,0.008066986623098132,1,62,61,2,-1,3,12,0,14,80,27
950,118,734,77,100,23,184,184,79,79,0,118,140,77,80,3,0.016236087000919025,0.01773375540351952,76,78,2,2,2,2,10,9,12,39,64
951,16,16,44,44,0,28,28,44,44,0,16,16,43,43,0,0.003199564314646516,0.003199564314646516,52,52,0,-1,3,3,3,1,76,90,98
952,34,34,48,48,0,74,74,46,46,0,34,34,48,48,0,0.004322815616596889,0.004322815616596889,53,53,0,-1,3,3,8,6,39,73,80
953,100,100,63,63,0,100,100,47,47,0,100,100,63,63,0,0.016270124919159943,0.017087034956942034,77,77,0,3,1,1,10,2,22,63,51
954,22,638,47,100,53,56,56,47,47,0,22,56,47,59,12,0.0019061234214915416,0.011504816365431091,44,72,28,2,3,3,6,2,32,52,19
955,222,323,91,96,5,256,256,94,94,0,222,256,92,95,3,0.022601177711971135,0.022601177711971135,84,84,0,5,2,2,10,12,11,37,58
956,100,100,58,58,0,100,100,38,38,0,100,100,58,58,0,0.016508390346846386,0.023179822322066782,79,87,8,2,1,1,16,6,9,13,27
957,6,212,29,94,65,16,32,30,34,4,6,32,29,49,20,6.807583648184077e-05,0.00353994349705572,27,48,21,3,4,4,6,1,59,65,26
958,64,680,67,100,33,48,48,73,73,0,48,48,75,75,0,0.013989584397018279,0.037543823819735186,76,93,17,2,3,3,3,9,92,39,7
959,86,188,60,89,29,142,142,66,66,0,86,88,60,60,0,0.009122162088566664,0.009088124170325743,69,69,0,4,3,3,12,6,3,34,95
960,16,16,43,43,0,28,28,44,44,0,16,16,43,43,0,0.0026549576227917903,0.0026549576227917903,47,47,0,-1,3,3,3,1,92,53,50
961,0,102,1,73,72,0,13,1,25,24,0,2,1,25,24,0.0,0.0002382654276864427,1,30,29,4,-1,5,12,0,2,66,88
962,12,218,37,96,59,14,18,33,35,2,12,18,37,44,7,0.0005786446100956465,0.004629156880765172,35,53,18,3,4,4,3,2,75,63,13
963,40,40,47,47,0,128,128,70,70,0,40,40,47,47,0,0.0030634126416828346,0.0030634126416828346,49,49,0,-1,2,2,9,1,29,53,97
964,0,616,1,100,99,0,34,1,34,33,0,24,1,44,43,0.0,0.0038462847612240037,1,50,49,2,-1,3,6,1,65,69,54
965,16,632,35,100,65,78,112,39,59,20,16,70,35,54,19,0.00088498587426393,0.007182000748834201,37,57,20,2,3,3,11,2,5,42,38
966,6,6,31,31,0,46,46,34,34,0,6,6,31,31,0,0.0002042275094455223,0.0002042275094455223,32,32,0,-1,4,4,11,1,19,88,66
967,100,100,69,69,0,100,100,87,87,0,100,100,87,87,0,0.04649579631709724,0.07226250042547398,96,100,4,2,1,1,4,5,83,25,2
968,16,117,44,83,39,34,34,47,47,0,16,17,45,47,2,0.00176997174852786,0.00176997174852786,43,43,0,6,3,3,4,1,78,53,58
969,0,616,1,100,99,0,36,1,40,39,0,36,1,52,51,0.0,0.011981347220803976,1,73,72,2,-1,3,5,0,49,96,5
970,112,214,79,93,14,182,182,87,87,0,112,114,79,79,0,0.009870996289866912,0.010041185881071514,69,69,0,4,2,2,9,7,23,62,4
971,0,616,1,100,99,0,34,1,38,37,0,34,1,50,49,0.0,0.006943735321147759,1,62,61,2,-1,3,4,0,53,81,25
972,100,100,69,69,0,100,100,57,57,0,100,100,69,69,0,0.05395010041185881,0.05395010041185881,98,98,0,-1,1,1,8,29,57,1,66
973,0,102,1,76,75,0,9,1,29,28,0,5,1,30,29,0.0,0.0010211375472276116,1,39,38,4,-1,5,5,0,70,66,43
974,0,616,1,100,99,0,22,1,47,46,0,22,1,50,49,0.0,0.0057524081827155455,1,57,56,2,-1,3,2,0,95,82,52
975,0,616,1,100,99,0,80,1,42,41,0,80,1,62,61,0.0,0.023111746485584943,1,86,85,2,-1,3,9,0,23,87,9
976,260,876,95,100,5,88,88,76,76,0,88,88,79,79,0,0.03240409816535621,0.043738724939582696,91,94,3,2,2,2,4,27,47,10,14
977,141,347,85,97,12,80,80,68,68,0,80,80,72,72,0,0.022669253548452978,0.026073045372545015,85,86,1,3,3,3,5,15,88,16,47
978,0,206,1,94,93,0,16,1,34,33,0,6,1,29,28,0.0,0.0019741992579733825,1,44,43,3,-1,4,4,1,53,45,94
979,86,86,60,60,0,142,142,66,66,0,86,86,60,60,0,0.009122162088566664,0.009122162088566664,69,69,0,-1,3,3,12,6,3,34,82
980,176,1816,89,100,11,96,120,69,86,17,96,120,70,87,17,0.018925082541951733,0.0352292453793526,82,96,14,1,3,2,6,17,56,6,43
981,0,616,1,100,99,0,100,1,42,41,0,91,1,60,59,0.0,0.00793083495013445,1,62,61,2,-1,3,12,0,2,79,24
982,0,0,1,1,0,0,0,1,1,0,0,0,1,1,0,0.0,0.0,1,1,0,-1,-1,-1,3,0,81,97,36
983,220,1860,94,100,6,48,72,60,82,22,48,72,63,82,19,0.03094046768099663,0.07556417849484326,91,100,9,1,3,2,3,30,58,7,23
984,0,0,1,1,0,0,0,1,1,0,0,0,1,1,0,0.0,0.0,1,1,0,-1,-1,-1,15,1,7,45,89
985,2,208,27,95,68,5,14,27,31,4,2,14,27,38,11,6.807583648184077e-05,0.007556417849484326,28,63,35,3,5,4,3,1,94,95,17
986,60,266,60,95,35,76,76,54,54,0,60,76,60,65,5,0.0053099152455835805,0.006501242384015794,56,59,3,3,3,3,6,6,32,28,83
987,76,676,68,100,32,54,54,55,55,0,54,54,60,60,0,0.006875659484665918,0.015725518227305217,60,79,19,2,3,3,4,6,84,13,33
988,6,108,32,84,52,8,8,32,32,0,6,8,32,37,5,0.0004765308553728854,0.001157289220191293,36,38,2,4,4,4,2,1,98,55,71
989,116,116,77,77,0,88,88,73,73,0,88,88,74,74,0,0.015112835698968652,0.015112835698968652,78,78,0,-1,2,2,4,8,83,20,36
990,2,618,26,100,74,9,52,28,38,10,2,52,26,54,28,6.807583648184077e-05,0.010109261717553355,28,69,41,2,5,3,7,2,43,58,19
991,57,57,53,53,0,50,50,45,45,0,50,50,52,52,0,0.004322815616596889,0.004322815616596889,53,53,0,-1,3,3,5,6,52,35,40
992,0,206,1,89,88,0,59,1,34,33,0,50,1,50,49,0.0,0.004935498144933456,1,55,54,3,-1,4,12,0,3,59,31
993,28,1668,43,100,57,148,192,63,69,6,28,102,43,76,33,0.0018380475850097008,0.011640968038394772,42,68,26,1,3,2,17,3,20,43,47
994,2,2,28,28,0,8,8,30,30,0,2,2,28,28,0,0.00010211375472276115,0.00010211375472276115,30,30,0,-1,5,5,4,1,72,65,86
995,42,42,54,54,0,66,66,51,51,0,40,40,52,52,0,0.0034037918240920387,0.0034037918240920387,52,52,0,-1,3,3,6,6,34,41,93
996,2,618,26,100,74,17,146,26,66,40,2,119,26,77,51,0.0,0.015589366554341537,1,79,78,2,5,3,16,1,9,78,18
997,129,335,87,100,13,48,48,72,72,0,48,48,74,74,0,0.014329963579427483,0.018959120460192654,78,85,7,3,3,3,3,15,60,19,26
998,54,670,56,100,44,50,50,50,50,0,54,50,55,55,0,0.007216038667075122,0.031110657272201234,61,90,29,2,3,3,5,4,70,38,0
999,0,616,1,100,99,0,44,1,33,32,0,16,1,31,30,0.0,0.0011913271384322134,1,38,37,2,-1,3,14,0,17,66,42
