,FreeNet_pre_score,FreeNet_post_score,FreeNet_pre_rank,FreeNet_post_rank,FreeNet_delta_ranks,Reversed_pre_score,Reversed_post_score,Reversed_pre_rank,Reversed_post_rank,Reversed_delta_ranks,Independent_pre_score,Independent_post_score,Independent_pre_rank,Independent_post_rank,Independent_delta_ranks,Random_pre_score,Random_post_score,Random_pre_rank,Random_post_rank,Random_delta_ranks,dist_victim_relayer,dist_victim_vilain_pre,dist_victim_vilain_post,out_deg_victim,in_deg_villain,victim,villain,relayer
0,54,1694,55,100,45,64,88,60,72,12,54,88,55,73,18,0.007590455767725246,0.036624800027230335,61,93,32,1,3,2,4,4,83,72,25
1,0,206,1,94,93,0,18,1,37,36,0,18,1,46,45,0.0,0.005684332346233704,1,56,55,3,-1,4,3,0,81,91,31
2,237,237,96,96,0,88,88,82,82,0,88,88,82,82,0,0.03114469519044215,0.03114469519044215,90,90,0,-1,2,2,4,30,72,7,99
3,293,499,97,100,3,72,72,83,83,0,72,72,83,83,0,0.03451444909629327,0.038735150958167396,92,93,1,3,2,2,3,29,58,0,21
4,156,772,83,100,17,200,200,81,81,0,156,200,83,91,8,0.014670342761836687,0.020831205963443275,76,82,6,2,2,2,11,13,19,33,44
5,0,0,1,1,0,0,0,1,1,0,0,0,1,1,0,0.0,0.0,1,1,0,-1,-1,-1,2,0,97,40,87
6,40,656,55,100,45,38,38,51,51,0,38,38,54,54,0,0.005616256509751864,0.016916845365737433,59,80,21,2,3,3,3,6,82,26,33
7,0,0,1,1,0,0,0,1,1,0,0,0,1,1,0,0.0,0.0,1,1,0,-1,-1,-1,2,0,97,85,81
8,0,616,1,100,99,0,62,1,53,52,0,62,1,58,57,0.0,0.012491915994417782,1,71,70,2,-1,3,6,0,74,97,19
9,6,212,32,93,61,18,18,35,35,0,6,14,32,41,9,0.0013955546478777359,0.004629156880765172,42,52,10,3,4,4,3,1,58,71,29
10,100,202,76,92,16,48,48,54,54,0,48,48,56,56,0,0.009394465434494027,0.009428503352734947,65,65,0,4,3,3,3,9,87,31,95
11,0,102,1,79,78,0,6,1,28,27,0,6,1,30,29,0.0,0.003778208924742163,1,50,49,4,-1,5,3,0,94,98,57
12,0,616,1,100,99,0,40,1,37,36,0,16,1,39,38,0.0,0.0026889955410327104,1,45,44,2,-1,3,9,0,26,36,46
13,173,379,92,100,8,96,96,92,92,0,96,96,92,92,0,0.0318935293917424,0.03267640151128357,92,92,0,3,2,2,3,20,81,23,71
14,0,616,1,100,99,0,40,1,40,39,0,40,1,53,52,0.0,0.007590455767725246,1,63,62,2,-1,3,5,0,80,87,31
15,85,291,75,98,23,38,38,46,46,0,38,38,51,51,0,0.015351101126655093,0.02750263793866367,79,91,12,3,3,3,3,12,96,37,6
16,104,720,76,100,24,110,120,77,84,7,110,120,81,86,5,0.012287688484972258,0.031485074372851356,70,91,21,2,2,2,6,9,74,31,16
17,0,0,1,1,0,0,0,1,1,0,0,0,1,1,0,0.0,0.0,1,1,0,-1,-1,-1,13,0,13,66,50
18,143,349,83,99,16,70,70,56,56,0,70,70,63,63,0,0.013376901868681712,0.01865277919602437,75,83,8,3,3,3,5,14,37,32,48
19,40,246,61,100,39,22,22,55,55,0,22,22,57,57,0,0.005548180673270023,0.016712617856291908,58,81,23,3,3,3,2,6,97,41,30
20,0,1640,1,100,99,0,130,1,65,64,0,130,1,82,81,0.0,0.02917049593246877,1,89,88,1,-1,2,11,0,38,36,7
21,320,420,100,100,0,80,80,96,96,0,80,80,96,96,0,0.05762619558187821,0.05762619558187821,98,98,0,5,2,2,2,36,98,2,4
22,22,638,53,100,47,22,32,52,62,10,22,32,54,63,9,0.0020763130126961434,0.02556247659893121,47,88,41,2,3,3,2,2,86,52,1
23,56,672,56,100,44,96,116,55,67,12,56,116,56,75,19,0.004561081044283332,0.013989584397018279,56,75,19,2,2,2,7,2,24,52,27
24,22,638,47,100,53,24,34,43,55,12,22,34,48,58,10,0.003982436434187685,0.010687906327649,53,72,19,2,3,3,3,2,55,83,21
25,0,616,1,100,99,0,42,1,35,34,0,42,1,51,50,0.0,0.012389802239695021,1,73,72,2,-1,3,6,0,51,36,12
26,16,16,36,36,0,34,34,36,36,0,16,16,36,36,0,0.0006467204465774873,0.0006467204465774873,35,35,0,-1,3,3,6,1,71,49,67
27,362,978,95,100,5,224,224,99,99,0,224,224,99,99,0,0.03104258143571939,0.053133190374076725,90,99,9,2,2,2,8,22,27,9,11
28,0,206,1,93,92,0,30,1,32,31,0,14,1,35,34,0.0,0.0026889955410327104,1,45,44,3,-1,4,9,0,23,98,73
29,2,618,28,100,72,4,38,28,52,24,2,38,28,54,26,3.4037918240920386e-05,0.011811157629599374,28,74,46,2,5,3,3,1,64,68,17
30,0,206,1,92,91,0,18,1,37,36,0,18,1,46,45,0.0,0.0035739814152966403,1,53,52,3,-1,4,3,0,76,79,28
31,2,2,27,27,0,5,5,27,27,0,2,2,27,27,0,0.0,0.0,1,1,0,-1,5,5,4,1,53,68,81
32,0,102,1,73,72,0,13,1,25,24,0,2,1,25,24,0.0,6.807583648184077e-05,1,27,26,4,-1,5,12,1,2,45,95
33,100,100,67,67,0,100,100,66,66,0,100,100,72,72,0,0.05323530412879948,0.05323530412879948,97,97,0,-1,1,1,6,29,59,0,99
34,270,476,95,100,5,104,104,86,86,0,104,104,87,87,0,0.032063718982947,0.03335715987610198,92,92,0,3,2,2,5,30,49,7,94
35,2,208,25,91,66,7,16,25,28,3,2,10,25,31,6,6.807583648184077e-05,0.0016338200755641784,25,38,13,3,5,4,4,1,67,95,61
36,68,684,56,100,44,158,168,68,70,2,68,85,56,59,3,0.006024711528642908,0.006433166547533953,56,59,3,2,2,2,14,6,17,73,56
37,0,616,1,99,98,0,104,1,54,53,0,34,1,44,43,0.0,0.005480104836788182,1,54,53,2,-1,3,17,1,20,50,38
38,80,286,65,98,33,68,68,72,72,0,68,68,74,74,0,0.010177337554035196,0.013887470642295518,66,75,9,3,2,2,4,6,67,73,47
39,106,722,76,100,24,142,142,78,78,0,106,142,76,81,5,0.009394465434494027,0.03992647809659961,64,98,34,2,2,2,8,7,27,48,2
40,0,101,1,73,72,0,12,1,25,24,0,1,1,25,24,0.0,3.4037918240920386e-05,1,27,26,5,-1,6,12,0,6,85,78
41,16,632,35,100,65,62,66,36,38,2,16,50,35,53,18,0.00088498587426393,0.006331052792811192,37,58,21,2,3,3,10,2,36,42,72
42,6,6,29,29,0,27,27,30,30,0,6,6,29,29,0,0.0002382654276864427,0.0002382654276864427,31,31,0,-1,4,4,12,1,14,65,66
43,0,0,1,1,0,0,0,1,1,0,0,0,1,1,0,0.0,0.0,1,1,0,-1,-1,-1,14,0,17,36,96
44,134,134,87,87,0,32,32,58,58,0,32,32,60,60,0,0.022465026039007456,0.022465026039007456,88,88,0,-1,3,3,2,20,91,23,89
45,0,0,1,1,0,0,0,1,1,0,0,0,1,1,0,0.0,0.0,1,1,0,-1,-1,-1,6,0,51,84,45
46,62,163,53,87,34,146,146,67,67,0,62,62,53,53,0,0.0033357159876101976,0.003369753905851118,51,51,0,5,2,2,12,6,3,70,68
47,58,1698,54,100,46,136,170,63,67,4,58,128,54,79,25,0.0026889955410327104,0.012628067667381462,48,71,23,1,2,2,16,4,9,64,13
48,2,208,28,92,64,8,20,32,35,3,2,20,28,50,22,0.00034037918240920387,0.006433166547533953,35,60,25,3,5,4,4,1,78,4,21
49,0,616,1,99,98,0,124,1,58,57,0,66,1,53,52,0.0,0.007692569522448007,1,57,56,2,-1,3,17,1,20,50,77
50,78,78,69,69,0,62,62,77,77,0,62,62,78,78,0,0.013070560604513427,0.013070560604513427,75,75,0,-1,2,2,3,7,58,48,80
51,42,42,50,50,0,176,176,69,69,0,40,40,47,47,0,0.00445896728956057,0.00445896728956057,52,52,0,-1,3,3,16,6,9,41,82
52,34,34,56,56,0,22,22,49,49,0,22,22,53,53,0,0.006535280302256714,0.006535280302256714,63,63,0,-1,3,3,2,7,90,62,89
53,92,298,75,99,24,48,48,64,64,0,48,48,66,66,0,0.01657646618332823,0.024473263215221756,80,87,7,3,3,3,3,12,85,37,19
54,106,106,84,84,0,62,62,80,80,0,62,62,80,80,0,0.018210286258892407,0.018210286258892407,82,82,0,-1,2,2,3,8,55,44,85
55,0,101,1,75,74,0,6,1,25,24,0,1,1,25,24,0.0,0.0,1,1,0,5,-1,6,6,1,34,45,95
56,0,616,1,100,99,0,46,1,41,40,0,46,1,53,52,0.0,0.011981347220803976,1,72,71,2,-1,3,6,0,74,93,6
57,10,112,39,85,46,8,8,32,32,0,8,8,38,38,0,0.0012253650566731338,0.002484768031587188,39,45,6,4,4,4,2,3,95,43,53
58,290,290,95,95,0,134,134,91,91,0,134,134,92,92,0,0.03151911229109228,0.03151911229109228,93,93,0,-1,2,2,6,27,71,10,67
59,0,206,1,94,93,0,10,1,30,29,0,10,1,38,37,0.0,0.002757071377514551,1,49,48,3,-1,4,3,0,66,81,73
60,0,206,1,92,91,0,12,1,32,31,0,7,1,36,35,0.0,0.0014295925661186562,1,41,40,3,-1,4,4,0,78,92,52
61,158,364,90,100,10,72,72,80,80,0,72,72,80,80,0,0.02365635317743967,0.029340685523673374,88,88,0,3,2,2,3,20,76,23,34
62,0,0,1,1,0,0,0,1,1,0,0,0,1,1,0,0.0,0.0,1,1,0,-1,-1,-1,2,0,86,79,89
63,0,0,1,1,0,0,0,1,1,0,0,0,1,1,0,0.0,0.0,1,1,0,-1,-1,-1,4,0,83,66,40
64,222,222,94,94,0,206,206,95,95,0,206,206,96,96,0,0.02307770856734402,0.02307770856734402,84,84,0,-1,2,2,9,16,35,18,89
65,0,0,1,1,0,0,0,1,1,0,0,0,1,1,0,0.0,0.0,1,1,0,-1,-1,-1,3,0,58,99,85
66,0,102,1,81,80,0,6,1,29,28,0,6,1,31,30,0.0,0.002144388849177984,1,46,45,4,-1,5,3,0,81,99,41
67,16,632,34,100,66,108,118,60,62,2,16,118,34,77,43,0.0019741992579733825,0.010007147962830594,43,71,28,2,3,3,8,1,42,53,27
68,371,473,97,98,1,184,184,96,96,0,184,184,96,96,0,0.03713536880084414,0.03713536880084414,92,92,0,4,2,2,7,29,46,0,95
69,16,222,45,94,49,22,22,49,49,0,16,22,48,52,4,0.0024507301133462676,0.009905034208107831,48,71,23,3,3,3,2,1,90,53,14
70,16,16,37,37,0,126,126,64,64,0,16,16,37,37,0,0.002825147213996392,0.002825147213996392,48,48,0,-1,3,3,11,3,19,46,50
71,48,254,56,97,41,18,18,38,38,0,18,18,44,44,0,0.009360427516253106,0.018925082541951733,68,84,16,3,4,4,3,8,96,8,32
72,0,206,1,93,92,0,12,1,35,34,0,12,1,36,35,0.0,0.010994247591817285,1,73,72,3,-1,4,2,0,68,86,18
73,40,142,54,87,33,48,48,70,70,0,40,44,70,70,0,0.006841621566424997,0.006943735321147759,60,60,0,4,2,2,3,1,94,55,56
74,40,40,50,50,0,86,86,54,54,0,40,40,50,50,0,0.004731270635487933,0.004731270635487933,53,53,0,-1,2,2,7,2,43,94,91
75,0,0,1,1,0,0,0,1,1,0,0,0,1,1,0,0.0,0.0,1,1,0,-1,-1,-1,7,0,46,67,98
76,16,16,33,33,0,186,186,66,66,0,16,16,33,33,0,0.0031314884781646754,0.0031314884781646754,47,47,0,-1,3,3,16,3,4,46,67
77,48,150,69,93,24,46,46,87,87,0,46,46,88,88,0,0.0176997174852786,0.018857006705469893,82,83,1,4,2,2,2,6,97,73,94
78,0,616,1,100,99,0,38,1,54,53,0,38,1,57,56,0.0,0.01412573606998196,1,77,76,2,-1,3,3,0,76,82,14
79,197,197,90,90,0,192,192,93,93,0,192,192,94,94,0,0.01844855168657885,0.01844855168657885,79,79,0,-1,2,2,9,15,35,19,76
80,420,522,100,100,0,280,280,100,100,0,280,280,100,100,0,0.036624800027230335,0.03672691378195309,93,93,0,4,2,2,10,27,36,10,55
81,146,247,84,95,11,134,134,92,92,0,134,134,93,93,0,0.01872085503250621,0.01872085503250621,80,80,0,6,2,2,6,9,65,39,58
82,42,42,50,50,0,84,84,64,64,0,42,42,51,51,0,0.003199564314646516,0.003199564314646516,48,48,0,-1,2,2,5,2,50,61,85
83,48,254,61,95,34,28,28,44,44,0,28,28,51,51,0,0.007113924912352361,0.009122162088566664,64,69,5,3,3,3,3,7,92,48,53
84,0,1640,1,100,99,0,126,1,62,61,0,126,1,79,78,0.0,0.022294836447802852,1,86,85,1,-1,2,12,0,6,59,16
85,0,101,1,84,83,0,3,1,23,22,0,1,1,23,22,0.0,6.807583648184077e-05,1,27,26,5,-1,6,3,0,92,59,95
86,56,1696,61,100,39,118,142,69,78,9,56,142,61,84,23,0.005207801490860819,0.03223390857415161,57,89,32,1,3,2,8,6,57,28,15
87,36,652,56,100,44,28,38,46,60,14,28,38,53,62,9,0.004765308553728854,0.014908608189523128,57,76,19,2,3,3,3,6,81,28,27
88,0,101,1,79,78,0,3,1,25,24,0,1,1,25,24,0.0,0.0,1,1,0,5,-1,6,3,0,94,89,68
89,104,720,71,100,29,182,182,82,82,0,104,182,71,87,16,0.011232513019503728,0.015146873617209572,72,77,5,2,2,2,9,5,28,25,13
90,28,129,46,83,37,68,68,42,42,0,28,29,46,46,0,0.0024507301133462676,0.002552843868069029,46,46,0,6,3,3,8,3,39,54,58
91,324,324,98,98,0,144,144,91,91,0,144,144,91,91,0,0.036590762108989414,0.036590762108989414,95,95,0,-1,2,2,6,27,74,10,86
92,202,1842,92,100,8,158,182,82,90,8,158,182,87,91,4,0.020150447598624867,0.03417406991388407,83,92,9,1,2,2,9,18,35,5,26
93,22,123,45,82,37,38,38,39,39,0,22,23,45,47,2,0.0013615167296368155,0.0013955546478777359,40,40,0,5,3,3,6,3,74,51,68
94,6,622,29,100,71,44,116,33,55,22,6,90,29,57,28,0.0002042275094455223,0.009496579189216788,33,68,35,2,4,3,14,1,16,4,27
95,16,16,34,34,0,110,110,60,60,0,16,16,34,34,0,0.0019741992579733825,0.0019741992579733825,43,43,0,-1,3,3,10,1,11,53,36
96,0,0,1,1,0,0,0,1,1,0,0,0,1,1,0,0.0,0.0,1,1,0,-1,-1,-1,3,0,85,40,96
97,100,100,61,61,0,100,100,44,44,0,100,100,61,61,0,0.06443377923006229,0.06443377923006229,100,100,0,-1,1,1,12,36,6,2,98
98,2,2,27,27,0,12,12,27,27,0,2,2,27,27,0,6.807583648184077e-05,6.807583648184077e-05,27,27,0,-1,5,5,11,1,19,78,99
99,18,120,41,78,37,54,54,38,38,0,18,20,41,42,1,0.0005105687736138058,0.0005446066918547262,35,36,1,4,3,3,10,2,12,63,4
100,8,214,36,91,55,44,48,36,38,2,8,26,36,50,14,0.000442492937131965,0.004118588107151367,36,52,16,3,4,4,8,2,57,56,22
101,0,0,1,1,0,0,0,1,1,0,0,0,1,1,0,0.0,0.0,1,1,0,-1,-1,-1,2,0,98,81,82
102,32,648,47,100,53,66,76,49,53,4,32,76,47,59,12,0.0038462847612240037,0.018380475850097007,51,82,31,2,3,3,6,3,41,29,23
103,16,632,33,100,67,66,76,44,48,4,16,76,33,55,22,0.0018380475850097008,0.010211375472276116,42,68,26,2,3,3,6,1,40,53,77
104,0,102,1,75,74,0,7,1,25,24,0,2,1,25,24,0.0,3.4037918240920386e-05,1,26,25,4,-1,5,6,0,59,98,65
105,100,100,69,69,0,100,100,87,87,0,100,100,87,87,0,0.06341264168283468,0.06759930562646789,100,100,0,2,1,1,4,18,83,5,47
106,114,730,84,100,16,38,48,47,58,11,38,48,53,62,9,0.013547091459886314,0.031655263964055956,79,93,14,2,3,3,3,14,75,32,23
107,100,100,59,59,0,100,100,40,40,0,100,100,59,59,0,0.018312400013615168,0.0333911977943429,81,91,10,1,1,1,15,6,7,26,33
108,626,626,100,100,0,384,384,100,100,0,384,384,100,100,0,0.05207801490860819,0.05207801490860819,99,99,0,-1,2,2,12,36,14,2,40
109,100,100,65,65,0,100,100,75,75,0,100,100,77,77,0,0.03968821266891317,0.03968821266891317,93,93,0,-1,1,1,5,7,61,48,76
110,0,1640,1,100,99,0,96,1,55,54,0,96,1,67,66,0.0,0.03243813608359713,1,93,92,1,-1,2,7,0,43,86,9
111,12,628,38,100,62,50,64,40,42,2,12,64,38,57,19,0.001940161339732462,0.011334626774226489,42,69,27,2,4,3,9,2,26,75,19
112,150,150,84,84,0,176,176,85,85,0,150,150,87,87,0,0.014261887742945642,0.014261887742945642,77,77,0,-1,2,2,8,8,30,20,86
113,100,100,78,78,0,100,100,96,96,0,100,100,96,96,0,0.05565199632390483,0.05589026175159127,98,98,0,4,1,1,3,8,81,57,60
114,60,60,54,54,0,110,110,62,62,0,60,60,54,54,0,0.005412029000306341,0.005412029000306341,57,57,0,-1,3,3,10,6,22,28,96
115,0,206,1,94,93,0,18,1,35,34,0,18,1,44,43,0.0,0.003267640151128357,1,50,49,3,-1,4,3,1,66,50,22
116,50,152,58,84,26,102,102,66,66,0,50,54,58,59,1,0.007658531604207087,0.008101024541339052,63,64,1,4,2,2,8,6,57,73,51
117,0,206,1,96,95,0,18,1,35,34,0,12,1,36,35,0.0,0.003199564314646516,1,50,49,3,-1,4,3,0,75,82,29
118,238,444,92,98,6,320,320,96,96,0,238,244,92,92,0,0.01783586915824228,0.019912182170938427,79,81,2,3,2,2,14,13,8,33,46
119,61,61,63,63,0,68,68,76,76,0,68,68,76,76,0,0.008747744987916539,0.008747744987916539,66,66,0,-1,2,2,4,6,84,35,36
120,80,286,58,97,39,130,130,65,65,0,80,92,58,62,4,0.006092787365124749,0.007726607440688927,57,61,4,3,3,3,10,6,36,26,75
121,0,0,1,1,0,0,0,1,1,0,0,0,1,1,0,0.0,0.0,1,1,0,-1,-1,-1,4,0,53,99,66
122,144,144,84,84,0,182,182,87,87,0,144,144,82,82,0,0.010926171755335444,0.010926171755335444,73,73,0,-1,2,2,9,7,31,21,89
123,108,724,78,100,22,182,182,87,87,0,108,182,78,91,13,0.011130399264780965,0.038428809693999116,70,96,26,2,2,2,9,5,23,25,3
124,0,616,1,100,99,0,48,1,37,36,0,32,1,44,43,0.0,0.007386228258279724,1,57,56,2,-1,3,7,0,46,98,25
125,6,622,31,100,69,19,68,31,42,11,6,68,31,62,31,0.0002382654276864427,0.020524864699274992,33,83,50,2,4,3,8,1,57,60,7
126,8,624,40,100,60,8,18,34,47,13,8,18,40,48,8,0.000442492937131965,0.012151536812008578,36,71,35,2,4,3,2,2,93,63,8
127,128,744,79,100,21,290,290,83,83,0,128,185,79,86,7,0.008713707069675619,0.014466115252391163,60,73,13,2,2,2,17,6,20,26,57
128,82,288,69,96,27,54,54,55,55,0,54,54,60,60,0,0.011947309302563056,0.014534191088873005,71,76,5,3,3,3,4,8,84,17,90
129,60,676,61,100,39,80,80,70,70,0,60,80,62,73,11,0.010619830491167161,0.027877055039313797,72,90,18,2,3,3,5,5,45,25,23
130,90,192,61,88,27,122,122,66,66,0,90,92,61,61,0,0.008951972497362062,0.009326389598012186,66,67,1,4,2,2,8,6,42,34,88
131,100,100,60,60,0,100,100,52,52,0,100,100,60,60,0,0.030497974743864665,0.05425644167602709,90,98,8,1,1,1,9,14,29,32,12
132,22,228,45,92,47,66,66,49,49,0,22,66,45,58,13,0.0019061234214915416,0.0051397256543789785,44,57,13,3,3,3,6,2,44,61,28
133,0,206,1,92,91,0,22,1,33,32,0,22,1,43,42,0.0,0.005071649817897137,1,52,51,3,-1,4,5,1,37,50,31
134,22,228,41,92,51,42,42,36,36,0,22,46,41,49,8,0.0015317063208414173,0.005922597773920147,38,56,18,3,3,3,6,3,56,51,72
135,215,421,96,100,4,72,72,84,84,0,72,72,84,84,0,0.03703325504612138,0.038360733857517273,94,94,0,3,2,2,3,29,81,0,53
136,0,101,1,72,71,0,5,1,24,23,0,1,1,24,23,0.0,6.807583648184077e-05,1,26,25,5,-1,6,5,0,61,92,78
137,16,16,35,35,0,100,100,45,45,0,16,16,35,35,0,0.0026549576227917903,0.0026549576227917903,47,47,0,-1,3,3,10,2,1,94,82
138,1,617,25,100,75,2,22,25,46,21,1,22,25,51,26,3.4037918240920386e-05,0.017427414139351238,27,81,54,2,6,3,2,2,89,58,9
139,214,830,93,100,7,150,160,85,93,8,150,160,89,94,5,0.025766704108376733,0.0337315769767521,89,90,1,2,2,2,7,15,46,16,28
140,100,100,72,72,0,100,100,77,77,0,100,100,77,77,0,0.04350045951189625,0.04452159705912386,97,97,0,3,1,1,6,12,69,37,61
141,0,616,1,100,99,0,64,1,41,40,0,64,1,56,55,0.0,0.014568229007113924,1,76,75,2,-1,3,9,0,35,92,16
142,135,341,84,97,13,128,128,90,90,0,128,128,90,90,0,0.01242384015793594,0.025188059498281085,73,89,16,3,2,2,5,8,63,44,30
143,100,100,70,70,0,100,100,53,53,0,100,100,70,70,0,0.035025017869907075,0.04101569148030906,90,96,6,2,1,1,9,15,31,19,62
144,24,224,49,99,50,22,22,54,54,0,22,22,54,54,0,0.005037611899656217,0.010313489226998877,55,69,14,3,3,3,2,6,99,73,26
145,0,0,1,1,0,0,0,1,1,0,0,0,1,1,0,0.0,0.0,1,1,0,-1,-1,-1,9,0,29,80,93
146,6,622,30,100,70,12,44,30,47,17,6,44,30,53,23,0.00017018959120460194,0.012287688484972258,30,75,45,2,4,3,4,1,83,60,19
147,0,616,1,100,99,0,42,1,38,37,0,28,1,48,47,0.0,0.004629156880765172,1,52,51,2,-1,3,6,0,59,84,28
148,58,160,66,89,23,28,28,45,45,0,28,28,49,49,0,0.008169100377820893,0.009020048333843901,66,67,1,4,3,3,3,7,60,48,71
149,180,180,90,90,0,120,120,90,90,0,120,120,90,90,0,0.022567139793730217,0.022567139793730217,82,82,0,-1,2,2,6,17,69,6,45
150,0,102,1,80,79,0,4,1,27,26,0,3,1,30,29,0.0,0.00030634126416828345,1,32,31,4,-1,5,3,0,55,85,56
151,0,101,1,80,79,0,4,1,25,24,0,1,1,25,24,0.0,0.0,1,1,0,6,-1,7,4,0,73,36,58
152,0,616,1,100,99,0,28,1,42,41,0,28,1,49,48,0.0,0.005956635692161067,1,57,56,2,-1,3,3,1,75,45,47
153,0,206,1,94,93,0,12,1,29,28,0,6,1,29,28,0.0,0.00088498587426393,1,37,36,3,-1,4,4,0,53,59,71
154,126,228,82,93,11,108,108,69,69,0,108,108,77,77,0,0.008543517478471017,0.00878178290615746,66,66,0,4,3,3,8,13,39,24,56
155,100,100,65,65,0,100,100,47,47,0,100,100,65,65,0,0.023179822322066782,0.05973654651281528,84,100,16,1,1,1,11,9,38,31,2
156,2,208,29,92,63,9,30,30,38,8,2,30,29,48,19,0.0002042275094455223,0.006126825283365669,32,56,24,3,5,4,5,1,88,60,25
157,6,6,32,32,0,26,26,36,36,0,6,6,32,32,0,0.0002382654276864427,0.0002382654276864427,32,32,0,-1,4,4,5,1,45,49,92
158,0,616,1,100,99,0,28,1,42,41,0,28,1,49,48,0.0,0.0061949011198475104,1,59,58,2,-1,3,3,1,75,69,72
159,0,616,1,100,99,0,38,1,37,36,0,32,1,47,46,0.0,0.0040845501889104465,1,50,49,2,-1,3,6,0,48,85,47
160,116,116,75,75,0,136,136,77,77,0,116,116,76,76,0,0.014329963579427483,0.014329963579427483,75,75,0,-1,2,2,7,8,24,20,79
161,56,1696,55,100,45,84,118,66,87,21,56,118,55,88,33,0.0068075836481840775,0.03264236359304265,59,89,30,1,2,2,5,3,61,29,48
162,296,397,97,100,3,120,120,83,83,0,120,120,85,85,0,0.032914666938970015,0.032914666938970015,93,93,0,5,2,2,6,27,59,10,68
163,29,645,48,100,52,40,50,44,46,2,29,50,48,53,5,0.004220701861874128,0.00970080669866231,51,69,18,2,3,3,5,4,88,22,83
164,0,206,1,93,92,0,10,1,31,30,0,10,1,37,36,0.0,0.0042547397801150485,1,52,51,3,-1,4,3,0,58,36,72
165,67,67,62,62,0,54,54,53,53,0,54,54,57,57,0,0.007522379931243405,0.007522379931243405,63,63,0,-1,3,3,4,8,79,44,93
166,0,0,1,1,0,0,0,1,1,0,0,0,1,1,0,0.0,0.0,1,1,0,-1,-1,-1,7,0,62,59,79
167,42,42,54,54,0,100,100,48,48,0,40,40,50,50,0,0.0028591851322373124,0.0028591851322373124,51,51,0,-1,3,3,10,6,11,41,96
168,0,102,1,84,83,0,4,1,28,27,0,4,1,31,30,0.0,0.002723033459273631,1,48,47,4,-1,5,2,0,98,86,35
169,12,12,37,37,0,28,28,34,34,0,12,12,37,37,0,0.0011913271384322134,0.0011913271384322134,40,40,0,-1,4,4,6,3,32,51,93
170,0,616,1,100,99,0,34,1,45,44,0,34,1,51,50,0.0,0.02028659927158855,1,83,82,2,-1,3,4,0,73,86,7
171,122,122,79,79,0,110,110,76,76,0,110,110,81,81,0,0.016099935327955343,0.016099935327955343,81,81,0,-1,2,2,6,9,59,39,50
172,136,752,81,100,19,110,110,72,72,0,110,110,76,76,0,0.01143674052894925,0.018925082541951733,71,82,11,2,2,2,6,8,40,17,25
173,16,222,43,93,50,30,30,45,45,0,16,30,44,54,10,0.0007488342013002485,0.004595118962524252,38,53,15,3,3,3,4,2,77,42,13
174,211,411,97,100,3,56,56,84,84,0,56,56,85,85,0,0.036760951700194014,0.04384083869430545,95,96,1,3,2,2,2,29,98,0,14
175,421,627,99,100,1,152,152,96,96,0,152,152,96,96,0,0.052724735355185674,0.054222403757786176,99,99,0,3,2,2,5,36,80,2,51
176,100,100,62,62,0,100,100,43,43,0,100,100,62,62,0,0.016372238673882704,0.020763130126961436,78,82,4,2,1,1,12,6,14,70,26
177,315,1915,96,100,4,350,350,98,98,0,315,350,96,98,2,0.027264372510977228,0.03441233534157051,89,92,3,1,2,2,15,20,7,23,72
178,254,870,94,100,6,176,176,85,85,0,176,176,89,89,0,0.025834779944858572,0.033833690731474866,87,91,4,2,2,2,8,15,30,16,27
179,22,228,41,91,50,110,110,59,59,0,22,28,41,45,4,0.0018040096667687805,0.0034718676605738795,43,51,8,3,3,3,10,2,18,61,94
180,32,134,50,87,37,38,38,46,46,0,32,38,50,50,0,0.00445896728956057,0.005718370264474625,52,55,3,4,3,3,3,3,96,29,75
181,44,44,66,66,0,12,12,39,39,0,12,12,44,44,0,0.008203138296061813,0.008203138296061813,66,66,0,-1,4,4,2,8,97,8,66
182,0,616,1,100,99,0,68,1,41,40,0,54,1,57,56,0.0,0.00970080669866231,1,69,68,2,-1,3,8,1,39,69,20
183,216,216,90,90,0,128,128,90,90,0,128,128,90,90,0,0.02028659927158855,0.02028659927158855,83,83,0,-1,2,2,5,18,61,5,86
184,10,216,41,93,52,18,18,38,38,0,10,18,41,46,5,0.0013274788113958951,0.014908608189523128,41,78,37,3,4,4,3,3,85,43,15
185,0,206,1,92,91,0,20,1,31,30,0,16,1,38,37,0.0,0.00442492937131965,1,51,50,3,-1,4,6,0,69,87,62
186,12,628,33,100,67,48,82,35,41,6,12,82,33,62,29,0.0009190237925048504,0.010347527145239796,39,70,31,2,4,3,10,3,12,51,8
187,0,1640,1,100,99,0,154,1,62,61,0,137,1,78,77,0.0,0.021409850573538922,1,84,83,1,-1,2,15,0,7,79,16
188,74,690,56,100,44,168,198,67,72,5,68,144,54,83,29,0.0053099152455835805,0.013036522686272508,56,69,13,2,2,2,14,6,25,41,21
189,250,456,95,100,5,96,96,91,91,0,96,96,91,91,0,0.03512713162462984,0.03604615541713469,92,92,0,3,2,2,3,22,76,9,74
190,82,82,59,59,0,174,174,73,73,0,82,82,59,59,0,0.0045270431260424114,0.0045270431260424114,56,56,0,-1,2,2,11,6,19,70,85
191,88,1728,63,100,37,184,208,78,85,7,88,208,63,88,25,0.006943735321147759,0.022226760611321013,57,86,29,1,2,2,11,4,33,22,31
192,0,1640,1,100,99,0,70,1,38,37,0,40,1,45,44,0.0,0.012832295176826986,1,73,72,1,-1,2,10,0,0,67,46
193,0,0,1,1,0,0,0,1,1,0,0,0,1,1,0,0.0,0.0,1,1,0,-1,-1,-1,3,0,82,99,59
194,0,0,1,1,0,0,0,1,1,0,0,0,1,1,0,0.0,0.0,1,1,0,-1,-1,-1,8,0,15,84,99
195,112,728,75,100,25,210,220,78,81,3,112,164,75,87,12,0.008135062459579971,0.015453214881377854,64,77,13,2,2,2,12,4,6,72,25
196,22,22,46,46,0,22,22,42,42,0,22,22,45,45,0,0.0017359338302869397,0.0017359338302869397,41,41,0,-1,3,3,2,2,91,61,93
197,0,0,1,1,0,0,0,1,1,0,0,0,1,1,0,0.0,0.0,1,1,0,-1,-1,-1,14,0,17,93,40
198,23,125,53,83,30,38,38,49,49,0,23,38,53,53,0,0.002314578440382586,0.0023486163586235067,49,49,0,4,3,3,3,4,87,64,95
199,0,206,1,92,91,0,10,1,31,30,0,8,1,36,35,0.0,0.0011232513019503727,1,39,38,3,-1,4,3,0,76,92,43
200,0,206,1,88,87,0,34,1,33,32,0,26,1,45,44,0.0,0.0037441710065012424,1,50,49,3,-1,4,7,1,24,69,28
201,0,0,1,1,0,0,0,1,1,0,0,0,1,1,0,0.0,0.0,1,1,0,-1,-1,-1,7,0,62,36,59
202,50,152,58,89,31,28,28,45,45,0,28,28,49,49,0,0.005480104836788182,0.00622893903808843,54,55,1,4,3,3,3,6,60,28,71
203,202,202,93,93,0,72,72,86,86,0,72,72,86,86,0,0.03179141563701964,0.03179141563701964,90,90,0,-1,2,2,3,22,92,9,87
204,24,125,49,87,38,38,38,52,52,0,24,38,49,54,5,0.0027911092957554717,0.002825147213996392,50,50,0,5,3,3,3,6,66,70,78
205,0,616,1,100,99,0,72,1,52,51,0,72,1,58,57,0.0,0.025154021580040164,1,88,87,2,-1,3,6,0,41,80,0
206,90,90,68,68,0,100,100,68,68,0,90,90,68,68,0,0.006637394056979475,0.006637394056979475,61,61,0,-1,2,2,6,6,48,13,87
207,162,368,86,98,12,158,158,80,80,0,158,158,86,86,0,0.016133973246196264,0.020048333843902106,79,84,5,3,2,2,9,13,23,33,72
208,100,100,61,61,0,100,100,43,43,0,100,100,61,61,0,0.03015759556145546,0.030497974743864665,90,90,0,4,1,1,12,12,2,37,63
209,114,114,76,76,0,100,100,70,70,0,100,100,72,72,0,0.01143674052894925,0.01143674052894925,69,69,0,-1,2,2,6,9,65,31,86
210,188,394,92,100,8,48,48,63,63,0,48,48,64,64,0,0.0230436706491031,0.02825147213996392,86,89,3,3,3,3,3,19,82,15,24
211,42,42,59,59,0,46,46,81,81,0,42,42,81,81,0,0.012968446849790666,0.012968446849790666,77,77,0,-1,2,2,2,2,90,75,40
212,92,92,75,75,0,32,32,58,58,0,32,32,59,59,0,0.012015385139044895,0.012015385139044895,75,75,0,-1,3,3,2,8,68,17,96
213,182,798,85,100,15,248,248,81,81,0,182,248,85,94,9,0.010994247591817285,0.023724429013921508,66,85,19,2,2,2,15,9,7,31,6
214,0,616,1,99,98,0,68,1,35,34,0,68,1,54,53,0.0,0.011811157629599374,1,73,72,2,-1,3,11,0,5,67,12
215,114,216,87,96,9,56,56,88,88,0,56,56,88,88,0,0.020695054290479593,0.025154021580040164,85,87,2,4,2,2,2,9,93,31,57
216,2,208,28,92,64,6,22,28,33,5,2,22,28,47,19,6.807583648184077e-05,0.007828721195411689,28,66,38,3,5,4,5,1,70,68,8
217,397,499,100,100,0,112,112,93,93,0,112,112,93,93,0,0.05051227066952585,0.050614384424248614,96,96,0,4,2,2,4,36,79,2,55
218,90,90,68,68,0,60,60,51,51,0,60,60,57,57,0,0.00803294870485721,0.00803294870485721,64,64,0,-1,3,3,5,9,37,31,87
219,173,379,92,99,7,72,72,80,80,0,72,72,80,80,0,0.025222097416522007,0.03226794649239253,89,92,3,3,2,2,3,16,66,18,77
220,80,80,69,69,0,60,60,52,52,0,60,60,62,62,0,0.008101024541339052,0.008101024541339052,65,65,0,-1,3,3,5,9,45,31,86
221,281,487,96,100,4,104,104,80,80,0,104,104,81,81,0,0.0335613873855475,0.03805439259334899,92,94,2,3,2,2,5,29,63,11,38
222,28,1668,43,100,57,126,190,59,70,11,28,190,43,84,41,0.0024166921951053475,0.030225671397937304,46,93,47,1,3,2,16,3,9,54,7
223,0,0,1,1,0,0,0,1,1,0,0,0,1,1,0,0.0,0.0,1,1,0,-1,-1,-1,2,1,99,50,97
224,160,360,91,99,8,48,48,64,64,0,48,48,66,66,0,0.019027196296674494,0.03448041117805235,83,93,10,3,3,3,3,19,85,15,9
225,22,638,38,100,62,80,100,42,44,2,22,100,38,58,20,0.0012594029749140542,0.014432077334150244,39,78,39,2,3,3,10,2,0,74,12
226,0,101,1,79,78,0,3,1,25,24,0,1,1,25,24,0.0,0.00013615167296368154,1,28,27,5,-1,6,3,0,94,98,88
227,98,714,59,100,41,222,252,77,84,7,98,252,59,90,31,0.007216038667075122,0.022226760611321013,59,84,25,2,2,2,14,4,25,22,15
228,0,102,1,76,75,0,19,1,27,26,0,5,1,27,26,0.0,0.0009530617107457708,1,37,36,4,-1,5,10,0,36,85,43
229,140,346,84,99,15,54,54,56,56,0,54,54,57,57,0,0.014261887742945642,0.017257224548146634,76,80,4,3,3,3,4,15,67,19,35
230,80,286,59,94,35,140,140,69,69,0,80,88,59,60,1,0.006569318220497634,0.007522379931243405,59,62,3,3,3,3,10,6,22,26,51
231,0,102,1,84,83,0,4,1,28,27,0,4,1,31,30,0.0,0.0028591851322373124,1,51,50,4,-1,5,2,0,98,97,28
232,130,746,80,100,20,86,86,56,56,0,86,86,62,62,0,0.014534191088873005,0.04343238367541441,78,96,18,2,3,3,6,15,51,19,3
233,126,332,78,98,20,206,206,75,75,0,126,141,78,85,7,0.012764219340345145,0.015248987371932332,73,75,2,3,2,2,12,8,14,17,73
234,100,100,65,65,0,100,100,47,47,0,100,100,65,65,0,0.059498281085128835,0.06610163722386739,99,100,1,2,1,1,11,40,38,3,27
235,77,283,68,96,28,62,62,77,77,0,62,62,78,78,0,0.010858095918853602,0.013581129378127233,67,76,9,3,2,2,3,8,58,57,90
236,46,662,53,100,47,64,84,57,76,19,46,84,52,77,25,0.004935498144933456,0.020933319718166036,52,84,32,2,2,2,5,2,88,52,23
237,217,833,92,100,8,196,216,94,96,2,196,216,94,96,2,0.02556247659893121,0.04009666768780421,89,95,6,2,2,2,9,16,26,18,37
238,0,206,1,88,87,0,17,1,29,28,0,8,1,33,32,0.0,0.0010892133837094523,1,38,37,3,-1,4,7,0,24,92,51
239,84,1724,57,100,43,164,188,73,80,7,84,188,57,88,31,0.011164437183021887,0.032029681064706085,70,92,22,1,2,2,10,5,18,25,30
240,119,119,87,87,0,46,46,83,83,0,46,46,83,83,0,0.019367575479083698,0.019367575479083698,82,82,0,-1,2,2,2,18,99,5,82
241,290,496,95,100,5,118,118,92,92,0,118,118,92,92,0,0.03461656285101603,0.0368971033731577,91,93,2,3,2,2,5,27,88,10,90
242,6,212,33,96,63,12,12,35,35,0,6,12,33,42,9,0.001599782157323258,0.008543517478471017,44,65,21,3,4,4,2,1,86,53,32
243,12,1652,33,100,67,52,124,37,62,25,12,124,33,77,44,0.0008509479560230097,0.03424214575036591,38,93,55,1,4,2,10,2,12,74,0
244,202,818,92,100,8,136,136,98,98,0,136,136,98,98,0,0.0283876238129276,0.041049729398549985,89,94,5,2,2,2,4,18,47,30,14
245,97,713,74,100,26,48,48,54,54,0,48,48,56,56,0,0.014227849824704722,0.02920453385070969,78,90,12,2,3,3,3,13,87,33,12
246,112,112,75,75,0,190,190,78,78,0,112,112,75,75,0,0.009258313761530345,0.009258313761530345,65,65,0,-1,2,2,12,4,2,38,76
247,0,206,1,93,92,0,12,1,35,34,0,12,1,36,35,0.0,0.012764219340345145,1,77,76,3,-1,4,2,0,68,84,6
248,0,616,1,100,99,0,56,1,41,40,0,56,1,53,52,0.0,0.01943565131556554,1,81,80,2,-1,3,6,0,51,82,9
249,151,151,92,92,0,56,56,84,84,0,56,56,84,84,0,0.028523775485891283,0.028523775485891283,92,92,0,-1,2,2,2,15,86,16,98
250,22,638,43,100,57,80,84,44,45,1,22,44,43,49,6,0.0028932230504782326,0.005786446100956465,49,55,6,2,3,3,9,2,54,75,52
251,90,296,64,95,31,94,94,68,68,0,94,94,71,71,0,0.00891793457912114,0.015112835698968652,68,77,9,3,2,2,5,6,50,34,31
252,58,58,58,58,0,110,110,77,77,0,58,58,58,58,0,0.004765308553728854,0.004765308553728854,56,56,0,-1,2,2,6,6,44,70,92
253,539,641,99,100,1,350,350,98,98,0,350,350,98,98,0,0.03693114129139862,0.03693114129139862,93,93,0,4,2,2,12,29,3,1,95
254,63,663,60,100,40,110,110,80,80,0,63,110,60,82,22,0.0061949011198475104,0.021375812655298,57,85,28,2,2,2,6,4,48,22,16
255,108,108,85,85,0,48,48,65,65,0,48,48,68,68,0,0.012151536812008578,0.012151536812008578,76,76,0,-1,3,3,3,14,66,14,76
256,6,212,29,90,61,25,68,29,34,5,6,54,29,50,21,0.00037441710065012424,0.005786446100956465,32,56,24,3,4,4,12,1,3,55,24
257,0,616,1,100,99,0,62,1,36,35,0,44,1,51,50,0.0,0.004833384390210695,1,55,54,2,-1,3,10,0,18,97,48
258,100,100,71,71,0,100,100,76,76,0,100,100,77,77,0,0.059838660267538035,0.06681643350692672,98,99,1,3,1,1,5,22,50,9,14
259,116,116,78,78,0,120,120,79,79,0,120,120,81,81,0,0.01415977398822288,0.01415977398822288,78,78,0,-1,2,2,6,8,44,17,93
260,6,107,34,85,51,12,12,39,39,0,6,7,34,39,5,0.0029612988869600733,0.0030293747234419145,48,48,0,5,4,4,2,1,93,90,95
261,49,49,54,54,0,62,62,46,46,0,49,49,54,54,0,0.003914360597705844,0.003914360597705844,50,50,0,-1,3,3,7,4,62,22,80
262,6,6,27,27,0,21,21,28,28,0,6,6,27,27,0,0.00010211375472276115,0.00010211375472276115,28,28,0,-1,4,4,14,2,25,58,84
263,0,0,1,1,0,0,0,1,1,0,0,0,1,1,0,0.0,0.0,1,1,0,-1,-1,-1,17,0,20,85,86
264,16,16,34,34,0,82,82,40,40,0,16,16,34,34,0,0.0029612988869600733,0.0029612988869600733,49,49,0,-1,3,3,12,3,2,46,45
265,136,342,87,99,12,102,102,93,93,0,102,102,93,93,0,0.019639878825011062,0.023588277340957826,82,85,3,3,2,2,4,8,84,8,28
266,92,298,69,99,30,58,58,66,66,0,58,58,67,67,0,0.014568229007113924,0.034140031995643146,77,92,15,3,2,2,4,8,67,8,10
267,0,206,1,88,87,0,20,1,32,31,0,10,1,34,33,0.0,0.00088498587426393,1,38,37,3,-1,4,6,1,41,45,43
268,12,12,36,36,0,32,32,37,37,0,12,12,36,36,0,0.00030634126416828345,0.00030634126416828345,35,35,0,-1,4,4,6,2,74,56,97
269,2,618,27,100,73,23,41,29,31,2,2,18,27,38,11,0.0002042275094455223,0.0018040096667687805,29,40,11,2,5,3,14,1,17,55,71
270,88,704,59,100,41,184,184,78,78,0,88,184,59,86,27,0.007250076585316042,0.029374723441914292,60,90,30,2,2,2,10,4,18,72,0
271,0,206,1,94,93,0,14,1,31,30,0,14,1,40,39,0.0,0.010449640899962559,1,73,72,3,-1,4,3,0,96,89,37
272,369,969,99,100,1,168,168,99,99,0,168,168,99,99,0,0.039994553933081455,0.045746962115797,96,97,1,2,2,2,6,29,74,1,25
273,212,212,94,94,0,136,136,99,99,0,136,136,99,99,0,0.03192756730998332,0.03192756730998332,91,91,0,-1,2,2,4,18,78,30,81
274,0,206,1,92,91,0,14,1,31,30,0,6,1,31,30,0.0,0.0020763130126961434,1,45,44,3,-1,4,3,1,87,69,46
275,76,76,63,63,0,64,64,63,63,0,64,64,64,64,0,0.009973110044589673,0.009973110044589673,71,71,0,-1,3,3,4,6,79,77,96
276,64,64,59,59,0,114,114,67,67,0,64,64,59,59,0,0.006569318220497634,0.006569318220497634,61,61,0,-1,3,3,9,4,23,72,82
277,126,228,80,93,13,238,238,90,90,0,126,128,80,80,0,0.010619830491167161,0.010824058000612683,67,68,1,4,2,2,11,4,19,72,88
278,0,0,1,1,0,0,0,1,1,0,0,0,1,1,0,0.0,0.0,1,1,0,-1,-1,-1,11,0,33,96,67
279,136,237,79,93,14,206,206,91,91,0,136,137,80,81,1,0.009598692943939549,0.009632730862180468,67,67,0,5,2,2,9,4,28,72,78
280,0,206,1,93,92,0,15,1,30,29,0,9,1,36,35,0.0,0.0011913271384322134,1,38,37,3,-1,4,6,0,34,40,43
281,0,616,1,99,98,0,92,1,41,40,0,50,1,55,54,0.0,0.007522379931243405,1,61,60,2,-1,3,11,0,19,96,72
282,132,132,91,91,0,32,32,71,71,0,32,32,71,71,0,0.01844855168657885,0.01844855168657885,81,81,0,-1,3,3,2,16,99,12,59
283,18,18,40,40,0,88,88,49,49,0,18,18,40,40,0,0.00176997174852786,0.00176997174852786,40,40,0,-1,3,3,8,2,27,61,80
284,0,616,1,100,99,0,30,1,44,43,0,30,1,54,53,0.0,0.006739507811702236,1,59,58,2,-1,3,4,0,77,79,57
285,6,6,27,27,0,24,24,30,30,0,6,6,27,27,0,0.0009190237925048504,0.0009190237925048504,35,35,0,-1,4,4,6,2,51,42,85
286,0,616,1,100,99,0,154,1,65,64,0,154,1,83,82,0.0,0.024575376969944517,1,88,87,2,-1,3,14,1,25,69,11
287,38,38,49,49,0,66,66,44,44,0,38,38,49,49,0,0.003199564314646516,0.003199564314646516,48,48,0,-1,3,3,6,6,40,70,80
288,88,88,61,61,0,122,122,69,69,0,88,88,61,61,0,0.007726607440688927,0.007726607440688927,62,62,0,-1,2,2,8,4,27,72,69
289,6,108,33,83,50,24,24,38,38,0,6,8,33,36,3,0.0028591851322373124,0.002995336805200994,50,50,0,4,4,4,4,1,73,90,4
290,0,0,1,1,0,0,0,1,1,0,0,0,1,1,0,0.0,0.0,1,1,0,-1,-1,-1,5,0,63,87,76
291,0,616,1,100,99,0,72,1,38,37,0,50,1,51,50,0.0,0.005241839409101739,1,55,54,2,-1,3,10,0,18,76,26
292,560,560,100,100,0,272,272,100,100,0,272,272,100,100,0,0.0489124885122026,0.0489124885122026,97,97,0,-1,2,2,8,40,30,3,40
293,0,616,1,100,99,0,66,1,36,35,0,34,1,46,45,0.0,0.005582218591510943,1,57,56,2,-1,3,10,1,22,45,38
294,22,22,41,41,0,70,70,41,41,0,22,22,41,41,0,0.0009190237925048504,0.0009190237925048504,37,37,0,-1,3,3,9,2,23,74,96
295,0,1640,1,100,99,0,54,1,61,60,0,54,1,67,66,0.0,0.03141699853636951,1,91,90,1,-1,2,4,1,72,50,34
296,0,102,1,75,74,0,20,1,26,25,0,2,1,25,24,0.0,0.0002382654276864427,1,30,29,4,-1,5,14,0,25,87,88
297,0,0,1,1,0,0,0,1,1,0,0,0,1,1,0,0.0,0.0,1,1,0,-1,-1,-1,7,0,24,84,87
298,0,0,1,1,0,0,0,1,1,0,0,0,1,1,0,0.0,0.0,1,1,0,-1,-1,-1,3,0,87,81,69
299,6,6,30,30,0,21,21,31,31,0,6,6,30,30,0,0.00013615167296368154,0.00013615167296368154,31,31,0,-1,4,4,9,1,35,4,97
300,0,206,1,87,86,0,21,1,28,27,0,8,1,34,33,0.0,0.0009530617107457708,1,37,36,3,-1,4,10,0,22,82,51
301,0,206,1,92,91,0,38,1,32,31,0,10,1,35,34,0.0,0.0013615167296368155,1,40,39,3,-1,4,11,0,19,76,54
302,122,328,86,98,12,56,56,76,76,0,56,56,77,77,0,0.018006058749446885,0.019707954661492902,84,85,1,3,2,2,2,14,68,14,94
303,68,170,65,92,27,56,56,80,80,0,56,56,81,81,0,0.011198475101262807,0.011368664692467409,72,72,0,4,2,2,2,4,91,72,4
304,45,45,56,56,0,38,38,51,51,0,38,38,54,54,0,0.005207801490860819,0.005207801490860819,53,53,0,-1,3,3,3,6,94,28,79
305,56,1696,54,100,46,196,220,73,81,8,56,149,54,85,31,0.005888559855679227,0.022839443139657578,57,85,28,1,2,2,12,3,6,29,24
306,0,206,1,96,95,0,18,1,35,34,0,18,1,44,43,0.0,0.003982436434187685,1,51,50,3,-1,4,3,0,75,98,13
307,0,616,1,100,99,0,58,1,38,37,0,36,1,45,44,0.0,0.004322815616596889,1,53,52,2,-1,3,8,0,42,89,26
308,0,0,1,1,0,0,0,1,1,0,0,0,1,1,0,0.0,0.0,1,1,0,-1,-1,-1,17,0,20,85,36
309,0,616,1,100,99,0,28,1,45,44,0,28,1,52,51,0.0,0.0156914803090643,1,78,77,2,-1,3,3,0,81,91,15
310,1,1,26,26,0,6,6,26,26,0,1,1,26,26,0,3.4037918240920386e-05,3.4037918240920386e-05,28,28,0,-1,6,6,6,1,41,78,67
311,40,656,48,100,52,114,164,60,76,16,40,164,48,83,35,0.005582218591510943,0.04006262976956329,56,93,37,2,2,2,10,1,12,90,3
312,2,104,26,73,47,8,10,26,28,2,2,4,26,28,2,0.0,0.00010211375472276115,1,28,27,4,5,5,7,1,43,68,4
313,371,371,98,98,0,128,128,92,92,0,128,128,92,92,0,0.03461656285101603,0.03461656285101603,92,92,0,-1,2,2,5,29,50,1,84
314,126,126,79,79,0,260,260,76,76,0,126,126,79,79,0,0.013138636440995268,0.013138636440995268,71,71,0,-1,2,2,16,8,9,17,45
315,0,206,1,93,92,0,22,1,34,33,0,17,1,44,43,0.0,0.003165526396405596,1,49,48,3,-1,4,5,0,49,36,28
316,91,691,82,100,18,32,32,67,67,0,32,32,68,68,0,0.01851662752306069,0.03315293236665646,83,94,11,2,3,3,2,16,97,18,12
317,2,618,28,100,72,9,60,30,54,24,2,60,28,59,31,6.807583648184077e-05,0.02917049593246877,28,88,60,2,5,3,5,1,70,55,11
318,68,274,65,98,33,56,56,80,80,0,56,56,81,81,0,0.010892133837094524,0.018925082541951733,70,86,16,3,2,2,2,4,91,38,27
319,0,616,1,100,99,0,22,1,41,40,0,22,1,45,44,0.0,0.017495489975833077,1,83,82,2,-1,3,2,0,68,40,16
320,200,1840,88,100,12,118,152,66,79,13,118,152,80,87,7,0.01763164164879676,0.05653698219816876,80,99,19,1,3,2,8,16,30,12,2
321,28,28,46,46,0,90,90,46,46,0,28,28,46,46,0,0.0020422750944552232,0.0020422750944552232,45,45,0,-1,3,3,10,3,11,54,86
322,0,102,1,72,71,0,10,1,27,26,0,2,1,25,24,0.0,0.00034037918240920387,1,33,32,4,-1,5,8,0,42,93,88
323,320,920,97,100,3,96,96,90,90,0,96,96,90,90,0,0.03863303720344464,0.05575411007862759,93,97,4,2,2,2,3,30,82,7,9
324,100,100,67,67,0,100,100,70,70,0,100,100,71,71,0,0.058443105619660304,0.06262976956329351,99,99,0,3,1,1,6,29,74,11,38
325,100,100,75,75,0,100,100,89,89,0,100,100,89,89,0,0.0719561591613057,0.0721263487525103,99,99,0,4,1,1,4,29,73,0,4
326,323,529,97,100,3,152,152,99,99,0,152,152,99,99,0,0.04278566322883692,0.044453521222642026,96,96,0,3,2,2,5,29,70,11,52
327,76,76,63,63,0,34,34,39,39,0,34,34,46,46,0,0.009734844616903231,0.009734844616903231,64,64,0,-1,3,3,4,13,67,24,93
328,10,626,42,100,58,12,22,40,48,8,12,22,42,52,10,0.0007147962830593281,0.018993158378433576,38,83,45,2,4,3,2,3,90,43,12
329,122,224,86,93,7,56,56,76,76,0,56,56,77,77,0,0.018006058749446885,0.018244324177133328,84,84,0,4,2,2,2,14,68,14,4
330,0,616,1,100,99,0,38,1,60,59,0,38,1,62,61,0.0,0.0313829606181286,1,92,91,2,-1,3,3,0,81,84,2
331,76,692,61,100,39,104,104,66,66,0,76,104,61,78,17,0.00616086320160659,0.01575955614554614,56,77,21,2,3,3,9,6,26,13,39
332,0,0,1,1,0,0,0,1,1,0,0,0,1,1,0,0.0,0.0,1,1,0,-1,-1,-1,5,0,50,98,93
333,32,238,46,91,45,86,86,42,42,0,32,46,46,51,5,0.002586881786309949,0.005446066918547262,47,54,7,3,3,3,11,2,5,75,73
334,0,616,1,100,99,0,50,1,34,33,0,17,1,40,39,0.0,0.0017018959120460194,1,43,42,2,-1,3,10,0,1,97,61
335,6,212,29,90,61,28,64,30,34,4,6,54,29,50,21,6.807583648184077e-05,0.00527587732734266,27,55,28,3,4,4,12,1,3,95,24
336,226,226,91,91,0,144,144,92,92,0,144,144,92,92,0,0.023009632730862182,0.023009632730862182,86,86,0,-1,2,2,6,18,48,5,45
337,166,268,84,92,8,208,208,88,88,0,166,168,86,86,0,0.013649205214609075,0.014023622315259198,74,74,0,4,2,2,10,9,22,27,55
338,126,742,81,100,19,120,120,85,85,0,120,120,85,85,0,0.018312400013615168,0.021954457265393648,83,85,2,2,2,2,6,12,48,37,13
339,58,674,52,100,48,106,106,67,67,0,58,106,52,75,23,0.004186663943633207,0.008951972497362062,52,64,12,2,2,2,7,6,46,70,47
340,207,823,90,100,10,206,206,95,95,0,206,206,95,95,0,0.0228734810578985,0.04588311378876068,83,96,13,2,2,2,9,12,26,37,7
341,6,212,30,92,62,21,42,31,34,3,6,42,30,53,23,0.00013615167296368154,0.003982436434187685,31,51,20,3,4,4,9,1,35,4,13
342,100,100,58,58,0,100,100,35,35,0,100,100,59,59,0,0.029034344259505088,0.04292181490180061,90,98,8,2,1,1,17,17,20,6,30
343,32,238,43,93,50,94,94,45,45,0,32,47,43,51,8,0.0019741992579733825,0.004731270635487933,41,52,11,3,3,3,9,2,29,61,41
344,0,206,1,89,88,0,27,1,29,28,0,12,1,34,33,0.0,0.0006126825283365669,1,34,33,3,-1,4,10,0,18,87,74
345,16,1656,35,100,65,90,138,38,60,22,16,138,35,85,50,0.0011232513019503727,0.021920419347152727,36,83,47,1,3,2,13,2,13,42,6
346,46,147,53,86,33,64,64,57,57,0,46,47,52,53,1,0.004935498144933456,0.005037611899656217,52,52,0,5,2,2,5,2,88,52,65
347,46,252,53,93,40,84,84,48,48,0,46,58,53,57,4,0.002825147213996392,0.005037611899656217,47,53,6,3,2,2,9,2,23,52,75
348,100,100,69,69,0,100,100,71,71,0,100,100,72,72,0,0.034310221586847746,0.0766533918785527,95,100,5,1,1,1,6,9,56,31,2
349,6,622,32,100,68,8,22,32,41,9,6,22,32,45,13,0.001055175465468532,0.009122162088566664,39,65,26,2,4,3,2,1,68,71,24
350,100,100,76,76,0,100,100,90,90,0,100,100,90,90,0,0.07995506994792198,0.07995506994792198,100,100,0,-1,1,1,4,40,72,3,45
351,244,844,94,100,6,144,144,92,92,0,144,144,92,92,0,0.026753803737363423,0.052758773273426596,89,96,7,2,2,2,6,15,48,16,3
352,116,732,79,100,21,174,174,84,84,0,116,174,79,89,10,0.014023622315259198,0.02127369890057524,78,86,8,2,2,2,10,8,36,20,24
353,34,650,49,100,51,108,128,58,60,2,34,128,49,84,35,0.0012934408931549745,0.012832295176826986,38,73,35,2,3,3,13,4,13,64,19
354,240,1880,90,100,10,300,344,91,95,4,240,344,90,95,5,0.011845195547840293,0.03264236359304265,68,93,25,1,2,2,14,9,25,31,6
355,24,24,44,44,0,86,86,43,43,0,24,24,44,44,0,0.0012594029749140542,0.0012594029749140542,39,39,0,-1,3,3,10,4,36,64,82
356,100,100,69,69,0,100,100,55,55,0,100,100,69,69,0,0.023179822322066782,0.047448858027843016,84,97,13,1,1,1,9,6,26,28,30
357,22,123,45,82,37,42,42,40,40,0,22,23,45,47,2,0.0018040096667687805,0.0018380475850097008,45,45,0,5,3,3,6,2,74,83,95
358,0,0,1,1,0,0,0,1,1,0,0,0,1,1,0,0.0,0.0,1,1,0,-1,-1,-1,8,1,42,50,91
359,2,618,27,100,73,5,34,27,38,11,2,34,27,50,23,0.0,0.013104598522754349,1,76,75,2,5,3,4,1,53,68,18
360,57,263,56,93,37,44,44,48,48,0,44,44,54,54,0,0.004152626025392287,0.009564655025698629,53,69,16,3,3,3,4,6,83,35,57
361,74,690,68,100,32,48,48,59,59,0,48,48,63,63,0,0.011777119711358454,0.027264372510977228,77,92,15,2,3,3,3,9,75,27,16
362,22,228,43,94,51,40,40,39,39,0,22,28,43,48,5,0.0019741992579733825,0.0042547397801150485,44,52,8,3,3,3,5,2,63,52,94
363,2,208,29,92,63,8,16,32,32,0,2,10,29,39,10,3.4037918240920386e-05,0.0015657442390823377,26,43,17,3,5,4,4,1,47,95,52
364,0,1640,1,100,99,0,128,1,71,70,0,128,1,82,81,0.0,0.03516116954287076,1,92,91,1,-1,2,9,1,35,50,11
365,100,100,63,63,0,100,100,39,39,0,100,100,63,63,0,0.021137547227611558,0.026073045372545015,83,87,4,3,1,1,14,9,17,27,34
366,268,268,94,94,0,252,252,92,92,0,252,252,93,93,0,0.016406276592123625,0.016406276592123625,76,76,0,-1,2,2,11,14,33,14,84
367,100,100,77,77,0,100,100,96,96,0,100,100,96,96,0,0.06399128629293033,0.06399128629293033,98,98,0,-1,1,1,3,15,76,19,66
368,78,284,58,96,38,148,148,71,71,0,78,84,58,59,1,0.008203138296061813,0.01058579257292624,63,69,6,3,2,2,9,4,28,38,46
369,0,102,1,79,78,0,8,1,27,26,0,4,1,31,30,0.0,0.0007828721195411688,1,36,35,4,-1,5,5,0,45,59,74
370,0,206,1,88,87,0,24,1,29,28,0,12,1,34,33,0.0,0.001157289220191293,1,38,37,3,-1,4,8,0,15,82,74
371,42,658,51,100,49,96,96,56,56,0,42,62,51,58,7,0.0026889955410327104,0.005854521937438306,47,56,9,2,2,2,7,2,43,61,70
372,40,246,50,91,41,150,150,65,65,0,40,48,50,51,1,0.0026549576227917903,0.003608019333537561,48,51,3,3,2,2,11,1,5,53,51
373,183,799,89,100,11,182,192,87,92,5,182,192,92,93,1,0.015385139044896015,0.03859899928520372,77,96,19,2,2,2,9,15,23,19,0
374,0,206,1,91,90,0,38,1,33,32,0,8,1,33,32,0.0,0.0010892133837094523,1,37,36,3,-1,4,11,1,38,69,52
375,0,616,1,100,99,0,62,1,34,33,0,36,1,43,42,0.0,0.003880322679464924,1,52,51,2,-1,3,14,1,25,69,35
376,2,1642,27,100,73,7,62,27,48,21,2,62,27,60,33,3.4037918240920386e-05,0.02127369890057524,28,86,58,1,5,2,6,1,34,78,26
377,32,238,52,93,41,60,60,55,55,0,32,60,52,59,7,0.004969536063174376,0.016372238673882704,56,78,22,3,3,3,5,3,70,29,37
378,264,864,96,100,4,112,112,93,93,0,112,112,93,93,0,0.03264236359304265,0.0440791041219919,92,94,2,2,2,2,4,22,47,9,14
379,102,1742,78,100,22,102,136,93,98,5,102,136,93,98,5,0.015283025290173252,0.04452159705912386,78,96,18,1,2,2,4,4,84,38,70
380,12,1652,34,100,66,38,116,35,73,38,12,116,34,80,46,0.0014295925661186562,0.040164743524286055,41,94,53,1,4,2,7,3,46,51,7
381,6,6,29,29,0,30,30,30,30,0,6,6,29,29,0,0.0,0.0,1,1,0,-1,4,4,10,1,12,95,98
382,6,212,27,92,65,12,16,28,28,0,6,16,27,34,7,0.00034037918240920387,0.004561081044283332,29,48,19,3,4,4,4,1,67,88,34
383,126,726,82,100,18,88,88,77,77,0,88,88,77,77,0,0.014840532353041287,0.03134892269988768,78,90,12,2,2,2,4,8,79,17,16
384,0,206,1,94,93,0,16,1,34,33,0,9,1,36,35,0.0,0.0010892133837094523,1,38,37,3,-1,4,4,0,53,93,64
385,8,8,41,41,0,8,8,35,35,0,8,8,41,41,0,0.0005105687736138058,0.0005105687736138058,37,37,0,-1,4,4,2,2,97,63,86
386,0,0,1,1,0,0,0,1,1,0,0,0,1,1,0,0.0,0.0,1,1,0,-1,-1,-1,13,1,13,69,82
387,94,94,69,69,0,94,94,68,68,0,94,94,71,71,0,0.007454304094761564,0.007454304094761564,62,62,0,-1,2,2,5,5,50,47,89
388,18,634,43,100,57,40,40,42,42,0,18,40,43,52,9,0.0006126825283365669,0.019639878825011062,36,84,48,2,3,3,5,2,61,56,7
389,146,1786,83,100,17,188,222,82,89,7,146,222,83,91,8,0.013513053541645392,0.028728002995336805,74,88,14,1,2,2,10,9,11,27,72
390,16,118,45,87,42,22,22,49,49,0,16,18,48,50,2,0.003948398515946765,0.004186663943633207,53,53,0,4,3,3,2,3,90,46,49
391,100,100,79,79,0,100,100,98,98,0,100,100,98,98,0,0.09574866401170905,0.09574866401170905,100,100,0,-1,1,1,2,15,95,16,97
392,6,6,29,29,0,24,24,30,30,0,6,6,29,29,0,6.807583648184077e-05,6.807583648184077e-05,29,29,0,-1,4,4,8,1,30,95,85
393,228,330,92,94,2,176,176,87,87,0,176,176,89,89,0,0.02396269444160795,0.024405187378739916,85,85,0,4,2,2,8,17,57,6,51
394,0,0,1,1,0,0,0,1,1,0,0,0,1,1,0,0.0,0.0,1,1,0,-1,-1,-1,4,0,78,67,69
395,10,110,44,84,40,12,12,35,35,0,12,12,43,43,0,0.0012253650566731338,0.0012934408931549745,42,43,1,4,4,4,2,3,86,43,56
396,144,760,81,100,19,198,198,82,82,0,144,198,81,89,8,0.007624493685966166,0.014806494434800367,62,76,14,2,2,2,10,6,18,13,21
397,209,309,94,98,4,144,144,90,90,0,144,144,90,90,0,0.023622315259198747,0.023690391095680587,87,87,0,4,2,2,6,20,59,23,65
398,0,0,1,1,0,0,0,1,1,0,0,0,1,1,0,0.0,0.0,1,1,0,-1,-1,-1,3,0,87,67,76
399,0,616,1,100,99,0,24,1,41,40,0,16,1,41,40,0.0,0.004833384390210695,1,54,53,2,-1,3,3,0,66,85,94
400,90,90,62,62,0,128,128,72,72,0,90,90,62,62,0,0.007113924912352361,0.007113924912352361,58,58,0,-1,2,2,9,6,35,28,84
401,0,206,1,90,89,0,20,1,29,28,0,8,1,34,33,0.0,0.001055175465468532,1,38,37,3,-1,4,8,0,30,79,74
402,115,321,77,94,17,96,96,60,60,0,96,96,69,69,0,0.01681473161101467,0.019946220089179345,81,82,1,3,3,3,6,12,44,37,28
403,6,212,32,92,60,14,18,32,34,2,6,12,32,40,8,0.0004765308553728854,0.001940161339732462,34,45,11,3,4,4,3,1,87,88,53
404,0,206,1,89,88,0,30,1,35,34,0,30,1,51,50,0.0,0.006058749446883829,1,57,56,3,-1,4,5,0,61,36,31
405,100,716,58,100,42,230,250,73,75,2,98,154,58,83,25,0.005071649817897137,0.010858095918853602,54,67,13,2,2,2,17,6,20,41,21
406,100,100,58,58,0,100,100,35,35,0,100,100,59,59,0,0.03192756730998332,0.03192756730998332,91,91,0,-1,1,1,17,16,20,18,50
407,2,208,28,91,63,7,24,28,39,11,2,24,28,50,22,0.00017018959120460194,0.010143299635794275,31,68,37,3,5,4,4,1,84,95,19
408,6,6,29,29,0,34,34,30,30,0,6,6,29,29,0,0.00037441710065012424,0.00037441710065012424,32,32,0,-1,4,4,13,1,13,60,97
409,305,505,98,100,2,110,110,82,82,0,110,110,83,83,0,0.031110657272201234,0.03182545355526056,91,92,1,3,2,2,6,29,56,11,64
410,0,0,1,1,0,0,0,1,1,0,0,0,1,1,0,0.0,0.0,1,1,0,-1,-1,-1,10,0,1,80,96
411,84,290,61,95,34,104,104,82,82,0,84,104,69,82,13,0.010824058000612683,0.013955546478777357,72,77,5,3,2,2,5,5,50,25,90
412,16,1656,38,100,62,50,84,50,68,18,16,84,38,70,32,0.0016678579938050988,0.03328908403962014,44,94,50,1,3,2,5,1,37,53,6
413,135,135,83,83,0,140,140,84,84,0,135,135,87,87,0,0.009122162088566664,0.009122162088566664,65,65,0,-1,2,2,7,8,46,57,80
414,108,210,75,89,14,134,134,89,89,0,108,134,75,89,14,0.0088498587426393,0.009326389598012186,67,70,3,4,2,2,6,6,41,26,74
415,108,108,77,77,0,146,146,75,75,0,108,108,77,77,0,0.007522379931243405,0.007522379931243405,61,61,0,-1,2,2,8,6,15,28,89
416,16,222,40,97,57,20,24,44,44,0,16,24,40,50,10,0.0009530617107457708,0.005650294427992784,35,55,20,3,3,3,3,1,94,4,72
417,207,309,93,96,3,96,96,89,89,0,96,96,89,89,0,0.02569862827189489,0.025902855781340415,89,89,0,4,2,2,3,17,64,6,56
418,12,1652,40,100,60,20,78,35,71,36,12,78,40,74,34,0.002110350930937064,0.04523639334218319,47,97,50,1,4,2,4,2,47,83,7
419,0,206,1,88,87,0,48,1,34,33,0,26,1,46,45,0.0,0.0040845501889104465,1,53,52,3,-1,4,8,0,15,84,26
420,63,269,57,95,38,84,84,64,64,0,63,69,60,61,1,0.006705469893461316,0.00793083495013445,59,63,4,3,2,2,5,4,50,22,94
421,16,117,35,75,40,62,62,43,43,0,16,17,35,40,5,0.002586881786309949,0.0026209197045508697,47,47,0,5,3,3,7,2,24,94,78
422,17,17,49,49,0,38,38,49,49,0,17,17,47,47,0,0.0008509479560230097,0.0008509479560230097,37,37,0,-1,3,3,3,2,87,56,59
423,76,692,63,100,37,124,124,68,68,0,76,124,63,81,18,0.008066986623098132,0.011606930120153852,66,74,8,2,3,3,9,6,31,34,22
424,0,616,1,100,99,0,48,1,45,44,0,41,1,53,52,0.0,0.007828721195411689,1,64,63,2,-1,3,6,0,74,97,25
425,22,638,47,100,53,38,38,57,57,0,22,38,48,58,10,0.004561081044283332,0.009632730862180468,55,68,13,2,3,3,3,3,55,29,38
426,0,102,1,75,74,0,11,1,27,26,0,2,1,25,24,0.0,0.00010211375472276115,1,29,28,4,-1,5,8,0,15,87,4
427,24,640,48,100,52,38,38,47,47,0,24,38,48,52,4,0.0027911092957554717,0.009020048333843901,49,70,21,2,3,3,3,3,75,54,38
428,112,728,74,100,26,208,208,89,89,0,112,208,74,91,17,0.008577555396711936,0.01405766023350012,65,77,12,2,2,2,10,7,0,62,57
429,90,290,74,98,24,62,62,80,80,0,62,62,80,80,0,0.010755982164130842,0.01664454201981007,70,80,10,3,2,2,3,7,55,21,27
430,100,100,59,59,0,100,100,40,40,0,100,100,59,59,0,0.057728309336600975,0.07239865209843765,99,100,1,2,1,1,15,40,7,3,15
431,0,206,1,93,92,0,12,1,33,32,0,8,1,37,36,0.0,0.0007828721195411688,1,37,36,3,-1,4,4,0,72,80,61
432,2,208,26,88,62,10,18,28,30,2,2,11,26,33,7,0.00010211375472276115,0.0007488342013002485,29,36,7,3,5,4,7,1,24,68,64
433,101,307,76,95,19,116,116,76,76,0,101,116,77,79,2,0.008645631233193778,0.010279451308757957,66,67,1,3,2,2,7,8,62,44,70
434,0,206,1,92,91,0,30,1,38,37,0,30,1,48,47,0.0,0.007828721195411689,1,63,62,3,-1,4,5,0,88,66,8
435,45,661,62,100,38,32,32,69,69,0,32,32,69,69,0,0.005990673610401988,0.03264236359304265,58,93,35,2,3,3,2,6,93,28,3
436,0,0,1,1,0,0,0,1,1,0,0,0,1,1,0,0.0,0.0,1,1,0,-1,-1,-1,6,0,71,96,89
437,1,617,26,100,74,10,62,26,38,12,1,44,26,51,25,6.807583648184077e-05,0.006092787365124749,29,59,30,2,6,3,10,1,12,78,48
438,16,222,39,91,52,68,68,43,43,0,16,25,39,50,11,0.0018380475850097008,0.0029612988869600733,43,49,6,3,3,3,8,1,57,53,54
439,0,206,1,92,91,0,68,1,34,33,0,46,1,52,51,0.0,0.005037611899656217,1,55,54,3,-1,4,12,0,6,99,31
440,0,616,1,100,99,0,86,1,55,54,0,86,1,64,63,0.0,0.032063718982947,1,92,91,2,-1,3,6,0,48,91,2
441,2,208,28,92,64,6,14,30,34,4,2,14,28,42,14,0.0,0.007011811157629599,1,62,61,3,5,4,3,1,76,95,27
442,318,524,96,100,4,200,200,95,95,0,200,200,95,95,0,0.03260832567480173,0.0353994349705572,91,92,1,3,2,2,8,22,21,9,90
443,0,101,1,75,74,0,12,1,25,24,0,1,1,25,24,0.0,0.0002042275094455223,1,30,29,5,-1,6,12,0,14,99,55
444,84,700,56,100,44,184,184,78,78,0,84,119,56,75,19,0.009190237925048503,0.012934408931549747,67,75,8,2,2,2,10,5,0,25,41
445,44,1684,52,100,48,102,126,68,79,11,44,126,52,81,29,0.00707988699411144,0.04714251676367474,62,98,36,1,3,2,7,4,43,72,3
446,16,16,41,41,0,22,22,42,42,0,16,16,41,41,0,0.0026209197045508697,0.0026209197045508697,48,48,0,-1,3,3,2,3,91,46,40
447,58,264,63,97,34,38,38,51,51,0,38,38,54,54,0,0.00704584907587052,0.013819394805813677,61,76,15,3,3,3,3,7,94,48,14
448,6,6,32,32,0,24,24,38,38,0,6,6,32,32,0,0.002723033459273631,0.002723033459273631,48,48,0,-1,4,4,4,3,79,46,80
449,159,159,91,91,0,72,72,79,79,0,72,72,80,80,0,0.02484768031587188,0.02484768031587188,90,90,0,-1,2,2,3,16,75,18,45
450,98,304,77,98,21,78,78,77,77,0,78,78,79,79,0,0.014432077334150244,0.01766567956703768,78,80,2,3,2,2,4,8,78,8,28
451,0,616,1,100,99,0,54,1,37,36,0,54,1,52,51,0.0,0.006262976956329351,1,59,58,2,-1,3,8,0,30,87,31
452,70,1710,59,100,41,128,152,67,74,7,70,152,59,84,25,0.006501242384015794,0.027026107083290785,59,89,30,1,3,2,8,6,15,26,33
453,0,616,1,100,99,0,94,1,39,38,0,34,1,43,42,0.0,0.004833384390210695,1,54,53,2,-1,3,14,0,25,40,72
454,0,206,1,85,84,0,32,1,30,29,0,6,1,26,25,0.0,0.0018720855032506212,1,41,40,3,-1,4,12,0,2,80,94
455,128,1728,86,100,14,56,56,80,80,0,56,56,81,81,0,0.01861874127778345,0.06446781714830321,83,98,15,1,2,2,2,14,91,32,29
456,0,102,1,82,81,0,6,1,28,27,0,2,1,26,25,0.0,0.0007828721195411688,1,38,37,4,-1,5,3,0,85,86,71
457,0,102,1,78,77,0,8,1,27,26,0,2,1,27,26,0.0,0.0002723033459273631,1,31,30,4,-1,5,6,0,69,76,88
458,118,324,77,96,19,184,184,79,79,0,118,124,77,79,2,0.016236087000919025,0.016474352428605468,76,76,0,3,2,2,10,9,12,39,65
459,0,0,1,1,0,0,0,1,1,0,0,0,1,1,0,0.0,0.0,1,1,0,-1,-1,-1,2,0,98,84,67
460,150,766,80,100,20,166,166,84,84,0,150,166,84,84,0,0.01412573606998196,0.021069471391129718,73,82,9,2,2,2,8,8,27,17,34
461,6,212,32,94,62,22,22,33,33,0,6,22,32,45,13,0.0010892133837094523,0.008713707069675619,39,66,27,3,4,4,5,1,45,71,32
462,414,414,96,96,0,320,320,97,97,0,320,320,97,97,0,0.0337315769767521,0.0337315769767521,93,93,0,-1,2,2,11,22,5,9,79
463,6,6,31,31,0,9,9,31,31,0,6,6,31,31,0,0.00037441710065012424,0.00037441710065012424,34,34,0,-1,4,4,3,1,85,55,98
464,7,108,37,83,46,20,20,36,36,0,7,8,37,37,0,0.0002723033459273631,0.00030634126416828345,33,33,0,5,4,4,4,2,78,56,65
465,543,543,100,100,0,232,232,100,100,0,232,232,100,100,0,0.0490826781034072,0.0490826781034072,95,95,0,-1,2,2,7,40,46,3,69
466,146,762,81,100,19,134,134,90,90,0,134,134,90,90,0,0.01412573606998196,0.017018959120460194,75,77,2,2,2,2,6,9,56,27,74
467,0,206,1,94,93,0,12,1,39,38,0,12,1,41,40,0.0,0.005718370264474625,1,59,58,3,-1,4,2,0,90,93,25
468,100,100,68,68,0,100,100,63,63,0,100,100,68,68,0,0.054494707103713534,0.06269784539977535,99,100,1,2,1,1,6,15,41,16,33
469,22,638,40,99,59,78,92,38,40,2,22,69,40,55,15,0.0011232513019503727,0.007522379931243405,39,62,23,2,3,3,12,2,6,74,44
470,86,702,59,100,41,126,126,69,69,0,86,126,59,77,18,0.009632730862180468,0.020661016372238675,66,84,18,2,2,2,7,6,24,34,5
471,100,100,63,63,0,100,100,39,39,0,100,100,63,63,0,0.0283876238129276,0.03298274277545185,90,91,1,3,1,1,14,12,17,37,34
472,40,246,48,94,46,110,114,58,59,1,40,50,48,52,4,0.002280540522141666,0.005514142755029102,45,55,10,3,2,2,10,1,12,71,73
473,0,616,1,100,99,0,110,1,57,56,0,110,1,71,70,0.0,0.023724429013921508,1,87,86,2,-1,3,10,0,0,59,11
474,73,73,64,64,0,70,70,62,62,0,70,70,69,69,0,0.007760645358929848,0.007760645358929848,63,63,0,-1,3,3,5,8,45,57,96
475,16,222,39,91,52,68,68,43,43,0,16,34,39,52,13,0.0018380475850097008,0.005207801490860819,43,58,15,3,3,3,8,1,57,53,35
476,62,268,52,95,43,144,144,61,61,0,62,74,52,54,2,0.0036760951700194017,0.0048674223084516155,50,52,2,3,2,2,10,3,0,54,52
477,6,622,31,100,69,16,38,33,39,6,6,38,31,52,21,0.0002382654276864427,0.006126825283365669,32,57,25,2,4,3,6,1,32,4,57
478,0,0,1,1,0,0,0,1,1,0,0,0,1,1,0,0.0,0.0,1,1,0,-1,-1,-1,6,0,34,93,40
479,10,111,36,80,44,30,30,39,39,0,10,10,36,36,0,0.0014295925661186562,0.0015317063208414173,43,44,1,5,4,4,5,3,88,43,65
480,16,632,35,100,65,72,86,37,41,4,16,60,35,53,18,0.0014636304843595766,0.00803294870485721,40,60,20,2,3,3,11,1,5,71,48
481,126,227,83,93,10,114,114,67,67,0,114,114,80,80,0,0.008271214132543654,0.008271214132543654,67,67,0,5,3,3,9,13,23,24,95
482,0,616,1,100,99,0,68,1,41,40,0,58,1,60,59,0.0,0.009326389598012186,1,69,68,2,-1,3,8,0,39,92,17
483,38,140,49,80,31,56,56,44,44,0,38,42,49,52,3,0.0010892133837094523,0.001497668402600497,40,41,1,4,3,3,6,4,41,64,74
484,0,0,1,1,0,0,0,1,1,0,0,0,1,1,0,0.0,0.0,1,1,0,-1,-1,-1,4,0,77,40,84
485,46,662,58,100,42,22,22,48,48,0,22,22,51,51,0,0.009088124170325743,0.021477926410020762,67,86,19,2,3,3,2,5,95,25,6
486,0,206,1,89,88,0,29,1,32,31,0,9,1,36,35,0.0,0.0013955546478777359,1,41,40,3,-1,4,9,0,26,66,54
487,0,206,1,91,90,0,21,1,27,26,0,6,1,27,26,0.0,0.00037441710065012424,1,33,32,3,-1,4,16,0,4,85,58
488,0,206,1,94,93,0,28,1,33,32,0,12,1,36,35,0.0,0.0030634126416828346,1,49,48,3,-1,4,6,0,32,98,29
489,104,1744,70,100,30,174,208,72,88,16,104,208,70,91,21,0.007760645358929848,0.04043704687021342,60,95,35,1,2,2,10,6,0,26,1
490,100,1740,60,100,40,178,222,69,76,7,100,190,60,85,25,0.008645631233193778,0.020695054290479593,65,81,16,1,2,2,14,6,25,34,13
491,94,710,62,100,38,152,152,78,78,0,94,152,62,84,22,0.006773545729943157,0.015623404472582456,59,78,19,2,2,2,8,6,42,26,17
492,2,208,26,87,61,12,32,28,32,4,2,8,26,34,8,0.0,0.0020082371762143027,1,42,41,3,5,4,10,1,22,68,94
493,0,616,1,100,99,0,60,1,45,44,0,60,1,56,55,0.0,0.01501072194424589,1,75,74,2,-1,3,8,0,21,79,12
494,66,272,70,98,28,38,38,56,56,0,38,38,57,57,0,0.010109261717553355,0.014772456516559448,69,79,10,3,3,3,3,6,60,77,34
495,431,631,99,100,1,256,256,95,95,0,256,256,95,95,0,0.03437829742332959,0.0348888661969434,93,94,1,3,2,2,10,29,18,11,74
496,0,206,1,94,93,0,8,1,30,29,0,8,1,35,34,0.0,0.0030293747234419145,1,49,48,3,-1,4,2,0,91,97,41
497,0,616,1,100,99,0,50,1,46,45,0,50,1,53,52,0.0,0.012866333095067906,1,75,74,2,-1,3,5,0,88,76,14
498,2,1642,27,100,73,6,52,29,73,44,2,52,27,75,48,0.0002042275094455223,0.04598522754348344,32,97,65,1,5,2,3,1,58,60,23
499,16,632,34,100,66,70,112,36,57,21,16,112,34,75,41,0.0004765308553728854,0.013921508560536438,35,76,41,2,3,3,12,1,14,49,5
500,0,206,1,88,87,0,30,1,33,32,0,15,1,34,33,0.0,0.0028591851322373124,1,47,46,3,-1,4,7,1,24,69,22
501,16,118,36,74,38,60,60,38,38,0,16,20,36,40,4,0.0011232513019503727,0.001599782157323258,39,41,2,4,3,3,9,1,28,71,63
502,261,467,97,100,3,88,88,82,82,0,88,88,82,82,0,0.0370672929643623,0.043738724939582696,94,94,0,3,2,2,4,29,72,1,8
503,100,100,62,62,0,100,100,43,43,0,100,100,62,62,0,0.05834099186493754,0.05834099186493754,100,100,0,-1,1,1,12,40,14,3,59
504,2,618,25,100,75,8,66,26,43,17,2,66,25,55,30,0.0,0.028864154668300487,1,89,88,2,5,3,6,1,40,68,7
505,105,105,81,81,0,48,48,54,54,0,48,48,56,56,0,0.011879233466081215,0.011879233466081215,73,73,0,-1,3,3,3,14,87,32,97
506,104,720,72,100,28,136,136,77,77,0,104,136,73,82,9,0.007794683277170768,0.01776779332176044,61,83,22,2,2,2,7,5,24,47,77
507,6,6,31,31,0,10,10,31,31,0,6,6,31,31,0,0.00013615167296368154,0.00013615167296368154,30,30,0,-1,4,4,3,1,66,4,76
508,138,1778,82,100,18,172,200,73,81,8,138,200,82,85,3,0.010279451308757957,0.031076619353960312,68,92,24,1,2,2,12,9,2,31,15
509,100,100,64,64,0,100,100,49,49,0,100,100,64,64,0,0.04251335988290956,0.04288777698355969,96,96,0,3,1,1,8,15,42,16,71
510,124,225,78,90,12,144,144,91,91,0,124,144,90,91,1,0.012968446849790666,0.012968446849790666,74,74,0,5,2,2,6,7,51,21,58
511,100,100,66,66,0,100,100,52,52,0,100,100,66,66,0,0.040505122706695255,0.04911671602164812,94,99,5,2,1,1,8,16,15,18,32
512,0,206,1,89,88,0,16,1,26,25,0,10,1,32,31,0.0,0.0005446066918547262,1,33,32,3,-1,4,6,0,40,97,64
513,100,100,65,65,0,100,100,45,45,0,100,100,65,65,0,0.050784574015453214,0.050784574015453214,99,99,0,-1,1,1,10,27,12,10,50
514,9,215,43,96,53,12,12,35,35,0,12,12,43,43,0,0.0011913271384322134,0.005412029000306341,39,60,21,3,4,4,2,4,86,64,26
515,0,0,1,1,0,0,0,1,1,0,0,0,1,1,0,0.0,0.0,1,1,0,-1,-1,-1,6,1,34,45,66
516,242,242,94,94,0,184,184,94,94,0,184,184,95,95,0,0.025119983661799246,0.025119983661799246,86,86,0,-1,2,2,7,16,24,18,69
517,0,616,1,100,99,0,46,1,42,41,0,46,1,51,50,0.0,0.011709043874876613,1,72,71,2,-1,3,6,0,65,91,5
518,0,0,1,1,0,0,0,1,1,0,0,0,1,1,0,0.0,0.0,1,1,0,-1,-1,-1,4,0,77,86,40
519,198,814,92,100,8,150,150,85,85,0,150,150,89,89,0,0.02032063718982947,0.036590762108989414,86,91,5,2,2,2,7,17,46,6,23
520,39,245,53,92,39,60,60,51,51,0,39,60,52,61,9,0.0045270431260424114,0.011096361346540046,56,71,15,3,3,3,5,4,80,22,24
521,16,632,37,100,63,64,74,39,42,3,16,51,37,54,17,0.0015317063208414173,0.005922597773920147,41,56,15,2,3,3,8,1,10,71,28
522,18,224,48,94,46,34,34,47,47,0,18,34,48,54,6,0.0020082371762143027,0.013444977705163553,45,77,32,3,3,3,4,2,78,52,5
523,304,904,97,100,3,182,182,89,89,0,182,182,89,89,0,0.031995643146465164,0.044453521222642026,93,96,3,2,2,2,9,27,26,10,6
524,326,326,99,99,0,88,88,80,80,0,88,88,81,81,0,0.04162837400864563,0.04162837400864563,96,96,0,-1,2,2,4,40,77,3,84
525,18,120,42,75,33,36,36,38,38,0,18,20,42,42,0,0.0012594029749140542,0.0014636304843595766,40,41,1,4,3,3,5,3,52,51,88
526,12,12,36,36,0,32,32,34,34,0,12,12,36,36,0,0.0012934408931549745,0.0012934408931549745,40,40,0,-1,4,4,6,3,44,51,76
527,8,214,33,93,60,52,52,34,34,0,8,19,33,42,9,0.0004765308553728854,0.0031314884781646754,34,49,15,3,4,4,10,2,36,56,73
528,97,713,63,100,37,118,118,63,63,0,97,118,63,77,14,0.00888389666088022,0.014398039415909322,65,77,12,2,3,3,8,8,42,44,34
529,96,712,67,100,33,56,66,44,49,5,56,66,52,60,8,0.009258313761530345,0.012117498893767658,66,71,5,2,3,3,6,13,56,24,74
530,0,206,1,96,95,0,8,1,32,31,0,8,1,38,37,0.0,0.0015317063208414173,1,43,42,3,-1,4,2,0,86,59,52
531,0,102,1,82,81,0,4,1,26,25,0,2,1,25,24,0.0,0.0014295925661186562,1,40,39,4,-1,5,2,0,91,36,94
532,100,100,59,59,0,100,100,45,45,0,100,100,59,59,0,0.06317437625514824,0.06426358963885768,99,99,0,2,1,1,10,40,0,3,53
533,40,656,45,99,54,196,206,70,70,0,40,56,45,50,5,0.004595118962524252,0.007113924912352361,53,57,4,2,2,2,17,1,20,90,46
534,48,48,61,61,0,28,28,44,44,0,28,28,51,51,0,0.007113924912352361,0.007113924912352361,64,64,0,-1,3,3,3,7,92,48,97
535,0,101,1,76,75,0,9,1,25,24,0,1,1,25,24,0.0,3.4037918240920386e-05,1,26,25,6,-1,7,9,0,23,59,58
536,0,616,1,100,99,0,38,1,56,55,0,38,1,59,58,0.0,0.03271043942952449,1,91,90,2,-1,3,3,0,85,84,2
537,70,686,59,100,41,118,118,66,66,0,70,118,59,79,20,0.0063650907110521125,0.012628067667381462,60,75,15,2,3,3,8,6,30,26,21
538,6,206,28,91,63,16,16,30,30,0,6,6,28,28,0,0.0004765308553728854,0.0018380475850097008,32,40,8,3,4,4,6,1,56,88,46
539,16,632,36,100,64,60,60,37,37,0,16,32,36,46,10,0.0006467204465774873,0.0028591851322373124,37,48,11,2,3,3,11,1,38,49,53
540,22,622,41,100,59,92,92,36,36,0,22,38,41,47,6,0.001157289220191293,0.003812246842983083,37,50,13,2,3,3,14,3,16,51,29
541,6,6,30,30,0,14,14,31,31,0,6,6,30,30,0,0.0002723033459273631,0.0002723033459273631,31,31,0,-1,4,4,5,1,63,65,66
542,62,678,53,100,47,108,108,58,58,0,62,92,53,61,8,0.003165526396405596,0.008475441641989176,49,67,18,2,2,2,12,3,3,54,38
543,53,155,62,90,28,32,32,70,70,0,32,32,70,70,0,0.008203138296061813,0.010721944245889922,64,69,5,4,3,3,2,8,95,57,90
544,0,206,1,94,93,0,18,1,37,36,0,18,1,43,42,0.0,0.00616086320160659,1,56,55,3,-1,4,3,0,96,89,25
545,6,1646,30,100,70,16,68,35,65,30,6,68,30,68,38,0.0009190237925048504,0.04319411824772797,38,96,58,1,4,2,4,2,53,42,16
546,186,392,92,100,8,104,104,86,86,0,104,104,87,87,0,0.024881718234112803,0.02648150039143606,88,88,0,3,2,2,5,17,49,6,94
547,86,86,67,67,0,86,86,62,62,0,86,86,68,68,0,0.006569318220497634,0.006569318220497634,59,59,0,-1,3,3,6,6,32,13,99
548,100,100,67,67,0,100,100,70,70,0,100,100,71,71,0,0.0317233398005378,0.04084550188910446,91,96,5,2,1,1,6,8,74,57,32
549,0,102,1,74,73,0,9,1,25,24,0,2,1,25,24,0.0,6.807583648184077e-05,1,27,26,4,-1,5,8,0,10,89,95
550,0,206,1,91,90,0,20,1,29,28,0,20,1,40,39,0.0,0.007113924912352361,1,61,60,3,-1,4,4,0,67,84,25
551,16,16,41,41,0,50,50,50,50,0,16,16,41,41,0,0.0035739814152966403,0.0035739814152966403,51,51,0,-1,3,3,5,1,70,90,85
552,100,100,64,64,0,100,100,57,57,0,100,100,65,65,0,0.020695054290479593,0.020695054290479593,83,83,0,-1,1,1,8,1,10,90,97
553,0,206,1,93,92,0,12,1,35,34,0,12,1,36,35,0.0,0.011164437183021887,1,73,72,3,-1,4,2,0,68,36,18
554,497,599,100,100,0,344,344,99,99,0,344,344,99,99,0,0.03441233534157051,0.03441233534157051,91,91,0,4,2,2,14,29,8,1,68
555,22,638,42,100,58,34,44,39,48,9,22,44,42,53,11,0.0018380475850097008,0.02198849518363457,44,89,45,2,3,3,4,2,53,61,1
556,56,56,54,54,0,136,136,63,63,0,56,56,54,54,0,0.002484768031587188,0.002484768031587188,48,48,0,-1,2,2,12,2,6,52,85
557,38,38,53,53,0,118,118,69,69,0,38,38,53,53,0,0.003608019333537561,0.003608019333537561,52,52,0,-1,3,3,8,6,57,70,50
558,87,293,67,95,28,70,70,56,56,0,70,70,63,63,0,0.008237176214302734,0.012049423057285817,65,72,7,3,3,3,5,8,37,44,13
559,40,656,46,100,54,140,150,65,68,3,40,89,46,64,18,0.0053439531638245,0.013751318969331836,55,73,18,2,2,2,11,1,33,90,27
560,77,693,57,100,43,88,98,49,52,3,77,98,57,66,9,0.006671431975220395,0.022567139793730217,59,84,25,2,3,3,8,8,27,57,16
561,161,367,92,98,6,72,72,79,79,0,72,72,80,80,0,0.025936893699581333,0.026855917492086184,91,91,0,3,2,2,3,15,75,16,43
562,33,649,54,100,46,12,22,39,48,9,12,22,45,49,4,0.00616086320160659,0.014840532353041287,59,76,17,2,4,3,2,8,93,57,24
563,40,40,54,54,0,74,74,67,67,0,40,40,54,54,0,0.0051397256543789785,0.0051397256543789785,57,57,0,-1,2,2,5,2,80,94,86
564,36,36,59,59,0,22,22,55,55,0,22,22,57,57,0,0.005888559855679227,0.005888559855679227,61,61,0,-1,3,3,2,6,97,26,98
565,2,2,29,29,0,3,3,29,29,0,2,2,29,29,0,0.0002382654276864427,0.0002382654276864427,33,33,0,-1,5,5,2,1,97,55,86
566,10,10,38,38,0,18,18,35,35,0,10,10,38,38,0,0.0012594029749140542,0.0012594029749140542,40,40,0,-1,4,4,3,3,58,43,91
567,183,783,85,100,15,192,192,87,87,0,192,192,88,88,0,0.01776779332176044,0.042479321964668644,77,97,20,2,2,2,9,15,54,19,11
568,115,731,77,100,23,96,96,60,60,0,96,96,69,69,0,0.01681473161101467,0.021648116001225366,81,85,4,2,3,3,6,12,44,37,38
569,26,26,52,52,0,24,24,43,43,0,24,24,51,51,0,0.00353994349705572,0.00353994349705572,50,50,0,-1,3,3,3,6,55,41,79
570,172,788,88,100,12,88,88,71,71,0,88,88,71,71,0,0.019980258007420267,0.03175737771877872,85,94,9,2,2,2,4,18,53,30,20
571,6,108,32,82,50,10,10,32,32,0,6,8,32,36,4,0.0004084550188910446,0.0006807583648184077,36,37,1,4,4,4,3,1,76,49,63
572,0,1640,1,100,99,0,80,1,53,52,0,80,1,56,55,0.0,0.027808979202831954,1,91,90,1,-1,2,6,0,40,91,33
573,6,622,33,100,67,12,32,35,62,27,6,32,33,63,30,0.0004765308553728854,0.034854828278702475,37,95,58,2,4,3,2,1,86,49,2
574,0,1640,1,100,99,0,112,1,62,61,0,112,1,77,76,0.0,0.029306647605432452,1,89,88,1,-1,2,8,0,15,59,9
575,126,126,77,77,0,136,136,77,77,0,126,126,78,78,0,0.011334626774226489,0.011334626774226489,72,72,0,-1,2,2,7,8,24,17,92
576,18,18,50,50,0,24,24,45,45,0,18,18,48,48,0,0.0009190237925048504,0.0009190237925048504,39,39,0,-1,3,3,3,2,87,63,98
577,100,100,64,64,0,100,100,44,44,0,100,100,64,64,0,0.055107389632050106,0.05905578814799687,100,100,0,3,1,1,13,40,13,3,34
578,0,0,1,1,0,0,0,1,1,0,0,0,1,1,0,0.0,0.0,1,1,0,-1,-1,-1,9,0,29,79,81
579,270,886,98,100,2,96,96,94,94,0,96,96,94,94,0,0.041185881071513664,0.04857210932979339,95,96,1,2,2,2,3,27,85,10,38
580,162,368,83,98,15,176,176,90,90,0,162,176,90,90,0,0.018074134585928724,0.020763130126961436,79,83,4,3,2,2,8,9,21,39,90
581,0,0,1,1,0,0,0,1,1,0,0,0,1,1,0,0.0,0.0,1,1,0,-1,-1,-1,5,0,63,76,50
582,174,774,86,100,14,232,232,94,94,0,174,232,87,94,7,0.014432077334150244,0.026004969536063176,78,88,10,2,2,2,10,8,0,17,30
583,90,296,61,95,34,154,154,67,67,0,90,102,61,74,13,0.006467204465774873,0.008679669151434699,57,67,10,3,2,2,10,6,18,28,75
584,12,628,37,100,63,14,38,34,56,22,12,38,37,58,21,0.0007488342013002485,0.03550154872527996,36,93,57,2,4,3,3,2,55,74,2
585,2,618,28,100,72,4,28,28,41,13,2,28,28,50,22,3.4037918240920386e-05,0.010824058000612683,28,71,43,2,5,3,3,1,64,68,77
586,0,206,1,89,88,0,22,1,34,33,0,22,1,47,46,0.0,0.0053099152455835805,1,56,55,3,-1,4,5,0,61,84,34
587,100,100,72,72,0,100,100,79,79,0,100,100,80,80,0,0.049218829776370876,0.05047823275128493,97,97,0,3,1,1,5,17,37,6,43
588,2,1642,27,100,73,13,120,27,62,35,2,86,27,60,33,0.00013615167296368154,0.017087034956942034,29,78,49,1,5,2,11,1,38,78,48
589,0,0,1,1,0,0,0,1,1,0,0,0,1,1,0,0.0,0.0,1,1,0,-1,-1,-1,3,0,60,84,93
590,224,424,91,98,7,134,134,91,91,0,134,134,92,92,0,0.02127369890057524,0.02474556656114912,81,86,5,3,2,2,6,16,71,12,57
591,0,0,1,1,0,0,0,1,1,0,0,0,1,1,0,0.0,0.0,1,1,0,-1,-1,-1,3,0,92,93,86
592,56,158,68,90,22,38,38,61,61,0,38,38,63,63,0,0.007147962830593281,0.008237176214302734,65,67,2,4,3,3,3,7,81,21,54
593,134,334,83,97,14,80,80,66,66,0,80,80,68,68,0,0.01960584090677014,0.020899281799925118,82,84,2,3,3,3,5,18,63,30,70
594,38,654,53,100,47,18,28,35,44,9,18,28,46,51,5,0.006331052792811192,0.017018959120460194,58,77,19,2,4,3,3,8,94,57,19
595,0,206,1,93,92,0,24,1,37,36,0,24,1,50,49,0.0,0.014568229007113924,1,81,80,3,-1,4,4,0,72,96,15
596,0,0,1,1,0,0,0,1,1,0,0,0,1,1,0,0.0,0.0,1,1,0,-1,-1,-1,6,0,65,59,76
597,198,404,93,100,7,94,94,75,75,0,94,94,75,75,0,0.024234997787535316,0.027808979202831954,87,89,2,3,2,2,5,19,49,15,29
598,0,0,1,1,0,0,0,1,1,0,0,0,1,1,0,0.0,0.0,1,1,0,-1,-1,-1,11,1,38,50,45
599,0,0,1,1,0,0,0,1,1,0,0,0,1,1,0,0.0,0.0,1,1,0,-1,-1,-1,10,1,11,69,86
600,111,317,85,100,15,22,22,48,48,0,22,22,51,51,0,0.015351101126655093,0.01858470335954253,77,80,3,3,3,3,2,18,95,5,47
601,58,264,66,97,31,28,28,45,45,0,28,28,49,49,0,0.008169100377820893,0.008713707069675619,66,67,1,3,3,3,3,7,60,48,88
602,24,230,48,96,48,38,38,47,47,0,24,38,48,52,4,0.0027911092957554717,0.010483678818203479,49,74,25,3,3,3,3,3,75,54,14
603,493,2093,99,100,1,272,272,100,100,0,272,272,100,100,0,0.03897341638585384,0.06661220599748119,95,100,5,1,2,2,8,30,42,7,9
604,6,212,29,88,59,52,56,34,35,1,6,28,29,44,15,0.0005446066918547262,0.004016474352428605,35,50,15,3,4,4,10,1,22,49,28
605,166,372,83,96,13,144,144,89,89,0,144,144,90,90,0,0.016099935327955343,0.01756356581231492,79,79,0,3,2,2,6,9,40,27,83
606,62,164,56,86,30,132,132,64,64,0,62,64,56,56,0,0.0042547397801150485,0.004356853534837809,55,55,0,4,3,3,12,6,14,35,60
607,0,616,1,100,99,0,118,1,54,53,0,92,1,55,54,0.0,0.012253650566731339,1,74,73,2,-1,3,16,0,4,87,30
608,63,679,56,100,44,100,100,63,63,0,63,100,56,67,11,0.006024711528642908,0.03104258143571939,56,91,35,2,2,2,6,4,41,22,1
609,126,332,82,96,14,88,88,77,77,0,88,88,77,77,0,0.014840532353041287,0.01674665577453283,78,80,2,3,2,2,4,8,79,17,70
610,0,206,1,90,89,0,15,1,31,30,0,7,1,35,34,0.0,0.00034037918240920387,1,33,32,3,-1,4,6,0,48,66,63
611,88,294,66,96,30,110,110,76,76,0,88,96,71,71,0,0.009020048333843901,0.010177337554035196,67,69,2,3,2,2,6,7,59,62,52
612,56,262,52,94,42,76,76,54,54,0,56,76,52,65,13,0.005548180673270023,0.00976888253514415,53,68,15,3,2,2,6,2,56,75,57
613,184,184,90,90,0,88,88,73,73,0,88,88,74,74,0,0.020558902617515914,0.020558902617515914,84,84,0,-1,2,2,4,17,83,6,91
614,100,100,62,62,0,100,100,48,48,0,100,100,62,62,0,0.04186663943633207,0.04186663943633207,96,96,0,-1,1,1,10,20,11,23,69
615,40,656,48,100,52,146,156,67,71,4,40,64,48,55,7,0.002314578440382586,0.005718370264474625,45,55,10,2,2,2,12,1,3,53,73
616,18,18,41,41,0,50,50,38,38,0,18,18,41,41,0,0.0004765308553728854,0.0004765308553728854,36,36,0,-1,3,3,7,2,43,56,93
617,47,663,56,100,44,78,78,47,47,0,47,78,56,62,6,0.0051397256543789785,0.011164437183021887,56,72,16,2,3,3,8,6,57,35,44
618,44,660,56,100,44,54,54,55,55,0,44,54,57,59,2,0.006331052792811192,0.030804316008032948,58,90,32,2,3,3,4,4,84,72,0
619,47,253,51,94,43,44,44,44,44,0,44,44,50,50,0,0.005037611899656217,0.017359338302869398,50,80,30,3,3,3,4,6,67,35,6
620,0,1640,1,100,99,0,108,1,60,59,0,108,1,73,72,0.0,0.029919330133769018,1,91,90,1,-1,2,9,1,28,50,7
621,156,257,89,97,8,56,56,76,76,0,56,56,77,77,0,0.020899281799925118,0.020967357636406957,87,87,0,5,2,2,2,16,68,12,65
622,6,622,28,100,72,20,84,29,47,18,6,84,28,65,37,0.00013615167296368154,0.024098846114571634,30,85,55,2,4,3,9,1,31,55,10
623,6,1646,29,100,71,32,122,33,67,34,6,122,29,81,52,0.0002382654276864427,0.03400388032267947,32,91,59,1,4,2,8,1,30,88,1
624,0,102,1,83,82,0,4,1,28,27,0,4,1,30,29,0.0,0.005480104836788182,1,59,58,4,-1,5,2,0,99,40,24
625,56,56,59,59,0,88,88,80,80,0,56,56,65,65,0,0.005377991082065421,0.005377991082065421,57,57,0,-1,2,2,4,2,77,52,59
626,0,616,1,100,99,0,70,1,34,33,0,32,1,42,41,0.0,0.004969536063174376,1,55,54,2,-1,3,14,0,8,89,35
627,239,445,94,100,6,176,176,90,90,0,176,176,91,91,0,0.02546036284420845,0.028523775485891283,87,89,2,3,2,2,8,15,21,16,47
628,22,1662,40,100,60,96,170,44,77,33,22,170,40,85,45,0.0016678579938050988,0.03761189965621702,42,95,53,1,3,2,11,2,38,74,3
629,34,650,52,100,48,44,54,49,52,3,34,54,52,56,4,0.0030293747234419145,0.01242384015793594,50,75,25,2,3,3,4,6,79,70,24
630,58,58,69,69,0,22,22,49,49,0,22,22,53,53,0,0.008373327887266415,0.008373327887266415,68,68,0,-1,3,3,2,13,90,24,82
631,40,246,54,97,43,62,62,77,77,0,40,62,60,79,19,0.006773545729943157,0.009122162088566664,61,69,8,3,2,2,3,3,75,46,73
632,66,272,65,93,28,60,60,55,55,0,60,60,60,60,0,0.008577555396711936,0.011845195547840293,68,72,4,3,3,3,5,7,70,21,47
633,6,1646,28,100,72,23,172,28,65,37,6,159,28,83,55,6.807583648184077e-05,0.02021852343510671,28,84,56,1,4,2,17,1,20,78,18
634,478,2118,100,100,0,304,328,100,100,0,304,328,100,100,0,0.03492290411518432,0.05800061268252834,91,98,7,1,2,2,10,27,0,10,5
635,0,616,1,100,99,0,62,1,34,33,0,30,1,45,44,0.0,0.004935498144933456,1,55,54,2,-1,3,12,0,3,89,38
636,0,101,1,80,79,0,3,1,24,23,0,1,1,24,23,0.0,0.00010211375472276115,1,29,28,5,-1,6,3,0,76,87,55
637,366,566,100,100,0,104,104,85,85,0,104,104,85,85,0,0.04493005207801491,0.04588311378876068,97,97,0,3,2,2,5,40,70,3,53
638,2,208,29,94,65,4,12,31,39,8,2,12,29,41,12,0.0002382654276864427,0.006058749446883829,34,61,27,3,5,4,2,1,90,60,21
639,0,0,1,1,0,0,0,1,1,0,0,0,1,1,0,0.0,0.0,1,1,0,-1,-1,-1,3,1,85,50,99
640,0,206,1,93,92,0,20,1,36,35,0,8,1,37,36,0.0,0.003369753905851118,1,51,50,3,-1,4,4,0,72,86,29
641,0,616,1,100,99,0,30,1,39,38,0,30,1,46,45,0.0,0.005888559855679227,1,54,53,2,-1,3,6,0,69,84,48
642,2,2,27,27,0,12,12,29,29,0,2,2,27,27,0,0.0002042275094455223,0.0002042275094455223,31,31,0,-1,5,5,6,1,48,60,89
643,100,100,63,63,0,100,100,45,45,0,100,100,63,63,0,0.05000170189591205,0.05102283944313966,97,97,0,4,1,1,11,29,19,1,71
644,8,624,36,100,64,24,34,36,38,2,8,34,36,50,14,0.0005786446100956465,0.00707988699411144,36,63,27,2,4,3,4,2,53,56,44
645,297,297,97,97,0,88,88,81,81,0,88,88,81,81,0,0.03628442084482113,0.03628442084482113,94,94,0,-1,2,2,4,29,73,1,92
646,0,101,1,78,77,0,4,1,25,24,0,1,1,25,24,0.0,3.4037918240920386e-05,1,26,25,5,-1,6,4,0,47,93,95
647,122,1762,79,100,21,176,220,74,85,11,122,220,79,87,8,0.009190237925048503,0.029340685523673374,64,89,25,1,2,2,12,8,2,44,37
648,0,616,1,100,99,0,94,1,36,35,0,34,1,44,43,0.0,0.005582218591510943,1,55,54,2,-1,3,16,0,9,98,62
649,73,279,57,94,37,160,160,69,69,0,73,85,57,60,3,0.004356853534837809,0.005684332346233704,55,57,2,3,2,2,11,4,19,22,52
650,16,632,41,100,59,50,50,48,48,0,16,50,41,56,15,0.002927260968719153,0.011743081793117532,48,73,25,2,3,3,5,3,49,46,25
651,1,103,25,80,55,3,6,25,28,3,1,6,25,31,6,3.4037918240920386e-05,0.0009530617107457708,27,39,12,4,6,5,3,1,87,78,54
652,24,640,49,100,51,68,88,46,51,5,24,88,49,64,15,0.0014295925661186562,0.02198849518363457,43,85,42,2,3,3,8,3,21,43,10
653,2,618,25,100,75,8,38,26,34,8,2,38,25,48,23,0.0,0.006058749446883829,1,55,54,2,5,3,6,1,40,68,57
654,12,12,35,35,0,50,50,36,36,0,12,12,35,35,0,0.0009870996289866913,0.0009870996289866913,38,38,0,-1,4,4,9,3,54,51,97
655,0,206,1,91,90,0,12,1,27,26,0,8,1,30,29,0.0,0.0014636304843595766,1,37,36,3,-1,4,4,0,67,97,52
656,39,655,54,100,46,54,54,55,55,0,39,54,55,59,4,0.004493005207801491,0.032029681064706085,55,93,38,2,3,3,4,4,73,22,3
657,0,206,1,92,91,0,18,1,35,34,0,18,1,45,44,0.0,0.006297014874570271,1,59,58,3,-1,4,3,0,64,99,44
658,8,8,38,38,0,12,12,35,35,0,8,8,38,38,0,0.0011913271384322134,0.0011913271384322134,39,39,0,-1,4,4,2,2,98,74,84
659,100,100,62,62,0,100,100,48,48,0,100,100,62,62,0,0.047789237210252224,0.06565914428673543,98,100,2,2,1,1,10,29,11,0,10
660,6,6,29,29,0,21,21,29,29,0,6,6,29,29,0,0.0,0.0,1,1,0,-1,4,4,10,1,11,95,82
661,144,350,86,97,11,80,80,68,68,0,80,80,72,72,0,0.019469689233806462,0.030566050580346504,83,89,6,3,3,3,5,18,88,30,37
662,80,286,59,96,37,142,142,78,78,0,80,142,59,83,24,0.006433166547533953,0.014023622315259198,57,75,18,3,2,2,8,3,10,29,8
663,0,616,1,100,99,0,100,1,39,38,0,67,1,55,54,0.0,0.011981347220803976,1,72,71,2,-1,3,14,0,8,40,37
664,6,6,32,32,0,10,10,32,32,0,6,6,32,32,0,0.00030634126416828345,0.00030634126416828345,33,33,0,-1,4,4,3,1,64,65,84
665,0,102,1,77,76,0,8,1,29,28,0,2,1,27,26,0.0,0.0012934408931549745,1,40,39,4,-1,5,4,0,84,81,94
666,0,616,1,100,99,0,74,1,40,39,0,74,1,61,60,0.0,0.010994247591817285,1,70,69,2,-1,3,9,0,54,81,19
667,315,915,96,100,4,96,96,90,90,0,96,96,90,90,0,0.04098165356206814,0.04612137921644712,94,96,2,2,2,2,3,29,82,11,44
668,364,980,98,100,2,144,144,91,91,0,144,144,92,92,0,0.03526328329759352,0.050069777732393884,94,99,5,2,2,2,6,29,51,1,15
669,0,206,1,88,87,0,24,1,29,28,0,12,1,34,33,0.0,0.0011232513019503727,1,37,36,3,-1,4,8,1,15,50,74
670,0,0,1,1,0,0,0,1,1,0,0,0,1,1,0,0.0,0.0,1,1,0,-1,-1,-1,2,0,86,81,82
671,6,622,29,100,71,32,122,30,58,28,6,111,29,75,46,0.00010211375472276115,0.009734844616903231,28,63,35,2,4,3,15,1,7,95,19
672,2,208,29,92,63,8,16,32,32,0,2,16,29,42,13,3.4037918240920386e-05,0.0029612988869600733,26,49,23,3,5,4,4,1,47,95,73
673,0,206,1,93,92,0,14,1,34,33,0,12,1,38,37,0.0,0.002110350930937064,1,44,43,3,-1,4,3,1,58,50,75
674,2,2,29,29,0,7,7,29,29,0,2,2,29,29,0,6.807583648184077e-05,6.807583648184077e-05,30,30,0,-1,5,5,4,1,47,55,67
675,186,392,92,100,8,104,104,86,86,0,104,104,87,87,0,0.024881718234112803,0.02648150039143606,88,88,0,3,2,2,5,17,49,6,94
676,6,1646,30,100,70,32,150,31,69,38,6,150,30,85,55,0.00017018959120460194,0.039824364341876854,30,95,65,1,4,2,11,1,38,65,2
677,16,216,44,92,48,18,18,35,35,0,18,18,48,48,0,0.0030634126416828346,0.01579359406378706,50,80,30,3,4,4,3,6,87,41,18
678,0,101,1,80,79,0,4,1,25,24,0,1,1,25,24,0.0,0.0,1,1,0,6,-1,7,4,0,73,66,58
679,214,214,89,89,0,300,300,89,89,0,214,214,89,89,0,0.014806494434800367,0.014806494434800367,77,77,0,-1,2,2,14,9,16,27,97
680,0,206,1,90,89,0,36,1,35,34,0,36,1,49,48,0.0,0.008339289969025495,1,65,64,3,-1,4,6,0,48,66,14
681,100,100,67,67,0,100,100,55,55,0,100,100,67,67,0,0.05122706695258518,0.051499370298512544,98,98,0,4,1,1,9,27,23,10,88
682,0,206,1,93,92,0,29,1,30,29,0,6,1,28,27,0.0,0.0008169100377820892,1,36,35,3,-1,4,9,0,23,99,71
683,16,16,45,45,0,22,22,49,49,0,16,16,48,48,0,0.0029612988869600733,0.0029612988869600733,49,49,0,-1,3,3,2,2,90,94,81
684,100,100,61,61,0,100,100,43,43,0,100,100,61,61,0,0.021035433472888797,0.021035433472888797,80,80,0,5,1,1,12,6,2,34,58
685,0,206,1,92,91,0,10,1,31,30,0,6,1,31,30,0.0,0.002586881786309949,1,48,47,3,-1,4,3,0,64,89,90
686,220,420,94,100,6,48,48,60,60,0,48,48,63,63,0,0.03094046768099663,0.0402328193607679,91,95,4,3,3,3,3,30,58,7,5
687,0,616,1,100,99,0,40,1,41,40,0,40,1,52,51,0.0,0.005650294427992784,1,55,54,2,-1,3,5,0,61,80,57
688,111,727,80,100,20,182,202,70,73,3,111,202,80,89,9,0.007760645358929848,0.019810068416215663,62,81,19,2,2,2,13,8,13,44,12
689,6,622,29,100,71,16,52,29,38,9,6,52,29,54,25,0.00037441710065012424,0.011606930120153852,34,74,40,2,4,3,7,1,43,55,5
690,0,616,1,100,99,0,30,1,44,43,0,30,1,54,53,0.0,0.007624493685966166,1,64,63,2,-1,3,4,0,77,93,24
691,0,1640,1,100,99,0,144,1,60,59,0,144,1,78,77,0.0,0.03900745430409476,1,94,93,1,-1,2,10,0,0,96,3
692,70,276,62,97,35,64,64,67,67,0,64,64,68,68,0,0.006331052792811192,0.010041185881071514,54,64,10,3,3,3,4,5,67,47,13
693,108,108,72,72,0,70,70,51,51,0,70,70,57,57,0,0.013547091459886314,0.013547091459886314,77,77,0,-1,3,3,5,9,52,39,84
694,38,244,52,93,41,38,38,51,51,0,38,38,54,54,0,0.004799346471969774,0.005956635692161067,56,60,4,3,3,3,3,6,82,41,83
695,78,694,61,100,39,124,124,75,75,0,78,124,61,83,22,0.008237176214302734,0.018108172504169646,66,80,14,2,3,3,9,8,23,44,33
696,22,22,40,40,0,60,60,40,40,0,22,22,40,40,0,0.0010892133837094523,0.0010892133837094523,39,39,0,-1,3,3,9,2,31,74,86
697,100,100,58,58,0,100,100,38,38,0,100,100,58,58,0,0.04894652643044351,0.05749004390891453,98,99,1,1,1,1,16,30,9,7,57
698,0,616,1,100,99,0,28,1,43,42,0,28,1,50,49,0.0,0.010449640899962559,1,71,70,2,-1,3,3,0,92,81,17
699,6,6,29,29,0,35,35,31,31,0,6,6,29,29,0,0.00017018959120460194,0.00017018959120460194,30,30,0,-1,4,4,15,1,7,60,80
700,22,638,41,100,59,52,66,43,50,7,22,66,41,61,20,0.003710133088260322,0.012900371013308825,53,74,21,2,3,3,6,2,34,75,17
701,8,214,36,94,58,18,18,36,36,0,8,18,36,44,8,0.0012594029749140542,0.006092787365124749,41,59,18,3,4,4,3,2,66,74,44
702,100,100,72,72,0,100,100,87,87,0,100,100,87,87,0,0.08938357330065694,0.10047993464719698,100,100,0,2,1,1,4,36,53,2,5
703,0,0,1,1,0,0,0,1,1,0,0,0,1,1,0,0.0,0.0,1,1,0,-1,-1,-1,2,0,86,67,92
704,22,228,42,93,51,42,46,38,42,4,22,46,42,51,9,0.0011232513019503727,0.006467204465774873,38,60,22,3,3,3,6,2,65,74,38
705,0,206,1,93,92,0,20,1,36,35,0,6,1,32,31,0.0,0.00353994349705572,1,51,50,3,-1,4,4,0,72,86,90
706,233,335,99,100,1,56,56,82,82,0,56,56,82,82,0,0.037373634228530586,0.03761189965621702,96,96,0,4,2,2,2,29,89,11,49
707,100,100,70,70,0,100,100,53,53,0,100,100,70,70,0,0.035025017869907075,0.04026685727900882,90,95,5,3,1,1,9,15,31,19,72
708,2,618,26,100,74,9,34,26,33,7,2,26,26,43,17,0.0,0.002110350930937064,1,43,42,2,5,3,8,1,42,68,54
709,30,1670,50,100,50,28,62,40,74,34,28,62,49,76,27,0.00445896728956057,0.0652847271860853,53,98,45,1,3,2,3,6,82,73,0
710,32,32,55,55,0,22,22,47,47,0,22,22,52,52,0,0.0046972327172470135,0.0046972327172470135,55,55,0,-1,3,3,2,6,89,35,50
711,317,933,99,100,1,128,128,96,96,0,128,128,96,96,0,0.03812246842983083,0.053269342047040404,95,98,3,2,2,2,5,29,49,0,23
712,190,291,94,99,5,56,56,84,84,0,56,56,85,85,0,0.03475271452397971,0.03475271452397971,94,94,0,5,2,2,2,27,98,10,95
713,8,8,34,34,0,54,54,34,34,0,8,8,34,34,0,0.0002042275094455223,0.0002042275094455223,32,32,0,-1,4,4,11,2,38,56,98
714,64,680,58,100,42,140,140,70,70,0,64,110,58,75,17,0.006977773239388679,0.01245787807617686,61,72,11,2,3,3,10,4,12,38,57
715,62,678,52,100,48,144,144,61,61,0,62,78,52,54,2,0.0036760951700194017,0.0057524081827155455,50,54,4,2,2,2,10,3,0,54,53
716,0,1640,1,100,99,0,146,1,63,62,0,146,1,85,84,0.0,0.022839443139657578,1,87,86,1,-1,2,12,0,6,99,12
717,0,0,1,1,0,0,0,1,1,0,0,0,1,1,0,0.0,0.0,1,1,0,-1,-1,-1,6,0,74,92,81
718,32,648,43,100,57,84,94,42,44,2,32,68,43,57,14,0.0030293747234419145,0.006705469893461316,48,58,10,2,3,3,9,2,29,83,35
719,90,690,74,100,26,28,28,48,48,0,28,28,54,54,0,0.010755982164130842,0.019129310051397258,70,85,15,2,3,3,3,14,55,32,33
720,0,616,1,99,98,0,82,1,38,37,0,82,1,56,55,0.0,0.012968446849790666,1,73,72,2,-1,3,12,0,6,93,30
721,49,49,65,65,0,22,22,49,49,0,22,22,53,53,0,0.005786446100956465,0.005786446100956465,60,60,0,-1,3,3,2,4,90,22,96
722,66,682,69,100,31,38,48,59,72,13,38,48,62,74,12,0.007828721195411689,0.031995643146465164,67,91,24,2,3,3,3,7,92,21,0
723,207,207,93,93,0,152,152,95,95,0,152,152,95,95,0,0.028455699649409444,0.028455699649409444,90,90,0,-1,2,2,5,20,63,23,79
724,16,117,40,79,39,40,40,41,41,0,16,17,40,42,2,0.0026209197045508697,0.0026549576227917903,48,49,1,6,3,3,5,3,80,46,68
725,214,316,90,94,4,142,142,72,72,0,142,142,83,83,0,0.02130773681881616,0.021375812655298,85,85,0,4,2,2,8,16,42,18,60
726,121,327,84,99,15,62,62,82,82,0,62,62,82,82,0,0.018142210422410564,0.019469689233806462,78,83,5,3,2,2,3,13,81,33,53
727,100,100,66,66,0,100,100,43,43,0,100,100,66,66,0,0.030532012662105586,0.046904251335988294,91,96,5,2,1,1,11,18,33,5,15
728,0,206,1,93,92,0,16,1,36,35,0,16,1,42,41,0.0,0.005582218591510943,1,59,58,3,-1,4,4,0,72,36,21
729,112,318,78,95,17,166,166,88,88,0,112,166,78,90,12,0.011300588855985567,0.014874570271282209,71,75,4,3,2,2,8,4,21,38,47
730,166,372,83,97,14,276,276,85,85,0,166,172,83,84,1,0.006977773239388679,0.007182000748834201,59,59,0,3,2,2,15,6,7,28,4
731,100,100,67,67,0,100,100,55,55,0,100,100,67,67,0,0.037373634228530586,0.07127540079648728,94,100,6,1,1,1,9,16,23,12,10
732,6,6,29,29,0,14,14,30,30,0,6,6,29,29,0,0.00010211375472276115,0.00010211375472276115,29,29,0,-1,4,4,5,1,52,65,36
733,42,42,54,54,0,66,66,51,51,0,40,40,52,52,0,0.0034037918240920387,0.0034037918240920387,52,52,0,-1,3,3,6,6,34,41,59
734,0,0,1,1,0,0,0,1,1,0,0,0,1,1,0,0.0,0.0,1,1,0,-1,-1,-1,2,1,95,69,97
735,6,622,33,100,67,24,34,40,43,3,6,34,33,51,18,0.00176997174852786,0.008713707069675619,44,66,22,2,4,3,4,2,47,94,21
736,0,0,1,1,0,0,0,1,1,0,0,0,1,1,0,0.0,0.0,1,1,0,-1,-1,-1,5,0,80,84,92
737,34,240,52,94,42,44,44,48,48,0,34,44,52,57,5,0.0028591851322373124,0.00707988699411144,48,62,14,3,3,3,4,3,47,54,57
738,2,208,27,94,67,4,12,27,31,4,2,8,27,35,8,0.00013615167296368154,0.002927260968719153,29,49,20,3,5,4,2,1,91,65,90
739,174,790,87,100,13,144,144,70,70,0,144,144,84,84,0,0.01317267435923619,0.02110350930937064,76,84,8,2,3,3,9,14,28,32,77
740,90,1730,61,100,39,154,178,67,77,10,90,178,61,86,25,0.006467204465774873,0.040164743524286055,57,95,38,1,2,2,10,6,18,28,1
741,28,129,47,80,33,52,52,40,40,0,28,29,47,48,1,0.0011232513019503727,0.001157289220191293,40,40,0,5,3,3,7,3,24,43,78
742,60,60,60,60,0,68,68,71,71,0,59,59,66,66,0,0.006126825283365669,0.006126825283365669,58,58,0,-1,2,2,4,6,47,41,82
743,6,212,29,93,64,10,18,29,35,6,6,18,29,44,15,6.807583648184077e-05,0.003165526396405596,27,50,23,3,4,4,3,1,82,95,41
744,77,1717,65,100,35,124,158,68,82,14,77,119,65,81,16,0.00789679703189353,0.02117158514585248,65,84,19,1,3,2,9,8,31,44,75
745,100,100,61,61,0,100,100,40,40,0,100,100,61,61,0,0.017018959120460194,0.04632560672589264,75,98,23,1,1,1,14,6,8,13,11
746,2,208,25,92,67,12,32,25,31,6,2,12,25,33,8,6.807583648184077e-05,0.0027911092957554717,27,48,21,3,5,4,10,1,36,68,73
747,86,702,65,100,35,86,96,62,66,4,86,96,65,67,2,0.007454304094761564,0.03699921712788046,63,95,32,2,3,3,6,7,74,21,3
748,64,166,62,88,26,64,64,60,60,0,64,64,63,63,0,0.007386228258279724,0.007624493685966166,60,62,2,4,3,3,4,7,83,62,88
749,132,338,86,96,10,120,120,87,87,0,120,120,89,89,0,0.01657646618332823,0.019027196296674494,81,86,5,3,2,2,6,13,32,33,70
750,24,640,46,100,54,58,68,38,39,1,24,44,46,52,6,0.001157289220191293,0.0029612988869600733,40,48,8,2,3,3,8,4,15,64,43
751,73,279,59,94,35,154,154,72,72,0,73,83,59,59,0,0.006092787365124749,0.007522379931243405,60,60,0,3,2,2,10,4,11,22,54
752,145,145,83,83,0,204,204,79,79,0,145,145,83,83,0,0.009973110044589673,0.009973110044589673,65,65,0,-1,2,2,11,8,5,44,82
753,88,190,65,90,25,100,100,69,69,0,88,90,68,68,0,0.008679669151434699,0.00888389666088022,68,68,0,4,2,2,6,7,34,62,65
754,10,216,40,92,52,18,18,35,35,0,10,18,40,47,7,0.0016338200755641784,0.006841621566424997,44,57,13,3,4,4,3,3,87,54,44
755,0,206,1,92,91,0,14,1,31,30,0,6,1,31,30,0.0,0.0002382654276864427,1,31,30,3,-1,4,7,0,46,81,4
756,0,102,1,75,74,0,11,1,27,26,0,5,1,28,27,0.0,0.00088498587426393,1,38,37,4,-1,5,6,0,59,36,43
757,46,252,55,95,40,50,50,45,45,0,50,50,56,56,0,0.007216038667075122,0.010347527145239796,62,70,8,3,3,3,5,6,45,34,35
758,0,616,1,100,99,0,34,1,44,43,0,34,1,52,51,0.0,0.011675005956635693,1,70,69,2,-1,3,4,0,84,97,39
759,0,0,1,1,0,0,0,1,1,0,0,0,1,1,0,0.0,0.0,1,1,0,-1,-1,-1,6,0,44,98,99
760,6,107,30,74,44,12,12,30,30,0,6,7,30,36,6,0.00010211375472276115,0.00013615167296368154,29,29,0,6,4,4,4,1,83,65,78
761,36,36,59,59,0,22,22,55,55,0,22,22,57,57,0,0.005888559855679227,0.005888559855679227,61,61,0,-1,3,3,2,6,97,26,76
762,6,622,32,100,68,14,48,32,53,21,6,48,32,55,23,0.0004765308553728854,0.026004969536063176,34,89,55,2,4,3,3,1,87,88,7
763,47,149,61,89,28,28,28,46,46,0,28,28,51,51,0,0.006841621566424997,0.007113924912352361,60,61,1,4,3,3,3,8,85,44,4
764,305,405,98,100,2,110,110,82,82,0,110,110,83,83,0,0.031110657272201234,0.03114469519044215,91,91,0,5,2,2,6,29,56,11,78
765,6,212,31,90,59,27,36,33,35,2,6,12,31,37,6,0.00013615167296368154,0.0031314884781646754,32,50,18,3,4,4,8,1,57,4,90
766,0,206,1,96,95,0,8,1,32,31,0,8,1,37,36,0.0,0.0042547397801150485,1,51,50,3,-1,4,2,0,99,40,38
767,0,616,1,100,99,0,48,1,36,35,0,40,1,50,49,0.0,0.006501242384015794,1,58,57,2,-1,3,7,0,24,59,48
768,100,100,73,73,0,100,100,82,82,0,100,100,82,82,0,0.034820790360461554,0.03859899928520372,92,94,2,3,1,1,5,6,88,35,38
769,2,2,26,26,0,13,13,28,28,0,2,2,26,26,0,3.4037918240920386e-05,3.4037918240920386e-05,29,29,0,-1,5,5,10,1,0,78,91
770,84,700,63,100,37,152,152,83,83,0,84,152,63,85,22,0.010619830491167161,0.017937982912965042,68,79,11,2,2,2,8,5,21,25,38
771,0,0,1,1,0,0,0,1,1,0,0,0,1,1,0,0.0,0.0,1,1,0,-1,-1,-1,10,1,11,50,79
772,0,616,1,100,99,0,84,1,47,46,0,84,1,65,64,0.0,0.024098846114571634,1,86,85,2,-1,3,9,0,31,91,10
773,0,206,1,91,90,0,28,1,31,30,0,8,1,32,31,0.0,0.00088498587426393,1,37,36,3,-1,4,10,0,0,98,74
774,74,690,66,100,34,78,88,72,75,3,78,88,75,78,3,0.007828721195411689,0.02648150039143606,63,88,25,2,2,2,4,6,47,26,9
775,118,118,77,77,0,284,284,81,81,0,118,118,77,77,0,0.011640968038394772,0.011640968038394772,65,65,0,-1,2,2,16,5,9,25,59
776,0,616,1,100,99,0,52,1,42,41,0,52,1,56,55,0.0,0.012491915994417782,1,74,73,2,-1,3,6,0,34,81,32
777,18,618,41,100,59,74,74,44,44,0,18,64,41,57,16,0.00088498587426393,0.005854521937438306,37,58,21,2,3,3,8,2,15,56,13
778,29,235,52,94,42,28,28,46,46,0,28,28,51,51,0,0.003642057251778481,0.02215868477483917,51,88,37,3,3,3,3,4,85,22,11
779,100,100,62,62,0,100,100,48,48,0,100,100,62,62,0,0.021614078082984444,0.025154021580040164,81,87,6,2,1,1,10,4,11,72,29
780,56,1696,59,100,41,70,94,67,75,8,56,94,58,76,18,0.010245413390517035,0.04190067735457299,70,97,27,1,3,2,5,5,70,25,5
781,0,616,1,100,99,0,54,1,52,51,0,54,1,56,55,0.0,0.017597603730555838,1,84,83,2,-1,3,4,0,79,99,30
782,212,812,90,100,10,166,166,83,83,0,166,166,88,88,0,0.013376901868681712,0.020014295925661188,75,83,8,2,2,2,8,14,15,32,25
783,114,1714,80,100,20,176,176,87,87,0,114,176,80,88,8,0.011845195547840293,0.030293747234419143,74,87,13,1,2,2,8,6,57,77,12
784,100,100,65,65,0,100,100,45,45,0,100,100,65,65,0,0.045474658769869634,0.045474658769869634,96,96,0,-1,1,1,10,22,12,9,80
785,0,206,1,88,87,0,15,1,28,27,0,6,1,28,27,0.0,0.0002723033459273631,1,32,31,3,-1,4,7,0,24,92,88
786,48,664,51,100,49,134,174,62,69,7,48,174,52,86,34,0.002110350930937064,0.012730181422104225,44,72,28,2,3,3,14,3,8,43,19
787,22,124,41,75,34,60,60,35,35,0,22,24,41,44,3,0.0013274788113958951,0.0013615167296368155,39,39,0,4,3,3,11,3,5,51,95
788,6,622,29,100,71,24,68,30,39,9,6,56,29,53,24,0.0002042275094455223,0.009054086252084823,32,65,33,2,4,3,8,1,15,65,27
789,0,206,1,96,95,0,12,1,36,35,0,12,1,41,40,0.0,0.008713707069675619,1,66,65,3,-1,4,2,0,99,67,19
790,0,616,1,99,98,0,84,1,38,37,0,56,1,53,52,0.0,0.004561081044283332,1,54,53,2,-1,3,12,0,6,79,13
791,100,100,64,64,0,100,100,49,49,0,100,100,64,64,0,0.054018176248340655,0.056979475135300724,99,99,0,3,1,1,8,27,42,10,35
792,0,102,1,77,76,0,8,1,28,27,0,2,1,26,25,0.0,0.0004765308553728854,1,34,33,4,-1,5,5,0,37,97,88
793,64,64,58,58,0,140,140,70,70,0,64,64,58,58,0,0.00622893903808843,0.00622893903808843,59,59,0,-1,3,3,10,7,12,62,81
794,146,247,87,94,7,88,88,76,76,0,88,88,79,79,0,0.02314578440382586,0.023213860240307704,87,88,1,6,2,2,4,17,47,6,68
795,2,104,28,77,49,15,15,29,29,0,2,4,28,30,2,3.4037918240920386e-05,0.00017018959120460194,27,32,5,4,5,5,8,1,57,95,4
796,12,1652,39,100,61,24,58,38,62,24,12,58,39,62,23,0.002995336805200994,0.04077742605262262,49,94,45,1,4,2,4,2,79,75,18
797,22,228,38,92,54,48,52,34,34,0,22,28,38,40,2,0.0006467204465774873,0.002212464685659825,34,41,7,3,3,3,9,2,29,63,94
798,28,28,49,49,0,60,60,48,48,0,28,28,49,49,0,0.002723033459273631,0.002723033459273631,50,50,0,-1,3,3,5,6,63,70,45
799,166,268,87,94,7,96,96,69,69,0,96,96,70,70,0,0.019844106334456584,0.02018448551686579,84,84,0,4,3,3,6,16,56,12,88
800,0,616,1,100,99,0,36,1,37,36,0,36,1,47,46,0.0,0.005718370264474625,1,54,53,2,-1,3,5,0,52,36,57
801,24,125,52,91,39,18,18,53,53,0,18,18,54,54,0,0.002280540522141666,0.002314578440382586,46,46,0,7,3,3,2,3,97,54,58
802,0,0,1,1,0,0,0,1,1,0,0,0,1,1,0,0.0,0.0,1,1,0,-1,-1,-1,8,1,10,50,96
803,87,293,76,98,22,32,32,63,63,0,32,32,64,64,0,0.014908608189523128,0.01664454201981007,76,79,3,3,3,3,2,13,86,33,46
804,22,638,41,100,59,70,106,37,54,17,22,106,41,77,36,0.0005446066918547262,0.013683243132849994,35,73,38,2,3,3,11,2,33,63,12
805,1,103,25,82,57,3,6,25,28,3,1,2,25,26,1,0.00010211375472276115,0.0009530617107457708,29,37,8,4,6,5,3,1,66,68,71
806,85,291,75,99,24,32,32,70,70,0,32,32,70,70,0,0.010007147962830594,0.02117158514585248,68,84,16,3,3,3,2,13,95,24,37
807,2,2,26,26,0,15,15,26,26,0,2,2,26,26,0,3.4037918240920386e-05,3.4037918240920386e-05,27,27,0,-1,5,5,14,1,8,78,66
808,0,0,1,1,0,0,0,1,1,0,0,0,1,1,0,0.0,0.0,1,1,0,-1,-1,-1,3,0,55,59,99
809,54,670,51,100,49,86,86,63,63,0,54,86,51,66,15,0.007147962830593281,0.015657442390823378,59,76,17,2,3,3,6,4,56,38,14
810,0,616,1,100,99,0,24,1,40,39,0,24,1,50,49,0.0,0.005207801490860819,1,56,55,2,-1,3,3,0,64,79,26
811,0,616,1,99,98,0,70,1,36,35,0,38,1,44,43,0.0,0.0048674223084516155,1,53,52,2,-1,3,11,0,33,36,26
812,223,429,99,100,1,56,56,93,93,0,56,56,93,93,0,0.03808843051158991,0.04101569148030906,97,97,0,3,2,2,2,30,99,7,13
813,6,622,29,100,71,42,114,34,62,28,6,114,29,74,45,0.0004084550188910446,0.02634534871847238,36,88,52,2,4,3,9,1,28,88,0
814,91,707,76,100,24,38,48,59,72,13,38,48,62,74,12,0.015317063208414174,0.04145818441744103,78,93,15,2,3,3,3,12,92,37,11
815,6,212,31,95,64,14,18,32,34,2,6,18,31,45,14,0.00034037918240920387,0.007182000748834201,32,62,30,3,4,4,3,1,94,60,20
816,0,0,1,1,0,0,0,1,1,0,0,0,1,1,0,0.0,0.0,1,1,0,-1,-1,-1,2,0,90,82,36
817,6,622,27,100,73,24,74,29,37,8,6,54,27,53,26,6.807583648184077e-05,0.00789679703189353,28,60,32,2,4,3,12,1,2,95,17
818,16,16,35,35,0,72,72,39,39,0,16,16,35,35,0,0.0008509479560230097,0.0008509479560230097,37,37,0,-1,3,3,10,1,18,49,45
819,162,162,86,86,0,192,192,86,86,0,162,162,87,87,0,0.01841451376833793,0.01841451376833793,81,81,0,-1,2,2,9,9,28,39,97
820,0,206,1,93,92,0,20,1,36,35,0,8,1,37,36,0.0,0.003437829742332959,1,50,49,3,-1,4,4,0,72,59,29
821,222,838,92,100,8,172,172,86,86,0,172,172,90,90,0,0.02209060893835733,0.03332312195786106,84,92,8,2,2,2,9,17,29,6,39
822,0,616,1,100,99,0,66,1,36,35,0,66,1,56,55,0.0,0.010041185881071514,1,69,68,2,-1,3,10,0,1,84,33
823,109,109,86,86,0,32,32,71,71,0,32,32,71,71,0,0.020592940535756832,0.020592940535756832,85,85,0,-1,3,3,2,16,99,18,82
824,130,130,84,84,0,118,118,93,93,0,118,118,93,93,0,0.018006058749446885,0.018006058749446885,82,82,0,-1,2,2,5,8,45,20,87
825,150,150,80,80,0,166,166,84,84,0,150,150,84,84,0,0.01412573606998196,0.01412573606998196,73,73,0,-1,2,2,8,8,27,17,91
826,154,154,89,89,0,88,88,80,80,0,88,88,80,80,0,0.02215868477483917,0.02215868477483917,84,84,0,-1,2,2,4,18,84,5,59
827,0,1640,1,100,99,0,52,1,78,77,0,52,1,78,77,0.0,0.04200279110929576,1,95,94,1,-1,2,3,0,76,96,19
828,95,95,77,77,0,32,32,58,58,0,32,32,59,59,0,0.015589366554341537,0.015589366554341537,79,79,0,-1,3,3,2,12,68,37,91
829,0,0,1,1,0,0,0,1,1,0,0,0,1,1,0,0.0,0.0,1,1,0,-1,-1,-1,14,0,25,85,66
830,40,656,47,100,53,66,66,44,44,0,40,66,47,56,9,0.004901460226692535,0.009836958371625992,52,68,16,2,3,3,6,6,51,73,38
831,40,656,50,100,50,66,76,54,59,5,40,76,50,64,14,0.002382654276864427,0.01317267435923619,45,76,31,2,2,2,6,1,69,49,39
832,22,228,46,94,48,28,28,43,43,0,22,28,46,49,3,0.002212464685659825,0.008441403723748256,48,68,20,3,3,3,3,2,66,75,34
833,0,616,1,100,99,0,18,1,50,49,0,18,1,52,51,0.0,0.00803294870485721,1,65,64,2,-1,3,2,1,98,50,72
834,144,245,89,97,8,56,56,80,80,0,56,56,81,81,0,0.019367575479083698,0.01943565131556554,86,86,0,6,2,2,2,18,91,5,68
835,329,329,98,98,0,120,120,100,100,0,120,120,100,100,0,0.044045066203750975,0.044045066203750975,95,95,0,-1,2,2,3,30,87,7,36
836,87,293,64,95,31,98,98,55,55,0,87,98,64,66,2,0.006297014874570271,0.006705469893461316,60,61,1,3,3,3,8,8,21,57,63
837,96,712,74,100,26,88,88,81,81,0,88,88,81,81,0,0.01606589740971442,0.03458252493277511,77,94,17,2,2,2,4,8,73,20,7
838,150,252,84,95,11,112,112,92,92,0,112,112,92,92,0,0.017121072875182955,0.017257224548146634,79,79,0,4,2,2,4,8,53,17,55
839,324,324,96,96,0,368,368,97,97,0,324,324,97,97,0,0.024166921951053473,0.024166921951053473,87,87,0,-1,2,2,14,16,16,18,86
840,100,100,64,64,0,100,100,57,57,0,100,100,65,65,0,0.06719085060757685,0.08570747813063753,99,100,1,1,1,1,8,36,10,2,39
841,351,451,97,100,3,144,144,91,91,0,144,144,91,91,0,0.035569624561761805,0.03567173831648456,91,91,0,4,2,2,6,29,32,1,4
842,156,156,85,85,0,162,162,80,80,0,156,156,86,86,0,0.013751318969331836,0.013751318969331836,77,77,0,-1,2,2,9,8,28,8,67
843,100,100,61,61,0,100,100,44,44,0,100,100,61,61,0,0.024337111542258077,0.02740052418394091,87,89,2,2,1,1,12,14,6,14,35
844,0,616,1,100,99,0,54,1,34,33,0,50,1,50,49,0.0,0.00793083495013445,1,62,61,2,-1,3,8,0,42,89,27
845,0,616,1,100,99,0,46,1,38,37,0,46,1,52,51,0.0,0.011198475101262807,1,71,70,2,-1,3,6,0,41,87,39
846,174,174,85,85,0,190,190,74,74,0,174,174,85,85,0,0.010790020082371761,0.010790020082371761,70,70,0,-1,2,2,11,13,5,24,99
847,250,850,94,100,6,72,72,77,77,0,72,72,77,77,0,0.03094046768099663,0.057149664726505324,91,97,6,2,2,2,3,22,82,9,3
848,98,98,72,72,0,80,80,68,68,0,80,80,72,72,0,0.012968446849790666,0.012968446849790666,74,74,0,-1,3,3,5,8,88,8,76
849,2,208,27,90,63,12,20,29,32,3,2,20,27,42,15,0.0002042275094455223,0.0035739814152966403,31,48,17,3,5,4,6,1,48,60,35
850,136,752,83,100,17,104,104,82,82,0,104,104,83,83,0,0.01589570781850982,0.019741992579733823,79,82,3,2,2,2,5,8,50,20,22
851,202,408,92,98,6,216,216,80,80,0,216,216,92,92,0,0.018788930868988054,0.020899281799925118,81,82,1,3,2,2,12,18,6,30,41
852,501,501,100,100,0,304,304,100,100,0,304,304,100,100,0,0.038394771775758195,0.038394771775758195,95,95,0,-1,2,2,10,29,11,1,92
853,120,222,81,91,10,118,118,91,91,0,118,118,91,91,0,0.01320671227747711,0.013547091459886314,75,75,0,4,2,2,5,7,80,48,49
854,222,838,92,100,8,192,192,89,89,0,192,192,92,92,0,0.022430988120766535,0.04581503795227884,85,97,12,2,2,2,9,16,31,18,10
855,108,108,77,77,0,80,80,68,68,0,80,80,69,69,0,0.011198475101262807,0.011198475101262807,71,71,0,-1,3,3,5,9,80,27,36
856,124,330,85,98,13,48,48,69,69,0,48,48,70,70,0,0.019027196296674494,0.02501786990707648,84,88,4,3,3,3,3,18,55,30,34
857,132,338,82,96,14,116,116,74,74,0,116,116,81,81,0,0.016202049082678104,0.02314578440382586,79,87,8,3,2,2,7,9,46,39,8
858,192,398,95,99,4,96,96,90,90,0,96,96,90,90,0,0.024371149460498995,0.029851254297287178,89,92,3,3,2,2,3,18,75,5,44
859,60,60,69,69,0,56,56,88,88,0,56,56,88,88,0,0.010892133837094524,0.010892133837094524,70,70,0,-1,2,2,2,6,93,41,50
860,16,16,35,35,0,34,34,39,39,0,16,16,35,35,0,0.0026209197045508697,0.0026209197045508697,43,43,0,-1,3,3,4,3,67,46,36
861,22,123,47,81,34,34,34,44,44,0,22,23,47,51,4,0.0013274788113958951,0.0013615167296368155,42,42,0,6,3,3,4,2,47,63,68
862,145,761,82,100,18,198,198,83,83,0,145,161,82,85,3,0.010687906327649,0.01232172640321318,67,72,5,2,2,2,10,8,11,44,42
863,0,616,1,100,99,0,56,1,44,43,0,56,1,52,51,0.0,0.013989584397018279,1,77,76,2,-1,3,6,0,59,80,18
864,100,100,59,59,0,100,100,45,45,0,100,100,59,59,0,0.03761189965621702,0.048163654310902346,95,96,1,2,1,1,10,20,0,23,39
865,38,654,49,100,51,62,72,43,45,2,38,58,49,56,7,0.002144388849177984,0.004969536063174376,46,53,7,2,3,3,7,3,43,54,70
866,130,130,84,84,0,118,118,93,93,0,118,118,93,93,0,0.018006058749446885,0.018006058749446885,82,82,0,-1,2,2,5,8,45,20,87
867,260,876,95,100,5,120,120,85,85,0,120,120,87,87,0,0.029544913033118896,0.03533135913407536,89,94,5,2,2,2,6,22,74,9,34
868,360,461,99,100,1,136,136,99,99,0,136,136,99,99,0,0.04734674427312026,0.04738078219136117,95,95,0,6,2,2,4,40,78,3,68
869,0,0,1,1,0,0,0,1,1,0,0,0,1,1,0,0.0,0.0,1,1,0,-1,-1,-1,7,0,43,93,85
870,24,230,45,93,48,62,62,42,42,0,24,62,45,57,12,0.0013955546478777359,0.00704584907587052,41,60,19,3,3,3,9,4,26,64,27
871,70,70,67,67,0,84,84,75,75,0,70,70,71,71,0,0.007998910786616291,0.007998910786616291,65,65,0,-1,2,2,5,6,70,28,93
872,100,100,73,73,0,100,100,94,94,0,100,100,94,94,0,0.03652268627250757,0.03652268627250757,96,96,0,-1,1,1,4,1,67,50,99
873,84,290,64,95,31,100,100,68,68,0,84,100,63,72,9,0.006535280302256714,0.00970080669866231,59,67,8,3,2,2,6,5,48,47,29
874,0,616,1,100,99,0,60,1,52,51,0,60,1,59,58,0.0,0.02127369890057524,1,85,84,2,-1,3,5,0,49,91,9
875,262,862,98,100,2,56,56,84,84,0,56,56,85,85,0,0.04115184315327275,0.053609721229449604,96,97,1,2,2,2,2,29,98,1,12
876,0,616,1,100,99,0,50,1,49,48,0,50,1,53,52,0.0,0.023111746485584943,1,87,86,2,-1,3,5,0,37,97,11
877,96,302,71,95,24,94,94,70,70,0,94,94,72,72,0,0.012491915994417782,0.0141938119064638,73,77,4,3,2,2,5,6,37,77,70
878,130,130,85,85,0,72,72,85,85,0,72,72,85,85,0,0.020456788862793153,0.020456788862793153,82,82,0,-1,2,2,3,18,94,30,81
879,1,1,26,26,0,6,6,26,26,0,1,1,26,26,0,0.0,0.0,1,1,0,-1,6,6,6,2,65,58,99
880,0,102,1,81,80,0,5,1,27,26,0,4,1,31,30,0.0,0.00088498587426393,1,36,35,4,-1,5,3,0,96,85,51
881,96,96,76,76,0,62,62,79,79,0,62,62,79,79,0,0.01575955614554614,0.01575955614554614,78,78,0,-1,2,2,3,8,76,17,98
882,94,300,77,100,23,62,62,82,82,0,62,62,84,84,0,0.013819394805813677,0.018754892950747133,77,85,8,3,2,2,3,9,60,31,34
883,126,742,84,100,16,118,118,93,93,0,118,118,93,93,0,0.015555328636100617,0.02757071377514551,79,89,10,2,2,2,5,7,49,48,5
884,6,107,33,84,51,12,12,35,35,0,6,7,33,37,4,0.001599782157323258,0.0016338200755641784,44,44,0,5,4,4,2,1,86,53,65
885,2,208,29,94,65,4,12,31,39,8,2,12,29,41,12,3.4037918240920386e-05,0.007420266176520644,27,67,40,3,5,4,2,1,90,65,14
886,218,818,91,100,9,156,156,84,84,0,156,156,88,88,0,0.021818305592429966,0.026787841655604345,85,87,2,2,2,2,8,16,10,18,21
887,2,208,28,89,61,10,15,29,29,0,2,8,28,32,4,0.0002723033459273631,0.0007147962830593281,32,35,3,3,5,4,6,1,71,55,49
888,0,616,1,100,99,0,64,1,34,33,0,24,1,38,37,0.0,0.002382654276864427,1,46,45,2,-1,3,15,0,7,40,70
889,6,622,29,100,71,18,68,29,40,11,6,43,29,51,22,0.0002723033459273631,0.008237176214302734,33,65,32,2,4,3,8,1,30,55,25
890,136,1776,79,100,21,152,176,76,86,10,136,176,80,90,10,0.01412573606998196,0.040709350216140784,78,95,17,1,2,2,8,8,15,20,18
891,194,194,93,93,0,86,86,62,62,0,86,86,68,68,0,0.018788930868988054,0.018788930868988054,85,85,0,-1,3,3,6,19,32,15,59
892,227,843,95,100,5,168,168,98,98,0,168,168,98,98,0,0.028455699649409444,0.0300554818067327,89,89,0,2,2,2,6,20,34,23,49
893,35,35,55,55,0,44,44,48,48,0,35,35,56,56,0,0.004356853534837809,0.004356853534837809,54,54,0,-1,3,3,4,6,47,73,99
894,34,34,55,55,0,44,44,53,53,0,34,34,55,55,0,0.003880322679464924,0.003880322679464924,54,54,0,-1,3,3,4,6,78,70,87
895,139,241,82,95,13,120,120,80,80,0,120,120,81,81,0,0.015623404472582456,0.01579359406378706,77,77,0,4,2,2,6,15,34,19,65
896,6,1646,31,100,69,15,80,32,53,21,6,80,31,62,31,0.00030634126416828345,0.036760951700194014,33,92,59,1,4,2,6,1,48,55,0
897,0,616,1,100,99,0,66,1,47,46,0,66,1,58,57,0.0,0.016168011164437182,1,80,79,2,-1,3,6,0,59,97,30
898,0,616,1,100,99,0,66,1,36,35,0,66,1,57,56,0.0,0.010109261717553355,1,67,66,2,-1,3,10,0,22,82,33
899,94,300,73,97,24,62,62,77,77,0,62,62,78,78,0,0.01334286395044079,0.018244324177133328,76,84,8,3,2,2,3,9,58,31,21
900,44,250,56,96,40,38,38,53,53,0,38,38,55,55,0,0.006569318220497634,0.009156200006807584,60,68,8,3,3,3,3,4,64,38,73
901,245,347,95,99,4,96,96,67,67,0,96,96,70,70,0,0.029578950951359814,0.029578950951359814,90,90,0,4,3,3,6,29,65,0,55
902,46,46,57,57,0,62,62,74,74,0,46,46,63,63,0,0.0051397256543789785,0.0051397256543789785,57,57,0,-1,2,2,3,2,64,52,76
903,74,176,69,92,23,38,38,55,55,0,38,38,58,58,0,0.011096361346540046,0.012798257258586064,72,76,4,4,3,3,3,9,76,27,75
904,166,166,86,86,0,148,148,78,78,0,148,148,85,85,0,0.015827631982027978,0.015827631982027978,76,76,0,-1,2,2,9,14,35,14,79
905,2,2,26,26,0,19,19,26,26,0,2,2,26,26,0,3.4037918240920386e-05,3.4037918240920386e-05,26,26,0,-1,5,5,17,1,20,68,89
906,240,240,93,93,0,160,160,86,86,0,160,160,88,88,0,0.018993158378433576,0.018993158378433576,83,83,0,-1,2,2,7,18,24,5,80
907,292,292,95,95,0,272,272,94,94,0,272,272,94,94,0,0.02743456210218183,0.02743456210218183,89,89,0,-1,2,2,11,20,33,23,96
908,0,0,1,1,0,0,0,1,1,0,0,0,1,1,0,0.0,0.0,1,1,0,-1,-1,-1,5,0,70,85,59
909,120,120,76,76,0,116,116,68,68,0,120,120,77,77,0,0.007216038667075122,0.007216038667075122,59,59,0,-1,2,2,7,6,24,13,66
910,94,710,59,100,41,166,176,67,69,2,94,124,59,77,18,0.006297014874570271,0.012253650566731339,59,72,13,2,2,2,12,6,6,28,62
911,40,142,50,81,31,86,86,54,54,0,40,42,50,50,0,0.004731270635487933,0.004935498144933456,53,53,0,4,2,2,7,2,43,94,49
912,129,729,83,100,17,96,96,74,74,0,96,96,74,74,0,0.016304162837400864,0.037475747983253344,79,96,17,2,3,3,6,15,69,19,16
913,44,250,57,99,42,12,12,37,37,0,12,12,42,42,0,0.009360427516253106,0.03158718812757412,68,95,27,3,4,4,2,8,99,8,10
914,363,563,100,100,0,96,96,94,94,0,96,96,94,94,0,0.05480104836788182,0.06467204465774873,97,99,2,3,2,2,3,36,85,2,18
915,8,624,37,100,63,16,64,33,59,26,8,64,37,62,25,0.000442492937131965,0.027026107083290785,34,89,55,2,4,3,4,2,83,63,1
916,24,640,42,100,58,116,126,55,62,7,24,40,42,45,3,0.0020763130126961434,0.003642057251778481,44,51,7,2,3,3,14,3,17,54,71
917,16,16,36,36,0,70,70,54,54,0,16,16,36,36,0,0.003948398515946765,0.003948398515946765,53,53,0,-1,3,3,5,1,61,90,92
918,91,91,79,79,0,32,32,63,63,0,32,32,65,65,0,0.011845195547840293,0.011845195547840293,75,75,0,-1,3,3,2,14,98,32,40
919,80,286,61,94,33,126,126,80,80,0,80,86,63,65,2,0.010109261717553355,0.010824058000612683,68,69,1,3,2,2,7,5,62,25,42
920,84,84,64,64,0,110,110,80,80,0,84,84,63,63,0,0.006875659484665918,0.006875659484665918,63,63,0,-1,2,2,6,6,48,28,87
921,0,102,1,83,82,0,4,1,28,27,0,2,1,26,25,0.0,0.0012253650566731338,1,39,38,4,-1,5,2,0,99,86,71
922,96,302,67,94,27,128,128,76,76,0,96,102,67,77,10,0.008611593314952858,0.01147077844719017,66,73,7,3,3,3,8,7,57,21,90
923,40,656,54,100,46,72,72,79,79,0,40,72,60,79,19,0.005003573981415297,0.018380475850097007,56,84,28,2,2,2,3,1,75,53,39
924,233,849,93,100,7,182,182,88,88,0,182,182,92,92,0,0.02491575615235372,0.05606045134279587,88,100,12,2,2,2,9,20,29,23,2
925,6,622,32,100,68,34,48,33,37,4,6,22,32,39,7,0.0007828721195411688,0.0030974505599237552,37,47,10,2,4,3,7,1,46,71,53
926,49,49,54,54,0,62,62,46,46,0,49,49,54,54,0,0.003914360597705844,0.003914360597705844,50,50,0,-1,3,3,7,4,62,22,79
927,0,0,1,1,0,0,0,1,1,0,0,0,1,1,0,0.0,0.0,1,1,0,-1,-1,-1,2,0,97,96,92
928,0,616,1,100,99,0,56,1,45,44,0,56,1,57,56,0.0,0.036080193335375606,1,96,95,2,-1,3,6,0,74,99,3
929,288,288,97,97,0,288,288,97,97,0,288,288,97,97,0,0.021648116001225366,0.021648116001225366,84,84,0,-1,2,2,12,18,14,5,93
930,56,56,52,52,0,76,76,54,54,0,56,56,52,52,0,0.004595118962524252,0.004595118962524252,50,50,0,-1,2,2,6,2,56,74,50
931,423,2063,98,100,2,184,208,96,98,2,184,208,96,98,2,0.03516116954287076,0.07001599782157324,91,100,9,1,2,2,7,29,46,1,11
932,6,6,31,31,0,13,13,31,31,0,6,6,31,31,0,0.00017018959120460194,0.00017018959120460194,30,30,0,-1,4,4,5,1,37,60,50
933,0,101,1,79,78,0,5,1,24,23,0,1,1,24,23,0.0,0.00013615167296368154,1,29,28,5,-1,6,5,0,45,97,65
934,0,1640,1,100,99,0,124,1,59,58,0,82,1,55,54,0.0,0.014023622315259198,1,76,75,1,-1,2,14,0,16,97,20
935,0,616,1,100,99,0,50,1,46,45,0,50,1,53,52,0.0,0.01245787807617686,1,73,72,2,-1,3,5,0,88,67,14
936,0,101,1,75,74,0,8,1,25,24,0,1,1,25,24,0.0,3.4037918240920386e-05,1,26,25,5,-1,6,8,1,21,50,95
937,174,380,84,96,12,184,184,79,79,0,184,184,87,87,0,0.014432077334150244,0.017427414139351238,74,77,3,3,2,2,10,15,12,19,29
938,100,306,77,95,18,72,72,77,77,0,72,72,77,77,0,0.009564655025698629,0.01575955614554614,72,79,7,3,2,2,3,6,82,13,21
939,100,100,66,66,0,100,100,52,52,0,100,100,66,66,0,0.06964158072092311,0.07039041492222335,100,100,0,3,1,1,8,36,15,2,71
940,100,100,63,63,0,100,100,47,47,0,100,100,63,63,0,0.06630586473331292,0.06759930562646789,100,100,0,3,1,1,10,36,36,2,51
941,126,1766,77,100,23,158,182,74,81,7,126,182,78,87,9,0.011096361346540046,0.042853739065318766,70,94,24,1,2,2,9,8,28,17,11
942,6,6,31,31,0,46,46,34,34,0,6,6,31,31,0,0.0002042275094455223,0.0002042275094455223,32,32,0,-1,4,4,11,1,19,88,79
943,0,102,1,77,76,0,20,1,28,27,0,4,1,28,27,0.0,0.0007147962830593281,1,35,34,4,-1,5,11,0,33,67,51
944,0,616,1,100,99,0,86,1,35,34,0,39,1,44,43,0.0,0.0036760951700194017,1,50,49,2,-1,3,15,0,7,89,22
945,76,178,60,87,27,96,96,63,63,0,76,78,62,62,0,0.012151536812008578,0.012219612648490419,72,72,0,4,2,2,7,6,62,34,65
946,100,100,59,59,0,100,100,39,39,0,100,100,59,59,0,0.047074440927192894,0.05047823275128493,97,98,1,2,1,1,14,29,16,0,28
947,24,640,44,100,56,86,120,43,61,18,24,120,44,79,35,0.0012594029749140542,0.02375846693216243,39,87,48,2,3,3,10,4,36,64,10
948,126,126,80,80,0,82,82,50,50,0,82,82,65,65,0,0.009292351679771264,0.009292351679771264,65,65,0,-1,3,3,7,13,43,24,36
949,63,663,56,100,44,100,100,63,63,0,63,100,56,67,11,0.006024711528642908,0.021648116001225366,56,85,29,2,2,2,6,4,41,22,9
950,92,298,75,99,24,38,38,57,57,0,38,38,60,60,0,0.016916845365737433,0.019844106334456584,81,84,3,3,3,3,3,17,85,6,29
951,28,234,45,89,44,70,70,39,39,0,28,54,45,52,7,0.0013615167296368155,0.005071649817897137,40,55,15,3,3,3,10,3,22,43,47
952,0,0,1,1,0,0,0,1,1,0,0,0,1,1,0,0.0,0.0,1,1,0,-1,-1,-1,2,0,89,36,99
953,100,100,60,60,0,100,100,40,40,0,100,100,60,60,0,0.032948704857210936,0.04772116137377038,92,98,6,2,1,1,14,17,25,6,23
954,400,1016,97,100,3,224,224,96,96,0,224,224,96,96,0,0.03652268627250757,0.0459171517070016,93,95,2,2,2,2,8,27,15,10,39
955,100,100,66,66,0,100,100,60,60,0,100,100,68,68,0,0.0530991524558358,0.0530991524558358,98,98,0,-1,1,1,7,22,43,9,36
956,0,0,1,1,0,0,0,1,1,0,0,0,1,1,0,0.0,0.0,1,1,0,-1,-1,-1,3,0,82,80,89
957,224,840,95,100,5,56,56,85,85,0,56,56,85,85,0,0.04098165356206814,0.05119302903434426,95,98,3,2,2,2,2,27,90,10,17
958,115,115,81,81,0,70,70,59,59,0,70,70,67,67,0,0.0160318594914735,0.0160318594914735,78,78,0,-1,3,3,5,12,88,37,79
959,0,206,1,91,90,0,54,1,33,32,0,19,1,39,38,0.0,0.0030974505599237552,1,48,47,3,-1,4,11,0,38,91,22
960,16,118,46,86,40,12,12,41,41,0,12,12,41,41,0,0.002927260968719153,0.005173763572619898,49,56,7,4,4,4,2,6,95,41,90
961,0,206,1,93,92,0,10,1,31,30,0,10,1,36,35,0.0,0.005480104836788182,1,57,56,3,-1,4,3,1,55,45,48
962,166,782,91,100,9,96,96,89,89,0,96,96,89,89,0,0.021920419347152727,0.036965179209639536,86,93,7,2,2,2,3,15,64,19,15
963,0,102,1,74,73,0,17,1,25,24,0,2,1,25,24,0.0,0.00010211375472276115,1,27,26,4,-1,5,16,0,9,40,60
964,252,868,92,100,8,238,248,89,89,0,238,248,91,91,0,0.020150447598624867,0.040879539807345384,84,94,10,2,2,2,11,16,33,12,11
965,100,100,59,59,0,100,100,40,40,0,100,100,59,59,0,0.018074134585928724,0.03546751080703904,79,94,15,2,1,1,15,4,7,38,23
966,363,465,98,100,2,200,200,96,96,0,200,200,97,97,0,0.03594404166241193,0.03618230709009837,93,93,0,4,2,2,8,29,39,11,49
967,122,328,80,96,16,66,66,51,51,0,66,66,62,62,0,0.0123557643214541,0.01695088328397835,74,80,6,3,3,3,6,14,34,14,21
968,0,0,1,1,0,0,0,1,1,0,0,0,1,1,0,0.0,0.0,1,1,0,-1,-1,-1,5,0,45,96,86
969,127,333,84,98,14,64,64,68,68,0,64,64,70,70,0,0.021137547227611558,0.022396950202525613,83,83,0,3,3,3,4,16,78,18,94
970,0,1640,1,100,99,0,58,1,43,42,0,58,1,52,51,0.0,0.026787841655604345,1,88,87,1,-1,2,6,0,71,76,6
971,6,622,29,100,71,29,66,31,34,3,6,28,29,44,15,0.0002042275094455223,0.002212464685659825,31,44,13,2,4,3,12,1,3,65,52
972,246,846,95,100,5,72,72,83,83,0,72,72,83,83,0,0.035910003744171005,0.05915790190271963,93,99,6,2,2,2,3,29,58,11,3
973,1,617,26,100,74,4,30,26,42,16,1,30,26,51,25,3.4037918240920386e-05,0.011198475101262807,26,73,47,2,6,3,4,2,47,58,12
974,118,118,80,80,0,120,120,85,85,0,120,120,85,85,0,0.016474352428605468,0.016474352428605468,81,81,0,-1,2,2,6,9,48,39,92
975,114,714,87,100,13,56,56,85,85,0,56,56,85,85,0,0.021580040164743523,0.04367064910310085,87,97,10,2,2,2,2,9,90,39,10
976,0,102,1,74,73,0,18,1,27,26,0,2,1,25,24,0.0,6.807583648184077e-05,1,27,26,4,-1,5,14,1,16,50,65
977,81,183,75,93,18,32,32,63,63,0,32,32,65,65,0,0.012491915994417782,0.012730181422104225,78,78,0,4,3,3,2,13,98,33,55
978,16,632,32,100,68,40,74,32,41,9,16,68,32,57,25,0.00037441710065012424,0.007998910786616291,32,63,31,2,3,3,9,1,29,4,17
979,16,632,36,100,64,60,96,37,43,6,16,96,36,62,26,0.0006467204465774873,0.01330882603219987,37,75,38,2,3,3,11,1,38,49,5
980,22,638,40,100,60,68,78,41,44,3,22,78,40,57,17,0.000442492937131965,0.01143674052894925,34,76,42,2,3,3,8,2,42,56,37
981,100,100,59,59,0,100,100,39,39,0,100,100,59,59,0,0.014738418598318526,0.014738418598318526,76,76,0,-1,1,1,14,4,16,22,80
982,74,280,72,100,28,32,32,69,69,0,32,32,69,69,0,0.01147077844719017,0.016542428265087308,71,80,9,3,3,3,2,9,93,27,48
983,163,163,88,88,0,72,72,77,77,0,72,72,77,77,0,0.017903944994724124,0.017903944994724124,82,82,0,-1,2,2,3,15,82,19,80
984,0,206,1,90,89,0,34,1,29,28,0,8,1,33,32,0.0,0.0017359338302869397,1,41,40,3,-1,4,13,0,13,87,83
985,226,1826,91,100,9,144,144,92,92,0,144,144,92,92,0,0.021443888491779844,0.03744171006501242,83,93,10,1,2,2,6,18,41,5,54
986,0,206,1,92,91,0,28,1,35,34,0,8,1,34,33,0.0,0.0019061234214915416,1,43,42,3,-1,4,6,0,69,91,52
987,0,616,1,100,99,0,58,1,42,41,0,58,1,51,50,0.0,0.010109261717553355,1,69,68,2,-1,3,7,0,46,99,20
988,104,720,78,100,22,198,198,86,86,0,104,198,78,91,13,0.010449640899962559,0.03083835392627387,71,89,18,2,2,2,10,6,1,77,7
989,100,100,62,62,0,100,100,48,48,0,100,100,62,62,0,0.021784267674189048,0.025902855781340415,82,87,5,2,1,1,10,8,11,57,47
990,42,658,50,100,50,176,186,69,70,1,40,109,47,74,27,0.00445896728956057,0.013376901868681712,52,70,18,2,3,3,16,6,9,41,32
991,1,1,25,25,0,2,2,25,25,0,1,1,25,25,0,0.0,0.0,1,1,0,-1,6,6,2,1,86,68,66
992,0,616,1,100,99,0,128,1,59,58,0,87,1,55,54,0.0,0.011913271384322134,1,67,66,2,-1,3,16,0,9,87,37
993,132,748,80,100,20,110,110,72,72,0,110,110,76,76,0,0.0158616699002689,0.022499063957248374,78,84,6,2,2,2,6,9,40,39,31
994,46,46,48,48,0,134,134,60,60,0,46,46,48,48,0,0.0020422750944552232,0.0020422750944552232,43,43,0,-1,2,2,17,2,20,74,87
995,2,2,29,29,0,8,8,30,30,0,2,2,29,29,0,6.807583648184077e-05,6.807583648184077e-05,27,27,0,-1,5,5,4,1,73,95,93
996,141,141,88,88,0,72,72,84,84,0,72,72,84,84,0,0.025119983661799246,0.025119983661799246,88,88,0,-1,2,2,3,15,85,16,91
997,231,1871,94,100,6,72,96,86,93,7,72,96,86,93,7,0.03761189965621702,0.07219442458899214,92,100,8,1,2,2,3,29,92,0,46
998,0,616,1,100,99,0,54,1,53,52,0,54,1,57,56,0.0,0.0300554818067327,1,92,91,2,-1,3,4,0,47,79,3
999,16,222,42,93,51,22,22,42,42,0,16,22,42,45,3,0.0023486163586235067,0.015385139044896015,47,80,33,3,3,3,2,2,68,94,15
