,FreeNet_pre_score,FreeNet_post_score,FreeNet_pre_rank,FreeNet_post_rank,FreeNet_delta_ranks,Reversed_pre_score,Reversed_post_score,Reversed_pre_rank,Reversed_post_rank,Reversed_delta_ranks,Independent_pre_score,Independent_post_score,Independent_pre_rank,Independent_post_rank,Independent_delta_ranks,Random_pre_score,Random_post_score,Random_pre_rank,Random_post_rank,Random_delta_ranks,dist_victim_relayer,dist_victim_vilain_pre,dist_victim_vilain_post,out_deg_victim,in_deg_villain,victim,villain,relayer
0,444,444,98,98,0,336,336,97,97,0,336,336,97,97,0,0.03655672419074849,0.03655672419074849,92,92,0,-1,2,2,12,29,3,0,82
1,0,616,1,100,99,0,58,1,41,40,0,53,1,54,53,0.0,0.007182000748834201,1,59,58,2,-1,3,9,0,26,36,48
2,8,214,35,95,60,18,18,38,38,0,8,18,35,43,8,0.0004084550188910446,0.006739507811702236,34,59,25,3,4,4,3,2,96,56,48
3,0,0,1,1,0,0,0,1,1,0,0,0,1,1,0,0.0,0.0,1,1,0,-1,-1,-1,3,0,94,76,81
4,0,0,1,1,0,0,0,1,1,0,0,0,1,1,0,0.0,0.0,1,1,0,-1,-1,-1,9,0,28,67,99
5,0,0,1,1,0,0,0,1,1,0,0,0,1,1,0,0.0,0.0,1,1,0,-1,-1,-1,10,1,36,50,99
6,369,969,99,100,1,168,168,99,99,0,168,168,99,99,0,0.039994553933081455,0.045746962115797,96,97,1,2,2,2,6,29,74,1,25
7,16,118,35,77,42,72,72,39,39,0,16,18,35,40,5,0.0008509479560230097,0.0014295925661186562,37,41,4,4,3,3,10,1,18,49,42
8,0,0,1,1,0,0,0,1,1,0,0,0,1,1,0,0.0,0.0,1,1,0,-1,-1,-1,4,0,77,40,50
9,6,622,29,100,71,15,74,28,41,13,6,74,29,60,31,0.00017018959120460194,0.01317267435923619,29,71,42,2,4,3,9,1,23,78,37
10,16,632,33,100,67,38,56,35,40,5,16,56,33,53,20,0.0008509479560230097,0.013376901868681712,37,76,39,2,3,3,6,2,40,42,12
11,0,102,1,81,80,0,4,1,26,25,0,3,1,30,29,0.0,0.00017018959120460194,1,30,29,4,-1,5,3,0,81,93,56
12,0,101,1,81,80,0,3,1,24,23,0,2,1,26,25,0.0,0.0002042275094455223,1,30,29,5,-1,6,3,0,81,86,63
13,40,246,55,95,40,62,62,77,77,0,40,62,66,78,12,0.0063650907110521125,0.015351101126655093,60,80,20,3,2,2,3,2,66,94,19
14,215,415,96,100,4,72,72,84,84,0,72,72,84,84,0,0.03703325504612138,0.038394771775758195,94,94,0,3,2,2,3,29,81,0,73
15,6,6,29,29,0,28,28,30,30,0,6,6,29,29,0,6.807583648184077e-05,6.807583648184077e-05,27,27,0,-1,4,4,12,1,3,95,66
16,16,16,46,46,0,22,22,48,48,0,16,16,47,47,0,0.0031314884781646754,0.0031314884781646754,50,50,0,-1,3,3,2,3,95,46,84
17,144,246,83,95,12,64,64,59,59,0,64,64,63,63,0,0.012730181422104225,0.012934408931549747,75,75,0,4,3,3,4,14,53,32,60
18,114,114,87,87,0,56,56,85,85,0,56,56,85,85,0,0.021580040164743523,0.021580040164743523,87,87,0,-1,2,2,2,9,90,39,84
19,339,545,98,100,2,152,152,98,98,0,152,152,98,98,0,0.04360257326661901,0.04952517104053916,96,97,1,3,2,2,5,29,45,11,25
20,16,16,40,40,0,94,94,51,51,0,16,16,40,40,0,0.0020422750944552232,0.0020422750944552232,43,43,0,-1,3,3,9,1,26,53,84
21,0,616,1,100,99,0,56,1,40,39,0,56,1,55,54,0.0,0.009870996289866912,1,67,66,2,-1,3,9,0,26,91,19
22,32,238,49,92,43,70,70,59,59,0,32,70,49,66,17,0.004050512270669526,0.0160318594914735,50,78,28,3,3,3,5,3,88,29,30
23,149,249,90,96,6,56,56,86,86,0,56,56,86,86,0,0.039279757650022125,0.03989244017835869,96,96,0,4,2,2,2,20,95,23,43
24,0,102,1,82,81,0,8,1,31,30,0,8,1,37,36,0.0,0.002552843868069029,1,49,48,4,-1,5,4,0,78,96,35
25,39,245,55,93,38,44,44,50,50,0,39,44,56,56,0,0.004663194799006093,0.007726607440688927,55,63,8,3,3,3,4,4,84,22,47
26,92,193,69,92,23,80,80,65,65,0,80,80,68,68,0,0.00888389666088022,0.009088124170325743,66,67,1,5,2,2,6,7,69,48,60
27,42,248,51,93,42,110,110,61,61,0,40,44,50,52,2,0.0037441710065012424,0.004561081044283332,52,55,3,3,3,3,10,6,1,41,71
28,173,379,92,99,7,72,72,80,80,0,72,72,80,80,0,0.025222097416522007,0.03226794649239253,89,92,3,3,2,2,3,16,66,18,77
29,190,190,88,88,0,204,204,86,86,0,190,190,88,88,0,0.013989584397018279,0.013989584397018279,75,75,0,-1,2,2,11,13,38,33,85
30,0,616,1,100,99,0,60,1,39,38,0,60,1,55,54,0.0,0.012968446849790666,1,75,74,2,-1,3,9,0,35,99,5
31,0,0,1,1,0,0,0,1,1,0,0,0,1,1,0,0.0,0.0,1,1,0,-1,-1,-1,12,0,3,84,67
32,202,818,93,100,7,120,120,80,80,0,120,120,81,81,0,0.021443888491779844,0.02580074202661765,86,88,2,2,2,2,6,19,34,15,90
33,0,206,1,91,90,0,21,1,28,27,0,6,1,28,27,0.0,0.0004765308553728854,1,34,33,3,-1,4,10,0,0,91,42
34,0,616,1,100,99,0,66,1,43,42,0,66,1,55,54,0.0,0.019776030497974745,1,84,83,2,-1,3,6,0,40,96,0
35,0,616,1,100,99,0,24,1,40,39,0,18,1,46,45,0.0,0.0035059055788147996,1,52,51,2,-1,3,3,0,64,81,52
36,84,84,63,63,0,90,90,67,67,0,84,84,66,66,0,0.007420266176520644,0.007420266176520644,59,59,0,-1,2,2,6,6,71,26,59
37,6,6,31,31,0,18,18,38,38,0,6,6,31,31,0,0.0010892133837094523,0.0010892133837094523,39,39,0,-1,4,4,3,1,85,71,45
38,135,751,81,100,19,252,252,81,81,0,135,179,81,85,4,0.008509479560230097,0.014261887742945642,62,74,12,2,2,2,14,8,16,57,48
39,172,378,83,96,13,184,184,79,79,0,172,178,84,84,0,0.011232513019503728,0.011504816365431091,71,71,0,3,2,2,10,9,12,31,65
40,100,100,62,62,0,100,100,43,43,0,100,100,62,62,0,0.016372238673882704,0.016372238673882704,78,78,0,-1,1,1,12,6,14,70,45
41,180,386,89,97,8,158,158,83,83,0,158,158,87,87,0,0.017972020831205963,0.021511964328261683,81,84,3,3,2,2,9,17,31,6,47
42,22,638,41,100,59,80,104,43,66,23,22,104,41,76,35,0.0027911092957554717,0.021614078082984444,46,84,38,2,3,3,9,2,23,83,9
43,2,104,27,80,53,6,6,29,29,0,2,6,27,30,3,0.00017018959120460194,0.0016678579938050988,29,40,11,4,5,5,3,1,94,88,70
44,100,100,78,78,0,100,100,88,88,0,100,100,88,88,0,0.0756322543313251,0.0756322543313251,100,100,0,-1,1,1,4,29,78,11,98
45,36,36,56,56,0,34,34,44,44,0,34,34,55,55,0,0.005071649817897137,0.005071649817897137,55,55,0,-1,3,3,4,6,72,35,87
46,90,296,77,99,22,22,22,42,42,0,22,22,45,45,0,0.01606589740971442,0.02580074202661765,80,89,9,3,3,3,2,12,91,37,30
47,92,708,75,100,25,62,62,82,82,0,62,62,82,82,0,0.015657442390823378,0.024983831988835564,79,89,10,2,2,2,3,8,85,8,48
48,46,252,54,93,39,90,90,71,71,0,46,90,54,72,18,0.008305252050784574,0.012049423057285817,64,70,6,3,2,2,6,2,69,83,13
49,6,6,33,33,0,24,24,38,38,0,6,6,33,33,0,0.001055175465468532,0.001055175465468532,40,40,0,-1,4,4,4,1,73,71,79
50,0,616,1,100,99,0,40,1,33,32,0,28,1,44,43,0.0,0.0032336022328874367,1,50,49,2,-1,3,9,0,28,80,35
51,226,842,90,100,10,214,214,86,86,0,214,214,90,90,0,0.019741992579733823,0.02491575615235372,81,87,6,2,2,2,11,18,33,30,22
52,194,810,93,100,7,112,112,96,96,0,112,112,96,96,0,0.026175159127267776,0.03247217400183805,87,92,5,2,2,2,4,16,72,12,73
53,0,616,1,100,99,0,52,1,41,40,0,52,1,54,53,0.0,0.014806494434800367,1,76,75,2,-1,3,7,0,62,92,6
54,106,312,82,99,17,102,102,95,95,0,102,102,95,95,0,0.014398039415909322,0.022669253548452978,80,85,5,3,2,2,4,7,72,48,27
55,44,146,55,89,34,38,38,51,51,0,38,38,54,54,0,0.006603356138738555,0.007420266176520644,59,62,3,4,3,3,3,4,94,72,61
56,12,218,41,94,53,20,20,37,37,0,12,20,41,45,4,0.002382654276864427,0.005854521937438306,48,61,13,3,4,4,4,2,72,75,13
57,77,77,71,71,0,78,78,75,75,0,78,78,77,77,0,0.010245413390517035,0.010245413390517035,68,68,0,-1,2,2,4,8,77,57,87
58,0,0,1,1,0,0,0,1,1,0,0,0,1,1,0,0.0,0.0,1,1,0,-1,-1,-1,5,0,45,66,97
59,0,616,1,100,99,0,154,1,64,63,0,154,1,86,85,0.0,0.022294836447802852,1,84,83,2,-1,3,14,0,8,79,0
60,54,155,59,87,28,80,80,70,70,0,54,55,60,61,1,0.007794683277170768,0.00793083495013445,64,64,0,5,3,3,5,4,45,72,65
61,163,163,87,87,0,112,112,92,92,0,112,112,92,92,0,0.019367575479083698,0.019367575479083698,84,84,0,-1,2,2,4,15,53,19,66
62,0,102,1,75,74,0,11,1,26,25,0,2,1,25,24,0.0,0.0011232513019503727,1,36,35,4,-1,5,6,0,51,91,94
63,226,426,90,99,9,192,192,86,86,0,192,192,89,89,0,0.018006058749446885,0.01834643793185609,79,81,2,3,2,2,9,18,28,5,42
64,2,618,29,100,71,5,28,30,44,14,2,28,29,48,19,0.0,0.018482589604819768,1,85,84,2,5,3,3,1,60,95,15
65,0,616,1,100,99,0,76,1,39,38,0,76,1,58,57,0.0,0.012866333095067906,1,73,72,2,-1,3,10,0,22,76,12
66,46,46,53,53,0,70,70,54,54,0,46,46,53,53,0,0.004220701861874128,0.004220701861874128,50,50,0,-1,2,2,6,2,51,83,76
67,164,780,88,100,12,206,206,92,92,0,164,180,90,90,0,0.016916845365737433,0.01940161339732462,78,82,4,2,2,2,9,8,31,20,94
68,82,82,69,69,0,86,86,86,86,0,82,82,86,86,0,0.009564655025698629,0.009564655025698629,66,66,0,-1,2,2,3,6,87,70,85
69,252,868,92,100,8,238,238,89,89,0,238,238,91,91,0,0.020150447598624867,0.025256135334762925,84,88,4,2,2,2,11,16,33,12,38
70,198,404,92,100,8,80,80,74,74,0,80,80,75,75,0,0.02825147213996392,0.0298852922155281,86,87,1,3,3,3,5,22,70,9,53
71,0,206,1,90,89,0,40,1,36,35,0,28,1,45,44,0.0,0.0037441710065012424,1,49,48,3,-1,4,8,1,39,50,13
72,22,228,40,92,52,62,66,44,46,2,22,66,40,54,14,0.0022465026039007454,0.00616086320160659,39,53,14,3,3,3,6,2,71,61,28
73,56,1696,53,100,47,158,232,66,75,9,56,232,53,91,38,0.0022465026039007454,0.04067531229789986,46,95,49,1,2,2,14,2,8,52,2
74,140,340,89,100,11,32,32,69,69,0,32,32,69,69,0,0.021239660982334322,0.02542632492596753,87,87,0,3,3,3,2,19,93,15,21
75,34,240,50,95,45,60,60,52,52,0,34,60,50,61,11,0.0031314884781646754,0.009326389598012186,50,69,19,3,3,3,5,6,45,70,24
76,2,618,26,100,74,7,40,28,39,11,2,40,26,49,23,6.807583648184077e-05,0.00888389666088022,28,65,37,2,5,3,5,2,52,58,17
77,1,103,26,83,57,3,6,26,30,4,1,3,26,30,4,3.4037918240920386e-05,0.0014295925661186562,26,40,14,4,6,5,3,1,55,68,94
78,63,269,62,98,36,38,38,46,46,0,38,38,51,51,0,0.006841621566424997,0.00970080669866231,58,72,14,3,3,3,3,8,96,57,35
79,1,617,26,100,74,7,44,26,38,12,1,44,26,52,26,0.0,0.009428503352734947,1,66,65,2,6,3,7,1,62,78,33
80,0,616,1,100,99,0,29,1,34,33,0,16,1,35,34,0.0,0.004561081044283332,1,50,49,2,-1,3,6,0,56,93,90
81,16,118,34,76,42,102,102,57,57,0,16,18,34,38,4,0.001497668402600497,0.0016338200755641784,40,42,2,4,3,3,12,1,6,71,55
82,0,206,1,95,94,0,14,1,31,30,0,14,1,38,37,0.0,0.004663194799006093,1,52,51,3,-1,4,3,0,94,59,48
83,160,776,87,100,13,176,176,91,91,0,160,176,90,92,2,0.01596378365499166,0.03458252493277511,78,93,15,2,2,2,8,8,10,17,11
84,0,616,1,100,99,0,40,1,43,42,0,40,1,52,51,0.0,0.03757786173797611,1,94,93,2,-1,3,5,0,70,99,3
85,0,616,1,100,99,0,32,1,41,40,0,27,1,50,49,0.0,0.005207801490860819,1,56,55,2,-1,3,5,0,70,82,28
86,174,276,89,95,6,88,88,77,77,0,88,88,77,77,0,0.02100139555464788,0.0212056230640934,85,85,0,4,2,2,4,16,79,12,55
87,50,256,64,97,33,28,28,46,46,0,28,28,53,53,0,0.005820484019197386,0.007488342013002485,60,66,6,3,3,3,3,5,81,47,83
88,6,108,34,85,51,12,12,39,39,0,6,12,34,44,10,0.0029612988869600733,0.007113924912352361,48,62,14,4,4,4,2,1,93,90,57
89,86,702,74,100,26,48,48,66,66,0,48,48,67,67,0,0.007250076585316042,0.024064808196330712,63,87,24,2,3,3,3,6,76,13,18
90,100,100,62,62,0,100,100,45,45,0,100,100,62,62,0,0.03274447734776541,0.03274447734776541,90,90,0,-1,1,1,12,12,3,37,36
91,32,648,46,100,54,96,106,43,57,14,32,81,46,57,11,0.0005786446100956465,0.006705469893461316,36,55,19,2,3,3,11,2,5,56,57
92,100,100,62,62,0,100,100,43,43,0,100,100,62,62,0,0.04877633683923891,0.05013785356887573,97,98,1,3,1,1,12,29,14,1,83
93,0,206,1,89,88,0,31,1,32,31,0,10,1,33,32,0.0,0.0013274788113958951,1,40,39,3,-1,4,12,0,3,98,43
94,98,98,63,63,0,94,94,53,53,0,98,98,64,64,0,0.011981347220803976,0.011981347220803976,73,73,0,-1,3,3,8,8,10,8,84
95,0,102,1,83,82,0,4,1,30,29,0,2,1,28,27,0.0,0.000442492937131965,1,35,34,4,-1,5,2,0,90,82,42
96,18,18,41,41,0,82,82,42,42,0,18,18,41,41,0,0.0006807583648184077,0.0006807583648184077,37,37,0,-1,3,3,10,2,12,56,59
97,28,1668,45,100,55,86,130,43,64,21,28,130,45,81,36,0.002382654276864427,0.025392287007726607,46,88,42,1,3,2,10,3,36,54,6
98,6,6,29,29,0,34,34,30,30,0,6,6,29,29,0,0.0002723033459273631,0.0002723033459273631,30,30,0,-1,4,4,13,1,13,4,86
99,302,508,97,100,3,256,256,96,96,0,256,256,96,96,0,0.02556247659893121,0.03100854351747847,88,89,1,3,2,2,10,15,0,16,32
100,312,312,96,96,0,168,168,96,96,0,168,168,96,96,0,0.03601211749889377,0.03601211749889377,92,92,0,-1,2,2,6,22,32,9,96
101,32,648,57,100,43,12,22,39,54,15,12,22,44,56,12,0.005616256509751864,0.01245787807617686,59,74,15,2,4,3,2,6,97,13,74
102,397,603,100,100,0,136,136,100,100,0,136,136,100,100,0,0.05384798665713605,0.05704755097178257,97,97,0,3,2,2,4,36,73,2,47
103,0,0,1,1,0,0,0,1,1,0,0,0,1,1,0,0.0,0.0,1,1,0,-1,-1,-1,11,1,33,69,40
104,16,16,39,39,0,28,28,36,36,0,16,16,39,39,0,0.0004765308553728854,0.0004765308553728854,35,35,0,-1,3,3,6,1,69,4,92
105,6,622,30,100,70,12,26,30,37,7,6,22,30,41,11,0.0002042275094455223,0.005446066918547262,32,55,23,2,4,3,4,1,53,55,90
106,0,616,1,100,99,0,52,1,44,43,0,44,1,50,49,0.0,0.008747744987916539,1,64,63,2,-1,3,6,0,59,84,77
107,6,622,32,100,68,28,42,36,40,4,6,42,32,50,18,0.00088498587426393,0.007113924912352361,39,59,20,2,4,3,6,1,69,71,44
108,12,114,41,85,44,20,20,37,37,0,12,20,41,45,4,0.002382654276864427,0.0030293747234419145,48,49,1,4,4,4,4,2,72,75,43
109,40,40,49,49,0,130,130,66,66,0,40,40,49,49,0,0.0028591851322373124,0.0028591851322373124,48,48,0,-1,2,2,11,1,38,53,50
110,0,0,1,1,0,0,0,1,1,0,0,0,1,1,0,0.0,0.0,1,1,0,-1,-1,-1,10,0,11,76,91
111,100,100,63,63,0,100,100,39,39,0,100,100,63,63,0,0.02661765206439974,0.031076619353960312,88,90,2,2,1,1,14,13,17,33,47
112,24,230,45,93,48,80,80,45,45,0,24,36,45,50,5,0.0023486163586235067,0.005480104836788182,45,54,9,3,3,3,9,3,26,54,29
113,32,648,40,100,60,116,150,58,62,4,32,99,40,58,18,0.0020422750944552232,0.010994247591817285,44,64,20,2,3,3,15,2,7,83,44
114,292,292,96,96,0,256,256,94,94,0,256,256,96,96,0,0.022396950202525613,0.022396950202525613,83,83,0,-1,2,2,10,16,11,12,79
115,157,157,91,91,0,56,56,85,85,0,56,56,85,85,0,0.026855917492086184,0.026855917492086184,88,88,0,-1,2,2,2,15,90,16,81
116,70,276,63,95,32,64,64,68,68,0,64,64,69,69,0,0.006569318220497634,0.009190237925048503,60,67,7,3,3,3,4,5,73,47,35
117,29,29,55,55,0,22,22,55,55,0,22,22,57,57,0,0.004629156880765172,0.004629156880765172,53,53,0,-1,3,3,2,4,97,22,85
118,111,727,82,100,18,72,72,84,84,0,72,72,84,84,0,0.019776030497974745,0.04251335988290956,84,95,11,2,2,2,3,12,81,37,0
119,6,622,29,100,71,48,62,34,34,0,6,22,29,39,10,0.00037441710065012424,0.003642057251778481,32,52,20,2,4,3,12,1,3,88,94
120,0,616,1,100,99,0,32,1,40,39,0,29,1,48,47,0.0,0.0051397256543789785,1,53,52,2,-1,3,5,0,45,93,22
121,6,6,33,33,0,12,12,34,34,0,6,6,33,33,0,0.0006126825283365669,0.0006126825283365669,37,37,0,-1,4,4,4,2,72,42,76
122,28,28,47,47,0,52,52,40,40,0,28,28,47,47,0,0.0011232513019503727,0.0011232513019503727,40,40,0,-1,3,3,7,3,24,43,76
123,46,662,53,100,47,74,84,62,68,6,46,84,53,70,17,0.004016474352428605,0.01841451376833793,52,83,31,2,2,2,5,2,37,52,18
124,62,268,54,93,39,90,90,56,56,0,62,74,54,55,1,0.005990673610401988,0.007828721195411689,55,62,7,3,2,2,6,3,40,54,75
125,152,152,89,89,0,96,96,91,91,0,96,96,91,91,0,0.022396950202525613,0.022396950202525613,85,85,0,-1,2,2,3,14,76,14,69
126,2,2,28,28,0,5,5,28,28,0,2,2,28,28,0,0.0002382654276864427,0.0002382654276864427,32,32,0,-1,5,5,3,1,96,55,85
127,70,1710,59,100,41,128,152,69,79,10,70,152,59,87,28,0.005786446100956465,0.025936893699581333,58,88,30,1,3,2,8,5,30,47,17
128,46,252,52,94,42,64,64,53,53,0,46,64,52,60,8,0.0063650907110521125,0.014432077334150244,57,77,20,3,2,2,5,2,50,75,14
129,254,870,92,100,8,190,200,91,92,1,190,200,91,92,1,0.025936893699581333,0.03808843051158991,87,97,10,2,2,2,8,15,27,16,14
130,130,130,87,87,0,72,72,84,84,0,72,72,84,84,0,0.022601177711971135,0.022601177711971135,87,87,0,-1,2,2,3,18,85,30,36
131,168,768,87,100,13,112,112,70,70,0,112,112,77,77,0,0.012764219340345145,0.017223186629905716,76,81,5,2,3,3,7,14,46,32,13
132,16,632,36,100,64,64,94,39,50,11,16,94,36,63,27,0.0016678579938050988,0.013002484768031588,43,73,30,2,3,3,9,1,23,53,27
133,60,161,63,88,25,54,54,60,60,0,54,54,62,62,0,0.005173763572619898,0.0053439531638245,59,59,0,5,3,3,4,5,78,47,4
134,2,618,29,100,71,7,34,29,43,14,2,34,29,51,22,0.00010211375472276115,0.005956635692161067,31,57,26,2,5,3,4,1,47,60,38
135,0,0,1,1,0,0,0,1,1,0,0,0,1,1,0,0.0,0.0,1,1,0,-1,-1,-1,2,1,68,69,82
136,0,102,1,86,85,0,4,1,29,28,0,3,1,32,31,0.0,0.001055175465468532,1,39,38,4,-1,5,2,0,97,67,61
137,2,208,27,94,67,4,10,27,30,3,2,8,27,35,8,3.4037918240920386e-05,0.00088498587426393,26,37,11,3,5,4,3,1,66,78,88
138,87,87,76,76,0,32,32,63,63,0,32,32,64,64,0,0.014908608189523128,0.014908608189523128,76,76,0,-1,3,3,2,13,86,33,36
139,182,798,86,100,14,120,120,77,77,0,120,120,84,84,0,0.01943565131556554,0.046359644644133564,82,98,16,2,2,2,6,18,40,30,3
140,118,220,79,91,12,118,118,88,88,0,118,118,89,89,0,0.009530617107457708,0.009632730862180468,68,68,0,4,2,2,5,5,61,47,4
141,182,388,89,98,9,110,110,78,78,0,110,110,82,82,0,0.012117498893767658,0.01317267435923619,72,75,3,3,2,2,6,14,51,32,74
142,100,100,64,64,0,100,100,45,45,0,100,100,64,64,0,0.028932230504782327,0.029578950951359814,89,89,0,3,1,1,10,13,18,33,71
143,0,206,1,96,95,0,14,1,32,31,0,14,1,40,39,0.0,0.002484768031587188,1,46,45,3,-1,4,3,0,75,66,35
144,186,392,92,100,8,72,72,85,85,0,72,72,85,85,0,0.025051907825317403,0.03352734946730658,87,93,6,3,2,2,3,18,60,5,14
145,24,624,45,100,55,46,46,43,43,0,24,46,45,51,6,0.0012934408931549745,0.009088124170325743,40,66,26,2,3,3,6,3,65,43,33
146,76,76,61,61,0,124,124,76,76,0,76,76,61,61,0,0.008713707069675619,0.008713707069675619,64,64,0,-1,3,3,9,7,26,21,97
147,104,304,85,98,13,32,32,58,58,0,32,32,59,59,0,0.010347527145239796,0.012696143503863304,71,75,4,3,3,3,2,14,68,32,35
148,22,124,46,86,40,34,34,44,44,0,22,24,46,50,4,0.0011913271384322134,0.002927260968719153,42,49,7,4,3,3,4,2,72,61,46
149,248,848,93,100,7,264,264,93,93,0,264,264,94,94,0,0.0228734810578985,0.03550154872527996,86,92,6,2,2,2,12,16,14,18,30
150,100,716,69,100,31,84,104,46,65,19,84,104,64,78,14,0.01065386840940808,0.01933353756084278,68,80,12,2,3,3,9,14,26,32,20
151,58,264,52,95,43,96,96,53,53,0,58,96,52,63,11,0.003914360597705844,0.0160318594914735,50,80,30,3,2,2,7,3,46,54,18
152,96,302,62,96,34,112,112,70,70,0,96,112,64,76,12,0.00966676878042139,0.010109261717553355,68,69,1,3,3,3,7,6,46,77,56
153,0,206,1,89,88,0,38,1,33,32,0,28,1,46,45,0.0,0.003710133088260322,1,48,47,3,-1,4,9,0,26,89,13
154,36,138,53,88,35,28,28,43,43,0,28,28,50,50,0,0.0038462847612240037,0.003948398515946765,52,52,0,4,3,3,3,6,66,41,4
155,22,638,46,100,54,28,38,43,51,8,22,38,46,54,8,0.002212464685659825,0.015453214881377854,48,81,33,2,3,3,3,2,66,75,12
156,288,1888,95,100,5,320,320,92,92,0,320,320,95,95,0,0.021614078082984444,0.035059055788148,81,94,13,1,2,2,14,18,16,5,20
157,40,240,54,92,38,50,50,46,46,0,39,41,52,55,3,0.003982436434187685,0.004901460226692535,53,56,3,3,3,3,5,6,80,41,74
158,40,40,48,48,0,45,45,38,38,0,40,40,48,48,0,0.01055175465468532,0.01055175465468532,69,69,0,-1,2,2,6,2,56,58,67
159,0,1640,1,100,99,0,154,1,62,61,0,137,1,78,77,0.0,0.021341774737057083,1,84,83,1,-1,2,15,0,7,76,16
160,194,810,90,100,10,104,104,73,73,0,104,104,79,79,0,0.01872085503250621,0.043534497430137174,83,95,12,2,2,2,5,16,52,12,1
161,225,425,94,99,5,152,152,94,94,0,152,152,94,94,0,0.021137547227611558,0.02314578440382586,86,89,3,3,2,2,5,15,52,19,46
162,0,102,1,75,74,0,10,1,27,26,0,6,1,29,28,0.0,0.001940161339732462,1,44,43,4,-1,5,5,0,80,82,73
163,0,0,1,1,0,0,0,1,1,0,0,0,1,1,0,0.0,0.0,1,1,0,-1,-1,-1,14,0,25,82,89
164,236,442,94,100,6,120,120,86,86,0,120,120,86,86,0,0.027536675856904592,0.02920453385070969,89,90,1,3,2,2,6,22,65,9,75
165,100,100,73,73,0,100,100,96,96,0,100,100,96,96,0,0.08243983797950917,0.0834950134449777,100,100,0,3,1,1,3,29,64,11,71
166,16,222,42,94,52,28,28,43,43,0,16,28,42,49,7,0.0034718676605738795,0.009122162088566664,51,69,18,3,3,3,3,1,66,90,34
167,16,16,33,33,0,23,23,30,30,0,16,16,33,33,0,0.0012253650566731338,0.0012253650566731338,38,38,0,-1,3,3,6,1,40,78,76
168,38,654,47,100,53,80,94,44,47,3,38,60,47,56,9,0.0016678579938050988,0.004493005207801491,42,51,9,2,3,3,9,3,54,43,52
169,100,100,76,76,0,100,100,96,96,0,100,100,96,96,0,0.07073079410463257,0.07988699411144014,100,100,0,2,1,1,3,20,58,23,14
170,66,682,57,100,43,66,66,49,49,0,66,66,57,57,0,0.007250076585316042,0.020014295925661188,60,81,21,2,3,3,6,6,41,34,39
171,1,207,25,90,65,4,20,25,33,8,1,20,25,45,20,6.807583648184077e-05,0.0035739814152966403,28,51,23,3,6,4,4,1,79,68,47
172,94,196,73,92,19,28,28,40,40,0,28,28,49,49,0,0.010041185881071514,0.010347527145239796,73,73,0,4,3,3,3,14,82,32,49
173,130,336,87,99,12,72,72,84,84,0,72,72,84,84,0,0.022601177711971135,0.02474556656114912,87,87,0,3,2,2,3,18,85,30,22
174,32,648,44,99,55,138,242,61,73,12,32,242,44,89,45,0.002927260968719153,0.03175737771877872,50,92,42,2,3,3,17,2,20,75,7
175,39,140,58,90,32,32,32,63,63,0,32,32,64,64,0,0.005037611899656217,0.005105687736138058,58,59,1,6,3,3,2,4,86,22,78
176,0,206,1,89,88,0,34,1,31,30,0,15,1,31,30,0.0,0.0026889955410327104,1,44,43,3,-1,4,9,0,29,40,41
177,22,228,41,93,52,70,74,41,41,0,22,31,41,46,5,0.0009190237925048504,0.0018380475850097008,37,44,7,3,3,3,9,2,23,74,64
178,0,206,1,90,89,0,36,1,33,32,0,12,1,34,33,0.0,0.0023486163586235067,1,46,45,3,-1,4,10,0,1,36,83
179,0,0,1,1,0,0,0,1,1,0,0,0,1,1,0,0.0,0.0,1,1,0,-1,-1,-1,7,0,43,80,85
180,122,122,91,91,0,56,56,92,92,0,56,56,92,92,0,0.029544913033118896,0.029544913033118896,91,91,0,-1,2,2,2,17,97,6,96
181,22,124,46,87,41,28,28,44,44,0,22,24,47,48,1,0.004288777698355968,0.004935498144933456,50,52,2,4,3,3,3,3,92,29,42
182,0,0,1,1,0,0,0,1,1,0,0,0,1,1,0,0.0,0.0,1,1,0,-1,-1,-1,6,0,40,59,79
183,0,616,1,100,99,0,56,1,38,37,0,35,1,46,45,0.0,0.0045270431260424114,1,52,51,2,-1,3,9,0,54,59,28
184,60,676,56,100,44,50,50,49,49,0,60,50,56,55,-1,0.005854521937438306,0.017903944994724124,57,82,25,2,3,3,5,6,61,26,6
185,40,40,49,49,0,106,106,59,59,0,40,40,49,49,0,0.004356853534837809,0.004356853534837809,54,54,0,-1,3,3,11,6,38,73,40
186,150,356,86,97,11,240,240,89,89,0,150,240,86,93,7,0.01412573606998196,0.01940161339732462,73,82,9,3,2,2,12,8,6,17,48
187,12,12,37,37,0,22,22,33,33,0,12,12,37,37,0,0.0013955546478777359,0.0013955546478777359,41,41,0,-1,4,4,5,3,45,51,66
188,0,206,1,89,88,0,46,1,34,33,0,46,1,54,53,0.0,0.005480104836788182,1,58,57,3,-1,4,9,0,28,40,24
189,91,707,65,100,35,122,122,74,74,0,91,122,65,80,15,0.008237176214302734,0.023554239422716908,65,85,20,2,2,2,8,8,57,44,23
190,16,16,37,37,0,30,30,34,34,0,16,16,37,37,0,0.0005446066918547262,0.0005446066918547262,36,36,0,-1,3,3,6,1,59,88,76
191,40,246,50,92,42,82,82,45,45,0,40,48,50,55,5,0.0023486163586235067,0.003642057251778481,48,52,4,3,2,2,10,2,11,42,61
192,82,183,70,91,21,54,54,54,54,0,54,54,58,58,0,0.013070560604513427,0.013138636440995268,77,77,0,5,3,3,4,8,47,20,55
193,331,931,99,100,1,88,88,71,71,0,88,88,71,71,0,0.03182545355526056,0.04098165356206814,94,96,2,2,2,2,4,29,53,1,33
194,210,210,92,92,0,104,104,73,73,0,104,104,79,79,0,0.023009632730862182,0.023009632730862182,89,89,0,-1,2,2,5,15,52,16,81
195,22,638,45,100,55,86,86,57,57,0,22,86,45,63,18,0.004186663943633207,0.018176248340651485,54,81,27,2,3,3,6,3,44,29,12
196,100,100,70,70,0,100,100,53,53,0,100,100,70,70,0,0.03887130263113108,0.0424112461281868,93,96,3,2,1,1,9,18,31,30,26
197,260,460,98,100,2,80,80,94,94,0,80,80,94,94,0,0.04173048776336839,0.04996766397767113,96,98,2,3,2,2,2,27,91,10,20
198,24,640,43,100,57,78,88,39,40,1,24,42,43,48,5,0.0012253650566731338,0.0030293747234419145,39,48,9,2,3,3,12,4,2,64,51
199,0,206,1,92,91,0,18,1,35,34,0,18,1,46,45,0.0,0.0042547397801150485,1,54,53,3,-1,4,3,1,64,45,47
200,0,206,1,96,95,0,12,1,36,35,0,12,1,41,40,0.0,0.005241839409101739,1,56,55,3,-1,4,2,0,99,82,62
201,0,206,1,95,94,0,8,1,32,31,0,7,1,37,36,0.0,0.0012594029749140542,1,40,39,3,-1,4,2,1,89,45,61
202,6,212,29,94,65,15,20,29,31,2,6,14,29,35,6,0.00017018959120460194,0.001497668402600497,31,42,11,3,4,4,6,1,59,55,52
203,190,806,85,100,15,214,224,84,86,2,190,208,85,85,0,0.014568229007113924,0.016610504101569147,71,74,3,2,2,2,12,8,2,8,74
204,540,540,100,100,0,240,240,98,98,0,240,240,98,98,0,0.04646175839885633,0.04646175839885633,96,96,0,-1,2,2,9,40,29,3,91
205,0,206,1,91,90,0,22,1,33,32,0,14,1,35,34,0.0,0.0012934408931549745,1,39,38,3,-1,4,5,0,52,80,64
206,0,102,1,81,80,0,5,1,27,26,0,2,1,27,26,0.0,0.000442492937131965,1,35,34,4,-1,5,4,0,72,98,42
207,22,228,45,95,50,28,28,43,43,0,22,28,46,49,3,0.002110350930937064,0.009088124170325743,44,67,23,3,3,3,3,2,96,52,27
208,86,292,70,96,26,70,70,67,67,0,70,70,71,71,0,0.01147077844719017,0.016099935327955343,72,77,5,3,3,3,5,6,70,77,72
209,0,102,1,75,74,0,11,1,26,25,0,2,1,26,25,0.0,3.4037918240920386e-05,1,27,26,4,-1,5,10,0,12,79,68
210,158,259,94,99,5,46,46,83,83,0,46,46,83,83,0,0.02917049593246877,0.02927260968719153,94,94,0,5,2,2,2,22,99,9,65
211,160,776,87,100,13,220,220,85,85,0,160,184,87,87,0,0.013479015623404473,0.01589570781850982,75,77,2,2,2,2,12,8,3,20,70
212,96,302,76,97,21,62,62,79,79,0,62,62,79,79,0,0.01575955614554614,0.01684876952925559,78,80,2,3,2,2,3,8,76,17,74
213,240,840,94,100,6,72,72,80,80,0,72,72,80,80,0,0.031110657272201234,0.04169644984512747,91,94,3,2,2,2,3,27,87,10,6
214,0,206,1,92,91,0,21,1,30,29,0,9,1,35,34,0.0,0.0008509479560230097,1,36,35,3,-1,4,9,0,35,98,64
215,268,884,93,100,7,232,232,91,91,0,232,232,93,93,0,0.025868817863099493,0.040879539807345384,89,96,7,2,2,2,10,15,22,16,30
216,0,0,1,1,0,0,0,1,1,0,0,0,1,1,0,0.0,0.0,1,1,0,-1,-1,-1,7,0,62,92,50
217,0,206,1,92,91,0,21,1,32,31,0,9,1,33,32,0.0,0.00088498587426393,1,38,37,3,-1,4,7,1,46,69,43
218,146,352,85,95,10,210,210,83,83,0,146,154,85,85,0,0.012798257258586064,0.013036522686272508,74,74,0,3,2,2,12,9,3,27,56
219,0,0,1,1,0,0,0,1,1,0,0,0,1,1,0,0.0,0.0,1,1,0,-1,-1,-1,12,0,2,86,93
220,6,6,30,30,0,16,16,35,35,0,6,6,30,30,0,0.0009190237925048504,0.0009190237925048504,38,38,0,-1,4,4,4,2,53,42,85
221,0,101,1,82,81,0,2,1,25,24,0,1,1,25,24,0.0,0.00013615167296368154,1,30,29,5,-1,6,2,0,90,81,55
222,18,224,48,99,51,22,22,55,55,0,18,22,54,56,2,0.002552843868069029,0.009258313761530345,49,68,19,3,3,3,2,2,97,52,77
223,16,632,36,100,64,74,94,45,51,6,16,94,36,64,28,0.0023486163586235067,0.015283025290173252,47,77,30,2,3,3,9,1,35,53,30
224,263,263,100,100,0,32,32,69,69,0,32,32,69,69,0,0.044793900405051226,0.044793900405051226,97,97,0,-1,3,3,2,36,90,2,45
225,344,550,96,99,3,352,352,96,96,0,352,352,96,96,0,0.02644746247319514,0.031451036454610434,88,90,2,3,2,2,13,15,13,16,62
226,63,165,71,92,21,32,32,69,69,0,32,32,69,69,0,0.006773545729943157,0.007352190340038803,64,66,2,4,3,3,2,8,90,57,43
227,122,722,85,100,15,88,88,81,81,0,88,88,81,81,0,0.01657646618332823,0.028523775485891283,81,91,10,2,2,2,4,13,73,33,25
228,16,1656,35,100,65,62,116,43,67,24,16,116,35,75,40,0.002586881786309949,0.03134892269988768,47,93,46,1,3,2,7,2,24,94,12
229,32,238,49,95,46,50,50,45,45,0,32,50,49,55,6,0.004765308553728854,0.009496579189216788,53,69,16,3,3,3,5,3,45,29,62
230,246,348,92,97,5,200,200,94,94,0,200,200,94,94,0,0.020354675108070392,0.020558902617515914,81,82,1,4,2,2,8,14,10,32,55
231,518,620,99,100,1,424,424,98,98,0,424,424,98,98,0,0.035569624561761805,0.035569624561761805,94,94,0,4,2,2,16,27,4,10,60
232,74,74,69,69,0,38,38,55,55,0,38,38,58,58,0,0.011096361346540046,0.011096361346540046,72,72,0,-1,3,3,3,9,76,27,79
233,6,622,27,100,73,29,134,29,61,32,6,134,27,81,54,0.0002042275094455223,0.022567139793730217,30,87,57,2,4,3,14,1,8,55,1
234,62,268,59,97,38,22,22,42,42,0,22,22,46,46,0,0.00881582082439838,0.014466115252391163,64,78,14,3,3,3,2,6,68,34,31
235,218,818,93,100,7,168,168,86,86,0,168,168,88,88,0,0.02396269444160795,0.051669559889717144,86,97,11,2,2,2,9,19,26,15,2
236,52,668,61,100,39,48,48,65,65,0,48,48,68,68,0,0.009598692943939549,0.013955546478777357,71,79,8,2,3,3,3,5,66,25,94
237,162,368,84,98,14,110,110,78,78,0,110,110,82,82,0,0.020014295925661188,0.025868817863099493,82,87,5,3,2,2,6,18,51,30,34
238,13,13,43,43,0,24,24,40,40,0,13,13,43,43,0,0.0015317063208414173,0.0015317063208414173,42,42,0,-1,4,4,4,4,78,64,36
239,26,232,52,99,47,22,22,54,54,0,22,22,54,54,0,0.003369753905851118,0.013649205214609075,49,74,25,3,3,3,2,6,99,41,27
240,63,679,60,100,40,110,110,80,80,0,63,110,60,82,22,0.0061949011198475104,0.012559991830899623,57,75,18,2,2,2,6,4,48,22,21
241,118,324,79,95,16,118,118,88,88,0,118,118,89,89,0,0.009530617107457708,0.011675005956635693,68,71,3,3,2,2,5,5,61,47,46
242,0,1640,1,100,99,0,102,1,65,64,0,102,1,77,76,0.0,0.03975628850539501,1,96,95,1,-1,2,8,1,57,69,3
243,0,0,1,1,0,0,0,1,1,0,0,0,1,1,0,0.0,0.0,1,1,0,-1,-1,-1,6,0,69,89,84
244,62,268,57,92,35,104,104,60,60,0,62,104,57,76,19,0.002212464685659825,0.007488342013002485,44,61,17,3,2,2,9,4,54,64,31
245,100,100,57,57,0,100,100,38,38,0,100,100,57,57,0,0.045338507096905956,0.06419551380237584,97,100,3,2,1,1,16,30,4,7,10
246,22,228,45,95,50,28,28,43,43,0,22,28,46,49,3,0.002110350930937064,0.013819394805813677,44,78,34,3,3,3,3,2,96,52,6
247,138,138,79,79,0,142,142,78,78,0,138,138,81,81,0,0.0160318594914735,0.0160318594914735,74,74,0,-1,2,2,8,9,27,39,79
248,0,206,1,90,89,0,26,1,32,31,0,24,1,44,43,0.0,0.004833384390210695,1,52,51,3,-1,4,5,0,50,87,72
249,267,883,94,100,6,200,200,94,94,0,200,200,94,94,0,0.0298852922155281,0.03727152047380782,87,92,5,2,2,2,8,15,57,16,32
250,6,6,30,30,0,20,20,35,35,0,6,6,30,30,0,0.000442492937131965,0.000442492937131965,34,34,0,-1,4,4,4,1,83,49,96
251,74,74,62,62,0,138,138,75,75,0,74,74,62,62,0,0.00616086320160659,0.00616086320160659,60,60,0,-1,2,2,9,6,31,26,93
252,0,0,1,1,0,0,0,1,1,0,0,0,1,1,0,0.0,0.0,1,1,0,-1,-1,-1,3,0,96,80,97
253,56,262,53,93,40,230,230,73,73,0,56,64,53,55,2,0.005003573981415297,0.006433166547533953,54,55,1,3,2,2,16,3,9,29,52
254,0,206,1,92,91,0,26,1,34,33,0,26,1,46,45,0.0,0.006467204465774873,1,56,55,3,-1,4,5,0,88,40,27
255,34,134,52,84,32,44,44,49,49,0,34,34,52,52,0,0.0030293747234419145,0.003608019333537561,50,50,0,4,3,3,4,6,79,70,71
256,278,1918,93,100,7,310,334,94,95,1,278,334,93,95,2,0.016916845365737433,0.0300554818067327,76,91,15,1,2,2,14,14,25,14,27
257,111,317,73,97,24,154,154,66,66,0,111,121,73,76,3,0.008203138296061813,0.009224275843289425,61,66,5,3,2,2,10,8,0,57,43
258,6,212,31,94,63,14,18,33,35,2,6,18,31,44,13,0.00034037918240920387,0.005820484019197386,34,58,24,3,4,4,3,1,66,49,21
259,152,768,84,100,16,88,88,73,73,0,88,88,74,74,0,0.01596378365499166,0.02481364239763096,80,87,7,2,2,2,4,13,83,33,32
260,0,0,1,1,0,0,0,1,1,0,0,0,1,1,0,0.0,0.0,1,1,0,-1,-1,-1,17,0,20,99,81
261,2,2,29,29,0,7,7,29,29,0,2,2,29,29,0,0.0002042275094455223,0.0002042275094455223,32,32,0,-1,5,5,4,1,73,55,89
262,16,222,38,92,54,40,40,45,45,0,16,40,38,51,13,0.002212464685659825,0.007147962830593281,47,62,15,3,3,3,5,2,37,94,31
263,6,622,32,100,68,10,28,32,41,9,6,28,32,50,18,0.00030634126416828345,0.007352190340038803,33,63,30,2,4,3,3,1,64,65,57
264,84,186,76,93,17,56,56,84,84,0,56,56,85,85,0,0.01494264610776405,0.017018959120460194,80,82,2,4,2,2,2,7,98,48,70
265,16,632,34,100,66,54,68,35,40,5,16,38,34,46,12,0.0010892133837094523,0.004050512270669526,39,52,13,2,3,3,8,1,42,71,70
266,28,644,45,100,55,46,56,37,40,3,28,56,45,53,8,0.0007828721195411688,0.019469689233806462,35,83,48,2,3,3,6,4,40,64,1
267,108,724,79,100,21,76,86,60,67,7,76,86,65,71,6,0.013410939786922631,0.01858470335954253,73,79,6,2,3,3,6,13,69,33,47
268,87,703,67,100,33,70,70,56,56,0,70,70,63,63,0,0.008237176214302734,0.024098846114571634,65,87,22,2,3,3,5,8,37,44,23
269,56,158,59,85,26,70,70,67,67,0,56,70,58,70,12,0.010245413390517035,0.010347527145239796,70,70,0,4,3,3,5,5,70,25,60
270,274,480,91,98,7,310,310,93,93,0,274,310,91,95,4,0.021375812655298,0.023554239422716908,84,85,1,3,2,2,14,18,17,30,75
271,214,214,89,89,0,300,300,89,89,0,214,214,89,89,0,0.014806494434800367,0.014806494434800367,77,77,0,-1,2,2,14,9,16,27,50
272,16,632,34,100,66,112,132,58,63,5,16,132,34,80,46,0.002995336805200994,0.018074134585928724,49,82,33,2,3,3,12,2,14,94,16
273,10,626,41,100,59,18,28,38,45,7,10,28,41,50,9,0.0013274788113958951,0.03083835392627387,41,90,49,2,4,3,3,3,85,43,3
274,204,820,90,100,10,110,110,77,77,0,110,110,81,81,0,0.021069471391129718,0.0283876238129276,83,87,4,2,2,2,6,16,74,12,25
275,100,100,64,64,0,100,100,45,45,0,100,100,64,64,0,0.018754892950747133,0.04843595765682971,80,97,17,1,1,1,10,6,18,41,16
276,6,212,27,92,65,16,20,29,29,0,6,15,27,34,7,0.00034037918240920387,0.0014295925661186562,29,37,8,3,4,4,4,1,67,4,43
277,100,100,60,60,0,100,100,40,40,0,100,100,60,60,0,0.05800061268252834,0.06892678443786378,100,100,0,2,1,1,14,36,25,2,23
278,16,632,35,100,65,64,68,40,42,2,16,68,35,55,20,0.002314578440382586,0.013479015623404473,42,72,30,2,3,3,8,2,27,94,19
279,0,206,1,89,88,0,44,1,35,34,0,34,1,52,51,0.0,0.007794683277170768,1,64,63,3,-1,4,8,0,57,81,20
280,28,28,49,49,0,50,50,45,45,0,28,28,49,49,0,0.0018380475850097008,0.0018380475850097008,43,43,0,-1,3,3,5,3,63,43,50
281,88,88,61,61,0,184,184,83,83,0,88,88,61,61,0,0.007352190340038803,0.007352190340038803,62,62,0,-1,2,2,10,7,1,62,45
282,0,206,1,97,96,0,8,1,34,33,0,8,1,40,39,0.0,0.006501242384015794,1,61,60,3,-1,4,2,0,97,40,48
283,56,1696,54,100,46,164,198,74,85,11,56,198,54,91,37,0.006297014874570271,0.03597807958065285,58,94,36,1,2,2,10,3,1,29,0
284,52,258,58,97,39,48,48,67,67,0,48,48,70,70,0,0.006126825283365669,0.012049423057285817,56,77,21,3,3,3,3,6,96,13,44
285,70,70,61,61,0,96,96,67,67,0,70,70,61,61,0,0.00704584907587052,0.00704584907587052,62,62,0,-1,3,3,6,6,65,26,89
286,84,684,64,100,36,104,104,66,66,0,84,104,64,78,14,0.009394465434494027,0.01695088328397835,67,79,12,2,3,3,9,9,26,27,39
287,168,784,88,100,12,144,144,69,69,0,144,144,86,86,0,0.011402702610708328,0.01681473161101467,74,80,6,2,2,2,10,14,1,32,72
288,348,964,96,100,4,176,176,85,85,0,176,176,89,89,0,0.032165832737669764,0.03795227883862623,88,93,5,2,2,2,8,29,42,0,62
289,22,123,40,80,40,96,96,44,44,0,22,23,40,43,3,0.0016678579938050988,0.0017018959120460194,42,42,0,5,3,3,11,2,38,74,95
290,1,1,26,26,0,2,2,26,26,0,1,1,26,26,0,3.4037918240920386e-05,3.4037918240920386e-05,26,26,0,-1,6,6,2,2,68,58,80
291,34,634,45,100,55,86,86,43,43,0,34,86,45,64,19,0.004935498144933456,0.013785356887572755,53,73,20,2,3,3,10,6,12,73,37
292,38,244,47,93,46,62,66,48,49,1,38,66,47,60,13,0.002382654276864427,0.0061949011198475104,43,56,13,3,3,3,6,6,56,70,26
293,61,61,63,63,0,54,54,55,55,0,54,54,60,60,0,0.014227849824704722,0.014227849824704722,75,75,0,-1,3,3,4,12,84,37,89
294,335,535,99,100,1,144,144,95,95,0,144,144,95,95,0,0.03625038292658021,0.043568535348378096,95,95,0,3,2,2,6,29,65,1,14
295,49,665,62,100,38,18,18,47,47,0,18,18,49,49,0,0.004969536063174376,0.02740052418394091,54,92,38,2,3,3,2,4,99,22,11
296,0,0,1,1,0,0,0,1,1,0,0,0,1,1,0,0.0,0.0,1,1,0,-1,-1,-1,4,0,79,40,96
297,140,346,89,100,11,32,32,69,69,0,32,32,69,69,0,0.021239660982334322,0.03002144388849178,87,90,3,3,3,3,2,19,93,15,6
298,16,632,42,100,58,22,22,42,42,0,16,32,42,58,16,0.002484768031587188,0.007556417849484326,49,61,12,2,3,3,2,3,68,46,53
299,86,292,72,98,26,54,54,60,60,0,54,54,62,62,0,0.008509479560230097,0.01579359406378706,66,79,13,3,3,3,4,7,78,21,32
300,388,388,100,100,0,224,224,99,99,0,224,224,99,99,0,0.03887130263113108,0.03887130263113108,95,95,0,-1,2,2,8,27,39,10,69
301,0,206,1,93,92,0,24,1,37,36,0,24,1,49,48,0.0,0.017223186629905716,1,81,80,3,-1,4,4,0,73,84,10
302,208,414,87,95,8,248,248,89,89,0,208,248,88,91,3,0.01923142380612002,0.02100139555464788,81,84,3,3,2,2,11,12,5,37,75
303,12,628,36,100,64,22,40,34,43,9,12,40,36,52,16,0.00034037918240920387,0.016474352428605468,34,79,45,2,4,3,5,2,70,56,23
304,100,100,72,72,0,100,100,77,77,0,100,100,77,77,0,0.026004969536063176,0.03090642976275571,86,91,5,3,1,1,6,4,69,64,21
305,47,1687,57,100,43,34,68,45,75,30,34,68,53,75,22,0.007522379931243405,0.04486197624153307,63,96,33,1,3,2,4,8,84,44,15
306,100,100,80,80,0,100,100,98,98,0,100,100,98,98,0,0.11960924469859423,0.1308757956363389,100,100,0,2,1,1,2,40,90,3,37
307,56,158,61,89,28,34,34,44,44,0,34,34,55,55,0,0.005446066918547262,0.007113924912352361,59,64,5,4,3,3,4,6,72,13,75
308,490,490,100,100,0,248,248,98,98,0,248,248,98,98,0,0.055788147996868515,0.055788147996868515,99,99,0,-1,2,2,8,36,57,2,89
309,0,0,1,1,0,0,0,1,1,0,0,0,1,1,0,0.0,0.0,1,1,0,-1,-1,-1,14,1,16,50,66
310,414,414,97,97,0,192,192,94,94,0,192,192,94,94,0,0.034684638687497875,0.034684638687497875,93,93,0,-1,2,2,9,29,29,1,93
311,364,364,98,98,0,144,144,91,91,0,144,144,92,92,0,0.03526328329759352,0.03526328329759352,94,94,0,-1,2,2,6,29,51,1,96
312,100,100,63,63,0,100,100,39,39,0,100,100,63,63,0,0.054222403757786176,0.054528745021954456,100,100,0,3,1,1,14,40,17,3,49
313,72,72,73,73,0,48,48,73,73,0,48,48,75,75,0,0.013717281051090916,0.013717281051090916,75,75,0,-1,3,3,3,8,92,20,80
314,100,100,62,62,0,100,100,48,48,0,100,100,62,62,0,0.047789237210252224,0.049593246877021,98,98,0,3,1,1,10,29,11,0,90
315,0,0,1,1,0,0,0,1,1,0,0,0,1,1,0,0.0,0.0,1,1,0,-1,-1,-1,3,0,55,82,69
316,0,206,1,94,93,0,8,1,32,31,0,6,1,32,31,0.0,0.002586881786309949,1,48,47,3,-1,4,2,0,90,99,46
317,8,624,38,100,62,8,22,33,48,15,8,22,38,52,14,0.0002042275094455223,0.018244324177133328,32,83,51,2,4,3,2,2,90,56,23
318,0,206,1,91,90,0,20,1,34,33,0,24,1,49,48,0.0,0.004765308553728854,1,55,54,3,-1,4,4,0,83,93,38
319,94,300,67,97,30,86,86,65,65,0,86,86,68,68,0,0.011640968038394772,0.029919330133769018,69,93,24,3,3,3,6,9,71,27,1
320,1,207,26,92,66,4,16,26,32,6,1,14,26,43,17,0.0,0.002586881786309949,1,48,47,3,6,4,4,2,78,58,70
321,196,812,87,100,13,222,222,91,91,0,196,222,89,93,4,0.01330882603219987,0.0339017665679567,73,93,20,2,2,2,10,9,18,31,10
322,0,102,1,77,76,0,6,1,27,26,0,2,1,26,25,0.0,0.0004765308553728854,1,34,33,4,-1,5,4,1,79,45,42
323,0,616,1,99,98,0,76,1,40,39,0,42,1,52,51,0.0,0.006909697402906838,1,60,59,2,-1,3,11,0,19,79,77
324,22,124,45,79,34,52,52,42,42,0,22,25,45,47,2,0.0017359338302869397,0.0019061234214915416,44,44,0,4,3,3,7,2,62,52,63
325,118,118,88,88,0,32,32,67,67,0,32,32,68,68,0,0.02117158514585248,0.02117158514585248,85,85,0,-1,3,3,2,19,97,15,96
326,8,214,38,97,59,8,8,33,33,0,8,8,38,38,0,0.002314578440382586,0.0057524081827155455,44,60,16,3,4,4,2,2,99,75,28
327,0,206,1,86,85,0,21,1,27,26,0,6,1,26,25,0.0,0.00017018959120460194,1,28,27,3,-1,4,14,0,25,80,4
328,84,700,62,100,38,168,168,82,82,0,84,168,62,84,22,0.007386228258279724,0.014874570271282209,63,75,12,2,2,2,9,6,54,26,27
329,0,206,1,92,91,0,14,1,31,30,0,8,1,36,35,0.0,0.0026209197045508697,1,49,48,3,-1,4,3,0,87,84,29
330,0,0,1,1,0,0,0,1,1,0,0,0,1,1,0,0.0,0.0,1,1,0,-1,-1,-1,6,0,44,86,50
331,0,616,1,100,99,0,92,1,39,38,0,48,1,51,50,0.0,0.007216038667075122,1,62,61,2,-1,3,14,0,8,92,34
332,0,616,1,100,99,0,110,1,59,58,0,110,1,73,72,0.0,0.021614078082984444,1,83,82,2,-1,3,10,0,11,84,7
333,78,284,65,94,29,54,54,52,52,0,54,54,55,55,0,0.013036522686272508,0.018686817114265293,75,82,7,3,3,3,4,9,83,39,31
334,100,100,60,60,0,100,100,40,40,0,100,100,60,60,0,0.020899281799925118,0.02100139555464788,80,80,0,3,1,1,14,8,25,44,63
335,46,662,53,100,47,140,150,66,67,1,46,74,53,57,4,0.0023486163586235067,0.005956635692161067,45,59,14,2,2,2,11,2,19,61,35
336,2,1642,26,100,74,10,102,27,65,38,2,102,26,75,49,0.0,0.028762040913577726,1,88,87,1,5,2,8,1,10,68,23
337,16,222,43,97,54,38,38,61,61,0,16,22,43,49,6,0.002995336805200994,0.003982436434187685,48,53,5,3,3,3,3,2,81,94,71
338,82,698,69,100,31,88,88,80,80,0,88,88,80,80,0,0.014329963579427483,0.022430988120766535,76,85,9,2,2,2,4,6,84,34,14
339,6,108,29,74,45,22,22,31,31,0,6,8,29,33,4,0.00010211375472276115,0.0002723033459273631,29,32,3,4,4,4,7,1,24,4,55
340,622,828,100,100,0,344,344,100,100,0,344,344,100,100,0,0.048878450593961675,0.05197590115388543,96,100,4,3,2,2,11,40,33,3,73
341,0,616,1,100,99,0,70,1,32,31,0,25,1,42,41,0.0,0.0023486163586235067,1,43,42,2,-1,3,16,0,4,91,41
342,144,350,89,100,11,56,56,80,80,0,56,56,81,81,0,0.019367575479083698,0.020558902617515914,86,86,0,3,2,2,2,18,91,5,61
343,100,100,60,60,0,100,100,52,52,0,100,100,60,60,0,0.02403077027808979,0.04186663943633207,86,95,9,2,1,1,9,6,29,26,9
344,80,696,55,100,45,222,222,74,74,0,80,102,55,74,19,0.0051397256543789785,0.0063650907110521125,55,57,2,2,2,2,14,3,16,29,63
345,2,208,26,88,62,19,39,26,29,3,2,8,26,31,5,3.4037918240920386e-05,0.0006807583648184077,26,35,9,3,5,4,17,1,20,68,49
346,0,0,1,1,0,0,0,1,1,0,0,0,1,1,0,0.0,0.0,1,1,0,-1,-1,-1,6,0,48,80,93
347,100,100,66,66,0,100,100,66,66,0,100,100,69,69,0,0.04043704687021342,0.05653698219816876,96,99,3,2,1,1,7,18,62,5,9
348,162,162,88,88,0,128,128,90,90,0,128,128,90,90,0,0.01766567956703768,0.01766567956703768,79,79,0,-1,2,2,5,13,63,33,59
349,250,250,93,93,0,152,152,95,95,0,152,152,95,95,0,0.03196160522822424,0.03196160522822424,89,89,0,-1,2,2,5,19,88,15,87
350,0,206,1,92,91,0,24,1,35,34,0,16,1,38,37,0.0,0.004969536063174376,1,51,50,3,-1,4,6,0,69,36,38
351,100,100,59,59,0,100,100,46,46,0,100,100,59,59,0,0.01872085503250621,0.01872085503250621,78,78,0,-1,1,1,11,6,5,41,82
352,36,652,56,100,44,34,44,47,52,5,34,44,55,57,2,0.0046972327172470135,0.02719629667449539,56,89,33,2,3,3,4,6,78,28,0
353,144,760,81,100,19,280,280,81,81,0,144,190,81,86,5,0.008066986623098132,0.01245787807617686,58,69,11,2,2,2,17,6,20,13,28
354,0,616,1,100,99,0,58,1,33,32,0,24,1,42,41,0.0,0.002484768031587188,1,46,45,2,-1,3,10,1,0,50,70
355,22,123,40,77,37,92,92,41,41,0,22,23,40,44,4,0.002825147213996392,0.002825147213996392,49,49,0,5,3,3,12,2,6,75,58
356,100,100,70,70,0,100,100,53,53,0,100,100,70,70,0,0.02743456210218183,0.02743456210218183,87,87,0,-1,1,1,9,9,31,27,79
357,0,0,1,1,0,0,0,1,1,0,0,0,1,1,0,0.0,0.0,1,1,0,-1,-1,-1,9,0,28,66,80
358,48,254,55,95,40,90,90,58,58,0,48,51,55,56,1,0.0045270431260424114,0.005922597773920147,51,56,5,3,2,2,6,6,48,70,64
359,22,638,41,100,59,104,114,60,62,2,22,114,41,74,33,0.00176997174852786,0.009530617107457708,42,68,26,2,3,3,9,2,28,61,27
360,0,616,1,100,99,0,38,1,51,50,0,38,1,54,53,0.0,0.019095272133156337,1,84,83,2,-1,3,3,0,66,80,30
361,0,206,1,93,92,0,10,1,31,30,0,9,1,37,36,0.0,0.0019061234214915416,1,44,43,3,-1,4,3,0,60,91,70
362,100,100,66,66,0,100,100,49,49,0,100,100,66,66,0,0.061268252833656695,0.07743626399809388,100,100,0,2,1,1,9,40,54,3,1
363,194,810,90,100,10,104,104,73,73,0,104,104,79,79,0,0.01872085503250621,0.03230198441063344,83,91,8,2,2,2,5,16,52,12,18
364,0,0,1,1,0,0,0,1,1,0,0,0,1,1,0,0.0,0.0,1,1,0,-1,-1,-1,5,0,61,99,66
365,0,616,1,100,99,0,42,1,39,38,0,34,1,51,50,0.0,0.005514142755029102,1,57,56,2,-1,3,6,0,44,98,38
366,161,777,93,100,7,80,80,96,96,0,80,80,96,96,0,0.03271043942952449,0.04067531229789986,93,96,3,2,2,2,2,15,98,16,57
367,6,108,29,75,46,22,22,35,35,0,6,12,29,35,6,0.00034037918240920387,0.0013955546478777359,34,40,6,4,4,4,5,1,61,88,43
368,100,100,63,63,0,100,100,39,39,0,100,100,63,63,0,0.018176248340651485,0.03580788998944825,78,94,16,1,1,1,14,8,17,44,19
369,2,104,28,76,48,10,10,29,29,0,2,4,28,29,1,0.0002723033459273631,0.0005786446100956465,32,34,2,4,5,5,6,1,71,55,42
370,226,432,94,100,6,64,64,67,67,0,64,64,68,68,0,0.02927260968719153,0.029647026787841656,91,91,0,3,3,3,4,27,67,10,60
371,0,0,1,1,0,0,0,1,1,0,0,0,1,1,0,0.0,0.0,1,1,0,-1,-1,-1,17,0,20,59,82
372,54,654,54,100,46,94,94,45,45,0,54,94,54,59,5,0.006467204465774873,0.03247217400183805,57,91,34,2,3,3,9,7,29,62,2
373,54,156,62,87,25,48,48,63,63,0,48,48,64,64,0,0.00704584907587052,0.007113924912352361,64,64,0,4,3,3,3,4,82,72,95
374,97,97,60,60,0,200,200,74,74,0,97,97,60,60,0,0.005922597773920147,0.005922597773920147,58,58,0,-1,2,2,12,4,6,22,99
375,40,246,55,95,40,62,62,77,77,0,40,48,66,67,1,0.008135062459579971,0.009632730862180468,67,71,4,3,2,2,3,3,66,46,51
376,88,704,68,100,32,78,78,73,73,0,88,78,77,73,-4,0.010143299635794275,0.027672827529868275,73,86,13,2,2,2,4,4,79,38,9
377,63,63,55,55,0,84,84,59,59,0,63,63,55,55,0,0.00622893903808843,0.00622893903808843,56,56,0,-1,2,2,5,4,52,22,89
378,167,167,86,86,0,126,126,80,80,0,126,126,83,83,0,0.014908608189523128,0.014908608189523128,76,76,0,-1,2,2,7,15,62,19,69
379,72,1712,54,100,46,208,232,74,80,6,72,180,55,84,29,0.0033357159876101976,0.02032063718982947,51,79,28,1,2,2,14,6,25,70,33
380,46,1686,59,100,41,28,62,45,75,30,28,62,50,76,26,0.005480104836788182,0.04244528404642772,56,95,39,1,3,2,3,6,58,13,35
381,100,100,63,63,0,100,100,45,45,0,100,100,63,63,0,0.044759862486810305,0.057932536846046497,95,99,4,2,1,1,11,22,19,9,5
382,58,58,67,67,0,46,46,82,82,0,46,46,82,82,0,0.012151536812008578,0.012151536812008578,72,72,0,-1,2,2,2,4,86,72,89
383,84,185,66,91,25,70,70,58,58,0,70,70,63,63,0,0.010007147962830594,0.009973110044589673,68,68,0,5,2,2,6,9,69,31,95
384,100,100,64,64,0,100,100,59,59,0,100,100,64,64,0,0.05813676435549202,0.05813676435549202,99,99,0,-1,1,1,6,29,40,11,92
385,169,375,88,96,8,246,246,87,87,0,169,246,88,92,4,0.01664454201981007,0.024473263215221756,77,83,6,3,2,2,13,12,13,37,20
386,66,272,63,96,33,48,48,62,62,0,48,48,64,64,0,0.006705469893461316,0.011130399264780965,61,71,10,3,3,3,3,6,64,13,47
387,12,218,39,93,54,18,18,35,35,0,12,18,39,45,6,0.002382654276864427,0.007522379931243405,45,63,18,3,4,4,3,2,58,83,21
388,146,146,87,87,0,134,134,90,90,0,134,134,90,90,0,0.016474352428605468,0.016474352428605468,81,81,0,-1,2,2,6,8,48,8,86
389,100,100,69,69,0,100,100,76,76,0,100,100,76,76,0,0.04823173014738419,0.050069777732393884,97,97,0,4,1,1,5,14,80,14,73
390,46,662,54,100,46,70,80,51,53,2,46,80,54,62,8,0.004561081044283332,0.017495489975833077,53,83,30,2,2,2,6,2,48,74,37
391,28,644,44,100,56,88,88,47,47,0,28,88,44,60,16,0.0030293747234419145,0.010824058000612683,48,69,21,2,3,3,8,6,10,70,31
392,100,100,73,73,0,100,100,82,82,0,100,100,82,82,0,0.06286803499097995,0.09707614282310494,100,100,0,2,1,1,5,29,88,0,2
393,160,366,85,96,11,176,176,85,85,0,160,176,87,88,1,0.01494264610776405,0.015725518227305217,78,78,0,3,2,2,8,8,42,17,74
394,16,632,33,100,67,54,86,33,43,10,16,72,33,53,20,0.00034037918240920387,0.006603356138738555,34,57,23,2,3,3,10,1,0,4,21
395,0,206,1,88,87,0,18,1,30,29,0,9,1,33,32,0.0,0.0006467204465774873,1,36,35,3,-1,4,7,0,24,36,64
396,120,1760,77,100,23,176,200,74,81,7,120,200,77,85,8,0.006977773239388679,0.023520201504475986,59,85,26,1,2,2,12,6,2,13,19
397,0,0,1,1,0,0,0,1,1,0,0,0,1,1,0,0.0,0.0,1,1,0,-1,-1,-1,3,0,58,81,96
398,94,196,75,92,17,54,54,60,60,0,54,54,62,62,0,0.010381565063480718,0.012628067667381462,71,76,5,4,3,3,4,9,78,27,41
399,152,152,85,85,0,120,120,79,79,0,120,120,81,81,0,0.014329963579427483,0.014329963579427483,79,79,0,-1,2,2,6,13,44,33,91
400,396,396,96,96,0,358,358,97,97,0,358,358,97,97,0,0.023520201504475986,0.023520201504475986,86,86,0,-1,2,2,14,19,25,15,79
401,375,975,97,100,3,160,160,93,93,0,160,160,94,94,0,0.03448041117805235,0.04288777698355969,91,97,6,2,2,2,7,29,62,1,33
402,49,49,52,52,0,76,76,49,49,0,49,49,52,52,0,0.004050512270669526,0.004050512270669526,51,51,0,-1,3,3,6,4,40,22,69
403,0,0,1,1,0,0,0,1,1,0,0,0,1,1,0,0.0,0.0,1,1,0,-1,-1,-1,9,0,31,92,85
404,0,616,1,100,99,0,44,1,35,34,0,46,1,53,52,0.0,0.007522379931243405,1,59,58,2,-1,3,9,0,35,97,8
405,1,207,25,94,69,2,8,25,30,5,1,7,25,35,10,3.4037918240920386e-05,0.001940161339732462,26,45,19,3,6,4,2,1,91,68,46
406,0,102,1,82,81,0,7,1,28,27,0,2,1,27,26,0.0,0.0008169100377820892,1,36,35,4,-1,5,4,0,78,81,71
407,32,238,47,93,46,116,116,62,62,0,32,51,47,55,8,0.002280540522141666,0.004969536063174376,44,57,13,3,3,3,11,2,19,52,41
408,447,653,99,100,1,254,254,100,100,0,254,254,100,100,0,0.042853739065318766,0.046019265461724364,96,96,0,3,2,2,9,29,26,1,29
409,0,102,1,73,72,0,13,1,28,27,0,2,1,25,24,0.0,3.4037918240920386e-05,1,27,26,4,-1,5,10,0,22,99,4
410,125,741,83,100,17,72,72,77,77,0,72,72,77,77,0,0.01929949964260186,0.028557813404132205,84,90,6,2,2,2,3,12,82,37,20
411,0,0,1,1,0,0,0,1,1,0,0,0,1,1,0,0.0,0.0,1,1,0,-1,-1,-1,4,0,73,91,85
412,26,232,44,90,46,46,46,37,37,0,26,32,44,45,1,0.003914360597705844,0.0046972327172470135,50,54,4,3,3,3,6,6,40,73,78
413,260,876,94,100,6,272,272,95,95,0,272,272,95,95,0,0.02215868477483917,0.03495694203342523,83,93,10,2,2,2,11,18,19,5,6
414,0,206,1,96,95,0,14,1,32,31,0,9,1,36,35,0.0,0.0019741992579733825,1,44,43,3,-1,4,3,0,75,40,70
415,14,14,41,41,0,24,24,38,38,0,14,14,41,41,0,0.003608019333537561,0.003608019333537561,51,51,0,-1,4,4,4,6,79,73,93
416,77,77,74,74,0,22,22,49,49,0,22,22,50,50,0,0.015385139044896015,0.015385139044896015,79,79,0,-1,3,3,2,12,93,37,79
417,44,145,51,85,34,66,66,54,54,0,44,45,51,53,2,0.007590455767725246,0.007590455767725246,62,62,0,6,3,3,6,4,69,38,58
418,16,632,34,100,66,54,108,34,57,23,16,94,34,60,26,0.00037441710065012424,0.010347527145239796,34,69,35,2,3,3,12,1,14,88,33
419,582,582,100,100,0,368,368,98,98,0,368,368,98,98,0,0.04789135096497498,0.04789135096497498,99,99,0,-1,2,2,14,36,17,2,85
420,22,22,53,53,0,22,22,52,52,0,22,22,54,54,0,0.0020763130126961434,0.0020763130126961434,47,47,0,-1,3,3,2,2,86,52,92
421,102,102,78,78,0,64,64,63,63,0,64,64,64,64,0,0.015623404472582456,0.015623404472582456,80,80,0,-1,3,3,4,12,79,37,40
422,19,225,47,97,50,18,18,35,35,0,18,18,46,46,0,0.003199564314646516,0.005786446100956465,49,56,7,3,4,4,3,4,94,22,41
423,12,218,41,96,55,8,8,32,32,0,12,8,41,38,-3,0.002212464685659825,0.019673916743251984,45,83,38,3,4,4,2,2,95,83,7
424,0,206,1,96,95,0,14,1,32,31,0,14,1,40,39,0.0,0.005037611899656217,1,56,55,3,-1,4,3,0,75,86,24
425,2,103,28,81,53,5,5,28,28,0,2,3,28,32,4,6.807583648184077e-05,0.00013615167296368154,29,30,1,5,5,5,4,1,72,78,65
426,22,22,48,48,0,24,24,45,45,0,22,22,48,48,0,0.002280540522141666,0.002280540522141666,45,45,0,-1,3,3,3,3,85,51,91
427,0,616,1,100,99,0,158,1,65,64,0,158,1,86,85,0.0,0.033050818611933694,1,94,93,2,-1,3,13,0,13,99,2
428,8,108,36,77,41,24,24,36,36,0,8,8,36,36,0,0.0005786446100956465,0.0006807583648184077,36,37,1,4,4,4,4,2,53,56,4
429,0,206,1,92,91,0,44,1,33,32,0,15,1,33,32,0.0,0.0022465026039007454,1,46,45,3,-1,4,12,0,6,85,41
430,92,708,66,100,34,86,96,56,63,7,86,96,62,72,10,0.009190237925048503,0.029851254297287178,68,91,23,2,3,3,6,8,51,44,1
431,191,191,91,91,0,88,88,82,82,0,88,88,82,82,0,0.027162258756254467,0.027162258756254467,89,89,0,-1,2,2,4,15,78,16,91
432,67,273,59,96,37,76,76,51,51,0,76,76,63,63,0,0.007726607440688927,0.009394465434494027,65,67,2,3,3,3,6,8,59,57,83
433,16,16,38,38,0,58,58,44,44,0,16,16,38,38,0,0.0030634126416828346,0.0030634126416828346,48,48,0,-1,3,3,7,3,62,46,79
434,152,152,85,85,0,100,100,71,71,0,100,100,72,72,0,0.01664454201981007,0.01664454201981007,77,77,0,-1,2,2,6,13,56,33,85
435,0,102,1,78,77,0,8,1,27,26,0,2,1,27,26,0.0,0.0002723033459273631,1,31,30,4,-1,5,6,0,69,79,88
436,0,206,1,95,94,0,14,1,31,30,0,6,1,30,29,0.0,0.0013955546478777359,1,38,37,3,-1,4,3,0,94,80,71
437,256,872,94,100,6,104,104,88,88,0,104,104,88,88,0,0.03066816433506927,0.06266380748153443,88,100,12,2,2,2,5,22,88,9,2
438,95,301,78,98,20,48,48,59,59,0,48,48,63,63,0,0.016168011164437182,0.01923142380612002,81,83,2,3,3,3,3,12,75,37,29
439,0,206,1,93,92,0,14,1,33,32,0,14,1,39,38,0.0,0.011300588855985567,1,74,73,3,-1,4,3,0,55,97,18
440,306,1946,98,100,2,280,304,99,100,1,280,304,99,100,1,0.029374723441914292,0.057728309336600975,89,99,10,1,2,2,10,15,1,16,0
441,0,206,1,86,85,0,31,1,29,28,0,8,1,30,29,0.0,0.0002382654276864427,1,30,29,3,-1,4,14,0,25,92,63
442,240,446,94,97,3,198,198,86,86,0,198,198,92,92,0,0.018891044623710815,0.018891044623710815,79,79,0,3,2,2,10,18,12,5,63
443,2,208,28,94,66,8,18,28,31,3,2,18,28,42,14,0.00013615167296368154,0.00616086320160659,30,57,27,3,5,4,5,1,45,65,24
444,0,0,1,1,0,0,0,1,1,0,0,0,1,1,0,0.0,0.0,1,1,0,-1,-1,-1,9,0,28,36,96
445,22,22,42,42,0,58,58,36,36,0,22,22,42,42,0,0.0012594029749140542,0.0012594029749140542,39,39,0,-1,3,3,10,3,22,51,66
446,0,1640,1,100,99,0,62,1,81,80,0,62,1,83,82,0.0,0.059498281085128835,1,99,98,1,-1,2,3,0,60,67,0
447,110,726,77,100,23,138,138,71,71,0,110,138,77,80,3,0.007862759113652609,0.013581129378127233,64,74,10,2,2,2,9,6,54,13,48
448,34,240,46,94,48,44,44,44,44,0,34,40,46,48,2,0.0033357159876101976,0.0051397256543789785,45,52,7,3,3,3,4,3,67,54,46
449,46,46,52,52,0,110,110,57,57,0,46,46,52,52,0,0.0013274788113958951,0.0013274788113958951,39,39,0,-1,2,2,16,2,9,63,67
450,138,738,84,100,16,100,100,66,66,0,100,100,72,72,0,0.010041185881071514,0.012491915994417782,68,74,6,2,2,2,6,9,44,31,70
451,100,100,77,77,0,100,100,96,96,0,100,100,96,96,0,0.07416862384696551,0.07416862384696551,100,100,0,-1,1,1,3,18,76,30,99
452,101,717,74,100,26,250,260,79,80,1,101,152,74,85,11,0.007352190340038803,0.015419176963136935,61,78,17,2,2,2,16,8,4,57,25
453,2,208,26,91,65,7,14,28,29,1,2,10,26,34,8,6.807583648184077e-05,0.0009530617107457708,28,38,10,3,5,4,5,2,52,58,74
454,0,206,1,90,89,0,36,1,32,31,0,25,1,45,44,0.0,0.004765308553728854,1,55,54,3,-1,4,8,0,39,87,57
455,0,616,1,99,98,0,98,1,45,44,0,88,1,57,56,0.0,0.009462541270975866,1,65,64,2,-1,3,11,0,5,59,8
456,2,2,27,27,0,16,16,29,29,0,2,2,27,27,0,3.4037918240920386e-05,3.4037918240920386e-05,27,27,0,-1,5,5,9,1,23,95,36
457,0,102,1,74,73,0,12,1,26,25,0,2,1,26,25,0.0,0.0002382654276864427,1,33,32,4,-1,5,11,0,19,84,55
458,44,44,59,59,0,48,48,59,59,0,48,48,63,63,0,0.005990673610401988,0.005990673610401988,57,57,0,-1,3,3,3,7,75,62,96
459,16,16,34,34,0,76,76,39,39,0,16,16,34,34,0,0.0012934408931549745,0.0012934408931549745,40,40,0,-1,3,3,11,1,33,71,92
460,0,102,1,74,73,0,11,1,27,26,0,2,1,25,24,0.0,0.0002723033459273631,1,32,31,4,-1,5,8,0,10,99,88
461,22,228,40,93,53,78,78,38,38,0,22,30,40,46,6,0.0011232513019503727,0.0017018959120460194,39,43,4,3,3,3,12,2,6,74,63
462,16,16,34,34,0,76,76,36,36,0,16,16,34,34,0,0.0009870996289866913,0.0009870996289866913,38,38,0,-1,3,3,12,2,6,42,85
463,128,334,87,99,12,72,72,80,80,0,72,72,80,80,0,0.018788930868988054,0.024983831988835564,84,88,4,3,2,2,3,13,76,33,57
464,56,158,63,89,26,48,48,66,66,0,48,48,67,67,0,0.010245413390517035,0.010483678818203479,71,71,0,4,3,3,3,6,76,77,63
465,116,116,78,78,0,44,44,49,49,0,44,44,54,54,0,0.008986010415602982,0.008986010415602982,68,68,0,-1,3,3,4,13,53,24,45
466,64,680,56,100,44,120,130,62,64,2,64,98,56,62,6,0.006501242384015794,0.011913271384322134,60,73,13,2,3,3,10,4,36,38,22
467,56,158,63,91,28,38,38,59,59,0,38,38,62,62,0,0.009122162088566664,0.009870996289866912,69,69,0,4,3,3,3,6,92,77,43
468,0,616,1,100,99,0,28,1,39,38,0,28,1,48,47,0.0,0.01929949964260186,1,84,83,2,-1,3,3,0,82,79,9
469,260,260,93,93,0,328,328,91,91,0,258,258,93,93,0,0.0195377650702883,0.0195377650702883,85,85,0,-1,2,2,16,18,9,5,87
470,320,936,98,100,2,334,334,98,98,0,320,334,98,98,0,0.022601177711971135,0.03267640151128357,85,91,6,2,2,2,14,17,8,6,33
471,74,176,64,91,27,64,64,68,68,0,64,64,69,69,0,0.010143299635794275,0.011947309302563056,72,74,2,4,3,3,4,9,73,27,90
472,146,146,89,89,0,72,72,77,77,0,72,72,79,79,0,0.020763130126961436,0.020763130126961436,88,88,0,-1,2,2,3,16,96,12,79
473,0,101,1,83,82,0,2,1,24,23,0,1,1,24,23,0.0,0.0,1,1,0,6,-1,7,2,0,86,84,68
474,28,234,46,91,45,96,96,44,44,0,28,36,46,47,1,0.002110350930937064,0.0031314884781646754,44,48,4,3,3,3,11,3,38,54,64
475,6,108,30,77,47,23,23,32,32,0,6,8,30,35,5,0.0002042275094455223,0.00030634126416828345,31,35,4,4,4,4,6,1,34,65,55
476,0,102,1,84,83,0,4,1,28,27,0,4,1,31,30,0.0,0.0026889955410327104,1,48,47,4,-1,5,2,0,98,89,73
477,73,279,62,94,32,144,144,72,72,0,73,97,62,64,2,0.005684332346233704,0.011300588855985567,57,70,13,3,2,2,10,4,12,22,34
478,34,136,54,87,33,32,32,58,58,0,32,32,59,59,0,0.0033016780693692774,0.00527587732734266,51,57,6,4,3,3,2,6,68,70,75
479,98,714,59,100,41,222,232,77,80,3,98,142,59,82,23,0.007216038667075122,0.013444977705163553,59,70,11,2,2,2,14,4,25,22,62
480,80,286,60,95,35,142,142,71,71,0,80,88,60,61,1,0.010347527145239796,0.012151536812008578,68,73,5,3,2,2,8,6,15,77,52
481,40,40,49,49,0,146,146,66,66,0,40,40,49,49,0,0.003369753905851118,0.003369753905851118,52,52,0,-1,2,2,12,3,14,46,80
482,16,632,35,100,65,78,88,44,48,4,16,44,35,49,14,0.0026889955410327104,0.006841621566424997,46,59,13,2,3,3,8,3,27,46,70
483,235,441,94,100,6,56,56,76,76,0,56,56,77,77,0,0.033969842404438545,0.039824364341876854,93,96,3,3,2,2,2,29,68,0,8
484,128,1728,79,100,21,138,138,75,75,0,128,138,80,86,6,0.010109261717553355,0.02831954797644576,69,91,22,1,2,2,9,9,29,31,33
485,162,162,93,93,0,56,56,82,82,0,56,56,82,82,0,0.027026107083290785,0.027026107083290785,89,89,0,-1,2,2,2,16,89,12,80
486,78,694,58,100,42,148,148,71,71,0,78,148,58,85,27,0.008203138296061813,0.011709043874876613,63,74,11,2,2,2,9,4,28,38,13
487,6,622,28,100,72,21,118,28,58,30,6,100,28,57,29,0.00013615167296368154,0.010721944245889922,28,60,32,2,4,3,16,2,9,58,19
488,0,0,1,1,0,0,0,1,1,0,0,0,1,1,0,0.0,0.0,1,1,0,-1,-1,-1,8,0,21,86,80
489,396,996,96,100,4,358,358,97,97,0,358,358,97,97,0,0.023520201504475986,0.030532012662105586,86,91,5,2,2,2,14,19,25,15,20
490,495,701,98,100,2,304,304,98,98,0,304,304,98,98,0,0.036454610436025735,0.0370672929643623,92,93,1,3,2,2,10,30,12,7,56
491,0,0,1,1,0,0,0,1,1,0,0,0,1,1,0,0.0,0.0,1,1,0,-1,-1,-1,9,0,28,67,40
492,100,100,71,71,0,100,100,80,80,0,100,100,81,81,0,0.0318935293917424,0.03349331154906566,91,92,1,3,1,1,5,2,49,63,94
493,2,208,28,92,64,13,26,31,32,1,2,8,28,33,5,0.0002382654276864427,0.0020082371762143027,32,43,11,3,5,4,7,1,46,55,94
494,371,371,97,97,0,184,184,96,96,0,184,184,96,96,0,0.03713536880084414,0.03713536880084414,92,92,0,-1,2,2,7,29,46,0,76
495,155,155,84,84,0,80,80,53,53,0,80,80,60,60,0,0.021375812655298,0.021375812655298,87,87,0,-1,3,3,5,20,52,23,91
496,218,424,90,98,8,144,144,92,92,0,144,144,92,92,0,0.02382654276864427,0.024405187378739916,85,87,2,3,2,2,6,17,41,6,63
497,2,2,27,27,0,4,4,27,27,0,2,2,27,27,0,3.4037918240920386e-05,3.4037918240920386e-05,29,29,0,-1,5,5,3,1,85,78,89
498,40,141,58,89,31,52,52,81,81,0,40,41,67,68,1,0.0088498587426393,0.008951972497362062,68,68,0,6,2,2,3,1,81,90,78
499,0,616,1,100,99,0,68,1,39,38,0,56,1,53,52,0.0,0.007454304094761564,1,60,59,2,-1,3,8,0,15,91,21
500,57,673,53,100,47,50,60,45,48,3,50,60,52,53,1,0.004322815616596889,0.006705469893461316,53,57,4,2,3,3,5,6,52,35,53
501,214,830,91,100,9,192,192,91,91,0,192,192,91,91,0,0.02413288403281255,0.026923993328568024,87,91,4,2,2,2,9,17,26,6,46
502,100,100,63,63,0,100,100,39,39,0,100,100,63,63,0,0.02723033459273631,0.028932230504782327,89,90,1,3,1,1,14,15,17,19,94
503,0,616,1,100,99,0,22,1,48,47,0,22,1,49,48,0.0,0.02021852343510671,1,85,84,2,-1,3,2,0,93,84,16
504,116,322,81,96,15,110,110,81,81,0,110,110,85,85,0,0.01317267435923619,0.017223186629905716,75,82,7,3,2,2,6,8,32,17,47
505,64,270,63,98,35,32,32,58,58,0,32,32,60,60,0,0.0068075836481840775,0.012798257258586064,61,76,15,3,3,3,2,8,91,57,34
506,16,16,35,35,0,86,86,43,43,0,16,16,35,35,0,0.002280540522141666,0.002280540522141666,45,45,0,-1,3,3,10,1,36,53,86
507,94,195,76,93,17,32,32,58,58,0,32,32,59,59,0,0.0160318594914735,0.016168011164437182,80,80,0,5,3,3,2,9,68,39,65
508,127,229,84,94,10,64,64,68,68,0,64,64,70,70,0,0.021137547227611558,0.02188638142891181,83,83,0,4,3,3,4,16,78,18,71
509,38,654,49,100,51,56,66,44,48,4,38,66,49,56,7,0.0010892133837094523,0.007011811157629599,40,61,21,2,3,3,6,4,41,64,21
510,56,56,54,54,0,136,136,63,63,0,56,56,54,54,0,0.002484768031587188,0.002484768031587188,48,48,0,-1,2,2,12,2,6,52,66
511,54,670,54,100,46,54,64,56,66,10,54,64,57,67,10,0.006535280302256714,0.012594029749140543,55,73,18,2,3,3,4,7,67,62,41
512,0,101,1,69,68,0,9,1,25,24,0,1,1,25,24,0.0,0.0,1,1,0,5,-1,6,9,1,29,69,58
513,1,617,25,100,75,3,28,25,42,17,1,28,25,49,24,0.00010211375472276115,0.009632730862180468,29,71,42,2,6,3,3,1,66,68,8
514,100,306,76,97,21,48,48,54,54,0,48,48,56,56,0,0.009394465434494027,0.016236087000919025,65,80,15,3,3,3,3,9,87,31,17
515,2,618,27,100,73,15,98,27,40,13,2,98,27,63,36,3.4037918240920386e-05,0.011845195547840293,27,73,46,2,5,3,13,1,13,68,5
516,71,71,60,60,0,74,74,58,58,0,74,74,62,62,0,0.006841621566424997,0.006841621566424997,60,60,0,-1,2,2,5,6,61,35,59
517,135,1775,81,100,19,178,212,82,90,8,135,212,81,91,10,0.008713707069675619,0.024234997787535316,66,87,21,1,2,2,10,8,1,57,31
518,239,445,96,100,4,72,72,77,77,0,72,72,79,79,0,0.032336022328874364,0.037475747983253344,93,95,2,3,2,2,3,29,96,0,62
519,40,656,45,100,55,188,188,71,71,0,40,188,45,85,40,0.0026889955410327104,0.0195377650702883,47,81,34,2,2,2,14,1,25,53,16
520,94,1734,67,100,33,158,192,83,90,7,94,152,68,87,19,0.012117498893767658,0.02900030634126417,71,91,20,1,2,2,9,5,26,25,47
521,0,0,1,1,0,0,0,1,1,0,0,0,1,1,0,0.0,0.0,1,1,0,-1,-1,-1,6,0,41,89,67
522,16,16,37,37,0,40,40,39,39,0,16,16,37,37,0,0.0011232513019503727,0.0011232513019503727,38,38,0,-1,3,3,5,1,63,49,59
523,129,231,83,91,8,70,70,54,54,0,70,70,60,60,0,0.014602266925354846,0.014772456516559448,79,80,1,4,3,3,5,15,61,19,88
524,16,1656,35,100,65,54,88,35,44,9,16,57,35,53,18,0.0007147962830593281,0.012185574730249497,36,71,35,1,3,2,10,1,22,88,63
525,8,624,35,100,65,26,60,37,54,17,8,60,35,59,24,0.0010892133837094523,0.027264372510977228,39,86,47,2,4,3,5,2,70,74,1
526,0,102,1,75,74,0,11,1,27,26,0,2,1,25,24,0.0,0.00030634126416828345,1,29,28,4,-1,5,8,0,27,82,88
527,0,101,1,82,81,0,2,1,25,24,0,1,1,25,24,0.0,0.00013615167296368154,1,30,29,5,-1,6,2,1,90,45,55
528,2,2,26,26,0,9,9,28,28,0,2,2,26,26,0,6.807583648184077e-05,6.807583648184077e-05,28,28,0,-1,5,5,7,2,43,58,93
529,515,1131,100,100,0,344,344,100,100,0,344,344,100,100,0,0.04142414649920011,0.04864018516627523,96,97,1,2,2,2,11,29,38,1,77
530,6,6,27,27,0,20,20,27,27,0,6,6,27,27,0,0.0,0.0,1,1,0,-1,4,4,14,1,8,68,69
531,22,638,39,100,61,84,88,36,36,0,22,57,39,55,16,0.00030634126416828345,0.00353994349705572,34,52,18,2,3,3,14,2,8,63,28
532,24,1664,44,100,56,86,154,43,71,28,24,154,44,85,41,0.0012594029749140542,0.030293747234419143,39,90,51,1,3,2,10,4,36,64,23
533,0,0,1,1,0,0,0,1,1,0,0,0,1,1,0,0.0,0.0,1,1,0,-1,-1,-1,14,0,17,80,67
534,6,6,28,28,0,19,19,31,31,0,6,6,28,28,0,0.0002042275094455223,0.0002042275094455223,29,29,0,-1,4,4,6,1,56,65,96
535,0,616,1,100,99,0,38,1,35,34,0,20,1,44,43,0.0,0.005241839409101739,1,55,54,2,-1,3,8,0,57,59,73
536,396,602,98,100,2,192,192,99,99,0,192,192,99,99,0,0.04571292419755608,0.049389019367575476,95,96,1,3,2,2,6,30,32,7,62
537,0,0,1,1,0,0,0,1,1,0,0,0,1,1,0,0.0,0.0,1,1,0,-1,-1,-1,16,0,9,36,59
538,625,1241,100,100,0,368,368,100,100,0,368,368,100,100,0,0.053269342047040404,0.05800061268252834,99,99,0,2,2,2,11,36,19,2,47
539,38,654,52,100,48,38,48,51,62,11,38,48,54,63,9,0.0028932230504782326,0.013989584397018279,50,78,28,2,3,3,3,6,82,70,33
540,56,56,54,54,0,122,122,62,62,0,56,56,54,54,0,0.003778208924742163,0.003778208924742163,52,52,0,-1,2,2,12,2,2,83,93
541,22,22,46,46,0,38,38,47,47,0,22,22,46,46,0,0.0020422750944552232,0.0020422750944552232,45,45,0,-1,3,3,3,2,75,61,87
542,206,306,91,95,4,256,256,90,90,0,256,256,94,94,0,0.01865277919602437,0.018857006705469893,79,79,0,4,2,2,13,18,13,5,4
543,108,724,85,100,15,72,72,80,80,0,72,72,80,80,0,0.020150447598624867,0.05561795840566391,85,96,11,2,2,2,3,9,66,39,2
544,0,102,1,75,74,0,7,1,25,24,0,2,1,25,24,0.0,0.00010211375472276115,1,27,26,4,-1,5,6,0,51,97,68
545,110,310,83,98,15,72,72,80,80,0,72,72,80,80,0,0.012117498893767658,0.017087034956942034,75,80,5,3,2,2,3,13,76,24,25
546,22,638,51,100,49,64,64,64,64,0,22,64,51,66,15,0.00445896728956057,0.015487252799618776,53,79,26,2,3,3,4,3,77,29,32
547,56,157,66,92,26,22,22,52,52,0,22,22,54,54,0,0.008509479560230097,0.008543517478471017,65,65,0,5,3,3,2,9,86,31,60
548,416,416,97,97,0,272,272,95,95,0,272,272,95,95,0,0.03240409816535621,0.03240409816535621,92,92,0,-1,2,2,11,27,5,10,81
549,100,100,70,70,0,100,100,53,53,0,100,100,70,70,0,0.019469689233806462,0.019469689233806462,83,83,0,-1,1,1,9,2,31,75,76
550,145,145,83,83,0,204,204,79,79,0,145,145,83,83,0,0.009973110044589673,0.009973110044589673,65,65,0,-1,2,2,11,8,5,44,76
551,44,44,49,49,0,44,44,44,44,0,44,44,50,50,0,0.007318152421797883,0.007318152421797883,61,61,0,-1,3,3,4,4,67,38,98
552,100,100,67,67,0,100,100,57,57,0,100,100,67,67,0,0.0619490111984751,0.06875659484665918,99,99,0,3,1,1,8,40,21,3,32
553,267,883,94,100,6,200,200,94,94,0,200,200,94,94,0,0.0298852922155281,0.0370672929643623,87,92,5,2,2,2,8,15,57,16,27
554,0,0,1,1,0,0,0,1,1,0,0,0,1,1,0,0.0,0.0,1,1,0,-1,-1,-1,6,0,65,76,36
555,0,0,1,1,0,0,0,1,1,0,0,0,1,1,0,0.0,0.0,1,1,0,-1,-1,-1,3,0,94,59,69
556,0,101,1,78,77,0,6,1,25,24,0,1,1,25,24,0.0,6.807583648184077e-05,1,28,27,6,-1,7,6,1,32,50,78
557,87,87,66,66,0,114,114,64,64,0,87,87,66,66,0,0.006705469893461316,0.006705469893461316,61,61,0,-1,3,3,9,8,31,57,76
558,6,6,32,32,0,12,12,36,36,0,6,6,32,32,0,0.0006126825283365669,0.0006126825283365669,37,37,0,-1,4,4,2,2,68,42,80
559,76,177,69,92,23,38,38,46,46,0,38,38,51,51,0,0.010109261717553355,0.010109261717553355,73,73,0,6,3,3,3,6,96,77,68
560,0,206,1,89,88,0,64,1,34,33,0,48,1,50,49,0.0,0.006262976956329351,1,58,57,3,-1,4,12,0,3,85,24
561,0,206,1,93,92,0,12,1,35,34,0,12,1,36,35,0.0,0.003812246842983083,1,53,52,3,-1,4,2,0,68,76,13
562,0,616,1,100,99,0,68,1,39,38,0,68,1,53,52,0.0,0.008373327887266415,1,62,61,2,-1,3,10,0,0,87,8
563,6,108,34,85,51,12,12,39,39,0,6,8,34,39,5,0.00030634126416828345,0.0018380475850097008,34,43,9,4,4,4,2,1,93,4,46
564,0,1640,1,100,99,0,90,1,66,65,0,90,1,68,67,0.0,0.041934715272813915,1,97,96,1,-1,2,6,0,56,76,3
565,0,206,1,92,91,0,26,1,35,34,0,26,1,49,48,0.0,0.00888389666088022,1,67,66,3,-1,4,5,0,37,79,32
566,0,206,1,93,92,0,13,1,29,28,0,8,1,35,34,0.0,0.0006467204465774873,1,35,34,3,-1,4,6,0,34,87,63
567,22,22,48,48,0,36,36,38,38,0,22,22,48,48,0,0.0013274788113958951,0.0013274788113958951,40,40,0,-1,3,3,5,3,61,51,89
568,16,117,44,83,39,24,24,40,40,0,15,24,44,52,8,0.0033357159876101976,0.0034037918240920387,52,52,0,5,4,4,4,6,78,41,55
569,0,206,1,88,87,0,56,1,33,32,0,8,1,30,29,0.0,0.001157289220191293,1,38,37,3,-1,4,14,0,17,81,52
570,0,616,1,100,99,0,100,1,37,36,0,44,1,48,47,0.0,0.006058749446883829,1,56,55,2,-1,3,16,0,4,79,62
571,244,450,93,99,6,232,232,92,92,0,232,232,93,93,0,0.01776779332176044,0.018176248340651485,81,81,0,3,2,2,10,14,1,14,74
572,2,618,27,100,73,6,24,29,44,15,2,24,27,50,23,0.0002042275094455223,0.01058579257292624,31,69,38,2,5,3,3,1,85,65,8
573,0,206,1,96,95,0,12,1,34,33,0,12,1,41,40,0.0,0.008441403723748256,1,65,64,3,-1,4,2,1,98,45,33
574,0,206,1,92,91,0,18,1,35,34,0,6,1,31,30,0.0,0.0020763130126961434,1,46,45,3,-1,4,3,0,64,67,46
575,67,683,65,100,35,70,80,59,67,8,70,80,66,68,2,0.007147962830593281,0.03795227883862623,62,93,31,2,3,3,5,8,80,57,2
576,104,720,80,100,20,80,80,60,60,0,80,80,65,65,0,0.014772456516559448,0.026855917492086184,78,90,12,2,3,3,5,9,50,39,30
577,34,136,55,88,33,32,32,69,69,0,32,32,69,69,0,0.003880322679464924,0.004152626025392287,53,53,0,4,3,3,2,3,93,54,63
578,96,302,75,95,20,48,48,63,63,0,48,48,64,64,0,0.007998910786616291,0.009054086252084823,66,70,4,3,3,3,3,13,82,24,42
579,96,96,66,66,0,122,122,69,69,0,96,96,66,66,0,0.009564655025698629,0.009564655025698629,65,65,0,-1,2,2,8,6,27,34,82
580,0,0,1,1,0,0,0,1,1,0,0,0,1,1,0,0.0,0.0,1,1,0,-1,-1,-1,4,0,77,89,92
581,66,167,61,89,28,60,60,49,49,0,60,60,59,59,0,0.005956635692161067,0.005956635692161067,55,55,0,6,3,3,5,6,88,13,68
582,60,1700,54,100,46,110,154,62,73,11,60,154,54,85,31,0.005412029000306341,0.04200279110929576,57,96,39,1,3,2,10,6,22,28,3
583,28,234,51,94,43,28,28,46,46,0,28,28,51,51,0,0.0026549576227917903,0.006433166547533953,48,59,11,3,3,3,3,3,85,54,13
584,22,228,42,95,53,34,34,39,39,0,22,34,42,50,8,0.0018380475850097008,0.004118588107151367,44,52,8,3,3,3,4,2,53,61,41
585,0,0,1,1,0,0,0,1,1,0,0,0,1,1,0,0.0,0.0,1,1,0,-1,-1,-1,6,1,69,45,89
586,386,986,98,100,2,184,184,97,97,0,184,184,98,98,0,0.036760951700194014,0.04190067735457299,93,96,3,2,2,2,7,30,62,7,41
587,193,393,93,100,7,112,112,92,92,0,112,112,92,92,0,0.02658361414615882,0.03179141563701964,91,95,4,3,2,2,4,20,53,23,31
588,108,314,77,94,17,104,104,82,82,0,104,104,82,82,0,0.017257224548146634,0.01960584090677014,80,83,3,3,2,2,5,9,80,39,90
589,0,206,1,91,90,0,20,1,34,33,0,20,1,47,46,0.0,0.008509479560230097,1,66,65,3,-1,4,4,1,83,50,39
590,196,796,88,100,12,176,176,75,75,0,176,176,87,87,0,0.020014295925661188,0.024371149460498995,83,86,3,2,3,3,11,16,33,18,48
591,16,222,36,89,53,60,64,38,40,2,16,30,36,46,10,0.0011232513019503727,0.003199564314646516,39,49,10,3,3,3,9,1,28,71,41
592,0,0,1,1,0,0,0,1,1,0,0,0,1,1,0,0.0,0.0,1,1,0,-1,-1,-1,5,0,50,81,91
593,166,782,86,100,14,124,134,76,78,2,124,134,81,82,1,0.016712617856291908,0.029715102624323496,80,91,11,2,3,3,9,16,26,12,5
594,0,616,1,100,99,0,66,1,48,47,0,66,1,62,61,0.0,0.020626978453997753,1,85,84,2,-1,3,6,0,32,79,23
595,76,178,62,85,23,76,76,57,57,0,76,76,61,61,0,0.005956635692161067,0.005990673610401988,58,58,0,4,3,3,6,6,74,13,60
596,226,226,94,94,0,72,72,77,77,0,72,72,77,77,0,0.03311889444841554,0.03311889444841554,93,93,0,-1,2,2,3,27,64,10,91
597,74,1714,57,100,43,206,230,75,87,12,74,230,57,91,34,0.00527587732734266,0.03424214575036591,57,92,35,1,2,2,12,4,14,22,11
598,0,616,1,100,99,0,76,1,39,38,0,76,1,58,57,0.0,0.013104598522754349,1,73,72,2,-1,3,10,0,22,84,12
599,6,6,33,33,0,30,30,39,39,0,6,6,33,33,0,0.0005786446100956465,0.0005786446100956465,34,34,0,-1,4,4,5,2,88,42,76
600,62,678,55,100,45,100,110,66,75,9,62,110,55,80,25,0.005173763572619898,0.014466115252391163,54,78,24,2,2,2,6,3,59,54,8
601,0,0,1,1,0,0,0,1,1,0,0,0,1,1,0,0.0,0.0,1,1,0,-1,-1,-1,5,1,52,50,79
602,168,1808,87,100,13,318,342,91,95,4,168,214,87,92,5,0.012662105585622384,0.020354675108070392,73,81,8,1,2,2,16,6,4,77,56
603,0,0,1,1,0,0,0,1,1,0,0,0,1,1,0,0.0,0.0,1,1,0,-1,-1,-1,6,0,59,96,99
604,54,156,56,82,26,118,118,68,68,0,54,56,56,56,0,0.00622893903808843,0.006433166547533953,59,60,1,4,3,3,8,4,21,72,4
605,0,0,1,1,0,0,0,1,1,0,0,0,1,1,0,0.0,0.0,1,1,0,-1,-1,-1,14,0,25,99,91
606,74,690,66,100,34,78,88,72,75,3,78,88,75,78,3,0.007828721195411689,0.02634534871847238,63,88,25,2,2,2,4,6,47,26,30
607,111,727,73,100,27,154,164,66,68,2,111,164,73,85,12,0.008203138296061813,0.015623404472582456,61,80,19,2,2,2,10,8,0,57,34
608,0,616,1,100,99,0,72,1,48,47,0,72,1,60,59,0.0,0.022567139793730217,1,87,86,2,-1,3,7,0,62,66,23
609,0,102,1,79,78,0,8,1,27,26,0,4,1,31,30,0.0,0.0007828721195411688,1,36,35,4,-1,5,5,0,45,81,74
610,100,100,66,66,0,100,100,43,43,0,100,100,66,66,0,0.030532012662105586,0.030532012662105586,91,91,0,-1,1,1,11,18,33,5,91
611,100,100,66,66,0,100,100,60,60,0,100,100,68,68,0,0.03168930188229688,0.035603662480002726,89,92,3,2,1,1,7,14,43,32,28
612,144,144,89,89,0,72,72,84,84,0,72,72,84,84,0,0.019129310051397258,0.019129310051397258,84,84,0,-1,2,2,3,14,85,32,82
613,56,672,56,100,44,126,126,69,69,0,56,126,56,77,21,0.006092787365124749,0.032370060247115286,58,93,35,2,2,2,7,3,24,29,3
614,62,163,57,82,25,104,104,60,60,0,62,63,57,57,0,0.002212464685659825,0.0022465026039007454,44,44,0,6,2,2,9,4,54,64,78
615,219,425,91,98,7,184,184,78,78,0,184,184,87,87,0,0.022328874366043774,0.024575376969944517,85,85,0,3,2,2,10,20,18,23,70
616,93,93,78,78,0,32,32,63,63,0,32,32,64,64,0,0.01681473161101467,0.01681473161101467,78,78,0,-1,3,3,2,9,86,39,59
617,12,628,38,100,62,38,62,34,41,7,12,65,38,58,20,0.0011913271384322134,0.008339289969025495,40,61,21,2,4,3,9,3,26,51,48
618,100,100,63,63,0,100,100,47,47,0,100,100,63,63,0,0.029306647605432452,0.031110657272201234,91,91,0,3,1,1,10,14,22,14,94
619,97,713,72,100,28,72,72,77,77,0,72,72,77,77,0,0.011300588855985567,0.02032063718982947,72,85,13,2,2,2,3,8,64,57,20
620,16,118,42,85,43,22,22,42,42,0,16,18,42,45,3,0.0008509479560230097,0.0011913271384322134,38,39,1,4,3,3,2,1,68,49,63
621,8,214,38,94,56,24,24,38,38,0,8,24,38,50,12,0.0010211375472276116,0.004799346471969774,39,53,14,3,4,4,4,2,72,74,38
622,100,100,62,62,0,100,100,45,45,0,100,100,62,62,0,0.042683549474114166,0.04612137921644712,96,96,0,2,1,1,12,20,3,23,73
623,0,0,1,1,0,0,0,1,1,0,0,0,1,1,0,0.0,0.0,1,1,0,-1,-1,-1,17,0,20,85,50
624,1,1641,26,100,74,4,68,26,70,44,1,68,26,72,46,3.4037918240920386e-05,0.05051227066952585,26,96,70,1,6,2,4,1,47,78,1
625,100,100,62,62,0,100,100,48,48,0,100,100,62,62,0,0.04237720820994588,0.04237720820994588,97,97,0,-1,1,1,10,15,11,16,84
626,10,626,39,100,61,8,18,32,46,14,8,18,38,49,11,0.0020422750944552232,0.011879233466081215,44,72,28,2,4,3,2,3,95,54,17
627,0,1640,1,100,99,0,134,1,62,61,0,97,1,58,57,0.0,0.017223186629905716,1,78,77,1,-1,2,14,0,16,97,39
628,18,18,46,46,0,18,18,47,47,0,18,18,49,49,0,0.001497668402600497,0.001497668402600497,40,40,0,-1,3,3,2,2,99,61,96
629,0,1640,1,100,99,0,100,1,65,64,0,100,1,74,73,0.0,0.03955206099594949,1,95,94,1,-1,2,6,0,51,81,7
630,22,228,46,94,48,28,28,43,43,0,22,28,46,49,3,0.0019061234214915416,0.008986010415602982,45,69,24,3,3,3,3,3,66,51,32
631,28,644,45,100,55,74,84,42,45,3,28,84,45,59,14,0.001940161339732462,0.00878178290615746,44,68,24,2,3,3,9,3,28,43,21
632,22,124,43,82,39,158,158,66,66,0,22,24,43,45,2,0.004663194799006093,0.005718370264474625,54,55,1,4,3,3,13,3,13,29,51
633,52,154,55,82,27,96,96,56,56,0,52,54,55,55,0,0.004186663943633207,0.0042547397801150485,51,52,1,4,2,2,7,6,43,70,95
634,6,212,29,91,62,34,42,30,32,2,6,18,29,41,12,0.0002723033459273631,0.0011913271384322134,30,37,7,3,4,4,13,1,13,4,64
635,110,726,83,100,17,72,72,80,80,0,72,72,80,80,0,0.012117498893767658,0.03567173831648456,75,92,17,2,2,2,3,13,76,24,7
636,16,222,50,97,47,18,22,51,51,0,16,22,51,53,2,0.0011913271384322134,0.019707954661492902,39,85,46,3,3,3,2,2,86,42,7
637,16,222,44,93,49,28,28,44,44,0,16,28,43,53,10,0.002723033459273631,0.003914360597705844,51,53,2,3,3,3,3,3,76,46,43
638,0,0,1,1,0,0,0,1,1,0,0,0,1,1,0,0.0,0.0,1,1,0,-1,-1,-1,7,0,46,93,69
639,100,100,69,69,0,100,100,69,69,0,100,100,71,71,0,0.07331767589094251,0.07345382756390618,99,99,0,3,1,1,6,40,34,3,54
640,144,246,85,93,8,208,208,90,90,0,144,146,86,88,2,0.010892133837094524,0.010960209673576363,72,72,0,4,2,2,10,7,1,21,4
641,22,22,41,41,0,66,66,50,50,0,22,22,41,41,0,0.002723033459273631,0.002723033459273631,45,45,0,-1,3,3,6,2,56,52,98
642,260,260,96,96,0,190,190,93,93,0,190,190,94,94,0,0.024881718234112803,0.024881718234112803,87,87,0,-1,2,2,8,19,39,15,50
643,0,101,1,78,77,0,6,1,24,23,0,1,1,24,23,0.0,3.4037918240920386e-05,1,27,26,6,-1,7,6,0,69,84,78
644,198,198,91,91,0,248,248,90,90,0,198,198,90,90,0,0.019095272133156337,0.019095272133156337,80,80,0,-1,2,2,11,12,38,37,92
645,22,124,46,87,41,38,38,47,47,0,22,38,46,52,6,0.0020422750944552232,0.0028932230504782326,45,50,5,4,3,3,3,2,75,61,51
646,0,616,1,100,99,0,40,1,39,38,0,40,1,49,48,0.0,0.010415602981721638,1,72,71,2,-1,3,5,0,52,92,33
647,0,0,1,1,0,0,0,1,1,0,0,0,1,1,0,0.0,0.0,1,1,0,-1,-1,-1,9,0,28,98,79
648,422,1022,99,100,1,144,144,91,91,0,144,144,92,92,0,0.047993464719697745,0.0514312944620307,99,99,0,2,2,2,6,36,51,2,35
649,56,56,57,57,0,28,28,48,48,0,28,28,54,54,0,0.00622893903808843,0.00622893903808843,59,59,0,-1,3,3,3,6,55,13,69
650,134,235,79,94,15,80,80,53,53,0,80,80,60,60,0,0.010279451308757957,0.010347527145239796,70,70,0,5,3,3,5,9,52,31,58
651,250,250,95,95,0,216,216,93,93,0,216,216,94,94,0,0.02379250485040335,0.02379250485040335,85,85,0,-1,2,2,9,18,28,30,82
652,54,156,58,88,30,98,98,52,52,0,54,56,58,58,0,0.006773545729943157,0.00707988699411144,64,64,0,4,3,3,8,4,39,38,49
653,6,108,32,80,48,24,24,38,38,0,6,10,32,38,6,0.0006126825283365669,0.0009190237925048504,38,38,0,4,4,4,4,1,79,49,56
654,62,678,63,100,37,48,48,59,59,0,48,48,63,63,0,0.008135062459579971,0.023179822322066782,64,90,26,2,3,3,3,6,75,34,18
655,0,206,1,92,91,0,28,1,32,31,0,22,1,41,40,0.0,0.0035059055788147996,1,49,48,3,-1,4,6,0,65,98,35
656,42,248,50,93,43,84,84,64,64,0,42,51,51,53,2,0.003199564314646516,0.0040845501889104465,48,49,1,3,2,2,5,2,50,61,64
657,16,632,37,100,63,66,66,48,48,0,16,66,37,58,21,0.0015317063208414173,0.00796487286837537,43,66,23,2,3,3,6,1,59,53,48
658,0,206,1,94,93,0,14,1,31,30,0,14,1,40,39,0.0,0.002110350930937064,1,43,42,3,-1,4,3,0,96,99,41
659,6,6,31,31,0,14,14,34,34,0,6,6,31,31,0,0.0009530617107457708,0.0009530617107457708,39,39,0,-1,4,4,3,1,55,71,81
660,90,706,61,100,39,154,164,67,72,5,90,114,61,76,15,0.006467204465774873,0.009088124170325743,57,67,10,2,2,2,10,6,18,28,54
661,206,206,91,91,0,256,256,90,90,0,256,256,94,94,0,0.01865277919602437,0.01865277919602437,79,79,0,-1,2,2,13,18,13,5,36
662,16,1656,34,100,66,68,122,41,65,24,16,122,34,77,43,0.002314578440382586,0.02552843868069029,45,87,42,1,3,2,8,2,42,94,6
663,0,102,1,70,69,0,12,1,27,26,0,2,1,25,24,0.0,0.00013615167296368154,1,31,30,4,-1,5,9,0,28,67,55
664,0,616,1,100,99,0,46,1,33,32,0,22,1,42,41,0.0,0.003778208924742163,1,48,47,2,-1,3,10,0,12,67,75
665,20,226,48,92,44,30,34,44,44,0,20,34,48,52,4,0.0014295925661186562,0.008203138296061813,41,65,24,3,3,3,4,3,84,43,20
666,68,68,55,55,0,212,212,78,78,0,68,68,55,55,0,0.007828721195411689,0.007828721195411689,63,63,0,-1,2,2,13,4,13,72,40
667,91,193,76,93,17,32,32,70,70,0,32,32,70,70,0,0.012253650566731339,0.012696143503863304,74,74,0,4,3,3,2,14,95,32,74
668,40,656,52,100,48,106,116,66,67,1,40,116,52,75,23,0.004356853534837809,0.031076619353960312,54,90,36,2,2,2,7,3,24,46,3
669,15,15,44,44,0,18,18,38,38,0,18,18,47,47,0,0.003880322679464924,0.003880322679464924,52,52,0,-1,4,4,3,6,85,73,96
670,28,234,52,94,42,28,28,42,42,0,28,28,51,51,0,0.003812246842983083,0.006501242384015794,53,59,6,3,3,3,3,6,64,41,90
671,0,206,1,91,90,0,23,1,28,27,0,6,1,28,27,0.0,0.0007147962830593281,1,36,35,3,-1,4,10,0,0,91,71
672,88,704,59,100,41,142,152,68,69,1,88,118,59,76,17,0.007113924912352361,0.009632730862180468,60,67,7,2,3,3,12,8,2,57,41
673,115,217,85,96,11,48,48,59,59,0,48,48,63,63,0,0.0141938119064638,0.01497668402600497,80,80,0,4,3,3,3,15,75,19,71
674,16,222,43,94,51,54,54,62,62,0,16,22,43,45,2,0.005446066918547262,0.00622893903808843,59,62,3,3,3,3,4,1,72,90,49
675,2,104,29,87,58,3,4,29,29,0,2,4,29,32,3,0.0002382654276864427,0.0007147962830593281,33,38,5,4,5,5,2,1,97,55,64
676,2,618,29,100,71,8,30,30,42,12,2,30,29,50,21,0.0002382654276864427,0.007113924912352361,33,60,27,2,5,3,4,1,73,60,57
677,24,24,45,45,0,46,46,43,43,0,24,24,45,45,0,0.0012934408931549745,0.0012934408931549745,40,40,0,-1,3,3,6,3,65,43,76
678,2,208,27,90,63,5,20,27,33,6,2,20,27,45,18,6.807583648184077e-05,0.005514142755029102,28,56,28,3,5,4,4,1,79,78,72
679,34,650,50,100,50,60,60,49,49,0,34,60,50,58,8,0.0030634126416828346,0.023179822322066782,48,86,38,2,3,3,5,6,88,70,7
680,24,640,45,100,55,64,74,39,41,2,24,74,45,60,15,0.0017018959120460194,0.009973110044589673,44,69,25,2,3,3,9,3,23,43,8
681,12,628,36,100,64,14,38,32,45,13,12,38,36,50,14,0.0004084550188910446,0.036794989618434935,34,95,61,2,4,3,3,2,96,63,3
682,40,656,47,100,53,64,74,40,43,3,40,74,47,56,9,0.004050512270669526,0.009428503352734947,49,64,15,2,3,3,8,6,27,73,72
683,8,214,36,95,59,10,14,32,33,1,8,14,36,40,4,0.0009190237925048504,0.00353994349705572,38,49,11,3,4,4,3,2,60,74,75
684,94,710,75,100,25,54,54,60,60,0,54,54,62,62,0,0.010381565063480718,0.04203682902753668,71,94,23,2,3,3,4,9,78,27,3
685,0,0,1,1,0,0,0,1,1,0,0,0,1,1,0,0.0,0.0,1,1,0,-1,-1,-1,10,0,12,99,86
686,22,638,40,100,60,76,76,37,37,0,22,44,40,49,9,0.00037441710065012424,0.0016678579938050988,32,40,8,2,3,3,12,2,3,56,64
687,0,206,1,88,87,0,48,1,34,33,0,23,1,44,43,0.0,0.0037441710065012424,1,53,52,3,-1,4,10,0,11,89,35
688,0,206,1,90,89,0,32,1,36,35,0,32,1,49,48,0.0,0.004969536063174376,1,56,55,3,-1,4,6,0,74,84,21
689,12,628,37,100,63,14,28,33,42,9,12,28,37,49,12,0.0005786446100956465,0.02413288403281255,35,91,56,2,4,3,3,2,75,63,1
690,98,714,65,100,35,184,194,78,82,4,98,194,65,88,23,0.007182000748834201,0.018040096667687803,59,80,21,2,2,2,11,6,33,26,37
691,92,708,79,100,21,46,46,83,83,0,46,46,83,83,0,0.015317063208414174,0.025766704108376733,77,90,13,2,2,2,2,8,99,17,77
692,0,616,1,100,99,0,28,1,42,41,0,28,1,48,47,0.0,0.008203138296061813,1,67,66,2,-1,3,3,0,66,59,48
693,132,132,86,86,0,56,56,84,84,0,56,56,84,84,0,0.020082371762143027,0.020082371762143027,85,85,0,-1,2,2,2,15,86,19,59
694,55,55,60,60,0,44,44,59,59,0,44,44,63,63,0,0.0053099152455835805,0.0053099152455835805,57,57,0,-1,3,3,4,6,72,28,98
695,0,206,1,92,91,0,18,1,34,33,0,18,1,47,46,0.0,0.006637394056979475,1,57,56,3,-1,4,3,1,87,45,27
696,10,110,39,78,39,26,26,36,36,0,10,11,39,39,0,0.0015657442390823377,0.0018380475850097008,41,43,2,4,4,4,5,3,49,43,56
697,0,616,1,100,99,0,80,1,39,38,0,52,1,52,51,0.0,0.006569318220497634,1,60,59,2,-1,3,10,1,12,69,21
698,62,268,54,94,40,74,74,52,52,0,62,74,54,57,3,0.0051397256543789785,0.01872085503250621,54,84,30,3,2,2,5,3,52,54,23
699,2,208,27,96,69,4,12,29,34,5,2,12,27,41,14,0.00010211375472276115,0.007386228258279724,30,64,34,3,5,4,2,1,98,4,20
700,138,344,83,98,15,184,184,83,83,0,138,146,83,88,5,0.016440314510364547,0.016882807447496512,80,80,0,3,2,2,10,9,1,39,74
701,0,616,1,100,99,0,36,1,41,40,0,36,1,51,50,0.0,0.010926171755335444,1,75,74,2,-1,3,5,0,45,79,14
702,87,703,67,100,33,70,70,56,56,0,70,70,63,63,0,0.008237176214302734,0.024098846114571634,65,87,22,2,3,3,5,8,37,44,23
703,100,100,59,59,0,100,100,40,40,0,100,100,59,59,0,0.02481364239763096,0.049559208958780084,86,99,13,1,1,1,15,13,7,33,10
704,100,100,69,69,0,100,100,87,87,0,100,100,87,87,0,0.057013513053541645,0.057013513053541645,99,99,0,-1,1,1,4,18,83,30,96
705,44,250,56,93,37,96,96,60,60,0,44,50,56,57,1,0.006773545729943157,0.008577555396711936,61,64,3,3,3,3,6,7,44,62,94
706,178,384,92,100,8,48,48,64,64,0,48,48,66,66,0,0.026039007454304094,0.03795227883862623,89,94,5,3,3,3,3,22,85,9,18
707,100,300,75,98,23,54,54,55,55,0,54,54,60,60,0,0.01055175465468532,0.02042275094455223,73,83,10,3,3,3,4,14,73,32,12
708,70,171,63,89,26,108,108,69,69,0,70,71,63,64,1,0.005820484019197386,0.005786446100956465,59,59,0,5,3,3,8,5,39,47,95
709,42,42,51,51,0,76,76,49,49,0,40,40,50,50,0,0.00353994349705572,0.00353994349705572,49,49,0,-1,3,3,6,6,40,41,76
710,0,0,1,1,0,0,0,1,1,0,0,0,1,1,0,0.0,0.0,1,1,0,-1,-1,-1,10,0,11,82,92
711,152,152,86,86,0,256,256,90,90,0,152,152,86,86,0,0.01596378365499166,0.01596378365499166,76,76,0,-1,2,2,13,9,13,39,80
712,6,108,32,80,48,22,22,33,33,0,6,8,32,35,3,0.0010892133837094523,0.0012934408931549745,39,40,1,4,4,4,5,1,45,71,4
713,6,6,31,31,0,14,14,36,36,0,6,6,31,31,0,0.0005446066918547262,0.0005446066918547262,37,37,0,-1,4,4,3,1,85,49,96
714,0,616,1,100,99,0,40,1,39,38,0,40,1,49,48,0.0,0.007828721195411689,1,58,57,2,-1,3,5,0,52,82,27
715,32,1672,51,100,49,76,110,54,80,26,32,110,51,84,33,0.004935498144933456,0.03536539705231628,54,92,38,1,3,2,6,3,32,29,12
716,268,868,92,100,8,254,254,93,93,0,254,254,94,94,0,0.022805405221416657,0.03655672419074849,82,95,13,2,2,2,12,17,2,6,16
717,218,424,90,96,6,256,256,85,85,0,218,224,90,90,0,0.010892133837094524,0.01327478811395895,70,72,2,3,2,2,14,13,16,24,90
718,0,206,1,95,94,0,14,1,31,30,0,14,1,38,37,0.0,0.0033016780693692774,1,49,48,3,-1,4,3,1,94,69,28
719,22,228,41,95,54,52,52,43,43,0,22,30,41,49,8,0.003710133088260322,0.004935498144933456,53,55,2,3,3,3,6,2,34,75,52
720,2,618,29,100,71,9,36,29,40,11,2,36,29,52,23,0.0002723033459273631,0.0156914803090643,33,79,46,2,5,3,5,1,49,55,15
721,14,630,42,100,58,24,34,38,45,7,14,30,42,50,8,0.0017018959120460194,0.006433166547533953,44,58,14,2,4,3,4,4,73,64,46
722,16,1656,34,100,66,122,166,62,71,9,16,166,34,84,50,0.0018040096667687805,0.02307770856734402,41,83,42,1,3,2,12,1,2,53,18
723,119,119,89,89,0,56,56,92,92,0,56,56,92,92,0,0.03277851526600633,0.03277851526600633,95,95,0,-1,2,2,2,15,97,16,98
724,44,250,66,100,34,12,12,39,39,0,12,12,44,44,0,0.008203138296061813,0.016882807447496512,66,79,13,3,4,4,2,8,97,8,33
725,199,405,91,98,7,168,168,87,87,0,168,168,89,89,0,0.02396269444160795,0.02474556656114912,86,87,1,3,2,2,9,15,35,16,74
726,0,102,1,80,79,0,6,1,28,27,0,6,1,31,30,0.0,0.0017018959120460194,1,44,43,4,-1,5,3,0,87,81,41
727,106,312,77,96,19,120,120,80,80,0,120,120,81,81,0,0.01055175465468532,0.01504475986248681,71,76,5,3,2,2,6,7,34,48,72
728,0,0,1,1,0,0,0,1,1,0,0,0,1,1,0,0.0,0.0,1,1,0,-1,-1,-1,2,0,97,80,92
729,2,208,27,92,65,6,22,27,33,6,2,22,27,43,16,0.0,0.00442492937131965,1,52,51,3,5,4,5,1,37,68,57
730,0,102,1,79,78,0,7,1,24,23,0,4,1,26,25,0.0,0.0006807583648184077,1,34,33,4,-1,5,4,0,67,91,74
731,335,541,99,100,1,96,96,95,95,0,96,96,95,95,0,0.05262262160046292,0.0566050580346506,98,98,0,3,2,2,3,36,55,2,13
732,97,97,65,65,0,80,80,53,53,0,80,80,60,60,0,0.009462541270975866,0.009462541270975866,67,67,0,-1,3,3,5,8,52,44,96
733,6,6,32,32,0,28,28,36,36,0,6,6,32,32,0,0.00088498587426393,0.00088498587426393,39,39,0,-1,4,4,6,1,69,71,59
734,0,0,1,1,0,0,0,1,1,0,0,0,1,1,0,0.0,0.0,1,1,0,-1,-1,-1,9,1,28,69,40
735,68,274,65,97,32,78,78,77,77,0,68,78,77,78,1,0.0088498587426393,0.009939072126348753,67,70,3,3,2,2,4,4,78,72,53
736,16,632,32,100,68,154,154,65,65,0,16,70,32,55,23,0.003165526396405596,0.01065386840940808,50,68,18,2,3,3,14,3,8,46,38
737,6,212,28,91,63,26,26,33,33,0,6,14,28,33,5,0.0006467204465774873,0.0020763130126961434,35,45,10,3,4,4,5,1,50,49,52
738,40,246,50,91,41,78,90,40,44,4,40,66,50,57,7,0.002144388849177984,0.006058749446883829,45,58,13,3,2,2,10,2,22,42,47
739,235,441,95,100,5,72,72,87,87,0,72,72,87,87,0,0.0337315769767521,0.03655672419074849,92,92,0,3,2,2,3,29,55,0,29
740,100,100,57,57,0,100,100,38,38,0,100,100,57,57,0,0.031110657272201234,0.031621226045815035,90,90,0,3,1,1,16,17,4,6,51
741,96,96,66,66,0,118,118,68,68,0,96,96,66,66,0,0.006501242384015794,0.006501242384015794,61,61,0,-1,3,3,8,6,21,13,85
742,12,628,37,100,63,12,22,36,41,5,12,22,37,45,8,0.0014636304843595766,0.014432077334150244,43,78,35,2,4,3,2,3,68,51,12
743,0,0,1,1,0,0,0,1,1,0,0,0,1,1,0,0.0,0.0,1,1,0,-1,-1,-1,6,0,74,91,82
744,100,100,58,58,0,100,100,38,38,0,100,100,58,58,0,0.04782327512849314,0.05429047959426801,97,98,1,2,1,1,16,29,9,1,17
745,0,616,1,100,99,0,86,1,35,34,0,71,1,55,54,0.0,0.008475441641989176,1,59,58,2,-1,3,16,0,9,81,32
746,494,694,99,100,1,240,240,98,98,0,240,240,98,98,0,0.04785731304673406,0.04877633683923891,97,97,0,3,2,2,9,36,29,2,52
747,88,288,73,99,26,64,64,68,68,0,64,64,71,71,0,0.01245787807617686,0.01412573606998196,74,79,5,3,3,3,4,13,72,33,51
748,84,700,58,100,42,126,126,77,77,0,84,126,59,83,24,0.010994247591817285,0.01834643793185609,73,83,10,2,2,2,7,5,46,25,17
749,339,539,99,100,1,120,120,90,90,0,120,120,90,90,0,0.04806154055617958,0.05480104836788182,99,99,0,3,2,2,6,36,69,2,20
750,0,0,1,1,0,0,0,1,1,0,0,0,1,1,0,0.0,0.0,1,1,0,-1,-1,-1,3,0,87,99,89
751,0,616,1,100,99,0,22,1,46,45,0,22,1,51,50,0.0,0.024303073624017155,1,88,87,2,-1,3,2,0,89,66,11
752,24,230,48,94,46,36,36,41,41,0,24,36,48,52,4,0.0019741992579733825,0.005650294427992784,44,56,12,3,3,3,5,3,49,54,38
753,2,1642,27,100,73,13,96,27,43,16,2,69,27,58,31,0.00013615167296368154,0.014329963579427483,29,78,49,1,5,2,11,1,38,78,31
754,2,618,28,100,72,8,48,28,40,12,2,33,28,50,22,0.0,0.006501242384015794,1,58,57,2,5,3,7,1,62,68,25
755,0,616,1,99,98,0,112,1,57,56,0,112,1,75,74,0.0,0.013717281051090916,1,74,73,2,-1,3,12,0,14,82,5
756,42,142,51,84,33,134,134,66,66,0,42,42,52,52,0,0.0026889955410327104,0.0029612988869600733,48,48,0,4,2,2,10,2,1,61,49
757,2,1642,26,100,74,10,98,26,49,23,2,84,26,58,32,0.0,0.017393376221110316,1,79,78,1,5,2,9,2,28,58,20
758,140,346,85,96,11,170,170,78,78,0,140,170,85,85,0,0.010279451308757957,0.012594029749140543,68,71,3,3,2,2,11,13,38,24,70
759,66,272,61,97,36,32,32,58,58,0,32,32,59,59,0,0.006535280302256714,0.010892133837094524,59,72,13,3,3,3,2,6,68,13,57
760,2,618,27,100,73,4,38,27,58,31,2,38,27,61,34,6.807583648184077e-05,0.018822968787228972,27,83,56,2,5,3,3,1,92,55,5
761,134,236,82,92,10,200,200,79,79,0,134,136,82,84,2,0.007386228258279724,0.007794683277170768,61,62,1,4,2,2,12,6,3,13,55
762,120,220,88,94,6,22,22,49,49,0,22,22,53,53,0,0.01923142380612002,0.019367575479083698,83,84,1,4,3,3,2,19,90,15,4
763,0,206,1,93,92,0,13,1,33,32,0,6,1,30,29,0.0,0.0027911092957554717,1,48,47,3,-1,4,3,0,55,40,90
764,40,656,51,100,49,130,130,65,65,0,40,82,51,58,7,0.004186663943633207,0.010926171755335444,53,68,15,2,2,2,11,2,19,94,77
765,0,206,1,92,91,0,14,1,31,30,0,14,1,38,37,0.0,0.006262976956329351,1,61,60,3,-1,4,3,0,82,99,48
766,0,616,1,100,99,0,70,1,37,36,0,34,1,48,47,0.0,0.005071649817897137,1,55,54,2,-1,3,10,0,1,86,62
767,16,632,37,100,63,42,42,38,38,0,16,42,37,51,14,0.0011232513019503727,0.014295925661186561,38,78,40,2,3,3,6,1,65,71,15
768,18,634,41,100,59,88,88,47,47,0,18,88,41,66,25,0.0017018959120460194,0.011300588855985567,43,70,27,2,3,3,8,2,39,61,17
769,130,130,85,85,0,48,48,54,54,0,48,48,56,56,0,0.018312400013615168,0.018312400013615168,83,83,0,-1,3,3,3,18,87,30,92
770,266,367,93,96,3,272,272,96,96,0,272,272,96,96,0,0.02651553830967698,0.0265495762279179,88,88,0,5,2,2,11,16,38,18,95
771,6,107,32,81,49,14,14,32,32,0,6,7,32,36,4,0.0004765308553728854,0.0005446066918547262,34,34,0,5,4,4,3,1,87,88,55
772,6,622,29,100,71,48,68,35,39,4,6,68,29,58,29,0.0005786446100956465,0.014636304843595765,35,78,43,2,4,3,8,1,15,49,30
773,80,696,55,100,45,188,188,80,80,0,80,188,55,90,35,0.005990673610401988,0.016712617856291908,55,78,23,2,2,2,10,3,0,29,33
774,73,279,56,94,38,154,154,67,67,0,73,100,56,63,7,0.005888559855679227,0.010858095918853602,56,68,12,3,2,2,10,4,18,22,57
775,0,0,1,1,0,0,0,1,1,0,0,0,1,1,0,0.0,0.0,1,1,0,-1,-1,-1,8,0,15,99,36
776,79,79,66,66,0,78,78,73,73,0,78,78,73,73,0,0.007794683277170768,0.007794683277170768,64,64,0,-1,2,2,4,6,79,28,89
777,60,266,65,97,32,44,44,59,59,0,44,44,63,63,0,0.004901460226692535,0.009122162088566664,53,67,14,3,3,3,4,5,72,47,31
778,0,206,1,92,91,0,28,1,35,34,0,28,1,47,46,0.0,0.006943735321147759,1,59,58,3,-1,4,6,1,69,50,27
779,155,361,92,100,8,72,72,85,85,0,72,72,85,85,0,0.02277136730317574,0.02474556656114912,88,89,1,3,2,2,3,13,94,33,53
780,44,44,56,56,0,38,38,53,53,0,38,38,55,55,0,0.006569318220497634,0.006569318220497634,60,60,0,-1,3,3,3,4,64,38,76
781,40,142,54,89,35,72,72,79,79,0,40,44,60,62,2,0.005003573981415297,0.0053099152455835805,56,56,0,4,2,2,3,1,75,53,63
782,2,1642,26,100,74,15,146,28,63,35,2,146,26,85,59,6.807583648184077e-05,0.022465026039007456,28,84,56,1,5,2,12,1,6,68,12
783,1,617,26,100,74,4,64,26,63,37,1,64,26,66,40,6.807583648184077e-05,0.03550154872527996,29,93,64,2,6,3,4,1,77,68,2
784,0,206,1,94,93,0,8,1,30,29,0,8,1,35,34,0.0,0.00445896728956057,1,53,52,3,-1,4,2,0,91,84,62
785,54,260,60,93,33,98,98,53,53,0,54,62,60,62,2,0.007216038667075122,0.008713707069675619,61,66,5,3,3,3,8,4,57,72,52
786,40,40,48,48,0,146,146,67,67,0,40,40,48,48,0,0.002314578440382586,0.002314578440382586,45,45,0,-1,2,2,12,1,3,53,50
787,28,1668,46,100,54,106,140,58,65,7,28,140,46,80,34,0.002382654276864427,0.018993158378433576,46,79,33,1,3,2,11,3,19,54,14
788,410,616,98,100,2,144,144,89,89,0,144,144,90,90,0,0.031076619353960312,0.0335613873855475,90,92,2,3,2,2,6,29,40,1,73
789,544,1160,100,100,0,288,288,98,98,0,288,288,98,98,0,0.05320126621055856,0.059532319003369756,99,99,0,2,2,2,9,36,54,2,44
790,98,98,69,69,0,96,96,61,61,0,96,96,69,69,0,0.011640968038394772,0.011640968038394772,74,74,0,-1,3,3,6,9,48,27,82
791,88,88,66,66,0,66,66,47,47,0,66,66,55,55,0,0.011334626774226489,0.011334626774226489,68,68,0,-1,3,3,6,8,71,8,67
792,180,180,92,92,0,104,104,85,85,0,104,104,86,86,0,0.0228734810578985,0.0228734810578985,87,87,0,-1,2,2,5,16,37,18,84
793,0,206,1,87,86,0,46,1,33,32,0,14,1,33,32,0.0,0.001055175465468532,1,36,35,3,-1,4,16,0,9,89,43
794,86,86,63,63,0,86,86,59,59,0,86,86,63,63,0,0.005956635692161067,0.005956635692161067,55,55,0,-1,3,3,6,6,41,13,91
795,22,1662,46,100,54,34,68,44,76,32,22,68,46,78,32,0.0011913271384322134,0.04128799482623643,42,95,53,1,3,2,4,2,72,61,23
796,0,206,1,94,93,0,10,1,31,30,0,8,1,36,35,0.0,0.0015657442390823377,1,40,39,3,-1,4,3,0,81,84,83
797,296,398,96,97,1,352,352,96,96,0,296,298,96,96,0,0.026379386636713298,0.0265495762279179,87,87,0,4,2,2,16,20,4,23,55
798,100,100,67,67,0,100,100,66,66,0,100,100,72,72,0,0.07553014057660233,0.0856734402123966,100,100,0,2,1,1,6,36,59,2,37
799,6,212,29,89,60,42,42,34,34,0,6,19,29,40,11,0.0004084550188910446,0.0012934408931549745,36,40,4,3,4,4,9,1,28,88,64
800,126,726,81,100,19,120,120,80,80,0,120,120,81,81,0,0.015112835698968652,0.019639878825011062,76,83,7,2,2,2,6,8,34,20,28
801,40,40,52,52,0,106,106,66,66,0,40,40,52,52,0,0.004356853534837809,0.004356853534837809,54,54,0,-1,2,2,7,3,24,46,93
802,0,616,1,100,99,0,56,1,43,42,0,56,1,57,56,0.0,0.026958031246808945,1,89,88,2,-1,3,6,0,34,91,7
803,70,70,67,67,0,48,48,62,62,0,48,48,64,64,0,0.006399128629293032,0.006399128629293032,59,59,0,-1,3,3,3,5,64,47,97
804,409,510,100,100,0,136,136,99,99,0,136,136,99,99,0,0.05439259334899078,0.054494707103713534,98,98,0,5,2,2,4,36,84,2,95
805,0,1640,1,100,99,0,72,1,38,37,0,48,1,50,49,0.0,0.00970080669866231,1,69,68,1,-1,2,11,0,33,91,43
806,100,100,66,66,0,100,100,60,60,0,100,100,68,68,0,0.04472582456856938,0.06024711528642908,97,99,2,2,1,1,7,20,43,23,6
807,0,101,1,77,76,0,4,1,24,23,0,1,1,24,23,0.0,0.0,1,1,0,6,-1,7,4,0,79,98,58
808,130,231,89,99,10,32,32,71,71,0,32,32,71,71,0,0.019878144252697506,0.020014295925661188,83,84,1,5,3,3,2,19,99,15,88
809,129,745,82,100,18,104,104,80,80,0,104,104,81,81,0,0.01865277919602437,0.023996732359848873,80,87,7,2,2,2,5,12,63,37,47
810,0,101,1,80,79,0,4,1,25,24,0,1,1,25,24,0.0,0.00013615167296368154,1,29,28,5,-1,6,4,0,73,59,65
811,0,616,1,100,99,0,38,1,46,45,0,38,1,52,51,0.0,0.02011640968038395,1,87,86,2,-1,3,3,0,75,67,9
812,100,716,79,100,21,56,56,76,76,0,56,56,77,77,0,0.013989584397018279,0.02188638142891181,77,88,11,2,2,2,2,13,68,24,62
813,97,303,72,96,24,72,72,77,77,0,72,72,77,77,0,0.011300588855985567,0.01834643793185609,72,84,12,3,2,2,3,8,64,57,8
814,206,822,94,100,6,152,152,98,98,0,152,152,98,98,0,0.02818339630348208,0.04230913237346404,90,96,6,2,2,2,5,20,45,23,6
815,136,736,84,100,16,286,286,91,91,0,136,286,84,96,12,0.010858095918853602,0.02011640968038395,69,81,12,2,2,2,14,4,8,38,19
816,0,616,1,99,98,0,146,1,66,65,0,146,1,82,81,0.0,0.03213179481942884,1,92,91,2,-1,3,11,0,19,67,2
817,22,638,45,100,55,38,66,39,53,14,22,66,45,59,14,0.0013615167296368155,0.029681064706082574,40,89,49,2,3,3,6,3,74,51,3
818,0,102,1,76,75,0,6,1,27,26,0,2,1,27,26,0.0,0.00017018959120460194,1,30,29,4,-1,5,5,0,70,80,65
819,6,6,32,32,0,18,18,35,35,0,6,6,32,32,0,0.0009190237925048504,0.0009190237925048504,39,39,0,-1,4,4,3,1,87,71,89
820,256,1896,94,100,6,88,112,80,96,16,88,112,80,96,16,0.03260832567480173,0.0617788216072705,90,100,10,1,2,2,4,27,84,10,24
821,96,1736,65,100,35,134,168,77,86,9,96,168,65,88,23,0.009496579189216788,0.024507301133462677,70,87,17,1,3,2,9,7,35,21,26
822,162,263,91,95,4,88,88,76,76,0,88,88,79,79,0,0.01940161339732462,0.019367575479083698,84,84,0,6,2,2,4,14,47,14,78
823,70,70,58,58,0,140,140,67,67,0,70,70,58,58,0,0.006603356138738555,0.006603356138738555,59,59,0,-1,3,3,10,6,1,26,89
824,0,206,1,95,94,0,8,1,32,31,0,7,1,37,36,0.0,0.0012594029749140542,1,40,39,3,-1,4,2,0,89,80,61
825,100,100,67,67,0,100,100,54,54,0,100,100,67,67,0,0.027706865448109193,0.033969842404438545,88,94,6,2,1,1,8,9,27,31,34
826,115,715,83,100,17,38,38,51,51,0,38,38,54,54,0,0.019946220089179345,0.02927260968719153,81,94,13,2,3,3,3,20,94,23,19
827,0,616,1,100,99,0,46,1,42,41,0,46,1,53,52,0.0,0.01415977398822288,1,78,77,2,-1,3,6,0,69,67,6
828,32,238,47,93,46,116,116,62,62,0,32,39,47,50,3,0.002280540522141666,0.0026549576227917903,44,47,3,3,3,3,11,2,19,52,56
829,115,731,83,100,17,38,38,56,56,0,38,38,59,59,0,0.01756356581231492,0.04142414649920011,83,96,13,2,3,3,3,17,58,6,10
830,258,874,95,100,5,198,198,83,83,0,198,198,91,91,0,0.019265461724360937,0.028762040913577726,83,89,6,2,2,2,10,16,0,12,33
831,40,246,50,92,42,110,110,60,60,0,40,48,50,55,5,0.003812246842983083,0.004629156880765172,54,56,2,3,2,2,10,3,11,46,74
832,198,198,88,88,0,120,120,85,85,0,120,120,87,87,0,0.020150447598624867,0.020150447598624867,80,80,0,-1,2,2,6,17,74,6,79
833,0,0,1,1,0,0,0,1,1,0,0,0,1,1,0,0.0,0.0,1,1,0,-1,-1,-1,2,0,99,82,66
834,118,1758,77,100,23,272,296,87,91,4,118,228,77,91,14,0.010517716736444398,0.025902855781340415,67,90,23,1,2,2,14,5,8,25,21
835,100,100,61,61,0,100,100,44,44,0,100,100,61,61,0,0.04288777698355969,0.07107117328704177,94,100,6,2,1,1,12,22,6,9,3
836,0,206,1,93,92,0,16,1,32,31,0,16,1,42,41,0.0,0.0053099152455835805,1,55,54,3,-1,4,4,0,73,93,31
837,0,101,1,77,76,0,11,1,25,24,0,1,1,25,24,0.0,0.0,1,1,0,6,-1,7,11,1,33,50,78
838,46,147,53,84,31,84,84,48,48,0,46,47,53,53,0,0.002825147213996392,0.002825147213996392,47,47,0,5,2,2,9,2,23,52,68
839,0,0,1,1,0,0,0,1,1,0,0,0,1,1,0,0.0,0.0,1,1,0,-1,-1,-1,12,0,14,86,50
840,60,676,66,100,34,38,38,51,51,0,38,38,54,54,0,0.005480104836788182,0.018822968787228972,58,83,25,2,3,3,3,5,82,47,6
841,0,616,1,100,99,0,56,1,43,42,0,56,1,53,52,0.0,0.01320671227747711,1,75,74,2,-1,3,6,0,41,81,5
842,360,960,99,100,1,136,136,99,99,0,136,136,99,99,0,0.04734674427312026,0.06446781714830321,95,98,3,2,2,2,4,40,78,3,7
843,0,1640,1,100,99,0,106,1,57,56,0,106,1,77,76,0.0,0.023315973995030465,1,87,86,1,-1,2,10,0,36,66,12
844,0,0,1,1,0,0,0,1,1,0,0,0,1,1,0,0.0,0.0,1,1,0,-1,-1,-1,2,0,93,59,67
845,98,199,65,88,23,166,166,83,83,0,98,99,65,65,0,0.012219612648490419,0.012253650566731339,73,73,0,5,2,2,8,5,15,25,58
846,164,266,87,95,8,164,164,77,77,0,164,164,87,87,0,0.011777119711358454,0.012083460975526737,72,73,1,4,2,2,10,14,36,32,56
847,100,100,67,67,0,100,100,55,55,0,100,100,67,67,0,0.03642057251778481,0.05047823275128493,93,97,4,2,1,1,9,18,23,30,5
848,58,264,52,95,43,106,106,67,67,0,58,66,52,55,3,0.004186663943633207,0.005990673610401988,52,55,3,3,2,2,7,6,46,70,83
849,67,169,60,85,25,76,76,57,57,0,76,76,61,61,0,0.007318152421797883,0.007624493685966166,62,63,1,4,3,3,6,8,74,44,56
850,18,18,48,48,0,30,30,46,46,0,18,18,48,48,0,0.0009190237925048504,0.0009190237925048504,37,37,0,-1,3,3,4,2,78,63,97
851,94,94,67,67,0,158,158,83,83,0,94,94,68,68,0,0.012117498893767658,0.012117498893767658,71,71,0,-1,2,2,9,5,26,25,97
852,72,72,69,69,0,56,56,86,86,0,56,56,86,86,0,0.02658361414615882,0.02658361414615882,89,89,0,-1,2,2,2,6,95,35,80
853,32,648,50,100,50,72,72,49,49,0,32,71,50,60,10,0.004186663943633207,0.010211375472276116,51,68,17,2,3,3,7,3,62,29,41
854,0,616,1,100,99,0,22,1,41,40,0,22,1,43,42,0.0,0.016236087000919025,1,81,80,2,-1,3,2,0,91,92,16
855,204,820,91,100,9,162,162,86,86,0,162,162,89,89,0,0.018754892950747133,0.02110350930937064,82,84,2,2,2,2,9,16,31,12,94
856,6,212,29,88,59,23,40,30,33,3,6,17,29,39,10,0.00017018959120460194,0.0032336022328874367,32,48,16,3,4,4,10,1,22,95,73
857,12,628,41,100,59,18,28,35,45,10,12,28,41,53,12,0.002280540522141666,0.006875659484665918,48,56,8,2,4,3,3,2,87,75,22
858,100,100,59,59,0,100,100,45,45,0,100,100,59,59,0,0.027945130875795636,0.027945130875795636,89,89,0,4,1,1,10,8,0,20,95
859,40,1680,50,100,50,144,168,72,75,3,40,134,50,83,33,0.004663194799006093,0.021409850573538922,54,84,30,1,2,2,10,3,22,46,31
860,0,0,1,1,0,0,0,1,1,0,0,0,1,1,0,0.0,0.0,1,1,0,-1,-1,-1,9,0,26,79,66
861,58,264,59,93,34,72,80,59,64,5,58,80,61,67,6,0.006126825283365669,0.013036522686272508,55,73,18,3,2,2,6,3,69,54,25
862,100,100,67,67,0,100,100,66,66,0,100,100,72,72,0,0.05323530412879948,0.06773545729943156,97,98,1,2,1,1,6,29,59,0,23
863,0,206,1,90,89,0,20,1,32,31,0,17,1,43,42,0.0,0.0031314884781646754,1,49,48,3,-1,4,6,0,74,81,28
864,154,360,82,96,14,120,120,77,77,0,120,120,84,84,0,0.01153885428367201,0.012764219340345145,72,74,2,3,2,2,6,13,40,24,53
865,0,206,1,88,87,0,16,1,30,29,0,6,1,29,28,0.0,0.001599782157323258,1,41,40,3,-1,4,6,0,41,76,94
866,0,102,1,74,73,0,25,1,27,26,0,2,1,25,24,0.0,0.0002382654276864427,1,31,30,4,-1,5,16,0,4,40,88
867,101,101,77,77,0,148,148,78,78,0,101,101,77,77,0,0.008339289969025495,0.008339289969025495,64,64,0,-1,2,2,9,8,35,57,98
868,100,100,76,76,0,100,100,91,91,0,100,100,91,91,0,0.06521665134960346,0.09285544096123081,99,100,1,1,1,1,4,17,77,6,37
869,0,0,1,1,0,0,0,1,1,0,0,0,1,1,0,0.0,0.0,1,1,0,-1,-1,-1,3,0,94,97,40
870,54,54,62,62,0,48,48,63,63,0,48,48,64,64,0,0.006875659484665918,0.006875659484665918,62,62,0,-1,3,3,3,7,82,62,96
871,6,6,30,30,0,15,15,31,31,0,6,6,30,30,0,0.00010211375472276115,0.00010211375472276115,30,30,0,-1,4,4,6,1,74,65,81
872,0,206,1,90,89,0,36,1,35,34,0,36,1,49,48,0.0,0.007182000748834201,1,63,62,3,-1,4,6,0,48,97,27
873,146,1786,85,100,15,128,152,93,98,5,128,152,93,98,5,0.01664454201981007,0.04043704687021342,77,96,19,1,2,2,5,8,70,17,34
874,22,228,47,94,47,28,28,42,42,0,22,28,47,50,3,0.0026889955410327104,0.00888389666088022,50,67,17,3,3,3,3,2,64,75,44
875,16,117,39,78,39,46,46,40,40,0,16,17,39,43,4,0.0026209197045508697,0.0026209197045508697,48,48,0,6,3,3,6,2,44,94,68
876,0,0,1,1,0,0,0,1,1,0,0,0,1,1,0,0.0,0.0,1,1,0,-1,-1,-1,4,0,67,59,79
877,6,622,32,100,68,8,22,32,47,15,6,22,32,50,18,0.00176997174852786,0.014432077334150244,43,75,32,2,4,3,2,1,95,53,39
878,63,1703,65,100,35,54,78,55,76,21,54,78,60,76,16,0.007284114503556962,0.03795227883862623,61,94,33,1,3,2,4,8,84,57,24
879,6,212,32,92,60,20,20,33,33,0,6,16,32,38,6,0.00017018959120460194,0.0026889955410327104,31,48,17,3,4,4,6,1,44,4,73
880,0,616,1,100,99,0,62,1,36,35,0,34,1,48,47,0.0,0.004731270635487933,1,53,52,2,-1,3,10,0,18,92,62
881,22,638,40,100,60,74,96,35,39,4,22,62,40,52,12,0.0011232513019503727,0.00527587732734266,39,56,17,2,3,3,14,3,25,51,26
882,0,206,1,92,91,0,18,1,37,36,0,18,1,45,44,0.0,0.0051397256543789785,1,59,58,3,-1,4,3,0,76,99,72
883,197,1837,91,100,9,144,168,90,96,6,144,168,90,96,6,0.01943565131556554,0.05303107661935396,84,96,12,1,2,2,6,15,59,19,0
884,0,0,1,1,0,0,0,1,1,0,0,0,1,1,0,0.0,0.0,1,1,0,-1,-1,-1,14,0,16,92,59
885,0,1640,1,100,99,0,104,1,54,53,0,61,1,51,50,0.0,0.009190237925048503,1,64,63,1,-1,2,17,0,20,85,35
886,6,622,27,100,73,36,62,30,34,4,6,22,27,38,11,0.00010211375472276115,0.003437829742332959,28,51,23,2,4,3,14,1,8,4,90
887,22,123,51,83,32,34,34,47,47,0,22,23,51,52,1,0.0022465026039007454,0.0022465026039007454,48,48,0,5,3,3,4,2,78,75,95
888,132,1772,80,100,20,110,144,72,88,16,110,144,76,89,13,0.0158616699002689,0.03434425950508867,78,93,15,1,2,2,6,9,40,39,51
889,70,276,58,94,36,140,140,69,69,0,70,140,58,83,25,0.00616086320160659,0.018312400013615168,58,79,21,3,3,3,10,5,22,47,6
890,16,16,37,37,0,72,72,53,53,0,16,16,37,37,0,0.003267640151128357,0.003267640151128357,48,48,0,-1,3,3,6,3,41,46,59
891,56,56,58,58,0,64,64,65,65,0,64,64,67,67,0,0.0088498587426393,0.0088498587426393,67,67,0,-1,3,3,4,5,47,25,66
892,0,102,1,73,72,0,11,1,25,24,0,2,1,25,24,0.0,0.00010211375472276115,1,28,27,4,-1,5,10,0,22,89,95
893,50,152,58,89,31,28,28,45,45,0,28,28,49,49,0,0.005480104836788182,0.00622893903808843,54,55,1,4,3,3,3,6,60,28,71
894,66,682,60,100,40,114,134,67,76,9,66,134,60,84,24,0.0051397256543789785,0.014568229007113924,54,75,21,2,3,3,9,6,23,28,34
895,63,165,58,88,30,74,74,62,62,0,63,74,60,67,7,0.005650294427992784,0.007113924912352361,55,62,7,4,2,2,5,4,37,22,75
896,0,206,1,91,90,0,32,1,33,32,0,8,1,35,34,0.0,0.002927260968719153,1,49,48,3,-1,4,6,0,44,59,29
897,213,315,91,96,5,176,176,85,85,0,176,176,89,89,0,0.026073045372545015,0.026209197045508698,88,88,0,4,2,2,8,20,30,23,60
898,24,640,45,100,55,62,76,42,44,2,24,40,45,50,5,0.0013955546478777359,0.004118588107151367,41,51,10,2,3,3,9,4,26,64,46
899,68,68,63,63,0,38,38,46,46,0,38,38,51,51,0,0.008441403723748256,0.008441403723748256,64,64,0,-1,3,3,3,7,96,48,85
900,76,692,61,100,39,60,70,52,53,1,60,70,56,59,3,0.007556417849484326,0.015180911535450491,62,80,18,2,3,3,5,6,61,34,62
901,12,628,42,100,58,12,32,37,63,26,12,32,41,63,22,0.0032336022328874367,0.02100139555464788,51,84,33,2,4,3,2,3,89,29,5
902,0,616,1,100,99,0,54,1,34,33,0,38,1,49,48,0.0,0.006262976956329351,1,58,57,2,-1,3,10,1,36,45,35
903,0,616,1,99,98,0,80,1,38,37,0,44,1,52,51,0.0,0.005922597773920147,1,57,56,2,-1,3,12,0,6,86,72
904,0,0,1,1,0,0,0,1,1,0,0,0,1,1,0,0.0,0.0,1,1,0,-1,-1,-1,10,0,22,76,40
905,136,342,87,99,12,102,102,93,93,0,102,102,93,93,0,0.019639878825011062,0.027979168794036557,82,88,6,3,2,2,4,8,84,8,19
906,381,587,100,100,0,96,96,89,89,0,96,96,89,89,0,0.04823173014738419,0.05766023350011913,96,97,1,3,2,2,3,40,64,3,5
907,16,632,38,100,62,48,62,41,45,4,16,62,38,58,20,0.001157289220191293,0.020933319718166036,39,84,45,2,3,3,7,1,62,71,1
908,42,658,59,100,41,48,48,66,66,0,48,48,67,67,0,0.00970080669866231,0.03097450559923755,70,90,20,2,3,3,3,5,76,25,9
909,190,790,90,100,10,126,126,80,80,0,126,126,83,83,0,0.021137547227611558,0.0298852922155281,82,90,8,2,2,2,7,16,62,18,20
910,298,498,96,99,3,176,176,85,85,0,176,176,89,89,0,0.029919330133769018,0.03066816433506927,89,89,0,3,2,2,8,22,30,9,52
911,18,18,48,48,0,34,34,47,47,0,18,18,48,48,0,0.0020082371762143027,0.0020082371762143027,45,45,0,-1,3,3,4,2,78,61,82
912,16,632,38,100,62,56,56,46,46,0,16,56,38,57,19,0.0032336022328874367,0.010687906327649,50,68,18,2,3,3,6,1,74,90,77
913,226,432,94,100,6,64,64,67,67,0,64,64,68,68,0,0.02927260968719153,0.0335613873855475,91,91,0,3,3,3,4,27,67,10,57
914,0,616,1,100,99,0,86,1,35,34,0,53,1,49,48,0.0,0.005820484019197386,1,56,55,2,-1,3,15,0,7,59,57
915,112,728,71,100,29,204,204,79,79,0,112,168,71,83,12,0.009224275843289425,0.013581129378127233,62,73,11,2,2,2,11,7,5,62,13
916,50,152,62,90,28,28,28,44,44,0,28,28,51,51,0,0.005446066918547262,0.006058749446883829,54,56,2,4,3,3,3,5,92,47,71
917,100,100,69,69,0,100,100,71,71,0,100,100,72,72,0,0.05813676435549202,0.0582729160284557,98,98,0,4,1,1,6,27,56,10,4
918,126,126,80,80,0,164,164,74,74,0,126,126,80,80,0,0.008271214132543654,0.008271214132543654,65,65,0,-1,2,2,10,7,1,48,96
919,6,622,27,100,73,27,82,29,36,7,6,34,27,43,16,0.00017018959120460194,0.002586881786309949,29,47,18,2,4,3,14,1,25,55,70
920,80,696,56,100,44,100,100,59,59,0,80,100,57,63,6,0.00789679703189353,0.013376901868681712,62,76,14,2,2,2,6,6,40,28,44
921,140,140,81,81,0,112,112,92,92,0,112,112,92,92,0,0.019197385887879097,0.019197385887879097,82,82,0,-1,2,2,4,8,53,20,92
922,7,623,36,100,64,10,28,32,44,12,7,28,36,49,13,0.0004765308553728854,0.011675005956635693,35,71,36,2,4,3,3,2,58,56,39
923,67,67,59,59,0,76,76,51,51,0,76,76,63,63,0,0.007726607440688927,0.007726607440688927,65,65,0,-1,3,3,6,8,59,57,66
924,142,342,88,100,12,72,72,85,85,0,72,72,85,85,0,0.022635215630212056,0.029374723441914292,87,93,6,3,2,2,3,19,94,15,20
925,331,531,99,100,1,72,72,80,80,0,72,72,80,80,0,0.04322815616596889,0.05412029000306341,95,97,2,3,2,2,3,40,76,3,16
926,100,100,57,57,0,100,100,38,38,0,100,100,57,57,0,0.059634432758092513,0.059634432758092513,100,100,0,-1,1,1,16,36,4,2,92
927,22,638,39,100,61,154,154,65,65,0,22,154,39,84,45,0.0018040096667687805,0.02382654276864427,40,87,47,2,3,3,14,2,17,52,10
928,22,228,45,94,49,42,42,39,39,0,22,28,45,48,3,0.0013955546478777359,0.0018380475850097008,39,43,4,3,3,3,6,3,59,51,4
929,0,101,1,71,70,0,7,1,25,24,0,1,1,25,24,0.0,6.807583648184077e-05,1,29,28,5,-1,6,7,1,46,50,60
930,0,206,1,96,95,0,8,1,32,31,0,8,1,37,36,0.0,0.002995336805200994,1,48,47,3,-1,4,2,0,99,59,47
931,0,616,1,100,99,0,50,1,49,48,0,50,1,54,53,0.0,0.01861874127778345,1,80,79,2,-1,3,5,0,70,59,16
932,268,1908,93,100,7,232,256,91,94,3,232,256,93,95,2,0.025868817863099493,0.036454610436025735,89,95,6,1,2,2,10,15,22,16,63
933,76,178,72,95,23,46,46,83,83,0,46,46,83,83,0,0.0283876238129276,0.028625889240614044,93,93,0,4,2,2,2,6,99,34,4
934,18,224,41,90,49,50,50,38,38,0,18,26,41,46,5,0.0004765308553728854,0.0019741992579733825,36,43,7,3,3,3,7,2,43,56,83
935,142,758,82,100,18,142,142,78,78,0,142,142,84,84,0,0.01232172640321318,0.01783586915824228,72,80,8,2,2,2,8,9,21,27,62
936,0,102,1,77,76,0,7,1,27,26,0,3,1,31,30,0.0,0.0004084550188910446,1,33,32,4,-1,5,4,0,79,97,63
937,78,284,72,98,26,38,38,56,56,0,38,38,57,57,0,0.011300588855985567,0.012525953912658701,72,73,1,3,3,3,3,8,60,17,52
938,0,206,1,90,89,0,38,1,35,34,0,16,1,35,34,0.0,0.004901460226692535,1,53,52,3,-1,4,7,0,43,67,72
939,6,622,29,99,70,40,88,32,41,9,6,88,29,59,30,0.00017018959120460194,0.007692569522448007,30,60,30,2,4,3,12,1,14,4,32
940,26,642,44,100,56,46,56,37,40,3,26,56,44,53,9,0.003914360597705844,0.00980292045338507,50,68,18,2,3,3,6,6,40,73,57
941,100,100,67,67,0,100,100,74,74,0,100,100,75,75,0,0.06341264168283468,0.07199019707954661,99,99,0,2,1,1,5,27,63,10,20
942,0,0,1,1,0,0,0,1,1,0,0,0,1,1,0,0.0,0.0,1,1,0,-1,-1,-1,2,0,97,36,89
943,454,660,98,100,2,334,334,99,99,0,334,334,99,99,0,0.03812246842983083,0.03897341638585384,95,95,0,3,2,2,11,29,5,0,43
944,0,616,1,100,99,0,28,1,43,42,0,28,1,53,52,0.0,0.011913271384322134,1,75,74,2,-1,3,3,1,76,50,33
945,16,1656,32,100,68,43,148,33,64,31,16,138,32,82,50,0.0002042275094455223,0.01695088328397835,29,77,48,1,3,2,14,1,17,95,19
946,6,212,28,93,65,27,32,28,31,3,6,13,28,33,5,0.00034037918240920387,0.0007488342013002485,32,35,3,3,4,4,10,1,36,65,63
947,100,100,59,59,0,100,100,46,46,0,100,100,59,59,0,0.01940161339732462,0.01940161339732462,82,82,0,-1,1,1,11,6,5,28,97
948,22,22,40,40,0,76,76,36,36,0,22,22,40,40,0,0.0007488342013002485,0.0007488342013002485,37,37,0,-1,3,3,12,2,6,63,67
949,176,382,86,96,10,120,120,78,78,0,120,120,78,78,0,0.015351101126655093,0.01589570781850982,77,77,0,3,2,2,6,14,41,14,49
950,40,656,45,99,54,172,206,66,70,4,40,106,45,76,31,0.003165526396405596,0.011028285510058205,51,67,16,2,2,2,17,3,20,46,77
951,260,466,92,98,6,304,304,87,87,0,260,266,92,93,1,0.014023622315259198,0.015555328636100617,72,77,5,3,2,2,17,14,20,32,53
952,0,616,1,100,99,0,90,1,45,44,0,90,1,60,59,0.0,0.025970931617822254,1,88,87,2,-1,3,10,0,11,96,10
953,2,2,28,28,0,6,6,28,28,0,2,2,28,28,0,6.807583648184077e-05,6.807583648184077e-05,28,28,0,-1,5,5,5,1,70,68,45
954,16,632,36,100,64,40,50,40,44,4,16,50,36,51,15,0.0011913271384322134,0.00616086320160659,39,56,17,2,3,3,5,1,52,71,26
955,176,277,87,95,8,182,182,88,88,0,176,177,91,91,0,0.01507879778072773,0.01507879778072773,75,75,0,5,2,2,9,9,29,27,58
956,298,914,96,100,4,176,176,85,85,0,176,176,89,89,0,0.029919330133769018,0.03580788998944825,89,92,3,2,2,2,8,22,30,9,44
957,57,263,67,98,31,22,22,52,52,0,22,22,55,55,0,0.007318152421797883,0.015827631982027978,63,81,18,3,3,3,2,8,98,44,33
958,153,753,87,100,13,104,104,88,88,0,104,104,88,88,0,0.018312400013615168,0.04343238367541441,81,96,15,2,2,2,5,15,88,19,11
959,64,680,71,100,29,32,32,63,63,0,32,32,65,65,0,0.011743081793117532,0.039620136832431326,74,96,22,2,3,3,2,8,98,20,3
960,0,101,1,77,76,0,5,1,24,23,0,1,1,24,23,0.0,0.0,1,1,0,5,-1,6,5,1,50,45,78
961,16,632,41,100,59,27,50,40,49,9,16,50,41,54,13,0.0004765308553728854,0.029817216379046257,35,88,53,2,3,3,5,1,70,4,3
962,26,128,54,88,34,22,22,49,49,0,22,22,53,53,0,0.003437829742332959,0.004731270635487933,51,56,5,4,3,3,2,6,90,41,83
963,0,616,1,100,99,0,88,1,41,40,0,74,1,59,58,0.0,0.00966676878042139,1,67,66,2,-1,3,11,0,38,85,27
964,22,638,41,100,59,62,80,37,40,3,22,80,41,56,15,0.0012253650566731338,0.01405766023350012,41,74,33,2,3,3,10,3,18,51,6
965,16,632,33,100,67,166,176,61,62,1,16,41,33,48,15,0.003812246842983083,0.00616086320160659,50,56,6,2,3,3,16,1,4,90,41
966,0,0,1,1,0,0,0,1,1,0,0,0,1,1,0,0.0,0.0,1,1,0,-1,-1,-1,7,0,24,92,97
967,0,1640,1,100,99,0,116,1,54,53,0,80,1,59,58,0.0,0.011368664692467409,1,70,69,1,-1,2,14,0,17,81,13
968,92,92,67,67,0,134,134,86,86,0,92,92,67,67,0,0.009496579189216788,0.009496579189216788,67,67,0,-1,2,2,6,4,44,72,89
969,100,100,62,62,0,100,100,48,48,0,100,100,62,62,0,0.026719765819122502,0.026719765819122502,88,88,0,-1,1,1,10,5,11,25,89
970,101,101,74,74,0,64,64,60,60,0,64,64,63,63,0,0.01589570781850982,0.01589570781850982,79,79,0,-1,3,3,4,12,83,37,76
971,22,228,41,92,51,36,36,36,36,0,22,36,41,48,7,0.0014295925661186562,0.006126825283365669,41,54,13,3,3,3,5,2,50,74,38
972,50,666,52,100,48,124,154,60,64,4,44,154,51,84,33,0.003982436434187685,0.018482589604819768,52,80,28,2,3,3,14,6,17,41,12
973,0,102,1,76,75,0,10,1,26,25,0,2,1,26,25,0.0,3.4037918240920386e-05,1,26,25,4,-1,5,9,0,54,81,58
974,174,790,87,100,13,144,144,70,70,0,144,144,84,84,0,0.01317267435923619,0.017359338302869398,76,78,2,2,3,3,9,14,28,32,26
975,60,60,58,58,0,76,76,57,57,0,60,60,58,58,0,0.0061949011198475104,0.0061949011198475104,61,61,0,-1,3,3,6,5,74,47,97
976,118,118,80,80,0,148,148,79,79,0,118,118,80,80,0,0.01507879778072773,0.01507879778072773,75,75,0,-1,2,2,9,9,26,39,97
977,100,100,63,63,0,100,100,56,56,0,100,100,63,63,0,0.07488342013002484,0.09047278668436638,100,100,0,1,1,1,7,36,24,2,8
978,46,246,57,97,40,38,38,51,51,0,38,38,54,54,0,0.005888559855679227,0.012866333095067906,56,73,17,3,3,3,3,6,94,35,20
979,128,744,80,100,20,220,220,82,82,0,128,181,80,89,9,0.007250076585316042,0.012662105585622384,61,72,11,2,2,2,12,5,6,47,57
980,158,1798,83,100,17,184,208,94,96,2,158,208,87,96,9,0.015657442390823378,0.035910003744171005,76,93,17,1,2,2,7,6,24,77,8
981,0,206,1,92,91,0,22,1,33,32,0,22,1,47,46,0.0,0.007488342013002485,1,64,63,3,-1,4,5,0,70,40,32
982,8,214,34,91,57,36,48,33,38,5,8,48,34,54,20,0.0005786446100956465,0.008577555396711936,37,67,30,3,4,4,8,2,39,63,14
983,16,16,34,34,0,68,68,36,36,0,16,16,34,34,0,0.0011913271384322134,0.0011913271384322134,39,39,0,-1,3,3,11,2,33,42,59
984,16,632,41,100,59,38,38,56,56,0,16,38,41,56,15,0.0024166921951053475,0.018142210422410564,46,84,38,2,3,3,3,1,60,53,5
985,0,206,1,92,91,0,38,1,32,31,0,13,1,36,35,0.0,0.0008169100377820892,1,37,36,3,-1,4,11,0,19,97,64
986,0,616,1,100,99,0,64,1,39,38,0,64,1,55,54,0.0,0.015317063208414174,1,74,73,2,-1,3,8,0,27,82,23
987,126,742,82,100,18,184,184,82,82,0,126,144,82,84,2,0.012117498893767658,0.014704380680077607,70,74,4,2,2,2,10,8,22,17,75
988,52,1692,50,100,50,62,86,48,62,14,50,96,50,69,19,0.003880322679464924,0.022669253548452978,49,87,38,1,3,2,6,6,56,41,43
989,0,102,1,78,77,0,10,1,28,27,0,4,1,30,29,0.0,0.0007488342013002485,1,37,36,4,-1,5,6,0,32,82,74
990,0,616,1,100,99,0,68,1,44,43,0,60,1,53,52,0.0,0.007692569522448007,1,59,58,2,-1,3,7,0,46,86,28
991,0,0,1,1,0,0,0,1,1,0,0,0,1,1,0,0.0,0.0,1,1,0,-1,-1,-1,10,0,12,86,40
992,0,206,1,92,91,0,32,1,39,38,0,32,1,47,46,0.0,0.008441403723748256,1,64,63,3,-1,4,6,0,69,98,14
993,6,622,29,100,71,13,36,29,37,8,6,36,29,52,23,0.00013615167296368154,0.006977773239388679,31,61,30,2,4,3,5,1,61,65,25
994,166,766,84,100,16,208,208,85,85,0,166,208,84,90,6,0.013785356887572755,0.021648116001225366,74,84,10,2,2,2,10,9,18,27,31
995,82,82,70,70,0,54,54,54,54,0,54,54,58,58,0,0.013070560604513427,0.013070560604513427,77,77,0,-1,3,3,4,8,47,20,76
996,0,0,1,1,0,0,0,1,1,0,0,0,1,1,0,0.0,0.0,1,1,0,-1,-1,-1,10,0,22,81,80
997,1,207,26,92,66,5,30,26,35,9,1,30,26,50,24,6.807583648184077e-05,0.012525953912658701,28,74,46,3,6,4,5,1,63,78,30
998,0,102,1,78,77,0,10,1,29,28,0,2,1,27,26,0.0,0.0005786446100956465,1,35,34,4,-1,5,6,0,69,82,71
999,14,220,41,92,51,24,24,38,38,0,14,24,41,49,8,0.003608019333537561,0.005003573981415297,51,55,4,3,4,4,4,6,79,73,52
