,FreeNet_pre_score,FreeNet_post_score,FreeNet_pre_rank,FreeNet_post_rank,FreeNet_delta_ranks,Reversed_pre_score,Reversed_post_score,Reversed_pre_rank,Reversed_post_rank,Reversed_delta_ranks,Independent_pre_score,Independent_post_score,Independent_pre_rank,Independent_post_rank,Independent_delta_ranks,Random_pre_score,Random_post_score,Random_pre_rank,Random_post_rank,Random_delta_ranks,dist_victim_relayer,dist_victim_vilain_pre,dist_victim_vilain_post,out_deg_victim,in_deg_villain,victim,villain,relayer
0,174,774,85,100,15,140,140,69,69,0,140,140,84,84,0,0.011743081793117532,0.023350011913271386,68,84,16,2,3,3,10,14,22,32,12
1,438,1054,97,100,3,352,352,96,96,0,352,352,96,96,0,0.035195207461111676,0.04156029817216379,93,95,2,2,2,2,13,27,13,10,25
2,0,0,1,1,0,0,0,1,1,0,0,0,1,1,0,0.0,0.0,1,1,0,-1,-1,-1,6,1,44,50,59
3,6,108,33,83,50,16,16,33,33,0,6,9,33,38,5,0.00030634126416828345,0.0004765308553728854,34,35,1,4,4,4,4,1,78,88,56
4,284,386,96,98,2,256,256,96,96,0,256,256,96,96,0,0.021818305592429966,0.021818305592429966,86,86,0,4,2,2,10,18,0,30,65
5,146,1786,83,100,17,96,120,67,83,16,96,120,68,85,17,0.014023622315259198,0.05037611899656217,75,98,23,1,3,2,6,13,74,33,11
6,0,0,1,1,0,0,0,1,1,0,0,0,1,1,0,0.0,0.0,1,1,0,-1,-1,-1,9,0,35,66,45
7,88,704,74,100,26,48,48,72,72,0,48,48,74,74,0,0.012968446849790666,0.022396950202525613,74,85,11,2,3,3,3,8,60,8,31
8,0,616,1,100,99,0,38,1,39,38,0,16,1,38,37,0.0,0.004833384390210695,1,54,53,2,-1,3,6,0,32,81,90
9,16,118,37,77,40,56,56,48,48,0,16,19,37,41,4,0.0035739814152966403,0.003880322679464924,50,50,0,4,3,3,6,1,65,90,63
10,54,670,58,100,42,70,70,58,58,0,54,70,59,63,4,0.0068075836481840775,0.016168011164437182,60,78,18,2,3,3,5,4,63,72,32
11,169,271,92,95,3,72,72,80,80,0,72,72,80,80,0,0.023588277340957826,0.02403077027808979,89,89,0,4,2,2,3,16,87,12,51
12,0,616,1,99,98,0,146,1,66,65,0,146,1,82,81,0.0,0.032336022328874364,1,91,90,2,-1,3,11,0,19,87,2
13,6,622,31,100,69,30,58,35,43,8,6,45,31,52,21,0.0005105687736138058,0.006637394056979475,37,59,22,2,4,3,7,1,62,49,41
14,28,28,46,46,0,106,106,58,58,0,28,28,46,46,0,0.002382654276864427,0.002382654276864427,46,46,0,-1,3,3,11,3,19,54,82
15,406,1006,97,100,3,192,192,100,100,0,192,192,100,100,0,0.03921168181354028,0.058613295210864905,95,99,4,2,2,2,6,27,40,10,7
16,66,682,56,100,44,102,122,58,65,7,64,122,55,77,22,0.00442492937131965,0.015997821573232582,54,78,24,2,2,2,8,6,42,41,14
17,100,100,58,58,0,100,100,35,35,0,100,100,59,59,0,0.02038871302631131,0.033425235712583816,83,92,9,2,1,1,17,8,20,44,12
18,0,616,1,100,99,0,76,1,39,38,0,46,1,51,50,0.0,0.007250076585316042,1,62,61,2,-1,3,10,0,22,85,25
19,0,206,1,88,87,0,40,1,31,30,0,8,1,31,30,0.0,0.001599782157323258,1,40,39,3,-1,4,17,0,20,66,83
20,108,314,78,97,19,86,86,62,62,0,86,86,65,65,0,0.012594029749140543,0.01494264610776405,73,78,5,3,3,3,6,8,74,8,22
21,0,1640,1,100,99,0,62,1,53,52,0,62,1,58,57,0.0,0.02375846693216243,1,87,86,1,-1,2,6,0,74,86,48
22,60,162,58,85,27,82,82,56,56,0,60,62,58,58,0,0.006637394056979475,0.006841621566424997,60,60,0,4,3,3,7,6,62,26,60
23,18,18,40,40,0,100,100,47,47,0,18,18,40,40,0,0.002110350930937064,0.002110350930937064,43,43,0,-1,3,3,10,2,22,61,89
24,0,206,1,89,88,0,20,1,29,28,0,12,1,33,32,0.0,0.0021784267674189047,1,39,38,3,-1,4,6,0,71,67,75
25,6,6,29,29,0,13,13,29,29,0,6,6,29,29,0,0.0002723033459273631,0.0002723033459273631,33,33,0,-1,4,4,5,1,61,55,36
26,0,616,1,100,99,0,42,1,35,34,0,28,1,50,49,0.0,0.005071649817897137,1,54,53,2,-1,3,8,0,21,92,35
27,44,660,58,100,42,38,48,52,64,12,38,48,55,67,12,0.006501242384015794,0.04360257326661901,63,95,32,2,3,3,3,4,66,38,2
28,40,141,54,89,35,48,48,73,73,0,40,41,74,74,0,0.0061949011198475104,0.0061949011198475104,58,58,0,6,2,2,3,1,92,88,78
29,96,1736,56,100,44,190,224,69,74,5,96,144,56,84,28,0.007011811157629599,0.014500153170632085,59,78,19,1,2,2,16,6,4,35,64
30,2,104,27,80,53,5,6,27,28,1,2,6,27,31,4,0.00017018959120460194,0.0018380475850097008,31,44,13,4,5,5,3,1,87,55,41
31,169,1809,86,100,14,238,272,90,94,4,169,272,86,94,8,0.008951972497362062,0.03424214575036591,64,93,29,1,2,2,11,8,19,57,23
32,224,326,95,100,5,56,56,85,85,0,56,56,85,85,0,0.04098165356206814,0.042275094455223115,95,95,0,4,2,2,2,27,90,10,83
33,264,470,92,97,5,320,320,92,92,0,264,320,92,94,2,0.023281936076789543,0.02375846693216243,83,84,1,3,2,2,14,18,16,30,56
34,292,908,95,100,5,272,272,95,95,0,272,272,95,95,0,0.023418087749753225,0.029340685523673374,88,90,2,2,2,2,11,15,19,16,77
35,16,632,35,100,65,90,90,45,45,0,16,59,35,53,18,0.0028932230504782326,0.008475441641989176,48,63,15,2,3,3,10,2,22,94,44
36,0,101,1,75,74,0,8,1,25,24,0,1,1,25,24,0.0,3.4037918240920386e-05,1,26,25,5,-1,6,8,0,21,98,95
37,0,206,1,93,92,0,14,1,34,33,0,14,1,42,41,0.0,0.004220701861874128,1,49,48,3,-1,4,3,0,92,79,13
38,16,222,43,93,50,34,34,47,47,0,16,34,44,54,10,0.0020082371762143027,0.00881582082439838,47,64,17,3,3,3,4,2,77,94,17
39,28,644,50,100,50,78,108,47,65,18,28,108,50,77,27,0.001599782157323258,0.023724429013921508,43,85,42,2,3,3,8,3,30,43,0
40,0,616,1,100,99,0,40,1,42,41,0,40,1,52,51,0.0,0.026277272881990537,1,89,88,2,-1,3,5,0,49,91,7
41,2,2,26,26,0,10,10,26,26,0,2,2,26,26,0,0.0,0.0,1,1,0,-1,5,5,9,2,29,58,92
42,100,100,76,76,0,100,100,96,96,0,100,100,96,96,0,0.08356308928145954,0.08992817999251165,100,100,0,2,1,1,3,22,87,9,70
43,22,1662,42,100,58,68,130,39,64,25,22,130,42,80,38,0.0017359338302869397,0.025834779944858572,42,90,48,1,3,2,11,3,19,51,23
44,145,761,83,100,17,156,166,84,86,2,145,166,85,90,5,0.010755982164130842,0.02556247659893121,71,87,16,2,2,2,8,8,10,44,32
45,1,617,26,100,74,7,44,26,38,12,1,39,26,51,25,0.0,0.008373327887266415,1,64,63,2,6,3,7,1,62,78,57
46,115,321,85,100,15,32,32,63,63,0,32,32,65,65,0,0.017087034956942034,0.021818305592429966,83,86,3,3,3,3,2,18,98,5,21
47,2,2,28,28,0,6,6,30,30,0,2,2,28,28,0,0.0,0.0,1,1,0,-1,5,5,3,1,64,95,81
48,32,238,50,93,43,46,46,42,42,0,32,38,50,50,0,0.003267640151128357,0.004765308553728854,51,56,5,3,3,3,6,2,74,75,53
49,2,208,28,91,63,11,22,29,33,4,2,22,28,44,16,3.4037918240920386e-05,0.007113924912352361,29,62,33,3,5,4,7,1,62,95,8
50,16,1656,37,100,63,62,100,49,68,19,16,100,37,70,33,0.0017018959120460194,0.04384083869430545,41,96,55,1,3,2,6,1,34,71,2
51,100,100,70,70,0,100,100,53,53,0,100,100,70,70,0,0.02743456210218183,0.032540249838319886,87,88,1,3,1,1,9,9,31,27,44
52,16,222,33,90,57,25,38,32,34,2,16,31,33,40,7,0.0004084550188910446,0.003642057251778481,30,46,16,3,3,3,6,1,51,65,22
53,0,0,1,1,0,0,0,1,1,0,0,0,1,1,0,0.0,0.0,1,1,0,-1,-1,-1,8,0,27,87,85
54,6,108,32,81,49,10,10,32,32,0,6,8,32,36,4,0.0004765308553728854,0.0006467204465774873,37,37,0,4,4,4,3,1,81,49,60
55,24,640,45,100,55,46,66,42,47,5,24,66,45,60,15,0.0016678579938050988,0.015657442390823378,41,81,40,2,3,3,6,4,48,64,5
56,186,392,85,99,14,308,308,87,87,0,186,208,85,87,2,0.01664454201981007,0.02011640968038395,81,84,3,3,2,2,16,9,9,39,35
57,0,0,1,1,0,0,0,1,1,0,0,0,1,1,0,0.0,0.0,1,1,0,-1,-1,-1,2,0,99,66,89
58,82,288,73,98,25,32,32,58,58,0,32,32,60,60,0,0.012900371013308825,0.01851662752306069,76,83,7,3,3,3,2,8,91,20,34
59,83,1723,71,100,29,48,72,54,79,25,48,72,56,79,23,0.013002484768031588,0.052758773273426596,76,97,21,1,3,2,3,9,87,39,24
60,162,778,93,100,7,56,56,82,82,0,56,56,82,82,0,0.027026107083290785,0.04874229892099799,89,98,9,2,2,2,2,16,89,12,10
61,84,700,60,100,40,170,170,72,72,0,84,170,60,86,26,0.006943735321147759,0.015351101126655093,60,77,17,2,2,2,11,6,19,26,48
62,16,222,50,97,47,22,22,52,52,0,16,22,51,53,2,0.0024166921951053475,0.014466115252391163,50,76,26,3,3,3,2,2,86,94,37
63,0,206,1,90,89,0,11,1,26,25,0,6,1,26,25,0.0,0.000442492937131965,1,30,29,3,-1,4,6,0,51,86,60
64,6,622,28,100,72,14,46,30,45,15,6,46,28,50,22,0.00013615167296368154,0.015725518227305217,30,79,49,2,4,3,5,1,50,60,15
65,32,32,48,48,0,76,76,41,41,0,32,32,48,48,0,0.00176997174852786,0.00176997174852786,42,42,0,-1,3,3,10,3,11,51,50
66,6,212,31,90,59,36,36,36,36,0,6,12,31,35,4,0.0013274788113958951,0.003710133088260322,39,48,9,3,4,4,6,1,48,71,90
67,0,0,1,1,0,0,0,1,1,0,0,0,1,1,0,0.0,0.0,1,1,0,-1,-1,-1,3,0,92,87,40
68,46,252,63,97,34,22,22,49,49,0,22,22,53,53,0,0.004288777698355968,0.016508390346846386,54,81,27,3,3,3,2,6,90,28,18
69,130,330,89,100,11,32,32,71,71,0,32,32,71,71,0,0.019878144252697506,0.027808979202831954,83,92,9,3,3,3,2,19,99,15,27
70,88,688,65,100,35,66,66,51,51,0,66,66,62,62,0,0.011709043874876613,0.023724429013921508,72,88,16,2,3,3,6,8,34,8,18
71,88,704,73,100,27,48,48,64,64,0,48,48,66,66,0,0.012287688484972258,0.033833690731474866,73,92,19,2,3,3,3,8,85,17,1
72,0,0,1,1,0,0,0,1,1,0,0,0,1,1,0,0.0,0.0,1,1,0,-1,-1,-1,9,0,26,89,59
73,170,272,93,100,7,32,32,69,69,0,32,32,69,69,0,0.028830116750059566,0.02917049593246877,89,89,0,4,3,3,2,29,93,0,56
74,0,101,1,80,79,0,9,1,25,24,0,1,1,25,24,0.0,3.4037918240920386e-05,1,25,24,5,-1,6,9,1,31,50,58
75,272,888,95,100,5,280,280,93,93,0,280,280,95,95,0,0.02559651451717213,0.037543823819735186,86,94,8,2,2,2,13,20,13,23,30
76,232,438,95,100,5,64,64,68,68,0,64,64,69,69,0,0.02811532046700024,0.03090642976275571,90,91,1,3,3,3,4,27,73,10,26
77,76,76,70,70,0,38,38,47,47,0,38,38,53,53,0,0.007182000748834201,0.007182000748834201,62,62,0,-1,3,3,3,13,75,24,96
78,2,208,29,92,63,9,13,30,32,2,2,8,29,34,5,0.00010211375472276115,0.0008169100377820892,29,38,9,3,5,4,5,1,88,55,49
79,16,16,34,34,0,120,120,58,58,0,16,16,34,34,0,0.0020422750944552232,0.0020422750944552232,44,44,0,-1,3,3,14,2,16,94,79
80,22,228,41,93,52,80,80,43,43,0,22,51,41,54,13,0.0015657442390823377,0.007318152421797883,42,64,22,3,3,3,9,2,23,61,44
81,100,100,79,79,0,100,100,98,98,0,100,100,98,98,0,0.09574866401170905,0.0960209673576364,100,100,0,4,1,1,2,15,95,16,88
82,232,848,88,100,12,258,258,94,94,0,232,258,88,94,6,0.011981347220803976,0.015725518227305217,69,73,4,2,2,2,12,13,2,24,47
83,0,0,1,1,0,0,0,1,1,0,0,0,1,1,0,0.0,0.0,1,1,0,-1,-1,-1,2,0,91,93,81
84,8,109,38,85,47,8,8,33,33,0,8,8,38,38,0,0.0004084550188910446,0.0005446066918547262,36,37,1,5,4,4,2,2,89,56,88
85,0,1640,1,100,99,0,76,1,53,52,0,76,1,65,64,0.0,0.03543347288879812,1,92,91,1,-1,2,6,1,32,45,11
86,226,328,91,96,5,144,144,92,92,0,144,144,92,92,0,0.023009632730862182,0.023179822322066782,86,86,0,4,2,2,6,18,48,5,55
87,114,730,77,100,23,162,162,83,83,0,114,130,77,81,4,0.00803294870485721,0.009530617107457708,62,67,5,2,2,2,9,6,29,28,49
88,0,102,1,79,78,0,4,1,26,25,0,3,1,31,30,0.0,0.00034037918240920387,1,32,31,4,-1,5,3,1,58,69,56
89,0,206,1,93,92,0,22,1,32,31,0,22,1,45,44,0.0,0.00527587732734266,1,53,52,3,-1,4,5,1,45,69,31
90,100,100,63,63,0,154,154,72,72,0,100,100,63,63,0,0.008747744987916539,0.008747744987916539,66,66,0,-1,2,2,10,6,36,34,67
91,53,154,61,89,28,38,38,56,56,0,38,38,57,57,0,0.006943735321147759,0.00707988699411144,60,60,0,5,3,3,3,8,60,57,65
92,70,70,60,60,0,90,90,67,67,0,70,70,63,63,0,0.009462541270975866,0.009462541270975866,67,67,0,-1,2,2,6,5,56,25,86
93,64,664,57,100,43,76,76,54,54,0,64,76,59,65,6,0.008577555396711936,0.013887470642295518,64,73,9,2,3,3,6,4,56,22,44
94,100,100,72,72,0,100,100,77,77,0,100,100,77,77,0,0.06576125804145819,0.06576125804145819,100,100,0,-1,1,1,6,40,69,3,91
95,176,176,86,86,0,290,290,83,83,0,176,176,86,86,0,0.011675005956635693,0.011675005956635693,68,68,0,-1,2,2,17,9,20,27,99
96,10,10,41,41,0,18,18,38,38,0,10,10,41,41,0,0.0013274788113958951,0.0013274788113958951,41,41,0,-1,4,4,3,3,85,43,80
97,63,269,56,93,37,100,100,63,63,0,63,100,56,67,11,0.006024711528642908,0.009598692943939549,56,70,14,3,2,2,6,4,41,22,13
98,100,100,77,77,0,100,100,96,96,0,100,100,96,96,0,0.06620375097859015,0.06715681268933592,98,98,0,4,1,1,3,8,82,17,51
99,174,380,89,97,8,88,88,77,77,0,88,88,77,77,0,0.02100139555464788,0.02491575615235372,85,86,1,3,2,2,4,16,79,12,26
100,100,100,72,72,0,100,100,71,71,0,100,100,75,75,0,0.043704687021341775,0.043908914530787296,93,93,0,5,1,1,6,17,32,6,55
101,18,224,41,92,51,88,88,47,47,0,18,88,41,66,25,0.0017018959120460194,0.010313489226998877,43,69,26,3,3,3,8,2,39,61,33
102,0,101,1,81,80,0,3,1,24,23,0,1,1,24,23,0.0,6.807583648184077e-05,1,28,27,6,-1,7,3,0,66,80,68
103,0,616,1,100,99,0,48,1,39,38,0,40,1,47,46,0.0,0.008645631233193778,1,62,61,2,-1,3,6,0,56,76,77
104,100,100,61,61,0,100,100,43,43,0,100,100,61,61,0,0.03281255318424725,0.03301678069369277,91,91,0,3,1,1,12,18,2,30,65
105,184,390,90,98,8,88,88,73,73,0,88,88,74,74,0,0.020558902617515914,0.026141121209026855,84,87,3,3,2,2,4,17,83,6,34
106,16,16,40,40,0,28,28,38,38,0,16,16,40,40,0,0.0007828721195411688,0.0007828721195411688,37,37,0,-1,3,3,5,1,88,4,81
107,12,218,33,90,57,48,52,35,36,1,12,19,33,42,9,0.0009190237925048504,0.0014295925661186562,39,40,1,3,4,4,10,3,12,51,56
108,10,216,42,94,52,12,12,40,40,0,12,12,42,42,0,0.0007147962830593281,0.01334286395044079,38,77,39,3,4,4,2,3,90,43,15
109,0,0,1,1,0,0,0,1,1,0,0,0,1,1,0,0.0,0.0,1,1,0,-1,-1,-1,3,0,75,79,89
110,0,102,1,75,74,0,9,1,26,25,0,2,1,25,24,0.0,0.0005105687736138058,1,30,29,4,-1,5,6,0,51,91,42
111,0,206,1,93,92,0,12,1,33,32,0,8,1,37,36,0.0,0.001599782157323258,1,43,42,3,-1,4,4,0,72,97,51
112,100,100,71,71,0,100,100,80,80,0,100,100,81,81,0,0.0318935293917424,0.05231628033629463,91,98,7,2,1,1,5,2,49,63,11
113,56,56,58,58,0,64,64,65,65,0,64,64,67,67,0,0.0088498587426393,0.0088498587426393,67,67,0,-1,3,3,4,5,47,25,36
114,134,236,88,95,7,72,72,85,85,0,72,72,85,85,0,0.02474556656114912,0.02566459035365397,86,87,1,4,2,2,3,20,60,23,71
115,0,206,1,96,95,0,10,1,32,31,0,8,1,35,34,0.0,0.001497668402600497,1,42,41,3,-1,4,3,0,75,89,52
116,22,22,53,53,0,32,32,63,63,0,22,22,54,54,0,0.004833384390210695,0.004833384390210695,57,57,0,-1,3,3,2,3,86,29,79
117,100,100,71,71,0,100,100,80,80,0,100,100,81,81,0,0.05908982606623779,0.06205112495319786,99,99,0,3,1,1,5,29,49,1,29
118,0,206,1,92,91,0,14,1,33,32,0,12,1,37,36,0.0,0.002586881786309949,1,49,48,3,-1,4,3,0,64,81,29
119,100,100,61,61,0,100,100,44,44,0,100,100,61,61,0,0.04687021341774737,0.04687021341774737,96,96,0,-1,1,1,12,27,6,10,89
120,58,58,63,63,0,48,48,70,70,0,48,48,72,72,0,0.01242384015793594,0.01242384015793594,72,72,0,-1,3,3,3,8,94,20,97
121,0,102,1,78,77,0,8,1,31,30,0,3,1,32,31,0.0,0.0002723033459273631,1,33,32,4,-1,5,4,0,47,85,56
122,18,18,45,45,0,38,38,52,52,0,18,18,45,45,0,0.0018720855032506212,0.0018720855032506212,44,44,0,-1,3,3,3,2,66,61,81
123,0,206,1,91,90,0,46,1,33,32,0,8,1,33,32,0.0,0.0013955546478777359,1,38,37,3,-1,4,11,0,38,67,61
124,205,821,92,100,8,120,120,83,83,0,120,120,85,85,0,0.0245413390517036,0.03100854351747847,88,91,3,2,2,2,6,15,59,16,44
125,340,546,97,100,3,182,182,87,87,0,182,182,92,92,0,0.033084856530174615,0.0340719561591613,91,91,0,3,2,2,9,29,23,11,43
126,100,100,77,77,0,100,100,97,97,0,100,100,97,97,0,0.06759930562646789,0.06759930562646789,99,99,0,-1,1,1,3,12,55,37,86
127,120,120,77,77,0,132,132,72,72,0,120,120,78,78,0,0.008271214132543654,0.008271214132543654,63,63,0,-1,2,2,8,6,27,13,84
128,129,129,87,87,0,48,48,72,72,0,48,48,74,74,0,0.014329963579427483,0.014329963579427483,78,78,0,-1,3,3,3,15,60,19,91
129,6,108,32,81,49,18,18,35,35,0,6,10,32,39,7,0.0009190237925048504,0.0019061234214915416,39,44,5,4,4,4,3,1,87,71,43
130,100,100,63,63,0,100,100,56,56,0,100,100,63,63,0,0.02811532046700024,0.028762040913577726,89,89,0,3,1,1,7,6,24,35,42
131,56,157,56,87,31,54,54,56,56,0,54,54,57,57,0,0.010381565063480718,0.010619830491167161,67,67,0,5,3,3,4,5,67,25,55
132,46,148,48,83,35,134,134,60,60,0,46,48,48,50,2,0.0020422750944552232,0.002144388849177984,43,43,0,4,2,2,17,2,20,74,65
133,6,622,29,100,71,24,64,31,41,10,6,64,29,60,31,0.00030634126416828345,0.010075223799312433,33,70,37,2,4,3,8,1,39,4,8
134,40,40,55,55,0,52,52,78,78,0,40,40,64,64,0,0.007556417849484326,0.007556417849484326,62,62,0,-1,2,2,3,2,85,94,69
135,0,206,1,91,90,0,20,1,32,31,0,14,1,38,37,0.0,0.0031314884781646754,1,50,49,3,-1,4,6,0,44,87,35
136,0,616,1,100,99,0,50,1,35,34,0,50,1,50,49,0.0,0.01147077844719017,1,67,66,2,-1,3,8,0,27,86,37
137,6,622,32,100,68,10,28,32,43,11,6,28,32,53,21,0.0002042275094455223,0.02127369890057524,34,85,51,2,4,3,3,1,76,88,10
138,66,272,69,97,28,38,38,59,59,0,38,38,62,62,0,0.006773545729943157,0.01058579257292624,61,71,10,3,3,3,3,6,92,13,47
139,19,225,47,97,50,18,18,35,35,0,18,18,46,46,0,0.003199564314646516,0.005854521937438306,49,55,6,3,4,4,3,4,94,22,90
140,0,102,1,79,78,0,7,1,24,23,0,4,1,26,25,0.0,0.0006807583648184077,1,34,33,4,-1,5,4,0,67,59,74
141,36,652,45,100,55,132,146,58,59,1,36,84,45,53,8,0.004050512270669526,0.012219612648490419,52,71,19,2,3,3,16,6,4,73,20
142,0,102,1,76,75,0,12,1,24,23,0,2,1,24,23,0.0,0.0002723033459273631,1,29,28,4,-1,5,10,0,36,93,65
143,16,118,39,78,39,38,38,39,39,0,16,18,39,43,4,0.0005786446100956465,0.0006807583648184077,35,36,1,4,3,3,6,1,44,49,4
144,8,624,37,100,63,22,50,34,45,11,8,50,37,56,19,0.0002723033459273631,0.01657646618332823,33,82,49,2,4,3,5,2,80,63,16
145,40,656,50,100,50,144,154,72,73,1,40,124,50,79,29,0.004663194799006093,0.016270124919159943,54,76,22,2,2,2,10,3,22,46,8
146,6,107,27,81,54,9,9,27,27,0,6,7,27,30,3,6.807583648184077e-05,0.00010211375472276115,25,26,1,6,4,4,4,1,67,68,58
147,100,100,67,67,0,100,100,55,55,0,100,100,67,67,0,0.05122706695258518,0.05919193982096055,98,99,1,2,1,1,9,27,23,10,17
148,42,658,58,100,42,52,62,78,81,3,42,62,65,81,16,0.00803294870485721,0.031451036454610434,63,89,26,2,2,2,3,2,85,74,0
149,0,0,1,1,0,0,0,1,1,0,0,0,1,1,0,0.0,0.0,1,1,0,-1,-1,-1,12,0,14,67,50
150,6,212,29,92,63,36,48,32,33,1,6,19,29,39,10,0.00017018959120460194,0.0012594029749140542,30,39,9,3,4,4,12,1,6,60,64
151,261,1901,96,100,4,288,312,95,97,2,288,312,95,97,2,0.02542632492596753,0.04881037475747983,89,99,10,1,2,2,12,20,6,23,12
152,54,670,51,100,49,96,106,53,66,13,53,69,51,55,4,0.004493005207801491,0.008645631233193778,53,62,9,2,2,2,7,6,46,41,90
153,16,632,42,100,58,24,38,42,51,9,16,38,42,54,12,0.001157289220191293,0.028591851322373123,39,91,52,2,3,3,3,1,66,88,3
154,168,374,94,100,6,56,56,82,82,0,56,56,82,82,0,0.03179141563701964,0.05745600599067361,94,98,4,3,2,2,2,22,89,9,2
155,6,6,31,31,0,27,27,33,33,0,6,6,31,31,0,0.00013615167296368154,0.00013615167296368154,32,32,0,-1,4,4,8,1,57,4,86
156,203,304,90,94,4,144,144,88,88,0,144,144,88,88,0,0.02542632492596753,0.02542632492596753,87,87,0,6,2,2,6,16,44,18,68
157,43,249,64,100,36,22,22,55,55,0,22,22,57,57,0,0.006943735321147759,0.018857006705469893,63,83,20,3,3,3,2,8,97,44,39
158,12,218,41,94,53,16,24,33,39,6,12,24,41,52,11,0.001157289220191293,0.010619830491167161,39,72,33,3,4,4,4,3,78,51,39
159,68,684,72,100,28,48,48,68,68,0,48,48,69,69,0,0.009360427516253106,0.041049729398549985,70,94,24,2,3,3,3,9,81,31,3
160,49,151,54,85,31,94,94,51,51,0,49,51,54,54,0,0.004799346471969774,0.005071649817897137,54,54,0,4,3,3,9,4,26,22,56
161,24,126,49,88,39,22,22,54,54,0,22,22,54,54,0,0.005037611899656217,0.006262976956329351,55,61,6,4,3,3,2,6,99,73,71
162,8,624,32,100,68,28,42,32,35,3,8,28,32,44,12,0.00037441710065012424,0.0033016780693692774,32,48,16,2,4,3,6,2,40,63,43
163,0,206,1,94,93,0,10,1,30,29,0,10,1,38,37,0.0,0.002927260968719153,1,50,49,3,-1,4,3,0,66,97,73
164,0,206,1,90,89,0,24,1,32,31,0,6,1,30,29,0.0,0.0013955546478777359,1,39,38,3,-1,4,6,1,48,45,53
165,2,618,26,100,74,9,108,26,59,33,2,108,26,75,49,0.0,0.031485074372851356,1,88,87,2,5,3,8,1,42,68,7
166,100,100,68,68,0,100,100,63,63,0,100,100,68,68,0,0.032506211920078965,0.05731985431770993,90,100,10,1,1,1,6,9,41,31,32
167,180,386,89,97,8,158,158,83,83,0,158,158,87,87,0,0.017972020831205963,0.020082371762143027,81,83,2,3,2,2,9,17,31,6,90
168,63,269,57,95,38,132,132,70,70,0,63,132,57,79,22,0.005548180673270023,0.009428503352734947,57,65,8,3,2,2,8,4,15,22,26
169,62,678,63,100,37,48,48,54,54,0,48,48,56,56,0,0.008373327887266415,0.01746145205759216,63,82,19,2,3,3,3,6,87,34,38
170,2,2,27,27,0,10,10,29,29,0,2,2,27,27,0,0.0,0.0,1,1,0,-1,5,5,6,1,34,95,67
171,0,1640,1,100,99,0,128,1,69,68,0,128,1,79,78,0.0,0.034990979951666154,1,94,93,1,-1,2,9,0,29,98,10
172,38,654,49,100,51,56,66,44,48,4,38,66,49,56,7,0.002723033459273631,0.014227849824704722,47,76,29,2,3,3,6,6,41,70,19
173,22,1662,43,100,57,74,108,41,60,19,22,108,43,76,33,0.0015657442390823377,0.019741992579733823,41,80,39,1,3,2,9,2,54,61,8
174,0,1640,1,100,99,0,70,1,66,65,0,70,1,69,68,0.0,0.03168930188229688,1,88,87,1,-1,2,5,1,70,69,5
175,100,100,69,69,0,100,100,87,87,0,100,100,87,87,0,0.057013513053541645,0.06075768406004289,99,99,0,3,1,1,4,18,83,30,57
176,302,508,97,100,3,256,256,96,96,0,256,256,96,96,0,0.02556247659893121,0.026379386636713298,88,88,0,3,2,2,10,15,0,16,43
177,6,1646,30,100,70,24,80,33,57,24,6,80,30,61,31,0.0007147962830593281,0.031178733108683073,36,89,53,1,4,2,6,2,41,42,18
178,0,206,1,90,89,0,18,1,31,30,0,18,1,38,37,0.0,0.002723033459273631,1,47,46,3,-1,4,5,0,50,80,35
179,212,1852,88,100,12,232,286,77,88,11,212,286,88,94,6,0.012525953912658701,0.04625753088941081,71,97,26,1,2,2,14,14,16,32,3
180,40,246,51,92,41,74,74,64,64,0,40,74,51,69,18,0.005037611899656217,0.013751318969331836,53,76,23,3,2,2,5,3,88,46,33
181,118,734,78,100,22,152,152,70,70,0,118,142,78,84,6,0.011709043874876613,0.012968446849790666,72,73,1,2,3,3,12,8,3,8,64
182,51,51,57,57,0,38,38,46,46,0,38,38,51,51,0,0.005480104836788182,0.005480104836788182,55,55,0,-1,3,3,3,6,96,35,87
183,0,102,1,77,76,0,20,1,28,27,0,4,1,28,27,0.0,0.0007147962830593281,1,35,34,4,-1,5,11,0,33,67,51
184,104,206,84,93,9,52,52,80,80,0,52,52,82,82,0,0.01684876952925559,0.0176997174852786,83,83,0,4,2,2,3,14,60,32,64
185,22,638,45,100,55,32,60,40,50,10,22,60,45,61,16,0.0020082371762143027,0.032336022328874364,45,89,44,2,3,3,5,3,80,51,2
186,0,0,1,1,0,0,0,1,1,0,0,0,1,1,0,0.0,0.0,1,1,0,-1,-1,-1,8,0,27,40,99
187,0,616,1,100,99,0,58,1,42,41,0,58,1,56,55,0.0,0.011743081793117532,1,71,70,2,-1,3,8,0,21,79,19
188,0,616,1,100,99,0,82,1,34,33,0,22,1,39,38,0.0,0.0029612988869600733,1,46,45,2,-1,3,16,0,4,93,29
189,0,101,1,75,74,0,12,1,25,24,0,1,1,25,24,0.0,3.4037918240920386e-05,1,25,24,5,-1,6,12,0,14,99,68
190,34,34,54,54,0,32,32,58,58,0,32,32,59,59,0,0.0033016780693692774,0.0033016780693692774,51,51,0,-1,3,3,2,6,68,70,80
191,100,100,64,64,0,100,100,57,57,0,100,100,65,65,0,0.020695054290479593,0.025290173253003846,83,87,4,3,1,1,8,1,10,90,57
192,63,63,57,57,0,138,138,75,75,0,63,63,57,57,0,0.005582218591510943,0.005582218591510943,58,58,0,-1,2,2,9,4,31,22,40
193,2,618,26,100,74,10,70,27,46,19,2,70,26,57,31,3.4037918240920386e-05,0.009462541270975866,26,70,44,2,5,3,8,2,30,58,8
194,110,110,74,74,0,154,154,72,72,0,110,110,74,74,0,0.007658531604207087,0.007658531604207087,61,61,0,-1,2,2,10,6,11,13,93
195,50,50,66,66,0,22,22,49,49,0,22,22,53,53,0,0.005241839409101739,0.005241839409101739,57,57,0,-1,3,3,2,5,90,47,45
196,28,1668,50,100,50,34,68,43,70,27,28,68,50,72,22,0.001497668402600497,0.03934783348650397,42,94,52,1,3,2,4,4,79,64,18
197,77,77,67,67,0,60,60,51,51,0,60,60,62,62,0,0.00796487286837537,0.00796487286837537,64,64,0,-1,3,3,5,8,80,44,82
198,0,616,1,100,99,0,136,1,60,59,0,124,1,75,74,0.0,0.02011640968038395,1,85,84,2,-1,3,15,0,7,85,23
199,0,206,1,90,89,0,14,1,29,28,0,8,1,33,32,0.0,0.0013955546478777359,1,40,39,3,-1,4,5,0,50,87,52
200,0,616,1,100,99,0,66,1,35,34,0,34,1,45,44,0.0,0.005548180673270023,1,53,52,2,-1,3,10,0,0,98,38
201,63,63,61,61,0,64,64,60,60,0,64,64,63,63,0,0.007658531604207087,0.007658531604207087,63,63,0,-1,3,3,4,8,83,57,99
202,0,206,1,89,88,0,21,1,28,27,0,7,1,34,33,0.0,0.00013615167296368154,1,31,30,3,-1,4,9,0,28,97,56
203,176,792,87,100,13,182,192,88,93,5,176,192,91,93,2,0.01507879778072773,0.04363661118485993,75,96,21,2,2,2,9,9,29,27,3
204,92,193,69,92,23,80,80,65,65,0,80,80,68,68,0,0.00888389666088022,0.00888389666088022,66,66,0,6,2,2,6,7,69,48,68
205,294,294,96,96,0,144,144,91,91,0,144,144,91,91,0,0.03451444909629327,0.03451444909629327,92,92,0,-1,2,2,6,29,74,0,66
206,106,207,83,93,10,64,64,68,68,0,64,64,69,69,0,0.009973110044589673,0.010041185881071514,70,70,0,5,3,3,4,13,73,24,65
207,0,616,1,100,99,0,82,1,34,33,0,34,1,47,46,0.0,0.005071649817897137,1,55,54,2,-1,3,14,1,16,50,72
208,8,214,31,93,62,20,24,30,35,5,8,19,31,40,9,0.00037441710065012424,0.002212464685659825,31,41,10,3,4,4,4,2,67,56,54
209,431,431,100,100,0,224,224,98,98,0,224,224,98,98,0,0.038530923448721874,0.038530923448721874,95,95,0,-1,2,2,8,30,21,7,92
210,455,2055,99,100,1,280,280,98,98,0,280,280,98,98,0,0.03703325504612138,0.04629156880765172,94,96,2,1,2,2,10,29,0,11,46
211,0,616,1,100,99,0,28,1,39,38,0,28,1,48,47,0.0,0.020729092208720514,1,86,85,2,-1,3,3,1,82,69,10
212,6,212,32,93,61,8,12,32,35,3,6,12,32,36,4,0.001055175465468532,0.01330882603219987,39,78,39,3,4,4,2,1,68,71,6
213,149,765,86,100,14,72,72,77,77,0,72,72,77,77,0,0.024337111542258077,0.05657102011640968,88,97,9,2,2,2,3,20,82,23,2
214,0,0,1,1,0,0,0,1,1,0,0,0,1,1,0,0.0,0.0,1,1,0,-1,-1,-1,6,0,41,93,50
215,0,102,1,80,79,0,6,1,28,27,0,3,1,31,30,0.0,0.0009870996289866913,1,40,39,4,-1,5,3,0,87,92,83
216,106,208,81,93,12,72,72,83,83,0,72,72,83,83,0,0.01695088328397835,0.018278362095374246,81,83,2,4,2,2,3,6,58,77,83
217,0,102,1,72,71,0,10,1,27,26,0,2,1,25,24,0.0,0.0,1,1,0,4,-1,5,8,0,42,86,95
218,0,101,1,74,73,0,11,1,25,24,0,1,1,25,24,0.0,6.807583648184077e-05,1,26,25,6,-1,7,11,0,19,85,68
219,0,206,1,87,86,0,68,1,33,32,0,12,1,33,32,0.0,0.0019061234214915416,1,41,40,3,-1,4,14,0,16,96,61
220,63,63,59,59,0,44,44,44,44,0,44,44,50,50,0,0.007182000748834201,0.007182000748834201,59,59,0,-1,3,3,4,8,67,57,66
221,0,102,1,77,76,0,6,1,24,23,0,2,1,24,23,0.0,0.00010211375472276115,1,29,28,4,-1,5,5,0,50,96,55
222,100,100,68,68,0,100,100,57,57,0,100,100,68,68,0,0.0545968208584363,0.0545968208584363,97,97,0,-1,1,1,8,29,39,1,97
223,150,1790,85,100,15,182,206,87,91,4,150,206,85,93,8,0.01501072194424589,0.03465060076925695,76,91,15,1,2,2,9,8,31,17,14
224,102,718,78,100,22,80,80,60,60,0,80,80,65,65,0,0.01153885428367201,0.018686817114265293,74,81,7,2,3,3,5,8,50,17,77
225,140,140,82,82,0,176,176,91,91,0,140,140,83,83,0,0.011334626774226489,0.011334626774226489,72,72,0,-1,2,2,8,7,10,48,93
226,12,12,41,41,0,20,20,36,36,0,12,12,41,41,0,0.0019061234214915416,0.0019061234214915416,44,44,0,-1,4,4,4,2,78,83,45
227,0,1640,1,100,99,0,55,1,35,34,0,41,1,51,50,0.0,0.01143674052894925,1,70,69,1,-1,2,10,0,22,79,63
228,140,346,86,97,11,176,176,87,87,0,140,176,86,90,4,0.016882807447496512,0.018006058749446885,80,81,1,3,2,2,8,8,39,20,52
229,2,208,28,92,64,13,34,31,32,1,2,34,28,46,18,0.0002382654276864427,0.005377991082065421,32,54,22,3,5,4,7,1,46,55,31
230,148,148,90,90,0,56,56,88,88,0,56,56,88,88,0,0.030361823070900983,0.030361823070900983,91,91,0,-1,2,2,2,18,93,5,97
231,16,16,43,43,0,30,30,43,43,0,16,16,43,43,0,0.0006467204465774873,0.0006467204465774873,36,36,0,-1,3,3,4,1,47,49,89
232,12,218,41,94,53,24,24,38,38,0,12,24,41,50,9,0.0005786446100956465,0.0024507301133462676,36,47,11,3,4,4,4,2,72,63,70
233,12,113,36,85,49,18,18,38,38,0,12,13,36,40,4,0.0022465026039007454,0.0022465026039007454,45,45,0,5,4,4,3,2,96,83,60
234,30,30,53,53,0,22,22,42,42,0,22,22,46,46,0,0.003914360597705844,0.003914360597705844,53,53,0,-1,3,3,2,6,68,41,45
235,6,1646,31,100,69,14,72,33,79,46,6,72,31,79,48,0.00034037918240920387,0.0634466796010756,34,97,63,1,4,2,3,1,66,49,1
236,8,1648,36,100,64,14,52,35,81,46,8,52,36,81,45,0.0004084550188910446,0.036658837945471257,34,94,60,1,4,2,3,2,92,56,46
237,0,0,1,1,0,0,0,1,1,0,0,0,1,1,0,0.0,0.0,1,1,0,-1,-1,-1,2,0,86,82,59
238,123,323,85,97,12,72,72,77,77,0,72,72,77,77,0,0.014500153170632085,0.018244324177133328,76,85,9,3,2,2,3,14,64,32,62
239,0,0,1,1,0,0,0,1,1,0,0,0,1,1,0,0.0,0.0,1,1,0,-1,-1,-1,6,0,40,79,36
240,100,100,79,79,0,100,100,98,98,0,100,100,98,98,0,0.11174648558494163,0.11433336737125158,100,100,0,3,1,1,2,30,68,7,70
241,0,616,1,100,99,0,80,1,58,57,0,80,1,62,61,0.0,0.027162258756254467,1,87,86,2,-1,3,5,0,61,91,1
242,92,1732,62,100,38,80,104,53,72,19,80,104,60,78,18,0.00891793457912114,0.03849688553048095,64,94,30,1,3,2,5,7,52,48,14
243,112,214,80,89,9,252,252,85,85,0,112,114,80,81,1,0.007420266176520644,0.007488342013002485,61,61,0,4,2,2,14,4,17,72,58
244,12,628,39,100,61,20,34,34,42,8,12,34,39,51,12,0.000442492937131965,0.02314578440382586,34,86,52,2,4,3,4,2,79,56,10
245,88,294,66,95,29,66,66,47,47,0,66,66,55,55,0,0.011334626774226489,0.013002484768031588,68,71,3,3,3,3,6,8,71,8,61
246,56,262,55,94,39,94,94,70,70,0,56,70,54,62,8,0.006331052792811192,0.008101024541339052,59,64,5,3,2,2,5,3,37,29,70
247,66,168,64,89,25,48,48,60,60,0,48,48,63,63,0,0.009190237925048503,0.009734844616903231,65,65,0,4,3,3,3,6,58,34,74
248,56,256,65,99,34,22,22,49,49,0,22,22,50,50,0,0.007318152421797883,0.015997821573232582,64,80,16,3,3,3,2,7,93,21,14
249,107,107,83,83,0,56,56,86,86,0,56,56,86,86,0,0.019095272133156337,0.019095272133156337,82,82,0,-1,2,2,2,9,95,39,40
250,16,632,35,100,65,100,130,45,65,20,16,130,35,80,45,0.0020422750944552232,0.016542428265087308,45,80,35,2,3,3,10,1,1,53,18
251,101,717,77,100,23,94,94,75,75,0,94,94,75,75,0,0.010313489226998877,0.017903944994724124,68,81,13,2,2,2,5,8,49,44,34
252,0,616,1,100,99,0,54,1,39,38,0,42,1,52,51,0.0,0.007692569522448007,1,66,65,2,-1,3,8,1,39,45,21
253,390,990,98,100,2,264,264,98,98,0,264,264,98,98,0,0.03403791824092039,0.04261547363763232,92,93,1,2,2,2,9,22,28,9,33
254,76,76,67,67,0,70,70,62,62,0,70,70,69,69,0,0.006603356138738555,0.006603356138738555,57,57,0,-1,3,3,5,6,45,13,82
255,16,632,35,100,65,34,44,39,43,4,16,44,35,49,14,0.002144388849177984,0.02219272269308009,40,86,46,2,3,3,4,1,67,53,9
256,38,38,45,45,0,106,106,55,55,0,38,38,45,45,0,0.0015317063208414173,0.0015317063208414173,41,41,0,-1,3,3,11,4,33,64,82
257,22,1662,47,100,53,48,72,60,82,22,22,72,47,82,35,0.0046972327172470135,0.04894652643044351,53,97,44,1,3,2,3,3,58,29,23
258,0,1640,1,100,99,0,45,1,36,35,0,40,1,48,47,0.0,0.018074134585928724,1,80,79,1,-1,2,6,0,71,84,60
259,16,632,35,100,65,68,78,43,43,0,16,32,35,43,8,0.0038462847612240037,0.005684332346233704,48,56,8,2,3,3,8,1,27,90,65
260,0,616,1,100,99,0,44,1,48,47,0,44,1,54,53,0.0,0.018278362095374246,1,84,83,2,-1,3,4,0,79,98,16
261,22,638,43,100,57,76,90,39,45,6,22,90,43,62,19,0.0021784267674189047,0.016542428265087308,44,80,36,2,3,3,10,2,36,83,15
262,2,2,26,26,0,9,9,26,26,0,2,2,26,26,0,6.807583648184077e-05,6.807583648184077e-05,28,28,0,-1,5,5,8,1,15,78,40
263,0,616,1,100,99,0,64,1,42,41,0,64,1,57,56,0.0,0.014500153170632085,1,73,72,2,-1,3,9,0,26,99,15
264,0,206,1,89,88,0,24,1,32,31,0,6,1,30,29,0.0,0.0011232513019503727,1,38,37,3,-1,4,8,0,57,93,53
265,0,206,1,89,88,0,30,1,31,30,0,10,1,31,30,0.0,0.0015317063208414173,1,39,38,3,-1,4,9,0,29,96,70
266,0,206,1,93,92,0,18,1,40,39,0,18,1,44,43,0.0,0.004016474352428605,1,50,49,3,-1,4,3,0,60,66,38
267,100,100,84,84,0,100,100,98,98,0,100,100,98,98,0,0.08359712719970047,0.08359712719970047,99,99,0,-1,1,1,2,7,97,62,69
268,16,632,43,100,57,34,34,47,47,0,16,34,44,54,10,0.0019741992579733825,0.011811157629599374,46,74,28,2,3,3,4,1,77,53,14
269,40,656,48,100,52,122,122,66,66,0,40,80,48,57,9,0.00527587732734266,0.009326389598012186,56,67,11,2,2,2,8,1,42,90,47
270,0,0,1,1,0,0,0,1,1,0,0,0,1,1,0,0.0,0.0,1,1,0,-1,-1,-1,9,0,35,82,87
271,184,184,90,90,0,158,158,95,95,0,158,158,95,95,0,0.022226760611321013,0.022226760611321013,86,86,0,-1,2,2,6,12,59,37,67
272,6,622,30,100,70,12,34,30,38,8,6,34,30,50,20,0.0002042275094455223,0.011402702610708328,32,75,43,2,4,3,4,1,53,55,33
273,0,0,1,1,0,0,0,1,1,0,0,0,1,1,0,0.0,0.0,1,1,0,-1,-1,-1,6,0,69,66,91
274,32,1672,47,100,53,80,118,45,63,18,32,114,47,74,27,0.0019741992579733825,0.019197385887879097,45,82,37,1,3,2,9,3,28,51,20
275,6,108,27,74,47,17,21,27,28,1,6,8,27,32,5,0.00013615167296368154,0.0002042275094455223,30,30,0,4,4,4,12,1,2,78,4
276,2,618,27,100,73,4,22,27,41,14,2,22,27,44,17,3.4037918240920386e-05,0.02740052418394091,26,89,63,2,5,3,2,1,91,95,2
277,100,100,72,72,0,100,100,79,79,0,100,100,80,80,0,0.03543347288879812,0.04288777698355969,93,95,2,2,1,1,5,6,37,73,24
278,64,1704,54,100,46,164,198,66,72,6,64,122,54,75,21,0.005616256509751864,0.017189148711664794,54,78,24,1,2,2,15,6,7,73,38
279,397,603,100,100,0,112,112,93,93,0,112,112,93,93,0,0.05051227066952585,0.05514142755029102,96,97,1,3,2,2,4,36,79,2,57
280,0,0,1,1,0,0,0,1,1,0,0,0,1,1,0,0.0,0.0,1,1,0,-1,-1,-1,12,0,6,59,84
281,100,202,77,94,17,38,38,52,52,0,38,38,55,55,0,0.011232513019503728,0.011334626774226489,73,74,1,4,3,3,3,14,66,32,63
282,100,100,60,60,0,100,100,40,40,0,100,100,60,60,0,0.029919330133769018,0.029919330133769018,91,91,0,-1,1,1,14,18,25,5,99
283,0,616,1,99,98,0,62,1,35,34,0,32,1,42,41,0.0,0.004016474352428605,1,50,49,2,-1,3,11,0,33,86,75
284,281,383,96,98,2,358,358,95,95,0,281,281,96,96,0,0.026958031246808945,0.026958031246808945,88,88,0,4,2,2,17,20,20,23,60
285,2,208,27,94,67,4,12,27,31,4,2,12,27,36,9,3.4037918240920386e-05,0.009156200006807584,26,66,40,3,5,4,2,1,91,95,19
286,0,1640,1,100,99,0,46,1,80,79,0,46,1,81,80,0.0,0.05306511453759488,1,98,97,1,-1,2,2,0,89,92,62
287,27,1667,53,100,47,14,52,34,75,41,14,52,40,76,36,0.003608019333537561,0.04966132271350284,51,97,46,1,4,2,3,6,55,35,37
288,46,662,49,100,51,128,138,59,63,4,46,116,50,76,26,0.0028932230504782326,0.009258313761530345,49,64,15,2,2,2,14,2,8,83,31
289,0,0,1,1,0,0,0,1,1,0,0,0,1,1,0,0.0,0.0,1,1,0,-1,-1,-1,4,0,73,81,86
290,40,246,53,95,42,64,64,57,57,0,40,46,53,56,3,0.005207801490860819,0.005922597773920147,57,59,2,3,2,2,5,3,63,46,49
291,0,616,1,99,98,0,78,1,38,37,0,57,1,53,52,0.0,0.006535280302256714,1,55,54,2,-1,3,11,0,5,79,44
292,0,102,1,76,75,0,9,1,29,28,0,4,1,30,29,0.0,0.0007488342013002485,1,36,35,4,-1,5,5,0,70,79,51
293,0,0,1,1,0,0,0,1,1,0,0,0,1,1,0,0.0,0.0,1,1,0,-1,-1,-1,6,0,71,85,79
294,22,638,44,100,56,46,56,43,48,5,22,56,44,57,13,0.003437829742332959,0.010143299635794275,49,69,20,2,3,3,6,3,69,29,31
295,0,0,1,1,0,0,0,1,1,0,0,0,1,1,0,0.0,0.0,1,1,0,-1,-1,-1,8,0,39,98,36
296,22,638,43,100,57,68,78,41,46,5,22,78,43,60,17,0.0022465026039007454,0.007998910786616291,45,62,17,2,3,3,8,2,30,83,13
297,214,830,89,100,11,300,300,89,89,0,214,252,89,91,2,0.014806494434800367,0.020014295925661188,77,80,3,2,2,2,14,9,16,27,34
298,54,1694,54,100,46,94,118,45,67,22,54,118,54,78,24,0.006467204465774873,0.022328874366043774,57,85,28,1,3,2,9,7,29,62,24
299,304,304,94,94,0,128,128,93,93,0,128,128,93,93,0,0.03158718812757412,0.03158718812757412,88,88,0,-1,2,2,5,22,80,9,96
300,16,632,32,100,68,70,80,40,41,1,16,58,32,55,23,0.0023486163586235067,0.009734844616903231,43,67,24,2,3,3,9,2,29,94,25
301,104,720,75,100,25,220,240,73,76,3,104,178,75,87,12,0.007113924912352361,0.015351101126655093,60,78,18,2,2,2,16,6,4,26,27
302,0,616,1,100,99,0,46,1,49,48,0,46,1,52,51,0.0,0.01324075019571803,1,77,76,2,-1,3,5,1,37,45,12
303,47,663,55,100,45,64,64,59,59,0,64,64,63,63,0,0.0053439531638245,0.016610504101569147,55,78,23,2,3,3,4,6,53,35,17
304,0,0,1,1,0,0,0,1,1,0,0,0,1,1,0,0.0,0.0,1,1,0,-1,-1,-1,5,0,70,80,97
305,0,616,1,100,99,0,60,1,37,36,0,46,1,54,53,0.0,0.003608019333537561,1,51,50,2,-1,3,9,0,28,36,13
306,0,616,1,100,99,0,74,1,41,40,0,74,1,57,56,0.0,0.010075223799312433,1,67,66,2,-1,3,9,0,28,84,33
307,0,0,1,1,0,0,0,1,1,0,0,0,1,1,0,0.0,0.0,1,1,0,-1,-1,-1,8,0,27,98,50
308,432,432,99,99,0,200,200,93,93,0,200,200,93,93,0,0.037373634228530586,0.037373634228530586,97,97,0,-1,2,2,8,30,27,7,36
309,80,696,60,100,40,180,180,80,80,0,80,114,60,78,18,0.009564655025698629,0.013921508560536438,67,76,9,2,2,2,11,5,38,25,47
310,47,253,56,93,37,56,56,46,46,0,47,56,56,57,1,0.004799346471969774,0.009836958371625992,56,67,11,3,3,3,6,6,74,35,38
311,6,6,31,31,0,21,21,33,33,0,6,6,31,31,0,0.0004765308553728854,0.0004765308553728854,36,36,0,-1,4,4,7,1,62,88,97
312,128,229,83,89,6,184,184,82,82,0,128,129,83,83,0,0.015419176963136935,0.015419176963136935,76,76,0,5,2,2,10,9,22,39,68
313,16,222,36,91,55,40,40,42,42,0,16,40,36,52,16,0.002110350930937064,0.010109261717553355,46,70,24,3,3,3,5,2,61,94,8
314,0,101,1,75,74,0,14,1,25,24,0,1,1,25,24,0.0,0.0,1,1,0,5,-1,6,14,0,8,91,78
315,68,274,66,96,30,48,48,60,60,0,48,48,63,63,0,0.011709043874876613,0.014806494434800367,69,77,8,3,3,3,3,8,58,20,29
316,12,628,35,100,65,18,28,35,44,9,12,28,35,51,16,0.0026549576227917903,0.01606589740971442,48,79,31,2,4,3,3,2,94,75,30
317,230,230,91,91,0,196,196,72,72,0,196,196,88,88,0,0.017427414139351238,0.017427414139351238,80,80,0,-1,2,2,12,16,14,12,76
318,0,0,1,1,0,0,0,1,1,0,0,0,1,1,0,0.0,0.0,1,1,0,-1,-1,-1,10,0,1,89,45
319,100,100,63,63,0,100,100,47,47,0,100,100,63,63,0,0.05262262160046292,0.05262262160046292,98,98,0,-1,1,1,10,29,22,1,87
320,60,60,63,63,0,54,54,60,60,0,54,54,62,62,0,0.005173763572619898,0.005173763572619898,59,59,0,-1,3,3,4,5,78,47,36
321,161,777,93,100,7,80,80,96,96,0,80,80,96,96,0,0.03271043942952449,0.039279757650022125,93,95,2,2,2,2,2,15,98,16,94
322,0,0,1,1,0,0,0,1,1,0,0,0,1,1,0,0.0,0.0,1,1,0,-1,-1,-1,6,0,74,80,66
323,114,320,87,100,13,56,56,88,88,0,56,56,88,88,0,0.020695054290479593,0.02365635317743967,85,87,2,3,2,2,2,9,93,31,75
324,186,186,92,92,0,120,120,87,87,0,120,120,89,89,0,0.01943565131556554,0.01943565131556554,86,86,0,-1,2,2,6,18,32,5,85
325,1,102,25,86,61,2,2,25,25,0,1,2,25,28,3,0.00010211375472276115,0.00017018959120460194,29,30,1,6,6,6,2,1,97,95,68
326,158,1798,84,100,16,246,290,74,82,8,158,226,84,89,5,0.009394465434494027,0.022396950202525613,65,86,21,1,2,2,17,9,20,31,72
327,150,766,80,100,20,166,166,84,84,0,150,166,84,84,0,0.01412573606998196,0.03652268627250757,73,96,23,2,2,2,8,8,27,17,1
328,0,0,1,1,0,0,0,1,1,0,0,0,1,1,0,0.0,0.0,1,1,0,-1,-1,-1,2,1,99,69,93
329,136,752,87,100,13,102,112,93,96,3,102,112,93,96,3,0.019639878825011062,0.027604751693386432,82,88,6,2,2,2,4,8,84,8,31
330,2,2,26,26,0,16,16,26,26,0,2,2,26,26,0,3.4037918240920386e-05,3.4037918240920386e-05,26,26,0,-1,5,5,15,1,7,78,45
331,48,150,63,89,26,12,12,37,37,0,12,12,41,41,0,0.00707988699411144,0.007420266176520644,63,64,1,4,4,4,2,13,89,24,63
332,14,1654,40,100,60,26,60,37,54,17,14,60,40,59,19,0.001497668402600497,0.026923993328568024,42,86,44,1,4,2,5,3,70,43,31
333,0,0,1,1,0,0,0,1,1,0,0,0,1,1,0,0.0,0.0,1,1,0,-1,-1,-1,5,0,37,86,69
334,42,658,57,100,43,32,32,64,64,0,32,32,64,64,0,0.008271214132543654,0.021511964328261683,68,86,18,2,3,3,2,5,89,25,39
335,16,16,37,37,0,116,116,62,62,0,16,16,37,37,0,0.0037441710065012424,0.0037441710065012424,51,51,0,-1,3,3,11,1,19,90,91
336,0,206,1,90,89,0,14,1,28,27,0,6,1,28,27,0.0,0.00030634126416828345,1,33,32,3,-1,4,8,0,30,93,4
337,52,52,53,53,0,80,80,54,54,0,52,52,53,53,0,0.004322815616596889,0.004322815616596889,54,54,0,-1,2,2,6,3,40,43,97
338,0,206,1,95,94,0,8,1,31,30,0,6,1,31,30,0.0,0.002144388849177984,1,44,43,3,-1,4,2,0,95,91,46
339,118,218,79,93,14,126,126,80,80,0,126,126,83,83,0,0.012628067667381462,0.013410939786922631,74,74,0,4,2,2,7,9,62,27,51
340,16,632,31,100,69,43,68,30,34,4,16,40,31,44,13,0.0002723033459273631,0.0021784267674189047,32,43,11,2,3,3,14,1,25,65,54
341,100,100,70,70,0,100,100,53,53,0,100,100,70,70,0,0.05371183498417237,0.05374587290241329,99,99,0,5,1,1,9,29,31,1,78
342,18,120,41,77,36,50,50,36,36,0,18,20,41,42,1,0.0007147962830593281,0.0007488342013002485,36,36,0,4,3,3,8,2,15,63,95
343,71,687,56,100,44,180,180,70,70,0,71,131,56,76,20,0.005650294427992784,0.013547091459886314,55,72,17,2,3,3,15,6,7,35,27
344,18,120,41,77,36,74,74,44,44,0,18,18,41,41,0,0.00088498587426393,0.0009190237925048504,37,37,0,4,3,3,8,2,15,56,95
345,16,16,44,44,0,22,22,47,47,0,16,16,47,47,0,0.0030974505599237552,0.0030974505599237552,50,50,0,-1,3,3,2,2,89,94,99
346,56,56,51,51,0,92,92,51,51,0,56,56,52,52,0,0.004833384390210695,0.004833384390210695,51,51,0,-1,2,2,8,2,27,75,92
347,12,12,42,42,0,20,20,34,34,0,12,12,42,42,0,0.0008169100377820892,0.0008169100377820892,39,39,0,-1,4,4,4,2,84,74,99
348,100,100,59,59,0,100,100,45,45,0,100,100,59,59,0,0.047789237210252224,0.048674223084516154,96,96,0,2,1,1,10,22,0,9,61
349,100,100,61,61,0,100,100,40,40,0,100,100,61,61,0,0.02205657102011641,0.02205657102011641,83,83,0,-1,1,1,14,9,8,27,50
350,106,106,78,78,0,122,122,74,74,0,106,106,78,78,0,0.00976888253514415,0.00976888253514415,68,68,0,-1,2,2,8,7,57,48,69
351,24,24,44,44,0,68,68,42,42,0,24,24,44,44,0,0.0013274788113958951,0.0013274788113958951,40,40,0,-1,3,3,8,4,39,64,92
352,0,102,1,73,72,0,17,1,26,25,0,2,1,25,24,0.0,6.807583648184077e-05,1,27,26,4,-1,5,12,0,2,76,4
353,76,282,57,94,37,76,76,55,55,0,76,76,60,60,0,0.010415602981721638,0.01242384015793594,66,71,5,3,3,3,6,6,71,77,90
354,0,206,1,96,95,0,8,1,33,32,0,8,1,39,38,0.0,0.013649205214609075,1,74,73,3,-1,4,2,0,93,97,37
355,16,16,39,39,0,38,38,51,51,0,16,16,39,39,0,0.0024507301133462676,0.0024507301133462676,48,48,0,-1,3,3,3,1,82,53,98
356,149,149,90,90,0,56,56,86,86,0,56,56,86,86,0,0.039279757650022125,0.039279757650022125,96,96,0,-1,2,2,2,20,95,23,69
357,6,212,33,93,60,24,24,38,38,0,6,14,33,42,9,0.0011232513019503727,0.003642057251778481,41,52,11,3,4,4,4,1,72,71,83
358,0,206,1,94,93,0,12,1,39,38,0,12,1,41,40,0.0,0.021580040164743523,1,86,85,3,-1,4,2,0,90,59,1
359,0,102,1,80,79,0,4,1,27,26,0,2,1,27,26,0.0,0.00017018959120460194,1,29,28,4,-1,5,3,0,55,81,88
360,49,255,64,99,35,22,22,47,47,0,22,22,52,52,0,0.005582218591510943,0.00980292045338507,60,70,10,3,3,3,2,4,89,22,38
361,22,638,47,100,53,28,48,40,62,22,22,48,47,63,16,0.0020763130126961434,0.03298274277545185,45,92,47,2,3,3,3,2,82,83,2
362,2,104,27,84,57,4,4,29,29,0,2,4,27,31,4,0.0002042275094455223,0.0018720855032506212,32,44,12,4,5,5,2,1,98,60,83
363,60,266,58,94,36,74,74,64,64,0,59,74,58,69,11,0.006773545729943157,0.012628067667381462,59,73,14,3,2,2,5,6,88,41,72
364,98,1738,71,100,29,66,100,49,70,21,66,100,63,74,11,0.010177337554035196,0.039143605977058446,70,92,22,1,3,2,6,8,32,8,6
365,2,208,28,93,65,6,18,30,35,5,2,18,28,46,18,0.0,0.004220701861874128,1,54,53,3,5,4,3,1,64,95,47
366,0,206,1,93,92,0,10,1,31,30,0,9,1,37,36,0.0,0.002314578440382586,1,45,44,3,-1,4,3,0,58,96,70
367,0,102,1,78,77,0,7,1,27,26,0,2,1,27,26,0.0,6.807583648184077e-05,1,28,27,4,-1,5,6,0,32,93,4
368,164,164,92,92,0,48,48,67,67,0,48,48,70,70,0,0.020354675108070392,0.020354675108070392,86,86,0,-1,3,3,3,19,96,15,79
369,32,32,48,48,0,148,148,63,63,0,32,32,48,48,0,0.0020082371762143027,0.0020082371762143027,43,43,0,-1,3,3,13,2,13,52,97
370,2,104,29,79,50,14,14,29,29,0,2,6,29,32,3,3.4037918240920386e-05,0.0007147962830593281,27,35,8,4,5,5,9,1,26,95,51
371,24,640,48,100,52,78,98,47,52,5,24,98,48,68,20,0.0018040096667687805,0.02379250485040335,42,86,44,2,3,3,8,4,57,64,16
372,100,100,66,66,0,100,100,49,49,0,100,100,66,66,0,0.02913645801422785,0.029851254297287178,88,89,1,3,1,1,9,8,54,8,71
373,22,22,45,45,0,40,40,43,43,0,22,22,45,45,0,0.0030293747234419145,0.0030293747234419145,49,49,0,-1,3,3,5,2,49,83,93
374,66,682,64,100,36,32,32,58,58,0,32,32,60,60,0,0.006501242384015794,0.013376901868681712,58,75,17,2,3,3,2,6,91,28,47
375,0,616,1,100,99,0,38,1,46,45,0,38,1,52,51,0.0,0.012730181422104225,1,79,78,2,-1,3,3,0,75,92,33
376,22,228,47,94,47,28,28,42,42,0,22,28,47,50,3,0.0017359338302869397,0.003642057251778481,44,51,7,3,3,3,3,2,64,61,83
377,1,207,26,92,66,7,22,26,32,6,1,15,26,35,9,0.00010211375472276115,0.001157289220191293,30,38,8,3,6,4,7,1,46,78,64
378,174,790,90,100,10,72,72,77,77,0,72,72,77,77,0,0.020150447598624867,0.037373634228530586,85,93,8,2,2,2,3,17,82,6,5
379,0,616,1,100,99,0,40,1,43,42,0,40,1,52,51,0.0,0.01596378365499166,1,76,75,2,-1,3,5,0,70,40,23
380,8,8,37,37,0,24,24,37,37,0,8,8,37,37,0,0.001055175465468532,0.001055175465468532,39,39,0,-1,4,4,4,2,77,74,79
381,174,380,91,97,6,144,144,91,91,0,144,144,91,91,0,0.02314578440382586,0.02831954797644576,87,88,1,3,2,2,6,16,32,18,34
382,246,452,92,100,8,200,200,94,94,0,200,200,94,94,0,0.020354675108070392,0.02130773681881616,81,83,2,3,2,2,8,14,10,32,61
383,444,1060,98,100,2,336,336,97,97,0,336,336,97,97,0,0.03655672419074849,0.04067531229789986,92,93,1,2,2,2,12,29,3,0,13
384,0,206,1,93,92,0,14,1,34,33,0,14,1,42,41,0.0,0.004493005207801491,1,51,50,3,-1,4,3,0,92,82,62
385,16,632,31,100,69,90,100,39,39,0,16,32,31,41,10,0.0023486163586235067,0.0033357159876101976,45,51,6,2,3,3,14,2,25,94,71
386,142,758,82,100,18,54,64,55,58,3,54,64,58,62,4,0.013070560604513427,0.024371149460498995,76,90,14,2,3,3,4,14,53,14,20
387,0,0,1,1,0,0,0,1,1,0,0,0,1,1,0,0.0,0.0,1,1,0,-1,-1,-1,4,0,67,40,66
388,0,206,1,93,92,0,12,1,35,34,0,12,1,36,35,0.0,0.005786446100956465,1,57,56,3,-1,4,2,0,68,80,48
389,396,596,100,100,0,144,144,91,91,0,144,144,91,91,0,0.04394295244902822,0.04489601415977399,97,97,0,3,2,2,6,40,74,3,53
390,58,160,60,92,32,22,22,42,42,0,22,22,45,45,0,0.01058579257292624,0.010755982164130842,67,68,1,4,3,3,2,8,91,8,56
391,16,16,34,34,0,106,106,55,55,0,16,16,34,34,0,0.0029612988869600733,0.0029612988869600733,45,45,0,-1,3,3,11,2,33,94,92
392,120,120,75,75,0,158,158,74,74,0,120,120,75,75,0,0.006331052792811192,0.006331052792811192,59,59,0,-1,2,2,9,6,28,13,36
393,36,652,52,100,48,88,98,52,54,2,36,98,52,66,14,0.00439089145307873,0.018993158378433576,54,82,28,2,3,3,8,6,21,73,12
394,16,118,43,82,39,38,38,61,61,0,16,20,43,49,6,0.002995336805200994,0.004152626025392287,48,53,5,4,3,3,3,2,81,94,52
395,74,690,56,100,44,168,208,67,73,6,68,208,54,86,32,0.0053099152455835805,0.03175737771877872,56,92,36,2,2,2,14,6,25,41,3
396,100,100,67,67,0,100,100,66,66,0,100,100,72,72,0,0.07553014057660233,0.07573436808604786,100,100,0,4,1,1,6,36,59,2,60
397,28,234,44,92,48,64,64,41,41,0,28,34,44,46,2,0.0017018959120460194,0.00439089145307873,42,53,11,3,3,3,9,3,31,43,90
398,46,252,52,93,41,80,80,45,45,0,46,53,53,55,2,0.00353994349705572,0.0038462847612240037,49,51,2,3,2,2,9,2,31,83,56
399,12,218,37,96,59,18,18,36,36,0,12,18,37,44,7,0.0009530617107457708,0.008101024541339052,39,62,23,3,4,4,3,2,75,74,8
400,56,1696,54,100,46,196,230,73,86,13,56,230,54,93,39,0.005888559855679227,0.03516116954287076,57,93,36,1,2,2,12,3,6,29,7
401,254,254,92,92,0,190,190,91,91,0,190,190,91,91,0,0.025936893699581333,0.025936893699581333,87,87,0,-1,2,2,8,15,27,16,67
402,85,85,75,75,0,32,32,70,70,0,32,32,70,70,0,0.010007147962830594,0.010007147962830594,68,68,0,-1,3,3,2,13,95,24,93
403,110,316,72,97,25,154,154,66,66,0,110,116,72,75,3,0.010313489226998877,0.01147077844719017,72,74,2,3,2,2,10,6,0,34,51
404,0,0,1,1,0,0,0,1,1,0,0,0,1,1,0,0.0,0.0,1,1,0,-1,-1,-1,5,0,37,59,81
405,22,222,47,93,46,44,44,48,48,0,22,44,47,57,10,0.0020422750944552232,0.004561081044283332,46,55,9,3,3,3,4,2,47,52,35
406,0,616,1,100,99,0,48,1,35,34,0,35,1,48,47,0.0,0.004935498144933456,1,52,51,2,-1,3,9,0,35,67,28
407,182,182,94,94,0,96,96,90,90,0,96,96,90,90,0,0.03243813608359713,0.03243813608359713,93,93,0,-1,2,2,3,20,75,23,87
408,0,206,1,86,85,0,38,1,32,31,0,6,1,28,27,0.0,0.0023486163586235067,1,44,43,3,-1,4,11,0,5,82,90
409,0,206,1,92,91,0,17,1,31,30,0,8,1,33,32,0.0,0.00034037918240920387,1,32,31,3,-1,4,7,0,46,67,56
410,54,670,56,100,44,60,60,55,55,0,54,60,55,59,4,0.00704584907587052,0.010143299635794275,60,70,10,2,3,3,5,4,70,72,54
411,0,206,1,92,91,0,18,1,37,36,0,18,1,46,45,0.0,0.008543517478471017,1,65,64,3,-1,4,3,0,85,40,27
412,24,24,49,49,0,18,18,47,47,0,18,18,49,49,0,0.0018040096667687805,0.0018040096667687805,42,42,0,-1,3,3,2,4,99,64,85
413,82,282,69,96,27,64,64,70,70,0,64,64,70,70,0,0.011368664692467409,0.012287688484972258,69,71,2,3,3,3,4,8,84,20,61
414,0,206,1,97,96,0,8,1,34,33,0,8,1,40,39,0.0,0.0032336022328874367,1,49,48,3,-1,4,2,0,97,82,83
415,40,141,53,82,29,72,72,56,56,0,40,41,53,53,0,0.00353994349705572,0.0035739814152966403,52,52,0,5,2,2,6,2,74,42,68
416,92,292,75,98,23,38,38,57,57,0,38,38,60,60,0,0.016916845365737433,0.023179822322066782,81,87,6,3,3,3,3,17,85,6,25
417,0,616,1,100,99,0,60,1,39,38,0,60,1,55,54,0.0,0.01865277919602437,1,82,81,2,-1,3,9,0,35,67,1
418,136,237,83,93,10,158,158,78,78,0,136,137,86,86,0,0.012832295176826986,0.012934408931549747,72,72,0,5,2,2,9,8,29,17,68
419,76,692,56,100,44,168,178,68,69,1,76,119,56,82,26,0.007998910786616291,0.01320671227747711,64,74,10,2,3,3,13,6,13,34,44
420,86,702,70,100,30,70,80,67,73,6,70,80,71,74,3,0.01147077844719017,0.0333911977943429,72,91,19,2,3,3,5,6,70,77,0
421,106,722,76,100,24,142,142,78,78,0,106,142,76,81,5,0.009394465434494027,0.01851662752306069,64,78,14,2,2,2,8,7,27,48,17
422,0,206,1,90,89,0,36,1,33,32,0,12,1,34,33,0.0,0.0023486163586235067,1,46,45,3,-1,4,10,1,1,50,83
423,100,100,81,81,0,100,100,98,98,0,100,100,98,98,0,0.08271214132543654,0.08322271009905034,99,99,0,3,1,1,2,7,86,21,42
424,2,618,28,100,72,7,26,28,43,15,2,26,28,51,23,0.00017018959120460194,0.006467204465774873,31,59,28,2,5,3,4,1,84,95,35
425,0,616,1,100,99,0,24,1,42,41,0,24,1,50,49,0.0,0.012151536812008578,1,76,75,2,-1,3,3,0,55,84,44
426,100,100,60,60,0,100,100,50,50,0,100,100,60,60,0,0.05119302903434426,0.05119302903434426,98,98,0,-1,1,1,9,27,28,10,67
427,294,500,96,100,4,192,192,91,91,0,192,192,91,91,0,0.03012355764321454,0.03230198441063344,92,93,1,3,2,2,9,22,26,9,90
428,26,128,44,78,34,46,46,37,37,0,26,26,44,44,0,0.003914360597705844,0.003982436434187685,50,50,0,4,3,3,6,6,40,73,65
429,92,708,69,100,31,96,96,74,74,0,96,96,74,74,0,0.013513053541645392,0.030429898907382825,75,91,16,2,3,3,6,8,69,20,15
430,2,618,26,99,73,19,102,26,52,26,2,59,26,51,25,6.807583648184077e-05,0.005922597773920147,28,55,27,2,5,3,17,2,20,58,57
431,0,616,1,100,99,0,42,1,39,38,0,34,1,49,48,0.0,0.007284114503556962,1,64,63,2,-1,3,6,0,48,66,72
432,6,107,29,74,45,26,26,29,29,0,6,6,29,29,0,0.00017018959120460194,0.0002042275094455223,30,31,1,5,4,4,12,1,6,55,78
433,6,622,28,100,72,20,48,28,33,5,6,28,28,42,14,0.00013615167296368154,0.0023486163586235067,28,44,16,2,4,3,14,2,17,58,83
434,212,212,88,88,0,232,232,77,77,0,212,212,88,88,0,0.012525953912658701,0.012525953912658701,71,71,0,-1,2,2,14,14,16,32,59
435,46,252,57,97,40,38,38,51,51,0,38,38,54,54,0,0.005888559855679227,0.015146873617209572,56,76,20,3,3,3,3,6,94,35,32
436,32,238,48,93,45,148,148,63,63,0,32,38,48,49,1,0.0020082371762143027,0.0033357159876101976,43,47,4,3,3,3,13,2,13,52,53
437,0,0,1,1,0,0,0,1,1,0,0,0,1,1,0,0.0,0.0,1,1,0,-1,-1,-1,5,0,88,91,84
438,0,206,1,92,91,0,10,1,31,30,0,6,1,31,30,0.0,0.0026209197045508697,1,49,48,3,-1,4,3,0,64,36,90
439,421,523,99,100,1,152,152,96,96,0,152,152,96,96,0,0.052724735355185674,0.05405221416658157,99,99,0,4,2,2,5,36,80,2,73
440,203,819,94,100,6,144,144,91,91,0,144,144,91,91,0,0.025766704108376733,0.033255046121379216,88,90,2,2,2,2,6,15,32,16,25
441,40,246,55,95,40,52,52,76,76,0,40,52,69,76,7,0.004288777698355968,0.017325300384628477,54,81,27,3,2,2,3,1,55,53,23
442,0,616,1,100,99,0,28,1,37,36,0,24,1,46,45,0.0,0.004493005207801491,1,52,51,2,-1,3,5,0,88,36,41
443,0,616,1,100,99,0,30,1,42,41,0,30,1,50,49,0.0,0.006773545729943157,1,59,58,2,-1,3,4,0,73,79,57
444,117,323,86,100,14,56,56,84,84,0,56,56,85,85,0,0.023384049831512304,0.025222097416522007,88,88,0,3,2,2,2,9,98,39,46
445,16,1656,36,100,64,70,108,44,66,22,16,62,36,56,20,0.0021784267674189047,0.015555328636100617,46,77,31,1,3,2,9,2,35,94,52
446,0,616,1,100,99,0,100,1,46,45,0,100,1,62,61,0.0,0.019844106334456584,1,80,79,2,-1,3,10,0,22,81,9
447,100,100,60,60,0,100,100,52,52,0,100,100,60,60,0,0.026004969536063176,0.02661765206439974,89,89,0,3,1,1,9,13,29,24,64
448,100,100,67,67,0,100,100,54,54,0,100,100,67,67,0,0.027706865448109193,0.03100854351747847,88,90,2,2,1,1,8,9,27,31,35
449,88,294,67,95,28,110,110,80,80,0,88,94,67,68,1,0.010381565063480718,0.012798257258586064,70,76,6,3,2,2,6,4,48,72,90
450,134,750,79,100,21,80,80,53,53,0,80,80,60,60,0,0.010279451308757957,0.033969842404438545,70,92,22,2,3,3,5,9,52,31,11
451,144,760,85,100,15,284,294,86,86,0,144,178,85,87,2,0.009939072126348753,0.012491915994417782,67,72,5,2,2,2,16,7,4,21,43
452,12,628,41,100,59,20,30,37,42,5,12,28,41,53,12,0.002382654276864427,0.006603356138738555,48,63,15,2,4,3,4,2,72,75,94
453,2,208,26,89,63,14,56,27,34,7,2,14,26,33,7,3.4037918240920386e-05,0.002995336805200994,26,48,22,3,5,4,12,1,3,68,29
454,18,224,40,87,47,50,58,36,37,1,18,58,40,54,14,0.0006807583648184077,0.010858095918853602,35,67,32,3,3,3,8,2,27,56,12
455,88,294,60,97,37,154,154,72,72,0,88,106,60,77,17,0.007692569522448007,0.01065386840940808,62,71,9,3,2,2,10,4,36,72,28
456,0,206,1,93,92,0,14,1,31,30,0,8,1,35,34,0.0,0.0017018959120460194,1,43,42,3,-1,4,5,0,45,66,52
457,94,94,62,62,0,120,120,77,77,0,94,94,63,63,0,0.006739507811702236,0.006739507811702236,57,57,0,-1,2,2,6,5,40,47,96
458,2,104,28,76,48,4,4,28,28,0,2,2,28,28,0,3.4037918240920386e-05,0.00010211375472276115,28,30,2,4,5,5,3,1,64,68,60
459,16,16,33,33,0,32,32,28,28,0,16,16,33,33,0,0.0005446066918547262,0.0005446066918547262,34,34,0,-1,3,3,16,2,4,58,91
460,100,100,59,59,0,100,100,39,39,0,100,100,59,59,0,0.02379250485040335,0.02379250485040335,85,85,0,-1,1,1,14,8,16,17,96
461,138,138,85,85,0,200,200,96,96,0,138,138,85,85,0,0.013819394805813677,0.013819394805813677,76,76,0,-1,2,2,8,6,39,77,85
462,161,761,94,100,6,32,32,67,67,0,32,32,68,68,0,0.028728002995336805,0.042138942782259436,90,95,5,2,3,3,2,29,97,1,12
463,16,222,41,93,52,36,36,42,42,0,16,24,41,49,8,0.001497668402600497,0.0030974505599237552,42,48,6,3,3,3,5,1,70,53,83
464,6,6,29,29,0,28,28,31,31,0,6,6,29,29,0,0.00013615167296368154,0.00013615167296368154,28,28,0,-1,4,4,10,1,22,60,87
465,0,1640,1,100,99,0,62,1,79,78,0,62,1,80,79,0.0,0.06089383573300657,1,99,98,1,-1,2,3,0,94,84,2
466,52,52,65,65,0,12,12,37,37,0,12,12,42,42,0,0.007794683277170768,0.007794683277170768,66,66,0,-1,4,4,2,13,99,24,89
467,32,32,45,45,0,116,116,56,56,0,32,32,45,45,0,0.002382654276864427,0.002382654276864427,46,46,0,-1,3,3,14,2,16,75,66
468,88,294,71,95,24,72,72,77,77,0,72,72,77,77,0,0.013751318969331836,0.01504475986248681,78,78,0,3,2,2,3,9,82,27,83
469,54,156,55,85,30,70,70,54,54,0,54,56,55,55,0,0.00704584907587052,0.007147962830593281,61,61,0,4,3,3,5,4,50,38,55
470,16,118,37,79,42,68,68,46,46,0,16,18,37,42,5,0.003812246842983083,0.004016474352428605,53,53,0,4,3,3,8,1,21,90,88
471,24,24,50,50,0,22,22,49,49,0,22,22,53,53,0,0.0018720855032506212,0.0018720855032506212,44,44,0,-1,3,3,2,4,90,64,67
472,72,278,67,98,31,38,38,46,46,0,38,38,51,51,0,0.008407365805507334,0.010824058000612683,63,74,11,3,3,3,3,13,96,24,70
473,222,838,88,100,12,332,332,92,92,0,222,332,88,99,11,0.017903944994724124,0.039449947241226725,83,94,11,2,2,2,16,12,9,37,0
474,156,156,85,85,0,146,146,82,82,0,156,156,86,86,0,0.014023622315259198,0.014023622315259198,77,77,0,-1,2,2,8,8,57,8,79
475,12,114,36,85,49,18,18,38,38,0,12,18,36,43,7,0.0022465026039007454,0.0031314884781646754,45,48,3,4,4,4,3,2,96,83,51
476,126,742,79,100,21,184,184,78,78,0,126,184,79,86,7,0.012832295176826986,0.020252561353347628,72,82,10,2,2,2,10,8,18,20,77
477,100,100,69,69,0,100,100,70,70,0,100,100,72,72,0,0.05173763572619899,0.05296300078287212,98,98,0,3,1,1,6,16,65,18,51
478,0,0,1,1,0,0,0,1,1,0,0,0,1,1,0,0.0,0.0,1,1,0,-1,-1,-1,10,0,22,40,36
479,24,24,45,45,0,40,40,40,40,0,24,24,45,45,0,0.001157289220191293,0.001157289220191293,39,39,0,-1,3,3,5,4,50,64,93
480,2,208,28,91,63,11,18,29,32,3,2,10,28,35,7,3.4037918240920386e-05,0.0014636304843595766,29,41,12,3,5,4,7,1,62,95,83
481,6,212,29,90,61,21,44,29,34,5,6,32,29,47,18,0.0,0.0030634126416828346,1,51,50,3,4,4,10,1,11,95,28
482,6,6,30,30,0,12,12,30,30,0,6,6,30,30,0,0.0002042275094455223,0.0002042275094455223,32,32,0,-1,4,4,4,1,53,55,50
483,168,784,87,100,13,152,152,94,94,0,152,152,94,94,0,0.012764219340345145,0.015248987371932332,76,80,4,2,2,2,5,7,52,21,53
484,185,185,93,93,0,78,78,75,75,0,78,78,76,76,0,0.024983831988835564,0.024983831988835564,87,87,0,-1,2,2,4,15,73,16,45
485,0,206,1,93,92,0,13,1,29,28,0,8,1,35,34,0.0,0.0006467204465774873,1,35,34,3,-1,4,6,1,34,69,63
486,110,316,77,93,16,104,104,81,81,0,104,104,84,84,0,0.010211375472276116,0.01153885428367201,70,71,1,3,2,2,5,7,61,21,53
487,100,100,60,60,0,100,100,40,40,0,100,100,60,60,0,0.029919330133769018,0.05323530412879948,91,99,8,2,1,1,14,18,25,5,3
488,16,1656,34,100,66,90,124,46,65,19,16,74,34,59,25,0.003369753905851118,0.01929949964260186,52,80,28,1,3,2,10,1,11,90,72
489,176,382,87,97,10,174,174,78,78,0,174,174,87,87,0,0.015283025290173252,0.01695088328397835,78,78,0,3,2,2,10,13,11,33,83
490,52,668,58,100,42,32,32,58,58,0,32,32,59,59,0,0.008407365805507334,0.030225671397937304,63,91,28,2,3,3,2,5,68,25,0
491,0,102,1,81,80,0,6,1,29,28,0,4,1,30,29,0.0,0.0007488342013002485,1,37,36,4,-1,5,3,0,81,66,74
492,2,2,28,28,0,4,4,29,29,0,2,2,28,28,0,0.00017018959120460194,0.00017018959120460194,32,32,0,-1,5,5,2,1,86,4,89
493,128,128,80,80,0,120,120,78,78,0,120,120,78,78,0,0.012559991830899623,0.012559991830899623,72,72,0,-1,2,2,6,9,41,27,91
494,16,117,43,81,38,44,44,54,54,0,16,17,44,49,5,0.002927260968719153,0.0029612988869600733,48,48,0,5,3,3,4,3,77,46,95
495,138,138,82,82,0,236,236,81,81,0,138,138,82,82,0,0.007658531604207087,0.007658531604207087,62,62,0,-1,2,2,14,6,25,28,96
496,86,292,67,95,28,60,60,53,53,0,60,60,60,60,0,0.008577555396711936,0.01606589740971442,65,79,14,3,3,3,5,13,49,24,14
497,22,638,46,100,54,22,22,42,42,0,22,22,45,45,0,0.00176997174852786,0.00970080669866231,43,66,23,2,3,3,2,2,91,52,72
498,22,124,48,83,35,28,28,45,45,0,22,28,49,51,2,0.0012253650566731338,0.002757071377514551,37,48,11,4,3,3,3,2,94,74,70
499,100,100,64,64,0,100,100,44,44,0,100,100,64,64,0,0.02757071377514551,0.027740903366350114,89,89,0,4,1,1,13,13,13,33,88
500,166,372,83,96,13,144,144,89,89,0,144,144,90,90,0,0.016099935327955343,0.018244324177133328,79,80,1,3,2,2,6,9,40,27,70
501,277,379,98,100,2,112,112,94,94,0,112,112,94,94,0,0.03638653459954389,0.038394771775758195,94,94,0,4,2,2,4,29,78,0,41
502,16,632,34,100,66,40,76,32,37,5,16,62,34,54,20,0.00037441710065012424,0.00445896728956057,34,53,19,2,3,3,12,1,2,65,13
503,0,0,1,1,0,0,0,1,1,0,0,0,1,1,0,0.0,0.0,1,1,0,-1,-1,-1,9,0,35,59,85
504,0,0,1,1,0,0,0,1,1,0,0,0,1,1,0,0.0,0.0,1,1,0,-1,-1,-1,12,1,14,45,93
505,54,54,49,49,0,196,196,71,71,0,54,54,49,49,0,0.004833384390210695,0.004833384390210695,55,55,0,-1,3,3,16,4,4,22,80
506,1,617,26,100,74,4,34,26,38,12,1,34,26,50,24,3.4037918240920386e-05,0.013444977705163553,27,76,49,2,6,3,4,2,53,58,30
507,208,824,92,100,8,222,222,92,92,0,208,222,92,94,2,0.02032063718982947,0.02648150039143606,85,88,3,2,2,2,10,12,0,37,27
508,70,276,69,99,30,62,62,80,80,0,62,62,81,81,0,0.012628067667381462,0.021614078082984444,73,86,13,3,2,2,3,5,94,25,32
509,100,100,74,74,0,100,100,80,80,0,100,100,80,80,0,0.038394771775758195,0.038394771775758195,94,94,0,-1,1,1,5,8,45,44,96
510,0,0,1,1,0,0,0,1,1,0,0,0,1,1,0,0.0,0.0,1,1,0,-1,-1,-1,5,0,70,96,99
511,158,364,85,96,11,80,80,53,53,0,80,80,60,60,0,0.010858095918853602,0.016712617856291908,72,80,8,3,3,3,5,14,52,32,48
512,100,100,57,57,0,100,100,38,38,0,100,100,57,57,0,0.026277272881990537,0.026787841655604345,86,87,1,3,1,1,16,15,4,19,49
513,28,28,43,43,0,80,80,42,42,0,28,28,43,43,0,0.0019061234214915416,0.0019061234214915416,44,44,0,-1,3,3,10,3,0,43,98
514,0,101,1,71,70,0,7,1,25,24,0,1,1,25,24,0.0,0.0,1,1,0,6,-1,7,7,0,46,91,68
515,6,212,33,92,59,16,20,33,34,1,6,20,33,45,12,0.00034037918240920387,0.007556417849484326,34,63,29,3,4,4,4,1,47,4,20
516,6,206,31,96,65,12,12,37,37,0,6,12,31,41,10,0.0005786446100956465,0.005786446100956465,35,59,24,3,4,4,2,1,99,49,26
517,16,16,37,37,0,72,72,53,53,0,16,16,37,37,0,0.003267640151128357,0.003267640151128357,48,48,0,-1,3,3,6,3,41,46,91
518,0,616,1,100,99,0,110,1,57,56,0,110,1,75,74,0.0,0.016440314510364547,1,76,75,2,-1,3,10,0,12,89,6
519,128,744,86,100,14,56,56,80,80,0,56,56,81,81,0,0.01861874127778345,0.030736240171551108,83,93,10,2,2,2,2,14,91,32,5
520,0,1640,1,100,99,0,78,1,68,67,0,78,1,69,68,0.0,0.05548180673270023,1,96,95,1,-1,2,4,1,53,69,3
521,6,6,29,29,0,32,32,34,34,0,6,6,29,29,0,0.00013615167296368154,0.00013615167296368154,31,31,0,-1,4,4,8,1,10,4,99
522,214,420,90,98,8,174,174,76,76,0,174,174,86,86,0,0.019980258007420267,0.02032063718982947,82,82,0,3,2,2,10,17,18,6,63
523,0,101,1,86,85,0,2,1,24,23,0,1,1,24,23,0.0,0.00017018959120460194,1,30,29,5,-1,6,2,0,97,80,55
524,126,126,81,81,0,148,148,78,78,0,126,126,81,81,0,0.012185574730249497,0.012185574730249497,73,73,0,-1,2,2,9,8,35,17,80
525,16,118,46,86,40,22,22,48,48,0,16,22,47,50,3,0.003812246842983083,0.004016474352428605,52,52,0,4,3,3,2,2,95,94,56
526,12,12,32,32,0,20,20,30,30,0,12,12,32,32,0,0.0006126825283365669,0.0006126825283365669,34,34,0,-1,4,4,4,2,67,63,45
527,70,70,61,61,0,66,66,54,54,0,70,70,60,60,0,0.005990673610401988,0.005990673610401988,59,59,0,-1,3,3,6,6,74,26,45
528,63,269,65,95,30,54,54,55,55,0,54,54,60,60,0,0.007284114503556962,0.017529527894074,61,81,20,3,3,3,4,8,84,57,19
529,2,2,29,29,0,4,4,30,30,0,2,2,29,29,0,0.0002723033459273631,0.0002723033459273631,34,34,0,-1,5,5,2,1,97,88,99
530,100,100,69,69,0,100,100,76,76,0,100,100,76,76,0,0.045134279587460434,0.046734061744783686,95,96,1,3,1,1,5,13,80,33,64
531,160,776,86,100,14,302,302,88,88,0,160,238,86,93,7,0.010687906327649,0.019129310051397258,68,80,12,2,2,2,16,4,4,38,8
532,118,734,79,100,21,158,158,79,79,0,118,158,79,83,4,0.01153885428367201,0.022601177711971135,71,82,11,2,2,2,9,9,54,27,30
533,364,464,99,100,1,96,96,87,87,0,96,96,87,87,0,0.04428333163143742,0.04506620375097859,96,96,0,4,2,2,3,40,87,3,54
534,50,666,61,100,39,22,22,48,48,0,22,22,51,51,0,0.005071649817897137,0.017972020831205963,56,81,25,2,3,3,2,5,95,47,6
535,226,226,94,94,0,72,72,77,77,0,72,72,77,77,0,0.03311889444841554,0.03311889444841554,93,93,0,-1,2,2,3,27,64,10,40
536,0,206,1,92,91,0,22,1,32,31,0,19,1,42,41,0.0,0.003165526396405596,1,51,50,3,-1,4,5,0,63,89,22
537,87,293,64,94,30,76,76,54,54,0,76,76,60,60,0,0.00789679703189353,0.008305252050784574,63,63,0,3,3,3,6,8,41,44,63
538,0,101,1,76,75,0,5,1,25,24,0,1,1,25,24,0.0,0.0,1,1,0,6,-1,7,5,0,70,84,78
539,100,100,80,80,0,100,100,98,98,0,100,100,98,98,0,0.08655842608666053,0.09969706252765581,99,99,0,2,1,1,2,14,90,32,5
540,0,616,1,100,99,0,22,1,47,46,0,22,1,49,48,0.0,0.01242384015793594,1,75,74,2,-1,3,2,0,95,92,39
541,32,1672,43,100,57,80,114,40,59,19,32,104,43,75,32,0.002314578440382586,0.01783586915824228,46,78,32,1,3,2,10,2,12,52,17
542,90,90,61,61,0,112,112,70,70,0,90,90,62,62,0,0.006637394056979475,0.006637394056979475,59,59,0,-1,2,2,8,6,10,28,99
543,0,616,1,100,99,0,44,1,48,47,0,44,1,54,53,0.0,0.03100854351747847,1,91,90,2,-1,3,4,0,79,86,2
544,0,206,1,95,94,0,12,1,36,35,0,12,1,40,39,0.0,0.010892133837094524,1,71,70,3,-1,4,2,0,89,67,30
545,86,702,66,100,34,122,132,76,78,2,86,132,66,83,17,0.00881582082439838,0.02219272269308009,68,86,18,2,2,2,8,6,39,34,6
546,22,22,40,40,0,106,106,55,55,0,22,22,40,40,0,0.0007147962830593281,0.0007147962830593281,35,35,0,-1,3,3,17,2,20,56,99
547,0,0,1,1,0,0,0,1,1,0,0,0,1,1,0,0.0,0.0,1,1,0,-1,-1,-1,10,0,12,87,76
548,88,688,60,100,40,154,154,72,72,0,88,116,60,78,18,0.007692569522448007,0.014738418598318526,62,79,17,2,2,2,10,4,36,72,20
549,40,246,55,95,40,110,110,81,81,0,40,110,55,84,29,0.005412029000306341,0.012185574730249497,57,73,16,3,2,2,6,3,32,46,8
550,126,126,80,80,0,136,136,81,81,0,126,126,84,84,0,0.013138636440995268,0.013138636440995268,77,77,0,-1,2,2,7,8,46,17,59
551,0,206,1,90,89,0,32,1,31,30,0,7,1,33,32,0.0,0.0010892133837094523,1,38,37,3,-1,4,8,1,39,45,61
552,0,0,1,1,0,0,0,1,1,0,0,0,1,1,0,0.0,0.0,1,1,0,-1,-1,-1,11,0,19,99,82
553,0,0,1,1,0,0,0,1,1,0,0,0,1,1,0,0.0,0.0,1,1,0,-1,-1,-1,7,0,43,97,36
554,16,222,40,93,53,90,90,49,49,0,16,25,40,46,6,0.0030634126416828346,0.0038462847612240037,46,49,3,3,3,3,9,2,26,94,64
555,130,130,82,82,0,128,128,93,93,0,128,128,93,93,0,0.01674665577453283,0.01674665577453283,80,80,0,-1,2,2,5,8,37,20,82
556,100,100,67,67,0,100,100,57,57,0,100,100,67,67,0,0.02658361414615882,0.03761189965621702,88,95,7,2,1,1,8,6,21,34,5
557,67,67,62,62,0,54,54,53,53,0,54,54,57,57,0,0.007522379931243405,0.007522379931243405,63,63,0,-1,3,3,4,8,79,44,40
558,0,616,1,100,99,0,66,1,48,47,0,66,1,62,61,0.0,0.02978317846080534,1,90,89,2,-1,3,6,0,32,84,3
559,56,672,51,100,49,92,102,51,62,11,56,80,52,57,5,0.004833384390210695,0.007726607440688927,51,62,11,2,2,2,8,2,27,75,43
560,161,262,93,97,4,80,80,96,96,0,80,80,96,96,0,0.03271043942952449,0.03274447734776541,93,93,0,5,2,2,2,15,98,16,4
561,8,8,35,35,0,14,14,34,34,0,8,8,35,35,0,0.0008509479560230097,0.0008509479560230097,38,38,0,-1,4,4,3,3,55,51,82
562,120,221,80,93,13,164,164,77,77,0,120,121,80,81,1,0.00891793457912114,0.008951972497362062,67,67,0,5,2,2,10,7,36,21,68
563,226,826,91,100,9,144,144,92,92,0,144,144,92,92,0,0.021443888491779844,0.0459171517070016,83,96,13,2,2,2,6,18,41,5,3
564,134,750,83,100,17,118,118,91,91,0,118,118,91,91,0,0.011368664692467409,0.0247115286429082,72,87,15,2,2,2,5,6,80,13,18
565,40,656,44,100,56,128,128,59,59,0,40,124,44,77,33,0.0019741992579733825,0.01412573606998196,43,72,29,2,2,2,14,1,8,71,30
566,203,203,94,94,0,144,144,91,91,0,144,144,91,91,0,0.025766704108376733,0.025766704108376733,88,88,0,-1,2,2,6,15,32,16,87
567,297,399,97,100,3,88,88,81,81,0,88,88,81,81,0,0.03628442084482113,0.03652268627250757,94,94,0,4,2,2,4,29,73,1,63
568,0,616,1,100,99,0,100,1,44,43,0,100,1,58,57,0.0,0.014568229007113924,1,79,78,2,-1,3,10,0,0,98,30
569,132,332,83,95,12,216,216,96,96,0,132,134,83,83,0,0.012900371013308825,0.01334286395044079,74,74,0,3,2,2,9,5,35,25,63
570,366,566,98,100,2,168,168,96,96,0,168,168,96,96,0,0.036760951700194014,0.03744171006501242,93,93,0,3,2,2,6,27,48,10,75
571,58,264,67,98,31,32,32,63,63,0,32,32,64,64,0,0.011300588855985567,0.014738418598318526,70,75,5,3,3,3,2,8,86,17,22
572,98,98,78,78,0,48,48,64,64,0,48,48,66,66,0,0.011334626774226489,0.011334626774226489,69,69,0,-1,3,3,3,14,85,14,40
573,24,24,52,52,0,28,28,44,44,0,24,24,52,52,0,0.0026209197045508697,0.0026209197045508697,50,50,0,-1,3,3,3,3,76,54,81
574,0,0,1,1,0,0,0,1,1,0,0,0,1,1,0,0.0,0.0,1,1,0,-1,-1,-1,4,0,77,84,85
575,0,616,1,100,99,0,56,1,44,43,0,56,1,58,57,0.0,0.020797168045202357,1,85,84,2,-1,3,6,0,48,82,11
576,100,100,73,73,0,100,100,82,82,0,100,100,82,82,0,0.034820790360461554,0.034820790360461554,92,92,0,-1,1,1,5,6,88,35,66
577,0,206,1,94,93,0,20,1,35,34,0,20,1,41,40,0.0,0.00527587732734266,1,54,53,3,-1,4,4,0,53,92,31
578,0,101,1,86,85,0,2,1,24,23,0,1,1,24,23,0.0,0.0002042275094455223,1,30,29,5,-1,6,2,0,97,91,88
579,126,332,82,96,14,94,94,68,68,0,94,94,71,71,0,0.017223186629905716,0.025222097416522007,80,88,8,3,2,2,5,12,50,37,14
580,281,487,97,100,3,256,256,96,96,0,256,256,96,96,0,0.025358249089485686,0.02917049593246877,87,88,1,3,2,2,10,20,1,23,26
581,0,102,1,75,74,0,12,1,28,27,0,2,1,26,25,0.0,0.0004765308553728854,1,33,32,4,-1,5,6,0,65,87,49
582,100,100,66,66,0,100,100,52,52,0,100,100,66,66,0,0.05017189148711665,0.06164266993430682,99,99,0,2,1,1,8,29,15,11,37
583,16,16,40,40,0,20,20,44,44,0,16,16,40,40,0,0.0009530617107457708,0.0009530617107457708,35,35,0,-1,3,3,3,1,94,4,89
584,0,616,1,100,99,0,44,1,47,46,0,44,1,53,52,0.0,0.0298852922155281,1,90,89,2,-1,3,4,0,83,97,2
585,390,1006,98,100,2,264,264,98,98,0,264,264,98,98,0,0.03403791824092039,0.04115184315327275,92,94,2,2,2,2,9,22,28,9,72
586,100,100,59,59,0,100,100,39,39,0,100,100,59,59,0,0.026958031246808945,0.04932094353109364,89,98,9,2,1,1,14,15,16,19,7
587,0,0,1,1,0,0,0,1,1,0,0,0,1,1,0,0.0,0.0,1,1,0,-1,-1,-1,10,0,36,76,93
588,6,6,31,31,0,14,14,36,36,0,6,6,31,31,0,0.0005446066918547262,0.0005446066918547262,37,37,0,-1,4,4,3,1,85,49,45
589,100,100,62,62,0,100,100,45,45,0,100,100,62,62,0,0.04915075393988903,0.05337145580176316,99,100,1,2,1,1,12,29,3,11,35
590,1,617,25,100,75,3,38,25,45,20,1,38,25,50,25,0.0,0.02188638142891181,1,87,86,2,6,3,3,1,96,68,9
591,0,1640,1,100,99,0,78,1,67,66,0,78,1,70,69,0.0,0.04060723646141802,1,94,93,1,-1,2,4,1,83,45,5
592,166,372,91,99,8,96,96,89,89,0,96,96,89,89,0,0.021920419347152727,0.030600088498587426,86,90,4,3,2,2,3,15,64,19,33
593,149,149,90,90,0,56,56,86,86,0,56,56,86,86,0,0.039279757650022125,0.039279757650022125,96,96,0,-1,2,2,2,20,95,23,36
594,6,6,34,34,0,12,12,39,39,0,6,6,34,34,0,0.0021784267674189047,0.0021784267674189047,45,45,0,-1,4,4,2,2,93,94,76
595,40,40,47,47,0,66,66,44,44,0,40,40,47,47,0,0.003437829742332959,0.003437829742332959,46,46,0,-1,2,2,6,1,51,71,45
596,24,640,44,100,56,56,76,44,53,9,24,76,44,65,21,0.0016678579938050988,0.02757071377514551,39,90,51,2,3,3,6,4,56,64,16
597,244,860,94,100,6,160,160,91,91,0,160,160,91,91,0,0.024881718234112803,0.027979168794036557,88,88,0,2,2,2,7,15,43,16,70
598,216,318,93,96,3,116,116,76,76,0,116,116,80,80,0,0.022328874366043774,0.022567139793730217,84,84,0,4,2,2,7,19,62,15,49
599,168,168,90,90,0,72,72,80,80,0,72,72,80,80,0,0.020082371762143027,0.020082371762143027,84,84,0,-1,2,2,3,18,66,5,98
600,0,616,1,100,99,0,58,1,41,40,0,53,1,54,53,0.0,0.007318152421797883,1,60,59,2,-1,3,9,0,26,66,48
601,0,102,1,82,81,0,5,1,29,28,0,2,1,28,27,0.0,0.000442492937131965,1,33,32,4,-1,5,3,0,60,67,49
602,0,0,1,1,0,0,0,1,1,0,0,0,1,1,0,0.0,0.0,1,1,0,-1,-1,-1,2,0,91,85,45
603,0,616,1,100,99,0,86,1,42,41,0,72,1,61,60,0.0,0.01327478811395895,1,73,72,2,-1,3,10,0,12,66,37
604,96,96,69,69,0,148,148,79,79,0,96,96,69,69,0,0.009360427516253106,0.009360427516253106,69,69,0,-1,2,2,9,7,31,48,40
605,192,192,88,88,0,210,210,81,81,0,210,210,91,91,0,0.011913271384322134,0.011913271384322134,69,69,0,-1,2,2,12,14,14,32,66
606,0,206,1,95,94,0,12,1,36,35,0,12,1,40,39,0.0,0.019027196296674494,1,82,81,3,-1,4,2,0,89,80,0
607,100,716,65,100,35,94,94,68,68,0,94,94,73,73,0,0.012559991830899623,0.027162258756254467,74,87,13,2,2,2,5,6,61,77,15
608,78,180,57,88,31,104,104,73,73,0,78,80,58,59,1,0.00803294870485721,0.008135062459579971,60,60,0,4,2,2,5,7,52,62,55
609,2,1642,28,100,72,6,56,28,54,26,2,56,28,57,29,6.807583648184077e-05,0.025970931617822254,28,84,56,1,5,2,5,1,70,68,31
610,210,210,91,91,0,104,104,82,82,0,104,104,83,83,0,0.021239660982334322,0.021239660982334322,84,84,0,-1,2,2,5,16,50,12,96
611,6,212,32,95,63,8,8,32,32,0,6,8,32,37,5,0.0004765308553728854,0.0038462847612240037,34,52,18,3,4,4,2,1,95,88,47
612,0,206,1,92,91,0,34,1,33,32,0,12,1,35,34,0.0,0.0012934408931549745,1,39,38,3,-1,4,9,0,35,93,61
613,199,405,91,99,8,136,136,86,86,0,136,136,87,87,0,0.024507301133462677,0.02818339630348208,87,88,1,3,2,2,7,15,62,16,47
614,0,206,1,90,89,0,14,1,29,28,0,8,1,34,33,0.0,0.0008509479560230097,1,38,37,3,-1,4,6,1,74,50,51
615,478,580,100,100,0,304,304,100,100,0,304,304,100,100,0,0.03492290411518432,0.03492290411518432,91,91,0,4,2,2,10,27,0,10,95
616,258,874,95,100,5,198,208,83,88,5,198,208,91,91,0,0.019265461724360937,0.024983831988835564,83,88,5,2,2,2,10,16,0,12,31
617,0,616,1,100,99,0,45,1,33,32,0,25,1,44,43,0.0,0.0025188059498281084,1,45,44,2,-1,3,12,0,3,79,41
618,16,632,41,100,59,48,48,62,62,0,16,48,41,63,22,0.0031314884781646754,0.02474556656114912,51,88,37,2,3,3,3,3,64,46,10
619,0,102,1,82,81,0,6,1,28,27,0,5,1,30,29,0.0,0.002314578440382586,1,44,43,4,-1,5,3,0,85,93,70
620,78,694,57,100,43,128,128,72,72,0,78,128,57,82,25,0.0088498587426393,0.017087034956942034,67,78,11,2,2,2,9,4,35,38,20
621,0,0,1,1,0,0,0,1,1,0,0,0,1,1,0,0.0,0.0,1,1,0,-1,-1,-1,3,1,92,69,50
622,222,222,88,88,0,332,332,92,92,0,222,222,88,88,0,0.017903944994724124,0.017903944994724124,83,83,0,-1,2,2,16,12,9,37,69
623,0,0,1,1,0,0,0,1,1,0,0,0,1,1,0,0.0,0.0,1,1,0,-1,-1,-1,10,1,11,69,98
624,0,0,1,1,0,0,0,1,1,0,0,0,1,1,0,0.0,0.0,1,1,0,-1,-1,-1,4,0,73,36,45
625,64,680,54,100,46,164,174,66,66,0,64,88,54,56,2,0.005616256509751864,0.007420266176520644,54,59,5,2,2,2,15,6,7,73,54
626,0,206,1,96,95,0,12,1,34,33,0,12,1,42,41,0.0,0.003778208924742163,1,55,54,3,-1,4,2,0,86,67,22
627,100,100,73,73,0,100,100,94,94,0,100,100,94,94,0,0.03686306545491678,0.03686306545491678,97,97,0,-1,1,1,4,1,67,69,93
628,0,0,1,1,0,0,0,1,1,0,0,0,1,1,0,0.0,0.0,1,1,0,-1,-1,-1,4,0,73,80,89
629,0,616,1,100,99,0,28,1,39,38,0,28,1,48,47,0.0,0.00970080669866231,1,73,72,2,-1,3,3,0,82,66,20
630,89,89,64,64,0,148,148,78,78,0,89,89,64,64,0,0.006603356138738555,0.006603356138738555,58,58,0,-1,2,2,9,6,54,28,76
631,0,206,1,97,96,0,12,1,38,37,0,12,1,43,42,0.0,0.006671431975220395,1,62,61,3,-1,4,2,0,97,80,27
632,62,164,57,87,30,104,104,81,81,0,62,64,58,59,1,0.004186663943633207,0.00439089145307873,54,55,1,4,2,2,5,6,61,70,88
633,0,102,1,75,74,0,13,1,26,25,0,2,1,26,25,0.0,0.0,1,1,0,4,-1,5,10,1,12,50,95
634,0,102,1,81,80,0,5,1,27,26,0,2,1,27,26,0.0,0.0006467204465774873,1,36,35,4,-1,5,3,0,96,87,71
635,12,114,35,82,47,18,18,35,35,0,12,18,35,45,10,0.0026549576227917903,0.004731270635487933,48,52,4,4,4,4,3,2,94,75,22
636,125,741,76,100,24,204,204,79,79,0,125,204,76,87,11,0.00891793457912114,0.02501786990707648,61,85,24,2,2,2,11,8,5,57,23
637,6,622,29,100,71,28,64,33,38,5,6,64,29,55,26,0.00037441710065012424,0.012900371013308825,35,76,41,2,4,3,8,1,10,88,30
638,180,780,84,100,16,206,206,91,91,0,180,206,85,91,6,0.018040096667687803,0.0318935293917424,80,91,11,2,2,2,9,9,54,39,23
639,90,90,68,68,0,60,60,51,51,0,60,60,57,57,0,0.00803294870485721,0.00803294870485721,64,64,0,-1,3,3,5,9,37,31,80
640,100,100,60,60,0,100,100,40,40,0,100,100,60,60,0,0.0489124885122026,0.05262262160046292,98,99,1,2,1,1,14,29,25,1,38
641,0,206,1,92,91,0,28,1,32,31,0,19,1,41,40,0.0,0.003199564314646516,1,49,48,3,-1,4,6,0,65,86,22
642,291,291,97,97,0,112,112,93,93,0,112,112,93,93,0,0.03829265802103543,0.03829265802103543,94,94,0,-1,2,2,4,29,47,11,85
643,100,100,66,66,0,100,100,45,45,0,100,100,66,66,0,0.047959426801456824,0.0622893903808843,97,99,2,2,1,1,10,22,1,9,18
644,42,658,54,100,46,98,108,53,66,13,42,108,55,78,23,0.007760645358929848,0.014568229007113924,64,77,13,2,3,3,8,6,57,34,48
645,46,662,54,100,46,70,80,51,53,2,46,80,54,62,8,0.004561081044283332,0.013002484768031588,53,76,23,2,2,2,6,2,48,74,20
646,0,0,1,1,0,0,0,1,1,0,0,0,1,1,0,0.0,0.0,1,1,0,-1,-1,-1,4,0,83,93,85
647,100,100,69,69,0,100,100,55,55,0,100,100,69,69,0,0.02375846693216243,0.02375846693216243,85,85,0,-1,1,1,9,5,26,47,67
648,0,1640,1,100,99,0,132,1,63,62,0,100,1,60,59,0.0,0.015351101126655093,1,78,77,1,-1,2,12,0,14,89,21
649,0,0,1,1,0,0,0,1,1,0,0,0,1,1,0,0.0,0.0,1,1,0,-1,-1,-1,10,0,22,84,82
650,76,276,60,94,34,96,96,63,63,0,76,96,62,67,5,0.012151536812008578,0.01320671227747711,72,74,2,3,2,2,7,6,62,34,70
651,92,92,69,69,0,96,96,74,74,0,96,96,74,74,0,0.013513053541645392,0.013513053541645392,75,75,0,-1,3,3,6,8,69,20,92
652,188,188,91,91,0,110,110,82,82,0,110,110,83,83,0,0.019095272133156337,0.019095272133156337,83,83,0,-1,2,2,6,18,56,5,69
653,278,878,94,100,6,158,158,97,97,0,158,158,97,97,0,0.033799652813233945,0.04142414649920011,95,96,1,2,2,2,6,22,71,9,14
654,16,1656,43,100,57,24,78,37,74,37,15,78,43,76,33,0.0034037918240920387,0.045508696688110556,52,96,44,1,4,2,4,6,77,41,6
655,126,228,92,99,7,32,32,67,67,0,32,32,68,68,0,0.026651689982640663,0.027911092957554715,88,89,1,4,3,3,2,22,97,9,53
656,0,206,1,94,93,0,14,1,31,30,0,14,1,40,39,0.0,0.011266550937744648,1,75,74,3,-1,4,3,1,96,45,18
657,84,84,71,71,0,72,72,85,85,0,72,72,85,85,0,0.012968446849790666,0.012968446849790666,74,74,0,-1,2,2,3,6,94,26,45
658,66,272,69,97,28,38,38,59,59,0,38,38,62,62,0,0.006773545729943157,0.012219612648490419,61,73,12,3,3,3,3,6,92,13,24
659,0,616,1,100,99,0,58,1,38,37,0,58,1,52,51,0.0,0.008986010415602982,1,63,62,2,-1,3,8,0,42,80,32
660,0,616,1,99,98,0,33,1,31,30,0,16,1,34,33,0.0,0.0009190237925048504,1,37,36,2,-1,3,11,0,5,85,4
661,20,122,46,80,34,34,34,43,43,0,20,22,46,46,0,0.0011232513019503727,0.0026209197045508697,39,48,9,4,3,3,4,3,79,43,46
662,100,716,63,100,37,144,154,70,71,1,100,154,63,85,22,0.010109261717553355,0.02546036284420845,69,88,19,2,2,2,10,6,36,35,18
663,2,2,29,29,0,14,14,29,29,0,2,2,29,29,0,0.00013615167296368154,0.00013615167296368154,30,30,0,-1,5,5,9,1,26,65,67
664,0,0,1,1,0,0,0,1,1,0,0,0,1,1,0,0.0,0.0,1,1,0,-1,-1,-1,2,0,93,76,79
665,46,147,57,90,33,38,38,51,51,0,38,38,54,54,0,0.005888559855679227,0.005888559855679227,56,56,0,5,3,3,3,6,94,35,95
666,348,948,96,100,4,176,176,85,85,0,176,176,89,89,0,0.032165832737669764,0.041219918989754585,88,95,7,2,2,2,8,29,42,0,20
667,184,800,92,100,8,48,48,69,69,0,48,48,70,70,0,0.021920419347152727,0.02818339630348208,88,89,1,2,3,3,3,19,55,15,72
668,40,656,47,100,53,70,106,40,57,17,40,75,47,54,7,0.002144388849177984,0.006126825283365669,45,54,9,2,2,2,10,1,0,88,41
669,40,656,48,99,51,156,166,66,66,0,40,87,48,58,10,0.002995336805200994,0.009326389598012186,50,69,19,2,2,2,12,1,6,53,44
670,1,1,24,24,0,3,3,24,24,0,1,1,24,24,0,0.0,0.0,1,1,0,-1,6,6,3,1,92,78,40
671,135,341,86,99,13,64,64,70,70,0,64,64,70,70,0,0.016440314510364547,0.017529527894074,80,80,0,3,3,3,4,15,84,19,61
672,0,616,1,100,99,0,56,1,44,43,0,56,1,58,57,0.0,0.016338200755641786,1,81,80,2,-1,3,6,0,48,81,15
673,56,56,59,59,0,70,70,67,67,0,56,56,58,58,0,0.010245413390517035,0.010245413390517035,70,70,0,-1,3,3,5,5,70,25,86
674,190,806,88,100,12,228,228,89,89,0,190,228,88,91,3,0.015351101126655093,0.020252561353347628,78,82,4,2,2,2,11,9,38,27,44
675,70,1710,67,100,33,48,72,59,78,19,48,72,63,79,16,0.006024711528642908,0.06099594948772933,58,97,39,1,3,2,3,6,75,28,7
676,72,278,61,95,34,60,60,51,51,0,60,60,57,57,0,0.008611593314952858,0.01766567956703768,67,81,14,3,3,3,5,7,37,48,32
677,326,428,96,98,2,168,168,93,93,0,168,168,94,94,0,0.03230198441063344,0.03315293236665646,90,90,0,4,2,2,6,27,44,10,74
678,0,0,1,1,0,0,0,1,1,0,0,0,1,1,0,0.0,0.0,1,1,0,-1,-1,-1,4,1,79,69,92
679,0,206,1,90,89,0,22,1,33,32,0,22,1,44,43,0.0,0.005480104836788182,1,59,58,3,-1,4,5,0,80,36,44
680,100,100,61,61,0,100,100,44,44,0,100,100,61,61,0,0.049389019367575476,0.049389019367575476,98,98,0,-1,1,1,12,29,6,0,84
681,22,1662,38,100,62,86,132,36,59,23,22,62,38,50,12,0.00037441710065012424,0.008645631233193778,34,61,27,1,3,2,15,2,7,56,53
682,0,616,1,100,99,0,78,1,46,45,0,54,1,57,56,0.0,0.009292351679771264,1,69,68,2,-1,3,8,0,39,82,77
683,12,12,38,38,0,38,38,34,34,0,12,12,38,38,0,0.0011913271384322134,0.0011913271384322134,40,40,0,-1,4,4,9,3,26,51,99
684,106,106,74,74,0,184,184,82,82,0,106,106,74,74,0,0.009598692943939549,0.009598692943939549,66,66,0,-1,2,2,10,7,22,48,97
685,42,1682,52,100,48,118,156,62,67,5,42,100,53,61,8,0.0014636304843595766,0.013547091459886314,41,75,34,1,2,2,12,2,14,56,70
686,151,357,88,100,12,48,48,66,66,0,48,48,67,67,0,0.023111746485584943,0.02736648626569999,87,88,1,3,3,3,3,15,76,16,34
687,119,219,87,98,11,46,46,83,83,0,46,46,83,83,0,0.019367575479083698,0.019707954661492902,82,82,0,4,2,2,2,18,99,5,42
688,0,616,1,100,99,0,36,1,33,32,0,16,1,35,34,0.0,0.003812246842983083,1,50,49,2,-1,3,7,0,46,86,90
689,16,117,35,79,44,86,86,43,43,0,16,17,35,39,4,0.002280540522141666,0.0023486163586235067,45,45,0,5,3,3,10,1,36,53,95
690,100,100,67,67,0,100,100,54,54,0,100,100,67,67,0,0.036760951700194014,0.036760951700194014,93,93,0,-1,1,1,9,16,35,12,82
691,0,206,1,92,91,0,18,1,34,33,0,18,1,46,45,0.0,0.009020048333843901,1,65,64,3,-1,4,3,0,87,96,33
692,0,102,1,76,75,0,13,1,26,25,0,2,1,26,25,0.0,0.0002042275094455223,1,31,30,4,-1,5,11,0,38,66,55
693,0,0,1,1,0,0,0,1,1,0,0,0,1,1,0,0.0,0.0,1,1,0,-1,-1,-1,6,0,40,97,93
694,0,206,1,90,89,0,48,1,36,35,0,48,1,51,50,0.0,0.008271214132543654,1,62,61,3,-1,4,8,0,30,91,32
695,14,116,45,85,40,12,12,35,35,0,12,12,42,42,0,0.0019061234214915416,0.004561081044283332,45,54,9,4,4,4,2,3,98,54,73
696,0,206,1,92,91,0,14,1,34,33,0,14,1,42,41,0.0,0.004595118962524252,1,56,55,3,-1,4,3,0,76,36,44
697,0,101,1,77,76,0,10,1,25,24,0,1,1,25,24,0.0,6.807583648184077e-05,1,28,27,5,-1,6,10,0,1,79,78
698,54,260,58,95,37,86,86,62,62,0,54,86,58,67,9,0.006569318220497634,0.012185574730249497,59,73,14,3,3,3,6,4,32,38,44
699,0,206,1,90,89,0,20,1,33,32,0,20,1,45,44,0.0,0.007862759113652609,1,65,64,3,-1,4,4,1,79,50,27
700,247,247,95,95,0,72,72,86,86,0,72,72,86,86,0,0.034105994077402224,0.034105994077402224,91,91,0,-1,2,2,3,29,92,1,59
701,2,618,26,100,74,17,86,27,35,8,2,88,26,56,30,0.00010211375472276115,0.008475441641989176,28,61,33,2,5,3,15,1,7,68,32
702,0,616,1,100,99,0,26,1,36,35,0,26,1,43,42,0.0,0.007488342013002485,1,62,61,2,-1,3,4,0,67,87,26
703,100,100,65,65,0,100,100,45,45,0,100,100,65,65,0,0.037339596310289665,0.037339596310289665,94,94,0,-1,1,1,10,16,12,18,89
704,202,202,94,94,0,96,96,92,92,0,96,96,92,92,0,0.02648150039143606,0.02648150039143606,90,90,0,-1,2,2,3,18,96,5,84
705,2,2,26,26,0,9,9,26,26,0,2,2,26,26,0,0.0,0.0,1,1,0,-1,5,5,8,1,42,68,99
706,72,688,61,100,39,60,60,51,51,0,60,60,57,57,0,0.008611593314952858,0.012491915994417782,67,74,7,2,3,3,5,7,37,48,29
707,0,616,1,100,99,0,48,1,31,30,0,18,1,38,37,0.0,0.0010211375472276116,1,37,36,2,-1,3,14,0,25,96,56
708,248,1888,93,100,7,264,288,93,96,3,264,288,94,96,2,0.0228734810578985,0.03975628850539501,86,93,7,1,2,2,12,16,14,18,19
709,40,656,51,100,49,92,102,51,63,12,40,74,51,60,9,0.0053099152455835805,0.011164437183021887,56,71,15,2,2,2,8,1,30,90,72
710,292,908,96,100,4,256,256,94,94,0,256,256,96,96,0,0.022396950202525613,0.04414717995847374,83,97,14,2,2,2,10,16,11,12,10
711,56,672,54,100,46,100,114,45,63,18,56,90,54,63,9,0.0036760951700194017,0.00888389666088022,50,67,17,2,2,2,10,2,1,75,62
712,0,616,1,100,99,0,68,1,45,44,0,68,1,58,57,0.0,0.02127369890057524,1,83,82,2,-1,3,8,0,21,85,10
713,16,222,40,97,57,38,38,51,51,0,16,22,40,48,8,0.0038462847612240037,0.004765308553728854,51,52,1,3,3,3,3,1,94,90,49
714,14,14,40,40,0,14,14,34,34,0,14,14,40,40,0,0.0010211375472276116,0.0010211375472276116,40,40,0,-1,4,4,3,4,55,64,67
715,16,118,40,81,41,70,70,62,62,0,16,18,40,42,2,0.0020763130126961434,0.002280540522141666,46,47,1,4,3,3,5,1,45,53,4
716,38,238,52,94,42,28,28,44,44,0,28,28,51,51,0,0.006331052792811192,0.010347527145239796,59,71,12,3,3,3,3,6,92,34,21
717,29,29,51,51,0,50,50,50,50,0,29,29,51,51,0,0.004935498144933456,0.004935498144933456,54,54,0,-1,3,3,5,4,70,22,79
718,92,92,69,69,0,64,64,61,61,0,64,64,64,64,0,0.012662105585622384,0.012662105585622384,74,74,0,-1,2,2,5,8,49,8,98
719,0,616,1,100,99,0,56,1,44,43,0,56,1,58,57,0.0,0.01589570781850982,1,81,80,2,-1,3,6,1,48,50,15
720,0,0,1,1,0,0,0,1,1,0,0,0,1,1,0,0.0,0.0,1,1,0,-1,-1,-1,2,0,98,66,97
721,0,616,1,100,99,0,42,1,35,34,0,42,1,50,49,0.0,0.021852343510670887,1,84,83,2,-1,3,6,1,51,45,0
722,36,652,48,100,52,62,76,48,53,5,36,76,48,59,11,0.003948398515946765,0.016099935327955343,53,77,24,2,3,3,6,6,41,73,19
723,344,344,96,96,0,320,320,95,95,0,320,320,96,96,0,0.024507301133462677,0.024507301133462677,87,87,0,-1,2,2,14,19,17,15,97
724,32,32,47,47,0,82,82,39,39,0,32,32,47,47,0,0.0014636304843595766,0.0014636304843595766,39,39,0,-1,3,3,11,3,38,51,40
725,0,1640,1,100,99,0,136,1,62,61,0,100,1,59,58,0.0,0.015827631982027978,1,79,78,1,-1,2,12,0,6,84,21
726,16,222,50,97,47,22,22,52,52,0,16,22,51,53,2,0.0031314884781646754,0.005990673610401988,53,61,8,3,3,3,2,3,86,46,29
727,0,1640,1,100,99,0,174,1,66,65,0,174,1,84,83,0.0,0.027672827529868275,1,90,89,1,-1,2,15,0,7,36,10
728,100,100,73,73,0,100,100,87,87,0,100,100,87,87,0,0.057149664726505324,0.06926716362027298,99,100,1,2,1,1,4,16,79,18,12
729,40,656,53,100,47,74,94,64,70,6,40,94,53,71,18,0.006875659484665918,0.0390755301405766,61,96,35,2,2,2,5,1,63,90,2
730,1,1,26,26,0,3,3,26,26,0,1,1,26,26,0,3.4037918240920386e-05,3.4037918240920386e-05,26,26,0,-1,6,6,3,2,55,58,99
731,0,102,1,83,82,0,3,1,27,26,0,2,1,27,26,0.0,0.0002042275094455223,1,30,29,4,-1,5,2,0,89,81,49
732,16,222,34,89,55,116,116,59,59,0,16,116,34,77,43,0.0030974505599237552,0.014772456516559448,47,73,26,3,3,3,11,3,33,46,18
733,100,100,78,78,0,100,100,88,88,0,100,100,88,88,0,0.04738078219136117,0.06508049967663977,96,98,2,2,1,1,4,8,78,44,6
734,24,126,51,83,32,34,34,45,45,0,24,26,51,51,0,0.002723033459273631,0.003812246842983083,48,51,3,4,3,3,4,3,84,54,71
735,67,683,59,100,41,76,76,51,51,0,76,76,63,63,0,0.007726607440688927,0.010449640899962559,65,69,4,2,3,3,6,8,59,57,46
736,16,117,38,78,40,48,48,41,41,0,16,16,38,38,0,0.001157289220191293,0.001157289220191293,39,39,0,5,3,3,7,1,62,71,68
737,16,1656,34,100,66,112,176,60,69,9,16,176,34,88,54,0.0024166921951053475,0.02563055243541305,46,89,43,1,3,2,12,2,6,94,12
738,128,128,78,78,0,126,126,69,69,0,126,126,78,78,0,0.00966676878042139,0.00966676878042139,68,68,0,-1,2,2,7,9,24,31,99
739,88,688,74,100,26,48,48,72,72,0,48,48,74,74,0,0.012968446849790666,0.029681064706082574,74,91,17,2,3,3,3,8,60,8,15
740,22,638,38,100,62,38,52,35,39,4,22,38,38,44,6,0.0013274788113958951,0.003914360597705844,38,48,10,2,3,3,6,2,51,74,53
741,246,862,92,100,8,200,200,94,94,0,200,200,94,94,0,0.020354675108070392,0.03012355764321454,81,88,7,2,2,2,8,14,10,32,17
742,0,206,1,93,92,0,24,1,37,36,0,24,1,49,48,0.0,0.00704584907587052,1,62,61,3,-1,4,4,0,73,67,27
743,78,694,71,100,29,48,48,64,64,0,48,48,66,66,0,0.01245787807617686,0.02379250485040335,74,87,13,2,3,3,3,8,85,20,39
744,16,16,37,37,0,56,56,45,45,0,16,16,37,37,0,0.0026549576227917903,0.0026549576227917903,48,48,0,-1,3,3,6,2,59,94,85
745,451,451,100,100,0,240,240,98,98,0,240,240,98,98,0,0.04986555022294836,0.04986555022294836,98,98,0,-1,2,2,9,36,26,2,67
746,276,892,92,100,8,286,286,88,88,0,276,286,92,93,1,0.024234997787535316,0.04642772048061541,88,97,9,2,2,2,14,16,25,18,11
747,106,312,78,96,18,72,72,77,77,0,72,72,77,77,0,0.014874570271282209,0.023111746485584943,78,86,8,3,2,2,3,8,64,20,33
748,126,228,84,97,13,48,48,70,70,0,48,48,72,72,0,0.021784267674189048,0.023111746485584943,85,89,4,4,3,3,3,15,94,16,70
749,126,742,77,100,23,136,136,77,77,0,126,136,78,82,4,0.011334626774226489,0.02644746247319514,72,88,16,2,2,2,7,8,24,17,18
750,0,102,1,79,78,0,6,1,24,23,0,2,1,24,23,0.0,0.0002042275094455223,1,27,26,4,-1,5,4,0,67,86,4
751,16,16,35,35,0,80,80,41,41,0,16,16,35,35,0,0.0010211375472276116,0.0010211375472276116,39,39,0,-1,3,3,10,1,18,71,86
752,0,616,1,100,99,0,34,1,33,32,0,22,1,41,40,0.0,0.003165526396405596,1,47,46,2,-1,3,8,0,27,80,75
753,2,2,26,26,0,19,19,26,26,0,2,2,26,26,0,6.807583648184077e-05,6.807583648184077e-05,28,28,0,-1,5,5,17,2,20,58,89
754,100,100,69,69,0,100,100,70,70,0,100,100,72,72,0,0.03318697028489737,0.04326219408420981,93,95,2,2,1,1,6,6,65,41,8
755,114,730,78,100,22,100,114,49,60,11,114,114,78,78,0,0.00803294870485721,0.02375846693216243,66,84,18,2,3,3,9,9,54,31,9
756,0,101,1,82,81,0,2,1,23,22,0,1,1,23,22,0.0,0.0,1,1,0,6,-1,7,2,0,68,67,58
757,90,296,67,96,29,100,100,69,69,0,90,100,69,70,1,0.008271214132543654,0.012525953912658701,65,74,9,3,2,2,6,6,34,28,57
758,49,665,65,100,35,22,32,49,68,19,22,32,53,68,15,0.005786446100956465,0.033935804486197624,60,93,33,2,3,3,2,4,90,22,11
759,2,618,26,100,74,15,96,26,39,13,2,46,26,47,21,0.0,0.005071649817897137,1,54,53,2,5,3,14,1,25,78,38
760,270,886,94,100,6,88,88,73,73,0,88,88,74,74,0,0.0315531502093332,0.03604615541713469,89,91,2,2,2,2,4,27,83,10,47
761,24,624,49,100,51,18,18,47,47,0,18,18,49,49,0,0.002757071377514551,0.017529527894074,47,79,32,2,3,3,2,6,99,70,9
762,0,102,1,77,76,0,6,1,24,23,0,2,1,24,23,0.0,0.00010211375472276115,1,29,28,4,-1,5,5,0,50,59,55
763,0,1640,1,100,99,0,182,1,69,68,0,182,1,88,87,0.0,0.02736648626569999,1,90,89,1,-1,2,13,0,13,89,9
764,0,0,1,1,0,0,0,1,1,0,0,0,1,1,0,0.0,0.0,1,1,0,-1,-1,-1,4,0,83,82,87
765,0,0,1,1,0,0,0,1,1,0,0,0,1,1,0,0.0,0.0,1,1,0,-1,-1,-1,5,0,88,36,79
766,6,622,29,100,71,19,68,29,40,11,6,68,29,56,27,0.00010211375472276115,0.009020048333843901,30,66,36,2,4,3,8,1,42,60,17
767,0,616,1,100,99,0,90,1,43,42,0,77,1,56,55,0.0,0.012287688484972258,1,71,70,2,-1,3,10,0,18,92,37
768,0,616,1,100,99,0,42,1,39,38,0,38,1,50,49,0.0,0.007147962830593281,1,61,60,2,-1,3,6,0,74,67,77
769,0,0,1,1,0,0,0,1,1,0,0,0,1,1,0,0.0,0.0,1,1,0,-1,-1,-1,3,0,75,79,76
770,40,656,55,100,45,62,62,77,77,0,40,56,66,78,12,0.0063650907110521125,0.01143674052894925,60,75,15,2,2,2,3,2,66,94,46
771,22,1662,45,100,55,54,92,39,52,13,22,92,45,65,20,0.001157289220191293,0.02542632492596753,40,86,46,1,3,2,8,2,57,74,19
772,2,618,27,100,73,6,28,29,44,15,2,28,27,49,22,0.00013615167296368154,0.01596378365499166,30,79,49,2,5,3,3,1,58,4,18
773,70,1710,65,100,35,38,72,46,76,30,38,72,51,78,27,0.007250076585316042,0.042070866945777594,60,95,35,1,3,2,3,9,96,31,46
774,132,132,78,78,0,190,190,74,74,0,132,132,78,78,0,0.010824058000612683,0.010824058000612683,71,71,0,-1,2,2,11,9,5,27,59
775,6,1646,29,100,71,17,110,28,57,29,6,110,29,77,48,0.00010211375472276115,0.018891044623710815,28,81,53,1,4,2,11,2,33,58,5
776,100,100,67,67,0,100,100,54,54,0,100,100,67,67,0,0.02032063718982947,0.03134892269988768,81,92,11,2,1,1,8,1,27,71,37
777,40,246,44,92,48,120,124,57,57,0,40,44,44,48,4,0.003642057251778481,0.005650294427992784,53,56,3,3,3,3,14,6,8,73,46
778,97,713,65,100,35,80,80,53,53,0,80,80,60,60,0,0.009462541270975866,0.013921508560536438,67,78,11,2,3,3,5,8,52,44,70
779,0,206,1,92,91,0,10,1,31,30,0,6,1,31,30,0.0,0.0012934408931549745,1,39,38,3,-1,4,3,0,76,80,94
780,190,396,87,96,9,252,252,81,81,0,190,202,87,87,0,0.014227849824704722,0.016440314510364547,74,77,3,3,2,2,14,13,16,33,83
781,185,801,90,100,10,112,112,70,70,0,112,112,77,77,0,0.01940161339732462,0.02392865652336703,84,88,4,2,3,3,7,16,46,18,13
782,2,104,26,74,48,13,19,26,28,2,2,4,26,28,2,0.00010211375472276115,0.00037441710065012424,30,31,1,4,5,5,12,1,3,78,88
783,46,148,60,89,29,38,38,59,59,0,38,38,62,62,0,0.010041185881071514,0.018142210422410564,70,82,12,4,3,3,3,5,92,25,32
784,1,1,25,25,0,2,2,25,25,0,1,1,25,25,0,3.4037918240920386e-05,3.4037918240920386e-05,27,27,0,-1,6,6,2,2,89,58,87
785,0,206,1,94,93,0,12,1,39,38,0,12,1,41,40,0.0,0.004493005207801491,1,54,53,3,-1,4,2,0,90,80,57
786,0,616,1,100,99,0,20,1,42,41,0,20,1,46,45,0.0,0.007862759113652609,1,64,63,2,-1,3,3,0,58,36,24
787,0,616,1,100,99,0,22,1,41,40,0,22,1,45,44,0.0,0.006637394056979475,1,58,57,2,-1,3,2,0,68,82,26
788,100,100,70,70,0,100,100,68,68,0,100,100,73,73,0,0.04877633683923891,0.04877633683923891,96,96,0,-1,1,1,6,16,48,18,69
789,209,409,92,100,8,88,88,84,84,0,88,88,84,84,0,0.02648150039143606,0.03761189965621702,89,97,8,3,2,2,4,15,67,16,6
790,2,208,27,94,67,4,8,27,30,3,2,8,27,35,8,3.4037918240920386e-05,0.003914360597705844,26,50,24,3,5,4,2,1,91,95,35
791,0,206,1,96,95,0,8,1,32,31,0,8,1,37,36,0.0,0.017325300384628477,1,81,80,3,-1,4,2,0,99,81,0
792,288,1928,95,100,5,320,344,92,96,4,320,344,95,97,2,0.021614078082984444,0.03604615541713469,81,96,15,1,2,2,14,18,16,5,17
793,0,0,1,1,0,0,0,1,1,0,0,0,1,1,0,0.0,0.0,1,1,0,-1,-1,-1,5,1,52,50,59
794,300,400,100,100,0,56,56,86,86,0,56,56,86,86,0,0.051499370298512544,0.051499370298512544,98,98,0,5,2,2,2,36,95,2,4
795,76,282,58,94,36,126,126,63,63,0,76,100,58,65,7,0.007794683277170768,0.012525953912658701,63,70,7,3,3,3,11,6,33,34,62
796,251,251,97,97,0,72,72,85,85,0,72,72,85,85,0,0.03543347288879812,0.03543347288879812,93,93,0,-1,2,2,3,29,60,1,81
797,106,208,79,90,11,78,78,73,73,0,78,78,73,73,0,0.014534191088873005,0.015180911535450491,77,79,2,4,2,2,4,8,79,20,71
798,168,374,89,99,10,94,94,75,75,0,94,94,75,75,0,0.01960584090677014,0.027128220838013545,82,88,6,3,2,2,5,18,49,5,27
799,40,656,46,100,54,158,158,68,68,0,40,68,46,55,9,0.003880322679464924,0.008203138296061813,51,62,11,2,2,2,14,3,17,46,26
800,16,632,39,100,61,28,44,36,42,6,16,32,39,47,8,0.0004765308553728854,0.001940161339732462,35,43,8,2,3,3,6,1,69,4,49
801,101,101,77,77,0,88,88,71,71,0,88,88,71,71,0,0.009734844616903231,0.009734844616903231,69,69,0,-1,2,2,4,8,53,44,67
802,166,782,84,100,16,252,262,81,85,4,166,182,84,85,1,0.01409169815174104,0.01507879778072773,73,77,4,2,2,2,14,8,16,8,49
803,0,206,1,92,91,0,20,1,30,29,0,6,1,29,28,0.0,0.0004765308553728854,1,34,33,3,-1,4,9,1,35,69,42
804,2,208,27,93,66,6,14,29,34,5,2,14,27,40,13,0.00013615167296368154,0.003710133088260322,30,51,21,3,5,4,3,1,58,4,38
805,6,622,29,100,71,30,52,35,38,3,6,52,29,54,25,0.00037441710065012424,0.011368664692467409,34,71,37,2,4,3,7,1,43,49,5
806,22,228,41,90,49,104,104,60,60,0,22,35,41,49,8,0.00176997174852786,0.002723033459273631,42,49,7,3,3,3,9,2,28,61,64
807,0,616,1,100,99,0,54,1,54,53,0,54,1,59,58,0.0,0.025188059498281085,1,88,87,2,-1,3,4,0,84,80,0
808,0,206,1,89,88,0,18,1,32,31,0,22,1,47,46,0.0,0.003914360597705844,1,52,51,3,-1,4,5,0,61,85,26
809,46,252,50,95,45,96,96,53,53,0,46,96,50,63,13,0.002757071377514551,0.011096361346540046,46,72,26,3,2,2,7,2,46,61,32
810,0,1640,1,100,99,0,52,1,47,46,0,49,1,52,51,0.0,0.023384049831512304,1,86,85,1,-1,2,5,0,88,84,73
811,8,214,37,91,54,30,30,37,37,0,8,30,37,48,11,0.0016338200755641784,0.00439089145307873,41,53,12,3,4,4,5,2,80,83,22
812,596,796,100,100,0,360,360,99,99,0,360,360,99,99,0,0.05034208107832125,0.05439259334899078,100,100,0,3,2,2,12,36,3,2,24
813,2,208,28,92,64,7,16,28,31,3,2,12,28,35,7,0.0,0.002552843868069029,1,47,46,3,5,4,6,2,44,58,73
814,112,112,75,75,0,220,220,82,82,0,112,112,75,75,0,0.009122162088566664,0.009122162088566664,68,68,0,-1,2,2,12,4,6,38,36
815,348,348,97,97,0,168,168,97,97,0,168,168,97,97,0,0.03631845876306205,0.03631845876306205,95,95,0,-1,2,2,6,27,51,10,59
816,6,206,31,92,61,22,22,34,34,0,6,22,31,43,12,0.0004765308553728854,0.0045270431260424114,35,52,17,3,4,4,5,2,37,42,57
817,12,114,40,82,42,18,18,38,38,0,12,14,40,42,2,0.0015657442390823377,0.0016678579938050988,42,43,1,4,4,4,3,2,81,52,65
818,186,186,92,92,0,104,104,86,86,0,104,104,87,87,0,0.024881718234112803,0.024881718234112803,88,88,0,-1,2,2,5,17,49,6,96
819,16,16,35,35,0,90,90,43,43,0,16,16,35,35,0,0.0011232513019503727,0.0011232513019503727,40,40,0,-1,3,3,10,1,1,71,40
820,108,314,79,96,17,60,60,55,55,0,60,60,60,60,0,0.012832295176826986,0.021614078082984444,73,82,9,3,3,3,5,8,70,8,33
821,0,206,1,94,93,0,10,1,31,30,0,10,1,38,37,0.0,0.005173763572619898,1,58,57,3,-1,4,3,0,81,86,24
822,0,616,1,100,99,0,66,1,48,47,0,66,1,58,57,0.0,0.01592974573675074,1,81,80,2,-1,3,6,1,44,45,16
823,170,786,86,100,14,96,96,64,64,0,96,96,73,73,0,0.019946220089179345,0.024166921951053473,81,85,4,2,3,3,6,17,51,6,78
824,0,1640,1,100,99,0,58,1,68,67,0,58,1,69,68,0.0,0.03832669593927635,1,94,93,1,-1,2,4,0,84,99,15
825,0,616,1,100,99,0,116,1,57,56,0,88,1,56,55,0.0,0.00980292045338507,1,67,66,2,-1,3,14,0,25,66,8
826,32,238,50,93,43,46,46,42,42,0,32,40,50,52,2,0.003267640151128357,0.0040845501889104465,51,52,1,3,3,3,6,2,74,75,51
827,8,8,37,37,0,14,14,32,32,0,8,8,37,37,0,0.0007828721195411688,0.0007828721195411688,36,36,0,-1,4,4,3,3,87,51,96
828,22,228,48,97,49,38,38,51,51,0,22,38,49,53,4,0.0034718676605738795,0.009224275843289425,50,67,17,3,3,3,3,2,94,83,31
829,68,169,63,91,28,88,88,76,76,0,68,88,73,78,5,0.009292351679771264,0.009326389598012186,68,68,0,5,2,2,4,4,47,72,55
830,42,248,58,97,39,52,52,78,78,0,42,52,65,79,14,0.00803294870485721,0.02127369890057524,63,85,22,3,2,2,3,2,85,74,18
831,130,330,89,100,11,32,32,71,71,0,32,32,71,71,0,0.019878144252697506,0.02563055243541305,83,89,6,3,3,3,2,19,99,15,20
832,2,1642,27,100,73,12,108,27,66,39,2,95,27,64,37,0.0,0.023486163586235065,1,86,85,1,5,2,9,1,23,68,39
833,100,100,61,61,0,100,100,43,43,0,100,100,61,61,0,0.024881718234112803,0.03631845876306205,87,96,9,2,1,1,12,15,2,19,33
834,180,386,85,96,11,202,202,88,88,0,180,202,85,92,7,0.014738418598318526,0.017937982912965042,75,78,3,3,2,2,10,8,12,8,73
835,16,632,43,100,57,34,44,47,53,6,16,44,44,57,13,0.0006807583648184077,0.020865243881684196,37,85,48,2,3,3,4,1,77,49,7
836,78,180,77,96,19,32,32,67,67,0,32,32,68,68,0,0.01242384015793594,0.01320671227747711,74,75,1,4,3,3,2,8,97,17,71
837,82,184,66,90,24,78,78,78,78,0,78,78,78,78,0,0.010994247591817285,0.011062323428299126,68,68,0,4,2,2,4,7,67,48,68
838,16,118,34,77,43,54,54,35,35,0,16,18,34,39,5,0.0010892133837094523,0.0013955546478777359,39,41,2,4,3,3,8,1,42,71,88
839,144,760,82,100,18,112,112,92,92,0,112,112,92,92,0,0.012049423057285817,0.02049082678103407,72,85,13,2,2,2,4,6,83,13,20
840,22,638,38,100,62,56,70,37,39,2,22,38,38,45,7,0.0005105687736138058,0.0020082371762143027,33,41,8,2,3,3,9,2,29,56,49
841,2,2,29,29,0,4,4,31,31,0,2,2,29,29,0,0.0002382654276864427,0.0002382654276864427,34,34,0,-1,5,5,2,1,90,60,86
842,0,616,1,100,99,0,122,1,58,57,0,105,1,74,73,0.0,0.009973110044589673,1,63,62,2,-1,3,15,0,7,86,19
843,76,282,63,93,30,124,124,68,68,0,76,86,63,65,2,0.008066986623098132,0.009870996289866912,66,70,4,3,3,3,9,6,31,34,54
844,200,406,92,99,7,198,198,86,86,0,198,198,92,92,0,0.01579359406378706,0.01678069369277375,80,81,1,3,2,2,10,14,36,14,51
845,6,6,29,29,0,15,15,28,28,0,6,6,29,29,0,0.00017018959120460194,0.00017018959120460194,29,29,0,-1,4,4,9,1,23,78,82
846,388,1004,100,100,0,224,224,99,99,0,224,224,99,99,0,0.03887130263113108,0.046189455052928964,95,96,1,2,2,2,8,27,39,10,77
847,2,1642,29,100,71,14,72,29,43,14,2,66,29,58,29,0.00013615167296368154,0.016610504101569147,30,79,49,1,5,2,9,1,26,60,47
848,6,212,28,92,64,15,24,28,33,5,6,14,28,35,7,0.0002042275094455223,0.0020082371762143027,29,41,12,3,4,4,6,1,56,4,52
849,152,152,84,84,0,272,272,88,88,0,152,152,84,84,0,0.016508390346846386,0.016508390346846386,76,76,0,-1,2,2,14,9,17,39,81
850,91,193,76,92,16,38,38,59,59,0,38,38,62,62,0,0.015317063208414174,0.01592974573675074,78,80,2,4,3,3,3,12,92,37,74
851,46,46,55,55,0,132,132,74,74,0,46,46,55,55,0,0.005888559855679227,0.005888559855679227,56,56,0,-1,2,2,8,3,21,29,67
852,70,686,59,100,41,104,104,81,81,0,70,104,60,83,23,0.005786446100956465,0.03175737771877872,56,89,33,2,2,2,5,6,61,28,3
853,100,100,73,73,0,100,100,87,87,0,100,100,87,87,0,0.055243541305013785,0.05636679260696416,98,98,0,4,1,1,4,15,79,19,71
854,152,254,84,92,8,108,108,69,69,0,108,108,77,77,0,0.012696143503863304,0.012798257258586064,75,75,0,4,3,3,8,14,10,14,63
855,144,760,82,100,18,112,112,92,92,0,112,112,92,92,0,0.012049423057285817,0.026855917492086184,72,87,15,2,2,2,4,6,83,13,18
856,0,0,1,1,0,0,0,1,1,0,0,0,1,1,0,0.0,0.0,1,1,0,-1,-1,-1,8,0,27,67,36
857,66,66,69,69,0,48,48,65,65,0,48,48,68,68,0,0.011062323428299126,0.011062323428299126,72,72,0,-1,3,3,3,6,66,77,40
858,162,368,88,99,11,128,128,93,93,0,128,128,93,93,0,0.017223186629905716,0.02226079852956193,81,86,5,3,2,2,5,15,37,19,72
859,121,327,82,96,14,230,230,75,75,0,121,135,82,84,2,0.008543517478471017,0.01147077844719017,64,71,7,3,2,2,16,8,4,44,73
860,42,248,59,97,38,22,22,49,49,0,22,22,53,53,0,0.005718370264474625,0.007828721195411689,59,67,8,3,3,3,2,6,90,26,70
861,377,583,97,100,3,230,230,95,95,0,230,230,95,95,0,0.03553558664352088,0.0374076721467715,91,91,0,3,2,2,9,29,31,11,54
862,40,142,52,89,37,62,62,82,82,0,40,43,72,72,0,0.007318152421797883,0.008066986623098132,62,66,4,4,2,2,3,3,60,46,74
863,2,103,28,84,56,3,3,28,28,0,2,3,28,31,3,0.00010211375472276115,0.0002042275094455223,29,30,1,5,5,5,2,1,68,60,95
864,16,632,39,100,61,46,56,40,44,4,16,56,39,57,18,0.0026209197045508697,0.012219612648490419,48,75,27,2,3,3,6,2,44,94,39
865,368,984,100,100,0,112,112,94,94,0,112,112,94,94,0,0.050954763606657814,0.05619660301575956,98,98,0,2,2,2,4,36,78,2,72
866,280,896,96,100,4,160,160,94,94,0,160,160,95,95,0,0.024064808196330712,0.030225671397937304,88,90,2,2,2,2,7,19,46,15,62
867,125,125,86,86,0,38,38,57,57,0,38,38,59,59,0,0.019061234214915415,0.019061234214915415,85,85,0,-1,3,3,3,16,55,18,87
868,0,206,1,95,94,0,12,1,36,35,0,12,1,40,39,0.0,0.007386228258279724,1,66,65,3,-1,4,2,0,89,82,27
869,144,760,85,100,15,208,208,90,90,0,144,208,86,91,5,0.010892133837094524,0.024269035705776234,72,86,14,2,2,2,10,7,1,21,5
870,102,102,73,73,0,166,166,83,83,0,102,102,73,73,0,0.009462541270975866,0.009462541270975866,68,68,0,-1,2,2,8,7,42,62,93
871,0,206,1,96,95,0,12,1,34,33,0,12,1,42,41,0.0,0.006875659484665918,1,62,61,3,-1,4,2,0,86,92,77
872,62,268,61,96,35,64,64,64,64,0,64,64,67,67,0,0.008713707069675619,0.012662105585622384,65,74,9,3,3,3,4,6,77,34,47
873,266,882,95,100,5,166,166,87,87,0,166,166,91,91,0,0.02209060893835733,0.03332312195786106,86,92,6,2,2,2,8,19,10,15,37
874,88,88,61,61,0,158,158,82,82,0,88,88,61,61,0,0.007658531604207087,0.007658531604207087,61,61,0,-1,2,2,9,4,35,72,81
875,0,616,1,100,99,0,82,1,36,35,0,40,1,45,44,0.0,0.004288777698355968,1,53,52,2,-1,3,14,0,17,87,47
876,0,206,1,95,94,0,12,1,40,39,0,12,1,40,39,0.0,0.01872085503250621,1,82,81,3,-1,4,2,0,95,84,10
877,100,100,60,60,0,100,100,52,52,0,100,100,60,60,0,0.01773375540351952,0.021443888491779844,79,83,4,2,1,1,9,3,29,51,35
878,0,616,1,100,99,0,100,1,46,45,0,100,1,62,61,0.0,0.02042275094455223,1,81,80,2,-1,3,10,0,22,79,9
879,0,102,1,82,81,0,3,1,26,25,0,2,1,26,25,0.0,0.00010211375472276115,1,28,27,4,-1,5,2,0,91,66,88
880,100,100,79,79,0,100,100,95,95,0,100,100,95,95,0,0.08958780081010245,0.09595289152115456,100,100,0,2,1,1,3,30,75,7,21
881,0,0,1,1,0,0,0,1,1,0,0,0,1,1,0,0.0,0.0,1,1,0,-1,-1,-1,9,0,31,40,66
882,114,314,84,98,14,38,38,47,47,0,38,38,53,53,0,0.013547091459886314,0.01766567956703768,79,83,4,3,3,3,3,14,75,32,25
883,22,22,43,43,0,50,50,45,45,0,22,22,43,43,0,0.0008509479560230097,0.0008509479560230097,38,38,0,-1,3,3,5,2,52,56,96
884,0,102,1,83,82,0,4,1,28,27,0,4,1,32,31,0.0,0.0007488342013002485,1,37,36,4,-1,5,2,0,86,98,43
885,0,1640,1,100,99,0,94,1,41,40,0,46,1,48,47,0.0,0.011334626774226489,1,69,68,1,-1,2,12,0,2,40,29
886,162,368,86,98,12,158,158,80,80,0,158,158,86,86,0,0.016133973246196264,0.019639878825011062,79,81,2,3,2,2,9,13,23,33,28
887,6,212,33,94,61,12,12,40,40,0,6,12,33,41,8,0.0010892133837094523,0.002314578440382586,42,47,5,3,4,4,2,1,90,71,54
888,0,1640,1,100,99,0,132,1,73,72,0,132,1,80,79,0.0,0.042138942782259436,1,97,96,1,-1,2,8,0,21,67,2
889,14,116,40,84,44,14,14,34,34,0,14,14,40,40,0,0.0010211375472276116,0.0011913271384322134,40,40,0,4,4,4,3,4,55,64,88
890,0,616,1,100,99,0,26,1,42,41,0,24,1,51,50,0.0,0.0040845501889104465,1,53,52,2,-1,3,4,0,47,99,41
891,2,208,27,93,66,9,15,28,30,2,2,9,27,36,9,3.4037918240920386e-05,0.0012594029749140542,28,38,10,3,5,4,6,1,34,68,43
892,1,617,25,100,75,4,22,25,39,14,1,20,25,47,22,3.4037918240920386e-05,0.005650294427992784,27,57,30,2,6,3,4,1,84,78,64
893,0,0,1,1,0,0,0,1,1,0,0,0,1,1,0,0.0,0.0,1,1,0,-1,-1,-1,11,0,19,85,98
894,114,730,81,100,19,70,70,54,54,0,70,70,62,62,0,0.009360427516253106,0.013581129378127233,69,77,8,2,3,3,5,9,50,31,28
895,0,616,1,100,99,0,58,1,38,37,0,34,1,45,44,0.0,0.005548180673270023,1,57,56,2,-1,3,8,0,42,96,38
896,42,658,52,100,48,112,112,63,63,0,42,62,52,55,3,0.003165526396405596,0.0048674223084516155,49,55,6,2,2,2,8,2,15,61,43
897,59,59,60,60,0,68,68,74,74,0,59,59,66,66,0,0.010279451308757957,0.010279451308757957,69,69,0,-1,2,2,4,6,77,73,98
898,6,6,30,30,0,18,18,32,32,0,6,6,30,30,0,0.00034037918240920387,0.00034037918240920387,31,31,0,-1,4,4,6,1,65,55,59
899,16,616,37,100,63,38,38,38,38,0,16,24,37,48,11,0.0006467204465774873,0.0035739814152966403,38,48,10,2,3,3,6,1,59,4,54
900,0,1640,1,100,99,0,90,1,64,63,0,90,1,68,67,0.0,0.045644848361074235,1,97,96,1,-1,2,6,0,34,99,2
901,42,658,51,100,49,182,182,70,70,0,42,90,52,63,11,0.0026889955410327104,0.010279451308757957,46,68,22,2,2,2,13,2,13,61,17
902,100,100,77,77,0,100,100,96,96,0,100,100,96,96,0,0.08369924095442323,0.08771571530685184,99,99,0,3,1,1,3,29,66,0,24
903,0,616,1,99,98,0,98,1,41,40,0,54,1,54,53,0.0,0.006603356138738555,1,60,59,2,-1,3,12,0,14,89,38
904,180,1780,93,100,7,80,80,94,94,0,80,80,94,94,0,0.028421661731168522,0.07188808332482385,91,98,7,1,2,2,2,16,91,12,29
905,84,84,61,61,0,104,104,82,82,0,84,84,69,69,0,0.010824058000612683,0.010824058000612683,72,72,0,-1,2,2,5,5,50,25,85
906,224,840,88,100,12,252,272,94,94,0,224,272,89,94,5,0.016304162837400864,0.022839443139657578,75,84,9,2,2,2,11,8,5,8,72
907,70,686,60,100,40,86,86,56,56,0,70,86,59,65,6,0.005820484019197386,0.01664454201981007,56,82,26,2,3,3,6,6,59,26,19
908,32,1672,48,100,52,34,76,40,59,19,32,76,48,64,16,0.0028591851322373124,0.023724429013921508,48,85,37,1,3,2,6,2,69,75,26
909,194,1794,93,100,7,112,112,96,96,0,112,112,96,96,0,0.026175159127267776,0.056468906361686916,87,97,10,1,2,2,4,16,72,12,23
910,162,264,91,95,4,88,88,76,76,0,88,88,79,79,0,0.01940161339732462,0.019776030497974745,84,84,0,4,2,2,4,14,47,14,51
911,0,0,1,1,0,0,0,1,1,0,0,0,1,1,0,0.0,0.0,1,1,0,-1,-1,-1,9,1,26,50,40
912,68,274,64,97,33,48,48,59,59,0,48,48,63,63,0,0.009632730862180468,0.016542428265087308,71,82,11,3,3,3,3,7,75,48,77
913,0,1640,1,100,99,0,56,1,81,80,0,56,1,81,80,0.0,0.07484938221178393,1,98,97,1,-1,2,2,0,89,84,3
914,80,181,66,89,23,88,88,73,73,0,88,88,74,74,0,0.007590455767725246,0.007794683277170768,61,63,2,5,2,2,4,6,83,28,55
915,0,206,1,92,91,0,20,1,34,33,0,20,1,45,44,0.0,0.004561081044283332,1,56,55,3,-1,4,4,0,47,81,48
916,214,1854,90,100,10,142,176,72,84,12,142,176,83,88,5,0.02130773681881616,0.04598522754348344,85,97,12,1,2,2,8,16,42,18,16
917,244,244,93,93,0,232,232,92,92,0,232,232,93,93,0,0.01776779332176044,0.01776779332176044,81,81,0,-1,2,2,10,14,1,14,87
918,50,50,58,58,0,102,102,66,66,0,50,50,58,58,0,0.007658531604207087,0.007658531604207087,63,63,0,-1,2,2,8,6,57,73,76
919,94,94,60,60,0,92,92,50,50,0,92,92,61,61,0,0.008986010415602982,0.008986010415602982,64,64,0,-1,3,3,7,9,46,27,82
920,12,218,39,93,54,18,18,35,35,0,12,18,39,45,6,0.002382654276864427,0.007250076585316042,45,63,18,3,4,4,3,2,58,83,62
921,22,22,39,39,0,154,154,65,65,0,22,22,39,39,0,0.0018040096667687805,0.0018040096667687805,40,40,0,-1,3,3,14,2,17,52,59
922,100,100,58,58,0,100,100,35,35,0,100,100,59,59,0,0.01841451376833793,0.01841451376833793,81,81,0,-1,1,1,17,4,20,72,86
923,0,1640,1,100,99,0,166,1,64,63,0,136,1,79,78,0.0,0.018244324177133328,1,82,81,1,-1,2,17,0,20,66,6
924,202,202,86,86,0,190,190,74,74,0,190,190,87,87,0,0.01330882603219987,0.01330882603219987,73,73,0,-1,2,2,11,14,5,32,80
925,0,1640,1,100,99,0,144,1,71,70,0,144,1,84,83,0.0,0.0318935293917424,1,95,94,1,-1,2,10,0,22,84,0
926,210,416,91,100,9,152,152,82,82,0,152,152,88,88,0,0.022294836447802852,0.022669253548452978,85,85,0,3,2,2,8,17,39,6,60
927,0,0,1,1,0,0,0,1,1,0,0,0,1,1,0,0.0,0.0,1,1,0,-1,-1,-1,11,0,5,82,87
928,0,206,1,89,88,0,20,1,29,28,0,8,1,32,31,0.0,0.0012934408931549745,1,36,35,3,-1,4,6,1,71,45,52
929,6,622,29,99,70,32,162,31,66,35,6,162,29,87,58,0.00037441710065012424,0.0317233398005378,33,91,58,2,4,3,12,1,6,4,3
930,107,313,82,97,15,72,72,83,83,0,72,72,83,83,0,0.01841451376833793,0.021375812655298,84,84,0,3,2,2,3,9,58,39,90
931,74,690,62,100,38,138,158,75,82,7,74,158,62,86,24,0.00616086320160659,0.03465060076925695,60,93,33,2,2,2,9,6,31,26,3
932,0,0,1,1,0,0,0,1,1,0,0,0,1,1,0,0.0,0.0,1,1,0,-1,-1,-1,8,0,39,40,98
933,432,1048,100,100,0,176,176,99,99,0,176,176,99,99,0,0.05211205282684911,0.06113210116069301,97,97,0,2,2,2,5,36,63,2,27
934,1,1641,25,100,75,2,46,25,78,53,1,46,25,80,55,3.4037918240920386e-05,0.05405221416658157,26,98,72,1,6,2,2,2,91,58,29
935,6,622,27,100,73,18,108,28,57,29,6,108,27,74,47,0.0,0.02130773681881616,1,81,80,2,4,3,12,1,2,68,1
936,0,206,1,89,88,0,28,1,31,30,0,15,1,32,31,0.0,0.002280540522141666,1,43,42,3,-1,4,6,0,40,99,41
937,0,0,1,1,0,0,0,1,1,0,0,0,1,1,0,0.0,0.0,1,1,0,-1,-1,-1,8,0,39,79,40
938,0,206,1,93,92,0,14,1,33,32,0,10,1,38,37,0.0,0.002314578440382586,1,47,46,3,-1,4,5,0,49,89,41
939,100,100,69,69,0,100,100,55,55,0,100,100,69,69,0,0.058068688519010175,0.05847714353790122,99,99,0,3,1,1,9,29,26,11,64
940,46,147,54,85,31,90,90,71,71,0,46,47,54,55,1,0.008305252050784574,0.008475441641989176,64,65,1,5,2,2,6,2,69,83,60
941,100,100,59,59,0,100,100,39,39,0,100,100,59,59,0,0.029817216379046257,0.035603662480002726,90,95,5,2,1,1,14,16,16,12,21
942,0,102,1,75,74,0,13,1,26,25,0,2,1,26,25,0.0,0.0,1,1,0,4,-1,5,10,0,12,66,95
943,6,622,29,100,71,34,148,30,62,32,6,148,29,85,56,0.00013615167296368154,0.022601177711971135,28,82,54,2,4,3,13,1,13,65,7
944,1,102,25,83,58,2,2,25,25,0,1,2,25,27,2,0.00010211375472276115,0.0002382654276864427,30,33,3,5,6,6,2,1,89,78,88
945,0,102,1,75,74,0,9,1,26,25,0,2,1,25,24,0.0,0.0005446066918547262,1,30,29,4,-1,5,6,0,51,81,42
946,100,100,62,62,0,100,100,48,48,0,100,100,62,62,0,0.026719765819122502,0.026821879573845263,88,88,0,3,1,1,10,5,11,25,63
947,212,312,92,96,4,88,88,77,77,0,88,88,77,77,0,0.024371149460498995,0.02559651451717213,86,86,0,4,2,2,4,19,79,15,73
948,0,0,1,1,0,0,0,1,1,0,0,0,1,1,0,0.0,0.0,1,1,0,-1,-1,-1,4,0,67,96,89
949,100,100,74,74,0,100,100,87,87,0,100,100,87,87,0,0.07525783723067497,0.07525783723067497,100,100,0,-1,1,1,4,30,47,7,92
950,296,912,96,100,4,352,352,96,96,0,296,352,96,96,0,0.026379386636713298,0.029851254297287178,87,89,2,2,2,2,16,20,4,23,47
951,84,290,63,94,31,90,90,67,67,0,84,90,66,69,3,0.007011811157629599,0.013853432724054596,58,73,15,3,2,2,6,5,71,47,77
952,16,118,43,84,41,30,30,43,43,0,16,18,43,46,3,0.0007488342013002485,0.0014636304843595766,37,42,5,4,3,3,4,1,73,88,71
953,108,724,78,100,22,62,82,46,55,9,62,82,59,64,5,0.011130399264780965,0.02403077027808979,70,86,16,2,3,3,7,8,62,8,39
954,0,616,1,100,99,0,28,1,42,41,0,16,1,41,40,0.0,0.00704584907587052,1,59,58,2,-1,3,3,0,96,84,90
955,1,207,25,97,72,2,12,25,38,13,1,12,25,43,18,0.00010211375472276115,0.018040096667687803,29,83,54,3,6,4,2,1,97,95,1
956,100,100,67,67,0,100,100,55,55,0,100,100,67,67,0,0.05122706695258518,0.05122706695258518,98,98,0,3,1,1,9,27,23,10,63
957,100,100,66,66,0,100,100,49,49,0,100,100,66,66,0,0.061268252833656695,0.06191497328023418,100,100,0,3,1,1,9,40,54,3,61
958,338,338,98,98,0,128,128,93,93,0,128,128,93,93,0,0.03536539705231628,0.03536539705231628,92,92,0,-1,2,2,5,30,37,7,98
959,118,220,79,93,14,126,126,80,80,0,126,126,83,83,0,0.012628067667381462,0.012798257258586064,74,74,0,4,2,2,7,9,62,27,60
960,146,146,84,84,0,134,134,92,92,0,134,134,93,93,0,0.01872085503250621,0.01872085503250621,80,80,0,-1,2,2,6,9,65,39,87
961,56,672,52,100,48,80,90,61,66,5,56,90,52,68,16,0.005650294427992784,0.019810068416215663,54,84,30,2,2,2,6,3,56,29,30
962,6,212,30,91,61,12,26,30,34,4,6,30,30,48,18,0.00037441710065012424,0.005786446100956465,34,59,25,3,4,4,5,1,80,55,62
963,34,650,55,100,45,34,34,44,44,0,34,34,55,55,0,0.0053439531638245,0.027536675856904592,58,88,30,2,3,3,4,4,72,38,11
964,132,132,82,82,0,116,116,74,74,0,116,116,81,81,0,0.016202049082678104,0.016202049082678104,79,79,0,-1,2,2,7,9,46,39,80
965,88,294,67,96,29,132,132,79,79,0,88,106,67,76,9,0.00878178290615746,0.014295925661186561,67,76,9,3,2,2,8,7,39,62,72
966,22,22,42,42,0,48,48,37,37,0,22,22,42,42,0,0.0013274788113958951,0.0013274788113958951,41,41,0,-1,3,3,7,2,24,74,96
967,0,0,1,1,0,0,0,1,1,0,0,0,1,1,0,0.0,0.0,1,1,0,-1,-1,-1,14,0,16,89,99
968,8,8,38,38,0,8,8,33,33,0,8,8,38,38,0,0.0004084550188910446,0.0004084550188910446,36,36,0,-1,4,4,2,2,89,56,36
969,0,102,1,76,75,0,8,1,26,25,0,2,1,25,24,0.0,0.00010211375472276115,1,26,25,4,-1,5,6,0,56,36,60
970,0,206,1,96,95,0,8,1,32,31,0,8,1,37,36,0.0,0.004152626025392287,1,52,51,3,-1,4,2,0,99,67,72
971,196,402,90,100,10,136,136,98,98,0,136,136,98,98,0,0.02828551005820484,0.03403791824092039,87,90,3,3,2,2,4,18,79,30,21
972,307,513,98,100,2,112,112,93,93,0,112,112,93,93,0,0.03625038292658021,0.03744171006501242,93,93,0,3,2,2,4,29,47,0,52
973,174,790,85,100,15,190,190,74,74,0,174,190,85,86,1,0.010790020082371761,0.022805405221416657,70,84,14,2,2,2,11,13,5,24,37
974,100,100,60,60,0,100,100,50,50,0,100,100,60,60,0,0.06855236733721366,0.06855236733721366,100,100,0,-1,1,1,9,36,28,2,59
975,116,1716,75,100,25,136,136,77,77,0,116,136,76,82,6,0.014329963579427483,0.04676809966302461,75,97,22,1,2,2,7,8,24,20,0
976,176,1776,91,100,9,136,136,97,97,0,136,136,97,97,0,0.02668572790088158,0.060689608223561044,88,98,10,1,2,2,4,9,72,39,23
977,102,718,83,100,17,80,80,95,95,0,80,80,95,95,0,0.016882807447496512,0.03151911229109228,82,91,9,2,2,2,2,4,68,38,30
978,100,100,69,69,0,100,100,71,71,0,100,100,72,72,0,0.0704584907587052,0.07182000748834201,100,100,0,3,1,1,6,40,56,3,52
979,100,100,61,61,0,100,100,40,40,0,100,100,61,61,0,0.03652268627250757,0.05619660301575956,94,99,5,2,1,1,14,19,8,15,1
980,190,396,91,100,9,88,88,71,71,0,88,88,71,71,0,0.019061234214915415,0.019946220089179345,81,85,4,3,2,2,4,16,53,12,51
981,100,100,63,63,0,100,100,39,39,0,100,100,63,63,0,0.019095272133156337,0.019095272133156337,80,80,0,-1,1,1,14,8,17,57,89
982,0,616,1,100,99,0,106,1,54,53,0,54,1,52,51,0.0,0.005888559855679227,1,56,55,2,-1,3,14,0,16,67,62
983,100,100,76,76,0,100,100,96,96,0,100,100,96,96,0,0.07073079410463257,0.07723203648864835,100,100,0,2,1,1,3,20,58,23,57
984,36,1676,48,100,52,50,84,45,58,13,36,84,48,65,17,0.004118588107151367,0.04714251676367474,52,95,43,1,3,2,5,6,52,73,2
985,46,46,48,48,0,120,120,61,61,0,46,46,48,48,0,0.003165526396405596,0.003165526396405596,48,48,0,-1,2,2,11,2,33,52,40
986,22,638,38,100,62,52,70,35,39,4,22,64,38,56,18,0.001055175465468532,0.007113924912352361,36,60,24,2,3,3,9,2,29,74,21
987,0,0,1,1,0,0,0,1,1,0,0,0,1,1,0,0.0,0.0,1,1,0,-1,-1,-1,6,0,34,87,93
988,78,78,63,63,0,158,158,83,83,0,78,78,63,63,0,0.009122162088566664,0.009122162088566664,66,66,0,-1,2,2,9,4,26,72,96
989,0,102,1,75,74,0,12,1,29,28,0,4,1,31,30,0.0,0.0009530617107457708,1,36,35,4,-1,5,6,0,44,82,83
990,97,97,72,72,0,72,72,77,77,0,72,72,77,77,0,0.011300588855985567,0.011300588855985567,72,72,0,-1,2,2,3,8,64,57,50
991,0,206,1,93,92,0,28,1,35,34,0,12,1,36,35,0.0,0.0018040096667687805,1,44,43,3,-1,4,6,0,34,66,83
992,16,222,38,92,54,60,60,51,51,0,16,22,38,43,5,0.003914360597705844,0.0051397256543789785,51,53,2,3,3,3,5,3,37,46,53
993,0,616,1,100,99,0,60,1,48,47,0,60,1,56,55,0.0,0.015725518227305217,1,79,78,2,-1,3,5,0,50,36,6
994,0,0,1,1,0,0,0,1,1,0,0,0,1,1,0,0.0,0.0,1,1,0,-1,-1,-1,11,0,33,36,45
995,596,796,100,100,0,360,360,99,99,0,360,360,99,99,0,0.05034208107832125,0.05051227066952585,100,100,0,3,2,2,12,36,3,2,4
996,0,616,1,99,98,0,80,1,38,37,0,64,1,55,54,0.0,0.009428503352734947,1,69,68,2,-1,3,12,0,6,87,8
997,2,102,26,74,48,17,17,26,26,0,2,2,26,26,0,0.0,0.00010211375472276115,1,27,26,4,5,5,16,1,9,68,65
998,100,100,67,67,0,100,100,54,54,0,100,100,67,67,0,0.02032063718982947,0.02563055243541305,81,87,6,2,1,1,8,1,27,71,72
999,38,1678,51,100,49,72,116,49,75,26,38,116,51,79,28,0.002586881786309949,0.041934715272813915,47,96,49,1,3,2,7,6,62,70,3
