,FreeNet_pre_score,FreeNet_post_score,FreeNet_pre_rank,FreeNet_post_rank,FreeNet_delta_ranks,Reversed_pre_score,Reversed_post_score,Reversed_pre_rank,Reversed_post_rank,Reversed_delta_ranks,Independent_pre_score,Independent_post_score,Independent_pre_rank,Independent_post_rank,Independent_delta_ranks,Random_pre_score,Random_post_score,Random_pre_rank,Random_post_rank,Random_delta_ranks,dist_victim_relayer,dist_victim_vilain_pre,dist_victim_vilain_post,out_deg_victim,in_deg_villain,victim,villain,relayer
0,0,616,1,100,99,0,40,1,42,41,0,40,1,52,51,0.0,0.010313489226998877,1,68,67,2,-1,3,5,0,49,82,20
1,54,155,53,86,33,188,188,73,73,0,54,55,53,53,0,0.006297014874570271,0.006467204465774873,60,60,0,5,3,3,13,7,13,62,55
2,76,692,61,100,39,96,106,56,70,14,74,106,60,75,15,0.006467204465774873,0.02386058068688519,58,87,29,2,2,2,7,6,43,41,16
3,40,656,47,100,53,128,138,70,74,4,40,80,47,57,10,0.005548180673270023,0.01143674052894925,55,69,14,2,2,2,9,1,29,90,72
4,100,100,57,57,0,100,100,38,38,0,100,100,57,57,0,0.03240409816535621,0.0480955784744205,91,98,7,1,1,1,16,19,4,15,5
5,100,100,63,63,0,100,100,39,39,0,100,100,63,63,0,0.0283876238129276,0.0283876238129276,90,90,0,-1,1,1,14,12,17,37,79
6,373,373,99,99,0,120,120,99,99,0,120,120,99,99,0,0.05265665951870384,0.05265665951870384,97,97,0,-1,2,2,3,36,75,2,89
7,176,792,86,100,14,174,174,76,76,0,174,174,87,87,0,0.014806494434800367,0.020729092208720514,75,84,9,2,2,2,10,13,22,33,48
8,40,656,48,100,52,116,116,74,74,0,40,61,48,53,5,0.0032336022328874367,0.00616086320160659,48,55,7,2,2,2,7,1,46,53,41
9,12,12,35,35,0,18,18,36,36,0,12,12,35,35,0,0.002212464685659825,0.002212464685659825,46,46,0,-1,4,4,3,2,82,75,85
10,0,102,1,77,76,0,15,1,28,27,0,3,1,29,28,0.0,0.00030634126416828345,1,33,32,4,-1,5,9,0,35,92,56
11,0,206,1,92,91,0,36,1,31,30,0,15,1,33,32,0.0,0.0027911092957554717,1,48,47,3,-1,4,12,0,6,87,73
12,0,206,1,91,90,0,20,1,32,31,0,13,1,38,37,0.0,0.0012934408931549745,1,39,38,3,-1,4,6,0,44,76,64
13,0,616,1,100,99,0,44,1,35,34,0,16,1,35,34,0.0,0.004118588107151367,1,51,50,2,-1,3,9,0,23,66,90
14,16,16,35,35,0,78,78,45,45,0,16,16,35,35,0,0.002484768031587188,0.002484768031587188,47,47,0,-1,3,3,8,2,15,94,85
15,0,0,1,1,0,0,0,1,1,0,0,0,1,1,0,0.0,0.0,1,1,0,-1,-1,-1,6,0,40,82,97
16,32,648,44,100,56,78,88,45,46,1,32,56,44,51,7,0.0012934408931549745,0.004935498144933456,41,53,12,2,3,3,8,2,42,74,41
17,12,628,39,100,61,24,34,38,42,4,12,34,39,51,12,0.002995336805200994,0.009292351679771264,49,70,21,2,4,3,4,2,79,75,62
18,40,246,51,94,43,108,108,71,71,0,40,40,51,51,0,0.004118588107151367,0.004356853534837809,51,51,0,3,2,2,9,3,26,46,88
19,144,350,89,99,10,72,72,84,84,0,72,72,84,84,0,0.019129310051397258,0.024098846114571634,84,87,3,3,2,2,3,14,85,32,21
20,0,102,1,82,81,0,8,1,31,30,0,2,1,27,26,0.0,0.0020422750944552232,1,45,44,4,-1,5,4,0,78,67,90
21,0,206,1,88,87,0,22,1,30,29,0,10,1,33,32,0.0,0.0013955546478777359,1,41,40,3,-1,4,7,1,24,50,54
22,122,122,79,79,0,110,110,76,76,0,110,110,81,81,0,0.016099935327955343,0.016099935327955343,81,81,0,-1,2,2,6,9,59,39,81
23,108,108,85,85,0,56,56,82,82,0,56,56,82,82,0,0.02130773681881616,0.02130773681881616,85,85,0,-1,2,2,2,9,89,39,87
24,0,1640,1,100,99,0,51,1,48,47,0,46,1,51,50,0.0,0.02100139555464788,1,86,85,1,-1,2,5,0,50,66,42
25,100,100,66,66,0,100,100,66,66,0,100,100,69,69,0,0.06630586473331292,0.07015214949453691,100,100,0,3,1,1,7,40,62,3,73
26,0,206,1,87,86,0,30,1,28,27,0,6,1,27,26,0.0,0.0004084550188910446,1,34,33,3,-1,4,16,0,9,66,49
27,22,1662,41,100,59,92,198,36,68,32,22,198,41,86,45,0.001157289220191293,0.03672691378195309,37,95,58,1,3,2,14,3,16,51,2
28,34,34,58,58,0,22,22,52,52,0,22,22,55,55,0,0.006637394056979475,0.006637394056979475,61,61,0,-1,3,3,2,4,98,38,96
29,94,710,75,100,25,54,54,60,60,0,54,54,62,62,0,0.010381565063480718,0.025358249089485686,71,87,16,2,3,3,4,9,78,27,16
30,16,632,32,99,67,138,158,61,63,2,16,62,32,51,19,0.002586881786309949,0.0068075836481840775,47,56,9,2,3,3,17,2,20,94,28
31,66,1706,61,100,39,54,88,56,83,27,54,88,57,83,26,0.006535280302256714,0.03277851526600633,55,91,36,1,3,2,4,6,67,13,69
32,194,810,90,100,10,118,118,92,92,0,118,118,92,92,0,0.02913645801422785,0.03808843051158991,87,93,6,2,2,2,5,16,70,12,20
33,0,206,1,96,95,0,12,1,36,35,0,12,1,41,40,0.0,0.005990673610401988,1,61,60,3,-1,4,2,0,99,76,25
34,123,323,85,99,14,62,62,77,77,0,62,62,78,78,0,0.01579359406378706,0.019367575479083698,78,84,6,3,2,2,3,14,58,32,62
35,18,18,45,45,0,38,38,57,57,0,18,18,46,46,0,0.002212464685659825,0.002212464685659825,46,46,0,-1,3,3,3,2,55,52,98
36,56,262,63,95,32,38,38,59,59,0,38,38,62,62,0,0.009122162088566664,0.010211375472276116,69,70,1,3,3,3,3,6,92,77,64
37,12,12,37,37,0,12,12,32,32,0,12,12,37,37,0,0.0009870996289866913,0.0009870996289866913,38,38,0,-1,4,4,2,2,91,74,45
38,16,16,44,44,0,44,44,50,50,0,16,16,44,44,0,0.0018720855032506212,0.0018720855032506212,44,44,0,-1,3,3,4,1,84,53,89
39,0,0,1,1,0,0,0,1,1,0,0,0,1,1,0,0.0,0.0,1,1,0,-1,-1,-1,5,0,70,96,98
40,1,103,25,82,57,3,5,25,27,2,1,4,25,30,5,0.00010211375472276115,0.0002382654276864427,29,32,3,4,6,5,3,1,66,68,56
41,28,234,44,91,47,88,88,47,47,0,28,42,44,53,9,0.0023486163586235067,0.005718370264474625,46,56,10,3,3,3,8,3,10,54,73
42,73,73,64,64,0,84,84,74,74,0,73,73,73,73,0,0.008645631233193778,0.008645631233193778,67,67,0,-1,2,2,5,4,45,22,92
43,64,270,56,94,38,146,146,68,68,0,64,146,56,83,27,0.007147962830593281,0.018925082541951733,58,81,23,3,3,3,11,7,33,62,18
44,62,678,52,100,48,144,154,61,65,4,62,154,52,84,32,0.0036760951700194017,0.01681473161101467,50,80,30,2,2,2,10,3,0,54,6
45,2,2,27,27,0,10,10,29,29,0,2,2,27,27,0,0.00013615167296368154,0.00013615167296368154,30,30,0,-1,5,5,6,1,41,55,69
46,0,206,1,93,92,0,24,1,37,36,0,24,1,49,48,0.0,0.005003573981415297,1,56,55,3,-1,4,4,0,73,67,13
47,25,231,54,94,40,44,44,53,53,0,25,44,54,57,3,0.005071649817897137,0.011504816365431091,58,74,16,3,3,3,4,6,78,73,21
48,40,40,57,57,0,28,28,44,44,0,28,28,54,54,0,0.0051397256543789785,0.0051397256543789785,59,59,0,-1,3,3,3,6,76,26,87
49,2,208,28,93,65,5,20,28,36,8,2,10,28,39,11,6.807583648184077e-05,0.0034037918240920387,29,51,22,3,5,4,4,1,72,78,29
50,0,206,1,90,89,0,32,1,29,28,0,6,1,26,25,0.0,0.00037441710065012424,1,35,34,3,-1,4,14,0,8,86,42
51,154,154,87,87,0,88,88,73,73,0,88,88,74,74,0,0.011606930120153852,0.011606930120153852,71,71,0,-1,2,2,4,13,83,24,36
52,214,830,92,100,8,102,112,93,96,3,102,112,93,96,3,0.02644746247319514,0.047244630518397494,88,96,8,2,2,2,4,16,84,12,11
53,0,616,1,100,99,0,38,1,52,51,0,38,1,54,53,0.0,0.029340685523673374,1,91,90,2,-1,3,3,0,64,98,3
54,16,118,40,81,41,28,28,38,38,0,16,20,40,44,4,0.0007828721195411688,0.0013955546478777359,37,41,4,4,3,3,5,1,88,4,51
55,6,212,30,90,60,20,24,33,33,0,6,14,30,36,6,0.0002042275094455223,0.0013955546478777359,32,41,9,3,4,4,6,1,74,88,83
56,154,770,85,100,15,222,222,90,90,0,154,170,85,86,1,0.011300588855985567,0.013683243132849994,69,74,5,2,2,2,10,7,11,48,46
57,166,372,89,97,8,84,84,66,66,0,84,84,70,70,0,0.014636304843595765,0.01667857993805099,80,81,1,3,2,2,5,14,61,14,46
58,24,230,50,96,46,22,22,49,49,0,22,22,53,53,0,0.0029612988869600733,0.007352190340038803,49,65,16,3,3,3,2,6,90,70,38
59,128,744,81,100,19,200,210,82,82,0,128,210,81,85,4,0.00881582082439838,0.022737329384934817,63,85,22,2,2,2,12,6,2,26,12
60,2,618,26,100,74,13,90,28,44,16,2,70,26,53,27,3.4037918240920386e-05,0.009122162088566664,29,66,37,2,5,3,10,1,0,78,17
61,223,223,99,99,0,56,56,93,93,0,56,56,93,93,0,0.03808843051158991,0.03808843051158991,97,97,0,-1,2,2,2,30,99,7,96
62,0,206,1,90,89,0,36,1,34,33,0,6,1,28,27,0.0,0.0018040096667687805,1,44,43,3,-1,4,8,0,30,76,53
63,0,0,1,1,0,0,0,1,1,0,0,0,1,1,0,0.0,0.0,1,1,0,-1,-1,-1,14,0,16,91,86
64,2,618,28,100,72,8,25,28,35,7,2,18,28,43,15,3.4037918240920386e-05,0.001497668402600497,28,42,14,2,5,3,6,1,69,95,49
65,22,1662,39,100,61,154,198,65,73,8,22,198,39,86,47,0.0018040096667687805,0.0230436706491031,40,85,45,1,3,2,14,2,17,52,6
66,2,208,27,89,62,17,31,28,30,2,2,15,27,34,7,0.00010211375472276115,0.0013274788113958951,30,40,10,3,5,4,10,1,12,55,54
67,130,130,83,83,0,88,88,76,76,0,88,88,79,79,0,0.011709043874876613,0.011709043874876613,74,74,0,-1,2,2,4,13,47,24,76
68,100,100,80,80,0,100,100,98,98,0,100,100,98,98,0,0.09547636066578168,0.11913271384322136,100,100,0,2,1,1,2,16,93,18,1
69,0,0,1,1,0,0,0,1,1,0,0,0,1,1,0,0.0,0.0,1,1,0,-1,-1,-1,11,0,19,67,76
70,6,212,27,92,65,24,24,36,36,0,6,24,27,42,15,0.003369753905851118,0.006705469893461316,46,58,12,3,4,4,4,1,67,90,28
71,0,206,1,86,85,0,40,1,33,32,0,20,1,41,40,0.0,0.0035739814152966403,1,47,46,3,-1,4,8,0,27,84,41
72,186,186,92,92,0,120,120,87,87,0,120,120,89,89,0,0.01943565131556554,0.01943565131556554,86,86,0,-1,2,2,6,18,32,5,85
73,8,109,35,77,42,36,36,35,35,0,8,9,35,35,0,0.00037441710065012424,0.0004084550188910446,34,34,0,5,4,4,8,2,30,63,68
74,84,84,71,71,0,72,72,85,85,0,72,72,85,85,0,0.012968446849790666,0.012968446849790666,74,74,0,-1,2,2,3,6,94,26,80
75,2,1642,28,100,72,6,52,30,78,48,2,52,28,78,50,0.0,0.04489601415977399,1,97,96,1,5,2,3,1,76,95,15
76,145,761,86,100,14,102,102,93,93,0,102,102,93,93,0,0.023554239422716908,0.031212771026923995,85,90,5,2,2,2,4,12,78,37,25
77,16,632,34,100,66,40,94,33,43,10,16,58,34,51,17,0.0004084550188910446,0.005105687736138058,35,55,20,2,3,3,12,1,3,4,26
78,6,212,32,92,60,18,18,35,35,0,6,18,32,47,15,0.0006467204465774873,0.01242384015793594,35,74,39,3,4,4,3,1,87,49,5
79,16,118,38,78,40,44,44,49,49,0,16,18,38,41,3,0.0026889955410327104,0.002927260968719153,50,50,0,4,3,3,4,2,53,94,88
80,6,107,28,76,48,23,23,28,28,0,6,7,28,31,3,6.807583648184077e-05,0.00010211375472276115,28,29,1,5,4,4,17,1,20,78,68
81,22,228,41,90,49,106,114,55,55,0,22,34,41,47,6,0.0013955546478777359,0.0033016780693692774,39,49,10,3,3,3,14,2,16,74,61
82,136,237,79,93,14,206,206,91,91,0,136,137,80,81,1,0.009598692943939549,0.009598692943939549,67,67,0,5,2,2,9,4,28,72,68
83,12,1652,36,100,64,22,64,34,65,31,12,64,36,69,33,0.0006807583648184077,0.025766704108376733,36,85,49,1,4,2,5,2,70,63,31
84,16,16,50,50,0,22,22,52,52,0,16,16,51,51,0,0.0024166921951053475,0.0024166921951053475,50,50,0,-1,3,3,2,2,86,94,99
85,2,1642,29,100,71,7,78,29,71,42,2,78,29,74,45,0.00010211375472276115,0.04544062085162871,31,97,66,1,5,2,4,1,47,60,7
86,88,88,66,66,0,114,114,73,73,0,88,88,67,67,0,0.012219612648490419,0.012219612648490419,72,72,0,-1,3,3,9,8,26,8,93
87,100,100,61,61,0,100,100,40,40,0,100,100,61,61,0,0.023281936076789543,0.023350011913271386,87,87,0,4,1,1,14,7,8,21,4
88,0,206,1,91,90,0,54,1,37,36,0,54,1,55,54,0.0,0.007862759113652609,1,64,63,3,-1,4,9,0,31,76,33
89,6,622,30,100,70,29,78,30,38,8,6,54,30,55,25,0.00030634126416828345,0.008135062459579971,34,63,29,2,4,3,11,1,38,55,77
90,94,710,69,100,31,94,94,68,68,0,94,94,71,71,0,0.007454304094761564,0.02018448551686579,62,83,21,2,2,2,5,5,50,47,19
91,0,616,1,100,99,0,18,1,50,49,0,18,1,53,52,0.0,0.008475441641989176,1,66,65,2,-1,3,2,0,98,36,72
92,218,834,92,100,8,128,128,92,92,0,128,128,92,92,0,0.023350011913271386,0.04503216583273767,86,97,11,2,2,2,5,16,50,18,7
93,16,222,35,89,54,48,52,37,39,2,16,52,35,55,20,0.0007488342013002485,0.006262976956329351,37,58,21,3,3,3,7,2,24,42,44
94,36,652,54,100,46,28,38,45,55,10,28,38,50,58,8,0.005037611899656217,0.015453214881377854,54,78,24,2,3,3,3,6,58,28,39
95,42,658,53,100,47,90,90,58,58,0,42,90,53,67,14,0.002995336805200994,0.01933353756084278,46,84,38,2,2,2,6,2,48,61,15
96,100,100,61,61,0,100,100,40,40,0,100,100,61,61,0,0.023281936076789543,0.035603662480002726,87,94,7,1,1,1,14,7,8,21,27
97,148,348,85,98,13,110,110,77,77,0,110,110,81,81,0,0.01497668402600497,0.015248987371932332,78,78,0,3,2,2,6,14,74,32,4
98,67,67,60,60,0,46,46,43,43,0,46,46,52,52,0,0.006297014874570271,0.006297014874570271,58,58,0,-1,3,3,6,8,65,57,50
99,260,260,98,98,0,56,56,86,86,0,56,56,86,86,0,0.03625038292658021,0.03625038292658021,95,95,0,-1,2,2,2,29,95,1,40
100,22,22,45,45,0,78,78,47,47,0,22,22,45,45,0,0.0026889955410327104,0.0026889955410327104,48,48,0,-1,3,3,8,2,57,52,91
101,169,169,85,85,0,276,276,87,87,0,169,169,85,85,0,0.009905034208107831,0.009905034208107831,67,67,0,-1,2,2,14,8,16,44,45
102,84,700,56,100,44,184,184,78,78,0,84,184,56,89,33,0.009190237925048503,0.0176997174852786,67,81,14,2,2,2,10,5,0,25,77
103,54,260,63,97,34,22,22,48,48,0,22,22,51,51,0,0.006433166547533953,0.011640968038394772,59,73,14,3,3,3,2,7,95,62,21
104,120,736,81,100,19,166,166,86,86,0,120,136,82,83,1,0.010824058000612683,0.013070560604513427,70,73,3,2,2,2,8,7,39,48,71
105,6,212,33,90,57,38,46,34,38,4,6,46,33,51,18,0.00088498587426393,0.009258313761530345,38,66,28,3,4,4,9,1,26,71,33
106,212,828,87,100,13,252,252,85,85,0,212,252,87,90,3,0.016712617856291908,0.022499063957248374,73,84,11,2,2,2,14,15,25,19,34
107,46,662,54,100,46,46,66,43,53,10,46,66,54,61,7,0.0063650907110521125,0.02651553830967698,57,88,31,2,3,3,6,6,69,34,7
108,23,639,55,100,45,12,22,35,51,16,12,22,42,53,11,0.0046972327172470135,0.018176248340651485,56,83,27,2,4,3,2,6,98,35,19
109,0,616,1,100,99,0,50,1,44,43,0,50,1,57,56,0.0,0.010415602981721638,1,68,67,2,-1,3,5,0,63,97,33
110,12,113,35,77,42,38,38,34,34,0,12,13,35,37,2,0.0005105687736138058,0.0005105687736138058,34,34,0,5,4,4,9,2,54,63,68
111,18,1658,40,100,60,62,144,36,69,33,18,144,40,83,43,0.0011913271384322134,0.030361823070900983,38,89,51,1,3,2,10,2,36,74,23
112,2,2,28,28,0,7,7,28,28,0,2,2,28,28,0,0.0,0.0,1,1,0,-1,5,5,6,1,32,68,99
113,0,616,1,100,99,0,21,1,33,32,0,16,1,34,33,0.0,0.003437829742332959,1,47,46,2,-1,3,4,0,67,81,71
114,46,252,57,96,39,38,38,53,53,0,38,38,55,55,0,0.0045270431260424114,0.009292351679771264,55,69,14,3,3,3,3,6,64,28,62
115,0,616,1,100,99,0,58,1,41,40,0,52,1,55,54,0.0,0.007182000748834201,1,60,59,2,-1,3,7,0,24,89,21
116,127,127,84,84,0,64,64,68,68,0,64,64,70,70,0,0.021137547227611558,0.021137547227611558,83,83,0,-1,3,3,4,16,78,18,93
117,126,126,79,79,0,184,184,78,78,0,126,126,79,79,0,0.012832295176826986,0.012832295176826986,72,72,0,-1,2,2,10,8,18,20,76
118,6,6,29,29,0,32,32,32,32,0,6,6,29,29,0,0.00013615167296368154,0.00013615167296368154,31,31,0,-1,4,4,10,1,1,65,97
119,166,267,84,93,9,134,134,89,89,0,134,134,90,90,0,0.014908608189523128,0.01501072194424589,76,76,0,5,2,2,6,13,41,33,68
120,164,780,92,100,8,48,48,67,67,0,48,48,70,70,0,0.020354675108070392,0.04132203274447735,86,95,9,2,3,3,3,19,96,15,0
121,0,0,1,1,0,0,0,1,1,0,0,0,1,1,0,0.0,0.0,1,1,0,-1,-1,-1,3,0,81,86,93
122,1,207,26,92,66,5,30,26,38,12,1,21,26,44,18,3.4037918240920386e-05,0.00622893903808843,26,57,31,3,6,4,5,1,88,68,72
123,6,212,33,96,63,12,12,35,35,0,6,12,33,42,9,0.0026889955410327104,0.00789679703189353,51,63,12,3,4,4,2,1,86,90,31
124,6,622,29,100,71,14,40,30,39,9,6,40,29,48,19,0.00010211375472276115,0.012219612648490419,29,76,47,2,4,3,5,1,52,60,37
125,100,100,63,63,0,100,100,45,45,0,100,100,63,63,0,0.039994553933081455,0.042751625310596,94,94,0,3,1,1,11,20,19,23,41
126,1,1,26,26,0,8,8,26,26,0,1,1,26,26,0,6.807583648184077e-05,6.807583648184077e-05,27,27,0,-1,6,6,8,2,39,58,89
127,0,616,1,100,99,0,58,1,38,37,0,36,1,45,44,0.0,0.00439089145307873,1,52,51,2,-1,3,8,0,42,84,26
128,207,807,93,100,7,112,112,94,94,0,112,112,94,94,0,0.02644746247319514,0.037475747983253344,87,94,7,2,2,2,4,19,78,15,14
129,112,1752,78,100,22,166,200,88,94,6,112,200,78,94,16,0.011300588855985567,0.055073351713809185,71,98,27,1,2,2,8,4,21,38,2
130,36,652,59,100,41,22,32,55,66,11,22,32,57,67,10,0.005888559855679227,0.021920419347152727,61,85,24,2,3,3,2,6,97,26,5
131,0,0,1,1,0,0,0,1,1,0,0,0,1,1,0,0.0,0.0,1,1,0,-1,-1,-1,7,0,43,85,82
132,0,102,1,77,76,0,6,1,24,23,0,2,1,24,23,0.0,0.00010211375472276115,1,29,28,4,-1,5,5,0,50,92,55
133,84,84,66,66,0,64,64,61,61,0,64,64,64,64,0,0.009564655025698629,0.009564655025698629,66,66,0,-1,2,2,5,9,49,31,66
134,0,0,1,1,0,0,0,1,1,0,0,0,1,1,0,0.0,0.0,1,1,0,-1,-1,-1,8,0,10,40,79
135,40,656,52,100,48,68,68,66,66,0,40,68,52,68,16,0.007318152421797883,0.018857006705469893,62,84,22,2,2,2,4,1,53,90,33
136,232,848,95,100,5,64,64,68,68,0,64,64,69,69,0,0.02811532046700024,0.042104904864018515,90,95,5,2,3,3,4,27,73,10,14
137,88,190,73,92,19,72,72,80,80,0,72,72,80,80,0,0.014227849824704722,0.015827631982027978,78,80,2,4,2,2,3,4,87,38,41
138,44,250,54,92,38,50,50,49,49,0,44,50,54,54,0,0.007147962830593281,0.007556417849484326,61,62,1,3,3,3,5,4,61,38,56
139,0,0,1,1,0,0,0,1,1,0,0,0,1,1,0,0.0,0.0,1,1,0,-1,-1,-1,10,0,22,89,86
140,2,104,28,76,48,9,10,30,30,0,2,6,28,30,2,6.807583648184077e-05,0.0015657442390823377,28,43,15,4,5,5,5,1,70,55,61
141,80,182,73,96,23,32,32,71,71,0,32,32,71,71,0,0.014772456516559448,0.016712617856291908,75,79,4,4,3,3,2,9,99,27,46
142,22,22,43,43,0,54,54,39,39,0,22,22,43,43,0,0.0021784267674189047,0.0021784267674189047,46,46,0,-1,3,3,8,2,21,83,84
143,150,1790,83,100,17,144,168,88,97,9,144,168,89,97,8,0.014806494434800367,0.04339834575717349,75,97,22,1,2,2,6,8,34,17,39
144,0,206,1,91,90,0,20,1,33,32,0,20,1,47,46,0.0,0.007488342013002485,1,63,62,3,-1,4,4,0,84,40,17
145,0,206,1,96,95,0,12,1,34,33,0,12,1,42,41,0.0,0.018925082541951733,1,84,83,3,-1,4,2,0,86,80,10
146,54,670,58,100,42,80,80,66,66,0,54,80,59,67,8,0.007454304094761564,0.02100139555464788,64,84,20,2,3,3,5,7,63,62,18
147,0,1640,1,100,99,0,56,1,54,53,0,56,1,57,56,0.0,0.025222097416522007,1,85,84,1,-1,2,5,0,70,99,31
148,136,752,83,100,17,104,104,82,82,0,104,104,83,83,0,0.01589570781850982,0.02198849518363457,79,84,5,2,2,2,5,8,50,20,21
149,1,102,26,79,53,9,9,26,26,0,1,2,26,28,2,0.0,3.4037918240920386e-05,1,26,25,6,6,6,9,1,26,78,58
150,180,180,84,84,0,206,206,91,91,0,180,180,85,85,0,0.018040096667687803,0.018040096667687803,80,80,0,-1,2,2,9,9,54,39,45
151,16,632,34,100,66,42,108,32,56,24,16,64,34,55,21,0.0002042275094455223,0.00796487286837537,32,58,26,2,3,3,16,1,9,95,17
152,0,616,1,100,99,0,30,1,42,41,0,16,1,42,41,0.0,0.0034037918240920387,1,50,49,2,-1,3,4,0,47,59,53
153,0,0,1,1,0,0,0,1,1,0,0,0,1,1,0,0.0,0.0,1,1,0,-1,-1,-1,3,0,76,92,79
154,22,228,45,94,49,42,42,39,39,0,22,42,45,50,5,0.0013955546478777359,0.005582218591510943,39,53,14,3,3,3,6,3,59,51,38
155,118,118,78,78,0,204,204,85,85,0,118,118,78,78,0,0.007488342013002485,0.007488342013002485,62,62,0,-1,2,2,11,5,33,47,87
156,64,64,54,54,0,158,158,65,65,0,64,64,54,54,0,0.00439089145307873,0.00439089145307873,54,54,0,-1,2,2,14,6,16,73,36
157,22,228,51,96,45,32,32,70,70,0,22,32,51,69,18,0.002552843868069029,0.00878178290615746,46,66,20,3,3,3,2,2,95,63,31
158,410,616,98,100,2,280,280,98,98,0,280,280,98,98,0,0.03274447734776541,0.034990979951666154,90,93,3,3,2,2,10,22,11,9,90
159,24,24,49,49,0,46,46,40,40,0,24,24,49,49,0,0.0013274788113958951,0.0013274788113958951,41,41,0,-1,3,3,6,3,44,43,96
160,135,135,83,83,0,232,232,76,76,0,135,135,83,83,0,0.008373327887266415,0.008373327887266415,64,64,0,-1,2,2,14,8,8,57,87
161,14,630,41,100,59,18,28,36,42,6,14,28,41,49,8,0.0010211375472276116,0.02018448551686579,40,87,47,2,4,3,3,4,75,64,16
162,1,1,25,25,0,5,5,25,25,0,1,1,25,25,0,3.4037918240920386e-05,3.4037918240920386e-05,26,26,0,-1,6,6,5,1,80,68,89
163,90,191,79,93,14,32,32,69,69,0,32,32,69,69,0,0.012083460975526737,0.012185574730249497,74,74,0,5,3,3,2,14,90,14,55
164,56,262,54,96,42,136,136,63,63,0,56,62,54,55,1,0.002484768031587188,0.0035059055788147996,48,51,3,3,2,2,12,2,6,52,71
165,100,100,59,59,0,100,100,45,45,0,100,100,59,59,0,0.036454610436025735,0.04435140746791926,93,95,2,2,1,1,10,18,0,5,8
166,78,78,63,63,0,56,56,49,49,0,56,56,58,58,0,0.010619830491167161,0.010619830491167161,69,69,0,-1,3,3,6,8,69,8,40
167,1,103,25,84,59,2,4,25,28,3,1,3,25,31,6,0.0,0.0011232513019503727,1,38,37,4,6,5,2,2,98,58,53
168,100,100,66,66,0,100,100,52,52,0,100,100,66,66,0,0.04983151230470744,0.05265665951870384,98,99,1,3,1,1,8,22,15,9,35
169,118,219,79,89,10,158,158,79,79,0,118,119,79,79,0,0.01153885428367201,0.011913271384322134,71,71,0,5,2,2,9,9,54,27,88
170,0,102,1,81,80,0,7,1,29,28,0,4,1,32,31,0.0,0.0015657442390823377,1,42,41,4,-1,5,4,0,72,98,75
171,16,632,34,100,66,112,122,58,62,4,16,45,34,53,19,0.002995336805200994,0.006399128629293032,49,59,10,2,3,3,12,2,14,94,22
172,0,616,1,100,99,0,66,1,43,42,0,66,1,55,54,0.0,0.019741992579733823,1,83,82,2,-1,3,6,0,40,89,9
173,268,268,95,95,0,88,88,77,77,0,88,88,77,77,0,0.033425235712583816,0.033425235712583816,91,91,0,-1,2,2,4,27,79,10,91
174,0,616,1,100,99,0,42,1,35,34,0,25,1,50,49,0.0,0.0042547397801150485,1,52,51,2,-1,3,8,0,21,92,41
175,16,632,34,100,66,90,120,46,64,18,16,120,34,78,44,0.003369753905851118,0.018380475850097007,52,79,27,2,3,3,10,1,11,90,37
176,240,240,94,94,0,72,72,80,80,0,72,72,80,80,0,0.031110657272201234,0.031110657272201234,91,91,0,-1,2,2,3,27,87,10,97
177,438,1038,99,100,1,168,168,99,99,0,168,168,99,99,0,0.048674223084516154,0.05650294427992784,98,99,1,2,2,2,6,40,71,3,39
178,2,618,26,100,74,7,42,26,38,12,2,42,26,50,24,6.807583648184077e-05,0.007352190340038803,27,64,37,2,5,3,6,1,59,78,44
179,100,100,65,65,0,100,100,47,47,0,100,100,65,65,0,0.06205112495319786,0.06902889819258654,100,100,0,2,1,1,11,36,38,2,8
180,6,622,32,100,68,12,22,35,51,16,6,22,32,54,22,0.0005105687736138058,0.010143299635794275,37,69,32,2,4,3,2,1,98,49,48
181,6,622,31,100,69,14,56,31,44,13,6,56,31,58,27,3.4037918240920386e-05,0.019980258007420267,27,84,57,2,4,3,6,1,48,95,11
182,0,102,1,76,75,0,14,1,27,26,0,2,1,26,25,0.0,0.00010211375472276115,1,28,27,4,-1,5,11,0,38,40,60
183,0,616,1,100,99,0,38,1,39,38,0,38,1,52,51,0.0,0.006705469893461316,1,61,60,2,-1,3,6,0,32,36,24
184,56,56,55,55,0,60,60,51,51,0,56,56,54,54,0,0.005786446100956465,0.005786446100956465,56,56,0,-1,3,3,5,6,37,28,97
185,54,260,51,95,44,96,96,53,53,0,53,61,51,53,2,0.004493005207801491,0.0048674223084516155,53,53,0,3,2,2,7,6,46,41,56
186,2,208,28,95,67,3,12,28,36,8,2,12,28,40,12,6.807583648184077e-05,0.007147962830593281,28,64,36,3,5,4,2,1,89,95,27
187,24,1664,43,100,57,68,122,41,71,30,24,122,43,79,36,0.001599782157323258,0.04527043126042411,42,98,56,1,3,2,8,4,10,64,3
188,190,806,87,100,13,252,262,81,85,4,190,262,87,91,4,0.014227849824704722,0.022499063957248374,74,82,8,2,2,2,14,13,16,33,32
189,160,776,89,100,11,152,152,82,82,0,152,152,88,88,0,0.0160318594914735,0.031655263964055956,79,89,10,2,2,2,8,15,39,19,15
190,22,638,41,100,59,48,62,36,41,5,22,38,41,48,7,0.0009190237925048504,0.0023486163586235067,37,47,10,2,3,3,9,2,35,74,49
191,32,1672,43,100,57,80,134,40,68,28,32,134,43,79,36,0.002314578440382586,0.03277851526600633,46,91,45,1,3,2,10,2,12,52,10
192,100,100,63,63,0,100,100,47,47,0,100,100,63,63,0,0.03584192790768916,0.03584192790768916,92,92,0,-1,1,1,10,16,36,12,81
193,24,230,47,95,48,36,36,42,42,0,24,30,47,48,1,0.001497668402600497,0.0020082371762143027,42,44,2,3,3,3,5,4,45,64,88
194,100,100,73,73,0,100,100,87,87,0,100,100,87,87,0,0.0547670104496409,0.07154770414241465,97,100,3,2,1,1,4,18,79,5,16
195,8,8,36,36,0,12,12,32,32,0,8,8,36,36,0,0.0004084550188910446,0.0004084550188910446,34,34,0,-1,4,4,2,2,91,56,66
196,0,0,1,1,0,0,0,1,1,0,0,0,1,1,0,0.0,0.0,1,1,0,-1,-1,-1,4,0,78,85,50
197,2,208,26,88,62,8,30,26,33,7,2,10,26,33,7,3.4037918240920386e-05,0.0012253650566731338,26,40,14,3,5,4,7,2,24,58,61
198,24,1664,43,100,57,78,122,39,61,22,24,92,43,60,17,0.0012253650566731338,0.015385139044896015,39,73,34,1,3,2,12,4,2,64,62
199,62,678,52,100,48,154,164,63,65,2,62,114,52,75,23,0.0030634126416828346,0.006875659484665918,49,58,9,2,2,2,15,3,7,54,13
200,0,0,1,1,0,0,0,1,1,0,0,0,1,1,0,0.0,0.0,1,1,0,-1,-1,-1,6,0,34,93,66
201,224,224,88,88,0,238,238,82,82,0,224,224,88,88,0,0.023486163586235065,0.023486163586235065,85,85,0,-1,2,2,14,20,25,23,92
202,96,198,66,91,25,118,118,68,68,0,96,98,66,66,0,0.006501242384015794,0.006671431975220395,61,61,0,4,3,3,8,6,21,13,4
203,0,102,1,81,80,0,3,1,27,26,0,2,1,27,26,0.0,0.00030634126416828345,1,32,31,4,-1,5,2,0,95,59,88
204,190,806,90,100,10,148,158,96,96,0,148,158,96,96,0,0.01940161339732462,0.04823173014738419,80,99,19,2,2,2,6,8,51,8,3
205,260,1900,94,100,6,272,296,95,97,2,272,296,95,97,2,0.02215868477483917,0.0477551992920113,83,96,13,1,2,2,11,18,19,5,9
206,100,100,66,66,0,100,100,67,67,0,100,100,73,73,0,0.0746451547023384,0.0746451547023384,100,100,0,-1,1,1,5,36,52,2,98
207,16,632,35,100,65,78,88,45,47,2,16,41,35,51,16,0.002484768031587188,0.00616086320160659,47,58,11,2,3,3,8,2,15,94,22
208,56,157,61,89,28,34,34,44,44,0,34,34,55,55,0,0.005446066918547262,0.005548180673270023,59,60,1,5,3,3,4,6,72,13,88
209,16,16,35,35,0,34,34,39,39,0,16,16,35,35,0,0.0026209197045508697,0.0026209197045508697,43,43,0,-1,3,3,4,3,67,46,45
210,122,122,76,76,0,106,106,71,71,0,106,106,76,76,0,0.013479015623404473,0.013479015623404473,76,76,0,-1,2,2,7,8,43,8,87
211,63,263,61,93,32,64,64,60,60,0,64,64,63,63,0,0.007658531604207087,0.011709043874876613,63,71,8,3,3,3,4,8,83,57,38
212,0,616,1,100,99,0,46,1,41,40,0,46,1,53,52,0.0,0.010926171755335444,1,74,73,2,-1,3,6,0,48,93,39
213,0,616,1,100,99,0,118,1,54,53,0,92,1,55,54,0.0,0.01242384015793594,1,75,74,2,-1,3,16,0,4,79,30
214,129,129,83,83,0,96,96,74,74,0,96,96,74,74,0,0.016304162837400864,0.016304162837400864,79,79,0,-1,3,3,6,15,69,19,81
215,54,156,62,89,27,48,48,72,72,0,48,48,74,74,0,0.007726607440688927,0.008475441641989176,65,67,2,4,3,3,3,4,60,72,43
216,28,234,46,91,45,56,56,44,44,0,28,56,46,53,7,0.001599782157323258,0.006909697402906838,42,59,17,3,3,3,6,3,41,43,44
217,38,38,49,49,0,90,90,50,50,0,38,38,49,49,0,0.003199564314646516,0.003199564314646516,49,49,0,-1,3,3,9,6,23,70,40
218,78,678,61,100,39,110,110,78,78,0,78,110,60,81,21,0.007692569522448007,0.013513053541645392,60,75,15,2,2,2,6,4,51,38,24
219,100,100,61,61,0,100,100,40,40,0,100,100,61,61,0,0.04115184315327275,0.04128799482623643,95,95,0,3,1,1,14,22,8,9,60
220,100,202,71,90,19,104,104,82,82,0,104,104,83,83,0,0.00888389666088022,0.008986010415602982,67,68,1,4,2,2,5,7,50,21,65
221,0,206,1,92,91,0,22,1,32,31,0,8,1,34,33,0.0,0.0012253650566731338,1,39,38,3,-1,4,5,0,63,85,61
222,22,228,45,94,49,56,56,45,45,0,22,56,45,52,7,0.002586881786309949,0.005412029000306341,47,55,8,3,3,3,6,2,59,75,35
223,182,798,89,100,11,126,126,80,80,0,126,126,83,83,0,0.019367575479083698,0.02750263793866367,80,90,10,2,2,2,7,18,62,30,48
224,100,100,69,69,0,100,100,55,55,0,100,100,69,69,0,0.04806154055617958,0.04806154055617958,96,96,0,-1,1,1,8,27,30,10,87
225,196,297,89,95,6,172,172,88,88,0,172,172,90,90,0,0.019469689233806462,0.019469689233806462,80,80,0,5,2,2,9,18,35,30,95
226,348,554,96,100,4,176,176,85,85,0,176,176,89,89,0,0.032165832737669764,0.03311889444841554,88,88,0,3,2,2,8,29,42,0,74
227,16,1656,35,100,65,68,114,39,58,19,16,78,35,62,27,0.0009870996289866913,0.01865277919602437,40,78,38,1,3,2,10,2,12,42,77
228,104,720,85,100,15,32,32,58,58,0,32,32,59,59,0,0.010347527145239796,0.0337315769767521,71,91,20,2,3,3,2,14,68,32,10
229,0,206,1,92,91,0,34,1,32,31,0,12,1,33,32,0.0,0.0026549576227917903,1,46,45,3,-1,4,7,0,46,93,29
230,375,375,98,98,0,104,104,82,82,0,104,104,82,82,0,0.0425814357193914,0.0425814357193914,94,94,0,-1,2,2,5,40,80,3,50
231,0,0,1,1,0,0,0,1,1,0,0,0,1,1,0,0.0,0.0,1,1,0,-1,-1,-1,8,0,27,92,66
232,2,618,27,100,73,14,54,28,39,11,2,44,27,52,25,6.807583648184077e-05,0.007556417849484326,27,67,40,2,5,3,8,1,39,95,21
233,0,616,1,99,98,0,74,1,38,37,0,64,1,54,53,0.0,0.008305252050784574,1,66,65,2,-1,3,11,0,33,59,8
234,90,296,67,99,32,68,68,72,72,0,68,68,74,74,0,0.011334626774226489,0.015487252799618776,70,77,7,3,2,2,4,6,67,26,47
235,114,730,87,100,13,56,56,88,88,0,56,56,88,88,0,0.020695054290479593,0.05058034650600769,85,98,13,2,2,2,2,9,93,31,2
236,0,206,1,91,90,0,24,1,33,32,0,8,1,35,34,0.0,0.0013274788113958951,1,39,38,3,-1,4,6,0,44,86,61
237,0,616,1,100,99,0,52,1,40,39,0,52,1,50,49,0.0,0.011266550937744648,1,75,74,2,-1,3,7,0,46,59,12
238,112,213,75,92,17,150,150,85,85,0,112,113,77,80,3,0.009530617107457708,0.009530617107457708,67,67,0,5,2,2,7,4,46,72,58
239,144,350,81,98,17,280,280,81,81,0,144,156,81,83,2,0.008066986623098132,0.010347527145239796,58,67,9,3,2,2,17,6,20,13,75
240,148,764,85,100,15,110,110,83,83,0,110,110,83,83,0,0.01409169815174104,0.03451444909629327,73,94,21,2,2,2,6,14,71,32,10
241,281,487,98,100,2,88,88,84,84,0,88,88,84,84,0,0.03618230709009837,0.0422410565369822,94,97,3,3,2,2,4,29,67,11,25
242,107,723,79,100,21,48,48,62,62,0,48,48,64,64,0,0.013036522686272508,0.022124646856598252,75,87,12,2,3,3,3,13,64,33,27
243,150,766,84,100,16,112,112,92,92,0,112,112,92,92,0,0.017121072875182955,0.025868817863099493,79,90,11,2,2,2,4,8,53,17,27
244,190,806,90,100,10,148,148,96,96,0,148,148,96,96,0,0.01940161339732462,0.020967357636406957,80,83,3,2,2,2,6,8,51,8,4
245,22,228,42,93,51,50,50,39,39,0,22,28,42,45,3,0.0012594029749140542,0.0013955546478777359,39,41,2,3,3,3,8,2,39,74,65
246,6,622,29,100,71,13,60,29,51,22,6,60,29,55,26,0.00013615167296368154,0.024200959869294394,31,87,56,2,4,3,5,1,61,65,0
247,0,206,1,93,92,0,18,1,40,39,0,18,1,44,43,0.0,0.009939072126348753,1,67,66,3,-1,4,3,0,60,80,14
248,6,622,27,100,73,20,38,28,34,6,6,38,27,48,21,0.0004084550188910446,0.005241839409101739,33,53,20,2,4,3,6,1,40,60,35
249,22,22,41,41,0,36,36,36,36,0,22,22,41,41,0,0.0009870996289866913,0.0009870996289866913,38,38,0,-1,3,3,5,3,50,51,89
250,2,2,29,29,0,6,6,29,29,0,2,2,29,29,0,0.00010211375472276115,0.00010211375472276115,30,30,0,-1,5,5,3,1,75,55,82
251,0,206,1,88,87,0,23,1,32,31,0,14,1,36,35,0.0,0.0026549576227917903,1,46,45,3,-1,4,6,0,41,84,73
252,0,616,1,100,99,0,40,1,40,39,0,40,1,53,52,0.0,0.009394465434494027,1,70,69,2,-1,3,5,0,80,96,20
253,12,628,35,100,65,30,40,35,39,4,12,40,35,49,14,0.0023486163586235067,0.013819394805813677,45,78,33,2,4,3,5,2,52,75,12
254,2,1642,26,100,74,13,134,28,65,37,2,134,26,80,54,0.0,0.02917049593246877,1,88,87,1,5,2,10,1,1,68,9
255,162,778,81,100,19,142,142,78,78,0,142,142,82,82,0,0.016304162837400864,0.017597603730555838,75,77,2,2,2,2,8,13,27,33,60
256,0,102,1,76,75,0,14,1,27,26,0,2,1,26,25,0.0,0.0005786446100956465,1,36,35,4,-1,5,9,0,23,89,42
257,160,366,87,96,9,142,142,95,95,0,142,142,95,95,0,0.016133973246196264,0.016712617856291908,81,81,0,3,2,2,5,8,61,17,56
258,74,690,58,100,42,228,238,78,80,2,74,132,58,82,24,0.006739507811702236,0.015146873617209572,60,75,15,2,2,2,14,4,17,22,20
259,77,693,68,100,32,48,48,62,62,0,48,48,64,64,0,0.0088498587426393,0.012491915994417782,68,74,6,2,3,3,3,8,64,44,52
260,32,648,43,100,57,94,104,45,61,16,32,82,43,57,14,0.001599782157323258,0.007147962830593281,40,59,19,2,3,3,9,2,29,52,47
261,38,244,47,94,47,54,54,56,56,0,38,54,48,56,8,0.003642057251778481,0.007692569522448007,47,62,15,3,3,3,4,6,67,70,47
262,118,118,82,82,0,110,110,81,81,0,110,110,85,85,0,0.01330882603219987,0.01330882603219987,76,76,0,-1,2,2,6,9,32,27,89
263,46,46,49,49,0,112,112,62,62,0,46,46,49,49,0,0.0025188059498281084,0.0025188059498281084,46,46,0,-1,2,2,8,2,42,61,66
264,16,16,36,36,0,88,88,42,42,0,16,16,36,36,0,0.0012253650566731338,0.0012253650566731338,38,38,0,-1,3,3,11,1,38,71,76
265,0,101,1,81,80,0,3,1,24,23,0,1,1,24,23,0.0,0.0,1,1,0,6,-1,7,3,0,96,85,58
266,0,206,1,90,89,0,22,1,33,32,0,6,1,29,28,0.0,0.0013955546478777359,1,38,37,3,-1,4,5,0,80,76,53
267,56,262,62,97,35,28,28,46,46,0,28,28,51,51,0,0.00803294870485721,0.010211375472276116,63,66,3,3,3,3,3,7,85,21,22
268,0,1640,1,100,99,0,198,1,71,70,0,198,1,90,89,0.0,0.03744171006501242,1,94,93,1,-1,2,14,0,8,98,2
269,190,190,89,89,0,318,318,91,91,0,190,190,89,89,0,0.01330882603219987,0.01330882603219987,74,74,0,-1,2,2,16,9,4,27,81
270,270,886,95,100,5,104,104,86,86,0,104,104,87,87,0,0.032063718982947,0.03808843051158991,92,95,3,2,2,2,5,30,49,7,31
271,50,666,58,100,42,38,38,56,56,0,38,38,57,57,0,0.006705469893461316,0.022226760611321013,59,85,26,2,3,3,3,6,60,26,23
272,0,616,1,100,99,0,40,1,42,41,0,40,1,50,49,0.0,0.018822968787228972,1,83,82,2,-1,3,5,0,45,84,15
273,1,1,25,25,0,2,2,25,25,0,1,1,25,25,0,3.4037918240920386e-05,3.4037918240920386e-05,27,27,0,-1,6,6,2,2,89,58,98
274,16,222,42,96,54,28,28,43,43,0,16,28,42,49,7,0.0007147962830593281,0.004118588107151367,37,52,15,3,3,3,3,1,75,49,22
275,0,0,1,1,0,0,0,1,1,0,0,0,1,1,0,0.0,0.0,1,1,0,-1,-1,-1,9,0,54,67,87
276,22,124,51,86,35,64,64,64,64,0,22,64,51,66,15,0.00445896728956057,0.005173763572619898,53,56,3,4,3,3,4,3,77,29,43
277,0,206,1,90,89,0,30,1,36,35,0,30,1,48,47,0.0,0.007250076585316042,1,62,61,3,-1,4,5,0,80,96,27
278,56,262,53,92,39,134,134,66,66,0,56,78,53,58,5,0.0053439531638245,0.008713707069675619,56,64,8,3,2,2,10,3,22,29,28
279,16,632,35,100,65,106,106,58,58,0,16,62,35,53,18,0.003369753905851118,0.008577555396711936,51,59,8,2,3,3,11,1,5,90,35
280,1,207,25,96,71,2,8,25,33,8,1,8,25,39,14,0.0,0.0026549576227917903,1,47,46,3,6,4,2,1,93,78,75
281,264,264,92,92,0,320,320,92,92,0,264,264,92,92,0,0.023281936076789543,0.023281936076789543,83,83,0,-1,2,2,14,18,16,30,85
282,56,56,53,53,0,154,154,67,67,0,56,56,53,53,0,0.0033357159876101976,0.0033357159876101976,50,50,0,-1,2,2,10,2,18,52,66
283,2,102,27,79,52,5,5,27,27,0,2,4,27,30,3,6.807583648184077e-05,0.00013615167296368154,28,28,0,4,5,5,3,1,94,95,56
284,0,206,1,91,90,0,26,1,30,29,0,10,1,32,31,0.0,0.0018720855032506212,1,42,41,3,-1,4,9,0,31,79,54
285,124,124,78,78,0,284,284,81,81,0,124,124,78,78,0,0.011879233466081215,0.011879233466081215,66,66,0,-1,2,2,16,6,9,77,69
286,419,1019,98,100,2,168,168,93,93,0,168,168,94,94,0,0.038428809693999116,0.04435140746791926,92,94,2,2,2,2,6,29,44,1,25
287,0,206,1,92,91,0,20,1,31,30,0,20,1,43,42,0.0,0.00707988699411144,1,59,58,3,-1,4,6,0,69,84,8
288,0,0,1,1,0,0,0,1,1,0,0,0,1,1,0,0.0,0.0,1,1,0,-1,-1,-1,10,0,12,81,80
289,6,6,30,30,0,18,18,30,30,0,6,6,30,30,0,0.0002382654276864427,0.0002382654276864427,32,32,0,-1,4,4,9,1,35,55,40
290,0,616,1,99,98,0,80,1,41,40,0,70,1,55,54,0.0,0.009156200006807584,1,64,63,2,-1,3,11,0,19,92,8
291,118,734,80,100,20,148,158,79,82,3,118,158,80,87,7,0.01507879778072773,0.0370672929643623,75,94,19,2,2,2,9,9,26,39,7
292,0,102,1,81,80,0,8,1,30,29,0,4,1,33,32,0.0,0.0002382654276864427,1,31,30,4,-1,5,4,0,77,89,63
293,24,24,48,48,0,38,38,59,59,0,24,24,49,49,0,0.0026209197045508697,0.0026209197045508697,46,46,0,-1,3,3,3,3,92,54,99
294,54,54,57,57,0,66,66,51,51,0,54,54,57,57,0,0.006739507811702236,0.006739507811702236,62,62,0,-1,3,3,6,4,34,38,79
295,389,595,98,100,2,112,112,93,93,0,112,112,93,93,0,0.045134279587460434,0.04612137921644712,94,95,1,3,2,2,4,40,79,3,64
296,24,230,48,93,45,38,38,51,51,0,24,38,48,53,5,0.0026209197045508697,0.013717281051090916,49,78,29,3,3,3,3,3,82,54,12
297,86,1726,72,100,28,50,84,45,73,28,50,84,56,74,18,0.008986010415602982,0.03359542530378842,69,93,24,1,3,2,5,13,45,24,44
298,0,206,1,94,93,0,12,1,29,28,0,10,1,36,35,0.0,0.0018380475850097008,1,43,42,3,-1,4,4,0,53,89,70
299,150,150,83,83,0,140,140,88,88,0,150,150,91,91,0,0.017257224548146634,0.017257224548146634,79,79,0,-1,2,2,7,8,62,20,40
300,12,12,36,36,0,14,14,32,32,0,12,12,36,36,0,0.0012934408931549745,0.0012934408931549745,41,41,0,-1,4,4,3,3,96,51,79
301,132,132,89,89,0,72,72,86,86,0,72,72,86,86,0,0.019980258007420267,0.019980258007420267,83,83,0,-1,2,2,3,14,92,14,69
302,128,334,76,97,21,190,190,71,71,0,128,134,76,76,0,0.012185574730249497,0.01245787807617686,68,70,2,3,3,3,15,8,7,8,88
303,6,622,30,100,70,18,60,33,50,17,6,60,30,61,31,0.0002382654276864427,0.02648150039143606,31,87,56,2,4,3,5,1,80,4,11
304,0,102,1,78,77,0,6,1,28,27,0,2,1,28,27,0.0,0.0002723033459273631,1,33,32,4,-1,5,4,0,47,98,4
305,2,208,26,93,67,4,14,26,31,5,2,14,26,38,12,0.0,0.003199564314646516,1,50,49,3,5,4,3,1,82,68,41
306,0,0,1,1,0,0,0,1,1,0,0,0,1,1,0,0.0,0.0,1,1,0,-1,-1,-1,12,0,14,99,84
307,52,152,58,90,32,48,48,67,67,0,48,48,70,70,0,0.008986010415602982,0.009292351679771264,66,67,1,4,3,3,3,5,96,25,63
308,224,824,95,100,5,56,56,85,85,0,56,56,85,85,0,0.04098165356206814,0.05197590115388543,95,98,3,2,2,2,2,27,90,10,37
309,1,617,25,100,75,5,40,25,42,17,1,40,25,51,26,3.4037918240920386e-05,0.015385139044896015,26,77,51,2,6,3,5,1,45,68,30
310,138,738,83,100,17,184,184,83,83,0,138,184,83,91,8,0.016440314510364547,0.03066816433506927,80,89,9,2,2,2,10,9,1,39,16
311,373,474,97,99,2,248,248,90,90,0,248,248,92,92,0,0.031655263964055956,0.031655263964055956,90,90,0,6,2,2,11,29,38,11,58
312,49,255,64,99,35,22,22,47,47,0,22,22,52,52,0,0.005582218591510943,0.007624493685966166,60,64,4,3,3,3,2,4,89,22,70
313,88,288,59,94,35,142,142,68,68,0,88,101,59,73,14,0.007113924912352361,0.009020048333843901,60,63,3,3,3,3,12,8,2,57,22
314,0,102,1,80,79,0,6,1,29,28,0,3,1,31,30,0.0,0.00034037918240920387,1,34,33,4,-1,5,3,0,76,93,56
315,120,736,78,100,22,228,228,75,75,0,120,136,78,81,3,0.007318152421797883,0.00980292045338507,58,67,9,2,2,2,14,6,16,13,46
316,80,80,66,66,0,88,88,73,73,0,88,88,74,74,0,0.007590455767725246,0.007590455767725246,61,61,0,-1,2,2,4,6,83,28,69
317,40,656,50,100,50,82,130,41,61,20,40,96,50,58,8,0.0015317063208414173,0.008407365805507334,41,60,19,2,2,2,11,1,5,4,21
318,46,252,54,95,41,70,70,51,51,0,46,53,54,57,3,0.004561081044283332,0.004901460226692535,53,55,2,3,2,2,6,2,48,74,63
319,112,112,75,75,0,242,242,80,80,0,112,112,75,75,0,0.00881582082439838,0.00881582082439838,64,64,0,-1,2,2,14,4,16,38,81
320,22,1662,40,100,60,76,166,37,73,36,22,166,40,87,47,0.00037441710065012424,0.028149358385241158,32,87,55,1,3,2,12,2,3,56,16
321,16,632,43,100,57,30,40,43,48,5,16,40,43,55,12,0.0007488342013002485,0.015725518227305217,37,80,43,2,3,3,4,1,73,88,16
322,227,1867,92,100,8,144,168,94,98,4,144,168,94,98,4,0.02831954797644576,0.053439531638245004,90,99,9,1,2,2,6,20,71,23,6
323,0,206,1,89,88,0,44,1,35,34,0,36,1,52,51,0.0,0.004186663943633207,1,52,51,3,-1,4,8,0,57,82,13
324,88,88,61,61,0,132,132,72,72,0,88,88,61,61,0,0.007488342013002485,0.007488342013002485,61,61,0,-1,2,2,8,7,27,62,82
325,335,435,96,100,4,104,104,88,88,0,104,104,88,88,0,0.04183260151809115,0.04200279110929576,96,96,0,5,2,2,5,40,88,3,65
326,0,0,1,1,0,0,0,1,1,0,0,0,1,1,0,0.0,0.0,1,1,0,-1,-1,-1,6,0,51,84,99
327,100,100,77,77,0,100,100,97,97,0,100,100,97,97,0,0.08169100377820893,0.09421695769086763,100,100,0,3,1,1,3,30,55,7,15
328,18,634,43,100,57,30,40,39,44,5,18,40,43,51,8,0.0020763130126961434,0.010926171755335444,46,71,25,2,4,3,5,3,37,54,77
329,0,1640,1,100,99,0,78,1,67,66,0,78,1,70,69,0.0,0.03996051601484053,1,94,93,1,-1,2,4,0,83,91,5
330,222,1822,91,100,9,256,256,94,94,0,222,256,92,95,3,0.022601177711971135,0.053609721229449604,84,98,14,1,2,2,10,12,11,37,3
331,196,812,87,100,13,222,232,91,92,1,196,232,89,94,5,0.01330882603219987,0.025766704108376733,73,88,15,2,2,2,10,9,18,31,37
332,135,341,84,97,13,200,200,74,74,0,135,150,84,85,1,0.008747744987916539,0.01147077844719017,67,70,3,3,2,2,12,8,6,57,73
333,46,46,53,53,0,74,74,62,62,0,46,46,53,53,0,0.004016474352428605,0.004016474352428605,52,52,0,-1,2,2,5,2,37,52,92
334,34,135,56,89,33,22,22,49,49,0,22,22,53,53,0,0.006535280302256714,0.006535280302256714,63,63,0,6,3,3,2,7,90,62,68
335,16,632,35,100,65,108,128,58,60,2,16,57,35,53,18,0.002723033459273631,0.006977773239388679,47,60,13,2,3,3,13,2,13,94,28
336,0,616,1,100,99,0,56,1,43,42,0,56,1,51,50,0.0,0.012559991830899623,1,72,71,2,-1,3,6,0,56,67,39
337,8,624,35,100,65,46,60,38,38,0,8,60,35,57,22,0.00037441710065012424,0.007216038667075122,33,64,31,2,4,3,9,2,23,56,31
338,86,188,69,93,24,64,64,68,68,0,64,64,69,69,0,0.009326389598012186,0.010858095918853602,68,73,5,4,3,3,4,7,73,21,75
339,0,0,1,1,0,0,0,1,1,0,0,0,1,1,0,0.0,0.0,1,1,0,-1,-1,-1,2,0,99,79,59
340,58,58,68,68,0,32,32,63,63,0,32,32,65,65,0,0.010279451308757957,0.010279451308757957,69,69,0,-1,3,3,2,6,98,77,99
341,78,180,72,90,18,38,38,56,56,0,38,38,57,57,0,0.011300588855985567,0.011675005956635693,72,73,1,4,3,3,3,8,60,17,56
342,100,100,57,57,0,100,100,38,38,0,100,100,57,57,0,0.026277272881990537,0.026277272881990537,86,86,0,-1,1,1,16,15,4,19,76
343,18,634,47,100,53,22,32,47,63,16,18,32,50,63,13,0.0018380475850097008,0.011947309302563056,43,72,29,2,3,3,2,2,89,61,72
344,47,663,51,100,49,44,44,44,44,0,44,44,50,50,0,0.005037611899656217,0.021954457265393648,50,85,35,2,3,3,4,6,67,35,15
345,0,0,1,1,0,0,0,1,1,0,0,0,1,1,0,0.0,0.0,1,1,0,-1,-1,-1,4,0,72,85,92
346,0,206,1,97,96,0,8,1,34,33,0,8,1,40,39,0.0,0.003778208924742163,1,50,49,3,-1,4,2,0,97,82,41
347,6,108,31,78,47,27,27,33,33,0,6,8,31,35,4,0.00013615167296368154,0.000442492937131965,32,36,4,4,4,4,8,1,57,4,56
348,0,0,1,1,0,0,0,1,1,0,0,0,1,1,0,0.0,0.0,1,1,0,-1,-1,-1,4,0,83,93,59
349,2,618,27,100,73,14,96,28,43,15,2,79,27,59,32,6.807583648184077e-05,0.013649205214609075,28,75,47,2,5,3,11,1,38,68,37
350,16,222,42,94,52,28,28,43,43,0,16,22,42,45,3,0.0018380475850097008,0.004322815616596889,43,53,10,3,3,3,3,1,66,53,90
351,159,359,90,99,9,88,88,80,80,0,88,88,80,80,0,0.025290173253003846,0.03100854351747847,87,89,2,3,2,2,4,16,84,18,20
352,339,545,99,100,1,120,120,90,90,0,120,120,90,90,0,0.04806154055617958,0.05047823275128493,99,99,0,3,2,2,6,36,69,2,46
353,0,206,1,88,87,0,26,1,31,30,0,8,1,33,32,0.0,0.001055175465468532,1,38,37,3,-1,4,7,1,24,69,83
354,0,1640,1,100,99,0,154,1,63,62,0,101,1,76,75,0.0,0.013581129378127233,1,72,71,1,-1,2,17,0,20,59,44
355,2,208,27,91,64,13,38,27,33,6,2,10,27,34,7,0.00013615167296368154,0.0012594029749140542,29,37,8,3,5,4,11,1,38,78,52
356,0,616,1,100,99,0,94,1,50,49,0,94,1,63,62,0.0,0.02740052418394091,1,89,88,2,-1,3,9,0,23,97,3
357,0,0,1,1,0,0,0,1,1,0,0,0,1,1,0,0.0,0.0,1,1,0,-1,-1,-1,3,0,85,98,92
358,0,206,1,90,89,0,22,1,33,32,0,22,1,44,43,0.0,0.005922597773920147,1,60,59,3,-1,4,5,0,80,89,24
359,0,102,1,79,78,0,6,1,28,27,0,5,1,31,30,0.0,0.0009530617107457708,1,38,37,4,-1,5,3,0,58,84,64
360,257,359,95,100,5,54,54,56,56,0,54,54,57,57,0,0.028693965077095884,0.029340685523673374,90,91,1,4,3,3,4,29,67,1,74
361,0,616,1,100,99,0,66,1,41,40,0,66,1,56,55,0.0,0.016304162837400864,1,78,77,2,-1,3,9,0,35,76,30
362,0,206,1,90,89,0,26,1,33,32,0,6,1,28,27,0.0,0.0020422750944552232,1,44,43,3,-1,4,7,0,43,91,46
363,6,622,30,100,70,12,44,30,47,17,6,44,30,53,23,0.00010211375472276115,0.013410939786922631,29,76,47,2,4,3,4,1,83,65,19
364,121,121,84,84,0,48,48,62,62,0,48,48,64,64,0,0.01844855168657885,0.01844855168657885,85,85,0,-1,3,3,3,12,64,37,97
365,0,206,1,91,90,0,24,1,33,32,0,8,1,33,32,0.0,0.0018720855032506212,1,39,38,3,-1,4,6,1,56,50,52
366,52,52,53,53,0,80,80,54,54,0,52,52,53,53,0,0.004322815616596889,0.004322815616596889,54,54,0,-1,2,2,6,3,40,43,86
367,186,802,92,100,8,120,120,87,87,0,120,120,89,89,0,0.01943565131556554,0.025834779944858572,86,88,2,2,2,2,6,18,32,5,72
368,94,300,76,98,22,38,38,57,57,0,38,38,59,59,0,0.01579359406378706,0.026719765819122502,79,88,9,3,3,3,3,9,55,39,19
369,0,206,1,96,95,0,8,1,32,31,0,8,1,36,35,0.0,0.003642057251778481,1,50,49,3,-1,4,2,0,99,92,73
370,24,1664,49,100,51,22,56,54,91,37,22,56,54,91,37,0.005037611899656217,0.05769427141836005,55,98,43,1,3,2,2,6,99,73,94
371,6,212,30,91,61,18,30,33,36,3,6,30,30,48,18,0.0002382654276864427,0.011368664692467409,31,71,40,3,4,4,5,1,80,4,6
372,0,616,1,100,99,0,44,1,47,46,0,44,1,53,52,0.0,0.01055175465468532,1,70,69,2,-1,3,4,0,83,85,17
373,331,433,99,100,1,88,88,71,71,0,88,88,71,71,0,0.03182545355526056,0.032063718982947,94,94,0,4,2,2,4,29,53,1,42
374,298,399,95,99,4,160,160,93,93,0,160,160,94,94,0,0.02900030634126417,0.02900030634126417,89,89,0,5,2,2,7,22,62,9,95
375,36,1676,45,100,55,142,200,66,71,5,36,200,45,87,42,0.0034037918240920387,0.029817216379046257,51,91,40,1,3,2,16,6,9,73,10
376,0,1640,1,100,99,0,184,1,69,68,0,184,1,88,87,0.0,0.02396269444160795,1,88,87,1,-1,2,14,0,8,79,15
377,0,0,1,1,0,0,0,1,1,0,0,0,1,1,0,0.0,0.0,1,1,0,-1,-1,-1,14,0,25,80,67
378,100,100,75,75,0,100,100,89,89,0,100,100,89,89,0,0.03846284761224004,0.038394771775758195,95,95,0,5,1,1,4,2,73,83,95
379,0,0,1,1,0,0,0,1,1,0,0,0,1,1,0,0.0,0.0,1,1,0,-1,-1,-1,2,0,91,79,97
380,16,632,34,100,66,92,122,41,61,20,16,122,34,78,44,0.0026889955410327104,0.014670342761836687,48,73,25,2,3,3,12,2,2,94,5
381,282,898,93,100,7,300,310,91,92,1,300,310,94,95,1,0.023111746485584943,0.02474556656114912,85,87,2,2,2,2,14,16,17,12,71
382,6,212,29,89,60,26,34,30,31,1,6,12,29,32,3,0.0002042275094455223,0.0006467204465774873,33,35,2,3,4,4,11,1,33,60,49
383,22,638,40,100,60,52,84,36,47,11,22,86,40,65,25,0.0007488342013002485,0.010892133837094524,38,73,35,2,3,3,9,2,31,63,20
384,76,1716,56,100,44,142,206,62,75,13,76,206,56,89,33,0.005888559855679227,0.02188638142891181,56,84,28,1,2,2,13,6,13,35,31
385,0,102,1,75,74,0,17,1,27,26,0,2,1,26,25,0.0,0.00030634126416828345,1,32,31,4,-1,5,10,1,12,69,49
386,32,238,43,93,50,130,130,66,66,0,32,38,43,46,3,0.004663194799006093,0.005241839409101739,52,54,2,3,3,3,10,3,12,29,42
387,0,206,1,93,92,0,18,1,39,38,0,18,1,45,44,0.0,0.012696143503863304,1,76,75,3,-1,4,3,0,55,86,30
388,223,223,99,99,0,80,80,97,97,0,80,80,97,97,0,0.05058034650600769,0.05058034650600769,97,97,0,-1,2,2,2,27,97,10,96
389,88,688,61,100,39,184,184,83,83,0,88,124,61,79,18,0.007352190340038803,0.015453214881377854,62,77,15,2,2,2,10,7,1,62,20
390,6,108,30,77,47,12,12,30,30,0,6,8,30,35,5,0.00034037918240920387,0.00088498587426393,33,37,4,4,4,4,4,1,53,4,42
391,76,282,63,96,33,70,70,58,58,0,70,70,64,64,0,0.008305252050784574,0.0212056230640934,67,85,18,3,3,3,5,7,63,21,15
392,0,0,1,1,0,0,0,1,1,0,0,0,1,1,0,0.0,0.0,1,1,0,-1,-1,-1,8,0,10,66,89
393,192,398,91,100,9,134,134,87,87,0,134,134,88,88,0,0.01773375540351952,0.01841451376833793,81,81,0,3,2,2,6,14,34,32,63
394,62,268,54,92,38,160,160,68,68,0,62,70,54,54,0,0.004663194799006093,0.005616256509751864,53,54,1,3,2,2,11,6,5,70,43
395,6,212,33,93,60,24,24,38,38,0,6,24,33,50,17,0.0011232513019503727,0.013955546478777357,41,79,38,3,4,4,4,1,72,71,18
396,154,154,88,88,0,94,94,78,78,0,94,94,79,79,0,0.017495489975833077,0.017495489975833077,79,79,0,-1,2,2,5,16,88,12,76
397,32,1672,47,100,53,110,174,59,83,24,32,174,47,89,42,0.0026209197045508697,0.046223492971169886,48,96,48,1,3,2,10,2,36,52,2
398,100,100,59,59,0,100,100,45,45,0,100,100,59,59,0,0.03761189965621702,0.042275094455223115,95,95,0,2,1,1,10,20,0,23,25
399,422,1038,99,100,1,144,144,91,91,0,144,144,92,92,0,0.047993464719697745,0.05823887811021478,99,99,0,2,2,2,6,36,51,2,12
400,33,134,54,88,34,12,12,39,39,0,12,12,45,45,0,0.00616086320160659,0.0061949011198475104,59,59,0,5,4,4,2,8,93,57,65
401,0,0,1,1,0,0,0,1,1,0,0,0,1,1,0,0.0,0.0,1,1,0,-1,-1,-1,4,0,67,92,81
402,375,575,100,100,0,144,144,88,88,0,144,144,89,89,0,0.0374076721467715,0.039824364341876854,94,95,1,3,2,2,6,29,34,1,13
403,22,228,41,95,54,52,52,43,43,0,22,31,41,49,8,0.003710133088260322,0.005037611899656217,53,55,2,3,3,3,6,2,34,75,43
404,184,390,88,96,8,222,222,92,92,0,184,190,87,91,4,0.01695088328397835,0.020014295925661188,77,81,4,3,2,2,10,8,12,20,29
405,154,154,87,87,0,88,88,73,73,0,88,88,74,74,0,0.011606930120153852,0.011606930120153852,71,71,0,-1,2,2,4,13,83,24,93
406,2,618,27,100,73,23,84,28,37,9,2,50,27,52,25,0.0002042275094455223,0.007692569522448007,29,63,34,2,5,3,13,1,13,55,17
407,0,1640,1,100,99,0,124,1,64,63,0,124,1,81,80,0.0,0.04537254501514688,1,98,97,1,-1,2,10,0,36,99,3
408,136,342,84,96,12,248,248,90,90,0,136,151,84,85,1,0.011675005956635693,0.014602266925354846,71,76,5,3,2,2,11,7,38,62,73
409,102,204,76,88,12,128,128,67,67,0,102,104,76,76,0,0.012083460975526737,0.012185574730249497,72,72,0,4,3,3,8,8,15,17,4
410,431,631,99,100,1,256,256,95,95,0,256,256,95,95,0,0.03437829742332959,0.03604615541713469,93,95,2,3,2,2,10,29,18,11,46
411,397,997,100,100,0,112,112,93,93,0,112,112,93,93,0,0.05051227066952585,0.06943735321147759,96,100,4,2,2,2,4,36,79,2,7
412,84,290,73,98,25,72,72,80,80,0,72,72,80,80,0,0.011300588855985567,0.01232172640321318,74,76,2,3,2,2,3,9,66,31,88
413,0,101,1,81,80,0,3,1,24,23,0,1,1,24,23,0.0,0.0002723033459273631,1,32,31,5,-1,6,3,0,66,98,60
414,100,100,60,60,0,100,100,52,52,0,100,100,60,60,0,0.030497974743864665,0.03168930188229688,90,91,1,3,1,1,9,14,29,32,61
415,111,213,78,90,12,152,152,80,80,0,111,113,78,78,0,0.00891793457912114,0.008951972497362062,67,67,0,4,2,2,8,8,30,44,95
416,36,36,59,59,0,22,22,55,55,0,22,22,57,57,0,0.005888559855679227,0.005888559855679227,61,61,0,-1,3,3,2,6,97,26,91
417,0,616,1,100,99,0,30,1,32,31,0,20,1,41,40,0.0,0.0027911092957554717,1,45,44,2,-1,3,6,0,40,91,43
418,125,741,88,100,12,48,48,65,65,0,48,48,68,68,0,0.014364001497668403,0.03509309370638892,80,95,15,2,3,3,3,15,66,19,7
419,160,160,89,89,0,72,72,83,83,0,72,72,83,83,0,0.023315973995030465,0.023315973995030465,86,86,0,-1,2,2,3,18,58,30,84
420,0,616,1,100,99,0,44,1,37,36,0,44,1,49,48,0.0,0.010619830491167161,1,73,72,2,-1,3,7,0,46,98,39
421,0,206,1,94,93,0,14,1,31,30,0,14,1,40,39,0.0,0.002484768031587188,1,45,44,3,-1,4,3,0,96,36,22
422,0,101,1,75,74,0,6,1,25,24,0,1,1,25,24,0.0,0.0,1,1,0,5,-1,6,6,0,65,87,95
423,136,752,87,100,13,102,102,93,93,0,102,102,93,93,0,0.019639878825011062,0.03087239184451479,82,89,7,2,2,2,4,8,84,8,39
424,16,16,45,45,0,28,28,46,46,0,16,16,44,44,0,0.003165526396405596,0.003165526396405596,49,49,0,-1,3,3,3,3,85,46,40
425,158,774,81,100,19,278,298,80,84,4,158,298,81,95,14,0.010347527145239796,0.025119983661799246,60,90,30,2,2,2,16,6,9,34,30
426,226,1866,92,100,8,246,270,87,92,5,226,270,91,94,3,0.019129310051397258,0.035603662480002726,80,94,14,1,2,2,13,18,13,30,8
427,0,616,1,100,99,0,86,1,42,41,0,86,1,64,63,0.0,0.014772456516559448,1,74,73,2,-1,3,10,0,12,79,15
428,32,648,43,100,57,94,104,45,61,16,32,104,43,72,29,0.001599782157323258,0.012798257258586064,40,72,32,2,3,3,9,2,29,52,39
429,6,6,31,31,0,32,32,35,35,0,6,6,31,31,0,0.000442492937131965,0.000442492937131965,36,36,0,-1,4,4,8,1,57,49,59
430,0,0,1,1,0,0,0,1,1,0,0,0,1,1,0,0.0,0.0,1,1,0,-1,-1,-1,5,0,88,87,66
431,18,18,43,43,0,36,36,38,38,0,18,18,43,43,0,0.0018040096667687805,0.0018040096667687805,44,44,0,-1,3,3,5,2,61,83,80
432,2,208,27,90,63,7,12,28,31,3,2,10,27,38,11,0.00013615167296368154,0.0009190237925048504,30,38,8,3,5,4,4,1,79,65,74
433,64,64,59,59,0,80,80,65,65,0,64,64,61,61,0,0.007420266176520644,0.007420266176520644,63,63,0,-1,3,3,5,4,37,38,76
434,56,262,53,91,38,138,138,71,71,0,56,68,53,60,7,0.004629156880765172,0.00616086320160659,52,55,3,3,2,2,9,2,54,52,83
435,0,616,1,100,99,0,56,1,40,39,0,56,1,53,52,0.0,0.011913271384322134,1,73,72,2,-1,3,6,0,40,66,5
436,0,101,1,73,72,0,12,1,25,24,0,1,1,25,24,0.0,0.0,1,1,0,5,-1,6,12,0,2,84,58
437,0,0,1,1,0,0,0,1,1,0,0,0,1,1,0,0.0,0.0,1,1,0,-1,-1,-1,2,0,68,85,79
438,80,280,59,95,36,128,128,72,72,0,80,128,59,82,23,0.009088124170325743,0.013989584397018279,69,74,5,3,2,2,9,6,35,34,21
439,6,6,33,33,0,12,12,35,35,0,6,6,33,33,0,0.0008169100377820892,0.0008169100377820892,38,38,0,-1,4,4,2,1,86,71,45
440,256,462,94,100,6,88,88,80,80,0,88,88,80,80,0,0.03260832567480173,0.036624800027230335,90,92,2,3,2,2,4,27,84,10,26
441,150,150,83,83,0,152,152,78,78,0,152,152,85,85,0,0.016372238673882704,0.016372238673882704,79,79,0,-1,2,2,8,12,42,37,80
442,22,1662,43,100,57,58,102,39,63,24,22,102,43,77,34,0.0012934408931549745,0.019912182170938427,40,83,43,1,3,2,8,2,30,74,14
443,0,616,1,100,99,0,21,1,33,32,0,16,1,35,34,0.0,0.007692569522448007,1,61,60,2,-1,3,6,0,56,86,58
444,2,2,26,26,0,6,6,26,26,0,2,2,26,26,0,6.807583648184077e-05,6.807583648184077e-05,28,28,0,-1,5,5,5,1,80,78,89
445,431,1031,99,100,1,336,336,96,96,0,336,336,98,98,0,0.03257428775656081,0.03461656285101603,92,92,0,2,2,2,15,29,7,11,29
446,214,420,90,97,7,142,142,72,72,0,142,142,83,83,0,0.02130773681881616,0.02392865652336703,85,85,0,3,2,2,8,16,42,18,73
447,144,350,86,98,12,64,64,65,65,0,64,64,67,67,0,0.021614078082984444,0.025494400762449368,86,88,2,3,3,3,4,20,47,23,57
448,201,407,89,97,8,134,134,88,88,0,134,134,89,89,0,0.017869907076483203,0.01844855168657885,80,81,1,3,2,2,6,15,40,19,78
449,84,84,60,60,0,212,212,78,78,0,84,84,60,60,0,0.010313489226998877,0.010313489226998877,69,69,0,-1,2,2,13,5,13,25,69
450,0,616,1,100,99,0,58,1,35,34,0,38,1,49,48,0.0,0.005786446100956465,1,57,56,2,-1,3,10,0,36,81,34
451,2,2,27,27,0,4,4,29,29,0,2,2,27,27,0,0.00030634126416828345,0.00030634126416828345,31,31,0,-1,5,5,2,1,99,60,81
452,118,324,80,97,17,148,148,79,79,0,118,148,80,85,5,0.01507879778072773,0.018040096667687803,75,80,5,3,2,2,9,9,26,39,29
453,0,0,1,1,0,0,0,1,1,0,0,0,1,1,0,0.0,0.0,1,1,0,-1,-1,-1,16,0,4,84,86
454,100,100,61,61,0,100,100,40,40,0,100,100,61,61,0,0.06320841417338915,0.06399128629293033,100,100,0,2,1,1,14,36,8,2,71
455,112,728,75,100,25,210,210,78,78,0,112,210,75,91,16,0.008135062459579971,0.018074134585928724,64,80,16,2,2,2,12,4,6,72,19
456,70,686,61,100,39,110,130,58,65,7,64,130,58,79,21,0.005241839409101739,0.012832295176826986,55,73,18,2,2,2,10,6,12,41,31
457,100,100,72,72,0,100,100,77,77,0,100,100,77,77,0,0.036454610436025735,0.044759862486810305,94,97,3,2,1,1,6,6,69,73,17
458,0,206,1,90,89,0,14,1,30,29,0,8,1,36,35,0.0,0.0011232513019503727,1,38,37,3,-1,4,5,1,80,69,74
459,0,0,1,1,0,0,0,1,1,0,0,0,1,1,0,0.0,0.0,1,1,0,-1,-1,-1,2,0,93,86,80
460,2,2,26,26,0,16,16,26,26,0,2,2,26,26,0,3.4037918240920386e-05,3.4037918240920386e-05,26,26,0,-1,5,5,15,1,7,78,80
461,6,107,31,84,53,10,10,31,31,0,6,7,31,35,4,0.00034037918240920387,0.00037441710065012424,33,33,0,6,4,4,3,1,92,49,68
462,92,194,77,92,15,72,72,86,86,0,72,72,86,86,0,0.016882807447496512,0.01783586915824228,81,82,1,4,2,2,3,8,92,17,52
463,16,16,36,36,0,60,60,52,52,0,16,16,36,36,0,0.0029612988869600733,0.0029612988869600733,49,49,0,-1,3,3,5,3,61,46,81
464,84,290,74,99,25,22,22,48,48,0,22,22,51,51,0,0.011130399264780965,0.019707954661492902,71,84,13,3,3,3,2,9,95,27,77
465,30,646,46,100,54,100,100,47,47,0,30,78,46,58,12,0.00442492937131965,0.011845195547840293,52,70,18,2,3,3,10,6,22,73,77
466,100,100,60,60,0,100,100,40,40,0,100,100,60,60,0,0.0212056230640934,0.043023928656523366,81,97,16,2,1,1,14,9,25,27,10
467,34,650,47,99,52,112,142,60,63,3,34,142,47,84,37,0.0015317063208414173,0.0247115286429082,42,89,47,2,3,3,12,4,6,64,1
468,98,304,74,98,24,48,48,65,65,0,48,48,68,68,0,0.012832295176826986,0.017903944994724124,79,83,4,3,3,3,3,13,66,33,62
469,169,785,85,100,15,276,276,87,87,0,169,276,85,92,7,0.009905034208107831,0.016984921202219273,67,77,10,2,2,2,14,8,16,44,24
470,119,325,89,100,11,56,56,92,92,0,56,56,92,92,0,0.03277851526600633,0.034310221586847746,95,95,0,3,2,2,2,15,97,16,52
471,88,704,73,100,27,60,70,52,61,9,60,70,62,68,6,0.011334626774226489,0.027706865448109193,75,90,15,2,3,3,5,8,45,8,16
472,70,172,67,91,24,48,48,62,62,0,48,48,64,64,0,0.006399128629293032,0.006841621566424997,59,62,3,4,3,3,3,5,64,47,74
473,0,616,1,100,99,0,58,1,39,38,0,58,1,60,59,0.0,0.009462541270975866,1,69,68,2,-1,3,8,0,39,80,19
474,54,260,63,97,34,32,32,70,70,0,32,32,70,70,0,0.0088498587426393,0.019639878825011062,66,83,17,3,3,3,2,7,95,48,37
475,60,266,61,95,34,70,70,62,62,0,60,70,62,68,6,0.00704584907587052,0.011675005956635693,61,75,14,3,3,3,5,5,45,47,38
476,178,384,88,98,10,144,144,91,91,0,144,144,92,92,0,0.02556247659893121,0.0318935293917424,86,91,5,3,2,2,6,12,51,37,34
477,6,6,30,30,0,18,18,30,30,0,6,6,30,30,0,0.0002382654276864427,0.0002382654276864427,32,32,0,-1,4,4,9,1,35,55,99
478,8,214,35,93,58,20,20,32,32,0,8,14,35,38,3,0.0008169100377820892,0.0038462847612240037,38,50,12,3,4,4,6,2,69,74,90
479,67,1707,60,100,40,46,90,43,62,19,46,90,52,68,16,0.006297014874570271,0.0283876238129276,58,91,33,1,3,2,6,8,65,57,41
480,136,136,83,83,0,158,158,78,78,0,136,136,86,86,0,0.012832295176826986,0.012832295176826986,72,72,0,-1,2,2,9,8,29,17,40
481,226,842,92,100,8,176,176,85,85,0,176,176,89,89,0,0.019571802988529223,0.02641342455495422,82,87,5,2,2,2,8,18,42,30,27
482,100,100,68,68,0,100,100,57,57,0,100,100,68,68,0,0.055107389632050106,0.055107389632050106,98,98,0,-1,1,1,8,29,39,0,80
483,100,100,69,69,0,100,100,87,87,0,100,100,87,87,0,0.06341264168283468,0.06773545729943156,100,100,0,3,1,1,4,18,83,5,31
484,0,0,1,1,0,0,0,1,1,0,0,0,1,1,0,0.0,0.0,1,1,0,-1,-1,-1,6,0,65,96,85
485,41,657,57,100,43,38,38,47,47,0,38,38,53,53,0,0.004322815616596889,0.01783586915824228,53,83,30,2,3,3,3,6,75,35,39
486,100,100,58,58,0,100,100,38,38,0,100,100,58,58,0,0.03158718812757412,0.06715681268933592,92,100,8,1,1,1,16,19,9,15,3
487,28,234,51,91,40,50,50,49,49,0,28,34,51,51,0,0.002586881786309949,0.00527587732734266,48,55,7,3,3,3,5,3,61,54,90
488,92,193,72,93,21,54,54,55,55,0,54,54,60,60,0,0.012049423057285817,0.012219612648490419,75,75,0,5,3,3,4,8,73,17,55
489,100,100,58,58,0,100,100,38,38,0,100,100,58,58,0,0.01940161339732462,0.03512713162462984,84,94,10,1,1,1,16,7,9,21,6
490,0,1640,1,100,99,0,158,1,65,64,0,110,1,75,74,0.0,0.0158616699002689,1,73,72,1,-1,2,14,0,8,81,21
491,26,26,54,54,0,22,22,49,49,0,22,22,53,53,0,0.003437829742332959,0.003437829742332959,51,51,0,-1,3,3,2,6,90,41,89
492,94,94,61,61,0,238,238,81,81,0,94,94,61,61,0,0.010926171755335444,0.010926171755335444,68,68,0,-1,2,2,14,5,17,25,84
493,154,1794,83,100,17,120,144,78,91,13,120,144,78,91,13,0.011368664692467409,0.02740052418394091,71,88,17,1,2,2,6,13,41,24,54
494,256,356,93,94,1,200,200,93,93,0,200,200,93,93,0,0.021137547227611558,0.021546002246502605,82,83,1,4,2,2,8,18,27,5,42
495,87,703,70,100,30,72,72,77,77,0,72,72,77,77,0,0.01055175465468532,0.023622315259198747,74,87,13,2,2,2,3,8,82,57,6
496,202,202,92,92,0,216,216,80,80,0,216,216,92,92,0,0.018788930868988054,0.018788930868988054,81,81,0,-1,2,2,12,18,6,30,40
497,0,616,1,100,99,0,40,1,43,42,0,40,1,52,51,0.0,0.00888389666088022,1,68,67,2,-1,3,5,0,70,92,20
498,2,208,29,92,63,8,12,31,33,2,2,8,29,36,7,0.0002042275094455223,0.0006126825283365669,31,36,5,3,5,4,4,1,77,60,42
499,6,212,32,93,61,10,18,32,35,3,6,18,32,46,14,0.00030634126416828345,0.004220701861874128,33,53,20,3,4,4,3,1,64,65,38
500,168,784,90,100,10,96,96,93,93,0,96,96,93,93,0,0.02569862827189489,0.045304469178665034,91,96,5,2,2,2,3,18,66,30,9
501,206,406,91,96,5,256,256,90,90,0,256,256,94,94,0,0.01865277919602437,0.01960584090677014,79,80,1,3,2,2,13,18,13,5,54
502,0,616,1,100,99,0,28,1,45,44,0,28,1,52,51,0.0,0.021784267674189048,1,87,86,2,-1,3,3,0,81,87,7
503,42,642,51,100,49,164,164,66,66,0,40,164,49,83,34,0.003710133088260322,0.017427414139351238,50,79,29,2,3,3,14,6,16,41,5
504,88,704,60,100,40,164,174,77,83,6,88,122,60,81,21,0.008475441641989176,0.013887470642295518,65,77,12,2,2,2,10,4,36,22,62
505,100,100,73,73,0,78,78,78,78,0,78,78,78,78,0,0.011232513019503728,0.011232513019503728,69,69,0,-1,2,2,4,7,67,21,82
506,44,250,60,99,39,12,12,37,37,0,12,12,41,41,0,0.009156200006807584,0.010211375472276116,69,70,1,3,4,4,2,8,89,8,61
507,40,1680,50,100,50,82,174,41,69,28,40,174,50,84,34,0.0015317063208414173,0.021954457265393648,41,84,43,1,2,2,11,1,5,4,19
508,0,616,1,100,99,0,23,1,35,34,0,16,1,39,38,0.0,0.004493005207801491,1,51,50,2,-1,3,5,0,45,67,90
509,100,100,59,59,0,100,100,40,40,0,100,100,59,59,0,0.0631063004186664,0.07981891827495831,100,100,0,2,1,1,15,36,7,2,11
510,6,206,29,88,59,24,24,30,30,0,6,6,29,29,0,0.0002042275094455223,0.0007488342013002485,32,36,4,3,4,4,8,1,15,65,71
511,0,0,1,1,0,0,0,1,1,0,0,0,1,1,0,0.0,0.0,1,1,0,-1,-1,-1,9,0,29,92,80
512,44,244,51,93,42,56,56,49,49,0,44,56,51,57,6,0.006331052792811192,0.013444977705163553,56,75,19,3,3,3,6,7,69,62,20
513,70,686,60,100,40,76,76,54,54,0,70,76,63,65,2,0.005377991082065421,0.020456788862793153,52,84,32,2,3,3,6,5,56,47,15
514,91,707,68,100,32,80,80,65,65,0,80,80,68,68,0,0.009054086252084823,0.010415602981721638,67,68,1,2,2,2,6,8,69,44,49
515,40,656,52,100,48,74,84,69,73,4,40,84,52,74,22,0.005514142755029102,0.011845195547840293,54,75,21,2,2,2,5,3,45,46,48
516,100,100,71,71,0,100,100,76,76,0,100,100,77,77,0,0.04173048776336839,0.04646175839885633,95,97,2,3,1,1,5,14,50,32,48
517,100,100,76,76,0,100,100,96,96,0,100,100,96,96,0,0.06324245209163007,0.06324245209163007,99,99,0,-1,1,1,3,14,87,14,86
518,242,448,96,100,4,56,56,76,76,0,56,56,77,77,0,0.0333911977943429,0.03897341638585384,92,96,4,3,2,2,2,27,68,10,25
519,6,206,29,89,60,21,21,29,29,0,6,6,29,29,0,0.00010211375472276115,0.0005786446100956465,30,37,7,3,4,4,9,1,28,60,71
520,0,616,1,99,98,0,68,1,38,37,0,43,1,52,51,0.0,0.005888559855679227,1,58,57,2,-1,3,11,0,19,84,44
521,0,102,1,80,79,0,6,1,28,27,0,3,1,31,30,0.0,0.0009870996289866913,1,40,39,4,-1,5,3,0,87,66,83
522,377,377,97,97,0,230,230,95,95,0,230,230,95,95,0,0.03553558664352088,0.03553558664352088,91,91,0,-1,2,2,9,29,31,11,84
523,89,190,64,85,21,148,148,78,78,0,89,90,64,64,0,0.006603356138738555,0.006705469893461316,58,58,0,5,2,2,9,6,54,28,55
524,0,616,1,100,99,0,84,1,37,36,0,44,1,47,46,0.0,0.0057524081827155455,1,57,56,2,-1,3,14,0,25,96,62
525,57,673,65,100,35,38,48,55,65,10,38,48,58,66,8,0.006399128629293032,0.01858470335954253,62,83,21,2,3,3,3,8,76,44,33
526,194,400,88,96,8,176,176,87,87,0,176,176,91,91,0,0.011811157629599374,0.01409169815174104,71,78,7,3,2,2,8,13,15,24,90
527,18,224,39,91,52,58,58,35,35,0,18,26,39,45,6,0.0006126825283365669,0.002212464685659825,37,46,9,3,3,3,10,2,11,56,83
528,22,638,47,100,53,38,48,57,68,11,22,48,48,69,21,0.004561081044283332,0.0298852922155281,55,91,36,2,3,3,3,3,55,29,1
529,24,24,50,50,0,22,22,47,47,0,22,22,52,52,0,0.005037611899656217,0.005037611899656217,57,57,0,-1,3,3,2,6,89,73,76
530,0,0,1,1,0,0,0,1,1,0,0,0,1,1,0,0.0,0.0,1,1,0,-1,-1,-1,3,1,66,69,82
531,0,102,1,83,82,0,4,1,28,27,0,4,1,32,31,0.0,0.003369753905851118,1,53,52,4,-1,5,2,0,86,66,73
532,6,107,29,74,45,30,30,29,29,0,6,7,29,33,4,6.807583648184077e-05,0.00010211375472276115,28,29,1,5,4,4,14,1,16,95,78
533,16,1656,38,100,62,60,84,51,68,17,16,84,38,70,32,0.003914360597705844,0.03448041117805235,51,91,40,1,3,2,5,3,37,46,6
534,160,262,90,95,5,88,88,80,80,0,88,88,81,81,0,0.023179822322066782,0.023452125667994147,86,86,0,4,2,2,4,20,77,23,63
535,0,206,1,93,92,0,22,1,29,28,0,6,1,28,27,0.0,0.001055175465468532,1,39,38,3,-1,4,9,0,23,81,53
536,0,616,1,100,99,0,90,1,43,42,0,72,1,55,54,0.0,0.009224275843289425,1,67,66,2,-1,3,10,0,18,40,17
537,100,100,64,64,0,100,100,44,44,0,100,100,64,64,0,0.01147077844719017,0.023179822322066782,72,83,11,2,1,1,13,2,13,56,19
538,142,758,83,100,17,158,158,74,74,0,142,158,83,86,3,0.011675005956635693,0.023009632730862182,75,85,10,2,2,2,9,9,28,27,5
539,0,0,1,1,0,0,0,1,1,0,0,0,1,1,0,0.0,0.0,1,1,0,-1,-1,-1,12,0,2,36,79
540,100,100,72,72,0,100,100,87,87,0,100,100,87,87,0,0.06188093536199326,0.06188093536199326,97,97,0,-1,1,1,4,15,53,16,87
541,2,208,26,89,63,10,24,27,29,2,2,10,26,34,8,3.4037918240920386e-05,0.001497668402600497,26,41,15,3,5,4,8,1,15,68,83
542,43,249,64,100,36,22,22,55,55,0,22,22,57,57,0,0.006943735321147759,0.021818305592429966,63,85,22,3,3,3,2,8,97,44,23
543,22,22,51,51,0,64,64,64,64,0,22,22,51,51,0,0.00445896728956057,0.00445896728956057,53,53,0,-1,3,3,4,3,77,29,80
544,2,2,27,27,0,23,23,29,29,0,2,2,27,27,0,0.0002042275094455223,0.0002042275094455223,29,29,0,-1,5,5,14,1,17,55,92
545,100,100,63,63,0,100,100,39,39,0,100,100,63,63,0,0.0283876238129276,0.0283876238129276,90,90,0,-1,1,1,14,12,17,37,67
546,16,16,39,39,0,42,42,41,41,0,16,16,39,39,0,0.0040845501889104465,0.0040845501889104465,51,51,0,-1,3,3,6,1,69,90,86
547,0,206,1,93,92,0,14,1,33,32,0,14,1,40,39,0.0,0.005956635692161067,1,55,54,3,-1,4,3,0,60,81,57
548,260,466,93,100,7,222,222,91,91,0,222,222,94,94,0,0.01504475986248681,0.016882807447496512,77,78,1,3,2,2,10,14,18,32,94
549,16,222,40,97,57,20,24,44,44,0,16,24,40,50,10,0.0009530617107457708,0.004901460226692535,35,52,17,3,3,3,3,1,94,4,13
550,300,506,95,100,5,112,112,92,92,0,112,112,92,92,0,0.03192756730998332,0.04343238367541441,90,95,5,3,2,2,4,22,83,9,23
551,60,266,56,92,36,50,50,49,49,0,60,50,56,55,-1,0.005854521937438306,0.00622893903808843,57,57,0,3,3,3,5,6,61,26,63
552,48,254,55,95,40,90,90,58,58,0,48,51,55,56,1,0.0045270431260424114,0.005922597773920147,51,56,5,3,2,2,6,6,48,70,64
553,0,102,1,77,76,0,15,1,28,27,0,4,1,30,29,0.0,0.0004084550188910446,1,34,33,4,-1,5,8,0,57,89,51
554,0,616,1,100,99,0,42,1,39,38,0,23,1,48,47,0.0,0.002927260968719153,1,49,48,2,-1,3,6,1,44,69,70
555,0,1640,1,100,99,0,70,1,50,49,0,54,1,56,55,0.0,0.021375812655298,1,86,85,1,-1,2,6,0,48,67,62
556,132,1772,90,100,10,56,80,84,95,11,56,80,85,95,10,0.020524864699274992,0.0875114877974063,84,98,14,1,2,2,2,15,98,19,23
557,106,722,78,100,22,72,72,77,77,0,72,72,77,77,0,0.014874570271282209,0.019571802988529223,78,85,7,2,2,2,3,8,64,20,22
558,0,0,1,1,0,0,0,1,1,0,0,0,1,1,0,0.0,0.0,1,1,0,-1,-1,-1,3,0,82,89,69
559,0,0,1,1,0,0,0,1,1,0,0,0,1,1,0,0.0,0.0,1,1,0,-1,-1,-1,9,0,31,82,87
560,6,108,30,74,44,20,20,35,35,0,6,8,30,36,6,0.000442492937131965,0.0005105687736138058,34,36,2,4,4,4,4,1,83,49,60
561,0,1640,1,100,99,0,104,1,57,56,0,82,1,58,57,0.0,0.015317063208414174,1,76,75,1,-1,2,12,0,3,86,48
562,112,112,75,75,0,264,264,77,77,0,112,112,75,75,0,0.007147962830593281,0.007147962830593281,57,57,0,-1,2,2,16,4,9,72,81
563,16,16,34,34,0,96,96,37,37,0,16,16,34,34,0,0.0008509479560230097,0.0008509479560230097,36,36,0,-1,3,3,14,2,16,42,80
564,100,100,62,62,0,100,100,48,48,0,100,100,62,62,0,0.047789237210252224,0.047789237210252224,98,98,0,-1,1,1,10,29,11,0,86
565,200,816,90,100,10,104,104,82,82,0,104,104,83,83,0,0.024779604479390042,0.030293747234419143,88,90,2,2,2,2,5,15,50,16,62
566,0,206,1,92,91,0,22,1,33,32,0,22,1,47,46,0.0,0.0035059055788147996,1,49,48,3,-1,4,5,0,70,97,13
567,6,622,30,100,70,16,34,33,42,9,6,34,30,51,21,0.0002042275094455223,0.01960584090677014,31,84,53,2,4,3,4,1,83,95,10
568,112,112,80,80,0,252,252,85,85,0,112,112,80,80,0,0.008713707069675619,0.008713707069675619,64,64,0,-1,2,2,14,4,17,38,67
569,226,432,94,100,6,72,72,77,77,0,72,72,77,77,0,0.03311889444841554,0.04084550188910446,93,95,2,3,2,2,3,27,64,10,14
570,269,269,95,95,0,316,316,92,92,0,269,269,95,95,0,0.015589366554341537,0.015589366554341537,77,77,0,-1,2,2,15,15,7,19,76
571,100,100,81,81,0,100,100,98,98,0,100,100,98,98,0,0.08271214132543654,0.1494264610776405,99,100,1,1,1,1,2,7,86,21,11
572,0,616,1,100,99,0,136,1,66,65,0,136,1,83,82,0.0,0.026004969536063176,1,87,86,2,-1,3,11,0,38,82,1
573,0,616,1,100,99,0,54,1,34,33,0,38,1,48,47,0.0,0.006092787365124749,1,57,56,2,-1,3,10,0,36,40,35
574,218,818,90,100,10,182,182,88,88,0,182,182,92,92,0,0.023486163586235065,0.031314884781646755,85,91,6,2,2,2,9,16,29,18,20
575,160,262,87,93,6,220,220,85,85,0,160,162,87,87,0,0.013479015623404473,0.013513053541645392,75,75,0,4,2,2,12,8,3,20,60
576,47,253,51,94,43,44,44,44,44,0,44,44,50,50,0,0.005037611899656217,0.013819394805813677,50,74,24,3,3,3,4,6,67,35,19
577,16,1656,33,100,67,34,90,33,55,22,16,90,33,61,28,0.0005446066918547262,0.038360733857517273,34,95,61,1,3,2,6,1,40,4,11
578,40,656,48,100,52,114,124,60,62,2,40,86,48,64,16,0.005582218591510943,0.010892133837094524,56,71,15,2,2,2,10,1,12,90,47
579,10,216,40,94,54,24,24,38,38,0,10,24,40,50,10,0.0009190237925048504,0.0040845501889104465,38,52,14,3,4,4,4,3,72,43,22
580,110,316,73,94,21,110,110,72,72,0,110,110,76,76,0,0.011606930120153852,0.011879233466081215,73,73,0,3,2,2,6,6,40,77,4
581,88,189,64,89,25,94,94,68,68,0,88,89,72,72,0,0.008475441641989176,0.008509479560230097,65,65,0,5,2,2,5,4,61,72,68
582,219,320,93,98,5,112,112,96,96,0,112,112,96,96,0,0.02556247659893121,0.02556247659893121,87,87,0,5,2,2,4,16,77,12,60
583,0,206,1,93,92,0,24,1,37,36,0,24,1,50,49,0.0,0.006331052792811192,1,63,62,3,-1,4,4,1,72,45,25
584,124,740,81,100,19,204,204,86,86,0,124,146,81,85,4,0.011198475101262807,0.014840532353041287,70,76,6,2,2,2,11,6,38,77,29
585,0,616,1,100,99,0,40,1,52,51,0,40,1,56,55,0.0,0.016474352428605468,1,80,79,2,-1,3,4,0,78,36,37
586,6,622,27,100,73,16,56,27,40,13,6,56,27,53,26,6.807583648184077e-05,0.02740052418394091,28,89,61,2,4,3,6,1,40,95,3
587,0,206,1,89,88,0,20,1,27,26,0,6,1,26,25,0.0,0.0012934408931549745,1,38,37,3,-1,4,6,0,40,76,71
588,100,100,64,64,0,100,100,59,59,0,100,100,64,64,0,0.04190067735457299,0.04190067735457299,96,96,0,-1,1,1,6,13,40,33,69
589,0,0,1,1,0,0,0,1,1,0,0,0,1,1,0,0.0,0.0,1,1,0,-1,-1,-1,6,0,69,81,86
590,136,752,86,100,14,70,70,62,62,0,70,70,69,69,0,0.01589570781850982,0.020558902617515914,78,83,5,2,3,3,5,16,45,12,22
591,158,758,83,100,17,184,184,94,94,0,158,184,87,94,7,0.015657442390823378,0.039109568058817525,76,95,19,2,2,2,7,6,24,77,3
592,0,206,1,86,85,0,27,1,28,27,0,8,1,30,29,0.0,0.001055175465468532,1,38,37,3,-1,4,14,0,25,40,51
593,126,332,84,100,16,48,48,70,70,0,48,48,72,72,0,0.021784267674189048,0.03996051601484053,85,95,10,3,3,3,3,15,94,16,1
594,159,775,90,100,10,88,88,80,80,0,88,88,80,80,0,0.025290173253003846,0.045849075870519757,87,96,9,2,2,2,4,16,84,18,10
595,92,194,76,93,17,48,48,67,67,0,48,48,70,70,0,0.012525953912658701,0.01334286395044079,76,77,1,4,3,3,3,8,96,17,64
596,85,701,75,100,25,32,32,70,70,0,32,32,70,70,0,0.010007147962830594,0.01933353756084278,68,84,16,2,3,3,2,13,95,24,17
597,100,100,73,73,0,100,100,82,82,0,100,100,82,82,0,0.06286803499097995,0.06419551380237584,100,100,0,3,1,1,5,29,88,0,75
598,0,0,1,1,0,0,0,1,1,0,0,0,1,1,0,0.0,0.0,1,1,0,-1,-1,-1,4,0,72,89,80
599,2,103,28,79,51,8,8,28,28,0,2,2,28,28,0,0.00017018959120460194,0.0002042275094455223,31,31,0,6,5,5,5,1,45,60,68
600,0,206,1,94,93,0,16,1,34,33,0,6,1,29,28,0.0,0.0020422750944552232,1,44,43,3,-1,4,4,0,53,66,94
601,2,2,27,27,0,10,10,27,27,0,2,2,27,27,0,6.807583648184077e-05,6.807583648184077e-05,27,27,0,-1,5,5,8,1,39,78,98
602,24,640,45,100,55,46,56,43,47,4,24,56,45,56,11,0.0012934408931549745,0.009598692943939549,40,67,27,2,3,3,6,3,65,43,27
603,0,206,1,90,89,0,32,1,32,31,0,26,1,48,47,0.0,0.003199564314646516,1,50,49,3,-1,4,8,0,30,59,35
604,430,430,99,99,0,232,232,100,100,0,232,232,100,100,0,0.039313795568263046,0.039313795568263046,95,95,0,-1,2,2,7,27,24,10,92
605,16,16,34,34,0,90,90,42,42,0,16,16,34,34,0,0.0009870996289866913,0.0009870996289866913,38,38,0,-1,3,3,12,2,3,42,80
606,100,100,69,69,0,100,100,76,76,0,100,100,76,76,0,0.03604615541713469,0.037509785901494265,91,92,1,3,1,1,5,6,80,28,64
607,60,676,58,100,42,82,92,56,61,5,60,92,58,67,9,0.006637394056979475,0.013615167296368155,60,74,14,2,3,3,7,6,62,26,57
608,66,66,68,68,0,44,44,59,59,0,44,44,63,63,0,0.007828721195411689,0.007828721195411689,66,66,0,-1,3,3,4,7,72,21,98
609,8,624,37,100,63,26,40,36,42,6,8,40,37,52,15,0.00030634126416828345,0.008441403723748256,34,65,31,2,4,3,5,2,49,56,34
610,118,1718,81,100,19,78,78,77,77,0,78,78,77,77,0,0.015623404472582456,0.04870826100275707,79,98,19,1,2,2,4,13,84,33,15
611,108,314,79,97,18,76,76,60,60,0,76,76,65,65,0,0.013410939786922631,0.03196160522822424,73,91,18,3,3,3,6,13,69,33,1
612,35,137,50,80,30,96,96,43,43,0,35,37,50,50,0,0.004220701861874128,0.0042547397801150485,54,54,0,4,3,3,11,6,19,73,95
613,0,0,1,1,0,0,0,1,1,0,0,0,1,1,0,0.0,0.0,1,1,0,-1,-1,-1,4,1,72,50,96
614,0,616,1,100,99,0,28,1,43,42,0,28,1,50,49,0.0,0.028932230504782327,1,89,88,2,-1,3,3,0,92,79,3
615,18,18,41,41,0,42,42,40,40,0,18,18,41,41,0,0.0006126825283365669,0.0006126825283365669,35,35,0,-1,3,3,6,2,48,63,66
616,183,183,89,89,0,182,182,87,87,0,182,182,92,92,0,0.015385139044896015,0.015385139044896015,77,77,0,-1,2,2,9,15,23,19,81
617,216,832,95,100,5,128,128,95,95,0,128,128,95,95,0,0.023996732359848873,0.05105687736138058,87,97,10,2,2,2,5,18,45,5,11
618,46,1686,52,100,48,104,158,61,73,12,46,158,52,85,33,0.0036760951700194017,0.0265495762279179,49,90,41,1,2,2,10,2,22,75,18
619,100,100,65,65,0,100,100,47,47,0,100,100,65,65,0,0.06205112495319786,0.06902889819258654,100,100,0,2,1,1,11,36,38,2,8
620,62,678,66,100,34,32,32,70,70,0,32,32,70,70,0,0.010381565063480718,0.018482589604819768,69,81,12,2,3,3,2,9,95,31,20
621,0,0,1,1,0,0,0,1,1,0,0,0,1,1,0,0.0,0.0,1,1,0,-1,-1,-1,14,0,8,40,66
622,46,662,57,100,43,62,62,74,74,0,46,62,63,74,11,0.0051397256543789785,0.020967357636406957,57,85,28,2,2,2,3,2,64,52,23
623,0,206,1,90,89,0,17,1,31,30,0,7,1,36,35,0.0,0.0005786446100956465,1,37,36,3,-1,4,5,0,80,91,56
624,152,358,87,95,8,192,192,89,89,0,152,192,86,91,5,0.017018959120460194,0.024303073624017155,79,85,6,3,2,2,9,9,31,39,33
625,76,1716,56,100,44,168,212,68,77,9,76,212,56,89,33,0.007998910786616291,0.02396269444160795,64,83,19,1,3,2,13,6,13,34,32
626,0,616,1,100,99,0,22,1,47,46,0,22,1,50,49,0.0,0.012594029749140543,1,75,74,2,-1,3,2,0,95,86,39
627,0,0,1,1,0,0,0,1,1,0,0,0,1,1,0,0.0,0.0,1,1,0,-1,-1,-1,10,0,22,86,97
628,46,46,50,50,0,144,144,61,61,0,46,46,50,50,0,0.0025188059498281084,0.0025188059498281084,47,47,0,-1,2,2,10,2,0,61,36
629,22,638,41,100,59,42,42,36,36,0,22,42,41,49,8,0.0015317063208414173,0.007113924912352361,38,59,21,2,3,3,6,3,56,51,25
630,0,206,1,89,88,0,24,1,30,29,0,24,1,43,42,0.0,0.006569318220497634,1,57,56,3,-1,4,6,0,71,59,8
631,153,153,92,92,0,80,80,97,97,0,80,80,97,97,0,0.02900030634126417,0.02900030634126417,90,90,0,-1,2,2,2,18,89,5,92
632,8,214,36,93,57,14,18,35,39,4,8,18,36,44,8,0.0008509479560230097,0.00353994349705572,36,48,12,3,4,4,3,2,92,74,83
633,0,616,1,99,98,0,82,1,40,39,0,53,1,54,53,0.0,0.010279451308757957,1,69,68,2,-1,3,12,0,14,80,39
634,22,228,48,91,43,40,40,42,42,0,22,40,48,52,4,0.0032336022328874367,0.012287688484972258,50,73,23,3,3,3,5,2,61,75,19
635,454,1070,100,100,0,144,144,89,89,0,144,144,90,90,0,0.04496408999625583,0.05551584465094115,97,98,1,2,2,2,6,40,40,3,5
636,56,1656,56,100,44,150,150,70,70,0,56,150,56,85,29,0.0053439531638245,0.03887130263113108,59,95,36,1,2,2,11,3,38,29,2
637,198,198,96,96,0,32,32,63,63,0,32,32,65,65,0,0.029681064706082574,0.029681064706082574,92,92,0,-1,3,3,2,30,98,7,91
638,173,274,94,99,5,48,48,70,70,0,48,48,72,72,0,0.025085945743558324,0.025119983661799246,90,90,0,6,3,3,3,22,94,9,58
639,198,300,95,99,4,22,22,48,48,0,22,22,51,51,0,0.025868817863099493,0.02740052418394091,88,89,1,4,3,3,2,22,95,9,83
640,0,0,1,1,0,0,0,1,1,0,0,0,1,1,0,0.0,0.0,1,1,0,-1,-1,-1,9,0,54,96,69
641,134,134,77,77,0,228,228,77,77,0,134,134,77,77,0,0.006569318220497634,0.006569318220497634,58,58,0,-1,2,2,15,6,7,13,84
642,128,728,80,100,20,220,220,82,82,0,128,184,80,89,9,0.007250076585316042,0.01589570781850982,61,79,18,2,2,2,12,5,6,47,20
643,276,892,93,100,7,176,176,98,98,0,176,176,98,98,0,0.032199870655910685,0.04200279110929576,88,94,6,2,2,2,5,16,61,18,17
644,0,101,1,74,73,0,11,1,25,24,0,1,1,25,24,0.0,0.00017018959120460194,1,30,29,5,-1,6,11,0,19,81,65
645,39,245,54,95,41,48,48,65,65,0,48,48,68,68,0,0.0046972327172470135,0.010790020082371761,54,73,19,3,3,3,3,4,66,22,24
646,214,316,92,99,7,102,102,93,93,0,102,102,93,93,0,0.02644746247319514,0.02668572790088158,88,88,0,4,2,2,4,16,84,12,56
647,0,206,1,88,87,0,32,1,32,31,0,10,1,33,32,0.0,0.0013615167296368155,1,40,39,3,-1,4,10,0,11,85,54
648,0,206,1,89,88,0,36,1,35,34,0,15,1,38,37,0.0,0.002314578440382586,1,46,45,3,-1,4,8,0,57,89,41
649,12,218,45,97,52,12,12,35,35,0,12,12,43,43,0,0.0022465026039007454,0.009632730862180468,48,66,18,3,4,4,2,2,86,75,17
650,88,190,73,91,18,64,64,68,68,0,64,64,71,71,0,0.012934408931549747,0.014227849824704722,76,80,4,4,3,3,4,9,72,27,75
651,48,149,69,93,24,46,46,87,87,0,46,46,88,88,0,0.0176997174852786,0.018040096667687803,82,82,0,5,2,2,2,6,97,73,56
652,100,300,73,99,26,78,78,78,78,0,78,78,78,78,0,0.011232513019503728,0.024234997787535316,69,87,18,3,2,2,4,7,67,21,6
653,128,128,77,77,0,188,188,80,80,0,128,128,77,77,0,0.007284114503556962,0.007284114503556962,59,59,0,-1,2,2,10,6,0,28,79
654,410,1010,98,100,2,144,144,89,89,0,144,144,90,90,0,0.031076619353960312,0.036624800027230335,90,92,2,2,2,2,6,29,40,1,57
655,6,212,29,90,61,32,32,34,34,0,6,12,29,35,6,0.0007488342013002485,0.001055175465468532,38,38,0,3,4,4,8,2,10,42,49
656,0,616,1,100,99,0,38,1,37,36,0,38,1,51,50,0.0,0.010755982164130842,1,71,70,2,-1,3,6,0,34,96,33
657,100,100,57,57,0,100,100,38,38,0,100,100,57,57,0,0.02913645801422785,0.05548180673270023,89,100,11,1,1,1,16,18,4,5,7
658,86,702,64,100,36,86,86,56,56,0,86,86,66,66,0,0.006297014874570271,0.019912182170938427,59,84,25,2,3,3,6,6,59,13,18
659,0,102,1,83,82,0,3,1,27,26,0,3,1,32,31,0.0,0.00037441710065012424,1,35,34,4,-1,5,2,0,89,96,63
660,56,56,61,61,0,64,64,68,68,0,64,64,71,71,0,0.010279451308757957,0.010279451308757957,70,70,0,-1,3,3,4,5,72,25,85
661,135,135,86,86,0,64,64,70,70,0,64,64,70,70,0,0.016440314510364547,0.016440314510364547,80,80,0,-1,3,3,4,15,84,19,85
662,6,212,32,93,61,12,12,36,36,0,6,12,32,36,4,0.0006126825283365669,0.0012253650566731338,37,39,2,3,4,4,2,2,68,42,49
663,62,678,56,100,44,112,132,63,69,6,62,132,56,79,23,0.004288777698355968,0.02011640968038395,53,83,30,2,2,2,8,6,15,70,23
664,58,58,60,60,0,22,22,42,42,0,22,22,45,45,0,0.008679669151434699,0.008679669151434699,66,66,0,-1,3,3,2,6,91,34,67
665,0,0,1,1,0,0,0,1,1,0,0,0,1,1,0,0.0,0.0,1,1,0,-1,-1,-1,12,0,2,40,93
666,16,222,37,94,57,66,66,51,51,0,16,31,37,49,12,0.0028591851322373124,0.005105687736138058,50,55,5,3,3,3,6,2,34,94,41
667,0,616,1,100,99,0,84,1,37,36,0,84,1,59,58,0.0,0.012696143503863304,1,74,73,2,-1,3,13,0,13,92,18
668,62,268,75,100,25,32,32,67,67,0,32,32,68,68,0,0.010619830491167161,0.03168930188229688,72,92,20,3,3,3,2,6,97,77,0
669,10,10,41,41,0,18,18,38,38,0,10,10,41,41,0,0.0013274788113958951,0.0013274788113958951,41,41,0,-1,4,4,3,3,85,43,40
670,16,222,39,91,52,54,58,39,40,1,16,52,39,59,20,0.0011232513019503727,0.005207801490860819,39,56,17,3,3,3,8,1,57,71,13
671,24,1664,45,100,55,80,114,43,66,23,24,114,45,79,34,0.0013615167296368155,0.01776779332176044,40,80,40,1,3,2,9,4,23,64,48
672,0,0,1,1,0,0,0,1,1,0,0,0,1,1,0,0.0,0.0,1,1,0,-1,-1,-1,11,0,38,99,45
673,28,234,47,90,43,52,52,40,40,0,28,34,47,49,2,0.0011232513019503727,0.0030293747234419145,40,48,8,3,3,3,7,3,24,43,94
674,334,950,96,100,4,246,246,95,95,0,246,246,96,96,0,0.025290173253003846,0.03083835392627387,88,91,3,2,2,2,10,19,22,15,62
675,10,626,39,100,61,8,22,32,47,15,8,22,38,50,12,0.0012253650566731338,0.028217434221723,39,91,52,2,4,3,2,3,95,43,23
676,62,164,63,92,29,48,48,59,59,0,48,48,63,63,0,0.008135062459579971,0.009054086252084823,64,69,5,4,3,3,3,6,75,34,51
677,247,348,95,100,5,72,72,86,86,0,72,72,86,86,0,0.034105994077402224,0.03424214575036591,91,91,0,5,2,2,3,29,92,1,60
678,0,101,1,80,79,0,3,1,24,23,0,1,1,24,23,0.0,0.0,1,1,0,5,-1,6,3,0,76,40,95
679,94,300,69,95,26,104,104,85,85,0,94,104,72,85,13,0.013785356887572755,0.01763164164879676,76,82,6,3,2,2,5,5,37,25,72
680,56,56,63,63,0,62,62,77,77,0,56,56,77,77,0,0.006909697402906838,0.006909697402906838,62,62,0,-1,2,2,3,2,58,52,66
681,100,100,71,71,0,100,100,80,80,0,100,100,81,81,0,0.050818611933694136,0.050818611933694136,97,97,0,-1,1,1,5,12,49,37,80
682,120,720,82,100,18,158,158,83,83,0,158,158,87,87,0,0.017393376221110316,0.03975628850539501,80,96,16,2,2,2,9,12,31,37,3
683,192,398,95,100,5,32,32,63,63,0,32,32,65,65,0,0.028489737567650362,0.030532012662105586,91,92,1,3,3,3,2,22,98,9,90
684,30,30,53,53,0,22,22,54,54,0,22,22,54,54,0,0.006092787365124749,0.006092787365124749,61,61,0,-1,3,3,2,4,99,38,92
685,0,616,1,100,99,0,72,1,52,51,0,72,1,59,58,0.0,0.026753803737363423,1,89,88,2,-1,3,6,0,41,36,0
686,22,22,51,51,0,32,32,70,70,0,22,22,51,51,0,0.002552843868069029,0.002552843868069029,46,46,0,-1,3,3,2,2,95,63,40
687,0,0,1,1,0,0,0,1,1,0,0,0,1,1,0,0.0,0.0,1,1,0,-1,-1,-1,5,0,80,92,79
688,0,616,1,100,99,0,52,1,38,37,0,34,1,47,46,0.0,0.007011811157629599,1,60,59,2,-1,3,7,0,43,99,77
689,14,214,42,93,51,24,24,40,40,0,14,24,42,51,9,0.0012934408931549745,0.008169100377820893,41,64,23,3,4,4,4,4,47,64,17
690,22,638,47,100,53,38,38,57,57,0,22,38,48,58,10,0.004561081044283332,0.010177337554035196,55,69,14,2,3,3,3,3,55,29,26
691,0,101,1,78,77,0,6,1,24,23,0,1,1,24,23,0.0,0.0,1,1,0,6,-1,7,6,0,69,76,58
692,40,40,55,55,0,78,78,75,75,0,40,40,56,56,0,0.006433166547533953,0.006433166547533953,59,59,0,-1,2,2,4,3,73,46,87
693,58,1698,63,100,37,34,68,44,76,32,34,68,55,78,23,0.010347527145239796,0.042683549474114166,72,95,23,1,3,2,4,8,72,8,34
694,100,100,68,68,0,100,100,57,57,0,100,100,68,68,0,0.06807583648184078,0.07583648184077062,100,100,0,2,1,1,8,36,39,2,20
695,6,1646,31,100,69,18,62,36,76,40,6,62,31,78,47,0.0012253650566731338,0.050954763606657814,40,97,57,1,4,2,3,1,66,71,23
696,22,638,43,100,57,32,50,37,44,7,22,50,43,51,8,0.0005446066918547262,0.009598692943939549,35,69,34,2,3,3,5,2,52,63,17
697,6,212,31,92,61,14,18,36,37,1,6,18,31,46,15,0.0005446066918547262,0.001940161339732462,37,42,5,3,4,4,3,1,85,49,54
698,118,220,80,93,13,148,148,79,79,0,118,148,80,85,5,0.01507879778072773,0.01579359406378706,75,76,1,4,2,2,9,9,26,39,74
699,96,712,69,100,31,148,148,79,79,0,96,114,69,80,11,0.009360427516253106,0.011811157629599374,69,74,5,2,2,2,9,7,31,48,83
700,60,60,65,65,0,44,44,59,59,0,44,44,63,63,0,0.004901460226692535,0.004901460226692535,53,53,0,-1,3,3,4,5,72,47,59
701,376,582,97,100,3,208,208,97,97,0,208,208,97,97,0,0.03369753905851118,0.035739814152966405,92,94,2,3,2,2,7,22,24,9,94
702,32,238,51,93,42,38,38,51,51,0,32,38,53,53,0,0.0053439531638245,0.006739507811702236,57,61,4,3,3,3,3,3,82,29,43
703,24,230,48,93,45,38,38,51,51,0,24,38,48,53,5,0.0026209197045508697,0.007794683277170768,49,65,16,3,3,3,3,3,82,54,24
704,38,244,52,93,41,38,38,51,51,0,38,38,54,54,0,0.004799346471969774,0.008373327887266415,56,66,10,3,3,3,3,6,82,41,29
705,100,100,74,74,0,100,100,87,87,0,100,100,87,87,0,0.07525783723067497,0.0935021614078083,100,100,0,2,1,1,4,30,47,7,16
706,182,284,89,96,7,110,110,81,81,0,110,110,82,82,0,0.015283025290173252,0.017155110793423873,79,79,0,4,2,2,6,14,65,32,46
707,16,632,37,100,63,116,146,62,66,4,16,146,37,82,45,0.0037441710065012424,0.018686817114265293,51,79,28,2,3,3,11,1,19,90,15
708,0,616,1,99,98,0,84,1,40,39,0,53,1,54,53,0.0,0.005412029000306341,1,57,56,2,-1,3,12,0,14,59,57
709,6,212,29,91,62,32,36,32,32,0,6,12,29,35,6,0.000442492937131965,0.0008509479560230097,34,38,4,3,4,4,8,1,39,49,60
710,16,118,42,83,41,38,38,56,56,0,16,20,42,46,4,0.0042547397801150485,0.005650294427992784,52,57,5,4,3,3,3,1,58,90,83
711,22,22,40,40,0,56,56,38,38,0,22,22,40,40,0,0.0007147962830593281,0.0007147962830593281,36,36,0,-1,3,3,8,2,42,63,93
712,100,100,77,77,0,100,100,96,96,0,100,100,96,96,0,0.09081316586677558,0.11167840974845979,100,100,0,2,1,1,3,29,66,1,11
713,22,228,38,92,54,48,48,34,34,0,22,30,38,42,4,0.0006467204465774873,0.0009870996289866913,34,35,1,3,3,3,9,2,29,63,56
714,100,100,64,64,0,100,100,49,49,0,100,100,64,64,0,0.049763436468225605,0.049763436468225605,98,98,0,-1,1,1,8,22,42,9,92
715,0,101,1,82,81,0,2,1,25,24,0,1,1,25,24,0.0,0.00013615167296368154,1,30,29,5,-1,6,2,1,90,50,55
716,0,0,1,1,0,0,0,1,1,0,0,0,1,1,0,0.0,0.0,1,1,0,-1,-1,-1,3,0,64,79,98
717,0,616,1,100,99,0,90,1,45,44,0,90,1,60,59,0.0,0.02110350930937064,1,80,79,2,-1,3,10,1,11,69,10
718,320,1920,96,100,4,280,280,96,96,0,280,280,96,96,0,0.026209197045508698,0.0402328193607679,88,94,6,1,2,2,10,17,12,6,32
719,28,28,41,41,0,84,84,42,42,0,28,28,41,41,0,0.002723033459273631,0.002723033459273631,46,46,0,-1,3,3,9,6,29,70,85
720,12,113,40,84,44,18,18,38,38,0,12,13,40,42,2,0.0010892133837094523,0.0011913271384322134,39,39,0,5,4,4,3,3,76,51,65
721,0,616,1,100,99,0,34,1,33,32,0,24,1,43,42,0.0,0.0020763130126961434,1,44,43,2,-1,3,8,0,42,87,54
722,146,352,81,100,19,134,134,90,90,0,134,134,90,90,0,0.01412573606998196,0.01950372715204738,75,84,9,3,2,2,6,9,56,27,22
723,77,283,74,100,26,22,22,49,49,0,22,22,50,50,0,0.015385139044896015,0.03097450559923755,79,92,13,3,3,3,2,12,93,37,9
724,106,312,78,96,18,72,72,77,77,0,72,72,77,77,0,0.014874570271282209,0.016508390346846386,78,80,2,3,2,2,3,8,64,20,70
725,70,172,59,88,29,124,124,68,68,0,70,72,59,60,1,0.005684332346233704,0.005888559855679227,59,59,0,4,3,3,9,5,31,47,4
726,6,6,33,33,0,12,12,37,37,0,6,6,33,33,0,0.0002042275094455223,0.0002042275094455223,31,31,0,-1,4,4,2,1,89,4,40
727,0,616,1,100,99,0,42,1,38,37,0,42,1,50,49,0.0,0.01058579257292624,1,70,69,2,-1,3,6,0,59,76,39
728,34,136,55,88,33,22,22,49,49,0,22,22,50,50,0,0.007216038667075122,0.008203138296061813,63,67,4,4,3,3,2,7,93,62,83
729,520,1136,100,100,0,192,192,100,100,0,192,192,100,100,0,0.04748289594608394,0.05439259334899078,97,98,1,2,2,2,6,40,41,3,24
730,0,0,1,1,0,0,0,1,1,0,0,0,1,1,0,0.0,0.0,1,1,0,-1,-1,-1,14,0,8,87,66
731,8,214,38,95,57,8,8,33,33,0,8,8,38,38,0,0.0013274788113958951,0.002586881786309949,41,46,5,3,4,4,2,3,89,51,64
732,16,222,35,90,55,41,62,32,38,6,16,40,35,47,12,0.0004084550188910446,0.004152626025392287,33,50,17,3,3,3,10,1,12,60,62
733,160,776,86,100,14,134,134,73,73,0,134,134,84,84,0,0.017972020831205963,0.02307770856734402,80,85,5,2,3,3,9,12,29,37,13
734,269,869,95,100,5,96,96,87,87,0,96,96,87,87,0,0.04036897103373158,0.05003573981415296,94,96,2,2,2,2,3,29,87,0,6
735,6,622,30,100,70,15,56,31,45,14,6,56,30,57,27,0.00010211375472276115,0.021818305592429966,30,85,55,2,4,3,6,1,74,60,10
736,134,750,77,100,23,228,228,77,77,0,134,228,77,92,15,0.006569318220497634,0.02028659927158855,58,82,24,2,2,2,15,6,7,13,6
737,176,792,90,100,10,232,232,95,95,0,176,232,90,96,6,0.01763164164879676,0.030293747234419143,83,88,5,2,2,2,10,9,36,39,5
738,86,1726,63,100,37,86,110,59,73,14,86,110,63,75,12,0.005956635692161067,0.041798563599850236,55,95,40,1,3,2,6,6,41,13,7
739,0,616,1,100,99,0,40,1,40,39,0,40,1,53,52,0.0,0.021511964328261683,1,85,84,2,-1,3,5,0,80,98,0
740,16,1656,36,100,64,56,130,36,65,29,16,100,36,64,28,0.0004765308553728854,0.017427414139351238,36,79,43,1,3,2,11,1,38,88,48
741,86,86,65,65,0,86,86,63,63,0,86,86,67,67,0,0.007011811157629599,0.007011811157629599,58,58,0,-1,3,3,6,6,56,13,36
742,304,406,98,100,2,158,158,95,95,0,158,158,95,95,0,0.03213179481942884,0.03230198441063344,92,92,0,4,2,2,6,22,59,9,49
743,92,92,78,78,0,80,80,97,97,0,80,80,97,97,0,0.02978317846080534,0.02978317846080534,92,92,0,-1,2,2,2,4,95,22,93
744,42,42,52,52,0,118,118,62,62,0,42,42,53,53,0,0.0014636304843595766,0.0014636304843595766,41,41,0,-1,2,2,12,2,14,56,93
745,150,150,86,86,0,262,262,84,84,0,150,150,86,86,0,0.012389802239695021,0.012389802239695021,72,72,0,-1,2,2,14,8,8,17,80
746,158,158,81,81,0,278,278,80,80,0,158,158,81,81,0,0.010347527145239796,0.010347527145239796,60,60,0,-1,2,2,16,6,9,34,97
747,16,118,38,78,40,44,44,39,39,0,16,18,38,43,5,0.0010892133837094523,0.0013615167296368155,38,40,2,4,3,3,7,2,62,42,60
748,16,16,34,34,0,66,66,34,34,0,16,16,34,34,0,0.000442492937131965,0.000442492937131965,34,34,0,-1,3,3,12,1,6,88,59
749,0,102,1,86,85,0,3,1,28,27,0,2,1,28,27,0.0,0.0002723033459273631,1,33,32,4,-1,5,2,1,97,45,49
750,0,0,1,1,0,0,0,1,1,0,0,0,1,1,0,0.0,0.0,1,1,0,-1,-1,-1,3,0,75,98,96
751,16,118,37,79,42,54,54,39,39,0,16,18,37,42,5,0.0011913271384322134,0.0013955546478777359,40,41,1,4,3,3,8,1,21,71,88
752,28,644,46,100,54,86,96,42,44,2,28,50,46,52,6,0.0016678579938050988,0.0038462847612240037,43,52,9,2,3,3,10,3,1,54,75
753,76,76,69,69,0,38,38,57,57,0,38,38,59,59,0,0.008101024541339052,0.008101024541339052,62,62,0,-1,3,3,3,13,55,24,40
754,18,224,43,91,48,50,50,46,46,0,18,26,43,47,4,0.0018380475850097008,0.002995336805200994,44,49,5,3,3,3,5,2,80,61,74
755,0,206,1,94,93,0,14,1,30,29,0,6,1,30,29,0.0,0.0008169100377820892,1,37,36,3,-1,4,6,0,32,91,42
756,60,676,60,100,40,76,76,54,54,0,60,76,60,65,5,0.0053099152455835805,0.012151536812008578,56,73,17,2,3,3,6,6,32,28,21
757,0,101,1,78,77,0,5,1,25,24,0,1,1,25,24,0.0,0.00017018959120460194,1,30,29,5,-1,6,5,0,88,85,60
758,262,468,96,100,4,120,120,100,100,0,120,120,100,100,0,0.04615541713468804,0.04898056434868443,95,97,2,3,2,2,3,27,92,10,47
759,2,2,27,27,0,7,7,27,27,0,2,2,27,27,0,6.807583648184077e-05,6.807583648184077e-05,28,28,0,-1,5,5,6,1,74,78,92
760,182,182,86,86,0,320,320,92,92,0,182,182,86,86,0,0.012594029749140543,0.012594029749140543,72,72,0,-1,2,2,14,6,16,77,87
761,223,429,97,100,3,56,56,88,88,0,56,56,88,88,0,0.038428809693999116,0.045304469178665034,96,97,1,3,2,2,2,29,93,1,77
762,159,159,91,91,0,72,72,79,79,0,72,72,80,80,0,0.02484768031587188,0.02484768031587188,90,90,0,-1,2,2,3,16,75,18,84
763,0,206,1,92,91,0,18,1,34,33,0,18,1,47,46,0.0,0.010109261717553355,1,69,68,3,-1,4,3,0,87,84,37
764,56,1696,53,100,47,230,274,73,79,6,56,274,53,94,41,0.005003573981415297,0.025392287007726607,54,90,36,1,2,2,16,3,9,29,15
765,0,206,1,90,89,0,18,1,28,27,0,8,1,34,33,0.0,0.0010892133837094523,1,38,37,3,-1,4,8,0,30,84,51
766,0,616,1,100,99,0,56,1,44,43,0,56,1,52,51,0.0,0.012015385139044895,1,71,70,2,-1,3,6,0,59,82,19
767,36,36,50,50,0,78,78,44,44,0,36,36,50,50,0,0.004561081044283332,0.004561081044283332,54,54,0,-1,3,3,8,6,10,73,91
768,0,206,1,93,92,0,32,1,36,35,0,24,1,45,44,0.0,0.0051397256543789785,1,55,54,3,-1,4,6,0,34,97,21
769,16,632,37,100,63,64,74,39,42,3,16,60,37,55,18,0.0015317063208414173,0.007624493685966166,41,63,22,2,3,3,8,1,10,71,62
770,100,100,75,75,0,100,100,89,89,0,100,100,89,89,0,0.07324960005446067,0.07324960005446067,100,100,0,-1,1,1,4,29,73,11,36
771,290,290,95,95,0,118,118,92,92,0,118,118,92,92,0,0.03461656285101603,0.03461656285101603,91,91,0,-1,2,2,5,27,88,10,98
772,22,22,40,40,0,176,176,63,63,0,22,22,40,40,0,0.0018040096667687805,0.0018040096667687805,41,41,0,-1,3,3,16,2,4,61,93
773,0,616,1,100,99,0,88,1,41,40,0,74,1,59,58,0.0,0.00966676878042139,1,67,66,2,-1,3,11,0,38,79,27
774,121,327,76,96,20,148,148,71,71,0,121,128,76,78,2,0.009734844616903231,0.009870996289866912,68,68,0,3,2,2,9,8,28,44,56
775,74,280,67,97,30,56,56,76,76,0,56,56,77,77,0,0.009734844616903231,0.015623404472582456,66,78,12,3,2,2,2,6,68,26,31
776,0,206,1,86,85,0,20,1,26,25,0,6,1,26,25,0.0,0.00010211375472276115,1,27,26,3,-1,4,14,0,25,99,60
777,0,0,1,1,0,0,0,1,1,0,0,0,1,1,0,0.0,0.0,1,1,0,-1,-1,-1,3,1,75,69,59
778,244,244,97,97,0,96,96,90,90,0,96,96,90,90,0,0.033935804486197624,0.033935804486197624,94,94,0,-1,2,2,3,22,75,9,40
779,46,662,54,100,46,182,182,69,69,0,46,111,54,75,21,0.002212464685659825,0.014364001497668403,45,74,29,2,2,2,12,2,14,61,37
780,6,622,27,100,73,36,46,34,36,2,6,46,27,51,24,0.00017018959120460194,0.013921508560536438,30,77,47,2,4,3,6,1,40,49,30
781,6,6,31,31,0,12,12,37,37,0,6,6,31,31,0,0.004288777698355968,0.004288777698355968,51,51,0,-1,4,4,2,1,99,90,66
782,0,101,1,81,80,0,2,1,25,24,0,1,1,25,24,0.0,0.00010211375472276115,1,28,27,5,-1,6,2,0,95,40,4
783,100,100,69,69,0,100,100,70,70,0,100,100,72,72,0,0.02382654276864427,0.02736648626569999,86,88,2,2,1,1,6,1,65,68,29
784,0,206,1,92,91,0,12,1,32,31,0,8,1,37,36,0.0,0.0016338200755641784,1,42,41,3,-1,4,4,0,78,92,75
785,100,100,66,66,0,100,100,45,45,0,100,100,66,66,0,0.038224582184553595,0.03985840226011777,95,95,0,3,1,1,10,19,1,15,52
786,95,197,77,95,18,32,32,64,64,0,32,32,64,64,0,0.019061234214915415,0.024371149460498995,82,87,5,4,3,3,2,16,89,18,24
787,96,1736,66,100,34,118,152,68,81,13,96,152,66,84,18,0.006501242384015794,0.024439225296980838,61,86,25,1,3,2,8,6,21,13,34
788,16,16,36,36,0,56,56,37,37,0,16,16,36,36,0,0.0002723033459273631,0.0002723033459273631,35,35,0,-1,3,3,9,1,28,49,67
789,82,184,63,86,23,96,96,60,60,0,96,96,69,69,0,0.011981347220803976,0.012696143503863304,73,74,1,4,3,3,6,8,44,20,51
790,0,206,1,92,91,0,16,1,30,29,0,10,1,35,34,0.0,0.002110350930937064,1,43,42,3,-1,4,6,0,65,85,70
791,462,462,98,98,0,312,312,98,98,0,312,312,98,98,0,0.037475747983253344,0.037475747983253344,97,97,0,-1,2,2,12,29,2,11,67
792,0,101,1,80,79,0,4,1,25,24,0,1,1,25,24,0.0,3.4037918240920386e-05,1,26,25,5,-1,6,4,0,73,80,95
793,0,616,1,100,99,0,22,1,47,46,0,22,1,50,49,0.0,0.01657646618332823,1,79,78,2,-1,3,2,1,95,45,15
794,2,2,25,25,0,6,6,25,25,0,2,2,25,25,0,0.0,0.0,1,1,0,-1,5,5,5,1,50,78,45
795,6,622,30,100,70,12,50,30,45,15,6,50,30,56,26,0.00037441710065012424,0.013819394805813677,34,77,43,2,4,3,5,1,80,55,5
796,16,632,48,100,52,12,22,35,51,16,12,22,42,54,12,0.0028591851322373124,0.011164437183021887,51,72,21,2,4,3,2,6,98,41,72
797,0,206,1,89,88,0,14,1,31,30,0,6,1,28,27,0.0,0.0014636304843595766,1,41,40,3,-1,4,5,0,61,76,53
798,58,158,68,92,24,32,32,63,63,0,32,32,65,65,0,0.011368664692467409,0.011334626774226489,72,72,0,4,3,3,2,6,98,34,63
799,67,683,60,100,40,46,56,43,47,4,46,56,52,56,4,0.006297014874570271,0.012083460975526737,58,71,13,2,3,3,6,8,65,57,34
800,24,24,48,48,0,68,68,43,43,0,24,24,48,48,0,0.001599782157323258,0.001599782157323258,41,41,0,-1,3,3,8,3,57,43,36
801,156,156,89,89,0,56,56,76,76,0,56,56,77,77,0,0.020899281799925118,0.020899281799925118,87,87,0,-1,2,2,2,16,68,12,45
802,6,212,33,92,59,24,24,40,40,0,6,24,33,51,18,0.00176997174852786,0.006501242384015794,44,59,15,3,4,4,4,2,47,94,13
803,2,208,26,93,67,4,10,26,28,2,2,10,26,34,8,6.807583648184077e-05,0.006569318220497634,27,63,36,3,5,4,3,2,82,58,32
804,128,229,83,93,10,128,128,78,78,0,128,128,83,83,0,0.013751318969331836,0.013785356887572755,75,75,0,6,3,3,8,13,39,33,58
805,102,718,82,100,18,72,72,80,80,0,72,72,80,80,0,0.01575955614554614,0.029851254297287178,81,91,10,2,2,2,3,8,66,8,39
806,6,212,30,94,64,22,26,33,35,2,6,26,30,48,18,0.0008509479560230097,0.006569318220497634,37,59,22,3,4,4,5,2,63,42,21
807,212,212,87,87,0,252,252,85,85,0,212,212,87,87,0,0.016712617856291908,0.016712617856291908,73,73,0,-1,2,2,14,15,25,19,59
808,87,189,68,92,24,100,100,71,71,0,100,100,75,75,0,0.008986010415602982,0.009054086252084823,68,68,0,4,2,2,6,8,32,57,4
809,34,240,54,93,39,34,34,47,47,0,34,34,55,55,0,0.0030293747234419145,0.005854521937438306,49,58,9,3,3,3,4,6,77,70,29
810,8,1648,37,100,63,24,58,37,63,26,8,58,37,65,28,0.001055175465468532,0.03880322679464924,39,95,56,1,4,2,4,2,77,74,37
811,0,0,1,1,0,0,0,1,1,0,0,0,1,1,0,0.0,0.0,1,1,0,-1,-1,-1,3,0,66,76,97
812,2,208,28,92,64,6,18,30,37,7,2,18,28,46,18,0.0,0.004731270635487933,1,55,54,3,5,4,3,1,76,95,13
813,256,462,94,100,6,192,192,100,100,0,192,192,100,100,0,0.030804316008032948,0.032370060247115286,90,91,1,3,2,2,6,16,74,18,94
814,91,192,58,89,31,128,128,70,70,0,91,92,58,58,0,0.006569318220497634,0.006705469893461316,58,58,0,5,2,2,9,6,29,35,68
815,100,100,66,66,0,100,100,49,49,0,100,100,66,66,0,0.02580074202661765,0.03274447734776541,85,91,6,2,1,1,9,6,54,35,24
816,16,632,34,100,66,42,142,32,65,33,16,125,34,78,44,0.0002042275094455223,0.0176997174852786,32,82,50,2,3,3,16,1,9,95,23
817,16,16,36,36,0,68,68,45,45,0,16,16,36,36,0,0.001599782157323258,0.001599782157323258,40,40,0,-1,3,3,7,2,43,42,79
818,0,206,1,91,90,0,28,1,33,32,0,23,1,43,42,0.0,0.004765308553728854,1,49,48,3,-1,4,6,0,56,79,35
819,34,34,54,54,0,22,22,48,48,0,22,22,51,51,0,0.005888559855679227,0.005888559855679227,58,58,0,-1,3,3,2,4,95,72,66
820,0,1640,1,100,99,0,108,1,59,58,0,99,1,59,58,0.0,0.015725518227305217,1,77,76,1,-1,2,12,0,6,59,24
821,0,206,1,92,91,0,12,1,33,32,0,8,1,36,35,0.0,0.0009530617107457708,1,38,37,3,-1,4,4,0,77,59,61
822,42,248,62,100,38,22,22,55,55,0,22,22,57,57,0,0.008441403723748256,0.013819394805813677,67,76,9,3,3,3,2,7,97,21,25
823,6,1646,32,100,68,14,48,34,71,37,6,48,32,73,41,0.0011913271384322134,0.0404030089519725,41,96,55,1,4,2,3,1,60,71,41
824,22,638,42,100,58,46,56,39,43,4,22,56,42,53,11,0.0018380475850097008,0.011640968038394772,43,71,28,2,3,3,6,2,41,61,33
825,100,100,66,66,0,100,100,66,66,0,100,100,69,69,0,0.03672691378195309,0.054528745021954456,92,98,6,2,1,1,7,14,62,32,23
826,60,60,65,65,0,44,44,59,59,0,44,44,63,63,0,0.004901460226692535,0.004901460226692535,53,53,0,-1,3,3,4,5,72,47,97
827,0,0,1,1,0,0,0,1,1,0,0,0,1,1,0,0.0,0.0,1,1,0,-1,-1,-1,4,0,67,82,66
828,51,667,53,100,47,50,50,46,46,0,50,50,53,53,0,0.004322815616596889,0.018891044623710815,51,82,31,2,3,3,5,6,50,35,23
829,22,22,41,41,0,46,46,41,41,0,22,22,41,41,0,0.0017018959120460194,0.0017018959120460194,41,41,0,-1,3,3,6,2,34,52,66
830,16,16,37,37,0,56,56,48,48,0,16,16,37,37,0,0.0035739814152966403,0.0035739814152966403,50,50,0,-1,3,3,6,1,65,90,86
831,50,50,57,57,0,48,48,54,54,0,48,48,56,56,0,0.006909697402906838,0.006909697402906838,58,58,0,-1,3,3,3,6,87,26,80
832,100,100,62,62,0,100,100,48,48,0,100,100,62,62,0,0.06429762755709861,0.06429762755709861,100,100,0,-1,1,1,10,36,11,2,93
833,0,101,1,69,68,0,9,1,25,24,0,1,1,25,24,0.0,0.0,1,1,0,5,-1,6,9,0,28,40,68
834,2,103,29,81,52,6,6,29,29,0,2,3,29,33,4,3.4037918240920386e-05,0.00010211375472276115,27,30,3,5,5,5,4,1,77,95,4
835,36,242,50,93,43,90,90,49,49,0,35,90,50,67,17,0.004731270635487933,0.008203138296061813,53,61,8,3,3,3,9,6,26,41,13
836,32,238,46,91,45,116,116,60,60,0,32,76,46,56,10,0.002757071377514551,0.011368664692467409,49,72,23,3,3,3,11,2,5,52,39
837,329,945,98,100,2,120,120,100,100,0,120,120,100,100,0,0.044045066203750975,0.0482657680656251,95,96,1,2,2,2,3,30,87,7,22
838,97,303,80,98,18,32,32,63,63,0,32,32,64,64,0,0.01861874127778345,0.03720344463732598,83,96,13,3,3,3,2,12,86,37,10
839,0,206,1,92,91,0,23,1,31,30,0,7,1,33,32,0.0,0.0012934408931549745,1,38,37,3,-1,4,6,0,59,76,61
840,44,660,57,100,43,28,38,44,58,14,28,38,51,61,10,0.006977773239388679,0.01773375540351952,63,83,20,2,3,3,3,4,92,38,44
841,100,100,70,70,0,100,100,68,68,0,100,100,73,73,0,0.06171074577078866,0.08192926920589537,100,100,0,2,1,1,6,29,48,1,11
842,6,212,28,92,64,20,36,33,35,2,6,32,28,46,18,0.0005786446100956465,0.004765308553728854,36,52,16,3,4,4,6,2,56,42,26
843,42,42,51,51,0,164,164,66,66,0,40,40,49,49,0,0.003710133088260322,0.003710133088260322,50,50,0,-1,3,3,14,6,16,41,91
844,0,102,1,84,83,0,3,1,27,26,0,3,1,33,32,0.0,0.0011913271384322134,1,41,40,4,-1,5,2,0,93,96,61
845,100,100,58,58,0,100,100,38,38,0,100,100,58,58,0,0.013410939786922631,0.013410939786922631,72,72,0,-1,1,1,16,4,9,22,59
846,0,616,1,100,99,0,24,1,42,41,0,24,1,48,47,0.0,0.006739507811702236,1,59,58,2,-1,3,3,0,58,81,26
847,77,283,71,95,24,48,48,66,66,0,48,48,67,67,0,0.009054086252084823,0.010381565063480718,68,71,3,3,3,3,3,8,76,57,53
848,0,0,1,1,0,0,0,1,1,0,0,0,1,1,0,0.0,0.0,1,1,0,-1,-1,-1,8,0,21,87,45
849,8,8,38,38,0,8,8,33,33,0,8,8,38,38,0,0.001055175465468532,0.001055175465468532,41,41,0,-1,4,4,2,3,90,51,85
850,6,212,28,91,63,14,26,30,32,2,6,26,28,45,17,0.00013615167296368154,0.0061949011198475104,30,56,26,3,4,4,5,1,50,65,31
851,0,1640,1,100,99,0,112,1,62,61,0,112,1,77,76,0.0,0.028421661731168522,1,89,88,1,-1,2,8,0,15,99,9
852,16,118,50,84,34,18,18,51,51,0,16,18,51,53,2,0.0011913271384322134,0.0019061234214915416,39,45,6,4,3,3,2,2,86,42,64
853,0,616,1,100,99,0,50,1,46,45,0,50,1,53,52,0.0,0.01245787807617686,1,75,74,2,-1,3,5,0,88,84,14
854,80,280,68,95,27,44,44,50,50,0,44,44,57,57,0,0.008101024541339052,0.012015385139044895,64,75,11,3,3,3,4,9,73,31,13
855,16,222,42,96,54,28,28,43,43,0,16,28,42,49,7,0.0007147962830593281,0.004629156880765172,37,53,16,3,3,3,3,1,75,49,62
856,119,220,89,97,8,56,56,92,92,0,56,56,92,92,0,0.03277851526600633,0.03284659110248817,95,95,0,5,2,2,2,15,97,16,88
857,0,616,1,100,99,0,22,1,51,50,0,22,1,54,53,0.0,0.009836958371625992,1,69,68,2,-1,3,2,0,98,91,48
858,6,6,30,30,0,32,32,31,31,0,6,6,30,30,0,0.00017018959120460194,0.00017018959120460194,30,30,0,-1,4,4,11,1,38,65,82
859,12,114,35,75,40,28,28,35,35,0,12,14,35,36,1,0.0009870996289866913,0.0011232513019503727,39,40,1,4,4,4,6,3,41,51,60
860,6,212,29,92,63,18,30,32,34,2,6,30,29,47,18,0.00013615167296368154,0.007352190340038803,31,58,27,3,4,4,5,1,52,95,32
861,67,67,66,66,0,60,60,55,55,0,60,60,60,60,0,0.007386228258279724,0.007386228258279724,63,63,0,-1,3,3,5,8,70,44,76
862,29,29,51,51,0,28,28,43,43,0,28,28,50,50,0,0.004016474352428605,0.004016474352428605,53,53,0,-1,3,3,3,6,66,73,86
863,32,648,51,100,49,54,54,52,52,0,32,54,51,54,3,0.004356853534837809,0.013785356887572755,54,77,23,2,3,3,4,3,83,29,32
864,313,519,100,100,0,72,72,86,86,0,72,72,86,86,0,0.04836788182034787,0.05898771231151503,97,99,2,3,2,2,3,40,92,3,37
865,96,712,62,100,38,112,112,70,70,0,96,112,64,76,12,0.00966676878042139,0.014602266925354846,68,77,9,2,3,3,7,6,46,77,47
866,0,0,1,1,0,0,0,1,1,0,0,0,1,1,0,0.0,0.0,1,1,0,-1,-1,-1,8,0,42,67,50
867,8,214,35,93,58,10,14,32,33,1,8,14,35,39,4,0.0004084550188910446,0.007692569522448007,34,60,26,3,4,4,3,2,55,56,17
868,49,49,54,54,0,98,98,54,54,0,49,49,54,54,0,0.004561081044283332,0.004561081044283332,54,54,0,-1,3,3,8,4,10,22,99
869,0,1640,1,100,99,0,110,1,56,55,0,53,1,52,51,0.0,0.008747744987916539,1,59,58,1,-1,2,16,0,9,82,22
870,46,252,68,100,32,32,32,67,67,0,32,32,68,68,0,0.00966676878042139,0.017291262466387555,69,81,12,3,3,3,2,5,97,25,17
871,0,101,1,78,77,0,14,1,25,24,0,1,1,25,24,0.0,6.807583648184077e-05,1,26,25,6,-1,7,14,0,17,98,78
872,6,108,33,83,50,20,20,36,36,0,6,8,33,37,4,0.0012594029749140542,0.0015657442390823377,41,42,1,4,4,4,4,1,78,71,49
873,282,898,94,100,6,296,296,90,90,0,296,296,94,94,0,0.02396269444160795,0.025766704108376733,87,89,2,2,2,2,14,15,25,16,54
874,6,212,29,91,62,34,42,30,32,2,6,18,29,41,12,0.0002723033459273631,0.0011913271384322134,30,37,7,3,4,4,13,1,13,4,64
875,80,286,61,94,33,106,106,74,74,0,80,106,63,78,15,0.00707988699411144,0.00793083495013445,62,63,1,3,2,2,7,6,62,28,43
876,1,207,25,91,66,4,15,25,32,7,1,8,25,37,12,3.4037918240920386e-05,0.0010211375472276116,27,40,13,3,6,4,4,1,84,78,61
877,76,276,63,97,34,68,68,72,72,0,68,68,74,74,0,0.009054086252084823,0.020456788862793153,63,84,21,3,2,2,4,6,67,41,18
878,30,646,49,100,51,66,86,48,55,7,30,86,49,65,16,0.004152626025392287,0.024609414888185438,50,88,38,2,3,3,6,6,59,73,7
879,0,616,1,100,99,0,56,1,44,43,0,56,1,57,56,0.0,0.017427414139351238,1,83,82,2,-1,3,6,1,48,69,16
880,0,206,1,90,89,0,52,1,34,33,0,52,1,52,51,0.0,0.010619830491167161,1,73,72,3,-1,4,10,0,1,59,12
881,22,124,46,87,41,28,28,43,43,0,22,28,46,49,3,0.002280540522141666,0.0030293747234419145,49,50,1,4,3,3,3,2,66,52,74
882,112,318,76,96,20,86,86,56,56,0,86,86,62,62,0,0.011606930120153852,0.025324211171244768,70,87,17,3,3,3,6,8,51,17,6
883,38,140,47,80,33,84,84,46,46,0,38,40,47,48,1,0.0025188059498281084,0.004016474352428605,46,50,4,4,3,3,9,6,54,70,46
884,268,884,92,100,8,234,244,87,90,3,234,244,89,91,2,0.022635215630212056,0.03362946322202934,81,92,11,2,2,2,12,16,2,12,33
885,0,616,1,100,99,0,28,1,44,43,0,28,1,51,50,0.0,0.02889819258654141,1,93,92,2,-1,3,3,0,94,82,3
886,112,318,74,97,23,208,208,89,89,0,112,114,74,75,1,0.008577555396711936,0.009360427516253106,65,68,3,3,2,2,10,7,0,62,74
887,132,748,86,100,14,32,32,63,63,0,32,32,64,64,0,0.018959120460192654,0.037645937574457944,84,96,12,2,3,3,2,18,86,30,15
888,18,634,41,100,59,66,66,44,44,0,18,66,41,55,14,0.0015657442390823377,0.01143674052894925,39,72,33,2,3,3,6,2,40,61,39
889,6,212,32,94,62,14,18,32,37,5,6,18,32,43,11,0.0009190237925048504,0.0020422750944552232,37,42,5,3,4,4,3,2,96,42,43
890,46,252,51,93,42,62,62,44,44,0,46,52,51,51,0,0.0036760951700194017,0.005956635692161067,48,52,4,3,2,2,6,2,71,74,90
891,213,829,95,100,5,72,72,77,77,0,72,72,79,79,0,0.03536539705231628,0.05231628033629463,94,98,4,2,2,2,3,29,96,11,23
892,101,101,77,77,0,88,88,71,71,0,88,88,71,71,0,0.009734844616903231,0.009734844616903231,69,69,0,-1,2,2,4,8,53,44,66
893,94,94,63,63,0,104,104,73,73,0,94,94,69,69,0,0.007794683277170768,0.007794683277170768,59,59,0,-1,2,2,5,6,52,26,69
894,0,616,1,100,99,0,58,1,37,36,0,36,1,49,48,0.0,0.004561081044283332,1,54,53,2,-1,3,8,0,15,40,47
895,84,700,57,100,43,164,164,73,73,0,84,164,57,83,26,0.011164437183021887,0.01943565131556554,70,81,11,2,2,2,10,5,18,25,39
896,0,616,1,100,99,0,118,1,61,60,0,106,1,74,73,0.0,0.011777119711358454,1,68,67,2,-1,3,12,0,2,91,33
897,12,12,36,36,0,66,66,37,37,0,12,12,36,36,0,0.002110350930937064,0.002110350930937064,43,43,0,-1,4,4,11,2,19,83,69
898,82,698,61,100,39,76,76,55,55,0,76,76,60,60,0,0.01245787807617686,0.021239660982334322,71,81,10,2,3,3,6,8,71,20,33
899,7,623,36,100,64,10,28,32,44,12,7,28,36,49,13,0.0004765308553728854,0.010960209673576363,35,67,32,2,4,3,3,2,58,56,32
900,0,1640,1,100,99,0,102,1,65,64,0,102,1,75,74,0.0,0.02658361414615882,1,87,86,1,-1,2,8,0,21,92,18
901,0,206,1,95,94,0,8,1,31,30,0,8,1,37,36,0.0,0.004186663943633207,1,52,51,3,-1,4,2,0,95,67,38
902,8,624,38,100,62,20,34,34,44,10,8,34,38,52,14,0.0008509479560230097,0.016236087000919025,40,79,39,2,4,3,4,3,84,51,5
903,24,640,49,100,51,28,38,45,55,10,24,38,49,58,9,0.003165526396405596,0.010483678818203479,48,67,19,2,3,3,3,6,58,70,48
904,0,0,1,1,0,0,0,1,1,0,0,0,1,1,0,0.0,0.0,1,1,0,-1,-1,-1,17,0,20,67,69
905,0,206,1,90,89,0,38,1,35,34,0,20,1,42,41,0.0,0.004731270635487933,1,52,51,3,-1,4,7,0,43,76,62
906,0,206,1,94,93,0,18,1,37,36,0,18,1,43,42,0.0,0.005922597773920147,1,56,55,3,-1,4,3,0,96,85,25
907,291,497,98,100,2,72,72,79,79,0,72,72,80,80,0,0.03808843051158991,0.044453521222642026,95,95,0,3,2,2,3,29,75,1,77
908,86,702,60,100,40,118,118,89,89,0,86,118,67,90,23,0.006773545729943157,0.012389802239695021,58,75,17,2,2,2,5,6,52,70,57
909,2,208,29,90,61,14,34,29,33,4,2,21,29,44,15,0.00013615167296368154,0.0036760951700194017,30,49,19,3,5,4,9,1,26,60,22
910,2,2,29,29,0,5,5,30,30,0,2,2,29,29,0,0.0002042275094455223,0.0002042275094455223,32,32,0,-1,5,5,3,1,60,65,81
911,200,200,88,88,0,118,118,66,66,0,118,118,80,80,0,0.01763164164879676,0.01763164164879676,80,80,0,-1,3,3,8,16,30,12,69
912,304,504,98,100,2,158,158,95,95,0,158,158,95,95,0,0.03213179481942884,0.033255046121379216,92,93,1,3,2,2,6,22,59,9,52
913,12,628,35,100,65,28,38,35,36,1,12,37,35,48,13,0.0009870996289866913,0.004935498144933456,39,53,14,2,4,3,6,3,41,51,22
914,24,1664,43,100,57,68,112,41,69,28,24,112,43,77,34,0.001599782157323258,0.02889819258654141,42,88,46,1,3,2,8,4,10,64,23
915,331,931,99,100,1,96,96,93,93,0,96,96,93,93,0,0.04571292419755608,0.060723646141801965,96,97,1,2,2,2,3,40,66,3,7
916,72,688,70,100,30,38,38,51,51,0,38,38,54,54,0,0.01153885428367201,0.017121072875182955,71,78,7,2,3,3,3,8,94,17,29
917,46,662,52,100,48,84,108,46,70,24,46,108,52,79,27,0.005854521937438306,0.02566459035365397,55,89,34,2,2,2,9,2,26,83,10
918,52,153,63,92,29,32,32,63,63,0,32,32,64,64,0,0.010075223799312433,0.010143299635794275,67,67,0,6,3,3,2,6,86,77,78
919,184,784,94,100,6,56,56,88,88,0,56,56,88,88,0,0.03209775690118792,0.0567752476258552,92,98,6,2,2,2,2,15,93,16,3
920,0,0,1,1,0,0,0,1,1,0,0,0,1,1,0,0.0,0.0,1,1,0,-1,-1,-1,4,0,73,86,99
921,171,272,91,97,6,72,72,84,84,0,72,72,84,84,0,0.02501786990707648,0.025324211171244768,88,88,0,5,2,2,3,19,81,15,63
922,16,222,43,93,50,54,54,59,59,0,16,54,44,62,18,0.004731270635487933,0.009428503352734947,56,67,11,3,3,3,4,1,77,90,62
923,2,104,28,75,47,12,12,30,30,0,2,4,28,31,3,0.00013615167296368154,0.0002382654276864427,30,33,3,4,5,5,6,1,44,65,4
924,0,1640,1,100,99,0,70,1,34,33,0,43,1,50,49,0.0,0.009428503352734947,1,66,65,1,-1,2,14,0,17,40,64
925,0,102,1,82,81,0,6,1,28,27,0,4,1,32,31,0.0,0.001055175465468532,1,40,39,4,-1,5,3,0,75,81,83
926,169,1769,85,100,15,276,276,87,87,0,169,276,85,92,7,0.009905034208107831,0.041185881071513664,67,96,29,1,2,2,14,8,16,44,3
927,16,16,36,36,0,34,34,36,36,0,16,16,36,36,0,0.0006467204465774873,0.0006467204465774873,35,35,0,-1,3,3,6,1,71,49,98
928,8,624,35,100,65,42,84,35,46,11,8,84,35,59,24,0.0005105687736138058,0.018925082541951733,35,80,45,2,4,3,9,2,35,56,9
929,0,101,1,80,79,0,4,1,25,24,0,1,1,25,24,0.0,0.0,1,1,0,6,-1,7,4,0,73,98,58
930,0,0,1,1,0,0,0,1,1,0,0,0,1,1,0,0.0,0.0,1,1,0,-1,-1,-1,5,0,88,66,69
931,56,262,58,95,37,64,64,65,65,0,64,64,67,67,0,0.0088498587426393,0.016474352428605468,67,79,12,3,3,3,4,5,47,25,17
932,291,497,98,100,2,56,56,76,76,0,56,56,77,77,0,0.03638653459954389,0.03863303720344464,95,96,1,3,2,2,2,29,68,1,70
933,0,101,1,82,81,0,3,1,25,24,0,1,1,25,24,0.0,0.00010211375472276115,1,29,28,5,-1,6,3,1,75,69,60
934,0,206,1,93,92,0,29,1,30,29,0,12,1,35,34,0.0,0.0023486163586235067,1,44,43,3,-1,4,9,1,23,50,75
935,0,616,1,100,99,0,46,1,44,43,0,46,1,55,54,0.0,0.007250076585316042,1,61,60,2,-1,3,5,0,80,81,13
936,124,1764,79,100,21,208,232,88,91,3,124,232,79,93,14,0.01153885428367201,0.028047244630518397,71,88,17,1,2,2,10,6,11,77,25
937,12,628,34,100,66,28,62,34,43,9,12,62,34,53,19,0.0012594029749140542,0.02021852343510671,37,80,43,2,4,3,6,3,71,51,9
938,100,100,66,66,0,100,100,52,52,0,100,100,66,66,0,0.05017189148711665,0.05017189148711665,99,99,0,-1,1,1,8,29,15,11,80
939,0,616,1,100,99,0,54,1,38,37,0,44,1,54,53,0.0,0.009020048333843901,1,65,64,2,-1,3,8,0,21,96,17
940,88,294,66,97,31,100,100,71,71,0,88,96,68,69,1,0.008543517478471017,0.010381565063480718,63,68,5,3,2,2,6,7,56,62,52
941,0,1640,1,100,99,0,108,1,57,56,0,92,1,59,58,0.0,0.01575955614554614,1,73,72,1,-1,2,12,0,2,81,27
942,100,100,63,63,0,100,100,39,39,0,100,100,63,63,0,0.02723033459273631,0.02723033459273631,89,89,0,-1,1,1,14,15,17,19,97
943,78,179,77,96,19,32,32,67,67,0,32,32,68,68,0,0.01242384015793594,0.01242384015793594,74,74,0,6,3,3,2,8,97,17,78
944,16,16,41,41,0,28,28,45,45,0,16,16,41,41,0,0.0021784267674189047,0.0021784267674189047,45,45,0,-1,3,3,3,2,60,94,96
945,83,683,62,100,38,66,66,49,49,0,66,66,57,57,0,0.006433166547533953,0.013479015623404473,58,74,16,2,3,3,6,8,41,57,17
946,178,384,90,98,8,80,80,66,66,0,80,80,68,68,0,0.01960584090677014,0.020899281799925118,82,84,2,3,3,3,5,19,63,15,75
947,128,128,78,78,0,182,182,82,82,0,128,128,79,79,0,0.008203138296061813,0.008203138296061813,63,63,0,-1,2,2,9,5,28,47,86
948,239,855,93,100,7,144,144,94,94,0,144,144,94,94,0,0.027706865448109193,0.04006262976956329,89,96,7,2,2,2,6,15,71,16,12
949,6,622,28,100,72,26,40,33,39,6,6,40,28,48,20,0.0006467204465774873,0.014568229007113924,35,77,42,2,4,3,5,1,50,49,12
950,24,24,44,44,0,58,58,43,43,0,24,24,44,44,0,0.001599782157323258,0.001599782157323258,42,42,0,-1,3,3,7,3,46,43,66
951,38,38,50,50,0,66,66,48,48,0,38,38,50,50,0,0.0030634126416828346,0.0030634126416828346,47,47,0,-1,3,3,6,3,48,54,91
952,0,616,1,100,99,0,96,1,43,42,0,96,1,62,61,0.0,0.021648116001225366,1,83,82,2,-1,3,11,0,38,40,10
953,8,8,36,36,0,14,14,35,35,0,8,8,36,36,0,0.0004765308553728854,0.0004765308553728854,35,35,0,-1,4,4,3,2,92,63,96
954,34,240,55,98,43,22,22,49,49,0,22,22,50,50,0,0.007216038667075122,0.011947309302563056,63,71,8,3,3,3,2,7,93,62,26
955,0,616,1,100,99,0,46,1,38,37,0,46,1,49,48,0.0,0.02028659927158855,1,84,83,2,-1,3,6,0,56,85,0
956,18,1658,41,100,59,66,132,37,66,29,18,132,41,81,40,0.00034037918240920387,0.021546002246502605,32,80,48,1,3,2,12,2,2,56,18
957,94,300,69,95,26,94,94,68,68,0,94,94,71,71,0,0.007454304094761564,0.008679669151434699,62,64,2,3,2,2,5,5,50,47,54
958,2,2,28,28,0,5,5,28,28,0,2,2,28,28,0,0.0,0.0,1,1,0,-1,5,5,3,1,96,60,76
959,0,0,1,1,0,0,0,1,1,0,0,0,1,1,0,0.0,0.0,1,1,0,-1,-1,-1,5,0,49,36,97
960,0,101,1,82,81,0,3,1,25,24,0,1,1,25,24,0.0,3.4037918240920386e-05,1,26,25,6,-1,7,3,0,75,99,58
961,403,403,97,97,0,206,206,91,91,0,206,206,92,92,0,0.03332312195786106,0.03332312195786106,92,92,0,-1,2,2,9,29,54,1,84
962,112,214,75,92,17,210,210,78,78,0,112,114,75,76,1,0.008135062459579971,0.008271214132543654,64,64,0,4,2,2,12,4,6,72,55
963,46,46,58,58,0,22,22,48,48,0,22,22,51,51,0,0.005582218591510943,0.005582218591510943,57,57,0,-1,3,3,2,6,95,13,92
964,61,677,57,100,43,130,130,67,67,0,61,130,57,80,23,0.005173763572619898,0.013785356887572755,58,75,17,2,3,3,10,6,11,35,27
965,18,634,43,100,57,32,60,41,51,10,18,60,43,61,18,0.00088498587426393,0.029306647605432452,37,90,53,2,3,3,5,2,45,63,2
966,0,616,1,100,99,0,46,1,40,39,0,46,1,50,49,0.0,0.008203138296061813,1,66,65,2,-1,3,6,0,59,97,27
967,26,642,55,100,45,22,32,52,62,10,22,32,54,63,9,0.003642057251778481,0.03849688553048095,54,96,42,2,3,3,2,6,86,41,2
968,100,100,58,58,0,100,100,35,35,0,100,100,59,59,0,0.02038871302631131,0.02038871302631131,83,83,0,-1,1,1,17,8,20,44,80
969,0,206,1,91,90,0,24,1,35,34,0,24,1,42,41,0.0,0.018142210422410564,1,82,81,3,-1,4,4,0,67,40,10
970,22,228,40,92,52,94,94,49,49,0,22,28,40,43,3,0.0020082371762143027,0.004799346471969774,44,55,11,3,3,3,9,2,31,61,90
971,0,616,1,100,99,0,40,1,39,38,0,40,1,48,47,0.0,0.009088124170325743,1,69,68,2,-1,3,5,1,50,45,20
972,2,618,26,100,74,10,36,26,33,7,2,20,26,39,13,3.4037918240920386e-05,0.0022465026039007454,26,44,18,2,5,3,9,1,31,78,52
973,47,253,54,93,39,40,40,44,44,0,40,40,53,53,0,0.004799346471969774,0.00622893903808843,52,58,6,3,3,3,5,6,70,35,83
974,0,616,1,100,99,0,66,1,47,46,0,66,1,58,57,0.0,0.016474352428605468,1,80,79,2,-1,3,6,0,59,82,15
975,0,616,1,100,99,0,28,1,44,43,0,28,1,49,48,0.0,0.016202049082678104,1,82,81,2,-1,3,3,0,58,98,18
976,208,414,90,99,9,200,200,94,94,0,200,200,94,94,0,0.023520201504475986,0.026141121209026855,84,86,2,3,2,2,8,16,57,18,29
977,2,2,27,27,0,6,6,29,29,0,2,2,27,27,0,0.0002042275094455223,0.0002042275094455223,31,31,0,-1,5,5,3,1,85,65,76
978,100,100,69,69,0,100,100,55,55,0,100,100,69,69,0,0.03699921712788046,0.04145818441744103,93,95,2,2,1,1,8,18,30,5,62
979,149,355,84,99,15,84,84,69,69,0,84,84,71,71,0,0.010483678818203479,0.012900371013308825,70,74,4,3,2,2,5,13,37,24,41
980,70,686,72,100,28,18,28,40,43,3,18,28,45,50,5,0.011300588855985567,0.019844106334456584,72,84,12,2,4,3,3,14,92,32,73
981,0,0,1,1,0,0,0,1,1,0,0,0,1,1,0,0.0,0.0,1,1,0,-1,-1,-1,5,0,61,59,84
982,208,824,88,100,12,326,326,95,95,0,208,226,88,91,3,0.014364001497668403,0.015623404472582456,74,76,2,2,2,2,15,8,7,17,52
983,465,1081,100,100,0,280,280,100,100,0,280,280,100,100,0,0.03621634500833929,0.037339596310289665,95,95,0,2,2,2,10,30,22,7,42
984,2,104,27,80,53,5,6,27,28,1,2,6,27,31,4,3.4037918240920386e-05,0.0017018959120460194,27,44,17,4,5,5,3,2,87,58,41
985,60,60,64,64,0,38,38,59,59,0,38,38,62,62,0,0.006058749446883829,0.006058749446883829,57,57,0,-1,3,3,3,6,92,28,50
986,118,734,81,100,19,88,88,80,80,0,88,88,80,80,0,0.01763164164879676,0.025051907825317403,81,87,6,2,2,2,4,9,84,39,21
987,100,100,59,59,0,100,100,40,40,0,100,100,59,59,0,0.057728309336600975,0.07794683277170768,99,100,1,1,1,1,15,40,7,3,9
988,112,318,75,97,22,220,220,82,82,0,112,118,75,76,1,0.009122162088566664,0.009462541270975866,68,69,1,3,2,2,12,4,6,38,88
989,359,460,96,99,3,160,160,86,86,0,160,160,88,88,0,0.03516116954287076,0.03512713162462984,94,94,0,5,2,2,7,29,24,11,68
990,62,62,54,54,0,74,74,52,52,0,62,62,54,54,0,0.0051397256543789785,0.0051397256543789785,54,54,0,-1,2,2,5,3,52,54,85
991,100,100,69,69,0,100,100,66,66,0,100,100,75,75,0,0.03512713162462984,0.059328091493924234,93,99,6,2,1,1,6,9,51,27,2
992,80,286,74,97,23,72,72,79,79,0,72,72,80,80,0,0.010415602981721638,0.010960209673576363,74,74,0,3,2,2,3,7,75,21,49
993,0,102,1,83,82,0,4,1,29,28,0,4,1,32,31,0.0,0.0013274788113958951,1,40,39,4,-1,5,2,0,89,79,83
994,100,100,65,65,0,100,100,47,47,0,100,100,65,65,0,0.051839749480921744,0.052554545763981074,98,98,0,3,1,1,11,29,38,0,71
995,100,100,76,76,0,100,100,90,90,0,100,100,90,90,0,0.04595118962524252,0.04700636509071105,95,96,1,3,1,1,4,6,72,34,54
996,0,206,1,85,84,0,42,1,33,32,0,18,1,39,38,0.0,0.0015657442390823377,1,40,39,3,-1,4,12,0,2,92,54
997,16,1656,44,100,56,18,56,47,92,45,16,56,47,92,45,0.00353994349705572,0.07277306919908778,50,98,48,1,3,2,2,1,99,55,3
998,0,1640,1,100,99,0,70,1,39,38,0,40,1,46,45,0.0,0.012764219340345145,1,75,74,1,-1,2,10,0,0,66,46
999,6,212,29,94,65,15,28,29,32,3,6,12,29,34,5,0.00017018959120460194,0.0012253650566731338,31,38,7,3,4,4,6,1,59,55,53
