,FreeNet_pre_score,FreeNet_post_score,FreeNet_pre_rank,FreeNet_post_rank,FreeNet_delta_ranks,Reversed_pre_score,Reversed_post_score,Reversed_pre_rank,Reversed_post_rank,Reversed_delta_ranks,Independent_pre_score,Independent_post_score,Independent_pre_rank,Independent_post_rank,Independent_delta_ranks,Random_pre_score,Random_post_score,Random_pre_rank,Random_post_rank,Random_delta_ranks,dist_victim_relayer,dist_victim_vilain_pre,dist_victim_vilain_post,out_deg_victim,in_deg_villain,victim,villain,relayer
0,12,12,39,39,0,14,14,34,34,0,12,12,39,39,0,0.00030634126416828345,0.00030634126416828345,33,33,0,-1,4,4,3,2,60,56,92
1,22,22,39,39,0,82,82,35,35,0,22,22,39,39,0,0.001055175465468532,0.001055175465468532,38,38,0,-1,3,3,14,3,8,51,81
2,0,1640,1,100,99,0,70,1,66,65,0,70,1,70,69,0.0,0.03175737771877872,1,89,88,1,-1,2,5,0,70,91,30
3,196,796,89,100,11,172,172,88,88,0,172,172,90,90,0,0.019469689233806462,0.03284659110248817,80,92,12,2,2,2,9,18,35,30,23
4,0,206,1,96,95,0,18,1,35,34,0,18,1,44,43,0.0,0.004152626025392287,1,52,51,3,-1,4,3,0,75,92,28
5,74,1714,70,100,30,44,88,54,79,25,44,88,58,80,22,0.01143674052894925,0.05231628033629463,72,97,25,1,3,2,4,8,77,8,6
6,6,212,28,92,64,43,56,30,31,1,6,18,28,39,11,0.00017018959120460194,0.0011232513019503727,29,37,8,3,4,4,16,1,4,60,74
7,323,529,97,100,3,152,152,99,99,0,152,152,99,99,0,0.04278566322883692,0.04377276285782362,96,96,0,3,2,2,5,29,70,11,83
8,90,90,64,64,0,104,104,82,82,0,104,104,83,83,0,0.010858095918853602,0.010858095918853602,73,73,0,-1,2,2,5,6,50,77,85
9,90,1730,62,100,38,128,182,72,90,18,90,182,62,91,29,0.007113924912352361,0.04482793832329215,58,97,39,1,2,2,9,6,35,28,11
10,63,269,61,96,35,72,72,77,77,0,72,72,77,77,0,0.007352190340038803,0.011913271384322134,64,73,9,3,2,2,3,4,64,22,62
11,249,455,97,100,3,56,56,86,86,0,56,56,86,86,0,0.03509309370638892,0.048844412675720754,94,98,4,3,2,2,2,29,95,0,18
12,22,228,40,92,52,90,90,42,42,0,22,30,40,45,5,0.00088498587426393,0.0019741992579733825,37,42,5,3,3,3,12,2,3,63,51
13,40,246,55,96,41,52,52,78,78,0,40,52,64,79,15,0.007556417849484326,0.014398039415909322,62,77,15,3,2,2,3,2,85,94,20
14,6,6,31,31,0,14,14,31,31,0,6,6,31,31,0,3.4037918240920386e-05,3.4037918240920386e-05,27,27,0,-1,4,4,6,1,48,95,40
15,150,766,83,100,17,232,242,80,82,2,150,242,83,90,7,0.014432077334150244,0.021682153919466287,74,84,10,2,2,2,14,8,17,20,32
16,82,183,72,93,21,72,72,80,80,0,72,72,80,80,0,0.011981347220803976,0.011981347220803976,75,75,0,5,2,2,3,7,66,48,78
17,160,360,88,97,9,94,94,72,72,0,94,94,73,73,0,0.019163347969638176,0.02100139555464788,83,83,0,3,2,2,5,16,80,12,35
18,22,22,40,40,0,74,74,35,35,0,22,22,40,40,0,0.001497668402600497,0.001497668402600497,40,40,0,-1,3,3,12,3,6,51,84
19,342,548,95,100,5,184,184,94,94,0,184,184,94,94,0,0.03526328329759352,0.036965179209639536,91,94,3,3,2,2,7,29,43,0,83
20,68,68,65,65,0,78,78,75,75,0,68,68,76,76,0,0.009292351679771264,0.009292351679771264,67,67,0,-1,2,2,4,4,77,72,40
21,22,622,40,100,60,94,94,49,49,0,22,94,40,68,28,0.0020082371762143027,0.02205657102011641,44,84,40,2,3,3,9,2,31,61,9
22,0,0,1,1,0,0,0,1,1,0,0,0,1,1,0,0.0,0.0,1,1,0,-1,-1,-1,4,0,77,86,81
23,0,0,1,1,0,0,0,1,1,0,0,0,1,1,0,0.0,0.0,1,1,0,-1,-1,-1,5,0,63,59,36
24,16,117,42,85,43,22,22,42,42,0,16,17,42,45,3,0.002484768031587188,0.002586881786309949,49,49,0,5,3,3,2,3,68,46,95
25,2,208,27,93,66,5,14,30,34,4,2,14,27,42,15,6.807583648184077e-05,0.004799346471969774,27,51,24,3,5,4,3,1,92,95,57
26,49,49,57,57,0,60,60,48,48,0,49,49,57,57,0,0.004799346471969774,0.004799346471969774,54,54,0,-1,3,3,5,4,63,22,66
27,56,56,56,56,0,110,110,62,62,0,56,56,56,56,0,0.004152626025392287,0.004152626025392287,53,53,0,-1,2,2,11,2,38,75,99
28,82,698,56,100,44,188,188,70,70,0,82,98,56,59,3,0.006671431975220395,0.00803294870485721,59,63,4,2,2,2,14,6,8,35,52
29,166,166,84,84,0,208,208,85,85,0,166,166,84,84,0,0.014874570271282209,0.014874570271282209,76,76,0,-1,2,2,10,9,18,39,79
30,188,188,94,94,0,72,72,80,80,0,72,72,80,80,0,0.02481364239763096,0.02481364239763096,88,88,0,-1,2,2,3,19,66,15,79
31,26,232,48,91,43,56,56,46,46,0,26,30,48,49,1,0.004765308553728854,0.0063650907110521125,55,61,6,3,3,3,6,6,74,73,46
32,78,78,60,60,0,100,100,63,63,0,78,78,61,61,0,0.008203138296061813,0.008203138296061813,64,64,0,-1,2,2,6,4,41,72,67
33,70,70,58,58,0,120,120,65,65,0,70,70,58,58,0,0.004731270635487933,0.004731270635487933,57,57,0,-1,3,3,10,6,11,28,89
34,62,164,71,90,19,48,48,68,68,0,48,48,69,69,0,0.010960209673576363,0.012253650566731339,73,75,2,4,3,3,3,6,81,77,52
35,68,170,68,91,23,62,62,82,82,0,62,62,82,82,0,0.01327478811395895,0.01592974573675074,76,79,3,4,2,2,3,4,85,72,73
36,78,694,57,100,43,104,104,73,73,0,78,104,58,78,20,0.009292351679771264,0.020967357636406957,65,86,21,2,2,2,5,4,52,38,12
37,167,783,92,100,8,56,56,86,86,0,56,56,86,86,0,0.025392287007726607,0.03475271452397971,87,94,7,2,2,2,2,19,95,15,17
38,0,616,1,100,99,0,66,1,48,47,0,66,1,62,61,0.0,0.01834643793185609,1,85,84,2,-1,3,6,0,32,67,23
39,16,16,36,36,0,68,68,42,42,0,16,16,36,36,0,0.0023486163586235067,0.0023486163586235067,45,45,0,-1,3,3,8,1,39,53,66
40,0,0,1,1,0,0,0,1,1,0,0,0,1,1,0,0.0,0.0,1,1,0,-1,-1,-1,9,0,23,93,81
41,122,322,91,100,9,56,56,92,92,0,56,56,92,92,0,0.029544913033118896,0.03686306545491678,91,95,4,3,2,2,2,17,97,6,20
42,40,656,49,100,51,156,156,68,68,0,40,76,49,57,8,0.002825147213996392,0.007011811157629599,48,60,12,2,2,2,12,1,14,53,28
43,126,326,84,96,12,90,90,69,69,0,90,90,73,73,0,0.013376901868681712,0.01746145205759216,77,82,5,3,2,2,6,14,32,14,44
44,101,101,71,71,0,126,126,69,69,0,101,101,71,71,0,0.008713707069675619,0.008713707069675619,63,63,0,-1,2,2,7,8,24,57,59
45,77,283,71,95,24,48,48,66,66,0,48,48,67,67,0,0.009054086252084823,0.016338200755641786,68,80,12,3,3,3,3,8,76,57,32
46,184,184,94,94,0,56,56,88,88,0,56,56,88,88,0,0.03209775690118792,0.03209775690118792,92,92,0,-1,2,2,2,15,93,16,98
47,0,0,1,1,0,0,0,1,1,0,0,0,1,1,0,0.0,0.0,1,1,0,-1,-1,-1,3,0,94,67,98
48,190,190,88,88,0,182,182,89,89,0,182,182,89,89,0,0.016338200755641786,0.016338200755641786,79,79,0,-1,2,2,9,14,26,14,66
49,438,638,99,100,1,168,168,99,99,0,168,168,99,99,0,0.048674223084516154,0.048844412675720754,98,98,0,3,2,2,6,40,71,3,90
50,273,273,95,95,0,248,248,98,98,0,248,248,98,98,0,0.0195377650702883,0.0195377650702883,82,82,0,-1,2,2,8,15,30,19,86
51,57,57,56,56,0,82,82,56,56,0,57,57,56,56,0,0.005412029000306341,0.005412029000306341,54,54,0,-1,3,3,7,6,62,35,69
52,100,100,65,65,0,100,100,45,45,0,100,100,65,65,0,0.026923993328568024,0.02998740597025086,90,91,1,2,1,1,10,14,12,32,41
53,76,692,67,100,33,54,54,54,54,0,54,54,58,58,0,0.010143299635794275,0.01667857993805099,70,79,9,2,3,3,4,6,47,77,21
54,76,178,68,90,22,54,54,55,55,0,54,54,60,60,0,0.006875659484665918,0.007011811157629599,60,60,0,4,3,3,4,6,84,13,88
55,0,206,1,95,94,0,10,1,30,29,0,6,1,30,29,0.0,0.00176997174852786,1,41,40,3,-1,4,3,0,94,97,53
56,18,1658,41,100,59,66,132,37,65,28,18,132,41,81,40,0.00034037918240920387,0.021069471391129718,32,79,47,1,3,2,12,2,2,56,30
57,91,297,82,100,18,32,32,67,67,0,32,32,68,68,0,0.01851662752306069,0.022601177711971135,83,85,2,3,3,3,2,16,97,18,24
58,46,46,50,50,0,96,96,53,53,0,46,46,50,50,0,0.002757071377514551,0.002757071377514551,46,46,0,-1,2,2,7,2,46,61,86
59,0,0,1,1,0,0,0,1,1,0,0,0,1,1,0,0.0,0.0,1,1,0,-1,-1,-1,2,0,93,66,79
60,110,316,80,97,17,96,96,67,67,0,96,96,68,68,0,0.008611593314952858,0.013989584397018279,65,76,11,3,3,3,6,13,74,24,38
61,166,372,90,99,9,78,78,79,79,0,78,78,80,80,0,0.023690391095680587,0.030191633479696382,86,89,3,3,2,2,4,17,72,6,33
62,100,100,59,59,0,100,100,46,46,0,100,100,59,59,0,0.026243234963749616,0.03968821266891317,87,95,8,2,1,1,11,8,5,17,37
63,16,632,42,100,58,22,22,42,42,0,16,22,42,45,3,0.00353994349705572,0.010517716736444398,52,71,19,2,3,3,2,1,68,90,72
64,2,2,27,27,0,8,8,27,27,0,2,2,27,27,0,3.4037918240920386e-05,3.4037918240920386e-05,27,27,0,-1,5,5,6,1,65,78,76
65,100,100,59,59,0,100,100,39,39,0,100,100,59,59,0,0.023622315259198747,0.023724429013921508,84,84,0,4,1,1,14,8,16,20,60
66,6,622,29,100,71,32,110,33,59,26,6,110,29,73,44,0.0002382654276864427,0.02209060893835733,32,84,52,2,4,3,10,1,11,4,7
67,6,6,29,29,0,19,19,29,29,0,6,6,29,29,0,0.00017018959120460194,0.00017018959120460194,31,31,0,-1,4,4,8,1,42,65,50
68,100,100,63,63,0,100,100,45,45,0,100,100,63,63,0,0.05000170189591205,0.05000170189591205,97,97,0,-1,1,1,11,29,19,1,91
69,16,16,33,33,0,66,66,44,44,0,16,16,33,33,0,0.004152626025392287,0.004152626025392287,49,49,0,-1,3,3,6,1,51,90,84
70,0,616,1,99,98,0,78,1,40,39,0,46,1,47,46,0.0,0.004595118962524252,1,52,51,2,-1,3,11,0,33,98,47
71,0,206,1,91,90,0,46,1,34,33,0,29,1,45,44,0.0,0.005377991082065421,1,58,57,3,-1,4,9,0,31,40,44
72,189,189,92,92,0,120,120,90,90,0,120,120,90,90,0,0.02392865652336703,0.02392865652336703,85,85,0,-1,2,2,6,16,69,18,81
73,38,38,48,48,0,136,136,67,67,0,38,38,48,48,0,0.0032336022328874367,0.0032336022328874367,49,49,0,-1,3,3,11,6,38,70,85
74,68,274,57,94,37,110,110,78,78,0,68,110,58,81,23,0.008679669151434699,0.014874570271282209,66,78,12,3,2,2,6,4,51,72,44
75,0,206,1,92,91,0,18,1,35,34,0,18,1,45,44,0.0,0.006399128629293032,1,60,59,3,-1,4,3,0,64,92,44
76,94,94,73,73,0,64,64,65,65,0,64,64,67,67,0,0.015214949453691413,0.015214949453691413,79,79,0,-1,3,3,4,9,47,39,87
77,6,622,32,100,68,14,28,34,44,10,6,28,32,47,15,0.0011913271384322134,0.017291262466387555,41,84,43,2,4,3,3,1,60,71,23
78,0,616,1,100,99,0,32,1,68,67,0,32,1,68,67,0.0,0.028455699649409444,1,91,90,2,-1,3,2,1,90,50,11
79,236,852,93,100,7,144,144,95,95,0,144,144,95,95,0,0.023179822322066782,0.030225671397937304,87,89,2,2,2,2,6,19,56,15,58
80,16,1656,39,100,61,88,112,51,68,17,16,56,39,60,21,0.004322815616596889,0.017325300384628477,53,80,27,1,3,2,8,1,57,90,42
81,50,650,62,100,38,32,32,63,63,0,32,32,64,64,0,0.006501242384015794,0.01606589740971442,62,78,16,2,3,3,2,6,86,26,34
82,184,390,91,97,6,238,238,90,90,0,184,190,90,90,0,0.011640968038394772,0.011947309302563056,71,72,1,3,2,2,11,7,19,48,49
83,32,32,43,43,0,84,84,42,42,0,32,32,43,43,0,0.0030293747234419145,0.0030293747234419145,48,48,0,-1,3,3,9,2,29,83,92
84,459,1075,99,100,1,248,248,98,98,0,248,248,98,98,0,0.03880322679464924,0.04077742605262262,94,94,0,2,2,2,8,30,30,7,64
85,0,0,1,1,0,0,0,1,1,0,0,0,1,1,0,0.0,0.0,1,1,0,-1,-1,-1,9,0,23,93,97
86,0,1640,1,100,99,0,130,1,60,59,0,90,1,57,56,0.0,0.010687906327649,1,69,68,1,-1,2,14,0,8,67,13
87,14,220,34,93,59,56,56,35,35,0,14,26,34,44,10,0.0013615167296368155,0.0024507301133462676,41,46,5,3,4,4,10,3,36,43,51
88,0,102,1,83,82,0,4,1,29,28,0,2,1,27,26,0.0,0.00013615167296368154,1,30,29,4,-1,5,2,0,89,81,4
89,0,1640,1,100,99,0,102,1,65,64,0,102,1,77,76,0.0,0.03621634500833929,1,93,92,1,-1,2,8,0,57,92,3
90,0,102,1,84,83,0,4,1,29,28,0,2,1,27,26,0.0,0.0002723033459273631,1,32,31,4,-1,5,2,0,93,98,4
91,0,0,1,1,0,0,0,1,1,0,0,0,1,1,0,0.0,0.0,1,1,0,-1,-1,-1,8,1,15,45,76
92,6,6,27,27,0,42,42,34,34,0,6,6,27,27,0,0.00010211375472276115,0.00010211375472276115,29,29,0,-1,4,4,12,1,2,4,79
93,6,622,29,100,71,21,94,29,47,18,6,94,29,59,30,0.0,0.015555328636100617,1,78,77,2,4,3,9,1,28,95,15
94,16,632,40,100,60,28,38,45,50,5,16,38,40,53,13,0.0012253650566731338,0.014568229007113924,37,77,40,2,3,3,3,1,94,49,30
95,121,327,77,97,20,206,206,76,76,0,121,206,77,91,14,0.009292351679771264,0.014772456516559448,69,76,7,3,2,2,12,8,6,44,48
96,0,101,1,77,76,0,5,1,25,24,0,1,1,25,24,0.0,0.0,1,1,0,5,-1,6,5,0,37,59,78
97,170,786,88,100,12,86,86,56,56,0,86,86,66,66,0,0.017121072875182955,0.021750229755948126,82,85,3,2,3,3,6,16,59,12,28
98,0,0,1,1,0,0,0,1,1,0,0,0,1,1,0,0.0,0.0,1,1,0,-1,-1,-1,8,0,39,89,97
99,82,82,74,74,0,48,48,68,68,0,48,48,69,69,0,0.012832295176826986,0.012832295176826986,76,76,0,-1,3,3,3,8,81,17,97
100,22,22,43,43,0,68,68,41,41,0,22,22,43,43,0,0.0017359338302869397,0.0017359338302869397,44,44,0,-1,3,3,8,2,30,52,79
101,100,100,73,73,0,100,100,94,94,0,100,100,94,94,0,0.03686306545491678,0.045678886279315156,97,97,0,2,1,1,4,1,67,69,20
102,2,618,26,100,74,6,40,26,39,13,2,32,26,47,21,0.0,0.005514142755029102,1,54,53,2,5,3,5,1,52,68,62
103,16,16,42,42,0,24,24,43,43,0,16,16,42,42,0,0.00088498587426393,0.00088498587426393,37,37,0,-1,3,3,3,2,58,42,66
104,230,1870,89,100,11,312,336,90,94,4,230,336,89,99,10,0.01232172640321318,0.03257428775656081,69,94,25,1,2,2,16,9,9,31,15
105,100,100,77,77,0,100,100,97,97,0,100,100,97,97,0,0.08169100377820893,0.1006841621566425,100,100,0,2,1,1,3,30,55,7,16
106,70,70,59,59,0,128,128,67,67,0,70,70,59,59,0,0.006501242384015794,0.006501242384015794,59,59,0,-1,3,3,8,6,15,26,76
107,66,1706,59,100,41,80,114,61,86,25,66,114,61,87,26,0.00881582082439838,0.028013206712277475,65,90,25,1,2,2,6,6,56,34,43
108,2,618,27,100,73,6,28,29,45,16,2,28,27,53,26,0.00010211375472276115,0.018754892950747133,30,84,54,2,5,3,3,1,87,60,10
109,49,255,56,96,40,48,48,69,69,0,48,48,70,70,0,0.005718370264474625,0.012185574730249497,57,74,17,3,3,3,3,4,55,22,34
110,0,616,1,100,99,0,46,1,42,41,0,46,1,52,51,0.0,0.01497668402600497,1,77,76,2,-1,3,6,0,69,89,18
111,12,218,38,93,55,14,18,34,35,1,12,18,38,46,8,0.0010892133837094523,0.0028591851322373124,40,50,10,3,4,4,3,3,64,51,83
112,100,100,61,61,0,100,100,40,40,0,100,100,61,61,0,0.06320841417338915,0.07185404540658294,100,100,0,2,1,1,14,36,8,2,37
113,16,222,40,97,57,38,38,51,51,0,16,22,40,48,8,0.0038462847612240037,0.004765308553728854,51,52,1,3,3,3,3,1,94,90,49
114,100,100,62,62,0,206,206,75,75,0,100,100,62,62,0,0.009394465434494027,0.009394465434494027,65,65,0,-1,2,2,12,6,14,77,99
115,144,350,86,98,12,64,64,65,65,0,64,64,67,67,0,0.021614078082984444,0.02188638142891181,86,86,0,3,3,3,4,20,47,23,49
116,102,102,83,83,0,80,80,95,95,0,80,80,95,95,0,0.016882807447496512,0.016882807447496512,82,82,0,-1,2,2,2,4,68,38,98
117,94,94,73,73,0,62,62,77,77,0,62,62,78,78,0,0.01334286395044079,0.01334286395044079,76,76,0,-1,2,2,3,9,58,31,86
118,0,0,1,1,0,0,0,1,1,0,0,0,1,1,0,0.0,0.0,1,1,0,-1,-1,-1,8,0,30,84,66
119,39,39,51,51,0,82,82,48,48,0,39,39,51,51,0,0.004322815616596889,0.004322815616596889,53,53,0,-1,3,3,7,4,24,22,86
120,0,616,1,100,99,0,22,1,51,50,0,22,1,53,52,0.0,0.017972020831205963,1,83,82,2,-1,3,2,0,86,91,15
121,140,346,84,99,15,54,54,56,56,0,54,54,57,57,0,0.014261887742945642,0.01746145205759216,76,80,4,3,3,3,4,15,67,19,28
122,16,616,39,100,61,68,68,43,43,0,16,68,39,62,23,0.0018380475850097008,0.020014295925661188,43,83,40,2,3,3,8,1,57,53,7
123,24,125,44,81,37,68,68,42,42,0,24,25,44,45,1,0.0013274788113958951,0.0013955546478777359,40,40,0,6,3,3,8,4,39,64,58
124,100,201,64,88,24,122,122,72,72,0,100,101,65,75,10,0.007318152421797883,0.007454304094761564,61,61,0,5,2,2,8,6,10,13,78
125,0,0,1,1,0,0,0,1,1,0,0,0,1,1,0,0.0,0.0,1,1,0,-1,-1,-1,3,0,96,93,40
126,8,214,35,93,58,26,26,37,37,0,8,26,35,49,14,0.0010892133837094523,0.005582218591510943,39,58,19,3,4,4,5,2,70,74,38
127,16,16,36,36,0,56,56,37,37,0,16,16,36,36,0,0.0002723033459273631,0.0002723033459273631,35,35,0,-1,3,3,9,1,28,49,96
128,6,622,31,100,69,15,66,32,47,15,6,66,31,60,29,0.00030634126416828345,0.024303073624017155,33,87,54,2,4,3,6,1,48,55,10
129,100,100,74,74,0,100,100,80,80,0,100,100,80,80,0,0.05851118145614214,0.05851118145614214,98,98,0,-1,1,1,5,27,45,10,67
130,0,0,1,1,0,0,0,1,1,0,0,0,1,1,0,0.0,0.0,1,1,0,-1,-1,-1,4,0,77,79,89
131,88,88,59,59,0,142,142,68,68,0,88,88,59,59,0,0.007113924912352361,0.007113924912352361,60,60,0,-1,3,3,12,8,2,57,87
132,0,206,1,93,92,0,14,1,34,33,0,14,1,40,39,0.0,0.010858095918853602,1,68,67,3,-1,4,3,0,58,67,6
133,0,616,1,99,98,0,70,1,36,35,0,35,1,43,42,0.0,0.005241839409101739,1,55,54,2,-1,3,11,0,33,92,22
134,32,32,51,51,0,54,54,52,52,0,32,32,51,51,0,0.004356853534837809,0.004356853534837809,54,54,0,-1,3,3,4,3,83,29,50
135,16,117,37,78,41,66,66,48,48,0,16,17,37,42,5,0.0015317063208414173,0.0015317063208414173,43,43,0,5,3,3,6,1,59,53,68
136,16,16,38,38,0,30,30,36,36,0,16,16,38,38,0,0.0007488342013002485,0.0007488342013002485,37,37,0,-1,3,3,6,1,74,4,40
137,6,1646,30,100,70,23,100,32,68,36,6,100,30,70,40,0.0002042275094455223,0.047959426801456824,31,97,66,1,4,2,6,1,34,65,3
138,18,18,41,41,0,74,74,40,40,0,18,18,41,41,0,0.0006467204465774873,0.0006467204465774873,37,37,0,-1,3,3,11,2,19,56,91
139,16,632,34,100,66,54,94,34,41,7,16,60,34,55,21,0.00037441710065012424,0.006058749446883829,34,57,23,2,3,3,12,1,14,88,72
140,0,0,1,1,0,0,0,1,1,0,0,0,1,1,0,0.0,0.0,1,1,0,-1,-1,-1,10,0,22,76,69
141,252,852,95,100,5,152,152,99,99,0,152,152,99,99,0,0.026107083290785937,0.030191633479696382,90,90,0,2,2,2,5,17,50,6,13
142,84,700,62,100,38,80,80,59,59,0,80,80,63,63,0,0.012934408931549747,0.018006058749446885,75,82,7,2,3,3,5,9,61,39,13
143,118,220,78,90,12,152,152,70,70,0,118,120,78,78,0,0.011709043874876613,0.011981347220803976,72,72,0,4,3,3,12,8,3,8,55
144,72,688,68,100,32,38,48,57,68,11,38,48,59,69,10,0.009598692943939549,0.02188638142891181,69,88,19,2,3,3,3,6,55,77,44
145,0,0,1,1,0,0,0,1,1,0,0,0,1,1,0,0.0,0.0,1,1,0,-1,-1,-1,10,0,22,91,93
146,57,57,53,53,0,50,50,45,45,0,50,50,52,52,0,0.004322815616596889,0.004322815616596889,53,53,0,-1,3,3,5,6,52,35,93
147,146,146,87,87,0,134,134,90,90,0,134,134,90,90,0,0.016474352428605468,0.016474352428605468,81,81,0,-1,2,2,6,8,48,8,84
148,22,1662,41,100,59,78,166,37,68,31,22,166,41,86,45,0.0009190237925048504,0.026821879573845263,37,90,53,1,3,2,12,2,14,74,15
149,40,246,50,95,45,102,102,66,66,0,40,102,50,76,26,0.004016474352428605,0.012049423057285817,52,71,19,3,2,2,8,2,39,94,14
150,6,6,30,30,0,23,23,32,32,0,6,6,30,30,0,0.0002042275094455223,0.0002042275094455223,31,31,0,-1,4,4,6,1,34,60,79
151,227,843,95,100,5,168,168,98,98,0,168,168,98,98,0,0.028455699649409444,0.043704687021341775,89,95,6,2,2,2,6,20,34,23,30
152,34,240,54,94,40,32,32,58,58,0,32,32,59,59,0,0.0033016780693692774,0.004969536063174376,51,56,5,3,3,3,2,6,68,70,94
153,74,175,72,93,21,32,32,69,69,0,32,32,69,69,0,0.014432077334150244,0.014432077334150244,75,75,0,6,3,3,2,9,93,39,78
154,62,678,54,100,46,90,100,56,58,2,62,100,54,63,9,0.005990673610401988,0.011981347220803976,55,73,18,2,2,2,6,3,40,54,57
155,64,1704,58,100,42,140,174,70,77,7,64,174,58,84,26,0.00622893903808843,0.026243234963749616,59,89,30,1,3,2,10,7,12,62,32
156,0,616,1,100,99,0,68,1,41,40,0,68,1,62,61,0.0,0.01575955614554614,1,81,80,2,-1,3,8,0,39,85,16
157,0,1640,1,100,99,0,96,1,46,45,0,94,1,62,61,0.0,0.01766567956703768,1,80,79,1,-1,2,10,0,22,93,31
158,2,2,28,28,0,11,11,29,29,0,2,2,28,28,0,3.4037918240920386e-05,3.4037918240920386e-05,29,29,0,-1,5,5,7,1,62,95,66
159,6,622,32,100,68,18,28,35,45,10,6,28,32,53,21,0.0009190237925048504,0.005514142755029102,39,55,16,2,4,3,3,1,87,71,22
160,110,316,82,100,18,72,72,85,85,0,72,72,85,85,0,0.01504475986248681,0.020252561353347628,77,82,5,3,2,2,3,6,94,77,31
161,16,222,34,90,56,112,112,59,59,0,16,26,34,44,10,0.0037441710065012424,0.005105687736138058,52,55,3,3,3,3,12,1,3,90,43
162,0,206,1,94,93,0,10,1,30,29,0,10,1,38,37,0.0,0.0030974505599237552,1,50,49,3,-1,4,3,1,66,45,73
163,92,708,83,100,17,32,32,67,67,0,32,32,68,68,0,0.023111746485584943,0.05742196807243269,86,98,12,2,3,3,2,20,97,23,2
164,0,206,1,86,85,0,28,1,30,29,0,6,1,27,26,0.0,0.0016678579938050988,1,39,38,3,-1,4,8,0,27,80,46
165,375,991,97,100,3,160,160,93,93,0,160,160,94,94,0,0.03448041117805235,0.03761189965621702,91,94,3,2,2,2,7,29,62,1,54
166,54,156,56,85,29,60,60,55,55,0,54,60,55,59,4,0.00704584907587052,0.008543517478471017,60,67,7,4,3,3,5,4,70,72,61
167,119,735,87,100,13,46,46,83,83,0,46,46,83,83,0,0.019367575479083698,0.033425235712583816,82,95,13,2,2,2,2,18,99,5,37
168,52,1692,54,100,46,84,108,64,90,26,52,98,54,76,22,0.004663194799006093,0.025051907825317403,52,90,38,1,2,2,5,6,50,70,42
169,0,206,1,91,90,0,26,1,33,32,0,26,1,46,45,0.0,0.00881582082439838,1,64,63,3,-1,4,5,0,52,92,39
170,359,975,96,100,4,160,160,86,86,0,160,160,88,88,0,0.03516116954287076,0.040879539807345384,94,95,1,2,2,2,7,29,24,11,62
171,2,2,25,25,0,12,12,25,25,0,2,2,25,25,0,6.807583648184077e-05,6.807583648184077e-05,27,27,0,-1,5,5,10,1,36,68,69
172,2,618,26,100,74,12,76,27,39,12,2,46,26,51,25,0.00010211375472276115,0.006603356138738555,28,56,28,2,5,3,10,2,18,58,38
173,56,672,54,100,46,164,174,74,79,5,56,110,54,78,24,0.006297014874570271,0.014806494434800367,58,77,19,2,2,2,10,3,1,29,17
174,101,701,71,100,29,126,126,69,69,0,101,126,71,77,6,0.008713707069675619,0.029034344259505088,63,88,25,2,2,2,7,8,24,57,11
175,0,206,1,92,91,0,18,1,35,34,0,18,1,44,43,0.0,0.005548180673270023,1,58,57,3,-1,4,3,0,82,40,31
176,52,52,52,52,0,104,104,58,58,0,52,52,52,52,0,0.002552843868069029,0.002552843868069029,46,46,0,-1,2,2,10,3,18,43,84
177,100,100,63,63,0,100,100,45,45,0,100,100,63,63,0,0.04748289594608394,0.05286088702814936,96,99,3,2,1,1,11,29,19,11,57
178,22,22,40,40,0,114,114,58,58,0,22,22,40,40,0,0.002484768031587188,0.002484768031587188,46,46,0,-1,3,3,17,2,20,83,45
179,0,616,1,100,99,0,76,1,58,57,0,68,1,65,64,0.0,0.011743081793117532,1,73,72,2,-1,3,6,0,34,36,77
180,172,1812,83,100,17,184,222,79,91,12,172,222,84,93,9,0.011232513019503728,0.028693965077095884,71,90,19,1,2,2,10,9,12,31,77
181,0,101,1,70,69,0,7,1,25,24,0,1,1,25,24,0.0,0.00010211375472276115,1,28,27,5,-1,6,7,0,24,87,68
182,182,798,86,100,14,150,150,74,74,0,150,150,82,82,0,0.012900371013308825,0.016372238673882704,73,76,3,2,3,3,10,14,12,14,41
183,462,1078,98,100,2,312,312,98,98,0,312,312,98,98,0,0.037475747983253344,0.04098165356206814,97,97,0,2,2,2,12,29,2,11,47
184,0,206,1,96,95,0,7,1,30,29,0,7,1,37,36,0.0,0.0018380475850097008,1,42,41,3,-1,4,2,0,99,89,70
185,24,230,44,91,47,86,86,41,41,0,24,30,44,46,2,0.001497668402600497,0.004152626025392287,41,53,12,3,3,3,11,3,38,43,90
186,101,307,74,96,22,250,250,79,79,0,101,107,74,76,2,0.007352190340038803,0.007828721195411689,61,61,0,3,2,2,16,8,4,57,49
187,54,54,59,59,0,38,38,53,53,0,38,38,55,55,0,0.006875659484665918,0.006875659484665918,62,62,0,-1,3,3,3,7,64,62,66
188,266,367,97,98,1,288,288,95,95,0,288,288,95,95,0,0.022839443139657578,0.022839443139657578,84,84,0,5,2,2,12,16,6,18,68
189,108,724,79,100,21,76,86,60,67,7,76,86,65,71,6,0.013410939786922631,0.014874570271282209,73,77,4,2,3,3,6,13,69,33,49
190,0,102,1,72,71,0,12,1,26,25,0,2,1,25,24,0.0,0.00010211375472276115,1,28,27,4,-1,5,10,0,11,85,65
191,0,616,1,100,99,0,64,1,39,38,0,64,1,55,54,0.0,0.008203138296061813,1,62,61,2,-1,3,8,0,27,79,24
192,100,100,68,68,0,100,100,63,63,0,100,100,68,68,0,0.032506211920078965,0.03260832567480173,90,90,0,5,1,1,6,9,41,31,68
193,64,64,54,54,0,80,80,62,62,0,64,64,54,54,0,0.010143299635794275,0.010143299635794275,65,65,0,-1,2,2,6,6,71,73,81
194,34,650,46,100,54,78,78,44,44,0,34,78,46,57,11,0.0016678579938050988,0.01232172640321318,39,71,32,2,3,3,8,4,27,64,39
195,68,68,65,65,0,64,64,64,64,0,64,64,67,67,0,0.010517716736444398,0.010517716736444398,70,70,0,-1,3,3,4,8,77,17,59
196,1,103,25,87,62,2,4,25,29,4,1,4,25,32,7,0.00010211375472276115,0.0057524081827155455,29,60,31,4,6,5,2,1,97,95,8
197,0,0,1,1,0,0,0,1,1,0,0,0,1,1,0,0.0,0.0,1,1,0,-1,-1,-1,12,0,3,76,82
198,0,1640,1,100,99,0,90,1,64,63,0,90,1,71,70,0.0,0.041934715272813915,1,95,94,1,-1,2,6,0,59,66,3
199,0,102,1,74,73,0,12,1,28,27,0,2,1,25,24,0.0,0.0005786446100956465,1,36,35,4,-1,5,8,0,10,93,42
200,0,206,1,88,87,0,54,1,37,36,0,21,1,42,41,0.0,0.006637394056979475,1,57,56,3,-1,4,9,0,54,86,25
201,0,206,1,94,93,0,18,1,37,36,0,18,1,43,42,0.0,0.011504816365431091,1,75,74,3,-1,4,3,0,96,92,6
202,84,290,60,95,35,212,212,78,78,0,84,112,60,80,20,0.010313489226998877,0.015827631982027978,69,76,7,3,2,2,13,5,13,25,34
203,129,129,87,87,0,48,48,69,69,0,48,48,70,70,0,0.01678069369277375,0.01678069369277375,80,80,0,-1,3,3,3,15,55,19,97
204,16,118,44,82,38,28,28,46,46,0,16,28,43,53,10,0.0031314884781646754,0.0046972327172470135,52,54,2,4,3,3,3,1,87,90,41
205,0,101,1,86,85,0,2,1,24,23,0,1,1,24,23,0.0,0.00017018959120460194,1,30,29,5,-1,6,2,0,97,99,60
206,46,46,48,48,0,178,178,69,69,0,46,46,48,48,0,0.002314578440382586,0.002314578440382586,44,44,0,-1,2,2,14,2,25,61,87
207,331,531,99,100,1,88,88,71,71,0,88,88,71,71,0,0.03182545355526056,0.03638653459954389,94,95,1,3,2,2,4,29,53,1,31
208,0,206,1,91,90,0,12,1,27,26,0,6,1,26,25,0.0,0.00176997174852786,1,38,37,3,-1,4,4,0,67,40,46
209,56,672,59,100,41,122,142,76,80,4,56,142,59,86,27,0.006126825283365669,0.01497668402600497,60,79,19,2,2,2,8,3,39,29,17
210,50,666,59,100,41,38,48,52,64,12,38,48,55,67,12,0.005241839409101739,0.026787841655604345,57,91,34,2,3,3,3,6,66,26,9
211,40,656,48,100,52,146,156,67,71,4,40,56,48,50,2,0.002314578440382586,0.005446066918547262,45,55,10,2,2,2,12,1,3,53,94
212,246,246,92,92,0,200,200,94,94,0,200,200,94,94,0,0.020354675108070392,0.020354675108070392,81,81,0,-1,2,2,8,14,10,32,86
213,6,212,29,90,61,26,48,30,34,4,6,32,29,47,18,0.0002042275094455223,0.0034718676605738795,31,51,20,3,4,4,10,1,11,60,28
214,0,616,1,100,99,0,40,1,48,47,0,40,1,56,55,0.0,0.018686817114265293,1,81,80,2,-1,3,4,0,84,92,9
215,77,77,65,65,0,44,44,49,49,0,44,44,55,55,0,0.006535280302256714,0.006535280302256714,60,60,0,-1,3,3,4,8,79,57,36
216,23,23,53,53,0,38,38,49,49,0,23,23,53,53,0,0.002314578440382586,0.002314578440382586,49,49,0,-1,3,3,3,4,87,64,45
217,36,652,56,100,44,34,44,44,58,14,34,44,55,62,7,0.005071649817897137,0.011675005956635693,55,73,18,2,3,3,4,6,72,35,73
218,1,1,26,26,0,6,6,26,26,0,1,1,26,26,0,3.4037918240920386e-05,3.4037918240920386e-05,28,28,0,-1,6,6,6,1,44,78,87
219,76,76,63,63,0,70,70,58,58,0,70,70,64,64,0,0.008305252050784574,0.008305252050784574,67,67,0,-1,3,3,5,7,63,21,81
220,38,244,48,91,43,184,184,67,67,0,38,50,48,52,4,0.004152626025392287,0.005990673610401988,52,57,5,3,3,3,14,6,16,70,61
221,0,206,1,92,91,0,17,1,31,30,0,8,1,33,32,0.0,0.00034037918240920387,1,32,31,3,-1,4,7,0,46,36,56
222,100,100,60,60,0,100,100,52,52,0,100,100,60,60,0,0.026004969536063176,0.026004969536063176,89,89,0,-1,1,1,9,13,29,24,67
223,60,266,65,98,33,48,48,70,70,0,48,48,72,72,0,0.005548180673270023,0.007624493685966166,55,62,7,3,3,3,3,5,94,47,53
224,136,136,83,83,0,152,152,82,82,0,136,136,84,84,0,0.010926171755335444,0.010926171755335444,69,69,0,-1,2,2,9,7,26,48,91
225,16,118,35,77,42,90,90,45,45,0,16,18,35,39,4,0.0028932230504782326,0.003267640151128357,48,48,0,4,3,3,10,2,22,94,49
226,108,1748,78,100,22,182,216,87,96,9,108,216,78,96,18,0.011130399264780965,0.04581503795227884,70,97,27,1,2,2,9,5,23,25,1
227,82,82,72,72,0,32,32,70,70,0,32,32,70,70,0,0.012764219340345145,0.012764219340345145,75,75,0,-1,3,3,2,6,95,77,66
228,82,288,74,98,24,48,48,68,68,0,48,48,69,69,0,0.012832295176826986,0.013751318969331836,76,76,0,3,3,3,3,8,81,17,71
229,128,128,80,80,0,200,200,79,79,0,128,128,80,80,0,0.006399128629293032,0.006399128629293032,57,57,0,-1,2,2,12,5,3,47,76
230,100,100,58,58,0,100,100,38,38,0,100,100,58,58,0,0.029544913033118896,0.0317233398005378,91,92,1,3,1,1,16,17,9,6,75
231,76,282,61,95,34,104,104,66,66,0,76,104,61,78,17,0.00616086320160659,0.010449640899962559,56,67,11,3,3,3,9,6,26,13,62
232,100,100,79,79,0,100,100,98,98,0,100,100,98,98,0,0.09074509003029375,0.09244698594233977,99,99,0,3,1,1,2,15,68,19,94
233,100,716,59,100,41,198,208,69,70,1,100,146,59,82,23,0.008169100377820893,0.012696143503863304,61,71,10,2,2,2,14,6,16,34,13
234,272,888,94,100,6,212,212,90,90,0,212,212,93,93,0,0.021818305592429966,0.02920453385070969,84,89,5,2,2,2,10,16,18,12,20
235,14,14,39,39,0,18,18,36,36,0,14,14,39,39,0,0.0014636304843595766,0.0014636304843595766,42,42,0,-1,4,4,3,3,64,43,45
236,18,634,41,100,59,44,82,36,47,11,18,82,41,58,17,0.00030634126416828345,0.015657442390823378,34,78,44,2,3,3,7,2,24,56,18
237,1,103,26,81,55,4,6,26,28,2,1,3,26,33,7,3.4037918240920386e-05,0.00034037918240920387,27,34,7,4,6,5,4,1,77,78,88
238,1,617,26,100,74,4,34,26,46,20,1,34,26,54,28,3.4037918240920386e-05,0.020150447598624867,27,85,58,2,6,3,4,1,77,78,7
239,2,2,29,29,0,4,4,30,30,0,2,2,29,29,0,0.0002723033459273631,0.0002723033459273631,34,34,0,-1,5,5,2,1,97,88,96
240,158,364,92,100,8,22,22,42,42,0,22,22,45,45,0,0.018959120460192654,0.02042275094455223,85,86,1,3,3,3,2,19,91,15,70
241,7,623,37,100,63,8,22,32,47,15,7,22,37,50,13,0.00034037918240920387,0.022499063957248374,33,87,54,2,4,3,2,2,95,56,0
242,302,918,97,100,3,256,256,96,96,0,256,256,96,96,0,0.02556247659893121,0.030634126416828347,88,89,1,2,2,2,10,15,0,16,25
243,16,118,33,76,43,38,38,35,35,0,16,18,33,40,7,0.0008509479560230097,0.0009190237925048504,37,37,0,4,3,3,6,2,40,42,65
244,0,0,1,1,0,0,0,1,1,0,0,0,1,1,0,0.0,0.0,1,1,0,-1,-1,-1,8,0,21,67,85
245,100,100,63,63,0,100,100,56,56,0,100,100,63,63,0,0.029306647605432452,0.04755097178256578,90,97,7,1,1,1,7,4,24,38,35
246,339,440,100,100,0,112,112,92,92,0,112,112,92,92,0,0.03710133088260322,0.03710133088260322,96,96,0,6,2,2,4,30,53,7,58
247,158,364,86,98,12,94,94,71,71,0,94,94,72,72,0,0.014261887742945642,0.026141121209026855,77,89,12,3,2,2,5,14,63,32,30
248,52,668,56,100,44,64,64,63,63,0,64,64,64,64,0,0.008747744987916539,0.02021852343510671,68,85,17,2,3,3,4,5,79,25,39
249,8,8,40,40,0,8,8,34,34,0,8,8,40,40,0,0.0011232513019503727,0.0011232513019503727,41,41,0,-1,4,4,2,3,93,51,92
250,327,429,99,100,1,120,120,87,87,0,120,120,88,88,0,0.03226794649239253,0.03260832567480173,93,93,0,4,2,2,6,29,56,1,88
251,118,734,78,100,22,198,198,85,85,0,118,143,78,84,6,0.012934408931549747,0.016168011164437182,72,76,4,2,2,2,10,5,22,25,41
252,84,290,75,98,23,32,32,58,58,0,32,32,60,60,0,0.014466115252391163,0.02198849518363457,78,87,9,3,3,3,2,9,91,39,17
253,24,230,49,97,48,22,22,42,42,0,22,22,45,45,0,0.0024507301133462676,0.013104598522754349,47,76,29,3,3,3,2,6,91,70,37
254,0,616,1,99,98,0,78,1,41,40,0,78,1,57,56,0.0,0.01317267435923619,1,74,73,2,-1,3,11,0,19,92,6
255,1,617,25,100,75,3,28,25,42,17,1,28,25,49,24,3.4037918240920386e-05,0.011675005956635693,29,76,47,2,6,3,3,1,96,78,20
256,0,616,1,100,99,0,50,1,44,43,0,50,1,55,54,0.0,0.02831954797644576,1,89,88,2,-1,3,5,0,45,79,2
257,100,100,59,59,0,100,100,45,45,0,100,100,59,59,0,0.047789237210252224,0.047789237210252224,96,96,0,-1,1,1,10,22,0,9,67
258,52,252,67,99,32,22,22,47,47,0,22,22,52,52,0,0.00616086320160659,0.013649205214609075,61,76,15,3,3,3,2,6,89,13,14
259,56,262,54,93,39,110,110,74,74,0,56,110,54,75,21,0.0035059055788147996,0.00976888253514415,49,70,21,3,2,2,6,2,41,52,48
260,16,117,38,78,40,33,33,33,33,0,16,17,38,42,4,0.00013615167296368154,0.00017018959120460194,31,32,1,6,3,3,9,1,54,95,78
261,0,616,1,100,99,0,60,1,38,37,0,46,1,49,48,0.0,0.0057524081827155455,1,55,54,2,-1,3,9,0,54,99,21
262,348,448,99,100,1,152,152,99,99,0,152,152,99,99,0,0.04132203274447735,0.04142414649920011,95,95,0,4,2,2,5,29,37,0,60
263,36,652,46,100,54,68,78,41,44,3,36,54,46,51,5,0.00353994349705572,0.0053099152455835805,51,55,4,2,3,3,8,6,42,73,61
264,50,50,57,57,0,70,70,59,59,0,50,50,57,57,0,0.005446066918547262,0.005446066918547262,58,58,0,-1,3,3,5,6,80,26,98
265,324,324,96,96,0,368,368,97,97,0,324,324,97,97,0,0.024166921951053473,0.024166921951053473,87,87,0,-1,2,2,14,16,16,18,59
266,128,744,84,100,16,318,318,91,91,0,128,152,84,85,1,0.011913271384322134,0.013581129378127233,72,76,4,2,2,2,16,5,4,25,54
267,241,447,96,100,4,72,72,85,85,0,72,72,85,85,0,0.0392457197317812,0.043874876612546375,94,96,2,3,2,2,3,29,60,11,21
268,46,46,48,48,0,120,120,61,61,0,46,46,48,48,0,0.003165526396405596,0.003165526396405596,48,48,0,-1,2,2,11,2,33,52,89
269,176,176,86,86,0,174,174,76,76,0,174,174,87,87,0,0.014806494434800367,0.014806494434800367,75,75,0,-1,2,2,10,13,22,33,93
270,2,618,26,100,74,10,74,26,41,15,2,74,26,57,31,0.0,0.013513053541645392,1,76,75,2,5,3,9,1,28,68,37
271,6,212,28,92,64,20,24,33,33,0,6,27,28,45,17,0.0005786446100956465,0.004322815616596889,36,49,13,3,4,4,6,2,56,42,28
272,0,0,1,1,0,0,0,1,1,0,0,0,1,1,0,0.0,0.0,1,1,0,-1,-1,-1,8,0,27,80,81
273,115,731,81,100,19,70,70,59,59,0,70,70,67,67,0,0.0160318594914735,0.027264372510977228,78,87,9,2,3,3,5,12,88,37,19
274,80,286,73,100,27,32,32,71,71,0,32,32,71,71,0,0.014772456516559448,0.020252561353347628,75,83,8,3,3,3,2,9,99,27,26
275,0,206,1,87,86,0,32,1,29,28,0,8,1,32,31,0.0,0.00030634126416828345,1,32,31,3,-1,4,15,0,7,96,56
276,0,616,1,100,99,0,84,1,45,44,0,54,1,55,54,0.0,0.007420266176520644,1,61,60,2,-1,3,9,0,28,59,62
277,0,616,1,100,99,0,50,1,35,34,0,50,1,50,49,0.0,0.007692569522448007,1,62,61,2,-1,3,8,0,27,92,32
278,124,740,80,100,20,160,160,93,93,0,124,160,82,93,11,0.013955546478777357,0.023418087749753225,75,85,10,2,2,2,7,6,62,77,17
279,0,101,1,74,73,0,5,1,25,24,0,1,1,25,24,0.0,3.4037918240920386e-05,1,25,24,5,-1,6,5,0,63,66,58
280,50,152,57,91,34,48,48,54,54,0,48,48,56,56,0,0.006909697402906838,0.007147962830593281,58,58,0,4,3,3,3,6,87,26,88
281,0,102,1,82,81,0,6,1,28,27,0,4,1,32,31,0.0,0.001055175465468532,1,40,39,4,-1,5,3,0,75,81,83
282,228,1828,90,100,10,248,248,89,89,0,228,248,91,91,0,0.016916845365737433,0.04496408999625583,76,97,21,1,2,2,11,13,5,33,7
283,0,616,1,100,99,0,28,1,45,44,0,28,1,52,51,0.0,0.012832295176826986,1,75,74,2,-1,3,3,0,81,82,32
284,189,291,91,95,4,152,152,83,83,0,152,152,86,86,0,0.022328874366043774,0.02236291228428469,84,84,0,4,2,2,8,20,21,23,60
285,0,1640,1,100,99,0,130,1,60,59,0,90,1,57,56,0.0,0.010824058000612683,1,69,68,1,-1,2,14,0,8,36,13
286,94,294,73,97,24,64,64,65,65,0,64,64,67,67,0,0.015214949453691413,0.0195377650702883,79,83,4,3,3,3,4,9,47,39,34
287,2,618,26,100,74,17,122,26,54,28,2,74,26,53,27,6.807583648184077e-05,0.008679669151434699,26,63,37,2,5,3,16,1,4,78,17
288,277,483,96,100,4,192,192,99,99,0,192,192,99,99,0,0.03226794649239253,0.035059055788148,92,94,2,3,2,2,6,15,65,16,73
289,0,616,1,99,98,0,39,1,31,30,0,18,1,40,39,0.0,0.0006467204465774873,1,36,35,2,-1,3,11,0,33,36,56
290,231,847,92,100,8,206,206,91,91,0,206,206,93,93,0,0.018244324177133328,0.026787841655604345,80,88,8,2,2,2,9,15,28,19,8
291,0,1640,1,100,99,0,64,1,56,55,0,64,1,63,62,0.0,0.04094761564382722,1,96,95,1,-1,2,5,1,63,69,0
292,0,1640,1,100,99,0,100,1,46,45,0,100,1,62,61,0.0,0.018822968787228972,1,79,78,1,-1,2,10,0,22,84,14
293,0,0,1,1,0,0,0,1,1,0,0,0,1,1,0,0.0,0.0,1,1,0,-1,-1,-1,8,0,39,84,96
294,50,50,50,50,0,94,94,48,48,0,50,50,50,50,0,0.004663194799006093,0.004663194799006093,53,53,0,-1,3,3,9,4,54,22,99
295,0,102,1,83,82,0,4,1,28,27,0,4,1,30,29,0.0,0.005616256509751864,1,59,58,4,-1,5,2,0,99,98,24
296,128,728,78,100,22,126,126,69,69,0,126,126,78,78,0,0.00966676878042139,0.013376901868681712,68,73,5,2,2,2,7,9,24,31,13
297,78,1718,61,100,39,152,176,80,84,4,78,176,61,88,27,0.008169100377820893,0.04292181490180061,63,95,32,1,2,2,8,7,30,62,11
298,0,206,1,88,87,0,26,1,32,31,0,8,1,34,33,0.0,0.001055175465468532,1,38,37,3,-1,4,9,0,54,87,61
299,0,102,1,75,74,0,11,1,27,26,0,2,1,25,24,0.0,3.4037918240920386e-05,1,26,25,4,-1,5,8,0,15,96,95
300,6,622,27,100,73,32,46,34,39,5,6,46,27,52,25,0.00176997174852786,0.021784267674189048,40,84,44,2,4,3,6,2,51,94,0
301,90,690,62,100,38,160,160,69,69,0,90,106,62,75,13,0.005922597773920147,0.00980292045338507,59,64,5,2,2,2,11,6,19,28,26
302,16,632,34,100,66,90,122,42,59,17,16,122,34,79,45,0.0009870996289866913,0.016304162837400864,38,77,39,2,3,3,12,2,3,42,15
303,6,108,32,82,50,10,10,32,32,0,6,8,32,36,4,0.00037441710065012424,0.0016338200755641784,33,42,9,4,4,4,3,1,58,88,53
304,176,776,87,100,13,174,174,78,78,0,174,174,87,87,0,0.015283025290173252,0.023520201504475986,78,87,9,2,2,2,10,13,11,33,17
305,42,248,62,100,38,22,22,55,55,0,22,22,57,57,0,0.008441403723748256,0.01678069369277375,67,81,14,3,3,3,2,7,97,21,19
306,9,110,44,87,43,12,12,39,39,0,12,12,44,44,0,0.0011913271384322134,0.0011913271384322134,41,41,0,6,4,4,2,3,97,43,78
307,291,491,99,100,1,56,56,80,80,0,56,56,81,81,0,0.04581503795227884,0.048674223084516154,97,98,1,3,2,2,2,36,91,2,28
308,22,123,43,79,36,54,54,39,39,0,22,23,43,48,5,0.0021784267674189047,0.0021784267674189047,46,46,0,5,3,3,8,2,21,83,68
309,247,1887,92,100,8,248,272,89,94,5,248,272,92,94,2,0.025494400762449368,0.05616256509751864,86,100,14,1,2,2,11,20,5,23,1
310,101,701,76,100,24,164,164,77,77,0,101,164,76,86,10,0.008271214132543654,0.0158616699002689,64,79,15,2,2,2,10,8,36,57,17
311,22,22,43,43,0,44,44,36,36,0,22,22,43,43,0,0.0018040096667687805,0.0018040096667687805,42,42,0,-1,3,3,7,3,43,51,99
312,24,126,50,83,33,28,28,45,45,0,24,28,51,51,0,0.002144388849177984,0.003267640151128357,44,48,4,4,3,3,3,3,94,43,61
313,40,1680,52,100,48,62,124,49,86,37,40,124,52,87,35,0.0024166921951053475,0.05282684910990844,47,97,50,1,2,2,6,1,34,49,3
314,12,114,45,84,39,12,12,35,35,0,12,12,43,43,0,0.0022465026039007454,0.0029612988869600733,48,52,4,4,4,4,2,2,86,75,64
315,1,1,26,26,0,12,12,26,26,0,1,1,26,26,0,0.00010211375472276115,0.00010211375472276115,27,27,0,-1,6,6,12,1,14,78,93
316,0,206,1,88,87,0,54,1,37,36,0,21,1,42,41,0.0,0.0063650907110521125,1,58,57,3,-1,4,9,0,54,85,25
317,22,124,48,84,36,40,40,44,44,0,22,24,48,49,1,0.002552843868069029,0.0026889955410327104,46,47,1,4,3,3,5,2,70,83,65
318,0,206,1,93,92,0,14,1,34,33,0,14,1,42,41,0.0,0.004799346471969774,1,52,51,3,-1,4,3,0,92,87,21
319,100,100,59,59,0,100,100,40,40,0,100,100,59,59,0,0.01766567956703768,0.024303073624017155,78,85,7,2,1,1,15,5,7,47,31
320,0,206,1,92,91,0,22,1,32,31,0,22,1,42,41,0.0,0.005173763572619898,1,57,56,3,-1,4,5,0,63,67,31
321,0,206,1,94,93,0,14,1,32,31,0,14,1,40,39,0.0,0.005480104836788182,1,58,57,3,-1,4,3,0,66,81,21
322,0,616,1,100,99,0,22,1,47,46,0,22,1,49,48,0.0,0.02219272269308009,1,86,85,2,-1,3,2,0,95,99,0
323,0,102,1,77,76,0,8,1,28,27,0,2,1,26,25,0.0,0.00030634126416828345,1,33,32,4,-1,5,5,0,37,98,42
324,0,616,1,99,98,0,84,1,40,39,0,53,1,54,53,0.0,0.005514142755029102,1,57,56,2,-1,3,12,1,14,69,57
325,0,616,1,100,99,0,56,1,44,43,0,56,1,52,51,0.0,0.01501072194424589,1,81,80,2,-1,3,6,0,59,99,23
326,0,616,1,100,99,0,56,1,44,43,0,56,1,52,51,0.0,0.009224275843289425,1,68,67,2,-1,3,6,0,59,67,20
327,16,16,31,31,0,43,43,30,30,0,16,16,31,31,0,0.0002723033459273631,0.0002723033459273631,32,32,0,-1,3,3,14,1,25,65,96
328,112,1752,81,100,19,110,134,77,89,12,110,134,81,90,9,0.014534191088873005,0.03604615541713469,76,94,18,1,2,2,6,8,74,17,57
329,6,6,30,30,0,26,26,35,35,0,6,6,30,30,0,0.000442492937131965,0.000442492937131965,36,36,0,-1,4,4,5,1,80,49,82
330,2,618,26,100,74,10,50,27,36,9,2,33,26,50,24,3.4037918240920386e-05,0.0046972327172470135,26,53,27,2,5,3,8,2,30,58,28
331,8,8,33,33,0,52,52,34,34,0,8,8,33,33,0,0.0004765308553728854,0.0004765308553728854,34,34,0,-1,4,4,10,2,36,56,92
332,0,0,1,1,0,0,0,1,1,0,0,0,1,1,0,0.0,0.0,1,1,0,-1,-1,-1,10,0,12,81,67
333,32,238,47,93,46,80,80,42,42,0,32,41,47,53,6,0.002552843868069029,0.0034718676605738795,47,49,2,3,3,3,10,2,36,75,64
334,112,112,86,86,0,32,32,70,70,0,32,32,70,70,0,0.019707954661492902,0.019707954661492902,84,84,0,-1,3,3,2,18,95,30,40
335,6,107,29,73,44,21,21,29,29,0,6,6,29,29,0,0.0,0.0,1,1,0,5,4,4,9,1,28,95,58
336,174,380,84,96,12,184,184,79,79,0,184,184,87,87,0,0.014432077334150244,0.018312400013615168,74,79,5,3,2,2,10,15,12,19,62
337,60,161,60,89,29,76,76,54,54,0,60,61,60,60,0,0.0053099152455835805,0.0053439531638245,56,56,0,6,3,3,6,6,32,28,58
338,104,104,79,79,0,134,134,90,90,0,104,104,84,84,0,0.012083460975526737,0.012083460975526737,73,73,0,-1,2,2,6,5,32,25,89
339,1,617,26,100,74,9,60,26,38,12,1,47,26,49,23,3.4037918240920386e-05,0.005888559855679227,27,56,29,2,6,3,9,1,54,78,21
340,2,104,28,82,54,3,3,28,28,0,2,3,28,31,3,3.4037918240920386e-05,0.0009870996289866913,28,37,9,4,5,5,2,1,95,65,61
341,260,260,93,93,0,272,272,94,94,0,272,272,94,94,0,0.021035433472888797,0.021035433472888797,86,86,0,-1,2,2,11,17,33,6,59
342,182,388,85,98,13,248,248,81,81,0,182,188,85,86,1,0.010994247591817285,0.011266550937744648,66,66,0,3,2,2,15,9,7,31,88
343,100,100,79,79,0,100,100,98,98,0,100,100,98,98,0,0.07638108853262535,0.0779808706899486,99,99,0,4,1,1,2,2,95,58,83
344,0,616,1,100,99,0,42,1,36,35,0,42,1,50,49,0.0,0.009462541270975866,1,64,63,2,-1,3,6,0,71,91,32
345,96,712,56,100,44,190,200,69,71,2,96,112,56,76,20,0.007011811157629599,0.008747744987916539,59,64,5,2,2,2,16,6,4,35,53
346,52,52,50,50,0,62,62,48,48,0,50,50,50,50,0,0.003880322679464924,0.003880322679464924,49,49,0,-1,3,3,6,6,56,41,45
347,8,8,38,38,0,8,8,33,33,0,8,8,38,38,0,0.001055175465468532,0.001055175465468532,41,41,0,-1,4,4,2,3,90,51,85
348,0,616,1,100,99,0,58,1,39,38,0,58,1,60,59,0.0,0.015214949453691413,1,78,77,2,-1,3,8,0,39,40,6
349,0,101,1,80,79,0,3,1,25,24,0,1,1,25,24,0.0,0.0,1,1,0,5,-1,6,3,0,55,40,95
350,0,102,1,83,82,0,3,1,28,27,0,2,1,28,27,0.0,0.00010211375472276115,1,30,29,4,-1,5,2,0,90,99,4
351,32,238,52,92,40,44,44,50,50,0,32,40,52,56,4,0.002110350930937064,0.005105687736138058,46,55,9,3,3,3,4,2,84,52,29
352,38,38,52,52,0,54,54,52,52,0,38,38,52,52,0,0.00176997174852786,0.00176997174852786,43,43,0,-1,3,3,4,4,83,64,36
353,22,638,42,100,58,76,86,52,56,4,22,86,42,65,23,0.0024166921951053475,0.011675005956635693,46,69,23,2,3,3,6,2,65,52,77
354,294,494,96,100,4,144,144,91,91,0,144,144,91,91,0,0.03451444909629327,0.0370672929643623,92,95,3,3,2,2,6,29,74,0,22
355,6,1646,30,100,70,36,112,35,65,30,6,112,30,77,47,0.0006807583648184077,0.039994553933081455,37,95,58,1,4,2,8,2,21,42,3
356,0,101,1,70,69,0,11,1,24,23,0,1,1,24,23,0.0,3.4037918240920386e-05,1,27,26,5,-1,6,11,0,5,92,68
357,0,0,1,1,0,0,0,1,1,0,0,0,1,1,0,0.0,0.0,1,1,0,-1,-1,-1,16,0,4,89,80
358,108,314,85,100,15,56,56,82,82,0,56,56,82,82,0,0.02130773681881616,0.029749140542564417,85,91,6,3,2,2,2,9,89,39,27
359,172,788,87,100,13,100,100,77,77,0,100,100,77,77,0,0.019810068416215663,0.02917049593246877,81,88,7,2,2,2,6,18,69,5,77
360,22,638,43,100,57,94,104,39,57,18,22,51,43,52,9,0.0013615167296368155,0.004969536063174376,41,54,13,2,3,3,13,2,13,74,35
361,52,258,58,97,39,32,32,58,58,0,32,32,59,59,0,0.008407365805507334,0.01058579257292624,63,73,10,3,3,3,2,5,68,25,70
362,0,616,1,100,99,0,28,1,39,38,0,28,1,48,47,0.0,0.011028285510058205,1,75,74,2,-1,3,3,0,82,84,19
363,0,0,1,1,0,0,0,1,1,0,0,0,1,1,0,0.0,0.0,1,1,0,-1,-1,-1,8,0,10,96,93
364,167,783,89,100,11,112,112,92,92,0,112,112,92,92,0,0.020797168045202357,0.04751693386432486,85,97,12,2,2,2,4,15,83,19,1
365,40,40,58,58,0,44,44,67,67,0,40,40,67,67,0,0.00616086320160659,0.00616086320160659,62,62,0,-1,2,2,3,2,81,42,79
366,22,124,50,91,41,22,22,55,55,0,22,22,57,57,0,0.005241839409101739,0.005718370264474625,57,59,2,4,3,3,2,2,97,83,64
367,22,228,50,97,47,28,28,46,46,0,22,28,50,52,2,0.002586881786309949,0.006297014874570271,47,62,15,3,3,3,3,2,81,83,47
368,174,380,86,98,12,232,232,94,94,0,174,182,87,89,2,0.014432077334150244,0.016133973246196264,78,79,1,3,2,2,10,8,0,17,75
369,100,100,69,69,0,100,100,87,87,0,100,100,87,87,0,0.057013513053541645,0.06137036658837945,99,99,0,2,1,1,4,18,83,30,47
370,16,632,35,100,65,62,82,43,47,4,16,82,35,58,23,0.002586881786309949,0.023588277340957826,47,86,39,2,3,3,7,2,24,94,11
371,144,246,82,94,12,128,128,91,91,0,128,128,91,91,0,0.010824058000612683,0.011062323428299126,71,72,1,4,2,2,5,6,52,13,88
372,0,616,1,100,99,0,22,1,51,50,0,22,1,54,53,0.0,0.0230436706491031,1,88,87,2,-1,3,2,0,98,89,0
373,262,262,96,96,0,120,120,100,100,0,120,120,100,100,0,0.04615541713468804,0.04615541713468804,95,95,0,-1,2,2,3,27,92,10,93
374,34,1674,52,100,48,54,78,54,71,17,34,78,52,73,21,0.006297014874570271,0.040879539807345384,59,94,35,1,3,2,4,7,47,62,18
375,2,2,28,28,0,7,7,28,28,0,2,2,28,28,0,0.00017018959120460194,0.00017018959120460194,31,31,0,-1,5,5,4,1,84,95,92
376,0,616,1,100,99,0,72,1,48,47,0,72,1,60,59,0.0,0.018959120460192654,1,81,80,2,-1,3,7,0,62,59,23
377,91,1731,65,100,35,122,146,74,81,7,91,146,65,85,20,0.008237176214302734,0.041764525681609314,65,97,32,1,2,2,8,8,57,44,1
378,0,0,1,1,0,0,0,1,1,0,0,0,1,1,0,0.0,0.0,1,1,0,-1,-1,-1,2,0,98,82,92
379,16,117,42,80,38,34,34,43,43,0,16,17,42,44,2,0.003880322679464924,0.003982436434187685,52,52,0,5,3,3,4,1,79,90,65
380,0,206,1,90,89,0,11,1,26,25,0,6,1,26,25,0.0,0.00034037918240920387,1,28,27,3,-1,4,6,0,51,93,65
381,90,706,61,100,39,154,154,67,67,0,90,154,61,83,22,0.008271214132543654,0.012934408931549747,65,72,7,2,2,2,10,6,18,34,35
382,62,62,63,63,0,48,48,54,54,0,48,48,56,56,0,0.008373327887266415,0.008373327887266415,63,63,0,-1,3,3,3,6,87,34,36
383,100,100,66,66,0,100,100,49,49,0,100,100,66,66,0,0.029374723441914292,0.03213179481942884,89,91,2,3,1,1,9,6,54,77,29
384,88,190,57,89,32,174,174,72,72,0,88,90,57,58,1,0.008305252050784574,0.008373327887266415,62,62,0,4,2,2,10,4,0,38,60
385,88,88,67,67,0,132,132,79,79,0,88,88,67,67,0,0.00878178290615746,0.00878178290615746,67,67,0,-1,2,2,8,7,39,62,86
386,8,624,31,100,69,20,34,30,38,8,8,34,31,45,14,0.00037441710065012424,0.0123557643214541,31,72,41,2,4,3,4,2,67,56,32
387,40,656,47,100,53,156,156,70,70,0,40,103,47,73,26,0.005071649817897137,0.016406276592123625,55,73,18,2,2,2,12,1,2,90,39
388,410,1010,99,100,1,254,254,100,100,0,254,254,100,100,0,0.03744171006501242,0.04561081044283331,95,97,2,2,2,2,9,29,23,0,17
389,26,232,52,99,47,22,22,54,54,0,22,22,54,54,0,0.003369753905851118,0.013785356887572755,49,74,25,3,3,3,2,6,99,41,33
390,88,88,67,67,0,148,148,79,79,0,88,88,67,67,0,0.009020048333843901,0.009020048333843901,68,68,0,-1,2,2,9,4,31,38,85
391,0,206,1,94,93,0,36,1,38,37,0,26,1,50,49,0.0,0.004288777698355968,1,52,51,3,-1,4,6,0,32,79,47
392,16,222,34,86,52,82,82,40,40,0,16,28,34,43,9,0.0029612988869600733,0.005105687736138058,49,54,5,3,3,3,12,3,2,46,75
393,0,206,1,92,91,0,26,1,32,31,0,6,1,31,30,0.0,0.0018380475850097008,1,42,41,3,-1,4,7,0,46,76,94
394,118,734,80,100,20,124,124,76,76,0,124,124,81,81,0,0.013921508560536438,0.02634534871847238,73,91,18,2,3,3,9,13,26,33,5
395,46,662,50,100,50,96,106,53,66,13,46,78,50,57,7,0.002757071377514551,0.010517716736444398,46,72,26,2,2,2,7,2,46,61,25
396,22,638,42,100,58,102,122,56,61,5,22,66,42,55,13,0.0013955546478777359,0.007386228258279724,40,60,20,2,3,3,12,2,2,61,26
397,84,290,76,99,23,56,56,84,84,0,56,56,85,85,0,0.01494264610776405,0.017087034956942034,80,82,2,3,2,2,2,7,98,48,90
398,144,144,86,86,0,64,64,65,65,0,64,64,67,67,0,0.021614078082984444,0.021614078082984444,86,86,0,-1,3,3,4,20,47,23,81
399,6,108,31,84,53,12,12,37,37,0,6,8,31,37,6,0.00034037918240920387,0.0008169100377820892,32,36,4,4,4,4,2,1,99,4,49
400,22,124,39,77,38,136,136,63,63,0,22,24,39,42,3,0.002110350930937064,0.002212464685659825,44,44,0,4,3,3,16,2,9,52,60
401,0,102,1,82,81,0,6,1,27,26,0,4,1,32,31,0.0,0.0007828721195411688,1,36,35,4,-1,5,4,0,78,92,51
402,334,534,100,100,0,80,80,96,96,0,80,80,96,96,0,0.05745600599067361,0.06351475543755744,98,98,0,3,2,2,2,36,86,2,20
403,16,222,35,92,57,68,68,40,40,0,16,22,35,42,7,0.001157289220191293,0.002484768031587188,40,47,7,3,3,3,8,1,15,71,94
404,32,238,42,89,47,102,102,56,56,0,32,47,42,50,8,0.001157289220191293,0.0037441710065012424,40,51,11,3,3,3,14,2,25,74,73
405,40,246,54,97,43,72,72,79,79,0,40,46,60,62,2,0.005003573981415297,0.006977773239388679,56,61,5,3,2,2,3,1,75,53,94
406,100,100,59,59,0,100,100,39,39,0,100,100,59,59,0,0.026958031246808945,0.026958031246808945,89,89,0,-1,1,1,14,15,16,19,36
407,0,102,1,83,82,0,4,1,30,29,0,4,1,32,31,0.0,0.00439089145307873,1,53,52,4,-1,5,2,0,90,98,31
408,42,248,53,96,43,28,28,45,45,0,28,28,49,49,0,0.007216038667075122,0.010245413390517035,61,69,8,3,3,3,3,6,60,34,22
409,184,285,94,100,6,56,56,88,88,0,56,56,88,88,0,0.03209775690118792,0.03213179481942884,92,92,0,6,2,2,2,15,93,16,68
410,66,66,61,61,0,32,32,58,58,0,32,32,59,59,0,0.005582218591510943,0.005582218591510943,58,58,0,-1,3,3,2,6,68,28,87
411,8,8,37,37,0,24,24,37,37,0,8,8,37,37,0,0.001055175465468532,0.001055175465468532,39,39,0,-1,4,4,4,2,77,74,50
412,0,206,1,92,91,0,22,1,33,32,0,22,1,47,46,0.0,0.007284114503556962,1,62,61,3,-1,4,5,0,70,36,32
413,124,324,78,96,18,144,144,91,91,0,124,144,90,91,1,0.012968446849790666,0.02042275094455223,74,82,8,3,2,2,6,7,51,21,14
414,100,100,58,58,0,100,100,35,35,0,100,100,59,59,0,0.01841451376833793,0.023724429013921508,81,86,5,2,1,1,17,4,20,72,38
415,0,0,1,1,0,0,0,1,1,0,0,0,1,1,0,0.0,0.0,1,1,0,-1,-1,-1,8,0,15,59,67
416,25,25,54,54,0,44,44,53,53,0,25,25,54,54,0,0.005071649817897137,0.005071649817897137,58,58,0,-1,3,3,4,6,78,73,89
417,200,200,92,92,0,206,206,95,95,0,200,200,95,95,0,0.017291262466387555,0.017291262466387555,80,80,0,-1,2,2,9,9,23,27,36
418,136,1776,80,100,20,246,280,74,80,6,136,197,80,87,7,0.009292351679771264,0.018754892950747133,64,82,18,1,2,2,17,7,20,48,35
419,24,124,47,80,33,60,60,48,48,0,24,26,47,48,1,0.0021784267674189047,0.0030293747234419145,47,50,3,4,3,3,5,3,63,54,51
420,56,56,53,53,0,158,158,66,66,0,56,56,53,53,0,0.0022465026039007454,0.0022465026039007454,46,46,0,-1,2,2,14,2,8,52,67
421,0,616,1,99,98,0,92,1,41,40,0,67,1,55,54,0.0,0.005820484019197386,1,58,57,2,-1,3,11,0,19,80,57
422,0,0,1,1,0,0,0,1,1,0,0,0,1,1,0,0.0,0.0,1,1,0,-1,-1,-1,9,0,26,96,91
423,0,101,1,84,83,0,2,1,24,23,0,1,1,24,23,0.0,0.0004084550188910446,1,35,34,5,-1,6,2,0,93,59,42
424,16,616,33,100,67,98,98,39,39,0,16,60,33,51,18,0.0012253650566731338,0.008135062459579971,40,62,22,2,3,3,15,1,7,71,27
425,128,728,79,100,21,128,128,74,74,0,128,128,80,80,0,0.010449640899962559,0.032880629020729094,69,93,24,2,2,2,8,9,10,31,1
426,100,100,66,66,0,100,100,43,43,0,100,100,66,66,0,0.050103815650634806,0.050103815650634806,98,98,0,-1,1,1,11,27,33,10,80
427,106,312,81,97,16,72,72,83,83,0,72,72,83,83,0,0.01695088328397835,0.02556247659893121,81,88,7,3,2,2,3,6,58,77,27
428,29,235,54,94,40,38,38,55,55,0,38,38,58,58,0,0.00439089145307873,0.010687906327649,55,72,17,3,3,3,3,4,76,22,57
429,0,101,1,74,73,0,6,1,25,24,0,1,1,25,24,0.0,3.4037918240920386e-05,1,25,24,6,-1,7,6,0,74,93,58
430,0,102,1,81,80,0,8,1,29,28,0,4,1,32,31,0.0,0.00037441710065012424,1,35,34,4,-1,5,4,0,72,66,63
431,66,167,63,91,28,48,48,62,62,0,48,48,64,64,0,0.006705469893461316,0.006705469893461316,61,61,0,6,3,3,3,6,64,13,58
432,2,2,25,25,0,12,12,25,25,0,2,2,25,25,0,3.4037918240920386e-05,3.4037918240920386e-05,26,26,0,-1,5,5,10,1,36,78,82
433,100,100,65,65,0,100,100,47,47,0,100,100,65,65,0,0.023179822322066782,0.04190067735457299,84,96,12,1,1,1,11,9,38,31,39
434,0,0,1,1,0,0,0,1,1,0,0,0,1,1,0,0.0,0.0,1,1,0,-1,-1,-1,5,0,70,80,93
435,158,158,85,85,0,192,192,93,93,0,192,192,94,94,0,0.01929949964260186,0.01929949964260186,81,81,0,-1,2,2,9,12,23,37,89
436,64,270,58,95,37,70,70,54,54,0,64,70,61,61,0,0.006977773239388679,0.013104598522754349,60,77,17,3,3,3,5,4,50,72,44
437,100,100,65,65,0,100,100,45,45,0,100,100,65,65,0,0.050784574015453214,0.05956635692161068,99,100,1,2,1,1,10,27,12,10,20
438,1,207,26,92,66,5,22,26,33,7,1,22,26,47,21,3.4037918240920386e-05,0.004901460226692535,27,54,27,3,6,4,5,2,70,58,24
439,80,696,61,100,39,126,126,80,80,0,80,126,63,82,19,0.010109261717553355,0.019197385887879097,68,79,11,2,2,2,7,5,62,25,48
440,72,173,70,94,24,32,32,64,64,0,32,32,64,64,0,0.01242384015793594,0.01245787807617686,73,73,0,5,3,3,2,8,89,20,95
441,0,101,1,78,77,0,6,1,25,24,0,1,1,25,24,0.0,0.0,1,1,0,5,-1,6,6,0,32,76,95
442,166,166,84,84,0,208,208,85,85,0,166,166,84,84,0,0.013785356887572755,0.013785356887572755,74,74,0,-1,2,2,10,9,18,27,97
443,0,0,1,1,0,0,0,1,1,0,0,0,1,1,0,0.0,0.0,1,1,0,-1,-1,-1,6,0,51,66,92
444,0,616,1,99,98,0,142,1,62,61,0,114,1,76,75,0.0,0.014295925661186561,1,74,73,2,-1,3,17,0,20,66,30
445,60,676,58,100,42,112,112,75,75,0,60,78,58,62,4,0.009462541270975866,0.01317267435923619,67,74,7,2,3,3,7,5,43,25,75
446,22,22,48,48,0,24,24,45,45,0,22,22,48,48,0,0.002280540522141666,0.002280540522141666,45,45,0,-1,3,3,3,3,85,51,79
447,138,238,93,100,7,56,56,92,92,0,56,56,92,92,0,0.02740052418394091,0.028217434221723,89,89,0,4,2,2,2,16,97,12,61
448,76,177,56,88,32,142,142,62,62,0,76,77,56,57,1,0.005888559855679227,0.005888559855679227,56,56,0,6,2,2,13,6,13,35,78
449,101,203,74,91,17,250,250,79,79,0,101,103,74,74,0,0.007352190340038803,0.007624493685966166,61,61,0,4,2,2,16,8,4,57,88
450,0,102,1,82,81,0,4,1,26,25,0,2,1,26,25,0.0,0.0002042275094455223,1,30,29,4,-1,5,2,0,91,99,4
451,2,618,28,100,72,7,38,28,39,11,2,38,28,52,24,0.0,0.005888559855679227,1,57,56,2,5,3,6,1,32,68,57
452,8,214,34,91,57,36,44,33,38,5,8,14,34,35,1,0.0005786446100956465,0.003608019333537561,37,48,11,3,4,4,8,2,39,63,90
453,22,22,46,46,0,28,28,43,43,0,22,22,46,46,0,0.0019061234214915416,0.0019061234214915416,45,45,0,-1,3,3,3,3,66,51,82
454,0,206,1,89,88,0,24,1,30,29,0,7,1,31,30,0.0,0.0010211375472276116,1,37,36,3,-1,4,6,0,40,86,61
455,0,0,1,1,0,0,0,1,1,0,0,0,1,1,0,0.0,0.0,1,1,0,-1,-1,-1,9,0,26,97,59
456,12,12,35,35,0,28,28,35,35,0,12,12,35,35,0,0.0009870996289866913,0.0009870996289866913,39,39,0,-1,4,4,6,3,41,51,66
457,8,8,37,37,0,14,14,35,35,0,8,8,37,37,0,0.00037441710065012424,0.00037441710065012424,35,35,0,-1,4,4,3,2,76,63,80
458,40,246,52,94,42,96,96,63,63,0,40,72,52,60,8,0.006399128629293032,0.011606930120153852,58,71,13,3,2,2,7,1,62,90,21
459,22,228,40,92,52,52,56,36,37,1,22,32,40,45,5,0.0007488342013002485,0.002382654276864427,38,44,6,3,3,3,9,2,31,63,54
460,106,722,79,100,21,78,88,73,76,3,78,88,73,76,3,0.014534191088873005,0.042989890738282445,77,94,17,2,2,2,4,8,79,20,1
461,130,232,84,95,11,118,118,93,93,0,118,118,93,93,0,0.018006058749446885,0.019061234214915415,82,83,1,4,2,2,5,8,45,20,51
462,0,0,1,1,0,0,0,1,1,0,0,0,1,1,0,0.0,0.0,1,1,0,-1,-1,-1,4,0,78,91,40
463,6,108,32,82,50,14,14,35,35,0,6,14,32,42,10,0.0013274788113958951,0.0037441710065012424,40,53,13,4,4,4,3,1,76,71,73
464,10,216,39,97,58,18,18,38,38,0,10,18,39,46,7,0.0018040096667687805,0.006399128629293032,44,62,18,3,4,4,3,3,81,54,34
465,0,616,1,100,99,0,24,1,41,40,0,23,1,47,46,0.0,0.0068075836481840775,1,59,58,2,-1,3,3,0,60,87,54
466,342,548,97,100,3,224,224,99,99,0,224,224,99,99,0,0.03209775690118792,0.032540249838319886,90,91,1,3,2,2,8,22,39,9,60
467,0,0,1,1,0,0,0,1,1,0,0,0,1,1,0,0.0,0.0,1,1,0,-1,-1,-1,9,0,35,93,85
468,100,100,64,64,0,100,100,45,45,0,100,100,64,64,0,0.024881718234112803,0.024881718234112803,86,86,0,-1,1,1,10,13,18,24,96
469,156,362,84,96,12,106,106,74,74,0,106,106,79,79,0,0.012525953912658701,0.016202049082678104,73,78,5,3,2,2,7,14,62,14,38
470,88,294,61,95,34,174,174,76,76,0,88,99,61,62,1,0.007862759113652609,0.011096361346540046,63,67,4,3,2,2,10,7,22,62,73
471,50,256,57,95,38,44,44,50,50,0,44,44,57,57,0,0.005241839409101739,0.006943735321147759,57,61,4,3,3,3,4,6,73,26,94
472,0,206,1,92,91,0,18,1,34,33,0,18,1,47,46,0.0,0.011640968038394772,1,72,71,3,-1,4,3,0,87,67,5
473,16,117,45,84,39,28,28,46,46,0,16,17,44,46,2,0.003165526396405596,0.003199564314646516,49,49,0,5,3,3,3,3,85,46,60
474,32,32,46,46,0,86,86,42,42,0,32,32,46,46,0,0.002586881786309949,0.002586881786309949,47,47,0,-1,3,3,11,2,5,75,89
475,0,616,1,100,99,0,94,1,50,49,0,94,1,67,66,0.0,0.03077027808979203,1,93,92,2,-1,3,9,0,26,86,2
476,100,100,67,67,0,100,100,54,54,0,100,100,67,67,0,0.027706865448109193,0.033935804486197624,88,93,5,2,1,1,8,9,27,31,38
477,0,0,1,1,0,0,0,1,1,0,0,0,1,1,0,0.0,0.0,1,1,0,-1,-1,-1,8,0,27,93,81
478,40,40,48,48,0,102,102,57,57,0,40,40,48,48,0,0.003914360597705844,0.003914360597705844,53,53,0,-1,3,3,12,6,6,73,69
479,0,206,1,91,90,0,18,1,28,27,0,6,1,27,26,0.0,0.0004084550188910446,1,32,31,3,-1,4,9,0,31,66,88
480,386,986,98,100,2,184,184,97,97,0,184,184,98,98,0,0.036760951700194014,0.044623710813846626,93,97,4,2,2,2,7,30,62,7,19
481,0,616,1,100,99,0,66,1,47,46,0,66,1,58,57,0.0,0.019810068416215663,1,83,82,2,-1,3,6,0,59,98,7
482,10,216,36,93,57,28,36,36,40,4,10,36,36,49,13,0.001157289220191293,0.010449640899962559,41,68,27,3,4,4,6,3,69,43,19
483,100,100,57,57,0,100,100,38,38,0,100,100,57,57,0,0.010824058000612683,0.022839443139657578,69,83,14,2,1,1,16,4,4,64,30
484,98,714,71,100,29,54,64,56,66,10,54,64,57,67,10,0.012730181422104225,0.019197385887879097,71,83,12,2,3,3,4,13,67,33,73
485,62,62,57,57,0,154,154,71,71,0,62,62,57,57,0,0.0038462847612240037,0.0038462847612240037,53,53,0,-1,2,2,10,6,1,70,93
486,198,299,92,96,4,80,80,74,74,0,80,80,75,75,0,0.02825147213996392,0.02828551005820484,86,86,0,5,3,3,5,22,70,9,55
487,117,219,86,97,11,56,56,84,84,0,56,56,85,85,0,0.023384049831512304,0.024983831988835564,88,88,0,4,2,2,2,9,98,39,41
488,104,310,80,95,15,80,80,60,60,0,80,80,65,65,0,0.014772456516559448,0.015725518227305217,78,78,0,3,3,3,5,9,50,39,53
489,112,318,76,98,22,220,220,84,84,0,112,118,76,76,0,0.008169100377820893,0.0088498587426393,62,63,1,3,2,2,12,4,14,72,42
490,102,102,79,79,0,94,94,78,78,0,94,94,79,79,0,0.012730181422104225,0.012730181422104225,73,73,0,-1,2,2,5,8,88,17,84
491,32,648,41,100,59,52,72,40,54,14,32,72,41,59,18,0.0029612988869600733,0.014874570271282209,43,78,35,2,3,3,6,2,51,75,8
492,175,381,86,100,14,104,104,85,85,0,104,104,85,85,0,0.025290173253003846,0.026175159127267776,85,85,0,3,2,2,5,20,70,23,71
493,74,176,70,90,20,44,44,54,54,0,44,44,58,58,0,0.01143674052894925,0.012049423057285817,72,74,2,4,3,3,4,8,77,8,43
494,213,829,93,100,7,182,182,91,91,0,182,182,92,92,0,0.024200959869294394,0.038360733857517273,87,96,9,2,2,2,9,20,35,23,18
495,0,206,1,91,90,0,20,1,33,32,0,20,1,47,46,0.0,0.003914360597705844,1,52,51,3,-1,4,4,0,84,99,28
496,104,310,85,98,13,32,32,58,58,0,32,32,59,59,0,0.010347527145239796,0.02110350930937064,71,87,16,3,3,3,2,14,68,32,18
497,40,142,50,84,34,66,66,54,54,0,40,42,50,50,0,0.002382654276864427,0.0027911092957554717,45,46,1,4,2,2,6,1,69,49,42
498,54,155,64,92,28,32,32,63,63,0,32,32,64,64,0,0.008407365805507334,0.008509479560230097,64,64,0,5,3,3,2,4,86,38,55
499,100,100,60,60,0,100,100,40,40,0,100,100,60,60,0,0.05800061268252834,0.05800061268252834,100,100,0,-1,1,1,14,36,25,2,81
500,6,212,31,92,61,66,66,37,37,0,6,19,31,41,10,0.001055175465468532,0.0018720855032506212,39,42,3,3,4,4,11,1,19,71,64
501,1,103,25,84,59,2,4,25,28,3,1,4,25,31,6,0.0,0.0028591851322373124,1,51,50,4,6,5,2,2,98,58,28
502,78,284,69,97,28,22,22,42,42,0,22,22,46,46,0,0.010517716736444398,0.016372238673882704,73,81,8,3,3,3,2,8,68,8,48
503,168,374,83,96,13,158,158,79,79,0,158,158,84,84,0,0.01851662752306069,0.022805405221416657,81,82,1,3,2,2,9,18,54,30,62
504,100,306,64,96,32,122,122,72,72,0,100,106,65,76,11,0.007318152421797883,0.009292351679771264,61,67,6,3,2,2,8,6,10,13,46
505,2,208,27,93,66,6,18,29,34,5,2,18,27,45,18,0.00013615167296368154,0.01157289220191293,30,70,40,3,5,4,3,1,58,65,5
506,100,100,58,58,0,100,100,38,38,0,100,100,58,58,0,0.011334626774226489,0.011334626774226489,64,64,0,-1,1,1,16,2,9,61,81
507,0,0,1,1,0,0,0,1,1,0,0,0,1,1,0,0.0,0.0,1,1,0,-1,-1,-1,3,1,58,45,36
508,46,252,58,97,39,22,22,48,48,0,22,22,51,51,0,0.009088124170325743,0.011402702610708328,67,72,5,3,3,3,2,5,95,25,94
509,102,102,84,84,0,56,56,85,85,0,56,56,85,85,0,0.017223186629905716,0.017223186629905716,81,81,0,-1,2,2,2,8,90,17,91
510,105,721,77,100,23,48,48,62,62,0,48,48,64,64,0,0.00966676878042139,0.01940161339732462,70,85,15,2,3,3,3,13,64,24,32
511,78,694,71,100,29,48,48,64,64,0,48,48,66,66,0,0.013070560604513427,0.028149358385241158,75,90,15,2,3,3,3,13,85,33,5
512,122,122,85,85,0,88,88,81,81,0,88,88,81,81,0,0.01657646618332823,0.01657646618332823,81,81,0,-1,2,2,4,13,73,33,92
513,119,119,84,84,0,78,78,75,75,0,78,78,77,77,0,0.011709043874876613,0.011709043874876613,73,73,0,-1,2,2,4,13,77,24,97
514,6,212,29,89,60,48,48,35,35,0,6,44,29,52,23,0.0005786446100956465,0.008135062459579971,35,64,29,3,4,4,8,1,15,49,17
515,0,206,1,91,90,0,20,1,34,33,0,24,1,49,48,0.0,0.004799346471969774,1,55,54,3,-1,4,4,0,83,82,38
516,12,628,39,100,61,24,34,37,42,5,12,34,39,51,12,0.0010211375472276116,0.008169100377820893,41,65,24,2,4,3,4,2,83,74,48
517,78,694,61,100,39,110,120,78,89,11,78,120,60,88,28,0.007692569522448007,0.016202049082678104,60,78,18,2,2,2,6,4,51,38,77
518,42,248,48,93,45,130,130,61,61,0,42,50,48,52,4,0.0013955546478777359,0.002212464685659825,41,44,3,3,2,2,14,2,8,56,74
519,48,48,51,51,0,134,134,62,62,0,48,48,52,52,0,0.002110350930937064,0.002110350930937064,44,44,0,-1,3,3,14,3,8,43,85
520,16,222,41,93,52,50,50,50,50,0,16,22,41,47,6,0.0035739814152966403,0.005480104836788182,51,58,7,3,3,3,5,1,70,90,46
521,110,211,80,90,10,96,96,67,67,0,96,96,68,68,0,0.008611593314952858,0.008679669151434699,65,65,0,5,3,3,6,13,74,24,95
522,87,687,73,100,27,54,54,60,60,0,54,54,62,62,0,0.009632730862180468,0.023111746485584943,68,85,17,2,3,3,4,14,78,32,12
523,16,118,41,82,41,28,28,42,42,0,16,19,41,46,5,0.0035059055788147996,0.003948398515946765,52,54,2,4,3,3,3,1,64,90,74
524,0,206,1,94,93,0,8,1,30,29,0,8,1,35,34,0.0,0.001497668402600497,1,40,39,3,-1,4,2,0,91,85,70
525,16,632,33,100,67,42,56,36,40,4,16,56,33,53,20,0.0020082371762143027,0.010926171755335444,43,68,25,2,3,3,6,2,40,94,32
526,22,124,53,87,34,22,22,52,52,0,22,22,55,55,0,0.0027911092957554717,0.004901460226692535,49,58,9,4,3,3,2,3,98,51,41
527,86,686,72,100,28,54,54,60,60,0,54,54,62,62,0,0.008509479560230097,0.01695088328397835,66,80,14,2,3,3,4,7,78,21,8
528,16,118,41,77,36,34,34,43,43,0,16,18,41,46,5,0.003437829742332959,0.0035739814152966403,52,52,0,4,3,3,4,1,83,90,95
529,0,206,1,92,91,0,18,1,35,34,0,18,1,44,43,0.0,0.005548180673270023,1,59,58,3,-1,4,3,0,82,98,31
530,0,1640,1,100,99,0,62,1,37,36,0,40,1,46,45,0.0,0.014261887742945642,1,72,71,1,-1,2,8,0,27,84,71
531,2,2,29,29,0,8,8,31,31,0,2,2,29,29,0,0.00030634126416828345,0.00030634126416828345,33,33,0,-1,5,5,4,1,77,65,50
532,0,101,1,83,82,0,2,1,24,23,0,1,1,24,23,0.0,6.807583648184077e-05,1,27,26,5,-1,6,2,0,89,97,65
533,246,246,90,90,0,200,200,93,93,0,200,200,93,93,0,0.024166921951053473,0.024166921951053473,86,86,0,-1,2,2,8,16,27,18,96
534,142,244,92,99,7,22,22,54,54,0,22,22,54,54,0,0.019946220089179345,0.02038871302631131,84,84,0,4,3,3,2,17,99,6,56
535,46,252,60,94,34,48,48,63,63,0,48,48,64,64,0,0.008509479560230097,0.00970080669866231,67,72,5,3,3,3,3,5,82,25,43
536,216,832,87,100,13,176,176,88,88,0,176,176,88,88,0,0.024064808196330712,0.02995336805200994,85,89,4,2,2,2,8,18,27,30,38
537,24,640,45,100,55,112,112,58,58,0,24,46,45,53,8,0.0024166921951053475,0.005037611899656217,47,56,9,2,3,3,12,3,14,54,64
538,100,100,67,67,0,104,104,80,80,0,104,104,81,81,0,0.011266550937744648,0.011266550937744648,70,70,0,-1,2,2,5,6,63,77,87
539,0,0,1,1,0,0,0,1,1,0,0,0,1,1,0,0.0,0.0,1,1,0,-1,-1,-1,6,0,65,91,40
540,0,102,1,73,72,0,19,1,28,27,0,2,1,25,24,0.0,0.0005446066918547262,1,36,35,4,-1,5,12,0,2,86,42
541,98,698,71,100,29,66,66,49,49,0,66,66,63,63,0,0.010177337554035196,0.01776779332176044,70,83,13,2,3,3,6,8,32,8,14
542,100,100,66,66,0,100,100,43,43,0,100,100,66,66,0,0.015180911535450491,0.016610504101569147,74,76,2,2,1,1,11,3,33,43,61
543,86,292,69,95,26,64,64,68,68,0,64,64,69,69,0,0.009326389598012186,0.01245787807617686,68,75,7,3,3,3,4,7,73,21,29
544,16,16,35,35,0,68,68,40,40,0,16,16,35,35,0,0.001157289220191293,0.001157289220191293,40,40,0,-1,3,3,8,1,15,71,36
545,78,694,72,100,28,72,72,77,77,0,72,72,79,79,0,0.009632730862180468,0.025154021580040164,69,90,21,2,2,2,3,4,96,72,5
546,100,100,69,69,0,100,100,57,57,0,100,100,69,69,0,0.019265461724360937,0.019265461724360937,82,82,0,-1,1,1,8,2,57,42,99
547,22,228,43,92,49,54,54,39,39,0,22,54,43,55,12,0.0021784267674189047,0.010313489226998877,46,67,21,3,3,3,8,2,21,83,32
548,0,1640,1,100,99,0,100,1,44,43,0,100,1,63,62,0.0,0.017972020831205963,1,80,79,1,-1,2,10,0,18,92,24
549,54,156,64,92,28,32,32,63,63,0,32,32,64,64,0,0.008407365805507334,0.010517716736444398,64,67,3,4,3,3,2,4,86,38,70
550,84,84,64,64,0,100,100,68,68,0,84,84,63,63,0,0.006535280302256714,0.006535280302256714,59,59,0,-1,2,2,6,5,48,47,91
551,136,238,82,92,10,254,254,90,90,0,136,140,82,85,3,0.009973110044589673,0.010960209673576363,68,68,0,4,2,2,12,4,14,38,51
552,237,443,95,100,5,72,72,80,80,0,72,72,80,80,0,0.03332312195786106,0.041798563599850236,93,95,2,3,2,2,3,29,66,11,27
553,16,118,36,79,43,68,68,42,42,0,16,18,36,40,4,0.0023486163586235067,0.0023486163586235067,45,45,0,4,3,3,8,1,39,53,68
554,100,100,69,69,0,100,100,55,55,0,100,100,69,69,0,0.03699921712788046,0.04009666768780421,93,94,1,3,1,1,8,18,30,5,35
555,170,170,89,89,0,222,222,90,90,0,170,170,89,89,0,0.013615167296368155,0.013615167296368155,77,77,0,-1,2,2,10,8,36,17,85
556,6,107,28,77,49,27,27,28,28,0,6,7,28,32,4,0.0002723033459273631,0.00034037918240920387,30,31,1,5,4,4,10,1,36,55,95
557,329,429,99,100,1,56,56,76,76,0,56,56,77,77,0,0.04765308553728854,0.04765308553728854,97,97,0,4,2,2,2,36,68,2,4
558,8,624,34,100,66,10,24,31,44,13,8,24,34,50,16,0.000442492937131965,0.005718370264474625,33,56,23,2,4,3,3,2,94,63,29
559,0,616,1,100,99,0,50,1,33,32,0,24,1,45,44,0.0,0.002552843868069029,1,44,43,2,-1,3,10,0,18,99,54
560,0,102,1,77,76,0,7,1,27,26,0,4,1,31,30,0.0,0.0005446066918547262,1,37,36,4,-1,5,4,0,84,67,74
561,100,100,59,59,0,100,100,40,40,0,100,100,59,59,0,0.037509785901494265,0.04581503795227884,94,98,4,1,1,1,15,22,7,9,53
562,76,676,62,100,38,76,76,57,57,0,76,76,61,61,0,0.005956635692161067,0.023894618605126112,58,85,27,2,3,3,6,6,74,13,9
563,44,250,57,99,42,12,12,37,37,0,12,12,42,42,0,0.009360427516253106,0.010790020082371761,68,69,1,3,4,4,2,8,99,8,64
564,196,196,95,95,0,32,32,64,64,0,32,32,64,64,0,0.030191633479696382,0.030191633479696382,93,93,0,-1,3,3,2,29,89,0,50
565,56,158,50,81,31,204,204,73,73,0,56,58,50,51,1,0.005071649817897137,0.0051397256543789785,53,53,0,4,2,2,15,3,7,29,55
566,154,154,89,89,0,88,88,80,80,0,88,88,80,80,0,0.02215868477483917,0.02215868477483917,84,84,0,-1,2,2,4,18,84,5,93
567,80,80,72,72,0,56,56,80,80,0,56,56,81,81,0,0.012628067667381462,0.012628067667381462,75,75,0,-1,2,2,2,7,91,21,85
568,43,643,64,100,36,22,22,55,55,0,22,22,57,57,0,0.006943735321147759,0.03318697028489737,63,95,32,2,3,3,2,8,97,44,3
569,138,138,86,86,0,64,64,63,63,0,64,64,64,64,0,0.011845195547840293,0.011845195547840293,74,74,0,-1,3,3,4,14,79,32,99
570,32,32,54,54,0,38,38,53,53,0,32,32,54,54,0,0.003812246842983083,0.003812246842983083,53,53,0,-1,3,3,3,3,64,29,81
571,8,110,36,85,49,14,14,35,35,0,8,10,36,40,4,0.0004084550188910446,0.0016338200755641784,34,40,6,4,4,4,3,2,92,56,94
572,12,114,42,85,43,12,12,37,37,0,12,12,41,41,0,0.0020422750944552232,0.004016474352428605,44,52,8,4,4,4,2,2,89,83,29
573,16,1656,31,100,69,50,148,33,64,31,16,124,31,80,49,0.0002723033459273631,0.014568229007113924,32,73,41,1,3,2,14,1,25,4,24
574,96,198,63,90,27,150,150,70,70,0,96,98,63,64,1,0.008101024541339052,0.008203138296061813,65,65,0,4,2,2,11,6,38,34,60
575,0,616,1,100,99,0,34,1,43,42,0,34,1,54,53,0.0,0.009190237925048503,1,67,66,2,-1,3,4,1,72,50,77
576,125,331,83,97,14,72,72,77,77,0,72,72,77,77,0,0.01929949964260186,0.02808128254875932,84,90,6,3,2,2,3,12,82,37,39
577,431,1031,100,100,0,224,224,98,98,0,224,224,98,98,0,0.038530923448721874,0.045338507096905956,95,97,2,2,2,2,8,30,21,7,38
578,124,740,86,100,14,48,48,68,68,0,48,48,69,69,0,0.01923142380612002,0.051703597807958065,82,96,14,2,3,3,3,16,81,18,3
579,100,100,65,65,0,100,100,47,47,0,100,100,65,65,0,0.023179822322066782,0.024405187378739916,84,84,0,3,1,1,11,9,38,31,64
580,100,100,69,69,0,100,100,69,69,0,100,100,71,71,0,0.07331767589094251,0.07331767589094251,99,99,0,-1,1,1,6,40,34,3,80
581,0,616,1,100,99,0,48,1,72,71,0,48,1,74,73,0.0,0.027843017121072875,1,88,87,2,-1,3,3,0,92,59,10
582,0,206,1,90,89,0,25,1,29,28,0,6,1,28,27,0.0,0.0005446066918547262,1,36,35,3,-1,4,10,0,1,66,42
583,87,188,67,92,25,70,70,56,56,0,70,70,63,63,0,0.008237176214302734,0.008305252050784574,65,66,1,6,3,3,5,8,37,44,58
584,0,206,1,93,92,0,10,1,31,30,0,10,1,37,36,0.0,0.005377991082065421,1,55,54,3,-1,4,3,0,60,89,44
585,168,368,89,99,10,88,88,81,81,0,88,88,81,81,0,0.024439225296980838,0.027808979202831954,86,89,3,3,2,2,4,18,73,30,26
586,16,222,43,93,50,44,44,48,48,0,16,44,43,57,14,0.0034718676605738795,0.00881582082439838,51,66,15,3,3,3,4,3,47,46,34
587,77,693,57,100,43,88,88,47,47,0,77,88,57,60,3,0.006569318220497634,0.010041185881071514,58,68,10,2,3,3,8,8,10,57,35
588,12,628,38,100,62,44,98,36,52,16,12,98,38,68,30,0.0007488342013002485,0.0315531502093332,38,88,50,2,4,3,8,3,57,51,2
589,0,1640,1,100,99,0,158,1,67,66,0,153,1,84,83,0.0,0.022465026039007456,1,85,84,1,-1,2,14,0,17,36,6
590,1,617,26,100,74,6,34,26,36,10,1,34,26,47,21,3.4037918240920386e-05,0.004765308553728854,28,53,25,2,6,3,6,1,41,78,35
591,100,100,61,61,0,100,100,44,44,0,100,100,61,61,0,0.04687021341774737,0.047108478845433815,96,96,0,3,1,1,12,27,6,10,88
592,87,687,64,100,36,76,76,54,54,0,76,76,60,60,0,0.00789679703189353,0.014432077334150244,63,76,13,2,3,3,6,8,41,44,17
593,128,744,80,100,20,200,220,79,84,5,128,220,80,91,11,0.006399128629293032,0.034140031995643146,57,92,35,2,2,2,12,5,3,47,1
594,28,644,47,100,53,42,76,38,51,13,28,76,47,61,14,0.0013955546478777359,0.02889819258654141,41,90,49,2,3,3,6,4,65,64,7
595,0,102,1,77,76,0,10,1,26,25,0,2,1,25,24,0.0,3.4037918240920386e-05,1,26,25,4,-1,5,8,0,30,92,95
596,0,616,1,100,99,0,94,1,50,49,0,94,1,67,66,0.0,0.022226760611321013,1,86,85,2,-1,3,9,0,26,89,7
597,396,602,98,100,2,192,192,99,99,0,192,192,99,99,0,0.04571292419755608,0.04969536063174376,95,96,1,3,2,2,6,30,32,7,31
598,0,206,1,89,88,0,19,1,27,26,0,8,1,31,30,0.0,0.00088498587426393,1,34,33,3,-1,4,9,0,29,86,74
599,0,1640,1,100,99,0,74,1,51,50,0,74,1,57,56,0.0,0.03083835392627387,1,92,91,1,-1,2,5,0,52,99,5
600,98,304,81,99,18,32,32,63,63,0,32,32,65,65,0,0.017018959120460194,0.02100139555464788,82,85,3,3,3,3,2,12,98,37,38
601,6,622,29,100,71,14,28,32,39,7,6,28,29,48,19,0.000442492937131965,0.006433166547533953,34,61,27,2,4,3,3,1,82,49,13
602,246,246,90,90,0,244,244,91,91,0,244,244,92,92,0,0.019980258007420267,0.019980258007420267,78,78,0,-1,2,2,12,18,2,5,92
603,94,710,73,100,27,48,48,63,63,0,48,48,64,64,0,0.00881582082439838,0.01589570781850982,69,79,10,2,3,3,3,9,82,31,44
604,209,209,93,93,0,128,128,93,93,0,128,128,93,93,0,0.031076619353960312,0.031076619353960312,89,89,0,-1,2,2,5,15,70,16,92
605,134,1774,82,100,18,158,196,73,76,3,134,196,82,88,6,0.008135062459579971,0.03495694203342523,64,92,28,1,3,2,12,9,3,31,23
606,66,272,70,98,28,38,38,56,56,0,38,38,57,57,0,0.010109261717553355,0.015589366554341537,69,80,11,3,3,3,3,6,60,77,72
607,0,0,1,1,0,0,0,1,1,0,0,0,1,1,0,0.0,0.0,1,1,0,-1,-1,-1,4,1,79,50,59
608,32,32,49,49,0,70,70,59,59,0,32,32,49,49,0,0.004050512270669526,0.004050512270669526,50,50,0,-1,3,3,5,3,88,29,86
609,32,1672,43,100,57,120,208,57,73,16,32,208,43,88,45,0.0029612988869600733,0.033050818611933694,48,93,45,1,3,2,14,2,17,75,11
610,26,642,47,100,53,94,108,39,57,18,26,58,47,53,6,0.0038462847612240037,0.010858095918853602,51,70,19,2,3,3,13,6,13,73,25
611,100,100,74,74,0,100,100,87,87,0,100,100,87,87,0,0.07260287960788318,0.0791381599101399,99,100,1,3,1,1,4,29,47,1,17
612,184,184,90,90,0,254,254,92,92,0,184,184,90,90,0,0.015997821573232582,0.015997821573232582,78,78,0,-1,2,2,12,8,6,20,92
613,0,206,1,94,93,0,10,1,31,30,0,10,1,38,37,0.0,0.005003573981415297,1,57,56,3,-1,4,3,1,81,50,24
614,62,678,59,100,41,22,22,42,42,0,22,22,46,46,0,0.00881582082439838,0.015725518227305217,64,79,15,2,3,3,2,6,68,34,26
615,46,46,54,54,0,90,90,49,49,0,46,46,54,54,0,0.005071649817897137,0.005071649817897137,53,53,0,-1,2,2,9,2,35,75,40
616,0,206,1,93,92,0,22,1,29,28,0,6,1,28,27,0.0,0.001055175465468532,1,39,38,3,-1,4,9,0,23,59,53
617,24,24,44,44,0,86,86,41,41,0,24,24,44,44,0,0.001497668402600497,0.001497668402600497,41,41,0,-1,3,3,11,3,38,43,92
618,0,102,1,77,76,0,6,1,26,25,0,2,1,26,25,0.0,0.00013615167296368154,1,28,27,4,-1,5,5,1,37,50,65
619,90,192,77,94,17,32,32,58,58,0,32,32,60,60,0,0.016474352428605468,0.01657646618332823,81,81,0,4,3,3,2,18,91,30,4
620,6,622,29,100,71,27,86,30,41,11,6,86,29,60,31,3.4037918240920386e-05,0.013444977705163553,27,75,48,2,4,3,10,1,1,95,5
621,78,78,57,57,0,128,128,72,72,0,78,78,57,57,0,0.0088498587426393,0.0088498587426393,67,67,0,-1,2,2,9,4,35,38,36
622,100,100,67,67,0,100,100,66,66,0,100,100,72,72,0,0.07553014057660233,0.07907008407365805,100,100,0,3,1,1,6,36,59,2,38
623,0,0,1,1,0,0,0,1,1,0,0,0,1,1,0,0.0,0.0,1,1,0,-1,-1,-1,3,0,82,59,79
624,66,682,61,100,39,54,64,56,66,10,54,64,57,67,10,0.006535280302256714,0.02219272269308009,55,85,30,2,3,3,4,6,67,13,37
625,0,0,1,1,0,0,0,1,1,0,0,0,1,1,0,0.0,0.0,1,1,0,-1,-1,-1,8,0,30,40,89
626,32,133,45,82,37,92,92,50,50,0,32,33,45,46,1,0.004118588107151367,0.004118588107151367,51,51,0,6,3,3,7,3,46,29,68
627,163,369,88,99,11,72,72,77,77,0,72,72,77,77,0,0.017903944994724124,0.024337111542258077,82,88,6,3,2,2,3,15,82,19,48
628,100,100,69,69,0,100,100,71,71,0,100,100,72,72,0,0.024473263215221756,0.03989244017835869,88,96,8,2,1,1,6,1,56,95,15
629,56,56,56,56,0,54,54,56,56,0,54,54,57,57,0,0.005071649817897137,0.005071649817897137,51,51,0,-1,3,3,4,6,67,28,85
630,16,616,38,100,62,56,56,46,46,0,16,56,38,57,19,0.002484768031587188,0.021580040164743523,48,83,35,2,3,3,6,3,74,46,0
631,46,252,52,95,43,90,90,63,63,0,46,54,52,54,2,0.0051397256543789785,0.006603356138738555,55,59,4,3,2,2,6,3,65,29,83
632,22,22,49,49,0,22,22,49,49,0,22,22,50,50,0,0.0037441710065012424,0.0037441710065012424,52,52,0,-1,3,3,2,3,93,29,45
633,118,734,81,100,19,144,144,78,78,0,144,144,82,82,0,0.013479015623404473,0.016440314510364547,75,78,3,2,3,3,9,13,31,33,70
634,58,158,68,92,24,32,32,63,63,0,32,32,65,65,0,0.011368664692467409,0.011334626774226489,72,72,0,4,3,3,2,6,98,34,63
635,0,0,1,1,0,0,0,1,1,0,0,0,1,1,0,0.0,0.0,1,1,0,-1,-1,-1,3,0,66,96,84
636,60,266,60,95,35,76,76,54,54,0,60,76,60,65,5,0.0053099152455835805,0.01147077844719017,56,72,16,3,3,3,6,6,32,28,44
637,100,100,60,60,0,100,100,40,40,0,100,100,60,60,0,0.0212056230640934,0.024575376969944517,81,88,7,2,1,1,14,9,25,27,75
638,86,702,64,100,36,96,96,60,60,0,86,96,64,68,4,0.00803294870485721,0.031212771026923995,64,90,26,2,3,3,6,6,44,34,1
639,56,262,61,97,36,44,44,53,53,0,44,44,58,58,0,0.007692569522448007,0.014500153170632085,63,78,15,3,3,3,4,6,78,34,32
640,128,744,83,100,17,184,184,82,82,0,128,184,83,87,4,0.015419176963136935,0.029476837196637053,76,91,15,2,2,2,10,9,22,39,12
641,82,82,72,72,0,32,32,70,70,0,32,32,70,70,0,0.012764219340345145,0.012764219340345145,75,75,0,-1,3,3,2,6,95,77,36
642,0,102,1,76,75,0,6,1,29,28,0,2,1,27,26,0.0,0.0002042275094455223,1,31,30,4,-1,5,3,0,64,91,88
643,2,103,29,79,50,14,14,29,29,0,2,3,29,32,3,0.00013615167296368154,0.00017018959120460194,30,32,2,6,5,5,9,1,26,60,58
644,146,248,84,95,11,134,134,92,92,0,134,134,93,93,0,0.01872085503250621,0.019129310051397258,80,81,1,4,2,2,6,9,65,39,49
645,0,1640,1,100,99,0,134,1,65,64,0,134,1,80,79,0.0,0.03550154872527996,1,94,93,1,-1,2,10,0,1,84,3
646,0,101,1,80,79,0,3,1,24,23,0,1,1,24,23,0.0,3.4037918240920386e-05,1,28,27,6,-1,7,3,0,76,40,68
647,22,124,39,77,38,98,98,37,37,0,22,24,39,42,3,0.0010892133837094523,0.0011913271384322134,37,37,0,4,3,3,16,2,9,74,60
648,0,0,1,1,0,0,0,1,1,0,0,0,1,1,0,0.0,0.0,1,1,0,-1,-1,-1,3,0,85,82,96
649,144,1784,83,100,17,176,200,85,93,8,144,200,86,92,6,0.00881582082439838,0.042819701147077845,66,95,29,1,2,2,8,6,30,13,1
650,210,826,89,100,11,182,192,83,86,3,182,192,86,87,1,0.014023622315259198,0.021511964328261683,75,82,7,2,2,2,9,14,54,14,20
651,0,206,1,90,89,0,16,1,32,31,0,11,1,35,34,0.0,0.002825147213996392,1,45,44,3,-1,4,6,1,48,69,73
652,0,616,1,100,99,0,76,1,53,52,0,76,1,65,64,0.0,0.02746860002042275,1,89,88,2,-1,3,6,0,56,66,23
653,516,722,100,100,0,152,152,94,94,0,152,152,94,94,0,0.04680213758126553,0.047789237210252224,95,96,1,3,2,2,5,40,52,3,64
654,2,208,26,87,61,16,68,27,33,6,2,14,26,33,7,3.4037918240920386e-05,0.0019741992579733825,27,43,16,3,5,4,14,1,16,78,61
655,324,924,96,100,4,368,368,97,97,0,324,368,97,97,0,0.024166921951053473,0.03744171006501242,87,96,9,2,2,2,14,16,16,18,30
656,0,616,1,100,99,0,46,1,38,37,0,46,1,52,51,0.0,0.021341774737057083,1,86,85,2,-1,3,6,0,41,91,11
657,0,206,1,96,95,0,8,1,31,30,0,6,1,31,30,0.0,0.002110350930937064,1,45,44,3,-1,4,2,0,98,99,90
658,16,222,35,87,52,96,96,43,43,0,16,28,35,44,9,0.002552843868069029,0.002825147213996392,46,49,3,3,3,3,11,2,5,94,56
659,0,206,1,92,91,0,10,1,31,30,0,10,1,40,39,0.0,0.003369753905851118,1,50,49,3,-1,4,3,0,85,36,47
660,338,938,96,100,4,168,168,96,96,0,168,168,96,96,0,0.03240409816535621,0.04864018516627523,91,98,7,2,2,2,6,29,40,0,1
661,88,88,66,66,0,114,114,73,73,0,88,88,67,67,0,0.012219612648490419,0.012219612648490419,72,72,0,-1,3,3,9,8,26,8,66
662,100,100,66,66,0,100,100,60,60,0,100,100,68,68,0,0.022737329384934817,0.02556247659893121,85,88,3,3,1,1,7,2,43,74,90
663,0,0,1,1,0,0,0,1,1,0,0,0,1,1,0,0.0,0.0,1,1,0,-1,-1,-1,6,0,65,87,92
664,166,1806,86,100,14,124,168,76,85,9,124,168,81,87,6,0.016712617856291908,0.051533408216753465,80,98,18,1,3,2,9,16,26,12,11
665,197,197,94,94,0,22,22,48,48,0,22,22,51,51,0,0.028455699649409444,0.028455699649409444,90,90,0,-1,3,3,2,30,95,7,93
666,2,618,28,100,72,8,40,29,43,14,2,40,28,52,24,0.00010211375472276115,0.01501072194424589,30,76,46,2,5,3,5,1,70,95,15
667,0,102,1,73,72,0,6,1,25,24,0,2,1,25,24,0.0,3.4037918240920386e-05,1,26,25,4,-1,5,5,0,61,98,95
668,0,102,1,79,78,0,5,1,26,25,0,2,1,26,25,0.0,0.00017018959120460194,1,28,27,4,-1,5,3,0,94,98,65
669,46,148,57,89,32,44,44,54,54,0,44,44,58,58,0,0.004595118962524252,0.004799346471969774,54,56,2,4,3,3,4,6,77,28,56
670,177,177,88,88,0,120,120,86,86,0,120,120,86,86,0,0.01933353756084278,0.01933353756084278,82,82,0,-1,2,2,6,18,65,5,45
671,0,206,1,92,91,0,15,1,31,30,0,8,1,34,33,0.0,0.0005786446100956465,1,35,34,3,-1,4,6,0,69,98,63
672,8,110,37,82,45,14,14,35,35,0,8,14,37,42,5,0.002110350930937064,0.0035739814152966403,48,53,5,4,4,4,3,2,76,83,75
673,101,717,75,100,25,110,110,76,76,0,110,110,81,81,0,0.00976888253514415,0.023486163586235065,69,88,19,2,2,2,6,8,59,44,18
674,2,104,26,75,49,8,10,26,26,0,2,4,26,26,0,0.0,0.0005446066918547262,1,30,29,4,5,5,6,2,51,58,42
675,68,684,57,100,43,110,110,78,78,0,68,110,58,81,23,0.008679669151434699,0.012968446849790666,66,75,9,2,2,2,6,4,51,72,26
676,6,212,30,94,64,22,30,33,35,2,6,30,30,50,20,0.0008509479560230097,0.011096361346540046,37,70,33,3,4,4,5,2,63,42,19
677,0,0,1,1,0,0,0,1,1,0,0,0,1,1,0,0.0,0.0,1,1,0,-1,-1,-1,5,0,45,84,66
678,170,170,96,96,0,32,32,67,67,0,32,32,68,68,0,0.031246808945164913,0.031246808945164913,92,92,0,-1,3,3,2,30,97,7,79
679,42,248,50,93,43,60,60,49,49,0,40,46,49,51,2,0.004050512270669526,0.0053439531638245,50,53,3,3,3,3,5,6,50,41,94
680,100,306,70,93,23,148,148,79,79,0,100,148,70,83,13,0.007726607440688927,0.011913271384322134,63,74,11,3,2,2,9,6,31,13,57
681,100,100,60,60,0,100,100,52,52,0,100,100,60,60,0,0.030497974743864665,0.030497974743864665,90,90,0,-1,1,1,9,14,29,32,40
682,16,16,34,34,0,40,40,32,32,0,16,16,34,34,0,0.00034037918240920387,0.00034037918240920387,32,32,0,-1,3,3,12,1,2,60,85
683,86,86,69,69,0,48,48,63,63,0,48,48,64,64,0,0.008747744987916539,0.008747744987916539,68,68,0,-1,3,3,3,7,82,21,36
684,244,244,93,93,0,102,102,93,93,0,102,102,93,93,0,0.03267640151128357,0.03267640151128357,91,91,0,-1,2,2,4,22,84,9,79
685,18,1658,41,100,59,46,80,43,55,12,18,80,41,64,23,0.0014295925661186562,0.03179141563701964,42,93,51,1,3,2,6,2,65,61,23
686,42,248,51,91,40,164,164,66,66,0,40,52,49,52,3,0.003710133088260322,0.005241839409101739,50,55,5,3,3,3,14,6,16,41,75
687,36,36,50,50,0,90,90,49,49,0,35,35,50,50,0,0.004731270635487933,0.004731270635487933,53,53,0,-1,3,3,9,6,26,41,81
688,0,616,1,100,99,0,80,1,43,42,0,48,1,55,54,0.0,0.007760645358929848,1,61,60,2,-1,3,10,1,11,45,77
689,120,1760,77,100,23,176,200,74,81,7,120,200,77,85,8,0.006977773239388679,0.02995336805200994,59,92,33,1,2,2,12,6,2,13,15
690,238,238,92,92,0,320,320,96,96,0,238,238,92,92,0,0.01783586915824228,0.01783586915824228,79,79,0,-1,2,2,14,13,8,33,84
691,176,382,86,98,12,142,142,78,78,0,142,142,84,84,0,0.01596378365499166,0.017903944994724124,76,79,3,3,2,2,8,14,21,14,54
692,68,68,63,63,0,72,72,77,77,0,72,72,79,79,0,0.00976888253514415,0.00976888253514415,72,72,0,-1,2,2,3,4,96,38,79
693,16,16,39,39,0,28,28,36,36,0,16,16,39,39,0,0.0004765308553728854,0.0004765308553728854,35,35,0,-1,3,3,6,1,69,4,89
694,16,632,44,100,56,34,44,47,52,5,16,44,45,57,12,0.00176997174852786,0.01575955614554614,43,79,36,2,3,3,4,1,78,53,12
695,0,0,1,1,0,0,0,1,1,0,0,0,1,1,0,0.0,0.0,1,1,0,-1,-1,-1,4,0,47,84,85
696,83,699,62,100,38,66,76,49,53,4,66,76,57,59,2,0.006433166547533953,0.032063718982947,58,91,33,2,3,3,6,8,41,57,0
697,236,442,92,99,7,174,174,93,93,0,174,174,94,94,0,0.017155110793423873,0.019265461724360937,80,83,3,3,2,2,7,14,24,32,75
698,100,100,69,69,0,100,100,87,87,0,100,100,87,87,0,0.06341264168283468,0.07066271826815072,100,100,0,2,1,1,4,18,83,5,33
699,2,208,27,90,63,5,24,27,37,10,2,24,27,49,22,6.807583648184077e-05,0.006943735321147759,28,60,32,3,5,4,4,1,79,78,31
700,0,0,1,1,0,0,0,1,1,0,0,0,1,1,0,0.0,0.0,1,1,0,-1,-1,-1,2,1,95,69,66
701,74,280,64,95,31,64,64,68,68,0,64,64,69,69,0,0.010143299635794275,0.020558902617515914,72,83,11,3,3,3,4,9,73,27,37
702,2,618,28,100,72,5,20,29,41,12,2,20,28,46,18,6.807583648184077e-05,0.011062323428299126,29,74,45,2,5,3,3,1,55,65,5
703,37,653,47,100,53,46,56,38,40,2,37,56,47,51,4,0.004220701861874128,0.01855066544130161,50,80,30,2,3,3,6,6,71,35,18
704,18,18,40,40,0,62,62,36,36,0,18,18,40,40,0,0.0007488342013002485,0.0007488342013002485,36,36,0,-1,3,3,10,2,36,63,85
705,100,100,67,67,0,100,100,54,54,0,100,100,67,67,0,0.03168930188229688,0.03223390857415161,92,92,0,3,1,1,8,8,27,20,61
706,0,0,1,1,0,0,0,1,1,0,0,0,1,1,0,0.0,0.0,1,1,0,-1,-1,-1,6,0,74,36,45
707,116,716,79,100,21,114,114,67,67,0,114,114,79,79,0,0.00891793457912114,0.011981347220803976,68,71,3,2,3,3,9,13,35,24,29
708,100,100,59,59,0,100,100,40,40,0,100,100,59,59,0,0.018074134585928724,0.04578100003403792,79,98,19,1,1,1,15,4,7,38,10
709,491,1107,99,100,1,288,288,98,98,0,288,288,98,98,0,0.04190067735457299,0.049389019367575476,97,97,0,2,2,2,9,29,54,11,27
710,20,121,45,85,40,32,32,58,58,0,32,32,60,60,0,0.0022465026039007454,0.0024166921951053475,46,46,0,5,3,3,2,3,91,43,60
711,62,678,53,100,47,108,126,58,60,2,62,86,53,59,6,0.003165526396405596,0.006671431975220395,49,58,9,2,2,2,12,3,3,54,73
712,16,222,37,92,55,78,78,49,49,0,16,22,37,42,5,0.0030293747234419145,0.00353994349705572,52,52,0,3,3,3,8,3,21,46,49
713,0,101,1,76,75,0,5,1,25,24,0,1,1,25,24,0.0,3.4037918240920386e-05,1,26,25,6,-1,7,5,0,70,98,58
714,352,558,98,100,2,152,152,95,95,0,152,152,95,95,0,0.036080193335375606,0.03805439259334899,93,94,1,3,2,2,5,30,88,7,70
715,0,0,1,1,0,0,0,1,1,0,0,0,1,1,0,0.0,0.0,1,1,0,-1,-1,-1,5,0,70,82,81
716,0,0,1,1,0,0,0,1,1,0,0,0,1,1,0,0.0,0.0,1,1,0,-1,-1,-1,4,1,79,45,80
717,7,109,36,81,45,16,16,34,34,0,7,9,36,37,1,0.00030634126416828345,0.0013615167296368155,33,41,8,4,4,4,4,2,77,56,71
718,6,622,28,100,72,18,46,28,35,7,6,40,28,46,18,0.00034037918240920387,0.007454304094761564,30,62,32,2,4,3,8,1,27,55,77
719,106,312,78,98,20,110,110,82,82,0,110,110,83,83,0,0.010926171755335444,0.012015385139044895,70,71,1,3,2,2,6,7,56,48,51
720,68,274,63,96,33,88,88,76,76,0,68,88,73,78,5,0.009292351679771264,0.013717281051090916,68,77,9,3,2,2,4,4,47,72,48
721,0,0,1,1,0,0,0,1,1,0,0,0,1,1,0,0.0,0.0,1,1,0,-1,-1,-1,11,0,33,59,66
722,0,206,1,93,92,0,26,1,35,34,0,26,1,50,49,0.0,0.008441403723748256,1,64,63,3,-1,4,5,0,49,93,33
723,108,1748,77,100,23,146,180,75,91,16,108,180,77,93,16,0.007522379931243405,0.03328908403962014,61,91,30,1,2,2,8,6,15,28,18
724,22,22,46,46,0,22,22,42,42,0,22,22,45,45,0,0.0017359338302869397,0.0017359338302869397,41,41,0,-1,3,3,2,2,91,61,96
725,6,108,33,78,45,13,14,33,33,0,6,8,33,36,3,0.00013615167296368154,0.0009530617107457708,31,38,7,4,4,4,5,1,49,4,71
726,32,32,46,46,0,76,76,49,49,0,32,32,46,46,0,0.0025188059498281084,0.0025188059498281084,45,45,0,-1,3,3,6,2,40,52,92
727,74,280,62,95,33,90,90,58,58,0,73,85,62,64,2,0.006262976956329351,0.00976888253514415,58,67,9,3,2,2,6,6,48,41,29
728,0,616,1,99,98,0,84,1,40,39,0,57,1,54,53,0.0,0.006841621566424997,1,60,59,2,-1,3,12,0,14,89,44
729,100,100,67,67,0,100,100,57,57,0,100,100,67,67,0,0.04084550188910446,0.04084550188910446,96,96,0,-1,1,1,8,19,21,15,87
730,0,616,1,100,99,0,46,1,40,39,0,46,1,54,53,0.0,0.0088498587426393,1,68,67,2,-1,3,6,0,34,89,20
731,16,118,42,86,44,28,28,43,43,0,16,18,42,44,2,0.0034718676605738795,0.0035739814152966403,51,51,0,4,3,3,3,1,66,90,4
732,28,28,46,46,0,96,96,44,44,0,28,28,46,46,0,0.002110350930937064,0.002110350930937064,44,44,0,-1,3,3,11,3,38,54,50
733,110,1750,72,100,28,154,188,66,79,13,110,150,72,81,9,0.010313489226998877,0.022601177711971135,72,86,14,1,2,2,10,6,0,34,46
734,118,734,80,100,20,120,120,85,85,0,120,120,85,85,0,0.016474352428605468,0.020082371762143027,81,84,3,2,2,2,6,9,48,39,70
735,0,206,1,90,89,0,36,1,32,31,0,19,1,41,40,0.0,0.002552843868069029,1,46,45,3,-1,4,8,0,39,67,22
736,64,1704,58,100,42,70,104,54,81,27,64,104,61,82,21,0.006977773239388679,0.04166241192688655,60,96,36,1,3,2,5,4,50,72,9
737,100,100,63,63,0,100,100,39,39,0,100,100,63,63,0,0.012559991830899623,0.020592940535756832,71,82,11,2,1,1,14,4,17,64,20
738,111,727,77,100,23,180,190,76,76,0,111,190,77,90,13,0.008645631233193778,0.01960584090677014,63,80,17,2,2,2,11,8,19,44,39
739,1,1,26,26,0,5,5,26,26,0,1,1,26,26,0,3.4037918240920386e-05,3.4037918240920386e-05,26,26,0,-1,6,6,5,1,88,68,50
740,136,752,79,100,21,238,248,87,88,1,136,248,79,91,12,0.009734844616903231,0.0195377650702883,64,81,17,2,2,2,11,4,5,72,8
741,0,0,1,1,0,0,0,1,1,0,0,0,1,1,0,0.0,0.0,1,1,0,-1,-1,-1,2,0,68,93,80
742,0,616,1,100,99,0,28,1,35,34,0,28,1,50,49,0.0,0.004356853534837809,1,53,52,2,-1,3,5,0,61,93,35
743,6,212,30,94,64,22,22,33,33,0,6,15,30,36,6,0.0008509479560230097,0.002212464685659825,37,47,10,3,4,4,5,2,63,42,54
744,16,222,35,93,58,26,30,37,37,0,16,30,35,43,8,0.0011913271384322134,0.005786446100956465,37,53,16,3,3,3,4,1,67,49,38
745,100,100,63,63,0,100,100,56,56,0,100,100,63,63,0,0.029306647605432452,0.05871540896558766,90,99,9,1,1,1,7,4,24,38,12
746,56,672,57,100,43,78,78,69,69,0,56,78,62,69,7,0.006841621566424997,0.015351101126655093,59,77,18,2,2,2,4,3,53,29,27
747,0,102,1,75,74,0,9,1,27,26,0,2,1,25,24,0.0,0.0004765308553728854,1,35,34,4,-1,5,6,0,34,36,42
748,247,453,97,100,3,72,72,84,84,0,72,72,84,84,0,0.035739814152966405,0.04748289594608394,92,96,4,3,2,2,3,29,85,1,15
749,8,109,38,78,40,20,20,35,35,0,8,9,38,39,1,0.0006807583648184077,0.0006807583648184077,37,37,0,6,4,4,4,3,47,51,58
750,324,425,97,99,2,176,176,90,90,0,176,176,91,91,0,0.03315293236665646,0.03318697028489737,92,92,0,5,2,2,8,27,21,10,78
751,24,125,47,87,40,38,38,46,46,0,24,24,48,48,0,0.0030634126416828346,0.0030634126416828346,49,49,0,5,3,3,3,6,96,70,65
752,0,206,1,89,88,0,28,1,31,30,0,6,1,26,25,0.0,0.0028591851322373124,1,46,45,3,-1,4,6,0,40,84,90
753,152,768,87,100,13,72,72,77,77,0,72,72,77,77,0,0.017972020831205963,0.03475271452397971,83,92,9,2,2,2,3,14,82,14,23
754,2,618,26,99,73,14,76,28,38,10,2,48,26,51,25,0.0,0.007760645358929848,1,59,58,2,5,3,11,2,5,58,77
755,32,32,50,50,0,38,38,46,46,0,32,32,50,50,0,0.00445896728956057,0.00445896728956057,52,52,0,-1,3,3,3,3,96,29,69
756,57,57,56,56,0,82,82,56,56,0,57,57,56,56,0,0.005412029000306341,0.005412029000306341,54,54,0,-1,3,3,7,6,62,35,97
757,52,52,56,56,0,64,64,63,63,0,64,64,64,64,0,0.008747744987916539,0.008747744987916539,68,68,0,-1,3,3,4,5,79,25,66
758,16,632,39,100,61,28,38,40,50,10,16,38,39,53,14,0.0014636304843595766,0.017359338302869398,41,81,40,2,3,3,3,1,82,71,23
759,162,1802,84,100,16,240,264,88,94,6,162,264,84,94,10,0.017393376221110316,0.030463936825623743,76,90,14,1,2,2,12,9,2,39,25
760,2,103,29,78,49,7,7,29,29,0,2,3,29,32,3,0.00010211375472276115,0.00010211375472276115,31,31,0,6,5,5,4,1,47,60,58
761,18,224,50,92,42,24,24,45,45,0,18,24,48,53,5,0.0009190237925048504,0.00176997174852786,39,44,5,3,3,3,3,2,87,63,42
762,104,205,71,89,18,182,182,82,82,0,104,105,71,72,1,0.011232513019503728,0.011232513019503728,72,72,0,5,2,2,9,5,28,25,78
763,40,656,51,100,49,102,122,66,71,5,40,122,51,79,28,0.0024166921951053475,0.02314578440382586,47,87,40,2,2,2,8,1,10,53,0
764,0,0,1,1,0,0,0,1,1,0,0,0,1,1,0,0.0,0.0,1,1,0,-1,-1,-1,2,0,86,98,36
765,0,0,1,1,0,0,0,1,1,0,0,0,1,1,0,0.0,0.0,1,1,0,-1,-1,-1,16,0,4,85,59
766,0,0,1,1,0,0,0,1,1,0,0,0,1,1,0,0.0,0.0,1,1,0,-1,-1,-1,12,0,14,81,69
767,0,0,1,1,0,0,0,1,1,0,0,0,1,1,0,0.0,0.0,1,1,0,-1,-1,-1,5,0,70,93,67
768,0,616,1,100,99,0,28,1,42,41,0,28,1,49,48,0.0,0.012491915994417782,1,77,76,2,-1,3,3,0,66,81,5
769,0,616,1,100,99,0,114,1,60,59,0,114,1,77,76,0.0,0.021511964328261683,1,82,81,2,-1,3,9,1,54,50,7
770,100,100,63,63,0,100,100,45,45,0,100,100,63,63,0,0.02314578440382586,0.054188365839545255,87,99,12,2,1,1,11,4,19,38,2
771,100,100,67,67,0,100,100,70,70,0,100,100,71,71,0,0.02906838217774601,0.02906838217774601,87,87,0,-1,1,1,6,6,74,41,36
772,0,616,1,100,99,0,84,1,34,33,0,32,1,44,43,0.0,0.0031314884781646754,1,49,48,2,-1,3,14,0,16,80,29
773,0,206,1,92,91,0,20,1,35,34,0,20,1,50,49,0.0,0.004118588107151367,1,52,51,3,-1,4,4,0,77,81,47
774,96,96,69,69,0,100,100,73,73,0,96,96,72,72,0,0.012049423057285817,0.012049423057285817,70,70,0,-1,2,2,6,6,71,34,93
775,188,394,86,99,13,230,230,73,73,0,188,194,86,87,1,0.012594029749140543,0.012662105585622384,70,70,0,3,2,2,16,14,9,32,95
776,0,206,1,91,90,0,19,1,30,29,0,7,1,34,33,0.0,0.001055175465468532,1,36,35,3,-1,4,6,0,56,76,61
777,0,616,1,100,99,0,146,1,62,61,0,146,1,78,77,0.0,0.017223186629905716,1,77,76,2,-1,3,15,0,7,40,15
778,2,618,26,100,74,6,60,26,51,25,2,60,26,55,29,6.807583648184077e-05,0.0300554818067327,27,88,61,2,5,3,5,1,61,78,2
779,25,25,51,51,0,46,46,40,40,0,25,25,51,51,0,0.003880322679464924,0.003880322679464924,53,53,0,-1,3,3,6,6,44,73,92
780,40,40,52,52,0,106,106,66,66,0,40,40,52,52,0,0.0030293747234419145,0.0030293747234419145,49,49,0,-1,2,2,7,1,24,53,67
781,36,1676,54,100,46,44,68,50,75,25,35,68,55,75,20,0.004356853534837809,0.042070866945777594,54,96,42,1,3,2,4,6,84,41,15
782,100,100,60,60,0,100,100,52,52,0,100,100,60,60,0,0.053609721229449604,0.06252765580857075,99,100,1,3,1,1,9,27,29,10,14
783,100,100,66,66,0,100,100,43,43,0,100,100,66,66,0,0.030532012662105586,0.03720344463732598,91,94,3,2,1,1,11,18,33,5,21
784,100,100,60,60,0,100,100,50,50,0,100,100,60,60,0,0.06855236733721366,0.07995506994792198,100,100,0,2,1,1,9,36,28,2,15
785,0,616,1,100,99,0,54,1,37,36,0,54,1,50,49,0.0,0.009870996289866912,1,64,63,2,-1,3,8,0,27,89,33
786,0,616,1,100,99,0,106,1,53,52,0,81,1,59,58,0.0,0.00707988699411144,1,60,59,2,-1,3,14,0,17,67,24
787,100,100,58,58,0,100,100,38,38,0,100,100,58,58,0,0.014806494434800367,0.014806494434800367,75,75,0,-1,1,1,16,6,9,28,99
788,492,1108,98,100,2,400,400,99,99,0,400,400,99,99,0,0.041594336090404714,0.050444194833044013,95,98,3,2,2,2,13,29,13,0,19
789,100,100,67,67,0,100,100,70,70,0,100,100,71,71,0,0.0317233398005378,0.03196160522822424,91,91,0,4,1,1,6,8,74,57,49
790,152,152,82,82,0,150,150,86,86,0,150,150,86,86,0,0.017869907076483203,0.017869907076483203,81,81,0,-1,2,2,7,9,43,39,76
791,6,212,32,95,63,8,8,32,32,0,6,8,32,37,5,0.0004765308553728854,0.01157289220191293,34,73,39,3,4,4,2,1,95,88,37
792,362,978,95,100,5,224,224,99,99,0,224,224,99,99,0,0.03104258143571939,0.03958609891419041,90,97,7,2,2,2,8,22,27,9,24
793,0,206,1,90,89,0,38,1,35,34,0,16,1,35,34,0.0,0.005003573981415297,1,53,52,3,-1,4,7,0,43,96,72
794,0,616,1,100,99,0,60,1,38,37,0,60,1,57,56,0.0,0.01501072194424589,1,77,76,2,-1,3,9,0,23,59,5
795,0,1640,1,100,99,0,70,1,61,60,0,70,1,68,67,0.0,0.02580074202661765,1,89,88,1,-1,2,5,0,45,91,44
796,0,616,1,100,99,0,98,1,38,37,0,60,1,51,50,0.0,0.008203138296061813,1,62,61,2,-1,3,15,0,7,96,27
797,190,190,89,89,0,222,222,83,83,0,222,222,90,90,0,0.020048333843902106,0.020048333843902106,82,82,0,-1,2,2,13,16,13,18,87
798,22,22,50,50,0,22,22,55,55,0,22,22,57,57,0,0.005241839409101739,0.005241839409101739,57,57,0,-1,3,3,2,2,97,83,36
799,0,0,1,1,0,0,0,1,1,0,0,0,1,1,0,0.0,0.0,1,1,0,-1,-1,-1,9,0,26,82,85
800,54,156,58,87,29,70,70,63,63,0,54,56,58,59,1,0.008101024541339052,0.008169100377820893,64,64,0,4,3,3,5,7,49,62,4
801,100,716,73,100,27,78,78,78,78,0,78,78,78,78,0,0.011232513019503728,0.01497668402600497,69,77,8,2,2,2,4,7,67,21,71
802,149,149,84,84,0,84,84,69,69,0,84,84,71,71,0,0.010483678818203479,0.010483678818203479,70,70,0,-1,2,2,5,13,37,24,96
803,78,179,69,91,22,62,62,77,77,0,62,62,78,78,0,0.013070560604513427,0.013104598522754349,75,75,0,6,2,2,3,7,58,48,68
804,96,712,56,100,44,190,200,69,71,2,96,135,56,84,28,0.007011811157629599,0.011402702610708328,59,69,10,2,2,2,16,6,4,35,57
805,1,207,26,96,70,3,18,26,35,9,1,18,26,44,18,0.0,0.00796487286837537,1,65,64,3,6,4,3,1,75,78,27
806,12,12,42,42,0,18,18,40,40,0,12,12,42,42,0,0.0017359338302869397,0.0017359338302869397,43,43,0,-1,4,4,3,2,92,52,36
807,406,1006,97,100,3,192,192,100,100,0,192,192,100,100,0,0.03921168181354028,0.04166241192688655,95,95,0,2,2,2,6,27,40,10,54
808,12,12,41,41,0,18,18,35,35,0,12,12,41,41,0,0.002280540522141666,0.002280540522141666,48,48,0,-1,4,4,3,2,87,75,93
809,0,0,1,1,0,0,0,1,1,0,0,0,1,1,0,0.0,0.0,1,1,0,-1,-1,-1,3,0,92,66,91
810,0,206,1,91,90,0,18,1,32,31,0,8,1,34,33,0.0,0.0014636304843595766,1,40,39,3,-1,4,7,0,62,80,83
811,135,237,88,95,7,38,38,46,46,0,38,38,51,51,0,0.019095272133156337,0.019912182170938427,83,84,1,4,3,3,3,16,96,18,75
812,16,16,37,37,0,68,68,46,46,0,16,16,37,37,0,0.003812246842983083,0.003812246842983083,53,53,0,-1,3,3,8,1,21,90,96
813,206,412,90,99,9,244,244,89,89,0,206,212,90,91,1,0.012594029749140543,0.014261887742945642,72,75,3,3,2,2,12,9,14,31,75
814,60,266,66,95,29,38,38,51,51,0,38,38,54,54,0,0.005480104836788182,0.006739507811702236,58,61,3,3,3,3,3,5,82,47,61
815,0,206,1,95,94,0,14,1,31,30,0,8,1,33,32,0.0,0.002552843868069029,1,46,45,3,-1,4,3,0,94,86,83
816,167,767,89,100,11,112,112,92,92,0,112,112,92,92,0,0.020797168045202357,0.043874876612546375,85,97,12,2,2,2,4,15,83,19,11
817,2,2,26,26,0,9,9,26,26,0,2,2,26,26,0,6.807583648184077e-05,6.807583648184077e-05,29,29,0,-1,5,5,8,1,42,78,36
818,77,693,71,100,29,48,48,66,66,0,48,48,67,67,0,0.009054086252084823,0.035739814152966405,68,93,25,2,3,3,3,8,76,57,3
819,186,186,92,92,0,104,104,86,86,0,104,104,87,87,0,0.024881718234112803,0.024881718234112803,88,88,0,-1,2,2,5,17,49,6,81
820,497,2137,100,100,0,344,368,99,99,0,344,368,99,99,0,0.03441233534157051,0.06722488852581776,91,100,9,1,2,2,14,29,8,1,3
821,104,206,72,88,16,136,136,77,77,0,104,106,73,74,1,0.007794683277170768,0.007828721195411689,61,61,0,4,2,2,7,5,24,47,4
822,217,833,95,100,5,168,168,96,96,0,168,168,96,96,0,0.029442799278396135,0.0374076721467715,90,92,2,2,2,2,6,20,32,23,77
823,6,6,29,29,0,24,24,30,30,0,6,6,29,29,0,0.0002042275094455223,0.0002042275094455223,32,32,0,-1,4,4,8,1,15,65,50
824,100,100,62,62,0,100,100,43,43,0,100,100,62,62,0,0.02811532046700024,0.02808128254875932,90,90,0,6,1,1,12,8,14,8,78
825,0,0,1,1,0,0,0,1,1,0,0,0,1,1,0,0.0,0.0,1,1,0,-1,-1,-1,11,0,38,40,89
826,166,782,86,100,14,148,148,78,78,0,148,148,85,85,0,0.015827631982027978,0.0283876238129276,76,88,12,2,2,2,9,14,35,14,37
827,0,0,1,1,0,0,0,1,1,0,0,0,1,1,0,0.0,0.0,1,1,0,-1,-1,-1,3,0,92,40,85
828,100,100,72,72,0,100,100,71,71,0,100,100,75,75,0,0.06671431975220396,0.06940331529323666,99,100,1,4,1,1,6,27,32,10,73
829,67,67,57,57,0,108,108,60,60,0,67,67,57,57,0,0.005173763572619898,0.005173763572619898,55,55,0,-1,3,3,8,6,42,35,86
830,22,638,45,100,55,56,66,45,47,2,22,66,45,58,13,0.002586881786309949,0.018244324177133328,47,84,37,2,3,3,6,2,59,75,16
831,6,622,30,100,70,12,44,30,47,17,6,44,30,53,23,0.0004084550188910446,0.008237176214302734,33,66,33,2,4,3,4,1,83,88,13
832,0,206,1,95,94,0,8,1,32,31,0,8,1,37,36,0.0,0.0031314884781646754,1,50,49,3,-1,4,2,0,89,85,35
833,0,616,1,100,99,0,22,1,46,45,0,22,1,51,50,0.0,0.019469689233806462,1,86,85,2,-1,3,2,0,89,96,23
834,81,281,58,93,35,126,126,61,61,0,81,126,58,79,21,0.006705469893461316,0.011130399264780965,58,72,14,3,2,2,12,6,3,35,24
835,6,212,29,90,61,32,36,33,34,1,6,12,29,35,6,0.0002382654276864427,0.0010211375472276116,32,38,6,3,4,4,8,1,30,88,71
836,0,0,1,1,0,0,0,1,1,0,0,0,1,1,0,0.0,0.0,1,1,0,-1,-1,-1,12,0,14,87,45
837,0,0,1,1,0,0,0,1,1,0,0,0,1,1,0,0.0,0.0,1,1,0,-1,-1,-1,4,0,53,84,92
838,114,114,81,81,0,70,70,54,54,0,70,70,62,62,0,0.009360427516253106,0.009360427516253106,69,69,0,-1,3,3,5,9,50,31,92
839,34,34,55,55,0,48,48,66,66,0,34,34,57,57,0,0.003948398515946765,0.003948398515946765,54,54,0,-1,3,3,3,6,76,70,82
840,320,520,100,100,0,80,80,96,96,0,80,80,96,96,0,0.05762619558187821,0.05840906770141938,98,98,0,3,2,2,2,36,98,2,52
841,16,222,37,94,57,56,56,44,44,0,16,24,37,45,8,0.0018040096667687805,0.0030974505599237552,45,51,6,3,3,3,6,1,34,53,52
842,154,770,85,100,15,222,222,90,90,0,154,222,85,91,6,0.011300588855985567,0.015419176963136935,69,78,9,2,2,2,10,7,11,48,47
843,26,642,52,100,48,22,22,54,54,0,22,22,54,54,0,0.003369753905851118,0.012730181422104225,49,74,25,2,3,3,2,6,99,41,17
844,0,0,1,1,0,0,0,1,1,0,0,0,1,1,0,0.0,0.0,1,1,0,-1,-1,-1,5,0,37,89,80
845,40,656,49,100,51,208,228,71,74,3,40,148,49,82,33,0.004220701861874128,0.015453214881377854,53,77,24,2,2,2,14,3,16,46,14
846,0,616,1,100,99,0,34,1,38,37,0,34,1,45,44,0.0,0.008475441641989176,1,62,61,2,-1,3,4,0,67,82,77
847,0,616,1,100,99,0,88,1,46,45,0,88,1,59,58,0.0,0.030361823070900983,1,88,87,2,-1,3,8,0,42,86,11
848,116,732,77,100,23,174,174,76,76,0,116,174,77,86,9,0.013513053541645392,0.0212056230640934,73,84,11,2,2,2,10,8,22,20,34
849,0,102,1,84,83,0,5,1,29,28,0,2,1,26,25,0.0,0.00017018959120460194,1,31,30,4,-1,5,3,0,92,84,4
850,36,36,53,53,0,54,54,55,55,0,35,35,54,54,0,0.00445896728956057,0.00445896728956057,54,54,0,-1,3,3,4,6,73,41,84
851,32,1672,44,100,56,136,210,63,71,8,32,210,44,87,43,0.0032336022328874367,0.03458252493277511,50,93,43,1,3,2,16,2,9,75,10
852,16,632,36,100,64,60,60,52,52,0,16,60,36,55,19,0.0029612988869600733,0.00966676878042139,49,69,20,2,3,3,5,3,61,46,25
853,0,206,1,90,89,0,14,1,30,29,0,14,1,38,37,0.0,0.0024166921951053475,1,46,45,3,-1,4,5,0,80,93,35
854,1,1,24,24,0,3,3,24,24,0,1,1,24,24,0,6.807583648184077e-05,6.807583648184077e-05,27,27,0,-1,6,6,3,2,92,58,85
855,73,279,64,96,32,88,88,76,76,0,73,88,74,78,4,0.009939072126348753,0.019571802988529223,69,83,14,3,2,2,4,4,47,22,39
856,60,676,68,100,32,38,48,52,64,12,38,48,55,67,12,0.005888559855679227,0.014023622315259198,59,79,20,2,3,3,3,5,66,47,48
857,114,216,87,94,7,56,56,85,85,0,56,56,85,85,0,0.021580040164743523,0.023520201504475986,87,87,0,4,2,2,2,9,90,39,29
858,1,617,26,100,74,5,24,26,36,10,1,19,26,47,21,3.4037918240920386e-05,0.003710133088260322,27,50,23,2,6,3,5,2,70,58,75
859,6,6,31,31,0,14,14,35,35,0,6,6,31,31,0,0.001055175465468532,0.001055175465468532,39,39,0,-1,4,4,3,2,92,42,91
860,13,219,43,94,51,24,24,40,40,0,13,24,43,52,9,0.0015317063208414173,0.008441403723748256,42,64,22,3,4,4,4,4,78,64,77
861,22,228,46,93,47,28,28,44,44,0,22,28,47,50,3,0.004288777698355968,0.009020048333843901,50,69,19,3,3,3,3,3,92,29,57
862,66,272,59,96,37,54,54,55,55,0,54,54,58,58,0,0.005718370264474625,0.006909697402906838,57,58,1,3,3,3,4,6,53,28,54
863,22,638,40,100,60,94,114,49,63,14,22,80,40,65,25,0.0020082371762143027,0.011164437183021887,44,73,29,2,3,3,9,2,31,61,17
864,78,694,57,100,43,126,126,77,77,0,78,126,58,83,25,0.009326389598012186,0.01950372715204738,66,85,19,2,2,2,7,7,46,62,39
865,66,168,59,87,28,80,80,61,61,0,66,80,61,66,5,0.00881582082439838,0.00888389666088022,65,65,0,4,2,2,6,6,56,34,4
866,132,748,80,100,20,100,110,70,80,10,100,110,72,81,9,0.014908608189523128,0.0228734810578985,78,85,7,2,2,2,6,8,65,8,48
867,0,616,1,100,99,0,38,1,37,36,0,24,1,48,47,0.0,0.0034718676605738795,1,48,47,2,-1,3,6,0,59,91,54
868,100,100,60,60,0,100,100,40,40,0,100,100,60,60,0,0.021682153919466287,0.031314884781646755,84,92,8,1,1,1,14,13,25,24,13
869,16,16,41,41,0,18,18,41,41,0,16,16,41,41,0,0.00088498587426393,0.00088498587426393,37,37,0,-1,3,3,2,1,91,55,92
870,10,626,36,100,64,30,40,39,43,4,10,40,36,50,14,0.0014295925661186562,0.008951972497362062,43,68,25,2,4,3,5,3,88,43,77
871,0,102,1,82,81,0,8,1,31,30,0,4,1,32,31,0.0,0.0007488342013002485,1,36,35,4,-1,5,4,1,78,50,43
872,110,110,82,82,0,72,72,85,85,0,72,72,85,85,0,0.01504475986248681,0.01504475986248681,77,77,0,-1,2,2,3,6,94,77,89
873,100,100,79,79,0,100,100,95,95,0,100,100,95,95,0,0.08502671976581912,0.09193641716872596,99,100,1,2,1,1,3,27,75,10,21
874,6,622,30,100,70,22,40,33,38,5,6,40,30,52,22,0.0008509479560230097,0.02215868477483917,37,86,49,2,4,3,5,2,63,42,11
875,50,151,65,90,25,12,12,37,37,0,12,12,41,41,0,0.007216038667075122,0.007216038667075122,64,64,0,6,4,4,2,9,89,31,68
876,112,1752,76,100,24,210,234,83,90,7,112,193,76,88,12,0.007998910786616291,0.022805405221416657,63,85,22,1,2,2,12,4,3,72,44
877,232,438,92,99,7,268,268,96,96,0,232,240,92,92,0,0.013138636440995268,0.013615167296368155,74,75,1,3,2,2,12,13,14,24,63
878,100,100,69,69,0,100,100,66,66,0,100,100,72,72,0,0.04428333163143742,0.04428333163143742,94,94,0,-1,1,1,6,18,44,30,84
879,126,1766,80,100,20,82,106,50,70,20,82,106,65,75,10,0.009292351679771264,0.03594404166241193,65,93,28,1,3,2,7,13,43,24,15
880,12,12,37,37,0,12,12,36,36,0,12,12,37,37,0,0.0014636304843595766,0.0014636304843595766,43,43,0,-1,4,4,2,3,68,51,89
881,28,644,49,100,51,34,34,39,39,0,28,34,49,50,1,0.0025188059498281084,0.008713707069675619,47,67,20,2,3,3,4,6,53,70,44
882,126,742,82,100,18,180,200,80,85,5,126,200,82,90,8,0.013444977705163553,0.03223390857415161,74,92,18,2,2,2,11,8,38,17,9
883,100,100,64,64,0,100,100,49,49,0,100,100,64,64,0,0.03516116954287076,0.037475747983253344,89,91,2,2,1,1,8,13,42,33,52
884,6,6,29,29,0,32,32,33,33,0,6,6,29,29,0,0.0002382654276864427,0.0002382654276864427,32,32,0,-1,4,4,10,1,11,4,36
885,1,617,26,100,74,6,46,26,44,18,1,46,26,56,30,3.4037918240920386e-05,0.012083460975526737,27,75,48,2,6,3,6,2,32,58,5
886,82,184,74,93,19,48,48,68,68,0,48,48,69,69,0,0.012832295176826986,0.01317267435923619,76,76,0,4,3,3,3,8,81,17,49
887,128,334,85,99,14,94,94,75,75,0,94,94,75,75,0,0.018925082541951733,0.021750229755948126,81,83,2,3,2,2,5,9,49,39,72
888,146,352,86,100,14,54,54,56,56,0,54,54,57,57,0,0.0176997174852786,0.01872085503250621,81,82,1,3,3,3,4,16,67,12,49
889,363,569,97,100,3,168,168,96,96,0,168,168,96,96,0,0.036624800027230335,0.03883726471289016,92,93,1,3,2,2,6,30,48,7,90
890,0,206,1,91,90,0,26,1,29,28,0,9,1,34,33,0.0,0.001157289220191293,1,37,36,3,-1,4,11,0,38,93,64
891,0,616,1,99,98,0,126,1,63,62,0,126,1,79,78,0.0,0.020933319718166036,1,83,82,2,-1,3,11,0,19,93,0
892,52,258,53,93,40,80,80,54,54,0,52,64,53,54,1,0.004322815616596889,0.006569318220497634,54,56,2,3,2,2,6,3,40,43,75
893,0,1640,1,100,99,0,150,1,69,68,0,150,1,85,84,0.0,0.0317233398005378,1,92,91,1,-1,2,11,0,38,91,0
894,16,118,39,80,41,42,42,41,41,0,16,20,39,43,4,0.0040845501889104465,0.004663194799006093,51,51,0,4,3,3,6,1,69,90,51
895,152,152,85,85,0,100,100,71,71,0,100,100,72,72,0,0.01664454201981007,0.01664454201981007,77,77,0,-1,2,2,6,13,56,33,81
896,8,624,38,100,62,8,18,33,47,14,8,18,38,50,12,0.000442492937131965,0.009292351679771264,36,70,34,2,4,3,2,2,90,63,48
897,40,40,47,47,0,62,62,38,38,0,40,40,47,47,0,0.002825147213996392,0.002825147213996392,47,47,0,-1,2,2,8,1,27,65,80
898,194,400,89,98,9,120,120,88,88,0,120,120,87,87,0,0.02215868477483917,0.026719765819122502,83,88,5,3,2,2,6,16,71,18,62
899,108,314,79,97,18,76,76,60,60,0,76,76,65,65,0,0.013410939786922631,0.01766567956703768,73,79,6,3,3,3,6,13,69,33,72
900,6,1646,29,100,71,32,144,32,68,36,6,144,29,85,56,0.00013615167296368154,0.032370060247115286,31,90,59,1,4,2,10,1,1,65,11
901,0,206,1,92,91,0,18,1,32,31,0,18,1,44,43,0.0,0.005480104836788182,1,53,52,3,-1,4,5,0,88,96,24
902,0,0,1,1,0,0,0,1,1,0,0,0,1,1,0,0.0,0.0,1,1,0,-1,-1,-1,3,0,82,36,40
903,16,632,34,100,66,122,152,62,69,7,16,152,34,83,49,0.0018040096667687805,0.03475271452397971,41,97,56,2,3,3,12,1,2,53,3
904,76,76,63,63,0,124,124,68,68,0,76,76,63,63,0,0.008066986623098132,0.008066986623098132,66,66,0,-1,3,3,9,6,31,34,84
905,1,207,26,90,64,12,27,26,29,3,1,9,26,32,6,0.00010211375472276115,0.0015317063208414173,27,42,15,3,6,4,12,1,14,78,83
906,112,318,84,99,15,54,54,62,62,0,54,54,68,68,0,0.011096361346540046,0.01245787807617686,73,74,1,3,3,3,4,14,72,14,51
907,0,0,1,1,0,0,0,1,1,0,0,0,1,1,0,0.0,0.0,1,1,0,-1,-1,-1,10,0,0,91,69
908,1,207,25,97,72,2,8,25,34,9,1,8,25,40,15,6.807583648184077e-05,0.0038462847612240037,27,50,23,3,7,4,2,2,97,58,41
909,246,446,95,98,3,144,144,92,92,0,144,144,92,92,0,0.024064808196330712,0.02569862827189489,87,88,1,3,2,2,6,19,48,15,73
910,90,90,69,69,0,54,54,55,55,0,54,54,58,58,0,0.008305252050784574,0.008305252050784574,67,67,0,-1,3,3,4,9,53,31,87
911,64,1704,57,100,43,76,100,54,70,16,64,100,59,71,12,0.008577555396711936,0.03100854351747847,64,94,30,1,3,2,6,4,56,22,31
912,0,102,1,75,74,0,13,1,26,25,0,2,1,26,25,0.0,6.807583648184077e-05,1,25,24,4,-1,5,12,0,14,89,60
913,0,616,1,100,99,0,40,1,34,33,0,16,1,34,33,0.0,0.0030293747234419145,1,49,48,2,-1,3,7,0,24,66,46
914,46,148,53,85,32,146,146,64,64,0,46,48,53,53,0,0.0021784267674189047,0.002314578440382586,45,45,0,4,2,2,12,2,6,61,4
915,22,228,51,96,45,32,32,70,70,0,22,32,51,69,18,0.002552843868069029,0.007794683277170768,46,63,17,3,3,3,2,2,95,63,21
916,290,290,95,95,0,118,118,92,92,0,118,118,92,92,0,0.03461656285101603,0.03461656285101603,91,91,0,-1,2,2,5,27,88,10,84
917,0,206,1,92,91,0,30,1,38,37,0,20,1,44,43,0.0,0.004186663943633207,1,51,50,3,-1,4,5,1,88,45,38
918,128,229,78,90,12,136,136,77,77,0,136,136,83,83,0,0.016474352428605468,0.016474352428605468,78,78,0,5,2,2,7,9,24,39,78
919,102,308,85,100,15,46,46,84,84,0,46,46,84,84,0,0.018312400013615168,0.03427618366860683,83,93,10,3,2,2,2,8,93,8,9
920,152,152,84,84,0,100,100,69,69,0,100,100,71,71,0,0.016508390346846386,0.016508390346846386,78,78,0,-1,2,2,6,13,34,33,76
921,70,70,68,68,0,54,54,59,59,0,54,54,63,63,0,0.006058749446883829,0.006058749446883829,59,59,0,-1,3,3,4,5,77,47,50
922,46,1686,51,100,49,84,118,59,88,29,46,118,51,90,39,0.003369753905851118,0.03318697028489737,50,92,42,1,2,2,5,2,52,61,14
923,119,1764,84,100,16,48,72,60,82,22,48,72,63,82,19,0.017393376221110316,0.052043976990367266,82,97,15,1,3,2,3,18,58,5,22
924,0,616,1,99,98,0,126,1,63,62,0,126,1,79,78,0.0,0.024166921951053473,1,89,88,2,-1,3,11,0,19,36,0
925,24,640,48,100,52,60,60,53,53,0,24,60,48,59,11,0.0033357159876101976,0.01065386840940808,50,67,17,2,3,3,5,6,49,70,8
926,174,374,89,97,8,88,88,77,77,0,88,88,77,77,0,0.02100139555464788,0.023486163586235065,85,85,0,3,2,2,4,16,79,12,35
927,84,700,74,100,26,88,88,80,80,0,88,88,81,81,0,0.008747744987916539,0.014500153170632085,66,77,11,2,2,2,4,6,77,26,72
928,32,238,44,92,48,56,56,41,41,0,32,38,44,47,3,0.0035739814152966403,0.005650294427992784,47,52,5,3,3,3,6,2,71,75,46
929,18,634,41,100,59,46,76,43,51,8,18,76,41,61,20,0.0014295925661186562,0.029306647605432452,42,91,49,2,3,3,6,2,65,61,7
930,120,736,88,100,12,32,32,64,64,0,32,32,64,64,0,0.019912182170938427,0.034140031995643146,84,94,10,2,3,3,2,19,89,15,37
931,138,240,85,95,10,200,200,96,96,0,138,141,85,86,1,0.013819394805813677,0.014261887742945642,76,76,0,4,2,2,8,6,39,77,63
932,178,778,88,100,12,152,152,83,83,0,152,152,86,86,0,0.019129310051397258,0.02491575615235372,82,86,4,2,2,2,8,18,21,5,25
933,307,513,97,100,3,144,144,98,98,0,144,144,98,98,0,0.04098165356206814,0.04251335988290956,96,96,0,3,2,2,6,29,69,0,52
934,18,224,47,97,50,18,18,38,38,0,18,18,47,47,0,0.0032336022328874367,0.022328874366043774,50,85,35,3,4,4,3,6,81,70,11
935,116,217,79,93,14,114,114,67,67,0,114,114,79,79,0,0.00891793457912114,0.008951972497362062,68,68,0,6,3,3,9,13,35,24,58
936,16,1656,33,100,67,25,82,32,55,23,16,82,33,59,26,0.0005786446100956465,0.0313829606181286,34,92,58,1,3,2,6,1,51,60,18
937,0,1640,1,100,99,0,134,1,66,65,0,134,1,83,82,0.0,0.03267640151128357,1,89,88,1,-1,2,10,0,36,87,0
938,0,206,1,87,86,0,66,1,34,33,0,27,1,39,38,0.0,0.0038462847612240037,1,51,50,3,-1,4,15,0,7,82,35
939,70,170,67,91,24,62,62,80,80,0,62,62,80,80,0,0.00789679703189353,0.009973110044589673,61,69,8,4,2,2,3,6,55,26,35
940,2,2,28,28,0,12,12,30,30,0,2,2,28,28,0,0.00013615167296368154,0.00013615167296368154,30,30,0,-1,5,5,6,1,44,65,81
941,73,73,62,62,0,144,144,72,72,0,73,73,62,62,0,0.005684332346233704,0.005684332346233704,57,57,0,-1,2,2,10,4,12,22,97
942,0,616,1,100,99,0,36,1,40,39,0,36,1,50,49,0.0,0.00793083495013445,1,62,61,2,-1,3,5,1,88,45,17
943,0,0,1,1,0,0,0,1,1,0,0,0,1,1,0,0.0,0.0,1,1,0,-1,-1,-1,3,0,87,85,69
944,100,100,70,70,0,100,100,73,73,0,100,100,74,74,0,0.024949794070594642,0.043908914530787296,87,97,10,2,1,1,6,1,71,65,16
945,116,322,78,98,20,44,44,49,49,0,44,44,54,54,0,0.008986010415602982,0.013887470642295518,68,76,8,3,3,3,4,13,53,24,72
946,255,871,96,100,4,88,88,82,82,0,88,88,82,82,0,0.03427618366860683,0.040709350216140784,93,94,1,2,2,2,4,30,78,7,72
947,41,41,56,56,0,34,34,46,46,0,34,34,52,52,0,0.004186663943633207,0.004186663943633207,53,53,0,-1,3,3,4,6,73,35,69
948,0,206,1,92,91,0,32,1,39,38,0,32,1,47,46,0.0,0.00976888253514415,1,69,68,3,-1,4,6,0,69,80,14
949,126,726,82,100,18,88,88,77,77,0,88,88,77,77,0,0.014840532353041287,0.02294155689438034,78,85,7,2,2,2,4,8,79,17,20
950,0,616,1,100,99,0,40,1,42,41,0,40,1,51,50,0.0,0.01681473161101467,1,79,78,2,-1,3,5,0,45,89,15
951,0,1640,1,100,99,0,128,1,66,65,0,128,1,78,77,0.0,0.03209775690118792,1,91,90,1,-1,2,9,0,28,67,10
952,100,100,67,67,0,100,100,66,66,0,100,100,72,72,0,0.06116613907893393,0.06402532421117124,98,98,0,3,1,1,6,29,59,1,73
953,0,0,1,1,0,0,0,1,1,0,0,0,1,1,0,0.0,0.0,1,1,0,-1,-1,-1,2,0,89,93,91
954,100,100,73,73,0,100,100,94,94,0,100,100,94,94,0,0.0475850097008067,0.05619660301575956,98,99,1,2,1,1,4,9,67,27,8
955,0,616,1,100,99,0,34,1,43,42,0,34,1,54,53,0.0,0.01940161339732462,1,82,81,2,-1,3,4,1,72,50,7
956,0,616,1,100,99,0,90,1,40,39,0,90,1,60,59,0.0,0.014398039415909322,1,72,71,2,-1,3,12,0,2,82,12
957,224,324,91,94,3,150,150,86,86,0,150,150,86,86,0,0.021546002246502605,0.021614078082984444,83,83,0,4,2,2,7,16,43,12,4
958,208,824,92,100,8,222,222,92,92,0,208,222,92,94,2,0.02032063718982947,0.026039007454304094,85,87,2,2,2,2,10,12,0,37,24
959,0,206,1,91,90,0,14,1,29,28,0,10,1,34,33,0.0,0.001055175465468532,1,38,37,3,-1,4,5,0,52,97,43
960,136,336,85,96,11,88,88,77,77,0,88,88,77,77,0,0.01504475986248681,0.020082371762143027,79,84,5,3,2,2,4,13,79,33,25
961,136,136,82,82,0,276,276,87,87,0,136,136,82,82,0,0.008543517478471017,0.008543517478471017,63,63,0,-1,2,2,14,7,16,62,79
962,0,616,1,100,99,0,36,1,37,36,0,25,1,50,49,0.0,0.004050512270669526,1,51,50,2,-1,3,5,0,61,92,22
963,0,206,1,90,89,0,14,1,29,28,0,9,1,33,32,0.0,0.0008509479560230097,1,36,35,3,-1,4,5,0,50,40,64
964,78,180,61,88,27,100,100,55,55,0,78,80,61,62,1,0.006637394056979475,0.006977773239388679,62,63,1,4,3,3,9,8,23,57,88
965,0,616,1,100,99,0,22,1,48,47,0,22,1,49,48,0.0,0.00789679703189353,1,66,65,2,-1,3,2,0,93,92,41
966,0,616,1,100,99,0,46,1,40,39,0,46,1,54,53,0.0,0.009360427516253106,1,67,66,2,-1,3,6,0,34,97,19
967,88,190,68,89,21,78,78,73,73,0,88,78,77,73,-4,0.010143299635794275,0.01055175465468532,73,73,0,4,2,2,4,4,79,38,63
968,0,0,1,1,0,0,0,1,1,0,0,0,1,1,0,0.0,0.0,1,1,0,-1,-1,-1,2,0,89,93,50
969,6,212,29,89,60,28,32,33,33,0,6,14,29,34,5,0.00017018959120460194,0.0009190237925048504,31,37,6,3,4,4,8,1,15,4,64
970,58,264,61,92,31,94,94,72,72,0,58,66,61,65,4,0.005514142755029102,0.006705469893461316,59,60,1,3,2,2,5,6,80,70,74
971,70,172,67,85,18,84,84,75,75,0,70,84,71,75,4,0.007998910786616291,0.009394465434494027,65,69,4,4,2,2,5,6,70,28,61
972,0,616,1,100,99,0,60,1,34,33,0,25,1,39,38,0.0,0.0035739814152966403,1,50,49,2,-1,3,15,0,7,87,73
973,0,1640,1,100,99,0,128,1,71,70,0,128,1,81,80,0.0,0.040300895197249734,1,97,96,1,-1,2,9,0,35,40,11
974,24,230,44,91,47,86,86,41,41,0,24,50,44,55,11,0.001497668402600497,0.004833384390210695,41,57,16,3,3,3,11,3,38,43,28
975,166,166,87,87,0,120,120,83,83,0,120,120,85,85,0,0.015589366554341537,0.015589366554341537,79,79,0,-1,2,2,6,14,59,14,84
976,7,7,36,36,0,10,10,32,32,0,7,7,36,36,0,0.00030634126416828345,0.00030634126416828345,35,35,0,-1,4,4,3,2,81,56,82
977,6,212,32,95,63,8,8,32,32,0,6,8,32,37,5,0.00176997174852786,0.006058749446883829,43,57,14,3,4,4,2,1,95,53,34
978,0,206,1,89,88,0,40,1,35,34,0,7,1,35,34,0.0,0.001157289220191293,1,39,38,3,-1,4,8,0,57,91,61
979,138,138,83,83,0,184,184,83,83,0,138,138,83,83,0,0.016440314510364547,0.016440314510364547,80,80,0,-1,2,2,10,9,1,39,82
980,54,155,60,88,28,64,64,68,68,0,54,64,62,69,7,0.008169100377820893,0.008237176214302734,64,65,1,5,3,3,4,4,78,38,60
981,0,206,1,88,87,0,35,1,35,34,0,36,1,49,48,0.0,0.007556417849484326,1,62,61,3,-1,4,8,1,10,50,8
982,120,326,77,93,16,132,132,72,72,0,120,132,78,78,0,0.008271214132543654,0.01157289220191293,63,67,4,3,2,2,8,6,27,13,22
983,124,740,78,100,22,284,284,81,81,0,124,140,78,79,1,0.011879233466081215,0.013717281051090916,66,72,6,2,2,2,16,6,9,77,53
984,100,100,59,59,0,100,100,39,39,0,100,100,59,59,0,0.06079172197828381,0.061472480343102216,100,100,0,2,1,1,14,36,16,2,63
985,100,100,69,69,0,100,100,70,70,0,100,100,72,72,0,0.04697232717247013,0.05207801490860819,97,97,0,2,1,1,6,20,65,23,34
986,16,16,44,44,0,34,34,45,45,0,16,16,44,44,0,0.004152626025392287,0.004152626025392287,52,52,0,-1,3,3,4,1,84,90,67
987,142,142,82,82,0,86,86,56,56,0,86,86,62,62,0,0.013070560604513427,0.013070560604513427,75,75,0,-1,3,3,6,14,51,14,97
988,0,206,1,92,91,0,20,1,34,33,0,20,1,45,44,0.0,0.004765308553728854,1,56,55,3,-1,4,4,0,47,87,48
989,1,1641,26,100,74,8,112,26,72,46,1,112,26,79,53,6.807583648184077e-05,0.04251335988290956,27,95,68,1,6,2,8,2,39,58,2
990,6,6,32,32,0,14,14,32,32,0,6,6,32,32,0,0.0004765308553728854,0.0004765308553728854,34,34,0,-1,4,4,3,1,87,88,40
991,70,686,55,100,45,108,118,63,68,5,54,118,51,77,26,0.005003573981415297,0.013479015623404473,53,71,18,2,3,3,8,6,27,41,24
992,0,616,1,100,99,0,46,1,33,32,0,17,1,40,39,0.0,0.0019061234214915416,1,41,40,2,-1,3,10,0,12,81,61
993,0,206,1,92,91,0,14,1,33,32,0,8,1,36,35,0.0,0.0011232513019503727,1,39,38,3,-1,4,5,0,37,76,61
994,195,795,93,100,7,96,96,93,93,0,96,96,93,93,0,0.02644746247319514,0.033221008203138294,89,91,2,2,2,2,3,16,58,12,24
995,22,22,45,45,0,40,40,44,44,0,22,22,45,45,0,0.0014636304843595766,0.0014636304843595766,44,44,0,-1,3,3,5,2,88,61,96
996,6,212,31,92,61,13,17,31,33,2,6,14,31,37,6,0.0002042275094455223,0.0005105687736138058,33,36,3,3,4,4,5,1,37,55,63
997,0,616,1,100,99,0,94,1,37,36,0,74,1,57,56,0.0,0.009428503352734947,1,67,66,2,-1,3,14,0,17,76,8
998,108,724,75,100,25,134,134,89,89,0,108,134,75,89,14,0.0088498587426393,0.013819394805813677,67,74,7,2,2,2,6,6,41,26,47
999,126,332,79,98,19,238,238,78,78,0,126,132,79,81,2,0.010075223799312433,0.010245413390517035,66,66,0,3,2,2,14,7,8,48,60
