,FreeNet_pre_score,FreeNet_post_score,FreeNet_pre_rank,FreeNet_post_rank,FreeNet_delta_ranks,Reversed_pre_score,Reversed_post_score,Reversed_pre_rank,Reversed_post_rank,Reversed_delta_ranks,Independent_pre_score,Independent_post_score,Independent_pre_rank,Independent_post_rank,Independent_delta_ranks,Random_pre_score,Random_post_score,Random_pre_rank,Random_post_rank,Random_delta_ranks,dist_victim_relayer,dist_victim_vilain_pre,dist_victim_vilain_post,out_deg_victim,in_deg_villain,victim,villain,relayer
0,134,236,83,92,9,118,118,91,91,0,118,118,91,91,0,0.011368664692467409,0.01157289220191293,72,72,0,4,2,2,5,6,80,13,88
1,0,0,1,1,0,0,0,1,1,0,0,0,1,1,0,0.0,0.0,1,1,0,-1,-1,-1,3,0,60,87,66
2,158,158,89,89,0,104,104,86,86,0,104,104,86,86,0,0.022601177711971135,0.022601177711971135,84,84,0,-1,2,2,5,18,45,30,80
3,0,616,1,99,98,0,88,1,40,39,0,48,1,53,52,0.0,0.007726607440688927,1,63,62,2,-1,3,12,0,6,76,34
4,94,710,73,100,27,54,54,55,55,0,54,54,60,60,0,0.01405766023350012,0.0335613873855475,76,93,17,2,3,3,4,9,73,39,9
5,219,219,93,93,0,112,112,96,96,0,112,112,96,96,0,0.02556247659893121,0.02556247659893121,87,87,0,-1,2,2,4,16,77,12,79
6,104,104,79,79,0,78,78,77,77,0,78,78,77,77,0,0.01405766023350012,0.01405766023350012,74,74,0,-1,2,2,4,9,84,31,97
7,0,616,1,100,99,0,74,1,41,40,0,63,1,56,55,0.0,0.01157289220191293,1,75,74,2,-1,3,9,0,28,97,39
8,32,648,47,100,53,80,94,43,50,7,32,68,47,60,13,0.0030974505599237552,0.007590455767725246,48,64,16,2,3,3,9,2,23,75,26
9,0,206,1,91,90,0,16,1,32,31,0,16,1,43,42,0.0,0.005377991082065421,1,56,55,3,-1,4,4,0,84,80,48
10,24,640,50,100,50,22,32,49,68,19,22,32,53,68,15,0.002110350930937064,0.03077027808979203,46,92,46,2,3,3,2,3,90,54,11
11,124,740,80,100,20,112,112,92,92,0,112,112,92,92,0,0.016099935327955343,0.02491575615235372,78,89,11,2,2,2,4,6,53,77,27
12,0,616,1,100,99,0,28,1,42,41,0,28,1,49,48,0.0,0.022839443139657578,1,87,86,2,-1,3,3,1,66,50,10
13,8,214,35,93,58,14,14,34,34,0,8,14,35,39,4,0.0008509479560230097,0.0022465026039007454,38,46,8,3,4,4,3,3,55,51,52
14,0,616,1,100,99,0,28,1,45,44,0,28,1,49,48,0.0,0.01592974573675074,1,80,79,2,-1,3,3,0,85,40,16
15,0,206,1,92,91,0,14,1,33,32,0,14,1,38,37,0.0,0.0030634126416828346,1,51,50,3,-1,4,3,0,64,85,28
16,16,632,38,100,62,64,74,40,40,0,16,61,38,56,18,0.0006126825283365669,0.00789679703189353,35,67,32,2,3,3,9,1,54,49,27
17,127,333,89,100,11,32,32,70,70,0,32,32,70,70,0,0.021137547227611558,0.03866707512168556,85,96,11,3,3,3,2,16,95,18,7
18,12,218,40,93,53,20,20,35,35,0,12,20,40,45,5,0.0009530617107457708,0.0019061234214915416,39,44,5,3,4,4,4,2,47,74,61
19,126,126,81,81,0,120,120,85,85,0,120,120,85,85,0,0.01412573606998196,0.01412573606998196,78,78,0,-1,2,2,6,8,48,20,84
20,47,147,54,85,31,40,40,44,44,0,40,40,53,53,0,0.004799346471969774,0.004833384390210695,52,53,1,6,3,3,5,6,70,35,58
21,16,16,33,33,0,25,25,32,32,0,16,16,33,33,0,0.0005786446100956465,0.0005786446100956465,34,34,0,-1,3,3,6,1,51,60,82
22,0,616,1,100,99,0,24,1,42,41,0,22,1,45,44,0.0,0.004833384390210695,1,54,53,2,-1,3,3,1,58,50,52
23,12,1652,40,100,60,18,62,38,81,43,12,62,40,81,41,0.0015657442390823377,0.0459171517070016,42,96,54,1,4,2,3,2,81,52,39
24,46,662,58,100,42,22,22,48,48,0,22,22,51,51,0,0.009088124170325743,0.031655263964055956,67,94,27,2,3,3,2,5,95,25,1
25,16,1656,33,100,67,66,104,36,56,20,16,56,33,50,17,0.0006126825283365669,0.013649205214609075,36,77,41,1,3,2,10,1,0,49,46
26,0,616,1,99,98,0,72,1,36,35,0,50,1,51,50,0.0,0.007352190340038803,1,57,56,2,-1,3,11,0,5,36,27
27,136,342,80,98,18,246,246,74,74,0,136,142,80,80,0,0.009292351679771264,0.009496579189216788,64,65,1,3,2,2,17,7,20,48,55
28,8,214,37,93,56,18,18,38,38,0,8,18,37,46,9,0.001497668402600497,0.003948398515946765,42,52,10,3,4,4,3,2,85,61,41
29,0,0,1,1,0,0,0,1,1,0,0,0,1,1,0,0.0,0.0,1,1,0,-1,-1,-1,3,0,85,89,66
30,12,212,36,93,57,22,22,34,34,0,12,12,36,36,0,0.0006807583648184077,0.0012253650566731338,36,41,5,3,4,4,5,2,70,63,49
31,30,131,54,88,34,22,22,47,47,0,22,22,52,52,0,0.006297014874570271,0.006433166547533953,62,62,0,5,3,3,2,4,89,38,60
32,84,700,58,100,42,142,156,68,69,1,78,110,57,74,17,0.00439089145307873,0.009632730862180468,54,67,13,2,2,2,12,6,2,41,35
33,372,578,100,100,0,96,96,87,87,0,96,96,87,87,0,0.05262262160046292,0.05691139929881889,97,97,0,3,2,2,3,36,87,2,44
34,0,0,1,1,0,0,0,1,1,0,0,0,1,1,0,0.0,0.0,1,1,0,-1,-1,-1,3,0,87,40,92
35,66,272,59,95,36,104,104,66,66,0,66,104,59,78,19,0.008611593314952858,0.0123557643214541,63,72,9,3,3,3,9,6,26,34,13
36,138,344,86,96,10,64,64,63,63,0,64,64,64,64,0,0.011845195547840293,0.017869907076483203,74,84,10,3,3,3,4,14,79,32,34
37,0,206,1,89,88,0,64,1,34,33,0,48,1,50,49,0.0,0.005173763572619898,1,55,54,3,-1,4,12,0,3,67,24
38,156,362,86,99,13,94,94,70,70,0,94,94,72,72,0,0.014874570271282209,0.01674665577453283,78,79,1,3,2,2,5,14,37,14,94
39,22,222,41,93,52,48,48,36,36,0,22,31,41,46,5,0.0009190237925048504,0.003199564314646516,37,50,13,3,3,3,9,2,35,63,22
40,100,716,66,100,34,130,140,85,87,2,98,140,68,88,20,0.008645631233193778,0.017427414139351238,66,79,13,2,2,2,7,6,62,41,34
41,134,1774,82,100,18,272,296,87,91,4,134,296,82,96,14,0.011640968038394772,0.04510024166921951,71,97,26,1,2,2,14,6,8,77,11
42,423,1039,98,100,2,184,184,96,96,0,184,184,96,96,0,0.03516116954287076,0.036488648354266656,91,91,0,2,2,2,7,29,46,1,61
43,0,1640,1,100,99,0,52,1,39,38,0,47,1,51,50,0.0,0.018380475850097007,1,80,79,1,-1,2,6,0,71,67,43
44,0,0,1,1,0,0,0,1,1,0,0,0,1,1,0,0.0,0.0,1,1,0,-1,-1,-1,2,0,97,96,50
45,0,1640,1,100,99,0,168,1,67,66,0,168,1,86,85,0.0,0.023724429013921508,1,88,87,1,-1,2,14,0,8,80,9
46,94,94,67,67,0,110,110,78,78,0,94,94,72,72,0,0.007250076585316042,0.007250076585316042,58,58,0,-1,2,2,6,5,51,47,67
47,0,616,1,100,99,0,186,1,65,64,0,186,1,88,87,0.0,0.022533101875489295,1,83,82,2,-1,3,16,0,4,80,0
48,0,616,1,100,99,0,32,1,34,33,0,32,1,48,47,0.0,0.004322815616596889,1,50,49,2,-1,3,5,0,50,59,28
49,0,206,1,86,85,0,39,1,29,28,0,15,1,30,29,0.0,0.0028591851322373124,1,49,48,3,-1,4,14,1,25,45,73
50,369,369,99,99,0,96,96,89,89,0,96,96,89,89,0,0.0510909152796215,0.0510909152796215,97,97,0,-1,2,2,3,36,64,2,86
51,96,197,68,92,24,56,56,44,44,0,56,56,58,58,0,0.007624493685966166,0.007658531604207087,63,63,0,5,3,3,6,13,34,24,78
52,0,1640,1,100,99,0,122,1,59,58,0,94,1,61,60,0.0,0.02021852343510671,1,81,80,1,-1,2,12,0,3,66,39
53,46,147,62,88,26,22,22,47,47,0,22,22,52,52,0,0.005071649817897137,0.005241839409101739,58,58,0,5,3,3,2,6,89,26,55
54,0,1640,1,100,99,0,156,1,59,58,0,134,1,84,83,0.0,0.018074134585928724,1,79,78,1,-1,2,16,0,4,98,5
55,126,742,82,100,18,80,80,59,59,0,80,80,63,63,0,0.009632730862180468,0.014261887742945642,69,78,9,2,3,3,5,13,61,24,35
56,84,186,64,90,26,110,110,80,80,0,84,86,63,64,1,0.006875659484665918,0.007794683277170768,63,63,0,4,2,2,6,6,48,28,71
57,0,0,1,1,0,0,0,1,1,0,0,0,1,1,0,0.0,0.0,1,1,0,-1,-1,-1,8,0,15,80,36
58,100,100,62,62,0,100,100,48,48,0,100,100,62,62,0,0.04186663943633207,0.06559106845025359,96,100,4,2,1,1,10,20,11,23,1
59,1,207,24,93,69,3,18,24,39,15,1,18,24,44,20,3.4037918240920386e-05,0.013002484768031588,26,74,48,3,6,4,3,1,92,68,15
60,126,126,80,80,0,110,110,83,83,0,110,110,83,83,0,0.01504475986248681,0.01504475986248681,76,76,0,-1,2,2,6,8,71,17,45
61,64,64,71,71,0,32,32,63,63,0,32,32,65,65,0,0.011743081793117532,0.011743081793117532,74,74,0,-1,3,3,2,8,98,20,45
62,316,418,99,100,1,72,72,83,83,0,72,72,83,83,0,0.04544062085162871,0.04578100003403792,96,96,0,4,2,2,3,40,58,3,88
63,0,616,1,100,99,0,34,1,46,45,0,34,1,54,53,0.0,0.015180911535450491,1,78,77,2,-1,3,4,0,78,81,16
64,0,1640,1,100,99,0,62,1,73,72,0,62,1,74,73,0.0,0.04755097178256578,1,97,96,1,-1,2,3,1,64,45,16
65,166,782,87,100,13,174,184,80,82,2,174,184,90,91,1,0.016338200755641786,0.018482589604819768,79,81,2,2,2,2,10,13,1,33,75
66,6,6,29,29,0,22,22,29,29,0,6,6,29,29,0,0.00010211375472276115,0.00010211375472276115,30,30,0,-1,4,4,11,1,5,55,92
67,100,100,70,70,0,100,100,73,73,0,100,100,74,74,0,0.024371149460498995,0.025188059498281085,86,87,1,4,1,1,6,1,71,60,51
68,90,706,66,100,34,120,120,79,79,0,90,120,66,80,14,0.010994247591817285,0.016202049082678104,72,81,9,2,2,2,6,5,44,25,13
69,22,22,39,39,0,82,82,35,35,0,22,22,39,39,0,0.001055175465468532,0.001055175465468532,38,38,0,-1,3,3,14,3,8,51,69
70,40,656,57,100,43,68,78,76,76,0,40,78,57,78,21,0.004901460226692535,0.012015385139044895,57,74,17,2,2,2,4,2,78,42,31
71,142,1782,85,100,15,80,104,60,80,20,80,104,65,81,16,0.01324075019571803,0.041764525681609314,77,96,19,1,3,2,5,14,50,14,32
72,46,46,53,53,0,146,146,64,64,0,46,46,53,53,0,0.0021784267674189047,0.0021784267674189047,45,45,0,-1,2,2,12,2,6,61,86
73,219,320,98,100,2,32,32,64,64,0,32,32,64,64,0,0.029715102624323496,0.0298852922155281,92,92,0,5,3,3,2,29,89,1,55
74,221,821,93,100,7,72,72,80,80,0,72,72,80,80,0,0.03359542530378842,0.04149222233568195,91,94,3,2,2,2,3,29,76,0,38
75,92,194,69,92,23,80,80,65,65,0,80,80,68,68,0,0.00888389666088022,0.009156200006807584,66,67,1,4,2,2,6,7,69,48,42
76,100,100,64,64,0,100,100,49,49,0,100,100,64,64,0,0.04251335988290956,0.04288777698355969,96,96,0,3,1,1,8,15,42,16,71
77,0,0,1,1,0,0,0,1,1,0,0,0,1,1,0,0.0,0.0,1,1,0,-1,-1,-1,7,0,62,99,67
78,0,616,1,100,99,0,50,1,45,44,0,50,1,52,51,0.0,0.01494264610776405,1,78,77,2,-1,3,5,0,50,98,5
79,54,54,52,52,0,134,134,69,69,0,54,54,52,52,0,0.006909697402906838,0.006909697402906838,59,59,0,-1,3,3,9,4,54,72,69
80,38,139,50,81,31,82,82,48,48,0,38,39,50,50,0,0.0029612988869600733,0.002995336805200994,48,48,0,5,3,3,7,6,24,70,58
81,0,206,1,89,88,0,48,1,34,33,0,22,1,42,41,0.0,0.004629156880765172,1,53,52,3,-1,4,10,1,12,50,26
82,30,236,50,93,43,28,28,40,40,0,28,28,49,49,0,0.00445896728956057,0.007522379931243405,53,64,11,3,3,3,3,6,82,73,41
83,0,206,1,88,87,0,42,1,34,33,0,24,1,44,43,0.0,0.003982436434187685,1,50,49,3,-1,4,9,0,54,67,57
84,0,206,1,88,87,0,36,1,35,34,0,15,1,36,35,0.0,0.002280540522141666,1,46,45,3,-1,4,8,0,10,82,41
85,0,0,1,1,0,0,0,1,1,0,0,0,1,1,0,0.0,0.0,1,1,0,-1,-1,-1,2,0,93,76,92
86,2,208,26,91,65,7,30,28,34,6,2,30,26,47,21,6.807583648184077e-05,0.005956635692161067,28,54,26,3,5,4,5,2,52,58,44
87,16,222,42,92,50,26,30,42,42,0,16,24,42,49,7,0.0004765308553728854,0.0017018959120460194,35,43,8,3,3,3,4,1,79,4,51
88,95,95,77,77,0,32,32,58,58,0,32,32,59,59,0,0.015589366554341537,0.015589366554341537,79,79,0,-1,3,3,2,12,68,37,76
89,0,616,1,100,99,0,88,1,47,46,0,88,1,61,60,0.0,0.02011640968038395,1,83,82,2,-1,3,8,0,15,97,1
90,88,190,71,92,21,72,72,77,77,0,72,72,77,77,0,0.013751318969331836,0.015248987371932332,78,78,0,4,2,2,3,9,82,27,52
91,1,1,26,26,0,8,8,26,26,0,1,1,26,26,0,3.4037918240920386e-05,3.4037918240920386e-05,27,27,0,-1,6,6,8,2,57,58,69
92,70,276,65,94,29,70,70,59,59,0,70,70,67,67,0,0.00622893903808843,0.00707988699411144,56,60,4,3,3,3,5,5,88,47,64
93,0,616,1,100,99,0,42,1,38,37,0,42,1,50,49,0.0,0.010347527145239796,1,70,69,2,-1,3,6,0,59,40,39
94,60,676,58,100,42,112,112,75,75,0,60,77,58,62,4,0.009462541270975866,0.011096361346540046,67,70,3,2,3,3,7,5,43,25,61
95,150,150,82,82,0,136,136,77,77,0,136,136,83,83,0,0.017257224548146634,0.017257224548146634,81,81,0,-1,2,2,7,12,24,37,66
96,0,0,1,1,0,0,0,1,1,0,0,0,1,1,0,0.0,0.0,1,1,0,-1,-1,-1,6,1,69,50,98
97,0,616,1,100,99,0,80,1,40,39,0,64,1,55,54,0.0,0.009054086252084823,1,67,66,2,-1,3,10,0,18,36,27
98,112,728,75,100,25,242,252,80,80,0,112,252,75,91,16,0.00881582082439838,0.024166921951053473,64,87,23,2,2,2,14,4,16,38,23
99,70,670,62,100,38,80,80,66,66,0,70,80,64,67,3,0.005241839409101739,0.01858470335954253,58,82,24,2,3,3,5,6,63,28,5
100,100,100,57,57,0,100,100,38,38,0,100,100,57,57,0,0.059634432758092513,0.06405936212941217,100,100,0,1,1,1,16,36,4,2,56
101,152,768,86,100,14,174,174,95,95,0,152,174,94,95,1,0.012662105585622384,0.023622315259198747,75,88,13,2,2,2,7,6,46,28,12
102,32,648,51,100,49,48,48,59,59,0,32,48,52,62,10,0.004799346471969774,0.02049082678103407,54,87,33,2,3,3,3,3,75,29,16
103,6,212,27,89,62,20,24,28,30,2,6,14,27,32,5,0.00013615167296368154,0.0007147962830593281,29,34,5,3,4,4,6,1,40,65,56
104,0,0,1,1,0,0,0,1,1,0,0,0,1,1,0,0.0,0.0,1,1,0,-1,-1,-1,4,0,83,84,86
105,6,212,27,92,65,16,24,29,35,6,6,24,27,42,15,0.00034037918240920387,0.012117498893767658,29,71,42,3,4,4,4,1,67,4,18
106,220,836,94,100,6,48,48,60,60,0,48,48,63,63,0,0.03094046768099663,0.03716940671908506,91,93,2,2,3,3,3,30,58,7,57
107,144,350,81,96,15,208,208,85,85,0,144,152,81,83,2,0.011130399264780965,0.012764219340345145,69,72,3,3,2,2,10,7,18,21,83
108,14,115,41,84,43,18,18,36,36,0,14,18,41,44,3,0.0010211375472276116,0.0011232513019503727,40,40,0,5,4,4,3,4,75,64,55
109,92,92,79,79,0,46,46,83,83,0,46,46,83,83,0,0.015317063208414174,0.015317063208414174,77,77,0,-1,2,2,2,8,99,17,93
110,18,18,48,48,0,22,22,55,55,0,18,18,54,54,0,0.002552843868069029,0.002552843868069029,49,49,0,-1,3,3,2,2,97,52,40
111,1,207,26,92,66,3,10,26,31,5,1,10,26,37,11,0.0,0.0024507301133462676,1,49,48,3,6,4,3,2,64,58,41
112,2,618,26,100,74,17,122,27,58,31,2,86,26,56,30,0.00010211375472276115,0.012083460975526737,28,69,41,2,5,3,15,1,7,68,39
113,0,102,1,73,72,0,8,1,28,27,0,2,1,25,24,0.0,0.0002042275094455223,1,32,31,4,-1,5,5,0,61,87,88
114,228,228,92,92,0,104,104,82,82,0,104,104,82,82,0,0.023384049831512304,0.023384049831512304,86,86,0,-1,2,2,5,19,80,15,76
115,0,206,1,86,85,0,36,1,33,32,0,21,1,41,40,0.0,0.002995336805200994,1,47,46,3,-1,4,8,1,27,69,28
116,220,836,91,100,9,192,192,94,94,0,192,192,94,94,0,0.019844106334456584,0.025324211171244768,83,88,5,2,2,2,9,18,29,5,72
117,6,107,31,77,46,17,17,31,31,0,6,6,31,31,0,6.807583648184077e-05,6.807583648184077e-05,30,30,0,5,4,4,7,1,62,65,68
118,0,1640,1,100,99,0,90,1,64,63,0,90,1,68,67,0.0,0.04666598590830185,1,97,96,1,-1,2,6,0,34,59,2
119,236,236,94,94,0,120,120,86,86,0,120,120,86,86,0,0.027536675856904592,0.027536675856904592,89,89,0,-1,2,2,6,22,65,9,84
120,176,176,85,85,0,110,110,72,72,0,110,110,76,76,0,0.014534191088873005,0.014534191088873005,77,77,0,-1,2,2,6,14,40,14,69
121,0,616,1,100,99,0,40,1,38,37,0,40,1,52,51,0.0,0.02127369890057524,1,85,84,2,-1,3,5,0,63,97,11
122,0,0,1,1,0,0,0,1,1,0,0,0,1,1,0,0.0,0.0,1,1,0,-1,-1,-1,8,0,27,92,99
123,56,1696,50,100,50,204,238,73,80,7,56,238,50,93,43,0.005071649817897137,0.025324211171244768,53,87,34,1,2,2,15,3,7,29,12
124,112,112,75,75,0,190,190,78,78,0,112,112,75,75,0,0.009258313761530345,0.009258313761530345,65,65,0,-1,2,2,12,4,2,38,66
125,16,632,32,100,68,88,114,37,55,18,16,100,32,60,28,0.0008509479560230097,0.012389802239695021,37,72,35,2,3,3,14,2,8,42,30
126,6,622,29,100,71,22,50,35,48,13,6,50,29,54,25,0.00034037918240920387,0.01579359406378706,34,82,48,2,4,3,5,1,61,88,15
127,121,737,79,100,21,180,180,76,76,0,121,180,79,87,8,0.007182000748834201,0.013683243132849994,59,73,14,2,2,2,11,8,33,57,48
128,217,1857,92,100,8,196,230,94,96,2,196,230,94,96,2,0.02556247659893121,0.06586337179618094,89,100,11,1,2,2,9,16,26,18,3
129,16,222,41,93,52,36,40,42,43,1,16,40,41,52,11,0.0009190237925048504,0.018108172504169646,37,80,43,3,3,3,5,1,70,49,9
130,16,632,36,100,64,46,66,39,49,10,16,66,36,60,24,0.002723033459273631,0.011266550937744648,45,71,26,2,3,3,6,3,56,46,77
131,0,616,1,100,99,0,56,1,40,39,0,44,1,51,50,0.0,0.006705469893461316,1,58,57,2,-1,3,6,0,40,79,72
132,10,216,39,94,55,18,18,36,36,0,10,18,39,44,5,0.0014636304843595766,0.012798257258586064,42,77,35,3,4,4,3,3,66,43,6
133,1,1641,26,100,74,9,100,26,54,28,1,100,26,66,40,3.4037918240920386e-05,0.02386058068688519,27,86,59,1,6,2,9,2,23,58,12
134,0,1640,1,100,99,0,134,1,66,65,0,134,1,83,82,0.0,0.03151911229109228,1,90,89,1,-1,2,10,0,36,91,11
135,0,0,1,1,0,0,0,1,1,0,0,0,1,1,0,0.0,0.0,1,1,0,-1,-1,-1,14,0,25,87,97
136,0,206,1,92,91,0,21,1,30,29,0,10,1,35,34,0.0,0.0012934408931549745,1,39,38,3,-1,4,9,1,35,69,54
137,0,616,1,100,99,0,52,1,39,38,0,52,1,51,50,0.0,0.019912182170938427,1,81,80,2,-1,3,6,0,71,59,10
138,22,228,40,91,51,88,88,42,42,0,22,30,40,46,6,0.0026549576227917903,0.0036760951700194017,47,50,3,3,3,3,11,2,38,83,52
139,150,766,80,100,20,166,166,84,84,0,150,166,84,84,0,0.01412573606998196,0.01783586915824228,73,77,4,2,2,2,8,8,27,17,35
140,0,0,1,1,0,0,0,1,1,0,0,0,1,1,0,0.0,0.0,1,1,0,-1,-1,-1,12,0,6,80,67
141,0,206,1,90,89,0,22,1,32,31,0,8,1,35,34,0.0,0.0012934408931549745,1,39,38,3,-1,4,7,1,43,45,52
142,329,945,99,100,1,56,56,76,76,0,56,56,77,77,0,0.04765308553728854,0.05987269818577896,97,98,1,2,2,2,2,36,68,2,12
143,0,1640,1,100,99,0,68,1,76,75,0,68,1,78,77,0.0,0.043160080329487045,1,95,94,1,-1,2,4,0,72,80,23
144,16,632,40,100,60,38,48,51,69,18,16,48,40,71,31,0.002280540522141666,0.010721944245889922,45,69,24,2,3,3,3,1,94,71,26
145,56,262,56,95,39,108,108,71,71,0,56,68,56,59,3,0.003914360597705844,0.00707988699411144,50,59,9,3,2,2,9,2,26,61,29
146,0,616,1,100,99,0,140,1,62,61,0,140,1,82,81,0.0,0.015317063208414174,1,73,72,2,-1,3,14,1,25,69,15
147,0,206,1,94,93,0,14,1,32,31,0,14,1,40,39,0.0,0.005922597773920147,1,60,59,3,-1,4,3,0,66,86,24
148,135,751,84,100,16,200,200,74,74,0,135,179,84,88,4,0.008747744987916539,0.014500153170632085,67,75,8,2,2,2,12,8,6,57,72
149,0,206,1,92,91,0,12,1,32,31,0,12,1,39,38,0.0,0.002995336805200994,1,49,48,3,-1,4,4,0,47,89,35
150,100,100,63,63,0,100,100,39,39,0,100,100,63,63,0,0.02723033459273631,0.03550154872527996,89,94,5,2,1,1,14,15,17,19,20
151,74,274,64,95,31,64,64,68,68,0,64,64,69,69,0,0.010143299635794275,0.019639878825011062,72,83,11,3,3,3,4,9,73,27,12
152,0,616,1,100,99,0,44,1,48,47,0,44,1,53,52,0.0,0.010109261717553355,1,70,69,2,-1,3,4,0,53,40,77
153,0,0,1,1,0,0,0,1,1,0,0,0,1,1,0,0.0,0.0,1,1,0,-1,-1,-1,5,1,50,45,99
154,1,617,26,100,74,6,52,26,46,20,1,42,26,56,30,0.00010211375472276115,0.007794683277170768,30,64,34,2,6,3,6,1,32,78,25
155,112,728,76,100,24,210,210,83,83,0,112,164,76,87,11,0.007998910786616291,0.012491915994417782,63,73,10,2,2,2,12,4,3,72,13
156,28,234,47,94,47,40,40,40,40,0,28,34,47,47,0,0.001497668402600497,0.0020422750944552232,42,44,2,3,3,3,5,3,52,43,42
157,6,212,32,92,60,14,18,35,37,2,6,18,32,46,14,0.0013274788113958951,0.004765308553728854,40,57,17,3,4,4,3,1,76,71,28
158,62,678,53,100,47,122,132,66,69,3,62,132,53,78,25,0.0038462847612240037,0.026958031246808945,53,87,34,2,2,2,8,6,42,70,7
159,60,1700,54,100,46,110,164,62,73,11,60,164,54,85,31,0.005412029000306341,0.03655672419074849,57,96,39,1,3,2,10,6,22,28,0
160,80,286,78,100,22,32,32,67,67,0,32,32,68,68,0,0.012662105585622384,0.0315531502093332,75,94,19,3,3,3,2,14,97,14,11
161,174,274,89,94,5,120,120,90,90,0,120,120,90,90,0,0.02382654276864427,0.02379250485040335,83,83,0,5,2,2,6,20,69,23,65
162,151,767,91,100,9,56,56,80,80,0,56,56,81,81,0,0.027638789611627353,0.03465060076925695,90,93,3,2,2,2,2,15,91,16,21
163,110,212,77,94,17,76,76,51,51,0,76,76,63,63,0,0.007488342013002485,0.008441403723748256,64,65,1,4,3,3,6,13,59,24,43
164,16,16,34,34,0,90,90,46,46,0,16,16,34,34,0,0.003369753905851118,0.003369753905851118,52,52,0,-1,3,3,10,1,11,90,36
165,0,616,1,100,99,0,38,1,34,33,0,46,1,52,51,0.0,0.008577555396711936,1,65,64,2,-1,3,6,0,51,86,77
166,2,2,26,26,0,10,10,27,27,0,2,2,26,26,0,0.0,0.0,1,1,0,-1,5,5,8,1,10,68,96
167,1,1,25,25,0,2,2,25,25,0,1,1,25,25,0,0.0,0.0,1,1,0,-1,6,6,2,1,89,68,96
168,100,100,73,73,0,100,100,94,94,0,100,100,94,94,0,0.0851628714387828,0.0851628714387828,100,100,0,-1,1,1,4,40,67,3,45
169,76,692,70,100,30,48,48,66,66,0,48,48,67,67,0,0.008271214132543654,0.02913645801422785,66,88,22,2,3,3,3,7,76,21,10
170,100,100,59,59,0,100,100,39,39,0,100,100,59,59,0,0.02644746247319514,0.027774941284591036,88,89,1,3,1,1,14,9,16,39,53
171,6,212,31,93,62,10,14,31,34,3,6,14,31,42,11,0.00034037918240920387,0.0032336022328874367,33,48,15,3,4,4,3,1,92,49,29
172,12,218,37,92,55,22,26,34,34,0,12,18,37,44,7,0.0006807583648184077,0.0013955546478777359,36,42,6,3,4,4,5,2,88,56,49
173,144,144,82,82,0,112,112,92,92,0,112,112,92,92,0,0.012049423057285817,0.012049423057285817,72,72,0,-1,2,2,4,6,83,13,45
174,1,617,26,100,74,5,60,26,48,22,1,60,26,58,32,3.4037918240920386e-05,0.019367575479083698,26,83,57,2,6,3,5,1,88,78,15
175,6,212,29,90,61,32,32,34,34,0,6,15,29,36,7,0.0007488342013002485,0.0020422750944552232,38,44,6,3,4,4,8,2,10,42,64
176,0,206,1,93,92,0,8,1,31,30,0,8,1,35,34,0.0,0.0027911092957554717,1,50,49,3,-1,4,2,0,68,79,35
177,420,420,100,100,0,280,280,100,100,0,280,280,100,100,0,0.036624800027230335,0.036624800027230335,93,93,0,-1,2,2,10,27,36,10,86
178,0,0,1,1,0,0,0,1,1,0,0,0,1,1,0,0.0,0.0,1,1,0,-1,-1,-1,9,0,28,76,69
179,86,702,66,100,34,122,132,76,78,2,86,132,66,83,17,0.00881582082439838,0.016099935327955343,68,79,11,2,2,2,8,6,39,34,25
180,206,1846,91,100,9,256,280,90,92,2,256,280,94,94,0,0.01865277919602437,0.034820790360461554,79,93,14,1,2,2,13,18,13,5,8
181,0,206,1,94,93,0,18,1,35,34,0,18,1,44,43,0.0,0.007352190340038803,1,64,63,3,-1,4,3,0,66,81,77
182,2,618,26,100,74,13,74,26,37,11,2,50,26,52,26,3.4037918240920386e-05,0.00793083495013445,27,60,33,2,5,3,12,2,2,58,17
183,46,252,52,93,41,80,80,45,45,0,46,52,53,55,2,0.00353994349705572,0.004016474352428605,49,51,2,3,2,2,9,2,31,83,49
184,0,206,1,93,92,0,14,1,33,32,0,14,1,40,39,0.0,0.004765308553728854,1,52,51,3,-1,4,3,0,60,97,21
185,40,656,45,99,54,172,172,66,66,0,40,100,45,58,13,0.003165526396405596,0.00891793457912114,51,62,11,2,2,2,17,3,20,46,31
186,46,147,60,89,29,38,38,59,59,0,38,38,62,62,0,0.010041185881071514,0.010143299635794275,70,70,0,5,3,3,3,5,92,25,60
187,348,964,99,100,1,152,152,99,99,0,152,152,99,99,0,0.04132203274447735,0.04731270635487934,95,96,1,2,2,2,5,29,37,0,83
188,88,88,74,74,0,48,48,72,72,0,48,48,74,74,0,0.015214949453691413,0.015214949453691413,79,79,0,-1,3,3,3,13,60,33,36
189,1,1,26,26,0,9,9,26,26,0,1,1,26,26,0,0.0,0.0,1,1,0,-1,6,6,9,1,26,78,93
190,16,222,40,97,57,20,28,44,44,0,16,28,40,51,11,0.0009530617107457708,0.005241839409101739,35,53,18,3,3,3,3,1,94,4,47
191,0,0,1,1,0,0,0,1,1,0,0,0,1,1,0,0.0,0.0,1,1,0,-1,-1,-1,2,0,86,87,96
192,0,206,1,96,95,0,8,1,31,30,0,8,1,37,36,0.0,0.0020422750944552232,1,45,44,3,-1,4,2,0,98,91,51
193,184,286,87,94,7,248,248,90,90,0,184,188,88,88,0,0.01330882603219987,0.013955546478777357,72,73,1,4,2,2,11,8,33,17,51
194,54,155,56,85,29,60,60,55,55,0,54,55,55,57,2,0.00704584907587052,0.007113924912352361,60,60,0,5,3,3,5,4,70,72,55
195,1,617,26,99,73,11,106,26,57,31,1,106,26,75,49,6.807583648184077e-05,0.013819394805813677,27,77,50,2,6,3,11,1,19,68,5
196,0,0,1,1,0,0,0,1,1,0,0,0,1,1,0,0.0,0.0,1,1,0,-1,-1,-1,12,0,3,92,84
197,0,206,1,87,86,0,49,1,32,31,0,14,1,32,31,0.0,0.0007488342013002485,1,35,34,3,-1,4,15,0,7,89,64
198,0,616,1,100,99,0,44,1,33,32,0,50,1,51,50,0.0,0.007862759113652609,1,61,60,2,-1,3,9,0,29,67,8
199,142,758,85,100,15,112,112,93,93,0,112,112,93,93,0,0.019129310051397258,0.025119983661799246,83,88,5,2,2,2,4,13,47,33,72
200,443,1059,100,100,0,200,200,100,100,0,200,200,100,100,0,0.045304469178665034,0.05194186323564451,96,99,3,2,2,2,5,29,61,1,27
201,114,215,78,94,16,134,134,88,88,0,114,134,84,88,4,0.013683243132849994,0.013751318969331836,75,75,0,5,2,2,6,6,59,77,78
202,6,6,30,30,0,12,12,30,30,0,6,6,30,30,0,0.00017018959120460194,0.00017018959120460194,30,30,0,-1,4,4,4,1,83,60,40
203,53,155,62,90,28,32,32,70,70,0,32,32,70,70,0,0.008203138296061813,0.008475441641989176,64,65,1,4,3,3,2,8,95,57,88
204,39,1679,50,100,50,94,128,52,71,19,39,128,50,82,32,0.004220701861874128,0.026923993328568024,52,88,36,1,3,2,9,4,35,22,12
205,0,206,1,89,88,0,36,1,35,34,0,15,1,38,37,0.0,0.002280540522141666,1,46,45,3,-1,4,8,0,57,79,41
206,16,632,34,100,66,90,112,42,58,16,16,72,34,56,22,0.0009870996289866913,0.0088498587426393,38,67,29,2,3,3,12,2,3,42,27
207,0,206,1,95,94,0,14,1,31,30,0,14,1,38,37,0.0,0.003812246842983083,1,51,50,3,-1,4,3,1,94,50,13
208,270,870,98,100,2,96,96,94,94,0,96,96,94,94,0,0.041185881071513664,0.04646175839885633,95,96,1,2,2,2,3,27,85,10,35
209,54,54,59,59,0,60,60,52,52,0,54,54,60,60,0,0.006909697402906838,0.006909697402906838,60,60,0,-1,3,3,5,7,45,62,59
210,0,206,1,94,93,0,24,1,35,34,0,20,1,41,40,0.0,0.004356853534837809,1,52,51,3,-1,4,4,0,53,67,38
211,0,101,1,81,80,0,3,1,22,21,0,1,1,22,21,0.0,3.4037918240920386e-05,1,26,25,6,-1,7,3,0,81,67,58
212,199,199,91,91,0,136,136,86,86,0,136,136,87,87,0,0.024507301133462677,0.024507301133462677,87,87,0,-1,2,2,7,15,62,16,82
213,100,100,60,60,0,100,100,40,40,0,100,100,60,60,0,0.021682153919466287,0.03621634500833929,84,93,9,2,1,1,14,13,25,24,23
214,22,124,41,78,37,110,110,59,59,0,22,24,41,45,4,0.0018040096667687805,0.0020082371762143027,43,43,0,4,3,3,10,2,18,61,88
215,362,962,98,100,2,158,158,97,97,0,158,158,97,97,0,0.03897341638585384,0.05480104836788182,96,99,3,2,2,2,6,29,71,0,16
216,241,241,95,95,0,56,56,76,76,0,56,56,77,77,0,0.03526328329759352,0.03526328329759352,94,94,0,-1,2,2,2,29,68,11,93
217,32,32,40,40,0,100,100,40,40,0,32,32,40,40,0,0.00088498587426393,0.00088498587426393,36,36,0,-1,3,3,15,2,7,63,76
218,56,262,55,94,39,154,154,72,72,0,56,62,55,55,0,0.00622893903808843,0.00793083495013445,58,63,5,3,2,2,10,3,36,29,71
219,0,102,1,78,77,0,8,1,28,27,0,4,1,32,31,0.0,0.0005446066918547262,1,33,32,4,-1,5,5,0,88,97,56
220,0,616,1,100,99,0,80,1,39,38,0,80,1,62,61,0.0,0.015419176963136935,1,76,75,2,-1,3,10,1,12,69,23
221,0,206,1,88,87,0,36,1,35,34,0,12,1,35,34,0.0,0.0013274788113958951,1,40,39,3,-1,4,8,0,10,82,52
222,54,54,64,64,0,22,22,52,52,0,22,22,54,54,0,0.011300588855985567,0.011300588855985567,70,70,0,-1,3,3,2,8,86,20,45
223,174,374,87,98,11,110,110,78,78,0,110,110,82,82,0,0.018040096667687803,0.02226079852956193,79,84,5,3,2,2,6,16,51,12,57
224,0,101,1,78,77,0,4,1,25,24,0,1,1,25,24,0.0,0.0,1,1,0,6,-1,7,4,0,47,85,78
225,96,712,63,100,37,146,146,68,68,0,96,146,63,85,22,0.005684332346233704,0.013751318969331836,61,74,13,2,3,3,11,6,38,13,20
226,0,616,1,99,98,0,69,1,35,34,0,18,1,39,38,0.0,0.001497668402600497,1,41,40,2,-1,3,12,0,14,40,61
227,0,0,1,1,0,0,0,1,1,0,0,0,1,1,0,0.0,0.0,1,1,0,-1,-1,-1,15,0,7,59,89
228,0,101,1,82,81,0,3,1,25,24,0,1,1,25,24,0.0,0.0,1,1,0,6,-1,7,3,0,60,89,58
229,100,100,69,69,0,100,100,66,66,0,100,100,75,75,0,0.04693828925422921,0.04693828925422921,98,98,0,-1,1,1,6,16,51,18,98
230,126,332,77,94,17,136,136,77,77,0,126,136,78,82,4,0.011334626774226489,0.01153885428367201,72,72,0,3,2,2,7,8,24,17,56
231,32,32,47,47,0,110,110,59,59,0,32,32,47,47,0,0.0026209197045508697,0.0026209197045508697,48,48,0,-1,3,3,10,2,36,52,84
232,22,124,41,80,39,34,34,37,37,0,22,24,41,45,4,0.0008169100377820892,0.0009530617107457708,36,37,1,4,3,3,6,2,34,63,4
233,0,206,1,94,93,0,18,1,37,36,0,18,1,46,45,0.0,0.008543517478471017,1,68,67,3,-1,4,3,0,81,80,17
234,100,100,63,63,0,100,100,39,39,0,100,100,63,63,0,0.03298274277545185,0.06273188331801627,92,100,8,1,1,1,14,17,17,6,3
235,38,654,47,100,53,78,118,45,62,17,38,118,47,77,30,0.0016678579938050988,0.024881718234112803,42,87,45,2,3,3,8,4,42,64,7
236,22,228,47,93,46,28,28,40,40,0,22,28,47,48,1,0.0020763130126961434,0.017291262466387555,45,81,36,3,3,3,3,2,82,83,15
237,6,622,30,100,70,12,34,30,38,8,6,34,30,50,20,0.00013615167296368154,0.013138636440995268,30,76,46,2,4,3,4,1,53,65,30
238,32,238,44,92,48,56,56,41,41,0,32,47,44,51,7,0.0035739814152966403,0.006092787365124749,47,53,6,3,3,3,6,2,71,75,22
239,100,100,66,66,0,100,100,66,66,0,100,100,69,69,0,0.027060145001531706,0.027060145001531706,88,88,0,-1,1,1,7,4,62,72,87
240,126,332,84,99,15,118,118,93,93,0,118,118,93,93,0,0.015555328636100617,0.02382654276864427,79,86,7,3,2,2,5,7,49,48,19
241,0,206,1,91,90,0,20,1,33,32,0,20,1,47,46,0.0,0.008169100377820893,1,65,64,3,-1,4,4,0,84,80,32
242,66,272,61,95,34,86,86,63,63,0,66,86,62,67,5,0.008611593314952858,0.010755982164130842,67,71,4,3,3,3,6,7,34,21,94
243,206,822,93,100,7,120,120,90,90,0,120,120,90,90,0,0.028217434221723,0.03682902753667586,88,94,6,2,2,2,6,22,69,9,17
244,7,109,36,81,45,10,10,32,32,0,7,9,36,37,1,0.00030634126416828345,0.000442492937131965,35,36,1,4,4,4,3,2,81,56,88
245,42,658,53,100,47,90,90,58,58,0,42,61,53,59,6,0.002995336805200994,0.006467204465774873,46,61,15,2,2,2,6,2,48,61,70
246,0,616,1,100,99,0,40,1,38,37,0,32,1,50,49,0.0,0.006603356138738555,1,59,58,2,-1,3,5,0,63,40,26
247,40,656,50,100,50,102,122,66,75,9,40,122,50,82,32,0.004016474352428605,0.017972020831205963,52,82,30,2,2,2,8,2,39,94,30
248,2,618,26,100,74,9,78,26,43,17,2,78,26,57,31,3.4037918240920386e-05,0.015385139044896015,26,75,49,2,5,3,8,2,27,58,18
249,32,133,46,81,35,152,152,70,70,0,32,33,46,47,1,0.004493005207801491,0.004595118962524252,54,55,1,5,3,3,12,3,3,29,78
250,58,674,55,100,45,66,76,44,54,10,58,76,55,59,4,0.009020048333843901,0.01405766023350012,67,75,8,2,3,3,6,6,51,34,13
251,158,158,84,84,0,142,142,72,72,0,142,142,83,83,0,0.00980292045338507,0.00980292045338507,69,69,0,-1,2,2,8,9,42,31,80
252,164,164,88,88,0,206,206,92,92,0,164,164,90,90,0,0.016916845365737433,0.016916845365737433,78,78,0,-1,2,2,9,8,31,20,81
253,101,101,76,76,0,100,100,71,71,0,100,100,72,72,0,0.009462541270975866,0.009462541270975866,67,67,0,-1,2,2,6,8,56,44,36
254,2,208,28,96,68,3,8,28,33,5,2,8,28,39,11,0.00010211375472276115,0.002212464685659825,30,44,14,3,5,4,2,1,93,95,52
255,60,260,58,94,36,112,112,75,75,0,60,62,58,58,0,0.009462541270975866,0.01058579257292624,67,69,2,3,3,3,7,5,43,25,83
256,42,42,58,58,0,52,52,78,78,0,42,42,65,65,0,0.00803294870485721,0.00803294870485721,63,63,0,-1,2,2,3,2,85,74,87
257,242,448,94,99,5,184,184,94,94,0,184,184,95,95,0,0.025119983661799246,0.030395860989141904,86,90,4,3,2,2,7,16,24,18,44
258,12,218,39,93,54,20,24,35,37,2,12,24,39,49,10,0.0012253650566731338,0.008747744987916539,41,66,25,3,4,4,4,3,73,51,32
259,132,132,91,91,0,32,32,71,71,0,32,32,71,71,0,0.01844855168657885,0.01844855168657885,81,81,0,-1,3,3,2,16,99,12,97
260,161,777,92,100,8,72,72,79,79,0,72,72,80,80,0,0.025936893699581333,0.03955206099594949,91,95,4,2,2,2,3,15,75,16,39
261,22,638,40,100,60,122,176,55,62,7,22,176,40,87,47,0.002212464685659825,0.02481364239763096,42,86,44,2,3,3,16,2,4,83,10
262,68,274,56,90,34,158,158,68,68,0,68,74,56,57,1,0.006024711528642908,0.008679669151434699,56,63,7,3,2,2,14,6,17,73,90
263,104,720,80,100,20,50,60,45,51,6,50,60,56,61,5,0.010960209673576363,0.02215868477483917,74,84,10,2,3,3,5,14,45,32,20
264,0,616,1,100,99,0,74,1,35,34,0,74,1,56,55,0.0,0.00789679703189353,1,64,63,2,-1,3,12,0,3,86,32
265,8,110,36,85,49,14,14,35,35,0,8,14,36,42,6,0.0008509479560230097,0.0018720855032506212,36,43,7,4,4,4,3,2,92,74,52
266,26,26,48,48,0,56,56,46,46,0,26,26,48,48,0,0.004765308553728854,0.004765308553728854,55,55,0,-1,3,3,6,6,74,73,87
267,85,1725,57,100,43,166,210,67,77,10,85,210,57,91,34,0.005820484019197386,0.03710133088260322,56,93,37,1,2,2,12,6,6,35,10
268,252,1892,98,100,2,56,80,85,96,11,56,80,85,96,11,0.03921168181354028,0.08907723203648865,94,99,5,1,2,2,2,30,90,7,32
269,100,100,77,77,0,100,100,97,97,0,100,100,97,97,0,0.06759930562646789,0.06759930562646789,99,99,0,-1,1,1,3,12,55,37,87
270,0,616,1,100,99,0,40,1,42,41,0,40,1,52,51,0.0,0.015623404472582456,1,79,78,2,-1,3,5,0,49,86,6
271,0,206,1,96,95,0,14,1,32,31,0,9,1,36,35,0.0,0.0019741992579733825,1,44,43,3,-1,4,3,0,75,97,70
272,146,762,85,100,15,128,128,93,93,0,128,128,93,93,0,0.01664454201981007,0.04237720820994588,77,97,20,2,2,2,5,8,70,17,1
273,64,64,61,61,0,54,54,53,53,0,64,64,64,64,0,0.00707988699411144,0.00707988699411144,62,62,0,-1,3,3,4,4,79,72,98
274,116,732,76,100,24,228,228,75,75,0,116,149,76,82,6,0.00881582082439838,0.012491915994417782,64,72,8,2,2,2,14,7,16,48,35
275,280,880,94,100,6,144,144,89,89,0,144,144,90,90,0,0.024371149460498995,0.0390755301405766,86,95,9,2,2,2,6,19,40,15,1
276,100,100,66,66,0,100,100,66,66,0,100,100,69,69,0,0.05742196807243269,0.05830695394669662,99,99,0,3,1,1,7,27,62,10,71
277,539,1155,99,100,1,350,360,98,98,0,350,360,98,98,0,0.03693114129139862,0.05122706695258518,93,100,7,2,2,2,12,29,3,1,6
278,154,255,88,95,7,88,88,82,82,0,88,88,82,82,0,0.024166921951053473,0.024166921951053473,86,86,0,5,2,2,4,20,78,23,95
279,0,616,1,100,99,0,46,1,36,35,0,38,1,50,49,0.0,0.0046972327172470135,1,54,53,2,-1,3,8,0,10,98,13
280,162,162,84,84,0,240,240,88,88,0,162,162,84,84,0,0.017393376221110316,0.017393376221110316,76,76,0,-1,2,2,12,9,2,39,45
281,22,22,45,45,0,52,52,42,42,0,22,22,45,45,0,0.0017359338302869397,0.0017359338302869397,44,44,0,-1,3,3,7,2,62,52,86
282,0,616,1,100,99,0,44,1,48,47,0,44,1,54,53,0.0,0.012117498893767658,1,73,72,2,-1,3,4,0,79,97,14
283,0,0,1,1,0,0,0,1,1,0,0,0,1,1,0,0.0,0.0,1,1,0,-1,-1,-1,3,1,76,69,79
284,0,206,1,90,89,0,21,1,29,28,0,6,1,28,27,0.0,0.0004084550188910446,1,34,33,3,-1,4,8,0,30,85,42
285,61,677,66,100,34,52,62,78,81,3,52,62,80,81,1,0.010347527145239796,0.024200959869294394,67,88,21,2,2,2,3,6,85,35,32
286,0,616,1,100,99,0,25,1,29,28,0,16,1,34,33,0.0,0.00176997174852786,1,39,38,2,-1,3,8,0,27,40,65
287,2,2,27,27,0,15,15,29,29,0,2,2,27,27,0,3.4037918240920386e-05,3.4037918240920386e-05,26,26,0,-1,5,5,8,1,21,95,89
288,6,212,29,93,64,14,18,32,35,3,6,12,29,34,5,0.000442492937131965,0.002825147213996392,34,49,15,3,4,4,3,1,82,49,90
289,0,616,1,100,99,0,126,1,58,57,0,99,1,57,56,0.0,0.012219612648490419,1,70,69,2,-1,3,16,0,9,86,5
290,182,798,85,100,15,248,248,81,81,0,182,216,85,90,5,0.010994247591817285,0.016304162837400864,66,76,10,2,2,2,15,9,7,31,62
291,218,218,95,95,0,56,56,80,80,0,56,56,81,81,0,0.03757786173797611,0.03757786173797611,95,95,0,-1,2,2,2,29,91,11,89
292,81,287,76,100,24,56,56,82,82,0,56,56,82,82,0,0.013002484768031588,0.02028659927158855,75,84,9,3,2,2,2,8,89,44,27
293,100,100,57,57,0,100,100,38,38,0,100,100,57,57,0,0.045338507096905956,0.05180571156268083,97,98,1,2,1,1,16,30,4,7,25
294,18,119,39,81,42,56,56,38,38,0,18,19,39,39,0,0.0005105687736138058,0.0005446066918547262,33,33,0,5,3,3,9,2,31,56,78
295,16,222,44,98,54,22,22,47,47,0,16,22,47,51,4,0.0030974505599237552,0.016406276592123625,50,79,29,3,3,3,2,2,89,94,15
296,0,616,1,100,99,0,54,1,37,36,0,29,1,42,41,0.0,0.0035739814152966403,1,48,47,2,-1,3,10,0,12,93,22
297,156,772,85,100,15,162,172,80,80,0,156,172,86,87,1,0.013751318969331836,0.021511964328261683,77,84,7,2,2,2,9,8,28,8,25
298,80,182,71,93,22,32,32,58,58,0,32,32,59,59,0,0.009190237925048503,0.010177337554035196,65,68,3,4,3,3,2,9,68,31,83
299,110,316,75,95,20,158,158,78,78,0,110,122,75,78,3,0.009360427516253106,0.010415602981721638,67,69,2,3,2,2,9,7,29,21,52
300,0,206,1,96,95,0,14,1,32,31,0,14,1,40,39,0.0,0.002382654276864427,1,46,45,3,-1,4,3,0,75,93,35
301,12,12,39,39,0,18,18,35,35,0,12,12,39,39,0,0.0012594029749140542,0.0012594029749140542,40,40,0,-1,4,4,3,2,58,61,87
302,2,102,27,82,55,6,6,29,29,0,2,2,27,27,0,0.0002042275094455223,0.0007828721195411688,31,38,7,4,5,5,3,1,85,65,71
303,100,100,67,67,0,100,100,54,54,0,100,100,67,67,0,0.01950372715204738,0.055243541305013785,81,99,18,1,1,1,9,2,35,52,11
304,126,742,82,100,18,108,118,69,74,5,108,118,77,80,3,0.008543517478471017,0.01773375540351952,66,82,16,2,3,3,8,13,39,24,77
305,0,0,1,1,0,0,0,1,1,0,0,0,1,1,0,0.0,0.0,1,1,0,-1,-1,-1,9,0,31,59,66
306,12,114,40,81,41,24,24,37,37,0,12,15,40,42,2,0.00037441710065012424,0.001157289220191293,35,39,4,4,4,4,4,2,77,63,74
307,100,100,67,67,0,100,100,74,74,0,100,100,75,75,0,0.062357466217366146,0.062357466217366146,98,98,0,-1,1,1,5,29,63,0,86
308,0,616,1,100,99,0,38,1,45,44,0,38,1,50,49,0.0,0.012253650566731339,1,77,76,2,-1,3,3,0,96,87,33
309,16,632,41,100,59,18,32,41,57,16,16,32,41,59,18,0.00088498587426393,0.008713707069675619,37,66,29,2,3,3,2,1,91,55,21
310,0,616,1,99,98,0,142,1,62,61,0,114,1,76,75,0.0,0.013513053541645392,1,73,72,2,-1,3,17,0,20,97,30
311,53,669,63,100,37,38,38,52,52,0,38,38,55,55,0,0.0068075836481840775,0.021375812655298,64,85,21,2,3,3,3,8,66,57,37
312,100,100,66,66,0,100,100,45,45,0,100,100,66,66,0,0.0245413390517036,0.0245413390517036,86,86,0,-1,1,1,10,9,1,31,87
313,100,716,64,100,36,132,132,75,75,0,100,132,65,81,16,0.009632730862180468,0.016338200755641786,68,78,10,2,2,2,8,7,10,21,31
314,0,616,1,100,99,0,80,1,43,42,0,80,1,61,60,0.0,0.019946220089179345,1,81,80,2,-1,3,9,0,54,98,1
315,296,296,94,94,0,320,320,95,95,0,296,296,93,93,0,0.024098846114571634,0.024098846114571634,86,86,0,-1,2,2,14,20,17,23,81
316,0,1640,1,100,99,0,112,1,62,61,0,112,1,77,76,0.0,0.028421661731168522,1,89,88,1,-1,2,8,0,15,91,9
317,296,502,96,98,2,352,352,96,96,0,296,302,96,96,0,0.026379386636713298,0.026889955410327106,87,87,0,3,2,2,16,20,4,23,49
318,18,1658,50,100,50,24,62,45,75,30,18,62,48,76,28,0.0009190237925048504,0.04186663943633207,39,96,57,1,3,2,3,2,87,63,24
319,158,358,85,96,11,80,80,53,53,0,80,80,60,60,0,0.010858095918853602,0.01157289220191293,72,74,2,3,3,3,5,14,52,32,43
320,26,26,51,51,0,40,40,43,43,0,25,25,51,51,0,0.00353994349705572,0.00353994349705572,51,51,0,-1,3,3,5,6,49,41,36
321,1,617,26,100,74,5,24,26,34,8,1,19,26,44,18,3.4037918240920386e-05,0.00353994349705572,26,49,23,2,6,3,5,1,88,78,52
322,117,117,82,82,0,64,64,64,64,0,64,64,67,67,0,0.020592940535756832,0.020592940535756832,85,85,0,-1,3,3,4,16,77,18,40
323,34,136,54,89,35,22,22,48,48,0,22,22,51,51,0,0.005888559855679227,0.006331052792811192,58,59,1,4,3,3,2,4,95,72,74
324,92,193,75,92,17,62,62,82,82,0,62,62,82,82,0,0.015657442390823378,0.015657442390823378,79,79,0,6,2,2,3,8,85,8,58
325,2,104,26,74,48,16,17,26,26,0,2,4,26,28,2,3.4037918240920386e-05,0.0002042275094455223,26,30,4,4,5,5,15,1,7,78,65
326,125,741,88,100,12,48,48,65,65,0,48,48,68,68,0,0.014364001497668403,0.022430988120766535,80,87,7,2,3,3,3,15,66,19,48
327,277,277,98,98,0,112,112,94,94,0,112,112,94,94,0,0.03638653459954389,0.03638653459954389,94,94,0,-1,2,2,4,29,78,0,50
328,6,622,28,100,72,32,122,28,54,26,6,57,28,51,23,0.00017018959120460194,0.007590455767725246,29,61,32,2,4,3,16,1,4,55,25
329,8,624,36,100,64,28,56,36,43,7,8,56,36,57,21,0.0002042275094455223,0.009530617107457708,31,70,39,2,4,3,6,2,34,56,17
330,6,212,29,93,64,10,18,29,35,6,6,18,29,44,15,0.00017018959120460194,0.003710133088260322,30,51,21,3,4,4,3,1,82,65,41
331,184,784,88,100,12,222,222,92,92,0,184,222,87,93,6,0.01695088328397835,0.030600088498587426,77,91,14,2,2,2,10,8,12,20,16
332,104,720,75,100,25,104,104,80,80,0,104,104,81,81,0,0.00803294870485721,0.017189148711664794,66,80,14,2,2,2,5,5,63,47,27
333,6,622,32,100,68,8,18,32,46,14,6,18,32,49,17,0.0008169100377820892,0.01245787807617686,37,75,38,2,4,3,2,1,95,71,19
334,140,756,81,100,19,178,188,80,81,1,140,156,81,85,4,0.015248987371932332,0.01674665577453283,77,78,1,2,2,2,10,8,11,20,42
335,94,300,75,98,23,54,54,60,60,0,54,54,62,62,0,0.010381565063480718,0.015419176963136935,71,79,8,3,3,3,4,9,78,27,38
336,246,246,93,93,0,118,118,91,91,0,118,118,91,91,0,0.02484768031587188,0.02484768031587188,89,89,0,-1,2,2,5,19,50,15,91
337,1,103,26,76,50,6,10,26,28,2,1,3,26,29,3,3.4037918240920386e-05,0.00010211375472276115,26,28,2,4,6,5,6,1,71,78,4
338,0,206,1,88,87,0,17,1,27,26,0,6,1,28,27,0.0,0.00010211375472276115,1,27,26,3,-1,4,11,0,33,76,4
339,246,246,93,93,0,272,272,87,87,0,272,272,96,96,0,0.017972020831205963,0.017972020831205963,80,80,0,-1,2,2,14,18,8,5,89
340,100,100,59,59,0,100,100,39,39,0,100,100,59,59,0,0.04962728479526192,0.058817522720310426,98,99,1,1,1,1,14,29,16,1,26
341,0,616,1,100,99,0,50,1,48,47,0,50,1,54,53,0.0,0.014602266925354846,1,79,78,2,-1,3,5,0,61,91,15
342,6,1646,29,100,71,19,102,29,57,28,6,102,29,72,43,0.00010211375472276115,0.025392287007726607,30,87,57,1,4,2,8,1,42,60,16
343,0,102,1,75,74,0,22,1,28,27,0,4,1,28,27,0.0,0.0009190237925048504,1,36,35,4,-1,5,12,1,14,50,51
344,100,100,63,63,0,100,100,45,45,0,100,100,63,63,0,0.05177167364443991,0.05742196807243269,98,99,1,2,1,1,11,30,19,7,25
345,46,46,52,52,0,104,104,61,61,0,46,46,52,52,0,0.0036760951700194017,0.0036760951700194017,49,49,0,-1,2,2,10,2,22,75,99
346,0,616,1,100,99,0,58,1,43,42,0,54,1,54,53,0.0,0.008577555396711936,1,65,64,2,-1,3,7,1,62,45,48
347,190,396,87,99,12,268,268,78,78,0,190,196,87,87,0,0.013853432724054596,0.015827631982027978,73,76,3,3,2,2,16,8,9,8,46
348,126,1766,80,100,20,136,160,81,91,10,126,160,84,92,8,0.013138636440995268,0.027536675856904592,77,90,13,1,2,2,7,8,46,17,88
349,100,100,72,72,0,100,100,71,71,0,100,100,75,75,0,0.06671431975220396,0.06702066101637223,99,99,0,6,1,1,6,27,32,10,78
350,40,40,48,48,0,146,146,64,64,0,40,40,48,48,0,0.004595118962524252,0.004595118962524252,55,55,0,-1,2,2,12,1,6,90,86
351,164,370,92,99,7,48,48,67,67,0,48,48,70,70,0,0.020354675108070392,0.021648116001225366,86,88,2,3,3,3,3,19,96,15,61
352,344,344,96,96,0,352,352,96,96,0,352,352,96,96,0,0.02644746247319514,0.02644746247319514,88,88,0,-1,2,2,13,15,13,16,81
353,158,774,84,100,16,246,266,74,77,3,158,232,84,89,5,0.009394465434494027,0.020763130126961436,65,84,19,2,2,2,17,9,20,31,39
354,0,616,1,100,99,0,32,1,36,35,0,25,1,46,45,0.0,0.003914360597705844,1,51,50,2,-1,3,5,0,52,76,41
355,150,766,84,100,16,112,112,92,92,0,112,112,92,92,0,0.017121072875182955,0.021546002246502605,79,87,8,2,2,2,4,8,53,17,22
356,82,288,61,94,33,66,66,47,47,0,66,66,55,55,0,0.008373327887266415,0.010483678818203479,63,66,3,3,3,3,6,7,71,48,94
357,0,206,1,93,92,0,23,1,31,30,0,6,1,29,28,0.0,0.001157289220191293,1,38,37,3,-1,4,6,0,34,79,71
358,0,206,1,90,89,0,28,1,33,32,0,12,1,31,30,0.0,0.0018040096667687805,1,40,39,3,-1,4,6,0,51,79,52
359,160,360,91,100,9,72,72,80,80,0,72,72,80,80,0,0.023009632730862182,0.029851254297287178,86,89,3,3,2,2,3,18,76,5,20
360,0,101,1,82,81,0,3,1,22,21,0,1,1,22,21,0.0,6.807583648184077e-05,1,29,28,5,-1,6,3,0,85,67,65
361,134,236,80,93,13,176,176,85,85,0,134,136,80,81,1,0.008747744987916539,0.008747744987916539,64,64,0,4,2,2,8,6,42,13,95
362,104,310,76,95,19,132,132,74,74,0,104,132,76,80,4,0.008305252050784574,0.012287688484972258,65,73,8,3,2,2,8,6,21,26,13
363,0,206,1,93,92,0,10,1,30,29,0,10,1,40,39,0.0,0.004561081044283332,1,51,50,3,-1,4,3,0,92,98,34
364,42,248,50,93,43,84,84,64,64,0,42,51,51,53,2,0.003199564314646516,0.0040845501889104465,48,49,1,3,2,2,5,2,50,61,64
365,18,18,40,40,0,62,62,36,36,0,18,18,40,40,0,0.0007488342013002485,0.0007488342013002485,36,36,0,-1,3,3,10,2,36,63,76
366,16,16,41,41,0,30,30,42,42,0,16,16,41,41,0,0.0004765308553728854,0.0004765308553728854,36,36,0,-1,3,3,4,1,83,4,79
367,91,193,82,97,15,32,32,67,67,0,32,32,68,68,0,0.01851662752306069,0.020354675108070392,83,84,1,4,3,3,2,16,97,18,70
368,8,214,37,92,55,14,18,35,37,2,8,18,37,46,9,0.002110350930937064,0.013070560604513427,48,77,29,3,4,4,3,2,76,83,37
369,0,0,1,1,0,0,0,1,1,0,0,0,1,1,0,0.0,0.0,1,1,0,-1,-1,-1,6,0,51,87,82
370,0,616,1,100,99,0,94,1,36,35,0,39,1,46,45,0.0,0.004322815616596889,1,53,52,2,-1,3,16,0,4,91,57
371,124,226,85,94,9,48,48,69,69,0,48,48,70,70,0,0.019027196296674494,0.019095272133156337,84,85,1,4,3,3,3,18,55,30,4
372,324,324,98,98,0,96,96,89,89,0,96,96,89,89,0,0.03699921712788046,0.03699921712788046,94,94,0,-1,2,2,3,29,64,1,99
373,413,1029,98,100,2,168,168,95,95,0,168,168,95,95,0,0.03791824092038531,0.04836788182034787,94,98,4,2,2,2,6,29,41,1,8
374,373,579,99,100,1,120,120,99,99,0,120,120,99,99,0,0.05265665951870384,0.053269342047040404,97,97,0,3,2,2,3,36,75,2,43
375,0,1640,1,100,99,0,74,1,63,62,0,74,1,69,68,0.0,0.03332312195786106,1,92,91,1,-1,2,5,0,88,80,5
376,0,206,1,96,95,0,8,1,32,31,0,8,1,38,37,0.0,0.0034718676605738795,1,53,52,3,-1,4,2,0,86,36,47
377,16,222,40,91,51,70,70,59,59,0,16,70,40,65,25,0.0037441710065012424,0.009156200006807584,51,68,17,3,3,3,5,1,80,90,44
378,202,818,88,100,12,186,206,86,90,4,186,206,87,91,4,0.012866333095067906,0.038530923448721874,72,95,23,2,2,2,9,13,54,24,11
379,44,44,56,56,0,54,54,55,55,0,44,44,57,57,0,0.006331052792811192,0.006331052792811192,58,58,0,-1,3,3,4,4,84,72,86
380,358,564,95,100,5,200,200,94,94,0,200,200,94,94,0,0.0352292453793526,0.037373634228530586,91,93,2,3,2,2,8,29,57,0,29
381,94,710,70,100,30,68,78,72,77,5,68,78,74,77,3,0.012730181422104225,0.02484768031587188,71,88,17,2,2,2,4,9,67,31,5
382,16,632,40,100,60,90,104,49,65,16,16,104,40,78,38,0.0030634126416828346,0.017597603730555838,46,80,34,2,3,3,9,2,26,94,15
383,146,762,83,100,17,188,188,82,82,0,146,188,83,87,4,0.013513053541645392,0.018278362095374246,74,78,4,2,2,2,10,9,11,27,13
384,100,100,63,63,0,100,100,47,47,0,100,100,63,63,0,0.057149664726505324,0.057149664726505324,99,99,0,-1,1,1,10,40,36,3,76
385,16,222,33,92,59,58,58,34,34,0,16,24,33,42,9,0.0007828721195411688,0.0012594029749140542,37,39,2,3,3,3,10,2,0,42,63
386,40,141,55,87,32,28,28,45,45,0,28,28,50,50,0,0.005650294427992784,0.005718370264474625,57,57,0,5,3,3,3,5,58,47,4
387,0,206,1,93,92,0,14,1,33,32,0,14,1,40,39,0.0,0.006705469893461316,1,60,59,3,-1,4,3,0,60,87,17
388,0,616,1,99,98,0,72,1,38,37,0,34,1,42,41,0.0,0.0053439531638245,1,54,53,2,-1,3,11,0,33,91,38
389,124,1764,82,100,18,182,206,87,94,7,124,206,84,95,11,0.013070560604513427,0.03682902753667586,71,94,23,1,2,2,9,6,23,77,30
390,0,0,1,1,0,0,0,1,1,0,0,0,1,1,0,0.0,0.0,1,1,0,-1,-1,-1,4,0,79,92,89
391,78,78,72,72,0,72,72,77,77,0,72,72,79,79,0,0.009632730862180468,0.009632730862180468,69,69,0,-1,2,2,3,4,96,72,36
392,50,152,66,90,24,12,12,40,40,0,12,12,42,42,0,0.00704584907587052,0.007454304094761564,66,66,0,4,4,4,2,9,90,31,88
393,16,222,33,91,58,52,64,36,40,4,16,64,33,57,24,0.0005786446100956465,0.008237176214302734,35,65,30,3,3,3,9,1,31,49,33
394,2,1642,26,100,74,13,134,28,65,37,2,134,26,80,54,0.0,0.03720344463732598,1,94,93,1,5,2,10,1,1,68,3
395,76,177,68,90,22,54,54,55,55,0,54,54,60,60,0,0.006875659484665918,0.006977773239388679,60,60,0,5,3,3,4,6,84,13,95
396,214,830,89,100,11,300,300,89,89,0,214,233,89,91,2,0.014806494434800367,0.015997821573232582,77,77,0,2,2,2,14,9,16,27,64
397,0,0,1,1,0,0,0,1,1,0,0,0,1,1,0,0.0,0.0,1,1,0,-1,-1,-1,12,0,14,76,87
398,64,680,61,100,39,54,64,53,62,9,64,64,64,64,0,0.00707988699411144,0.03417406991388407,62,92,30,2,3,3,4,4,79,72,1
399,130,130,80,80,0,54,54,52,52,0,54,54,55,55,0,0.014227849824704722,0.014227849824704722,77,77,0,-1,3,3,4,16,83,12,91
400,0,616,1,100,99,0,50,1,32,31,0,16,1,34,33,0.0,0.0031314884781646754,1,49,48,2,-1,3,10,0,36,92,94
401,22,22,46,46,0,28,28,43,43,0,22,22,46,46,0,0.002110350930937064,0.002110350930937064,46,46,0,-1,3,3,3,2,75,52,79
402,52,52,49,49,0,126,126,59,59,0,52,52,49,49,0,0.0022465026039007454,0.0022465026039007454,46,46,0,-1,2,2,15,3,7,43,99
403,0,206,1,92,91,0,18,1,34,33,0,18,1,47,46,0.0,0.008339289969025495,1,63,62,3,-1,4,3,0,87,79,39
404,59,161,63,91,28,62,62,80,80,0,62,62,80,80,0,0.013376901868681712,0.014261887742945642,76,77,1,4,2,2,3,6,55,73,64
405,16,632,37,100,63,38,42,38,39,1,16,42,37,52,15,0.0008509479560230097,0.007250076585316042,38,64,26,2,3,3,6,2,48,42,21
406,232,848,91,100,9,320,320,92,92,0,232,320,91,94,3,0.019571802988529223,0.030600088498587426,80,90,10,2,2,2,14,12,16,37,14
407,128,128,83,83,0,184,184,82,82,0,128,128,83,83,0,0.015419176963136935,0.015419176963136935,76,76,0,-1,2,2,10,9,22,39,99
408,0,616,1,100,99,0,28,1,41,40,0,28,1,50,49,0.0,0.009394465434494027,1,71,70,2,-1,3,3,0,64,92,20
409,100,100,73,73,0,100,100,82,82,0,100,100,82,82,0,0.034140031995643146,0.034140031995643146,90,90,0,-1,1,1,5,6,88,73,66
410,1,1,25,25,0,2,2,25,25,0,1,1,25,25,0,0.00010211375472276115,0.00010211375472276115,29,29,0,-1,6,6,2,1,97,95,40
411,22,1662,47,100,53,56,110,47,80,33,22,110,47,84,37,0.0019061234214915416,0.04309200449300521,44,96,52,1,3,2,6,2,32,52,0
412,0,616,1,100,99,0,22,1,41,40,0,22,1,44,43,0.0,0.02808128254875932,1,92,91,2,-1,3,2,0,91,79,3
413,46,46,52,52,0,98,98,52,52,0,46,46,53,53,0,0.0029612988869600733,0.0029612988869600733,46,46,0,-1,2,2,9,2,31,52,67
414,60,266,61,95,34,80,80,70,70,0,60,80,62,73,11,0.010619830491167161,0.015385139044896015,72,77,5,3,3,3,5,5,45,25,47
415,60,161,61,88,27,54,54,55,55,0,54,54,60,60,0,0.006297014874570271,0.006467204465774873,58,59,1,5,3,3,4,6,73,28,55
416,214,214,90,90,0,142,142,72,72,0,142,142,83,83,0,0.02130773681881616,0.02130773681881616,85,85,0,-1,2,2,8,16,42,18,82
417,100,100,64,64,0,100,100,57,57,0,100,100,65,65,0,0.04435140746791926,0.046019265461724364,97,97,0,3,1,1,8,20,10,23,54
418,100,100,69,69,0,100,100,55,55,0,100,100,69,69,0,0.04806154055617958,0.0514312944620307,96,97,1,3,1,1,8,27,30,10,35
419,80,182,73,94,21,32,32,64,64,0,32,32,64,64,0,0.012559991830899623,0.012798257258586064,74,74,0,4,3,3,2,13,89,33,63
420,8,214,37,93,56,18,18,35,35,0,8,18,37,45,8,0.0008509479560230097,0.004493005207801491,36,52,16,3,4,4,3,2,58,74,28
421,32,32,40,40,0,100,100,40,40,0,32,32,40,40,0,0.00088498587426393,0.00088498587426393,36,36,0,-1,3,3,15,2,7,63,40
422,16,632,39,100,61,76,86,54,61,7,16,86,39,67,28,0.002212464685659825,0.0245413390517036,48,87,39,2,3,3,6,1,32,53,1
423,6,1646,28,100,72,13,94,28,67,39,6,94,28,70,42,0.00017018959120460194,0.04717655468191565,32,97,65,1,4,2,5,1,50,55,2
424,314,914,96,100,4,150,150,90,90,0,150,150,91,91,0,0.03699921712788046,0.0489124885122026,94,98,4,2,2,2,7,29,62,0,6
425,2,208,28,93,65,8,24,28,35,7,2,19,28,43,15,3.4037918240920386e-05,0.003608019333537561,28,50,22,3,5,4,6,1,69,95,35
426,0,1640,1,100,99,0,52,1,75,74,0,52,1,76,75,0.0,0.04455563497736478,1,96,95,1,-1,2,3,1,55,45,37
427,80,182,73,94,21,56,56,82,82,0,56,56,82,82,0,0.015112835698968652,0.016916845365737433,77,79,2,4,2,2,2,6,89,77,46
428,148,148,88,88,0,88,88,82,82,0,88,88,82,82,0,0.022465026039007456,0.022465026039007456,85,85,0,-1,2,2,4,18,72,30,67
429,60,676,58,100,42,82,82,56,56,0,60,82,58,64,6,0.006637394056979475,0.019946220089179345,60,81,21,2,3,3,7,6,62,26,15
430,8,214,36,93,57,14,18,35,39,4,8,18,36,44,8,0.0004765308553728854,0.015657442390823378,35,79,44,3,4,4,3,2,92,63,23
431,0,0,1,1,0,0,0,1,1,0,0,0,1,1,0,0.0,0.0,1,1,0,-1,-1,-1,17,0,20,81,98
432,0,206,1,92,91,0,14,1,33,32,0,14,1,38,37,0.0,0.003267640151128357,1,50,49,3,-1,4,3,0,64,99,35
433,118,118,77,77,0,284,284,81,81,0,118,118,77,77,0,0.011640968038394772,0.011640968038394772,65,65,0,-1,2,2,16,5,9,25,59
434,0,0,1,1,0,0,0,1,1,0,0,0,1,1,0,0.0,0.0,1,1,0,-1,-1,-1,3,0,82,87,99
435,0,101,1,74,73,0,10,1,25,24,0,1,1,25,24,0.0,0.0,1,1,0,5,-1,6,10,0,18,79,68
436,0,0,1,1,0,0,0,1,1,0,0,0,1,1,0,0.0,0.0,1,1,0,-1,-1,-1,7,0,43,97,87
437,40,246,54,91,37,54,54,52,52,0,54,54,55,55,0,0.006058749446883829,0.007624493685966166,57,61,4,3,3,3,4,6,83,26,75
438,2,2,27,27,0,7,7,27,27,0,2,2,27,27,0,0.0,0.0,1,1,0,-1,5,5,6,2,48,58,86
439,140,756,81,100,19,178,178,80,80,0,140,178,81,87,6,0.015248987371932332,0.022294836447802852,77,84,7,2,2,2,10,8,11,20,44
440,180,1820,90,100,10,208,242,86,92,6,180,242,89,93,4,0.014704380680077607,0.028217434221723,77,90,13,1,2,2,11,8,19,8,62
441,64,680,59,100,41,114,124,67,74,7,64,124,59,83,24,0.006569318220497634,0.016610504101569147,61,80,19,2,3,3,9,4,23,72,17
442,112,112,75,75,0,102,102,68,68,0,112,112,78,78,0,0.013104598522754349,0.013104598522754349,75,75,0,-1,3,3,7,8,43,20,36
443,0,0,1,1,0,0,0,1,1,0,0,0,1,1,0,0.0,0.0,1,1,0,-1,-1,-1,3,1,94,45,85
444,6,6,29,29,0,10,10,29,29,0,6,6,29,29,0,0.0002382654276864427,0.0002382654276864427,32,32,0,-1,4,4,3,1,82,60,84
445,128,334,80,95,15,120,120,78,78,0,120,120,78,78,0,0.012559991830899623,0.017869907076483203,72,79,7,3,2,2,6,9,41,27,44
446,22,638,41,100,59,42,52,36,39,3,22,52,41,50,9,0.0015317063208414173,0.008645631233193778,38,64,26,2,3,3,6,3,56,51,48
447,72,272,65,95,30,48,48,54,54,0,48,48,56,56,0,0.009734844616903231,0.013751318969331836,67,76,9,3,3,3,3,6,87,77,26
448,12,12,39,39,0,18,18,35,35,0,12,12,39,39,0,0.002382654276864427,0.002382654276864427,45,45,0,-1,4,4,3,2,58,83,59
449,2,208,29,94,65,4,9,29,31,2,2,8,29,35,6,0.00017018959120460194,0.00088498587426393,31,37,6,3,5,4,3,1,60,55,4
450,70,276,62,95,33,80,80,66,66,0,70,80,64,67,3,0.005241839409101739,0.006977773239388679,58,62,4,3,3,3,5,6,63,28,53
451,0,206,1,95,94,0,12,1,36,35,0,12,1,40,39,0.0,0.003914360597705844,1,52,51,3,-1,4,2,0,89,76,41
452,0,616,1,100,99,0,50,1,45,44,0,50,1,52,51,0.0,0.026719765819122502,1,90,89,2,-1,3,5,0,50,80,3
453,22,1662,50,100,50,28,52,44,78,34,22,52,50,78,28,0.00176997174852786,0.04438544538616018,42,96,54,1,3,2,3,2,76,74,19
454,6,622,29,100,71,23,54,30,38,8,6,54,29,55,26,0.00010211375472276115,0.010075223799312433,29,69,40,2,4,3,8,1,10,60,19
455,46,252,52,95,43,90,90,63,63,0,46,54,52,54,2,0.0051397256543789785,0.005854521937438306,55,56,1,3,2,2,6,3,65,29,74
456,81,81,75,75,0,46,46,81,81,0,46,46,82,82,0,0.013138636440995268,0.013138636440995268,78,78,0,-1,2,2,2,8,90,44,50
457,54,260,55,93,38,94,94,51,51,0,54,94,55,63,8,0.006943735321147759,0.011606930120153852,63,70,7,3,3,3,9,4,23,38,21
458,49,149,56,89,33,48,48,69,69,0,48,48,70,70,0,0.005718370264474625,0.0057524081827155455,57,57,0,6,3,3,3,4,55,22,58
459,10,216,39,95,56,8,12,32,40,8,8,12,38,40,2,0.0020422750944552232,0.003880322679464924,44,52,8,3,4,4,2,3,95,54,63
460,38,244,44,94,50,136,136,61,61,0,38,65,44,55,11,0.0011913271384322134,0.0051397256543789785,39,52,13,3,3,3,15,4,7,64,35
461,100,100,60,60,0,100,100,52,52,0,100,100,60,60,0,0.053609721229449604,0.053609721229449604,99,99,0,-1,1,1,9,27,29,10,96
462,6,622,27,100,73,12,34,28,38,10,6,34,27,45,18,0.00034037918240920387,0.011913271384322134,29,69,40,2,4,3,4,1,67,88,32
463,255,461,96,100,4,72,72,80,80,0,72,72,80,80,0,0.03315293236665646,0.03434425950508867,92,93,1,3,2,2,3,30,66,7,53
464,2,2,29,29,0,14,14,29,29,0,2,2,29,29,0,3.4037918240920386e-05,3.4037918240920386e-05,27,27,0,-1,5,5,9,1,26,95,99
465,138,1778,89,100,11,88,112,80,95,15,88,112,81,95,14,0.017052997038701112,0.043364307838932574,83,96,13,1,2,2,4,15,77,19,35
466,8,214,35,95,60,18,18,38,38,0,8,18,35,43,8,0.0004084550188910446,0.005377991082065421,34,53,19,3,4,4,3,2,96,56,31
467,190,806,94,100,6,56,56,84,84,0,56,56,85,85,0,0.03475271452397971,0.054154327921304334,94,97,3,2,2,2,2,27,98,10,16
468,121,321,87,100,13,32,32,63,63,0,32,32,65,65,0,0.021511964328261683,0.027877055039313797,86,91,5,3,3,3,2,16,98,18,20
469,10,626,41,100,59,18,28,38,45,7,10,28,41,50,9,0.0013274788113958951,0.012559991830899623,41,73,32,2,4,3,3,3,85,43,39
470,240,240,93,93,0,160,160,86,86,0,160,160,88,88,0,0.018993158378433576,0.018993158378433576,83,83,0,-1,2,2,7,18,24,5,59
471,40,1680,51,100,49,102,126,61,66,5,40,98,51,64,13,0.0038462847612240037,0.020695054290479593,52,84,32,1,2,2,8,3,15,46,38
472,91,297,68,97,29,90,90,63,63,0,90,90,69,69,0,0.008475441641989176,0.01065386840940808,65,68,3,3,2,2,6,8,65,44,90
473,0,206,1,92,91,0,24,1,39,38,0,24,1,52,51,0.0,0.007760645358929848,1,63,62,3,-1,4,4,0,78,87,33
474,82,682,61,100,39,66,66,47,47,0,66,66,55,55,0,0.008373327887266415,0.035910003744171005,63,95,32,2,3,3,6,7,71,48,3
475,134,340,79,96,17,80,80,53,53,0,80,80,60,60,0,0.010279451308757957,0.01245787807617686,70,75,5,3,3,3,5,9,52,31,90
476,20,636,44,100,56,38,38,46,46,0,20,38,45,50,5,0.0018380475850097008,0.014874570271282209,42,78,36,2,3,3,3,3,96,43,12
477,0,206,1,91,90,0,47,1,31,30,0,14,1,32,31,0.0,0.002927260968719153,1,46,45,3,-1,4,16,0,4,98,73
478,16,632,34,100,66,68,82,36,40,4,16,70,34,57,23,0.0011913271384322134,0.006909697402906838,39,58,19,2,3,3,11,2,33,42,24
479,62,1702,52,100,48,154,188,66,79,13,62,188,52,90,38,0.003778208924742163,0.028625889240614044,51,89,38,1,2,2,10,6,0,70,23
480,8,624,35,100,65,46,74,38,41,3,8,50,35,54,19,0.00037441710065012424,0.00707988699411144,33,64,31,2,4,3,9,2,23,56,25
481,0,0,1,1,0,0,0,1,1,0,0,0,1,1,0,0.0,0.0,1,1,0,-1,-1,-1,5,0,45,98,99
482,0,206,1,91,90,0,19,1,28,27,0,6,1,27,26,0.0,0.0004765308553728854,1,32,31,3,-1,4,9,0,31,67,49
483,0,616,1,99,98,0,60,1,34,33,0,24,1,44,43,0.0,0.0032336022328874367,1,50,49,2,-1,3,11,0,5,87,70
484,60,60,62,62,0,60,60,51,51,0,60,60,62,62,0,0.006535280302256714,0.006535280302256714,60,60,0,-1,3,3,5,5,80,47,84
485,106,722,78,100,22,72,72,77,77,0,72,72,77,77,0,0.014874570271282209,0.021443888491779844,78,86,8,2,2,2,3,8,64,20,57
486,74,74,68,68,0,48,48,59,59,0,48,48,63,63,0,0.011777119711358454,0.011777119711358454,77,77,0,-1,3,3,3,9,75,27,87
487,124,740,78,100,22,260,270,77,77,0,124,190,78,86,8,0.010245413390517035,0.018176248340651485,67,80,13,2,2,2,17,6,20,34,77
488,16,632,33,100,67,56,94,33,37,4,16,76,33,56,23,0.0004084550188910446,0.006433166547533953,35,58,23,2,3,3,15,1,7,4,24
489,28,28,45,45,0,46,46,37,37,0,28,28,45,45,0,0.0007828721195411688,0.0007828721195411688,35,35,0,-1,3,3,6,4,40,64,45
490,98,1738,74,100,26,48,72,65,79,14,48,72,68,79,11,0.012662105585622384,0.06766738146294973,77,97,20,1,3,2,3,9,66,27,1
491,0,206,1,91,90,0,30,1,30,29,0,9,1,34,33,0.0,0.0008509479560230097,1,37,36,3,-1,4,11,0,38,87,43
492,80,80,64,64,0,76,76,59,59,0,76,76,66,66,0,0.008169100377820893,0.008169100377820893,64,64,0,-1,3,3,6,9,34,31,45
493,100,100,66,66,0,100,100,60,60,0,100,100,68,68,0,0.033221008203138294,0.038939378467612924,90,94,4,3,1,1,7,8,43,17,25
494,98,198,78,93,15,56,56,76,76,0,56,56,77,77,0,0.01667857993805099,0.01773375540351952,81,83,2,4,2,2,2,13,68,33,51
495,0,0,1,1,0,0,0,1,1,0,0,0,1,1,0,0.0,0.0,1,1,0,-1,-1,-1,14,1,17,69,87
496,2,104,28,84,56,4,4,30,30,0,2,4,28,32,4,0.0002723033459273631,0.0004084550188910446,34,35,1,4,5,5,2,1,89,60,4
497,244,244,94,94,0,144,144,92,92,0,144,144,92,92,0,0.026753803737363423,0.026753803737363423,89,89,0,-1,2,2,6,15,48,16,89
498,0,616,1,100,99,0,56,1,45,44,0,56,1,57,56,0.0,0.02042275094455223,1,82,81,2,-1,3,6,0,74,81,0
499,198,1838,90,100,10,128,152,93,95,2,128,152,93,95,2,0.021852343510670887,0.055788147996868515,84,100,16,1,2,2,5,18,80,5,23
500,174,174,89,89,0,174,174,92,92,0,174,174,93,93,0,0.014670342761836687,0.014670342761836687,77,77,0,-1,2,2,7,7,43,48,59
501,16,16,32,32,0,40,40,32,32,0,16,16,32,32,0,0.00037441710065012424,0.00037441710065012424,32,32,0,-1,3,3,9,1,29,4,98
502,16,632,36,100,64,35,84,33,47,14,16,84,36,63,27,0.0009190237925048504,0.022669253548452978,37,85,48,2,3,3,9,1,23,55,11
503,100,100,61,61,0,100,100,44,44,0,100,100,61,61,0,0.04687021341774737,0.04717655468191565,96,96,0,3,1,1,12,27,6,10,49
504,44,250,60,98,38,22,22,49,49,0,22,22,50,50,0,0.007998910786616291,0.009088124170325743,66,67,1,3,3,3,2,7,93,48,43
505,22,1662,42,100,58,58,114,36,63,27,22,114,42,76,34,0.0012594029749140542,0.026141121209026855,39,90,51,1,3,2,10,3,22,51,18
506,46,662,50,100,50,96,106,53,66,13,46,106,50,75,25,0.002757071377514551,0.012968446849790666,46,77,31,2,2,2,7,2,46,61,14
507,0,616,1,100,99,0,26,1,45,44,0,16,1,44,43,0.0,0.003369753905851118,1,52,51,2,-1,3,4,0,78,89,42
508,0,0,1,1,0,0,0,1,1,0,0,0,1,1,0,0.0,0.0,1,1,0,-1,-1,-1,11,1,33,50,66
509,30,30,46,46,0,90,90,46,46,0,30,30,46,46,0,0.0040845501889104465,0.0040845501889104465,53,53,0,-1,3,3,10,6,36,73,40
510,0,206,1,94,93,0,28,1,33,32,0,23,1,47,46,0.0,0.0053099152455835805,1,56,55,3,-1,4,6,0,32,80,34
511,2,104,27,83,56,6,6,29,29,0,2,5,27,30,3,6.807583648184077e-05,0.0011232513019503727,30,39,9,4,5,5,3,1,85,60,43
512,161,777,92,100,8,72,72,79,79,0,72,72,80,80,0,0.025936893699581333,0.04857210932979339,91,96,5,2,2,2,3,15,75,16,1
513,0,206,1,92,91,0,26,1,35,34,0,30,1,49,48,0.0,0.003710133088260322,1,49,48,3,-1,4,5,0,37,93,47
514,510,610,100,100,0,224,224,99,99,0,224,224,99,99,0,0.04881037475747983,0.048878450593961675,99,99,0,4,2,2,8,36,27,2,4
515,241,841,96,100,4,72,72,85,85,0,72,72,85,85,0,0.0392457197317812,0.0547670104496409,94,98,4,2,2,2,3,29,60,11,9
516,136,238,86,95,9,70,70,62,62,0,70,70,69,69,0,0.01589570781850982,0.016712617856291908,78,79,1,4,3,3,5,16,45,12,51
517,22,22,41,41,0,72,72,37,37,0,22,22,41,41,0,0.0018380475850097008,0.0018380475850097008,43,43,0,-1,3,3,11,2,5,83,93
518,208,208,94,94,0,144,144,88,88,0,144,144,89,89,0,0.023179822322066782,0.023179822322066782,87,87,0,-1,2,2,6,16,34,18,81
519,0,616,1,100,99,0,28,1,42,41,0,28,1,49,48,0.0,0.016440314510364547,1,80,79,2,-1,3,3,0,66,76,18
520,116,116,76,76,0,176,176,74,74,0,116,116,76,76,0,0.009292351679771264,0.009292351679771264,66,66,0,-1,2,2,12,7,2,48,97
521,64,270,55,94,39,128,128,69,69,0,64,78,55,57,2,0.007216038667075122,0.008407365805507334,61,62,1,3,3,3,8,4,42,72,64
522,94,300,77,98,21,72,72,79,79,0,72,72,80,80,0,0.008611593314952858,0.021511964328261683,68,88,20,3,2,2,3,5,75,47,15
523,6,212,33,94,61,12,12,40,40,0,6,12,33,41,8,0.0010892133837094523,0.003812246842983083,42,52,10,3,4,4,2,1,90,71,41
524,0,1640,1,100,99,0,112,1,58,57,0,79,1,59,58,0.0,0.013002484768031588,1,72,71,1,-1,2,11,0,33,81,28
525,373,973,99,100,1,120,120,99,99,0,120,120,99,99,0,0.05265665951870384,0.055039313795568263,97,97,0,2,2,2,3,36,75,2,53
526,111,317,79,96,17,120,120,80,80,0,120,120,81,81,0,0.010415602981721638,0.011368664692467409,70,71,1,3,2,2,6,8,34,44,54
527,0,0,1,1,0,0,0,1,1,0,0,0,1,1,0,0.0,0.0,1,1,0,-1,-1,-1,3,0,55,92,76
528,256,256,93,93,0,88,88,73,73,0,88,88,74,74,0,0.033221008203138294,0.033221008203138294,91,91,0,-1,2,2,4,29,83,0,84
529,0,0,1,1,0,0,0,1,1,0,0,0,1,1,0,0.0,0.0,1,1,0,-1,-1,-1,10,1,1,45,81
530,324,324,98,98,0,96,96,89,89,0,96,96,89,89,0,0.03699921712788046,0.03699921712788046,94,94,0,-1,2,2,3,29,64,1,82
531,39,655,51,100,49,82,92,48,52,4,39,92,51,61,10,0.004322815616596889,0.01575955614554614,53,78,25,2,3,3,7,4,24,22,32
532,18,120,43,79,36,46,46,48,48,0,18,20,43,47,4,0.0018040096667687805,0.0018380475850097008,44,45,1,4,3,3,5,2,61,74,95
533,0,616,1,100,99,0,108,1,66,65,0,108,1,78,77,0.0,0.021750229755948126,1,83,82,2,-1,3,8,0,57,36,9
534,206,206,91,91,0,140,140,67,67,0,140,140,84,84,0,0.015657442390823378,0.015657442390823378,78,78,0,-1,3,3,10,16,1,12,93
535,26,232,48,93,45,58,58,44,44,0,26,58,48,56,8,0.0053439531638245,0.00888389666088022,53,67,14,3,3,3,7,6,62,73,47
536,0,206,1,93,92,0,12,1,33,32,0,12,1,40,39,0.0,0.0034037918240920387,1,51,50,3,-1,4,4,0,72,85,35
537,118,1758,77,100,23,284,308,81,86,5,118,308,77,96,19,0.011640968038394772,0.031485074372851356,65,94,29,1,2,2,16,5,9,25,15
538,24,24,52,52,0,28,28,44,44,0,24,24,52,52,0,0.0026209197045508697,0.0026209197045508697,50,50,0,-1,3,3,3,3,76,54,98
539,0,1640,1,100,99,0,80,1,57,56,0,80,1,61,60,0.0,0.03635249668130297,1,92,91,1,-1,2,6,0,41,36,7
540,422,422,100,100,0,160,160,93,93,0,160,160,94,94,0,0.048844412675720754,0.048844412675720754,98,98,0,-1,2,2,7,36,62,2,89
541,2,618,28,100,72,3,22,28,47,19,2,22,28,50,22,0.00013615167296368154,0.005820484019197386,30,58,28,2,5,3,2,1,95,60,52
542,36,137,54,87,33,28,28,45,45,0,28,28,50,50,0,0.005037611899656217,0.005071649817897137,54,54,0,6,3,3,3,6,58,28,68
543,34,34,50,50,0,60,60,49,49,0,34,34,50,50,0,0.0030634126416828346,0.0030634126416828346,48,48,0,-1,3,3,5,6,88,70,92
544,32,32,43,43,0,96,96,38,38,0,32,32,43,43,0,0.0013955546478777359,0.0013955546478777359,39,39,0,-1,3,3,14,2,17,74,59
545,100,100,72,72,0,100,100,79,79,0,100,100,80,80,0,0.06034922904115184,0.06034922904115184,99,99,0,-1,1,1,5,27,37,10,91
546,22,1662,40,100,60,60,104,40,62,22,22,104,40,79,39,0.0010892133837094523,0.022533101875489295,39,85,46,1,3,2,9,2,31,74,14
547,46,662,50,100,50,96,116,53,73,20,46,116,50,80,30,0.002757071377514551,0.032370060247115286,46,90,44,2,2,2,7,2,46,61,2
548,200,406,92,99,7,198,198,86,86,0,198,198,92,92,0,0.01579359406378706,0.017495489975833077,80,82,2,3,2,2,10,14,36,14,71
549,2,208,27,93,66,4,18,27,34,7,2,18,27,45,18,0.0,0.006977773239388679,1,62,61,3,5,4,3,1,58,78,20
550,0,206,1,96,95,0,12,1,38,37,0,12,1,44,43,0.0,0.014432077334150244,1,78,77,3,-1,4,2,0,93,81,15
551,6,6,32,32,0,28,28,36,36,0,6,6,32,32,0,0.00088498587426393,0.00088498587426393,39,39,0,-1,4,4,6,1,69,71,86
552,0,101,1,73,72,0,12,1,25,24,0,1,1,25,24,0.0,0.0,1,1,0,5,-1,6,12,0,2,97,58
553,100,100,59,59,0,100,100,45,45,0,100,100,59,59,0,0.047789237210252224,0.047789237210252224,96,96,0,-1,1,1,10,22,0,9,40
554,0,206,1,93,92,0,10,1,30,29,0,8,1,35,34,0.0,0.0026889955410327104,1,47,46,3,-1,4,3,0,92,76,83
555,0,616,1,100,99,0,52,1,38,37,0,34,1,47,46,0.0,0.007147962830593281,1,62,61,2,-1,3,7,0,43,96,77
556,0,616,1,100,99,0,28,1,44,43,0,28,1,47,46,0.0,0.018857006705469893,1,85,84,2,-1,3,3,0,60,59,16
557,100,100,61,61,0,100,100,40,40,0,100,100,61,61,0,0.023281936076789543,0.02818339630348208,87,90,3,2,1,1,14,7,8,21,35
558,0,102,1,74,73,0,7,1,26,25,0,2,1,26,25,0.0,0.00013615167296368154,1,29,28,4,-1,5,6,0,41,85,60
559,22,638,41,100,59,70,106,37,54,17,22,106,41,77,36,0.0005446066918547262,0.010449640899962559,35,70,35,2,3,3,11,2,33,63,19
560,83,289,80,100,20,32,32,67,67,0,32,32,68,68,0,0.013376901868681712,0.02723033459273631,76,88,12,3,3,3,2,15,97,19,15
561,0,206,1,92,91,0,26,1,34,33,0,24,1,46,45,0.0,0.0057524081827155455,1,54,53,3,-1,4,5,0,88,81,62
562,16,632,35,100,65,78,78,44,44,0,16,78,35,57,22,0.0026889955410327104,0.014398039415909322,46,73,27,2,3,3,8,3,27,46,19
563,174,380,87,98,11,262,262,84,84,0,174,180,87,87,0,0.017393376221110316,0.017495489975833077,77,77,0,3,2,2,14,12,8,37,60
564,22,228,42,89,47,46,46,37,37,0,22,34,42,48,6,0.0007828721195411688,0.0020082371762143027,35,42,7,3,3,3,6,2,40,56,74
565,96,302,78,100,22,32,32,69,69,0,32,32,69,69,0,0.016542428265087308,0.020967357636406957,80,86,6,3,3,3,2,15,93,19,26
566,100,100,62,62,0,100,100,45,45,0,100,100,62,62,0,0.03209775690118792,0.03209775690118792,89,89,0,4,1,1,12,9,3,39,65
567,34,1674,49,100,51,90,144,43,68,25,34,144,49,85,36,0.001599782157323258,0.039415909322985804,42,95,53,1,3,2,10,4,1,64,11
568,0,102,1,76,75,0,11,1,26,25,0,2,1,26,25,0.0,0.0002042275094455223,1,30,29,4,-1,5,9,0,23,93,4
569,22,638,41,100,59,84,94,46,47,1,22,38,41,50,9,0.001497668402600497,0.005207801490860819,41,58,17,2,3,3,9,2,28,74,90
570,84,290,63,95,32,152,152,83,83,0,84,92,63,64,1,0.010619830491167161,0.011402702610708328,68,71,3,3,2,2,8,5,21,25,61
571,329,430,99,100,1,56,56,76,76,0,56,56,77,77,0,0.04765308553728854,0.04765308553728854,97,97,0,6,2,2,2,36,68,2,58
572,142,243,84,91,7,80,80,59,59,0,80,80,63,63,0,0.013479015623404473,0.013513053541645392,77,77,0,5,3,3,5,13,61,33,68
573,0,616,1,100,99,0,90,1,37,36,0,53,1,52,51,0.0,0.006058749446883829,1,58,57,2,-1,3,13,0,13,89,57
574,62,268,53,94,41,92,92,47,47,0,62,82,53,57,4,0.00353994349705572,0.007420266176520644,51,61,10,3,2,2,8,3,42,54,35
575,46,46,55,55,0,132,132,74,74,0,46,46,55,55,0,0.005888559855679227,0.005888559855679227,56,56,0,-1,2,2,8,3,21,29,97
576,1,207,26,96,70,3,14,26,32,6,1,14,26,40,14,3.4037918240920386e-05,0.004935498144933456,27,54,27,3,6,4,3,2,75,58,24
577,313,513,100,100,0,72,72,86,86,0,72,72,86,86,0,0.04836788182034787,0.05156744613499439,97,98,1,3,2,2,3,40,92,3,13
578,0,206,1,88,87,0,26,1,29,28,0,8,1,32,31,0.0,0.0013955546478777359,1,40,39,3,-1,4,11,0,33,84,83
579,6,6,27,27,0,17,17,27,27,0,6,6,27,27,0,0.00013615167296368154,0.00013615167296368154,30,30,0,-1,4,4,12,1,2,78,59
580,145,351,81,97,16,188,188,80,80,0,145,188,81,90,9,0.009905034208107831,0.013751318969331836,70,76,6,3,2,2,10,8,0,44,73
581,76,282,63,95,32,70,70,63,63,0,70,70,66,66,0,0.00796487286837537,0.01242384015793594,63,72,9,3,3,3,5,7,49,21,57
582,100,100,69,69,0,100,100,57,57,0,100,100,69,69,0,0.03863303720344464,0.051533408216753465,95,97,2,2,1,1,8,18,57,30,5
583,16,118,45,84,39,38,38,57,57,0,16,38,44,59,15,0.0045270431260424114,0.006977773239388679,54,61,7,4,3,3,3,1,85,90,73
584,0,0,1,1,0,0,0,1,1,0,0,0,1,1,0,0.0,0.0,1,1,0,-1,-1,-1,2,0,68,96,84
585,94,710,65,100,35,60,70,48,57,9,60,70,61,63,2,0.007250076585316042,0.013955546478777357,63,76,13,2,3,3,5,9,63,31,26
586,12,114,35,82,47,18,18,36,36,0,12,18,35,44,9,0.002212464685659825,0.003437829742332959,46,51,5,4,4,4,3,2,82,75,52
587,64,64,69,69,0,38,38,56,56,0,38,38,57,57,0,0.009973110044589673,0.009973110044589673,68,68,0,-1,3,3,3,9,60,27,86
588,266,882,97,100,3,288,288,95,95,0,288,288,95,95,0,0.022839443139657578,0.03328908403962014,84,90,6,2,2,2,12,16,6,18,19
589,56,158,55,85,30,154,154,72,72,0,56,58,55,55,0,0.00622893903808843,0.006501242384015794,58,59,1,4,2,2,10,3,36,29,65
590,1,617,26,100,74,4,34,26,42,16,1,34,26,51,25,3.4037918240920386e-05,0.005173763572619898,27,55,28,2,6,3,4,1,83,78,28
591,6,622,28,99,71,38,72,29,34,5,6,24,28,42,14,0.00013615167296368154,0.0014295925661186562,30,39,9,2,4,3,17,1,20,95,61
592,0,616,1,100,99,0,68,1,41,40,0,58,1,59,58,0.0,0.009292351679771264,1,68,67,2,-1,3,8,0,39,91,17
593,0,102,1,74,73,0,8,1,28,27,0,2,1,26,25,0.0,0.0005446066918547262,1,35,34,4,-1,5,5,0,63,76,42
594,0,1640,1,100,99,0,48,1,59,58,0,48,1,62,61,0.0,0.03672691378195309,1,94,93,1,-1,2,3,0,58,76,35
595,281,281,97,97,0,256,256,96,96,0,256,256,96,96,0,0.025358249089485686,0.025358249089485686,87,87,0,-1,2,2,10,20,1,23,79
596,0,0,1,1,0,0,0,1,1,0,0,0,1,1,0,0.0,0.0,1,1,0,-1,-1,-1,5,1,50,45,76
597,258,874,95,100,5,216,216,96,96,0,216,216,96,96,0,0.024234997787535316,0.0489124885122026,87,98,11,2,2,2,9,15,29,16,0
598,16,632,35,100,65,72,120,39,61,22,16,120,35,77,42,0.0008509479560230097,0.02290751897613942,37,85,48,2,3,3,10,1,18,49,11
599,90,90,68,68,0,100,100,68,68,0,90,90,68,68,0,0.006637394056979475,0.006637394056979475,61,61,0,-1,2,2,6,6,48,13,59
600,232,848,93,100,7,208,208,89,89,0,208,208,92,92,0,0.01940161339732462,0.04169644984512747,84,95,11,2,2,2,10,17,0,6,10
601,86,686,74,100,26,48,48,66,66,0,48,48,67,67,0,0.007250076585316042,0.026855917492086184,63,88,25,2,3,3,3,6,76,13,9
602,6,622,29,99,70,34,60,32,34,2,6,22,29,40,11,6.807583648184077e-05,0.002110350930937064,29,44,15,2,4,3,11,1,5,95,53
603,16,632,33,100,67,38,66,35,43,8,16,66,33,55,22,0.0008509479560230097,0.017972020831205963,37,79,42,2,3,3,6,2,40,42,15
604,0,1640,1,100,99,0,94,1,44,43,0,60,1,55,54,0.0,0.01695088328397835,1,78,77,1,-1,2,10,0,12,92,25
605,132,132,84,84,0,88,88,77,77,0,88,88,77,77,0,0.017087034956942034,0.017087034956942034,82,82,0,-1,2,2,4,8,79,8,84
606,18,120,39,78,39,58,58,35,35,0,18,20,39,39,0,0.0006126825283365669,0.0008169100377820892,37,37,0,4,3,3,10,2,11,56,60
607,204,820,90,100,10,110,110,77,77,0,110,110,81,81,0,0.021069471391129718,0.046529834235338165,83,97,14,2,2,2,6,16,74,12,3
608,0,616,1,100,99,0,74,1,44,43,0,74,1,56,55,0.0,0.022396950202525613,1,86,85,2,-1,3,9,0,35,89,7
609,60,162,57,86,29,86,86,57,57,0,60,62,58,58,0,0.005514142755029102,0.007216038667075122,56,62,6,4,3,3,6,5,65,47,46
610,100,100,65,65,0,100,100,47,47,0,100,100,65,65,0,0.051839749480921744,0.05616256509751864,98,98,0,2,1,1,11,29,38,0,44
611,0,0,1,1,0,0,0,1,1,0,0,0,1,1,0,0.0,0.0,1,1,0,-1,-1,-1,4,0,78,67,84
612,6,212,29,89,60,21,42,29,33,4,6,14,29,35,6,0.00010211375472276115,0.0013955546478777359,30,40,10,3,4,4,9,1,28,60,61
613,6,1646,29,100,71,24,144,29,68,39,6,144,29,85,56,0.0002723033459273631,0.032914666938970015,33,89,56,1,4,2,10,1,1,55,11
614,22,22,40,40,0,122,122,55,55,0,22,22,40,40,0,0.002212464685659825,0.002212464685659825,42,42,0,-1,3,3,16,2,4,83,82
615,92,92,75,75,0,38,38,57,57,0,38,38,60,60,0,0.016916845365737433,0.016916845365737433,81,81,0,-1,3,3,3,17,85,6,99
616,100,100,62,62,0,100,100,43,43,0,100,100,62,62,0,0.023622315259198747,0.02556247659893121,87,87,0,3,1,1,12,7,14,21,90
617,56,256,71,100,29,32,32,67,67,0,32,32,68,68,0,0.011300588855985567,0.01667857993805099,73,79,6,3,3,3,2,9,97,27,25
618,193,393,96,99,3,48,48,59,59,0,48,48,63,63,0,0.028659927158854966,0.03580788998944825,92,94,2,3,3,3,3,29,75,11,19
619,277,877,100,100,0,56,56,93,93,0,56,56,93,93,0,0.06392321045644848,0.07471323053882024,98,99,1,2,2,2,2,36,99,2,23
620,179,779,91,100,9,80,80,65,65,0,80,80,69,69,0,0.01872085503250621,0.028796078831818644,83,88,5,2,3,3,5,18,37,5,30
621,100,100,72,72,0,100,100,79,79,0,100,100,80,80,0,0.049218829776370876,0.053609721229449604,97,98,1,3,1,1,5,17,37,6,72
622,34,34,47,47,0,112,112,60,60,0,34,34,47,47,0,0.0015317063208414173,0.0015317063208414173,42,42,0,-1,3,3,12,4,6,64,36
623,12,12,35,35,0,28,28,35,35,0,12,12,35,35,0,0.0008509479560230097,0.0008509479560230097,38,38,0,-1,4,4,6,2,41,74,36
624,306,922,98,100,2,280,280,99,99,0,280,280,99,99,0,0.029374723441914292,0.035705776234725484,89,93,4,2,2,2,10,15,1,16,25
625,6,212,32,95,63,12,12,41,41,0,6,12,32,40,8,0.003369753905851118,0.010381565063480718,51,70,19,3,4,4,2,1,95,90,27
626,6,212,32,92,60,10,18,32,37,5,6,18,32,46,14,0.00017018959120460194,0.0032336022328874367,31,52,21,3,4,4,3,1,76,4,47
627,174,174,85,85,0,190,190,74,74,0,174,174,85,85,0,0.010790020082371761,0.010790020082371761,70,70,0,-1,2,2,11,13,5,24,93
628,6,622,32,100,68,16,30,33,42,9,6,22,32,46,14,0.0005786446100956465,0.004561081044283332,36,54,18,2,4,3,4,2,79,42,94
629,2,618,27,100,73,15,90,27,37,10,2,46,27,52,25,3.4037918240920386e-05,0.006977773239388679,27,60,33,2,5,3,13,1,13,68,38
630,451,1051,100,100,0,240,240,98,98,0,240,240,98,98,0,0.04986555022294836,0.05388202457537697,98,98,0,2,2,2,9,36,26,2,35
631,100,100,58,58,0,100,100,35,35,0,100,100,59,59,0,0.056434868443446,0.05759215766363729,99,100,1,2,1,1,17,36,20,2,52
632,12,114,36,75,39,32,32,34,34,0,12,16,36,38,2,0.0012934408931549745,0.0022465026039007454,40,45,5,4,4,4,6,3,44,51,83
633,16,1656,35,100,65,108,182,58,69,11,16,182,35,88,53,0.002723033459273631,0.02552843868069029,47,89,42,1,3,2,13,2,13,94,15
634,12,113,35,82,47,14,14,32,32,0,12,13,35,38,3,0.0012253650566731338,0.0012594029749140542,38,38,0,5,4,4,3,3,82,51,58
635,54,260,64,98,34,32,32,63,63,0,32,32,64,64,0,0.008407365805507334,0.01929949964260186,64,85,21,3,3,3,2,4,86,38,39
636,0,102,1,75,74,0,9,1,27,26,0,2,1,26,25,0.0,0.0004765308553728854,1,35,34,4,-1,5,6,1,34,69,42
637,112,112,80,80,0,252,252,85,85,0,112,112,80,80,0,0.008713707069675619,0.008713707069675619,64,64,0,-1,2,2,14,4,17,38,91
638,71,687,57,100,43,108,118,61,63,2,71,87,57,59,2,0.005105687736138058,0.007726607440688927,57,61,4,2,2,2,9,6,28,35,94
639,0,206,1,90,89,0,26,1,32,31,0,26,1,45,44,0.0,0.005854521937438306,1,54,53,3,-1,4,5,0,50,92,31
640,0,0,1,1,0,0,0,1,1,0,0,0,1,1,0,0.0,0.0,1,1,0,-1,-1,-1,15,0,7,36,89
641,100,100,73,73,0,100,100,96,96,0,100,100,96,96,0,0.08243983797950917,0.0945232989550359,100,100,0,3,1,1,3,29,64,11,37
642,18,634,41,100,59,44,58,36,41,5,18,34,41,49,8,0.00030634126416828345,0.002723033459273631,34,47,13,2,3,3,7,2,24,56,53
643,6,212,30,92,62,36,48,35,36,1,6,32,30,50,20,0.0006807583648184077,0.0042547397801150485,37,53,16,3,4,4,8,2,21,42,47
644,56,158,63,89,26,38,38,56,56,0,38,38,57,57,0,0.010926171755335444,0.01153885428367201,71,73,2,4,3,3,3,5,60,25,64
645,0,206,1,94,93,0,20,1,35,34,0,14,1,37,36,0.0,0.003165526396405596,1,51,50,3,-1,4,4,0,53,91,73
646,212,1852,90,100,10,166,190,83,92,9,166,190,88,93,5,0.013376901868681712,0.04819769222914327,75,97,22,1,2,2,8,14,15,32,11
647,6,108,28,78,50,20,20,33,33,0,6,8,28,34,6,0.0005786446100956465,0.0009190237925048504,36,36,0,4,4,4,6,2,56,42,88
648,0,0,1,1,0,0,0,1,1,0,0,0,1,1,0,0.0,0.0,1,1,0,-1,-1,-1,2,0,86,99,81
649,62,62,52,52,0,156,156,60,60,0,62,62,52,52,0,0.0024507301133462676,0.0024507301133462676,44,44,0,-1,2,2,16,3,4,54,87
650,12,628,35,100,65,28,46,35,38,3,12,46,35,52,17,0.0008509479560230097,0.008543517478471017,38,65,27,2,4,3,6,2,41,74,17
651,302,902,100,100,0,72,72,85,85,0,72,72,85,85,0,0.04704040300895197,0.05463085877667722,97,98,1,2,2,2,3,40,94,3,19
652,100,100,66,66,0,100,100,45,45,0,100,100,66,66,0,0.051873787399162666,0.052758773273426596,98,98,0,3,1,1,10,29,1,11,51
653,2,2,27,27,0,5,5,27,27,0,2,2,27,27,0,6.807583648184077e-05,6.807583648184077e-05,28,28,0,-1,5,5,3,1,94,95,59
654,284,284,96,96,0,256,256,96,96,0,256,256,96,96,0,0.021818305592429966,0.021818305592429966,86,86,0,-1,2,2,10,18,0,30,59
655,299,299,100,100,0,72,72,85,85,0,72,72,85,85,0,0.04663194799006093,0.04663194799006093,97,97,0,-1,2,2,3,36,60,2,82
656,22,22,47,47,0,48,48,60,60,0,22,22,47,47,0,0.0046972327172470135,0.0046972327172470135,53,53,0,-1,3,3,3,3,58,29,59
657,0,0,1,1,0,0,0,1,1,0,0,0,1,1,0,0.0,0.0,1,1,0,-1,-1,-1,14,0,17,81,69
658,0,0,1,1,0,0,0,1,1,0,0,0,1,1,0,0.0,0.0,1,1,0,-1,-1,-1,9,0,28,99,69
659,54,1694,52,100,48,134,158,69,78,9,54,158,52,83,31,0.006909697402906838,0.029340685523673374,59,91,32,1,3,2,9,4,54,72,18
660,0,206,1,96,95,0,12,1,34,33,0,12,1,42,41,0.0,0.01065386840940808,1,70,69,3,-1,4,2,0,86,82,39
661,0,616,1,100,99,0,46,1,40,39,0,46,1,54,53,0.0,0.009326389598012186,1,69,68,2,-1,3,6,0,34,96,20
662,1,207,25,92,67,3,18,25,37,12,1,18,25,46,21,3.4037918240920386e-05,0.00616086320160659,29,62,33,3,6,4,3,1,76,68,25
663,0,0,1,1,0,0,0,1,1,0,0,0,1,1,0,0.0,0.0,1,1,0,-1,-1,-1,5,0,88,84,81
664,0,616,1,100,99,0,38,1,36,35,0,37,1,46,45,0.0,0.007760645358929848,1,59,58,2,-1,3,6,0,71,67,34
665,150,356,87,97,10,176,176,87,87,0,150,176,87,90,3,0.014466115252391163,0.017155110793423873,77,81,4,3,2,2,8,8,39,17,28
666,8,1648,36,100,64,28,90,36,64,28,8,90,36,68,32,0.0002042275094455223,0.04081146397086354,31,96,65,1,4,2,6,2,34,56,10
667,0,0,1,1,0,0,0,1,1,0,0,0,1,1,0,0.0,0.0,1,1,0,-1,-1,-1,6,0,65,67,45
668,274,890,96,100,4,128,128,95,95,0,128,128,95,95,0,0.03311889444841554,0.04394295244902822,91,96,5,2,2,2,5,22,45,9,37
669,16,16,40,40,0,38,38,51,51,0,16,16,40,40,0,0.002280540522141666,0.002280540522141666,45,45,0,-1,3,3,3,1,94,71,91
670,115,115,85,85,0,32,32,58,58,0,32,32,60,60,0,0.013955546478777357,0.013955546478777357,77,77,0,-1,3,3,2,15,91,19,81
671,6,212,32,91,59,20,20,34,34,0,6,13,32,42,10,0.0007488342013002485,0.00176997174852786,38,43,5,3,4,4,4,2,84,42,61
672,0,0,1,1,0,0,0,1,1,0,0,0,1,1,0,0.0,0.0,1,1,0,-1,-1,-1,8,0,10,89,36
673,0,206,1,93,92,0,18,1,33,32,0,16,1,40,39,0.0,0.0037441710065012424,1,50,49,3,-1,4,5,0,49,84,38
674,0,206,1,92,91,0,10,1,28,27,0,6,1,28,27,0.0,0.0009530617107457708,1,37,36,3,-1,4,3,0,82,92,42
675,16,222,36,93,57,66,66,42,42,0,16,23,36,43,7,0.0011232513019503727,0.002144388849177984,39,44,5,3,3,3,9,1,35,71,43
676,190,290,91,97,6,88,88,71,71,0,88,88,71,71,0,0.021035433472888797,0.021580040164743523,86,86,0,4,2,2,4,17,53,6,42
677,128,334,83,95,12,184,184,82,82,0,128,136,83,83,0,0.015419176963136935,0.017291262466387555,76,77,1,3,2,2,10,9,22,39,83
678,0,206,1,93,92,0,18,1,31,30,0,14,1,39,38,0.0,0.002144388849177984,1,48,47,3,-1,4,5,0,45,98,41
679,6,622,29,100,71,17,52,30,39,9,6,52,29,55,26,0.0002042275094455223,0.01058579257292624,31,70,39,2,4,3,7,1,24,55,39
680,0,206,1,92,91,0,18,1,34,33,0,18,1,47,46,0.0,0.013853432724054596,1,77,76,3,-1,4,3,0,87,40,16
681,24,230,44,94,50,60,64,40,41,1,24,60,44,55,11,0.0013615167296368155,0.007386228258279724,40,60,20,3,3,3,9,4,35,64,21
682,0,1640,1,100,99,0,88,1,47,46,0,88,1,63,62,0.0,0.01950372715204738,1,82,81,1,-1,2,8,1,30,45,14
683,0,616,1,100,99,0,86,1,42,41,0,86,1,64,63,0.0,0.014874570271282209,1,75,74,2,-1,3,10,0,12,92,15
684,0,206,1,92,91,0,24,1,36,35,0,24,1,53,52,0.0,0.006977773239388679,1,60,59,3,-1,4,4,1,77,45,17
685,622,828,100,100,0,344,344,100,100,0,344,344,100,100,0,0.048878450593961675,0.05129514278906702,96,99,3,3,2,2,11,40,33,3,29
686,154,360,90,98,8,88,88,76,76,0,88,88,79,79,0,0.02049082678103407,0.020831205963443275,85,85,0,3,2,2,4,18,47,5,49
687,0,1640,1,100,99,0,82,1,44,43,0,67,1,57,56,0.0,0.015351101126655093,1,76,75,1,-1,2,10,0,11,80,57
688,237,437,91,99,8,232,232,91,91,0,232,232,93,93,0,0.026004969536063176,0.02889819258654141,90,90,0,3,2,2,10,20,22,23,28
689,128,744,80,100,20,200,200,79,79,0,128,200,80,89,9,0.006399128629293032,0.018244324177133328,57,78,21,2,2,2,12,5,3,47,19
690,22,124,43,77,34,62,62,43,43,0,22,24,43,46,3,0.0019061234214915416,0.0019741992579733825,43,43,0,4,3,3,7,2,43,52,95
691,226,226,89,89,0,224,224,85,85,0,224,224,89,89,0,0.019946220089179345,0.019946220089179345,84,84,0,-1,2,2,11,18,5,30,82
692,0,1640,1,100,99,0,58,1,68,67,0,58,1,69,68,0.0,0.03744171006501242,1,94,93,1,-1,2,4,0,84,92,15
693,142,348,82,97,15,142,142,78,78,0,142,142,84,84,0,0.01232172640321318,0.012866333095067906,72,74,2,3,2,2,8,9,21,27,43
694,32,238,43,90,47,96,96,38,38,0,32,38,43,45,2,0.0013955546478777359,0.0017359338302869397,39,39,0,3,3,3,14,2,17,74,88
695,254,870,91,100,9,314,314,89,89,0,254,294,91,96,5,0.014704380680077607,0.018142210422410564,74,80,6,2,2,2,17,14,20,14,41
696,0,616,1,100,99,0,52,1,37,36,0,42,1,49,48,0.0,0.004731270635487933,1,52,51,2,-1,3,9,0,54,80,13
697,54,670,51,100,49,86,86,63,63,0,54,86,51,66,15,0.007147962830593281,0.012764219340345145,59,72,13,2,3,3,6,4,56,38,62
698,46,662,48,100,52,140,160,65,70,5,46,118,48,77,29,0.0021784267674189047,0.010960209673576363,43,70,27,2,2,2,11,2,33,61,17
699,104,104,71,71,0,148,148,71,71,0,104,104,71,71,0,0.00704584907587052,0.00704584907587052,61,61,0,-1,2,2,9,6,28,26,87
700,306,306,98,98,0,288,288,97,97,0,288,288,97,97,0,0.026243234963749616,0.026243234963749616,89,89,0,-1,2,2,12,15,14,16,85
701,10,110,38,81,43,20,20,36,36,0,10,12,38,39,1,0.0016338200755641784,0.002484768031587188,45,47,2,4,4,4,4,3,77,54,51
702,52,668,65,100,35,22,22,54,54,0,22,22,54,54,0,0.005820484019197386,0.029851254297287178,60,94,34,2,3,3,2,6,99,13,11
703,16,16,46,46,0,22,22,48,48,0,16,16,47,47,0,0.003812246842983083,0.003812246842983083,52,52,0,-1,3,3,2,2,95,94,92
704,90,706,61,100,39,122,122,66,66,0,90,108,61,75,14,0.008951972497362062,0.011232513019503728,66,74,8,2,2,2,8,6,42,34,52
705,84,290,74,98,24,38,38,46,46,0,38,38,51,51,0,0.012594029749140543,0.018380475850097007,77,81,4,3,3,3,3,14,96,14,24
706,250,352,94,99,5,72,72,77,77,0,72,72,77,77,0,0.03094046768099663,0.032029681064706085,91,91,0,4,2,2,3,22,82,9,74
707,36,652,49,100,51,106,106,58,58,0,36,52,49,52,3,0.00439089145307873,0.006399128629293032,52,55,3,2,3,3,11,6,5,73,53
708,0,0,1,1,0,0,0,1,1,0,0,0,1,1,0,0.0,0.0,1,1,0,-1,-1,-1,6,0,40,84,50
709,0,206,1,90,89,0,36,1,35,34,0,21,1,42,41,0.0,0.005446066918547262,1,56,55,3,-1,4,6,0,48,89,25
710,362,2002,96,100,4,240,264,97,98,1,240,264,97,98,1,0.03362946322202934,0.046359644644133564,89,97,8,1,2,2,9,22,31,9,75
711,100,100,58,58,0,100,100,35,35,0,100,100,59,59,0,0.04431736954967834,0.04431736954967834,98,98,0,-1,1,1,17,29,20,1,80
712,63,679,60,100,40,76,86,60,67,7,76,86,65,71,6,0.007522379931243405,0.016338200755641786,61,78,17,2,3,3,6,8,69,57,32
713,189,189,91,91,0,152,152,83,83,0,152,152,86,86,0,0.022328874366043774,0.022328874366043774,84,84,0,-1,2,2,8,20,21,23,80
714,0,1640,1,100,99,0,130,1,58,57,0,68,1,52,51,0.0,0.009905034208107831,1,65,64,1,-1,2,17,0,20,59,62
715,112,728,75,100,25,220,220,82,82,0,112,128,75,79,4,0.009122162088566664,0.011164437183021887,68,70,2,2,2,2,12,4,6,38,46
716,100,100,61,61,0,100,100,40,40,0,100,100,61,61,0,0.023281936076789543,0.03366350114027026,87,90,3,1,1,1,14,7,8,21,13
717,307,923,97,100,3,144,144,98,98,0,144,144,98,98,0,0.04098165356206814,0.05575411007862759,96,99,3,2,2,2,6,29,69,0,18
718,100,100,80,80,0,100,100,98,98,0,100,100,98,98,0,0.09547636066578168,0.10698117703121277,100,100,0,2,1,1,2,16,93,18,33
719,168,784,87,100,13,152,152,94,94,0,152,152,94,94,0,0.012764219340345145,0.017393376221110316,76,81,5,2,2,2,5,7,52,21,70
720,22,228,40,92,52,54,54,35,35,0,22,28,40,43,3,0.0012594029749140542,0.0018720855032506212,40,42,2,3,3,3,8,3,42,51,49
721,16,632,38,100,62,72,82,49,55,6,16,82,38,64,26,0.0021784267674189047,0.009632730862180468,46,67,21,2,3,3,7,1,62,53,57
722,6,622,30,100,70,20,56,33,45,12,6,56,30,57,27,0.0002042275094455223,0.014364001497668403,32,78,46,2,4,3,6,1,74,88,37
723,144,744,82,100,18,128,128,91,91,0,128,128,91,91,0,0.010824058000612683,0.01674665577453283,71,81,10,2,2,2,5,6,52,13,25
724,2,208,29,92,63,9,26,30,34,4,2,26,29,46,17,0.00010211375472276115,0.0045270431260424114,29,51,22,3,5,4,5,1,88,55,47
725,22,22,41,41,0,110,110,59,59,0,22,22,41,41,0,0.0018040096667687805,0.0018040096667687805,43,43,0,-1,3,3,10,2,18,61,67
726,101,101,70,70,0,138,138,69,69,0,101,101,70,70,0,0.007658531604207087,0.007658531604207087,62,62,0,-1,2,2,9,8,28,57,82
727,0,206,1,90,89,0,14,1,28,27,0,6,1,28,27,0.0,0.00030634126416828345,1,33,32,3,-1,4,8,0,30,85,4
728,28,130,45,81,36,86,86,43,43,0,28,30,45,45,0,0.002382654276864427,0.0026209197045508697,46,48,2,4,3,3,10,3,36,54,65
729,56,158,61,88,27,44,44,53,53,0,44,44,58,58,0,0.007692569522448007,0.008407365805507334,63,65,2,4,3,3,4,6,78,34,51
730,291,291,99,99,0,96,96,94,94,0,96,96,94,94,0,0.044453521222642026,0.044453521222642026,94,94,0,-1,2,2,3,29,92,11,40
731,136,752,80,100,20,104,104,73,73,0,104,104,79,79,0,0.014806494434800367,0.019163347969638176,80,84,4,2,2,2,5,8,52,20,70
732,0,0,1,1,0,0,0,1,1,0,0,0,1,1,0,0.0,0.0,1,1,0,-1,-1,-1,6,0,71,85,80
733,6,622,29,100,71,34,158,30,65,35,6,158,29,86,57,0.0002723033459273631,0.032336022328874364,30,92,62,2,4,3,13,1,13,4,2
734,222,222,92,92,0,172,172,86,86,0,172,172,90,90,0,0.02209060893835733,0.02209060893835733,84,84,0,-1,2,2,9,17,29,6,40
735,60,676,65,100,35,44,44,59,59,0,44,44,63,63,0,0.004901460226692535,0.014432077334150244,53,81,28,2,3,3,4,5,72,47,77
736,164,370,88,96,8,206,206,92,92,0,164,172,90,90,0,0.016916845365737433,0.01783586915824228,78,80,2,3,2,2,9,8,31,20,51
737,136,136,80,80,0,104,104,73,73,0,104,104,79,79,0,0.014806494434800367,0.014806494434800367,80,80,0,-1,2,2,5,8,52,20,59
738,100,100,65,65,0,100,100,45,45,0,100,100,65,65,0,0.025766704108376733,0.025766704108376733,87,87,0,-1,1,1,10,5,12,25,76
739,47,149,63,90,27,22,22,49,49,0,22,22,50,50,0,0.006467204465774873,0.006773545729943157,60,61,1,4,3,3,2,8,93,44,56
740,0,0,1,1,0,0,0,1,1,0,0,0,1,1,0,0.0,0.0,1,1,0,-1,-1,-1,12,0,6,89,59
741,306,922,98,100,2,280,280,99,99,0,280,280,99,99,0,0.029374723441914292,0.0352292453793526,89,92,3,2,2,2,10,15,1,16,44
742,16,222,36,91,55,96,96,44,44,0,16,39,36,48,12,0.003880322679464924,0.006773545729943157,51,62,11,3,3,3,11,1,38,90,35
743,22,228,43,92,49,68,68,41,41,0,22,68,43,58,15,0.0005786446100956465,0.006297014874570271,36,60,24,3,3,3,8,2,30,56,48
744,10,10,41,41,0,18,18,38,38,0,10,10,41,41,0,0.0013274788113958951,0.0013274788113958951,41,41,0,-1,4,4,3,3,85,43,89
745,78,694,60,100,40,90,90,67,67,0,78,90,65,69,4,0.008135062459579971,0.02205657102011641,60,83,23,2,2,2,6,4,71,38,12
746,0,206,1,94,93,0,8,1,32,31,0,7,1,36,35,0.0,0.0010892133837094523,1,40,39,3,-1,4,2,0,90,67,61
747,88,704,67,100,33,110,110,80,80,0,88,110,67,82,15,0.010381565063480718,0.013989584397018279,70,78,8,2,2,2,6,4,48,72,22
748,0,101,1,77,76,0,6,1,25,24,0,1,1,25,24,0.0,0.0,1,1,0,5,-1,6,6,0,48,66,58
749,36,1676,44,100,56,92,136,41,63,22,36,112,44,77,33,0.004322815616596889,0.01695088328397835,51,78,27,1,3,2,11,6,33,73,13
750,0,0,1,1,0,0,0,1,1,0,0,0,1,1,0,0.0,0.0,1,1,0,-1,-1,-1,3,0,94,96,45
751,178,794,89,100,11,150,150,65,65,0,150,150,82,82,0,0.009939072126348753,0.01575955614554614,71,79,8,2,3,3,10,14,0,32,48
752,40,656,45,99,54,172,172,66,66,0,40,74,45,54,9,0.003165526396405596,0.008577555396711936,51,62,11,2,2,2,17,3,20,46,38
753,46,46,60,60,0,48,48,63,63,0,48,48,64,64,0,0.008509479560230097,0.008509479560230097,67,67,0,-1,3,3,3,5,82,25,98
754,2,208,28,96,68,4,8,30,33,3,2,8,28,39,11,0.0002723033459273631,0.0028932230504782326,33,47,14,3,5,4,2,1,93,88,75
755,56,672,54,100,46,142,142,71,71,0,56,142,54,81,27,0.005377991082065421,0.017597603730555838,56,80,24,2,2,2,8,3,15,29,19
756,16,222,36,91,55,60,60,52,52,0,16,60,36,55,19,0.0029612988869600733,0.012662105585622384,49,76,27,3,3,3,5,3,61,46,39
757,16,222,42,93,51,22,22,42,42,0,16,22,42,45,3,0.00353994349705572,0.004356853534837809,52,55,3,3,3,3,2,1,68,90,43
758,0,206,1,95,94,0,14,1,31,30,0,14,1,38,37,0.0,0.003812246842983083,1,50,49,3,-1,4,3,0,94,81,35
759,196,196,87,87,0,120,120,85,85,0,120,120,87,87,0,0.020695054290479593,0.020695054290479593,82,82,0,-1,2,2,6,18,74,5,96
760,0,101,1,81,80,0,3,1,24,23,0,1,1,24,23,0.0,0.0,1,1,0,5,-1,6,3,0,66,84,95
761,168,1808,86,100,14,180,204,80,85,5,180,204,87,90,3,0.013036522686272508,0.028625889240614044,72,88,16,1,2,2,11,14,38,32,48
762,8,8,37,37,0,26,26,36,36,0,8,8,37,37,0,0.00030634126416828345,0.00030634126416828345,34,34,0,-1,4,4,5,2,49,56,80
763,2,618,29,100,71,5,20,30,41,11,2,20,29,46,17,0.0,0.010994247591817285,1,71,70,2,5,3,3,1,60,95,32
764,94,710,73,100,27,48,48,60,60,0,48,48,63,63,0,0.012185574730249497,0.015623404472582456,71,77,6,2,3,3,3,8,58,8,63
765,88,294,74,99,25,48,48,72,72,0,48,48,74,74,0,0.012968446849790666,0.023588277340957826,74,85,11,3,3,3,3,8,60,8,12
766,100,100,66,66,0,100,100,66,66,0,100,100,69,69,0,0.021818305592429966,0.02464345280642636,83,87,4,2,1,1,7,2,62,74,54
767,0,0,1,1,0,0,0,1,1,0,0,0,1,1,0,0.0,0.0,1,1,0,-1,-1,-1,9,0,29,98,99
768,0,616,1,100,99,0,34,1,43,42,0,34,1,54,53,0.0,0.02365635317743967,1,86,85,2,-1,3,4,0,72,82,1
769,0,101,1,84,83,0,2,1,24,23,0,1,1,24,23,0.0,3.4037918240920386e-05,1,26,25,6,-1,7,2,0,93,59,68
770,16,16,50,50,0,18,18,51,51,0,16,16,51,51,0,0.0011913271384322134,0.0011913271384322134,39,39,0,-1,3,3,2,2,86,42,66
771,126,742,78,100,22,206,206,75,75,0,126,206,78,89,11,0.012764219340345145,0.020865243881684196,73,82,9,2,2,2,12,8,14,17,31
772,8,624,36,100,64,10,38,31,58,27,8,38,36,61,25,0.0009870996289866913,0.028693965077095884,38,88,50,2,4,3,3,3,92,51,11
773,87,293,62,95,33,156,156,69,69,0,87,101,62,77,15,0.008339289969025495,0.011198475101262807,65,70,5,3,3,3,11,8,33,44,73
774,54,54,62,62,0,48,48,66,66,0,48,48,67,67,0,0.008169100377820893,0.008169100377820893,65,65,0,-1,3,3,3,4,76,72,67
775,0,206,1,94,93,0,24,1,35,34,0,24,1,46,45,0.0,0.003642057251778481,1,52,51,3,-1,4,4,0,53,87,35
776,36,1676,49,100,51,106,170,58,69,11,36,170,49,83,34,0.00439089145307873,0.03352734946730658,52,93,41,1,3,2,11,6,5,73,1
777,122,122,91,91,0,56,56,92,92,0,56,56,92,92,0,0.029544913033118896,0.029544913033118896,91,91,0,-1,2,2,2,17,97,6,81
778,0,616,1,99,98,0,59,1,32,31,0,24,1,42,41,0.0,0.0012253650566731338,1,39,38,2,-1,3,17,1,20,50,64
779,92,92,75,75,0,32,32,58,58,0,32,32,59,59,0,0.012015385139044895,0.012015385139044895,75,75,0,-1,3,3,2,8,68,17,79
780,88,88,60,60,0,126,126,69,69,0,88,88,60,60,0,0.008747744987916539,0.008747744987916539,64,64,0,-1,2,2,7,7,24,62,86
781,16,222,44,92,48,28,28,46,46,0,16,28,43,53,10,0.0031314884781646754,0.01232172640321318,52,73,21,3,3,3,3,1,87,90,33
782,40,1680,49,100,51,98,148,38,63,25,40,93,49,57,8,0.0018720855032506212,0.01147077844719017,43,70,27,1,2,2,14,1,16,49,22
783,84,700,73,100,27,52,62,76,79,3,52,62,77,79,2,0.008543517478471017,0.032029681064706085,64,91,27,2,2,2,3,5,55,47,10
784,490,1106,100,100,0,248,248,98,98,0,248,248,98,98,0,0.055788147996868515,0.06123421491541577,99,99,0,2,2,2,8,36,57,2,73
785,6,6,28,28,0,25,25,30,30,0,6,6,28,28,0,0.00013615167296368154,0.00013615167296368154,29,29,0,-1,4,4,9,1,29,60,59
786,62,268,54,90,36,144,144,63,63,0,62,68,54,55,1,0.004799346471969774,0.0051397256543789785,55,55,0,3,3,3,14,6,17,35,60
787,0,206,1,89,88,0,44,1,35,34,0,19,1,44,43,0.0,0.003642057251778481,1,52,51,3,-1,4,8,0,57,66,22
788,81,1721,58,100,42,126,190,61,76,15,81,190,58,88,30,0.006705469893461316,0.03621634500833929,58,93,35,1,2,2,12,6,3,35,7
789,180,180,90,90,0,120,120,90,90,0,120,120,90,90,0,0.022567139793730217,0.022567139793730217,82,82,0,-1,2,2,6,17,69,6,84
790,0,206,1,91,90,0,22,1,28,27,0,8,1,32,31,0.0,0.0004084550188910446,1,34,33,3,-1,4,10,0,0,86,63
791,0,101,1,79,78,0,3,1,25,24,0,1,1,25,24,0.0,3.4037918240920386e-05,1,27,26,5,-1,6,3,0,58,59,95
792,16,1656,32,100,68,88,178,37,69,32,16,178,32,86,54,0.0004084550188910446,0.0245413390517036,36,90,54,1,3,2,14,1,8,49,9
793,0,616,1,100,99,0,44,1,33,32,0,16,1,31,30,0.0,0.0011913271384322134,1,38,37,2,-1,3,14,0,17,96,42
794,253,459,99,100,1,56,56,88,88,0,56,56,88,88,0,0.044045066203750975,0.04898056434868443,97,97,0,3,2,2,2,40,93,3,48
795,100,100,69,69,0,100,100,57,57,0,100,100,69,69,0,0.06273188331801627,0.06273188331801627,100,100,0,-1,1,1,8,40,57,3,98
796,0,616,1,99,98,0,68,1,33,32,0,18,1,39,38,0.0,0.0012594029749140542,1,39,38,2,-1,3,17,0,20,84,61
797,16,16,34,34,0,90,90,42,42,0,16,16,34,34,0,0.0009870996289866913,0.0009870996289866913,38,38,0,-1,3,3,12,2,3,42,59
798,6,622,31,100,69,12,22,37,53,16,6,22,31,53,22,0.004288777698355968,0.039824364341876854,51,97,46,2,4,3,2,1,99,90,2
799,16,632,31,100,69,90,110,39,56,17,16,97,31,58,27,0.0023486163586235067,0.012866333095067906,45,70,25,2,3,3,14,2,25,94,19
800,271,271,96,96,0,112,112,97,97,0,112,112,97,97,0,0.03594404166241193,0.03594404166241193,92,92,0,-1,2,2,4,29,84,11,69
801,343,959,97,100,3,152,152,96,96,0,152,152,96,96,0,0.035195207461111676,0.04649579631709724,90,96,6,2,2,2,5,30,80,7,12
802,82,82,76,76,0,46,46,83,83,0,46,46,83,83,0,0.01320671227747711,0.01320671227747711,74,74,0,-1,2,2,2,8,99,44,82
803,100,100,81,81,0,100,100,98,98,0,100,100,98,98,0,0.07835528779059872,0.0813165866775588,99,99,0,3,1,1,2,2,99,94,57
804,22,123,41,81,40,70,70,41,41,0,22,23,41,44,3,0.0009190237925048504,0.0009530617107457708,37,39,2,6,3,3,9,2,23,74,58
805,6,212,31,97,66,12,12,37,37,0,6,12,31,41,10,0.00034037918240920387,0.004595118962524252,32,52,20,3,4,4,2,1,99,4,38
806,2,618,29,100,71,8,34,31,46,15,2,34,29,54,25,0.0002382654276864427,0.011402702610708328,32,73,41,2,5,3,4,1,77,55,39
807,40,142,57,87,30,38,38,55,55,0,38,38,58,58,0,0.004969536063174376,0.0063650907110521125,58,61,3,4,3,3,3,6,76,41,83
808,96,302,71,95,24,94,94,70,70,0,94,94,72,72,0,0.012491915994417782,0.01674665577453283,73,81,8,3,2,2,5,6,37,77,38
809,98,304,68,96,28,86,86,56,56,0,86,86,62,62,0,0.01405766023350012,0.01674665577453283,76,78,2,3,3,3,6,9,51,39,90
810,36,242,46,93,47,68,68,41,41,0,36,42,46,48,2,0.00353994349705572,0.0051397256543789785,51,55,4,3,3,3,8,6,42,73,83
811,160,262,92,99,7,80,80,97,97,0,80,80,97,97,0,0.037850165083903466,0.03975628850539501,95,96,1,4,2,2,2,18,93,30,90
812,18,119,45,85,40,28,28,44,44,0,18,19,45,46,1,0.001599782157323258,0.001599782157323258,41,41,0,5,3,3,3,2,92,61,55
813,250,866,92,100,8,208,208,88,88,0,208,208,89,89,0,0.01943565131556554,0.027808979202831954,81,90,9,2,2,2,10,18,22,5,17
814,139,755,85,100,15,64,64,68,68,0,64,64,70,70,0,0.016712617856291908,0.023622315259198747,80,85,5,2,3,3,4,18,78,5,22
815,0,616,1,100,99,0,54,1,54,53,0,54,1,59,58,0.0,0.03315293236665646,1,91,90,2,-1,3,4,0,84,82,2
816,135,135,81,81,0,220,220,84,84,0,135,135,81,81,0,0.008407365805507334,0.008407365805507334,63,63,0,-1,2,2,12,8,14,57,91
817,0,616,1,100,99,0,28,1,44,43,0,28,1,51,50,0.0,0.028728002995336805,1,94,93,2,-1,3,3,0,94,80,3
818,151,251,88,96,8,72,72,83,83,0,72,72,83,83,0,0.024609414888185438,0.024609414888185438,87,87,0,5,2,2,3,15,58,16,95
819,16,1656,33,100,67,120,154,60,65,5,16,154,33,84,51,0.0034718676605738795,0.028013206712277475,49,89,40,1,3,2,10,1,0,90,23
820,108,724,85,100,15,72,72,80,80,0,72,72,80,80,0,0.020150447598624867,0.026992069165049867,85,91,6,2,2,2,3,9,66,39,31
821,6,212,32,92,60,14,18,35,37,2,6,18,32,46,14,0.0013274788113958951,0.013070560604513427,40,77,37,3,4,4,3,1,76,71,37
822,128,1768,84,100,16,318,352,91,95,4,128,352,84,96,12,0.011913271384322134,0.040198781442526976,72,95,23,1,2,2,16,5,4,25,1
823,158,364,84,96,12,142,142,72,72,0,142,142,83,83,0,0.00980292045338507,0.010687906327649,69,71,2,3,2,2,8,9,42,31,51
824,12,628,37,100,63,12,22,36,41,5,12,22,37,45,8,0.0014636304843595766,0.009632730862180468,43,68,25,2,4,3,2,3,68,51,62
825,96,1736,56,100,44,190,234,69,75,6,96,234,56,92,36,0.007011811157629599,0.030225671397937304,59,90,31,1,2,2,16,6,4,35,15
826,0,206,1,92,91,0,31,1,30,29,0,9,1,33,32,0.0,0.00088498587426393,1,36,35,3,-1,4,10,0,36,91,64
827,0,616,1,100,99,0,70,1,40,39,0,42,1,52,51,0.0,0.007011811157629599,1,63,62,2,-1,3,9,0,23,92,25
828,54,54,65,65,0,38,38,61,61,0,38,38,63,63,0,0.006501242384015794,0.006501242384015794,63,63,0,-1,3,3,3,4,81,38,92
829,96,712,71,100,29,94,94,70,70,0,94,94,72,72,0,0.012491915994417782,0.021409850573538922,73,85,12,2,2,2,5,6,37,77,33
830,18,224,43,94,51,62,62,47,47,0,18,24,43,48,5,0.0019061234214915416,0.0022465026039007454,45,45,0,3,3,3,6,2,59,61,88
831,12,114,37,80,43,26,26,36,36,0,12,16,37,39,2,0.0020422750944552232,0.0028591851322373124,45,49,4,4,4,4,5,2,45,75,74
832,6,622,28,100,72,20,34,33,35,2,6,28,28,45,17,0.0005786446100956465,0.0034037918240920387,36,47,11,2,4,3,6,2,56,42,74
833,66,682,69,100,31,38,38,59,59,0,38,38,62,62,0,0.006773545729943157,0.02484768031587188,61,88,27,2,3,3,3,6,92,13,5
834,389,595,100,100,0,128,128,96,96,0,128,128,96,96,0,0.051499370298512544,0.0545968208584363,98,98,0,3,2,2,5,36,49,2,29
835,16,222,35,89,54,110,110,62,62,0,16,23,35,44,9,0.001940161339732462,0.002314578440382586,42,45,3,3,3,3,10,1,22,53,56
836,80,181,72,90,18,88,88,80,80,0,88,88,81,81,0,0.014295925661186561,0.014466115252391163,78,78,0,5,2,2,4,5,77,25,55
837,74,74,67,67,0,94,94,78,78,0,74,74,70,70,0,0.00881582082439838,0.00881582082439838,68,68,0,-1,2,2,5,6,88,26,81
838,100,100,60,60,0,100,100,50,50,0,100,100,60,60,0,0.06855236733721366,0.07311344838149698,100,100,0,2,1,1,9,36,28,2,57
839,214,316,96,100,4,56,56,82,82,0,56,56,82,82,0,0.03887130263113108,0.03900745430409476,97,97,0,4,2,2,2,27,89,10,4
840,100,100,74,74,0,100,100,80,80,0,100,100,80,80,0,0.06535280302256714,0.08826032199870656,99,100,1,2,1,1,5,29,45,0,7
841,0,0,1,1,0,0,0,1,1,0,0,0,1,1,0,0.0,0.0,1,1,0,-1,-1,-1,11,0,38,98,96
842,22,228,51,93,42,34,34,47,47,0,22,28,51,54,3,0.003369753905851118,0.004663194799006093,51,55,4,3,3,3,4,2,77,83,94
843,0,616,1,100,99,0,38,1,35,34,0,20,1,44,43,0.0,0.005377991082065421,1,56,55,2,-1,3,8,0,57,93,73
844,112,728,71,100,29,204,224,79,84,5,112,224,71,88,17,0.009224275843289425,0.024405187378739916,62,86,24,2,2,2,11,7,5,62,18
845,105,105,83,83,0,64,64,68,68,0,64,64,70,70,0,0.010075223799312433,0.010075223799312433,70,70,0,-1,3,3,4,13,78,24,89
846,0,0,1,1,0,0,0,1,1,0,0,0,1,1,0,0.0,0.0,1,1,0,-1,-1,-1,12,0,14,66,93
847,0,0,1,1,0,0,0,1,1,0,0,0,1,1,0,0.0,0.0,1,1,0,-1,-1,-1,6,0,44,36,99
848,6,212,27,90,63,21,37,28,30,2,6,12,27,31,4,0.00013615167296368154,0.000442492937131965,29,36,7,3,4,4,14,2,8,58,49
849,0,1640,1,100,99,0,94,1,51,50,0,94,1,64,63,0.0,0.02835358589468668,1,89,88,1,-1,2,9,0,35,84,15
850,270,886,91,100,9,286,286,88,88,0,270,286,91,93,2,0.0212056230640934,0.027808979202831954,81,90,9,2,2,2,14,18,25,30,77
851,224,224,91,91,0,206,206,81,81,0,206,206,90,90,0,0.02011640968038395,0.02011640968038395,80,80,0,-1,2,2,12,16,3,18,92
852,0,616,1,100,99,0,38,1,54,53,0,38,1,57,56,0.0,0.013887470642295518,1,77,76,2,-1,3,3,0,76,99,14
853,0,0,1,1,0,0,0,1,1,0,0,0,1,1,0,0.0,0.0,1,1,0,-1,-1,-1,5,0,80,98,87
854,2,208,27,93,66,6,14,27,30,3,2,10,27,34,7,6.807583648184077e-05,0.0015657442390823377,28,42,14,3,5,4,5,1,63,68,52
855,18,634,48,100,52,34,44,47,52,5,18,44,48,57,9,0.0020082371762143027,0.008407365805507334,45,64,19,2,3,3,4,2,78,61,72
856,1,207,25,92,67,3,18,25,37,12,1,18,25,46,21,0.0,0.009156200006807584,1,69,68,3,6,4,3,1,76,78,39
857,16,16,33,33,0,136,136,59,59,0,16,16,33,33,0,0.0023486163586235067,0.0023486163586235067,43,43,0,-1,3,3,16,2,4,94,92
858,202,818,89,100,11,144,144,88,88,0,144,144,88,88,0,0.021409850573538922,0.027162258756254467,84,88,4,2,2,2,6,18,44,5,31
859,6,6,30,30,0,23,23,32,32,0,6,6,30,30,0,0.0002042275094455223,0.0002042275094455223,31,31,0,-1,4,4,6,1,34,60,79
860,10,626,40,100,60,24,34,38,43,5,10,34,40,54,14,0.0009190237925048504,0.01606589740971442,38,80,42,2,4,3,4,3,72,43,6
861,34,650,49,100,51,108,158,58,65,7,34,158,49,86,37,0.0012934408931549745,0.02021852343510671,38,81,43,2,3,3,13,4,13,64,16
862,49,1689,52,100,48,98,132,53,72,19,49,132,52,82,30,0.004833384390210695,0.04053916062493618,54,95,41,1,3,2,8,4,30,22,1
863,62,1702,52,100,48,174,208,67,73,6,62,160,52,81,29,0.0031314884781646754,0.018142210422410564,50,82,32,1,2,2,15,6,7,70,33
864,1,102,26,78,52,5,5,26,26,0,1,2,26,28,2,3.4037918240920386e-05,0.00013615167296368154,26,30,4,5,6,6,5,1,88,68,55
865,404,404,99,99,0,128,128,92,92,0,128,128,92,92,0,0.04418121787671466,0.04418121787671466,97,97,0,-1,2,2,5,40,50,3,93
866,239,340,96,99,3,72,72,77,77,0,72,72,79,79,0,0.032336022328874364,0.032336022328874364,93,93,0,6,2,2,3,29,96,0,68
867,100,100,71,71,0,100,100,79,79,0,100,100,79,79,0,0.03584192790768916,0.05769427141836005,92,100,8,1,1,1,5,6,70,34,64
868,86,86,60,60,0,142,142,66,66,0,86,86,60,60,0,0.009122162088566664,0.009122162088566664,69,69,0,-1,3,3,12,6,3,34,99
869,6,108,31,84,53,12,12,37,37,0,6,8,31,37,6,0.00034037918240920387,0.0035739814152966403,32,50,18,4,4,4,2,1,99,4,90
870,272,888,95,100,5,280,280,93,93,0,280,280,95,95,0,0.02559651451717213,0.027808979202831954,86,89,3,2,2,2,13,20,13,23,61
871,0,101,1,77,76,0,10,1,25,24,0,1,1,25,24,0.0,3.4037918240920386e-05,1,26,25,5,-1,6,10,0,1,93,58
872,42,144,58,89,31,48,48,59,59,0,48,48,63,63,0,0.007862759113652609,0.008169100377820893,63,63,0,4,3,3,3,5,75,25,42
873,56,1696,53,100,47,144,168,76,81,5,56,168,53,84,31,0.010007147962830594,0.03315293236665646,70,91,21,1,3,2,9,5,54,25,37
874,42,658,57,100,43,46,56,81,81,0,42,56,81,81,0,0.010007147962830594,0.02198849518363457,70,86,16,2,2,2,2,2,89,74,48
875,22,1662,44,100,56,76,100,60,76,16,22,100,44,76,32,0.0026549576227917903,0.030566050580346504,46,92,46,1,3,2,6,2,69,52,37
876,34,34,49,49,0,94,94,51,51,0,34,34,49,49,0,0.0033016780693692774,0.0033016780693692774,47,47,0,-1,3,3,9,6,26,70,79
877,90,706,65,100,35,136,136,81,81,0,90,136,66,81,15,0.011777119711358454,0.015385139044896015,72,77,5,2,2,2,7,6,43,77,22
878,14,630,40,100,60,14,28,34,47,13,14,28,40,53,13,0.0010211375472276116,0.01330882603219987,40,77,37,2,4,3,3,4,55,64,44
879,68,274,57,94,37,110,110,78,78,0,68,110,58,81,23,0.008679669151434699,0.021852343510670887,66,84,18,3,2,2,6,4,51,72,6
880,12,628,36,100,64,14,28,32,42,10,12,28,36,48,12,0.0012934408931549745,0.02215868477483917,41,87,46,2,4,3,3,3,96,51,0
881,0,206,1,87,86,0,30,1,28,27,0,6,1,27,26,0.0,0.0004084550188910446,1,34,33,3,-1,4,16,0,9,97,49
882,0,616,1,100,99,0,74,1,35,34,0,74,1,56,55,0.0,0.00789679703189353,1,64,63,2,-1,3,12,0,3,86,32
883,291,291,98,98,0,56,56,76,76,0,56,56,77,77,0,0.03638653459954389,0.03638653459954389,95,95,0,-1,2,2,2,29,68,1,67
884,0,0,1,1,0,0,0,1,1,0,0,0,1,1,0,0.0,0.0,1,1,0,-1,-1,-1,5,0,80,87,50
885,16,632,36,100,64,52,62,39,42,3,16,44,36,51,15,0.001055175465468532,0.005037611899656217,38,53,15,2,3,3,7,1,43,71,41
886,0,616,1,100,99,0,62,1,36,35,0,42,1,51,50,0.0,0.006943735321147759,1,60,59,2,-1,3,10,0,22,93,21
887,14,14,45,45,0,12,12,35,35,0,12,12,42,42,0,0.002825147213996392,0.002825147213996392,50,50,0,-1,4,4,2,6,98,70,85
888,100,100,69,69,0,100,100,76,76,0,100,100,76,76,0,0.045134279587460434,0.04683617549950645,95,96,1,3,1,1,5,13,80,33,75
889,0,206,1,89,88,0,34,1,31,30,0,24,1,40,39,0.0,0.005037611899656217,1,53,52,3,-1,4,9,0,29,97,34
890,100,100,63,63,0,100,100,47,47,0,100,100,63,63,0,0.037850165083903466,0.04605330337996528,96,96,0,2,1,1,10,16,22,18,77
891,32,134,47,80,33,96,96,43,43,0,32,34,47,48,1,0.0030974505599237552,0.003267640151128357,50,50,0,4,3,3,11,2,19,75,4
892,210,416,90,98,8,256,256,94,94,0,210,256,91,95,4,0.018176248340651485,0.01940161339732462,79,79,0,3,2,2,10,9,11,39,43
893,22,228,45,91,46,40,40,41,41,0,22,40,45,53,8,0.0015657442390823377,0.007318152421797883,40,62,22,3,3,3,5,2,80,74,24
894,6,212,32,91,59,20,24,34,39,5,6,12,32,41,9,0.0005105687736138058,0.0016338200755641784,37,42,5,3,4,4,4,1,84,49,61
895,38,1678,53,100,47,88,122,52,71,19,38,122,53,80,27,0.0028932230504782326,0.03478675244222063,50,94,44,1,3,2,8,6,21,70,1
896,100,100,67,67,0,100,100,57,57,0,100,100,67,67,0,0.02658361414615882,0.02828551005820484,88,88,0,3,1,1,8,6,21,34,46
897,0,206,1,88,87,0,30,1,33,32,0,15,1,34,33,0.0,0.0024166921951053475,1,46,45,3,-1,4,7,0,24,99,41
898,22,638,46,100,54,22,32,42,57,15,22,32,45,59,14,0.0017359338302869397,0.022635215630212056,41,88,47,2,3,3,2,2,91,61,12
899,0,0,1,1,0,0,0,1,1,0,0,0,1,1,0,0.0,0.0,1,1,0,-1,-1,-1,7,0,43,81,80
900,2,618,27,100,73,4,22,27,41,14,2,22,27,44,17,0.00013615167296368154,0.012185574730249497,29,75,46,2,5,3,2,1,91,65,5
901,330,530,97,100,3,104,104,85,85,0,104,104,86,86,0,0.03223390857415161,0.036488648354266656,91,94,3,3,2,2,5,29,37,1,31
902,50,50,61,61,0,22,22,48,48,0,22,22,51,51,0,0.005071649817897137,0.005071649817897137,56,56,0,-1,3,3,2,5,95,47,92
903,22,123,51,83,32,38,38,49,49,0,22,23,51,52,1,0.0040845501889104465,0.004220701861874128,54,54,0,5,3,3,3,3,87,29,65
904,0,206,1,92,91,0,26,1,35,34,0,20,1,42,41,0.0,0.004629156880765172,1,53,52,3,-1,4,5,0,63,98,72
905,22,123,53,84,31,22,22,52,52,0,22,22,54,54,0,0.0020763130126961434,0.002144388849177984,47,47,0,6,3,3,2,2,86,52,78
906,100,100,61,61,0,100,100,40,40,0,100,100,61,61,0,0.02382654276864427,0.04846999557507063,89,98,9,1,1,1,14,14,8,14,15
907,1,1,26,26,0,4,4,26,26,0,1,1,26,26,0,0.0,0.0,1,1,0,-1,6,6,4,1,72,68,91
908,58,58,72,72,0,22,22,55,55,0,22,22,57,57,0,0.006943735321147759,0.006943735321147759,63,63,0,-1,3,3,2,13,97,24,40
909,220,420,98,100,2,56,56,92,92,0,56,56,92,92,0,0.0480955784744205,0.049048640185166276,96,96,0,3,2,2,2,40,97,3,54
910,150,766,86,100,14,240,240,89,89,0,150,240,86,93,7,0.01412573606998196,0.021069471391129718,73,82,9,2,2,2,12,8,6,17,34
911,2,618,27,100,73,14,58,28,39,11,2,58,27,60,33,6.807583648184077e-05,0.013819394805813677,27,76,49,2,5,3,8,1,39,95,6
912,0,0,1,1,0,0,0,1,1,0,0,0,1,1,0,0.0,0.0,1,1,0,-1,-1,-1,12,0,14,86,50
913,166,372,87,98,11,120,120,83,83,0,120,120,85,85,0,0.015589366554341537,0.021614078082984444,79,85,6,3,2,2,6,14,59,14,21
914,16,222,36,90,54,68,68,45,45,0,16,30,36,47,11,0.001599782157323258,0.0028591851322373124,40,47,7,3,3,3,7,2,43,42,54
915,22,1662,45,100,55,46,100,41,65,24,22,100,45,71,26,0.002552843868069029,0.04312604241124613,46,95,49,1,3,2,6,2,59,83,3
916,0,0,1,1,0,0,0,1,1,0,0,0,1,1,0,0.0,0.0,1,1,0,-1,-1,-1,15,0,7,97,85
917,34,240,53,94,41,28,28,45,45,0,28,28,50,50,0,0.005922597773920147,0.006535280302256714,59,59,0,3,3,3,3,4,58,72,49
918,260,876,94,100,6,224,224,98,98,0,224,224,98,98,0,0.021648116001225366,0.029817216379046257,84,88,4,2,2,2,8,18,10,5,77
919,58,264,59,97,38,38,38,57,57,0,38,38,59,59,0,0.008611593314952858,0.015351101126655093,65,78,13,3,3,3,3,6,55,34,32
920,0,616,1,99,98,0,50,1,33,32,0,22,1,39,38,0.0,0.0016338200755641784,1,42,41,2,-1,3,12,0,6,93,52
921,0,0,1,1,0,0,0,1,1,0,0,0,1,1,0,0.0,0.0,1,1,0,-1,-1,-1,12,0,6,91,45
922,14,116,42,80,38,24,24,40,40,0,14,24,42,51,9,0.0012934408931549745,0.0027911092957554717,41,47,6,4,4,4,4,4,47,64,83
923,0,206,1,93,92,0,26,1,35,34,0,26,1,48,47,0.0,0.010824058000612683,1,74,73,3,-1,4,5,0,45,81,12
924,144,760,82,100,18,194,204,78,84,6,144,204,82,92,10,0.007692569522448007,0.03002144388849178,62,90,28,2,2,2,11,6,19,13,0
925,42,658,51,100,49,110,110,61,61,0,40,74,50,59,9,0.0037441710065012424,0.008577555396711936,52,65,13,2,3,3,10,6,1,41,62
926,28,28,49,49,0,34,34,39,39,0,28,28,49,49,0,0.0021784267674189047,0.0021784267674189047,45,45,0,-1,3,3,4,3,53,54,69
927,67,67,58,58,0,88,88,49,49,0,67,67,58,58,0,0.005377991082065421,0.005377991082065421,57,57,0,-1,3,3,8,6,30,35,89
928,16,632,33,100,67,25,52,32,39,7,16,52,33,53,20,0.0005786446100956465,0.009734844616903231,34,68,34,2,3,3,6,1,51,60,32
929,0,616,1,100,99,0,64,1,38,37,0,52,1,54,53,0.0,0.008305252050784574,1,65,64,2,-1,3,8,0,10,97,77
930,0,616,1,100,99,0,56,1,38,37,0,44,1,53,52,0.0,0.0057524081827155455,1,56,55,2,-1,3,8,0,10,67,72
931,0,206,1,91,90,0,16,1,32,31,0,16,1,40,39,0.0,0.002586881786309949,1,49,48,3,-1,4,4,0,83,76,35
932,100,100,70,70,0,100,100,53,53,0,100,100,70,70,0,0.03985840226011777,0.03985840226011777,94,94,0,-1,1,1,9,15,31,16,98
933,14,220,41,95,54,18,18,38,38,0,14,18,41,43,2,0.0011232513019503727,0.0048674223084516155,40,52,12,3,4,4,3,4,96,64,13
934,0,0,1,1,0,0,0,1,1,0,0,0,1,1,0,0.0,0.0,1,1,0,-1,-1,-1,8,0,42,98,86
935,32,238,47,93,46,80,80,42,42,0,32,43,47,53,6,0.002552843868069029,0.005207801490860819,47,55,8,3,3,3,10,2,36,75,73
936,0,206,1,91,90,0,30,1,31,30,0,6,1,27,26,0.0,0.002723033459273631,1,45,44,3,-1,4,9,0,31,80,90
937,309,909,98,100,2,120,120,100,100,0,120,120,100,100,0,0.04499812791449675,0.05231628033629463,96,96,0,2,2,2,3,29,76,11,17
938,70,70,59,59,0,118,118,66,66,0,70,70,59,59,0,0.0063650907110521125,0.0063650907110521125,60,60,0,-1,3,3,8,6,30,26,79
939,6,212,32,91,59,24,24,38,38,0,6,24,32,49,17,0.002723033459273631,0.008203138296061813,48,65,17,3,4,4,4,3,79,46,72
940,22,22,40,40,0,176,176,63,63,0,22,22,40,40,0,0.0018040096667687805,0.0018040096667687805,41,41,0,-1,3,3,16,2,4,61,36
941,118,324,81,99,18,78,78,77,77,0,78,78,77,77,0,0.015623404472582456,0.017121072875182955,79,80,1,3,2,2,4,13,84,33,52
942,183,799,90,100,10,144,144,95,95,0,144,144,95,95,0,0.017801831240001363,0.03077027808979203,79,91,12,2,2,2,6,15,56,19,18
943,104,206,78,92,14,70,70,56,56,0,70,70,63,63,0,0.012253650566731339,0.012662105585622384,72,73,1,4,3,3,5,8,37,8,56
944,438,638,97,100,3,352,352,96,96,0,352,352,96,96,0,0.035195207461111676,0.036760951700194014,93,94,1,3,2,2,13,27,13,10,46
945,222,1862,89,100,11,294,318,86,89,3,222,318,89,97,8,0.009973110044589673,0.036760951700194014,66,94,28,1,2,2,17,13,20,24,1
946,0,102,1,77,76,0,12,1,28,27,0,2,1,25,24,0.0,0.0002042275094455223,1,30,29,4,-1,5,8,0,30,92,88
947,22,22,43,43,0,40,40,40,40,0,22,22,43,43,0,0.0012934408931549745,0.0012934408931549745,41,41,0,-1,3,3,5,2,52,74,93
948,46,148,68,93,25,32,32,67,67,0,32,32,68,68,0,0.00966676878042139,0.010960209673576363,69,72,3,4,3,3,2,5,97,25,53
949,0,0,1,1,0,0,0,1,1,0,0,0,1,1,0,0.0,0.0,1,1,0,-1,-1,-1,7,1,62,45,66
950,0,206,1,93,92,0,18,1,33,32,0,16,1,40,39,0.0,0.00353994349705572,1,51,50,3,-1,4,5,0,49,99,38
951,6,108,29,73,44,21,21,29,29,0,6,8,29,34,5,0.00010211375472276115,0.0002382654276864427,30,33,3,4,4,4,9,1,28,65,55
952,54,260,59,95,36,60,60,52,52,0,54,60,60,61,1,0.006909697402906838,0.007760645358929848,60,63,3,3,3,3,5,7,45,62,64
953,0,616,1,100,99,0,72,1,44,43,0,72,1,58,57,0.0,0.009326389598012186,1,66,65,2,-1,3,7,0,24,99,27
954,0,0,1,1,0,0,0,1,1,0,0,0,1,1,0,0.0,0.0,1,1,0,-1,-1,-1,6,0,48,97,69
955,0,0,1,1,0,0,0,1,1,0,0,0,1,1,0,0.0,0.0,1,1,0,-1,-1,-1,12,0,2,89,80
956,76,76,63,63,0,34,34,39,39,0,34,34,46,46,0,0.009734844616903231,0.009734844616903231,64,64,0,-1,3,3,4,13,67,24,91
957,44,250,66,100,34,32,32,67,67,0,32,32,68,68,0,0.009224275843289425,0.022669253548452978,68,85,17,3,3,3,2,6,97,34,15
958,190,396,88,98,10,228,228,89,89,0,190,204,88,90,2,0.015351101126655093,0.018210286258892407,78,79,1,3,2,2,11,9,38,27,73
959,6,107,29,74,45,21,21,29,29,0,6,6,29,29,0,0.00030634126416828345,0.0004084550188910446,33,33,0,5,4,4,10,1,22,55,78
960,134,340,77,97,20,228,228,77,77,0,134,140,77,78,1,0.006569318220497634,0.006909697402906838,58,59,1,3,2,2,15,6,7,13,88
961,0,206,1,95,94,0,12,1,40,39,0,12,1,40,39,0.0,0.0053099152455835805,1,54,53,3,-1,4,2,0,95,80,57
962,298,298,95,95,0,160,160,93,93,0,160,160,94,94,0,0.02900030634126417,0.02900030634126417,89,89,0,-1,2,2,7,22,62,9,86
963,152,768,86,100,14,256,256,90,90,0,152,256,86,93,7,0.01596378365499166,0.026923993328568024,76,88,12,2,2,2,13,9,13,39,19
964,0,206,1,96,95,0,18,1,35,34,0,18,1,44,43,0.0,0.011266550937744648,1,77,76,3,-1,4,3,0,75,40,30
965,0,0,1,1,0,0,0,1,1,0,0,0,1,1,0,0.0,0.0,1,1,0,-1,-1,-1,3,0,76,80,97
966,100,100,60,60,0,100,100,40,40,0,100,100,60,60,0,0.04350045951189625,0.0547670104496409,97,99,2,2,1,1,14,22,25,9,12
967,16,16,32,32,0,110,110,56,56,0,16,16,32,32,0,0.0007488342013002485,0.0007488342013002485,36,36,0,-1,3,3,17,1,20,49,66
968,318,918,96,100,4,200,200,95,95,0,200,200,95,95,0,0.03260832567480173,0.03693114129139862,91,94,3,2,2,2,8,22,21,9,48
969,0,616,1,100,99,0,34,1,46,45,0,34,1,54,53,0.0,0.010892133837094524,1,73,72,2,-1,3,4,0,77,59,39
970,0,0,1,1,0,0,0,1,1,0,0,0,1,1,0,0.0,0.0,1,1,0,-1,-1,-1,3,0,58,59,76
971,340,940,100,100,0,120,120,100,100,0,120,120,100,100,0,0.055209503386772864,0.0634466796010756,97,98,1,2,2,2,3,40,81,3,27
972,164,370,85,99,14,144,144,88,88,0,144,144,89,89,0,0.020763130126961436,0.022396950202525613,84,86,2,3,2,2,6,12,34,37,61
973,0,1640,1,100,99,0,140,1,64,63,0,140,1,81,80,0.0,0.027128220838013545,1,89,88,1,-1,2,11,0,33,91,9
974,170,370,88,96,8,150,150,85,85,0,150,150,89,89,0,0.017155110793423873,0.02658361414615882,82,89,7,3,2,2,7,13,46,33,18
975,0,0,1,1,0,0,0,1,1,0,0,0,1,1,0,0.0,0.0,1,1,0,-1,-1,-1,4,0,53,91,50
976,56,158,51,80,29,112,112,67,67,0,56,58,52,54,2,0.0051397256543789785,0.005173763572619898,55,55,0,4,2,2,8,3,27,29,4
977,1,207,25,94,69,3,14,25,31,6,1,14,25,40,15,3.4037918240920386e-05,0.0011913271384322134,29,40,11,3,6,4,3,1,96,78,43
978,32,238,49,94,45,48,48,47,47,0,32,48,49,53,4,0.001599782157323258,0.0057524081827155455,43,57,14,3,3,3,6,3,65,51,13
979,18,224,40,91,51,46,46,37,37,0,18,46,40,53,13,0.0005446066918547262,0.004799346471969774,37,55,18,3,3,3,8,2,10,56,57
980,80,182,73,93,20,48,48,67,67,0,48,48,70,70,0,0.007352190340038803,0.007794683277170768,61,61,0,4,3,3,3,6,96,28,42
981,6,6,29,29,0,24,24,32,32,0,6,6,29,29,0,0.0,0.0,1,1,0,-1,4,4,8,1,42,95,85
982,34,650,49,100,51,94,104,51,65,14,34,104,49,78,29,0.0033016780693692774,0.033050818611933694,47,93,46,2,3,3,9,6,26,70,2
983,22,22,42,42,0,66,66,37,37,0,22,22,42,42,0,0.0011232513019503727,0.0011232513019503727,38,38,0,-1,3,3,10,2,22,74,96
984,1,1,26,26,0,8,8,26,26,0,1,1,26,26,0,6.807583648184077e-05,6.807583648184077e-05,27,27,0,-1,6,6,8,2,39,58,79
985,0,616,1,100,99,0,26,1,36,35,0,26,1,43,42,0.0,0.005786446100956465,1,53,52,2,-1,3,4,0,67,98,41
986,92,708,71,100,29,84,94,77,77,0,84,94,78,78,0,0.011028285510058205,0.02236291228428469,71,86,15,2,2,2,5,7,88,48,12
987,22,638,49,100,51,22,22,47,47,0,22,22,52,52,0,0.002144388849177984,0.020763130126961436,45,86,41,2,3,3,2,2,89,52,23
988,0,616,1,100,99,0,64,1,45,44,0,52,1,55,54,0.0,0.008713707069675619,1,65,64,2,-1,3,8,0,21,79,77
989,1,1,26,26,0,6,6,26,26,0,1,1,26,26,0,0.00010211375472276115,0.00010211375472276115,30,30,0,-1,6,6,6,1,32,78,82
990,73,689,61,100,39,68,68,66,66,0,73,68,69,69,0,0.006773545729943157,0.01865277919602437,58,81,23,2,2,2,4,4,53,22,12
991,0,102,1,76,75,0,10,1,26,25,0,2,1,26,25,0.0,3.4037918240920386e-05,1,26,25,4,-1,5,9,0,54,82,65
992,202,303,93,95,2,172,172,85,85,0,172,172,90,90,0,0.015555328636100617,0.015555328636100617,78,78,0,5,2,2,9,14,23,32,95
993,0,616,1,100,99,0,28,1,42,41,0,28,1,49,48,0.0,0.008237176214302734,1,67,66,2,-1,3,3,0,66,92,48
994,0,206,1,93,92,0,20,1,34,33,0,20,1,47,46,0.0,0.0036760951700194017,1,52,51,3,-1,4,4,0,73,40,28
995,22,638,41,100,59,52,62,40,47,7,22,62,41,57,16,0.002110350930937064,0.0088498587426393,42,66,24,2,3,3,6,2,56,83,44
996,1,1,26,26,0,3,3,26,26,0,1,1,26,26,0,3.4037918240920386e-05,3.4037918240920386e-05,27,27,0,-1,6,6,3,1,58,68,96
997,0,101,1,83,82,0,2,1,24,23,0,1,1,24,23,0.0,0.0002382654276864427,1,29,28,5,-1,6,2,0,99,96,60
998,100,100,59,59,0,100,100,46,46,0,100,100,59,59,0,0.01940161339732462,0.030429898907382825,82,90,8,1,1,1,11,6,5,28,54
999,22,638,41,100,59,66,66,50,50,0,22,44,41,49,8,0.002723033459273631,0.006569318220497634,45,57,12,2,3,3,6,2,56,52,75
