,FreeNet_pre_score,FreeNet_post_score,FreeNet_pre_rank,FreeNet_post_rank,FreeNet_delta_ranks,Reversed_pre_score,Reversed_post_score,Reversed_pre_rank,Reversed_post_rank,Reversed_delta_ranks,Independent_pre_score,Independent_post_score,Independent_pre_rank,Independent_post_rank,Independent_delta_ranks,Random_pre_score,Random_post_score,Random_pre_rank,Random_post_rank,Random_delta_ranks,dist_victim_relayer,dist_victim_vilain_pre,dist_victim_vilain_post,out_deg_victim,in_deg_villain,victim,villain,relayer
0,100,100,69,69,0,100,100,57,57,0,100,100,69,69,0,0.03359542530378842,0.03359542530378842,88,88,0,-1,1,1,8,16,57,12,93
1,6,107,30,76,46,17,17,32,32,0,6,6,30,30,0,0.00010211375472276115,0.00017018959120460194,29,30,1,5,4,4,5,1,80,95,58
2,376,376,98,98,0,270,270,99,99,0,270,270,99,99,0,0.03114469519044215,0.03114469519044215,89,89,0,-1,2,2,10,22,36,9,76
3,88,1728,61,100,39,142,166,78,83,5,88,166,61,84,23,0.010041185881071514,0.0283876238129276,66,89,23,1,2,2,8,4,27,38,20
4,313,513,97,100,3,120,120,85,85,0,120,120,87,87,0,0.03577385207120733,0.03938187140474489,94,95,1,3,2,2,6,30,74,7,38
5,20,122,44,86,42,38,38,46,46,0,20,38,45,50,5,0.0018380475850097008,0.007113924912352361,42,60,18,4,3,3,3,3,96,43,8
6,0,206,1,92,91,0,16,1,33,32,0,6,1,33,32,0.0,0.0019741992579733825,1,45,44,3,-1,4,4,0,77,80,46
7,61,61,66,66,0,52,52,78,78,0,52,52,80,80,0,0.010347527145239796,0.010347527145239796,67,67,0,-1,2,2,3,6,85,35,99
8,100,100,64,64,0,100,100,57,57,0,100,100,66,66,0,0.021614078082984444,0.05058034650600769,87,97,10,2,1,1,7,1,46,88,3
9,46,46,57,57,0,38,38,53,53,0,38,38,55,55,0,0.0045270431260424114,0.0045270431260424114,55,55,0,-1,3,3,3,6,64,28,80
10,250,456,92,99,7,208,208,88,88,0,208,208,89,89,0,0.01943565131556554,0.019980258007420267,81,81,0,3,2,2,10,18,22,5,71
11,128,128,78,78,0,118,118,63,63,0,128,128,78,78,0,0.012015385139044895,0.012015385139044895,76,76,0,-1,3,3,8,8,42,8,91
12,16,222,42,94,52,28,28,43,43,0,16,28,42,49,7,0.0034718676605738795,0.009598692943939549,51,70,19,3,3,3,3,1,66,90,25
13,80,280,69,96,27,60,60,52,52,0,60,60,62,62,0,0.008101024541339052,0.00980292045338507,65,69,4,3,3,3,5,9,45,31,41
14,0,0,1,1,0,0,0,1,1,0,0,0,1,1,0,0.0,0.0,1,1,0,-1,-1,-1,3,0,85,36,67
15,28,28,49,49,0,72,72,49,49,0,28,28,49,49,0,0.0012253650566731338,0.0012253650566731338,40,40,0,-1,3,3,7,4,62,64,59
16,0,206,1,92,91,0,11,1,30,29,0,6,1,30,29,0.0,0.0002723033459273631,1,31,30,3,-1,4,5,1,70,69,4
17,2,618,26,100,74,13,76,28,41,13,2,46,26,49,23,3.4037918240920386e-05,0.0053439531638245,29,53,24,2,5,3,10,1,0,78,72
18,0,206,1,94,93,0,10,1,31,30,0,6,1,31,30,0.0,0.0014636304843595766,1,40,39,3,-1,4,3,0,81,89,53
19,0,102,1,76,75,0,5,1,28,27,0,4,1,31,30,0.0,0.0006807583648184077,1,36,35,4,-1,5,3,0,64,82,51
20,136,136,80,80,0,104,104,73,73,0,104,104,79,79,0,0.014806494434800367,0.014806494434800367,80,80,0,-1,2,2,5,8,52,20,50
21,60,1700,56,100,44,104,152,64,81,17,60,152,56,85,29,0.006058749446883829,0.025902855781340415,55,88,33,1,2,2,9,6,35,73,32
22,104,104,78,78,0,70,70,63,63,0,70,70,66,66,0,0.013819394805813677,0.013819394805813677,75,75,0,-1,3,3,5,13,49,33,45
23,126,742,81,100,19,148,148,78,78,0,126,148,81,84,3,0.012185574730249497,0.017121072875182955,73,78,5,2,2,2,9,8,35,17,28
24,0,206,1,91,90,0,18,1,31,30,0,14,1,35,34,0.0,0.002757071377514551,1,47,46,3,-1,4,5,0,52,96,73
25,80,80,57,57,0,180,180,71,71,0,80,80,57,57,0,0.00970080669866231,0.00970080669866231,63,63,0,-1,2,2,11,5,5,25,91
26,234,434,93,100,7,156,156,87,87,0,156,156,89,89,0,0.022499063957248374,0.029306647605432452,85,89,4,3,2,2,8,16,21,12,32
27,0,0,1,1,0,0,0,1,1,0,0,0,1,1,0,0.0,0.0,1,1,0,-1,-1,-1,6,0,59,36,89
28,84,185,73,93,20,56,56,76,76,0,56,56,77,77,0,0.010313489226998877,0.010415602981721638,70,71,1,5,2,2,2,5,68,47,55
29,12,114,35,74,39,46,46,35,35,0,12,14,35,35,0,0.0004765308553728854,0.0005446066918547262,37,37,0,4,4,4,9,2,28,63,65
30,46,148,57,90,33,62,62,80,80,0,46,62,71,80,9,0.008373327887266415,0.009428503352734947,64,66,2,4,2,2,3,3,94,29,52
31,36,242,59,97,38,32,32,63,63,0,32,32,65,65,0,0.005684332346233704,0.011675005956635693,60,75,15,3,3,3,2,6,98,26,24
32,0,1640,1,100,99,0,186,1,67,66,0,186,1,86,85,0.0,0.02277136730317574,1,86,85,1,-1,2,17,0,20,93,9
33,22,638,43,100,57,74,94,41,47,6,22,94,43,65,22,0.0015657442390823377,0.019878144252697506,41,80,39,2,3,3,9,2,54,61,16
34,6,622,27,100,73,20,144,27,62,35,6,144,27,83,56,6.807583648184077e-05,0.021920419347152727,27,84,57,2,4,3,14,1,25,68,10
35,8,8,37,37,0,16,16,33,33,0,8,8,37,37,0,0.000442492937131965,0.000442492937131965,34,34,0,-1,4,4,4,2,83,63,36
36,0,102,1,70,69,0,10,1,26,25,0,3,1,26,25,0.0,0.0002723033459273631,1,30,29,4,-1,5,6,1,40,45,63
37,92,92,64,64,0,114,114,67,67,0,92,92,64,64,0,0.00789679703189353,0.00789679703189353,63,63,0,-1,3,3,9,7,35,48,67
38,0,616,1,100,99,0,80,1,67,66,0,80,1,68,67,0.0,0.028557813404132205,1,89,88,2,-1,3,5,0,80,98,1
39,50,50,63,63,0,22,22,54,54,0,22,22,54,54,0,0.00442492937131965,0.00442492937131965,52,52,0,-1,3,3,2,5,99,47,92
40,156,362,88,99,11,88,88,81,81,0,88,88,81,81,0,0.021682153919466287,0.02573266619013581,85,89,4,3,2,2,4,14,73,14,47
41,22,222,39,87,48,98,98,37,37,0,22,30,39,43,4,0.0010892133837094523,0.0020763130126961434,37,44,7,3,3,3,16,2,9,74,43
42,2,104,28,84,56,4,4,30,30,0,2,4,28,32,4,6.807583648184077e-05,0.0002723033459273631,28,33,5,4,5,5,2,1,89,65,49
43,16,118,44,82,38,18,18,35,35,0,18,18,48,48,0,0.0030634126416828346,0.005412029000306341,50,55,5,4,4,4,3,6,87,41,73
44,0,1640,1,100,99,0,120,1,60,59,0,120,1,78,77,0.0,0.02379250485040335,1,86,85,1,-1,2,11,0,33,84,16
45,6,212,29,90,61,32,48,33,34,1,6,21,29,39,10,0.0002382654276864427,0.0033357159876101976,32,51,19,3,4,4,10,1,11,4,73
46,180,282,84,92,8,206,206,91,91,0,180,182,85,85,0,0.018040096667687803,0.018074134585928724,80,80,0,4,2,2,9,9,54,39,65
47,0,102,1,75,74,0,9,1,26,25,0,2,1,26,25,0.0,0.00010211375472276115,1,29,28,4,-1,5,8,0,21,59,55
48,42,143,51,85,34,182,182,70,70,0,42,43,52,52,0,0.0026889955410327104,0.002723033459273631,46,46,0,5,2,2,13,2,13,61,68
49,52,52,58,58,0,32,32,58,58,0,32,32,60,60,0,0.008101024541339052,0.008101024541339052,63,63,0,-1,3,3,2,5,91,25,76
50,0,616,1,100,99,0,56,1,38,37,0,56,1,54,53,0.0,0.00976888253514415,1,70,69,2,-1,3,9,0,35,82,14
51,0,0,1,1,0,0,0,1,1,0,0,0,1,1,0,0.0,0.0,1,1,0,-1,-1,-1,6,0,34,99,66
52,32,134,54,91,37,22,22,54,54,0,22,22,54,54,0,0.005412029000306341,0.011402702610708328,58,72,14,4,3,3,2,6,99,35,8
53,108,209,79,92,13,60,60,55,55,0,60,60,60,60,0,0.013376901868681712,0.013479015623404473,74,74,0,5,3,3,5,13,70,33,68
54,66,682,55,100,45,76,76,55,55,0,66,76,55,59,4,0.006126825283365669,0.014704380680077607,53,77,24,2,3,3,6,6,71,28,17
55,16,222,36,92,56,52,52,40,40,0,16,37,36,46,10,0.001940161339732462,0.005718370264474625,40,54,14,3,3,3,6,1,56,53,28
56,44,44,66,66,0,32,32,67,67,0,32,32,68,68,0,0.009224275843289425,0.009224275843289425,68,68,0,-1,3,3,2,6,97,34,76
57,0,0,1,1,0,0,0,1,1,0,0,0,1,1,0,0.0,0.0,1,1,0,-1,-1,-1,9,0,35,67,50
58,16,16,31,31,0,43,43,30,30,0,16,16,31,31,0,0.0002382654276864427,0.0002382654276864427,31,31,0,-1,3,3,14,1,25,60,79
59,0,206,1,90,89,0,26,1,32,31,0,26,1,45,44,0.0,0.006024711528642908,1,55,54,3,-1,4,5,0,50,67,31
60,0,0,1,1,0,0,0,1,1,0,0,0,1,1,0,0.0,0.0,1,1,0,-1,-1,-1,8,0,15,76,40
61,0,616,1,100,99,0,28,1,42,41,0,28,1,49,48,0.0,0.006297014874570271,1,59,58,2,-1,3,3,0,75,87,38
62,16,16,38,38,0,56,56,46,46,0,16,16,38,38,0,0.0032336022328874367,0.0032336022328874367,50,50,0,-1,3,3,6,1,74,90,82
63,46,252,55,95,40,50,50,45,45,0,50,50,56,56,0,0.007216038667075122,0.010381565063480718,62,70,8,3,3,3,5,6,45,34,29
64,22,1662,48,100,52,40,64,42,53,11,22,64,48,59,11,0.0017018959120460194,0.027094182919772627,43,87,44,1,3,2,5,2,61,52,20
65,0,1640,1,100,99,0,52,1,51,50,0,51,1,59,58,0.0,0.02324789815854862,1,86,85,1,-1,2,5,0,45,93,73
66,66,682,59,100,41,80,80,61,61,0,66,80,61,66,5,0.00881582082439838,0.014329963579427483,65,75,10,2,2,2,6,6,56,34,62
67,0,101,1,71,70,0,7,1,25,24,0,1,1,25,24,0.0,0.00013615167296368154,1,30,29,5,-1,6,7,0,46,40,55
68,16,16,41,41,0,22,22,42,42,0,16,16,41,41,0,0.0026209197045508697,0.0026209197045508697,48,48,0,-1,3,3,2,3,91,46,92
69,6,212,34,97,63,12,12,39,39,0,6,12,34,43,9,0.0025188059498281084,0.013376901868681712,47,76,29,3,4,4,2,3,97,46,18
70,110,110,74,74,0,158,158,74,74,0,110,110,74,74,0,0.01157289220191293,0.01157289220191293,74,74,0,-1,2,2,9,6,28,77,76
71,137,137,89,89,0,32,32,63,63,0,32,32,64,64,0,0.02011640968038395,0.02011640968038395,86,86,0,-1,3,3,2,16,86,12,87
72,86,188,67,89,22,54,54,53,53,0,54,54,57,57,0,0.006943735321147759,0.007522379931243405,61,63,2,4,3,3,4,6,79,13,49
73,0,0,1,1,0,0,0,1,1,0,0,0,1,1,0,0.0,0.0,1,1,0,-1,-1,-1,13,0,13,82,80
74,154,154,88,88,0,88,88,82,82,0,88,88,82,82,0,0.024166921951053473,0.024166921951053473,86,86,0,-1,2,2,4,20,78,23,85
75,56,56,57,57,0,28,28,48,48,0,28,28,54,54,0,0.00622893903808843,0.00622893903808843,59,59,0,-1,3,3,3,6,55,13,92
76,2,2,27,27,0,9,9,27,27,0,2,2,27,27,0,3.4037918240920386e-05,3.4037918240920386e-05,26,26,0,-1,5,5,8,1,21,68,69
77,122,122,87,87,0,96,96,92,92,0,96,96,92,92,0,0.020354675108070392,0.020354675108070392,86,86,0,-1,2,2,3,13,96,33,79
78,497,597,100,100,0,344,344,99,99,0,344,344,99,99,0,0.03441233534157051,0.03444637325981143,91,91,0,5,2,2,14,29,8,1,78
79,58,159,68,92,24,32,32,63,63,0,32,32,65,65,0,0.011368664692467409,0.011368664692467409,72,72,0,5,3,3,2,6,98,34,95
80,12,218,41,96,55,12,12,41,41,0,12,12,41,41,0,0.0013955546478777359,0.015657442390823378,42,79,37,3,4,4,2,3,95,51,18
81,6,622,29,100,71,24,42,32,34,2,6,24,29,43,14,0.0,0.00176997174852786,1,42,41,2,4,3,8,1,42,95,61
82,54,1694,62,100,38,48,72,72,84,12,48,72,74,84,10,0.007726607440688927,0.0636168691922802,65,99,34,1,3,2,3,4,60,72,0
83,245,347,96,99,3,72,72,84,84,0,72,72,84,84,0,0.03713536880084414,0.037339596310289665,94,94,0,4,2,2,3,30,85,7,88
84,330,430,97,100,3,104,104,85,85,0,104,104,86,86,0,0.03223390857415161,0.03226794649239253,91,91,0,5,2,2,5,29,37,1,78
85,6,622,28,100,72,35,70,30,34,4,6,22,28,38,10,0.00017018959120460194,0.002144388849177984,30,44,14,2,4,3,16,1,9,60,53
86,32,648,43,100,57,136,136,64,64,0,32,48,43,51,8,0.005105687736138058,0.007216038667075122,54,59,5,2,3,3,11,3,33,29,53
87,94,710,69,100,31,94,94,70,70,0,94,94,72,72,0,0.007011811157629599,0.01501072194424589,62,78,16,2,2,2,5,6,37,26,27
88,22,22,41,41,0,48,48,36,36,0,22,22,41,41,0,0.0014295925661186562,0.0014295925661186562,41,41,0,-1,3,3,9,3,35,51,87
89,135,237,78,93,15,228,228,77,77,0,135,137,78,78,0,0.008271214132543654,0.008305252050784574,61,61,0,4,2,2,15,8,7,57,95
90,22,638,41,100,59,110,130,59,62,3,22,130,41,80,39,0.0018040096667687805,0.012219612648490419,43,70,27,2,3,3,10,2,18,61,19
91,118,324,80,96,16,120,120,85,85,0,120,120,85,85,0,0.016474352428605468,0.021682153919466287,81,84,3,3,2,2,6,9,48,39,25
92,12,12,41,41,0,18,18,35,35,0,12,12,41,41,0,0.002280540522141666,0.002280540522141666,48,48,0,-1,4,4,3,2,87,75,50
93,0,1640,1,100,99,0,198,1,68,67,0,198,1,87,86,0.0,0.03730555839204874,1,95,94,1,-1,2,14,0,16,76,2
94,168,269,83,92,9,158,158,79,79,0,158,158,84,84,0,0.01851662752306069,0.01861874127778345,81,81,0,5,2,2,9,18,54,30,55
95,0,616,1,100,99,0,84,1,37,36,0,84,1,59,58,0.0,0.0123557643214541,1,73,72,2,-1,3,13,0,13,97,18
96,110,212,83,94,11,48,48,67,67,0,48,48,70,70,0,0.018108172504169646,0.018210286258892407,81,81,0,4,3,3,3,18,96,30,4
97,0,616,1,100,99,0,50,1,37,36,0,31,1,45,44,0.0,0.005718370264474625,1,56,55,2,-1,3,8,0,10,86,25
98,24,640,50,100,50,44,64,50,67,17,24,64,50,68,18,0.002757071377514551,0.03546751080703904,49,94,45,2,3,3,4,3,73,54,2
99,100,100,63,63,0,100,100,39,39,0,100,100,63,63,0,0.019095272133156337,0.02018448551686579,80,82,2,3,1,1,14,8,17,57,52
100,100,100,69,69,0,100,100,57,57,0,100,100,69,69,0,0.043364307838932574,0.0781510602811532,97,100,3,1,1,1,8,19,57,15,3
101,68,170,63,92,29,38,38,46,46,0,38,38,51,51,0,0.008441403723748256,0.00891793457912114,64,65,1,4,3,3,3,7,96,48,42
102,218,424,92,98,6,200,200,94,94,0,200,200,93,93,0,0.016610504101569147,0.018891044623710815,79,81,2,3,2,2,8,13,30,33,94
103,12,628,39,100,61,14,28,34,44,10,12,28,39,48,9,0.00030634126416828345,0.007998910786616291,33,65,32,2,4,3,3,2,60,56,83
104,18,1658,39,100,61,32,94,35,67,32,18,94,39,69,30,0.00088498587426393,0.04714251676367474,37,96,59,1,3,2,5,2,50,63,2
105,62,678,52,100,48,144,144,61,61,0,62,97,52,58,6,0.0036760951700194017,0.008509479560230097,50,65,15,2,2,2,10,3,0,54,35
106,60,60,58,58,0,82,82,56,56,0,60,60,58,58,0,0.006637394056979475,0.006637394056979475,60,60,0,-1,3,3,7,6,62,26,91
107,32,238,51,95,44,70,70,58,58,0,32,70,51,63,12,0.004799346471969774,0.012083460975526737,54,72,18,3,3,3,5,3,63,29,8
108,0,616,1,100,99,0,36,1,41,40,0,36,1,52,51,0.0,0.011947309302563056,1,72,71,2,-1,3,5,0,70,84,39
109,0,102,1,77,76,0,6,1,26,25,0,2,1,26,25,0.0,0.00013615167296368154,1,28,27,4,-1,5,5,0,37,89,65
110,108,308,80,95,15,80,80,68,68,0,80,80,72,72,0,0.01409169815174104,0.017903944994724124,76,80,4,3,3,3,5,13,88,33,13
111,100,100,66,66,0,100,100,43,43,0,100,100,66,66,0,0.020729092208720514,0.020729092208720514,85,85,0,-1,1,1,11,6,33,13,67
112,58,264,59,93,34,72,80,59,64,5,58,66,61,61,0,0.006126825283365669,0.007998910786616291,55,62,7,3,2,2,6,3,69,54,52
113,42,1682,52,100,48,118,156,62,67,5,42,100,53,61,8,0.0014636304843595766,0.013547091459886314,41,75,34,1,2,2,12,2,14,56,70
114,87,293,67,95,28,70,70,56,56,0,70,70,63,63,0,0.008237176214302734,0.009394465434494027,65,69,4,3,3,3,5,8,37,44,61
115,2,618,26,99,73,14,56,28,33,5,2,18,26,40,14,0.0,0.0020422750944552232,1,44,43,2,5,3,11,2,5,58,53
116,8,1648,36,100,64,28,90,36,64,28,8,90,36,68,32,0.0002042275094455223,0.029647026787841656,31,91,60,1,4,2,6,2,34,56,39
117,59,59,60,60,0,68,68,74,74,0,59,59,66,66,0,0.010279451308757957,0.010279451308757957,69,69,0,-1,2,2,4,6,77,73,36
118,94,300,79,99,20,48,48,73,73,0,48,48,75,75,0,0.014772456516559448,0.017427414139351238,77,81,4,3,3,3,3,13,92,33,35
119,0,1640,1,100,99,0,72,1,78,77,0,72,1,79,78,0.0,0.05500527587732734,1,96,95,1,-1,2,3,0,75,99,7
120,0,206,1,92,91,0,24,1,36,35,0,24,1,53,52,0.0,0.010926171755335444,1,70,69,3,-1,4,4,0,77,84,30
121,100,100,66,66,0,100,100,45,45,0,100,100,66,66,0,0.051873787399162666,0.06113210116069301,98,99,1,3,1,1,10,29,1,11,12
122,56,672,53,100,47,208,208,73,73,0,56,72,53,55,2,0.005786446100956465,0.009258313761530345,57,64,7,2,2,2,14,3,8,29,90
123,182,283,95,98,3,32,32,63,63,0,32,32,64,64,0,0.028455699649409444,0.028591851322373123,91,93,2,5,3,3,2,22,86,9,65
124,30,236,49,95,46,66,66,48,48,0,30,66,49,58,9,0.004152626025392287,0.012594029749140543,50,73,23,3,3,3,6,6,59,73,33
125,70,172,58,84,26,140,140,69,69,0,70,72,58,58,0,0.00616086320160659,0.0061949011198475104,58,58,0,4,3,3,10,5,22,47,4
126,159,365,86,97,11,104,104,82,82,0,104,104,83,83,0,0.022499063957248374,0.024098846114571634,85,87,2,3,2,2,5,20,50,23,83
127,1,617,26,100,74,5,40,26,38,12,1,40,26,52,26,6.807583648184077e-05,0.005548180673270023,28,58,30,2,6,3,5,1,63,78,47
128,0,616,1,100,99,0,70,1,37,36,0,53,1,52,51,0.0,0.010109261717553355,1,71,70,2,-1,3,10,0,1,92,39
129,6,1646,29,100,71,31,104,31,55,24,6,104,29,75,46,0.0002042275094455223,0.018822968787228972,31,81,50,1,4,2,10,1,12,4,32
130,0,616,1,100,99,0,70,1,43,42,0,70,1,56,55,0.0,0.013819394805813677,1,73,72,2,-1,3,9,0,35,67,37
131,6,212,29,89,60,28,40,30,33,3,6,12,29,34,5,0.00017018959120460194,0.002484768031587188,31,45,14,3,4,4,10,1,18,65,90
132,0,616,1,100,99,0,30,1,42,41,0,30,1,50,49,0.0,0.009088124170325743,1,69,68,2,-1,3,4,0,79,87,20
133,0,102,1,86,85,0,3,1,28,27,0,2,1,28,27,0.0,0.00034037918240920387,1,34,33,4,-1,5,2,0,97,59,42
134,0,616,1,100,99,0,60,1,36,35,0,47,1,54,53,0.0,0.005003573981415297,1,57,56,2,-1,3,11,0,38,76,44
135,128,334,83,95,12,184,184,82,82,0,128,134,83,83,0,0.015419176963136935,0.0158616699002689,76,76,0,3,2,2,10,9,22,39,88
136,1,1641,26,100,74,2,46,26,81,55,1,46,26,81,55,0.0,0.060723646141801965,1,98,97,1,6,2,2,1,95,68,16
137,126,228,86,94,8,96,96,89,89,0,96,96,89,89,0,0.018040096667687803,0.01855066544130161,84,85,1,4,2,2,3,8,64,17,51
138,0,1640,1,100,99,0,124,1,60,59,0,105,1,79,78,0.0,0.01501072194424589,1,75,74,1,-1,2,13,0,13,91,24
139,16,118,37,79,42,50,50,37,37,0,16,18,37,42,5,0.0007147962830593281,0.0008509479560230097,38,38,0,4,3,3,8,1,21,49,60
140,177,177,88,88,0,120,120,86,86,0,120,120,86,86,0,0.01933353756084278,0.01933353756084278,82,82,0,-1,2,2,6,18,65,5,86
141,105,206,81,92,11,48,48,54,54,0,48,48,56,56,0,0.011879233466081215,0.011947309302563056,73,73,0,5,3,3,3,14,87,32,65
142,60,60,74,74,0,32,32,67,67,0,32,32,68,68,0,0.014227849824704722,0.014227849824704722,77,77,0,-1,3,3,2,13,97,33,59
143,60,60,62,62,0,108,108,67,67,0,60,60,62,62,0,0.005548180673270023,0.005548180673270023,59,59,0,-1,3,3,8,5,57,47,67
144,100,100,69,69,0,100,100,55,55,0,100,100,69,69,0,0.03151911229109228,0.03151911229109228,90,90,0,-1,1,1,8,14,30,14,79
145,104,310,84,100,16,52,52,80,80,0,52,52,82,82,0,0.01684876952925559,0.01858470335954253,83,85,2,3,2,2,3,14,60,32,94
146,44,44,49,49,0,44,44,44,44,0,44,44,50,50,0,0.007318152421797883,0.007318152421797883,61,61,0,-1,3,3,4,4,67,38,40
147,22,22,40,40,0,94,94,49,49,0,22,22,40,40,0,0.0020082371762143027,0.0020082371762143027,44,44,0,-1,3,3,9,2,31,61,45
148,0,206,1,91,90,0,22,1,29,28,0,6,1,29,28,0.0,0.00030634126416828345,1,33,32,3,-1,4,11,0,38,84,49
149,100,100,69,69,0,100,100,71,71,0,100,100,72,72,0,0.024473263215221756,0.024473263215221756,88,88,0,-1,1,1,6,1,56,95,87
150,0,0,1,1,0,0,0,1,1,0,0,0,1,1,0,0.0,0.0,1,1,0,-1,-1,-1,7,1,62,45,87
151,145,145,81,81,0,188,188,83,83,0,145,145,81,81,0,0.009939072126348753,0.009939072126348753,69,69,0,-1,2,2,10,8,12,44,76
152,0,206,1,92,91,0,12,1,32,31,0,6,1,32,31,0.0,0.001157289220191293,1,39,38,3,-1,4,4,0,78,76,53
153,16,632,41,100,59,28,38,42,52,10,16,38,41,54,13,0.0009530617107457708,0.016202049082678104,39,81,42,2,3,3,3,2,64,42,19
154,6,212,27,89,62,24,36,31,33,2,6,21,27,41,14,0.00030634126416828345,0.0026889955410327104,31,46,15,3,4,4,6,1,40,88,41
155,0,101,1,77,76,0,4,1,24,23,0,1,1,24,23,0.0,0.00013615167296368154,1,29,28,5,-1,6,4,0,84,96,95
156,130,746,83,100,17,142,152,79,83,4,142,152,85,85,0,0.009836958371625992,0.03179141563701964,69,87,18,2,2,2,8,13,57,24,7
157,0,1640,1,100,99,0,94,1,51,50,0,94,1,64,63,0.0,0.02484768031587188,1,88,87,1,-1,2,9,0,35,87,15
158,362,362,98,98,0,280,280,98,98,0,280,280,98,98,0,0.025188059498281085,0.025188059498281085,87,87,0,-1,2,2,10,19,0,15,96
159,10,112,39,86,47,18,18,36,36,0,10,18,39,44,5,0.0014636304843595766,0.0017018959120460194,42,42,0,4,4,4,3,3,66,43,49
160,263,463,100,100,0,32,32,69,69,0,32,32,69,69,0,0.044793900405051226,0.053439531638245004,97,98,1,3,3,3,2,36,90,2,30
161,32,632,47,100,53,110,110,59,59,0,32,54,47,54,7,0.0026209197045508697,0.007828721195411689,48,62,14,2,3,3,10,2,36,52,35
162,100,100,59,59,0,100,100,39,39,0,100,100,59,59,0,0.029817216379046257,0.03097450559923755,90,91,1,2,1,1,14,16,16,12,49
163,0,1640,1,100,99,0,178,1,63,62,0,180,1,87,86,0.0,0.021954457265393648,1,82,81,1,-1,2,16,0,4,84,12
164,110,316,73,94,21,120,120,77,77,0,110,120,76,83,7,0.011266550937744648,0.012866333095067906,70,75,5,3,2,2,6,7,40,21,53
165,388,388,97,97,0,392,392,99,99,0,392,392,99,99,0,0.032199870655910685,0.032199870655910685,91,91,0,-1,2,2,14,15,17,16,50
166,8,624,36,100,64,10,28,31,43,12,8,28,36,49,13,0.0009870996289866913,0.02215868477483917,38,87,49,2,4,3,3,3,92,51,1
167,67,273,62,95,33,66,66,51,51,0,66,66,62,62,0,0.006705469893461316,0.011368664692467409,61,72,11,3,3,3,6,8,34,57,24
168,0,102,1,81,80,0,6,1,30,29,0,4,1,31,30,0.0,0.0016678579938050988,1,41,40,4,-1,5,3,0,96,85,83
169,0,0,1,1,0,0,0,1,1,0,0,0,1,1,0,0.0,0.0,1,1,0,-1,-1,-1,4,0,73,99,81
170,38,244,46,89,43,128,128,66,66,0,38,44,46,48,2,0.0018380475850097008,0.003812246842983083,42,52,10,3,3,3,12,3,2,43,46
171,80,286,55,94,39,222,222,74,74,0,80,90,55,57,2,0.0051397256543789785,0.006024711528642908,55,56,1,3,2,2,14,3,16,29,43
172,548,650,99,100,1,328,328,100,100,0,328,328,100,100,0,0.04489601415977399,0.045338507096905956,95,95,0,4,2,2,10,40,12,3,74
173,12,218,37,96,59,18,18,36,36,0,12,18,37,44,7,0.0013274788113958951,0.005514142755029102,42,56,14,3,4,4,3,3,75,51,28
174,100,100,76,76,0,100,100,90,90,0,100,100,90,90,0,0.07995506994792198,0.07995506994792198,100,100,0,-1,1,1,4,40,72,3,36
175,12,628,33,100,67,52,62,37,38,1,12,29,33,42,9,0.0008509479560230097,0.002757071377514551,38,47,9,2,4,3,10,2,12,74,61
176,298,1938,95,100,5,300,324,91,97,6,300,324,94,97,3,0.020252561353347628,0.03104258143571939,82,91,9,1,2,2,14,18,17,5,44
177,41,247,57,97,40,38,38,47,47,0,38,38,53,53,0,0.004322815616596889,0.010415602981721638,53,74,21,3,3,3,3,6,75,35,31
178,100,100,60,60,0,100,100,40,40,0,100,100,60,60,0,0.032948704857210936,0.03778208924742163,92,95,3,2,1,1,14,17,25,6,22
179,122,328,81,96,15,94,94,70,70,0,94,94,72,72,0,0.013989584397018279,0.018006058749446885,77,82,5,3,2,2,5,9,37,27,28
180,1,617,25,100,75,3,48,25,65,40,1,48,25,66,41,3.4037918240920386e-05,0.028864154668300487,29,89,60,2,6,3,3,1,76,68,11
181,16,632,36,100,64,36,70,38,53,15,16,70,36,59,23,0.0009530617107457708,0.030395860989141904,38,88,50,2,3,3,5,1,61,71,2
182,100,100,77,77,0,100,100,96,96,0,100,100,96,96,0,0.07416862384696551,0.09523809523809523,100,100,0,2,1,1,3,18,76,30,1
183,0,0,1,1,0,0,0,1,1,0,0,0,1,1,0,0.0,0.0,1,1,0,-1,-1,-1,5,0,61,36,99
184,38,244,49,91,42,66,66,44,44,0,38,44,49,51,2,0.003199564314646516,0.003812246842983083,48,49,1,3,3,3,6,6,40,70,42
185,6,6,29,29,0,44,44,36,36,0,6,6,29,29,0,0.0006126825283365669,0.0006126825283365669,37,37,0,-1,4,4,8,1,30,49,97
186,1,207,26,90,64,12,36,26,31,5,1,16,26,33,7,0.00010211375472276115,0.002723033459273631,27,48,21,3,6,4,12,1,14,78,73
187,112,728,80,100,20,252,252,85,85,0,112,146,80,82,2,0.008713707069675619,0.014295925661186561,64,73,9,2,2,2,14,4,17,38,62
188,134,340,80,97,17,132,132,74,74,0,132,132,81,81,0,0.011130399264780965,0.015419176963136935,70,75,5,3,2,2,8,9,21,31,72
189,425,1025,99,100,1,168,168,96,96,0,168,168,96,96,0,0.037645937574457944,0.051363218625548865,93,98,5,2,2,2,6,30,40,7,18
190,85,1725,75,100,25,32,56,70,85,15,32,56,70,85,15,0.010007147962830594,0.06062153238707921,68,98,30,1,3,2,2,13,95,24,58
191,0,206,1,92,91,0,22,1,32,31,0,22,1,42,41,0.0,0.004629156880765172,1,54,53,3,-1,4,5,0,63,96,57
192,54,260,65,97,32,48,48,68,68,0,48,48,69,69,0,0.009360427516253106,0.01763164164879676,70,78,8,3,3,3,3,7,81,48,17
193,0,1640,1,100,99,0,172,1,65,64,0,172,1,85,84,0.0,0.025868817863099493,1,89,88,1,-1,2,17,0,20,93,0
194,100,100,73,73,0,100,100,82,82,0,100,100,82,82,0,0.034820790360461554,0.03808843051158991,92,94,2,2,1,1,5,6,88,35,46
195,0,102,1,75,74,0,22,1,28,27,0,4,1,28,27,0.0,0.00088498587426393,1,36,35,4,-1,5,12,0,14,85,51
196,100,100,72,72,0,100,100,79,79,0,100,100,80,80,0,0.049218829776370876,0.05367779706593145,97,98,1,2,1,1,5,17,37,6,90
197,184,800,91,100,9,238,238,90,90,0,184,234,90,93,3,0.011640968038394772,0.0195377650702883,71,80,9,2,2,2,11,7,19,48,72
198,126,726,78,100,22,88,88,47,47,0,88,88,61,61,0,0.008135062459579971,0.011777119711358454,64,72,8,2,3,3,8,13,10,24,29
199,6,212,29,93,64,10,10,29,29,0,6,12,29,34,5,6.807583648184077e-05,0.0010211375472276116,27,37,10,3,4,4,3,1,82,95,42
200,295,895,96,100,4,120,120,88,88,0,120,120,87,87,0,0.033425235712583816,0.037373634228530586,94,95,1,2,2,2,6,29,71,11,73
201,98,98,78,78,0,48,48,64,64,0,48,48,66,66,0,0.011334626774226489,0.011334626774226489,69,69,0,-1,3,3,3,14,85,14,66
202,12,12,36,36,0,36,36,36,36,0,12,12,36,36,0,0.002382654276864427,0.002382654276864427,45,45,0,-1,4,4,6,2,48,83,87
203,88,294,66,95,29,66,66,47,47,0,66,66,55,55,0,0.011334626774226489,0.012594029749140543,68,71,3,3,3,3,6,8,71,8,52
204,28,234,50,91,41,34,34,43,43,0,28,34,50,51,1,0.001157289220191293,0.0023486163586235067,42,48,6,3,3,3,4,3,83,43,64
205,100,100,62,62,0,206,206,75,75,0,100,100,62,62,0,0.009394465434494027,0.009394465434494027,65,65,0,-1,2,2,12,6,14,77,79
206,8,214,38,94,56,20,24,36,39,3,8,15,38,43,5,0.0009530617107457708,0.0015657442390823377,38,42,4,3,4,4,4,2,78,74,63
207,90,706,64,100,36,94,94,68,68,0,94,94,71,71,0,0.007726607440688927,0.022499063957248374,63,86,23,2,2,2,5,6,50,13,23
208,15,631,43,100,57,18,38,35,48,13,18,38,48,53,5,0.0035059055788147996,0.010041185881071514,53,70,17,2,4,3,3,6,87,73,70
209,0,206,1,92,91,0,18,1,32,31,0,18,1,41,40,0.0,0.007556417849484326,1,65,64,3,-1,4,5,0,63,96,8
210,0,206,1,94,93,0,8,1,32,31,0,8,1,37,36,0.0,0.0014295925661186562,1,42,41,3,-1,4,2,0,90,36,52
211,0,616,1,99,98,0,106,1,57,56,0,106,1,75,74,0.0,0.014261887742945642,1,76,75,2,-1,3,11,0,19,59,16
212,224,1864,91,100,9,134,158,91,96,5,134,158,92,96,4,0.02127369890057524,0.03802035467510807,81,95,14,1,2,2,6,16,71,12,65
213,0,206,1,91,90,0,34,1,33,32,0,6,1,27,26,0.0,0.0013274788113958951,1,39,38,3,-1,4,9,0,31,89,53
214,8,8,36,36,0,24,24,36,36,0,8,8,36,36,0,0.0005786446100956465,0.0005786446100956465,36,36,0,-1,4,4,4,2,53,56,45
215,46,662,50,100,50,96,96,53,53,0,46,96,50,63,13,0.002757071377514551,0.007488342013002485,46,59,13,2,2,2,7,2,46,61,47
216,8,624,35,100,65,28,66,33,50,17,8,66,35,60,25,0.0005446066918547262,0.016474352428605468,34,80,46,2,4,3,6,2,65,63,30
217,40,246,54,92,38,74,74,67,67,0,40,74,54,68,14,0.0051397256543789785,0.008713707069675619,57,66,9,3,2,2,5,2,80,94,26
218,32,32,48,48,0,34,34,40,40,0,32,32,48,48,0,0.0028591851322373124,0.0028591851322373124,48,48,0,-1,3,3,6,2,69,75,66
219,16,632,41,100,59,40,50,43,47,4,16,50,41,56,15,0.0020422750944552232,0.017223186629905716,46,81,35,2,3,3,5,2,49,94,6
220,0,0,1,1,0,0,0,1,1,0,0,0,1,1,0,0.0,0.0,1,1,0,-1,-1,-1,2,0,93,89,85
221,2,208,29,93,64,10,26,31,35,4,2,26,29,50,21,0.00010211375472276115,0.004969536063174376,30,55,25,3,5,4,5,1,49,65,21
222,207,207,93,93,0,112,112,94,94,0,112,112,94,94,0,0.02644746247319514,0.02644746247319514,87,87,0,-1,2,2,4,19,78,15,50
223,100,100,63,63,0,100,100,45,45,0,100,100,63,63,0,0.05177167364443991,0.058443105619660304,98,99,1,2,1,1,11,30,19,7,17
224,464,1064,100,100,0,400,400,100,100,0,400,400,100,100,0,0.03352734946730658,0.038224582184553595,94,94,0,2,2,2,16,29,9,0,38
225,0,1640,1,100,99,0,112,1,58,57,0,108,1,77,76,0.0,0.014738418598318526,1,75,74,1,-1,2,11,0,33,97,31
226,74,280,60,95,35,100,100,66,66,0,68,74,58,59,1,0.006024711528642908,0.009054086252084823,55,68,13,3,2,2,6,6,51,41,90
227,8,8,37,37,0,18,18,38,38,0,8,8,37,37,0,0.0022465026039007454,0.0022465026039007454,44,44,0,-1,4,4,3,2,85,83,40
228,0,616,1,100,99,0,42,1,38,37,0,28,1,48,47,0.0,0.005377991082065421,1,54,53,2,-1,3,6,0,59,80,28
229,94,710,58,100,42,180,180,71,71,0,94,180,58,85,27,0.007318152421797883,0.01409169815174104,58,74,16,2,2,2,11,6,5,26,48
230,0,206,1,94,93,0,10,1,30,29,0,6,1,30,29,0.0,0.002586881786309949,1,49,48,3,-1,4,3,0,66,80,90
231,152,152,85,85,0,120,120,79,79,0,120,120,81,81,0,0.014329963579427483,0.014329963579427483,79,79,0,-1,2,2,6,13,44,33,99
232,16,222,41,91,50,34,34,43,43,0,16,34,41,51,10,0.003165526396405596,0.0068075836481840775,50,58,8,3,3,3,4,3,83,46,26
233,66,272,53,95,42,190,190,69,69,0,64,72,53,53,0,0.004016474352428605,0.005616256509751864,51,56,5,3,2,2,16,6,4,41,83
234,121,121,79,79,0,180,180,76,76,0,121,121,79,79,0,0.007182000748834201,0.007182000748834201,59,59,0,-1,2,2,11,8,33,57,50
235,18,224,40,91,51,46,50,37,37,0,18,24,40,42,2,0.0005446066918547262,0.0026889955410327104,37,47,10,3,3,3,8,2,10,56,46
236,2,618,26,100,74,8,46,27,38,11,2,46,26,49,23,0.0,0.019707954661492902,1,84,83,2,5,3,6,1,56,68,1
237,92,194,64,88,24,114,114,67,67,0,92,94,64,64,0,0.00789679703189353,0.008066986623098132,63,63,0,4,3,3,9,7,35,48,60
238,22,22,49,49,0,22,22,49,49,0,22,22,50,50,0,0.003437829742332959,0.003437829742332959,50,50,0,-1,3,3,2,2,93,75,80
239,158,364,83,96,13,184,184,94,94,0,158,184,87,94,7,0.015657442390823378,0.01664454201981007,76,77,1,3,2,2,7,6,24,77,61
240,22,228,43,94,51,40,40,40,40,0,22,40,43,49,6,0.0012934408931549745,0.007420266176520644,41,58,17,3,3,3,5,2,52,74,44
241,0,206,1,94,93,0,18,1,37,36,0,18,1,43,42,0.0,0.003812246842983083,1,49,48,3,-1,4,3,0,96,79,13
242,18,634,43,100,57,50,60,45,51,6,18,34,43,49,6,0.0019061234214915416,0.006467204465774873,44,57,13,2,3,3,5,2,45,61,90
243,1,1,26,26,0,6,6,26,26,0,1,1,26,26,0,0.0,0.0,1,1,0,-1,6,6,6,2,65,58,67
244,0,206,1,94,93,0,14,1,31,30,0,14,1,40,39,0.0,0.00616086320160659,1,57,56,3,-1,4,3,0,96,79,48
245,0,616,1,100,99,0,90,1,42,41,0,70,1,57,56,0.0,0.008679669151434699,1,66,65,2,-1,3,10,0,1,96,27
246,61,1701,63,100,37,54,88,55,79,24,54,88,60,79,19,0.014227849824704722,0.04166241192688655,75,96,21,1,3,2,4,12,84,37,70
247,40,1680,47,100,53,100,134,66,90,24,40,92,47,71,24,0.003608019333537561,0.02198849518363457,47,84,37,1,2,2,6,1,51,53,54
248,0,102,1,79,78,0,7,1,27,26,0,2,1,27,26,0.0,0.0002042275094455223,1,31,30,4,-1,5,5,0,45,80,4
249,0,1640,1,100,99,0,112,1,68,67,0,112,1,78,77,0.0,0.03461656285101603,1,93,92,1,-1,2,8,0,57,76,1
250,78,284,71,98,27,48,48,64,64,0,48,48,66,66,0,0.01245787807617686,0.020661016372238675,74,84,10,3,3,3,3,8,85,20,19
251,50,250,54,94,40,120,120,62,62,0,50,50,54,54,0,0.005003573981415297,0.005377991082065421,55,55,0,3,3,3,10,6,36,28,88
252,98,98,71,71,0,66,66,49,49,0,66,66,63,63,0,0.010177337554035196,0.010177337554035196,70,70,0,-1,3,3,6,8,32,8,67
253,0,616,1,100,99,0,34,1,36,35,0,24,1,45,44,0.0,0.004561081044283332,1,53,52,2,-1,3,6,0,34,99,73
254,60,676,54,100,46,168,168,68,68,0,60,168,54,87,33,0.005718370264474625,0.02205657102011641,55,83,28,2,3,3,13,6,13,26,23
255,54,260,62,97,35,48,48,72,72,0,48,48,74,74,0,0.007726607440688927,0.02661765206439974,65,87,22,3,3,3,3,4,60,72,10
256,22,124,47,85,38,28,28,42,42,0,22,28,47,50,3,0.0017359338302869397,0.0026209197045508697,44,48,4,4,3,3,3,2,64,61,43
257,22,638,40,100,60,78,88,38,40,2,22,46,40,49,9,0.0026889955410327104,0.004765308553728854,47,55,8,2,3,3,12,2,3,75,54
258,258,258,95,95,0,198,198,83,83,0,198,198,91,91,0,0.019265461724360937,0.019265461724360937,83,83,0,-1,2,2,10,16,0,12,84
259,46,46,57,57,0,38,38,53,53,0,38,38,55,55,0,0.0045270431260424114,0.0045270431260424114,55,55,0,-1,3,3,3,6,64,28,85
260,290,890,95,100,5,222,222,90,90,0,222,222,92,92,0,0.02403077027808979,0.029749140542564417,87,88,1,2,2,2,10,19,11,15,21
261,256,872,94,100,6,320,320,96,96,0,256,320,93,97,4,0.017325300384628477,0.019197385887879097,76,81,5,2,2,2,14,15,8,19,70
262,0,0,1,1,0,0,0,1,1,0,0,0,1,1,0,0.0,0.0,1,1,0,-1,-1,-1,3,0,75,36,92
263,16,16,35,35,0,90,90,43,43,0,16,16,35,35,0,0.0011232513019503727,0.0011232513019503727,40,40,0,-1,3,3,10,1,1,71,89
264,62,678,61,100,39,54,64,54,64,10,54,64,58,66,8,0.008713707069675619,0.026889955410327106,65,88,23,2,3,3,4,6,47,34,30
265,2,618,28,100,72,8,36,29,41,12,2,36,28,52,24,0.00010211375472276115,0.00622893903808843,30,58,28,2,5,3,5,1,70,95,26
266,1,1,25,25,0,3,3,25,25,0,1,1,25,25,0,3.4037918240920386e-05,3.4037918240920386e-05,29,29,0,-1,6,6,3,1,76,68,92
267,220,820,90,100,10,270,270,87,87,0,220,221,90,90,0,0.012219612648490419,0.012594029749140543,70,72,2,2,2,2,14,9,17,31,56
268,137,337,89,100,11,32,32,63,63,0,32,32,64,64,0,0.02011640968038395,0.02386058068688519,86,86,0,3,3,3,2,16,86,12,62
269,16,118,35,77,42,80,80,41,41,0,16,18,35,39,4,0.0009190237925048504,0.0010211375472276116,37,37,0,4,3,3,10,1,22,71,95
270,0,0,1,1,0,0,0,1,1,0,0,0,1,1,0,0.0,0.0,1,1,0,-1,-1,-1,3,0,55,99,98
271,0,102,1,75,74,0,9,1,25,24,0,2,1,25,24,0.0,0.0002042275094455223,1,31,30,4,-1,5,8,0,15,91,55
272,16,222,43,97,54,28,28,46,46,0,16,24,43,51,8,0.0019741992579733825,0.0040845501889104465,45,53,8,3,3,3,3,1,81,53,75
273,0,0,1,1,0,0,0,1,1,0,0,0,1,1,0,0.0,0.0,1,1,0,-1,-1,-1,2,0,95,82,93
274,0,102,1,77,76,0,9,1,28,27,0,2,1,27,26,0.0,0.0004084550188910446,1,34,33,4,-1,5,7,0,62,67,88
275,0,616,1,100,99,0,44,1,52,51,0,44,1,57,56,0.0,0.02188638142891181,1,85,84,2,-1,3,4,0,78,96,0
276,88,1728,60,100,40,164,188,77,84,7,88,188,60,90,30,0.007352190340038803,0.031314884781646755,61,90,29,1,2,2,10,7,36,62,30
277,124,740,79,100,21,208,208,88,88,0,124,208,79,89,10,0.01153885428367201,0.024064808196330712,71,86,15,2,2,2,10,6,11,77,5
278,8,624,38,100,62,20,54,34,54,20,8,54,38,59,21,0.0004084550188910446,0.025970931617822254,35,89,54,2,4,3,4,2,84,56,0
279,24,230,46,90,44,52,52,40,40,0,24,36,46,49,3,0.0010211375472276116,0.0032336022328874367,39,49,10,3,3,3,7,4,24,64,75
280,98,98,63,63,0,94,94,53,53,0,98,98,64,64,0,0.011981347220803976,0.011981347220803976,73,73,0,-1,3,3,8,8,10,8,92
281,0,0,1,1,0,0,0,1,1,0,0,0,1,1,0,0.0,0.0,1,1,0,-1,-1,-1,7,0,62,91,97
282,88,88,67,67,0,158,158,83,83,0,88,88,67,67,0,0.008407365805507334,0.008407365805507334,67,67,0,-1,2,2,9,7,31,62,67
283,88,1728,60,100,40,154,178,72,84,12,88,178,60,90,30,0.007692569522448007,0.029817216379046257,62,90,28,1,2,2,10,4,36,72,6
284,22,638,42,100,58,56,66,41,43,2,22,66,42,55,13,0.0021784267674189047,0.018108172504169646,44,79,35,2,3,3,6,2,40,83,18
285,36,1676,52,100,48,88,132,52,73,21,36,132,52,80,28,0.00439089145307873,0.031280846863405834,54,92,38,1,3,2,8,6,21,73,18
286,40,246,55,95,40,52,52,76,76,0,40,52,69,76,7,0.004288777698355968,0.011913271384322134,54,73,19,3,2,2,3,1,55,53,17
287,22,638,46,100,54,34,44,44,58,14,22,44,46,62,16,0.0022465026039007454,0.02324789815854862,46,86,40,2,3,3,4,3,72,51,7
288,2,2,27,27,0,5,5,27,27,0,2,2,27,27,0,3.4037918240920386e-05,3.4037918240920386e-05,27,27,0,-1,5,5,3,2,87,58,36
289,0,102,1,77,76,0,6,1,26,25,0,2,1,26,25,0.0,0.00013615167296368154,1,28,27,4,-1,5,5,0,37,89,65
290,46,148,57,88,31,38,38,53,53,0,38,38,55,55,0,0.0045270431260424114,0.004833384390210695,55,56,1,4,3,3,3,6,64,28,56
291,0,616,1,100,99,0,58,1,34,33,0,22,1,39,38,0.0,0.0035739814152966403,1,51,50,2,-1,3,14,1,25,69,75
292,40,40,49,49,0,156,156,68,68,0,40,40,49,49,0,0.002825147213996392,0.002825147213996392,48,48,0,-1,2,2,12,1,14,53,50
293,0,206,1,92,91,0,16,1,33,32,0,6,1,33,32,0.0,0.0020082371762143027,1,46,45,3,-1,4,4,0,77,97,46
294,0,102,1,76,75,0,12,1,27,26,0,2,1,26,25,0.0,0.00030634126416828345,1,32,31,4,-1,5,8,1,39,45,49
295,22,22,49,49,0,22,22,49,49,0,22,22,50,50,0,0.0037441710065012424,0.0037441710065012424,52,52,0,-1,3,3,2,3,93,29,80
296,0,206,1,93,92,0,37,1,33,32,0,6,1,28,27,0.0,0.0020763130126961434,1,44,43,3,-1,4,9,0,23,86,46
297,0,616,1,100,99,0,70,1,58,57,0,70,1,65,64,0.0,0.024439225296980838,1,87,86,2,-1,3,5,0,80,99,10
298,0,616,1,100,99,0,76,1,41,40,0,44,1,49,48,0.0,0.005412029000306341,1,53,52,2,-1,3,10,0,0,80,72
299,67,273,57,94,37,108,108,60,60,0,67,108,57,75,18,0.005173763572619898,0.01147077844719017,55,74,19,3,3,3,8,6,42,35,44
300,100,100,64,64,0,100,100,59,59,0,100,100,64,64,0,0.04581503795227884,0.05034208107832125,98,98,0,2,1,1,6,17,40,6,28
301,0,0,1,1,0,0,0,1,1,0,0,0,1,1,0,0.0,0.0,1,1,0,-1,-1,-1,4,0,83,76,92
302,2,208,26,92,66,7,32,26,34,8,2,32,26,49,23,6.807583648184077e-05,0.012525953912658701,27,72,45,3,5,4,6,1,59,78,6
303,0,0,1,1,0,0,0,1,1,0,0,0,1,1,0,0.0,0.0,1,1,0,-1,-1,-1,2,0,93,82,40
304,32,32,47,47,0,76,76,39,39,0,32,32,47,47,0,0.0018380475850097008,0.0018380475850097008,42,42,0,-1,3,3,10,3,36,51,99
305,32,648,46,100,54,94,104,44,57,13,32,64,46,55,9,0.003199564314646516,0.007998910786616291,50,63,13,2,3,3,12,2,3,83,35
306,2,208,27,92,65,22,26,29,31,2,2,10,27,35,8,0.00013615167296368154,0.0014636304843595766,30,40,10,3,5,4,11,1,19,60,51
307,0,616,1,99,98,0,76,1,34,33,0,24,1,42,41,0.0,0.0024166921951053475,1,44,43,2,-1,3,17,0,20,82,70
308,16,632,37,100,63,78,78,44,44,0,16,46,37,53,16,0.0030974505599237552,0.008339289969025495,49,65,16,2,3,3,8,3,10,46,38
309,282,898,96,100,4,288,288,97,97,0,288,288,97,97,0,0.026209197045508698,0.031451036454610434,88,92,4,2,2,2,12,20,14,23,62
310,16,16,36,36,0,36,36,38,38,0,16,16,36,36,0,0.0007147962830593281,0.0007147962830593281,36,36,0,-1,3,3,5,2,52,42,96
311,277,378,100,100,0,56,56,93,93,0,56,56,93,93,0,0.06392321045644848,0.06392321045644848,98,98,0,6,2,2,2,36,99,2,68
312,413,413,99,99,0,152,152,94,94,0,152,152,94,94,0,0.03720344463732598,0.03720344463732598,93,93,0,-1,2,2,5,29,52,1,96
313,84,700,58,100,42,186,186,70,70,0,84,118,58,76,18,0.006671431975220395,0.011675005956635693,60,69,9,2,2,2,12,6,14,26,62
314,0,1640,1,100,99,0,112,1,57,56,0,58,1,51,50,0.0,0.01055175465468532,1,65,64,1,-1,2,15,0,7,80,72
315,180,796,87,100,13,104,104,85,85,0,104,104,85,85,0,0.022737329384934817,0.05306511453759488,83,100,17,2,2,2,5,16,70,18,3
316,2,618,27,100,73,5,28,29,45,16,2,28,27,52,25,0.0002723033459273631,0.017495489975833077,34,78,44,2,5,3,3,1,81,55,37
317,8,8,33,33,0,52,52,34,34,0,8,8,33,33,0,0.0004765308553728854,0.0004765308553728854,34,34,0,-1,4,4,10,2,36,56,87
318,144,760,84,100,16,116,126,74,76,2,116,126,81,83,2,0.010245413390517035,0.018244324177133328,70,82,12,2,2,2,7,13,46,24,28
319,12,12,34,34,0,24,24,31,31,0,12,12,34,34,0,0.0002042275094455223,0.0002042275094455223,29,29,0,-1,4,4,6,2,71,63,67
320,24,640,49,100,51,22,22,42,42,0,22,22,45,45,0,0.0024507301133462676,0.009836958371625992,47,66,19,2,3,3,2,6,91,70,47
321,404,610,99,100,1,128,128,92,92,0,128,128,92,92,0,0.04418121787671466,0.046189455052928964,97,97,0,3,2,2,5,40,50,3,73
322,0,616,1,100,99,0,70,1,41,40,0,58,1,55,54,0.0,0.009224275843289425,1,68,67,2,-1,3,9,0,31,67,17
323,0,0,1,1,0,0,0,1,1,0,0,0,1,1,0,0.0,0.0,1,1,0,-1,-1,-1,2,0,89,98,85
324,82,82,72,72,0,32,32,70,70,0,32,32,70,70,0,0.012764219340345145,0.012764219340345145,75,75,0,-1,3,3,2,6,95,77,79
325,32,648,44,100,56,136,156,63,66,3,32,156,44,80,36,0.0032336022328874367,0.0158616699002689,50,79,29,2,3,3,16,2,9,75,5
326,260,1900,95,100,5,120,144,85,90,5,120,144,87,90,3,0.029544913033118896,0.04823173014738419,89,98,9,1,2,2,6,22,74,9,41
327,70,70,61,61,0,110,110,58,58,0,64,64,58,58,0,0.005241839409101739,0.005241839409101739,55,55,0,-1,2,2,10,6,12,41,66
328,0,0,1,1,0,0,0,1,1,0,0,0,1,1,0,0.0,0.0,1,1,0,-1,-1,-1,5,0,49,59,82
329,0,616,1,100,99,0,116,1,57,56,0,67,1,55,54,0.0,0.00881582082439838,1,62,61,2,-1,3,15,0,7,40,44
330,2,103,26,75,49,7,7,27,27,0,2,3,26,29,3,3.4037918240920386e-05,0.00010211375472276115,26,28,2,5,5,5,5,2,80,58,78
331,29,629,54,100,46,38,38,55,55,0,38,38,58,58,0,0.00439089145307873,0.022703291466693896,55,86,31,2,3,3,3,4,76,22,9
332,0,206,1,92,91,0,12,1,31,30,0,6,1,31,30,0.0,0.00034037918240920387,1,33,32,3,-1,4,6,0,69,93,4
333,0,0,1,1,0,0,0,1,1,0,0,0,1,1,0,0.0,0.0,1,1,0,-1,-1,-1,14,0,8,36,66
334,67,67,64,64,0,60,60,49,49,0,60,60,59,59,0,0.007352190340038803,0.007352190340038803,61,61,0,-1,3,3,5,8,88,44,86
335,0,0,1,1,0,0,0,1,1,0,0,0,1,1,0,0.0,0.0,1,1,0,-1,-1,-1,9,0,28,76,66
336,0,206,1,91,90,0,16,1,28,27,0,16,1,34,33,0.0,0.008645631233193778,1,62,61,3,-1,4,4,0,67,93,14
337,36,36,59,59,0,22,22,55,55,0,22,22,57,57,0,0.005888559855679227,0.005888559855679227,61,61,0,-1,3,3,2,6,97,26,80
338,0,616,1,100,99,0,50,1,49,48,0,50,1,53,52,0.0,0.019980258007420267,1,84,83,2,-1,3,5,0,37,66,7
339,343,549,98,100,2,168,168,84,84,0,168,168,89,89,0,0.03260832567480173,0.03315293236665646,89,91,2,3,2,2,9,30,23,7,74
340,0,616,1,100,99,0,60,1,39,38,0,34,1,48,47,0.0,0.005377991082065421,1,54,53,2,-1,3,9,0,35,40,72
341,100,100,73,73,0,100,100,96,96,0,100,100,96,96,0,0.08243983797950917,0.0829844446713639,100,100,0,3,1,1,3,29,64,11,49
342,8,8,36,36,0,44,44,36,36,0,8,8,36,36,0,0.000442492937131965,0.000442492937131965,36,36,0,-1,4,4,8,2,57,56,66
343,18,120,47,87,40,22,22,47,47,0,18,22,50,51,1,0.003267640151128357,0.004118588107151367,52,52,0,4,3,3,2,2,89,75,43
344,2,2,27,27,0,7,7,28,28,0,2,2,27,27,0,0.00013615167296368154,0.00013615167296368154,30,30,0,-1,5,5,4,1,79,65,50
345,100,100,57,57,0,100,100,38,38,0,100,100,57,57,0,0.02491575615235372,0.02491575615235372,85,85,0,-1,1,1,16,13,4,33,99
346,16,632,44,100,56,28,28,46,46,0,16,28,43,53,10,0.0011232513019503727,0.006262976956329351,41,55,14,2,3,3,3,2,87,42,28
347,0,616,1,100,99,0,28,1,45,44,0,28,1,50,49,0.0,0.009156200006807584,1,65,64,2,-1,3,3,0,85,82,48
348,286,902,99,100,1,136,136,97,97,0,136,136,97,97,0,0.046223492971169886,0.052554545763981074,96,96,0,2,2,2,4,27,72,10,73
349,70,70,65,65,0,70,70,59,59,0,70,70,67,67,0,0.00622893903808843,0.00622893903808843,56,56,0,-1,3,3,5,5,88,47,79
350,0,101,1,83,82,0,2,1,24,23,0,1,1,24,23,0.0,0.00017018959120460194,1,31,30,5,-1,6,2,0,86,93,55
351,0,206,1,92,91,0,32,1,34,33,0,14,1,36,35,0.0,0.0028591851322373124,1,50,49,3,-1,4,8,0,21,36,73
352,2,618,28,100,72,5,54,28,61,33,2,54,28,67,39,0.0,0.016984921202219273,1,82,81,2,5,3,4,1,72,95,39
353,540,540,100,100,0,224,224,96,96,0,224,224,96,96,0,0.04697232717247013,0.04697232717247013,97,97,0,-1,2,2,8,40,42,3,76
354,183,383,91,100,9,96,96,95,95,0,96,96,95,95,0,0.029749140542564417,0.03369753905851118,89,92,3,3,2,2,3,16,60,18,48
355,0,206,1,89,88,0,36,1,33,32,0,30,1,45,44,0.0,0.004186663943633207,1,52,51,3,-1,4,6,0,40,93,26
356,16,222,43,93,50,40,40,49,49,0,16,40,43,55,12,0.0026209197045508697,0.013376901868681712,48,76,28,3,3,3,4,2,73,94,37
357,136,736,79,100,21,152,152,76,76,0,136,152,80,84,4,0.01412573606998196,0.03366350114027026,78,91,13,2,2,2,8,8,15,20,10
358,22,638,40,100,60,66,66,47,47,0,22,66,40,54,14,0.0035059055788147996,0.02484768031587188,46,87,41,2,3,3,6,3,71,29,10
359,6,212,31,92,61,14,18,36,37,1,6,18,31,46,15,0.0006467204465774873,0.007862759113652609,38,63,25,3,4,4,3,2,85,42,34
360,291,291,98,98,0,56,56,76,76,0,56,56,77,77,0,0.03638653459954389,0.03638653459954389,95,95,0,-1,2,2,2,29,68,1,82
361,100,100,67,67,0,100,100,55,55,0,100,100,67,67,0,0.05670717178937336,0.06848429150073182,99,99,0,1,1,1,9,29,23,1,48
362,42,658,57,100,43,46,56,81,81,0,42,56,81,81,0,0.010007147962830594,0.023996732359848873,70,88,18,2,2,2,2,2,89,74,39
363,100,100,72,72,0,100,100,79,79,0,100,100,80,80,0,0.06034922904115184,0.06034922904115184,99,99,0,-1,1,1,5,27,37,10,85
364,16,222,38,89,51,74,74,41,41,0,16,22,38,42,4,0.002586881786309949,0.002995336805200994,47,49,2,3,3,3,9,2,54,94,49
365,66,682,55,100,45,194,194,72,72,0,64,194,54,86,32,0.005650294427992784,0.015112835698968652,55,76,21,2,2,2,15,6,7,41,32
366,166,166,84,84,0,134,134,89,89,0,134,134,90,90,0,0.014908608189523128,0.014908608189523128,76,76,0,-1,2,2,6,13,41,33,96
367,0,0,1,1,0,0,0,1,1,0,0,0,1,1,0,0.0,0.0,1,1,0,-1,-1,-1,6,0,56,81,79
368,0,0,1,1,0,0,0,1,1,0,0,0,1,1,0,0.0,0.0,1,1,0,-1,-1,-1,16,0,4,86,69
369,66,66,69,69,0,48,48,65,65,0,48,48,68,68,0,0.011062323428299126,0.011062323428299126,72,72,0,-1,3,3,3,6,66,77,96
370,196,298,89,95,6,172,172,88,88,0,172,172,90,90,0,0.019469689233806462,0.01960584090677014,80,81,1,4,2,2,9,18,35,30,60
371,20,226,46,93,47,44,44,48,48,0,20,44,46,57,11,0.0018380475850097008,0.004356853534837809,45,55,10,3,3,3,4,3,47,43,70
372,147,249,89,99,10,56,56,82,82,0,56,56,82,82,0,0.026889955410327106,0.027094182919772627,88,89,1,4,2,2,2,15,89,16,49
373,9,111,38,81,43,18,18,38,38,0,9,18,38,46,8,0.0013274788113958951,0.001497668402600497,40,40,0,4,4,4,3,4,81,64,60
374,158,260,86,95,9,94,94,71,71,0,94,94,72,72,0,0.014261887742945642,0.01501072194424589,77,78,1,4,2,2,5,14,63,32,74
375,16,632,33,100,67,66,80,36,41,5,16,58,33,51,18,0.0006126825283365669,0.007760645358929848,36,60,24,2,3,3,10,1,0,49,34
376,104,206,70,91,21,174,174,72,72,0,104,106,70,71,1,0.007760645358929848,0.007828721195411689,60,60,0,4,2,2,10,6,0,26,60
377,256,462,93,100,7,88,88,73,73,0,88,88,74,74,0,0.033221008203138294,0.03434425950508867,91,91,0,3,2,2,4,29,83,0,64
378,0,616,1,100,99,0,58,1,35,34,0,22,1,40,39,0.0,0.0033016780693692774,1,50,49,2,-1,3,10,0,18,93,29
379,72,72,70,70,0,38,38,51,51,0,38,38,54,54,0,0.01153885428367201,0.01153885428367201,71,71,0,-1,3,3,3,8,94,17,45
380,0,616,1,100,99,0,114,1,60,59,0,76,1,55,54,0.0,0.006909697402906838,1,62,61,2,-1,3,13,0,13,81,21
381,12,12,36,36,0,32,32,34,34,0,12,12,36,36,0,0.0012934408931549745,0.0012934408931549745,40,40,0,-1,4,4,6,3,44,51,98
382,6,622,30,100,70,12,34,30,38,8,6,34,30,50,20,0.0002042275094455223,0.021477926410020762,32,87,55,2,4,3,4,1,53,55,11
383,2,618,27,99,72,12,96,27,41,14,2,96,27,64,37,0.0,0.014295925661186561,1,73,72,2,5,3,11,1,33,68,19
384,94,94,77,77,0,32,32,69,69,0,32,32,69,69,0,0.021035433472888797,0.021035433472888797,86,86,0,-1,3,3,2,20,93,23,40
385,164,164,82,82,0,214,214,74,74,0,164,164,82,82,0,0.00881582082439838,0.00881582082439838,62,62,0,-1,2,2,15,13,7,24,85
386,16,222,40,91,51,70,70,59,59,0,16,24,40,47,7,0.0037441710065012424,0.004799346471969774,51,56,5,3,3,3,5,1,80,90,74
387,0,616,1,100,99,0,28,1,41,40,0,28,1,50,49,0.0,0.015180911535450491,1,79,78,2,-1,3,3,0,64,96,15
388,0,616,1,100,99,0,88,1,46,45,0,88,1,60,59,0.0,0.01844855168657885,1,79,78,2,-1,3,8,0,10,81,9
389,100,100,69,69,0,100,100,55,55,0,100,100,69,69,0,0.021443888491779844,0.0352292453793526,81,94,13,2,1,1,9,6,26,73,6
390,0,616,1,99,98,0,112,1,57,56,0,86,1,55,54,0.0,0.006501242384015794,1,56,55,2,-1,3,17,1,20,69,24
391,14,630,45,100,55,12,22,35,51,16,12,22,42,54,12,0.002825147213996392,0.011130399264780965,50,71,21,2,4,3,2,6,98,70,57
392,0,616,1,100,99,0,48,1,40,39,0,41,1,51,50,0.0,0.007624493685966166,1,61,60,2,-1,3,6,0,40,87,25
393,150,150,85,85,0,172,172,87,87,0,150,150,87,87,0,0.015657442390823378,0.015657442390823378,76,76,0,-1,2,2,9,8,26,20,59
394,145,145,86,86,0,220,220,84,84,0,145,145,86,86,0,0.00976888253514415,0.00976888253514415,66,66,0,-1,2,2,12,8,14,44,89
395,100,100,63,63,0,100,100,56,56,0,100,100,63,63,0,0.056673133871132444,0.056673133871132444,99,99,0,-1,1,1,7,29,24,0,80
396,6,6,29,29,0,35,35,31,31,0,6,6,29,29,0,0.0002042275094455223,0.0002042275094455223,31,31,0,-1,4,4,15,1,7,65,79
397,12,218,37,93,56,8,8,32,32,0,12,8,37,36,-1,0.0015317063208414173,0.007352190340038803,44,61,17,3,4,4,2,2,68,83,34
398,16,632,38,100,62,44,44,49,49,0,16,44,38,53,15,0.0026889955410327104,0.014772456516559448,50,76,26,2,3,3,4,2,53,94,5
399,100,100,66,66,0,100,100,45,45,0,100,100,66,66,0,0.038224582184553595,0.0404030089519725,95,95,0,2,1,1,10,19,1,15,75
400,293,293,97,97,0,72,72,83,83,0,72,72,83,83,0,0.03451444909629327,0.03451444909629327,92,92,0,-1,2,2,3,29,58,0,87
401,2,618,27,100,73,6,28,29,44,15,2,28,27,49,22,0.00013615167296368154,0.02920453385070969,30,90,60,2,5,3,3,1,58,65,3
402,2,104,27,74,47,10,10,29,29,0,2,4,27,29,2,0.00030634126416828345,0.0005105687736138058,33,35,2,4,5,5,5,1,63,55,65
403,196,402,95,100,5,32,32,64,64,0,32,32,64,64,0,0.030191633479696382,0.036080193335375606,93,94,1,3,3,3,2,29,89,0,27
404,115,321,85,100,15,32,32,63,63,0,32,32,65,65,0,0.017087034956942034,0.023384049831512304,83,88,5,3,3,3,2,18,98,5,8
405,0,206,1,92,91,0,39,1,31,30,0,7,1,32,31,0.0,0.0008509479560230097,1,36,35,3,-1,4,10,1,36,69,61
406,0,102,1,71,70,0,8,1,27,26,0,2,1,27,26,0.0,0.0,1,1,0,4,-1,5,7,0,46,97,95
407,0,1640,1,100,99,0,48,1,71,70,0,48,1,73,72,0.0,0.03900745430409476,1,95,94,1,-1,2,3,0,60,79,41
408,180,180,87,87,0,172,172,88,88,0,172,172,90,90,0,0.016406276592123625,0.016406276592123625,78,78,0,-1,2,2,9,13,35,33,87
409,0,616,1,100,99,0,60,1,36,35,0,40,1,48,47,0.0,0.004050512270669526,1,52,51,2,-1,3,11,0,38,98,47
410,100,100,64,64,0,100,100,59,59,0,100,100,64,64,0,0.02641342455495422,0.03158718812757412,88,91,3,2,1,1,6,3,40,51,35
411,16,16,45,45,0,38,38,57,57,0,16,16,44,44,0,0.0045270431260424114,0.0045270431260424114,54,54,0,-1,3,3,3,1,85,90,82
412,6,622,29,100,71,31,76,32,41,9,6,62,29,51,22,0.0002042275094455223,0.007454304094761564,32,60,28,2,4,3,10,1,0,55,44
413,176,382,90,98,8,232,232,95,95,0,176,232,90,96,6,0.01763164164879676,0.02130773681881616,83,85,2,3,2,2,10,9,36,39,13
414,182,1782,89,100,11,110,110,78,78,0,110,110,82,82,0,0.012117498893767658,0.035195207461111676,72,94,22,1,2,2,6,14,51,32,33
415,0,616,1,100,99,0,154,1,65,64,0,154,1,83,82,0.0,0.023996732359848873,1,88,87,2,-1,3,14,0,25,89,11
416,0,616,1,100,99,0,80,1,44,43,0,80,1,63,62,0.0,0.014704380680077607,1,76,75,2,-1,3,9,0,26,87,37
417,1,207,26,91,65,7,22,26,33,7,1,20,26,44,18,0.0,0.0023486163586235067,1,46,45,3,6,4,7,1,62,78,22
418,40,246,48,94,46,54,58,56,65,9,40,46,49,54,5,0.004731270635487933,0.005684332346233704,49,53,4,3,2,2,4,1,67,71,49
419,8,214,37,91,54,30,30,37,37,0,8,30,37,48,11,0.0016338200755641784,0.007862759113652609,41,64,23,3,4,4,5,2,80,83,24
420,154,154,85,85,0,222,222,90,90,0,154,154,85,85,0,0.011300588855985567,0.011300588855985567,69,69,0,-1,2,2,10,7,11,48,59
421,32,648,46,100,54,46,56,37,40,3,32,56,46,53,7,0.0028932230504782326,0.015521290717859695,46,78,32,2,3,3,6,2,40,75,37
422,67,667,63,100,37,32,32,58,58,0,32,32,59,59,0,0.006977773239388679,0.027706865448109193,60,91,31,2,3,3,2,8,68,57,11
423,0,616,1,100,99,0,56,1,37,36,0,42,1,51,50,0.0,0.005105687736138058,1,55,54,2,-1,3,8,0,15,98,28
424,0,206,1,92,91,0,18,1,31,30,0,12,1,35,34,0.0,0.0011913271384322134,1,39,38,3,-1,4,6,0,65,98,51
425,0,1640,1,100,99,0,124,1,63,62,0,124,1,78,77,0.0,0.02556247659893121,1,88,87,1,-1,2,10,1,1,45,15
426,42,248,54,91,37,126,126,63,63,0,40,48,49,54,5,0.003948398515946765,0.00527587732734266,52,58,6,3,3,3,11,6,38,41,61
427,0,616,1,100,99,0,80,1,40,39,0,64,1,55,54,0.0,0.00891793457912114,1,67,66,2,-1,3,10,0,18,67,39
428,0,206,1,92,91,0,20,1,34,33,0,20,1,45,44,0.0,0.0033357159876101976,1,49,48,3,-1,4,4,0,47,86,28
429,0,1640,1,100,99,0,78,1,74,73,0,78,1,76,75,0.0,0.04996766397767113,1,96,95,1,-1,2,4,0,77,59,11
430,16,222,36,90,54,34,42,36,36,0,16,29,36,43,7,0.0006467204465774873,0.003437829742332959,35,43,8,3,3,3,6,1,71,49,54
431,118,118,78,78,0,198,198,85,85,0,118,118,78,78,0,0.012934408931549747,0.012934408931549747,72,72,0,-1,2,2,10,5,22,25,36
432,6,622,29,100,71,35,68,31,34,3,6,28,29,39,10,0.0002042275094455223,0.001497668402600497,31,41,10,2,4,3,15,1,7,65,61
433,162,162,88,88,0,128,128,90,90,0,128,128,90,90,0,0.01766567956703768,0.01766567956703768,79,79,0,-1,2,2,5,13,63,33,86
434,0,0,1,1,0,0,0,1,1,0,0,0,1,1,0,0.0,0.0,1,1,0,-1,-1,-1,3,0,60,93,97
435,2,2,27,27,0,7,7,28,28,0,2,2,27,27,0,3.4037918240920386e-05,3.4037918240920386e-05,26,26,0,-1,5,5,4,1,79,95,69
436,370,986,97,100,3,176,176,98,98,0,176,176,98,98,0,0.03859899928520372,0.0636168691922802,92,100,8,2,2,2,5,27,61,10,1
437,174,790,87,100,13,110,110,78,78,0,110,110,82,82,0,0.018040096667687803,0.022124646856598252,79,84,5,2,2,2,6,16,51,12,26
438,28,1668,46,100,54,60,108,40,65,25,28,108,46,78,32,0.002110350930937064,0.02294155689438034,45,87,42,1,3,2,9,3,35,54,32
439,0,102,1,75,74,0,7,1,26,25,0,2,1,26,25,0.0,0.00010211375472276115,1,28,27,4,-1,5,6,0,65,86,60
440,100,100,72,72,0,100,100,87,87,0,100,100,87,87,0,0.0704584907587052,0.07546206474012049,98,98,0,2,1,1,4,27,53,10,90
441,28,1668,44,100,56,64,108,41,62,21,28,108,44,80,36,0.0017018959120460194,0.02634534871847238,42,87,45,1,3,2,9,3,31,43,16
442,2,104,27,83,56,4,4,29,29,0,2,4,27,30,3,0.00030634126416828345,0.0006126825283365669,31,35,4,4,5,5,2,1,99,60,63
443,214,214,90,90,0,316,316,92,92,0,214,214,90,90,0,0.018380475850097007,0.018380475850097007,82,82,0,-1,2,2,15,9,7,39,59
444,22,638,47,100,53,48,48,60,60,0,22,48,47,62,15,0.0046972327172470135,0.012253650566731339,53,71,18,2,3,3,3,3,58,29,48
445,67,273,58,94,36,88,88,49,49,0,67,74,58,60,2,0.005377991082065421,0.005854521937438306,57,58,1,3,3,3,8,6,30,35,56
446,174,275,87,94,7,184,184,97,97,0,174,184,97,97,0,0.015725518227305217,0.01592974573675074,78,78,0,5,2,2,7,8,62,17,55
447,12,628,35,100,65,30,50,36,44,8,12,50,35,57,22,0.0012594029749140542,0.00980292045338507,39,68,29,2,4,3,5,2,63,74,48
448,18,120,52,86,34,32,32,63,63,0,18,32,54,64,10,0.002280540522141666,0.0029612988869600733,46,51,5,4,3,3,2,2,98,52,71
449,22,22,43,43,0,54,54,37,37,0,22,22,43,43,0,0.0011232513019503727,0.0011232513019503727,38,38,0,-1,3,3,8,3,15,51,86
450,124,330,78,98,20,242,242,80,80,0,124,130,78,81,3,0.010960209673576363,0.011130399264780965,70,70,0,3,2,2,14,6,8,34,49
451,130,232,83,93,10,88,88,76,76,0,88,88,79,79,0,0.011709043874876613,0.01327478811395895,74,77,3,4,2,2,4,13,47,24,83
452,291,291,99,99,0,56,56,80,80,0,56,56,81,81,0,0.04581503795227884,0.04581503795227884,97,97,0,-1,2,2,2,36,91,2,97
453,1,207,26,93,67,3,18,26,39,13,1,18,26,45,19,3.4037918240920386e-05,0.014772456516559448,26,78,52,3,6,4,3,1,55,68,19
454,51,257,53,95,42,50,50,46,46,0,50,50,53,53,0,0.004322815616596889,0.005377991082065421,51,53,2,3,3,3,5,6,50,35,53
455,0,0,1,1,0,0,0,1,1,0,0,0,1,1,0,0.0,0.0,1,1,0,-1,-1,-1,5,0,49,76,89
456,100,100,64,64,0,100,100,59,59,0,100,100,64,64,0,0.04581503795227884,0.04823173014738419,98,98,0,2,1,1,6,17,40,6,43
457,16,632,34,100,66,54,98,34,41,7,16,73,34,56,22,0.00037441710065012424,0.00704584907587052,34,59,25,2,3,3,12,1,14,88,44
458,0,206,1,92,91,0,24,1,39,38,0,24,1,51,50,0.0,0.007998910786616291,1,64,63,3,-1,4,4,1,78,69,33
459,10,626,36,100,64,30,60,39,48,9,10,60,36,58,22,0.0014295925661186562,0.026277272881990537,43,86,43,2,4,3,5,3,88,43,1
460,100,100,67,67,0,100,100,74,74,0,100,100,75,75,0,0.03819054426631267,0.038224582184553595,95,95,0,5,1,1,5,5,63,25,58
461,0,616,1,100,99,0,72,1,52,51,0,72,1,59,58,0.0,0.02998740597025086,1,90,89,2,-1,3,6,0,41,66,0
462,2,2,29,29,0,6,6,29,29,0,2,2,29,29,0,0.00013615167296368154,0.00013615167296368154,32,32,0,-1,5,5,3,1,75,60,80
463,373,579,99,100,1,120,120,99,99,0,120,120,99,99,0,0.05265665951870384,0.059804622349297114,97,97,0,3,2,2,3,36,75,2,14
464,144,744,79,100,21,198,198,83,83,0,144,198,79,90,11,0.009428503352734947,0.020456788862793153,68,85,17,2,2,2,10,7,0,21,6
465,0,0,1,1,0,0,0,1,1,0,0,0,1,1,0,0.0,0.0,1,1,0,-1,-1,-1,2,0,97,40,79
466,8,8,36,36,0,44,44,36,36,0,8,8,36,36,0,0.0004084550188910446,0.0004084550188910446,35,35,0,-1,4,4,8,2,57,63,81
467,22,22,41,41,0,48,48,36,36,0,22,22,41,41,0,0.0009190237925048504,0.0009190237925048504,37,37,0,-1,3,3,9,2,35,74,86
468,80,696,59,100,41,132,132,75,75,0,80,132,59,81,22,0.009394465434494027,0.017495489975833077,67,78,11,2,2,2,8,5,10,25,77
469,100,100,64,64,0,100,100,44,44,0,100,100,64,64,0,0.055107389632050106,0.06106402532421117,100,100,0,2,1,1,13,40,13,3,27
470,70,170,65,92,27,38,38,46,46,0,38,38,51,51,0,0.010347527145239796,0.015589366554341537,74,79,5,4,3,3,3,9,96,27,8
471,29,29,47,47,0,46,46,42,42,0,29,29,47,47,0,0.0036760951700194017,0.0036760951700194017,49,49,0,-1,3,3,6,6,48,73,99
472,22,622,49,100,51,22,22,49,49,0,22,22,50,50,0,0.0031314884781646754,0.021069471391129718,49,87,38,2,3,3,2,2,93,52,16
473,52,154,65,93,28,12,12,37,37,0,12,12,42,42,0,0.007794683277170768,0.008305252050784574,66,66,0,4,4,4,2,13,99,24,49
474,0,206,1,90,89,0,18,1,28,27,0,8,1,34,33,0.0,0.001157289220191293,1,38,37,3,-1,4,8,0,30,40,51
475,192,808,92,100,8,48,48,60,60,0,48,48,63,63,0,0.026855917492086184,0.03328908403962014,90,91,1,2,3,3,3,22,58,9,57
476,45,251,56,97,41,38,38,51,51,0,38,38,54,54,0,0.005207801490860819,0.00616086320160659,53,56,3,3,3,3,3,6,94,28,49
477,159,159,83,83,0,86,86,56,56,0,86,86,62,62,0,0.020592940535756832,0.020592940535756832,83,83,0,-1,3,3,6,20,51,23,99
478,0,616,1,100,99,0,44,1,47,46,0,44,1,53,52,0.0,0.007556417849484326,1,62,61,2,-1,3,4,0,83,79,13
479,42,144,54,85,31,126,126,63,63,0,40,42,49,54,5,0.003948398515946765,0.004118588107151367,52,52,0,4,3,3,11,6,38,41,55
480,100,100,73,73,0,100,100,87,87,0,100,100,87,87,0,0.057149664726505324,0.07937642533782634,99,100,1,2,1,1,4,16,79,18,10
481,0,102,1,77,76,0,11,1,28,27,0,2,1,27,26,0.0,0.00013615167296368154,1,31,30,4,-1,5,8,0,57,91,4
482,0,102,1,76,75,0,10,1,30,29,0,4,1,30,29,0.0,0.0014295925661186562,1,41,40,4,-1,5,5,0,70,36,61
483,72,278,55,93,38,136,136,64,64,0,72,80,55,56,1,0.00881582082439838,0.009939072126348753,60,64,4,3,3,3,11,6,5,34,83
484,6,206,29,89,60,24,24,32,32,0,6,6,29,29,0,0.0005446066918547262,0.0022465026039007454,35,44,9,3,4,4,8,1,42,88,46
485,142,348,90,98,8,96,96,87,87,0,96,96,87,87,0,0.021511964328261683,0.02209060893835733,87,88,1,3,2,2,3,8,87,8,56
486,22,228,41,90,49,64,64,41,41,0,22,30,41,46,5,0.0021784267674189047,0.0034037918240920387,47,49,2,3,3,3,9,2,28,75,61
487,246,862,95,100,5,72,72,83,83,0,72,72,83,83,0,0.035910003744171005,0.049593246877021,93,96,3,2,2,2,3,29,58,11,16
488,112,728,78,100,22,222,232,77,80,3,112,140,78,82,4,0.008135062459579971,0.00976888253514415,63,66,3,2,2,2,14,7,25,62,43
489,122,122,86,86,0,88,88,80,80,0,88,88,81,81,0,0.015317063208414174,0.015317063208414174,80,80,0,-1,2,2,4,14,77,14,97
490,106,106,82,82,0,72,72,77,77,0,72,72,77,77,0,0.016099935327955343,0.016099935327955343,79,79,0,-1,2,2,3,8,82,20,99
491,2,618,28,100,72,13,58,31,42,11,2,58,28,51,23,0.0002382654276864427,0.010449640899962559,32,73,41,2,5,3,7,1,46,55,33
492,154,770,88,100,12,94,94,78,78,0,94,94,79,79,0,0.017495489975833077,0.020763130126961436,79,84,5,2,2,2,5,16,88,12,54
493,0,616,1,100,99,0,38,1,34,33,0,38,1,48,47,0.0,0.005854521937438306,1,55,54,2,-1,3,6,0,40,79,44
494,196,812,89,100,11,172,172,88,88,0,172,172,90,90,0,0.019469689233806462,0.03655672419074849,80,95,15,2,2,2,9,18,35,30,9
495,393,393,99,99,0,160,160,100,100,0,160,160,100,100,0,0.04537254501514688,0.04537254501514688,95,95,0,-1,2,2,4,29,79,1,97
496,70,686,59,100,41,128,128,73,73,0,70,128,59,80,21,0.005956635692161067,0.017597603730555838,57,79,22,2,3,3,8,5,21,47,39
497,0,616,1,100,99,0,31,1,32,31,0,16,1,33,32,0.0,0.0016338200755641784,1,41,40,2,-1,3,10,0,11,59,42
498,0,206,1,91,90,0,20,1,29,28,0,20,1,40,39,0.0,0.016882807447496512,1,80,79,3,-1,4,4,0,67,97,1
499,314,914,96,100,4,150,150,90,90,0,150,150,91,91,0,0.03699921712788046,0.03849688553048095,94,94,0,2,2,2,7,29,62,0,75
500,0,206,1,92,91,0,14,1,30,29,0,14,1,39,38,0.0,0.0032336022328874367,1,48,47,3,-1,4,5,0,70,36,35
501,0,616,1,100,99,0,40,1,39,38,0,32,1,47,46,0.0,0.006569318220497634,1,56,55,2,-1,3,5,0,52,40,25
502,12,114,39,82,43,18,18,35,35,0,12,14,39,41,2,0.0012594029749140542,0.002484768031587188,40,46,6,4,4,4,3,2,58,61,53
503,193,1793,92,100,8,112,112,94,94,0,112,112,94,94,0,0.026855917492086184,0.06919908778379115,88,99,11,1,2,2,4,17,78,6,11
504,142,758,90,100,10,72,72,80,80,0,72,72,80,80,0,0.017359338302869398,0.03638653459954389,81,91,10,2,2,2,3,15,87,19,10
505,2,2,28,28,0,7,7,28,28,0,2,2,28,28,0,0.0,0.0,1,1,0,-1,5,5,6,2,44,58,98
506,62,262,64,97,33,44,44,53,53,0,44,44,58,58,0,0.010994247591817285,0.011913271384322134,74,75,1,3,3,3,4,8,78,20,61
507,102,204,72,92,20,112,112,70,70,0,102,112,74,76,2,0.009734844616903231,0.009734844616903231,69,69,0,4,3,3,7,7,46,48,95
508,58,674,68,100,32,32,32,63,63,0,32,32,65,65,0,0.011368664692467409,0.031246808945164913,72,92,20,2,3,3,2,6,98,34,12
509,6,212,29,89,60,18,30,33,35,2,6,30,29,51,22,0.00017018959120460194,0.011845195547840293,32,71,39,3,4,4,5,1,61,4,37
510,268,884,92,100,8,254,254,93,93,0,254,254,94,94,0,0.022805405221416657,0.028013206712277475,82,88,6,2,2,2,12,17,2,6,35
511,165,165,90,90,0,72,72,77,77,0,72,72,77,77,0,0.026651689982640663,0.026651689982640663,90,90,0,-1,2,2,3,20,64,23,85
512,98,304,68,97,29,66,66,50,50,0,66,66,61,61,0,0.011096361346540046,0.012968446849790666,71,72,1,3,3,3,6,8,56,8,52
513,0,0,1,1,0,0,0,1,1,0,0,0,1,1,0,0.0,0.0,1,1,0,-1,-1,-1,3,0,76,81,85
514,260,466,95,100,5,120,120,85,85,0,120,120,87,87,0,0.029544913033118896,0.03454848701453419,89,93,4,3,2,2,6,22,74,9,38
515,0,206,1,94,93,0,18,1,37,36,0,18,1,46,45,0.0,0.025154021580040164,1,88,87,3,-1,4,3,0,81,98,11
516,6,622,32,100,68,8,22,32,47,15,6,22,32,50,18,0.0008169100377820892,0.008169100377820893,37,65,28,2,4,3,2,1,95,71,26
517,78,78,69,69,0,56,56,76,76,0,56,56,77,77,0,0.010483678818203479,0.010483678818203479,72,72,0,-1,2,2,2,4,68,72,93
518,6,212,28,88,60,23,44,28,31,3,6,14,28,31,3,6.807583648184077e-05,0.0017018959120460194,28,40,12,3,4,4,17,1,20,78,83
519,100,716,70,100,30,100,100,68,68,0,100,100,73,73,0,0.00980292045338507,0.01923142380612002,69,84,15,2,2,2,6,7,48,21,33
520,74,274,72,100,28,32,32,69,69,0,32,32,69,69,0,0.01147077844719017,0.022635215630212056,71,87,16,3,3,3,2,9,93,27,12
521,164,1804,82,100,18,214,288,74,87,13,164,288,82,95,13,0.00881582082439838,0.04452159705912386,62,98,36,1,2,2,15,13,7,24,3
522,52,1692,50,100,50,62,100,48,70,22,50,100,50,71,21,0.003880322679464924,0.045746962115797,49,97,48,1,3,2,6,6,56,41,3
523,156,772,81,100,19,258,258,83,83,0,156,174,81,84,3,0.012117498893767658,0.013547091459886314,67,71,4,2,2,2,15,9,7,27,43
524,16,222,34,89,55,70,70,37,37,0,16,22,34,40,6,0.0006807583648184077,0.0007828721195411688,36,36,0,3,3,3,11,1,33,49,4
525,76,676,63,100,37,134,134,72,72,0,76,134,63,81,18,0.009836958371625992,0.034854828278702475,70,90,20,2,3,3,9,6,31,77,3
526,88,1728,66,100,34,66,90,47,66,19,66,90,55,69,14,0.011334626774226489,0.02913645801422785,68,92,24,1,3,2,6,8,71,8,43
527,100,306,65,93,28,104,104,81,81,0,104,104,84,84,0,0.00803294870485721,0.009054086252084823,64,65,1,3,2,2,5,6,61,13,83
528,0,206,1,93,92,0,14,1,33,32,0,14,1,40,39,0.0,0.003608019333537561,1,49,48,3,-1,4,3,0,60,85,47
529,16,632,41,100,59,24,38,41,52,11,16,38,41,54,13,0.0006807583648184077,0.0160318594914735,37,81,44,2,3,3,3,1,64,49,18
530,22,1662,47,100,53,38,62,57,79,22,22,62,48,79,31,0.004561081044283332,0.04802750263793867,55,97,42,1,3,2,3,3,55,29,37
531,0,616,1,100,99,0,28,1,42,41,0,28,1,49,48,0.0,0.019707954661492902,1,86,85,2,-1,3,3,0,66,67,7
532,0,1640,1,100,99,0,72,1,76,75,0,72,1,78,77,0.0,0.05640083052520508,1,98,97,1,-1,2,3,0,96,99,10
533,2,208,29,94,65,3,8,29,32,3,2,8,29,37,8,0.0002042275094455223,0.002825147213996392,32,49,17,3,5,4,2,1,90,55,46
534,0,206,1,92,91,0,14,1,33,32,0,11,1,36,35,0.0,0.002484768031587188,1,48,47,3,-1,4,5,0,37,36,41
535,0,206,1,92,91,0,22,1,33,32,0,22,1,44,43,0.0,0.0037441710065012424,1,49,48,3,-1,4,5,0,88,66,13
536,40,656,50,100,50,110,120,60,64,4,40,50,50,55,5,0.004561081044283332,0.007113924912352361,55,60,5,2,3,3,10,6,11,73,46
537,0,102,1,79,78,0,6,1,28,27,0,2,1,26,25,0.0,0.0017359338302869397,1,40,39,4,-1,5,3,0,94,79,46
538,0,206,1,90,89,0,32,1,36,35,0,32,1,49,48,0.0,0.008135062459579971,1,64,63,3,-1,4,6,0,74,85,8
539,0,616,1,100,99,0,96,1,38,37,0,58,1,51,50,0.0,0.006671431975220395,1,57,56,2,-1,3,15,0,7,36,34
540,54,54,53,53,0,76,76,54,54,0,54,54,53,53,0,0.006535280302256714,0.006535280302256714,59,59,0,-1,3,3,6,7,41,62,93
541,16,16,38,38,0,34,34,39,39,0,16,16,38,38,0,0.002927260968719153,0.002927260968719153,51,51,0,-1,3,3,4,3,53,46,86
542,34,136,52,87,35,22,22,42,42,0,22,22,45,45,0,0.006126825283365669,0.007556417849484326,56,61,5,4,3,3,2,7,91,62,83
543,74,175,73,92,19,38,38,61,61,0,38,38,63,63,0,0.011777119711358454,0.012049423057285817,74,74,0,5,3,3,3,8,81,8,63
544,190,190,89,89,0,222,222,83,83,0,222,222,90,90,0,0.020048333843902106,0.020048333843902106,82,82,0,-1,2,2,13,16,13,18,69
545,0,616,1,100,99,0,96,1,36,35,0,64,1,53,52,0.0,0.009360427516253106,1,66,65,2,-1,3,14,1,16,69,8
546,0,206,1,92,91,0,18,1,33,32,0,20,1,47,46,0.0,0.004629156880765172,1,53,52,3,-1,4,5,0,70,98,38
547,0,616,1,100,99,0,46,1,38,37,0,46,1,52,51,0.0,0.010245413390517035,1,70,69,2,-1,3,6,0,41,79,14
548,0,616,1,100,99,0,44,1,35,34,0,46,1,53,52,0.0,0.007828721195411689,1,62,61,2,-1,3,9,0,35,87,8
549,22,638,40,100,60,122,136,55,58,3,22,123,40,82,42,0.002212464685659825,0.014908608189523128,42,77,35,2,3,3,16,2,4,83,18
550,75,281,73,98,25,22,22,52,52,0,22,22,54,54,0,0.010994247591817285,0.017972020831205963,68,83,15,3,3,3,2,14,86,32,17
551,6,622,28,99,71,39,116,30,58,28,6,84,28,54,26,3.4037918240920386e-05,0.008475441641989176,26,60,34,2,4,3,17,1,20,60,8
552,270,270,94,94,0,110,110,86,86,0,110,110,86,86,0,0.0335613873855475,0.0335613873855475,92,92,0,-1,2,2,6,27,69,10,67
553,30,30,49,49,0,66,66,48,48,0,30,30,49,49,0,0.004152626025392287,0.004152626025392287,50,50,0,-1,3,3,6,6,59,73,91
554,8,109,38,79,41,16,16,33,33,0,8,9,38,41,3,0.0004084550188910446,0.0005105687736138058,35,36,1,5,4,4,4,2,84,63,60
555,37,237,47,92,45,46,46,38,38,0,37,46,47,50,3,0.004220701861874128,0.011402702610708328,50,69,19,3,3,3,6,6,71,35,20
556,58,674,65,100,35,38,38,51,51,0,38,38,54,54,0,0.00888389666088022,0.014840532353041287,70,78,8,2,3,3,3,7,82,48,13
557,0,1640,1,100,99,0,70,1,45,44,0,70,1,61,60,0.0,0.020933319718166036,1,84,83,1,-1,2,8,0,57,80,12
558,16,222,41,94,53,40,40,43,43,0,16,28,41,51,10,0.002144388849177984,0.005548180673270023,47,56,9,3,3,3,5,1,49,53,29
559,120,736,79,100,21,120,120,79,79,0,120,120,81,81,0,0.008611593314952858,0.010449640899962559,65,68,3,2,2,2,6,6,44,13,63
560,73,279,64,96,32,88,88,76,76,0,73,88,74,78,4,0.009939072126348753,0.01695088328397835,69,80,11,3,2,2,4,4,47,22,32
561,0,206,1,94,93,0,12,1,29,28,0,6,1,29,28,0.0,0.00037441710065012424,1,34,33,3,-1,4,4,0,53,85,49
562,0,616,1,100,99,0,50,1,37,36,0,40,1,50,49,0.0,0.004765308553728854,1,55,54,2,-1,3,8,0,10,36,26
563,0,616,1,100,99,0,38,1,48,47,0,38,1,53,52,0.0,0.013955546478777357,1,79,78,2,-1,3,3,0,87,79,8
564,64,680,70,100,30,32,32,63,63,0,32,32,64,64,0,0.011130399264780965,0.03257428775656081,69,94,25,2,3,3,2,9,86,27,0
565,1,1641,25,100,75,6,53,25,48,23,1,51,25,57,32,3.4037918240920386e-05,0.01865277919602437,28,80,52,1,6,2,6,1,69,78,64
566,24,24,51,51,0,34,34,44,44,0,24,24,51,51,0,0.0030634126416828346,0.0030634126416828346,50,50,0,-1,3,3,4,6,72,70,40
567,0,616,1,99,98,0,54,1,33,32,0,18,1,38,37,0.0,0.0015317063208414173,1,41,40,2,-1,3,12,0,6,87,61
568,0,616,1,100,99,0,46,1,33,32,0,22,1,42,41,0.0,0.003778208924742163,1,48,47,2,-1,3,10,0,12,67,75
569,16,16,36,36,0,28,28,34,34,0,16,16,36,36,0,0.0007147962830593281,0.0007147962830593281,36,36,0,-1,3,3,5,1,52,4,97
570,0,0,1,1,0,0,0,1,1,0,0,0,1,1,0,0.0,0.0,1,1,0,-1,-1,-1,11,0,38,91,79
571,2,2,27,27,0,14,14,28,28,0,2,2,27,27,0,6.807583648184077e-05,6.807583648184077e-05,27,27,0,-1,5,5,8,1,39,95,86
572,0,0,1,1,0,0,0,1,1,0,0,0,1,1,0,0.0,0.0,1,1,0,-1,-1,-1,3,0,92,82,80
573,176,792,86,100,14,174,174,76,76,0,174,174,87,87,0,0.014806494434800367,0.02130773681881616,75,84,9,2,2,2,10,13,22,33,21
574,0,0,1,1,0,0,0,1,1,0,0,0,1,1,0,0.0,0.0,1,1,0,-1,-1,-1,5,0,88,67,66
575,126,126,79,79,0,184,184,78,78,0,126,126,79,79,0,0.012832295176826986,0.012832295176826986,72,72,0,-1,2,2,10,8,18,20,99
576,0,0,1,1,0,0,0,1,1,0,0,0,1,1,0,0.0,0.0,1,1,0,-1,-1,-1,9,0,31,89,67
577,72,278,57,91,34,144,144,63,63,0,72,81,57,59,2,0.0020082371762143027,0.0030634126416828346,43,48,5,3,2,2,14,3,17,43,54
578,0,101,1,77,76,0,5,1,25,24,0,1,1,25,24,0.0,6.807583648184077e-05,1,26,25,6,-1,7,5,0,37,97,58
579,34,135,58,90,32,22,22,52,52,0,22,22,55,55,0,0.006637394056979475,0.006671431975220395,61,61,0,5,3,3,2,4,98,38,4
580,86,292,64,96,32,86,86,56,56,0,86,86,66,66,0,0.006297014874570271,0.007454304094761564,59,63,4,3,3,3,6,6,59,13,52
581,18,224,41,90,49,42,42,40,40,0,18,24,41,44,3,0.0006126825283365669,0.0010892133837094523,35,38,3,3,3,3,6,2,48,63,88
582,0,1640,1,100,99,0,108,1,59,58,0,99,1,59,58,0.0,0.015725518227305217,1,77,76,1,-1,2,12,0,6,59,24
583,0,616,1,100,99,0,34,1,32,31,0,24,1,43,42,0.0,0.003608019333537561,1,49,48,2,-1,3,6,1,40,50,54
584,0,206,1,88,87,0,28,1,32,31,0,6,1,28,27,0.0,0.002110350930937064,1,44,43,3,-1,4,8,0,10,85,46
585,0,206,1,96,95,0,12,1,38,37,0,12,1,44,43,0.0,0.008135062459579971,1,65,64,3,-1,4,2,1,93,69,20
586,0,1640,1,100,99,0,84,1,50,49,0,64,1,56,55,0.0,0.018176248340651485,1,83,82,1,-1,2,8,0,21,92,34
587,100,100,79,79,0,100,100,98,98,0,100,100,98,98,0,0.07638108853262535,0.0766533918785527,99,99,0,4,1,1,2,2,95,58,56
588,352,352,98,98,0,152,152,95,95,0,152,152,95,95,0,0.036080193335375606,0.036080193335375606,93,93,0,-1,2,2,5,30,88,7,84
589,22,22,42,42,0,42,42,38,38,0,22,22,42,42,0,0.000442492937131965,0.000442492937131965,34,34,0,-1,3,3,6,2,41,56,99
590,216,832,93,100,7,116,116,76,76,0,116,116,80,80,0,0.022328874366043774,0.026992069165049867,84,88,4,2,2,2,7,19,62,15,28
591,18,18,48,48,0,38,38,55,55,0,18,18,47,47,0,0.0017359338302869397,0.0017359338302869397,41,41,0,-1,3,3,3,2,76,61,91
592,63,269,57,95,38,84,84,64,64,0,63,84,60,68,8,0.006705469893461316,0.013785356887572755,59,77,18,3,2,2,5,4,50,22,24
593,28,644,42,100,58,104,124,55,57,2,28,81,42,55,13,0.00176997174852786,0.007216038667075122,42,62,20,2,3,3,14,3,8,54,57
594,60,676,68,100,32,38,38,56,56,0,38,38,57,57,0,0.005650294427992784,0.02580074202661765,55,87,32,2,3,3,3,5,60,47,16
595,1,1641,26,100,74,4,58,26,64,38,1,58,26,65,39,3.4037918240920386e-05,0.03478675244222063,26,93,67,1,6,2,4,1,47,78,44
596,0,0,1,1,0,0,0,1,1,0,0,0,1,1,0,0.0,0.0,1,1,0,-1,-1,-1,13,0,13,81,40
597,0,616,1,100,99,0,34,1,48,47,0,33,1,53,52,0.0,0.0063650907110521125,1,55,54,2,-1,3,3,0,87,86,70
598,8,8,35,35,0,38,38,34,34,0,8,8,35,35,0,0.0007828721195411688,0.0007828721195411688,36,36,0,-1,4,4,9,2,26,74,92
599,2,2,28,28,0,4,4,30,30,0,2,2,28,28,0,0.0005105687736138058,0.0005105687736138058,37,37,0,-1,5,5,2,2,93,42,98
600,16,16,35,35,0,110,110,61,61,0,16,16,35,35,0,0.003710133088260322,0.003710133088260322,51,51,0,-1,3,3,10,1,1,90,82
601,170,376,88,97,9,104,104,73,73,0,104,104,79,79,0,0.01674665577453283,0.017427414139351238,81,81,0,3,2,2,5,13,52,33,71
602,9,111,44,87,43,12,12,39,39,0,12,12,44,44,0,0.0011913271384322134,0.0015657442390823377,41,42,1,4,4,4,2,3,97,43,63
603,0,0,1,1,0,0,0,1,1,0,0,0,1,1,0,0.0,0.0,1,1,0,-1,-1,-1,12,0,2,36,91
604,0,0,1,1,0,0,0,1,1,0,0,0,1,1,0,0.0,0.0,1,1,0,-1,-1,-1,14,0,25,80,99
605,0,206,1,93,92,0,14,1,34,33,0,14,1,41,40,0.0,0.0035059055788147996,1,49,48,3,-1,4,3,0,58,92,38
606,18,18,41,41,0,54,54,38,38,0,18,18,41,41,0,0.0005105687736138058,0.0005105687736138058,35,35,0,-1,3,3,10,2,12,63,96
607,82,698,74,100,26,56,56,84,84,0,56,56,84,84,0,0.01681473161101467,0.02913645801422785,78,94,16,2,2,2,2,6,86,34,19
608,172,788,87,100,13,110,110,83,83,0,110,110,83,83,0,0.022601177711971135,0.030361823070900983,84,92,8,2,2,2,6,18,71,30,34
609,16,222,34,90,56,112,112,59,59,0,16,66,34,56,22,0.0037441710065012424,0.008373327887266415,52,67,15,3,3,3,12,1,3,90,31
610,39,39,54,54,0,38,38,51,51,0,38,38,54,54,0,0.004493005207801491,0.004493005207801491,55,55,0,-1,3,3,3,4,82,22,87
611,97,303,79,100,21,32,32,64,64,0,32,32,64,64,0,0.013819394805813677,0.016440314510364547,76,79,3,3,3,3,2,15,89,19,28
612,104,310,80,95,15,80,80,60,60,0,80,80,65,65,0,0.014772456516559448,0.020150447598624867,78,83,5,3,3,3,5,9,50,39,44
613,318,318,94,94,0,152,152,96,96,0,152,152,96,96,0,0.038394771775758195,0.038394771775758195,91,91,0,-1,2,2,5,29,61,0,66
614,0,0,1,1,0,0,0,1,1,0,0,0,1,1,0,0.0,0.0,1,1,0,-1,-1,-1,3,0,55,84,76
615,6,6,31,31,0,27,27,32,32,0,6,6,31,31,0,6.807583648184077e-05,6.807583648184077e-05,27,27,0,-1,4,4,11,1,19,95,79
616,100,100,72,72,0,100,100,79,79,0,100,100,80,80,0,0.049218829776370876,0.052588583682221995,97,97,0,2,1,1,5,17,37,6,22
617,6,6,29,29,0,27,27,32,32,0,6,6,29,29,0,6.807583648184077e-05,6.807583648184077e-05,28,28,0,-1,4,4,8,1,15,95,50
618,16,16,34,34,0,82,82,35,35,0,16,16,34,34,0,0.0005105687736138058,0.0005105687736138058,35,35,0,-1,3,3,16,1,9,49,84
619,40,40,47,47,0,62,62,38,38,0,40,40,47,47,0,0.0025188059498281084,0.0025188059498281084,45,45,0,-1,2,2,8,1,27,60,84
620,0,1640,1,100,99,0,64,1,60,59,0,64,1,63,62,0.0,0.04077742605262262,1,96,95,1,-1,2,5,0,49,79,1
621,32,32,41,41,0,66,66,44,44,0,32,32,41,41,0,0.003778208924742163,0.003778208924742163,48,48,0,-1,3,3,6,3,51,29,40
622,22,228,50,97,47,28,28,46,46,0,22,28,50,52,2,0.002586881786309949,0.0057524081827155455,47,59,12,3,3,3,3,2,81,83,26
623,154,1794,88,100,12,94,128,78,92,14,94,128,79,92,13,0.017495489975833077,0.05919193982096055,79,99,20,1,2,2,5,16,88,12,0
624,0,206,1,95,94,0,12,1,40,39,0,12,1,40,39,0.0,0.005922597773920147,1,59,58,3,-1,4,2,0,95,59,48
625,0,616,1,99,98,0,54,1,33,32,0,18,1,38,37,0.0,0.001599782157323258,1,42,41,2,-1,3,12,0,6,66,61
626,0,616,1,100,99,0,56,1,35,34,0,37,1,47,46,0.0,0.005582218591510943,1,61,60,2,-1,3,11,0,38,82,34
627,2,208,28,93,65,5,9,29,31,2,2,8,28,36,8,0.0002723033459273631,0.0007488342013002485,32,37,5,3,5,4,3,1,64,55,49
628,110,710,73,100,27,120,120,77,77,0,110,120,76,83,7,0.008101024541339052,0.02729841042921815,63,89,26,2,2,2,6,6,40,13,9
629,0,101,1,82,81,0,4,1,25,24,0,1,1,25,24,0.0,0.00017018959120460194,1,32,31,5,-1,6,4,0,78,76,4
630,100,100,59,59,0,100,100,40,40,0,100,100,59,59,0,0.018074134585928724,0.018380475850097007,79,81,2,3,1,1,15,4,7,38,56
631,32,32,44,44,0,136,136,63,63,0,32,32,44,44,0,0.0032336022328874367,0.0032336022328874367,50,50,0,-1,3,3,16,2,9,75,76
632,146,762,87,100,13,134,134,90,90,0,134,134,90,90,0,0.016474352428605468,0.03141699853636951,81,90,9,2,2,2,6,8,48,8,30
633,16,632,36,100,64,56,126,36,62,26,16,126,36,81,45,0.0004765308553728854,0.01667857993805099,36,78,42,2,3,3,11,1,38,88,30
634,78,678,75,100,25,28,28,44,44,0,28,28,51,51,0,0.011675005956635693,0.02474556656114912,73,88,15,2,3,3,3,8,92,8,18
635,0,1640,1,100,99,0,64,1,41,40,0,46,1,53,52,0.0,0.01327478811395895,1,75,74,1,-1,2,9,0,35,40,52
636,100,202,76,92,16,48,48,54,54,0,48,48,56,56,0,0.009394465434494027,0.009939072126348753,65,68,3,4,3,3,3,9,87,31,51
637,164,164,88,88,0,206,206,92,92,0,164,164,90,90,0,0.016916845365737433,0.016916845365737433,78,78,0,-1,2,2,9,8,31,20,98
638,23,23,53,53,0,38,38,49,49,0,23,23,53,53,0,0.002314578440382586,0.002314578440382586,49,49,0,-1,3,3,3,4,87,64,92
639,12,628,43,100,57,12,22,37,53,16,12,22,42,53,11,0.002757071377514551,0.01746145205759216,47,80,33,2,4,3,2,2,99,83,5
640,0,616,1,100,99,0,78,1,35,34,0,28,1,42,41,0.0,0.004220701861874128,1,53,52,2,-1,3,14,1,17,45,26
641,182,182,86,86,0,320,320,92,92,0,182,182,86,86,0,0.012594029749140543,0.012594029749140543,72,72,0,-1,2,2,14,6,16,77,87
642,100,100,76,76,0,100,100,90,90,0,100,100,90,90,0,0.07995506994792198,0.07995506994792198,100,100,0,5,1,1,4,40,72,3,95
643,226,842,92,100,8,176,176,85,85,0,176,176,89,89,0,0.019571802988529223,0.02631131080023146,82,87,5,2,2,2,8,18,42,30,24
644,168,1808,86,100,14,180,224,80,88,8,180,224,87,91,4,0.013036522686272508,0.03744171006501242,72,95,23,1,2,2,11,14,38,32,23
645,22,22,47,47,0,44,44,48,48,0,22,22,47,47,0,0.0020422750944552232,0.0020422750944552232,46,46,0,-1,3,3,4,2,47,52,82
646,0,101,1,77,76,0,8,1,25,24,0,1,1,25,24,0.0,3.4037918240920386e-05,1,27,26,5,-1,6,8,0,57,59,55
647,124,740,77,100,23,210,220,81,83,2,124,162,77,86,9,0.012049423057285817,0.017937982912965042,70,82,12,2,2,2,12,6,14,34,77
648,0,102,1,81,80,0,7,1,28,27,0,3,1,32,31,0.0,0.0002382654276864427,1,32,31,4,-1,5,4,0,73,87,63
649,51,51,53,53,0,50,50,46,46,0,50,50,53,53,0,0.004322815616596889,0.004322815616596889,51,51,0,-1,3,3,5,6,50,35,85
650,112,1752,79,100,21,182,216,87,96,9,112,216,79,96,17,0.009870996289866912,0.042751625310596,69,96,27,1,2,2,9,7,23,62,1
651,18,18,40,40,0,62,62,36,36,0,18,18,40,40,0,0.0011913271384322134,0.0011913271384322134,38,38,0,-1,3,3,10,2,36,74,97
652,64,165,61,89,28,108,108,69,69,0,64,65,61,61,0,0.007113924912352361,0.007182000748834201,65,65,0,6,3,3,8,4,39,72,58
653,0,616,1,100,99,0,28,1,44,43,0,28,1,47,46,0.0,0.020661016372238675,1,85,84,2,-1,3,3,0,60,84,15
654,12,628,35,100,65,28,46,35,38,3,12,46,35,52,17,0.0008509479560230097,0.009190237925048503,38,69,31,2,4,3,6,2,41,74,27
655,464,1080,98,100,2,288,288,98,98,0,288,288,98,98,0,0.03727152047380782,0.0475850097008067,96,97,1,2,2,2,9,30,54,7,30
656,0,616,1,100,99,0,28,1,43,42,0,28,1,53,52,0.0,0.021852343510670887,1,87,86,2,-1,3,3,0,76,81,0
657,18,634,47,100,53,18,48,38,67,29,18,48,47,68,21,0.003437829742332959,0.03669287586371218,52,94,42,2,4,3,3,6,81,41,3
658,206,206,91,91,0,140,140,67,67,0,140,140,84,84,0,0.015657442390823378,0.015657442390823378,78,78,0,-1,3,3,10,16,1,12,69
659,6,1646,29,100,71,28,122,30,59,29,6,100,29,61,32,6.807583648184077e-05,0.02032063718982947,27,81,54,1,4,2,12,1,3,95,39
660,180,780,96,100,4,32,32,71,71,0,32,32,71,71,0,0.03352734946730658,0.046359644644133564,95,97,2,2,3,3,2,27,99,10,34
661,0,616,1,100,99,0,42,1,39,38,0,42,1,52,51,0.0,0.006501242384015794,1,60,59,2,-1,3,6,0,48,85,31
662,112,728,75,100,25,150,150,85,85,0,112,150,77,88,11,0.010687906327649,0.021546002246502605,72,87,15,2,2,2,7,4,46,38,12
663,0,616,1,100,99,0,60,1,38,37,0,46,1,49,48,0.0,0.005786446100956465,1,55,54,2,-1,3,9,0,54,97,21
664,525,731,99,100,1,360,360,99,99,0,360,360,99,99,0,0.036658837945471257,0.03829265802103543,93,93,0,3,2,2,12,29,6,1,75
665,101,101,77,77,0,148,148,78,78,0,101,101,77,77,0,0.008339289969025495,0.008339289969025495,64,64,0,-1,2,2,9,8,35,57,87
666,73,689,59,100,41,116,126,77,79,2,73,126,59,81,22,0.005854521937438306,0.036760951700194014,57,93,36,2,2,2,7,4,43,22,2
667,0,0,1,1,0,0,0,1,1,0,0,0,1,1,0,0.0,0.0,1,1,0,-1,-1,-1,8,0,39,86,50
668,335,935,99,100,1,96,96,95,95,0,96,96,95,95,0,0.05262262160046292,0.07314748629973791,98,99,1,2,2,2,3,36,55,2,10
669,100,100,64,64,0,100,100,44,44,0,100,100,64,64,0,0.04516831750570135,0.04952517104053916,96,98,2,2,1,1,13,29,13,1,44
670,14,14,47,47,0,12,12,35,35,0,12,12,43,43,0,0.0019061234214915416,0.0019061234214915416,46,46,0,-1,4,4,2,3,86,54,66
671,16,222,36,92,56,68,68,42,42,0,16,26,36,45,9,0.0023486163586235067,0.003982436434187685,45,51,6,3,3,3,8,1,39,53,54
672,0,0,1,1,0,0,0,1,1,0,0,0,1,1,0,0.0,0.0,1,1,0,-1,-1,-1,4,0,79,98,66
673,0,206,1,89,88,0,23,1,29,28,0,6,1,29,28,0.0,0.0021784267674189047,1,38,37,3,-1,4,6,0,71,59,46
674,0,0,1,1,0,0,0,1,1,0,0,0,1,1,0,0.0,0.0,1,1,0,-1,-1,-1,9,0,29,97,76
675,6,6,30,30,0,15,15,31,31,0,6,6,30,30,0,0.00010211375472276115,0.00010211375472276115,30,30,0,-1,4,4,6,1,74,60,86
676,66,167,67,91,24,38,38,57,57,0,38,38,60,60,0,0.008169100377820893,0.008169100377820893,65,65,0,6,3,3,3,9,85,31,68
677,22,638,53,100,47,32,32,63,63,0,22,32,54,63,9,0.004833384390210695,0.021137547227611558,57,86,29,2,3,3,2,3,86,29,18
678,122,328,85,98,13,88,88,81,81,0,88,88,81,81,0,0.01657646618332823,0.018993158378433576,81,82,1,3,2,2,4,13,73,33,22
679,2,208,28,92,64,7,20,28,32,4,2,11,28,35,7,0.0,0.0015657442390823377,1,42,41,3,5,4,6,2,44,58,54
680,0,206,1,92,91,0,26,1,34,33,0,26,1,46,45,0.0,0.006126825283365669,1,56,55,3,-1,4,5,1,88,45,27
681,0,206,1,91,90,0,22,1,33,32,0,6,1,28,27,0.0,0.002314578440382586,1,45,44,3,-1,4,5,0,52,93,90
682,22,638,42,100,58,72,82,45,47,2,22,62,42,57,15,0.00176997174852786,0.006535280302256714,45,58,13,2,3,3,7,2,24,83,47
683,100,100,67,67,0,100,100,66,66,0,100,100,72,72,0,0.06719085060757685,0.06872255692841826,99,99,0,3,1,1,6,40,59,3,75
684,12,114,45,84,39,12,12,35,35,0,12,12,43,43,0,0.0022465026039007454,0.004322815616596889,48,55,7,4,4,4,2,2,86,75,28
685,296,496,97,100,3,120,120,83,83,0,120,120,85,85,0,0.032914666938970015,0.03369753905851118,93,94,1,3,2,2,6,27,59,10,75
686,100,100,67,67,0,100,100,55,55,0,100,100,67,67,0,0.07066271826815072,0.07389632050103816,100,100,0,2,1,1,9,36,23,2,29
687,296,912,94,100,6,320,320,95,95,0,296,320,93,95,2,0.024098846114571634,0.03179141563701964,86,90,4,2,2,2,14,20,17,23,20
688,0,206,1,90,89,0,20,1,32,31,0,10,1,35,34,0.0,0.0033357159876101976,1,51,50,3,-1,4,6,0,74,97,73
689,2,1642,28,100,72,7,64,28,69,41,2,64,28,69,41,0.00017018959120460194,0.032370060247115286,31,91,60,1,5,2,4,1,84,95,24
690,100,100,74,74,0,100,100,80,80,0,100,100,80,80,0,0.07777664318050308,0.08400558221859152,100,100,0,2,1,1,5,40,45,3,48
691,184,184,84,84,0,166,166,84,84,0,166,166,85,85,0,0.011947309302563056,0.011947309302563056,69,69,0,-1,2,2,8,13,27,24,66
692,100,100,73,73,0,100,100,88,88,0,100,100,88,88,0,0.040505122706695255,0.044453521222642026,94,96,2,3,1,1,4,6,84,70,13
693,169,375,92,100,8,72,72,80,80,0,72,72,80,80,0,0.023588277340957826,0.025051907825317403,89,89,0,3,2,2,3,16,87,12,53
694,0,0,1,1,0,0,0,1,1,0,0,0,1,1,0,0.0,0.0,1,1,0,-1,-1,-1,14,1,8,45,85
695,0,616,1,100,99,0,98,1,38,37,0,60,1,51,50,0.0,0.008441403723748256,1,62,61,2,-1,3,15,0,7,98,27
696,62,62,61,61,0,54,54,54,54,0,54,54,58,58,0,0.008713707069675619,0.008713707069675619,65,65,0,-1,3,3,4,6,47,34,98
697,2,104,28,77,49,12,12,30,30,0,2,4,28,30,2,0.00017018959120460194,0.0005446066918547262,31,37,6,4,5,5,7,1,62,55,49
698,0,206,1,91,90,0,24,1,36,35,0,24,1,49,48,0.0,0.00445896728956057,1,53,52,3,-1,4,4,0,83,82,62
699,492,492,99,99,0,168,168,95,95,0,168,168,95,95,0,0.046359644644133564,0.046359644644133564,96,96,0,-1,2,2,6,36,41,2,87
700,0,0,1,1,0,0,0,1,1,0,0,0,1,1,0,0.0,0.0,1,1,0,-1,-1,-1,2,0,95,76,89
701,0,0,1,1,0,0,0,1,1,0,0,0,1,1,0,0.0,0.0,1,1,0,-1,-1,-1,10,0,36,82,91
702,100,100,77,77,0,100,100,96,96,0,100,100,96,96,0,0.07022022533101875,0.081656965859968,99,100,1,2,1,1,3,19,76,15,33
703,0,616,1,100,99,0,94,1,36,35,0,44,1,47,46,0.0,0.0063650907110521125,1,56,55,2,-1,3,16,0,4,84,48
704,16,632,33,100,67,38,62,35,43,8,16,48,33,51,18,0.0008509479560230097,0.0048674223084516155,37,54,17,2,3,3,6,2,40,42,29
705,118,324,87,100,13,46,46,82,82,0,46,46,82,82,0,0.018891044623710815,0.02314578440382586,81,86,5,3,2,2,2,15,95,19,34
706,100,100,66,66,0,100,100,45,45,0,100,100,66,66,0,0.028489737567650362,0.032063718982947,88,89,1,2,1,1,10,8,1,8,46
707,0,102,1,75,74,0,10,1,27,26,0,3,1,29,28,0.0,0.0012253650566731338,1,38,37,4,-1,5,5,0,80,67,83
708,110,726,74,100,26,154,154,72,72,0,110,154,74,84,10,0.007658531604207087,0.013819394805813677,61,75,14,2,2,2,10,6,11,13,62
709,242,448,96,100,4,56,56,76,76,0,56,56,77,77,0,0.0333911977943429,0.040709350216140784,92,96,4,3,2,2,2,27,68,10,17
710,100,100,80,80,0,100,100,98,98,0,100,100,98,98,0,0.08305252050784574,0.10238605806868852,99,99,0,3,1,1,2,7,89,62,0
711,6,212,33,96,63,18,18,36,36,0,6,18,33,44,11,0.001157289220191293,0.004969536063174376,41,56,15,3,4,4,3,1,75,71,28
712,166,166,91,91,0,96,96,89,89,0,96,96,89,89,0,0.021920419347152727,0.021920419347152727,86,86,0,-1,2,2,3,15,64,19,96
713,87,293,60,95,35,104,104,64,64,0,87,93,60,64,4,0.008373327887266415,0.00980292045338507,65,70,5,3,3,3,9,8,35,44,94
714,84,290,70,96,26,38,38,53,53,0,38,38,55,55,0,0.011300588855985567,0.021477926410020762,72,86,14,3,3,3,3,8,64,8,5
715,0,206,1,90,89,0,18,1,31,30,0,18,1,38,37,0.0,0.002723033459273631,1,47,46,3,-1,4,5,0,50,79,35
716,52,154,64,92,28,22,22,52,52,0,22,22,55,55,0,0.008305252050784574,0.009258313761530345,66,66,0,4,3,3,2,9,98,31,61
717,0,206,1,90,89,0,24,1,30,29,0,9,1,35,34,0.0,0.0009190237925048504,1,38,37,3,-1,4,8,1,39,50,64
718,72,72,54,54,0,208,208,74,74,0,72,72,55,55,0,0.0033357159876101976,0.0033357159876101976,51,51,0,-1,2,2,14,6,25,70,36
719,100,100,65,65,0,100,100,47,47,0,100,100,65,65,0,0.0490826781034072,0.049389019367575476,97,97,0,3,1,1,11,30,38,7,88
720,36,137,59,92,33,22,22,55,55,0,22,22,57,57,0,0.005888559855679227,0.005888559855679227,61,61,0,6,3,3,2,6,97,26,78
721,0,0,1,1,0,0,0,1,1,0,0,0,1,1,0,0.0,0.0,1,1,0,-1,-1,-1,4,0,83,81,87
722,100,100,63,63,0,100,100,47,47,0,100,100,63,63,0,0.029306647605432452,0.029306647605432452,91,91,0,-1,1,1,10,14,22,14,96
723,6,622,29,100,71,28,80,30,38,8,6,62,29,52,23,6.807583648184077e-05,0.007590455767725246,27,63,36,2,4,3,12,1,3,95,27
724,84,290,74,97,23,88,88,80,80,0,88,88,81,81,0,0.008747744987916539,0.012559991830899623,66,74,8,3,2,2,4,6,77,26,28
725,138,138,87,87,0,48,48,70,70,0,48,48,72,72,0,0.013138636440995268,0.013138636440995268,76,76,0,-1,3,3,3,14,94,32,86
726,118,118,79,79,0,158,158,79,79,0,118,118,79,79,0,0.01153885428367201,0.01153885428367201,71,71,0,-1,2,2,9,9,54,27,59
727,206,412,91,98,7,140,140,67,67,0,140,140,84,84,0,0.015657442390823378,0.017189148711664794,78,80,2,3,3,3,10,16,1,12,52
728,0,0,1,1,0,0,0,1,1,0,0,0,1,1,0,0.0,0.0,1,1,0,-1,-1,-1,6,0,69,79,91
729,92,298,75,99,24,48,48,64,64,0,48,48,66,66,0,0.01657646618332823,0.028047244630518397,80,89,9,3,3,3,3,12,85,37,18
730,0,206,1,93,92,0,29,1,30,29,0,8,1,34,33,0.0,0.0010211375472276116,1,39,38,3,-1,4,9,1,23,45,61
731,42,144,62,93,31,46,46,87,87,0,42,46,87,87,0,0.010517716736444398,0.010790020082371761,71,72,1,4,2,2,2,2,97,74,42
732,0,206,1,89,88,0,44,1,35,34,0,14,1,37,36,0.0,0.0021784267674189047,1,46,45,3,-1,4,8,0,57,40,70
733,319,319,95,95,0,104,104,81,81,0,104,104,84,84,0,0.03465060076925695,0.03465060076925695,89,89,0,-1,2,2,5,30,61,7,36
734,54,260,58,95,37,98,98,52,52,0,54,62,58,60,2,0.006773545729943157,0.008169100377820893,64,65,1,3,3,3,8,4,39,38,52
735,0,616,1,100,99,0,76,1,53,52,0,76,1,65,64,0.0,0.03802035467510807,1,92,91,2,-1,3,6,0,32,91,7
736,146,762,85,100,15,128,128,93,93,0,128,128,93,93,0,0.01664454201981007,0.02032063718982947,77,81,4,2,2,2,5,8,70,17,54
737,82,288,59,94,35,76,76,49,49,0,76,76,56,56,0,0.007556417849484326,0.009632730862180468,61,68,7,3,3,3,6,7,40,48,46
738,0,206,1,90,89,0,32,1,35,34,0,32,1,47,46,0.0,0.0053439531638245,1,56,55,3,-1,4,6,0,48,98,44
739,102,308,78,95,17,80,80,60,60,0,80,80,65,65,0,0.01153885428367201,0.0141938119064638,74,77,3,3,3,3,5,8,50,17,73
740,206,806,89,100,11,128,128,67,67,0,128,128,79,79,0,0.01783586915824228,0.022669253548452978,81,85,4,2,3,3,8,16,15,12,57
741,100,100,59,59,0,100,100,40,40,0,100,100,59,59,0,0.028693965077095884,0.03815650634807175,90,95,5,2,1,1,15,16,7,12,20
742,84,84,58,58,0,142,142,68,68,0,78,78,57,57,0,0.00439089145307873,0.00439089145307873,54,54,0,-1,2,2,12,6,2,41,91
743,16,16,39,39,0,42,42,41,41,0,16,16,39,39,0,0.0040845501889104465,0.0040845501889104465,51,51,0,-1,3,3,6,1,69,90,50
744,0,616,1,100,99,0,37,1,30,29,0,16,1,33,32,0.0,0.001055175465468532,1,36,35,2,-1,3,14,0,16,92,49
745,176,776,93,100,7,56,56,85,85,0,56,56,85,85,0,0.03094046768099663,0.04169644984512747,92,96,4,2,2,2,2,17,90,6,37
746,0,206,1,92,91,0,28,1,33,32,0,8,1,34,33,0.0,0.0010211375472276116,1,38,37,3,-1,4,8,1,21,50,61
747,2,2,26,26,0,10,10,27,27,0,2,2,26,26,0,0.0,0.0,1,1,0,-1,5,5,8,1,10,68,87
748,91,297,68,97,29,90,90,63,63,0,90,90,69,69,0,0.008475441641989176,0.010858095918853602,65,68,3,3,2,2,6,8,65,44,28
749,6,212,29,89,60,42,66,34,35,1,6,66,29,57,28,0.00017018959120460194,0.01242384015793594,32,72,40,3,4,4,11,1,33,88,18
750,16,632,32,100,68,46,114,31,55,24,16,62,32,55,23,0.0002723033459273631,0.006433166547533953,31,59,28,2,3,3,14,1,8,60,25
751,0,0,1,1,0,0,0,1,1,0,0,0,1,1,0,0.0,0.0,1,1,0,-1,-1,-1,3,0,75,82,81
752,282,382,99,100,1,56,56,86,86,0,56,56,86,86,0,0.04261547363763232,0.0425814357193914,97,97,0,4,2,2,2,40,95,3,56
753,182,388,89,97,8,126,126,77,77,0,126,126,84,84,0,0.019912182170938427,0.020933319718166036,85,86,1,3,2,2,7,18,46,30,64
754,308,308,99,99,0,80,80,96,96,0,80,80,96,96,0,0.052248204499812795,0.052248204499812795,97,97,0,-1,2,2,2,40,86,3,99
755,270,476,94,100,6,110,110,86,86,0,110,110,86,86,0,0.0335613873855475,0.0353994349705572,92,92,0,3,2,2,6,27,69,10,70
756,0,616,1,100,99,0,90,1,42,41,0,90,1,63,62,0.0,0.011981347220803976,1,74,73,2,-1,3,10,0,1,59,14
757,0,206,1,92,91,0,20,1,35,34,0,20,1,49,48,0.0,0.0063650907110521125,1,60,59,3,-1,4,4,0,78,67,77
758,0,616,1,100,99,0,78,1,34,33,0,22,1,38,37,0.0,0.003710133088260322,1,53,52,2,-1,3,14,0,8,86,29
759,47,47,63,63,0,22,22,49,49,0,22,22,50,50,0,0.006467204465774873,0.006467204465774873,60,60,0,-1,3,3,2,8,93,44,40
760,0,0,1,1,0,0,0,1,1,0,0,0,1,1,0,0.0,0.0,1,1,0,-1,-1,-1,8,0,10,85,81
761,120,326,80,97,17,152,152,80,80,0,120,126,81,81,0,0.010449640899962559,0.011062323428299126,70,71,1,3,2,2,8,7,30,21,71
762,194,194,93,93,0,86,86,62,62,0,86,86,68,68,0,0.018788930868988054,0.018788930868988054,85,85,0,-1,3,3,6,19,32,15,99
763,100,100,76,76,0,100,100,91,91,0,100,100,91,91,0,0.06521665134960346,0.07491745804826577,99,100,1,2,1,1,4,17,77,6,14
764,100,100,65,65,0,100,100,47,47,0,100,100,65,65,0,0.02569862827189489,0.05908982606623779,86,100,14,1,1,1,11,7,38,48,0
765,56,1696,53,100,47,154,178,67,77,10,56,178,53,86,33,0.004731270635487933,0.026277272881990537,55,87,32,1,2,2,10,3,18,29,30
766,6,212,28,91,63,20,50,29,35,6,6,30,28,45,17,6.807583648184077e-05,0.0053439531638245,28,57,29,3,4,4,9,1,31,95,72
767,157,363,91,100,9,56,56,85,85,0,56,56,85,85,0,0.026855917492086184,0.02889819258654141,88,90,2,3,2,2,2,15,90,16,70
768,150,150,86,86,0,240,240,89,89,0,150,150,86,86,0,0.01412573606998196,0.01412573606998196,73,73,0,-1,2,2,12,8,6,17,50
769,0,206,1,89,88,0,31,1,32,31,0,10,1,33,32,0.0,0.0013955546478777359,1,40,39,3,-1,4,12,0,3,96,43
770,298,1898,95,100,5,300,300,91,91,0,300,300,94,94,0,0.020252561353347628,0.048129616392661424,82,99,17,1,2,2,14,18,17,5,3
771,0,206,1,92,91,0,24,1,39,38,0,24,1,52,51,0.0,0.013581129378127233,1,78,77,3,-1,4,4,0,78,36,18
772,0,0,1,1,0,0,0,1,1,0,0,0,1,1,0,0.0,0.0,1,1,0,-1,-1,-1,9,1,54,69,79
773,104,104,75,75,0,152,152,78,78,0,104,104,75,75,0,0.006773545729943157,0.006773545729943157,59,59,0,-1,2,2,8,5,42,47,91
774,80,286,65,95,30,84,84,74,74,0,84,84,74,74,0,0.011640968038394772,0.014602266925354846,69,78,9,3,2,2,5,6,49,34,90
775,32,238,43,93,50,94,94,45,45,0,32,38,43,45,2,0.001599782157323258,0.002382654276864427,40,43,3,3,3,3,9,2,29,52,78
776,24,640,45,100,55,64,74,39,41,2,24,46,45,52,7,0.0017018959120460194,0.005003573981415297,44,53,9,2,3,3,9,3,23,43,29
777,0,206,1,91,90,0,16,1,32,31,0,6,1,31,30,0.0,0.0013274788113958951,1,40,39,3,-1,4,4,0,84,79,53
778,130,232,88,96,8,96,96,90,90,0,96,96,90,90,0,0.021477926410020762,0.02226079852956193,88,88,0,4,2,2,3,8,75,20,51
779,0,0,1,1,0,0,0,1,1,0,0,0,1,1,0,0.0,0.0,1,1,0,-1,-1,-1,17,0,20,66,92
780,60,676,60,100,40,68,68,71,71,0,59,68,66,72,6,0.006126825283365669,0.012049423057285817,58,74,16,2,2,2,4,6,47,41,38
781,42,143,52,85,33,132,132,64,64,0,40,41,49,52,3,0.0033357159876101976,0.0034037918240920387,51,52,1,6,3,3,12,6,14,41,78
782,0,616,1,100,99,0,52,1,42,41,0,42,1,52,51,0.0,0.006399128629293032,1,59,58,2,-1,3,6,0,41,86,26
783,22,638,41,100,59,126,136,61,63,2,22,78,41,56,15,0.0018380475850097008,0.006773545729943157,43,55,12,2,3,3,11,2,5,61,13
784,267,467,98,100,2,88,88,82,82,0,88,88,82,82,0,0.03362946322202934,0.039109568058817525,93,94,1,3,2,2,4,29,72,11,14
785,6,622,32,100,68,12,34,32,44,12,6,34,32,52,20,0.0002723033459273631,0.010143299635794275,34,68,34,2,4,3,4,1,84,4,33
786,35,241,55,94,39,44,44,48,48,0,35,44,56,57,1,0.004356853534837809,0.007862759113652609,54,64,10,3,3,3,4,6,47,73,28
787,46,46,52,52,0,84,84,46,46,0,46,46,52,52,0,0.005854521937438306,0.005854521937438306,55,55,0,-1,2,2,9,2,26,83,93
788,100,100,65,65,0,100,100,75,75,0,100,100,77,77,0,0.04278566322883692,0.04278566322883692,95,95,0,-1,1,1,5,8,61,20,76
789,138,240,86,92,6,64,64,63,63,0,64,64,64,64,0,0.011845195547840293,0.012185574730249497,74,74,0,4,3,3,4,14,79,32,42
790,100,100,63,63,0,100,100,39,39,0,100,100,63,63,0,0.046734061744783686,0.0490826781034072,95,99,4,2,1,1,14,30,17,7,47
791,12,218,37,96,59,18,18,36,36,0,12,18,37,44,7,0.0009530617107457708,0.007998910786616291,39,64,25,3,4,4,3,2,75,74,48
792,80,286,65,98,33,68,68,72,72,0,68,68,74,74,0,0.010177337554035196,0.01317267435923619,66,74,8,3,2,2,4,6,67,73,29
793,0,0,1,1,0,0,0,1,1,0,0,0,1,1,0,0.0,0.0,1,1,0,-1,-1,-1,3,0,58,67,85
794,58,58,67,67,0,32,32,63,63,0,32,32,64,64,0,0.011300588855985567,0.011300588855985567,70,70,0,-1,3,3,2,8,86,17,93
795,320,936,98,100,2,334,344,98,98,0,320,344,98,98,0,0.022601177711971135,0.04452159705912386,85,97,12,2,2,2,14,17,8,6,0
796,100,100,69,69,0,100,100,69,69,0,100,100,71,71,0,0.07335171380918343,0.07566629224956602,100,100,0,3,1,1,6,36,34,2,46
797,2,2,26,26,0,12,12,26,26,0,2,2,26,26,0,3.4037918240920386e-05,3.4037918240920386e-05,28,28,0,-1,5,5,11,1,5,68,92
798,124,740,82,100,18,182,182,87,87,0,124,182,84,91,7,0.013070560604513427,0.022396950202525613,71,85,14,2,2,2,9,6,23,77,19
799,339,339,98,98,0,152,152,98,98,0,152,152,98,98,0,0.04360257326661901,0.04360257326661901,96,96,0,-1,2,2,5,29,45,11,89
800,94,300,61,97,36,196,196,72,72,0,94,100,61,61,0,0.005922597773920147,0.0068075836481840775,58,60,2,3,2,2,12,6,14,28,71
801,1,207,26,93,67,5,22,26,34,8,1,22,26,44,18,6.807583648184077e-05,0.004765308553728854,28,54,26,3,6,4,5,2,49,58,57
802,2,104,27,80,53,6,6,29,29,0,2,6,27,31,4,0.00013615167296368154,0.001055175465468532,30,38,8,4,5,5,3,1,58,65,64
803,280,486,94,100,6,144,144,89,89,0,144,144,90,90,0,0.024371149460498995,0.025766704108376733,86,87,1,3,2,2,6,19,40,15,52
804,0,0,1,1,0,0,0,1,1,0,0,0,1,1,0,0.0,0.0,1,1,0,-1,-1,-1,3,1,81,50,82
805,144,760,79,100,21,198,198,83,83,0,144,162,79,85,6,0.009428503352734947,0.011062323428299126,68,74,6,2,2,2,10,7,0,21,61
806,0,1640,1,100,99,0,92,1,46,45,0,92,1,61,60,0.0,0.02219272269308009,1,84,83,1,-1,2,8,0,42,97,33
807,0,206,1,94,93,0,24,1,33,32,0,14,1,38,37,0.0,0.002212464685659825,1,48,47,3,-1,4,6,0,32,66,70
808,134,1774,80,100,20,176,200,85,95,10,134,200,80,95,15,0.011300588855985567,0.03264236359304265,74,88,14,1,2,2,8,7,42,21,33
809,6,107,29,74,45,26,26,32,32,0,6,7,29,33,4,0.0002723033459273631,0.00030634126416828345,33,33,0,5,4,4,7,1,24,65,78
810,430,2030,100,100,0,168,168,96,96,0,168,168,96,96,0,0.04864018516627523,0.07835528779059872,96,100,4,1,2,2,6,40,32,3,10
811,431,1031,99,100,1,256,256,95,95,0,256,256,95,95,0,0.03437829742332959,0.038530923448721874,93,95,2,2,2,2,10,29,18,11,26
812,0,616,1,100,99,0,58,1,35,34,0,22,1,42,41,0.0,0.004186663943633207,1,53,52,2,-1,3,10,0,36,86,29
813,0,616,1,100,99,0,122,1,58,57,0,105,1,74,73,0.0,0.010177337554035196,1,65,64,2,-1,3,15,0,7,96,19
814,64,1704,55,100,45,136,190,67,77,10,64,190,55,84,29,0.006501242384015794,0.028455699649409444,58,88,30,1,2,2,12,6,2,73,18
815,244,244,94,94,0,144,144,92,92,0,144,144,92,92,0,0.026753803737363423,0.026753803737363423,89,89,0,-1,2,2,6,15,48,16,45
816,16,632,32,100,68,40,130,30,62,32,16,122,32,82,50,0.00030634126416828345,0.014466115252391163,32,76,44,2,3,3,14,1,17,65,30
817,606,606,100,100,0,400,400,99,99,0,400,400,99,99,0,0.052554545763981074,0.052554545763981074,99,99,0,-1,2,2,13,36,13,2,99
818,0,616,1,100,99,0,24,1,41,40,0,16,1,41,40,0.0,0.00527587732734266,1,56,55,2,-1,3,3,0,66,91,46
819,0,101,1,80,79,0,4,1,25,24,0,1,1,25,24,0.0,0.0,1,1,0,6,-1,7,4,0,73,99,58
820,0,206,1,93,92,0,18,1,39,38,0,18,1,45,44,0.0,0.012559991830899623,1,75,74,3,-1,4,3,0,55,59,23
821,98,714,74,100,26,48,48,65,65,0,48,48,68,68,0,0.012662105585622384,0.020899281799925118,77,86,9,2,3,3,3,9,66,27,48
822,235,235,94,94,0,56,56,76,76,0,56,56,77,77,0,0.033969842404438545,0.033969842404438545,93,93,0,-1,2,2,2,29,68,0,86
823,0,0,1,1,0,0,0,1,1,0,0,0,1,1,0,0.0,0.0,1,1,0,-1,-1,-1,3,0,85,96,79
824,2,2,27,27,0,8,8,27,27,0,2,2,27,27,0,3.4037918240920386e-05,3.4037918240920386e-05,27,27,0,-1,5,5,6,1,65,78,87
825,16,16,43,43,0,34,34,47,47,0,16,16,44,44,0,0.0019741992579733825,0.0019741992579733825,46,46,0,-1,3,3,4,1,77,53,81
826,100,100,63,63,0,100,100,39,39,0,100,100,63,63,0,0.04772116137377038,0.0479253888832159,98,99,1,3,1,1,14,29,17,11,60
827,182,798,85,100,15,248,248,81,81,0,182,248,85,94,9,0.010994247591817285,0.01592974573675074,66,77,11,2,2,2,15,9,7,31,57
828,126,742,81,100,19,120,120,85,85,0,120,120,85,85,0,0.018312400013615168,0.02130773681881616,83,84,1,2,2,2,6,12,48,37,74
829,100,100,66,66,0,100,100,49,49,0,100,100,66,66,0,0.03669287586371218,0.06828006399128629,95,100,5,2,1,1,9,12,54,37,2
830,100,100,78,78,0,100,100,96,96,0,100,100,96,96,0,0.05565199632390483,0.05565199632390483,98,98,0,-1,1,1,3,8,81,57,85
831,8,109,38,84,46,12,12,35,35,0,8,12,38,41,3,0.0015317063208414173,0.0015317063208414173,43,43,0,5,4,4,2,2,98,61,95
832,112,728,75,100,25,264,264,77,77,0,112,158,75,80,5,0.007147962830593281,0.014466115252391163,57,76,19,2,2,2,16,4,9,72,25
833,0,616,1,100,99,0,30,1,35,34,0,24,1,47,46,0.0,0.003642057251778481,1,51,50,2,-1,3,6,0,74,36,54
834,6,622,29,100,71,42,74,34,41,7,6,74,29,56,27,0.0004084550188910446,0.013649205214609075,36,77,41,2,4,3,9,1,28,88,12
835,100,100,80,80,0,100,100,98,98,0,100,100,98,98,0,0.11960924469859423,0.11960924469859423,100,100,0,-1,1,1,2,40,90,3,81
836,155,155,84,84,0,80,80,53,53,0,80,80,60,60,0,0.021375812655298,0.021375812655298,87,87,0,-1,3,3,5,20,52,23,96
837,203,409,90,96,6,144,144,88,88,0,144,144,88,88,0,0.02542632492596753,0.027672827529868275,87,88,1,3,2,2,6,16,44,18,90
838,0,0,1,1,0,0,0,1,1,0,0,0,1,1,0,0.0,0.0,1,1,0,-1,-1,-1,6,0,40,86,45
839,28,234,48,95,47,56,56,44,44,0,28,56,48,57,9,0.0027911092957554717,0.005684332346233704,48,55,7,3,3,3,6,6,34,70,22
840,0,1640,1,100,99,0,74,1,43,42,0,68,1,55,54,0.0,0.018788930868988054,1,78,77,1,-1,2,8,0,27,98,20
841,0,101,1,82,81,0,3,1,25,24,0,1,1,25,24,0.0,0.0,1,1,0,5,-1,6,3,0,60,82,95
842,151,351,92,100,8,56,56,84,84,0,56,56,84,84,0,0.028523775485891283,0.03002144388849178,92,93,1,3,2,2,2,15,86,16,41
843,54,1694,55,100,45,80,104,68,87,19,54,104,55,87,32,0.008747744987916539,0.03182545355526056,67,89,22,1,3,2,5,4,88,72,73
844,0,206,1,94,93,0,14,1,31,30,0,14,1,39,38,0.0,0.005377991082065421,1,55,54,3,-1,4,3,0,96,40,34
845,32,648,47,100,53,76,90,40,43,3,32,90,47,60,13,0.001055175465468532,0.013547091459886314,40,75,35,2,3,3,10,2,18,74,6
846,100,100,79,79,0,100,100,96,96,0,100,100,96,96,0,0.055583920487422986,0.055583920487422986,98,98,0,-1,1,1,3,13,85,24,89
847,0,0,1,1,0,0,0,1,1,0,0,0,1,1,0,0.0,0.0,1,1,0,-1,-1,-1,8,0,21,81,86
848,115,321,77,94,17,96,96,60,60,0,96,96,69,69,0,0.01681473161101467,0.017018959120460194,81,81,0,3,3,3,6,12,44,37,56
849,22,22,43,43,0,82,82,50,50,0,22,22,43,43,0,0.004186663943633207,0.004186663943633207,51,51,0,-1,3,3,7,3,43,29,79
850,82,82,72,72,0,46,46,82,82,0,46,46,82,82,0,0.015521290717859695,0.015521290717859695,79,79,0,-1,2,2,2,8,95,20,93
851,0,616,1,100,99,0,22,1,51,50,0,22,1,54,53,0.0,0.013444977705163553,1,79,78,2,-1,3,2,0,98,86,19
852,234,434,93,100,7,156,156,87,87,0,156,156,89,89,0,0.022499063957248374,0.022805405221416657,85,85,0,3,2,2,8,16,21,12,64
853,0,0,1,1,0,0,0,1,1,0,0,0,1,1,0,0.0,0.0,1,1,0,-1,-1,-1,6,0,74,86,96
854,101,307,71,94,23,126,126,69,69,0,101,126,71,77,6,0.008713707069675619,0.010790020082371761,63,69,6,3,2,2,7,8,24,57,70
855,121,737,79,100,21,180,180,76,76,0,121,139,79,81,2,0.007182000748834201,0.009190237925048503,59,67,8,2,2,2,11,8,33,57,52
856,100,100,61,61,0,100,100,44,44,0,100,100,61,61,0,0.036590762108989414,0.03849688553048095,92,93,1,3,1,1,12,15,6,16,75
857,56,262,54,93,39,110,110,74,74,0,56,64,54,56,2,0.0035059055788147996,0.004799346471969774,49,53,4,3,2,2,6,2,41,52,61
858,26,26,51,51,0,28,28,45,45,0,28,28,50,50,0,0.0030974505599237552,0.0030974505599237552,47,47,0,-1,3,3,3,6,58,41,82
859,128,1768,79,100,21,138,162,75,81,6,128,162,80,88,8,0.010109261717553355,0.021920419347152727,69,85,16,1,2,2,9,9,29,31,51
860,213,213,94,94,0,136,136,97,97,0,136,136,97,97,0,0.03328908403962014,0.03328908403962014,92,92,0,-1,2,2,4,15,72,16,92
861,100,100,61,61,0,100,100,40,40,0,100,100,61,61,0,0.03652268627250757,0.045508696688110556,94,97,3,1,1,1,14,19,8,15,13
862,40,246,54,97,43,48,52,70,78,8,40,52,70,79,9,0.006841621566424997,0.010347527145239796,60,69,9,3,2,2,3,1,94,55,28
863,128,128,83,83,0,128,128,78,78,0,128,128,83,83,0,0.013751318969331836,0.013751318969331836,75,75,0,-1,3,3,8,13,39,33,59
864,22,1662,44,100,56,28,74,38,61,23,22,74,44,67,23,0.0004765308553728854,0.03141699853636951,35,92,57,1,3,2,5,2,37,63,6
865,64,64,62,62,0,54,54,59,59,0,64,64,67,67,0,0.00707988699411144,0.00707988699411144,60,60,0,-1,3,3,4,4,77,38,36
866,149,149,84,84,0,84,84,69,69,0,84,84,71,71,0,0.010483678818203479,0.010483678818203479,70,70,0,-1,2,2,5,13,37,24,67
867,110,316,74,96,22,154,154,72,72,0,110,111,74,75,1,0.007658531604207087,0.008066986623098132,61,62,1,3,2,2,10,6,11,13,56
868,0,616,1,100,99,0,64,1,34,33,0,24,1,39,38,0.0,0.002382654276864427,1,46,45,2,-1,3,15,0,7,85,70
869,0,616,1,99,98,0,122,1,62,61,0,122,1,79,78,0.0,0.01667857993805099,1,78,77,2,-1,3,11,0,33,40,15
870,100,100,69,69,0,100,100,76,76,0,100,100,76,76,0,0.055413730896218386,0.056843323462337045,100,100,0,3,1,1,5,20,80,23,52
871,84,1724,63,100,37,154,188,75,82,7,84,188,63,90,27,0.006092787365124749,0.03761189965621702,58,93,35,1,2,2,10,6,12,28,0
872,121,327,84,99,15,62,62,82,82,0,62,62,82,82,0,0.018142210422410564,0.019946220089179345,78,85,7,3,2,2,3,13,81,33,75
873,100,100,77,77,0,100,100,96,96,0,100,100,96,96,0,0.07022022533101875,0.07158174206065557,99,99,0,3,1,1,3,19,76,15,53
874,100,100,66,66,0,100,100,60,60,0,100,100,68,68,0,0.06300418666394364,0.07284114503556963,100,100,0,2,1,1,7,40,43,3,5
875,100,100,59,59,0,100,100,40,40,0,100,100,59,59,0,0.037509785901494265,0.04326219408420981,94,96,2,2,1,1,15,22,7,9,57
876,400,600,98,100,2,128,128,90,90,0,128,128,90,90,0,0.041219918989754585,0.04605330337996528,94,97,3,3,2,2,5,40,61,3,34
877,49,49,59,59,0,54,54,62,62,0,49,49,67,67,0,0.004969536063174376,0.004969536063174376,54,54,0,-1,3,3,4,4,72,22,59
878,12,628,39,100,61,20,40,35,48,13,12,40,39,55,16,0.0012253650566731338,0.01746145205759216,41,80,39,2,4,3,4,3,73,51,23
879,338,538,96,99,3,240,240,96,96,0,240,240,96,96,0,0.024949794070594642,0.025936893699581333,84,84,0,3,2,2,9,19,54,15,43
880,100,100,68,68,0,100,100,57,57,0,100,100,68,68,0,0.055107389632050106,0.055107389632050106,98,98,0,-1,1,1,8,29,39,0,91
881,76,76,72,72,0,46,46,83,83,0,46,46,83,83,0,0.0283876238129276,0.0283876238129276,93,93,0,-1,2,2,2,6,99,34,81
882,72,72,55,55,0,130,130,62,62,0,72,72,55,55,0,0.0024166921951053475,0.0024166921951053475,45,45,0,-1,2,2,11,4,5,64,87
883,1,1641,26,100,74,6,70,26,50,24,1,55,26,58,32,3.4037918240920386e-05,0.022567139793730217,27,85,58,1,6,2,6,1,48,68,62
884,100,100,64,64,0,100,100,57,57,0,100,100,66,66,0,0.0567752476258552,0.05762619558187821,99,99,0,3,1,1,7,29,46,11,74
885,299,505,100,100,0,72,72,85,85,0,72,72,85,85,0,0.04663194799006093,0.05544776881445931,97,98,1,3,2,2,3,36,60,2,33
886,0,0,1,1,0,0,0,1,1,0,0,0,1,1,0,0.0,0.0,1,1,0,-1,-1,-1,10,0,22,93,59
887,190,291,87,96,9,324,324,90,90,0,190,191,87,87,0,0.01783586915824228,0.017869907076483203,80,80,0,5,2,2,17,9,20,39,58
888,0,206,1,91,90,0,28,1,33,32,0,28,1,51,50,0.0,0.005377991082065421,1,57,56,3,-1,4,6,0,44,91,48
889,87,1727,67,100,33,70,104,56,84,28,70,104,63,85,22,0.008237176214302734,0.0333911977943429,65,93,28,1,3,2,5,8,37,44,73
890,223,323,97,100,3,56,56,88,88,0,56,56,88,88,0,0.038428809693999116,0.04132203274447735,96,96,0,4,2,2,2,29,93,1,57
891,396,602,99,99,0,264,264,93,93,0,264,264,94,94,0,0.03090642976275571,0.033050818611933694,92,92,0,3,2,2,12,27,14,10,90
892,100,100,76,76,0,100,100,90,90,0,100,100,90,90,0,0.05582218591510943,0.056298716770482315,97,97,0,4,1,1,4,12,72,37,71
893,40,1680,46,100,54,140,174,65,74,9,40,174,46,86,40,0.0053439531638245,0.03417406991388407,55,90,35,1,2,2,11,1,33,90,7
894,171,771,91,100,9,72,72,84,84,0,72,72,84,84,0,0.02501786990707648,0.046734061744783686,88,95,7,2,2,2,3,19,81,15,1
895,0,206,1,96,95,0,12,1,34,33,0,12,1,42,41,0.0,0.005582218591510943,1,60,59,3,-1,4,2,0,86,98,48
896,0,616,1,100,99,0,28,1,44,43,0,28,1,49,48,0.0,0.012185574730249497,1,73,72,2,-1,3,3,0,85,40,32
897,493,493,99,99,0,272,272,100,100,0,272,272,100,100,0,0.03897341638585384,0.03897341638585384,95,95,0,-1,2,2,8,30,42,7,40
898,0,0,1,1,0,0,0,1,1,0,0,0,1,1,0,0.0,0.0,1,1,0,-1,-1,-1,3,0,85,96,99
899,28,644,43,100,57,80,100,42,44,2,28,100,43,58,15,0.0019061234214915416,0.013002484768031588,44,76,32,2,3,3,10,3,0,43,39
900,52,668,53,100,47,80,90,54,55,1,52,90,53,61,8,0.004322815616596889,0.016372238673882704,54,79,25,2,2,2,6,3,40,43,37
901,0,102,1,80,79,0,4,1,27,26,0,2,1,27,26,0.0,0.00034037918240920387,1,35,34,4,-1,5,3,1,76,69,49
902,0,206,1,85,84,0,18,1,27,26,0,6,1,26,25,0.0,0.0002723033459273631,1,30,29,3,-1,4,12,0,2,85,65
903,10,111,39,86,47,18,18,36,36,0,10,18,39,44,5,0.0014636304843595766,0.0014636304843595766,42,42,0,5,4,4,3,3,66,43,95
904,100,100,68,68,0,100,100,63,63,0,100,100,68,68,0,0.04785731304673406,0.04785731304673406,98,98,0,-1,1,1,6,16,41,18,84
905,0,0,1,1,0,0,0,1,1,0,0,0,1,1,0,0.0,0.0,1,1,0,-1,-1,-1,14,1,16,45,79
906,16,632,37,100,63,70,70,58,58,0,16,70,37,63,26,0.0025188059498281084,0.00970080669866231,48,68,20,2,3,3,5,1,63,53,24
907,56,56,56,56,0,150,150,70,70,0,56,56,56,56,0,0.0053439531638245,0.0053439531638245,59,59,0,-1,2,2,11,3,38,29,45
908,0,206,1,94,93,0,18,1,35,34,0,18,1,44,43,0.0,0.008066986623098132,1,68,67,3,-1,4,3,0,66,93,14
909,298,898,96,100,4,176,176,85,85,0,176,176,89,89,0,0.029919330133769018,0.049218829776370876,89,97,8,2,2,2,8,22,30,9,0
910,0,206,1,88,87,0,32,1,33,32,0,23,1,45,44,0.0,0.0030974505599237552,1,48,47,3,-1,4,8,0,15,92,35
911,70,270,60,95,35,78,78,69,69,0,78,78,70,70,0,0.011164437183021887,0.01507879778072773,71,77,6,3,2,2,4,6,53,34,21
912,6,6,28,28,0,14,14,28,28,0,6,6,28,28,0,0.00010211375472276115,0.00010211375472276115,29,29,0,-1,4,4,9,1,31,68,91
913,22,123,45,82,37,40,40,44,44,0,22,23,45,46,1,0.0014636304843595766,0.0015317063208414173,44,44,0,6,3,3,5,2,88,61,58
914,64,270,59,92,33,134,134,69,69,0,64,134,59,80,21,0.006977773239388679,0.01232172640321318,61,71,10,3,3,3,9,7,54,62,31
915,42,143,52,85,33,132,132,64,64,0,40,41,49,52,3,0.0033357159876101976,0.00353994349705572,51,52,1,5,3,3,12,6,14,41,55
916,0,102,1,70,69,0,12,1,27,26,0,2,1,25,24,0.0,0.00013615167296368154,1,31,30,4,-1,5,9,0,28,66,55
917,58,264,59,97,38,28,28,48,48,0,28,28,54,54,0,0.007760645358929848,0.011504816365431091,60,74,14,3,3,3,3,7,55,48,22
918,281,481,96,100,4,104,104,80,80,0,104,104,81,81,0,0.0335613873855475,0.04343238367541441,92,96,4,3,2,2,5,29,63,11,15
919,2,2,27,27,0,13,13,27,27,0,2,2,27,27,0,0.00013615167296368154,0.00013615167296368154,29,29,0,-1,5,5,11,1,38,78,76
920,468,2108,97,100,3,368,392,98,99,1,368,392,98,99,1,0.03761189965621702,0.04894652643044351,95,98,3,1,2,2,14,29,25,0,13
921,46,147,54,85,31,46,46,43,43,0,46,46,54,54,0,0.0063650907110521125,0.006501242384015794,57,57,0,5,3,3,6,6,69,34,60
922,92,708,58,100,42,168,168,67,67,0,92,110,58,76,18,0.005616256509751864,0.007624493685966166,57,62,5,2,2,2,14,6,25,35,83
923,6,212,32,91,59,12,20,32,33,1,6,18,32,44,12,0.0002723033459273631,0.0028591851322373124,32,48,16,3,4,4,4,1,79,55,29
924,28,1668,44,100,56,74,118,42,67,25,28,118,44,81,37,0.002484768031587188,0.02365635317743967,45,86,41,1,3,2,9,3,31,54,14
925,16,222,41,95,54,18,22,41,41,0,16,22,41,44,3,0.00088498587426393,0.020592940535756832,37,87,50,3,3,3,2,1,91,55,1
926,192,398,92,100,8,96,96,94,94,0,96,96,94,94,0,0.028557813404132205,0.03465060076925695,89,91,2,3,2,2,3,18,92,5,27
927,70,171,65,92,27,38,38,46,46,0,38,38,51,51,0,0.010347527145239796,0.010347527145239796,74,74,0,6,3,3,3,9,96,27,58
928,0,0,1,1,0,0,0,1,1,0,0,0,1,1,0,0.0,0.0,1,1,0,-1,-1,-1,4,0,78,85,76
929,94,94,79,79,0,32,32,63,63,0,32,32,64,64,0,0.012491915994417782,0.012491915994417782,74,74,0,-1,3,3,2,14,86,14,85
930,6,6,32,32,0,8,8,32,32,0,6,6,32,32,0,0.0008169100377820892,0.0008169100377820892,37,37,0,-1,4,4,2,1,95,71,93
931,22,22,45,45,0,66,66,49,49,0,22,22,45,45,0,0.0019061234214915416,0.0019061234214915416,44,44,0,-1,3,3,6,2,44,61,45
932,0,102,1,76,75,0,19,1,28,27,0,4,1,29,28,0.0,0.00017018959120460194,1,29,28,4,-1,5,11,0,38,93,63
933,0,101,1,84,83,0,2,1,24,23,0,1,1,24,23,0.0,0.0,1,1,0,6,-1,7,2,0,98,89,68
934,0,206,1,91,90,0,16,1,32,31,0,15,1,40,39,0.0,0.002757071377514551,1,49,48,3,-1,4,4,0,83,98,22
935,6,212,30,92,62,19,19,30,30,0,6,14,30,36,6,0.00017018959120460194,0.0010892133837094523,30,38,8,3,4,4,8,1,21,65,51
936,223,223,93,93,0,118,118,92,92,0,118,118,92,92,0,0.021716191837707205,0.021716191837707205,86,86,0,-1,2,2,5,16,37,12,40
937,0,616,1,100,99,0,28,1,43,42,0,28,1,50,49,0.0,0.029681064706082574,1,90,89,2,-1,3,3,0,92,40,3
938,52,668,52,100,48,104,114,58,61,3,52,74,52,56,4,0.002552843868069029,0.005105687736138058,46,55,9,2,2,2,10,3,18,43,52
939,0,102,1,81,80,0,5,1,27,26,0,2,1,27,26,0.0,0.0004084550188910446,1,33,32,4,-1,5,3,0,96,92,42
940,0,206,1,90,89,0,18,1,32,31,0,7,1,36,35,0.0,0.0010892133837094523,1,38,37,3,-1,4,5,0,80,36,61
941,76,76,61,61,0,124,124,76,76,0,76,76,61,61,0,0.008713707069675619,0.008713707069675619,64,64,0,-1,3,3,9,7,26,21,91
942,1,617,26,100,74,4,30,26,42,16,1,30,26,50,24,6.807583648184077e-05,0.007386228258279724,27,63,36,2,6,3,4,1,73,68,38
943,84,185,73,93,20,72,72,80,80,0,72,72,80,80,0,0.011300588855985567,0.011334626774226489,74,74,0,6,2,2,3,9,66,31,68
944,16,1656,34,100,66,40,136,33,63,30,16,108,34,74,40,0.0004084550188910446,0.02100139555464788,35,81,46,1,3,2,12,1,3,4,39
945,104,720,76,100,24,132,132,74,74,0,104,132,76,80,4,0.008305252050784574,0.02028659927158855,65,83,18,2,2,2,8,6,21,26,39
946,182,798,85,100,15,316,326,92,94,2,182,249,85,94,9,0.013581129378127233,0.022124646856598252,72,85,13,2,2,2,15,6,7,77,44
947,16,118,44,86,42,22,22,54,54,0,16,18,47,48,1,0.002382654276864427,0.0053439531638245,45,57,12,4,3,3,2,1,99,53,90
948,0,0,1,1,0,0,0,1,1,0,0,0,1,1,0,0.0,0.0,1,1,0,-1,-1,-1,2,0,95,67,36
949,1,1,25,25,0,2,2,25,25,0,1,1,25,25,0,0.0,0.0,1,1,0,-1,6,6,2,2,98,58,45
950,100,100,64,64,0,100,100,44,44,0,100,100,64,64,0,0.01147077844719017,0.020082371762143027,72,81,9,2,1,1,13,2,13,56,27
951,16,16,33,33,0,136,136,61,61,0,16,16,33,33,0,0.0027911092957554717,0.0027911092957554717,48,48,0,-1,3,3,15,2,7,94,50
952,0,0,1,1,0,0,0,1,1,0,0,0,1,1,0,0.0,0.0,1,1,0,-1,-1,-1,4,0,47,82,86
953,12,12,35,35,0,46,46,35,35,0,12,12,35,35,0,0.0004765308553728854,0.0004765308553728854,37,37,0,-1,4,4,9,2,28,63,97
954,0,0,1,1,0,0,0,1,1,0,0,0,1,1,0,0.0,0.0,1,1,0,-1,-1,-1,3,0,96,76,93
955,47,253,57,93,36,34,34,45,45,0,34,34,53,53,0,0.007522379931243405,0.010960209673576363,63,68,5,3,3,3,4,8,84,44,22
956,0,616,1,100,99,0,38,1,51,50,0,38,1,54,53,0.0,0.02644746247319514,1,91,90,2,-1,3,3,0,66,85,3
957,88,294,67,97,30,44,44,49,49,0,44,44,54,54,0,0.01153885428367201,0.01579359406378706,74,77,3,3,3,3,4,8,53,8,38
958,0,206,1,95,94,0,8,1,31,30,0,6,1,31,30,0.0,0.002110350930937064,1,44,43,3,-1,4,2,0,95,59,46
959,0,102,1,75,74,0,11,1,28,27,0,2,1,27,26,0.0,0.00037441710065012424,1,33,32,4,-1,5,6,0,44,36,88
960,8,8,37,37,0,22,22,34,34,0,8,8,37,37,0,0.0002723033459273631,0.0002723033459273631,33,33,0,-1,4,4,5,2,80,63,87
961,0,616,1,100,99,0,43,1,35,34,0,25,1,46,45,0.0,0.00353994349705572,1,50,49,2,-1,3,9,0,23,79,22
962,84,185,73,92,19,48,48,66,66,0,48,48,67,67,0,0.013410939786922631,0.013547091459886314,77,77,0,5,3,3,3,9,76,39,60
963,335,541,99,100,1,96,96,95,95,0,96,96,95,95,0,0.05262262160046292,0.054154327921304334,98,98,0,3,2,2,3,36,55,2,70
964,0,616,1,100,99,0,24,1,41,40,0,16,1,41,40,0.0,0.005003573981415297,1,56,55,2,-1,3,3,0,75,85,46
965,16,16,35,35,0,25,25,30,30,0,16,16,35,35,0,0.000442492937131965,0.000442492937131965,32,32,0,-1,3,3,8,1,27,68,96
966,405,1021,98,100,2,184,184,94,94,0,184,184,94,94,0,0.035739814152966405,0.03904149222233568,93,94,1,2,2,2,7,29,43,1,75
967,339,440,100,100,0,112,112,92,92,0,112,112,92,92,0,0.03710133088260322,0.03710133088260322,96,96,0,6,2,2,4,30,53,7,58
968,422,1038,100,100,0,160,160,93,93,0,160,160,94,94,0,0.048844412675720754,0.05691139929881889,98,98,0,2,2,2,7,36,62,2,77
969,0,0,1,1,0,0,0,1,1,0,0,0,1,1,0,0.0,0.0,1,1,0,-1,-1,-1,6,1,59,45,79
970,6,622,28,100,72,42,74,33,41,8,6,46,28,51,23,0.0002382654276864427,0.0057524081827155455,30,55,25,2,4,3,9,1,29,88,38
971,96,96,67,67,0,118,118,69,69,0,96,96,67,67,0,0.0063650907110521125,0.0063650907110521125,60,60,0,-1,3,3,8,6,57,13,59
972,39,245,53,94,41,38,38,59,59,0,38,38,62,62,0,0.005514142755029102,0.0088498587426393,56,68,12,3,3,3,3,4,92,22,47
973,100,100,69,69,0,100,100,55,55,0,100,100,69,69,0,0.049389019367575476,0.049389019367575476,97,97,0,-1,1,1,9,29,26,0,97
974,358,358,98,98,0,312,312,98,98,0,312,312,98,98,0,0.02491575615235372,0.02491575615235372,88,88,0,-1,2,2,12,19,6,15,85
975,0,1640,1,100,99,0,90,1,66,65,0,90,1,68,67,0.0,0.041253956907995507,1,97,96,1,-1,2,6,0,56,79,3
976,179,179,88,88,0,150,150,90,90,0,150,150,91,91,0,0.02277136730317574,0.02277136730317574,85,85,0,-1,2,2,7,12,62,37,67
977,100,100,68,68,0,100,100,63,63,0,100,100,68,68,0,0.032506211920078965,0.040334933115490655,90,95,5,2,1,1,6,9,41,31,24
978,100,100,67,67,0,100,100,57,57,0,100,100,67,67,0,0.031621226045815035,0.04006262976956329,90,95,5,2,1,1,8,13,21,24,19
979,134,334,83,97,14,80,80,66,66,0,80,80,68,68,0,0.01960584090677014,0.020899281799925118,82,84,2,3,3,3,5,18,63,30,70
980,234,234,90,90,0,198,198,85,85,0,198,198,88,88,0,0.02100139555464788,0.02100139555464788,84,84,0,-1,2,2,10,16,22,12,79
981,0,102,1,80,79,0,5,1,27,26,0,3,1,31,30,0.0,0.0002042275094455223,1,33,32,4,-1,5,3,0,76,79,63
982,70,172,63,89,26,64,64,68,68,0,64,64,69,69,0,0.006569318220497634,0.0068075836481840775,60,60,0,4,3,3,4,5,73,47,56
983,32,238,55,96,41,12,12,40,40,0,12,12,42,42,0,0.0068075836481840775,0.008203138296061813,65,67,2,3,4,4,2,6,90,34,53
984,87,703,60,100,40,104,114,64,66,2,87,114,60,78,18,0.008373327887266415,0.013683243132849994,65,74,9,2,3,3,9,8,35,44,38
985,174,790,87,100,13,184,184,97,97,0,174,184,97,97,0,0.015725518227305217,0.03284659110248817,78,90,12,2,2,2,7,8,62,17,9
986,0,616,1,100,99,0,40,1,37,36,0,16,1,39,38,0.0,0.003369753905851118,1,47,46,2,-1,3,9,0,26,92,46
987,0,101,1,82,81,0,2,1,24,23,0,1,1,24,23,0.0,0.00017018959120460194,1,30,29,5,-1,6,2,1,91,45,60
988,0,206,1,90,89,0,30,1,34,33,0,30,1,47,46,0.0,0.008645631233193778,1,67,66,3,-1,4,5,0,50,93,14
989,100,100,79,79,0,56,56,76,76,0,56,56,77,77,0,0.013989584397018279,0.013989584397018279,77,77,0,-1,2,2,2,13,68,24,40
990,24,230,48,95,47,46,46,45,45,0,24,30,48,50,2,0.002110350930937064,0.0026889955410327104,46,49,3,3,3,3,6,3,32,43,88
991,56,672,50,100,50,180,180,64,64,0,56,102,50,74,24,0.004186663943633207,0.00796487286837537,53,62,9,2,2,2,16,2,4,75,13
992,0,0,1,1,0,0,0,1,1,0,0,0,1,1,0,0.0,0.0,1,1,0,-1,-1,-1,6,0,56,84,79
993,88,704,61,100,39,184,184,83,83,0,88,184,61,91,30,0.007352190340038803,0.01606589740971442,62,80,18,2,2,2,10,7,1,62,32
994,22,638,46,100,54,34,54,44,61,17,22,54,46,67,21,0.0022465026039007454,0.036624800027230335,46,94,48,2,3,3,4,3,72,51,2
995,100,100,61,61,0,100,100,40,40,0,100,100,61,61,0,0.02365635317743967,0.025358249089485686,88,90,2,2,1,1,14,14,8,32,90
996,80,1720,60,100,40,164,228,71,88,17,80,228,60,90,30,0.005582218591510943,0.039279757650022125,56,94,38,1,2,2,11,2,33,75,1
997,126,126,79,79,0,120,120,78,78,0,120,120,78,78,0,0.012832295176826986,0.012832295176826986,73,73,0,-1,2,2,6,8,41,17,40
998,46,662,51,100,49,84,94,59,61,2,46,94,51,68,17,0.003369753905851118,0.010041185881071514,50,69,19,2,2,2,5,2,52,61,25
999,22,638,48,100,52,34,44,43,47,4,22,44,48,53,5,0.002314578440382586,0.010755982164130842,48,71,23,2,3,3,4,2,83,75,21
