,FreeNet_pre_score,FreeNet_post_score,FreeNet_pre_rank,FreeNet_post_rank,FreeNet_delta_ranks,Reversed_pre_score,Reversed_post_score,Reversed_pre_rank,Reversed_post_rank,Reversed_delta_ranks,Independent_pre_score,Independent_post_score,Independent_pre_rank,Independent_post_rank,Independent_delta_ranks,Random_pre_score,Random_post_score,Random_pre_rank,Random_post_rank,Random_delta_ranks,dist_victim_relayer,dist_victim_vilain_pre,dist_victim_vilain_post,out_deg_victim,in_deg_villain,victim,villain,relayer
0,123,123,85,85,0,62,62,77,77,0,62,62,78,78,0,0.01579359406378706,0.01579359406378706,78,78,0,-1,2,2,3,14,58,32,92
1,22,228,47,94,47,28,28,48,48,0,22,28,48,53,5,0.001940161339732462,0.005718370264474625,43,57,14,3,3,3,3,2,55,61,22
2,107,723,84,100,16,32,32,71,71,0,32,32,71,71,0,0.015146873617209572,0.03175737771877872,76,95,19,2,3,3,2,15,99,19,9
3,16,632,33,100,67,136,146,61,62,1,16,40,33,44,11,0.0027911092957554717,0.005105687736138058,48,53,5,2,3,3,15,2,7,94,70
4,174,174,87,87,0,110,110,78,78,0,110,110,82,82,0,0.018040096667687803,0.018040096667687803,79,79,0,-1,2,2,6,16,51,12,80
5,242,242,94,94,0,216,216,93,93,0,216,216,94,94,0,0.02413288403281255,0.02413288403281255,86,86,0,-1,2,2,9,16,28,18,67
6,97,713,63,100,37,102,102,65,65,0,97,102,65,73,8,0.008611593314952858,0.024269035705776234,62,88,26,2,3,3,7,8,46,44,16
7,172,788,83,100,17,184,184,79,79,0,172,188,84,90,6,0.011232513019503728,0.012696143503863304,71,72,1,2,2,2,10,9,12,31,71
8,0,1640,1,100,99,0,112,1,72,71,0,112,1,79,78,0.0,0.03454848701453419,1,92,91,1,-1,2,8,0,39,76,0
9,6,622,29,100,71,24,78,30,46,16,6,78,29,60,31,0.00013615167296368154,0.013581129378127233,30,77,47,2,4,3,8,1,30,65,37
10,0,616,1,100,99,0,34,1,35,34,0,34,1,44,43,0.0,0.009020048333843901,1,63,62,2,-1,3,6,0,71,97,14
11,0,616,1,100,99,0,30,1,42,41,0,30,1,51,50,0.0,0.01065386840940808,1,73,72,2,-1,3,4,0,47,92,12
12,110,110,83,83,0,48,48,67,67,0,48,48,70,70,0,0.018108172504169646,0.018108172504169646,81,81,0,-1,3,3,3,18,96,30,87
13,22,22,42,42,0,46,46,39,39,0,22,22,42,42,0,0.0018380475850097008,0.0018380475850097008,43,43,0,-1,3,3,6,2,41,61,85
14,120,326,81,94,13,118,118,91,91,0,118,118,91,91,0,0.01320671227747711,0.013683243132849994,75,75,0,3,2,2,5,7,80,48,56
15,2,208,29,92,63,8,24,31,36,5,2,24,29,52,23,0.00030634126416828345,0.0051397256543789785,33,56,23,3,5,4,4,1,77,65,62
16,146,762,85,100,15,210,220,83,84,1,146,220,85,91,6,0.012798257258586064,0.03628442084482113,74,93,19,2,2,2,12,9,3,27,0
17,38,38,49,49,0,62,62,43,43,0,38,38,49,49,0,0.002144388849177984,0.002144388849177984,46,46,0,-1,3,3,7,3,43,54,76
18,56,672,53,100,47,208,218,73,73,0,56,94,53,58,5,0.005786446100956465,0.00789679703189353,57,62,5,2,2,2,14,3,8,29,70
19,0,102,1,83,82,0,4,1,28,27,0,2,1,27,26,0.0,0.0005446066918547262,1,37,36,4,-1,5,2,0,86,82,71
20,92,298,79,100,21,46,46,83,83,0,46,46,83,83,0,0.015317063208414174,0.016406276592123625,77,79,2,3,2,2,2,8,99,17,61
21,40,40,60,60,0,56,56,84,84,0,40,40,82,82,0,0.009632730862180468,0.009632730862180468,68,68,0,-1,2,2,2,2,98,94,99
22,0,1640,1,100,99,0,80,1,61,60,0,80,1,67,66,0.0,0.029476837196637053,1,91,90,1,-1,2,6,0,32,93,12
23,12,218,37,94,57,12,12,32,32,0,12,12,37,37,0,0.0009870996289866913,0.003982436434187685,38,51,13,3,4,4,2,2,91,74,73
24,0,0,1,1,0,0,0,1,1,0,0,0,1,1,0,0.0,0.0,1,1,0,-1,-1,-1,3,0,55,40,85
25,46,662,48,100,52,120,130,61,63,2,46,130,48,81,33,0.003165526396405596,0.012798257258586064,48,71,23,2,2,2,11,2,33,52,19
26,0,0,1,1,0,0,0,1,1,0,0,0,1,1,0,0.0,0.0,1,1,0,-1,-1,-1,3,0,76,80,92
27,0,206,1,89,88,0,28,1,31,30,0,15,1,32,31,0.0,0.002314578440382586,1,44,43,3,-1,4,6,0,40,84,41
28,16,632,33,100,67,59,94,34,37,3,16,38,33,43,10,0.00034037918240920387,0.0034718676605738795,33,50,17,2,3,3,15,1,7,88,29
29,80,696,60,100,40,142,152,71,75,4,80,152,60,84,24,0.010347527145239796,0.03328908403962014,68,91,23,2,2,2,8,6,15,77,10
30,78,78,57,57,0,104,104,73,73,0,78,78,58,58,0,0.009292351679771264,0.009292351679771264,65,65,0,-1,2,2,5,4,52,38,76
31,246,862,95,100,5,72,72,83,83,0,72,72,83,83,0,0.035910003744171005,0.059634432758092513,93,99,6,2,2,2,3,29,58,11,10
32,0,206,1,96,95,0,7,1,30,29,0,7,1,37,36,0.0,0.003199564314646516,1,48,47,3,-1,4,2,0,99,80,22
33,22,1662,53,100,47,22,56,52,83,31,22,56,55,84,29,0.0027911092957554717,0.06708873685285408,49,98,49,1,3,2,2,3,98,51,11
34,112,728,81,100,19,236,236,85,85,0,112,188,81,88,7,0.010245413390517035,0.016610504101569147,68,76,8,2,2,2,13,4,13,38,21
35,100,100,58,58,0,100,100,35,35,0,100,100,59,59,0,0.012764219340345145,0.012764219340345145,70,70,0,-1,1,1,17,3,20,29,98
36,160,760,87,100,13,220,220,85,85,0,160,220,87,91,4,0.013479015623404473,0.02018448551686579,75,79,4,2,2,2,12,8,3,20,27
37,16,632,42,100,58,26,54,42,52,10,16,54,42,56,14,0.0004765308553728854,0.01851662752306069,35,84,49,2,3,3,4,1,79,4,16
38,58,264,65,95,30,38,38,51,51,0,38,38,54,54,0,0.00888389666088022,0.013853432724054596,70,78,8,3,3,3,3,7,82,48,24
39,0,616,1,100,99,0,86,1,43,42,0,86,1,57,56,0.0,0.010075223799312433,1,67,66,2,-1,3,10,0,18,67,32
40,62,268,53,94,41,122,122,66,66,0,62,70,53,57,4,0.0038462847612240037,0.004118588107151367,53,53,0,3,2,2,8,6,42,70,56
41,0,0,1,1,0,0,0,1,1,0,0,0,1,1,0,0.0,0.0,1,1,0,-1,-1,-1,4,0,84,96,81
42,0,616,1,100,99,0,116,1,57,56,0,116,1,79,78,0.0,0.01405766023350012,1,71,70,2,-1,3,14,0,25,59,12
43,0,0,1,1,0,0,0,1,1,0,0,0,1,1,0,0.0,0.0,1,1,0,-1,-1,-1,3,0,64,59,80
44,100,100,69,69,0,100,100,66,66,0,100,100,72,72,0,0.059702508594574356,0.06024711528642908,100,100,0,4,1,1,6,29,44,11,74
45,0,0,1,1,0,0,0,1,1,0,0,0,1,1,0,0.0,0.0,1,1,0,-1,-1,-1,6,1,40,45,91
46,0,206,1,96,95,0,18,1,35,34,0,18,1,44,43,0.0,0.004050512270669526,1,51,50,3,-1,4,3,0,75,79,28
47,22,638,49,100,51,22,32,49,68,19,22,32,53,68,15,0.0020763130126961434,0.021852343510670887,45,86,41,2,3,3,2,2,90,52,6
48,80,696,68,100,32,44,44,50,50,0,44,44,57,57,0,0.008101024541339052,0.013138636440995268,64,75,11,2,3,3,4,9,73,31,46
49,264,365,92,96,4,320,320,92,92,0,264,265,92,92,0,0.023281936076789543,0.023315973995030465,83,83,0,5,2,2,14,18,16,30,58
50,0,0,1,1,0,0,0,1,1,0,0,0,1,1,0,0.0,0.0,1,1,0,-1,-1,-1,6,0,48,98,86
51,40,40,51,51,0,92,92,51,51,0,40,40,51,51,0,0.0053099152455835805,0.0053099152455835805,56,56,0,-1,2,2,8,1,30,90,66
52,0,206,1,92,91,0,18,1,35,34,0,18,1,43,42,0.0,0.003710133088260322,1,51,50,3,-1,4,3,0,82,99,28
53,100,100,63,63,0,100,100,56,56,0,100,100,63,63,0,0.07488342013002484,0.0791381599101399,100,100,0,2,1,1,7,36,24,2,72
54,0,616,1,100,99,0,28,1,44,43,0,28,1,49,48,0.0,0.016236087000919025,1,79,78,2,-1,3,3,1,58,45,18
55,16,118,40,83,43,20,20,44,44,0,16,18,40,45,5,0.0009530617107457708,0.0010892133837094523,35,36,1,4,3,3,3,1,94,4,56
56,96,96,68,68,0,56,56,44,44,0,56,56,58,58,0,0.007624493685966166,0.007624493685966166,63,63,0,-1,3,3,6,13,34,24,96
57,170,170,96,96,0,32,32,67,67,0,32,32,68,68,0,0.031246808945164913,0.031246808945164913,92,92,0,-1,3,3,2,30,97,7,66
58,0,0,1,1,0,0,0,1,1,0,0,0,1,1,0,0.0,0.0,1,1,0,-1,-1,-1,7,0,46,89,82
59,0,206,1,93,92,0,22,1,34,33,0,20,1,44,43,0.0,0.0040845501889104465,1,51,50,3,-1,4,5,0,49,96,72
60,142,142,87,87,0,118,118,93,93,0,118,118,93,93,0,0.0176997174852786,0.0176997174852786,80,80,0,-1,2,2,5,9,45,39,67
61,64,64,58,58,0,104,104,66,66,0,64,64,58,58,0,0.006773545729943157,0.006773545729943157,59,59,0,-1,3,3,9,7,26,62,66
62,100,201,80,96,16,22,22,49,49,0,22,22,50,50,0,0.009973110044589673,0.010347527145239796,68,69,1,5,3,3,2,14,93,32,42
63,0,0,1,1,0,0,0,1,1,0,0,0,1,1,0,0.0,0.0,1,1,0,-1,-1,-1,5,0,52,80,96
64,0,0,1,1,0,0,0,1,1,0,0,0,1,1,0,0.0,0.0,1,1,0,-1,-1,-1,14,1,17,50,87
65,100,100,72,72,0,100,100,71,71,0,100,100,75,75,0,0.06807583648184078,0.06828006399128629,100,100,0,3,1,1,6,29,32,0,88
66,0,206,1,90,89,0,20,1,29,28,0,9,1,35,34,0.0,0.0008509479560230097,1,38,37,3,-1,4,8,0,39,84,43
67,16,222,37,90,53,52,52,43,43,0,16,41,37,52,15,0.0007147962830593281,0.0045270431260424114,36,53,17,3,3,3,6,1,41,49,28
68,100,100,57,57,0,100,100,38,38,0,100,100,57,57,0,0.024064808196330712,0.024064808196330712,84,84,0,-1,1,1,16,9,4,39,69
69,0,206,1,95,94,0,14,1,31,30,0,14,1,38,37,0.0,0.012730181422104225,1,75,74,3,-1,4,3,0,94,93,23
70,144,760,85,100,15,284,284,86,86,0,144,210,85,92,7,0.009939072126348753,0.018074134585928724,67,79,12,2,2,2,16,7,4,21,77
71,0,206,1,93,92,0,18,1,34,33,0,18,1,45,44,0.0,0.007862759113652609,1,62,61,3,-1,4,3,1,58,45,33
72,0,101,1,81,80,0,3,1,24,23,0,1,1,24,23,0.0,3.4037918240920386e-05,1,26,25,6,-1,7,3,0,81,97,58
73,0,206,1,95,94,0,8,1,32,31,0,8,1,37,36,0.0,0.0012253650566731338,1,39,38,3,-1,4,2,0,89,85,64
74,108,724,73,100,27,72,72,45,45,0,72,72,56,56,0,0.011334626774226489,0.01405766023350012,74,77,3,2,3,3,7,8,46,8,70
75,52,668,49,100,51,126,140,59,62,3,52,68,49,55,6,0.0022465026039007454,0.003267640151128357,46,50,4,2,2,2,15,3,7,43,49
76,22,22,39,39,0,136,136,63,63,0,22,22,39,39,0,0.002110350930937064,0.002110350930937064,44,44,0,-1,3,3,16,2,9,52,91
77,0,206,1,93,92,0,10,1,31,30,0,7,1,35,34,0.0,0.0009870996289866913,1,40,39,3,-1,4,3,0,60,84,61
78,138,138,81,81,0,152,152,76,76,0,138,138,81,81,0,0.01579359406378706,0.01579359406378706,79,79,0,-1,2,2,8,9,15,39,36
79,6,108,29,74,45,30,31,29,29,0,6,8,29,32,3,0.0002382654276864427,0.00030634126416828345,32,32,0,4,4,4,15,1,7,55,95
80,0,616,1,100,99,0,42,1,38,37,0,28,1,48,47,0.0,0.004595118962524252,1,53,52,2,-1,3,6,0,59,93,28
81,405,1021,98,100,2,190,190,91,91,0,190,190,91,91,0,0.036590762108989414,0.04333026992069165,96,97,1,2,2,2,8,29,27,1,32
82,82,698,72,100,28,46,46,82,82,0,46,46,82,82,0,0.015521290717859695,0.045849075870519757,79,97,18,2,2,2,2,8,95,20,2
83,6,6,29,29,0,19,19,29,29,0,6,6,29,29,0,0.0002042275094455223,0.0002042275094455223,33,33,0,-1,4,4,8,1,42,55,84
84,0,616,1,100,99,0,96,1,43,42,0,54,1,55,54,0.0,0.010960209673576363,1,70,69,2,-1,3,11,0,38,97,62
85,12,218,34,89,55,34,38,34,34,0,12,18,34,40,6,0.0002382654276864427,0.0007828721195411688,32,38,6,3,4,4,7,2,24,63,42
86,375,375,97,97,0,160,160,93,93,0,160,160,94,94,0,0.03448041117805235,0.03448041117805235,91,91,0,-1,2,2,7,29,62,1,96
87,0,101,1,81,80,0,3,1,24,23,0,2,1,25,24,0.0,0.0002042275094455223,1,30,29,5,-1,6,3,0,81,36,63
88,149,149,90,90,0,56,56,86,86,0,56,56,86,86,0,0.039279757650022125,0.039279757650022125,96,96,0,-1,2,2,2,20,95,23,79
89,0,0,1,1,0,0,0,1,1,0,0,0,1,1,0,0.0,0.0,1,1,0,-1,-1,-1,2,0,95,92,40
90,134,734,80,100,20,132,132,74,74,0,132,132,81,81,0,0.011130399264780965,0.018108172504169646,70,79,9,2,2,2,8,9,21,31,27
91,216,1856,87,100,13,176,200,88,92,4,176,200,88,92,4,0.024064808196330712,0.0510909152796215,85,99,14,1,2,2,8,18,27,30,15
92,235,441,94,100,6,112,112,93,93,0,112,112,93,93,0,0.028864154668300487,0.03025970931617822,90,90,0,3,2,2,4,15,47,16,52
93,297,503,99,100,1,72,72,84,84,0,72,72,84,84,0,0.044623710813846626,0.05248646992749923,96,96,0,3,2,2,3,40,85,3,33
94,84,186,58,86,28,142,142,72,72,0,84,86,58,58,0,0.010790020082371761,0.011130399264780965,72,72,0,4,2,2,8,5,42,25,88
95,28,28,47,47,0,36,36,41,41,0,28,28,47,47,0,0.0013955546478777359,0.0013955546478777359,42,42,0,-1,3,3,5,4,88,64,59
96,106,106,82,82,0,72,72,77,77,0,72,72,79,79,0,0.01861874127778345,0.01861874127778345,82,82,0,-1,2,2,3,8,96,20,92
97,67,683,65,100,35,70,70,59,59,0,70,70,66,66,0,0.007147962830593281,0.014329963579427483,62,76,14,2,3,3,5,8,80,57,31
98,16,632,39,100,61,76,86,54,61,7,16,86,39,67,28,0.002212464685659825,0.02110350930937064,48,87,39,2,3,3,6,1,32,53,23
99,0,102,1,82,81,0,6,1,28,27,0,5,1,32,31,0.0,0.0008169100377820892,1,38,37,4,-1,5,3,0,75,67,64
100,71,687,60,100,40,74,84,58,65,7,74,84,62,69,7,0.006841621566424997,0.010517716736444398,60,70,10,2,2,2,5,6,61,35,28
101,146,146,90,90,0,72,72,79,79,0,72,72,80,80,0,0.02038871302631131,0.02038871302631131,85,85,0,-1,2,2,3,16,75,12,98
102,6,108,29,75,46,19,19,29,29,0,6,6,29,29,0,0.00017018959120460194,0.0002723033459273631,31,33,2,4,4,4,8,1,42,65,60
103,100,100,60,60,0,100,100,50,50,0,100,100,60,60,0,0.029647026787841656,0.029817216379046257,91,91,0,3,1,1,9,8,28,20,49
104,16,632,35,100,65,80,110,41,61,20,16,110,35,74,39,0.0009190237925048504,0.014874570271282209,37,76,39,2,3,3,10,1,22,71,37
105,100,100,66,66,0,100,100,43,43,0,100,100,66,66,0,0.050103815650634806,0.05337145580176316,98,100,2,3,1,1,11,27,33,10,73
106,18,1658,41,100,59,76,134,41,65,24,18,134,41,80,39,0.00034037918240920387,0.03992647809659961,34,95,61,1,3,2,10,2,1,56,3
107,78,1718,59,100,41,180,214,76,85,9,78,214,59,89,30,0.007182000748834201,0.03437829742332959,59,92,33,1,2,2,11,4,33,72,9
108,100,100,63,63,0,100,100,56,56,0,100,100,63,63,0,0.03281255318424725,0.044045066203750975,91,96,5,2,1,1,7,8,24,8,37
109,2,618,26,100,74,10,68,27,40,13,2,58,26,53,27,3.4037918240920386e-05,0.005548180673270023,26,57,31,2,5,3,8,1,30,68,13
110,112,728,78,100,22,222,232,77,80,3,112,167,78,84,6,0.008135062459579971,0.012832295176826986,63,70,7,2,2,2,14,7,25,62,28
111,16,16,36,36,0,68,68,41,41,0,16,16,36,36,0,0.0012594029749140542,0.0012594029749140542,39,39,0,-1,3,3,8,1,30,71,67
112,0,206,1,86,85,0,40,1,33,32,0,30,1,43,42,0.0,0.003642057251778481,1,48,47,3,-1,4,8,0,27,97,26
113,16,1656,42,100,58,28,72,43,78,35,16,72,42,79,37,0.0007147962830593281,0.05405221416658157,37,97,60,1,3,2,3,1,75,49,7
114,0,0,1,1,0,0,0,1,1,0,0,0,1,1,0,0.0,0.0,1,1,0,-1,-1,-1,8,0,27,36,84
115,88,88,61,61,0,184,184,83,83,0,88,88,61,61,0,0.007352190340038803,0.007352190340038803,62,62,0,-1,2,2,10,7,1,62,82
116,10,626,38,100,62,20,44,36,53,17,10,44,38,57,19,0.0016338200755641784,0.01861874127778345,45,85,40,2,4,3,4,3,77,54,12
117,2,208,27,89,62,10,23,29,32,3,2,16,27,36,9,0.00013615167296368154,0.0029612988869600733,30,47,17,3,5,4,6,1,41,55,73
118,60,161,62,88,26,60,60,51,51,0,60,60,62,62,0,0.006535280302256714,0.006569318220497634,60,60,0,6,3,3,5,5,80,47,68
119,0,0,1,1,0,0,0,1,1,0,0,0,1,1,0,0.0,0.0,1,1,0,-1,-1,-1,2,0,98,59,89
120,6,108,29,74,45,42,42,31,31,0,6,8,29,33,4,0.00017018959120460194,0.00030634126416828345,31,33,2,4,4,4,14,1,16,65,55
121,0,0,1,1,0,0,0,1,1,0,0,0,1,1,0,0.0,0.0,1,1,0,-1,-1,-1,6,1,48,45,97
122,132,1772,82,100,18,150,174,71,82,11,150,174,85,87,2,0.013002484768031588,0.036454610436025735,75,93,18,1,3,2,10,13,36,33,30
123,0,0,1,1,0,0,0,1,1,0,0,0,1,1,0,0.0,0.0,1,1,0,-1,-1,-1,8,0,39,40,76
124,110,1750,74,100,26,158,182,74,81,7,110,182,74,87,13,0.01157289220191293,0.02920453385070969,74,90,16,1,2,2,9,6,28,77,14
125,88,704,61,100,39,132,132,72,72,0,88,132,61,78,17,0.007488342013002485,0.012730181422104225,61,70,9,2,2,2,8,7,27,62,13
126,543,645,100,100,0,232,232,100,100,0,232,232,100,100,0,0.0490826781034072,0.05030804316008033,95,96,1,4,2,2,7,40,46,3,75
127,6,212,32,92,60,18,18,35,35,0,6,18,32,47,15,0.0019741992579733825,0.008747744987916539,45,63,18,3,4,4,3,2,87,94,34
128,0,206,1,93,92,0,14,1,31,30,0,8,1,35,34,0.0,0.0017359338302869397,1,43,42,3,-1,4,5,0,45,67,52
129,0,206,1,92,91,0,48,1,31,30,0,26,1,44,43,0.0,0.0036760951700194017,1,50,49,3,-1,4,10,0,36,97,47
130,22,638,39,100,61,84,120,36,56,20,22,92,39,58,19,0.00030634126416828345,0.006841621566424997,34,60,26,2,3,3,14,2,8,63,31
131,184,184,88,88,0,318,318,91,91,0,184,184,88,88,0,0.013444977705163553,0.013444977705163553,75,75,0,-1,2,2,16,8,4,17,98
132,10,10,39,39,0,24,24,40,40,0,10,10,39,39,0,0.001157289220191293,0.001157289220191293,39,39,0,-1,4,4,4,3,78,43,86
133,32,238,47,93,46,116,116,62,62,0,32,76,47,57,10,0.002280540522141666,0.009632730862180468,44,64,20,3,3,3,11,2,19,52,27
134,70,70,60,60,0,76,76,54,54,0,70,70,63,63,0,0.005377991082065421,0.005377991082065421,52,52,0,-1,3,3,6,5,56,47,69
135,0,206,1,90,89,0,16,1,28,27,0,8,1,35,34,0.0,0.0014295925661186562,1,39,38,3,-1,4,7,0,43,98,51
136,0,0,1,1,0,0,0,1,1,0,0,0,1,1,0,0.0,0.0,1,1,0,-1,-1,-1,11,0,19,96,92
137,181,1821,93,100,7,72,96,80,92,12,72,96,80,92,12,0.02546036284420845,0.07804894652643045,90,98,8,1,2,2,3,15,66,16,0
138,0,616,1,100,99,0,52,1,47,46,0,52,1,57,56,0.0,0.020933319718166036,1,82,81,2,-1,3,6,0,69,67,7
139,0,206,1,92,91,0,10,1,31,30,0,6,1,31,30,0.0,0.0005105687736138058,1,36,35,3,-1,4,3,1,64,69,42
140,0,616,1,100,99,0,40,1,43,42,0,40,1,52,51,0.0,0.03134892269988768,1,90,89,2,-1,3,5,1,70,45,3
141,22,228,45,92,47,86,86,57,57,0,22,30,45,51,6,0.004186663943633207,0.005956635692161067,54,58,4,3,3,3,6,3,44,29,75
142,290,392,96,100,4,96,96,87,87,0,96,96,87,87,0,0.03553558664352088,0.036590762108989414,92,93,1,4,2,2,3,29,87,11,83
143,16,16,33,33,0,76,76,49,49,0,16,16,33,33,0,0.004118588107151367,0.004118588107151367,52,52,0,-1,3,3,6,1,40,90,89
144,40,656,51,100,49,58,76,47,53,6,40,70,51,59,8,0.002280540522141666,0.008101024541339052,45,63,18,2,2,2,6,1,41,4,72
145,38,38,52,52,0,60,60,48,48,0,36,36,52,52,0,0.004016474352428605,0.004016474352428605,52,52,0,-1,3,3,5,6,63,41,66
146,146,762,83,100,17,110,110,77,77,0,110,110,81,81,0,0.015589366554341537,0.02825147213996392,79,87,8,2,2,2,6,14,74,14,37
147,0,616,1,99,98,0,48,1,32,31,0,28,1,44,43,0.0,0.0017018959120460194,1,42,41,2,-1,3,11,0,5,98,64
148,138,754,82,100,18,190,190,92,92,0,138,190,82,93,11,0.008577555396711936,0.03315293236665646,63,89,26,2,2,2,8,6,42,28,1
149,18,634,42,100,58,36,70,38,50,12,18,70,42,56,14,0.0012594029749140542,0.024609414888185438,40,88,48,2,3,3,5,3,52,51,11
150,111,727,82,100,18,72,72,84,84,0,72,72,84,84,0,0.019776030497974745,0.03097450559923755,84,92,8,2,2,2,3,12,81,37,33
151,40,1680,47,100,53,62,112,38,66,28,40,108,47,76,29,0.002825147213996392,0.020865243881684196,47,83,36,1,2,2,8,1,27,65,20
152,0,616,1,100,99,0,46,1,42,41,0,46,1,51,50,0.0,0.011777119711358454,1,72,71,2,-1,3,6,1,65,69,5
153,16,632,32,100,68,124,134,60,62,2,16,54,32,52,20,0.004016474352428605,0.010347527145239796,53,66,13,2,3,3,14,1,17,90,77
154,56,56,51,51,0,92,92,51,51,0,56,56,52,52,0,0.004833384390210695,0.004833384390210695,51,51,0,-1,2,2,8,2,27,75,89
155,22,228,46,94,48,28,28,43,43,0,22,28,46,49,3,0.002280540522141666,0.0036760951700194017,49,51,2,3,3,3,3,2,66,52,51
156,235,435,95,100,5,72,72,87,87,0,72,72,87,87,0,0.0337315769767521,0.038530923448721874,92,93,1,3,2,2,3,29,55,0,48
157,100,100,60,60,0,100,100,52,52,0,100,100,60,60,0,0.05585622383335035,0.056434868443446,100,100,0,3,1,1,9,30,29,7,63
158,16,118,35,75,40,72,72,45,45,0,16,20,35,41,6,0.0014295925661186562,0.001497668402600497,42,43,1,4,3,3,7,1,24,71,63
159,16,632,36,100,64,52,56,40,40,0,16,56,36,51,15,0.0032336022328874367,0.025222097416522007,43,88,45,2,3,3,6,1,71,90,11
160,351,951,97,100,3,144,144,91,91,0,144,144,91,91,0,0.035569624561761805,0.039994553933081455,91,92,1,2,2,2,6,29,32,1,57
161,2,618,28,100,72,9,30,28,35,7,2,18,28,39,11,3.4037918240920386e-05,0.002280540522141666,26,39,13,2,5,3,6,1,71,95,53
162,62,62,57,57,0,104,104,60,60,0,62,62,57,57,0,0.002212464685659825,0.002212464685659825,44,44,0,-1,2,2,9,4,54,64,85
163,22,638,41,100,59,104,104,60,60,0,22,38,41,50,9,0.00176997174852786,0.003812246842983083,42,51,9,2,3,3,9,2,28,61,53
164,150,1790,82,100,18,182,206,83,90,7,150,190,83,87,4,0.013376901868681712,0.023894618605126112,74,84,10,1,2,2,9,8,54,17,4
165,351,951,97,100,3,144,144,91,91,0,144,144,91,91,0,0.035569624561761805,0.044793900405051226,91,95,4,2,2,2,6,29,32,1,20
166,90,90,64,64,0,122,122,69,69,0,90,90,64,64,0,0.010517716736444398,0.010517716736444398,67,67,0,-1,2,2,8,6,27,77,92
167,2,208,27,92,65,10,24,27,31,4,2,8,27,34,7,6.807583648184077e-05,0.00088498587426393,29,36,7,3,5,4,9,1,35,78,71
168,77,179,65,89,24,44,44,49,49,0,44,44,55,55,0,0.006535280302256714,0.007828721195411689,60,64,4,4,3,3,4,8,79,57,83
169,116,116,76,76,0,176,176,74,74,0,116,116,76,76,0,0.009292351679771264,0.009292351679771264,66,66,0,-1,2,2,12,7,2,48,82
170,12,218,41,96,55,8,8,32,32,0,12,8,41,38,-3,0.002212464685659825,0.009836958371625992,45,67,22,3,4,4,2,2,95,83,33
171,1,207,26,92,66,7,17,26,31,5,1,9,26,33,7,0.00010211375472276115,0.0010211375472276116,30,38,8,3,6,4,7,1,46,78,74
172,6,6,31,31,0,24,24,31,31,0,6,6,31,31,0,0.0002723033459273631,0.0002723033459273631,34,34,0,-1,4,4,11,1,19,55,92
173,72,278,67,95,28,38,38,55,55,0,38,38,58,58,0,0.008475441641989176,0.022533101875489295,67,86,19,3,3,3,3,7,76,48,16
174,170,170,88,88,0,150,150,85,85,0,150,150,89,89,0,0.017155110793423873,0.017155110793423873,82,82,0,-1,2,2,7,13,46,33,91
175,100,100,69,69,0,100,100,71,71,0,100,100,72,72,0,0.05813676435549202,0.06300418666394364,98,98,0,2,1,1,6,27,56,10,90
176,342,342,95,95,0,184,184,94,94,0,184,184,94,94,0,0.03526328329759352,0.03526328329759352,91,91,0,-1,2,2,7,29,43,0,98
177,52,668,53,100,47,114,118,65,67,2,52,118,53,78,25,0.002757071377514551,0.013683243132849994,47,74,27,2,2,2,9,3,29,43,39
178,0,616,1,100,99,0,108,1,66,65,0,108,1,78,77,0.0,0.02209060893835733,1,84,83,2,-1,3,8,0,57,92,9
179,182,798,88,100,12,242,252,80,82,2,182,252,88,92,4,0.010790020082371761,0.024098846114571634,68,88,20,2,2,2,14,9,8,31,12
180,122,328,91,100,9,56,56,92,92,0,56,56,92,92,0,0.029544913033118896,0.03257428775656081,91,94,3,3,2,2,2,17,97,6,90
181,260,260,94,94,0,264,264,93,93,0,264,264,94,94,0,0.022601177711971135,0.022601177711971135,85,85,0,-1,2,2,12,18,14,30,86
182,16,632,33,100,67,58,66,34,35,1,16,62,33,51,18,0.0007828721195411688,0.004799346471969774,37,52,15,2,3,3,10,2,0,42,13
183,8,8,38,38,0,12,12,34,34,0,8,8,38,38,0,0.0002042275094455223,0.0002042275094455223,32,32,0,-1,4,4,4,2,72,56,82
184,0,206,1,90,89,0,20,1,33,32,0,20,1,45,44,0.0,0.003608019333537561,1,51,50,3,-1,4,4,0,79,98,47
185,1,103,25,84,59,2,4,25,28,3,1,4,25,31,6,0.0,0.0009530617107457708,1,37,36,4,6,5,2,1,98,68,61
186,0,616,1,99,98,0,162,1,66,65,0,162,1,87,86,0.0,0.0340719561591613,1,93,92,2,-1,3,12,1,6,69,3
187,87,703,65,100,35,66,66,47,47,0,66,66,55,55,0,0.006433166547533953,0.02219272269308009,55,83,28,2,3,3,6,8,71,57,15
188,0,0,1,1,0,0,0,1,1,0,0,0,1,1,0,0.0,0.0,1,1,0,-1,-1,-1,3,0,92,97,80
189,6,622,32,100,68,36,46,36,39,3,6,34,32,51,19,0.0009870996289866913,0.005616256509751864,37,58,21,2,4,3,6,1,44,71,26
190,190,806,90,100,10,158,168,80,83,3,158,168,86,88,2,0.02042275094455223,0.03008951972497362,84,88,4,2,2,2,9,17,23,6,34
191,30,236,54,99,45,22,22,47,47,0,22,22,52,52,0,0.006297014874570271,0.007692569522448007,62,65,3,3,3,3,2,4,89,38,54
192,0,0,1,1,0,0,0,1,1,0,0,0,1,1,0,0.0,0.0,1,1,0,-1,-1,-1,3,0,92,99,89
193,169,169,90,90,0,104,104,86,86,0,104,104,86,86,0,0.0230436706491031,0.0230436706491031,86,86,0,-1,2,2,5,16,45,18,36
194,6,6,29,29,0,37,37,34,34,0,6,6,29,29,0,0.0009190237925048504,0.0009190237925048504,37,37,0,-1,4,4,9,2,23,42,76
195,316,1956,95,100,5,300,334,91,95,4,300,334,95,95,0,0.0212056230640934,0.05139725654378978,81,100,19,1,2,2,14,16,25,12,1
196,32,648,43,100,57,120,130,57,62,5,32,76,43,59,16,0.0029612988869600733,0.008203138296061813,48,63,15,2,3,3,14,2,17,75,48
197,2,208,28,89,61,15,24,29,32,3,2,11,28,37,9,6.807583648184077e-05,0.0010892133837094523,31,39,8,3,5,4,8,1,57,55,43
198,34,240,48,91,43,80,80,41,41,0,34,42,48,51,3,0.0014636304843595766,0.002212464685659825,41,45,4,3,3,3,10,4,22,64,74
199,2,1642,27,100,73,12,112,27,58,31,2,110,27,77,50,0.0,0.014602266925354846,1,74,73,1,5,2,11,1,33,68,31
200,2,208,28,91,63,8,24,30,39,9,2,24,28,50,22,6.807583648184077e-05,0.014704380680077607,28,77,49,3,5,4,4,1,84,65,23
201,0,616,1,100,99,0,34,1,46,45,0,34,1,54,53,0.0,0.015589366554341537,1,79,78,2,-1,3,4,1,78,50,23
202,0,102,1,70,69,0,14,1,27,26,0,2,1,25,24,0.0,3.4037918240920386e-05,1,27,26,4,-1,5,11,1,5,69,95
203,100,100,79,79,0,100,100,96,96,0,100,100,96,96,0,0.055583920487422986,0.056468906361686916,98,98,0,4,1,1,3,13,85,24,64
204,70,70,65,65,0,38,38,46,46,0,38,38,51,51,0,0.010347527145239796,0.010347527145239796,74,74,0,-1,3,3,3,9,96,27,97
205,0,206,1,89,88,0,34,1,31,30,0,24,1,40,39,0.0,0.004969536063174376,1,52,51,3,-1,4,9,0,29,66,34
206,92,292,64,95,31,114,114,67,67,0,92,98,64,66,2,0.00789679703189353,0.00888389666088022,63,67,4,3,3,3,9,7,35,48,61
207,14,14,40,40,0,14,14,34,34,0,14,14,40,40,0,0.0010211375472276116,0.0010211375472276116,40,40,0,-1,4,4,3,4,55,64,59
208,110,726,74,100,26,154,164,72,75,3,110,126,74,80,6,0.007658531604207087,0.010245413390517035,61,65,4,2,2,2,10,6,11,13,94
209,96,712,75,100,25,38,48,51,69,18,38,48,54,71,17,0.009258313761530345,0.025392287007726607,67,90,23,2,3,3,3,13,94,24,12
210,245,245,96,96,0,72,72,84,84,0,72,72,84,84,0,0.03713536880084414,0.03713536880084414,94,94,0,-1,2,2,3,30,85,7,79
211,100,100,69,69,0,100,100,70,70,0,100,100,72,72,0,0.07273903128084687,0.07273903128084687,100,100,0,-1,1,1,6,36,65,2,45
212,64,680,54,100,46,158,168,65,66,1,64,110,54,74,20,0.00439089145307873,0.011266550937744648,54,70,16,2,2,2,14,6,16,73,25
213,40,40,49,49,0,106,106,59,59,0,40,40,49,49,0,0.004356853534837809,0.004356853534837809,54,54,0,-1,3,3,11,6,38,73,50
214,0,206,1,88,87,0,66,1,35,34,0,66,1,57,56,0.0,0.012185574730249497,1,72,71,3,-1,4,11,0,33,91,18
215,0,0,1,1,0,0,0,1,1,0,0,0,1,1,0,0.0,0.0,1,1,0,-1,-1,-1,2,0,95,86,50
216,6,6,32,32,0,8,8,32,32,0,6,6,32,32,0,0.0004765308553728854,0.0004765308553728854,36,36,0,-1,4,4,2,1,98,55,97
217,58,159,60,92,32,22,22,42,42,0,22,22,45,45,0,0.008679669151434699,0.008679669151434699,66,66,0,6,3,3,2,6,91,34,58
218,84,700,62,100,38,168,168,82,82,0,84,168,62,84,22,0.007386228258279724,0.01327478811395895,63,72,9,2,2,2,9,6,54,26,21
219,6,6,31,31,0,15,15,31,31,0,6,6,31,31,0,0.00017018959120460194,0.00017018959120460194,31,31,0,-1,4,4,6,1,32,60,69
220,22,228,40,93,53,74,74,35,35,0,22,32,40,46,6,0.001497668402600497,0.0024507301133462676,40,46,6,3,3,3,12,3,6,51,43
221,0,616,1,100,99,0,104,1,63,62,0,104,1,77,76,0.0,0.024234997787535316,1,86,85,2,-1,3,9,0,35,97,0
222,146,762,85,100,15,210,220,83,84,1,146,220,85,91,6,0.012798257258586064,0.03628442084482113,74,93,19,2,2,2,12,9,3,27,0
223,135,135,84,84,0,128,128,90,90,0,128,128,90,90,0,0.01242384015793594,0.01242384015793594,73,73,0,-1,2,2,5,8,63,44,40
224,0,0,1,1,0,0,0,1,1,0,0,0,1,1,0,0.0,0.0,1,1,0,-1,-1,-1,16,0,9,99,50
225,85,187,77,93,16,22,22,52,52,0,22,22,55,55,0,0.009598692943939549,0.009632730862180468,67,68,1,4,3,3,2,13,98,24,63
226,0,1640,1,100,99,0,80,1,44,43,0,80,1,58,57,0.0,0.018312400013615168,1,80,79,1,-1,2,9,0,28,89,14
227,254,254,93,93,0,256,256,94,94,0,256,256,96,96,0,0.02324789815854862,0.02324789815854862,86,86,0,-1,2,2,10,18,11,30,84
228,0,1640,1,100,99,0,144,1,64,63,0,144,1,80,79,0.0,0.03077027808979203,1,90,89,1,-1,2,10,1,18,45,7
229,2,618,26,99,73,12,82,26,40,14,2,52,26,52,26,3.4037918240920386e-05,0.004663194799006093,28,53,25,2,5,3,11,1,5,68,47
230,62,262,64,97,33,44,44,53,53,0,44,44,58,58,0,0.010994247591817285,0.027536675856904592,74,89,15,3,3,3,4,8,78,20,10
231,100,716,80,100,20,46,46,84,84,0,46,46,84,84,0,0.014432077334150244,0.037679975492698865,75,95,20,2,2,2,2,13,93,24,1
232,170,170,87,87,0,150,150,86,86,0,150,150,86,86,0,0.01592974573675074,0.01592974573675074,78,78,0,-1,2,2,7,13,43,33,96
233,100,100,60,60,0,100,100,50,50,0,100,100,60,60,0,0.028762040913577726,0.02998740597025086,90,91,1,3,1,1,9,14,28,14,61
234,174,374,87,97,10,192,192,86,86,0,192,192,89,89,0,0.020150447598624867,0.02021852343510671,83,83,0,3,2,2,9,12,28,37,49
235,60,676,58,100,42,74,84,64,76,12,59,84,58,77,19,0.006773545729943157,0.012934408931549747,59,74,15,2,2,2,5,6,88,41,26
236,32,648,51,100,49,78,108,49,65,16,32,108,51,77,26,0.0026209197045508697,0.0176997174852786,49,79,30,2,3,3,8,2,21,52,30
237,0,0,1,1,0,0,0,1,1,0,0,0,1,1,0,0.0,0.0,1,1,0,-1,-1,-1,16,0,4,67,79
238,122,328,83,97,14,104,104,85,85,0,104,104,85,85,0,0.015248987371932332,0.022737329384934817,76,84,8,3,2,2,5,8,70,20,8
239,134,750,83,100,17,80,80,66,66,0,80,80,68,68,0,0.01960584090677014,0.031995643146465164,82,90,8,2,3,3,5,18,63,30,37
240,0,616,1,100,99,0,90,1,40,39,0,90,1,60,59,0.0,0.014329963579427483,1,72,71,2,-1,3,12,0,2,89,12
241,239,445,93,100,7,144,144,94,94,0,144,144,94,94,0,0.027706865448109193,0.028966268423023248,89,91,2,3,2,2,6,15,71,16,61
242,0,0,1,1,0,0,0,1,1,0,0,0,1,1,0,0.0,0.0,1,1,0,-1,-1,-1,8,0,42,96,45
243,220,836,90,100,10,270,270,87,87,0,220,270,90,90,0,0.012219612648490419,0.02100139555464788,70,83,13,2,2,2,14,9,17,31,8
244,38,654,45,100,55,66,66,44,44,0,38,56,45,53,8,0.002995336805200994,0.005820484019197386,44,53,9,2,3,3,6,6,51,70,43
245,70,70,59,59,0,70,70,54,54,0,70,70,62,62,0,0.005956635692161067,0.005956635692161067,55,55,0,-1,3,3,5,6,50,26,99
246,372,578,96,100,4,168,168,95,95,0,168,168,95,95,0,0.03744171006501242,0.03863303720344464,93,94,1,3,2,2,6,27,41,10,94
247,0,616,1,100,99,0,52,1,45,44,0,40,1,52,51,0.0,0.008101024541339052,1,65,64,2,-1,3,6,0,74,98,62
248,44,44,66,66,0,12,12,39,39,0,12,12,44,44,0,0.008203138296061813,0.008203138296061813,66,66,0,-1,4,4,2,8,97,8,86
249,0,0,1,1,0,0,0,1,1,0,0,0,1,1,0,0.0,0.0,1,1,0,-1,-1,-1,14,1,25,69,67
250,91,707,76,100,24,22,32,48,69,21,22,32,51,69,18,0.016236087000919025,0.034105994077402224,80,95,15,2,3,3,2,12,95,37,22
251,126,1766,81,100,19,120,144,80,87,7,120,144,81,88,7,0.015112835698968652,0.03417406991388407,76,93,17,1,2,2,6,8,34,20,26
252,100,100,70,70,0,100,100,73,73,0,100,100,74,74,0,0.025766704108376733,0.025766704108376733,88,88,0,-1,1,1,6,3,71,43,76
253,0,0,1,1,0,0,0,1,1,0,0,0,1,1,0,0.0,0.0,1,1,0,-1,-1,-1,8,1,57,50,85
254,0,616,1,99,98,0,92,1,34,33,0,52,1,50,49,0.0,0.006058749446883829,1,56,55,2,-1,3,17,0,20,86,48
255,362,978,96,100,4,360,360,99,99,0,360,360,99,99,0,0.026821879573845263,0.04670002382654277,87,98,11,2,2,2,12,17,3,6,10
256,88,704,73,100,27,60,70,52,61,9,60,70,62,68,6,0.011334626774226489,0.021511964328261683,75,83,8,2,3,3,5,8,45,8,33
257,6,6,30,30,0,26,26,35,35,0,6,6,30,30,0,0.0005105687736138058,0.0005105687736138058,37,37,0,-1,4,4,5,2,80,42,92
258,156,756,88,100,12,94,94,78,78,0,94,94,78,78,0,0.018108172504169646,0.031314884781646755,83,90,7,2,2,2,5,14,45,14,6
259,6,212,28,91,63,14,46,28,34,6,6,28,28,43,15,0.00010211375472276115,0.002995336805200994,29,45,16,3,4,4,9,1,31,68,28
260,2,208,27,90,63,7,24,28,37,9,2,24,27,49,22,0.00013615167296368154,0.00789679703189353,30,64,34,3,5,4,4,1,79,65,32
261,6,622,30,100,70,42,60,35,38,3,6,45,30,49,19,0.0006467204465774873,0.006943735321147759,36,61,25,2,4,3,9,2,54,42,44
262,108,209,80,92,12,80,80,68,68,0,80,80,72,72,0,0.01409169815174104,0.01415977398822288,76,76,0,5,3,3,5,13,88,33,95
263,290,392,96,100,4,96,96,87,87,0,96,96,87,87,0,0.03553558664352088,0.0368971033731577,92,93,1,4,2,2,3,29,87,11,94
264,100,100,68,68,0,100,100,57,57,0,100,100,68,68,0,0.06358283127403928,0.06548895469553082,99,99,0,3,1,1,8,40,39,3,22
265,16,16,43,43,0,40,40,49,49,0,16,16,43,43,0,0.0026209197045508697,0.0026209197045508697,48,48,0,-1,3,3,4,2,73,94,92
266,6,6,29,29,0,17,17,28,28,0,6,6,29,29,0,3.4037918240920386e-05,3.4037918240920386e-05,28,28,0,-1,4,4,10,1,12,68,59
267,2,208,26,90,64,10,44,27,35,8,2,28,26,49,23,3.4037918240920386e-05,0.003982436434187685,26,50,24,3,5,4,8,2,30,58,26
268,72,1712,55,100,45,136,160,64,67,3,72,160,55,83,28,0.00881582082439838,0.030429898907382825,60,92,32,1,3,2,11,6,5,34,15
269,100,100,64,64,0,100,100,45,45,0,100,100,64,64,0,0.028932230504782327,0.03492290411518432,89,95,6,2,1,1,10,13,18,33,38
270,8,109,39,84,45,12,12,35,35,0,8,12,39,42,3,0.00176997174852786,0.0018380475850097008,45,45,0,5,4,4,2,2,86,61,65
271,0,616,1,100,99,0,68,1,35,34,0,43,1,52,51,0.0,0.005207801490860819,1,54,53,2,-1,3,13,0,13,84,44
272,0,0,1,1,0,0,0,1,1,0,0,0,1,1,0,0.0,0.0,1,1,0,-1,-1,-1,10,0,1,98,79
273,40,142,52,82,30,90,90,65,65,0,40,42,52,54,2,0.006501242384015794,0.006671431975220395,59,60,1,4,2,2,6,1,34,90,88
274,76,692,63,100,37,54,54,53,53,0,54,54,57,57,0,0.008543517478471017,0.012015385139044895,65,75,10,2,3,3,4,7,79,21,54
275,379,585,100,100,0,128,128,95,95,0,128,128,95,95,0,0.048504033493311546,0.050614384424248614,97,97,0,3,2,2,5,36,45,2,70
276,0,0,1,1,0,0,0,1,1,0,0,0,1,1,0,0.0,0.0,1,1,0,-1,-1,-1,10,1,0,50,81
277,0,206,1,93,92,0,18,1,39,38,0,18,1,44,43,0.0,0.013581129378127233,1,76,75,3,-1,4,3,0,92,79,16
278,40,246,47,93,46,128,128,70,70,0,40,55,47,54,7,0.005548180673270023,0.008101024541339052,55,62,7,3,2,2,9,1,29,90,22
279,52,668,67,100,33,22,22,47,47,0,22,22,52,52,0,0.00616086320160659,0.02205657102011641,61,86,25,2,3,3,2,6,89,13,16
280,16,16,33,33,0,66,66,36,36,0,16,16,33,33,0,0.0006126825283365669,0.0006126825283365669,36,36,0,-1,3,3,10,1,0,49,84
281,322,938,96,100,4,216,216,96,96,0,216,216,96,96,0,0.0313829606181286,0.05973654651281528,91,100,9,2,2,2,9,22,29,9,2
282,140,242,81,94,13,150,150,90,90,0,140,150,89,90,1,0.011879233466081215,0.012015385139044895,71,71,0,4,2,2,7,7,62,48,63
283,199,199,88,88,0,110,110,72,72,0,110,110,76,76,0,0.023622315259198747,0.023622315259198747,85,85,0,-1,2,2,6,20,40,23,91
284,0,206,1,92,91,0,22,1,33,32,0,22,1,47,46,0.0,0.007420266176520644,1,64,63,3,-1,4,5,0,70,89,8
285,124,740,78,100,22,260,270,77,77,0,124,210,78,88,10,0.010245413390517035,0.016372238673882704,67,79,12,2,2,2,17,6,20,34,24
286,112,728,75,100,25,150,150,85,85,0,112,150,77,88,11,0.009530617107457708,0.016610504101569147,67,79,12,2,2,2,7,4,46,72,25
287,6,212,31,93,62,14,14,35,35,0,6,14,31,42,11,0.001055175465468532,0.005241839409101739,39,53,14,3,4,4,3,2,92,42,13
288,16,632,31,100,69,43,88,30,38,8,16,62,31,52,21,0.0002382654276864427,0.006637394056979475,31,57,26,2,3,3,14,1,25,60,77
289,38,38,50,50,0,78,78,45,45,0,38,38,50,50,0,0.0021784267674189047,0.0021784267674189047,45,45,0,-1,3,3,8,3,15,54,86
290,0,206,1,87,86,0,64,1,34,33,0,15,1,33,32,0.0,0.003165526396405596,1,50,49,3,-1,4,16,1,9,69,41
291,0,616,1,99,98,0,112,1,57,56,0,112,1,75,74,0.0,0.01678069369277375,1,80,79,2,-1,3,12,0,14,86,16
292,0,616,1,100,99,0,40,1,42,41,0,40,1,52,51,0.0,0.01592974573675074,1,79,78,2,-1,3,5,0,49,97,6
293,74,690,58,100,42,228,228,78,78,0,74,228,58,90,32,0.006739507811702236,0.027911092957554715,60,89,29,2,2,2,14,4,17,22,10
294,0,206,1,88,87,0,44,1,33,32,0,6,1,27,26,0.0,0.001599782157323258,1,39,38,3,-1,4,14,0,17,85,94
295,342,1982,98,100,2,224,248,96,97,1,224,248,96,97,1,0.03533135913407536,0.06368494502876204,92,99,7,1,2,2,8,29,30,0,10
296,10,110,42,86,44,12,12,40,40,0,12,12,42,42,0,0.0007147962830593281,0.0015317063208414173,38,42,4,4,4,4,2,3,90,43,71
297,22,1662,44,100,56,28,74,38,61,23,22,74,44,67,23,0.0004765308553728854,0.03141699853636951,35,92,57,1,3,2,5,2,37,63,6
298,16,632,46,100,54,12,22,41,47,6,12,22,41,50,9,0.002927260968719153,0.012832295176826986,49,74,25,2,4,3,2,6,95,41,17
299,6,107,29,77,48,17,17,28,28,0,6,7,29,32,3,0.00010211375472276115,0.00010211375472276115,28,28,0,5,4,4,11,2,33,58,68
300,7,213,36,95,59,10,18,32,37,5,7,18,36,46,10,0.00030634126416828345,0.012832295176826986,35,76,41,3,4,4,3,2,81,56,5
301,82,82,63,63,0,128,128,69,69,0,82,82,63,63,0,0.008509479560230097,0.008509479560230097,64,64,0,-1,3,3,8,7,30,48,80
302,0,616,1,100,99,0,66,1,43,42,0,66,1,56,55,0.0,0.01327478811395895,1,76,75,2,-1,3,6,0,51,86,5
303,150,150,85,85,0,150,150,85,85,0,150,150,89,89,0,0.017121072875182955,0.017121072875182955,81,81,0,-1,2,2,7,8,46,20,76
304,68,274,63,98,35,72,72,77,77,0,72,72,79,79,0,0.00976888253514415,0.01589570781850982,72,79,7,3,2,2,3,4,96,38,44
305,0,1640,1,100,99,0,82,1,34,33,0,48,1,48,47,0.0,0.007420266176520644,1,61,60,1,-1,2,16,0,4,96,64
306,213,213,93,93,0,48,48,64,64,0,48,48,66,66,0,0.030191633479696382,0.030191633479696382,90,90,0,-1,3,3,3,29,85,11,45
307,6,1646,30,100,70,42,104,35,59,24,6,104,30,76,46,0.0006467204465774873,0.024303073624017155,36,84,48,1,4,2,9,2,54,42,5
308,88,294,71,97,26,48,48,60,60,0,48,48,63,63,0,0.013002484768031588,0.030395860989141904,74,91,17,3,3,3,3,9,58,27,7
309,0,0,1,1,0,0,0,1,1,0,0,0,1,1,0,0.0,0.0,1,1,0,-1,-1,-1,7,0,24,91,59
310,282,382,95,99,4,342,342,95,95,0,282,282,95,95,0,0.024881718234112803,0.024983831988835564,89,89,0,4,2,2,16,20,9,23,58
311,46,662,48,100,52,154,174,63,66,3,46,131,48,76,28,0.0024507301133462676,0.016338200755641786,47,77,30,2,2,2,15,2,7,52,37
312,22,22,47,47,0,22,22,54,54,0,22,22,54,54,0,0.005207801490860819,0.005207801490860819,56,56,0,-1,3,3,2,3,99,29,66
313,0,616,1,100,99,0,40,1,44,43,0,40,1,51,50,0.0,0.009598692943939549,1,69,68,2,-1,3,5,0,37,81,33
314,0,0,1,1,0,0,0,1,1,0,0,0,1,1,0,0.0,0.0,1,1,0,-1,-1,-1,10,0,18,89,91
315,100,100,58,58,0,100,100,38,38,0,100,100,58,58,0,0.04894652643044351,0.06582933387794003,98,100,2,2,1,1,16,30,9,7,0
316,136,752,80,100,20,104,104,73,73,0,104,104,79,79,0,0.014806494434800367,0.020865243881684196,80,86,6,2,2,2,5,8,52,20,38
317,2,1642,27,100,73,6,52,29,74,45,2,52,27,75,48,0.0002042275094455223,0.043160080329487045,32,97,65,1,5,2,3,1,87,4,24
318,100,100,59,59,0,100,100,39,39,0,100,100,59,59,0,0.030566050580346504,0.03114469519044215,91,91,0,3,1,1,14,17,16,6,56
319,40,656,44,100,56,128,138,59,63,4,40,62,44,55,11,0.0019741992579733825,0.004322815616596889,43,54,11,2,2,2,14,1,8,71,75
320,6,108,29,76,47,36,36,33,33,0,6,9,29,35,6,0.0004765308553728854,0.0006467204465774873,35,38,3,4,4,4,8,2,39,42,56
321,0,616,1,100,99,0,62,1,42,41,0,62,1,57,56,0.0,0.021648116001225366,1,86,85,2,-1,3,7,0,24,89,11
322,0,616,1,99,98,0,49,1,32,31,0,18,1,39,38,0.0,0.001599782157323258,1,39,38,2,-1,3,17,1,20,69,74
323,32,648,40,100,60,100,150,40,62,22,32,114,40,75,35,0.00088498587426393,0.009973110044589673,36,63,27,2,3,3,15,2,7,63,17
324,0,206,1,88,87,0,46,1,34,33,0,28,1,42,41,0.0,0.0057524081827155455,1,56,55,3,-1,4,11,0,33,80,34
325,0,206,1,94,93,0,32,1,36,35,0,32,1,50,49,0.0,0.010824058000612683,1,72,71,3,-1,4,6,0,32,96,30
326,22,228,50,97,47,28,28,46,46,0,22,28,50,52,2,0.0034037918240920387,0.020899281799925118,51,85,34,3,3,3,3,2,81,75,9
327,80,286,71,97,26,32,32,58,58,0,32,32,59,59,0,0.009190237925048503,0.011845195547840293,65,74,9,3,3,3,2,9,68,31,90
328,281,487,97,100,3,256,256,96,96,0,256,256,96,96,0,0.025358249089485686,0.026923993328568024,87,87,0,3,2,2,10,20,1,23,94
329,106,722,78,100,22,72,72,77,77,0,72,72,77,77,0,0.014874570271282209,0.037475747983253344,78,95,17,2,2,2,3,8,64,20,1
330,80,696,64,100,36,106,106,71,71,0,80,106,64,75,11,0.006569318220497634,0.018278362095374246,60,82,22,2,2,2,7,6,43,28,37
331,0,206,1,92,91,0,18,1,33,32,0,6,1,30,29,0.0,0.0011913271384322134,1,39,38,3,-1,4,5,0,37,92,53
332,122,122,83,83,0,94,94,76,76,0,94,94,77,77,0,0.018993158378433576,0.018993158378433576,80,80,0,-1,2,2,5,9,70,39,92
333,136,136,79,79,0,152,152,76,76,0,136,136,80,80,0,0.01412573606998196,0.01412573606998196,78,78,0,-1,2,2,8,8,15,20,92
334,94,94,74,74,0,62,62,80,80,0,62,62,81,81,0,0.016712617856291908,0.016712617856291908,78,78,0,-1,2,2,3,15,94,19,99
335,26,626,48,100,52,56,56,46,46,0,26,56,48,57,9,0.004765308553728854,0.01501072194424589,55,78,23,2,3,3,6,6,74,73,37
336,82,288,73,98,25,32,32,58,58,0,32,32,60,60,0,0.012900371013308825,0.015725518227305217,76,79,3,3,3,3,2,8,91,20,90
337,520,1120,100,100,0,192,192,100,100,0,192,192,100,100,0,0.04748289594608394,0.0567752476258552,97,99,2,2,2,2,6,40,41,3,39
338,16,222,39,93,54,28,34,36,39,3,16,24,39,46,7,0.0004765308553728854,0.001055175465468532,35,40,5,3,3,3,6,1,69,4,63
339,0,616,1,100,99,0,28,1,42,41,0,28,1,48,47,0.0,0.01657646618332823,1,83,82,2,-1,3,3,0,66,93,16
340,100,100,69,69,0,100,100,66,66,0,100,100,72,72,0,0.04428333163143742,0.07154770414241465,94,100,6,2,1,1,6,18,44,30,3
341,166,782,85,100,15,198,198,83,83,0,166,198,86,90,4,0.01766567956703768,0.022124646856598252,80,86,6,2,2,2,10,9,0,39,72
342,104,104,75,75,0,104,104,80,80,0,104,104,81,81,0,0.00803294870485721,0.00803294870485721,66,66,0,-1,2,2,5,5,63,47,66
343,48,664,51,100,49,114,132,61,66,5,48,132,51,81,30,0.0024507301133462676,0.024098846114571634,44,86,42,2,3,3,12,3,2,54,0
344,100,100,61,61,0,100,100,44,44,0,100,100,61,61,0,0.049389019367575476,0.049389019367575476,98,98,0,-1,1,1,12,29,6,0,81
345,84,290,66,95,29,64,64,61,61,0,64,64,64,64,0,0.009564655025698629,0.010790020082371761,66,68,2,3,2,2,5,9,49,31,54
346,39,245,55,94,39,54,54,59,59,0,39,54,57,62,5,0.004629156880765172,0.008305252050784574,55,64,9,3,3,3,4,4,77,22,47
347,6,622,30,100,70,12,34,30,42,12,6,34,30,51,21,0.0004084550188910446,0.0088498587426393,33,68,35,2,4,3,4,1,83,88,21
348,194,194,90,90,0,132,132,98,98,0,132,132,98,98,0,0.020150447598624867,0.020150447598624867,81,81,0,-1,2,2,5,14,70,14,84
349,84,700,60,100,40,202,202,74,74,0,84,202,60,89,29,0.006126825283365669,0.02100139555464788,58,81,23,2,2,2,13,5,13,47,18
350,6,107,27,81,54,12,12,28,28,0,6,7,27,30,3,0.00034037918240920387,0.00037441710065012424,29,30,1,6,4,4,4,1,67,88,58
351,128,744,86,100,14,48,48,60,60,0,48,48,63,63,0,0.014704380680077607,0.025051907825317403,77,89,12,2,3,3,3,15,58,19,32
352,144,144,82,82,0,224,224,88,88,0,144,144,82,82,0,0.010075223799312433,0.010075223799312433,70,70,0,-1,2,2,11,7,33,21,50
353,240,856,93,100,7,160,160,86,86,0,160,160,88,88,0,0.018993158378433576,0.02365635317743967,83,84,1,2,2,2,7,18,24,5,72
354,0,616,1,100,99,0,52,1,41,40,0,52,1,54,53,0.0,0.016338200755641786,1,79,78,2,-1,3,7,1,62,45,16
355,70,670,60,100,40,86,86,63,63,0,70,86,63,66,3,0.005990673610401988,0.025324211171244768,56,88,32,2,3,3,6,6,56,26,16
356,100,100,62,62,0,100,100,48,48,0,100,100,62,62,0,0.06273188331801627,0.0629361108274618,99,99,0,4,1,1,10,40,11,3,55
357,111,111,80,80,0,182,182,70,70,0,111,111,80,80,0,0.007760645358929848,0.007760645358929848,62,62,0,-1,2,2,13,8,13,44,36
358,58,58,63,63,0,78,78,79,79,0,58,58,70,70,0,0.009836958371625992,0.009836958371625992,68,68,0,-1,2,2,4,6,72,73,50
359,100,100,63,63,0,100,100,47,47,0,100,100,63,63,0,0.025119983661799246,0.05851118145614214,86,100,14,1,1,1,10,9,22,31,0
360,108,314,84,100,16,32,32,70,70,0,32,32,70,70,0,0.015453214881377854,0.017801831240001363,78,80,2,3,3,3,2,14,95,14,73
361,76,177,61,87,26,124,124,76,76,0,76,77,61,62,1,0.008713707069675619,0.008713707069675619,64,64,0,5,3,3,9,7,26,21,95
362,2,2,26,26,0,17,17,26,26,0,2,2,26,26,0,6.807583648184077e-05,6.807583648184077e-05,26,26,0,-1,5,5,16,1,4,78,87
363,124,226,77,94,17,150,150,85,85,0,124,126,83,83,0,0.010415602981721638,0.010824058000612683,71,72,1,4,2,2,7,7,46,21,71
364,503,703,99,100,1,392,392,100,100,0,392,392,100,100,0,0.03703325504612138,0.03904149222233568,94,95,1,3,2,2,14,29,25,11,73
365,22,638,41,100,59,80,100,41,44,3,22,86,41,57,16,0.002382654276864427,0.011062323428299126,45,68,23,2,3,3,10,2,18,83,39
366,90,690,64,100,36,94,94,68,68,0,94,94,71,71,0,0.00891793457912114,0.013513053541645392,68,77,9,2,2,2,5,6,50,34,21
367,129,129,83,83,0,70,70,54,54,0,70,70,60,60,0,0.014602266925354846,0.014602266925354846,79,79,0,-1,3,3,5,15,61,19,81
368,90,90,61,61,0,112,112,70,70,0,90,90,62,62,0,0.006637394056979475,0.006637394056979475,59,59,0,-1,2,2,8,6,10,28,99
369,114,114,79,79,0,234,234,76,76,0,114,114,79,79,0,0.006501242384015794,0.006501242384015794,58,58,0,-1,2,2,16,6,4,28,92
370,0,206,1,96,95,0,12,1,34,33,0,12,1,42,41,0.0,0.01320671227747711,1,74,73,3,-1,4,2,0,86,87,12
371,182,798,88,100,12,242,242,80,80,0,182,242,88,92,4,0.010790020082371761,0.015521290717859695,68,73,5,2,2,2,14,9,8,31,35
372,133,749,88,100,12,54,54,59,59,0,54,54,63,63,0,0.016304162837400864,0.022601177711971135,82,85,3,2,3,3,4,18,77,5,57
373,0,1640,1,100,99,0,74,1,43,42,0,74,1,55,54,0.0,0.01861874127778345,1,79,78,1,-1,2,8,0,27,93,31
374,6,107,33,83,50,24,24,38,38,0,6,7,33,36,3,0.001055175465468532,0.0011232513019503727,40,40,0,6,4,4,4,1,73,71,78
375,176,276,88,94,6,248,248,93,93,0,176,176,88,88,0,0.017427414139351238,0.01756356581231492,79,79,0,4,2,2,11,9,19,39,4
376,42,42,51,51,0,108,108,58,58,0,40,40,50,50,0,0.003437829742332959,0.003437829742332959,48,48,0,-1,3,3,13,6,13,41,86
377,22,124,51,86,35,34,34,47,47,0,22,24,51,53,2,0.003369753905851118,0.0036760951700194017,51,52,1,4,3,3,4,2,77,83,88
378,108,314,77,96,19,146,146,75,75,0,108,116,77,77,0,0.007522379931243405,0.008271214132543654,61,64,3,3,2,2,8,6,15,28,51
379,6,108,29,75,46,13,14,29,31,2,6,8,29,35,6,0.0002723033459273631,0.0004084550188910446,33,35,2,4,4,4,5,1,61,55,65
380,16,16,40,40,0,70,70,62,62,0,16,16,40,40,0,0.0020763130126961434,0.0020763130126961434,46,46,0,-1,3,3,5,1,45,53,67
381,2,618,26,100,74,17,70,26,32,6,2,39,26,46,20,6.807583648184077e-05,0.0040845501889104465,26,52,26,2,5,3,16,1,4,78,35
382,297,297,99,99,0,72,72,84,84,0,72,72,84,84,0,0.044623710813846626,0.044623710813846626,96,96,0,-1,2,2,3,40,85,3,79
383,315,315,100,100,0,56,56,80,80,0,56,56,81,81,0,0.04632560672589264,0.04632560672589264,98,98,0,-1,2,2,2,40,91,3,96
384,0,0,1,1,0,0,0,1,1,0,0,0,1,1,0,0.0,0.0,1,1,0,-1,-1,-1,3,0,92,67,87
385,86,286,67,95,28,86,86,62,62,0,86,86,68,68,0,0.006569318220497634,0.012696143503863304,59,76,17,3,3,3,6,6,32,13,8
386,57,673,67,100,33,38,38,52,52,0,38,38,55,55,0,0.007147962830593281,0.018754892950747133,65,82,17,2,3,3,3,8,66,44,5
387,0,206,1,94,93,0,12,1,39,38,0,12,1,41,40,0.0,0.00707988699411144,1,66,65,3,-1,4,2,0,90,87,27
388,6,6,29,29,0,15,15,29,29,0,6,6,29,29,0,0.00017018959120460194,0.00017018959120460194,31,31,0,-1,4,4,6,1,59,55,69
389,16,222,43,93,50,28,28,44,44,0,16,28,43,50,7,0.0026549576227917903,0.003812246842983083,47,48,1,3,3,3,3,1,92,53,64
390,22,124,46,85,39,22,22,42,42,0,22,22,45,45,0,0.0030974505599237552,0.004118588107151367,49,51,2,4,3,3,2,2,91,75,64
391,22,228,48,91,43,34,34,43,43,0,22,34,48,51,3,0.002314578440382586,0.01065386840940808,48,70,22,3,3,3,4,2,83,75,39
392,0,0,1,1,0,0,0,1,1,0,0,0,1,1,0,0.0,0.0,1,1,0,-1,-1,-1,8,0,57,92,84
393,100,100,64,64,0,100,100,59,59,0,100,100,64,64,0,0.03880322679464924,0.045304469178665034,94,97,3,2,1,1,6,8,40,20,57
394,91,707,68,100,32,80,90,65,70,5,80,90,68,72,4,0.009054086252084823,0.03744171006501242,67,95,28,2,2,2,6,8,69,44,2
395,0,616,1,100,99,0,54,1,37,36,0,34,1,45,44,0.0,0.006262976956329351,1,58,57,2,-1,3,8,0,27,85,38
396,122,738,81,100,19,78,78,73,73,0,78,78,73,73,0,0.018176248340651485,0.04731270635487934,84,95,11,2,2,2,4,9,79,39,2
397,58,658,60,100,40,22,22,42,42,0,22,22,45,45,0,0.008679669151434699,0.014772456516559448,66,78,12,2,3,3,2,6,91,34,21
398,12,1652,33,100,67,52,122,35,61,26,12,122,33,78,45,0.0004084550188910446,0.021716191837707205,35,81,46,1,4,2,12,2,2,63,18
399,0,102,1,79,78,0,8,1,26,25,0,2,1,24,23,0.0,0.0024507301133462676,1,42,41,4,-1,5,4,0,67,87,90
400,8,214,37,92,55,24,24,37,37,0,8,15,37,42,5,0.001055175465468532,0.0030293747234419145,39,48,9,3,4,4,4,2,77,74,75
401,68,68,65,65,0,34,34,47,47,0,34,34,55,55,0,0.007726607440688927,0.007726607440688927,64,64,0,-1,3,3,4,7,77,48,40
402,150,150,83,83,0,232,232,80,80,0,150,150,83,83,0,0.014432077334150244,0.014432077334150244,74,74,0,-1,2,2,14,8,17,20,84
403,32,134,47,78,31,94,94,48,48,0,32,36,47,49,2,0.0020082371762143027,0.002382654276864427,46,48,2,4,3,3,9,2,28,52,63
404,132,132,89,89,0,96,96,90,90,0,96,96,90,90,0,0.02032063718982947,0.02032063718982947,84,84,0,-1,2,2,3,13,75,33,45
405,16,1656,31,100,69,74,148,35,64,29,16,140,31,82,51,0.00037441710065012424,0.016882807447496512,35,75,40,1,3,2,14,1,25,49,32
406,100,100,71,71,0,100,100,80,80,0,100,100,81,81,0,0.07518976139419313,0.07518976139419313,100,100,0,-1,1,1,5,40,49,3,45
407,22,228,47,94,47,28,28,45,45,0,22,28,47,49,2,0.0025188059498281084,0.009326389598012186,46,65,19,3,3,3,3,3,58,51,25
408,335,541,96,100,4,104,104,88,88,0,104,104,88,88,0,0.04183260151809115,0.045304469178665034,96,97,1,3,2,2,5,40,88,3,47
409,0,101,1,76,75,0,9,1,25,24,0,1,1,25,24,0.0,3.4037918240920386e-05,1,26,25,6,-1,7,9,1,35,69,58
410,0,102,1,79,78,0,14,1,28,27,0,2,1,28,27,0.0,0.0006126825283365669,1,35,34,4,-1,5,9,0,26,97,71
411,2,104,28,82,54,3,3,28,28,0,2,3,28,31,3,0.00013615167296368154,0.0017018959120460194,30,42,12,4,5,5,2,1,95,60,83
412,7,109,36,81,45,10,10,32,32,0,7,9,36,37,1,0.00030634126416828345,0.0004765308553728854,35,36,1,4,4,4,3,2,81,56,60
413,50,666,64,100,36,28,38,46,60,14,28,38,53,62,9,0.005820484019197386,0.017937982912965042,60,77,17,2,3,3,3,5,81,47,19
414,78,180,58,88,30,122,122,72,72,0,78,80,58,58,0,0.00793083495013445,0.00796487286837537,62,62,0,4,2,2,8,4,10,38,4
415,16,222,45,93,48,38,38,57,57,0,16,38,44,59,15,0.0045270431260424114,0.009973110044589673,54,66,12,3,3,3,3,1,85,90,31
416,0,206,1,90,89,0,25,1,29,28,0,6,1,28,27,0.0,0.0005446066918547262,1,36,35,3,-1,4,10,0,1,81,42
417,0,206,1,96,95,0,18,1,35,34,0,18,1,43,42,0.0,0.013104598522754349,1,77,76,3,-1,4,3,0,75,67,15
418,264,264,96,96,0,112,112,99,99,0,112,112,99,99,0,0.03594404166241193,0.03594404166241193,93,93,0,-1,2,2,4,22,67,9,87
419,426,426,99,99,0,152,152,96,96,0,152,152,96,96,0,0.05071649817897137,0.05071649817897137,99,99,0,-1,2,2,5,36,61,2,40
420,102,702,76,100,24,128,128,67,67,0,102,128,76,78,2,0.012083460975526737,0.03778208924742163,72,94,22,2,3,3,8,8,15,17,3
421,94,710,69,100,31,94,94,70,70,0,94,94,72,72,0,0.007011811157629599,0.019912182170938427,62,86,24,2,2,2,5,6,37,26,39
422,16,16,35,35,0,72,72,45,45,0,16,16,35,35,0,0.0014295925661186562,0.0014295925661186562,42,42,0,-1,3,3,7,1,24,71,84
423,190,396,87,98,11,324,324,90,90,0,190,202,87,88,1,0.01783586915824228,0.019810068416215663,80,81,1,3,2,2,17,9,20,39,75
424,0,1640,1,100,99,0,150,1,69,68,0,150,1,85,84,0.0,0.04156029817216379,1,96,95,1,-1,2,11,0,38,40,2
425,204,820,91,100,9,162,182,86,86,0,162,182,89,90,1,0.018754892950747133,0.02831954797644576,82,87,5,2,2,2,9,16,31,12,8
426,0,102,1,76,75,0,12,1,27,26,0,2,1,26,25,0.0,0.00030634126416828345,1,32,31,4,-1,5,8,0,39,99,49
427,104,104,82,82,0,112,112,95,95,0,112,112,95,95,0,0.021035433472888797,0.021035433472888797,84,84,0,-1,2,2,4,5,73,25,80
428,0,616,1,100,99,0,50,1,45,44,0,50,1,56,55,0.0,0.015112835698968652,1,79,78,2,-1,3,5,0,80,59,5
429,152,152,83,83,0,222,222,92,92,0,152,152,84,84,0,0.008543517478471017,0.008543517478471017,64,64,0,-1,2,2,10,5,0,47,36
430,90,706,74,100,26,56,56,76,76,0,56,56,77,77,0,0.014023622315259198,0.03553558664352088,78,95,17,2,2,2,2,7,68,21,10
431,100,100,73,73,0,100,100,96,96,0,100,100,96,96,0,0.08243983797950917,0.08254195173423193,100,100,0,5,1,1,3,29,64,11,55
432,88,294,65,94,29,110,110,77,77,0,88,94,65,67,2,0.009020048333843901,0.011062323428299126,66,72,6,3,2,2,6,4,44,38,46
433,40,656,47,100,53,186,186,66,66,0,40,66,47,53,6,0.0025188059498281084,0.004935498144933456,45,55,10,2,2,2,16,1,4,53,41
434,100,100,61,61,0,100,100,44,44,0,100,100,61,61,0,0.04687021341774737,0.055209503386772864,96,99,3,2,1,1,12,27,6,10,8
435,0,616,1,100,99,0,50,1,36,35,0,31,1,50,49,0.0,0.004595118962524252,1,53,52,2,-1,3,8,0,30,79,28
436,18,18,47,47,0,18,18,38,38,0,18,18,47,47,0,0.0032336022328874367,0.0032336022328874367,50,50,0,-1,4,4,3,6,81,70,76
437,0,102,1,73,72,0,13,1,25,24,0,2,1,25,24,0.0,0.0,1,1,0,4,-1,5,12,0,2,99,68
438,97,697,72,100,28,72,72,77,77,0,72,72,77,77,0,0.011300588855985567,0.021614078082984444,72,86,14,2,2,2,3,8,64,57,17
439,18,18,42,42,0,68,68,41,41,0,18,18,42,42,0,0.001497668402600497,0.001497668402600497,42,42,0,-1,3,3,8,2,30,61,82
440,0,0,1,1,0,0,0,1,1,0,0,0,1,1,0,0.0,0.0,1,1,0,-1,-1,-1,3,0,92,85,59
441,194,810,93,100,7,112,112,96,96,0,112,112,96,96,0,0.026175159127267776,0.03247217400183805,87,92,5,2,2,2,4,16,72,12,73
442,186,392,92,97,5,120,120,87,87,0,120,120,89,89,0,0.01943565131556554,0.025222097416522007,86,87,1,3,2,2,6,18,32,5,44
443,0,616,1,100,99,0,94,1,48,47,0,94,1,68,67,0.0,0.01943565131556554,1,82,81,2,-1,3,9,0,31,86,9
444,0,1640,1,100,99,0,106,1,54,53,0,53,1,52,51,0.0,0.009598692943939549,1,67,66,1,-1,2,14,1,16,50,22
445,0,102,1,84,83,0,4,1,28,27,0,2,1,26,25,0.0,0.0006807583648184077,1,37,36,4,-1,5,2,0,98,99,71
446,126,742,84,100,16,118,118,93,93,0,118,118,93,93,0,0.015555328636100617,0.0230436706491031,79,84,5,2,2,2,5,7,49,48,34
447,100,100,65,65,0,100,100,47,47,0,100,100,65,65,0,0.059498281085128835,0.059498281085128835,99,99,0,-1,1,1,11,40,38,3,66
448,70,670,59,100,41,128,128,67,67,0,70,128,59,78,19,0.006501242384015794,0.010483678818203479,59,70,11,2,3,3,8,6,15,26,34
449,100,100,63,63,0,100,100,47,47,0,100,100,63,63,0,0.029306647605432452,0.029306647605432452,91,91,0,-1,1,1,10,14,22,14,91
450,58,159,72,93,21,22,22,55,55,0,22,22,57,57,0,0.006943735321147759,0.007113924912352361,63,64,1,5,3,3,2,13,97,24,65
451,214,214,93,93,0,150,150,85,85,0,150,150,89,89,0,0.025766704108376733,0.025766704108376733,89,89,0,-1,2,2,7,15,46,16,69
452,188,804,87,100,13,166,166,83,83,0,166,166,88,88,0,0.011164437183021887,0.025970931617822254,73,87,14,2,2,2,8,13,42,24,15
453,0,101,1,75,74,0,12,1,25,24,0,1,1,25,24,0.0,0.0002042275094455223,1,30,29,5,-1,6,12,1,14,50,55
454,100,100,67,67,0,100,100,55,55,0,100,100,67,67,0,0.05670717178937336,0.09891419040811464,99,100,1,1,1,1,9,29,23,1,2
455,6,206,32,93,61,10,10,32,32,0,6,6,32,32,0,0.00037441710065012424,0.0023486163586235067,33,44,11,3,4,4,3,1,58,88,46
456,218,834,90,100,10,182,182,88,88,0,182,182,92,92,0,0.023486163586235065,0.025494400762449368,85,88,3,2,2,2,9,16,29,18,55
457,272,888,94,100,6,212,222,90,90,0,212,222,93,93,0,0.021818305592429966,0.030532012662105586,84,89,5,2,2,2,10,16,18,12,17
458,16,16,33,33,0,66,66,36,36,0,16,16,33,33,0,0.001157289220191293,0.001157289220191293,38,38,0,-1,3,3,10,1,0,71,50
459,46,46,49,49,0,98,98,42,42,0,46,46,49,49,0,0.002552843868069029,0.002552843868069029,46,46,0,-1,2,2,12,3,2,51,86
460,2,208,26,87,61,17,66,27,34,7,2,28,26,39,13,6.807583648184077e-05,0.0048674223084516155,27,52,25,3,5,4,15,2,7,58,35
461,16,222,33,91,58,30,35,32,33,1,16,24,33,43,10,0.00030634126416828345,0.0008169100377820892,31,38,7,3,3,3,9,1,31,60,63
462,100,100,81,81,0,100,100,96,96,0,100,100,96,96,0,0.053473569556485925,0.08574151604887845,99,100,1,1,1,1,3,3,92,46,45
463,1,207,26,92,66,5,26,26,36,10,1,26,26,49,23,0.0,0.011947309302563056,1,72,71,3,6,4,5,1,70,78,6
464,112,112,76,76,0,144,144,89,89,0,112,112,83,83,0,0.009836958371625992,0.009836958371625992,68,68,0,-1,2,2,6,4,40,72,45
465,6,212,34,96,62,12,12,39,39,0,6,12,34,44,10,0.00030634126416828345,0.007590455767725246,34,65,31,3,4,4,2,1,93,4,27
466,292,292,96,96,0,256,256,94,94,0,256,256,96,96,0,0.022396950202525613,0.022396950202525613,83,83,0,-1,2,2,10,16,11,12,84
467,35,651,52,100,48,38,38,51,51,0,38,38,54,54,0,0.005207801490860819,0.03274447734776541,53,94,41,2,3,3,3,6,94,73,3
468,292,892,94,100,6,240,240,96,96,0,240,240,96,96,0,0.030600088498587426,0.045644848361074235,90,97,7,2,2,2,9,15,54,16,6
469,6,622,30,100,70,14,36,31,37,6,6,36,30,51,21,0.0002723033459273631,0.012559991830899623,31,74,43,2,4,3,5,1,63,65,6
470,0,0,1,1,0,0,0,1,1,0,0,0,1,1,0,0.0,0.0,1,1,0,-1,-1,-1,8,0,39,99,96
471,0,102,1,82,81,0,4,1,26,25,0,4,1,29,28,0.0,0.001497668402600497,1,40,39,4,-1,5,2,0,91,66,83
472,455,455,99,99,0,256,256,100,100,0,256,256,100,100,0,0.04326219408420981,0.04326219408420981,96,96,0,-1,2,2,7,29,43,11,85
473,264,264,96,96,0,112,112,93,93,0,112,112,93,93,0,0.03264236359304265,0.03264236359304265,92,92,0,-1,2,2,4,22,47,9,93
474,174,790,86,100,14,164,184,69,77,8,174,184,87,89,2,0.009156200006807584,0.024983831988835564,66,87,21,2,2,2,10,13,0,24,16
475,100,100,65,65,0,100,100,47,47,0,100,100,65,65,0,0.059498281085128835,0.06024711528642908,99,99,0,3,1,1,11,40,38,3,64
476,2,104,29,83,54,6,6,29,29,0,2,6,29,32,3,0.00010211375472276115,0.0009870996289866913,30,39,9,4,5,5,3,1,75,65,51
477,0,206,1,94,93,0,32,1,36,35,0,18,1,43,42,0.0,0.0037441710065012424,1,52,51,3,-1,4,6,0,32,98,26
478,22,638,51,100,49,34,54,47,59,12,22,54,51,61,10,0.0022465026039007454,0.03213179481942884,48,91,43,2,3,3,4,2,78,75,3
479,32,648,43,100,57,154,194,65,73,8,32,194,43,86,43,0.004288777698355968,0.025119983661799246,54,87,33,2,3,3,14,3,17,29,9
480,0,102,1,79,78,0,5,1,24,23,0,2,1,24,23,0.0,0.0002042275094455223,1,27,26,4,-1,5,4,0,67,87,88
481,0,101,1,77,76,0,5,1,25,24,0,1,1,25,24,0.0,6.807583648184077e-05,1,27,26,5,-1,6,5,0,37,76,95
482,0,206,1,91,90,0,32,1,33,32,0,8,1,35,34,0.0,0.0029612988869600733,1,49,48,3,-1,4,6,1,44,45,29
483,22,228,42,87,45,50,50,36,36,0,22,29,42,43,1,0.0013955546478777359,0.0025188059498281084,38,43,5,3,3,3,8,3,27,51,61
484,334,540,100,100,0,80,80,96,96,0,80,80,96,96,0,0.05745600599067361,0.06201708703495694,98,98,0,3,2,2,2,36,86,2,62
485,244,244,89,89,0,176,176,88,88,0,176,176,88,88,0,0.021239660982334322,0.021239660982334322,83,83,0,-1,2,2,8,17,27,6,97
486,20,20,46,46,0,44,44,48,48,0,20,20,46,46,0,0.0018380475850097008,0.0018380475850097008,45,45,0,-1,3,3,4,3,47,43,98
487,0,616,1,99,98,0,76,1,40,39,0,42,1,52,51,0.0,0.006943735321147759,1,59,58,2,-1,3,11,0,19,93,77
488,96,96,65,65,0,134,134,77,77,0,96,96,65,65,0,0.008169100377820893,0.008169100377820893,65,65,0,-1,3,3,9,7,23,21,89
489,0,616,1,100,99,0,48,1,35,34,0,30,1,46,45,0.0,0.0061949011198475104,1,56,55,2,-1,3,9,0,35,40,34
490,16,632,35,100,65,90,118,38,60,22,16,48,35,52,17,0.0011232513019503727,0.00527587732734266,36,54,18,2,3,3,13,2,13,42,75
491,100,100,79,79,0,100,100,95,95,0,100,100,95,95,0,0.08502671976581912,0.08502671976581912,99,99,0,-1,1,1,3,27,75,10,50
492,100,100,78,78,0,100,100,97,97,0,100,100,97,97,0,0.09397869226318119,0.10541543279213043,100,100,0,3,1,1,3,30,96,7,30
493,100,100,58,58,0,100,100,38,38,0,100,100,58,58,0,0.011334626774226489,0.013002484768031588,64,70,6,3,1,1,16,2,9,61,54
494,121,737,79,100,21,178,188,78,82,4,121,137,79,80,1,0.00793083495013445,0.011709043874876613,64,72,8,2,2,2,10,8,12,57,90
495,160,760,86,100,14,86,86,65,65,0,86,86,68,68,0,0.016133973246196264,0.0348888661969434,79,95,16,2,3,3,6,15,71,19,11
496,22,22,41,41,0,62,62,37,37,0,22,22,41,41,0,0.0012253650566731338,0.0012253650566731338,41,41,0,-1,3,3,10,3,18,51,79
497,2,2,26,26,0,9,9,26,26,0,2,2,26,26,0,3.4037918240920386e-05,3.4037918240920386e-05,26,26,0,-1,5,5,8,1,30,78,66
498,126,326,85,100,15,48,48,72,72,0,48,48,74,74,0,0.018312400013615168,0.02205657102011641,85,85,0,3,3,3,3,17,60,6,77
499,0,616,1,99,98,0,76,1,40,39,0,31,1,46,45,0.0,0.006126825283365669,1,59,58,2,-1,3,11,0,19,92,25
500,20,121,48,82,34,30,30,44,44,0,20,21,48,48,0,0.0014295925661186562,0.0015317063208414173,41,42,1,5,3,3,4,3,84,43,95
501,0,102,1,81,80,0,6,1,28,27,0,2,1,27,26,0.0,0.0002723033459273631,1,33,32,4,-1,5,4,0,73,36,49
502,116,218,80,92,12,250,250,79,79,0,116,118,80,80,0,0.009462541270975866,0.009598692943939549,66,66,0,4,2,2,16,7,4,48,65
503,0,616,1,100,99,0,94,1,44,43,0,94,1,59,58,0.0,0.03012355764321454,1,91,90,2,-1,3,9,0,29,86,2
504,104,310,82,98,16,38,38,55,55,0,38,38,58,58,0,0.011334626774226489,0.013036522686272508,73,76,3,3,3,3,3,14,76,32,46
505,0,616,1,100,99,0,22,1,41,40,0,22,1,44,43,0.0,0.023350011913271386,1,89,88,2,-1,3,2,0,68,99,1
506,120,120,79,79,0,120,120,79,79,0,120,120,81,81,0,0.008611593314952858,0.008611593314952858,65,65,0,-1,2,2,6,6,44,13,97
507,18,18,43,43,0,50,50,45,45,0,18,18,43,43,0,0.0019061234214915416,0.0019061234214915416,44,44,0,-1,3,3,5,2,45,61,69
508,6,6,28,28,0,13,13,28,28,0,6,6,28,28,0,0.00017018959120460194,0.00017018959120460194,32,32,0,-1,4,4,5,1,50,55,59
509,174,790,86,100,14,232,232,94,94,0,174,232,87,94,7,0.014432077334150244,0.019061234214915415,78,84,6,2,2,2,10,8,0,17,26
510,62,164,56,86,30,128,128,67,67,0,62,64,56,56,0,0.004016474352428605,0.004322815616596889,52,53,1,4,2,2,9,6,28,70,88
511,81,287,76,100,24,56,56,82,82,0,56,56,82,82,0,0.013002484768031588,0.018040096667687803,75,81,6,3,2,2,2,8,89,44,34
512,58,264,65,95,30,38,38,51,51,0,38,38,54,54,0,0.00888389666088022,0.01242384015793594,70,76,6,3,3,3,3,7,82,48,41
513,212,313,94,98,4,136,136,99,99,0,136,136,99,99,0,0.03192756730998332,0.031995643146465164,91,91,0,5,2,2,4,18,78,30,55
514,6,6,30,30,0,38,38,34,34,0,6,6,30,30,0,0.0002723033459273631,0.0002723033459273631,33,33,0,-1,4,4,9,1,35,88,79
515,300,500,96,100,4,96,96,64,64,0,96,96,73,73,0,0.03213179481942884,0.03866707512168556,92,95,3,3,3,3,6,29,51,11,14
516,0,102,1,83,82,0,3,1,27,26,0,2,1,27,26,0.0,0.0002042275094455223,1,30,29,4,-1,5,2,0,89,91,49
517,6,1646,29,100,71,35,154,31,62,31,6,154,29,80,51,0.00017018959120460194,0.021682153919466287,30,85,55,1,4,2,15,1,7,60,16
518,0,0,1,1,0,0,0,1,1,0,0,0,1,1,0,0.0,0.0,1,1,0,-1,-1,-1,3,0,75,59,67
519,16,632,48,100,52,12,22,35,51,16,12,22,42,54,12,0.0028591851322373124,0.009870996289866912,51,70,19,2,4,3,2,6,98,41,94
520,60,676,65,100,35,34,54,44,61,17,34,54,55,67,12,0.00704584907587052,0.04309200449300521,64,96,32,2,3,3,4,9,72,31,2
521,100,100,62,62,0,100,100,45,45,0,100,100,62,62,0,0.04915075393988903,0.058443105619660304,99,100,1,2,1,1,12,29,3,11,30
522,70,70,61,61,0,110,110,58,58,0,64,64,58,58,0,0.005241839409101739,0.005241839409101739,55,55,0,-1,2,2,10,6,12,41,84
523,6,6,33,33,0,38,38,34,34,0,6,6,33,33,0,0.00088498587426393,0.00088498587426393,38,38,0,-1,4,4,9,1,26,71,36
524,0,616,1,100,99,0,29,1,34,33,0,16,1,35,34,0.0,0.004493005207801491,1,50,49,2,-1,3,6,0,56,59,90
525,2,618,26,100,74,10,80,26,44,18,2,80,26,58,32,0.0,0.01501072194424589,1,77,76,2,5,3,9,1,28,68,19
526,62,62,58,58,0,90,90,63,63,0,62,62,59,59,0,0.006399128629293032,0.006399128629293032,59,59,0,-1,2,2,6,3,65,54,69
527,38,38,50,50,0,120,120,62,62,0,38,38,50,50,0,0.003267640151128357,0.003267640151128357,49,49,0,-1,3,3,10,6,18,70,92
528,84,290,63,94,31,154,154,75,75,0,84,154,63,82,19,0.006092787365124749,0.014364001497668403,58,75,17,3,2,2,10,6,12,28,14
529,100,100,71,71,0,100,100,80,80,0,100,100,81,81,0,0.031621226045815035,0.031621226045815035,90,90,0,-1,1,1,5,2,49,61,99
530,0,206,1,92,91,0,10,1,31,30,0,8,1,36,35,0.0,0.002280540522141666,1,43,42,3,-1,4,3,0,85,93,75
531,12,12,33,33,0,52,52,37,37,0,12,12,33,33,0,0.0008509479560230097,0.0008509479560230097,38,38,0,-1,4,4,10,2,12,74,76
532,100,100,63,63,0,100,100,45,45,0,100,100,63,63,0,0.05000170189591205,0.05020592940535757,97,97,0,3,1,1,11,29,19,1,63
533,24,640,50,100,50,20,20,42,42,0,24,20,51,47,-4,0.00176997174852786,0.007862759113652609,42,61,19,2,3,3,3,3,55,54,47
534,16,632,32,99,67,110,142,56,62,6,16,66,32,53,21,0.0008169100377820892,0.006841621566424997,39,56,17,2,3,3,17,1,20,71,26
535,100,100,62,62,0,100,100,43,43,0,100,100,62,62,0,0.037475747983253344,0.039143605977058446,93,93,0,2,1,1,12,19,14,15,61
536,372,472,100,100,0,96,96,87,87,0,96,96,87,87,0,0.05262262160046292,0.05269069743694476,97,97,0,5,2,2,3,36,87,2,65
537,1,1,26,26,0,8,8,26,26,0,1,1,26,26,0,3.4037918240920386e-05,3.4037918240920386e-05,26,26,0,-1,6,6,8,2,21,58,79
538,0,616,1,100,99,0,52,1,46,45,0,41,1,55,54,0.0,0.007556417849484326,1,63,62,2,-1,3,6,0,32,96,25
539,34,240,46,94,48,44,44,44,44,0,34,44,46,49,3,0.0033357159876101976,0.005105687736138058,45,50,5,3,3,3,4,3,67,54,75
540,94,710,58,100,42,180,180,71,71,0,94,110,58,70,12,0.007318152421797883,0.008271214132543654,58,59,1,2,2,2,11,6,5,26,4
541,234,234,91,91,0,120,120,77,77,0,120,120,84,84,0,0.019571802988529223,0.019571802988529223,83,83,0,-1,2,2,6,16,40,12,66
542,40,40,47,47,0,52,52,35,35,0,40,40,47,47,0,0.0026549576227917903,0.0026549576227917903,44,44,0,-1,2,2,9,1,29,55,91
543,86,292,62,95,33,216,216,82,82,0,86,94,62,63,1,0.004561081044283332,0.006297014874570271,53,59,6,3,2,2,13,6,13,70,83
544,101,717,76,100,24,164,174,77,83,6,101,174,76,89,13,0.008271214132543654,0.013887470642295518,64,79,15,2,2,2,10,8,36,57,34
545,267,473,94,99,5,200,200,94,94,0,200,200,94,94,0,0.0298852922155281,0.030463936825623743,87,87,0,3,2,2,8,15,57,16,71
546,0,0,1,1,0,0,0,1,1,0,0,0,1,1,0,0.0,0.0,1,1,0,-1,-1,-1,2,0,97,89,98
547,2,103,27,82,55,5,5,28,28,0,2,3,27,30,3,3.4037918240920386e-05,6.807583648184077e-05,26,28,2,5,5,5,3,1,66,95,78
548,6,212,30,92,62,19,24,30,32,2,6,12,30,36,6,0.00017018959120460194,0.0007147962830593281,30,37,7,3,4,4,8,1,21,65,49
549,28,644,51,100,49,50,50,49,49,0,28,50,51,54,3,0.002586881786309949,0.008509479560230097,48,65,17,2,3,3,5,3,61,54,72
550,12,628,37,100,63,20,34,32,39,7,12,34,37,49,12,0.0010211375472276116,0.00789679703189353,40,62,22,2,4,3,6,3,69,51,31
551,92,298,71,95,24,84,84,77,77,0,84,84,78,78,0,0.011028285510058205,0.012628067667381462,71,72,1,3,2,2,5,7,88,48,75
552,80,80,61,61,0,106,106,74,74,0,80,80,63,63,0,0.00707988699411144,0.00707988699411144,62,62,0,-1,2,2,7,6,62,28,36
553,6,1646,29,100,71,31,134,32,60,28,6,134,29,77,48,0.0002042275094455223,0.02413288403281255,32,87,55,1,4,2,10,1,0,55,5
554,144,350,81,96,15,208,208,85,85,0,144,152,81,83,2,0.011130399264780965,0.012764219340345145,69,72,3,3,2,2,10,7,18,21,83
555,90,296,74,98,24,28,28,48,48,0,28,28,54,54,0,0.010755982164130842,0.01950372715204738,70,85,15,3,3,3,3,14,55,32,14
556,16,632,34,99,65,102,122,57,61,4,16,69,34,55,21,0.001497668402600497,0.006977773239388679,40,59,19,2,3,3,12,1,6,71,57
557,0,616,1,99,98,0,40,1,33,32,0,28,1,45,44,0.0,0.0035739814152966403,1,50,49,2,-1,3,11,1,19,50,35
558,0,0,1,1,0,0,0,1,1,0,0,0,1,1,0,0.0,0.0,1,1,0,-1,-1,-1,10,0,0,99,66
559,44,250,53,94,41,50,50,48,48,0,44,50,53,56,3,0.005956635692161067,0.00789679703189353,59,62,3,3,3,3,5,4,49,38,46
560,38,654,50,100,50,120,120,62,62,0,38,120,50,77,27,0.003267640151128357,0.02559651451717213,49,88,39,2,3,3,10,6,18,70,11
561,260,260,96,96,0,168,168,97,97,0,168,168,97,97,0,0.02641342455495422,0.02641342455495422,90,90,0,-1,2,2,6,19,59,15,81
562,6,108,29,73,44,29,29,33,33,0,6,8,29,34,5,0.00017018959120460194,0.00030634126416828345,33,35,2,4,4,4,9,1,28,55,4
563,464,1064,100,100,0,400,400,100,100,0,400,400,100,100,0,0.03352734946730658,0.04496408999625583,94,96,2,2,2,2,16,29,9,0,16
564,324,530,98,100,2,144,144,91,91,0,144,144,91,91,0,0.036590762108989414,0.03791824092038531,95,95,0,3,2,2,6,27,74,10,64
565,28,129,51,85,34,28,28,46,46,0,28,28,51,51,0,0.0026549576227917903,0.002723033459273631,48,48,0,5,3,3,3,3,85,54,65
566,0,0,1,1,0,0,0,1,1,0,0,0,1,1,0,0.0,0.0,1,1,0,-1,-1,-1,10,0,1,67,93
567,0,0,1,1,0,0,0,1,1,0,0,0,1,1,0,0.0,0.0,1,1,0,-1,-1,-1,4,1,72,45,92
568,0,102,1,82,81,0,4,1,29,28,0,4,1,31,30,0.0,0.0009190237925048504,1,38,37,4,-1,5,2,0,68,81,64
569,0,0,1,1,0,0,0,1,1,0,0,0,1,1,0,0.0,0.0,1,1,0,-1,-1,-1,3,0,76,92,81
570,104,104,78,78,0,70,70,63,63,0,70,70,66,66,0,0.013819394805813677,0.013819394805813677,75,75,0,-1,3,3,5,13,49,33,89
571,0,616,1,100,99,0,74,1,35,34,0,34,1,47,46,0.0,0.005718370264474625,1,55,54,2,-1,3,12,0,3,80,62
572,190,806,85,100,15,214,224,84,86,2,190,208,85,85,0,0.014568229007113924,0.016610504101569147,71,74,3,2,2,2,12,8,2,8,74
573,166,1806,86,100,14,194,228,83,88,5,166,228,86,90,4,0.013853432724054596,0.036965179209639536,73,93,20,1,2,2,11,8,33,8,16
574,135,335,81,98,17,178,178,82,82,0,135,137,81,82,1,0.008713707069675619,0.009088124170325743,66,68,2,3,2,2,10,8,1,57,74
575,191,807,91,100,9,88,88,82,82,0,88,88,82,82,0,0.027162258756254467,0.0402328193607679,89,94,5,2,2,2,4,15,78,16,19
576,0,616,1,100,99,0,50,1,35,34,0,50,1,50,49,0.0,0.011164437183021887,1,68,67,2,-1,3,8,0,27,98,37
577,38,38,53,53,0,88,88,52,52,0,38,38,53,53,0,0.0028932230504782326,0.0028932230504782326,50,50,0,-1,3,3,8,6,21,70,96
578,100,100,74,74,0,100,100,87,87,0,100,100,87,87,0,0.07525783723067497,0.07903604615541714,100,100,0,3,1,1,4,30,47,7,62
579,14,220,40,94,54,14,14,34,34,0,14,14,40,40,0,0.0010211375472276116,0.004595118962524252,40,54,14,3,4,4,3,4,55,64,13
580,102,1742,74,100,26,192,216,72,79,7,102,216,74,91,17,0.008271214132543654,0.036454610436025735,65,92,27,1,3,2,12,7,6,48,10
581,198,814,88,100,12,120,120,85,85,0,120,120,87,87,0,0.020150447598624867,0.032540249838319886,80,90,10,2,2,2,6,17,74,6,19
582,139,345,82,99,17,120,120,80,80,0,120,120,81,81,0,0.015623404472582456,0.016508390346846386,77,78,1,3,2,2,6,15,34,19,64
583,150,1790,86,100,14,144,168,90,96,6,144,168,90,96,6,0.015419176963136935,0.05269069743694476,78,96,18,1,2,2,6,8,59,20,1
584,136,136,81,81,0,228,228,79,79,0,136,136,81,81,0,0.011981347220803976,0.011981347220803976,69,69,0,-1,2,2,14,8,25,17,36
585,0,1640,1,100,99,0,100,1,65,64,0,100,1,71,70,0.0,0.028217434221723,1,89,88,1,-1,2,6,0,44,84,14
586,100,100,59,59,0,100,100,40,40,0,100,100,59,59,0,0.0631063004186664,0.07035637700398244,100,100,0,2,1,1,15,36,7,2,27
587,6,622,33,100,67,12,44,34,58,24,6,44,33,62,29,0.0002723033459273631,0.016338200755641786,35,81,46,2,4,3,4,1,72,55,12
588,45,147,56,90,34,38,38,51,51,0,38,38,54,54,0,0.005207801490860819,0.005377991082065421,53,54,1,4,3,3,3,6,94,28,60
589,450,1050,100,100,0,280,280,99,99,0,280,280,99,99,0,0.032199870655910685,0.03693114129139862,91,95,4,2,2,2,10,27,18,10,34
590,1,207,26,94,68,3,9,26,31,5,1,7,26,35,9,0.0,0.000442492937131965,1,33,32,3,6,4,3,2,60,58,88
591,0,1640,1,100,99,0,78,1,74,73,0,78,1,76,75,0.0,0.040300895197249734,1,95,94,1,-1,2,4,0,77,85,6
592,373,373,97,97,0,248,248,90,90,0,248,248,92,92,0,0.031655263964055956,0.031655263964055956,90,90,0,-1,2,2,11,29,38,11,50
593,6,212,27,89,62,24,32,31,32,1,6,18,27,40,13,0.00030634126416828345,0.0014636304843595766,31,38,7,3,4,4,6,1,40,88,74
594,0,101,1,80,79,0,3,1,24,23,0,1,1,24,23,0.0,3.4037918240920386e-05,1,26,25,6,-1,7,3,0,87,79,78
595,62,678,54,100,46,160,160,68,68,0,62,78,54,56,2,0.004663194799006093,0.0068075836481840775,53,55,2,2,2,2,11,6,5,70,53
596,169,785,82,100,18,308,308,87,87,0,169,308,82,96,14,0.011300588855985567,0.025051907825317403,63,90,27,2,2,2,16,8,9,44,12
597,12,12,39,39,0,24,24,38,38,0,12,12,39,39,0,0.002995336805200994,0.002995336805200994,49,49,0,-1,4,4,4,2,79,75,89
598,2,2,27,27,0,7,7,29,29,0,2,2,27,27,0,0.0002382654276864427,0.0002382654276864427,32,32,0,-1,5,5,4,1,83,55,96
599,232,848,95,100,5,64,64,68,68,0,64,64,69,69,0,0.02811532046700024,0.03948398515946765,90,95,5,2,3,3,4,27,73,10,19
600,18,18,41,41,0,46,46,43,43,0,18,18,41,41,0,0.0014295925661186562,0.0014295925661186562,42,42,0,-1,3,3,6,2,65,61,85
601,100,100,63,63,0,100,100,56,56,0,100,100,63,63,0,0.05616256509751864,0.05616256509751864,98,98,0,-1,1,1,7,30,24,7,99
602,6,6,32,32,0,20,20,34,34,0,6,6,32,32,0,0.0012253650566731338,0.0012253650566731338,41,41,0,-1,4,4,4,1,79,71,80
603,0,206,1,92,91,0,18,1,35,34,0,18,1,44,43,0.0,0.005037611899656217,1,56,55,3,-1,4,3,0,82,96,72
604,40,40,48,48,0,102,102,57,57,0,40,40,48,48,0,0.003914360597705844,0.003914360597705844,53,53,0,-1,3,3,12,6,6,73,93
605,255,1895,96,100,4,88,112,82,93,11,88,112,82,93,11,0.03427618366860683,0.07900200823717621,93,100,7,1,2,2,4,30,78,7,1
606,0,206,1,92,91,0,28,1,32,31,0,19,1,41,40,0.0,0.0032336022328874367,1,49,48,3,-1,4,6,1,65,45,22
607,18,119,44,82,38,42,42,41,41,0,18,19,44,45,1,0.0020422750944552232,0.0020422750944552232,45,45,0,5,3,3,6,2,32,83,95
608,135,135,83,83,0,140,140,84,84,0,135,135,87,87,0,0.009122162088566664,0.009122162088566664,65,65,0,-1,2,2,7,8,46,57,69
609,443,443,99,99,0,320,320,99,99,0,320,320,99,99,0,0.03451444909629327,0.03451444909629327,91,91,0,-1,2,2,11,29,19,0,84
610,56,56,64,64,0,48,48,63,63,0,48,48,64,64,0,0.009394465434494027,0.009394465434494027,71,71,0,-1,3,3,3,6,82,77,67
611,0,616,1,99,98,0,124,1,58,57,0,74,1,54,53,0.0,0.011913271384322134,1,69,68,2,-1,3,17,0,20,76,39
612,0,206,1,86,85,0,44,1,31,30,0,12,1,30,29,0.0,0.0009190237925048504,1,37,36,3,-1,4,14,0,25,93,52
613,40,40,51,51,0,128,128,67,67,0,40,40,51,51,0,0.0051397256543789785,0.0051397256543789785,58,58,0,-1,2,2,9,1,28,90,92
614,0,206,1,92,91,0,22,1,33,32,0,22,1,47,46,0.0,0.007658531604207087,1,64,63,3,-1,4,5,0,70,93,32
615,0,616,1,100,99,0,46,1,44,43,0,34,1,47,46,0.0,0.004493005207801491,1,53,52,2,-1,3,5,0,52,91,70
616,188,788,88,100,12,120,120,79,79,0,120,120,81,81,0,0.021954457265393648,0.04666598590830185,85,97,12,2,2,2,6,20,44,23,3
617,250,250,95,95,0,96,96,91,91,0,96,96,91,91,0,0.03512713162462984,0.03512713162462984,92,92,0,-1,2,2,3,22,76,9,81
618,43,145,55,88,33,38,38,53,53,0,38,38,55,55,0,0.005207801490860819,0.006126825283365669,58,58,0,4,3,3,3,6,64,35,43
619,0,616,1,100,99,0,84,1,45,44,0,84,1,61,60,0.0,0.017018959120460194,1,78,77,2,-1,3,9,0,54,82,6
620,6,6,31,31,0,17,17,31,31,0,6,6,31,31,0,0.00037441710065012424,0.00037441710065012424,34,34,0,-1,4,4,7,1,62,60,36
621,16,118,34,77,43,70,70,37,37,0,16,18,34,40,6,0.0006807583648184077,0.0007488342013002485,36,36,0,4,3,3,11,1,33,49,58
622,49,49,54,54,0,98,98,52,52,0,49,49,55,55,0,0.004356853534837809,0.004356853534837809,54,54,0,-1,3,3,8,4,39,22,92
623,60,676,57,100,43,100,114,55,72,17,60,114,57,79,22,0.0088498587426393,0.01579359406378706,65,76,11,2,3,3,9,9,26,31,25
624,60,660,61,100,39,54,54,55,55,0,54,54,60,60,0,0.006297014874570271,0.01507879778072773,58,77,19,2,3,3,4,6,73,28,33
625,16,632,34,100,66,92,132,41,66,25,16,122,34,78,44,0.0026889955410327104,0.014295925661186561,48,71,23,2,3,3,12,2,2,94,33
626,0,0,1,1,0,0,0,1,1,0,0,0,1,1,0,0.0,0.0,1,1,0,-1,-1,-1,2,0,98,96,89
627,115,321,85,100,15,32,32,58,58,0,32,32,60,60,0,0.013955546478777357,0.02661765206439974,77,90,13,3,3,3,2,15,91,19,18
628,0,616,1,100,99,0,34,1,46,45,0,34,1,54,53,0.0,0.012015385139044895,1,73,72,2,-1,3,4,0,77,87,14
629,22,228,49,97,48,22,22,49,49,0,22,22,50,50,0,0.0037441710065012424,0.005684332346233704,52,56,4,3,3,3,2,3,93,29,52
630,70,171,65,92,27,38,38,46,46,0,38,38,51,51,0,0.010347527145239796,0.010381565063480718,74,74,0,6,3,3,3,9,96,27,78
631,0,0,1,1,0,0,0,1,1,0,0,0,1,1,0,0.0,0.0,1,1,0,-1,-1,-1,5,0,37,81,99
632,40,1680,51,100,49,150,204,68,84,16,40,204,51,92,41,0.002825147213996392,0.03536539705231628,48,92,44,1,2,2,11,1,19,53,1
633,33,33,55,55,0,28,28,46,46,0,28,28,53,53,0,0.003880322679464924,0.003880322679464924,53,53,0,-1,3,3,3,6,81,35,80
634,34,240,54,96,42,22,22,48,48,0,22,22,51,51,0,0.005888559855679227,0.013376901868681712,58,75,17,3,3,3,2,4,95,72,33
635,100,100,78,78,0,100,100,88,88,0,100,100,88,88,0,0.07158174206065557,0.07158174206065557,99,99,0,-1,1,1,4,29,78,1,99
636,125,125,88,88,0,48,48,65,65,0,48,48,68,68,0,0.014364001497668403,0.014364001497668403,80,80,0,-1,3,3,3,15,66,19,84
637,0,206,1,92,91,0,22,1,32,31,0,19,1,42,41,0.0,0.0030634126416828346,1,50,49,3,-1,4,5,1,63,45,22
638,2,618,26,100,74,9,78,26,44,18,2,78,26,59,33,6.807583648184077e-05,0.01232172640321318,28,72,44,2,5,3,8,1,15,78,19
639,0,616,1,100,99,0,56,1,46,45,0,56,1,59,58,0.0,0.02719629667449539,1,88,87,2,-1,3,6,0,32,66,1
640,24,230,47,95,48,38,38,46,46,0,24,38,48,50,2,0.0030634126416828346,0.0034718676605738795,49,49,0,3,3,3,3,6,96,70,49
641,0,206,1,94,93,0,10,1,31,30,0,10,1,38,37,0.0,0.003267640151128357,1,48,47,3,-1,4,3,0,81,92,28
642,258,258,95,95,0,198,198,83,83,0,198,198,91,91,0,0.019265461724360937,0.019265461724360937,83,83,0,-1,2,2,10,16,0,12,76
643,32,648,47,100,53,94,94,52,52,0,32,62,47,56,9,0.0019061234214915416,0.007488342013002485,43,60,17,2,3,3,9,2,35,61,38
644,188,394,85,97,12,132,132,72,72,0,132,132,79,79,0,0.012968446849790666,0.013717281051090916,71,72,1,3,2,2,8,14,27,32,74
645,326,428,96,98,2,168,168,93,93,0,168,168,94,94,0,0.03230198441063344,0.03230198441063344,90,90,0,4,2,2,6,27,44,10,95
646,6,6,30,30,0,15,15,31,31,0,6,6,30,30,0,0.00010211375472276115,0.00010211375472276115,30,30,0,-1,4,4,6,1,74,60,36
647,176,776,89,100,11,96,96,69,69,0,96,96,70,70,0,0.018925082541951733,0.024064808196330712,82,87,5,2,3,3,6,17,56,6,77
648,91,91,79,79,0,32,32,63,63,0,32,32,65,65,0,0.011845195547840293,0.011845195547840293,75,75,0,-1,3,3,2,14,98,32,99
649,156,258,85,95,10,162,162,80,80,0,156,158,86,86,0,0.013751318969331836,0.013819394805813677,77,77,0,4,2,2,9,8,28,8,60
650,0,616,1,100,99,0,30,1,42,41,0,30,1,50,49,0.0,0.006671431975220395,1,59,58,2,-1,3,4,0,73,93,57
651,2,104,26,75,49,7,8,27,27,0,2,4,26,29,3,3.4037918240920386e-05,0.00017018959120460194,26,30,4,4,5,5,5,2,80,58,4
652,16,632,43,100,57,34,44,44,47,3,16,44,43,57,14,0.003437829742332959,0.009939072126348753,50,69,19,2,3,3,4,1,47,90,22
653,0,206,1,90,89,0,42,1,35,34,0,22,1,42,41,0.0,0.006092787365124749,1,57,56,3,-1,4,7,0,43,91,25
654,106,208,81,93,12,72,72,83,83,0,72,72,83,83,0,0.01695088328397835,0.018006058749446885,81,83,2,4,2,2,3,6,58,77,64
655,8,214,35,94,59,28,28,34,34,0,8,22,35,46,11,0.00037441710065012424,0.0026209197045508697,35,49,14,3,4,4,6,2,32,63,70
656,100,100,59,59,0,100,100,39,39,0,100,100,59,59,0,0.06079172197828381,0.06079172197828381,100,100,0,-1,1,1,14,36,16,2,36
657,77,283,63,95,32,86,86,56,56,0,86,86,65,65,0,0.00789679703189353,0.01147077844719017,64,73,9,3,3,3,6,8,48,44,35
658,6,622,29,99,70,36,88,32,40,8,6,56,29,53,24,0.00017018959120460194,0.004629156880765172,30,52,22,2,4,3,12,1,6,60,47
659,22,1662,38,100,62,70,114,40,59,19,22,108,38,71,33,0.001497668402600497,0.017291262466387555,41,79,38,1,3,2,10,2,0,83,20
660,0,616,1,100,99,0,42,1,36,35,0,42,1,50,49,0.0,0.013479015623404473,1,74,73,2,-1,3,6,0,71,96,30
661,104,310,78,98,20,70,70,63,63,0,70,70,66,66,0,0.013819394805813677,0.016133973246196264,75,79,4,3,3,3,5,13,49,33,41
662,80,696,64,100,36,70,70,56,56,0,80,70,69,63,-6,0.005786446100956465,0.01232172640321318,56,73,17,2,3,3,5,5,37,47,62
663,6,212,29,88,59,32,36,33,33,0,6,12,29,34,5,0.00013615167296368154,0.0021784267674189047,28,45,17,3,4,4,10,1,22,4,94
664,0,616,1,100,99,0,60,1,48,47,0,60,1,53,52,0.0,0.024200959869294394,1,89,88,2,-1,3,5,0,52,66,11
665,100,100,69,69,0,100,100,57,57,0,100,100,69,69,0,0.03730555839204874,0.037645937574457944,92,93,1,4,1,1,8,15,57,19,88
666,80,1680,72,100,28,88,88,80,80,0,88,88,81,81,0,0.014295925661186561,0.055583920487422986,78,98,20,1,2,2,4,5,77,25,11
667,22,22,39,39,0,84,84,36,36,0,22,22,39,39,0,0.00030634126416828345,0.00030634126416828345,34,34,0,-1,3,3,14,2,8,63,50
668,0,206,1,91,90,0,50,1,35,34,0,26,1,43,42,0.0,0.005003573981415297,1,56,55,3,-1,4,9,0,31,87,25
669,67,273,60,95,35,46,46,43,43,0,46,46,52,52,0,0.006297014874570271,0.00707988699411144,58,62,4,3,3,3,6,8,65,57,71
670,6,6,28,28,0,18,18,32,32,0,6,6,28,28,0,0.00030634126416828345,0.00030634126416828345,33,33,0,-1,4,4,5,1,50,4,40
671,8,8,35,35,0,38,38,34,34,0,8,8,35,35,0,0.00037441710065012424,0.00037441710065012424,35,35,0,-1,4,4,9,2,26,56,82
672,12,628,40,100,60,18,28,38,43,5,12,28,40,52,12,0.0010892133837094523,0.02324789815854862,39,88,49,2,4,3,3,3,76,51,0
673,0,616,1,100,99,0,58,1,37,36,0,53,1,53,52,0.0,0.010415602981721638,1,69,68,2,-1,3,8,0,15,76,39
674,142,243,87,95,8,118,118,93,93,0,118,118,93,93,0,0.0176997174852786,0.01776779332176044,80,80,0,5,2,2,5,9,45,39,60
675,495,1111,98,100,2,304,304,98,98,0,304,304,98,98,0,0.036454610436025735,0.05105687736138058,92,100,8,2,2,2,10,30,12,7,16
676,2,104,28,84,56,3,3,28,28,0,2,3,28,31,3,0.00010211375472276115,0.0010892133837094523,29,39,10,4,5,5,2,1,68,60,83
677,132,234,90,97,7,56,56,84,84,0,56,56,85,85,0,0.020524864699274992,0.0212056230640934,84,86,2,4,2,2,2,15,98,19,61
678,24,24,44,44,0,86,86,41,41,0,24,24,44,44,0,0.001497668402600497,0.001497668402600497,41,41,0,-1,3,3,11,3,38,43,79
679,112,112,76,76,0,144,144,89,89,0,112,112,83,83,0,0.009836958371625992,0.009836958371625992,68,68,0,-1,2,2,6,4,40,72,76
680,0,0,1,1,0,0,0,1,1,0,0,0,1,1,0,0.0,0.0,1,1,0,-1,-1,-1,7,0,43,86,79
681,48,150,61,90,29,28,28,44,44,0,28,28,51,51,0,0.007113924912352361,0.007556417849484326,64,66,2,4,3,3,3,7,92,48,51
682,6,622,28,100,72,35,108,30,56,26,6,50,28,52,24,0.00013615167296368154,0.005480104836788182,28,55,27,2,4,3,16,1,9,65,38
683,44,250,54,96,42,28,28,45,45,0,28,28,49,49,0,0.006399128629293032,0.008135062459579971,56,66,10,3,3,3,3,7,60,62,53
684,16,117,33,75,42,66,66,36,36,0,16,17,33,37,4,0.0006126825283365669,0.0006467204465774873,36,36,0,5,3,3,10,1,0,49,78
685,22,228,38,92,54,84,88,35,37,2,22,36,38,43,5,0.001157289220191293,0.0019061234214915416,38,43,5,3,3,3,15,3,7,51,64
686,162,368,85,97,12,194,194,78,78,0,162,170,85,86,1,0.010960209673576363,0.014534191088873005,69,77,8,3,2,2,11,9,19,31,29
687,16,16,37,37,0,92,92,42,42,0,16,16,37,37,0,0.0009190237925048504,0.0009190237925048504,38,38,0,-1,3,3,11,2,19,42,97
688,464,464,100,100,0,400,400,100,100,0,400,400,100,100,0,0.03352734946730658,0.03352734946730658,94,94,0,-1,2,2,16,29,9,0,97
689,68,274,63,98,35,38,38,46,46,0,38,38,51,51,0,0.008441403723748256,0.012253650566731339,64,77,13,3,3,3,3,7,96,48,13
690,0,206,1,92,91,0,13,1,29,28,0,7,1,34,33,0.0,0.0005786446100956465,1,35,34,3,-1,4,5,0,63,82,56
691,91,707,61,100,39,100,100,59,59,0,91,100,62,63,1,0.007113924912352361,0.020558902617515914,59,83,24,2,2,2,6,6,40,35,30
692,244,860,91,100,9,168,168,97,97,0,168,168,97,97,0,0.02913645801422785,0.04142414649920011,89,96,7,2,2,2,6,15,51,16,5
693,150,251,85,93,8,182,182,87,87,0,150,151,85,85,0,0.01501072194424589,0.01504475986248681,76,76,0,5,2,2,9,8,31,17,58
694,35,35,55,55,0,44,44,48,48,0,35,35,56,56,0,0.004356853534837809,0.004356853534837809,54,54,0,-1,3,3,4,6,47,73,40
695,40,142,55,88,33,110,110,81,81,0,40,44,55,56,1,0.005412029000306341,0.006058749446883829,57,57,0,4,2,2,6,3,32,46,74
696,1,1,26,26,0,5,5,26,26,0,1,1,26,26,0,3.4037918240920386e-05,3.4037918240920386e-05,26,26,0,-1,6,6,5,1,88,78,91
697,0,101,1,76,75,0,17,1,25,24,0,1,1,25,24,0.0,3.4037918240920386e-05,1,25,24,5,-1,6,17,1,20,50,68
698,386,386,98,98,0,374,374,99,99,0,374,374,99,99,0,0.026107083290785937,0.026107083290785937,88,88,0,-1,2,2,15,19,7,15,40
699,2,618,28,100,72,8,36,28,41,13,2,36,28,51,23,0.0002382654276864427,0.010960209673576363,32,75,43,2,5,3,5,1,45,55,14
700,172,788,88,100,12,136,136,81,81,0,136,136,82,82,0,0.017087034956942034,0.01861874127778345,80,82,2,2,2,2,7,18,43,5,64
701,0,102,1,75,74,0,9,1,25,24,0,2,1,25,24,0.0,0.0002382654276864427,1,29,28,4,-1,5,8,0,27,36,55
702,66,272,55,93,38,76,76,55,55,0,66,76,55,59,4,0.006126825283365669,0.008475441641989176,53,62,9,3,3,3,6,6,71,28,83
703,18,634,39,100,61,58,86,35,45,10,18,62,39,57,18,0.0006126825283365669,0.006535280302256714,37,60,23,2,3,3,10,2,11,56,62
704,22,228,41,95,54,34,42,37,39,2,22,28,41,47,6,0.0008169100377820892,0.001940161339732462,36,46,10,3,3,3,6,2,34,63,71
705,1,207,25,91,66,4,12,25,31,6,1,7,25,37,12,3.4037918240920386e-05,0.002757071377514551,27,48,21,3,6,4,4,1,84,78,90
706,144,350,86,97,11,80,80,68,68,0,80,80,72,72,0,0.019469689233806462,0.03369753905851118,83,90,7,3,3,3,5,18,88,30,16
707,30,1670,47,100,53,58,102,38,60,22,30,102,47,75,28,0.004356853534837809,0.025188059498281085,54,87,33,1,3,2,8,6,15,73,8
708,49,49,57,57,0,60,60,48,48,0,49,49,57,57,0,0.004799346471969774,0.004799346471969774,54,54,0,-1,3,3,5,4,63,22,69
709,22,228,42,89,47,46,46,37,37,0,22,34,42,48,6,0.0007828721195411688,0.0029612988869600733,35,46,11,3,3,3,6,2,40,56,75
710,44,244,60,98,38,22,22,49,49,0,22,22,50,50,0,0.007998910786616291,0.01157289220191293,66,71,5,3,3,3,2,7,93,48,38
711,0,0,1,1,0,0,0,1,1,0,0,0,1,1,0,0.0,0.0,1,1,0,-1,-1,-1,4,0,53,86,67
712,78,694,57,100,43,104,104,73,73,0,78,104,58,78,20,0.00803294870485721,0.021682153919466287,60,88,28,2,2,2,5,7,52,62,18
713,136,752,79,100,21,152,152,76,76,0,136,152,80,84,4,0.01412573606998196,0.017223186629905716,78,80,2,2,2,2,8,8,15,20,22
714,304,510,98,100,2,158,158,95,95,0,158,158,95,95,0,0.03213179481942884,0.033050818611933694,92,93,1,3,2,2,6,22,59,9,74
715,0,206,1,89,88,0,28,1,33,32,0,28,1,43,42,0.0,0.009870996289866912,1,65,64,3,-1,4,6,0,71,99,37
716,100,100,69,69,0,100,100,69,69,0,100,100,71,71,0,0.06028115320467,0.06028115320467,98,98,0,-1,1,1,6,27,34,10,97
717,100,100,69,69,0,100,100,55,55,0,100,100,69,69,0,0.016202049082678104,0.01923142380612002,78,80,2,3,1,1,9,1,26,49,41
718,0,616,1,100,99,0,80,1,41,40,0,56,1,53,52,0.0,0.007011811157629599,1,61,60,2,-1,3,10,0,1,85,21
719,6,212,29,88,59,16,34,29,33,4,6,32,29,48,19,6.807583648184077e-05,0.003710133088260322,27,50,23,3,4,4,7,1,24,95,28
720,40,656,49,100,51,118,158,64,78,14,40,158,49,83,34,0.005446066918547262,0.025970931617822254,54,85,31,2,2,2,9,1,54,90,7
721,0,0,1,1,0,0,0,1,1,0,0,0,1,1,0,0.0,0.0,1,1,0,-1,-1,-1,10,0,1,93,85
722,88,294,66,95,29,66,66,47,47,0,66,66,55,55,0,0.011334626774226489,0.017291262466387555,68,80,12,3,3,3,6,8,71,8,48
723,94,710,64,100,36,152,152,76,76,0,94,118,64,77,13,0.006943735321147759,0.010007147962830594,60,65,5,2,2,2,8,5,15,47,70
724,32,648,47,100,53,116,126,62,63,1,32,67,47,55,8,0.002280540522141666,0.006399128629293032,44,59,15,2,3,3,11,2,19,52,28
725,100,100,64,64,0,100,100,49,49,0,100,100,64,64,0,0.054018176248340655,0.054018176248340655,99,99,0,-1,1,1,8,27,42,10,89
726,16,117,35,77,42,50,50,34,34,0,16,17,35,40,5,0.00037441710065012424,0.00037441710065012424,34,34,0,5,3,3,10,1,18,4,68
727,192,1832,86,100,14,320,344,95,95,0,192,276,86,91,5,0.012049423057285817,0.02382654276864427,70,87,17,1,2,2,14,7,25,21,47
728,100,100,60,60,0,100,100,40,40,0,100,100,60,60,0,0.017937982912965042,0.03315293236665646,77,93,16,1,1,1,14,5,25,47,44
729,101,717,77,100,23,94,94,75,75,0,94,94,75,75,0,0.010313489226998877,0.03083835392627387,68,89,21,2,2,2,5,8,49,44,9
730,174,790,87,100,13,196,196,94,94,0,174,196,91,94,3,0.014908608189523128,0.021443888491779844,75,84,9,2,2,2,9,8,23,17,25
731,16,632,47,100,53,22,22,49,49,0,16,22,48,49,1,0.002382654276864427,0.010381565063480718,47,69,22,2,3,3,2,1,93,53,41
732,0,102,1,84,83,0,6,1,30,29,0,4,1,30,29,0.0,0.001055175465468532,1,38,37,4,-1,5,3,1,92,50,52
733,0,616,1,100,99,0,68,1,37,36,0,31,1,46,45,0.0,0.005514142755029102,1,61,60,2,-1,3,11,1,38,45,25
734,18,634,45,100,55,28,48,44,72,28,18,48,45,74,29,0.001599782157323258,0.030361823070900983,41,89,48,2,3,3,3,2,92,61,10
735,0,0,1,1,0,0,0,1,1,0,0,0,1,1,0,0.0,0.0,1,1,0,-1,-1,-1,2,0,89,87,79
736,0,206,1,91,90,0,21,1,29,28,0,6,1,29,28,0.0,0.0004084550188910446,1,35,34,3,-1,4,11,0,38,91,88
737,0,616,1,100,99,0,92,1,49,48,0,92,1,60,59,0.0,0.028557813404132205,1,89,88,2,-1,3,7,0,46,76,3
738,126,332,81,96,15,120,120,85,85,0,120,120,85,85,0,0.018312400013615168,0.019707954661492902,83,84,1,3,2,2,6,12,48,37,64
739,22,124,49,82,33,54,54,55,55,0,22,25,49,51,2,0.004186663943633207,0.004493005207801491,53,54,1,4,3,3,4,3,84,29,56
740,100,100,64,64,0,100,100,45,45,0,100,100,64,64,0,0.06429762755709861,0.06429762755709861,100,100,0,-1,1,1,10,36,18,2,50
741,440,646,97,100,3,296,296,96,96,0,296,296,96,96,0,0.037850165083903466,0.03805439259334899,93,94,1,3,2,2,11,29,33,0,95
742,315,315,96,96,0,96,96,90,90,0,96,96,90,90,0,0.04098165356206814,0.04098165356206814,94,94,0,-1,2,2,3,29,82,11,67
743,88,294,57,96,39,228,228,75,75,0,88,98,57,59,2,0.006977773239388679,0.008203138296061813,61,63,2,3,2,2,14,7,8,62,54
744,2,208,28,94,66,5,14,28,31,3,2,14,28,40,12,0.0,0.004799346471969774,1,51,50,3,5,4,3,1,96,60,31
745,393,599,99,100,1,160,160,100,100,0,160,160,100,100,0,0.04537254501514688,0.046529834235338165,95,95,0,3,2,2,4,29,79,1,61
746,97,1737,57,100,43,250,284,76,82,6,97,244,57,89,32,0.006909697402906838,0.027843017121072875,57,90,33,1,2,2,17,4,20,22,18
747,0,616,1,100,99,0,74,1,43,42,0,74,1,56,55,0.0,0.016270124919159943,1,76,75,2,-1,3,8,0,27,91,16
748,68,68,55,55,0,212,212,78,78,0,68,68,55,55,0,0.007828721195411689,0.007828721195411689,63,63,0,-1,2,2,13,4,13,72,86
749,100,100,71,71,0,100,100,76,76,0,100,100,77,77,0,0.031212771026923995,0.042989890738282445,91,96,5,2,1,1,5,2,50,42,37
750,254,460,95,100,5,224,224,98,98,0,224,224,98,98,0,0.024507301133462677,0.026379386636713298,86,87,1,3,2,2,8,18,21,30,54
751,10,111,38,81,43,20,20,36,36,0,10,11,38,39,1,0.0016338200755641784,0.0019061234214915416,45,45,0,5,4,4,4,3,77,54,65
752,12,628,34,100,66,38,82,35,47,12,12,82,34,58,24,0.0014295925661186562,0.02995336805200994,41,90,49,2,4,3,7,3,46,51,2
753,0,206,1,91,90,0,68,1,31,30,0,6,1,27,26,0.0,0.0019741992579733825,1,41,40,3,-1,4,16,0,4,76,46
754,54,260,65,97,32,48,48,68,68,0,48,48,69,69,0,0.007454304094761564,0.018074134585928724,67,80,13,3,3,3,3,7,81,62,6
755,0,206,1,93,92,0,12,1,35,34,0,12,1,36,35,0.0,0.005480104836788182,1,57,56,3,-1,4,2,0,68,80,25
756,16,222,41,91,50,54,54,52,52,0,16,22,41,47,6,0.001940161339732462,0.002586881786309949,45,49,4,3,3,3,4,1,83,53,71
757,0,101,1,70,69,0,11,1,25,24,0,1,1,25,24,0.0,0.0,1,1,0,5,-1,6,11,0,5,98,58
758,0,206,1,91,90,0,19,1,30,29,0,7,1,34,33,0.0,0.001055175465468532,1,36,35,3,-1,4,6,0,56,87,61
759,40,246,47,91,44,180,180,70,70,0,40,54,47,52,5,0.0025188059498281084,0.003608019333537561,47,51,4,3,2,2,16,1,9,53,43
760,46,662,48,100,52,120,130,61,63,2,46,64,48,55,7,0.003165526396405596,0.004969536063174376,48,53,5,2,2,2,11,2,33,52,74
761,78,78,57,57,0,166,166,74,74,0,78,78,57,57,0,0.007454304094761564,0.007454304094761564,62,62,0,-1,2,2,12,4,3,38,91
762,100,100,62,62,0,100,100,45,45,0,100,100,62,62,0,0.04915075393988903,0.053337417883522246,99,100,1,2,1,1,12,29,3,11,38
763,88,704,68,100,32,78,88,73,76,3,88,88,77,77,0,0.010143299635794275,0.013819394805813677,73,75,2,2,2,2,4,4,79,38,94
764,100,100,79,79,0,100,100,98,98,0,100,100,98,98,0,0.11174648558494163,0.11402702610708329,100,100,0,3,1,1,2,30,68,7,29
765,16,632,37,100,63,66,76,48,51,3,16,76,37,62,25,0.0037441710065012424,0.01596378365499166,50,80,30,2,3,3,6,1,48,90,37
766,80,696,74,100,26,48,48,59,59,0,48,48,63,63,0,0.008475441641989176,0.01320671227747711,67,79,12,2,3,3,3,9,75,31,46
767,14,220,41,95,54,18,18,38,38,0,14,18,41,43,2,0.0011232513019503727,0.004731270635487933,40,52,12,3,4,4,3,4,96,64,73
768,16,222,35,92,57,88,88,48,48,0,16,28,35,46,11,0.003165526396405596,0.005922597773920147,49,58,9,3,3,3,8,1,15,90,75
769,128,744,77,100,23,188,188,80,80,0,128,188,77,90,13,0.007284114503556962,0.013138636440995268,59,76,17,2,2,2,10,6,0,28,24
770,100,100,67,67,0,100,100,55,55,0,100,100,67,67,0,0.07066271826815072,0.08199734504237721,100,100,0,2,1,1,9,36,23,2,18
771,0,0,1,1,0,0,0,1,1,0,0,0,1,1,0,0.0,0.0,1,1,0,-1,-1,-1,6,0,32,40,59
772,0,0,1,1,0,0,0,1,1,0,0,0,1,1,0,0.0,0.0,1,1,0,-1,-1,-1,4,0,73,80,96
773,0,616,1,100,99,0,34,1,38,37,0,34,1,49,48,0.0,0.019469689233806462,1,86,85,2,-1,3,4,0,53,93,1
774,0,101,1,70,69,0,7,1,25,24,0,1,1,25,24,0.0,0.00010211375472276115,1,28,27,5,-1,6,7,0,24,80,68
775,81,697,76,100,24,56,56,82,82,0,56,56,82,82,0,0.013002484768031588,0.02236291228428469,75,87,12,2,2,2,2,8,89,44,77
776,156,772,89,100,11,72,72,77,77,0,72,72,77,77,0,0.02365635317743967,0.028932230504782327,87,90,3,2,2,2,3,16,64,18,26
777,0,616,1,100,99,0,96,1,36,35,0,73,1,54,53,0.0,0.00891793457912114,1,65,64,2,-1,3,14,0,16,36,33
778,39,655,51,100,49,38,38,56,56,0,38,38,57,57,0,0.005071649817897137,0.023588277340957826,53,85,32,2,3,3,3,4,60,22,18
779,54,54,53,53,0,114,114,64,64,0,54,54,53,53,0,0.006603356138738555,0.006603356138738555,59,59,0,-1,2,2,10,6,1,73,89
780,78,284,72,100,28,56,56,82,82,0,56,56,82,82,0,0.015317063208414174,0.016542428265087308,78,79,1,3,2,2,2,4,89,72,61
781,16,222,34,87,53,42,57,32,34,2,16,30,34,43,9,0.0002042275094455223,0.0012594029749140542,32,38,6,3,3,3,16,1,9,95,43
782,40,1680,47,100,53,186,244,66,78,12,40,244,47,94,47,0.0025188059498281084,0.023690391095680587,45,84,39,1,2,2,16,1,4,53,15
783,6,1646,28,100,72,15,90,28,66,38,6,90,28,68,40,0.0002723033459273631,0.042138942782259436,31,97,66,1,4,2,6,1,56,55,3
784,173,789,87,100,13,230,230,88,88,0,173,230,87,91,4,0.018210286258892407,0.025154021580040164,81,87,6,2,2,2,12,12,14,37,32
785,90,90,64,64,0,94,94,68,68,0,94,94,71,71,0,0.00891793457912114,0.00891793457912114,68,68,0,-1,2,2,5,6,50,34,87
786,118,324,77,94,17,100,100,59,59,0,100,100,64,64,0,0.01058579257292624,0.011743081793117532,69,73,4,3,2,2,6,9,40,31,71
787,16,1656,34,100,66,102,156,57,65,8,16,156,34,87,53,0.001497668402600497,0.023588277340957826,40,88,48,1,3,2,12,1,6,71,16
788,252,354,95,99,4,64,64,64,64,0,64,64,67,67,0,0.03100854351747847,0.03366350114027026,90,92,2,4,3,3,4,29,77,1,41
789,56,56,55,55,0,104,104,62,62,0,56,56,55,55,0,0.005071649817897137,0.005071649817897137,53,53,0,-1,2,2,9,2,29,75,82
790,135,135,85,85,0,80,80,70,70,0,80,80,74,74,0,0.015487252799618776,0.015487252799618776,77,77,0,-1,3,3,5,15,45,19,81
791,22,638,42,100,58,34,44,39,48,9,22,44,42,53,11,0.0018380475850097008,0.01320671227747711,44,77,33,2,3,3,4,2,53,61,17
792,90,191,62,91,29,160,160,69,69,0,90,91,62,62,0,0.005922597773920147,0.006092787365124749,59,59,0,5,2,2,11,6,19,28,65
793,191,191,91,91,0,88,88,82,82,0,88,88,82,82,0,0.027162258756254467,0.027162258756254467,89,89,0,-1,2,2,4,15,78,16,96
794,70,70,65,65,0,70,70,59,59,0,70,70,67,67,0,0.00622893903808843,0.00622893903808843,56,56,0,-1,3,3,5,5,88,47,99
795,100,100,74,74,0,100,100,87,87,0,100,100,87,87,0,0.07525783723067497,0.08073794206746315,100,100,0,3,1,1,4,30,47,7,34
796,0,102,1,77,76,0,9,1,28,27,0,4,1,30,29,0.0,0.001599782157323258,1,43,42,4,-1,5,5,0,37,59,75
797,46,662,62,100,38,22,22,52,52,0,22,22,55,55,0,0.007692569522448007,0.01592974573675074,64,82,18,2,3,3,2,7,98,21,72
798,16,16,42,42,0,38,38,56,56,0,16,16,42,42,0,0.0042547397801150485,0.0042547397801150485,52,52,0,-1,3,3,3,1,58,90,66
799,0,616,1,100,99,0,52,1,42,41,0,52,1,52,51,0.0,0.012764219340345145,1,73,72,2,-1,3,6,0,41,84,30
800,2,2,26,26,0,6,6,26,26,0,2,2,26,26,0,6.807583648184077e-05,6.807583648184077e-05,27,27,0,-1,5,5,5,1,61,78,97
801,1,617,25,100,75,2,22,25,46,21,1,22,25,51,26,0.0,0.018006058749446885,1,81,80,2,6,3,2,1,89,68,9
802,124,740,77,100,23,210,210,81,81,0,124,210,77,90,13,0.012049423057285817,0.025392287007726607,70,88,18,2,2,2,12,6,14,34,18
803,201,407,96,100,4,56,56,84,84,0,56,56,84,84,0,0.03448041117805235,0.05218012866333095,95,97,2,3,2,2,2,29,86,0,9
804,16,632,34,100,66,40,108,32,57,25,16,108,34,74,40,0.00034037918240920387,0.014840532353041287,32,73,41,2,3,3,12,1,2,60,6
805,100,100,74,74,0,100,100,80,80,0,100,100,80,80,0,0.07777664318050308,0.07777664318050308,100,100,0,-1,1,1,5,40,45,3,93
806,40,246,47,91,44,62,66,43,43,0,40,61,47,55,8,0.0026549576227917903,0.007556417849484326,41,61,20,3,2,2,6,1,51,4,25
807,18,18,43,43,0,46,46,48,48,0,18,18,43,43,0,0.0018040096667687805,0.0018040096667687805,44,44,0,-1,3,3,5,2,61,74,93
808,0,616,1,100,99,0,34,1,42,41,0,34,1,51,50,0.0,0.021580040164743523,1,85,84,2,-1,3,4,0,79,84,10
809,100,100,65,65,0,100,100,47,47,0,100,100,65,65,0,0.0490826781034072,0.0490826781034072,97,97,0,-1,1,1,11,30,38,7,40
810,38,244,49,95,46,84,84,47,47,0,38,45,49,53,4,0.0029612988869600733,0.003982436434187685,49,51,2,3,3,3,9,6,35,70,64
811,100,100,69,69,0,100,100,57,57,0,100,100,69,69,0,0.03863303720344464,0.064127437965894,95,100,5,2,1,1,8,18,57,30,10
812,50,666,54,100,46,74,84,42,47,5,44,84,51,65,14,0.003369753905851118,0.014908608189523128,47,76,29,2,3,3,9,6,31,41,37
813,0,206,1,92,91,0,10,1,28,27,0,10,1,34,33,0.0,0.006569318220497634,1,60,59,3,-1,4,3,0,82,87,32
814,2,2,28,28,0,4,4,29,29,0,2,2,28,28,0,0.00010211375472276115,0.00010211375472276115,31,31,0,-1,5,5,2,1,86,60,81
815,282,1922,94,100,6,262,296,95,97,2,262,296,95,97,2,0.022737329384934817,0.04615541713468804,83,96,13,1,2,2,11,16,38,12,15
816,24,125,52,86,34,28,28,46,46,0,24,28,52,52,0,0.0015657442390823377,0.0016338200755641784,42,43,1,5,3,3,3,3,81,43,4
817,12,12,35,35,0,30,30,36,36,0,12,12,35,35,0,0.0012594029749140542,0.0012594029749140542,39,39,0,-1,4,4,5,2,63,74,85
818,2,208,29,92,63,8,24,31,36,5,2,24,29,52,23,0.0002042275094455223,0.007182000748834201,31,62,31,3,5,4,4,1,77,60,27
819,32,648,45,100,55,116,134,56,62,6,32,68,45,54,9,0.002382654276864427,0.006126825283365669,46,57,11,2,3,3,14,2,16,75,28
820,100,100,71,71,0,100,100,79,79,0,100,100,79,79,0,0.049048640185166276,0.06331052792811191,98,100,2,2,1,1,5,18,70,30,14
821,138,239,84,92,8,206,206,75,75,0,138,138,84,84,0,0.012185574730249497,0.012219612648490419,71,71,0,5,2,2,12,9,14,27,68
822,2,103,28,76,48,4,4,28,28,0,2,3,28,31,3,3.4037918240920386e-05,0.00013615167296368154,28,30,2,5,5,5,3,1,64,68,4
823,0,0,1,1,0,0,0,1,1,0,0,0,1,1,0,0.0,0.0,1,1,0,-1,-1,-1,8,0,42,82,59
824,222,222,92,92,0,192,192,89,89,0,192,192,92,92,0,0.022430988120766535,0.022430988120766535,85,85,0,-1,2,2,9,16,31,18,97
825,88,704,68,100,32,92,92,86,86,0,87,92,76,86,10,0.008679669151434699,0.01844855168657885,67,84,17,2,2,2,4,6,79,41,33
826,0,616,1,100,99,0,28,1,42,41,0,28,1,48,47,0.0,0.022022533101875488,1,87,86,2,-1,3,3,0,66,93,10
827,0,206,1,88,87,0,78,1,34,33,0,6,1,27,26,0.0,0.0015317063208414173,1,39,38,3,-1,4,17,0,20,82,53
828,1,1,26,26,0,4,4,26,26,0,1,1,26,26,0,6.807583648184077e-05,6.807583648184077e-05,29,29,0,-1,6,6,4,1,77,68,98
829,6,1646,32,100,68,14,52,34,79,45,6,52,32,81,49,0.0006126825283365669,0.03757786173797611,34,94,60,1,4,2,3,1,60,49,73
830,6,212,32,92,60,17,30,32,32,0,6,12,32,33,1,0.0,0.0018380475850097008,1,42,41,3,4,4,7,1,46,95,94
831,28,129,46,82,36,96,96,44,44,0,28,29,46,46,0,0.002110350930937064,0.002144388849177984,44,44,0,5,3,3,11,3,38,54,95
832,121,327,78,95,17,154,154,67,67,0,121,129,78,80,2,0.008577555396711936,0.009292351679771264,67,67,0,3,2,2,10,8,18,44,56
833,58,264,55,94,39,100,104,45,56,11,58,70,55,61,6,0.002110350930937064,0.0035739814152966403,43,48,5,3,2,2,10,4,12,64,52
834,6,6,27,27,0,27,27,29,29,0,6,6,27,27,0,0.00017018959120460194,0.00017018959120460194,29,29,0,-1,4,4,14,1,25,55,98
835,6,212,30,92,62,24,30,32,33,1,6,18,30,40,10,0.00010211375472276115,0.00176997174852786,30,42,12,3,4,4,9,1,35,65,83
836,100,100,60,60,0,100,100,40,40,0,100,100,60,60,0,0.029919330133769018,0.04394295244902822,91,97,6,2,1,1,14,18,25,5,23
837,36,652,51,100,49,38,38,59,59,0,38,38,62,62,0,0.004799346471969774,0.026004969536063176,52,88,36,2,3,3,3,6,92,41,1
838,87,703,71,100,29,78,78,75,75,0,78,78,76,76,0,0.010109261717553355,0.026277272881990537,71,89,18,2,2,2,4,8,73,57,18
839,0,102,1,74,73,0,22,1,28,27,0,4,1,30,29,0.0,0.0013955546478777359,1,40,39,4,-1,5,11,0,19,85,83
840,184,184,88,88,0,198,198,86,86,0,184,184,87,87,0,0.011743081793117532,0.011743081793117532,72,72,0,-1,2,2,10,13,12,24,50
841,101,101,83,83,0,32,32,69,69,0,32,32,69,69,0,0.013989584397018279,0.013989584397018279,79,79,0,-1,3,3,2,15,90,19,86
842,76,177,68,92,24,32,32,58,58,0,32,32,59,59,0,0.010075223799312433,0.010177337554035196,68,69,1,5,3,3,2,6,68,77,65
843,52,258,67,100,33,22,22,47,47,0,22,22,52,52,0,0.00796487286837537,0.02668572790088158,67,90,23,3,3,3,2,7,89,21,1
844,1,207,26,96,70,3,14,26,32,6,1,14,26,40,14,3.4037918240920386e-05,0.002995336805200994,27,50,23,3,6,4,3,2,75,58,35
845,0,206,1,92,91,0,14,1,34,33,0,14,1,42,41,0.0,0.00707988699411144,1,61,60,3,-1,4,3,0,76,91,27
846,12,218,37,94,57,18,18,40,40,0,12,18,37,45,8,0.0006126825283365669,0.013513053541645392,35,77,42,3,4,4,3,2,55,63,30
847,100,100,59,59,0,100,100,39,39,0,100,100,59,59,0,0.047074440927192894,0.05085264985193506,97,98,1,2,1,1,14,29,16,0,48
848,16,632,41,100,59,32,32,58,58,0,16,32,41,59,18,0.004152626025392287,0.009224275843289425,52,66,14,2,3,3,2,1,91,90,51
849,144,144,81,81,0,290,290,83,83,0,144,144,81,81,0,0.00891793457912114,0.00891793457912114,62,62,0,-1,2,2,17,7,20,21,80
850,0,0,1,1,0,0,0,1,1,0,0,0,1,1,0,0.0,0.0,1,1,0,-1,-1,-1,3,0,60,96,92
851,258,258,94,94,0,250,250,89,89,0,250,250,93,93,0,0.019810068416215663,0.019810068416215663,81,81,0,-1,2,2,13,16,13,12,67
852,6,6,33,33,0,20,20,36,36,0,6,6,33,33,0,0.0012594029749140542,0.0012594029749140542,41,41,0,-1,4,4,4,1,78,71,40
853,0,616,1,100,99,0,36,1,33,32,0,18,1,38,37,0.0,0.0018040096667687805,1,42,41,2,-1,3,7,0,46,99,61
854,88,294,73,98,25,48,48,64,64,0,48,48,66,66,0,0.011845195547840293,0.013513053541645392,71,76,5,3,3,3,3,9,85,27,22
855,0,616,1,100,99,0,34,1,38,37,0,34,1,50,49,0.0,0.018686817114265293,1,84,83,2,-1,3,4,0,53,99,0
856,104,205,78,92,14,70,70,56,56,0,70,70,63,63,0,0.012253650566731339,0.012389802239695021,72,72,0,5,3,3,5,8,37,8,4
857,24,640,48,100,52,78,88,47,50,3,24,88,48,64,16,0.0018040096667687805,0.01147077844719017,42,72,30,2,3,3,8,4,57,64,14
858,0,616,1,100,99,0,44,1,48,47,0,44,1,53,52,0.0,0.010143299635794275,1,70,69,2,-1,3,4,0,53,81,77
859,81,697,57,100,43,166,166,72,72,0,81,166,58,84,26,0.008509479560230097,0.02379250485040335,62,86,24,2,2,2,12,6,2,35,23
860,0,102,1,71,70,0,9,1,27,26,0,2,1,25,24,0.0,3.4037918240920386e-05,1,25,24,4,-1,5,7,1,24,69,4
861,2,2,28,28,0,4,4,29,29,0,2,2,28,28,0,0.00010211375472276115,0.00010211375472276115,31,31,0,-1,5,5,2,1,86,60,69
862,190,1830,90,100,10,158,192,80,91,11,158,192,86,92,6,0.02042275094455223,0.03359542530378842,84,91,7,1,2,2,9,17,23,6,94
863,100,100,69,69,0,100,100,55,55,0,100,100,69,69,0,0.05354164539296777,0.06470608257598966,98,99,1,2,1,1,8,29,30,1,19
864,74,74,58,58,0,228,228,78,78,0,74,74,58,58,0,0.006739507811702236,0.006739507811702236,60,60,0,-1,2,2,14,4,17,22,66
865,194,400,91,99,8,222,222,90,90,0,194,222,91,94,3,0.020456788862793153,0.02294155689438034,84,86,2,3,2,2,10,12,36,37,28
866,6,6,31,31,0,12,12,37,37,0,6,6,31,31,0,0.00034037918240920387,0.00034037918240920387,32,32,0,-1,4,4,2,1,99,4,69
867,50,666,52,100,48,134,144,62,64,2,44,90,49,57,8,0.0035059055788147996,0.00966676878042139,51,66,15,2,3,3,14,6,8,41,25
868,208,408,94,100,6,144,144,88,88,0,144,144,89,89,0,0.023179822322066782,0.02757071377514551,87,88,1,3,2,2,6,16,34,18,21
869,100,100,73,73,0,100,100,82,82,0,100,100,82,82,0,0.034140031995643146,0.034140031995643146,90,90,0,-1,1,1,5,6,88,73,99
870,0,0,1,1,0,0,0,1,1,0,0,0,1,1,0,0.0,0.0,1,1,0,-1,-1,-1,5,0,37,66,99
871,32,238,51,96,45,48,48,59,59,0,32,48,52,62,10,0.004799346471969774,0.008203138296061813,54,65,11,3,3,3,3,3,75,29,22
872,2,2,26,26,0,11,11,28,28,0,2,2,26,26,0,0.00010211375472276115,0.00010211375472276115,30,30,0,-1,5,5,6,1,59,95,67
873,70,70,62,62,0,80,80,66,66,0,70,70,64,64,0,0.005241839409101739,0.005241839409101739,58,58,0,-1,3,3,5,6,63,28,92
874,1,617,26,100,74,4,54,26,58,32,1,54,26,62,36,3.4037918240920386e-05,0.019469689233806462,27,85,58,2,6,3,4,1,77,78,16
875,2,618,26,100,74,9,58,26,38,12,2,48,26,51,25,3.4037918240920386e-05,0.0068075836481840775,26,60,34,2,5,3,8,1,30,78,21
876,208,824,94,100,6,144,144,88,88,0,144,144,89,89,0,0.023179822322066782,0.0348888661969434,87,94,7,2,2,2,6,16,34,18,32
877,112,112,78,78,0,94,94,68,68,0,94,94,73,73,0,0.011913271384322134,0.011913271384322134,72,72,0,-1,2,2,5,9,61,27,84
878,294,396,96,99,3,144,144,91,91,0,144,144,91,91,0,0.03451444909629327,0.03461656285101603,92,92,0,4,2,2,6,29,74,0,56
879,18,634,44,100,56,66,66,49,49,0,18,66,44,62,18,0.00176997174852786,0.010483678818203479,43,71,28,2,3,3,6,2,32,61,14
880,76,76,61,61,0,124,124,76,76,0,76,76,61,61,0,0.008713707069675619,0.008713707069675619,64,64,0,-1,3,3,9,7,26,21,98
881,0,0,1,1,0,0,0,1,1,0,0,0,1,1,0,0.0,0.0,1,1,0,-1,-1,-1,6,0,48,97,80
882,84,684,64,100,36,104,104,66,66,0,84,104,64,78,14,0.009394465434494027,0.017529527894074,67,80,13,2,3,3,9,9,26,27,17
883,400,502,98,100,2,128,128,90,90,0,128,128,90,90,0,0.041219918989754585,0.04363661118485993,94,95,1,4,2,2,5,40,61,3,73
884,0,616,1,99,98,0,50,1,33,32,0,22,1,39,38,0.0,0.0015317063208414173,1,40,39,2,-1,3,12,0,6,85,52
885,100,100,70,70,0,100,100,73,73,0,100,100,74,74,0,0.059702508594574356,0.06783757105415433,100,100,0,3,1,1,6,30,71,7,37
886,0,102,1,79,78,0,6,1,28,27,0,4,1,31,30,0.0,0.001497668402600497,1,42,41,4,-1,5,3,0,58,86,83
887,209,311,93,96,3,128,128,93,93,0,128,128,93,93,0,0.031076619353960312,0.032540249838319886,89,90,1,4,2,2,5,15,70,16,61
888,0,206,1,92,91,0,20,1,34,33,0,20,1,45,44,0.0,0.0035059055788147996,1,50,49,3,-1,4,4,0,47,59,28
889,100,100,64,64,0,100,100,44,44,0,100,100,64,64,0,0.01147077844719017,0.01147077844719017,72,72,0,-1,1,1,13,2,13,56,82
890,6,108,29,76,47,27,28,32,32,0,6,8,29,34,5,6.807583648184077e-05,0.0004765308553728854,28,33,5,4,4,4,8,1,15,95,49
891,0,616,1,100,99,0,124,1,59,58,0,91,1,57,56,0.0,0.013138636440995268,1,71,70,2,-1,3,14,0,16,87,37
892,6,622,32,100,68,8,32,32,57,25,6,32,32,58,26,0.001055175465468532,0.011675005956635693,39,74,35,2,4,3,2,1,68,71,38
893,82,698,69,100,31,54,64,55,69,14,54,64,60,69,9,0.011947309302563056,0.036658837945471257,71,93,22,2,3,3,4,8,84,17,0
894,0,616,1,100,99,0,46,1,33,32,0,17,1,40,39,0.0,0.0019741992579733825,1,42,41,2,-1,3,10,0,12,84,61
895,50,256,66,98,32,12,12,40,40,0,12,12,42,42,0,0.00704584907587052,0.017903944994724124,66,83,17,3,4,4,2,9,90,31,30
896,24,126,44,81,37,86,86,43,43,0,24,26,44,44,0,0.0012594029749140542,0.0015317063208414173,39,41,2,4,3,3,10,4,36,64,65
897,6,6,29,29,0,26,26,34,34,0,6,6,29,29,0,0.00030634126416828345,0.00030634126416828345,33,33,0,-1,4,4,7,1,43,88,97
898,46,46,48,48,0,154,154,63,63,0,46,46,48,48,0,0.0024507301133462676,0.0024507301133462676,47,47,0,-1,2,2,15,2,7,52,97
899,62,164,61,90,29,64,64,64,64,0,64,64,67,67,0,0.008713707069675619,0.009054086252084823,65,66,1,4,3,3,4,6,77,34,88
900,54,54,62,62,0,48,48,66,66,0,48,48,67,67,0,0.008169100377820893,0.008169100377820893,65,65,0,-1,3,3,3,4,76,72,97
901,0,0,1,1,0,0,0,1,1,0,0,0,1,1,0,0.0,0.0,1,1,0,-1,-1,-1,8,0,30,36,50
902,240,240,91,91,0,206,206,91,91,0,206,206,92,92,0,0.016474352428605468,0.016474352428605468,76,76,0,-1,2,2,9,14,54,32,69
903,0,0,1,1,0,0,0,1,1,0,0,0,1,1,0,0.0,0.0,1,1,0,-1,-1,-1,4,0,84,80,99
904,16,222,38,90,52,46,46,42,42,0,16,46,38,53,15,0.0017359338302869397,0.011879233466081215,44,70,26,3,3,3,6,1,74,53,39
905,0,0,1,1,0,0,0,1,1,0,0,0,1,1,0,0.0,0.0,1,1,0,-1,-1,-1,4,0,78,96,98
906,176,792,93,100,7,56,56,85,85,0,56,56,85,85,0,0.03094046768099663,0.04802750263793867,92,98,6,2,2,2,2,17,90,6,12
907,152,768,85,100,15,114,124,65,68,3,114,124,77,78,1,0.011606930120153852,0.026209197045508698,70,89,19,2,3,3,9,14,29,14,23
908,313,519,100,100,0,72,72,86,86,0,72,72,86,86,0,0.04836788182034787,0.05265665951870384,97,98,1,3,2,2,3,40,92,3,24
909,22,638,39,100,61,90,142,36,65,29,22,126,39,78,39,0.0011913271384322134,0.01657646618332823,38,80,42,2,3,3,16,3,9,51,23
910,6,6,32,32,0,28,28,36,36,0,6,6,32,32,0,0.00088498587426393,0.00088498587426393,39,39,0,-1,4,4,6,1,69,71,98
911,0,0,1,1,0,0,0,1,1,0,0,0,1,1,0,0.0,0.0,1,1,0,-1,-1,-1,12,0,6,59,99
912,12,113,40,81,41,24,24,37,37,0,12,13,40,41,1,0.00037441710065012424,0.0006467204465774873,35,36,1,5,4,4,4,2,77,63,65
913,0,206,1,93,92,0,22,1,32,31,0,13,1,39,38,0.0,0.0024507301133462676,1,48,47,3,-1,4,5,0,45,67,70
914,0,616,1,100,99,0,54,1,52,51,0,54,1,56,55,0.0,0.02219272269308009,1,85,84,2,-1,3,4,1,79,69,7
915,40,1680,45,100,55,172,220,66,72,6,40,132,45,79,34,0.003165526396405596,0.017052997038701112,51,80,29,1,2,2,17,3,20,46,17
916,16,16,36,36,0,60,60,37,37,0,16,16,36,36,0,0.0006467204465774873,0.0006467204465774873,37,37,0,-1,3,3,11,1,38,49,45
917,100,100,65,65,0,100,100,75,75,0,100,100,77,77,0,0.04625753088941081,0.056843323462337045,97,99,2,3,1,1,5,16,61,12,37
918,76,178,63,89,26,70,70,58,58,0,70,70,64,64,0,0.008305252050784574,0.008305252050784574,67,67,0,4,3,3,5,7,63,21,95
919,102,204,78,91,13,102,102,93,93,0,102,102,93,93,0,0.015283025290173252,0.015657442390823378,78,78,0,4,2,2,4,4,84,38,49
920,22,228,51,93,42,34,34,47,47,0,22,28,51,54,3,0.003369753905851118,0.003982436434187685,51,52,1,3,3,3,4,2,77,83,49
921,16,16,44,44,0,54,54,55,55,0,16,16,44,44,0,0.0032336022328874367,0.0032336022328874367,50,50,0,-1,3,3,4,3,84,46,82
922,262,262,95,95,0,318,318,91,91,0,262,262,95,95,0,0.020252561353347628,0.020252561353347628,82,82,0,-1,2,2,16,16,4,18,89
923,0,101,1,74,73,0,7,1,25,24,0,1,1,25,24,0.0,0.0,1,1,0,5,-1,6,7,0,62,84,68
924,136,136,79,79,0,124,124,65,65,0,124,124,77,77,0,0.008339289969025495,0.008339289969025495,65,65,0,-1,3,3,9,13,28,24,97
925,262,862,96,100,4,120,120,100,100,0,120,120,100,100,0,0.04615541713468804,0.06685047142516763,95,99,4,2,2,2,3,27,92,10,7
926,114,114,87,87,0,56,56,88,88,0,56,56,88,88,0,0.020695054290479593,0.020695054290479593,85,85,0,-1,2,2,2,9,93,31,59
927,0,206,1,94,93,0,10,1,31,30,0,10,1,38,37,0.0,0.002825147213996392,1,47,46,3,-1,4,3,0,81,93,73
928,12,12,32,32,0,24,24,30,30,0,12,12,32,32,0,0.0005446066918547262,0.0005446066918547262,31,31,0,-1,4,4,6,2,51,63,96
929,275,275,94,94,0,246,246,95,95,0,246,246,96,96,0,0.018857006705469893,0.018857006705469893,79,79,0,-1,2,2,10,15,22,19,86
930,14,14,40,40,0,26,26,37,37,0,14,14,40,40,0,0.001497668402600497,0.001497668402600497,42,42,0,-1,4,4,5,3,70,43,98
931,0,616,1,100,99,0,32,1,57,56,0,32,1,58,57,0.0,0.021954457265393648,1,89,88,2,-1,3,2,0,68,98,9
932,2,618,28,100,72,5,28,28,42,14,2,28,28,49,21,0.0002382654276864427,0.00616086320160659,32,57,25,2,5,3,3,1,96,55,72
933,362,464,98,99,1,280,280,98,98,0,280,280,98,98,0,0.025188059498281085,0.025256135334762925,87,87,0,4,2,2,10,19,0,15,55
934,0,206,1,92,91,0,24,1,39,38,0,24,1,51,50,0.0,0.013683243132849994,1,78,77,3,-1,4,4,1,47,69,23
935,170,170,86,86,0,158,158,97,97,0,158,158,97,97,0,0.017018959120460194,0.017018959120460194,80,80,0,-1,2,2,6,9,34,27,93
936,100,100,58,58,0,100,100,35,35,0,100,100,59,59,0,0.0424112461281868,0.0424112461281868,97,97,0,-1,1,1,17,29,20,0,96
937,8,8,37,37,0,18,18,35,35,0,8,8,37,37,0,0.0008509479560230097,0.0008509479560230097,36,36,0,-1,4,4,3,2,58,74,66
938,56,262,52,94,42,94,94,62,62,0,56,94,53,68,15,0.006671431975220395,0.01943565131556554,57,85,28,3,2,2,5,3,52,29,23
939,134,750,80,100,20,132,132,74,74,0,132,132,81,81,0,0.011130399264780965,0.017597603730555838,70,78,8,2,2,2,8,9,21,31,25
940,6,206,30,89,59,24,24,31,31,0,6,24,30,43,13,0.0004765308553728854,0.004356853534837809,34,50,16,3,4,4,6,2,71,42,57
941,0,101,1,74,73,0,11,1,25,24,0,1,1,25,24,0.0,0.00010211375472276115,1,29,28,5,-1,6,11,0,19,76,60
942,100,100,69,69,0,100,100,66,66,0,100,100,72,72,0,0.04680213758126553,0.047993464719697745,96,96,0,3,1,1,6,17,44,6,61
943,0,616,1,100,99,0,90,1,41,40,0,49,1,50,49,0.0,0.005071649817897137,1,55,54,2,-1,3,12,0,3,85,22
944,16,222,39,95,56,42,46,41,44,3,16,46,39,56,17,0.0007488342013002485,0.01405766023350012,37,78,41,3,3,3,6,1,32,88,15
945,12,212,35,89,54,50,50,36,36,0,12,18,35,42,7,0.0009870996289866913,0.003812246842983083,38,50,12,3,4,4,9,3,54,51,29
946,6,212,29,93,64,29,34,31,32,1,6,14,29,35,6,0.0002042275094455223,0.0005105687736138058,31,35,4,3,4,4,9,1,23,65,63
947,70,276,67,93,26,84,84,75,75,0,70,84,71,75,4,0.007998910786616291,0.011232513019503728,65,71,6,3,2,2,5,6,70,28,35
948,16,16,34,34,0,120,120,58,58,0,16,16,34,34,0,0.0020422750944552232,0.0020422750944552232,44,44,0,-1,3,3,14,2,16,94,80
949,32,1672,43,100,57,84,138,42,74,32,32,138,43,86,43,0.0030293747234419145,0.02484768031587188,48,88,40,1,3,2,9,2,29,83,33
950,136,752,82,100,18,186,186,70,70,0,136,180,82,87,5,0.01330882603219987,0.017427414139351238,75,80,5,2,2,2,12,8,14,20,47
951,16,16,34,34,0,124,124,60,60,0,16,16,34,34,0,0.003778208924742163,0.003778208924742163,51,51,0,-1,3,3,14,1,16,90,97
952,0,616,1,100,99,0,58,1,42,41,0,58,1,56,55,0.0,0.011743081793117532,1,71,70,2,-1,3,8,0,21,79,19
953,72,688,54,100,46,208,208,74,74,0,72,124,55,80,25,0.0033357159876101976,0.010926171755335444,51,67,16,2,2,2,14,6,25,70,17
954,0,616,1,100,99,0,56,1,45,44,0,56,1,57,56,0.0,0.01412573606998196,1,76,75,2,-1,3,6,0,74,36,37
955,0,0,1,1,0,0,0,1,1,0,0,0,1,1,0,0.0,0.0,1,1,0,-1,-1,-1,6,0,48,99,91
956,0,0,1,1,0,0,0,1,1,0,0,0,1,1,0,0.0,0.0,1,1,0,-1,-1,-1,6,0,44,92,96
957,0,616,1,100,99,0,40,1,33,32,0,16,1,32,31,0.0,0.002552843868069029,1,45,44,2,-1,3,9,0,31,85,94
958,22,22,42,42,0,46,46,37,37,0,22,22,42,42,0,0.0007828721195411688,0.0007828721195411688,35,35,0,-1,3,3,6,2,40,56,82
959,239,855,93,100,7,144,144,94,94,0,144,144,94,94,0,0.027706865448109193,0.03526328329759352,89,95,6,2,2,2,6,15,71,16,34
960,8,8,37,37,0,20,20,35,35,0,8,8,37,37,0,0.0006807583648184077,0.0006807583648184077,37,37,0,-1,4,4,4,3,83,51,67
961,0,616,1,100,99,0,84,1,45,44,0,84,1,59,58,0.0,0.015555328636100617,1,79,78,2,-1,3,9,0,28,81,30
962,180,386,89,98,9,264,264,93,93,0,180,194,89,91,2,0.015419176963136935,0.018142210422410564,77,80,3,3,2,2,12,9,6,27,73
963,73,689,64,100,36,70,70,62,62,0,70,70,69,69,0,0.007760645358929848,0.021035433472888797,63,84,21,2,3,3,5,8,45,57,37
964,100,100,72,72,0,100,100,77,77,0,100,100,77,77,0,0.026004969536063176,0.02641342455495422,86,86,0,4,1,1,6,4,69,64,74
965,2,1642,26,100,74,15,98,26,37,11,2,66,26,54,28,6.807583648184077e-05,0.011811157629599374,28,71,43,1,5,2,14,2,16,58,26
966,288,904,95,100,5,270,280,99,99,0,270,280,99,99,0,0.025222097416522007,0.04700636509071105,87,96,9,2,2,2,10,18,22,30,10
967,176,176,86,86,0,120,120,78,78,0,120,120,78,78,0,0.015351101126655093,0.015351101126655093,77,77,0,-1,2,2,6,14,41,14,92
968,294,910,98,100,2,136,136,98,98,0,136,136,98,98,0,0.04128799482623643,0.04789135096497498,95,96,1,2,2,2,4,27,77,10,24
969,2,2,29,29,0,8,8,31,31,0,2,2,29,29,0,0.0002042275094455223,0.0002042275094455223,31,31,0,-1,5,5,4,1,77,60,91
970,40,656,46,100,54,140,180,65,75,10,40,180,46,87,41,0.003199564314646516,0.026243234963749616,49,89,40,2,2,2,11,1,33,53,0
971,18,120,39,81,42,32,32,35,35,0,18,20,39,40,1,0.00088498587426393,0.00088498587426393,37,37,0,4,3,3,5,2,50,63,95
972,126,126,82,82,0,80,80,59,59,0,80,80,63,63,0,0.009632730862180468,0.009632730862180468,69,69,0,-1,3,3,5,13,61,24,91
973,40,246,44,92,48,120,120,57,57,0,40,50,44,52,8,0.003642057251778481,0.004663194799006093,53,55,2,3,3,3,14,6,8,73,54
974,2,618,27,100,73,10,56,29,43,14,2,56,27,57,30,0.0,0.02277136730317574,1,87,86,2,5,3,6,1,34,95,11
975,0,0,1,1,0,0,0,1,1,0,0,0,1,1,0,0.0,0.0,1,1,0,-1,-1,-1,6,0,41,91,87
976,16,1656,45,100,55,28,52,46,77,31,16,52,44,79,35,0.001940161339732462,0.03979032642363593,43,94,51,1,3,2,3,1,85,53,24
977,16,1656,35,100,65,78,102,44,62,18,16,102,35,75,40,0.0026889955410327104,0.02042275094455223,46,80,34,1,3,2,8,3,27,46,31
978,6,6,33,33,0,11,11,33,33,0,6,6,33,33,0,0.0002042275094455223,0.0002042275094455223,32,32,0,-1,4,4,4,1,72,4,99
979,16,16,35,35,0,88,88,48,48,0,16,16,35,35,0,0.003165526396405596,0.003165526396405596,49,49,0,-1,3,3,8,1,15,90,36
980,86,188,65,90,25,86,86,63,63,0,86,86,67,67,0,0.007011811157629599,0.007352190340038803,58,60,2,4,3,3,6,6,56,13,42
981,0,616,1,100,99,0,42,1,39,38,0,40,1,51,50,0.0,0.005241839409101739,1,55,54,2,-1,3,6,0,34,81,47
982,0,102,1,77,76,0,6,1,24,23,0,2,1,24,23,0.0,0.0,1,1,0,4,-1,5,5,0,50,87,95
983,207,309,92,94,2,144,144,88,88,0,144,144,88,88,0,0.019912182170938427,0.019912182170938427,82,82,0,4,2,2,6,15,44,19,95
984,84,290,61,95,34,104,104,82,82,0,84,104,69,82,13,0.010824058000612683,0.011777119711358454,72,74,2,3,2,2,5,5,50,25,64
985,8,214,39,96,57,12,12,35,35,0,8,12,39,42,3,0.002314578440382586,0.0030293747234419145,49,52,3,3,4,4,2,2,86,83,42
986,0,616,1,100,99,0,22,1,51,50,0,16,1,50,49,0.0,0.006467204465774873,1,62,61,2,-1,3,2,0,98,89,94
987,0,0,1,1,0,0,0,1,1,0,0,0,1,1,0,0.0,0.0,1,1,0,-1,-1,-1,6,0,44,80,67
988,0,102,1,74,73,0,9,1,28,27,0,3,1,29,28,0.0,0.0002042275094455223,1,31,30,4,-1,5,6,0,74,93,63
989,0,206,1,94,93,0,8,1,32,31,0,8,1,37,36,0.0,0.0020082371762143027,1,44,43,3,-1,4,2,0,90,96,70
990,0,102,1,77,76,0,11,1,28,27,0,2,1,27,26,0.0,0.00037441710065012424,1,33,32,4,-1,5,7,0,62,66,49
991,47,247,62,95,33,28,28,45,45,0,28,28,50,50,0,0.00707988699411144,0.00980292045338507,63,65,2,3,3,3,3,8,58,44,47
992,50,666,62,100,38,28,38,44,58,14,28,38,51,61,10,0.005446066918547262,0.023179822322066782,54,86,32,2,3,3,3,5,92,47,18
993,0,206,1,93,92,0,24,1,37,36,0,24,1,50,49,0.0,0.008101024541339052,1,67,66,3,-1,4,4,0,72,98,27
994,114,730,78,100,22,134,134,88,88,0,114,134,84,88,4,0.013683243132849994,0.02386058068688519,75,87,12,2,2,2,6,6,59,77,39
995,2,618,27,100,73,7,34,28,42,14,2,34,27,51,24,0.00013615167296368154,0.011368664692467409,30,75,45,2,5,3,4,1,79,65,8
996,16,118,37,78,41,70,70,58,58,0,16,18,37,41,4,0.0025188059498281084,0.0026209197045508697,48,49,1,4,3,3,5,1,63,53,60
997,8,214,35,90,55,38,42,34,38,4,8,27,35,46,11,0.0007828721195411688,0.00439089145307873,36,51,15,3,4,4,9,2,26,74,22
998,0,616,1,100,99,0,50,1,38,37,0,34,1,47,46,0.0,0.006467204465774873,1,63,62,2,-1,3,8,0,39,81,62
999,33,649,55,100,45,28,38,46,60,14,28,38,53,62,9,0.003880322679464924,0.019095272133156337,53,83,30,2,3,3,3,6,81,35,30
