,FreeNet_pre_score,FreeNet_post_score,FreeNet_pre_rank,FreeNet_post_rank,FreeNet_delta_ranks,Reversed_pre_score,Reversed_post_score,Reversed_pre_rank,Reversed_post_rank,Reversed_delta_ranks,Independent_pre_score,Independent_post_score,Independent_pre_rank,Independent_post_rank,Independent_delta_ranks,Random_pre_score,Random_post_score,Random_pre_rank,Random_post_rank,Random_delta_ranks,dist_victim_relayer,dist_victim_vilain_pre,dist_victim_vilain_post,out_deg_victim,in_deg_villain,victim,villain,relayer
0,97,713,57,100,43,250,260,76,76,0,97,129,57,79,22,0.006909697402906838,0.01242384015793594,57,69,12,2,2,2,17,4,20,22,25
1,134,134,82,82,0,230,230,89,89,0,134,134,82,82,0,0.00980292045338507,0.00980292045338507,70,70,0,-1,2,2,12,7,3,21,59
2,258,360,93,99,6,200,200,94,94,0,200,200,94,94,0,0.022533101875489295,0.022635215630212056,87,87,0,4,2,2,8,16,10,12,60
3,110,110,74,74,0,158,158,74,74,0,110,110,74,74,0,0.01157289220191293,0.01157289220191293,74,74,0,-1,2,2,9,6,28,77,84
4,6,6,31,31,0,10,10,32,32,0,6,6,31,31,0,0.00037441710065012424,0.00037441710065012424,33,33,0,-1,4,4,3,1,55,88,36
5,0,206,1,92,91,0,16,1,32,31,0,13,1,42,41,0.0,0.0026209197045508697,1,49,48,3,-1,4,4,1,78,45,70
6,67,1707,58,100,42,88,112,49,65,16,67,112,58,78,20,0.005377991082065421,0.030634126416828347,57,91,34,1,3,2,8,6,30,35,18
7,28,130,50,88,38,28,28,43,43,0,28,28,50,50,0,0.0020422750944552232,0.0021784267674189047,46,47,1,4,3,3,3,3,66,54,56
8,6,108,32,80,48,18,18,32,32,0,6,8,32,35,3,0.00037441710065012424,0.001157289220191293,34,40,6,4,4,4,5,1,45,4,71
9,1,1,26,26,0,5,5,26,26,0,1,1,26,26,0,6.807583648184077e-05,6.807583648184077e-05,28,28,0,-1,6,6,5,1,63,78,82
10,68,274,65,98,33,56,56,80,80,0,56,56,81,81,0,0.010892133837094524,0.02382654276864427,70,88,18,3,2,2,2,4,91,38,6
11,169,375,92,100,8,72,72,80,80,0,72,72,80,80,0,0.023588277340957826,0.027706865448109193,89,89,0,3,2,2,3,16,87,12,72
12,16,632,37,100,63,54,54,39,39,0,16,46,37,54,17,0.0011913271384322134,0.006773545729943157,40,61,21,2,3,3,8,1,21,71,62
13,38,38,51,51,0,56,56,46,46,0,38,38,51,51,0,0.0030293747234419145,0.0030293747234419145,49,49,0,-1,3,3,6,6,74,70,45
14,0,206,1,94,93,0,20,1,35,34,0,20,1,41,40,0.0,0.00881582082439838,1,66,65,3,-1,4,4,0,53,86,14
15,234,336,88,93,5,200,200,93,93,0,200,200,93,93,0,0.02018448551686579,0.020763130126961436,80,81,1,4,2,2,8,14,27,14,63
16,8,624,34,100,66,24,62,32,46,14,8,62,34,54,20,0.0004765308553728854,0.019367575479083698,33,84,51,2,4,3,6,2,59,63,9
17,53,259,60,97,37,38,38,47,47,0,38,38,53,53,0,0.006433166547533953,0.008713707069675619,60,68,8,3,3,3,3,8,75,57,35
18,66,682,57,100,43,112,112,66,66,0,64,112,57,77,20,0.00616086320160659,0.01497668402600497,58,75,17,2,2,2,8,6,21,41,17
19,0,616,1,100,99,0,52,1,39,38,0,52,1,55,54,0.0,0.011606930120153852,1,72,71,2,-1,3,7,0,24,67,37
20,0,1640,1,100,99,0,48,1,68,67,0,46,1,69,68,0.0,0.035875965825930084,1,95,94,1,-1,2,3,0,94,85,51
21,132,338,82,96,14,116,116,74,74,0,116,116,81,81,0,0.016202049082678104,0.017087034956942034,79,81,2,3,2,2,7,9,46,39,64
22,212,418,93,99,6,88,88,76,76,0,88,88,79,79,0,0.023213860240307704,0.024609414888185438,88,88,0,3,2,2,4,19,47,15,52
23,0,206,1,91,90,0,56,1,33,32,0,56,1,51,50,0.0,0.006092787365124749,1,56,55,3,-1,4,10,0,0,84,32
24,73,689,64,100,36,88,88,76,76,0,73,88,74,78,4,0.009939072126348753,0.041594336090404714,69,95,26,2,2,2,4,4,47,22,3
25,100,100,66,66,0,100,100,60,60,0,100,100,68,68,0,0.0530991524558358,0.05384798665713605,98,99,1,3,1,1,7,22,43,9,42
26,2,208,28,93,65,4,12,30,35,5,2,12,28,36,8,0.00010211375472276115,0.005582218591510943,29,57,28,3,5,4,2,1,68,95,25
27,0,1640,1,100,99,0,68,1,76,75,0,68,1,78,77,0.0,0.05037611899656217,1,97,96,1,-1,2,4,0,72,85,3
28,0,206,1,91,90,0,20,1,33,32,0,20,1,46,45,0.0,0.006331052792811192,1,59,58,3,-1,4,4,0,84,92,77
29,58,264,57,93,36,54,54,52,52,0,54,54,55,55,0,0.008509479560230097,0.019844106334456584,66,85,19,3,3,3,4,6,83,34,37
30,8,208,37,93,56,20,20,35,35,0,8,20,37,47,10,0.000442492937131965,0.0029612988869600733,35,50,15,3,4,4,4,2,73,63,22
31,200,1840,88,100,12,304,328,87,92,5,200,261,88,93,5,0.01415977398822288,0.02375846693216243,73,86,13,1,2,2,17,8,20,8,35
32,0,102,1,84,83,0,3,1,27,26,0,3,1,33,32,0.0,0.001157289220191293,1,41,40,4,-1,5,2,0,93,97,61
33,300,300,95,95,0,112,112,92,92,0,112,112,92,92,0,0.03192756730998332,0.03192756730998332,90,90,0,-1,2,2,4,22,83,9,99
34,172,273,87,93,6,110,110,83,83,0,110,110,83,83,0,0.022601177711971135,0.022635215630212056,84,84,0,6,2,2,6,18,71,30,78
35,99,305,75,97,22,52,52,74,74,0,52,52,76,76,0,0.012662105585622384,0.016474352428605468,73,80,7,3,2,2,3,13,58,24,28
36,0,616,1,100,99,0,74,1,37,36,0,34,1,45,44,0.0,0.005922597773920147,1,56,55,2,-1,3,12,0,2,66,72
37,22,638,41,100,59,84,84,46,46,0,22,50,41,55,14,0.001497668402600497,0.004799346471969774,41,54,13,2,3,3,9,2,28,74,35
38,0,0,1,1,0,0,0,1,1,0,0,0,1,1,0,0.0,0.0,1,1,0,-1,-1,-1,3,0,75,84,40
39,0,206,1,89,88,0,24,1,31,30,0,8,1,33,32,0.0,0.0002723033459273631,1,33,32,3,-1,4,8,0,42,59,56
40,0,206,1,92,91,0,22,1,27,26,0,7,1,32,31,0.0,0.0004084550188910446,1,33,32,3,-1,4,10,0,36,59,63
41,6,6,28,28,0,16,16,30,30,0,6,6,28,28,0,0.0004765308553728854,0.0004765308553728854,32,32,0,-1,4,4,6,1,56,88,99
42,54,54,54,54,0,44,44,44,44,0,54,54,57,57,0,0.005173763572619898,0.005173763572619898,53,53,0,-1,3,3,4,4,67,72,59
43,46,46,57,57,0,44,44,54,54,0,44,44,58,58,0,0.004595118962524252,0.004595118962524252,54,54,0,-1,3,3,4,6,77,28,76
44,91,707,77,100,23,56,56,84,84,0,56,56,84,84,0,0.015351101126655093,0.02365635317743967,77,87,10,2,2,2,2,8,86,44,72
45,377,977,99,100,1,168,168,97,97,0,168,168,97,97,0,0.038428809693999116,0.054154327921304334,95,97,2,2,2,2,6,29,59,11,9
46,0,206,1,89,88,0,27,1,29,28,0,8,1,32,31,0.0,0.0013955546478777359,1,40,39,3,-1,4,12,0,14,81,83
47,2,208,28,91,63,8,16,30,32,2,2,16,28,43,15,6.807583648184077e-05,0.0051397256543789785,28,55,27,3,5,4,4,1,84,65,48
48,0,101,1,77,76,0,5,1,24,23,0,1,1,24,23,0.0,0.0,1,1,0,5,-1,6,5,1,50,69,78
49,518,518,99,99,0,424,424,98,98,0,424,424,98,98,0,0.035569624561761805,0.035569624561761805,94,94,0,-1,2,2,16,27,4,10,79
50,228,434,92,99,7,104,104,82,82,0,104,104,82,82,0,0.023384049831512304,0.026073045372545015,86,87,1,3,2,2,5,19,80,15,90
51,0,206,1,89,88,0,20,1,27,26,0,8,1,31,30,0.0,0.001497668402600497,1,38,37,3,-1,4,6,0,40,79,83
52,33,135,54,88,34,12,12,39,39,0,12,12,45,45,0,0.00616086320160659,0.007590455767725246,59,65,6,4,4,4,2,8,93,57,94
53,276,276,95,95,0,192,192,100,100,0,192,192,100,100,0,0.034140031995643146,0.034140031995643146,94,94,0,-1,2,2,6,20,56,23,92
54,348,449,96,97,1,176,176,85,85,0,176,176,89,89,0,0.032165832737669764,0.032165832737669764,88,88,0,5,2,2,8,29,42,0,58
55,18,224,48,94,46,34,34,47,47,0,18,25,48,53,5,0.0020082371762143027,0.0026209197045508697,45,49,4,3,3,3,4,2,78,52,63
56,102,718,82,100,18,46,56,82,85,3,46,56,82,85,3,0.014874570271282209,0.03437829742332959,76,95,19,2,2,2,2,8,95,17,22
57,101,307,76,98,22,100,100,71,71,0,100,100,72,72,0,0.009462541270975866,0.011062323428299126,67,71,4,3,2,2,6,8,56,44,70
58,10,216,45,97,52,12,12,39,39,0,12,12,44,44,0,0.0008169100377820892,0.0051397256543789785,39,56,17,3,4,4,2,4,97,64,57
59,130,730,87,100,13,72,72,84,84,0,72,72,84,84,0,0.022601177711971135,0.026992069165049867,87,89,2,2,2,2,3,18,85,30,74
60,146,248,87,94,7,78,78,72,72,0,78,78,75,75,0,0.016916845365737433,0.017393376221110316,80,80,0,4,2,2,4,16,47,12,51
61,32,238,51,95,44,54,54,55,55,0,32,38,51,54,3,0.004901460226692535,0.006297014874570271,56,57,1,3,3,3,4,3,73,29,53
62,0,102,1,75,74,0,11,1,28,27,0,2,1,27,26,0.0,0.00037441710065012424,1,33,32,4,-1,5,6,0,44,98,88
63,16,16,33,33,0,122,122,55,55,0,16,16,33,33,0,0.0011913271384322134,0.0011913271384322134,38,38,0,-1,3,3,16,1,4,71,87
64,100,100,62,62,0,100,100,43,43,0,100,100,62,62,0,0.029919330133769018,0.02998740597025086,91,91,0,4,1,1,12,15,14,19,60
65,8,1648,35,100,65,28,70,34,53,19,8,70,35,61,26,0.0005105687736138058,0.022294836447802852,33,87,54,1,4,2,6,2,56,63,31
66,0,616,1,100,99,0,76,1,56,55,0,76,1,60,59,0.0,0.01861874127778345,1,80,79,2,-1,3,6,0,74,85,18
67,145,145,87,87,0,80,80,71,71,0,80,80,72,72,0,0.02100139555464788,0.02100139555464788,83,83,0,-1,3,3,5,16,49,18,80
68,90,90,61,61,0,154,154,67,67,0,90,90,61,61,0,0.006467204465774873,0.006467204465774873,57,57,0,-1,2,2,10,6,18,28,67
69,135,135,85,85,0,236,236,85,85,0,135,135,85,85,0,0.0088498587426393,0.0088498587426393,65,65,0,-1,2,2,13,8,13,57,91
70,118,324,78,95,17,152,152,70,70,0,118,126,78,79,1,0.011709043874876613,0.011879233466081215,72,72,0,3,3,3,12,8,3,8,56
71,0,101,1,86,85,0,2,1,24,23,0,2,1,28,27,0.0,0.00030634126416828345,1,34,33,5,-1,6,2,0,97,80,56
72,22,22,41,41,0,58,58,36,36,0,22,22,41,41,0,0.0006126825283365669,0.0006126825283365669,35,35,0,-1,3,3,10,2,18,63,82
73,51,251,55,93,38,94,94,49,49,0,51,94,55,68,13,0.004561081044283332,0.009428503352734947,55,69,14,3,3,3,9,6,31,35,77
74,100,100,63,63,0,100,100,39,39,0,100,100,63,63,0,0.02661765206439974,0.03802035467510807,88,94,6,2,1,1,14,13,17,33,5
75,100,100,66,66,0,100,100,49,49,0,100,100,66,66,0,0.03618230709009837,0.03618230709009837,94,94,0,-1,1,1,9,16,54,18,59
76,100,100,72,72,0,100,100,71,71,0,100,100,75,75,0,0.06807583648184078,0.09009836958371625,100,100,0,2,1,1,6,29,32,0,7
77,22,1662,45,100,55,66,100,49,65,16,22,75,45,60,15,0.0019061234214915416,0.021375812655298,44,83,39,1,3,2,6,2,44,61,22
78,146,248,83,93,10,110,110,77,77,0,110,110,81,81,0,0.015589366554341537,0.015827631982027978,79,79,0,4,2,2,6,14,74,14,49
79,56,158,56,84,28,148,148,78,78,0,56,58,56,57,1,0.005480104836788182,0.005616256509751864,56,56,0,4,2,2,9,3,23,29,60
80,0,616,1,100,99,0,45,1,33,32,0,25,1,44,43,0.0,0.002586881786309949,1,45,44,2,-1,3,12,0,3,81,41
81,206,406,90,99,9,244,244,89,89,0,206,216,90,91,1,0.012594029749140543,0.014398039415909322,72,75,3,3,2,2,12,9,14,31,41
82,0,0,1,1,0,0,0,1,1,0,0,0,1,1,0,0.0,0.0,1,1,0,-1,-1,-1,11,0,5,97,40
83,32,32,51,51,0,38,38,51,51,0,32,32,53,53,0,0.0053439531638245,0.0053439531638245,57,57,0,-1,3,3,3,3,82,29,84
84,0,616,1,100,99,0,22,1,48,47,0,22,1,52,51,0.0,0.02811532046700024,1,92,91,2,-1,3,2,0,90,84,0
85,332,948,97,100,3,168,168,98,98,0,168,168,98,98,0,0.03761189965621702,0.04823173014738419,95,97,2,2,2,2,6,29,34,0,77
86,110,110,83,83,0,72,72,80,80,0,72,72,80,80,0,0.012117498893767658,0.012117498893767658,75,75,0,-1,2,2,3,13,76,24,80
87,100,100,67,67,0,100,100,70,70,0,100,100,71,71,0,0.0317233398005378,0.034854828278702475,91,92,1,3,1,1,6,8,74,57,35
88,8,8,35,35,0,32,32,37,37,0,8,8,35,35,0,0.00034037918240920387,0.00034037918240920387,34,34,0,-1,4,4,6,2,32,56,99
89,146,246,87,94,7,88,88,76,76,0,88,88,79,79,0,0.02314578440382586,0.02403077027808979,87,88,1,4,2,2,4,17,47,6,71
90,0,206,1,90,89,0,26,1,34,33,0,26,1,47,46,0.0,0.006399128629293032,1,59,58,3,-1,4,5,0,80,84,77
91,0,102,1,80,79,0,6,1,30,29,0,4,1,30,29,0.0,0.0004765308553728854,1,34,33,4,-1,5,3,1,55,50,63
92,0,102,1,82,81,0,8,1,31,30,0,6,1,32,31,0.0,0.002144388849177984,1,48,47,4,-1,5,4,0,78,86,41
93,38,654,48,100,52,136,136,67,67,0,38,136,48,83,35,0.0032336022328874367,0.018380475850097007,49,80,31,2,3,3,11,6,38,70,5
94,0,206,1,92,91,0,13,1,32,31,0,6,1,32,31,0.0,0.0007147962830593281,1,36,35,3,-1,4,5,0,88,91,49
95,111,111,73,73,0,154,154,66,66,0,111,111,73,73,0,0.008203138296061813,0.008203138296061813,61,61,0,-1,2,2,10,8,0,57,96
96,46,662,52,100,48,64,74,53,58,5,46,74,52,63,11,0.0063650907110521125,0.019197385887879097,57,83,26,2,2,2,5,2,50,75,30
97,32,133,49,81,32,42,42,38,38,0,32,33,49,50,1,0.002927260968719153,0.002927260968719153,49,49,0,6,3,3,6,2,65,75,58
98,290,496,99,100,1,88,88,84,84,0,88,88,84,84,0,0.036488648354266656,0.043874876612546375,95,97,2,3,2,2,4,29,67,0,25
99,70,70,63,63,0,64,64,68,68,0,64,64,69,69,0,0.006569318220497634,0.006569318220497634,60,60,0,-1,3,3,4,5,73,47,91
100,0,102,1,80,79,0,7,1,28,27,0,4,1,32,31,0.0,0.0005786446100956465,1,36,35,4,-1,5,4,1,73,69,74
101,2,618,29,100,71,14,74,29,44,15,2,74,29,59,30,0.00013615167296368154,0.014908608189523128,30,78,48,2,5,3,9,1,26,55,6
102,0,616,1,99,98,0,102,1,52,51,0,57,1,51,50,0.0,0.005786446100956465,1,55,54,2,-1,3,17,0,20,82,57
103,0,102,1,83,82,0,4,1,29,28,0,2,1,27,26,0.0,0.00013615167296368154,1,30,29,4,-1,5,2,0,89,97,4
104,12,218,39,91,52,24,24,37,37,0,12,24,39,49,10,0.0010211375472276116,0.0038462847612240037,41,52,11,3,4,4,4,2,83,74,22
105,78,1718,63,100,37,94,118,70,91,21,78,118,68,91,23,0.009394465434494027,0.03996051601484053,69,95,26,1,2,2,5,7,37,62,6
106,0,0,1,1,0,0,0,1,1,0,0,0,1,1,0,0.0,0.0,1,1,0,-1,-1,-1,3,0,92,91,76
107,276,482,93,100,7,176,176,98,98,0,176,176,98,98,0,0.032199870655910685,0.033050818611933694,88,88,0,3,2,2,5,16,61,18,42
108,0,616,1,100,99,0,100,1,44,43,0,100,1,63,62,0.0,0.013479015623404473,1,74,73,2,-1,3,10,0,18,66,5
109,0,101,1,82,81,0,2,1,25,24,0,1,1,25,24,0.0,0.0,1,1,0,6,-1,7,2,0,90,97,68
110,32,648,51,100,49,76,76,54,54,0,32,76,51,65,14,0.004935498144933456,0.012083460975526737,54,73,19,2,3,3,6,3,32,29,24
111,208,824,92,100,8,222,222,92,92,0,208,222,92,94,2,0.02032063718982947,0.02573266619013581,85,87,2,2,2,2,10,12,0,37,62
112,100,100,57,57,0,100,100,38,38,0,100,100,57,57,0,0.03427618366860683,0.04043704687021342,93,95,2,2,1,1,16,16,4,12,25
113,16,16,35,35,0,90,90,45,45,0,16,16,35,35,0,0.0028932230504782326,0.0028932230504782326,48,48,0,-1,3,3,10,2,22,94,79
114,146,762,81,100,19,90,90,67,67,0,90,90,69,69,0,0.013751318969331836,0.033084856530174615,74,95,21,2,2,2,6,14,56,14,0
115,0,616,1,100,99,0,28,1,44,43,0,28,1,51,50,0.0,0.014704380680077607,1,77,76,2,-1,3,3,0,94,86,37
116,12,113,37,83,46,18,18,36,36,0,12,13,37,40,3,0.0017359338302869397,0.0017359338302869397,44,44,0,5,4,4,3,2,75,83,95
117,0,206,1,96,95,0,8,1,31,30,0,8,1,37,36,0.0,0.0042547397801150485,1,54,53,3,-1,4,2,0,98,82,38
118,46,252,53,93,40,100,100,45,45,0,46,52,53,55,2,0.0026549576227917903,0.004799346471969774,47,57,10,3,2,2,11,2,19,74,46
119,111,727,78,100,22,152,152,80,80,0,111,152,78,87,9,0.00891793457912114,0.022124646856598252,67,83,16,2,2,2,8,8,30,44,19
120,6,622,30,100,70,28,66,34,46,12,6,66,30,54,24,0.0002042275094455223,0.03104258143571939,29,94,65,2,4,3,6,1,71,4,2
121,339,339,98,98,0,144,144,88,88,0,144,144,89,89,0,0.03516116954287076,0.03516116954287076,93,93,0,-1,2,2,6,29,34,11,45
122,34,136,48,83,35,80,80,41,41,0,34,36,48,48,0,0.0014636304843595766,0.00176997174852786,41,41,0,4,3,3,10,4,22,64,49
123,0,206,1,88,87,0,26,1,31,30,0,6,1,28,27,0.0,0.0006807583648184077,1,35,34,3,-1,4,8,0,15,36,42
124,2,618,27,100,73,10,56,29,43,14,2,56,27,53,26,0.00013615167296368154,0.015146873617209572,30,78,48,2,5,3,6,1,41,55,6
125,0,616,1,100,99,0,34,1,33,32,0,24,1,42,41,0.0,0.0030634126416828346,1,47,46,2,-1,3,8,0,27,89,43
126,100,100,80,80,0,100,100,98,98,0,100,100,98,98,0,0.08305252050784574,0.08308655842608666,99,99,0,6,1,1,2,7,89,62,78
127,0,0,1,1,0,0,0,1,1,0,0,0,1,1,0,0.0,0.0,1,1,0,-1,-1,-1,3,0,85,36,84
128,226,826,90,100,10,192,192,86,86,0,192,192,89,89,0,0.018006058749446885,0.023588277340957826,79,85,6,2,2,2,9,18,28,5,62
129,6,622,31,100,69,10,38,32,56,24,6,38,31,59,28,0.00037441710065012424,0.025902855781340415,34,89,55,2,4,3,3,1,85,88,10
130,0,102,1,69,68,0,11,1,25,24,0,2,1,25,24,0.0,0.0,1,1,0,4,-1,5,10,0,0,97,95
131,16,632,37,100,63,58,68,43,45,2,16,68,37,58,21,0.0020422750944552232,0.008951972497362062,45,66,21,2,3,3,8,2,21,94,31
132,63,679,60,100,40,76,86,60,67,7,76,86,65,71,6,0.007522379931243405,0.028796078831818644,61,88,27,2,3,3,6,8,69,57,10
133,16,117,38,81,43,56,56,46,46,0,16,17,38,43,5,0.002484768031587188,0.0025188059498281084,48,48,0,6,3,3,6,3,74,46,58
134,38,244,49,95,46,84,84,47,47,0,38,48,49,54,5,0.0029612988869600733,0.004356853534837809,49,52,3,3,3,3,9,6,35,70,54
135,0,206,1,92,91,0,28,1,32,31,0,28,1,48,47,0.0,0.004901460226692535,1,53,52,3,-1,4,6,1,59,69,57
136,0,206,1,89,88,0,33,1,33,32,0,14,1,39,38,0.0,0.003199564314646516,1,46,45,3,-1,4,9,0,26,81,41
137,2,618,25,100,75,6,40,25,39,14,2,40,25,48,23,0.0,0.007216038667075122,1,63,62,2,5,3,5,1,50,68,25
138,0,206,1,92,91,0,32,1,34,33,0,14,1,36,35,0.0,0.002212464685659825,1,45,44,3,-1,4,8,0,21,93,70
139,0,616,1,100,99,0,48,1,35,34,0,30,1,46,45,0.0,0.005480104836788182,1,54,53,2,-1,3,9,0,35,36,38
140,22,123,44,81,37,36,36,40,40,0,22,23,44,47,3,0.0014636304843595766,0.0015317063208414173,41,43,2,5,3,3,5,3,37,51,95
141,0,616,1,100,99,0,40,1,43,42,0,40,1,52,51,0.0,0.009088124170325743,1,67,66,2,-1,3,5,0,70,84,20
142,16,222,38,93,55,48,52,41,41,0,16,38,38,50,12,0.001157289220191293,0.005582218591510943,39,56,17,3,3,3,7,1,62,71,26
143,75,691,60,100,40,118,128,75,78,3,75,128,60,82,22,0.007386228258279724,0.01851662752306069,60,80,20,2,2,2,9,6,26,35,14
144,6,212,33,93,60,11,16,33,36,3,6,14,33,42,9,0.0002042275094455223,0.00176997174852786,32,44,12,3,4,4,4,1,72,4,51
145,53,53,61,61,0,38,38,56,56,0,38,38,57,57,0,0.006943735321147759,0.006943735321147759,60,60,0,-1,3,3,3,8,60,57,89
146,148,148,85,85,0,232,232,95,95,0,148,148,84,84,0,0.012866333095067906,0.012866333095067906,74,74,0,-1,2,2,10,6,36,77,99
147,6,622,32,100,68,12,22,36,41,5,6,22,32,45,13,0.0006126825283365669,0.024473263215221756,37,90,53,2,4,3,2,2,68,42,10
148,0,0,1,1,0,0,0,1,1,0,0,0,1,1,0,0.0,0.0,1,1,0,-1,-1,-1,4,0,72,81,40
149,0,206,1,96,95,0,7,1,30,29,0,7,1,36,35,0.0,0.0009870996289866913,1,36,35,3,-1,4,2,0,99,92,61
150,0,0,1,1,0,0,0,1,1,0,0,0,1,1,0,0.0,0.0,1,1,0,-1,-1,-1,8,0,10,40,66
151,40,142,60,91,31,22,22,52,52,0,22,22,55,55,0,0.005616256509751864,0.005820484019197386,59,60,1,4,3,3,2,5,98,47,56
152,0,0,1,1,0,0,0,1,1,0,0,0,1,1,0,0.0,0.0,1,1,0,-1,-1,-1,3,0,94,36,67
153,105,721,77,100,23,48,48,62,62,0,48,48,64,64,0,0.00966676878042139,0.040198781442526976,70,94,24,2,3,3,3,13,64,24,2
154,112,728,77,100,23,274,274,84,84,0,112,128,77,83,6,0.008475441641989176,0.010381565063480718,63,67,4,2,2,2,16,4,4,72,53
155,100,100,64,64,0,100,100,44,44,0,100,100,64,64,0,0.02757071377514551,0.042955852820041523,89,95,6,2,1,1,13,13,13,33,23
156,0,0,1,1,0,0,0,1,1,0,0,0,1,1,0,0.0,0.0,1,1,0,-1,-1,-1,10,0,11,89,67
157,0,0,1,1,0,0,0,1,1,0,0,0,1,1,0,0.0,0.0,1,1,0,-1,-1,-1,10,0,18,84,81
158,16,222,42,92,50,26,34,42,42,0,16,34,42,51,9,0.0004765308553728854,0.010687906327649,35,73,38,3,3,3,4,1,79,4,37
159,100,100,64,64,0,100,100,57,57,0,100,100,65,65,0,0.04435140746791926,0.052043976990367266,97,98,1,2,1,1,8,20,10,23,77
160,0,616,1,100,99,0,34,1,38,37,0,34,1,50,49,0.0,0.020695054290479593,1,86,85,2,-1,3,4,0,53,66,11
161,14,630,45,100,55,12,22,35,51,16,12,22,42,54,12,0.0019061234214915416,0.015385139044896015,45,81,36,2,4,3,2,3,98,54,6
162,0,616,1,99,98,0,92,1,40,39,0,58,1,55,54,0.0,0.008951972497362062,1,68,67,2,-1,3,12,0,6,97,17
163,6,1646,30,100,70,14,70,31,58,27,6,70,30,65,35,0.0004084550188910446,0.02729841042921815,35,87,52,1,4,2,5,1,80,88,28
164,22,124,49,82,33,54,54,55,55,0,22,24,49,50,1,0.004186663943633207,0.004493005207801491,53,53,0,4,3,3,4,3,84,29,49
165,0,206,1,92,91,0,36,1,34,33,0,25,1,50,49,0.0,0.003710133088260322,1,53,52,3,-1,4,8,0,21,80,28
166,0,206,1,92,91,0,14,1,34,33,0,14,1,42,41,0.0,0.007352190340038803,1,64,63,3,-1,4,3,0,76,66,32
167,6,108,29,74,45,29,29,31,31,0,6,8,29,33,4,0.0002042275094455223,0.0002042275094455223,31,31,0,4,4,4,12,1,3,65,95
168,0,102,1,83,82,0,4,1,29,28,0,4,1,32,31,0.0,0.0013274788113958951,1,40,39,4,-1,5,2,0,89,67,83
169,0,1640,1,100,99,0,106,1,65,64,0,106,1,74,73,0.0,0.03577385207120733,1,94,93,1,-1,2,7,0,24,79,0
170,0,206,1,94,93,0,24,1,33,32,0,6,1,30,29,0.0,0.00176997174852786,1,42,41,3,-1,4,6,0,32,79,94
171,203,203,90,90,0,144,144,88,88,0,144,144,88,88,0,0.02542632492596753,0.02542632492596753,87,87,0,-1,2,2,6,16,44,18,96
172,401,401,97,97,0,224,224,96,96,0,224,224,96,96,0,0.03601211749889377,0.03601211749889377,90,90,0,-1,2,2,8,29,42,11,97
173,40,656,49,100,51,98,112,38,55,17,40,59,49,53,4,0.0018720855032506212,0.003369753905851118,43,49,6,2,2,2,14,1,16,49,64
174,0,206,1,91,90,0,66,1,37,36,0,66,1,58,57,0.0,0.011402702610708328,1,71,70,3,-1,4,11,0,38,93,6
175,6,212,30,90,60,14,20,30,32,2,6,12,30,35,5,0.0002042275094455223,0.0022465026039007454,32,46,14,3,4,4,6,1,74,55,90
176,173,173,90,90,0,110,110,81,81,0,110,110,85,85,0,0.015112835698968652,0.015112835698968652,79,79,0,-1,2,2,6,15,32,19,40
177,0,102,1,84,83,0,4,1,28,27,0,4,1,31,30,0.0,0.001055175465468532,1,38,37,4,-1,5,2,0,98,80,54
178,12,628,34,100,66,58,82,34,40,6,12,61,34,53,19,0.00030634126416828345,0.0068075836481840775,33,55,22,2,4,3,11,2,5,63,57
179,42,144,51,81,30,76,76,49,49,0,40,43,50,51,1,0.00353994349705572,0.0038462847612240037,49,49,0,4,3,3,6,6,40,41,63
180,58,674,72,100,28,46,56,87,91,4,46,56,88,91,3,0.014840532353041287,0.02569862827189489,79,88,9,2,2,2,2,4,97,72,73
181,86,702,54,100,46,210,210,72,72,0,86,108,54,76,22,0.00803294870485721,0.011028285510058205,62,69,7,2,2,2,16,6,4,34,29
182,160,366,83,96,13,150,150,86,86,0,150,150,86,86,0,0.01851662752306069,0.019265461724360937,82,82,0,3,2,2,7,12,43,37,71
183,100,100,77,77,0,100,100,97,97,0,100,100,97,97,0,0.06759930562646789,0.0717859695701011,99,99,0,3,1,1,3,12,55,37,22
184,0,0,1,1,0,0,0,1,1,0,0,0,1,1,0,0.0,0.0,1,1,0,-1,-1,-1,8,0,42,79,40
185,0,206,1,96,95,0,14,1,32,31,0,14,1,40,39,0.0,0.004016474352428605,1,51,50,3,-1,4,3,0,75,36,57
186,118,324,86,98,12,72,72,79,79,0,72,72,80,80,0,0.02038871302631131,0.021852343510670887,85,88,3,3,2,2,3,9,75,39,54
187,90,296,61,95,34,154,154,67,67,0,90,100,61,63,2,0.008271214132543654,0.009496579189216788,65,67,2,3,2,2,10,6,18,34,64
188,56,262,55,94,39,154,154,72,72,0,56,62,55,55,0,0.00622893903808843,0.007488342013002485,58,61,3,3,2,2,10,3,36,29,51
189,14,115,42,80,38,24,24,40,40,0,14,15,42,42,0,0.0012934408931549745,0.0013274788113958951,41,41,0,5,4,4,4,4,47,64,95
190,100,100,60,60,0,100,100,50,50,0,100,100,60,60,0,0.04329623200245073,0.04329623200245073,94,94,0,-1,1,1,9,20,28,23,40
191,0,206,1,90,89,0,32,1,28,27,0,6,1,28,27,0.0,0.0007828721195411688,1,34,33,3,-1,4,13,0,13,81,42
192,38,139,52,87,35,66,66,49,49,0,38,39,53,53,0,0.0034718676605738795,0.0036760951700194017,51,52,1,5,3,3,6,6,32,70,55
193,16,222,39,93,54,28,28,40,40,0,16,28,39,48,9,0.0014636304843595766,0.0156914803090643,41,80,39,3,3,3,3,1,82,71,16
194,233,439,99,100,1,56,56,82,82,0,56,56,82,82,0,0.037373634228530586,0.04098165356206814,96,97,1,3,2,2,2,29,89,11,41
195,6,6,27,27,0,20,20,27,27,0,6,6,27,27,0,6.807583648184077e-05,6.807583648184077e-05,27,27,0,-1,4,4,14,1,25,68,98
196,56,56,61,61,0,44,44,53,53,0,44,44,58,58,0,0.007692569522448007,0.007692569522448007,63,63,0,-1,3,3,4,6,78,34,82
197,0,206,1,87,86,0,47,1,33,32,0,12,1,33,32,0.0,0.002110350930937064,1,43,42,3,-1,4,14,0,16,59,83
198,63,679,61,100,39,64,64,60,60,0,64,64,63,63,0,0.007658531604207087,0.027536675856904592,63,87,24,2,3,3,4,8,83,57,0
199,116,116,79,79,0,114,114,67,67,0,114,114,79,79,0,0.00891793457912114,0.00891793457912114,68,68,0,-1,3,3,9,13,35,24,36
200,0,0,1,1,0,0,0,1,1,0,0,0,1,1,0,0.0,0.0,1,1,0,-1,-1,-1,16,0,9,84,80
201,0,616,1,100,99,0,28,1,39,38,0,28,1,48,47,0.0,0.00970080669866231,1,72,71,2,-1,3,3,0,82,67,27
202,100,100,60,60,0,100,100,52,52,0,100,100,60,60,0,0.053609721229449604,0.05565199632390483,99,99,0,2,1,1,9,27,29,10,43
203,46,252,48,90,42,134,138,60,60,0,46,52,48,50,2,0.0020422750944552232,0.003778208924742163,43,52,9,3,2,2,17,2,20,74,94
204,122,738,76,100,24,104,104,73,73,0,104,104,79,79,0,0.012151536812008578,0.018244324177133328,75,83,8,2,2,2,5,9,52,27,72
205,2,618,27,100,73,4,28,27,45,18,2,28,27,50,23,3.4037918240920386e-05,0.024337111542258077,29,89,60,2,5,3,3,1,85,78,1
206,34,34,53,53,0,28,28,45,45,0,28,28,50,50,0,0.005922597773920147,0.005922597773920147,59,59,0,-1,3,3,3,4,58,72,84
207,0,206,1,94,93,0,8,1,30,29,0,8,1,34,33,0.0,0.00616086320160659,1,57,56,3,-1,4,2,1,91,50,8
208,0,101,1,83,82,0,2,1,24,23,0,1,1,24,23,0.0,3.4037918240920386e-05,1,27,26,5,-1,6,2,1,93,50,65
209,6,6,30,30,0,24,24,34,34,0,6,6,30,30,0,0.0008169100377820892,0.0008169100377820892,36,36,0,-1,4,4,6,2,34,42,89
210,0,0,1,1,0,0,0,1,1,0,0,0,1,1,0,0.0,0.0,1,1,0,-1,-1,-1,11,0,33,98,80
211,6,212,28,88,60,38,57,29,32,3,6,16,28,31,3,0.00013615167296368154,0.0012934408931549745,30,39,9,3,4,4,17,1,20,95,43
212,46,1646,61,100,39,46,46,83,83,0,46,46,83,83,0,0.02130773681881616,0.054324517512508934,86,98,12,1,2,2,2,3,99,51,94
213,139,241,90,97,7,56,56,84,84,0,56,56,84,84,0,0.02467749072466728,0.02559651451717213,87,87,0,4,2,2,2,17,86,6,74
214,190,806,87,100,13,150,150,73,73,0,150,150,85,85,0,0.018959120460192654,0.025188059498281085,80,88,8,2,3,3,10,17,22,6,48
215,0,616,1,100,99,0,44,1,37,36,0,16,1,35,34,0.0,0.002382654276864427,1,44,43,2,-1,3,7,0,46,99,53
216,58,160,57,85,28,96,96,63,63,0,58,61,57,58,1,0.004220701861874128,0.004356853534837809,52,52,0,4,2,2,7,3,62,54,63
217,0,616,1,100,99,0,44,1,49,48,0,44,1,56,55,0.0,0.02379250485040335,1,86,85,2,-1,3,4,0,84,40,11
218,18,120,45,84,39,28,28,45,45,0,18,28,45,48,3,0.0015317063208414173,0.002314578440382586,44,45,1,4,3,3,3,2,60,61,74
219,54,670,62,100,38,48,48,72,72,0,48,48,74,74,0,0.007726607440688927,0.028047244630518397,65,90,25,2,3,3,3,4,60,72,1
220,0,102,1,76,75,0,14,1,27,26,0,2,1,26,25,0.0,0.00010211375472276115,1,28,27,4,-1,5,11,1,38,50,65
221,0,616,1,100,99,0,50,1,49,48,0,50,1,54,53,0.0,0.010007147962830594,1,69,68,2,-1,3,5,0,70,98,17
222,24,640,48,100,52,74,88,46,50,4,24,54,48,59,11,0.0020422750944552232,0.008373327887266415,45,65,20,2,3,3,8,3,57,54,62
223,16,632,37,100,63,46,56,39,43,4,16,41,37,52,15,0.002314578440382586,0.006297014874570271,46,57,11,2,3,3,6,2,41,94,22
224,0,0,1,1,0,0,0,1,1,0,0,0,1,1,0,0.0,0.0,1,1,0,-1,-1,-1,10,0,22,93,81
225,72,278,70,100,30,32,32,64,64,0,32,32,64,64,0,0.01242384015793594,0.02324789815854862,73,87,14,3,3,3,2,8,89,20,30
226,75,177,60,87,27,118,118,75,75,0,75,77,60,62,2,0.007386228258279724,0.007658531604207087,60,60,0,4,2,2,9,6,26,35,4
227,39,655,55,100,45,22,32,42,57,15,22,32,45,59,14,0.003948398515946765,0.02917049593246877,51,92,41,2,3,3,2,4,91,22,10
228,52,258,56,94,38,64,64,63,63,0,64,64,64,64,0,0.008747744987916539,0.012559991830899623,68,74,6,3,3,3,4,5,79,25,26
229,0,101,1,78,77,0,6,1,24,23,0,1,1,24,23,0.0,0.00017018959120460194,1,30,29,5,-1,6,6,0,69,36,60
230,104,720,71,100,29,182,182,82,82,0,104,134,71,79,8,0.011232513019503728,0.016270124919159943,72,78,6,2,2,2,9,5,28,25,38
231,56,672,50,100,50,180,210,64,71,7,56,171,50,87,37,0.004186663943633207,0.02127369890057524,53,83,30,2,2,2,16,2,4,75,23
232,61,267,63,95,32,68,68,76,76,0,68,68,76,76,0,0.008747744987916539,0.010449640899962559,66,67,1,3,2,2,4,6,84,35,52
233,0,0,1,1,0,0,0,1,1,0,0,0,1,1,0,0.0,0.0,1,1,0,-1,-1,-1,6,0,32,59,84
234,18,119,41,80,39,38,38,38,38,0,18,18,41,41,0,0.000442492937131965,0.000442492937131965,34,34,0,5,3,3,6,2,48,56,58
235,0,101,1,83,82,0,2,1,24,23,0,1,1,24,23,0.0,0.0002042275094455223,1,30,29,5,-1,6,2,1,89,45,55
236,156,362,89,98,9,72,72,77,77,0,72,72,77,77,0,0.02365635317743967,0.030463936825623743,87,90,3,3,2,2,3,16,64,18,8
237,0,206,1,95,94,0,12,1,36,35,0,12,1,40,39,0.0,0.013479015623404473,1,75,74,3,-1,4,2,0,89,92,6
238,0,206,1,90,89,0,22,1,33,32,0,20,1,44,43,0.0,0.0045270431260424114,1,55,54,3,-1,4,5,0,80,40,38
239,0,616,1,99,98,0,76,1,35,34,0,39,1,47,46,0.0,0.004152626025392287,1,54,53,2,-1,3,12,0,6,98,22
240,0,206,1,94,93,0,32,1,36,35,0,20,1,45,44,0.0,0.004288777698355968,1,52,51,3,-1,4,6,0,32,97,38
241,101,1741,73,100,27,104,128,81,89,8,104,128,84,89,5,0.00796487286837537,0.03985840226011777,63,93,30,1,2,2,5,8,61,57,12
242,40,40,45,45,0,174,174,67,67,0,40,40,45,45,0,0.0048674223084516155,0.0048674223084516155,52,52,0,-1,2,2,15,1,7,90,86
243,270,470,100,100,0,56,56,88,88,0,56,56,88,88,0,0.049593246877021,0.06419551380237584,98,98,0,3,2,2,2,36,93,2,0
244,0,206,1,93,92,0,26,1,35,34,0,22,1,45,44,0.0,0.00442492937131965,1,51,50,3,-1,4,5,0,45,67,47
245,0,0,1,1,0,0,0,1,1,0,0,0,1,1,0,0.0,0.0,1,1,0,-1,-1,-1,3,0,85,96,92
246,163,363,92,100,8,96,96,91,91,0,96,96,91,91,0,0.028932230504782327,0.030463936825623743,89,89,0,3,2,2,3,16,76,18,22
247,2,103,28,84,56,3,3,28,28,0,2,3,28,31,3,0.00010211375472276115,0.00013615167296368154,29,30,1,6,5,5,2,1,68,60,78
248,6,1646,29,100,71,28,78,33,43,10,6,46,29,52,23,0.00037441710065012424,0.01497668402600497,35,78,43,1,4,2,8,1,10,88,90
249,16,632,37,100,63,88,108,52,65,13,16,108,37,77,40,0.0024166921951053475,0.01415977398822288,48,76,28,2,3,3,8,1,21,53,8
250,25,231,50,94,44,28,28,45,45,0,28,28,50,50,0,0.0038462847612240037,0.010109261717553355,51,66,15,3,3,3,3,6,58,73,34
251,317,933,99,100,1,128,128,96,96,0,128,128,96,96,0,0.03812246842983083,0.053269342047040404,95,98,3,2,2,2,5,29,49,0,23
252,12,218,34,90,56,28,28,34,34,0,12,20,34,39,5,0.0012594029749140542,0.0026549576227917903,37,39,2,3,4,4,6,3,71,51,61
253,0,102,1,81,80,0,4,1,26,25,0,2,1,26,25,0.0,0.0002723033459273631,1,32,31,4,-1,5,3,0,66,82,55
254,237,443,95,100,5,72,72,80,80,0,72,72,80,80,0,0.03332312195786106,0.035705776234725484,93,94,1,3,2,2,3,29,66,11,90
255,134,750,81,100,19,110,110,78,78,0,110,110,82,82,0,0.011368664692467409,0.017529527894074,69,78,9,2,2,2,6,13,51,24,72
256,100,100,66,66,0,100,100,43,43,0,100,100,66,66,0,0.027774941284591036,0.03716940671908506,90,92,2,2,1,1,11,14,33,32,19
257,100,100,64,64,0,100,100,45,45,0,100,100,64,64,0,0.018754892950747133,0.04843595765682971,80,97,17,1,1,1,10,6,18,41,16
258,58,264,63,97,34,78,78,79,79,0,58,78,70,79,9,0.009836958371625992,0.013036522686272508,68,77,9,3,2,2,4,6,72,73,35
259,170,170,87,87,0,86,86,57,57,0,86,86,66,66,0,0.018788930868988054,0.018788930868988054,81,81,0,-1,3,3,6,17,65,6,81
260,0,616,1,100,99,0,34,1,42,41,0,34,1,51,50,0.0,0.010007147962830594,1,70,69,2,-1,3,4,1,83,69,8
261,2,208,28,93,65,3,8,28,31,3,2,8,28,35,7,0.00010211375472276115,0.0030293747234419145,29,50,21,3,5,4,2,1,68,60,29
262,0,0,1,1,0,0,0,1,1,0,0,0,1,1,0,0.0,0.0,1,1,0,-1,-1,-1,6,1,34,50,97
263,0,616,1,100,99,0,44,1,47,46,0,44,1,57,56,0.0,0.019129310051397258,1,85,84,2,-1,3,4,0,47,98,9
264,40,656,46,100,54,140,170,65,72,7,40,170,46,86,40,0.0053439531638245,0.015419176963136935,55,75,20,2,2,2,11,1,33,90,19
265,136,1736,87,100,13,102,102,93,93,0,102,102,93,93,0,0.019639878825011062,0.05197590115388543,82,98,16,1,2,2,4,8,84,8,15
266,276,876,94,100,6,382,382,98,98,0,276,278,94,94,0,0.015997821573232582,0.016916845365737433,79,79,0,2,2,2,17,13,20,33,51
267,0,206,1,92,91,0,10,1,31,30,0,10,1,39,38,0.0,0.0033016780693692774,1,53,52,3,-1,4,3,0,76,99,26
268,0,206,1,89,88,0,30,1,35,34,0,30,1,51,50,0.0,0.011606930120153852,1,71,70,3,-1,4,5,0,61,87,37
269,0,0,1,1,0,0,0,1,1,0,0,0,1,1,0,0.0,0.0,1,1,0,-1,-1,-1,5,0,37,98,69
270,100,100,60,60,0,100,100,52,52,0,100,100,60,60,0,0.01773375540351952,0.038905340549372,79,95,16,2,1,1,9,3,29,51,1
271,6,212,33,92,59,30,30,39,39,0,6,30,33,48,15,0.0005786446100956465,0.00976888253514415,34,68,34,3,4,4,5,2,88,42,33
272,28,644,46,100,54,66,110,37,59,22,28,110,46,73,27,0.0013955546478777359,0.013444977705163553,41,74,33,2,3,3,10,3,11,43,39
273,12,218,36,93,57,34,38,37,38,1,12,38,36,50,14,0.001497668402600497,0.008713707069675619,42,67,25,3,4,4,7,3,62,51,8
274,0,206,1,95,94,0,8,1,32,31,0,7,1,37,36,0.0,0.0023486163586235067,1,46,45,3,-1,4,2,0,89,86,75
275,54,54,58,58,0,86,86,62,62,0,54,54,58,58,0,0.006569318220497634,0.006569318220497634,59,59,0,-1,3,3,6,4,32,38,91
276,18,224,44,90,46,46,46,42,42,0,18,46,44,53,9,0.0015317063208414173,0.006569318220497634,42,61,19,3,3,3,6,2,74,61,44
277,90,192,77,94,17,32,32,58,58,0,32,32,60,60,0,0.016474352428605468,0.017393376221110316,81,82,1,4,3,3,2,18,91,30,71
278,320,421,96,96,0,280,280,96,96,0,280,280,96,96,0,0.026209197045508698,0.026277272881990537,88,89,1,5,2,2,10,17,12,6,55
279,48,1688,51,100,49,114,156,61,69,8,48,112,51,74,23,0.0024507301133462676,0.0195377650702883,44,78,34,1,3,2,12,3,2,54,77
280,0,206,1,92,91,0,22,1,33,32,0,22,1,44,43,0.0,0.004799346471969774,1,51,50,3,-1,4,5,0,88,92,31
281,184,184,88,88,0,198,198,86,86,0,184,184,87,87,0,0.011743081793117532,0.011743081793117532,72,72,0,-1,2,2,10,13,12,24,79
282,36,652,59,100,41,32,32,63,63,0,32,32,65,65,0,0.005684332346233704,0.01504475986248681,60,80,20,2,3,3,2,6,98,26,48
283,44,44,51,51,0,66,66,54,54,0,44,44,51,51,0,0.007590455767725246,0.007590455767725246,62,62,0,-1,3,3,6,4,69,38,87
284,22,1662,39,100,61,136,200,63,71,8,22,200,39,87,48,0.002110350930937064,0.02831954797644576,44,91,47,1,3,2,16,2,9,52,11
285,48,1688,51,100,49,114,152,61,69,8,48,152,51,83,32,0.0024507301133462676,0.02484768031587188,44,88,44,1,3,2,12,3,2,54,18
286,0,0,1,1,0,0,0,1,1,0,0,0,1,1,0,0.0,0.0,1,1,0,-1,-1,-1,6,0,44,98,80
287,46,46,54,54,0,90,90,49,49,0,46,46,54,54,0,0.005071649817897137,0.005071649817897137,53,53,0,-1,2,2,9,2,35,75,91
288,6,6,32,32,0,14,14,34,34,0,6,6,32,32,0,0.0007488342013002485,0.0007488342013002485,36,36,0,-1,4,4,3,2,60,42,67
289,0,206,1,93,92,0,24,1,37,36,0,24,1,49,48,0.0,0.017937982912965042,1,81,80,3,-1,4,4,0,73,98,10
290,92,708,69,100,31,64,84,61,73,12,64,84,64,73,9,0.012662105585622384,0.04077742605262262,74,95,21,2,2,2,5,8,49,8,10
291,16,632,43,100,57,38,48,61,67,6,16,48,43,68,25,0.002995336805200994,0.027911092957554715,48,90,42,2,3,3,3,2,81,94,1
292,22,1662,42,100,58,66,110,37,61,24,22,110,42,73,31,0.0011232513019503727,0.01960584090677014,38,81,43,1,3,2,10,2,22,74,14
293,406,1006,97,100,3,192,192,100,100,0,192,192,100,100,0,0.03921168181354028,0.0440791041219919,95,97,2,2,2,2,6,27,40,10,62
294,100,100,69,69,0,100,100,57,57,0,100,100,69,69,0,0.03730555839204874,0.04482793832329215,92,97,5,3,1,1,8,15,57,19,20
295,288,904,95,100,5,248,248,89,89,0,248,248,92,92,0,0.027536675856904592,0.03362946322202934,89,92,3,2,2,2,11,15,5,16,21
296,76,178,62,85,23,90,90,65,65,0,76,90,61,67,6,0.009088124170325743,0.009190237925048503,66,66,0,4,2,2,6,6,74,34,60
297,80,80,73,73,0,56,56,93,93,0,56,56,93,93,0,0.0156914803090643,0.0156914803090643,79,79,0,-1,2,2,2,6,99,77,91
298,16,16,36,36,0,52,52,40,40,0,16,16,36,36,0,0.0013615167296368155,0.0013615167296368155,37,37,0,-1,3,3,6,1,56,71,92
299,84,185,63,87,24,90,90,67,67,0,84,85,66,67,1,0.007011811157629599,0.00704584907587052,58,58,0,6,2,2,6,5,71,47,58
300,100,100,60,60,0,100,100,52,52,0,100,100,60,60,0,0.05051227066952585,0.05245243200925832,98,98,0,3,1,1,9,29,29,11,94
301,0,206,1,96,95,0,18,1,35,34,0,18,1,44,43,0.0,0.003982436434187685,1,51,50,3,-1,4,3,0,75,91,13
302,161,777,93,100,7,80,80,96,96,0,80,80,96,96,0,0.03271043942952449,0.04915075393988903,93,97,4,2,2,2,2,15,98,16,12
303,0,206,1,94,93,0,18,1,35,34,0,18,1,44,43,0.0,0.004765308553728854,1,55,54,3,-1,4,3,0,66,86,62
304,80,680,58,100,42,132,132,72,72,0,80,132,58,78,20,0.012151536812008578,0.031485074372851356,70,92,22,2,2,2,8,5,27,25,11
305,98,714,65,100,35,166,176,83,86,3,98,176,65,90,25,0.012219612648490419,0.02910242009598693,73,89,16,2,2,2,8,5,15,25,16
306,0,1640,1,100,99,0,98,1,51,50,0,98,1,68,67,0.0,0.025494400762449368,1,85,84,1,-1,2,9,0,31,97,16
307,0,206,1,91,90,0,68,1,31,30,0,14,1,32,31,0.0,0.002484768031587188,1,44,43,3,-1,4,16,0,4,80,70
308,0,616,1,100,99,0,78,1,34,33,0,33,1,44,43,0.0,0.0053439531638245,1,55,54,2,-1,3,16,1,4,45,34
309,6,6,27,27,0,24,24,30,30,0,6,6,27,27,0,0.0009190237925048504,0.0009190237925048504,35,35,0,-1,4,4,6,2,51,42,80
310,0,0,1,1,0,0,0,1,1,0,0,0,1,1,0,0.0,0.0,1,1,0,-1,-1,-1,6,0,65,76,50
311,22,1662,41,100,59,84,118,46,63,17,22,98,41,59,18,0.001497668402600497,0.021375812655298,41,85,44,1,3,2,9,2,28,74,48
312,0,0,1,1,0,0,0,1,1,0,0,0,1,1,0,0.0,0.0,1,1,0,-1,-1,-1,5,0,50,93,89
313,102,204,84,95,11,56,56,82,82,0,56,56,82,82,0,0.01783586915824228,0.017972020831205963,81,81,0,4,2,2,2,8,89,17,49
314,52,668,50,100,50,62,62,48,48,0,50,62,50,57,7,0.003880322679464924,0.00891793457912114,49,64,15,2,3,3,6,6,56,41,62
315,363,363,98,98,0,200,200,96,96,0,200,200,97,97,0,0.03594404166241193,0.03594404166241193,93,93,0,-1,2,2,8,29,39,11,97
316,2,104,27,76,49,13,20,27,29,2,2,6,27,29,2,0.00013615167296368154,0.00030634126416828345,29,33,4,4,5,5,11,1,38,78,63
317,76,1716,62,100,38,86,110,57,80,23,76,110,62,81,19,0.008305252050784574,0.024575376969944517,64,88,24,1,3,2,6,7,65,21,68
318,16,632,34,100,66,92,122,41,61,20,16,122,34,78,44,0.0026889955410327104,0.016984921202219273,48,74,26,2,3,3,12,2,2,94,12
319,0,1640,1,100,99,0,148,1,63,62,0,148,1,82,81,0.0,0.021716191837707205,1,83,82,1,-1,2,14,0,16,99,15
320,0,206,1,93,92,0,8,1,31,30,0,8,1,35,34,0.0,0.0011232513019503727,1,39,38,3,-1,4,2,0,68,76,74
321,0,0,1,1,0,0,0,1,1,0,0,0,1,1,0,0.0,0.0,1,1,0,-1,-1,-1,17,0,20,99,66
322,0,206,1,88,87,0,38,1,34,33,0,37,1,49,48,0.0,0.005446066918547262,1,56,55,3,-1,4,7,0,24,98,44
323,0,616,1,100,99,0,32,1,63,62,0,32,1,63,62,0.0,0.017903944994724124,1,82,81,2,-1,3,2,0,89,40,5
324,22,228,41,92,51,42,46,36,38,2,22,46,41,49,8,0.0015317063208414173,0.005548180673270023,38,54,16,3,3,3,6,3,56,51,26
325,100,100,73,73,0,100,100,94,94,0,100,100,94,94,0,0.03652268627250757,0.05105687736138058,96,99,3,2,1,1,4,1,67,50,32
326,26,232,51,97,46,22,22,42,42,0,22,22,45,45,0,0.00445896728956057,0.00704584907587052,53,61,8,3,3,3,2,6,91,41,90
327,90,296,68,95,27,104,104,86,86,0,104,104,87,87,0,0.011743081793117532,0.020524864699274992,70,83,13,3,2,2,5,6,49,77,14
328,206,822,93,100,7,120,120,90,90,0,120,120,90,90,0,0.028217434221723,0.034684638687497875,88,93,5,2,2,2,6,22,69,9,44
329,110,726,80,100,20,96,96,67,67,0,96,96,68,68,0,0.008611593314952858,0.015827631982027978,65,79,14,2,3,3,6,13,74,24,77
330,292,492,96,99,3,224,224,96,96,0,224,224,96,96,0,0.02658361414615882,0.027094182919772627,89,89,0,3,2,2,8,15,15,16,42
331,22,638,39,100,61,90,100,39,39,0,22,40,39,43,4,0.0012253650566731338,0.0030974505599237552,40,49,9,2,3,3,14,2,8,74,83
332,32,648,46,100,54,70,84,42,46,4,32,72,46,56,10,0.0019741992579733825,0.006637394056979475,44,59,15,2,3,3,8,3,10,51,26
333,8,624,37,100,63,18,38,38,54,16,8,38,37,57,20,0.0004765308553728854,0.020797168045202357,37,84,47,2,4,3,3,2,76,56,9
334,2,2,27,27,0,17,17,28,28,0,2,2,27,27,0,0.00010211375472276115,0.00010211375472276115,30,30,0,-1,5,5,10,1,12,55,92
335,0,206,1,90,89,0,36,1,32,31,0,19,1,41,40,0.0,0.0030974505599237552,1,47,46,3,-1,4,8,0,39,66,35
336,22,638,40,100,60,56,88,38,46,8,22,62,40,52,12,0.0007147962830593281,0.007113924912352361,36,61,25,2,3,3,8,2,42,63,62
337,24,1664,45,100,55,46,90,42,57,15,24,90,45,67,22,0.0016678579938050988,0.03185949147350148,41,90,49,1,3,2,6,4,48,64,23
338,66,666,63,100,37,44,44,54,54,0,44,44,58,58,0,0.005956635692161067,0.015146873617209572,58,78,20,2,3,3,4,6,77,13,14
339,0,1640,1,100,99,0,62,1,73,72,0,62,1,74,73,0.0,0.047959426801456824,1,97,96,1,-1,2,3,0,64,97,12
340,100,100,79,79,0,100,100,97,97,0,100,100,97,97,0,0.05269069743694476,0.0691310119473093,98,99,1,2,1,1,3,6,60,73,5
341,46,252,57,97,40,62,62,80,80,0,46,62,71,80,9,0.008373327887266415,0.012151536812008578,64,72,8,3,2,2,3,3,94,29,73
342,307,307,97,97,0,104,104,86,86,0,104,104,86,86,0,0.03311889444841554,0.03311889444841554,91,91,0,-1,2,2,5,29,45,1,86
343,110,316,79,95,16,94,94,70,70,0,94,94,72,72,0,0.011164437183021887,0.012151536812008578,71,71,0,3,2,2,5,7,37,21,51
344,6,622,29,100,71,18,50,33,48,15,6,50,29,54,25,0.00034037918240920387,0.012730181422104225,34,76,42,2,4,3,5,1,61,49,5
345,0,616,1,100,99,0,68,1,39,38,0,68,1,58,57,0.0,0.012696143503863304,1,75,74,2,-1,3,8,0,15,99,5
346,66,168,71,94,23,56,56,84,84,0,56,56,84,84,0,0.01763164164879676,0.01783586915824228,81,81,0,4,2,2,2,5,86,25,49
347,12,218,36,92,56,66,66,37,37,0,12,18,36,40,4,0.002110350930937064,0.002314578440382586,43,44,1,3,4,4,11,2,19,83,49
348,276,476,98,100,2,72,72,87,87,0,72,72,87,87,0,0.04084550188910446,0.050444194833044013,94,97,3,3,2,2,3,29,55,1,18
349,0,101,1,75,74,0,6,1,25,24,0,1,1,25,24,0.0,6.807583648184077e-05,1,29,28,5,-1,6,6,0,44,36,60
350,0,206,1,92,91,0,32,1,34,33,0,32,1,49,48,0.0,0.012662105585622384,1,72,71,3,-1,4,6,0,59,36,6
351,154,154,85,85,0,222,222,90,90,0,154,154,85,85,0,0.011300588855985567,0.011300588855985567,69,69,0,-1,2,2,10,7,11,48,81
352,0,206,1,93,92,0,30,1,39,38,0,30,1,51,50,0.0,0.008203138296061813,1,65,64,3,-1,4,5,0,49,82,27
353,76,1716,70,100,30,48,72,66,79,13,48,72,67,79,12,0.008271214132543654,0.05633275468872324,66,97,31,1,3,2,3,7,76,21,30
354,16,632,33,100,67,66,76,36,41,5,16,32,33,43,10,0.0006126825283365669,0.003267640151128357,36,48,12,2,3,3,10,1,0,49,94
355,102,302,82,98,16,72,72,80,80,0,72,72,80,80,0,0.01575955614554614,0.01674665577453283,81,81,0,3,2,2,3,8,66,8,54
356,100,716,76,100,24,78,78,75,75,0,78,78,77,77,0,0.011368664692467409,0.030327785152660065,71,90,19,2,2,2,4,7,77,21,16
357,56,262,52,94,42,76,80,54,60,6,56,80,52,66,14,0.004595118962524252,0.00878178290615746,50,64,14,3,2,2,6,2,56,74,26
358,6,212,27,86,59,52,52,34,34,0,6,12,27,30,3,0.00030634126416828345,0.0018040096667687805,34,43,9,3,4,4,14,1,25,88,94
359,596,2196,100,100,0,360,360,99,99,0,360,360,99,99,0,0.05034208107832125,0.07209231083426938,100,100,0,1,2,2,12,36,3,2,16
360,40,246,44,92,48,168,168,68,68,0,40,50,44,52,8,0.002484768031587188,0.0035739814152966403,47,53,6,3,2,2,14,1,8,53,54
361,100,100,64,64,0,100,100,57,57,0,100,100,66,66,0,0.021614078082984444,0.02831954797644576,87,90,3,2,1,1,7,1,46,88,62
362,166,782,83,100,17,276,276,85,85,0,166,184,83,86,3,0.006977773239388679,0.008373327887266415,59,61,2,2,2,2,15,6,7,28,52
363,154,770,86,100,14,112,112,92,92,0,112,112,92,92,0,0.022839443139657578,0.038360733857517273,89,96,7,2,2,2,4,12,53,37,9
364,0,616,1,100,99,0,78,1,44,43,0,78,1,59,58,0.0,0.016338200755641786,1,80,79,2,-1,3,8,0,15,67,23
365,100,100,64,64,0,122,122,72,72,0,100,100,65,65,0,0.007318152421797883,0.007318152421797883,61,61,0,-1,2,2,8,6,10,13,99
366,0,206,1,91,90,0,28,1,33,32,0,24,1,43,42,0.0,0.005582218591510943,1,53,52,3,-1,4,6,1,56,45,22
367,0,0,1,1,0,0,0,1,1,0,0,0,1,1,0,0.0,0.0,1,1,0,-1,-1,-1,14,0,25,67,97
368,16,632,32,100,68,40,130,30,62,32,16,124,32,82,50,0.0005105687736138058,0.01143674052894925,34,70,36,2,3,3,14,1,17,60,14
369,136,752,81,100,19,110,110,72,72,0,110,110,76,76,0,0.01143674052894925,0.020865243881684196,71,84,13,2,2,2,6,8,40,17,39
370,78,694,72,100,28,56,56,82,82,0,56,56,82,82,0,0.015317063208414174,0.03158718812757412,78,93,15,2,2,2,2,4,89,72,9
371,16,1656,36,100,64,28,74,34,50,16,16,74,36,56,20,0.0007147962830593281,0.03332312195786106,36,92,56,1,3,2,5,1,52,4,5
372,8,214,38,97,59,8,12,33,36,3,8,12,38,41,3,0.0005105687736138058,0.002552843868069029,34,46,12,3,4,4,2,2,99,63,55
373,2,208,28,91,63,7,20,28,33,5,2,20,28,47,19,0.00017018959120460194,0.005071649817897137,31,54,23,3,5,4,4,1,84,95,57
374,0,102,1,77,76,0,8,1,28,27,0,2,1,28,27,0.0,0.0004084550188910446,1,35,34,4,-1,5,5,1,49,69,42
375,40,656,47,100,53,128,128,70,70,0,40,80,47,57,10,0.0030634126416828346,0.008611593314952858,49,65,16,2,2,2,9,1,29,53,38
376,0,206,1,93,92,0,22,1,32,31,0,20,1,44,43,0.0,0.004731270635487933,1,51,50,3,-1,4,5,0,45,40,62
377,70,70,61,61,0,124,124,66,66,0,70,70,61,61,0,0.005616256509751864,0.005616256509751864,55,55,0,-1,3,3,9,5,54,47,67
378,8,8,36,36,0,14,14,35,35,0,8,8,36,36,0,0.0008509479560230097,0.0008509479560230097,36,36,0,-1,4,4,3,2,92,74,40
379,32,648,55,100,45,22,22,47,47,0,22,22,52,52,0,0.0046972327172470135,0.021137547227611558,55,86,31,2,3,3,2,6,89,35,37
380,0,206,1,89,88,0,34,1,31,30,0,15,1,31,30,0.0,0.002382654276864427,1,42,41,3,-1,4,9,0,29,79,22
381,94,294,77,99,22,62,62,82,82,0,62,62,84,84,0,0.013819394805813677,0.02236291228428469,77,85,8,3,2,2,3,9,60,31,33
382,0,206,1,91,90,0,16,1,32,31,0,15,1,42,41,0.0,0.0030293747234419145,1,49,48,3,-1,4,4,0,84,91,22
383,114,320,87,100,13,56,56,88,88,0,56,56,88,88,0,0.020695054290479593,0.030736240171551108,85,90,5,3,2,2,2,9,93,31,6
384,63,269,66,97,31,38,38,59,59,0,38,38,62,62,0,0.007250076585316042,0.011606930120153852,65,73,8,3,3,3,3,8,92,57,62
385,54,670,55,100,45,72,82,49,55,6,54,82,55,64,9,0.006331052792811192,0.012491915994417782,57,73,16,2,3,3,7,4,62,38,41
386,86,292,66,95,29,96,96,61,61,0,86,96,65,68,3,0.009360427516253106,0.013649205214609075,67,76,9,3,3,3,6,6,48,34,38
387,22,638,41,100,59,80,90,43,49,6,22,90,41,63,22,0.0027911092957554717,0.011913271384322134,46,69,23,2,3,3,9,2,23,83,19
388,0,616,1,100,99,0,38,1,37,36,0,38,1,49,48,0.0,0.006671431975220395,1,61,60,2,-1,3,6,0,48,76,21
389,0,102,1,76,75,0,10,1,28,27,0,2,1,27,26,0.0,6.807583648184077e-05,1,28,27,4,-1,5,6,0,71,89,4
390,162,162,85,85,0,194,194,78,78,0,162,162,85,85,0,0.010960209673576363,0.010960209673576363,69,69,0,-1,2,2,11,9,19,31,89
391,46,252,53,95,42,102,102,66,66,0,46,52,54,57,3,0.0036760951700194017,0.006603356138738555,50,62,12,3,2,2,8,2,39,83,90
392,32,134,53,87,34,38,38,57,57,0,32,34,59,59,0,0.002484768031587188,0.002757071377514551,46,48,2,4,3,3,3,2,85,52,4
393,22,228,41,94,53,44,44,44,44,0,22,44,41,49,8,0.0024166921951053475,0.006501242384015794,42,54,12,3,3,3,4,2,67,61,47
394,40,246,45,90,45,172,172,66,66,0,40,46,45,47,2,0.003165526396405596,0.003880322679464924,51,52,1,3,2,2,17,3,20,46,49
395,80,80,65,65,0,100,100,70,70,0,80,80,65,65,0,0.010007147962830594,0.010007147962830594,68,68,0,-1,2,2,6,5,65,25,91
396,0,616,1,100,99,0,22,1,46,45,0,22,1,51,50,0.0,0.013036522686272508,1,75,74,2,-1,3,2,0,89,81,32
397,36,242,48,93,45,84,84,48,48,0,36,66,48,59,11,0.004118588107151367,0.007760645358929848,52,65,13,3,3,3,9,6,23,73,47
398,0,206,1,86,85,0,23,1,29,28,0,15,1,34,33,0.0,0.002927260968719153,1,46,45,3,-1,4,8,0,27,82,73
399,101,101,76,76,0,100,100,71,71,0,100,100,72,72,0,0.009462541270975866,0.009462541270975866,67,67,0,-1,2,2,6,8,56,44,97
400,30,30,54,54,0,22,22,47,47,0,22,22,52,52,0,0.006297014874570271,0.006297014874570271,62,62,0,-1,3,3,2,4,89,38,86
401,71,687,57,100,43,108,118,61,63,2,71,118,57,74,17,0.005105687736138058,0.020252561353347628,57,83,26,2,2,2,9,6,28,35,18
402,134,340,88,100,12,72,72,85,85,0,72,72,85,85,0,0.02474556656114912,0.026004969536063176,86,87,1,3,2,2,3,20,60,23,52
403,182,182,89,89,0,126,126,80,80,0,126,126,83,83,0,0.019367575479083698,0.019367575479083698,80,80,0,-1,2,2,7,18,62,30,99
404,100,100,74,74,0,100,100,87,87,0,100,100,87,87,0,0.056673133871132444,0.062459579972088904,98,98,0,3,1,1,4,16,47,18,34
405,32,648,45,100,55,124,124,66,66,0,32,56,45,52,7,0.004356853534837809,0.006058749446883829,51,55,4,2,3,3,9,3,54,29,64
406,8,214,38,95,57,8,12,33,36,3,8,12,38,40,2,0.0004084550188910446,0.0053439531638245,36,58,22,3,4,4,2,2,89,56,34
407,0,1640,1,100,99,0,122,1,65,64,0,122,1,77,76,0.0,0.03349331154906566,1,90,89,1,-1,2,8,0,42,79,10
408,62,62,62,62,0,76,76,54,54,0,62,62,62,62,0,0.007794683277170768,0.007794683277170768,64,64,0,-1,3,3,6,6,32,34,98
409,6,212,30,92,62,24,32,33,34,1,6,12,30,36,6,0.0002723033459273631,0.0030293747234419145,33,50,17,3,4,4,8,1,21,4,90
410,0,0,1,1,0,0,0,1,1,0,0,0,1,1,0,0.0,0.0,1,1,0,-1,-1,-1,16,1,9,69,93
411,22,228,46,93,47,28,28,44,44,0,22,28,47,50,3,0.004288777698355968,0.01058579257292624,50,71,21,3,3,3,3,3,92,29,25
412,22,228,41,93,52,70,74,41,41,0,22,49,41,54,13,0.0009190237925048504,0.006092787365124749,37,58,21,3,3,3,9,2,23,74,57
413,12,12,37,37,0,14,14,33,33,0,12,12,37,37,0,0.0005786446100956465,0.0005786446100956465,35,35,0,-1,4,4,3,2,75,63,59
414,12,218,41,94,53,16,20,33,35,2,12,20,41,50,9,0.001157289220191293,0.00616086320160659,39,60,21,3,4,4,4,3,78,51,62
415,0,102,1,80,79,0,6,1,28,27,0,2,1,26,25,0.0,0.0004765308553728854,1,33,32,4,-1,5,3,0,87,96,49
416,0,206,1,94,93,0,12,1,31,30,0,12,1,36,35,0.0,0.007998910786616291,1,64,63,3,-1,4,2,1,91,50,77
417,110,316,73,94,21,120,120,77,77,0,110,120,76,83,7,0.011266550937744648,0.015283025290173252,70,77,7,3,2,2,6,7,40,21,26
418,0,101,1,75,74,0,5,1,24,23,0,1,1,24,23,0.0,0.00013615167296368154,1,29,28,5,-1,6,5,0,80,82,60
419,32,238,43,93,50,84,84,42,42,0,32,38,43,45,2,0.0030293747234419145,0.003267640151128357,48,49,1,3,3,3,9,2,29,83,4
420,8,214,37,92,55,18,18,35,35,0,8,14,37,41,4,0.00088498587426393,0.002927260968719153,38,49,11,3,4,4,3,2,87,74,90
421,0,206,1,92,91,0,28,1,29,28,0,8,1,33,32,0.0,0.0005446066918547262,1,34,33,3,-1,4,12,0,6,91,63
422,100,100,73,73,0,100,100,88,88,0,100,100,88,88,0,0.0567752476258552,0.05854521937438306,100,100,0,3,1,1,4,19,84,15,46
423,0,206,1,94,93,0,12,1,31,30,0,12,1,36,35,0.0,0.005071649817897137,1,54,53,3,-1,4,2,0,91,87,25
424,226,327,92,95,3,246,246,87,87,0,226,246,91,92,1,0.019129310051397258,0.019265461724360937,80,80,0,5,2,2,13,18,13,30,55
425,40,656,61,100,39,22,32,55,66,11,22,32,57,67,10,0.005548180673270023,0.02808128254875932,58,91,33,2,3,3,2,6,97,41,16
426,74,280,69,95,26,38,38,55,55,0,38,38,58,58,0,0.011096361346540046,0.01575955614554614,72,77,5,3,3,3,3,9,76,27,48
427,0,102,1,74,73,0,15,1,25,24,0,2,1,25,24,0.0,6.807583648184077e-05,1,28,27,4,-1,5,14,0,16,85,95
428,0,0,1,1,0,0,0,1,1,0,0,0,1,1,0,0.0,0.0,1,1,0,-1,-1,-1,5,0,61,86,59
429,16,16,35,35,0,41,41,32,32,0,16,16,35,35,0,0.0002723033459273631,0.0002723033459273631,32,32,0,-1,3,3,10,1,12,65,40
430,76,76,69,69,0,38,38,57,57,0,38,38,59,59,0,0.008101024541339052,0.008101024541339052,62,62,0,-1,3,3,3,13,55,24,36
431,0,101,1,84,83,0,3,1,23,22,0,1,1,23,22,0.0,0.0,1,1,0,5,-1,6,3,0,92,91,55
432,6,622,30,100,70,18,56,30,38,8,6,54,30,54,24,0.0002382654276864427,0.007658531604207087,32,62,30,2,4,3,9,1,35,55,17
433,126,1766,80,100,20,164,188,74,85,11,126,188,80,91,11,0.008271214132543654,0.02413288403281255,65,85,20,1,2,2,10,7,1,48,31
434,100,100,77,77,0,100,100,96,96,0,100,100,96,96,0,0.09081316586677558,0.12583818373668265,100,100,0,2,1,1,3,29,66,1,2
435,100,100,63,63,0,100,100,45,45,0,100,100,63,63,0,0.026889955410327106,0.06000884985874264,90,100,10,1,1,1,11,14,19,14,1
436,63,269,59,97,38,44,44,44,44,0,44,44,50,50,0,0.007182000748834201,0.025290173253003846,59,89,30,3,3,3,4,8,67,57,1
437,60,266,59,95,36,90,90,65,65,0,60,72,60,65,5,0.006603356138738555,0.008066986623098132,60,63,3,3,2,2,6,6,34,73,61
438,1,617,26,100,74,6,46,26,41,15,1,46,26,53,27,3.4037918240920386e-05,0.021614078082984444,26,84,58,2,6,3,6,2,74,58,7
439,62,62,55,55,0,170,170,73,73,0,62,62,55,55,0,0.00445896728956057,0.00445896728956057,52,52,0,-1,2,2,11,6,33,70,97
440,100,100,66,66,0,100,100,45,45,0,100,100,66,66,0,0.028489737567650362,0.02913645801422785,88,88,0,3,1,1,10,8,1,8,42
441,94,300,62,94,32,152,152,78,78,0,94,106,62,75,13,0.006773545729943157,0.008373327887266415,59,62,3,3,2,2,8,6,42,26,75
442,100,100,72,72,0,100,100,77,77,0,100,100,77,77,0,0.03002144388849178,0.035059055788148,91,92,1,3,1,1,6,6,69,26,38
443,657,657,100,100,0,536,536,100,100,0,536,536,100,100,0,0.03979032642363593,0.03979032642363593,95,95,0,-1,2,2,17,30,20,7,89
444,0,0,1,1,0,0,0,1,1,0,0,0,1,1,0,0.0,0.0,1,1,0,-1,-1,-1,9,0,29,84,36
445,40,246,50,95,45,80,80,55,55,0,40,60,50,53,3,0.00439089145307873,0.008543517478471017,52,65,13,3,2,2,6,3,59,46,38
446,16,222,40,91,51,40,40,41,41,0,16,40,40,53,13,0.0026209197045508697,0.008203138296061813,48,66,18,3,3,3,5,3,80,46,62
447,6,6,31,31,0,15,15,32,32,0,6,6,31,31,0,0.00030634126416828345,0.00030634126416828345,33,33,0,-1,4,4,6,1,48,55,36
448,82,82,69,69,0,54,54,55,55,0,54,54,60,60,0,0.011947309302563056,0.011947309302563056,71,71,0,-1,3,3,4,8,84,17,36
449,224,430,91,98,7,134,134,91,91,0,134,134,92,92,0,0.02127369890057524,0.0247115286429082,81,86,5,3,2,2,6,16,71,12,13
450,186,287,92,95,3,104,104,86,86,0,104,104,87,87,0,0.024881718234112803,0.02491575615235372,88,88,0,5,2,2,5,17,49,6,65
451,0,0,1,1,0,0,0,1,1,0,0,0,1,1,0,0.0,0.0,1,1,0,-1,-1,-1,6,0,65,91,82
452,2,104,27,81,54,4,4,27,27,0,2,2,27,27,0,0.0,0.00017018959120460194,1,30,29,4,5,5,3,1,81,68,60
453,176,792,85,100,15,110,110,72,72,0,110,110,76,76,0,0.014534191088873005,0.021852343510670887,77,84,7,2,2,2,6,14,40,14,17
454,46,46,49,49,0,112,112,62,62,0,46,46,49,49,0,0.0025188059498281084,0.0025188059498281084,46,46,0,-1,2,2,8,2,42,61,96
455,0,616,1,100,99,0,34,1,43,42,0,34,1,54,53,0.0,0.019163347969638176,1,82,81,2,-1,3,4,0,72,84,7
456,0,102,1,77,76,0,5,1,26,25,0,2,1,26,25,0.0,0.0002382654276864427,1,32,31,4,-1,5,4,0,53,80,88
457,67,67,72,72,0,46,46,82,82,0,46,46,83,83,0,0.012866333095067906,0.012866333095067906,79,79,0,-1,2,2,2,8,98,57,86
458,0,206,1,88,87,0,15,1,28,27,0,6,1,28,27,0.0,0.00030634126416828345,1,33,32,3,-1,4,8,0,15,85,88
459,190,806,87,100,13,252,262,81,85,4,190,262,87,91,4,0.014227849824704722,0.023588277340957826,74,86,12,2,2,2,14,13,16,33,77
460,22,123,40,80,40,96,96,44,44,0,22,23,40,43,3,0.0016678579938050988,0.0017359338302869397,42,42,0,5,3,3,11,2,38,74,78
461,0,102,1,74,73,0,17,1,25,24,0,2,1,25,24,0.0,0.00017018959120460194,1,29,28,4,-1,5,16,0,9,98,55
462,120,326,80,97,17,152,152,80,80,0,120,126,81,81,0,0.010449640899962559,0.011062323428299126,70,71,1,3,2,2,8,7,30,21,71
463,0,0,1,1,0,0,0,1,1,0,0,0,1,1,0,0.0,0.0,1,1,0,-1,-1,-1,3,0,66,96,67
464,0,0,1,1,0,0,0,1,1,0,0,0,1,1,0,0.0,0.0,1,1,0,-1,-1,-1,7,0,46,59,84
465,44,1684,54,100,46,48,72,72,84,12,48,72,74,84,10,0.006637394056979475,0.06919908778379115,57,99,42,1,3,2,3,4,60,38,0
466,100,100,61,61,0,100,100,40,40,0,100,100,61,61,0,0.036080193335375606,0.03625038292658021,93,93,0,3,1,1,14,15,8,16,60
467,236,442,94,100,6,120,120,86,86,0,120,120,86,86,0,0.027536675856904592,0.029408761360155213,89,89,0,3,2,2,6,22,65,9,83
468,16,16,37,37,0,66,66,48,48,0,16,16,37,37,0,0.0020082371762143027,0.0020082371762143027,42,42,0,-1,3,3,6,1,48,53,89
469,92,708,66,100,34,86,96,62,66,4,86,96,65,67,2,0.012764219340345145,0.014704380680077607,74,77,3,2,3,3,6,8,74,20,42
470,46,662,48,100,52,178,178,69,69,0,46,178,48,84,36,0.002314578440382586,0.017087034956942034,44,76,32,2,2,2,14,2,25,61,23
471,88,704,64,100,36,94,94,68,68,0,88,94,72,72,0,0.008475441641989176,0.012730181422104225,65,74,9,2,2,2,5,4,61,72,35
472,51,667,53,100,47,50,80,46,59,13,50,80,53,64,11,0.004322815616596889,0.0335613873855475,51,93,42,2,3,3,5,6,50,35,10
473,16,16,37,37,0,66,66,48,48,0,16,16,37,37,0,0.0015317063208414173,0.0015317063208414173,43,43,0,-1,3,3,6,1,59,53,36
474,32,32,48,48,0,56,56,49,49,0,32,32,48,48,0,0.0014295925661186562,0.0014295925661186562,42,42,0,-1,3,3,6,2,69,61,85
475,44,44,60,60,0,32,32,63,63,0,32,32,64,64,0,0.007284114503556962,0.007284114503556962,63,63,0,-1,3,3,2,7,86,62,87
476,192,192,94,94,0,56,56,85,85,0,56,56,85,85,0,0.032914666938970015,0.032914666938970015,93,93,0,-1,2,2,2,22,90,9,69
477,290,496,96,100,4,96,96,87,87,0,96,96,87,87,0,0.03553558664352088,0.04183260151809115,92,94,2,3,2,2,3,29,87,11,20
478,104,104,77,77,0,160,160,73,73,0,104,104,77,77,0,0.005582218591510943,0.005582218591510943,60,60,0,-1,2,2,11,5,38,47,91
479,24,640,47,100,53,38,38,46,46,0,24,38,48,50,2,0.0030634126416828346,0.016202049082678104,49,79,30,2,3,3,3,6,96,70,12
480,0,206,1,94,93,0,14,1,30,29,0,6,1,30,29,0.0,0.0008169100377820892,1,37,36,3,-1,4,6,1,32,69,42
481,100,100,79,79,0,100,100,96,96,0,100,100,96,96,0,0.055583920487422986,0.06320841417338915,98,99,1,3,1,1,3,13,85,24,77
482,100,100,59,59,0,100,100,39,39,0,100,100,59,59,0,0.035059055788148,0.043704687021341775,94,96,2,2,1,1,14,19,16,15,8
483,115,115,85,85,0,32,32,63,63,0,32,32,65,65,0,0.017087034956942034,0.017087034956942034,83,83,0,-1,3,3,2,18,98,5,96
484,110,212,77,89,12,90,90,67,67,0,90,90,70,70,0,0.009122162088566664,0.009326389598012186,64,64,0,4,2,2,6,13,71,24,63
485,142,142,80,80,0,270,270,79,79,0,142,142,80,80,0,0.011164437183021887,0.011164437183021887,62,62,0,-1,2,2,16,9,9,27,59
486,77,178,64,89,25,44,44,49,49,0,44,44,54,54,0,0.007182000748834201,0.007216038667075122,61,61,0,5,3,3,4,8,53,57,95
487,1,1,26,26,0,6,6,26,26,0,1,1,26,26,0,3.4037918240920386e-05,3.4037918240920386e-05,26,26,0,-1,6,6,6,2,74,58,36
488,0,206,1,88,87,0,28,1,32,31,0,9,1,33,32,0.0,0.0008509479560230097,1,37,36,3,-1,4,10,0,11,76,64
489,0,0,1,1,0,0,0,1,1,0,0,0,1,1,0,0.0,0.0,1,1,0,-1,-1,-1,2,0,89,86,69
490,22,638,42,100,58,68,88,42,46,4,22,88,42,66,24,0.0018040096667687805,0.009836958371625992,44,69,25,2,3,3,8,2,39,52,31
491,58,264,66,97,31,28,28,45,45,0,28,28,49,49,0,0.008169100377820893,0.02631131080023146,66,87,21,3,3,3,3,7,60,48,10
492,100,100,59,59,0,100,100,45,45,0,100,100,59,59,0,0.027945130875795636,0.03417406991388407,89,91,2,2,1,1,10,8,0,20,62
493,0,206,1,90,89,0,16,1,32,31,0,10,1,35,34,0.0,0.0012253650566731338,1,38,37,3,-1,4,6,0,74,82,64
494,6,212,29,90,61,18,26,30,33,3,6,20,29,42,13,0.00013615167296368154,0.0013955546478777359,31,39,8,3,4,4,7,1,43,60,54
495,240,840,94,100,6,198,198,86,86,0,198,198,92,92,0,0.018891044623710815,0.028693965077095884,79,91,12,2,2,2,10,18,12,5,33
496,36,242,51,95,44,54,54,55,55,0,36,54,51,57,6,0.0045270431260424114,0.012968446849790666,53,75,22,3,3,3,4,6,53,73,32
497,234,234,91,91,0,120,120,77,77,0,120,120,84,84,0,0.019571802988529223,0.019571802988529223,83,83,0,-1,2,2,6,16,40,12,82
498,130,130,82,82,0,128,128,93,93,0,128,128,93,93,0,0.01674665577453283,0.01674665577453283,80,80,0,-1,2,2,5,8,37,20,80
499,132,132,86,86,0,48,48,54,54,0,48,48,56,56,0,0.02188638142891181,0.02188638142891181,88,88,0,-1,3,3,3,15,87,16,45
500,40,246,54,97,43,72,72,79,79,0,40,72,60,79,19,0.005003573981415297,0.013070560604513427,56,79,23,3,2,2,3,1,75,53,17
501,93,709,78,100,22,32,32,63,63,0,32,32,64,64,0,0.01681473161101467,0.02733244834745907,78,90,12,2,3,3,2,9,86,39,24
502,56,672,59,100,41,32,32,58,58,0,32,32,60,60,0,0.006671431975220395,0.013036522686272508,59,78,19,2,3,3,2,6,91,13,38
503,214,830,91,100,9,192,192,91,91,0,192,192,91,91,0,0.02413288403281255,0.02831954797644576,87,91,4,2,2,2,9,17,26,6,35
504,0,616,1,99,98,0,162,1,66,65,0,162,1,87,86,0.0,0.030293747234419143,1,90,89,2,-1,3,12,0,6,79,3
505,0,1640,1,100,99,0,52,1,34,33,0,42,1,51,50,0.0,0.01242384015793594,1,72,71,1,-1,2,9,0,29,98,51
506,0,0,1,1,0,0,0,1,1,0,0,0,1,1,0,0.0,0.0,1,1,0,-1,-1,-1,3,0,64,87,85
507,6,622,31,100,69,8,24,31,42,11,6,24,31,50,19,0.00017018959120460194,0.011811157629599374,30,76,46,2,4,3,3,1,55,4,44
508,39,245,53,97,44,38,38,47,47,0,38,38,53,53,0,0.004833384390210695,0.006501242384015794,55,60,5,3,3,3,3,4,75,22,54
509,34,34,52,52,0,70,70,54,54,0,34,34,52,52,0,0.0016338200755641784,0.0016338200755641784,42,42,0,-1,3,3,5,4,61,64,85
510,0,1640,1,100,99,0,126,1,62,61,0,126,1,79,78,0.0,0.022533101875489295,1,85,84,1,-1,2,12,0,6,86,16
511,6,6,29,29,0,15,15,28,28,0,6,6,29,29,0,0.00017018959120460194,0.00017018959120460194,29,29,0,-1,4,4,9,1,23,78,81
512,0,616,1,100,99,0,34,1,44,43,0,34,1,52,51,0.0,0.008645631233193778,1,65,64,2,-1,3,4,0,84,86,14
513,217,1817,95,100,5,168,168,96,96,0,168,168,96,96,0,0.029442799278396135,0.0567752476258552,90,98,8,1,2,2,6,20,32,23,11
514,373,475,97,99,2,248,248,90,90,0,248,248,92,92,0,0.031655263964055956,0.03179141563701964,90,90,0,4,2,2,11,29,38,11,63
515,16,222,46,96,50,22,22,48,48,0,16,22,47,50,3,0.003812246842983083,0.004493005207801491,52,53,1,3,3,3,2,2,95,94,64
516,76,282,67,96,29,54,54,54,54,0,54,54,58,58,0,0.010143299635794275,0.016712617856291908,70,80,10,3,3,3,4,6,47,77,27
517,166,766,84,100,16,136,136,77,77,0,136,136,83,83,0,0.01592974573675074,0.030361823070900983,77,91,14,2,2,2,7,13,24,33,15
518,73,73,59,59,0,154,154,72,72,0,73,73,59,59,0,0.006092787365124749,0.006092787365124749,60,60,0,-1,2,2,10,4,11,22,85
519,84,290,76,99,23,56,56,84,84,0,56,56,85,85,0,0.01494264610776405,0.020967357636406957,80,85,5,3,2,2,2,7,98,48,24
520,102,308,78,95,17,80,80,60,60,0,80,80,65,65,0,0.01153885428367201,0.017291262466387555,74,80,6,3,3,3,5,8,50,17,31
521,582,684,100,100,0,368,368,98,98,0,368,368,98,98,0,0.04789135096497498,0.0479253888832159,99,99,0,4,2,2,14,36,17,2,58
522,0,616,1,100,99,0,46,1,40,39,0,46,1,54,53,0.0,0.009428503352734947,1,69,68,2,-1,3,6,0,34,82,19
523,134,134,81,81,0,150,150,84,84,0,134,134,82,82,0,0.011062323428299126,0.011062323428299126,70,70,0,-1,2,2,7,7,24,21,93
524,176,176,86,86,0,176,176,90,90,0,176,176,91,91,0,0.016338200755641786,0.016338200755641786,77,77,0,-1,2,2,8,13,21,33,85
525,1,207,26,88,62,11,33,26,31,5,1,15,26,33,7,0.0,0.002825147213996392,1,45,44,3,6,4,11,1,33,78,73
526,100,100,58,58,0,100,100,35,35,0,100,100,59,59,0,0.022635215630212056,0.032063718982947,86,92,6,1,1,1,17,8,20,17,62
527,73,689,54,100,46,164,164,69,69,0,73,164,54,85,31,0.005786446100956465,0.012219612648490419,54,74,20,2,2,2,10,4,0,22,48
528,510,1110,100,100,0,224,224,99,99,0,224,224,99,99,0,0.04881037475747983,0.05405221416658157,99,99,0,2,2,2,8,36,27,2,38
529,100,100,69,69,0,100,100,66,66,0,100,100,75,75,0,0.06620375097859015,0.06708873685285408,100,100,0,3,1,1,6,30,51,7,75
530,100,100,66,66,0,100,100,49,49,0,100,100,66,66,0,0.02580074202661765,0.02580074202661765,85,85,0,-1,1,1,9,6,54,35,99
531,0,102,1,81,80,0,4,1,30,29,0,2,1,27,26,0.0,0.0024507301133462676,1,45,44,4,-1,5,2,0,95,91,90
532,2,208,28,94,66,5,14,28,31,3,2,14,28,40,12,0.0,0.002586881786309949,1,46,45,3,5,4,3,1,96,60,22
533,126,126,83,83,0,114,114,67,67,0,114,114,80,80,0,0.008271214132543654,0.008271214132543654,67,67,0,-1,3,3,9,13,23,24,98
534,100,100,65,65,0,100,100,47,47,0,100,100,65,65,0,0.06205112495319786,0.07998910786616291,100,100,0,1,1,1,11,36,38,2,15
535,1,207,25,96,71,2,7,25,32,7,1,7,25,37,12,6.807583648184077e-05,0.0007828721195411688,29,37,8,3,6,4,2,1,86,78,42
536,100,100,57,57,0,100,100,38,38,0,100,100,57,57,0,0.045338507096905956,0.04544062085162871,97,97,0,4,1,1,16,30,4,7,65
537,76,76,62,62,0,86,86,57,57,0,76,76,62,62,0,0.008305252050784574,0.008305252050784574,64,64,0,-1,3,3,6,7,65,21,50
538,54,54,54,54,0,86,86,57,57,0,54,54,55,55,0,0.006705469893461316,0.006705469893461316,60,60,0,-1,3,3,6,4,65,72,59
539,0,616,1,100,99,0,74,1,40,39,0,74,1,61,60,0.0,0.010755982164130842,1,70,69,2,-1,3,9,0,54,80,19
540,80,696,65,100,35,84,94,74,74,0,84,94,74,74,0,0.011640968038394772,0.019027196296674494,69,80,11,2,2,2,5,6,49,34,77
541,100,100,61,61,0,100,100,44,44,0,100,100,61,61,0,0.036590762108989414,0.04261547363763232,92,93,1,2,1,1,12,15,6,16,44
542,100,100,78,78,0,100,100,88,88,0,100,100,88,88,0,0.0756322543313251,0.09319582014364002,100,100,0,2,1,1,4,29,78,11,7
543,0,0,1,1,0,0,0,1,1,0,0,0,1,1,0,0.0,0.0,1,1,0,-1,-1,-1,9,0,54,98,69
544,1,207,26,92,66,11,34,26,32,6,1,14,26,36,10,6.807583648184077e-05,0.0028591851322373124,27,48,21,3,6,4,11,1,19,68,73
545,0,101,1,82,81,0,4,1,25,24,0,1,1,25,24,0.0,6.807583648184077e-05,1,29,28,5,-1,6,4,0,78,97,55
546,28,644,46,100,54,66,110,37,59,22,28,110,46,73,27,0.0013955546478777359,0.01657646618332823,41,78,37,2,3,3,10,3,11,43,12
547,49,1689,54,100,46,62,106,46,73,27,49,106,54,77,23,0.003914360597705844,0.045474658769869634,50,97,47,1,3,2,7,4,62,22,3
548,174,1774,90,100,10,190,190,93,93,0,190,190,94,94,0,0.01950372715204738,0.05922597773920147,82,99,17,1,2,2,8,12,39,37,2
549,14,220,40,95,55,12,12,32,32,0,12,12,37,37,0,0.0012253650566731338,0.006297014874570271,39,56,17,3,4,4,2,4,91,64,44
550,0,206,1,90,89,0,32,1,31,30,0,26,1,45,44,0.0,0.0035739814152966403,1,48,47,3,-1,4,8,0,39,36,26
551,2,2,27,27,0,6,6,27,27,0,2,2,27,27,0,3.4037918240920386e-05,3.4037918240920386e-05,26,26,0,-1,5,5,5,2,63,58,92
552,22,638,38,100,62,56,66,42,43,1,22,48,38,53,15,0.0014295925661186562,0.005922597773920147,39,53,14,2,3,3,6,2,51,61,41
553,196,812,91,100,9,110,110,81,81,0,110,110,82,82,0,0.019741992579733823,0.024881718234112803,83,87,4,2,2,2,6,19,65,15,44
554,28,234,50,91,41,34,34,43,43,0,28,34,50,51,1,0.001157289220191293,0.009632730862180468,42,69,27,3,3,3,4,3,83,43,39
555,1,103,24,84,60,3,4,24,26,2,1,3,24,30,6,0.0,0.0005786446100956465,1,35,34,4,6,5,3,1,92,78,51
556,100,100,65,65,0,94,94,68,68,0,94,94,73,73,0,0.012559991830899623,0.012559991830899623,74,74,0,-1,2,2,5,6,61,77,50
557,46,252,55,92,37,124,124,66,66,0,46,54,55,55,0,0.002723033459273631,0.0035739814152966403,50,52,2,3,2,2,10,2,11,52,74
558,218,218,91,91,0,128,128,90,90,0,128,128,90,90,0,0.02042275094455223,0.02042275094455223,84,84,0,-1,2,2,5,17,61,6,79
559,162,162,81,81,0,142,142,78,78,0,142,142,82,82,0,0.016304162837400864,0.016304162837400864,75,75,0,-1,2,2,8,13,27,33,97
560,100,100,66,66,0,100,100,49,49,0,100,100,66,66,0,0.017972020831205963,0.017972020831205963,79,79,0,5,1,1,9,1,54,4,68
561,0,616,1,100,99,0,52,1,47,46,0,52,1,57,56,0.0,0.020933319718166036,1,82,81,2,-1,3,6,0,69,67,7
562,6,622,28,100,72,43,118,30,54,24,6,98,28,56,28,0.00017018959120460194,0.012287688484972258,29,74,45,2,4,3,16,1,4,65,30
563,6,1646,28,100,72,32,210,29,71,42,6,210,28,87,59,0.0002042275094455223,0.03567173831648456,32,94,62,1,4,2,16,1,9,55,3
564,56,56,58,58,0,46,46,43,43,0,56,56,58,58,0,0.005718370264474625,0.005718370264474625,53,53,0,-1,3,3,6,6,69,13,96
565,0,616,1,100,99,0,36,1,41,40,0,36,1,50,49,0.0,0.008951972497362062,1,69,68,2,-1,3,5,1,45,69,17
566,100,100,62,62,0,100,100,43,43,0,100,100,62,62,0,0.04949113312229824,0.06085979781476565,98,100,2,2,1,1,12,29,14,11,30
567,50,50,62,62,0,32,32,63,63,0,32,32,64,64,0,0.006501242384015794,0.006501242384015794,62,62,0,-1,3,3,2,6,86,26,87
568,16,16,37,37,0,88,88,52,52,0,16,16,37,37,0,0.0024166921951053475,0.0024166921951053475,48,48,0,-1,3,3,8,1,21,53,96
569,0,102,1,83,82,0,4,1,28,27,0,4,1,30,29,0.0,0.005616256509751864,1,60,59,4,-1,5,2,0,99,93,24
570,0,616,1,100,99,0,70,1,39,38,0,70,1,57,56,0.0,0.014908608189523128,1,76,75,2,-1,3,9,0,29,66,18
571,28,234,51,91,40,50,50,49,49,0,28,35,51,52,1,0.002586881786309949,0.0029612988869600733,48,48,0,3,3,3,5,3,61,54,63
572,60,162,69,92,23,56,56,88,88,0,56,56,88,88,0,0.010892133837094524,0.013853432724054596,70,73,3,4,2,2,2,6,93,41,73
573,0,616,1,100,99,0,38,1,37,36,0,24,1,48,47,0.0,0.0034718676605738795,1,48,47,2,-1,3,6,0,59,93,54
574,108,314,78,96,18,144,144,88,88,0,108,144,80,88,8,0.011879233466081215,0.01327478811395895,73,74,1,3,2,2,6,5,34,25,61
575,86,188,60,89,29,118,118,89,89,0,86,88,67,67,0,0.006773545729943157,0.008373327887266415,58,61,3,4,2,2,5,6,52,70,94
576,375,477,98,100,2,104,104,82,82,0,104,104,82,82,0,0.0425814357193914,0.042853739065318766,94,94,0,4,2,2,5,40,80,3,55
577,0,616,1,100,99,0,72,1,44,43,0,72,1,55,54,0.0,0.02236291228428469,1,87,86,2,-1,3,7,0,46,79,1
578,0,206,1,88,87,0,15,1,27,26,0,6,1,29,28,0.0,3.4037918240920386e-05,1,26,25,3,-1,4,9,0,54,36,95
579,16,118,35,78,43,100,100,45,45,0,16,18,35,40,5,0.0026549576227917903,0.002825147213996392,47,48,1,4,3,3,10,2,1,94,55
580,2,618,28,100,72,4,22,29,51,22,2,22,28,53,25,0.00017018959120460194,0.011028285510058205,32,70,38,2,5,3,2,1,86,55,25
581,86,188,72,90,18,54,54,60,60,0,54,54,62,62,0,0.008509479560230097,0.009224275843289425,66,67,1,4,3,3,4,7,78,21,71
582,0,102,1,75,74,0,15,1,28,27,0,3,1,29,28,0.0,0.0002723033459273631,1,32,31,4,-1,5,8,0,21,76,56
583,94,196,67,89,22,86,86,65,65,0,86,86,68,68,0,0.011640968038394772,0.011675005956635693,69,69,0,4,3,3,6,9,71,27,4
584,438,1054,97,100,3,352,352,96,96,0,352,352,96,96,0,0.035195207461111676,0.037645937574457944,93,94,1,2,2,2,13,27,13,10,61
585,0,616,1,100,99,0,66,1,47,46,0,66,1,58,57,0.0,0.02467749072466728,1,86,85,2,-1,3,6,0,59,79,11
586,87,703,59,100,41,146,156,77,82,5,87,156,59,86,27,0.006535280302256714,0.019163347969638176,58,83,25,2,2,2,8,4,42,22,30
587,0,616,1,100,99,0,98,1,41,40,0,98,1,60,59,0.0,0.016508390346846386,1,76,75,2,-1,3,12,0,2,40,6
588,26,127,53,86,33,34,34,44,44,0,25,25,53,53,0,0.0030634126416828346,0.0030634126416828346,50,50,0,6,3,3,4,6,72,41,68
589,80,80,73,73,0,32,32,69,69,0,32,32,69,69,0,0.011811157629599374,0.011811157629599374,73,73,0,-1,3,3,2,13,90,33,50
590,522,1122,100,100,0,208,208,97,97,0,208,208,97,97,0,0.04472582456856938,0.05034208107832125,97,97,0,2,2,2,7,40,24,3,21
591,0,0,1,1,0,0,0,1,1,0,0,0,1,1,0,0.0,0.0,1,1,0,-1,-1,-1,3,0,82,40,97
592,267,267,94,94,0,200,200,94,94,0,200,200,94,94,0,0.0298852922155281,0.0298852922155281,87,87,0,-1,2,2,8,15,57,16,97
593,100,100,59,59,0,100,100,40,40,0,100,100,59,59,0,0.01501072194424589,0.01501072194424589,76,76,0,-1,1,1,15,4,7,72,87
594,16,16,35,35,0,26,26,37,37,0,16,16,35,35,0,0.0011913271384322134,0.0011913271384322134,37,37,0,-1,3,3,4,1,67,49,80
595,0,1640,1,100,99,0,52,1,75,74,0,52,1,76,75,0.0,0.048844412675720754,1,97,96,1,-1,2,3,1,55,69,37
596,60,60,64,64,0,38,38,59,59,0,38,38,62,62,0,0.006058749446883829,0.006058749446883829,57,57,0,-1,3,3,3,6,92,28,93
597,40,246,51,92,41,74,74,64,64,0,40,60,51,58,7,0.005037611899656217,0.011096361346540046,53,71,18,3,2,2,5,3,88,46,72
598,218,218,90,90,0,182,182,88,88,0,182,182,92,92,0,0.023486163586235065,0.023486163586235065,85,85,0,-1,2,2,9,16,29,18,50
599,1,207,26,93,67,5,14,26,33,7,1,7,26,36,10,3.4037918240920386e-05,0.0018380475850097008,27,43,16,3,6,4,5,1,49,78,53
600,8,8,38,38,0,8,8,32,32,0,8,8,38,38,0,0.0006807583648184077,0.0006807583648184077,35,35,0,-1,4,4,2,2,95,74,85
601,232,333,95,98,3,64,64,68,68,0,64,64,69,69,0,0.02811532046700024,0.02811532046700024,90,90,0,5,3,3,4,27,73,10,60
602,6,6,30,30,0,14,14,31,31,0,6,6,30,30,0,0.00017018959120460194,0.00017018959120460194,30,30,0,-1,4,4,5,1,63,60,81
603,58,264,52,93,41,110,110,58,58,0,58,110,52,77,25,0.002995336805200994,0.015589366554341537,46,75,29,3,2,2,11,3,33,54,18
604,115,731,72,100,28,164,174,69,69,0,115,174,72,84,12,0.007216038667075122,0.019571802988529223,57,82,25,2,2,2,11,6,5,35,30
605,32,238,52,94,42,60,60,53,53,0,32,60,52,59,7,0.004561081044283332,0.012559991830899623,54,72,18,3,3,3,5,3,49,29,32
606,100,100,73,73,0,100,100,88,88,0,100,100,88,88,0,0.040505122706695255,0.043534497430137174,94,96,2,3,1,1,4,6,84,70,90
607,48,149,64,89,25,12,12,40,40,0,12,12,42,42,0,0.009020048333843901,0.009054086252084823,70,70,0,5,4,4,2,8,90,8,65
608,22,22,41,41,0,52,52,43,43,0,22,22,41,41,0,0.003710133088260322,0.003710133088260322,53,53,0,-1,3,3,6,2,34,75,99
609,0,206,1,92,91,0,25,1,33,32,0,6,1,29,28,0.0,0.001497668402600497,1,42,41,3,-1,4,9,0,35,76,94
610,0,206,1,94,93,0,14,1,31,30,0,14,1,40,39,0.0,0.002552843868069029,1,46,45,3,-1,4,3,0,96,82,22
611,40,246,47,93,46,128,128,70,70,0,40,128,47,79,32,0.0030634126416828346,0.010279451308757957,49,69,20,3,2,2,9,1,29,53,14
612,0,616,1,100,99,0,92,1,39,38,0,62,1,52,51,0.0,0.008986010415602982,1,65,64,2,-1,3,14,0,25,40,20
613,0,616,1,100,99,0,27,1,39,38,0,23,1,49,48,0.0,0.0030974505599237552,1,48,47,2,-1,3,5,0,70,93,54
614,34,240,51,92,41,50,50,46,46,0,34,50,51,56,5,0.00176997174852786,0.00796487286837537,42,66,24,3,3,3,5,4,80,64,77
615,0,206,1,91,90,0,20,1,33,32,0,20,1,47,46,0.0,0.009292351679771264,1,65,64,3,-1,4,4,0,84,85,37
616,100,100,65,65,0,100,100,47,47,0,100,100,65,65,0,0.04081146397086354,0.059838660267538035,95,99,4,2,1,1,11,20,38,23,10
617,116,218,81,94,13,104,104,86,86,0,104,104,87,87,0,0.0176997174852786,0.01865277919602437,80,80,0,4,2,2,5,8,49,20,74
618,0,1640,1,100,99,0,90,1,64,63,0,90,1,68,67,0.0,0.04360257326661901,1,96,95,1,-1,2,6,0,34,87,2
619,22,22,38,38,0,66,66,36,36,0,22,22,38,38,0,0.002144388849177984,0.002144388849177984,45,45,0,-1,3,3,10,2,0,75,40
620,1,103,25,87,62,2,4,25,29,4,1,4,25,32,7,6.807583648184077e-05,0.005718370264474625,27,58,31,4,7,5,2,2,97,58,8
621,0,0,1,1,0,0,0,1,1,0,0,0,1,1,0,0.0,0.0,1,1,0,-1,-1,-1,2,0,97,80,59
622,32,648,45,100,55,130,130,62,62,0,32,48,45,51,6,0.0030974505599237552,0.004186663943633207,49,52,3,2,3,3,14,2,16,83,49
623,16,1656,42,100,58,34,68,43,70,27,16,68,42,72,30,0.003880322679464924,0.040334933115490655,52,94,42,1,3,2,4,1,79,90,5
624,0,102,1,75,74,0,11,1,28,27,0,2,1,27,26,0.0,0.00037441710065012424,1,33,32,4,-1,5,6,0,44,96,88
625,22,638,43,100,57,94,118,39,60,21,22,85,43,61,18,0.0013615167296368155,0.009326389598012186,41,65,24,2,3,3,13,2,13,74,27
626,72,72,54,54,0,186,186,68,68,0,72,72,54,54,0,0.002825147213996392,0.002825147213996392,49,49,0,-1,2,2,17,3,20,54,59
627,62,678,53,100,47,146,156,67,71,4,62,156,53,85,32,0.0033357159876101976,0.011743081793117532,51,73,22,2,2,2,12,6,3,70,33
628,66,168,66,90,24,54,54,55,55,0,54,54,60,60,0,0.009905034208107831,0.010892133837094524,67,68,1,4,3,3,4,6,84,77,83
629,0,0,1,1,0,0,0,1,1,0,0,0,1,1,0,0.0,0.0,1,1,0,-1,-1,-1,3,0,60,66,89
630,40,656,50,100,50,94,94,62,62,0,40,70,50,56,6,0.003642057251778481,0.009326389598012186,51,67,16,2,2,2,5,1,52,53,38
631,86,86,59,59,0,126,126,69,69,0,86,86,59,59,0,0.009632730862180468,0.009632730862180468,66,66,0,-1,2,2,7,6,24,34,81
632,0,616,1,100,99,0,88,1,48,47,0,88,1,60,59,0.0,0.019061234214915415,1,79,78,2,-1,3,8,0,27,40,9
633,58,58,65,65,0,38,38,51,51,0,38,38,54,54,0,0.00888389666088022,0.00888389666088022,70,70,0,-1,3,3,3,7,82,48,69
634,174,174,85,85,0,190,190,74,74,0,174,174,85,85,0,0.010790020082371761,0.010790020082371761,70,70,0,-1,2,2,11,13,5,24,97
635,100,100,71,71,0,100,100,76,76,0,100,100,77,77,0,0.08077197998570407,0.08625208482249226,100,100,0,3,1,1,5,36,50,2,44
636,100,100,73,73,0,100,100,82,82,0,100,100,82,82,0,0.05367779706593145,0.054188365839545255,99,99,0,3,1,1,5,18,88,5,49
637,18,18,41,41,0,62,62,36,36,0,18,18,41,41,0,0.00034037918240920387,0.00034037918240920387,34,34,0,-1,3,3,10,2,1,63,36
638,16,632,43,100,57,54,54,62,62,0,16,54,43,67,24,0.005446066918547262,0.021069471391129718,59,84,25,2,3,3,4,1,72,90,6
639,42,248,53,96,43,28,28,45,45,0,28,28,49,49,0,0.007216038667075122,0.01861874127778345,61,85,24,3,3,3,3,6,60,34,12
640,6,212,28,86,58,18,28,28,30,2,6,12,28,34,6,0.0002042275094455223,0.0017018959120460194,29,40,11,3,4,4,8,1,27,95,53
641,200,302,92,95,3,206,206,95,95,0,200,202,95,95,0,0.017291262466387555,0.017903944994724124,80,80,0,4,2,2,9,9,23,27,42
642,2,2,26,26,0,9,9,26,26,0,2,2,26,26,0,3.4037918240920386e-05,3.4037918240920386e-05,26,26,0,-1,5,5,8,2,27,58,99
643,12,12,42,42,0,20,20,34,34,0,12,12,42,42,0,0.0008169100377820892,0.0008169100377820892,39,39,0,-1,4,4,4,2,84,74,81
644,72,688,57,100,43,144,198,63,73,10,72,198,57,86,29,0.0020082371762143027,0.02277136730317574,43,85,42,2,2,2,14,3,17,43,16
645,0,616,1,100,99,0,66,1,36,35,0,44,1,51,50,0.0,0.008101024541339052,1,64,63,2,-1,3,10,0,22,79,20
646,104,310,76,96,20,124,124,89,89,0,104,124,80,90,10,0.012525953912658701,0.01695088328397835,72,79,7,3,2,2,6,5,74,25,47
647,100,100,69,69,0,100,100,66,66,0,100,100,72,72,0,0.04428333163143742,0.05704755097178257,94,98,4,2,1,1,6,18,44,30,12
648,16,632,40,100,60,70,84,43,45,2,16,84,40,63,23,0.003608019333537561,0.017801831240001363,48,80,32,2,3,3,9,1,26,90,15
649,112,1752,75,100,25,264,318,77,90,13,112,318,75,99,24,0.007147962830593281,0.04765308553728854,57,98,41,1,2,2,16,4,9,72,3
650,154,360,87,96,9,88,88,73,73,0,88,88,74,74,0,0.011606930120153852,0.012287688484972258,71,73,2,3,2,2,4,13,83,24,43
651,0,1640,1,100,99,0,58,1,59,58,0,58,1,59,58,0.0,0.03601211749889377,1,92,91,1,-1,2,4,0,83,40,30
652,18,120,41,76,35,66,66,37,37,0,18,22,41,41,0,0.00034037918240920387,0.0006126825283365669,32,36,4,4,3,3,12,2,2,56,63
653,0,0,1,1,0,0,0,1,1,0,0,0,1,1,0,0.0,0.0,1,1,0,-1,-1,-1,2,0,91,92,96
654,16,632,39,100,61,28,56,36,48,12,16,56,39,57,18,0.0004765308553728854,0.018142210422410564,35,79,44,2,3,3,6,1,69,4,15
655,90,706,65,100,35,82,82,56,56,0,82,82,65,65,0,0.008577555396711936,0.011164437183021887,65,70,5,2,3,3,7,9,62,31,54
656,0,1640,1,100,99,0,116,1,61,60,0,116,1,76,75,0.0,0.017972020831205963,1,80,79,1,-1,2,12,1,14,69,19
657,62,62,57,57,0,134,134,69,69,0,62,62,57,57,0,0.0037441710065012424,0.0037441710065012424,49,49,0,-1,2,2,10,6,12,70,76
658,120,221,85,93,8,64,64,64,64,0,64,64,67,67,0,0.016168011164437182,0.016406276592123625,81,81,0,5,3,3,4,18,77,30,65
659,12,218,39,93,54,20,20,35,35,0,12,20,39,47,8,0.0012253650566731338,0.01157289220191293,41,75,34,3,4,4,4,3,73,51,12
660,34,240,52,94,42,54,54,54,54,0,34,54,52,57,5,0.006297014874570271,0.00966676878042139,59,68,9,3,3,3,4,7,47,62,28
661,44,250,55,97,42,38,38,51,51,0,38,38,54,54,0,0.006603356138738555,0.015453214881377854,59,77,18,3,3,3,3,4,94,72,32
662,189,291,92,95,3,120,120,90,90,0,120,120,90,90,0,0.02392865652336703,0.024439225296980838,85,85,0,4,2,2,6,16,69,18,71
663,121,737,79,100,21,154,154,71,71,0,121,154,79,88,9,0.009496579189216788,0.01575955614554614,69,80,11,2,2,2,10,8,1,44,34
664,40,1680,52,100,48,90,134,65,86,21,40,134,52,87,35,0.006501242384015794,0.0352292453793526,59,95,36,1,2,2,6,1,34,90,39
665,0,616,1,100,99,0,38,1,37,36,0,34,1,49,48,0.0,0.004016474352428605,1,50,49,2,-1,3,6,0,48,80,13
666,0,206,1,95,94,0,8,1,31,30,0,8,1,37,36,0.0,0.0042547397801150485,1,52,51,3,-1,4,2,0,95,76,62
667,8,109,37,81,44,18,18,35,35,0,8,9,37,39,2,0.0015657442390823377,0.0016338200755641784,43,43,0,5,4,4,3,2,87,83,4
668,129,129,83,83,0,70,70,54,54,0,70,70,60,60,0,0.014602266925354846,0.014602266925354846,79,79,0,-1,3,3,5,15,61,19,92
669,123,123,85,85,0,72,72,77,77,0,72,72,77,77,0,0.014500153170632085,0.014500153170632085,76,76,0,-1,2,2,3,14,64,32,91
670,16,16,44,44,0,28,28,44,44,0,16,16,43,43,0,0.00176997174852786,0.00176997174852786,42,42,0,-1,3,3,3,1,76,53,84
671,250,351,96,99,3,96,96,93,93,0,96,96,93,93,0,0.0390755301405766,0.039143605977058446,94,94,0,5,2,2,3,27,58,10,4
672,126,332,83,95,12,114,114,67,67,0,114,114,80,80,0,0.008271214132543654,0.010279451308757957,67,69,2,3,3,3,9,13,23,24,46
673,6,622,28,100,72,31,86,31,42,11,6,73,28,57,29,0.0002042275094455223,0.008475441641989176,29,64,35,2,4,3,10,1,36,4,17
674,16,222,36,93,57,50,50,45,45,0,16,29,36,47,11,0.002825147213996392,0.005412029000306341,48,54,6,3,3,3,5,3,52,46,73
675,0,206,1,93,92,0,22,1,34,33,0,20,1,44,43,0.0,0.003982436434187685,1,50,49,3,-1,4,5,0,49,92,72
676,0,0,1,1,0,0,0,1,1,0,0,0,1,1,0,0.0,0.0,1,1,0,-1,-1,-1,8,0,10,81,84
677,2,618,28,100,72,12,46,30,39,9,2,37,28,52,24,0.00017018959120460194,0.007420266176520644,31,64,33,2,5,3,6,1,44,60,25
678,170,786,86,100,14,158,158,97,97,0,158,158,97,97,0,0.017018959120460194,0.026787841655604345,80,88,8,2,2,2,6,9,34,27,20
679,114,320,79,96,17,234,234,76,76,0,114,127,79,83,4,0.006501242384015794,0.009054086252084823,58,64,6,3,2,2,16,6,4,28,73
680,22,638,38,100,62,56,66,42,43,1,22,66,38,56,18,0.0014295925661186562,0.010109261717553355,39,68,29,2,3,3,6,2,51,61,20
681,0,0,1,1,0,0,0,1,1,0,0,0,1,1,0,0.0,0.0,1,1,0,-1,-1,-1,4,0,72,82,79
682,0,616,1,100,99,0,24,1,44,43,0,24,1,50,49,0.0,0.006467204465774873,1,59,58,2,-1,3,3,0,94,93,62
683,0,616,1,100,99,0,64,1,38,37,0,64,1,55,54,0.0,0.012594029749140543,1,76,75,2,-1,3,8,0,10,91,30
684,117,117,82,82,0,64,64,64,64,0,64,64,67,67,0,0.020592940535756832,0.020592940535756832,85,85,0,-1,3,3,4,16,77,18,96
685,40,656,44,100,56,158,168,66,67,1,40,88,44,56,12,0.00445896728956057,0.010790020082371761,55,68,13,2,2,2,14,1,8,90,48
686,212,212,94,94,0,136,136,99,99,0,136,136,99,99,0,0.03192756730998332,0.03192756730998332,91,91,0,-1,2,2,4,18,78,30,93
687,135,135,86,86,0,64,64,70,70,0,64,64,70,70,0,0.016440314510364547,0.016440314510364547,80,80,0,-1,3,3,4,15,84,19,69
688,309,909,98,100,2,120,120,100,100,0,120,120,100,100,0,0.04499812791449675,0.06422955172061677,96,97,1,2,2,2,3,29,76,11,1
689,68,170,65,91,26,62,62,74,74,0,62,62,75,75,0,0.010143299635794275,0.010415602981721638,71,71,0,4,2,2,3,4,64,72,88
690,16,222,36,91,55,36,36,38,38,0,16,36,36,52,16,0.0009530617107457708,0.006331052792811192,38,58,20,3,3,3,5,1,61,71,34
691,2,618,29,100,71,10,24,31,35,4,2,24,29,47,18,0.00010211375472276115,0.007760645358929848,30,64,34,2,5,3,5,1,49,65,8
692,16,16,35,35,0,110,110,61,61,0,16,16,35,35,0,0.003710133088260322,0.003710133088260322,51,51,0,-1,3,3,10,1,1,90,76
693,66,272,59,96,37,54,54,55,55,0,54,54,58,58,0,0.005718370264474625,0.010994247591817285,57,72,15,3,3,3,4,6,53,28,31
694,198,404,90,98,8,128,128,93,93,0,128,128,93,93,0,0.021852343510670887,0.023009632730862182,84,85,1,3,2,2,5,18,80,5,74
695,219,219,92,92,0,176,176,87,87,0,176,176,91,91,0,0.02559651451717213,0.02559651451717213,88,88,0,-1,2,2,8,15,39,16,86
696,0,616,1,100,99,0,34,1,38,37,0,34,1,50,49,0.0,0.011402702610708328,1,73,72,2,-1,3,4,0,53,86,12
697,86,86,64,64,0,86,86,56,56,0,86,86,66,66,0,0.008713707069675619,0.008713707069675619,66,66,0,-1,3,3,6,7,59,21,76
698,0,616,1,100,99,0,34,1,42,41,0,34,1,51,50,0.0,0.007998910786616291,1,64,63,2,-1,3,4,0,79,85,62
699,0,1640,1,100,99,0,90,1,44,43,0,72,1,60,59,0.0,0.015555328636100617,1,76,75,1,-1,2,10,0,12,97,17
700,0,616,1,100,99,0,114,1,55,54,0,101,1,75,74,0.0,0.016168011164437182,1,75,74,2,-1,3,14,0,8,67,23
701,2,618,26,100,74,10,68,27,40,13,2,60,26,53,27,3.4037918240920386e-05,0.009020048333843901,26,68,42,2,5,3,8,1,30,68,20
702,0,206,1,95,94,0,8,1,31,30,0,8,1,37,36,0.0,0.0027911092957554717,1,48,47,3,-1,4,2,0,95,67,73
703,70,70,67,67,0,48,48,59,59,0,48,48,63,63,0,0.006024711528642908,0.006024711528642908,58,58,0,-1,3,3,3,6,75,28,36
704,40,40,56,56,0,32,32,64,64,0,32,32,64,64,0,0.005412029000306341,0.005412029000306341,59,59,0,-1,3,3,2,6,89,41,87
705,111,317,76,95,19,164,164,74,74,0,111,119,76,78,2,0.008203138296061813,0.009870996289866912,64,66,2,3,2,2,10,8,22,44,83
706,0,0,1,1,0,0,0,1,1,0,0,0,1,1,0,0.0,0.0,1,1,0,-1,-1,-1,2,0,99,97,50
707,144,760,84,100,16,182,182,82,82,0,144,182,84,87,3,0.011198475101262807,0.018482589604819768,71,81,10,2,2,2,9,7,28,21,25
708,12,218,40,94,54,26,26,36,36,0,12,20,40,44,4,0.0009190237925048504,0.002484768031587188,38,47,9,3,4,4,5,3,49,51,75
709,100,100,59,59,0,100,100,39,39,0,100,100,59,59,0,0.05721774056298717,0.07120732496000545,99,100,1,2,1,1,14,40,16,3,5
710,0,206,1,90,89,0,36,1,32,31,0,25,1,45,44,0.0,0.0046972327172470135,1,56,55,3,-1,4,8,0,39,98,57
711,100,100,62,62,0,100,100,43,43,0,100,100,62,62,0,0.037475747983253344,0.037543823819735186,93,93,0,6,1,1,12,19,14,15,78
712,2,104,28,81,53,5,6,28,29,1,2,4,28,31,3,0.00017018959120460194,0.0004765308553728854,31,36,5,4,5,5,3,1,76,65,49
713,40,40,44,44,0,128,128,59,59,0,40,40,44,44,0,0.0019741992579733825,0.0019741992579733825,43,43,0,-1,2,2,14,1,8,71,86
714,6,212,34,97,63,12,12,39,39,0,6,12,34,43,9,0.0020422750944552232,0.01695088328397835,45,81,36,3,4,4,2,2,97,94,9
715,245,445,97,100,3,56,56,85,85,0,56,56,85,85,0,0.04322815616596889,0.045746962115797,96,98,2,3,2,2,2,29,90,0,22
716,164,265,91,97,6,56,56,76,76,0,56,56,77,77,0,0.021546002246502605,0.021546002246502605,88,88,0,6,2,2,2,18,68,5,58
717,100,100,79,79,0,100,100,96,96,0,100,100,96,96,0,0.058613295210864905,0.059838660267538035,99,99,0,4,1,1,3,7,85,62,43
718,100,100,66,66,0,100,100,45,45,0,100,100,66,66,0,0.04717655468191565,0.047278668436638416,96,96,0,4,1,1,10,29,1,0,4
719,0,616,1,100,99,0,76,1,48,47,0,76,1,55,54,0.0,0.030600088498587426,1,91,90,2,-1,3,6,0,40,96,10
720,0,1640,1,100,99,0,156,1,65,64,0,156,1,87,86,0.0,0.028864154668300487,1,88,87,1,-1,2,12,0,6,87,7
721,49,49,57,57,0,118,118,69,69,0,49,49,57,57,0,0.00527587732734266,0.00527587732734266,58,58,0,-1,3,3,8,4,57,22,67
722,56,1696,61,100,39,34,68,44,76,32,34,68,55,78,23,0.005446066918547262,0.037509785901494265,59,94,35,1,3,2,4,6,72,13,34
723,56,672,53,100,47,134,134,66,66,0,56,89,53,62,9,0.0053439531638245,0.009632730862180468,56,66,10,2,2,2,10,3,22,29,35
724,6,622,30,100,70,29,72,30,37,7,6,48,30,54,24,0.00030634126416828345,0.006126825283365669,34,61,27,2,4,3,11,1,38,55,21
725,342,548,96,100,4,176,176,99,99,0,176,176,99,99,0,0.039994553933081455,0.04156029817216379,93,93,0,3,2,2,5,27,80,10,51
726,50,666,66,100,34,22,32,49,68,19,22,32,53,68,15,0.005241839409101739,0.02277136730317574,57,87,30,2,3,3,2,5,90,47,12
727,16,117,40,79,39,40,40,38,38,0,16,17,40,44,4,0.00034037918240920387,0.00037441710065012424,33,34,1,6,3,3,9,1,26,88,58
728,2,103,27,84,57,4,4,27,27,0,2,3,27,30,3,6.807583648184077e-05,0.00010211375472276115,27,30,3,6,5,5,3,1,92,55,68
729,298,914,96,100,4,176,176,85,85,0,176,176,89,89,0,0.029919330133769018,0.03403791824092039,89,91,2,2,2,2,8,22,30,9,41
730,81,287,75,99,24,32,32,63,63,0,32,32,65,65,0,0.012491915994417782,0.018686817114265293,78,83,5,3,3,3,2,13,98,33,31
731,335,335,96,96,0,104,104,88,88,0,104,104,88,88,0,0.04183260151809115,0.04183260151809115,96,96,0,-1,2,2,5,40,88,3,36
732,80,286,59,95,36,186,186,72,72,0,80,86,59,61,2,0.005922597773920147,0.006841621566424997,57,60,3,3,2,2,13,2,13,75,71
733,290,391,96,100,4,96,96,87,87,0,96,96,87,87,0,0.03553558664352088,0.035603662480002726,92,93,1,5,2,2,3,29,87,11,60
734,2,618,28,100,72,8,58,28,42,14,2,58,28,51,23,0.0,0.010449640899962559,1,70,69,2,5,3,7,2,46,58,20
735,128,744,81,100,19,134,134,91,91,0,128,134,91,91,0,0.015521290717859695,0.024200959869294394,78,85,7,2,2,2,6,6,71,41,33
736,120,320,88,100,12,22,22,49,49,0,22,22,53,53,0,0.01923142380612002,0.043908914530787296,83,96,13,3,3,3,2,19,90,15,2
737,0,616,1,100,99,0,54,1,37,36,0,28,1,42,41,0.0,0.004561081044283332,1,50,49,2,-1,3,8,0,27,59,70
738,22,638,42,100,58,56,86,41,54,13,22,86,42,59,17,0.0021784267674189047,0.022805405221416657,44,87,43,2,3,3,6,2,40,83,0
739,281,487,96,100,4,104,104,80,80,0,104,104,81,81,0,0.0335613873855475,0.03802035467510807,92,94,2,3,2,2,5,29,63,11,72
740,16,632,34,100,66,144,164,63,65,2,16,78,34,54,20,0.0017359338302869397,0.00796487286837537,42,60,18,2,3,3,14,1,16,53,31
741,0,616,1,100,99,0,40,1,35,34,0,28,1,47,46,0.0,0.003914360597705844,1,49,48,2,-1,3,7,0,43,93,47
742,12,1652,36,100,64,34,68,37,48,11,12,54,36,54,18,0.001497668402600497,0.016882807447496512,42,79,37,1,4,2,7,3,62,51,74
743,0,616,1,100,99,0,56,1,44,43,0,56,1,58,57,0.0,0.0156914803090643,1,81,80,2,-1,3,6,0,48,85,15
744,46,252,56,97,41,52,52,80,80,0,46,52,73,81,8,0.011402702610708328,0.015725518227305217,73,81,8,3,2,2,3,2,60,83,62
745,6,206,28,91,63,20,20,33,33,0,6,20,28,40,12,0.0005786446100956465,0.004288777698355968,36,49,13,3,4,4,6,2,56,42,57
746,6,622,27,100,73,15,42,28,35,7,6,42,27,50,23,0.00037441710065012424,0.01589570781850982,29,78,49,2,4,3,6,1,51,88,15
747,0,102,1,82,81,0,8,1,31,30,0,2,1,27,26,0.0,0.0020082371762143027,1,46,45,4,-1,5,4,0,78,92,90
748,90,706,77,100,23,32,32,58,58,0,32,32,60,60,0,0.016474352428605468,0.028149358385241158,81,91,10,2,3,3,2,18,91,30,32
749,50,256,51,94,43,110,110,58,58,0,50,54,51,51,0,0.005480104836788182,0.0061949011198475104,53,56,3,3,3,3,10,6,0,73,71
750,100,100,78,78,0,100,100,97,97,0,100,100,97,97,0,0.08642227441369686,0.09248102386058069,99,99,0,3,1,1,3,27,96,10,44
751,100,100,57,57,0,100,100,38,38,0,100,100,57,57,0,0.011402702610708328,0.014227849824704722,70,77,7,2,1,1,16,2,4,56,29
752,6,6,29,29,0,34,34,32,32,0,6,6,29,29,0,6.807583648184077e-05,6.807583648184077e-05,29,29,0,-1,4,4,11,1,5,95,92
753,63,165,61,88,27,60,60,53,53,0,60,60,60,60,0,0.007182000748834201,0.007828721195411689,62,62,0,4,3,3,5,8,49,57,43
754,37,653,58,100,42,22,22,49,49,0,22,22,53,53,0,0.0053099152455835805,0.014261887742945642,58,79,21,2,3,3,2,6,90,35,44
755,0,0,1,1,0,0,0,1,1,0,0,0,1,1,0,0.0,0.0,1,1,0,-1,-1,-1,4,0,73,91,59
756,85,85,75,75,0,32,32,70,70,0,32,32,70,70,0,0.010007147962830594,0.010007147962830594,68,68,0,-1,3,3,2,13,95,24,50
757,0,101,1,82,81,0,2,1,25,24,0,1,1,25,24,0.0,0.00013615167296368154,1,30,29,5,-1,6,2,1,90,50,55
758,44,660,57,100,43,38,48,59,72,13,38,48,62,74,12,0.006399128629293032,0.03097450559923755,60,91,31,2,3,3,3,7,92,62,0
759,91,297,65,95,30,86,90,56,63,7,91,90,71,69,-2,0.007692569522448007,0.013104598522754349,60,75,15,3,2,2,6,6,51,35,57
760,184,800,90,100,10,254,254,92,92,0,184,254,90,94,4,0.015997821573232582,0.026277272881990537,78,89,11,2,2,2,12,8,6,20,37
761,47,47,54,54,0,94,94,51,51,0,47,47,54,54,0,0.004629156880765172,0.004629156880765172,53,53,0,-1,3,3,9,6,23,35,81
762,2,104,26,75,49,9,10,26,27,1,2,4,26,27,1,3.4037918240920386e-05,0.0002723033459273631,26,29,3,4,5,5,8,2,27,58,55
763,42,658,51,100,49,134,134,66,66,0,42,134,52,80,28,0.0026889955410327104,0.009156200006807584,48,68,20,2,2,2,10,2,1,61,24
764,0,0,1,1,0,0,0,1,1,0,0,0,1,1,0,0.0,0.0,1,1,0,-1,-1,-1,9,0,29,66,59
765,94,294,73,95,22,28,28,40,40,0,28,28,49,49,0,0.010041185881071514,0.0123557643214541,73,76,3,3,3,3,3,14,82,32,35
766,78,694,60,100,40,90,100,67,72,5,78,100,65,73,8,0.008135062459579971,0.03876918887640832,60,95,35,2,2,2,6,4,71,38,2
767,252,868,93,100,7,158,158,95,95,0,158,158,95,95,0,0.025154021580040164,0.03094046768099663,87,89,2,2,2,2,6,16,40,18,62
768,16,222,41,94,53,50,50,48,48,0,16,50,41,56,15,0.00445896728956057,0.00789679703189353,53,62,9,3,3,3,5,1,49,90,26
769,0,616,1,100,99,0,134,1,61,60,0,134,1,81,80,0.0,0.021682153919466287,1,85,84,2,-1,3,14,0,8,87,1
770,136,136,79,79,0,152,152,76,76,0,136,136,80,80,0,0.01412573606998196,0.01412573606998196,78,78,0,-1,2,2,8,8,15,20,84
771,6,622,30,100,70,20,34,35,42,7,6,34,30,51,21,0.000442492937131965,0.020865243881684196,34,85,51,2,4,3,4,1,83,49,10
772,22,228,45,92,47,46,46,40,40,0,22,29,45,51,6,0.002382654276864427,0.0026209197045508697,47,48,1,3,3,3,6,2,44,75,56
773,144,760,85,100,15,284,284,86,86,0,144,190,85,88,3,0.009939072126348753,0.01330882603219987,67,74,7,2,2,2,16,7,4,21,13
774,68,170,56,85,29,158,158,68,68,0,68,70,56,56,0,0.006024711528642908,0.006092787365124749,56,56,0,4,2,2,14,6,17,73,58
775,6,212,27,90,63,21,37,28,30,2,6,12,27,31,4,0.00013615167296368154,0.000442492937131965,29,36,7,3,4,4,14,2,8,58,49
776,6,212,28,92,64,43,43,30,30,0,6,14,28,32,4,0.00017018959120460194,0.0017359338302869397,29,41,12,3,4,4,16,1,4,65,83
777,0,1640,1,100,99,0,164,1,73,72,0,164,1,88,87,0.0,0.03938187140474489,1,93,92,1,-1,2,10,0,1,96,2
778,16,632,36,100,64,52,52,40,40,0,16,52,36,51,15,0.0032336022328874367,0.01232172640321318,43,72,29,2,3,3,6,1,71,90,33
779,0,616,1,100,99,0,46,1,39,38,0,46,1,55,54,0.0,0.014432077334150244,1,79,78,2,-1,3,6,0,44,89,15
780,416,1032,97,100,3,272,272,95,95,0,272,272,95,95,0,0.03240409816535621,0.039449947241226725,92,95,3,2,2,2,11,27,5,10,77
781,60,676,63,100,37,54,54,60,60,0,54,54,62,62,0,0.005173763572619898,0.02205657102011641,59,83,24,2,3,3,4,5,78,47,6
782,34,1674,43,100,57,124,188,58,69,11,34,188,43,90,47,0.0011913271384322134,0.034990979951666154,39,93,54,1,3,2,14,4,8,64,11
783,0,206,1,95,94,0,18,1,34,33,0,18,1,45,44,0.0,0.010858095918853602,1,70,69,3,-1,4,3,0,94,85,5
784,6,6,29,29,0,19,19,29,29,0,6,6,29,29,0,0.00017018959120460194,0.00017018959120460194,31,31,0,-1,4,4,8,1,42,65,59
785,0,616,1,100,99,0,50,1,34,33,0,16,1,33,32,0.0,0.0025188059498281084,1,49,48,2,-1,3,10,0,11,96,94
786,216,1856,91,100,9,176,200,87,93,6,176,200,91,93,2,0.02130773681881616,0.042104904864018515,85,94,9,1,2,2,8,18,15,30,8
787,18,634,40,100,60,106,110,58,58,0,18,110,40,77,37,0.0012934408931549745,0.007454304094761564,40,60,20,2,3,3,10,2,36,61,31
788,8,110,31,81,50,20,20,30,30,0,8,12,31,31,0,0.00037441710065012424,0.0008509479560230097,31,34,3,4,4,4,4,2,67,56,63
789,0,616,1,100,99,0,56,1,43,42,0,56,1,57,56,0.0,0.014329963579427483,1,76,75,2,-1,3,6,1,34,45,30
790,0,102,1,82,81,0,8,1,31,30,0,4,1,32,31,0.0,0.0013955546478777359,1,41,40,4,-1,5,4,0,78,84,54
791,348,948,96,100,4,176,176,85,85,0,176,176,89,89,0,0.032165832737669764,0.03985840226011777,88,95,7,2,2,2,8,29,42,0,17
792,100,716,77,100,23,72,72,77,77,0,72,72,77,77,0,0.009564655025698629,0.013002484768031588,72,77,5,2,2,2,3,6,82,13,64
793,0,0,1,1,0,0,0,1,1,0,0,0,1,1,0,0.0,0.0,1,1,0,-1,-1,-1,5,1,88,45,87
794,112,318,76,95,19,198,198,82,82,0,112,118,76,77,1,0.010347527145239796,0.012559991830899623,68,71,3,3,2,2,10,4,18,38,90
795,78,78,69,69,0,60,60,49,49,0,60,60,59,59,0,0.014329963579427483,0.014329963579427483,77,77,0,-1,3,3,5,9,88,39,86
796,376,576,99,100,1,256,256,97,97,0,256,256,98,98,0,0.03362946322202934,0.04397699036726914,92,96,4,3,2,2,10,22,22,9,6
797,100,100,66,66,0,100,100,67,67,0,100,100,73,73,0,0.04693828925422921,0.0494230572858164,96,97,1,2,1,1,5,14,52,14,61
798,0,0,1,1,0,0,0,1,1,0,0,0,1,1,0,0.0,0.0,1,1,0,-1,-1,-1,4,0,83,79,45
799,6,212,27,92,65,12,16,28,28,0,6,16,27,34,7,0.00034037918240920387,0.004731270635487933,29,48,19,3,4,4,4,1,67,88,57
800,0,616,1,100,99,0,30,1,42,41,0,30,1,51,50,0.0,0.012696143503863304,1,77,76,2,-1,3,4,0,47,96,37
801,27,129,53,86,33,14,14,34,34,0,14,14,40,40,0,0.003608019333537561,0.005412029000306341,51,56,5,4,4,4,3,6,55,35,75
802,100,100,68,68,0,100,100,57,57,0,100,100,68,68,0,0.0317233398005378,0.035025017869907075,89,92,3,2,1,1,8,14,39,32,94
803,0,616,1,100,99,0,33,1,32,31,0,22,1,42,41,0.0,0.0007147962830593281,1,36,35,2,-1,3,9,0,54,86,56
804,0,206,1,94,93,0,14,1,36,35,0,14,1,42,41,0.0,0.007454304094761564,1,67,66,3,-1,4,3,0,81,96,8
805,18,634,39,100,61,32,32,35,35,0,18,32,39,48,9,0.00088498587426393,0.005105687736138058,37,53,16,2,3,3,5,2,50,63,28
806,260,362,96,97,1,190,190,93,93,0,190,190,94,94,0,0.024881718234112803,0.024881718234112803,87,87,0,4,2,2,8,19,39,15,68
807,56,56,58,58,0,90,90,65,65,0,56,56,58,58,0,0.006024711528642908,0.006024711528642908,57,57,0,-1,2,2,6,3,34,29,96
808,0,616,1,100,99,0,46,1,33,32,0,32,1,45,44,0.0,0.004833384390210695,1,55,54,2,-1,3,12,0,3,89,35
809,56,672,59,100,41,32,32,58,58,0,32,32,60,60,0,0.006671431975220395,0.033221008203138294,59,93,34,2,3,3,2,6,91,13,2
810,6,212,27,86,59,24,52,29,34,5,6,39,27,46,19,6.807583648184077e-05,0.004595118962524252,28,54,26,3,4,4,12,1,2,95,57
811,132,338,86,98,12,44,44,50,50,0,44,44,57,57,0,0.01606589740971442,0.021614078082984444,77,85,8,3,3,3,4,16,73,12,77
812,40,246,50,95,45,80,80,55,55,0,40,80,50,65,15,0.00439089145307873,0.013138636440995268,52,73,21,3,2,2,6,3,59,46,33
813,121,327,78,95,17,154,154,67,67,0,121,127,78,79,1,0.008577555396711936,0.010790020082371761,67,69,2,3,2,2,10,8,18,44,46
814,22,1662,40,100,60,176,210,63,71,8,22,70,40,53,13,0.0018040096667687805,0.009530617107457708,41,65,24,1,3,2,16,2,4,61,64
815,0,101,1,75,74,0,17,1,25,24,0,1,1,25,24,0.0,6.807583648184077e-05,1,27,26,5,-1,6,17,1,20,69,58
816,348,964,99,100,1,152,152,99,99,0,152,152,99,99,0,0.04132203274447735,0.046189455052928964,95,96,1,2,2,2,5,29,37,0,34
817,60,60,69,69,0,32,32,63,63,0,32,32,64,64,0,0.008747744987916539,0.008747744987916539,66,66,0,-1,3,3,2,7,86,48,45
818,0,0,1,1,0,0,0,1,1,0,0,0,1,1,0,0.0,0.0,1,1,0,-1,-1,-1,3,0,64,85,86
819,0,206,1,93,92,0,16,1,32,31,0,9,1,38,37,0.0,0.001940161339732462,1,45,44,3,-1,4,4,0,73,40,54
820,245,245,97,97,0,56,56,85,85,0,56,56,85,85,0,0.04322815616596889,0.04322815616596889,96,96,0,-1,2,2,2,29,90,0,89
821,0,206,1,90,89,0,20,1,32,31,0,14,1,36,35,0.0,0.0020422750944552232,1,46,45,3,-1,4,6,0,74,99,70
822,304,504,98,100,2,158,158,95,95,0,158,158,95,95,0,0.03213179481942884,0.038258620102794516,92,95,3,3,2,2,6,22,59,9,33
823,0,616,1,100,99,0,18,1,46,45,0,18,1,48,47,0.0,0.017087034956942034,1,80,79,2,-1,3,2,0,99,91,9
824,45,146,56,89,33,38,38,51,51,0,38,38,54,54,0,0.005207801490860819,0.005241839409101739,53,54,1,6,3,3,3,6,94,28,58
825,16,16,35,35,0,120,120,62,62,0,16,16,35,35,0,0.0019741992579733825,0.0019741992579733825,42,42,0,-1,3,3,10,1,12,53,67
826,0,0,1,1,0,0,0,1,1,0,0,0,1,1,0,0.0,0.0,1,1,0,-1,-1,-1,14,1,25,50,36
827,32,648,47,100,53,94,124,48,64,16,32,124,47,76,29,0.0020082371762143027,0.03175737771877872,46,91,45,2,3,3,9,2,28,52,3
828,28,1668,49,100,51,72,116,49,75,26,28,116,49,79,30,0.0012253650566731338,0.041049729398549985,40,95,55,1,3,2,7,4,62,64,3
829,241,441,96,100,4,72,72,85,85,0,72,72,85,85,0,0.0392457197317812,0.046019265461724364,94,96,2,3,2,2,3,29,60,11,8
830,66,682,57,100,43,120,140,61,64,3,64,140,56,81,25,0.0048674223084516155,0.016133973246196264,53,74,21,2,2,2,11,6,33,41,39
831,6,212,30,94,64,12,12,32,32,0,6,12,30,36,6,0.0013274788113958951,0.016202049082678104,40,81,41,3,4,4,2,1,91,71,23
832,0,616,1,100,99,0,42,1,40,39,0,42,1,50,49,0.0,0.020831205963443275,1,81,80,2,-1,3,6,0,69,93,10
833,180,180,90,90,0,232,232,92,92,0,180,180,91,91,0,0.013955546478777357,0.013955546478777357,76,76,0,-1,2,2,10,9,1,27,67
834,101,203,74,91,17,64,64,60,60,0,64,64,63,63,0,0.01589570781850982,0.01606589740971442,79,80,1,4,3,3,4,12,83,37,95
835,120,120,76,76,0,174,174,72,72,0,120,120,76,76,0,0.006943735321147759,0.006943735321147759,58,58,0,-1,2,2,10,6,0,13,93
836,56,1696,53,100,47,134,188,66,84,18,56,188,53,87,34,0.0053439531638245,0.03703325504612138,56,96,40,1,2,2,10,3,22,29,0
837,231,847,92,100,8,206,206,91,91,0,206,206,93,93,0,0.018244324177133328,0.021375812655298,80,84,4,2,2,2,9,15,28,19,13
838,0,1640,1,100,99,0,124,1,64,63,0,124,1,79,78,0.0,0.029919330133769018,1,90,89,1,-1,2,10,0,1,86,0
839,0,0,1,1,0,0,0,1,1,0,0,0,1,1,0,0.0,0.0,1,1,0,-1,-1,-1,9,0,31,67,99
840,100,100,59,59,0,100,100,39,39,0,100,100,59,59,0,0.04962728479526192,0.05554988256918207,98,98,0,2,1,1,14,29,16,1,21
841,6,212,30,94,64,14,22,31,32,1,6,22,30,42,12,0.00017018959120460194,0.005173763572619898,30,54,24,3,4,4,5,1,63,60,31
842,22,228,43,92,49,54,54,39,39,0,22,36,43,51,8,0.0012934408931549745,0.0033016780693692774,41,52,11,3,3,3,8,2,21,74,54
843,6,6,28,28,0,39,39,30,30,0,6,6,28,28,0,3.4037918240920386e-05,3.4037918240920386e-05,26,26,0,-1,4,4,17,1,20,60,87
844,45,146,62,89,27,32,32,69,69,0,32,32,69,69,0,0.005990673610401988,0.006024711528642908,58,58,0,6,3,3,2,6,93,28,68
845,92,92,72,72,0,64,64,65,65,0,64,64,67,67,0,0.0123557643214541,0.0123557643214541,76,76,0,-1,3,3,4,8,47,17,80
846,111,211,79,94,15,120,120,80,80,0,120,120,81,81,0,0.010415602981721638,0.010449640899962559,70,70,0,5,2,2,6,8,34,44,78
847,100,100,69,69,0,100,100,66,66,0,100,100,72,72,0,0.04680213758126553,0.04680213758126553,96,96,0,6,1,1,6,17,44,6,68
848,112,318,76,96,20,146,146,80,80,0,112,122,78,79,1,0.008169100377820893,0.009598692943939549,65,67,2,3,2,2,8,4,10,72,54
849,0,0,1,1,0,0,0,1,1,0,0,0,1,1,0,0.0,0.0,1,1,0,-1,-1,-1,5,0,70,40,97
850,184,800,85,100,15,252,262,85,87,2,184,223,85,87,2,0.016882807447496512,0.02110350930937064,75,83,8,2,2,2,14,12,25,37,22
851,228,844,90,100,10,248,248,89,89,0,228,248,91,91,0,0.016916845365737433,0.02923857176895061,76,90,14,2,2,2,11,13,5,33,37
852,84,700,72,100,28,88,88,82,82,0,88,88,82,82,0,0.010279451308757957,0.02552843868069029,70,88,18,2,2,2,4,6,72,26,6
853,0,206,1,96,95,0,12,1,36,35,0,12,1,41,40,0.0,0.005786446100956465,1,59,58,3,-1,4,2,0,99,97,26
854,58,58,62,62,0,72,72,79,79,0,72,72,80,80,0,0.009734844616903231,0.009734844616903231,73,73,0,-1,2,2,3,4,75,38,50
855,162,762,83,100,17,176,176,90,90,0,162,176,90,90,0,0.018074134585928724,0.03134892269988768,79,91,12,2,2,2,8,9,21,39,23
856,129,129,85,85,0,56,56,84,84,0,56,56,84,84,0,0.01783586915824228,0.01783586915824228,82,82,0,-1,2,2,2,13,86,24,92
857,200,200,88,88,0,180,180,93,93,0,200,200,93,93,0,0.015725518227305217,0.015725518227305217,78,78,0,-1,2,2,8,8,30,8,76
858,60,60,65,65,0,34,34,44,44,0,34,34,55,55,0,0.00704584907587052,0.00704584907587052,64,64,0,-1,3,3,4,9,72,31,98
859,16,117,43,80,37,30,30,43,43,0,16,17,43,45,2,0.0006467204465774873,0.0006807583648184077,36,36,0,5,3,3,4,1,47,49,95
860,100,100,60,60,0,100,100,40,40,0,100,100,60,60,0,0.04350045951189625,0.04350045951189625,97,97,0,-1,1,1,14,22,25,9,45
861,84,284,62,92,30,168,168,82,82,0,84,90,62,64,2,0.007386228258279724,0.009905034208107831,63,69,6,3,2,2,9,6,54,26,29
862,0,616,1,99,98,0,78,1,38,37,0,49,1,51,50,0.0,0.006092787365124749,1,55,54,2,-1,3,11,0,5,76,57
863,128,128,83,83,0,104,104,86,86,0,104,104,86,86,0,0.016406276592123625,0.016406276592123625,79,79,0,-1,2,2,5,13,45,33,84
864,0,616,1,100,99,0,56,1,46,45,0,56,1,59,58,0.0,0.011504816365431091,1,72,71,2,-1,3,6,0,32,40,20
865,0,616,1,100,99,0,54,1,61,60,0,54,1,67,66,0.0,0.028421661731168522,1,90,89,2,-1,3,4,0,72,98,10
866,0,616,1,100,99,0,86,1,45,44,0,86,1,59,58,0.0,0.015419176963136935,1,77,76,2,-1,3,10,0,11,85,15
867,0,101,1,77,76,0,10,1,25,24,0,1,1,25,24,0.0,6.807583648184077e-05,1,28,27,5,-1,6,10,0,1,84,78
868,0,0,1,1,0,0,0,1,1,0,0,0,1,1,0,0.0,0.0,1,1,0,-1,-1,-1,4,0,73,80,69
869,0,616,1,100,99,0,68,1,38,37,0,48,1,52,51,0.0,0.008169100377820893,1,63,62,2,-1,3,10,0,22,86,34
870,16,16,42,42,0,24,24,43,43,0,16,16,42,42,0,0.0009190237925048504,0.0009190237925048504,38,38,0,-1,3,3,3,1,58,49,87
871,36,652,54,100,46,28,28,45,45,0,28,28,50,50,0,0.005037611899656217,0.009564655025698629,54,65,11,2,3,3,3,6,58,28,52
872,0,616,1,100,99,0,74,1,44,43,0,72,1,57,56,0.0,0.009564655025698629,1,69,68,2,-1,3,8,0,42,96,20
873,68,274,65,97,32,78,78,77,77,0,68,78,77,78,1,0.0088498587426393,0.010892133837094524,67,73,6,3,2,2,4,4,78,72,46
874,0,206,1,88,87,0,44,1,34,33,0,26,1,45,44,0.0,0.003165526396405596,1,51,50,3,-1,4,10,0,11,40,28
875,58,264,60,98,38,22,22,42,42,0,22,22,45,45,0,0.008169100377820893,0.01763164164879676,64,82,18,3,3,3,2,7,91,48,39
876,100,100,60,60,0,100,100,40,40,0,100,100,60,60,0,0.017937982912965042,0.017937982912965042,77,77,0,-1,1,1,14,5,25,47,80
877,38,244,53,97,44,18,18,35,35,0,18,18,46,46,0,0.006331052792811192,0.01320671227747711,58,76,18,3,4,4,3,8,94,57,14
878,0,1640,1,100,99,0,80,1,57,56,0,80,1,61,60,0.0,0.036624800027230335,1,94,93,1,-1,2,6,0,41,85,7
879,70,276,60,94,34,76,76,54,54,0,70,76,63,65,2,0.005377991082065421,0.010109261717553355,52,67,15,3,3,3,6,5,56,47,57
880,0,616,1,100,99,0,66,1,47,46,0,66,1,56,55,0.0,0.013921508560536438,1,75,74,2,-1,3,6,1,41,69,12
881,88,88,73,73,0,64,64,68,68,0,64,64,71,71,0,0.01245787807617686,0.01245787807617686,74,74,0,-1,3,3,4,13,72,33,89
882,58,264,62,97,35,54,54,60,60,0,54,54,62,62,0,0.00980292045338507,0.013036522686272508,69,77,8,3,3,3,4,6,78,77,47
883,40,142,50,81,31,110,110,60,60,0,40,42,50,54,4,0.004561081044283332,0.004663194799006093,55,55,0,4,3,3,10,6,11,73,4
884,12,12,38,38,0,38,38,34,34,0,12,12,38,38,0,0.0011913271384322134,0.0011913271384322134,40,40,0,-1,4,4,9,3,26,51,82
885,0,206,1,86,85,0,44,1,31,30,0,12,1,30,29,0.0,0.0009190237925048504,1,37,36,3,-1,4,14,0,25,67,52
886,198,404,91,98,7,158,158,80,80,0,158,158,86,86,0,0.019707954661492902,0.020558902617515914,83,84,1,3,2,2,9,18,23,5,55
887,268,268,92,92,0,254,254,93,93,0,254,254,94,94,0,0.022805405221416657,0.022805405221416657,82,82,0,-1,2,2,12,17,2,6,99
888,0,206,1,93,92,0,12,1,35,34,0,12,1,36,35,0.0,0.007147962830593281,1,60,59,3,-1,4,2,0,68,80,32
889,1,207,26,94,68,2,12,26,39,13,1,12,26,41,15,3.4037918240920386e-05,0.005037611899656217,27,57,30,3,6,4,2,1,90,78,57
890,0,0,1,1,0,0,0,1,1,0,0,0,1,1,0,0.0,0.0,1,1,0,-1,-1,-1,3,0,58,59,67
891,32,238,49,94,45,42,46,38,42,4,32,52,49,54,5,0.002927260968719153,0.007794683277170768,49,63,14,3,3,3,6,2,65,75,72
892,300,506,100,100,0,56,56,86,86,0,56,56,86,86,0,0.051499370298512544,0.0597705844310562,98,98,0,3,2,2,2,36,95,2,5
893,64,165,57,86,29,66,66,50,50,0,64,65,59,60,1,0.006297014874570271,0.006433166547533953,57,57,0,5,3,3,6,4,56,72,78
894,0,206,1,89,88,0,38,1,33,32,0,24,1,44,43,0.0,0.0042547397801150485,1,50,49,3,-1,4,9,0,26,99,62
895,2,1642,28,100,72,6,56,28,54,26,2,50,28,54,26,6.807583648184077e-05,0.021546002246502605,28,82,54,1,5,2,5,1,70,68,64
896,2,618,26,100,74,10,60,26,37,11,2,43,26,54,28,0.0,0.007692569522448007,1,61,60,2,5,3,9,1,28,68,34
897,16,632,37,100,63,46,56,39,43,4,16,56,37,53,16,0.0012594029749140542,0.00878178290615746,41,69,28,2,3,3,6,1,41,71,24
898,28,234,52,94,42,28,28,42,42,0,28,28,51,51,0,0.003812246842983083,0.02386058068688519,53,87,34,3,3,3,3,6,64,41,7
899,100,100,77,77,0,100,100,96,96,0,100,100,96,96,0,0.08291636883488206,0.09108546921270295,100,100,0,3,1,1,3,29,82,0,12
900,0,0,1,1,0,0,0,1,1,0,0,0,1,1,0,0.0,0.0,1,1,0,-1,-1,-1,15,0,7,36,79
901,32,648,46,100,54,116,136,60,63,3,32,136,46,78,32,0.002757071377514551,0.015623404472582456,49,74,25,2,3,3,11,2,5,52,37
902,0,0,1,1,0,0,0,1,1,0,0,0,1,1,0,0.0,0.0,1,1,0,-1,-1,-1,6,0,44,96,59
903,56,262,66,98,32,38,38,52,52,0,38,38,55,55,0,0.0063650907110521125,0.009836958371625992,60,71,11,3,3,3,3,6,66,13,35
904,53,669,63,100,37,38,38,52,52,0,38,38,55,55,0,0.0068075836481840775,0.022430988120766535,64,87,23,2,3,3,3,8,66,57,18
905,100,100,78,78,0,100,100,97,97,0,100,100,97,97,0,0.05163552197147622,0.06589740971442187,98,98,0,2,1,1,3,3,96,46,19
906,2,618,25,100,75,7,34,25,38,13,2,34,25,45,20,0.0002723033459273631,0.008713707069675619,28,62,34,2,5,3,4,1,67,55,77
907,0,616,1,100,99,0,70,1,43,42,0,70,1,56,55,0.0,0.016542428265087308,1,78,77,2,-1,3,9,0,35,36,23
908,28,234,45,92,47,74,74,42,42,0,28,34,45,48,3,0.001940161339732462,0.0023486163586235067,44,47,3,3,3,3,9,3,28,43,42
909,150,150,90,90,0,72,72,87,87,0,72,72,87,87,0,0.027706865448109193,0.027706865448109193,89,89,0,-1,2,2,3,17,55,6,76
910,84,700,59,100,41,206,206,81,81,0,84,106,59,74,15,0.009836958371625992,0.011640968038394772,71,71,0,2,2,2,12,5,3,25,52
911,130,730,80,100,20,54,54,52,52,0,54,54,55,55,0,0.014227849824704722,0.021443888491779844,77,86,9,2,3,3,4,16,83,12,32
912,0,206,1,92,91,0,24,1,39,38,0,24,1,52,51,0.0,0.007692569522448007,1,61,60,3,-1,4,4,0,78,97,17
913,0,206,1,91,90,0,24,1,35,34,0,24,1,42,41,0.0,0.011300588855985567,1,70,69,3,-1,4,4,0,67,99,18
914,40,40,44,44,0,128,128,59,59,0,40,40,44,44,0,0.0019741992579733825,0.0019741992579733825,43,43,0,-1,2,2,14,1,8,71,89
915,96,712,64,100,36,94,94,62,62,0,94,94,69,69,0,0.011232513019503728,0.017325300384628477,73,81,8,2,2,2,5,6,52,34,47
916,37,653,56,100,44,34,44,44,47,3,34,44,52,57,5,0.003982436434187685,0.015623404472582456,53,79,26,2,3,3,4,6,47,35,8
917,120,326,80,95,15,158,158,79,79,0,120,126,80,80,0,0.00888389666088022,0.010483678818203479,68,70,2,3,2,2,9,7,54,21,53
918,46,662,50,100,50,96,116,53,73,20,46,116,50,80,30,0.002757071377514551,0.032370060247115286,46,90,44,2,2,2,7,2,46,61,2
919,61,162,55,85,30,88,88,48,48,0,61,62,55,55,0,0.004833384390210695,0.0048674223084516155,55,55,0,5,3,3,8,6,15,35,78
920,40,656,55,100,45,38,38,51,51,0,38,38,54,54,0,0.005616256509751864,0.015248987371932332,59,78,19,2,3,3,3,6,82,26,20
921,38,654,48,100,52,98,112,42,57,15,38,74,48,56,8,0.001497668402600497,0.005650294427992784,42,57,15,2,3,3,12,3,14,43,28
922,120,221,88,98,10,56,56,93,93,0,56,56,93,93,0,0.02188638142891181,0.02188638142891181,87,87,0,6,2,2,2,12,99,37,68
923,0,102,1,79,78,0,6,1,28,27,0,6,1,30,29,0.0,0.0015317063208414173,1,39,38,4,-1,5,3,0,94,82,70
924,183,183,85,85,0,192,192,87,87,0,192,192,88,88,0,0.01776779332176044,0.01776779332176044,77,77,0,-1,2,2,9,15,54,19,92
925,0,616,1,100,99,0,22,1,48,47,0,22,1,51,50,0.0,0.01317267435923619,1,77,76,2,-1,3,2,0,90,92,5
926,58,160,57,87,30,54,54,52,52,0,54,54,55,55,0,0.008509479560230097,0.011096361346540046,66,70,4,4,3,3,4,6,83,34,73
927,6,212,29,87,58,34,46,32,32,0,6,12,29,33,4,6.807583648184077e-05,0.002382654276864427,29,44,15,3,4,4,11,1,5,95,90
928,0,206,1,93,92,0,8,1,31,30,0,8,1,34,33,0.0,0.0008509479560230097,1,36,35,3,-1,4,2,1,68,50,43
929,100,100,61,61,0,100,100,44,44,0,100,100,61,61,0,0.049389019367575476,0.06416147588413493,98,100,2,1,1,1,12,29,6,0,39
930,53,1693,55,100,45,60,84,55,74,19,60,84,60,75,15,0.007216038667075122,0.02750263793866367,61,88,27,1,3,2,5,8,70,57,64
931,56,672,54,100,46,196,206,73,75,2,56,206,54,91,37,0.005888559855679227,0.03553558664352088,57,93,36,2,2,2,12,3,6,29,3
932,94,710,67,100,33,86,86,65,65,0,86,86,68,68,0,0.011640968038394772,0.025494400762449368,69,89,20,2,3,3,6,9,71,27,18
933,0,206,1,89,88,0,24,1,30,29,0,7,1,31,30,0.0,0.0010211375472276116,1,37,36,3,-1,4,6,0,40,84,61
934,0,102,1,81,80,0,8,1,29,28,0,4,1,32,31,0.0,0.0006467204465774873,1,36,35,4,-1,5,4,0,72,82,43
935,46,252,56,97,41,28,28,45,45,0,28,28,49,49,0,0.006637394056979475,0.008271214132543654,57,66,9,3,3,3,3,6,60,13,53
936,218,834,92,100,8,200,200,94,94,0,200,200,93,93,0,0.016610504101569147,0.03369753905851118,79,91,12,2,2,2,8,13,30,33,23
937,0,206,1,93,92,0,14,1,33,32,0,14,1,39,38,0.0,0.007318152421797883,1,59,58,3,-1,4,3,0,55,80,17
938,100,100,63,63,0,100,100,47,47,0,100,100,63,63,0,0.03774805132918071,0.07216038667075121,94,100,6,1,1,1,10,18,36,30,3
939,0,616,1,100,99,0,80,1,67,66,0,80,1,68,67,0.0,0.02757071377514551,1,88,87,2,-1,3,5,1,80,45,1
940,112,728,74,100,26,198,198,83,83,0,112,144,74,78,4,0.008475441641989176,0.012015385139044895,63,74,11,2,2,2,10,4,0,72,29
941,100,100,80,80,0,100,100,98,98,0,100,100,98,98,0,0.08655842608666053,0.15766363729194321,99,100,1,1,1,1,2,14,90,32,3
942,32,238,44,93,49,110,110,58,58,0,32,40,44,46,2,0.0017359338302869397,0.002723033459273631,43,47,4,3,3,3,10,2,0,52,83
943,39,655,48,100,52,66,76,47,54,7,39,76,48,59,11,0.004356853534837809,0.03516116954287076,51,95,44,2,3,3,6,4,71,22,3
944,100,100,58,58,0,100,100,35,35,0,100,100,59,59,0,0.027843017121072875,0.040300895197249734,89,96,7,1,1,1,17,18,20,5,44
945,100,202,66,91,25,130,130,85,85,0,98,102,68,78,10,0.008645631233193778,0.00980292045338507,66,67,1,4,2,2,7,6,62,41,51
946,60,162,54,83,29,110,110,62,62,0,60,62,54,54,0,0.005412029000306341,0.005718370264474625,57,57,0,4,3,3,10,6,22,28,55
947,213,213,94,94,0,136,136,97,97,0,136,136,97,97,0,0.03328908403962014,0.03328908403962014,92,92,0,-1,2,2,4,15,72,16,86
948,67,273,57,94,37,108,108,60,60,0,67,73,57,57,0,0.005173763572619898,0.005718370264474625,55,57,2,3,3,3,8,6,42,35,49
949,18,224,44,92,48,46,46,40,40,0,18,26,44,51,7,0.0005786446100956465,0.002280540522141666,35,45,10,3,3,3,6,2,44,56,75
950,6,1646,28,100,72,32,186,28,65,37,6,186,28,88,60,0.00017018959120460194,0.032506211920078965,29,94,65,1,4,2,16,1,4,55,7
951,0,616,1,100,99,0,44,1,32,31,0,22,1,40,39,0.0,0.0010892133837094523,1,36,35,2,-1,3,14,0,16,59,63
952,2,2,25,25,0,7,7,25,25,0,2,2,25,25,0,3.4037918240920386e-05,3.4037918240920386e-05,27,27,0,-1,5,5,6,2,40,58,50
953,58,160,61,87,26,94,94,72,72,0,58,60,61,61,0,0.005514142755029102,0.005922597773920147,59,59,0,4,2,2,5,6,80,70,42
954,0,616,1,100,99,0,32,1,57,56,0,32,1,59,58,0.0,0.016508390346846386,1,80,79,2,-1,3,2,0,91,93,33
955,32,238,51,96,45,48,48,59,59,0,32,48,52,62,10,0.004799346471969774,0.00622893903808843,54,58,4,3,3,3,3,3,75,29,52
956,24,24,51,51,0,34,34,44,44,0,24,24,51,51,0,0.0015317063208414173,0.0015317063208414173,43,43,0,-1,3,3,4,4,72,64,40
957,266,882,96,100,4,256,256,96,96,0,256,256,96,96,0,0.024166921951053473,0.03550154872527996,85,94,9,2,2,2,10,16,1,18,19
958,0,206,1,88,87,0,40,1,36,35,0,40,1,50,49,0.0,0.011266550937744648,1,73,72,3,-1,4,8,0,10,87,14
959,2,618,27,100,73,11,66,28,41,13,2,66,27,56,29,0.0,0.013036522686272508,1,75,74,2,5,3,9,1,35,68,30
960,0,0,1,1,0,0,0,1,1,0,0,0,1,1,0,0.0,0.0,1,1,0,-1,-1,-1,4,0,72,82,76
961,338,338,96,96,0,256,256,95,95,0,256,256,95,95,0,0.02661765206439974,0.02661765206439974,88,88,0,-1,2,2,10,19,18,15,91
962,134,1774,81,100,19,110,134,78,90,12,110,134,82,91,9,0.011368664692467409,0.036658837945471257,69,95,26,1,2,2,6,13,51,24,33
963,16,632,42,100,58,24,38,43,55,12,16,38,42,58,16,0.0009190237925048504,0.01143674052894925,38,70,32,2,3,3,3,1,58,49,14
964,106,722,81,100,19,72,72,83,83,0,72,72,83,83,0,0.01695088328397835,0.023520201504475986,81,86,5,2,2,2,3,6,58,77,57
965,6,6,29,29,0,31,31,31,31,0,6,6,29,29,0,0.0002042275094455223,0.0002042275094455223,31,31,0,-1,4,4,10,1,12,4,97
966,80,80,59,59,0,128,128,72,72,0,80,80,59,59,0,0.009088124170325743,0.009088124170325743,69,69,0,-1,2,2,9,6,35,34,81
967,1,102,26,82,56,3,3,26,26,0,1,2,26,28,2,0.0,0.00017018959120460194,1,30,29,5,6,6,3,2,60,58,65
968,2,208,27,92,65,22,66,29,36,7,2,40,27,50,23,0.00013615167296368154,0.007658531604207087,30,61,31,3,5,4,11,1,19,60,20
969,70,276,60,94,34,86,86,63,63,0,70,86,63,66,3,0.005990673610401988,0.007386228258279724,56,60,4,3,3,3,6,6,56,26,83
970,44,250,57,99,42,22,22,54,54,0,22,22,54,54,0,0.006603356138738555,0.008101024541339052,62,66,4,3,3,3,2,4,99,72,64
971,8,214,41,97,56,8,12,35,38,3,8,12,41,43,2,0.0005105687736138058,0.003982436434187685,37,51,14,3,4,4,2,2,97,63,90
972,316,932,99,100,1,342,342,95,95,0,316,342,99,99,0,0.02413288403281255,0.0315531502093332,88,91,3,2,2,2,16,15,9,16,24
973,6,212,30,94,64,12,12,32,32,0,6,12,30,36,6,0.0005105687736138058,0.012730181422104225,35,75,40,3,4,4,2,2,91,42,15
974,142,244,85,92,7,80,80,60,60,0,80,80,65,65,0,0.01324075019571803,0.013376901868681712,77,77,0,4,3,3,5,14,50,14,4
975,268,474,96,99,3,216,216,93,93,0,216,216,94,94,0,0.025188059498281085,0.0265495762279179,88,88,0,3,2,2,9,15,28,16,75
976,0,102,1,76,75,0,6,1,29,28,0,5,1,31,30,0.0,0.0012594029749140542,1,40,39,4,-1,5,3,0,64,59,54
977,0,206,1,92,91,0,24,1,39,38,0,24,1,50,49,0.0,0.007488342013002485,1,61,60,3,-1,4,4,0,47,91,17
978,0,0,1,1,0,0,0,1,1,0,0,0,1,1,0,0.0,0.0,1,1,0,-1,-1,-1,4,0,83,89,98
979,145,351,86,98,12,220,220,84,84,0,145,160,86,86,0,0.00976888253514415,0.01242384015793594,66,72,6,3,2,2,12,8,14,44,73
980,100,100,61,61,0,100,100,40,40,0,100,100,61,61,0,0.036080193335375606,0.03625038292658021,93,93,0,3,1,1,14,15,8,16,65
981,100,100,68,68,0,100,100,63,63,0,100,100,68,68,0,0.04785731304673406,0.05868137104734675,98,100,2,2,1,1,6,16,41,18,8
982,12,12,35,35,0,54,54,34,34,0,12,12,35,35,0,0.0002382654276864427,0.0002382654276864427,33,33,0,-1,4,4,11,2,38,63,98
983,90,90,63,63,0,110,110,78,78,0,90,90,69,69,0,0.008066986623098132,0.008066986623098132,64,64,0,-1,2,2,6,6,51,13,59
984,16,222,34,89,55,76,76,39,39,0,16,40,34,45,11,0.0012934408931549745,0.0063650907110521125,40,57,17,3,3,3,11,1,33,71,62
985,16,1656,35,100,65,68,112,40,62,22,16,112,35,77,42,0.001157289220191293,0.026787841655604345,40,89,49,1,3,2,8,1,15,71,18
986,237,853,96,100,4,88,88,82,82,0,88,88,82,82,0,0.03114469519044215,0.04043704687021342,90,94,4,2,2,2,4,30,72,7,77
987,56,672,54,100,46,142,142,71,71,0,56,142,54,81,27,0.005377991082065421,0.012185574730249497,56,74,18,2,2,2,8,3,15,29,48
988,112,112,77,77,0,274,274,84,84,0,112,112,77,77,0,0.008475441641989176,0.008475441641989176,63,63,0,-1,2,2,16,4,4,72,82
989,111,111,77,77,0,180,180,76,76,0,111,111,77,77,0,0.008645631233193778,0.008645631233193778,63,63,0,-1,2,2,11,8,19,44,86
990,22,22,47,47,0,34,34,43,43,0,22,22,47,47,0,0.001157289220191293,0.001157289220191293,40,40,0,-1,3,3,4,2,79,74,89
991,12,218,43,94,51,12,12,40,40,0,12,12,42,42,0,0.002212464685659825,0.006705469893461316,47,64,17,3,4,4,2,2,90,83,62
992,1,617,25,100,75,4,22,25,39,14,1,20,25,47,22,6.807583648184077e-05,0.005718370264474625,28,55,27,2,6,3,4,2,84,58,64
993,1,617,26,100,74,9,52,26,37,11,1,39,26,48,22,3.4037918240920386e-05,0.007624493685966166,27,63,36,2,6,3,9,1,54,78,44
994,22,638,40,100,60,74,88,36,40,4,22,88,40,60,20,0.0013955546478777359,0.009564655025698629,40,68,28,2,3,3,12,2,3,74,32
995,56,56,50,50,0,174,174,67,67,0,56,56,50,50,0,0.0018380475850097008,0.0018380475850097008,43,43,0,-1,2,2,15,2,7,61,76
996,0,0,1,1,0,0,0,1,1,0,0,0,1,1,0,0.0,0.0,1,1,0,-1,-1,-1,8,1,39,45,80
997,6,1646,31,100,69,7,46,31,82,51,6,46,31,82,51,0.0009870996289866913,0.07151366622417372,37,98,61,1,4,2,2,1,99,78,3
998,297,1937,99,100,1,72,96,84,93,9,72,96,84,93,9,0.044623710813846626,0.0789679703189353,96,100,4,1,2,2,3,40,85,3,24
999,0,1640,1,100,99,0,78,1,33,32,0,46,1,51,50,0.0,0.009360427516253106,1,66,65,1,-1,2,14,0,16,66,52
