,FreeNet_pre_score,FreeNet_post_score,FreeNet_pre_rank,FreeNet_post_rank,FreeNet_delta_ranks,Reversed_pre_score,Reversed_post_score,Reversed_pre_rank,Reversed_post_rank,Reversed_delta_ranks,Independent_pre_score,Independent_post_score,Independent_pre_rank,Independent_post_rank,Independent_delta_ranks,Random_pre_score,Random_post_score,Random_pre_rank,Random_post_rank,Random_delta_ranks,dist_victim_relayer,dist_victim_vilain_pre,dist_victim_vilain_post,out_deg_victim,in_deg_villain,victim,villain,relayer
0,56,672,53,100,47,144,144,76,76,0,56,144,53,81,28,0.010007147962830594,0.026039007454304094,70,85,15,2,3,3,9,5,54,25,9
1,56,672,54,100,46,124,134,63,68,5,56,101,54,75,21,0.0051397256543789785,0.015180911535450491,54,75,21,2,2,2,10,2,12,75,39
2,0,616,1,100,99,0,88,1,40,39,0,52,1,50,49,0.0,0.00616086320160659,1,55,54,2,-1,3,12,0,3,96,21
3,143,143,83,83,0,70,70,56,56,0,70,70,63,63,0,0.013376901868681712,0.013376901868681712,75,75,0,-1,3,3,5,14,37,32,93
4,0,206,1,92,91,0,16,1,30,29,0,10,1,35,34,0.0,0.002144388849177984,1,43,42,3,-1,4,6,0,65,98,70
5,16,16,38,38,0,30,30,36,36,0,16,16,38,38,0,0.0007488342013002485,0.0007488342013002485,37,37,0,-1,3,3,6,1,74,4,85
6,6,212,31,93,62,14,18,31,33,2,6,26,31,49,18,0.0002723033459273631,0.004935498144933456,32,54,22,3,4,4,5,1,70,60,38
7,150,766,80,100,20,166,176,84,87,3,150,176,84,87,3,0.01412573606998196,0.033969842404438545,73,95,22,2,2,2,8,8,27,17,0
8,246,846,95,100,5,144,144,92,92,0,144,144,92,92,0,0.024064808196330712,0.03478675244222063,87,92,5,2,2,2,6,19,48,15,8
9,66,682,71,100,29,56,56,84,84,0,56,56,84,84,0,0.01763164164879676,0.032370060247115286,81,95,14,2,2,2,2,5,86,25,6
10,0,616,1,100,99,0,80,1,39,38,0,80,1,57,56,0.0,0.009190237925048503,1,66,65,2,-1,3,12,0,2,91,14
11,206,822,89,100,11,166,166,87,87,0,166,166,91,91,0,0.019878144252697506,0.024234997787535316,79,87,8,2,2,2,8,18,10,30,29
12,22,222,40,94,54,48,48,38,38,0,22,48,40,50,10,0.0024166921951053475,0.007726607440688927,44,61,17,3,3,3,7,2,46,83,27
13,90,706,65,100,35,126,136,68,75,7,88,104,64,77,13,0.006092787365124749,0.010279451308757957,59,70,11,2,2,2,8,6,30,41,90
14,135,135,85,85,0,236,236,85,85,0,135,135,85,85,0,0.0088498587426393,0.0088498587426393,65,65,0,-1,2,2,13,8,13,57,93
15,58,674,61,100,39,94,104,72,81,9,58,74,61,68,7,0.005514142755029102,0.009156200006807584,59,68,9,2,2,2,5,6,80,70,94
16,1,207,26,91,65,7,26,26,34,8,1,21,26,44,18,0.0,0.003642057251778481,1,49,48,3,6,4,7,2,62,58,38
17,236,236,92,92,0,174,174,93,93,0,174,174,94,94,0,0.017155110793423873,0.017155110793423873,80,80,0,-1,2,2,7,14,24,32,96
18,132,234,91,99,8,32,32,71,71,0,32,32,71,71,0,0.01844855168657885,0.018686817114265293,81,81,0,4,3,3,2,16,99,12,56
19,232,848,91,100,9,320,320,92,92,0,232,320,91,94,3,0.019571802988529223,0.026039007454304094,80,87,7,2,2,2,14,12,16,37,44
20,0,1640,1,100,99,0,108,1,56,55,0,58,1,51,50,0.0,0.01143674052894925,1,68,67,1,-1,2,15,0,7,89,38
21,24,230,51,94,43,34,34,44,44,0,24,34,51,54,3,0.0030634126416828346,0.010892133837094524,50,72,22,3,3,3,4,6,72,70,32
22,16,16,33,33,0,42,42,36,36,0,16,16,33,33,0,0.0032336022328874367,0.0032336022328874367,45,45,0,-1,3,3,6,3,51,46,67
23,10,112,39,85,46,8,8,32,32,0,8,8,38,38,0,0.0020422750944552232,0.0033357159876101976,44,51,7,4,4,4,2,3,95,54,53
24,14,14,41,41,0,18,18,38,38,0,14,14,41,41,0,0.0011232513019503727,0.0011232513019503727,40,40,0,-1,4,4,3,4,96,64,36
25,100,100,62,62,0,100,100,43,43,0,100,100,62,62,0,0.04697232717247013,0.04697232717247013,95,95,0,-1,1,1,12,30,14,7,50
26,16,16,35,35,0,72,72,45,45,0,16,16,35,35,0,0.0014295925661186562,0.0014295925661186562,42,42,0,-1,3,3,7,1,24,71,40
27,30,132,54,88,34,22,22,47,47,0,22,22,52,52,0,0.006297014874570271,0.006739507811702236,62,62,0,4,3,3,2,4,89,38,42
28,114,114,76,76,0,100,100,70,70,0,100,100,72,72,0,0.01143674052894925,0.01143674052894925,69,69,0,-1,2,2,6,9,65,31,86
29,112,318,76,94,18,144,144,89,89,0,112,118,83,83,0,0.009836958371625992,0.01157289220191293,68,72,4,3,2,2,6,4,40,72,46
30,105,721,78,100,22,70,70,67,67,0,70,70,71,71,0,0.01664454201981007,0.025222097416522007,77,84,7,2,3,3,5,12,70,37,20
31,34,34,52,52,0,56,56,45,45,0,34,34,52,52,0,0.00176997174852786,0.00176997174852786,43,43,0,-1,3,3,6,4,44,64,85
32,145,145,82,82,0,198,198,83,83,0,145,145,82,82,0,0.010687906327649,0.010687906327649,67,67,0,-1,2,2,10,8,11,44,82
33,2,618,28,100,72,5,34,28,43,15,2,34,28,54,26,6.807583648184077e-05,0.019061234214915415,29,82,53,2,5,3,4,1,72,78,7
34,58,58,63,63,0,34,34,44,44,0,34,34,55,55,0,0.010347527145239796,0.010347527145239796,72,72,0,-1,3,3,4,8,72,8,45
35,184,784,88,100,12,222,222,92,92,0,184,222,87,93,6,0.01695088328397835,0.02736648626569999,77,91,14,2,2,2,10,8,12,20,5
36,16,632,38,100,62,74,94,41,47,6,16,94,38,65,27,0.002586881786309949,0.013547091459886314,47,74,27,2,3,3,9,2,54,94,33
37,0,616,1,100,99,0,34,1,38,37,0,34,1,49,48,0.0,0.00616086320160659,1,57,56,2,-1,3,4,0,53,84,48
38,206,822,93,100,7,120,120,90,90,0,120,120,90,90,0,0.028217434221723,0.04846999557507063,88,99,11,2,2,2,6,22,69,9,10
39,100,100,76,76,0,100,100,91,91,0,100,100,91,91,0,0.04043704687021342,0.04115184315327275,94,94,0,4,1,1,4,6,77,35,54
40,0,616,1,100,99,0,64,1,42,41,0,64,1,57,56,0.0,0.01507879778072773,1,75,74,2,-1,3,9,0,26,97,15
41,172,788,89,100,11,104,104,85,85,0,104,104,86,86,0,0.01960584090677014,0.028557813404132205,84,88,4,2,2,2,5,18,37,30,77
42,40,656,51,100,49,108,138,61,68,7,40,138,51,81,30,0.002586881786309949,0.018176248340651485,49,81,32,2,2,2,9,1,28,53,30
43,6,622,27,100,73,21,116,28,57,29,6,100,27,58,31,0.00010211375472276115,0.008135062459579971,28,62,34,2,4,3,14,2,25,58,31
44,28,644,41,100,59,64,74,39,41,2,28,74,41,57,16,0.0011232513019503727,0.013683243132849994,38,74,36,2,3,3,9,4,29,64,30
45,12,218,33,86,53,52,60,35,36,1,12,30,33,43,10,0.0004084550188910446,0.002723033459273631,35,47,12,3,4,4,12,2,2,63,70
46,46,46,53,53,0,64,64,57,57,0,46,46,52,52,0,0.008577555396711936,0.008577555396711936,65,65,0,-1,2,2,5,2,88,83,59
47,34,34,45,45,0,86,86,43,43,0,34,34,45,45,0,0.002144388849177984,0.002144388849177984,44,44,0,-1,3,3,10,3,12,54,69
48,6,622,29,100,71,24,66,29,36,7,6,35,29,49,20,0.0002723033459273631,0.003642057251778481,33,49,16,2,4,3,10,1,1,55,22
49,42,42,52,52,0,112,112,63,63,0,42,42,52,52,0,0.003165526396405596,0.003165526396405596,49,49,0,-1,2,2,8,2,15,61,86
50,0,1640,1,100,99,0,94,1,67,66,0,94,1,70,69,0.0,0.04561081044283331,1,96,95,1,-1,2,5,1,50,45,2
51,244,244,94,94,0,144,144,92,92,0,144,144,92,92,0,0.026753803737363423,0.026753803737363423,89,89,0,-1,2,2,6,15,48,16,87
52,218,834,92,100,8,166,166,83,83,0,166,166,88,88,0,0.020524864699274992,0.04288777698355969,83,96,13,2,2,2,8,17,15,6,10
53,2,2,29,29,0,5,5,30,30,0,2,2,29,29,0,0.0002042275094455223,0.0002042275094455223,32,32,0,-1,5,5,3,1,60,65,50
54,2,2,27,27,0,5,5,29,29,0,2,2,27,27,0,0.0002723033459273631,0.0002723033459273631,34,34,0,-1,5,5,3,1,81,55,96
55,0,206,1,86,85,0,23,1,29,28,0,15,1,34,33,0.0,0.0029612988869600733,1,47,46,3,-1,4,8,0,27,98,73
56,0,101,1,82,81,0,2,1,25,24,0,1,1,25,24,0.0,3.4037918240920386e-05,1,26,25,5,-1,6,2,0,90,84,65
57,98,199,65,88,23,166,166,83,83,0,98,99,65,65,0,0.012219612648490419,0.012219612648490419,73,73,0,5,2,2,8,5,15,25,68
58,0,102,1,75,74,0,15,1,25,24,0,2,1,25,24,0.0,0.00013615167296368154,1,28,27,4,-1,5,14,1,8,45,58
59,74,176,66,91,25,78,78,72,72,0,78,78,75,75,0,0.007828721195411689,0.008066986623098132,63,64,1,4,2,2,4,6,47,26,4
60,107,313,79,96,17,48,48,62,62,0,48,48,64,64,0,0.013036522686272508,0.013513053541645392,75,75,0,3,3,3,3,13,64,33,49
61,6,622,27,100,73,32,42,34,35,1,6,42,27,51,24,0.00176997174852786,0.010177337554035196,40,67,27,2,4,3,6,2,51,94,77
62,28,234,44,91,47,88,88,47,47,0,28,88,44,60,16,0.0030293747234419145,0.00704584907587052,48,61,13,3,3,3,8,6,10,70,57
63,0,206,1,92,91,0,20,1,35,34,0,20,1,49,48,0.0,0.0063650907110521125,1,60,59,3,-1,4,4,0,78,67,21
64,1,103,26,72,46,7,13,26,30,4,1,4,26,31,5,0.00010211375472276115,0.0008169100377820892,30,38,8,4,6,5,7,1,46,78,51
65,134,1734,80,100,20,166,166,88,88,0,134,166,83,90,7,0.013751318969331836,0.05286088702814936,75,98,23,1,2,2,8,6,21,77,2
66,0,101,1,80,79,0,3,1,24,23,0,1,1,24,23,0.0,0.0,1,1,0,6,-1,7,3,0,76,84,78
67,102,204,85,96,11,46,46,84,84,0,46,46,84,84,0,0.018312400013615168,0.018686817114265293,83,83,0,4,2,2,2,8,93,8,56
68,0,616,1,100,99,0,46,1,40,39,0,46,1,50,49,0.0,0.008237176214302734,1,65,64,2,-1,3,6,0,59,86,27
69,0,206,1,89,88,0,52,1,34,33,0,32,1,45,44,0.0,0.006092787365124749,1,57,56,3,-1,4,12,0,3,80,34
70,106,722,84,100,16,62,62,80,80,0,62,62,80,80,0,0.018210286258892407,0.027843017121072875,82,88,6,2,2,2,3,8,55,44,33
71,100,100,60,60,0,100,100,40,40,0,100,100,60,60,0,0.05105687736138058,0.05316722829231764,99,99,0,2,1,1,14,30,25,7,83
72,244,346,91,96,5,168,168,97,97,0,168,168,97,97,0,0.02913645801422785,0.029306647605432452,89,89,0,4,2,2,6,15,51,16,63
73,246,452,93,100,7,64,64,63,63,0,64,64,64,64,0,0.03179141563701964,0.03427618366860683,90,91,1,3,3,3,4,29,79,0,35
74,18,634,43,100,57,62,72,47,50,3,18,72,43,61,18,0.0019061234214915416,0.009020048333843901,45,68,23,2,3,3,6,2,59,61,25
75,236,836,93,100,7,288,288,88,88,0,236,288,93,95,2,0.02198849518363457,0.026787841655604345,85,88,3,2,2,2,15,18,7,30,57
76,100,100,62,62,0,100,100,43,43,0,100,100,62,62,0,0.04697232717247013,0.04697232717247013,95,95,0,-1,1,1,12,30,14,7,59
77,158,1798,81,100,19,278,312,80,88,8,158,200,81,87,6,0.010347527145239796,0.01851662752306069,60,83,23,1,2,2,16,6,9,34,61
78,22,228,40,91,51,88,96,42,43,1,22,30,40,46,6,0.0026549576227917903,0.004118588107151367,47,52,5,3,3,3,11,2,38,83,61
79,0,101,1,86,85,0,2,1,24,23,0,1,1,24,23,0.0,0.00017018959120460194,1,30,29,5,-1,6,2,0,97,81,60
80,22,1662,39,100,61,164,198,70,73,3,22,198,39,86,47,0.001940161339732462,0.0317233398005378,41,91,50,1,3,2,14,2,17,61,0
81,0,0,1,1,0,0,0,1,1,0,0,0,1,1,0,0.0,0.0,1,1,0,-1,-1,-1,3,0,75,91,59
82,38,654,51,100,49,72,82,49,55,6,38,56,51,55,4,0.002586881786309949,0.006297014874570271,47,58,11,2,3,3,7,6,62,70,75
83,12,212,41,93,52,20,20,37,37,0,12,20,41,45,4,0.002382654276864427,0.006126825283365669,48,62,14,3,4,4,4,2,72,75,31
84,8,214,38,91,53,24,24,40,40,0,8,14,38,42,4,0.0018720855032506212,0.003812246842983083,44,51,7,3,4,4,4,2,84,83,46
85,0,0,1,1,0,0,0,1,1,0,0,0,1,1,0,0.0,0.0,1,1,0,-1,-1,-1,2,0,68,89,91
86,124,740,78,100,22,284,284,81,81,0,124,284,78,95,17,0.011879233466081215,0.021784267674189048,66,85,19,2,2,2,16,6,9,77,33
87,0,206,1,89,88,0,21,1,28,27,0,6,1,28,27,0.0,0.0005786446100956465,1,37,36,3,-1,4,9,0,28,36,71
88,0,616,1,100,99,0,130,1,59,58,0,130,1,76,75,0.0,0.022601177711971135,1,85,84,2,-1,3,15,0,7,36,11
89,16,616,36,100,64,40,40,40,40,0,16,40,36,49,13,0.0011913271384322134,0.007590455767725246,39,57,18,2,3,3,5,1,52,71,27
90,34,240,56,96,40,22,22,49,49,0,22,22,53,53,0,0.006535280302256714,0.009156200006807584,63,70,7,3,3,3,2,7,90,62,41
91,294,396,96,99,3,144,144,91,91,0,144,144,91,91,0,0.03451444909629327,0.03516116954287076,92,93,1,4,2,2,6,29,74,0,43
92,271,887,96,100,4,112,112,97,97,0,112,112,97,97,0,0.03594404166241193,0.04469178665032847,92,96,4,2,2,2,4,29,84,11,34
93,32,632,44,100,56,44,44,44,44,0,32,44,44,49,5,0.004288777698355968,0.01324075019571803,48,74,26,2,3,3,4,3,67,29,20
94,16,118,42,85,43,28,28,43,43,0,16,18,42,44,2,0.0007147962830593281,0.0015317063208414173,37,42,5,4,3,3,3,1,75,49,71
95,0,102,1,78,77,0,7,1,28,27,0,2,1,28,27,0.0,0.0005105687736138058,1,35,34,4,-1,5,4,0,47,98,42
96,100,100,69,69,0,100,100,71,71,0,100,100,72,72,0,0.024473263215221756,0.024473263215221756,88,88,0,-1,1,1,6,1,56,95,92
97,32,32,53,53,0,22,22,48,48,0,32,32,70,70,0,0.004663194799006093,0.004663194799006093,55,55,0,-1,3,3,2,3,95,29,81
98,49,49,54,54,0,98,98,54,54,0,49,49,54,54,0,0.004561081044283332,0.004561081044283332,54,54,0,-1,3,3,8,4,10,22,87
99,100,100,59,59,0,100,100,39,39,0,100,100,59,59,0,0.026958031246808945,0.02733244834745907,89,89,0,3,1,1,14,15,16,19,56
100,107,723,84,100,16,32,32,71,71,0,32,32,71,71,0,0.015146873617209572,0.028693965077095884,76,93,17,2,3,3,2,15,99,19,39
101,0,206,1,91,90,0,11,1,31,30,0,8,1,37,36,0.0,0.0007147962830593281,1,37,36,3,-1,4,4,0,84,91,43
102,147,147,93,93,0,46,46,83,83,0,46,46,83,83,0,0.02648150039143606,0.02648150039143606,91,91,0,-1,2,2,2,15,99,16,82
103,12,218,36,90,54,36,36,36,36,0,12,22,36,40,4,0.00034037918240920387,0.0017359338302869397,34,42,8,3,4,4,8,2,10,63,54
104,22,638,42,100,58,38,56,37,43,6,22,56,42,53,11,0.0006807583648184077,0.01497668402600497,35,77,42,2,3,3,6,2,41,63,6
105,0,0,1,1,0,0,0,1,1,0,0,0,1,1,0,0.0,0.0,1,1,0,-1,-1,-1,8,1,27,69,93
106,74,74,60,60,0,100,100,66,66,0,68,68,58,58,0,0.006024711528642908,0.006024711528642908,55,55,0,-1,2,2,6,6,51,41,92
107,0,206,1,89,88,0,48,1,33,32,0,23,1,44,43,0.0,0.0030634126416828346,1,49,48,3,-1,4,12,0,14,80,35
108,67,67,72,72,0,46,46,82,82,0,46,46,83,83,0,0.012866333095067906,0.012866333095067906,79,79,0,-1,2,2,2,8,98,57,96
109,16,222,37,93,56,56,56,48,48,0,16,56,37,56,19,0.0035739814152966403,0.00888389666088022,50,66,16,3,3,3,6,1,65,90,21
110,140,140,82,82,0,176,176,91,91,0,140,140,83,83,0,0.011334626774226489,0.011334626774226489,72,72,0,-1,2,2,8,7,10,48,85
111,434,536,99,100,1,280,280,99,99,0,280,280,99,99,0,0.036080193335375606,0.03611423125361653,92,92,0,4,2,2,10,27,1,10,95
112,46,662,51,100,49,62,90,44,66,22,46,90,51,69,18,0.0036760951700194017,0.01773375540351952,48,80,32,2,2,2,6,2,71,74,5
113,190,190,89,89,0,192,192,86,86,0,192,192,89,89,0,0.0156914803090643,0.0156914803090643,78,78,0,-1,2,2,9,13,28,33,97
114,0,616,1,100,99,0,50,1,36,35,0,22,1,42,41,0.0,0.003710133088260322,1,50,49,2,-1,3,8,0,30,67,29
115,16,16,36,36,0,38,38,35,35,0,16,16,36,36,0,0.0002042275094455223,0.0002042275094455223,30,30,0,-1,3,3,8,1,39,65,93
116,63,663,60,100,40,76,76,60,60,0,76,76,65,65,0,0.007522379931243405,0.015385139044896015,61,77,16,2,3,3,6,8,69,57,17
117,100,100,63,63,0,100,100,45,45,0,100,100,63,63,0,0.04748289594608394,0.04748289594608394,96,96,0,-1,1,1,11,29,19,11,45
118,0,0,1,1,0,0,0,1,1,0,0,0,1,1,0,0.0,0.0,1,1,0,-1,-1,-1,6,0,34,76,79
119,0,616,1,100,99,0,38,1,37,36,0,24,1,48,47,0.0,0.003608019333537561,1,49,48,2,-1,3,6,0,59,36,54
120,0,206,1,96,95,0,12,1,34,33,0,12,1,42,41,0.0,0.005922597773920147,1,60,59,3,-1,4,2,0,86,36,38
121,199,815,88,100,12,110,110,72,72,0,110,110,76,76,0,0.023622315259198747,0.030361823070900983,85,89,4,2,2,2,6,20,40,23,24
122,56,157,53,82,29,120,120,58,58,0,56,57,53,53,0,0.0016678579938050988,0.0017018959120460194,41,41,0,5,2,2,14,2,16,63,78
123,60,60,68,68,0,38,38,52,52,0,38,38,55,55,0,0.005888559855679227,0.005888559855679227,59,59,0,-1,3,3,3,5,66,47,50
124,308,410,99,100,1,80,80,96,96,0,80,80,96,96,0,0.052248204499812795,0.05299703870111304,97,97,0,4,2,2,2,40,86,3,51
125,88,88,67,67,0,88,88,71,71,0,88,88,71,71,0,0.011232513019503728,0.011232513019503728,72,72,0,-1,2,2,4,7,53,62,84
126,34,136,55,87,32,48,48,66,66,0,34,48,57,66,9,0.003948398515946765,0.0063650907110521125,54,61,7,4,3,3,3,6,76,70,73
127,0,0,1,1,0,0,0,1,1,0,0,0,1,1,0,0.0,0.0,1,1,0,-1,-1,-1,2,0,90,99,40
128,0,206,1,93,92,0,12,1,35,34,0,12,1,36,35,0.0,0.0024507301133462676,1,48,47,3,-1,4,2,0,68,97,70
129,0,0,1,1,0,0,0,1,1,0,0,0,1,1,0,0.0,0.0,1,1,0,-1,-1,-1,3,0,92,85,50
130,170,786,87,100,13,150,160,86,90,4,150,160,86,90,4,0.01592974573675074,0.04244528404642772,78,97,19,2,2,2,7,13,43,33,11
131,261,261,96,96,0,288,288,95,95,0,288,288,95,95,0,0.02542632492596753,0.02542632492596753,89,89,0,-1,2,2,12,20,6,23,36
132,88,294,74,99,25,48,48,72,72,0,48,48,74,74,0,0.015214949453691413,0.02580074202661765,79,87,8,3,3,3,3,13,60,33,30
133,6,6,33,33,0,16,16,33,33,0,6,6,33,33,0,0.00030634126416828345,0.00030634126416828345,34,34,0,-1,4,4,4,1,78,88,92
134,36,242,51,95,44,50,50,45,45,0,35,50,51,55,4,0.0035739814152966403,0.009394465434494027,51,70,19,3,3,3,5,6,45,41,31
135,0,1640,1,100,99,0,40,1,43,42,0,40,1,48,47,0.0,0.026107083290785937,1,89,88,1,-1,2,4,0,67,86,50
136,49,151,55,84,29,124,124,65,65,0,49,51,55,55,0,0.004561081044283332,0.004663194799006093,54,54,0,4,3,3,9,4,28,22,60
137,0,616,1,100,99,0,70,1,34,33,0,16,1,30,29,0.0,0.0017018959120460194,1,42,41,2,-1,3,14,0,25,40,53
138,62,268,53,93,40,108,108,58,58,0,62,68,53,56,3,0.003165526396405596,0.003369753905851118,49,51,2,3,2,2,12,3,3,54,56
139,70,171,71,89,18,38,38,56,56,0,38,38,57,57,0,0.008441403723748256,0.008475441641989176,67,67,0,6,3,3,3,13,60,24,68
140,0,0,1,1,0,0,0,1,1,0,0,0,1,1,0,0.0,0.0,1,1,0,-1,-1,-1,9,1,26,50,59
141,100,100,67,67,0,100,100,54,54,0,100,100,67,67,0,0.061098063242452094,0.06845025358249089,100,100,0,2,1,1,8,40,27,3,25
142,22,22,42,42,0,66,66,37,37,0,22,22,42,42,0,0.0011232513019503727,0.0011232513019503727,38,38,0,-1,3,3,10,2,22,74,87
143,413,613,99,100,1,152,152,94,94,0,152,152,94,94,0,0.03720344463732598,0.04098165356206814,93,94,1,3,2,2,5,29,52,1,48
144,158,158,85,85,0,190,190,93,93,0,158,158,87,87,0,0.010177337554035196,0.010177337554035196,67,67,0,-1,2,2,8,6,15,13,87
145,12,218,34,89,55,34,38,34,34,0,12,24,34,45,11,0.0002382654276864427,0.002382654276864427,32,46,14,3,4,4,7,2,24,63,75
146,34,650,50,100,50,38,38,59,59,0,34,38,61,61,0,0.0030634126416828346,0.026821879573845263,48,88,40,2,3,3,3,6,92,70,7
147,0,206,1,92,91,0,28,1,29,28,0,8,1,33,32,0.0,0.0005446066918547262,1,34,33,3,-1,4,12,0,6,84,63
148,16,16,35,35,0,72,72,37,37,0,16,16,35,35,0,0.0014636304843595766,0.0014636304843595766,40,40,0,-1,3,3,11,1,5,71,91
149,0,616,1,100,99,0,28,1,43,42,0,28,1,53,52,0.0,0.025392287007726607,1,88,87,2,-1,3,3,0,76,93,3
150,40,141,54,87,33,68,68,71,71,0,40,41,54,54,0,0.005854521937438306,0.005888559855679227,58,58,0,6,2,2,4,2,79,94,68
151,1,102,25,86,61,2,2,25,25,0,1,2,25,28,3,0.00010211375472276115,0.0002723033459273631,29,33,4,5,6,6,2,1,97,95,55
152,0,206,1,94,93,0,12,1,39,38,0,12,1,41,40,0.0,0.011879233466081215,1,74,73,3,-1,4,2,0,90,98,18
153,0,0,1,1,0,0,0,1,1,0,0,0,1,1,0,0.0,0.0,1,1,0,-1,-1,-1,9,0,31,66,81
154,8,8,37,37,0,14,14,35,35,0,8,8,37,37,0,0.00037441710065012424,0.00037441710065012424,35,35,0,-1,4,4,3,2,76,63,92
155,0,616,1,100,99,0,24,1,42,41,0,22,1,45,44,0.0,0.004833384390210695,1,54,53,2,-1,3,3,1,58,50,52
156,100,100,66,66,0,100,100,43,43,0,100,100,66,66,0,0.027774941284591036,0.033050818611933694,90,91,1,3,1,1,11,14,33,32,34
157,8,8,34,34,0,40,40,34,34,0,8,8,34,34,0,0.0005105687736138058,0.0005105687736138058,33,33,0,-1,4,4,8,2,27,63,59
158,0,102,1,75,74,0,9,1,26,25,0,4,1,26,25,0.0,0.00037441710065012424,1,28,27,4,-1,5,6,0,51,91,63
159,128,128,79,79,0,290,290,83,83,0,128,128,79,79,0,0.008713707069675619,0.008713707069675619,60,60,0,-1,2,2,17,6,20,26,87
160,94,94,76,76,0,38,38,57,57,0,38,38,59,59,0,0.01579359406378706,0.01579359406378706,79,79,0,-1,3,3,3,9,55,39,59
161,12,218,34,89,55,34,34,34,34,0,12,18,34,40,6,0.0002382654276864427,0.0005105687736138058,32,36,4,3,4,4,7,2,24,63,88
162,6,6,27,27,0,36,36,30,30,0,6,6,27,27,0,0.00010211375472276115,0.00010211375472276115,28,28,0,-1,4,4,14,1,8,4,89
163,100,100,77,77,0,100,100,96,96,0,100,100,96,96,0,0.06399128629293033,0.07290922087205147,98,99,1,2,1,1,3,15,76,19,62
164,0,101,1,81,80,0,3,1,23,22,0,1,1,23,22,0.0,0.0,1,1,0,6,-1,7,3,0,96,92,58
165,160,776,90,100,10,88,88,80,80,0,88,88,81,81,0,0.023179822322066782,0.02995336805200994,86,90,4,2,2,2,4,20,77,23,57
166,22,638,43,100,57,110,120,61,64,3,22,51,43,52,9,0.0021784267674189047,0.005684332346233704,46,57,11,2,3,3,10,2,1,52,22
167,207,307,92,94,2,144,144,88,88,0,144,144,88,88,0,0.019912182170938427,0.019946220089179345,82,82,0,4,2,2,6,15,44,19,4
168,24,230,48,93,45,38,38,51,51,0,24,38,48,53,5,0.0026209197045508697,0.003948398515946765,49,51,2,3,3,3,3,3,82,54,83
169,24,1664,44,100,56,86,144,43,69,26,24,144,44,83,39,0.0012594029749140542,0.03550154872527996,39,92,53,1,3,2,10,4,36,64,3
170,70,276,67,97,30,48,48,59,59,0,48,48,63,63,0,0.006024711528642908,0.008373327887266415,58,65,7,3,3,3,3,6,75,28,73
171,76,282,67,96,29,64,64,65,65,0,64,64,67,67,0,0.006977773239388679,0.008543517478471017,62,64,2,3,3,3,4,6,47,13,52
172,61,162,66,91,25,52,52,78,78,0,52,52,80,80,0,0.010347527145239796,0.010347527145239796,67,67,0,6,2,2,3,6,85,35,68
173,2,208,29,92,63,9,13,30,32,2,2,12,29,36,7,0.0002042275094455223,0.0010892133837094523,32,40,8,3,5,4,5,1,88,60,64
174,0,206,1,89,88,0,36,1,33,32,0,24,1,43,42,0.0,0.00439089145307873,1,54,53,3,-1,4,6,0,40,59,38
175,0,616,1,100,99,0,82,1,39,38,0,74,1,56,55,0.0,0.009564655025698629,1,66,65,2,-1,3,12,0,2,85,8
176,1,207,26,93,67,6,28,26,35,9,1,28,26,47,21,0.0,0.003369753905851118,1,52,51,3,6,4,6,2,34,58,13
177,0,616,1,100,99,0,40,1,43,42,0,40,1,52,51,0.0,0.030804316008032948,1,90,89,2,-1,3,5,0,70,59,3
178,8,624,35,100,65,38,94,34,50,16,8,94,35,67,32,0.00037441710065012424,0.022567139793730217,35,86,51,2,4,3,9,2,26,56,7
179,2,618,26,100,74,13,110,28,57,29,2,110,26,71,45,3.4037918240920386e-05,0.027911092957554715,29,89,60,2,5,3,10,1,0,78,11
180,224,1864,93,100,7,204,228,85,88,3,204,228,93,93,0,0.020967357636406957,0.033425235712583816,82,91,9,1,2,2,11,17,19,6,62
181,2,2,28,28,0,8,8,28,28,0,2,2,28,28,0,0.00013615167296368154,0.00013615167296368154,30,30,0,-1,5,5,5,1,45,65,40
182,124,225,79,91,12,178,178,80,80,0,124,125,79,80,1,0.01143674052894925,0.01143674052894925,70,70,0,5,2,2,10,6,11,34,68
183,100,100,64,64,0,100,100,57,57,0,100,100,66,66,0,0.053269342047040404,0.053269342047040404,98,98,0,-1,1,1,7,27,46,10,98
184,112,318,76,97,21,60,60,48,48,0,60,60,61,61,0,0.013513053541645392,0.0158616699002689,74,78,4,3,3,3,5,14,63,14,70
185,16,632,37,100,63,30,52,34,44,10,16,50,37,51,14,0.0005446066918547262,0.006875659484665918,36,62,26,2,3,3,6,1,59,88,62
186,100,100,59,59,0,100,100,40,40,0,100,100,59,59,0,0.04339834575717349,0.0676333435447088,97,100,3,1,1,1,15,29,7,0,10
187,0,206,1,94,93,0,8,1,30,29,0,8,1,35,34,0.0,0.002825147213996392,1,48,47,3,-1,4,2,0,91,59,41
188,42,248,58,93,35,38,38,51,51,0,38,38,54,54,0,0.007794683277170768,0.008339289969025495,65,66,1,3,3,3,3,6,82,34,56
189,12,114,35,82,47,18,18,36,36,0,12,14,35,38,3,0.0019061234214915416,0.0019741992579733825,43,43,0,4,4,4,3,2,82,52,95
190,0,206,1,87,86,0,34,1,29,28,0,8,1,33,32,0.0,0.0009530617107457708,1,36,35,3,-1,4,16,0,9,85,74
191,111,213,79,94,15,120,120,80,80,0,120,120,81,81,0,0.010415602981721638,0.010517716736444398,70,70,0,4,2,2,6,8,34,44,88
192,151,252,87,95,8,78,78,77,77,0,78,78,79,79,0,0.020831205963443275,0.020831205963443275,82,82,0,6,2,2,4,16,78,12,58
193,2,618,27,100,73,7,56,27,44,17,2,56,27,57,30,0.0,0.0160318594914735,1,81,80,2,5,3,6,2,48,58,15
194,16,616,33,100,67,82,82,35,35,0,16,40,33,46,13,0.0005446066918547262,0.00442492937131965,34,54,20,2,3,3,16,1,4,49,26
195,16,1656,38,100,62,34,78,39,68,29,16,78,38,69,31,0.0012594029749140542,0.052418394091017395,39,96,57,1,3,2,4,1,53,71,2
196,2,2,27,27,0,6,6,29,29,0,2,2,27,27,0,0.00013615167296368154,0.00013615167296368154,30,30,0,-1,5,5,3,1,58,4,91
197,148,354,85,98,13,110,110,77,77,0,110,110,81,81,0,0.01497668402600497,0.01960584090677014,78,80,2,3,2,2,6,14,74,32,44
198,119,119,84,84,0,48,48,60,60,0,48,48,63,63,0,0.017393376221110316,0.017393376221110316,82,82,0,-1,3,3,3,18,58,5,86
199,18,224,47,98,51,22,22,47,47,0,18,22,50,51,1,0.0018380475850097008,0.010075223799312433,43,69,26,3,3,3,2,2,89,61,14
200,12,218,36,95,59,14,18,32,37,5,12,18,36,43,7,0.0004084550188910446,0.013853432724054596,34,78,44,3,4,4,3,2,96,63,15
201,112,318,80,97,17,110,110,86,86,0,110,110,86,86,0,0.013410939786922631,0.020558902617515914,73,81,8,3,2,2,6,8,69,17,27
202,0,1640,1,100,99,0,122,1,65,64,0,122,1,77,76,0.0,0.04081146397086354,1,95,94,1,-1,2,8,0,42,89,2
203,100,100,65,65,0,100,100,47,47,0,100,100,65,65,0,0.04081146397086354,0.04496408999625583,95,96,1,2,1,1,11,20,38,23,26
204,57,57,67,67,0,38,38,52,52,0,38,38,55,55,0,0.007147962830593281,0.007147962830593281,65,65,0,-1,3,3,3,8,66,44,50
205,15,631,43,100,57,18,28,38,43,5,18,28,47,53,6,0.0035739814152966403,0.011504816365431091,53,73,20,2,4,3,3,6,76,73,62
206,38,139,50,80,30,120,120,62,62,0,38,38,50,50,0,0.003267640151128357,0.003267640151128357,49,49,0,5,3,3,10,6,18,70,68
207,48,664,51,100,49,184,184,72,72,0,48,114,52,81,29,0.0035739814152966403,0.010143299635794275,49,67,18,2,3,3,14,6,17,70,21
208,22,22,48,48,0,28,28,45,45,0,22,22,49,49,0,0.0012253650566731338,0.0012253650566731338,37,37,0,-1,3,3,3,2,94,74,96
209,32,238,48,93,45,56,56,45,45,0,32,56,48,58,10,0.0030974505599237552,0.008645631233193778,48,65,17,3,3,3,6,2,48,75,25
210,0,616,1,100,99,0,40,1,48,47,0,40,1,56,55,0.0,0.016133973246196264,1,80,79,2,-1,3,4,0,84,96,12
211,54,1694,65,100,35,48,72,68,83,15,48,72,69,83,14,0.009360427516253106,0.0509207256884169,70,97,27,1,3,2,3,7,81,48,39
212,276,482,95,100,5,192,192,100,100,0,192,192,100,100,0,0.034140031995643146,0.03880322679464924,94,97,3,3,2,2,6,20,56,23,35
213,190,291,88,94,6,190,190,92,92,0,190,190,94,94,0,0.019571802988529223,0.01960584090677014,82,83,1,5,2,2,8,9,42,39,78
214,112,318,79,95,16,182,182,87,87,0,112,182,79,91,12,0.009870996289866912,0.015317063208414174,69,76,7,3,2,2,9,7,23,62,44
215,379,379,100,100,0,128,128,95,95,0,128,128,95,95,0,0.048504033493311546,0.048504033493311546,97,97,0,-1,2,2,5,36,45,2,50
216,34,1674,55,100,45,48,72,66,79,13,34,72,57,79,22,0.003948398515946765,0.045338507096905956,54,96,42,1,3,2,3,6,76,70,19
217,0,0,1,1,0,0,0,1,1,0,0,0,1,1,0,0.0,0.0,1,1,0,-1,-1,-1,2,1,68,69,97
218,16,16,36,36,0,104,104,64,64,0,16,16,36,36,0,0.0030634126416828346,0.0030634126416828346,50,50,0,-1,3,3,9,3,35,46,93
219,205,405,92,99,7,136,136,98,98,0,136,136,98,98,0,0.03158718812757412,0.0317233398005378,91,91,0,3,2,2,4,15,77,16,42
220,92,298,77,99,22,72,72,86,86,0,72,72,86,86,0,0.016882807447496512,0.021852343510670887,81,85,4,3,2,2,3,8,92,17,24
221,150,1790,83,100,17,232,276,80,88,8,150,276,83,91,8,0.014432077334150244,0.03158718812757412,74,91,17,1,2,2,14,8,17,20,19
222,100,100,63,63,0,100,100,39,39,0,100,100,63,63,0,0.04772116137377038,0.04911671602164812,98,99,1,2,1,1,14,29,17,11,43
223,32,32,55,55,0,22,22,47,47,0,22,22,52,52,0,0.0046972327172470135,0.0046972327172470135,55,55,0,-1,3,3,2,6,89,35,40
224,343,549,97,100,3,152,152,95,95,0,152,152,95,95,0,0.039824364341876854,0.049933626059430206,95,97,2,3,2,2,5,29,88,1,6
225,0,206,1,96,95,0,12,1,38,37,0,12,1,44,43,0.0,0.007794683277170768,1,67,66,3,-1,4,2,0,93,66,27
226,40,246,50,91,41,82,90,41,42,1,40,54,50,52,2,0.0015317063208414173,0.004356853534837809,41,51,10,3,2,2,11,1,5,4,73
227,46,662,54,100,46,56,86,46,61,15,46,86,54,64,10,0.0045270431260424114,0.01776779332176044,54,79,25,2,3,3,6,6,74,28,19
228,6,212,33,94,61,8,12,33,39,6,6,12,33,41,8,0.00017018959120460194,0.007590455767725246,31,68,37,3,4,4,2,1,90,4,14
229,60,60,58,58,0,74,74,64,64,0,59,59,58,58,0,0.006773545729943157,0.006773545729943157,59,59,0,-1,2,2,5,6,88,41,97
230,34,1674,47,100,53,80,134,45,71,26,34,134,47,81,34,0.0013955546478777359,0.02746860002042275,41,86,45,1,3,2,9,4,31,64,30
231,100,100,77,77,0,100,100,97,97,0,100,100,97,97,0,0.04969536063174376,0.04969536063174376,97,97,0,-1,1,1,3,1,55,78,45
232,188,188,92,92,0,48,48,63,63,0,48,48,64,64,0,0.0230436706491031,0.0230436706491031,86,86,0,-1,3,3,3,19,82,15,81
233,0,102,1,84,83,0,4,1,28,27,0,4,1,31,30,0.0,0.0020082371762143027,1,45,44,4,-1,5,2,0,98,86,70
234,56,656,66,100,34,22,22,52,52,0,22,22,54,54,0,0.008509479560230097,0.030191633479696382,65,94,29,2,3,3,2,9,86,31,1
235,66,682,55,100,45,154,164,65,69,4,66,123,55,82,27,0.008203138296061813,0.020661016372238675,63,83,20,2,3,3,14,6,17,34,39
236,112,318,76,95,19,210,210,83,83,0,112,118,76,77,1,0.007998910786616291,0.008543517478471017,63,67,4,3,2,2,12,4,3,72,42
237,6,212,31,90,59,36,36,36,36,0,6,15,31,36,5,0.0013274788113958951,0.0027911092957554717,39,45,6,3,4,4,6,1,48,71,64
238,0,1640,1,100,99,0,92,1,50,49,0,92,1,66,65,0.0,0.02546036284420845,1,88,87,1,-1,2,8,0,30,91,18
239,2,2,27,27,0,3,3,27,27,0,2,2,27,27,0,0.0,0.0,1,1,0,-1,5,5,2,1,98,95,66
240,62,662,59,100,41,80,80,61,61,0,62,80,59,64,5,0.005888559855679227,0.017291262466387555,57,79,22,2,2,2,6,3,74,54,5
241,0,206,1,89,88,0,21,1,28,27,0,8,1,34,33,0.0,0.0014636304843595766,1,40,39,3,-1,4,9,1,28,50,83
242,56,158,63,89,26,38,38,56,56,0,38,38,57,57,0,0.007590455767725246,0.008237176214302734,64,65,1,4,3,3,3,7,60,21,51
243,6,1646,29,100,71,22,130,29,61,32,6,130,29,76,47,0.00010211375472276115,0.02382654276864427,30,85,55,1,4,2,11,1,5,55,15
244,58,674,52,100,48,110,160,58,70,12,58,160,52,85,33,0.002995336805200994,0.019946220089179345,46,85,39,2,2,2,11,3,33,54,15
245,12,218,37,96,59,18,18,36,36,0,12,18,37,44,7,0.0013274788113958951,0.00176997174852786,42,44,2,3,4,4,3,3,75,51,49
246,6,622,28,100,72,42,84,34,47,13,6,70,28,58,30,0.0006126825283365669,0.011164437183021887,36,73,37,2,4,3,9,2,31,42,20
247,60,266,68,99,31,32,32,71,71,0,32,32,71,71,0,0.00888389666088022,0.012525953912658701,67,72,5,3,3,3,2,6,99,26,13
248,0,1640,1,100,99,0,60,1,48,47,0,60,1,58,57,0.0,0.02307770856734402,1,86,85,1,-1,2,5,0,88,80,35
249,180,1780,90,100,10,208,208,86,86,0,180,208,89,93,4,0.014704380680077607,0.029374723441914292,77,90,13,1,2,2,11,8,19,8,14
250,76,76,62,62,0,86,86,57,57,0,76,76,62,62,0,0.008305252050784574,0.008305252050784574,64,64,0,-1,3,3,6,7,65,21,96
251,66,682,57,100,43,124,124,64,64,0,64,86,56,60,4,0.005037611899656217,0.008986010415602982,55,64,9,2,2,2,10,6,22,41,29
252,67,1707,59,100,41,76,100,51,65,14,76,100,63,71,8,0.007726607440688927,0.04734674427312026,65,96,31,1,3,2,6,8,59,57,1
253,37,37,56,56,0,34,34,44,44,0,34,34,52,52,0,0.003982436434187685,0.003982436434187685,53,53,0,-1,3,3,4,6,47,35,69
254,14,14,39,39,0,18,18,36,36,0,14,14,39,39,0,0.001940161339732462,0.001940161339732462,46,46,0,-1,4,4,3,3,64,54,93
255,138,240,84,94,10,158,158,82,82,0,138,140,84,84,0,0.0158616699002689,0.015997821573232582,77,77,0,4,2,2,9,9,35,39,60
256,49,1689,54,100,46,94,128,51,78,27,49,128,54,82,28,0.004799346471969774,0.022839443139657578,54,85,31,1,3,2,9,4,26,22,77
257,6,212,30,94,64,12,24,30,35,5,6,24,30,46,16,0.00017018959120460194,0.003880322679464924,31,51,20,3,4,4,4,1,53,60,35
258,6,6,29,29,0,19,19,29,29,0,6,6,29,29,0,0.0002382654276864427,0.0002382654276864427,33,33,0,-1,4,4,8,1,15,55,59
259,1,1,26,26,0,3,3,26,26,0,1,1,26,26,0,3.4037918240920386e-05,3.4037918240920386e-05,26,26,0,-1,6,6,3,2,55,58,36
260,198,814,91,100,9,104,104,73,73,0,104,104,79,79,0,0.019878144252697506,0.04469178665032847,84,96,12,2,2,2,5,17,52,6,3
261,386,586,99,100,1,176,176,99,99,0,176,176,99,99,0,0.03917764389529936,0.04220701861874128,96,96,0,3,2,2,5,30,63,7,28
262,122,722,76,100,24,106,106,71,71,0,106,106,76,76,0,0.013479015623404473,0.032063718982947,76,89,13,2,2,2,7,8,43,8,1
263,0,616,1,100,99,0,78,1,46,45,0,78,1,60,59,0.0,0.010449640899962559,1,71,70,2,-1,3,8,0,30,36,33
264,0,0,1,1,0,0,0,1,1,0,0,0,1,1,0,0.0,0.0,1,1,0,-1,-1,-1,11,0,38,59,92
265,12,12,40,40,0,18,18,38,38,0,12,12,40,40,0,0.0010892133837094523,0.0010892133837094523,39,39,0,-1,4,4,3,3,76,51,99
266,146,247,85,91,6,80,80,59,59,0,80,80,63,63,0,0.02215868477483917,0.022226760611321013,85,85,0,5,3,3,5,15,61,16,68
267,0,206,1,89,88,0,31,1,30,29,0,12,1,32,31,0.0,0.0032336022328874367,1,49,48,3,-1,4,10,0,12,86,73
268,0,102,1,81,80,0,4,1,26,25,0,2,1,26,25,0.0,0.00013615167296368154,1,30,29,4,-1,5,3,0,81,59,88
269,100,100,66,66,0,100,100,67,67,0,100,100,73,73,0,0.04802750263793867,0.05102283944313966,97,97,0,3,1,1,5,18,52,5,35
270,140,346,89,100,11,72,72,84,84,0,72,72,84,84,0,0.02297559481262126,0.02563055243541305,86,88,2,3,2,2,3,18,81,30,29
271,22,22,43,43,0,80,80,44,44,0,22,22,43,43,0,0.0028932230504782326,0.0028932230504782326,49,49,0,-1,3,3,9,2,54,75,69
272,12,113,37,80,43,20,20,32,32,0,12,13,37,38,1,0.0010211375472276116,0.0010211375472276116,40,40,0,6,4,4,6,3,69,51,68
273,16,632,42,100,58,28,28,43,43,0,16,32,42,49,7,0.0005446066918547262,0.004050512270669526,36,50,14,2,3,3,3,1,96,49,53
274,166,166,91,91,0,96,96,89,89,0,96,96,89,89,0,0.021920419347152727,0.021920419347152727,86,86,0,-1,2,2,3,15,64,19,93
275,16,222,34,90,56,132,132,63,63,0,16,28,34,44,10,0.002586881786309949,0.005446066918547262,46,55,9,3,3,3,12,3,3,46,29
276,100,100,57,57,0,100,100,38,38,0,100,100,57,57,0,0.010824058000612683,0.010824058000612683,69,69,0,-1,1,1,16,4,4,64,84
277,0,206,1,86,85,0,25,1,29,28,0,6,1,28,27,0.0,0.0009190237925048504,1,37,36,3,-1,4,11,0,5,76,71
278,0,616,1,100,99,0,46,1,38,37,0,22,1,41,40,0.0,0.0036760951700194017,1,49,48,2,-1,3,8,0,39,93,29
279,148,764,85,100,15,110,110,77,77,0,110,110,81,81,0,0.01497668402600497,0.03267640151128357,78,91,13,2,2,2,6,14,74,32,9
280,0,206,1,94,93,0,24,1,33,32,0,14,1,38,37,0.0,0.003165526396405596,1,49,48,3,-1,4,6,0,32,93,70
281,42,642,54,100,46,98,98,53,53,0,40,98,54,68,14,0.0034718676605738795,0.015214949453691413,51,79,28,2,3,3,8,6,57,41,5
282,342,942,95,100,5,184,184,94,94,0,184,184,94,94,0,0.03526328329759352,0.0440791041219919,91,97,6,2,2,2,7,29,43,0,39
283,0,102,1,74,73,0,11,1,27,26,0,2,1,25,24,0.0,0.00017018959120460194,1,32,31,4,-1,5,8,0,10,97,55
284,6,212,28,92,64,15,23,28,33,5,6,12,28,35,7,0.0002723033459273631,0.0013615167296368155,31,36,5,3,4,4,6,1,56,55,53
285,0,616,1,100,99,0,22,1,48,47,0,22,1,52,51,0.0,0.013376901868681712,1,78,77,2,-1,3,2,0,90,82,39
286,0,0,1,1,0,0,0,1,1,0,0,0,1,1,0,0.0,0.0,1,1,0,-1,-1,-1,4,0,67,86,99
287,1,207,26,92,66,8,20,26,32,6,1,9,26,36,10,3.4037918240920386e-05,0.001599782157323258,26,43,17,3,6,4,8,2,21,58,75
288,66,682,59,100,41,80,80,61,61,0,66,80,61,66,5,0.00881582082439838,0.018482589604819768,65,82,17,2,2,2,6,6,56,34,33
289,29,29,52,52,0,22,22,49,49,0,22,22,50,50,0,0.003710133088260322,0.003710133088260322,51,51,0,-1,3,3,2,4,93,22,98
290,28,1668,45,100,55,74,108,42,60,18,28,108,45,73,28,0.0019061234214915416,0.01943565131556554,43,82,39,1,3,2,9,3,28,54,20
291,0,206,1,94,93,0,8,1,32,31,0,7,1,37,36,0.0,0.0010892133837094523,1,40,39,3,-1,4,2,0,90,79,61
292,8,110,38,86,48,8,8,33,33,0,8,8,38,38,0,0.002314578440382586,0.0026209197045508697,44,46,2,4,4,4,2,2,99,75,63
293,6,6,29,29,0,32,32,32,32,0,6,6,29,29,0,0.000442492937131965,0.000442492937131965,34,34,0,-1,4,4,8,1,39,49,79
294,158,260,84,94,10,142,142,72,72,0,142,142,83,83,0,0.00980292045338507,0.009905034208107831,69,70,1,4,2,2,8,9,42,31,55
295,168,168,88,88,0,144,144,69,69,0,144,144,86,86,0,0.011402702610708328,0.011402702610708328,74,74,0,-1,2,2,10,14,1,32,79
296,338,338,98,98,0,128,128,93,93,0,128,128,93,93,0,0.03536539705231628,0.03536539705231628,92,92,0,-1,2,2,5,30,37,7,81
297,88,1728,66,100,34,66,90,47,66,19,66,90,55,69,14,0.011334626774226489,0.028523775485891283,68,91,23,1,3,2,6,8,71,8,65
298,164,780,88,100,12,206,206,92,92,0,164,206,90,93,3,0.016916845365737433,0.023384049831512304,78,85,7,2,2,2,9,8,31,20,21
299,32,238,46,92,46,152,152,70,70,0,32,40,46,47,1,0.004493005207801491,0.0046972327172470135,54,55,1,3,3,3,12,3,3,29,56
300,22,22,41,41,0,38,38,38,38,0,22,22,41,41,0,0.0013615167296368155,0.0013615167296368155,39,39,0,-1,3,3,6,3,34,51,84
301,18,18,52,52,0,32,32,63,63,0,18,18,54,54,0,0.002280540522141666,0.002280540522141666,46,46,0,-1,3,3,2,2,98,52,67
302,38,139,47,80,33,80,80,44,44,0,38,39,47,48,1,0.0016678579938050988,0.0017018959120460194,42,42,0,6,3,3,9,3,54,43,78
303,40,142,57,87,30,68,68,77,77,0,40,42,62,62,0,0.005786446100956465,0.005922597773920147,61,61,0,4,2,2,4,2,72,94,4
304,0,0,1,1,0,0,0,1,1,0,0,0,1,1,0,0.0,0.0,1,1,0,-1,-1,-1,4,0,83,36,99
305,0,206,1,94,93,0,14,1,31,30,0,14,1,40,39,0.0,0.0034718676605738795,1,49,48,3,-1,4,3,0,96,89,73
306,13,213,41,93,52,18,18,35,35,0,13,18,41,45,4,0.0012253650566731338,0.0028932230504782326,39,46,7,3,4,4,3,4,58,64,70
307,111,317,78,96,18,152,152,80,80,0,111,152,78,87,9,0.00891793457912114,0.016712617856291908,67,80,13,3,2,2,8,8,30,44,32
308,100,100,70,70,0,100,100,68,68,0,100,100,73,73,0,0.057183702644746245,0.06000884985874264,99,99,0,2,1,1,6,22,48,9,74
309,62,62,52,52,0,156,156,60,60,0,62,62,52,52,0,0.0024507301133462676,0.0024507301133462676,44,44,0,-1,2,2,16,3,4,54,91
310,126,126,77,77,0,104,104,73,73,0,104,104,79,79,0,0.013819394805813677,0.013819394805813677,78,78,0,-1,2,2,5,8,52,17,86
311,6,622,29,100,71,32,62,32,35,3,6,40,29,49,20,0.00017018959120460194,0.005684332346233704,32,56,24,2,4,3,10,1,1,60,38
312,329,535,98,100,2,120,120,100,100,0,120,120,100,100,0,0.044045066203750975,0.051158991116103336,95,96,1,3,2,2,3,30,87,7,20
313,1,617,25,100,75,3,20,25,44,19,1,20,25,47,22,0.0,0.006671431975220395,1,60,59,2,6,3,3,1,85,68,35
314,622,1222,100,100,0,344,344,100,100,0,344,344,100,100,0,0.048878450593961675,0.056094489261036794,96,100,4,2,2,2,11,40,33,3,8
315,2,2,26,26,0,14,14,27,27,0,2,2,26,26,0,0.0,0.0,1,1,0,-1,5,5,12,2,6,58,80
316,0,0,1,1,0,0,0,1,1,0,0,0,1,1,0,0.0,0.0,1,1,0,-1,-1,-1,4,0,79,67,86
317,0,616,1,100,99,0,50,1,35,34,0,31,1,43,42,0.0,0.00793083495013445,1,63,62,2,-1,3,8,0,27,82,25
318,174,790,83,100,17,142,142,78,78,0,142,142,82,82,0,0.018822968787228972,0.030600088498587426,78,91,13,2,2,2,8,15,27,19,37
319,6,622,30,100,70,15,38,30,37,7,6,38,30,50,20,0.00013615167296368154,0.008203138296061813,29,64,35,2,4,3,6,1,65,60,31
320,227,227,92,92,0,144,144,94,94,0,144,144,94,94,0,0.02831954797644576,0.02831954797644576,90,90,0,-1,2,2,6,20,71,23,40
321,0,616,1,99,98,0,106,1,57,56,0,106,1,70,69,0.0,0.020729092208720514,1,84,83,2,-1,3,11,1,5,50,10
322,0,206,1,91,90,0,20,1,33,32,0,20,1,47,46,0.0,0.004901460226692535,1,54,53,3,-1,4,4,0,84,86,57
323,100,100,60,60,0,100,100,52,52,0,100,100,60,60,0,0.01773375540351952,0.026243234963749616,79,89,10,2,1,1,9,3,29,51,8
324,100,100,76,76,0,100,100,91,91,0,100,100,91,91,0,0.07471323053882024,0.07566629224956602,100,100,0,4,1,1,4,29,77,11,51
325,0,0,1,1,0,0,0,1,1,0,0,0,1,1,0,0.0,0.0,1,1,0,-1,-1,-1,10,0,18,91,98
326,76,282,67,96,29,70,70,62,62,0,70,70,69,69,0,0.006603356138738555,0.008101024541339052,57,64,7,3,3,3,5,6,45,13,53
327,36,242,53,95,42,54,54,55,55,0,35,54,54,59,5,0.00445896728956057,0.009632730862180468,54,69,15,3,3,3,4,6,73,41,44
328,0,616,1,100,99,0,28,1,41,40,0,28,1,50,49,0.0,0.02028659927158855,1,85,84,2,-1,3,3,0,64,40,10
329,129,335,87,100,13,48,48,72,72,0,48,48,74,74,0,0.014329963579427483,0.02556247659893121,78,87,9,3,3,3,3,15,60,19,6
330,100,100,65,65,0,100,100,45,45,0,100,100,65,65,0,0.037339596310289665,0.03870111303992648,94,94,0,3,1,1,10,16,12,18,53
331,0,616,1,100,99,0,56,1,44,43,0,56,1,52,51,0.0,0.014261887742945642,1,76,75,2,-1,3,6,0,59,86,18
332,0,1640,1,100,99,0,48,1,65,64,0,46,1,68,67,0.0,0.03563770039824364,1,95,94,1,-1,2,3,1,96,50,46
333,0,0,1,1,0,0,0,1,1,0,0,0,1,1,0,0.0,0.0,1,1,0,-1,-1,-1,14,0,16,82,69
334,104,310,72,94,22,124,124,85,85,0,104,110,75,75,0,0.012287688484972258,0.013717281051090916,74,76,2,3,2,2,6,5,40,25,53
335,132,234,82,93,11,154,154,72,72,0,132,134,82,83,1,0.013547091459886314,0.013751318969331836,76,77,1,4,2,2,10,8,36,8,60
336,171,1811,90,100,10,72,96,85,94,9,72,96,85,94,9,0.030293747234419143,0.08805609448926104,90,99,9,1,2,2,3,15,60,16,0
337,54,670,59,100,41,38,48,53,61,8,38,48,55,63,8,0.006875659484665918,0.01766567956703768,62,83,21,2,3,3,3,7,64,62,25
338,525,525,99,99,0,360,360,99,99,0,360,360,99,99,0,0.036658837945471257,0.036658837945471257,93,93,0,-1,2,2,12,29,6,1,86
339,16,632,33,100,67,25,56,32,41,9,16,48,33,53,20,0.0005786446100956465,0.005241839409101739,34,52,18,2,3,3,6,1,51,60,26
340,0,0,1,1,0,0,0,1,1,0,0,0,1,1,0,0.0,0.0,1,1,0,-1,-1,-1,3,0,87,92,86
341,32,648,40,100,60,94,150,38,62,24,32,150,40,79,39,0.0014295925661186562,0.024098846114571634,41,88,47,2,3,3,15,2,7,74,11
342,22,22,40,40,0,58,58,35,35,0,22,22,40,40,0,0.00030634126416828345,0.00030634126416828345,33,33,0,-1,3,3,10,2,11,63,80
343,124,124,85,85,0,48,48,69,69,0,48,48,70,70,0,0.019027196296674494,0.019027196296674494,84,84,0,-1,3,3,3,18,55,30,97
344,129,1769,83,100,17,96,120,74,89,15,96,120,74,89,15,0.016304162837400864,0.03529732121583444,79,93,14,1,3,2,6,15,69,19,26
345,134,734,80,100,20,208,208,89,89,0,134,208,80,92,12,0.010177337554035196,0.03066816433506927,70,91,21,2,2,2,10,7,12,21,7
346,0,616,1,100,99,0,50,1,48,47,0,50,1,54,53,0.0,0.012832295176826986,1,75,74,2,-1,3,5,0,61,82,6
347,0,1640,1,100,99,0,72,1,44,43,0,72,1,58,57,0.0,0.02011640968038395,1,84,83,1,-1,2,7,0,24,96,8
348,100,100,57,57,0,100,100,38,38,0,100,100,57,57,0,0.02913645801422785,0.033221008203138294,89,91,2,2,1,1,16,18,4,5,26
349,87,189,61,87,26,118,118,66,66,0,87,89,61,63,2,0.00803294870485721,0.008135062459579971,62,63,1,4,3,3,8,8,15,44,60
350,0,1640,1,100,99,0,56,1,54,53,0,48,1,54,53,0.0,0.021954457265393648,1,84,83,1,-1,2,5,0,70,85,64
351,100,100,59,59,0,100,100,39,39,0,100,100,59,59,0,0.030566050580346504,0.03134892269988768,91,91,0,3,1,1,14,17,16,6,53
352,0,102,1,74,73,0,10,1,28,27,0,4,1,29,28,0.0,0.00088498587426393,1,37,36,4,-1,5,5,0,63,36,74
353,100,100,65,65,0,100,100,75,75,0,100,100,77,77,0,0.06269784539977535,0.06269784539977535,100,100,0,-1,1,1,5,22,61,9,89
354,76,282,70,95,25,48,48,66,66,0,48,48,67,67,0,0.008271214132543654,0.009360427516253106,66,69,3,3,3,3,3,7,76,21,74
355,205,307,92,98,6,120,120,83,83,0,120,120,85,85,0,0.0245413390517036,0.024779604479390042,88,88,0,4,2,2,6,15,59,16,63
356,100,100,60,60,0,100,100,40,40,0,100,100,60,60,0,0.05800061268252834,0.05800061268252834,100,100,0,-1,1,1,14,36,25,2,86
357,188,290,91,97,6,110,110,82,82,0,110,110,83,83,0,0.019095272133156337,0.01940161339732462,83,83,0,4,2,2,6,18,56,5,55
358,202,1842,93,100,7,104,128,86,94,8,104,128,86,94,8,0.02566459035365397,0.05102283944313966,88,97,9,1,2,2,5,19,45,15,44
359,112,1752,76,100,24,210,234,83,90,7,112,204,76,89,13,0.007998910786616291,0.023894618605126112,63,85,22,1,2,2,12,4,3,72,17
360,80,80,72,72,0,48,48,66,66,0,48,48,67,67,0,0.009292351679771264,0.009292351679771264,69,69,0,-1,3,3,3,9,76,31,92
361,18,634,43,100,57,36,50,38,48,10,18,42,43,53,10,0.0018040096667687805,0.00445896728956057,44,55,11,2,3,3,5,2,61,83,70
362,7,7,36,36,0,26,26,36,36,0,7,7,36,36,0,0.0004084550188910446,0.0004084550188910446,34,34,0,-1,4,4,5,2,37,56,98
363,16,118,41,80,39,27,28,40,40,0,16,18,41,47,6,0.0004765308553728854,0.0012253650566731338,35,41,6,4,3,3,5,1,70,4,42
364,124,124,78,78,0,242,242,80,80,0,124,124,78,78,0,0.010960209673576363,0.010960209673576363,70,70,0,-1,2,2,14,6,8,34,93
365,76,692,62,100,38,76,76,57,57,0,76,76,61,61,0,0.005956635692161067,0.018891044623710815,58,79,21,2,3,3,6,6,74,13,6
366,0,206,1,93,92,0,14,1,33,32,0,8,1,34,33,0.0,0.002927260968719153,1,48,47,3,-1,4,3,0,55,67,29
367,90,90,64,64,0,122,122,69,69,0,90,90,64,64,0,0.010517716736444398,0.010517716736444398,67,67,0,-1,2,2,8,6,27,77,69
368,49,255,56,94,38,80,80,71,71,0,49,55,55,59,4,0.00980292045338507,0.012832295176826986,67,74,7,3,2,2,5,6,49,73,90
369,180,180,87,87,0,104,104,85,85,0,104,104,85,85,0,0.022737329384934817,0.022737329384934817,83,83,0,-1,2,2,5,16,70,18,40
370,66,66,59,59,0,54,54,55,55,0,54,54,58,58,0,0.005718370264474625,0.005718370264474625,57,57,0,-1,3,3,4,6,53,28,81
371,46,662,61,100,39,46,56,83,92,9,46,56,83,92,9,0.02130773681881616,0.038360733857517273,86,96,10,2,2,2,2,3,99,51,9
372,101,307,81,98,17,54,54,55,55,0,54,54,60,60,0,0.016202049082678104,0.019469689233806462,79,81,2,3,3,3,4,12,73,37,29
373,0,0,1,1,0,0,0,1,1,0,0,0,1,1,0,0.0,0.0,1,1,0,-1,-1,-1,4,0,83,66,80
374,76,76,62,62,0,64,64,59,59,0,64,64,63,63,0,0.00803294870485721,0.00803294870485721,66,66,0,-1,3,3,4,7,53,21,36
375,111,727,76,100,24,164,164,74,74,0,111,164,76,85,9,0.008203138296061813,0.01507879778072773,64,76,12,2,2,2,10,8,22,44,48
376,152,254,83,94,11,222,222,92,92,0,152,154,84,84,0,0.008543517478471017,0.008645631233193778,64,65,1,4,2,2,10,5,0,47,55
377,100,100,77,77,0,100,100,96,96,0,100,100,96,96,0,0.08291636883488206,0.09860784914394635,100,100,0,2,1,1,3,29,82,0,5
378,56,56,57,57,0,48,48,69,69,0,48,48,70,70,0,0.009224275843289425,0.009224275843289425,68,68,0,-1,3,3,3,5,55,25,91
379,338,544,96,100,4,206,206,95,95,0,206,206,96,96,0,0.03277851526600633,0.03798631675686715,90,96,6,3,2,2,9,22,23,9,21
380,40,656,51,100,49,102,112,66,69,3,40,112,51,77,26,0.004288777698355968,0.017359338302869398,53,79,26,2,2,2,8,2,10,94,37
381,1,207,26,92,66,3,10,26,31,5,1,7,26,35,9,0.0,0.0009530617107457708,1,38,37,3,6,4,3,2,64,58,71
382,606,606,100,100,0,400,400,99,99,0,400,400,99,99,0,0.052554545763981074,0.052554545763981074,99,99,0,-1,2,2,13,36,13,2,99
383,34,650,49,100,51,74,104,42,59,17,34,104,49,70,21,0.0012253650566731338,0.019810068416215663,40,83,43,2,3,3,9,4,28,64,16
384,0,0,1,1,0,0,0,1,1,0,0,0,1,1,0,0.0,0.0,1,1,0,-1,-1,-1,3,0,55,93,81
385,0,616,1,100,99,0,66,1,48,47,0,66,1,56,55,0.0,0.024098846114571634,1,87,86,2,-1,3,6,1,41,50,10
386,304,304,96,96,0,128,128,96,96,0,128,128,96,96,0,0.04183260151809115,0.04183260151809115,96,96,0,-1,2,2,5,27,49,10,45
387,54,54,52,52,0,134,134,69,69,0,54,54,52,52,0,0.006909697402906838,0.006909697402906838,59,59,0,-1,3,3,9,4,54,72,45
388,145,245,83,91,8,204,204,79,79,0,145,145,83,83,0,0.009973110044589673,0.009973110044589673,65,65,0,5,2,2,11,8,5,44,78
389,6,212,30,94,64,14,28,30,35,5,6,28,30,47,17,0.00017018959120460194,0.005207801490860819,30,55,25,3,4,4,6,1,34,55,31
390,0,616,1,100,99,0,102,1,55,54,0,102,1,73,72,0.0,0.01773375540351952,1,77,76,2,-1,3,12,0,2,67,9
391,100,100,63,63,0,100,100,39,39,0,100,100,63,63,0,0.021137547227611558,0.021137547227611558,83,83,0,-1,1,1,14,9,17,27,67
392,0,206,1,92,91,0,20,1,35,34,0,6,1,33,32,0.0,0.0034037918240920387,1,52,51,3,-1,4,4,0,77,85,90
393,343,343,99,99,0,144,144,88,88,0,144,144,89,89,0,0.033255046121379216,0.033255046121379216,92,92,0,-1,2,2,6,30,34,7,86
394,230,830,92,100,8,184,184,79,79,0,184,184,87,87,0,0.0247115286429082,0.04305796657476429,84,96,12,2,2,2,10,15,12,16,7
395,70,1710,60,100,40,110,134,76,87,11,70,134,59,88,29,0.011334626774226489,0.0455767725245924,71,95,24,1,2,2,6,5,59,25,0
396,0,0,1,1,0,0,0,1,1,0,0,0,1,1,0,0.0,0.0,1,1,0,-1,-1,-1,17,0,20,91,79
397,0,616,1,100,99,0,52,1,39,38,0,52,1,50,49,0.0,0.020865243881684196,1,83,82,2,-1,3,6,0,56,79,7
398,134,134,87,87,0,32,32,58,58,0,32,32,60,60,0,0.022465026039007456,0.022465026039007456,88,88,0,-1,3,3,2,20,91,23,97
399,38,244,46,91,45,128,128,60,60,0,38,44,46,51,5,0.001497668402600497,0.0030974505599237552,42,50,8,3,3,3,16,3,9,43,46
400,100,100,79,79,0,100,100,96,96,0,100,100,96,96,0,0.055583920487422986,0.0631063004186664,98,99,1,3,1,1,3,13,85,24,19
401,56,262,56,93,37,144,144,71,71,0,56,62,56,57,1,0.004663194799006093,0.0048674223084516155,56,57,1,3,2,2,10,3,11,29,88
402,34,136,52,83,31,70,70,54,54,0,34,36,52,52,0,0.0016338200755641784,0.0017018959120460194,42,42,0,4,3,3,5,4,61,64,95
403,38,140,49,81,32,62,62,43,43,0,38,40,49,49,0,0.002144388849177984,0.0023486163586235067,46,46,0,4,3,3,7,3,43,54,55
404,56,262,51,90,39,188,188,71,71,0,56,62,51,52,1,0.004356853534837809,0.0068075836481840775,54,57,3,3,2,2,14,3,25,29,90
405,0,1640,1,100,99,0,138,1,62,61,0,122,1,82,81,0.0,0.01681473161101467,1,77,76,1,-1,2,14,0,17,97,19
406,0,0,1,1,0,0,0,1,1,0,0,0,1,1,0,0.0,0.0,1,1,0,-1,-1,-1,11,0,33,84,40
407,32,648,44,100,56,102,142,56,67,11,32,142,44,83,39,0.0025188059498281084,0.013887470642295518,45,70,25,2,3,3,12,2,2,52,33
408,0,0,1,1,0,0,0,1,1,0,0,0,1,1,0,0.0,0.0,1,1,0,-1,-1,-1,16,0,9,84,82
409,16,632,34,100,66,40,50,40,45,5,16,50,34,52,18,0.0013274788113958951,0.017155110793423873,40,81,41,2,3,3,5,1,50,71,16
410,0,206,1,92,91,0,22,1,33,32,0,22,1,43,42,0.0,0.005105687736138058,1,52,51,3,-1,4,5,0,37,91,31
411,229,331,96,100,4,32,32,69,69,0,32,32,69,69,0,0.029817216379046257,0.032199870655910685,91,92,1,4,3,3,2,29,90,1,29
412,48,254,52,91,39,148,148,64,64,0,48,54,52,52,0,0.0022465026039007454,0.0034037918240920387,45,49,4,3,2,2,14,4,16,64,53
413,0,206,1,90,89,0,18,1,29,28,0,14,1,35,34,0.0,0.0034718676605738795,1,48,47,3,-1,4,7,0,43,89,35
414,44,146,54,89,35,28,28,45,45,0,28,28,49,49,0,0.006399128629293032,0.008169100377820893,56,65,9,4,3,3,3,7,60,62,90
415,6,212,29,94,65,16,20,30,31,1,6,12,29,34,5,0.00034037918240920387,0.0006807583648184077,32,38,6,3,4,4,6,1,59,60,88
416,60,660,62,100,38,108,108,67,67,0,60,108,62,78,16,0.005548180673270023,0.02556247659893121,59,85,26,2,3,3,8,5,57,47,7
417,294,494,97,98,1,368,368,96,96,0,294,296,97,97,0,0.021443888491779844,0.022533101875489295,85,85,0,3,2,2,17,18,20,30,83
418,0,616,1,100,99,0,40,1,42,41,0,40,1,51,50,0.0,0.017155110793423873,1,79,78,2,-1,3,5,0,45,79,18
419,248,864,94,100,6,168,168,99,99,0,168,168,99,99,0,0.03625038292658021,0.04384083869430545,97,97,0,2,2,2,6,15,56,16,14
420,0,206,1,94,93,0,8,1,30,29,0,8,1,35,34,0.0,0.0013274788113958951,1,39,38,3,-1,4,2,0,91,98,61
421,6,622,28,100,72,18,68,28,42,14,6,68,28,55,27,0.00034037918240920387,0.019912182170938427,30,79,49,2,4,3,8,1,27,55,10
422,16,222,37,94,57,66,66,51,51,0,16,25,37,47,10,0.002927260968719153,0.004152626025392287,51,53,2,3,3,3,6,3,34,46,43
423,92,298,71,95,24,84,84,77,77,0,84,84,78,78,0,0.011028285510058205,0.018686817114265293,71,82,11,3,2,2,5,7,88,48,8
424,46,252,59,95,36,44,44,53,53,0,44,44,58,58,0,0.0053439531638245,0.023894618605126112,60,86,26,3,3,3,4,6,78,26,10
425,120,120,88,88,0,56,56,93,93,0,56,56,93,93,0,0.02188638142891181,0.02188638142891181,87,87,0,-1,2,2,2,12,99,37,98
426,0,0,1,1,0,0,0,1,1,0,0,0,1,1,0,0.0,0.0,1,1,0,-1,-1,-1,3,0,92,59,97
427,1,617,26,100,74,2,18,26,47,21,1,18,26,50,24,0.0,0.00891793457912114,1,70,69,2,6,3,2,1,90,68,75
428,0,206,1,93,92,0,24,1,33,32,0,20,1,40,39,0.0,0.0045270431260424114,1,54,53,3,-1,4,6,0,34,59,38
429,278,878,96,100,4,224,224,98,98,0,224,224,98,98,0,0.027264372510977228,0.032914666938970015,88,91,3,2,2,2,8,15,10,16,31
430,122,122,85,85,0,72,72,80,80,0,72,72,80,80,0,0.017495489975833077,0.017495489975833077,82,82,0,-1,2,2,3,8,76,8,96
431,120,736,77,100,23,132,132,72,72,0,120,132,78,78,0,0.008271214132543654,0.01929949964260186,63,77,14,2,2,2,8,6,27,13,39
432,0,1640,1,100,99,0,100,1,44,43,0,54,1,55,54,0.0,0.013513053541645392,1,75,74,1,-1,2,11,0,19,66,62
433,50,50,60,60,0,54,54,55,55,0,54,54,60,60,0,0.005480104836788182,0.005480104836788182,56,56,0,-1,3,3,4,5,84,47,97
434,124,124,80,80,0,112,112,92,92,0,112,112,92,92,0,0.016099935327955343,0.016099935327955343,78,78,0,-1,2,2,4,6,53,77,50
435,44,146,54,87,33,80,80,70,70,0,44,46,54,54,0,0.006875659484665918,0.00704584907587052,59,60,1,4,3,3,5,4,45,38,4
436,52,154,50,85,35,62,62,48,48,0,50,52,50,50,0,0.003880322679464924,0.003948398515946765,49,49,0,4,3,3,6,6,56,41,4
437,72,174,69,90,21,64,64,64,64,0,64,64,67,67,0,0.01320671227747711,0.013444977705163553,75,75,0,4,3,3,4,8,77,20,56
438,184,184,88,88,0,222,222,92,92,0,184,184,87,87,0,0.01695088328397835,0.01695088328397835,77,77,0,-1,2,2,10,8,12,20,80
439,90,706,62,100,38,128,148,72,77,5,90,148,62,84,22,0.007113924912352361,0.014908608189523128,58,75,17,2,2,2,9,6,35,28,25
440,317,523,99,100,1,128,128,96,96,0,128,128,96,96,0,0.03812246842983083,0.045304469178665034,95,96,1,3,2,2,5,29,49,0,19
441,22,22,47,47,0,28,28,42,42,0,22,22,47,47,0,0.0017359338302869397,0.0017359338302869397,44,44,0,-1,3,3,3,2,64,61,86
442,56,56,68,68,0,38,38,61,61,0,38,38,63,63,0,0.007147962830593281,0.007147962830593281,65,65,0,-1,3,3,3,7,81,21,69
443,0,1640,1,100,99,0,124,1,57,56,0,109,1,75,74,0.0,0.016099935327955343,1,74,73,1,-1,2,14,0,8,82,32
444,78,179,75,91,16,28,28,44,44,0,28,28,51,51,0,0.011675005956635693,0.011709043874876613,73,73,0,5,3,3,3,8,92,8,95
445,24,1664,50,100,50,20,58,42,78,36,24,58,51,78,27,0.00176997174852786,0.038258620102794516,42,94,52,1,3,2,3,3,55,54,78
446,515,715,100,100,0,344,344,100,100,0,344,344,100,100,0,0.04142414649920011,0.04162837400864563,96,96,0,3,2,2,11,29,38,1,49
447,100,100,58,58,0,100,100,35,35,0,100,100,59,59,0,0.03230198441063344,0.03424214575036591,92,92,0,2,1,1,17,19,20,15,54
448,100,100,67,67,0,100,100,54,54,0,100,100,67,67,0,0.06831410190952722,0.07103713536880084,100,100,0,3,1,1,9,36,35,2,13
449,330,536,97,100,3,104,104,85,85,0,104,104,86,86,0,0.03223390857415161,0.03454848701453419,91,92,1,3,2,2,5,29,37,1,46
450,1,617,25,100,75,4,34,25,44,19,1,34,25,52,27,6.807583648184077e-05,0.015487252799618776,28,80,52,2,6,3,4,2,84,58,30
451,100,100,58,58,0,100,100,35,35,0,100,100,59,59,0,0.013751318969331836,0.025766704108376733,71,88,17,2,1,1,17,6,20,35,39
452,396,1996,100,100,0,144,144,91,91,0,144,144,91,91,0,0.04394295244902822,0.0601109636134654,97,99,2,1,2,2,6,40,74,3,57
453,54,156,65,92,27,22,22,52,52,0,22,22,55,55,0,0.010449640899962559,0.010517716736444398,70,70,0,4,3,3,2,8,98,8,63
454,0,102,1,71,70,0,7,1,27,26,0,2,1,25,24,0.0,0.00010211375472276115,1,28,27,4,-1,5,5,0,52,81,95
455,88,88,60,60,0,164,164,76,76,0,88,88,60,60,0,0.008101024541339052,0.008101024541339052,63,63,0,-1,2,2,10,4,11,38,40
456,202,303,93,96,3,104,104,86,86,0,104,104,86,86,0,0.02566459035365397,0.025766704108376733,88,88,0,5,2,2,5,19,45,15,60
457,155,771,91,100,9,56,56,86,86,0,56,56,86,86,0,0.022805405221416657,0.03859899928520372,86,95,9,2,2,2,2,16,95,12,15
458,280,486,96,100,4,120,120,87,87,0,120,120,88,88,0,0.031314884781646755,0.032370060247115286,92,92,0,3,2,2,6,29,56,0,53
459,0,206,1,96,95,0,8,1,32,31,0,6,1,30,29,0.0,0.0017018959120460194,1,40,39,3,-1,4,2,0,99,87,53
460,6,212,31,93,62,22,26,34,36,2,6,26,31,49,18,0.0009870996289866913,0.00888389666088022,38,68,30,3,4,4,5,2,70,42,77
461,202,304,93,96,3,120,120,80,80,0,120,120,81,81,0,0.021443888491779844,0.021546002246502605,86,86,0,4,2,2,6,19,34,15,88
462,86,702,61,100,39,166,166,71,71,0,86,116,61,77,16,0.009973110044589673,0.014840532353041287,65,77,12,2,3,3,11,6,19,34,26
463,100,100,76,76,0,100,100,96,96,0,100,100,96,96,0,0.0549372000408455,0.057932536846046497,97,99,2,3,1,1,3,4,58,22,90
464,0,206,1,90,89,0,24,1,29,28,0,14,1,32,31,0.0,0.002757071377514551,1,40,39,3,-1,4,6,0,51,93,70
465,6,622,30,100,70,14,50,31,45,14,6,50,30,56,26,0.0004084550188910446,0.015589366554341537,35,78,43,2,4,3,5,1,80,88,5
466,100,100,58,58,0,100,100,38,38,0,100,100,58,58,0,0.011130399264780965,0.012151536812008578,61,67,6,3,1,1,16,6,9,70,51
467,0,206,1,91,90,0,24,1,39,38,0,24,1,50,49,0.0,0.031451036454610434,1,92,91,3,-1,4,4,0,84,99,3
468,100,100,58,58,0,100,100,35,35,0,100,100,59,59,0,0.029034344259505088,0.03536539705231628,90,92,2,2,1,1,17,17,20,6,21
469,80,286,64,95,31,80,80,65,65,0,80,80,68,68,0,0.007182000748834201,0.010721944245889922,59,70,11,3,2,2,6,6,69,28,22
470,22,124,42,77,35,56,56,41,41,0,22,25,42,43,1,0.0021784267674189047,0.002484768031587188,44,44,0,4,3,3,6,2,40,83,63
471,172,273,87,94,7,100,100,77,77,0,100,100,77,77,0,0.019810068416215663,0.019810068416215663,81,81,0,5,2,2,6,18,69,5,95
472,0,1640,1,100,99,0,106,1,56,55,0,48,1,52,51,0.0,0.008135062459579971,1,59,58,1,-1,2,16,0,9,96,70
473,1,1,25,25,0,3,3,25,25,0,1,1,25,25,0,3.4037918240920386e-05,3.4037918240920386e-05,26,26,0,-1,6,6,3,2,66,58,59
474,220,1820,98,100,2,56,56,92,92,0,56,56,92,92,0,0.0480955784744205,0.0891453078729705,96,99,3,1,2,2,2,40,97,3,62
475,190,1790,86,100,14,246,246,84,84,0,190,224,86,90,4,0.014874570271282209,0.025154021580040164,75,88,13,1,2,2,14,8,17,8,13
476,6,212,28,91,63,20,50,29,35,6,6,34,28,46,18,6.807583648184077e-05,0.0068075836481840775,28,61,33,3,4,4,9,1,31,95,77
477,70,70,63,63,0,108,108,69,69,0,70,70,63,63,0,0.005820484019197386,0.005820484019197386,59,59,0,-1,3,3,8,5,39,47,98
478,260,460,94,100,6,224,224,98,98,0,224,224,98,98,0,0.021648116001225366,0.022805405221416657,84,87,3,3,2,2,8,18,10,5,83
479,178,384,90,98,8,80,80,66,66,0,80,80,68,68,0,0.01960584090677014,0.023894618605126112,82,88,6,3,3,3,5,19,63,15,31
480,0,206,1,91,90,0,19,1,30,29,0,7,1,34,33,0.0,0.001055175465468532,1,36,35,3,-1,4,6,0,56,87,61
481,0,0,1,1,0,0,0,1,1,0,0,0,1,1,0,0.0,0.0,1,1,0,-1,-1,-1,5,0,52,40,67
482,0,616,1,100,99,0,38,1,54,53,0,38,1,57,56,0.0,0.024234997787535316,1,87,86,2,-1,3,3,0,76,85,1
483,100,100,66,66,0,100,100,60,60,0,100,100,68,68,0,0.03168930188229688,0.03168930188229688,89,89,0,-1,1,1,7,14,43,32,50
484,0,616,1,100,99,0,68,1,40,39,0,68,1,58,57,0.0,0.017869907076483203,1,80,79,2,-1,3,8,0,30,85,9
485,100,100,67,67,0,100,100,74,74,0,100,100,75,75,0,0.08019333537560842,0.08427788556451887,100,100,0,2,1,1,5,40,63,3,13
486,28,234,52,94,42,28,28,42,42,0,28,28,51,51,0,0.002314578440382586,0.008543517478471017,48,66,18,3,3,3,3,6,64,70,44
487,0,206,1,94,93,0,10,1,31,30,0,6,1,31,30,0.0,0.0020763130126961434,1,46,45,3,-1,4,3,0,81,87,46
488,16,632,35,100,65,108,108,58,58,0,16,54,35,52,17,0.002723033459273631,0.009939072126348753,47,66,19,2,3,3,13,2,13,94,77
489,22,638,51,100,49,64,64,64,64,0,22,44,51,57,6,0.00445896728956057,0.008066986623098132,53,64,11,2,3,3,4,3,77,29,52
490,0,616,1,100,99,0,22,1,51,50,0,22,1,54,53,0.0,0.011232513019503728,1,72,71,2,-1,3,2,0,98,86,25
491,10,626,38,100,62,24,44,37,53,16,10,44,38,57,19,0.0013955546478777359,0.02552843868069029,43,88,45,2,4,3,4,3,77,43,0
492,12,218,39,93,54,20,20,35,35,0,12,18,39,46,7,0.0009530617107457708,0.0022465026039007454,39,47,8,3,4,4,4,2,73,74,53
493,0,616,1,100,99,0,50,1,33,32,0,24,1,44,43,0.0,0.002995336805200994,1,48,47,2,-1,3,10,1,22,50,70
494,2,2,28,28,0,5,5,28,28,0,2,2,28,28,0,6.807583648184077e-05,6.807583648184077e-05,30,30,0,-1,5,5,3,1,96,65,92
495,98,714,70,100,30,60,80,49,59,10,60,80,57,64,7,0.012253650566731339,0.027843017121072875,76,90,14,2,3,3,5,8,50,8,6
496,22,228,43,92,49,54,54,39,39,0,22,28,43,50,7,0.0021784267674189047,0.003710133088260322,46,52,6,3,3,3,8,2,21,83,94
497,54,54,54,54,0,54,54,56,56,0,54,54,57,57,0,0.006535280302256714,0.006535280302256714,55,55,0,-1,3,3,4,7,67,62,80
498,18,18,41,41,0,76,76,41,41,0,18,18,41,41,0,0.00034037918240920387,0.00034037918240920387,34,34,0,-1,3,3,10,2,1,56,98
499,80,696,70,100,30,50,50,47,47,0,50,50,54,54,0,0.007828721195411689,0.011028285510058205,62,71,9,2,3,3,5,13,88,24,54
500,96,96,75,75,0,38,38,51,51,0,38,38,54,54,0,0.009258313761530345,0.009258313761530345,67,67,0,-1,3,3,3,13,94,24,91
501,8,8,38,38,0,24,24,40,40,0,8,8,38,38,0,0.0018720855032506212,0.0018720855032506212,44,44,0,-1,4,4,4,2,84,83,66
502,6,622,33,100,67,24,34,38,45,7,6,34,33,51,18,0.0028591851322373124,0.009939072126348753,50,72,22,2,4,3,4,1,73,90,38
503,60,266,68,98,30,38,38,52,52,0,38,38,55,55,0,0.005888559855679227,0.009054086252084823,59,70,11,3,3,3,3,5,66,47,35
504,338,938,96,100,4,240,240,96,96,0,240,240,96,96,0,0.024949794070594642,0.039449947241226725,84,96,12,2,2,2,9,19,54,15,9
505,34,234,58,97,39,22,22,52,52,0,22,22,55,55,0,0.006637394056979475,0.011640968038394772,61,75,14,3,3,3,2,4,98,38,24
506,132,338,80,98,18,100,100,66,66,0,100,100,72,72,0,0.01415977398822288,0.014670342761836687,77,77,0,3,2,2,6,8,59,8,4
507,8,8,33,33,0,24,24,31,31,0,8,8,33,33,0,0.00030634126416828345,0.00030634126416828345,33,33,0,-1,4,4,6,2,71,56,98
508,32,648,49,100,51,70,70,59,59,0,32,70,49,66,17,0.004050512270669526,0.02927260968719153,50,88,38,2,3,3,5,3,88,29,3
509,8,624,34,100,66,40,78,34,43,9,8,78,34,57,23,0.0005105687736138058,0.014398039415909322,33,73,40,2,4,3,8,2,27,63,5
510,245,845,94,100,6,232,232,94,94,0,232,232,95,95,0,0.018686817114265293,0.02668572790088158,82,88,6,2,2,2,10,15,0,19,14
511,22,1662,40,100,60,66,130,37,66,29,22,130,40,80,40,0.002212464685659825,0.022499063957248374,46,87,41,1,3,2,10,2,11,75,19
512,84,84,58,58,0,186,186,70,70,0,84,84,58,58,0,0.006671431975220395,0.006671431975220395,60,60,0,-1,2,2,12,6,14,26,89
513,32,632,42,100,58,124,124,60,60,0,32,52,42,50,8,0.0013615167296368155,0.004935498144933456,41,54,13,2,3,3,14,2,25,52,35
514,6,212,28,91,63,26,34,31,33,2,6,12,28,32,4,0.00037441710065012424,0.0031314884781646754,32,46,14,3,4,4,9,1,31,4,90
515,46,147,51,82,31,84,84,59,59,0,46,47,51,51,0,0.003369753905851118,0.003437829742332959,50,50,0,5,2,2,5,2,52,61,58
516,128,744,80,100,20,200,200,79,79,0,128,158,80,85,5,0.006399128629293032,0.011198475101262807,57,71,14,2,2,2,12,5,3,47,38
517,0,206,1,92,91,0,27,1,27,26,0,8,1,32,31,0.0,0.0013955546478777359,1,41,40,3,-1,4,10,0,36,91,83
518,16,118,34,76,42,44,44,33,33,0,16,16,34,34,0,0.0002723033459273631,0.00034037918240920387,32,33,1,4,3,3,12,1,14,95,58
519,16,118,37,79,42,66,66,48,48,0,16,18,37,40,3,0.0037441710065012424,0.0037441710065012424,50,50,0,4,3,3,6,1,48,90,95
520,24,126,44,81,37,86,86,41,41,0,24,26,44,45,1,0.001497668402600497,0.0017359338302869397,41,42,1,4,3,3,11,3,38,43,55
521,34,240,45,93,48,86,86,43,43,0,34,40,45,47,2,0.002144388849177984,0.0026549576227917903,44,47,3,3,3,3,10,3,12,54,56
522,40,656,50,100,50,112,132,73,78,5,40,94,50,67,17,0.00442492937131965,0.013104598522754349,55,73,18,2,2,2,8,3,39,46,77
523,16,16,35,35,0,110,110,62,62,0,16,16,35,35,0,0.001940161339732462,0.001940161339732462,42,42,0,-1,3,3,10,1,22,53,76
524,160,262,85,94,9,176,176,85,85,0,160,162,87,87,0,0.01494264610776405,0.01501072194424589,78,78,0,4,2,2,8,8,42,17,65
525,141,341,85,96,11,80,80,68,68,0,80,80,72,72,0,0.022669253548452978,0.029408761360155213,85,87,2,3,3,3,5,15,88,16,8
526,416,622,97,99,2,272,272,95,95,0,272,272,95,95,0,0.03240409816535621,0.04115184315327275,92,95,3,3,2,2,11,27,5,10,39
527,0,0,1,1,0,0,0,1,1,0,0,0,1,1,0,0.0,0.0,1,1,0,-1,-1,-1,6,0,71,82,96
528,22,22,43,43,0,56,56,45,45,0,22,22,43,43,0,0.0021784267674189047,0.0021784267674189047,44,44,0,-1,3,3,6,2,48,52,86
529,51,667,53,100,47,50,60,46,48,2,50,60,53,56,3,0.004322815616596889,0.01929949964260186,51,82,31,2,3,3,5,6,50,35,12
530,100,100,69,69,0,100,100,55,55,0,100,100,69,69,0,0.03179141563701964,0.033935804486197624,91,91,0,2,1,1,8,8,30,17,54
531,0,102,1,74,73,0,6,1,26,25,0,2,1,26,25,0.0,0.0002042275094455223,1,30,29,4,-1,5,5,0,63,96,65
532,16,16,34,34,0,84,84,41,41,0,16,16,34,34,0,0.0009530617107457708,0.0009530617107457708,38,38,0,-1,3,3,12,2,14,42,86
533,50,256,62,95,33,28,28,44,44,0,28,28,51,51,0,0.005446066918547262,0.00878178290615746,54,69,15,3,3,3,3,5,92,47,90
534,100,100,59,59,0,100,100,40,40,0,100,100,59,59,0,0.028830116750059566,0.03226794649239253,91,92,1,3,1,1,15,18,7,5,35
535,14,116,40,80,40,26,26,37,37,0,14,16,40,40,0,0.001497668402600497,0.0022465026039007454,42,45,3,4,4,4,5,3,70,43,42
536,193,393,96,99,3,48,48,59,59,0,48,48,63,63,0,0.028659927158854966,0.03158718812757412,92,92,0,3,3,3,3,29,75,11,13
537,377,583,99,100,1,168,168,97,97,0,168,168,97,97,0,0.038428809693999116,0.04156029817216379,95,95,0,3,2,2,6,29,59,11,47
538,228,428,96,100,4,32,32,58,58,0,32,32,60,60,0,0.030566050580346504,0.040913577725586306,93,96,3,3,3,3,2,29,91,1,23
539,144,350,82,97,15,194,194,78,78,0,144,154,82,82,0,0.007692569522448007,0.008713707069675619,62,63,1,3,2,2,11,6,19,13,54
540,0,616,1,99,98,0,212,1,71,70,0,212,1,88,87,0.0,0.022703291466693896,1,87,86,2,-1,3,17,0,20,84,7
541,22,228,42,90,48,72,72,45,45,0,22,28,42,46,4,0.00176997174852786,0.0026889955410327104,45,46,1,3,3,3,7,2,24,83,71
542,0,616,1,100,99,0,94,1,44,43,0,94,1,59,58,0.0,0.03141699853636951,1,91,90,2,-1,3,9,0,29,59,2
543,0,616,1,100,99,0,86,1,35,34,0,39,1,44,43,0.0,0.003710133088260322,1,51,50,2,-1,3,15,0,7,76,22
544,0,102,1,77,76,0,6,1,24,23,0,2,1,24,23,0.0,0.00010211375472276115,1,29,28,4,-1,5,5,1,50,45,60
545,100,100,64,64,0,100,100,44,44,0,100,100,64,64,0,0.02542632492596753,0.027264372510977228,85,88,3,2,1,1,13,9,13,31,61
546,0,0,1,1,0,0,0,1,1,0,0,0,1,1,0,0.0,0.0,1,1,0,-1,-1,-1,10,0,12,76,93
547,0,206,1,92,91,0,30,1,29,28,0,7,1,33,32,0.0,0.00037441710065012424,1,32,31,3,-1,4,12,0,6,85,56
548,220,820,90,100,10,270,270,87,87,0,220,221,90,90,0,0.012219612648490419,0.012594029749140543,70,72,2,2,2,2,14,9,17,31,56
549,128,334,83,97,14,104,104,86,86,0,104,104,86,86,0,0.016406276592123625,0.020558902617515914,79,83,4,3,2,2,5,13,45,33,62
550,0,0,1,1,0,0,0,1,1,0,0,0,1,1,0,0.0,0.0,1,1,0,-1,-1,-1,13,0,13,91,99
551,196,298,87,96,9,120,120,85,85,0,120,120,87,87,0,0.020695054290479593,0.020933319718166036,82,82,0,4,2,2,6,18,74,5,49
552,2,2,27,27,0,9,9,27,27,0,2,2,27,27,0,3.4037918240920386e-05,3.4037918240920386e-05,26,26,0,-1,5,5,8,1,21,68,93
553,0,0,1,1,0,0,0,1,1,0,0,0,1,1,0,0.0,0.0,1,1,0,-1,-1,-1,6,0,32,80,93
554,100,100,72,72,0,100,100,71,71,0,100,100,75,75,0,0.06807583648184078,0.06807583648184078,100,100,0,-1,1,1,6,29,32,0,98
555,167,367,93,100,7,48,48,70,70,0,48,48,72,72,0,0.026855917492086184,0.04183260151809115,91,96,5,3,3,3,3,29,94,0,1
556,6,107,32,81,49,18,18,35,35,0,6,7,32,36,4,0.0006467204465774873,0.0006807583648184077,35,35,0,5,4,4,3,1,87,49,58
557,0,206,1,91,90,0,18,1,31,30,0,14,1,35,34,0.0,0.002757071377514551,1,48,47,3,-1,4,5,0,52,80,73
558,76,76,61,61,0,96,96,60,60,0,76,76,61,61,0,0.01065386840940808,0.01065386840940808,69,69,0,-1,3,3,6,6,44,77,59
559,84,84,64,64,0,110,110,80,80,0,84,84,63,63,0,0.006875659484665918,0.006875659484665918,63,63,0,-1,2,2,6,6,48,28,97
560,0,0,1,1,0,0,0,1,1,0,0,0,1,1,0,0.0,0.0,1,1,0,-1,-1,-1,8,0,39,92,99
561,158,158,94,94,0,46,46,83,83,0,46,46,83,83,0,0.02917049593246877,0.02917049593246877,94,94,0,-1,2,2,2,22,99,9,97
562,2,2,27,27,0,9,9,27,27,0,2,2,27,27,0,3.4037918240920386e-05,3.4037918240920386e-05,26,26,0,-1,5,5,8,1,21,68,67
563,270,476,95,100,5,104,104,86,86,0,104,104,87,87,0,0.032063718982947,0.037543823819735186,92,94,2,3,2,2,5,30,49,7,62
564,104,720,79,100,21,134,134,90,90,0,104,134,84,90,6,0.012083460975526737,0.02917049593246877,73,89,16,2,2,2,6,5,32,25,23
565,85,701,60,100,40,134,134,66,66,0,85,110,60,74,14,0.006875659484665918,0.010347527145239796,61,66,5,2,2,2,10,6,22,35,41
566,0,616,1,100,99,0,60,1,38,37,0,43,1,52,51,0.0,0.0061949011198475104,1,60,59,2,-1,3,9,0,23,97,31
567,32,32,52,52,0,44,44,50,50,0,32,32,52,52,0,0.002110350930937064,0.002110350930937064,46,46,0,-1,3,3,4,2,84,52,82
568,0,616,1,100,99,0,38,1,37,36,0,38,1,49,48,0.0,0.006603356138738555,1,60,59,2,-1,3,6,0,48,99,24
569,377,377,99,99,0,168,168,97,97,0,168,168,97,97,0,0.038428809693999116,0.038428809693999116,95,95,0,-1,2,2,6,29,59,11,66
570,22,22,47,47,0,44,44,48,48,0,22,22,47,47,0,0.0014295925661186562,0.0014295925661186562,43,43,0,-1,3,3,4,2,47,61,92
571,37,653,54,100,46,56,86,45,56,11,37,86,54,63,9,0.0048674223084516155,0.030566050580346504,57,90,33,2,3,3,6,6,44,35,0
572,144,144,79,79,0,198,198,83,83,0,144,144,79,79,0,0.012900371013308825,0.012900371013308825,75,75,0,-1,2,2,10,6,0,77,67
573,0,0,1,1,0,0,0,1,1,0,0,0,1,1,0,0.0,0.0,1,1,0,-1,-1,-1,4,0,77,91,67
574,0,616,1,100,99,0,60,1,37,36,0,42,1,54,53,0.0,0.00803294870485721,1,61,60,2,-1,3,9,0,28,91,77
575,86,1726,67,100,33,54,78,53,72,19,54,78,57,72,15,0.006943735321147759,0.04128799482623643,61,95,34,1,3,2,4,6,79,13,19
576,18,1658,43,100,57,36,74,38,57,19,18,74,43,61,18,0.0018040096667687805,0.038258620102794516,44,94,50,1,3,2,5,2,61,83,30
577,40,656,50,100,50,110,144,60,70,10,40,100,50,61,11,0.003812246842983083,0.011198475101262807,54,69,15,2,2,2,10,3,11,46,48
578,0,206,1,94,93,0,12,1,31,30,0,12,1,36,35,0.0,0.00803294870485721,1,63,62,3,-1,4,2,0,91,98,77
579,400,400,98,98,0,128,128,90,90,0,128,128,90,90,0,0.041219918989754585,0.041219918989754585,94,94,0,-1,2,2,5,40,61,3,40
580,0,616,1,100,99,0,62,1,35,34,0,39,1,50,49,0.0,0.005377991082065421,1,55,54,2,-1,3,10,1,36,45,57
581,168,168,86,86,0,180,180,80,80,0,180,180,87,87,0,0.013036522686272508,0.013036522686272508,72,72,0,-1,2,2,11,14,38,32,91
582,100,100,78,78,0,100,100,96,96,0,100,100,96,96,0,0.08325674801729126,0.08335886177201403,100,100,0,4,1,1,3,27,81,10,88
583,100,100,60,60,0,100,100,52,52,0,100,100,60,60,0,0.02403077027808979,0.02719629667449539,86,89,3,2,1,1,9,6,29,26,54
584,54,260,56,93,37,60,60,55,55,0,54,60,55,59,4,0.00704584907587052,0.011845195547840293,60,72,12,3,3,3,5,4,70,72,44
585,0,206,1,96,95,0,14,1,32,31,0,14,1,40,39,0.0,0.005037611899656217,1,56,55,3,-1,4,3,0,75,86,24
586,344,944,98,100,2,96,96,90,90,0,96,96,90,90,0,0.0530991524558358,0.07307941046325607,97,99,2,2,2,2,3,36,82,2,1
587,100,100,63,63,0,100,100,47,47,0,100,100,63,63,0,0.016610504101569147,0.016610504101569147,81,81,0,-1,1,1,10,2,36,58,40
588,6,6,33,33,0,11,11,33,33,0,6,6,33,33,0,0.0002042275094455223,0.0002042275094455223,32,32,0,-1,4,4,4,1,72,4,50
589,0,206,1,93,92,0,10,1,31,30,0,8,1,35,34,0.0,0.001497668402600497,1,44,43,3,-1,4,3,0,60,67,52
590,0,206,1,88,87,0,28,1,32,31,0,12,1,35,34,0.0,0.002314578440382586,1,45,44,3,-1,4,8,0,10,67,75
591,172,172,95,95,0,22,22,54,54,0,22,22,54,54,0,0.02644746247319514,0.02644746247319514,90,90,0,-1,3,3,2,29,99,0,82
592,6,1646,30,100,70,19,102,30,65,35,6,102,30,75,45,0.00017018959120460194,0.02835358589468668,30,89,59,1,4,2,8,1,21,60,18
593,0,616,1,100,99,0,22,1,41,40,0,22,1,45,44,0.0,0.017257224548146634,1,84,83,2,-1,3,2,0,68,66,16
594,16,222,38,90,52,42,42,40,40,0,16,22,38,44,6,0.001157289220191293,0.002552843868069029,39,48,9,3,3,3,6,1,74,71,53
595,494,2134,99,100,1,240,264,98,99,1,240,264,98,99,1,0.04785731304673406,0.06790564689063616,97,100,3,1,2,2,9,36,29,2,33
596,0,101,1,76,75,0,11,1,25,24,0,1,1,25,24,0.0,6.807583648184077e-05,1,27,26,5,-1,6,11,0,38,81,78
597,324,1964,97,100,3,176,200,90,94,4,176,200,91,94,3,0.03315293236665646,0.05139725654378978,92,98,6,1,2,2,8,27,21,10,24
598,206,822,89,100,11,166,166,87,87,0,166,166,91,91,0,0.019878144252697506,0.023622315259198747,79,87,8,2,2,2,8,18,10,30,35
599,222,222,91,91,0,256,256,94,94,0,222,222,92,92,0,0.022601177711971135,0.022601177711971135,84,84,0,-1,2,2,10,12,11,37,85
600,16,222,32,90,58,43,66,33,35,2,16,38,32,45,13,0.0002042275094455223,0.003437829742332959,29,48,19,3,3,3,14,1,17,95,35
601,100,100,63,63,0,100,100,47,47,0,100,100,63,63,0,0.034854828278702475,0.04203682902753668,91,94,3,2,1,1,10,17,36,6,48
602,102,1742,75,100,25,176,200,74,80,6,102,200,75,91,16,0.012253650566731339,0.03812246842983083,73,93,20,1,3,2,11,8,19,20,9
603,81,697,76,100,24,56,56,82,82,0,56,56,82,82,0,0.013002484768031588,0.029034344259505088,75,93,18,2,2,2,2,8,89,44,16
604,172,788,87,100,13,120,120,90,90,0,120,120,90,90,0,0.02757071377514551,0.040028591851322376,87,96,9,2,2,2,6,19,69,15,6
605,0,0,1,1,0,0,0,1,1,0,0,0,1,1,0,0.0,0.0,1,1,0,-1,-1,-1,8,0,21,84,81
606,0,206,1,89,88,0,18,1,32,31,0,16,1,35,34,0.0,0.004493005207801491,1,55,54,3,-1,4,5,0,61,36,38
607,0,616,1,100,99,0,176,1,62,61,0,176,1,87,86,0.0,0.019163347969638176,1,80,79,2,-1,3,16,0,4,59,9
608,0,616,1,100,99,0,52,1,44,43,0,52,1,51,50,0.0,0.008407365805507334,1,66,65,2,-1,3,6,0,59,79,31
609,0,206,1,86,85,0,18,1,27,26,0,8,1,33,32,0.0,0.0011232513019503727,1,36,35,3,-1,4,8,0,27,89,51
610,0,101,1,82,81,0,4,1,25,24,0,1,1,25,24,0.0,0.0,1,1,0,5,-1,6,4,0,78,98,95
611,363,363,97,97,0,168,168,96,96,0,168,168,96,96,0,0.036624800027230335,0.036624800027230335,92,92,0,-1,2,2,6,30,48,7,98
612,100,100,70,70,0,100,100,53,53,0,100,100,70,70,0,0.032506211920078965,0.03284659110248817,88,88,0,3,1,1,9,14,31,14,88
613,166,782,84,100,16,134,134,89,89,0,134,134,90,90,0,0.014908608189523128,0.01746145205759216,76,79,3,2,2,2,6,13,41,33,53
614,0,616,1,100,99,0,52,1,39,38,0,52,1,55,54,0.0,0.009836958371625992,1,68,67,2,-1,3,7,0,24,67,33
615,40,40,47,47,0,71,71,33,33,0,40,40,47,47,0,0.001497668402600497,0.001497668402600497,40,40,0,-1,2,2,16,1,4,95,66
616,164,780,86,100,14,142,142,76,76,0,142,142,84,84,0,0.011368664692467409,0.016984921202219273,72,79,7,2,2,2,8,13,30,24,57
617,282,1882,94,100,6,296,296,90,90,0,296,296,94,94,0,0.02396269444160795,0.04928690561285272,87,99,12,1,2,2,14,15,25,16,7
618,0,616,1,100,99,0,36,1,35,34,0,36,1,48,47,0.0,0.004833384390210695,1,52,51,2,-1,3,5,0,50,67,13
619,227,227,92,92,0,144,144,94,94,0,144,144,94,94,0,0.02831954797644576,0.02831954797644576,90,90,0,-1,2,2,6,20,71,23,86
620,134,236,80,93,13,176,176,85,85,0,134,136,80,81,1,0.011300588855985567,0.011368664692467409,74,74,0,4,2,2,8,7,42,21,65
621,304,304,96,96,0,152,152,100,100,0,152,152,100,100,0,0.037373634228530586,0.037373634228530586,94,94,0,-1,2,2,5,22,49,9,67
622,80,286,70,98,28,38,38,57,57,0,38,38,59,59,0,0.009122162088566664,0.010007147962830594,66,69,3,3,3,3,3,9,55,31,54
623,144,144,83,83,0,176,176,85,85,0,144,144,86,86,0,0.00881582082439838,0.00881582082439838,66,66,0,-1,2,2,8,6,30,13,50
624,100,100,73,73,0,100,100,87,87,0,100,100,87,87,0,0.055243541305013785,0.06028115320467,98,100,2,2,1,1,4,15,79,19,28
625,22,638,41,100,59,40,50,40,45,5,22,40,41,48,7,0.0019741992579733825,0.006671431975220395,45,57,12,2,3,3,5,2,50,52,75
626,0,0,1,1,0,0,0,1,1,0,0,0,1,1,0,0.0,0.0,1,1,0,-1,-1,-1,9,0,23,81,76
627,16,222,36,90,54,34,42,36,36,0,16,42,36,50,14,0.0006467204465774873,0.00704584907587052,35,58,23,3,3,3,6,1,71,49,8
628,386,1002,98,100,2,374,374,99,99,0,374,374,99,99,0,0.026107083290785937,0.0374076721467715,88,96,8,2,2,2,15,19,7,15,6
629,28,130,50,80,30,78,78,47,47,0,28,30,50,50,0,0.001599782157323258,0.0018040096667687805,43,44,1,4,3,3,8,3,30,43,55
630,22,22,47,47,0,22,22,42,42,0,22,22,46,46,0,0.004016474352428605,0.004016474352428605,54,54,0,-1,3,3,2,3,68,29,87
631,22,638,47,100,53,56,56,47,47,0,22,56,47,59,12,0.0019061234214915416,0.008577555396711936,44,67,23,2,3,3,6,2,32,52,24
632,2,618,27,100,73,4,28,27,45,18,2,28,27,52,25,0.0,0.023281936076789543,1,87,86,2,5,3,3,1,81,68,0
633,362,362,98,98,0,280,280,98,98,0,280,280,98,98,0,0.025188059498281085,0.025188059498281085,87,87,0,-1,2,2,10,19,0,15,59
634,0,616,1,100,99,0,110,1,60,59,0,110,1,78,77,0.0,0.017155110793423873,1,82,81,2,-1,3,10,0,1,89,16
635,244,450,94,99,5,206,206,95,95,0,206,206,95,95,0,0.021818305592429966,0.024269035705776234,82,87,5,3,2,2,9,18,26,5,22
636,0,206,1,92,91,0,22,1,33,32,0,22,1,47,46,0.0,0.007284114503556962,1,61,60,3,-1,4,5,0,70,87,32
637,34,1674,46,100,54,78,122,44,68,24,34,122,46,78,32,0.0016678579938050988,0.022226760611321013,39,83,44,1,3,2,8,4,27,64,8
638,40,142,44,84,40,128,128,59,59,0,40,40,44,44,0,0.0019741992579733825,0.0019741992579733825,43,43,0,4,2,2,14,1,8,71,68
639,87,293,73,98,25,54,54,60,60,0,54,54,62,62,0,0.009632730862180468,0.012696143503863304,68,76,8,3,3,3,4,14,78,32,26
640,84,700,58,100,42,186,186,70,70,0,84,107,58,75,17,0.006671431975220395,0.009224275843289425,60,63,3,2,2,2,12,6,14,26,64
641,142,742,81,100,19,120,120,78,78,0,120,120,78,78,0,0.01667857993805099,0.02127369890057524,78,83,5,2,2,2,6,9,41,39,38
642,0,616,1,100,99,0,120,1,58,57,0,85,1,56,55,0.0,0.013921508560536438,1,73,72,2,-1,3,15,0,7,36,37
643,100,100,61,61,0,100,100,43,43,0,100,100,61,61,0,0.024881718234112803,0.024881718234112803,87,87,0,-1,1,1,12,15,2,19,69
644,16,117,42,85,43,24,24,42,42,0,16,17,42,44,2,0.0007147962830593281,0.0007488342013002485,37,38,1,6,3,3,3,1,75,88,58
645,0,616,1,100,99,0,78,1,37,36,0,78,1,56,55,0.0,0.0123557643214541,1,74,73,2,-1,3,12,0,3,67,18
646,0,206,1,96,95,0,12,1,34,33,0,12,1,42,41,0.0,0.010347527145239796,1,68,67,3,-1,4,2,0,86,80,5
647,0,616,1,100,99,0,42,1,39,38,0,42,1,52,51,0.0,0.007182000748834201,1,61,60,2,-1,3,6,0,74,67,31
648,80,696,58,100,42,130,130,65,65,0,80,96,58,62,4,0.006092787365124749,0.00878178290615746,57,66,9,2,3,3,10,6,36,26,46
649,0,0,1,1,0,0,0,1,1,0,0,0,1,1,0,0.0,0.0,1,1,0,-1,-1,-1,6,0,32,99,89
650,77,693,71,100,29,48,48,66,66,0,48,48,67,67,0,0.009054086252084823,0.026107083290785937,68,88,20,2,3,3,3,8,76,57,18
651,233,849,93,100,7,182,182,88,88,0,182,182,92,92,0,0.02491575615235372,0.04278566322883692,88,95,7,2,2,2,9,20,29,23,9
652,158,774,85,100,15,190,190,93,93,0,158,190,87,93,6,0.010177337554035196,0.0141938119064638,67,78,11,2,2,2,8,6,15,13,47
653,18,18,43,43,0,30,30,39,39,0,18,18,43,43,0,0.0020763130126961434,0.0020763130126961434,46,46,0,-1,4,4,5,3,37,54,96
654,97,97,80,80,0,32,32,63,63,0,32,32,64,64,0,0.01861874127778345,0.01861874127778345,83,83,0,-1,3,3,2,12,86,37,66
655,64,64,57,57,0,128,128,69,69,0,64,64,57,57,0,0.007692569522448007,0.007692569522448007,62,62,0,-1,3,3,8,4,30,38,85
656,6,107,33,78,45,22,22,35,35,0,6,7,33,36,3,0.0006126825283365669,0.0006467204465774873,37,37,0,6,4,4,5,2,49,42,58
657,0,616,1,100,99,0,60,1,48,47,0,60,1,53,52,0.0,0.013376901868681712,1,76,75,2,-1,3,5,1,52,45,19
658,76,692,62,100,38,76,86,57,61,4,76,86,61,64,3,0.005956635692161067,0.028796078831818644,58,89,31,2,3,3,6,6,74,13,7
659,189,189,92,92,0,120,120,90,90,0,120,120,90,90,0,0.02392865652336703,0.02392865652336703,85,85,0,-1,2,2,6,16,69,18,93
660,106,312,73,95,22,148,148,76,76,0,106,148,73,87,14,0.00878178290615746,0.010109261717553355,66,69,3,3,2,2,9,8,29,57,70
661,90,296,67,99,32,88,88,84,84,0,88,88,84,84,0,0.012764219340345145,0.02032063718982947,73,84,11,3,2,2,4,6,67,77,25
662,6,212,32,94,62,18,30,32,40,8,6,26,32,48,16,0.00037441710065012424,0.005582218591510943,34,56,22,3,4,4,5,1,45,4,72
663,100,100,81,81,0,100,100,96,96,0,100,100,96,96,0,0.050954763606657814,0.055413730896218386,98,99,1,3,1,1,3,1,92,45,48
664,129,335,82,97,15,104,104,80,80,0,104,104,81,81,0,0.01865277919602437,0.026719765819122502,80,89,9,3,2,2,5,12,63,37,14
665,0,206,1,93,92,0,13,1,33,32,0,6,1,30,29,0.0,0.002723033459273631,1,47,46,3,-1,4,3,0,55,76,90
666,6,6,27,27,0,24,24,36,36,0,6,6,27,27,0,0.003369753905851118,0.003369753905851118,46,46,0,-1,4,4,4,1,67,90,96
667,432,432,99,99,0,200,200,93,93,0,200,200,93,93,0,0.037373634228530586,0.037373634228530586,97,97,0,-1,2,2,8,30,27,7,40
668,62,62,52,52,0,206,206,71,71,0,62,62,52,52,0,0.0035739814152966403,0.0035739814152966403,52,52,0,-1,2,2,17,6,20,70,40
669,46,252,58,97,39,22,22,48,48,0,22,22,51,51,0,0.007726607440688927,0.012559991830899623,63,75,12,3,3,3,2,7,95,21,57
670,12,12,40,40,0,14,14,37,37,0,12,12,40,40,0,0.0012594029749140542,0.0012594029749140542,39,39,0,-1,4,4,3,3,81,51,66
671,12,628,39,100,61,20,44,35,49,14,12,44,39,56,17,0.0009530617107457708,0.018210286258892407,39,82,43,2,4,3,4,2,73,74,5
672,32,134,41,80,39,52,52,40,40,0,32,34,41,44,3,0.0029612988869600733,0.002995336805200994,43,43,0,4,3,3,6,2,51,75,95
673,0,102,1,75,74,0,10,1,27,26,0,3,1,28,27,0.0,0.0011913271384322134,1,38,37,4,-1,5,5,0,80,36,83
674,0,0,1,1,0,0,0,1,1,0,0,0,1,1,0,0.0,0.0,1,1,0,-1,-1,-1,6,1,65,45,67
675,28,644,49,100,51,34,44,39,48,9,28,44,49,53,4,0.0021784267674189047,0.006977773239388679,45,60,15,2,3,3,4,3,53,54,29
676,32,238,46,92,46,152,152,67,67,0,32,38,46,47,1,0.004833384390210695,0.005071649817897137,56,56,0,3,3,3,12,3,14,29,95
677,0,616,1,100,99,0,104,1,54,53,0,46,1,49,48,0.0,0.006262976956329351,1,58,57,2,-1,3,14,0,8,93,25
678,0,206,1,92,91,0,28,1,35,34,0,28,1,47,46,0.0,0.007147962830593281,1,60,59,3,-1,4,6,0,69,76,27
679,40,246,47,91,44,45,66,39,43,4,40,66,47,56,9,0.006977773239388679,0.014636304843595765,56,78,22,3,2,2,6,1,51,78,44
680,32,238,47,93,46,84,84,46,46,0,32,51,47,54,7,0.0020422750944552232,0.005684332346233704,43,54,11,3,3,3,9,2,26,52,22
681,100,100,60,60,0,100,100,50,50,0,100,100,60,60,0,0.029647026787841656,0.04043704687021342,91,93,2,2,1,1,9,8,28,20,5
682,290,890,95,100,5,134,134,91,91,0,134,134,92,92,0,0.03151911229109228,0.03710133088260322,93,95,2,2,2,2,6,27,71,10,34
683,198,798,96,100,4,32,32,63,63,0,32,32,65,65,0,0.029681064706082574,0.054698934613159056,92,97,5,2,3,3,2,30,98,7,3
684,0,206,1,90,89,0,26,1,34,33,0,20,1,44,43,0.0,0.005105687736138058,1,56,55,3,-1,4,5,0,80,84,25
685,27,27,53,53,0,14,14,34,34,0,14,14,40,40,0,0.003608019333537561,0.003608019333537561,51,51,0,-1,4,4,3,6,55,35,66
686,219,835,91,100,9,184,184,78,78,0,184,184,87,87,0,0.022328874366043774,0.024779604479390042,85,87,2,2,2,2,10,20,18,23,54
687,0,206,1,90,89,0,13,1,27,26,0,7,1,33,32,0.0,0.0002723033459273631,1,32,31,3,-1,4,5,0,50,89,56
688,18,18,41,41,0,74,74,40,40,0,18,18,41,41,0,0.0006467204465774873,0.0006467204465774873,37,37,0,-1,3,3,11,2,19,56,97
689,0,0,1,1,0,0,0,1,1,0,0,0,1,1,0,0.0,0.0,1,1,0,-1,-1,-1,4,0,72,36,87
690,6,6,34,34,0,24,24,37,37,0,6,6,34,34,0,0.0015657442390823377,0.0015657442390823377,44,44,0,-1,4,4,4,1,77,71,98
691,16,632,38,100,62,33,62,33,39,6,16,40,38,48,10,0.00013615167296368154,0.005548180673270023,31,55,24,2,3,3,9,1,54,95,73
692,16,16,35,35,0,138,138,61,61,0,16,16,35,35,0,0.003880322679464924,0.003880322679464924,52,52,0,-1,3,3,13,1,13,90,69
693,22,638,48,100,52,28,38,45,50,5,22,38,49,53,4,0.0012253650566731338,0.006773545729943157,37,57,20,2,3,3,3,2,94,74,54
694,214,420,92,100,8,102,102,93,93,0,102,102,93,93,0,0.02644746247319514,0.031076619353960312,88,89,1,3,2,2,4,16,84,12,48
695,0,206,1,90,89,0,38,1,35,34,0,16,1,35,34,0.0,0.004833384390210695,1,52,51,3,-1,4,7,1,43,69,72
696,0,0,1,1,0,0,0,1,1,0,0,0,1,1,0,0.0,0.0,1,1,0,-1,-1,-1,15,0,7,87,98
697,22,622,46,100,54,34,34,44,44,0,22,34,46,54,8,0.0036760951700194017,0.008237176214302734,52,67,15,2,3,3,4,2,72,83,73
698,2,618,27,100,73,6,40,27,44,17,2,40,27,51,24,6.807583648184077e-05,0.014398039415909322,27,77,50,2,5,3,5,1,37,78,18
699,26,232,45,92,47,56,56,44,44,0,26,34,45,46,1,0.0038462847612240037,0.004901460226692535,48,50,2,3,3,3,6,6,56,73,51
700,178,794,93,100,7,32,32,58,58,0,32,32,59,59,0,0.020831205963443275,0.042955852820041523,86,96,10,2,3,3,2,19,68,15,11
701,100,100,69,69,0,100,100,69,69,0,100,100,71,71,0,0.06028115320467,0.06862044317369549,98,98,0,2,1,1,6,27,34,10,20
702,81,81,75,75,0,22,22,49,49,0,22,22,50,50,0,0.015351101126655093,0.015351101126655093,78,78,0,-1,3,3,2,17,93,6,36
703,2,2,27,27,0,4,4,27,27,0,2,2,27,27,0,0.0,0.0,1,1,0,-1,5,5,3,1,81,68,59
704,16,222,34,89,55,70,74,37,38,1,16,22,34,40,6,0.0006807583648184077,0.0008169100377820892,36,36,0,3,3,3,11,1,33,49,95
705,25,225,52,96,44,22,22,48,48,0,22,22,51,51,0,0.004288777698355968,0.012559991830899623,53,75,22,3,3,3,2,6,95,73,37
706,100,100,59,59,0,100,100,45,45,0,100,100,59,59,0,0.047789237210252224,0.047789237210252224,96,96,0,-1,1,1,10,22,0,9,86
707,0,616,1,100,99,0,34,1,43,42,0,34,1,51,50,0.0,0.015419176963136935,1,80,79,2,-1,3,4,0,47,97,6
708,18,118,43,78,35,42,42,39,39,0,18,21,43,44,1,0.0013955546478777359,0.0020422750944552232,39,45,6,4,3,3,6,2,59,74,43
709,76,178,73,93,20,56,56,84,84,0,56,56,85,85,0,0.016236087000919025,0.018210286258892407,81,83,2,4,2,2,2,5,98,25,73
710,6,6,34,34,0,12,12,39,39,0,6,6,34,34,0,0.0017359338302869397,0.0017359338302869397,44,44,0,-1,4,4,2,1,97,53,76
711,0,206,1,91,90,0,32,1,33,32,0,6,1,31,30,0.0,0.0020422750944552232,1,45,44,3,-1,4,6,0,44,97,46
712,40,656,48,99,51,102,112,57,59,2,40,58,48,55,7,0.003914360597705844,0.005582218591510943,53,55,2,2,3,3,12,6,6,73,61
713,40,246,48,94,46,124,124,63,63,0,40,47,48,52,4,0.0040845501889104465,0.00442492937131965,50,51,1,3,2,2,10,3,12,46,63
714,0,206,1,92,91,0,15,1,29,28,0,6,1,29,28,0.0,0.0008509479560230097,1,36,35,3,-1,4,6,0,65,87,71
715,116,732,76,100,24,176,176,74,74,0,116,132,76,81,5,0.009292351679771264,0.012764219340345145,66,70,4,2,2,2,12,7,2,48,90
716,0,206,1,93,92,0,50,1,38,37,0,36,1,47,46,0.0,0.006637394056979475,1,61,60,3,-1,4,9,0,23,86,21
717,42,143,51,81,30,96,96,56,56,0,42,43,51,51,0,0.0026889955410327104,0.002723033459273631,47,47,0,5,2,2,7,2,43,61,58
718,82,288,74,98,24,48,48,68,68,0,48,48,69,69,0,0.012832295176826986,0.014364001497668403,76,76,0,3,3,3,3,8,81,17,53
719,100,100,63,63,0,100,100,56,56,0,100,100,63,63,0,0.07488342013002484,0.0761428231049389,100,100,0,3,1,1,7,36,24,2,51
720,64,64,56,56,0,146,146,68,68,0,64,64,56,56,0,0.007147962830593281,0.007147962830593281,58,58,0,-1,3,3,11,7,33,62,66
721,0,616,1,100,99,0,38,1,37,36,0,38,1,49,48,0.0,0.008509479560230097,1,66,65,2,-1,3,6,0,59,91,8
722,100,100,63,63,0,144,144,70,70,0,100,100,63,63,0,0.010109261717553355,0.010109261717553355,69,69,0,-1,2,2,10,6,36,35,66
723,0,0,1,1,0,0,0,1,1,0,0,0,1,1,0,0.0,0.0,1,1,0,-1,-1,-1,10,0,36,82,92
724,112,728,76,100,24,220,220,84,84,0,112,220,76,91,15,0.008169100377820893,0.02042275094455223,62,83,21,2,2,2,12,4,14,72,12
725,0,0,1,1,0,0,0,1,1,0,0,0,1,1,0,0.0,0.0,1,1,0,-1,-1,-1,3,1,60,69,98
726,40,656,50,100,50,57,90,43,55,12,40,84,50,59,9,0.004186663943633207,0.010687906327649,53,68,15,2,2,2,6,1,40,55,72
727,184,390,87,96,9,144,144,88,88,0,144,144,88,88,0,0.013410939786922631,0.014500153170632085,76,79,3,3,2,2,6,13,44,24,61
728,0,206,1,95,94,0,10,1,30,29,0,9,1,34,33,0.0,0.0013274788113958951,1,38,37,3,-1,4,3,0,94,82,43
729,37,243,47,93,46,46,46,38,38,0,37,46,47,50,3,0.004220701861874128,0.010790020082371761,50,67,17,3,3,3,6,6,71,35,8
730,0,0,1,1,0,0,0,1,1,0,0,0,1,1,0,0.0,0.0,1,1,0,-1,-1,-1,12,0,3,84,89
731,16,632,35,100,65,92,102,53,63,10,16,102,35,71,36,0.00442492937131965,0.019639878825011062,55,82,27,2,3,3,7,1,24,90,18
732,128,1768,82,100,18,90,124,71,95,24,90,124,73,95,22,0.01412573606998196,0.054494707103713534,77,99,22,1,2,2,6,14,69,32,3
733,0,206,1,96,95,0,8,1,32,31,0,6,1,32,31,0.0,0.0013615167296368155,1,42,41,3,-1,4,2,1,86,50,94
734,0,616,1,100,99,0,34,1,42,41,0,34,1,51,50,0.0,0.007250076585316042,1,59,58,2,-1,3,4,0,83,36,27
735,176,277,86,94,8,174,174,76,76,0,174,174,87,87,0,0.014806494434800367,0.014806494434800367,75,75,0,5,2,2,10,13,22,33,68
736,0,616,1,100,99,0,110,1,57,56,0,110,1,71,70,0.0,0.024200959869294394,1,87,86,2,-1,3,10,0,0,84,11
737,76,76,60,60,0,96,96,63,63,0,76,76,62,62,0,0.012151536812008578,0.012151536812008578,72,72,0,-1,2,2,7,6,62,34,45
738,16,222,41,94,53,34,38,56,56,0,16,38,42,58,16,0.003948398515946765,0.01055175465468532,52,72,20,3,3,3,3,1,55,90,8
739,86,187,64,90,26,86,86,56,56,0,86,86,66,66,0,0.008713707069675619,0.00878178290615746,66,66,0,5,3,3,6,7,59,21,95
740,77,77,65,65,0,124,124,68,68,0,77,77,65,65,0,0.00789679703189353,0.00789679703189353,65,65,0,-1,3,3,9,8,31,44,97
741,8,8,38,38,0,8,8,33,33,0,8,8,38,38,0,0.001055175465468532,0.001055175465468532,41,41,0,-1,4,4,2,3,90,51,99
742,16,16,36,36,0,68,68,42,42,0,16,16,36,36,0,0.0023486163586235067,0.0023486163586235067,45,45,0,-1,3,3,8,1,39,53,79
743,0,1640,1,100,99,0,92,1,52,51,0,92,1,65,64,0.0,0.024983831988835564,1,86,85,1,-1,2,8,0,57,86,19
744,100,100,66,66,0,100,100,49,49,0,100,100,66,66,0,0.03563770039824364,0.03577385207120733,93,93,0,4,1,1,9,18,54,5,60
745,8,110,38,86,48,8,8,33,33,0,8,8,38,38,0,0.001055175465468532,0.005718370264474625,41,60,19,4,4,4,2,3,90,51,34
746,0,0,1,1,0,0,0,1,1,0,0,0,1,1,0,0.0,0.0,1,1,0,-1,-1,-1,6,0,32,36,99
747,36,138,50,81,31,84,84,46,46,0,36,38,50,50,0,0.004969536063174376,0.005105687736138058,56,56,0,4,3,3,9,6,28,73,4
748,0,1640,1,100,99,0,128,1,60,59,0,111,1,79,78,0.0,0.016372238673882704,1,77,76,1,-1,2,13,0,13,93,32
749,22,638,48,100,52,34,44,43,47,4,22,44,48,53,5,0.002314578440382586,0.010892133837094524,48,70,22,2,3,3,4,2,83,75,20
750,40,40,50,50,0,78,78,40,40,0,40,40,50,50,0,0.002144388849177984,0.002144388849177984,45,45,0,-1,2,2,10,2,22,42,97
751,0,0,1,1,0,0,0,1,1,0,0,0,1,1,0,0.0,0.0,1,1,0,-1,-1,-1,11,0,19,99,50
752,49,665,52,100,48,76,96,49,56,7,49,96,52,63,11,0.004050512270669526,0.013853432724054596,51,76,25,2,3,3,6,4,40,22,27
753,144,144,81,81,0,198,198,82,82,0,144,144,81,81,0,0.012491915994417782,0.012491915994417782,71,71,0,-1,2,2,10,6,18,77,89
754,0,616,1,100,99,0,52,1,35,34,0,28,1,43,42,0.0,0.002927260968719153,1,45,44,2,-1,3,9,0,31,98,70
755,244,860,89,100,11,176,176,88,88,0,176,176,88,88,0,0.021239660982334322,0.02474556656114912,83,86,3,2,2,2,8,17,27,6,35
756,223,823,97,100,3,56,56,88,88,0,56,56,88,88,0,0.038428809693999116,0.04670002382654277,96,97,1,2,2,2,2,29,93,1,33
757,1,1,26,26,0,4,4,26,26,0,1,1,26,26,0,3.4037918240920386e-05,3.4037918240920386e-05,27,27,0,-1,6,6,4,2,53,58,82
758,0,616,1,100,99,0,56,1,43,42,0,56,1,57,56,0.0,0.022805405221416657,1,88,87,2,-1,3,6,0,34,89,1
759,90,706,62,100,38,90,90,49,49,0,90,90,62,62,0,0.007182000748834201,0.0156914803090643,59,76,17,2,3,3,9,9,35,31,20
760,2,208,28,92,64,6,18,30,37,7,2,18,28,46,18,0.0,0.005173763572619898,1,60,59,3,5,4,3,1,76,95,21
761,493,1109,99,100,1,208,208,99,99,0,208,208,99,99,0,0.049763436468225605,0.05395010041185881,96,98,2,2,2,2,7,36,46,2,13
762,136,1776,80,100,20,246,290,74,82,8,136,290,80,96,16,0.009292351679771264,0.04394295244902822,64,96,32,1,2,2,17,7,20,48,2
763,1,1641,26,100,74,3,62,26,76,50,1,62,26,79,53,6.807583648184077e-05,0.05429047959426801,29,97,68,1,6,2,3,1,75,68,0
764,22,22,46,46,0,22,22,42,42,0,22,22,45,45,0,0.0017359338302869397,0.0017359338302869397,41,41,0,-1,3,3,2,2,91,61,85
765,0,616,1,100,99,0,38,1,60,59,0,38,1,62,61,0.0,0.018176248340651485,1,82,81,2,-1,3,3,0,81,97,12
766,56,158,66,92,26,22,22,52,52,0,22,22,54,54,0,0.008509479560230097,0.010381565063480718,65,68,3,4,3,3,2,9,86,31,90
767,100,100,67,67,0,100,100,57,57,0,100,100,67,67,0,0.031621226045815035,0.031621226045815035,90,90,0,-1,1,1,8,13,21,24,98
768,100,100,59,59,0,100,100,45,45,0,100,100,59,59,0,0.05262262160046292,0.057183702644746245,98,98,0,3,1,1,10,30,0,7,73
769,244,450,97,100,3,96,96,90,90,0,96,96,90,90,0,0.033935804486197624,0.03863303720344464,94,95,1,3,2,2,3,22,75,9,44
770,1,1,26,26,0,4,4,26,26,0,1,1,26,26,0,3.4037918240920386e-05,3.4037918240920386e-05,26,26,0,-1,6,6,4,2,47,58,99
771,16,632,33,100,67,34,86,33,54,21,16,86,33,59,26,0.0005446066918547262,0.02467749072466728,34,87,53,2,3,3,6,1,40,4,10
772,12,628,36,100,64,26,36,37,41,4,12,36,36,52,16,0.0011913271384322134,0.005003573981415297,40,56,16,2,4,3,5,3,70,51,41
773,32,648,50,100,50,40,40,45,45,0,30,40,50,51,1,0.003710133088260322,0.009939072126348753,50,69,19,2,3,3,5,6,37,41,62
774,0,206,1,92,91,0,22,1,33,32,0,22,1,43,42,0.0,0.004561081044283332,1,51,50,3,-1,4,5,0,37,93,57
775,0,0,1,1,0,0,0,1,1,0,0,0,1,1,0,0.0,0.0,1,1,0,-1,-1,-1,8,0,30,91,96
776,144,1744,84,100,16,182,182,88,88,0,144,182,87,91,4,0.013138636440995268,0.034854828278702475,73,94,21,1,2,2,9,6,29,77,12
777,134,750,83,100,17,76,76,51,51,0,76,76,63,63,0,0.010824058000612683,0.026855917492086184,70,90,20,2,3,3,6,14,59,32,15
778,94,710,67,100,33,86,86,65,65,0,86,86,68,68,0,0.011640968038394772,0.019197385887879097,69,80,11,2,3,3,6,9,71,27,34
779,34,634,55,100,45,32,32,69,69,0,32,32,69,69,0,0.003880322679464924,0.022328874366043774,53,87,34,2,3,3,2,3,93,54,5
780,0,101,1,70,69,0,6,1,24,23,0,1,1,24,23,0.0,0.0,1,1,0,5,-1,6,6,0,40,97,68
781,252,852,95,100,5,64,64,64,64,0,64,64,67,67,0,0.03100854351747847,0.037509785901494265,90,93,3,2,3,3,4,29,77,1,21
782,67,683,60,100,40,46,66,43,50,7,46,66,52,60,8,0.006297014874570271,0.03094046768099663,58,92,34,2,3,3,6,8,65,57,1
783,24,230,52,93,41,28,28,44,44,0,24,28,52,53,1,0.0020422750944552232,0.007147962830593281,47,64,17,3,3,3,3,4,76,64,72
784,190,806,91,100,9,230,230,87,87,0,190,206,91,91,0,0.014704380680077607,0.018176248340651485,76,80,4,2,2,2,12,13,6,33,90
785,155,361,91,100,9,56,56,86,86,0,56,56,86,86,0,0.022805405221416657,0.027740903366350114,86,89,3,3,2,2,2,16,95,12,44
786,22,638,43,100,57,68,78,41,46,5,22,56,43,52,9,0.0005786446100956465,0.006875659484665918,36,61,25,2,3,3,8,2,30,56,72
787,182,388,95,100,5,32,32,63,63,0,32,32,64,64,0,0.028455699649409444,0.031621226045815035,91,94,3,3,3,3,2,22,86,9,47
788,32,133,55,88,33,22,22,47,47,0,22,22,52,52,0,0.0046972327172470135,0.0046972327172470135,55,55,0,6,3,3,2,6,89,35,68
789,0,0,1,1,0,0,0,1,1,0,0,0,1,1,0,0.0,0.0,1,1,0,-1,-1,-1,3,0,64,96,79
790,173,173,90,90,0,110,110,81,81,0,110,110,85,85,0,0.015112835698968652,0.015112835698968652,79,79,0,-1,2,2,6,15,32,19,89
791,268,268,92,92,0,234,234,87,87,0,234,234,89,89,0,0.022635215630212056,0.022635215630212056,81,81,0,-1,2,2,12,16,2,12,36
792,145,145,81,81,0,188,188,83,83,0,145,145,81,81,0,0.009939072126348753,0.009939072126348753,69,69,0,-1,2,2,10,8,12,44,97
793,22,1662,43,100,57,98,132,41,60,19,22,63,43,54,11,0.0025188059498281084,0.010075223799312433,45,67,22,1,3,2,13,2,13,83,56
794,10,10,41,41,0,18,18,40,40,0,10,10,41,41,0,0.001157289220191293,0.001157289220191293,40,40,0,-1,4,4,3,3,92,43,79
795,330,530,97,100,3,104,104,85,85,0,104,104,86,86,0,0.03223390857415161,0.036488648354266656,91,94,3,3,2,2,5,29,37,1,31
796,112,1752,75,100,25,284,318,81,87,6,112,154,75,80,5,0.00803294870485721,0.016474352428605468,58,79,21,1,2,2,16,4,9,38,61
797,28,644,47,100,53,62,72,43,44,1,28,72,47,58,11,0.002110350930937064,0.012151536812008578,46,73,27,2,3,3,7,3,24,54,39
798,32,648,51,100,49,64,68,41,42,1,32,61,51,62,11,0.002586881786309949,0.009973110044589673,47,71,24,2,3,3,8,2,57,83,25
799,64,680,59,100,41,80,80,65,65,0,64,80,61,68,7,0.007420266176520644,0.016882807447496512,63,81,18,2,3,3,5,4,37,38,33
800,0,0,1,1,0,0,0,1,1,0,0,0,1,1,0,0.0,0.0,1,1,0,-1,-1,-1,2,0,90,67,99
801,1,207,25,92,67,3,18,25,37,12,1,18,25,46,21,0.0,0.012798257258586064,1,76,75,3,6,4,3,1,85,68,18
802,42,642,54,100,46,66,66,51,51,0,40,66,52,61,9,0.0034037918240920387,0.013955546478777357,52,77,25,2,3,3,6,6,34,41,5
803,100,100,71,71,0,100,100,76,76,0,100,100,77,77,0,0.031212771026923995,0.031212771026923995,91,91,0,-1,1,1,5,2,50,42,98
804,52,52,56,56,0,44,44,49,49,0,44,44,55,55,0,0.008577555396711936,0.008577555396711936,66,66,0,-1,3,3,4,6,79,34,86
805,128,728,80,100,20,232,232,76,76,0,128,144,80,84,4,0.007113924912352361,0.011164437183021887,62,70,8,2,2,2,14,6,8,26,35
806,100,100,73,73,0,100,100,82,82,0,100,100,82,82,0,0.05367779706593145,0.054324517512508934,99,99,0,4,1,1,5,18,88,5,51
807,64,166,56,87,31,120,120,62,62,0,64,69,56,56,0,0.006501242384015794,0.007556417849484326,60,61,1,4,3,3,10,4,36,38,43
808,16,616,41,100,59,50,50,50,50,0,16,50,41,54,13,0.0035739814152966403,0.025358249089485686,51,85,34,2,3,3,5,1,70,90,10
809,2,208,28,92,64,5,18,28,37,9,2,18,28,46,18,0.00017018959120460194,0.006637394056979475,31,61,30,3,5,4,3,1,76,60,25
810,252,252,92,92,0,238,238,89,89,0,238,238,91,91,0,0.020150447598624867,0.020150447598624867,84,84,0,-1,2,2,11,16,33,12,76
811,96,197,75,95,20,38,38,51,51,0,38,38,54,54,0,0.009258313761530345,0.009462541270975866,67,67,0,5,3,3,3,13,94,24,88
812,32,648,49,100,51,70,70,59,59,0,32,70,49,66,17,0.004050512270669526,0.013036522686272508,50,73,23,2,3,3,5,3,88,29,32
813,100,100,68,68,0,100,100,63,63,0,100,100,68,68,0,0.05888559855679227,0.05888559855679227,100,100,0,5,1,1,6,30,41,7,58
814,86,286,59,97,38,140,140,69,69,0,86,140,59,83,24,0.0063650907110521125,0.01330882603219987,59,75,16,3,3,3,10,6,36,13,33
815,25,25,46,46,0,56,56,48,48,0,25,25,46,46,0,0.00442492937131965,0.00442492937131965,51,51,0,-1,3,3,6,6,65,73,91
816,16,118,36,79,43,52,52,40,40,0,16,18,36,39,3,0.001940161339732462,0.002314578440382586,40,42,2,4,3,3,6,1,56,53,42
817,16,16,35,35,0,68,68,40,40,0,16,16,35,35,0,0.001157289220191293,0.001157289220191293,40,40,0,-1,3,3,8,1,15,71,85
818,0,616,1,100,99,0,56,1,38,37,0,56,1,54,53,0.0,0.00976888253514415,1,70,69,2,-1,3,9,0,35,96,14
819,16,632,44,100,56,24,34,40,46,6,15,34,44,54,10,0.0033357159876101976,0.010994247591817285,52,73,21,2,4,3,4,6,78,41,22
820,124,124,78,78,0,182,182,71,71,0,124,124,78,78,0,0.007726607440688927,0.007726607440688927,63,63,0,-1,3,3,12,9,6,31,91
821,84,700,55,100,45,276,276,79,79,0,84,276,55,93,38,0.008986010415602982,0.02481364239763096,63,86,23,2,2,2,17,5,20,25,16
822,294,294,96,96,0,144,144,91,91,0,144,144,91,91,0,0.03451444909629327,0.03451444909629327,92,92,0,-1,2,2,6,29,74,0,98
823,12,218,36,92,56,66,66,37,37,0,12,20,36,41,5,0.002110350930937064,0.0033016780693692774,43,50,7,3,4,4,11,2,19,83,51
824,204,204,88,88,0,238,238,81,81,0,204,204,88,88,0,0.02011640968038395,0.02011640968038395,81,81,0,-1,2,2,14,16,17,18,66
825,0,206,1,88,87,0,27,1,31,30,0,7,1,34,33,0.0,0.0006126825283365669,1,35,34,3,-1,4,8,0,15,85,56
826,12,1652,36,100,64,32,70,37,55,18,12,70,36,59,23,0.00030634126416828345,0.024200959869294394,35,88,53,1,4,2,6,2,74,56,48
827,104,720,77,100,23,172,182,85,86,1,104,182,77,91,14,0.013887470642295518,0.020831205963443275,74,84,10,2,2,2,9,6,23,34,25
828,0,616,1,100,99,0,78,1,35,34,0,28,1,42,41,0.0,0.004152626025392287,1,53,52,2,-1,3,14,1,17,50,26
829,40,246,52,95,43,62,70,49,58,9,40,70,52,65,13,0.0024166921951053475,0.009598692943939549,47,69,22,3,2,2,6,1,34,49,8
830,94,710,62,100,38,120,120,77,77,0,94,120,63,83,20,0.006739507811702236,0.010858095918853602,57,70,13,2,2,2,6,5,40,47,29
831,6,622,29,100,71,27,58,32,37,5,6,54,29,53,24,6.807583648184077e-05,0.006399128629293032,28,58,30,2,4,3,8,1,15,95,48
832,82,184,73,93,20,32,32,58,58,0,32,32,60,60,0,0.012900371013308825,0.01327478811395895,76,76,0,4,3,3,2,8,91,20,42
833,100,100,61,61,0,100,100,43,43,0,100,100,61,61,0,0.03015759556145546,0.0459171517070016,90,98,8,1,1,1,12,12,2,37,19
834,34,136,46,77,31,78,78,44,44,0,34,36,46,46,0,0.0016678579938050988,0.002110350930937064,39,41,2,4,3,3,8,4,27,64,42
835,146,352,90,100,10,96,96,94,94,0,96,96,94,94,0,0.022430988120766535,0.02740052418394091,86,91,5,3,2,2,3,9,94,27,48
836,97,199,58,87,29,228,228,77,77,0,97,99,58,58,0,0.005650294427992784,0.005718370264474625,55,57,2,4,2,2,15,4,7,22,55
837,0,1640,1,100,99,0,56,1,50,49,0,48,1,53,52,0.0,0.02552843868069029,1,89,88,1,-1,2,5,0,37,87,73
838,16,632,38,100,62,36,72,38,48,10,16,72,38,60,22,0.00034037918240920387,0.010177337554035196,33,69,36,2,3,3,7,1,62,4,17
839,88,190,57,89,32,174,174,72,72,0,88,90,57,58,1,0.008305252050784574,0.008305252050784574,62,62,0,4,2,2,10,4,0,38,95
840,207,207,93,93,0,112,112,94,94,0,112,112,94,94,0,0.02644746247319514,0.02644746247319514,87,87,0,-1,2,2,4,19,78,15,99
841,0,1640,1,100,99,0,190,1,71,70,0,190,1,86,85,0.0,0.03448041117805235,1,94,93,1,-1,2,16,0,9,86,11
842,168,374,89,99,10,88,88,81,81,0,88,88,81,81,0,0.024439225296980838,0.02573266619013581,86,87,1,3,2,2,4,18,73,30,53
843,100,100,66,66,0,100,100,60,60,0,100,100,68,68,0,0.0530991524558358,0.053337417883522246,98,99,1,3,1,1,7,22,43,9,63
844,169,271,82,93,11,170,170,87,87,0,169,171,87,87,0,0.011300588855985567,0.01147077844719017,68,68,0,4,2,2,8,8,27,44,95
845,16,632,32,100,68,58,134,34,62,28,16,134,32,82,50,0.0004084550188910446,0.017052997038701112,33,78,45,2,3,3,14,1,17,88,15
846,40,246,47,89,42,62,82,38,47,9,40,54,47,50,3,0.0025188059498281084,0.006977773239388679,45,60,15,3,2,2,8,1,27,60,41
847,128,744,80,100,20,220,220,82,82,0,128,181,80,89,9,0.007318152421797883,0.01242384015793594,62,71,9,2,2,2,12,6,6,26,57
848,6,6,30,30,0,34,34,33,33,0,6,6,30,30,0,0.00030634126416828345,0.00030634126416828345,34,34,0,-1,4,4,11,1,38,4,86
849,0,206,1,93,92,0,8,1,31,30,0,8,1,35,34,0.0,0.005888559855679227,1,58,57,3,-1,4,2,0,68,92,34
850,0,102,1,79,78,0,12,1,28,27,0,2,1,28,27,0.0,0.00030634126416828345,1,32,31,4,-1,5,9,0,26,85,4
851,110,1750,78,100,22,180,214,80,88,8,110,214,78,91,13,0.008986010415602982,0.02723033459273631,66,88,22,1,2,2,11,7,38,21,39
852,13,115,41,82,41,18,18,35,35,0,13,18,41,45,4,0.0012253650566731338,0.002144388849177984,39,43,4,4,4,4,3,4,58,64,71
853,240,240,93,93,0,160,160,86,86,0,160,160,88,88,0,0.018993158378433576,0.018993158378433576,83,83,0,-1,2,2,7,18,24,5,84
854,50,666,50,100,50,94,114,48,60,12,50,114,50,77,27,0.004663194799006093,0.015180911535450491,53,75,22,2,3,3,9,4,54,22,33
855,198,398,92,97,5,150,150,85,85,0,150,150,89,89,0,0.02032063718982947,0.02927260968719153,86,90,4,3,2,2,7,17,46,6,37
856,0,616,1,100,99,0,50,1,49,48,0,50,1,53,52,0.0,0.009530617107457708,1,69,68,2,-1,3,5,0,37,82,20
857,0,101,1,82,81,0,3,1,25,24,0,1,1,25,24,0.0,6.807583648184077e-05,1,28,27,6,-1,7,3,1,60,50,78
858,100,100,63,63,0,100,100,39,39,0,100,100,63,63,0,0.04772116137377038,0.04860614724803431,98,99,1,3,1,1,14,29,17,11,52
859,92,92,69,69,0,80,80,65,65,0,80,80,68,68,0,0.00888389666088022,0.00888389666088022,66,66,0,-1,2,2,6,7,69,48,85
860,100,100,58,58,0,100,100,35,35,0,100,100,59,59,0,0.056434868443446,0.056434868443446,99,99,0,-1,1,1,17,36,20,2,92
861,100,100,67,67,0,100,100,74,74,0,100,100,75,75,0,0.06341264168283468,0.07287518295381054,99,99,0,3,1,1,5,27,63,10,30
862,213,313,94,99,5,136,136,97,97,0,136,136,97,97,0,0.03328908403962014,0.03328908403962014,92,92,0,5,2,2,4,15,72,16,95
863,87,703,61,100,39,118,118,66,66,0,87,103,61,76,15,0.00803294870485721,0.010211375472276116,62,65,3,2,3,3,8,8,15,44,46
864,443,545,99,99,0,320,320,99,99,0,320,320,99,99,0,0.03451444909629327,0.034684638687497875,91,92,1,4,2,2,11,29,19,0,4
865,162,368,91,98,7,88,88,76,76,0,88,88,79,79,0,0.01940161339732462,0.020592940535756832,84,85,1,3,2,2,4,14,47,14,43
866,39,655,54,100,46,54,64,55,67,12,39,64,55,68,13,0.004493005207801491,0.020456788862793153,55,83,28,2,3,3,4,4,73,22,30
867,2,618,29,100,71,9,24,30,34,4,2,20,29,44,15,0.00017018959120460194,0.003642057251778481,31,49,18,2,5,3,5,1,88,65,52
868,206,406,94,100,6,152,152,98,98,0,152,152,98,98,0,0.02818339630348208,0.032914666938970015,90,93,3,3,2,2,5,20,45,23,31
869,32,648,46,100,54,96,106,43,57,14,32,106,46,70,24,0.0005786446100956465,0.013649205214609075,36,73,37,2,3,3,11,2,5,56,37
870,100,100,73,73,0,100,100,82,82,0,100,100,82,82,0,0.05367779706593145,0.05367779706593145,99,99,0,-1,1,1,5,18,88,5,66
871,0,616,1,100,99,0,122,1,54,53,0,66,1,53,52,0.0,0.008305252050784574,1,62,61,2,-1,3,16,0,4,80,77
872,0,0,1,1,0,0,0,1,1,0,0,0,1,1,0,0.0,0.0,1,1,0,-1,-1,-1,11,0,19,36,66
873,70,276,60,96,36,86,86,56,56,0,70,86,59,65,6,0.006058749446883829,0.014023622315259198,58,77,19,3,3,3,6,5,59,47,33
874,0,206,1,92,91,0,26,1,36,35,0,26,1,49,48,0.0,0.011743081793117532,1,72,71,3,-1,4,5,0,70,81,37
875,24,224,52,99,47,12,12,39,39,0,12,12,44,44,0,0.0057524081827155455,0.019129310051397258,60,84,24,3,4,4,2,4,97,38,15
876,16,16,43,43,0,34,34,47,47,0,16,16,44,44,0,0.0006807583648184077,0.0006807583648184077,37,37,0,-1,3,3,4,1,77,49,85
877,94,94,62,62,0,152,152,78,78,0,94,94,62,62,0,0.006773545729943157,0.006773545729943157,59,59,0,-1,2,2,8,6,42,26,76
878,260,466,98,100,2,56,56,86,86,0,56,56,86,86,0,0.03625038292658021,0.05544776881445931,95,98,3,3,2,2,2,29,95,1,11
879,0,206,1,95,94,0,8,1,30,29,0,6,1,30,29,0.0,0.0009190237925048504,1,34,33,3,-1,4,3,0,94,84,78
880,86,686,69,100,31,64,64,68,68,0,64,64,69,69,0,0.009326389598012186,0.017597603730555838,68,81,13,2,3,3,4,7,73,21,8
881,108,308,77,94,17,80,80,68,68,0,80,80,69,69,0,0.011198475101262807,0.012491915994417782,71,73,2,3,3,3,5,9,80,27,51
882,0,616,1,100,99,0,68,1,39,38,0,68,1,58,57,0.0,0.012083460975526737,1,74,73,2,-1,3,8,0,15,96,5
883,56,56,61,61,0,44,44,53,53,0,44,44,58,58,0,0.007692569522448007,0.007692569522448007,63,63,0,-1,3,3,4,6,78,34,99
884,236,236,93,93,0,192,192,89,89,0,192,192,92,92,0,0.020899281799925118,0.020899281799925118,84,84,0,-1,2,2,9,18,31,5,80
885,0,0,1,1,0,0,0,1,1,0,0,0,1,1,0,0.0,0.0,1,1,0,-1,-1,-1,12,0,6,79,69
886,12,12,41,41,0,12,12,41,41,0,12,12,41,41,0,0.0026889955410327104,0.0026889955410327104,48,48,0,-1,4,4,2,2,95,75,96
887,35,136,52,86,34,38,38,51,51,0,38,38,54,54,0,0.005207801490860819,0.005207801490860819,53,53,0,5,3,3,3,6,94,73,95
888,196,296,86,93,7,108,108,63,63,0,108,108,77,77,0,0.016372238673882704,0.016406276592123625,76,76,0,4,3,3,8,16,27,12,4
889,2,104,28,84,56,4,4,30,30,0,2,4,28,32,4,0.0002723033459273631,0.0004765308553728854,34,36,2,4,5,5,2,1,89,60,49
890,28,644,50,100,50,34,64,43,62,19,28,64,50,63,13,0.001497668402600497,0.019095272133156337,42,84,42,2,3,3,4,4,79,64,30
891,8,214,38,94,56,8,12,33,39,6,8,12,38,41,3,0.001055175465468532,0.00881582082439838,41,70,29,3,4,4,2,3,90,51,27
892,264,470,93,99,6,110,110,78,78,0,110,110,82,82,0,0.03104258143571939,0.03168930188229688,91,92,1,3,2,2,6,29,51,0,64
893,0,101,1,83,82,0,2,1,24,23,0,1,1,24,23,0.0,0.0,1,1,0,6,-1,7,2,0,86,96,68
894,50,152,63,93,30,22,22,54,54,0,22,22,54,54,0,0.00442492937131965,0.004765308553728854,52,52,0,4,3,3,2,5,99,47,56
895,82,288,66,96,30,86,86,57,57,0,86,86,66,66,0,0.012287688484972258,0.01494264610776405,72,78,6,3,3,3,6,8,65,20,73
896,0,206,1,91,90,0,24,1,35,34,0,24,1,42,41,0.0,0.018482589604819768,1,82,81,3,-1,4,4,0,67,99,10
897,0,102,1,72,71,0,12,1,26,25,0,2,1,25,24,0.0,0.00010211375472276115,1,28,27,4,-1,5,10,0,11,36,65
898,32,32,43,43,0,166,166,61,61,0,32,32,43,43,0,0.002723033459273631,0.002723033459273631,46,46,0,-1,3,3,16,2,4,52,97
899,100,100,63,63,0,100,100,39,39,0,100,100,63,63,0,0.03298274277545185,0.03298274277545185,92,92,0,-1,1,1,14,17,17,6,85
900,22,22,43,43,0,54,54,37,37,0,22,22,43,43,0,0.0011232513019503727,0.0011232513019503727,38,38,0,-1,3,3,8,3,15,51,96
901,292,498,95,99,4,272,272,95,95,0,272,272,95,95,0,0.023418087749753225,0.02396269444160795,88,89,1,3,2,2,11,15,19,16,43
902,136,238,80,89,9,246,246,74,74,0,136,138,80,80,0,0.009292351679771264,0.009394465434494027,64,64,0,4,2,2,17,7,20,48,95
903,0,206,1,92,91,0,21,1,30,29,0,10,1,35,34,0.0,0.0012594029749140542,1,39,38,3,-1,4,9,0,35,79,54
904,0,616,1,100,99,0,34,1,43,42,0,34,1,51,50,0.0,0.00796487286837537,1,64,63,2,-1,3,4,1,47,45,31
905,6,212,32,92,60,16,20,32,32,0,6,12,32,35,3,3.4037918240920386e-05,0.0018720855032506212,28,43,15,3,4,4,6,1,44,95,94
906,16,222,35,91,56,50,58,34,35,1,16,22,35,40,5,0.00037441710065012424,0.001055175465468532,34,39,5,3,3,3,10,1,18,4,71
907,0,616,1,100,99,0,58,1,35,34,0,34,1,48,47,0.0,0.005582218591510943,1,55,54,2,-1,3,10,0,18,36,34
908,282,384,99,100,1,56,56,86,86,0,56,56,86,86,0,0.04261547363763232,0.04312604241124613,97,97,0,4,2,2,2,40,95,3,74
909,0,0,1,1,0,0,0,1,1,0,0,0,1,1,0,0.0,0.0,1,1,0,-1,-1,-1,9,0,26,76,96
910,68,684,65,100,35,56,56,80,80,0,56,56,81,81,0,0.011198475101262807,0.0372374825555669,72,95,23,2,2,2,2,4,91,72,2
911,158,158,84,84,0,228,228,89,89,0,158,158,84,84,0,0.011198475101262807,0.011198475101262807,70,70,0,-1,2,2,11,7,19,21,99
912,0,1640,1,100,99,0,110,1,59,58,0,110,1,73,72,0.0,0.030361823070900983,1,89,88,1,-1,2,10,0,11,92,0
913,0,616,1,100,99,0,34,1,36,35,0,36,1,47,46,0.0,0.005173763572619898,1,53,52,2,-1,3,6,0,41,98,47
914,12,628,41,100,59,16,34,33,46,13,12,34,41,54,13,0.001157289220191293,0.02396269444160795,39,86,47,2,4,3,4,3,78,51,7
915,16,222,36,91,55,36,36,38,38,0,16,36,36,52,16,0.0009530617107457708,0.004663194799006093,38,55,17,3,3,3,5,1,61,71,26
916,198,814,92,100,8,150,150,85,85,0,150,150,89,89,0,0.02032063718982947,0.027979168794036557,86,90,4,2,2,2,7,17,46,6,38
917,60,161,64,91,27,38,38,59,59,0,38,38,62,62,0,0.006058749446883829,0.006058749446883829,57,57,0,6,3,3,3,6,92,28,78
918,198,198,93,93,0,94,94,75,75,0,94,94,75,75,0,0.024234997787535316,0.024234997787535316,87,87,0,-1,2,2,5,19,49,15,84
919,210,810,97,100,3,22,22,54,54,0,22,22,54,54,0,0.02828551005820484,0.03938187140474489,92,97,5,2,3,3,2,29,99,1,39
920,156,156,89,89,0,72,72,77,77,0,72,72,77,77,0,0.02365635317743967,0.02365635317743967,87,87,0,-1,2,2,3,16,64,18,89
921,168,768,89,100,11,88,88,81,81,0,88,88,81,81,0,0.024439225296980838,0.039415909322985804,86,95,9,2,2,2,4,18,73,30,23
922,49,49,57,57,0,118,118,69,69,0,49,49,57,57,0,0.00527587732734266,0.00527587732734266,58,58,0,-1,3,3,8,4,57,22,40
923,0,206,1,94,93,0,14,1,31,30,0,14,1,40,39,0.0,0.005922597773920147,1,55,54,3,-1,4,3,0,96,84,48
924,406,406,97,97,0,182,182,99,99,0,182,182,99,99,0,0.03897341638585384,0.03897341638585384,95,95,0,-1,2,2,6,29,41,0,66
925,100,100,61,61,0,100,100,40,40,0,100,100,61,61,0,0.03652268627250757,0.03652268627250757,94,94,0,-1,1,1,14,19,8,15,89
926,24,126,46,80,34,56,56,44,44,0,24,26,46,47,1,0.0014295925661186562,0.0015657442390823377,40,40,0,4,3,3,6,4,34,64,88
927,98,200,77,94,17,72,72,84,84,0,72,72,84,84,0,0.015487252799618776,0.01684876952925559,77,77,0,4,2,2,3,9,81,27,61
928,0,616,1,100,99,0,46,1,33,32,0,32,1,45,44,0.0,0.004799346471969774,1,55,54,2,-1,3,12,1,3,45,35
929,166,166,86,86,0,148,148,78,78,0,148,148,85,85,0,0.015827631982027978,0.015827631982027978,76,76,0,-1,2,2,9,14,35,14,92
930,24,24,44,44,0,60,60,40,40,0,24,24,44,44,0,0.0013615167296368155,0.0013615167296368155,40,40,0,-1,3,3,9,4,35,64,89
931,154,354,89,99,10,88,88,80,80,0,88,88,80,80,0,0.02215868477483917,0.028489737567650362,84,88,4,3,2,2,4,18,84,5,20
932,6,6,28,28,0,13,13,28,28,0,6,6,28,28,0,0.00017018959120460194,0.00017018959120460194,32,32,0,-1,4,4,5,1,50,55,69
933,100,100,58,58,0,100,100,35,35,0,100,100,59,59,0,0.03230198441063344,0.03863303720344464,92,94,2,2,1,1,17,19,20,15,48
934,40,246,55,94,39,52,52,74,74,0,40,46,61,61,0,0.006671431975220395,0.008986010415602982,60,64,4,3,2,2,3,2,58,94,46
935,250,866,96,100,4,96,96,93,93,0,96,96,93,93,0,0.0390755301405766,0.0617788216072705,94,99,5,2,2,2,3,27,58,10,1
936,363,464,100,100,0,96,96,94,94,0,96,96,94,94,0,0.05480104836788182,0.05483508628612274,97,97,0,5,2,2,3,36,85,2,60
937,32,1672,47,100,53,96,170,43,71,28,32,170,47,86,39,0.0030974505599237552,0.03247217400183805,50,91,41,1,3,2,11,2,19,75,11
938,12,12,37,37,0,14,14,33,33,0,12,12,37,37,0,0.0005786446100956465,0.0005786446100956465,35,35,0,-1,4,4,3,2,75,63,66
939,165,165,88,88,0,104,104,81,81,0,104,104,84,84,0,0.0245413390517036,0.0245413390517036,87,87,0,-1,2,2,5,20,61,23,36
940,0,206,1,90,89,0,40,1,36,35,0,24,1,43,42,0.0,0.004765308553728854,1,57,56,3,-1,4,8,0,39,89,72
941,104,720,77,100,23,60,70,55,66,11,60,70,60,70,10,0.01143674052894925,0.04026685727900882,71,95,24,2,3,3,5,14,70,32,2
942,0,102,1,69,68,0,11,1,25,24,0,2,1,25,24,0.0,3.4037918240920386e-05,1,28,27,4,-1,5,10,0,0,76,65
943,449,1049,98,100,2,320,320,98,98,0,320,320,98,98,0,0.035569624561761805,0.03672691378195309,92,92,0,2,2,2,11,29,33,11,74
944,100,100,64,64,0,100,100,44,44,0,100,100,64,64,0,0.02641342455495422,0.033425235712583816,87,91,4,3,1,1,13,14,13,14,20
945,0,1640,1,100,99,0,68,1,76,75,0,68,1,77,76,0.0,0.050274005241839406,1,97,96,1,-1,2,4,0,72,92,3
946,0,206,1,94,93,0,14,1,31,30,0,8,1,34,33,0.0,0.0017018959120460194,1,41,40,3,-1,4,3,0,96,40,61
947,76,282,67,96,29,70,70,62,62,0,70,70,69,69,0,0.008305252050784574,0.009224275843289425,66,69,3,3,3,3,5,7,45,21,64
948,0,0,1,1,0,0,0,1,1,0,0,0,1,1,0,0.0,0.0,1,1,0,-1,-1,-1,14,1,16,45,86
949,100,100,66,66,0,100,100,67,67,0,100,100,73,73,0,0.0746451547023384,0.07695973314272099,100,100,0,2,1,1,5,36,52,2,41
950,12,218,39,91,52,24,24,37,37,0,12,24,39,49,10,0.0010211375472276116,0.014432077334150244,41,78,37,3,4,4,4,2,83,74,16
951,0,616,1,100,99,0,76,1,34,33,0,22,1,37,36,0.0,0.0030974505599237552,1,50,49,2,-1,3,15,1,7,45,29
952,0,616,1,100,99,0,46,1,44,43,0,34,1,47,46,0.0,0.006671431975220395,1,56,55,2,-1,3,5,0,52,93,70
953,60,60,64,64,0,38,38,59,59,0,38,38,62,62,0,0.006058749446883829,0.006058749446883829,57,57,0,-1,3,3,3,6,92,28,84
954,0,102,1,76,75,0,10,1,27,26,0,3,1,27,26,0.0,0.00034037918240920387,1,31,30,4,-1,5,6,0,56,86,63
955,6,622,32,100,68,18,28,35,45,10,6,28,32,53,21,0.0006467204465774873,0.006875659484665918,35,56,21,2,4,3,3,1,87,49,57
956,15,221,43,92,49,18,18,38,38,0,18,18,47,47,0,0.0035739814152966403,0.006875659484665918,53,62,9,3,4,4,3,6,76,73,35
957,100,100,67,67,0,100,100,57,57,0,100,100,67,67,0,0.051533408216753465,0.051533408216753465,98,98,0,-1,1,1,8,29,21,1,97
958,90,192,61,86,25,154,154,67,67,0,90,92,61,63,2,0.006467204465774873,0.006637394056979475,57,58,1,4,2,2,10,6,18,28,55
959,63,63,61,61,0,64,64,60,60,0,64,64,63,63,0,0.007658531604207087,0.007658531604207087,63,63,0,-1,3,3,4,8,83,57,40
960,335,935,96,100,4,104,104,88,88,0,104,104,88,88,0,0.04183260151809115,0.04394295244902822,96,96,0,2,2,2,5,40,88,3,54
961,0,616,1,100,99,0,50,1,44,43,0,50,1,57,56,0.0,0.008135062459579971,1,67,66,2,-1,3,5,0,63,66,44
962,0,616,1,100,99,0,46,1,40,39,0,46,1,54,53,0.0,0.006943735321147759,1,62,61,2,-1,3,6,1,34,50,44
963,100,100,62,62,0,100,100,43,43,0,100,100,62,62,0,0.023622315259198747,0.02648150039143606,87,89,2,3,1,1,12,7,14,21,35
964,0,0,1,1,0,0,0,1,1,0,0,0,1,1,0,0.0,0.0,1,1,0,-1,-1,-1,8,0,27,79,40
965,100,100,64,64,0,212,212,78,78,0,100,100,64,64,0,0.010960209673576363,0.010960209673576363,71,71,0,-1,2,2,13,6,13,77,96
966,0,1640,1,100,99,0,74,1,61,60,0,74,1,67,66,0.0,0.03175737771877872,1,90,89,1,-1,2,5,0,37,87,16
967,100,100,63,63,0,100,100,47,47,0,100,100,63,63,0,0.024200959869294394,0.030429898907382825,85,91,6,2,1,1,10,13,22,24,38
968,135,1775,81,100,19,252,296,81,88,7,135,296,81,94,13,0.008509479560230097,0.045304469178665034,62,97,35,1,2,2,14,8,16,57,2
969,97,97,62,62,0,102,102,64,64,0,97,97,62,62,0,0.008237176214302734,0.008237176214302734,62,62,0,-1,3,3,7,8,24,44,91
970,88,704,62,100,38,142,152,71,75,4,88,152,62,84,22,0.008135062459579971,0.017801831240001363,64,81,17,2,2,2,8,7,15,62,32
971,28,644,46,100,54,68,88,42,46,4,28,88,46,66,20,0.0024507301133462676,0.01684876952925559,46,81,35,2,3,3,8,3,39,54,37
972,0,0,1,1,0,0,0,1,1,0,0,0,1,1,0,0.0,0.0,1,1,0,-1,-1,-1,7,0,24,66,97
973,118,734,77,100,23,272,272,86,86,0,118,137,77,82,5,0.010177337554035196,0.011675005956635693,69,70,1,2,2,2,14,5,16,25,64
974,32,238,49,92,43,60,60,51,51,0,32,60,49,61,12,0.00445896728956057,0.007250076585316042,55,62,7,3,3,3,5,3,80,29,22
975,100,100,67,67,0,100,100,54,54,0,100,100,67,67,0,0.030463936825623743,0.044793900405051226,90,96,6,2,1,1,9,14,35,32,23
976,112,318,76,96,20,146,146,80,80,0,112,124,78,79,1,0.008169100377820893,0.010381565063480718,65,68,3,3,2,2,8,4,10,72,75
977,0,206,1,91,90,0,16,1,32,31,0,16,1,40,39,0.0,0.0026549576227917903,1,49,48,3,-1,4,4,1,83,45,35
978,6,622,29,100,71,29,52,33,35,2,6,22,29,40,11,0.00017018959120460194,0.002110350930937064,33,46,13,2,4,3,9,1,28,55,53
979,185,391,91,99,8,88,88,80,80,0,88,88,80,80,0,0.02491575615235372,0.02743456210218183,86,88,2,3,2,2,4,15,84,16,29
980,62,62,66,66,0,38,38,51,51,0,38,38,54,54,0,0.008169100377820893,0.008169100377820893,63,63,0,-1,3,3,3,8,94,44,86
981,0,616,1,100,99,0,53,1,33,32,0,28,1,42,41,0.0,0.001497668402600497,1,39,38,2,-1,3,14,0,17,97,43
982,56,262,62,94,32,54,54,55,55,0,54,54,60,60,0,0.005616256509751864,0.01943565131556554,57,82,25,3,3,3,4,6,84,28,23
983,100,100,64,64,0,100,100,44,44,0,100,100,64,64,0,0.045474658769869634,0.05745600599067361,97,100,3,2,1,1,13,22,13,9,5
984,16,222,36,91,55,60,60,52,52,0,16,32,36,51,15,0.0029612988869600733,0.007386228258279724,49,62,13,3,3,3,5,3,61,46,38
985,28,234,42,91,49,104,104,55,55,0,28,34,42,42,0,0.00176997174852786,0.0020422750944552232,42,43,1,3,3,3,14,3,8,54,65
986,22,228,41,90,49,60,60,38,38,0,22,30,41,46,5,0.0023486163586235067,0.004050512270669526,48,53,5,3,3,3,9,2,28,83,75
987,120,120,80,80,0,152,152,80,80,0,120,120,81,81,0,0.010449640899962559,0.010449640899962559,70,70,0,-1,2,2,8,7,30,21,50
988,54,260,57,94,37,76,76,57,57,0,54,76,57,60,3,0.007692569522448007,0.015419176963136935,64,79,15,3,3,3,6,4,74,38,8
989,57,673,60,100,40,52,52,75,75,0,52,52,76,76,0,0.010109261717553355,0.018788930868988054,70,83,13,2,2,2,3,6,87,35,38
990,22,22,43,43,0,82,82,50,50,0,22,22,43,43,0,0.004186663943633207,0.004186663943633207,51,51,0,-1,3,3,7,3,43,29,36
991,14,14,34,34,0,56,56,35,35,0,14,14,34,34,0,0.0013615167296368155,0.0013615167296368155,41,41,0,-1,4,4,10,3,36,43,98
992,100,306,80,100,20,46,46,84,84,0,46,46,84,84,0,0.014432077334150244,0.023622315259198747,75,87,12,3,2,2,2,13,93,24,39
993,0,206,1,87,86,0,49,1,32,31,0,14,1,32,31,0.0,0.0007488342013002485,1,35,34,3,-1,4,15,0,7,85,64
994,70,70,67,67,0,84,84,75,75,0,70,70,71,71,0,0.007998910786616291,0.007998910786616291,65,65,0,-1,2,2,5,6,70,28,40
995,63,63,65,65,0,54,54,55,55,0,54,54,60,60,0,0.007284114503556962,0.007284114503556962,61,61,0,-1,3,3,4,8,84,57,79
996,22,638,40,100,60,84,134,38,61,23,22,98,40,58,18,0.0005105687736138058,0.00789679703189353,36,63,27,2,3,3,14,2,25,63,21
997,28,28,42,42,0,104,104,55,55,0,28,28,42,42,0,0.00176997174852786,0.00176997174852786,42,42,0,-1,3,3,14,3,8,54,92
998,6,108,31,75,44,46,46,34,34,0,6,8,31,35,4,0.0002042275094455223,0.000442492937131965,32,35,3,4,4,4,11,1,19,88,55
999,0,206,1,93,92,0,18,1,33,32,0,18,1,44,43,0.0,0.0030634126416828346,1,47,46,3,-1,4,5,1,49,50,35
