,FreeNet_pre_score,FreeNet_post_score,FreeNet_pre_rank,FreeNet_post_rank,FreeNet_delta_ranks,Reversed_pre_score,Reversed_post_score,Reversed_pre_rank,Reversed_post_rank,Reversed_delta_ranks,Independent_pre_score,Independent_post_score,Independent_pre_rank,Independent_post_rank,Independent_delta_ranks,Random_pre_score,Random_post_score,Random_pre_rank,Random_post_rank,Random_delta_ranks,dist_victim_relayer,dist_victim_vilain_pre,dist_victim_vilain_post,out_deg_victim,in_deg_villain,victim,villain,relayer
0,117,733,82,100,18,64,64,64,64,0,64,64,67,67,0,0.020592940535756832,0.03812246842983083,85,93,8,2,3,3,4,16,77,18,9
1,0,206,1,91,90,0,16,1,32,31,0,14,1,42,41,0.0,0.002757071377514551,1,48,47,3,-1,4,4,0,84,89,41
2,0,616,1,100,99,0,98,1,38,37,0,60,1,51,50,0.0,0.008679669151434699,1,62,61,2,-1,3,15,0,7,82,27
3,8,624,38,100,62,24,54,40,54,14,8,54,38,59,21,0.0018720855032506212,0.0265495762279179,44,88,44,2,4,3,4,2,84,83,0
4,0,206,1,95,94,0,12,1,36,35,0,12,1,40,39,0.0,0.00803294870485721,1,66,65,3,-1,4,2,0,89,92,33
5,100,100,66,66,0,100,100,49,49,0,100,100,66,66,0,0.03618230709009837,0.05412029000306341,94,99,5,1,1,1,9,16,54,18,8
6,297,503,99,100,1,72,72,84,84,0,72,72,84,84,0,0.044623710813846626,0.04578100003403792,96,96,0,3,2,2,3,40,85,3,51
7,64,1704,54,100,46,164,238,66,80,14,64,238,54,93,39,0.005616256509751864,0.03277851526600633,54,93,39,1,2,2,15,6,7,73,10
8,0,0,1,1,0,0,0,1,1,0,0,0,1,1,0,0.0,0.0,1,1,0,-1,-1,-1,3,0,55,92,89
9,22,22,45,45,0,38,38,39,39,0,22,22,45,45,0,0.0013615167296368155,0.0013615167296368155,40,40,0,-1,3,3,6,3,74,51,80
10,257,873,95,100,5,54,54,56,56,0,54,54,57,57,0,0.028693965077095884,0.040300895197249734,90,97,7,2,3,3,4,29,67,1,32
11,120,326,77,94,17,176,176,74,74,0,120,126,77,79,2,0.006977773239388679,0.007216038667075122,59,60,1,3,2,2,12,6,2,13,60
12,0,102,1,81,80,0,5,1,27,26,0,2,1,27,26,0.0,0.0004084550188910446,1,33,32,4,-1,5,3,0,96,85,42
13,40,656,51,100,49,128,138,67,68,1,40,138,51,81,30,0.0051397256543789785,0.018788930868988054,58,82,24,2,2,2,9,1,28,90,37
14,0,206,1,90,89,0,18,1,28,27,0,6,1,28,27,0.0,0.0005446066918547262,1,36,35,3,-1,4,10,0,1,91,88
15,232,832,93,100,7,188,188,83,83,0,188,188,91,91,0,0.020150447598624867,0.026004969536063176,81,87,6,2,2,2,10,18,12,30,31
16,94,195,67,88,21,90,90,61,61,0,94,95,67,67,0,0.007284114503556962,0.007284114503556962,61,61,0,5,2,2,6,5,41,47,58
17,28,644,50,100,50,34,54,43,51,8,28,54,50,54,4,0.001157289220191293,0.013444977705163553,42,75,33,2,3,3,4,3,83,43,19
18,0,206,1,93,92,0,14,1,34,33,0,9,1,40,39,0.0,0.0016678579938050988,1,40,39,3,-1,4,3,1,92,69,54
19,0,616,1,100,99,0,40,1,43,42,0,40,1,50,49,0.0,0.017529527894074,1,79,78,2,-1,3,5,0,88,81,9
20,192,392,95,100,5,32,32,63,63,0,32,32,65,65,0,0.028489737567650362,0.04401102828551006,91,97,6,3,3,3,2,22,98,9,7
21,307,408,97,100,3,144,144,98,98,0,144,144,98,98,0,0.04098165356206814,0.04101569148030906,96,96,0,5,2,2,6,29,69,0,95
22,2,208,28,91,63,7,16,28,32,4,2,8,28,37,9,0.00017018959120460194,0.001599782157323258,31,43,12,3,5,4,4,1,84,55,53
23,100,100,64,64,0,100,100,57,57,0,100,100,66,66,0,0.05323530412879948,0.06610163722386739,97,100,3,2,1,1,7,22,46,9,16
24,78,179,70,92,22,32,32,58,58,0,32,32,60,60,0,0.011606930120153852,0.011606930120153852,73,73,0,6,3,3,2,9,91,27,68
25,2,208,27,92,65,15,24,29,32,3,2,11,27,36,9,3.4037918240920386e-05,0.0007147962830593281,26,37,11,3,5,4,8,1,21,95,43
26,22,228,40,92,52,70,70,35,35,0,22,28,40,44,4,0.0017018959120460194,0.0019061234214915416,41,42,1,3,3,3,12,3,3,51,4
27,224,840,91,100,9,134,144,91,93,2,134,144,92,93,1,0.02127369890057524,0.046359644644133564,81,99,18,2,2,2,6,16,71,12,0
28,0,206,1,89,88,0,28,1,33,32,0,12,1,33,32,0.0,0.0009190237925048504,1,38,37,3,-1,4,8,0,42,97,74
29,208,824,93,100,7,144,144,90,90,0,144,144,90,90,0,0.02215868477483917,0.02501786990707648,85,88,3,2,2,2,6,16,59,18,46
30,6,6,30,30,0,15,15,30,30,0,6,6,30,30,0,0.0,0.0,1,1,0,-1,4,4,6,1,41,95,40
31,92,708,68,100,32,60,60,49,49,0,60,60,57,57,0,0.008066986623098132,0.014534191088873005,64,77,13,2,3,3,5,7,50,48,62
32,0,0,1,1,0,0,0,1,1,0,0,0,1,1,0,0.0,0.0,1,1,0,-1,-1,-1,7,0,46,36,98
33,164,266,88,94,6,104,104,86,86,0,104,104,87,87,0,0.02403077027808979,0.024473263215221756,86,87,1,4,2,2,5,20,49,23,42
34,42,42,51,51,0,76,76,49,49,0,40,40,50,50,0,0.00353994349705572,0.00353994349705572,49,49,0,-1,3,3,6,6,40,41,96
35,6,6,27,27,0,21,21,28,28,0,6,6,27,27,0,0.00013615167296368154,0.00013615167296368154,29,29,0,-1,4,4,14,2,8,58,99
36,54,54,59,59,0,38,38,53,53,0,38,38,55,55,0,0.006875659484665918,0.006875659484665918,62,62,0,-1,3,3,3,7,64,62,99
37,242,448,96,100,4,56,56,76,76,0,56,56,77,77,0,0.0333911977943429,0.040709350216140784,92,96,4,3,2,2,2,27,68,10,17
38,0,206,1,93,92,0,10,1,31,30,0,10,1,37,36,0.0,0.00445896728956057,1,52,51,3,-1,4,3,1,58,50,44
39,100,100,57,57,0,100,100,38,38,0,100,100,57,57,0,0.03427618366860683,0.03900745430409476,93,95,2,2,1,1,16,16,4,12,28
40,88,294,71,97,26,48,48,60,60,0,48,48,63,63,0,0.013002484768031588,0.02018448551686579,74,84,10,3,3,3,3,9,58,27,33
41,6,622,32,100,68,28,38,36,40,4,6,38,32,49,17,0.00088498587426393,0.010041185881071514,39,67,28,2,4,3,6,1,69,71,32
42,16,16,37,37,0,126,126,64,64,0,16,16,37,37,0,0.002825147213996392,0.002825147213996392,48,48,0,-1,3,3,11,3,19,46,96
43,0,206,1,94,93,0,14,1,31,30,0,14,1,40,39,0.0,0.002586881786309949,1,46,45,3,-1,4,3,0,96,59,22
44,16,16,37,37,0,66,66,48,48,0,16,16,37,37,0,0.0015317063208414173,0.0015317063208414173,43,43,0,-1,3,3,6,1,59,53,84
45,0,206,1,93,92,0,18,1,40,39,0,18,1,44,43,0.0,0.007828721195411689,1,66,65,3,-1,4,3,0,60,40,8
46,219,320,93,98,5,112,112,96,96,0,112,112,96,96,0,0.02556247659893121,0.02559651451717213,87,87,0,5,2,2,4,16,77,12,95
47,24,640,46,100,54,98,128,41,60,19,24,128,46,84,38,0.002314578440382586,0.015521290717859695,44,75,31,2,3,3,13,3,13,54,12
48,366,566,100,100,0,104,104,85,85,0,104,104,85,85,0,0.04493005207801491,0.04506620375097859,97,97,0,3,2,2,5,40,70,3,4
49,230,1870,89,100,11,312,356,90,97,7,230,356,89,99,10,0.01232172640321318,0.040028591851322376,69,95,26,1,2,2,16,9,9,31,7
50,6,6,31,31,0,14,14,31,31,0,6,6,31,31,0,0.00030634126416828345,0.00030634126416828345,33,33,0,-1,4,4,5,1,70,88,81
51,363,979,98,100,2,152,152,99,99,0,152,152,99,99,0,0.0405731985431771,0.0494230572858164,95,99,4,2,2,2,5,29,70,1,27
52,0,0,1,1,0,0,0,1,1,0,0,0,1,1,0,0.0,0.0,1,1,0,-1,-1,-1,4,0,72,85,66
53,386,1002,99,100,1,176,176,99,99,0,176,176,99,99,0,0.03917764389529936,0.06936927737499575,96,99,3,2,2,2,5,30,63,7,2
54,2,2,28,28,0,12,12,30,30,0,2,2,28,28,0,0.00017018959120460194,0.00017018959120460194,31,31,0,-1,5,5,7,1,62,55,98
55,22,22,43,43,0,110,110,61,61,0,22,22,43,43,0,0.0021784267674189047,0.0021784267674189047,46,46,0,-1,3,3,10,2,1,52,96
56,6,6,33,33,0,24,24,38,38,0,6,6,33,33,0,0.002825147213996392,0.002825147213996392,49,49,0,-1,4,4,4,3,72,46,87
57,24,125,48,81,33,68,68,43,43,0,24,24,48,48,0,0.001599782157323258,0.001599782157323258,41,41,0,5,3,3,8,3,57,43,68
58,16,16,35,35,0,108,108,58,58,0,16,16,35,35,0,0.002723033459273631,0.002723033459273631,47,47,0,-1,3,3,13,2,13,94,99
59,100,100,75,75,0,100,100,89,89,0,100,100,89,89,0,0.03846284761224004,0.05367779706593145,95,97,2,2,1,1,4,2,73,83,16
60,0,0,1,1,0,0,0,1,1,0,0,0,1,1,0,0.0,0.0,1,1,0,-1,-1,-1,9,0,23,80,86
61,168,1808,87,100,13,318,352,91,95,4,168,352,87,96,9,0.012662105585622384,0.030463936825623743,73,90,17,1,2,2,16,6,4,77,5
62,114,730,79,100,21,176,176,87,87,0,114,176,80,90,10,0.012253650566731339,0.019878144252697506,72,82,10,2,2,2,8,5,39,25,21
63,0,616,1,100,99,0,78,1,44,43,0,78,1,59,58,0.0,0.01242384015793594,1,74,73,2,-1,3,8,0,15,80,19
64,114,730,80,100,20,176,176,87,87,0,114,176,80,88,8,0.011845195547840293,0.024609414888185438,74,85,11,2,2,2,8,6,57,77,5
65,94,710,73,100,27,48,48,60,60,0,48,48,63,63,0,0.012185574730249497,0.03672691378195309,71,92,21,2,3,3,3,8,58,8,10
66,64,270,59,92,33,124,124,66,66,0,64,72,59,61,2,0.007352190340038803,0.009360427516253106,62,69,7,3,3,3,9,4,54,38,75
67,6,622,32,100,68,14,28,32,42,10,6,28,32,48,16,0.0009190237925048504,0.006501242384015794,37,58,21,2,4,3,3,1,96,71,26
68,2,103,28,77,49,8,8,28,28,0,2,3,28,30,2,0.0,0.00017018959120460194,1,30,29,5,5,5,7,1,62,68,55
69,100,100,70,70,0,100,100,68,68,0,100,100,73,73,0,0.04670002382654277,0.04670002382654277,94,94,0,-1,1,1,6,20,48,23,36
70,0,206,1,86,85,0,28,1,31,30,0,8,1,33,32,0.0,0.0009530617107457708,1,37,36,3,-1,4,11,0,5,66,74
71,0,206,1,92,91,0,18,1,34,33,0,18,1,47,46,0.0,0.00622893903808843,1,55,54,3,-1,4,3,0,87,80,31
72,282,898,94,100,6,296,296,90,90,0,296,296,94,94,0,0.02396269444160795,0.028864154668300487,87,90,3,2,2,2,14,15,25,16,38
73,2,1642,29,100,71,7,58,29,64,35,2,58,29,65,36,0.00010211375472276115,0.03104258143571939,31,93,62,1,5,2,4,1,47,60,44
74,0,616,1,100,99,0,82,1,39,38,0,82,1,58,57,0.0,0.021477926410020762,1,81,80,2,-1,3,12,0,2,93,0
75,16,16,39,39,0,46,46,43,43,0,16,16,39,39,0,0.0017359338302869397,0.0017359338302869397,43,43,0,-1,3,3,6,2,69,94,66
76,49,1689,55,100,45,146,180,68,79,11,49,110,55,77,22,0.004731270635487933,0.018380475850097007,56,80,24,1,3,2,11,4,38,22,57
77,56,56,63,63,0,62,62,77,77,0,56,56,77,77,0,0.006909697402906838,0.006909697402906838,62,62,0,-1,2,2,3,2,58,52,59
78,0,102,1,82,81,0,5,1,28,27,0,2,1,25,24,0.0,0.00030634126416828345,1,31,30,4,-1,5,3,0,85,36,42
79,56,672,51,100,49,92,112,51,66,15,56,112,52,77,25,0.004833384390210695,0.028523775485891283,51,90,39,2,2,2,8,2,27,75,0
80,12,218,36,95,59,14,18,32,37,5,12,18,36,43,7,0.0020082371762143027,0.010211375472276116,43,73,30,3,4,4,3,2,96,75,14
81,100,100,66,66,0,100,100,43,43,0,100,100,66,66,0,0.050103815650634806,0.050103815650634806,98,98,0,-1,1,1,11,27,33,10,36
82,0,0,1,1,0,0,0,1,1,0,0,0,1,1,0,0.0,0.0,1,1,0,-1,-1,-1,16,0,9,82,69
83,16,1656,32,100,68,154,208,65,72,7,16,208,32,90,58,0.003165526396405596,0.0318935293917424,50,91,41,1,3,2,14,3,8,46,7
84,0,616,1,100,99,0,22,1,48,47,0,22,1,52,51,0.0,0.026855917492086184,1,90,89,2,-1,3,2,0,90,82,10
85,56,262,57,97,40,48,48,69,69,0,48,48,70,70,0,0.009224275843289425,0.010755982164130842,68,70,2,3,3,3,3,5,55,25,42
86,100,100,67,67,0,100,100,54,54,0,100,100,67,67,0,0.028591851322373123,0.028591851322373123,89,89,0,5,1,1,8,7,27,21,58
87,0,0,1,1,0,0,0,1,1,0,0,0,1,1,0,0.0,0.0,1,1,0,-1,-1,-1,14,0,16,80,86
88,38,244,54,97,43,32,32,58,58,0,32,32,60,60,0,0.0031314884781646754,0.021818305592429966,50,88,38,3,3,3,2,3,91,54,1
89,16,222,34,90,56,78,82,37,40,3,16,24,34,44,10,0.0011232513019503727,0.0017018959120460194,39,42,3,3,3,3,12,1,14,71,74
90,14,220,41,92,51,24,24,38,38,0,14,24,41,49,8,0.003608019333537561,0.009462541270975866,51,69,18,3,4,4,4,6,79,73,34
91,47,663,62,100,38,28,38,45,55,10,28,38,50,58,8,0.00707988699411144,0.011640968038394772,63,69,6,2,3,3,3,8,58,44,52
92,16,632,32,100,68,56,84,37,41,4,16,84,32,57,25,0.001055175465468532,0.015623404472582456,36,76,40,2,3,3,9,2,29,42,18
93,112,318,75,99,24,284,284,81,81,0,112,118,75,76,1,0.00803294870485721,0.009564655025698629,58,60,2,3,2,2,16,4,9,38,94
94,0,0,1,1,0,0,0,1,1,0,0,0,1,1,0,0.0,0.0,1,1,0,-1,-1,-1,3,0,94,99,92
95,94,94,63,63,0,104,104,73,73,0,94,94,69,69,0,0.007794683277170768,0.007794683277170768,59,59,0,-1,2,2,5,6,52,26,93
96,80,181,61,86,25,104,104,73,73,0,80,81,62,62,0,0.008951972497362062,0.009054086252084823,69,69,0,5,2,2,6,2,41,75,68
97,134,340,88,100,12,72,72,85,85,0,72,72,85,85,0,0.02474556656114912,0.034820790360461554,86,92,6,3,2,2,3,20,60,23,37
98,0,1640,1,100,99,0,40,1,43,42,0,40,1,48,47,0.0,0.025494400762449368,1,89,88,1,-1,2,4,1,67,45,69
99,57,159,63,90,27,38,38,57,57,0,38,38,60,60,0,0.006909697402906838,0.007692569522448007,61,62,1,4,3,3,3,8,85,57,61
100,42,242,57,99,42,22,22,47,47,0,22,22,52,52,0,0.00793083495013445,0.03264236359304265,66,94,28,3,3,3,2,6,89,34,2
101,255,356,96,99,3,72,72,80,80,0,72,72,80,80,0,0.03315293236665646,0.033221008203138294,92,92,0,5,2,2,3,30,66,7,78
102,16,16,34,34,0,40,40,33,33,0,16,16,34,34,0,0.0004084550188910446,0.0004084550188910446,35,35,0,-1,3,3,12,1,3,4,79
103,7,213,37,94,57,20,24,36,39,3,7,24,37,52,15,0.0002723033459273631,0.010415602981721638,33,71,38,3,4,4,4,2,78,56,5
104,135,135,83,83,0,232,232,76,76,0,135,135,83,83,0,0.008373327887266415,0.008373327887266415,64,64,0,-1,2,2,14,8,8,57,97
105,100,100,77,77,0,100,100,97,97,0,100,100,97,97,0,0.08169100377820893,0.08301848258960481,100,100,0,3,1,1,3,30,55,7,41
106,30,30,50,50,0,28,28,40,40,0,28,28,49,49,0,0.00445896728956057,0.00445896728956057,53,53,0,-1,3,3,3,6,82,73,85
107,16,16,34,34,0,54,54,35,35,0,16,16,34,34,0,0.0010892133837094523,0.0010892133837094523,39,39,0,-1,3,3,8,1,42,71,98
108,124,740,80,100,20,112,112,92,92,0,112,112,92,92,0,0.016099935327955343,0.027128220838013545,78,91,13,2,2,2,4,6,53,77,17
109,0,616,1,100,99,0,60,1,36,35,0,36,1,47,46,0.0,0.0042547397801150485,1,54,53,2,-1,3,11,0,38,92,26
110,40,246,52,95,43,60,64,52,61,9,40,64,52,68,16,0.006671431975220395,0.013444977705163553,58,75,17,3,2,2,5,1,45,90,8
111,40,240,61,100,39,22,22,55,55,0,22,22,57,57,0,0.005548180673270023,0.016882807447496512,58,81,23,3,3,3,2,6,97,41,18
112,32,632,49,100,51,24,24,42,42,0,32,24,55,48,-7,0.003710133088260322,0.01153885428367201,50,73,23,2,3,3,3,2,60,75,31
113,184,284,92,98,6,48,48,69,69,0,48,48,70,70,0,0.021920419347152727,0.02198849518363457,88,88,0,4,3,3,3,19,55,15,4
114,25,25,54,54,0,44,44,53,53,0,25,25,54,54,0,0.005071649817897137,0.005071649817897137,58,58,0,-1,3,3,4,6,78,73,69
115,88,88,74,74,0,48,48,72,72,0,48,48,74,74,0,0.015214949453691413,0.015214949453691413,79,79,0,-1,3,3,3,13,60,33,96
116,16,632,31,100,69,74,74,35,35,0,16,32,31,41,10,0.00037441710065012424,0.0020422750944552232,35,43,8,2,3,3,14,1,25,49,53
117,100,100,60,60,0,100,100,40,40,0,100,100,60,60,0,0.0489124885122026,0.07049252867694612,98,100,2,1,1,1,14,29,25,1,9
118,42,42,59,59,0,46,46,81,81,0,42,42,81,81,0,0.012968446849790666,0.012968446849790666,77,77,0,-1,2,2,2,2,90,75,85
119,160,366,86,97,11,164,164,77,77,0,160,164,86,86,0,0.010517716736444398,0.012015385139044895,70,71,1,3,2,2,10,13,36,24,54
120,251,451,97,100,3,72,72,85,85,0,72,72,85,85,0,0.03543347288879812,0.04135607066271827,93,95,2,3,2,2,3,29,60,1,25
121,0,206,1,93,92,0,10,1,30,29,0,10,1,40,39,0.0,0.0036760951700194017,1,48,47,3,-1,4,3,0,92,80,47
122,91,191,65,90,25,86,86,56,56,0,91,91,71,71,0,0.007692569522448007,0.007692569522448007,60,60,0,5,2,2,6,6,51,35,58
123,250,250,94,94,0,72,72,77,77,0,72,72,77,77,0,0.03094046768099663,0.03094046768099663,91,91,0,-1,2,2,3,22,82,9,76
124,6,622,29,100,71,23,58,29,33,4,6,48,29,50,21,0.00010211375472276115,0.007352190340038803,31,58,27,2,4,3,10,1,0,60,34
125,100,100,73,73,0,100,100,87,87,0,100,100,87,87,0,0.0547670104496409,0.0547670104496409,97,97,0,-1,1,1,4,18,79,5,97
126,92,193,65,91,26,118,118,68,68,0,92,93,65,65,0,0.010790020082371761,0.010824058000612683,69,69,0,5,3,3,8,8,21,20,95
127,100,100,67,67,0,100,100,54,54,0,100,100,67,67,0,0.023179822322066782,0.033935804486197624,85,92,7,2,1,1,9,6,35,26,33
128,8,110,36,84,48,14,14,34,34,0,8,10,36,37,1,0.0007828721195411688,0.0011232513019503727,37,40,3,4,4,4,3,2,60,63,42
129,0,0,1,1,0,0,0,1,1,0,0,0,1,1,0,0.0,0.0,1,1,0,-1,-1,-1,3,0,75,84,85
130,0,206,1,95,94,0,7,1,31,30,0,7,1,36,35,0.0,0.0007147962830593281,1,35,34,3,-1,4,2,0,95,76,64
131,18,119,48,84,36,38,38,55,55,0,18,19,47,48,1,0.0017359338302869397,0.0019061234214915416,41,46,5,5,3,3,3,2,76,61,60
132,221,837,93,100,7,72,72,80,80,0,72,72,80,80,0,0.03359542530378842,0.04785731304673406,91,96,5,2,2,2,3,29,76,0,23
133,0,206,1,89,88,0,36,1,33,32,0,24,1,43,42,0.0,0.004288777698355968,1,53,52,3,-1,4,6,0,40,36,38
134,2,1642,26,100,74,12,120,26,60,34,2,120,26,74,48,0.0,0.017018959120460194,1,77,76,1,5,2,11,1,5,78,14
135,18,634,50,100,50,30,64,45,63,18,18,64,50,66,16,0.0030293747234419145,0.021784267674189048,49,85,36,2,3,3,4,2,77,75,16
136,100,100,72,72,0,100,100,87,87,0,100,100,87,87,0,0.0704584907587052,0.07587051975901155,98,98,0,2,1,1,4,27,53,10,44
137,22,1662,43,100,57,82,116,50,76,26,22,116,43,79,36,0.004186663943633207,0.03213179481942884,51,89,38,1,3,2,7,3,43,29,23
138,100,100,60,60,0,100,100,40,40,0,100,100,60,60,0,0.0212056230640934,0.0212056230640934,81,81,0,-1,1,1,14,9,25,27,69
139,78,179,77,96,19,32,32,67,67,0,32,32,68,68,0,0.01242384015793594,0.01245787807617686,74,74,0,6,3,3,2,8,97,17,68
140,0,206,1,97,96,0,8,1,34,33,0,8,1,40,39,0.0,0.0035739814152966403,1,49,48,3,-1,4,2,0,97,91,29
141,0,206,1,97,96,0,8,1,34,33,0,8,1,39,38,0.0,0.0048674223084516155,1,55,54,3,-1,4,2,0,97,92,44
142,6,212,32,95,63,12,12,41,41,0,6,12,32,40,8,0.0007828721195411688,0.005718370264474625,36,57,21,3,4,4,2,2,95,42,44
143,0,0,1,1,0,0,0,1,1,0,0,0,1,1,0,0.0,0.0,1,1,0,-1,-1,-1,6,0,44,59,89
144,100,100,81,81,0,100,100,96,96,0,100,100,96,96,0,0.06872255692841826,0.07151366622417372,100,100,0,3,1,1,3,18,92,30,35
145,12,114,35,82,47,18,18,35,35,0,12,18,35,45,10,0.0026549576227917903,0.003710133088260322,48,50,2,4,4,4,3,2,94,75,52
146,234,850,91,100,9,120,120,77,77,0,120,120,84,84,0,0.019571802988529223,0.027877055039313797,83,89,6,2,2,2,6,16,40,12,14
147,56,158,58,87,29,54,54,53,53,0,54,54,57,57,0,0.004935498144933456,0.006501242384015794,55,58,3,4,3,3,4,6,79,35,83
148,190,396,88,98,10,204,204,86,86,0,190,204,88,90,2,0.013989584397018279,0.014329963579427483,75,76,1,3,2,2,11,13,38,33,49
149,2,2,27,27,0,4,4,27,27,0,2,2,27,27,0,6.807583648184077e-05,6.807583648184077e-05,27,27,0,-1,5,5,3,1,92,60,66
150,0,102,1,74,73,0,12,1,26,25,0,2,1,25,24,0.0,0.00013615167296368154,1,29,28,4,-1,5,10,1,18,69,65
151,190,806,90,100,10,126,126,80,80,0,126,126,83,83,0,0.021137547227611558,0.04186663943633207,82,96,14,2,2,2,7,16,62,18,1
152,96,96,63,63,0,100,100,59,59,0,100,100,64,64,0,0.009190237925048503,0.009190237925048503,65,65,0,-1,2,2,6,8,40,57,96
153,52,668,50,100,50,62,62,48,48,0,50,62,50,57,7,0.003880322679464924,0.021920419347152727,49,86,37,2,3,3,6,6,56,41,9
154,32,648,44,100,56,78,88,45,46,1,32,68,44,57,13,0.0012934408931549745,0.005684332346233704,41,57,16,2,3,3,8,2,42,74,26
155,0,1640,1,100,99,0,68,1,70,69,0,68,1,72,71,0.0,0.04527043126042411,1,97,96,1,-1,2,4,0,47,79,1
156,18,224,39,93,54,84,88,39,40,1,18,24,39,44,5,0.0005105687736138058,0.002144388849177984,35,45,10,3,3,3,12,2,6,56,94
157,46,246,62,97,35,22,22,52,52,0,22,22,55,55,0,0.006705469893461316,0.014023622315259198,62,79,17,3,3,3,2,6,98,13,33
158,62,1702,54,100,46,102,146,64,78,14,62,146,54,86,32,0.0024507301133462676,0.04632560672589264,46,97,51,1,2,2,8,4,30,64,11
159,270,371,95,99,4,104,104,85,85,0,104,104,86,86,0,0.03066816433506927,0.030736240171551108,89,89,0,5,2,2,5,22,37,9,4
160,0,0,1,1,0,0,0,1,1,0,0,0,1,1,0,0.0,0.0,1,1,0,-1,-1,-1,5,0,63,92,86
161,0,206,1,90,89,0,12,1,31,30,0,8,1,36,35,0.0,0.0007488342013002485,1,38,37,3,-1,4,4,0,79,67,74
162,0,206,1,90,89,0,32,1,29,28,0,6,1,26,25,0.0,0.00037441710065012424,1,35,34,3,-1,4,14,0,8,97,42
163,0,616,1,100,99,0,20,1,44,43,0,17,1,46,45,0.0,0.005718370264474625,1,58,57,2,-1,3,3,0,85,86,74
164,2,2,28,28,0,6,6,30,30,0,2,2,28,28,0,0.00013615167296368154,0.00013615167296368154,31,31,0,-1,5,5,3,1,64,4,98
165,2,208,26,88,62,10,26,28,31,3,2,16,26,34,8,0.00010211375472276115,0.0026889955410327104,29,47,18,3,5,4,7,1,24,68,73
166,0,616,1,100,99,0,52,1,44,43,0,52,1,56,55,0.0,0.01494264610776405,1,80,79,2,-1,3,6,0,48,84,12
167,16,632,37,100,63,56,66,45,47,2,16,66,37,58,21,0.0026549576227917903,0.010994247591817285,48,70,22,2,3,3,6,2,59,94,8
168,8,214,38,97,59,8,8,33,33,0,8,8,38,38,0,0.0005105687736138058,0.019980258007420267,34,85,51,3,4,4,2,2,99,63,0
169,6,212,31,92,61,27,42,32,33,1,6,20,31,41,10,6.807583648184077e-05,0.002927260968719153,27,49,22,3,4,4,11,1,19,95,73
170,58,264,68,98,30,32,32,63,63,0,32,32,65,65,0,0.010279451308757957,0.015827631982027978,69,80,11,3,3,3,2,6,98,77,31
171,166,372,88,97,9,198,198,86,86,0,166,198,88,91,3,0.014466115252391163,0.015521290717859695,79,79,0,3,2,2,10,9,36,27,64
172,28,28,43,43,0,126,126,59,59,0,28,28,43,43,0,0.0024166921951053475,0.0024166921951053475,46,46,0,-1,3,3,16,3,9,54,86
173,272,272,98,98,0,72,72,86,86,0,72,72,86,86,0,0.041049729398549985,0.041049729398549985,93,93,0,-1,2,2,3,30,92,7,97
174,0,616,1,100,99,0,28,1,42,41,0,28,1,49,48,0.0,0.013036522686272508,1,79,78,2,-1,3,3,0,75,40,12
175,100,100,66,66,0,100,100,45,45,0,100,100,66,66,0,0.038224582184553595,0.038224582184553595,95,95,0,-1,1,1,10,19,1,15,82
176,0,616,1,100,99,0,94,1,36,35,0,44,1,48,47,0.0,0.006262976956329351,1,56,55,2,-1,3,16,0,4,36,48
177,8,214,35,93,58,26,30,37,40,3,8,30,35,51,16,0.0010892133837094523,0.007454304094761564,39,64,25,3,4,4,5,2,70,74,25
178,70,70,63,63,0,108,108,69,69,0,70,70,63,63,0,0.005820484019197386,0.005820484019197386,59,59,0,-1,3,3,8,5,39,47,98
179,72,72,73,73,0,48,48,73,73,0,48,48,75,75,0,0.013717281051090916,0.013717281051090916,75,75,0,-1,3,3,3,8,92,20,97
180,0,206,1,92,91,0,16,1,29,28,0,8,1,33,32,0.0,0.0017018959120460194,1,42,41,3,-1,4,6,0,59,40,83
181,0,0,1,1,0,0,0,1,1,0,0,0,1,1,0,0.0,0.0,1,1,0,-1,-1,-1,10,0,18,59,79
182,56,157,63,89,26,38,38,56,56,0,38,38,57,57,0,0.010926171755335444,0.010960209673576363,71,71,0,6,3,3,3,5,60,25,68
183,111,213,74,92,18,94,94,62,62,0,94,94,69,69,0,0.008373327887266415,0.008611593314952858,62,63,1,4,2,2,5,8,52,57,88
184,16,632,36,100,64,52,80,36,44,8,16,66,36,56,20,0.0007147962830593281,0.005956635692161067,38,58,20,2,3,3,9,2,28,42,47
185,116,1756,79,100,21,174,198,84,85,1,116,198,79,91,12,0.014023622315259198,0.03529732121583444,78,93,15,1,2,2,10,8,36,20,12
186,0,1640,1,100,99,0,104,1,57,56,0,82,1,58,57,0.0,0.014534191088873005,1,77,76,1,-1,2,12,0,3,84,48
187,88,688,60,100,40,164,164,76,76,0,88,164,60,85,25,0.008101024541339052,0.028591851322373123,63,88,25,2,2,2,10,4,11,38,7
188,0,616,1,100,99,0,28,1,42,41,0,28,1,49,48,0.0,0.01153885428367201,1,75,74,2,-1,3,3,1,96,69,20
189,212,418,92,100,8,88,88,77,77,0,88,88,77,77,0,0.024371149460498995,0.029306647605432452,86,88,2,3,2,2,4,19,79,15,25
190,0,0,1,1,0,0,0,1,1,0,0,0,1,1,0,0.0,0.0,1,1,0,-1,-1,-1,4,0,83,59,79
191,235,435,93,100,7,158,158,98,98,0,158,158,98,98,0,0.02038871302631131,0.020763130126961436,81,82,1,3,2,2,6,15,74,19,4
192,2,208,28,94,66,7,28,28,33,5,2,8,28,34,6,0.0,0.001599782157323258,1,42,41,3,5,4,6,1,32,68,53
193,150,150,90,90,0,72,72,87,87,0,72,72,87,87,0,0.027706865448109193,0.027706865448109193,89,89,0,-1,2,2,3,17,55,6,82
194,88,294,57,95,38,218,218,72,72,0,88,98,57,58,1,0.007658531604207087,0.009020048333843901,59,64,5,3,2,2,14,4,16,72,54
195,345,551,96,100,4,128,128,90,90,0,128,128,90,90,0,0.03563770039824364,0.03655672419074849,90,90,0,3,2,2,5,29,61,11,52
196,6,1646,28,100,72,43,142,30,59,29,6,134,28,84,56,0.00017018959120460194,0.02018448551686579,29,81,52,1,4,2,16,1,4,65,6
197,29,235,54,94,40,38,38,55,55,0,38,38,58,58,0,0.00439089145307873,0.011096361346540046,55,73,18,3,3,3,3,4,76,22,32
198,0,616,1,100,99,0,40,1,43,42,0,40,1,52,51,0.0,0.016202049082678104,1,78,77,2,-1,3,5,0,70,82,23
199,219,321,91,95,4,184,184,78,78,0,184,184,87,87,0,0.022328874366043774,0.02236291228428469,85,85,0,4,2,2,10,20,18,23,95
200,100,100,64,64,0,100,100,57,57,0,100,100,65,65,0,0.037509785901494265,0.05946424316688791,96,98,2,2,1,1,8,9,10,39,0
201,32,1672,51,100,49,78,112,49,65,16,32,112,51,77,26,0.0026209197045508697,0.02277136730317574,49,86,37,1,3,2,8,2,21,52,44
202,0,206,1,89,88,0,21,1,28,27,0,8,1,33,32,0.0,0.00034037918240920387,1,33,32,3,-1,4,10,1,18,50,63
203,14,116,39,81,42,18,18,36,36,0,14,18,39,46,7,0.001940161339732462,0.002144388849177984,46,46,0,4,4,4,3,3,64,54,88
204,377,993,100,100,0,192,192,99,99,0,192,192,99,99,0,0.04666598590830185,0.05534565505973655,98,99,1,2,2,2,6,29,69,11,39
205,0,616,1,100,99,0,46,1,37,36,0,49,1,53,52,0.0,0.007420266176520644,1,62,61,2,-1,3,7,0,43,79,44
206,32,32,51,51,0,38,38,51,51,0,38,38,54,54,0,0.0040845501889104465,0.0040845501889104465,52,52,0,-1,3,3,3,6,94,41,45
207,0,616,1,100,99,0,45,1,33,32,0,25,1,44,43,0.0,0.0025188059498281084,1,45,44,2,-1,3,12,0,3,91,41
208,0,102,1,75,74,0,7,1,25,24,0,2,1,25,24,0.0,0.00010211375472276115,1,27,26,4,-1,5,6,0,51,85,68
209,182,382,92,99,7,102,102,94,94,0,102,102,94,94,0,0.026243234963749616,0.029034344259505088,88,90,2,3,2,2,4,20,73,23,28
210,12,12,36,36,0,14,14,32,32,0,12,12,36,36,0,0.0004084550188910446,0.0004084550188910446,34,34,0,-1,4,4,3,2,96,63,84
211,0,206,1,89,88,0,34,1,33,32,0,13,1,39,38,0.0,0.0021784267674189047,1,44,43,3,-1,4,9,0,26,82,70
212,0,0,1,1,0,0,0,1,1,0,0,0,1,1,0,0.0,0.0,1,1,0,-1,-1,-1,6,0,34,87,36
213,0,0,1,1,0,0,0,1,1,0,0,0,1,1,0,0.0,0.0,1,1,0,-1,-1,-1,2,1,91,50,86
214,139,139,82,82,0,120,120,80,80,0,120,120,81,81,0,0.015623404472582456,0.015623404472582456,77,77,0,-1,2,2,6,15,34,19,45
215,91,707,66,100,34,90,100,61,62,1,91,100,66,67,1,0.007590455767725246,0.018925082541951733,62,81,19,2,2,2,6,6,41,35,19
216,40,142,50,84,34,66,66,54,54,0,40,42,50,50,0,0.002382654276864427,0.0027911092957554717,45,46,1,4,2,2,6,1,69,49,42
217,90,192,77,94,17,32,32,58,58,0,32,32,60,60,0,0.016474352428605468,0.017393376221110316,81,82,1,4,3,3,2,18,91,30,71
218,16,16,40,40,0,28,28,45,45,0,16,16,40,40,0,0.002314578440382586,0.002314578440382586,46,46,0,-1,3,3,3,1,94,53,89
219,16,222,35,93,58,34,34,39,39,0,16,34,35,45,10,0.002144388849177984,0.0068075836481840775,40,56,16,3,3,3,4,2,67,94,62
220,74,280,60,94,34,100,100,66,66,0,74,100,60,71,11,0.006671431975220395,0.008237176214302734,59,64,5,3,2,2,6,6,44,26,75
221,142,758,82,100,18,86,86,56,56,0,86,86,62,62,0,0.013070560604513427,0.018176248340651485,75,79,4,2,3,3,6,14,51,14,38
222,0,616,1,100,99,0,130,1,59,58,0,130,1,76,75,0.0,0.020831205963443275,1,84,83,2,-1,3,15,0,7,93,11
223,0,1640,1,100,99,0,100,1,43,42,0,54,1,55,54,0.0,0.013921508560536438,1,75,74,1,-1,2,11,1,19,50,62
224,6,1646,29,100,71,19,102,29,60,31,6,102,29,75,46,0.0002382654276864427,0.03332312195786106,33,89,56,1,4,2,8,1,15,55,11
225,102,718,83,100,17,48,48,72,72,0,48,48,74,74,0,0.01320671227747711,0.032029681064706085,75,92,17,2,3,3,3,14,60,14,15
226,62,62,53,53,0,108,108,58,58,0,62,62,53,53,0,0.003165526396405596,0.003165526396405596,49,49,0,-1,2,2,12,3,3,54,85
227,0,616,1,100,99,0,56,1,44,43,0,56,1,57,56,0.0,0.01589570781850982,1,80,79,2,-1,3,6,1,44,69,18
228,377,993,97,100,3,230,230,95,95,0,230,230,95,95,0,0.03553558664352088,0.04254739780115048,91,96,5,2,2,2,9,29,31,11,21
229,212,212,95,95,0,38,38,56,56,0,38,38,57,57,0,0.030293747234419143,0.030293747234419143,90,90,0,-1,3,3,3,27,60,10,87
230,100,100,57,57,0,100,100,38,38,0,100,100,57,57,0,0.04663194799006093,0.0490826781034072,98,98,0,2,1,1,16,29,4,11,41
231,104,104,80,80,0,50,50,45,45,0,50,50,56,56,0,0.010960209673576363,0.010960209673576363,74,74,0,-1,3,3,5,14,45,32,86
232,0,616,1,100,99,0,58,1,42,41,0,50,1,50,49,0.0,0.004765308553728854,1,53,52,2,-1,3,7,0,46,67,47
233,0,0,1,1,0,0,0,1,1,0,0,0,1,1,0,0.0,0.0,1,1,0,-1,-1,-1,3,0,81,67,76
234,6,6,29,29,0,52,52,35,35,0,6,6,29,29,0,0.0008169100377820892,0.0008169100377820892,36,36,0,-1,4,4,10,2,18,42,67
235,68,274,66,97,31,62,62,80,80,0,62,62,80,80,0,0.009122162088566664,0.014500153170632085,66,77,11,3,2,2,3,4,55,72,31
236,244,444,97,100,3,96,96,90,90,0,96,96,90,90,0,0.033935804486197624,0.04312604241124613,94,95,1,3,2,2,3,22,75,9,6
237,266,1866,96,100,4,256,256,97,97,0,256,256,97,97,0,0.024507301133462677,0.04469178665032847,87,96,9,1,2,2,10,16,36,18,30
238,0,0,1,1,0,0,0,1,1,0,0,0,1,1,0,0.0,0.0,1,1,0,-1,-1,-1,4,0,84,91,66
239,0,616,1,100,99,0,34,1,44,43,0,34,1,52,51,0.0,0.016236087000919025,1,79,78,2,-1,3,4,0,84,80,30
240,32,32,48,48,0,78,78,45,45,0,32,32,48,48,0,0.003608019333537561,0.003608019333537561,51,51,0,-1,3,3,8,2,15,75,87
241,6,108,29,82,53,14,14,32,32,0,6,10,29,34,5,0.000442492937131965,0.0014636304843595766,34,40,6,4,4,4,3,1,82,49,51
242,386,488,98,99,1,374,374,99,99,0,374,374,99,99,0,0.026107083290785937,0.026277272881990537,88,88,0,4,2,2,15,19,7,15,65
243,22,228,43,89,46,80,84,44,45,1,22,34,43,46,3,0.0028932230504782326,0.0057524081827155455,49,54,5,3,3,3,9,2,54,75,29
244,132,1772,78,100,22,190,214,74,82,8,132,214,78,88,10,0.010824058000612683,0.02365635317743967,71,85,14,1,2,2,11,9,5,27,28
245,6,212,32,91,59,12,24,32,37,5,6,12,32,38,6,0.0002723033459273631,0.002280540522141666,32,45,13,3,4,4,4,1,79,55,53
246,42,42,57,57,0,46,46,81,81,0,42,42,81,81,0,0.010007147962830594,0.010007147962830594,70,70,0,-1,2,2,2,2,89,74,36
247,172,788,88,100,12,88,88,71,71,0,88,88,71,71,0,0.019980258007420267,0.04149222233568195,85,96,11,2,2,2,4,18,53,30,7
248,88,704,57,100,43,214,224,74,75,1,88,113,57,75,18,0.007624493685966166,0.011062323428299126,60,66,6,2,2,2,15,7,7,62,73
249,100,100,62,62,0,100,100,48,48,0,100,100,62,62,0,0.03230198441063344,0.03257428775656081,89,89,0,3,1,1,10,15,11,19,88
250,6,622,29,100,71,18,32,33,37,4,6,32,29,51,22,0.00017018959120460194,0.00966676878042139,32,69,37,2,4,3,5,1,61,4,14
251,0,0,1,1,0,0,0,1,1,0,0,0,1,1,0,0.0,0.0,1,1,0,-1,-1,-1,8,0,30,98,36
252,121,321,83,96,13,86,86,62,62,0,86,86,68,68,0,0.016712617856291908,0.01773375540351952,82,82,0,3,3,3,6,12,32,37,54
253,12,218,34,90,56,28,28,34,34,0,12,28,34,43,9,0.0012594029749140542,0.0057524081827155455,37,52,15,3,4,4,6,3,71,51,57
254,62,164,63,91,28,48,48,54,54,0,48,48,56,56,0,0.008373327887266415,0.009292351679771264,63,65,2,4,3,3,3,6,87,34,43
255,74,280,70,96,26,44,44,54,54,0,44,44,58,58,0,0.01143674052894925,0.01242384015793594,72,74,2,3,3,3,4,8,77,8,61
256,280,280,97,97,0,88,88,71,71,0,88,88,71,71,0,0.029408761360155213,0.029408761360155213,93,93,0,-1,2,2,4,29,53,0,87
257,2,2,27,27,0,6,6,27,27,0,2,2,27,27,0,6.807583648184077e-05,6.807583648184077e-05,28,28,0,-1,5,5,5,1,63,68,93
258,149,765,90,100,10,56,56,86,86,0,56,56,86,86,0,0.039279757650022125,0.07056060451342795,96,98,2,2,2,2,2,20,95,23,2
259,2,2,27,27,0,8,8,29,29,0,2,2,27,27,0,0.00010211375472276115,0.00010211375472276115,29,29,0,-1,5,5,4,1,53,95,36
260,78,284,57,94,37,104,104,73,73,0,78,104,58,78,20,0.009292351679771264,0.012049423057285817,65,75,10,3,2,2,5,4,52,38,73
261,2,208,27,95,68,5,10,27,30,3,2,8,27,33,6,0.0,0.00088498587426393,1,34,33,3,5,4,3,1,94,68,49
262,2,208,28,96,68,4,8,30,33,3,2,8,28,39,11,0.0005105687736138058,0.005616256509751864,37,56,19,3,5,4,2,2,93,42,48
263,145,145,83,83,0,64,64,60,60,0,64,64,63,63,0,0.01943565131556554,0.01943565131556554,83,83,0,-1,3,3,4,20,83,23,69
264,58,674,55,100,45,66,76,44,54,10,58,76,55,59,4,0.009020048333843901,0.01405766023350012,67,75,8,2,3,3,6,6,51,34,13
265,149,355,84,96,12,180,180,92,92,0,149,180,84,93,9,0.010415602981721638,0.011879233466081215,69,71,2,3,2,2,8,8,15,57,52
266,6,6,28,28,0,27,27,28,28,0,6,6,28,28,0,0.0002723033459273631,0.0002723033459273631,30,30,0,-1,4,4,10,1,36,55,79
267,2,1642,27,100,73,7,58,27,46,19,2,49,27,52,25,0.0,0.017597603730555838,1,81,80,1,5,2,6,2,41,58,54
268,0,616,1,100,99,0,64,1,38,37,0,64,1,55,54,0.0,0.014704380680077607,1,75,74,2,-1,3,8,0,10,86,15
269,161,367,92,98,6,72,72,79,79,0,72,72,80,80,0,0.025936893699581333,0.03328908403962014,91,94,3,3,2,2,3,15,75,16,19
270,8,214,38,91,53,16,24,33,39,6,8,24,38,50,12,0.0004084550188910446,0.013376901868681712,35,74,39,3,4,4,4,2,84,63,23
271,22,22,39,39,0,164,164,70,70,0,22,22,39,39,0,0.001940161339732462,0.001940161339732462,41,41,0,-1,3,3,14,2,17,61,86
272,88,1728,61,100,39,158,192,82,92,10,88,192,61,93,32,0.007658531604207087,0.030497974743864665,61,92,31,1,2,2,9,4,35,72,12
273,0,616,1,100,99,0,28,1,42,41,0,28,1,49,48,0.0,0.013479015623404473,1,78,77,2,-1,3,3,0,96,91,39
274,0,206,1,92,91,0,52,1,33,32,0,32,1,46,45,0.0,0.003710133088260322,1,50,49,3,-1,4,10,0,36,79,13
275,100,100,66,66,0,100,100,43,43,0,100,100,66,66,0,0.04649579631709724,0.04649579631709724,95,95,0,-1,1,1,11,22,33,9,93
276,0,1640,1,100,99,0,60,1,48,47,0,60,1,58,57,0.0,0.022533101875489295,1,84,83,1,-1,2,5,0,88,79,35
277,0,0,1,1,0,0,0,1,1,0,0,0,1,1,0,0.0,0.0,1,1,0,-1,-1,-1,4,0,53,84,67
278,62,268,54,94,40,74,74,52,52,0,62,62,54,54,0,0.0051397256543789785,0.005514142755029102,54,54,0,3,2,2,5,3,52,54,4
279,100,100,66,66,0,100,100,60,60,0,100,100,68,68,0,0.04472582456856938,0.051158991116103336,97,97,0,3,1,1,7,20,43,23,24
280,73,73,64,64,0,54,54,54,54,0,54,54,58,58,0,0.006773545729943157,0.006773545729943157,60,60,0,-1,3,3,4,8,47,57,99
281,16,16,36,36,0,40,40,42,42,0,16,16,36,36,0,0.002110350930937064,0.002110350930937064,46,46,0,-1,3,3,5,1,61,53,91
282,0,1640,1,100,99,0,148,1,70,69,0,148,1,84,83,0.0,0.04111780523503183,1,93,92,1,-1,2,9,0,28,86,2
283,100,100,69,69,0,100,100,87,87,0,100,100,87,87,0,0.04649579631709724,0.04670002382654277,96,96,0,5,1,1,4,5,83,25,55
284,0,101,1,77,76,0,10,1,25,24,0,1,1,25,24,0.0,6.807583648184077e-05,1,28,27,5,-1,6,10,0,1,93,78
285,66,272,69,98,29,38,38,52,52,0,38,38,55,55,0,0.008203138296061813,0.014227849824704722,68,80,12,3,3,3,3,7,66,21,34
286,77,283,65,93,28,124,124,68,68,0,77,124,65,81,16,0.00789679703189353,0.010892133837094524,65,72,7,3,3,3,9,8,31,44,28
287,28,644,49,100,51,46,66,42,53,11,28,66,49,59,10,0.0014295925661186562,0.025902855781340415,41,86,45,2,3,3,6,4,74,64,1
288,84,290,73,98,25,72,72,80,80,0,72,72,80,80,0,0.011300588855985567,0.014295925661186561,74,79,5,3,2,2,3,9,66,31,73
289,6,622,30,100,70,32,68,31,37,6,6,54,30,55,25,0.00017018959120460194,0.008101024541339052,30,64,34,2,4,3,11,1,38,65,17
290,104,104,77,77,0,172,172,85,85,0,104,104,77,77,0,0.013887470642295518,0.013887470642295518,74,74,0,-1,2,2,9,6,23,34,99
291,16,117,36,76,40,54,54,42,42,0,16,17,36,39,3,0.0007488342013002485,0.0007488342013002485,36,36,0,5,3,3,7,2,46,42,65
292,0,102,1,80,79,0,4,1,27,26,0,2,1,27,26,0.0,0.00030634126416828345,1,34,33,4,-1,5,3,0,76,93,49
293,10,112,38,82,44,18,18,35,35,0,10,18,38,45,7,0.0012594029749140542,0.0019741992579733825,40,43,3,4,4,4,3,3,58,43,61
294,78,678,56,100,44,206,206,76,76,0,78,206,56,91,35,0.008441403723748256,0.01766567956703768,66,80,14,2,2,2,12,7,6,62,19
295,72,688,61,100,39,60,70,51,55,4,60,70,57,62,5,0.008611593314952858,0.02825147213996392,67,88,21,2,3,3,5,7,37,48,7
296,0,616,1,99,98,0,102,1,55,54,0,102,1,75,74,0.0,0.020899281799925118,1,83,82,2,-1,3,12,0,14,85,10
297,168,168,88,88,0,144,144,69,69,0,144,144,86,86,0,0.011402702610708328,0.011402702610708328,74,74,0,-1,2,2,10,14,1,32,87
298,210,312,90,96,6,256,256,94,94,0,210,212,91,91,0,0.018176248340651485,0.018176248340651485,79,79,0,4,2,2,10,9,11,39,95
299,0,102,1,76,75,0,4,1,27,26,0,2,1,27,26,0.0,6.807583648184077e-05,1,29,28,4,-1,5,3,0,64,59,60
300,164,1804,86,100,14,142,166,76,84,8,142,166,84,88,4,0.011368664692467409,0.02923857176895061,72,89,17,1,2,2,8,13,30,24,14
301,50,666,65,100,35,12,22,37,46,9,12,22,41,50,9,0.007216038667075122,0.020763130126961436,64,86,22,2,4,3,2,9,89,31,39
302,100,100,62,62,0,100,100,45,45,0,100,100,62,62,0,0.042683549474114166,0.05156744613499439,96,100,4,2,1,1,12,20,3,23,14
303,0,102,1,75,74,0,6,1,25,24,0,2,1,25,24,0.0,0.00017018959120460194,1,30,29,4,-1,5,5,0,80,97,55
304,291,393,96,98,2,272,272,96,96,0,272,272,96,96,0,0.025902855781340415,0.026073045372545015,87,87,0,4,2,2,11,15,38,16,63
305,2,2,27,27,0,17,17,28,28,0,2,2,27,27,0,0.00010211375472276115,0.00010211375472276115,30,30,0,-1,5,5,10,1,12,55,45
306,281,281,96,96,0,358,358,95,95,0,281,281,96,96,0,0.026958031246808945,0.026958031246808945,88,88,0,-1,2,2,17,20,20,23,67
307,63,679,60,100,40,110,110,80,80,0,63,110,60,82,22,0.0061949011198475104,0.03951802307770857,57,93,36,2,2,2,6,4,48,22,2
308,0,616,1,99,98,0,56,1,33,32,0,16,1,34,33,0.0,0.0020763130126961434,1,44,43,2,-1,3,11,0,5,93,53
309,154,360,89,99,10,88,88,80,80,0,88,88,80,80,0,0.02215868477483917,0.02746860002042275,84,88,4,3,2,2,4,18,84,5,44
310,156,156,85,85,0,162,162,80,80,0,156,156,86,86,0,0.013751318969331836,0.013751318969331836,77,77,0,-1,2,2,9,8,28,8,92
311,122,328,87,98,11,48,48,65,65,0,48,48,68,68,0,0.017801831240001363,0.025358249089485686,83,90,7,3,3,3,3,17,66,6,14
312,16,16,40,40,0,94,94,51,51,0,16,16,40,40,0,0.0020422750944552232,0.0020422750944552232,43,43,0,-1,3,3,9,1,26,53,67
313,90,90,67,67,0,100,100,69,69,0,90,90,69,69,0,0.008271214132543654,0.008271214132543654,65,65,0,-1,2,2,6,6,34,28,67
314,0,206,1,89,88,0,30,1,32,31,0,6,1,28,27,0.0,0.0002723033459273631,1,31,30,3,-1,4,12,0,3,66,49
315,149,149,82,82,0,110,110,74,74,0,110,110,76,76,0,0.018040096667687803,0.018040096667687803,80,80,0,-1,2,2,6,12,41,37,59
316,126,228,81,94,13,148,148,78,78,0,126,128,81,82,1,0.012185574730249497,0.01245787807617686,73,73,0,4,2,2,9,8,35,17,55
317,0,1640,1,100,99,0,106,1,57,56,0,106,1,74,73,0.0,0.018822968787228972,1,78,77,1,-1,2,12,0,2,79,19
318,230,230,95,95,0,64,64,68,68,0,64,64,71,71,0,0.03226794649239253,0.03226794649239253,91,91,0,-1,3,3,4,29,72,0,69
319,96,712,67,100,33,56,66,44,49,5,56,66,52,60,8,0.009258313761530345,0.016984921202219273,66,78,12,2,3,3,6,13,56,24,20
320,76,282,56,95,39,168,168,68,68,0,76,82,56,59,3,0.007998910786616291,0.0088498587426393,64,64,0,3,3,3,13,6,13,34,42
321,84,290,63,94,31,154,154,75,75,0,84,94,63,64,1,0.006092787365124749,0.009326389598012186,58,68,10,3,2,2,10,6,12,28,73
322,270,886,91,100,9,286,296,88,89,1,270,296,91,93,2,0.0212056230640934,0.025154021580040164,81,89,8,2,2,2,14,18,25,30,75
323,420,420,100,100,0,280,280,100,100,0,280,280,100,100,0,0.036624800027230335,0.036624800027230335,93,93,0,-1,2,2,10,27,36,10,99
324,20,20,45,45,0,40,40,43,43,0,20,20,45,45,0,0.0015657442390823377,0.0015657442390823377,43,43,0,-1,3,3,5,3,45,43,66
325,0,206,1,91,90,0,24,1,36,35,0,24,1,49,48,0.0,0.012389802239695021,1,76,75,3,-1,4,4,0,83,96,23
326,100,100,76,76,0,100,100,91,91,0,100,100,91,91,0,0.04043704687021342,0.040505122706695255,94,94,0,5,1,1,4,6,77,35,95
327,146,762,85,100,15,80,80,59,59,0,80,80,63,63,0,0.02215868477483917,0.028728002995336805,85,87,2,2,3,3,5,15,61,16,21
328,260,460,93,98,5,272,272,94,94,0,272,272,94,94,0,0.021035433472888797,0.02542632492596753,86,87,1,3,2,2,11,17,33,6,25
329,0,102,1,77,76,0,6,1,26,25,0,2,1,26,25,0.0,0.0002042275094455223,1,32,31,4,-1,5,5,0,37,76,55
330,100,100,73,73,0,100,100,88,88,0,100,100,88,88,0,0.040505122706695255,0.04738078219136117,94,96,2,3,1,1,4,6,84,70,77
331,64,64,57,57,0,128,128,69,69,0,64,64,57,57,0,0.007692569522448007,0.007692569522448007,62,62,0,-1,3,3,8,4,30,38,97
332,100,100,59,59,0,100,100,46,46,0,100,100,59,59,0,0.026243234963749616,0.026243234963749616,87,87,0,-1,1,1,11,8,5,17,67
333,167,783,89,100,11,112,112,92,92,0,112,112,92,92,0,0.020797168045202357,0.04751693386432486,85,97,12,2,2,2,4,15,83,19,1
334,86,1726,64,100,36,96,120,60,78,18,86,120,64,80,16,0.00803294870485721,0.03604615541713469,64,91,27,1,3,2,6,6,44,34,6
335,6,212,32,92,60,18,18,35,35,0,6,14,32,41,9,0.0019741992579733825,0.0032336022328874367,45,52,7,3,4,4,3,2,87,94,52
336,41,41,56,56,0,34,34,46,46,0,34,34,52,52,0,0.004186663943633207,0.004186663943633207,53,53,0,-1,3,3,4,6,73,35,50
337,68,274,65,97,32,78,78,77,77,0,68,78,77,78,1,0.0088498587426393,0.010007147962830594,67,69,2,3,2,2,4,4,78,72,61
338,88,294,59,95,36,184,184,78,78,0,88,184,59,86,27,0.007250076585316042,0.011981347220803976,60,70,10,3,2,2,10,4,18,72,57
339,291,392,96,100,4,96,96,91,91,0,96,96,91,91,0,0.03863303720344464,0.03863303720344464,94,94,0,5,2,2,3,29,76,1,95
340,132,233,86,97,11,32,32,63,63,0,32,32,64,64,0,0.018959120460192654,0.018925082541951733,84,84,0,5,3,3,2,18,86,30,65
341,0,206,1,94,93,0,14,1,32,31,0,14,1,40,39,0.0,0.005514142755029102,1,58,57,3,-1,4,3,0,66,67,21
342,0,0,1,1,0,0,0,1,1,0,0,0,1,1,0,0.0,0.0,1,1,0,-1,-1,-1,4,1,77,50,84
343,0,0,1,1,0,0,0,1,1,0,0,0,1,1,0,0.0,0.0,1,1,0,-1,-1,-1,14,0,17,59,97
344,88,294,68,95,27,88,88,77,77,0,88,88,77,77,0,0.009632730862180468,0.012083460975526737,69,75,6,3,2,2,4,7,79,62,29
345,66,272,58,96,38,110,110,76,76,0,64,72,57,61,4,0.006024711528642908,0.007760645358929848,57,65,8,3,2,2,6,6,59,41,75
346,0,616,1,100,99,0,42,1,37,36,0,22,1,41,40,0.0,0.004050512270669526,1,50,49,2,-1,3,8,0,39,85,75
347,0,616,1,100,99,0,48,1,35,34,0,24,1,44,43,0.0,0.0030974505599237552,1,49,48,2,-1,3,9,1,28,69,70
348,0,616,1,100,99,0,42,1,34,33,0,18,1,39,38,0.0,0.0017359338302869397,1,42,41,2,-1,3,8,0,42,81,61
349,15,221,43,92,49,18,18,38,38,0,18,18,47,47,0,0.0035739814152966403,0.006058749446883829,53,61,8,3,4,4,3,6,76,73,22
350,6,622,30,100,70,24,66,34,50,16,6,66,30,61,31,0.0002723033459273631,0.01872085503250621,35,83,48,2,4,3,6,1,34,88,23
351,100,100,64,64,0,100,100,57,57,0,100,100,66,66,0,0.021614078082984444,0.026821879573845263,87,90,3,3,1,1,7,1,46,88,31
352,0,0,1,1,0,0,0,1,1,0,0,0,1,1,0,0.0,0.0,1,1,0,-1,-1,-1,3,0,81,98,80
353,0,102,1,76,75,0,13,1,26,25,0,2,1,26,25,0.0,0.0002042275094455223,1,31,30,4,-1,5,11,0,38,59,55
354,0,102,1,75,74,0,22,1,28,27,0,4,1,28,27,0.0,0.00088498587426393,1,36,35,4,-1,5,12,0,14,85,51
355,0,616,1,100,99,0,62,1,43,42,0,62,1,53,52,0.0,0.01933353756084278,1,79,78,2,-1,3,6,0,71,81,9
356,100,100,61,61,0,100,100,40,40,0,100,100,61,61,0,0.03652268627250757,0.03652268627250757,94,94,0,-1,1,1,14,19,8,15,76
357,121,327,82,96,14,230,230,75,75,0,121,133,82,84,2,0.008543517478471017,0.010313489226998877,64,67,3,3,2,2,16,8,4,44,52
358,16,1656,36,100,64,40,84,40,58,18,16,84,36,65,29,0.0004084550188910446,0.04516831750570135,34,95,61,1,3,2,5,1,52,49,2
359,13,219,43,94,51,24,24,40,40,0,13,24,43,52,9,0.0015317063208414173,0.005003573981415297,42,57,15,3,4,4,4,4,78,64,28
360,0,206,1,92,91,0,14,1,33,32,0,14,1,38,37,0.0,0.003165526396405596,1,50,49,3,-1,4,3,0,64,79,35
361,0,1640,1,100,99,0,174,1,66,65,0,174,1,84,83,0.0,0.027672827529868275,1,90,89,1,-1,2,15,0,7,36,10
362,8,110,38,84,46,12,12,35,35,0,8,12,38,41,3,0.0011913271384322134,0.0020082371762143027,39,45,6,4,4,4,2,2,98,74,64
363,22,638,40,100,60,48,68,38,44,6,22,72,40,55,15,0.0012934408931549745,0.006126825283365669,39,55,16,2,3,3,7,2,46,74,47
364,0,616,1,100,99,0,114,1,55,54,0,101,1,75,74,0.0,0.01773375540351952,1,81,80,2,-1,3,14,0,8,36,23
365,32,32,47,47,0,60,60,41,41,0,32,32,47,47,0,0.0016338200755641784,0.0016338200755641784,42,42,0,-1,3,3,8,3,39,51,93
366,22,22,45,45,0,50,50,46,46,0,22,22,45,45,0,0.0023486163586235067,0.0023486163586235067,46,46,0,-1,3,3,5,2,80,52,87
367,0,616,1,100,99,0,46,1,49,48,0,46,1,53,52,0.0,0.01923142380612002,1,80,79,2,-1,3,5,0,70,87,12
368,383,383,97,97,0,200,200,93,93,0,200,200,93,93,0,0.03625038292658021,0.03625038292658021,95,95,0,-1,2,2,8,29,27,11,99
369,16,1656,44,100,56,22,56,47,81,34,16,56,47,81,34,0.0030974505599237552,0.07917219782838082,50,98,48,1,3,2,2,2,89,94,3
370,16,16,35,35,0,58,58,42,42,0,16,16,35,35,0,0.0007828721195411688,0.0007828721195411688,38,38,0,-1,3,3,7,1,24,49,59
371,0,206,1,90,89,0,40,1,36,35,0,28,1,45,44,0.0,0.003812246842983083,1,49,48,3,-1,4,8,0,39,93,13
372,6,6,29,29,0,32,32,32,32,0,6,6,29,29,0,0.00017018959120460194,0.00017018959120460194,32,32,0,-1,4,4,10,1,1,60,86
373,0,101,1,79,78,0,5,1,24,23,0,1,1,24,23,0.0,3.4037918240920386e-05,1,25,24,6,-1,7,5,0,45,98,68
374,0,102,1,82,81,0,6,1,28,27,0,2,1,28,27,0.0,0.0008169100377820892,1,38,37,4,-1,5,3,0,75,86,71
375,6,108,30,82,52,12,12,32,32,0,6,8,30,35,5,0.0019741992579733825,0.0021784267674189047,45,45,0,4,4,4,2,2,91,94,4
376,10,111,39,79,40,26,26,36,36,0,10,10,39,39,0,0.0015657442390823377,0.0017359338302869397,41,43,2,5,4,4,5,3,49,43,60
377,100,100,63,63,0,100,100,56,56,0,100,100,63,63,0,0.05616256509751864,0.058919636475033184,98,99,1,3,1,1,7,30,24,7,73
378,22,22,48,48,0,40,40,44,44,0,22,22,48,48,0,0.002552843868069029,0.002552843868069029,46,46,0,-1,3,3,5,2,70,83,66
379,104,720,79,100,21,218,218,77,77,0,104,178,79,85,6,0.00622893903808843,0.015419176963136935,59,76,17,2,2,2,14,5,17,47,8
380,268,268,96,96,0,216,216,93,93,0,216,216,94,94,0,0.025188059498281085,0.025188059498281085,88,88,0,-1,2,2,9,15,28,16,40
381,0,206,1,92,91,0,10,1,31,30,0,9,1,39,38,0.0,0.0018380475850097008,1,44,43,3,-1,4,3,0,76,87,54
382,102,308,83,100,17,48,48,72,72,0,48,48,74,74,0,0.01320671227747711,0.01861874127778345,75,85,10,3,3,3,3,14,60,14,72
383,28,28,47,47,0,46,46,43,43,0,28,28,47,47,0,0.0026889955410327104,0.0026889955410327104,48,48,0,-1,3,3,6,6,65,70,81
384,240,446,90,96,6,300,300,91,91,0,240,246,90,90,0,0.011845195547840293,0.011947309302563056,68,68,0,3,2,2,14,9,25,31,60
385,16,16,36,36,0,68,68,41,41,0,16,16,36,36,0,0.0012594029749140542,0.0012594029749140542,39,39,0,-1,3,3,8,1,30,71,69
386,90,290,65,95,30,152,152,80,80,0,90,152,66,87,21,0.011845195547840293,0.015351101126655093,73,78,5,3,2,2,8,6,30,77,26
387,235,235,95,95,0,72,72,87,87,0,72,72,87,87,0,0.0337315769767521,0.0337315769767521,92,92,0,-1,2,2,3,29,55,0,59
388,136,1776,80,100,20,246,280,74,80,6,136,210,80,88,8,0.009292351679771264,0.019741992579733823,64,83,19,1,2,2,17,7,20,48,47
389,142,758,84,100,16,80,80,59,59,0,80,80,63,63,0,0.013479015623404473,0.017529527894074,77,82,5,2,3,3,5,13,61,33,28
390,90,90,63,63,0,110,110,78,78,0,90,90,69,69,0,0.008066986623098132,0.008066986623098132,64,64,0,-1,2,2,6,6,51,13,69
391,120,120,77,77,0,132,132,72,72,0,120,120,78,78,0,0.008271214132543654,0.008271214132543654,63,63,0,-1,2,2,8,6,27,13,92
392,126,126,82,82,0,64,64,63,63,0,64,64,64,64,0,0.01664454201981007,0.01664454201981007,81,81,0,-1,3,3,4,17,79,6,76
393,212,412,90,98,8,120,120,88,88,0,120,120,87,87,0,0.023213860240307704,0.028625889240614044,85,91,6,3,2,2,6,19,71,15,27
394,0,616,1,99,98,0,86,1,41,40,0,67,1,55,54,0.0,0.01317267435923619,1,74,73,2,-1,3,11,0,19,82,37
395,1,1,25,25,0,2,2,25,25,0,1,1,25,25,0,0.0,0.0,1,1,0,-1,6,6,2,2,98,58,89
396,0,616,1,100,99,0,38,1,37,36,0,24,1,48,47,0.0,0.003608019333537561,1,48,47,2,-1,3,6,1,59,69,54
397,281,897,97,100,3,256,256,96,96,0,256,256,96,96,0,0.025358249089485686,0.034105994077402224,87,90,3,2,2,2,10,20,1,23,27
398,126,126,83,83,0,270,270,83,83,0,126,126,83,83,0,0.013513053541645392,0.013513053541645392,76,76,0,-1,2,2,16,8,4,20,40
399,22,638,41,100,59,110,120,59,61,2,22,120,41,77,36,0.0018040096667687805,0.010415602981721638,43,68,25,2,3,3,10,2,18,61,31
400,100,100,62,62,0,100,100,45,45,0,100,100,62,62,0,0.04200279110929576,0.046904251335988294,95,97,2,2,1,1,12,15,3,16,57
401,0,0,1,1,0,0,0,1,1,0,0,0,1,1,0,0.0,0.0,1,1,0,-1,-1,-1,3,1,94,69,92
402,100,100,72,72,0,100,100,77,77,0,100,100,77,77,0,0.03002144388849178,0.03192756730998332,91,91,0,3,1,1,6,6,69,26,75
403,0,0,1,1,0,0,0,1,1,0,0,0,1,1,0,0.0,0.0,1,1,0,-1,-1,-1,14,1,16,45,50
404,22,228,47,93,46,54,54,54,54,0,22,54,47,57,10,0.00445896728956057,0.010041185881071514,55,69,14,3,3,3,4,3,47,29,25
405,105,105,85,85,0,46,46,81,81,0,46,46,82,82,0,0.019741992579733823,0.019741992579733823,85,85,0,-1,2,2,2,12,90,37,76
406,0,102,1,80,79,0,15,1,28,27,0,2,1,25,24,0.0,0.000442492937131965,1,32,31,4,-1,5,9,0,31,59,42
407,32,32,47,47,0,84,84,47,47,0,32,32,47,47,0,0.002484768031587188,0.002484768031587188,48,48,0,-1,3,3,9,2,35,83,84
408,6,1646,28,100,72,40,82,34,47,13,6,74,28,56,28,0.0005786446100956465,0.01923142380612002,34,78,44,1,4,2,8,1,27,49,20
409,40,246,51,94,43,134,134,67,67,0,40,52,51,54,3,0.004016474352428605,0.005854521937438306,52,56,4,3,2,2,10,3,36,46,52
410,132,338,86,100,14,56,56,84,84,0,56,56,84,84,0,0.020082371762143027,0.03832669593927635,85,96,11,3,2,2,2,15,86,19,10
411,0,616,1,100,99,0,22,1,41,40,0,22,1,44,43,0.0,0.006977773239388679,1,60,59,2,-1,3,2,0,68,92,72
412,100,306,67,96,29,94,94,71,71,0,94,94,72,72,0,0.007998910786616291,0.009326389598012186,65,67,2,3,2,2,5,6,63,13,61
413,80,696,60,100,40,142,142,71,71,0,80,142,60,81,21,0.010347527145239796,0.01412573606998196,68,78,10,2,2,2,8,6,15,77,41
414,72,72,67,67,0,38,38,46,46,0,38,38,51,51,0,0.008407365805507334,0.008407365805507334,63,63,0,-1,3,3,3,13,96,24,97
415,0,0,1,1,0,0,0,1,1,0,0,0,1,1,0,0.0,0.0,1,1,0,-1,-1,-1,3,0,66,76,98
416,0,1640,1,100,99,0,54,1,45,44,0,42,1,55,54,0.0,0.020014295925661188,1,86,85,1,-1,2,6,1,32,69,75
417,246,452,93,100,7,88,88,77,77,0,88,88,77,77,0,0.030736240171551108,0.033833690731474866,89,91,2,3,2,2,4,22,79,9,29
418,0,0,1,1,0,0,0,1,1,0,0,0,1,1,0,0.0,0.0,1,1,0,-1,-1,-1,10,0,11,93,80
419,82,182,76,96,20,46,46,83,83,0,46,46,83,83,0,0.01320671227747711,0.013751318969331836,74,74,0,4,2,2,2,8,99,44,78
420,64,680,62,100,38,54,64,52,59,7,64,64,63,63,0,0.007862759113652609,0.03328908403962014,64,91,27,2,3,3,4,4,83,38,11
421,49,665,57,100,43,76,76,60,60,0,49,76,57,64,7,0.005650294427992784,0.015623404472582456,52,78,26,2,3,3,6,4,69,22,39
422,164,780,88,100,12,206,206,92,92,0,164,206,90,93,3,0.016916845365737433,0.020899281799925118,78,83,5,2,2,2,9,8,31,20,26
423,186,392,87,96,9,152,152,76,76,0,152,152,85,85,0,0.013819394805813677,0.0160318594914735,76,79,3,3,2,2,8,14,15,14,90
424,376,376,99,99,0,256,256,97,97,0,256,256,98,98,0,0.03362946322202934,0.03362946322202934,92,92,0,-1,2,2,10,22,22,9,79
425,0,0,1,1,0,0,0,1,1,0,0,0,1,1,0,0.0,0.0,1,1,0,-1,-1,-1,9,0,23,76,86
426,2,208,26,92,66,15,68,28,34,6,2,48,26,53,27,6.807583648184077e-05,0.005037611899656217,28,55,27,3,5,4,12,1,6,68,31
427,171,171,91,91,0,72,72,84,84,0,72,72,84,84,0,0.02501786990707648,0.02501786990707648,88,88,0,-1,2,2,3,19,81,15,98
428,6,622,30,100,70,15,33,28,32,4,6,22,30,42,12,6.807583648184077e-05,0.0007147962830593281,29,36,7,2,4,3,9,2,54,58,56
429,46,46,53,53,0,82,82,56,56,0,46,46,53,53,0,0.005412029000306341,0.005412029000306341,54,54,0,-1,2,2,7,2,62,75,99
430,0,0,1,1,0,0,0,1,1,0,0,0,1,1,0,0.0,0.0,1,1,0,-1,-1,-1,3,0,75,89,81
431,6,622,29,99,70,26,98,29,43,14,6,78,29,55,26,0.00017018959120460194,0.009598692943939549,30,69,39,2,4,3,12,1,6,55,20
432,0,616,1,100,99,0,80,1,42,41,0,80,1,62,61,0.0,0.019095272133156337,1,82,81,2,-1,3,9,0,23,82,9
433,6,622,29,100,71,28,54,33,38,5,6,46,29,53,24,0.00037441710065012424,0.0051397256543789785,35,55,20,2,4,3,8,1,10,88,26
434,0,616,1,100,99,0,34,1,48,47,0,33,1,53,52,0.0,0.0063650907110521125,1,55,54,2,-1,3,3,0,87,86,70
435,16,632,40,100,60,60,60,51,51,0,16,39,40,51,11,0.0018040096667687805,0.005650294427992784,43,59,16,2,3,3,5,1,80,53,70
436,0,206,1,92,91,0,16,1,33,32,0,16,1,43,42,0.0,0.0035059055788147996,1,52,51,3,-1,4,4,0,77,82,28
437,100,100,68,68,0,100,100,57,57,0,100,100,68,68,0,0.0545968208584363,0.06739507811702236,97,99,2,2,1,1,8,29,39,1,6
438,0,206,1,94,93,0,12,1,39,38,0,12,1,41,40,0.0,0.007794683277170768,1,67,66,3,-1,4,2,0,90,36,33
439,0,0,1,1,0,0,0,1,1,0,0,0,1,1,0,0.0,0.0,1,1,0,-1,-1,-1,4,0,72,80,86
440,22,123,44,81,37,46,46,43,43,0,22,23,44,46,2,0.003437829742332959,0.0035739814152966403,49,50,1,5,3,3,6,3,69,29,60
441,40,246,47,91,44,45,50,39,39,0,40,46,47,52,5,0.006977773239388679,0.007454304094761564,56,58,2,3,2,2,6,1,51,78,60
442,0,0,1,1,0,0,0,1,1,0,0,0,1,1,0,0.0,0.0,1,1,0,-1,-1,-1,4,0,47,99,66
443,386,386,98,98,0,374,374,99,99,0,374,374,99,99,0,0.026107083290785937,0.026107083290785937,88,88,0,-1,2,2,15,19,7,15,96
444,0,0,1,1,0,0,0,1,1,0,0,0,1,1,0,0.0,0.0,1,1,0,-1,-1,-1,6,0,56,86,91
445,6,6,28,28,0,35,35,30,30,0,6,6,28,28,0,0.00017018959120460194,0.00017018959120460194,30,30,0,-1,4,4,16,1,9,60,93
446,128,128,79,79,0,138,138,75,75,0,128,128,80,80,0,0.010109261717553355,0.010109261717553355,69,69,0,-1,2,2,9,9,29,31,89
447,158,774,82,100,18,212,212,91,91,0,158,174,83,84,1,0.009360427516253106,0.012015385139044895,68,72,4,2,2,2,10,6,12,13,46
448,100,100,76,76,0,100,100,96,96,0,100,100,96,96,0,0.05589026175159127,0.05589026175159127,98,98,0,-1,1,1,3,6,58,35,69
449,6,6,29,29,0,23,23,29,29,0,6,6,29,29,0,0.0,0.0,1,1,0,-1,4,4,10,1,0,95,84
450,6,212,30,94,64,24,28,34,35,1,6,12,30,36,6,0.0008169100377820892,0.0028932230504782326,36,49,13,3,4,4,6,2,34,42,46
451,58,264,61,92,31,94,94,72,72,0,58,94,61,72,11,0.005514142755029102,0.00796487286837537,59,64,5,3,2,2,5,6,80,70,35
452,22,638,43,100,57,52,62,39,42,3,22,39,43,49,6,0.0020082371762143027,0.0036760951700194017,44,49,5,2,3,3,7,2,43,83,61
453,90,296,67,99,32,88,88,84,84,0,88,88,84,84,0,0.012764219340345145,0.01504475986248681,73,77,4,3,2,2,4,6,67,77,70
454,657,1273,100,100,0,536,536,100,100,0,536,536,100,100,0,0.03979032642363593,0.05262262160046292,95,98,3,2,2,2,17,30,20,7,37
455,235,851,95,100,5,72,72,84,84,0,72,72,84,84,0,0.03699921712788046,0.06957350488444126,93,99,6,2,2,2,3,29,85,0,2
456,16,632,32,99,67,63,138,33,60,27,16,126,32,78,46,0.0002382654276864427,0.016236087000919025,32,79,47,2,3,3,17,1,20,88,23
457,0,1640,1,100,99,0,52,1,75,74,0,52,1,76,75,0.0,0.048844412675720754,1,97,96,1,-1,2,3,1,55,69,37
458,100,100,59,59,0,100,100,46,46,0,100,100,59,59,0,0.04932094353109364,0.0494230572858164,99,99,0,5,1,1,11,29,5,1,68
459,0,0,1,1,0,0,0,1,1,0,0,0,1,1,0,0.0,0.0,1,1,0,-1,-1,-1,11,0,38,87,45
460,0,616,1,100,99,0,90,1,48,47,0,90,1,68,67,0.0,0.023724429013921508,1,86,85,2,-1,3,9,0,31,82,11
461,100,100,79,79,0,100,100,98,98,0,100,100,98,98,0,0.07784471901698492,0.07907008407365805,99,99,0,3,1,1,2,3,91,29,43
462,66,682,61,100,39,96,96,61,61,0,66,96,61,68,7,0.01055175465468532,0.017155110793423873,72,82,10,2,3,3,6,6,48,77,24
463,0,616,1,100,99,0,28,1,42,41,0,28,1,49,48,0.0,0.02382654276864427,1,90,89,2,-1,3,3,0,75,92,1
464,122,322,87,98,11,96,96,92,92,0,96,96,92,92,0,0.020354675108070392,0.02743456210218183,86,91,5,3,2,2,3,13,96,33,17
465,0,0,1,1,0,0,0,1,1,0,0,0,1,1,0,0.0,0.0,1,1,0,-1,-1,-1,15,0,7,67,92
466,0,206,1,90,89,0,26,1,32,31,0,6,1,27,26,0.0,0.003199564314646516,1,47,46,3,-1,4,5,0,50,59,90
467,0,101,1,74,73,0,8,1,25,24,0,1,1,25,24,0.0,3.4037918240920386e-05,1,26,25,5,-1,6,8,0,10,87,58
468,230,846,92,100,8,208,208,85,85,0,208,208,91,91,0,0.016270124919159943,0.023894618605126112,78,85,7,2,2,2,10,14,18,14,77
469,198,814,91,100,9,104,104,73,73,0,104,104,79,79,0,0.019878144252697506,0.04173048776336839,84,95,11,2,2,2,5,17,52,6,1
470,24,230,52,100,48,18,22,53,54,1,18,22,54,56,2,0.002280540522141666,0.011981347220803976,46,73,27,3,3,3,2,3,97,54,33
471,2,208,29,94,65,5,14,30,33,3,2,14,29,40,11,0.0002042275094455223,0.004799346471969774,32,53,21,3,5,4,3,1,60,65,26
472,16,1656,44,100,56,34,68,45,75,30,16,68,44,75,31,0.004152626025392287,0.03553558664352088,52,92,40,1,3,2,4,1,84,90,24
473,158,774,84,100,16,246,246,74,74,0,158,176,84,85,1,0.009394465434494027,0.010790020082371761,65,67,2,2,2,2,17,9,20,31,61
474,49,49,59,59,0,54,54,62,62,0,49,49,67,67,0,0.004969536063174376,0.004969536063174376,54,54,0,-1,3,3,4,4,72,22,89
475,6,6,31,31,0,28,28,34,34,0,6,6,31,31,0,0.0006467204465774873,0.0006467204465774873,36,36,0,-1,4,4,6,1,48,49,45
476,1,1,26,26,0,5,5,26,26,0,1,1,26,26,0,3.4037918240920386e-05,3.4037918240920386e-05,27,27,0,-1,6,6,5,1,49,78,84
477,132,1772,82,100,18,100,134,66,85,19,100,134,72,86,14,0.013751318969331836,0.050274005241839406,77,98,21,1,2,2,6,8,44,8,7
478,178,378,93,100,7,72,72,77,77,0,72,72,79,79,0,0.026855917492086184,0.031178733108683073,91,92,1,3,2,2,3,20,96,23,28
479,0,616,1,100,99,0,46,1,32,31,0,20,1,36,35,0.0,0.0013615167296368155,1,41,40,2,-1,3,15,1,7,50,43
480,6,622,29,100,71,21,80,29,40,11,6,70,29,57,28,0.00030634126416828345,0.009258313761530345,33,66,33,2,4,3,10,1,22,55,27
481,115,217,83,96,13,38,38,51,51,0,38,38,54,54,0,0.019946220089179345,0.020150447598624867,81,81,0,4,3,3,3,20,94,23,63
482,36,652,44,100,56,92,126,41,62,21,36,126,44,79,35,0.004322815616596889,0.033050818611933694,51,91,40,2,3,3,11,6,33,73,2
483,48,1688,52,100,48,148,192,64,68,4,48,192,52,87,35,0.0022465026039007454,0.01929949964260186,45,80,35,1,2,2,14,4,16,64,19
484,100,100,77,77,0,72,72,77,77,0,72,72,77,77,0,0.009564655025698629,0.009564655025698629,72,72,0,-1,2,2,3,6,82,13,81
485,76,76,61,61,0,96,96,56,56,0,74,74,60,60,0,0.006467204465774873,0.006467204465774873,58,58,0,-1,2,2,7,6,43,41,96
486,16,16,36,36,0,46,46,39,39,0,16,16,36,36,0,0.002723033459273631,0.002723033459273631,45,45,0,-1,3,3,6,3,56,46,85
487,0,101,1,78,77,0,14,1,25,24,0,1,1,25,24,0.0,0.00010211375472276115,1,27,26,5,-1,6,14,0,17,86,55
488,56,672,59,100,41,122,122,76,76,0,56,122,59,82,23,0.006126825283365669,0.022022533101875488,60,86,26,2,2,2,8,3,39,29,15
489,1,1641,25,100,75,3,44,25,66,41,1,44,25,68,43,0.00010211375472276115,0.043874876612546375,29,96,67,1,6,2,3,1,81,78,57
490,100,100,58,58,0,100,100,35,35,0,100,100,59,59,0,0.027843017121072875,0.027843017121072875,89,89,0,-1,1,1,17,18,20,5,89
491,0,616,1,100,99,0,66,1,43,42,0,66,1,55,54,0.0,0.020695054290479593,1,85,84,2,-1,3,6,0,40,87,0
492,314,520,94,98,4,230,230,95,95,0,230,230,95,95,0,0.025358249089485686,0.026107083290785937,86,86,0,3,2,2,9,19,31,15,51
493,19,225,47,97,50,18,18,35,35,0,18,18,46,46,0,0.003199564314646516,0.02117158514585248,49,86,37,3,4,4,3,4,94,22,1
494,88,294,60,96,36,164,164,76,76,0,88,94,60,60,0,0.008101024541339052,0.009734844616903231,63,65,2,3,2,2,10,4,11,38,53
495,114,730,77,100,23,162,172,83,85,2,114,172,77,89,12,0.00803294870485721,0.011811157629599374,62,70,8,2,2,2,9,6,29,28,35
496,100,100,69,69,0,100,100,87,87,0,100,100,87,87,0,0.05640083052520508,0.05902175022975595,98,99,1,3,1,1,4,14,83,14,22
497,100,100,64,64,0,100,100,44,43,-1,100,100,64,64,0,0.01147077844719017,0.03284659110248817,72,92,20,1,1,1,13,2,13,56,6
498,286,492,94,98,4,272,272,95,95,0,272,272,95,95,0,0.025222097416522007,0.026175159127267776,85,87,2,3,2,2,11,16,5,18,43
499,0,0,1,1,0,0,0,1,1,0,0,0,1,1,0,0.0,0.0,1,1,0,-1,-1,-1,6,0,32,99,92
500,142,758,78,100,22,174,174,72,72,0,142,174,78,86,8,0.01065386840940808,0.01684876952925559,74,79,5,2,2,2,10,9,0,27,62
501,134,734,81,100,19,92,92,55,55,0,92,92,67,67,0,0.009734844616903231,0.014466115252391163,69,76,7,2,3,3,7,9,43,31,13
502,100,100,69,69,0,100,100,55,55,0,100,100,69,69,0,0.049389019367575476,0.049389019367575476,97,97,0,-1,1,1,9,29,26,0,59
503,207,307,93,96,3,152,152,95,95,0,152,152,95,95,0,0.028455699649409444,0.028489737567650362,90,90,0,4,2,2,5,20,63,23,65
504,85,285,77,99,22,22,22,52,52,0,22,22,55,55,0,0.009598692943939549,0.012049423057285817,67,76,9,3,3,3,2,13,98,24,22
505,100,100,71,71,0,100,100,80,80,0,100,100,81,81,0,0.050818611933694136,0.05129514278906702,97,97,0,4,1,1,5,12,49,37,51
506,86,86,62,62,0,156,156,65,65,0,86,86,62,62,0,0.0035739814152966403,0.0035739814152966403,49,49,0,-1,2,2,13,3,13,43,84
507,16,118,45,87,42,22,22,49,49,0,16,22,48,52,4,0.0024507301133462676,0.0031314884781646754,48,50,2,4,3,3,2,1,90,53,74
508,0,1640,1,100,99,0,188,1,70,69,0,188,1,85,84,0.0,0.036658837945471257,1,95,94,1,-1,2,14,0,25,96,7
509,6,6,27,27,0,21,21,28,28,0,6,6,27,27,0,0.00013615167296368154,0.00013615167296368154,29,29,0,-1,4,4,14,2,8,58,69
510,40,142,50,81,31,134,134,69,69,0,40,42,50,54,4,0.003778208924742163,0.004050512270669526,53,54,1,4,2,2,10,2,11,94,55
511,260,466,97,100,3,88,88,82,82,0,88,88,82,82,0,0.033425235712583816,0.0390755301405766,92,94,2,3,2,2,4,22,78,9,32
512,100,100,63,63,0,100,100,45,45,0,100,100,63,63,0,0.020456788862793153,0.029578950951359814,81,90,9,2,1,1,11,7,19,62,33
513,0,1640,1,100,99,0,128,1,71,70,0,128,1,82,81,0.0,0.03979032642363593,1,95,94,1,-1,2,9,0,35,76,2
514,22,228,42,95,53,34,34,39,39,0,22,28,42,48,6,0.0012934408931549745,0.0032336022328874367,40,51,11,3,3,3,4,3,53,51,46
515,6,6,29,29,0,32,32,33,33,0,6,6,29,29,0,0.00013615167296368154,0.00013615167296368154,28,28,0,-1,4,4,10,1,22,4,96
516,99,99,75,75,0,52,52,74,74,0,52,52,76,76,0,0.012662105585622384,0.012662105585622384,73,73,0,-1,2,2,3,13,58,24,96
517,6,212,34,96,62,12,12,39,39,0,6,12,34,44,10,0.0021784267674189047,0.011777119711358454,45,71,26,3,4,4,2,2,93,94,39
518,16,117,37,77,40,56,56,48,48,0,16,17,37,40,3,0.0035739814152966403,0.003914360597705844,50,50,0,5,3,3,6,1,65,90,88
519,117,717,82,100,18,88,88,80,80,0,88,88,81,81,0,0.017257224548146634,0.04135607066271827,84,95,11,2,2,2,4,9,77,39,3
520,16,16,40,40,0,38,38,51,51,0,16,16,40,40,0,0.0038462847612240037,0.0038462847612240037,51,51,0,-1,3,3,3,1,94,90,40
521,49,665,54,100,46,94,94,51,51,0,49,79,54,63,9,0.004799346471969774,0.010824058000612683,54,68,14,2,3,3,9,4,26,22,72
522,42,42,54,54,0,100,100,48,48,0,40,40,50,50,0,0.0028591851322373124,0.0028591851322373124,51,51,0,-1,3,3,10,6,11,41,98
523,111,111,74,74,0,94,94,62,62,0,94,94,69,69,0,0.008373327887266415,0.008373327887266415,62,62,0,-1,2,2,5,8,52,57,82
524,0,616,1,100,99,0,60,1,38,37,0,44,1,53,52,0.0,0.00622893903808843,1,56,55,2,-1,3,8,0,10,66,62
525,2,2,26,26,0,14,14,27,27,0,2,2,26,26,0,0.0,0.0,1,1,0,-1,5,5,12,2,6,58,79
526,0,616,1,100,99,0,38,1,58,57,0,38,1,61,60,0.0,0.01834643793185609,1,83,82,2,-1,3,3,0,92,66,5
527,6,212,30,94,64,8,8,31,31,0,6,8,30,35,5,0.00013615167296368154,0.005241839409101739,29,53,24,3,4,4,2,1,91,88,44
528,66,682,70,100,30,38,38,56,56,0,38,38,57,57,0,0.010109261717553355,0.034105994077402224,69,93,24,2,3,3,3,6,60,77,7
529,102,202,83,92,9,72,72,84,84,0,72,72,84,84,0,0.014704380680077607,0.015317063208414174,78,78,0,4,2,2,3,7,85,48,61
530,0,616,1,100,99,0,84,1,37,36,0,48,1,52,51,0.0,0.007352190340038803,1,62,61,2,-1,3,13,0,13,98,17
531,98,98,60,60,0,222,222,74,74,0,98,98,60,60,0,0.006126825283365669,0.006126825283365669,58,58,0,-1,2,2,14,4,8,22,80
532,6,6,30,30,0,24,24,33,33,0,6,6,30,30,0,0.0002723033459273631,0.0002723033459273631,33,33,0,-1,4,4,8,1,21,4,82
533,0,206,1,86,85,0,24,1,29,28,0,6,1,27,26,0.0,0.002723033459273631,1,46,45,3,-1,4,8,0,27,98,90
534,126,126,78,78,0,152,152,76,76,0,126,126,78,78,0,0.010143299635794275,0.010143299635794275,66,66,0,-1,2,2,8,7,15,48,96
535,122,328,82,94,12,104,104,82,82,0,104,104,82,82,0,0.01494264610776405,0.01783586915824228,77,82,5,3,2,2,5,8,80,8,41
536,91,91,76,76,0,38,38,59,59,0,38,38,62,62,0,0.015317063208414174,0.015317063208414174,78,78,0,-1,3,3,3,12,92,37,99
537,77,77,64,64,0,56,56,44,44,0,56,56,52,52,0,0.007522379931243405,0.007522379931243405,61,61,0,-1,3,3,6,8,56,57,50
538,132,232,86,95,9,120,120,87,87,0,120,120,89,89,0,0.01657646618332823,0.01664454201981007,81,81,0,4,2,2,6,13,32,33,4
539,16,632,35,100,65,72,86,37,41,4,16,86,35,57,22,0.0014636304843595766,0.010381565063480718,40,70,30,2,3,3,11,1,5,71,32
540,100,100,62,62,0,100,100,43,43,0,100,100,62,62,0,0.05834099186493754,0.05834099186493754,100,100,0,-1,1,1,12,40,14,3,67
541,92,1732,66,100,34,86,110,56,77,21,86,110,62,81,19,0.009190237925048503,0.02559651451717213,68,86,18,1,3,2,6,8,51,44,55
542,0,206,1,93,92,0,14,1,34,33,0,14,1,42,41,0.0,0.005071649817897137,1,52,51,3,-1,4,3,1,92,69,24
543,100,100,65,65,0,100,100,45,45,0,100,100,65,65,0,0.027094182919772627,0.027808979202831954,91,91,0,3,1,1,10,9,12,27,42
544,1,1,26,26,0,3,3,26,26,0,1,1,26,26,0,3.4037918240920386e-05,3.4037918240920386e-05,27,27,0,-1,6,6,3,1,58,68,87
545,134,236,84,92,8,88,88,80,80,0,88,88,80,80,0,0.023384049831512304,0.023554239422716908,85,85,0,4,2,2,4,18,84,30,4
546,60,676,62,100,38,60,80,51,67,16,60,80,62,68,6,0.006535280302256714,0.030566050580346504,60,89,29,2,3,3,5,5,80,47,10
547,0,102,1,75,74,0,15,1,25,24,0,2,1,25,24,0.0,0.0,1,1,0,4,-1,5,14,0,8,81,68
548,34,240,49,93,44,106,106,58,58,0,34,42,49,52,3,0.0013274788113958951,0.0026209197045508697,40,46,6,3,3,3,11,4,19,64,51
549,12,114,37,84,47,18,18,40,40,0,12,18,37,45,8,0.0006126825283365669,0.0012253650566731338,35,40,5,4,4,4,3,2,55,63,74
550,0,102,1,84,83,0,4,1,29,28,0,2,1,27,26,0.0,0.0005786446100956465,1,37,36,4,-1,5,2,0,93,40,49
551,0,206,1,90,89,0,20,1,29,28,0,8,1,34,33,0.0,0.001055175465468532,1,38,37,3,-1,4,8,0,30,87,74
552,182,182,95,95,0,32,32,63,63,0,32,32,64,64,0,0.028455699649409444,0.028455699649409444,91,91,0,-1,3,3,2,22,86,9,99
553,260,1900,92,100,8,304,338,87,92,5,260,338,92,98,6,0.014023622315259198,0.023622315259198747,72,86,14,1,2,2,17,14,20,32,47
554,157,357,91,100,9,22,22,49,49,0,22,22,50,50,0,0.026039007454304094,0.032165832737669764,88,91,3,3,3,3,2,22,93,9,20
555,0,0,1,1,0,0,0,1,1,0,0,0,1,1,0,0.0,0.0,1,1,0,-1,-1,-1,11,1,33,45,99
556,72,173,61,88,27,138,138,75,75,0,72,73,61,61,0,0.00439089145307873,0.00442492937131965,54,54,0,5,2,2,9,6,31,70,78
557,18,18,43,43,0,40,40,42,42,0,18,18,43,43,0,0.0006126825283365669,0.0006126825283365669,36,36,0,-1,3,3,5,2,61,56,59
558,0,616,1,100,99,0,34,1,38,37,0,34,1,45,44,0.0,0.0088498587426393,1,62,61,2,-1,3,4,0,67,36,77
559,0,102,1,75,74,0,13,1,26,25,0,2,1,26,25,0.0,6.807583648184077e-05,1,25,24,4,-1,5,12,0,14,67,60
560,16,1656,36,100,64,96,180,44,79,35,16,180,36,86,50,0.003880322679464924,0.029510875114877974,51,90,39,1,3,2,11,1,38,90,23
561,142,742,81,100,19,120,120,78,78,0,120,120,78,78,0,0.01667857993805099,0.018142210422410564,78,80,2,2,2,2,6,9,41,39,4
562,0,206,1,87,86,0,35,1,29,28,0,8,1,33,32,0.0,0.0011913271384322134,1,38,37,3,-1,4,16,0,9,66,83
563,100,100,61,61,0,100,100,44,44,0,100,100,61,61,0,0.023179822322066782,0.023179822322066782,85,85,0,-1,1,1,12,7,6,21,87
564,248,864,92,100,8,332,342,92,94,2,248,270,92,94,2,0.017291262466387555,0.019469689233806462,82,84,2,2,2,2,16,13,9,33,64
565,66,272,67,98,31,38,38,57,57,0,38,38,60,60,0,0.008169100377820893,0.010245413390517035,65,67,2,3,3,3,3,9,85,31,46
566,100,100,63,63,0,100,100,45,45,0,100,100,63,63,0,0.0597705844310562,0.06392321045644848,100,100,0,2,1,1,11,40,19,3,13
567,96,302,80,100,20,32,32,71,71,0,32,32,71,71,0,0.018040096667687803,0.03012355764321454,80,94,14,3,3,3,2,18,99,30,12
568,6,622,29,100,71,28,142,30,65,35,6,142,29,84,55,6.807583648184077e-05,0.029647026787841656,27,91,64,2,4,3,12,1,3,95,2
569,220,220,98,98,0,56,56,92,92,0,56,56,92,92,0,0.0480955784744205,0.0480955784744205,96,96,0,-1,2,2,2,40,97,3,36
570,465,1065,99,100,1,280,280,98,98,0,280,280,98,98,0,0.03577385207120733,0.04452159705912386,94,97,3,2,2,2,10,30,11,7,33
571,38,1678,45,100,55,66,110,44,77,33,38,110,45,81,36,0.002995336805200994,0.032063718982947,44,93,49,1,3,2,6,6,51,70,18
572,226,432,92,97,5,176,176,85,85,0,176,176,89,89,0,0.019571802988529223,0.019776030497974745,82,84,2,3,2,2,8,18,42,30,56
573,100,100,63,63,0,100,100,45,45,0,100,100,63,63,0,0.020456788862793153,0.04642772048061541,81,97,16,1,1,1,11,7,19,62,23
574,0,0,1,1,0,0,0,1,1,0,0,0,1,1,0,0.0,0.0,1,1,0,-1,-1,-1,9,0,28,36,79
575,40,246,54,97,43,62,62,77,77,0,40,62,60,79,19,0.008679669151434699,0.02100139555464788,69,88,19,3,2,2,3,1,75,90,32
576,67,169,64,91,27,38,38,49,49,0,38,38,54,54,0,0.007488342013002485,0.008509479560230097,60,63,3,4,3,3,3,8,87,44,43
577,0,616,1,99,98,0,120,1,58,57,0,98,1,57,56,0.0,0.00970080669866231,1,64,63,2,-1,3,17,0,20,86,14
578,6,6,32,32,0,14,14,35,35,0,6,6,32,32,0,0.0013274788113958951,0.0013274788113958951,40,40,0,-1,4,4,3,1,76,71,99
579,0,206,1,91,90,0,14,1,31,30,0,6,1,31,30,0.0,0.00034037918240920387,1,33,32,3,-1,4,6,0,44,40,49
580,0,616,1,100,99,0,22,1,48,47,0,22,1,49,48,0.0,0.02375846693216243,1,88,87,2,-1,3,2,0,93,96,1
581,0,1640,1,100,99,0,53,1,43,42,0,48,1,49,48,0.0,0.019163347969638176,1,86,85,1,-1,2,6,0,56,80,43
582,319,519,95,100,5,104,104,81,81,0,104,104,84,84,0,0.03465060076925695,0.04060723646141802,89,93,4,3,2,2,5,30,61,7,33
583,13,219,42,92,50,24,24,37,37,0,13,24,42,53,11,0.0012594029749140542,0.004118588107151367,40,52,12,3,4,4,4,4,77,64,29
584,0,616,1,100,99,0,100,1,39,38,0,44,1,48,47,0.0,0.005616256509751864,1,56,55,2,-1,3,14,0,8,96,72
585,1,207,25,94,69,3,14,25,31,6,1,14,25,40,15,3.4037918240920386e-05,0.005786446100956465,29,55,26,3,6,4,3,1,96,78,24
586,190,790,90,100,10,206,206,92,92,0,190,206,91,93,2,0.016372238673882704,0.02021852343510671,77,83,6,2,2,2,9,8,31,8,13
587,0,0,1,1,0,0,0,1,1,0,0,0,1,1,0,0.0,0.0,1,1,0,-1,-1,-1,6,0,40,89,69
588,0,206,1,93,92,0,13,1,33,32,0,6,1,30,29,0.0,0.0026549576227917903,1,47,46,3,-1,4,3,0,55,92,90
589,85,85,60,60,0,134,134,66,66,0,85,85,60,60,0,0.006875659484665918,0.006875659484665918,61,61,0,-1,2,2,10,6,22,35,67
590,6,6,27,27,0,15,15,28,28,0,6,6,27,27,0,0.00037441710065012424,0.00037441710065012424,29,29,0,-1,4,4,6,1,51,88,91
591,30,236,53,99,46,22,22,54,54,0,22,22,54,54,0,0.006092787365124749,0.016440314510364547,61,79,18,3,3,3,2,4,99,38,33
592,162,778,84,100,16,112,112,75,75,0,112,112,78,78,0,0.012491915994417782,0.02188638142891181,73,84,11,2,3,3,7,14,43,14,48
593,144,246,86,94,8,64,64,65,65,0,64,64,67,67,0,0.021614078082984444,0.02209060893835733,86,86,0,4,3,3,4,20,47,23,74
594,126,726,82,100,18,180,180,80,80,0,126,180,82,86,4,0.013444977705163553,0.02042275094455223,74,82,8,2,2,2,11,8,38,17,20
595,0,206,1,92,91,0,18,1,32,31,0,18,1,44,43,0.0,0.005412029000306341,1,54,53,3,-1,4,5,0,88,98,24
596,199,301,93,98,5,96,96,95,95,0,96,96,95,95,0,0.033084856530174615,0.033255046121379216,91,91,0,4,2,2,3,15,55,16,88
597,100,100,63,63,0,100,100,47,47,0,100,100,63,63,0,0.050784574015453214,0.050784574015453214,97,97,0,-1,1,1,10,29,36,11,86
598,0,102,1,76,75,0,6,1,29,28,0,2,1,27,26,0.0,0.0013274788113958951,1,40,39,4,-1,5,3,0,64,85,53
599,0,0,1,1,0,0,0,1,1,0,0,0,1,1,0,0.0,0.0,1,1,0,-1,-1,-1,3,0,82,67,98
600,100,100,63,63,0,100,100,47,47,0,100,100,63,63,0,0.06017903944994724,0.07627897477790259,99,100,1,2,1,1,10,40,22,3,10
601,2,208,27,91,64,15,58,27,32,5,2,8,27,33,6,3.4037918240920386e-05,0.002280540522141666,27,43,16,3,5,4,13,1,13,68,46
602,0,101,1,74,73,0,5,1,25,24,0,1,1,25,24,0.0,3.4037918240920386e-05,1,25,24,5,-1,6,5,0,63,81,58
603,176,278,88,94,6,176,176,87,87,0,176,176,89,89,0,0.01681473161101467,0.017052997038701112,81,81,0,4,2,2,8,13,57,33,56
604,40,246,50,95,45,102,102,66,66,0,40,59,50,60,10,0.004016474352428605,0.007488342013002485,52,65,13,3,2,2,8,2,39,94,35
605,235,441,95,100,5,72,72,84,84,0,72,72,84,84,0,0.03699921712788046,0.03863303720344464,93,94,1,3,2,2,3,29,85,0,53
606,47,253,56,93,37,78,78,47,47,0,47,59,56,61,5,0.0051397256543789785,0.007182000748834201,56,60,4,3,3,3,8,6,57,35,75
607,88,704,60,100,40,154,164,72,76,4,88,164,60,86,26,0.007692569522448007,0.01667857993805099,62,82,20,2,2,2,10,4,36,72,27
608,0,0,1,1,0,0,0,1,1,0,0,0,1,1,0,0.0,0.0,1,1,0,-1,-1,-1,3,1,92,50,85
609,364,570,99,100,1,128,128,93,93,0,128,128,93,93,0,0.05051227066952585,0.05122706695258518,100,100,0,3,2,2,5,36,70,2,49
610,87,87,70,70,0,72,72,77,77,0,72,72,77,77,0,0.01055175465468532,0.01055175465468532,74,74,0,-1,2,2,3,8,82,57,84
611,0,616,1,100,99,0,42,1,36,35,0,42,1,50,49,0.0,0.008986010415602982,1,63,62,2,-1,3,6,0,71,91,17
612,29,645,52,100,48,28,38,46,56,10,28,38,51,59,8,0.003642057251778481,0.009939072126348753,51,66,15,2,3,3,3,4,85,22,35
613,20,20,46,46,0,24,24,43,43,0,20,20,47,47,0,0.0015317063208414173,0.0015317063208414173,41,41,0,-1,3,3,3,3,55,43,59
614,30,230,47,92,45,58,58,38,38,0,30,50,47,52,5,0.004356853534837809,0.007488342013002485,54,61,7,3,3,3,8,6,15,73,26
615,100,100,72,72,0,100,100,79,79,0,100,100,80,80,0,0.053439531638245004,0.09009836958371625,98,100,2,1,1,1,5,15,37,16,10
616,135,341,85,98,13,80,80,70,70,0,80,80,74,74,0,0.015487252799618776,0.01657646618332823,77,79,2,3,3,3,5,15,45,19,64
617,100,100,66,66,0,100,100,43,43,0,100,100,66,66,0,0.05023996732359849,0.05354164539296777,99,100,1,2,1,1,11,30,33,7,70
618,22,638,45,100,55,42,52,39,44,5,22,38,45,49,4,0.0013955546478777359,0.00445896728956057,39,51,12,2,3,3,6,3,59,51,46
619,100,100,61,61,0,100,100,43,43,0,100,100,61,61,0,0.024881718234112803,0.024881718234112803,87,87,0,-1,1,1,12,15,2,19,59
620,19,1659,47,100,53,18,52,35,78,43,18,52,46,79,33,0.003199564314646516,0.03819054426631267,49,95,46,1,4,2,3,4,94,22,51
621,100,100,67,67,0,100,100,66,66,0,100,100,72,72,0,0.05194186323564451,0.056673133871132444,96,97,1,3,1,1,6,18,59,5,57
622,32,32,47,47,0,80,80,45,45,0,32,32,47,47,0,0.0019741992579733825,0.0019741992579733825,45,45,0,-1,3,3,9,3,28,51,59
623,76,282,63,95,32,64,64,63,63,0,64,64,64,64,0,0.009973110044589673,0.015146873617209572,71,79,8,3,3,3,4,6,79,77,72
624,16,222,36,92,56,38,50,35,38,3,16,34,36,47,11,0.0002042275094455223,0.0030293747234419145,30,47,17,3,3,3,8,1,39,65,28
625,100,100,65,65,0,100,100,75,75,0,100,100,77,77,0,0.04278566322883692,0.04870826100275707,95,97,2,3,1,1,5,8,61,20,24
626,0,0,1,1,0,0,0,1,1,0,0,0,1,1,0,0.0,0.0,1,1,0,-1,-1,-1,3,0,60,96,98
627,0,206,1,93,92,0,8,1,31,30,0,8,1,35,34,0.0,0.006739507811702236,1,59,58,3,-1,4,2,0,68,86,8
628,100,100,59,59,0,100,100,40,40,0,100,100,59,59,0,0.04431736954967834,0.047414820109602095,98,98,0,2,1,1,15,27,7,10,90
629,128,128,83,83,0,184,184,82,82,0,128,128,83,83,0,0.015419176963136935,0.015419176963136935,76,76,0,-1,2,2,10,9,22,39,84
630,40,656,49,100,51,80,90,62,66,4,40,56,49,51,2,0.003165526396405596,0.005616256509751864,42,52,10,2,2,2,6,1,71,53,68
631,44,250,57,99,42,32,32,71,71,0,32,32,71,71,0,0.007726607440688927,0.008951972497362062,65,67,2,3,3,3,2,7,99,62,52
632,250,450,96,100,4,96,96,93,93,0,96,96,93,93,0,0.0390755301405766,0.040879539807345384,94,95,1,3,2,2,3,27,58,10,29
633,122,738,81,100,19,94,94,70,70,0,94,94,72,72,0,0.013989584397018279,0.018686817114265293,77,83,6,2,2,2,5,9,37,27,26
634,0,616,1,100,99,0,38,1,52,51,0,38,1,53,52,0.0,0.02910242009598693,1,91,90,2,-1,3,3,0,64,91,2
635,0,616,1,100,99,0,42,1,33,32,0,16,1,34,33,0.0,0.0037441710065012424,1,48,47,2,-1,3,10,0,12,59,90
636,0,101,1,82,81,0,3,1,24,23,0,1,1,24,23,0.0,0.00010211375472276115,1,29,28,5,-1,6,3,0,75,92,55
637,16,632,37,100,63,50,74,38,42,4,16,60,37,55,18,0.000442492937131965,0.006569318220497634,36,59,23,2,3,3,8,1,10,49,62
638,128,1768,78,100,22,118,142,63,71,8,128,142,78,79,1,0.012015385139044895,0.03791824092038531,76,94,18,1,3,2,8,8,42,8,16
639,178,280,93,97,4,32,32,58,58,0,32,32,59,59,0,0.020831205963443275,0.021580040164743523,86,88,2,4,3,3,2,19,68,15,71
640,86,702,58,100,42,170,180,69,70,1,86,116,58,76,18,0.004016474352428605,0.009564655025698629,54,69,15,2,2,2,12,6,6,70,62
641,54,54,62,62,0,48,48,63,63,0,48,48,64,64,0,0.006875659484665918,0.006875659484665918,62,62,0,-1,3,3,3,7,82,62,97
642,498,2138,98,100,2,368,392,98,99,1,368,392,98,99,1,0.034718676605738796,0.04612137921644712,93,98,5,1,2,2,14,27,25,10,48
643,138,344,93,100,7,56,56,92,92,0,56,56,92,92,0,0.02740052418394091,0.028557813404132205,89,89,0,3,2,2,2,16,97,12,52
644,0,206,1,85,84,0,60,1,36,35,0,25,1,43,42,0.0,0.003267640151128357,1,51,50,3,-1,4,12,0,2,85,28
645,0,101,1,74,73,0,7,1,25,24,0,1,1,25,24,0.0,0.00017018959120460194,1,30,29,5,-1,6,7,0,62,85,55
646,0,0,1,1,0,0,0,1,1,0,0,0,1,1,0,0.0,0.0,1,1,0,-1,-1,-1,6,0,40,92,59
647,0,102,1,77,76,0,7,1,27,26,0,2,1,27,26,0.0,0.0005786446100956465,1,37,36,4,-1,5,4,0,84,85,42
648,2,208,26,87,61,18,47,28,33,5,2,14,26,33,7,0.0,0.0020763130126961434,1,43,42,3,5,4,14,1,16,68,83
649,0,0,1,1,0,0,0,1,1,0,0,0,1,1,0,0.0,0.0,1,1,0,-1,-1,-1,5,0,49,40,81
650,152,152,84,84,0,100,100,69,69,0,100,100,71,71,0,0.016508390346846386,0.016508390346846386,78,78,0,-1,2,2,6,13,34,33,99
651,100,100,69,69,0,100,100,57,57,0,100,100,69,69,0,0.03730555839204874,0.04360257326661901,92,97,5,3,1,1,8,15,57,19,21
652,0,101,1,78,77,0,5,1,25,24,0,1,1,25,24,0.0,3.4037918240920386e-05,1,25,24,6,-1,7,5,0,88,99,78
653,200,406,91,97,6,268,268,82,82,0,200,206,91,91,0,0.014500153170632085,0.014874570271282209,78,78,0,3,2,2,16,8,4,8,42
654,6,6,33,33,0,24,24,38,38,0,6,6,33,33,0,0.002825147213996392,0.002825147213996392,49,49,0,-1,4,4,4,3,72,46,97
655,0,102,1,75,74,0,17,1,27,26,0,2,1,26,25,0.0,0.00030634126416828345,1,32,31,4,-1,5,10,1,12,69,49
656,219,320,93,98,5,112,112,96,96,0,112,112,96,96,0,0.02556247659893121,0.02556247659893121,87,87,0,5,2,2,4,16,77,12,60
657,67,273,62,95,33,54,54,55,55,0,54,54,60,60,0,0.007862759113652609,0.008305252050784574,62,64,2,3,3,3,4,8,73,44,42
658,67,273,63,97,34,32,32,58,58,0,32,32,59,59,0,0.00980292045338507,0.02130773681881616,67,88,21,3,3,3,2,8,68,44,6
659,0,616,1,100,99,0,24,1,28,27,0,16,1,31,30,0.0,0.001940161339732462,1,40,39,2,-1,3,9,0,29,81,55
660,139,755,82,100,18,120,120,80,80,0,120,120,81,81,0,0.015623404472582456,0.024166921951053473,77,88,11,2,2,2,6,15,34,19,20
661,100,100,59,59,0,100,100,45,45,0,100,100,59,59,0,0.06317437625514824,0.0657952959596991,99,100,1,2,1,1,10,40,0,3,72
662,100,100,60,60,0,100,100,52,52,0,100,100,60,60,0,0.02403077027808979,0.026141121209026855,86,89,3,2,1,1,9,6,29,26,53
663,126,1766,82,100,18,88,112,77,92,15,88,112,77,92,15,0.014840532353041287,0.05088668777017598,78,96,18,1,2,2,4,8,79,17,18
664,0,616,1,100,99,0,46,1,38,37,0,46,1,52,51,0.0,0.011198475101262807,1,71,70,2,-1,3,6,0,41,87,39
665,107,723,82,100,18,72,72,83,83,0,72,72,83,83,0,0.01841451376833793,0.021580040164743523,84,84,0,2,2,2,3,9,58,39,63
666,94,196,72,91,19,64,64,70,70,0,64,64,70,70,0,0.01327478811395895,0.013853432724054596,73,73,0,4,3,3,4,9,84,27,74
667,1,207,26,90,64,6,20,26,32,6,1,7,26,34,8,3.4037918240920386e-05,0.0015317063208414173,26,41,15,3,6,4,6,2,74,58,94
668,97,713,60,100,40,200,210,74,77,3,97,210,60,91,31,0.005922597773920147,0.01501072194424589,58,76,18,2,2,2,12,4,6,22,32
669,0,616,1,100,99,0,80,1,40,39,0,80,1,56,55,0.0,0.010858095918853602,1,70,69,2,-1,3,10,0,18,91,14
670,100,716,65,100,35,94,94,68,68,0,94,94,73,73,0,0.012559991830899623,0.015419176963136935,74,80,6,2,2,2,5,6,61,77,70
671,111,111,73,73,0,154,154,66,66,0,111,111,73,73,0,0.008203138296061813,0.008203138296061813,61,61,0,-1,2,2,10,8,0,57,80
672,180,386,86,97,11,102,102,64,64,0,102,102,72,72,0,0.019367575479083698,0.02032063718982947,84,84,0,3,3,3,7,17,24,6,51
673,72,1712,54,100,46,186,240,68,73,5,72,219,54,88,34,0.002825147213996392,0.023554239422716908,49,87,38,1,2,2,17,3,20,54,18
674,100,100,73,73,0,100,100,88,88,0,100,100,88,88,0,0.0567752476258552,0.0567752476258552,100,100,0,-1,1,1,4,19,84,15,89
675,0,1640,1,100,99,0,142,1,61,60,0,128,1,84,83,0.0,0.01678069369277375,1,78,77,1,-1,2,13,0,13,93,14
676,128,128,80,80,0,252,252,81,81,0,128,128,80,80,0,0.007760645358929848,0.007760645358929848,60,60,0,-1,2,2,14,5,16,47,82
677,0,1640,1,100,99,0,112,1,58,57,0,79,1,58,57,0.0,0.013615167296368155,1,73,72,1,-1,2,11,0,33,89,28
678,0,1640,1,100,99,0,138,1,78,77,0,138,1,85,84,0.0,0.03761189965621702,1,95,94,1,-1,2,9,0,26,91,11
679,22,638,45,100,55,32,60,40,50,10,22,60,45,61,16,0.0020082371762143027,0.032336022328874364,45,89,44,2,3,3,5,3,80,51,2
680,22,22,40,40,0,126,126,63,63,0,22,22,40,40,0,0.002212464685659825,0.002212464685659825,45,45,0,-1,3,3,11,2,38,61,87
681,6,212,32,94,62,14,14,34,34,0,6,12,32,38,6,0.0006126825283365669,0.0010892133837094523,34,40,6,3,4,4,3,1,60,49,88
682,88,1728,61,100,39,122,146,69,83,14,88,128,61,78,17,0.007726607440688927,0.021375812655298,62,83,21,1,2,2,8,4,27,72,71
683,0,616,1,100,99,0,31,1,32,31,0,18,1,40,39,0.0,0.0017018959120460194,1,43,42,2,-1,3,9,1,23,45,52
684,308,410,99,100,1,80,80,96,96,0,80,80,96,96,0,0.052248204499812795,0.0530991524558358,97,97,0,4,2,2,2,40,86,3,61
685,1,207,26,89,63,10,60,26,38,12,1,21,26,42,16,6.807583648184077e-05,0.005616256509751864,29,56,27,3,6,4,10,1,12,78,72
686,240,856,95,100,5,72,72,77,77,0,72,72,77,77,0,0.03223390857415161,0.0516014840532353,92,97,5,2,2,2,3,22,64,9,10
687,0,616,1,100,99,0,20,1,44,43,0,20,1,47,46,0.0,0.007522379931243405,1,61,60,2,-1,3,3,0,85,91,38
688,16,16,36,36,0,100,100,55,55,0,16,16,36,36,0,0.003369753905851118,0.003369753905851118,50,50,0,-1,3,3,9,3,23,46,84
689,100,100,59,59,0,100,100,40,40,0,100,100,59,59,0,0.028830116750059566,0.0514312944620307,91,98,7,1,1,1,15,18,7,5,0
690,22,228,40,91,51,76,80,41,43,2,22,37,40,48,8,0.0011232513019503727,0.00439089145307873,39,54,15,3,3,3,10,2,11,74,73
691,34,634,52,100,48,44,44,49,49,0,34,44,52,54,2,0.0030293747234419145,0.013819394805813677,50,75,25,2,3,3,4,6,79,70,14
692,0,0,1,1,0,0,0,1,1,0,0,0,1,1,0,0.0,0.0,1,1,0,-1,-1,-1,7,0,24,82,66
693,222,324,94,95,1,206,206,95,95,0,206,206,96,96,0,0.02307770856734402,0.023111746485584943,84,84,0,4,2,2,9,16,35,18,4
694,169,375,90,99,9,72,72,83,83,0,72,72,83,83,0,0.02484768031587188,0.03975628850539501,88,95,7,3,2,2,3,16,58,18,9
695,32,32,47,47,0,76,76,39,39,0,32,32,47,47,0,0.0018380475850097008,0.0018380475850097008,42,42,0,-1,3,3,10,3,36,51,66
696,166,166,89,89,0,84,84,66,66,0,84,84,70,70,0,0.014636304843595765,0.014636304843595765,80,80,0,-1,2,2,5,14,61,14,40
697,44,250,56,95,39,70,70,58,58,0,44,50,56,57,1,0.005956635692161067,0.007590455767725246,59,64,5,3,3,3,5,4,63,38,53
698,0,206,1,90,89,0,20,1,33,32,0,15,1,41,40,0.0,0.0026549576227917903,1,47,46,3,-1,4,4,0,79,86,22
699,172,788,88,100,12,88,88,71,71,0,88,88,71,71,0,0.019980258007420267,0.041968753191054836,85,96,11,2,2,2,4,18,53,30,11
700,18,118,47,87,40,22,22,47,47,0,18,18,50,50,0,0.0018380475850097008,0.0019741992579733825,43,43,0,4,3,3,2,2,89,61,49
701,196,812,87,100,13,224,224,76,76,0,196,224,87,91,4,0.014295925661186561,0.019980258007420267,73,83,10,2,2,2,15,14,7,14,24
702,18,119,45,85,40,28,28,44,44,0,18,19,45,46,1,0.001599782157323258,0.0016678579938050988,41,41,0,6,3,3,3,2,92,61,58
703,0,1640,1,100,99,0,136,1,62,61,0,100,1,60,59,0.0,0.01575955614554614,1,78,77,1,-1,2,12,1,6,69,21
704,194,400,90,100,10,132,132,98,98,0,132,132,98,98,0,0.020150447598624867,0.025154021580040164,81,85,4,3,2,2,5,14,70,14,62
705,0,206,1,93,92,0,20,1,34,33,0,12,1,38,37,0.0,0.003267640151128357,1,49,48,3,-1,4,4,0,73,99,29
706,0,0,1,1,0,0,0,1,1,0,0,0,1,1,0,0.0,0.0,1,1,0,-1,-1,-1,11,0,19,84,89
707,0,206,1,92,91,0,16,1,32,31,0,16,1,44,43,0.0,0.006399128629293032,1,60,59,3,-1,4,4,0,78,79,20
708,80,286,59,96,37,142,142,78,78,0,80,92,59,62,3,0.006433166547533953,0.007250076585316042,57,60,3,3,2,2,8,3,10,29,74
709,148,148,85,85,0,110,110,83,83,0,110,110,83,83,0,0.01409169815174104,0.01409169815174104,73,73,0,-1,2,2,6,14,71,32,98
710,284,900,96,100,4,256,256,96,96,0,256,256,96,96,0,0.021818305592429966,0.03104258143571939,86,89,3,2,2,2,10,18,0,30,33
711,68,68,68,68,0,62,62,82,82,0,62,62,82,82,0,0.01327478811395895,0.01327478811395895,76,76,0,-1,2,2,3,4,85,72,96
712,0,616,1,100,99,0,66,1,47,46,0,66,1,60,59,0.0,0.02127369890057524,1,86,85,2,-1,3,6,0,48,86,7
713,16,16,48,48,0,22,22,52,52,0,16,16,51,51,0,0.003437829742332959,0.003437829742332959,53,53,0,-1,3,3,2,1,98,90,87
714,50,256,59,96,37,38,38,52,52,0,38,38,55,55,0,0.005241839409101739,0.006535280302256714,57,63,6,3,3,3,3,6,66,26,51
715,0,0,1,1,0,0,0,1,1,0,0,0,1,1,0,0.0,0.0,1,1,0,-1,-1,-1,5,0,88,91,89
716,100,100,65,65,0,100,100,45,45,0,100,100,65,65,0,0.025358249089485686,0.027060145001531706,86,91,5,2,1,1,10,6,12,77,64
717,130,336,80,95,15,112,112,92,92,0,112,112,92,92,0,0.017018959120460194,0.01855066544130161,81,82,1,3,2,2,4,8,83,17,53
718,100,100,67,67,0,100,100,54,54,0,100,100,67,67,0,0.031314884781646755,0.031314884781646755,91,91,0,-1,1,1,9,6,35,77,87
719,88,704,60,100,40,152,152,78,78,0,88,152,60,84,24,0.009054086252084823,0.02750263793866367,67,87,20,2,2,2,8,4,42,38,23
720,235,851,93,100,7,158,158,98,98,0,158,158,98,98,0,0.02038871302631131,0.02740052418394091,81,86,5,2,2,2,6,15,74,19,77
721,0,206,1,90,89,0,70,1,35,34,0,20,1,42,41,0.0,0.0045270431260424114,1,52,51,3,-1,4,13,0,13,81,62
722,22,228,43,92,49,58,58,43,43,0,22,58,43,56,13,0.0023486163586235067,0.0068075836481840775,47,61,14,3,3,3,8,2,21,75,57
723,268,1908,95,100,5,88,112,77,92,15,88,112,77,92,15,0.033425235712583816,0.06749719187174512,91,100,9,1,2,2,4,27,79,10,5
724,6,6,32,32,0,10,10,32,32,0,6,6,32,32,0,0.0002382654276864427,0.0002382654276864427,31,31,0,-1,4,4,3,1,81,60,76
725,22,228,50,99,49,22,22,55,55,0,22,22,57,57,0,0.005241839409101739,0.008951972497362062,57,67,10,3,3,3,2,2,97,83,41
726,148,764,79,100,21,252,272,82,84,2,148,215,79,90,11,0.010313489226998877,0.018891044623710815,65,81,16,2,2,2,15,6,7,34,44
727,1,1,26,26,0,5,5,26,26,0,1,1,26,26,0,0.0,0.0,1,1,0,-1,6,6,5,1,70,78,80
728,488,488,100,100,0,216,216,96,96,0,216,216,97,97,0,0.045508696688110556,0.045508696688110556,97,97,0,-1,2,2,9,40,35,3,96
729,73,689,59,100,41,164,174,74,79,5,73,174,59,89,30,0.0053099152455835805,0.013819394805813677,56,77,21,2,2,2,10,4,1,22,27
730,0,101,1,84,83,0,3,1,23,22,0,1,1,23,22,0.0,6.807583648184077e-05,1,26,25,6,-1,7,3,0,92,99,58
731,6,212,32,92,60,32,32,34,34,0,6,14,32,38,6,0.0004084550188910446,0.0018040096667687805,34,42,8,3,4,4,6,1,44,88,61
732,22,123,40,82,42,176,176,63,63,0,22,23,40,42,2,0.0018040096667687805,0.0018380475850097008,41,41,0,5,3,3,16,2,4,61,68
733,12,113,37,80,43,18,18,33,33,0,12,13,37,39,2,0.0005786446100956465,0.0006807583648184077,34,35,1,5,4,4,5,2,88,63,55
734,60,162,68,94,26,32,32,71,71,0,32,32,71,71,0,0.00888389666088022,0.010109261717553355,67,69,2,4,3,3,2,6,99,26,71
735,72,688,55,100,45,130,150,62,64,2,72,160,55,83,28,0.0024166921951053475,0.01232172640321318,45,73,28,2,2,2,11,4,5,64,8
736,133,749,87,100,13,48,48,62,62,0,48,48,64,64,0,0.01579359406378706,0.025154021580040164,80,89,9,2,3,3,3,18,64,5,32
737,0,0,1,1,0,0,0,1,1,0,0,0,1,1,0,0.0,0.0,1,1,0,-1,-1,-1,5,0,50,80,93
738,0,206,1,93,92,0,24,1,37,36,0,24,1,50,49,0.0,0.008339289969025495,1,67,66,3,-1,4,4,0,72,76,27
739,72,72,70,70,0,32,32,64,64,0,32,32,64,64,0,0.01242384015793594,0.01242384015793594,73,73,0,-1,3,3,2,8,89,20,50
740,386,986,98,100,2,374,374,99,99,0,374,374,99,99,0,0.026107083290785937,0.02746860002042275,88,89,1,2,2,2,15,19,7,15,43
741,22,228,45,91,46,98,98,53,53,0,22,28,45,50,5,0.004356853534837809,0.005105687736138058,54,54,0,3,3,3,8,3,57,29,71
742,325,425,99,100,1,96,96,92,92,0,96,96,92,92,0,0.04952517104053916,0.05194186323564451,96,96,0,4,2,2,3,36,81,2,22
743,156,356,88,98,10,88,88,81,81,0,88,88,81,81,0,0.021682153919466287,0.026039007454304094,85,89,4,3,2,2,4,14,73,14,44
744,18,1658,41,100,59,54,114,38,59,21,18,114,41,76,35,0.0005105687736138058,0.0348888661969434,35,94,59,1,3,2,10,2,12,63,10
745,0,206,1,90,89,0,32,1,31,30,0,26,1,45,44,0.0,0.0034718676605738795,1,47,46,3,-1,4,8,0,39,84,26
746,124,124,78,78,0,144,144,91,91,0,124,124,90,90,0,0.012968446849790666,0.012968446849790666,74,74,0,-1,2,2,6,7,51,21,76
747,0,616,1,100,99,0,44,1,48,47,0,44,1,54,53,0.0,0.02736648626569999,1,89,88,2,-1,3,4,0,79,98,3
748,2,104,27,84,57,4,4,29,29,0,2,4,27,31,4,0.0002042275094455223,0.0009530617107457708,32,37,5,4,5,5,2,1,98,60,43
749,0,616,1,100,99,0,40,1,35,34,0,30,1,47,46,0.0,0.006331052792811192,1,58,57,2,-1,3,7,0,43,66,38
750,24,24,49,49,0,18,18,47,47,0,18,18,49,49,0,0.002757071377514551,0.002757071377514551,47,47,0,-1,3,3,2,6,99,70,91
751,1,102,25,83,58,2,2,25,25,0,1,2,25,27,2,0.0,0.00017018959120460194,1,31,30,5,6,6,2,2,86,58,55
752,0,206,1,93,92,0,12,1,35,34,0,12,1,36,35,0.0,0.0036760951700194017,1,53,52,3,-1,4,2,0,68,98,13
753,77,693,68,100,32,62,62,77,77,0,62,62,78,78,0,0.010858095918853602,0.019844106334456584,67,84,17,2,2,2,3,8,58,57,31
754,0,206,1,92,91,0,14,1,34,33,0,14,1,42,41,0.0,0.004595118962524252,1,56,55,3,-1,4,3,0,76,36,44
755,16,16,41,41,0,34,34,43,43,0,16,16,41,41,0,0.003437829742332959,0.003437829742332959,52,52,0,-1,3,3,4,1,83,90,98
756,0,616,1,100,99,0,48,1,37,36,0,48,1,50,49,0.0,0.013002484768031588,1,76,75,2,-1,3,7,0,46,86,30
757,118,734,80,100,20,148,148,79,79,0,118,148,80,85,5,0.01507879778072773,0.023111746485584943,75,85,10,2,2,2,9,9,26,39,17
758,168,374,89,98,9,110,110,80,80,0,110,110,83,83,0,0.013989584397018279,0.016099935327955343,77,80,3,3,2,2,6,14,48,32,75
759,144,350,79,97,18,198,198,83,83,0,144,152,79,83,4,0.009428503352734947,0.011062323428299126,68,74,6,3,2,2,10,7,0,21,75
760,119,325,84,99,15,48,48,60,60,0,48,48,63,63,0,0.017393376221110316,0.026958031246808945,82,90,8,3,3,3,3,18,58,5,19
761,182,798,86,100,14,120,120,77,77,0,120,120,84,84,0,0.01943565131556554,0.022294836447802852,82,84,2,2,2,2,6,18,40,30,43
762,32,648,48,100,52,68,78,40,44,4,32,78,48,59,11,0.0015317063208414173,0.009258313761530345,42,65,23,2,3,3,8,2,15,74,20
763,106,722,76,100,24,60,60,51,51,0,60,60,62,62,0,0.009054086252084823,0.02746860002042275,68,87,19,2,3,3,5,13,80,24,9
764,94,710,73,100,27,48,48,60,60,0,48,48,63,63,0,0.012185574730249497,0.018857006705469893,71,84,13,2,3,3,3,8,58,8,26
765,14,14,40,40,0,26,26,37,37,0,14,14,40,40,0,0.001497668402600497,0.001497668402600497,42,42,0,-1,4,4,5,3,70,43,85
766,29,131,51,88,37,28,28,43,43,0,28,28,50,50,0,0.004016474352428605,0.004833384390210695,53,54,1,4,3,3,3,6,66,73,64
767,0,616,1,100,99,0,44,1,52,51,0,44,1,57,56,0.0,0.030804316008032948,1,91,90,2,-1,3,4,0,78,97,2
768,138,754,86,100,14,64,64,63,63,0,64,64,64,64,0,0.011845195547840293,0.0390755301405766,74,93,19,2,3,3,4,14,79,32,3
769,2,208,29,93,64,7,24,29,37,8,2,24,29,49,20,0.0002042275094455223,0.005820484019197386,32,57,25,3,5,4,4,1,73,55,21
770,7,623,37,100,63,20,34,36,46,10,7,34,37,54,17,0.0002723033459273631,0.020252561353347628,33,83,50,2,4,3,4,2,78,56,7
771,42,42,62,62,0,22,22,55,55,0,22,22,57,57,0,0.008441403723748256,0.008441403723748256,67,67,0,-1,3,3,2,7,97,21,84
772,94,710,73,100,27,64,64,65,65,0,64,64,67,67,0,0.015214949453691413,0.02631131080023146,79,88,9,2,3,3,4,9,47,39,14
773,0,206,1,89,88,0,24,1,30,29,0,12,1,33,32,0.0,0.004561081044283332,1,51,50,3,-1,4,6,0,71,92,62
774,100,716,76,100,24,78,78,75,75,0,78,78,77,77,0,0.011368664692467409,0.01766567956703768,71,84,13,2,2,2,4,7,77,21,57
775,249,865,93,100,7,278,278,94,94,0,278,278,94,94,0,0.018380475850097007,0.02634534871847238,78,87,9,2,2,2,12,15,3,19,33
776,260,260,92,92,0,304,304,87,87,0,260,260,92,92,0,0.014023622315259198,0.014023622315259198,72,72,0,-1,2,2,17,14,20,32,59
777,0,101,1,75,74,0,12,1,25,24,0,1,1,25,24,0.0,3.4037918240920386e-05,1,25,24,5,-1,6,12,0,14,82,68
778,112,112,84,84,0,54,54,62,62,0,54,54,68,68,0,0.011096361346540046,0.011096361346540046,73,73,0,-1,3,3,4,14,72,14,96
779,126,332,78,94,16,100,100,59,59,0,100,100,64,64,0,0.00881582082439838,0.009836958371625992,64,68,4,3,2,2,6,8,40,44,61
780,0,102,1,78,77,0,10,1,29,28,0,4,1,31,30,0.0,0.0007147962830593281,1,36,35,4,-1,5,6,0,69,80,43
781,36,1676,46,100,54,68,112,41,61,20,36,112,46,77,31,0.00353994349705572,0.026855917492086184,51,86,35,1,3,2,8,6,42,73,6
782,105,206,84,96,12,32,32,63,63,0,32,32,64,64,0,0.017427414139351238,0.017427414139351238,80,80,0,6,3,3,2,18,86,5,68
783,16,632,32,100,68,46,92,31,39,8,16,86,32,56,24,0.0002723033459273631,0.006739507811702236,31,60,29,2,3,3,14,1,8,65,31
784,0,616,1,100,99,0,26,1,36,35,0,25,1,43,42,0.0,0.004901460226692535,1,49,48,2,-1,3,4,0,67,89,64
785,22,638,38,100,62,62,86,35,43,8,22,86,38,56,18,0.0004765308553728854,0.011743081793117532,35,74,39,2,3,3,10,2,0,63,39
786,80,286,60,94,34,180,180,80,80,0,80,110,60,77,17,0.009564655025698629,0.012798257258586064,67,71,4,3,2,2,11,5,38,25,13
787,84,186,58,86,28,142,142,72,72,0,84,86,58,58,0,0.010790020082371761,0.010858095918853602,72,72,0,4,2,2,8,5,42,25,55
788,0,101,1,81,80,0,3,1,24,23,0,1,1,24,23,0.0,6.807583648184077e-05,1,28,27,6,-1,7,3,0,66,99,68
789,49,1689,57,100,43,60,104,48,79,31,49,104,57,80,23,0.004799346471969774,0.054358555430749855,54,97,43,1,3,2,5,4,63,22,3
790,105,105,81,81,0,48,48,54,54,0,48,48,56,56,0,0.011879233466081215,0.011879233466081215,73,73,0,-1,3,3,3,14,87,32,50
791,2,104,29,78,49,8,8,32,32,0,2,4,29,32,3,3.4037918240920386e-05,0.0012253650566731338,26,40,14,4,5,5,4,1,47,95,94
792,0,616,1,99,98,0,74,1,39,38,0,62,1,55,54,0.0,0.007318152421797883,1,61,60,2,-1,3,11,0,19,89,31
793,44,146,55,91,36,48,48,54,54,0,48,48,56,56,0,0.007147962830593281,0.008135062459579971,59,62,3,4,3,3,3,4,87,72,83
794,0,0,1,1,0,0,0,1,1,0,0,0,1,1,0,0.0,0.0,1,1,0,-1,-1,-1,8,0,30,67,80
795,16,118,34,77,43,34,34,34,34,0,16,18,34,39,5,0.00017018959120460194,0.0002723033459273631,31,33,2,4,3,3,8,1,42,4,65
796,0,616,1,100,99,0,50,1,44,43,0,50,1,57,56,0.0,0.008101024541339052,1,66,65,2,-1,3,5,0,63,67,48
797,100,100,67,67,0,100,100,57,57,0,100,100,67,67,0,0.0619490111984751,0.06875659484665918,99,99,0,3,1,1,8,40,21,3,32
798,34,1674,49,100,51,74,118,42,63,21,34,118,49,74,25,0.0012253650566731338,0.038428809693999116,40,94,54,1,3,2,9,4,28,64,11
799,294,294,98,98,0,136,136,98,98,0,136,136,98,98,0,0.04128799482623643,0.04128799482623643,95,95,0,-1,2,2,4,27,77,10,45
800,6,622,30,100,70,12,40,30,40,10,6,40,30,53,23,0.00037441710065012424,0.008203138296061813,34,65,31,2,4,3,5,1,80,55,31
801,22,638,43,100,57,58,78,39,46,7,22,65,43,57,14,0.0012934408931549745,0.007862759113652609,40,62,22,2,3,3,8,2,30,74,57
802,22,22,43,43,0,68,68,41,41,0,22,22,43,43,0,0.0005786446100956465,0.0005786446100956465,36,36,0,-1,3,3,8,2,30,56,67
803,0,616,1,100,99,0,18,1,46,45,0,18,1,49,48,0.0,0.0088498587426393,1,66,65,2,-1,3,2,1,95,69,20
804,227,843,95,100,5,168,168,98,98,0,168,168,98,98,0,0.028455699649409444,0.03934783348650397,89,95,6,2,2,2,6,20,34,23,77
805,100,100,62,62,0,100,100,45,45,0,100,100,62,62,0,0.047448858027843016,0.047448858027843016,98,98,0,-1,1,1,12,30,3,7,76
806,0,206,1,96,95,0,14,1,32,31,0,8,1,35,34,0.0,0.001599782157323258,1,42,41,3,-1,4,3,0,75,36,61
807,276,482,92,97,5,286,286,88,88,0,276,286,92,93,1,0.024234997787535316,0.02634534871847238,88,89,1,3,2,2,14,16,25,18,73
808,12,628,40,100,60,20,34,35,43,8,12,34,40,51,11,0.0009530617107457708,0.016270124919159943,39,80,41,2,4,3,4,2,47,74,6
809,6,622,29,100,71,24,42,30,35,5,6,22,29,42,13,6.807583648184077e-05,0.004152626025392287,29,52,23,2,4,3,8,1,30,95,90
810,12,114,42,85,43,12,12,37,37,0,12,12,41,41,0,0.0032336022328874367,0.004186663943633207,51,52,1,4,4,4,2,3,89,29,51
811,1,207,25,92,67,3,18,25,34,9,1,18,25,47,22,3.4037918240920386e-05,0.006569318220497634,27,58,31,3,6,4,3,1,87,78,31
812,0,616,1,100,99,0,94,1,47,46,0,94,1,65,64,0.0,0.018040096667687803,1,79,78,2,-1,3,9,0,54,66,15
813,22,123,51,83,32,38,38,49,49,0,22,23,51,52,1,0.0040845501889104465,0.0040845501889104465,54,54,0,6,3,3,3,3,87,29,68
814,0,1640,1,100,99,0,78,1,33,32,0,46,1,51,50,0.0,0.009598692943939549,1,67,66,1,-1,2,14,0,16,40,52
815,100,100,61,61,0,100,100,44,44,0,100,100,61,61,0,0.04527043126042411,0.04932094353109364,95,98,3,3,1,1,12,29,6,11,31
816,100,100,66,66,0,100,100,49,49,0,100,100,66,66,0,0.02913645801422785,0.03553558664352088,88,94,6,3,1,1,9,8,54,8,25
817,7,213,36,93,57,10,10,32,32,0,7,10,36,37,1,0.0004765308553728854,0.0025188059498281084,35,45,10,3,4,4,3,2,58,56,41
818,6,622,31,100,69,12,22,37,53,16,6,22,31,53,22,0.0016678579938050988,0.01674665577453283,41,81,40,2,4,3,2,1,99,71,23
819,0,206,1,92,91,0,13,1,30,29,0,8,1,36,35,0.0,0.0010892133837094523,1,38,37,3,-1,4,5,1,37,69,51
820,8,214,37,93,56,20,24,35,37,2,8,24,37,49,12,0.000442492937131965,0.005241839409101739,35,56,21,3,4,4,4,2,73,63,13
821,358,358,95,95,0,200,200,94,94,0,200,200,94,94,0,0.0352292453793526,0.0352292453793526,91,91,0,-1,2,2,8,29,57,0,66
822,6,622,28,100,72,28,78,31,43,12,6,78,28,57,29,0.00017018959120460194,0.020933319718166036,28,83,55,2,4,3,8,1,27,4,0
823,160,160,83,83,0,150,150,86,86,0,150,150,86,86,0,0.01851662752306069,0.01851662752306069,82,82,0,-1,2,2,7,12,43,37,91
824,231,231,93,93,0,200,200,94,94,0,200,200,94,94,0,0.019197385887879097,0.019197385887879097,82,82,0,-1,2,2,8,15,15,19,45
825,2,104,26,75,49,11,11,28,28,0,2,4,26,28,2,0.00010211375472276115,0.0002723033459273631,30,31,1,4,5,5,6,1,59,95,55
826,0,616,1,100,99,0,104,1,54,53,0,52,1,52,51,0.0,0.007828721195411689,1,63,62,2,-1,3,14,0,8,87,77
827,339,339,95,95,0,152,152,96,96,0,152,152,96,96,0,0.03720344463732598,0.03720344463732598,92,92,0,-1,2,2,5,29,80,11,67
828,0,616,1,100,99,0,30,1,39,38,0,30,1,47,46,0.0,0.0061949011198475104,1,55,54,2,-1,3,6,0,69,99,48
829,0,0,1,1,0,0,0,1,1,0,0,0,1,1,0,0.0,0.0,1,1,0,-1,-1,-1,9,0,35,91,85
830,72,688,54,100,46,208,218,74,75,1,72,104,55,75,20,0.0033357159876101976,0.009462541270975866,51,66,15,2,2,2,14,6,25,70,34
831,100,100,62,62,0,100,100,45,45,0,100,100,62,62,0,0.022839443139657578,0.027672827529868275,83,87,4,2,1,1,12,6,3,77,28
832,40,40,47,47,0,62,62,38,38,0,40,40,47,47,0,0.0025188059498281084,0.0025188059498281084,45,45,0,-1,2,2,8,1,27,60,98
833,122,738,85,100,15,72,72,84,84,0,72,72,84,84,0,0.018925082541951733,0.0245413390517036,81,87,6,2,2,2,3,15,81,19,90
834,120,736,77,100,23,100,100,66,66,0,120,100,89,75,-14,0.012015385139044895,0.01678069369277375,71,78,7,2,2,2,6,6,51,77,38
835,0,0,1,1,0,0,0,1,1,0,0,0,1,1,0,0.0,0.0,1,1,0,-1,-1,-1,16,0,9,36,89
836,80,696,70,100,30,88,88,82,82,0,88,88,82,82,0,0.01320671227747711,0.02573266619013581,77,87,10,2,2,2,4,5,78,25,14
837,125,227,88,96,8,46,46,82,82,0,46,46,82,82,0,0.019639878825011062,0.021682153919466287,83,85,2,4,2,2,2,17,95,6,75
838,0,206,1,90,89,0,12,1,31,30,0,8,1,36,35,0.0,0.0007488342013002485,1,38,37,3,-1,4,4,0,79,76,43
839,106,1746,76,100,24,142,166,78,83,5,106,166,76,84,8,0.009394465434494027,0.02978317846080534,64,90,26,1,2,2,8,7,27,48,8
840,68,274,65,98,33,56,56,80,80,0,56,56,81,81,0,0.010892133837094524,0.030634126416828347,70,93,23,3,2,2,2,4,91,38,1
841,0,616,1,100,99,0,18,1,47,46,0,18,1,48,47,0.0,0.00966676878042139,1,69,68,2,-1,3,2,0,93,84,64
842,0,616,1,100,99,0,98,1,52,51,0,98,1,68,67,0.0,0.02324789815854862,1,85,84,2,-1,3,8,0,30,99,7
843,0,102,1,70,69,0,20,1,28,27,0,4,1,28,27,0.0,0.00017018959120460194,1,31,30,4,-1,5,11,0,5,59,63
844,32,32,47,47,0,76,76,40,40,0,32,32,47,47,0,0.001055175465468532,0.001055175465468532,40,40,0,-1,3,3,10,2,18,74,86
845,26,642,51,100,49,40,40,43,43,0,25,40,51,52,1,0.00353994349705572,0.024371149460498995,51,88,37,2,3,3,5,6,49,41,7
846,0,102,1,78,77,0,10,1,28,27,0,4,1,30,29,0.0,0.0007488342013002485,1,37,36,4,-1,5,6,0,32,93,74
847,0,206,1,93,92,0,20,1,34,33,0,20,1,47,46,0.0,0.0038462847612240037,1,52,51,3,-1,4,4,1,73,50,28
848,8,110,33,77,44,52,52,34,34,0,8,10,33,33,0,0.0004765308553728854,0.0007147962830593281,34,35,1,4,4,4,10,2,36,56,49
849,134,750,82,100,18,100,110,70,80,10,100,110,72,81,9,0.012049423057285817,0.03441233534157051,71,94,23,2,2,2,6,13,65,24,1
850,260,1900,92,100,8,304,328,87,92,5,260,328,92,98,6,0.014023622315259198,0.03420810783212499,72,92,20,1,2,2,17,14,20,32,15
851,86,702,65,100,35,86,86,63,63,0,86,86,67,67,0,0.007011811157629599,0.012525953912658701,58,72,14,2,3,3,6,6,56,13,62
852,16,16,38,38,0,40,40,45,45,0,16,16,38,38,0,0.002212464685659825,0.002212464685659825,47,47,0,-1,3,3,5,2,37,94,98
853,0,0,1,1,0,0,0,1,1,0,0,0,1,1,0,0.0,0.0,1,1,0,-1,-1,-1,4,0,84,93,82
854,78,78,62,62,0,76,76,54,54,0,76,76,61,61,0,0.00789679703189353,0.00789679703189353,62,62,0,-1,3,3,6,7,44,48,96
855,56,158,63,89,26,38,38,56,56,0,38,38,57,57,0,0.007590455767725246,0.00793083495013445,64,65,1,4,3,3,3,7,60,21,56
856,0,0,1,1,0,0,0,1,1,0,0,0,1,1,0,0.0,0.0,1,1,0,-1,-1,-1,11,0,5,36,86
857,0,0,1,1,0,0,0,1,1,0,0,0,1,1,0,0.0,0.0,1,1,0,-1,-1,-1,10,0,36,85,79
858,168,784,86,100,14,110,110,86,86,0,110,110,86,86,0,0.0195377650702883,0.020865243881684196,80,81,1,2,2,2,6,18,69,30,49
859,119,735,86,100,14,64,64,68,68,0,64,64,71,71,0,0.020933319718166036,0.036488648354266656,83,94,11,2,3,3,4,16,72,18,39
860,0,101,1,74,73,0,5,1,25,24,0,1,1,25,24,0.0,6.807583648184077e-05,1,27,26,5,-1,6,5,0,63,84,68
861,16,632,35,100,65,148,158,63,65,2,16,42,35,51,16,0.0019061234214915416,0.007284114503556962,42,62,20,2,3,3,13,1,13,53,72
862,100,100,65,65,0,100,100,75,75,0,100,100,77,77,0,0.04979747438646653,0.0582729160284557,98,99,1,3,1,1,5,18,61,30,33
863,0,206,1,86,85,0,23,1,29,28,0,12,1,34,33,0.0,0.0008169100377820892,1,36,35,3,-1,4,8,0,27,87,74
864,217,1817,92,100,8,196,196,94,94,0,196,196,94,94,0,0.02556247659893121,0.046359644644133564,89,97,8,1,2,2,9,16,26,18,30
865,77,178,74,93,19,22,22,49,49,0,22,22,50,50,0,0.015385139044896015,0.015419176963136935,79,79,0,5,3,3,2,12,93,37,65
866,0,616,1,100,99,0,102,1,57,56,0,102,1,74,73,0.0,0.015453214881377854,1,76,75,2,-1,3,12,0,3,80,15
867,8,110,37,75,38,20,20,35,35,0,8,11,37,38,1,0.0006807583648184077,0.0009530617107457708,37,39,2,4,4,4,4,3,83,51,63
868,16,118,34,81,47,28,28,34,34,0,16,18,34,38,4,0.0006467204465774873,0.0007488342013002485,35,36,1,4,3,3,5,1,50,88,65
869,0,101,1,77,76,0,4,1,24,23,0,1,1,24,23,0.0,0.0,1,1,0,6,-1,7,4,0,79,86,58
870,313,415,97,100,3,120,120,85,85,0,120,120,87,87,0,0.03577385207120733,0.03584192790768916,94,94,0,4,2,2,6,30,74,7,60
871,58,58,55,55,0,100,100,45,45,0,58,58,55,55,0,0.002110350930937064,0.002110350930937064,43,43,0,-1,2,2,10,4,12,64,45
872,28,1668,43,100,57,148,192,63,69,6,28,102,43,76,33,0.0018380475850097008,0.011640968038394772,42,68,26,1,3,2,17,3,20,43,47
873,270,270,96,96,0,88,88,71,71,0,88,88,71,71,0,0.02906838217774601,0.02906838217774601,92,92,0,-1,2,2,4,22,53,9,99
874,0,206,1,90,89,0,22,1,28,27,0,7,1,34,33,0.0,0.00017018959120460194,1,30,29,3,-1,4,10,0,1,36,63
875,0,616,1,100,99,0,82,1,36,35,0,43,1,47,46,0.0,0.004561081044283332,1,54,53,2,-1,3,14,0,25,67,57
876,135,1775,85,100,15,236,270,85,92,7,135,270,85,94,9,0.0088498587426393,0.04278566322883692,65,97,32,1,2,2,13,8,13,57,3
877,0,616,1,100,99,0,100,1,44,43,0,100,1,65,64,0.0,0.018074134585928724,1,81,80,2,-1,3,10,0,1,79,23
878,100,100,63,63,0,100,100,39,39,0,100,100,63,63,0,0.04700636509071105,0.05146533238027162,96,99,3,2,1,1,14,29,17,1,72
879,6,212,29,89,60,24,28,32,33,1,6,18,29,39,10,0.0005446066918547262,0.002144388849177984,35,44,9,3,4,4,8,1,42,88,75
880,136,342,84,98,14,286,286,91,91,0,136,142,84,84,0,0.010858095918853602,0.011028285510058205,69,70,1,3,2,2,14,4,8,38,95
881,0,206,1,88,87,0,26,1,29,28,0,6,1,28,27,0.0,0.0008509479560230097,1,37,36,3,-1,4,10,0,11,67,71
882,8,214,40,96,56,8,8,34,34,0,8,8,40,40,0,0.0018040096667687805,0.002995336805200994,43,48,5,3,4,4,2,2,93,61,43
883,125,331,79,94,15,120,120,79,79,0,125,120,81,80,-1,0.010755982164130842,0.013104598522754349,70,74,4,3,2,2,7,8,43,44,90
884,0,206,1,88,87,0,42,1,31,30,0,9,1,30,29,0.0,0.0010892133837094523,1,38,37,3,-1,4,14,1,17,69,54
885,16,222,37,94,57,66,66,51,51,0,16,66,37,61,24,0.002927260968719153,0.007454304094761564,51,63,12,3,3,3,6,3,34,46,24
886,0,206,1,94,93,0,12,1,31,30,0,12,1,36,35,0.0,0.00966676878042139,1,66,65,3,-1,4,2,1,91,45,39
887,62,164,53,85,32,92,92,47,47,0,62,64,53,54,1,0.00353994349705572,0.003914360597705844,51,53,2,4,2,2,8,3,42,54,88
888,0,616,1,100,99,0,42,1,35,34,0,42,1,49,48,0.0,0.012185574730249497,1,71,70,2,-1,3,6,0,56,67,18
889,36,242,53,95,42,54,54,55,55,0,35,54,54,59,5,0.00445896728956057,0.008135062459579971,54,63,9,3,3,3,4,6,73,41,26
890,16,16,36,36,0,40,40,40,40,0,16,16,36,36,0,0.0011913271384322134,0.0011913271384322134,39,39,0,-1,3,3,5,1,52,71,84
891,100,100,67,67,0,100,100,54,54,0,100,100,67,67,0,0.043908914530787296,0.043908914530787296,98,98,0,-1,1,1,8,19,27,15,76
892,42,42,56,56,0,22,22,48,48,0,22,22,51,51,0,0.007216038667075122,0.007216038667075122,61,61,0,-1,3,3,2,6,95,34,96
893,0,101,1,84,83,0,2,1,23,22,0,1,1,23,22,0.0,3.4037918240920386e-05,1,28,27,5,-1,6,2,0,98,92,4
894,210,210,91,91,0,104,104,82,82,0,104,104,83,83,0,0.021239660982334322,0.021239660982334322,84,84,0,-1,2,2,5,16,50,12,85
895,42,248,62,100,38,22,22,55,55,0,22,22,57,57,0,0.008441403723748256,0.01872085503250621,67,83,16,3,3,3,2,7,97,21,30
896,72,173,70,90,20,64,64,68,68,0,64,64,71,71,0,0.013444977705163553,0.013547091459886314,77,77,0,5,3,3,4,8,72,20,65
897,136,136,85,85,0,88,88,77,77,0,88,88,77,77,0,0.01504475986248681,0.01504475986248681,79,79,0,-1,2,2,4,13,79,33,96
898,22,228,41,90,49,76,76,39,39,0,22,28,41,42,1,0.0019061234214915416,0.0020082371762143027,42,42,0,3,3,3,11,2,33,83,4
899,6,108,31,78,47,13,13,31,31,0,6,6,31,31,0,0.00017018959120460194,0.00030634126416828345,30,33,3,4,4,4,5,1,37,60,65
900,87,87,64,64,0,76,76,54,54,0,76,76,60,60,0,0.00789679703189353,0.00789679703189353,63,63,0,-1,3,3,6,8,41,44,40
901,16,222,41,94,53,50,50,48,48,0,16,50,41,56,15,0.002927260968719153,0.012866333095067906,48,74,26,3,3,3,5,3,49,46,19
902,16,632,41,100,59,40,40,43,43,0,16,40,41,52,11,0.002144388849177984,0.014772456516559448,47,79,32,2,3,3,5,1,49,53,39
903,118,324,80,96,16,156,156,84,84,0,156,156,90,90,0,0.012730181422104225,0.013785356887572755,73,76,3,3,2,2,8,9,39,31,51
904,230,846,92,100,8,208,208,85,85,0,208,208,91,91,0,0.016270124919159943,0.030395860989141904,78,90,12,2,2,2,10,14,18,14,23
905,0,0,1,1,0,0,0,1,1,0,0,0,1,1,0,0.0,0.0,1,1,0,-1,-1,-1,4,0,84,85,50
906,100,100,57,57,0,100,100,38,38,0,100,100,57,57,0,0.010824058000612683,0.010824058000612683,69,69,0,-1,1,1,16,4,4,64,59
907,150,766,83,100,17,144,144,88,88,0,144,144,89,89,0,0.014806494434800367,0.02236291228428469,75,86,11,2,2,2,6,8,34,17,25
908,123,123,85,85,0,72,72,77,77,0,72,72,77,77,0,0.014500153170632085,0.014500153170632085,76,76,0,-1,2,2,3,14,64,32,89
909,8,624,36,100,64,14,28,33,42,9,8,28,36,49,13,0.0002042275094455223,0.014466115252391163,31,81,50,2,4,3,3,2,66,56,37
910,2,208,28,96,68,4,8,29,32,3,2,8,28,37,9,0.00017018959120460194,0.007794683277170768,32,63,31,3,5,4,2,1,86,4,32
911,0,206,1,93,92,0,10,1,30,29,0,10,1,40,39,0.0,0.004731270635487933,1,51,50,3,-1,4,3,0,92,85,31
912,223,223,99,99,0,80,80,97,97,0,80,80,97,97,0,0.05058034650600769,0.05058034650600769,97,97,0,-1,2,2,2,27,97,10,40
913,280,880,94,100,6,144,144,89,89,0,144,144,90,90,0,0.024371149460498995,0.03420810783212499,86,92,6,2,2,2,6,19,40,15,5
914,18,18,47,47,0,44,44,50,50,0,18,18,47,47,0,0.0016338200755641784,0.0016338200755641784,43,43,0,-1,3,3,4,2,73,61,45
915,126,326,82,96,14,180,180,80,80,0,126,129,82,82,0,0.013444977705163553,0.013955546478777357,74,74,0,3,2,2,11,8,38,17,43
916,16,222,37,94,57,60,60,48,48,0,16,60,37,60,23,0.0030634126416828346,0.011913271384322134,51,70,19,3,3,3,5,2,63,94,14
917,0,0,1,1,0,0,0,1,1,0,0,0,1,1,0,0.0,0.0,1,1,0,-1,-1,-1,10,0,11,92,80
918,0,206,1,94,93,0,12,1,29,28,0,10,1,36,35,0.0,0.0012594029749140542,1,39,38,3,-1,4,4,0,53,98,54
919,1,207,26,96,70,3,18,26,35,9,1,18,26,44,18,6.807583648184077e-05,0.006262976956329351,29,58,29,3,6,4,3,1,75,68,48
920,156,156,84,84,0,106,106,74,74,0,106,106,79,79,0,0.012525953912658701,0.012525953912658701,73,73,0,-1,2,2,7,14,62,14,93
921,0,206,1,89,88,0,29,1,30,29,0,6,1,28,27,0.0,0.0009530617107457708,1,37,36,3,-1,4,12,0,3,87,71
922,74,690,67,100,33,70,70,59,59,0,70,70,67,67,0,0.010279451308757957,0.030634126416828347,70,88,18,2,3,3,5,9,88,27,7
923,8,624,38,100,62,8,22,33,46,13,8,22,38,51,13,0.0004084550188910446,0.016304162837400864,36,80,44,2,4,3,2,2,89,56,37
924,76,282,62,96,34,86,86,57,57,0,76,86,62,65,3,0.008305252050784574,0.011845195547840293,64,69,5,3,3,3,6,7,65,21,35
925,118,718,80,100,20,124,124,76,76,0,124,124,81,81,0,0.013921508560536438,0.034990979951666154,73,93,20,2,3,3,9,13,26,33,7
926,216,422,95,100,5,112,112,92,92,0,112,112,92,92,0,0.023179822322066782,0.02386058068688519,90,90,0,3,2,2,4,19,53,15,54
927,0,0,1,1,0,0,0,1,1,0,0,0,1,1,0,0.0,0.0,1,1,0,-1,-1,-1,3,0,66,82,87
928,6,107,31,79,48,16,16,33,33,0,6,7,31,34,3,0.0002382654276864427,0.0002382654276864427,32,32,0,5,4,4,6,1,32,4,95
929,6,622,27,100,73,19,42,29,35,6,6,22,27,37,10,6.807583648184077e-05,0.0026209197045508697,27,40,13,2,4,3,6,1,51,95,53
930,0,0,1,1,0,0,0,1,1,0,0,0,1,1,0,0.0,0.0,1,1,0,-1,-1,-1,6,0,32,36,99
931,150,251,90,97,7,56,56,85,85,0,56,56,85,85,0,0.028455699649409444,0.028455699649409444,90,90,0,5,2,2,2,20,90,23,95
932,0,1640,1,100,99,0,80,1,61,60,0,80,1,65,64,0.0,0.033255046121379216,1,94,93,1,-1,2,6,0,71,81,7
933,16,632,38,100,62,72,82,49,55,6,16,82,38,64,26,0.0030634126416828346,0.017155110793423873,48,79,31,2,3,3,7,2,62,94,15
934,2,208,27,94,67,4,10,27,31,4,2,10,27,38,11,0.0,0.0051397256543789785,1,57,56,3,5,4,3,1,81,68,24
935,118,324,78,95,17,152,152,70,70,0,118,124,78,79,1,0.011709043874876613,0.01327478811395895,72,75,3,3,3,3,12,8,3,8,46
936,56,157,56,82,26,126,126,69,69,0,56,57,56,57,1,0.006092787365124749,0.006126825283365669,58,58,0,5,2,2,7,3,24,29,78
937,102,204,70,89,19,162,162,83,83,0,102,104,70,72,2,0.008543517478471017,0.008747744987916539,64,65,1,4,2,2,9,4,29,38,88
938,2,618,29,100,71,4,18,30,52,22,2,18,29,53,24,0.0002042275094455223,0.011675005956635693,31,74,43,2,5,3,2,1,97,65,73
939,54,54,65,65,0,48,48,68,68,0,48,48,69,69,0,0.009360427516253106,0.009360427516253106,70,70,0,-1,3,3,3,7,81,48,99
940,78,78,65,65,0,78,78,75,75,0,78,78,76,76,0,0.010858095918853602,0.010858095918853602,74,74,0,-1,2,2,4,4,73,38,66
941,116,1716,75,100,25,136,136,77,77,0,116,136,76,82,6,0.014329963579427483,0.04676809966302461,75,97,22,1,2,2,7,8,24,20,0
942,396,2036,98,100,2,192,216,99,100,1,192,216,99,100,1,0.04571292419755608,0.07883181864597161,95,100,5,1,2,2,6,30,32,7,11
943,80,680,72,100,28,88,88,80,80,0,88,88,81,81,0,0.014295925661186561,0.04632560672589264,78,96,18,2,2,2,4,5,77,25,2
944,184,784,84,100,16,166,166,84,84,0,166,166,85,85,0,0.011947309302563056,0.025392287007726607,69,87,18,2,2,2,8,13,27,24,18
945,223,223,97,97,0,56,56,88,88,0,56,56,88,88,0,0.038428809693999116,0.038428809693999116,96,96,0,-1,2,2,2,29,93,1,85
946,0,616,1,100,99,0,22,1,48,47,0,22,1,51,50,0.0,0.012900371013308825,1,77,76,2,-1,3,2,0,90,99,5
947,0,0,1,1,0,0,0,1,1,0,0,0,1,1,0,0.0,0.0,1,1,0,-1,-1,-1,6,0,51,85,89
948,120,720,76,100,24,116,116,68,68,0,120,116,77,76,-1,0.007216038667075122,0.013683243132849994,59,74,15,2,2,2,7,6,24,13,25
949,24,24,47,47,0,34,34,39,39,0,24,24,47,47,0,0.0013274788113958951,0.0013274788113958951,41,41,0,-1,3,3,4,3,53,43,86
950,100,100,73,73,0,100,100,88,88,0,100,100,88,88,0,0.0567752476258552,0.0567752476258552,100,100,0,-1,1,1,4,19,84,15,81
951,60,60,58,58,0,112,112,75,75,0,60,60,58,58,0,0.009462541270975866,0.009462541270975866,67,67,0,-1,3,3,7,5,43,25,67
952,16,222,37,94,57,66,66,48,48,0,16,66,37,58,21,0.0015317063208414173,0.006535280302256714,43,62,19,3,3,3,6,1,59,53,24
953,78,694,72,100,28,38,48,56,71,15,38,48,57,73,16,0.013444977705163553,0.03083835392627387,76,92,16,2,3,3,3,9,60,39,15
954,2,2,26,26,0,6,6,26,26,0,2,2,26,26,0,0.0,0.0,1,1,0,-1,5,5,5,1,52,68,66
955,28,28,46,46,0,40,40,40,40,0,28,28,46,46,0,0.001599782157323258,0.001599782157323258,42,42,0,-1,3,3,5,3,50,43,91
956,40,1680,48,100,52,136,190,65,76,11,40,132,48,81,33,0.004493005207801491,0.02011640968038395,54,79,25,1,2,2,12,2,3,94,17
957,0,616,1,100,99,0,52,1,41,40,0,52,1,54,53,0.0,0.015385139044896015,1,77,76,2,-1,3,7,0,62,86,6
958,0,206,1,93,92,0,8,1,31,30,0,8,1,35,34,0.0,0.0013955546478777359,1,40,39,3,-1,4,2,0,68,66,54
959,84,186,58,90,32,136,136,81,81,0,84,88,59,60,1,0.007624493685966166,0.008373327887266415,58,61,3,4,2,2,7,6,46,26,51
960,110,212,77,89,12,104,104,81,81,0,104,104,84,84,0,0.010211375472276116,0.012628067667381462,70,74,4,4,2,2,5,7,61,21,73
961,86,187,66,92,26,70,70,56,56,0,70,70,63,63,0,0.006058749446883829,0.006058749446883829,58,58,0,5,3,3,5,6,37,13,78
962,0,206,1,96,95,0,12,1,34,33,0,12,1,42,41,0.0,0.009564655025698629,1,66,65,3,-1,4,2,0,86,87,14
963,86,86,60,60,0,100,100,59,59,0,86,86,60,60,0,0.009258313761530345,0.009258313761530345,66,66,0,-1,2,2,6,6,40,34,89
964,404,610,99,100,1,128,128,92,92,0,128,128,92,92,0,0.04418121787671466,0.05020592940535757,97,97,0,3,2,2,5,40,50,3,44
965,0,0,1,1,0,0,0,1,1,0,0,0,1,1,0,0.0,0.0,1,1,0,-1,-1,-1,11,0,19,84,50
966,188,188,94,94,0,72,72,80,80,0,72,72,80,80,0,0.02481364239763096,0.02481364239763096,88,88,0,-1,2,2,3,19,66,15,93
967,94,300,68,94,26,100,100,66,66,0,94,100,68,71,3,0.006739507811702236,0.008543517478471017,60,64,4,3,2,2,6,5,44,47,94
968,100,100,78,78,0,100,100,97,97,0,100,100,97,97,0,0.05163552197147622,0.05163552197147622,98,98,0,-1,1,1,3,3,96,46,76
969,16,118,35,73,38,68,68,36,36,0,16,18,35,40,5,0.000442492937131965,0.0005786446100956465,35,35,0,4,3,3,11,1,5,49,65
970,32,648,46,100,54,46,56,37,40,3,32,56,46,53,7,0.0028932230504782326,0.012730181422104225,46,76,30,2,3,3,6,2,40,75,39
971,0,0,1,1,0,0,0,1,1,0,0,0,1,1,0,0.0,0.0,1,1,0,-1,-1,-1,13,0,13,87,80
972,130,130,80,80,0,54,54,52,52,0,54,54,55,55,0,0.014227849824704722,0.014227849824704722,77,77,0,-1,3,3,4,16,83,12,87
973,0,616,1,100,99,0,100,1,39,38,0,58,1,55,54,0.0,0.007794683277170768,1,62,61,2,-1,3,14,0,8,97,17
974,304,304,95,95,0,128,128,91,91,0,128,128,91,91,0,0.03226794649239253,0.03226794649239253,91,91,0,-1,2,2,5,29,52,0,79
975,2,208,27,93,66,5,18,30,39,9,2,18,27,44,17,6.807583648184077e-05,0.00878178290615746,27,68,41,3,5,4,3,1,92,95,33
976,16,632,37,100,63,38,56,38,44,6,16,56,37,52,15,0.0006467204465774873,0.013036522686272508,38,73,35,2,3,3,6,1,59,4,19
977,100,100,64,64,0,100,100,59,59,0,100,100,64,64,0,0.04190067735457299,0.04785731304673406,96,98,2,2,1,1,6,13,40,33,44
978,80,696,57,100,43,180,190,71,73,2,80,190,57,86,29,0.00970080669866231,0.016916845365737433,63,76,13,2,2,2,11,5,5,25,31
979,6,622,29,100,71,32,42,34,36,2,6,22,29,40,11,0.0007488342013002485,0.0026549576227917903,38,47,9,2,4,3,8,2,10,42,53
980,80,80,73,73,0,56,56,85,85,0,56,56,85,85,0,0.014568229007113924,0.014568229007113924,80,80,0,-1,2,2,2,6,90,77,93
981,6,6,31,31,0,14,14,31,31,0,6,6,31,31,0,0.00030634126416828345,0.00030634126416828345,33,33,0,-1,4,4,5,1,70,88,80
982,40,141,57,87,30,28,28,44,44,0,28,28,54,54,0,0.0051397256543789785,0.0053099152455835805,59,60,1,5,3,3,3,6,76,26,60
983,8,110,38,86,48,8,8,33,33,0,8,8,38,38,0,0.001055175465468532,0.00176997174852786,41,43,2,4,4,4,2,3,90,51,74
984,126,332,82,96,14,180,180,80,80,0,126,142,82,85,3,0.013444977705163553,0.01606589740971442,74,78,4,3,2,2,11,8,38,17,41
985,51,667,57,100,43,98,98,52,52,0,51,61,57,60,3,0.005105687736138058,0.008135062459579971,57,65,8,2,3,3,8,6,39,35,46
986,189,189,87,87,0,120,120,78,78,0,120,120,78,78,0,0.02403077027808979,0.02403077027808979,87,87,0,-1,2,2,6,20,41,23,50
987,56,56,63,63,0,38,38,56,56,0,38,38,57,57,0,0.010926171755335444,0.010926171755335444,71,71,0,-1,3,3,3,5,60,25,93
988,6,212,31,94,63,14,18,33,35,2,6,18,31,44,13,0.0008509479560230097,0.006943735321147759,37,64,27,3,4,4,3,2,66,42,34
989,0,616,1,100,99,0,62,1,36,35,0,34,1,48,47,0.0,0.005616256509751864,1,58,57,2,-1,3,10,0,11,84,38
990,12,218,36,93,57,34,34,37,37,0,12,34,36,50,14,0.001497668402600497,0.006126825283365669,42,57,15,3,4,4,7,3,62,51,26
991,6,6,31,31,0,12,12,37,37,0,6,6,31,31,0,0.0005786446100956465,0.0005786446100956465,35,35,0,-1,4,4,2,1,99,49,45
992,22,22,41,41,0,104,104,60,60,0,22,22,41,41,0,0.00176997174852786,0.00176997174852786,42,42,0,-1,3,3,9,2,28,61,96
993,188,804,90,100,10,120,120,80,80,0,120,120,81,81,0,0.019367575479083698,0.031110657272201234,83,91,8,2,2,2,6,18,34,5,77
994,2,1642,27,100,73,5,58,27,59,32,2,58,27,59,32,0.0,0.029034344259505088,1,89,88,1,5,2,4,1,83,68,25
995,0,616,1,100,99,0,44,1,38,37,0,29,1,46,45,0.0,0.0051397256543789785,1,54,53,2,-1,3,9,0,26,40,35
996,443,1043,100,100,0,200,200,100,100,0,200,200,100,100,0,0.045304469178665034,0.050818611933694136,96,99,3,2,2,2,5,29,61,1,21
997,104,104,76,76,0,110,110,77,77,0,110,110,81,81,0,0.012287688484972258,0.012287688484972258,70,70,0,-1,2,2,6,9,74,31,50
998,334,1934,100,100,0,80,80,96,96,0,80,80,96,96,0,0.05745600599067361,0.0988461145716328,98,99,1,1,2,2,2,36,86,2,21
999,0,206,1,88,87,0,24,1,29,28,0,8,1,34,33,0.0,0.0014636304843595766,1,41,40,3,-1,4,8,0,15,82,83
