,FreeNet_pre_score,FreeNet_post_score,FreeNet_pre_rank,FreeNet_post_rank,FreeNet_delta_ranks,Reversed_pre_score,Reversed_post_score,Reversed_pre_rank,Reversed_post_rank,Reversed_delta_ranks,Independent_pre_score,Independent_post_score,Independent_pre_rank,Independent_post_rank,Independent_delta_ranks,Random_pre_score,Random_post_score,Random_pre_rank,Random_post_rank,Random_delta_ranks,dist_victim_relayer,dist_victim_vilain_pre,dist_victim_vilain_post,out_deg_victim,in_deg_villain,victim,villain,relayer
0,12,218,36,92,56,36,36,36,36,0,12,36,36,53,17,0.0009870996289866913,0.007998910786616291,37,63,26,3,4,4,6,2,44,74,77
1,100,100,67,67,0,100,100,54,54,0,100,100,67,67,0,0.023179822322066782,0.023179822322066782,85,85,0,-1,1,1,9,6,35,26,50
2,268,884,94,100,6,252,262,92,93,1,252,262,93,93,0,0.016406276592123625,0.023894618605126112,76,86,10,2,2,2,11,14,33,14,17
3,0,616,1,100,99,0,24,1,42,41,0,24,1,48,47,0.0,0.00881582082439838,1,64,63,2,-1,3,3,0,58,80,31
4,63,269,65,95,30,54,54,55,55,0,54,54,60,60,0,0.007284114503556962,0.011402702610708328,61,69,8,3,3,3,4,8,84,57,72
5,2,208,27,94,67,4,10,27,31,4,2,10,27,38,11,3.4037918240920386e-05,0.005241839409101739,27,57,30,3,5,4,3,1,81,95,24
6,100,100,67,67,0,100,100,54,54,0,100,100,67,67,0,0.028591851322373123,0.028796078831818644,89,89,0,4,1,1,8,7,27,21,49
7,128,128,86,86,0,56,56,80,80,0,56,56,81,81,0,0.01861874127778345,0.01861874127778345,83,83,0,-1,2,2,2,14,91,32,85
8,0,616,1,100,99,0,52,1,35,34,0,28,1,43,42,0.0,0.002825147213996392,1,45,44,2,-1,3,9,1,31,50,70
9,78,78,57,57,0,128,128,72,72,0,78,78,57,57,0,0.007420266176520644,0.007420266176520644,60,60,0,-1,2,2,9,7,35,62,76
10,116,732,73,100,27,190,190,74,74,0,116,190,73,86,13,0.010075223799312433,0.029817216379046257,66,90,24,2,2,2,11,7,5,48,10
11,22,228,47,94,47,28,28,42,42,0,22,28,47,50,3,0.000442492937131965,0.002280540522141666,35,47,12,3,3,3,3,2,64,63,83
12,0,206,1,88,87,0,26,1,28,27,0,6,1,27,26,0.0,0.0002382654276864427,1,31,30,3,-1,4,17,0,20,92,88
13,307,923,98,100,2,112,112,93,93,0,112,112,93,93,0,0.03625038292658021,0.0459171517070016,93,95,2,2,2,2,4,29,47,0,8
14,185,287,93,95,2,78,78,75,75,0,78,78,76,76,0,0.024983831988835564,0.02580074202661765,87,87,0,4,2,2,4,15,73,16,51
15,0,206,1,93,92,0,28,1,35,34,0,24,1,45,44,0.0,0.004186663943633207,1,53,52,3,-1,4,6,0,34,92,72
16,170,786,87,100,13,150,160,86,90,4,150,160,86,90,4,0.01592974573675074,0.02375846693216243,78,87,9,2,2,2,7,13,43,33,57
17,182,382,95,100,5,32,32,63,63,0,32,32,64,64,0,0.028455699649409444,0.04401102828551006,91,96,5,3,3,3,2,22,86,9,7
18,0,616,1,100,99,0,52,1,44,43,0,44,1,50,49,0.0,0.008986010415602982,1,65,64,2,-1,3,6,0,59,81,77
19,22,1662,39,100,61,164,208,70,73,3,22,131,39,82,43,0.001940161339732462,0.02049082678103407,41,82,41,1,3,2,14,2,17,61,37
20,16,632,35,100,65,110,130,59,62,3,16,88,35,58,23,0.003437829742332959,0.013138636440995268,52,74,22,2,3,3,10,1,18,90,17
21,134,134,80,80,0,132,132,74,74,0,132,132,81,81,0,0.011130399264780965,0.011130399264780965,70,70,0,-1,2,2,8,9,21,31,96
22,96,302,67,94,27,128,128,76,76,0,96,104,67,77,10,0.008611593314952858,0.009496579189216788,66,68,2,3,3,3,8,7,57,21,74
23,0,616,1,100,99,0,20,1,44,43,0,20,1,49,48,0.0,0.006637394056979475,1,58,57,2,-1,3,3,0,87,92,35
24,192,792,95,100,5,96,96,90,90,0,96,96,90,90,0,0.024371149460498995,0.02808128254875932,89,92,3,2,2,2,3,18,75,5,46
25,0,616,1,100,99,0,30,1,42,41,0,30,1,50,49,0.0,0.01504475986248681,1,78,77,2,-1,3,4,0,73,82,16
26,0,206,1,96,95,0,12,1,34,33,0,12,1,41,40,0.0,0.010619830491167161,1,72,71,3,-1,4,2,0,98,36,5
27,98,98,65,65,0,166,166,83,83,0,98,98,65,65,0,0.012219612648490419,0.012219612648490419,73,73,0,-1,2,2,8,5,15,25,99
28,1,207,26,96,70,3,18,26,35,9,1,18,26,44,18,0.0,0.00796487286837537,1,65,64,3,6,4,3,1,75,78,27
29,0,616,1,100,99,0,78,1,33,32,0,16,1,33,32,0.0,0.002723033459273631,1,48,47,2,-1,3,14,0,16,36,46
30,64,270,70,99,29,18,18,47,47,0,18,18,49,49,0,0.005650294427992784,0.009190237925048503,59,68,9,3,3,3,2,8,99,57,35
31,2,618,27,100,73,6,24,29,42,13,2,24,27,48,21,0.00013615167296368154,0.008713707069675619,30,64,34,2,5,3,3,1,58,65,31
32,0,616,1,100,99,0,38,1,60,59,0,38,1,62,61,0.0,0.01773375540351952,1,82,81,2,-1,3,3,1,81,45,12
33,32,238,43,93,50,124,124,57,57,0,32,38,43,45,2,0.0013615167296368155,0.0018720855032506212,39,41,2,3,3,3,16,2,4,74,42
34,0,0,1,1,0,0,0,1,1,0,0,0,1,1,0,0.0,0.0,1,1,0,-1,-1,-1,16,0,9,82,87
35,174,1814,84,100,16,184,208,79,87,8,184,208,87,92,5,0.014432077334150244,0.044249293713196504,74,95,21,1,2,2,10,15,12,19,10
36,0,206,1,95,94,0,10,1,30,29,0,8,1,33,32,0.0,0.0009190237925048504,1,34,33,3,-1,4,3,0,94,36,74
37,34,650,43,100,57,124,144,58,64,6,34,82,43,55,12,0.0011913271384322134,0.008543517478471017,39,63,24,2,3,3,14,4,8,64,34
38,40,40,48,48,0,102,102,57,57,0,40,40,48,48,0,0.003914360597705844,0.003914360597705844,53,53,0,-1,3,3,12,6,6,73,99
39,58,160,72,93,21,46,46,87,87,0,46,46,88,88,0,0.014840532353041287,0.015725518227305217,79,79,0,4,2,2,2,4,97,72,43
40,270,270,100,100,0,56,56,88,88,0,56,56,88,88,0,0.049593246877021,0.049593246877021,98,98,0,-1,2,2,2,36,93,2,50
41,100,100,72,72,0,100,100,71,71,0,100,100,75,75,0,0.028932230504782327,0.030293747234419143,89,90,1,3,1,1,6,2,32,75,52
42,0,206,1,94,93,0,14,1,31,30,0,14,1,40,39,0.0,0.009632730862180468,1,72,71,3,-1,4,3,0,96,76,32
43,60,676,54,100,46,110,110,62,62,0,60,110,54,74,20,0.005412029000306341,0.012866333095067906,57,72,15,2,3,3,10,6,22,28,17
44,413,1029,98,100,2,168,168,95,95,0,168,168,95,95,0,0.03791824092038531,0.044589672895605705,94,95,1,2,2,2,6,29,41,1,24
45,248,248,96,96,0,72,72,87,87,0,72,72,87,87,0,0.04142414649920011,0.04142414649920011,95,95,0,-1,2,2,3,29,55,11,45
46,16,222,39,91,52,68,68,43,43,0,16,25,39,50,11,0.0018380475850097008,0.0028591851322373124,43,48,5,3,3,3,8,1,57,53,43
47,102,308,83,99,16,72,72,84,84,0,72,72,84,84,0,0.014704380680077607,0.016984921202219273,78,81,3,3,2,2,3,7,85,48,75
48,6,212,29,87,58,25,50,30,33,3,6,12,29,33,4,0.00010211375472276115,0.002144388849177984,30,44,14,3,4,4,11,1,5,60,46
49,340,956,97,100,3,182,182,87,87,0,182,182,92,92,0,0.033084856530174615,0.042479321964668644,91,96,5,2,2,2,9,29,23,11,33
50,0,101,1,83,82,0,2,1,24,23,0,1,1,24,23,0.0,6.807583648184077e-05,1,28,27,5,-1,6,2,0,86,89,65
51,136,752,80,100,20,246,256,74,76,2,136,158,80,83,3,0.009292351679771264,0.011368664692467409,64,67,3,2,2,2,17,7,20,48,52
52,104,104,77,77,0,60,60,55,55,0,60,60,60,60,0,0.01143674052894925,0.01143674052894925,71,71,0,-1,3,3,5,14,70,32,69
53,18,634,40,100,60,106,116,58,61,3,18,52,40,54,14,0.0012934408931549745,0.006501242384015794,40,60,20,2,3,3,10,2,36,61,62
54,76,178,63,89,26,64,64,63,63,0,64,64,64,64,0,0.009973110044589673,0.012628067667381462,71,75,4,4,3,3,4,6,79,77,73
55,122,122,86,86,0,88,88,80,80,0,88,88,81,81,0,0.015317063208414174,0.015317063208414174,80,80,0,-1,2,2,4,14,77,14,97
56,22,228,47,99,52,22,22,54,54,0,22,22,54,54,0,0.005207801490860819,0.006773545729943157,56,62,6,3,3,3,2,3,99,29,53
57,230,846,92,100,8,208,208,85,85,0,208,208,91,91,0,0.016270124919159943,0.021069471391129718,78,84,6,2,2,2,10,14,18,14,62
58,208,208,92,92,0,308,308,89,89,0,208,208,92,92,0,0.01756356581231492,0.01756356581231492,79,79,0,-1,2,2,16,12,4,37,84
59,45,251,60,99,39,22,22,54,54,0,22,22,54,54,0,0.0053439531638245,0.012798257258586064,57,73,16,3,3,3,2,6,99,28,14
60,56,157,65,90,25,22,22,49,49,0,22,22,50,50,0,0.007318152421797883,0.007318152421797883,64,64,0,6,3,3,2,7,93,21,78
61,0,616,1,100,99,0,42,1,36,35,0,42,1,50,49,0.0,0.009496579189216788,1,64,63,2,-1,3,6,0,71,93,32
62,0,616,1,100,99,0,94,1,38,37,0,86,1,61,60,0.0,0.012696143503863304,1,74,73,2,-1,3,13,0,13,79,30
63,100,100,59,59,0,100,100,40,40,0,100,100,59,59,0,0.018074134585928724,0.038394771775758195,79,96,17,1,1,1,15,4,7,38,16
64,100,100,67,67,0,100,100,55,55,0,100,100,67,67,0,0.025358249089485686,0.025358249089485686,87,87,0,-1,1,1,9,7,23,48,66
65,234,440,91,99,8,120,120,77,77,0,120,120,84,84,0,0.019571802988529223,0.021716191837707205,83,84,1,3,2,2,6,16,40,12,41
66,84,185,74,93,19,22,22,48,48,0,22,22,51,51,0,0.011130399264780965,0.011266550937744648,71,71,0,5,3,3,2,9,95,27,55
67,52,258,59,97,38,52,52,79,79,0,52,52,80,80,0,0.009122162088566664,0.014704380680077607,66,76,10,3,2,2,3,3,94,54,31
68,46,662,55,100,45,124,154,66,71,5,46,154,55,84,29,0.002723033459273631,0.02648150039143606,50,88,38,2,2,2,10,2,11,52,7
69,0,0,1,1,0,0,0,1,1,0,0,0,1,1,0,0.0,0.0,1,1,0,-1,-1,-1,3,0,55,40,96
70,0,102,1,73,72,0,18,1,28,27,0,2,1,25,24,0.0,0.00030634126416828345,1,32,31,4,-1,5,10,0,22,92,49
71,98,714,66,100,34,50,60,45,47,2,50,60,58,60,2,0.01232172640321318,0.030293747234419143,72,90,18,2,3,3,5,8,63,8,9
72,6,212,34,97,63,12,12,39,39,0,6,12,34,43,9,0.0025188059498281084,0.005650294427992784,47,59,12,3,4,4,2,3,97,46,28
73,0,206,1,85,84,0,44,1,34,33,0,19,1,41,40,0.0,0.002382654276864427,1,43,42,3,-1,4,12,0,2,66,22
74,0,0,1,1,0,0,0,1,1,0,0,0,1,1,0,0.0,0.0,1,1,0,-1,-1,-1,3,0,75,97,96
75,6,622,32,100,68,12,22,41,47,6,6,22,32,50,18,0.0007828721195411688,0.02324789815854862,36,86,50,2,4,3,2,2,95,42,0
76,54,670,65,100,35,48,48,68,68,0,48,48,69,69,0,0.009360427516253106,0.02556247659893121,70,88,18,2,3,3,3,7,81,48,15
77,126,1766,79,100,21,260,284,76,80,4,126,185,79,84,5,0.013138636440995268,0.02236291228428469,71,86,15,1,2,2,16,8,9,17,28
78,56,157,61,90,29,48,48,59,59,0,48,48,63,63,0,0.006399128629293032,0.006399128629293032,59,59,0,5,3,3,3,6,75,13,95
79,116,116,73,73,0,190,190,74,74,0,116,116,73,73,0,0.010075223799312433,0.010075223799312433,66,66,0,-1,2,2,11,7,5,48,91
80,100,100,73,73,0,100,100,88,88,0,100,100,88,88,0,0.055073351713809185,0.05517546546853194,99,99,0,4,1,1,4,17,84,6,4
81,0,102,1,81,80,0,3,1,27,26,0,3,1,31,30,0.0,0.0006467204465774873,1,35,34,4,-1,5,2,0,95,66,43
82,82,184,76,96,20,46,46,83,83,0,46,46,83,83,0,0.01320671227747711,0.013513053541645392,74,74,0,4,2,2,2,8,99,44,56
83,48,150,56,90,34,18,18,38,38,0,18,18,44,44,0,0.009360427516253106,0.00980292045338507,68,71,3,4,4,4,3,8,96,8,63
84,40,656,44,100,56,168,178,68,69,1,40,93,44,58,14,0.002484768031587188,0.007760645358929848,47,62,15,2,2,2,14,1,8,53,57
85,28,130,52,86,34,28,28,42,42,0,28,28,51,51,0,0.002314578440382586,0.0030293747234419145,48,50,2,4,3,3,3,6,64,70,51
86,38,654,46,100,54,100,120,45,59,14,38,120,46,75,29,0.0012594029749140542,0.013547091459886314,39,77,38,2,3,3,10,4,0,64,19
87,22,123,38,75,37,86,86,36,36,0,22,22,38,38,0,0.00037441710065012424,0.0004084550188910446,34,34,0,5,3,3,15,2,7,56,58
88,0,616,1,100,99,0,29,1,35,34,0,23,1,43,42,0.0,0.004050512270669526,1,49,48,2,-1,3,6,0,71,93,64
89,0,206,1,92,91,0,22,1,33,32,0,12,1,35,34,0.0,0.0034718676605738795,1,49,48,3,-1,4,5,0,70,84,29
90,0,0,1,1,0,0,0,1,1,0,0,0,1,1,0,0.0,0.0,1,1,0,-1,-1,-1,3,0,55,80,91
91,0,102,1,76,75,0,15,1,27,26,0,2,1,26,25,0.0,0.0005105687736138058,1,33,32,4,-1,5,9,0,54,82,42
92,0,206,1,90,89,0,20,1,32,31,0,12,1,35,34,0.0,0.0018040096667687805,1,41,40,3,-1,4,6,0,48,81,75
93,0,101,1,77,76,0,4,1,24,23,0,1,1,24,23,0.0,0.0,1,1,0,6,-1,7,4,0,79,84,58
94,100,100,63,63,0,100,100,39,39,0,100,100,63,63,0,0.054222403757786176,0.054222403757786176,100,100,0,-1,1,1,14,40,17,3,89
95,1,103,25,75,50,5,8,25,27,2,1,4,25,29,4,3.4037918240920386e-05,0.00017018959120460194,26,30,4,4,6,5,5,1,80,68,63
96,0,616,1,100,99,0,60,1,38,37,0,46,1,49,48,0.0,0.005854521937438306,1,55,54,2,-1,3,9,0,54,76,21
97,78,78,71,71,0,48,48,64,64,0,48,48,66,66,0,0.013070560604513427,0.013070560604513427,75,75,0,-1,3,3,3,13,85,33,79
98,1,1,26,26,0,3,3,26,26,0,1,1,26,26,0,0.0,0.0,1,1,0,-1,6,6,3,2,60,58,50
99,134,340,84,99,15,64,64,70,70,0,64,64,70,70,0,0.021784267674189048,0.029578950951359814,83,88,5,3,3,3,4,20,84,23,27
100,16,16,33,33,0,54,54,33,33,0,16,16,33,33,0,0.00034037918240920387,0.00034037918240920387,34,34,0,-1,3,3,10,1,0,4,91
101,136,342,84,95,11,104,104,82,82,0,104,104,82,82,0,0.015180911535450491,0.01667857993805099,78,78,0,3,2,2,5,8,80,17,53
102,132,338,89,100,11,72,72,86,86,0,72,72,86,86,0,0.019980258007420267,0.023520201504475986,83,88,5,3,2,2,3,14,92,14,26
103,2,2,28,28,0,6,6,28,28,0,2,2,28,28,0,6.807583648184077e-05,6.807583648184077e-05,28,28,0,-1,5,5,5,1,70,68,80
104,0,206,1,93,92,0,9,1,31,30,0,6,1,30,29,0.0,0.0015657442390823377,1,41,40,3,-1,4,3,0,55,81,42
105,72,272,71,99,28,22,22,54,54,0,22,22,54,54,0,0.01147077844719017,0.023520201504475986,72,88,16,3,3,3,2,14,99,32,12
106,40,656,52,100,48,60,74,52,68,16,40,74,52,73,21,0.006671431975220395,0.0228734810578985,58,86,28,2,2,2,5,1,45,90,15
107,66,66,58,58,0,110,110,76,76,0,64,64,57,57,0,0.006024711528642908,0.006024711528642908,57,57,0,-1,2,2,6,6,59,41,97
108,22,123,38,77,39,38,38,35,35,0,22,23,38,39,1,0.0013274788113958951,0.0013274788113958951,38,38,0,5,3,3,6,2,51,74,58
109,88,704,73,100,27,64,64,68,68,0,64,64,71,71,0,0.01245787807617686,0.028625889240614044,74,90,16,2,3,3,4,13,72,33,12
110,100,100,67,67,0,100,100,57,57,0,100,100,67,67,0,0.051533408216753465,0.05163552197147622,98,98,0,4,1,1,8,29,21,1,55
111,100,100,68,68,0,100,100,63,63,0,100,100,68,68,0,0.05888559855679227,0.06273188331801627,100,100,0,2,1,1,6,30,41,7,22
112,335,541,99,100,1,72,72,87,87,0,72,72,87,87,0,0.04527043126042411,0.050988801524898736,96,97,1,3,2,2,3,40,55,3,77
113,18,119,42,79,37,68,68,41,41,0,18,19,42,42,0,0.001497668402600497,0.0015317063208414173,42,42,0,5,3,3,8,2,30,61,58
114,60,60,59,59,0,90,90,65,65,0,60,60,60,60,0,0.006603356138738555,0.006603356138738555,60,60,0,-1,2,2,6,6,34,73,86
115,96,96,75,75,0,48,48,63,63,0,48,48,64,64,0,0.007998910786616291,0.007998910786616291,66,66,0,-1,3,3,3,13,82,24,45
116,0,0,1,1,0,0,0,1,1,0,0,0,1,1,0,0.0,0.0,1,1,0,-1,-1,-1,4,0,77,93,76
117,39,655,51,100,49,38,38,46,46,0,38,38,51,51,0,0.00439089145307873,0.02580074202661765,51,91,40,2,3,3,3,4,96,22,11
118,22,638,47,100,53,34,44,44,47,3,22,44,47,57,10,0.0013274788113958951,0.013887470642295518,42,78,36,2,3,3,4,2,47,63,37
119,44,660,52,100,48,66,76,44,54,10,44,76,52,59,7,0.005922597773920147,0.026141121209026855,54,87,33,2,3,3,6,7,51,62,1
120,12,218,35,91,56,54,54,34,34,0,12,18,35,39,4,0.0002382654276864427,0.001599782157323258,33,41,8,3,4,4,11,2,38,63,61
121,101,201,75,91,16,110,110,76,76,0,110,110,81,81,0,0.00976888253514415,0.009734844616903231,69,69,0,5,2,2,6,8,59,44,78
122,12,628,36,100,64,36,46,36,41,5,12,46,36,53,17,0.002382654276864427,0.006433166547533953,45,59,14,2,4,3,6,2,48,83,47
123,1,617,26,100,74,6,46,26,37,11,1,46,26,50,24,3.4037918240920386e-05,0.015214949453691413,26,77,51,2,6,3,6,1,71,78,15
124,0,206,1,97,96,0,12,1,38,37,0,12,1,43,42,0.0,0.011504816365431091,1,73,72,3,-1,4,2,1,97,50,39
125,120,720,82,100,18,158,158,83,83,0,158,158,87,87,0,0.017393376221110316,0.024881718234112803,80,85,5,2,2,2,9,12,31,37,17
126,128,744,80,100,20,252,252,81,81,0,128,172,80,85,5,0.007760645358929848,0.013444977705163553,60,72,12,2,2,2,14,5,16,47,38
127,0,616,1,100,99,0,40,1,40,39,0,40,1,53,52,0.0,0.009462541270975866,1,69,68,2,-1,3,5,0,80,99,17
128,22,638,40,100,60,76,120,41,64,23,22,120,40,78,38,0.0011232513019503727,0.016202049082678104,39,78,39,2,3,3,10,2,11,74,12
129,24,1664,44,100,56,76,150,38,69,31,24,150,44,85,41,0.0014636304843595766,0.03904149222233568,39,96,57,1,3,2,11,4,38,64,3
130,100,100,59,59,0,100,100,46,46,0,100,100,59,59,0,0.01746145205759216,0.01746145205759216,77,77,0,-1,1,1,11,3,5,54,87
131,84,700,59,100,41,104,104,73,73,0,84,104,66,78,12,0.010245413390517035,0.02978317846080534,69,90,21,2,2,2,5,5,52,25,0
132,498,1114,98,100,2,368,368,98,98,0,368,368,98,98,0,0.034718676605738796,0.0494230572858164,93,98,5,2,2,2,14,27,25,10,16
133,132,132,90,90,0,56,56,84,84,0,56,56,85,85,0,0.020524864699274992,0.020524864699274992,84,84,0,-1,2,2,2,15,98,19,93
134,0,101,1,75,74,0,6,1,25,24,0,1,1,25,24,0.0,0.0,1,1,0,5,-1,6,6,1,34,69,95
135,100,100,69,69,0,100,100,57,57,0,100,100,69,69,0,0.03730555839204874,0.03730555839204874,92,92,0,-1,1,1,8,15,57,19,50
136,88,190,60,90,30,164,164,77,77,0,88,93,60,62,2,0.008475441641989176,0.009360427516253106,65,67,2,4,2,2,10,4,36,22,43
137,228,1868,92,100,8,198,222,83,89,6,198,222,88,91,3,0.022601177711971135,0.04846999557507063,84,98,14,1,2,2,10,16,11,18,16
138,22,22,41,41,0,76,76,39,39,0,22,22,41,41,0,0.0019061234214915416,0.0019061234214915416,42,42,0,-1,3,3,11,2,33,83,81
139,112,728,74,100,26,198,198,83,83,0,112,198,74,90,16,0.008475441641989176,0.01933353756084278,63,83,20,2,2,2,10,4,0,72,19
140,516,716,100,100,0,152,152,94,94,0,152,152,94,94,0,0.04680213758126553,0.046904251335988294,95,95,0,3,2,2,5,40,52,3,49
141,24,640,49,100,51,58,68,43,45,2,24,68,49,58,9,0.0011232513019503727,0.00803294870485721,39,63,24,2,3,3,8,4,21,64,31
142,64,64,64,64,0,60,60,55,55,0,60,60,60,60,0,0.008203138296061813,0.008203138296061813,67,67,0,-1,3,3,5,7,70,48,36
143,246,846,95,100,5,144,144,92,92,0,144,144,92,92,0,0.024064808196330712,0.032199870655910685,87,90,3,2,2,2,6,19,48,15,20
144,0,616,1,100,99,0,24,1,42,41,0,24,1,50,49,0.0,0.0068075836481840775,1,60,59,2,-1,3,3,1,55,45,21
145,0,616,1,100,99,0,22,1,51,50,0,22,1,54,53,0.0,0.013104598522754349,1,78,77,2,-1,3,2,0,98,80,19
146,100,100,59,59,0,100,100,40,40,0,100,100,59,59,0,0.02481364239763096,0.02481364239763096,86,86,0,-1,1,1,15,13,7,33,36
147,40,656,50,100,50,78,96,40,46,6,40,56,50,52,2,0.002144388849177984,0.005412029000306341,45,57,12,2,2,2,10,2,22,42,46
148,180,282,90,94,4,208,208,86,86,0,180,182,89,89,0,0.014704380680077607,0.015555328636100617,77,77,0,4,2,2,11,8,19,8,71
149,12,12,35,35,0,18,18,35,35,0,12,12,35,35,0,0.0017018959120460194,0.0017018959120460194,41,41,0,-1,4,4,3,2,94,52,79
150,96,302,66,95,29,118,118,68,68,0,96,102,66,75,9,0.006501242384015794,0.008339289969025495,61,65,4,3,3,3,8,6,21,13,46
151,66,1706,57,100,43,112,146,66,82,16,64,146,57,85,28,0.00616086320160659,0.03441233534157051,58,94,36,1,2,2,8,6,21,41,15
152,2,1642,26,100,74,12,128,28,66,38,2,128,26,77,51,6.807583648184077e-05,0.04013070560604513,29,93,64,1,5,2,9,1,28,78,1
153,0,616,1,100,99,0,106,1,56,55,0,58,1,51,50,0.0,0.006399128629293032,1,58,57,2,-1,3,15,0,7,93,48
154,170,786,88,100,12,104,104,73,73,0,104,104,79,79,0,0.01674665577453283,0.04217298070050036,81,95,14,2,2,2,5,13,52,33,1
155,42,42,59,59,0,48,48,66,66,0,48,48,67,67,0,0.00970080669866231,0.00970080669866231,70,70,0,-1,3,3,3,5,76,25,93
156,186,286,92,95,3,104,104,86,86,0,104,104,87,87,0,0.024881718234112803,0.02491575615235372,88,88,0,4,2,2,5,17,49,6,4
157,0,616,1,100,99,0,70,1,37,36,0,53,1,52,51,0.0,0.010619830491167161,1,72,71,2,-1,3,10,0,1,84,39
158,100,100,69,69,0,100,100,70,70,0,100,100,72,72,0,0.05173763572619899,0.054698934613159056,98,98,0,3,1,1,6,16,65,18,73
159,231,231,94,94,0,72,72,86,86,0,72,72,86,86,0,0.03761189965621702,0.03761189965621702,92,92,0,-1,2,2,3,29,92,0,67
160,70,172,60,89,29,86,86,56,56,0,70,72,59,61,2,0.006058749446883829,0.006092787365124749,58,58,0,4,3,3,6,5,59,47,65
161,204,820,92,100,8,120,120,86,86,0,120,120,86,86,0,0.02021852343510671,0.032540249838319886,85,94,9,2,2,2,6,16,65,12,37
162,132,732,80,100,20,86,86,56,56,0,86,86,66,66,0,0.013887470642295518,0.02743456210218183,76,90,14,2,3,3,6,13,59,33,15
163,144,350,89,99,10,72,72,84,84,0,72,72,84,84,0,0.019129310051397258,0.022567139793730217,84,87,3,3,2,2,3,14,85,32,47
164,24,126,44,80,36,60,60,40,40,0,24,26,44,45,1,0.0013615167296368155,0.001497668402600497,40,42,2,4,3,3,9,4,35,64,60
165,0,616,1,100,99,0,62,1,48,47,0,62,1,59,58,0.0,0.011028285510058205,1,73,72,2,-1,3,6,0,34,91,27
166,16,222,35,93,58,34,34,39,39,0,16,24,35,42,7,0.0026209197045508697,0.004186663943633207,43,48,5,3,3,3,4,3,67,46,61
167,22,22,45,45,0,52,52,42,42,0,22,22,45,45,0,0.002144388849177984,0.002144388849177984,45,45,0,-1,3,3,7,2,62,83,80
168,0,616,1,100,99,0,28,1,37,36,0,28,1,46,45,0.0,0.008135062459579971,1,64,63,2,-1,3,5,0,88,92,32
169,121,121,83,83,0,86,86,62,62,0,86,86,68,68,0,0.016712617856291908,0.016712617856291908,82,82,0,-1,3,3,6,12,32,37,93
170,202,202,93,93,0,72,72,86,86,0,72,72,86,86,0,0.03179141563701964,0.03179141563701964,90,90,0,-1,2,2,3,22,92,9,59
171,6,6,27,27,0,36,36,30,30,0,6,6,27,27,0,0.00010211375472276115,0.00010211375472276115,28,28,0,-1,4,4,14,1,8,4,84
172,0,616,1,100,99,0,84,1,47,46,0,84,1,63,62,0.0,0.015146873617209572,1,78,77,2,-1,3,9,0,23,85,15
173,12,12,37,37,0,24,24,36,36,0,12,12,37,37,0,0.0025188059498281084,0.0025188059498281084,47,47,0,-1,4,4,4,2,53,75,96
174,96,96,63,63,0,100,100,59,59,0,100,100,64,64,0,0.009190237925048503,0.009190237925048503,65,65,0,-1,2,2,6,8,40,57,36
175,82,183,69,92,23,48,48,54,54,0,48,48,56,56,0,0.012764219340345145,0.012764219340345145,74,74,0,6,3,3,3,8,87,20,68
176,260,466,94,99,5,272,272,95,95,0,272,272,95,95,0,0.02215868477483917,0.02889819258654141,83,90,7,3,2,2,11,18,19,5,34
177,209,209,92,92,0,88,88,84,84,0,88,88,84,84,0,0.02648150039143606,0.02648150039143606,89,89,0,-1,2,2,4,15,67,16,99
178,100,100,60,60,0,100,100,40,40,0,100,100,60,60,0,0.05800061268252834,0.0619490111984751,100,100,0,2,1,1,14,36,25,2,72
179,32,238,52,94,42,60,60,53,53,0,32,40,52,52,0,0.004561081044283332,0.005922597773920147,54,58,4,3,3,3,5,3,49,29,75
180,291,497,99,100,1,56,56,80,80,0,56,56,81,81,0,0.04581503795227884,0.05357568331120869,97,98,1,3,2,2,2,36,91,2,27
181,77,179,64,89,25,56,56,44,44,0,56,56,52,52,0,0.007522379931243405,0.007862759113652609,61,61,0,4,3,3,6,8,56,57,49
182,6,6,31,31,0,10,10,31,31,0,6,6,31,31,0,0.00034037918240920387,0.00034037918240920387,33,33,0,-1,4,4,3,1,92,49,69
183,32,238,55,96,41,12,12,40,40,0,12,12,42,42,0,0.0068075836481840775,0.012117498893767658,65,74,9,3,4,4,2,6,90,34,24
184,72,278,68,98,30,38,38,57,57,0,38,38,59,59,0,0.009598692943939549,0.013513053541645392,69,77,8,3,3,3,3,6,55,77,22
185,51,667,57,100,43,56,66,45,47,2,51,66,57,60,3,0.005480104836788182,0.010994247591817285,56,73,17,2,3,3,6,6,48,35,57
186,288,888,95,100,5,248,248,89,89,0,248,248,92,92,0,0.027536675856904592,0.033084856530174615,89,92,3,2,2,2,11,15,5,16,31
187,0,1640,1,100,99,0,80,1,55,54,0,80,1,64,63,0.0,0.03975628850539501,1,95,94,1,-1,2,6,0,65,87,3
188,0,0,1,1,0,0,0,1,1,0,0,0,1,1,0,0.0,0.0,1,1,0,-1,-1,-1,9,1,31,45,91
189,114,114,78,78,0,100,100,73,73,0,100,100,74,74,0,0.013547091459886314,0.013547091459886314,72,72,0,-1,2,2,6,9,71,31,96
190,266,882,96,100,4,256,256,96,96,0,256,256,96,96,0,0.024166921951053473,0.04520235542394227,85,96,11,2,2,2,10,16,1,18,7
191,46,662,54,100,46,90,100,65,69,4,46,100,54,70,16,0.006024711528642908,0.019776030497974745,60,81,21,2,2,2,6,3,74,29,15
192,120,120,88,88,0,22,22,49,49,0,22,22,53,53,0,0.01923142380612002,0.01923142380612002,83,83,0,-1,3,3,2,19,90,15,99
193,18,18,44,44,0,66,66,49,49,0,18,18,44,44,0,0.00176997174852786,0.00176997174852786,43,43,0,-1,3,3,6,2,32,61,81
194,40,40,53,53,0,64,64,57,57,0,40,40,53,53,0,0.005207801490860819,0.005207801490860819,57,57,0,-1,2,2,5,3,63,46,96
195,56,672,56,100,44,94,128,51,76,25,56,128,56,84,28,0.0061949011198475104,0.024949794070594642,59,86,27,2,2,2,9,3,23,51,9
196,104,104,77,77,0,154,154,72,72,0,104,104,77,77,0,0.010075223799312433,0.010075223799312433,68,68,0,-1,2,2,10,9,36,31,97
197,10,112,42,86,44,12,12,40,40,0,12,12,42,42,0,0.0007147962830593281,0.005173763572619898,38,56,18,4,4,4,2,3,90,43,31
198,0,616,1,100,99,0,76,1,39,38,0,48,1,52,51,0.0,0.00793083495013445,1,62,61,2,-1,3,10,0,22,76,77
199,0,616,1,100,99,0,28,1,45,44,0,28,1,50,49,0.0,0.015589366554341537,1,81,80,2,-1,3,3,0,85,81,16
200,6,1646,30,100,70,14,64,31,56,25,6,64,30,63,33,0.00017018959120460194,0.024779604479390042,30,89,59,1,4,2,5,1,63,60,25
201,112,318,77,96,19,274,274,84,84,0,112,118,77,80,3,0.008475441641989176,0.008951972497362062,63,64,1,3,2,2,16,4,4,72,42
202,16,632,31,100,69,74,92,35,39,4,16,44,31,47,16,0.00037441710065012424,0.0020422750944552232,35,43,8,2,3,3,14,1,25,49,43
203,40,656,50,100,50,102,102,66,66,0,40,74,50,64,14,0.0028932230504782326,0.009292351679771264,47,69,22,2,2,2,8,1,39,71,62
204,135,751,83,100,17,140,150,84,84,0,135,150,87,88,1,0.009122162088566664,0.019027196296674494,65,83,18,2,2,2,7,8,46,57,33
205,100,100,70,70,0,148,148,79,79,0,100,100,70,70,0,0.007726607440688927,0.007726607440688927,63,63,0,-1,2,2,9,6,31,13,91
206,64,64,57,57,0,128,128,69,69,0,64,64,57,57,0,0.007692569522448007,0.007692569522448007,62,62,0,-1,3,3,8,4,30,38,45
207,100,100,69,69,0,100,100,66,66,0,100,100,72,72,0,0.05888559855679227,0.06766738146294973,99,100,1,2,1,1,6,30,44,7,21
208,0,206,1,89,88,0,26,1,35,34,0,13,1,35,34,0.0,0.001157289220191293,1,39,38,3,-1,4,5,0,61,97,64
209,0,616,1,100,99,0,42,1,40,39,0,30,1,50,49,0.0,0.006058749446883829,1,57,56,2,-1,3,6,0,32,91,72
210,40,656,52,100,48,106,136,66,76,10,40,136,52,82,30,0.004356853534837809,0.021546002246502605,54,84,30,2,2,2,7,3,24,46,15
211,1,617,26,100,74,4,54,26,58,32,1,54,26,62,36,3.4037918240920386e-05,0.025290173253003846,27,88,61,2,6,3,4,1,77,78,10
212,6,622,29,100,71,29,52,31,38,7,6,52,29,54,25,0.00017018959120460194,0.00878178290615746,29,67,38,2,4,3,9,1,23,60,14
213,38,654,49,100,51,90,100,50,54,4,38,54,49,54,5,0.003199564314646516,0.007216038667075122,49,63,14,2,3,3,9,6,23,70,90
214,0,102,1,81,80,0,6,1,28,27,0,4,1,28,27,0.0,0.0010892133837094523,1,37,36,4,-1,5,3,0,82,93,74
215,6,622,32,100,68,12,22,41,47,6,6,22,32,50,18,0.0007828721195411688,0.010245413390517035,36,70,34,2,4,3,2,2,95,42,17
216,8,110,38,84,46,12,12,35,35,0,8,12,38,41,3,0.0015317063208414173,0.004561081044283332,43,55,12,4,4,4,2,2,98,61,28
217,6,6,31,31,0,10,10,31,31,0,6,6,31,31,0,0.00037441710065012424,0.00037441710065012424,36,36,0,-1,4,4,3,1,66,55,40
218,16,16,36,36,0,40,40,42,42,0,16,16,36,36,0,0.002110350930937064,0.002110350930937064,46,46,0,-1,3,3,5,2,61,94,93
219,76,276,63,97,34,68,68,72,72,0,68,68,74,74,0,0.009054086252084823,0.009190237925048503,63,63,0,3,2,2,4,6,67,41,60
220,0,101,1,75,74,0,7,1,25,24,0,1,1,25,24,0.0,0.0,1,1,0,6,-1,7,7,0,62,86,78
221,62,62,56,56,0,100,100,66,66,0,62,62,56,56,0,0.004220701861874128,0.004220701861874128,50,50,0,-1,2,2,6,3,51,43,97
222,158,1798,81,100,19,278,312,80,89,9,158,312,81,97,16,0.010347527145239796,0.028047244630518397,60,90,30,1,2,2,16,6,9,34,6
223,18,18,48,48,0,38,38,55,55,0,18,18,47,47,0,0.0017359338302869397,0.0017359338302869397,41,41,0,-1,3,3,3,2,76,61,66
224,172,378,88,96,8,136,136,81,81,0,136,136,82,82,0,0.017087034956942034,0.019673916743251984,80,82,2,3,2,2,7,18,43,5,29
225,0,0,1,1,0,0,0,1,1,0,0,0,1,1,0,0.0,0.0,1,1,0,-1,-1,-1,2,0,86,85,82
226,0,616,1,100,99,0,66,1,36,35,0,44,1,48,47,0.0,0.00622893903808843,1,56,55,2,-1,3,12,0,2,98,48
227,88,88,65,65,0,66,66,51,51,0,66,66,62,62,0,0.011709043874876613,0.011709043874876613,72,72,0,-1,3,3,6,8,34,8,69
228,0,616,1,100,99,0,38,1,37,36,0,38,1,49,48,0.0,0.008747744987916539,1,67,66,2,-1,3,6,0,59,93,8
229,60,676,62,100,38,60,70,51,58,7,60,70,62,65,3,0.006535280302256714,0.01763164164879676,60,82,22,2,3,3,5,5,80,47,39
230,182,284,87,94,7,136,136,77,77,0,136,136,83,83,0,0.01783586915824228,0.017937982912965042,82,82,0,4,2,2,7,18,24,30,95
231,16,222,36,91,55,96,96,44,44,0,16,42,36,54,18,0.003880322679464924,0.00707988699411144,51,63,12,3,3,3,11,1,38,90,28
232,0,206,1,91,90,0,24,1,39,38,0,24,1,50,49,0.0,0.00793083495013445,1,64,63,3,-1,4,4,0,84,97,27
233,159,775,86,100,14,104,104,82,82,0,104,104,83,83,0,0.022499063957248374,0.029374723441914292,85,90,5,2,2,2,5,20,50,23,77
234,0,0,1,1,0,0,0,1,1,0,0,0,1,1,0,0.0,0.0,1,1,0,-1,-1,-1,6,0,74,67,96
235,146,146,90,90,0,72,72,79,79,0,72,72,80,80,0,0.02038871302631131,0.02038871302631131,85,85,0,-1,2,2,3,16,75,12,45
236,254,254,94,94,0,176,176,85,85,0,176,176,89,89,0,0.025834779944858572,0.025834779944858572,87,87,0,-1,2,2,8,15,30,16,84
237,100,100,59,59,0,100,100,39,39,0,100,100,59,59,0,0.035059055788148,0.03512713162462984,94,94,0,4,1,1,14,19,16,15,65
238,26,26,54,54,0,22,22,49,49,0,22,22,53,53,0,0.003437829742332959,0.003437829742332959,51,51,0,-1,3,3,2,6,90,41,86
239,0,0,1,1,0,0,0,1,1,0,0,0,1,1,0,0.0,0.0,1,1,0,-1,-1,-1,5,0,50,59,81
240,266,866,96,100,4,256,256,97,97,0,256,256,97,97,0,0.024507301133462677,0.029374723441914292,87,88,1,2,2,2,10,16,36,18,22
241,0,206,1,94,93,0,8,1,30,29,0,8,1,35,34,0.0,0.0020763130126961434,1,45,44,3,-1,4,2,0,91,81,75
242,6,622,32,100,68,12,22,41,47,6,6,22,32,50,18,0.0007828721195411688,0.016610504101569147,36,80,44,2,4,3,2,2,95,42,15
243,0,102,1,74,73,0,26,1,27,26,0,4,1,27,26,0.0,0.0002042275094455223,1,31,30,4,-1,5,16,1,4,69,63
244,66,682,69,100,31,38,38,59,59,0,38,38,62,62,0,0.007828721195411689,0.023622315259198747,67,86,19,2,3,3,3,7,92,21,18
245,70,276,60,96,36,110,110,76,76,0,70,110,59,80,21,0.011334626774226489,0.015453214881377854,71,80,9,3,2,2,6,5,59,25,38
246,116,732,77,100,23,110,110,81,81,0,110,110,82,82,0,0.01327478811395895,0.018822968787228972,74,81,7,2,2,2,6,8,65,17,62
247,130,232,83,93,10,88,88,76,76,0,88,88,79,79,0,0.011709043874876613,0.01327478811395895,74,77,3,4,2,2,4,13,47,24,83
248,6,212,30,94,64,22,30,33,35,2,6,18,30,41,11,0.0002723033459273631,0.0035059055788147996,31,51,20,3,4,4,5,1,63,4,29
249,92,708,66,100,34,86,86,62,62,0,86,86,65,65,0,0.012764219340345145,0.019741992579733823,74,80,6,2,3,3,6,8,74,20,31
250,108,308,79,96,17,60,60,55,55,0,60,60,60,60,0,0.013376901868681712,0.016168011164437182,74,76,2,3,3,3,5,13,70,33,29
251,0,0,1,1,0,0,0,1,1,0,0,0,1,1,0,0.0,0.0,1,1,0,-1,-1,-1,12,0,14,86,98
252,2,208,26,91,65,13,24,28,28,0,2,10,26,34,8,0.0,0.0010211375472276116,1,39,38,3,5,4,10,1,1,68,43
253,14,220,41,95,54,18,18,38,38,0,14,18,41,43,2,0.0011232513019503727,0.003199564314646516,40,49,9,3,4,4,3,4,96,64,41
254,232,232,93,93,0,176,176,85,85,0,176,176,89,89,0,0.02209060893835733,0.02209060893835733,84,84,0,-1,2,2,8,17,30,6,91
255,491,1091,98,100,2,248,248,99,99,0,248,248,99,99,0,0.03604615541713469,0.04516831750570135,91,96,5,2,2,2,8,29,42,1,20
256,2,618,26,100,74,15,98,26,37,11,2,87,26,55,29,6.807583648184077e-05,0.007420266176520644,28,58,30,2,5,3,14,2,16,58,24
257,40,40,58,58,0,52,52,81,81,0,40,40,67,67,0,0.0088498587426393,0.0088498587426393,68,68,0,-1,2,2,3,1,81,90,86
258,0,616,1,100,99,0,58,1,37,36,0,52,1,52,51,0.0,0.00796487286837537,1,63,62,2,-1,3,8,0,15,85,20
259,352,558,99,100,1,224,224,98,98,0,224,224,98,98,0,0.03087239184451479,0.031280846863405834,89,89,0,3,2,2,8,22,10,9,56
260,250,250,95,95,0,96,96,91,91,0,96,96,91,91,0,0.03512713162462984,0.03512713162462984,92,92,0,-1,2,2,3,22,76,9,86
261,6,622,32,100,68,22,40,33,42,9,6,40,32,51,19,0.0010892133837094523,0.01667857993805099,39,80,41,2,4,3,5,1,45,71,18
262,100,100,65,65,0,100,100,45,45,0,100,100,65,65,0,0.026923993328568024,0.044623710813846626,90,96,6,2,1,1,10,14,12,32,6
263,298,504,96,99,3,176,176,85,85,0,176,176,89,89,0,0.029919330133769018,0.029919330133769018,89,89,0,3,2,2,8,22,30,9,4
264,76,282,63,95,32,70,70,63,63,0,70,70,66,66,0,0.00796487286837537,0.010177337554035196,63,67,4,3,3,3,5,7,49,21,70
265,40,40,58,58,0,52,52,81,81,0,40,40,67,67,0,0.0088498587426393,0.0088498587426393,68,68,0,-1,2,2,3,1,81,90,93
266,61,661,57,100,43,130,130,67,67,0,61,130,57,80,23,0.005173763572619898,0.011164437183021887,58,69,11,2,3,3,10,6,11,35,24
267,0,206,1,90,89,0,20,1,26,25,0,6,1,26,25,0.0,0.0002723033459273631,1,30,29,3,-1,4,14,0,8,96,65
268,40,246,60,97,37,56,56,84,84,0,40,56,82,84,2,0.009632730862180468,0.016984921202219273,68,82,14,3,2,2,2,2,98,94,14
269,282,1882,93,100,7,300,300,91,91,0,300,300,94,94,0,0.023111746485584943,0.02831954797644576,85,90,5,1,2,2,14,16,17,12,64
270,0,206,1,92,91,0,18,1,34,33,0,18,1,46,45,0.0,0.004493005207801491,1,54,53,3,-1,4,3,1,87,50,72
271,22,638,40,100,60,122,136,55,58,3,22,59,40,51,11,0.002212464685659825,0.006092787365124749,42,56,14,2,3,3,16,2,4,83,35
272,397,1997,99,100,1,224,224,98,98,0,224,224,98,98,0,0.035875965825930084,0.0693012015385139,93,100,7,1,2,2,8,29,21,11,3
273,0,206,1,92,91,0,14,1,34,33,0,14,1,42,41,0.0,0.004799346471969774,1,58,57,3,-1,4,3,0,76,67,44
274,136,342,82,96,14,276,276,87,87,0,136,142,82,82,0,0.008543517478471017,0.009224275843289425,63,65,2,3,2,2,14,7,16,62,71
275,0,616,1,100,99,0,68,1,41,40,0,68,1,55,54,0.0,0.015623404472582456,1,75,74,2,-1,3,8,1,27,45,30
276,0,101,1,82,81,0,2,1,25,24,0,1,1,25,24,0.0,0.0,1,1,0,6,-1,7,2,0,68,80,58
277,84,84,73,73,0,56,56,76,76,0,56,56,77,77,0,0.010313489226998877,0.010313489226998877,70,70,0,-1,2,2,2,5,68,47,67
278,0,0,1,1,0,0,0,1,1,0,0,0,1,1,0,0.0,0.0,1,1,0,-1,-1,-1,14,0,16,87,66
279,0,616,1,100,99,0,124,1,59,58,0,124,1,79,78,0.0,0.019571802988529223,1,82,81,2,-1,3,14,0,16,84,10
280,156,772,85,100,15,166,166,87,87,0,156,166,88,90,2,0.014908608189523128,0.034140031995643146,76,92,16,2,2,2,8,9,10,27,11
281,130,746,84,100,16,118,118,93,93,0,118,118,93,93,0,0.018006058749446885,0.02209060893835733,82,84,2,2,2,2,5,8,45,20,90
282,100,100,76,76,0,100,100,90,90,0,100,100,90,90,0,0.07995506994792198,0.08672861567786515,100,100,0,2,1,1,4,40,72,3,44
283,6,107,33,78,45,22,22,35,35,0,6,7,33,36,3,0.0006126825283365669,0.0007828721195411688,37,37,0,5,4,4,5,2,49,42,60
284,0,206,1,92,91,0,28,1,35,34,0,8,1,34,33,0.0,0.0019061234214915416,1,43,42,3,-1,4,6,0,69,91,52
285,142,348,89,100,11,72,72,87,87,0,72,72,87,87,0,0.01960584090677014,0.02307770856734402,86,88,2,3,2,2,3,16,55,12,13
286,0,1640,1,100,99,0,54,1,46,45,0,42,1,55,54,0.0,0.020354675108070392,1,86,85,1,-1,2,6,0,32,96,75
287,0,616,1,100,99,0,76,1,39,38,0,44,1,51,50,0.0,0.006433166547533953,1,57,56,2,-1,3,10,0,18,92,38
288,6,622,30,100,70,26,40,35,40,5,6,40,30,53,23,0.000442492937131965,0.01405766023350012,36,76,40,2,4,3,5,1,80,49,18
289,16,632,35,100,65,41,80,32,39,7,16,80,35,62,27,0.0002723033459273631,0.009530617107457708,32,68,36,2,3,3,10,1,12,65,19
290,56,56,53,53,0,100,100,66,66,0,56,56,53,53,0,0.006331052792811192,0.006331052792811192,60,60,0,-1,2,2,6,3,59,29,66
291,1,1,26,26,0,3,3,26,26,0,1,1,26,26,0,0.0,0.0,1,1,0,-1,6,6,3,1,75,78,76
292,62,62,53,53,0,132,132,63,63,0,62,62,53,53,0,0.0018380475850097008,0.0018380475850097008,42,42,0,-1,2,2,12,4,3,64,80
293,16,632,42,100,58,22,22,42,42,0,16,22,42,45,3,0.0008509479560230097,0.007590455767725246,38,62,24,2,3,3,2,1,68,49,47
294,0,206,1,92,91,0,26,1,34,33,0,12,1,36,35,0.0,0.0029612988869600733,1,48,47,3,-1,4,5,0,88,36,29
295,0,206,1,92,91,0,13,1,30,29,0,6,1,30,29,0.0,0.0007488342013002485,1,36,35,3,-1,4,5,0,70,40,49
296,0,616,1,100,99,0,50,1,44,43,0,50,1,51,50,0.0,0.005956635692161067,1,55,54,2,-1,3,5,0,52,89,47
297,132,338,82,97,15,222,222,90,90,0,132,138,82,83,1,0.011913271384322134,0.01242384015793594,73,73,0,3,2,2,10,5,36,25,88
298,0,0,1,1,0,0,0,1,1,0,0,0,1,1,0,0.0,0.0,1,1,0,-1,-1,-1,14,1,16,69,45
299,60,266,64,96,32,38,38,59,59,0,38,38,62,62,0,0.006058749446883829,0.010721944245889922,57,72,15,3,3,3,3,6,92,28,62
300,100,100,61,61,0,100,100,40,40,0,100,100,61,61,0,0.02205657102011641,0.02209060893835733,83,83,0,4,1,1,14,9,8,27,58
301,22,22,45,45,0,46,46,41,41,0,22,22,45,45,0,0.002552843868069029,0.002552843868069029,46,46,0,-1,3,3,6,2,59,83,76
302,66,682,69,100,31,32,32,64,64,0,32,32,64,64,0,0.010892133837094524,0.023384049831512304,71,87,16,2,3,3,2,9,89,27,32
303,100,100,59,59,0,100,100,40,40,0,100,100,59,59,0,0.04339834575717349,0.05269069743694476,97,98,1,1,1,1,15,29,7,0,38
304,102,718,71,100,29,124,124,85,85,0,102,124,74,88,14,0.00970080669866231,0.038530923448721874,67,94,27,2,2,2,6,7,40,62,3
305,0,102,1,74,73,0,9,1,28,27,0,2,1,26,25,0.0,0.0004084550188910446,1,32,31,4,-1,5,6,0,41,99,42
306,214,214,91,91,0,192,192,91,91,0,192,192,91,91,0,0.02413288403281255,0.02413288403281255,87,87,0,-1,2,2,9,17,26,6,84
307,0,102,1,84,83,0,4,1,28,27,0,4,1,31,30,0.0,0.0028591851322373124,1,51,50,4,-1,5,2,0,98,97,28
308,34,240,45,93,48,86,86,43,43,0,34,58,45,54,9,0.004935498144933456,0.010381565063480718,53,70,17,3,3,3,10,6,12,73,34
309,342,444,96,99,3,176,176,99,99,0,176,176,99,99,0,0.039994553933081455,0.040505122706695255,93,93,0,4,2,2,5,27,80,10,49
310,46,147,52,83,31,104,104,61,61,0,46,47,52,52,0,0.0036760951700194017,0.003778208924742163,49,50,1,5,2,2,10,2,22,75,58
311,0,0,1,1,0,0,0,1,1,0,0,0,1,1,0,0.0,0.0,1,1,0,-1,-1,-1,11,0,5,96,87
312,44,44,55,55,0,38,38,51,51,0,38,38,54,54,0,0.006603356138738555,0.006603356138738555,59,59,0,-1,3,3,3,4,94,72,84
313,112,112,78,78,0,222,222,77,77,0,112,112,78,78,0,0.008135062459579971,0.008135062459579971,63,63,0,-1,2,2,14,7,25,62,99
314,100,100,77,77,0,100,100,96,96,0,100,100,96,96,0,0.08291636883488206,0.08897511828176588,100,100,0,2,1,1,3,29,82,0,57
315,6,6,33,33,0,24,24,40,40,0,6,6,33,33,0,0.00176997174852786,0.00176997174852786,44,44,0,-1,4,4,4,2,47,94,45
316,2,2,25,25,0,18,18,27,27,0,2,2,25,25,0,6.807583648184077e-05,6.807583648184077e-05,27,27,0,-1,5,5,10,1,36,95,97
317,56,156,58,87,29,54,54,53,53,0,54,54,57,57,0,0.004935498144933456,0.004935498144933456,55,55,0,6,3,3,4,6,79,35,58
318,94,195,65,92,27,60,60,48,48,0,60,60,61,61,0,0.007250076585316042,0.007284114503556962,63,63,0,5,3,3,5,9,63,31,58
319,40,246,61,100,39,22,22,55,55,0,22,22,57,57,0,0.005548180673270023,0.016712617856291908,58,81,23,3,3,3,2,6,97,41,30
320,1,103,26,77,51,5,9,26,28,2,1,4,26,32,6,0.0,0.0008169100377820892,1,37,36,4,6,5,5,1,49,68,74
321,40,1680,50,100,50,110,144,60,70,10,40,106,50,73,23,0.004561081044283332,0.021409850573538922,55,81,26,1,3,2,10,6,11,73,25
322,0,616,1,100,99,0,72,1,41,40,0,50,1,50,49,0.0,0.0046972327172470135,1,52,51,2,-1,3,10,0,0,67,28
323,0,206,1,92,91,0,22,1,33,32,0,13,1,39,38,0.0,0.0020763130126961434,1,45,44,3,-1,4,5,0,88,89,70
324,196,796,90,100,10,136,136,98,98,0,136,136,98,98,0,0.02828551005820484,0.05636679260696416,87,98,11,2,2,2,4,18,79,30,2
325,142,142,88,88,0,88,88,80,80,0,88,88,80,80,0,0.014329963579427483,0.014329963579427483,76,76,0,-1,2,2,4,14,84,14,82
326,40,40,58,58,0,28,28,46,46,0,28,28,53,53,0,0.0057524081827155455,0.0057524081827155455,59,59,0,-1,3,3,3,6,81,26,40
327,0,616,1,100,99,0,44,1,35,34,0,16,1,37,36,0.0,0.00353994349705572,1,50,49,2,-1,3,9,0,54,86,90
328,46,46,63,63,0,28,28,46,46,0,28,28,53,53,0,0.005650294427992784,0.005650294427992784,58,58,0,-1,3,3,3,6,81,13,36
329,102,102,79,79,0,96,96,61,61,0,96,96,69,69,0,0.012083460975526737,0.012083460975526737,75,75,0,-1,3,3,6,8,48,17,87
330,22,228,38,90,52,38,38,35,35,0,22,28,38,39,1,0.0013274788113958951,0.0017018959120460194,38,39,1,3,3,3,6,2,51,74,65
331,128,334,78,94,16,136,136,77,77,0,136,136,83,83,0,0.016474352428605468,0.01776779332176044,78,81,3,3,2,2,7,9,24,39,94
332,152,253,84,92,8,88,88,73,73,0,88,88,74,74,0,0.017052997038701112,0.017052997038701112,82,82,0,5,2,2,4,8,83,8,68
333,56,656,54,100,46,142,142,71,71,0,56,92,54,63,9,0.005377991082065421,0.012662105585622384,56,74,18,2,2,2,8,3,15,29,20
334,100,100,60,60,0,100,100,52,52,0,100,100,60,60,0,0.02403077027808979,0.02464345280642636,86,87,1,3,1,1,9,6,29,26,63
335,583,1199,100,100,0,432,432,100,100,0,432,432,100,100,0,0.03897341638585384,0.05017189148711665,96,98,2,2,2,2,15,29,7,1,6
336,2,2,27,27,0,5,5,28,28,0,2,2,27,27,0,3.4037918240920386e-05,3.4037918240920386e-05,26,26,0,-1,5,5,3,1,66,95,81
337,100,100,67,67,0,100,100,55,55,0,100,100,67,67,0,0.03512713162462984,0.035025017869907075,92,92,0,6,1,1,9,9,23,39,58
338,224,840,91,100,9,134,134,91,91,0,134,134,92,92,0,0.02127369890057524,0.03509309370638892,81,95,14,2,2,2,6,16,71,12,30
339,0,616,1,100,99,0,64,1,40,39,0,64,1,54,53,0.0,0.0068075836481840775,1,61,60,2,-1,3,8,0,42,66,24
340,22,124,40,80,40,74,74,35,35,0,22,24,40,41,1,0.0011232513019503727,0.0011232513019503727,39,39,0,4,3,3,14,3,25,51,68
341,8,214,37,93,56,10,14,32,35,3,8,14,37,42,5,0.00030634126416828345,0.0035739814152966403,32,51,19,3,4,4,3,2,85,63,90
342,56,56,56,56,0,76,76,52,52,0,56,56,57,57,0,0.005990673610401988,0.005990673610401988,57,57,0,-1,3,3,6,6,65,35,59
343,290,290,95,95,0,134,134,91,91,0,134,134,92,92,0,0.03151911229109228,0.03151911229109228,93,93,0,-1,2,2,6,27,71,10,59
344,277,378,100,100,0,56,56,93,93,0,56,56,93,93,0,0.06392321045644848,0.06392321045644848,98,98,0,5,2,2,2,36,99,2,95
345,12,628,34,100,66,24,42,31,36,5,12,42,34,50,16,0.0002042275094455223,0.009564655025698629,29,63,34,2,4,3,6,2,71,63,17
346,2,208,27,93,66,16,30,29,32,3,2,8,27,34,7,3.4037918240920386e-05,0.0008509479560230097,27,36,9,3,5,4,9,1,23,95,71
347,100,100,59,59,0,100,100,39,39,0,100,100,59,59,0,0.023622315259198747,0.023690391095680587,84,84,0,4,1,1,14,8,16,20,65
348,0,102,1,74,73,0,22,1,28,27,0,2,1,26,25,0.0,0.0007488342013002485,1,37,36,4,-1,5,11,0,19,92,71
349,56,56,56,56,0,96,96,55,55,0,56,56,56,56,0,0.004561081044283332,0.004561081044283332,56,56,0,-1,2,2,7,2,24,52,89
350,63,269,71,100,29,32,32,69,69,0,32,32,69,69,0,0.006773545729943157,0.013513053541645392,64,78,14,3,3,3,2,8,90,57,20
351,40,40,45,45,0,172,172,66,66,0,40,40,45,45,0,0.003165526396405596,0.003165526396405596,51,51,0,-1,2,2,17,3,20,46,92
352,32,134,50,81,31,76,76,59,59,0,32,34,50,51,1,0.0027911092957554717,0.003267640151128357,48,51,3,4,3,3,6,2,34,83,42
353,40,40,54,54,0,74,74,67,67,0,40,40,54,54,0,0.0051397256543789785,0.0051397256543789785,57,57,0,-1,2,2,5,2,80,94,93
354,20,226,49,93,44,28,28,44,44,0,20,28,49,53,4,0.0018040096667687805,0.010143299635794275,44,72,28,3,3,3,3,3,76,43,39
355,260,466,93,100,7,328,328,91,91,0,258,328,93,99,6,0.0195377650702883,0.022124646856598252,85,86,1,3,2,2,16,18,9,5,73
356,70,70,65,65,0,38,38,46,46,0,38,38,51,51,0,0.007250076585316042,0.007250076585316042,60,60,0,-1,3,3,3,9,96,31,85
357,100,100,66,66,0,100,100,67,67,0,100,100,73,73,0,0.04693828925422921,0.054528745021954456,96,97,1,2,1,1,5,14,52,14,20
358,32,648,47,100,53,100,120,47,63,16,32,120,47,78,31,0.002110350930937064,0.024371149460498995,43,87,44,2,3,3,10,2,22,52,10
359,212,828,90,100,10,166,166,83,83,0,166,166,88,88,0,0.013376901868681712,0.019061234214915415,75,81,6,2,2,2,8,14,15,32,34
360,6,212,33,93,60,12,20,34,36,2,6,20,33,45,12,0.0002723033459273631,0.003642057251778481,35,52,17,3,4,4,4,1,72,55,47
361,136,238,85,92,7,88,88,77,77,0,88,88,77,77,0,0.01504475986248681,0.015453214881377854,79,79,0,4,2,2,4,13,79,33,63
362,180,796,93,100,7,80,80,94,94,0,80,80,94,94,0,0.028421661731168522,0.053813948738895126,91,98,7,2,2,2,2,16,91,12,3
363,0,0,1,1,0,0,0,1,1,0,0,0,1,1,0,0.0,0.0,1,1,0,-1,-1,-1,16,0,4,86,82
364,16,632,35,100,65,110,110,59,59,0,16,110,35,77,42,0.003437829742332959,0.013547091459886314,50,76,26,2,3,3,10,1,36,90,14
365,0,616,1,100,99,0,42,1,39,38,0,38,1,50,49,0.0,0.007318152421797883,1,64,63,2,-1,3,6,0,74,98,77
366,100,100,58,58,0,100,100,38,38,0,100,100,58,58,0,0.01940161339732462,0.020252561353347628,84,85,1,3,1,1,16,7,9,21,71
367,100,100,65,65,0,100,100,47,47,0,100,100,65,65,0,0.0490826781034072,0.0490826781034072,97,97,0,-1,1,1,11,30,38,7,99
368,58,264,72,100,28,46,46,87,87,0,46,46,88,88,0,0.014840532353041287,0.021784267674189048,79,85,6,3,2,2,2,4,97,72,27
369,0,206,1,92,91,0,30,1,33,32,0,14,1,35,34,0.0,0.002144388849177984,1,44,43,3,-1,4,9,0,35,89,70
370,1,1,26,26,0,7,7,26,26,0,1,1,26,26,0,0.0,0.0,1,1,0,-1,6,6,7,1,46,68,66
371,193,193,96,96,0,48,48,59,59,0,48,48,63,63,0,0.028659927158854966,0.028659927158854966,92,92,0,-1,3,3,3,29,75,11,76
372,56,672,52,100,48,132,132,70,70,0,56,91,52,61,9,0.005684332346233704,0.010245413390517035,57,70,13,2,2,2,8,3,42,29,22
373,71,687,56,100,44,180,190,70,70,0,71,91,56,57,1,0.005650294427992784,0.006977773239388679,55,59,4,2,3,3,15,6,7,35,43
374,118,734,81,100,19,78,78,77,77,0,78,78,77,77,0,0.015623404472582456,0.037475747983253344,79,95,16,2,2,2,4,13,84,33,11
375,32,648,47,100,53,76,90,39,45,6,32,90,47,62,15,0.0018380475850097008,0.015725518227305217,42,80,38,2,3,3,10,3,36,51,15
376,260,260,92,92,0,304,304,87,87,0,260,260,92,92,0,0.014023622315259198,0.014023622315259198,72,72,0,-1,2,2,17,14,20,32,50
377,247,453,97,100,3,72,72,84,84,0,72,72,84,84,0,0.035739814152966405,0.04554273460635148,92,96,4,3,2,2,3,29,85,1,6
378,0,102,1,78,77,0,10,1,29,28,0,2,1,27,26,0.0,0.000442492937131965,1,34,33,4,-1,5,6,1,69,50,42
379,32,648,48,100,52,56,66,49,53,4,32,66,48,61,13,0.0014295925661186562,0.010926171755335444,42,70,28,2,3,3,6,2,69,61,32
380,0,616,1,100,99,0,100,1,44,43,0,100,1,63,62,0.0,0.022737329384934817,1,85,84,2,-1,3,10,0,18,98,0
381,1,1,26,26,0,2,2,26,26,0,1,1,26,26,0,3.4037918240920386e-05,3.4037918240920386e-05,27,27,0,-1,6,6,2,2,90,58,84
382,0,1640,1,100,99,0,62,1,37,36,0,42,1,49,48,0.0,0.013581129378127233,1,73,72,1,-1,2,8,0,27,93,83
383,129,335,87,99,12,78,78,75,75,0,78,78,77,77,0,0.015214949453691413,0.01834643793185609,79,84,5,3,2,2,4,14,77,32,28
384,54,260,64,98,34,32,32,63,63,0,32,32,64,64,0,0.008407365805507334,0.011709043874876613,64,71,7,3,3,3,2,4,86,38,47
385,2,208,27,91,64,15,33,27,29,2,2,11,27,33,6,3.4037918240920386e-05,0.002723033459273631,27,47,20,3,5,4,13,1,13,68,73
386,100,100,63,63,0,100,100,56,56,0,100,100,63,63,0,0.03281255318424725,0.032914666938970015,91,91,0,4,1,1,7,8,24,8,63
387,2,208,29,97,68,3,8,29,34,5,2,8,29,40,11,0.0002382654276864427,0.00353994349705572,33,49,16,3,5,4,2,1,97,55,83
388,0,0,1,1,0,0,0,1,1,0,0,0,1,1,0,0.0,0.0,1,1,0,-1,-1,-1,7,0,46,59,66
389,100,100,63,63,0,100,100,56,56,0,100,100,63,63,0,0.0424112461281868,0.0424112461281868,96,96,0,-1,1,1,7,16,24,12,97
390,38,654,50,100,50,120,130,62,62,0,38,74,50,56,6,0.003267640151128357,0.007998910786616291,49,64,15,2,3,3,10,6,18,70,35
391,156,1796,84,100,16,140,164,88,96,8,140,164,89,96,7,0.019844106334456584,0.03716940671908506,81,92,11,1,2,2,7,9,62,39,72
392,134,134,83,83,0,76,76,54,54,0,76,76,61,61,0,0.010687906327649,0.010687906327649,70,70,0,-1,3,3,6,14,44,32,98
393,100,100,61,61,0,100,100,43,43,0,100,100,61,61,0,0.03434425950508867,0.03975628850539501,93,97,4,2,1,1,12,16,2,18,38
394,0,616,1,100,99,0,106,1,61,60,0,106,1,73,72,0.0,0.016202049082678104,1,77,76,2,-1,3,10,0,22,79,30
395,0,616,1,99,98,0,63,1,32,31,0,16,1,31,30,0.0,0.0026209197045508697,1,47,46,2,-1,3,17,0,20,67,46
396,202,408,93,100,7,104,104,86,86,0,104,104,86,86,0,0.02566459035365397,0.026651689982640663,88,89,1,3,2,2,5,19,45,15,61
397,6,6,33,33,0,24,24,38,38,0,6,6,33,33,0,0.0011232513019503727,0.0011232513019503727,41,41,0,-1,4,4,4,1,72,71,76
398,174,380,86,98,12,164,164,69,69,0,174,164,87,86,-1,0.009156200006807584,0.010994247591817285,66,74,8,3,2,2,10,13,0,24,75
399,100,100,81,81,0,100,100,98,98,0,100,100,98,98,0,0.10425814357193915,0.1113720684842915,100,100,0,3,1,1,2,29,86,11,8
400,80,181,70,91,21,50,50,47,47,0,50,50,54,54,0,0.007828721195411689,0.007862759113652609,62,62,0,5,3,3,5,13,88,24,95
401,34,34,52,52,0,54,54,54,54,0,34,34,52,52,0,0.003710133088260322,0.003710133088260322,52,52,0,-1,3,3,4,6,47,70,50
402,38,244,47,91,44,84,84,46,46,0,38,59,47,55,8,0.0025188059498281084,0.008713707069675619,46,68,22,3,3,3,9,6,54,70,25
403,14,220,46,96,50,12,12,39,39,0,12,12,45,45,0,0.004322815616596889,0.006535280302256714,54,60,6,3,4,4,2,6,93,73,29
404,2,102,27,75,48,22,22,29,29,0,2,4,27,28,1,0.0002723033459273631,0.00088498587426393,32,36,4,4,5,5,12,1,14,55,51
405,7,108,36,79,43,18,18,36,36,0,7,8,36,36,0,0.0004765308553728854,0.0005105687736138058,36,36,0,6,4,4,3,2,64,56,78
406,44,146,57,92,35,32,32,71,71,0,32,32,71,71,0,0.007726607440688927,0.008135062459579971,65,66,1,4,3,3,2,7,99,62,56
407,0,102,1,75,74,0,13,1,26,25,0,2,1,26,25,0.0,0.0,1,1,0,4,-1,5,10,1,12,45,95
408,84,284,63,94,31,90,90,67,67,0,84,86,66,67,1,0.007420266176520644,0.009428503352734947,59,64,5,3,2,2,6,6,71,26,29
409,100,100,59,59,0,100,100,40,40,0,100,100,59,59,0,0.04339834575717349,0.04537254501514688,97,98,1,2,1,1,15,29,7,0,70
410,207,207,93,93,0,96,96,89,89,0,96,96,89,89,0,0.02569862827189489,0.02569862827189489,89,89,0,-1,2,2,3,17,64,6,36
411,111,317,73,97,24,154,154,66,66,0,111,125,73,76,3,0.008203138296061813,0.008951972497362062,61,65,4,3,2,2,10,8,0,57,64
412,16,16,34,34,0,84,84,41,41,0,16,16,34,34,0,0.0009530617107457708,0.0009530617107457708,38,38,0,-1,3,3,12,2,14,42,91
413,0,101,1,71,70,0,7,1,25,24,0,1,1,25,24,0.0,0.00010211375472276115,1,29,28,6,-1,7,7,0,46,96,78
414,66,66,61,61,0,32,32,58,58,0,32,32,59,59,0,0.005582218591510943,0.005582218591510943,58,58,0,-1,3,3,2,6,68,28,45
415,0,0,1,1,0,0,0,1,1,0,0,0,1,1,0,0.0,0.0,1,1,0,-1,-1,-1,12,0,14,79,89
416,0,0,1,1,0,0,0,1,1,0,0,0,1,1,0,0.0,0.0,1,1,0,-1,-1,-1,6,0,40,98,97
417,12,628,39,100,61,14,38,34,55,21,12,38,39,56,17,0.00030634126416828345,0.018482589604819768,33,85,52,2,4,3,3,2,60,56,18
418,6,6,29,29,0,24,24,30,30,0,6,6,29,29,0,0.00013615167296368154,0.00013615167296368154,30,30,0,-1,4,4,8,1,30,65,87
419,2,103,28,76,48,4,4,28,28,0,2,3,28,31,3,3.4037918240920386e-05,0.00013615167296368154,28,30,2,5,5,5,3,1,64,68,4
420,0,206,1,93,92,0,22,1,32,31,0,6,1,31,30,0.0,0.0018040096667687805,1,43,42,3,-1,4,5,0,45,67,94
421,0,616,1,100,99,0,34,1,38,37,0,34,1,50,49,0.0,0.006841621566424997,1,59,58,2,-1,3,4,0,53,98,62
422,150,356,83,96,13,80,80,53,53,0,80,80,60,60,0,0.00980292045338507,0.010381565063480718,68,70,2,3,3,3,5,13,52,24,56
423,60,60,52,52,0,146,146,67,67,0,60,60,52,52,0,0.006058749446883829,0.006058749446883829,56,56,0,-1,2,2,12,6,3,73,84
424,1,1,25,25,0,3,3,25,25,0,1,1,25,25,0,0.0,0.0,1,1,0,-1,6,6,3,2,85,58,98
425,100,100,81,81,0,100,100,96,96,0,100,100,96,96,0,0.053473569556485925,0.053473569556485925,99,99,0,-1,1,1,3,3,92,46,40
426,12,218,45,96,51,8,8,34,34,0,12,8,45,40,-5,0.0007828721195411688,0.0029612988869600733,38,48,10,3,4,4,2,2,93,74,52
427,44,660,54,100,46,50,50,49,49,0,44,50,54,54,0,0.007147962830593281,0.013717281051090916,61,77,16,2,3,3,5,4,61,38,21
428,322,424,96,97,1,216,216,96,96,0,216,216,96,96,0,0.0313829606181286,0.031621226045815035,91,91,0,4,2,2,9,22,29,9,88
429,120,222,88,98,10,56,56,93,93,0,56,56,93,93,0,0.02188638142891181,0.0230436706491031,87,88,1,4,2,2,2,12,99,37,71
430,16,16,41,41,0,38,38,56,56,0,16,16,41,41,0,0.0024166921951053475,0.0024166921951053475,46,46,0,-1,3,3,3,1,60,53,86
431,176,792,87,100,13,182,182,88,88,0,176,192,91,93,2,0.01507879778072773,0.017223186629905716,75,78,3,2,2,2,9,9,29,27,53
432,88,1688,61,100,39,142,142,78,78,0,88,142,61,81,20,0.010041185881071514,0.03417406991388407,66,95,29,1,2,2,8,4,27,38,15
433,94,694,80,100,20,32,32,63,63,0,32,32,65,65,0,0.01232172640321318,0.02474556656114912,76,90,14,2,3,3,2,14,98,14,19
434,217,423,90,96,6,208,208,89,89,0,208,208,93,93,0,0.024949794070594642,0.026277272881990537,85,88,3,3,2,2,10,20,12,23,54
435,66,682,61,100,39,60,60,49,49,0,60,60,59,59,0,0.005956635692161067,0.018312400013615168,55,81,26,2,3,3,5,6,88,13,20
436,0,0,1,1,0,0,0,1,1,0,0,0,1,1,0,0.0,0.0,1,1,0,-1,-1,-1,3,0,66,96,98
437,0,0,1,1,0,0,0,1,1,0,0,0,1,1,0,0.0,0.0,1,1,0,-1,-1,-1,10,1,1,69,96
438,74,280,67,96,29,62,62,77,77,0,62,62,78,78,0,0.010041185881071514,0.011913271384322134,66,70,4,3,2,2,3,6,58,26,75
439,6,1646,29,100,71,52,134,34,65,31,6,134,29,83,54,0.0005446066918547262,0.038939378467612924,35,96,61,1,4,2,10,1,22,49,2
440,1,207,25,94,69,3,14,25,31,6,1,14,25,40,15,0.0,0.010245413390517035,1,74,73,3,6,4,3,2,96,58,37
441,49,665,54,100,46,98,108,52,68,16,49,108,55,76,21,0.004356853534837809,0.02563055243541305,54,88,34,2,3,3,8,4,39,22,11
442,62,163,61,91,30,54,54,54,54,0,54,54,58,58,0,0.008713707069675619,0.00878178290615746,65,65,0,5,3,3,4,6,47,34,65
443,16,632,36,100,64,72,82,46,49,3,16,82,36,64,28,0.001599782157323258,0.010347527145239796,40,70,30,2,3,3,7,1,43,53,8
444,0,206,1,92,91,0,19,1,29,28,0,8,1,35,34,0.0,0.0009530617107457708,1,38,37,3,-1,4,8,0,21,81,74
445,0,206,1,92,91,0,24,1,36,35,0,24,1,52,51,0.0,0.00796487286837537,1,64,63,3,-1,4,4,1,77,69,20
446,102,1702,75,100,25,134,134,90,90,0,102,134,79,90,11,0.0123557643214541,0.032063718982947,71,92,21,1,2,2,6,7,74,62,48
447,1,207,26,94,68,2,12,26,39,13,1,12,26,41,15,3.4037918240920386e-05,0.007658531604207087,27,66,39,3,6,4,2,1,90,78,33
448,6,212,31,90,59,28,32,34,34,0,6,14,31,38,7,0.0002723033459273631,0.0012934408931549745,34,40,6,3,4,4,8,1,57,88,74
449,80,286,78,100,22,32,32,67,67,0,32,32,68,68,0,0.017018959120460194,0.02566459035365397,80,87,7,3,3,3,2,9,97,39,20
450,60,266,54,94,40,168,168,68,68,0,60,76,54,55,1,0.005718370264474625,0.007760645358929848,55,63,8,3,3,3,13,6,13,26,41
451,58,264,61,94,33,48,48,54,54,0,48,48,56,56,0,0.010177337554035196,0.01147077844719017,71,72,1,3,3,3,3,8,87,17,52
452,22,222,47,93,46,28,28,42,42,0,22,28,47,50,3,0.0026209197045508697,0.005071649817897137,49,56,7,3,3,3,3,2,64,83,73
453,0,1640,1,100,99,0,154,1,73,72,0,154,1,85,84,0.0,0.038939378467612924,1,96,95,1,-1,2,10,0,22,36,3
454,88,294,61,93,32,132,132,72,72,0,88,94,61,64,3,0.007488342013002485,0.009020048333843901,61,63,2,3,2,2,8,7,27,62,46
455,274,1874,91,100,9,310,310,93,93,0,274,310,91,95,4,0.021375812655298,0.0318935293917424,84,91,7,1,2,2,14,18,17,30,57
456,0,616,1,100,99,0,122,1,58,57,0,105,1,74,73,0.0,0.00976888253514415,1,63,62,2,-1,3,15,0,7,91,19
457,50,152,54,85,31,120,120,62,62,0,50,53,54,54,0,0.005003573981415297,0.00527587732734266,55,55,0,4,3,3,10,6,36,28,56
458,150,766,86,100,14,144,144,90,90,0,144,144,90,90,0,0.015419176963136935,0.03597807958065285,78,94,16,2,2,2,6,8,59,20,7
459,6,206,30,88,58,15,15,28,28,0,6,6,30,30,0,6.807583648184077e-05,3.4037918240920386e-05,29,27,-2,3,4,4,9,2,54,58,95
460,18,18,45,45,0,28,28,40,40,0,18,18,45,45,0,0.0007147962830593281,0.0007147962830593281,36,36,0,-1,3,3,3,2,82,56,97
461,164,1764,88,100,12,206,206,92,92,0,164,206,90,93,3,0.016916845365737433,0.0392457197317812,78,94,16,1,2,2,9,8,31,20,16
462,432,638,100,100,0,176,176,99,99,0,176,176,99,99,0,0.05211205282684911,0.054154327921304334,97,97,0,3,2,2,5,36,63,2,73
463,144,144,89,89,0,48,48,70,70,0,48,48,72,72,0,0.017052997038701112,0.017052997038701112,79,79,0,-1,3,3,3,18,94,5,84
464,100,100,62,62,0,100,100,48,48,0,100,100,62,62,0,0.04186663943633207,0.05834099186493754,96,98,2,2,1,1,10,20,11,23,37
465,0,616,1,100,99,0,116,1,56,55,0,116,1,76,75,0.0,0.014670342761836687,1,73,72,2,-1,3,14,0,8,87,12
466,114,320,87,100,13,56,56,85,85,0,56,56,85,85,0,0.021580040164743523,0.026787841655604345,87,89,2,3,2,2,2,9,90,39,25
467,107,207,84,96,12,32,32,71,71,0,32,32,71,71,0,0.015146873617209572,0.015146873617209572,76,76,0,6,3,3,2,15,99,19,68
468,0,1640,1,100,99,0,104,1,54,53,0,61,1,51,50,0.0,0.009224275843289425,1,64,63,1,-1,2,17,0,20,97,35
469,50,152,56,88,32,76,76,52,52,0,50,52,56,57,1,0.006603356138738555,0.006603356138738555,60,60,0,4,3,3,6,6,48,26,95
470,6,6,30,30,0,24,24,33,33,0,6,6,30,30,0,0.0007147962830593281,0.0007147962830593281,36,36,0,-1,4,4,6,2,41,42,40
471,6,6,28,28,0,28,28,31,31,0,6,6,28,28,0,0.00017018959120460194,0.00017018959120460194,28,28,0,-1,4,4,8,1,27,4,98
472,145,351,81,96,15,188,188,83,83,0,145,157,81,82,1,0.009939072126348753,0.013070560604513427,69,72,3,3,2,2,10,8,12,44,29
473,100,100,59,59,0,100,100,45,45,0,100,100,59,59,0,0.035875965825930084,0.036658837945471257,92,93,1,3,1,1,10,16,0,18,71
474,0,206,1,92,91,0,15,1,29,28,0,8,1,34,33,0.0,0.0015317063208414173,1,42,41,3,-1,4,6,0,65,80,83
475,44,250,51,93,42,86,86,68,68,0,44,52,51,57,6,0.006875659484665918,0.009190237925048503,58,67,9,3,3,3,6,4,69,72,29
476,0,616,1,100,99,0,78,1,35,34,0,34,1,45,44,0.0,0.005412029000306341,1,55,54,2,-1,3,14,0,17,98,62
477,0,616,1,100,99,0,76,1,53,52,0,76,1,65,64,0.0,0.022601177711971135,1,87,86,2,-1,3,6,0,56,99,23
478,0,616,1,100,99,0,82,1,39,38,0,74,1,56,55,0.0,0.009224275843289425,1,67,66,2,-1,3,12,1,2,50,8
479,134,340,87,96,9,86,86,62,62,0,86,86,68,68,0,0.016236087000919025,0.02032063718982947,80,86,6,3,3,3,6,18,32,30,13
480,66,272,57,95,38,112,112,66,66,0,64,77,57,61,4,0.00616086320160659,0.009054086252084823,58,65,7,3,2,2,8,6,21,41,73
481,6,6,30,30,0,30,30,37,37,0,6,6,30,30,0,0.0013955546478777359,0.0013955546478777359,39,39,0,-1,4,4,5,1,80,71,69
482,6,212,30,94,64,12,12,32,32,0,6,12,30,36,6,0.0019741992579733825,0.003369753905851118,45,50,5,3,4,4,2,2,91,94,70
483,0,1640,1,100,99,0,80,1,61,60,0,80,1,65,64,0.0,0.034310221586847746,1,94,93,1,-1,2,6,0,71,79,7
484,0,616,1,100,99,0,50,1,49,48,0,50,1,54,53,0.0,0.009870996289866912,1,69,68,2,-1,3,5,1,70,45,17
485,0,616,1,99,98,0,104,1,57,56,0,91,1,60,59,0.0,0.010960209673576363,1,68,67,2,-1,3,12,0,14,87,24
486,150,150,85,85,0,150,150,85,85,0,150,150,89,89,0,0.017121072875182955,0.017121072875182955,81,81,0,-1,2,2,7,8,46,20,45
487,228,428,96,100,4,32,32,58,58,0,32,32,60,60,0,0.030566050580346504,0.031246808945164913,93,93,0,3,3,3,2,29,91,1,49
488,6,6,29,29,0,26,26,30,30,0,6,6,29,29,0,0.0002042275094455223,0.0002042275094455223,31,31,0,-1,4,4,10,1,11,60,98
489,100,100,69,69,0,100,100,76,76,0,100,100,76,76,0,0.055413730896218386,0.06133632867013854,100,100,0,3,1,1,5,20,80,23,24
490,40,656,50,100,50,86,96,54,55,1,40,69,50,58,8,0.004731270635487933,0.008237176214302734,53,62,9,2,2,2,7,2,43,94,22
491,100,100,79,79,0,100,100,97,97,0,100,100,97,97,0,0.09094931753973927,0.09425099560910855,100,100,0,3,1,1,3,29,60,0,24
492,6,622,31,100,69,14,40,31,43,12,6,40,31,52,21,0.0002723033459273631,0.009734844616903231,32,70,38,2,4,3,5,1,70,60,27
493,443,1059,100,100,0,200,200,100,100,0,200,200,100,100,0,0.045304469178665034,0.06991388406685047,96,100,4,2,2,2,5,29,61,1,3
494,0,0,1,1,0,0,0,1,1,0,0,0,1,1,0,0.0,0.0,1,1,0,-1,-1,-1,4,0,79,67,59
495,1,617,25,100,75,3,38,25,50,25,1,38,25,53,28,6.807583648184077e-05,0.03008951972497362,27,92,65,2,6,3,3,1,82,78,11
496,0,0,1,1,0,0,0,1,1,0,0,0,1,1,0,0.0,0.0,1,1,0,-1,-1,-1,8,0,42,93,97
497,178,384,88,98,10,144,144,91,91,0,144,144,92,92,0,0.02556247659893121,0.027808979202831954,86,88,2,3,2,2,6,12,51,37,29
498,232,848,95,100,5,64,64,68,68,0,64,64,69,69,0,0.02811532046700024,0.0340719561591613,90,92,2,2,3,3,4,27,73,10,57
499,0,0,1,1,0,0,0,1,1,0,0,0,1,1,0,0.0,0.0,1,1,0,-1,-1,-1,7,1,62,45,50
500,241,447,92,99,7,232,232,92,92,0,232,232,93,93,0,0.018754892950747133,0.02127369890057524,82,83,1,3,2,2,10,15,1,19,41
501,101,101,71,71,0,126,126,69,69,0,101,101,71,71,0,0.008713707069675619,0.008713707069675619,63,63,0,-1,2,2,7,8,24,57,59
502,84,290,58,97,39,186,186,70,70,0,84,100,58,61,3,0.006671431975220395,0.008747744987916539,60,63,3,3,2,2,12,6,14,26,41
503,34,136,53,87,34,28,28,45,45,0,28,28,50,50,0,0.005922597773920147,0.006637394056979475,59,60,1,4,3,3,3,4,58,72,74
504,16,1656,36,100,64,100,148,55,77,22,16,148,36,85,49,0.003369753905851118,0.026651689982640663,50,88,38,1,3,2,9,3,23,46,30
505,0,102,1,77,76,0,13,1,27,26,0,2,1,25,24,0.0,6.807583648184077e-05,1,28,27,4,-1,5,10,0,1,76,4
506,141,757,85,100,15,80,80,68,68,0,80,80,72,72,0,0.022669253548452978,0.028762040913577726,85,87,2,2,3,3,5,15,88,16,26
507,101,203,77,93,16,94,94,75,75,0,94,94,75,75,0,0.010313489226998877,0.010960209673576363,68,68,0,4,2,2,5,8,49,44,43
508,58,58,61,61,0,70,70,67,67,0,58,58,59,59,0,0.004833384390210695,0.004833384390210695,53,53,0,-1,2,2,5,3,70,54,93
509,280,280,94,94,0,128,128,93,93,0,128,128,93,93,0,0.03638653459954389,0.03638653459954389,93,93,0,-1,2,2,5,27,70,10,82
510,6,622,28,100,72,25,60,30,38,8,6,48,28,51,23,0.00013615167296368154,0.00622893903808843,29,55,26,2,4,3,9,1,29,60,21
511,100,100,80,80,0,46,46,84,84,0,46,46,84,84,0,0.014432077334150244,0.014432077334150244,75,75,0,-1,2,2,2,13,93,24,36
512,125,741,79,100,21,120,150,79,85,6,125,150,81,85,4,0.010755982164130842,0.041253956907995507,70,95,25,2,2,2,7,8,43,44,2
513,0,616,1,100,99,0,42,1,38,37,0,42,1,50,49,0.0,0.01055175465468532,1,69,68,2,-1,3,6,0,59,85,39
514,0,206,1,92,91,0,14,1,30,29,0,6,1,30,29,0.0,0.0020082371762143027,1,43,42,3,-1,4,5,1,70,50,46
515,16,16,36,36,0,42,42,38,38,0,16,16,36,36,0,0.0005105687736138058,0.0005105687736138058,36,36,0,-1,3,3,8,1,39,88,66
516,0,616,1,100,99,0,94,1,48,47,0,94,1,68,67,0.0,0.02324789815854862,1,85,84,2,-1,3,9,1,31,50,7
517,72,72,54,54,0,208,208,74,74,0,72,72,55,55,0,0.0033357159876101976,0.0033357159876101976,51,51,0,-1,2,2,14,6,25,70,80
518,33,33,54,54,0,12,12,39,39,0,12,12,45,45,0,0.00616086320160659,0.00616086320160659,59,59,0,-1,4,4,2,8,93,57,92
519,49,665,51,100,49,66,66,48,48,0,49,65,51,58,7,0.0042547397801150485,0.007284114503556962,51,63,12,2,3,3,6,4,59,22,46
520,0,0,1,1,0,0,0,1,1,0,0,0,1,1,0,0.0,0.0,1,1,0,-1,-1,-1,11,0,19,93,96
521,0,616,1,100,99,0,56,1,37,36,0,42,1,51,50,0.0,0.0051397256543789785,1,55,54,2,-1,3,8,0,15,66,28
522,154,360,88,98,10,94,94,78,78,0,94,94,79,79,0,0.017495489975833077,0.019707954661492902,79,83,4,3,2,2,5,16,88,12,90
523,8,624,35,100,65,28,56,34,43,9,8,56,35,51,16,0.0005105687736138058,0.012798257258586064,33,72,39,2,4,3,6,2,56,63,37
524,78,78,56,56,0,206,206,76,76,0,78,78,56,56,0,0.008441403723748256,0.008441403723748256,66,66,0,-1,2,2,12,7,6,62,96
525,166,166,84,84,0,124,124,88,88,0,124,124,89,89,0,0.017393376221110316,0.017393376221110316,79,79,0,-1,2,2,6,8,41,8,97
526,266,266,96,96,0,256,256,96,96,0,256,256,96,96,0,0.024166921951053473,0.024166921951053473,85,85,0,-1,2,2,10,16,1,18,69
527,100,100,66,66,0,100,100,49,49,0,100,100,66,66,0,0.05218012866333095,0.0681439123183226,98,100,2,2,1,1,9,27,54,10,15
528,2,208,27,88,61,12,54,27,34,7,2,26,27,42,15,0.0,0.0048674223084516155,1,53,52,3,5,4,11,1,33,68,62
529,252,1896,95,100,5,64,88,64,79,15,64,88,67,80,13,0.03100854351747847,0.06998195990333231,90,99,9,1,3,2,4,29,77,1,6
530,94,196,72,91,19,64,64,70,70,0,64,64,70,70,0,0.01327478811395895,0.013853432724054596,73,73,0,4,3,3,4,9,84,27,74
531,392,598,100,100,0,120,120,100,100,0,120,120,100,100,0,0.0567752476258552,0.06821198815480445,99,99,0,3,2,2,3,36,58,2,5
532,22,1662,43,100,57,94,162,39,67,28,22,162,43,86,43,0.0013615167296368155,0.029034344259505088,41,90,49,1,3,2,13,2,13,74,1
533,0,101,1,80,79,0,3,1,24,23,0,1,1,24,23,0.0,6.807583648184077e-05,1,29,28,5,-1,6,3,1,87,50,4
534,0,616,1,99,98,0,80,1,40,39,0,48,1,54,53,0.0,0.00803294870485721,1,61,60,2,-1,3,12,0,14,96,34
535,0,616,1,100,99,0,64,1,37,36,0,53,1,55,54,0.0,0.005888559855679227,1,60,59,2,-1,3,11,1,38,45,24
536,14,220,41,93,52,12,12,36,36,0,12,12,37,37,0,0.0013955546478777359,0.007182000748834201,41,61,20,3,4,4,2,4,68,64,34
537,422,422,100,100,0,160,160,93,93,0,160,160,94,94,0,0.048844412675720754,0.048844412675720754,98,98,0,-1,2,2,7,36,62,2,67
538,54,260,55,94,39,72,72,49,49,0,54,60,55,57,2,0.006331052792811192,0.006399128629293032,57,58,1,3,3,3,7,4,62,38,4
539,100,100,58,58,0,100,100,35,35,0,100,100,59,59,0,0.027843017121072875,0.03655672419074849,89,92,3,2,1,1,17,18,20,5,33
540,56,56,51,51,0,98,98,53,53,0,56,56,52,52,0,0.0048674223084516155,0.0048674223084516155,52,52,0,-1,3,3,8,6,27,28,86
541,2,104,26,74,48,11,12,28,28,0,2,4,26,28,2,0.00010211375472276115,0.00017018959120460194,29,32,3,4,5,5,8,1,10,78,95
542,296,896,96,100,4,88,88,81,81,0,88,88,81,81,0,0.0337315769767521,0.043738724939582696,92,96,4,2,2,2,4,30,73,7,8
543,344,550,96,99,3,352,352,96,96,0,352,352,96,96,0,0.02644746247319514,0.031451036454610434,88,90,2,3,2,2,13,15,13,16,62
544,2,1642,27,100,73,14,130,28,65,37,2,130,27,82,55,6.807583648184077e-05,0.03917764389529936,28,95,67,1,5,2,11,1,38,68,7
545,28,234,51,91,40,50,50,49,49,0,28,50,51,54,3,0.002586881786309949,0.010858095918853602,48,71,23,3,3,3,5,3,61,54,33
546,22,1662,53,100,47,32,56,63,83,20,22,56,55,84,29,0.004901460226692535,0.0722965383437149,58,98,40,1,3,2,2,3,98,29,11
547,176,382,86,96,10,120,120,78,78,0,120,120,78,78,0,0.015351101126655093,0.016236087000919025,77,77,0,3,2,2,6,14,41,14,71
548,62,268,63,94,31,48,48,54,54,0,48,48,56,56,0,0.008373327887266415,0.009598692943939549,63,65,2,3,3,3,3,6,87,34,52
549,0,616,1,100,99,0,34,1,42,41,0,34,1,51,50,0.0,0.007318152421797883,1,58,57,2,-1,3,4,0,83,93,27
550,0,616,1,100,99,0,24,1,40,39,0,24,1,50,49,0.0,0.005241839409101739,1,56,55,2,-1,3,3,0,64,97,26
551,33,649,57,100,43,22,32,52,62,10,22,32,54,63,9,0.005105687736138058,0.022124646856598252,60,86,26,2,3,3,2,6,86,35,16
552,12,628,33,100,67,48,62,35,38,3,12,44,33,51,18,0.0009190237925048504,0.005105687736138058,39,54,15,2,4,3,10,3,12,51,28
553,0,616,1,100,99,0,58,1,39,38,0,58,1,60,59,0.0,0.009360427516253106,1,69,68,2,-1,3,8,0,39,59,19
554,226,826,92,100,8,230,230,89,89,0,230,230,92,92,0,0.019912182170938427,0.020933319718166036,79,81,2,2,2,2,12,18,3,30,61
555,260,876,95,100,5,120,120,85,85,0,120,120,87,87,0,0.029544913033118896,0.03533135913407536,89,94,5,2,2,2,6,22,74,9,34
556,16,222,35,89,54,90,90,45,45,0,16,23,35,44,9,0.0028932230504782326,0.004288777698355968,48,51,3,3,3,3,10,2,22,94,61
557,56,656,52,100,48,132,132,70,70,0,56,112,52,77,25,0.005684332346233704,0.014568229007113924,57,78,21,2,2,2,8,3,42,29,20
558,0,206,1,93,92,0,18,1,31,30,0,7,1,35,34,0.0,0.0011913271384322134,1,40,39,3,-1,4,5,0,45,96,61
559,16,16,46,46,0,22,22,48,48,0,16,16,47,47,0,0.0012594029749140542,0.0012594029749140542,40,40,0,-1,3,3,2,1,95,49,82
560,6,108,32,81,49,10,10,32,32,0,6,10,32,38,6,0.0002382654276864427,0.0009870996289866913,31,37,6,4,4,4,3,1,81,65,74
561,0,0,1,1,0,0,0,1,1,0,0,0,1,1,0,0.0,0.0,1,1,0,-1,-1,-1,14,0,17,59,76
562,126,228,77,90,13,136,136,77,77,0,126,136,78,82,4,0.011334626774226489,0.011402702610708328,72,72,0,4,2,2,7,8,24,17,63
563,57,673,53,100,47,50,50,45,45,0,50,50,52,52,0,0.004322815616596889,0.012287688484972258,53,76,23,2,3,3,5,6,52,35,27
564,188,804,91,100,9,110,110,82,82,0,110,110,83,83,0,0.019095272133156337,0.03002144388849178,83,91,8,2,2,2,6,18,56,5,17
565,0,206,1,91,90,0,30,1,34,33,0,30,1,47,46,0.0,0.006126825283365669,1,56,55,3,-1,4,5,0,52,80,44
566,146,246,86,94,8,54,54,56,56,0,54,54,57,57,0,0.0176997174852786,0.01773375540351952,81,81,0,4,3,3,4,16,67,12,4
567,548,650,100,100,0,288,288,100,100,0,288,288,100,100,0,0.046393682562374486,0.046904251335988294,97,97,0,4,2,2,9,40,31,3,42
568,0,1640,1,100,99,0,52,1,74,73,0,52,1,75,74,0.0,0.05486912420436366,1,97,96,1,-1,2,3,0,82,92,30
569,0,0,1,1,0,0,0,1,1,0,0,0,1,1,0,0.0,0.0,1,1,0,-1,-1,-1,9,0,26,87,40
570,6,212,33,94,61,30,30,40,40,0,6,30,33,51,18,0.0012934408931549745,0.0068075836481840775,40,61,21,3,4,4,5,1,49,71,24
571,46,662,48,100,52,96,106,42,54,12,46,62,48,54,6,0.0025188059498281084,0.004799346471969774,44,52,8,2,2,2,11,2,33,74,53
572,2,618,27,100,73,10,50,30,49,19,2,50,27,53,26,0.00017018959120460194,0.01157289220191293,30,71,41,2,5,3,5,1,37,4,19
573,540,746,100,100,0,224,224,96,96,0,224,224,96,96,0,0.04697232717247013,0.05030804316008033,97,98,1,3,2,2,8,40,42,3,35
574,58,264,68,98,30,32,32,63,63,0,32,32,65,65,0,0.010279451308757957,0.01143674052894925,69,72,3,3,3,3,2,6,98,77,52
575,100,100,63,63,0,100,100,39,39,0,100,100,63,63,0,0.04772116137377038,0.04772116137377038,98,98,0,-1,1,1,14,29,17,11,91
576,0,616,1,100,99,0,122,1,54,53,0,51,1,48,47,0.0,0.007454304094761564,1,61,60,2,-1,3,16,0,4,66,25
577,0,0,1,1,0,0,0,1,1,0,0,0,1,1,0,0.0,0.0,1,1,0,-1,-1,-1,4,0,79,40,99
578,6,108,29,70,41,25,25,30,30,0,6,6,29,29,0,0.0002042275094455223,0.0002382654276864427,32,32,0,4,4,4,11,1,5,65,60
579,28,644,49,100,51,60,60,48,48,0,28,60,49,60,11,0.002723033459273631,0.010517716736444398,50,69,19,2,3,3,5,6,63,70,48
580,126,126,81,81,0,120,120,80,80,0,120,120,81,81,0,0.015112835698968652,0.015112835698968652,76,76,0,-1,2,2,6,8,34,20,80
581,400,1000,97,100,3,288,288,95,95,0,288,288,95,95,0,0.033084856530174615,0.0405731985431771,91,94,3,2,2,2,12,27,3,10,33
582,120,120,77,77,0,120,120,78,78,0,120,120,78,78,0,0.009190237925048503,0.009190237925048503,70,70,0,-1,2,2,6,7,41,21,40
583,0,1640,1,100,99,0,72,1,48,47,0,58,1,56,55,0.0,0.01929949964260186,1,82,81,1,-1,2,7,0,62,84,72
584,6,6,28,28,0,18,18,28,28,0,6,6,28,28,0,0.00034037918240920387,0.00034037918240920387,30,30,0,-1,4,4,8,1,27,55,85
585,0,102,1,80,79,0,7,1,28,27,0,4,1,32,31,0.0,0.0008509479560230097,1,37,36,4,-1,5,4,1,73,69,51
586,24,230,44,93,49,68,68,42,42,0,24,30,44,46,2,0.0013274788113958951,0.0018380475850097008,40,44,4,3,3,3,8,4,39,64,88
587,0,0,1,1,0,0,0,1,1,0,0,0,1,1,0,0.0,0.0,1,1,0,-1,-1,-1,4,0,73,97,99
588,106,722,76,100,24,142,142,78,78,0,106,142,76,81,5,0.009394465434494027,0.031451036454610434,64,93,29,2,2,2,8,7,27,48,0
589,100,100,64,64,0,100,100,57,57,0,100,100,66,66,0,0.021614078082984444,0.03900745430409476,87,93,6,2,1,1,7,1,46,88,15
590,291,491,98,100,2,56,56,76,76,0,56,56,77,77,0,0.03638653459954389,0.04343238367541441,95,96,1,3,2,2,2,29,68,1,17
591,80,696,60,100,40,180,180,80,80,0,80,96,60,62,2,0.009564655025698629,0.012832295176826986,67,71,4,2,2,2,11,5,38,25,46
592,0,206,1,91,90,0,28,1,33,32,0,28,1,51,50,0.0,0.006501242384015794,1,60,59,3,-1,4,6,0,44,66,32
593,40,40,61,61,0,22,22,55,55,0,22,22,57,57,0,0.005548180673270023,0.005548180673270023,58,58,0,-1,3,3,2,6,97,41,91
594,110,726,75,100,25,148,148,76,76,0,110,148,75,87,12,0.00796487286837537,0.01412573606998196,61,74,13,2,2,2,9,6,29,13,21
595,40,246,45,90,45,188,188,71,71,0,40,46,45,47,2,0.0026889955410327104,0.002927260968719153,47,48,1,3,2,2,14,1,25,53,49
596,46,148,59,87,28,28,28,45,45,0,28,28,50,50,0,0.007726607440688927,0.008101024541339052,64,64,0,4,3,3,3,7,58,21,56
597,12,12,45,45,0,12,12,35,35,0,12,12,43,43,0,0.0012594029749140542,0.0012594029749140542,43,43,0,-1,4,4,2,3,86,51,81
598,371,577,97,100,3,184,184,96,96,0,184,184,96,96,0,0.03713536880084414,0.037543823819735186,92,92,0,3,2,2,7,29,46,0,42
599,134,134,80,80,0,176,176,85,85,0,134,134,80,80,0,0.008747744987916539,0.008747744987916539,64,64,0,-1,2,2,8,6,42,13,84
600,0,206,1,94,93,0,18,1,37,36,0,18,1,46,45,0.0,0.0053439531638245,1,57,56,3,-1,4,3,0,81,40,62
601,57,1697,56,100,44,82,116,56,75,19,57,116,56,79,23,0.005412029000306341,0.044589672895605705,54,97,43,1,3,2,7,6,62,35,3
602,26,26,47,47,0,94,94,39,39,0,26,26,47,47,0,0.0038462847612240037,0.0038462847612240037,51,51,0,-1,3,3,13,6,13,73,96
603,0,616,1,100,99,0,25,1,29,28,0,16,1,34,33,0.0,0.0018040096667687805,1,38,37,2,-1,3,8,1,27,69,65
604,2,208,27,90,63,10,36,27,32,5,2,26,27,45,18,6.807583648184077e-05,0.005446066918547262,27,58,31,3,5,4,8,1,39,78,57
605,42,248,52,92,40,132,132,64,64,0,40,44,49,53,4,0.0033357159876101976,0.0042547397801150485,51,54,3,3,3,3,12,6,14,41,71
606,16,222,35,91,56,138,138,61,61,0,16,58,35,53,18,0.003880322679464924,0.012219612648490419,52,73,21,3,3,3,13,1,13,90,20
607,223,429,90,98,8,160,160,86,86,0,160,160,88,88,0,0.02573266619013581,0.028421661731168522,87,89,2,3,2,2,7,20,24,23,22
608,107,313,84,100,16,32,32,71,71,0,32,32,71,71,0,0.015146873617209572,0.01858470335954253,76,81,5,3,3,3,2,15,99,19,35
609,196,812,88,100,12,176,176,75,75,0,176,176,87,87,0,0.020014295925661188,0.03002144388849178,83,90,7,2,3,3,11,16,33,18,19
610,100,100,79,79,0,100,100,98,98,0,100,100,98,98,0,0.07638108853262535,0.07644916436910719,99,99,0,5,1,1,2,2,95,58,65
611,115,216,77,92,15,96,96,60,60,0,96,96,69,69,0,0.01681473161101467,0.016916845365737433,81,81,0,5,3,3,6,12,44,37,65
612,0,206,1,87,86,0,68,1,34,33,0,22,1,38,37,0.0,0.0035059055788147996,1,50,49,3,-1,4,16,1,9,69,35
613,194,194,91,91,0,222,222,90,90,0,194,194,91,91,0,0.020456788862793153,0.020456788862793153,84,84,0,-1,2,2,10,12,36,37,91
614,58,160,72,93,21,22,22,55,55,0,22,22,57,57,0,0.006943735321147759,0.01147077844719017,63,73,10,4,3,3,2,13,97,24,31
615,161,161,94,94,0,32,32,67,67,0,32,32,68,68,0,0.028728002995336805,0.028728002995336805,90,90,0,-1,3,3,2,29,97,1,36
616,40,40,45,45,0,174,174,67,67,0,40,40,45,45,0,0.0048674223084516155,0.0048674223084516155,52,52,0,-1,2,2,15,1,7,90,97
617,100,100,70,70,0,100,100,73,73,0,100,100,74,74,0,0.025766704108376733,0.026175159127267776,88,88,0,3,1,1,6,3,71,43,49
618,128,128,77,77,0,214,214,83,83,0,128,128,77,77,0,0.006909697402906838,0.006909697402906838,56,56,0,-1,2,2,11,5,5,47,80
619,0,206,1,92,91,0,22,1,32,31,0,22,1,42,41,0.0,0.0053439531638245,1,57,56,3,-1,4,5,0,63,59,31
620,22,1662,42,100,58,46,80,37,53,16,22,80,42,56,14,0.0007828721195411688,0.026821879573845263,35,89,54,1,3,2,6,2,40,56,33
621,0,616,1,100,99,0,94,1,38,37,0,66,1,53,52,0.0,0.01334286395044079,1,75,74,2,-1,3,13,1,13,69,37
622,22,123,45,82,37,36,36,41,41,0,22,23,45,47,2,0.0020082371762143027,0.0020422750944552232,45,45,0,6,3,3,5,2,49,75,78
623,100,100,62,62,0,100,100,45,45,0,100,100,62,62,0,0.022839443139657578,0.023996732359848873,83,85,2,2,1,1,12,6,3,77,64
624,150,150,85,85,0,182,182,87,87,0,150,150,85,85,0,0.01501072194424589,0.01501072194424589,76,76,0,-1,2,2,9,8,31,17,50
625,22,228,46,94,48,34,34,44,44,0,22,34,46,54,8,0.0022465026039007454,0.006773545729943157,46,63,17,3,3,3,4,3,72,51,57
626,0,206,1,89,88,0,33,1,32,31,0,8,1,33,32,0.0,0.0004765308553728854,1,35,34,3,-1,4,12,0,3,87,63
627,102,302,78,95,17,104,104,82,82,0,104,104,83,83,0,0.011811157629599374,0.018925082541951733,75,82,7,3,2,2,5,9,50,27,39
628,0,1640,1,100,99,0,120,1,60,59,0,120,1,78,77,0.0,0.02379250485040335,1,86,85,1,-1,2,11,0,33,84,16
629,16,632,41,100,59,40,60,44,54,10,16,60,41,59,18,0.0028932230504782326,0.028591851322373123,48,87,39,2,3,3,5,3,70,46,10
630,0,101,1,79,78,0,5,1,24,23,0,1,1,24,23,0.0,0.00013615167296368154,1,29,28,5,-1,6,5,0,45,98,65
631,138,138,83,83,0,184,184,83,83,0,138,138,83,83,0,0.016440314510364547,0.016440314510364547,80,80,0,-1,2,2,10,9,1,39,84
632,46,148,54,84,30,90,90,65,65,0,46,50,54,56,2,0.006024711528642908,0.006262976956329351,60,61,1,4,2,2,6,3,74,29,56
633,100,100,64,64,0,100,100,59,59,0,100,100,64,64,0,0.02641342455495422,0.02641342455495422,88,88,0,-1,1,1,6,3,40,51,79
634,16,16,48,48,0,22,22,52,52,0,16,16,51,51,0,0.003437829742332959,0.003437829742332959,53,53,0,-1,3,3,2,1,98,90,66
635,134,134,81,81,0,166,166,87,87,0,134,134,82,82,0,0.012628067667381462,0.012628067667381462,74,74,0,-1,2,2,8,6,10,77,66
636,16,222,48,97,49,22,22,52,52,0,16,22,51,54,3,0.003437829742332959,0.02130773681881616,53,86,33,3,3,3,2,1,98,90,7
637,0,616,1,100,99,0,44,1,52,51,0,44,1,56,55,0.0,0.014772456516559448,1,79,78,2,-1,3,4,1,78,69,19
638,256,256,94,94,0,104,104,88,88,0,104,104,88,88,0,0.03066816433506927,0.03066816433506927,88,88,0,-1,2,2,5,22,88,9,40
639,8,624,37,100,63,10,28,32,45,13,8,28,37,50,13,0.00030634126416828345,0.014329963579427483,32,77,45,2,4,3,3,2,85,63,5
640,268,370,96,97,1,216,216,93,93,0,216,216,94,94,0,0.025188059498281085,0.025392287007726607,88,88,0,4,2,2,9,15,28,16,88
641,342,542,95,100,5,184,184,94,94,0,184,184,94,94,0,0.03526328329759352,0.04064127437965894,91,94,3,3,2,2,7,29,43,0,31
642,40,656,49,100,51,146,166,66,68,2,40,166,49,86,37,0.003369753905851118,0.01943565131556554,52,82,30,2,2,2,12,3,14,46,16
643,16,222,40,97,57,38,38,51,51,0,16,38,40,53,13,0.0038462847612240037,0.018754892950747133,51,79,28,3,3,3,3,1,94,90,9
644,32,648,47,100,53,80,90,42,45,3,32,90,47,62,15,0.002552843868069029,0.009564655025698629,47,68,21,2,3,3,10,2,36,75,24
645,266,466,95,99,4,240,240,98,98,0,240,240,98,98,0,0.023894618605126112,0.02631131080023146,86,87,1,3,2,2,9,16,23,18,47
646,0,206,1,93,92,0,10,1,31,30,0,10,1,37,36,0.0,0.0035739814152966403,1,50,49,3,-1,4,3,1,58,45,28
647,0,206,1,86,85,0,21,1,27,26,0,6,1,26,25,0.0,0.00017018959120460194,1,28,27,3,-1,4,14,1,25,50,95
648,0,0,1,1,0,0,0,1,1,0,0,0,1,1,0,0.0,0.0,1,1,0,-1,-1,-1,3,0,55,99,69
649,0,616,1,100,99,0,28,1,44,43,0,28,1,48,47,0.0,0.03454848701453419,1,94,93,2,-1,3,3,0,60,99,3
650,176,176,91,91,0,104,104,86,86,0,104,104,86,86,0,0.022635215630212056,0.022635215630212056,85,85,0,-1,2,2,5,17,45,6,40
651,32,648,43,100,57,136,136,64,64,0,32,92,43,64,21,0.005105687736138058,0.016406276592123625,54,76,22,2,3,3,11,3,33,29,39
652,455,455,99,99,0,256,256,100,100,0,256,256,100,100,0,0.04326219408420981,0.04326219408420981,96,96,0,-1,2,2,7,29,43,11,96
653,0,206,1,96,95,0,8,1,33,32,0,8,1,39,38,0.0,0.00439089145307873,1,54,53,3,-1,4,2,0,93,82,13
654,0,616,1,100,99,0,80,1,44,43,0,64,1,57,56,0.0,0.009870996289866912,1,70,69,2,-1,3,9,0,31,92,20
655,39,655,54,100,46,38,48,51,62,11,38,48,54,63,9,0.004493005207801491,0.01579359406378706,55,79,24,2,3,3,3,4,82,22,14
656,0,206,1,94,93,0,14,1,32,31,0,14,1,40,39,0.0,0.0030293747234419145,1,50,49,3,-1,4,3,0,66,85,26
657,6,6,29,29,0,17,17,28,28,0,6,6,29,29,0,3.4037918240920386e-05,3.4037918240920386e-05,28,28,0,-1,4,4,10,1,12,68,98
658,260,260,95,95,0,120,120,85,85,0,120,120,87,87,0,0.029544913033118896,0.029544913033118896,89,89,0,-1,2,2,6,22,74,9,69
659,0,0,1,1,0,0,0,1,1,0,0,0,1,1,0,0.0,0.0,1,1,0,-1,-1,-1,4,0,77,87,66
660,129,231,87,95,8,48,48,72,72,0,48,48,74,74,0,0.014329963579427483,0.014874570271282209,78,78,0,4,3,3,3,15,60,19,74
661,39,141,51,88,37,38,38,46,46,0,38,38,51,51,0,0.005377991082065421,0.005514142755029102,54,55,1,4,3,3,3,6,96,73,4
662,66,682,55,100,45,194,194,72,72,0,64,82,54,56,2,0.005650294427992784,0.006943735321147759,55,58,3,2,2,2,15,6,7,41,43
663,80,80,72,72,0,64,64,64,64,0,64,64,67,67,0,0.012083460975526737,0.012083460975526737,74,74,0,-1,3,3,4,9,77,27,79
664,58,58,57,57,0,74,74,64,64,0,58,58,57,57,0,0.005105687736138058,0.005105687736138058,54,54,0,-1,2,2,5,3,88,54,50
665,18,224,47,91,44,44,44,48,48,0,18,24,47,49,2,0.0018380475850097008,0.002552843868069029,44,49,5,3,3,3,4,2,83,61,71
666,60,676,66,100,34,48,48,63,63,0,48,48,64,64,0,0.005854521937438306,0.016202049082678104,60,78,18,2,3,3,3,6,82,28,19
667,12,12,45,45,0,8,8,34,34,0,12,12,45,45,0,0.0007828721195411688,0.0007828721195411688,38,38,0,-1,4,4,2,2,93,74,80
668,160,366,92,100,8,80,80,97,97,0,80,80,97,97,0,0.037850165083903466,0.04666598590830185,95,97,2,3,2,2,2,18,93,30,39
669,6,622,28,100,72,28,42,31,35,4,6,22,28,40,12,0.00017018959120460194,0.0018040096667687805,28,39,11,2,4,3,8,1,27,4,60
670,16,632,37,100,63,52,56,43,43,0,16,56,37,53,16,0.0007147962830593281,0.008747744987916539,36,67,31,2,3,3,6,1,41,49,17
671,1,617,26,100,74,6,76,26,53,27,1,76,26,65,39,3.4037918240920386e-05,0.03185949147350148,27,90,63,2,6,3,6,2,32,58,2
672,150,356,83,96,13,232,232,80,80,0,150,174,83,85,2,0.014432077334150244,0.019469689233806462,74,80,6,3,2,2,14,8,17,20,34
673,149,765,86,100,14,72,72,77,77,0,72,72,77,77,0,0.024337111542258077,0.036965179209639536,88,93,5,2,2,2,3,20,82,23,37
674,0,616,1,100,99,0,60,1,37,36,0,46,1,54,53,0.0,0.003778208924742163,1,51,50,2,-1,3,9,0,28,80,13
675,100,100,69,69,0,100,100,87,87,0,100,100,87,87,0,0.06341264168283468,0.06341264168283468,100,100,0,-1,1,1,4,18,83,5,45
676,2,208,27,92,65,6,18,29,37,8,2,18,27,46,19,0.0002042275094455223,0.007420266176520644,31,61,30,3,5,4,3,1,85,65,20
677,28,130,49,83,34,28,28,40,40,0,28,28,49,49,0,0.0020082371762143027,0.002995336805200994,44,50,6,4,3,3,3,3,82,43,51
678,128,334,78,94,16,126,126,69,69,0,126,126,78,78,0,0.00966676878042139,0.021341774737057083,68,84,16,3,2,2,7,9,24,31,6
679,6,107,32,84,52,12,12,35,35,0,6,7,32,36,4,0.0009870996289866913,0.0009870996289866913,38,38,0,5,4,4,2,1,98,71,95
680,18,224,45,93,48,28,28,40,40,0,18,28,45,48,3,0.0018380475850097008,0.005377991082065421,42,58,16,3,3,3,3,2,82,61,26
681,0,101,1,74,73,0,6,1,25,24,0,1,1,25,24,0.0,0.00010211375472276115,1,28,27,5,-1,6,6,0,41,93,68
682,200,800,92,100,8,206,206,95,95,0,200,206,95,95,0,0.017291262466387555,0.023179822322066782,80,84,4,2,2,2,9,9,23,27,31
683,6,622,28,100,72,32,46,35,38,3,6,46,28,49,21,0.0005446066918547262,0.007828721195411689,34,62,28,2,4,3,6,1,56,49,48
684,0,206,1,94,93,0,14,1,32,31,0,7,1,35,34,0.0,0.0011913271384322134,1,38,37,3,-1,4,3,0,66,96,61
685,100,716,76,100,24,78,78,75,75,0,78,78,77,77,0,0.011368664692467409,0.017972020831205963,71,84,13,2,2,2,4,7,77,21,73
686,110,316,75,95,20,158,158,78,78,0,110,158,75,87,12,0.009360427516253106,0.01232172640321318,67,71,4,3,2,2,9,7,29,21,41
687,0,616,1,100,99,0,46,1,33,32,0,32,1,45,44,0.0,0.0048674223084516155,1,55,54,2,-1,3,12,0,3,36,35
688,0,206,1,91,90,0,20,1,32,31,0,9,1,35,34,0.0,0.0015317063208414173,1,42,41,3,-1,4,6,0,44,79,54
689,100,100,63,63,0,100,100,47,47,0,100,100,63,63,0,0.050784574015453214,0.05796657476428742,97,98,1,2,1,1,10,29,36,11,48
690,182,388,88,98,10,242,242,80,80,0,182,200,88,90,2,0.010790020082371761,0.012253650566731339,68,72,4,3,2,2,14,9,8,31,43
691,74,176,66,91,25,78,78,72,72,0,78,78,75,75,0,0.007828721195411689,0.008645631233193778,63,65,2,4,2,2,4,6,47,26,71
692,142,348,87,98,11,118,118,93,93,0,118,118,93,93,0,0.0176997174852786,0.02219272269308009,80,85,5,3,2,2,5,9,45,39,47
693,12,12,37,37,0,8,8,32,32,0,12,12,37,37,0,0.0015317063208414173,0.0015317063208414173,44,44,0,-1,4,4,2,2,68,83,45
694,2,208,27,96,69,3,12,27,36,9,2,12,27,41,14,3.4037918240920386e-05,0.003267640151128357,28,49,21,3,5,4,2,1,99,95,54
695,100,100,65,65,0,100,100,45,45,0,100,100,65,65,0,0.05030804316008033,0.0622893903808843,98,100,2,2,1,1,10,29,12,1,16
696,112,318,85,98,13,48,48,67,67,0,48,48,70,70,0,0.017529527894074,0.019027196296674494,80,83,3,3,3,3,3,17,96,6,52
697,72,72,70,70,0,64,64,68,68,0,64,64,71,71,0,0.013444977705163553,0.013444977705163553,77,77,0,-1,3,3,4,8,72,20,84
698,0,616,1,100,99,0,66,1,42,41,0,53,1,54,53,0.0,0.008611593314952858,1,63,62,2,-1,3,9,0,26,86,44
699,0,206,1,88,87,0,20,1,29,28,0,9,1,34,33,0.0,0.0007147962830593281,1,35,34,3,-1,4,8,0,15,89,64
700,100,100,70,70,0,100,100,53,53,0,100,100,70,70,0,0.035025017869907075,0.0352292453793526,90,90,0,3,1,1,9,15,31,19,60
701,138,138,89,89,0,88,88,80,80,0,88,88,81,81,0,0.017052997038701112,0.017052997038701112,83,83,0,-1,2,2,4,15,77,19,96
702,181,797,93,100,7,72,72,80,80,0,72,72,80,80,0,0.02546036284420845,0.030566050580346504,90,91,1,2,2,2,3,15,66,16,46
703,2,2,27,27,0,4,4,27,27,0,2,2,27,27,0,3.4037918240920386e-05,3.4037918240920386e-05,26,26,0,-1,5,5,2,1,91,95,93
704,309,515,98,100,2,120,120,100,100,0,120,120,100,100,0,0.04499812791449675,0.04819769222914327,96,96,0,3,2,2,3,29,76,11,41
705,0,616,1,100,99,0,18,1,47,46,0,18,1,50,49,0.0,0.013615167296368155,1,78,77,2,-1,3,2,0,90,36,37
706,39,655,53,100,47,44,44,48,48,0,39,44,53,53,0,0.004629156880765172,0.012866333095067906,55,75,20,2,3,3,4,4,83,22,32
707,26,642,44,100,56,46,56,37,40,3,26,56,44,53,9,0.003914360597705844,0.02297559481262126,50,86,36,2,3,3,6,6,40,73,15
708,104,1744,82,100,18,38,62,55,78,23,38,62,58,78,20,0.011334626774226489,0.05180571156268083,73,97,24,1,3,2,3,14,76,32,19
709,180,281,96,100,4,32,32,71,71,0,32,32,71,71,0,0.03352734946730658,0.03352734946730658,95,95,0,6,3,3,2,27,99,10,68
710,38,38,52,52,0,38,38,51,51,0,38,38,54,54,0,0.0028932230504782326,0.0028932230504782326,50,50,0,-1,3,3,3,6,82,70,85
711,16,222,39,91,52,68,68,43,43,0,16,24,39,47,8,0.0018380475850097008,0.0035059055788147996,43,51,8,3,3,3,8,1,57,53,52
712,0,101,1,81,80,0,4,1,25,24,0,1,1,25,24,0.0,0.0,1,1,0,6,-1,7,4,0,72,80,58
713,40,656,45,100,55,130,164,60,65,5,40,112,45,75,30,0.0017018959120460194,0.011266550937744648,42,67,25,2,2,2,15,1,7,49,77
714,100,100,59,59,0,100,100,45,45,0,100,100,59,59,0,0.05262262160046292,0.06933523945675482,98,100,2,2,1,1,10,30,0,7,16
715,0,616,1,100,99,0,176,1,62,61,0,176,1,87,86,0.0,0.019571802988529223,1,82,81,2,-1,3,16,0,4,96,9
716,18,119,45,84,39,28,28,45,45,0,18,19,45,46,1,0.0015317063208414173,0.001599782157323258,44,44,0,6,3,3,3,2,60,61,78
717,46,662,56,100,44,28,28,45,45,0,28,28,49,49,0,0.006637394056979475,0.011606930120153852,57,73,16,2,3,3,3,6,60,13,46
718,100,100,59,59,0,100,100,45,45,0,100,100,59,59,0,0.05075053609721229,0.05122706695258518,97,97,0,3,1,1,10,29,0,1,42
719,8,214,38,94,56,20,24,36,39,3,8,24,38,52,14,0.0009530617107457708,0.004118588107151367,38,56,18,3,4,4,4,2,78,74,26
720,307,513,97,100,3,144,144,98,98,0,144,144,98,98,0,0.04098165356206814,0.0492528676946118,96,99,3,3,2,2,6,29,69,0,19
721,0,206,1,88,87,0,38,1,34,33,0,38,1,49,48,0.0,0.011811157629599374,1,72,71,3,-1,4,7,0,24,86,6
722,80,286,73,98,25,48,48,67,67,0,48,48,70,70,0,0.007352190340038803,0.013002484768031588,61,76,15,3,3,3,3,6,96,28,34
723,203,403,94,98,4,144,144,91,91,0,144,144,91,91,0,0.025766704108376733,0.026821879573845263,88,88,0,3,2,2,6,15,32,16,53
724,300,506,97,100,3,96,96,87,87,0,96,96,87,87,0,0.035569624561761805,0.039620136832431326,93,93,0,3,2,2,3,29,87,1,44
725,22,638,40,100,60,62,62,44,44,0,22,40,40,48,8,0.0022465026039007454,0.004629156880765172,39,51,12,2,3,3,6,2,71,61,74
726,22,638,41,100,59,70,80,41,42,1,22,44,41,52,11,0.0009190237925048504,0.0053099152455835805,37,55,18,2,3,3,9,2,23,74,51
727,163,163,88,88,0,72,72,77,77,0,72,72,77,77,0,0.017903944994724124,0.017903944994724124,82,82,0,-1,2,2,3,15,82,19,97
728,76,282,74,98,24,38,38,59,59,0,38,38,62,62,0,0.00789679703189353,0.011709043874876613,68,72,4,3,3,3,3,13,92,24,26
729,8,624,36,100,64,18,28,36,42,6,8,24,36,48,12,0.0002723033459273631,0.0051397256543789785,33,58,25,2,4,3,3,2,66,63,94
730,0,206,1,92,91,0,38,1,32,31,0,10,1,35,34,0.0,0.0013615167296368155,1,40,39,3,-1,4,11,0,19,92,54
731,0,616,1,100,99,0,28,1,42,41,0,28,1,49,48,0.0,0.01324075019571803,1,78,77,2,-1,3,3,0,96,98,12
732,0,616,1,100,99,0,80,1,44,43,0,54,1,55,54,0.0,0.006705469893461316,1,60,59,2,-1,3,9,1,28,45,72
733,76,282,63,96,33,70,70,58,58,0,70,70,64,64,0,0.008305252050784574,0.009530617107457708,67,67,0,3,3,3,5,7,63,21,54
734,126,742,77,100,23,136,136,77,77,0,126,136,78,82,4,0.011334626774226489,0.021716191837707205,72,84,12,2,2,2,7,8,24,17,77
735,132,1772,80,100,20,100,124,66,86,20,100,124,72,88,16,0.01415977398822288,0.04969536063174376,77,96,19,1,2,2,6,8,59,8,0
736,0,616,1,100,99,0,38,1,48,47,0,38,1,53,52,0.0,0.025324211171244768,1,88,87,2,-1,3,3,0,87,86,0
737,114,114,77,77,0,162,162,83,83,0,114,114,77,77,0,0.00803294870485721,0.00803294870485721,62,62,0,-1,2,2,9,6,29,28,66
738,14,14,41,41,0,12,12,36,36,0,12,12,37,37,0,0.0013955546478777359,0.0013955546478777359,41,41,0,-1,4,4,2,4,68,64,59
739,208,824,88,100,12,326,326,95,95,0,208,326,88,97,9,0.014364001497668403,0.031076619353960312,74,91,17,2,2,2,15,8,7,17,15
740,0,206,1,91,90,0,46,1,33,32,0,15,1,35,34,0.0,0.0026549576227917903,1,47,46,3,-1,4,11,0,38,89,41
741,198,198,92,92,0,80,80,74,74,0,80,80,75,75,0,0.02825147213996392,0.02825147213996392,86,86,0,-1,3,3,5,22,70,9,59
742,158,774,89,100,11,104,104,86,86,0,104,104,86,86,0,0.022601177711971135,0.02644746247319514,84,89,5,2,2,2,5,18,45,30,46
743,66,66,67,67,0,38,38,57,57,0,38,38,60,60,0,0.008169100377820893,0.008169100377820893,65,65,0,-1,3,3,3,9,85,31,87
744,192,808,86,100,14,320,320,95,95,0,192,254,86,90,4,0.012049423057285817,0.02011640968038395,70,79,9,2,2,2,14,7,25,21,20
745,0,101,1,75,74,0,6,1,25,24,0,1,1,25,24,0.0,0.0,1,1,0,6,-1,7,6,0,34,36,58
746,39,39,56,56,0,32,32,58,58,0,32,32,59,59,0,0.005241839409101739,0.005241839409101739,57,57,0,-1,3,3,2,4,68,22,79
747,26,127,53,86,33,34,34,44,44,0,25,25,53,53,0,0.0030634126416828346,0.0030634126416828346,50,50,0,6,3,3,4,6,72,41,68
748,6,6,31,31,0,17,17,31,31,0,6,6,31,31,0,6.807583648184077e-05,6.807583648184077e-05,30,30,0,-1,4,4,7,1,62,65,40
749,0,616,1,100,99,0,42,1,36,35,0,42,1,50,49,0.0,0.009462541270975866,1,64,63,2,-1,3,6,0,71,91,32
750,180,796,85,100,15,202,202,88,88,0,180,202,85,92,7,0.014738418598318526,0.01940161339732462,75,81,6,2,2,2,10,8,12,8,57
751,6,622,33,100,67,30,40,39,43,4,6,24,33,46,13,0.0005786446100956465,0.006126825283365669,34,56,22,2,4,3,5,2,88,42,83
752,114,320,80,94,14,132,132,77,77,0,132,132,82,82,0,0.010143299635794275,0.011062323428299126,70,72,2,3,2,2,8,9,57,31,54
753,102,102,74,74,0,192,192,72,72,0,102,102,74,74,0,0.008271214132543654,0.008271214132543654,65,65,0,-1,3,3,12,7,6,48,91
754,25,25,50,50,0,32,32,58,58,0,32,32,60,60,0,0.004595118962524252,0.004595118962524252,54,54,0,-1,3,3,2,6,91,73,97
755,100,100,66,66,0,100,100,66,66,0,100,100,69,69,0,0.06630586473331292,0.0672929643622996,100,100,0,3,1,1,7,40,62,3,71
756,136,237,79,91,12,238,238,87,87,0,136,137,79,80,1,0.009734844616903231,0.00976888253514415,64,64,0,5,2,2,11,4,5,72,68
757,60,60,55,55,0,76,76,54,54,0,60,60,55,55,0,0.008441403723748256,0.008441403723748256,65,65,0,-1,3,3,6,5,41,25,97
758,12,12,37,37,0,12,12,36,36,0,12,12,37,37,0,0.0004084550188910446,0.0004084550188910446,35,35,0,-1,4,4,2,2,68,63,36
759,208,414,92,98,6,222,222,92,92,0,208,222,92,94,2,0.02032063718982947,0.02117158514585248,85,85,0,3,2,2,10,12,0,37,64
760,0,0,1,1,0,0,0,1,1,0,0,0,1,1,0,0.0,0.0,1,1,0,-1,-1,-1,3,1,87,45,99
761,6,6,29,29,0,29,29,31,31,0,6,6,29,29,0,6.807583648184077e-05,6.807583648184077e-05,27,27,0,-1,4,4,12,1,3,60,79
762,0,206,1,95,94,0,8,1,31,30,0,8,1,37,36,0.0,0.008203138296061813,1,65,64,3,-1,4,2,0,95,67,27
763,0,206,1,91,90,0,20,1,29,28,0,20,1,40,39,0.0,0.011606930120153852,1,71,70,3,-1,4,4,0,67,99,12
764,77,77,64,64,0,56,56,44,44,0,56,56,52,52,0,0.007522379931243405,0.007522379931243405,61,61,0,-1,3,3,6,8,56,57,93
765,112,318,71,95,24,204,204,79,79,0,112,204,71,87,16,0.009224275843289425,0.01773375540351952,62,78,16,3,2,2,11,7,5,62,39
766,2,208,29,92,63,8,20,31,35,4,2,20,29,49,20,0.00030634126416828345,0.004288777698355968,33,52,19,3,5,4,4,1,77,65,47
767,0,206,1,92,91,0,27,1,29,28,0,8,1,33,32,0.0,0.0007488342013002485,1,37,36,3,-1,4,12,0,6,87,74
768,46,46,51,51,0,84,84,59,59,0,46,46,51,51,0,0.003369753905851118,0.003369753905851118,50,50,0,-1,2,2,5,2,52,61,86
769,138,344,85,98,13,134,134,88,88,0,134,134,89,89,0,0.013479015623404473,0.014432077334150244,73,77,4,3,2,2,6,9,59,31,71
770,6,1646,33,100,67,12,56,37,81,44,6,56,33,81,48,0.0007488342013002485,0.07893393240069438,38,99,61,1,4,2,2,2,89,42,3
771,56,1696,53,100,47,144,168,76,81,5,56,168,53,84,31,0.010007147962830594,0.02648150039143606,70,87,17,1,3,2,9,5,54,25,35
772,0,616,1,100,99,0,18,1,47,46,0,18,1,48,47,0.0,0.009088124170325743,1,67,66,2,-1,3,2,0,93,99,24
773,0,206,1,91,90,0,60,1,31,30,0,12,1,31,30,0.0,0.0017359338302869397,1,41,40,3,-1,4,16,0,4,85,52
774,410,1026,99,100,1,254,254,100,100,0,254,254,100,100,0,0.03744171006501242,0.039415909322985804,95,96,1,2,2,2,9,29,23,0,52
775,2,2,28,28,0,8,8,28,28,0,2,2,28,28,0,0.0002723033459273631,0.0002723033459273631,32,32,0,-1,5,5,6,1,69,55,84
776,0,616,1,100,99,0,40,1,44,43,0,40,1,51,50,0.0,0.01575955614554614,1,79,78,2,-1,3,5,1,37,45,23
777,68,684,68,100,32,62,72,80,84,4,62,72,81,84,3,0.00976888253514415,0.03335715987610198,69,94,25,2,2,2,3,7,94,62,7
778,0,616,1,99,98,0,98,1,42,41,0,98,1,64,63,0.0,0.010483678818203479,1,70,69,2,-1,3,11,0,33,82,14
779,88,704,59,100,41,164,164,73,73,0,88,116,59,76,17,0.007113924912352361,0.012083460975526737,59,71,12,2,2,2,10,7,18,62,72
780,100,100,64,64,0,100,100,57,57,0,100,100,65,65,0,0.020695054290479593,0.030804316008032948,83,89,6,2,1,1,8,1,10,90,19
781,80,181,65,90,25,68,68,72,72,0,68,68,74,74,0,0.010177337554035196,0.010177337554035196,66,66,0,5,2,2,4,6,67,73,95
782,87,703,65,100,35,66,66,47,47,0,66,66,55,55,0,0.006433166547533953,0.0156914803090643,55,79,24,2,3,3,6,8,71,57,14
783,2,103,27,77,50,10,10,27,27,0,2,3,27,29,2,6.807583648184077e-05,6.807583648184077e-05,29,29,0,5,5,5,9,1,35,78,95
784,16,16,44,44,0,28,28,44,44,0,16,16,43,43,0,0.0018040096667687805,0.0018040096667687805,44,44,0,-1,3,3,3,2,76,94,81
785,100,100,72,72,0,100,100,77,77,0,100,100,77,77,0,0.036454610436025735,0.037679975492698865,94,94,0,3,1,1,6,6,69,73,53
786,100,100,66,66,0,100,100,66,66,0,100,100,69,69,0,0.04200279110929576,0.043534497430137174,97,97,0,3,1,1,7,16,62,12,83
787,0,616,1,100,99,0,30,1,34,33,0,22,1,40,39,0.0,0.003608019333537561,1,47,46,2,-1,3,6,0,56,80,29
788,64,680,56,100,44,130,130,65,65,0,64,130,56,83,27,0.006637394056979475,0.018176248340651485,60,79,19,2,3,3,10,4,22,72,5
789,32,1672,42,100,58,124,158,60,65,5,32,140,42,82,40,0.0013615167296368155,0.018006058749446885,41,77,36,1,3,2,14,2,25,52,33
790,0,616,1,100,99,0,100,1,44,43,0,100,1,63,62,0.0,0.015180911535450491,1,78,77,2,-1,3,10,0,18,79,5
791,388,594,100,100,0,224,224,99,99,0,224,224,99,99,0,0.03887130263113108,0.03992647809659961,95,95,0,3,2,2,8,27,39,10,51
792,290,496,96,100,4,96,96,87,87,0,96,96,87,87,0,0.03553558664352088,0.041219918989754585,92,94,2,3,2,2,3,29,87,11,25
793,70,686,64,100,36,96,96,70,70,0,70,96,65,74,9,0.007113924912352361,0.018754892950747133,63,85,22,2,3,3,6,5,32,47,39
794,170,770,88,100,12,86,86,56,56,0,86,86,66,66,0,0.019163347969638176,0.02651553830967698,83,90,7,2,3,3,6,17,59,6,20
795,24,126,51,86,35,34,34,44,44,0,24,26,51,53,2,0.0015317063208414173,0.0019741992579733825,43,45,2,4,3,3,4,4,72,64,42
796,6,6,29,29,0,21,21,29,29,0,6,6,29,29,0,0.0,0.0,1,1,0,-1,4,4,10,1,11,95,91
797,100,100,64,64,0,100,100,44,44,0,100,100,64,64,0,0.04738078219136117,0.05602641342455495,98,100,2,2,1,1,13,29,13,11,30
798,0,616,1,100,99,0,30,1,42,41,0,30,1,51,50,0.0,0.011096361346540046,1,74,73,2,-1,3,4,0,47,79,12
799,6,212,29,88,59,16,30,29,33,4,6,20,29,41,12,6.807583648184077e-05,0.0032336022328874367,27,49,22,3,4,4,7,1,24,95,22
800,257,463,95,100,5,54,54,56,56,0,54,54,57,57,0,0.028693965077095884,0.03298274277545185,90,91,1,3,3,3,4,29,67,1,34
801,0,206,1,91,90,0,20,1,29,28,0,20,1,40,39,0.0,0.0031314884781646754,1,45,44,3,-1,4,4,1,67,45,28
802,1,1641,25,100,75,5,74,25,68,43,1,74,25,73,48,3.4037918240920386e-05,0.041083767316790906,26,96,70,1,6,2,5,1,45,68,0
803,60,266,57,95,38,86,86,57,57,0,60,86,58,65,7,0.005514142755029102,0.010211375472276116,56,68,12,3,3,3,6,5,65,47,72
804,130,130,80,80,0,112,112,92,92,0,112,112,92,92,0,0.017018959120460194,0.017018959120460194,81,81,0,-1,2,2,4,8,83,17,82
805,20,20,45,45,0,32,32,58,58,0,32,32,60,60,0,0.0022465026039007454,0.0022465026039007454,46,46,0,-1,3,3,2,3,91,43,79
806,0,1640,1,100,99,0,52,1,77,76,0,52,1,79,78,0.0,0.038258620102794516,1,95,94,1,-1,2,3,0,85,67,62
807,32,648,43,100,57,120,134,57,62,5,32,134,43,82,39,0.0029612988869600733,0.014874570271282209,48,75,27,2,3,3,14,2,17,75,18
808,36,652,53,100,47,28,38,43,51,8,28,38,50,54,4,0.0038462847612240037,0.018074134585928724,52,83,31,2,3,3,3,6,66,41,12
809,77,1717,71,100,29,78,112,75,95,20,78,112,77,95,18,0.010245413390517035,0.05017189148711665,68,96,28,1,2,2,4,8,77,57,6
810,0,101,1,81,80,0,3,1,24,23,0,1,1,24,23,0.0,0.00017018959120460194,1,31,30,5,-1,6,3,0,96,89,55
811,8,8,37,37,0,18,18,38,38,0,8,8,37,37,0,0.0004765308553728854,0.0004765308553728854,37,37,0,-1,4,4,3,2,76,56,98
812,116,732,77,100,23,104,104,80,80,0,104,104,81,81,0,0.013513053541645392,0.019163347969638176,74,80,6,2,2,2,5,8,63,17,47
813,6,622,31,100,69,14,38,33,51,18,6,38,31,54,23,0.00034037918240920387,0.03002144388849178,34,93,59,2,4,3,3,1,66,49,3
814,28,644,47,100,53,42,76,38,51,13,28,76,47,61,14,0.0013955546478777359,0.017359338302869398,41,80,39,2,3,3,6,4,65,64,30
815,268,884,93,100,7,232,232,91,91,0,232,232,93,93,0,0.025868817863099493,0.029715102624323496,89,91,2,2,2,2,10,15,22,16,46
816,0,206,1,92,91,0,14,1,34,33,0,14,1,42,41,0.0,0.007862759113652609,1,65,64,3,-1,4,3,0,76,67,32
817,16,632,36,100,64,60,80,38,44,6,16,80,36,58,22,0.0011232513019503727,0.012219612648490419,39,75,36,2,3,3,9,1,28,71,19
818,8,8,41,41,0,8,8,35,35,0,8,8,41,41,0,0.0013615167296368155,0.0013615167296368155,42,42,0,-1,4,4,2,3,97,51,99
819,6,6,29,29,0,32,32,34,34,0,6,6,29,29,0,0.0007488342013002485,0.0007488342013002485,38,38,0,-1,4,4,8,2,10,42,84
820,22,638,40,99,59,114,128,58,58,0,22,79,40,54,14,0.002484768031587188,0.008135062459579971,46,57,11,2,3,3,17,2,20,83,57
821,100,100,69,69,0,100,100,69,69,0,100,100,71,71,0,0.042989890738282445,0.04578100003403792,96,96,0,3,1,1,6,9,34,39,13
822,87,703,60,100,40,104,114,64,66,2,87,114,60,78,18,0.008373327887266415,0.013683243132849994,65,74,9,2,3,3,9,8,35,44,38
823,150,150,84,84,0,112,112,92,92,0,112,112,92,92,0,0.017121072875182955,0.017121072875182955,79,79,0,-1,2,2,4,8,53,17,99
824,6,108,33,82,49,24,24,38,38,0,6,8,33,37,4,0.0011232513019503727,0.0015657442390823377,41,43,2,4,4,4,4,1,72,71,42
825,36,36,51,51,0,38,38,59,59,0,38,38,62,62,0,0.004799346471969774,0.004799346471969774,52,52,0,-1,3,3,3,6,92,41,79
826,0,206,1,90,89,0,14,1,29,28,0,6,1,27,26,0.0,0.0013615167296368155,1,40,39,3,-1,4,5,0,50,92,94
827,16,632,41,100,59,28,28,42,42,0,16,28,41,50,9,0.0014636304843595766,0.020831205963443275,42,85,43,2,3,3,3,1,64,71,10
828,12,628,32,100,68,24,76,30,54,24,12,76,32,59,27,0.0005446066918547262,0.03335715987610198,31,93,62,2,4,3,6,2,51,63,3
829,32,648,44,100,56,110,120,58,59,1,32,75,44,54,10,0.0017359338302869397,0.007386228258279724,43,59,16,2,3,3,10,2,0,52,57
830,318,318,94,94,0,152,152,96,96,0,152,152,96,96,0,0.038394771775758195,0.038394771775758195,91,91,0,-1,2,2,5,29,61,0,84
831,50,1690,64,100,36,28,52,46,80,34,28,52,53,81,28,0.005820484019197386,0.05769427141836005,60,98,38,1,3,2,3,5,81,47,10
832,6,6,29,29,0,19,19,29,29,0,6,6,29,29,0,0.00017018959120460194,0.00017018959120460194,31,31,0,-1,4,4,8,1,42,65,76
833,0,206,1,93,92,0,14,1,34,33,0,14,1,42,41,0.0,0.006024711528642908,1,57,56,3,-1,4,3,0,92,81,57
834,246,348,95,96,1,144,144,92,92,0,144,144,92,92,0,0.024064808196330712,0.024303073624017155,87,87,0,4,2,2,6,19,48,15,55
835,74,690,62,100,38,90,100,58,67,9,73,100,62,72,10,0.006262976956329351,0.029749140542564417,58,89,31,2,2,2,6,6,48,41,7
836,0,616,1,100,99,0,24,1,42,41,0,24,1,48,47,0.0,0.010517716736444398,1,66,65,2,-1,3,3,0,58,98,32
837,146,352,85,97,12,128,128,93,93,0,128,128,93,93,0,0.01664454201981007,0.016984921202219273,77,78,1,3,2,2,5,8,70,17,4
838,1,1,26,26,0,5,5,26,26,0,1,1,26,26,0,3.4037918240920386e-05,3.4037918240920386e-05,26,26,0,-1,6,6,5,1,88,68,92
839,2,618,26,100,74,7,52,26,39,13,2,52,26,50,24,0.00010211375472276115,0.017869907076483203,27,80,53,2,5,3,6,1,56,78,9
840,2,1642,27,100,73,10,88,27,46,19,2,88,27,66,39,6.807583648184077e-05,0.022124646856598252,27,85,58,1,5,2,8,1,39,78,32
841,0,206,1,89,88,0,30,1,35,34,0,30,1,51,50,0.0,0.012730181422104225,1,74,73,3,-1,4,5,0,61,86,16
842,0,206,1,93,92,0,24,1,37,36,0,24,1,49,48,0.0,0.005616256509751864,1,57,56,3,-1,4,4,0,73,96,21
843,6,622,28,100,72,21,126,28,58,30,6,105,28,74,46,0.00013615167296368154,0.012253650566731339,28,71,43,2,4,3,16,2,9,58,5
844,138,344,84,96,12,100,100,66,66,0,100,100,72,72,0,0.010041185881071514,0.011300588855985567,68,72,4,3,2,2,6,9,44,31,52
845,7,107,36,81,45,10,10,32,32,0,7,7,36,36,0,0.0004765308553728854,0.0005446066918547262,35,35,0,5,4,4,3,2,58,56,4
846,16,632,38,100,62,36,36,40,40,0,16,36,38,50,12,0.0004765308553728854,0.008339289969025495,35,66,31,2,3,3,5,1,37,49,17
847,32,648,44,100,56,64,88,40,48,8,32,88,44,60,16,0.0012253650566731338,0.014772456516559448,37,73,36,2,3,3,8,2,27,74,5
848,260,362,93,95,2,272,272,94,94,0,272,272,94,94,0,0.021035433472888797,0.02110350930937064,86,86,0,4,2,2,11,17,33,6,65
849,233,849,99,100,1,56,56,82,82,0,56,56,82,82,0,0.037373634228530586,0.05235031825453555,96,98,2,2,2,2,2,29,89,11,16
850,43,659,55,100,45,38,48,53,61,8,38,48,55,63,8,0.005207801490860819,0.034105994077402224,58,93,35,2,3,3,3,6,64,35,3
851,202,202,86,86,0,190,190,74,74,0,190,190,87,87,0,0.01330882603219987,0.01330882603219987,73,73,0,-1,2,2,11,14,5,32,82
852,0,0,1,1,0,0,0,1,1,0,0,0,1,1,0,0.0,0.0,1,1,0,-1,-1,-1,9,0,23,97,84
853,391,1007,99,100,1,208,208,100,100,0,208,208,100,100,0,0.039449947241226725,0.059668470676333435,95,99,4,2,2,2,7,29,62,11,7
854,46,662,48,100,52,116,130,58,60,2,46,64,48,53,5,0.002927260968719153,0.0042547397801150485,49,53,4,2,2,2,14,2,25,83,61
855,94,300,67,94,27,90,90,61,61,0,94,90,67,66,-1,0.007284114503556962,0.01065386840940808,61,70,9,3,2,2,6,5,41,47,13
856,14,115,47,84,37,12,12,35,35,0,12,12,43,43,0,0.0026889955410327104,0.0026889955410327104,51,51,0,5,4,4,2,6,86,70,95
857,0,0,1,1,0,0,0,1,1,0,0,0,1,1,0,0.0,0.0,1,1,0,-1,-1,-1,7,0,24,92,97
858,207,309,93,98,5,112,112,94,94,0,112,112,94,94,0,0.02644746247319514,0.02733244834745907,87,89,2,4,2,2,4,19,78,15,51
859,2,2,26,26,0,10,10,27,27,0,2,2,26,26,0,3.4037918240920386e-05,3.4037918240920386e-05,26,26,0,-1,5,5,8,1,30,68,79
860,132,748,82,100,18,264,264,93,93,0,132,204,82,91,9,0.011981347220803976,0.021409850573538922,72,82,10,2,2,2,12,5,6,25,20
861,44,44,57,57,0,38,38,59,59,0,38,38,62,62,0,0.006875659484665918,0.006875659484665918,62,62,0,-1,3,3,3,4,92,72,86
862,80,696,65,100,35,64,64,59,59,0,64,64,63,63,0,0.005480104836788182,0.010517716736444398,56,70,14,2,3,3,4,5,53,47,90
863,72,278,61,93,32,138,138,75,75,0,72,138,61,81,20,0.00439089145307873,0.012015385139044895,54,74,20,3,2,2,9,6,31,70,33
864,0,0,1,1,0,0,0,1,1,0,0,0,1,1,0,0.0,0.0,1,1,0,-1,-1,-1,11,1,5,69,98
865,100,100,64,64,0,100,100,59,59,0,100,100,64,64,0,0.02641342455495422,0.02641342455495422,88,88,0,-1,1,1,6,3,40,51,89
866,115,321,72,95,23,164,164,69,69,0,115,164,72,83,11,0.007216038667075122,0.013547091459886314,57,74,17,3,2,2,11,6,5,35,34
867,246,246,93,93,0,64,64,63,63,0,64,64,64,64,0,0.03179141563701964,0.03179141563701964,90,90,0,-1,3,3,4,29,79,0,98
868,0,616,1,100,99,0,128,1,59,58,0,87,1,55,54,0.0,0.011913271384322134,1,67,66,2,-1,3,16,0,9,87,37
869,44,44,53,53,0,50,50,48,48,0,44,44,53,53,0,0.005956635692161067,0.005956635692161067,59,59,0,-1,3,3,5,4,49,38,36
870,40,246,50,91,41,57,66,43,43,0,40,46,50,51,1,0.004186663943633207,0.007011811157629599,53,58,5,3,2,2,6,1,40,55,90
871,0,1640,1,100,99,0,118,1,71,70,0,118,1,81,80,0.0,0.033935804486197624,1,92,91,1,-1,2,9,0,23,82,10
872,122,322,80,96,16,66,66,51,51,0,66,66,62,62,0,0.0123557643214541,0.014874570271282209,74,75,1,3,3,3,6,14,34,14,22
873,0,0,1,1,0,0,0,1,1,0,0,0,1,1,0,0.0,0.0,1,1,0,-1,-1,-1,8,0,39,87,45
874,304,920,94,100,6,128,128,93,93,0,128,128,93,93,0,0.03158718812757412,0.044759862486810305,88,96,8,2,2,2,5,22,80,9,18
875,183,383,91,100,9,96,96,95,95,0,96,96,95,95,0,0.029749140542564417,0.03284659110248817,89,92,3,3,2,2,3,16,60,18,22
876,108,209,78,90,12,86,86,62,62,0,86,86,65,65,0,0.012594029749140543,0.012594029749140543,73,73,0,5,3,3,6,8,74,8,68
877,16,16,33,33,0,94,94,37,37,0,16,16,33,33,0,0.0007147962830593281,0.0007147962830593281,36,36,0,-1,3,3,16,2,4,42,50
878,170,170,87,87,0,86,86,57,57,0,86,86,66,66,0,0.018788930868988054,0.018788930868988054,81,81,0,-1,3,3,6,17,65,6,85
879,296,1936,94,100,6,288,312,95,96,1,288,312,95,96,1,0.021069471391129718,0.034718676605738796,81,91,10,1,2,2,12,16,3,12,44
880,144,144,84,84,0,182,182,82,82,0,144,144,84,84,0,0.011198475101262807,0.011198475101262807,71,71,0,-1,2,2,9,7,28,21,97
881,6,6,29,29,0,27,27,32,32,0,6,6,29,29,0,6.807583648184077e-05,6.807583648184077e-05,28,28,0,-1,4,4,8,1,15,95,76
882,64,166,55,85,30,128,128,69,69,0,64,66,55,56,1,0.007216038667075122,0.007352190340038803,61,61,0,4,3,3,8,4,42,72,65
883,64,680,58,100,42,140,140,70,70,0,64,110,58,75,17,0.00622893903808843,0.011504816365431091,59,71,12,2,3,3,10,7,12,62,47
884,0,1640,1,100,99,0,126,1,62,61,0,126,1,81,80,0.0,0.020899281799925118,1,82,81,1,-1,2,11,0,38,89,19
885,91,297,67,95,28,94,94,68,68,0,94,94,71,71,0,0.008543517478471017,0.013615167296368155,66,76,10,3,2,2,5,8,50,57,48
886,0,0,1,1,0,0,0,1,1,0,0,0,1,1,0,0.0,0.0,1,1,0,-1,-1,-1,2,0,97,84,76
887,101,717,74,100,26,250,270,79,82,3,101,175,74,87,13,0.007352190340038803,0.016202049082678104,61,78,17,2,2,2,16,8,4,57,27
888,0,206,1,92,91,0,18,1,37,36,0,18,1,46,45,0.0,0.008407365805507334,1,65,64,3,-1,4,3,0,85,79,17
889,40,656,50,100,50,150,150,65,65,0,40,106,50,70,20,0.0026549576227917903,0.009462541270975866,48,65,17,2,2,2,11,1,5,53,24
890,76,1716,56,100,44,142,186,62,71,9,76,186,56,88,32,0.005888559855679227,0.023009632730862182,56,83,27,1,2,2,13,6,13,35,14
891,87,1727,61,100,39,118,142,66,70,4,87,142,61,81,20,0.00803294870485721,0.039824364341876854,62,95,33,1,3,2,8,8,15,44,0
892,0,616,1,100,99,0,56,1,43,42,0,42,1,54,53,0.0,0.007556417849484326,1,64,63,2,-1,3,6,0,34,93,25
893,42,658,57,100,43,46,56,81,81,0,42,56,81,81,0,0.010007147962830594,0.02757071377514551,70,89,19,2,2,2,2,2,89,74,9
894,0,616,1,100,99,0,60,1,48,47,0,60,1,53,52,0.0,0.008339289969025495,1,61,60,2,-1,3,5,0,52,84,21
895,24,126,48,87,39,28,28,44,44,0,24,28,49,50,1,0.0016678579938050988,0.002280540522141666,42,45,3,4,3,3,3,4,92,64,51
896,0,0,1,1,0,0,0,1,1,0,0,0,1,1,0,0.0,0.0,1,1,0,-1,-1,-1,6,0,74,81,80
897,22,228,43,92,49,54,54,39,39,0,22,54,43,55,12,0.0012934408931549745,0.009870996289866912,41,66,25,3,3,3,8,2,21,74,32
898,72,174,73,91,18,48,48,73,73,0,48,48,75,75,0,0.013717281051090916,0.013955546478777357,75,75,0,4,3,3,3,8,92,20,49
899,8,214,40,96,56,8,8,34,34,0,8,8,40,40,0,0.000442492937131965,0.0028932230504782326,36,47,11,3,4,4,2,2,93,63,29
900,16,222,36,91,55,70,70,54,54,0,16,70,36,59,23,0.003948398515946765,0.01678069369277375,53,81,28,3,3,3,5,1,61,90,16
901,1,1641,26,100,74,6,66,26,48,22,1,54,26,57,31,3.4037918240920386e-05,0.020150447598624867,28,83,55,1,6,2,6,1,44,78,22
902,0,616,1,100,99,0,22,1,41,40,0,22,1,44,43,0.0,0.023315973995030465,1,88,87,2,-1,3,2,0,91,76,11
903,100,100,67,67,0,100,100,54,54,0,100,100,67,67,0,0.03168930188229688,0.03846284761224004,92,97,5,2,1,1,8,8,27,20,34
904,0,0,1,1,0,0,0,1,1,0,0,0,1,1,0,0.0,0.0,1,1,0,-1,-1,-1,2,1,89,69,86
905,2,1642,29,100,71,8,78,31,74,43,2,78,29,76,47,0.0002382654276864427,0.04915075393988903,32,97,65,1,5,2,4,1,77,55,11
906,0,616,1,100,99,0,56,1,40,39,0,56,1,55,54,0.0,0.011606930120153852,1,70,69,2,-1,3,9,0,26,79,19
907,0,101,1,71,70,0,7,1,25,24,0,1,1,25,24,0.0,0.0,1,1,0,5,-1,6,7,0,46,89,65
908,16,632,34,100,66,42,156,32,66,34,16,133,34,79,45,0.0002042275094455223,0.015419176963136935,32,77,45,2,3,3,16,1,9,95,18
909,241,857,92,100,8,232,232,92,92,0,232,232,93,93,0,0.018754892950747133,0.022396950202525613,82,83,1,2,2,2,10,15,1,19,28
910,150,150,85,85,0,148,148,79,79,0,148,148,84,84,0,0.010721944245889922,0.010721944245889922,71,71,0,-1,2,2,9,13,31,24,50
911,24,125,49,79,30,68,68,46,46,0,24,24,49,49,0,0.0014295925661186562,0.0014295925661186562,43,43,0,5,3,3,8,3,21,43,68
912,46,252,63,97,34,22,22,49,49,0,22,22,53,53,0,0.004288777698355968,0.007760645358929848,54,67,13,3,3,3,2,6,90,28,47
913,100,100,61,61,0,100,100,44,44,0,100,100,61,61,0,0.024337111542258077,0.025256135334762925,87,89,2,3,1,1,12,14,6,14,64
914,40,656,44,100,56,168,178,68,69,1,40,97,44,59,15,0.002484768031587188,0.00878178290615746,47,64,17,2,2,2,14,1,8,53,44
915,2,208,29,94,65,3,8,29,32,3,2,8,29,37,8,0.0002042275094455223,0.0018040096667687805,32,43,11,3,5,4,2,1,90,55,53
916,0,616,1,100,99,0,53,1,33,32,0,28,1,42,41,0.0,0.0014636304843595766,1,39,38,2,-1,3,14,0,17,99,43
917,432,2072,99,100,1,200,224,93,98,5,200,224,93,98,5,0.037373634228530586,0.05548180673270023,97,99,2,1,2,2,8,30,27,7,21
918,278,278,96,96,0,224,224,98,98,0,224,224,98,98,0,0.027264372510977228,0.027264372510977228,88,88,0,-1,2,2,8,15,10,16,67
919,100,100,64,64,0,100,100,44,44,0,100,100,64,64,0,0.028047244630518397,0.05408625208482249,90,100,10,2,1,1,13,8,13,8,0
920,6,212,31,97,66,12,12,37,37,0,6,12,31,41,10,0.0005786446100956465,0.004118588107151367,35,50,15,3,4,4,2,1,99,49,13
921,32,32,46,46,0,46,46,37,37,0,32,32,46,46,0,0.0028932230504782326,0.0028932230504782326,46,46,0,-1,3,3,6,2,40,75,50
922,0,616,1,100,99,0,68,1,40,39,0,62,1,55,54,0.0,0.012219612648490419,1,73,72,2,-1,3,8,0,10,82,17
923,144,744,82,100,18,224,224,88,88,0,144,224,82,90,8,0.010075223799312433,0.018142210422410564,70,80,10,2,2,2,11,7,33,21,8
924,475,1075,99,100,1,216,216,99,99,0,216,216,99,99,0,0.04697232717247013,0.05657102011640968,95,99,4,2,2,2,6,40,48,3,8
925,100,100,62,62,0,100,100,45,45,0,100,100,62,62,0,0.04200279110929576,0.04200279110929576,95,95,0,-1,1,1,12,15,3,16,99
926,522,1138,100,100,0,472,472,100,100,0,472,472,100,100,0,0.03716940671908506,0.03921168181354028,95,95,0,2,2,2,16,29,4,0,53
927,100,100,75,75,0,100,100,89,89,0,100,100,89,89,0,0.060213077368188164,0.07277306919908778,98,100,2,2,1,1,4,19,73,15,25
928,0,616,1,100,99,0,158,1,65,64,0,158,1,86,85,0.0,0.03213179481942884,1,93,92,2,-1,3,13,0,13,66,2
929,0,0,1,1,0,0,0,1,1,0,0,0,1,1,0,0.0,0.0,1,1,0,-1,-1,-1,14,0,16,93,59
930,150,1750,80,100,20,166,166,84,84,0,150,166,84,84,0,0.01412573606998196,0.049218829776370876,73,99,26,1,2,2,8,8,27,17,3
931,128,128,82,82,0,90,90,71,71,0,90,90,73,73,0,0.01412573606998196,0.01412573606998196,77,77,0,-1,2,2,6,14,69,32,79
932,100,100,63,63,0,100,100,56,56,0,100,100,63,63,0,0.07488342013002484,0.07604070935021615,100,100,0,3,1,1,7,36,24,2,83
933,24,230,47,95,48,38,38,46,46,0,24,38,48,50,2,0.002757071377514551,0.01412573606998196,48,78,30,3,3,3,3,3,96,54,37
934,6,6,32,32,0,14,14,32,32,0,6,6,32,32,0,0.0004765308553728854,0.0004765308553728854,34,34,0,-1,4,4,3,1,87,88,98
935,8,8,38,38,0,24,24,40,40,0,8,8,38,38,0,0.0018720855032506212,0.0018720855032506212,44,44,0,-1,4,4,4,2,84,83,96
936,386,1002,96,100,4,310,310,97,97,0,310,310,97,97,0,0.026039007454304094,0.033969842404438545,88,91,3,2,2,2,11,19,33,15,17
937,2,618,28,100,72,8,30,32,45,13,2,30,28,54,26,0.00034037918240920387,0.008645631233193778,35,66,31,2,5,3,4,1,78,4,8
938,16,16,34,34,0,54,54,35,35,0,16,16,34,34,0,0.0010892133837094523,0.0010892133837094523,39,39,0,-1,3,3,8,1,42,71,93
939,74,74,72,72,0,32,32,69,69,0,32,32,69,69,0,0.014432077334150244,0.014432077334150244,75,75,0,-1,3,3,2,9,93,39,81
940,15,631,43,100,57,24,34,40,44,4,15,34,43,52,9,0.0034037918240920387,0.019027196296674494,51,82,31,2,4,3,4,6,84,73,18
941,56,56,53,53,0,134,134,66,66,0,56,56,53,53,0,0.0053439531638245,0.0053439531638245,56,56,0,-1,2,2,10,3,22,29,81
942,0,206,1,89,88,0,13,1,28,27,0,6,1,28,27,0.0,0.0007147962830593281,1,37,36,3,-1,4,5,0,61,59,71
943,0,102,1,77,76,0,12,1,28,27,0,2,1,27,26,0.0,0.0002382654276864427,1,32,31,4,-1,5,8,0,57,85,49
944,413,613,99,100,1,152,152,94,94,0,152,152,94,94,0,0.03720344463732598,0.04819769222914327,93,97,4,3,2,2,5,29,52,1,23
945,56,262,58,94,36,54,54,53,53,0,54,54,57,57,0,0.004935498144933456,0.00793083495013445,55,64,9,3,3,3,4,6,79,35,29
946,18,618,41,100,59,82,82,42,42,0,18,64,41,57,16,0.0006807583648184077,0.005786446100956465,37,57,20,2,3,3,10,2,12,56,13
947,22,228,43,92,49,82,82,50,50,0,22,30,43,47,4,0.004186663943633207,0.005684332346233704,51,55,4,3,3,3,7,3,43,29,83
948,100,100,64,64,0,100,100,57,57,0,100,100,66,66,0,0.05919193982096055,0.06051941863235644,100,100,0,3,1,1,7,30,46,7,94
949,0,616,1,100,99,0,46,1,40,39,0,46,1,49,48,0.0,0.009530617107457708,1,67,66,2,-1,3,6,0,59,96,14
950,0,206,1,92,91,0,14,1,34,33,0,14,1,42,41,0.0,0.004765308553728854,1,58,57,3,-1,4,3,0,76,86,44
951,0,206,1,90,89,0,24,1,30,29,0,6,1,28,27,0.0,0.001497668402600497,1,41,40,3,-1,4,8,0,39,93,53
952,0,616,1,100,99,0,22,1,46,45,0,22,1,51,50,0.0,0.009973110044589673,1,69,68,2,-1,3,2,0,89,93,77
953,170,170,88,88,0,86,86,56,56,0,86,86,66,66,0,0.019163347969638176,0.019163347969638176,83,83,0,-1,3,3,6,17,59,6,66
954,120,221,78,91,13,88,88,73,73,0,88,88,74,74,0,0.013036522686272508,0.01327478811395895,75,76,1,5,2,2,4,7,83,21,55
955,176,382,86,98,12,176,176,90,90,0,176,176,91,91,0,0.016338200755641786,0.01933353756084278,77,81,4,3,2,2,8,13,21,33,47
956,109,211,86,97,11,32,32,71,71,0,32,32,71,71,0,0.020592940535756832,0.021409850573538922,85,85,0,4,3,3,2,16,99,18,74
957,100,100,62,62,0,100,100,48,48,0,100,100,62,62,0,0.06429762755709861,0.06443377923006229,100,100,0,3,1,1,10,36,11,2,63
958,22,22,45,45,0,32,32,40,40,0,22,22,45,45,0,0.0020082371762143027,0.0020082371762143027,45,45,0,-1,3,3,5,3,80,51,67
959,208,208,92,92,0,136,136,86,86,0,136,136,87,87,0,0.023520201504475986,0.023520201504475986,86,86,0,-1,2,2,7,17,62,6,79
960,16,16,34,34,0,40,40,40,40,0,16,16,34,34,0,0.0018720855032506212,0.0018720855032506212,44,44,0,-1,3,3,5,2,50,94,36
961,0,102,1,75,74,0,14,1,27,26,0,4,1,29,28,0.0,0.000442492937131965,1,33,32,4,-1,5,9,0,54,92,63
962,256,872,94,100,6,320,320,96,96,0,256,320,93,97,4,0.017325300384628477,0.019265461724360937,76,81,5,2,2,2,14,15,8,19,61
963,16,1656,43,100,57,54,88,62,81,19,16,88,43,81,38,0.005446066918547262,0.04350045951189625,59,95,36,1,3,2,4,1,72,90,23
964,91,291,72,96,24,48,48,60,60,0,48,48,63,63,0,0.012525953912658701,0.013751318969331836,72,76,4,3,3,3,3,13,58,33,51
965,8,8,35,35,0,46,46,38,38,0,8,8,35,35,0,0.00037441710065012424,0.00037441710065012424,33,33,0,-1,4,4,9,2,23,56,82
966,406,1006,97,100,3,192,192,100,100,0,192,192,100,100,0,0.03921168181354028,0.05197590115388543,95,98,3,2,2,2,6,27,40,10,23
967,2,208,29,92,63,7,20,30,35,5,2,20,29,50,21,0.00010211375472276115,0.00527587732734266,30,56,26,3,5,4,4,1,77,4,38
968,100,1740,64,100,36,132,166,75,85,10,100,166,65,90,25,0.009632730862180468,0.036488648354266656,68,96,28,1,2,2,8,7,10,21,23
969,74,74,72,72,0,32,32,69,69,0,32,32,69,69,0,0.01147077844719017,0.01147077844719017,71,71,0,-1,3,3,2,9,93,27,80
970,182,798,88,100,12,242,242,80,80,0,182,198,88,90,2,0.010790020082371761,0.011981347220803976,68,71,3,2,2,2,14,9,8,31,71
971,6,622,29,100,71,29,70,31,40,9,6,60,29,57,28,0.00017018959120460194,0.008611593314952858,29,67,38,2,4,3,9,1,23,60,20
972,106,312,77,95,18,142,142,78,78,0,106,142,77,83,6,0.009292351679771264,0.012151536812008578,66,71,5,3,2,2,8,7,21,48,73
973,0,206,1,87,86,0,36,1,33,32,0,11,1,34,33,0.0,0.0031314884781646754,1,48,47,3,-1,4,10,0,22,67,73
974,16,632,38,100,62,40,50,45,49,4,16,50,38,53,15,0.002212464685659825,0.021784267674189048,47,86,39,2,3,3,5,2,37,94,7
975,0,1640,1,100,99,0,130,1,60,59,0,87,1,55,54,0.0,0.010790020082371761,1,60,59,1,-1,2,16,0,9,96,57
976,200,816,88,100,12,198,198,83,83,0,198,198,88,88,0,0.014227849824704722,0.018006058749446885,75,78,3,2,2,2,10,14,11,14,47
977,162,262,88,95,7,128,128,90,90,0,128,128,90,90,0,0.01766567956703768,0.019027196296674494,79,81,2,4,2,2,5,13,63,33,51
978,44,660,58,100,42,64,64,68,68,0,44,64,63,70,7,0.00789679703189353,0.0245413390517036,67,86,19,2,3,3,4,7,72,62,39
979,82,82,63,63,0,128,128,69,69,0,82,82,63,63,0,0.008509479560230097,0.008509479560230097,64,64,0,-1,3,3,8,7,30,48,84
980,0,206,1,94,93,0,16,1,34,33,0,16,1,37,36,0.0,0.0045270431260424114,1,53,52,3,-1,4,4,0,53,93,57
981,0,0,1,1,0,0,0,1,1,0,0,0,1,1,0,0.0,0.0,1,1,0,-1,-1,-1,8,0,39,36,84
982,0,102,1,74,73,0,13,1,25,24,0,2,1,25,24,0.0,0.00030634126416828345,1,31,30,4,-1,5,12,0,3,92,55
983,0,616,1,100,99,0,72,1,44,43,0,72,1,55,54,0.0,0.02392865652336703,1,88,87,2,-1,3,7,0,46,98,0
984,160,262,88,92,4,94,94,72,72,0,94,94,73,73,0,0.019163347969638176,0.01943565131556554,83,83,0,4,2,2,5,16,80,12,88
985,291,891,99,100,1,96,96,94,94,0,96,96,94,94,0,0.044453521222642026,0.05231628033629463,94,98,4,2,2,2,3,29,92,11,44
986,0,206,1,92,91,0,28,1,33,32,0,8,1,35,34,0.0,0.0010211375472276116,1,38,37,3,-1,4,8,0,21,91,61
987,138,240,86,92,6,102,102,92,92,0,102,102,92,92,0,0.014398039415909322,0.015997821573232582,76,80,4,4,2,2,4,13,79,24,83
988,88,704,59,100,41,164,164,73,73,0,88,164,59,83,24,0.007113924912352361,0.0158616699002689,59,77,18,2,2,2,10,7,18,62,39
989,66,272,64,98,34,32,32,58,58,0,32,32,60,60,0,0.006501242384015794,0.008169100377820893,58,63,5,3,3,3,2,6,91,28,46
990,136,136,84,84,0,156,156,84,84,0,136,136,84,84,0,0.015146873617209572,0.015146873617209572,78,78,0,-1,2,2,8,8,39,8,91
991,6,6,34,34,0,8,8,35,35,0,6,6,34,34,0,0.0006807583648184077,0.0006807583648184077,38,38,0,-1,4,4,2,2,97,42,93
992,7,108,36,78,42,26,26,36,36,0,7,8,36,36,0,0.0004084550188910446,0.0004084550188910446,34,34,0,5,4,4,5,2,37,56,68
993,0,1640,1,100,99,0,104,1,56,55,0,86,1,55,54,0.0,0.015725518227305217,1,79,78,1,-1,2,10,0,0,91,20
994,0,102,1,81,80,0,6,1,28,27,0,4,1,28,27,0.0,0.001055175465468532,1,37,36,4,-1,5,3,0,82,36,74
995,48,48,51,51,0,134,134,62,62,0,48,48,52,52,0,0.002110350930937064,0.002110350930937064,44,44,0,-1,3,3,14,3,8,43,96
996,38,654,52,100,48,38,38,51,51,0,38,38,54,54,0,0.0028932230504782326,0.01232172640321318,50,75,25,2,3,3,3,6,82,70,20
997,12,12,33,33,0,48,48,35,35,0,12,12,33,33,0,0.0009190237925048504,0.0009190237925048504,39,39,0,-1,4,4,10,3,12,51,85
998,40,246,54,94,40,28,28,44,44,0,28,28,51,51,0,0.005446066918547262,0.020082371762143027,54,84,30,3,3,3,3,6,92,26,23
999,130,730,83,100,17,88,88,76,76,0,88,88,79,79,0,0.011709043874876613,0.0176997174852786,74,79,5,2,2,2,4,13,47,24,21
