,FreeNet_pre_score,FreeNet_post_score,FreeNet_pre_rank,FreeNet_post_rank,FreeNet_delta_ranks,Reversed_pre_score,Reversed_post_score,Reversed_pre_rank,Reversed_post_rank,Reversed_delta_ranks,Independent_pre_score,Independent_post_score,Independent_pre_rank,Independent_post_rank,Independent_delta_ranks,Random_pre_score,Random_post_score,Random_pre_rank,Random_post_rank,Random_delta_ranks,dist_victim_relayer,dist_victim_vilain_pre,dist_victim_vilain_post,out_deg_victim,in_deg_villain,victim,villain,relayer
0,0,0,1,1,0,0,0,1,1,0,0,0,1,1,0,0.0,0.0,1,1,0,-1,-1,-1,3,0,58,66,69
1,16,16,36,36,0,52,52,40,40,0,16,16,36,36,0,0.001940161339732462,0.001940161339732462,40,40,0,-1,3,3,6,1,56,53,97
2,236,236,92,92,0,174,174,93,93,0,174,174,94,94,0,0.017155110793423873,0.017155110793423873,80,80,0,-1,2,2,7,14,24,32,86
3,135,135,85,85,0,80,80,70,70,0,80,80,74,74,0,0.015487252799618776,0.015487252799618776,77,77,0,-1,3,3,5,15,45,19,69
4,12,628,37,100,63,8,22,32,41,9,12,22,37,45,8,0.0015317063208414173,0.018482589604819768,44,84,40,2,4,3,2,2,68,83,16
5,6,1646,29,100,71,26,114,30,63,33,6,114,29,76,47,0.0002042275094455223,0.022533101875489295,31,84,53,1,4,2,10,1,11,60,6
6,419,419,98,98,0,168,168,93,93,0,168,168,94,94,0,0.038428809693999116,0.038428809693999116,92,92,0,-1,2,2,6,29,44,1,99
7,16,632,38,100,62,40,40,45,45,0,16,32,38,50,12,0.002212464685659825,0.007284114503556962,47,62,15,2,3,3,5,2,37,94,90
8,86,86,66,66,0,70,70,56,56,0,70,70,63,63,0,0.006058749446883829,0.006058749446883829,58,58,0,-1,3,3,5,6,37,13,97
9,2,618,28,100,72,7,42,28,40,12,2,18,28,43,15,0.0,0.0036760951700194017,1,51,50,2,5,3,6,1,32,68,46
10,0,206,1,96,95,0,8,1,33,32,0,8,1,38,37,0.0,0.0032336022328874367,1,48,47,3,-1,4,2,0,93,99,35
11,0,616,1,100,99,0,76,1,44,43,0,76,1,60,59,0.0,0.02100139555464788,1,80,79,2,-1,3,9,0,26,93,18
12,0,616,1,100,99,0,48,1,35,34,0,24,1,44,43,0.0,0.0028591851322373124,1,49,48,2,-1,3,9,0,28,91,70
13,6,108,29,75,46,31,31,31,31,0,6,10,29,32,3,0.0002042275094455223,0.00088498587426393,31,38,7,4,4,4,10,1,12,4,51
14,100,100,66,66,0,100,100,45,45,0,100,100,66,66,0,0.06007692569522448,0.06467204465774873,99,99,0,2,1,1,10,40,1,3,34
15,0,0,1,1,0,0,0,1,1,0,0,0,1,1,0,0.0,0.0,1,1,0,-1,-1,-1,3,0,58,86,36
16,2,618,26,100,74,9,46,26,36,10,2,40,26,50,24,3.4037918240920386e-05,0.004765308553728854,27,54,27,2,5,3,8,2,10,58,13
17,100,716,60,100,40,178,198,69,72,3,100,198,60,86,26,0.008645631233193778,0.032540249838319886,65,92,27,2,2,2,14,6,25,34,10
18,40,40,50,50,0,94,94,62,62,0,40,40,50,50,0,0.003642057251778481,0.003642057251778481,51,51,0,-1,2,2,5,1,52,53,45
19,76,692,61,100,39,104,104,66,66,0,76,104,61,78,17,0.00616086320160659,0.02127369890057524,56,81,25,2,3,3,9,6,26,13,16
20,0,101,1,78,77,0,6,1,23,22,0,1,1,23,22,0.0,3.4037918240920386e-05,1,25,24,6,-1,7,6,0,32,67,58
21,2,208,28,94,66,8,22,28,32,4,2,22,28,45,17,0.00017018959120460194,0.0037441710065012424,31,50,19,3,5,4,5,1,45,60,28
22,209,825,93,100,7,128,128,93,93,0,128,128,93,93,0,0.031076619353960312,0.04377276285782362,89,97,8,2,2,2,5,15,70,16,19
23,16,632,43,100,57,54,54,59,59,0,16,38,44,56,12,0.004731270635487933,0.008339289969025495,56,64,8,2,3,3,4,1,77,90,52
24,0,206,1,93,92,0,16,1,36,35,0,16,1,42,41,0.0,0.005514142755029102,1,59,58,3,-1,4,4,0,72,92,21
25,40,656,55,100,45,52,52,76,76,0,40,52,69,76,7,0.004288777698355968,0.022124646856598252,54,88,34,2,2,2,3,1,55,53,9
26,82,288,76,100,24,32,32,69,69,0,32,32,69,69,0,0.012832295176826986,0.0160318594914735,75,80,5,3,3,3,2,8,90,20,47
27,0,616,1,100,99,0,68,1,34,33,0,45,1,49,48,0.0,0.004493005207801491,1,54,53,2,-1,3,12,0,3,66,28
28,2,618,28,100,72,4,22,29,51,22,2,22,28,53,25,0.00017018959120460194,0.015283025290173252,32,77,45,2,5,3,2,1,86,55,6
29,0,0,1,1,0,0,0,1,1,0,0,0,1,1,0,0.0,0.0,1,1,0,-1,-1,-1,8,0,15,92,76
30,112,1752,78,100,22,252,276,85,87,2,112,276,78,91,13,0.008441403723748256,0.04506620375097859,64,97,33,1,2,2,14,4,25,38,2
31,2,104,28,83,55,4,4,29,29,0,2,4,28,32,4,0.00017018959120460194,0.0009190237925048504,32,38,6,4,5,5,2,1,86,4,64
32,0,206,1,91,90,0,46,1,33,32,0,26,1,45,44,0.0,0.003267640151128357,1,48,47,3,-1,4,11,0,38,84,28
33,179,795,88,100,12,150,150,90,90,0,150,150,91,91,0,0.02277136730317574,0.03284659110248817,85,91,6,2,2,2,7,12,62,37,33
34,0,616,1,100,99,0,20,1,41,40,0,18,1,44,43,0.0,0.00796487286837537,1,67,66,2,-1,3,3,0,60,76,83
35,16,632,35,100,65,100,100,45,45,0,16,100,35,63,28,0.0033357159876101976,0.016236087000919025,50,78,28,2,3,3,10,3,18,46,6
36,104,720,76,100,24,124,134,89,89,0,104,134,80,90,10,0.012525953912658701,0.03090642976275571,72,90,18,2,2,2,6,5,74,25,9
37,121,327,84,99,15,62,62,82,82,0,62,62,82,82,0,0.018142210422410564,0.020626978453997753,78,85,7,3,2,2,3,13,81,33,35
38,0,206,1,87,86,0,32,1,29,28,0,8,1,32,31,0.0,0.00030634126416828345,1,32,31,3,-1,4,15,0,7,99,56
39,12,218,34,94,60,38,42,35,36,1,12,24,34,43,9,0.0014295925661186562,0.0033016780693692774,41,48,7,3,4,4,7,3,46,51,52
40,32,648,41,100,59,66,76,44,54,10,32,76,41,59,18,0.003778208924742163,0.016270124919159943,48,78,30,2,3,3,6,3,51,29,8
41,0,616,1,100,99,0,42,1,36,35,0,42,1,50,49,0.0,0.009088124170325743,1,64,63,2,-1,3,6,0,71,99,17
42,100,100,78,78,0,100,100,88,88,0,100,100,88,88,0,0.04738078219136117,0.04881037475747983,96,97,1,3,1,1,4,8,78,44,75
43,100,100,64,64,0,100,100,59,59,0,100,100,64,64,0,0.05813676435549202,0.05813676435549202,99,99,0,-1,1,1,6,29,40,11,93
44,0,206,1,89,88,0,30,1,33,32,0,14,1,35,34,0.0,0.0030634126416828346,1,49,48,3,-1,4,9,0,28,66,73
45,16,222,35,90,55,68,80,39,39,0,16,36,35,46,11,0.0009870996289866913,0.006331052792811192,40,58,18,3,3,3,10,2,12,42,72
46,16,16,42,42,0,24,24,42,42,0,16,16,42,42,0,0.001157289220191293,0.001157289220191293,39,39,0,-1,3,3,3,1,66,88,85
47,76,178,63,88,25,124,124,68,68,0,76,78,63,65,2,0.008066986623098132,0.008475441641989176,66,67,1,4,3,3,9,6,31,34,42
48,68,684,64,100,36,28,38,43,46,3,28,38,50,52,2,0.01147077844719017,0.02733244834745907,76,91,15,2,3,3,3,8,75,8,16
49,2,2,28,28,0,3,3,28,28,0,2,2,28,28,0,0.00010211375472276115,0.00010211375472276115,30,30,0,-1,5,5,2,1,93,95,67
50,0,1640,1,100,99,0,86,1,54,53,0,86,1,59,58,0.0,0.028625889240614044,1,90,89,1,-1,2,6,0,40,79,6
51,224,430,91,96,5,246,246,95,95,0,246,246,95,95,0,0.017801831240001363,0.018993158378433576,78,78,0,3,2,2,10,13,12,33,43
52,122,738,79,100,21,88,88,71,71,0,88,88,71,71,0,0.0141938119064638,0.026175159127267776,77,91,14,2,2,2,4,9,53,27,5
53,0,206,1,94,93,0,14,1,32,31,0,14,1,40,39,0.0,0.0042547397801150485,1,53,52,3,-1,4,3,0,66,99,38
54,0,0,1,1,0,0,0,1,1,0,0,0,1,1,0,0.0,0.0,1,1,0,-1,-1,-1,6,0,32,98,84
55,0,206,1,92,91,0,16,1,32,31,0,14,1,41,40,0.0,0.002995336805200994,1,49,48,3,-1,4,4,0,47,98,73
56,44,250,60,98,38,22,22,49,49,0,22,22,50,50,0,0.00704584907587052,0.010211375472276116,62,69,7,3,3,3,2,4,93,38,35
57,2,2,28,28,0,5,5,28,28,0,2,2,28,28,0,0.0,0.0,1,1,0,-1,5,5,4,1,72,95,85
58,70,686,62,100,38,80,80,66,66,0,70,80,64,67,3,0.005241839409101739,0.01320671227747711,58,74,16,2,3,3,5,6,63,28,77
59,16,632,39,100,61,28,48,40,62,22,16,48,39,63,24,0.0033357159876101976,0.026651689982640663,51,89,38,2,3,3,3,1,82,90,7
60,72,278,71,100,29,56,56,88,88,0,56,56,88,88,0,0.018006058749446885,0.022022533101875488,82,87,5,3,2,2,2,6,93,34,13
61,2,618,26,100,74,9,58,26,37,11,2,58,26,54,28,6.807583648184077e-05,0.009258313761530345,28,65,37,2,5,3,8,1,15,78,14
62,0,206,1,95,94,0,14,1,31,30,0,14,1,38,37,0.0,0.005514142755029102,1,55,54,3,-1,4,3,0,94,79,31
63,0,206,1,90,89,0,36,1,35,34,0,24,1,44,43,0.0,0.007726607440688927,1,64,63,3,-1,4,6,0,48,87,77
64,0,616,1,100,99,0,52,1,38,37,0,52,1,54,53,0.0,0.007250076585316042,1,60,59,2,-1,3,7,0,43,97,27
65,1,103,25,78,53,4,7,25,27,2,1,4,25,31,6,3.4037918240920386e-05,0.000442492937131965,26,33,7,4,6,5,4,2,79,58,63
66,0,616,1,100,99,0,124,1,59,58,0,124,1,82,81,0.0,0.01695088328397835,1,77,76,2,-1,3,14,0,17,87,15
67,291,907,96,100,4,272,272,96,96,0,272,272,96,96,0,0.025902855781340415,0.04510024166921951,87,96,9,2,2,2,11,15,38,16,9
68,0,206,1,97,96,0,12,1,38,37,0,12,1,43,42,0.0,0.011198475101262807,1,75,74,3,-1,4,2,0,97,98,30
69,152,253,87,93,6,192,192,89,89,0,152,153,86,86,0,0.017018959120460194,0.017052997038701112,79,79,0,5,2,2,9,9,31,39,78
70,40,142,51,80,29,80,80,58,58,0,40,44,51,52,1,0.0035739814152966403,0.004016474352428605,50,53,3,4,2,2,6,1,41,53,74
71,0,102,1,83,82,0,4,1,30,29,0,2,1,28,27,0.0,0.000442492937131965,1,35,34,4,-1,5,2,0,90,81,42
72,100,100,61,61,0,100,100,40,40,0,100,100,61,61,0,0.04738078219136117,0.04738078219136117,98,98,0,-1,1,1,14,30,8,7,40
73,100,100,67,67,0,100,100,57,57,0,100,100,67,67,0,0.0619490111984751,0.06623778889683107,99,99,0,2,1,1,8,40,21,3,22
74,0,616,1,100,99,0,30,1,42,41,0,16,1,42,41,0.0,0.004799346471969774,1,56,55,2,-1,3,4,0,73,98,46
75,118,734,77,100,23,272,272,87,87,0,118,272,77,95,18,0.010517716736444398,0.033050818611933694,67,91,24,2,2,2,14,5,8,25,0
76,54,54,62,62,0,48,48,63,63,0,48,48,64,64,0,0.006875659484665918,0.006875659484665918,62,62,0,-1,3,3,3,7,82,62,50
77,36,652,56,100,44,28,38,46,60,14,28,38,53,62,9,0.004765308553728854,0.025936893699581333,57,89,32,2,3,3,3,6,81,28,23
78,100,100,63,63,0,100,100,56,56,0,100,100,63,63,0,0.03281255318424725,0.032880629020729094,91,91,0,4,1,1,7,8,24,8,60
79,0,206,1,89,88,0,28,1,31,30,0,6,1,26,25,0.0,0.002825147213996392,1,46,45,3,-1,4,6,0,40,79,90
80,147,249,93,99,6,46,46,83,83,0,46,46,83,83,0,0.02648150039143606,0.02729841042921815,91,91,0,4,2,2,2,15,99,16,74
81,28,28,51,51,0,50,50,49,49,0,28,28,51,51,0,0.002586881786309949,0.002586881786309949,48,48,0,-1,3,3,5,3,61,54,79
82,0,0,1,1,0,0,0,1,1,0,0,0,1,1,0,0.0,0.0,1,1,0,-1,-1,-1,2,1,97,45,81
83,66,272,60,95,35,114,114,67,67,0,66,80,60,62,2,0.0051397256543789785,0.007216038667075122,54,64,10,3,3,3,9,6,23,28,70
84,377,479,99,100,1,168,168,97,97,0,168,168,97,97,0,0.038428809693999116,0.03880322679464924,95,95,0,4,2,2,6,29,59,11,49
85,0,206,1,93,92,0,14,1,33,32,0,14,1,40,39,0.0,0.0033016780693692774,1,49,48,3,-1,4,3,0,60,92,35
86,96,712,65,100,35,124,134,75,76,1,96,134,65,84,19,0.006297014874570271,0.0156914803090643,60,78,18,2,3,3,9,6,23,13,34
87,160,366,93,100,7,32,32,63,63,0,32,32,64,64,0,0.0283876238129276,0.029817216379046257,90,93,3,3,3,3,2,27,86,10,94
88,6,622,29,100,71,24,68,30,40,10,6,68,29,58,29,0.0002042275094455223,0.01681473161101467,31,81,50,2,4,3,8,1,30,60,16
89,116,116,78,78,0,120,120,79,79,0,120,120,81,81,0,0.01415977398822288,0.01415977398822288,78,78,0,-1,2,2,6,8,44,17,99
90,0,102,1,83,82,0,4,1,30,29,0,2,1,28,27,0.0,0.000442492937131965,1,35,34,4,-1,5,2,0,90,89,42
91,6,6,33,33,0,12,12,34,34,0,6,6,33,33,0,0.0002723033459273631,0.0002723033459273631,35,35,0,-1,4,4,4,1,72,55,76
92,0,0,1,1,0,0,0,1,1,0,0,0,1,1,0,0.0,0.0,1,1,0,-1,-1,-1,6,0,41,40,99
93,222,428,89,98,9,294,294,86,86,0,222,232,89,89,0,0.009973110044589673,0.011130399264780965,66,67,1,3,2,2,17,13,20,24,43
94,58,58,69,69,0,22,22,49,49,0,22,22,53,53,0,0.008373327887266415,0.008373327887266415,68,68,0,-1,3,3,2,13,90,24,45
95,0,206,1,87,86,0,36,1,33,32,0,7,1,34,33,0.0,0.0013955546478777359,1,40,39,3,-1,4,10,1,22,50,61
96,18,634,41,100,59,50,68,36,39,3,18,54,41,53,12,0.0007147962830593281,0.007147962830593281,36,60,24,2,3,3,8,2,15,63,34
97,196,812,91,100,9,184,184,78,78,0,184,184,90,90,0,0.013785356887572755,0.016168011164437182,77,79,2,2,2,2,10,14,0,14,53
98,102,308,76,96,20,128,128,67,67,0,102,128,76,78,2,0.012083460975526737,0.012730181422104225,72,74,2,3,3,3,8,8,15,17,64
99,12,218,42,93,51,18,18,40,40,0,12,18,42,44,2,0.0017359338302869397,0.006977773239388679,43,62,19,3,4,4,3,2,92,52,57
100,6,212,30,94,64,23,27,32,35,3,6,13,30,36,6,0.0002042275094455223,0.0013955546478777359,31,39,8,3,4,4,6,1,34,60,43
101,28,234,49,93,44,72,72,49,49,0,28,72,49,60,11,0.0012253650566731338,0.005412029000306341,40,54,14,3,3,3,7,4,62,64,13
102,38,654,46,100,54,128,176,60,68,8,38,176,46,83,37,0.001497668402600497,0.022601177711971135,42,87,45,2,3,3,16,3,9,43,0
103,0,1640,1,100,99,0,90,1,48,47,0,72,1,59,58,0.0,0.017325300384628477,1,81,80,1,-1,2,9,0,26,84,77
104,302,402,100,100,0,72,72,85,85,0,72,72,85,85,0,0.04704040300895197,0.04714251676367474,97,97,0,4,2,2,3,40,94,3,65
105,405,505,98,100,2,184,184,94,94,0,184,184,94,94,0,0.035739814152966405,0.03584192790768916,93,93,0,4,2,2,7,29,43,1,4
106,176,792,86,100,14,290,300,83,86,3,176,215,86,88,2,0.011675005956635693,0.015385139044896015,68,76,8,2,2,2,17,9,20,27,22
107,40,40,47,47,0,130,130,61,61,0,40,40,47,47,0,0.0014636304843595766,0.0014636304843595766,41,41,0,-1,2,2,16,2,9,42,96
108,0,206,1,87,86,0,23,1,29,28,0,8,1,34,33,0.0,0.0007828721195411688,1,36,35,3,-1,4,10,0,22,96,74
109,24,230,52,93,41,28,28,44,44,0,24,28,52,53,1,0.0026209197045508697,0.013104598522754349,50,76,26,3,3,3,3,3,76,54,12
110,24,126,50,88,38,22,22,47,47,0,22,22,52,52,0,0.0028932230504782326,0.004901460226692535,49,57,8,4,3,3,2,6,89,70,29
111,270,886,94,100,6,120,120,78,78,0,120,120,78,78,0,0.028762040913577726,0.0368971033731577,89,92,3,2,2,2,6,22,41,9,17
112,111,317,83,99,16,64,64,68,68,0,64,64,71,71,0,0.01405766023350012,0.021716191837707205,79,83,4,3,3,3,4,15,72,19,32
113,506,1122,98,100,2,440,440,100,100,0,440,440,100,100,0,0.037679975492698865,0.04047108478845434,96,96,0,2,2,2,14,22,16,9,29
114,16,222,37,92,55,78,78,49,49,0,16,22,37,42,5,0.0030293747234419145,0.00353994349705572,52,52,0,3,3,3,8,3,21,46,49
115,22,228,41,94,53,48,52,36,38,2,22,28,41,45,4,0.0009190237925048504,0.0017018959120460194,37,42,5,3,3,3,9,2,35,74,71
116,214,1854,89,100,11,236,260,94,98,4,214,260,92,98,6,0.017869907076483203,0.055992375506314036,78,98,20,1,2,2,10,8,22,8,2
117,100,100,58,58,0,100,100,35,35,0,100,100,59,59,0,0.02038871302631131,0.021614078082984444,83,85,2,2,1,1,17,8,20,44,64
118,49,665,55,100,45,124,124,65,65,0,49,124,55,76,21,0.004561081044283332,0.015248987371932332,54,78,24,2,3,3,9,4,28,22,5
119,560,1160,100,100,0,272,272,99,99,0,272,272,99,99,0,0.04802750263793867,0.058034650600769254,96,99,3,2,2,2,8,40,15,3,19
120,0,206,1,88,87,0,49,1,32,31,0,12,1,31,30,0.0,0.0022465026039007454,1,44,43,3,-1,4,17,0,20,67,75
121,0,206,1,93,92,0,20,1,34,33,0,20,1,47,46,0.0,0.007284114503556962,1,62,61,3,-1,4,4,0,73,36,17
122,12,628,37,100,63,26,40,35,43,8,12,30,37,48,11,0.0007828721195411688,0.006569318220497634,37,59,22,2,4,3,5,3,88,51,83
123,241,241,90,90,0,308,308,87,87,0,241,241,90,90,0,0.016610504101569147,0.016610504101569147,80,80,0,-1,2,2,16,15,9,19,79
124,40,40,52,52,0,106,106,66,66,0,40,40,52,52,0,0.0030293747234419145,0.0030293747234419145,49,49,0,-1,2,2,7,1,24,53,79
125,0,616,1,100,99,0,24,1,42,41,0,24,1,50,49,0.0,0.012083460975526737,1,75,74,2,-1,3,3,0,55,79,57
126,0,102,1,83,82,0,3,1,26,25,0,2,1,26,25,0.0,0.0007828721195411688,1,36,35,4,-1,5,2,0,99,89,78
127,61,163,61,89,28,76,76,54,54,0,61,76,61,65,4,0.004935498144933456,0.005003573981415297,54,55,1,4,3,3,6,6,32,35,4
128,213,313,95,98,3,72,72,77,77,0,72,72,79,79,0,0.03536539705231628,0.040164743524286055,94,95,1,4,2,2,3,29,96,11,8
129,64,270,59,94,35,80,80,65,65,0,64,80,61,68,7,0.005514142755029102,0.017018959120460194,54,81,27,3,3,3,5,4,37,72,5
130,24,640,44,100,56,76,106,38,58,20,24,106,44,77,33,0.0014636304843595766,0.022328874366043774,39,83,44,2,3,3,11,4,38,64,10
131,22,123,49,87,38,22,22,49,49,0,22,22,50,50,0,0.0037441710065012424,0.003812246842983083,52,52,0,5,3,3,2,3,93,29,60
132,150,766,87,100,13,64,64,67,67,0,64,64,68,68,0,0.02018448551686579,0.028591851322373123,83,90,7,2,3,3,4,16,67,18,17
133,122,738,76,100,24,106,106,71,71,0,106,106,76,76,0,0.013479015623404473,0.017291262466387555,76,80,4,2,2,2,7,8,43,8,28
134,49,665,59,100,41,54,64,62,67,5,49,64,67,70,3,0.004969536063174376,0.033255046121379216,54,93,39,2,3,3,4,4,72,22,10
135,1,207,25,91,66,4,20,25,33,8,1,7,25,37,12,3.4037918240920386e-05,0.0020763130126961434,27,45,18,3,6,4,4,1,84,78,46
136,0,102,1,84,83,0,4,1,28,27,0,3,1,31,30,0.0,0.00088498587426393,1,37,36,4,-1,5,2,0,98,91,61
137,0,206,1,96,95,0,12,1,34,33,0,12,1,42,41,0.0,0.007250076585316042,1,62,61,3,-1,4,2,0,86,99,17
138,58,58,57,57,0,96,96,63,63,0,58,58,57,57,0,0.004220701861874128,0.004220701861874128,52,52,0,-1,2,2,7,3,62,54,79
139,6,1646,33,100,67,38,84,34,45,11,6,54,33,54,21,0.00088498587426393,0.017087034956942034,38,80,42,1,4,2,9,1,26,71,73
140,0,0,1,1,0,0,0,1,1,0,0,0,1,1,0,0.0,0.0,1,1,0,-1,-1,-1,14,0,8,86,97
141,1,1,26,26,0,3,3,26,26,0,1,1,26,26,0,3.4037918240920386e-05,3.4037918240920386e-05,26,26,0,-1,6,6,3,2,55,58,89
142,188,290,90,96,6,120,120,80,80,0,120,120,81,81,0,0.019367575479083698,0.019639878825011062,83,83,0,4,2,2,6,18,34,5,60
143,49,49,53,53,0,76,76,52,52,0,49,49,54,54,0,0.005105687736138058,0.005105687736138058,54,54,0,-1,3,3,6,4,65,22,45
144,12,218,39,93,54,18,18,35,35,0,12,18,39,45,6,0.0012594029749140542,0.004561081044283332,40,52,12,3,4,4,3,2,58,61,13
145,111,311,85,100,15,22,22,48,48,0,22,22,51,51,0,0.015351101126655093,0.02188638142891181,77,85,8,3,3,3,2,18,95,5,33
146,0,0,1,1,0,0,0,1,1,0,0,0,1,1,0,0.0,0.0,1,1,0,-1,-1,-1,10,0,12,87,99
147,6,6,27,27,0,16,16,27,27,0,6,6,27,27,0,6.807583648184077e-05,6.807583648184077e-05,28,28,0,-1,4,4,6,1,40,95,97
148,0,616,1,100,99,0,22,1,39,38,0,19,1,47,46,0.0,0.005684332346233704,1,57,56,2,-1,3,4,0,84,36,64
149,190,806,91,100,9,230,230,87,87,0,190,230,91,93,2,0.014704380680077607,0.022635215630212056,76,83,7,2,2,2,12,13,6,33,77
150,100,100,68,68,0,100,100,63,63,0,100,100,68,68,0,0.054494707103713534,0.054494707103713534,99,99,0,-1,1,1,6,15,41,16,45
151,64,680,59,100,41,80,80,65,65,0,64,80,61,68,7,0.005514142755029102,0.019741992579733823,54,83,29,2,3,3,5,4,37,72,12
152,28,234,47,90,43,52,52,40,40,0,28,42,47,55,8,0.0011232513019503727,0.003608019333537561,40,51,11,3,3,3,7,3,24,43,41
153,16,1656,36,100,64,100,124,55,74,19,16,124,36,83,47,0.003369753905851118,0.027536675856904592,50,88,38,1,3,2,9,3,23,46,16
154,16,222,42,96,54,38,38,47,47,0,16,38,42,52,10,0.0026889955410327104,0.006569318220497634,48,60,12,3,3,3,3,2,75,94,57
155,144,144,81,81,0,224,224,85,85,0,144,144,81,81,0,0.01058579257292624,0.01058579257292624,68,68,0,-1,2,2,11,7,5,21,66
156,192,292,88,94,6,134,134,89,89,0,134,134,90,90,0,0.020831205963443275,0.021035433472888797,82,82,0,4,2,2,6,18,41,30,74
157,0,0,1,1,0,0,0,1,1,0,0,0,1,1,0,0.0,0.0,1,1,0,-1,-1,-1,12,0,3,99,98
158,0,206,1,92,91,0,18,1,35,34,0,18,1,46,45,0.0,0.01861874127778345,1,85,84,3,-1,4,3,0,64,89,7
159,38,244,55,99,44,32,32,71,71,0,32,32,71,71,0,0.004765308553728854,0.016304162837400864,53,79,26,3,3,3,2,3,99,54,12
160,60,676,52,100,48,146,156,67,71,4,60,114,52,76,24,0.006058749446883829,0.013513053541645392,56,75,19,2,2,2,12,6,3,73,27
161,120,120,81,81,0,240,240,77,77,0,120,120,81,81,0,0.006467204465774873,0.006467204465774873,57,57,0,-1,2,2,16,6,4,13,59
162,198,814,91,100,9,104,104,73,73,0,104,104,79,79,0,0.019878144252697506,0.02729841042921815,84,90,6,2,2,2,5,17,52,6,27
163,0,616,1,100,99,0,70,1,43,42,0,70,1,56,55,0.0,0.015487252799618776,1,76,75,2,-1,3,9,0,35,76,23
164,190,806,89,100,11,318,318,91,91,0,190,318,89,96,7,0.01330882603219987,0.030566050580346504,74,90,16,2,2,2,16,9,4,27,16
165,54,1694,54,100,46,54,78,56,77,21,54,78,57,77,20,0.006535280302256714,0.031451036454610434,55,93,38,1,3,2,4,7,67,62,50
166,258,258,93,93,0,200,200,94,94,0,200,200,94,94,0,0.022533101875489295,0.022533101875489295,87,87,0,-1,2,2,8,16,10,12,93
167,16,16,37,37,0,52,52,43,43,0,16,16,37,37,0,0.0007147962830593281,0.0007147962830593281,36,36,0,-1,3,3,6,1,41,49,59
168,332,332,96,96,0,216,216,96,96,0,216,216,97,97,0,0.03274447734776541,0.03274447734776541,92,92,0,-1,2,2,9,22,35,9,84
169,38,654,49,100,51,110,110,60,60,0,38,80,49,59,10,0.002314578440382586,0.007420266176520644,47,60,13,2,3,3,10,6,11,70,13
170,42,658,52,100,48,132,132,64,64,0,40,56,49,54,5,0.0033357159876101976,0.005241839409101739,51,57,6,2,3,3,12,6,14,41,53
171,104,104,85,85,0,32,32,58,58,0,32,32,59,59,0,0.010347527145239796,0.010347527145239796,71,71,0,-1,3,3,2,14,68,32,66
172,10,216,39,95,56,8,8,32,32,0,8,8,38,38,0,0.0020422750944552232,0.004935498144933456,44,55,11,3,4,4,2,3,95,54,29
173,40,656,46,100,54,174,178,71,71,0,40,99,46,62,16,0.0025188059498281084,0.01327478811395895,47,73,26,2,2,2,14,1,17,53,39
174,182,1822,88,100,12,242,266,80,86,6,182,266,88,95,7,0.010790020082371761,0.026277272881990537,68,89,21,1,2,2,14,9,8,31,21
175,0,616,1,99,98,0,144,1,62,61,0,102,1,76,75,0.0,0.012730181422104225,1,70,69,2,-1,3,17,0,20,79,37
176,0,616,1,100,99,0,50,1,36,35,0,50,1,55,54,0.0,0.00707988699411144,1,62,61,2,-1,3,8,0,21,66,31
177,136,752,81,100,19,110,110,72,72,0,110,110,76,76,0,0.01143674052894925,0.015385139044896015,71,77,6,2,2,2,6,8,40,17,29
178,16,632,38,100,62,46,56,42,45,3,16,46,38,53,15,0.0017359338302869397,0.008203138296061813,44,65,21,2,3,3,6,1,74,53,72
179,148,250,79,94,15,252,252,82,82,0,148,150,79,79,0,0.010313489226998877,0.010381565063480718,65,65,0,4,2,2,15,6,7,34,95
180,18,224,46,97,51,18,18,35,35,0,18,18,46,46,0,0.002110350930937064,0.005820484019197386,43,57,14,3,4,4,3,6,94,70,13
181,114,114,76,76,0,96,96,60,60,0,96,96,69,69,0,0.010858095918853602,0.010858095918853602,71,71,0,-1,3,3,6,9,44,27,85
182,136,342,86,98,12,70,70,62,62,0,70,70,69,69,0,0.01589570781850982,0.020661016372238675,78,83,5,3,3,3,5,16,45,12,38
183,2,1642,28,100,72,8,72,28,58,30,2,72,28,64,36,0.0002723033459273631,0.03427618366860683,32,94,62,1,5,2,6,1,69,55,37
184,16,16,41,41,0,34,34,43,43,0,16,16,41,41,0,0.003437829742332959,0.003437829742332959,52,52,0,-1,3,3,4,1,83,90,89
185,0,616,1,100,99,0,38,1,55,54,0,38,1,58,57,0.0,0.030634126416828347,1,91,90,2,-1,3,3,0,58,81,10
186,26,642,51,100,49,22,32,42,57,15,22,32,45,59,14,0.00445896728956057,0.027094182919772627,53,90,37,2,3,3,2,6,91,41,11
187,0,206,1,86,85,0,40,1,33,32,0,30,1,43,42,0.0,0.003710133088260322,1,48,47,3,-1,4,8,0,27,96,26
188,50,152,57,91,34,48,48,54,54,0,48,48,56,56,0,0.006909697402906838,0.007318152421797883,58,59,1,4,3,3,3,6,87,26,51
189,56,262,52,93,41,66,66,47,47,0,56,62,52,53,1,0.008305252050784574,0.010279451308757957,62,66,4,3,3,3,6,5,71,25,94
190,0,0,1,1,0,0,0,1,1,0,0,0,1,1,0,0.0,0.0,1,1,0,-1,-1,-1,9,0,54,80,45
191,80,286,63,95,32,114,114,67,67,0,80,86,63,63,0,0.0057524081827155455,0.0068075836481840775,57,62,5,3,3,3,9,5,23,47,53
192,327,327,99,99,0,120,120,87,87,0,120,120,88,88,0,0.03226794649239253,0.03226794649239253,93,93,0,-1,2,2,6,29,56,1,81
193,2,2,27,27,0,6,6,27,27,0,2,2,27,27,0,6.807583648184077e-05,6.807583648184077e-05,27,27,0,-1,5,5,5,1,37,78,86
194,0,616,1,100,99,0,72,1,39,38,0,56,1,55,54,0.0,0.008237176214302734,1,64,63,2,-1,3,10,0,11,81,27
195,76,692,68,100,32,54,54,60,60,0,54,54,62,62,0,0.006909697402906838,0.023418087749753225,61,86,25,2,3,3,4,6,78,13,6
196,16,16,38,38,0,34,34,39,39,0,16,16,38,38,0,0.0004765308553728854,0.0004765308553728854,35,35,0,-1,3,3,4,1,53,49,79
197,0,616,1,100,99,0,72,1,45,44,0,72,1,58,57,0.0,0.021137547227611558,1,84,83,2,-1,3,7,0,43,91,1
198,174,380,87,98,11,110,110,78,78,0,110,110,82,82,0,0.018040096667687803,0.01841451376833793,79,79,0,3,2,2,6,16,51,12,65
199,18,634,43,100,57,46,60,48,51,3,18,60,43,55,12,0.0018040096667687805,0.010687906327649,44,71,27,2,3,3,5,2,61,74,32
200,16,222,41,93,52,40,40,44,44,0,16,40,41,52,11,0.0028932230504782326,0.007760645358929848,48,65,17,3,3,3,5,3,70,46,57
201,2,2,27,27,0,6,6,29,29,0,2,2,27,27,0,0.00010211375472276115,0.00010211375472276115,30,30,0,-1,5,5,3,1,87,60,93
202,132,748,82,100,18,264,264,93,93,0,132,264,82,94,12,0.011981347220803976,0.022499063957248374,72,84,12,2,2,2,12,5,6,25,37
203,2,2,26,26,0,16,16,26,26,0,2,2,26,26,0,3.4037918240920386e-05,3.4037918240920386e-05,26,26,0,-1,5,5,15,1,7,78,36
204,90,706,65,100,35,152,152,80,80,0,90,152,66,87,21,0.011845195547840293,0.027774941284591036,73,89,16,2,2,2,8,6,30,77,6
205,0,102,1,82,81,0,6,1,28,27,0,5,1,32,31,0.0,0.0008509479560230097,1,38,37,4,-1,5,3,0,75,93,64
206,56,672,63,100,37,62,62,77,77,0,56,62,77,77,0,0.006909697402906838,0.01834643793185609,62,83,21,2,2,2,3,2,58,52,77
207,0,102,1,83,82,0,4,1,30,29,0,4,1,32,31,0.0,0.0013955546478777359,1,42,41,4,-1,5,2,0,90,81,83
208,0,0,1,1,0,0,0,1,1,0,0,0,1,1,0,0.0,0.0,1,1,0,-1,-1,-1,12,0,3,79,67
209,0,0,1,1,0,0,0,1,1,0,0,0,1,1,0,0.0,0.0,1,1,0,-1,-1,-1,5,0,49,85,99
210,114,216,87,94,7,56,56,85,85,0,56,56,85,85,0,0.021580040164743523,0.02297559481262126,87,87,0,4,2,2,2,9,90,39,83
211,40,142,47,83,36,52,53,35,36,1,40,42,47,51,4,0.0026549576227917903,0.002723033459273631,44,45,1,4,2,2,9,1,29,55,60
212,0,616,1,100,99,0,50,1,49,48,0,50,1,53,52,0.0,0.037475747983253344,1,95,94,2,-1,3,5,0,37,89,3
213,52,1692,58,100,42,48,72,67,76,9,48,72,70,78,8,0.008986010415602982,0.06508049967663977,66,98,32,1,3,2,3,5,96,25,7
214,112,728,75,100,25,220,220,82,82,0,112,156,75,87,12,0.009122162088566664,0.01497668402600497,68,77,9,2,2,2,12,4,6,38,72
215,0,616,1,100,99,0,42,1,39,38,0,42,1,52,51,0.0,0.010143299635794275,1,67,66,2,-1,3,6,1,74,50,14
216,60,60,62,62,0,108,108,67,67,0,60,60,62,62,0,0.005548180673270023,0.005548180673270023,59,59,0,-1,3,3,8,5,57,47,93
217,134,236,82,91,9,272,272,87,87,0,134,136,82,83,1,0.011640968038394772,0.011879233466081215,71,71,0,4,2,2,14,6,8,77,88
218,0,616,1,100,99,0,52,1,40,39,0,48,1,50,49,0.0,0.007828721195411689,1,59,58,2,-1,3,7,0,46,93,17
219,397,597,99,100,1,224,224,98,98,0,224,224,98,98,0,0.035875965825930084,0.03621634500833929,93,93,0,3,2,2,8,29,21,11,64
220,176,382,91,100,9,48,48,63,63,0,48,48,64,64,0,0.023315973995030465,0.02740052418394091,87,89,2,3,3,3,3,15,82,16,72
221,2,208,27,92,65,10,26,30,35,5,2,26,27,49,22,0.00017018959120460194,0.004050512270669526,30,51,21,3,5,4,5,1,37,4,47
222,39,141,58,91,33,32,32,63,63,0,32,32,64,64,0,0.005037611899656217,0.005820484019197386,58,60,2,4,3,3,2,4,86,22,43
223,6,622,29,100,71,34,114,30,60,30,6,82,29,59,30,0.00037441710065012424,0.00704584907587052,32,62,30,2,4,3,13,1,13,60,21
224,438,638,99,100,1,168,168,99,99,0,168,168,99,99,0,0.048674223084516154,0.05200993907212635,98,99,1,3,2,2,6,40,71,3,57
225,100,100,63,63,0,100,100,47,47,0,100,100,63,63,0,0.049593246877021,0.07508764763947037,96,100,4,1,1,1,10,29,36,0,1
226,38,244,47,94,47,54,54,56,56,0,38,54,48,56,8,0.003642057251778481,0.01592974573675074,47,79,32,3,3,3,4,6,67,70,18
227,0,206,1,88,87,0,17,1,28,27,0,6,1,28,27,0.0,0.0002382654276864427,1,31,30,3,-1,4,10,0,11,85,88
228,54,156,63,91,28,22,22,48,48,0,22,22,51,51,0,0.006433166547533953,0.007147962830593281,59,60,1,4,3,3,2,7,95,62,71
229,252,252,95,95,0,64,64,64,64,0,64,64,67,67,0,0.03100854351747847,0.03100854351747847,90,90,0,-1,3,3,4,29,77,1,84
230,82,82,76,76,0,32,32,69,69,0,32,32,69,69,0,0.012832295176826986,0.012832295176826986,75,75,0,-1,3,3,2,8,90,20,79
231,158,364,84,96,12,142,142,72,72,0,142,142,83,83,0,0.00980292045338507,0.01330882603219987,69,77,8,3,2,2,8,9,42,31,35
232,100,100,74,74,0,100,100,80,80,0,100,100,80,80,0,0.06535280302256714,0.07154770414241465,99,99,0,3,1,1,5,29,45,0,8
233,94,710,67,100,33,158,158,83,83,0,94,158,68,87,19,0.012117498893767658,0.022635215630212056,71,83,12,2,2,2,9,5,26,25,14
234,240,342,94,96,2,198,198,86,86,0,198,198,92,92,0,0.018891044623710815,0.018891044623710815,79,79,0,4,2,2,10,18,12,5,68
235,16,222,40,92,52,36,36,41,41,0,16,36,40,50,10,0.0009530617107457708,0.005990673610401988,39,56,17,3,3,3,5,1,88,49,44
236,22,22,41,41,0,58,58,36,36,0,22,22,41,41,0,0.0006126825283365669,0.0006126825283365669,35,35,0,-1,3,3,10,2,18,63,69
237,22,638,46,100,54,28,28,43,43,0,22,28,46,49,3,0.002280540522141666,0.024473263215221756,49,89,40,2,3,3,3,2,66,52,10
238,12,218,36,95,59,14,18,32,37,5,12,18,36,43,7,0.0004084550188910446,0.005105687736138058,34,52,18,3,4,4,3,2,96,63,28
239,62,268,53,93,40,108,108,58,58,0,62,68,53,56,3,0.003165526396405596,0.003778208924742163,49,52,3,3,2,2,12,3,3,54,42
240,64,64,55,55,0,136,136,67,67,0,64,64,55,55,0,0.006501242384015794,0.006501242384015794,58,58,0,-1,2,2,12,6,2,73,59
241,76,76,67,67,0,70,70,62,62,0,70,70,69,69,0,0.008305252050784574,0.008305252050784574,66,66,0,-1,3,3,5,7,45,21,82
242,16,632,33,100,67,66,86,44,55,11,16,86,33,61,28,0.004152626025392287,0.01596378365499166,49,77,28,2,3,3,6,1,51,90,8
243,94,694,72,100,28,64,64,70,70,0,64,64,70,70,0,0.01327478811395895,0.022703291466693896,73,85,12,2,3,3,4,9,84,27,39
244,66,66,61,61,0,60,60,49,49,0,60,60,59,59,0,0.005956635692161067,0.005956635692161067,55,55,0,-1,3,3,5,6,88,13,87
245,128,334,81,96,15,150,150,85,85,0,128,150,86,88,2,0.00796487286837537,0.014772456516559448,61,78,17,3,2,2,7,5,46,47,77
246,134,134,83,83,0,240,240,89,89,0,134,134,83,83,0,0.011640968038394772,0.011640968038394772,71,71,0,-1,2,2,12,6,6,77,82
247,28,234,47,93,46,46,46,43,43,0,28,46,47,51,4,0.0026889955410327104,0.00616086320160659,48,58,10,3,3,3,6,6,65,70,35
248,0,1640,1,100,99,0,144,1,64,63,0,144,1,80,79,0.0,0.030497974743864665,1,91,90,1,-1,2,10,0,18,59,7
249,0,102,1,77,76,0,12,1,26,25,0,2,1,26,25,0.0,3.4037918240920386e-05,1,27,26,4,-1,5,11,0,33,84,65
250,128,744,79,100,21,290,290,83,83,0,128,226,79,89,10,0.008713707069675619,0.01858470335954253,60,81,21,2,2,2,17,6,20,26,14
251,236,338,92,95,3,174,174,93,93,0,174,174,94,94,0,0.017155110793423873,0.017325300384628477,80,81,1,4,2,2,7,14,24,32,60
252,100,100,64,64,0,100,100,57,57,0,100,100,65,65,0,0.037509785901494265,0.04111780523503183,96,96,0,2,1,1,8,9,10,39,28
253,0,0,1,1,0,0,0,1,1,0,0,0,1,1,0,0.0,0.0,1,1,0,-1,-1,-1,7,0,24,92,91
254,0,0,1,1,0,0,0,1,1,0,0,0,1,1,0,0.0,0.0,1,1,0,-1,-1,-1,5,0,61,98,96
255,0,616,1,100,99,0,28,1,42,41,0,28,1,48,47,0.0,0.0068075836481840775,1,59,58,2,-1,3,3,0,75,84,21
256,140,242,85,91,6,170,170,78,78,0,140,142,85,85,0,0.010279451308757957,0.010381565063480718,68,68,0,4,2,2,11,13,38,24,65
257,22,228,42,95,53,34,34,39,39,0,22,30,42,50,8,0.0013274788113958951,0.0022465026039007454,41,45,4,3,3,3,4,2,53,74,51
258,96,96,64,64,0,94,94,62,62,0,94,94,69,69,0,0.011232513019503728,0.011232513019503728,73,73,0,-1,2,2,5,6,52,34,45
259,116,732,77,100,23,104,104,80,80,0,104,104,81,81,0,0.013513053541645392,0.0212056230640934,74,84,10,2,2,2,5,8,63,17,77
260,114,114,87,87,0,56,56,88,88,0,56,56,88,88,0,0.020695054290479593,0.020695054290479593,85,85,0,-1,2,2,2,9,93,31,36
261,100,100,69,69,0,100,100,66,66,0,100,100,75,75,0,0.025936893699581333,0.025936893699581333,88,88,0,-1,1,1,6,1,51,55,76
262,0,0,1,1,0,0,0,1,1,0,0,0,1,1,0,0.0,0.0,1,1,0,-1,-1,-1,4,0,79,36,59
263,140,346,84,99,15,88,88,84,84,0,88,88,84,84,0,0.017121072875182955,0.01756356581231492,80,80,0,3,2,2,4,14,67,32,60
264,158,358,83,95,12,184,184,94,94,0,158,184,87,94,7,0.015657442390823378,0.016984921202219273,76,78,2,3,2,2,7,6,24,77,54
265,246,862,92,100,8,200,200,94,94,0,200,200,94,94,0,0.020354675108070392,0.02750263793866367,81,87,6,2,2,2,8,14,10,32,34
266,6,212,33,90,57,38,38,34,34,0,6,18,33,44,11,0.00088498587426393,0.003914360597705844,38,49,11,3,4,4,9,1,26,71,29
267,171,1811,90,100,10,72,96,85,94,9,72,96,85,94,9,0.030293747234419143,0.06317437625514824,90,99,9,1,2,2,3,15,60,16,73
268,78,284,61,95,34,152,152,80,80,0,78,97,61,68,7,0.008169100377820893,0.010994247591817285,63,72,9,3,2,2,8,7,30,62,22
269,1,617,26,100,74,7,44,26,38,12,1,44,26,52,26,0.0,0.013955546478777357,1,76,75,2,6,3,7,2,62,58,15
270,10,216,38,95,57,18,18,41,41,0,10,18,38,44,6,0.0012253650566731338,0.006671431975220395,43,59,16,3,4,4,3,3,60,43,44
271,0,206,1,89,88,0,26,1,29,28,0,6,1,28,27,0.0,0.0006467204465774873,1,35,34,3,-1,4,10,0,18,36,49
272,314,416,97,98,1,272,272,95,95,0,272,272,95,95,0,0.02379250485040335,0.02403077027808979,89,89,0,4,2,2,11,19,19,15,55
273,24,640,48,100,52,78,118,47,68,21,24,118,48,80,32,0.0018040096667687805,0.03362946322202934,42,89,47,2,3,3,8,4,57,64,2
274,6,212,30,94,64,12,16,30,34,4,6,12,30,36,6,0.00034037918240920387,0.002314578440382586,33,45,12,3,4,4,4,1,53,4,94
275,6,212,32,92,60,10,18,32,37,5,6,18,32,46,14,0.00017018959120460194,0.0032336022328874367,31,52,21,3,4,4,3,1,76,4,47
276,16,632,38,100,62,48,58,41,43,2,16,39,38,51,13,0.001157289220191293,0.003982436434187685,39,50,11,2,3,3,7,1,62,71,54
277,62,678,52,100,48,162,162,64,64,0,62,84,52,54,2,0.0017359338302869397,0.003369753905851118,41,51,10,2,2,2,17,4,20,64,54
278,42,248,50,93,43,84,84,64,64,0,42,84,51,68,17,0.003199564314646516,0.006126825283365669,48,55,7,3,2,2,5,2,50,61,41
279,100,100,59,59,0,100,100,46,46,0,100,100,59,59,0,0.031655263964055956,0.04346642159365533,91,95,4,2,1,1,11,15,5,19,6
280,0,206,1,92,91,0,30,1,38,37,0,30,1,48,47,0.0,0.011130399264780965,1,71,70,3,-1,4,5,0,88,96,6
281,25,231,50,97,47,32,32,58,58,0,32,32,60,60,0,0.004595118962524252,0.010279451308757957,54,66,12,3,3,3,2,6,91,73,48
282,0,101,1,75,74,0,14,1,25,24,0,1,1,25,24,0.0,0.0,1,1,0,5,-1,6,14,0,8,89,78
283,0,0,1,1,0,0,0,1,1,0,0,0,1,1,0,0.0,0.0,1,1,0,-1,-1,-1,9,0,26,86,40
284,146,762,85,100,15,128,128,93,93,0,128,128,93,93,0,0.01664454201981007,0.02920453385070969,77,87,10,2,2,2,5,8,70,17,14
285,100,100,71,71,0,100,100,80,80,0,100,100,81,81,0,0.0318935293917424,0.0318935293917424,91,91,0,-1,1,1,5,2,49,63,85
286,12,218,37,94,57,12,12,32,32,0,12,12,37,37,0,0.0009870996289866913,0.0029612988869600733,38,48,10,3,4,4,2,2,91,74,54
287,40,656,48,100,52,116,116,74,74,0,40,63,48,53,5,0.0032336022328874367,0.006024711528642908,48,55,7,2,2,2,7,1,46,53,54
288,40,656,45,100,55,188,188,71,71,0,40,92,45,57,12,0.0026889955410327104,0.010790020082371761,47,67,20,2,2,2,14,1,25,53,17
289,100,100,84,84,0,100,100,98,98,0,100,100,98,98,0,0.08359712719970047,0.08390346846386874,99,99,0,5,1,1,2,7,97,62,60
290,140,1780,84,100,16,88,112,84,98,14,88,112,84,98,14,0.017121072875182955,0.04217298070050036,80,97,17,1,2,2,4,14,67,32,69
291,0,206,1,92,91,0,10,1,31,30,0,8,1,36,35,0.0,0.0002382654276864427,1,31,30,3,-1,4,3,1,64,45,63
292,63,63,60,60,0,110,110,80,80,0,63,63,60,60,0,0.0061949011198475104,0.0061949011198475104,57,57,0,-1,2,2,6,4,48,22,96
293,230,430,95,100,5,64,64,68,68,0,64,64,71,71,0,0.03226794649239253,0.03829265802103543,91,94,3,3,3,3,4,29,72,0,14
294,124,1764,83,100,17,54,78,55,76,21,54,78,60,76,16,0.013070560604513427,0.047959426801456824,72,98,26,1,3,2,4,14,84,32,15
295,70,70,65,65,0,38,38,46,46,0,38,38,51,51,0,0.007250076585316042,0.007250076585316042,60,60,0,-1,3,3,3,9,96,31,82
296,100,100,64,64,0,100,100,44,44,0,100,100,64,64,0,0.04516831750570135,0.04516831750570135,96,96,0,-1,1,1,13,29,13,1,85
297,227,329,92,97,5,144,144,94,94,0,144,144,94,94,0,0.02831954797644576,0.028489737567650362,90,91,1,4,2,2,6,20,71,23,63
298,100,100,72,72,0,100,100,71,71,0,100,100,75,75,0,0.06671431975220396,0.06671431975220396,99,99,0,-1,1,1,6,27,32,10,79
299,84,290,66,95,29,64,64,61,61,0,64,64,64,64,0,0.009564655025698629,0.012594029749140543,66,73,7,3,2,2,5,9,49,31,28
300,0,101,1,81,80,0,3,1,24,23,0,1,1,24,23,0.0,0.0,1,1,0,6,-1,7,3,0,96,36,68
301,76,76,62,62,0,90,90,65,65,0,76,76,61,61,0,0.009088124170325743,0.009088124170325743,66,66,0,-1,2,2,6,6,74,34,59
302,100,100,77,77,0,100,100,97,97,0,100,100,97,97,0,0.08169100377820893,0.08621804690425133,100,100,0,2,1,1,3,30,55,7,38
303,0,1640,1,100,99,0,96,1,62,61,0,96,1,67,66,0.0,0.04067531229789986,1,94,93,1,-1,2,7,0,62,98,3
304,16,16,40,40,0,50,50,47,47,0,16,16,40,40,0,0.002144388849177984,0.002144388849177984,46,46,0,-1,3,3,5,2,88,94,89
305,100,100,68,68,0,100,100,63,63,0,100,100,68,68,0,0.05888559855679227,0.05888559855679227,100,100,0,-1,1,1,6,30,41,7,99
306,100,100,60,60,0,100,100,50,50,0,100,100,60,60,0,0.027877055039313797,0.04401102828551006,89,93,4,2,1,1,9,7,28,48,18
307,12,628,35,100,65,18,28,35,44,9,12,28,35,51,16,0.0014295925661186562,0.01606589740971442,39,78,39,2,4,3,3,2,94,61,15
308,0,0,1,1,0,0,0,1,1,0,0,0,1,1,0,0.0,0.0,1,1,0,-1,-1,-1,3,0,87,67,89
309,24,640,50,100,50,22,22,47,47,0,22,22,52,52,0,0.0017359338302869397,0.010892133837094524,42,72,30,2,3,3,2,4,89,64,44
310,0,0,1,1,0,0,0,1,1,0,0,0,1,1,0,0.0,0.0,1,1,0,-1,-1,-1,7,1,46,50,92
311,121,737,77,100,23,206,216,76,79,3,121,216,77,91,14,0.009292351679771264,0.012764219340345145,69,72,3,2,2,2,12,8,6,44,35
312,54,260,65,97,32,48,48,68,68,0,48,48,69,69,0,0.009360427516253106,0.01147077844719017,70,73,3,3,3,3,3,7,81,48,75
313,146,1786,83,100,17,96,120,67,84,17,96,120,68,86,18,0.014023622315259198,0.03260832567480173,75,92,17,1,3,2,6,13,74,33,41
314,2,2,28,28,0,4,4,30,30,0,2,2,28,28,0,0.00010211375472276115,0.00010211375472276115,29,29,0,-1,5,5,2,1,68,95,69
315,0,616,1,100,99,0,42,1,39,38,0,42,1,52,51,0.0,0.006603356138738555,1,61,60,2,-1,3,6,0,48,79,31
316,0,616,1,100,99,0,38,1,60,59,0,38,1,62,61,0.0,0.025902855781340415,1,89,88,2,-1,3,3,1,81,69,1
317,100,300,77,95,18,72,72,77,77,0,72,72,77,77,0,0.009564655025698629,0.016440314510364547,72,79,7,3,2,2,3,6,82,13,8
318,100,300,60,94,34,178,178,69,69,0,100,102,60,75,15,0.008645631233193778,0.008986010415602982,65,65,0,3,2,2,14,6,25,34,63
319,190,790,88,100,12,228,228,89,89,0,190,228,88,91,3,0.015351101126655093,0.027128220838013545,78,88,10,2,2,2,11,9,38,27,12
320,143,245,83,93,10,70,70,56,56,0,70,70,63,63,0,0.013376901868681712,0.013581129378127233,75,75,0,4,3,3,5,14,37,32,55
321,46,147,63,89,26,22,22,49,49,0,22,22,53,53,0,0.004288777698355968,0.004288777698355968,54,54,0,6,3,3,2,6,90,28,68
322,0,0,1,1,0,0,0,1,1,0,0,0,1,1,0,0.0,0.0,1,1,0,-1,-1,-1,5,0,70,89,50
323,16,16,41,41,0,24,24,42,42,0,16,16,41,41,0,0.0006807583648184077,0.0006807583648184077,35,35,0,-1,3,3,3,1,60,88,80
324,102,102,81,81,0,48,48,69,69,0,48,48,70,70,0,0.01415977398822288,0.01415977398822288,77,77,0,-1,3,3,3,14,55,14,89
325,0,206,1,90,89,0,14,1,30,29,0,7,1,35,34,0.0,0.0004084550188910446,1,33,32,3,-1,4,6,0,48,67,56
326,144,1784,86,100,14,80,104,68,87,19,80,104,72,87,15,0.019469689233806462,0.05908982606623779,83,99,16,1,3,2,5,18,88,30,0
327,28,234,49,93,44,28,28,40,40,0,28,28,49,49,0,0.0020082371762143027,0.002927260968719153,44,50,6,3,3,3,3,3,82,43,42
328,56,56,61,61,0,38,38,51,51,0,38,38,54,54,0,0.009632730862180468,0.009632730862180468,68,68,0,-1,3,3,3,7,94,21,79
329,0,102,1,83,82,0,4,1,28,27,0,4,1,30,29,0.0,0.0005786446100956465,1,34,33,4,-1,5,2,0,99,79,43
330,132,234,80,93,13,96,96,67,67,0,96,96,70,70,0,0.013887470642295518,0.013989584397018279,75,75,0,4,3,3,6,14,65,14,60
331,94,94,58,58,0,180,180,71,71,0,94,94,58,58,0,0.007318152421797883,0.007318152421797883,58,58,0,-1,2,2,11,6,5,26,91
332,75,275,60,95,35,118,118,75,75,0,75,78,60,62,2,0.007386228258279724,0.008339289969025495,60,61,1,3,2,2,9,6,26,35,54
333,22,22,41,41,0,78,78,37,37,0,22,22,41,41,0,0.0019061234214915416,0.0019061234214915416,43,43,0,-1,3,3,12,2,14,83,82
334,49,151,52,83,31,156,156,67,67,0,49,51,52,52,0,0.004833384390210695,0.0048674223084516155,54,54,0,4,3,3,11,4,5,22,55
335,16,632,36,100,64,88,108,47,68,21,16,108,36,76,40,0.003948398515946765,0.019946220089179345,51,85,34,2,3,3,8,1,39,90,15
336,58,674,60,100,40,22,32,42,57,15,22,32,45,59,14,0.01058579257292624,0.018006058749446885,67,83,16,2,3,3,2,8,91,8,47
337,54,156,58,87,29,60,60,53,53,0,54,56,58,59,1,0.006024711528642908,0.0063650907110521125,60,60,0,4,3,3,5,4,49,72,88
338,136,237,84,91,7,248,248,90,90,0,136,137,84,84,0,0.011675005956635693,0.011743081793117532,71,71,0,6,2,2,11,7,38,62,58
339,0,616,1,100,99,0,96,1,46,45,0,96,1,62,61,0.0,0.012253650566731339,1,71,70,2,-1,3,10,0,22,87,19
340,0,0,1,1,0,0,0,1,1,0,0,0,1,1,0,0.0,0.0,1,1,0,-1,-1,-1,4,0,83,67,82
341,129,129,87,87,0,48,48,69,69,0,48,48,70,70,0,0.01678069369277375,0.01678069369277375,80,80,0,-1,3,3,3,15,55,19,66
342,68,1708,65,100,35,54,78,60,76,16,54,78,62,78,16,0.008203138296061813,0.040164743524286055,65,94,29,1,3,2,4,7,78,48,57
343,49,49,54,54,0,98,98,54,54,0,49,49,54,54,0,0.004561081044283332,0.004561081044283332,54,54,0,-1,3,3,8,4,10,22,36
344,0,0,1,1,0,0,0,1,1,0,0,0,1,1,0,0.0,0.0,1,1,0,-1,-1,-1,14,0,17,66,59
345,24,24,46,46,0,58,58,38,38,0,24,24,46,46,0,0.001157289220191293,0.001157289220191293,40,40,0,-1,3,3,8,4,15,64,45
346,0,206,1,91,90,0,40,1,32,31,0,19,1,37,36,0.0,0.003914360597705844,1,51,50,3,-1,4,10,0,0,84,73
347,212,828,90,100,10,166,166,83,83,0,166,166,88,88,0,0.013376901868681712,0.020831205963443275,75,84,9,2,2,2,8,14,15,32,24
348,112,214,80,89,9,252,252,85,85,0,112,116,80,81,1,0.007420266176520644,0.00803294870485721,61,62,1,4,2,2,14,4,17,72,51
349,270,270,100,100,0,56,56,88,88,0,56,56,88,88,0,0.049593246877021,0.049593246877021,98,98,0,-1,2,2,2,36,93,2,96
350,292,392,95,96,1,272,272,94,94,0,272,272,94,94,0,0.02743456210218183,0.02743456210218183,89,89,0,4,2,2,11,20,33,23,65
351,0,206,1,92,91,0,30,1,32,31,0,28,1,44,43,0.0,0.00527587732734266,1,52,51,3,-1,4,7,0,46,92,34
352,42,658,48,100,52,130,140,61,64,3,42,58,48,55,7,0.0013955546478777359,0.0030974505599237552,41,49,8,2,2,2,14,2,8,56,53
353,12,114,36,80,44,26,26,37,37,0,12,15,36,40,4,0.0011913271384322134,0.001940161339732462,40,43,3,4,4,4,5,3,70,51,74
354,64,270,58,95,37,104,104,66,66,0,64,77,58,62,4,0.006773545729943157,0.009020048333843901,59,65,6,3,3,3,9,7,26,62,70
355,0,206,1,96,95,0,8,1,33,32,0,8,1,39,38,0.0,0.003982436434187685,1,52,51,3,-1,4,2,0,93,36,72
356,16,117,36,79,43,88,88,49,49,0,16,17,36,41,5,0.002757071377514551,0.0027911092957554717,49,49,0,5,3,3,8,3,30,46,78
357,107,707,84,100,16,32,32,71,71,0,32,32,71,71,0,0.015146873617209572,0.04915075393988903,76,97,21,2,3,3,2,15,99,19,2
358,40,246,49,92,43,156,156,68,68,0,40,46,49,53,4,0.002825147213996392,0.0030974505599237552,48,49,1,3,2,2,12,1,14,53,88
359,24,640,47,100,53,40,50,39,44,5,24,40,47,52,5,0.0013274788113958951,0.0046972327172470135,40,53,13,2,3,3,5,4,63,64,46
360,114,114,80,80,0,158,158,80,80,0,114,114,80,80,0,0.00980292045338507,0.00980292045338507,68,68,0,-1,2,2,9,9,23,31,96
361,100,100,58,58,0,100,100,35,35,0,100,100,59,59,0,0.0424112461281868,0.0424112461281868,97,97,0,-1,1,1,17,29,20,0,91
362,94,300,65,96,31,60,60,48,48,0,60,60,61,61,0,0.007250076585316042,0.020048333843902106,63,85,22,3,3,3,5,9,63,31,30
363,46,662,54,100,46,60,80,53,70,17,46,80,54,71,17,0.00439089145307873,0.03230198441063344,52,92,40,2,3,3,5,6,49,28,10
364,124,124,83,83,0,54,54,55,55,0,54,54,60,60,0,0.013070560604513427,0.013070560604513427,72,72,0,-1,3,3,4,14,84,32,86
365,34,650,47,99,52,112,132,60,62,2,34,106,47,74,27,0.0015317063208414173,0.010790020082371761,42,70,28,2,3,3,12,4,6,64,20
366,0,616,1,100,99,0,34,1,42,41,0,34,1,51,50,0.0,0.009292351679771264,1,68,67,2,-1,3,4,0,83,86,33
367,1,617,26,100,74,4,26,26,45,19,1,17,26,47,21,3.4037918240920386e-05,0.003437829742332959,29,52,23,2,6,3,4,1,78,68,42
368,0,101,1,76,75,0,9,1,25,24,0,1,1,25,24,0.0,6.807583648184077e-05,1,28,27,5,-1,6,9,1,35,69,78
369,80,1720,57,100,43,180,204,71,78,7,80,204,57,87,30,0.00970080669866231,0.026379386636713298,63,88,25,1,2,2,11,5,5,25,17
370,100,100,76,76,0,100,100,96,96,0,100,100,96,96,0,0.0549372000408455,0.05854521937438306,97,99,2,3,1,1,3,4,58,22,38
371,154,360,88,98,10,88,88,82,82,0,88,88,82,82,0,0.024166921951053473,0.03087239184451479,86,90,4,3,2,2,4,20,78,23,24
372,267,883,97,100,3,72,72,86,86,0,72,72,86,86,0,0.046904251335988294,0.05075053609721229,96,97,1,2,2,2,3,36,92,2,88
373,18,119,47,77,30,44,44,48,48,0,18,19,47,47,0,0.0018380475850097008,0.0018380475850097008,44,44,0,5,3,3,4,2,83,61,68
374,70,686,59,100,41,128,128,67,67,0,70,128,59,78,19,0.006501242384015794,0.018857006705469893,59,81,22,2,3,3,8,6,15,26,6
375,46,1686,49,100,51,112,166,62,82,20,46,166,49,87,38,0.0025188059498281084,0.04288777698355969,46,97,51,1,2,2,8,2,42,61,2
376,213,313,93,99,6,48,48,64,64,0,48,48,66,66,0,0.030191633479696382,0.03083835392627387,90,90,0,4,3,3,3,29,85,11,64
377,22,638,42,100,58,146,156,67,68,1,22,76,42,57,15,0.0046972327172470135,0.012287688484972258,57,73,16,2,3,3,11,3,19,29,17
378,50,152,54,86,32,74,74,42,42,0,44,44,51,51,0,0.003369753905851118,0.003437829742332959,47,48,1,4,3,3,9,6,31,41,68
379,0,0,1,1,0,0,0,1,1,0,0,0,1,1,0,0.0,0.0,1,1,0,-1,-1,-1,3,0,92,84,59
380,0,0,1,1,0,0,0,1,1,0,0,0,1,1,0,0.0,0.0,1,1,0,-1,-1,-1,4,0,47,93,40
381,115,115,86,86,0,56,56,82,82,0,56,56,82,82,0,0.023281936076789543,0.023281936076789543,87,87,0,-1,2,2,2,12,89,37,69
382,221,1821,93,100,7,72,72,80,80,0,72,72,80,80,0,0.03359542530378842,0.06940331529323666,91,99,8,1,2,2,3,29,76,0,15
383,156,362,88,99,11,88,88,81,81,0,88,88,81,81,0,0.021682153919466287,0.027774941284591036,85,90,5,3,2,2,4,14,73,14,77
384,0,616,1,100,99,0,40,1,43,42,0,40,1,52,51,0.0,0.02831954797644576,1,87,86,2,-1,3,5,0,70,76,3
385,92,194,75,93,18,32,32,58,58,0,32,32,59,59,0,0.012015385139044895,0.012832295176826986,75,75,0,4,3,3,2,8,68,17,83
386,349,549,100,100,0,96,96,91,91,0,96,96,91,91,0,0.05497123795908642,0.057149664726505324,97,97,0,3,2,2,3,36,76,2,22
387,182,182,87,87,0,136,136,77,77,0,136,136,83,83,0,0.01783586915824228,0.01783586915824228,82,82,0,-1,2,2,7,18,24,30,84
388,0,616,1,100,99,0,21,1,33,32,0,16,1,35,34,0.0,0.007658531604207087,1,62,61,2,-1,3,6,0,56,97,58
389,6,212,33,93,60,24,24,40,40,0,6,24,33,52,19,0.0031314884781646754,0.009088124170325743,51,67,16,3,4,4,4,1,78,90,21
390,0,0,1,1,0,0,0,1,1,0,0,0,1,1,0,0.0,0.0,1,1,0,-1,-1,-1,11,0,19,85,93
391,8,8,37,37,0,26,26,36,36,0,8,8,37,37,0,0.00030634126416828345,0.00030634126416828345,34,34,0,-1,4,4,5,2,49,56,45
392,86,292,70,96,26,70,70,67,67,0,70,70,71,71,0,0.01147077844719017,0.012253650566731339,72,72,0,3,3,3,5,6,70,77,49
393,100,100,66,66,0,100,100,52,52,0,100,100,66,66,0,0.03369753905851118,0.03369753905851118,91,91,0,-1,1,1,8,13,15,33,85
394,112,318,81,95,14,236,236,85,85,0,112,120,81,82,1,0.010245413390517035,0.013513053541645392,68,74,6,3,2,2,13,4,13,38,29
395,0,616,1,100,99,0,28,1,44,43,0,28,1,51,50,0.0,0.02365635317743967,1,89,88,2,-1,3,3,1,94,50,7
396,210,826,91,100,9,104,104,82,82,0,104,104,83,83,0,0.021239660982334322,0.043364307838932574,84,97,13,2,2,2,5,16,50,12,11
397,100,100,62,62,0,100,100,48,48,0,100,100,62,62,0,0.04237720820994588,0.04237720820994588,97,97,0,-1,1,1,10,15,11,16,92
398,40,142,53,88,35,72,72,77,77,0,40,42,67,69,2,0.00970080669866231,0.010177337554035196,71,73,2,4,2,2,3,1,96,90,42
399,6,108,31,84,53,8,9,31,31,0,6,8,31,34,3,0.00017018959120460194,0.0007828721195411688,30,36,6,4,4,4,3,1,55,4,71
400,2,618,26,100,74,7,38,26,37,11,2,24,26,48,22,0.0,0.004016474352428605,1,50,49,2,5,3,6,1,59,68,29
401,0,616,1,100,99,0,52,1,45,44,0,40,1,52,51,0.0,0.010858095918853602,1,68,67,2,-1,3,6,0,74,89,62
402,88,704,56,100,44,250,250,75,75,0,88,110,56,74,18,0.008407365805507334,0.011368664692467409,59,65,6,2,2,2,16,7,9,62,29
403,0,102,1,81,80,0,4,1,30,29,0,4,1,31,30,0.0,0.001940161339732462,1,43,42,4,-1,5,2,0,95,86,75
404,0,206,1,88,87,0,30,1,29,28,0,8,1,30,29,0.0,0.000442492937131965,1,33,32,3,-1,4,14,0,17,87,63
405,0,0,1,1,0,0,0,1,1,0,0,0,1,1,0,0.0,0.0,1,1,0,-1,-1,-1,9,1,35,45,59
406,16,632,35,100,65,78,88,44,48,4,16,88,35,60,25,0.0026889955410327104,0.010415602981721638,46,67,21,2,3,3,8,3,27,46,32
407,110,726,79,100,21,70,70,63,63,0,70,70,66,66,0,0.012185574730249497,0.032199870655910685,72,92,20,2,3,3,5,14,49,32,7
408,0,206,1,96,95,0,8,1,32,31,0,8,1,37,36,0.0,0.012491915994417782,1,73,72,3,-1,4,2,0,99,76,6
409,162,162,88,88,0,128,128,90,90,0,128,128,90,90,0,0.01766567956703768,0.01766567956703768,79,79,0,-1,2,2,5,13,63,33,91
410,16,632,38,100,62,34,44,39,48,9,16,44,38,53,15,0.0004765308553728854,0.021341774737057083,35,86,51,2,3,3,4,1,53,49,11
411,0,206,1,90,89,0,16,1,32,31,0,13,1,40,39,0.0,0.002212464685659825,1,45,44,3,-1,4,4,0,79,91,70
412,0,1640,1,100,99,0,100,1,58,57,0,100,1,63,62,0.0,0.04380680077606454,1,97,96,1,-1,2,6,0,40,80,2
413,22,124,47,84,37,38,38,57,57,0,22,38,48,58,10,0.004561081044283332,0.004901460226692535,55,55,0,4,3,3,3,3,55,29,56
414,8,214,38,94,56,8,8,33,33,0,8,8,38,38,0,0.0007828721195411688,0.004118588107151367,40,52,12,3,4,4,2,2,90,74,73
415,254,355,95,97,2,224,224,98,98,0,224,224,98,98,0,0.024507301133462677,0.0245413390517036,86,86,0,5,2,2,8,18,21,30,78
416,34,34,54,54,0,32,32,58,58,0,32,32,59,59,0,0.0033016780693692774,0.0033016780693692774,51,51,0,-1,3,3,2,6,68,70,84
417,100,100,67,67,0,100,100,54,54,0,100,100,67,67,0,0.030463936825623743,0.039415909322985804,90,96,6,2,1,1,9,14,35,32,14
418,12,218,32,93,61,20,20,30,30,0,12,20,32,40,8,0.001157289220191293,0.005684332346233704,36,53,17,3,4,4,4,3,67,51,62
419,0,206,1,87,86,0,60,1,33,32,0,15,1,33,32,0.0,0.002586881786309949,1,47,46,3,-1,4,14,0,16,99,41
420,0,1640,1,100,99,0,84,1,73,72,0,84,1,73,72,0.0,0.046359644644133564,1,98,97,1,-1,2,5,0,49,93,3
421,167,268,86,94,8,126,126,80,80,0,126,126,83,83,0,0.014908608189523128,0.01507879778072773,76,76,0,5,2,2,7,15,62,19,55
422,0,616,1,100,99,0,90,1,37,36,0,36,1,45,44,0.0,0.006603356138738555,1,60,59,2,-1,3,14,0,17,79,25
423,372,1972,96,100,4,168,168,95,95,0,168,168,95,95,0,0.03744171006501242,0.05514142755029102,93,99,6,1,2,2,6,27,41,10,32
424,0,102,1,81,80,0,3,1,27,26,0,3,1,31,30,0.0,0.0011232513019503727,1,37,36,4,-1,5,2,0,95,81,54
425,159,775,86,100,14,234,234,91,91,0,159,234,86,92,6,0.009020048333843901,0.01330882603219987,68,76,8,2,2,2,12,8,3,57,13
426,22,228,40,92,52,94,94,49,49,0,22,32,40,45,5,0.0020082371762143027,0.0030293747234419145,44,46,2,3,3,3,9,2,31,61,43
427,63,63,58,58,0,94,94,68,68,0,63,63,59,59,0,0.006569318220497634,0.006569318220497634,58,58,0,-1,2,2,5,4,61,22,59
428,100,100,58,58,0,100,100,38,38,0,100,100,58,58,0,0.042955852820041523,0.042955852820041523,95,95,0,-1,1,1,16,29,9,11,50
429,40,40,47,47,0,104,104,57,57,0,40,40,47,47,0,0.003778208924742163,0.003778208924742163,51,51,0,-1,2,2,10,2,0,94,66
430,121,721,78,100,22,154,154,67,67,0,121,154,78,83,5,0.008577555396711936,0.014602266925354846,67,76,9,2,2,2,10,8,18,44,21
431,180,796,89,100,11,158,158,83,83,0,158,158,87,87,0,0.017972020831205963,0.03335715987610198,81,89,8,2,2,2,9,17,31,6,15
432,22,228,41,89,48,126,126,61,61,0,22,32,41,45,4,0.0018380475850097008,0.002723033459273631,43,48,5,3,3,3,11,2,5,61,43
433,40,246,48,94,46,54,58,56,65,9,40,58,49,66,17,0.004731270635487933,0.008747744987916539,49,62,13,3,2,2,4,1,67,71,47
434,2,208,29,92,63,9,30,30,38,8,2,30,29,48,19,0.00010211375472276115,0.011675005956635693,29,72,43,3,5,4,5,1,88,55,6
435,24,24,46,46,0,58,58,38,38,0,24,24,46,46,0,0.001157289220191293,0.001157289220191293,40,40,0,-1,3,3,8,4,15,64,86
436,2,2,27,27,0,6,6,28,28,0,2,2,27,27,0,6.807583648184077e-05,6.807583648184077e-05,28,28,0,-1,5,5,4,2,83,58,69
437,189,805,87,100,13,120,120,78,78,0,120,120,78,78,0,0.02403077027808979,0.0353994349705572,87,92,5,2,2,2,6,20,41,23,37
438,2,2,29,29,0,8,8,30,30,0,2,2,29,29,0,0.00017018959120460194,0.00017018959120460194,30,30,0,-1,5,5,4,1,73,65,76
439,6,108,32,84,52,12,12,35,35,0,6,8,32,37,5,0.0018380475850097008,0.0024507301133462676,44,46,2,4,4,4,2,1,98,53,71
440,100,100,57,57,0,100,100,38,38,0,100,100,57,57,0,0.04292181490180061,0.04486197624153307,96,97,1,2,1,1,16,29,4,1,41
441,0,616,1,100,99,0,66,1,48,47,0,66,1,56,55,0.0,0.014398039415909322,1,76,75,2,-1,3,6,0,41,81,12
442,0,102,1,82,81,0,6,1,28,27,0,6,1,30,29,0.0,0.002586881786309949,1,47,46,4,-1,5,3,0,85,36,73
443,0,616,1,100,99,0,68,1,41,40,0,58,1,60,59,0.0,0.009326389598012186,1,69,68,2,-1,3,8,0,39,79,17
444,42,248,62,100,38,46,46,87,87,0,42,46,87,87,0,0.010517716736444398,0.02556247659893121,71,88,17,3,2,2,2,2,97,74,23
445,41,657,57,100,43,28,38,43,51,8,28,38,50,54,4,0.004969536063174376,0.01851662752306069,55,83,28,2,3,3,3,6,66,35,39
446,0,206,1,88,87,0,24,1,32,31,0,12,1,34,33,0.0,0.002723033459273631,1,46,45,3,-1,4,6,0,41,91,29
447,88,288,74,99,25,48,48,72,72,0,48,48,74,74,0,0.015214949453691413,0.018857006705469893,79,85,6,3,3,3,3,13,60,33,13
448,625,2265,100,100,0,368,392,100,100,0,368,392,100,100,0,0.053269342047040404,0.06582933387794003,99,100,1,1,2,2,11,36,19,2,62
449,6,622,30,100,70,16,34,35,38,3,6,34,30,50,20,0.0009190237925048504,0.00970080669866231,38,69,31,2,4,3,4,2,53,42,27
450,64,270,70,99,29,18,22,47,53,6,18,22,49,53,4,0.005650294427992784,0.011777119711358454,59,72,13,3,3,3,2,8,99,57,26
451,430,1030,100,100,0,168,168,96,96,0,168,168,96,96,0,0.04864018516627523,0.052554545763981074,96,97,1,2,2,2,6,40,32,3,21
452,0,206,1,94,93,0,10,1,31,30,0,10,1,38,37,0.0,0.006297014874570271,1,63,62,3,-1,4,3,0,81,85,24
453,124,124,78,78,0,230,230,87,87,0,124,124,78,78,0,0.010721944245889922,0.010721944245889922,70,70,0,-1,2,2,12,6,6,34,86
454,0,616,1,100,99,0,70,1,61,60,0,70,1,68,67,0.0,0.0245413390517036,1,88,87,2,-1,3,5,0,45,82,7
455,0,616,1,100,99,0,34,1,33,32,0,20,1,39,38,0.0,0.0016338200755641784,1,42,41,2,-1,3,8,1,42,50,43
456,100,100,62,62,0,100,100,48,48,0,100,100,62,62,0,0.047789237210252224,0.05575411007862759,98,98,0,2,1,1,10,29,11,0,27
457,0,0,1,1,0,0,0,1,1,0,0,0,1,1,0,0.0,0.0,1,1,0,-1,-1,-1,3,0,75,82,59
458,172,788,90,100,10,88,88,84,84,0,88,88,84,84,0,0.02032063718982947,0.033935804486197624,84,91,7,2,2,2,4,18,67,5,23
459,52,154,67,92,25,22,22,47,47,0,22,22,52,52,0,0.00796487286837537,0.00976888253514415,67,69,2,4,3,3,2,7,89,21,46
460,6,212,33,94,61,8,8,33,33,0,6,12,33,41,8,0.00017018959120460194,0.0022465026039007454,31,47,16,3,4,4,2,1,90,4,94
461,100,100,66,66,0,100,100,43,43,0,100,100,66,66,0,0.05023996732359849,0.06630586473331292,99,100,1,1,1,1,11,30,33,7,5
462,0,616,1,100,99,0,60,1,41,40,0,36,1,50,49,0.0,0.007488342013002485,1,60,59,2,-1,3,9,0,26,40,25
463,172,788,84,100,16,204,214,79,82,3,172,214,84,88,4,0.011743081793117532,0.02127369890057524,72,84,12,2,2,2,11,9,5,31,8
464,16,222,35,93,58,110,110,59,59,0,16,28,35,44,9,0.003437829742332959,0.004595118962524252,50,53,3,3,3,3,10,1,36,90,51
465,32,648,43,100,57,130,140,66,69,3,32,140,43,80,37,0.004663194799006093,0.01606589740971442,52,75,23,2,3,3,10,3,12,29,33
466,6,1646,29,100,71,29,98,33,49,16,6,84,29,59,30,0.00017018959120460194,0.01855066544130161,33,81,48,1,4,2,9,1,28,55,48
467,197,813,91,100,9,88,88,80,80,0,88,88,81,81,0,0.02631131080023146,0.041764525681609314,88,96,8,2,2,2,4,19,77,15,12
468,2,208,26,90,64,10,14,28,30,2,2,8,26,36,10,0.0002382654276864427,0.0020422750944552232,31,44,13,3,5,4,5,1,80,65,46
469,2,2,27,27,0,5,5,27,27,0,2,2,27,27,0,0.00017018959120460194,0.00017018959120460194,31,31,0,-1,5,5,3,1,87,55,93
470,2,618,28,100,72,5,24,29,42,13,2,24,28,50,22,6.807583648184077e-05,0.009870996289866912,29,69,40,2,5,3,3,1,55,65,33
471,0,102,1,76,75,0,9,1,29,28,0,4,1,30,29,0.0,0.0007488342013002485,1,36,35,4,-1,5,5,0,70,76,51
472,0,1640,1,100,99,0,56,1,81,80,0,56,1,81,80,0.0,0.07685761938799823,1,98,97,1,-1,2,2,0,89,79,3
473,78,284,57,95,38,128,128,72,72,0,78,84,57,59,2,0.0088498587426393,0.010313489226998877,67,70,3,3,2,2,9,4,35,38,94
474,6,6,29,29,0,14,14,30,30,0,6,6,29,29,0,0.00010211375472276115,0.00010211375472276115,29,29,0,-1,4,4,5,1,52,65,45
475,66,666,61,100,39,32,32,58,58,0,32,32,59,59,0,0.005582218591510943,0.011300588855985567,58,74,16,2,3,3,2,6,68,28,26
476,0,616,1,100,99,0,48,1,35,34,0,24,1,44,43,0.0,0.0028932230504782326,1,49,48,2,-1,3,9,1,28,45,70
477,230,436,95,100,5,64,64,68,68,0,64,64,71,71,0,0.03226794649239253,0.03669287586371218,91,94,3,3,3,3,4,29,72,0,57
478,18,120,43,79,36,40,40,42,42,0,18,18,43,43,0,0.0006126825283365669,0.0006467204465774873,36,37,1,4,3,3,5,2,61,56,95
479,67,273,62,96,34,98,98,52,52,0,67,73,62,64,2,0.006705469893461316,0.00707988699411144,63,64,1,3,3,3,8,8,39,57,60
480,186,186,85,85,0,308,308,87,87,0,186,186,85,85,0,0.01664454201981007,0.01664454201981007,81,81,0,-1,2,2,16,9,9,39,96
481,16,222,37,90,53,66,66,49,49,0,16,24,37,45,8,0.003914360597705844,0.0053439531638245,52,53,1,3,3,3,6,1,41,90,61
482,6,622,31,100,69,10,28,31,42,11,6,28,31,49,18,0.00013615167296368154,0.01405766023350012,30,79,49,2,4,3,3,1,66,4,39
483,0,206,1,92,91,0,38,1,32,31,0,10,1,35,34,0.0,0.0013955546478777359,1,40,39,3,-1,4,11,1,19,50,54
484,0,1640,1,100,99,0,164,1,73,72,0,164,1,88,87,0.0,0.03958609891419041,1,95,94,1,-1,2,10,1,1,69,2
485,16,632,35,100,65,72,80,39,40,1,16,64,35,55,20,0.0008509479560230097,0.0088498587426393,37,67,30,2,3,3,10,1,18,49,20
486,138,138,87,87,0,48,48,70,70,0,48,48,72,72,0,0.013138636440995268,0.013138636440995268,76,76,0,-1,3,3,3,14,94,32,93
487,2,2,27,27,0,13,13,27,27,0,2,2,27,27,0,0.00013615167296368154,0.00013615167296368154,29,29,0,-1,5,5,11,1,38,78,97
488,140,140,89,89,0,48,48,54,54,0,48,48,56,56,0,0.020831205963443275,0.020831205963443275,85,85,0,-1,3,3,3,20,87,23,80
489,0,0,1,1,0,0,0,1,1,0,0,0,1,1,0,0.0,0.0,1,1,0,-1,-1,-1,4,0,77,80,84
490,81,81,75,75,0,22,22,49,49,0,22,22,50,50,0,0.015351101126655093,0.015351101126655093,78,78,0,-1,3,3,2,17,93,6,66
491,0,0,1,1,0,0,0,1,1,0,0,0,1,1,0,0.0,0.0,1,1,0,-1,-1,-1,9,0,26,99,91
492,256,872,94,100,6,88,88,80,80,0,88,88,80,80,0,0.03260832567480173,0.046563872153579086,90,96,6,2,2,2,4,27,84,10,18
493,32,134,57,92,35,12,12,39,39,0,12,12,44,44,0,0.005616256509751864,0.006773545729943157,59,62,3,4,4,4,2,6,97,13,61
494,100,100,63,63,0,100,100,45,45,0,100,100,63,63,0,0.05000170189591205,0.06337860376459375,97,100,3,1,1,1,11,29,19,1,24
495,49,255,54,92,38,98,98,54,54,0,49,55,54,55,1,0.004561081044283332,0.004935498144933456,54,55,1,3,3,3,8,4,10,22,56
496,144,144,82,82,0,224,224,88,88,0,144,144,82,82,0,0.010075223799312433,0.010075223799312433,70,70,0,-1,2,2,11,7,33,21,85
497,56,158,53,82,29,120,120,58,58,0,56,58,53,53,0,0.0016678579938050988,0.0018380475850097008,41,42,1,4,2,2,14,2,16,63,55
498,16,222,41,93,52,50,50,50,50,0,16,22,41,47,6,0.0035739814152966403,0.004288777698355968,51,51,0,3,3,3,5,1,70,90,49
499,226,842,91,100,9,144,144,92,92,0,144,144,92,92,0,0.023009632730862182,0.02743456210218183,86,89,3,2,2,2,6,18,48,5,28
500,0,0,1,1,0,0,0,1,1,0,0,0,1,1,0,0.0,0.0,1,1,0,-1,-1,-1,9,1,35,45,91
501,22,22,41,41,0,80,80,43,43,0,22,22,41,41,0,0.0027911092957554717,0.0027911092957554717,46,46,0,-1,3,3,9,2,23,83,89
502,77,77,65,65,0,124,124,68,68,0,77,77,65,65,0,0.00789679703189353,0.00789679703189353,65,65,0,-1,3,3,9,8,31,44,69
503,0,0,1,1,0,0,0,1,1,0,0,0,1,1,0,0.0,0.0,1,1,0,-1,-1,-1,5,0,37,97,66
504,126,332,92,100,8,32,32,67,67,0,32,32,68,68,0,0.026651689982640663,0.030429898907382825,88,91,3,3,3,3,2,22,97,9,90
505,0,206,1,89,88,0,18,1,32,31,0,16,1,35,34,0.0,0.00445896728956057,1,55,54,3,-1,4,5,0,61,82,38
506,24,24,44,44,0,60,60,40,40,0,24,24,44,44,0,0.0013615167296368155,0.0013615167296368155,40,40,0,-1,3,3,9,4,35,64,89
507,0,0,1,1,0,0,0,1,1,0,0,0,1,1,0,0.0,0.0,1,1,0,-1,-1,-1,6,0,51,82,97
508,0,616,1,100,99,0,30,1,42,41,0,30,1,50,49,0.0,0.0051397256543789785,1,54,53,2,-1,3,4,0,79,98,28
509,0,0,1,1,0,0,0,1,1,0,0,0,1,1,0,0.0,0.0,1,1,0,-1,-1,-1,8,0,21,84,82
510,100,100,79,79,0,100,100,97,97,0,100,100,97,97,0,0.0569454372170598,0.06889274651962286,99,99,0,3,1,1,3,6,60,41,30
511,22,22,43,43,0,40,40,39,39,0,22,22,43,43,0,0.0020763130126961434,0.0020763130126961434,45,45,0,-1,3,3,5,2,63,75,98
512,0,0,1,1,0,0,0,1,1,0,0,0,1,1,0,0.0,0.0,1,1,0,-1,-1,-1,7,0,46,67,85
513,77,77,65,65,0,44,44,49,49,0,44,44,55,55,0,0.006535280302256714,0.006535280302256714,60,60,0,-1,3,3,4,8,79,57,98
514,173,173,94,94,0,48,48,70,70,0,48,48,72,72,0,0.025085945743558324,0.025085945743558324,90,90,0,-1,3,3,3,22,94,9,66
515,71,171,56,88,32,102,102,66,66,0,71,71,56,56,0,0.0051397256543789785,0.005207801490860819,56,56,0,5,2,2,8,6,10,35,58
516,6,622,28,100,72,18,40,32,39,7,6,40,28,48,20,0.00030634126416828345,0.007556417849484326,33,63,30,2,4,3,5,1,50,4,77
517,0,102,1,77,76,0,15,1,28,27,0,4,1,30,29,0.0,0.0004084550188910446,1,34,33,4,-1,5,8,0,57,81,51
518,16,16,48,48,0,22,22,52,52,0,16,16,51,51,0,0.0033016780693692774,0.0033016780693692774,52,52,0,-1,3,3,2,3,98,46,82
519,100,100,69,69,0,100,100,66,66,0,100,100,72,72,0,0.04520235542394227,0.04595118962524252,95,95,0,4,1,1,6,14,44,14,51
520,0,0,1,1,0,0,0,1,1,0,0,0,1,1,0,0.0,0.0,1,1,0,-1,-1,-1,2,0,95,76,84
521,0,0,1,1,0,0,0,1,1,0,0,0,1,1,0,0.0,0.0,1,1,0,-1,-1,-1,8,0,10,86,89
522,0,0,1,1,0,0,0,1,1,0,0,0,1,1,0,0.0,0.0,1,1,0,-1,-1,-1,16,0,9,36,69
523,96,712,62,100,38,118,142,71,77,6,96,142,63,83,20,0.010449640899962559,0.02651553830967698,69,88,19,2,2,2,8,6,10,34,16
524,84,700,58,100,42,136,136,81,81,0,84,136,59,87,28,0.007624493685966166,0.01507879778072773,58,77,19,2,2,2,7,6,46,26,38
525,1,207,26,93,67,4,20,26,34,8,1,13,26,41,15,0.0,0.0033016780693692774,1,50,49,3,6,4,4,2,73,58,29
526,16,16,36,36,0,40,40,42,42,0,16,16,36,36,0,0.002110350930937064,0.002110350930937064,46,46,0,-1,3,3,5,2,61,94,66
527,151,357,88,99,11,72,72,83,83,0,72,72,83,83,0,0.024609414888185438,0.02552843868069029,87,88,1,3,2,2,3,15,58,16,49
528,6,212,30,90,60,14,36,30,37,7,6,36,30,50,20,0.0002042275094455223,0.009598692943939549,32,67,35,3,4,4,6,1,74,55,39
529,0,206,1,94,93,0,32,1,36,35,0,32,1,50,49,0.0,0.010449640899962559,1,72,71,3,-1,4,6,1,32,50,30
530,88,88,61,61,0,164,164,74,74,0,88,88,61,61,0,0.007726607440688927,0.007726607440688927,63,63,0,-1,2,2,10,4,1,72,80
531,158,774,85,100,15,190,200,93,93,0,158,200,87,93,6,0.010177337554035196,0.016440314510364547,67,80,13,2,2,2,8,6,15,13,57
532,29,235,54,94,40,38,38,55,55,0,38,38,58,58,0,0.00439089145307873,0.00789679703189353,55,65,10,3,3,3,3,4,76,22,28
533,230,436,92,99,7,208,208,85,85,0,208,208,91,91,0,0.016270124919159943,0.017427414139351238,78,79,1,3,2,2,10,14,18,14,64
534,0,0,1,1,0,0,0,1,1,0,0,0,1,1,0,0.0,0.0,1,1,0,-1,-1,-1,10,0,36,84,40
535,202,202,87,87,0,242,242,83,83,0,202,202,87,87,0,0.012628067667381462,0.012628067667381462,72,72,0,-1,2,2,14,14,17,32,93
536,158,158,84,84,0,228,228,89,89,0,158,158,84,84,0,0.011198475101262807,0.011198475101262807,70,70,0,-1,2,2,11,7,19,21,82
537,30,646,46,100,54,90,110,46,58,12,30,110,46,77,31,0.0040845501889104465,0.023418087749753225,53,87,34,2,3,3,10,6,36,73,7
538,0,0,1,1,0,0,0,1,1,0,0,0,1,1,0,0.0,0.0,1,1,0,-1,-1,-1,6,0,41,97,99
539,0,616,1,100,99,0,86,1,42,41,0,86,1,64,63,0.0,0.014704380680077607,1,75,74,2,-1,3,10,0,12,98,15
540,0,616,1,100,99,0,70,1,39,38,0,68,1,57,56,0.0,0.00970080669866231,1,69,68,2,-1,3,9,0,29,98,27
541,136,136,85,85,0,38,38,51,51,0,38,38,54,54,0,0.017359338302869398,0.017359338302869398,80,80,0,-1,3,3,3,16,82,12,67
542,100,100,64,64,0,100,100,44,44,0,100,100,64,64,0,0.021784267674189048,0.02392865652336703,83,83,0,3,1,1,13,13,13,24,94
543,22,124,41,79,38,66,66,50,50,0,22,24,41,43,2,0.002723033459273631,0.0030634126416828346,45,46,1,4,3,3,6,2,56,52,88
544,22,228,42,90,48,72,72,45,45,0,22,28,42,46,4,0.00176997174852786,0.003608019333537561,45,50,5,3,3,3,7,2,24,83,94
545,6,108,29,71,42,23,23,29,29,0,6,8,29,32,3,0.00010211375472276115,0.00010211375472276115,31,31,0,4,4,4,10,1,0,60,95
546,76,76,63,63,0,70,70,58,58,0,70,70,64,64,0,0.008305252050784574,0.008305252050784574,67,67,0,-1,3,3,5,7,63,21,85
547,0,616,1,100,99,0,86,1,34,33,0,44,1,50,49,0.0,0.005922597773920147,1,56,55,2,-1,3,14,0,16,84,48
548,0,206,1,89,88,0,20,1,27,26,0,6,1,27,26,0.0,0.0006467204465774873,1,33,32,3,-1,4,9,1,29,45,42
549,100,100,67,67,0,100,100,57,57,0,100,100,67,67,0,0.04309200449300521,0.043874876612546375,97,97,0,3,1,1,8,16,21,18,64
550,122,122,91,91,0,56,56,92,92,0,56,56,92,92,0,0.029544913033118896,0.029544913033118896,91,91,0,-1,2,2,2,17,97,6,99
551,0,0,1,1,0,0,0,1,1,0,0,0,1,1,0,0.0,0.0,1,1,0,-1,-1,-1,3,1,66,50,45
552,40,40,47,47,0,64,64,40,40,0,40,40,47,47,0,0.004050512270669526,0.004050512270669526,49,49,0,-1,3,3,8,6,27,73,76
553,104,104,78,78,0,70,70,63,63,0,70,70,66,66,0,0.013819394805813677,0.013819394805813677,75,75,0,-1,3,3,5,13,49,33,79
554,0,206,1,93,92,0,13,1,31,30,0,9,1,36,35,0.0,0.0009870996289866913,1,37,36,3,-1,4,5,0,45,96,64
555,104,310,77,98,21,124,124,89,89,0,104,124,82,89,7,0.013036522686272508,0.01507879778072773,72,75,3,3,2,2,6,6,56,77,46
556,106,312,78,98,20,110,110,82,82,0,110,110,83,83,0,0.010926171755335444,0.015351101126655093,70,76,6,3,2,2,6,7,56,48,72
557,70,276,65,94,29,60,60,49,49,0,60,60,59,59,0,0.00789679703189353,0.015555328636100617,63,77,14,3,3,3,5,9,88,31,8
558,50,666,57,100,43,86,86,62,62,0,50,86,57,67,10,0.006467204465774873,0.02386058068688519,58,88,30,2,3,3,6,6,32,26,23
559,0,102,1,76,75,0,15,1,27,26,0,2,1,26,25,0.0,0.0005105687736138058,1,33,32,4,-1,5,9,0,54,99,42
560,0,0,1,1,0,0,0,1,1,0,0,0,1,1,0,0.0,0.0,1,1,0,-1,-1,-1,6,0,40,97,80
561,0,206,1,87,86,0,44,1,32,31,0,10,1,33,32,0.0,0.0014636304843595766,1,42,41,3,-1,4,16,0,9,97,54
562,92,193,66,90,24,86,86,56,56,0,86,86,62,62,0,0.009190237925048503,0.009190237925048503,68,68,0,5,3,3,6,8,51,44,58
563,40,656,45,100,55,130,144,60,62,2,40,56,45,49,4,0.0017018959120460194,0.005037611899656217,42,52,10,2,2,2,15,1,7,49,90
564,134,750,82,100,18,230,230,89,89,0,134,184,82,87,5,0.00980292045338507,0.014500153170632085,70,77,7,2,2,2,12,7,3,21,47
565,0,206,1,89,88,0,28,1,33,32,0,13,1,35,34,0.0,0.0026889955410327104,1,39,38,3,-1,4,6,0,71,85,54
566,80,286,68,95,27,44,44,50,50,0,44,44,57,57,0,0.008101024541339052,0.009530617107457708,64,68,4,3,3,3,4,9,73,31,53
567,6,108,29,76,47,24,24,30,30,0,6,8,29,34,5,0.0002042275094455223,0.00030634126416828345,32,33,1,4,4,4,8,1,15,65,4
568,111,111,77,77,0,132,132,70,70,0,111,111,77,77,0,0.00796487286837537,0.00796487286837537,62,62,0,-1,2,2,8,8,42,57,76
569,62,678,55,100,45,134,134,66,66,0,62,80,55,58,3,0.004220701861874128,0.006943735321147759,51,60,9,2,2,2,10,6,22,70,75
570,110,726,74,100,26,158,158,74,74,0,110,158,74,86,12,0.01157289220191293,0.02736648626569999,74,89,15,2,2,2,9,6,28,77,37
571,0,206,1,87,86,0,28,1,30,29,0,6,1,28,27,0.0,0.0004765308553728854,1,33,32,3,-1,4,10,0,22,89,71
572,2,208,27,96,69,3,7,27,30,3,2,7,27,37,10,0.0002723033459273631,0.003437829742332959,30,49,19,3,5,4,2,1,99,88,22
573,0,0,1,1,0,0,0,1,1,0,0,0,1,1,0,0.0,0.0,1,1,0,-1,-1,-1,4,0,84,76,50
574,16,16,36,36,0,30,30,36,36,0,16,16,36,36,0,0.003880322679464924,0.003880322679464924,52,52,0,-1,4,4,5,6,61,73,86
575,0,206,1,91,90,0,26,1,30,29,0,16,1,32,31,0.0,0.002723033459273631,1,45,44,3,-1,4,9,0,31,96,73
576,119,325,86,99,13,64,64,68,68,0,64,64,71,71,0,0.020933319718166036,0.02719629667449539,83,88,5,3,3,3,4,16,72,18,14
577,362,462,98,100,2,200,200,95,95,0,200,200,95,95,0,0.03727152047380782,0.037373634228530586,94,94,0,4,2,2,8,29,21,0,88
578,0,102,1,77,76,0,8,1,28,27,0,4,1,29,28,0.0,0.0015317063208414173,1,42,41,4,-1,5,4,0,53,79,75
579,100,100,69,69,0,100,100,70,70,0,100,100,72,72,0,0.05173763572619899,0.05851118145614214,98,98,0,2,1,1,6,16,65,18,34
580,389,589,100,100,0,128,128,96,96,0,128,128,96,96,0,0.051499370298512544,0.05527757922325471,98,98,0,3,2,2,5,36,49,2,21
581,16,1656,33,100,67,52,118,36,67,31,16,118,33,81,48,0.0005786446100956465,0.027877055039313797,35,87,52,1,3,2,9,1,31,49,23
582,0,102,1,84,83,0,4,1,28,27,0,4,1,31,30,0.0,0.002110350930937064,1,45,44,4,-1,5,2,1,98,50,41
583,16,632,34,100,66,40,132,32,66,34,16,132,34,81,47,0.00034037918240920387,0.028217434221723,32,90,58,2,3,3,12,1,2,60,3
584,0,616,1,100,99,0,50,1,34,33,0,25,1,43,42,0.0,0.004322815616596889,1,54,53,2,-1,3,12,0,2,99,73
585,2,1642,27,100,73,13,156,27,67,40,2,156,27,86,59,6.807583648184077e-05,0.02392865652336703,26,87,61,1,5,2,12,1,14,68,15
586,0,0,1,1,0,0,0,1,1,0,0,0,1,1,0,0.0,0.0,1,1,0,-1,-1,-1,3,0,81,96,86
587,1,1,26,26,0,3,3,26,26,0,1,1,26,26,0,3.4037918240920386e-05,3.4037918240920386e-05,28,28,0,-1,6,6,3,1,60,68,66
588,0,1640,1,100,99,0,96,1,55,54,0,96,1,67,66,0.0,0.04098165356206814,1,96,95,1,-1,2,7,1,43,45,3
589,0,206,1,93,92,0,12,1,35,34,0,12,1,36,35,0.0,0.010721944245889922,1,72,71,3,-1,4,2,0,68,85,18
590,100,100,64,64,0,100,100,44,44,0,100,100,64,64,0,0.028047244630518397,0.03798631675686715,90,94,4,2,1,1,13,8,13,8,19
591,262,262,92,92,0,216,216,95,95,0,216,216,95,95,0,0.026243234963749616,0.026243234963749616,86,86,0,-1,2,2,9,17,54,6,81
592,24,230,48,94,46,36,40,41,42,1,24,40,48,52,4,0.0019741992579733825,0.006739507811702236,44,61,17,3,3,3,5,3,49,54,21
593,100,100,77,77,0,100,100,97,97,0,100,100,97,97,0,0.06759930562646789,0.08070390414922224,99,99,0,3,1,1,3,12,55,37,23
594,100,100,67,67,0,100,100,57,57,0,100,100,67,67,0,0.04309200449300521,0.06416147588413493,97,99,2,1,1,1,8,16,21,18,24
595,250,351,94,96,2,128,128,92,92,0,128,128,92,92,0,0.024575376969944517,0.024575376969944517,87,87,0,5,2,2,5,18,50,5,68
596,125,227,88,94,6,48,48,65,65,0,48,48,68,68,0,0.014364001497668403,0.014602266925354846,80,80,0,4,3,3,3,15,66,19,49
597,100,100,61,61,0,100,100,40,40,0,100,100,61,61,0,0.04244528404642772,0.04261547363763232,96,96,0,3,1,1,14,27,8,10,63
598,70,686,59,100,41,118,118,66,66,0,70,118,59,79,20,0.0063650907110521125,0.014670342761836687,60,78,18,2,3,3,8,6,30,26,27
599,40,656,47,100,53,45,100,39,65,26,40,100,47,74,27,0.006977773239388679,0.019707954661492902,56,81,25,2,2,2,6,1,51,78,5
600,544,544,100,100,0,288,288,98,98,0,288,288,98,98,0,0.05320126621055856,0.05320126621055856,99,99,0,-1,2,2,9,36,54,2,66
601,100,100,67,67,0,100,100,74,74,0,100,100,75,75,0,0.03819054426631267,0.04642772048061541,95,96,1,2,1,1,5,5,63,25,48
602,140,346,81,100,19,112,112,92,92,0,112,112,92,92,0,0.019197385887879097,0.01950372715204738,82,83,1,3,2,2,4,8,53,20,63
603,100,100,59,59,0,100,100,46,46,0,100,100,59,59,0,0.04789135096497498,0.04789135096497498,97,97,0,-1,1,1,11,30,5,7,98
604,0,616,1,100,99,0,58,1,41,40,0,58,1,56,55,0.0,0.013615167296368155,1,75,74,2,-1,3,7,0,43,66,12
605,100,100,64,64,0,100,100,57,57,0,100,100,66,66,0,0.053269342047040404,0.05915790190271963,98,100,2,2,1,1,7,27,46,10,72
606,129,729,83,100,17,96,96,74,74,0,96,96,74,74,0,0.016304162837400864,0.024064808196330712,79,84,5,2,3,3,6,15,69,19,17
607,184,390,88,97,9,182,182,91,91,0,182,182,92,92,0,0.019776030497974745,0.020695054290479593,82,83,1,3,2,2,9,12,35,37,74
608,100,100,69,69,0,100,100,70,70,0,100,100,72,72,0,0.06776949521767249,0.0702883011675006,99,99,0,3,1,1,6,40,65,3,47
609,0,102,1,82,81,0,6,1,27,26,0,2,1,27,26,0.0,0.00030634126416828345,1,33,32,4,-1,5,4,0,78,98,49
610,246,1846,90,100,10,200,200,93,93,0,200,200,93,93,0,0.024166921951053473,0.040028591851322376,86,98,12,1,2,2,8,16,27,18,21
611,0,0,1,1,0,0,0,1,1,0,0,0,1,1,0,0.0,0.0,1,1,0,-1,-1,-1,3,0,81,97,50
612,156,772,88,100,12,94,104,78,85,7,94,104,78,85,7,0.018108172504169646,0.047244630518397494,83,97,14,2,2,2,5,14,45,14,2
613,64,64,71,71,0,32,32,63,63,0,32,32,65,65,0,0.011743081793117532,0.011743081793117532,74,74,0,-1,3,3,2,8,98,20,87
614,100,100,69,69,0,100,100,70,70,0,100,100,72,72,0,0.06776949521767249,0.06776949521767249,99,99,0,-1,1,1,6,40,65,3,59
615,100,100,58,58,0,100,100,35,35,0,100,100,59,59,0,0.05691139929881889,0.07553014057660233,100,100,0,2,1,1,17,40,20,3,7
616,80,696,64,100,36,94,94,70,70,0,94,94,72,72,0,0.00878178290615746,0.016712617856291908,68,80,12,2,2,2,5,6,37,34,25
617,82,698,76,100,24,32,32,69,69,0,32,32,69,69,0,0.013717281051090916,0.03710133088260322,73,94,21,2,3,3,2,8,93,17,1
618,116,116,78,78,0,44,44,49,49,0,44,44,54,54,0,0.008986010415602982,0.008986010415602982,68,68,0,-1,3,3,4,13,53,24,91
619,2,618,28,100,72,7,26,29,45,16,2,18,28,46,18,0.00013615167296368154,0.0035739814152966403,31,51,20,2,5,3,4,1,78,60,42
620,32,648,46,100,54,116,116,60,60,0,32,116,46,72,26,0.002757071377514551,0.01157289220191293,49,72,23,2,3,3,11,2,5,52,32
621,22,638,43,100,57,58,78,39,46,7,22,57,43,53,10,0.002484768031587188,0.006297014874570271,47,60,13,2,3,3,8,2,30,75,41
622,78,284,65,95,30,78,78,75,75,0,78,78,76,76,0,0.010858095918853602,0.020592940535756832,74,83,9,3,2,2,4,4,73,38,39
623,42,42,62,62,0,22,22,55,55,0,22,22,57,57,0,0.008441403723748256,0.008441403723748256,67,67,0,-1,3,3,2,7,97,21,93
624,142,244,84,91,7,80,80,59,59,0,80,80,63,63,0,0.013479015623404473,0.013683243132849994,77,77,0,4,3,3,5,13,61,33,88
625,2,208,29,89,60,14,34,29,33,4,2,21,29,44,15,0.00013615167296368154,0.003710133088260322,30,49,19,3,5,4,9,1,26,55,22
626,114,114,87,87,0,56,56,85,85,0,56,56,85,85,0,0.021580040164743523,0.021580040164743523,87,87,0,-1,2,2,2,9,90,39,91
627,0,206,1,92,91,0,26,1,28,27,0,8,1,33,32,0.0,0.0010211375472276116,1,38,37,3,-1,4,12,0,6,93,51
628,0,206,1,89,88,0,37,1,33,32,0,21,1,44,43,0.0,0.006058749446883829,1,56,55,3,-1,4,9,0,26,85,31
629,0,0,1,1,0,0,0,1,1,0,0,0,1,1,0,0.0,0.0,1,1,0,-1,-1,-1,4,1,72,69,84
630,231,847,93,100,7,280,280,93,93,0,231,280,92,94,2,0.017972020831205963,0.02297559481262126,78,83,5,2,2,2,13,15,13,19,44
631,32,238,48,93,45,34,38,40,40,0,32,40,48,49,1,0.0028591851322373124,0.005207801490860819,48,51,3,3,3,3,6,2,69,75,29
632,0,616,1,100,99,0,60,1,39,38,0,60,1,55,54,0.0,0.011981347220803976,1,74,73,2,-1,3,9,0,31,40,37
633,124,330,82,98,16,88,88,76,76,0,88,88,79,79,0,0.011709043874876613,0.01834643793185609,74,81,7,3,2,2,4,9,47,31,77
634,166,782,85,100,15,198,208,83,88,5,166,208,86,91,5,0.01766567956703768,0.02631131080023146,80,88,8,2,2,2,10,9,0,39,14
635,22,22,43,43,0,52,52,39,39,0,22,22,43,43,0,0.0020082371762143027,0.0020082371762143027,44,44,0,-1,3,3,7,2,43,83,82
636,0,616,1,100,99,0,74,1,45,44,0,64,1,62,61,0.0,0.010313489226998877,1,68,67,2,-1,3,8,0,57,85,17
637,40,40,51,51,0,108,108,61,61,0,40,40,51,51,0,0.002586881786309949,0.002586881786309949,49,49,0,-1,2,2,9,1,28,53,86
638,24,640,45,100,55,112,112,58,58,0,24,72,45,56,11,0.0024166921951053475,0.010858095918853602,47,68,21,2,3,3,12,3,14,54,17
639,62,62,57,57,0,154,154,71,71,0,62,62,57,57,0,0.0038462847612240037,0.0038462847612240037,53,53,0,-1,2,2,10,6,1,70,92
640,2,208,27,92,65,13,46,28,33,5,2,8,27,35,8,0.0,0.0020422750944552232,1,42,41,3,5,4,11,2,19,58,46
641,212,412,95,100,5,38,38,56,56,0,38,38,57,57,0,0.030293747234419143,0.031246808945164913,90,91,1,3,3,3,3,27,60,10,75
642,66,66,57,57,0,98,98,55,55,0,66,66,58,58,0,0.0051397256543789785,0.0051397256543789785,55,55,0,-1,3,3,8,6,21,28,80
643,118,324,77,96,19,188,188,83,83,0,118,124,77,79,2,0.007386228258279724,0.009020048333843901,63,66,3,3,2,2,10,5,12,47,53
644,163,163,89,89,0,88,88,84,84,0,88,88,84,84,0,0.023690391095680587,0.023690391095680587,87,87,0,-1,2,2,4,20,67,23,93
645,100,100,58,58,0,100,100,35,35,0,100,100,59,59,0,0.03900745430409476,0.039143605977058446,94,94,0,3,1,1,17,22,20,9,4
646,22,638,40,100,60,106,116,59,62,3,22,38,40,47,7,0.00176997174852786,0.005037611899656217,43,58,15,2,3,3,11,2,38,52,46
647,104,720,75,100,25,132,142,75,77,2,104,142,76,83,7,0.007147962830593281,0.028932230504782327,60,90,30,2,2,2,8,6,10,26,0
648,42,248,52,92,40,132,132,64,64,0,40,48,49,54,5,0.0033357159876101976,0.003778208924742163,51,53,2,3,3,3,12,6,14,41,63
649,0,0,1,1,0,0,0,1,1,0,0,0,1,1,0,0.0,0.0,1,1,0,-1,-1,-1,5,0,88,67,76
650,16,16,36,36,0,68,68,45,45,0,16,16,36,36,0,0.001599782157323258,0.001599782157323258,40,40,0,-1,3,3,7,2,43,42,96
651,22,622,43,100,57,42,42,40,40,0,22,22,43,43,0,0.0020422750944552232,0.003812246842983083,43,50,7,2,3,3,6,3,48,51,94
652,16,632,33,100,67,136,136,59,59,0,16,55,33,49,16,0.0023486163586235067,0.006603356138738555,43,58,15,2,3,3,16,2,4,94,57
653,88,88,62,62,0,152,152,76,76,0,88,88,62,62,0,0.00803294870485721,0.00803294870485721,62,62,0,-1,2,2,8,4,15,72,69
654,100,100,60,60,0,100,100,40,40,0,100,100,60,60,0,0.02631131080023146,0.028149358385241158,90,90,0,2,1,1,14,13,25,33,54
655,0,1640,1,100,99,0,72,1,37,36,0,48,1,49,48,0.0,0.009734844616903231,1,69,68,1,-1,2,11,1,33,69,43
656,0,101,1,80,79,0,3,1,24,23,0,1,1,24,23,0.0,6.807583648184077e-05,1,29,28,5,-1,6,3,0,87,79,4
657,0,102,1,74,73,0,26,1,27,26,0,4,1,27,26,0.0,0.0002042275094455223,1,31,30,4,-1,5,16,0,4,99,63
658,70,276,61,95,34,96,96,67,67,0,70,76,61,61,0,0.00704584907587052,0.00789679703189353,62,63,1,3,3,3,6,6,65,26,61
659,150,750,85,100,15,172,172,87,87,0,150,172,87,88,1,0.015657442390823378,0.027911092957554715,76,91,15,2,2,2,9,8,26,20,16
660,62,62,66,66,0,32,32,70,70,0,32,32,70,70,0,0.010381565063480718,0.010381565063480718,69,69,0,-1,3,3,2,9,95,31,97
661,26,26,56,56,0,12,12,35,35,0,12,12,42,42,0,0.0045270431260424114,0.0045270431260424114,55,55,0,-1,4,4,2,6,98,28,80
662,100,100,61,61,0,100,100,43,43,0,100,100,61,61,0,0.021035433472888797,0.03175737771877872,80,90,10,1,1,1,12,6,2,34,29
663,100,306,66,95,29,130,130,85,85,0,98,130,68,86,18,0.008645631233193778,0.01334286395044079,66,74,8,3,2,2,7,6,62,41,13
664,16,222,43,93,50,24,24,37,37,0,15,24,43,53,10,0.0034037918240920387,0.01415977398822288,52,80,28,3,4,4,4,6,77,41,30
665,2,208,26,86,60,14,34,28,31,3,2,8,26,33,7,0.0,0.0019061234214915416,1,44,43,3,5,4,11,2,5,58,94
666,49,665,54,100,46,94,104,51,65,14,49,104,54,78,24,0.004799346471969774,0.026958031246808945,54,92,38,2,3,3,9,4,26,22,7
667,0,616,1,100,99,0,36,1,35,34,0,22,1,40,39,0.0,0.004595118962524252,1,50,49,2,-1,3,5,1,50,45,29
668,18,224,43,91,48,46,46,48,48,0,18,28,43,50,7,0.0018040096667687805,0.0034037918240920387,44,50,6,3,3,3,5,2,61,74,54
669,270,476,91,97,6,286,286,88,88,0,270,276,91,91,0,0.0212056230640934,0.021443888491779844,81,83,2,3,2,2,14,18,25,30,49
670,0,102,1,77,76,0,12,1,29,28,0,4,1,30,29,0.0,0.0011232513019503727,1,38,37,4,-1,5,7,0,62,84,51
671,251,251,97,97,0,72,72,85,85,0,72,72,85,85,0,0.03543347288879812,0.03543347288879812,93,93,0,-1,2,2,3,29,60,1,84
672,34,34,50,50,0,38,38,59,59,0,34,34,61,61,0,0.0030634126416828346,0.0030634126416828346,48,48,0,-1,3,3,3,6,92,70,99
673,0,616,1,100,99,0,106,1,53,52,0,66,1,54,53,0.0,0.006909697402906838,1,59,58,2,-1,3,14,0,17,36,21
674,100,100,61,61,0,100,100,40,40,0,100,100,61,61,0,0.02205657102011641,0.03369753905851118,83,91,8,2,1,1,14,9,8,27,30
675,84,700,58,100,42,142,186,68,77,9,78,186,57,84,27,0.00439089145307873,0.03267640151128357,54,94,40,2,2,2,12,6,2,41,3
676,100,100,76,76,0,100,100,97,97,0,100,100,97,97,0,0.05173763572619899,0.055413730896218386,98,98,0,3,1,1,3,3,94,51,28
677,503,1119,99,100,1,392,392,100,100,0,392,392,100,100,0,0.03703325504612138,0.047448858027843016,94,97,3,2,2,2,14,29,25,11,37
678,36,652,50,100,50,84,124,46,64,18,36,124,50,76,26,0.004969536063174376,0.031485074372851356,56,92,36,2,3,3,9,6,28,73,0
679,22,638,43,100,57,58,78,39,46,7,22,78,43,60,17,0.0012934408931549745,0.017972020831205963,40,81,41,2,3,3,8,2,30,74,16
680,140,140,81,81,0,182,182,83,83,0,140,140,81,81,0,0.01330882603219987,0.01330882603219987,73,73,0,-1,2,2,9,8,54,20,85
681,100,100,64,64,0,100,100,44,44,0,100,100,64,64,0,0.01147077844719017,0.01147077844719017,72,72,0,-1,1,1,13,2,13,56,87
682,74,176,56,84,28,168,168,67,67,0,68,70,54,54,0,0.0053099152455835805,0.005377991082065421,56,56,0,4,2,2,14,6,25,41,58
683,6,622,28,100,72,20,44,29,34,5,6,22,28,39,11,6.807583648184077e-05,0.0026209197045508697,28,45,17,2,4,3,9,1,31,95,94
684,6,212,29,93,64,29,38,31,35,4,6,20,29,40,11,0.0002042275094455223,0.0033016780693692774,31,50,19,3,4,4,9,1,23,65,41
685,82,82,76,76,0,32,32,69,69,0,32,32,69,69,0,0.012832295176826986,0.012832295176826986,75,75,0,-1,3,3,2,8,90,20,81
686,6,622,28,99,71,23,124,28,58,30,6,104,28,76,48,6.807583648184077e-05,0.009905034208107831,28,66,38,2,4,3,17,1,20,78,14
687,164,1764,87,100,13,190,190,92,92,0,164,190,87,92,5,0.01579359406378706,0.03417406991388407,80,91,11,1,2,2,8,8,57,17,12
688,1,103,26,77,51,9,15,26,28,2,1,3,26,29,3,3.4037918240920386e-05,0.00030634126416828345,27,34,7,4,6,5,9,2,35,58,56
689,44,660,57,100,43,48,48,60,60,0,48,48,63,63,0,0.0068075836481840775,0.017529527894074,61,81,20,2,3,3,3,7,58,62,14
690,118,118,81,81,0,88,88,80,80,0,88,88,80,80,0,0.01763164164879676,0.01763164164879676,81,81,0,-1,2,2,4,9,84,39,91
691,44,250,54,95,41,80,80,70,70,0,44,80,54,73,19,0.006875659484665918,0.011504816365431091,59,75,16,3,3,3,5,4,45,38,47
692,0,101,1,70,69,0,11,1,25,24,0,1,1,25,24,0.0,0.0,1,1,0,5,-1,6,11,0,5,87,78
693,0,0,1,1,0,0,0,1,1,0,0,0,1,1,0,0.0,0.0,1,1,0,-1,-1,-1,2,1,68,69,99
694,58,159,61,85,24,70,70,67,67,0,58,59,59,59,0,0.004833384390210695,0.004935498144933456,53,55,2,5,2,2,5,3,70,54,95
695,100,100,74,74,0,100,100,87,87,0,100,100,87,87,0,0.044419483304401104,0.045849075870519757,95,95,0,3,1,1,4,8,47,44,52
696,429,1029,100,100,0,128,128,93,93,0,128,128,93,93,0,0.04540658293338779,0.06576125804145819,96,99,3,2,2,2,5,40,37,3,0
697,100,100,60,60,0,100,100,50,50,0,100,100,60,60,0,0.04329623200245073,0.04329623200245073,94,94,0,-1,1,1,9,20,28,23,80
698,112,1752,75,100,25,190,254,78,92,14,112,254,75,93,18,0.009258313761530345,0.04115184315327275,65,98,33,1,2,2,12,4,2,38,10
699,40,246,53,97,44,72,72,77,77,0,40,72,67,78,11,0.005241839409101739,0.011334626774226489,53,75,22,3,2,2,3,1,96,53,25
700,625,1225,100,100,0,368,368,100,100,0,368,368,100,100,0,0.053269342047040404,0.0716157799788965,99,100,1,2,2,2,11,36,19,2,10
701,0,616,1,100,99,0,38,1,40,39,0,38,1,49,48,0.0,0.01501072194424589,1,77,76,2,-1,3,6,0,69,92,12
702,74,280,60,94,34,100,100,66,66,0,74,80,60,63,3,0.006671431975220395,0.008713707069675619,59,64,5,3,2,2,6,6,44,26,46
703,8,109,37,78,41,26,26,36,36,0,8,8,37,37,0,0.00030634126416828345,0.00037441710065012424,34,34,0,5,4,4,5,2,49,56,95
704,28,28,45,45,0,88,88,41,41,0,28,28,45,45,0,0.001940161339732462,0.001940161339732462,43,43,0,-1,3,3,12,3,3,43,81
705,16,16,34,34,0,116,116,56,56,0,16,16,34,34,0,0.0013274788113958951,0.0013274788113958951,38,38,0,-1,3,3,14,1,16,71,96
706,12,218,37,94,57,14,18,34,39,5,12,18,37,45,8,0.002280540522141666,0.010824058000612683,47,72,25,3,4,4,3,2,55,75,14
707,115,315,86,100,14,56,56,82,82,0,56,56,82,82,0,0.023281936076789543,0.03897341638585384,87,96,9,3,2,2,2,12,89,37,1
708,45,661,60,100,40,22,22,54,54,0,22,22,54,54,0,0.0053439531638245,0.019095272133156337,57,82,25,2,3,3,2,6,99,28,39
709,100,100,57,57,0,100,100,38,38,0,100,100,57,57,0,0.02913645801422785,0.05708158889002349,89,100,11,1,1,1,16,18,4,5,3
710,49,255,54,95,41,98,98,52,52,0,49,57,55,60,5,0.004356853534837809,0.00527587732734266,54,58,4,3,3,3,8,4,39,22,74
711,140,242,82,91,9,176,176,91,91,0,140,142,83,83,0,0.011334626774226489,0.011606930120153852,72,72,0,4,2,2,8,7,10,48,88
712,0,616,1,100,99,0,48,1,67,66,0,48,1,68,67,0.0,0.03362946322202934,1,93,92,2,-1,3,3,0,81,36,3
713,268,474,95,100,5,88,88,77,77,0,88,88,77,77,0,0.033425235712583816,0.03403791824092039,91,91,0,3,2,2,4,27,79,10,74
714,0,206,1,92,91,0,16,1,29,28,0,8,1,32,31,0.0,0.0013274788113958951,1,38,37,3,-1,4,6,1,59,50,52
715,22,22,41,41,0,38,38,38,38,0,22,22,41,41,0,0.0009530617107457708,0.0009530617107457708,38,38,0,-1,3,3,6,2,34,74,82
716,48,1688,64,100,36,12,46,40,80,40,12,46,42,81,39,0.009020048333843901,0.08506075768406005,70,98,28,1,4,2,2,8,90,8,3
717,0,206,1,93,92,0,10,1,31,30,0,10,1,37,36,0.0,0.005071649817897137,1,53,52,3,-1,4,3,0,60,86,34
718,0,102,1,74,73,0,22,1,28,27,0,2,1,26,25,0.0,0.0007488342013002485,1,37,36,4,-1,5,11,0,19,82,71
719,20,636,46,100,54,34,44,43,48,5,20,44,46,54,8,0.0011232513019503727,0.017903944994724124,39,84,45,2,3,3,4,3,79,43,15
720,144,760,82,100,18,128,128,91,91,0,128,128,91,91,0,0.010824058000612683,0.01317267435923619,71,76,5,2,2,2,5,6,52,13,61
721,6,622,28,100,72,28,78,31,43,12,6,78,28,57,29,0.00017018959120460194,0.016440314510364547,28,76,48,2,4,3,8,1,27,4,16
722,144,744,86,100,14,80,80,68,68,0,80,80,72,72,0,0.019469689233806462,0.041594336090404714,83,96,13,2,3,3,5,18,88,30,1
723,126,126,81,81,0,120,120,80,80,0,120,120,81,81,0,0.015112835698968652,0.015112835698968652,76,76,0,-1,2,2,6,8,34,20,59
724,140,346,89,100,11,32,32,69,69,0,32,32,69,69,0,0.021239660982334322,0.026175159127267776,87,88,1,3,3,3,2,19,93,15,62
725,24,126,52,91,39,12,12,39,39,0,12,12,44,44,0,0.0057524081827155455,0.008577555396711936,60,67,7,4,4,4,2,4,97,38,47
726,1,617,25,100,75,3,28,25,45,20,1,28,25,50,25,0.0,0.010858095918853602,1,69,68,2,6,3,3,1,85,68,39
727,100,100,63,63,0,100,100,45,45,0,100,100,63,63,0,0.05177167364443991,0.05218012866333095,98,98,0,3,1,1,11,30,19,7,42
728,120,326,88,100,12,32,32,64,64,0,32,32,64,64,0,0.019912182170938427,0.022430988120766535,84,86,2,3,3,3,2,19,89,15,75
729,0,616,1,100,99,0,96,1,36,35,0,50,1,52,51,0.0,0.0053099152455835805,1,55,54,2,-1,3,14,0,16,86,47
730,16,1656,39,100,61,66,120,49,86,37,16,120,39,88,49,0.002586881786309949,0.041798563599850236,49,95,46,1,3,2,6,2,32,94,0
731,18,120,43,81,38,50,50,45,45,0,18,20,43,44,1,0.0019061234214915416,0.002484768031587188,44,48,4,4,3,3,5,2,45,61,42
732,0,1640,1,100,99,0,96,1,54,53,0,96,1,61,60,0.0,0.02920453385070969,1,91,90,1,-1,2,7,0,24,96,12
733,38,244,49,93,44,74,74,42,42,0,38,63,49,57,8,0.002757071377514551,0.006262976956329351,45,60,15,3,3,3,9,3,23,54,28
734,22,123,41,79,38,106,106,55,55,0,22,23,41,42,1,0.0013955546478777359,0.0014295925661186562,39,39,0,5,3,3,14,2,16,74,58
735,2,618,26,100,74,11,96,26,46,20,2,96,26,62,36,0.00013615167296368154,0.012151536812008578,28,71,43,2,5,3,10,1,22,78,19
736,100,100,64,64,0,100,100,44,44,0,100,100,64,64,0,0.04738078219136117,0.06402532421117124,98,100,2,2,1,1,13,29,13,11,23
737,411,1011,99,100,1,248,248,98,98,0,248,248,98,98,0,0.040913577725586306,0.04840191973858879,96,97,1,2,2,2,8,29,57,11,17
738,0,206,1,91,90,0,12,1,27,26,0,6,1,26,25,0.0,0.00176997174852786,1,38,37,3,-1,4,4,0,67,80,46
739,16,632,34,100,66,40,45,32,34,2,16,38,34,45,11,0.00037441710065012424,0.0028932230504782326,34,49,15,2,3,3,12,1,2,65,83
740,6,6,32,32,0,17,17,32,32,0,6,6,32,32,0,0.0,0.0,1,1,0,-1,4,4,7,1,46,95,66
741,0,616,1,100,99,0,28,1,44,43,0,28,1,49,48,0.0,0.026651689982640663,1,91,90,2,-1,3,3,0,58,66,3
742,58,58,61,61,0,70,70,67,67,0,58,58,59,59,0,0.004833384390210695,0.004833384390210695,53,53,0,-1,2,2,5,3,70,54,82
743,91,707,65,100,35,86,100,56,65,9,91,100,71,74,3,0.007692569522448007,0.012559991830899623,60,72,12,2,2,2,6,6,51,35,78
744,32,238,54,99,45,22,22,54,54,0,22,22,54,54,0,0.005412029000306341,0.011777119711358454,58,71,13,3,3,3,2,6,99,35,26
745,49,1689,57,100,43,118,142,69,78,9,49,142,57,84,27,0.00527587732734266,0.026107083290785937,58,86,28,1,3,2,8,4,57,22,12
746,37,653,47,100,53,46,56,38,40,2,37,56,47,51,4,0.004220701861874128,0.009428503352734947,50,64,14,2,3,3,6,6,71,35,38
747,0,616,1,100,99,0,40,1,42,41,0,40,1,51,50,0.0,0.020048333843902106,1,84,83,2,-1,3,5,0,45,91,1
748,150,150,84,84,0,208,208,88,88,0,150,150,84,84,0,0.014329963579427483,0.014329963579427483,76,76,0,-1,2,2,10,8,11,17,99
749,0,206,1,89,88,0,28,1,31,30,0,28,1,44,43,0.0,0.005037611899656217,1,54,53,3,-1,4,6,0,40,89,48
750,124,740,80,100,20,198,198,85,85,0,124,158,80,85,5,0.012219612648490419,0.017801831240001363,71,78,7,2,2,2,10,6,22,77,38
751,0,206,1,88,87,0,32,1,32,31,0,6,1,28,27,0.0,0.0023486163586235067,1,48,47,3,-1,4,10,0,11,85,90
752,100,100,68,68,0,100,100,63,63,0,100,100,68,68,0,0.054494707103713534,0.0545968208584363,99,99,0,5,1,1,6,15,41,16,68
753,151,357,91,100,9,56,56,80,80,0,56,56,81,81,0,0.027638789611627353,0.02811532046700024,90,90,0,3,2,2,2,15,91,16,55
754,46,46,52,52,0,98,98,52,52,0,46,46,53,53,0,0.0029612988869600733,0.0029612988869600733,46,46,0,-1,2,2,9,2,31,52,45
755,96,96,62,62,0,112,112,70,70,0,96,96,64,64,0,0.00966676878042139,0.00966676878042139,68,68,0,-1,3,3,7,6,46,77,40
756,0,206,1,93,92,0,33,1,32,31,0,14,1,35,34,0.0,0.0022465026039007454,1,44,43,3,-1,4,9,1,23,45,70
757,76,282,63,93,30,124,124,68,68,0,76,82,63,65,2,0.008066986623098132,0.010824058000612683,66,73,7,3,3,3,9,6,31,34,90
758,2,2,26,26,0,9,9,26,26,0,2,2,26,26,0,3.4037918240920386e-05,3.4037918240920386e-05,26,26,0,-1,5,5,8,1,30,78,36
759,158,158,84,84,0,164,164,69,69,0,158,158,85,85,0,0.009598692943939549,0.009598692943939549,69,69,0,-1,2,2,10,9,0,31,45
760,132,1772,86,100,14,32,56,63,83,20,32,56,64,83,19,0.018959120460192654,0.07113924912352361,84,98,14,1,3,2,2,18,86,30,21
761,8,8,38,38,0,8,8,33,33,0,8,8,38,38,0,0.0007828721195411688,0.0007828721195411688,40,40,0,-1,4,4,2,2,90,74,99
762,0,616,1,100,99,0,120,1,57,56,0,110,1,74,73,0.0,0.014738418598318526,1,75,74,2,-1,3,14,0,16,84,23
763,0,616,1,100,99,0,36,1,33,32,0,16,1,35,34,0.0,0.0040845501889104465,1,50,49,2,-1,3,7,0,46,96,90
764,100,100,59,59,0,100,100,46,46,0,100,100,59,59,0,0.01746145205759216,0.01746145205759216,77,77,0,-1,1,1,11,3,5,54,96
765,0,616,1,100,99,0,76,1,41,40,0,76,1,54,53,0.0,0.013785356887572755,1,78,77,2,-1,3,10,0,0,85,12
766,0,0,1,1,0,0,0,1,1,0,0,0,1,1,0,0.0,0.0,1,1,0,-1,-1,-1,12,0,6,82,76
767,32,32,50,50,0,76,76,59,59,0,32,32,50,50,0,0.0027911092957554717,0.0027911092957554717,48,48,0,-1,3,3,6,2,34,83,92
768,118,118,78,78,0,198,198,85,85,0,118,118,78,78,0,0.012934408931549747,0.012934408931549747,72,72,0,-1,2,2,10,5,22,25,97
769,6,108,29,75,46,32,32,34,34,0,6,10,29,35,6,0.0007488342013002485,0.0009190237925048504,38,38,0,4,4,4,8,2,10,42,63
770,96,96,71,71,0,88,88,71,71,0,88,88,71,71,0,0.009973110044589673,0.009973110044589673,70,70,0,-1,2,2,4,7,53,48,93
771,1,103,26,82,56,2,4,26,30,4,1,3,26,31,5,0.0,0.0006126825283365669,1,34,33,4,6,5,2,1,95,78,42
772,22,228,48,91,43,40,40,42,42,0,22,28,48,50,2,0.0017018959120460194,0.0038462847612240037,43,51,8,3,3,3,5,2,61,52,46
773,24,230,49,99,50,18,18,47,47,0,18,18,49,49,0,0.0018040096667687805,0.002723033459273631,42,47,5,3,3,3,2,4,99,64,61
774,267,473,94,99,5,200,200,94,94,0,200,200,94,94,0,0.0298852922155281,0.031212771026923995,87,87,0,3,2,2,8,15,57,16,83
775,2,103,28,82,54,3,3,28,28,0,2,3,28,31,3,0.00017018959120460194,0.00017018959120460194,31,31,0,6,5,5,2,1,95,4,68
776,0,206,1,90,89,0,24,1,29,28,0,8,1,34,33,0.0,0.000442492937131965,1,35,34,3,-1,4,8,0,30,67,56
777,0,206,1,88,87,0,24,1,31,30,0,9,1,35,34,0.0,0.0012934408931549745,1,39,38,3,-1,4,8,0,10,86,64
778,0,102,1,84,83,0,4,1,28,27,0,3,1,31,30,0.0,3.4037918240920386e-05,1,28,27,4,-1,5,2,1,98,45,63
779,6,212,30,91,61,29,58,30,36,6,6,25,30,45,15,0.00030634126416828345,0.003369753905851118,34,49,15,3,4,4,11,1,38,55,22
780,208,414,89,98,9,202,202,87,87,0,208,202,90,90,0,0.012287688484972258,0.012594029749140543,72,72,0,3,2,2,10,13,11,24,56
781,0,206,1,94,93,0,18,1,35,34,0,18,1,44,43,0.0,0.005990673610401988,1,60,59,3,-1,4,3,0,66,85,25
782,128,328,83,95,12,74,74,64,64,0,74,74,70,70,0,0.013036522686272508,0.015419176963136935,75,77,2,3,2,2,5,14,88,32,29
783,85,701,75,100,25,32,32,70,70,0,32,32,70,70,0,0.010007147962830594,0.01834643793185609,68,80,12,2,3,3,2,13,95,24,20
784,22,124,47,83,36,56,56,47,47,0,22,26,47,50,3,0.0019061234214915416,0.002927260968719153,44,49,5,4,3,3,6,2,32,52,51
785,16,632,36,100,64,28,50,34,44,10,16,50,36,51,15,0.0007147962830593281,0.009496579189216788,36,67,31,2,3,3,5,1,52,4,8
786,0,616,1,100,99,0,68,1,40,39,0,56,1,52,51,0.0,0.005684332346233704,1,57,56,2,-1,3,8,0,30,87,13
787,164,780,85,100,15,144,144,88,88,0,144,144,89,89,0,0.020763130126961436,0.030736240171551108,84,91,7,2,2,2,6,12,34,37,33
788,108,724,78,100,22,144,144,88,88,0,108,144,80,88,8,0.011879233466081215,0.023996732359848873,73,88,15,2,2,2,6,5,34,25,5
789,0,0,1,1,0,0,0,1,1,0,0,0,1,1,0,0.0,0.0,1,1,0,-1,-1,-1,8,0,30,59,82
790,22,22,42,42,0,82,82,48,48,0,22,22,42,42,0,0.0016678579938050988,0.0016678579938050988,44,44,0,-1,3,3,7,2,24,61,91
791,375,581,100,100,0,96,96,92,92,0,96,96,92,92,0,0.05051227066952585,0.05653698219816876,96,98,2,3,2,2,3,40,96,3,48
792,6,622,30,100,70,16,52,31,42,11,6,52,30,52,22,0.0002382654276864427,0.01327478811395895,32,75,43,2,4,3,6,1,41,60,30
793,18,618,47,100,53,22,22,47,47,0,18,22,50,51,1,0.0018380475850097008,0.019810068416215663,43,85,42,2,3,3,2,2,89,61,9
794,0,0,1,1,0,0,0,1,1,0,0,0,1,1,0,0.0,0.0,1,1,0,-1,-1,-1,8,1,30,50,69
795,158,364,84,98,14,164,164,69,69,0,158,164,85,85,0,0.009598692943939549,0.009973110044589673,69,70,1,3,2,2,10,9,0,31,63
796,0,0,1,1,0,0,0,1,1,0,0,0,1,1,0,0.0,0.0,1,1,0,-1,-1,-1,10,0,1,91,92
797,40,1680,47,100,53,71,172,33,62,29,40,150,47,85,38,0.001497668402600497,0.014602266925354846,40,78,38,1,2,2,16,1,4,95,24
798,0,0,1,1,0,0,0,1,1,0,0,0,1,1,0,0.0,0.0,1,1,0,-1,-1,-1,12,0,3,92,76
799,0,0,1,1,0,0,0,1,1,0,0,0,1,1,0,0.0,0.0,1,1,0,-1,-1,-1,5,1,37,69,85
800,0,616,1,100,99,0,38,1,56,55,0,38,1,58,57,0.0,0.03175737771877872,1,92,91,2,-1,3,3,0,55,85,2
801,80,80,61,61,0,126,126,80,80,0,80,80,63,63,0,0.010109261717553355,0.010109261717553355,68,68,0,-1,2,2,7,5,62,25,99
802,80,80,63,63,0,114,114,67,67,0,80,80,63,63,0,0.0057524081827155455,0.0057524081827155455,57,57,0,-1,3,3,9,5,23,47,36
803,0,206,1,95,94,0,12,1,40,39,0,12,1,40,39,0.0,0.020865243881684196,1,85,84,3,-1,4,2,0,95,40,11
804,2,208,27,96,69,4,12,29,34,5,2,12,27,41,14,0.00010211375472276115,0.011402702610708328,30,75,45,3,5,4,2,1,98,4,5
805,16,117,40,79,39,40,40,41,41,0,16,17,40,42,2,0.0026209197045508697,0.002723033459273631,48,49,1,5,3,3,5,3,80,46,60
806,50,666,63,100,37,12,22,37,53,16,12,22,42,53,11,0.007011811157629599,0.02297559481262126,63,88,25,2,4,3,2,9,99,31,23
807,106,722,76,100,24,60,70,51,58,7,60,70,62,65,3,0.009054086252084823,0.03158718812757412,68,89,21,2,3,3,5,13,80,24,7
808,0,1640,1,100,99,0,108,1,56,55,0,58,1,51,50,0.0,0.012015385139044895,1,68,67,1,-1,2,15,0,7,76,38
809,100,100,57,57,0,100,100,38,38,0,100,100,57,57,0,0.010824058000612683,0.010824058000612683,69,69,0,-1,1,1,16,4,4,64,96
810,38,238,49,94,45,84,84,47,47,0,38,38,49,49,0,0.0029612988869600733,0.0035059055788147996,49,51,2,3,3,3,9,6,35,70,71
811,6,212,32,92,60,14,14,35,35,0,6,14,32,42,10,0.0013274788113958951,0.008577555396711936,40,66,26,3,4,4,3,1,76,71,20
812,184,285,91,94,3,238,238,90,90,0,184,185,90,90,0,0.011640968038394772,0.011640968038394772,71,71,0,5,2,2,11,7,19,48,58
813,100,100,60,60,0,100,100,50,50,0,100,100,60,60,0,0.0509207256884169,0.054222403757786176,97,98,1,2,1,1,9,30,28,7,13
814,0,206,1,93,92,0,14,1,33,32,0,6,1,32,31,0.0,0.0014295925661186562,1,40,39,3,-1,4,5,0,49,87,94
815,38,244,52,95,43,60,60,48,48,0,36,42,52,55,3,0.004016474352428605,0.00622893903808843,52,59,7,3,3,3,5,6,63,41,94
816,22,22,45,45,0,46,46,40,40,0,22,22,45,45,0,0.002382654276864427,0.002382654276864427,47,47,0,-1,3,3,6,2,44,75,79
817,108,108,72,72,0,70,70,51,51,0,70,70,57,57,0,0.013547091459886314,0.013547091459886314,77,77,0,-1,3,3,5,9,52,39,76
818,100,100,67,67,0,100,100,54,54,0,100,100,67,67,0,0.05245243200925832,0.05245243200925832,98,98,0,-1,1,1,9,27,35,10,81
819,0,102,1,76,75,0,6,1,29,28,0,2,1,27,26,0.0,0.0002042275094455223,1,31,30,4,-1,5,3,1,64,69,88
820,54,1694,49,100,51,196,240,71,76,5,54,240,49,92,43,0.004833384390210695,0.03318697028489737,55,94,39,1,3,2,16,4,4,22,11
821,0,206,1,91,90,0,36,1,35,34,0,36,1,46,45,0.0,0.011368664692467409,1,71,70,3,-1,4,6,0,56,67,6
822,6,6,31,31,0,10,10,31,31,0,6,6,31,31,0,0.00034037918240920387,0.00034037918240920387,33,33,0,-1,4,4,3,1,92,49,87
823,60,676,64,100,36,28,38,44,58,14,28,38,51,61,10,0.007522379931243405,0.026277272881990537,66,88,22,2,3,3,3,9,92,31,9
824,16,118,40,83,43,28,28,45,45,0,16,28,40,51,11,0.002314578440382586,0.005854521937438306,46,55,9,4,3,3,3,1,94,53,57
825,0,0,1,1,0,0,0,1,1,0,0,0,1,1,0,0.0,0.0,1,1,0,-1,-1,-1,2,0,68,91,92
826,0,206,1,90,89,0,24,1,29,28,0,22,1,37,36,0.0,0.006297014874570271,1,55,54,3,-1,4,6,0,51,59,34
827,2,1642,29,100,71,4,46,30,86,56,2,46,29,87,58,0.0002723033459273631,0.05463085877667722,34,98,64,1,5,2,2,1,97,88,62
828,224,224,88,88,0,252,252,94,94,0,224,224,89,89,0,0.016304162837400864,0.016304162837400864,75,75,0,-1,2,2,11,8,5,8,97
829,1,207,25,94,69,3,10,25,31,6,1,10,25,38,13,3.4037918240920386e-05,0.0028591851322373124,27,47,20,3,6,4,3,2,81,58,73
830,16,118,35,81,46,34,34,39,39,0,16,16,35,35,0,0.0026209197045508697,0.002825147213996392,43,44,1,4,3,3,4,3,67,46,88
831,258,258,94,94,0,168,168,93,93,0,168,168,94,94,0,0.026787841655604345,0.026787841655604345,88,88,0,-1,2,2,6,15,44,16,59
832,18,224,48,94,46,22,22,49,49,0,18,22,51,52,1,0.0016338200755641784,0.009224275843289425,43,70,27,3,3,3,2,2,90,61,33
833,0,206,1,90,89,0,26,1,34,33,0,24,1,47,46,0.0,0.005582218591510943,1,58,57,3,-1,4,5,0,80,87,62
834,24,24,46,46,0,52,52,40,40,0,24,24,46,46,0,0.0010211375472276116,0.0010211375472276116,39,39,0,-1,3,3,7,4,24,64,45
835,66,682,58,100,42,110,110,76,76,0,64,110,57,80,23,0.006024711528642908,0.01058579257292624,57,69,12,2,2,2,6,6,59,41,28
836,10,1650,42,100,58,12,46,40,80,40,12,46,42,81,39,0.0007147962830593281,0.06174478368902958,38,98,60,1,4,2,2,3,90,43,32
837,0,0,1,1,0,0,0,1,1,0,0,0,1,1,0,0.0,0.0,1,1,0,-1,-1,-1,8,0,15,91,87
838,0,206,1,95,94,0,14,1,31,30,0,14,1,38,37,0.0,0.004561081044283332,1,52,51,3,-1,4,3,0,94,96,72
839,388,594,98,100,2,240,240,98,98,0,240,240,98,98,0,0.038394771775758195,0.04367064910310085,95,96,1,3,2,2,9,30,26,7,34
840,92,292,79,100,21,46,46,83,83,0,46,46,83,83,0,0.015317063208414174,0.025936893699581333,77,90,13,3,2,2,2,8,99,17,12
841,184,384,94,100,6,56,56,88,88,0,56,56,88,88,0,0.03209775690118792,0.04142414649920011,92,96,4,3,2,2,2,15,93,16,6
842,0,616,1,100,99,0,42,1,35,34,0,42,1,51,50,0.0,0.008543517478471017,1,63,62,2,-1,3,6,0,40,85,14
843,0,616,1,100,99,0,60,1,41,40,0,30,1,46,45,0.0,0.006126825283365669,1,55,54,2,-1,3,9,0,26,84,72
844,138,240,86,92,6,64,64,63,63,0,64,64,64,64,0,0.011845195547840293,0.012185574730249497,74,74,0,4,3,3,4,14,79,32,63
845,128,744,77,100,23,214,214,83,83,0,128,214,77,88,11,0.006909697402906838,0.013989584397018279,56,73,17,2,2,2,11,5,5,47,27
846,100,100,67,67,0,100,100,54,54,0,100,100,67,67,0,0.030463936825623743,0.032880629020729094,90,92,2,3,1,1,9,14,35,32,70
847,0,0,1,1,0,0,0,1,1,0,0,0,1,1,0,0.0,0.0,1,1,0,-1,-1,-1,6,0,48,40,67
848,6,212,30,89,59,15,28,30,34,4,6,28,30,45,15,0.0,0.005173763572619898,1,53,52,3,4,4,6,1,41,95,34
849,126,332,79,96,17,110,110,78,78,0,110,110,82,82,0,0.014261887742945642,0.017257224548146634,77,78,1,3,2,2,6,8,51,20,22
850,0,206,1,93,92,0,10,1,31,30,0,8,1,36,35,0.0,0.0018040096667687805,1,44,43,3,-1,4,3,0,58,84,51
851,22,638,48,100,52,50,70,50,66,16,22,70,48,70,22,0.0020763130126961434,0.02634534871847238,44,85,41,2,3,3,5,2,70,52,10
852,8,214,37,93,56,10,18,32,37,5,8,14,37,42,5,0.0004765308553728854,0.003608019333537561,36,50,14,3,4,4,3,2,85,56,90
853,194,794,89,100,11,120,120,88,88,0,120,120,87,87,0,0.02215868477483917,0.03097450559923755,83,92,9,2,2,2,6,16,71,18,41
854,82,184,69,90,21,54,54,55,55,0,54,54,60,60,0,0.011947309302563056,0.012049423057285817,71,71,0,4,3,3,4,8,84,17,88
855,6,212,31,93,62,14,22,31,33,2,6,22,31,47,16,0.0002723033459273631,0.005990673610401988,32,58,26,3,4,4,5,1,70,60,21
856,74,280,67,97,30,56,56,76,76,0,56,56,77,77,0,0.009734844616903231,0.010858095918853602,66,73,7,3,2,2,2,6,68,26,54
857,482,482,100,100,0,240,240,98,98,0,240,240,98,98,0,0.046529834235338165,0.046529834235338165,97,97,0,-1,2,2,9,40,23,3,98
858,6,108,29,75,46,28,28,33,33,0,6,8,29,35,6,0.00037441710065012424,0.0004765308553728854,35,36,1,4,4,4,8,1,10,88,60
859,0,102,1,74,73,0,7,1,26,25,0,2,1,26,25,0.0,0.00013615167296368154,1,31,30,4,-1,5,6,0,74,86,55
860,503,2143,99,100,1,392,416,100,100,0,392,416,100,100,0,0.03703325504612138,0.04853807141155247,94,99,5,1,2,2,14,29,25,11,47
861,158,260,85,94,9,190,190,93,93,0,158,160,87,87,0,0.010177337554035196,0.010313489226998877,67,67,0,4,2,2,8,6,15,13,55
862,18,119,43,78,35,62,62,47,47,0,18,19,43,44,1,0.0019061234214915416,0.0019061234214915416,45,45,0,5,3,3,6,2,59,61,68
863,60,266,58,94,36,112,112,75,75,0,60,66,58,58,0,0.009462541270975866,0.010687906327649,67,69,2,3,3,3,7,5,43,25,53
864,0,616,1,100,99,0,84,1,37,36,0,48,1,52,51,0.0,0.007454304094761564,1,62,61,2,-1,3,13,0,13,92,17
865,118,734,77,100,23,272,272,87,87,0,118,272,77,95,18,0.010517716736444398,0.025494400762449368,67,90,23,2,2,2,14,5,8,25,18
866,101,307,76,95,19,116,116,76,76,0,101,116,77,79,2,0.010517716736444398,0.011879233466081215,69,71,2,3,2,2,7,8,62,57,53
867,0,0,1,1,0,0,0,1,1,0,0,0,1,1,0,0.0,0.0,1,1,0,-1,-1,-1,3,1,82,45,50
868,126,1726,77,100,23,104,104,73,73,0,104,104,79,79,0,0.013819394805813677,0.040879539807345384,78,94,16,1,2,2,5,8,52,17,5
869,0,206,1,92,91,0,16,1,32,31,0,8,1,37,36,0.0,0.0012253650566731338,1,40,39,3,-1,4,4,0,47,82,43
870,1,617,25,100,75,4,36,25,48,23,1,36,25,52,27,3.4037918240920386e-05,0.006092787365124749,26,57,31,2,6,3,4,2,79,58,41
871,0,206,1,90,89,0,36,1,33,32,0,12,1,34,33,0.0,0.0023486163586235067,1,46,45,3,-1,4,10,0,1,99,83
872,159,159,83,83,0,86,86,56,56,0,86,86,62,62,0,0.020592940535756832,0.020592940535756832,83,83,0,-1,3,3,6,20,51,23,76
873,0,206,1,92,91,0,14,1,31,30,0,14,1,38,37,0.0,0.0030293747234419145,1,50,49,3,-1,4,3,0,82,76,22
874,0,206,1,95,94,0,8,1,32,31,0,6,1,32,31,0.0,0.003165526396405596,1,51,50,3,-1,4,2,0,89,85,90
875,6,212,31,97,66,12,12,37,37,0,6,12,31,41,10,0.0016678579938050988,0.005241839409101739,41,55,14,3,4,4,2,1,99,71,28
876,0,0,1,1,0,0,0,1,1,0,0,0,1,1,0,0.0,0.0,1,1,0,-1,-1,-1,11,0,19,96,89
877,0,206,1,92,91,0,32,1,30,29,0,10,1,33,32,0.0,0.0009190237925048504,1,37,36,3,-1,4,12,0,6,36,43
878,102,102,73,73,0,166,166,83,83,0,102,102,73,73,0,0.009462541270975866,0.009462541270975866,68,68,0,-1,2,2,8,7,42,62,79
879,144,350,86,98,12,64,64,65,65,0,64,64,67,67,0,0.021614078082984444,0.025494400762449368,86,88,2,3,3,3,4,20,47,23,57
880,102,308,80,100,20,62,62,80,80,0,62,62,81,81,0,0.020797168045202357,0.023281936076789543,83,88,5,3,2,2,3,9,94,39,83
881,22,123,44,81,37,42,42,41,41,0,22,23,44,46,2,0.0007147962830593281,0.0007147962830593281,37,37,0,6,3,3,6,2,69,63,58
882,100,100,66,66,0,100,100,66,66,0,100,100,69,69,0,0.04043704687021342,0.04166241192688655,96,96,0,3,1,1,7,18,62,5,53
883,236,236,92,92,0,174,174,93,93,0,174,174,94,94,0,0.017155110793423873,0.017155110793423873,80,80,0,-1,2,2,7,14,24,32,98
884,6,622,34,100,66,12,22,39,48,9,6,22,34,49,15,0.0029612988869600733,0.027026107083290785,48,89,41,2,4,3,2,1,93,90,1
885,6,6,29,29,0,19,19,29,29,0,6,6,29,29,0,0.0002382654276864427,0.0002382654276864427,33,33,0,-1,4,4,8,1,15,55,99
886,126,126,85,85,0,38,38,56,56,0,38,38,57,57,0,0.01657646618332823,0.01657646618332823,82,82,0,-1,3,3,3,16,60,12,84
887,6,6,30,30,0,14,14,31,31,0,6,6,30,30,0,0.00017018959120460194,0.00017018959120460194,30,30,0,-1,4,4,5,1,63,60,82
888,0,616,1,100,99,0,40,1,37,36,0,22,1,43,42,0.0,0.002757071377514551,1,45,44,2,-1,3,9,1,26,50,61
889,6,622,29,100,71,31,72,32,41,9,6,38,29,45,16,0.0002042275094455223,0.0040845501889104465,32,52,20,2,4,3,10,1,0,55,29
890,0,206,1,89,88,0,34,1,33,32,0,19,1,44,43,0.0,0.0035059055788147996,1,48,47,3,-1,4,9,0,26,80,22
891,128,128,80,80,0,200,200,79,79,0,128,128,80,80,0,0.006399128629293032,0.006399128629293032,57,57,0,-1,2,2,12,5,3,47,67
892,198,299,95,99,4,22,22,48,48,0,22,22,51,51,0,0.025868817863099493,0.025970931617822254,88,88,0,5,3,3,2,22,95,9,60
893,0,616,1,100,99,0,58,1,42,41,0,44,1,49,48,0.0,0.007250076585316042,1,58,57,2,-1,3,7,0,46,98,72
894,28,644,47,100,53,62,62,43,43,0,28,44,47,55,8,0.002110350930937064,0.004356853534837809,46,55,9,2,3,3,7,3,24,54,53
895,100,100,64,64,0,100,100,45,45,0,100,100,64,64,0,0.05680928554409612,0.05680928554409612,99,99,0,-1,1,1,10,40,18,3,86
896,0,0,1,1,0,0,0,1,1,0,0,0,1,1,0,0.0,0.0,1,1,0,-1,-1,-1,3,0,75,67,81
897,0,102,1,81,80,0,8,1,29,28,0,2,1,28,27,0.0,0.0007488342013002485,1,37,36,4,-1,5,4,0,73,85,71
898,322,322,96,96,0,216,216,96,96,0,216,216,96,96,0,0.0313829606181286,0.0313829606181286,91,91,0,-1,2,2,9,22,29,9,36
899,0,102,1,75,74,0,13,1,26,25,0,2,1,26,25,0.0,0.0,1,1,0,4,-1,5,10,0,12,40,95
900,0,206,1,90,89,0,34,1,29,28,0,9,1,33,32,0.0,0.0013615167296368155,1,40,39,3,-1,4,13,0,13,79,54
901,102,308,82,100,18,46,46,82,82,0,46,46,82,82,0,0.014874570271282209,0.02413288403281255,76,87,11,3,2,2,2,8,95,17,77
902,120,120,77,77,0,132,132,72,72,0,120,120,78,78,0,0.008271214132543654,0.008271214132543654,63,63,0,-1,2,2,8,6,27,13,79
903,0,0,1,1,0,0,0,1,1,0,0,0,1,1,0,0.0,0.0,1,1,0,-1,-1,-1,11,0,5,97,92
904,135,237,88,95,7,38,38,46,46,0,38,38,51,51,0,0.019095272133156337,0.01960584090677014,83,84,1,4,3,3,3,16,96,18,71
905,193,294,92,98,6,112,112,94,94,0,112,112,94,94,0,0.026855917492086184,0.026855917492086184,88,88,0,6,2,2,4,17,78,6,58
906,2,618,27,100,73,4,48,27,72,45,2,48,27,74,47,6.807583648184077e-05,0.027877055039313797,27,89,62,2,5,3,3,1,92,55,10
907,64,270,59,92,33,124,124,66,66,0,64,124,59,80,21,0.007352190340038803,0.012798257258586064,62,71,9,3,3,3,9,4,54,38,31
908,96,712,68,100,32,56,66,44,50,6,56,66,58,61,3,0.007624493685966166,0.017052997038701112,63,79,16,2,3,3,6,13,34,24,17
909,100,100,64,64,0,100,100,59,59,0,100,100,64,64,0,0.02641342455495422,0.02641342455495422,88,88,0,-1,1,1,6,3,40,51,85
910,8,214,37,94,57,26,30,36,39,3,8,14,37,40,3,0.00030634126416828345,0.003369753905851118,34,49,15,3,4,4,5,2,49,56,90
911,0,616,1,100,99,0,28,1,44,43,0,28,1,48,47,0.0,0.02413288403281255,1,87,86,2,-1,3,3,1,60,50,11
912,0,616,1,100,99,0,21,1,33,32,0,16,1,34,33,0.0,0.0033357159876101976,1,46,45,2,-1,3,4,0,67,92,71
913,10,112,39,86,47,18,18,36,36,0,10,18,39,44,5,0.0014636304843595766,0.0027911092957554717,42,50,8,4,4,4,3,3,66,43,83
914,29,235,50,96,46,28,28,43,43,0,28,28,50,50,0,0.00353994349705572,0.014670342761836687,51,80,29,3,3,3,3,6,75,73,30
915,2,2,27,27,0,6,6,29,29,0,2,2,27,27,0,0.0002042275094455223,0.0002042275094455223,32,32,0,-1,5,5,3,1,58,60,45
916,186,186,92,92,0,120,120,87,87,0,120,120,89,89,0,0.01943565131556554,0.01943565131556554,86,86,0,-1,2,2,6,18,32,5,97
917,184,285,89,93,4,220,220,85,85,0,184,185,88,88,0,0.013615167296368155,0.013581129378127233,76,76,0,5,2,2,12,13,3,33,68
918,6,206,31,92,61,13,13,31,31,0,6,6,31,31,0,0.00017018959120460194,0.0007488342013002485,30,38,8,3,4,4,5,1,37,60,71
919,118,324,80,96,16,156,156,84,84,0,156,156,90,90,0,0.012730181422104225,0.013785356887572755,73,76,3,3,2,2,8,9,39,31,51
920,0,1640,1,100,99,0,96,1,43,42,0,67,1,58,57,0.0,0.01415977398822288,1,77,76,1,-1,2,11,0,38,67,31
921,92,298,68,93,25,80,80,68,68,0,80,80,69,69,0,0.014806494434800367,0.017291262466387555,76,80,4,3,3,3,5,12,80,37,41
922,40,656,50,100,50,102,102,66,66,0,40,56,50,58,8,0.004016474352428605,0.007147962830593281,52,65,13,2,2,2,8,2,39,94,46
923,60,162,69,92,23,56,56,88,88,0,56,56,88,88,0,0.010892133837094524,0.012117498893767658,70,71,1,4,2,2,2,6,93,41,61
924,16,222,43,93,50,30,30,45,45,0,16,22,44,50,6,0.0007488342013002485,0.0021784267674189047,38,47,9,3,3,3,4,2,77,42,94
925,37,37,56,56,0,28,28,44,44,0,28,28,54,54,0,0.005582218591510943,0.005582218591510943,61,61,0,-1,3,3,3,6,76,35,84
926,6,6,28,28,0,32,32,33,33,0,6,6,28,28,0,0.0007828721195411688,0.0007828721195411688,36,36,0,-1,4,4,8,2,27,42,85
927,16,632,37,100,63,64,86,36,41,5,16,59,37,55,18,0.00037441710065012424,0.0063650907110521125,35,59,24,2,3,3,11,1,19,49,44
928,0,616,1,100,99,0,114,1,62,61,0,114,1,74,73,0.0,0.023724429013921508,1,86,85,2,-1,3,9,0,28,76,0
929,110,726,75,100,25,158,168,78,84,6,110,168,75,89,14,0.009360427516253106,0.03434425950508867,67,93,26,2,2,2,9,7,29,21,0
930,12,114,35,82,47,18,18,36,36,0,12,14,35,38,3,0.0019061234214915416,0.0019741992579733825,43,43,0,4,4,4,3,2,82,52,95
931,30,646,49,100,51,66,76,48,50,2,30,76,49,62,13,0.004152626025392287,0.01405766023350012,50,77,27,2,3,3,6,6,59,73,14
932,18,18,40,40,0,86,86,35,35,0,18,18,40,40,0,0.0007147962830593281,0.0007147962830593281,35,35,0,-1,3,3,14,2,16,56,85
933,166,766,87,100,13,96,96,69,69,0,96,96,70,70,0,0.019844106334456584,0.03870111303992648,84,97,13,2,3,3,6,16,56,12,16
934,0,0,1,1,0,0,0,1,1,0,0,0,1,1,0,0.0,0.0,1,1,0,-1,-1,-1,3,0,92,84,79
935,16,16,40,40,0,40,40,38,38,0,16,16,40,40,0,0.00034037918240920387,0.00034037918240920387,33,33,0,-1,3,3,9,1,26,88,84
936,0,616,1,100,99,0,22,1,48,47,0,22,1,52,51,0.0,0.01746145205759216,1,82,81,2,-1,3,2,0,90,87,23
937,214,214,92,92,0,102,102,93,93,0,102,102,93,93,0,0.02644746247319514,0.02644746247319514,88,88,0,-1,2,2,4,16,84,12,99
938,0,206,1,90,89,0,42,1,35,34,0,42,1,50,49,0.0,0.007998910786616291,1,64,63,3,-1,4,7,0,43,67,14
939,182,182,87,87,0,136,136,77,77,0,136,136,83,83,0,0.01783586915824228,0.01783586915824228,82,82,0,-1,2,2,7,18,24,30,84
940,0,206,1,90,89,0,26,1,34,33,0,18,1,42,41,0.0,0.0034718676605738795,1,50,49,3,-1,4,5,1,80,50,26
941,37,137,56,87,31,28,28,44,44,0,28,28,54,54,0,0.005582218591510943,0.005718370264474625,61,61,0,4,3,3,3,6,76,35,88
942,110,1750,77,100,23,76,100,51,65,14,76,100,63,71,8,0.007488342013002485,0.05551584465094115,64,96,32,1,3,2,6,13,59,24,2
943,2,208,26,91,65,7,14,28,29,1,2,8,26,34,8,6.807583648184077e-05,0.0002382654276864427,28,32,4,3,5,4,5,2,52,58,49
944,99,1739,75,100,25,52,86,74,92,18,52,86,76,92,16,0.012662105585622384,0.05282684910990844,73,97,24,1,2,2,3,13,58,24,35
945,10,216,36,93,57,28,28,36,36,0,10,18,36,43,7,0.001157289220191293,0.0028591851322373124,41,47,6,3,4,4,6,3,69,43,70
946,0,0,1,1,0,0,0,1,1,0,0,0,1,1,0,0.0,0.0,1,1,0,-1,-1,-1,12,0,6,79,84
947,42,248,53,94,41,110,110,59,59,0,40,72,51,57,6,0.003914360597705844,0.007794683277170768,51,61,10,3,3,3,10,6,36,41,13
948,0,206,1,90,89,0,16,1,32,31,0,9,1,35,34,0.0,0.0013955546478777359,1,39,38,3,-1,4,6,0,48,84,64
949,258,1858,94,100,6,250,250,89,89,0,250,250,93,93,0,0.019810068416215663,0.036794989618434935,81,94,13,1,2,2,13,16,13,12,6
950,0,616,1,100,99,0,22,1,51,50,0,22,1,54,53,0.0,0.01865277919602437,1,85,84,2,-1,3,2,0,98,36,30
951,443,443,100,100,0,200,200,100,100,0,200,200,100,100,0,0.045304469178665034,0.045304469178665034,96,96,0,-1,2,2,5,29,61,1,80
952,62,678,59,100,41,22,32,42,57,15,22,32,46,58,12,0.00881582082439838,0.016406276592123625,64,81,17,2,3,3,2,6,68,34,62
953,38,140,55,91,36,32,32,71,71,0,32,32,71,71,0,0.004765308553728854,0.005071649817897137,53,55,2,4,3,3,2,3,99,54,63
954,32,32,48,48,0,34,34,40,40,0,32,32,48,48,0,0.0028591851322373124,0.0028591851322373124,48,48,0,-1,3,3,6,2,69,75,85
955,0,0,1,1,0,0,0,1,1,0,0,0,1,1,0,0.0,0.0,1,1,0,-1,-1,-1,3,0,96,80,59
956,0,616,1,100,99,0,30,1,41,40,0,30,1,50,49,0.0,0.006603356138738555,1,58,57,2,-1,3,4,0,83,97,48
957,0,616,1,100,99,0,62,1,45,44,0,48,1,53,52,0.0,0.009564655025698629,1,67,66,2,-1,3,7,0,62,93,77
958,226,842,92,100,8,150,160,86,90,4,150,160,86,90,4,0.02386058068688519,0.03795227883862623,86,94,8,2,2,2,7,18,43,30,12
959,443,1043,100,100,0,200,200,100,100,0,200,200,100,100,0,0.045304469178665034,0.05013785356887573,96,98,2,2,2,2,5,29,61,1,25
960,6,212,31,97,66,12,12,37,37,0,6,12,31,41,10,0.00034037918240920387,0.004016474352428605,32,50,18,3,4,4,2,1,99,4,35
961,16,632,37,100,63,66,86,51,62,11,16,86,37,67,30,0.0028591851322373124,0.01664454201981007,50,78,28,2,3,3,6,2,34,94,30
962,38,244,52,93,41,38,38,51,51,0,38,38,54,54,0,0.004799346471969774,0.009224275843289425,56,70,14,3,3,3,3,6,82,41,62
963,6,6,29,29,0,48,48,35,35,0,6,6,29,29,0,0.0005105687736138058,0.0005105687736138058,35,35,0,-1,4,4,10,1,12,49,89
964,60,60,59,59,0,90,90,65,65,0,60,60,60,60,0,0.006603356138738555,0.006603356138738555,60,60,0,-1,2,2,6,6,34,73,87
965,78,78,58,58,0,202,202,74,74,0,78,78,58,58,0,0.00616086320160659,0.00616086320160659,59,59,0,-1,2,2,13,4,13,22,81
966,24,125,44,81,37,86,86,43,43,0,24,25,44,44,0,0.0012594029749140542,0.0013274788113958951,39,40,1,5,3,3,10,4,36,64,95
967,24,230,45,93,48,76,76,41,41,0,24,34,45,48,3,0.0016678579938050988,0.0029612988869600733,41,49,8,3,3,3,11,3,19,43,54
968,6,622,30,100,70,15,46,31,41,10,6,46,30,53,23,0.00010211375472276115,0.022533101875489295,30,85,55,2,4,3,6,1,74,65,7
969,0,206,1,92,91,0,18,1,35,34,0,18,1,46,45,0.0,0.0053099152455835805,1,58,57,3,-1,4,3,0,64,79,48
970,0,616,1,100,99,0,110,1,60,59,0,110,1,78,77,0.0,0.022328874366043774,1,84,83,2,-1,3,10,0,1,66,10
971,56,56,63,63,0,62,62,77,77,0,56,56,77,77,0,0.006909697402906838,0.006909697402906838,62,62,0,-1,2,2,3,2,58,52,66
972,96,696,75,100,25,48,48,63,63,0,48,48,64,64,0,0.007998910786616291,0.019878144252697506,66,84,18,2,3,3,3,13,82,24,6
973,0,206,1,88,87,0,40,1,33,32,0,14,1,33,32,0.0,0.0016678579938050988,1,41,40,3,-1,4,10,0,11,40,70
974,8,110,37,81,44,18,18,35,35,0,8,18,37,47,10,0.0015657442390823377,0.002110350930937064,43,46,3,4,4,4,3,2,87,83,51
975,100,100,67,67,0,100,100,57,57,0,100,100,67,67,0,0.02658361414615882,0.02658361414615882,88,88,0,-1,1,1,8,6,21,34,66
976,0,102,1,83,82,0,4,1,30,29,0,4,1,32,31,0.0,0.0022465026039007454,1,47,46,4,-1,5,2,1,90,50,29
977,0,616,1,100,99,0,46,1,41,40,0,46,1,53,52,0.0,0.00888389666088022,1,67,66,2,-1,3,6,0,48,91,20
978,0,1640,1,100,99,0,92,1,54,53,0,92,1,64,63,0.0,0.03223390857415161,1,92,91,1,-1,2,8,1,21,50,1
979,0,0,1,1,0,0,0,1,1,0,0,0,1,1,0,0.0,0.0,1,1,0,-1,-1,-1,3,0,85,59,67
980,2,2,25,25,0,12,12,25,25,0,2,2,25,25,0,6.807583648184077e-05,6.807583648184077e-05,27,27,0,-1,5,5,10,1,36,68,69
981,25,25,53,53,0,18,18,48,48,0,18,18,51,51,0,0.004356853534837809,0.004356853534837809,55,55,0,-1,3,3,2,6,90,73,93
982,44,146,55,89,34,38,38,51,51,0,38,38,54,54,0,0.006603356138738555,0.00793083495013445,59,62,3,4,3,3,3,4,94,72,70
983,58,674,57,100,43,74,94,64,77,13,58,94,57,78,21,0.005105687736138058,0.036658837945471257,54,94,40,2,2,2,5,3,88,54,2
984,104,720,75,100,25,240,240,77,77,0,104,130,75,84,9,0.005548180673270023,0.00803294870485721,56,62,6,2,2,2,16,5,4,47,41
985,20,1660,48,100,52,30,58,44,67,23,20,58,48,68,20,0.0014295925661186562,0.04186663943633207,41,96,55,1,3,2,4,3,84,43,15
986,281,281,97,97,0,256,256,96,96,0,256,256,96,96,0,0.025358249089485686,0.025358249089485686,87,87,0,-1,2,2,10,20,1,23,79
987,0,0,1,1,0,0,0,1,1,0,0,0,1,1,0,0.0,0.0,1,1,0,-1,-1,-1,10,0,0,97,99
988,0,0,1,1,0,0,0,1,1,0,0,0,1,1,0,0.0,0.0,1,1,0,-1,-1,-1,5,1,49,45,66
989,0,102,1,73,72,0,19,1,28,27,0,4,1,26,25,0.0,0.0002723033459273631,1,30,29,4,-1,5,12,0,2,82,63
990,54,670,65,100,35,22,22,52,52,0,22,22,55,55,0,0.010449640899962559,0.01684876952925559,70,82,12,2,3,3,2,8,98,8,94
991,508,508,99,99,0,376,376,98,98,0,376,376,98,98,0,0.036080193335375606,0.036080193335375606,94,94,0,-1,2,2,13,30,13,7,79
992,100,100,60,60,0,100,100,40,40,0,100,100,60,60,0,0.025494400762449368,0.03315293236665646,89,91,2,2,1,1,14,14,25,32,17
993,0,616,1,100,99,0,52,1,37,36,0,22,1,42,41,0.0,0.0028591851322373124,1,48,47,2,-1,3,9,0,54,97,52
994,2,2,28,28,0,8,8,30,30,0,2,2,28,28,0,0.0002382654276864427,0.0002382654276864427,34,34,0,-1,5,5,4,1,72,60,80
995,126,332,82,95,13,80,80,59,59,0,80,80,63,63,0,0.009632730862180468,0.020933319718166036,69,85,16,3,3,3,5,13,61,24,37
996,32,238,50,93,43,46,46,42,42,0,32,46,50,53,3,0.003267640151128357,0.005207801490860819,51,56,5,3,3,3,6,2,74,75,70
997,22,22,47,47,0,32,32,58,58,0,22,22,46,46,0,0.0018720855032506212,0.0018720855032506212,45,45,0,-1,3,3,2,2,68,61,76
998,2,2,27,27,0,22,22,29,29,0,2,2,27,27,0,0.00013615167296368154,0.00013615167296368154,30,30,0,-1,5,5,11,1,19,60,76
999,67,67,62,62,0,54,54,53,53,0,54,54,57,57,0,0.007522379931243405,0.007522379931243405,63,63,0,-1,3,3,4,8,79,44,84
