,FreeNet_pre_score,FreeNet_post_score,FreeNet_pre_rank,FreeNet_post_rank,FreeNet_delta_ranks,Reversed_pre_score,Reversed_post_score,Reversed_pre_rank,Reversed_post_rank,Reversed_delta_ranks,Independent_pre_score,Independent_post_score,Independent_pre_rank,Independent_post_rank,Independent_delta_ranks,Random_pre_score,Random_post_score,Random_pre_rank,Random_post_rank,Random_delta_ranks,dist_victim_relayer,dist_victim_vilain_pre,dist_victim_vilain_post,out_deg_victim,in_deg_villain,victim,villain,relayer
0,215,215,96,96,0,72,72,84,84,0,72,72,84,84,0,0.03703325504612138,0.03703325504612138,94,94,0,-1,2,2,3,29,81,0,79
1,12,12,35,35,0,46,46,35,35,0,12,12,35,35,0,0.0004765308553728854,0.0004765308553728854,37,37,0,-1,4,4,9,2,28,63,50
2,100,100,73,73,0,100,100,88,88,0,100,100,88,88,0,0.055073351713809185,0.05902175022975595,99,100,1,3,1,1,4,17,84,6,28
3,6,212,31,95,64,18,18,35,35,0,6,18,31,45,14,0.002586881786309949,0.006092787365124749,47,56,9,3,4,4,3,3,94,46,28
4,154,360,91,100,9,48,48,73,73,0,48,48,75,75,0,0.021341774737057083,0.022294836447802852,84,86,2,3,3,3,3,19,92,15,64
5,100,100,70,70,0,100,100,73,73,0,100,100,74,74,0,0.028489737567650362,0.03182545355526056,91,93,2,3,1,1,6,6,71,70,13
6,74,280,66,96,30,78,78,72,72,0,78,78,75,75,0,0.007828721195411689,0.010007147962830594,63,69,6,3,2,2,4,6,47,26,75
7,70,172,62,88,26,80,80,66,66,0,70,80,64,67,3,0.005241839409101739,0.006126825283365669,58,59,1,4,3,3,5,6,63,28,74
8,134,134,81,81,0,110,110,78,78,0,110,110,82,82,0,0.011368664692467409,0.011368664692467409,69,69,0,-1,2,2,6,13,51,24,84
9,0,1640,1,100,99,0,112,1,58,57,0,108,1,77,76,0.0,0.014738418598318526,1,75,74,1,-1,2,11,1,33,50,31
10,40,656,54,100,46,50,60,46,50,4,39,60,52,61,9,0.003982436434187685,0.016202049082678104,53,80,27,2,3,3,5,6,80,41,12
11,18,120,43,79,36,30,30,36,36,0,18,18,43,43,0,0.0014636304843595766,0.0015317063208414173,41,41,0,4,4,4,5,3,61,43,60
12,32,648,46,100,54,66,66,44,44,0,32,66,46,55,9,0.0016338200755641784,0.008407365805507334,40,62,22,2,3,3,6,2,40,74,31
13,0,206,1,92,91,0,26,1,36,35,0,26,1,49,48,0.0,0.011368664692467409,1,71,70,3,-1,4,5,0,70,89,37
14,334,950,96,100,4,246,256,95,96,1,246,256,96,97,1,0.025290173253003846,0.03369753905851118,88,92,4,2,2,2,10,19,22,15,34
15,84,290,71,96,25,54,54,54,54,0,54,54,58,58,0,0.010892133837094524,0.016133973246196264,72,80,8,3,3,3,4,9,47,27,34
16,0,0,1,1,0,0,0,1,1,0,0,0,1,1,0,0.0,0.0,1,1,0,-1,-1,-1,3,1,75,69,85
17,100,100,79,79,0,100,100,98,98,0,100,100,98,98,0,0.11307396439633752,0.11382279859763778,100,100,0,4,1,1,2,30,91,7,74
18,44,44,59,59,0,48,48,59,59,0,48,48,63,63,0,0.005990673610401988,0.005990673610401988,57,57,0,-1,3,3,3,7,75,62,84
19,16,16,36,36,0,52,52,40,40,0,16,16,36,36,0,0.0032336022328874367,0.0032336022328874367,43,43,0,-1,3,3,6,1,71,90,93
20,244,844,93,100,7,232,232,92,92,0,232,232,93,93,0,0.01776779332176044,0.030497974743864665,81,89,8,2,2,2,10,14,1,14,6
21,22,1662,40,100,60,110,144,60,70,10,22,80,40,59,19,0.0020082371762143027,0.018142210422410564,44,80,36,1,3,2,10,2,11,61,72
22,100,100,64,64,0,100,100,57,57,0,100,100,65,65,0,0.04435140746791926,0.060553456550597365,97,98,1,2,1,1,8,20,10,23,16
23,116,116,81,81,0,94,94,78,78,0,94,94,78,78,0,0.013615167296368155,0.013615167296368155,76,76,0,-1,2,2,5,8,45,17,84
24,78,1718,61,100,39,110,134,78,89,11,78,118,60,87,27,0.007692569522448007,0.0247115286429082,60,86,26,1,2,2,6,4,51,38,55
25,1,103,26,77,51,5,9,26,28,2,1,5,26,30,4,0.00010211375472276115,0.0016338200755641784,28,43,15,4,6,5,5,2,37,58,75
26,230,430,95,100,5,64,64,68,68,0,64,64,71,71,0,0.03226794649239253,0.03771401341093979,91,94,3,3,3,3,4,29,72,0,32
27,198,814,92,100,8,150,150,85,85,0,150,150,89,89,0,0.02032063718982947,0.030463936825623743,86,90,4,2,2,2,7,17,46,6,12
28,115,217,83,96,13,38,38,51,51,0,38,38,54,54,0,0.019946220089179345,0.021511964328261683,81,84,3,4,3,3,3,20,94,23,75
29,100,100,65,65,0,100,100,45,45,0,100,100,65,65,0,0.026923993328568024,0.026923993328568024,90,90,0,-1,1,1,10,14,12,32,81
30,6,622,28,100,72,68,186,32,65,33,6,186,28,88,60,0.00034037918240920387,0.0265495762279179,32,88,56,2,4,3,16,1,4,88,0
31,0,206,1,91,90,0,30,1,34,33,0,30,1,49,48,0.0,0.005854521937438306,1,55,54,3,-1,4,7,0,62,67,31
32,22,638,41,100,59,92,134,36,62,26,22,112,41,74,33,0.001157289220191293,0.014806494434800367,37,75,38,2,3,3,14,3,16,51,37
33,22,228,40,91,51,76,80,41,43,2,22,66,40,57,17,0.002484768031587188,0.010007147962830594,49,66,17,3,3,3,10,2,11,83,8
34,46,46,59,59,0,28,28,45,45,0,28,28,50,50,0,0.007726607440688927,0.007726607440688927,64,64,0,-1,3,3,3,7,58,21,69
35,62,268,59,95,36,80,80,61,61,0,62,80,59,64,5,0.005888559855679227,0.010858095918853602,57,67,10,3,2,2,6,3,74,54,38
36,28,28,46,46,0,106,106,58,58,0,28,28,46,46,0,0.002382654276864427,0.002382654276864427,46,46,0,-1,3,3,11,3,19,54,80
37,81,281,76,100,24,56,56,82,82,0,56,56,82,82,0,0.013002484768031588,0.01494264610776405,75,76,1,3,2,2,2,8,89,44,47
38,152,358,89,100,11,96,96,91,91,0,96,96,91,91,0,0.022396950202525613,0.026107083290785937,85,88,3,3,2,2,3,14,76,14,35
39,6,212,30,91,61,16,20,33,34,1,6,20,30,47,17,0.0002042275094455223,0.005956635692161067,31,56,25,3,4,4,4,1,83,95,34
40,160,776,87,100,13,220,220,85,85,0,160,202,87,89,2,0.013479015623404473,0.018040096667687803,75,77,2,2,2,2,12,8,3,20,26
41,128,334,84,96,12,318,318,91,91,0,128,140,84,84,0,0.011913271384322134,0.012900371013308825,72,72,0,3,2,2,16,5,4,25,74
42,0,616,1,100,99,0,30,1,31,30,0,16,1,32,31,0.0,0.0024507301133462676,1,45,44,2,-1,3,9,0,31,81,71
43,1,617,25,100,75,6,38,25,40,15,1,38,25,49,24,0.0,0.012253650566731339,1,74,73,2,6,3,6,1,69,68,5
44,0,206,1,92,91,0,15,1,28,27,0,8,1,33,32,0.0,0.0009530617107457708,1,38,37,3,-1,4,6,0,59,67,51
45,548,754,100,100,0,288,288,100,100,0,288,288,100,100,0,0.046393682562374486,0.0509207256884169,97,97,0,3,2,2,9,40,31,3,44
46,403,505,100,100,0,120,120,99,99,0,120,120,99,99,0,0.05218012866333095,0.05323530412879948,96,97,1,4,2,2,3,40,75,3,83
47,6,6,27,27,0,24,24,29,29,0,6,6,27,27,0,6.807583648184077e-05,6.807583648184077e-05,28,28,0,-1,4,4,12,1,2,95,79
48,72,278,54,94,40,186,186,68,68,0,72,78,54,54,0,0.002825147213996392,0.004493005207801491,49,52,3,3,2,2,17,3,20,54,94
49,215,215,96,96,0,72,72,84,84,0,72,72,84,84,0,0.03509309370638892,0.03509309370638892,93,93,0,-1,2,2,3,30,81,7,87
50,2,208,27,93,66,6,10,29,31,2,2,10,27,37,10,0.00013615167296368154,0.0024507301133462676,30,45,15,3,5,4,3,1,58,4,70
51,505,711,100,100,0,192,192,98,98,0,192,192,98,98,0,0.049184791858129955,0.05650294427992784,97,98,1,3,2,2,6,40,44,3,77
52,166,372,88,97,9,198,198,86,86,0,166,198,88,91,3,0.014466115252391163,0.01855066544130161,79,83,4,3,2,2,10,9,36,27,38
53,16,16,34,34,0,90,90,42,42,0,16,16,34,34,0,0.0009870996289866913,0.0009870996289866913,38,38,0,-1,3,3,12,2,3,42,36
54,26,232,49,95,46,38,38,46,46,0,38,38,51,51,0,0.0038462847612240037,0.00527587732734266,50,53,3,3,3,3,3,6,96,41,52
55,120,326,80,95,15,158,158,79,79,0,120,158,80,83,3,0.00888389666088022,0.014023622315259198,68,75,7,3,2,2,9,7,54,21,31
56,146,352,83,98,15,270,270,78,78,0,146,156,83,83,0,0.0088498587426393,0.009973110044589673,61,65,4,3,2,2,17,8,20,57,43
57,100,100,63,63,0,100,100,47,47,0,100,100,63,63,0,0.016270124919159943,0.023452125667994147,77,85,8,2,1,1,10,2,22,63,21
58,16,16,35,35,0,90,90,45,45,0,16,16,35,35,0,0.0028932230504782326,0.0028932230504782326,48,48,0,-1,3,3,10,2,22,94,36
59,16,16,42,42,0,28,28,43,43,0,16,16,42,42,0,0.0018380475850097008,0.0018380475850097008,43,43,0,-1,3,3,3,1,66,53,93
60,0,206,1,92,91,0,18,1,37,36,0,18,1,46,45,0.0,0.016133973246196264,1,81,80,3,-1,4,3,0,85,81,9
61,42,42,53,53,0,90,90,58,58,0,42,42,53,53,0,0.002995336805200994,0.002995336805200994,46,46,0,-1,2,2,6,2,48,61,36
62,234,440,93,100,7,156,156,87,87,0,156,156,89,89,0,0.022499063957248374,0.025358249089485686,85,87,2,3,2,2,8,16,21,12,90
63,0,616,1,100,99,0,50,1,49,48,0,50,1,53,52,0.0,0.02733244834745907,1,88,87,2,-1,3,5,0,37,87,3
64,0,616,1,100,99,0,23,1,35,34,0,18,1,42,41,0.0,0.005854521937438306,1,56,55,2,-1,3,5,0,45,59,83
65,157,259,91,97,6,72,72,77,77,0,72,72,79,79,0,0.023724429013921508,0.024609414888185438,89,89,0,4,2,2,3,15,96,16,51
66,237,1837,91,100,9,232,232,91,91,0,232,232,93,93,0,0.026004969536063176,0.03989244017835869,90,96,6,1,2,2,10,20,22,23,31
67,0,0,1,1,0,0,0,1,1,0,0,0,1,1,0,0.0,0.0,1,1,0,-1,-1,-1,10,0,11,97,85
68,0,102,1,77,76,0,9,1,28,27,0,3,1,30,29,0.0,0.00034037918240920387,1,33,32,4,-1,5,5,0,37,93,56
69,6,107,32,80,48,24,24,38,38,0,6,7,32,36,4,0.0006126825283365669,0.0006467204465774873,38,38,0,5,4,4,4,1,79,49,95
70,0,616,1,100,99,0,31,1,40,39,0,20,1,44,43,0.0,0.006977773239388679,1,60,59,2,-1,3,5,0,49,91,73
71,0,102,1,78,77,0,18,1,26,25,0,2,1,26,25,0.0,0.00010211375472276115,1,27,26,4,-1,5,14,0,17,67,4
72,100,100,78,78,0,100,100,88,88,0,100,100,88,88,0,0.04738078219136117,0.0547670104496409,96,98,2,3,1,1,4,8,78,44,33
73,126,126,80,80,0,238,238,90,90,0,126,126,80,80,0,0.010619830491167161,0.010619830491167161,67,67,0,-1,2,2,11,4,19,72,76
74,78,694,65,100,35,78,78,75,75,0,78,78,76,76,0,0.009870996289866912,0.02491575615235372,69,85,16,2,2,2,4,4,73,72,16
75,40,40,48,48,0,54,54,56,56,0,40,40,49,49,0,0.004731270635487933,0.004731270635487933,49,49,0,-1,2,2,4,1,67,71,36
76,40,40,51,51,0,108,108,71,71,0,40,40,51,51,0,0.004118588107151367,0.004118588107151367,51,51,0,-1,2,2,9,3,26,46,76
77,22,22,50,50,0,22,22,55,55,0,22,22,57,57,0,0.004356853534837809,0.004356853534837809,52,52,0,-1,3,3,2,3,97,29,66
78,29,29,51,51,0,50,50,50,50,0,29,29,51,51,0,0.004935498144933456,0.004935498144933456,54,54,0,-1,3,3,5,4,70,22,82
79,0,0,1,1,0,0,0,1,1,0,0,0,1,1,0,0.0,0.0,1,1,0,-1,-1,-1,5,0,45,87,69
80,124,330,85,98,13,48,48,69,69,0,48,48,70,70,0,0.019027196296674494,0.022465026039007456,84,88,4,3,3,3,3,18,55,30,22
81,22,638,43,100,57,70,70,38,38,0,22,44,43,52,9,0.0006807583648184077,0.004969536063174376,38,55,17,2,3,3,10,2,1,74,29
82,2,104,28,81,53,5,5,28,28,0,2,4,28,31,3,0.00017018959120460194,0.0002382654276864427,31,34,3,4,5,5,3,1,76,65,4
83,0,0,1,1,0,0,0,1,1,0,0,0,1,1,0,0.0,0.0,1,1,0,-1,-1,-1,8,0,39,91,84
84,102,102,78,78,0,104,104,82,82,0,104,104,83,83,0,0.011811157629599374,0.011811157629599374,75,75,0,-1,2,2,5,9,50,27,92
85,268,268,92,92,0,254,254,93,93,0,254,254,94,94,0,0.022805405221416657,0.022805405221416657,82,82,0,-1,2,2,12,17,2,6,87
86,0,0,1,1,0,0,0,1,1,0,0,0,1,1,0,0.0,0.0,1,1,0,-1,-1,-1,11,0,33,97,91
87,306,922,98,100,2,288,288,97,97,0,288,288,97,97,0,0.026243234963749616,0.032199870655910685,89,92,3,2,2,2,12,15,14,16,25
88,32,648,46,100,54,152,152,70,70,0,32,56,46,50,4,0.004493005207801491,0.0063650907110521125,54,56,2,2,3,3,12,3,3,29,54
89,2,208,27,95,68,5,14,27,31,4,2,14,27,38,11,6.807583648184077e-05,0.013649205214609075,28,76,48,3,5,4,3,1,94,95,23
90,100,100,59,59,0,100,100,40,40,0,100,100,59,59,0,0.018142210422410564,0.0392457197317812,80,97,17,1,1,1,15,7,7,21,16
91,12,628,44,100,56,12,22,35,51,16,12,22,42,54,12,0.002552843868069029,0.011130399264780965,47,72,25,2,4,3,2,2,98,75,57
92,100,306,79,99,20,56,56,80,80,0,56,56,81,81,0,0.014840532353041287,0.01865277919602437,79,83,4,3,2,2,2,13,91,24,28
93,0,206,1,93,92,0,32,1,36,35,0,24,1,45,44,0.0,0.005105687736138058,1,55,54,3,-1,4,6,0,34,87,21
94,100,100,59,59,0,100,100,45,45,0,100,100,59,59,0,0.05262262160046292,0.055107389632050106,98,98,0,2,1,1,10,30,0,7,28
95,150,356,83,100,17,144,144,95,95,0,144,144,95,95,0,0.017359338302869398,0.02900030634126417,78,90,12,3,2,2,6,8,56,17,6
96,134,750,77,100,23,228,238,77,80,3,134,206,77,87,10,0.006569318220497634,0.016270124919159943,58,77,19,2,2,2,15,6,7,13,77
97,2,2,27,27,0,8,8,27,27,0,2,2,27,27,0,3.4037918240920386e-05,3.4037918240920386e-05,27,27,0,-1,5,5,6,1,65,78,91
98,1,207,25,97,72,2,12,25,38,13,1,12,25,43,18,3.4037918240920386e-05,0.015180911535450491,26,79,53,3,6,4,2,1,97,78,9
99,0,206,1,93,92,0,34,1,32,31,0,20,1,40,39,0.0,0.004935498144933456,1,53,52,3,-1,4,9,0,23,76,38
100,81,183,75,93,18,22,22,49,49,0,22,22,50,50,0,0.015351101126655093,0.016099935327955343,78,79,1,4,3,3,2,17,93,6,51
101,0,616,1,100,99,0,86,1,35,34,0,22,1,38,37,0.0,0.0031314884781646754,1,49,48,2,-1,3,16,0,9,67,29
102,0,616,1,100,99,0,102,1,54,53,0,78,1,53,52,0.0,0.008713707069675619,1,65,64,2,-1,3,16,0,4,59,8
103,144,350,81,96,15,198,198,82,82,0,144,158,81,83,2,0.007624493685966166,0.010279451308757957,62,68,6,3,2,2,10,6,18,13,73
104,104,720,77,100,23,160,160,73,73,0,104,160,77,85,8,0.005582218591510943,0.018244324177133328,60,79,19,2,2,2,11,5,38,47,5
105,47,247,56,93,37,56,56,46,46,0,47,56,56,57,1,0.004799346471969774,0.012559991830899623,56,72,16,3,3,3,6,6,74,35,20
106,138,344,85,98,13,134,134,88,88,0,134,134,89,89,0,0.013479015623404473,0.0160318594914735,73,81,8,3,2,2,6,9,59,31,90
107,112,213,81,90,9,110,110,77,77,0,110,110,81,81,0,0.014534191088873005,0.014534191088873005,76,76,0,5,2,2,6,8,74,17,95
108,88,294,73,99,26,64,64,68,68,0,64,64,71,71,0,0.01245787807617686,0.013410939786922631,74,76,2,3,3,3,4,13,72,33,49
109,16,16,32,32,0,114,114,65,65,0,16,16,32,32,0,0.0026889955410327104,0.0026889955410327104,45,45,0,-1,3,3,9,3,29,46,93
110,6,6,29,29,0,52,52,35,35,0,6,6,29,29,0,0.0008169100377820892,0.0008169100377820892,36,36,0,-1,4,4,10,2,18,42,92
111,24,125,49,79,30,56,56,45,45,0,24,25,49,50,1,0.002314578440382586,0.0024166921951053475,46,47,1,5,3,3,6,3,44,54,65
112,1,207,24,93,69,3,10,24,30,6,1,8,24,35,11,6.807583648184077e-05,0.001157289220191293,27,39,12,3,6,4,3,2,92,58,61
113,0,101,1,73,72,0,10,1,23,22,0,1,1,23,22,0.0,6.807583648184077e-05,1,27,26,5,-1,6,10,0,22,67,78
114,40,40,53,53,0,72,72,77,77,0,40,40,67,67,0,0.005241839409101739,0.005241839409101739,53,53,0,-1,2,2,3,1,96,53,40
115,16,1656,33,100,67,186,250,66,78,12,16,250,33,94,61,0.0031314884781646754,0.03226794649239253,47,92,45,1,3,2,16,3,4,46,7
116,0,616,1,100,99,0,42,1,36,35,0,42,1,50,49,0.0,0.013989584397018279,1,75,74,2,-1,3,6,0,71,91,30
117,70,276,60,94,34,86,86,63,63,0,70,76,63,65,2,0.005990673610401988,0.008101024541339052,56,63,7,3,3,3,6,6,56,26,94
118,162,263,93,100,7,56,56,82,82,0,56,56,82,82,0,0.027026107083290785,0.02736648626569999,89,89,0,5,2,2,2,16,89,12,60
119,0,616,1,100,99,0,98,1,40,39,0,59,1,53,52,0.0,0.010858095918853602,1,71,70,2,-1,3,13,1,13,69,39
120,56,56,58,58,0,46,46,43,43,0,56,56,58,58,0,0.005718370264474625,0.005718370264474625,53,53,0,-1,3,3,6,6,69,13,85
121,46,252,52,95,43,90,90,63,63,0,46,56,52,56,4,0.0051397256543789785,0.007182000748834201,55,62,7,3,2,2,6,3,65,29,70
122,0,616,1,100,99,0,34,1,36,35,0,16,1,36,35,0.0,0.004288777698355968,1,53,52,2,-1,3,6,0,34,40,90
123,126,726,79,100,21,110,110,78,78,0,110,110,82,82,0,0.014261887742945642,0.03475271452397971,77,93,16,2,2,2,6,8,51,20,10
124,40,40,58,58,0,28,28,46,46,0,28,28,53,53,0,0.0057524081827155455,0.0057524081827155455,59,59,0,-1,3,3,3,6,81,26,86
125,12,1652,39,100,61,20,78,35,74,39,12,78,39,75,36,0.0012253650566731338,0.04632560672589264,41,97,56,1,4,2,4,3,73,51,0
126,0,1640,1,100,99,0,104,1,57,56,0,104,1,74,73,0.0,0.019197385887879097,1,82,81,1,-1,2,10,0,18,98,33
127,16,632,34,100,66,40,50,40,45,5,16,34,34,48,14,0.0013274788113958951,0.005820484019197386,40,54,14,2,3,3,5,1,50,71,75
128,0,616,1,100,99,0,106,1,54,53,0,54,1,52,51,0.0,0.006092787365124749,1,56,55,2,-1,3,14,0,16,80,62
129,247,349,91,94,3,166,166,84,84,0,166,166,85,85,0,0.02386058068688519,0.023894618605126112,84,84,0,4,2,2,8,20,27,23,4
130,0,101,1,73,72,0,4,1,25,24,0,1,1,25,24,0.0,3.4037918240920386e-05,1,26,25,5,-1,6,4,0,83,82,58
131,18,634,44,100,56,46,56,42,45,3,18,56,44,57,13,0.0015317063208414173,0.01412573606998196,42,76,34,2,3,3,6,2,74,61,6
132,23,639,48,100,52,36,46,40,49,9,23,46,48,52,4,0.0012934408931549745,0.009836958371625992,40,69,29,2,3,3,5,4,37,64,77
133,0,102,1,74,73,0,6,1,27,26,0,2,1,26,25,0.0,0.00013615167296368154,1,29,28,4,-1,5,4,0,83,87,95
134,90,706,67,100,33,100,110,69,78,9,90,110,69,80,11,0.008271214132543654,0.022499063957248374,65,87,22,2,2,2,6,6,34,28,18
135,100,100,63,63,0,100,100,39,39,0,100,100,63,63,0,0.04748289594608394,0.05762619558187821,97,100,3,1,1,1,14,29,17,0,13
136,0,1640,1,100,99,0,46,1,80,79,0,46,1,81,80,0.0,0.05374587290241329,1,98,97,1,-1,2,2,0,89,87,62
137,12,628,36,100,64,32,56,37,45,8,12,56,36,57,21,0.00030634126416828345,0.01497668402600497,35,78,43,2,4,3,6,2,74,56,15
138,16,616,40,100,60,70,70,59,59,0,16,70,40,65,25,0.0037441710065012424,0.025188059498281085,51,87,36,2,3,3,5,1,80,90,10
139,0,1640,1,100,99,0,82,1,45,44,0,92,1,64,63,0.0,0.018108172504169646,1,80,79,1,-1,2,9,0,54,66,8
140,98,304,77,98,21,78,78,77,77,0,78,78,79,79,0,0.014432077334150244,0.0156914803090643,78,79,1,3,2,2,4,8,78,8,61
141,6,622,28,100,72,35,106,30,56,26,6,68,28,55,27,0.00013615167296368154,0.007011811157629599,28,56,28,2,4,3,16,1,9,65,34
142,40,40,47,47,0,100,100,66,66,0,40,40,47,47,0,0.003608019333537561,0.003608019333537561,47,47,0,-1,2,2,6,1,51,53,67
143,22,22,48,48,0,40,40,42,42,0,22,22,48,48,0,0.0032336022328874367,0.0032336022328874367,50,50,0,-1,3,3,5,2,61,75,85
144,0,616,1,100,99,0,38,1,56,55,0,38,1,58,57,0.0,0.020899281799925118,1,88,87,2,-1,3,3,0,55,97,16
145,126,332,82,96,14,108,108,69,69,0,108,108,77,77,0,0.008543517478471017,0.013410939786922631,66,73,7,3,3,3,8,13,39,24,72
146,52,52,51,51,0,92,92,47,47,0,52,52,51,51,0,0.002723033459273631,0.002723033459273631,48,48,0,-1,2,2,8,3,42,43,93
147,90,90,64,64,0,94,94,68,68,0,94,94,71,71,0,0.007726607440688927,0.007726607440688927,63,63,0,-1,2,2,5,6,50,13,99
148,62,268,59,97,38,22,22,42,42,0,22,22,46,46,0,0.00881582082439838,0.01055175465468532,64,72,8,3,3,3,2,6,68,34,46
149,0,102,1,83,82,0,4,1,28,27,0,2,1,27,26,0.0,0.0010211375472276116,1,38,37,4,-1,5,2,0,86,82,53
150,0,206,1,97,96,0,8,1,34,33,0,8,1,40,39,0.0,0.0037441710065012424,1,49,48,3,-1,4,2,0,97,85,26
151,16,222,45,94,49,22,22,49,49,0,16,22,48,52,4,0.003948398515946765,0.0156914803090643,53,80,27,3,3,3,2,3,90,46,18
152,0,616,1,100,99,0,94,1,36,35,0,34,1,44,43,0.0,0.005582218591510943,1,55,54,2,-1,3,16,0,9,79,62
153,32,32,45,45,0,116,116,56,56,0,32,32,45,45,0,0.002382654276864427,0.002382654276864427,46,46,0,-1,3,3,14,2,16,75,81
154,0,206,1,92,91,0,30,1,33,32,0,12,1,35,34,0.0,0.0017359338302869397,1,42,41,3,-1,4,9,0,35,97,83
155,102,308,80,100,20,62,62,80,80,0,62,62,81,81,0,0.020797168045202357,0.021818305592429966,83,85,2,3,2,2,3,9,94,39,74
156,56,56,54,54,0,142,142,71,71,0,56,56,54,54,0,0.005377991082065421,0.005377991082065421,56,56,0,-1,2,2,8,3,15,29,82
157,0,0,1,1,0,0,0,1,1,0,0,0,1,1,0,0.0,0.0,1,1,0,-1,-1,-1,3,1,64,50,66
158,0,206,1,91,90,0,42,1,33,32,0,33,1,46,45,0.0,0.004356853534837809,1,53,52,3,-1,4,9,0,31,96,57
159,0,102,1,73,72,0,13,1,25,24,0,2,1,25,24,0.0,0.0,1,1,0,4,-1,5,12,0,2,67,68
160,160,366,85,96,11,176,176,85,85,0,160,176,87,88,1,0.01494264610776405,0.021443888491779844,78,85,7,3,2,2,8,8,42,17,44
161,222,428,91,98,7,238,238,78,78,0,222,238,91,91,0,0.01841451376833793,0.019469689233806462,81,81,0,3,2,2,14,18,8,30,64
162,58,264,60,98,38,22,22,42,42,0,22,22,45,45,0,0.008679669151434699,0.012594029749140543,66,76,10,3,3,3,2,6,91,34,28
163,96,96,76,76,0,62,62,79,79,0,62,62,79,79,0,0.01575955614554614,0.01575955614554614,78,78,0,-1,2,2,3,8,76,17,92
164,6,622,33,100,67,16,54,33,59,26,6,54,33,61,28,0.0004765308553728854,0.03417406991388407,36,94,58,2,4,3,4,1,78,49,3
165,68,274,76,100,24,32,32,67,67,0,32,32,68,68,0,0.014534191088873005,0.01841451376833793,78,83,5,3,3,3,2,8,97,20,41
166,42,42,58,58,0,48,48,64,64,0,48,48,66,66,0,0.00980292045338507,0.00980292045338507,66,66,0,-1,3,3,3,5,85,25,89
167,0,206,1,92,91,0,12,1,32,31,0,6,1,32,31,0.0,0.0024166921951053475,1,47,46,3,-1,4,4,0,47,84,90
168,104,310,71,96,25,148,148,71,71,0,104,110,71,73,2,0.00704584907587052,0.007454304094761564,61,61,0,3,2,2,9,6,28,26,42
169,0,0,1,1,0,0,0,1,1,0,0,0,1,1,0,0.0,0.0,1,1,0,-1,-1,-1,3,1,94,50,86
170,73,175,70,92,22,22,22,48,48,0,22,22,51,51,0,0.011675005956635693,0.011981347220803976,72,72,0,4,3,3,2,13,95,33,56
171,16,1656,39,100,61,28,82,36,67,31,16,82,39,70,31,0.0004765308553728854,0.02900030634126417,35,90,55,1,3,2,6,1,69,4,37
172,0,102,1,79,78,0,7,1,24,23,0,4,1,26,25,0.0,0.0009870996289866913,1,35,34,4,-1,5,4,0,67,82,51
173,0,1640,1,100,99,0,182,1,68,67,0,182,1,87,86,0.0,0.02746860002042275,1,89,88,1,-1,2,12,0,14,82,9
174,2,618,27,100,73,6,24,29,42,13,2,24,27,48,21,0.00013615167296368154,0.00891793457912114,30,65,35,2,5,3,3,1,58,4,31
175,16,117,38,80,42,60,60,51,51,0,16,17,38,42,4,0.003914360597705844,0.003982436434187685,51,51,0,5,3,3,5,3,37,46,4
176,42,658,52,100,48,118,136,62,65,3,42,136,53,81,28,0.0014636304843595766,0.013138636440995268,41,74,33,2,2,2,12,2,14,56,12
177,0,616,1,100,99,0,48,1,36,35,0,22,1,41,40,0.0,0.004288777698355968,1,54,53,2,-1,3,7,0,24,87,29
178,0,616,1,100,99,0,39,1,34,33,0,24,1,42,41,0.0,0.0037441710065012424,1,51,50,2,-1,3,9,0,35,40,73
179,28,130,44,80,36,88,88,47,47,0,28,30,44,45,1,0.0023486163586235067,0.0025188059498281084,46,47,1,4,3,3,8,3,10,54,55
180,266,266,96,96,0,256,256,96,96,0,256,256,96,96,0,0.024166921951053473,0.024166921951053473,85,85,0,-1,2,2,10,16,1,18,79
181,0,206,1,92,91,0,24,1,36,35,0,24,1,53,52,0.0,0.015725518227305217,1,81,80,3,-1,4,4,0,77,79,18
182,18,18,40,40,0,52,52,40,40,0,18,18,40,40,0,0.0020082371762143027,0.0020082371762143027,41,41,0,-1,3,3,6,2,56,61,40
183,217,319,89,94,5,160,160,86,86,0,160,160,88,88,0,0.017052997038701112,0.017291262466387555,79,80,1,4,2,2,7,15,24,19,65
184,22,22,40,40,0,48,48,38,38,0,22,22,40,40,0,0.0024166921951053475,0.0024166921951053475,44,44,0,-1,3,3,7,2,46,83,96
185,0,616,1,100,99,0,92,1,39,38,0,57,1,55,54,0.0,0.006535280302256714,1,59,58,2,-1,3,14,0,8,99,44
186,0,616,1,100,99,0,84,1,47,46,0,84,1,65,64,0.0,0.023486163586235065,1,85,84,2,-1,3,9,0,31,98,10
187,124,724,83,100,17,114,114,64,64,0,114,114,81,81,0,0.010721944245889922,0.0195377650702883,71,82,11,2,3,3,9,14,31,32,39
188,0,102,1,79,78,0,4,1,26,25,0,3,1,31,30,0.0,0.00034037918240920387,1,32,31,4,-1,5,3,0,58,87,56
189,84,700,60,100,40,170,180,72,75,3,84,134,60,80,20,0.006943735321147759,0.013683243132849994,60,75,15,2,2,2,11,6,19,26,72
190,100,100,84,84,0,100,100,98,98,0,100,100,98,98,0,0.08359712719970047,0.08359712719970047,99,99,0,-1,1,1,2,7,97,62,82
191,32,32,45,45,0,92,92,50,50,0,32,32,45,45,0,0.004118588107151367,0.004118588107151367,51,51,0,-1,3,3,7,3,46,29,98
192,58,674,62,100,38,72,72,79,79,0,72,72,80,80,0,0.009734844616903231,0.025051907825317403,73,90,17,2,2,2,3,4,75,38,5
193,264,366,92,96,4,248,248,90,90,0,248,248,92,92,0,0.019980258007420267,0.02011640968038395,81,82,1,4,2,2,11,18,38,5,56
194,176,176,87,87,0,182,182,88,88,0,176,176,91,91,0,0.01507879778072773,0.01507879778072773,75,75,0,-1,2,2,9,9,29,27,81
195,22,22,48,48,0,40,40,42,42,0,22,22,48,48,0,0.0032336022328874367,0.0032336022328874367,50,50,0,-1,3,3,5,2,61,75,66
196,88,190,68,89,21,78,78,73,73,0,88,78,77,73,-4,0.010143299635794275,0.010687906327649,73,73,0,4,2,2,4,4,79,38,49
197,100,100,79,79,0,100,100,97,97,0,100,100,97,97,0,0.05269069743694476,0.05269069743694476,98,98,0,-1,1,1,3,6,60,73,81
198,50,666,55,100,45,64,64,63,63,0,64,64,64,64,0,0.006467204465774873,0.013683243132849994,59,75,16,2,3,3,4,6,79,26,48
199,226,1826,91,100,9,144,144,92,92,0,144,144,92,92,0,0.023009632730862182,0.040300895197249734,86,93,7,1,2,2,6,18,48,5,62
200,6,6,32,32,0,8,8,32,32,0,6,6,32,32,0,0.0004084550188910446,0.0004084550188910446,35,35,0,-1,4,4,2,1,98,88,93
201,138,138,85,85,0,134,134,88,88,0,134,134,89,89,0,0.013479015623404473,0.013479015623404473,73,73,0,-1,2,2,6,9,59,31,92
202,0,0,1,1,0,0,0,1,1,0,0,0,1,1,0,0.0,0.0,1,1,0,-1,-1,-1,5,0,88,84,81
203,76,692,70,100,30,48,48,66,66,0,48,48,67,67,0,0.008271214132543654,0.01664454201981007,66,82,16,2,3,3,3,7,76,21,24
204,100,716,75,100,25,54,54,55,55,0,54,54,60,60,0,0.01055175465468532,0.017325300384628477,73,81,8,2,3,3,4,14,73,32,72
205,2,618,29,100,71,9,40,30,43,13,2,40,29,50,21,0.00017018959120460194,0.028659927158854966,31,88,57,2,5,3,5,1,88,65,3
206,295,911,96,100,4,112,112,93,93,0,112,112,93,93,0,0.03550154872527996,0.04448755914088294,92,94,2,2,2,2,4,29,79,11,33
207,60,676,66,100,34,48,48,63,63,0,48,48,64,64,0,0.005854521937438306,0.01330882603219987,60,78,18,2,3,3,3,6,82,28,44
208,0,616,1,100,99,0,30,1,42,41,0,30,1,50,49,0.0,0.009224275843289425,1,70,69,2,-1,3,4,0,79,98,20
209,0,616,1,99,98,0,50,1,33,32,0,22,1,39,38,0.0,0.0015657442390823377,1,40,39,2,-1,3,12,1,6,45,52
210,94,710,71,100,29,76,86,60,67,7,76,86,65,71,6,0.010687906327649,0.016610504101569147,70,79,9,2,3,3,6,9,69,27,83
211,6,206,28,90,62,13,13,28,28,0,6,8,28,33,5,0.00017018959120460194,0.0006807583648184077,32,35,3,3,4,4,5,1,50,55,51
212,0,1640,1,100,99,0,128,1,70,69,0,128,1,81,80,0.0,0.03475271452397971,1,92,91,1,-1,2,9,0,31,89,0
213,6,107,30,75,45,18,18,32,32,0,6,6,30,30,0,0.00034037918240920387,0.00034037918240920387,31,31,0,5,4,4,6,1,65,55,78
214,62,1702,54,100,46,90,144,56,88,32,62,144,54,89,35,0.005990673610401988,0.050648422342489535,55,98,43,1,2,2,6,3,40,54,2
215,124,330,79,98,19,134,134,92,92,0,124,134,91,92,1,0.014364001497668403,0.016984921202219273,76,79,3,3,2,2,6,6,65,77,22
216,312,312,98,98,0,332,332,92,92,0,312,312,98,98,0,0.02236291228428469,0.02236291228428469,86,86,0,-1,2,2,16,16,9,12,82
217,257,359,95,100,5,54,54,56,56,0,54,54,57,57,0,0.028693965077095884,0.028796078831818644,90,90,0,4,3,3,4,29,67,1,88
218,0,616,1,100,99,0,62,1,34,33,0,26,1,41,40,0.0,0.003982436434187685,1,52,51,2,-1,3,14,0,25,84,41
219,0,0,1,1,0,0,0,1,1,0,0,0,1,1,0,0.0,0.0,1,1,0,-1,-1,-1,7,0,46,93,80
220,400,2040,97,100,3,288,312,95,96,1,288,312,95,96,1,0.033084856530174615,0.04676809966302461,91,97,6,1,2,2,12,27,3,10,77
221,0,102,1,78,77,0,15,1,26,25,0,2,1,26,25,0.0,6.807583648184077e-05,1,27,26,4,-1,5,13,0,13,79,65
222,0,616,1,100,99,0,68,1,40,39,0,62,1,55,54,0.0,0.009836958371625992,1,67,66,2,-1,3,8,0,10,97,17
223,241,441,96,100,4,72,72,85,85,0,72,72,85,85,0,0.0392457197317812,0.046019265461724364,94,96,2,3,2,2,3,29,60,11,8
224,22,638,43,100,57,54,68,39,45,6,22,68,43,58,15,0.0013955546478777359,0.011402702610708328,42,70,28,2,3,3,8,3,21,51,14
225,56,56,53,53,0,230,230,73,73,0,56,56,53,53,0,0.005003573981415297,0.005003573981415297,54,54,0,-1,2,2,16,3,9,29,82
226,0,206,1,91,90,0,20,1,33,32,0,20,1,47,46,0.0,0.004186663943633207,1,52,51,3,-1,4,4,1,84,50,13
227,20,636,46,100,54,22,22,42,42,0,22,22,46,46,0,0.0013274788113958951,0.007794683277170768,40,62,22,2,3,3,2,3,68,43,47
228,0,206,1,91,90,0,45,1,31,30,0,12,1,31,30,0.0,0.0009870996289866913,1,37,36,3,-1,4,16,0,4,87,74
229,0,206,1,90,89,0,44,1,30,29,0,13,1,31,30,0.0,0.0010211375472276116,1,37,36,3,-1,4,14,0,8,85,64
230,0,206,1,96,95,0,12,1,34,33,0,12,1,42,41,0.0,0.005922597773920147,1,60,59,3,-1,4,2,0,86,79,38
231,100,100,80,80,0,100,100,98,98,0,100,100,98,98,0,0.0763130126961435,0.07672146771503455,99,99,0,5,1,1,2,6,93,70,42
232,76,692,67,100,33,70,80,62,69,7,70,80,69,73,4,0.006603356138738555,0.011811157629599374,57,75,18,2,3,3,5,6,45,13,83
233,122,122,76,76,0,106,106,71,71,0,106,106,76,76,0,0.013479015623404473,0.013479015623404473,76,76,0,-1,2,2,7,8,43,8,69
234,0,206,1,90,89,0,20,1,29,28,0,8,1,34,33,0.0,0.0017359338302869397,1,44,43,3,-1,4,8,0,30,89,75
235,6,622,29,100,71,24,50,31,38,7,6,28,29,44,15,0.00030634126416828345,0.0040845501889104465,33,52,19,2,4,3,8,1,39,4,29
236,10,10,41,41,0,18,18,38,38,0,10,10,41,41,0,0.0012934408931549745,0.0012934408931549745,40,40,0,-1,4,4,3,4,85,64,96
237,24,24,52,52,0,28,28,44,44,0,24,24,52,52,0,0.0026209197045508697,0.0026209197045508697,50,50,0,-1,3,3,3,3,76,54,36
238,100,100,59,59,0,100,100,46,46,0,100,100,59,59,0,0.026243234963749616,0.02917049593246877,87,90,3,2,1,1,11,8,5,17,70
239,0,616,1,100,99,0,24,1,42,41,0,24,1,50,49,0.0,0.005480104836788182,1,56,55,2,-1,3,3,0,55,87,26
240,40,246,52,94,42,72,72,45,45,0,40,72,52,58,6,0.004050512270669526,0.009292351679771264,52,64,12,3,3,3,7,6,24,73,44
241,36,36,44,44,0,92,92,41,41,0,36,36,44,44,0,0.004322815616596889,0.004322815616596889,51,51,0,-1,3,3,11,6,33,73,85
242,144,350,82,97,15,194,194,78,78,0,144,156,82,82,0,0.007692569522448007,0.009224275843289425,62,64,2,3,2,2,11,6,19,13,52
243,0,206,1,89,88,0,34,1,31,30,0,20,1,37,36,0.0,0.004663194799006093,1,52,51,3,-1,4,9,0,29,40,62
244,164,164,86,86,0,110,110,82,82,0,110,110,83,83,0,0.020558902617515914,0.020558902617515914,85,85,0,-1,2,2,6,16,56,18,69
245,76,282,61,95,34,124,124,76,76,0,76,124,61,80,19,0.008713707069675619,0.020354675108070392,64,80,16,3,3,3,9,7,26,21,12
246,16,16,36,36,0,36,36,38,38,0,16,16,36,36,0,0.0009530617107457708,0.0009530617107457708,38,38,0,-1,3,3,5,1,61,71,84
247,0,206,1,90,89,0,13,1,27,26,0,8,1,33,32,0.0,0.0006807583648184077,1,36,35,3,-1,4,5,0,50,87,51
248,0,0,1,1,0,0,0,1,1,0,0,0,1,1,0,0.0,0.0,1,1,0,-1,-1,-1,5,0,45,85,67
249,134,750,81,100,19,110,110,78,78,0,110,110,82,82,0,0.011368664692467409,0.022839443139657578,69,85,16,2,2,2,6,13,51,24,30
250,116,116,81,81,0,110,110,81,81,0,110,110,85,85,0,0.01317267435923619,0.01317267435923619,75,75,0,-1,2,2,6,8,32,17,80
251,22,228,40,92,52,62,62,44,44,0,22,62,40,53,13,0.0022465026039007454,0.005922597773920147,39,53,14,3,3,3,6,2,71,61,13
252,22,228,41,91,50,88,88,47,47,0,22,32,41,45,4,0.0012594029749140542,0.0026549576227917903,40,47,7,3,3,3,8,2,10,61,54
253,64,680,59,100,41,80,80,65,65,0,64,80,61,68,7,0.007420266176520644,0.02484768031587188,63,87,24,2,3,3,5,4,37,38,23
254,22,22,43,43,0,158,158,66,66,0,22,22,43,43,0,0.004663194799006093,0.004663194799006093,54,54,0,-1,3,3,13,3,13,29,99
255,0,1640,1,100,99,0,102,1,60,59,0,102,1,74,73,0.0,0.031076619353960312,1,90,89,1,-1,2,8,0,15,97,0
256,200,200,88,88,0,118,118,66,66,0,118,118,80,80,0,0.01763164164879676,0.01763164164879676,80,80,0,-1,3,3,8,16,30,12,98
257,12,628,36,100,64,66,86,37,41,4,12,58,36,55,19,0.002110350930937064,0.006943735321147759,43,60,17,2,4,3,11,2,19,83,47
258,80,280,73,100,27,32,32,64,64,0,32,32,64,64,0,0.012559991830899623,0.017018959120460194,74,80,6,3,3,3,2,13,89,33,25
259,2,2,27,27,0,7,7,27,27,0,2,2,27,27,0,0.0,0.0,1,1,0,-1,5,5,6,2,48,58,93
260,100,100,59,59,0,100,100,40,40,0,100,100,59,59,0,0.018312400013615168,0.01855066544130161,81,82,1,3,1,1,15,6,7,26,88
261,22,22,43,43,0,56,56,45,45,0,22,22,43,43,0,0.0021784267674189047,0.0021784267674189047,44,44,0,-1,3,3,6,2,48,52,99
262,0,101,1,76,75,0,5,1,25,24,0,1,1,25,24,0.0,0.00017018959120460194,1,31,30,5,-1,6,5,0,49,59,60
263,0,206,1,90,89,0,26,1,34,33,0,18,1,42,41,0.0,0.0033357159876101976,1,50,49,3,-1,4,5,0,80,97,26
264,97,303,76,98,22,64,64,68,68,0,64,64,70,70,0,0.012491915994417782,0.013581129378127233,76,77,1,3,3,3,4,13,78,33,53
265,6,212,27,90,63,32,32,34,34,0,6,12,27,31,4,0.00176997174852786,0.0021784267674189047,40,40,0,3,4,4,6,2,51,94,60
266,90,90,61,61,0,122,122,66,66,0,90,90,61,61,0,0.008951972497362062,0.008951972497362062,66,66,0,-1,2,2,8,6,42,34,93
267,0,616,1,100,99,0,34,1,35,34,0,16,1,38,37,0.0,0.002552843868069029,1,47,46,2,-1,3,6,0,44,99,53
268,190,396,90,97,7,206,206,92,92,0,190,206,91,93,2,0.016372238673882704,0.01746145205759216,77,80,3,3,2,2,9,8,31,8,43
269,166,268,87,96,9,120,120,83,83,0,120,120,85,85,0,0.015589366554341537,0.015997821573232582,79,80,1,4,2,2,6,14,59,14,63
270,144,350,89,99,10,72,72,84,84,0,72,72,84,84,0,0.019129310051397258,0.024098846114571634,84,87,3,3,2,2,3,14,85,32,21
271,100,100,58,58,0,100,100,35,35,0,100,100,59,59,0,0.015623404472582456,0.030702202253310187,78,92,14,2,1,1,17,7,20,62,16
272,503,1119,99,100,1,392,392,100,100,0,392,392,100,100,0,0.03703325504612138,0.04036897103373158,94,95,1,2,2,2,14,29,25,11,75
273,80,80,63,63,0,114,114,67,67,0,80,80,63,63,0,0.0057524081827155455,0.0057524081827155455,57,57,0,-1,3,3,9,5,23,47,69
274,100,100,79,79,0,100,100,97,97,0,100,100,97,97,0,0.05269069743694476,0.05269069743694476,98,98,0,-1,1,1,3,6,60,73,93
275,6,622,30,100,70,28,42,34,36,2,6,28,30,43,13,0.0002042275094455223,0.00445896728956057,29,51,22,2,4,3,6,1,71,4,64
276,0,0,1,1,0,0,0,1,1,0,0,0,1,1,0,0.0,0.0,1,1,0,-1,-1,-1,8,0,42,96,79
277,127,127,84,84,0,64,64,68,68,0,64,64,70,70,0,0.021137547227611558,0.021137547227611558,83,83,0,-1,3,3,4,16,78,18,87
278,0,206,1,95,94,0,18,1,34,33,0,18,1,45,44,0.0,0.0040845501889104465,1,52,51,3,-1,4,3,0,94,36,47
279,128,728,76,100,24,190,190,71,71,0,128,190,76,86,10,0.012185574730249497,0.01766567956703768,68,78,10,2,3,3,15,8,7,8,24
280,100,100,74,74,0,100,100,87,87,0,100,100,87,87,0,0.07525783723067497,0.07787875693522585,100,100,0,3,1,1,4,30,47,7,28
281,0,206,1,92,91,0,16,1,31,30,0,16,1,38,37,0.0,0.004629156880765172,1,51,50,3,-1,4,6,0,69,81,34
282,16,16,37,37,0,52,52,43,43,0,16,16,37,37,0,0.0007147962830593281,0.0007147962830593281,36,36,0,-1,3,3,6,1,41,49,84
283,6,212,33,94,61,18,30,34,39,5,6,30,33,51,18,0.0004765308553728854,0.013376901868681712,36,75,39,3,4,4,5,1,49,88,18
284,124,740,82,100,18,182,182,87,87,0,124,182,84,91,7,0.013070560604513427,0.022396950202525613,71,85,14,2,2,2,9,6,23,77,19
285,0,616,1,99,98,0,112,1,59,58,0,112,1,74,73,0.0,0.016474352428605468,1,79,78,2,-1,3,12,0,6,99,23
286,2,208,26,87,61,11,36,26,33,7,2,13,26,34,8,0.00013615167296368154,0.003199564314646516,28,48,20,3,5,4,10,1,22,78,73
287,100,100,61,61,0,100,100,40,40,0,100,100,61,61,0,0.04115184315327275,0.04605330337996528,95,96,1,2,1,1,14,22,8,9,57
288,0,0,1,1,0,0,0,1,1,0,0,0,1,1,0,0.0,0.0,1,1,0,-1,-1,-1,8,0,10,93,50
289,97,713,72,100,28,72,72,77,77,0,72,72,77,77,0,0.011300588855985567,0.027638789611627353,72,90,18,2,2,2,3,8,64,57,23
290,0,206,1,90,89,0,17,1,31,30,0,7,1,35,34,0.0,0.0006126825283365669,1,37,36,3,-1,4,5,0,80,67,56
291,2,208,28,96,68,4,12,30,38,8,2,12,28,44,16,6.807583648184077e-05,0.004799346471969774,28,55,27,3,5,4,2,1,93,65,26
292,182,182,92,92,0,102,102,94,94,0,102,102,94,94,0,0.026243234963749616,0.026243234963749616,88,88,0,-1,2,2,4,20,73,23,66
293,98,714,71,100,29,54,54,56,56,0,54,54,57,57,0,0.012730181422104225,0.03577385207120733,71,95,24,2,3,3,4,13,67,33,0
294,146,352,85,97,12,128,128,93,93,0,128,128,93,93,0,0.01664454201981007,0.01773375540351952,77,79,2,3,2,2,5,8,70,17,53
295,16,632,36,100,64,62,76,44,54,10,16,76,36,59,23,0.0028932230504782326,0.018312400013615168,40,80,40,2,3,3,6,3,71,46,15
296,0,102,1,76,75,0,7,1,25,24,0,2,1,25,24,0.0,0.0002723033459273631,1,30,29,4,-1,5,6,0,56,98,55
297,100,100,63,63,0,100,100,47,47,0,100,100,63,63,0,0.06017903944994724,0.06181285952551142,99,99,0,3,1,1,10,40,22,3,94
298,6,622,28,100,72,20,164,28,69,41,6,164,28,84,56,0.00013615167296368154,0.020967357636406957,28,84,56,2,4,3,14,2,17,58,9
299,96,198,65,90,25,134,134,77,77,0,96,98,65,66,1,0.008169100377820893,0.008373327887266415,65,67,2,4,3,3,9,7,23,21,4
300,12,628,42,100,58,12,22,37,46,9,12,22,41,51,10,0.0020422750944552232,0.013683243132849994,44,75,31,2,4,3,2,2,89,83,17
301,0,102,1,77,76,0,9,1,28,27,0,4,1,32,31,0.0,0.0007147962830593281,1,37,36,4,-1,5,5,0,49,96,43
302,16,222,36,93,57,40,40,40,40,0,16,24,36,46,10,0.0004084550188910446,0.0009190237925048504,34,38,4,3,3,3,5,1,52,49,56
303,291,291,96,96,0,96,96,91,91,0,96,96,91,91,0,0.03863303720344464,0.03863303720344464,94,94,0,-1,2,2,3,29,76,1,50
304,24,640,46,100,54,52,62,40,42,2,24,40,46,51,5,0.0010211375472276116,0.003369753905851118,39,49,10,2,3,3,7,4,24,64,53
305,6,107,28,80,52,26,26,31,31,0,6,7,28,32,4,0.00037441710065012424,0.0004084550188910446,32,32,0,5,4,4,9,1,31,4,78
306,100,100,58,58,0,100,100,35,35,0,100,100,59,59,0,0.041934715272813915,0.04789135096497498,96,98,2,2,1,1,17,27,20,10,26
307,16,222,37,92,55,88,88,52,52,0,16,36,37,51,14,0.0024166921951053475,0.006399128629293032,48,60,12,3,3,3,8,1,21,53,72
308,155,257,91,97,6,56,56,86,86,0,56,56,86,86,0,0.022805405221416657,0.024983831988835564,86,86,0,4,2,2,2,16,95,12,41
309,0,102,1,75,74,0,15,1,28,27,0,3,1,29,28,0.0,0.0002723033459273631,1,32,31,4,-1,5,8,1,21,45,56
310,6,212,30,89,59,28,32,34,35,1,6,12,30,33,3,0.0002042275094455223,0.0021784267674189047,29,38,9,3,4,4,6,1,71,4,94
311,0,1640,1,100,99,0,134,1,68,67,0,134,1,80,79,0.0,0.02641342455495422,1,88,87,1,-1,2,10,0,11,40,23
312,320,420,100,100,0,80,80,96,96,0,80,80,96,96,0,0.05762619558187821,0.05766023350011913,98,98,0,5,2,2,2,36,98,2,65
313,0,102,1,76,75,0,8,1,28,27,0,4,1,30,29,0.0,0.00037441710065012424,1,34,33,4,-1,5,5,0,70,66,63
314,0,206,1,92,91,0,18,1,34,33,0,18,1,47,46,0.0,0.004322815616596889,1,54,53,3,-1,4,3,0,87,79,26
315,64,64,59,59,0,134,134,69,69,0,64,64,59,59,0,0.006977773239388679,0.006977773239388679,61,61,0,-1,3,3,9,7,54,62,92
316,150,1790,80,100,20,278,312,86,90,4,150,234,80,92,12,0.00966676878042139,0.021920419347152727,63,85,22,1,2,2,15,7,7,48,47
317,6,622,30,100,70,14,40,31,38,7,6,40,30,51,21,0.00017018959120460194,0.009530617107457708,30,68,38,2,4,3,5,1,63,60,17
318,121,121,83,83,0,86,86,62,62,0,86,86,68,68,0,0.016712617856291908,0.016712617856291908,82,82,0,-1,3,3,6,12,32,37,69
319,0,0,1,1,0,0,0,1,1,0,0,0,1,1,0,0.0,0.0,1,1,0,-1,-1,-1,15,0,7,97,45
320,16,222,38,93,55,36,40,38,38,0,16,23,38,46,8,0.00034037918240920387,0.0015657442390823377,33,42,9,3,3,3,7,1,62,4,61
321,104,720,77,100,23,160,160,73,73,0,104,145,77,85,8,0.005582218591510943,0.01143674052894925,60,70,10,2,2,2,11,5,38,47,44
322,81,697,76,100,24,56,56,82,82,0,56,56,82,82,0,0.013002484768031588,0.029034344259505088,75,93,18,2,2,2,2,8,89,44,16
323,134,236,88,95,7,48,48,72,72,0,48,48,74,74,0,0.018210286258892407,0.019129310051397258,84,85,1,4,3,3,3,18,60,30,71
324,28,28,46,46,0,86,86,42,42,0,28,28,46,46,0,0.0016678579938050988,0.0016678579938050988,43,43,0,-1,3,3,10,3,1,54,96
325,199,1799,88,100,12,110,110,72,72,0,110,110,76,76,0,0.023622315259198747,0.05388202457537697,85,98,13,1,2,2,6,20,40,23,11
326,16,632,35,100,65,110,120,59,61,2,16,85,35,58,23,0.003437829742332959,0.01494264610776405,50,79,29,2,3,3,10,1,36,90,39
327,262,878,94,100,6,232,232,92,92,0,232,232,93,93,0,0.023315973995030465,0.028149358385241158,84,87,3,2,2,2,10,17,1,6,62
328,0,206,1,93,92,0,10,1,31,30,0,9,1,36,35,0.0,0.0020763130126961434,1,45,44,3,-1,4,3,0,55,79,70
329,40,40,46,46,0,174,174,71,71,0,40,40,46,46,0,0.0025188059498281084,0.0025188059498281084,47,47,0,-1,2,2,14,1,17,53,84
330,2,208,28,92,64,11,16,29,31,2,2,12,28,35,7,0.00017018959120460194,0.002757071377514551,31,48,17,3,5,4,6,1,44,55,73
331,76,282,63,93,30,124,124,68,68,0,76,124,63,81,18,0.008066986623098132,0.010858095918853602,66,72,6,3,3,3,9,6,31,34,73
332,0,206,1,88,87,0,22,1,30,29,0,6,1,28,27,0.0,0.0019061234214915416,1,45,44,3,-1,4,7,1,24,45,94
333,128,128,88,88,0,32,32,69,69,0,32,32,69,69,0,0.020048333843902106,0.020048333843902106,84,84,0,-1,3,3,2,16,93,12,89
334,41,247,57,97,40,38,38,47,47,0,38,38,53,53,0,0.004322815616596889,0.009054086252084823,53,69,16,3,3,3,3,6,75,35,25
335,100,100,58,58,0,100,100,38,38,0,100,100,58,58,0,0.05834099186493754,0.05929405357568331,99,100,1,3,1,1,16,40,9,3,43
336,110,1750,76,100,24,142,166,72,82,10,110,166,76,87,11,0.010517716736444398,0.03880322679464924,71,94,23,1,2,2,8,6,42,77,6
337,388,388,100,100,0,224,224,99,99,0,224,224,99,99,0,0.03887130263113108,0.03887130263113108,95,95,0,-1,2,2,8,27,39,10,92
338,0,206,1,89,88,0,33,1,33,32,0,6,1,32,31,0.0,0.0018040096667687805,1,41,40,3,-1,4,9,0,26,67,94
339,100,100,68,68,0,100,100,63,63,0,100,100,68,68,0,0.04785731304673406,0.04785731304673406,98,98,0,-1,1,1,6,16,41,18,97
340,0,616,1,100,99,0,40,1,35,34,0,31,1,47,46,0.0,0.003982436434187685,1,50,49,2,-1,3,7,0,43,76,28
341,16,632,36,100,64,28,46,34,44,10,16,41,36,50,14,0.0007147962830593281,0.005241839409101739,36,54,18,2,3,3,5,1,52,4,22
342,49,665,53,100,47,122,132,62,66,4,49,83,53,58,5,0.003982436434187685,0.00980292045338507,53,67,14,2,3,3,12,4,2,22,72
343,1,1,26,26,0,6,6,26,26,0,1,1,26,26,0,3.4037918240920386e-05,3.4037918240920386e-05,27,27,0,-1,6,6,6,1,48,68,84
344,0,101,1,82,81,0,3,1,25,24,0,1,1,25,24,0.0,0.00017018959120460194,1,30,29,5,-1,6,3,0,60,59,65
345,16,632,37,100,63,116,116,62,62,0,16,32,37,46,9,0.0037441710065012424,0.005548180673270023,51,57,6,2,3,3,11,1,19,90,53
346,0,616,1,100,99,0,78,1,48,47,0,78,1,61,60,0.0,0.022703291466693896,1,83,82,2,-1,3,8,0,21,84,0
347,66,66,58,58,0,110,110,76,76,0,64,64,57,57,0,0.006024711528642908,0.006024711528642908,57,57,0,-1,2,2,6,6,59,41,91
348,44,250,55,94,39,48,48,54,54,0,48,48,56,56,0,0.007147962830593281,0.012594029749140543,59,75,16,3,3,3,3,4,87,72,25
349,403,403,100,100,0,120,120,100,100,0,120,120,100,100,0,0.06031519112291092,0.06031519112291092,97,97,0,-1,2,2,3,36,66,2,87
350,80,1720,60,100,40,142,166,71,82,11,80,166,60,87,27,0.010347527145239796,0.034820790360461554,68,94,26,1,2,2,8,6,15,77,18
351,190,190,87,87,0,252,252,81,81,0,190,190,87,87,0,0.014227849824704722,0.014227849824704722,74,74,0,-1,2,2,14,13,16,33,59
352,16,222,43,93,50,24,24,37,37,0,15,24,43,53,10,0.0034037918240920387,0.006739507811702236,52,59,7,3,4,4,4,6,77,41,22
353,16,118,33,80,47,52,52,36,36,0,16,18,33,38,5,0.0005786446100956465,0.0006126825283365669,35,35,0,4,3,3,9,1,31,49,55
354,256,1856,95,100,5,230,230,97,97,0,230,230,97,97,0,0.026821879573845263,0.055073351713809185,91,98,7,1,2,2,9,20,26,23,0
355,0,616,1,100,99,0,58,1,38,37,0,58,1,52,51,0.0,0.009360427516253106,1,67,66,2,-1,3,8,0,42,97,32
356,0,616,1,100,99,0,50,1,46,45,0,50,1,53,52,0.0,0.017359338302869398,1,81,80,2,-1,3,5,0,88,89,23
357,1,1,25,25,0,4,4,25,25,0,1,1,25,25,0,6.807583648184077e-05,6.807583648184077e-05,28,28,0,-1,6,6,4,2,84,58,67
358,0,206,1,92,91,0,32,1,34,33,0,32,1,48,47,0.0,0.012559991830899623,1,72,71,3,-1,4,6,0,65,84,6
359,0,206,1,93,92,0,8,1,31,30,0,8,1,35,34,0.0,0.002995336805200994,1,50,49,3,-1,4,2,0,68,85,29
360,1,1,26,26,0,4,4,26,26,0,1,1,26,26,0,3.4037918240920386e-05,3.4037918240920386e-05,27,27,0,-1,6,6,4,1,77,78,80
361,62,62,55,55,0,170,170,73,73,0,62,62,55,55,0,0.00445896728956057,0.00445896728956057,52,52,0,-1,2,2,11,6,33,70,45
362,0,0,1,1,0,0,0,1,1,0,0,0,1,1,0,0.0,0.0,1,1,0,-1,-1,-1,11,0,33,76,85
363,267,267,98,98,0,48,48,67,67,0,48,48,70,70,0,0.02998740597025086,0.02998740597025086,92,92,0,-1,3,3,3,29,96,1,87
364,100,100,81,81,0,100,100,98,98,0,100,100,98,98,0,0.07835528779059872,0.08761360155212908,99,99,0,3,1,1,2,2,99,94,19
365,44,660,49,100,51,44,44,44,44,0,44,44,50,50,0,0.007318152421797883,0.015385139044896015,61,78,17,2,3,3,4,4,67,38,77
366,0,102,1,82,81,0,6,1,28,27,0,3,1,30,29,0.0,0.0012934408931549745,1,39,38,4,-1,5,3,0,85,82,83
367,0,101,1,81,80,0,2,1,25,24,0,1,1,25,24,0.0,3.4037918240920386e-05,1,27,26,5,-1,6,2,0,95,66,65
368,154,754,86,100,14,112,112,92,92,0,112,112,92,92,0,0.022839443139657578,0.03815650634807175,89,96,7,2,2,2,4,12,53,37,1
369,0,0,1,1,0,0,0,1,1,0,0,0,1,1,0,0.0,0.0,1,1,0,-1,-1,-1,2,0,89,86,79
370,135,135,84,84,0,128,128,90,90,0,128,128,90,90,0,0.01242384015793594,0.01242384015793594,73,73,0,-1,2,2,5,8,63,44,59
371,6,6,30,30,0,16,16,31,31,0,6,6,30,30,0,0.0002382654276864427,0.0002382654276864427,32,32,0,-1,4,4,6,1,41,60,85
372,6,108,31,78,47,14,14,31,31,0,6,9,31,35,4,0.0002042275094455223,0.0009870996289866913,31,37,6,4,4,4,5,1,70,65,74
373,22,228,47,94,47,28,28,42,42,0,22,28,47,50,3,0.0026209197045508697,0.0035739814152966403,49,52,3,3,3,3,3,2,64,83,71
374,0,206,1,91,90,0,22,1,30,29,0,10,1,32,31,0.0,0.001055175465468532,1,39,38,3,-1,4,9,0,31,66,43
375,6,622,29,100,71,18,40,32,39,7,6,40,29,49,20,0.00013615167296368154,0.013002484768031588,31,77,46,2,4,3,5,1,52,95,30
376,278,878,93,100,7,300,300,89,89,0,278,300,93,94,1,0.017325300384628477,0.020354675108070392,79,80,1,2,2,2,14,14,16,14,28
377,2,208,26,89,63,9,28,26,32,6,2,16,26,36,10,3.4037918240920386e-05,0.0032336022328874367,27,49,22,3,5,4,8,2,10,58,73
378,32,32,57,57,0,12,12,39,39,0,12,12,44,44,0,0.005616256509751864,0.005616256509751864,59,59,0,-1,4,4,2,6,97,13,66
379,0,206,1,92,91,0,14,1,33,32,0,9,1,36,35,0.0,0.0013615167296368155,1,41,40,3,-1,4,5,0,37,59,43
380,0,616,1,100,99,0,70,1,39,38,0,56,1,54,53,0.0,0.009428503352734947,1,67,66,2,-1,3,9,0,29,84,77
381,78,180,57,88,31,104,104,73,73,0,78,80,58,59,1,0.009292351679771264,0.009428503352734947,65,66,1,4,2,2,5,4,52,38,60
382,213,813,91,100,9,176,176,87,87,0,176,176,89,89,0,0.025085945743558324,0.033255046121379216,86,89,3,2,2,2,8,20,57,23,39
383,116,322,81,97,16,94,94,78,78,0,94,94,78,78,0,0.013615167296368155,0.017869907076483203,76,82,6,3,2,2,5,8,45,17,13
384,227,843,92,100,8,144,144,94,94,0,144,144,94,94,0,0.02831954797644576,0.04166241192688655,90,96,6,2,2,2,6,20,71,23,18
385,100,100,64,64,0,100,100,49,49,0,100,100,64,64,0,0.03516116954287076,0.035705776234725484,89,89,0,4,1,1,8,13,42,33,88
386,16,632,36,100,64,38,60,35,40,5,16,59,36,60,24,0.0002042275094455223,0.006603356138738555,30,63,33,2,3,3,8,1,39,65,44
387,247,453,97,100,3,72,72,84,84,0,72,72,84,84,0,0.035739814152966405,0.03716940671908506,92,94,2,3,2,2,3,29,85,1,54
388,18,634,43,100,57,40,50,42,48,6,18,50,43,54,11,0.0006126825283365669,0.00976888253514415,36,68,32,2,3,3,5,2,61,56,14
389,0,0,1,1,0,0,0,1,1,0,0,0,1,1,0,0.0,0.0,1,1,0,-1,-1,-1,8,1,42,50,89
390,66,66,61,61,0,32,32,58,58,0,32,32,59,59,0,0.006535280302256714,0.006535280302256714,59,59,0,-1,3,3,2,6,68,13,67
391,0,206,1,89,88,0,34,1,33,32,0,19,1,44,43,0.0,0.00353994349705572,1,48,47,3,-1,4,9,0,26,99,22
392,260,260,98,98,0,56,56,86,86,0,56,56,86,86,0,0.03625038292658021,0.03625038292658021,95,95,0,-1,2,2,2,29,95,1,98
393,100,100,64,64,0,100,100,57,57,0,100,100,65,65,0,0.037509785901494265,0.04009666768780421,96,96,0,3,1,1,8,9,10,39,46
394,114,114,76,76,0,96,96,60,60,0,96,96,69,69,0,0.010858095918853602,0.010858095918853602,71,71,0,-1,3,3,6,9,44,27,99
395,0,0,1,1,0,0,0,1,1,0,0,0,1,1,0,0.0,0.0,1,1,0,-1,-1,-1,11,0,38,81,84
396,272,888,95,100,5,280,280,93,93,0,280,280,95,95,0,0.02559651451717213,0.032506211920078965,86,91,5,2,2,2,13,20,13,23,77
397,0,616,1,100,99,0,60,1,47,46,0,60,1,60,59,0.0,0.01783586915824228,1,80,79,2,-1,3,5,1,63,50,23
398,6,212,31,94,63,18,18,36,36,0,6,14,31,40,9,0.0012253650566731338,0.002586881786309949,40,49,9,3,4,4,3,1,66,71,51
399,0,206,1,88,87,0,19,1,28,27,0,8,1,34,33,0.0,0.0008169100377820892,1,36,35,3,-1,4,8,0,15,98,51
400,40,1680,47,100,53,180,214,70,71,1,40,88,47,55,8,0.0025188059498281084,0.010721944245889922,47,61,14,1,2,2,16,1,9,53,70
401,16,117,34,76,42,96,96,37,37,0,16,17,34,39,5,0.0008509479560230097,0.00088498587426393,36,36,0,5,3,3,14,2,16,42,78
402,0,0,1,1,0,0,0,1,1,0,0,0,1,1,0,0.0,0.0,1,1,0,-1,-1,-1,8,0,57,36,67
403,0,101,1,80,79,0,3,1,22,21,0,1,1,22,21,0.0,6.807583648184077e-05,1,29,28,5,-1,6,3,0,87,67,55
404,0,1640,1,100,99,0,142,1,65,64,0,129,1,79,78,0.0,0.021035433472888797,1,86,85,1,-1,2,16,0,9,40,6
405,2,2,27,27,0,6,6,29,29,0,2,2,27,27,0,0.00017018959120460194,0.00017018959120460194,29,29,0,-1,5,5,3,1,94,88,86
406,24,640,44,100,56,60,84,40,46,6,24,84,44,59,15,0.0013615167296368155,0.01242384015793594,40,73,33,2,3,3,9,4,35,64,19
407,0,1640,1,100,99,0,174,1,66,65,0,174,1,84,83,0.0,0.03437829742332959,1,93,92,1,-1,2,15,0,7,96,10
408,6,6,33,33,0,12,12,35,35,0,6,6,33,33,0,0.0004765308553728854,0.0004765308553728854,37,37,0,-1,4,4,2,1,86,49,50
409,50,50,55,55,0,64,64,63,63,0,64,64,64,64,0,0.006467204465774873,0.006467204465774873,59,59,0,-1,3,3,4,6,79,26,81
410,314,314,98,98,0,96,96,93,93,0,96,96,93,93,0,0.03951802307770857,0.03951802307770857,95,95,0,-1,2,2,3,29,58,1,36
411,77,283,57,96,39,88,88,47,47,0,77,88,57,60,3,0.006569318220497634,0.007862759113652609,58,61,3,3,3,3,8,8,10,57,64
412,22,622,47,100,53,34,34,43,43,0,22,22,47,47,0,0.0017018959120460194,0.0046972327172470135,44,54,10,2,3,3,4,3,79,51,94
413,64,165,58,86,28,70,70,54,54,0,64,65,61,61,0,0.006977773239388679,0.006977773239388679,60,60,0,5,3,3,5,4,50,72,78
414,0,102,1,76,75,0,13,1,27,26,0,3,1,28,27,0.0,0.0004084550188910446,1,33,32,4,-1,5,8,0,39,59,63
415,42,42,59,59,0,22,22,49,49,0,22,22,53,53,0,0.005718370264474625,0.005718370264474625,59,59,0,-1,3,3,2,6,90,26,76
416,50,1690,55,100,45,106,170,58,71,13,49,170,55,85,30,0.003982436434187685,0.03727152047380782,52,94,42,1,3,2,11,6,19,41,1
417,100,100,68,68,0,100,100,57,57,0,100,100,68,68,0,0.055107389632050106,0.055209503386772864,98,98,0,3,1,1,8,29,39,0,65
418,0,206,1,92,91,0,36,1,35,34,0,36,1,50,49,0.0,0.022328874366043774,1,85,84,3,-1,4,6,0,65,82,0
419,0,0,1,1,0,0,0,1,1,0,0,0,1,1,0,0.0,0.0,1,1,0,-1,-1,-1,2,1,91,69,76
420,266,866,95,100,5,166,166,87,87,0,166,166,91,91,0,0.02209060893835733,0.023554239422716908,86,87,1,2,2,2,8,19,10,15,43
421,117,117,82,82,0,88,88,80,80,0,88,88,81,81,0,0.017257224548146634,0.017257224548146634,84,84,0,-1,2,2,4,9,77,39,66
422,185,1825,91,100,9,88,112,80,95,15,88,112,80,95,15,0.02491575615235372,0.06269784539977535,86,100,14,1,2,2,4,15,84,16,15
423,50,256,61,97,36,22,22,48,48,0,22,22,51,51,0,0.005071649817897137,0.010824058000612683,56,69,13,3,3,3,2,5,95,47,57
424,0,0,1,1,0,0,0,1,1,0,0,0,1,1,0,0.0,0.0,1,1,0,-1,-1,-1,8,1,10,69,98
425,1,103,26,75,49,8,9,26,26,0,1,3,26,29,3,3.4037918240920386e-05,0.00017018959120460194,26,29,3,4,6,5,8,2,21,58,60
426,24,624,44,100,56,60,60,40,40,0,24,56,44,54,10,0.0013615167296368155,0.008101024541339052,40,66,26,2,3,3,9,4,35,64,17
427,12,218,43,98,55,12,12,37,37,0,12,12,42,42,0,0.002757071377514551,0.011368664692467409,47,70,23,3,4,4,2,2,99,83,19
428,462,1062,98,100,2,312,312,98,98,0,312,312,98,98,0,0.037475747983253344,0.04183260151809115,97,97,0,2,2,2,12,29,2,11,26
429,16,16,39,39,0,54,54,39,39,0,16,16,39,39,0,0.0011232513019503727,0.0011232513019503727,39,39,0,-1,3,3,8,1,57,71,97
430,0,206,1,95,94,0,8,1,32,31,0,8,1,37,36,0.0,0.0020422750944552232,1,44,43,3,-1,4,2,0,89,67,70
431,0,206,1,92,91,0,24,1,39,38,0,24,1,51,50,0.0,0.009939072126348753,1,71,70,3,-1,4,4,0,47,67,39
432,6,622,27,100,73,24,48,31,40,9,6,47,27,51,24,0.00030634126416828345,0.008305252050784574,31,62,31,2,4,3,6,1,40,88,25
433,124,740,81,100,19,204,204,86,86,0,124,204,81,90,9,0.011198475101262807,0.017325300384628477,70,78,8,2,2,2,11,6,38,77,21
434,76,692,61,100,39,82,92,50,54,4,76,92,62,66,4,0.008407365805507334,0.00976888253514415,63,69,6,2,3,3,7,6,43,34,64
435,0,206,1,94,93,0,14,1,31,30,0,14,1,40,39,0.0,0.0026889955410327104,1,47,46,3,-1,4,3,0,96,85,22
436,50,50,52,52,0,134,134,62,62,0,44,44,49,49,0,0.0035059055788147996,0.0035059055788147996,51,51,0,-1,3,3,14,6,8,41,99
437,124,124,78,78,0,284,284,81,81,0,124,124,78,78,0,0.011879233466081215,0.011879233466081215,66,66,0,-1,2,2,16,6,9,77,92
438,40,246,50,92,42,82,90,45,45,0,40,55,50,55,5,0.0023486163586235067,0.005548180673270023,48,58,10,3,2,2,10,2,11,42,73
439,64,64,70,70,0,32,32,63,63,0,32,32,64,64,0,0.011130399264780965,0.011130399264780965,69,69,0,-1,3,3,2,9,86,27,89
440,0,616,1,100,99,0,38,1,56,55,0,38,1,58,57,0.0,0.03271043942952449,1,92,91,2,-1,3,3,0,55,66,2
441,0,206,1,94,93,0,10,1,30,29,0,10,1,38,37,0.0,0.0010892133837094523,1,37,36,3,-1,4,3,0,66,92,54
442,1,617,25,100,75,6,30,25,39,14,1,32,25,47,22,3.4037918240920386e-05,0.0048674223084516155,28,51,23,2,6,3,6,1,69,78,28
443,0,1640,1,100,99,0,156,1,69,68,0,156,1,83,82,0.0,0.032165832737669764,1,92,91,1,-1,2,12,0,2,82,10
444,0,616,1,100,99,0,86,1,35,34,0,52,1,48,47,0.0,0.0038462847612240037,1,50,49,2,-1,3,15,0,7,93,13
445,0,0,1,1,0,0,0,1,1,0,0,0,1,1,0,0.0,0.0,1,1,0,-1,-1,-1,8,1,30,45,69
446,16,632,34,100,66,122,132,62,66,4,16,68,34,56,22,0.0018040096667687805,0.008203138296061813,41,60,19,2,3,3,12,1,2,53,31
447,276,892,93,100,7,248,248,89,89,0,248,248,92,92,0,0.019707954661492902,0.026821879573845263,83,87,4,2,2,2,11,17,5,6,21
448,56,158,61,92,31,38,38,51,51,0,38,38,54,54,0,0.009632730862180468,0.00976888253514415,68,68,0,4,3,3,3,7,94,21,60
449,0,616,1,100,99,0,23,1,32,31,0,16,1,36,35,0.0,0.0014636304843595766,1,41,40,2,-1,3,6,0,41,98,4
450,24,230,50,98,48,32,32,64,64,0,32,32,64,64,0,0.002723033459273631,0.005037611899656217,47,57,10,3,3,3,2,3,89,54,94
451,0,101,1,80,79,0,3,1,25,24,0,1,1,25,24,0.0,0.0,1,1,0,5,-1,6,3,0,55,82,95
452,82,82,61,61,0,66,66,47,47,0,66,66,55,55,0,0.008373327887266415,0.008373327887266415,63,63,0,-1,3,3,6,7,71,48,93
453,106,106,76,76,0,142,142,78,78,0,106,106,76,76,0,0.009394465434494027,0.009394465434494027,64,64,0,-1,2,2,8,7,27,48,96
454,168,784,89,100,11,110,120,80,84,4,110,120,83,84,1,0.013989584397018279,0.02277136730317574,77,86,9,2,2,2,6,14,48,32,20
455,0,206,1,92,91,0,14,1,31,30,0,14,1,38,37,0.0,0.003437829742332959,1,51,50,3,-1,4,3,0,82,87,47
456,60,660,58,100,42,112,112,75,75,0,60,112,58,77,19,0.009462541270975866,0.039109568058817525,67,94,27,2,3,3,7,5,43,25,2
457,0,101,1,81,80,0,3,1,24,23,0,1,1,24,23,0.0,3.4037918240920386e-05,1,26,25,6,-1,7,3,0,81,87,58
458,0,0,1,1,0,0,0,1,1,0,0,0,1,1,0,0.0,0.0,1,1,0,-1,-1,-1,4,0,72,85,40
459,100,100,67,67,0,100,100,55,55,0,100,100,67,67,0,0.025358249089485686,0.03798631675686715,87,96,9,2,1,1,9,7,23,48,37
460,100,100,61,61,0,100,100,43,43,0,100,100,61,61,0,0.016882807447496512,0.020933319718166036,75,79,4,2,1,1,12,3,2,29,47
461,153,359,92,100,8,80,80,97,97,0,80,80,97,97,0,0.02900030634126417,0.033255046121379216,90,94,4,3,2,2,2,18,89,5,57
462,100,100,65,65,0,100,100,45,45,0,100,100,65,65,0,0.027094182919772627,0.02917049593246877,91,91,0,2,1,1,10,9,12,27,61
463,216,317,93,96,3,116,116,76,76,0,116,116,80,80,0,0.022328874366043774,0.022499063957248374,84,84,0,5,2,2,7,19,62,15,55
464,0,616,1,100,99,0,74,1,44,43,0,55,1,51,50,0.0,0.005616256509751864,1,56,55,2,-1,3,8,0,42,66,28
465,64,64,56,56,0,120,120,62,62,0,64,64,56,56,0,0.006501242384015794,0.006501242384015794,60,60,0,-1,3,3,10,4,36,38,40
466,0,0,1,1,0,0,0,1,1,0,0,0,1,1,0,0.0,0.0,1,1,0,-1,-1,-1,16,0,4,98,66
467,666,666,100,100,0,408,408,100,100,0,408,408,100,100,0,0.050274005241839406,0.050274005241839406,99,99,0,-1,2,2,12,40,6,3,81
468,0,206,1,90,89,0,36,1,37,36,0,36,1,50,49,0.0,0.005412029000306341,1,55,54,3,-1,4,6,1,74,69,24
469,71,71,60,60,0,112,112,66,66,0,71,71,60,60,0,0.008101024541339052,0.008101024541339052,64,64,0,-1,2,2,8,6,21,35,87
470,100,100,61,61,0,100,100,43,43,0,100,100,61,61,0,0.024881718234112803,0.026209197045508698,87,88,1,3,1,1,12,15,2,19,52
471,22,228,43,92,49,78,78,49,49,0,22,30,43,50,7,0.0016678579938050988,0.0025188059498281084,44,48,4,3,3,3,8,2,21,61,51
472,0,616,1,100,99,0,22,1,51,50,0,22,1,53,52,0.0,0.017359338302869398,1,83,82,2,-1,3,2,0,98,96,30
473,124,124,79,79,0,208,208,88,88,0,124,124,79,79,0,0.01153885428367201,0.01153885428367201,71,71,0,-1,2,2,10,6,11,77,82
474,40,246,57,94,37,78,78,72,72,0,40,78,57,74,17,0.004595118962524252,0.011640968038394772,56,74,18,3,2,2,4,1,47,53,27
475,100,100,73,73,0,100,100,87,87,0,100,100,87,87,0,0.055243541305013785,0.08975799040130705,98,100,2,1,1,1,4,15,79,19,18
476,92,292,75,98,23,38,38,57,57,0,38,38,60,60,0,0.016916845365737433,0.023996732359848873,81,87,6,3,3,3,3,17,85,6,20
477,0,0,1,1,0,0,0,1,1,0,0,0,1,1,0,0.0,0.0,1,1,0,-1,-1,-1,3,0,64,92,98
478,0,0,1,1,0,0,0,1,1,0,0,0,1,1,0,0.0,0.0,1,1,0,-1,-1,-1,5,0,45,59,93
479,104,206,77,93,16,172,172,85,85,0,104,106,77,77,0,0.013887470642295518,0.014023622315259198,74,74,0,4,2,2,9,6,23,34,60
480,150,766,86,100,14,216,216,80,80,0,150,216,86,91,5,0.01678069369277375,0.023009632730862182,79,85,6,2,2,2,12,12,6,37,44
481,6,212,34,92,58,16,16,34,34,0,6,19,34,50,16,0.0004084550188910446,0.0024507301133462676,36,47,11,3,4,4,4,1,77,88,70
482,0,102,1,80,79,0,4,1,27,26,0,2,1,27,26,0.0,0.00017018959120460194,1,29,28,4,-1,5,3,0,55,66,88
483,0,616,1,100,99,0,104,1,54,53,0,52,1,52,51,0.0,0.007862759113652609,1,62,61,2,-1,3,14,0,8,98,77
484,0,102,1,79,78,0,12,1,28,27,0,2,1,28,27,0.0,0.00030634126416828345,1,32,31,4,-1,5,9,0,26,92,4
485,397,397,100,100,0,136,136,100,100,0,136,136,100,100,0,0.05384798665713605,0.05384798665713605,97,97,0,-1,2,2,4,36,73,2,79
486,8,8,36,36,0,26,26,36,36,0,8,8,36,36,0,0.0005105687736138058,0.0005105687736138058,35,35,0,-1,4,4,5,2,45,56,66
487,0,616,1,100,99,0,44,1,35,34,0,42,1,50,49,0.0,0.009190237925048503,1,66,65,2,-1,3,7,0,43,86,21
488,0,206,1,92,91,0,20,1,35,34,0,20,1,50,49,0.0,0.010177337554035196,1,69,68,3,-1,4,4,0,77,86,5
489,0,0,1,1,0,0,0,1,1,0,0,0,1,1,0,0.0,0.0,1,1,0,-1,-1,-1,12,0,6,40,66
490,2,1642,27,100,73,10,112,27,72,45,2,112,27,78,51,6.807583648184077e-05,0.04077742605262262,27,94,67,1,5,2,8,1,39,78,2
491,6,622,30,100,70,19,88,30,51,21,6,88,30,64,34,0.00017018959120460194,0.02188638142891181,30,85,55,2,4,3,8,1,21,65,11
492,0,616,1,99,98,0,86,1,41,40,0,54,1,55,54,0.0,0.007658531604207087,1,62,61,2,-1,3,11,0,19,86,17
493,4,620,33,100,67,4,22,30,54,24,4,22,33,56,23,0.0004084550188910446,0.03584192790768916,36,95,59,2,5,3,2,2,97,56,2
494,0,206,1,94,93,0,18,1,37,36,0,18,1,43,42,0.0,0.003812246842983083,1,49,48,3,-1,4,3,0,96,79,13
495,16,16,44,44,0,18,18,47,47,0,16,16,47,47,0,0.00353994349705572,0.00353994349705572,50,50,0,-1,3,3,2,1,99,55,86
496,128,744,79,100,21,138,158,75,77,2,128,158,80,87,7,0.010109261717553355,0.02403077027808979,69,87,18,2,2,2,9,9,29,31,6
497,1,102,25,82,57,3,3,25,25,0,1,2,25,26,1,0.0,6.807583648184077e-05,1,29,28,5,6,6,3,2,85,58,65
498,0,206,1,95,94,0,12,1,40,39,0,12,1,40,39,0.0,0.018822968787228972,1,84,83,3,-1,4,2,0,95,99,11
499,6,622,30,100,70,16,34,33,42,9,6,34,30,51,21,0.0002042275094455223,0.004833384390210695,31,55,24,2,4,3,4,1,83,95,41
500,176,776,89,100,11,96,96,69,69,0,96,96,70,70,0,0.018925082541951733,0.023690391095680587,82,87,5,2,3,3,6,17,56,6,44
501,100,100,73,73,0,100,100,87,87,0,100,100,87,87,0,0.057149664726505324,0.06419551380237584,99,100,1,3,1,1,4,16,79,18,27
502,84,284,62,93,31,94,94,68,68,0,84,94,70,72,2,0.010721944245889922,0.011402702610708328,71,71,0,3,2,2,5,5,61,25,83
503,122,738,79,100,21,88,88,71,71,0,88,88,71,71,0,0.0141938119064638,0.017801831240001363,77,79,2,2,2,2,4,9,53,27,22
504,8,214,40,96,56,8,12,34,38,4,8,12,40,44,4,0.0004084550188910446,0.002927260968719153,35,48,13,3,4,4,2,2,93,56,54
505,202,818,94,100,6,96,96,92,92,0,96,96,92,92,0,0.02648150039143606,0.032540249838319886,90,93,3,2,2,2,3,18,96,5,38
506,0,206,1,93,92,0,22,1,32,31,0,22,1,45,44,0.0,0.006739507811702236,1,57,56,3,-1,4,5,0,45,87,27
507,348,948,98,100,2,200,200,94,94,0,200,200,94,94,0,0.03318697028489737,0.03870111303992648,91,96,5,2,2,2,8,29,10,0,31
508,0,0,1,1,0,0,0,1,1,0,0,0,1,1,0,0.0,0.0,1,1,0,-1,-1,-1,5,0,80,66,40
509,150,766,82,100,18,198,198,83,83,0,150,198,82,90,8,0.01055175465468532,0.014636304843595765,73,79,6,2,2,2,10,7,0,48,13
510,134,750,82,100,18,230,230,89,89,0,134,230,82,91,9,0.00980292045338507,0.018006058749446885,70,78,8,2,2,2,12,7,3,21,32
511,372,372,97,97,0,208,208,88,88,0,208,208,89,89,0,0.0340719561591613,0.0340719561591613,94,94,0,-1,2,2,10,27,22,10,50
512,100,100,66,66,0,100,100,67,67,0,100,100,73,73,0,0.06783757105415433,0.06783757105415433,99,99,0,-1,1,1,5,30,52,7,98
513,29,29,51,51,0,50,50,50,50,0,29,29,51,51,0,0.004935498144933456,0.004935498144933456,54,54,0,-1,3,3,5,4,70,22,97
514,0,101,1,74,73,0,16,1,25,24,0,1,1,25,24,0.0,0.0,1,1,0,5,-1,6,16,0,9,93,78
515,268,1868,92,100,8,254,254,93,93,0,254,254,94,94,0,0.022805405221416657,0.037645937574457944,82,97,15,1,2,2,12,17,2,6,37
516,58,58,53,53,0,76,76,55,55,0,58,58,53,53,0,0.0053439531638245,0.0053439531638245,52,52,0,-1,2,2,6,4,71,64,99
517,100,100,69,69,0,100,100,66,66,0,100,100,72,72,0,0.059702508594574356,0.059702508594574356,100,100,0,-1,1,1,6,29,44,11,84
518,0,206,1,92,91,0,14,1,35,34,0,8,1,36,35,0.0,0.0027911092957554717,1,48,47,3,-1,4,3,0,85,89,29
519,100,306,66,95,29,130,130,85,85,0,98,105,68,78,10,0.008645631233193778,0.009632730862180468,66,67,1,3,2,2,7,6,62,41,43
520,0,0,1,1,0,0,0,1,1,0,0,0,1,1,0,0.0,0.0,1,1,0,-1,-1,-1,7,1,46,50,97
521,0,616,1,99,98,0,76,1,35,34,0,53,1,53,52,0.0,0.005241839409101739,1,55,54,2,-1,3,12,0,6,99,57
522,2,1642,25,100,75,7,80,25,53,28,2,80,25,56,31,3.4037918240920386e-05,0.027094182919772627,27,89,62,1,5,2,6,2,40,58,33
523,0,0,1,1,0,0,0,1,1,0,0,0,1,1,0,0.0,0.0,1,1,0,-1,-1,-1,4,0,47,84,92
524,16,16,36,36,0,40,40,40,40,0,16,16,36,36,0,0.0011913271384322134,0.0011913271384322134,39,39,0,-1,3,3,5,1,52,71,86
525,6,6,32,32,0,8,8,32,32,0,6,6,32,32,0,0.00034037918240920387,0.00034037918240920387,34,34,0,-1,4,4,2,1,68,88,96
526,134,334,88,98,10,48,48,69,69,0,48,48,70,70,0,0.021614078082984444,0.0265495762279179,87,88,1,3,3,3,3,20,55,23,31
527,0,616,1,100,99,0,22,1,51,50,0,22,1,54,53,0.0,0.029034344259505088,1,92,91,2,-1,3,2,0,98,66,0
528,100,100,69,69,0,100,100,57,57,0,100,100,69,69,0,0.043364307838932574,0.04945709520405732,97,97,0,2,1,1,8,19,57,15,31
529,0,0,1,1,0,0,0,1,1,0,0,0,1,1,0,0.0,0.0,1,1,0,-1,-1,-1,6,0,74,67,59
530,6,622,31,99,68,66,146,37,66,29,6,146,31,82,51,0.001055175465468532,0.032336022328874364,39,92,53,2,4,3,11,1,19,71,2
531,86,86,69,69,0,48,48,63,63,0,48,48,64,64,0,0.008747744987916539,0.008747744987916539,68,68,0,-1,3,3,3,7,82,21,91
532,6,622,33,100,67,24,34,40,43,3,6,34,33,51,18,0.00176997174852786,0.008713707069675619,44,66,22,2,4,3,4,2,47,94,21
533,0,206,1,93,92,0,28,1,35,34,0,24,1,45,44,0.0,0.004016474352428605,1,53,52,3,-1,4,6,1,34,45,72
534,40,246,57,97,40,56,56,76,76,0,40,56,76,76,0,0.007113924912352361,0.008407365805507334,61,62,1,3,2,2,2,1,68,53,54
535,80,286,65,98,33,68,68,72,72,0,68,68,74,74,0,0.010177337554035196,0.010892133837094524,66,68,2,3,2,2,4,6,67,73,49
536,185,391,93,99,6,78,78,75,75,0,78,78,76,76,0,0.024983831988835564,0.02828551005820484,87,90,3,3,2,2,4,15,73,16,29
537,0,102,1,76,75,0,8,1,26,25,0,2,1,25,24,0.0,0.00037441710065012424,1,31,30,4,-1,5,6,0,56,80,42
538,184,800,90,100,10,88,88,73,73,0,88,88,74,74,0,0.020558902617515914,0.03550154872527996,84,91,7,2,2,2,4,17,83,6,18
539,0,616,1,100,99,0,18,1,46,45,0,18,1,49,48,0.0,0.008441403723748256,1,64,63,2,-1,3,2,0,95,97,20
540,140,1780,86,100,14,100,134,68,89,21,100,134,73,89,16,0.010381565063480718,0.04881037475747983,70,97,27,1,2,2,6,13,48,24,1
541,61,61,58,58,0,106,106,59,59,0,61,61,58,58,0,0.0045270431260424114,0.0045270431260424114,55,55,0,-1,3,3,11,6,38,35,66
542,22,22,42,42,0,42,42,38,38,0,22,22,42,42,0,0.000442492937131965,0.000442492937131965,34,34,0,-1,3,3,6,2,41,56,59
543,62,1702,63,100,37,74,108,73,91,18,60,108,60,91,31,0.006433166547533953,0.03900745430409476,59,95,36,1,2,2,5,6,70,41,30
544,212,314,94,98,4,136,136,99,99,0,136,136,99,99,0,0.03192756730998332,0.033084856530174615,91,92,1,4,2,2,4,18,78,30,64
545,16,632,34,100,66,90,90,42,42,0,16,40,34,47,13,0.0009870996289866913,0.0033016780693692774,38,50,12,2,3,3,12,2,3,42,70
546,138,240,82,93,11,158,158,74,74,0,138,158,82,86,4,0.009054086252084823,0.009224275843289425,66,66,0,4,2,2,9,9,28,31,55
547,24,640,45,100,55,46,56,43,47,4,24,56,45,56,11,0.0012934408931549745,0.015657442390823378,40,78,38,2,3,3,6,3,65,43,15
548,40,656,47,100,53,62,84,38,47,9,40,77,47,56,9,0.0025188059498281084,0.009156200006807584,45,65,20,2,2,2,8,1,27,60,34
549,0,206,1,92,91,0,32,1,34,33,0,26,1,48,47,0.0,0.0034037918240920387,1,48,47,3,-1,4,6,0,59,81,26
550,0,206,1,92,91,0,24,1,31,30,0,6,1,28,27,0.0,0.001055175465468532,1,38,37,3,-1,4,6,0,59,85,53
551,156,362,85,97,12,162,162,80,80,0,156,162,86,86,0,0.013751318969331836,0.01667857993805099,77,78,1,3,2,2,9,8,28,8,73
552,6,1646,29,100,71,26,148,32,70,38,6,148,29,85,56,0.00013615167296368154,0.042070866945777594,32,94,62,1,4,2,9,1,28,4,2
553,0,206,1,88,87,0,17,1,28,27,0,7,1,35,34,0.0,0.00037441710065012424,1,34,33,3,-1,4,8,0,10,84,56
554,100,100,57,57,0,100,100,38,38,0,100,100,57,57,0,0.011402702610708328,0.011402702610708328,70,70,0,-1,1,1,16,2,4,56,96
555,2,2,27,27,0,8,8,31,31,0,2,2,27,27,0,0.00030634126416828345,0.00030634126416828345,33,33,0,-1,5,5,4,1,79,88,96
556,300,916,96,100,4,96,96,64,64,0,96,96,73,73,0,0.03213179481942884,0.04006262976956329,92,96,4,2,3,3,6,29,51,11,31
557,115,217,83,96,13,38,38,51,51,0,38,38,54,54,0,0.019946220089179345,0.020082371762143027,81,81,0,4,3,3,3,20,94,23,60
558,6,622,29,100,71,33,86,30,34,4,6,42,29,51,22,0.00017018959120460194,0.0038462847612240037,31,51,20,2,4,3,14,1,16,55,28
559,375,991,100,100,0,144,144,88,88,0,144,144,89,89,0,0.0374076721467715,0.05102283944313966,94,97,3,2,2,2,6,29,34,1,37
560,16,632,46,100,54,22,32,48,69,21,16,32,47,69,22,0.0012594029749140542,0.02546036284420845,40,88,48,2,3,3,2,1,95,49,23
561,120,736,80,100,20,188,198,85,85,0,120,198,80,91,11,0.01055175465468532,0.028523775485891283,71,88,17,2,2,2,10,7,36,48,18
562,92,92,83,83,0,32,32,67,67,0,32,32,68,68,0,0.023111746485584943,0.023111746485584943,86,86,0,-1,3,3,2,20,97,23,96
563,0,616,1,100,99,0,80,1,44,43,0,54,1,55,54,0.0,0.006705469893461316,1,60,59,2,-1,3,9,1,28,50,72
564,2,618,27,99,72,22,92,29,41,12,2,52,27,54,27,0.00013615167296368154,0.007590455767725246,30,62,32,2,5,3,11,1,19,60,72
565,36,242,56,97,41,28,28,46,46,0,28,28,53,53,0,0.004765308553728854,0.007998910786616291,57,67,10,3,3,3,3,6,81,28,13
566,0,206,1,93,92,0,24,1,37,36,0,24,1,49,48,0.0,0.003982436434187685,1,51,50,3,-1,4,4,0,73,93,47
567,67,273,62,95,33,54,54,53,53,0,54,54,57,57,0,0.007522379931243405,0.012253650566731339,63,75,12,3,3,3,4,8,79,44,57
568,6,212,30,92,62,18,28,32,32,0,6,28,30,46,16,0.00034037918240920387,0.004561081044283332,31,53,22,3,4,4,6,1,65,55,13
569,180,386,93,100,7,80,80,94,94,0,80,80,94,94,0,0.028421661731168522,0.03778208924742163,91,95,4,3,2,2,2,16,91,12,30
570,100,100,64,64,0,100,100,45,45,0,100,100,64,64,0,0.05163552197147622,0.05163552197147622,98,98,0,-1,1,1,10,30,18,7,85
571,0,616,1,100,99,0,70,1,35,34,0,32,1,47,46,0.0,0.0042547397801150485,1,52,51,2,-1,3,13,0,13,98,75
572,40,1680,51,100,49,80,114,58,77,19,40,114,51,77,26,0.0035739814152966403,0.027945130875795636,50,90,40,1,2,2,6,1,41,53,32
573,66,682,53,100,47,190,210,69,71,2,64,142,53,84,31,0.004016474352428605,0.012730181422104225,51,74,23,2,2,2,16,6,4,41,8
574,189,395,92,100,8,120,120,90,90,0,120,120,90,90,0,0.02392865652336703,0.02835358589468668,85,88,3,3,2,2,6,16,69,18,72
575,192,808,90,100,10,294,294,95,95,0,192,240,89,92,3,0.010347527145239796,0.01783586915824228,70,78,8,2,2,2,13,7,13,21,17
576,118,219,86,96,10,72,72,79,79,0,72,72,80,80,0,0.02038871302631131,0.02038871302631131,85,85,0,6,2,2,3,9,75,39,58
577,0,0,1,1,0,0,0,1,1,0,0,0,1,1,0,0.0,0.0,1,1,0,-1,-1,-1,11,0,5,81,50
578,348,964,96,100,4,176,176,85,85,0,176,176,89,89,0,0.032165832737669764,0.03563770039824364,88,91,3,2,2,2,8,29,42,0,47
579,74,280,68,97,29,72,72,79,79,0,72,72,80,80,0,0.008373327887266415,0.016133973246196264,66,80,14,3,2,2,3,6,75,26,27
580,88,294,61,95,34,158,158,82,82,0,88,96,61,64,3,0.007658531604207087,0.008169100377820893,61,63,2,3,2,2,9,4,35,72,63
581,66,66,64,64,0,48,48,60,60,0,48,48,63,63,0,0.011164437183021887,0.011164437183021887,68,68,0,-1,3,3,3,5,58,25,99
582,6,107,29,71,42,31,31,32,32,0,6,6,29,29,0,0.0002042275094455223,0.0002723033459273631,32,32,0,5,4,4,10,1,0,55,78
583,62,678,61,100,39,64,64,64,64,0,64,64,67,67,0,0.008713707069675619,0.019197385887879097,65,84,19,2,3,3,4,6,77,34,19
584,0,616,1,99,98,0,58,1,34,33,0,16,1,33,32,0.0,0.0018380475850097008,1,42,41,2,-1,3,12,0,14,67,53
585,0,0,1,1,0,0,0,1,1,0,0,0,1,1,0,0.0,0.0,1,1,0,-1,-1,-1,3,0,75,80,76
586,188,1828,86,100,14,230,254,73,75,2,188,254,86,92,6,0.012594029749140543,0.03271043942952449,70,93,23,1,2,2,16,14,9,32,6
587,42,658,48,100,52,130,144,61,64,3,42,95,48,58,10,0.0013955546478777359,0.006637394056979475,41,59,18,2,2,2,14,2,8,56,57
588,100,100,66,66,0,100,100,60,60,0,100,100,68,68,0,0.0530991524558358,0.053269342047040404,98,98,0,3,1,1,7,22,43,9,71
589,124,226,80,89,9,178,178,81,81,0,124,126,80,81,1,0.011913271384322134,0.011947309302563056,69,69,0,4,2,2,10,6,22,34,4
590,6,212,27,86,59,28,40,30,31,1,6,18,27,40,13,0.00030634126416828345,0.0020422750944552232,31,42,11,3,4,4,12,1,2,88,52
591,100,100,78,78,0,100,100,88,88,0,100,100,88,88,0,0.047619047619047616,0.054222403757786176,97,98,1,3,1,1,4,8,78,57,27
592,495,701,98,100,2,304,304,98,98,0,304,304,98,98,0,0.036454610436025735,0.036624800027230335,92,92,0,3,2,2,10,30,12,7,60
593,1,103,25,84,59,2,4,25,29,4,1,4,25,32,7,0.0,0.00088498587426393,1,38,37,4,6,5,2,1,89,68,43
594,44,146,57,89,32,38,38,59,59,0,38,38,62,62,0,0.006875659484665918,0.007318152421797883,62,65,3,4,3,3,3,4,92,72,74
595,625,2265,100,100,0,368,392,100,100,0,368,392,100,100,0,0.053269342047040404,0.06582933387794003,99,100,1,1,2,2,11,36,19,2,62
596,66,272,56,94,38,102,102,58,58,0,64,72,55,57,2,0.00442492937131965,0.005037611899656217,54,54,0,3,2,2,8,6,42,41,63
597,54,54,55,55,0,94,94,51,51,0,54,54,55,55,0,0.006943735321147759,0.006943735321147759,63,63,0,-1,3,3,9,4,23,38,36
598,0,0,1,1,0,0,0,1,1,0,0,0,1,1,0,0.0,0.0,1,1,0,-1,-1,-1,4,0,77,67,50
599,0,206,1,92,91,0,13,1,30,29,0,6,1,30,29,0.0,0.00030634126416828345,1,33,32,3,-1,4,5,0,37,76,49
600,0,0,1,1,0,0,0,1,1,0,0,0,1,1,0,0.0,0.0,1,1,0,-1,-1,-1,5,0,61,40,89
601,0,102,1,82,81,0,4,1,28,27,0,4,1,31,30,0.0,0.0007488342013002485,1,34,33,4,-1,5,3,0,60,84,51
602,0,0,1,1,0,0,0,1,1,0,0,0,1,1,0,0.0,0.0,1,1,0,-1,-1,-1,9,0,26,66,45
603,0,616,1,100,99,0,68,1,42,41,0,68,1,62,61,0.0,0.019707954661492902,1,83,82,2,-1,3,8,0,57,36,7
604,100,100,58,58,0,100,100,38,38,0,100,100,58,58,0,0.05834099186493754,0.06337860376459375,99,100,1,2,1,1,16,40,9,3,27
605,122,1762,81,100,19,148,182,78,86,8,122,182,83,91,8,0.013513053541645392,0.04840191973858879,73,97,24,1,2,2,9,8,23,8,10
606,0,206,1,90,89,0,22,1,33,32,0,12,1,38,37,0.0,0.003982436434187685,1,53,52,3,-1,4,5,0,80,91,29
607,0,616,1,100,99,0,28,1,42,41,0,28,1,49,48,0.0,0.014227849824704722,1,81,80,2,-1,3,3,0,66,92,37
608,73,174,56,85,29,154,154,67,67,0,73,74,56,56,0,0.005888559855679227,0.005922597773920147,56,56,0,5,2,2,10,4,18,22,78
609,22,123,47,81,34,44,44,48,48,0,22,23,47,51,4,0.0020422750944552232,0.0020763130126961434,46,46,0,5,3,3,4,2,47,52,55
610,54,670,57,100,43,66,86,51,62,11,54,86,57,67,10,0.006739507811702236,0.01865277919602437,62,83,21,2,3,3,6,4,34,38,32
611,246,452,93,100,7,118,118,91,91,0,118,118,91,91,0,0.02484768031587188,0.03008951972497362,89,90,1,3,2,2,5,19,50,15,48
612,62,678,54,100,46,74,84,52,58,6,62,84,54,65,11,0.0051397256543789785,0.013853432724054596,54,77,23,2,2,2,5,3,52,54,77
613,388,594,98,100,2,240,240,98,98,0,240,240,98,98,0,0.038394771775758195,0.04077742605262262,95,95,0,3,2,2,9,30,26,7,70
614,348,554,99,100,1,152,152,99,99,0,152,152,99,99,0,0.04132203274447735,0.043704687021341775,95,95,0,3,2,2,5,29,37,0,41
615,224,430,88,97,9,252,252,94,94,0,224,252,89,94,5,0.016304162837400864,0.02226079852956193,75,84,9,3,2,2,11,8,5,8,34
616,12,1652,37,100,63,12,56,32,79,47,12,56,37,80,43,0.0018380475850097008,0.06855236733721366,44,98,54,1,4,2,2,2,91,83,7
617,338,938,96,100,4,206,206,95,95,0,206,206,96,96,0,0.03277851526600633,0.0392457197317812,90,96,6,2,2,2,9,22,23,9,8
618,48,48,63,63,0,12,12,37,37,0,12,12,41,41,0,0.00707988699411144,0.00707988699411144,63,63,0,-1,4,4,2,13,89,24,69
619,80,1720,56,100,44,100,134,59,87,28,80,134,57,88,31,0.00789679703189353,0.04520235542394227,62,98,36,1,2,2,6,6,40,28,11
620,0,616,1,100,99,0,34,1,37,36,0,29,1,49,48,0.0,0.005990673610401988,1,58,57,2,-1,3,6,0,74,89,34
621,18,1658,40,100,60,50,92,36,50,14,18,98,40,66,26,0.0006807583648184077,0.019912182170938427,35,80,45,1,3,2,8,2,27,56,21
622,0,616,1,100,99,0,28,1,42,41,0,28,1,49,48,0.0,0.013479015623404473,1,78,77,2,-1,3,3,0,96,91,39
623,100,100,57,57,0,100,100,38,38,0,100,100,57,57,0,0.019639878825011062,0.019639878825011062,81,81,0,-1,1,1,16,13,4,24,97
624,106,722,79,100,21,88,88,77,77,0,88,88,77,77,0,0.010041185881071514,0.04142414649920011,72,93,21,2,2,2,4,7,79,48,2
625,22,638,40,100,60,122,136,55,58,3,22,69,40,53,13,0.002212464685659825,0.00796487286837537,42,61,19,2,3,3,16,2,4,83,44
626,38,1678,49,100,51,62,106,43,70,27,38,106,49,75,26,0.002144388849177984,0.029578950951359814,46,89,43,1,3,2,7,3,43,54,15
627,16,16,35,35,0,54,54,35,35,0,16,16,35,35,0,0.0007147962830593281,0.0007147962830593281,36,36,0,-1,3,3,10,1,22,88,45
628,22,638,51,100,49,34,54,47,58,11,22,54,51,62,11,0.003369753905851118,0.02226079852956193,51,86,35,2,3,3,4,2,77,83,16
629,0,102,1,74,73,0,12,1,26,25,0,2,1,25,24,0.0,6.807583648184077e-05,1,28,27,4,-1,5,10,1,18,69,95
630,135,236,78,92,14,228,228,77,77,0,135,136,78,78,0,0.008271214132543654,0.008339289969025495,61,61,0,5,2,2,15,8,7,57,58
631,25,231,50,97,47,32,32,58,58,0,32,32,60,60,0,0.004595118962524252,0.006535280302256714,54,57,3,3,3,3,2,6,91,73,54
632,6,212,28,92,64,15,20,28,32,4,6,20,28,40,12,0.0002042275094455223,0.0048674223084516155,29,50,21,3,4,4,6,1,56,4,57
633,6,6,29,29,0,31,31,31,31,0,6,6,29,29,0,0.00010211375472276115,0.00010211375472276115,29,29,0,-1,4,4,10,1,1,4,67
634,372,578,97,100,3,208,208,88,88,0,208,208,89,89,0,0.0340719561591613,0.037475747983253344,94,95,1,3,2,2,10,27,22,10,73
635,0,206,1,93,92,0,12,1,35,34,0,12,1,36,35,0.0,0.004595118962524252,1,56,55,3,-1,4,2,0,68,40,57
636,190,396,87,99,12,150,150,73,73,0,150,150,85,85,0,0.018959120460192654,0.021035433472888797,80,83,3,3,3,3,10,17,22,6,94
637,0,0,1,1,0,0,0,1,1,0,0,0,1,1,0,0.0,0.0,1,1,0,-1,-1,-1,9,0,23,76,85
638,50,250,63,99,36,22,22,54,54,0,22,22,54,54,0,0.00442492937131965,0.009836958371625992,52,69,17,3,3,3,2,5,99,47,25
639,32,648,43,100,57,94,114,45,64,19,32,88,43,57,14,0.001599782157323258,0.010824058000612683,40,69,29,2,3,3,9,2,29,52,77
640,56,672,63,100,37,62,62,77,77,0,56,62,77,77,0,0.006909697402906838,0.023179822322066782,62,87,25,2,2,2,3,2,58,52,12
641,126,742,77,100,23,136,136,77,77,0,126,136,78,82,4,0.011334626774226489,0.017529527894074,72,82,10,2,2,2,7,8,24,17,57
642,0,206,1,88,87,0,48,1,34,33,0,23,1,44,43,0.0,0.0036760951700194017,1,52,51,3,-1,4,10,0,11,59,35
643,0,616,1,100,99,0,68,1,42,41,0,68,1,62,61,0.0,0.015283025290173252,1,79,78,2,-1,3,8,0,57,76,6
644,146,762,82,100,18,116,116,76,76,0,116,116,80,80,0,0.015283025290173252,0.024405187378739916,77,87,10,2,2,2,7,13,62,33,77
645,128,744,78,100,22,182,182,82,82,0,128,182,79,87,8,0.008203138296061813,0.014840532353041287,63,77,14,2,2,2,9,5,28,47,72
646,94,94,69,69,0,94,94,70,70,0,94,94,72,72,0,0.007011811157629599,0.007011811157629599,62,62,0,-1,2,2,5,6,37,26,98
647,0,206,1,94,93,0,18,1,37,36,0,18,1,46,45,0.0,0.005412029000306341,1,57,56,3,-1,4,3,0,81,80,62
648,0,616,1,100,99,0,58,1,37,36,0,34,1,49,48,0.0,0.0057524081827155455,1,58,57,2,-1,3,8,0,15,80,72
649,16,1656,39,100,61,56,90,49,70,21,16,70,39,62,23,0.0034718676605738795,0.022805405221416657,50,83,33,1,3,2,6,3,69,46,41
650,12,218,39,91,52,24,24,37,37,0,12,24,39,49,10,0.001940161339732462,0.004765308553728854,45,55,10,3,4,4,4,2,83,52,29
651,40,40,57,57,0,28,28,44,44,0,28,28,54,54,0,0.0051397256543789785,0.0051397256543789785,59,59,0,-1,3,3,3,6,76,26,92
652,139,139,85,85,0,64,64,68,68,0,64,64,70,70,0,0.016712617856291908,0.016712617856291908,80,80,0,-1,3,3,4,18,78,5,81
653,74,280,70,96,26,44,44,54,54,0,44,44,58,58,0,0.01143674052894925,0.017325300384628477,72,84,12,3,3,3,4,8,77,8,34
654,0,0,1,1,0,0,0,1,1,0,0,0,1,1,0,0.0,0.0,1,1,0,-1,-1,-1,17,0,20,79,84
655,16,16,39,39,0,38,38,51,51,0,16,16,39,39,0,0.0024507301133462676,0.0024507301133462676,48,48,0,-1,3,3,3,1,82,53,36
656,0,616,1,100,99,0,86,1,36,35,0,34,1,42,41,0.0,0.0048674223084516155,1,56,55,2,-1,3,14,0,8,96,62
657,24,230,52,93,41,28,28,44,44,0,24,28,52,53,1,0.0026209197045508697,0.004186663943633207,50,54,4,3,3,3,3,3,76,54,46
658,16,632,34,100,66,80,108,39,57,18,16,108,34,74,40,0.0012594029749140542,0.014670342761836687,39,77,38,2,3,3,12,1,3,71,30
659,0,102,1,71,70,0,8,1,25,24,0,2,1,25,24,0.0,0.0,1,1,0,4,-1,5,7,0,24,79,95
660,56,672,53,100,47,208,218,73,73,0,56,218,53,90,37,0.005786446100956465,0.020661016372238675,57,82,25,2,2,2,14,3,8,29,12
661,0,616,1,100,99,0,38,1,46,45,0,38,1,52,51,0.0,0.012628067667381462,1,79,78,2,-1,3,3,0,75,96,33
662,40,656,55,100,45,52,62,76,79,3,40,62,69,79,10,0.004288777698355968,0.02294155689438034,54,88,34,2,2,2,3,1,55,53,6
663,180,386,90,98,8,132,132,74,74,0,132,132,81,81,0,0.020456788862793153,0.02100139555464788,83,83,0,3,2,2,8,17,21,6,43
664,36,652,53,100,47,66,86,49,56,7,35,86,53,63,10,0.004220701861874128,0.02198849518363457,55,86,31,2,3,3,6,6,44,41,16
665,100,100,72,72,0,100,100,79,79,0,100,100,80,80,0,0.08284829299840021,0.08621804690425133,100,100,0,2,1,1,5,36,37,2,29
666,96,196,68,87,19,132,132,73,73,0,96,97,68,68,0,0.009190237925048503,0.009394465434494027,69,69,0,4,2,2,8,6,30,34,63
667,6,212,30,91,61,26,30,35,36,1,6,30,30,48,18,0.000442492937131965,0.01153885428367201,36,72,36,3,4,4,5,1,80,49,6
668,10,112,38,82,44,18,18,35,35,0,10,18,38,45,7,0.0012594029749140542,0.0022465026039007454,40,44,4,4,4,4,3,3,58,43,64
669,6,622,30,100,70,21,48,31,35,4,6,28,30,44,14,0.00013615167296368154,0.003914360597705844,31,51,20,2,4,3,9,1,35,4,29
670,63,679,60,100,40,110,110,80,80,0,63,79,60,62,2,0.0061949011198475104,0.009428503352734947,57,66,9,2,2,2,6,4,48,22,46
671,188,188,88,88,0,120,120,79,79,0,120,120,81,81,0,0.021954457265393648,0.021954457265393648,85,85,0,-1,2,2,6,20,44,23,45
672,451,551,100,100,0,240,240,98,98,0,240,240,98,98,0,0.04986555022294836,0.05003573981415296,98,98,0,4,2,2,9,36,26,2,56
673,16,632,35,100,65,108,118,58,60,2,16,33,35,48,13,0.002723033459273631,0.004833384390210695,47,54,7,2,3,3,13,2,13,94,61
674,91,91,72,72,0,48,48,60,60,0,48,48,63,63,0,0.012525953912658701,0.012525953912658701,72,72,0,-1,3,3,3,13,58,33,92
675,0,0,1,1,0,0,0,1,1,0,0,0,1,1,0,0.0,0.0,1,1,0,-1,-1,-1,12,0,6,85,91
676,168,374,90,99,9,96,96,93,93,0,96,96,93,93,0,0.02569862827189489,0.02825147213996392,91,91,0,3,2,2,3,18,66,30,90
677,475,1091,99,100,1,216,216,99,99,0,216,216,99,99,0,0.04697232717247013,0.04860614724803431,95,95,0,2,2,2,6,40,48,3,61
678,68,684,64,100,36,28,38,43,46,3,28,38,50,52,2,0.01147077844719017,0.032029681064706085,76,93,17,2,3,3,3,8,75,8,9
679,0,616,1,100,99,0,78,1,38,37,0,78,1,59,58,0.0,0.00976888253514415,1,67,66,2,-1,3,11,0,38,79,14
680,6,1646,29,100,71,29,118,33,63,30,6,118,29,74,45,0.00017018959120460194,0.028421661731168522,33,89,56,1,4,2,9,1,28,55,23
681,16,16,33,33,0,66,66,44,44,0,16,16,33,33,0,0.0028932230504782326,0.0028932230504782326,46,46,0,-1,3,3,6,3,40,46,50
682,0,616,1,100,99,0,32,1,37,36,0,32,1,51,50,0.0,0.009496579189216788,1,67,66,2,-1,3,5,0,61,85,14
683,100,100,59,59,0,100,100,40,40,0,100,100,59,59,0,0.02481364239763096,0.02481364239763096,86,86,0,-1,1,1,15,13,7,33,40
684,0,0,1,1,0,0,0,1,1,0,0,0,1,1,0,0.0,0.0,1,1,0,-1,-1,-1,2,0,97,93,92
685,100,100,67,67,0,100,100,57,57,0,100,100,67,67,0,0.031621226045815035,0.031655263964055956,90,90,0,4,1,1,8,13,21,24,4
686,491,491,99,99,0,288,288,98,98,0,288,288,98,98,0,0.04190067735457299,0.04190067735457299,97,97,0,-1,2,2,9,29,54,11,98
687,0,1640,1,100,99,0,80,1,53,52,0,80,1,62,61,0.0,0.03066816433506927,1,90,89,1,-1,2,6,0,48,80,18
688,2,103,27,74,47,6,6,27,27,0,2,3,27,29,2,6.807583648184077e-05,0.00010211375472276115,28,29,1,5,5,5,5,1,63,68,58
689,84,290,61,95,34,104,104,82,82,0,84,104,69,82,13,0.010824058000612683,0.015180911535450491,72,78,6,3,2,2,5,5,50,25,26
690,78,78,71,71,0,48,48,64,64,0,48,48,66,66,0,0.013070560604513427,0.013070560604513427,75,75,0,-1,3,3,3,13,85,33,92
691,91,91,58,58,0,128,128,70,70,0,91,91,58,58,0,0.006569318220497634,0.006569318220497634,58,58,0,-1,2,2,9,6,29,35,91
692,0,206,1,93,92,0,8,1,31,30,0,8,1,35,34,0.0,0.0013615167296368155,1,40,39,3,-1,4,2,0,68,96,54
693,0,102,1,83,82,0,3,1,27,26,0,2,1,26,25,0.0,0.0002042275094455223,1,33,32,4,-1,5,2,0,86,36,88
694,0,206,1,96,95,0,12,1,34,33,0,12,1,42,41,0.0,0.0037441710065012424,1,55,54,3,-1,4,2,0,86,66,22
695,16,616,42,100,58,24,24,43,43,0,16,24,42,48,6,0.0009190237925048504,0.006875659484665918,38,62,24,2,3,3,3,1,58,49,26
696,6,622,30,100,70,14,40,31,38,7,6,40,30,51,21,0.00017018959120460194,0.005786446100956465,30,58,28,2,4,3,5,1,63,60,47
697,2,618,28,100,72,7,30,29,45,16,2,30,28,54,26,0.00010211375472276115,0.006126825283365669,30,61,31,2,5,3,4,1,78,65,72
698,14,220,41,93,52,12,12,36,36,0,12,12,37,37,0,0.0013955546478777359,0.003948398515946765,41,54,13,3,4,4,2,4,68,64,73
699,70,686,65,100,35,60,70,49,58,9,60,70,59,66,7,0.00789679703189353,0.029612988869600735,63,88,25,2,3,3,5,9,88,31,10
700,32,648,46,100,54,74,88,43,46,3,32,88,46,60,14,0.001157289220191293,0.0141938119064638,39,76,37,2,3,3,8,2,10,74,37
701,0,616,1,100,99,0,54,1,37,36,0,28,1,42,41,0.0,0.0040845501889104465,1,48,47,2,-1,3,8,1,27,50,70
702,100,100,67,67,0,100,100,54,54,0,100,100,67,67,0,0.061098063242452094,0.06487627216719426,100,100,0,2,1,1,8,40,27,3,13
703,2,618,26,100,74,6,50,26,48,22,2,50,26,54,28,3.4037918240920386e-05,0.012832295176826986,26,76,50,2,5,3,5,1,61,68,6
704,18,18,40,40,0,100,100,47,47,0,18,18,40,40,0,0.002110350930937064,0.002110350930937064,43,43,0,-1,3,3,10,2,22,61,45
705,0,0,1,1,0,0,0,1,1,0,0,0,1,1,0,0.0,0.0,1,1,0,-1,-1,-1,6,0,40,67,45
706,66,166,72,92,20,32,32,69,69,0,32,32,69,69,0,0.011198475101262807,0.011777119711358454,72,72,0,4,3,3,2,9,90,27,51
707,46,662,52,100,48,90,90,63,63,0,46,90,52,68,16,0.0051397256543789785,0.013751318969331836,55,76,21,2,2,2,6,3,65,29,27
708,16,16,35,35,0,54,54,35,35,0,16,16,35,35,0,0.0007147962830593281,0.0007147962830593281,36,36,0,-1,3,3,10,1,22,88,80
709,100,100,79,79,0,100,100,98,98,0,100,100,98,98,0,0.11174648558494163,0.11174648558494163,100,100,0,-1,1,1,2,30,68,7,99
710,0,0,1,1,0,0,0,1,1,0,0,0,1,1,0,0.0,0.0,1,1,0,-1,-1,-1,3,0,92,98,40
711,8,109,41,87,46,12,12,39,39,0,8,12,41,43,2,0.001599782157323258,0.00176997174852786,43,44,1,5,4,4,2,2,97,61,55
712,0,206,1,88,87,0,42,1,34,33,0,19,1,42,41,0.0,0.004322815616596889,1,51,50,3,-1,4,9,0,54,79,34
713,0,101,1,78,77,0,14,1,25,24,0,1,1,25,24,0.0,6.807583648184077e-05,1,26,25,6,-1,7,14,0,17,99,78
714,16,632,34,100,66,40,102,32,55,23,16,102,34,73,39,0.00037441710065012424,0.016542428265087308,34,75,41,2,3,3,12,1,2,65,16
715,237,853,96,100,4,88,88,82,82,0,88,88,82,82,0,0.03114469519044215,0.05299703870111304,90,96,6,2,2,2,4,30,72,7,11
716,0,0,1,1,0,0,0,1,1,0,0,0,1,1,0,0.0,0.0,1,1,0,-1,-1,-1,3,0,82,91,93
717,162,778,81,100,19,142,142,78,78,0,142,142,82,82,0,0.016304162837400864,0.02386058068688519,75,85,10,2,2,2,8,13,27,33,24
718,0,0,1,1,0,0,0,1,1,0,0,0,1,1,0,0.0,0.0,1,1,0,-1,-1,-1,5,1,52,45,69
719,22,638,46,100,54,40,40,43,43,0,22,40,46,51,5,0.002280540522141666,0.013853432724054596,48,76,28,2,3,3,5,2,45,52,37
720,0,206,1,91,90,0,28,1,31,30,0,10,1,32,31,0.0,0.001055175465468532,1,37,36,3,-1,4,10,0,0,92,43
721,22,622,47,100,53,44,44,48,48,0,22,44,47,57,10,0.0020422750944552232,0.018788930868988054,46,82,36,2,3,3,4,2,47,52,16
722,358,358,99,99,0,176,176,100,100,0,176,176,100,100,0,0.041934715272813915,0.041934715272813915,95,95,0,-1,2,2,5,30,45,7,98
723,108,724,75,100,25,220,230,85,88,3,108,230,75,91,16,0.007011811157629599,0.01929949964260186,60,79,19,2,2,2,12,6,3,26,12
724,22,228,51,94,43,34,34,47,47,0,22,34,51,54,3,0.0022465026039007454,0.006058749446883829,48,60,12,3,3,3,4,2,78,75,13
725,10,216,39,95,56,8,8,32,32,0,8,8,38,38,0,0.0012253650566731338,0.0045270431260424114,39,54,15,3,4,4,2,3,95,43,47
726,0,616,1,100,99,0,94,1,50,49,0,94,1,63,62,0.0,0.014568229007113924,1,77,76,2,-1,3,9,1,23,45,18
727,96,96,78,78,0,56,56,82,82,0,56,56,82,82,0,0.015521290717859695,0.015521290717859695,79,79,0,-1,2,2,2,7,89,48,45
728,0,206,1,97,96,0,12,1,38,37,0,12,1,43,42,0.0,0.008271214132543654,1,67,66,3,-1,4,2,0,97,96,14
729,8,8,37,37,0,20,20,34,34,0,8,8,37,37,0,0.0023486163586235067,0.0023486163586235067,46,46,0,-1,4,4,4,2,79,83,69
730,0,206,1,91,90,0,32,1,30,29,0,8,1,33,32,0.0,0.00176997174852786,1,42,41,3,-1,4,11,0,38,86,83
731,80,182,73,93,20,56,56,85,85,0,56,56,85,85,0,0.014568229007113924,0.015419176963136935,80,80,0,4,2,2,2,6,90,77,71
732,30,132,50,83,33,28,28,40,40,0,28,28,49,49,0,0.00445896728956057,0.005548180673270023,53,58,5,4,3,3,3,6,82,73,51
733,1,1,26,26,0,7,7,26,26,0,1,1,26,26,0,0.00010211375472276115,0.00010211375472276115,30,30,0,-1,6,6,7,1,46,78,59
734,268,474,92,98,6,254,254,93,93,0,254,254,94,94,0,0.022805405221416657,0.02413288403281255,82,84,2,3,2,2,12,17,2,6,54
735,0,1640,1,100,99,0,112,1,57,56,0,81,1,55,54,0.0,0.01405766023350012,1,72,71,1,-1,2,14,0,25,59,44
736,100,100,64,64,0,100,100,45,45,0,100,100,64,64,0,0.018754892950747133,0.023281936076789543,80,85,5,2,1,1,10,6,18,41,13
737,0,101,1,79,78,0,5,1,24,23,0,1,1,24,23,0.0,0.00010211375472276115,1,28,27,5,-1,6,5,0,45,40,60
738,42,658,54,100,46,98,98,53,53,0,40,98,54,68,14,0.0034718676605738795,0.013717281051090916,51,76,25,2,3,3,8,6,57,41,17
739,0,616,1,100,99,0,64,1,41,40,0,46,1,53,52,0.0,0.007147962830593281,1,65,64,2,-1,3,8,1,39,50,48
740,1,1,25,25,0,2,2,25,25,0,1,1,25,25,0,3.4037918240920386e-05,3.4037918240920386e-05,26,26,0,-1,6,6,2,1,97,78,99
741,0,616,1,100,99,0,36,1,35,34,0,30,1,47,46,0.0,0.006262976956329351,1,57,56,2,-1,3,5,0,50,84,62
742,491,592,98,100,2,248,248,99,99,0,248,248,99,99,0,0.03604615541713469,0.03604615541713469,91,91,0,5,2,2,8,29,42,1,58
743,340,956,100,100,0,120,120,100,100,0,120,120,100,100,0,0.055209503386772864,0.06504646175839886,97,98,1,2,2,2,3,40,81,3,33
744,451,451,100,100,0,240,240,98,98,0,240,240,98,98,0,0.04986555022294836,0.04986555022294836,98,98,0,-1,2,2,9,36,26,2,59
745,16,632,44,100,56,22,22,47,47,0,16,22,47,51,4,0.002144388849177984,0.012934408931549747,45,73,28,2,3,3,2,1,89,53,48
746,0,0,1,1,0,0,0,1,1,0,0,0,1,1,0,0.0,0.0,1,1,0,-1,-1,-1,9,0,23,76,45
747,0,616,1,100,99,0,50,1,49,48,0,50,1,53,52,0.0,0.02978317846080534,1,91,90,2,-1,3,5,0,37,86,11
748,0,102,1,75,74,0,20,1,26,25,0,2,1,25,24,0.0,0.0002382654276864427,1,30,29,4,-1,5,14,0,25,89,88
749,260,460,94,99,5,272,272,95,95,0,272,272,95,95,0,0.02215868477483917,0.028557813404132205,83,90,7,3,2,2,11,18,19,5,20
750,0,1640,1,100,99,0,74,1,42,41,0,40,1,49,48,0.0,0.015351101126655093,1,78,77,1,-1,2,8,0,10,92,90
751,0,0,1,1,0,0,0,1,1,0,0,0,1,1,0,0.0,0.0,1,1,0,-1,-1,-1,2,0,91,76,86
752,0,206,1,92,91,0,15,1,29,28,0,10,1,35,34,0.0,0.0009870996289866913,1,36,35,3,-1,4,6,1,65,50,64
753,22,124,47,81,34,54,54,54,54,0,22,24,47,51,4,0.00445896728956057,0.00527587732734266,55,57,2,4,3,3,4,3,47,29,71
754,188,804,90,100,10,144,144,95,95,0,144,144,95,95,0,0.025868817863099493,0.0335613873855475,88,93,5,2,2,2,6,15,65,19,48
755,24,24,49,49,0,40,40,45,45,0,24,24,49,49,0,0.0018380475850097008,0.0018380475850097008,45,45,0,-1,3,3,5,3,37,43,81
756,0,206,1,97,96,0,8,1,34,33,0,8,1,40,39,0.0,0.004118588107151367,1,51,50,3,-1,4,2,0,97,89,57
757,100,100,65,65,0,100,100,45,45,0,100,100,65,65,0,0.037339596310289665,0.037339596310289665,94,94,0,4,1,1,10,16,12,18,95
758,6,622,32,100,68,24,44,40,49,9,6,44,32,55,23,0.0014295925661186562,0.013138636440995268,41,73,32,2,4,3,4,1,84,71,8
759,0,0,1,1,0,0,0,1,1,0,0,0,1,1,0,0.0,0.0,1,1,0,-1,-1,-1,3,0,64,80,40
760,0,0,1,1,0,0,0,1,1,0,0,0,1,1,0,0.0,0.0,1,1,0,-1,-1,-1,13,0,13,93,91
761,100,100,58,58,0,100,100,38,38,0,100,100,58,58,0,0.011334626774226489,0.012117498893767658,64,66,2,3,1,1,16,2,9,61,71
762,0,206,1,88,87,0,15,1,28,27,0,6,1,28,27,0.0,0.0002723033459273631,1,32,31,3,-1,4,7,1,24,69,88
763,455,1071,99,100,1,256,256,100,100,0,256,256,100,100,0,0.04326219408420981,0.05231628033629463,96,98,2,2,2,2,7,29,43,11,33
764,145,145,83,83,0,64,64,60,60,0,64,64,63,63,0,0.01943565131556554,0.01943565131556554,83,83,0,-1,3,3,4,20,83,23,99
765,58,674,53,100,47,76,86,55,64,9,58,86,53,67,14,0.0053439531638245,0.010721944245889922,52,65,13,2,2,2,6,4,71,64,38
766,56,158,55,86,31,74,74,62,62,0,56,58,54,56,2,0.008237176214302734,0.008373327887266415,65,66,1,4,2,2,5,2,37,83,60
767,22,638,44,100,56,40,60,45,50,5,22,60,44,56,12,0.001497668402600497,0.011640968038394772,43,71,28,2,3,3,5,2,37,61,20
768,0,0,1,1,0,0,0,1,1,0,0,0,1,1,0,0.0,0.0,1,1,0,-1,-1,-1,3,0,64,82,40
769,115,217,79,91,12,146,146,79,79,0,115,117,79,79,0,0.008951972497362062,0.009122162088566664,68,68,0,4,2,2,8,8,30,57,88
770,136,736,83,100,17,80,80,60,60,0,80,80,65,65,0,0.010143299635794275,0.016236087000919025,71,80,9,2,3,3,5,13,50,24,25
771,248,864,94,100,6,168,168,99,99,0,168,168,99,99,0,0.03625038292658021,0.04721059260015657,97,97,0,2,2,2,6,15,56,16,19
772,54,156,55,84,29,94,94,51,51,0,54,56,55,55,0,0.006943735321147759,0.007113924912352361,63,63,0,4,3,3,9,4,23,38,4
773,142,348,92,100,8,22,22,54,54,0,22,22,54,54,0,0.019946220089179345,0.021443888491779844,84,85,1,3,3,3,2,17,99,6,53
774,62,268,56,95,39,128,128,67,67,0,62,68,56,56,0,0.004016474352428605,0.006297014874570271,52,58,6,3,2,2,9,6,28,70,46
775,100,100,60,60,0,100,100,40,40,0,100,100,60,60,0,0.025494400762449368,0.02569862827189489,89,89,0,4,1,1,14,14,25,32,88
776,100,100,72,72,0,100,100,77,77,0,100,100,77,77,0,0.06576125804145819,0.07709588481568468,100,100,0,2,1,1,6,40,69,3,5
777,100,100,63,63,0,100,100,45,45,0,100,100,63,63,0,0.04748289594608394,0.04748289594608394,96,96,0,-1,1,1,11,29,19,11,81
778,443,443,100,100,0,214,214,97,97,0,214,214,97,97,0,0.03604615541713469,0.03604615541713469,95,95,0,-1,2,2,8,29,10,1,45
779,126,126,84,84,0,90,90,69,69,0,90,90,73,73,0,0.013376901868681712,0.013376901868681712,77,77,0,-1,2,2,6,14,32,14,93
780,0,102,1,84,83,0,4,1,28,27,0,3,1,31,30,0.0,0.0017018959120460194,1,43,42,4,-1,5,2,0,98,79,83
781,88,704,64,100,36,94,94,68,68,0,88,94,72,72,0,0.008475441641989176,0.020592940535756832,65,84,19,2,2,2,5,4,61,72,6
782,0,616,1,100,99,0,34,1,43,42,0,34,1,51,50,0.0,0.007658531604207087,1,64,63,2,-1,3,4,0,47,76,24
783,0,0,1,1,0,0,0,1,1,0,0,0,1,1,0,0.0,0.0,1,1,0,-1,-1,-1,2,0,97,79,45
784,348,964,98,100,2,200,200,94,94,0,200,200,94,94,0,0.03318697028489737,0.039143605977058446,91,96,5,2,2,2,8,29,10,0,62
785,48,664,51,100,49,134,154,62,64,2,48,121,52,77,25,0.002110350930937064,0.012219612648490419,44,71,27,2,3,3,14,3,8,43,39
786,0,206,1,93,92,0,26,1,35,34,0,26,1,48,47,0.0,0.004220701861874128,1,51,50,3,-1,4,5,0,45,96,13
787,0,0,1,1,0,0,0,1,1,0,0,0,1,1,0,0.0,0.0,1,1,0,-1,-1,-1,6,0,34,97,84
788,126,126,85,85,0,48,48,72,72,0,48,48,74,74,0,0.018312400013615168,0.018312400013615168,85,85,0,-1,3,3,3,17,60,6,93
789,198,198,92,92,0,80,80,74,74,0,80,80,75,75,0,0.02825147213996392,0.02825147213996392,86,86,0,-1,3,3,5,22,70,9,67
790,278,278,93,93,0,300,300,89,89,0,278,278,93,93,0,0.017325300384628477,0.017325300384628477,79,79,0,-1,2,2,14,14,16,14,92
791,46,147,53,83,30,74,74,62,62,0,46,47,53,53,0,0.004016474352428605,0.004016474352428605,52,52,0,5,2,2,5,2,37,52,78
792,253,853,99,100,1,56,56,88,88,0,56,56,88,88,0,0.044045066203750975,0.0639572483746894,97,98,1,2,2,2,2,40,93,3,1
793,100,100,61,61,0,100,100,40,40,0,100,100,61,61,0,0.022396950202525613,0.02927260968719153,84,90,6,2,1,1,14,13,8,24,34
794,100,100,64,64,0,100,100,45,45,0,100,100,64,64,0,0.028932230504782327,0.03451444909629327,89,94,5,2,1,1,10,13,18,33,44
795,2,208,28,95,67,4,8,30,32,2,2,8,28,37,9,0.0002042275094455223,0.001497668402600497,31,41,10,3,5,4,2,1,89,88,61
796,100,100,68,68,0,100,100,63,63,0,100,100,68,68,0,0.0374076721467715,0.03795227883862623,92,94,2,4,1,1,6,14,41,32,42
797,6,6,30,30,0,36,36,35,35,0,6,6,30,30,0,0.0006807583648184077,0.0006807583648184077,37,37,0,-1,4,4,8,2,21,42,96
798,219,425,92,100,8,176,176,87,87,0,176,176,91,91,0,0.02559651451717213,0.03277851526600633,88,91,3,3,2,2,8,15,39,16,14
799,0,101,1,78,77,0,6,1,24,23,0,1,1,24,23,0.0,0.00017018959120460194,1,30,29,5,-1,6,6,0,69,98,60
800,14,14,47,47,0,12,12,35,35,0,12,12,43,43,0,0.0026889955410327104,0.0026889955410327104,51,51,0,-1,4,4,2,6,86,70,99
801,285,491,93,98,5,144,144,76,76,0,144,144,82,82,0,0.03104258143571939,0.03192756730998332,91,91,0,3,3,3,9,29,54,0,61
802,0,206,1,94,93,0,12,1,31,30,0,12,1,36,35,0.0,0.005241839409101739,1,54,53,3,-1,4,2,1,91,45,25
803,252,868,93,100,7,158,168,95,95,0,158,168,95,95,0,0.025154021580040164,0.04135607066271827,87,95,8,2,2,2,6,16,40,18,16
804,102,718,78,100,22,80,80,60,60,0,80,80,65,65,0,0.01153885428367201,0.024575376969944517,74,88,14,2,3,3,5,8,50,17,19
805,22,622,40,100,60,56,56,41,41,0,22,56,40,51,11,0.00176997174852786,0.017903944994724124,38,80,42,2,3,3,6,2,71,52,16
806,0,0,1,1,0,0,0,1,1,0,0,0,1,1,0,0.0,0.0,1,1,0,-1,-1,-1,17,0,20,82,81
807,164,370,89,99,10,96,96,90,90,0,96,96,90,90,0,0.02831954797644576,0.031314884781646755,90,91,1,3,2,2,3,16,82,18,38
808,0,616,1,100,99,0,48,1,36,35,0,40,1,51,50,0.0,0.00622893903808843,1,58,57,2,-1,3,7,1,24,50,48
809,0,616,1,100,99,0,52,1,35,34,0,28,1,43,42,0.0,0.0028591851322373124,1,45,44,2,-1,3,9,0,31,85,70
810,1,207,26,94,68,3,9,26,31,5,1,13,26,40,14,3.4037918240920386e-05,0.002586881786309949,28,47,19,3,6,4,3,1,60,68,75
811,44,145,52,82,30,66,66,44,44,0,44,45,52,52,0,0.005922597773920147,0.005922597773920147,54,54,0,5,3,3,6,7,51,62,58
812,97,303,60,97,37,200,200,74,74,0,97,137,60,84,24,0.005922597773920147,0.010892133837094524,58,70,12,3,2,2,12,4,6,22,31
813,8,214,39,96,57,12,12,35,35,0,8,12,39,42,3,0.00176997174852786,0.020354675108070392,45,84,39,3,4,4,2,2,86,61,7
814,0,206,1,92,91,0,18,1,35,34,0,18,1,46,45,0.0,0.011913271384322134,1,74,73,3,-1,4,3,0,64,40,30
815,14,630,42,100,58,18,38,35,48,13,14,38,42,53,11,0.0012253650566731338,0.019980258007420267,42,86,44,2,4,3,3,3,87,43,15
816,0,0,1,1,0,0,0,1,1,0,0,0,1,1,0,0.0,0.0,1,1,0,-1,-1,-1,14,0,17,91,50
817,0,0,1,1,0,0,0,1,1,0,0,0,1,1,0,0.0,0.0,1,1,0,-1,-1,-1,2,0,99,81,84
818,6,212,32,91,59,20,20,34,34,0,6,14,32,40,8,0.0012253650566731338,0.0026549576227917903,41,47,6,3,4,4,4,1,79,71,52
819,0,206,1,94,93,0,24,1,33,32,0,6,1,30,29,0.0,0.0017359338302869397,1,42,41,3,-1,4,6,0,32,80,94
820,18,1658,48,100,52,34,78,47,76,29,18,78,48,78,30,0.0020082371762143027,0.04595118962524252,45,96,51,1,3,2,4,2,78,52,1
821,22,22,40,40,0,90,90,36,36,0,22,22,40,40,0,0.00088498587426393,0.00088498587426393,37,37,0,-1,3,3,16,3,4,51,45
822,2,208,27,92,65,6,18,29,34,5,2,18,27,46,19,0.0002042275094455223,0.006297014874570271,32,56,24,3,5,4,3,1,87,4,48
823,100,100,69,69,0,100,100,87,87,0,100,100,87,87,0,0.06341264168283468,0.06341264168283468,100,100,0,-1,1,1,4,18,83,5,84
824,6,6,32,32,0,8,8,32,32,0,6,6,32,32,0,0.00176997174852786,0.00176997174852786,43,43,0,-1,4,4,2,1,95,53,87
825,10,216,41,97,56,12,12,37,37,0,12,12,41,41,0,0.0011913271384322134,0.0034037918240920387,40,52,12,3,4,4,2,3,89,43,94
826,114,714,79,100,21,234,234,76,76,0,114,138,79,84,5,0.006501242384015794,0.009973110044589673,58,66,8,2,2,2,16,6,4,28,26
827,63,164,60,88,28,110,110,80,80,0,63,64,60,60,0,0.0061949011198475104,0.006297014874570271,57,58,1,5,2,2,6,4,48,22,65
828,46,662,48,100,52,96,120,42,60,18,46,78,48,58,10,0.0025188059498281084,0.006433166547533953,44,56,12,2,2,2,11,2,33,74,75
829,0,206,1,89,88,0,11,1,26,25,0,6,1,26,25,0.0,0.0007828721195411688,1,34,33,3,-1,4,6,0,40,92,78
830,100,100,63,63,0,100,100,45,45,0,100,100,63,63,0,0.05000170189591205,0.05929405357568331,97,100,3,2,1,1,11,29,19,1,39
831,100,100,74,74,0,100,100,80,80,0,100,100,80,80,0,0.03311889444841554,0.03311889444841554,91,91,0,-1,1,1,5,6,45,73,84
832,1,1,26,26,0,3,3,26,26,0,1,1,26,26,0,3.4037918240920386e-05,3.4037918240920386e-05,27,27,0,-1,6,6,3,2,75,58,66
833,100,100,64,64,0,100,100,44,44,0,100,100,64,64,0,0.021784267674189048,0.021784267674189048,83,83,0,-1,1,1,13,13,13,24,96
834,22,1662,42,100,58,82,116,48,67,19,22,116,42,74,32,0.0016678579938050988,0.03580788998944825,44,95,51,1,3,2,7,2,24,61,7
835,100,100,69,69,0,100,100,70,70,0,100,100,72,72,0,0.03318697028489737,0.03611423125361653,93,95,2,3,1,1,6,6,65,41,22
836,214,830,94,100,6,72,72,87,87,0,72,72,87,87,0,0.029578950951359814,0.05670717178937336,90,98,8,2,2,2,3,22,55,9,11
837,0,616,1,99,98,0,88,1,41,40,0,62,1,55,54,0.0,0.006909697402906838,1,60,59,2,-1,3,11,0,19,79,21
838,100,100,70,70,0,100,100,53,53,0,100,100,70,70,0,0.019469689233806462,0.046734061744783686,83,98,15,2,1,1,9,2,31,75,10
839,100,100,57,57,0,100,100,38,38,0,100,100,57,57,0,0.053609721229449604,0.053609721229449604,99,99,0,-1,1,1,16,40,4,3,81
840,100,100,65,65,0,100,100,47,47,0,100,100,65,65,0,0.020014295925661188,0.023418087749753225,82,84,2,3,1,1,11,8,38,57,28
841,0,0,1,1,0,0,0,1,1,0,0,0,1,1,0,0.0,0.0,1,1,0,-1,-1,-1,2,0,98,81,89
842,0,616,1,100,99,0,32,1,62,61,0,32,1,64,63,0.0,0.01960584090677014,1,83,82,2,-1,3,2,0,98,76,16
843,0,206,1,94,93,0,12,1,29,28,0,6,1,29,28,0.0,0.001940161339732462,1,44,43,3,-1,4,4,0,53,98,46
844,66,1706,55,100,45,194,238,72,79,7,64,134,54,76,22,0.005650294427992784,0.0176997174852786,55,79,24,1,2,2,15,6,7,41,26
845,0,206,1,91,90,0,12,1,27,26,0,8,1,30,29,0.0,0.0014636304843595766,1,37,36,3,-1,4,4,0,67,40,52
846,6,212,30,91,61,32,37,31,33,2,6,12,30,34,4,0.00017018959120460194,0.0004765308553728854,30,35,5,3,4,4,11,1,38,60,49
847,41,41,56,56,0,34,34,46,46,0,34,34,52,52,0,0.004186663943633207,0.004186663943633207,53,53,0,-1,3,3,4,6,73,35,66
848,0,616,1,100,99,0,40,1,42,41,0,40,1,52,51,0.0,0.010313489226998877,1,68,67,2,-1,3,5,0,49,59,20
849,0,0,1,1,0,0,0,1,1,0,0,0,1,1,0,0.0,0.0,1,1,0,-1,-1,-1,6,0,44,80,69
850,208,824,87,100,13,248,248,89,89,0,208,248,88,91,3,0.01923142380612002,0.043704687021341775,81,96,15,2,2,2,11,12,5,37,0
851,0,101,1,77,76,0,8,1,25,24,0,1,1,25,24,0.0,3.4037918240920386e-05,1,26,25,6,-1,7,8,0,57,66,78
852,100,100,72,72,0,100,100,79,79,0,100,100,80,80,0,0.03543347288879812,0.057558119745396374,93,98,5,2,1,1,5,6,37,73,15
853,200,400,87,96,9,206,206,91,91,0,206,206,92,92,0,0.01783586915824228,0.023520201504475986,78,82,4,3,2,2,9,13,54,33,25
854,76,282,68,97,29,32,32,58,58,0,32,32,59,59,0,0.010075223799312433,0.01589570781850982,68,79,11,3,3,3,2,6,68,77,34
855,0,0,1,1,0,0,0,1,1,0,0,0,1,1,0,0.0,0.0,1,1,0,-1,-1,-1,9,0,28,84,67
856,276,476,98,100,2,72,72,87,87,0,72,72,87,87,0,0.04084550188910446,0.044419483304401104,94,95,1,3,2,2,3,29,55,1,48
857,100,100,63,63,0,100,100,47,47,0,100,100,63,63,0,0.049593246877021,0.056468906361686916,96,98,2,2,1,1,10,29,36,0,17
858,0,616,1,100,99,0,33,1,34,33,0,36,1,44,43,0.0,0.0053099152455835805,1,53,52,2,-1,3,6,0,51,89,35
859,0,616,1,100,99,0,76,1,39,38,0,44,1,51,50,0.0,0.006433166547533953,1,57,56,2,-1,3,10,0,18,36,38
860,0,1640,1,100,99,0,160,1,70,69,0,160,1,85,84,0.0,0.03243813608359713,1,93,92,1,-1,2,11,0,33,96,1
861,0,0,1,1,0,0,0,1,1,0,0,0,1,1,0,0.0,0.0,1,1,0,-1,-1,-1,6,1,56,50,40
862,81,697,71,100,29,68,78,77,78,1,68,78,79,79,0,0.010143299635794275,0.014568229007113924,69,80,11,2,2,2,4,8,72,44,94
863,124,124,78,78,0,130,130,80,80,0,124,124,80,80,0,0.0088498587426393,0.0088498587426393,64,64,0,-1,2,2,7,6,43,13,79
864,140,346,85,98,13,128,128,90,90,0,128,128,90,90,0,0.018754892950747133,0.02552843868069029,81,89,8,3,2,2,5,8,63,20,8
865,22,228,42,90,48,72,72,45,45,0,22,28,42,46,4,0.00176997174852786,0.0024166921951053475,45,46,1,3,3,3,7,2,24,83,42
866,2,208,28,92,64,6,26,28,36,8,2,26,28,49,21,6.807583648184077e-05,0.01147077844719017,28,72,44,3,5,4,5,1,70,68,6
867,482,482,100,100,0,240,240,98,98,0,240,240,98,98,0,0.046529834235338165,0.046529834235338165,97,97,0,-1,2,2,9,40,23,3,40
868,16,632,31,100,69,144,174,63,68,5,16,174,31,84,53,0.003948398515946765,0.03774805132918071,53,95,42,2,3,3,14,1,25,90,3
869,120,120,78,78,0,88,88,73,73,0,88,88,74,74,0,0.013036522686272508,0.013036522686272508,75,75,0,-1,2,2,4,7,83,21,91
870,6,6,30,30,0,38,38,34,34,0,6,6,30,30,0,0.0002723033459273631,0.0002723033459273631,33,33,0,-1,4,4,9,1,35,88,36
871,100,100,58,58,0,100,100,35,35,0,100,100,59,59,0,0.012764219340345145,0.012798257258586064,70,70,0,4,1,1,17,3,20,29,60
872,0,102,1,77,76,0,15,1,28,27,0,3,1,29,28,0.0,0.00030634126416828345,1,34,33,4,-1,5,9,0,35,84,56
873,138,138,86,86,0,64,64,63,63,0,64,64,64,64,0,0.011845195547840293,0.011845195547840293,74,74,0,-1,3,3,4,14,79,32,91
874,66,682,66,100,34,54,64,55,69,14,54,64,60,69,9,0.009905034208107831,0.024507301133462677,67,87,20,2,3,3,4,6,84,77,5
875,0,206,1,90,89,0,27,1,28,27,0,7,1,33,32,0.0,0.0005105687736138058,1,33,32,3,-1,4,13,0,13,93,63
876,0,616,1,100,99,0,38,1,34,33,0,25,1,43,42,0.0,0.0032336022328874367,1,50,49,2,-1,3,8,0,42,84,41
877,28,130,47,80,33,52,52,40,40,0,28,30,47,48,1,0.0011232513019503727,0.0012934408931549745,40,40,0,4,3,3,7,3,24,43,55
878,6,212,29,92,63,23,28,29,31,2,6,14,29,32,3,0.00010211375472276115,0.0002042275094455223,31,31,0,3,4,4,10,1,0,60,56
879,202,304,92,97,5,136,136,98,98,0,136,136,98,98,0,0.0283876238129276,0.028762040913577726,89,89,0,4,2,2,4,18,47,30,4
880,54,670,53,100,47,160,160,76,76,0,54,76,53,62,9,0.007284114503556962,0.010892133837094524,62,70,8,2,3,3,10,4,12,72,75
881,30,30,53,53,0,22,22,42,42,0,22,22,46,46,0,0.003914360597705844,0.003914360597705844,53,53,0,-1,3,3,2,6,68,41,69
882,270,886,95,100,5,104,104,86,86,0,104,104,87,87,0,0.032063718982947,0.047448858027843016,92,96,4,2,2,2,5,30,49,7,30
883,16,222,39,95,56,42,42,41,41,0,16,22,39,46,7,0.0007488342013002485,0.0017018959120460194,37,42,5,3,3,3,6,1,32,88,71
884,0,206,1,93,92,0,18,1,34,33,0,18,1,45,44,0.0,0.011368664692467409,1,70,69,3,-1,4,3,0,58,36,5
885,6,622,29,100,71,13,60,29,48,19,6,60,29,53,24,0.00013615167296368154,0.029851254297287178,31,91,60,2,4,3,5,1,52,55,3
886,1,617,26,100,74,6,34,26,35,9,1,17,26,43,17,3.4037918240920386e-05,0.0026549576227917903,28,48,20,2,6,3,6,1,44,78,53
887,114,216,76,92,16,100,100,70,70,0,100,100,72,72,0,0.01143674052894925,0.011879233466081215,69,69,0,4,2,2,6,9,65,31,63
888,0,616,1,100,99,0,68,1,40,39,0,68,1,57,56,0.0,0.016542428265087308,1,79,78,2,-1,3,8,0,30,36,16
889,0,102,1,81,80,0,5,1,27,26,0,2,1,27,26,0.0,0.00017018959120460194,1,31,30,4,-1,5,4,0,72,79,55
890,16,222,44,92,48,54,54,55,55,0,16,54,44,59,15,0.0032336022328874367,0.009020048333843901,50,66,16,3,3,3,4,3,84,46,44
891,2,208,28,93,65,3,8,28,31,3,2,8,28,35,7,0.00010211375472276115,0.0018380475850097008,29,44,15,3,5,4,2,1,68,60,94
892,49,665,52,100,48,76,76,49,49,0,49,76,52,55,3,0.004050512270669526,0.016406276592123625,51,79,28,2,3,3,6,4,40,22,12
893,16,16,41,41,0,28,28,42,42,0,16,16,41,41,0,0.0035059055788147996,0.0035059055788147996,52,52,0,-1,3,3,3,1,64,90,40
894,0,616,1,100,99,0,90,1,38,37,0,84,1,56,55,0.0,0.012151536812008578,1,72,71,2,-1,3,14,0,8,79,30
895,0,102,1,74,73,0,7,1,26,25,0,2,1,26,25,0.0,0.00010211375472276115,1,29,28,4,-1,5,6,0,74,59,60
896,128,128,80,80,0,220,220,84,84,0,128,128,80,80,0,0.006092787365124749,0.006092787365124749,59,59,0,-1,2,2,12,5,14,47,97
897,100,100,57,57,0,100,100,38,38,0,100,100,57,57,0,0.053609721229449604,0.06007692569522448,99,100,1,2,1,1,16,40,4,3,27
898,302,902,100,100,0,72,72,85,85,0,72,72,85,85,0,0.04704040300895197,0.05306511453759488,97,98,1,2,2,2,3,40,94,3,26
899,100,100,69,69,0,100,100,87,87,0,100,100,87,87,0,0.057013513053541645,0.06000884985874264,99,99,0,3,1,1,4,18,83,30,22
900,100,100,71,71,0,100,100,80,80,0,100,100,81,81,0,0.031621226045815035,0.034854828278702475,90,93,3,3,1,1,5,2,49,61,90
901,0,101,1,74,73,0,12,1,25,24,0,1,1,25,24,0.0,0.00010211375472276115,1,29,28,5,-1,6,12,0,3,79,78
902,0,0,1,1,0,0,0,1,1,0,0,0,1,1,0,0.0,0.0,1,1,0,-1,-1,-1,3,0,76,85,45
903,29,229,55,100,45,22,22,55,55,0,22,22,57,57,0,0.004629156880765172,0.018312400013615168,53,82,29,3,3,3,2,4,97,22,9
904,30,132,56,92,36,12,12,39,39,0,12,12,44,44,0,0.004663194799006093,0.005241839409101739,54,56,2,4,4,4,2,5,97,47,43
905,182,782,86,100,14,120,120,77,77,0,120,120,84,84,0,0.01943565131556554,0.029442799278396135,82,89,7,2,2,2,6,18,40,30,19
906,0,102,1,70,69,0,14,1,27,26,0,2,1,25,24,0.0,3.4037918240920386e-05,1,27,26,4,-1,5,11,1,5,50,95
907,90,191,74,93,19,56,56,76,76,0,56,56,77,77,0,0.014023622315259198,0.01409169815174104,78,78,0,5,2,2,2,7,68,21,65
908,0,0,1,1,0,0,0,1,1,0,0,0,1,1,0,0.0,0.0,1,1,0,-1,-1,-1,13,0,13,89,59
909,100,100,58,58,0,100,100,35,35,0,100,100,59,59,0,0.05691139929881889,0.0647741584124715,100,100,0,2,1,1,17,40,20,3,19
910,0,101,1,77,76,0,4,1,24,23,0,1,1,24,23,0.0,3.4037918240920386e-05,1,26,25,5,-1,6,4,0,84,99,65
911,6,206,33,92,59,24,24,40,40,0,6,24,33,52,19,0.0031314884781646754,0.020592940535756832,51,82,31,3,4,4,4,1,78,90,10
912,138,754,84,100,16,100,100,66,66,0,100,100,72,72,0,0.010041185881071514,0.014636304843595765,68,79,11,2,2,2,6,9,44,31,26
913,22,638,45,100,55,28,38,43,45,2,22,38,46,50,4,0.002110350930937064,0.008951972497362062,44,67,23,2,3,3,3,2,96,52,90
914,38,38,49,49,0,56,56,44,44,0,38,38,49,49,0,0.0010892133837094523,0.0010892133837094523,40,40,0,-1,3,3,6,4,41,64,87
915,16,632,33,100,67,66,66,44,44,0,16,51,33,52,19,0.0028932230504782326,0.007488342013002485,46,60,14,2,3,3,6,3,40,46,35
916,0,616,1,100,99,0,54,1,34,33,0,54,1,51,50,0.0,0.015317063208414174,1,79,78,2,-1,3,8,0,42,79,18
917,216,216,95,95,0,128,128,95,95,0,128,128,95,95,0,0.023996732359848873,0.023996732359848873,87,87,0,-1,2,2,5,18,45,5,81
918,129,129,84,84,0,62,62,76,76,0,62,62,77,77,0,0.02011640968038395,0.02011640968038395,84,84,0,-1,2,2,3,17,87,6,97
919,248,864,92,100,8,168,168,96,96,0,168,168,96,96,0,0.02719629667449539,0.035025017869907075,89,92,3,2,2,2,6,15,40,16,32
920,6,108,31,75,44,38,38,33,33,0,6,8,31,35,4,0.0002042275094455223,0.0004084550188910446,32,35,3,4,4,4,11,1,19,4,88
921,0,0,1,1,0,0,0,1,1,0,0,0,1,1,0,0.0,0.0,1,1,0,-1,-1,-1,3,0,85,84,40
922,56,672,55,100,45,128,128,72,72,0,56,86,55,59,4,0.0061949011198475104,0.012389802239695021,56,73,17,2,2,2,9,3,35,29,34
923,0,616,1,100,99,0,82,1,34,33,0,34,1,47,46,0.0,0.005241839409101739,1,55,54,2,-1,3,14,0,16,84,72
924,102,204,75,89,14,134,134,90,90,0,102,104,79,79,0,0.0123557643214541,0.01245787807617686,71,71,0,4,2,2,6,7,74,62,55
925,223,223,93,93,0,118,118,92,92,0,118,118,92,92,0,0.021716191837707205,0.021716191837707205,86,86,0,-1,2,2,5,16,37,12,45
926,132,338,80,98,18,86,86,56,56,0,86,86,66,66,0,0.013887470642295518,0.015521290717859695,76,78,2,3,3,3,6,13,59,33,94
927,38,244,49,94,45,60,60,49,49,0,38,45,49,50,1,0.0018380475850097008,0.0028591851322373124,44,47,3,3,3,3,5,4,52,64,51
928,16,632,36,100,64,114,114,63,63,0,16,40,36,50,14,0.003369753905851118,0.006262976956329351,50,59,9,2,3,3,9,3,28,46,70
929,291,291,99,99,0,96,96,94,94,0,96,96,94,94,0,0.044453521222642026,0.044453521222642026,94,94,0,-1,2,2,3,29,92,11,89
930,0,0,1,1,0,0,0,1,1,0,0,0,1,1,0,0.0,0.0,1,1,0,-1,-1,-1,4,0,72,84,91
931,100,100,69,69,0,100,100,70,70,0,100,100,72,72,0,0.04697232717247013,0.04697232717247013,97,97,0,-1,1,1,6,20,65,23,79
932,0,616,1,100,99,0,42,1,40,39,0,34,1,51,50,0.0,0.009598692943939549,1,69,68,2,-1,3,6,1,32,69,77
933,0,616,1,100,99,0,82,1,34,33,0,22,1,39,38,0.0,0.003982436434187685,1,52,51,2,-1,3,16,0,4,91,29
934,100,100,63,63,0,100,100,47,47,0,100,100,63,63,0,0.037850165083903466,0.038394771775758195,96,96,0,3,1,1,10,16,22,18,74
935,56,262,52,94,42,80,80,61,61,0,56,70,52,62,10,0.005650294427992784,0.007420266176520644,54,61,7,3,2,2,6,3,56,29,70
936,465,465,99,99,0,280,280,98,98,0,280,280,98,98,0,0.03577385207120733,0.03577385207120733,94,94,0,-1,2,2,10,30,11,7,92
937,0,102,1,82,81,0,6,1,28,27,0,3,1,30,29,0.0,0.0012934408931549745,1,39,38,4,-1,5,3,0,85,82,83
938,389,989,98,100,2,112,112,93,93,0,112,112,93,93,0,0.045134279587460434,0.050103815650634806,94,96,2,2,2,2,4,40,79,3,62
939,267,473,97,100,3,72,72,86,86,0,72,72,86,86,0,0.046904251335988294,0.055788147996868515,96,99,3,3,2,2,3,36,92,2,33
940,100,100,65,65,0,100,100,47,47,0,100,100,65,65,0,0.0490826781034072,0.0490826781034072,97,97,0,-1,1,1,11,30,38,7,69
941,171,272,90,98,8,72,72,85,85,0,72,72,85,85,0,0.030293747234419143,0.030293747234419143,90,90,0,6,2,2,3,15,60,16,58
942,128,334,80,97,17,220,220,82,82,0,128,166,80,87,7,0.007250076585316042,0.012559991830899623,61,72,11,3,2,2,12,5,6,47,48
943,38,1678,51,100,49,72,106,49,72,23,38,106,51,78,27,0.002586881786309949,0.02546036284420845,47,87,40,1,3,2,7,6,62,70,32
944,42,42,52,52,0,132,132,64,64,0,40,40,49,49,0,0.0033357159876101976,0.0033357159876101976,51,51,0,-1,3,3,12,6,14,41,86
945,100,100,67,67,0,100,100,57,57,0,100,100,67,67,0,0.02900030634126417,0.02900030634126417,89,89,0,-1,1,1,8,8,21,44,80
946,14,1654,42,100,58,24,58,38,67,29,14,58,42,68,26,0.0017018959120460194,0.040505122706695255,44,95,51,1,4,2,4,4,73,64,15
947,32,238,52,93,41,60,60,55,55,0,32,60,52,59,7,0.004969536063174376,0.010007147962830594,56,69,13,3,3,3,5,3,70,29,48
948,87,293,64,94,30,76,76,54,54,0,76,76,60,60,0,0.00789679703189353,0.010007147962830594,63,70,7,3,3,3,6,8,41,44,29
949,0,101,1,83,82,0,2,1,24,23,0,1,1,24,23,0.0,6.807583648184077e-05,1,27,26,5,-1,6,2,1,93,50,55
950,128,744,78,100,22,118,118,63,63,0,128,118,78,78,0,0.012015385139044895,0.026073045372545015,76,87,11,2,3,3,8,8,42,8,12
951,0,206,1,89,88,0,52,1,36,35,0,24,1,42,41,0.0,0.00445896728956057,1,51,50,3,-1,4,10,0,12,85,62
952,12,12,35,35,0,50,50,36,36,0,12,12,35,35,0,0.0009870996289866913,0.0009870996289866913,38,38,0,-1,4,4,9,3,54,51,79
953,218,834,92,100,8,128,128,92,92,0,128,128,92,92,0,0.023350011913271386,0.045134279587460434,86,97,11,2,2,2,5,16,50,18,11
954,22,638,40,99,59,102,112,57,59,2,22,38,40,47,7,0.0017359338302869397,0.003948398515946765,44,53,9,2,3,3,12,2,6,83,53
955,325,531,95,100,5,120,120,78,78,0,120,120,78,78,0,0.03264236359304265,0.03710133088260322,91,92,1,3,2,2,6,29,41,11,25
956,83,83,62,62,0,66,66,49,49,0,66,66,57,57,0,0.006433166547533953,0.006433166547533953,58,58,0,-1,3,3,6,8,41,57,91
957,0,0,1,1,0,0,0,1,1,0,0,0,1,1,0,0.0,0.0,1,1,0,-1,-1,-1,2,0,98,82,85
958,0,102,1,81,80,0,5,1,27,26,0,2,1,26,25,0.0,0.0002382654276864427,1,32,31,4,-1,5,3,0,66,59,49
959,100,100,69,69,0,100,100,76,76,0,100,100,76,76,0,0.0509207256884169,0.05194186323564451,98,98,0,3,1,1,5,18,80,30,64
960,46,252,49,93,44,128,128,59,59,0,46,62,50,55,5,0.0028932230504782326,0.0053439531638245,49,56,7,3,2,2,14,2,8,83,41
961,209,415,94,100,6,144,144,90,90,0,144,144,90,90,0,0.023622315259198747,0.029715102624323496,87,91,4,3,2,2,6,20,59,23,21
962,156,156,85,85,0,120,120,86,86,0,120,120,86,86,0,0.014364001497668403,0.014364001497668403,76,76,0,-1,2,2,6,13,65,33,50
963,212,418,90,98,8,120,120,88,88,0,120,120,87,87,0,0.023213860240307704,0.025119983661799246,85,87,2,3,2,2,6,19,71,15,46
964,100,100,66,66,0,100,100,43,43,0,100,100,66,66,0,0.050103815650634806,0.05847714353790122,98,100,2,2,1,1,11,27,33,10,27
965,12,12,35,35,0,32,32,35,35,0,12,12,35,35,0,0.0004765308553728854,0.0004765308553728854,33,33,0,-1,4,4,6,2,59,56,97
966,28,129,46,80,34,90,90,44,44,0,28,29,46,46,0,0.0015657442390823377,0.0015657442390823377,42,42,0,5,3,3,10,4,18,64,68
967,48,48,51,51,0,122,122,62,62,0,48,48,51,51,0,0.0030634126416828346,0.0030634126416828346,50,50,0,-1,3,3,12,6,2,70,40
968,16,222,35,93,58,62,66,36,38,2,16,40,35,50,15,0.00088498587426393,0.0051397256543789785,37,55,18,3,3,3,10,2,36,42,38
969,0,0,1,1,0,0,0,1,1,0,0,0,1,1,0,0.0,0.0,1,1,0,-1,-1,-1,7,1,62,69,50
970,166,766,84,100,16,126,126,69,69,0,126,126,78,78,0,0.012253650566731339,0.01763164164879676,73,82,9,2,2,2,7,14,24,14,31
971,28,644,47,100,53,42,52,38,47,9,28,52,47,54,7,0.0013955546478777359,0.013513053541645392,41,74,33,2,3,3,6,4,65,64,39
972,0,616,1,100,99,0,56,1,36,35,0,42,1,51,50,0.0,0.004799346471969774,1,52,51,2,-1,3,9,0,29,89,13
973,0,616,1,99,98,0,142,1,62,61,0,114,1,76,75,0.0,0.013717281051090916,1,73,72,2,-1,3,17,0,20,99,30
974,0,0,1,1,0,0,0,1,1,0,0,0,1,1,0,0.0,0.0,1,1,0,-1,-1,-1,2,0,68,76,82
975,18,118,42,82,40,76,76,36,36,0,18,18,42,42,0,0.0007488342013002485,0.001055175465468532,34,35,1,4,3,3,13,2,13,63,49
976,148,1788,88,100,12,96,120,61,84,23,96,120,69,84,15,0.013138636440995268,0.04305796657476429,76,93,17,1,3,2,6,14,48,14,23
977,0,102,1,76,75,0,12,1,24,23,0,2,1,24,23,0.0,0.0002723033459273631,1,29,28,4,-1,5,10,0,36,92,65
978,82,288,72,99,27,32,32,70,70,0,32,32,70,70,0,0.012764219340345145,0.017937982912965042,75,80,5,3,3,3,2,6,95,77,21
979,6,622,29,100,71,16,62,30,46,16,6,62,29,54,25,0.00034037918240920387,0.020048333843902106,32,84,52,2,4,3,6,1,59,60,9
980,40,1680,48,100,52,114,148,60,73,13,40,148,48,81,33,0.005582218591510943,0.02978317846080534,56,90,34,1,2,2,10,1,12,90,32
981,18,634,40,100,60,62,110,36,58,22,18,110,40,77,37,0.0011913271384322134,0.024337111542258077,38,87,49,2,3,3,10,2,36,74,10
982,0,616,1,100,99,0,56,1,40,39,0,34,1,47,46,0.0,0.005650294427992784,1,53,52,2,-1,3,9,0,26,91,57
983,16,632,36,100,64,66,84,42,46,4,16,50,36,54,18,0.0011232513019503727,0.006501242384015794,39,56,17,2,3,3,9,1,35,71,72
984,121,737,79,100,21,88,88,73,73,0,88,88,74,74,0,0.010517716736444398,0.014500153170632085,70,77,7,2,2,2,4,8,83,44,70
985,0,616,1,100,99,0,46,1,38,37,0,46,1,49,48,0.0,0.018993158378433576,1,84,83,2,-1,3,6,1,56,69,1
986,0,1640,1,100,99,0,128,1,66,65,0,128,1,78,77,0.0,0.03495694203342523,1,91,90,1,-1,2,9,1,28,50,10
987,0,206,1,92,91,0,26,1,35,34,0,26,1,49,48,0.0,0.009190237925048503,1,68,67,3,-1,4,5,0,37,86,32
988,226,1866,91,100,9,144,168,91,98,7,144,168,91,98,7,0.02314578440382586,0.06075768406004289,85,99,14,1,2,2,6,19,74,15,11
989,22,1662,47,100,53,34,68,44,70,26,22,68,47,72,25,0.0013274788113958951,0.036760951700194014,42,93,51,1,3,2,4,2,47,63,18
990,0,616,1,100,99,0,52,1,35,34,0,39,1,50,49,0.0,0.005105687736138058,1,56,55,2,-1,3,9,0,28,91,57
991,6,108,31,79,48,16,16,33,33,0,6,8,31,34,3,0.0002382654276864427,0.00034037918240920387,32,33,1,4,4,4,6,1,32,4,60
992,6,107,28,76,48,38,38,29,29,0,6,7,28,31,3,0.00013615167296368154,0.00017018959120460194,30,31,1,5,4,4,17,1,20,95,68
993,0,616,1,100,99,0,34,1,38,37,0,34,1,45,44,0.0,0.02032063718982947,1,84,83,2,-1,3,4,0,67,59,7
994,0,0,1,1,0,0,0,1,1,0,0,0,1,1,0,0.0,0.0,1,1,0,-1,-1,-1,8,0,10,93,69
995,0,102,1,82,81,0,8,1,31,30,0,4,1,32,31,0.0,0.0013955546478777359,1,41,40,4,-1,5,4,0,78,99,54
996,176,176,91,91,0,48,48,63,63,0,48,48,64,64,0,0.023315973995030465,0.023315973995030465,87,87,0,-1,3,3,3,15,82,16,50
997,164,266,87,93,6,190,190,92,92,0,164,166,87,87,0,0.01579359406378706,0.0160318594914735,80,80,0,4,2,2,8,8,57,17,49
998,0,616,1,99,98,0,72,1,39,38,0,72,1,56,55,0.0,0.009462541270975866,1,65,64,2,-1,3,11,0,19,85,32
999,24,24,47,47,0,36,36,42,42,0,24,24,47,47,0,0.001497668402600497,0.001497668402600497,42,42,0,-1,3,3,5,4,45,64,98
