,FreeNet_pre_score,FreeNet_post_score,FreeNet_pre_rank,FreeNet_post_rank,FreeNet_delta_ranks,Reversed_pre_score,Reversed_post_score,Reversed_pre_rank,Reversed_post_rank,Reversed_delta_ranks,Independent_pre_score,Independent_post_score,Independent_pre_rank,Independent_post_rank,Independent_delta_ranks,Random_pre_score,Random_post_score,Random_pre_rank,Random_post_rank,Random_delta_ranks,dist_victim_relayer,dist_victim_vilain_pre,dist_victim_vilain_post,out_deg_victim,in_deg_villain,victim,villain,relayer
0,1,617,26,100,74,4,54,26,59,33,1,54,26,61,35,0.0,0.028659927158854966,1,91,90,2,6,3,4,2,78,58,3
1,0,616,1,100,99,0,34,1,46,45,0,34,1,54,53,0.0,0.025154021580040164,1,88,87,2,-1,3,4,0,77,96,7
2,173,373,87,97,10,148,148,79,79,0,148,148,86,86,0,0.0160318594914735,0.01940161339732462,77,80,3,3,2,2,9,15,26,19,38
3,0,1640,1,100,99,0,88,1,46,45,0,88,1,66,65,0.0,0.022022533101875488,1,84,83,1,-1,2,8,0,39,98,32
4,0,616,1,100,99,0,28,1,37,36,0,18,1,42,41,0.0,0.0025188059498281084,1,47,46,2,-1,3,5,0,37,79,52
5,2,208,26,89,63,6,18,26,32,6,2,12,26,35,9,3.4037918240920386e-05,0.0016338200755641784,26,41,15,3,5,4,5,1,61,68,54
6,112,728,75,100,25,210,210,78,78,0,112,134,75,82,7,0.008135062459579971,0.00966676878042139,64,69,5,2,2,2,12,4,6,72,52
7,29,645,47,100,53,46,56,42,44,2,29,56,47,58,11,0.0036760951700194017,0.01589570781850982,49,81,32,2,3,3,6,6,48,73,6
8,0,1640,1,100,99,0,70,1,58,57,0,70,1,66,65,0.0,0.02484768031587188,1,87,86,1,-1,2,5,0,88,59,28
9,0,206,1,92,91,0,14,1,34,33,0,14,1,42,41,0.0,0.007011811157629599,1,62,61,3,-1,4,3,0,76,80,27
10,100,100,72,72,0,100,100,71,71,0,100,100,75,75,0,0.05228224241805371,0.05721774056298717,98,98,0,3,1,1,6,29,32,11,34
11,146,352,83,96,13,176,176,87,87,0,146,176,83,90,7,0.013853432724054596,0.014500153170632085,77,78,1,3,2,2,8,9,15,27,64
12,4,4,31,31,0,6,6,30,30,0,4,4,31,31,0,0.0004084550188910446,0.0004084550188910446,36,36,0,-1,5,5,3,2,81,63,40
13,38,138,52,85,33,38,38,51,51,0,38,38,54,54,0,0.004799346471969774,0.004799346471969774,56,56,0,4,3,3,3,6,82,41,60
14,12,12,36,36,0,30,30,35,35,0,12,12,36,36,0,0.000442492937131965,0.000442492937131965,35,35,0,-1,4,4,7,2,62,56,92
15,100,100,70,70,0,100,100,68,68,0,100,100,73,73,0,0.04877633683923891,0.052418394091017395,96,96,0,3,1,1,6,16,48,18,38
16,0,1640,1,100,99,0,176,1,68,67,0,176,1,86,85,0.0,0.029647026787841656,1,91,90,1,-1,2,12,0,14,97,11
17,0,206,1,94,93,0,32,1,36,35,0,32,1,50,49,0.0,0.005888559855679227,1,57,56,3,-1,4,6,0,32,36,44
18,0,0,1,1,0,0,0,1,1,0,0,0,1,1,0,0.0,0.0,1,1,0,-1,-1,-1,14,0,16,91,92
19,0,1640,1,100,99,0,100,1,48,47,0,100,1,65,64,0.0,0.022499063957248374,1,83,82,1,-1,2,9,0,54,40,5
20,270,870,96,100,4,88,88,71,71,0,88,88,71,71,0,0.02906838217774601,0.0482657680656251,92,96,4,2,2,2,4,22,53,9,7
21,0,1640,1,100,99,0,68,1,75,74,0,68,1,76,75,0.0,0.03151911229109228,1,91,90,1,-1,2,4,0,78,66,57
22,304,510,96,100,4,128,128,96,96,0,128,128,96,96,0,0.04183260151809115,0.04496408999625583,96,96,0,3,2,2,5,27,49,10,38
23,46,46,55,55,0,50,50,45,45,0,50,50,56,56,0,0.007216038667075122,0.007216038667075122,62,62,0,-1,3,3,5,6,45,34,50
24,61,261,63,94,31,54,54,55,55,0,54,54,60,60,0,0.014227849824704722,0.018210286258892407,75,81,6,3,3,3,4,12,84,37,57
25,108,724,73,100,27,72,72,45,45,0,72,72,56,56,0,0.011334626774226489,0.023724429013921508,74,87,13,2,3,3,7,8,46,8,30
26,70,276,59,94,35,82,82,56,56,0,70,82,60,64,4,0.005956635692161067,0.011368664692467409,56,70,14,3,3,3,7,5,62,47,24
27,198,398,91,98,7,104,104,73,73,0,104,104,79,79,0,0.019878144252697506,0.02018448551686579,84,85,1,3,2,2,5,17,52,6,4
28,0,616,1,100,99,0,34,1,38,37,0,34,1,50,49,0.0,0.013751318969331836,1,76,75,2,-1,3,4,0,53,76,18
29,104,1744,75,100,25,174,198,76,81,5,104,198,75,89,14,0.006467204465774873,0.024575376969944517,57,85,28,1,2,2,10,5,18,47,24
30,6,622,30,100,70,36,58,35,42,7,6,58,30,56,26,0.0006807583648184077,0.013717281051090916,37,76,39,2,4,3,8,2,21,42,5
31,120,120,76,76,0,174,174,72,72,0,120,120,76,76,0,0.006943735321147759,0.006943735321147759,58,58,0,-1,2,2,10,6,0,13,92
32,76,692,57,100,43,66,66,47,47,0,76,66,60,55,-5,0.006603356138738555,0.029408761360155213,56,91,35,2,3,3,6,6,71,13,11
33,56,262,51,90,39,188,188,71,71,0,56,71,51,54,3,0.004356853534837809,0.006773545729943157,54,57,3,3,2,2,14,3,25,29,73
34,0,0,1,1,0,0,0,1,1,0,0,0,1,1,0,0.0,0.0,1,1,0,-1,-1,-1,7,0,46,81,36
35,112,1752,81,100,19,208,232,77,84,7,112,153,81,86,5,0.01412573606998196,0.021784267674189048,75,83,8,1,3,2,13,8,13,20,56
36,165,781,88,100,12,104,104,81,81,0,104,104,84,84,0,0.0245413390517036,0.029919330133769018,87,88,1,2,2,2,5,20,61,23,47
37,0,0,1,1,0,0,0,1,1,0,0,0,1,1,0,0.0,0.0,1,1,0,-1,-1,-1,10,0,11,89,82
38,100,100,65,65,0,100,100,47,47,0,100,100,65,65,0,0.051839749480921744,0.051839749480921744,98,98,0,-1,1,1,11,29,38,0,87
39,6,6,30,30,0,14,14,30,30,0,6,6,30,30,0,0.0002042275094455223,0.0002042275094455223,32,32,0,-1,4,4,6,1,74,55,97
40,0,616,1,100,99,0,46,1,37,36,0,46,1,50,49,0.0,0.02723033459273631,1,89,88,2,-1,3,6,0,71,98,11
41,6,212,33,96,63,14,18,33,35,2,6,18,33,44,11,0.0002723033459273631,0.0042547397801150485,33,53,20,3,4,4,3,1,75,4,28
42,294,396,96,98,2,192,192,91,91,0,192,192,91,91,0,0.03012355764321454,0.03114469519044215,92,92,0,4,2,2,9,22,26,9,75
43,0,616,1,100,99,0,28,1,40,39,0,24,1,49,48,0.0,0.003778208924742163,1,51,50,2,-1,3,5,0,70,80,41
44,0,101,1,83,82,0,2,1,24,23,0,1,1,24,23,0.0,0.00013615167296368154,1,30,29,5,-1,6,2,0,89,96,88
45,100,100,73,73,0,100,100,87,87,0,100,100,87,87,0,0.0547670104496409,0.0547670104496409,97,97,0,-1,1,1,4,18,79,5,85
46,16,222,34,90,56,110,110,60,60,0,16,25,34,45,11,0.0019741992579733825,0.0027911092957554717,43,49,6,3,3,3,10,1,11,53,64
47,6,622,29,100,71,22,36,35,37,2,6,36,29,52,23,0.00034037918240920387,0.009122162088566664,34,66,32,2,4,3,5,1,61,88,32
48,39,39,55,55,0,22,22,42,42,0,22,22,45,45,0,0.003948398515946765,0.003948398515946765,51,51,0,-1,3,3,2,4,91,22,97
49,0,206,1,88,87,0,27,1,32,31,0,12,1,35,34,0.0,0.0008169100377820892,1,38,37,3,-1,4,8,0,10,80,74
50,67,683,58,100,42,88,128,49,68,19,67,128,58,81,23,0.005377991082065421,0.02825147213996392,57,89,32,2,3,3,8,6,30,35,0
51,0,206,1,91,90,0,20,1,33,32,0,6,1,31,30,0.0,0.0020082371762143027,1,45,44,3,-1,4,4,0,84,36,46
52,100,306,70,95,25,100,100,68,68,0,100,100,73,73,0,0.00980292045338507,0.017529527894074,69,84,15,3,2,2,6,7,48,21,77
53,0,1640,1,100,99,0,70,1,61,60,0,70,1,68,67,0.0,0.026821879573845263,1,89,88,1,-1,2,5,0,45,86,44
54,38,38,51,51,0,40,40,45,45,0,38,38,51,51,0,0.002927260968719153,0.002927260968719153,49,49,0,-1,3,3,5,6,37,70,69
55,1,1641,26,100,74,5,70,26,66,40,1,70,26,70,44,3.4037918240920386e-05,0.033050818611933694,27,90,63,1,6,2,5,2,70,58,30
56,22,638,40,100,60,56,84,38,46,8,22,84,40,57,17,0.0007147962830593281,0.013070560604513427,36,77,41,2,3,3,8,2,42,63,39
57,100,100,62,62,0,100,100,43,43,0,100,100,62,62,0,0.04949113312229824,0.06283399707273903,98,100,2,1,1,1,12,29,14,11,21
58,100,100,61,61,0,100,100,43,43,0,100,100,61,61,0,0.021035433472888797,0.021035433472888797,80,80,0,-1,1,1,12,6,2,34,92
59,16,16,39,39,0,42,42,41,41,0,16,16,39,39,0,0.0013274788113958951,0.0013274788113958951,42,42,0,-1,3,3,6,1,32,71,67
60,162,368,84,98,14,110,110,78,78,0,110,110,82,82,0,0.020014295925661188,0.021852343510670887,82,84,2,3,2,2,6,18,51,30,52
61,8,624,38,100,62,8,22,33,53,20,8,22,38,53,15,0.002314578440382586,0.01664454201981007,44,79,35,2,4,3,2,2,99,75,51
62,0,206,1,92,91,0,18,1,34,33,0,18,1,47,46,0.0,0.013819394805813677,1,77,76,3,-1,4,3,0,87,99,23
63,2,618,26,100,74,7,40,27,40,13,2,40,26,52,26,3.4037918240920386e-05,0.009870996289866912,26,70,44,2,5,3,5,2,80,58,8
64,419,625,100,100,0,136,136,98,98,0,136,136,98,98,0,0.052248204499812795,0.05514142755029102,97,97,0,3,2,2,4,36,47,2,29
65,100,100,60,60,0,100,100,40,40,0,100,100,60,60,0,0.017937982912965042,0.018210286258892407,77,77,0,3,1,1,14,5,25,47,49
66,192,192,92,92,0,48,48,60,60,0,48,48,63,63,0,0.026855917492086184,0.026855917492086184,90,90,0,-1,3,3,3,22,58,9,98
67,8,214,34,91,57,40,40,37,37,0,8,16,34,35,1,0.0002042275094455223,0.0011913271384322134,30,38,8,3,4,4,8,2,39,56,74
68,216,318,95,97,2,128,128,95,95,0,128,128,95,95,0,0.023996732359848873,0.025256135334762925,87,87,0,4,2,2,5,18,45,5,75
69,16,222,40,97,57,28,28,45,45,0,16,24,40,50,10,0.002314578440382586,0.004935498144933456,46,52,6,3,3,3,3,1,94,53,83
70,100,100,63,63,0,100,100,56,56,0,100,100,63,63,0,0.0424112461281868,0.042751625310596,96,96,0,4,1,1,7,16,24,12,60
71,40,142,52,89,37,62,62,82,82,0,40,43,72,72,0,0.007318152421797883,0.008066986623098132,62,66,4,4,2,2,3,3,60,46,74
72,36,36,50,50,0,78,78,44,44,0,36,36,50,50,0,0.004561081044283332,0.004561081044283332,54,54,0,-1,3,3,8,6,10,73,85
73,100,100,79,79,0,100,100,96,96,0,100,100,96,96,0,0.07539398890363866,0.07539398890363866,100,100,0,-1,1,1,3,20,85,23,69
74,100,100,69,69,0,100,100,55,55,0,100,100,69,69,0,0.023179822322066782,0.023418087749753225,84,84,0,4,1,1,9,6,26,28,56
75,0,1640,1,100,99,0,176,1,69,68,0,176,1,88,87,0.0,0.03798631675686715,1,93,92,1,-1,2,12,0,6,66,0
76,24,24,50,50,0,22,22,47,47,0,22,22,52,52,0,0.0017359338302869397,0.0017359338302869397,42,42,0,-1,3,3,2,4,89,64,67
77,22,1662,43,100,57,54,102,39,65,26,22,102,43,75,32,0.0013955546478777359,0.030566050580346504,42,90,48,1,3,2,8,3,21,51,18
78,0,206,1,95,94,0,18,1,34,33,0,18,1,45,44,0.0,0.00704584907587052,1,61,60,3,-1,4,3,0,94,98,20
79,0,616,1,100,99,0,34,1,46,45,0,34,1,54,53,0.0,0.020014295925661188,1,85,84,2,-1,3,4,0,77,98,7
80,129,745,87,100,13,78,88,75,79,4,78,88,77,80,3,0.015214949453691413,0.02236291228428469,79,85,6,2,2,2,4,14,77,32,73
81,0,0,1,1,0,0,0,1,1,0,0,0,1,1,0,0.0,0.0,1,1,0,-1,-1,-1,8,0,21,36,92
82,493,1093,99,100,1,272,272,100,100,0,272,272,100,100,0,0.03897341638585384,0.04394295244902822,95,96,1,2,2,2,8,30,42,7,38
83,44,660,54,100,46,50,80,49,58,9,44,80,54,62,8,0.007147962830593281,0.03512713162462984,61,91,30,2,3,3,5,4,61,38,1
84,100,100,76,76,0,100,100,91,91,0,100,100,91,91,0,0.04043704687021342,0.04469178665032847,94,96,2,3,1,1,4,6,77,35,47
85,100,716,65,100,35,94,104,68,80,12,94,104,73,83,10,0.012559991830899623,0.03097450559923755,74,89,15,2,2,2,5,6,61,77,18
86,70,276,60,96,36,78,78,69,69,0,78,78,70,70,0,0.011164437183021887,0.01950372715204738,71,84,13,3,2,2,4,6,53,34,14
87,146,146,85,85,0,210,210,83,83,0,146,146,85,85,0,0.012798257258586064,0.012798257258586064,74,74,0,-1,2,2,12,9,3,27,80
88,88,88,57,57,0,174,174,72,72,0,88,88,57,57,0,0.008305252050784574,0.008305252050784574,62,62,0,-1,2,2,10,4,0,38,82
89,0,0,1,1,0,0,0,1,1,0,0,0,1,1,0,0.0,0.0,1,1,0,-1,-1,-1,5,0,80,93,76
90,16,222,38,90,52,30,34,36,37,1,16,22,38,44,6,0.0007488342013002485,0.002757071377514551,37,48,11,3,3,3,6,1,74,4,90
91,40,40,58,58,0,44,44,67,67,0,40,40,67,67,0,0.00616086320160659,0.00616086320160659,62,62,0,-1,2,2,3,2,81,42,79
92,16,632,37,100,63,72,86,53,58,5,16,86,37,62,25,0.003267640151128357,0.015623404472582456,48,77,29,2,3,3,6,3,41,46,30
93,0,0,1,1,0,0,0,1,1,0,0,0,1,1,0,0.0,0.0,1,1,0,-1,-1,-1,2,0,99,76,82
94,0,616,1,100,99,0,50,1,36,35,0,24,1,42,41,0.0,0.002314578440382586,1,45,44,2,-1,3,10,0,12,99,70
95,0,206,1,89,88,0,34,1,33,32,0,12,1,34,33,0.0,0.0014295925661186562,1,40,39,3,-1,4,9,1,28,50,52
96,6,108,29,75,46,26,27,32,32,0,6,8,29,35,6,0.00030634126416828345,0.00037441710065012424,33,34,1,4,4,4,8,1,10,55,4
97,22,228,39,88,49,98,98,37,37,0,22,30,39,43,4,0.0010892133837094523,0.002586881786309949,37,47,10,3,3,3,16,2,9,74,52
98,100,100,61,61,0,100,100,44,44,0,100,100,61,61,0,0.04687021341774737,0.04687021341774737,96,96,0,-1,1,1,12,27,6,10,81
99,100,100,64,64,0,100,100,44,44,0,100,100,64,64,0,0.04516831750570135,0.056877361380577966,96,100,4,2,1,1,13,29,13,1,37
100,56,157,55,86,31,74,74,62,62,0,56,57,54,56,2,0.008237176214302734,0.008237176214302734,65,65,0,5,2,2,5,2,37,83,78
101,0,0,1,1,0,0,0,1,1,0,0,0,1,1,0,0.0,0.0,1,1,0,-1,-1,-1,12,0,3,82,98
102,100,100,66,66,0,100,100,45,45,0,100,100,66,66,0,0.038224582184553595,0.05868137104734675,95,99,4,1,1,1,10,19,1,15,37
103,0,616,1,100,99,0,38,1,55,54,0,38,1,58,57,0.0,0.018006058749446885,1,83,82,2,-1,3,3,1,58,69,12
104,100,100,72,72,0,100,100,77,77,0,100,100,77,77,0,0.03002144388849178,0.03008951972497362,91,91,0,5,1,1,6,6,69,26,65
105,0,0,1,1,0,0,0,1,1,0,0,0,1,1,0,0.0,0.0,1,1,0,-1,-1,-1,9,0,29,76,97
106,24,230,49,92,43,58,58,43,43,0,24,44,49,54,5,0.0011232513019503727,0.005173763572619898,39,55,16,3,3,3,8,4,21,64,72
107,39,245,54,95,41,54,54,55,55,0,39,54,55,59,4,0.004493005207801491,0.005820484019197386,55,57,2,3,3,3,4,4,73,22,53
108,6,108,33,84,51,8,8,33,33,0,6,8,33,37,4,0.00034037918240920387,0.006297014874570271,35,62,27,4,4,4,2,1,89,49,8
109,0,1640,1,100,99,0,144,1,71,70,0,144,1,84,83,0.0,0.030497974743864665,1,92,91,1,-1,2,10,0,22,40,0
110,339,955,100,100,0,112,112,92,92,0,112,112,92,92,0,0.03710133088260322,0.04806154055617958,96,96,0,2,2,2,4,30,53,7,20
111,168,374,89,99,10,88,88,81,81,0,88,88,81,81,0,0.024439225296980838,0.025188059498281085,86,87,1,3,2,2,4,18,73,30,88
112,22,638,38,100,62,66,100,36,44,8,22,100,38,58,20,0.002144388849177984,0.01415977398822288,45,78,33,2,3,3,10,2,0,75,19
113,2,208,29,97,68,4,8,30,34,4,2,8,29,40,11,0.0002042275094455223,0.00442492937131965,31,52,21,3,5,4,2,1,97,65,57
114,178,384,92,100,8,48,48,64,64,0,48,48,66,66,0,0.026039007454304094,0.0337315769767521,89,91,2,3,3,3,3,22,85,9,77
115,364,964,99,100,1,96,96,87,87,0,96,96,87,87,0,0.04428333163143742,0.06463800673950781,96,99,3,2,2,2,3,40,87,3,0
116,44,660,56,100,44,64,64,64,64,0,44,64,58,66,8,0.007182000748834201,0.01245787807617686,61,74,13,2,3,3,4,7,77,62,26
117,94,196,58,87,29,218,218,72,72,0,94,96,58,58,0,0.005480104836788182,0.005548180673270023,56,56,0,4,2,2,14,6,16,28,65
118,24,230,50,98,48,32,32,64,64,0,32,32,64,64,0,0.002723033459273631,0.01596378365499166,47,78,31,3,3,3,2,3,89,54,15
119,0,616,1,100,99,0,32,1,36,35,0,25,1,46,45,0.0,0.003948398515946765,1,51,50,2,-1,3,5,0,52,59,41
120,56,262,63,97,34,38,38,56,56,0,38,38,57,57,0,0.007590455767725246,0.018108172504169646,64,85,21,3,3,3,3,7,60,21,37
121,274,474,96,100,4,128,128,95,95,0,128,128,95,95,0,0.03311889444841554,0.039620136832431326,91,94,3,3,2,2,5,22,45,9,8
122,149,1789,90,100,10,56,80,86,96,10,56,80,86,96,10,0.039279757650022125,0.10122876884849723,96,100,4,1,2,2,2,20,95,23,16
123,106,208,76,86,10,142,142,78,78,0,106,108,76,76,0,0.009394465434494027,0.00966676878042139,64,65,1,4,2,2,8,7,27,48,55
124,246,862,90,100,10,200,200,93,93,0,200,200,93,93,0,0.024166921951053473,0.036965179209639536,86,97,11,2,2,2,8,16,27,18,5
125,0,0,1,1,0,0,0,1,1,0,0,0,1,1,0,0.0,0.0,1,1,0,-1,-1,-1,10,1,11,69,92
126,22,1662,39,100,61,164,188,70,72,2,22,102,39,78,39,0.001940161339732462,0.013751318969331836,41,74,33,1,3,2,14,2,17,61,13
127,219,219,92,92,0,176,176,87,87,0,176,176,91,91,0,0.02559651451717213,0.02559651451717213,88,88,0,-1,2,2,8,15,39,16,91
128,54,670,52,100,48,86,86,56,56,0,54,86,52,65,13,0.006569318220497634,0.012900371013308825,61,72,11,2,3,3,6,4,59,38,62
129,0,102,1,71,70,0,7,1,27,26,0,2,1,25,24,0.0,0.00010211375472276115,1,28,27,4,-1,5,5,0,52,98,95
130,40,656,55,100,45,38,38,51,51,0,38,38,54,54,0,0.005616256509751864,0.01242384015793594,59,76,17,2,3,3,3,6,82,26,44
131,0,616,1,100,99,0,48,1,33,32,0,16,1,35,34,0.0,0.002144388849177984,1,44,43,2,-1,3,11,1,38,69,53
132,0,102,1,81,80,0,3,1,27,26,0,2,1,27,26,0.0,0.0012934408931549745,1,40,39,4,-1,5,2,0,95,66,53
133,0,616,1,99,98,0,66,1,33,32,0,16,1,33,32,0.0,0.0021784267674189047,1,45,44,2,-1,3,12,0,6,79,46
134,80,696,59,100,41,172,172,81,81,0,80,110,59,73,14,0.006637394056979475,0.01143674052894925,60,74,14,2,2,2,9,3,28,29,38
135,0,101,1,82,81,0,3,1,25,24,0,1,1,25,24,0.0,3.4037918240920386e-05,1,26,25,6,-1,7,3,0,75,80,58
136,47,647,54,100,46,40,40,44,44,0,40,40,53,53,0,0.004799346471969774,0.013444977705163553,52,74,22,2,3,3,5,6,70,35,20
137,38,654,47,100,53,106,116,57,61,4,38,84,47,62,15,0.0016338200755641784,0.006943735321147759,41,61,20,2,3,3,10,3,12,43,47
138,18,18,46,46,0,18,18,35,35,0,18,18,46,46,0,0.002212464685659825,0.002212464685659825,44,44,0,-1,4,4,3,3,58,54,59
139,177,177,88,88,0,158,158,78,78,0,158,158,88,88,0,0.015385139044896015,0.015385139044896015,77,77,0,-1,2,2,9,15,29,19,50
140,0,616,1,100,99,0,96,1,39,38,0,81,1,56,55,0.0,0.010721944245889922,1,67,66,2,-1,3,14,0,25,87,19
141,74,274,72,100,28,32,32,69,69,0,32,32,69,69,0,0.014432077334150244,0.02559651451717213,75,88,13,3,3,3,2,9,93,39,23
142,22,22,46,46,0,22,22,42,42,0,22,22,45,45,0,0.0017359338302869397,0.0017359338302869397,41,41,0,-1,3,3,2,2,91,61,50
143,46,252,53,92,39,70,70,54,54,0,46,70,53,59,6,0.004220701861874128,0.017325300384628477,50,79,29,3,2,2,6,2,51,83,6
144,32,32,44,44,0,138,138,61,61,0,32,32,44,44,0,0.002927260968719153,0.002927260968719153,50,50,0,-1,3,3,17,2,20,75,85
145,154,770,86,100,14,112,112,92,92,0,112,112,92,92,0,0.022839443139657578,0.02757071377514551,89,91,2,2,2,2,4,12,53,37,29
146,198,298,96,99,3,32,32,63,63,0,32,32,65,65,0,0.029681064706082574,0.029715102624323496,92,92,0,5,3,3,2,30,98,7,4
147,0,102,1,83,82,0,4,1,30,29,0,4,1,32,31,0.0,0.00439089145307873,1,53,52,4,-1,5,2,0,90,91,31
148,80,80,64,64,0,106,106,71,71,0,80,80,64,64,0,0.006569318220497634,0.006569318220497634,60,60,0,-1,2,2,7,6,43,28,59
149,58,160,72,93,21,22,22,55,55,0,22,22,57,57,0,0.006943735321147759,0.007590455767725246,63,64,1,4,3,3,2,13,97,24,64
150,266,367,95,99,4,166,166,87,87,0,166,166,91,91,0,0.02209060893835733,0.02209060893835733,86,86,0,5,2,2,8,19,10,15,68
151,40,1680,49,100,51,106,160,59,72,13,40,160,49,85,36,0.004356853534837809,0.0404030089519725,54,95,41,1,3,2,11,6,38,73,3
152,6,622,33,100,67,20,34,35,43,8,6,34,33,51,18,0.0008509479560230097,0.007522379931243405,38,62,24,2,4,3,4,2,47,42,22
153,64,680,54,100,46,158,168,65,66,1,64,96,54,58,4,0.00439089145307873,0.007420266176520644,54,58,4,2,2,2,14,6,16,73,29
154,0,101,1,77,76,0,6,1,25,24,0,1,1,25,24,0.0,0.00017018959120460194,1,30,29,5,-1,6,6,0,48,93,60
155,8,214,35,93,58,42,46,35,35,0,8,41,35,53,18,0.0005105687736138058,0.006399128629293032,35,55,20,3,4,4,9,2,35,56,44
156,22,638,40,100,60,126,146,63,67,4,22,97,40,64,24,0.002212464685659825,0.0158616699002689,45,79,34,2,3,3,11,2,38,61,37
157,150,1790,86,100,14,262,286,84,90,6,150,286,86,96,10,0.012389802239695021,0.03866707512168556,72,94,22,1,2,2,14,8,8,17,10
158,0,616,1,100,99,0,98,1,40,39,0,63,1,54,53,0.0,0.008066986623098132,1,64,63,2,-1,3,13,0,13,87,27
159,46,147,59,87,28,52,52,74,74,0,46,47,62,62,0,0.005105687736138058,0.0051397256543789785,55,55,0,5,2,2,3,2,58,63,60
160,22,22,40,40,0,48,48,38,38,0,22,22,40,40,0,0.0005786446100956465,0.0005786446100956465,34,34,0,-1,3,3,7,2,46,56,91
161,0,206,1,90,89,0,40,1,36,35,0,26,1,45,44,0.0,0.0038462847612240037,1,50,49,3,-1,4,8,0,39,66,47
162,88,704,67,100,33,44,54,49,54,5,44,54,54,57,3,0.01153885428367201,0.016338200755641786,74,77,3,2,3,3,4,8,53,8,90
163,14,14,41,41,0,18,18,36,36,0,14,14,41,41,0,0.0010211375472276116,0.0010211375472276116,40,40,0,-1,4,4,3,4,75,64,97
164,70,70,59,59,0,70,70,54,54,0,70,70,62,62,0,0.005956635692161067,0.005956635692161067,55,55,0,-1,3,3,5,6,50,26,84
165,6,622,29,100,71,29,66,31,34,3,6,36,29,47,18,0.0002042275094455223,0.004969536063174376,31,54,23,2,4,3,12,1,3,65,38
166,62,678,54,100,46,160,170,68,69,1,62,116,54,72,18,0.004663194799006093,0.011164437183021887,53,71,18,2,2,2,11,6,5,70,72
167,70,276,61,95,34,66,66,54,54,0,70,76,60,60,0,0.005990673610401988,0.0063650907110521125,59,61,2,3,3,3,6,6,74,26,4
168,62,62,54,54,0,102,102,64,64,0,62,62,54,54,0,0.0024507301133462676,0.0024507301133462676,46,46,0,-1,2,2,8,4,30,64,93
169,98,714,68,100,32,66,66,50,50,0,66,66,61,61,0,0.011096361346540046,0.02127369890057524,71,86,15,2,3,3,6,8,56,8,32
170,22,22,44,44,0,28,28,38,38,0,22,22,44,44,0,0.0004765308553728854,0.0004765308553728854,35,35,0,-1,3,3,5,2,37,63,76
171,76,676,56,100,44,82,82,48,48,0,76,82,57,58,1,0.00793083495013445,0.03699921712788046,60,93,33,2,3,3,7,6,46,34,2
172,198,404,91,98,7,158,158,80,80,0,158,158,86,86,0,0.019707954661492902,0.020048333843902106,83,83,0,3,2,2,9,18,23,5,63
173,18,634,40,100,60,60,60,38,38,0,18,42,40,54,14,0.0002382654276864427,0.003165526396405596,34,49,15,2,3,3,9,2,28,56,70
174,94,94,63,63,0,104,104,73,73,0,94,94,69,69,0,0.007794683277170768,0.007794683277170768,59,59,0,-1,2,2,5,6,52,26,40
175,0,206,1,92,91,0,18,1,37,36,0,18,1,46,45,0.0,0.007658531604207087,1,62,61,3,-1,4,3,0,85,40,20
176,222,222,89,89,0,294,294,86,86,0,222,222,89,89,0,0.009973110044589673,0.009973110044589673,66,66,0,-1,2,2,17,13,20,24,97
177,100,100,75,75,0,100,100,89,89,0,100,100,89,89,0,0.060213077368188164,0.06810987440008169,98,98,0,2,1,1,4,19,73,15,8
178,0,0,1,1,0,0,0,1,1,0,0,0,1,1,0,0.0,0.0,1,1,0,-1,-1,-1,7,0,62,93,40
179,0,616,1,100,99,0,52,1,42,41,0,52,1,52,51,0.0,0.009870996289866912,1,70,69,2,-1,3,6,1,41,45,33
180,172,378,87,100,13,120,120,90,90,0,120,120,90,90,0,0.02757071377514551,0.0300554818067327,87,90,3,3,2,2,6,19,69,15,22
181,24,24,48,48,0,78,78,47,47,0,24,24,48,48,0,0.0018040096667687805,0.0018040096667687805,42,42,0,-1,3,3,8,4,57,64,79
182,0,616,1,100,99,0,34,1,45,44,0,34,1,51,50,0.0,0.00878178290615746,1,67,66,2,-1,3,4,0,73,76,20
183,0,206,1,89,88,0,34,1,31,30,0,15,1,31,30,0.0,0.0024166921951053475,1,42,41,3,-1,4,9,0,29,66,22
184,6,1646,31,100,69,14,52,34,75,41,6,52,31,76,45,0.0009530617107457708,0.051499370298512544,39,98,59,1,4,2,3,1,55,71,7
185,0,206,1,90,89,0,15,1,27,26,0,10,1,31,30,0.0,0.0008169100377820892,1,34,33,3,-1,4,6,0,51,91,64
186,0,616,1,100,99,0,60,1,50,49,0,60,1,56,55,0.0,0.0315531502093332,1,92,91,2,-1,3,5,0,37,82,0
187,0,616,1,100,99,0,46,1,40,39,0,46,1,54,53,0.0,0.00891793457912114,1,68,67,2,-1,3,6,0,34,87,20
188,0,616,1,100,99,0,122,1,54,53,0,74,1,53,52,0.0,0.008407365805507334,1,65,64,2,-1,3,16,1,4,69,27
189,0,616,1,100,99,0,26,1,36,35,0,25,1,43,42,0.0,0.0048674223084516155,1,49,48,2,-1,3,4,1,67,45,64
190,0,616,1,100,99,0,56,1,43,42,0,56,1,57,56,0.0,0.014840532353041287,1,77,76,2,-1,3,6,0,34,36,30
191,2,208,26,89,63,6,13,26,28,2,2,9,26,35,9,3.4037918240920386e-05,0.0004084550188910446,26,35,9,3,5,4,5,1,61,68,63
192,24,1664,48,100,52,38,72,59,85,26,24,72,49,85,36,0.0026209197045508697,0.037679975492698865,46,93,47,1,3,2,3,3,92,54,45
193,0,616,1,100,99,0,18,1,50,49,0,18,1,53,52,0.0,0.008271214132543654,1,63,62,2,-1,3,2,0,86,76,72
194,100,100,70,70,0,100,100,53,53,0,100,100,70,70,0,0.03887130263113108,0.03887130263113108,93,93,0,-1,1,1,9,18,31,30,76
195,22,228,45,91,46,50,50,46,46,0,22,50,45,56,11,0.0023486163586235067,0.012049423057285817,46,72,26,3,3,3,5,2,80,52,37
196,170,170,88,88,0,86,86,56,56,0,86,86,66,66,0,0.017121072875182955,0.017121072875182955,82,82,0,-1,3,3,6,16,59,12,66
197,26,1666,56,100,44,12,46,35,81,46,12,46,42,82,40,0.0045270431260424114,0.0724667279349195,55,98,43,1,4,2,2,6,98,28,11
198,40,246,52,94,42,96,96,63,63,0,40,46,52,52,0,0.006399128629293032,0.006569318220497634,58,59,1,3,2,2,7,1,62,90,4
199,22,22,43,43,0,68,68,41,41,0,22,22,43,43,0,0.0017359338302869397,0.0017359338302869397,44,44,0,-1,3,3,8,2,30,52,98
200,0,0,1,1,0,0,0,1,1,0,0,0,1,1,0,0.0,0.0,1,1,0,-1,-1,-1,2,0,95,89,82
201,6,622,29,99,70,49,126,33,60,27,6,126,29,76,47,0.00037441710065012424,0.02995336805200994,34,92,58,2,4,3,11,1,5,88,2
202,24,125,45,79,34,46,46,43,43,0,24,25,45,45,0,0.0012934408931549745,0.0012934408931549745,40,40,0,5,3,3,6,3,65,43,78
203,22,22,40,40,0,40,40,36,36,0,22,22,40,40,0,0.0005786446100956465,0.0005786446100956465,34,34,0,-1,3,3,7,2,46,63,76
204,100,100,59,59,0,100,100,46,46,0,100,100,59,59,0,0.01746145205759216,0.0390755301405766,77,95,18,2,1,1,11,3,5,54,10
205,0,1640,1,100,99,0,124,1,64,63,0,124,1,81,80,0.0,0.02491575615235372,1,87,86,1,-1,2,10,0,36,84,30
206,1,1,26,26,0,11,11,26,26,0,1,1,26,26,0,3.4037918240920386e-05,3.4037918240920386e-05,26,26,0,-1,6,6,11,2,38,58,97
207,46,46,49,49,0,168,168,68,68,0,46,46,50,50,0,0.002757071377514551,0.002757071377514551,48,48,0,-1,2,2,14,2,8,61,92
208,38,244,47,94,47,54,54,56,56,0,38,54,48,56,8,0.003642057251778481,0.008101024541339052,47,62,15,3,3,3,4,6,67,70,62
209,6,622,29,100,71,52,110,35,58,23,6,110,29,75,46,0.0008169100377820892,0.023418087749753225,36,84,48,2,4,3,10,2,18,42,10
210,0,616,1,100,99,0,116,1,54,53,0,116,1,81,80,0.0,0.011266550937744648,1,69,68,2,-1,3,14,0,17,96,5
211,110,726,77,100,23,104,104,81,81,0,104,104,84,84,0,0.010211375472276116,0.026107083290785937,70,87,17,2,2,2,5,7,61,21,23
212,0,616,1,100,99,0,86,1,36,35,0,38,1,45,44,0.0,0.006637394056979475,1,59,58,2,-1,3,14,0,17,99,77
213,503,503,99,99,0,392,392,100,100,0,392,392,100,100,0,0.03703325504612138,0.03703325504612138,94,94,0,-1,2,2,14,29,25,11,36
214,50,666,58,100,42,102,122,66,73,7,50,94,58,66,8,0.007658531604207087,0.014023622315259198,63,76,13,2,2,2,8,6,57,73,38
215,10,10,39,39,0,24,24,40,40,0,10,10,39,39,0,0.002110350930937064,0.002110350930937064,47,47,0,-1,4,4,4,3,78,54,85
216,16,632,37,100,63,46,56,39,43,4,16,56,37,53,16,0.002314578440382586,0.008135062459579971,46,64,18,2,3,3,6,2,41,94,21
217,94,300,61,96,35,174,174,78,78,0,94,100,61,61,0,0.007794683277170768,0.00793083495013445,62,62,0,3,2,2,10,6,11,26,63
218,0,1640,1,100,99,0,66,1,48,47,0,53,1,57,56,0.0,0.01940161339732462,1,81,80,1,-1,2,6,0,44,81,22
219,216,1816,95,100,5,112,112,92,92,0,112,112,92,92,0,0.023179822322066782,0.07185404540658294,90,98,8,1,2,2,4,19,53,15,2
220,20,20,48,48,0,34,34,46,46,0,20,20,48,48,0,0.0014295925661186562,0.0014295925661186562,42,42,0,-1,3,3,4,3,73,43,89
221,359,559,96,100,4,160,160,86,86,0,160,160,88,88,0,0.03516116954287076,0.038564961366962795,94,94,0,3,2,2,7,29,24,11,44
222,16,632,34,100,66,76,98,38,41,3,16,46,34,48,14,0.0007488342013002485,0.003608019333537561,37,51,14,2,3,3,12,1,2,49,41
223,100,100,67,67,0,100,100,74,74,0,100,100,75,75,0,0.03819054426631267,0.04649579631709724,95,96,1,3,1,1,5,5,63,25,19
224,0,616,1,99,98,0,72,1,34,33,0,16,1,31,30,0.0,0.0030974505599237552,1,51,50,2,-1,3,17,0,20,81,90
225,40,656,58,100,42,44,52,67,80,13,40,52,67,81,14,0.00616086320160659,0.02100139555464788,62,85,23,2,2,2,3,2,81,42,30
226,0,616,1,100,99,0,46,1,38,37,0,46,1,52,51,0.0,0.00878178290615746,1,66,65,2,-1,3,6,0,41,87,20
227,74,690,56,100,44,168,178,67,68,1,68,86,54,56,2,0.0053099152455835805,0.006569318220497634,56,58,2,2,2,2,14,6,25,41,61
228,0,616,1,100,99,0,94,1,36,35,0,39,1,46,45,0.0,0.0045270431260424114,1,54,53,2,-1,3,16,0,4,76,57
229,100,100,67,67,0,100,100,66,66,0,100,100,72,72,0,0.05323530412879948,0.05534565505973655,97,97,0,3,1,1,6,29,59,0,22
230,0,616,1,100,99,0,174,1,66,65,0,174,1,85,84,0.0,0.02236291228428469,1,84,83,2,-1,3,14,0,16,92,9
231,0,102,1,81,80,0,8,1,30,29,0,8,1,36,35,0.0,0.004799346471969774,1,55,54,4,-1,5,4,0,77,59,31
232,87,703,70,100,30,72,72,77,77,0,72,72,77,77,0,0.01055175465468532,0.02746860002042275,74,90,16,2,2,2,3,8,82,57,5
233,2,2,27,27,0,3,3,27,27,0,2,2,27,27,0,0.0,0.0,1,1,0,-1,5,5,2,1,98,95,79
234,81,81,58,58,0,126,126,61,61,0,81,81,58,58,0,0.006705469893461316,0.006705469893461316,58,58,0,-1,2,2,12,6,3,35,40
235,190,190,87,87,0,324,324,90,90,0,190,190,87,87,0,0.01783586915824228,0.01783586915824228,80,80,0,-1,2,2,17,9,20,39,81
236,2,2,25,25,0,7,7,25,25,0,2,2,25,25,0,3.4037918240920386e-05,3.4037918240920386e-05,27,27,0,-1,5,5,6,2,40,58,91
237,0,616,1,100,99,0,29,1,34,33,0,16,1,35,34,0.0,0.0045270431260424114,1,50,49,2,-1,3,6,0,56,67,90
238,88,88,65,65,0,110,110,77,77,0,88,88,65,65,0,0.009020048333843901,0.009020048333843901,66,66,0,-1,2,2,6,4,44,38,69
239,94,1734,62,100,38,152,176,78,84,6,94,176,62,88,26,0.006773545729943157,0.03077027808979203,59,87,28,1,2,2,8,6,42,26,19
240,196,196,95,95,0,32,32,64,64,0,32,32,64,64,0,0.030191633479696382,0.030191633479696382,93,93,0,-1,3,3,2,29,89,0,97
241,80,696,64,100,36,76,86,59,62,3,76,86,66,67,1,0.008169100377820893,0.014908608189523128,64,75,11,2,3,3,6,9,34,31,44
242,0,616,1,100,99,0,50,1,36,35,0,37,1,50,49,0.0,0.0063650907110521125,1,59,58,2,-1,3,8,0,30,92,34
243,100,100,64,64,0,100,100,57,57,0,100,100,66,66,0,0.04094761564382722,0.05088668777017598,94,96,2,2,1,1,7,18,46,5,20
244,94,294,76,98,22,32,32,58,58,0,32,32,59,59,0,0.0160318594914735,0.025494400762449368,80,89,9,3,3,3,2,9,68,39,6
245,307,507,97,100,3,104,104,86,86,0,104,104,86,86,0,0.03311889444841554,0.0372374825555669,91,93,2,3,2,2,5,29,45,1,21
246,100,100,64,64,0,100,100,44,44,0,100,100,64,64,0,0.04516831750570135,0.04516831750570135,96,96,0,-1,1,1,13,29,13,1,76
247,136,752,91,100,9,56,56,84,84,0,56,56,85,85,0,0.02661765206439974,0.037475747983253344,90,95,5,2,2,2,2,18,98,30,25
248,0,1640,1,100,99,0,138,1,60,59,0,74,1,54,53,0.0,0.009870996289866912,1,66,65,1,-1,2,17,1,20,50,47
249,6,622,28,100,72,32,42,35,35,0,6,28,28,45,17,0.0005446066918547262,0.004118588107151367,34,49,15,2,4,3,6,1,56,49,29
250,100,100,61,61,0,100,100,43,43,0,100,100,61,61,0,0.03015759556145546,0.03015759556145546,90,90,0,-1,1,1,12,12,2,37,59
251,6,1646,30,100,70,15,58,30,46,16,6,53,30,52,22,0.0,0.017597603730555838,1,81,80,1,4,2,6,1,41,95,54
252,67,67,65,65,0,70,70,59,59,0,70,70,66,66,0,0.007147962830593281,0.007147962830593281,62,62,0,-1,3,3,5,8,80,57,93
253,100,100,64,64,0,100,100,45,45,0,100,100,64,64,0,0.06429762755709861,0.06582933387794003,100,100,0,3,1,1,10,36,18,2,73
254,40,246,54,97,43,62,62,77,77,0,40,62,60,79,19,0.008679669151434699,0.010415602981721638,69,73,4,3,2,2,3,1,75,90,54
255,100,100,68,68,0,100,100,57,57,0,100,100,68,68,0,0.06358283127403928,0.0649443480036761,99,99,0,3,1,1,8,40,39,3,54
256,60,266,62,92,30,60,60,51,51,0,60,60,62,62,0,0.006535280302256714,0.008951972497362062,60,67,7,3,3,3,5,5,80,47,35
257,0,0,1,1,0,0,0,1,1,0,0,0,1,1,0,0.0,0.0,1,1,0,-1,-1,-1,5,0,80,76,85
258,6,6,29,29,0,18,18,30,30,0,6,6,29,29,0,0.00013615167296368154,0.00013615167296368154,31,31,0,-1,4,4,7,1,43,60,99
259,102,102,81,81,0,62,62,80,80,0,62,62,80,80,0,0.018006058749446885,0.018006058749446885,81,81,0,-1,2,2,3,8,55,57,97
260,0,616,1,100,99,0,46,1,47,46,0,46,1,53,52,0.0,0.00980292045338507,1,67,66,2,-1,3,5,0,49,96,48
261,0,616,1,100,99,0,50,1,44,43,0,50,1,56,55,0.0,0.007998910786616291,1,65,64,2,-1,3,5,0,63,36,48
262,0,206,1,94,93,0,12,1,39,38,0,12,1,41,40,0.0,0.005684332346233704,1,59,58,3,-1,4,2,0,90,82,21
263,12,218,37,92,55,26,30,35,38,3,12,30,37,48,11,0.0007828721195411688,0.004969536063174376,37,53,16,3,4,4,5,3,88,51,38
264,16,117,38,78,40,64,64,40,40,0,16,17,38,42,4,0.0006126825283365669,0.0006467204465774873,35,35,0,6,3,3,9,1,54,49,78
265,0,0,1,1,0,0,0,1,1,0,0,0,1,1,0,0.0,0.0,1,1,0,-1,-1,-1,17,0,20,98,97
266,32,1672,48,100,52,56,90,49,69,20,32,90,48,71,23,0.0014295925661186562,0.030293747234419143,42,93,51,1,3,2,6,2,69,61,37
267,0,0,1,1,0,0,0,1,1,0,0,0,1,1,0,0.0,0.0,1,1,0,-1,-1,-1,12,0,3,76,36
268,25,25,53,53,0,18,18,48,48,0,18,18,51,51,0,0.004356853534837809,0.004356853534837809,55,55,0,-1,3,3,2,6,90,73,93
269,90,90,67,67,0,100,100,69,69,0,90,90,69,69,0,0.008271214132543654,0.008271214132543654,65,65,0,-1,2,2,6,6,34,28,36
270,8,8,38,38,0,8,8,33,33,0,8,8,38,38,0,0.00037441710065012424,0.00037441710065012424,33,33,0,-1,4,4,2,2,99,56,67
271,56,262,51,90,39,188,188,71,71,0,56,71,51,54,3,0.004356853534837809,0.006773545729943157,54,57,3,3,2,2,14,3,25,29,73
272,178,178,93,93,0,48,48,59,59,0,48,48,63,63,0,0.020763130126961436,0.020763130126961436,87,87,0,-1,3,3,3,19,75,15,91
273,56,672,55,100,45,74,84,62,68,6,56,84,54,70,16,0.008237176214302734,0.027808979202831954,65,89,24,2,2,2,5,2,37,83,15
274,0,206,1,96,95,0,8,1,32,31,0,8,1,37,36,0.0,0.00439089145307873,1,50,49,3,-1,4,2,0,99,93,21
275,46,1686,49,100,51,168,242,68,79,11,46,242,50,92,42,0.002757071377514551,0.03829265802103543,48,94,46,1,2,2,14,2,8,61,3
276,41,41,57,57,0,28,28,43,43,0,28,28,50,50,0,0.004969536063174376,0.004969536063174376,55,55,0,-1,3,3,3,6,66,35,92
277,0,101,1,78,77,0,6,1,25,24,0,1,1,25,24,0.0,0.0,1,1,0,5,-1,6,6,0,32,89,68
278,206,1806,89,100,11,166,166,87,87,0,166,166,91,91,0,0.019878144252697506,0.04329623200245073,79,97,18,1,2,2,8,18,10,30,23
279,122,328,76,95,19,104,104,73,73,0,104,104,79,79,0,0.012151536812008578,0.018176248340651485,75,84,9,3,2,2,5,9,52,27,44
280,52,258,55,94,39,96,96,56,56,0,52,72,55,58,3,0.004186663943633207,0.009156200006807584,51,65,14,3,2,2,7,6,43,70,62
281,0,0,1,1,0,0,0,1,1,0,0,0,1,1,0,0.0,0.0,1,1,0,-1,-1,-1,3,0,85,40,98
282,128,328,83,95,12,74,74,64,64,0,74,74,70,70,0,0.013036522686272508,0.01330882603219987,75,75,0,3,2,2,5,14,88,32,4
283,32,238,44,93,49,86,86,44,44,0,32,40,44,46,2,0.0017018959120460194,0.002110350930937064,42,44,2,3,3,3,10,3,0,51,63
284,256,256,94,94,0,104,104,88,88,0,104,104,88,88,0,0.03066816433506927,0.03066816433506927,88,88,0,-1,2,2,5,22,88,9,96
285,0,616,1,100,99,0,38,1,58,57,0,38,1,61,60,0.0,0.01844855168657885,1,82,81,2,-1,3,3,0,92,40,5
286,16,632,35,100,65,46,72,34,40,6,16,50,35,52,17,0.0006126825283365669,0.0061949011198475104,37,56,19,2,3,3,10,1,1,88,38
287,0,206,1,92,91,0,16,1,33,32,0,16,1,43,42,0.0,0.0033357159876101976,1,52,51,3,-1,4,4,1,77,50,28
288,91,707,72,100,28,48,48,60,60,0,48,48,63,63,0,0.012525953912658701,0.0392457197317812,72,94,22,2,3,3,3,13,58,33,3
289,94,710,61,100,39,174,174,78,78,0,94,128,61,80,19,0.007794683277170768,0.011777119711358454,62,71,9,2,2,2,10,6,11,26,47
290,0,616,1,100,99,0,134,1,61,60,0,134,1,80,79,0.0,0.026243234963749616,1,89,88,2,-1,3,14,0,25,40,3
291,100,100,59,59,0,100,100,46,46,0,100,100,59,59,0,0.02719629667449539,0.02719629667449539,88,88,0,-1,1,1,11,8,5,20,81
292,8,110,38,86,48,8,8,33,33,0,8,8,38,38,0,0.002314578440382586,0.0035059055788147996,44,50,6,4,4,4,2,2,99,75,71
293,20,20,46,46,0,34,34,43,43,0,20,20,46,46,0,0.0011232513019503727,0.0011232513019503727,39,39,0,-1,3,3,4,3,79,43,45
294,278,484,92,98,6,310,310,93,93,0,278,290,92,92,0,0.016508390346846386,0.017597603730555838,76,77,1,3,2,2,14,14,17,14,74
295,1,617,26,100,74,5,52,26,54,28,1,52,26,54,28,3.4037918240920386e-05,0.01327478811395895,27,74,47,2,6,3,5,2,70,58,14
296,100,100,68,68,0,100,100,57,57,0,100,100,68,68,0,0.055107389632050106,0.07141155246945097,98,100,2,2,1,1,8,29,39,0,11
297,100,100,72,72,0,100,100,71,71,0,100,100,75,75,0,0.028932230504782327,0.034684638687497875,89,90,1,3,1,1,6,2,32,75,34
298,0,206,1,92,91,0,44,1,35,34,0,44,1,54,53,0.0,0.008339289969025495,1,64,63,3,-1,4,8,1,21,69,32
299,90,706,58,100,42,188,208,70,72,2,90,208,58,90,32,0.004935498144933456,0.019741992579733823,56,81,25,2,2,2,14,6,8,28,18
300,76,282,70,97,27,48,48,59,59,0,48,48,63,63,0,0.00970080669866231,0.01504475986248681,72,80,8,3,3,3,3,6,75,77,34
301,76,282,67,96,29,70,70,62,62,0,70,70,69,69,0,0.006603356138738555,0.013070560604513427,57,75,18,3,3,3,5,6,45,13,27
302,162,368,84,98,14,124,124,90,90,0,124,124,90,90,0,0.012185574730249497,0.022124646856598252,73,84,11,3,2,2,6,9,51,31,19
303,146,762,81,100,19,90,100,67,70,3,90,100,69,71,2,0.013751318969331836,0.018244324177133328,74,82,8,2,2,2,6,14,56,14,90
304,100,100,69,69,0,100,100,55,55,0,100,100,69,69,0,0.049389019367575476,0.049389019367575476,97,97,0,-1,1,1,9,29,26,0,85
305,124,330,77,96,19,150,150,85,85,0,124,150,83,88,5,0.010415602981721638,0.013479015623404473,71,77,6,3,2,2,7,7,46,21,29
306,92,292,69,99,30,58,58,66,66,0,58,58,67,67,0,0.014568229007113924,0.02998740597025086,77,91,14,3,2,2,4,8,67,8,1
307,150,356,86,97,11,240,240,89,89,0,150,240,86,93,7,0.01412573606998196,0.018959120460192654,73,82,9,3,2,2,12,8,6,17,31
308,164,164,88,88,0,206,206,92,92,0,164,164,90,90,0,0.016916845365737433,0.016916845365737433,78,78,0,-1,2,2,9,8,31,20,98
309,114,320,78,98,20,134,134,88,88,0,114,134,84,88,4,0.013683243132849994,0.015487252799618776,75,78,3,3,2,2,6,6,59,77,83
310,0,206,1,96,95,0,8,1,33,32,0,8,1,39,38,0.0,0.0025188059498281084,1,47,46,3,-1,4,2,0,93,79,29
311,110,316,74,94,20,116,116,77,77,0,110,116,77,79,2,0.009394465434494027,0.013002484768031588,66,74,8,3,2,2,7,7,43,21,35
312,0,206,1,92,91,0,21,1,30,29,0,10,1,35,34,0.0,0.0012594029749140542,1,39,38,3,-1,4,9,0,35,82,54
313,56,672,56,100,44,110,120,62,62,0,56,72,56,59,3,0.004152626025392287,0.007556417849484326,53,63,10,2,2,2,11,2,38,75,46
314,0,616,1,100,99,0,122,1,61,60,0,122,1,78,77,0.0,0.02580074202661765,1,88,87,2,-1,3,12,0,2,96,7
315,22,622,46,100,54,22,22,42,42,0,22,22,45,45,0,0.00176997174852786,0.017121072875182955,43,83,40,2,3,3,2,2,91,52,16
316,2,2,26,26,0,12,12,27,27,0,2,2,26,26,0,3.4037918240920386e-05,3.4037918240920386e-05,27,27,0,-1,5,5,10,2,1,58,86
317,0,1640,1,100,99,0,92,1,50,49,0,92,1,65,64,0.0,0.025392287007726607,1,88,87,1,-1,2,8,0,30,67,18
318,176,278,88,95,7,178,178,76,76,0,176,178,89,89,0,0.012968446849790666,0.01317267435923619,76,76,0,4,2,2,10,8,0,8,55
319,12,212,38,90,52,38,38,34,34,0,12,12,38,38,0,0.0011913271384322134,0.002144388849177984,40,44,4,3,4,4,9,3,26,51,94
320,312,312,97,97,0,300,300,95,95,0,300,300,97,97,0,0.021818305592429966,0.021818305592429966,82,82,0,-1,2,2,14,16,8,12,89
321,0,1640,1,100,99,0,154,1,62,61,0,137,1,78,77,0.0,0.022124646856598252,1,84,83,1,-1,2,15,0,7,97,16
322,38,244,44,94,50,136,136,61,61,0,38,44,44,47,3,0.0011913271384322134,0.001940161339732462,39,43,4,3,3,3,15,4,7,64,71
323,0,206,1,95,94,0,12,1,36,35,0,12,1,40,39,0.0,0.01320671227747711,1,73,72,3,-1,4,2,0,89,80,6
324,2,208,29,93,64,10,26,31,35,4,2,26,29,50,21,0.00010211375472276115,0.003914360597705844,30,50,20,3,5,4,5,1,49,65,47
325,22,22,43,43,0,68,68,40,40,0,22,22,43,43,0,0.0020082371762143027,0.0020082371762143027,43,43,0,-1,3,3,8,2,15,83,79
326,38,654,47,100,53,80,94,44,47,3,38,94,47,65,18,0.0016678579938050988,0.010279451308757957,42,70,28,2,3,3,9,3,54,43,24
327,100,100,63,63,0,100,100,56,56,0,100,100,63,63,0,0.02811532046700024,0.028149358385241158,89,89,0,4,1,1,7,6,24,35,60
328,0,0,1,1,0,0,0,1,1,0,0,0,1,1,0,0.0,0.0,1,1,0,-1,-1,-1,8,0,57,84,85
329,76,177,63,89,26,70,70,58,58,0,70,70,64,64,0,0.008305252050784574,0.008543517478471017,67,67,0,5,3,3,5,7,63,21,55
330,123,123,85,85,0,62,62,77,77,0,62,62,78,78,0,0.01579359406378706,0.01579359406378706,78,78,0,-1,2,2,3,14,58,32,67
331,62,678,53,100,47,92,102,47,57,10,62,102,53,72,19,0.00353994349705572,0.00881582082439838,51,65,14,2,2,2,8,3,42,54,13
332,6,6,30,30,0,12,12,30,30,0,6,6,30,30,0,0.00013615167296368154,0.00013615167296368154,30,30,0,-1,4,4,4,1,53,65,59
333,0,616,1,100,99,0,44,1,35,34,0,29,1,47,46,0.0,0.0035059055788147996,1,48,47,2,-1,3,7,0,43,67,22
334,88,704,59,100,41,196,206,79,82,3,88,206,59,85,26,0.008441403723748256,0.03812246842983083,61,97,36,2,2,2,12,4,2,72,3
335,100,100,61,61,0,100,100,44,44,0,100,100,61,61,0,0.024337111542258077,0.024337111542258077,87,87,0,-1,1,1,12,14,6,14,79
336,6,622,30,100,70,23,56,32,43,11,6,48,30,55,25,0.0002042275094455223,0.007760645358929848,31,65,34,2,4,3,6,1,34,65,25
337,15,221,47,97,50,12,12,35,35,0,12,12,42,42,0,0.0038462847612240037,0.02130773681881616,54,85,31,3,4,4,2,6,98,73,7
338,104,1744,79,100,21,78,112,77,96,19,78,112,77,96,19,0.01405766023350012,0.04581503795227884,74,97,23,1,2,2,4,9,84,31,24
339,16,632,37,100,63,46,56,39,43,4,16,48,37,52,15,0.0012594029749140542,0.007147962830593281,41,60,19,2,3,3,6,1,41,71,75
340,106,722,84,100,16,62,62,80,80,0,62,62,80,80,0,0.018210286258892407,0.03887130263113108,82,94,12,2,2,2,3,8,55,44,0
341,92,708,68,100,32,80,80,68,68,0,80,80,69,69,0,0.014806494434800367,0.017155110793423873,76,80,4,2,3,3,5,12,80,37,43
342,0,0,1,1,0,0,0,1,1,0,0,0,1,1,0,0.0,0.0,1,1,0,-1,-1,-1,3,0,76,93,85
343,0,0,1,1,0,0,0,1,1,0,0,0,1,1,0,0.0,0.0,1,1,0,-1,-1,-1,11,0,5,98,76
344,0,0,1,1,0,0,0,1,1,0,0,0,1,1,0,0.0,0.0,1,1,0,-1,-1,-1,6,0,74,66,85
345,142,1782,83,100,17,228,252,79,84,5,142,252,83,90,7,0.013819394805813677,0.026175159127267776,71,90,19,1,2,2,14,9,25,39,48
346,58,58,59,59,0,72,72,59,59,0,58,58,61,61,0,0.006126825283365669,0.006126825283365669,55,55,0,-1,2,2,6,3,69,54,82
347,0,102,1,84,83,0,4,1,29,28,0,2,1,27,26,0.0,0.002110350930937064,1,44,43,4,-1,5,2,0,93,67,90
348,0,0,1,1,0,0,0,1,1,0,0,0,1,1,0,0.0,0.0,1,1,0,-1,-1,-1,3,0,82,36,87
349,0,0,1,1,0,0,0,1,1,0,0,0,1,1,0,0.0,0.0,1,1,0,-1,-1,-1,3,0,85,97,96
350,24,640,43,100,57,30,44,38,43,5,24,44,43,49,6,0.0016338200755641784,0.014329963579427483,38,78,40,2,3,3,4,3,67,43,5
351,104,720,79,100,21,134,134,90,90,0,104,134,84,90,6,0.012083460975526737,0.02236291228428469,73,87,14,2,2,2,6,5,32,25,20
352,66,272,64,98,34,32,32,58,58,0,32,32,60,60,0,0.006501242384015794,0.01841451376833793,58,83,25,3,3,3,2,6,91,28,6
353,100,100,63,63,0,100,100,47,47,0,100,100,63,63,0,0.029306647605432452,0.029374723441914292,91,91,0,5,1,1,10,14,22,14,58
354,100,100,66,66,0,100,100,43,43,0,100,100,66,66,0,0.024507301133462677,0.05711562680826441,87,100,13,1,1,1,11,9,33,31,10
355,136,752,79,100,21,206,206,91,91,0,136,206,80,92,12,0.009598692943939549,0.02011640968038395,67,82,15,2,2,2,9,4,28,72,19
356,0,0,1,1,0,0,0,1,1,0,0,0,1,1,0,0.0,0.0,1,1,0,-1,-1,-1,4,1,77,69,80
357,0,101,1,69,68,0,10,1,25,24,0,1,1,25,24,0.0,3.4037918240920386e-05,1,28,27,5,-1,6,10,0,0,81,78
358,16,118,41,80,39,36,36,42,42,0,16,18,41,47,6,0.001497668402600497,0.0017359338302869397,42,43,1,4,3,3,5,1,70,53,88
359,34,650,46,100,54,78,108,44,62,18,34,108,46,76,30,0.0016678579938050988,0.014432077334150244,39,73,34,2,3,3,8,4,27,64,14
360,0,101,1,74,73,0,15,1,25,24,0,1,1,25,24,0.0,0.00010211375472276115,1,27,26,5,-1,6,15,0,7,98,68
361,100,100,65,65,0,100,100,45,45,0,100,100,65,65,0,0.045474658769869634,0.045474658769869634,96,96,0,-1,1,1,10,22,12,9,40
362,144,144,82,82,0,194,194,78,78,0,144,144,82,82,0,0.007692569522448007,0.007692569522448007,62,62,0,-1,2,2,11,6,19,13,86
363,40,246,48,94,46,114,114,60,60,0,40,53,48,52,4,0.005582218591510943,0.006841621566424997,56,60,4,3,2,2,10,1,12,90,54
364,0,0,1,1,0,0,0,1,1,0,0,0,1,1,0,0.0,0.0,1,1,0,-1,-1,-1,6,0,44,36,87
365,146,762,85,100,15,80,80,59,59,0,80,80,63,63,0,0.02215868477483917,0.027877055039313797,85,87,2,2,3,3,5,15,61,16,44
366,24,126,50,88,38,22,22,47,47,0,22,22,52,52,0,0.005037611899656217,0.005718370264474625,57,60,3,4,3,3,2,6,89,73,71
367,1,102,24,84,60,3,3,24,24,0,1,2,24,26,2,6.807583648184077e-05,0.00010211375472276115,27,30,3,6,6,6,3,2,92,58,68
368,100,100,64,64,0,100,100,45,45,0,100,100,64,64,0,0.05023996732359849,0.05037611899656217,97,97,0,5,1,1,10,29,18,1,58
369,1,617,25,100,75,3,28,25,43,18,1,28,25,53,28,0.0,0.011334626774226489,1,73,72,2,6,3,3,2,76,58,8
370,82,82,61,61,0,76,76,55,55,0,76,76,60,60,0,0.01245787807617686,0.01245787807617686,71,71,0,-1,3,3,6,8,71,20,89
371,335,935,99,100,1,144,144,95,95,0,144,144,95,95,0,0.03625038292658021,0.04659791007182001,95,97,2,2,2,2,6,29,65,1,5
372,2,104,28,78,50,8,8,30,30,0,2,5,28,31,3,0.00017018959120460194,0.0007828721195411688,31,38,7,4,5,5,4,1,84,60,51
373,0,616,1,100,99,0,29,1,35,34,0,23,1,43,42,0.0,0.003982436434187685,1,49,48,2,-1,3,6,0,71,76,64
374,6,212,30,91,61,12,24,30,36,6,6,24,30,49,19,0.00017018959120460194,0.005854521937438306,30,56,26,3,4,4,4,1,83,60,72
375,0,616,1,100,99,0,66,1,43,42,0,66,1,55,54,0.0,0.01940161339732462,1,83,82,2,-1,3,6,0,40,80,9
376,2,618,29,100,71,7,64,30,63,33,2,64,29,66,37,0.00010211375472276115,0.036794989618434935,30,94,64,2,5,3,4,1,77,4,2
377,28,644,46,100,54,68,78,42,46,4,28,44,46,52,6,0.0024507301133462676,0.005071649817897137,46,56,10,2,3,3,8,3,39,54,94
378,0,616,1,100,99,0,46,1,42,41,0,46,1,52,51,0.0,0.01497668402600497,1,77,76,2,-1,3,6,0,69,89,18
379,40,141,51,84,33,74,74,64,64,0,40,41,51,51,0,0.005037611899656217,0.0051397256543789785,53,53,0,5,2,2,5,3,88,46,55
380,2,2,27,27,0,5,5,27,27,0,2,2,27,27,0,0.0,0.0,1,1,0,-1,5,5,4,1,83,68,81
381,40,656,57,100,43,28,38,44,54,10,28,38,54,57,3,0.0051397256543789785,0.02995336805200994,59,89,30,2,3,3,3,6,76,26,1
382,46,252,61,99,38,46,46,83,83,0,46,46,83,83,0,0.02130773681881616,0.02831954797644576,86,93,7,3,2,2,2,3,99,51,14
383,96,96,75,75,0,48,48,63,63,0,48,48,64,64,0,0.007998910786616291,0.007998910786616291,66,66,0,-1,3,3,3,13,82,24,81
384,44,1684,54,100,46,48,72,72,84,12,48,72,74,84,10,0.006637394056979475,0.06919908778379115,57,99,42,1,3,2,3,4,60,38,0
385,40,656,47,100,53,64,88,40,48,8,40,88,47,60,13,0.004050512270669526,0.011640968038394772,49,68,19,2,3,3,8,6,27,73,24
386,6,622,27,100,73,9,34,27,38,11,6,34,27,45,18,6.807583648184077e-05,0.029919330133769018,25,91,66,2,4,3,4,1,67,68,2
387,515,617,100,100,0,344,344,100,100,0,344,344,100,100,0,0.04142414649920011,0.04152626025392287,96,96,0,4,2,2,11,29,38,1,63
388,77,693,63,100,37,86,86,56,56,0,86,86,65,65,0,0.00789679703189353,0.011096361346540046,64,73,9,2,3,3,6,8,48,44,46
389,22,638,40,100,60,110,110,60,60,0,22,62,40,57,17,0.0020082371762143027,0.005718370264474625,44,58,14,2,3,3,10,2,11,61,47
390,0,1640,1,100,99,0,64,1,60,59,0,64,1,62,61,0.0,0.03812246842983083,1,95,94,1,-1,2,5,1,49,45,1
391,2,103,28,81,53,5,5,28,28,0,2,3,28,31,3,0.0002382654276864427,0.0002723033459273631,32,32,0,5,5,5,3,1,96,55,95
392,16,632,41,100,59,34,64,43,59,16,16,64,41,62,21,0.003165526396405596,0.02927260968719153,50,89,39,2,3,3,4,3,83,46,1
393,112,728,75,100,25,220,220,82,82,0,112,134,75,82,7,0.009122162088566664,0.01065386840940808,68,70,2,2,2,2,12,4,6,38,52
394,0,101,1,81,80,0,3,1,24,23,0,1,1,24,23,0.0,3.4037918240920386e-05,1,27,26,5,-1,6,3,0,81,87,95
395,138,754,84,100,16,110,110,83,83,0,110,110,83,83,0,0.01746145205759216,0.03151911229109228,80,94,14,2,2,2,6,9,71,39,15
396,90,296,62,95,33,128,128,72,72,0,90,94,62,64,2,0.007113924912352361,0.0088498587426393,58,67,9,3,2,2,9,6,35,28,46
397,152,752,91,100,9,32,32,64,64,0,32,32,64,64,0,0.021341774737057083,0.02668572790088158,86,88,2,2,3,3,2,17,89,6,77
398,94,94,62,62,0,152,152,78,78,0,94,94,62,62,0,0.006773545729943157,0.006773545729943157,59,59,0,-1,2,2,8,6,42,26,50
399,0,1640,1,100,99,0,96,1,52,51,0,96,1,63,62,0.0,0.03182545355526056,1,91,90,1,-1,2,7,0,46,40,9
400,0,1640,1,100,99,0,134,1,62,61,0,106,1,79,78,0.0,0.01575955614554614,1,75,74,1,-1,2,14,1,17,45,33
401,6,212,29,90,61,32,36,33,33,0,6,12,29,33,4,0.0002382654276864427,0.0010892133837094523,32,37,5,3,4,4,10,1,11,4,71
402,162,778,84,100,16,110,110,78,78,0,110,110,82,82,0,0.020014295925661188,0.031451036454610434,82,91,9,2,2,2,6,18,51,30,12
403,0,206,1,90,89,0,48,1,38,37,0,48,1,54,53,0.0,0.00888389666088022,1,67,66,3,-1,4,8,0,39,59,33
404,0,206,1,93,92,0,10,1,31,30,0,6,1,31,30,0.0,0.0015317063208414173,1,44,43,3,-1,4,3,0,60,85,94
405,52,52,58,58,0,70,70,59,59,0,52,52,58,58,0,0.008135062459579971,0.008135062459579971,67,67,0,-1,3,3,5,5,80,25,87
406,0,616,1,100,99,0,82,1,37,36,0,34,1,48,47,0.0,0.0029612988869600733,1,47,46,2,-1,3,13,0,13,67,70
407,0,206,1,97,96,0,8,1,34,33,0,8,1,40,39,0.0,0.006603356138738555,1,62,61,3,-1,4,2,0,97,85,48
408,0,0,1,1,0,0,0,1,1,0,0,0,1,1,0,0.0,0.0,1,1,0,-1,-1,-1,6,0,65,40,81
409,540,1140,100,100,0,240,240,98,98,0,240,240,98,98,0,0.04646175839885633,0.05371183498417237,96,99,3,2,2,2,9,40,29,3,20
410,100,100,69,69,0,100,100,76,76,0,100,100,76,76,0,0.04823173014738419,0.04823173014738419,97,97,0,-1,1,1,5,14,80,14,89
411,94,710,61,100,39,188,198,73,73,0,94,130,61,82,21,0.006126825283365669,0.013002484768031588,57,73,16,2,2,2,14,6,17,28,25
412,97,1697,74,100,26,72,72,80,80,0,72,72,80,80,0,0.010007147962830594,0.055209503386772864,69,97,28,1,2,2,3,8,87,57,9
413,217,833,89,100,11,160,160,86,86,0,160,160,88,88,0,0.017052997038701112,0.02644746247319514,79,88,9,2,2,2,7,15,24,19,33
414,118,324,78,95,17,204,204,85,85,0,118,126,78,79,1,0.007488342013002485,0.00793083495013445,62,63,1,3,2,2,11,5,33,47,63
415,22,22,40,40,0,88,88,42,42,0,22,22,40,40,0,0.0026549576227917903,0.0026549576227917903,47,47,0,-1,3,3,11,2,38,83,92
416,338,338,98,98,0,128,128,93,93,0,128,128,93,93,0,0.03536539705231628,0.03536539705231628,92,92,0,-1,2,2,5,30,37,7,81
417,22,622,40,100,60,56,56,41,41,0,22,56,40,51,11,0.00176997174852786,0.017903944994724124,38,80,42,2,3,3,6,2,71,52,16
418,98,98,74,74,0,48,48,65,65,0,48,48,68,68,0,0.012832295176826986,0.012832295176826986,79,79,0,-1,3,3,3,13,66,33,82
419,88,88,63,63,0,190,190,80,80,0,88,88,63,63,0,0.007998910786616291,0.007998910786616291,64,64,0,-1,2,2,11,4,33,38,40
420,50,256,65,99,34,22,22,47,47,0,22,22,52,52,0,0.004493005207801491,0.008407365805507334,53,68,15,3,3,3,2,5,89,47,13
421,80,80,59,59,0,186,186,72,72,0,80,80,59,59,0,0.005922597773920147,0.005922597773920147,57,57,0,-1,2,2,13,2,13,75,85
422,0,0,1,1,0,0,0,1,1,0,0,0,1,1,0,0.0,0.0,1,1,0,-1,-1,-1,3,0,60,97,82
423,0,206,1,89,88,0,28,1,29,28,0,6,1,28,27,0.0,0.0015317063208414173,1,40,39,3,-1,4,10,0,12,76,94
424,67,273,62,95,33,54,54,53,53,0,54,54,57,57,0,0.007522379931243405,0.009530617107457708,63,69,6,3,3,3,4,8,79,44,53
425,130,746,82,100,18,128,128,93,93,0,128,128,93,93,0,0.01674665577453283,0.03604615541713469,80,94,14,2,2,2,5,8,37,20,7
426,38,140,51,82,31,40,40,45,45,0,38,40,51,51,0,0.002927260968719153,0.0031314884781646754,49,49,0,4,3,3,5,6,37,70,55
427,0,616,1,100,99,0,22,1,48,47,0,22,1,49,48,0.0,0.026958031246808945,1,90,89,2,-1,3,2,0,93,85,3
428,22,228,50,99,49,22,22,55,55,0,22,22,57,57,0,0.005241839409101739,0.007794683277170768,57,65,8,3,3,3,2,2,97,83,22
429,16,222,39,95,56,42,42,41,41,0,16,25,39,50,11,0.0007488342013002485,0.0017359338302869397,37,42,5,3,3,3,6,1,32,88,64
430,16,632,39,100,61,68,68,43,43,0,16,68,39,62,23,0.0018380475850097008,0.017189148711664794,43,81,38,2,3,3,8,1,57,53,23
431,16,632,35,100,65,34,44,39,43,4,16,44,35,49,14,0.002144388849177984,0.02403077027808979,40,88,48,2,3,3,4,2,67,94,0
432,16,16,35,35,0,110,110,59,59,0,16,16,35,35,0,0.003437829742332959,0.003437829742332959,52,52,0,-1,3,3,10,1,18,90,67
433,2,2,28,28,0,4,4,30,30,0,2,2,28,28,0,0.0002723033459273631,0.0002723033459273631,34,34,0,-1,5,5,2,1,89,60,86
434,20,226,46,94,48,24,24,43,43,0,20,24,47,50,3,0.0015317063208414173,0.004288777698355968,41,53,12,3,3,3,3,3,55,43,83
435,2,1642,29,100,71,8,68,30,74,44,2,68,29,75,46,0.0002382654276864427,0.04629156880765172,33,97,64,1,5,2,4,1,73,60,11
436,32,648,43,100,57,154,194,65,73,8,32,194,43,86,43,0.004288777698355968,0.025119983661799246,54,87,33,2,3,3,14,3,17,29,9
437,0,616,1,100,99,0,24,1,41,40,0,16,1,40,39,0.0,0.0048674223084516155,1,52,51,2,-1,3,3,0,60,98,46
438,451,451,100,100,0,240,240,98,98,0,240,240,98,98,0,0.04986555022294836,0.04986555022294836,98,98,0,-1,2,2,9,36,26,2,80
439,88,88,60,60,0,196,196,72,72,0,88,88,60,60,0,0.007590455767725246,0.007590455767725246,61,61,0,-1,2,2,12,7,14,62,40
440,136,342,80,96,16,104,104,73,73,0,104,104,79,79,0,0.014806494434800367,0.015146873617209572,80,80,0,3,2,2,5,8,52,20,4
441,101,717,75,100,25,110,110,76,76,0,110,110,81,81,0,0.00976888253514415,0.020082371762143027,69,83,14,2,2,2,6,8,59,44,14
442,116,732,76,100,24,120,120,78,78,0,120,120,78,78,0,0.014432077334150244,0.020354675108070392,75,81,6,2,2,2,6,8,41,20,21
443,39,655,52,100,48,66,76,54,56,2,39,76,52,60,8,0.0042547397801150485,0.014908608189523128,53,78,25,2,3,3,6,4,74,22,14
444,334,540,97,99,2,240,240,97,97,0,240,240,97,97,0,0.024234997787535316,0.028557813404132205,87,89,2,3,2,2,9,19,28,15,24
445,0,102,1,81,80,0,5,1,27,26,0,4,1,31,30,0.0,0.00088498587426393,1,37,36,4,-1,5,3,0,96,92,51
446,52,154,53,84,31,92,92,51,51,0,52,54,53,53,0,0.0026889955410327104,0.002927260968719153,48,48,0,4,2,2,8,3,15,43,55
447,386,2026,98,100,2,184,208,97,99,2,184,208,98,99,1,0.036760951700194014,0.05173763572619899,93,98,5,1,2,2,7,30,62,7,74
448,44,145,54,84,30,50,50,49,49,0,44,45,54,54,0,0.007147962830593281,0.007147962830593281,61,61,0,5,3,3,5,4,61,38,68
449,28,644,43,99,56,148,158,63,63,0,28,85,43,55,12,0.0018380475850097008,0.00803294870485721,42,58,16,2,3,3,17,3,20,43,57
450,100,100,72,72,0,100,100,71,71,0,100,100,75,75,0,0.06807583648184078,0.07256884168964226,100,100,0,3,1,1,6,29,32,0,48
451,0,616,1,100,99,0,34,1,35,34,0,27,1,45,44,0.0,0.005650294427992784,1,54,53,2,-1,3,6,0,56,66,25
452,6,107,30,77,47,23,23,32,32,0,6,6,30,30,0,0.0002042275094455223,0.0002382654276864427,31,34,3,5,4,4,6,1,34,65,68
453,0,1640,1,100,99,0,48,1,59,58,0,48,1,62,61,0.0,0.03716940671908506,1,96,95,1,-1,2,3,0,58,76,22
454,0,1640,1,100,99,0,106,1,57,56,0,59,1,54,53,0.0,0.014261887742945642,1,72,71,1,-1,2,12,0,2,66,25
455,334,540,100,100,0,80,80,96,96,0,80,80,96,96,0,0.05745600599067361,0.06201708703495694,98,98,0,3,2,2,2,36,86,2,62
456,29,129,48,83,35,40,40,44,44,0,29,29,48,48,0,0.004220701861874128,0.004288777698355968,51,51,0,6,3,3,5,4,88,22,58
457,112,213,76,89,13,164,164,77,77,0,112,113,76,76,0,0.008747744987916539,0.008747744987916539,66,66,0,5,2,2,10,7,12,48,58
458,47,663,62,100,38,28,38,45,55,10,28,38,50,58,8,0.00707988699411144,0.017325300384628477,63,82,19,2,3,3,3,8,58,44,32
459,0,206,1,92,91,0,30,1,33,32,0,12,1,35,34,0.0,0.0016338200755641784,1,42,41,3,-1,4,9,0,35,99,83
460,118,118,77,77,0,188,188,83,83,0,118,118,77,77,0,0.007386228258279724,0.007386228258279724,63,63,0,-1,2,2,10,5,12,47,76
461,298,914,95,100,5,160,160,93,93,0,160,160,94,94,0,0.02900030634126417,0.040334933115490655,89,96,7,2,2,2,7,22,62,9,30
462,0,102,1,79,78,0,4,1,26,25,0,2,1,26,25,0.0,0.0002042275094455223,1,31,30,4,-1,5,3,0,58,93,88
463,174,380,87,98,11,196,196,94,94,0,174,180,91,91,0,0.014908608189523128,0.0156914803090643,75,78,3,3,2,2,9,8,23,17,71
464,6,212,30,91,61,12,24,30,36,6,6,24,30,49,19,0.00017018959120460194,0.0123557643214541,30,74,44,3,4,4,4,1,83,60,23
465,106,106,76,76,0,142,142,78,78,0,106,106,76,76,0,0.009394465434494027,0.009394465434494027,64,64,0,-1,2,2,8,7,27,48,92
466,518,618,99,100,1,424,424,98,98,0,424,424,98,98,0,0.035569624561761805,0.03567173831648456,94,94,0,4,2,2,16,27,4,10,63
467,0,101,1,69,68,0,9,1,25,24,0,1,1,25,24,0.0,0.0,1,1,0,5,-1,6,9,0,29,59,58
468,429,1029,100,100,0,128,128,93,93,0,128,128,93,93,0,0.04540658293338779,0.05374587290241329,96,98,2,2,2,2,5,40,37,3,19
469,100,100,67,67,0,100,100,70,70,0,100,100,71,71,0,0.04785731304673406,0.04789135096497498,98,98,0,5,1,1,6,18,74,30,68
470,0,206,1,96,95,0,14,1,32,31,0,14,1,40,39,0.0,0.008747744987916539,1,67,66,3,-1,4,3,0,75,97,32
471,6,212,29,91,62,52,52,35,35,0,6,12,29,34,5,0.0005105687736138058,0.002144388849177984,36,45,9,3,4,4,10,1,1,49,94
472,256,256,93,93,0,200,200,93,93,0,200,200,93,93,0,0.021137547227611558,0.021137547227611558,82,82,0,-1,2,2,8,18,27,5,45
473,16,118,35,76,41,78,78,44,44,0,16,18,35,39,4,0.0026889955410327104,0.0030293747234419145,46,47,1,4,3,3,8,3,27,46,49
474,0,206,1,88,87,0,15,1,27,26,0,6,1,29,28,0.0,3.4037918240920386e-05,1,27,26,3,-1,4,9,1,54,45,95
475,0,616,1,100,99,0,42,1,35,34,0,42,1,51,50,0.0,0.007011811157629599,1,58,57,2,-1,3,6,0,40,81,17
476,150,150,85,85,0,172,172,87,87,0,150,150,87,87,0,0.015657442390823378,0.015657442390823378,76,76,0,-1,2,2,9,8,26,20,69
477,32,134,44,81,37,102,102,56,56,0,32,34,44,45,1,0.0025188059498281084,0.002586881786309949,45,46,1,4,3,3,12,2,2,52,4
478,22,22,41,41,0,60,60,38,38,0,22,22,41,41,0,0.0023486163586235067,0.0023486163586235067,48,48,0,-1,3,3,9,2,28,83,50
479,0,102,1,79,78,0,5,1,26,25,0,2,1,26,25,0.0,0.00017018959120460194,1,28,27,4,-1,5,3,0,94,59,60
480,240,856,90,100,10,300,300,91,91,0,240,264,90,90,0,0.011845195547840293,0.013717281051090916,68,70,2,2,2,2,14,9,25,31,54
481,100,100,67,67,0,100,100,54,54,0,100,100,67,67,0,0.01940161339732462,0.02198849518363457,79,83,4,3,1,1,8,2,27,83,90
482,66,1706,65,100,35,28,62,48,79,31,28,62,54,79,25,0.005173763572619898,0.05003573981415296,56,97,41,1,3,2,3,6,55,28,37
483,0,102,1,69,68,0,11,1,26,25,0,2,1,25,24,0.0,6.807583648184077e-05,1,26,25,4,-1,5,9,0,29,85,60
484,82,82,71,71,0,38,38,57,57,0,38,38,59,59,0,0.011879233466081215,0.011879233466081215,74,74,0,-1,3,3,3,8,55,17,89
485,12,12,37,37,0,22,22,34,34,0,12,12,37,37,0,0.0006807583648184077,0.0006807583648184077,36,36,0,-1,4,4,5,2,88,56,99
486,6,108,30,77,47,19,19,30,30,0,6,8,30,35,5,0.00017018959120460194,0.00030634126416828345,30,34,4,4,4,4,8,1,21,55,60
487,160,160,86,86,0,302,302,88,88,0,160,160,86,86,0,0.010687906327649,0.010687906327649,68,68,0,-1,2,2,16,4,4,38,76
488,12,218,41,94,53,20,20,36,36,0,12,20,41,50,9,0.0019061234214915416,0.00527587732734266,44,59,15,3,4,4,4,2,78,83,28
489,12,218,35,96,61,18,18,35,35,0,12,18,35,45,10,0.0026549576227917903,0.00622893903808843,48,58,10,3,4,4,3,2,94,75,73
490,2,208,27,93,66,6,13,27,29,2,2,9,27,34,7,6.807583648184077e-05,0.0006467204465774873,28,35,7,3,5,4,5,1,63,68,56
491,0,616,1,100,99,0,18,1,46,45,0,18,1,48,47,0.0,0.01606589740971442,1,79,78,2,-1,3,2,0,99,36,16
492,8,214,38,91,53,20,20,34,34,0,8,20,38,47,9,0.0004084550188910446,0.0057524081827155455,35,57,22,3,4,4,4,2,84,56,44
493,0,206,1,90,89,0,26,1,34,33,0,18,1,42,41,0.0,0.0034718676605738795,1,50,49,3,-1,4,5,1,80,45,26
494,56,158,56,85,29,94,94,68,68,0,56,58,56,56,0,0.006262976956329351,0.006399128629293032,56,57,1,4,2,2,5,3,50,29,4
495,34,34,50,50,0,38,38,59,59,0,34,34,61,61,0,0.0030634126416828346,0.0030634126416828346,48,48,0,-1,3,3,3,6,92,70,98
496,18,224,41,92,51,50,54,36,36,0,18,29,41,46,5,0.0007147962830593281,0.003369753905851118,36,49,13,3,3,3,8,2,15,63,73
497,64,270,58,95,37,104,104,66,66,0,64,70,58,59,1,0.006773545729943157,0.007352190340038803,59,60,1,3,3,3,9,7,26,62,42
498,40,142,51,81,30,102,102,61,61,0,40,42,51,51,0,0.0038462847612240037,0.0038462847612240037,52,52,0,4,2,2,8,3,15,46,95
499,6,622,28,100,72,20,120,28,56,28,6,114,28,81,53,0.00013615167296368154,0.010858095918853602,28,67,39,2,4,3,14,2,17,58,14
500,41,41,57,57,0,38,38,47,47,0,38,38,53,53,0,0.004322815616596889,0.004322815616596889,53,53,0,-1,3,3,3,6,75,35,80
501,100,100,60,60,0,100,100,40,40,0,100,100,60,60,0,0.02631131080023146,0.02631131080023146,90,90,0,-1,1,1,14,13,25,33,66
502,266,266,97,97,0,288,288,95,95,0,288,288,95,95,0,0.022839443139657578,0.022839443139657578,84,84,0,-1,2,2,12,16,6,18,91
503,100,100,66,66,0,100,100,67,67,0,100,100,73,73,0,0.04693828925422921,0.04693828925422921,96,96,0,-1,1,1,5,14,52,14,96
504,0,616,1,99,98,0,146,1,66,65,0,146,1,82,81,0.0,0.03543347288879812,1,92,91,2,-1,3,11,1,19,50,2
505,18,634,43,100,57,30,60,36,51,15,18,60,43,55,12,0.0014636304843595766,0.012253650566731339,41,73,32,2,4,3,5,3,61,43,17
506,0,0,1,1,0,0,0,1,1,0,0,0,1,1,0,0.0,0.0,1,1,0,-1,-1,-1,2,0,95,82,87
507,67,67,63,63,0,32,32,58,58,0,32,32,59,59,0,0.006977773239388679,0.006977773239388679,60,60,0,-1,3,3,2,8,68,57,96
508,168,168,87,87,0,128,128,69,69,0,128,128,82,82,0,0.012491915994417782,0.012491915994417782,75,75,0,-1,3,3,8,14,30,32,59
509,1,617,26,100,74,2,22,26,48,22,1,22,26,52,26,3.4037918240920386e-05,0.017291262466387555,27,83,56,2,6,3,2,1,90,78,16
510,16,632,36,100,64,52,62,39,42,3,16,32,36,47,11,0.001055175465468532,0.004322815616596889,38,51,13,2,3,3,7,1,43,71,94
511,38,654,53,100,47,88,98,52,54,2,38,78,53,61,8,0.0028932230504782326,0.008305252050784574,50,64,14,2,3,3,8,6,21,70,26
512,6,6,27,27,0,24,24,31,31,0,6,6,27,27,0,0.00030634126416828345,0.00030634126416828345,31,31,0,-1,4,4,6,1,40,88,79
513,100,100,65,65,0,100,100,75,75,0,100,100,77,77,0,0.04979747438646653,0.04996766397767113,98,98,0,4,1,1,5,18,61,30,95
514,56,672,65,100,35,56,56,86,86,0,56,56,86,86,0,0.008305252050784574,0.024575376969944517,65,87,22,2,2,2,2,2,95,52,15
515,96,712,69,100,31,148,158,79,82,3,96,158,69,86,17,0.009360427516253106,0.024949794070594642,69,86,17,2,2,2,9,7,31,48,18
516,47,663,55,100,45,86,86,63,63,0,47,86,55,67,12,0.004731270635487933,0.011913271384322134,55,74,19,2,3,3,6,6,34,35,44
517,28,644,46,100,54,90,90,44,44,0,28,90,46,60,14,0.0015657442390823377,0.014466115252391163,42,76,34,2,3,3,10,4,18,64,6
518,100,100,61,61,0,100,100,40,40,0,100,100,61,61,0,0.06320841417338915,0.06501242384015793,100,100,0,2,1,1,14,36,8,2,70
519,0,0,1,1,0,0,0,1,1,0,0,0,1,1,0,0.0,0.0,1,1,0,-1,-1,-1,10,0,36,87,45
520,0,0,1,1,0,0,0,1,1,0,0,0,1,1,0,0.0,0.0,1,1,0,-1,-1,-1,4,0,78,40,96
521,118,220,78,92,14,194,194,78,78,0,118,120,78,79,1,0.007216038667075122,0.007420266176520644,61,61,0,4,2,2,11,5,19,47,88
522,102,718,78,100,22,104,104,82,82,0,104,104,83,83,0,0.011811157629599374,0.03318697028489737,75,91,16,2,2,2,5,9,50,27,7
523,6,212,31,92,61,10,18,32,37,5,6,18,31,46,15,0.00034037918240920387,0.02038871302631131,33,84,51,3,4,4,3,1,85,4,11
524,282,898,95,100,5,342,342,95,95,0,282,342,95,99,4,0.024881718234112803,0.03243813608359713,89,93,4,2,2,2,16,20,9,23,32
525,110,212,73,89,16,120,120,77,77,0,110,120,76,83,7,0.011266550937744648,0.01157289220191293,70,71,1,4,2,2,6,7,40,21,60
526,278,878,99,100,1,56,56,84,84,0,56,56,85,85,0,0.04554273460635148,0.06191497328023418,97,98,1,2,2,2,2,40,98,3,16
527,338,938,96,100,4,264,264,95,95,0,264,264,95,95,0,0.029578950951359814,0.03516116954287076,89,94,5,2,2,2,12,22,2,9,48
528,100,100,67,67,0,100,100,54,54,0,100,100,67,67,0,0.037679975492698865,0.03778208924742163,95,95,0,5,1,1,9,19,35,15,78
529,32,238,51,97,46,38,38,51,51,0,38,38,54,54,0,0.0040845501889104465,0.010075223799312433,52,69,17,3,3,3,3,6,94,41,31
530,120,120,77,77,0,132,132,72,72,0,120,120,78,78,0,0.008271214132543654,0.008271214132543654,63,63,0,-1,2,2,8,6,27,13,92
531,32,238,45,91,46,130,130,62,62,0,32,40,45,48,3,0.0030974505599237552,0.0038462847612240037,49,51,2,3,3,3,14,2,16,83,51
532,22,228,46,94,48,54,54,62,62,0,22,30,46,54,8,0.0022465026039007454,0.0046972327172470135,46,52,6,3,3,3,4,2,72,52,83
533,22,638,45,100,55,56,66,46,53,7,22,66,45,59,14,0.0020763130126961434,0.023350011913271386,46,86,40,2,3,3,6,2,74,52,0
534,2,618,29,100,71,9,40,30,43,13,2,40,29,50,21,0.0002042275094455223,0.018074134585928724,32,81,49,2,5,3,5,1,88,60,9
535,142,142,82,82,0,142,142,78,78,0,142,142,84,84,0,0.01232172640321318,0.01232172640321318,72,72,0,-1,2,2,8,9,21,27,96
536,152,752,85,100,15,114,114,65,65,0,114,114,77,77,0,0.011606930120153852,0.01678069369277375,70,78,8,2,3,3,9,14,29,14,31
537,16,222,37,94,57,46,46,41,41,0,16,46,37,50,13,0.0014636304843595766,0.005241839409101739,41,53,12,3,3,3,6,1,59,71,13
538,264,880,95,100,5,222,222,91,91,0,222,222,92,92,0,0.020014295925661188,0.025085945743558324,83,87,4,2,2,2,10,18,1,5,48
539,0,0,1,1,0,0,0,1,1,0,0,0,1,1,0,0.0,0.0,1,1,0,-1,-1,-1,7,0,62,82,96
540,18,18,44,44,0,46,46,42,42,0,18,18,44,44,0,0.0015317063208414173,0.0015317063208414173,42,42,0,-1,3,3,6,2,74,61,76
541,22,123,38,75,37,86,86,36,36,0,22,23,38,39,1,0.00037441710065012424,0.0004084550188910446,34,34,0,5,3,3,15,2,7,56,78
542,232,438,92,99,7,268,268,96,96,0,232,268,92,96,4,0.013138636440995268,0.015623404472582456,74,76,2,3,2,2,12,13,14,24,41
543,0,0,1,1,0,0,0,1,1,0,0,0,1,1,0,0.0,0.0,1,1,0,-1,-1,-1,3,0,85,86,67
544,38,38,50,50,0,120,120,62,62,0,38,38,50,50,0,0.003267640151128357,0.003267640151128357,49,49,0,-1,3,3,10,6,18,70,92
545,18,224,41,92,51,50,54,36,36,0,18,24,41,45,4,0.0007147962830593281,0.002110350930937064,36,44,8,3,3,3,8,2,15,63,94
546,6,622,30,100,70,19,88,30,51,21,6,88,30,63,33,0.00017018959120460194,0.016440314510364547,30,79,49,2,4,3,8,1,21,55,30
547,2,618,26,99,73,12,96,26,42,16,2,96,26,58,32,3.4037918240920386e-05,0.010449640899962559,28,67,39,2,5,3,11,1,5,68,33
548,370,986,97,100,3,88,88,73,73,0,88,88,74,74,0,0.04094761564382722,0.06793968480887709,94,100,6,2,2,2,4,40,83,3,2
549,16,16,35,35,0,108,108,62,62,0,16,16,35,35,0,0.0020763130126961434,0.0020763130126961434,44,44,0,-1,3,3,8,1,15,53,92
550,0,102,1,82,81,0,6,1,28,27,0,2,1,26,25,0.0,0.0007828721195411688,1,38,37,4,-1,5,3,0,85,91,71
551,16,16,33,33,0,82,82,35,35,0,16,16,33,33,0,0.0005446066918547262,0.0005446066918547262,34,34,0,-1,3,3,16,1,4,49,40
552,363,979,97,100,3,168,168,96,96,0,168,168,96,96,0,0.036624800027230335,0.03798631675686715,92,93,1,2,2,2,6,30,48,7,61
553,76,282,68,97,29,32,32,58,58,0,32,32,59,59,0,0.010075223799312433,0.012049423057285817,68,74,6,3,3,3,2,6,68,77,46
554,24,640,46,100,54,52,62,40,42,2,24,62,46,57,11,0.0010211375472276116,0.006977773239388679,39,59,20,2,3,3,7,4,24,64,31
555,68,684,57,100,43,110,110,78,78,0,68,110,58,81,23,0.008679669151434699,0.038360733857517273,66,96,30,2,2,2,6,4,51,72,2
556,16,632,32,100,68,43,130,33,62,29,16,122,32,82,50,0.0002042275094455223,0.013751318969331836,29,74,45,2,3,3,14,1,17,95,30
557,90,296,67,99,32,88,88,84,84,0,88,88,84,84,0,0.012764219340345145,0.024507301133462677,73,87,14,3,2,2,4,6,67,77,18
558,50,1690,63,100,37,22,56,54,91,37,22,56,54,91,37,0.00442492937131965,0.05813676435549202,52,98,46,1,3,2,2,5,99,47,94
559,0,206,1,88,87,0,68,1,35,34,0,18,1,38,37,0.0,0.0026209197045508697,1,47,46,3,-1,4,14,0,17,85,70
560,0,616,1,100,99,0,88,1,48,47,0,88,1,60,59,0.0,0.030532012662105586,1,92,91,2,-1,3,8,0,27,84,2
561,6,212,33,93,60,24,24,38,38,0,6,12,33,38,5,0.001055175465468532,0.002723033459273631,40,49,9,3,4,4,4,1,73,71,94
562,8,8,38,38,0,12,12,35,35,0,8,8,38,38,0,0.0015317063208414173,0.0015317063208414173,43,43,0,-1,4,4,2,2,98,61,50
563,0,1640,1,100,99,0,140,1,64,63,0,140,1,81,80,0.0,0.02818339630348208,1,90,89,1,-1,2,11,1,33,45,9
564,6,1646,28,100,72,39,172,30,65,35,6,158,28,83,55,3.4037918240920386e-05,0.021511964328261683,26,87,61,1,4,2,17,1,20,60,18
565,192,1792,87,100,13,120,120,77,77,0,120,120,84,84,0,0.01327478811395895,0.036760951700194014,76,93,17,1,2,2,6,14,40,32,33
566,0,0,1,1,0,0,0,1,1,0,0,0,1,1,0,0.0,0.0,1,1,0,-1,-1,-1,2,1,89,45,59
567,6,6,32,32,0,10,10,32,32,0,6,6,32,32,0,0.0002042275094455223,0.0002042275094455223,34,34,0,-1,4,4,3,1,76,88,84
568,0,616,1,100,99,0,50,1,32,31,0,16,1,34,33,0.0,0.004220701861874128,1,53,52,2,-1,3,10,0,36,99,94
569,0,0,1,1,0,0,0,1,1,0,0,0,1,1,0,0.0,0.0,1,1,0,-1,-1,-1,3,0,81,97,45
570,174,790,87,100,13,224,224,87,87,0,174,224,87,93,6,0.019878144252697506,0.028557813404132205,80,90,10,2,2,2,11,12,19,37,8
571,0,616,1,100,99,0,22,1,46,45,0,22,1,51,50,0.0,0.02110350930937064,1,86,85,2,-1,3,2,0,89,97,7
572,12,12,37,37,0,12,12,32,32,0,12,12,37,37,0,0.0005105687736138058,0.0005105687736138058,35,35,0,-1,4,4,2,2,91,63,59
573,12,628,41,100,59,16,34,33,46,13,12,34,41,54,13,0.001157289220191293,0.019741992579733823,39,82,43,2,4,3,4,3,78,51,9
574,90,706,65,100,35,152,152,80,80,0,90,152,66,87,21,0.011845195547840293,0.028217434221723,73,88,15,2,2,2,8,6,30,77,23
575,168,168,89,89,0,110,110,80,80,0,110,110,83,83,0,0.013989584397018279,0.013989584397018279,77,77,0,-1,2,2,6,14,48,32,40
576,300,300,97,97,0,96,96,87,87,0,96,96,87,87,0,0.035569624561761805,0.035569624561761805,93,93,0,-1,2,2,3,29,87,1,82
577,114,114,87,87,0,56,56,85,85,0,56,56,85,85,0,0.021580040164743523,0.021580040164743523,87,87,0,-1,2,2,2,9,90,39,59
578,111,213,77,92,15,180,180,76,76,0,111,112,77,77,0,0.008645631233193778,0.0088498587426393,63,63,0,4,2,2,11,8,19,44,55
579,16,16,40,40,0,28,28,45,45,0,16,16,40,40,0,0.0012253650566731338,0.0012253650566731338,37,37,0,-1,3,3,3,1,94,49,82
580,0,206,1,87,86,0,32,1,29,28,0,8,1,32,31,0.0,0.00030634126416828345,1,32,31,3,-1,4,15,0,7,99,56
581,0,616,1,100,99,0,62,1,42,41,0,62,1,57,56,0.0,0.009734844616903231,1,67,66,2,-1,3,7,0,24,80,19
582,6,622,28,100,72,20,56,29,37,8,6,40,28,47,19,6.807583648184077e-05,0.005684332346233704,28,58,30,2,4,3,9,1,31,95,38
583,156,257,89,96,7,72,72,77,77,0,72,72,77,77,0,0.02365635317743967,0.02375846693216243,87,87,0,5,2,2,3,16,64,18,4
584,375,375,97,97,0,160,160,93,93,0,160,160,94,94,0,0.03448041117805235,0.03448041117805235,91,91,0,-1,2,2,7,29,62,1,91
585,100,100,64,64,0,100,100,45,45,0,100,100,64,64,0,0.018754892950747133,0.018754892950747133,80,80,0,-1,1,1,10,6,18,41,82
586,100,100,65,65,0,100,100,45,45,0,100,100,65,65,0,0.026209197045508698,0.03192756730998332,88,91,3,2,1,1,10,8,12,17,35
587,96,712,69,100,31,100,110,73,82,9,96,110,72,82,10,0.012049423057285817,0.030395860989141904,70,92,22,2,2,2,6,6,71,34,9
588,430,630,100,100,0,168,168,96,96,0,168,168,96,96,0,0.04864018516627523,0.049593246877021,96,96,0,3,2,2,6,40,32,3,53
589,76,178,68,89,21,54,54,60,60,0,54,54,62,62,0,0.006909697402906838,0.007658531604207087,61,62,1,4,3,3,4,6,78,13,51
590,8,8,36,36,0,18,18,36,36,0,8,8,36,36,0,0.0004084550188910446,0.0004084550188910446,34,34,0,-1,4,4,3,2,75,56,36
591,94,94,60,60,0,92,92,50,50,0,92,92,61,61,0,0.008986010415602982,0.008986010415602982,64,64,0,-1,3,3,7,9,46,27,40
592,0,616,1,100,99,0,41,1,31,30,0,18,1,38,37,0.0,0.0009530617107457708,1,36,35,2,-1,3,16,0,9,97,63
593,0,616,1,100,99,0,100,1,44,43,0,100,1,65,64,0.0,0.014602266925354846,1,78,77,2,-1,3,10,0,1,85,18
594,106,306,78,98,20,110,110,82,82,0,110,110,83,83,0,0.010926171755335444,0.015248987371932332,70,76,6,3,2,2,6,7,56,48,38
595,6,212,28,91,63,42,42,34,34,0,6,22,28,39,11,0.0006126825283365669,0.0033357159876101976,36,48,12,3,4,4,9,2,31,42,73
596,78,284,72,98,26,38,38,56,56,0,38,38,57,57,0,0.011300588855985567,0.020150447598624867,72,85,13,3,3,3,3,8,60,17,19
597,100,100,65,65,0,100,100,47,47,0,100,100,65,65,0,0.035603662480002726,0.05987269818577896,94,100,6,1,1,1,11,19,38,15,23
598,6,212,28,89,61,20,34,28,31,3,6,18,28,37,9,6.807583648184077e-05,0.0012934408931549745,27,38,11,3,4,4,9,1,29,95,52
599,129,329,86,99,13,48,48,64,64,0,48,48,66,66,0,0.020695054290479593,0.02205657102011641,85,86,1,3,3,3,3,16,85,18,54
600,104,720,80,100,20,50,60,45,51,6,50,60,56,61,5,0.010960209673576363,0.021239660982334322,74,83,9,2,3,3,5,14,45,32,14
601,95,95,78,78,0,48,48,59,59,0,48,48,63,63,0,0.016168011164437182,0.016168011164437182,81,81,0,-1,3,3,3,12,75,37,82
602,50,256,54,94,40,82,82,50,50,0,50,82,54,64,10,0.005684332346233704,0.01157289220191293,56,72,16,3,3,3,7,6,43,26,31
603,0,616,1,100,99,0,48,1,58,57,0,48,1,62,61,0.0,0.03168930188229688,1,94,93,2,-1,3,3,0,75,80,3
604,22,638,38,100,62,62,90,35,44,9,22,54,38,51,13,0.0004765308553728854,0.0045270431260424114,35,52,17,2,3,3,10,2,0,63,29
605,42,658,55,100,45,82,82,48,48,0,40,82,52,58,6,0.003642057251778481,0.008237176214302734,51,62,11,2,3,3,7,6,24,41,47
606,560,1160,100,100,0,272,272,99,99,0,272,272,99,99,0,0.04802750263793867,0.0549372000408455,96,99,3,2,2,2,8,40,15,3,14
607,0,206,1,89,88,0,14,1,27,26,0,6,1,27,26,0.0,0.0007488342013002485,1,34,33,3,-1,4,9,0,29,96,78
608,0,0,1,1,0,0,0,1,1,0,0,0,1,1,0,0.0,0.0,1,1,0,-1,-1,-1,3,0,85,40,84
609,0,1640,1,100,99,0,142,1,64,63,0,90,1,56,55,0.0,0.011879233466081215,1,68,67,1,-1,2,16,1,9,50,21
610,106,306,76,93,17,142,142,78,78,0,106,142,76,81,5,0.009394465434494027,0.011743081793117532,64,68,4,3,2,2,8,7,27,48,28
611,16,117,34,76,42,102,102,56,56,0,16,17,34,40,6,0.0033016780693692774,0.0033357159876101976,50,50,0,5,3,3,12,1,14,90,68
612,0,616,1,100,99,0,64,1,39,38,0,58,1,54,53,0.0,0.009020048333843901,1,64,63,2,-1,3,8,0,27,40,17
613,58,159,57,87,30,78,78,68,68,0,58,59,60,60,0,0.005718370264474625,0.005888559855679227,56,56,0,5,2,2,4,3,83,54,55
614,0,0,1,1,0,0,0,1,1,0,0,0,1,1,0,0.0,0.0,1,1,0,-1,-1,-1,3,0,82,92,85
615,0,101,1,77,76,0,6,1,25,24,0,1,1,25,24,0.0,0.00010211375472276115,1,29,28,5,-1,6,6,0,48,98,65
616,144,760,82,100,18,224,224,88,88,0,144,162,82,85,3,0.010075223799312433,0.011811157629599374,70,70,0,2,2,2,11,7,33,21,61
617,100,100,59,59,0,100,100,45,45,0,100,100,59,59,0,0.03761189965621702,0.03846284761224004,95,95,0,3,1,1,10,20,0,23,43
618,100,300,79,99,20,56,56,80,80,0,56,56,81,81,0,0.014840532353041287,0.017903944994724124,79,82,3,3,2,2,2,13,91,24,13
619,8,8,37,37,0,14,14,32,32,0,8,8,37,37,0,0.0007828721195411688,0.0007828721195411688,36,36,0,-1,4,4,3,3,87,51,93
620,0,616,1,100,99,0,28,1,44,43,0,28,1,48,47,0.0,0.022022533101875488,1,84,83,2,-1,3,3,0,58,84,0
621,260,466,93,100,7,222,222,91,91,0,222,222,94,94,0,0.01504475986248681,0.01589570781850982,77,77,0,3,2,2,10,14,18,32,51
622,46,46,62,62,0,22,22,52,52,0,22,22,55,55,0,0.007692569522448007,0.007692569522448007,64,64,0,-1,3,3,2,7,98,21,81
623,0,0,1,1,0,0,0,1,1,0,0,0,1,1,0,0.0,0.0,1,1,0,-1,-1,-1,5,0,50,36,87
624,66,66,56,56,0,84,84,59,59,0,64,64,56,56,0,0.005854521937438306,0.005854521937438306,55,55,0,-1,2,2,5,6,52,41,80
625,52,258,58,97,39,48,48,67,67,0,48,48,70,70,0,0.008986010415602982,0.015385139044896015,66,80,14,3,3,3,3,5,96,25,77
626,8,8,36,36,0,28,28,36,36,0,8,8,36,36,0,0.0002042275094455223,0.0002042275094455223,31,31,0,-1,4,4,6,2,34,56,82
627,186,186,92,92,0,120,120,87,87,0,120,120,89,89,0,0.01943565131556554,0.01943565131556554,86,86,0,-1,2,2,6,18,32,5,85
628,493,1109,99,100,1,208,208,99,99,0,208,208,99,99,0,0.049763436468225605,0.05367779706593145,96,98,2,2,2,2,7,36,46,2,90
629,154,154,83,83,0,120,120,78,78,0,120,120,78,78,0,0.011368664692467409,0.011368664692467409,71,71,0,-1,2,2,6,13,41,24,87
630,256,1896,93,100,7,110,134,74,88,14,110,134,76,89,13,0.021511964328261683,0.041594336090404714,84,95,11,1,2,2,6,19,41,15,31
631,0,0,1,1,0,0,0,1,1,0,0,0,1,1,0,0.0,0.0,1,1,0,-1,-1,-1,10,0,18,84,36
632,24,230,48,95,47,46,46,45,45,0,24,46,48,56,8,0.0021784267674189047,0.012628067667381462,47,75,28,3,3,3,6,3,32,54,30
633,122,328,86,98,12,56,56,76,76,0,56,56,77,77,0,0.018006058749446885,0.02032063718982947,84,85,1,3,2,2,2,14,68,14,70
634,80,80,73,73,0,48,48,67,67,0,48,48,70,70,0,0.007352190340038803,0.007352190340038803,61,61,0,-1,3,3,3,6,96,28,79
635,14,115,40,80,40,26,26,37,37,0,14,15,40,40,0,0.001497668402600497,0.0015657442390823377,42,43,1,5,4,4,5,3,70,43,55
636,166,166,83,83,0,276,276,85,85,0,166,166,83,83,0,0.006977773239388679,0.006977773239388679,59,59,0,-1,2,2,15,6,7,28,86
637,0,616,1,100,99,0,76,1,44,43,0,76,1,60,59,0.0,0.01657646618332823,1,80,79,2,-1,3,9,0,26,66,18
638,2,618,27,100,73,6,24,29,44,15,2,20,27,48,21,0.00017018959120460194,0.005446066918547262,29,52,23,2,5,3,3,1,94,88,29
639,18,18,43,43,0,32,32,41,41,0,18,18,43,43,0,0.00088498587426393,0.00088498587426393,37,37,0,-1,3,3,5,2,45,63,67
640,100,100,57,57,0,100,100,38,38,0,100,100,57,57,0,0.059634432758092513,0.06923312570203206,100,100,0,2,1,1,16,36,4,2,18
641,22,228,43,92,49,52,52,39,39,0,22,30,43,47,4,0.0020082371762143027,0.004731270635487933,44,53,9,3,3,3,7,2,43,83,29
642,0,0,1,1,0,0,0,1,1,0,0,0,1,1,0,0.0,0.0,1,1,0,-1,-1,-1,3,0,96,89,92
643,1,207,26,92,66,11,66,26,36,10,1,39,26,50,24,6.807583648184077e-05,0.007624493685966166,27,62,35,3,6,4,11,1,19,68,20
644,40,40,49,49,0,84,84,40,40,0,40,40,49,49,0,0.002212464685659825,0.002212464685659825,45,45,0,-1,2,2,11,2,38,42,76
645,286,492,94,98,4,272,272,95,95,0,272,272,95,95,0,0.025222097416522007,0.026141121209026855,85,86,1,3,2,2,11,16,5,18,61
646,200,800,88,100,12,180,180,93,93,0,200,180,93,93,0,0.015725518227305217,0.021648116001225366,78,83,5,2,2,2,8,8,30,8,24
647,76,692,63,100,37,124,124,68,68,0,76,124,63,81,18,0.008066986623098132,0.02032063718982947,66,84,18,2,3,3,9,6,31,34,39
648,6,622,30,100,70,12,34,30,42,12,6,34,30,51,21,0.0004084550188910446,0.007386228258279724,33,59,26,2,4,3,4,1,83,88,44
649,100,100,59,59,0,100,100,45,45,0,100,100,59,59,0,0.047789237210252224,0.05139725654378978,96,97,1,2,1,1,10,22,0,9,22
650,6,1646,28,100,72,23,146,28,62,34,6,74,28,54,26,6.807583648184077e-05,0.012559991830899623,28,70,42,1,4,2,17,1,20,78,72
651,78,78,72,72,0,38,38,56,56,0,38,38,57,57,0,0.013444977705163553,0.013444977705163553,76,76,0,-1,3,3,3,9,60,39,89
652,100,100,66,66,0,100,100,67,67,0,100,100,73,73,0,0.04693828925422921,0.05350760747472685,96,97,1,3,1,1,5,14,52,14,24
653,0,102,1,77,76,0,15,1,28,27,0,3,1,30,29,0.0,0.00030634126416828345,1,34,33,4,-1,5,8,0,57,91,56
654,0,0,1,1,0,0,0,1,1,0,0,0,1,1,0,0.0,0.0,1,1,0,-1,-1,-1,6,0,34,81,36
655,62,678,57,100,43,134,144,69,71,2,62,144,57,80,23,0.0037441710065012424,0.018176248340651485,49,78,29,2,2,2,10,6,12,70,30
656,97,303,80,98,18,32,32,63,63,0,32,32,64,64,0,0.01861874127778345,0.02226079852956193,83,86,3,3,3,3,2,12,86,37,13
657,172,172,88,88,0,88,88,71,71,0,88,88,71,71,0,0.019980258007420267,0.019980258007420267,85,85,0,-1,2,2,4,18,53,30,89
658,16,632,35,100,65,108,108,62,62,0,16,33,35,49,14,0.0020763130126961434,0.004016474352428605,44,52,8,2,3,3,8,1,15,53,61
659,126,742,82,100,18,94,94,68,68,0,94,94,71,71,0,0.017223186629905716,0.019571802988529223,80,82,2,2,2,2,5,12,50,37,61
660,2,104,29,87,58,4,4,30,30,0,2,4,29,32,3,0.0002042275094455223,0.0006807583648184077,31,37,6,4,5,5,2,1,97,60,64
661,0,101,1,83,82,0,2,1,24,23,0,1,1,24,23,0.0,0.0,1,1,0,6,-1,7,2,0,86,89,68
662,16,222,36,89,53,114,114,63,63,0,16,26,36,44,8,0.003369753905851118,0.00445896728956057,50,53,3,3,3,3,9,3,28,46,54
663,57,263,56,94,38,82,82,56,56,0,57,82,56,64,8,0.005412029000306341,0.006331052792811192,54,56,2,3,3,3,7,6,62,35,64
664,80,1720,57,100,43,180,204,71,78,7,80,204,57,87,30,0.00970080669866231,0.02573266619013581,63,87,24,1,2,2,11,5,5,25,20
665,0,616,1,100,99,0,60,1,51,50,0,60,1,55,54,0.0,0.02501786990707648,1,87,86,2,-1,3,5,0,61,87,0
666,40,1680,48,100,52,96,150,53,84,31,40,150,48,88,40,0.005684332346233704,0.03008951972497362,55,90,35,1,2,2,7,1,46,90,19
667,1,102,26,78,52,5,5,26,26,0,1,2,26,28,2,3.4037918240920386e-05,0.00010211375472276115,26,29,3,6,6,6,5,1,88,68,58
668,32,648,51,100,49,70,80,58,65,7,32,80,51,67,16,0.004799346471969774,0.02923857176895061,54,91,37,2,3,3,5,3,63,29,7
669,118,734,80,100,20,156,156,84,84,0,156,156,90,90,0,0.012730181422104225,0.022396950202525613,73,85,12,2,2,2,8,9,39,31,19
670,0,206,1,92,91,0,16,1,32,31,0,16,1,44,43,0.0,0.0030974505599237552,1,50,49,3,-1,4,4,0,78,97,26
671,24,24,48,48,0,40,40,43,43,0,24,24,48,48,0,0.0016338200755641784,0.0016338200755641784,42,42,0,-1,3,3,5,4,49,64,67
672,0,616,1,100,99,0,48,1,72,71,0,48,1,74,73,0.0,0.028830116750059566,1,89,88,2,-1,3,3,0,92,85,10
673,260,1900,93,100,7,328,352,91,97,6,258,352,93,99,6,0.0195377650702883,0.02818339630348208,85,90,5,1,2,2,16,18,9,5,22
674,22,638,45,100,55,52,62,42,45,3,22,38,45,50,5,0.0017359338302869397,0.006331052792811192,44,56,12,2,3,3,7,2,62,52,90
675,50,50,55,55,0,106,106,58,58,0,49,49,55,55,0,0.003982436434187685,0.003982436434187685,52,52,0,-1,3,3,11,6,19,41,80
676,1,617,26,100,74,9,66,26,41,15,1,66,26,56,30,3.4037918240920386e-05,0.012866333095067906,27,73,46,2,6,3,9,2,35,58,30
677,34,136,55,84,29,44,44,53,53,0,34,44,55,57,2,0.003880322679464924,0.004016474352428605,54,54,0,4,3,3,4,6,78,70,56
678,0,206,1,92,91,0,16,1,32,31,0,16,1,44,43,0.0,0.006399128629293032,1,60,59,3,-1,4,4,0,78,92,20
679,108,210,75,89,14,220,220,85,85,0,108,110,75,75,0,0.007011811157629599,0.007011811157629599,60,60,0,4,2,2,12,6,3,26,95
680,146,146,85,85,0,128,128,93,93,0,128,128,93,93,0,0.01664454201981007,0.01664454201981007,77,77,0,-1,2,2,5,8,70,17,80
681,0,0,1,1,0,0,0,1,1,0,0,0,1,1,0,0.0,0.0,1,1,0,-1,-1,-1,3,0,60,89,98
682,97,697,80,100,20,32,32,63,63,0,32,32,64,64,0,0.01861874127778345,0.02413288403281255,83,86,3,2,3,3,2,12,86,37,57
683,40,40,50,50,0,110,110,60,60,0,40,40,50,50,0,0.004561081044283332,0.004561081044283332,55,55,0,-1,3,3,10,6,11,73,67
684,42,658,54,100,46,94,134,48,68,20,40,134,51,79,28,0.003437829742332959,0.03434425950508867,51,93,42,2,3,3,9,6,28,41,3
685,32,1672,41,100,59,76,100,55,65,10,32,100,41,74,33,0.0028591851322373124,0.032336022328874364,42,92,50,1,3,2,6,2,51,52,18
686,0,616,1,100,99,0,90,1,44,43,0,90,1,58,57,0.0,0.011777119711358454,1,73,72,2,-1,3,10,0,0,97,19
687,12,628,34,100,66,28,52,34,39,5,12,52,34,51,17,0.0012594029749140542,0.021409850573538922,37,81,44,2,4,3,6,3,71,51,10
688,16,632,34,100,66,78,88,37,41,4,16,33,34,47,13,0.0011232513019503727,0.002212464685659825,39,45,6,2,3,3,12,1,14,71,56
689,142,742,90,100,10,72,72,80,80,0,72,72,80,80,0,0.017359338302869398,0.035739814152966405,81,93,12,2,2,2,3,15,87,19,11
690,0,0,1,1,0,0,0,1,1,0,0,0,1,1,0,0.0,0.0,1,1,0,-1,-1,-1,15,0,7,80,67
691,1,102,25,84,59,2,2,25,25,0,1,2,25,27,2,6.807583648184077e-05,0.00017018959120460194,28,32,4,5,6,6,2,2,93,58,60
692,116,116,81,81,0,94,94,78,78,0,94,94,78,78,0,0.013615167296368155,0.013615167296368155,76,76,0,-1,2,2,5,8,45,17,66
693,0,206,1,90,89,0,13,1,27,26,0,7,1,33,32,0.0,0.0002723033459273631,1,32,31,3,-1,4,5,0,50,84,56
694,40,141,55,87,32,28,28,46,46,0,28,28,51,51,0,0.003914360597705844,0.003914360597705844,53,53,0,6,3,3,3,6,85,41,58
695,0,0,1,1,0,0,0,1,1,0,0,0,1,1,0,0.0,0.0,1,1,0,-1,-1,-1,5,0,50,85,93
696,50,50,52,52,0,134,134,62,62,0,44,44,49,49,0,0.0035059055788147996,0.0035059055788147996,51,51,0,-1,3,3,14,6,8,41,92
697,16,632,41,100,59,50,50,50,50,0,16,50,41,54,13,0.0035739814152966403,0.01763164164879676,51,78,27,2,3,3,5,1,70,90,18
698,40,656,55,100,45,90,100,59,65,6,40,100,55,71,16,0.0035059055788147996,0.01232172640321318,52,74,22,2,2,2,6,1,44,53,17
699,380,580,98,100,2,112,112,92,92,0,112,112,92,92,0,0.04983151230470744,0.05320126621055856,97,97,0,3,2,2,4,36,83,2,34
700,168,168,88,88,0,144,144,69,69,0,144,144,86,86,0,0.011402702610708328,0.011402702610708328,74,74,0,-1,2,2,10,14,1,32,67
701,16,222,43,93,50,30,30,43,43,0,16,24,43,51,8,0.0006467204465774873,0.0020082371762143027,36,45,9,3,3,3,4,1,47,49,52
702,0,0,1,1,0,0,0,1,1,0,0,0,1,1,0,0.0,0.0,1,1,0,-1,-1,-1,7,0,24,99,81
703,32,238,48,93,45,34,38,40,40,0,32,51,48,57,9,0.0028591851322373124,0.00622893903808843,48,56,8,3,3,3,6,2,69,75,22
704,38,38,53,53,0,68,68,46,46,0,38,38,53,53,0,0.0029612988869600733,0.0029612988869600733,51,51,0,-1,3,3,8,3,21,54,85
705,100,100,61,61,0,100,100,44,44,0,100,100,61,61,0,0.04288777698355969,0.04288777698355969,94,94,0,4,1,1,12,22,6,9,95
706,0,616,1,100,99,0,122,1,61,60,0,122,1,78,77,0.0,0.021546002246502605,1,81,80,2,-1,3,12,0,2,98,7
707,15,15,44,44,0,18,18,38,38,0,18,18,47,47,0,0.003880322679464924,0.003880322679464924,52,52,0,-1,4,4,3,6,85,73,67
708,6,212,31,93,62,14,14,35,35,0,6,14,31,42,11,0.0002382654276864427,0.004356853534837809,32,49,17,3,4,4,3,1,92,4,13
709,44,250,60,98,38,32,32,63,63,0,32,32,64,64,0,0.007284114503556962,0.01950372715204738,63,85,22,3,3,3,2,7,86,62,30
710,0,0,1,1,0,0,0,1,1,0,0,0,1,1,0,0.0,0.0,1,1,0,-1,-1,-1,4,0,73,66,91
711,120,120,88,88,0,56,56,93,93,0,56,56,93,93,0,0.02188638142891181,0.02188638142891181,87,87,0,-1,2,2,2,12,99,37,89
712,216,416,95,100,5,112,112,92,92,0,112,112,92,92,0,0.023179822322066782,0.026379386636713298,90,91,1,3,2,2,4,19,53,15,35
713,24,230,50,96,46,22,22,49,49,0,22,22,53,53,0,0.0018720855032506212,0.005514142755029102,44,58,14,3,3,3,2,4,90,64,22
714,16,222,40,93,53,90,94,49,50,1,16,48,40,53,13,0.0030634126416828346,0.01058579257292624,46,68,22,3,3,3,9,2,26,94,8
715,216,1856,93,100,7,116,150,76,89,13,116,150,80,90,10,0.022328874366043774,0.04864018516627523,84,97,13,1,2,2,7,19,62,15,12
716,20,226,48,92,44,30,34,44,44,0,20,34,48,52,4,0.0014295925661186562,0.009258313761530345,41,66,25,3,3,3,4,3,84,43,17
717,52,668,51,100,49,114,124,61,65,4,52,124,51,80,29,0.006909697402906838,0.017189148711664794,59,77,18,2,3,3,9,6,54,34,19
718,371,987,97,100,3,184,184,96,96,0,184,184,96,96,0,0.03713536880084414,0.04734674427312026,92,94,2,2,2,2,7,29,46,0,30
719,134,750,87,100,13,86,86,62,62,0,86,86,68,68,0,0.016236087000919025,0.02559651451717213,80,88,8,2,3,3,6,18,32,30,77
720,24,1664,44,100,56,86,150,41,69,28,24,150,44,85,41,0.001497668402600497,0.022499063957248374,41,84,43,1,3,2,11,3,38,43,19
721,12,628,36,100,64,36,58,36,38,2,12,58,36,55,19,0.00034037918240920387,0.01320671227747711,34,75,41,2,4,3,8,2,10,63,6
722,0,0,1,1,0,0,0,1,1,0,0,0,1,1,0,0.0,0.0,1,1,0,-1,-1,-1,14,0,16,91,96
723,107,313,82,97,15,72,72,83,83,0,72,72,83,83,0,0.01841451376833793,0.025222097416522007,84,88,4,3,2,2,3,9,58,39,8
724,40,656,49,100,51,130,130,66,66,0,40,82,49,60,11,0.0028591851322373124,0.008713707069675619,48,66,18,2,2,2,11,1,38,53,21
725,16,16,32,32,0,114,114,65,65,0,16,16,32,32,0,0.0026889955410327104,0.0026889955410327104,45,45,0,-1,3,3,9,3,29,46,87
726,120,120,76,76,0,116,116,68,68,0,120,120,77,77,0,0.007216038667075122,0.007216038667075122,59,59,0,-1,2,2,7,6,24,13,87
727,100,100,67,67,0,100,100,57,57,0,100,100,67,67,0,0.02658361414615882,0.036080193335375606,88,93,5,2,1,1,8,6,21,34,19
728,78,1718,69,100,31,60,94,49,77,28,60,94,59,78,19,0.014329963579427483,0.036760951700194014,77,94,17,1,3,2,5,9,88,39,28
729,22,124,41,75,34,60,60,35,35,0,22,26,41,44,3,0.0013274788113958951,0.001497668402600497,39,40,1,4,3,3,11,3,5,51,63
730,0,616,1,100,99,0,42,1,35,34,0,42,1,50,49,0.0,0.007318152421797883,1,61,60,2,-1,3,6,1,51,45,24
731,56,672,53,100,47,150,160,65,67,2,56,72,53,54,1,0.005650294427992784,0.006739507811702236,55,55,0,2,2,2,11,3,5,29,4
732,0,206,1,92,91,0,24,1,30,29,0,8,1,35,34,0.0,0.0012594029749140542,1,39,38,3,-1,4,11,0,19,92,51
733,2,1642,27,100,73,12,120,27,60,33,2,120,27,78,51,0.0,0.023350011913271386,1,87,86,1,5,2,11,1,33,68,16
734,56,672,56,100,44,108,108,71,71,0,56,58,56,56,0,0.003914360597705844,0.006535280302256714,50,58,8,2,2,2,9,2,26,61,63
735,130,232,83,93,10,88,88,76,76,0,88,88,79,79,0,0.011709043874876613,0.011845195547840293,74,75,1,4,2,2,4,13,47,24,88
736,0,102,1,80,79,0,6,1,28,27,0,3,1,31,30,0.0,0.0009530617107457708,1,40,39,4,-1,5,3,0,87,79,83
737,24,230,50,98,48,22,22,47,47,0,22,22,52,52,0,0.0028932230504782326,0.011402702610708328,49,71,22,3,3,3,2,6,89,70,19
738,42,248,62,100,38,46,46,87,87,0,42,46,87,87,0,0.010517716736444398,0.019027196296674494,71,83,12,3,2,2,2,2,97,74,19
739,0,0,1,1,0,0,0,1,1,0,0,0,1,1,0,0.0,0.0,1,1,0,-1,-1,-1,3,0,64,66,76
740,172,788,87,100,13,110,110,83,83,0,110,110,83,83,0,0.022601177711971135,0.0247115286429082,84,86,2,2,2,2,6,18,71,30,53
741,6,622,30,100,70,12,34,30,42,12,6,34,30,51,21,0.00010211375472276115,0.007182000748834201,29,59,30,2,4,3,4,1,83,65,27
742,6,622,31,100,69,28,66,34,47,13,6,66,31,60,29,0.0006467204465774873,0.017018959120460194,36,82,46,2,4,3,6,1,48,49,30
743,0,616,1,100,99,0,70,1,40,39,0,48,1,54,53,0.0,0.009258313761530345,1,67,66,2,-1,3,9,0,23,81,77
744,16,117,34,77,43,76,76,39,39,0,16,17,34,40,6,0.0012934408931549745,0.0013615167296368155,40,40,0,5,3,3,11,1,33,71,55
745,6,6,32,32,0,10,10,32,32,0,6,6,32,32,0,0.00030634126416828345,0.00030634126416828345,33,33,0,-1,4,4,3,1,64,65,97
746,1,617,26,100,74,6,42,26,40,14,1,42,26,55,29,3.4037918240920386e-05,0.00966676878042139,27,70,43,2,6,3,6,2,32,58,19
747,166,372,86,97,11,148,148,78,78,0,148,148,85,85,0,0.015827631982027978,0.016440314510364547,76,78,2,3,2,2,9,14,35,14,63
748,100,100,69,69,0,100,100,76,76,0,100,100,76,76,0,0.045134279587460434,0.04527043126042411,95,95,0,4,1,1,5,13,80,33,63
749,0,206,1,91,90,0,16,1,28,27,0,16,1,34,33,0.0,0.008679669151434699,1,63,62,3,-1,4,4,0,67,82,14
750,100,100,69,69,0,100,100,55,55,0,100,100,69,69,0,0.02375846693216243,0.02740052418394091,85,91,6,3,1,1,9,5,26,47,13
751,172,378,83,96,13,184,184,79,79,0,172,184,84,86,2,0.011232513019503728,0.01157289220191293,71,71,0,3,2,2,10,9,12,31,63
752,32,648,49,100,51,60,70,51,58,7,32,70,49,65,16,0.00445896728956057,0.031110657272201234,55,89,34,2,3,3,5,3,80,29,10
753,0,206,1,92,91,0,12,1,32,31,0,12,1,39,38,0.0,0.0029612988869600733,1,49,48,3,-1,4,4,0,47,36,35
754,0,1640,1,100,99,0,106,1,56,55,0,59,1,54,53,0.0,0.010007147962830594,1,59,58,1,-1,2,16,0,9,36,28
755,54,155,64,89,25,48,48,65,65,0,48,48,68,68,0,0.00796487286837537,0.007998910786616291,66,66,0,5,3,3,3,7,66,62,78
756,1,1641,25,100,75,5,52,25,51,26,1,52,25,59,34,3.4037918240920386e-05,0.023588277340957826,26,88,62,1,6,2,5,2,45,58,73
757,0,0,1,1,0,0,0,1,1,0,0,0,1,1,0,0.0,0.0,1,1,0,-1,-1,-1,12,0,2,84,50
758,0,616,1,99,98,0,84,1,40,39,0,44,1,53,52,0.0,0.005650294427992784,1,58,57,2,-1,3,12,0,14,66,72
759,22,22,41,41,0,104,104,60,60,0,22,22,41,41,0,0.00176997174852786,0.00176997174852786,42,42,0,-1,3,3,9,2,28,61,85
760,70,70,59,59,0,128,128,67,67,0,70,70,59,59,0,0.006501242384015794,0.006501242384015794,59,59,0,-1,3,3,8,6,15,26,66
761,0,1640,1,100,99,0,80,1,64,63,0,80,1,67,66,0.0,0.041594336090404714,1,98,97,1,-1,2,6,0,69,80,3
762,84,186,57,86,29,164,164,73,73,0,84,86,57,57,0,0.011164437183021887,0.011300588855985567,70,70,0,4,2,2,10,5,18,25,55
763,0,102,1,78,77,0,10,1,29,28,0,4,1,31,30,0.0,0.0006467204465774873,1,36,35,4,-1,5,6,0,69,97,43
764,6,107,30,75,45,14,14,31,31,0,6,7,30,34,4,0.0002723033459273631,0.0004765308553728854,31,35,4,5,4,4,5,1,63,65,55
765,132,1732,87,100,13,72,72,83,83,0,72,72,83,83,0,0.016338200755641786,0.048504033493311546,80,96,16,1,2,2,3,14,58,14,22
766,386,386,98,98,0,184,184,97,97,0,184,184,98,98,0,0.036760951700194014,0.036760951700194014,93,93,0,-1,2,2,7,30,62,7,59
767,6,212,34,92,58,16,20,34,35,1,6,14,34,42,8,0.0004084550188910446,0.002995336805200994,36,49,13,3,4,4,4,1,77,88,83
768,100,100,57,57,0,100,100,38,38,0,100,100,57,57,0,0.03240409816535621,0.03240409816535621,91,91,0,-1,1,1,16,19,4,15,66
769,8,624,37,100,63,30,40,37,40,3,8,40,37,53,16,0.0016338200755641784,0.012832295176826986,41,74,33,2,4,3,5,2,80,83,19
770,0,206,1,92,91,0,18,1,37,36,0,18,1,46,45,0.0,0.008407365805507334,1,65,64,3,-1,4,3,0,85,79,17
771,50,152,62,92,30,32,32,63,63,0,32,32,64,64,0,0.006501242384015794,0.007624493685966166,62,63,1,4,3,3,2,6,86,26,75
772,0,616,1,99,98,0,92,1,42,41,0,54,1,52,51,0.0,0.006909697402906838,1,57,56,2,-1,3,11,0,5,81,72
773,0,101,1,79,78,0,3,1,25,24,0,1,1,25,24,0.0,3.4037918240920386e-05,1,26,25,6,-1,7,3,0,58,76,68
774,82,682,74,100,26,48,48,68,68,0,48,48,69,69,0,0.012832295176826986,0.022669253548452978,76,85,9,2,3,3,3,8,81,17,20
775,94,94,74,74,0,62,62,80,80,0,62,62,81,81,0,0.016712617856291908,0.016712617856291908,78,78,0,-1,2,2,3,15,94,19,36
776,164,264,85,95,10,144,144,88,88,0,144,144,89,89,0,0.020763130126961436,0.020865243881684196,84,84,0,4,2,2,6,12,34,37,55
777,6,622,29,99,70,34,96,32,42,10,6,96,29,58,29,6.807583648184077e-05,0.011947309302563056,29,72,43,2,4,3,11,1,5,95,6
778,0,616,1,100,99,0,28,1,44,43,0,28,1,47,46,0.0,0.018857006705469893,1,85,84,2,-1,3,3,0,60,59,16
779,16,16,34,34,0,36,36,31,31,0,16,16,34,34,0,0.0004084550188910446,0.0004084550188910446,35,35,0,-1,3,3,12,1,2,55,85
780,16,118,43,84,41,30,30,43,43,0,16,18,43,46,3,0.0007488342013002485,0.0010211375472276116,37,39,2,4,3,3,4,1,73,88,49
781,117,1757,82,100,18,72,96,77,88,11,72,96,77,88,11,0.016882807447496512,0.06514857551312161,81,97,16,1,2,2,3,9,64,39,12
782,12,218,37,94,57,18,18,40,40,0,12,18,37,45,8,0.0006126825283365669,0.007454304094761564,35,59,24,3,4,4,3,2,55,63,8
783,12,628,36,100,64,22,40,34,43,9,12,40,36,52,16,0.0006807583648184077,0.00442492937131965,36,52,16,2,4,3,5,2,70,63,41
784,46,1686,53,100,47,140,184,66,76,10,46,184,53,89,36,0.0023486163586235067,0.034990979951666154,45,93,48,1,2,2,11,2,19,61,1
785,146,146,90,90,0,80,80,94,94,0,80,80,94,94,0,0.02573266619013581,0.02573266619013581,89,89,0,-1,2,2,2,13,91,33,45
786,12,218,37,92,55,18,22,33,33,0,12,18,37,44,7,0.0005786446100956465,0.0028591851322373124,34,47,13,3,4,4,5,2,88,63,90
787,42,142,57,88,31,32,32,64,64,0,32,32,64,64,0,0.008271214132543654,0.008645631233193778,68,68,0,4,3,3,2,5,89,25,63
788,0,0,1,1,0,0,0,1,1,0,0,0,1,1,0,0.0,0.0,1,1,0,-1,-1,-1,10,0,12,79,59
789,6,622,28,100,72,32,82,29,34,5,6,42,28,50,22,0.0002042275094455223,0.0045270431260424114,32,52,20,2,4,3,16,1,9,55,26
790,6,108,33,84,51,12,12,35,35,0,6,12,33,42,9,0.001599782157323258,0.002382654276864427,44,49,5,4,4,4,2,1,86,53,64
791,0,102,1,77,76,0,8,1,29,28,0,2,1,27,26,0.0,0.0009870996289866913,1,40,39,4,-1,5,4,1,84,50,71
792,134,340,79,96,17,80,80,53,53,0,80,80,60,60,0,0.010279451308757957,0.010755982164130842,70,71,1,3,3,3,5,9,52,31,4
793,64,165,58,86,28,70,70,54,54,0,64,65,61,61,0,0.006977773239388679,0.006977773239388679,60,60,0,5,3,3,5,4,50,72,78
794,0,206,1,90,89,0,20,1,29,28,0,9,1,35,34,0.0,0.0008509479560230097,1,38,37,3,-1,4,8,0,39,96,43
795,0,616,1,100,99,0,46,1,47,46,0,46,1,54,53,0.0,0.00616086320160659,1,57,56,2,-1,3,5,0,61,76,47
796,281,281,94,94,0,310,310,91,91,0,281,281,94,94,0,0.022635215630212056,0.022635215630212056,82,82,0,-1,2,2,14,20,16,23,50
797,0,206,1,89,88,0,42,1,32,31,0,42,1,51,50,0.0,0.007624493685966166,1,60,59,3,-1,4,9,0,29,85,14
798,22,124,43,77,34,68,68,40,40,0,22,24,43,45,2,0.0020082371762143027,0.0024166921951053475,43,47,4,4,3,3,8,2,15,83,49
799,12,218,40,97,57,18,18,38,38,0,12,18,40,46,6,0.0015657442390823377,0.004322815616596889,42,54,12,3,4,4,3,2,81,52,73
800,393,599,99,100,1,160,160,100,100,0,160,160,100,100,0,0.04537254501514688,0.046223492971169886,95,95,0,3,2,2,4,29,79,1,43
801,96,712,66,100,34,122,132,69,71,2,96,132,66,78,12,0.009564655025698629,0.01589570781850982,65,75,10,2,2,2,8,6,27,34,48
802,144,144,85,85,0,220,220,82,82,0,144,144,85,85,0,0.00704584907587052,0.00704584907587052,60,60,0,-1,2,2,12,6,6,13,96
803,100,100,60,60,0,100,100,50,50,0,100,100,60,60,0,0.04329623200245073,0.05834099186493754,94,99,5,1,1,1,9,20,28,23,48
804,86,292,70,96,26,70,70,67,67,0,70,70,71,71,0,0.01147077844719017,0.01657646618332823,72,77,5,3,3,3,5,6,70,77,44
805,185,785,91,100,9,88,88,80,80,0,88,88,80,80,0,0.02491575615235372,0.03771401341093979,86,93,7,2,2,2,4,15,84,16,18
806,22,228,38,90,52,38,42,35,35,0,22,42,38,51,13,0.0013274788113958951,0.008645631233193778,38,67,29,3,3,3,6,2,51,74,17
807,40,40,47,47,0,170,170,68,68,0,40,40,47,47,0,0.004799346471969774,0.004799346471969774,53,53,0,-1,2,2,16,1,9,90,45
808,6,1646,29,100,71,34,120,32,60,28,6,120,29,73,44,6.807583648184077e-05,0.01678069369277375,29,77,48,1,4,2,11,1,5,95,14
809,100,100,61,61,0,100,100,40,40,0,100,100,61,61,0,0.06320841417338915,0.08495864392933729,100,100,0,1,1,1,14,36,8,2,11
810,0,101,1,75,74,0,5,1,24,23,0,1,1,24,23,0.0,3.4037918240920386e-05,1,25,24,6,-1,7,5,0,80,98,68
811,0,0,1,1,0,0,0,1,1,0,0,0,1,1,0,0.0,0.0,1,1,0,-1,-1,-1,5,0,49,82,59
812,403,603,97,100,3,206,206,91,91,0,206,206,92,92,0,0.03332312195786106,0.037509785901494265,92,96,4,3,2,2,9,29,54,1,31
813,16,16,37,37,0,66,66,51,51,0,16,16,37,37,0,0.0028591851322373124,0.0028591851322373124,50,50,0,-1,3,3,6,2,34,94,87
814,0,206,1,93,92,0,20,1,34,33,0,15,1,42,41,0.0,0.0027911092957554717,1,48,47,3,-1,4,4,0,73,84,22
815,234,834,91,100,9,160,160,86,86,0,160,160,88,88,0,0.024166921951053473,0.03917764389529936,85,95,10,2,2,2,7,15,24,16,23
816,88,704,61,100,39,174,174,76,76,0,88,174,61,86,25,0.009190237925048503,0.025085945743558324,65,87,22,2,2,2,10,4,22,38,23
817,0,0,1,1,0,0,0,1,1,0,0,0,1,1,0,0.0,0.0,1,1,0,-1,-1,-1,10,0,0,36,91
818,91,707,76,100,24,22,22,48,48,0,22,22,51,51,0,0.016236087000919025,0.028047244630518397,80,90,10,2,3,3,2,12,95,37,39
819,16,16,37,37,0,52,52,43,43,0,16,16,37,37,0,0.0007147962830593281,0.0007147962830593281,36,36,0,-1,3,3,6,1,41,49,97
820,0,0,1,1,0,0,0,1,1,0,0,0,1,1,0,0.0,0.0,1,1,0,-1,-1,-1,17,0,20,76,82
821,16,632,39,100,61,46,46,43,43,0,16,46,39,53,14,0.0017359338302869397,0.008066986623098132,43,63,20,2,3,3,6,2,69,94,44
822,0,0,1,1,0,0,0,1,1,0,0,0,1,1,0,0.0,0.0,1,1,0,-1,-1,-1,6,0,41,76,50
823,34,634,53,100,47,54,54,55,55,0,34,54,53,59,6,0.007488342013002485,0.03642057251778481,62,93,31,2,3,3,4,7,84,62,2
824,1,1,25,25,0,2,2,25,25,0,1,1,25,25,0,3.4037918240920386e-05,3.4037918240920386e-05,27,27,0,-1,6,6,2,2,89,58,86
825,100,100,60,60,0,100,100,52,52,0,100,100,60,60,0,0.05585622383335035,0.0654549167772899,100,100,0,2,1,1,9,30,29,7,27
826,100,100,60,60,0,100,100,50,50,0,100,100,60,60,0,0.04329623200245073,0.05037611899656217,94,97,3,2,1,1,9,20,28,23,21
827,54,156,55,87,32,64,64,60,60,0,54,64,55,62,7,0.007590455767725246,0.009088124170325743,61,68,7,4,3,3,4,4,83,72,94
828,100,100,73,73,0,100,100,87,87,0,100,100,87,87,0,0.057149664726505324,0.07937642533782634,99,100,1,2,1,1,4,16,79,18,10
829,8,1648,35,100,65,20,66,32,53,21,8,66,35,61,26,0.0008169100377820892,0.02127369890057524,38,81,43,1,4,2,6,2,69,74,26
830,56,262,58,95,37,90,90,65,65,0,56,80,58,67,9,0.006024711528642908,0.010245413390517035,57,69,12,3,2,2,6,3,34,29,72
831,12,12,36,36,0,32,32,34,34,0,12,12,36,36,0,0.0012934408931549745,0.0012934408931549745,40,40,0,-1,4,4,6,3,44,51,81
832,0,616,1,100,99,0,50,1,49,48,0,50,1,54,53,0.0,0.013104598522754349,1,74,73,2,-1,3,5,0,70,87,19
833,0,206,1,94,93,0,10,1,30,29,0,10,1,38,37,0.0,0.0026549576227917903,1,49,48,3,-1,4,3,0,66,82,41
834,23,229,53,94,41,24,24,40,40,0,24,24,53,53,0,0.0038462847612240037,0.005922597773920147,53,60,7,3,4,4,4,6,78,35,46
835,8,624,35,100,65,26,50,37,49,12,8,50,35,54,19,0.0010892133837094523,0.014568229007113924,39,75,36,2,4,3,5,2,70,74,19
836,90,90,65,65,0,82,82,56,56,0,82,82,65,65,0,0.008577555396711936,0.008577555396711936,65,65,0,-1,3,3,7,9,62,31,96
837,0,0,1,1,0,0,0,1,1,0,0,0,1,1,0,0.0,0.0,1,1,0,-1,-1,-1,2,0,93,82,45
838,0,616,1,100,99,0,96,1,43,42,0,77,1,59,58,0.0,0.013547091459886314,1,73,72,2,-1,3,11,0,38,82,37
839,76,76,68,68,0,54,54,55,55,0,54,54,60,60,0,0.006875659484665918,0.006875659484665918,60,60,0,-1,3,3,4,6,84,13,66
840,2,104,29,77,48,10,10,31,31,0,2,4,29,32,3,0.00010211375472276115,0.0005105687736138058,30,36,6,4,5,5,5,1,49,65,42
841,100,100,66,66,0,100,100,45,45,0,100,100,66,66,0,0.04717655468191565,0.05068246026073046,96,97,1,2,1,1,10,29,1,0,28
842,6,107,34,85,51,12,12,39,39,0,6,7,34,39,5,0.00088498587426393,0.0009530617107457708,40,40,0,5,4,4,2,1,93,71,55
843,26,1666,49,100,51,78,112,47,65,18,26,112,49,78,29,0.004765308553728854,0.023452125667994147,53,85,32,1,3,2,8,6,30,73,17
844,0,0,1,1,0,0,0,1,1,0,0,0,1,1,0,0.0,0.0,1,1,0,-1,-1,-1,2,1,95,69,82
845,2,1642,26,100,74,13,124,28,64,36,2,124,26,79,53,0.0,0.02923857176895061,1,88,87,1,5,2,10,1,1,68,0
846,0,206,1,93,92,0,14,1,33,32,0,14,1,40,39,0.0,0.006603356138738555,1,58,57,3,-1,4,3,0,60,66,77
847,0,0,1,1,0,0,0,1,1,0,0,0,1,1,0,0.0,0.0,1,1,0,-1,-1,-1,5,0,49,66,76
848,1,207,25,90,65,4,24,25,37,12,1,24,25,49,24,3.4037918240920386e-05,0.006875659484665918,26,61,35,3,6,4,4,2,79,58,77
849,0,616,1,100,99,0,86,1,42,41,0,86,1,58,57,0.0,0.019878144252697506,1,84,83,2,-1,3,10,0,36,76,7
850,6,212,29,92,63,13,30,29,34,5,6,30,29,47,18,0.00013615167296368154,0.013581129378127233,31,78,47,3,4,4,5,1,52,55,23
851,0,206,1,92,91,0,14,1,31,30,0,14,1,38,37,0.0,0.0035739814152966403,1,51,50,3,-1,4,3,0,82,91,47
852,6,622,33,100,67,30,40,40,42,2,6,40,33,52,19,0.0012934408931549745,0.008679669151434699,40,65,25,2,4,3,5,1,49,71,77
853,0,0,1,1,0,0,0,1,1,0,0,0,1,1,0,0.0,0.0,1,1,0,-1,-1,-1,8,1,21,50,84
854,100,100,62,62,0,100,100,45,45,0,100,100,62,62,0,0.03209775690118792,0.03243813608359713,89,89,0,3,1,1,12,9,3,39,56
855,52,154,67,92,25,22,22,47,47,0,22,22,52,52,0,0.00616086320160659,0.011368664692467409,61,71,10,4,3,3,2,6,89,13,24
856,172,378,95,100,5,22,22,54,54,0,22,22,54,54,0,0.02644746247319514,0.027672827529868275,90,91,1,3,3,3,2,29,99,0,61
857,82,698,74,100,26,56,56,84,84,0,56,56,84,84,0,0.01681473161101467,0.026107083290785937,78,88,10,2,2,2,2,6,86,34,44
858,97,303,57,97,40,250,250,76,76,0,97,104,57,76,19,0.006909697402906838,0.007420266176520644,57,57,0,3,2,2,17,4,20,22,56
859,76,178,73,93,20,56,56,84,84,0,56,56,85,85,0,0.016236087000919025,0.016304162837400864,81,81,0,4,2,2,2,5,98,25,56
860,78,694,63,100,37,158,158,83,83,0,78,158,63,87,24,0.009122162088566664,0.016236087000919025,66,78,12,2,2,2,9,4,26,72,48
861,130,231,80,91,11,54,54,52,52,0,54,54,55,55,0,0.014227849824704722,0.014261887742945642,77,77,0,5,3,3,4,16,83,12,58
862,22,123,47,84,37,28,28,45,45,0,22,23,47,48,1,0.0025188059498281084,0.0026209197045508697,46,46,0,5,3,3,3,3,58,51,65
863,100,100,69,69,0,100,100,71,71,0,100,100,72,72,0,0.0704584907587052,0.07318152421797883,100,100,0,3,1,1,6,40,56,3,13
864,126,1766,80,100,20,190,214,80,85,5,126,214,80,89,9,0.009564655025698629,0.038224582184553595,68,94,26,1,2,2,11,7,33,48,7
865,16,632,37,100,63,38,76,38,50,12,16,76,37,62,25,0.0006467204465774873,0.015623404472582456,38,80,42,2,3,3,6,1,59,4,37
866,159,365,87,99,12,104,104,85,85,0,104,104,86,86,0,0.025358249089485686,0.030634126416828347,88,90,2,3,2,2,5,20,37,23,44
867,100,100,72,72,0,100,100,79,79,0,100,100,80,80,0,0.06034922904115184,0.062323428299125225,99,99,0,3,1,1,5,27,37,10,70
868,44,660,62,100,38,32,32,69,69,0,32,32,69,69,0,0.007590455767725246,0.02042275094455223,67,85,18,2,3,3,2,4,90,72,5
869,194,810,91,100,9,222,222,90,90,0,194,222,91,94,3,0.020456788862793153,0.026039007454304094,84,87,3,2,2,2,10,12,36,37,24
870,100,100,76,76,0,100,100,96,96,0,100,100,96,96,0,0.05589026175159127,0.05589026175159127,98,98,0,-1,1,1,3,6,58,35,97
871,100,100,63,63,0,100,100,56,56,0,100,100,63,63,0,0.03281255318424725,0.04996766397767113,91,97,6,2,1,1,7,8,24,8,23
872,54,254,54,94,40,94,94,45,45,0,54,94,54,59,5,0.006467204465774873,0.011845195547840293,57,71,14,3,3,3,9,7,29,62,48
873,6,108,31,84,53,7,8,31,32,1,6,8,31,37,6,0.0006807583648184077,0.0019061234214915416,36,42,6,4,4,4,2,2,99,42,71
874,6,107,32,81,49,10,10,32,32,0,6,7,32,35,3,0.0004084550188910446,0.000442492937131965,34,34,0,5,4,4,3,1,58,55,95
875,78,284,69,96,27,88,88,76,76,0,78,88,75,78,3,0.00881582082439838,0.013444977705163553,66,77,11,3,2,2,4,4,47,38,62
876,94,300,77,98,21,72,72,79,79,0,72,72,80,80,0,0.008611593314952858,0.01667857993805099,68,81,13,3,2,2,3,5,75,47,14
877,0,616,1,100,99,0,50,1,36,35,0,40,1,54,53,0.0,0.005207801490860819,1,55,54,2,-1,3,8,0,21,36,26
878,248,248,94,94,0,168,168,99,99,0,168,168,99,99,0,0.03625038292658021,0.03625038292658021,97,97,0,-1,2,2,6,15,56,16,92
879,40,142,57,87,30,38,38,55,55,0,38,38,58,58,0,0.004969536063174376,0.007454304094761564,58,63,5,4,3,3,3,6,76,41,73
880,108,724,85,100,15,72,72,80,80,0,72,72,80,80,0,0.020150447598624867,0.05561795840566391,85,96,11,2,2,2,3,9,66,39,2
881,36,36,49,49,0,106,106,58,58,0,36,36,49,49,0,0.00439089145307873,0.00439089145307873,52,52,0,-1,3,3,11,6,5,73,45
882,120,1760,77,100,23,100,134,66,90,24,120,134,89,91,2,0.012015385139044895,0.03015759556145546,71,90,19,1,2,2,6,6,51,77,55
883,22,638,44,100,56,42,56,41,48,7,22,56,44,57,13,0.0007147962830593281,0.028864154668300487,37,89,52,2,3,3,6,2,69,63,2
884,184,390,84,99,15,288,288,84,84,0,184,192,84,87,3,0.014261887742945642,0.015623404472582456,74,77,3,3,2,2,16,8,9,20,52
885,156,772,85,100,15,166,176,87,90,3,156,176,88,92,4,0.014908608189523128,0.02906838217774601,76,89,13,2,2,2,8,9,10,27,32
886,0,1640,1,100,99,0,208,1,70,69,0,208,1,87,86,0.0,0.036624800027230335,1,96,95,1,-1,2,14,0,16,82,0
887,0,616,1,100,99,0,136,1,66,65,0,136,1,83,82,0.0,0.025188059498281085,1,87,86,2,-1,3,11,0,38,98,1
888,0,616,1,100,99,0,58,1,41,40,0,52,1,55,54,0.0,0.007318152421797883,1,60,59,2,-1,3,7,1,24,69,21
889,0,0,1,1,0,0,0,1,1,0,0,0,1,1,0,0.0,0.0,1,1,0,-1,-1,-1,17,1,20,69,79
890,303,405,97,99,2,136,136,99,99,0,136,136,99,99,0,0.040913577725586306,0.041253956907995507,95,95,0,4,2,2,4,29,84,0,49
891,443,443,100,100,0,200,200,100,100,0,200,200,100,100,0,0.045304469178665034,0.045304469178665034,96,96,0,-1,2,2,5,29,61,1,93
892,2,2,26,26,0,17,17,26,26,0,2,2,26,26,0,0.0,0.0,1,1,0,-1,5,5,16,1,9,78,59
893,54,156,56,82,26,118,118,68,68,0,54,56,56,56,0,0.00622893903808843,0.0063650907110521125,59,60,1,4,3,3,8,4,21,72,60
894,16,632,33,100,67,82,136,35,58,23,16,90,33,55,22,0.0005446066918547262,0.009258313761530345,34,66,32,2,3,3,16,1,4,49,27
895,1,102,26,81,55,2,2,26,26,0,1,2,26,27,1,0.0,0.00010211375472276115,1,28,27,5,6,6,2,1,95,78,60
896,0,0,1,1,0,0,0,1,1,0,0,0,1,1,0,0.0,0.0,1,1,0,-1,-1,-1,5,0,49,98,82
897,0,206,1,95,94,0,8,1,32,31,0,6,1,32,31,0.0,0.0013955546478777359,1,40,39,3,-1,4,2,0,89,98,53
898,94,300,73,97,24,62,62,77,77,0,62,62,78,78,0,0.01334286395044079,0.019878144252697506,76,84,8,3,2,2,3,9,58,31,20
899,6,212,30,94,64,7,12,30,31,1,6,12,30,36,6,0.0002723033459273631,0.010858095918853602,31,71,40,3,4,4,2,1,91,78,37
900,0,616,1,100,99,0,53,1,37,36,0,34,1,46,45,0.0,0.0035059055788147996,1,50,49,2,-1,3,9,0,54,92,41
901,115,321,85,100,15,32,32,58,58,0,32,32,60,60,0,0.013955546478777357,0.02559651451717213,77,89,12,3,3,3,2,15,91,19,15
902,0,0,1,1,0,0,0,1,1,0,0,0,1,1,0,0.0,0.0,1,1,0,-1,-1,-1,3,0,66,98,67
903,16,16,36,36,0,56,56,38,38,0,16,16,36,36,0,0.0008169100377820892,0.0008169100377820892,38,38,0,-1,3,3,8,2,30,42,79
904,6,6,29,29,0,24,24,30,30,0,6,6,29,29,0,0.00013615167296368154,0.00013615167296368154,30,30,0,-1,4,4,8,1,30,65,86
905,100,100,60,60,0,100,100,52,52,0,100,100,60,60,0,0.05585622383335035,0.07661935396031179,100,100,0,2,1,1,9,30,29,7,0
906,172,172,87,87,0,100,100,77,77,0,100,100,77,77,0,0.019810068416215663,0.019810068416215663,81,81,0,-1,2,2,6,18,69,5,97
907,28,644,43,100,57,100,100,39,39,0,28,74,43,54,11,0.0015317063208414173,0.006024711528642908,40,56,16,2,3,3,14,3,16,43,13
908,216,216,95,95,0,112,112,92,92,0,112,112,92,92,0,0.023179822322066782,0.023179822322066782,90,90,0,-1,2,2,4,19,53,15,45
909,100,100,66,66,0,100,100,49,49,0,100,100,66,66,0,0.05218012866333095,0.05228224241805371,98,98,0,4,1,1,9,27,54,10,60
910,0,616,1,100,99,0,22,1,53,52,0,22,1,53,52,0.0,0.011028285510058205,1,72,71,2,-1,3,2,0,99,66,77
911,16,222,35,93,58,34,34,39,39,0,16,34,35,45,10,0.002144388849177984,0.005377991082065421,40,53,13,3,3,3,4,2,67,94,28
912,6,108,30,74,44,12,12,30,30,0,6,10,30,38,8,0.00017018959120460194,0.0010211375472276116,30,40,10,4,4,4,4,1,83,60,74
913,0,0,1,1,0,0,0,1,1,0,0,0,1,1,0,0.0,0.0,1,1,0,-1,-1,-1,8,0,30,86,36
914,94,710,67,100,33,90,100,61,62,1,94,100,67,67,0,0.007284114503556962,0.019469689233806462,61,81,20,2,2,2,6,5,41,47,37
915,100,100,79,79,0,100,100,96,96,0,100,100,96,96,0,0.07539398890363866,0.07787875693522585,100,100,0,4,1,1,3,20,85,23,73
916,0,206,1,92,91,0,44,1,31,30,0,24,1,43,42,0.0,0.004118588107151367,1,52,51,3,-1,4,10,0,36,97,38
917,0,616,1,100,99,0,52,1,32,31,0,29,1,47,46,0.0,0.0038462847612240037,1,51,50,2,-1,3,13,0,13,59,35
918,22,124,43,80,37,68,68,41,41,0,22,24,43,48,5,0.0017359338302869397,0.002212464685659825,44,44,0,4,3,3,8,2,30,52,49
919,0,1640,1,100,99,0,52,1,78,77,0,52,1,78,77,0.0,0.04169644984512747,1,95,94,1,-1,2,3,0,76,36,19
920,24,230,48,92,44,68,68,43,43,0,24,68,48,62,14,0.001599782157323258,0.0068075836481840775,41,60,19,3,3,3,8,3,57,43,34
921,6,1646,30,100,70,32,126,31,62,31,6,126,30,81,51,0.00017018959120460194,0.021477926410020762,30,84,54,1,4,2,11,1,38,60,19
922,100,100,66,66,0,100,100,45,45,0,100,100,66,66,0,0.038224582184553595,0.04510024166921951,95,95,0,2,1,1,10,19,1,15,25
923,64,680,67,100,33,28,28,44,44,0,28,28,51,51,0,0.010415602981721638,0.022533101875489295,71,87,16,2,3,3,3,9,92,27,14
924,121,223,79,91,12,154,154,71,71,0,121,123,79,79,0,0.009496579189216788,0.009632730862180468,69,69,0,4,2,2,10,8,1,44,65
925,0,0,1,1,0,0,0,1,1,0,0,0,1,1,0,0.0,0.0,1,1,0,-1,-1,-1,4,0,53,36,91
926,0,101,1,76,75,0,4,1,25,24,0,1,1,25,24,0.0,0.0,1,1,0,6,-1,7,4,0,53,36,58
927,284,490,95,100,5,256,256,95,95,0,256,256,95,95,0,0.021341774737057083,0.02188638142891181,83,84,1,3,2,2,10,18,18,5,74
928,0,0,1,1,0,0,0,1,1,0,0,0,1,1,0,0.0,0.0,1,1,0,-1,-1,-1,9,0,23,85,59
929,413,1013,99,100,1,152,152,94,94,0,152,152,94,94,0,0.03720344463732598,0.04111780523503183,93,94,1,2,2,2,5,29,52,1,57
930,164,164,92,92,0,48,48,67,67,0,48,48,70,70,0,0.020354675108070392,0.020354675108070392,86,86,0,-1,3,3,3,19,96,15,79
931,40,656,55,100,45,52,62,74,76,2,40,62,61,77,16,0.006671431975220395,0.017087034956942034,60,83,23,2,2,2,3,2,58,94,14
932,2,208,28,93,65,6,14,30,33,3,2,14,28,38,10,0.0,0.004833384390210695,1,56,55,3,5,4,3,1,64,95,34
933,182,798,88,100,12,242,242,80,80,0,182,204,88,90,2,0.010790020082371761,0.012219612648490419,68,72,4,2,2,2,14,9,8,31,52
934,100,100,67,67,0,100,100,54,54,0,100,100,67,67,0,0.03168930188229688,0.038735150958167396,92,97,5,2,1,1,8,8,27,20,77
935,0,206,1,93,92,0,20,1,36,35,0,20,1,45,44,0.0,0.008066986623098132,1,67,66,3,-1,4,4,0,72,36,32
936,256,462,97,100,3,86,86,94,94,0,86,86,94,94,0,0.03887130263113108,0.039109568058817525,93,93,0,3,2,2,3,27,55,10,49
937,22,22,48,48,0,40,40,44,44,0,22,22,48,48,0,0.002552843868069029,0.002552843868069029,46,46,0,-1,3,3,5,2,70,83,69
938,8,110,37,81,44,14,14,32,32,0,8,14,37,41,4,0.0007828721195411688,0.0025188059498281084,36,49,13,4,4,4,3,3,87,51,41
939,339,539,98,100,2,144,144,88,88,0,144,144,89,89,0,0.03516116954287076,0.036488648354266656,93,93,0,3,2,2,6,29,34,11,46
940,2,618,26,100,74,13,50,26,34,8,2,18,26,39,13,0.00010211375472276115,0.003267640151128357,30,50,20,2,5,3,12,1,3,78,94
941,0,0,1,1,0,0,0,1,1,0,0,0,1,1,0,0.0,0.0,1,1,0,-1,-1,-1,6,0,32,80,85
942,6,622,29,100,71,32,84,30,34,4,6,40,29,44,15,0.00010211375472276115,0.005207801490860819,28,53,25,2,4,3,15,1,7,95,62
943,76,282,65,96,31,108,108,69,69,0,76,88,65,66,1,0.006331052792811192,0.007624493685966166,61,65,4,3,3,3,8,6,39,13,51
944,16,632,33,100,67,186,196,66,70,4,16,60,33,51,18,0.0031314884781646754,0.009428503352734947,47,65,18,2,3,3,16,3,4,46,48
945,136,752,79,100,21,206,206,91,91,0,136,160,80,86,6,0.009598692943939549,0.01242384015793594,67,75,8,2,2,2,9,4,28,72,70
946,100,100,66,66,0,100,100,52,52,0,100,100,66,66,0,0.03369753905851118,0.05323530412879948,91,99,8,2,1,1,8,13,15,33,10
947,142,244,92,99,7,22,22,54,54,0,22,22,54,54,0,0.019946220089179345,0.021580040164743523,84,86,2,4,3,3,2,17,99,6,75
948,140,756,83,100,17,220,220,86,86,0,140,156,83,83,0,0.014772456516559448,0.016133973246196264,72,74,2,2,2,2,12,8,2,20,71
949,0,206,1,93,92,0,19,1,31,30,0,8,1,35,34,0.0,0.0026209197045508697,1,47,46,3,-1,4,6,0,34,81,75
950,49,255,55,91,36,146,146,68,68,0,49,75,55,59,4,0.004731270635487933,0.007998910786616291,56,64,8,3,3,3,11,4,38,22,28
951,112,318,75,99,24,284,284,81,81,0,112,120,75,77,2,0.00803294870485721,0.009224275843289425,58,59,1,3,2,2,16,4,9,38,83
952,0,206,1,92,91,0,22,1,33,32,0,22,1,47,46,0.0,0.00793083495013445,1,67,66,3,-1,4,5,0,70,36,8
953,16,16,33,33,0,94,94,37,37,0,16,16,33,33,0,0.0007147962830593281,0.0007147962830593281,36,36,0,-1,3,3,16,2,4,42,36
954,66,266,61,97,36,32,32,58,58,0,32,32,59,59,0,0.006535280302256714,0.012866333095067906,59,76,17,3,3,3,2,6,68,13,8
955,16,16,35,35,0,80,80,41,41,0,16,16,35,35,0,0.0009190237925048504,0.0009190237925048504,37,37,0,-1,3,3,10,1,22,71,87
956,54,670,58,100,42,70,80,63,70,7,54,80,58,71,13,0.008101024541339052,0.016099935327955343,64,79,15,2,3,3,5,7,49,62,34
957,370,570,97,100,3,88,88,73,73,0,88,88,74,74,0,0.04094761564382722,0.04343238367541441,94,95,1,3,2,2,4,40,83,3,22
958,60,161,61,89,28,80,80,70,70,0,60,80,62,73,11,0.010619830491167161,0.010619830491167161,72,72,0,6,3,3,5,5,45,25,58
959,8,214,38,95,57,8,12,33,36,3,8,12,38,40,2,0.0005105687736138058,0.013444977705163553,37,76,39,3,4,4,2,2,89,63,15
960,22,22,41,41,0,80,80,41,41,0,22,22,41,41,0,0.0008509479560230097,0.0008509479560230097,37,37,0,-1,3,3,10,2,18,56,91
961,18,18,39,39,0,56,56,38,38,0,18,18,39,39,0,0.0005105687736138058,0.0005105687736138058,33,33,0,-1,3,3,9,2,31,56,85
962,16,632,36,100,64,40,70,42,53,11,16,70,36,59,23,0.002110350930937064,0.022226760611321013,46,86,40,2,3,3,5,2,61,94,18
963,22,228,49,97,48,22,22,49,49,0,22,22,50,50,0,0.0037441710065012424,0.013376901868681712,52,74,22,3,3,3,2,3,93,29,6
964,101,717,71,100,29,126,136,69,76,7,101,136,71,82,11,0.008713707069675619,0.015317063208414174,63,76,13,2,2,2,7,8,24,57,34
965,0,0,1,1,0,0,0,1,1,0,0,0,1,1,0,0.0,0.0,1,1,0,-1,-1,-1,15,1,7,45,40
966,0,616,1,99,98,0,104,1,54,53,0,34,1,44,43,0.0,0.005514142755029102,1,54,53,2,-1,3,17,0,20,91,38
967,100,100,58,58,0,100,100,35,35,0,100,100,59,59,0,0.015623404472582456,0.02910242009598693,78,90,12,2,1,1,17,7,20,62,30
968,0,0,1,1,0,0,0,1,1,0,0,0,1,1,0,0.0,0.0,1,1,0,-1,-1,-1,11,0,33,92,85
969,70,1710,57,100,43,130,154,65,71,6,70,154,57,85,28,0.005718370264474625,0.02818339630348208,56,89,33,1,3,2,10,5,36,47,6
970,12,218,36,95,59,14,14,32,32,0,12,18,36,43,7,0.0020082371762143027,0.0024166921951053475,43,45,2,3,4,4,3,2,96,75,49
971,2,2,29,29,0,5,5,30,30,0,2,2,29,29,0,0.0,0.0,1,1,0,-1,5,5,3,1,60,95,96
972,78,694,57,100,43,104,104,73,73,0,78,104,58,78,20,0.00803294870485721,0.027672827529868275,60,90,30,2,2,2,5,7,52,62,0
973,12,12,40,40,0,18,18,38,38,0,12,12,40,40,0,0.0010892133837094523,0.0010892133837094523,39,39,0,-1,4,4,3,3,76,51,93
974,342,342,95,95,0,216,216,94,94,0,216,216,94,94,0,0.03808843051158991,0.03808843051158991,92,92,0,-1,2,2,9,27,31,10,98
975,1,617,26,100,74,3,24,26,41,15,1,17,26,44,18,0.0,0.004935498144933456,1,54,53,2,6,3,3,1,75,78,46
976,24,640,48,100,52,38,48,47,58,11,24,48,48,62,14,0.002552843868069029,0.03492290411518432,47,95,48,2,3,3,3,6,75,70,2
977,230,846,90,100,10,144,144,89,89,0,144,144,90,90,0,0.01960584090677014,0.03628442084482113,84,93,9,2,2,2,6,18,40,5,9
978,106,722,77,100,23,120,120,80,80,0,120,120,81,81,0,0.01055175465468532,0.026379386636713298,71,88,17,2,2,2,6,7,34,48,16
979,0,0,1,1,0,0,0,1,1,0,0,0,1,1,0,0.0,0.0,1,1,0,-1,-1,-1,5,0,50,66,69
980,2,2,28,28,0,6,6,31,31,0,2,2,28,28,0,6.807583648184077e-05,6.807583648184077e-05,30,30,0,-1,5,5,3,1,96,95,36
981,0,206,1,92,91,0,20,1,34,33,0,20,1,45,44,0.0,0.00353994349705572,1,51,50,3,-1,4,4,0,47,79,28
982,0,206,1,91,90,0,30,1,34,33,0,30,1,47,46,0.0,0.006501242384015794,1,57,56,3,-1,4,5,0,52,66,24
983,499,1099,99,100,1,216,216,99,99,0,216,216,99,99,0,0.05194186323564451,0.07001599782157324,98,100,2,2,2,2,6,36,44,2,10
984,100,100,71,71,0,100,100,80,80,0,100,100,81,81,0,0.031621226045815035,0.031621226045815035,90,90,0,-1,1,1,5,2,49,61,97
985,22,638,40,100,60,54,68,35,40,5,22,47,40,50,10,0.0012594029749140542,0.00445896728956057,40,54,14,2,3,3,8,3,42,51,41
986,100,100,65,65,0,100,100,45,45,0,100,100,65,65,0,0.05030804316008033,0.05572007216038667,98,100,2,2,1,1,10,29,12,1,21
987,0,102,1,86,85,0,4,1,29,28,0,4,1,32,31,0.0,0.004833384390210695,1,55,54,4,-1,5,2,0,97,93,31
988,0,206,1,92,91,0,26,1,35,34,0,26,1,48,47,0.0,0.005616256509751864,1,58,57,3,-1,4,5,0,63,79,21
989,290,906,95,100,5,118,128,92,92,0,118,128,92,92,0,0.03461656285101603,0.06208516287143878,91,100,9,2,2,2,5,27,88,10,11
990,6,212,30,91,61,30,30,37,37,0,6,14,30,38,8,0.0013955546478777359,0.002995336805200994,39,49,10,3,4,4,5,1,80,71,52
991,6,622,29,100,71,23,76,29,41,12,6,76,29,54,25,0.0,0.012900371013308825,1,77,76,2,4,3,10,1,0,95,12
992,0,206,1,92,91,0,10,1,28,27,0,10,1,34,33,0.0,0.0028932230504782326,1,49,48,3,-1,4,3,0,82,86,73
993,32,648,43,100,57,124,166,57,60,3,32,147,43,85,42,0.0013615167296368155,0.01844855168657885,39,80,41,2,3,3,16,2,4,74,23
994,0,616,1,100,99,0,64,1,39,38,0,58,1,54,53,0.0,0.009020048333843901,1,63,62,2,-1,3,8,0,27,79,17
995,0,616,1,100,99,0,28,1,32,31,0,18,1,44,43,0.0,0.0026209197045508697,1,45,44,2,-1,3,9,0,26,89,63
996,128,334,78,94,16,126,126,69,69,0,126,126,78,78,0,0.00966676878042139,0.012117498893767658,68,72,4,3,2,2,7,9,24,31,73
997,182,284,89,94,5,126,126,80,80,0,126,126,83,83,0,0.019367575479083698,0.019707954661492902,80,80,0,4,2,2,7,18,62,30,49
998,116,116,79,79,0,110,110,82,82,0,110,110,83,83,0,0.013717281051090916,0.013717281051090916,73,73,0,-1,2,2,6,8,56,20,96
999,12,628,37,100,63,14,28,33,42,9,12,28,37,49,12,0.0005786446100956465,0.006943735321147759,35,61,26,2,4,3,3,2,75,63,72
