,FreeNet_pre_score,FreeNet_post_score,FreeNet_pre_rank,FreeNet_post_rank,FreeNet_delta_ranks,Reversed_pre_score,Reversed_post_score,Reversed_pre_rank,Reversed_post_rank,Reversed_delta_ranks,Independent_pre_score,Independent_post_score,Independent_pre_rank,Independent_post_rank,Independent_delta_ranks,Random_pre_score,Random_post_score,Random_pre_rank,Random_post_rank,Random_delta_ranks,dist_victim_relayer,dist_victim_vilain_pre,dist_victim_vilain_post,out_deg_victim,in_deg_villain,victim,villain,relayer
0,16,632,41,100,59,30,44,42,47,5,16,44,41,53,12,0.0004765308553728854,0.0156914803090643,36,81,45,2,3,3,4,1,83,4,18
1,114,730,84,100,16,38,48,47,58,11,38,48,53,62,9,0.013547091459886314,0.046393682562374486,79,95,16,2,3,3,3,14,75,32,3
2,0,0,1,1,0,0,0,1,1,0,0,0,1,1,0,0.0,0.0,1,1,0,-1,-1,-1,9,0,35,36,81
3,0,616,1,100,99,0,110,1,58,57,0,110,1,77,76,0.0,0.02307770856734402,1,86,85,2,-1,3,10,0,36,85,10
4,12,114,36,80,44,26,26,37,37,0,12,14,36,39,3,0.0011913271384322134,0.0018720855032506212,40,43,3,4,4,4,5,3,70,51,42
5,100,100,69,69,0,100,100,55,55,0,100,100,69,69,0,0.02641342455495422,0.02641342455495422,90,90,0,-1,1,1,9,6,26,77,91
6,40,246,55,94,39,52,52,74,74,0,40,52,61,75,14,0.006671431975220395,0.014227849824704722,60,77,17,3,2,2,3,2,58,94,34
7,142,758,83,100,17,228,228,79,79,0,142,164,83,84,1,0.013819394805813677,0.017359338302869398,71,76,5,2,2,2,14,9,25,39,75
8,72,272,70,98,28,64,64,68,68,0,64,64,71,71,0,0.013444977705163553,0.016474352428605468,77,81,4,3,3,3,4,8,72,20,28
9,0,616,1,100,99,0,60,1,51,50,0,60,1,55,54,0.0,0.03281255318424725,1,90,89,2,-1,3,5,0,61,40,2
10,0,0,1,1,0,0,0,1,1,0,0,0,1,1,0,0.0,0.0,1,1,0,-1,-1,-1,15,0,7,80,81
11,348,348,97,97,0,168,168,97,97,0,168,168,97,97,0,0.03631845876306205,0.03631845876306205,95,95,0,-1,2,2,6,27,51,10,76
12,46,252,52,93,41,98,98,52,52,0,46,72,53,60,7,0.0029612988869600733,0.006977773239388679,46,62,16,3,2,2,9,2,31,52,47
13,0,0,1,1,0,0,0,1,1,0,0,0,1,1,0,0.0,0.0,1,1,0,-1,-1,-1,10,0,0,76,91
14,359,1999,96,100,4,160,184,86,93,7,160,184,88,94,6,0.03516116954287076,0.06787160897239525,94,99,5,1,2,2,7,29,24,11,0
15,54,156,57,84,27,66,66,51,51,0,54,56,57,57,0,0.006739507811702236,0.007216038667075122,62,62,0,4,3,3,6,4,34,38,42
16,431,637,100,100,0,224,224,98,98,0,224,224,98,98,0,0.038530923448721874,0.04067531229789986,95,95,0,3,2,2,8,30,21,7,54
17,16,1656,32,100,68,114,158,56,65,9,16,132,32,80,48,0.0021784267674189047,0.016474352428605468,45,76,31,1,3,2,14,2,8,94,14
18,306,922,98,100,2,280,280,99,99,0,280,280,99,99,0,0.029374723441914292,0.040879539807345384,89,95,6,2,2,2,10,15,1,16,14
19,42,1682,53,100,47,90,128,49,71,22,40,104,51,77,26,0.0035059055788147996,0.018857006705469893,51,81,30,1,3,2,9,6,35,41,26
20,16,118,43,80,37,34,34,44,44,0,16,18,43,45,2,0.003437829742332959,0.0035739814152966403,50,51,1,4,3,3,4,1,47,90,88
21,32,32,51,51,0,78,78,49,49,0,32,32,51,51,0,0.0026209197045508697,0.0026209197045508697,49,49,0,-1,3,3,8,2,21,52,87
22,114,730,80,100,20,158,158,80,80,0,114,158,80,85,5,0.00980292045338507,0.03420810783212499,68,91,23,2,2,2,9,9,23,31,0
23,100,100,69,69,0,100,100,76,76,0,100,100,76,76,0,0.045134279587460434,0.06269784539977535,95,100,5,2,1,1,5,13,80,33,16
24,269,475,95,99,4,316,316,92,92,0,269,275,95,95,0,0.015589366554341537,0.01592974573675074,77,77,0,3,2,2,15,15,7,19,56
25,16,632,36,100,64,34,68,34,40,6,16,62,36,53,17,0.0004084550188910446,0.006841621566424997,35,60,25,2,3,3,8,1,30,4,21
26,0,1640,1,100,99,0,92,1,54,53,0,92,1,63,62,0.0,0.0313829606181286,1,93,92,1,-1,2,8,0,21,89,1
27,386,1002,98,100,2,374,374,99,99,0,374,374,99,99,0,0.026107083290785937,0.03077027808979203,88,91,3,2,2,2,15,19,7,15,28
28,0,206,1,91,90,0,46,1,34,33,0,26,1,43,42,0.0,0.003914360597705844,1,52,51,3,-1,4,9,0,31,93,47
29,0,0,1,1,0,0,0,1,1,0,0,0,1,1,0,0.0,0.0,1,1,0,-1,-1,-1,14,0,25,76,80
30,235,835,93,100,7,158,158,98,98,0,158,158,98,98,0,0.02038871302631131,0.02215868477483917,81,84,3,2,2,2,6,15,74,19,42
31,0,616,1,100,99,0,90,1,38,37,0,85,1,56,55,0.0,0.014670342761836687,1,72,71,2,-1,3,14,1,25,69,23
32,0,102,1,84,83,0,4,1,26,25,0,2,1,26,25,0.0,0.0006126825283365669,1,35,34,4,-1,5,3,1,92,69,71
33,0,616,1,100,99,0,20,1,44,43,0,20,1,47,46,0.0,0.006841621566424997,1,61,60,2,-1,3,3,0,85,66,35
34,6,212,33,93,60,16,20,33,34,1,6,20,33,47,14,0.00017018959120460194,0.0037441710065012424,30,52,22,3,4,4,4,1,73,4,28
35,182,182,85,85,0,316,316,92,92,0,182,182,85,85,0,0.013581129378127233,0.013581129378127233,72,72,0,-1,2,2,15,6,7,77,99
36,0,0,1,1,0,0,0,1,1,0,0,0,1,1,0,0.0,0.0,1,1,0,-1,-1,-1,10,1,18,45,92
37,6,622,29,100,71,44,68,36,40,4,6,68,29,58,29,0.0006126825283365669,0.014261887742945642,37,77,40,2,4,3,8,1,30,49,6
38,63,269,58,92,34,94,94,68,68,0,63,94,59,72,13,0.006569318220497634,0.010790020082371761,58,70,12,3,2,2,5,4,61,22,38
39,0,206,1,86,85,0,23,1,29,28,0,6,1,27,26,0.0,0.002484768031587188,1,43,42,3,-1,4,8,0,27,99,94
40,0,0,1,1,0,0,0,1,1,0,0,0,1,1,0,0.0,0.0,1,1,0,-1,-1,-1,8,0,57,76,67
41,0,616,1,100,99,0,116,1,58,57,0,95,1,57,56,0.0,0.00789679703189353,1,58,57,2,-1,3,16,0,9,79,24
42,22,222,42,90,48,46,46,39,39,0,22,22,42,42,0,0.0018380475850097008,0.0022465026039007454,43,44,1,3,3,3,6,2,41,61,49
43,215,215,96,96,0,72,72,84,84,0,72,72,84,84,0,0.03509309370638892,0.03509309370638892,93,93,0,-1,2,2,3,30,81,7,82
44,88,88,56,56,0,276,276,79,79,0,88,88,56,56,0,0.008441403723748256,0.008441403723748256,59,59,0,-1,2,2,17,4,20,38,82
45,100,100,63,63,0,100,100,39,39,0,100,100,63,63,0,0.046734061744783686,0.05377991082065421,95,99,4,2,1,1,14,30,17,7,20
46,0,102,1,75,74,0,7,1,25,24,0,2,1,25,24,0.0,0.00013615167296368154,1,30,29,4,-1,5,6,0,59,86,60
47,100,306,63,95,32,228,228,78,78,0,100,124,63,82,19,0.009190237925048503,0.01405766023350012,66,74,8,3,2,2,14,6,17,77,34
48,174,790,91,100,9,144,144,91,91,0,144,144,91,91,0,0.02314578440382586,0.04523639334218319,87,95,8,2,2,2,6,16,32,18,1
49,291,491,96,100,4,96,96,91,91,0,96,96,91,91,0,0.03863303720344464,0.0424112461281868,94,94,0,3,2,2,3,29,76,1,48
50,192,192,92,92,0,88,88,82,82,0,88,88,82,82,0,0.02900030634126417,0.02900030634126417,89,89,0,-1,2,2,4,22,72,9,67
51,0,0,1,1,0,0,0,1,1,0,0,0,1,1,0,0.0,0.0,1,1,0,-1,-1,-1,12,0,3,80,76
52,0,0,1,1,0,0,0,1,1,0,0,0,1,1,0,0.0,0.0,1,1,0,-1,-1,-1,12,0,6,40,69
53,16,117,35,73,38,78,78,39,39,0,16,17,35,40,5,0.00088498587426393,0.0009190237925048504,37,37,0,5,3,3,11,2,5,42,68
54,520,1120,100,100,0,192,192,100,100,0,192,192,100,100,0,0.04748289594608394,0.04874229892099799,97,98,1,2,2,2,6,40,41,3,4
55,0,616,1,100,99,0,22,1,41,40,0,22,1,45,44,0.0,0.014261887742945642,1,77,76,2,-1,3,2,0,68,89,12
56,0,1640,1,100,99,0,106,1,66,65,0,106,1,75,74,0.0,0.03631845876306205,1,92,91,1,-1,2,7,1,46,50,11
57,52,258,58,92,34,70,70,59,59,0,52,70,58,65,7,0.008135062459579971,0.012491915994417782,67,73,6,3,3,3,5,5,80,25,38
58,80,696,61,100,39,126,126,80,80,0,80,126,63,82,19,0.010109261717553355,0.024507301133462677,68,87,19,2,2,2,7,5,62,25,18
59,179,779,91,100,9,80,80,65,65,0,80,80,69,69,0,0.01872085503250621,0.02641342455495422,83,88,5,2,3,3,5,18,37,5,25
60,102,702,72,100,28,112,112,70,70,0,102,112,74,76,2,0.009734844616903231,0.01147077844719017,69,74,5,2,3,3,7,7,46,48,61
61,68,68,65,65,0,62,62,74,74,0,62,62,75,75,0,0.010143299635794275,0.010143299635794275,71,71,0,-1,2,2,3,4,64,72,67
62,0,0,1,1,0,0,0,1,1,0,0,0,1,1,0,0.0,0.0,1,1,0,-1,-1,-1,14,0,8,82,84
63,22,1662,40,100,60,60,138,40,74,34,22,138,40,81,41,0.0010892133837094523,0.03635249668130297,39,92,53,1,3,2,9,2,31,74,0
64,0,616,1,100,99,0,38,1,46,45,0,38,1,51,50,0.0,0.018993158378433576,1,86,85,2,-1,3,3,0,75,93,23
65,32,32,46,46,0,152,152,70,70,0,32,32,46,46,0,0.004493005207801491,0.004493005207801491,54,54,0,-1,3,3,12,3,3,29,66
66,100,100,80,80,0,100,100,98,98,0,100,100,98,98,0,0.09547636066578168,0.09557847442050445,100,100,0,5,1,1,2,16,93,18,60
67,100,100,60,60,0,100,100,52,52,0,100,100,60,60,0,0.02403077027808979,0.03386772864971578,86,93,7,2,1,1,9,6,29,26,19
68,100,100,60,60,0,100,100,50,50,0,100,100,60,60,0,0.028762040913577726,0.028762040913577726,90,90,0,-1,1,1,9,14,28,14,79
69,2,618,27,99,72,13,78,27,36,9,2,34,27,47,20,6.807583648184077e-05,0.006058749446883829,26,59,33,2,5,3,12,1,14,68,25
70,6,6,31,31,0,24,24,31,31,0,6,6,31,31,0,0.0002723033459273631,0.0002723033459273631,34,34,0,-1,4,4,11,1,19,55,92
71,0,616,1,99,98,0,59,1,32,31,0,24,1,42,41,0.0,0.0012594029749140542,1,39,38,2,-1,3,17,0,20,85,64
72,277,477,100,100,0,56,56,93,93,0,56,56,93,93,0,0.06392321045644848,0.06630586473331292,98,98,0,3,2,2,2,36,99,2,35
73,0,0,1,1,0,0,0,1,1,0,0,0,1,1,0,0.0,0.0,1,1,0,-1,-1,-1,2,0,68,82,50
74,78,694,64,100,36,110,110,81,81,0,78,110,64,81,17,0.00891793457912114,0.023452125667994147,67,87,20,2,2,2,6,7,65,62,12
75,16,222,35,91,56,148,148,63,63,0,16,22,35,42,7,0.0019061234214915416,0.003914360597705844,42,51,9,3,3,3,13,1,13,53,94
76,0,206,1,90,89,0,20,1,32,31,0,6,1,29,28,0.0,0.002110350930937064,1,45,44,3,-1,4,6,0,74,97,90
77,302,302,97,97,0,256,256,96,96,0,256,256,96,96,0,0.02556247659893121,0.02556247659893121,88,88,0,-1,2,2,10,15,0,16,66
78,0,0,1,1,0,0,0,1,1,0,0,0,1,1,0,0.0,0.0,1,1,0,-1,-1,-1,5,0,61,98,66
79,64,64,62,62,0,54,54,52,52,0,64,64,63,63,0,0.007862759113652609,0.007862759113652609,64,64,0,-1,3,3,4,4,83,38,85
80,0,0,1,1,0,0,0,1,1,0,0,0,1,1,0,0.0,0.0,1,1,0,-1,-1,-1,12,0,6,92,99
81,100,100,60,60,0,100,100,50,50,0,100,100,60,60,0,0.029647026787841656,0.04363661118485993,91,94,3,2,1,1,9,8,28,20,16
82,230,436,95,100,5,168,168,97,97,0,168,168,97,97,0,0.026004969536063176,0.02740052418394091,89,90,1,3,2,2,6,18,59,30,52
83,12,628,33,100,67,52,92,35,40,5,12,92,33,60,27,0.0004084550188910446,0.015555328636100617,35,73,38,2,4,3,12,2,2,63,23
84,413,1013,98,100,2,168,168,95,95,0,168,168,95,95,0,0.03791824092038531,0.04874229892099799,94,98,4,2,2,2,6,29,41,1,12
85,77,283,59,94,35,76,76,55,55,0,76,76,60,60,0,0.008203138296061813,0.010517716736444398,61,66,5,3,3,3,6,8,71,44,29
86,6,622,29,99,70,30,92,30,40,10,6,92,29,58,29,0.0,0.011402702610708328,1,70,69,2,4,3,12,1,6,95,5
87,67,67,63,63,0,32,32,58,58,0,32,32,59,59,0,0.006977773239388679,0.006977773239388679,60,60,0,-1,3,3,2,8,68,57,99
88,34,650,46,100,54,44,54,44,55,11,34,54,46,56,10,0.0033357159876101976,0.012628067667381462,45,73,28,2,3,3,4,3,67,54,20
89,0,0,1,1,0,0,0,1,1,0,0,0,1,1,0,0.0,0.0,1,1,0,-1,-1,-1,8,0,10,80,79
90,0,616,1,100,99,0,70,1,34,33,0,16,1,30,29,0.0,0.0017018959120460194,1,43,42,2,-1,3,14,0,25,89,53
91,1,207,24,93,69,3,14,24,34,10,1,14,24,42,18,3.4037918240920386e-05,0.0053439531638245,26,54,28,3,6,4,3,1,92,68,24
92,88,190,56,86,30,250,250,75,75,0,88,90,56,56,0,0.008407365805507334,0.008713707069675619,59,59,0,4,2,2,16,7,9,62,88
93,0,206,1,92,91,0,11,1,33,32,0,6,1,33,32,0.0,0.0004084550188910446,1,35,34,3,-1,4,4,0,77,89,42
94,82,183,72,92,20,46,46,82,82,0,46,46,82,82,0,0.015521290717859695,0.0156914803090643,79,79,0,5,2,2,2,8,95,20,55
95,24,640,50,100,50,22,32,47,63,16,22,32,52,63,11,0.0028932230504782326,0.023111746485584943,49,87,38,2,3,3,2,6,89,70,5
96,145,351,83,95,12,64,64,60,60,0,64,64,63,63,0,0.01943565131556554,0.022226760611321013,83,86,3,3,3,3,4,20,83,23,35
97,40,40,47,47,0,108,108,58,58,0,40,40,47,47,0,0.0022465026039007454,0.0022465026039007454,43,43,0,-1,2,2,12,1,2,71,97
98,0,206,1,94,93,0,12,1,39,38,0,12,1,41,40,0.0,0.00442492937131965,1,55,54,3,-1,4,2,0,90,36,57
99,0,616,1,100,99,0,20,1,41,40,0,18,1,44,43,0.0,0.00796487286837537,1,65,64,2,-1,3,3,0,60,84,83
100,0,1640,1,100,99,0,138,1,60,59,0,74,1,54,53,0.0,0.010007147962830594,1,66,65,1,-1,2,17,0,20,99,47
101,101,717,77,100,23,148,158,78,81,3,101,158,77,86,9,0.008339289969025495,0.021648116001225366,64,84,20,2,2,2,9,8,35,57,30
102,0,206,1,92,91,0,36,1,40,39,0,36,1,49,48,0.0,0.007998910786616291,1,61,60,3,-1,4,6,0,69,80,20
103,76,692,63,100,37,86,86,63,63,0,76,86,66,66,0,0.008066986623098132,0.01596378365499166,62,77,15,2,3,3,6,7,56,21,20
104,36,652,46,100,54,68,68,41,41,0,36,54,46,51,5,0.00353994349705572,0.006126825283365669,51,57,6,2,3,3,8,6,42,73,52
105,0,616,1,100,99,0,46,1,33,32,0,25,1,44,43,0.0,0.0035739814152966403,1,48,47,2,-1,3,10,1,22,45,41
106,134,750,81,100,19,150,150,84,84,0,134,150,82,86,4,0.011062323428299126,0.016542428265087308,70,80,10,2,2,2,7,7,24,21,57
107,16,1656,32,100,68,102,192,53,69,16,16,169,32,85,53,0.0007828721195411688,0.020933319718166036,37,86,49,1,3,2,17,2,20,42,18
108,0,616,1,99,98,0,112,1,59,58,0,112,1,74,73,0.0,0.014329963579427483,1,76,75,2,-1,3,12,0,6,85,18
109,0,206,1,92,91,0,14,1,30,29,0,10,1,35,34,0.0,0.002825147213996392,1,47,46,3,-1,4,5,0,70,92,73
110,0,206,1,92,91,0,26,1,35,34,0,16,1,36,35,0.0,0.004152626025392287,1,51,50,3,-1,4,5,0,63,79,38
111,22,22,53,53,0,22,22,52,52,0,22,22,55,55,0,0.0027911092957554717,0.0027911092957554717,49,49,0,-1,3,3,2,3,98,51,91
112,87,189,73,90,17,54,54,60,60,0,54,54,62,62,0,0.009632730862180468,0.010483678818203479,68,71,3,4,3,3,4,14,78,32,71
113,0,206,1,92,91,0,24,1,31,30,0,6,1,29,28,0.0,0.0008169100377820892,1,36,35,3,-1,4,9,0,35,87,71
114,0,616,1,100,99,0,56,1,43,42,0,56,1,57,56,0.0,0.014534191088873005,1,77,76,2,-1,3,6,0,34,84,30
115,24,640,45,100,55,40,50,40,45,5,24,50,45,52,7,0.001157289220191293,0.00888389666088022,39,69,30,2,3,3,5,4,50,64,27
116,38,38,52,52,0,38,38,51,51,0,38,38,54,54,0,0.004799346471969774,0.004799346471969774,56,56,0,-1,3,3,3,6,82,41,84
117,87,87,70,70,0,72,72,77,77,0,72,72,77,77,0,0.01055175465468532,0.01055175465468532,74,74,0,-1,2,2,3,8,82,57,67
118,24,24,47,47,0,44,44,49,49,0,24,24,47,47,0,0.0015317063208414173,0.0015317063208414173,43,43,0,-1,3,3,4,4,53,64,69
119,18,634,40,100,60,52,62,40,47,7,18,62,40,57,17,0.0020082371762143027,0.013649205214609075,41,73,32,2,3,3,6,2,56,61,37
120,44,644,51,100,49,74,74,42,42,0,44,74,51,61,10,0.0036760951700194017,0.011811157629599374,51,74,23,2,3,3,9,6,31,73,37
121,98,98,59,59,0,222,222,77,77,0,98,98,59,59,0,0.007216038667075122,0.007216038667075122,59,59,0,-1,2,2,14,4,25,22,96
122,315,1915,96,100,4,350,350,98,98,0,315,350,96,98,2,0.027264372510977228,0.05041015691480309,89,98,9,1,2,2,15,20,7,23,0
123,87,293,60,95,35,104,104,64,64,0,87,99,60,66,6,0.008373327887266415,0.010109261717553355,65,70,5,3,3,3,9,8,35,44,83
124,0,0,1,1,0,0,0,1,1,0,0,0,1,1,0,0.0,0.0,1,1,0,-1,-1,-1,8,0,10,80,87
125,100,100,66,66,0,100,100,43,43,0,100,100,66,66,0,0.030532012662105586,0.057183702644746245,91,100,9,1,1,1,11,18,33,5,7
126,120,326,80,97,17,164,164,77,77,0,120,126,80,81,1,0.00891793457912114,0.009428503352734947,67,67,0,3,2,2,10,7,36,21,88
127,100,306,77,98,21,38,38,52,52,0,38,38,55,55,0,0.011232513019503728,0.012049423057285817,73,76,3,3,3,3,3,14,66,32,88
128,86,702,60,100,40,100,100,59,59,0,86,100,60,63,3,0.009258313761530345,0.02215868477483917,66,84,18,2,2,2,6,6,40,34,30
129,100,100,74,74,0,100,100,80,80,0,100,100,80,80,0,0.03311889444841554,0.03492290411518432,91,93,2,3,1,1,5,6,45,73,94
130,32,648,43,100,57,80,100,40,44,4,32,100,43,64,21,0.002314578440382586,0.015385139044896015,46,76,30,2,3,3,10,2,12,52,37
131,0,616,1,100,99,0,66,1,43,42,0,66,1,55,54,0.0,0.016542428265087308,1,79,78,2,-1,3,6,0,40,59,16
132,100,100,66,66,0,100,100,43,43,0,100,100,66,66,0,0.04649579631709724,0.04649579631709724,95,95,0,-1,1,1,11,22,33,9,92
133,120,120,77,77,0,110,110,74,74,0,120,120,78,78,0,0.013376901868681712,0.013376901868681712,74,74,0,-1,2,2,6,6,41,77,86
134,44,44,59,59,0,48,48,59,59,0,48,48,63,63,0,0.005990673610401988,0.005990673610401988,57,57,0,-1,3,3,3,7,75,62,99
135,192,398,90,96,6,294,294,95,95,0,192,200,89,89,0,0.010347527145239796,0.013887470642295518,70,74,4,3,2,2,13,7,13,21,29
136,155,361,92,100,8,72,72,85,85,0,72,72,85,85,0,0.02277136730317574,0.035025017869907075,88,94,6,3,2,2,3,13,94,33,23
137,70,276,67,97,30,48,48,59,59,0,48,48,63,63,0,0.006024711528642908,0.00707988699411144,58,61,3,3,3,3,3,6,75,28,43
138,154,754,82,100,18,120,120,77,77,0,120,120,84,84,0,0.01153885428367201,0.0160318594914735,72,79,7,2,2,2,6,13,40,24,13
139,0,101,1,78,77,0,5,1,24,23,0,1,1,24,23,0.0,6.807583648184077e-05,1,27,26,6,-1,7,5,0,88,92,58
140,49,255,64,99,35,22,22,47,47,0,22,22,52,52,0,0.005582218591510943,0.009326389598012186,60,69,9,3,3,3,2,4,89,22,41
141,110,110,74,74,0,126,126,77,77,0,110,110,76,76,0,0.007420266176520644,0.007420266176520644,57,57,0,-1,2,2,7,6,46,13,81
142,34,650,55,100,45,48,48,66,66,0,34,48,57,66,9,0.003948398515946765,0.027911092957554715,54,89,35,2,3,3,3,6,76,70,1
143,100,306,80,100,20,22,22,49,49,0,22,22,50,50,0,0.009973110044589673,0.01242384015793594,68,71,3,3,3,3,2,14,93,32,52
144,58,159,68,91,23,32,32,69,69,0,32,32,69,69,0,0.012832295176826986,0.012934408931549747,72,72,0,5,3,3,2,8,93,20,60
145,1,103,26,72,46,7,13,26,30,4,1,4,26,31,5,0.00010211375472276115,0.0008169100377820892,30,38,8,4,6,5,7,1,46,78,51
146,46,252,48,94,46,154,154,63,63,0,46,52,48,48,0,0.0024507301133462676,0.002723033459273631,47,47,0,3,2,2,15,2,7,52,88
147,52,258,58,97,39,32,32,58,58,0,32,32,59,59,0,0.008407365805507334,0.01596378365499166,63,81,18,3,3,3,2,5,68,25,17
148,182,798,85,100,15,248,268,81,84,3,182,268,85,94,9,0.010994247591817285,0.031451036454610434,66,92,26,2,2,2,15,9,7,31,11
149,100,100,62,62,0,100,100,45,45,0,100,100,62,62,0,0.03274447734776541,0.044249293713196504,90,97,7,2,1,1,12,12,3,37,19
150,199,405,88,96,8,110,110,72,72,0,110,110,76,76,0,0.023622315259198747,0.02467749072466728,85,86,1,3,2,2,6,20,40,23,74
151,0,102,1,75,74,0,9,1,26,25,0,2,1,26,25,0.0,0.00013615167296368154,1,29,28,4,-1,5,8,0,21,96,60
152,190,396,94,100,6,56,56,80,80,0,56,56,81,81,0,0.030497974743864665,0.038360733857517273,92,95,3,3,2,2,2,22,91,9,77
153,22,124,49,88,39,22,22,49,49,0,22,22,53,53,0,0.0020763130126961434,0.002314578440382586,45,47,2,4,3,3,2,2,90,52,49
154,0,206,1,91,90,0,43,1,29,28,0,8,1,31,30,0.0,0.0015657442390823377,1,40,39,3,-1,4,16,0,4,85,83
155,0,0,1,1,0,0,0,1,1,0,0,0,1,1,0,0.0,0.0,1,1,0,-1,-1,-1,4,0,83,97,59
156,16,222,43,93,50,34,34,47,47,0,16,34,44,54,10,0.0020082371762143027,0.00881582082439838,47,64,17,3,3,3,4,2,77,94,17
157,40,656,49,100,51,208,228,71,74,3,40,228,49,90,41,0.004220701861874128,0.019810068416215663,53,80,27,2,2,2,14,3,16,46,5
158,16,632,36,100,64,56,74,37,41,4,16,62,36,55,19,0.0002723033459273631,0.0038462847612240037,35,52,17,2,3,3,9,1,28,49,13
159,0,616,1,100,99,0,22,1,41,40,0,22,1,45,44,0.0,0.018006058749446885,1,85,84,2,-1,3,2,0,68,59,23
160,97,97,76,76,0,64,64,68,68,0,64,64,70,70,0,0.012491915994417782,0.012491915994417782,76,76,0,-1,3,3,4,13,78,33,85
161,278,478,95,98,3,344,344,93,93,0,278,278,95,95,0,0.02552843868069029,0.026039007454304094,87,87,0,3,2,2,17,15,20,16,42
162,135,135,81,81,0,220,220,84,84,0,135,135,81,81,0,0.008407365805507334,0.008407365805507334,63,63,0,-1,2,2,12,8,14,57,97
163,29,235,50,96,46,28,28,43,43,0,28,28,50,50,0,0.00353994349705572,0.007624493685966166,51,62,11,3,3,3,3,6,75,73,28
164,90,296,58,96,38,188,188,70,70,0,90,96,58,58,0,0.004935498144933456,0.005105687736138058,56,56,0,3,2,2,14,6,8,28,60
165,0,206,1,92,91,0,14,1,31,30,0,6,1,28,27,0.0,0.001497668402600497,1,41,40,3,-1,4,3,0,82,86,53
166,0,616,1,100,99,0,36,1,40,39,0,36,1,52,51,0.0,0.006841621566424997,1,61,60,2,-1,3,5,1,49,50,44
167,60,266,69,98,29,32,32,63,63,0,32,32,64,64,0,0.008747744987916539,0.012491915994417782,66,75,9,3,3,3,2,7,86,48,13
168,163,163,88,88,0,72,72,77,77,0,72,72,77,77,0,0.017903944994724124,0.017903944994724124,82,82,0,-1,2,2,3,15,82,19,89
169,92,708,68,100,32,60,60,49,49,0,60,60,57,57,0,0.008066986623098132,0.01507879778072773,64,78,14,2,3,3,5,7,50,48,77
170,100,100,65,65,0,100,100,45,45,0,100,100,65,65,0,0.05030804316008033,0.06715681268933592,98,100,2,1,1,1,10,29,12,1,32
171,0,0,1,1,0,0,0,1,1,0,0,0,1,1,0,0.0,0.0,1,1,0,-1,-1,-1,6,0,41,81,91
172,0,206,1,91,90,0,68,1,31,30,0,6,1,27,26,0.0,0.0020082371762143027,1,41,40,3,-1,4,16,0,4,93,46
173,46,147,57,88,31,38,38,53,53,0,38,38,55,55,0,0.0045270431260424114,0.0045270431260424114,55,55,0,5,3,3,3,6,64,28,95
174,1,207,26,90,64,8,36,26,32,6,1,21,26,41,15,6.807583648184077e-05,0.004288777698355968,27,52,25,3,6,4,8,2,39,58,38
175,0,206,1,92,91,0,22,1,33,32,0,12,1,35,34,0.0,0.0035739814152966403,1,51,50,3,-1,4,5,1,70,50,29
176,38,38,51,51,0,40,40,45,45,0,38,38,51,51,0,0.002927260968719153,0.002927260968719153,49,49,0,-1,3,3,5,6,37,70,89
177,2,104,27,84,57,3,4,27,28,1,2,4,27,31,4,0.0,0.001157289220191293,1,38,37,4,5,5,2,1,98,95,53
178,14,220,45,96,51,12,12,41,41,0,12,12,41,41,0,0.0026549576227917903,0.0057524081827155455,47,57,10,3,4,4,2,6,95,70,47
179,0,0,1,1,0,0,0,1,1,0,0,0,1,1,0,0.0,0.0,1,1,0,-1,-1,-1,5,0,88,66,40
180,58,264,68,98,30,32,32,63,63,0,32,32,65,65,0,0.011368664692467409,0.012730181422104225,72,78,6,3,3,3,2,6,98,34,52
181,10,216,42,94,52,12,12,40,40,0,12,12,42,42,0,0.0007147962830593281,0.0042547397801150485,38,53,15,3,4,4,2,3,90,43,47
182,437,437,97,97,0,280,280,96,96,0,280,280,96,96,0,0.03672691378195309,0.03672691378195309,93,93,0,-1,2,2,10,29,12,11,89
183,76,692,70,100,30,48,48,59,59,0,48,48,63,63,0,0.00970080669866231,0.02563055243541305,72,90,18,2,3,3,3,6,75,77,5
184,0,102,1,71,70,0,6,1,25,24,0,2,1,25,24,0.0,0.00010211375472276115,1,28,27,4,-1,5,5,0,52,40,55
185,0,616,1,99,98,0,54,1,33,32,0,16,1,33,32,0.0,0.002280540522141666,1,46,45,2,-1,3,12,0,14,81,46
186,0,616,1,99,98,0,112,1,59,58,0,112,1,74,73,0.0,0.014261887742945642,1,75,74,2,-1,3,12,0,6,97,18
187,112,1752,77,100,23,274,318,84,89,5,112,318,77,96,19,0.008475441641989176,0.02198849518363457,63,83,20,1,2,2,16,4,4,72,32
188,16,16,36,36,0,40,40,40,40,0,16,16,36,36,0,0.0004084550188910446,0.0004084550188910446,34,34,0,-1,3,3,5,1,52,49,81
189,0,206,1,96,95,0,8,1,33,32,0,8,1,39,38,0.0,0.004050512270669526,1,53,52,3,-1,4,2,0,93,80,72
190,22,638,43,100,57,52,62,39,42,3,22,53,43,55,12,0.0020082371762143027,0.00622893903808843,44,57,13,2,3,3,7,2,43,83,28
191,100,100,64,64,0,100,100,49,49,0,100,100,64,64,0,0.038939378467612924,0.04527043126042411,94,96,2,3,1,1,8,18,42,5,44
192,6,212,30,92,62,36,36,36,36,0,6,25,30,45,15,0.002382654276864427,0.005616256509751864,44,56,12,3,4,4,6,3,65,46,22
193,100,100,71,71,0,100,100,80,80,0,100,100,81,81,0,0.050818611933694136,0.0510909152796215,97,97,0,4,1,1,5,12,49,37,56
194,49,665,54,100,46,98,98,54,54,0,49,79,54,58,4,0.004561081044283332,0.009973110044589673,54,68,14,2,3,3,8,4,10,22,38
195,16,1656,32,100,68,48,124,33,57,24,16,132,32,81,49,0.0002723033459273631,0.015283025290173252,31,73,42,1,3,2,14,1,8,95,14
196,0,616,1,100,99,0,70,1,57,56,0,70,1,63,62,0.0,0.03243813608359713,1,92,91,2,-1,3,5,1,63,45,2
197,183,285,87,94,7,222,222,92,92,0,183,222,86,93,7,0.02038871302631131,0.02042275094455223,82,82,0,4,2,2,10,12,12,37,68
198,2,618,26,100,74,5,28,28,39,11,2,28,26,48,22,0.0002723033459273631,0.007760645358929848,33,65,32,2,5,3,3,1,82,55,57
199,16,16,40,40,0,40,40,38,38,0,16,16,40,40,0,0.00034037918240920387,0.00034037918240920387,33,33,0,-1,3,3,9,1,26,88,91
200,1,103,26,82,56,4,6,26,27,1,1,3,26,32,6,3.4037918240920386e-05,0.00034037918240920387,29,34,5,4,6,5,4,1,78,68,49
201,0,0,1,1,0,0,0,1,1,0,0,0,1,1,0,0.0,0.0,1,1,0,-1,-1,-1,4,0,67,89,87
202,142,758,82,100,18,86,86,56,56,0,86,86,62,62,0,0.013070560604513427,0.015419176963136935,75,78,3,2,3,3,6,14,51,14,71
203,24,24,44,44,0,76,76,38,38,0,24,24,44,44,0,0.0014636304843595766,0.0014636304843595766,39,39,0,-1,3,3,11,4,38,64,80
204,28,644,48,100,52,56,56,44,44,0,28,56,48,57,9,0.0027911092957554717,0.011879233466081215,48,72,24,2,3,3,6,6,34,70,17
205,0,0,1,1,0,0,0,1,1,0,0,0,1,1,0,0.0,0.0,1,1,0,-1,-1,-1,16,1,9,50,45
206,0,206,1,92,91,0,18,1,37,36,0,18,1,45,44,0.0,0.004969536063174376,1,57,56,3,-1,4,3,0,76,92,13
207,182,782,89,100,11,110,110,81,81,0,110,110,82,82,0,0.015283025290173252,0.02314578440382586,79,85,6,2,2,2,6,14,65,32,33
208,0,616,1,100,99,0,25,1,33,32,0,18,1,43,42,0.0,0.001940161339732462,1,44,43,2,-1,3,6,0,44,87,63
209,0,1640,1,100,99,0,100,1,70,69,0,100,1,74,73,0.0,0.04064127437965894,1,94,93,1,-1,2,6,0,32,79,10
210,162,368,84,98,14,110,110,78,78,0,110,110,82,82,0,0.020014295925661188,0.025868817863099493,82,87,5,3,2,2,6,18,51,30,34
211,100,100,57,57,0,100,100,38,38,0,100,100,57,57,0,0.04292181490180061,0.05088668777017598,96,98,2,2,1,1,16,29,4,1,14
212,40,142,54,89,35,28,28,44,44,0,28,28,51,51,0,0.005446066918547262,0.005990673610401988,54,56,2,4,3,3,3,6,92,26,51
213,100,100,58,58,0,100,100,35,35,0,100,100,59,59,0,0.0424112461281868,0.06392321045644848,97,100,3,1,1,1,17,29,20,0,1
214,70,70,58,58,0,140,140,69,69,0,70,70,58,58,0,0.00616086320160659,0.00616086320160659,58,58,0,-1,3,3,10,5,22,47,40
215,0,206,1,89,88,0,24,1,30,29,0,21,1,39,38,0.0,0.005071649817897137,1,51,50,3,-1,4,6,0,71,96,25
216,0,616,1,100,99,0,66,1,34,33,0,16,1,33,32,0.0,0.0019061234214915416,1,43,42,2,-1,3,16,0,9,79,53
217,120,326,86,100,14,48,48,73,73,0,48,48,75,75,0,0.023554239422716908,0.03104258143571939,88,89,1,3,3,3,3,20,92,23,8
218,2,208,26,89,63,9,15,26,28,2,2,8,26,33,7,0.0,0.00013615167296368154,1,30,29,3,5,4,8,1,42,68,4
219,6,108,32,82,50,18,18,35,35,0,6,18,32,45,13,0.0016338200755641784,0.002723033459273631,43,46,3,4,4,4,3,1,58,53,54
220,168,269,94,100,6,56,56,82,82,0,56,56,82,82,0,0.03179141563701964,0.0318935293917424,94,94,0,5,2,2,2,22,89,9,95
221,6,6,27,27,0,16,16,29,29,0,6,6,27,27,0,0.00034037918240920387,0.00034037918240920387,29,29,0,-1,4,4,4,1,67,4,86
222,12,212,39,93,54,20,20,35,35,0,12,12,39,39,0,0.0012253650566731338,0.002144388849177984,41,46,5,3,4,4,4,3,73,51,94
223,0,206,1,96,95,0,12,1,34,33,0,12,1,42,41,0.0,0.007522379931243405,1,63,62,3,-1,4,2,0,86,85,27
224,114,1754,80,100,20,176,200,87,93,6,114,200,80,93,13,0.011845195547840293,0.045304469178665034,74,97,23,1,2,2,8,6,57,77,1
225,52,154,52,83,31,104,104,58,58,0,52,52,52,52,0,0.002552843868069029,0.0026209197045508697,46,46,0,4,2,2,10,3,18,43,60
226,0,206,1,91,90,0,50,1,35,34,0,28,1,43,42,0.0,0.0068075836481840775,1,61,60,3,-1,4,9,0,31,80,77
227,218,318,93,97,4,168,168,86,86,0,168,168,88,88,0,0.02396269444160795,0.024234997787535316,86,87,1,4,2,2,9,19,26,15,4
228,62,1702,53,100,47,138,182,62,70,8,62,152,53,83,30,0.0027911092957554717,0.01501072194424589,48,72,24,1,2,2,14,3,25,54,13
229,6,212,31,97,66,8,12,33,36,3,6,12,31,41,10,0.0025188059498281084,0.014874570271282209,46,75,29,3,4,4,2,3,99,46,15
230,520,622,100,100,0,192,192,100,100,0,192,192,100,100,0,0.04748289594608394,0.0479253888832159,97,98,1,4,2,2,6,40,41,3,42
231,223,223,99,99,0,56,56,93,93,0,56,56,93,93,0,0.03808843051158991,0.03808843051158991,97,97,0,-1,2,2,2,30,99,7,81
232,0,102,1,74,73,0,17,1,25,24,0,2,1,25,24,0.0,0.00017018959120460194,1,29,28,4,-1,5,16,0,9,82,55
233,0,206,1,92,91,0,52,1,33,32,0,32,1,46,45,0.0,0.0038462847612240037,1,50,49,3,-1,4,10,0,36,85,13
234,52,154,58,85,27,70,70,59,59,0,52,70,58,65,7,0.008135062459579971,0.009905034208107831,67,69,2,4,3,3,5,5,80,25,73
235,100,100,70,70,0,100,100,68,68,0,100,100,73,73,0,0.00980292045338507,0.00980292045338507,69,69,0,-1,2,2,6,7,48,21,36
236,0,616,1,100,99,0,104,1,54,53,0,46,1,49,48,0.0,0.006126825283365669,1,58,57,2,-1,3,14,0,8,98,25
237,121,327,84,98,14,48,48,62,62,0,48,48,64,64,0,0.01844855168657885,0.02392865652336703,85,88,3,3,3,3,3,12,64,37,44
238,0,206,1,92,91,0,56,1,34,33,0,56,1,54,53,0.0,0.007794683277170768,1,62,61,3,-1,4,10,0,36,59,33
239,0,616,1,100,99,0,50,1,44,43,0,50,1,55,54,0.0,0.029476837196637053,1,90,89,2,-1,3,5,0,45,87,2
240,16,118,35,73,38,132,132,63,63,0,16,18,35,40,5,0.0030974505599237552,0.0032336022328874367,50,50,0,4,3,3,11,3,5,46,65
241,0,206,1,88,87,0,46,1,35,34,0,24,1,44,43,0.0,0.005071649817897137,1,53,52,3,-1,4,9,0,54,85,38
242,96,712,68,100,32,132,132,73,73,0,96,132,68,82,14,0.009190237925048503,0.017223186629905716,69,79,10,2,2,2,8,6,30,34,25
243,22,228,40,89,49,106,106,55,55,0,22,28,40,42,2,0.0007147962830593281,0.0009530617107457708,35,39,4,3,3,3,17,2,20,56,88
244,100,100,76,76,0,100,100,90,90,0,100,100,90,90,0,0.07995506994792198,0.09425099560910855,100,100,0,2,1,1,4,40,72,3,9
245,0,0,1,1,0,0,0,1,1,0,0,0,1,1,0,0.0,0.0,1,1,0,-1,-1,-1,8,1,21,45,66
246,22,638,40,100,60,94,124,49,67,18,22,124,40,81,41,0.0020082371762143027,0.03257428775656081,44,90,46,2,3,3,9,2,31,61,2
247,174,774,89,100,11,120,120,90,90,0,120,120,90,90,0,0.02382654276864427,0.04666598590830185,83,99,16,2,2,2,6,20,69,23,11
248,128,128,79,79,0,128,128,74,74,0,128,128,80,80,0,0.010449640899962559,0.010449640899962559,69,69,0,-1,2,2,8,9,10,31,45
249,28,28,44,44,0,88,88,47,47,0,28,28,44,44,0,0.0030293747234419145,0.0030293747234419145,48,48,0,-1,3,3,8,6,10,70,96
250,0,102,1,77,76,0,5,1,26,25,0,2,1,26,25,0.0,0.00017018959120460194,1,30,29,4,-1,5,4,0,53,40,60
251,80,80,68,68,0,60,60,55,55,0,60,60,60,60,0,0.008135062459579971,0.008135062459579971,66,66,0,-1,3,3,5,13,70,24,97
252,0,206,1,90,89,0,30,1,34,33,0,30,1,47,46,0.0,0.011640968038394772,1,75,74,3,-1,4,5,0,50,81,39
253,6,6,31,31,0,12,12,37,37,0,6,6,31,31,0,0.0005786446100956465,0.0005786446100956465,35,35,0,-1,4,4,2,1,99,49,45
254,16,222,35,91,56,110,110,59,59,0,16,22,35,40,5,0.003437829742332959,0.004186663943633207,52,53,1,3,3,3,10,1,18,90,71
255,81,1721,75,100,25,32,56,63,83,20,32,56,65,84,19,0.012491915994417782,0.07668742979679363,78,98,20,1,3,2,2,13,98,33,23
256,2,104,26,71,45,6,6,26,26,0,2,4,26,28,2,0.0,0.00010211375472276115,1,28,27,4,5,5,5,1,52,68,55
257,0,616,1,100,99,0,62,1,38,37,0,45,1,51,50,0.0,0.0051397256543789785,1,53,52,2,-1,3,9,0,29,82,28
258,6,6,29,29,0,13,13,29,29,0,6,6,29,29,0,0.00013615167296368154,0.00013615167296368154,31,31,0,-1,4,4,5,1,61,65,84
259,88,294,73,98,25,48,48,64,64,0,48,48,66,66,0,0.011845195547840293,0.01405766023350012,71,76,5,3,3,3,3,9,85,27,75
260,100,100,64,64,0,100,100,49,49,0,100,100,64,64,0,0.04251335988290956,0.04319411824772797,96,96,0,3,1,1,8,15,42,16,63
261,0,102,1,86,85,0,3,1,28,27,0,2,1,28,27,0.0,0.00034037918240920387,1,34,33,4,-1,5,2,0,97,81,42
262,106,106,80,80,0,78,78,78,78,0,78,78,78,78,0,0.013615167296368155,0.013615167296368155,75,75,0,-1,2,2,4,8,67,17,76
263,42,248,52,92,40,132,132,64,64,0,40,54,49,54,5,0.0033357159876101976,0.006092787365124749,51,59,8,3,3,3,12,6,14,41,73
264,72,278,73,98,25,48,48,73,73,0,48,48,75,75,0,0.013717281051090916,0.015283025290173252,75,77,2,3,3,3,3,8,92,20,53
265,2,1642,26,100,74,15,188,26,70,44,2,188,26,85,59,0.0,0.03002144388849178,1,92,91,1,5,2,14,1,25,78,7
266,38,654,52,100,48,54,64,52,59,7,38,64,52,62,10,0.00176997174852786,0.010143299635794275,43,70,27,2,3,3,4,4,83,64,32
267,48,254,61,95,34,28,28,44,44,0,28,28,51,51,0,0.007113924912352361,0.011675005956635693,64,73,9,3,3,3,3,7,92,48,57
268,100,100,72,72,0,100,100,77,77,0,100,100,77,77,0,0.04350045951189625,0.04350045951189625,97,97,0,-1,1,1,6,12,69,37,40
269,0,0,1,1,0,0,0,1,1,0,0,0,1,1,0,0.0,0.0,1,1,0,-1,-1,-1,4,0,78,81,85
270,100,100,61,61,0,100,100,40,40,0,100,100,61,61,0,0.02365635317743967,0.025085945743558324,88,89,1,2,1,1,14,14,8,32,71
271,92,298,71,95,24,84,84,77,77,0,84,84,78,78,0,0.011028285510058205,0.01960584090677014,71,83,12,3,2,2,5,7,88,48,39
272,0,206,1,89,88,0,20,1,27,26,0,6,1,27,26,0.0,0.0006467204465774873,1,33,32,3,-1,4,9,0,29,82,42
273,50,151,57,87,30,44,44,50,50,0,44,44,57,57,0,0.005241839409101739,0.005377991082065421,57,57,0,5,3,3,4,6,73,26,65
274,206,406,94,100,6,72,72,85,85,0,72,72,85,85,0,0.03209775690118792,0.03274447734776541,92,92,0,3,2,2,3,22,60,9,61
275,253,453,99,100,1,56,56,88,88,0,56,56,88,88,0,0.044045066203750975,0.04506620375097859,97,97,0,3,2,2,2,40,93,3,53
276,91,193,68,92,24,80,80,65,65,0,80,80,68,68,0,0.009054086252084823,0.009598692943939549,67,67,0,4,2,2,6,8,69,44,51
277,0,1640,1,100,99,0,80,1,41,40,0,80,1,57,56,0.0,0.016270124919159943,1,77,76,1,-1,2,9,1,29,50,24
278,64,270,58,95,37,70,70,54,54,0,64,70,61,61,0,0.006977773239388679,0.016440314510364547,60,79,19,3,3,3,5,4,50,72,39
279,148,354,88,99,11,88,88,82,82,0,88,88,82,82,0,0.022465026039007456,0.028932230504782327,85,89,4,3,2,2,4,18,72,30,25
280,6,212,30,94,64,8,8,31,31,0,6,8,30,35,5,0.00013615167296368154,0.010619830491167161,29,70,41,3,4,4,2,1,91,88,37
281,0,206,1,92,91,0,20,1,34,33,0,20,1,45,44,0.0,0.00442492937131965,1,55,54,3,-1,4,4,0,47,79,57
282,118,118,77,77,0,272,272,87,87,0,118,118,77,77,0,0.010517716736444398,0.010517716736444398,67,67,0,-1,2,2,14,5,8,25,40
283,0,102,1,77,76,0,5,1,26,25,0,2,1,26,25,0.0,0.0002382654276864427,1,31,30,4,-1,5,4,0,79,67,55
284,6,212,27,90,63,32,32,34,34,0,6,27,27,39,12,0.00176997174852786,0.006671431975220395,40,57,17,3,4,4,6,2,51,94,25
285,0,1640,1,100,99,0,56,1,52,51,0,46,1,53,52,0.0,0.022226760611321013,1,86,85,1,-1,2,5,0,49,66,61
286,104,720,80,100,20,80,80,60,60,0,80,80,65,65,0,0.014772456516559448,0.021443888491779844,78,84,6,2,3,3,5,9,50,39,77
287,100,100,68,68,0,100,100,57,57,0,100,100,68,68,0,0.038258620102794516,0.05129514278906702,94,96,2,2,1,1,8,16,39,12,5
288,95,95,61,61,0,106,106,67,67,0,95,95,63,63,0,0.0088498587426393,0.0088498587426393,63,63,0,-1,2,2,7,6,46,35,40
289,0,1640,1,100,99,0,102,1,65,64,0,102,1,75,74,0.0,0.027094182919772627,1,87,86,1,-1,2,8,0,21,98,18
290,0,0,1,1,0,0,0,1,1,0,0,0,1,1,0,0.0,0.0,1,1,0,-1,-1,-1,11,0,33,82,92
291,2,2,27,27,0,5,5,27,27,0,2,2,27,27,0,6.807583648184077e-05,6.807583648184077e-05,28,28,0,-1,5,5,4,1,79,78,84
292,353,953,97,100,3,128,128,92,92,0,128,128,92,92,0,0.037509785901494265,0.0582729160284557,94,97,3,2,2,2,5,30,50,7,10
293,6,212,30,94,64,12,12,32,32,0,6,12,30,36,6,0.00034037918240920387,0.012968446849790666,33,76,43,3,4,4,2,1,91,4,18
294,0,0,1,1,0,0,0,1,1,0,0,0,1,1,0,0.0,0.0,1,1,0,-1,-1,-1,2,1,97,69,45
295,16,632,39,100,61,28,44,36,42,6,16,47,39,55,16,0.0004765308553728854,0.0051397256543789785,35,51,16,2,3,3,6,1,69,4,28
296,46,252,63,97,34,28,28,46,46,0,28,28,53,53,0,0.005650294427992784,0.011028285510058205,58,73,15,3,3,3,3,6,81,13,62
297,16,632,34,99,65,76,108,36,59,23,16,87,34,58,24,0.0009870996289866913,0.011096361346540046,38,70,32,2,3,3,12,2,6,42,33
298,63,269,61,94,33,60,60,53,53,0,60,60,60,60,0,0.007182000748834201,0.016133973246196264,62,79,17,3,3,3,5,8,49,57,19
299,6,6,30,30,0,15,15,31,31,0,6,6,30,30,0,0.00010211375472276115,0.00010211375472276115,30,30,0,-1,4,4,6,1,74,60,97
300,40,142,54,87,33,48,48,70,70,0,40,48,70,71,1,0.006841621566424997,0.010687906327649,60,69,9,4,2,2,3,1,94,55,57
301,84,84,66,66,0,90,90,71,71,0,84,84,71,71,0,0.007386228258279724,0.007386228258279724,60,60,0,-1,2,2,6,5,69,47,76
302,56,158,56,87,31,54,54,56,56,0,54,54,57,57,0,0.010381565063480718,0.012662105585622384,67,71,4,4,3,3,4,5,67,25,90
303,16,118,41,82,41,28,28,42,42,0,16,28,41,50,9,0.002212464685659825,0.0034718676605738795,47,51,4,4,3,3,3,2,64,94,54
304,0,0,1,1,0,0,0,1,1,0,0,0,1,1,0,0.0,0.0,1,1,0,-1,-1,-1,11,0,33,76,66
305,0,206,1,92,91,0,14,1,34,33,0,7,1,36,35,0.0,0.0011913271384322134,1,39,38,3,-1,4,3,0,76,82,61
306,12,12,35,35,0,18,18,36,36,0,12,12,35,35,0,0.002212464685659825,0.002212464685659825,46,46,0,-1,4,4,3,2,82,75,87
307,160,260,91,95,4,72,72,80,80,0,72,72,80,80,0,0.023009632730862182,0.02314578440382586,86,87,1,4,2,2,3,18,76,5,4
308,0,206,1,92,91,0,15,1,31,30,0,6,1,31,30,0.0,0.0028591851322373124,1,47,46,3,-1,4,6,0,69,87,90
309,100,100,58,58,0,100,100,35,35,0,100,100,59,59,0,0.041934715272813915,0.07767452942578032,96,100,4,1,1,1,17,27,20,10,3
310,0,616,1,100,99,0,34,1,38,37,0,34,1,50,49,0.0,0.012015385139044895,1,75,74,2,-1,3,4,0,53,66,12
311,208,208,89,89,0,252,252,92,92,0,208,208,89,89,0,0.017495489975833077,0.017495489975833077,79,79,0,-1,2,2,11,8,33,20,87
312,0,0,1,1,0,0,0,1,1,0,0,0,1,1,0,0.0,0.0,1,1,0,-1,-1,-1,6,0,74,76,92
313,100,100,66,66,0,100,100,67,67,0,100,100,73,73,0,0.05915790190271963,0.06926716362027298,98,99,1,2,1,1,5,22,52,9,12
314,136,136,82,82,0,184,184,83,83,0,136,136,82,82,0,0.014908608189523128,0.014908608189523128,77,77,0,-1,2,2,10,8,1,20,66
315,136,752,84,100,16,248,248,90,90,0,136,152,84,85,1,0.011675005956635693,0.013785356887572755,71,74,3,2,2,2,11,7,38,62,53
316,32,648,43,100,57,94,114,45,64,19,32,114,43,76,33,0.0019741992579733825,0.017325300384628477,41,79,38,2,3,3,9,2,29,61,23
317,44,44,56,56,0,64,64,64,64,0,44,44,58,58,0,0.007182000748834201,0.007182000748834201,61,61,0,-1,3,3,4,7,77,62,45
318,22,228,42,87,45,102,102,56,56,0,22,31,42,43,1,0.0013955546478777359,0.002144388849177984,40,42,2,3,3,3,12,2,2,61,64
319,100,100,57,57,0,100,100,38,38,0,100,100,57,57,0,0.045338507096905956,0.0477551992920113,97,98,1,2,1,1,16,30,4,7,43
320,100,100,66,66,0,100,100,49,49,0,100,100,66,66,0,0.017972020831205963,0.01844855168657885,79,80,1,4,1,1,9,1,54,4,63
321,91,297,76,99,23,38,38,59,59,0,38,38,62,62,0,0.015317063208414174,0.02563055243541305,78,88,10,3,3,3,3,12,92,37,12
322,42,248,57,99,42,22,22,47,47,0,22,22,52,52,0,0.00793083495013445,0.009360427516253106,66,69,3,3,3,3,2,6,89,34,52
323,42,144,58,89,31,48,48,59,59,0,48,48,63,63,0,0.007862759113652609,0.00881582082439838,63,69,6,4,3,3,3,5,75,25,51
324,16,16,38,38,0,72,72,49,49,0,16,16,38,38,0,0.0021784267674189047,0.0021784267674189047,46,46,0,-1,3,3,7,1,62,53,36
325,386,386,98,98,0,184,184,97,97,0,184,184,98,98,0,0.036760951700194014,0.036760951700194014,93,93,0,-1,2,2,7,30,62,7,82
326,112,728,76,100,24,198,198,83,83,0,112,154,76,84,8,0.00881582082439838,0.013547091459886314,64,75,11,2,2,2,10,7,11,62,13
327,80,286,73,98,25,48,48,67,67,0,48,48,70,70,0,0.007352190340038803,0.01844855168657885,61,84,23,3,3,3,3,6,96,28,6
328,0,0,1,1,0,0,0,1,1,0,0,0,1,1,0,0.0,0.0,1,1,0,-1,-1,-1,7,0,24,85,82
329,183,389,87,96,9,222,222,92,92,0,183,222,86,93,7,0.02038871302631131,0.025970931617822254,82,88,6,3,2,2,10,12,12,37,34
330,126,126,79,79,0,260,260,76,76,0,126,126,79,79,0,0.013138636440995268,0.013138636440995268,71,71,0,-1,2,2,16,8,9,17,93
331,206,412,93,100,7,96,96,90,90,0,96,96,90,90,0,0.026889955410327106,0.030361823070900983,89,90,1,3,2,2,3,18,82,5,29
332,18,634,39,100,61,36,40,36,39,3,18,40,39,48,9,0.000442492937131965,0.005922597773920147,34,54,20,2,3,3,5,2,50,56,21
333,46,662,53,100,47,100,140,45,65,20,46,140,53,80,27,0.0026549576227917903,0.025324211171244768,47,89,42,2,2,2,11,2,19,74,10
334,0,101,1,82,81,0,3,1,24,23,0,1,1,24,23,0.0,0.00017018959120460194,1,30,29,5,-1,6,3,0,60,92,65
335,40,656,47,100,53,66,76,44,54,10,40,64,47,56,9,0.003437829742332959,0.008237176214302734,46,65,19,2,2,2,6,1,51,71,41
336,35,651,50,100,50,96,116,43,61,18,35,116,50,77,27,0.004220701861874128,0.01776779332176044,54,79,25,2,3,3,11,6,19,73,16
337,100,100,72,72,0,100,100,77,77,0,100,100,77,77,0,0.04350045951189625,0.06102998740597025,97,99,2,2,1,1,6,12,69,37,15
338,119,735,83,100,17,48,48,54,54,0,48,48,56,56,0,0.017869907076483203,0.025154021580040164,82,89,7,2,3,3,3,18,87,5,13
339,100,100,60,60,0,100,100,40,40,0,100,100,60,60,0,0.021682153919466287,0.03454848701453419,84,93,9,2,1,1,14,13,25,24,18
340,0,0,1,1,0,0,0,1,1,0,0,0,1,1,0,0.0,0.0,1,1,0,-1,-1,-1,4,0,77,93,86
341,6,1646,30,100,70,16,72,31,51,20,6,71,30,61,31,0.00088498587426393,0.02307770856734402,37,85,48,1,4,2,6,2,65,42,41
342,42,142,56,91,35,32,32,71,71,0,32,32,71,71,0,0.009836958371625992,0.011062323428299126,69,71,2,4,3,3,2,5,99,25,83
343,168,784,89,100,11,110,110,80,80,0,110,110,83,83,0,0.013989584397018279,0.02032063718982947,77,84,7,2,2,2,6,14,48,32,21
344,0,1640,1,100,99,0,96,1,51,50,0,96,1,62,61,0.0,0.03352734946730658,1,91,90,1,-1,2,7,1,46,69,10
345,0,0,1,1,0,0,0,1,1,0,0,0,1,1,0,0.0,0.0,1,1,0,-1,-1,-1,11,0,19,80,91
346,362,464,96,98,2,240,240,97,97,0,240,240,97,97,0,0.03362946322202934,0.03366350114027026,89,89,0,4,2,2,9,22,31,9,55
347,246,246,90,90,0,200,200,93,93,0,200,200,93,93,0,0.024166921951053473,0.024166921951053473,86,86,0,-1,2,2,8,16,27,18,69
348,12,218,34,90,56,24,24,31,31,0,12,24,34,43,9,0.0002042275094455223,0.003914360597705844,29,48,19,3,4,4,6,2,71,63,13
349,196,196,87,87,0,224,224,76,76,0,196,196,87,87,0,0.014295925661186561,0.014295925661186561,73,73,0,-1,2,2,15,14,7,14,85
350,0,102,1,76,75,0,14,1,27,26,0,2,1,26,25,0.0,0.0005786446100956465,1,35,34,4,-1,5,9,0,23,40,42
351,0,0,1,1,0,0,0,1,1,0,0,0,1,1,0,0.0,0.0,1,1,0,-1,-1,-1,7,0,24,87,50
352,38,139,49,83,34,74,74,42,42,0,38,39,49,50,1,0.002757071377514551,0.002757071377514551,45,45,0,5,3,3,9,3,23,54,68
353,0,0,1,1,0,0,0,1,1,0,0,0,1,1,0,0.0,0.0,1,1,0,-1,-1,-1,6,0,41,91,98
354,18,634,46,100,54,18,28,35,44,9,18,28,46,49,3,0.002212464685659825,0.014500153170632085,44,78,34,2,4,3,3,3,58,54,77
355,0,0,1,1,0,0,0,1,1,0,0,0,1,1,0,0.0,0.0,1,1,0,-1,-1,-1,8,0,57,99,76
356,32,648,50,100,50,38,38,46,46,0,32,38,50,50,0,0.00445896728956057,0.009939072126348753,52,73,21,2,3,3,3,3,96,29,26
357,32,648,44,100,56,44,44,44,44,0,32,44,44,49,5,0.002757071377514551,0.03025970931617822,44,91,47,2,3,3,4,2,67,75,0
358,2,2,26,26,0,14,14,27,27,0,2,2,26,26,0,0.0,0.0,1,1,0,-1,5,5,12,2,6,58,84
359,0,0,1,1,0,0,0,1,1,0,0,0,1,1,0,0.0,0.0,1,1,0,-1,-1,-1,4,0,47,97,92
360,268,468,98,100,2,96,96,95,95,0,96,96,95,95,0,0.04278566322883692,0.04700636509071105,95,97,2,3,2,2,3,30,60,7,24
361,80,1720,55,100,45,188,232,80,93,13,80,232,55,94,39,0.005990673610401988,0.03975628850539501,55,95,40,1,2,2,10,3,0,29,7
362,0,206,1,89,88,0,13,1,28,27,0,7,1,35,34,0.0,0.0010892133837094523,1,39,38,3,-1,4,5,0,61,40,83
363,16,16,36,36,0,80,80,43,43,0,16,16,36,36,0,0.0014636304843595766,0.0014636304843595766,41,41,0,-1,3,3,9,1,23,71,59
364,0,101,1,84,83,0,3,1,23,22,0,1,1,23,22,0.0,6.807583648184077e-05,1,27,26,5,-1,6,3,0,92,93,95
365,335,335,99,99,0,96,96,92,92,0,96,96,92,92,0,0.05051227066952585,0.05051227066952585,96,96,0,-1,2,2,3,36,96,2,69
366,140,140,83,83,0,220,220,86,86,0,140,140,83,83,0,0.014772456516559448,0.014772456516559448,72,72,0,-1,2,2,12,8,2,20,59
367,86,702,54,100,46,180,210,64,71,7,86,176,54,87,33,0.003710133088260322,0.01245787807617686,49,73,24,2,2,2,16,3,4,43,14
368,2,2,26,26,0,19,19,27,27,0,2,2,26,26,0,6.807583648184077e-05,6.807583648184077e-05,26,26,0,-1,5,5,16,1,4,68,98
369,292,393,97,100,3,72,72,80,80,0,72,72,80,80,0,0.03652268627250757,0.03652268627250757,93,93,0,5,2,2,3,30,76,7,95
370,0,616,1,100,99,0,34,1,38,37,0,34,1,50,49,0.0,0.02651553830967698,1,91,90,2,-1,3,4,0,53,98,11
371,33,33,57,57,0,22,22,52,52,0,22,22,54,54,0,0.005105687736138058,0.005105687736138058,60,60,0,-1,3,3,2,6,86,35,45
372,90,192,65,87,22,152,152,80,80,0,90,92,66,66,0,0.011845195547840293,0.011845195547840293,73,73,0,4,2,2,8,6,30,77,95
373,16,118,46,86,40,22,22,48,48,0,16,22,47,50,3,0.003812246842983083,0.004016474352428605,52,52,0,4,3,3,2,2,95,94,56
374,0,0,1,1,0,0,0,1,1,0,0,0,1,1,0,0.0,0.0,1,1,0,-1,-1,-1,12,0,6,67,36
375,12,218,37,94,57,12,12,32,32,0,12,12,37,37,0,0.0009870996289866913,0.008951972497362062,38,66,28,3,4,4,2,2,91,74,27
376,44,44,57,57,0,22,22,54,54,0,22,22,54,54,0,0.006603356138738555,0.006603356138738555,62,62,0,-1,3,3,2,4,99,72,92
377,0,206,1,93,92,0,8,1,30,29,0,9,1,36,35,0.0,0.0009190237925048504,1,38,37,3,-1,4,3,0,55,82,54
378,6,6,31,31,0,14,14,36,36,0,6,6,31,31,0,0.0006467204465774873,0.0006467204465774873,38,38,0,-1,4,4,3,2,85,42,93
379,0,616,1,100,99,0,62,1,43,42,0,62,1,53,52,0.0,0.01933353756084278,1,79,78,2,-1,3,6,0,71,81,9
380,0,616,1,100,99,0,62,1,34,33,0,16,1,31,30,0.0,0.0017359338302869397,1,41,40,2,-1,3,14,0,8,82,53
381,1,1641,26,100,74,5,94,26,70,44,1,94,26,71,45,6.807583648184077e-05,0.04945709520405732,28,97,69,1,6,2,5,1,63,78,3
382,44,250,57,99,42,12,12,37,37,0,12,12,42,42,0,0.009360427516253106,0.012662105585622384,68,73,5,3,4,4,2,8,99,8,57
383,6,108,34,85,51,12,12,39,39,0,6,8,34,39,5,0.00030634126416828345,0.0018380475850097008,34,43,9,4,4,4,2,1,93,4,46
384,400,1016,97,100,3,288,288,95,95,0,288,288,95,95,0,0.033084856530174615,0.03465060076925695,91,91,0,2,2,2,12,27,3,10,61
385,100,100,67,67,0,100,100,54,54,0,100,100,67,67,0,0.06831410190952722,0.07590455767725246,100,100,0,2,1,1,9,36,35,2,17
386,0,0,1,1,0,0,0,1,1,0,0,0,1,1,0,0.0,0.0,1,1,0,-1,-1,-1,5,0,45,79,86
387,1,1,26,26,0,6,6,26,26,0,1,1,26,26,0,0.0,0.0,1,1,0,-1,6,6,6,2,34,58,84
388,234,440,91,99,8,120,120,77,77,0,120,120,84,84,0,0.019571802988529223,0.021511964328261683,83,84,1,3,2,2,6,16,40,12,75
389,260,1900,95,100,5,88,112,76,92,16,88,112,79,92,13,0.03240409816535621,0.07386228258279724,91,99,8,1,2,2,4,27,47,10,1
390,16,632,34,100,66,70,70,54,54,0,16,70,34,61,27,0.004935498144933456,0.012287688484972258,53,76,23,2,3,3,5,1,50,90,77
391,10,626,39,100,61,18,28,36,42,6,10,28,39,49,10,0.0014636304843595766,0.020899281799925118,42,87,45,2,4,3,3,3,66,43,7
392,56,157,63,89,26,48,48,66,66,0,48,48,67,67,0,0.005173763572619898,0.005173763572619898,60,60,0,6,3,3,3,6,76,28,58
393,0,616,1,100,99,0,56,1,35,34,0,22,1,39,38,0.0,0.00353994349705572,1,50,49,2,-1,3,11,0,38,92,29
394,1,1641,26,100,74,12,120,26,62,36,1,109,26,75,49,0.00010211375472276115,0.01695088328397835,27,80,53,1,6,2,12,1,14,78,8
395,28,129,41,80,39,84,84,42,42,0,28,29,41,42,1,0.002723033459273631,0.002723033459273631,46,46,0,5,3,3,9,6,29,70,58
396,0,616,1,100,99,0,166,1,60,59,0,166,1,86,85,0.0,0.022839443139657578,1,83,82,2,-1,3,16,0,4,80,10
397,40,656,46,100,54,140,160,65,70,5,40,160,46,85,39,0.003199564314646516,0.0372374825555669,49,93,44,2,2,2,11,1,33,53,2
398,0,616,1,100,99,0,110,1,58,57,0,110,1,75,74,0.0,0.020831205963443275,1,82,81,2,-1,3,10,0,18,80,9
399,152,768,85,100,15,120,120,79,79,0,120,120,81,81,0,0.014329963579427483,0.0160318594914735,79,80,1,2,2,2,6,13,44,33,63
400,36,652,48,100,52,62,82,48,58,10,36,82,48,62,14,0.003948398515946765,0.016372238673882704,53,78,25,2,3,3,6,6,41,73,30
401,40,656,47,100,53,66,66,44,44,0,40,66,47,56,9,0.004901460226692535,0.013376901868681712,52,75,23,2,3,3,6,6,51,73,77
402,6,212,31,92,61,46,66,34,36,2,6,44,31,52,21,0.0002042275094455223,0.007794683277170768,32,63,31,3,4,4,11,1,19,88,20
403,0,616,1,100,99,0,28,1,45,44,0,28,1,50,49,0.0,0.014840532353041287,1,79,78,2,-1,3,3,0,85,81,30
404,6,212,30,91,61,12,20,30,34,4,6,18,30,46,16,0.00010211375472276115,0.0031314884781646754,29,50,21,3,4,4,4,1,83,65,29
405,46,662,49,100,51,128,198,59,71,12,46,198,50,90,40,0.0028932230504782326,0.025119983661799246,49,89,40,2,2,2,14,2,8,83,0
406,302,918,97,100,3,256,256,96,96,0,256,256,96,96,0,0.02556247659893121,0.0315531502093332,88,89,1,2,2,2,10,15,0,16,21
407,16,632,35,100,65,50,80,34,40,6,16,50,35,51,16,0.00037441710065012424,0.0051397256543789785,34,55,21,2,3,3,10,1,18,4,72
408,22,228,46,95,49,40,40,43,43,0,22,40,46,51,5,0.002280540522141666,0.007794683277170768,48,63,15,3,3,3,5,2,45,52,31
409,100,100,63,63,0,100,100,56,56,0,100,100,63,63,0,0.05616256509751864,0.056298716770482315,98,98,0,4,1,1,7,30,24,7,63
410,0,0,1,1,0,0,0,1,1,0,0,0,1,1,0,0.0,0.0,1,1,0,-1,-1,-1,2,0,86,87,91
411,6,107,28,80,52,26,26,33,33,0,6,7,28,33,5,0.0006467204465774873,0.0006467204465774873,35,35,0,5,4,4,5,1,50,49,58
412,16,222,36,91,55,30,30,36,36,0,16,22,36,47,11,0.003880322679464924,0.004561081044283332,52,55,3,3,4,4,5,6,61,73,42
413,8,624,37,100,63,26,40,36,42,6,8,40,37,52,15,0.00030634126416828345,0.007284114503556962,34,62,28,2,4,3,5,2,49,56,73
414,18,224,45,93,48,28,28,44,44,0,18,28,45,50,5,0.001599782157323258,0.004833384390210695,41,52,11,3,3,3,3,2,92,61,29
415,0,616,1,100,99,0,70,1,39,38,0,68,1,57,56,0.0,0.009496579189216788,1,69,68,2,-1,3,9,1,29,69,27
416,136,136,83,83,0,152,152,82,82,0,136,136,84,84,0,0.010926171755335444,0.010926171755335444,69,69,0,-1,2,2,9,7,26,48,50
417,40,656,48,99,51,102,162,57,66,9,40,162,48,87,39,0.003914360597705844,0.025902855781340415,53,89,36,2,3,3,12,6,6,73,1
418,100,100,78,78,0,100,100,97,97,0,100,100,97,97,0,0.05163552197147622,0.05163552197147622,98,98,0,-1,1,1,3,3,96,46,97
419,38,244,44,94,50,136,136,61,61,0,38,44,44,47,3,0.0011913271384322134,0.001497668402600497,39,41,2,3,3,3,15,4,7,64,56
420,42,658,50,100,50,114,156,58,66,8,42,135,51,79,28,0.0008169100377820892,0.01153885428367201,36,66,30,2,2,2,16,2,9,56,19
421,16,222,39,93,54,38,38,51,51,0,16,38,39,53,14,0.0024507301133462676,0.008135062459579971,48,66,18,3,3,3,3,1,82,53,25
422,16,1656,35,100,65,86,164,43,76,33,16,164,35,86,51,0.002280540522141666,0.04785731304673406,45,97,52,1,3,2,10,1,36,53,2
423,150,251,84,92,8,208,208,88,88,0,150,151,84,84,0,0.014329963579427483,0.014432077334150244,76,76,0,5,2,2,10,8,11,17,78
424,112,1752,76,100,24,156,180,84,93,9,112,180,78,93,15,0.009122162088566664,0.032880629020729094,66,93,27,1,2,2,8,7,10,62,39
425,308,1908,97,100,3,376,376,98,98,0,308,376,97,99,2,0.022703291466693896,0.057864461009564654,87,99,12,1,2,2,16,18,9,30,2
426,431,2071,99,100,1,336,360,96,98,2,336,360,98,98,0,0.03257428775656081,0.058443105619660304,92,99,7,1,2,2,15,29,7,11,10
427,32,238,46,91,45,70,70,42,42,0,32,40,46,50,4,0.0019741992579733825,0.0036760951700194017,44,52,8,3,3,3,8,3,10,51,83
428,2,2,28,28,0,4,4,28,28,0,2,2,28,28,0,3.4037918240920386e-05,3.4037918240920386e-05,26,26,0,-1,5,5,3,1,55,95,80
429,202,304,93,96,3,120,120,80,80,0,120,120,81,81,0,0.021443888491779844,0.021511964328261683,86,86,0,4,2,2,6,19,34,15,55
430,149,349,90,100,10,62,62,82,82,0,62,62,82,82,0,0.02209060893835733,0.026004969536063176,86,88,2,3,2,2,3,15,92,19,38
431,200,406,87,97,10,206,206,91,91,0,206,206,92,92,0,0.01783586915824228,0.018857006705469893,78,81,3,3,2,2,9,13,54,33,43
432,386,2026,96,100,4,310,344,97,99,2,310,344,97,99,2,0.026039007454304094,0.04496408999625583,88,95,7,1,2,2,11,19,33,15,32
433,2,208,27,92,65,6,18,29,37,8,2,18,27,46,19,0.0002042275094455223,0.012662105585622384,31,76,45,3,5,4,3,1,85,65,15
434,0,0,1,1,0,0,0,1,1,0,0,0,1,1,0,0.0,0.0,1,1,0,-1,-1,-1,10,0,18,82,96
435,119,325,81,98,17,78,78,72,72,0,78,78,75,75,0,0.018993158378433576,0.021784267674189048,82,86,4,3,2,2,4,12,47,37,35
436,84,185,59,89,30,206,206,81,81,0,84,85,59,59,0,0.009836958371625992,0.009870996289866912,71,71,0,5,2,2,12,5,3,25,68
437,0,616,1,100,99,0,40,1,38,37,0,40,1,52,51,0.0,0.009326389598012186,1,67,66,2,-1,3,5,0,63,67,17
438,306,512,98,100,2,280,280,99,99,0,280,280,99,99,0,0.029374723441914292,0.029612988869600735,89,89,0,3,2,2,10,15,1,16,56
439,0,0,1,1,0,0,0,1,1,0,0,0,1,1,0,0.0,0.0,1,1,0,-1,-1,-1,3,0,64,89,79
440,100,100,59,59,0,100,100,40,40,0,100,100,59,59,0,0.057728309336600975,0.057728309336600975,99,99,0,-1,1,1,15,40,7,3,86
441,32,133,48,80,32,100,100,45,45,0,32,33,48,48,0,0.003199564314646516,0.003267640151128357,49,49,0,5,3,3,10,2,1,83,78
442,240,240,90,90,0,300,300,91,91,0,240,240,90,90,0,0.011845195547840293,0.011845195547840293,68,68,0,-1,2,2,14,9,25,31,80
443,122,328,81,96,15,78,78,73,73,0,78,78,73,73,0,0.018176248340651485,0.02392865652336703,84,86,2,3,2,2,4,9,79,39,21
444,18,18,39,39,0,36,36,36,36,0,18,18,39,39,0,0.000442492937131965,0.000442492937131965,34,34,0,-1,3,3,5,2,50,56,69
445,27,233,53,94,41,14,18,34,39,5,14,18,40,45,5,0.003608019333537561,0.009224275843289425,51,68,17,3,4,4,3,6,55,35,25
446,70,670,65,100,35,60,60,49,49,0,60,60,59,59,0,0.00789679703189353,0.011640968038394772,63,72,9,2,3,3,5,9,88,31,41
447,82,184,63,87,24,128,128,69,69,0,82,84,63,63,0,0.008509479560230097,0.008713707069675619,64,65,1,4,3,3,8,7,30,48,88
448,57,158,69,90,21,48,48,68,68,0,48,48,69,69,0,0.009394465434494027,0.009598692943939549,72,72,0,5,3,3,3,8,81,44,63
449,100,100,68,68,0,100,100,57,57,0,100,100,68,68,0,0.06807583648184078,0.0693012015385139,100,100,0,3,1,1,8,36,39,2,52
450,100,100,58,58,0,100,100,38,38,0,100,100,58,58,0,0.011130399264780965,0.03247217400183805,61,94,33,2,1,1,16,6,9,70,0
451,101,203,83,94,11,32,32,69,69,0,32,32,69,69,0,0.013989584397018279,0.0141938119064638,79,79,0,4,3,3,2,15,90,19,49
452,2,208,28,95,67,3,12,28,40,12,2,12,28,40,12,0.00013615167296368154,0.006024711528642908,30,59,29,3,5,4,2,1,95,60,48
453,0,206,1,90,89,0,26,1,33,32,0,6,1,28,27,0.0,0.0011913271384322134,1,39,38,3,-1,4,7,0,43,99,53
454,94,194,75,92,17,54,54,60,60,0,54,54,62,62,0,0.010381565063480718,0.011096361346540046,71,74,3,4,3,3,4,9,78,27,51
455,100,100,77,77,0,100,100,96,96,0,100,100,96,96,0,0.09081316586677558,0.09081316586677558,100,100,0,-1,1,1,3,29,66,1,59
456,24,640,49,100,51,22,22,42,42,0,22,22,45,45,0,0.0024507301133462676,0.028762040913577726,47,93,46,2,3,3,2,6,91,70,3
457,38,654,47,100,53,80,94,44,47,3,38,94,47,65,18,0.0016678579938050988,0.010279451308757957,42,70,28,2,3,3,9,3,54,43,24
458,230,846,90,100,10,144,144,89,89,0,144,144,90,90,0,0.01960584090677014,0.027945130875795636,84,89,5,2,2,2,6,18,40,5,32
459,52,258,49,94,45,126,126,59,59,0,52,58,49,51,2,0.0022465026039007454,0.002825147213996392,46,48,2,3,2,2,15,3,7,43,42
460,24,230,50,96,46,22,22,49,49,0,22,22,53,53,0,0.0029612988869600733,0.00622893903808843,49,62,13,3,3,3,2,6,90,70,47
461,120,222,80,92,12,152,152,80,80,0,120,122,81,81,0,0.010449640899962559,0.010517716736444398,70,71,1,4,2,2,8,7,30,21,95
462,0,206,1,86,85,0,40,1,33,32,0,19,1,41,40,0.0,0.003165526396405596,1,47,46,3,-1,4,8,1,27,69,22
463,53,259,54,93,39,70,70,56,56,0,70,70,63,63,0,0.005037611899656217,0.00881582082439838,53,67,14,3,3,3,5,6,37,35,47
464,0,0,1,1,0,0,0,1,1,0,0,0,1,1,0,0.0,0.0,1,1,0,-1,-1,-1,3,0,81,92,45
465,6,1646,29,100,71,14,94,30,61,31,6,94,29,68,39,0.00010211375472276115,0.04047108478845434,29,95,66,1,4,2,5,1,52,60,7
466,100,100,59,59,0,100,100,46,46,0,100,100,59,59,0,0.01746145205759216,0.03444637325981143,77,94,17,1,1,1,11,3,5,54,20
467,40,40,56,56,0,56,56,80,80,0,40,40,79,79,0,0.006467204465774873,0.006467204465774873,57,57,0,-1,2,2,2,1,91,53,86
468,258,458,94,97,3,250,250,89,89,0,250,250,93,93,0,0.019810068416215663,0.02021852343510671,81,82,1,3,2,2,13,16,13,12,64
469,256,462,97,100,3,72,72,80,80,0,72,72,80,80,0,0.03475271452397971,0.04261547363763232,94,95,1,3,2,2,3,27,66,10,19
470,0,616,1,100,99,0,56,1,44,43,0,56,1,52,51,0.0,0.013479015623404473,1,77,76,2,-1,3,6,0,59,87,18
471,0,1640,1,100,99,0,82,1,47,46,0,68,1,57,56,0.0,0.019095272133156337,1,84,83,1,-1,2,7,0,24,85,38
472,32,134,51,89,38,48,48,59,59,0,32,48,52,62,10,0.004799346471969774,0.005037611899656217,54,55,1,4,3,3,3,3,75,29,63
473,6,212,30,89,59,28,36,34,36,2,6,36,30,46,16,0.0002042275094455223,0.006841621566424997,29,58,29,3,4,4,6,1,71,4,8
474,46,662,57,100,43,24,44,37,53,16,24,44,54,57,3,0.007352190340038803,0.031995643146465164,62,91,29,2,4,3,4,9,77,31,0
475,0,616,1,100,99,0,56,1,45,44,0,56,1,57,56,0.0,0.021477926410020762,1,84,83,2,-1,3,6,0,74,59,10
476,158,364,92,100,8,22,22,42,42,0,22,22,45,45,0,0.018959120460192654,0.02365635317743967,85,88,3,3,3,3,2,19,91,15,44
477,106,106,83,83,0,64,64,68,68,0,64,64,69,69,0,0.009973110044589673,0.009973110044589673,70,70,0,-1,3,3,4,13,73,24,36
478,100,100,64,64,0,100,100,59,59,0,100,100,64,64,0,0.02641342455495422,0.02641342455495422,88,88,0,-1,1,1,6,3,40,51,50
479,142,244,87,95,8,118,118,93,93,0,118,118,93,93,0,0.0176997174852786,0.018108172504169646,80,82,2,4,2,2,5,9,45,39,56
480,2,208,29,97,68,4,12,30,38,8,2,12,29,43,14,0.0002042275094455223,0.019878144252697506,31,83,52,3,5,4,2,1,97,65,11
481,190,806,88,100,12,184,184,94,94,0,184,184,95,95,0,0.013104598522754349,0.02028659927158855,74,84,10,2,2,2,7,9,24,27,48
482,50,50,54,54,0,74,74,42,42,0,44,44,51,51,0,0.003369753905851118,0.003369753905851118,47,47,0,-1,3,3,9,6,31,41,92
483,1,1,25,25,0,6,6,25,25,0,1,1,25,25,0,0.0,0.0,1,1,0,-1,6,6,6,1,69,68,45
484,84,185,58,89,31,126,126,77,77,0,84,85,59,60,1,0.010994247591817285,0.010994247591817285,73,73,0,5,2,2,7,5,46,25,58
485,144,760,85,100,15,220,230,82,86,4,144,230,85,93,8,0.00704584907587052,0.01657646618332823,60,78,18,2,2,2,12,6,6,13,27
486,30,630,54,100,46,22,22,47,47,0,22,22,52,52,0,0.006297014874570271,0.026753803737363423,62,90,28,2,3,3,2,4,89,38,7
487,1,1,25,25,0,6,6,25,25,0,1,1,25,25,0,0.0,0.0,1,1,0,-1,6,6,6,1,69,68,67
488,210,1850,91,100,9,104,128,82,91,9,104,128,83,91,8,0.021239660982334322,0.05640083052520508,84,97,13,1,2,2,5,16,50,12,9
489,0,206,1,96,95,0,8,1,33,32,0,8,1,39,38,0.0,0.0031314884781646754,1,49,48,3,-1,4,2,1,93,69,35
490,46,46,52,52,0,80,80,45,45,0,46,46,53,53,0,0.00353994349705572,0.00353994349705572,49,49,0,-1,2,2,9,2,31,83,97
491,100,306,77,95,18,72,72,77,77,0,72,72,77,77,0,0.009564655025698629,0.01575955614554614,72,79,7,3,2,2,3,6,82,13,21
492,62,678,56,100,44,112,142,63,70,7,62,142,56,81,25,0.004288777698355968,0.03311889444841554,53,91,38,2,2,2,8,6,15,70,3
493,100,100,64,64,0,100,100,44,44,0,100,100,64,64,0,0.055107389632050106,0.0634466796010756,100,100,0,2,1,1,13,40,13,3,39
494,16,117,46,86,40,22,22,48,48,0,16,17,47,49,2,0.0012594029749140542,0.0013615167296368155,40,40,0,5,3,3,2,1,95,49,60
495,150,250,90,99,9,56,56,82,82,0,56,56,82,82,0,0.029374723441914292,0.029442799278396135,91,91,0,5,2,2,2,20,89,23,65
496,128,334,81,96,15,150,150,85,85,0,128,150,86,88,2,0.00796487286837537,0.013819394805813677,61,77,16,3,2,2,7,5,46,47,27
497,278,278,95,95,0,344,344,93,93,0,278,278,95,95,0,0.02552843868069029,0.02552843868069029,87,87,0,-1,2,2,17,15,20,16,40
498,0,206,1,97,96,0,7,1,33,32,0,7,1,39,38,0.0,0.0012934408931549745,1,41,40,3,-1,4,2,0,97,67,54
499,100,100,59,59,0,100,100,46,46,0,100,100,59,59,0,0.01940161339732462,0.03448041117805235,82,94,12,2,1,1,11,6,5,28,18
500,6,212,28,86,58,18,32,28,32,4,6,18,28,39,11,0.0002042275094455223,0.0019061234214915416,29,40,11,3,4,4,8,1,27,95,52
501,0,616,1,100,99,0,84,1,47,46,0,84,1,63,62,0.0,0.015248987371932332,1,79,78,2,-1,3,9,0,23,96,15
502,0,616,1,100,99,0,76,1,38,37,0,76,1,57,56,0.0,0.010177337554035196,1,70,69,2,-1,3,10,0,36,79,14
503,40,656,48,100,52,45,72,38,53,15,40,72,48,65,17,0.01055175465468532,0.01940161339732462,69,83,14,2,2,2,6,2,56,58,14
504,160,261,91,97,6,48,48,64,64,0,48,48,66,66,0,0.019027196296674494,0.019095272133156337,83,83,0,5,3,3,3,19,85,15,60
505,282,898,94,100,6,262,262,95,95,0,262,262,95,95,0,0.022737329384934817,0.035059055788148,83,94,11,2,2,2,11,16,38,12,5
506,100,100,60,60,0,100,100,40,40,0,100,100,60,60,0,0.0489124885122026,0.0489124885122026,98,98,0,-1,1,1,14,29,25,1,96
507,112,112,75,75,0,190,190,78,78,0,112,112,75,75,0,0.009258313761530345,0.009258313761530345,65,65,0,-1,2,2,12,4,2,38,59
508,219,835,91,100,9,184,184,78,78,0,184,184,87,87,0,0.022328874366043774,0.031485074372851356,85,91,6,2,2,2,10,20,18,23,32
509,100,100,66,66,0,100,100,45,45,0,100,100,66,66,0,0.06007692569522448,0.07396439633752,99,100,1,2,1,1,10,40,1,3,6
510,64,64,67,67,0,48,48,73,73,0,48,48,75,75,0,0.013989584397018279,0.013989584397018279,76,76,0,-1,3,3,3,9,92,39,59
511,0,616,1,99,98,0,76,1,40,39,0,59,1,55,54,0.0,0.009122162088566664,1,64,63,2,-1,3,11,0,19,92,33
512,84,290,60,94,34,170,170,72,72,0,84,96,60,62,2,0.006943735321147759,0.008951972497362062,60,63,3,3,2,2,11,6,19,26,75
513,6,6,31,31,0,18,18,38,38,0,6,6,31,31,0,0.0010892133837094523,0.0010892133837094523,39,39,0,-1,4,4,3,1,85,71,45
514,22,228,48,97,49,28,28,45,45,0,22,28,49,51,2,0.0012253650566731338,0.006773545729943157,37,58,21,3,3,3,3,2,94,74,31
515,78,180,62,89,27,142,142,78,78,0,78,80,62,62,0,0.00789679703189353,0.00803294870485721,63,63,0,4,2,2,8,7,21,62,65
516,179,179,91,91,0,104,104,88,88,0,104,104,88,88,0,0.02307770856734402,0.02307770856734402,86,86,0,-1,2,2,5,16,88,18,45
517,119,119,84,84,0,78,78,75,75,0,78,78,77,77,0,0.011709043874876613,0.011709043874876613,73,73,0,-1,2,2,4,13,77,24,98
518,0,616,1,100,99,0,46,1,33,32,0,16,1,34,33,0.0,0.002927260968719153,1,48,47,2,-1,3,10,0,1,89,46
519,58,658,62,100,38,54,54,60,60,0,54,54,62,62,0,0.00980292045338507,0.03638653459954389,69,94,25,2,3,3,4,6,78,77,3
520,0,616,1,99,98,0,124,1,58,57,0,74,1,54,53,0.0,0.011606930120153852,1,69,68,2,-1,3,17,0,20,79,39
521,12,114,40,86,46,18,18,36,36,0,12,18,40,44,4,0.0020422750944552232,0.002144388849177984,46,47,1,4,4,4,3,2,66,83,63
522,16,16,42,42,0,22,22,42,42,0,16,16,42,42,0,0.002484768031587188,0.002484768031587188,49,49,0,-1,3,3,2,3,68,46,86
523,18,18,47,47,0,44,44,50,50,0,18,18,47,47,0,0.0016338200755641784,0.0016338200755641784,43,43,0,-1,3,3,4,2,73,61,92
524,0,102,1,78,77,0,15,1,26,25,0,2,1,26,25,0.0,0.0002723033459273631,1,29,28,4,-1,5,13,0,13,80,60
525,22,123,41,80,39,46,46,41,41,0,22,23,41,45,4,0.0017018959120460194,0.0017018959120460194,41,41,0,5,3,3,6,2,34,52,95
526,0,101,1,80,79,0,3,1,25,24,0,1,1,25,24,0.0,0.00010211375472276115,1,29,28,5,-1,6,3,0,55,99,60
527,0,616,1,100,99,0,58,1,40,39,0,31,1,50,49,0.0,0.006262976956329351,1,60,59,2,-1,3,8,0,57,81,25
528,232,232,92,92,0,268,268,96,96,0,232,232,92,92,0,0.013138636440995268,0.013138636440995268,74,74,0,-1,2,2,12,13,14,24,69
529,58,58,68,68,0,46,46,82,82,0,46,46,83,83,0,0.011062323428299126,0.011062323428299126,71,71,0,-1,2,2,2,4,98,72,40
530,6,6,32,32,0,24,24,38,38,0,6,6,32,32,0,0.002723033459273631,0.002723033459273631,48,48,0,-1,4,4,4,3,79,46,76
531,0,1640,1,100,99,0,80,1,60,59,0,80,1,66,65,0.0,0.042479321964668644,1,97,96,1,-1,2,6,0,56,67,2
532,0,206,1,93,92,0,26,1,35,34,0,26,1,48,47,0.0,0.005718370264474625,1,55,54,3,-1,4,5,0,45,40,21
533,94,300,70,99,29,68,68,72,72,0,68,68,74,74,0,0.012730181422104225,0.016610504101569147,71,79,8,3,2,2,4,9,67,31,47
534,0,616,1,100,99,0,68,1,39,38,0,68,1,58,57,0.0,0.00891793457912114,1,64,63,2,-1,3,8,0,15,87,24
535,0,206,1,94,93,0,12,1,29,28,0,10,1,36,35,0.0,0.0012594029749140542,1,39,38,3,-1,4,4,1,53,69,54
536,0,206,1,92,91,0,26,1,32,31,0,26,1,44,43,0.0,0.007113924912352361,1,57,56,3,-1,4,7,0,46,96,8
537,28,234,46,94,48,60,60,40,40,0,28,40,46,50,4,0.002110350930937064,0.0034037918240920387,45,50,5,3,3,3,9,3,35,54,61
538,42,248,57,97,40,46,46,79,79,0,42,46,80,80,0,0.006739507811702236,0.009326389598012186,60,66,6,3,2,2,2,3,91,51,22
539,24,230,48,93,45,38,38,59,59,0,24,38,49,61,12,0.0026209197045508697,0.006977773239388679,46,62,16,3,3,3,3,3,92,54,72
540,94,1734,71,100,29,76,120,60,89,29,76,120,65,89,24,0.010687906327649,0.03611423125361653,70,95,25,1,3,2,6,9,69,27,73
541,0,101,1,74,73,0,5,1,25,24,0,1,1,25,24,0.0,6.807583648184077e-05,1,27,26,5,-1,6,5,0,63,66,68
542,156,362,86,99,13,94,94,70,70,0,94,94,72,72,0,0.014874570271282209,0.020763130126961436,78,85,7,3,2,2,5,14,37,14,48
543,16,16,34,34,0,54,54,34,34,0,16,16,34,34,0,0.00037441710065012424,0.00037441710065012424,34,34,0,-1,3,3,12,1,14,88,67
544,120,222,75,89,14,158,158,74,74,0,120,122,75,76,1,0.006331052792811192,0.006331052792811192,59,59,0,4,2,2,9,6,28,13,95
545,149,1789,84,100,16,190,214,80,85,5,149,214,84,89,5,0.016338200755641786,0.03134892269988768,75,91,16,1,2,2,11,12,33,37,31
546,92,708,69,100,31,58,68,66,71,5,58,68,67,73,6,0.014568229007113924,0.028864154668300487,77,91,14,2,2,2,4,8,67,8,23
547,37,37,55,55,0,22,22,42,42,0,22,22,46,46,0,0.00445896728956057,0.00445896728956057,56,56,0,-1,3,3,2,6,68,35,59
548,0,616,1,100,99,0,54,1,38,37,0,53,1,59,58,0.0,0.008305252050784574,1,65,64,2,-1,3,8,0,57,82,27
549,84,84,62,62,0,94,94,68,68,0,84,84,70,70,0,0.010721944245889922,0.010721944245889922,71,71,0,-1,2,2,5,5,61,25,82
550,6,622,29,100,71,52,66,35,37,2,6,40,29,50,21,0.0008169100377820892,0.005718370264474625,36,55,19,2,4,3,10,2,18,42,62
551,100,100,81,81,0,100,100,98,98,0,100,100,98,98,0,0.11613737703802035,0.11933694135266687,100,100,0,3,1,1,2,40,99,3,57
552,0,616,1,100,99,0,28,1,44,43,0,28,1,49,48,0.0,0.0230436706491031,1,87,86,2,-1,3,3,0,58,89,11
553,0,206,1,96,95,0,8,1,31,30,0,8,1,37,36,0.0,0.001940161339732462,1,45,44,3,-1,4,2,0,98,67,51
554,160,760,89,100,11,152,152,82,82,0,152,152,88,88,0,0.0160318594914735,0.022669253548452978,79,86,7,2,2,2,8,15,39,19,31
555,120,120,75,75,0,200,200,78,78,0,120,120,75,75,0,0.01065386840940808,0.01065386840940808,69,69,0,-1,2,2,11,6,5,77,66
556,100,100,64,64,0,100,100,49,49,0,100,100,64,64,0,0.054018176248340655,0.057864461009564654,99,99,0,2,1,1,8,27,42,10,22
557,26,232,47,92,45,58,58,42,42,0,26,32,47,47,0,0.003948398515946765,0.005922597773920147,50,57,7,3,3,3,7,6,43,73,83
558,206,412,94,100,6,152,152,98,98,0,152,152,98,98,0,0.02818339630348208,0.03386772864971578,90,93,3,3,2,2,5,20,45,23,21
559,0,206,1,88,87,0,16,1,30,29,0,8,1,34,33,0.0,0.0012594029749140542,1,40,39,3,-1,4,6,0,41,80,61
560,18,18,40,40,0,66,66,37,37,0,18,18,40,40,0,0.0004765308553728854,0.0004765308553728854,34,34,0,-1,3,3,10,2,22,56,98
561,2,618,28,100,72,3,22,28,41,13,2,18,28,45,17,0.0002723033459273631,0.005377991082065421,31,57,26,2,5,3,2,1,68,65,53
562,0,206,1,90,89,0,24,1,29,28,0,16,1,32,31,0.0,0.003812246842983083,1,47,46,3,-1,4,6,0,51,84,62
563,0,616,1,99,98,0,46,1,33,32,0,23,1,44,43,0.0,0.002586881786309949,1,47,46,2,-1,3,12,0,14,85,64
564,0,616,1,100,99,0,22,1,41,40,0,22,1,44,43,0.0,0.012525953912658701,1,76,75,2,-1,3,2,0,91,87,5
565,16,16,36,36,0,66,66,42,42,0,16,16,36,36,0,0.0011232513019503727,0.0011232513019503727,39,39,0,-1,3,3,9,1,35,71,82
566,0,1640,1,100,99,0,74,1,51,50,0,74,1,57,56,0.0,0.03434425950508867,1,93,92,1,-1,2,5,0,52,80,14
567,100,100,73,73,0,100,100,87,87,0,100,100,87,87,0,0.057149664726505324,0.058749446883828584,99,99,0,3,1,1,4,16,79,18,52
568,104,720,75,100,25,132,132,75,75,0,104,132,76,81,5,0.007147962830593281,0.011640968038394772,60,73,13,2,2,2,8,6,10,26,28
569,56,56,53,53,0,158,158,66,66,0,56,56,53,53,0,0.0022465026039007454,0.0022465026039007454,46,46,0,-1,2,2,14,2,8,52,66
570,124,124,78,78,0,284,284,81,81,0,124,124,78,78,0,0.011879233466081215,0.011879233466081215,66,66,0,-1,2,2,16,6,9,77,87
571,16,118,41,84,43,24,24,42,42,0,16,19,41,46,5,0.0009870996289866913,0.00176997174852786,40,44,4,4,3,3,3,1,60,4,74
572,0,206,1,86,85,0,31,1,32,31,0,12,1,34,33,0.0,0.00176997174852786,1,39,38,3,-1,4,8,0,27,84,52
573,62,678,54,100,46,92,102,51,63,12,62,84,54,63,9,0.003948398515946765,0.00789679703189353,51,62,11,2,2,2,8,3,30,54,29
574,100,100,76,76,0,88,88,82,82,0,88,88,82,82,0,0.013955546478777357,0.013955546478777357,78,78,0,-1,2,2,4,6,72,77,45
575,0,102,1,78,77,0,7,1,28,27,0,4,1,32,31,0.0,0.0015317063208414173,1,43,42,4,-1,5,4,0,47,66,83
576,78,78,64,64,0,110,110,77,77,0,78,78,64,64,0,0.009496579189216788,0.009496579189216788,67,67,0,-1,2,2,6,4,74,72,84
577,124,740,78,100,22,130,140,80,85,5,124,140,80,85,5,0.0088498587426393,0.020456788862793153,64,83,19,2,2,2,7,6,43,13,39
578,219,1859,92,100,8,176,200,87,95,8,176,200,91,96,5,0.02559651451717213,0.05766023350011913,88,98,10,1,2,2,8,15,39,16,1
579,0,206,1,92,91,0,20,1,32,31,0,10,1,35,34,0.0,0.0028932230504782326,1,48,47,3,-1,4,6,0,65,82,73
580,100,100,69,69,0,100,100,71,71,0,100,100,72,72,0,0.0704584907587052,0.07090098369583717,100,100,0,4,1,1,6,40,56,3,88
581,100,100,68,68,0,100,100,57,57,0,100,100,68,68,0,0.0317233398005378,0.037373634228530586,89,94,5,2,1,1,8,14,39,32,34
582,129,745,89,100,11,56,56,84,84,0,56,56,85,85,0,0.022839443139657578,0.04489601415977399,87,97,10,2,2,2,2,17,98,6,10
583,58,58,55,55,0,66,66,44,44,0,58,58,55,55,0,0.009020048333843901,0.009020048333843901,67,67,0,-1,3,3,6,6,51,34,99
584,6,6,28,28,0,26,26,31,31,0,6,6,28,28,0,0.00037441710065012424,0.00037441710065012424,32,32,0,-1,4,4,9,1,31,4,45
585,56,672,52,100,48,76,100,54,70,16,56,100,52,71,19,0.005548180673270023,0.01763164164879676,53,80,27,2,2,2,6,2,56,75,39
586,40,1680,47,100,53,128,152,70,77,7,40,152,47,87,40,0.0030634126416828346,0.024609414888185438,49,87,38,1,2,2,9,1,29,53,33
587,42,248,51,93,42,182,182,70,70,0,42,51,52,52,0,0.0026889955410327104,0.003982436434187685,46,52,6,3,2,2,13,2,13,61,54
588,315,315,96,96,0,96,96,90,90,0,96,96,90,90,0,0.04098165356206814,0.04098165356206814,94,94,0,-1,2,2,3,29,82,11,40
589,0,616,1,100,99,0,36,1,33,32,0,18,1,39,38,0.0,0.0018380475850097008,1,42,41,2,-1,3,7,1,46,69,61
590,0,102,1,83,82,0,4,1,29,28,0,2,1,27,26,0.0,0.00013615167296368154,1,30,29,4,-1,5,2,0,89,59,4
591,2,2,26,26,0,8,8,26,26,0,2,2,26,26,0,3.4037918240920386e-05,3.4037918240920386e-05,27,27,0,-1,5,5,7,1,43,78,89
592,16,222,36,90,54,52,52,39,39,0,16,52,36,54,18,0.001055175465468532,0.008986010415602982,38,66,28,3,3,3,7,1,43,71,14
593,40,246,48,93,45,176,176,70,70,0,40,48,48,53,5,0.003778208924742163,0.004799346471969774,52,55,3,3,2,2,12,3,6,46,83
594,150,356,80,94,14,166,166,84,84,0,150,166,84,84,0,0.01412573606998196,0.01589570781850982,73,74,1,3,2,2,8,8,27,17,52
595,16,1656,37,100,63,78,132,49,73,24,16,132,37,80,43,0.0030293747234419145,0.042275094455223115,52,97,45,1,3,2,8,3,21,46,3
596,51,152,57,90,33,38,38,46,46,0,38,38,51,51,0,0.005480104836788182,0.005480104836788182,55,55,0,5,3,3,3,6,96,35,60
597,2,2,28,28,0,5,5,28,28,0,2,2,28,28,0,0.0,0.0,1,1,0,-1,5,5,4,1,72,95,81
598,0,0,1,1,0,0,0,1,1,0,0,0,1,1,0,0.0,0.0,1,1,0,-1,-1,-1,8,0,57,40,86
599,0,616,1,100,99,0,28,1,44,43,0,28,1,49,48,0.0,0.01415977398822288,1,75,74,2,-1,3,3,0,58,87,30
600,152,768,87,100,13,192,192,89,89,0,152,192,86,91,5,0.017018959120460194,0.02740052418394091,79,86,7,2,2,2,9,9,31,39,37
601,2,103,26,74,48,17,17,26,26,0,2,3,26,27,1,0.0,0.0,1,1,0,5,5,5,16,1,9,78,68
602,6,212,30,92,62,16,16,31,31,0,6,13,30,36,6,0.00088498587426393,0.0017018959120460194,37,43,6,3,4,4,6,2,65,42,61
603,22,22,53,53,0,22,22,52,52,0,22,22,54,54,0,0.0020763130126961434,0.0020763130126961434,47,47,0,-1,3,3,2,2,86,52,87
604,46,148,49,85,36,128,128,59,59,0,46,48,50,51,1,0.0028932230504782326,0.003165526396405596,49,50,1,4,2,2,14,2,8,83,88
605,100,100,63,63,0,100,100,47,47,0,100,100,63,63,0,0.050784574015453214,0.05398413833009973,97,98,1,2,1,1,10,29,36,11,94
606,0,206,1,87,86,0,44,1,32,31,0,6,1,28,27,0.0,0.0024507301133462676,1,46,45,3,-1,4,14,0,16,40,90
607,250,456,95,100,5,96,96,91,91,0,96,96,91,91,0,0.03512713162462984,0.03628442084482113,92,93,1,3,2,2,3,22,76,9,64
608,34,34,49,49,0,94,94,51,51,0,34,34,49,49,0,0.0033016780693692774,0.0033016780693692774,47,47,0,-1,3,3,9,6,26,70,79
609,128,128,80,80,0,200,200,79,79,0,128,128,80,80,0,0.006399128629293032,0.006399128629293032,57,57,0,-1,2,2,12,5,3,47,97
610,52,154,61,89,28,48,48,65,65,0,48,48,68,68,0,0.009258313761530345,0.009360427516253106,70,70,0,4,3,3,3,6,66,34,56
611,0,0,1,1,0,0,0,1,1,0,0,0,1,1,0,0.0,0.0,1,1,0,-1,-1,-1,6,0,44,82,86
612,86,188,63,89,26,82,82,56,56,0,86,88,66,67,1,0.006399128629293032,0.006671431975220395,58,60,2,4,3,3,7,6,62,13,60
613,6,108,34,81,47,16,16,34,34,0,6,10,34,37,3,0.0004084550188910446,0.0013955546478777359,36,43,7,4,4,4,4,1,77,88,51
614,100,716,79,100,21,56,56,80,80,0,56,56,81,81,0,0.014840532353041287,0.02733244834745907,79,90,11,2,2,2,2,13,91,24,32
615,2,2,26,26,0,10,10,27,27,0,2,2,26,26,0,3.4037918240920386e-05,3.4037918240920386e-05,26,26,0,-1,5,5,8,1,30,68,87
616,88,88,64,64,0,94,94,68,68,0,88,88,72,72,0,0.008475441641989176,0.008475441641989176,65,65,0,-1,2,2,5,4,61,72,40
617,100,100,79,79,0,100,100,95,95,0,100,100,95,95,0,0.08386943054562783,0.08386943054562783,98,98,0,-1,1,1,3,29,75,0,50
618,100,100,70,70,0,100,100,53,53,0,100,100,70,70,0,0.02743456210218183,0.029476837196637053,87,87,0,3,1,1,9,9,31,27,41
619,0,206,1,88,87,0,32,1,32,31,0,6,1,28,27,0.0,0.0023486163586235067,1,47,46,3,-1,4,10,0,11,67,90
620,0,206,1,92,91,0,19,1,29,28,0,8,1,35,34,0.0,0.0009530617107457708,1,38,37,3,-1,4,8,0,21,81,74
621,76,692,63,100,37,70,70,63,63,0,70,70,66,66,0,0.00796487286837537,0.019946220089179345,63,82,19,2,3,3,5,7,49,21,39
622,104,720,78,100,22,198,198,86,86,0,104,138,78,82,4,0.010449640899962559,0.015385139044896015,71,78,7,2,2,2,10,6,1,77,62
623,100,100,59,59,0,100,100,40,40,0,100,100,59,59,0,0.0631063004186664,0.07035637700398244,100,100,0,2,1,1,15,36,7,2,27
624,0,206,1,93,92,0,12,1,35,34,0,12,1,36,35,0.0,0.006977773239388679,1,59,58,3,-1,4,2,0,68,82,44
625,38,38,46,46,0,128,128,66,66,0,38,38,46,46,0,0.0018380475850097008,0.0018380475850097008,42,42,0,-1,3,3,12,3,2,43,92
626,100,100,65,65,0,100,100,47,47,0,100,100,65,65,0,0.0333911977943429,0.03400388032267947,92,93,1,3,1,1,11,15,38,19,43
627,240,341,94,96,2,198,198,86,86,0,198,198,92,92,0,0.018891044623710815,0.018891044623710815,79,79,0,5,2,2,10,18,12,5,58
628,2,208,27,89,62,10,28,29,34,5,2,24,27,45,18,0.00013615167296368154,0.005412029000306341,30,54,24,3,5,4,6,1,41,55,25
629,0,206,1,92,91,0,30,1,29,28,0,7,1,33,32,0.0,0.00037441710065012424,1,32,31,3,-1,4,12,0,6,87,56
630,2,2,27,27,0,10,10,28,28,0,2,2,27,27,0,3.4037918240920386e-05,3.4037918240920386e-05,27,27,0,-1,5,5,6,1,65,95,66
631,6,6,31,31,0,46,46,34,34,0,6,6,31,31,0,0.0002042275094455223,0.0002042275094455223,32,32,0,-1,4,4,11,1,19,88,86
632,73,73,61,61,0,68,68,66,66,0,73,73,69,69,0,0.006773545729943157,0.006773545729943157,58,58,0,-1,2,2,4,4,53,22,82
633,81,81,58,58,0,126,126,61,61,0,81,81,58,58,0,0.006705469893461316,0.006705469893461316,58,58,0,-1,2,2,12,6,3,35,59
634,122,738,82,100,18,104,104,82,82,0,104,104,82,82,0,0.01494264610776405,0.02631131080023146,77,87,10,2,2,2,5,8,80,8,19
635,58,264,59,97,38,38,38,57,57,0,38,38,59,59,0,0.008611593314952858,0.01596378365499166,65,78,13,3,3,3,3,6,55,34,20
636,100,100,67,67,0,100,100,54,54,0,100,100,67,67,0,0.036760951700194014,0.03985840226011777,93,96,3,2,1,1,9,16,35,12,29
637,0,0,1,1,0,0,0,1,1,0,0,0,1,1,0,0.0,0.0,1,1,0,-1,-1,-1,7,0,43,93,85
638,22,638,45,100,55,36,50,41,47,6,22,50,45,56,11,0.0020082371762143027,0.02546036284420845,45,89,44,2,3,3,5,2,49,75,7
639,0,206,1,92,91,0,18,1,35,34,0,18,1,46,45,0.0,0.006092787365124749,1,58,57,3,-1,4,3,0,64,36,44
640,0,206,1,89,88,0,19,1,27,26,0,6,1,28,27,0.0,0.0002723033459273631,1,31,30,3,-1,4,12,0,14,36,95
641,16,118,36,78,42,36,36,38,38,0,16,16,36,36,0,0.0009530617107457708,0.0010211375472276116,38,38,0,4,3,3,5,1,61,71,60
642,100,100,62,62,0,100,100,45,45,0,100,100,62,62,0,0.025970931617822254,0.03774805132918071,86,93,7,2,1,1,12,8,3,17,12
643,16,632,34,100,66,106,116,55,58,3,16,40,34,45,11,0.0029612988869600733,0.006058749446883829,45,56,11,2,3,3,11,2,33,94,70
644,100,100,63,63,0,100,100,47,47,0,100,100,63,63,0,0.050784574015453214,0.056264678852241394,97,98,1,2,1,1,10,29,36,11,21
645,145,1785,83,100,17,64,88,60,72,12,64,88,63,73,10,0.01943565131556554,0.055039313795568263,83,98,15,1,3,2,4,20,83,23,14
646,0,616,1,100,99,0,28,1,41,40,0,28,1,50,49,0.0,0.01055175465468532,1,72,71,2,-1,3,3,0,64,99,39
647,108,1748,79,100,21,76,110,60,85,25,76,110,65,85,20,0.013410939786922631,0.03318697028489737,73,91,18,1,3,2,6,13,69,33,26
648,292,1932,95,100,5,272,296,95,97,2,272,296,95,97,2,0.023418087749753225,0.037543823819735186,88,93,5,1,2,2,11,15,19,16,24
649,40,246,47,94,47,186,186,66,66,0,40,46,47,48,1,0.0025188059498281084,0.005173763572619898,45,55,10,3,2,2,16,1,4,53,90
650,100,306,59,95,36,198,198,69,69,0,100,106,59,74,15,0.008169100377820893,0.009394465434494027,61,65,4,3,2,2,14,6,16,34,53
651,124,324,78,94,16,130,130,80,80,0,124,130,80,81,1,0.0088498587426393,0.014636304843595765,64,77,13,3,2,2,7,6,43,13,25
652,0,206,1,90,89,0,16,1,32,31,0,11,1,35,34,0.0,0.0025188059498281084,1,45,44,3,-1,4,6,1,48,50,73
653,100,100,64,64,0,100,100,59,59,0,100,100,64,64,0,0.04581503795227884,0.07253480377140134,98,100,2,1,1,1,6,17,40,6,33
654,100,100,66,66,0,100,100,67,67,0,100,100,73,73,0,0.04693828925422921,0.05173763572619899,96,97,1,3,1,1,5,14,52,14,44
655,250,866,92,100,8,168,168,97,97,0,168,168,97,97,0,0.021546002246502605,0.026821879573845263,84,87,3,2,2,2,6,18,51,5,35
656,0,616,1,100,99,0,22,1,51,50,0,22,1,53,52,0.0,0.011879233466081215,1,73,72,2,-1,3,2,0,86,79,24
657,0,616,1,100,99,0,54,1,61,60,0,54,1,66,65,0.0,0.01664454201981007,1,82,81,2,-1,3,4,0,72,85,39
658,118,734,80,100,20,120,120,85,85,0,120,120,85,85,0,0.016474352428605468,0.020831205963443275,81,84,3,2,2,2,6,9,48,39,28
659,6,108,29,70,41,25,25,30,30,0,6,8,29,33,4,0.0002042275094455223,0.0002382654276864427,32,32,0,4,4,4,11,1,5,65,55
660,116,322,77,97,20,104,104,80,80,0,104,104,81,81,0,0.013513053541645392,0.015214949453691413,74,78,4,3,2,2,5,8,63,17,70
661,43,43,64,64,0,22,22,55,55,0,22,22,57,57,0,0.006943735321147759,0.006943735321147759,63,63,0,-1,3,3,2,8,97,44,79
662,100,100,75,75,0,100,100,89,89,0,100,100,89,89,0,0.060213077368188164,0.07277306919908778,98,100,2,2,1,1,4,19,73,15,25
663,46,662,57,100,43,66,90,49,58,9,46,90,57,65,8,0.0026549576227917903,0.014432077334150244,49,78,29,2,2,2,6,2,44,63,19
664,12,113,34,74,40,34,34,34,34,0,12,13,34,34,0,0.0002382654276864427,0.0002723033459273631,32,32,0,5,4,4,7,2,24,63,58
665,88,88,65,65,0,66,66,51,51,0,66,66,62,62,0,0.011709043874876613,0.011709043874876613,72,72,0,-1,3,3,6,8,34,8,36
666,0,616,1,100,99,0,20,1,41,40,0,16,1,41,40,0.0,0.0031314884781646754,1,48,47,2,-1,3,3,0,55,99,53
667,56,56,53,53,0,144,144,76,76,0,56,56,53,53,0,0.010007147962830594,0.010007147962830594,70,70,0,-1,3,3,9,5,54,25,45
668,231,847,92,100,8,206,206,91,91,0,206,206,93,93,0,0.018244324177133328,0.033084856530174615,80,93,13,2,2,2,9,15,28,19,15
669,0,206,1,92,91,0,14,1,31,30,0,14,1,38,37,0.0,0.0051397256543789785,1,57,56,3,-1,4,3,0,82,86,34
670,22,228,47,93,46,22,22,42,42,0,22,22,46,46,0,0.004016474352428605,0.007692569522448007,54,61,7,3,3,3,2,3,68,29,28
671,76,282,62,95,33,76,76,57,57,0,76,76,61,61,0,0.005956635692161067,0.011811157629599374,58,69,11,3,3,3,6,6,74,13,24
672,2,208,26,89,63,9,15,26,28,2,2,8,26,33,7,6.807583648184077e-05,0.0002042275094455223,29,32,3,3,5,4,8,1,42,78,4
673,298,914,95,100,5,160,160,93,93,0,160,160,94,94,0,0.02900030634126417,0.036590762108989414,89,93,4,2,2,2,7,22,62,9,27
674,281,281,96,96,0,104,104,80,80,0,104,104,81,81,0,0.0335613873855475,0.0335613873855475,92,92,0,-1,2,2,5,29,63,11,89
675,56,256,66,98,32,22,22,52,52,0,22,22,54,54,0,0.008509479560230097,0.01157289220191293,65,70,5,3,3,3,2,9,86,31,13
676,0,0,1,1,0,0,0,1,1,0,0,0,1,1,0,0.0,0.0,1,1,0,-1,-1,-1,6,0,74,87,81
677,46,246,62,97,35,22,22,52,52,0,22,22,55,55,0,0.007692569522448007,0.02379250485040335,64,88,24,3,3,3,2,7,98,21,7
678,144,760,84,100,16,182,182,87,87,0,144,160,82,88,6,0.010926171755335444,0.013819394805813677,73,75,2,2,2,2,9,7,31,21,46
679,6,622,29,100,71,52,90,35,43,8,6,90,29,60,31,0.0008169100377820892,0.014840532353041287,36,77,41,2,4,3,10,2,18,42,12
680,0,206,1,91,90,0,14,1,29,28,0,6,1,28,27,0.0,0.0007488342013002485,1,37,36,3,-1,4,5,0,52,67,71
681,0,206,1,91,90,0,13,1,28,27,0,7,1,33,32,0.0,0.0011232513019503727,1,38,37,3,-1,4,5,0,52,99,51
682,166,166,84,84,0,252,252,81,81,0,166,166,84,84,0,0.01409169815174104,0.01409169815174104,73,73,0,-1,2,2,14,8,16,8,97
683,16,632,33,100,67,66,76,44,54,10,16,76,33,59,26,0.004152626025392287,0.012117498893767658,49,71,22,2,3,3,6,1,51,90,21
684,0,206,1,92,91,0,14,1,31,30,0,9,1,34,33,0.0,0.0015317063208414173,1,41,40,3,-1,4,3,0,82,98,54
685,44,660,59,100,41,48,48,59,59,0,48,48,63,63,0,0.005990673610401988,0.029340685523673374,57,93,36,2,3,3,3,7,75,62,1
686,0,616,1,100,99,0,114,1,55,54,0,98,1,59,58,0.0,0.01497668402600497,1,74,73,2,-1,3,14,0,8,92,18
687,6,6,29,29,0,26,26,34,34,0,6,6,29,29,0,0.00030634126416828345,0.00030634126416828345,33,33,0,-1,4,4,7,1,43,88,45
688,0,1640,1,100,99,0,54,1,48,47,0,54,1,57,56,0.0,0.01940161339732462,1,79,78,1,-1,2,6,0,69,82,41
689,38,654,53,100,47,68,98,46,54,8,38,98,53,66,13,0.0029612988869600733,0.017597603730555838,51,79,28,2,3,3,8,3,21,54,30
690,121,223,80,91,11,94,94,68,68,0,94,94,73,73,0,0.009496579189216788,0.00970080669866231,67,69,2,4,2,2,5,8,61,44,49
691,362,568,98,100,2,200,200,95,95,0,200,200,95,95,0,0.03727152047380782,0.04043704687021342,94,96,2,3,2,2,8,29,21,0,28
692,0,206,1,93,92,0,28,1,35,34,0,24,1,45,44,0.0,0.003982436434187685,1,53,52,3,-1,4,6,1,34,50,72
693,8,109,35,79,44,20,20,32,32,0,8,9,35,35,0,0.0008169100377820892,0.0008509479560230097,38,38,0,6,4,4,6,2,69,74,78
694,144,246,85,93,8,208,208,90,90,0,144,146,86,88,2,0.010892133837094524,0.010960209673576363,72,72,0,4,2,2,10,7,1,21,4
695,0,206,1,94,93,0,12,1,31,30,0,12,1,36,35,0.0,0.012798257258586064,1,75,74,3,-1,4,2,1,91,45,18
696,192,1792,88,100,12,210,210,81,81,0,210,210,91,91,0,0.011913271384322134,0.02658361414615882,69,89,20,1,2,2,12,14,14,32,8
697,16,632,36,100,64,52,56,40,40,0,16,56,36,51,15,0.0032336022328874367,0.025222097416522007,43,88,45,2,3,3,6,1,71,90,11
698,100,100,63,63,0,100,100,47,47,0,100,100,63,63,0,0.020558902617515914,0.020558902617515914,82,82,0,-1,1,1,10,8,22,57,45
699,37,243,55,96,41,22,22,42,42,0,22,22,46,46,0,0.00445896728956057,0.005548180673270023,56,58,2,3,3,3,2,6,68,35,52
700,135,751,83,100,17,140,140,84,84,0,135,140,87,88,1,0.009122162088566664,0.0123557643214541,65,75,10,2,2,2,7,8,46,57,41
701,0,1640,1,100,99,0,86,1,52,51,0,86,1,64,63,0.0,0.035059055788148,1,94,93,1,-1,2,7,0,43,85,23
702,100,100,65,65,0,100,100,47,47,0,100,100,65,65,0,0.0490826781034072,0.07372613090983356,97,100,3,2,1,1,11,30,38,7,1
703,0,616,1,100,99,0,22,1,53,52,0,22,1,53,52,0.0,0.014704380680077607,1,77,76,2,-1,3,2,0,99,81,37
704,0,616,1,100,99,0,43,1,35,34,0,25,1,46,45,0.0,0.0036760951700194017,1,51,50,2,-1,3,9,0,23,40,22
705,449,655,98,100,2,320,320,98,98,0,320,320,98,98,0,0.035569624561761805,0.03642057251778481,92,92,0,3,2,2,11,29,33,11,42
706,0,102,1,74,73,0,19,1,26,25,0,2,1,25,24,0.0,0.00013615167296368154,1,27,26,4,-1,5,16,0,4,40,65
707,0,616,1,99,98,0,80,1,40,39,0,48,1,54,53,0.0,0.008066986623098132,1,61,60,2,-1,3,12,0,14,86,34
708,100,100,69,69,0,100,100,57,57,0,100,100,69,69,0,0.06273188331801627,0.06290207290922087,100,100,0,4,1,1,8,40,57,3,49
709,0,206,1,90,89,0,16,1,32,31,0,8,1,36,35,0.0,0.0014295925661186562,1,41,40,3,-1,4,4,0,79,80,52
710,88,88,66,66,0,66,66,47,47,0,66,66,55,55,0,0.011334626774226489,0.011334626774226489,68,68,0,-1,3,3,6,8,71,8,69
711,0,616,1,100,99,0,64,1,41,40,0,46,1,52,51,0.0,0.007011811157629599,1,64,63,2,-1,3,8,0,39,96,48
712,0,616,1,100,99,0,68,1,37,36,0,50,1,55,54,0.0,0.008407365805507334,1,65,64,2,-1,3,11,0,38,99,8
713,2,1642,26,100,74,11,102,28,65,37,2,102,26,75,49,0.00010211375472276115,0.03097450559923755,29,93,64,1,5,2,8,1,10,78,7
714,112,728,76,100,24,198,198,82,82,0,112,198,76,89,13,0.010347527145239796,0.017393376221110316,68,78,10,2,2,2,10,4,18,38,20
715,70,1710,62,100,38,64,88,67,82,15,64,88,68,82,14,0.006331052792811192,0.031451036454610434,54,92,38,1,3,2,4,5,67,47,50
716,70,686,68,100,32,54,64,59,63,4,54,64,63,66,3,0.006058749446883829,0.013036522686272508,59,76,17,2,3,3,4,5,77,47,73
717,26,128,52,88,36,22,22,54,54,0,22,22,54,54,0,0.003369753905851118,0.004322815616596889,49,51,2,4,3,3,2,6,99,41,71
718,28,234,50,94,44,28,28,43,43,0,28,28,50,50,0,0.0020422750944552232,0.008066986623098132,46,66,20,3,3,3,3,3,66,54,34
719,16,222,34,86,52,92,92,41,41,0,16,49,34,52,18,0.0026889955410327104,0.006875659484665918,48,59,11,3,3,3,12,2,2,94,57
720,0,101,1,82,81,0,2,1,25,24,0,1,1,25,24,0.0,0.00010211375472276115,1,28,27,5,-1,6,2,0,68,76,55
721,174,276,87,96,9,192,192,86,86,0,192,192,89,89,0,0.020150447598624867,0.020354675108070392,83,83,0,4,2,2,9,12,28,37,88
722,100,100,64,64,0,100,100,57,57,0,100,100,65,65,0,0.037509785901494265,0.038394771775758195,96,96,0,3,1,1,8,9,10,39,71
723,6,622,30,100,70,24,50,33,36,3,6,50,30,55,25,0.0002723033459273631,0.013002484768031588,33,74,41,2,4,3,8,1,21,4,6
724,119,325,83,97,14,48,48,54,54,0,48,48,56,56,0,0.017869907076483203,0.02297559481262126,82,88,6,3,3,3,3,18,87,5,44
725,16,16,39,39,0,28,28,40,40,0,16,16,39,39,0,0.0013615167296368155,0.0013615167296368155,40,40,0,-1,3,3,3,2,82,42,86
726,0,206,1,94,93,0,16,1,32,31,0,9,1,36,35,0.0,0.0013615167296368155,1,40,39,3,-1,4,6,0,32,67,54
727,80,80,64,64,0,70,70,56,56,0,80,80,69,69,0,0.005786446100956465,0.005786446100956465,56,56,0,-1,3,3,5,5,37,47,36
728,2,104,26,74,48,16,17,26,26,0,2,4,26,28,2,3.4037918240920386e-05,0.0002042275094455223,26,30,4,4,5,5,15,1,7,78,60
729,126,227,81,94,13,158,158,82,82,0,126,127,81,82,1,0.014329963579427483,0.014398039415909322,75,75,0,6,2,2,9,8,35,20,58
730,2,208,27,96,69,4,12,29,36,7,2,12,27,41,14,0.00010211375472276115,0.012049423057285817,29,72,43,3,5,4,2,1,99,65,30
731,22,124,46,87,41,28,28,44,44,0,22,24,47,48,1,0.004288777698355968,0.004901460226692535,50,52,2,4,3,3,3,3,92,29,71
732,0,206,1,93,92,0,11,1,32,31,0,8,1,36,35,0.0,0.0013955546478777359,1,41,40,3,-1,4,4,0,73,80,52
733,84,84,58,58,0,136,136,81,81,0,84,84,59,59,0,0.007624493685966166,0.007624493685966166,58,58,0,-1,2,2,7,6,46,26,91
734,197,403,91,100,9,144,144,90,90,0,144,144,90,90,0,0.01943565131556554,0.02219272269308009,84,86,2,3,2,2,6,15,59,19,22
735,39,39,50,50,0,94,94,52,52,0,39,39,50,50,0,0.004220701861874128,0.004220701861874128,52,52,0,-1,3,3,9,4,35,22,50
736,0,0,1,1,0,0,0,1,1,0,0,0,1,1,0,0.0,0.0,1,1,0,-1,-1,-1,5,1,80,45,98
737,120,120,80,80,0,152,152,80,80,0,120,120,81,81,0,0.010449640899962559,0.010449640899962559,70,70,0,-1,2,2,8,7,30,21,76
738,1,1,26,26,0,12,12,26,26,0,1,1,26,26,0,0.00010211375472276115,0.00010211375472276115,27,27,0,-1,6,6,12,1,14,78,45
739,229,435,97,100,3,56,56,80,80,0,56,56,81,81,0,0.03584192790768916,0.0372374825555669,94,94,0,3,2,2,2,29,91,0,52
740,100,100,79,79,0,100,100,98,98,0,100,100,98,98,0,0.09574866401170905,0.10143299635794274,100,100,0,3,1,1,2,15,95,16,21
741,0,206,1,88,87,0,32,1,33,32,0,23,1,45,44,0.0,0.003165526396405596,1,49,48,3,-1,4,8,0,15,86,35
742,173,773,94,100,6,48,48,70,70,0,48,48,72,72,0,0.025085945743558324,0.03635249668130297,90,94,4,2,3,3,3,22,94,9,33
743,100,100,69,69,0,100,100,66,66,0,100,100,72,72,0,0.059702508594574356,0.059702508594574356,100,100,0,-1,1,1,6,29,44,11,98
744,0,616,1,100,99,0,60,1,48,47,0,60,1,53,52,0.0,0.02375846693216243,1,89,88,2,-1,3,5,0,52,87,1
745,16,632,50,100,50,22,22,52,52,0,16,22,51,53,2,0.0024166921951053475,0.010858095918853602,50,70,20,2,3,3,2,2,86,94,57
746,98,98,78,78,0,56,56,76,76,0,56,56,77,77,0,0.01667857993805099,0.01667857993805099,81,81,0,-1,2,2,2,13,68,33,79
747,276,1876,98,100,2,96,96,92,92,0,96,96,92,92,0,0.041798563599850236,0.07702780897920283,95,99,4,1,2,2,3,29,81,1,39
748,6,212,31,92,61,30,34,35,36,1,6,25,31,47,16,0.0005105687736138058,0.002757071377514551,37,47,10,3,4,4,7,1,62,49,22
749,47,148,62,87,25,28,28,45,45,0,28,28,50,50,0,0.00707988699411144,0.007182000748834201,63,63,0,5,3,3,3,8,58,44,65
750,0,206,1,92,91,0,20,1,32,31,0,6,1,29,28,0.0,0.0015657442390823377,1,43,42,3,-1,4,8,0,21,81,94
751,40,142,52,86,34,60,60,52,52,0,40,42,52,53,1,0.006671431975220395,0.0068075836481840775,58,58,0,4,2,2,5,1,45,90,49
752,0,206,1,89,88,0,20,1,32,31,0,14,1,36,35,0.0,0.0020422750944552232,1,45,44,3,-1,4,6,0,74,36,70
753,295,911,96,100,4,120,120,88,88,0,120,120,87,87,0,0.033425235712583816,0.03791824092038531,94,95,1,2,2,2,6,29,71,11,72
754,72,173,61,89,28,60,60,51,51,0,60,60,57,57,0,0.008611593314952858,0.008611593314952858,67,67,0,5,3,3,5,7,37,48,68
755,6,622,29,100,71,19,58,29,37,8,6,58,29,54,25,0.0002382654276864427,0.010075223799312433,33,66,33,2,4,3,8,1,15,55,39
756,146,146,83,83,0,110,110,77,77,0,110,110,81,81,0,0.015589366554341537,0.015589366554341537,79,79,0,-1,2,2,6,14,74,14,84
757,16,16,39,39,0,24,24,39,39,0,16,16,39,39,0,0.0007828721195411688,0.0007828721195411688,37,37,0,-1,3,3,3,1,82,88,69
758,18,634,41,100,59,50,72,38,45,7,18,72,41,58,17,0.0004765308553728854,0.015827631982027978,36,78,42,2,3,3,7,2,43,56,6
759,2,618,28,100,72,9,56,28,40,12,2,46,28,55,27,0.0,0.0068075836481840775,1,61,60,2,5,3,8,1,57,68,38
760,28,644,41,100,59,64,74,39,41,2,28,74,41,57,16,0.0011232513019503727,0.015827631982027978,38,77,39,2,3,3,9,4,29,64,18
761,0,0,1,1,0,0,0,1,1,0,0,0,1,1,0,0.0,0.0,1,1,0,-1,-1,-1,10,0,0,40,59
762,6,622,32,100,68,16,86,32,56,24,6,86,32,63,31,3.4037918240920386e-05,0.031246808945164913,28,89,61,2,4,3,6,1,44,95,2
763,7,623,37,100,63,8,22,32,47,15,7,22,37,50,13,0.00034037918240920387,0.015146873617209572,33,80,47,2,4,3,2,2,95,56,12
764,0,206,1,87,86,0,48,1,33,32,0,12,1,33,32,0.0,0.0023486163586235067,1,45,44,3,-1,4,16,0,9,89,75
765,88,88,61,61,0,174,174,76,76,0,88,88,61,61,0,0.009190237925048503,0.009190237925048503,65,65,0,-1,2,2,10,4,22,38,76
766,16,16,36,36,0,72,72,46,46,0,16,16,36,36,0,0.001599782157323258,0.001599782157323258,40,40,0,-1,3,3,7,1,43,53,84
767,100,100,62,62,0,100,100,48,48,0,100,100,62,62,0,0.04237720820994588,0.048299805983866025,97,98,1,2,1,1,10,15,11,16,21
768,40,141,51,86,35,80,80,54,54,0,40,41,51,52,1,0.0045270431260424114,0.0045270431260424114,51,51,0,5,2,2,6,2,48,94,58
769,78,284,62,94,32,76,76,54,54,0,76,76,61,61,0,0.00789679703189353,0.010007147962830594,62,69,7,3,3,3,6,7,44,48,90
770,0,1640,1,100,99,0,142,1,59,58,0,112,1,76,75,0.0,0.015827631982027978,1,78,77,1,-1,2,16,0,4,96,33
771,100,100,69,69,0,100,100,55,55,0,100,100,69,69,0,0.02375846693216243,0.03182545355526056,85,93,8,3,1,1,9,5,26,47,33
772,16,222,36,93,57,56,60,39,39,0,16,22,36,40,4,0.0007147962830593281,0.0026209197045508697,36,48,12,3,3,3,9,2,35,42,53
773,97,197,76,92,16,64,64,68,68,0,64,64,70,70,0,0.012491915994417782,0.01317267435923619,76,77,1,4,3,3,4,13,78,33,51
774,100,100,66,66,0,100,100,66,66,0,100,100,69,69,0,0.021818305592429966,0.031212771026923995,83,90,7,2,1,1,7,2,62,74,19
775,22,638,41,100,59,48,66,36,41,5,22,66,41,56,15,0.0014295925661186562,0.013921508560536438,41,76,35,2,3,3,9,3,35,51,30
776,0,616,1,100,99,0,56,1,36,35,0,40,1,46,45,0.0,0.005786446100956465,1,56,55,2,-1,3,9,0,29,96,57
777,38,38,47,47,0,84,84,46,46,0,38,38,47,47,0,0.0025188059498281084,0.0025188059498281084,46,46,0,-1,3,3,9,6,54,70,66
778,152,768,84,100,16,100,100,69,69,0,100,100,71,71,0,0.016508390346846386,0.03512713162462984,78,93,15,2,2,2,6,13,34,33,9
779,16,1656,35,100,65,148,192,63,73,10,16,192,35,88,53,0.0019061234214915416,0.02906838217774601,42,89,47,1,3,2,13,1,13,53,1
780,100,100,69,69,0,100,100,55,55,0,100,100,69,69,0,0.03151911229109228,0.054528745021954456,90,98,8,2,1,1,8,14,30,14,0
781,100,100,61,61,0,100,100,43,43,0,100,100,61,61,0,0.03281255318424725,0.06102998740597025,91,100,9,2,1,1,12,18,2,30,3
782,140,346,89,100,11,32,32,69,69,0,32,32,69,69,0,0.021239660982334322,0.04009666768780421,87,96,9,3,3,3,2,19,93,15,0
783,68,684,63,100,37,76,76,54,54,0,76,76,66,66,0,0.009394465434494027,0.02110350930937064,69,86,17,2,3,3,6,7,32,48,5
784,245,845,94,100,6,232,232,94,94,0,232,232,95,95,0,0.018686817114265293,0.023622315259198747,82,86,4,2,2,2,10,15,0,19,57
785,54,155,65,90,25,48,48,68,68,0,48,48,69,69,0,0.007454304094761564,0.007488342013002485,67,67,0,5,3,3,3,7,81,62,4
786,0,616,1,100,99,0,42,1,36,35,0,35,1,49,48,0.0,0.00445896728956057,1,53,52,2,-1,3,8,0,10,79,28
787,118,324,83,97,14,72,72,77,77,0,72,72,77,77,0,0.015146873617209572,0.015555328636100617,79,79,0,3,2,2,3,9,64,27,49
788,6,622,33,100,67,20,54,35,53,18,6,54,33,57,24,0.0008509479560230097,0.03230198441063344,38,91,53,2,4,3,4,2,47,42,2
789,14,220,40,94,54,14,14,34,34,0,14,14,40,40,0,0.0010211375472276116,0.007794683277170768,40,60,20,3,4,4,3,4,55,64,32
790,96,1736,65,100,35,134,158,77,81,4,96,158,65,86,21,0.009496579189216788,0.04101569148030906,70,96,26,1,3,2,9,7,35,21,10
791,0,206,1,96,95,0,8,1,31,30,0,8,1,37,36,0.0,0.0020082371762143027,1,45,44,3,-1,4,2,0,98,96,51
792,100,100,65,65,0,100,100,75,75,0,100,100,77,77,0,0.03968821266891317,0.05466489669491814,93,99,6,2,1,1,5,7,61,48,23
793,0,616,1,100,99,0,70,1,39,38,0,32,1,43,42,0.0,0.005650294427992784,1,54,53,2,-1,3,10,0,0,81,25
794,6,212,30,89,59,16,28,31,34,3,6,19,30,41,11,0.0002382654276864427,0.0040845501889104465,32,52,20,3,4,4,6,1,41,60,73
795,18,120,45,84,39,38,38,57,57,0,18,38,46,58,12,0.002212464685659825,0.0026549576227917903,46,47,1,4,3,3,3,2,55,52,63
796,58,160,62,91,29,72,72,79,79,0,72,72,80,80,0,0.009734844616903231,0.01058579257292624,73,74,1,4,2,2,3,4,75,38,71
797,52,154,61,88,27,54,54,55,55,0,54,54,60,60,0,0.010381565063480718,0.011266550937744648,68,68,0,4,3,3,4,5,84,25,71
798,230,846,91,100,9,196,196,72,72,0,196,196,88,88,0,0.017427414139351238,0.018244324177133328,80,81,1,2,2,2,12,16,14,12,56
799,0,102,1,84,83,0,4,1,29,28,0,2,1,27,26,0.0,0.001497668402600497,1,41,40,4,-1,5,2,0,93,67,46
800,46,662,55,100,45,60,80,52,69,17,46,80,55,73,18,0.00888389666088022,0.019095272133156337,68,82,14,2,2,2,5,2,45,83,20
801,0,616,1,100,99,0,36,1,40,39,0,36,1,52,51,0.0,0.01232172640321318,1,72,71,2,-1,3,5,0,49,87,39
802,0,0,1,1,0,0,0,1,1,0,0,0,1,1,0,0.0,0.0,1,1,0,-1,-1,-1,9,0,31,82,80
803,214,414,93,97,4,136,136,81,81,0,136,136,88,88,0,0.017597603730555838,0.017937982912965042,83,83,0,3,2,2,7,16,46,12,64
804,32,648,44,100,56,86,100,44,44,0,32,76,44,54,10,0.0017018959120460194,0.006875659484665918,42,57,15,2,3,3,10,3,0,51,72
805,199,815,89,100,11,144,144,91,91,0,144,144,91,91,0,0.026379386636713298,0.048504033493311546,86,97,11,2,2,2,6,20,74,23,7
806,22,638,43,100,57,94,114,39,60,21,22,56,43,53,10,0.0013615167296368155,0.00442492937131965,41,52,11,2,3,3,13,2,13,74,70
807,377,993,98,100,2,152,152,94,94,0,152,152,94,94,0,0.03832669593927635,0.04588311378876068,94,95,1,2,2,2,5,29,52,11,34
808,100,100,69,69,0,84,84,46,46,0,84,84,64,64,0,0.01065386840940808,0.01065386840940808,68,68,0,-1,3,3,9,14,26,32,89
809,100,100,79,79,0,100,100,96,96,0,100,100,96,96,0,0.058613295210864905,0.10667483576704449,99,100,1,1,1,1,3,7,85,62,23
810,88,688,65,100,35,66,66,51,51,0,66,66,62,62,0,0.011709043874876613,0.031246808945164913,72,91,19,2,3,3,6,8,34,8,1
811,100,100,69,69,0,100,100,66,66,0,100,100,72,72,0,0.04680213758126553,0.0490826781034072,96,97,1,2,1,1,6,17,44,6,53
812,0,616,1,99,98,0,86,1,40,39,0,56,1,51,50,0.0,0.006773545729943157,1,57,56,2,-1,3,11,0,33,93,21
813,223,324,97,100,3,56,56,88,88,0,56,56,88,88,0,0.038428809693999116,0.038735150958167396,96,96,0,5,2,2,2,29,93,1,88
814,23,639,55,100,45,12,22,35,51,16,12,22,42,53,11,0.0046972327172470135,0.01327478811395895,56,79,23,2,4,3,2,6,98,35,57
815,100,100,62,62,0,100,100,43,43,0,100,100,62,62,0,0.0480955784744205,0.062187276626161546,96,100,4,1,1,1,12,22,14,9,19
816,22,22,47,47,0,24,24,43,43,0,22,22,48,48,0,0.003982436434187685,0.003982436434187685,53,53,0,-1,3,3,3,2,55,83,89
817,0,206,1,91,90,0,22,1,33,32,0,22,1,44,43,0.0,0.007147962830593281,1,63,62,3,-1,4,7,0,62,79,8
818,100,100,59,59,0,100,100,46,46,0,100,100,59,59,0,0.01746145205759216,0.034105994077402224,77,93,16,1,1,1,11,3,5,54,17
819,100,100,59,59,0,100,100,40,40,0,100,100,59,59,0,0.057728309336600975,0.05956635692161068,99,99,0,3,1,1,15,40,7,3,94
820,0,0,1,1,0,0,0,1,1,0,0,0,1,1,0,0.0,0.0,1,1,0,-1,-1,-1,11,0,19,92,50
821,55,261,60,96,36,44,44,59,59,0,44,44,63,63,0,0.0053099152455835805,0.008543517478471017,57,67,10,3,3,3,4,6,72,28,22
822,0,206,1,86,85,0,34,1,31,30,0,6,1,28,27,0.0,0.0018380475850097008,1,42,41,3,-1,4,11,0,5,67,94
823,94,710,68,100,32,78,78,68,68,0,78,78,71,71,0,0.00796487286837537,0.014772456516559448,65,78,13,2,2,2,4,5,83,47,27
824,358,558,99,100,1,176,176,100,100,0,176,176,100,100,0,0.041934715272813915,0.046223492971169886,95,96,1,3,2,2,5,30,45,7,24
825,0,206,1,91,90,0,24,1,36,35,0,24,1,49,48,0.0,0.004935498144933456,1,55,54,3,-1,4,4,0,83,85,57
826,6,212,33,95,62,12,12,37,37,0,6,12,33,40,7,0.0007488342013002485,0.0020082371762143027,38,43,5,3,4,4,2,2,89,42,64
827,48,248,63,99,36,12,12,37,37,0,12,12,41,41,0,0.00707988699411144,0.010245413390517035,63,70,7,3,4,4,2,13,89,24,13
828,16,16,40,40,0,28,28,40,40,0,16,16,40,40,0,0.0006467204465774873,0.0006467204465774873,36,36,0,-1,3,3,5,1,45,88,93
829,112,728,75,100,25,190,190,78,78,0,112,134,75,81,6,0.009258313761530345,0.011675005956635693,65,68,3,2,2,2,12,4,2,38,83
830,22,638,39,100,61,84,124,36,57,21,22,66,39,55,16,0.00030634126416828345,0.006024711528642908,34,57,23,2,3,3,14,2,8,63,72
831,220,1860,93,100,7,168,192,98,98,0,168,192,98,98,0,0.02474556656114912,0.06283399707273903,87,98,11,1,2,2,6,18,65,30,3
832,0,206,1,93,92,0,18,1,34,33,0,18,1,44,43,0.0,0.009054086252084823,1,64,63,3,-1,4,3,1,58,50,27
833,2,208,27,90,63,12,20,29,32,3,2,10,27,35,8,0.0002042275094455223,0.0013955546478777359,31,39,8,3,5,4,6,1,48,60,52
834,16,222,35,91,56,148,148,63,63,0,16,24,35,45,10,0.0019061234214915416,0.0036760951700194017,42,50,8,3,3,3,13,1,13,53,83
835,128,128,78,78,0,118,118,63,63,0,128,128,78,78,0,0.012015385139044895,0.012015385139044895,76,76,0,-1,3,3,8,8,42,8,87
836,42,144,52,84,32,122,122,62,62,0,40,42,48,52,4,0.0034718676605738795,0.003608019333537561,51,51,0,4,3,3,12,6,6,41,4
837,0,206,1,88,87,0,21,1,30,29,0,6,1,28,27,0.0,0.000442492937131965,1,36,35,3,-1,4,7,0,24,81,49
838,0,0,1,1,0,0,0,1,1,0,0,0,1,1,0,0.0,0.0,1,1,0,-1,-1,-1,2,0,93,82,85
839,200,816,87,100,13,206,206,91,91,0,206,206,92,92,0,0.01783586915824228,0.0245413390517036,78,84,6,2,2,2,9,13,54,33,27
840,200,400,88,98,10,118,118,66,66,0,118,118,80,80,0,0.01763164164879676,0.018074134585928724,80,81,1,3,3,3,8,16,30,12,4
841,146,146,85,85,0,210,210,83,83,0,146,146,85,85,0,0.012798257258586064,0.012798257258586064,74,74,0,-1,2,2,12,9,3,27,50
842,187,803,88,100,12,128,128,93,93,0,128,128,93,93,0,0.020626978453997753,0.03703325504612138,82,93,11,2,2,2,5,15,70,19,23
843,32,32,40,40,0,100,100,40,40,0,32,32,40,40,0,0.00088498587426393,0.00088498587426393,36,36,0,-1,3,3,15,2,7,63,80
844,118,324,83,97,14,72,72,77,77,0,72,72,77,77,0,0.015146873617209572,0.017291262466387555,79,82,3,3,2,2,3,9,64,27,41
845,0,0,1,1,0,0,0,1,1,0,0,0,1,1,0,0.0,0.0,1,1,0,-1,-1,-1,2,0,91,98,81
846,58,674,52,100,48,116,116,59,59,0,58,83,52,60,8,0.003642057251778481,0.0068075836481840775,50,56,6,2,3,3,11,6,33,35,41
847,68,68,65,65,0,54,54,60,60,0,54,54,62,62,0,0.008203138296061813,0.008203138296061813,65,65,0,-1,3,3,4,7,78,48,89
848,135,135,84,84,0,200,200,74,74,0,135,135,84,84,0,0.008747744987916539,0.008747744987916539,67,67,0,-1,2,2,12,8,6,57,86
849,90,90,61,61,0,122,122,66,66,0,90,90,61,61,0,0.008951972497362062,0.008951972497362062,66,66,0,-1,2,2,8,6,42,34,99
850,32,238,52,95,43,48,48,65,65,0,32,48,54,67,13,0.00527587732734266,0.01317267435923619,58,78,20,3,3,3,3,3,66,29,27
851,0,616,1,100,99,0,36,1,35,34,0,29,1,47,46,0.0,0.004050512270669526,1,49,48,2,-1,3,7,0,43,59,41
852,116,116,75,75,0,136,136,77,77,0,116,116,76,76,0,0.014329963579427483,0.014329963579427483,75,75,0,-1,2,2,7,8,24,20,92
853,0,206,1,92,91,0,16,1,32,31,0,8,1,37,36,0.0,0.001157289220191293,1,40,39,3,-1,4,4,0,47,98,43
854,100,100,70,70,0,100,100,68,68,0,100,100,73,73,0,0.04877633683923891,0.05357568331120869,96,96,0,2,1,1,6,16,48,18,57
855,0,0,1,1,0,0,0,1,1,0,0,0,1,1,0,0.0,0.0,1,1,0,-1,-1,-1,2,0,97,85,45
856,0,102,1,71,70,0,8,1,25,24,0,2,1,25,24,0.0,0.00017018959120460194,1,30,29,4,-1,5,7,0,24,92,55
857,100,100,65,65,0,100,100,47,47,0,100,100,65,65,0,0.020014295925661188,0.037509785901494265,82,95,13,2,1,1,11,8,38,57,11
858,100,100,69,69,0,100,100,57,57,0,100,100,69,69,0,0.05395010041185881,0.05395010041185881,98,98,0,-1,1,1,8,29,57,1,84
859,22,638,41,100,59,36,36,36,36,0,22,36,41,48,7,0.0014295925661186562,0.013410939786922631,41,77,36,2,3,3,5,2,50,74,37
860,0,616,1,100,99,0,66,1,43,42,0,66,1,56,55,0.0,0.023622315259198747,1,85,84,2,-1,3,6,0,51,85,10
861,0,0,1,1,0,0,0,1,1,0,0,0,1,1,0,0.0,0.0,1,1,0,-1,-1,-1,16,0,9,59,86
862,134,750,83,100,17,240,240,89,89,0,134,150,83,85,2,0.011640968038394772,0.013683243132849994,71,72,1,2,2,2,12,6,6,77,53
863,22,638,41,100,59,84,94,46,47,1,22,94,41,59,18,0.001497668402600497,0.007318152421797883,41,61,20,2,3,3,9,2,28,74,31
864,260,260,96,96,0,190,190,93,93,0,190,190,94,94,0,0.024881718234112803,0.024881718234112803,87,87,0,-1,2,2,8,19,39,15,89
865,166,166,84,84,0,136,136,77,77,0,136,136,83,83,0,0.01592974573675074,0.01592974573675074,77,77,0,-1,2,2,7,13,24,33,97
866,0,101,1,74,73,0,11,1,25,24,0,1,1,25,24,0.0,3.4037918240920386e-05,1,26,25,5,-1,6,11,0,19,91,78
867,100,202,67,91,24,124,124,87,87,0,100,124,72,88,16,0.012491915994417782,0.012525953912658701,72,72,0,4,2,2,6,6,59,34,65
868,264,880,96,100,4,112,112,99,99,0,112,112,99,99,0,0.03594404166241193,0.04329623200245073,93,97,4,2,2,2,4,22,67,9,77
869,100,100,59,59,0,100,100,46,46,0,100,100,59,59,0,0.04789135096497498,0.04789135096497498,97,97,0,-1,1,1,11,30,5,7,84
870,0,102,1,86,85,0,4,1,29,28,0,4,1,32,31,0.0,0.0004765308553728854,1,36,35,4,-1,5,2,0,97,86,64
871,190,390,94,100,6,56,56,84,84,0,56,56,85,85,0,0.03475271452397971,0.04115184315327275,94,96,2,3,2,2,2,27,98,10,20
872,100,100,67,67,0,100,100,54,54,0,100,100,67,67,0,0.01940161339732462,0.02198849518363457,79,83,4,3,1,1,8,2,27,83,90
873,0,0,1,1,0,0,0,1,1,0,0,0,1,1,0,0.0,0.0,1,1,0,-1,-1,-1,4,0,73,99,98
874,64,270,59,92,33,134,134,69,69,0,64,70,59,60,1,0.006977773239388679,0.008577555396711936,61,66,5,3,3,3,9,7,54,62,94
875,0,616,1,100,99,0,32,1,40,39,0,29,1,48,47,0.0,0.005071649817897137,1,53,52,2,-1,3,5,0,45,87,22
876,46,252,55,94,39,132,132,74,74,0,46,55,55,56,1,0.005888559855679227,0.006637394056979475,56,61,5,3,2,2,8,3,21,29,64
877,110,316,83,98,15,72,72,80,80,0,72,72,80,80,0,0.012117498893767658,0.0265495762279179,75,88,13,3,2,2,3,13,76,24,16
878,118,118,78,78,0,176,176,74,74,0,118,118,78,78,0,0.011845195547840293,0.011845195547840293,72,72,0,-1,3,3,11,9,19,27,96
879,100,100,64,64,0,100,100,45,45,0,100,100,64,64,0,0.06429762755709861,0.06429762755709861,100,100,0,-1,1,1,10,36,18,2,92
880,0,616,1,100,99,0,56,1,38,37,0,35,1,46,45,0.0,0.00445896728956057,1,52,51,2,-1,3,9,0,54,40,28
881,160,366,89,99,10,152,152,82,82,0,152,152,88,88,0,0.0160318594914735,0.01684876952925559,79,80,1,3,2,2,8,15,39,19,64
882,0,616,1,100,99,0,26,1,43,42,0,26,1,51,50,0.0,0.005650294427992784,1,57,56,2,-1,3,4,0,84,87,35
883,18,18,39,39,0,36,36,36,36,0,18,18,39,39,0,0.000442492937131965,0.000442492937131965,34,34,0,-1,3,3,5,2,50,56,66
884,100,306,64,96,32,132,132,75,75,0,100,112,65,77,12,0.009632730862180468,0.011845195547840293,68,72,4,3,2,2,8,7,10,21,75
885,58,58,61,61,0,70,70,67,67,0,58,58,59,59,0,0.004833384390210695,0.004833384390210695,53,53,0,-1,2,2,5,3,70,54,69
886,12,12,40,40,0,24,24,37,37,0,12,12,40,40,0,0.00037441710065012424,0.00037441710065012424,35,35,0,-1,4,4,4,2,77,63,40
887,0,0,1,1,0,0,0,1,1,0,0,0,1,1,0,0.0,0.0,1,1,0,-1,-1,-1,2,0,97,67,99
888,2,618,27,100,73,4,19,27,45,18,2,18,27,46,19,0.0,0.003982436434187685,1,52,51,2,5,3,3,1,81,68,42
889,0,206,1,92,91,0,20,1,35,34,0,20,1,50,49,0.0,0.0040845501889104465,1,55,54,3,-1,4,4,0,78,85,13
890,0,206,1,89,88,0,48,1,33,32,0,23,1,44,43,0.0,0.0030634126416828346,1,49,48,3,-1,4,12,0,14,96,35
891,105,705,81,100,19,48,48,54,54,0,48,48,56,56,0,0.011879233466081215,0.01776779332176044,73,83,10,2,3,3,3,14,87,32,35
892,176,176,91,91,0,104,104,86,86,0,104,104,86,86,0,0.022635215630212056,0.022635215630212056,85,85,0,-1,2,2,5,17,45,6,69
893,52,52,67,67,0,22,22,47,47,0,22,22,52,52,0,0.00616086320160659,0.00616086320160659,61,61,0,-1,3,3,2,6,89,13,82
894,104,310,75,96,21,220,220,73,73,0,104,110,75,76,1,0.007113924912352361,0.009292351679771264,60,65,5,3,2,2,16,6,4,26,46
895,2,2,28,28,0,8,8,28,28,0,2,2,28,28,0,0.0,0.0,1,1,0,-1,5,5,7,1,62,68,36
896,70,172,60,88,28,76,76,54,54,0,70,72,63,65,2,0.005377991082065421,0.005480104836788182,52,52,0,4,3,3,6,5,56,47,65
897,120,326,77,95,18,120,120,78,78,0,120,120,78,78,0,0.009190237925048503,0.010075223799312433,70,70,0,3,2,2,6,7,41,21,43
898,266,266,95,95,0,240,240,98,98,0,240,240,98,98,0,0.023894618605126112,0.023894618605126112,86,86,0,-1,2,2,9,16,23,18,97
899,0,102,1,75,74,0,7,1,26,25,0,2,1,26,25,0.0,0.00010211375472276115,1,29,28,4,-1,5,6,0,34,99,55
900,0,1640,1,100,99,0,93,1,36,35,0,42,1,50,49,0.0,0.007726607440688927,1,58,57,1,-1,2,16,0,9,84,61
901,0,206,1,94,93,0,14,1,32,31,0,14,1,40,39,0.0,0.003437829742332959,1,51,50,3,-1,4,3,1,66,45,28
902,0,102,1,82,81,0,6,1,28,27,0,5,1,30,29,0.0,0.0022465026039007454,1,43,42,4,-1,5,3,0,85,84,70
903,2,208,27,92,65,9,22,29,33,4,2,22,27,43,16,0.00013615167296368154,0.0053439531638245,29,52,23,3,5,4,5,1,37,95,31
904,73,73,59,59,0,154,154,72,72,0,73,73,59,59,0,0.006092787365124749,0.006092787365124749,60,60,0,-1,2,2,10,4,11,22,91
905,56,56,61,61,0,48,48,59,59,0,48,48,63,63,0,0.006399128629293032,0.006399128629293032,59,59,0,-1,3,3,3,6,75,13,50
906,166,166,84,84,0,136,136,77,77,0,136,136,83,83,0,0.01592974573675074,0.01592974573675074,77,77,0,-1,2,2,7,13,24,33,85
907,102,718,80,100,20,48,48,60,60,0,48,48,63,63,0,0.016168011164437182,0.02668572790088158,79,90,11,2,3,3,3,12,58,37,14
908,410,512,99,100,1,264,264,100,100,0,264,264,100,100,0,0.03883726471289016,0.03897341638585384,96,96,0,4,2,2,9,29,35,0,55
909,0,1640,1,100,99,0,58,1,79,78,0,58,1,80,79,0.0,0.040709350216140784,1,97,96,1,-1,2,3,0,94,40,34
910,0,206,1,88,87,0,33,1,31,30,0,14,1,33,32,0.0,0.002995336805200994,1,46,45,3,-1,4,11,0,33,97,73
911,100,100,60,60,0,100,100,52,52,0,100,100,60,60,0,0.02403077027808979,0.045304469178665034,86,97,11,2,1,1,9,6,29,26,1
912,16,632,36,100,64,36,50,38,44,6,16,41,36,50,14,0.0007147962830593281,0.004765308553728854,36,54,18,2,3,3,5,2,52,42,41
913,6,212,28,87,59,32,64,29,34,5,6,21,28,38,10,0.0002042275094455223,0.002995336805200994,32,49,17,3,4,4,16,1,9,55,41
914,0,101,1,82,81,0,2,1,25,24,0,1,1,25,24,0.0,3.4037918240920386e-05,1,26,25,5,-1,6,2,0,90,96,65
915,225,841,94,100,6,152,152,94,94,0,152,152,94,94,0,0.021137547227611558,0.02467749072466728,86,89,3,2,2,2,5,15,52,19,41
916,138,344,84,94,10,142,142,79,79,0,138,142,84,84,0,0.01157289220191293,0.013819394805813677,73,76,3,3,2,2,8,9,57,27,41
917,234,850,93,100,7,182,182,82,82,0,182,182,88,88,0,0.02049082678103407,0.024575376969944517,84,86,2,2,2,2,9,16,28,12,26
918,22,638,48,100,52,38,38,51,51,0,22,38,49,53,4,0.0034718676605738795,0.013513053541645392,50,74,24,2,3,3,3,2,94,83,77
919,16,16,37,37,0,58,58,43,43,0,16,16,37,37,0,0.0020422750944552232,0.0020422750944552232,45,45,0,-1,3,3,8,2,21,94,80
920,24,125,50,88,38,22,22,49,49,0,22,22,53,53,0,0.002110350930937064,0.002144388849177984,46,46,0,6,3,3,2,3,90,54,78
921,0,206,1,89,88,0,28,1,33,32,0,18,1,43,42,0.0,0.0033357159876101976,1,50,49,3,-1,4,8,0,57,36,35
922,38,654,47,100,53,62,72,44,44,0,38,68,47,55,8,0.0013955546478777359,0.007794683277170768,40,58,18,2,3,3,7,4,46,64,62
923,28,28,49,49,0,72,72,49,49,0,28,28,49,49,0,0.0012253650566731338,0.0012253650566731338,40,40,0,-1,3,3,7,4,62,64,84
924,0,616,1,100,99,0,70,1,42,41,0,59,1,54,53,0.0,0.006501242384015794,1,59,58,2,-1,3,8,0,15,36,57
925,24,230,49,94,45,38,38,52,52,0,24,38,49,54,5,0.0027911092957554717,0.010041185881071514,50,70,20,3,3,3,3,6,66,70,32
926,46,46,48,48,0,178,178,69,69,0,46,46,48,48,0,0.002314578440382586,0.002314578440382586,44,44,0,-1,2,2,14,2,25,61,98
927,6,622,28,100,72,25,66,30,39,9,6,46,28,50,22,0.0002382654276864427,0.0057524081827155455,30,56,26,2,4,3,9,1,29,65,38
928,0,616,1,100,99,0,34,1,38,37,0,34,1,50,49,0.0,0.02100139555464788,1,87,86,2,-1,3,4,0,53,87,11
929,0,102,1,76,75,0,10,1,28,27,0,4,1,29,28,0.0,0.0008509479560230097,1,35,34,4,-1,5,6,0,71,82,51
930,54,260,65,97,32,38,38,61,61,0,38,38,63,63,0,0.006501242384015794,0.01157289220191293,63,73,10,3,3,3,3,4,81,38,62
931,0,0,1,1,0,0,0,1,1,0,0,0,1,1,0,0.0,0.0,1,1,0,-1,-1,-1,13,0,13,66,86
932,16,1656,31,100,69,90,178,39,68,29,16,178,31,84,53,0.0023486163586235067,0.02825147213996392,45,91,46,1,3,2,14,2,25,94,9
933,164,164,87,87,0,190,190,92,92,0,164,164,87,87,0,0.01579359406378706,0.01579359406378706,80,80,0,-1,2,2,8,8,57,17,79
934,44,44,57,57,0,22,22,54,54,0,22,22,54,54,0,0.006603356138738555,0.006603356138738555,62,62,0,-1,3,3,2,4,99,72,67
935,100,100,61,61,0,100,100,44,44,0,100,100,61,61,0,0.030327785152660065,0.030327785152660065,90,90,0,-1,1,1,12,9,6,39,99
936,6,212,29,90,61,18,30,30,34,4,6,12,29,35,6,0.00013615167296368154,0.002552843868069029,31,46,15,3,4,4,7,1,43,60,90
937,24,126,45,79,34,46,46,43,43,0,24,26,45,46,1,0.0012934408931549745,0.00176997174852786,40,43,3,4,3,3,6,3,65,43,49
938,0,0,1,1,0,0,0,1,1,0,0,0,1,1,0,0.0,0.0,1,1,0,-1,-1,-1,2,0,90,89,36
939,0,0,1,1,0,0,0,1,1,0,0,0,1,1,0,0.0,0.0,1,1,0,-1,-1,-1,2,0,90,96,79
940,0,102,1,71,70,0,10,1,28,27,0,4,1,28,27,0.0,0.0015317063208414173,1,43,42,4,-1,5,5,0,52,85,75
941,136,736,84,100,16,80,80,68,68,0,80,80,72,72,0,0.017972020831205963,0.02920453385070969,80,87,7,2,3,3,5,17,88,6,20
942,130,746,80,100,20,54,54,52,52,0,54,54,55,55,0,0.014227849824704722,0.023996732359848873,77,86,9,2,3,3,4,16,83,12,33
943,122,122,82,82,0,44,44,44,44,0,44,44,50,50,0,0.012866333095067906,0.012866333095067906,74,74,0,-1,3,3,4,14,67,14,76
944,101,101,75,75,0,110,110,76,76,0,110,110,81,81,0,0.00976888253514415,0.00976888253514415,69,69,0,-1,2,2,6,8,59,44,81
945,0,1640,1,100,99,0,152,1,64,63,0,152,1,85,84,0.0,0.029476837196637053,1,91,90,1,-1,2,13,0,13,36,1
946,99,99,75,75,0,52,52,74,74,0,52,52,76,76,0,0.012662105585622384,0.012662105585622384,73,73,0,-1,2,2,3,13,58,24,79
947,0,102,1,75,74,0,10,1,26,25,0,2,1,25,24,0.0,0.00010211375472276115,1,29,28,4,-1,5,8,0,15,84,60
948,40,40,52,52,0,72,72,45,45,0,40,40,52,52,0,0.004050512270669526,0.004050512270669526,52,52,0,-1,3,3,7,6,24,73,96
949,0,206,1,93,92,0,46,1,37,36,0,29,1,46,45,0.0,0.005480104836788182,1,56,55,3,-1,4,9,0,23,59,44
950,40,656,49,100,51,156,156,68,68,0,40,92,49,60,11,0.002825147213996392,0.01058579257292624,48,68,20,2,2,2,12,1,14,53,20
951,2,208,28,91,63,11,26,29,34,5,2,8,28,34,6,3.4037918240920386e-05,0.0022465026039007454,29,45,16,3,5,4,7,1,62,95,94
952,153,359,87,98,11,104,104,88,88,0,104,104,88,88,0,0.018312400013615168,0.019844106334456584,81,83,2,3,2,2,5,15,88,19,53
953,24,126,48,83,35,42,42,41,41,0,24,26,48,50,2,0.0012253650566731338,0.0016338200755641784,41,43,2,4,3,3,6,4,32,64,49
954,82,82,73,73,0,32,32,58,58,0,32,32,60,60,0,0.011675005956635693,0.011675005956635693,74,74,0,-1,3,3,2,8,91,17,93
955,2,618,28,100,72,15,78,29,46,17,2,78,28,62,34,3.4037918240920386e-05,0.014840532353041287,27,78,51,2,5,3,8,1,57,95,18
956,28,234,54,95,41,30,34,43,43,0,28,34,54,54,0,0.001599782157323258,0.009428503352734947,44,67,23,3,3,3,4,3,72,54,33
957,61,267,70,97,27,28,28,46,46,0,28,28,53,53,0,0.007352190340038803,0.010483678818203479,66,72,6,3,3,3,3,13,81,24,28
958,0,616,1,100,99,0,40,1,38,37,0,31,1,49,48,0.0,0.004629156880765172,1,51,50,2,-1,3,7,0,62,99,28
959,0,0,1,1,0,0,0,1,1,0,0,0,1,1,0,0.0,0.0,1,1,0,-1,-1,-1,6,1,48,69,93
960,12,628,37,100,63,12,32,36,57,21,12,32,37,58,21,0.0004084550188910446,0.03553558664352088,35,95,60,2,4,3,2,2,68,63,3
961,1,1,26,26,0,4,4,26,26,0,1,1,26,26,0,3.4037918240920386e-05,3.4037918240920386e-05,26,26,0,-1,6,6,4,2,47,58,81
962,444,1044,98,100,2,336,336,97,97,0,336,336,97,97,0,0.03655672419074849,0.03989244017835869,92,93,1,2,2,2,12,29,3,0,26
963,0,101,1,75,74,0,9,1,25,24,0,1,1,25,24,0.0,0.0002723033459273631,1,32,31,5,-1,6,9,1,54,69,88
964,0,616,1,100,99,0,24,1,42,41,0,24,1,50,49,0.0,0.006467204465774873,1,59,58,2,-1,3,3,0,55,87,72
965,80,280,70,98,28,38,38,57,57,0,38,38,59,59,0,0.009122162088566664,0.012730181422104225,66,75,9,3,3,3,3,9,55,31,22
966,288,390,95,96,1,320,320,92,92,0,320,320,95,95,0,0.021614078082984444,0.02188638142891181,81,81,0,4,2,2,14,18,16,5,55
967,40,40,52,52,0,106,106,66,66,0,40,40,52,52,0,0.0030293747234419145,0.0030293747234419145,49,49,0,-1,2,2,7,1,24,53,40
968,124,740,79,100,21,208,208,88,88,0,124,158,79,85,6,0.01153885428367201,0.016916845365737433,71,78,7,2,2,2,10,6,11,77,38
969,52,52,55,55,0,96,96,56,56,0,52,52,55,55,0,0.004186663943633207,0.004186663943633207,51,51,0,-1,2,2,7,6,43,70,86
970,12,628,36,100,64,36,46,36,39,3,12,46,36,56,20,0.001497668402600497,0.007147962830593281,42,62,20,2,4,3,6,2,44,83,38
971,200,816,91,100,9,268,278,82,84,2,200,239,91,93,2,0.014500153170632085,0.018993158378433576,78,80,2,2,2,2,16,8,4,8,57
972,24,230,46,90,44,52,52,40,40,0,24,39,46,50,4,0.0010211375472276116,0.003812246842983083,39,51,12,3,3,3,7,4,24,64,22
973,22,228,45,92,47,66,66,49,49,0,22,31,45,51,6,0.0019061234214915416,0.0026889955410327104,44,49,5,3,3,3,6,2,44,52,43
974,56,262,54,92,38,66,66,44,44,0,56,66,54,56,2,0.008203138296061813,0.00888389666088022,65,66,1,3,3,3,6,5,51,25,64
975,2,208,26,89,63,9,36,26,35,9,2,20,26,40,14,3.4037918240920386e-05,0.003199564314646516,27,49,22,3,5,4,8,2,10,58,22
976,242,858,94,100,6,278,278,86,86,0,242,278,94,95,1,0.02038871302631131,0.024609414888185438,84,85,1,2,2,2,15,17,7,6,28
977,22,638,43,100,57,78,78,49,49,0,22,78,43,61,18,0.0016678579938050988,0.00881582082439838,44,65,21,2,3,3,8,2,21,61,31
978,16,222,38,92,54,40,40,45,45,0,16,24,38,48,10,0.002212464685659825,0.0032336022328874367,47,49,2,3,3,3,5,2,37,94,74
979,16,1656,37,100,63,52,86,43,58,15,16,86,37,62,25,0.0007147962830593281,0.021239660982334322,36,84,48,1,3,2,6,1,41,49,31
980,218,319,93,97,4,168,168,86,86,0,168,168,88,88,0,0.02396269444160795,0.023996732359848873,86,86,0,6,2,2,9,19,26,15,68
981,100,100,70,70,0,100,100,53,53,0,100,100,70,70,0,0.035025017869907075,0.035025017869907075,90,90,0,-1,1,1,9,15,31,19,97
982,92,92,68,68,0,60,60,49,49,0,60,60,57,57,0,0.008066986623098132,0.008066986623098132,64,64,0,-1,3,3,5,7,50,48,85
983,0,0,1,1,0,0,0,1,1,0,0,0,1,1,0,0.0,0.0,1,1,0,-1,-1,-1,5,1,80,50,69
984,100,100,73,73,0,100,100,96,96,0,100,100,96,96,0,0.07059464243166888,0.08979202831954798,98,100,2,2,1,1,3,16,64,12,10
985,166,782,87,100,13,104,104,82,82,0,104,104,83,83,0,0.017223186629905716,0.022805405221416657,80,85,5,2,2,2,5,13,50,33,57
986,94,300,59,97,38,166,166,67,67,0,94,100,59,60,1,0.006297014874570271,0.007386228258279724,59,62,3,3,2,2,12,6,6,28,71
987,104,310,76,96,20,110,110,79,79,0,104,110,79,80,1,0.008407365805507334,0.009598692943939549,66,69,3,3,2,2,6,5,34,47,52
988,32,134,54,91,37,22,22,54,54,0,22,22,54,54,0,0.005412029000306341,0.006297014874570271,58,61,3,4,3,3,2,6,99,35,74
989,125,125,83,83,0,60,60,53,53,0,60,60,60,60,0,0.014329963579427483,0.014329963579427483,76,76,0,-1,3,3,5,15,49,19,86
990,96,302,63,94,31,100,100,59,59,0,100,100,64,64,0,0.009190237925048503,0.012117498893767658,65,74,9,3,2,2,6,8,40,57,90
991,16,632,34,100,66,90,110,46,59,13,16,76,34,59,25,0.003369753905851118,0.010858095918853602,52,67,15,2,3,3,10,1,11,90,48
992,0,616,1,100,99,0,46,1,33,32,0,16,1,34,33,0.0,0.0030634126416828346,1,48,47,2,-1,3,10,0,1,66,46
993,0,616,1,100,99,0,50,1,44,43,0,50,1,57,56,0.0,0.010415602981721638,1,69,68,2,-1,3,5,0,63,67,33
994,82,288,66,96,30,86,86,57,57,0,86,86,66,66,0,0.012287688484972258,0.01579359406378706,72,79,7,3,3,3,6,8,65,20,35
995,90,90,74,74,0,78,78,77,77,0,78,78,79,79,0,0.010858095918853602,0.010858095918853602,73,73,0,-1,2,2,4,9,78,31,80
996,48,48,55,55,0,90,90,58,58,0,48,48,55,55,0,0.0045270431260424114,0.0045270431260424114,51,51,0,-1,2,2,6,6,48,70,36
997,100,100,78,78,0,100,100,97,97,0,100,100,97,97,0,0.05163552197147622,0.05163552197147622,98,98,0,6,1,1,3,3,96,46,68
998,0,102,1,75,74,0,18,1,26,25,0,3,1,27,26,0.0,0.00034037918240920387,1,31,30,4,-1,5,10,0,36,81,56
999,118,734,80,100,20,148,148,79,79,0,118,148,80,85,5,0.01507879778072773,0.025392287007726607,75,89,14,2,2,2,9,9,26,39,14
