,FreeNet_pre_score,FreeNet_post_score,FreeNet_pre_rank,FreeNet_post_rank,FreeNet_delta_ranks,Reversed_pre_score,Reversed_post_score,Reversed_pre_rank,Reversed_post_rank,Reversed_delta_ranks,Independent_pre_score,Independent_post_score,Independent_pre_rank,Independent_post_rank,Independent_delta_ranks,Random_pre_score,Random_post_score,Random_pre_rank,Random_post_rank,Random_delta_ranks,dist_victim_relayer,dist_victim_vilain_pre,dist_victim_vilain_post,out_deg_victim,in_deg_villain,victim,villain,relayer
0,0,616,1,100,99,0,54,1,61,60,0,54,1,67,66,0.0,0.03846284761224004,1,94,93,2,-1,3,4,0,72,40,2
1,104,704,71,100,29,148,148,71,71,0,104,148,71,85,14,0.00704584907587052,0.020592940535756832,61,84,23,2,2,2,9,6,28,26,16
2,42,642,58,100,42,48,48,59,59,0,48,48,63,63,0,0.007862759113652609,0.037475747983253344,63,95,32,2,3,3,3,5,75,25,2
3,2,618,27,100,73,6,70,27,57,30,2,70,27,63,36,6.807583648184077e-05,0.030804316008032948,28,91,63,2,5,3,5,1,63,68,7
4,0,616,1,100,99,0,48,1,36,35,0,40,1,51,50,0.0,0.00622893903808843,1,58,57,2,-1,3,7,0,24,82,48
5,42,42,51,51,0,110,110,61,61,0,40,40,50,50,0,0.0037441710065012424,0.0037441710065012424,52,52,0,-1,3,3,10,6,1,41,84
6,100,100,64,64,0,100,100,44,44,0,100,100,64,64,0,0.02641342455495422,0.02641342455495422,87,87,0,-1,1,1,13,14,13,14,81
7,56,672,50,100,50,204,204,73,73,0,56,90,50,57,7,0.005071649817897137,0.010041185881071514,53,63,10,2,2,2,15,3,7,29,62
8,164,780,84,100,16,118,128,68,72,4,118,128,80,80,0,0.01232172640321318,0.027536675856904592,72,88,16,2,3,3,8,14,21,32,30
9,0,101,1,74,73,0,11,1,25,24,0,1,1,25,24,0.0,0.0,1,1,0,5,-1,6,11,0,19,84,58
10,22,22,40,40,0,56,56,41,41,0,22,22,40,40,0,0.00176997174852786,0.00176997174852786,38,38,0,-1,3,3,6,2,71,52,87
11,0,616,1,100,99,0,80,1,41,40,0,44,1,49,48,0.0,0.005922597773920147,1,54,53,2,-1,3,10,0,0,79,62
12,6,6,29,29,0,30,30,30,30,0,6,6,29,29,0,0.0,0.0,1,1,0,-1,4,4,12,1,6,95,82
13,190,806,88,100,12,184,184,94,94,0,184,184,95,95,0,0.013104598522754349,0.018074134585928724,74,82,8,2,2,2,7,9,24,27,47
14,22,638,39,100,61,82,114,35,55,20,22,80,39,55,16,0.001055175465468532,0.00881582082439838,38,64,26,2,3,3,14,3,8,51,17
15,140,140,89,89,0,48,48,54,54,0,48,48,56,56,0,0.020831205963443275,0.020831205963443275,85,85,0,-1,3,3,3,20,87,23,50
16,67,1707,57,100,43,108,142,60,71,11,67,142,57,82,25,0.005173763572619898,0.04996766397767113,55,99,44,1,3,2,8,6,42,35,2
17,94,694,72,100,28,64,64,70,70,0,64,64,70,70,0,0.01327478811395895,0.024609414888185438,73,85,12,2,3,3,4,9,84,27,8
18,100,100,60,60,0,100,100,50,50,0,100,100,60,60,0,0.06855236733721366,0.06855236733721366,100,100,0,-1,1,1,9,36,28,2,99
19,24,640,43,100,57,30,44,38,43,5,24,44,43,49,6,0.0016338200755641784,0.020967357636406957,38,85,47,2,3,3,4,3,67,43,7
20,217,217,95,95,0,168,168,96,96,0,168,168,96,96,0,0.029442799278396135,0.029442799278396135,90,90,0,-1,2,2,6,20,32,23,80
21,50,666,55,100,45,88,88,47,47,0,50,88,56,66,10,0.004731270635487933,0.013649205214609075,56,75,19,2,3,3,8,6,39,28,17
22,100,100,69,69,0,100,100,66,66,0,100,100,72,72,0,0.04428333163143742,0.05388202457537697,94,98,4,2,1,1,6,18,44,30,39
23,16,632,38,100,62,50,50,50,50,0,16,50,38,53,15,0.0016678579938050988,0.017529527894074,44,83,39,2,3,3,5,1,37,53,23
24,162,778,81,100,19,142,152,78,83,5,142,152,82,84,2,0.016304162837400864,0.038224582184553595,75,97,22,2,2,2,8,13,27,33,1
25,138,754,81,100,19,152,152,76,76,0,138,152,81,84,3,0.01579359406378706,0.02403077027808979,79,85,6,2,2,2,8,9,15,39,20
26,0,616,1,100,99,0,38,1,34,33,0,26,1,39,38,0.0,0.004595118962524252,1,51,50,2,-1,3,6,0,51,67,41
27,96,302,68,96,28,104,104,66,66,0,104,104,79,79,0,0.008441403723748256,0.008679669151434699,62,63,1,3,3,3,9,13,26,24,88
28,116,218,78,95,17,44,44,49,49,0,44,44,54,54,0,0.008986010415602982,0.009122162088566664,68,68,0,4,3,3,4,13,53,24,55
29,233,439,99,100,1,56,56,82,82,0,56,56,82,82,0,0.037373634228530586,0.040913577725586306,96,97,1,3,2,2,2,29,89,11,38
30,112,728,81,100,19,110,110,77,77,0,110,110,81,81,0,0.014534191088873005,0.02835358589468668,76,89,13,2,2,2,6,8,74,17,15
31,64,270,69,98,29,38,38,56,56,0,38,38,57,57,0,0.009973110044589673,0.02117158514585248,68,85,17,3,3,3,3,9,60,27,6
32,100,100,58,58,0,100,100,38,38,0,100,100,58,58,0,0.013410939786922631,0.015725518227305217,72,77,5,3,1,1,16,4,9,22,75
33,40,40,52,52,0,60,60,52,52,0,40,40,52,52,0,0.006671431975220395,0.006671431975220395,58,58,0,-1,2,2,5,1,45,90,92
34,64,680,58,100,42,134,144,72,77,5,64,144,58,81,23,0.007352190340038803,0.03863303720344464,62,94,32,2,3,3,9,4,31,72,2
35,92,92,75,75,0,62,62,82,82,0,62,62,82,82,0,0.015657442390823378,0.015657442390823378,79,79,0,-1,2,2,3,8,85,8,45
36,396,396,96,96,0,358,358,97,97,0,358,358,97,97,0,0.023520201504475986,0.023520201504475986,86,86,0,-1,2,2,14,19,25,15,36
37,6,212,28,93,65,27,48,28,31,3,6,30,28,45,17,0.00030634126416828345,0.004663194799006093,31,52,21,3,4,4,10,1,36,60,38
38,0,206,1,91,90,0,14,1,29,28,0,8,1,34,33,0.0,0.00088498587426393,1,38,37,3,-1,4,5,0,52,87,74
39,12,12,37,37,0,18,18,33,33,0,12,12,37,37,0,0.0005786446100956465,0.0005786446100956465,34,34,0,-1,4,4,5,2,88,63,93
40,36,652,52,100,48,88,108,52,65,13,36,108,52,77,25,0.00439089145307873,0.014261887742945642,54,75,21,2,3,3,8,6,21,73,33
41,0,616,1,100,99,0,40,1,35,34,0,40,1,49,48,0.0,0.008713707069675619,1,66,65,2,-1,3,7,0,43,92,8
42,6,212,28,89,61,20,43,28,32,4,6,18,28,38,10,0.00013615167296368154,0.0020763130126961434,28,44,16,3,4,4,14,2,17,58,75
43,22,228,43,94,51,32,36,37,37,0,22,36,43,47,4,0.0005446066918547262,0.0018380475850097008,35,43,8,3,3,3,5,2,52,63,64
44,100,100,61,61,0,100,100,40,40,0,100,100,61,61,0,0.017018959120460194,0.02392865652336703,75,88,13,2,1,1,14,6,8,13,34
45,0,616,1,100,99,0,76,1,42,41,0,68,1,60,59,0.0,0.009734844616903231,1,68,67,2,-1,3,9,0,23,97,17
46,100,100,58,58,0,100,100,35,35,0,100,100,59,59,0,0.02038871302631131,0.02038871302631131,83,83,0,-1,1,1,17,8,20,44,45
47,100,306,70,95,25,100,100,68,68,0,100,100,73,73,0,0.00980292045338507,0.012253650566731339,69,75,6,3,2,2,6,7,48,21,73
48,16,1656,46,100,54,22,56,48,85,37,16,56,47,85,38,0.0012594029749140542,0.05228224241805371,40,98,58,1,3,2,2,1,95,49,58
49,0,206,1,96,95,0,14,1,32,31,0,14,1,40,39,0.0,0.008305252050784574,1,64,63,3,-1,4,3,0,75,93,32
50,100,100,81,81,0,100,100,96,96,0,100,100,96,96,0,0.06872255692841826,0.06872255692841826,100,100,0,-1,1,1,3,18,92,30,89
51,76,76,71,71,0,38,38,52,52,0,38,38,55,55,0,0.00891793457912114,0.00891793457912114,69,69,0,-1,3,3,3,13,66,24,87
52,16,1656,35,100,65,158,192,66,73,7,16,121,35,82,47,0.003608019333537561,0.018142210422410564,50,78,28,1,3,2,13,3,13,46,24
53,0,206,1,90,89,0,32,1,35,34,0,12,1,35,34,0.0,0.0033016780693692774,1,47,46,3,-1,4,6,0,48,79,29
54,297,297,99,99,0,72,72,84,84,0,72,72,84,84,0,0.044623710813846626,0.044623710813846626,96,96,0,-1,2,2,3,40,85,3,91
55,49,255,56,95,39,56,56,44,44,0,49,56,56,57,1,0.004288777698355968,0.007420266176520644,54,62,8,3,3,3,6,4,34,22,35
56,128,334,80,97,17,220,220,82,82,0,128,138,80,84,4,0.007318152421797883,0.009224275843289425,62,68,6,3,2,2,12,6,6,26,54
57,82,82,71,71,0,84,84,74,74,0,84,84,75,75,0,0.010449640899962559,0.010449640899962559,71,71,0,-1,2,2,5,7,45,48,67
58,136,752,82,100,18,276,286,87,88,1,136,286,82,94,12,0.008543517478471017,0.024200959869294394,63,87,24,2,2,2,14,7,16,62,18
59,50,152,57,91,34,48,48,54,54,0,48,48,56,56,0,0.006909697402906838,0.008169100377820893,58,63,5,4,3,3,3,6,87,26,94
60,193,809,93,100,7,112,112,92,92,0,112,112,92,92,0,0.02658361414615882,0.0425814357193914,91,96,5,2,2,2,4,20,53,23,9
61,16,222,39,91,52,68,68,43,43,0,16,35,39,52,13,0.0018380475850097008,0.005514142755029102,43,58,15,3,3,3,8,1,57,53,22
62,67,683,63,100,37,32,32,58,58,0,32,32,59,59,0,0.006977773239388679,0.02743456210218183,60,91,31,2,3,3,2,8,68,57,0
63,48,150,51,82,31,184,184,72,72,0,48,52,52,52,0,0.0035739814152966403,0.0040845501889104465,49,53,4,4,3,3,14,6,17,70,51
64,84,84,68,68,0,48,48,63,63,0,48,48,64,64,0,0.012798257258586064,0.012798257258586064,77,77,0,-1,3,3,3,9,82,39,36
65,0,0,1,1,0,0,0,1,1,0,0,0,1,1,0,0.0,0.0,1,1,0,-1,-1,-1,4,0,53,67,79
66,8,8,35,35,0,20,20,32,32,0,8,8,35,35,0,0.0008169100377820892,0.0008169100377820892,38,38,0,-1,4,4,6,2,69,74,82
67,0,0,1,1,0,0,0,1,1,0,0,0,1,1,0,0.0,0.0,1,1,0,-1,-1,-1,3,0,85,84,99
68,70,276,63,96,33,88,88,47,47,0,70,80,63,65,2,0.0053099152455835805,0.00878178290615746,58,67,9,3,3,3,8,6,39,26,73
69,25,641,46,100,54,56,56,48,48,0,25,56,46,56,10,0.00442492937131965,0.016712617856291908,51,79,28,2,3,3,6,6,65,73,5
70,0,616,1,99,98,0,54,1,33,32,0,16,1,33,32,0.0,0.0021784267674189047,1,46,45,2,-1,3,12,0,14,80,46
71,0,1640,1,100,99,0,48,1,66,65,0,46,1,69,68,0.0,0.035739814152966405,1,93,92,1,-1,2,3,0,96,98,46
72,26,232,49,92,43,78,78,47,47,0,26,32,49,50,1,0.004765308553728854,0.005105687736138058,53,54,1,3,3,3,8,6,30,73,4
73,144,144,85,85,0,284,284,86,86,0,144,144,85,85,0,0.009939072126348753,0.009939072126348753,67,67,0,-1,2,2,16,7,4,21,66
74,80,80,58,58,0,132,132,72,72,0,80,80,58,58,0,0.012151536812008578,0.012151536812008578,70,70,0,-1,2,2,8,5,27,25,99
75,32,32,46,46,0,152,152,70,70,0,32,32,46,46,0,0.004493005207801491,0.004493005207801491,54,54,0,-1,3,3,12,3,3,29,96
76,267,368,97,100,3,72,72,86,86,0,72,72,86,86,0,0.046904251335988294,0.04700636509071105,96,96,0,5,2,2,3,36,92,2,60
77,0,616,1,100,99,0,52,1,42,41,0,52,1,56,55,0.0,0.012083460975526737,1,71,70,2,-1,3,6,0,34,93,32
78,0,0,1,1,0,0,0,1,1,0,0,0,1,1,0,0.0,0.0,1,1,0,-1,-1,-1,10,0,36,86,87
79,100,100,73,73,0,100,100,94,94,0,100,100,94,94,0,0.0851628714387828,0.08540113686646925,100,100,0,4,1,1,4,40,67,3,56
80,115,731,83,100,17,38,48,51,69,18,38,48,54,71,17,0.019946220089179345,0.03318697028489737,81,94,13,2,3,3,3,20,94,23,33
81,46,662,50,100,50,144,144,61,61,0,46,87,50,56,6,0.0025188059498281084,0.006671431975220395,47,57,10,2,2,2,10,2,0,61,35
82,100,100,69,69,0,100,100,55,55,0,100,100,69,69,0,0.02641342455495422,0.0425814357193914,90,96,6,2,1,1,9,6,26,77,37
83,16,118,46,86,40,22,22,48,48,0,16,22,47,50,3,0.0031314884781646754,0.004629156880765172,50,54,4,4,3,3,2,3,95,46,83
84,100,100,70,70,0,100,100,68,68,0,100,100,73,73,0,0.06171074577078866,0.06851832941897273,100,100,0,3,1,1,6,29,48,1,34
85,91,707,63,100,37,144,144,65,65,0,91,107,63,75,12,0.007318152421797883,0.010143299635794275,61,68,7,2,2,2,10,6,18,35,52
86,0,0,1,1,0,0,0,1,1,0,0,0,1,1,0,0.0,0.0,1,1,0,-1,-1,-1,3,0,58,81,79
87,524,724,99,100,1,264,264,99,99,0,264,264,99,99,0,0.05289492494639028,0.053609721229449604,98,98,0,3,2,2,9,36,31,2,53
88,100,100,76,76,0,100,100,91,91,0,100,100,91,91,0,0.06521665134960346,0.06627182681507199,99,99,0,4,1,1,4,17,77,6,51
89,68,684,72,100,28,48,48,68,68,0,48,48,69,69,0,0.009360427516253106,0.02484768031587188,70,88,18,2,3,3,3,9,81,31,15
90,8,110,35,78,43,28,28,34,34,0,8,10,35,35,0,0.0005105687736138058,0.0008509479560230097,33,36,3,4,4,4,6,2,56,63,88
91,2,104,26,73,47,11,12,26,27,1,2,4,26,28,2,0.00013615167296368154,0.0002382654276864427,28,32,4,4,5,5,10,1,22,78,60
92,100,100,66,66,0,100,100,43,43,0,100,100,66,66,0,0.03788420300214439,0.05568603424214575,94,100,6,1,1,1,11,15,33,16,5
93,18,18,52,52,0,32,32,63,63,0,18,18,54,54,0,0.002280540522141666,0.002280540522141666,46,46,0,-1,3,3,2,2,98,52,87
94,8,8,36,36,0,26,26,36,36,0,8,8,36,36,0,0.0005105687736138058,0.0005105687736138058,35,35,0,-1,4,4,5,2,45,56,84
95,76,692,69,100,31,32,32,58,58,0,32,32,60,60,0,0.011062323428299126,0.018006058749446885,71,83,12,2,3,3,2,6,91,77,21
96,144,245,84,93,9,182,182,87,87,0,144,145,82,83,1,0.010926171755335444,0.010960209673576363,73,73,0,5,2,2,9,7,31,21,78
97,6,108,32,84,52,14,14,34,34,0,6,14,32,40,8,0.0011913271384322134,0.002212464685659825,41,45,4,4,4,4,3,1,60,71,64
98,0,206,1,92,91,0,12,1,32,31,0,6,1,32,31,0.0,0.0024507301133462676,1,47,46,3,-1,4,4,0,47,98,90
99,209,415,94,100,6,118,118,93,93,0,118,118,93,93,0,0.02719629667449539,0.0298852922155281,89,89,0,3,2,2,5,15,49,16,35
100,77,179,71,93,22,38,38,46,46,0,38,38,51,51,0,0.008986010415602982,0.00966676878042139,66,70,4,4,3,3,3,8,96,44,71
101,0,1640,1,100,99,0,64,1,53,52,0,64,1,59,58,0.0,0.03104258143571939,1,89,88,1,-1,2,5,1,61,69,30
102,46,46,55,55,0,132,132,74,74,0,46,46,55,55,0,0.005888559855679227,0.005888559855679227,56,56,0,-1,2,2,8,3,21,29,93
103,15,15,49,49,0,12,12,35,35,0,12,12,43,43,0,0.0042547397801150485,0.0042547397801150485,56,56,0,-1,4,4,2,6,86,73,67
104,0,0,1,1,0,0,0,1,1,0,0,0,1,1,0,0.0,0.0,1,1,0,-1,-1,-1,8,0,39,59,79
105,0,206,1,91,90,0,24,1,36,35,0,20,1,47,46,0.0,0.005650294427992784,1,57,56,3,-1,4,4,0,83,80,72
106,0,0,1,1,0,0,0,1,1,0,0,0,1,1,0,0.0,0.0,1,1,0,-1,-1,-1,10,0,36,97,93
107,16,222,41,95,54,28,28,45,45,0,16,28,41,48,7,0.0021784267674189047,0.0046972327172470135,45,51,6,3,3,3,3,2,60,94,75
108,87,293,63,95,32,60,60,49,49,0,60,60,57,57,0,0.008509479560230097,0.008951972497362062,65,68,3,3,3,3,5,8,50,44,63
109,70,276,60,94,34,76,76,54,54,0,70,76,63,65,2,0.005377991082065421,0.007216038667075122,52,60,8,3,3,3,6,5,56,47,46
110,362,978,95,100,5,224,224,99,99,0,224,224,99,99,0,0.03104258143571939,0.036965179209639536,90,96,6,2,2,2,8,22,27,9,72
111,80,80,73,73,0,22,22,54,54,0,22,22,54,54,0,0.010892133837094524,0.010892133837094524,70,70,0,-1,3,3,2,14,99,14,85
112,16,222,32,91,59,40,60,32,38,6,16,22,32,37,5,0.00037441710065012424,0.002382654276864427,32,43,11,3,3,3,9,1,29,4,46
113,0,616,1,100,99,0,56,1,38,37,0,39,1,49,48,0.0,0.0057524081827155455,1,54,53,2,-1,3,9,0,35,86,57
114,0,616,1,99,98,0,44,1,34,33,0,25,1,42,41,0.0,0.0031314884781646754,1,48,47,2,-1,3,11,0,33,85,41
115,100,100,67,67,0,100,100,66,66,0,100,100,72,72,0,0.07553014057660233,0.07553014057660233,100,100,0,-1,1,1,6,36,59,2,81
116,0,206,1,91,90,0,20,1,32,31,0,9,1,35,34,0.0,0.001497668402600497,1,42,41,3,-1,4,6,0,44,80,54
117,139,239,82,95,13,120,120,80,80,0,120,120,81,81,0,0.015623404472582456,0.01589570781850982,77,77,0,4,2,2,6,15,34,19,42
118,87,703,64,100,36,76,76,54,54,0,76,76,60,60,0,0.00789679703189353,0.02209060893835733,63,83,20,2,3,3,6,8,41,44,15
119,50,50,63,63,0,22,22,54,54,0,22,22,54,54,0,0.00442492937131965,0.00442492937131965,52,52,0,-1,3,3,2,5,99,47,59
120,226,328,92,95,3,230,230,89,89,0,230,230,92,92,0,0.019912182170938427,0.020048333843902106,79,79,0,4,2,2,12,18,3,30,65
121,100,100,60,60,0,100,100,52,52,0,100,100,60,60,0,0.053609721229449604,0.064127437965894,99,100,1,2,1,1,9,27,29,10,39
122,22,638,40,100,60,40,62,36,43,7,22,48,40,50,10,0.0005786446100956465,0.005446066918547262,34,54,20,2,3,3,7,2,46,63,26
123,2,208,27,92,65,5,18,27,34,7,2,18,27,47,20,3.4037918240920386e-05,0.01242384015793594,27,74,47,3,5,4,3,2,87,58,18
124,180,282,86,94,8,102,102,64,64,0,102,102,72,72,0,0.019367575479083698,0.019367575479083698,84,84,0,4,3,3,7,17,24,6,95
125,0,616,1,100,99,0,124,1,59,58,0,124,1,82,81,0.0,0.021682153919466287,1,86,85,2,-1,3,14,0,17,86,10
126,18,224,40,89,49,100,100,47,47,0,18,26,40,44,4,0.002110350930937064,0.003642057251778481,43,48,5,3,3,3,10,2,22,61,83
127,68,274,66,97,31,62,62,80,80,0,62,62,80,80,0,0.009122162088566664,0.014466115252391163,66,78,12,3,2,2,3,4,55,72,24
128,152,358,87,99,12,72,72,77,77,0,72,72,77,77,0,0.017972020831205963,0.01940161339732462,83,84,1,3,2,2,3,14,82,14,43
129,38,654,48,100,52,98,112,42,57,15,38,91,48,60,12,0.001497668402600497,0.011947309302563056,42,71,29,2,3,3,12,3,14,43,39
130,40,656,44,100,56,158,168,66,67,1,40,93,44,58,14,0.00445896728956057,0.009939072126348753,55,65,10,2,2,2,14,1,8,90,57
131,50,151,65,90,25,22,22,47,47,0,22,22,52,52,0,0.004493005207801491,0.0045270431260424114,53,54,1,5,3,3,2,5,89,47,95
132,16,16,31,31,0,43,43,30,30,0,16,16,31,31,0,0.0002382654276864427,0.0002382654276864427,31,31,0,-1,3,3,14,1,25,60,50
133,40,40,54,54,0,68,68,71,71,0,40,40,54,54,0,0.005854521937438306,0.005854521937438306,58,58,0,-1,2,2,4,2,79,94,67
134,97,198,80,95,15,32,32,63,63,0,32,32,64,64,0,0.01861874127778345,0.01872085503250621,83,83,0,5,3,3,2,12,86,37,4
135,2,104,26,76,50,19,20,26,27,1,2,4,26,27,1,3.4037918240920386e-05,6.807583648184077e-05,26,27,1,4,5,5,17,1,20,68,78
136,6,6,33,33,0,16,16,33,33,0,6,6,33,33,0,0.00034037918240920387,0.00034037918240920387,34,34,0,-1,4,4,4,1,47,4,67
137,0,616,1,100,99,0,30,1,42,41,0,30,1,50,49,0.0,0.005241839409101739,1,56,55,2,-1,3,4,0,79,81,28
138,148,248,85,93,8,110,110,77,77,0,110,110,81,81,0,0.01497668402600497,0.015317063208414174,78,78,0,4,2,2,6,14,74,32,43
139,44,244,57,94,37,48,48,60,60,0,48,48,63,63,0,0.0068075836481840775,0.013479015623404473,61,75,14,3,3,3,3,7,58,62,20
140,46,252,54,95,41,68,68,66,66,0,46,54,57,57,0,0.004629156880765172,0.005684332346233704,54,56,2,3,2,2,4,2,53,52,74
141,74,74,62,62,0,138,138,75,75,0,74,74,62,62,0,0.00616086320160659,0.00616086320160659,60,60,0,-1,2,2,9,6,31,26,80
142,100,100,67,67,0,100,100,57,57,0,100,100,67,67,0,0.031621226045815035,0.04983151230470744,90,98,8,2,1,1,8,13,21,24,9
143,132,338,82,97,15,222,222,90,90,0,132,138,82,83,1,0.011913271384322134,0.0141938119064638,73,78,5,3,2,2,10,5,36,25,90
144,2,2,27,27,0,5,5,30,30,0,2,2,27,27,0,6.807583648184077e-05,6.807583648184077e-05,27,27,0,-1,5,5,3,1,92,95,36
145,28,130,45,83,38,70,70,39,39,0,28,28,45,45,0,0.0013615167296368155,0.0013615167296368155,40,40,0,4,3,3,10,3,22,43,65
146,76,282,62,97,35,64,64,59,59,0,64,64,63,63,0,0.00803294870485721,0.01324075019571803,66,76,10,3,3,3,4,7,53,21,31
147,318,934,97,100,3,224,224,96,96,0,224,224,96,96,0,0.02467749072466728,0.028523775485891283,86,88,2,2,2,2,8,19,30,15,29
148,22,123,46,86,40,34,34,44,44,0,22,23,46,50,4,0.0022465026039007454,0.0023486163586235067,46,47,1,5,3,3,4,3,72,51,88
149,22,228,45,92,47,40,40,44,44,0,22,40,45,50,5,0.0014636304843595766,0.009292351679771264,44,68,24,3,3,3,5,2,88,61,8
150,202,408,94,100,6,96,96,92,92,0,96,96,92,92,0,0.02648150039143606,0.027843017121072875,90,91,1,3,2,2,3,18,96,5,61
151,16,16,33,33,0,136,136,59,59,0,16,16,33,33,0,0.0023486163586235067,0.0023486163586235067,43,43,0,-1,3,3,16,2,4,94,79
152,0,0,1,1,0,0,0,1,1,0,0,0,1,1,0,0.0,0.0,1,1,0,-1,-1,-1,6,0,69,36,81
153,0,616,1,100,99,0,28,1,44,43,0,28,1,48,47,0.0,0.030395860989141904,1,91,90,2,-1,3,3,1,60,45,3
154,44,44,49,49,0,44,44,44,44,0,44,44,50,50,0,0.007318152421797883,0.007318152421797883,61,61,0,-1,3,3,4,4,67,38,99
155,0,102,1,76,75,0,18,1,25,24,0,2,1,25,24,0.0,3.4037918240920386e-05,1,25,24,4,-1,5,17,0,20,80,78
156,140,346,82,97,15,176,176,91,91,0,140,176,83,92,9,0.011334626774226489,0.012798257258586064,72,74,2,3,2,2,8,7,10,48,83
157,28,644,47,100,53,62,72,43,44,1,28,72,47,58,11,0.002110350930937064,0.009598692943939549,46,69,23,2,3,3,7,3,24,54,21
158,16,16,35,35,0,90,90,43,43,0,16,16,35,35,0,0.0011232513019503727,0.0011232513019503727,40,40,0,-1,3,3,10,1,1,71,85
159,100,100,64,64,0,100,100,49,48,-1,100,100,64,64,0,0.038939378467612924,0.06167670785254774,94,99,5,1,1,1,8,18,42,5,19
160,0,0,1,1,0,0,0,1,1,0,0,0,1,1,0,0.0,0.0,1,1,0,-1,-1,-1,8,0,39,87,91
161,22,638,42,100,58,102,112,56,59,3,22,68,42,56,14,0.0013955546478777359,0.007726607440688927,40,60,20,2,3,3,12,2,2,61,21
162,150,750,85,100,15,148,148,79,79,0,148,148,84,84,0,0.010721944245889922,0.014568229007113924,71,76,5,2,2,2,9,13,31,24,13
163,254,870,91,100,9,314,324,89,89,0,254,324,91,97,6,0.014704380680077607,0.027979168794036557,74,90,16,2,2,2,17,14,20,14,12
164,28,644,49,100,51,34,44,39,48,9,28,44,49,53,4,0.0025188059498281084,0.009156200006807584,47,67,20,2,3,3,4,6,53,70,62
165,34,650,45,100,55,76,86,55,64,9,34,86,45,67,22,0.003880322679464924,0.033799652813233945,49,95,46,2,3,3,6,3,71,54,2
166,0,206,1,96,95,0,8,1,33,32,0,8,1,39,38,0.0,0.003982436434187685,1,52,51,3,-1,4,2,0,93,36,72
167,57,263,63,97,34,38,38,57,57,0,38,38,60,60,0,0.006909697402906838,0.014398039415909322,61,78,17,3,3,3,3,8,85,57,77
168,0,616,1,100,99,0,44,1,47,46,0,44,1,57,56,0.0,0.021920419347152727,1,87,86,2,-1,3,4,0,47,93,0
169,0,206,1,89,88,0,38,1,33,32,0,31,1,46,45,0.0,0.005854521937438306,1,55,54,3,-1,4,9,0,26,99,27
170,80,696,59,100,41,172,172,81,81,0,80,96,59,59,0,0.006637394056979475,0.008577555396711936,60,65,5,2,2,2,9,3,28,29,53
171,105,721,78,100,22,70,70,67,67,0,70,70,71,71,0,0.01664454201981007,0.0313829606181286,77,90,13,2,3,3,5,12,70,37,23
172,46,252,54,93,39,90,90,65,65,0,46,52,54,56,2,0.006024711528642908,0.006773545729943157,60,61,1,3,2,2,6,3,74,29,71
173,100,100,62,62,0,100,100,43,43,0,100,100,62,62,0,0.05834099186493754,0.07372613090983356,100,100,0,1,1,1,12,40,14,3,8
174,28,1668,51,100,49,50,74,49,57,8,28,74,51,61,10,0.002586881786309949,0.03359542530378842,48,90,42,1,3,2,5,3,61,54,30
175,0,102,1,79,78,0,7,1,24,23,0,3,1,26,25,0.0,0.00030634126416828345,1,28,27,4,-1,5,4,0,67,36,56
176,100,100,69,69,0,94,94,72,72,0,94,94,73,73,0,0.00966676878042139,0.00966676878042139,70,70,0,-1,2,2,5,7,80,21,99
177,16,16,38,38,0,56,56,46,46,0,16,16,38,38,0,0.0032336022328874367,0.0032336022328874367,50,50,0,-1,3,3,6,1,74,90,69
178,0,616,1,100,99,0,48,1,45,44,0,41,1,53,52,0.0,0.007658531604207087,1,64,63,2,-1,3,6,0,74,81,25
179,0,1640,1,100,99,0,140,1,69,68,0,140,1,80,79,0.0,0.031076619353960312,1,92,91,1,-1,2,10,0,12,93,1
180,6,1646,29,100,71,44,122,36,67,31,6,122,29,81,52,0.0006126825283365669,0.042683549474114166,37,96,59,1,4,2,8,1,30,49,2
181,18,18,41,41,0,38,38,38,38,0,18,18,41,41,0,0.000442492937131965,0.000442492937131965,34,34,0,-1,3,3,6,2,48,56,80
182,0,0,1,1,0,0,0,1,1,0,0,0,1,1,0,0.0,0.0,1,1,0,-1,-1,-1,6,0,69,89,93
183,240,342,93,94,1,190,190,92,92,0,190,190,93,93,0,0.02100139555464788,0.02110350930937064,83,83,0,4,2,2,8,18,57,5,49
184,22,228,42,89,47,58,62,36,36,0,22,33,42,47,5,0.0012594029749140542,0.00442492937131965,39,52,13,3,3,3,10,3,22,51,73
185,0,206,1,93,92,0,42,1,35,34,0,30,1,46,45,0.0,0.003642057251778481,1,49,48,3,-1,4,9,0,23,93,47
186,40,246,52,95,43,90,90,65,65,0,40,90,52,68,16,0.006501242384015794,0.010858095918853602,59,71,12,3,2,2,6,1,34,90,57
187,174,790,86,100,14,232,232,94,94,0,174,232,87,94,7,0.014432077334150244,0.03567173831648456,78,93,15,2,2,2,10,8,0,17,10
188,126,332,79,96,17,110,110,78,78,0,110,110,82,82,0,0.014261887742945642,0.014636304843595765,77,78,1,3,2,2,6,8,51,20,65
189,118,324,79,96,17,126,126,80,80,0,126,126,83,83,0,0.012628067667381462,0.01327478811395895,74,74,0,3,2,2,7,9,62,27,42
190,0,206,1,95,94,0,18,1,34,33,0,18,1,45,44,0.0,0.017869907076483203,1,80,79,3,-1,4,3,0,94,87,0
191,134,750,81,100,19,92,112,55,74,19,92,112,67,77,10,0.009734844616903231,0.03597807958065285,69,93,24,2,3,3,7,9,43,31,11
192,226,226,91,91,0,144,144,92,92,0,144,144,92,92,0,0.021443888491779844,0.021443888491779844,83,83,0,-1,2,2,6,18,41,5,36
193,0,616,1,100,99,0,88,1,46,45,0,88,1,60,59,0.0,0.018822968787228972,1,80,79,2,-1,3,8,0,10,89,9
194,30,646,47,100,53,58,68,38,39,1,30,64,47,57,10,0.004356853534837809,0.010007147962830594,54,67,13,2,3,3,8,6,15,73,72
195,170,376,84,96,12,120,120,77,77,0,120,120,84,84,0,0.018244324177133328,0.01865277919602437,81,81,0,3,2,2,6,12,40,37,64
196,100,100,65,65,0,100,100,45,45,0,100,100,65,65,0,0.0510909152796215,0.07964872868375371,100,100,0,1,1,1,10,29,12,0,10
197,396,602,96,100,4,358,358,97,97,0,358,358,97,97,0,0.023520201504475986,0.02403077027808979,86,87,1,3,2,2,14,19,25,15,64
198,112,318,81,97,16,110,110,77,77,0,110,110,81,81,0,0.014534191088873005,0.016133973246196264,76,79,3,3,2,2,6,8,74,17,94
199,100,100,67,67,0,100,100,57,57,0,100,100,67,67,0,0.04084550188910446,0.05551584465094115,96,98,2,2,1,1,8,19,21,15,23
200,0,616,1,100,99,0,43,1,32,31,0,17,1,38,37,0.0,0.0004765308553728854,1,33,32,2,-1,3,14,0,17,91,56
201,6,6,30,30,0,15,15,28,28,0,6,6,30,30,0,6.807583648184077e-05,6.807583648184077e-05,29,29,0,-1,4,4,9,2,54,58,97
202,22,228,49,93,44,30,34,43,45,2,22,34,49,51,2,0.002144388849177984,0.009020048333843901,47,65,18,3,3,3,4,2,73,52,17
203,32,238,51,97,46,38,38,51,51,0,38,38,54,54,0,0.0040845501889104465,0.005480104836788182,52,54,2,3,3,3,3,6,94,41,43
204,58,1658,58,100,42,110,110,77,77,0,58,110,58,80,22,0.004765308553728854,0.029919330133769018,56,90,34,1,2,2,6,6,44,70,14
205,188,188,94,94,0,72,72,80,80,0,72,72,80,80,0,0.02481364239763096,0.02481364239763096,88,88,0,-1,2,2,3,19,66,15,99
206,232,432,95,100,5,64,64,68,68,0,64,64,70,70,0,0.02995336805200994,0.03281255318424725,90,91,1,3,3,3,4,27,78,10,28
207,102,308,75,96,21,134,134,90,90,0,102,108,79,80,1,0.0123557643214541,0.013717281051090916,71,74,3,3,2,2,6,7,74,62,53
208,80,180,73,95,22,32,32,71,71,0,32,32,71,71,0,0.014772456516559448,0.018925082541951733,75,81,6,4,3,3,2,9,99,27,31
209,6,1646,28,100,72,56,110,34,56,22,6,54,28,52,24,0.00034037918240920387,0.008577555396711936,34,60,26,1,4,2,16,1,9,88,70
210,78,78,61,61,0,124,124,75,75,0,78,78,61,61,0,0.008237176214302734,0.008237176214302734,66,66,0,-1,3,3,9,8,23,44,66
211,0,0,1,1,0,0,0,1,1,0,0,0,1,1,0,0.0,0.0,1,1,0,-1,-1,-1,3,0,82,79,84
212,132,748,86,100,14,56,56,84,84,0,56,56,84,84,0,0.020082371762143027,0.05466489669491814,85,98,13,2,2,2,2,15,86,19,3
213,129,335,87,99,12,78,78,75,75,0,78,78,77,77,0,0.015214949453691413,0.025936893699581333,79,87,8,3,2,2,4,14,77,32,30
214,0,616,1,100,99,0,44,1,52,51,0,44,1,57,56,0.0,0.03230198441063344,1,93,92,2,-1,3,4,0,78,99,2
215,6,212,32,91,59,20,20,34,34,0,6,20,32,47,15,0.0007488342013002485,0.010007147962830594,38,67,29,3,4,4,4,2,84,42,37
216,212,412,95,100,5,38,38,56,56,0,38,38,57,57,0,0.030293747234419143,0.03798631675686715,90,94,4,3,3,3,3,27,60,10,37
217,105,721,78,100,22,70,70,67,67,0,70,70,71,71,0,0.01664454201981007,0.03417406991388407,77,91,14,2,3,3,5,12,70,37,7
218,2,618,29,100,71,4,18,31,47,16,2,18,29,50,21,3.4037918240920386e-05,0.008509479560230097,27,70,43,2,5,3,2,1,90,65,75
219,86,86,69,69,0,64,64,68,68,0,64,64,69,69,0,0.009326389598012186,0.009326389598012186,68,68,0,-1,3,3,4,7,73,21,59
220,49,151,55,84,29,124,124,65,65,0,49,51,55,55,0,0.004561081044283332,0.004731270635487933,54,54,0,4,3,3,9,4,28,22,55
221,91,707,66,100,34,90,100,61,62,1,91,100,66,67,1,0.007590455767725246,0.01756356581231492,62,79,17,2,2,2,6,6,41,35,33
222,122,322,82,99,17,44,44,44,44,0,44,44,50,50,0,0.012866333095067906,0.01592974573675074,74,79,5,3,3,3,4,14,67,14,22
223,209,311,93,96,3,128,128,93,93,0,128,128,93,93,0,0.031076619353960312,0.031621226045815035,89,89,0,4,2,2,5,15,70,16,63
224,0,102,1,76,75,0,10,1,26,25,0,2,1,26,25,0.0,0.00013615167296368154,1,28,27,4,-1,5,9,0,23,82,78
225,100,100,72,72,0,100,100,79,79,0,100,100,80,80,0,0.053439531638245004,0.053439531638245004,98,98,0,-1,1,1,5,15,37,16,67
226,140,346,84,99,15,88,88,84,84,0,88,88,84,84,0,0.017121072875182955,0.02324789815854862,80,86,6,3,2,2,4,14,67,32,24
227,169,270,90,95,5,104,104,86,86,0,104,104,86,86,0,0.0230436706491031,0.023213860240307704,86,86,0,5,2,2,5,16,45,18,55
228,100,100,70,70,0,100,100,73,73,0,100,100,74,74,0,0.028489737567650362,0.028489737567650362,91,91,0,-1,1,1,6,6,71,70,82
229,94,94,76,76,0,32,32,58,58,0,32,32,59,59,0,0.0160318594914735,0.0160318594914735,80,80,0,-1,3,3,2,9,68,39,80
230,40,656,51,100,49,74,94,64,77,13,40,94,51,78,27,0.005037611899656217,0.017937982912965042,53,80,27,2,2,2,5,3,88,46,20
231,0,102,1,76,75,0,12,1,24,23,0,2,1,24,23,0.0,0.0002723033459273631,1,29,28,4,-1,5,10,0,36,96,65
232,2,618,28,100,72,3,22,28,41,13,2,22,28,45,17,0.00010211375472276115,0.02634534871847238,29,91,62,2,5,3,2,1,68,60,0
233,2,208,27,93,66,4,18,27,39,12,2,18,27,44,17,6.807583648184077e-05,0.01504475986248681,27,78,51,3,5,4,3,1,92,60,23
234,0,0,1,1,0,0,0,1,1,0,0,0,1,1,0,0.0,0.0,1,1,0,-1,-1,-1,2,0,90,87,97
235,0,0,1,1,0,0,0,1,1,0,0,0,1,1,0,0.0,0.0,1,1,0,-1,-1,-1,2,0,89,66,91
236,115,321,85,98,13,48,48,59,59,0,48,48,63,63,0,0.0141938119064638,0.015112835698968652,80,80,0,3,3,3,3,15,75,19,43
237,12,12,40,40,0,24,24,37,37,0,12,12,40,40,0,0.0012934408931549745,0.0012934408931549745,41,41,0,-1,4,4,4,3,77,51,45
238,40,142,47,83,36,90,90,44,44,0,40,42,47,51,4,0.0022465026039007454,0.0024166921951053475,42,43,1,4,2,2,9,1,29,49,65
239,129,129,89,89,0,56,56,84,84,0,56,56,85,85,0,0.022839443139657578,0.022839443139657578,87,87,0,-1,2,2,2,17,98,6,86
240,0,616,1,100,99,0,106,1,56,55,0,66,1,55,54,0.0,0.004969536063174376,1,52,51,2,-1,3,15,0,7,96,28
241,128,744,78,100,22,126,126,69,69,0,126,126,78,78,0,0.00966676878042139,0.02723033459273631,68,88,20,2,2,2,7,9,24,31,9
242,62,678,52,100,48,144,154,61,65,4,62,112,52,73,21,0.0036760951700194017,0.012696143503863304,50,74,24,2,2,2,10,3,0,54,77
243,56,672,53,100,47,138,148,71,77,6,56,148,53,82,29,0.004629156880765172,0.015248987371932332,52,74,22,2,2,2,9,2,54,52,32
244,80,80,64,64,0,70,70,56,56,0,80,80,69,69,0,0.005786446100956465,0.005786446100956465,56,56,0,-1,3,3,5,5,37,47,85
245,6,6,31,31,0,16,16,33,33,0,6,6,31,31,0,0.0002382654276864427,0.0002382654276864427,32,32,0,-1,4,4,6,1,32,4,79
246,126,742,78,100,22,88,98,47,53,6,88,98,61,63,2,0.008135062459579971,0.0265495762279179,64,88,24,2,3,3,8,13,10,24,11
247,124,330,78,98,20,260,260,77,77,0,124,130,78,79,1,0.010245413390517035,0.010994247591817285,67,67,0,3,2,2,17,6,20,34,49
248,0,0,1,1,0,0,0,1,1,0,0,0,1,1,0,0.0,0.0,1,1,0,-1,-1,-1,6,1,56,69,67
249,0,616,1,100,99,0,46,1,49,48,0,46,1,52,51,0.0,0.01409169815174104,1,77,76,2,-1,3,5,0,37,36,12
250,499,705,99,100,1,216,216,99,99,0,216,216,99,99,0,0.05194186323564451,0.056979475135300724,98,98,0,3,2,2,6,36,44,2,62
251,6,108,32,81,49,18,18,35,35,0,6,8,32,36,4,0.0006467204465774873,0.0021784267674189047,35,47,12,4,4,4,3,1,87,49,94
252,40,246,51,91,40,102,102,66,66,0,40,52,51,54,3,0.0024166921951053475,0.003165526396405596,47,49,2,3,2,2,8,1,10,53,74
253,0,102,1,72,71,0,10,1,27,26,0,2,1,25,24,0.0,0.00034037918240920387,1,33,32,4,-1,5,8,0,42,99,88
254,0,206,1,93,92,0,14,1,34,33,0,14,1,41,40,0.0,0.010755982164130842,1,68,67,3,-1,4,3,0,58,59,6
255,6,108,29,74,45,16,17,29,29,0,6,10,29,33,4,6.807583648184077e-05,0.00013615167296368154,27,30,3,4,4,4,7,1,24,95,63
256,32,238,46,92,46,152,152,70,70,0,32,82,46,58,12,0.004493005207801491,0.00891793457912114,54,67,13,3,3,3,12,3,3,29,31
257,0,1640,1,100,99,0,74,1,43,42,0,74,1,56,55,0.0,0.017495489975833077,1,79,78,1,-1,2,8,0,27,86,31
258,39,245,53,92,39,60,60,51,51,0,39,60,52,61,9,0.0045270431260424114,0.00980292045338507,56,70,14,3,3,3,5,4,80,22,34
259,0,206,1,92,91,0,26,1,35,34,0,26,1,49,48,0.0,0.0036760951700194017,1,49,48,3,-1,4,5,1,37,45,13
260,389,989,100,100,0,128,128,96,96,0,128,128,96,96,0,0.051499370298512544,0.07171789373361925,98,100,2,2,2,2,5,36,49,2,10
261,182,798,86,100,14,150,150,74,74,0,150,150,82,82,0,0.012900371013308825,0.014704380680077607,73,74,1,2,3,3,10,14,12,14,61
262,0,616,1,100,99,0,50,1,34,33,0,16,1,33,32,0.0,0.0025188059498281084,1,48,47,2,-1,3,10,0,11,59,94
263,88,189,60,87,27,152,152,78,78,0,88,89,60,60,0,0.009054086252084823,0.009122162088566664,67,67,0,5,2,2,8,4,42,38,78
264,100,100,58,58,0,100,100,38,38,0,100,100,58,58,0,0.05905578814799687,0.05915790190271963,100,100,0,4,1,1,16,36,9,2,55
265,0,102,1,69,68,0,11,1,26,25,0,2,1,25,24,0.0,6.807583648184077e-05,1,26,25,4,-1,5,9,0,29,82,60
266,16,16,34,34,0,112,112,60,60,0,16,16,34,34,0,0.0024166921951053475,0.0024166921951053475,46,46,0,-1,3,3,12,2,6,94,81
267,66,66,64,64,0,48,48,60,60,0,48,48,63,63,0,0.009190237925048503,0.009190237925048503,65,65,0,-1,3,3,3,6,58,34,87
268,42,42,55,55,0,82,82,48,48,0,40,40,52,52,0,0.003642057251778481,0.003642057251778481,51,51,0,-1,3,3,7,6,24,41,50
269,0,206,1,91,90,0,29,1,29,28,0,12,1,34,33,0.0,0.0010211375472276116,1,37,36,3,-1,4,11,0,38,80,51
270,72,1712,57,100,43,144,208,63,73,10,72,183,57,85,28,0.0020082371762143027,0.020831205963443275,43,82,39,1,2,2,14,3,17,43,37
271,0,206,1,90,89,0,30,1,34,33,0,28,1,47,46,0.0,0.006092787365124749,1,57,56,3,-1,4,7,0,43,86,34
272,0,0,1,1,0,0,0,1,1,0,0,0,1,1,0,0.0,0.0,1,1,0,-1,-1,-1,5,0,52,82,50
273,1,1,26,26,0,4,4,26,26,0,1,1,26,26,0,6.807583648184077e-05,6.807583648184077e-05,27,27,0,-1,6,6,4,1,73,68,45
274,0,616,1,100,99,0,68,1,39,38,0,48,1,55,54,0.0,0.008509479560230097,1,63,62,2,-1,3,10,0,11,80,34
275,100,100,62,62,0,100,100,48,48,0,100,100,62,62,0,0.04237720820994588,0.042751625310596,97,97,0,3,1,1,10,15,11,16,88
276,6,212,33,94,61,13,22,33,34,1,6,22,33,44,11,0.00013615167296368154,0.0031314884781646754,31,49,18,3,4,4,5,1,49,4,28
277,146,762,82,100,18,116,116,76,76,0,116,116,80,80,0,0.015283025290173252,0.018925082541951733,77,79,2,2,2,2,7,13,62,33,75
278,329,329,99,99,0,56,56,76,76,0,56,56,77,77,0,0.04765308553728854,0.04765308553728854,97,97,0,-1,2,2,2,36,68,2,50
279,1,103,25,85,60,2,4,25,29,4,1,3,25,33,8,6.807583648184077e-05,0.0006807583648184077,28,37,9,4,6,5,2,2,93,58,71
280,40,40,49,49,0,118,118,64,64,0,40,40,49,49,0,0.005446066918547262,0.005446066918547262,54,54,0,-1,2,2,9,1,54,90,67
281,135,751,87,100,13,32,32,58,58,0,32,32,59,59,0,0.01872085503250621,0.03223390857415161,85,92,7,2,3,3,2,16,68,18,5
282,22,222,48,91,43,34,34,43,43,0,22,34,48,51,3,0.002314578440382586,0.007284114503556962,48,59,11,3,3,3,4,2,83,75,31
283,88,88,63,63,0,184,184,78,78,0,88,88,63,63,0,0.006943735321147759,0.006943735321147759,57,57,0,-1,2,2,11,4,33,22,85
284,0,101,1,83,82,0,2,1,24,23,0,1,1,24,23,0.0,0.0002042275094455223,1,30,29,5,-1,6,2,0,89,84,55
285,0,102,1,74,73,0,7,1,26,25,0,2,1,26,25,0.0,0.00010211375472276115,1,29,28,4,-1,5,6,0,74,97,60
286,0,102,1,78,77,0,12,1,30,29,0,7,1,34,33,0.0,0.002280540522141666,1,48,47,4,-1,5,6,0,32,36,73
287,22,123,49,88,39,22,22,49,49,0,22,22,53,53,0,0.0020763130126961434,0.002212464685659825,45,47,2,5,3,3,2,2,90,52,55
288,87,87,64,64,0,76,76,54,54,0,76,76,60,60,0,0.00789679703189353,0.00789679703189353,63,63,0,-1,3,3,6,8,41,44,86
289,0,0,1,1,0,0,0,1,1,0,0,0,1,1,0,0.0,0.0,1,1,0,-1,-1,-1,14,0,8,85,59
290,72,72,54,54,0,148,148,65,65,0,72,72,55,55,0,0.002484768031587188,0.002484768031587188,46,46,0,-1,2,2,14,3,25,43,93
291,0,206,1,92,91,0,18,1,37,36,0,18,1,45,44,0.0,0.007147962830593281,1,61,60,3,-1,4,3,0,85,96,34
292,0,101,1,75,74,0,6,1,25,24,0,1,1,25,24,0.0,0.00010211375472276115,1,26,25,5,-1,6,6,0,56,97,78
293,100,100,77,77,0,100,100,96,96,0,100,100,96,96,0,0.06620375097859015,0.08979202831954798,98,100,2,2,1,1,3,8,82,17,7
294,449,449,98,98,0,224,224,96,96,0,224,224,96,96,0,0.03529732121583444,0.03529732121583444,92,92,0,-1,2,2,8,29,15,1,84
295,0,616,1,100,99,0,52,1,35,34,0,39,1,49,48,0.0,0.0051397256543789785,1,56,55,2,-1,3,9,1,28,45,57
296,66,272,56,94,38,102,102,58,58,0,64,102,55,72,17,0.00442492937131965,0.008101024541339052,54,62,8,3,2,2,8,6,42,41,35
297,2,2,29,29,0,10,10,31,31,0,2,2,29,29,0,0.00010211375472276115,0.00010211375472276115,30,30,0,-1,5,5,5,1,49,65,81
298,16,222,36,92,56,56,56,38,38,0,16,23,36,48,12,0.0008169100377820892,0.0018380475850097008,38,44,6,3,3,3,8,2,30,42,61
299,0,0,1,1,0,0,0,1,1,0,0,0,1,1,0,0.0,0.0,1,1,0,-1,-1,-1,3,0,60,92,82
300,258,258,94,94,0,250,250,89,89,0,250,250,93,93,0,0.019810068416215663,0.019810068416215663,81,81,0,-1,2,2,13,16,13,12,40
301,156,156,89,89,0,56,56,76,76,0,56,56,77,77,0,0.020899281799925118,0.020899281799925118,87,87,0,-1,2,2,2,16,68,12,96
302,2,208,29,94,65,4,8,31,32,1,2,8,29,37,8,3.4037918240920386e-05,0.002757071377514551,27,48,21,3,5,4,2,1,90,65,46
303,0,102,1,74,73,0,7,1,26,25,0,2,1,26,25,0.0,0.00010211375472276115,1,29,28,4,-1,5,6,0,74,99,65
304,40,656,48,100,52,80,108,45,62,17,40,108,48,80,32,0.0034037918240920387,0.01695088328397835,48,80,32,2,2,2,9,1,31,71,18
305,64,166,62,88,26,54,54,52,52,0,64,54,63,55,-8,0.007862759113652609,0.008169100377820893,64,65,1,4,3,3,4,4,83,38,63
306,84,84,63,63,0,154,154,75,75,0,84,84,63,63,0,0.006092787365124749,0.006092787365124749,58,58,0,-1,2,2,10,6,12,28,50
307,76,692,62,100,38,64,64,59,59,0,64,64,63,63,0,0.007454304094761564,0.019469689233806462,64,85,21,2,3,3,4,6,53,13,5
308,38,1678,47,100,53,80,114,44,60,16,38,114,47,77,30,0.0016678579938050988,0.019810068416215663,42,82,40,1,3,2,9,3,54,43,8
309,98,304,74,98,24,48,48,65,65,0,48,48,68,68,0,0.012832295176826986,0.016474352428605468,79,81,2,3,3,3,3,13,66,33,28
310,0,206,1,93,92,0,10,1,30,29,0,10,1,40,39,0.0,0.003608019333537561,1,48,47,3,-1,4,3,0,92,79,26
311,454,654,100,100,0,144,144,89,89,0,144,144,90,90,0,0.04496408999625583,0.04877633683923891,97,98,1,3,2,2,6,40,40,3,38
312,34,34,55,55,0,34,34,44,44,0,34,34,55,55,0,0.0053439531638245,0.0053439531638245,58,58,0,-1,3,3,4,4,72,38,45
313,9,111,42,84,42,12,12,35,35,0,12,12,42,42,0,0.0012594029749140542,0.002484768031587188,41,46,5,4,4,4,2,4,98,64,53
314,46,46,57,57,0,62,62,74,74,0,46,46,63,63,0,0.0051397256543789785,0.0051397256543789785,57,57,0,-1,2,2,3,2,64,52,76
315,22,222,41,90,49,106,106,55,55,0,22,26,41,42,1,0.0013955546478777359,0.002382654276864427,39,45,6,3,3,3,14,2,16,74,43
316,22,123,46,87,41,28,28,43,43,0,22,23,46,48,2,0.0019061234214915416,0.0019061234214915416,45,45,0,5,3,3,3,3,66,51,95
317,100,100,64,64,0,100,100,44,44,0,100,100,64,64,0,0.055107389632050106,0.05704755097178257,100,100,0,3,1,1,13,40,13,3,94
318,6,1646,29,100,71,19,176,28,68,40,6,176,29,87,58,0.00013615167296368154,0.030191633479696382,29,91,62,1,4,2,12,2,14,58,11
319,0,616,1,100,99,0,62,1,40,39,0,60,1,55,54,0.0,0.008679669151434699,1,65,64,2,-1,3,9,0,28,66,8
320,79,79,66,66,0,78,78,73,73,0,78,78,73,73,0,0.007794683277170768,0.007794683277170768,64,64,0,-1,2,2,4,6,79,28,85
321,61,1701,58,100,42,106,140,59,67,8,61,140,58,84,26,0.0045270431260424114,0.034684638687497875,55,93,38,1,3,2,11,6,38,35,7
322,0,0,1,1,0,0,0,1,1,0,0,0,1,1,0,0.0,0.0,1,1,0,-1,-1,-1,4,0,78,87,45
323,104,704,78,100,22,70,70,63,63,0,70,70,66,66,0,0.013819394805813677,0.022839443139657578,75,84,9,2,3,3,5,13,49,33,17
324,0,206,1,97,96,0,12,1,38,37,0,12,1,43,42,0.0,0.006841621566424997,1,62,61,3,-1,4,2,0,97,85,77
325,0,0,1,1,0,0,0,1,1,0,0,0,1,1,0,0.0,0.0,1,1,0,-1,-1,-1,6,0,74,80,86
326,6,6,33,33,0,16,16,33,33,0,6,6,33,33,0,0.0004084550188910446,0.0004084550188910446,34,34,0,-1,4,4,4,1,73,49,98
327,0,102,1,80,79,0,6,1,29,28,0,3,1,31,30,0.0,0.00034037918240920387,1,34,33,4,-1,5,3,0,76,36,56
328,0,206,1,91,90,0,47,1,31,30,0,14,1,32,31,0.0,0.0028932230504782326,1,46,45,3,-1,4,16,0,4,36,73
329,62,268,56,95,39,128,128,67,67,0,62,70,56,56,0,0.004016474352428605,0.005480104836788182,52,58,6,3,2,2,9,6,28,70,83
330,0,616,1,100,99,0,18,1,52,51,0,18,1,53,52,0.0,0.011368664692467409,1,73,72,2,-1,3,2,0,97,89,73
331,96,302,71,96,25,72,72,77,77,0,72,72,77,77,0,0.014806494434800367,0.02906838217774601,77,90,13,3,2,2,3,6,64,77,37
332,100,100,64,64,0,100,100,45,45,0,100,100,64,64,0,0.03448041117805235,0.04683617549950645,94,96,2,2,1,1,10,18,18,30,37
333,2,208,28,95,67,3,8,28,31,3,2,8,28,37,9,0.00013615167296368154,0.004220701861874128,30,51,21,3,5,4,2,1,95,60,62
334,0,1640,1,100,99,0,74,1,58,57,0,74,1,63,62,0.0,0.04101569148030906,1,96,95,1,-1,2,5,0,50,85,0
335,137,753,88,100,12,48,48,54,54,0,48,48,56,56,0,0.020967357636406957,0.03465060076925695,86,92,6,2,3,3,3,16,87,18,8
336,0,0,1,1,0,0,0,1,1,0,0,0,1,1,0,0.0,0.0,1,1,0,-1,-1,-1,2,0,97,82,93
337,132,233,82,93,11,264,264,93,93,0,132,133,82,82,0,0.011981347220803976,0.011981347220803976,72,72,0,5,2,2,12,5,6,25,58
338,0,102,1,77,76,0,6,1,28,27,0,2,1,26,25,0.0,0.0005446066918547262,1,35,34,4,-1,5,4,0,53,40,42
339,56,56,57,57,0,28,28,48,48,0,28,28,54,54,0,0.00622893903808843,0.00622893903808843,59,59,0,-1,3,3,3,6,55,13,76
340,32,648,40,100,60,108,118,57,58,1,32,57,40,51,11,0.0021784267674189047,0.005888559855679227,45,57,12,2,3,3,15,2,7,75,41
341,94,300,77,98,21,72,72,77,77,0,72,72,79,79,0,0.00966676878042139,0.012934408931549747,70,76,6,3,2,2,3,5,96,47,35
342,22,22,45,45,0,38,38,46,46,0,22,22,46,46,0,0.002552843868069029,0.002552843868069029,46,46,0,-1,3,3,3,2,96,61,85
343,16,632,32,100,68,46,96,31,39,8,16,50,32,51,19,0.0002723033459273631,0.00527587732734266,31,56,25,2,3,3,14,1,8,65,62
344,104,720,75,100,25,152,152,78,78,0,104,152,75,84,9,0.006773545729943157,0.03720344463732598,59,93,34,2,2,2,8,5,42,47,3
345,60,266,60,94,34,60,60,53,53,0,60,60,60,60,0,0.005616256509751864,0.009598692943939549,57,67,10,3,3,3,5,6,49,26,47
346,0,616,1,100,99,0,78,1,35,34,0,28,1,42,41,0.0,0.004152626025392287,1,53,52,2,-1,3,14,1,17,50,26
347,0,616,1,100,99,0,38,1,58,57,0,38,1,61,60,0.0,0.0298852922155281,1,89,88,2,-1,3,3,0,92,36,11
348,16,222,42,96,54,24,28,42,42,0,16,28,42,49,7,0.0007147962830593281,0.00616086320160659,37,58,21,3,3,3,3,1,75,88,44
349,46,46,48,48,0,134,134,60,60,0,46,46,48,48,0,0.0020422750944552232,0.0020422750944552232,43,43,0,-1,2,2,17,2,20,74,97
350,54,156,62,89,27,48,48,72,72,0,48,48,74,74,0,0.007726607440688927,0.008066986623098132,65,65,0,4,3,3,3,4,60,72,56
351,0,102,1,77,76,0,9,1,28,27,0,4,1,30,29,0.0,0.0015317063208414173,1,42,41,4,-1,5,5,0,37,92,75
352,0,206,1,92,91,0,32,1,34,33,0,6,1,29,28,0.0,0.0017018959120460194,1,44,43,3,-1,4,8,0,21,36,53
353,66,66,71,71,0,56,56,84,84,0,56,56,84,84,0,0.01763164164879676,0.01763164164879676,81,81,0,-1,2,2,2,5,86,25,98
354,114,714,80,100,20,80,80,71,71,0,80,80,72,72,0,0.011947309302563056,0.020252561353347628,71,82,11,2,3,3,5,9,49,27,25
355,331,537,99,100,1,88,88,71,71,0,88,88,71,71,0,0.03182545355526056,0.03274447734776541,94,94,0,3,2,2,4,29,53,1,71
356,128,128,88,88,0,32,32,69,69,0,32,32,69,69,0,0.020048333843902106,0.020048333843902106,84,84,0,-1,3,3,2,16,93,12,81
357,190,806,85,100,15,214,224,84,86,2,190,206,85,85,0,0.014568229007113924,0.018040096667687803,71,76,5,2,2,2,12,8,2,8,90
358,0,0,1,1,0,0,0,1,1,0,0,0,1,1,0,0.0,0.0,1,1,0,-1,-1,-1,6,1,71,50,79
359,40,40,51,51,0,58,58,47,47,0,40,40,51,51,0,0.002280540522141666,0.002280540522141666,45,45,0,-1,2,2,6,1,41,4,76
360,157,363,91,100,9,22,22,49,49,0,22,22,50,50,0,0.026039007454304094,0.02978317846080534,88,91,3,3,3,3,2,22,93,9,62
361,100,100,69,69,0,100,100,66,66,0,100,100,72,72,0,0.05888559855679227,0.05888559855679227,99,99,0,-1,1,1,6,30,44,7,93
362,274,480,96,100,4,144,144,88,88,0,144,144,89,89,0,0.03090642976275571,0.03168930188229688,91,91,0,3,2,2,6,22,34,9,63
363,6,622,31,100,69,10,28,31,42,11,6,28,31,49,18,0.00037441710065012424,0.023179822322066782,36,86,50,2,4,3,3,1,66,55,10
364,0,1640,1,100,99,0,46,1,81,80,0,46,1,81,80,0.0,0.06120017699717485,1,98,97,1,-1,2,2,0,95,76,16
365,124,740,85,100,15,48,48,69,69,0,48,48,70,70,0,0.019027196296674494,0.03526328329759352,84,92,8,2,3,3,3,18,55,30,9
366,0,0,1,1,0,0,0,1,1,0,0,0,1,1,0,0.0,0.0,1,1,0,-1,-1,-1,8,0,42,87,86
367,420,1020,100,100,0,176,176,100,100,0,176,176,100,100,0,0.04380680077606454,0.05568603424214575,96,97,1,2,2,2,5,27,50,10,23
368,60,676,74,100,26,32,32,67,67,0,32,32,68,68,0,0.014227849824704722,0.03366350114027026,77,95,18,2,3,3,2,13,97,33,16
369,126,742,78,100,22,100,100,59,59,0,100,100,64,64,0,0.00881582082439838,0.01861874127778345,64,82,18,2,2,2,6,8,40,44,39
370,240,856,89,100,11,240,240,88,88,0,240,240,90,90,0,0.02552843868069029,0.02743456210218183,88,88,0,2,2,2,12,15,2,16,74
371,76,282,63,98,35,68,68,72,72,0,68,68,74,74,0,0.009054086252084823,0.01746145205759216,63,79,16,3,2,2,4,6,67,41,14
372,0,0,1,1,0,0,0,1,1,0,0,0,1,1,0,0.0,0.0,1,1,0,-1,-1,-1,10,0,0,67,87
373,92,298,69,99,30,58,58,66,66,0,58,58,67,67,0,0.014568229007113924,0.017495489975833077,77,81,4,3,2,2,4,8,67,8,47
374,0,616,1,100,99,0,28,1,43,42,0,28,1,53,52,0.0,0.012015385139044895,1,76,75,2,-1,3,3,0,76,99,33
375,112,318,84,99,15,88,88,82,82,0,88,88,82,82,0,0.014806494434800367,0.020082371762143027,81,83,2,3,2,2,4,8,72,17,21
376,0,206,1,94,93,0,8,1,30,29,0,8,1,35,34,0.0,0.0013615167296368155,1,40,39,3,-1,4,2,0,91,96,61
377,241,447,96,100,4,72,72,85,85,0,72,72,85,85,0,0.0392457197317812,0.043874876612546375,94,95,1,3,2,2,3,29,60,11,48
378,46,252,51,93,42,62,62,44,44,0,46,62,51,53,2,0.0036760951700194017,0.010143299635794275,48,66,18,3,2,2,6,2,71,74,8
379,0,206,1,94,93,0,18,1,37,36,0,18,1,43,42,0.0,0.004901460226692535,1,52,51,3,-1,4,3,0,96,82,28
380,100,100,66,66,0,100,100,66,66,0,100,100,69,69,0,0.06630586473331292,0.06708873685285408,100,100,0,3,1,1,7,40,62,3,52
381,0,616,1,100,99,0,36,1,41,40,0,36,1,52,51,0.0,0.0123557643214541,1,72,71,2,-1,3,5,0,70,97,39
382,94,300,69,95,26,94,94,70,70,0,94,94,72,72,0,0.007011811157629599,0.018074134585928724,62,83,21,3,2,2,5,6,37,26,5
383,270,476,95,100,5,104,104,86,86,0,104,104,87,87,0,0.032063718982947,0.03366350114027026,92,92,0,3,2,2,5,30,49,7,53
384,16,16,35,35,0,41,41,32,32,0,16,16,35,35,0,0.0004084550188910446,0.0004084550188910446,33,33,0,-1,3,3,10,1,12,60,76
385,2,208,29,90,61,14,34,29,33,4,2,14,29,39,10,0.00013615167296368154,0.0024166921951053475,30,45,15,3,5,4,9,1,26,65,70
386,6,108,27,76,49,20,26,27,28,1,6,8,27,30,3,6.807583648184077e-05,0.00030634126416828345,27,33,6,4,4,4,14,1,25,68,88
387,102,308,83,98,15,32,32,58,58,0,32,32,59,59,0,0.017495489975833077,0.023486163586235065,83,89,6,3,3,3,2,17,68,6,27
388,443,1059,99,100,1,320,320,99,99,0,320,320,99,99,0,0.03451444909629327,0.04077742605262262,91,94,3,2,2,2,11,29,19,0,25
389,104,310,71,96,25,148,148,71,71,0,104,114,71,74,3,0.00704584907587052,0.008135062459579971,61,64,3,3,2,2,9,6,28,26,43
390,94,710,61,100,39,238,238,81,81,0,94,238,61,90,29,0.010926171755335444,0.02324789815854862,68,85,17,2,2,2,14,5,17,25,18
391,100,100,59,59,0,100,100,40,40,0,100,100,59,59,0,0.0631063004186664,0.07998910786616291,100,100,0,2,1,1,15,36,7,2,1
392,100,100,66,66,0,100,100,43,42,-1,100,100,66,66,0,0.015180911535450491,0.02927260968719153,74,90,16,2,1,1,11,3,33,43,6
393,16,16,36,36,0,68,68,41,41,0,16,16,36,36,0,0.0028591851322373124,0.0028591851322373124,50,50,0,-1,3,3,8,2,30,94,87
394,128,128,81,81,0,100,100,73,73,0,100,100,74,74,0,0.014295925661186561,0.014295925661186561,74,74,0,-1,2,2,6,13,71,33,67
395,0,616,1,100,99,0,76,1,53,52,0,76,1,59,58,0.0,0.04081146397086354,1,96,95,2,-1,3,6,0,41,89,3
396,0,206,1,91,90,0,32,1,27,26,0,8,1,31,30,0.0,0.0006467204465774873,1,35,34,3,-1,4,16,0,4,98,51
397,0,616,1,100,99,0,76,1,59,58,0,76,1,64,63,0.0,0.03083835392627387,1,91,90,2,-1,3,6,0,69,76,11
398,112,1712,79,100,21,146,146,82,82,0,112,146,79,85,6,0.010245413390517035,0.032540249838319886,71,90,19,1,2,2,8,4,57,38,19
399,0,1640,1,100,99,0,96,1,46,45,0,94,1,62,61,0.0,0.017257224548146634,1,78,77,1,-1,2,10,0,22,98,31
400,6,622,32,100,68,20,40,34,48,14,6,40,32,56,24,0.0007488342013002485,0.02049082678103407,38,82,44,2,4,3,4,2,84,42,9
401,0,1640,1,100,99,0,68,1,74,73,0,68,1,75,74,0.0,0.05003573981415296,1,97,96,1,-1,2,4,0,73,36,11
402,74,74,67,67,0,56,56,76,76,0,56,56,77,77,0,0.009734844616903231,0.009734844616903231,66,66,0,-1,2,2,2,6,68,26,98
403,189,189,87,87,0,120,120,78,78,0,120,120,78,78,0,0.02403077027808979,0.02403077027808979,87,87,0,-1,2,2,6,20,41,23,59
404,22,22,49,49,0,34,34,45,45,0,22,22,49,49,0,0.0028932230504782326,0.0028932230504782326,49,49,0,-1,3,3,4,2,84,75,40
405,56,262,52,93,41,66,66,47,47,0,56,66,52,54,2,0.008305252050784574,0.012083460975526737,62,71,9,3,3,3,6,5,71,25,28
406,82,184,76,96,20,46,46,83,83,0,46,46,83,83,0,0.01320671227747711,0.01667857993805099,74,79,5,4,2,2,2,8,99,44,90
407,64,270,69,98,29,38,38,56,56,0,38,38,57,57,0,0.009973110044589673,0.01157289220191293,68,73,5,3,3,3,3,9,60,27,94
408,190,396,90,99,9,126,126,80,80,0,126,126,83,83,0,0.021137547227611558,0.02484768031587188,82,87,5,3,2,2,7,16,62,18,35
409,100,100,60,60,0,100,100,52,52,0,100,100,60,60,0,0.01773375540351952,0.02215868477483917,79,84,5,3,1,1,9,3,29,51,62
410,72,173,67,92,25,38,38,55,55,0,38,38,58,58,0,0.008475441641989176,0.008611593314952858,67,67,0,5,3,3,3,7,76,48,60
411,40,40,47,47,0,62,62,38,38,0,40,40,47,47,0,0.0025188059498281084,0.0025188059498281084,45,45,0,-1,2,2,8,1,27,60,66
412,0,616,1,100,99,0,28,1,45,44,0,28,1,52,51,0.0,0.01592974573675074,1,78,77,2,-1,3,3,0,81,99,15
413,2,618,26,100,74,10,94,26,47,21,2,94,26,59,33,0.0,0.015487252799618776,1,78,77,2,5,3,9,2,28,58,15
414,6,212,29,89,60,14,26,32,35,3,6,12,29,35,6,6.807583648184077e-05,0.0028591851322373124,27,48,21,3,4,4,5,1,61,95,90
415,82,288,63,95,32,128,128,69,69,0,82,128,63,81,18,0.008509479560230097,0.012559991830899623,64,75,11,3,3,3,8,7,30,48,47
416,0,616,1,100,99,0,66,1,37,36,0,66,1,55,54,0.0,0.013002484768031588,1,74,73,2,-1,3,10,0,18,98,6
417,249,865,93,100,7,278,278,94,94,0,278,278,94,94,0,0.018380475850097007,0.025834779944858572,78,87,9,2,2,2,12,15,3,19,32
418,101,101,83,83,0,32,32,69,69,0,32,32,69,69,0,0.013989584397018279,0.013989584397018279,79,79,0,-1,3,3,2,15,90,19,92
419,0,616,1,100,99,0,40,1,37,36,0,32,1,46,45,0.0,0.006126825283365669,1,55,54,2,-1,3,6,0,41,82,75
420,167,783,89,100,11,112,112,92,92,0,112,112,92,92,0,0.020797168045202357,0.028728002995336805,85,88,3,2,2,2,4,15,83,19,21
421,12,12,32,32,0,24,24,30,30,0,12,12,32,32,0,0.0005446066918547262,0.0005446066918547262,31,31,0,-1,4,4,6,2,51,63,36
422,110,310,73,94,21,110,110,72,72,0,110,110,76,76,0,0.011606930120153852,0.015521290717859695,73,78,5,3,2,2,6,6,40,77,26
423,1,207,26,93,67,9,22,26,29,3,1,10,26,35,9,3.4037918240920386e-05,0.0012594029749140542,27,39,12,3,6,4,9,2,23,58,43
424,72,278,58,95,37,86,86,56,56,0,86,86,62,62,0,0.00789679703189353,0.008407365805507334,63,65,2,3,3,3,6,7,51,48,60
425,2,103,29,81,52,7,7,30,30,0,2,3,29,33,4,0.00010211375472276115,0.00013615167296368154,30,30,0,5,5,5,4,1,77,4,95
426,144,246,84,94,10,182,182,82,82,0,144,146,84,85,1,0.011198475101262807,0.011368664692467409,71,72,1,4,2,2,9,7,28,21,4
427,198,300,95,99,4,22,22,48,48,0,22,22,51,51,0,0.025868817863099493,0.026209197045508698,88,88,0,4,3,3,2,22,95,9,88
428,38,654,48,100,52,184,194,67,68,1,38,105,48,74,26,0.004152626025392287,0.010619830491167161,52,69,17,2,3,3,14,6,16,70,44
429,26,642,51,100,49,28,38,45,55,10,28,38,50,58,8,0.0030974505599237552,0.02028659927158855,47,84,37,2,3,3,3,6,58,41,16
430,44,250,57,95,38,38,38,59,59,0,38,38,62,62,0,0.006875659484665918,0.008066986623098132,62,68,6,3,3,3,3,4,92,72,64
431,0,206,1,92,91,0,16,1,31,30,0,16,1,38,37,0.0,0.004731270635487933,1,51,50,3,-1,4,6,0,69,85,34
432,0,206,1,88,87,0,20,1,29,28,0,9,1,34,33,0.0,0.0007147962830593281,1,35,34,3,-1,4,8,0,15,89,64
433,16,632,33,100,67,58,72,34,41,7,16,32,33,43,10,0.0007828721195411688,0.002995336805200994,37,47,10,2,3,3,10,2,0,42,53
434,18,119,42,82,40,76,76,36,36,0,18,19,42,42,0,0.0007488342013002485,0.0009190237925048504,34,35,1,5,3,3,13,2,13,63,55
435,0,0,1,1,0,0,0,1,1,0,0,0,1,1,0,0.0,0.0,1,1,0,-1,-1,-1,6,0,65,85,79
436,72,1712,56,100,44,142,166,78,83,5,72,166,56,84,28,0.006024711528642908,0.02641342455495422,57,87,30,1,2,2,8,6,27,70,8
437,18,634,43,100,57,40,50,42,48,6,18,50,43,54,11,0.0006126825283365669,0.006331052792811192,36,58,22,2,3,3,5,2,61,56,72
438,18,224,41,92,51,50,54,36,36,0,18,24,41,45,4,0.0007147962830593281,0.0013615167296368155,36,41,5,3,3,3,8,2,15,63,42
439,8,8,37,37,0,20,20,35,35,0,8,8,37,37,0,0.0006807583648184077,0.0006807583648184077,37,37,0,-1,4,4,4,3,83,51,96
440,94,300,67,96,29,176,176,85,85,0,94,102,67,77,10,0.011981347220803976,0.013002484768031588,74,76,2,3,2,2,8,5,30,25,51
441,110,110,78,78,0,180,180,80,80,0,110,110,78,78,0,0.008986010415602982,0.008986010415602982,66,66,0,-1,2,2,11,7,38,21,45
442,100,100,64,64,0,100,100,49,49,0,100,100,64,64,0,0.0657952959596991,0.08955376289186154,100,100,0,1,1,1,8,36,42,2,9
443,62,268,66,98,32,38,38,51,51,0,38,38,54,54,0,0.008169100377820893,0.009734844616903231,63,69,6,3,3,3,3,8,94,44,53
444,216,422,95,100,5,128,128,95,95,0,128,128,95,95,0,0.023996732359848873,0.03179141563701964,87,90,3,3,2,2,5,18,45,5,32
445,24,230,51,93,42,22,22,42,42,0,22,22,46,46,0,0.0026549576227917903,0.009224275843289425,50,65,15,3,3,3,2,3,68,54,44
446,100,100,79,79,0,100,100,98,98,0,100,100,98,98,0,0.09574866401170905,0.09731440825079138,100,100,0,4,1,1,2,15,95,16,83
447,0,616,1,100,99,0,42,1,39,38,0,25,1,46,45,0.0,0.003710133088260322,1,48,47,2,-1,3,6,0,48,76,22
448,194,296,86,94,8,192,192,87,87,0,192,192,88,88,0,0.024200959869294394,0.02474556656114912,83,83,0,4,2,2,9,20,54,23,74
449,0,206,1,90,89,0,18,1,29,28,0,8,1,33,32,0.0,0.0009870996289866913,1,38,37,3,-1,4,8,0,39,89,74
450,42,1682,51,100,49,108,172,58,69,11,40,172,50,88,38,0.003437829742332959,0.024439225296980838,48,85,37,1,3,2,13,6,13,41,6
451,54,670,64,100,36,38,38,52,52,0,38,38,55,55,0,0.006433166547533953,0.0158616699002689,62,81,19,2,3,3,3,4,66,72,8
452,124,740,78,100,22,144,144,91,91,0,124,144,90,91,1,0.012968446849790666,0.01783586915824228,74,78,4,2,2,2,6,7,51,21,13
453,0,206,1,93,92,0,18,1,34,33,0,8,1,36,35,0.0,0.003369753905851118,1,49,48,3,-1,4,3,0,58,92,29
454,0,616,1,100,99,0,70,1,40,39,0,70,1,60,59,0.0,0.009292351679771264,1,69,68,2,-1,3,9,0,54,40,14
455,24,640,49,100,51,58,78,43,48,5,24,78,49,61,12,0.0011232513019503727,0.013683243132849994,39,75,36,2,3,3,8,4,21,64,37
456,0,206,1,91,90,0,16,1,32,31,0,7,1,36,35,0.0,0.0011913271384322134,1,41,40,3,-1,4,4,0,83,82,61
457,0,102,1,77,76,0,15,1,28,27,0,3,1,30,29,0.0,0.0002042275094455223,1,32,31,4,-1,5,8,0,57,59,63
458,0,0,1,1,0,0,0,1,1,0,0,0,1,1,0,0.0,0.0,1,1,0,-1,-1,-1,3,0,85,36,86
459,18,120,44,82,38,66,66,49,49,0,18,25,44,50,6,0.00176997174852786,0.003982436434187685,43,52,9,4,3,3,6,2,32,61,73
460,156,156,85,85,0,214,214,86,86,0,156,156,85,85,0,0.01756356581231492,0.01756356581231492,80,80,0,-1,2,2,11,9,33,39,84
461,70,172,69,93,24,62,62,80,80,0,62,62,81,81,0,0.012628067667381462,0.01324075019571803,73,75,2,4,2,2,3,5,94,25,64
462,22,228,38,92,54,52,60,35,38,3,22,60,38,55,17,0.001055175465468532,0.013785356887572755,36,74,38,3,3,3,9,2,29,74,15
463,6,6,30,30,0,29,29,30,30,0,6,6,30,30,0,0.00030634126416828345,0.00030634126416828345,34,34,0,-1,4,4,11,1,38,55,59
464,155,771,84,100,16,80,80,53,53,0,80,80,60,60,0,0.021375812655298,0.030804316008032948,87,90,3,2,3,3,5,20,52,23,8
465,0,616,1,100,99,0,52,1,44,43,0,44,1,49,48,0.0,0.00881582082439838,1,66,65,2,-1,3,6,0,59,96,77
466,0,1640,1,100,99,0,98,1,49,48,0,78,1,57,56,0.0,0.01844855168657885,1,81,80,1,-1,2,9,0,28,82,48
467,39,1679,53,100,47,60,94,51,71,20,39,94,52,72,20,0.0045270431260424114,0.02723033459273631,56,87,31,1,3,2,5,4,80,22,28
468,42,1682,58,100,42,48,72,64,83,19,48,72,66,83,17,0.00980292045338507,0.05554988256918207,66,97,31,1,3,2,3,5,85,25,23
469,100,100,66,66,0,100,100,43,43,0,100,100,66,66,0,0.024507301133462677,0.024575376969944517,87,87,0,3,1,1,11,9,33,31,4
470,0,1640,1,100,99,0,150,1,69,68,0,150,1,85,84,0.0,0.042819701147077845,1,97,96,1,-1,2,11,0,38,67,3
471,0,206,1,95,94,0,8,1,31,30,0,8,1,37,36,0.0,0.003812246842983083,1,51,50,3,-1,4,2,0,95,40,72
472,0,101,1,79,78,0,3,1,25,24,0,1,1,25,24,0.0,0.0,1,1,0,5,-1,6,3,0,94,79,95
473,100,100,66,66,0,100,100,45,45,0,100,100,66,66,0,0.06821198815480445,0.08196330712413628,100,100,0,2,1,1,10,36,1,2,16
474,172,378,87,100,13,192,192,100,100,0,172,192,100,100,0,0.01667857993805099,0.019571802988529223,79,82,3,3,2,2,6,6,34,77,22
475,292,892,96,100,4,256,256,94,94,0,256,256,96,96,0,0.022396950202525613,0.028557813404132205,83,88,5,2,2,2,10,16,11,12,24
476,88,704,60,100,40,154,154,72,72,0,88,154,60,85,25,0.007692569522448007,0.02011640968038395,62,84,22,2,2,2,10,4,36,72,5
477,28,28,47,47,0,40,40,40,40,0,28,28,47,47,0,0.001497668402600497,0.001497668402600497,42,42,0,-1,3,3,5,3,52,43,59
478,88,294,64,95,31,152,152,80,80,0,88,96,64,67,3,0.008509479560230097,0.008951972497362062,64,67,3,3,2,2,8,4,30,72,56
479,0,101,1,75,74,0,8,1,23,22,0,1,1,23,22,0.0,3.4037918240920386e-05,1,24,23,5,-1,6,8,0,15,67,58
480,0,616,1,100,99,0,28,1,42,41,0,28,1,49,48,0.0,0.008066986623098132,1,67,66,2,-1,3,3,0,66,86,48
481,100,100,76,76,0,100,100,97,97,0,100,100,97,97,0,0.06028115320467,0.07304537254501514,99,99,0,2,1,1,3,6,94,34,30
482,54,1694,56,100,44,102,126,68,79,11,54,94,56,67,11,0.006739507811702236,0.023281936076789543,61,85,24,1,3,2,7,7,43,62,74
483,0,0,1,1,0,0,0,1,1,0,0,0,1,1,0,0.0,0.0,1,1,0,-1,-1,-1,11,1,33,50,92
484,22,22,38,38,0,66,66,36,36,0,22,22,38,38,0,0.0002723033459273631,0.0002723033459273631,33,33,0,-1,3,3,10,2,0,56,91
485,40,40,55,55,0,52,52,76,76,0,40,40,69,69,0,0.004288777698355968,0.004288777698355968,54,54,0,-1,2,2,3,1,55,53,36
486,0,206,1,94,93,0,32,1,36,35,0,18,1,43,42,0.0,0.003948398515946765,1,52,51,3,-1,4,6,0,32,96,26
487,191,291,91,98,7,88,88,82,82,0,88,88,82,82,0,0.027162258756254467,0.027843017121072875,89,89,0,4,2,2,4,15,78,16,64
488,0,0,1,1,0,0,0,1,1,0,0,0,1,1,0,0.0,0.0,1,1,0,-1,-1,-1,11,0,38,66,81
489,1,207,24,93,69,3,18,24,39,15,1,18,24,44,20,0.0,0.012934408931549747,1,76,75,3,6,4,3,1,92,78,16
490,158,260,85,94,9,80,80,53,53,0,80,80,60,60,0,0.010858095918853602,0.010892133837094524,72,72,0,4,3,3,5,14,52,32,65
491,118,1718,79,100,21,118,118,88,88,0,118,118,89,89,0,0.009530617107457708,0.03175737771877872,68,87,19,1,2,2,5,5,61,47,20
492,12,218,37,96,59,18,18,36,36,0,12,18,37,44,7,0.0017359338302869397,0.003642057251778481,44,51,7,3,4,4,3,2,75,83,94
493,0,1640,1,100,99,0,44,1,63,62,0,44,1,65,64,0.0,0.03788420300214439,1,94,93,1,-1,2,3,1,85,50,24
494,56,157,56,82,26,126,126,69,69,0,56,57,56,57,1,0.006092787365124749,0.006126825283365669,58,58,0,5,2,2,7,3,24,29,58
495,6,6,31,31,0,7,7,31,31,0,6,6,31,31,0,0.0009870996289866913,0.0009870996289866913,37,37,0,-1,4,4,2,1,99,78,86
496,78,179,72,94,22,56,56,82,82,0,56,56,82,82,0,0.015317063208414174,0.015589366554341537,78,79,1,5,2,2,2,4,89,72,60
497,0,616,1,100,99,0,98,1,48,47,0,98,1,62,61,0.0,0.023009632730862182,1,86,85,2,-1,3,8,0,42,92,1
498,100,100,64,64,0,100,100,49,49,0,100,100,64,64,0,0.03819054426631267,0.04081146397086354,92,95,3,2,1,1,8,15,42,19,52
499,54,260,55,93,38,94,94,51,51,0,54,94,55,63,8,0.006943735321147759,0.010449640899962559,63,69,6,3,3,3,9,4,23,38,13
500,40,40,55,55,0,90,90,59,59,0,40,40,55,55,0,0.0035059055788147996,0.0035059055788147996,52,52,0,-1,2,2,6,1,44,53,45
501,88,704,61,100,39,104,104,73,73,0,88,104,68,78,10,0.008543517478471017,0.01409169815174104,63,78,15,2,2,2,5,4,52,72,57
502,100,100,78,78,0,100,100,88,88,0,100,100,88,88,0,0.0756322543313251,0.0756322543313251,100,100,0,-1,1,1,4,29,78,11,86
503,18,18,48,48,0,22,22,55,55,0,18,18,54,54,0,0.002552843868069029,0.002552843868069029,49,49,0,-1,3,3,2,2,97,52,87
504,77,283,64,97,33,44,44,49,49,0,44,44,54,54,0,0.007182000748834201,0.008713707069675619,61,68,7,3,3,3,4,8,53,57,70
505,41,247,57,93,36,28,28,40,40,0,28,28,49,49,0,0.004322815616596889,0.005650294427992784,52,58,6,3,3,3,3,6,82,35,83
506,1,617,26,100,74,3,28,26,42,16,1,28,26,49,23,3.4037918240920386e-05,0.0061949011198475104,27,58,31,2,6,3,3,2,75,58,72
507,256,256,94,94,0,88,88,80,80,0,88,88,80,80,0,0.03260832567480173,0.03260832567480173,90,90,0,-1,2,2,4,27,84,10,79
508,90,90,74,74,0,78,78,77,77,0,78,78,79,79,0,0.010858095918853602,0.010858095918853602,73,73,0,-1,2,2,4,9,78,31,45
509,47,47,54,54,0,40,40,44,44,0,40,40,53,53,0,0.004799346471969774,0.004799346471969774,52,52,0,-1,3,3,5,6,70,35,82
510,58,674,68,100,32,32,32,63,63,0,32,32,65,65,0,0.010279451308757957,0.01664454201981007,69,81,12,2,3,3,2,6,98,77,94
511,100,100,72,72,0,100,100,77,77,0,100,100,77,77,0,0.04350045951189625,0.047244630518397494,97,98,1,3,1,1,6,12,69,37,62
512,319,421,95,98,3,104,104,81,81,0,104,104,84,84,0,0.03465060076925695,0.03478675244222063,89,89,0,4,2,2,5,30,61,7,65
513,134,134,81,81,0,150,150,84,84,0,134,134,82,82,0,0.011062323428299126,0.011062323428299126,70,70,0,-1,2,2,7,7,24,21,93
514,100,100,79,79,0,100,100,97,97,0,100,100,97,97,0,0.05269069743694476,0.056468906361686916,98,99,1,2,1,1,3,6,60,73,46
515,6,108,33,86,53,8,8,33,33,0,6,8,33,37,4,0.00037441710065012424,0.00176997174852786,35,43,8,4,4,4,2,1,90,49,83
516,152,768,91,100,9,32,32,64,64,0,32,32,64,64,0,0.021341774737057083,0.030532012662105586,86,92,6,2,3,3,2,17,89,6,72
517,0,0,1,1,0,0,0,1,1,0,0,0,1,1,0,0.0,0.0,1,1,0,-1,-1,-1,2,0,98,97,84
518,0,206,1,89,88,0,34,1,31,30,0,15,1,31,30,0.0,0.0024166921951053475,1,42,41,3,-1,4,9,0,29,59,22
519,6,622,31,100,69,17,31,31,36,5,6,24,31,46,15,0.00037441710065012424,0.004016474352428605,34,50,16,2,4,3,7,1,62,60,75
520,172,788,88,100,12,88,88,71,71,0,88,88,71,71,0,0.019980258007420267,0.03437829742332959,85,95,10,2,2,2,4,18,53,30,37
521,0,102,1,78,77,0,10,1,28,27,0,4,1,30,29,0.0,0.0007488342013002485,1,36,35,4,-1,5,6,0,32,59,74
522,82,698,61,100,39,66,76,47,54,7,66,76,55,59,4,0.008373327887266415,0.025970931617822254,63,87,24,2,3,3,6,7,71,48,16
523,0,206,1,92,91,0,22,1,33,32,0,22,1,47,46,0.0,0.00970080669866231,1,69,68,3,-1,4,5,0,70,80,33
524,0,206,1,88,87,0,15,1,29,28,0,8,1,34,33,0.0,0.00030634126416828345,1,32,31,3,-1,4,6,0,41,92,56
525,6,1646,30,100,70,16,62,31,47,16,6,62,30,55,25,0.00017018959120460194,0.021409850573538922,31,84,53,1,4,2,6,1,41,65,31
526,0,206,1,94,93,0,8,1,30,29,0,8,1,35,34,0.0,0.005480104836788182,1,56,55,3,-1,4,2,0,91,93,48
527,60,60,65,65,0,34,34,44,44,0,34,34,55,55,0,0.00704584907587052,0.00704584907587052,64,64,0,-1,3,3,4,9,72,31,84
528,118,1718,81,100,19,88,88,80,80,0,88,88,80,80,0,0.01763164164879676,0.047244630518397494,81,97,16,1,2,2,4,9,84,39,6
529,403,403,100,100,0,120,120,100,100,0,120,120,100,100,0,0.06031519112291092,0.06031519112291092,97,97,0,-1,2,2,3,36,66,2,84
530,84,84,64,64,0,110,110,80,80,0,84,84,63,63,0,0.006875659484665918,0.006875659484665918,63,63,0,-1,2,2,6,6,48,28,50
531,58,159,62,88,26,54,54,60,60,0,54,54,62,62,0,0.00980292045338507,0.009836958371625992,69,69,0,6,3,3,4,6,78,77,68
532,100,100,69,69,0,94,94,72,72,0,94,94,73,73,0,0.00966676878042139,0.00966676878042139,70,70,0,-1,2,2,5,7,80,21,98
533,101,203,71,88,17,126,126,69,69,0,101,126,71,77,6,0.008713707069675619,0.008747744987916539,63,63,0,4,2,2,7,8,24,57,4
534,0,206,1,93,92,0,12,1,33,32,0,12,1,40,39,0.0,0.0032336022328874367,1,51,50,3,-1,4,4,0,72,36,35
535,0,0,1,1,0,0,0,1,1,0,0,0,1,1,0,0.0,0.0,1,1,0,-1,-1,-1,10,0,18,84,36
536,0,206,1,92,91,0,22,1,33,32,0,21,1,43,42,0.0,0.0037441710065012424,1,49,48,3,-1,4,5,1,37,50,28
537,1,103,26,81,55,4,8,26,29,3,1,5,26,32,6,6.807583648184077e-05,0.001599782157323258,27,42,15,4,6,5,4,1,73,68,75
538,6,6,32,32,0,8,8,32,32,0,6,6,32,32,0,0.0004765308553728854,0.0004765308553728854,34,34,0,-1,4,4,2,1,95,88,81
539,0,0,1,1,0,0,0,1,1,0,0,0,1,1,0,0.0,0.0,1,1,0,-1,-1,-1,3,0,75,76,85
540,126,126,84,84,0,90,90,69,69,0,90,90,73,73,0,0.013376901868681712,0.013376901868681712,77,77,0,-1,2,2,6,14,32,14,45
541,100,100,71,71,0,100,100,79,79,0,100,100,79,79,0,0.030361823070900983,0.03543347288879812,88,92,4,3,1,1,5,4,70,64,24
542,0,616,1,99,98,0,104,1,57,56,0,91,1,60,59,0.0,0.00878178290615746,1,65,64,2,-1,3,12,0,14,40,24
543,134,236,84,92,8,88,88,80,80,0,88,88,80,80,0,0.023384049831512304,0.024234997787535316,85,85,0,4,2,2,4,18,84,30,42
544,120,222,81,92,11,240,240,77,77,0,120,124,81,82,1,0.006467204465774873,0.006705469893461316,57,58,1,4,2,2,16,6,4,13,63
545,32,238,44,93,49,58,58,39,39,0,32,38,44,46,2,0.002586881786309949,0.004833384390210695,47,54,7,3,3,3,8,2,42,75,46
546,40,1680,48,100,52,128,182,71,86,15,40,182,48,90,42,0.0042547397801150485,0.03635249668130297,53,92,39,1,2,2,9,3,31,46,1
547,60,266,62,94,32,62,62,76,76,0,62,62,77,77,0,0.008066986623098132,0.0088498587426393,62,64,2,3,2,2,3,6,87,28,42
548,40,1640,50,100,50,57,57,43,43,0,40,48,50,51,1,0.004186663943633207,0.018380475850097007,53,81,28,1,2,2,6,1,40,55,51
549,0,206,1,93,92,0,14,1,33,32,0,10,1,38,37,0.0,0.002314578440382586,1,47,46,3,-1,4,5,0,49,97,41
550,6,212,33,93,60,24,24,40,40,0,6,24,33,52,19,0.0031314884781646754,0.008271214132543654,51,64,13,3,4,4,4,1,78,90,34
551,38,654,44,100,56,100,164,40,66,26,38,164,44,84,40,0.001055175465468532,0.024371149460498995,38,87,49,2,3,3,14,4,25,64,0
552,126,742,79,100,21,110,110,78,78,0,110,110,82,82,0,0.014261887742945642,0.021750229755948126,77,84,7,2,2,2,6,8,51,20,24
553,0,0,1,1,0,0,0,1,1,0,0,0,1,1,0,0.0,0.0,1,1,0,-1,-1,-1,3,0,55,80,91
554,61,261,63,94,31,54,54,55,55,0,54,54,60,60,0,0.014227849824704722,0.0156914803090643,75,79,4,3,3,3,4,12,84,37,54
555,4,4,31,31,0,6,6,30,30,0,4,4,31,31,0,0.0004084550188910446,0.0004084550188910446,36,36,0,-1,5,5,3,2,81,63,79
556,0,616,1,100,99,0,71,1,39,38,0,66,1,59,58,0.0,0.007113924912352361,1,61,60,2,-1,3,10,0,12,59,31
557,28,644,49,100,51,46,66,42,53,11,28,66,49,59,10,0.0014295925661186562,0.01592974573675074,41,79,38,2,3,3,6,4,74,64,37
558,78,694,63,100,37,158,168,83,85,2,78,168,63,87,24,0.009122162088566664,0.034820790360461554,66,94,28,2,2,2,9,4,26,72,1
559,44,660,53,100,47,50,50,48,48,0,44,50,53,56,3,0.005956635692161067,0.012491915994417782,59,74,15,2,3,3,5,4,49,38,44
560,176,276,93,100,7,56,56,85,85,0,56,56,85,85,0,0.03094046768099663,0.03151911229109228,92,92,0,4,2,2,2,17,90,6,71
561,244,346,94,97,3,206,206,95,95,0,206,206,95,95,0,0.021818305592429966,0.02219272269308009,82,82,0,4,2,2,9,18,26,5,56
562,18,1658,41,100,59,74,112,44,62,18,18,112,41,77,36,0.00088498587426393,0.02130773681881616,37,85,48,1,3,2,8,2,15,56,8
563,64,680,57,100,43,66,66,50,50,0,64,80,59,66,7,0.006297014874570271,0.010687906327649,57,71,14,2,3,3,6,4,56,72,90
564,138,138,84,84,0,100,100,66,66,0,100,100,72,72,0,0.010041185881071514,0.010041185881071514,68,68,0,-1,2,2,6,9,44,31,85
565,84,185,66,91,25,64,64,61,61,0,64,64,64,64,0,0.009564655025698629,0.009564655025698629,66,66,0,6,2,2,5,9,49,31,68
566,0,206,1,91,90,0,36,1,35,34,0,36,1,46,45,0.0,0.011777119711358454,1,70,69,3,-1,4,6,0,56,89,6
567,2,208,26,88,62,19,38,26,28,2,2,10,26,31,5,3.4037918240920386e-05,0.0004765308553728854,26,34,8,3,5,4,17,1,20,68,56
568,52,154,55,84,29,88,88,47,47,0,52,54,55,55,0,0.003165526396405596,0.0032336022328874367,50,50,0,4,2,2,8,3,10,43,95
569,22,228,40,89,49,114,114,58,58,0,22,34,40,44,4,0.002484768031587188,0.004731270635487933,46,53,7,3,3,3,17,2,20,83,75
570,100,100,69,69,0,100,100,70,70,0,100,100,72,72,0,0.03318697028489737,0.03318697028489737,93,93,0,-1,1,1,6,6,65,41,79
571,0,102,1,75,74,0,10,1,27,26,0,2,1,25,24,0.0,0.0005105687736138058,1,34,33,4,-1,5,6,0,59,67,42
572,40,656,51,100,49,128,128,67,67,0,40,87,51,59,8,0.0051397256543789785,0.012049423057285817,58,75,17,2,2,2,9,1,28,90,44
573,100,100,65,65,0,100,100,47,47,0,100,100,65,65,0,0.0333911977943429,0.0333911977943429,92,92,0,-1,1,1,11,15,38,19,99
574,6,1646,29,100,71,34,84,32,41,9,6,55,29,52,23,6.807583648184077e-05,0.013138636440995268,29,73,44,1,4,2,11,1,5,95,41
575,40,246,47,93,46,52,52,35,35,0,40,40,47,47,0,0.0026549576227917903,0.0035739814152966403,44,49,5,3,2,2,9,1,29,55,78
576,16,632,35,100,65,158,158,66,66,0,16,158,35,86,51,0.003608019333537561,0.015725518227305217,50,77,27,2,3,3,13,3,13,46,30
577,18,18,45,45,0,38,38,57,57,0,18,18,46,46,0,0.002212464685659825,0.002212464685659825,46,46,0,-1,3,3,3,2,55,52,91
578,0,0,1,1,0,0,0,1,1,0,0,0,1,1,0,0.0,0.0,1,1,0,-1,-1,-1,2,0,89,82,93
579,54,670,54,100,46,94,94,45,45,0,54,94,54,59,5,0.006467204465774873,0.021954457265393648,57,84,27,2,3,3,9,7,29,62,23
580,16,1656,41,100,59,50,84,50,74,24,16,64,41,70,29,0.0035739814152966403,0.025290173253003846,51,87,36,1,3,2,5,1,70,90,64
581,244,450,89,99,10,176,176,88,88,0,176,176,88,88,0,0.021239660982334322,0.02481364239763096,83,86,3,3,2,2,8,17,27,6,26
582,14,116,41,80,39,24,24,38,38,0,14,24,41,49,8,0.003608019333537561,0.005412029000306341,51,56,5,4,4,4,4,6,79,73,83
583,54,260,55,94,39,80,80,68,68,0,54,80,55,71,16,0.006637394056979475,0.011913271384322134,58,72,14,3,3,3,5,4,88,38,21
584,100,100,60,60,0,100,100,40,40,0,100,100,60,60,0,0.05800061268252834,0.061983049116716024,100,100,0,2,1,1,14,36,25,2,22
585,50,50,63,63,0,12,12,37,37,0,12,12,42,42,0,0.007011811157629599,0.007011811157629599,63,63,0,-1,4,4,2,9,99,31,96
586,16,222,36,93,57,35,56,33,38,5,16,56,36,55,19,0.0009190237925048504,0.006297014874570271,37,61,24,3,3,3,9,1,23,55,24
587,179,179,91,91,0,80,80,65,65,0,80,80,69,69,0,0.01872085503250621,0.01872085503250621,83,83,0,-1,3,3,5,18,37,5,80
588,24,126,49,79,30,46,46,40,40,0,24,26,49,51,2,0.0013274788113958951,0.0017018959120460194,41,42,1,4,3,3,6,3,44,43,88
589,6,622,29,100,71,32,84,34,46,12,6,84,29,60,31,0.00013615167296368154,0.02379250485040335,31,86,55,2,4,3,8,1,10,4,1
590,62,1702,63,100,37,48,72,59,78,19,48,72,63,79,16,0.008135062459579971,0.06045134279587461,64,97,33,1,3,2,3,6,75,34,7
591,100,100,66,66,0,100,100,52,52,0,100,100,66,66,0,0.03328908403962014,0.03597807958065285,90,92,2,2,1,1,8,8,15,8,70
592,260,466,98,100,2,80,80,94,94,0,80,80,94,94,0,0.04173048776336839,0.04278566322883692,96,96,0,3,2,2,2,27,91,10,43
593,0,102,1,75,74,0,15,1,28,27,0,3,1,29,28,0.0,0.0002723033459273631,1,32,31,4,-1,5,8,0,21,59,56
594,88,294,65,94,29,110,110,77,77,0,88,110,65,80,15,0.009020048333843901,0.01667857993805099,66,81,15,3,2,2,6,4,44,38,20
595,100,100,77,77,0,100,100,97,97,0,100,100,97,97,0,0.06759930562646789,0.09408080601790395,99,100,1,2,1,1,3,12,55,37,11
596,86,86,74,74,0,48,48,66,66,0,48,48,67,67,0,0.007250076585316042,0.007250076585316042,63,63,0,-1,3,3,3,6,76,13,69
597,0,616,1,100,99,0,124,1,59,58,0,124,1,82,81,0.0,0.0158616699002689,1,76,75,2,-1,3,14,0,17,97,15
598,52,258,65,99,34,12,12,37,37,0,12,12,42,42,0,0.007794683277170768,0.01327478811395895,66,74,8,3,4,4,2,13,99,24,26
599,35,1675,52,100,48,38,72,51,84,33,38,72,54,84,30,0.005207801490860819,0.04006262976956329,53,96,43,1,3,2,3,6,94,73,51
600,0,206,1,94,93,0,12,1,39,38,0,12,1,41,40,0.0,0.00445896728956057,1,55,54,3,-1,4,2,0,90,40,57
601,6,6,28,28,0,15,15,28,28,0,6,6,28,28,0,0.0002723033459273631,0.0002723033459273631,31,31,0,-1,4,4,6,1,56,55,87
602,307,307,98,98,0,112,112,93,93,0,112,112,93,93,0,0.03625038292658021,0.03625038292658021,93,93,0,-1,2,2,4,29,47,0,97
603,99,99,75,75,0,52,52,74,74,0,52,52,76,76,0,0.012662105585622384,0.012662105585622384,73,73,0,-1,2,2,3,13,58,24,87
604,24,640,46,100,54,42,42,40,40,0,24,40,46,51,5,0.00176997174852786,0.005922597773920147,43,56,13,2,3,3,6,3,34,43,90
605,432,432,100,100,0,176,176,99,99,0,176,176,99,99,0,0.05211205282684911,0.05211205282684911,97,97,0,-1,2,2,5,36,63,2,93
606,0,101,1,82,81,0,2,1,25,24,0,1,1,25,24,0.0,3.4037918240920386e-05,1,25,24,6,-1,7,2,1,68,69,78
607,0,206,1,95,94,0,14,1,31,30,0,14,1,38,37,0.0,0.005956635692161067,1,57,56,3,-1,4,3,0,94,76,24
608,77,693,68,100,32,48,48,62,62,0,48,48,64,64,0,0.0088498587426393,0.03332312195786106,68,94,26,2,3,3,3,8,64,44,0
609,97,303,79,100,21,46,46,84,84,0,46,46,84,84,0,0.017121072875182955,0.027060145001531706,81,88,7,3,2,2,2,13,93,33,6
610,6,206,33,92,59,20,20,35,35,0,6,20,33,45,12,0.0011913271384322134,0.007011811157629599,40,61,21,3,4,4,4,1,47,71,27
611,16,222,45,94,49,22,22,49,49,0,16,22,48,52,4,0.003948398515946765,0.029919330133769018,53,92,39,3,3,3,2,3,90,46,2
612,410,410,99,99,0,264,264,100,100,0,264,264,100,100,0,0.03883726471289016,0.03883726471289016,96,96,0,-1,2,2,9,29,35,0,87
613,90,296,68,95,27,104,104,86,86,0,104,104,87,87,0,0.011743081793117532,0.020524864699274992,70,83,13,3,2,2,5,6,49,77,14
614,0,616,1,100,99,0,40,1,34,33,0,16,1,34,33,0.0,0.002314578440382586,1,46,45,2,-1,3,7,0,24,89,53
615,2,208,28,94,66,5,18,28,37,9,2,18,28,43,15,0.0,0.0141938119064638,1,78,77,3,5,4,3,1,96,60,15
616,82,698,76,100,24,32,32,69,69,0,32,32,69,69,0,0.013717281051090916,0.03710133088260322,73,94,21,2,3,3,2,8,93,17,1
617,6,1646,28,100,72,43,146,30,59,29,6,108,28,76,48,0.00017018959120460194,0.0156914803090643,29,78,49,1,4,2,16,1,4,60,39
618,0,102,1,74,73,0,26,1,27,26,0,4,1,27,26,0.0,0.0002042275094455223,1,31,30,4,-1,5,16,0,4,80,63
619,0,206,1,96,95,0,12,1,36,35,0,12,1,41,40,0.0,0.005616256509751864,1,59,58,3,-1,4,2,0,99,86,26
620,0,0,1,1,0,0,0,1,1,0,0,0,1,1,0,0.0,0.0,1,1,0,-1,-1,-1,5,0,63,76,40
621,218,218,90,90,0,256,256,85,85,0,218,218,90,90,0,0.010892133837094524,0.010892133837094524,70,70,0,-1,2,2,14,13,16,24,97
622,0,616,1,100,99,0,78,1,46,45,0,54,1,57,56,0.0,0.009360427516253106,1,68,67,2,-1,3,8,0,39,89,77
623,349,555,100,100,0,96,96,91,91,0,96,96,91,91,0,0.05497123795908642,0.05990673610401988,97,97,0,3,2,2,3,36,76,2,57
624,88,704,61,100,39,158,158,82,82,0,88,158,61,86,25,0.007658531604207087,0.02038871302631131,61,83,22,2,2,2,9,4,35,72,30
625,52,153,56,87,31,44,44,49,49,0,44,44,55,55,0,0.008577555396711936,0.008577555396711936,66,66,0,5,3,3,4,6,79,34,95
626,2,2,27,27,0,10,10,27,27,0,2,2,27,27,0,6.807583648184077e-05,6.807583648184077e-05,27,27,0,-1,5,5,8,1,39,78,82
627,54,54,63,63,0,32,32,70,70,0,32,32,70,70,0,0.0088498587426393,0.0088498587426393,66,66,0,-1,3,3,2,7,95,48,84
628,0,616,1,100,99,0,76,1,39,38,0,56,1,52,51,0.0,0.007658531604207087,1,63,62,2,-1,3,10,1,18,50,77
629,229,845,96,100,4,32,32,69,69,0,32,32,69,69,0,0.029817216379046257,0.04401102828551006,91,97,6,2,3,3,2,29,90,1,37
630,580,1196,100,100,0,288,288,99,99,0,288,288,99,99,0,0.04894652643044351,0.056264678852241394,95,99,4,2,2,2,9,40,28,3,77
631,132,338,81,96,15,118,118,68,68,0,132,118,82,79,-3,0.01320671227747711,0.01589570781850982,74,77,3,3,2,2,9,8,29,8,41
632,0,616,1,100,99,0,76,1,41,40,0,44,1,49,48,0.0,0.005241839409101739,1,53,52,2,-1,3,10,0,0,86,72
633,100,100,67,67,0,100,100,55,55,0,100,100,67,67,0,0.03788420300214439,0.03832669593927635,96,96,0,3,1,1,9,15,23,16,55
634,16,16,39,39,0,88,88,51,51,0,16,16,39,39,0,0.004322815616596889,0.004322815616596889,53,53,0,-1,3,3,8,1,57,90,89
635,16,117,41,84,43,28,28,45,45,0,16,17,41,44,3,0.0021784267674189047,0.002212464685659825,45,45,0,6,3,3,3,2,60,94,68
636,0,206,1,93,92,0,20,1,34,33,0,20,1,47,46,0.0,0.007216038667075122,1,60,59,3,-1,4,4,0,73,96,32
637,0,206,1,89,88,0,50,1,34,33,0,50,1,51,50,0.0,0.011743081793117532,1,71,70,3,-1,4,9,0,29,98,37
638,0,0,1,1,0,0,0,1,1,0,0,0,1,1,0,0.0,0.0,1,1,0,-1,-1,-1,3,0,75,66,69
639,6,622,27,100,73,11,42,27,35,8,6,32,27,40,13,0.00013615167296368154,0.006024711528642908,28,54,26,2,4,3,6,1,51,68,72
640,82,288,63,95,32,128,128,69,69,0,82,128,63,81,18,0.008509479560230097,0.009836958371625992,64,69,5,3,3,3,8,7,30,48,83
641,0,0,1,1,0,0,0,1,1,0,0,0,1,1,0,0.0,0.0,1,1,0,-1,-1,-1,16,0,4,89,40
642,176,792,91,100,9,136,136,97,97,0,136,136,97,97,0,0.02668572790088158,0.0480955784744205,88,96,8,2,2,2,4,9,72,39,11
643,121,327,79,98,19,154,154,71,71,0,121,154,79,88,9,0.009496579189216788,0.019639878825011062,69,82,13,3,2,2,10,8,1,44,12
644,0,0,1,1,0,0,0,1,1,0,0,0,1,1,0,0.0,0.0,1,1,0,-1,-1,-1,12,0,2,96,92
645,92,92,77,77,0,28,28,44,44,0,28,28,51,51,0,0.01589570781850982,0.01589570781850982,80,80,0,-1,3,3,3,16,92,12,79
646,184,390,88,96,8,198,198,86,86,0,184,198,87,91,4,0.011743081793117532,0.013376901868681712,72,73,1,3,2,2,10,13,12,24,94
647,100,100,69,69,0,100,100,66,66,0,100,100,75,75,0,0.04036897103373158,0.0405731985431771,96,96,0,4,1,1,6,13,51,33,88
648,6,622,27,100,73,20,56,28,40,12,6,56,27,53,26,0.0004084550188910446,0.026992069165049867,33,89,56,2,4,3,6,1,40,60,3
649,190,190,88,88,0,204,204,86,86,0,190,190,88,88,0,0.013989584397018279,0.013989584397018279,75,75,0,-1,2,2,11,13,38,33,69
650,112,213,78,92,14,166,166,88,88,0,112,113,78,78,0,0.011300588855985567,0.011334626774226489,71,71,0,6,2,2,8,4,21,38,58
651,6,6,29,29,0,32,32,32,32,0,6,6,29,29,0,0.00013615167296368154,0.00013615167296368154,31,31,0,-1,4,4,10,1,1,65,50
652,100,100,69,69,0,100,100,71,71,0,100,100,72,72,0,0.05813676435549202,0.058953674393274105,98,98,0,3,1,1,6,27,56,10,53
653,100,100,59,59,0,100,100,46,46,0,100,100,59,59,0,0.01746145205759216,0.0247115286429082,77,84,7,2,1,1,11,3,5,54,24
654,0,616,1,100,99,0,68,1,39,38,0,68,1,58,57,0.0,0.007692569522448007,1,61,60,2,-1,3,8,0,15,81,24
655,56,158,55,86,31,84,84,66,66,0,56,84,55,69,14,0.0068075836481840775,0.009360427516253106,59,66,7,4,2,2,5,3,61,29,73
656,86,86,59,59,0,126,126,69,69,0,86,86,59,59,0,0.009632730862180468,0.009632730862180468,66,66,0,-1,2,2,7,6,24,34,50
657,0,616,1,100,99,0,106,1,56,55,0,66,1,55,54,0.0,0.004833384390210695,1,52,51,2,-1,3,15,0,7,40,28
658,214,414,96,100,4,56,56,82,82,0,56,56,82,82,0,0.035875965825930084,0.05122706695258518,95,98,3,3,2,2,2,30,89,7,0
659,68,268,66,95,29,72,72,80,80,0,72,72,80,80,0,0.011709043874876613,0.017529527894074,74,83,9,3,2,2,3,7,76,62,20
660,16,16,37,37,0,66,66,51,51,0,16,16,37,37,0,0.002927260968719153,0.002927260968719153,51,51,0,-1,3,3,6,3,34,46,45
661,0,1640,1,100,99,0,174,1,66,65,0,174,1,83,82,0.0,0.02746860002042275,1,89,88,1,-1,2,15,0,7,84,10
662,0,102,1,83,82,0,3,1,28,27,0,3,1,32,31,0.0,0.00013615167296368154,1,30,29,4,-1,5,2,0,90,80,56
663,0,616,1,100,99,0,40,1,42,41,0,40,1,52,51,0.0,0.007556417849484326,1,63,62,2,-1,3,5,0,49,66,77
664,0,101,1,78,77,0,6,1,24,23,0,1,1,24,23,0.0,0.00017018959120460194,1,30,29,5,-1,6,6,0,69,97,55
665,18,18,40,40,0,60,60,38,38,0,18,18,40,40,0,0.0002382654276864427,0.0002382654276864427,34,34,0,-1,3,3,9,2,28,56,86
666,100,100,79,79,0,100,100,97,97,0,100,100,97,97,0,0.09094931753973927,0.09094931753973927,100,100,0,-1,1,1,3,29,60,0,89
667,0,0,1,1,0,0,0,1,1,0,0,0,1,1,0,0.0,0.0,1,1,0,-1,-1,-1,2,0,99,97,85
668,16,632,41,100,59,32,32,58,58,0,16,32,41,59,18,0.004152626025392287,0.011640968038394772,52,74,22,2,3,3,2,1,91,90,72
669,62,62,57,57,0,134,134,69,69,0,62,62,57,57,0,0.0037441710065012424,0.0037441710065012424,49,49,0,-1,2,2,10,6,12,70,84
670,26,232,56,97,41,12,12,35,35,0,12,12,42,42,0,0.0045270431260424114,0.00976888253514415,55,68,13,3,4,4,2,6,98,28,21
671,0,616,1,100,99,0,100,1,44,43,0,100,1,58,57,0.0,0.01405766023350012,1,77,76,2,-1,3,10,0,0,97,30
672,42,248,54,92,38,100,100,48,48,0,40,46,50,54,4,0.0028591851322373124,0.00439089145307873,51,54,3,3,3,3,10,6,11,41,53
673,2,618,27,100,73,6,28,29,44,15,2,28,27,49,22,0.00013615167296368154,0.02920453385070969,30,90,60,2,5,3,3,1,58,65,3
674,28,130,47,83,36,36,36,41,41,0,28,32,47,48,1,0.0013955546478777359,0.0020082371762143027,42,45,3,4,3,3,5,4,88,64,51
675,80,80,65,65,0,84,84,74,74,0,84,84,74,74,0,0.011640968038394772,0.011640968038394772,69,69,0,-1,2,2,5,6,49,34,96
676,0,206,1,88,87,0,37,1,28,27,0,6,1,27,26,0.0,0.000442492937131965,1,34,33,3,-1,4,17,0,20,40,42
677,6,107,31,84,53,14,14,33,33,0,6,7,31,35,4,0.0008509479560230097,0.00088498587426393,37,37,0,6,4,4,3,2,66,42,58
678,0,616,1,100,99,0,78,1,38,37,0,78,1,59,58,0.0,0.009326389598012186,1,67,66,2,-1,3,11,0,38,81,14
679,0,616,1,100,99,0,84,1,39,38,0,62,1,52,51,0.0,0.008135062459579971,1,65,64,2,-1,3,12,1,3,50,20
680,88,294,62,96,34,152,152,76,76,0,88,94,62,63,1,0.00803294870485721,0.00878178290615746,62,64,2,3,2,2,8,4,15,72,71
681,46,46,59,59,0,28,28,45,45,0,28,28,50,50,0,0.005480104836788182,0.005480104836788182,56,56,0,-1,3,3,3,6,58,13,93
682,166,766,84,100,16,208,208,88,88,0,166,208,86,88,2,0.013649205214609075,0.022022533101875488,74,84,10,2,2,2,10,9,22,27,39
683,174,790,87,100,13,184,184,97,97,0,174,184,97,97,0,0.015725518227305217,0.025970931617822254,78,87,9,2,2,2,7,8,62,17,33
684,49,49,53,53,0,76,76,52,52,0,49,49,54,54,0,0.005105687736138058,0.005105687736138058,54,54,0,-1,3,3,6,4,65,22,93
685,70,70,60,60,0,90,90,67,67,0,70,70,63,63,0,0.009462541270975866,0.009462541270975866,67,67,0,-1,2,2,6,5,56,25,85
686,206,206,91,91,0,256,256,90,90,0,256,256,94,94,0,0.01865277919602437,0.01865277919602437,79,79,0,-1,2,2,13,18,13,5,98
687,274,480,94,99,5,232,232,92,92,0,232,232,94,94,0,0.02021852343510671,0.02038871302631131,80,80,0,3,2,2,10,18,11,5,63
688,60,162,63,88,25,54,54,60,60,0,54,54,62,62,0,0.005173763572619898,0.007522379931243405,59,62,3,4,3,3,4,5,78,47,35
689,80,280,73,100,27,56,56,85,85,0,56,56,85,85,0,0.014568229007113924,0.03876918887640832,80,95,15,3,2,2,2,6,90,77,2
690,178,178,92,92,0,48,48,64,64,0,48,48,66,66,0,0.026039007454304094,0.026039007454304094,89,89,0,-1,3,3,3,22,85,9,81
691,100,100,69,69,0,100,100,57,57,0,100,100,69,69,0,0.06273188331801627,0.06358283127403928,100,100,0,3,1,1,8,40,57,3,43
692,46,662,54,100,46,90,100,71,76,5,46,100,54,76,22,0.008305252050784574,0.023315973995030465,64,84,20,2,2,2,6,2,69,83,23
693,100,100,66,66,0,100,100,60,60,0,100,100,68,68,0,0.033221008203138294,0.03601211749889377,90,93,3,2,1,1,7,8,43,17,70
694,0,616,1,100,99,0,78,1,38,37,0,73,1,58,57,0.0,0.010211375472276116,1,69,68,2,-1,3,11,0,38,80,33
695,28,129,46,80,34,106,106,58,58,0,28,29,46,46,0,0.002382654276864427,0.0024166921951053475,46,46,0,5,3,3,11,3,19,54,78
696,120,736,75,100,25,200,200,78,78,0,120,200,75,87,12,0.01065386840940808,0.017121072875182955,69,76,7,2,2,2,11,6,5,77,48
697,0,102,1,84,83,0,3,1,27,26,0,3,1,33,32,0.0,0.0007828721195411688,1,38,37,4,-1,5,2,0,93,81,51
698,78,284,70,98,28,32,32,58,58,0,32,32,60,60,0,0.011606930120153852,0.024575376969944517,73,89,16,3,3,3,2,9,91,27,15
699,352,1992,99,100,1,224,248,98,100,2,224,248,98,100,2,0.03087239184451479,0.045304469178665034,89,97,8,1,2,2,8,22,10,9,90
700,66,682,69,100,31,48,48,65,65,0,48,48,68,68,0,0.011062323428299126,0.03243813608359713,72,92,20,2,3,3,3,6,66,77,9
701,1,103,23,79,56,4,7,23,24,1,1,5,23,26,3,3.4037918240920386e-05,0.0007147962830593281,24,34,10,4,6,5,4,2,67,58,74
702,0,206,1,92,91,0,26,1,35,34,0,26,1,49,48,0.0,0.008373327887266415,1,67,66,3,-1,4,5,0,37,76,8
703,0,616,1,100,99,0,36,1,37,36,0,36,1,52,51,0.0,0.00793083495013445,1,63,62,2,-1,3,5,0,61,97,77
704,0,102,1,76,75,0,6,1,29,28,0,2,1,27,26,0.0,0.0013274788113958951,1,40,39,4,-1,5,3,0,64,80,53
705,16,16,44,44,0,44,44,53,53,0,16,16,45,45,0,0.0027911092957554717,0.0027911092957554717,50,50,0,-1,3,3,4,3,78,46,93
706,6,622,29,100,71,23,100,29,44,15,6,100,29,58,29,0.0,0.02215868477483917,1,86,85,2,4,3,10,1,0,95,16
707,1,1,25,25,0,5,5,25,25,0,1,1,25,25,0,3.4037918240920386e-05,3.4037918240920386e-05,26,26,0,-1,6,6,5,1,80,68,81
708,46,662,50,100,50,50,68,55,71,16,46,68,55,73,18,0.007216038667075122,0.023554239422716908,60,87,27,2,2,2,4,2,67,42,15
709,0,102,1,78,77,0,10,1,28,27,0,3,1,30,29,0.0,0.00030634126416828345,1,33,32,4,-1,5,6,0,32,87,63
710,100,100,63,63,0,100,100,39,39,0,100,100,63,63,0,0.04700636509071105,0.04700636509071105,96,96,0,-1,1,1,14,29,17,1,81
711,100,100,67,67,0,100,100,55,55,0,100,100,67,67,0,0.025358249089485686,0.03267640151128357,87,90,3,2,1,1,9,7,23,48,62
712,0,206,1,92,91,0,42,1,36,35,0,36,1,46,45,0.0,0.006739507811702236,1,57,56,3,-1,4,7,0,46,80,77
713,16,222,35,89,54,58,62,42,42,0,16,30,35,48,13,0.0007828721195411688,0.0029612988869600733,38,47,9,3,3,3,7,1,24,49,70
714,6,6,30,30,0,19,19,30,30,0,6,6,30,30,0,0.00017018959120460194,0.00017018959120460194,30,30,0,-1,4,4,8,1,21,55,84
715,0,0,1,1,0,0,0,1,1,0,0,0,1,1,0,0.0,0.0,1,1,0,-1,-1,-1,10,0,22,86,98
716,176,792,88,100,12,176,176,87,87,0,176,176,89,89,0,0.01681473161101467,0.022839443139657578,81,83,2,2,2,2,8,13,57,33,62
717,100,100,64,64,0,100,100,57,57,0,100,100,66,66,0,0.0567752476258552,0.07127540079648728,99,100,1,2,1,1,7,29,46,11,15
718,16,16,36,36,0,60,60,49,49,0,16,16,36,36,0,0.003267640151128357,0.003267640151128357,49,49,0,-1,3,3,5,1,52,90,79
719,100,100,63,63,0,100,100,39,39,0,100,100,63,63,0,0.018176248340651485,0.04789135096497498,78,97,19,2,1,1,14,8,17,44,2
720,100,100,67,67,0,100,100,66,66,0,100,100,72,72,0,0.06719085060757685,0.06872255692841826,99,99,0,3,1,1,6,40,59,3,75
721,22,638,42,100,58,26,44,38,48,10,22,38,42,51,9,0.0005786446100956465,0.005820484019197386,36,57,21,2,3,3,4,2,53,63,90
722,34,650,56,100,44,22,22,49,49,0,22,22,53,53,0,0.006535280302256714,0.017291262466387555,63,81,18,2,3,3,2,7,90,62,17
723,248,454,92,99,7,168,168,96,96,0,168,168,96,96,0,0.02719629667449539,0.02828551005820484,89,89,0,3,2,2,6,15,40,16,71
724,434,434,99,99,0,280,280,99,99,0,280,280,99,99,0,0.036080193335375606,0.036080193335375606,92,92,0,-1,2,2,10,27,1,10,50
725,142,348,82,97,15,142,142,78,78,0,142,142,84,84,0,0.01232172640321318,0.01606589740971442,72,77,5,3,2,2,8,9,21,27,47
726,69,685,71,100,29,62,62,82,82,0,62,62,82,82,0,0.013513053541645392,0.0425814357193914,74,95,21,2,2,2,3,6,92,73,0
727,0,0,1,1,0,0,0,1,1,0,0,0,1,1,0,0.0,0.0,1,1,0,-1,-1,-1,8,0,27,84,80
728,0,206,1,92,91,0,14,1,33,32,0,14,1,38,37,0.0,0.003199564314646516,1,51,50,3,-1,4,3,0,64,36,28
729,114,730,78,100,22,134,134,88,88,0,114,134,84,88,4,0.013683243132849994,0.028489737567650362,75,91,16,2,2,2,6,6,59,77,16
730,37,243,58,96,38,22,22,49,49,0,22,22,53,53,0,0.0053099152455835805,0.016916845365737433,58,82,24,3,3,3,2,6,90,35,18
731,34,34,43,43,0,124,124,58,58,0,34,34,43,43,0,0.0011913271384322134,0.0011913271384322134,39,39,0,-1,3,3,14,4,8,64,40
732,16,222,42,93,51,22,22,42,42,0,16,22,42,45,3,0.0023486163586235067,0.0046972327172470135,47,56,9,3,3,3,2,2,68,94,41
733,0,1640,1,100,99,0,110,1,53,52,0,77,1,58,57,0.0,0.014432077334150244,1,75,74,1,-1,2,14,0,17,36,27
734,8,8,37,37,0,20,20,35,35,0,8,8,37,37,0,0.000442492937131965,0.000442492937131965,35,35,0,-1,4,4,4,2,73,63,93
735,100,100,62,62,0,100,100,48,48,0,100,100,62,62,0,0.04186663943633207,0.04186663943633207,96,96,0,-1,1,1,10,20,11,23,80
736,0,102,1,78,77,0,11,1,29,28,0,2,1,27,26,0.0,0.0004084550188910446,1,35,34,4,-1,5,6,0,32,89,49
737,0,616,1,100,99,0,46,1,34,33,0,16,1,33,32,0.0,0.003710133088260322,1,52,51,2,-1,3,8,0,42,76,90
738,16,632,34,100,66,50,50,46,46,0,16,50,34,52,18,0.0018040096667687805,0.03243813608359713,43,94,51,2,3,3,5,1,50,53,3
739,100,100,76,76,0,100,100,97,97,0,100,100,97,97,0,0.05173763572619899,0.06685047142516763,98,99,1,2,1,1,3,3,94,51,37
740,118,734,79,100,21,118,128,88,89,1,118,128,89,89,0,0.009530617107457708,0.041049729398549985,68,94,26,2,2,2,5,5,61,47,1
741,118,734,80,100,20,120,120,85,85,0,120,120,85,85,0,0.016474352428605468,0.02011640968038395,81,84,3,2,2,2,6,9,48,39,22
742,100,100,81,81,0,100,100,96,96,0,100,100,96,96,0,0.06872255692841826,0.06933523945675482,100,100,0,4,1,1,3,18,92,30,51
743,6,622,33,100,67,12,22,35,51,16,6,22,33,53,20,0.001599782157323258,0.013547091459886314,44,75,31,2,4,3,2,1,86,53,24
744,0,616,1,100,99,0,34,1,43,42,0,34,1,51,50,0.0,0.007794683277170768,1,63,62,2,-1,3,4,0,47,92,31
745,237,437,95,100,5,72,72,80,80,0,72,72,80,80,0,0.03332312195786106,0.0407433881343817,93,95,2,3,2,2,3,29,66,11,14
746,0,0,1,1,0,0,0,1,1,0,0,0,1,1,0,0.0,0.0,1,1,0,-1,-1,-1,14,0,16,91,79
747,16,222,40,92,52,36,36,41,41,0,16,36,40,50,10,0.0009530617107457708,0.005990673610401988,39,56,17,3,3,3,5,1,88,49,44
748,226,842,94,100,6,72,72,77,77,0,72,72,77,77,0,0.03311889444841554,0.03580788998944825,93,93,0,2,2,2,3,27,64,10,52
749,108,724,76,100,24,80,80,59,59,0,80,80,63,63,0,0.013444977705163553,0.022567139793730217,76,85,9,2,3,3,5,8,61,8,32
750,100,100,62,62,0,100,100,45,45,0,100,100,62,62,0,0.03274447734776541,0.03284659110248817,90,90,0,5,1,1,12,12,3,37,78
751,100,100,63,63,0,100,100,47,47,0,100,100,63,63,0,0.04516831750570135,0.04738078219136117,95,95,0,3,1,1,10,20,36,23,53
752,70,276,63,96,33,88,88,47,47,0,70,88,63,66,3,0.0053099152455835805,0.009734844616903231,58,69,11,3,3,3,8,6,39,26,57
753,210,826,90,100,10,152,152,82,82,0,152,152,86,86,0,0.02042275094455223,0.029306647605432452,82,88,6,2,2,2,8,17,10,6,27
754,0,0,1,1,0,0,0,1,1,0,0,0,1,1,0,0.0,0.0,1,1,0,-1,-1,-1,4,0,53,66,79
755,18,18,42,42,0,76,76,36,36,0,18,18,42,42,0,0.0007488342013002485,0.0007488342013002485,34,34,0,-1,3,3,13,2,13,63,76
756,0,206,1,87,86,0,64,1,34,33,0,15,1,33,32,0.0,0.0028591851322373124,1,49,48,3,-1,4,16,0,9,86,41
757,100,100,66,66,0,100,100,66,66,0,100,100,69,69,0,0.021818305592429966,0.02559651451717213,83,87,4,2,1,1,7,2,62,74,75
758,18,224,42,94,52,36,40,38,38,0,18,40,42,52,10,0.0007488342013002485,0.003710133088260322,36,51,15,3,3,3,5,2,63,56,73
759,0,206,1,91,90,0,26,1,34,33,0,6,1,30,29,0.0,0.0021784267674189047,1,45,44,3,-1,4,7,0,62,97,94
760,16,632,37,100,63,92,102,42,57,15,16,62,37,55,18,0.0009190237925048504,0.005718370264474625,38,57,19,2,3,3,11,2,19,42,47
761,100,100,60,60,0,100,100,52,52,0,100,100,60,60,0,0.053609721229449604,0.06967561863916402,99,100,1,1,1,1,9,27,29,10,26
762,344,960,96,100,4,352,352,96,96,0,352,352,96,96,0,0.02644746247319514,0.03332312195786106,88,91,3,2,2,2,13,15,13,16,38
763,0,0,1,1,0,0,0,1,1,0,0,0,1,1,0,0.0,0.0,1,1,0,-1,-1,-1,6,0,34,86,81
764,22,228,45,92,47,40,40,44,44,0,22,40,45,50,5,0.0014636304843595766,0.012934408931549747,44,72,28,3,3,3,5,2,88,61,37
765,0,1640,1,100,99,0,146,1,65,64,0,146,1,86,85,0.0,0.029715102624323496,1,91,90,1,-1,2,12,0,14,97,0
766,102,102,78,78,0,104,104,82,82,0,104,104,83,83,0,0.011811157629599374,0.011811157629599374,75,75,0,-1,2,2,5,9,50,27,97
767,94,300,77,98,21,72,72,77,77,0,72,72,79,79,0,0.00966676878042139,0.01504475986248681,70,78,8,3,2,2,3,5,96,47,34
768,0,616,1,100,99,0,106,1,53,52,0,81,1,59,58,0.0,0.007011811157629599,1,60,59,2,-1,3,14,0,17,59,24
769,16,117,50,84,34,22,22,52,52,0,16,17,51,53,2,0.0031314884781646754,0.003199564314646516,53,53,0,5,3,3,2,3,86,46,60
770,16,632,42,100,58,28,28,43,43,0,16,28,42,49,7,0.0034718676605738795,0.019844106334456584,51,85,34,2,3,3,3,1,66,90,16
771,100,100,67,67,0,100,100,74,74,0,100,100,75,75,0,0.08019333537560842,0.0802954491303312,100,100,0,4,1,1,5,40,63,3,60
772,0,102,1,76,75,0,4,1,27,26,0,2,1,27,26,0.0,0.00030634126416828345,1,32,31,4,-1,5,3,0,64,67,65
773,110,110,77,77,0,104,104,81,81,0,104,104,84,84,0,0.010211375472276116,0.010211375472276116,70,70,0,-1,2,2,5,7,61,21,85
774,164,164,88,88,0,176,176,91,91,0,176,176,93,93,0,0.020014295925661188,0.020014295925661188,80,80,0,-1,2,2,8,12,10,37,45
775,100,100,66,66,0,100,100,60,60,0,100,100,68,68,0,0.03168930188229688,0.03168930188229688,89,89,0,-1,1,1,7,14,43,32,86
776,8,108,33,77,44,52,52,34,34,0,8,8,33,33,0,0.0004765308553728854,0.0006467204465774873,34,34,0,4,4,4,10,2,36,56,4
777,52,154,61,88,27,54,54,55,55,0,54,54,60,60,0,0.010381565063480718,0.010483678818203479,68,68,0,4,3,3,4,5,84,25,88
778,58,674,57,100,43,54,64,52,59,7,54,64,55,62,7,0.008509479560230097,0.02566459035365397,66,87,21,2,3,3,4,6,83,34,15
779,84,290,69,96,27,94,94,76,76,0,84,94,76,76,0,0.009632730862180468,0.014772456516559448,69,75,6,3,2,2,5,6,70,26,62
780,16,16,32,32,0,40,40,30,30,0,16,16,32,32,0,0.00030634126416828345,0.00030634126416828345,32,32,0,-1,3,3,14,1,17,65,85
781,0,0,1,1,0,0,0,1,1,0,0,0,1,1,0,0.0,0.0,1,1,0,-1,-1,-1,7,0,24,86,50
782,32,648,46,100,54,76,76,49,49,0,32,76,46,55,9,0.0025188059498281084,0.022294836447802852,45,85,40,2,3,3,6,2,40,52,0
783,190,806,87,100,13,324,324,90,90,0,190,324,87,97,10,0.01783586915824228,0.02740052418394091,80,89,9,2,2,2,17,9,20,39,33
784,100,100,66,66,0,100,100,52,52,0,100,100,66,66,0,0.05017189148711665,0.055039313795568263,99,99,0,2,1,1,8,29,15,11,77
785,2,618,27,100,73,5,34,27,38,11,2,34,27,50,23,0.0,0.013104598522754349,1,76,75,2,5,3,4,1,53,68,18
786,94,94,61,61,0,196,196,72,72,0,94,94,61,61,0,0.005922597773920147,0.005922597773920147,58,58,0,-1,2,2,12,6,14,28,99
787,80,182,65,90,25,84,84,74,74,0,84,84,74,74,0,0.011640968038394772,0.01245787807617686,69,73,4,4,2,2,5,6,49,34,71
788,256,456,97,100,3,72,72,80,80,0,72,72,80,80,0,0.03475271452397971,0.03713536880084414,94,95,1,3,2,2,3,27,66,10,35
789,72,278,54,92,38,148,148,65,65,0,72,78,55,56,1,0.002484768031587188,0.005037611899656217,46,55,9,3,2,2,14,3,25,43,90
790,16,1656,36,100,64,88,122,49,67,18,16,122,36,81,45,0.002757071377514551,0.04077742605262262,49,96,47,1,3,2,8,3,30,46,11
791,116,116,77,77,0,174,174,76,76,0,116,116,77,77,0,0.013513053541645392,0.013513053541645392,73,73,0,-1,2,2,10,8,22,20,76
792,104,1744,76,100,24,110,134,79,86,7,104,134,79,87,8,0.008407365805507334,0.044759862486810305,66,96,30,1,2,2,6,5,34,47,10
793,18,18,41,41,0,76,76,41,41,0,18,18,41,41,0,0.00034037918240920387,0.00034037918240920387,34,34,0,-1,3,3,10,2,1,56,86
794,0,616,1,100,99,0,52,1,35,34,0,28,1,43,42,0.0,0.0027911092957554717,1,45,44,2,-1,3,9,0,31,81,70
795,0,616,1,100,99,0,128,1,59,58,0,97,1,57,56,0.0,0.010109261717553355,1,59,58,2,-1,3,16,0,9,82,33
796,6,6,30,30,0,12,12,30,30,0,6,6,30,30,0,0.00010211375472276115,0.00010211375472276115,29,29,0,-1,4,4,4,1,83,65,82
797,178,778,93,100,7,72,72,77,77,0,72,72,79,79,0,0.026855917492086184,0.03781612716566255,91,95,4,2,2,2,3,20,96,23,19
798,100,100,60,60,0,100,100,50,50,0,100,100,60,60,0,0.029647026787841656,0.031485074372851356,91,91,0,3,1,1,9,8,28,20,41
799,16,632,34,100,66,76,132,38,66,28,16,132,34,81,47,0.0007488342013002485,0.02209060893835733,37,81,44,2,3,3,12,1,2,49,7
800,100,100,81,81,0,100,100,98,98,0,100,100,98,98,0,0.11613737703802035,0.11623949079274312,100,100,0,5,1,1,2,40,99,3,60
801,0,206,1,91,90,0,24,1,39,38,0,24,1,50,49,0.0,0.010245413390517035,1,68,67,3,-1,4,4,0,84,96,19
802,68,274,72,97,25,48,48,68,68,0,48,48,69,69,0,0.009360427516253106,0.01415977398822288,70,76,6,3,3,3,3,9,81,31,62
803,0,101,1,73,72,0,4,1,25,24,0,1,1,25,24,0.0,3.4037918240920386e-05,1,26,25,5,-1,6,4,0,83,97,58
804,18,224,43,91,48,46,50,48,48,0,18,50,43,54,11,0.0018040096667687805,0.007760645358929848,44,63,19,3,3,3,5,2,61,74,31
805,472,2112,98,100,2,448,472,99,99,0,448,472,99,99,0,0.03369753905851118,0.04646175839885633,92,98,6,1,2,2,16,22,4,9,24
806,6,622,34,100,66,16,34,34,46,12,6,34,34,54,20,0.0004084550188910446,0.025868817863099493,36,88,52,2,4,3,4,1,77,88,3
807,0,206,1,92,91,0,48,1,36,35,0,26,1,50,49,0.0,0.0036760951700194017,1,52,51,3,-1,4,8,0,21,76,47
808,40,142,48,84,36,146,146,64,64,0,40,42,48,52,4,0.004595118962524252,0.004731270635487933,55,55,0,4,2,2,12,1,6,90,4
809,16,16,44,44,0,28,28,44,44,0,16,16,43,43,0,0.0018040096667687805,0.0018040096667687805,44,44,0,-1,3,3,3,2,76,94,92
810,0,206,1,87,86,0,30,1,29,28,0,8,1,30,29,0.0,0.000442492937131965,1,33,32,3,-1,4,14,0,17,79,63
811,0,206,1,89,88,0,20,1,28,27,0,6,1,28,27,0.0,0.0002382654276864427,1,33,32,3,-1,4,9,0,28,98,49
812,268,474,92,98,6,302,302,97,97,0,268,302,96,97,1,0.01834643793185609,0.019163347969638176,77,77,0,3,2,2,12,13,2,33,61
813,12,218,45,96,51,8,8,34,34,0,12,8,45,40,-5,0.0007828721195411688,0.006058749446883829,38,58,20,3,4,4,2,2,93,74,21
814,56,56,65,65,0,22,22,49,49,0,22,22,50,50,0,0.006501242384015794,0.006501242384015794,61,61,0,-1,3,3,2,6,93,13,97
815,56,262,61,97,36,34,34,44,44,0,34,34,55,55,0,0.005446066918547262,0.00793083495013445,59,65,6,3,3,3,4,6,72,13,83
816,0,206,1,86,85,0,20,1,26,25,0,6,1,26,25,0.0,0.00013615167296368154,1,28,27,3,-1,4,14,1,25,45,65
817,12,1652,36,100,64,32,80,37,60,23,12,80,36,64,28,0.00030634126416828345,0.021035433472888797,35,85,50,1,4,2,6,2,74,56,57
818,0,616,1,100,99,0,76,1,40,39,0,56,1,53,52,0.0,0.004731270635487933,1,55,54,2,-1,3,10,0,1,82,13
819,40,142,53,88,35,72,72,77,77,0,40,44,67,69,2,0.005241839409101739,0.0061949011198475104,53,55,2,4,2,2,3,1,96,53,51
820,2,104,27,79,52,12,12,29,29,0,2,4,27,30,3,0.0002042275094455223,0.0006807583648184077,31,37,6,4,5,5,6,1,48,60,49
821,107,313,83,100,17,56,56,86,86,0,56,56,86,86,0,0.019095272133156337,0.028047244630518397,82,91,9,3,2,2,2,9,95,39,32
822,0,101,1,82,81,0,2,1,24,23,0,1,1,24,23,0.0,0.0,1,1,0,6,-1,7,2,0,91,80,58
823,100,100,66,66,0,100,100,49,49,0,100,100,66,66,0,0.03669287586371218,0.04326219408420981,95,97,2,2,1,1,9,12,54,37,44
824,124,124,80,80,0,112,112,92,92,0,112,112,92,92,0,0.016099935327955343,0.016099935327955343,78,78,0,-1,2,2,4,6,53,77,80
825,40,246,50,91,41,150,150,65,65,0,40,59,50,53,3,0.0026549576227917903,0.005888559855679227,48,55,7,3,2,2,11,1,5,53,22
826,49,49,56,56,0,70,70,63,63,0,49,49,55,55,0,0.005037611899656217,0.005037611899656217,56,56,0,-1,3,3,5,4,49,22,85
827,100,100,63,63,0,100,100,45,45,0,100,100,63,63,0,0.05177167364443991,0.05177167364443991,98,98,0,-1,1,1,11,30,19,7,99
828,22,228,40,91,51,76,76,41,41,0,22,28,40,45,5,0.002484768031587188,0.0034037918240920387,49,52,3,3,3,3,10,2,11,83,71
829,345,345,96,96,0,128,128,90,90,0,128,128,90,90,0,0.03563770039824364,0.03563770039824364,90,90,0,-1,2,2,5,29,61,11,96
830,40,246,57,94,37,38,38,55,55,0,38,38,58,58,0,0.004969536063174376,0.013002484768031588,58,76,18,3,3,3,3,6,76,41,32
831,0,101,1,77,76,0,10,1,25,24,0,1,1,25,24,0.0,3.4037918240920386e-05,1,26,25,5,-1,6,10,0,1,89,58
832,358,958,98,100,2,312,312,98,98,0,312,312,98,98,0,0.02491575615235372,0.032029681064706085,88,90,2,2,2,2,12,19,6,15,27
833,100,100,68,68,0,100,100,63,63,0,100,100,68,68,0,0.032506211920078965,0.03298274277545185,90,91,1,3,1,1,6,9,41,31,63
834,0,102,1,86,85,0,4,1,29,28,0,4,1,32,31,0.0,0.0008509479560230097,1,38,37,4,-1,5,2,0,97,96,43
835,8,8,36,36,0,14,14,35,35,0,8,8,36,36,0,0.0004084550188910446,0.0004084550188910446,34,34,0,-1,4,4,3,2,92,56,69
836,62,678,54,100,46,92,132,51,72,21,62,132,54,82,28,0.003948398515946765,0.01664454201981007,51,78,27,2,2,2,8,3,30,54,19
837,18,18,41,41,0,74,74,44,44,0,18,18,41,41,0,0.00088498587426393,0.00088498587426393,37,37,0,-1,3,3,8,2,15,56,50
838,0,616,1,100,99,0,70,1,40,39,0,58,1,55,54,0.0,0.008679669151434699,1,69,68,2,-1,3,9,0,54,79,17
839,48,150,61,86,25,62,62,75,75,0,48,62,64,76,12,0.00445896728956057,0.005582218591510943,53,59,6,4,2,2,3,4,82,64,74
840,0,206,1,91,90,0,16,1,32,31,0,7,1,36,35,0.0,0.0011913271384322134,1,42,41,3,-1,4,4,0,83,84,61
841,0,0,1,1,0,0,0,1,1,0,0,0,1,1,0,0.0,0.0,1,1,0,-1,-1,-1,4,0,84,80,91
842,106,722,74,100,26,126,126,69,69,0,106,126,75,77,2,0.00970080669866231,0.015112835698968652,69,75,6,2,2,2,7,7,24,48,72
843,497,1113,100,100,0,344,344,99,99,0,344,344,99,99,0,0.03441233534157051,0.03604615541713469,91,92,1,2,2,2,14,29,8,1,52
844,16,118,32,82,50,124,124,60,60,0,16,18,32,38,6,0.0024166921951053475,0.0025188059498281084,46,46,0,4,3,3,14,2,17,94,4
845,411,512,99,100,1,248,248,98,98,0,248,248,98,98,0,0.040913577725586306,0.04094761564382722,96,96,0,5,2,2,8,29,57,11,55
846,138,239,82,93,11,190,190,92,92,0,138,139,82,82,0,0.008577555396711936,0.008577555396711936,63,63,0,5,2,2,8,6,42,28,58
847,0,616,1,100,99,0,30,1,42,41,0,30,1,50,49,0.0,0.014772456516559448,1,77,76,2,-1,3,4,0,73,36,16
848,128,328,83,95,12,74,74,64,64,0,74,74,70,70,0,0.013036522686272508,0.019946220089179345,75,83,8,3,2,2,5,14,88,32,8
849,100,100,80,80,0,100,100,98,98,0,100,100,98,98,0,0.12634875251029648,0.1414275502910242,100,100,0,2,1,1,2,40,89,3,9
850,86,292,54,95,41,180,180,64,64,0,86,94,54,55,1,0.003710133088260322,0.0042547397801150485,49,53,4,3,2,2,16,3,4,43,51
851,12,628,34,100,66,28,42,34,36,2,12,42,34,50,16,0.0012594029749140542,0.015180911535450491,37,78,41,2,4,3,6,3,71,51,30
852,0,616,1,100,99,0,58,1,34,33,0,16,1,31,30,0.0,0.0033016780693692774,1,50,49,2,-1,3,14,0,8,82,90
853,24,640,45,100,55,76,86,41,41,0,24,59,45,55,10,0.0016678579938050988,0.005684332346233704,41,58,17,2,3,3,11,3,19,43,28
854,0,616,1,100,99,0,22,1,51,50,0,22,1,54,53,0.0,0.01783586915824228,1,83,82,2,-1,3,2,0,98,66,30
855,22,228,42,93,51,42,42,38,38,0,22,42,42,51,9,0.0011232513019503727,0.005786446100956465,38,56,18,3,3,3,6,2,65,74,57
856,36,242,56,96,40,34,34,44,44,0,34,34,55,55,0,0.005071649817897137,0.020014295925661188,55,83,28,3,3,3,4,6,72,35,15
857,102,308,78,96,18,64,64,63,63,0,64,64,64,64,0,0.015623404472582456,0.02723033459273631,80,86,6,3,3,3,4,12,79,37,6
858,100,100,69,69,0,100,100,57,57,0,100,100,69,69,0,0.043364307838932574,0.07423669968344736,97,100,3,2,1,1,8,19,57,15,2
859,100,100,70,70,0,100,100,53,53,0,100,100,70,70,0,0.03887130263113108,0.05616256509751864,93,100,7,1,1,1,9,18,31,30,19
860,6,6,29,29,0,29,29,31,31,0,6,6,29,29,0,6.807583648184077e-05,6.807583648184077e-05,27,27,0,-1,4,4,12,1,3,60,45
861,120,326,79,95,16,174,174,76,76,0,120,126,79,81,2,0.007284114503556962,0.007998910786616291,62,63,1,3,2,2,10,6,22,13,88
862,66,272,57,94,37,76,76,54,54,0,66,76,57,59,2,0.006126825283365669,0.006977773239388679,57,59,2,3,3,3,6,6,41,28,64
863,198,404,88,100,12,120,120,85,85,0,120,120,87,87,0,0.020150447598624867,0.027877055039313797,80,86,6,3,2,2,6,17,74,6,8
864,7,623,36,100,64,26,36,36,39,3,7,36,36,50,14,0.0004084550188910446,0.006501242384015794,34,61,27,2,4,3,5,2,37,56,34
865,46,46,60,60,0,48,48,63,63,0,48,48,64,64,0,0.008509479560230097,0.008509479560230097,67,67,0,-1,3,3,3,5,82,25,76
866,68,1668,65,100,35,62,62,74,74,0,62,62,75,75,0,0.010143299635794275,0.05456278294019538,71,97,26,1,2,2,3,4,64,72,11
867,92,298,77,99,22,28,28,44,44,0,28,28,51,51,0,0.01589570781850982,0.020592940535756832,80,84,4,3,3,3,3,16,92,12,21
868,16,632,36,100,64,72,82,45,47,2,16,82,36,58,22,0.002484768031587188,0.008407365805507334,45,61,16,2,3,3,7,2,46,94,57
869,376,992,99,100,1,256,256,97,97,0,256,256,98,98,0,0.03362946322202934,0.03849688553048095,92,96,4,2,2,2,10,22,22,9,62
870,388,594,100,100,0,224,224,99,99,0,224,224,99,99,0,0.03887130263113108,0.039279757650022125,95,95,0,3,2,2,8,27,39,10,60
871,0,206,1,89,88,0,46,1,34,33,0,19,1,40,39,0.0,0.0033016780693692774,1,49,48,3,-1,4,9,0,28,66,22
872,36,652,44,100,56,92,136,41,63,22,36,136,44,81,37,0.004322815616596889,0.03240409816535621,51,91,40,2,3,3,11,6,33,73,3
873,116,322,73,95,22,190,190,74,74,0,116,190,73,86,13,0.010075223799312433,0.01844855168657885,66,78,12,3,2,2,11,7,5,48,39
874,100,100,65,65,0,100,100,47,47,0,100,100,65,65,0,0.04081146397086354,0.04081146397086354,95,95,0,-1,1,1,11,20,38,23,82
875,80,1720,63,100,37,114,148,67,77,10,80,148,63,85,22,0.0057524081827155455,0.02818339630348208,57,89,32,1,3,2,9,5,23,47,12
876,118,324,86,98,12,72,72,77,77,0,72,72,79,79,0,0.020082371762143027,0.039620136832431326,85,95,10,3,2,2,3,9,96,39,1
877,62,678,52,100,48,154,154,66,66,0,62,78,52,54,2,0.003778208924742163,0.005854521937438306,51,54,3,2,2,2,10,6,0,70,53
878,74,690,64,100,36,64,64,68,68,0,64,64,69,69,0,0.010143299635794275,0.022601177711971135,72,85,13,2,3,3,4,9,73,27,19
879,63,269,61,96,35,72,72,77,77,0,72,72,77,77,0,0.007352190340038803,0.01147077844719017,64,73,9,3,2,2,3,4,64,22,13
880,0,206,1,92,91,0,30,1,32,31,0,28,1,44,43,0.0,0.005480104836788182,1,53,52,3,-1,4,7,0,46,96,34
881,2,618,29,100,71,4,28,29,44,15,2,28,29,48,19,0.00017018959120460194,0.016168011164437182,31,83,52,2,5,3,3,1,60,55,23
882,61,267,63,95,32,68,68,76,76,0,68,68,76,76,0,0.008747744987916539,0.010517716736444398,66,67,1,3,2,2,4,6,84,35,75
883,78,284,63,94,31,106,106,71,71,0,78,86,63,65,2,0.009598692943939549,0.010960209673576363,68,70,2,3,2,2,7,4,43,38,51
884,0,616,1,100,99,0,38,1,55,54,0,38,1,56,55,0.0,0.02365635317743967,1,86,85,2,-1,3,3,0,60,98,7
885,88,704,61,100,39,132,132,72,72,0,88,132,61,78,17,0.007488342013002485,0.023315973995030465,61,86,25,2,2,2,8,7,27,62,23
886,6,622,27,100,73,27,78,29,36,7,6,52,27,50,23,0.00017018959120460194,0.006467204465774873,29,57,28,2,4,3,14,1,25,55,77
887,1,207,25,94,69,3,10,25,31,6,1,10,25,38,13,0.00010211375472276115,0.0034037918240920387,29,51,22,3,6,4,3,1,81,78,13
888,60,676,60,100,40,60,60,53,53,0,60,60,60,60,0,0.005616256509751864,0.013036522686272508,57,74,17,2,3,3,5,6,49,26,73
889,255,255,95,95,0,288,288,95,95,0,288,288,95,95,0,0.017393376221110316,0.017393376221110316,80,80,0,-1,2,2,12,15,6,19,86
890,100,100,75,75,0,100,100,89,89,0,100,100,89,89,0,0.07324960005446067,0.07433881343817011,100,100,0,4,1,1,4,29,73,11,71
891,22,638,41,100,59,42,52,36,39,3,22,52,41,50,9,0.0015317063208414173,0.010143299635794275,38,69,31,2,3,3,6,3,56,51,14
892,0,0,1,1,0,0,0,1,1,0,0,0,1,1,0,0.0,0.0,1,1,0,-1,-1,-1,16,0,4,86,80
893,118,219,83,93,10,72,72,77,77,0,72,72,77,77,0,0.015146873617209572,0.015214949453691413,79,79,0,5,2,2,3,9,64,27,4
894,32,134,50,82,32,46,46,42,42,0,32,36,50,50,0,0.003267640151128357,0.0035059055788147996,51,51,0,4,3,3,6,2,74,75,56
895,169,785,88,100,12,246,246,87,87,0,169,246,88,92,4,0.01664454201981007,0.02188638142891181,77,83,6,2,2,2,13,12,13,37,44
896,0,616,1,100,99,0,40,1,33,32,0,22,1,39,38,0.0,0.003165526396405596,1,49,48,2,-1,3,11,0,38,89,75
897,22,638,40,100,60,74,82,35,36,1,22,68,40,53,13,0.0011232513019503727,0.007522379931243405,39,61,22,2,3,3,14,3,25,51,77
898,100,100,64,64,0,100,100,49,49,0,100,100,64,64,0,0.03819054426631267,0.06841621566424998,92,100,8,1,1,1,8,15,42,19,9
899,0,102,1,75,74,0,12,1,28,27,0,2,1,26,25,0.0,0.0004765308553728854,1,33,32,4,-1,5,6,0,65,79,49
900,197,197,91,91,0,144,144,90,90,0,144,144,90,90,0,0.01943565131556554,0.01943565131556554,84,84,0,-1,2,2,6,15,59,19,76
901,205,821,92,100,8,136,136,98,98,0,136,136,98,98,0,0.03158718812757412,0.04360257326661901,91,96,5,2,2,2,4,15,77,16,39
902,90,706,58,100,42,178,188,76,79,3,88,188,57,90,33,0.00622893903808843,0.012730181422104225,57,74,17,2,2,2,10,6,0,41,48
903,232,334,94,99,5,72,72,80,80,0,72,72,80,80,0,0.03315293236665646,0.03318697028489737,90,90,0,4,2,2,3,27,76,10,4
904,88,704,61,100,39,104,104,73,73,0,88,104,68,78,10,0.008543517478471017,0.01232172640321318,63,74,11,2,2,2,5,4,52,72,29
905,100,100,68,68,0,100,100,57,57,0,100,100,68,68,0,0.0425814357193914,0.04288777698355969,96,96,0,4,1,1,8,20,39,23,42
906,6,622,30,100,70,12,30,30,38,8,6,28,30,48,18,0.0002042275094455223,0.004799346471969774,32,53,21,2,4,3,4,1,53,55,29
907,16,222,40,97,57,20,28,44,44,0,16,28,40,51,11,0.0009530617107457708,0.020354675108070392,35,83,48,3,3,3,3,1,94,4,11
908,0,206,1,88,87,0,37,1,28,27,0,6,1,27,26,0.0,0.000442492937131965,1,34,33,3,-1,4,17,0,20,98,42
909,6,6,28,28,0,44,44,33,33,0,6,6,28,28,0,0.00017018959120460194,0.00017018959120460194,30,30,0,-1,4,4,16,1,9,4,82
910,98,98,74,74,0,48,48,65,65,0,48,48,68,68,0,0.012662105585622384,0.012662105585622384,77,77,0,-1,3,3,3,9,66,27,69
911,2,618,26,100,74,8,48,26,36,10,2,24,26,45,19,3.4037918240920386e-05,0.004152626025392287,26,52,26,2,5,3,7,2,24,58,29
912,6,622,29,100,71,32,54,33,34,1,6,28,29,44,15,0.00013615167296368154,0.0040845501889104465,28,50,22,2,4,3,10,1,22,4,29
913,124,330,77,96,19,92,92,50,50,0,92,92,61,61,0,0.007760645358929848,0.008611593314952858,59,61,2,3,3,3,7,9,46,31,43
914,199,199,89,89,0,144,144,91,91,0,144,144,91,91,0,0.026379386636713298,0.026379386636713298,86,86,0,-1,2,2,6,20,74,23,91
915,28,28,49,49,0,34,34,39,39,0,28,28,49,49,0,0.0025188059498281084,0.0025188059498281084,47,47,0,-1,3,3,4,6,53,70,92
916,0,0,1,1,0,0,0,1,1,0,0,0,1,1,0,0.0,0.0,1,1,0,-1,-1,-1,14,1,17,69,59
917,86,188,74,92,18,48,48,66,66,0,48,48,67,67,0,0.007250076585316042,0.008951972497362062,63,67,4,4,3,3,3,6,76,13,75
918,40,40,49,49,0,160,160,73,73,0,40,40,49,49,0,0.0034037918240920387,0.0034037918240920387,50,50,0,-1,2,2,11,2,38,94,97
919,22,22,53,53,0,22,22,52,52,0,22,22,54,54,0,0.0020763130126961434,0.0020763130126961434,47,47,0,-1,3,3,2,2,86,52,91
920,6,6,33,33,0,12,12,37,37,0,6,6,33,33,0,0.0027911092957554717,0.0027911092957554717,48,48,0,-1,4,4,2,3,89,46,87
921,142,244,90,94,4,72,72,80,80,0,72,72,80,80,0,0.017359338302869398,0.017393376221110316,81,81,0,4,2,2,3,15,87,19,95
922,6,6,30,30,0,22,22,33,33,0,6,6,30,30,0,0.0002723033459273631,0.0002723033459273631,31,31,0,-1,4,4,5,1,63,4,97
923,94,710,63,100,37,104,104,73,73,0,94,104,69,78,9,0.007794683277170768,0.010075223799312433,59,68,9,2,2,2,5,6,52,26,53
924,18,224,48,93,45,38,38,55,55,0,18,38,47,57,10,0.0017359338302869397,0.014023622315259198,41,76,35,3,3,3,3,2,76,61,12
925,245,861,95,100,5,96,96,67,67,0,96,96,70,70,0,0.029578950951359814,0.0440791041219919,90,95,5,2,3,3,6,29,65,0,19
926,2,208,29,96,67,6,18,29,35,6,2,18,29,44,15,3.4037918240920386e-05,0.010755982164130842,27,76,49,3,5,4,3,1,75,95,6
927,88,88,74,74,0,48,48,72,72,0,48,48,74,74,0,0.015214949453691413,0.015214949453691413,79,79,0,-1,3,3,3,13,60,33,86
928,50,256,66,98,32,22,22,49,49,0,22,22,53,53,0,0.005241839409101739,0.009734844616903231,57,70,13,3,3,3,2,5,90,47,38
929,100,100,58,58,0,100,100,38,38,0,100,100,58,58,0,0.013410939786922631,0.018380475850097007,72,83,11,2,1,1,16,4,9,22,38
930,53,53,63,63,0,38,38,52,52,0,38,38,55,55,0,0.0068075836481840775,0.0068075836481840775,64,64,0,-1,3,3,3,8,66,57,50
931,22,228,47,92,45,34,34,43,43,0,22,34,47,51,4,0.0017018959120460194,0.006399128629293032,44,59,15,3,3,3,4,3,79,51,13
932,0,616,1,100,99,0,38,1,37,36,0,38,1,49,48,0.0,0.005241839409101739,1,55,54,2,-1,3,6,0,48,80,57
933,2,104,26,76,50,9,10,26,26,0,2,4,26,28,2,6.807583648184077e-05,0.00017018959120460194,28,30,2,4,5,5,8,1,15,78,60
934,58,264,62,97,35,54,54,60,60,0,54,54,62,62,0,0.00980292045338507,0.013751318969331836,69,77,8,3,3,3,4,6,78,77,13
935,188,394,88,96,8,120,120,79,79,0,120,120,81,81,0,0.021954457265393648,0.02219272269308009,85,85,0,3,2,2,6,20,44,23,56
936,0,206,1,86,85,0,31,1,32,31,0,12,1,34,33,0.0,0.0017018959120460194,1,38,37,3,-1,4,8,1,27,50,52
937,0,206,1,88,87,0,40,1,34,33,0,6,1,28,27,0.0,0.001497668402600497,1,41,40,3,-1,4,8,0,15,93,53
938,134,340,87,98,11,96,96,87,87,0,96,96,87,87,0,0.01405766023350012,0.0158616699002689,77,80,3,3,2,2,3,7,87,21,90
939,34,136,56,89,33,22,22,49,49,0,22,22,53,53,0,0.006399128629293032,0.007182000748834201,62,66,4,4,3,3,2,4,90,38,71
940,182,798,85,100,15,316,316,92,92,0,182,221,85,91,6,0.013581129378127233,0.017257224548146634,72,77,5,2,2,2,15,6,7,77,22
941,86,702,54,100,46,180,184,64,65,1,86,126,54,82,28,0.003710133088260322,0.00793083495013445,49,61,12,2,2,2,16,3,4,43,26
942,300,402,96,99,3,376,376,98,98,0,300,300,96,96,0,0.02542632492596753,0.02552843868069029,90,90,0,4,2,2,16,16,9,18,60
943,22,638,45,100,55,50,60,46,50,4,22,60,45,61,16,0.0023486163586235067,0.00970080669866231,46,68,22,2,3,3,5,2,80,52,13
944,154,256,91,95,4,48,48,73,73,0,48,48,75,75,0,0.021341774737057083,0.021443888491779844,84,84,0,4,3,3,3,19,92,15,63
945,16,222,37,90,53,52,52,43,43,0,16,30,37,46,9,0.0007147962830593281,0.003437829742332959,36,48,12,3,3,3,6,1,41,49,73
946,0,206,1,88,87,0,24,1,29,28,0,12,1,34,33,0.0,0.001157289220191293,1,39,38,3,-1,4,8,0,15,97,74
947,56,56,59,59,0,32,32,58,58,0,32,32,60,60,0,0.006671431975220395,0.006671431975220395,59,59,0,-1,3,3,2,6,91,13,98
948,40,656,45,99,54,196,216,70,72,2,40,135,45,79,34,0.004595118962524252,0.014364001497668403,53,73,20,2,2,2,17,1,20,90,19
949,0,102,1,77,76,0,15,1,28,27,0,3,1,29,28,0.0,0.00030634126416828345,1,34,33,4,-1,5,9,0,35,86,56
950,0,616,1,100,99,0,88,1,50,49,0,88,1,64,63,0.0,0.024234997787535316,1,86,85,2,-1,3,8,0,57,82,10
951,0,101,1,77,76,0,10,1,25,24,0,1,1,25,24,0.0,0.0,1,1,0,5,-1,6,10,0,1,81,68
952,24,1664,47,100,53,44,88,49,70,21,24,88,47,70,23,0.0015317063208414173,0.046904251335988294,43,96,53,1,3,2,4,4,53,64,10
953,80,286,59,95,36,128,128,72,72,0,80,86,59,59,0,0.009088124170325743,0.010926171755335444,69,70,1,3,2,2,9,6,35,34,53
954,58,58,57,57,0,78,78,68,68,0,58,58,60,60,0,0.005718370264474625,0.005718370264474625,56,56,0,-1,2,2,4,3,83,54,81
955,248,248,94,94,0,168,168,99,99,0,168,168,99,99,0,0.03625038292658021,0.03625038292658021,97,97,0,-1,2,2,6,15,56,16,76
956,0,0,1,1,0,0,0,1,1,0,0,0,1,1,0,0.0,0.0,1,1,0,-1,-1,-1,4,1,72,69,80
957,455,455,99,99,0,280,280,98,98,0,280,280,98,98,0,0.03703325504612138,0.03703325504612138,94,94,0,-1,2,2,10,29,0,11,69
958,154,770,86,100,14,94,94,68,68,0,94,94,73,73,0,0.014329963579427483,0.016916845365737433,78,81,3,2,2,2,5,14,61,32,70
959,0,1640,1,100,99,0,142,1,59,58,0,130,1,84,83,0.0,0.019639878825011062,1,81,80,1,-1,2,16,0,4,87,6
960,54,670,55,100,45,64,64,60,60,0,54,64,55,62,7,0.007590455767725246,0.013989584397018279,61,76,15,2,3,3,4,4,83,72,48
961,0,0,1,1,0,0,0,1,1,0,0,0,1,1,0,0.0,0.0,1,1,0,-1,-1,-1,14,0,16,98,85
962,204,306,92,97,5,120,120,86,86,0,120,120,86,86,0,0.02021852343510671,0.020524864699274992,85,85,0,4,2,2,6,16,65,12,56
963,0,206,1,94,93,0,8,1,32,31,0,8,1,37,36,0.0,0.003880322679464924,1,53,52,3,-1,4,2,0,90,67,13
964,125,725,82,100,18,84,84,74,74,0,84,84,75,75,0,0.017869907076483203,0.03458252493277511,81,92,11,2,2,2,5,12,45,37,1
965,94,300,77,98,21,72,72,77,77,0,72,72,79,79,0,0.00966676878042139,0.017087034956942034,70,80,10,3,2,2,3,5,96,47,17
966,70,686,60,100,40,110,110,76,76,0,70,86,59,65,6,0.011334626774226489,0.0141938119064638,71,77,6,2,2,2,6,5,59,25,46
967,36,242,53,95,42,28,28,43,43,0,28,28,50,50,0,0.0038462847612240037,0.004765308553728854,52,54,2,3,3,3,3,6,66,41,88
968,0,616,1,100,99,0,64,1,40,39,0,40,1,47,46,0.0,0.006331052792811192,1,57,56,2,-1,3,8,0,42,93,62
969,22,22,42,42,0,42,42,38,38,0,22,22,42,42,0,0.002382654276864427,0.002382654276864427,44,44,0,-1,3,3,6,2,65,83,87
970,217,1857,89,100,11,160,184,86,93,7,160,184,88,94,6,0.017052997038701112,0.04523639334218319,79,97,18,1,2,2,7,15,24,19,12
971,104,720,72,100,28,136,136,77,77,0,104,136,73,82,9,0.007794683277170768,0.01776779332176044,61,83,22,2,2,2,7,5,24,47,77
972,207,307,93,96,3,152,152,95,95,0,152,152,95,95,0,0.028455699649409444,0.028455699649409444,90,90,0,5,2,2,5,20,63,23,58
973,180,796,90,100,10,120,120,90,90,0,120,120,90,90,0,0.022567139793730217,0.03264236359304265,82,92,10,2,2,2,6,17,69,6,39
974,0,206,1,92,91,0,33,1,33,32,0,33,1,48,47,0.0,0.004731270635487933,1,53,52,3,-1,4,9,0,35,86,31
975,0,616,1,100,99,0,58,1,35,34,0,38,1,49,48,0.0,0.005854521937438306,1,57,56,2,-1,3,10,0,36,85,34
976,50,650,52,100,48,124,124,60,60,0,44,124,51,82,31,0.003982436434187685,0.013853432724054596,52,73,21,2,3,3,14,6,17,41,5
977,86,86,66,66,0,70,70,56,56,0,70,70,63,63,0,0.006058749446883829,0.006058749446883829,58,58,0,-1,3,3,5,6,37,13,59
978,92,1692,69,100,31,80,80,65,65,0,80,80,68,68,0,0.00888389666088022,0.047074440927192894,66,99,33,1,2,2,6,7,69,48,3
979,0,0,1,1,0,0,0,1,1,0,0,0,1,1,0,0.0,0.0,1,1,0,-1,-1,-1,15,0,7,66,97
980,150,150,90,90,0,72,72,87,87,0,72,72,87,87,0,0.027706865448109193,0.027706865448109193,89,89,0,-1,2,2,3,17,55,6,67
981,214,316,92,99,7,102,102,93,93,0,102,102,93,93,0,0.02644746247319514,0.02719629667449539,88,88,0,4,2,2,4,16,84,12,71
982,0,0,1,1,0,0,0,1,1,0,0,0,1,1,0,0.0,0.0,1,1,0,-1,-1,-1,5,0,80,96,97
983,8,624,37,100,63,18,28,38,43,5,8,28,37,53,16,0.0004765308553728854,0.01153885428367201,37,74,37,2,4,3,3,2,76,56,8
984,0,616,1,100,99,0,58,1,35,34,0,22,1,40,39,0.0,0.0033016780693692774,1,50,49,2,-1,3,10,0,18,93,29
985,0,0,1,1,0,0,0,1,1,0,0,0,1,1,0,0.0,0.0,1,1,0,-1,-1,-1,3,0,85,91,50
986,74,74,66,66,0,78,78,72,72,0,78,78,75,75,0,0.007828721195411689,0.007828721195411689,63,63,0,-1,2,2,4,6,47,26,36
987,0,616,1,100,99,0,45,1,36,35,0,37,1,50,49,0.0,0.007794683277170768,1,62,61,2,-1,3,8,0,10,84,34
988,152,768,86,100,14,256,256,90,90,0,152,256,86,93,7,0.01596378365499166,0.026923993328568024,76,88,12,2,2,2,13,9,13,39,19
989,100,100,66,66,0,100,100,45,45,0,100,100,66,66,0,0.03543347288879812,0.04200279110929576,91,95,4,2,1,1,10,18,1,30,21
990,228,228,92,92,0,176,176,87,87,0,176,176,89,89,0,0.02396269444160795,0.02396269444160795,85,85,0,-1,2,2,8,17,57,6,66
991,0,0,1,1,0,0,0,1,1,0,0,0,1,1,0,0.0,0.0,1,1,0,-1,-1,-1,8,0,15,93,84
992,0,206,1,89,88,0,13,1,29,28,0,6,1,29,28,0.0,0.000442492937131965,1,33,32,3,-1,4,6,0,71,91,49
993,40,40,47,47,0,128,128,70,70,0,40,40,47,47,0,0.0030634126416828346,0.0030634126416828346,49,49,0,-1,2,2,9,1,29,53,82
994,0,616,1,100,99,0,28,1,44,43,0,28,1,48,47,0.0,0.0156914803090643,1,79,78,2,-1,3,3,0,60,40,5
995,72,173,69,92,23,56,56,86,86,0,56,56,86,86,0,0.02658361414615882,0.02668572790088158,89,89,0,5,2,2,2,6,95,35,55
996,6,6,27,27,0,29,29,29,29,0,6,6,27,27,0,0.0002042275094455223,0.0002042275094455223,30,30,0,-1,4,4,14,1,8,55,93
997,74,74,68,68,0,72,72,77,77,0,72,72,79,79,0,0.008475441641989176,0.008475441641989176,65,65,0,-1,2,2,3,6,96,26,92
998,0,616,1,99,98,0,76,1,40,39,0,59,1,55,54,0.0,0.009054086252084823,1,63,62,2,-1,3,11,0,19,87,33
999,6,622,29,100,71,32,54,33,34,1,6,22,29,38,9,0.0002382654276864427,0.0027911092957554717,32,50,18,2,4,3,10,1,11,4,94
