,FreeNet_pre_score,FreeNet_post_score,FreeNet_pre_rank,FreeNet_post_rank,FreeNet_delta_ranks,Reversed_pre_score,Reversed_post_score,Reversed_pre_rank,Reversed_post_rank,Reversed_delta_ranks,Independent_pre_score,Independent_post_score,Independent_pre_rank,Independent_post_rank,Independent_delta_ranks,Random_pre_score,Random_post_score,Random_pre_rank,Random_post_rank,Random_delta_ranks,dist_victim_relayer,dist_victim_vilain_pre,dist_victim_vilain_post,out_deg_victim,in_deg_villain,victim,villain,relayer
0,48,48,51,51,0,122,122,62,62,0,48,48,51,51,0,0.0030634126416828346,0.0030634126416828346,50,50,0,-1,3,3,12,6,2,70,91
1,0,206,1,89,88,0,24,1,30,29,0,14,1,32,31,0.0,0.002110350930937064,1,43,42,3,-1,4,6,1,40,50,70
2,0,616,1,100,99,0,26,1,43,42,0,26,1,51,50,0.0,0.005412029000306341,1,55,54,2,-1,3,4,0,84,86,35
3,22,22,43,43,0,58,58,39,39,0,22,22,43,43,0,0.0012934408931549745,0.0012934408931549745,40,40,0,-1,3,3,8,2,30,74,69
4,344,944,94,100,6,176,176,88,88,0,176,176,88,88,0,0.031655263964055956,0.04738078219136117,91,99,8,2,2,2,8,27,27,10,9
5,100,100,60,60,0,100,100,52,52,0,100,100,60,60,0,0.026004969536063176,0.026004969536063176,89,89,0,-1,1,1,9,13,29,24,59
6,0,616,1,100,99,0,58,1,35,34,0,50,1,53,52,0.0,0.008509479560230097,1,67,66,2,-1,3,10,0,36,96,8
7,105,206,83,92,9,64,64,68,68,0,64,64,70,70,0,0.010075223799312433,0.010075223799312433,70,70,0,5,3,3,4,13,78,24,95
8,100,100,60,60,0,100,100,40,40,0,100,100,60,60,0,0.029919330133769018,0.03008951972497362,91,91,0,4,1,1,14,18,25,5,88
9,0,0,1,1,0,0,0,1,1,0,0,0,1,1,0,0.0,0.0,1,1,0,-1,-1,-1,12,0,3,59,89
10,0,1640,1,100,99,0,90,1,64,63,0,90,1,68,67,0.0,0.03897341638585384,1,95,94,1,-1,2,6,1,34,50,10
11,122,722,79,100,21,176,176,74,74,0,122,176,79,84,5,0.009190237925048503,0.016133973246196264,64,73,9,2,2,2,12,8,2,44,17
12,2,208,26,88,62,12,40,27,33,6,2,10,26,33,7,0.00010211375472276115,0.0014636304843595766,29,41,12,3,5,4,10,1,11,78,61
13,0,0,1,1,0,0,0,1,1,0,0,0,1,1,0,0.0,0.0,1,1,0,-1,-1,-1,11,0,5,97,91
14,16,632,36,100,64,28,46,34,44,10,16,46,36,50,14,0.0007147962830593281,0.006126825283365669,36,56,20,2,3,3,5,1,52,4,28
15,88,1728,65,100,35,66,110,51,78,27,66,110,62,80,18,0.011709043874876613,0.03985840226011777,72,95,23,1,3,2,6,8,34,8,39
16,46,662,48,100,52,96,140,42,64,22,46,140,48,81,33,0.0025188059498281084,0.012662105585622384,44,72,28,2,2,2,11,2,33,74,14
17,66,682,62,100,38,54,54,54,54,0,54,54,58,58,0,0.005037611899656217,0.009428503352734947,57,68,11,2,3,3,4,6,47,28,41
18,40,40,49,49,0,118,118,64,64,0,40,40,49,49,0,0.005446066918547262,0.005446066918547262,54,54,0,-1,2,2,9,1,54,90,59
19,116,732,76,100,24,120,120,78,78,0,120,120,78,78,0,0.014432077334150244,0.04397699036726914,75,95,20,2,2,2,6,8,41,20,3
20,100,100,62,62,0,100,100,43,43,0,100,100,62,62,0,0.02811532046700024,0.03349331154906566,90,92,2,2,1,1,12,8,14,8,72
21,100,100,70,70,0,100,100,73,73,0,100,100,74,74,0,0.024371149460498995,0.02661765206439974,86,88,2,3,1,1,6,1,71,60,29
22,121,121,79,79,0,180,180,76,76,0,121,121,79,79,0,0.007182000748834201,0.007182000748834201,59,59,0,-1,2,2,11,8,33,57,84
23,26,128,45,79,34,56,56,44,44,0,26,29,45,46,1,0.0038462847612240037,0.004152626025392287,48,49,1,4,3,3,6,6,56,73,63
24,66,1706,69,100,31,38,72,59,85,26,38,72,62,85,23,0.006773545729943157,0.04098165356206814,61,95,34,1,3,2,3,6,92,13,45
25,94,710,70,100,30,68,78,72,77,5,68,78,74,77,3,0.012730181422104225,0.023179822322066782,71,87,16,2,2,2,4,9,67,31,39
26,48,48,69,69,0,46,46,87,87,0,46,46,88,88,0,0.0176997174852786,0.0176997174852786,82,82,0,-1,2,2,2,6,97,73,91
27,386,1002,98,100,2,184,184,97,97,0,184,184,98,98,0,0.036760951700194014,0.04649579631709724,93,97,4,2,2,2,7,30,62,7,77
28,100,100,59,59,0,100,100,45,45,0,100,100,59,59,0,0.05262262160046292,0.05262262160046292,98,98,0,4,1,1,10,30,0,7,55
29,0,616,1,100,99,0,68,1,40,39,0,68,1,57,56,0.0,0.019980258007420267,1,84,83,2,-1,3,8,0,42,91,0
30,0,206,1,92,91,0,68,1,34,33,0,46,1,52,51,0.0,0.005071649817897137,1,55,54,3,-1,4,12,0,6,67,31
31,304,920,94,100,6,128,128,93,93,0,128,128,93,93,0,0.03158718812757412,0.04013070560604513,88,93,5,2,2,2,5,22,80,9,32
32,79,695,66,100,34,78,88,73,76,3,78,88,73,76,3,0.007794683277170768,0.02917049593246877,64,88,24,2,2,2,4,6,79,28,10
33,0,206,1,96,95,0,9,1,32,31,0,6,1,32,31,0.0,0.000442492937131965,1,34,33,3,-1,4,3,0,75,59,88
34,0,1640,1,100,99,0,110,1,79,78,0,110,1,82,81,0.0,0.03979032642363593,1,92,91,1,-1,2,6,0,48,86,1
35,6,107,32,82,50,14,14,32,32,0,6,7,32,34,2,0.0009190237925048504,0.0009190237925048504,37,37,0,5,4,4,3,2,96,42,65
36,170,786,90,100,10,120,120,85,85,0,120,120,85,85,0,0.019469689233806462,0.026175159127267776,84,89,5,2,2,2,6,17,48,6,31
37,108,724,79,100,21,60,60,55,55,0,60,60,60,60,0,0.012832295176826986,0.031655263964055956,73,90,17,2,3,3,5,8,70,8,7
38,16,16,34,34,0,76,76,39,39,0,16,16,34,34,0,0.0012934408931549745,0.0012934408931549745,40,40,0,-1,3,3,11,1,33,71,91
39,158,364,85,98,13,192,192,93,93,0,192,192,94,94,0,0.01929949964260186,0.020661016372238675,81,84,3,3,2,2,9,12,23,37,43
40,22,22,39,39,0,154,154,65,65,0,22,22,39,39,0,0.0018040096667687805,0.0018040096667687805,40,40,0,-1,3,3,14,2,17,52,80
41,150,766,83,100,17,232,262,80,86,6,150,262,83,90,7,0.014432077334150244,0.027877055039313797,74,89,15,2,2,2,14,8,17,20,30
42,0,0,1,1,0,0,0,1,1,0,0,0,1,1,0,0.0,0.0,1,1,0,-1,-1,-1,2,0,89,67,93
43,0,206,1,91,90,0,32,1,33,32,0,8,1,35,34,0.0,0.0029612988869600733,1,49,48,3,-1,4,6,1,44,45,29
44,202,202,93,93,0,104,104,86,86,0,104,104,86,86,0,0.02566459035365397,0.02566459035365397,88,88,0,-1,2,2,5,19,45,15,40
45,338,338,96,96,0,168,168,96,96,0,168,168,96,96,0,0.03240409816535621,0.03240409816535621,91,91,0,-1,2,2,6,29,40,0,80
46,16,222,36,93,57,28,32,34,36,2,16,22,36,42,6,0.0007147962830593281,0.0014636304843595766,36,41,5,3,3,3,5,1,52,4,71
47,12,1652,33,100,67,48,104,35,56,21,12,104,33,75,42,0.0009190237925048504,0.019469689233806462,39,81,42,1,4,2,10,3,12,51,32
48,0,206,1,92,91,0,23,1,31,30,0,7,1,33,32,0.0,0.0012934408931549745,1,38,37,3,-1,4,6,1,59,45,61
49,6,622,29,99,70,27,78,30,36,6,6,35,29,47,18,0.0002382654276864427,0.003710133088260322,31,52,21,2,4,3,12,1,14,65,22
50,16,222,41,94,53,28,28,48,48,0,16,22,42,47,5,0.0030974505599237552,0.0035739814152966403,49,50,1,3,3,3,3,3,55,46,49
51,266,472,95,99,4,240,240,98,98,0,240,240,98,98,0,0.023894618605126112,0.027672827529868275,86,88,2,3,2,2,9,16,23,18,28
52,57,263,65,97,32,28,28,45,45,0,28,28,49,49,0,0.007488342013002485,0.012696143503863304,63,73,10,3,3,3,3,8,60,44,72
53,100,100,66,66,0,100,100,45,45,0,100,100,66,66,0,0.03543347288879812,0.03989244017835869,91,95,4,2,1,1,10,18,1,30,73
54,252,868,93,100,7,158,158,95,95,0,158,158,95,95,0,0.025154021580040164,0.031178733108683073,87,89,2,2,2,2,6,16,40,18,34
55,29,235,48,92,44,40,40,44,44,0,29,40,48,50,2,0.004220701861874128,0.016440314510364547,51,78,27,3,3,3,5,4,88,22,30
56,0,0,1,1,0,0,0,1,1,0,0,0,1,1,0,0.0,0.0,1,1,0,-1,-1,-1,6,0,48,81,40
57,100,100,73,73,0,100,100,82,82,0,100,100,82,82,0,0.05367779706593145,0.05367779706593145,99,99,0,-1,1,1,5,18,88,5,67
58,0,616,1,99,98,0,76,1,35,34,0,39,1,47,46,0.0,0.004016474352428605,1,53,52,2,-1,3,12,0,6,84,22
59,0,616,1,100,99,0,74,1,44,43,0,74,1,57,56,0.0,0.011845195547840293,1,75,74,2,-1,3,8,0,42,97,14
60,100,100,61,61,0,100,100,43,43,0,100,100,61,61,0,0.04949113312229824,0.04996766397767113,99,99,0,4,1,1,12,27,2,10,42
61,56,672,58,100,42,54,54,53,53,0,54,54,57,57,0,0.004935498144933456,0.02927260968719153,55,90,35,2,3,3,4,6,79,35,11
62,8,8,35,35,0,32,32,37,37,0,8,8,35,35,0,0.00034037918240920387,0.00034037918240920387,34,34,0,-1,4,4,6,2,32,56,76
63,100,100,60,60,0,100,100,40,40,0,100,100,60,60,0,0.032948704857210936,0.047414820109602095,92,98,6,1,1,1,14,17,25,6,24
64,8,8,38,38,0,12,12,37,37,0,8,8,38,38,0,0.001055175465468532,0.001055175465468532,38,38,0,-1,4,4,2,2,99,74,85
65,133,133,87,87,0,72,72,84,84,0,72,72,84,84,0,0.01940161339732462,0.01940161339732462,83,83,0,-1,2,2,3,14,81,32,76
66,0,206,1,93,92,0,18,1,34,33,0,8,1,36,35,0.0,0.0033357159876101976,1,48,47,3,-1,4,3,0,58,59,29
67,0,0,1,1,0,0,0,1,1,0,0,0,1,1,0,0.0,0.0,1,1,0,-1,-1,-1,3,0,66,36,84
68,312,414,96,98,2,168,168,96,96,0,168,168,96,96,0,0.03601211749889377,0.03638653459954389,92,92,0,4,2,2,6,22,32,9,49
69,104,720,76,100,24,124,134,89,89,0,104,134,80,90,10,0.012525953912658701,0.028932230504782327,72,89,17,2,2,2,6,5,74,25,23
70,40,40,47,47,0,130,130,61,61,0,40,40,47,47,0,0.0014636304843595766,0.0014636304843595766,41,41,0,-1,2,2,16,2,9,42,82
71,108,314,78,95,17,62,62,46,46,0,62,62,59,59,0,0.011130399264780965,0.014500153170632085,70,75,5,3,3,3,7,8,62,8,35
72,32,32,47,47,0,60,60,41,41,0,32,32,47,47,0,0.0016338200755641784,0.0016338200755641784,42,42,0,-1,3,3,8,3,39,51,50
73,0,101,1,74,73,0,12,1,25,24,0,1,1,25,24,0.0,0.00010211375472276115,1,29,28,5,-1,6,12,0,3,87,78
74,0,206,1,88,87,0,37,1,33,32,0,42,1,49,48,0.0,0.005241839409101739,1,53,52,3,-1,4,9,0,54,87,31
75,56,262,63,95,32,48,48,66,66,0,48,48,67,67,0,0.005173763572619898,0.010143299635794275,60,70,10,3,3,3,3,6,76,28,72
76,6,622,27,100,73,24,74,29,37,8,6,54,27,53,26,6.807583648184077e-05,0.00789679703189353,28,60,32,2,4,3,12,1,2,95,17
77,188,188,92,92,0,48,48,63,63,0,48,48,64,64,0,0.0230436706491031,0.0230436706491031,86,86,0,-1,3,3,3,19,82,15,59
78,80,80,64,64,0,76,76,59,59,0,76,76,66,66,0,0.008169100377820893,0.008169100377820893,64,64,0,-1,3,3,6,9,34,31,84
79,264,864,95,100,5,222,222,91,91,0,222,222,92,92,0,0.020014295925661188,0.028149358385241158,83,88,5,2,2,2,10,18,1,5,20
80,154,360,89,99,10,64,64,68,68,0,64,64,71,71,0,0.021920419347152727,0.029340685523673374,84,89,5,3,3,3,4,19,72,15,33
81,68,274,55,95,40,212,212,78,78,0,68,75,55,55,0,0.007828721195411689,0.008441403723748256,63,64,1,3,2,2,13,4,13,72,63
82,16,632,34,100,66,28,46,34,45,11,16,46,34,51,17,0.0006467204465774873,0.005377991082065421,35,53,18,2,3,3,5,1,50,88,28
83,56,56,65,65,0,22,22,49,49,0,22,22,50,50,0,0.010109261717553355,0.010109261717553355,69,69,0,-1,3,3,2,6,93,77,89
84,0,0,1,1,0,0,0,1,1,0,0,0,1,1,0,0.0,0.0,1,1,0,-1,-1,-1,3,0,66,85,80
85,100,100,64,64,0,100,100,49,49,0,100,100,64,64,0,0.04251335988290956,0.042479321964668644,96,96,0,4,1,1,8,15,42,16,60
86,430,2070,100,100,0,168,192,96,98,2,168,192,96,98,2,0.04864018516627523,0.07427073760168829,96,100,4,1,2,2,6,40,32,3,6
87,32,648,50,100,50,46,56,42,45,3,32,62,50,58,8,0.003267640151128357,0.009632730862180468,51,67,16,2,3,3,6,2,74,75,72
88,0,616,1,100,99,0,60,1,37,36,0,48,1,54,53,0.0,0.007726607440688927,1,63,62,2,-1,3,9,0,28,79,17
89,0,616,1,100,99,0,18,1,46,45,0,18,1,49,48,0.0,0.01245787807617686,1,75,74,2,-1,3,2,0,95,91,6
90,0,0,1,1,0,0,0,1,1,0,0,0,1,1,0,0.0,0.0,1,1,0,-1,-1,-1,9,0,23,81,92
91,472,2072,98,100,2,448,448,99,99,0,448,448,99,99,0,0.03369753905851118,0.0514312944620307,92,98,6,1,2,2,16,22,4,9,6
92,6,6,29,29,0,26,26,32,32,0,6,6,29,29,0,0.00030634126416828345,0.00030634126416828345,34,34,0,-1,4,4,7,1,24,60,45
93,64,680,57,100,43,66,86,50,62,12,64,86,59,66,7,0.006297014874570271,0.03277851526600633,57,94,37,2,3,3,6,4,56,72,23
94,0,206,1,92,91,0,22,1,33,32,0,22,1,47,46,0.0,0.0051397256543789785,1,56,55,3,-1,4,5,0,70,98,44
95,0,102,1,82,81,0,6,1,28,27,0,3,1,30,29,0.0,0.0008169100377820892,1,38,37,4,-1,5,3,0,85,67,61
96,101,101,74,74,0,64,64,60,60,0,64,64,63,63,0,0.01589570781850982,0.01589570781850982,79,79,0,-1,3,3,4,12,83,37,99
97,76,692,63,100,37,134,134,72,72,0,76,134,63,81,18,0.009836958371625992,0.016236087000919025,70,77,7,2,3,3,9,6,31,77,24
98,0,0,1,1,0,0,0,1,1,0,0,0,1,1,0,0.0,0.0,1,1,0,-1,-1,-1,9,0,23,40,80
99,144,246,83,95,12,64,64,59,59,0,64,64,63,63,0,0.012730181422104225,0.01327478811395895,75,76,1,4,3,3,4,14,53,32,42
100,100,100,76,76,0,100,100,90,90,0,100,100,90,90,0,0.06283399707273903,0.07188808332482385,99,99,0,2,1,1,4,20,72,23,17
101,0,616,1,100,99,0,28,1,43,42,0,28,1,53,52,0.0,0.021341774737057083,1,85,84,2,-1,3,3,1,76,50,10
102,218,218,91,91,0,312,312,91,91,0,218,218,91,91,0,0.019810068416215663,0.019810068416215663,83,83,0,-1,2,2,15,12,7,37,69
103,0,616,1,100,99,0,118,1,58,57,0,94,1,55,54,0.0,0.010721944245889922,1,60,59,2,-1,3,16,0,9,89,19
104,96,96,67,67,0,128,128,76,76,0,96,96,67,67,0,0.008611593314952858,0.008611593314952858,66,66,0,-1,3,3,8,7,57,21,85
105,143,759,83,100,17,70,70,56,56,0,70,70,63,63,0,0.013376901868681712,0.04098165356206814,75,94,19,2,3,3,5,14,37,32,3
106,112,318,75,99,24,284,284,81,81,0,112,120,75,77,2,0.00803294870485721,0.009224275843289425,58,59,1,3,2,2,16,4,9,38,83
107,290,906,95,100,5,134,134,91,91,0,134,134,92,92,0,0.03151911229109228,0.039313795568263046,93,96,3,2,2,2,6,27,71,10,31
108,60,60,60,60,0,68,68,71,71,0,59,59,66,66,0,0.006126825283365669,0.006126825283365669,58,58,0,-1,2,2,4,6,47,41,98
109,62,1702,66,100,34,38,62,51,79,28,38,62,54,80,26,0.008169100377820893,0.048504033493311546,63,97,34,1,3,2,3,8,94,44,34
110,16,632,40,100,60,94,114,51,72,21,16,114,40,79,39,0.0020422750944552232,0.017597603730555838,43,81,38,2,3,3,9,1,26,53,37
111,0,206,1,93,92,0,18,1,31,30,0,18,1,42,41,0.0,0.005956635692161067,1,57,56,3,-1,4,5,0,45,86,24
112,0,0,1,1,0,0,0,1,1,0,0,0,1,1,0,0.0,0.0,1,1,0,-1,-1,-1,6,0,34,92,76
113,100,100,68,68,0,100,100,57,57,0,100,100,68,68,0,0.0425814357193914,0.05514142755029102,96,98,2,2,1,1,8,20,39,23,5
114,0,616,1,100,99,0,40,1,38,37,0,40,1,52,51,0.0,0.015283025290173252,1,77,76,2,-1,3,5,0,63,87,16
115,121,327,84,99,15,62,62,82,82,0,62,62,82,82,0,0.018142210422410564,0.021546002246502605,78,85,7,3,2,2,3,13,81,33,28
116,46,662,52,100,48,72,104,44,65,21,46,104,52,78,26,0.003812246842983083,0.012662105585622384,49,71,22,2,2,2,9,2,26,63,20
117,32,32,40,40,0,100,100,40,40,0,32,32,40,40,0,0.00088498587426393,0.00088498587426393,36,36,0,-1,3,3,15,2,7,63,67
118,100,100,69,69,0,100,100,57,57,0,100,100,69,69,0,0.038224582184553595,0.038258620102794516,94,94,0,5,1,1,8,12,57,37,95
119,0,616,1,99,98,0,84,1,38,37,0,44,1,52,51,0.0,0.005990673610401988,1,58,57,2,-1,3,12,0,6,81,38
120,52,258,64,97,33,22,22,52,52,0,22,22,55,55,0,0.008305252050784574,0.009394465434494027,66,66,0,3,3,3,2,9,98,31,52
121,226,1866,89,100,11,224,248,85,88,3,224,248,89,91,2,0.019946220089179345,0.04823173014738419,84,98,14,1,2,2,11,18,5,30,7
122,183,183,87,87,0,222,222,92,92,0,183,183,86,86,0,0.02038871302631131,0.02038871302631131,82,82,0,-1,2,2,10,12,12,37,98
123,42,248,62,100,38,22,22,55,55,0,22,22,57,57,0,0.008441403723748256,0.012049423057285817,67,73,6,3,3,3,2,7,97,21,90
124,40,1680,47,100,53,70,168,40,71,31,40,168,47,86,39,0.002144388849177984,0.03335715987610198,45,90,45,1,2,2,10,1,0,88,7
125,77,283,65,93,28,124,124,68,68,0,77,83,65,65,0,0.00789679703189353,0.008339289969025495,65,66,1,3,3,3,9,8,31,44,49
126,100,100,72,72,0,100,100,79,79,0,100,100,80,80,0,0.06034922904115184,0.06034922904115184,99,99,0,-1,1,1,5,27,37,10,82
127,0,102,1,74,73,0,11,1,27,26,0,2,1,25,24,0.0,0.00017018959120460194,1,32,31,4,-1,5,8,0,10,96,55
128,0,616,1,100,99,0,68,1,44,43,0,68,1,58,57,0.0,0.009564655025698629,1,69,68,2,-1,3,7,1,43,50,48
129,0,206,1,95,94,0,12,1,40,39,0,12,1,40,39,0.0,0.008271214132543654,1,64,63,3,-1,4,2,0,95,87,24
130,254,355,95,97,2,224,224,98,98,0,224,224,98,98,0,0.024507301133462677,0.024507301133462677,86,86,0,5,2,2,8,18,21,30,68
131,224,430,93,98,5,204,204,85,85,0,204,204,93,93,0,0.020967357636406957,0.022226760611321013,82,83,1,3,2,2,11,17,19,6,51
132,16,1656,34,100,66,102,186,56,69,13,16,186,34,87,53,0.0033016780693692774,0.03008951972497362,50,92,42,1,3,2,12,1,14,90,9
133,0,206,1,92,91,0,14,1,30,29,0,8,1,34,33,0.0,0.001497668402600497,1,41,40,3,-1,4,5,0,70,96,83
134,237,237,95,95,0,72,72,80,80,0,72,72,80,80,0,0.03332312195786106,0.03332312195786106,93,93,0,-1,2,2,3,29,66,11,96
135,274,474,96,100,4,144,144,88,88,0,144,144,89,89,0,0.03090642976275571,0.032029681064706085,91,91,0,3,2,2,6,22,34,9,43
136,88,704,60,100,40,208,228,74,77,3,88,228,60,90,30,0.007658531604207087,0.01606589740971442,62,75,13,2,2,2,14,7,17,62,32
137,135,135,87,87,0,32,32,58,58,0,32,32,59,59,0,0.01872085503250621,0.01872085503250621,85,85,0,-1,3,3,2,16,68,18,82
138,66,682,61,100,39,54,54,56,56,0,54,54,57,57,0,0.006535280302256714,0.023179822322066782,55,86,31,2,3,3,4,6,67,13,15
139,100,100,59,59,0,100,100,40,40,0,100,100,59,59,0,0.03478675244222063,0.04738078219136117,93,98,5,1,1,1,15,15,7,16,21
140,108,108,86,86,0,32,32,69,69,0,32,32,69,69,0,0.015283025290173252,0.015283025290173252,77,77,0,-1,3,3,2,14,93,14,50
141,0,1640,1,100,99,0,58,1,67,66,0,58,1,69,68,0.0,0.030634126416828347,1,90,89,1,-1,2,4,0,78,76,44
142,100,100,69,69,0,100,100,55,55,0,100,100,69,69,0,0.03179141563701964,0.03179141563701964,91,91,0,-1,1,1,8,8,30,17,87
143,0,206,1,89,88,0,16,1,26,25,0,10,1,32,31,0.0,0.0026889955410327104,1,45,44,3,-1,4,6,0,40,59,73
144,112,112,84,84,0,78,78,75,75,0,78,78,76,76,0,0.016270124919159943,0.016270124919159943,80,80,0,-1,2,2,4,8,73,8,67
145,0,616,1,100,99,0,132,1,60,59,0,125,1,75,74,0.0,0.0156914803090643,1,77,76,2,-1,3,15,1,7,50,18
146,2,618,27,100,73,5,54,27,54,27,2,54,27,57,30,6.807583648184077e-05,0.014227849824704722,28,77,49,2,5,3,4,1,53,78,39
147,0,0,1,1,0,0,0,1,1,0,0,0,1,1,0,0.0,0.0,1,1,0,-1,-1,-1,12,0,2,98,50
148,46,46,49,49,0,98,98,42,42,0,46,46,49,49,0,0.002552843868069029,0.002552843868069029,46,46,0,-1,2,2,12,3,2,51,85
149,37,243,58,96,38,22,22,49,49,0,22,22,53,53,0,0.0053099152455835805,0.024098846114571634,58,87,29,3,3,3,2,6,90,35,1
150,16,118,38,81,43,42,42,40,40,0,16,18,38,43,5,0.001157289220191293,0.0013615167296368155,39,40,1,4,3,3,6,1,74,71,88
151,6,212,32,91,59,24,24,40,40,0,6,24,32,50,18,0.0014295925661186562,0.01153885428367201,41,68,27,3,4,4,4,1,84,71,19
152,0,616,1,100,99,0,60,1,39,38,0,60,1,55,54,0.0,0.01497668402600497,1,76,75,2,-1,3,9,0,35,79,5
153,22,22,40,40,0,78,78,38,38,0,22,22,40,40,0,0.0011232513019503727,0.0011232513019503727,39,39,0,-1,3,3,12,2,6,74,45
154,22,228,49,92,43,54,54,55,55,0,22,54,49,59,10,0.004186663943633207,0.008475441641989176,53,65,12,3,3,3,4,3,84,29,13
155,2,104,28,81,53,6,6,30,30,0,2,6,28,31,3,0.0,0.001599782157323258,1,40,39,4,5,5,3,1,76,95,75
156,100,100,66,66,0,100,100,43,43,0,100,100,66,66,0,0.024507301133462677,0.024507301133462677,87,87,0,-1,1,1,11,9,33,31,84
157,208,824,88,100,12,256,256,97,97,0,208,256,89,97,8,0.020558902617515914,0.024779604479390042,82,86,4,2,2,2,10,12,22,37,13
158,6,6,32,32,0,10,10,32,32,0,6,6,32,32,0,0.0004084550188910446,0.0004084550188910446,34,34,0,-1,4,4,3,1,58,55,89
159,100,100,73,73,0,100,100,87,87,0,100,100,87,87,0,0.057149664726505324,0.06753122978998605,99,100,1,3,1,1,4,16,79,18,6
160,16,16,31,31,0,82,82,37,37,0,16,16,31,31,0,0.0005786446100956465,0.0005786446100956465,37,37,0,-1,3,3,14,2,25,42,79
161,0,616,1,100,99,0,42,1,35,34,0,42,1,51,50,0.0,0.008066986623098132,1,61,60,2,-1,3,6,0,40,91,77
162,100,100,70,70,0,100,100,53,53,0,100,100,70,70,0,0.02743456210218183,0.027740903366350114,87,87,0,4,1,1,9,9,31,27,4
163,94,94,70,70,0,68,68,72,72,0,68,68,74,74,0,0.012730181422104225,0.012730181422104225,71,71,0,-1,2,2,4,9,67,31,40
164,138,754,89,100,11,88,88,80,80,0,88,88,81,81,0,0.017052997038701112,0.03335715987610198,83,92,9,2,2,2,4,15,77,19,15
165,39,245,55,97,42,22,22,42,42,0,22,22,45,45,0,0.003948398515946765,0.01589570781850982,51,80,29,3,3,3,2,4,91,22,6
166,6,108,29,77,48,18,20,29,29,0,6,9,29,35,6,0.0002723033459273631,0.0005446066918547262,33,35,2,4,4,4,8,1,30,55,63
167,240,341,95,98,3,72,72,77,77,0,72,72,77,77,0,0.03223390857415161,0.03223390857415161,92,92,0,6,2,2,3,22,64,9,58
168,35,35,50,50,0,96,96,43,43,0,35,35,50,50,0,0.004220701861874128,0.004220701861874128,54,54,0,-1,3,3,11,6,19,73,92
169,1,207,25,93,68,6,28,25,35,10,1,28,25,47,22,3.4037918240920386e-05,0.006943735321147759,28,59,31,3,6,4,6,1,69,78,27
170,0,206,1,93,92,0,18,1,31,30,0,7,1,35,34,0.0,0.0011913271384322134,1,40,39,3,-1,4,5,1,45,69,61
171,0,616,1,100,99,0,34,1,42,41,0,34,1,51,50,0.0,0.006535280302256714,1,59,58,2,-1,3,4,0,79,97,48
172,0,101,1,79,78,0,5,1,24,23,0,1,1,24,23,0.0,0.00017018959120460194,1,30,29,5,-1,6,5,0,45,80,55
173,104,310,74,94,20,176,176,74,74,0,104,123,74,79,5,0.00622893903808843,0.00891793457912114,57,63,6,3,2,2,12,5,2,47,22
174,136,136,79,79,0,124,124,65,65,0,124,124,77,77,0,0.008339289969025495,0.008339289969025495,65,65,0,-1,3,3,9,13,28,24,84
175,0,206,1,87,86,0,49,1,32,31,0,14,1,32,31,0.0,0.0007488342013002485,1,35,34,3,-1,4,15,0,7,36,64
176,70,276,59,94,35,82,82,56,56,0,70,78,60,62,2,0.005956635692161067,0.007352190340038803,56,62,6,3,3,3,7,5,62,47,83
177,16,632,36,100,64,56,66,41,46,5,16,39,36,47,11,0.0028932230504782326,0.006705469893461316,40,56,16,2,3,3,6,2,71,94,64
178,0,616,1,100,99,0,52,1,46,45,0,41,1,56,55,0.0,0.007454304094761564,1,63,62,2,-1,3,6,0,32,82,25
179,38,38,49,49,0,62,62,43,43,0,38,38,49,49,0,0.002144388849177984,0.002144388849177984,46,46,0,-1,3,3,7,3,43,54,59
180,16,632,34,100,66,102,112,55,57,2,16,33,34,44,10,0.0013274788113958951,0.0018040096667687805,39,43,4,2,3,3,16,1,9,71,56
181,0,616,1,100,99,0,22,1,47,46,0,22,1,50,49,0.0,0.005854521937438306,1,58,57,2,-1,3,2,0,95,85,52
182,0,102,1,74,73,0,18,1,28,27,0,2,1,25,24,0.0,0.0005446066918547262,1,34,33,4,-1,5,10,0,18,91,42
183,39,39,53,53,0,54,54,53,53,0,39,39,53,53,0,0.00439089145307873,0.00439089145307873,54,54,0,-1,3,3,4,4,79,22,40
184,46,662,48,100,52,96,106,42,54,12,46,64,48,55,7,0.0025188059498281084,0.0030974505599237552,44,46,2,2,2,2,11,2,33,74,56
185,22,1662,42,100,58,42,90,38,62,24,22,90,42,67,25,0.002382654276864427,0.04401102828551006,44,96,52,1,3,2,6,2,65,83,2
186,100,100,82,82,0,100,100,98,98,0,100,100,98,98,0,0.10316893018822969,0.11065727220123217,100,100,0,3,1,1,2,29,98,11,27
187,2,208,26,92,66,7,23,26,33,7,2,21,26,40,14,0.00010211375472276115,0.002723033459273631,27,45,18,3,5,4,6,1,56,78,41
188,51,152,57,90,33,38,38,46,46,0,38,38,51,51,0,0.005480104836788182,0.005480104836788182,55,55,0,5,3,3,3,6,96,35,65
189,44,250,57,99,42,32,32,71,71,0,32,32,71,71,0,0.007726607440688927,0.02127369890057524,65,86,21,3,3,3,2,7,99,62,18
190,110,726,73,100,27,120,120,77,77,0,110,120,76,83,7,0.008101024541339052,0.03631845876306205,63,93,30,2,2,2,6,6,40,13,3
191,26,128,53,86,33,28,28,46,46,0,28,28,53,53,0,0.004118588107151367,0.007011811157629599,54,65,11,4,3,3,3,6,81,73,22
192,100,100,69,69,0,100,100,55,55,0,100,100,69,69,0,0.03179141563701964,0.03179141563701964,91,91,0,-1,1,1,8,8,30,17,79
193,0,206,1,92,91,0,32,1,30,29,0,8,1,33,32,0.0,0.0020422750944552232,1,44,43,3,-1,4,12,0,6,96,75
194,0,0,1,1,0,0,0,1,1,0,0,0,1,1,0,0.0,0.0,1,1,0,-1,-1,-1,6,1,74,69,85
195,8,8,38,38,0,12,12,35,35,0,8,8,38,38,0,0.002723033459273631,0.002723033459273631,48,48,0,-1,4,4,2,2,98,83,80
196,16,1656,31,100,69,144,178,63,68,5,16,126,31,80,49,0.003199564314646516,0.01684876952925559,50,74,24,1,3,2,14,3,25,46,24
197,0,206,1,89,88,0,34,1,31,30,0,24,1,40,39,0.0,0.004935498144933456,1,52,51,3,-1,4,9,0,29,67,34
198,18,224,41,93,52,46,46,43,43,0,18,46,41,51,10,0.0014295925661186562,0.005820484019197386,42,56,14,3,3,3,6,2,65,61,57
199,40,656,59,100,41,22,22,52,52,0,22,22,54,54,0,0.005071649817897137,0.018176248340651485,59,83,24,2,3,3,2,5,86,47,19
200,0,616,1,100,99,0,122,1,61,60,0,122,1,78,77,0.0,0.02307770856734402,1,86,85,2,-1,3,12,0,2,66,11
201,0,0,1,1,0,0,0,1,1,0,0,0,1,1,0,0.0,0.0,1,1,0,-1,-1,-1,3,0,82,81,87
202,2,618,27,100,73,5,24,30,43,13,2,24,27,48,21,6.807583648184077e-05,0.00881582082439838,27,68,41,2,5,3,3,1,92,95,73
203,0,616,1,100,99,0,50,1,45,44,0,50,1,56,55,0.0,0.013513053541645392,1,75,74,2,-1,3,5,0,80,85,5
204,6,6,32,32,0,14,14,34,34,0,6,6,32,32,0,0.0011913271384322134,0.0011913271384322134,41,41,0,-1,4,4,3,1,60,71,66
205,0,616,1,99,98,0,80,1,41,40,0,70,1,55,54,0.0,0.009156200006807584,1,64,63,2,-1,3,11,0,19,96,8
206,325,425,99,100,1,96,96,92,92,0,96,96,92,92,0,0.04952517104053916,0.04986555022294836,96,96,0,4,2,2,3,36,81,2,74
207,8,109,36,80,44,26,26,36,36,0,8,9,36,36,0,0.0005105687736138058,0.0005446066918547262,35,35,0,6,4,4,5,2,45,56,68
208,0,102,1,80,79,0,6,1,28,27,0,3,1,31,30,0.0,0.0010211375472276116,1,40,39,4,-1,5,3,0,87,76,83
209,100,100,63,63,0,100,100,47,47,0,100,100,63,63,0,0.025119983661799246,0.026958031246808945,86,90,4,3,1,1,10,9,22,31,94
210,22,22,41,41,0,126,126,61,61,0,22,22,41,41,0,0.0018380475850097008,0.0018380475850097008,43,43,0,-1,3,3,11,2,5,61,96
211,0,616,1,100,99,0,114,1,60,59,0,114,1,77,76,0.0,0.027774941284591036,1,88,87,2,-1,3,9,0,54,76,11
212,0,0,1,1,0,0,0,1,1,0,0,0,1,1,0,0.0,0.0,1,1,0,-1,-1,-1,2,0,90,81,96
213,140,242,84,94,10,54,54,56,56,0,54,54,57,57,0,0.014261887742945642,0.01664454201981007,76,80,4,4,3,3,4,15,67,19,90
214,1,103,25,80,55,3,6,25,28,3,1,6,25,31,6,3.4037918240920386e-05,0.002382654276864427,27,49,22,4,6,5,3,1,87,78,73
215,16,632,34,100,66,90,130,46,66,20,16,130,34,80,46,0.003369753905851118,0.02484768031587188,52,87,35,2,3,3,10,1,11,90,7
216,6,212,30,94,64,24,32,34,36,2,6,30,30,49,19,0.0008169100377820892,0.004935498144933456,36,55,19,3,4,4,6,2,34,42,72
217,16,632,35,100,65,46,100,34,44,10,16,100,35,64,29,0.000442492937131965,0.01330882603219987,34,73,39,2,3,3,10,1,12,88,37
218,16,16,42,42,0,22,22,42,42,0,16,16,42,42,0,0.002484768031587188,0.002484768031587188,49,49,0,-1,3,3,2,3,68,46,76
219,0,206,1,93,92,0,8,1,31,30,0,6,1,31,30,0.0,0.0006126825283365669,1,36,35,3,-1,4,2,0,68,84,49
220,0,1640,1,100,99,0,156,1,71,70,0,156,1,85,84,0.0,0.029749140542564417,1,88,87,1,-1,2,12,0,3,96,11
221,192,292,92,99,7,96,96,94,94,0,96,96,94,94,0,0.028557813404132205,0.028830116750059566,89,89,0,4,2,2,3,18,92,5,4
222,46,252,52,94,42,72,80,44,44,0,46,80,52,63,11,0.003812246842983083,0.009156200006807584,49,66,17,3,2,2,9,2,26,63,24
223,1,1,24,24,0,3,3,24,24,0,1,1,24,24,0,6.807583648184077e-05,6.807583648184077e-05,27,27,0,-1,6,6,3,2,92,58,59
224,346,546,96,100,4,184,184,94,94,0,184,184,94,94,0,0.03686306545491678,0.04135607066271827,94,94,0,3,2,2,7,27,43,10,34
225,12,628,37,100,63,14,28,34,47,13,12,28,37,53,16,0.0007488342013002485,0.01950372715204738,36,85,49,2,4,3,3,2,55,74,6
226,0,616,1,100,99,0,22,1,48,47,0,22,1,51,50,0.0,0.01667857993805099,1,82,81,2,-1,3,2,0,90,92,16
227,0,0,1,1,0,0,0,1,1,0,0,0,1,1,0,0.0,0.0,1,1,0,-1,-1,-1,13,0,13,87,93
228,28,28,43,43,0,100,100,39,39,0,28,28,43,43,0,0.0015317063208414173,0.0015317063208414173,40,40,0,-1,3,3,14,3,16,43,86
229,132,338,86,100,14,56,56,84,84,0,56,56,84,84,0,0.020082371762143027,0.02546036284420845,85,87,2,3,2,2,2,15,86,19,48
230,0,101,1,84,83,0,3,1,23,22,0,1,1,23,22,0.0,0.0,1,1,0,5,-1,6,3,1,92,50,55
231,0,206,1,94,93,0,10,1,30,29,0,10,1,38,37,0.0,0.002552843868069029,1,49,48,3,-1,4,3,0,66,84,41
232,151,253,88,96,8,72,72,83,83,0,72,72,83,83,0,0.024609414888185438,0.024779604479390042,87,88,1,4,2,2,3,15,58,16,56
233,0,616,1,100,99,0,86,1,36,35,0,34,1,42,41,0.0,0.004901460226692535,1,56,55,2,-1,3,14,0,8,59,62
234,78,179,70,92,22,22,22,42,42,0,22,22,45,45,0,0.01065386840940808,0.010824058000612683,68,69,1,5,3,3,2,14,91,14,60
235,82,82,66,66,0,78,78,78,78,0,78,78,78,78,0,0.010994247591817285,0.010994247591817285,68,68,0,-1,2,2,4,7,67,48,91
236,66,66,56,56,0,84,84,59,59,0,64,64,56,56,0,0.005854521937438306,0.005854521937438306,55,55,0,-1,2,2,5,6,52,41,93
237,22,638,41,100,59,38,56,38,43,5,22,56,41,57,16,0.0013615167296368155,0.008611593314952858,39,68,29,2,3,3,6,3,34,51,44
238,0,0,1,1,0,0,0,1,1,0,0,0,1,1,0,0.0,0.0,1,1,0,-1,-1,-1,6,0,48,79,45
239,0,206,1,92,91,0,14,1,35,34,0,6,1,30,29,0.0,0.003267640151128357,1,50,49,3,-1,4,3,0,85,98,90
240,97,303,79,100,21,46,46,84,84,0,46,46,84,84,0,0.017121072875182955,0.019673916743251984,81,83,2,3,2,2,2,13,93,33,75
241,622,1238,100,100,0,344,344,100,100,0,344,344,100,100,0,0.048878450593961675,0.058749446883828584,96,100,4,2,2,2,11,40,33,3,30
242,247,847,95,100,5,72,72,86,86,0,72,72,86,86,0,0.034105994077402224,0.04581503795227884,91,96,5,2,2,2,3,29,92,1,19
243,0,206,1,92,91,0,30,1,32,31,0,28,1,44,43,0.0,0.005377991082065421,1,53,52,3,-1,4,7,0,46,59,34
244,22,22,40,40,0,110,110,60,60,0,22,22,40,40,0,0.0020082371762143027,0.0020082371762143027,44,44,0,-1,3,3,10,2,11,61,81
245,124,330,78,94,16,130,130,80,80,0,124,130,80,81,1,0.0088498587426393,0.011777119711358454,64,72,8,3,2,2,7,6,43,13,29
246,2,618,27,100,73,7,46,27,41,14,2,46,27,53,26,3.4037918240920386e-05,0.009224275843289425,27,66,39,2,5,3,6,1,48,78,33
247,112,318,75,96,21,150,150,85,85,0,112,118,77,82,5,0.010687906327649,0.012594029749140543,72,75,3,3,2,2,7,4,46,38,94
248,0,616,1,100,99,0,41,1,33,32,0,16,1,33,32,0.0,0.0024507301133462676,1,47,46,2,-1,3,10,1,11,50,46
249,77,77,64,64,0,56,56,44,44,0,56,56,52,52,0,0.007522379931243405,0.007522379931243405,61,61,0,-1,3,3,6,8,56,57,80
250,100,100,60,60,0,100,100,40,40,0,100,100,60,60,0,0.05105687736138058,0.051158991116103336,99,99,0,4,1,1,14,30,25,7,55
251,0,102,1,78,77,0,7,1,27,26,0,2,1,27,26,0.0,3.4037918240920386e-05,1,26,25,4,-1,5,6,0,32,91,65
252,28,130,49,82,33,46,46,42,42,0,28,33,49,50,1,0.0014295925661186562,0.0020763130126961434,41,46,5,4,3,3,6,4,74,64,43
253,0,616,1,100,99,0,66,1,41,40,0,66,1,56,55,0.0,0.012866333095067906,1,74,73,2,-1,3,9,0,35,79,30
254,0,1640,1,100,99,0,186,1,67,66,0,186,1,86,85,0.0,0.023622315259198747,1,87,86,1,-1,2,17,0,20,85,9
255,0,206,1,88,87,0,21,1,30,29,0,6,1,29,28,0.0,0.0007147962830593281,1,36,35,3,-1,4,9,1,54,45,71
256,0,206,1,93,92,0,9,1,31,30,0,6,1,31,30,0.0,0.0005105687736138058,1,35,34,3,-1,4,3,0,58,99,42
257,100,100,67,67,0,100,100,55,55,0,100,100,67,67,0,0.037373634228530586,0.037509785901494265,94,95,1,3,1,1,9,16,23,12,63
258,0,206,1,89,88,0,52,1,34,33,0,32,1,45,44,0.0,0.006092787365124749,1,57,56,3,-1,4,12,0,3,80,34
259,625,625,100,100,0,368,368,100,100,0,368,368,100,100,0,0.053269342047040404,0.053269342047040404,99,99,0,-1,2,2,11,36,19,2,50
260,12,628,37,100,63,22,40,34,43,9,12,40,37,50,13,0.0006807583648184077,0.012219612648490419,36,72,36,2,4,3,5,2,88,56,19
261,292,498,97,100,3,72,72,80,80,0,72,72,80,80,0,0.03652268627250757,0.041185881071513664,93,94,1,3,2,2,3,30,76,7,48
262,129,231,87,95,8,48,48,72,72,0,48,48,74,74,0,0.014329963579427483,0.01504475986248681,78,78,0,4,3,3,3,15,60,19,43
263,16,222,44,92,48,18,18,35,35,0,18,18,48,48,0,0.0030634126416828346,0.010211375472276116,50,70,20,3,4,4,3,6,87,41,31
264,94,710,73,100,27,48,48,63,63,0,48,48,64,64,0,0.00881582082439838,0.020626978453997753,69,85,16,2,3,3,3,9,82,31,19
265,110,110,72,72,0,154,154,66,66,0,110,110,72,72,0,0.010313489226998877,0.010313489226998877,72,72,0,-1,2,2,10,6,0,34,76
266,16,632,34,100,66,132,152,63,69,6,16,65,34,56,22,0.002586881786309949,0.007590455767725246,46,63,17,2,3,3,12,3,3,46,22
267,8,214,38,97,59,12,12,35,35,0,8,12,38,41,3,0.0015317063208414173,0.009564655025698629,43,67,24,3,4,4,2,2,98,61,34
268,281,487,96,100,4,104,104,80,80,0,104,104,81,81,0,0.0335613873855475,0.03492290411518432,92,92,0,3,2,2,5,29,63,11,75
269,94,1734,64,100,36,152,176,76,86,10,94,176,64,90,26,0.006943735321147759,0.028659927158854966,60,89,29,1,2,2,8,5,15,47,33
270,207,823,93,100,7,152,152,95,95,0,152,152,95,95,0,0.028455699649409444,0.03362946322202934,90,92,2,2,2,2,5,20,63,23,90
271,196,796,89,100,11,172,172,88,88,0,172,172,90,90,0,0.019469689233806462,0.0368971033731577,80,96,16,2,2,2,9,18,35,30,1
272,162,762,86,100,14,158,158,80,80,0,158,158,86,86,0,0.016133973246196264,0.022294836447802852,79,85,6,2,2,2,9,13,23,33,25
273,6,212,30,91,61,16,24,33,36,3,6,24,30,49,19,0.0002042275094455223,0.005956635692161067,31,57,26,3,4,4,4,1,83,95,31
274,6,212,29,94,65,16,28,30,32,2,6,28,29,48,19,6.807583648184077e-05,0.005241839409101739,27,54,27,3,4,4,6,1,59,65,24
275,66,682,57,100,43,98,108,55,65,10,66,84,58,62,4,0.0051397256543789785,0.009496579189216788,55,67,12,2,3,3,8,6,21,28,29
276,0,101,1,74,73,0,11,1,25,24,0,1,1,25,24,0.0,3.4037918240920386e-05,1,26,25,5,-1,6,11,0,19,36,78
277,22,638,41,100,59,84,94,46,47,1,22,38,41,50,9,0.001497668402600497,0.005207801490860819,41,58,17,2,3,3,9,2,28,74,90
278,0,616,1,100,99,0,40,1,42,41,0,40,1,52,51,0.0,0.015419176963136935,1,78,77,2,-1,3,5,0,49,80,6
279,100,100,76,76,0,88,88,82,82,0,88,88,82,82,0,0.013955546478777357,0.013955546478777357,78,78,0,-1,2,2,4,6,72,77,82
280,42,143,52,85,33,118,118,62,62,0,42,43,53,53,0,0.0014636304843595766,0.001497668402600497,41,41,0,6,2,2,12,2,14,56,78
281,104,310,77,96,19,160,160,73,73,0,104,160,77,85,8,0.005582218591510943,0.01773375540351952,60,78,18,3,2,2,11,5,38,47,6
282,187,803,92,100,8,72,72,77,77,0,72,72,77,77,0,0.024303073624017155,0.030532012662105586,88,90,2,2,2,2,3,19,64,15,72
283,32,238,53,95,42,38,38,57,57,0,32,38,59,59,0,0.002484768031587188,0.010892133837094524,46,68,22,3,3,3,3,2,85,52,27
284,72,278,54,92,38,148,148,65,65,0,72,78,55,56,1,0.002484768031587188,0.0026549576227917903,46,46,0,3,2,2,14,3,25,43,95
285,76,282,70,95,25,48,48,66,66,0,48,48,67,67,0,0.008271214132543654,0.011368664692467409,66,74,8,3,3,3,3,7,76,21,29
286,0,206,1,93,92,0,14,1,33,32,0,9,1,38,37,0.0,0.0012934408931549745,1,40,39,3,-1,4,5,0,49,40,64
287,100,100,60,60,0,100,100,40,40,0,100,100,60,60,0,0.04350045951189625,0.054528745021954456,97,99,2,1,1,1,14,22,25,9,47
288,2,618,26,100,74,15,154,26,64,38,2,154,26,86,60,3.4037918240920386e-05,0.022805405221416657,27,88,61,2,5,3,14,1,8,78,0
289,40,40,57,57,0,56,56,76,76,0,40,40,76,76,0,0.007113924912352361,0.007113924912352361,61,61,0,-1,2,2,2,1,68,53,79
290,76,692,63,100,37,70,70,58,58,0,70,70,64,64,0,0.008305252050784574,0.02573266619013581,67,89,22,2,3,3,5,7,63,21,23
291,8,8,35,35,0,10,10,32,32,0,8,8,35,35,0,0.0004084550188910446,0.0004084550188910446,34,34,0,-1,4,4,3,2,55,56,50
292,100,100,61,61,0,100,100,40,40,0,100,100,61,61,0,0.017018959120460194,0.017018959120460194,75,75,0,-1,1,1,14,6,8,13,92
293,128,334,83,97,14,104,104,86,86,0,104,104,86,86,0,0.016406276592123625,0.020558902617515914,79,83,4,3,2,2,5,13,45,33,62
294,0,206,1,92,91,0,68,1,34,33,0,46,1,52,51,0.0,0.0051397256543789785,1,55,54,3,-1,4,12,0,6,92,31
295,118,118,77,77,0,184,184,79,79,0,118,118,77,77,0,0.016236087000919025,0.016236087000919025,76,76,0,-1,2,2,10,9,12,39,40
296,52,258,58,95,37,54,54,55,55,0,54,54,60,60,0,0.009020048333843901,0.010245413390517035,66,72,6,3,3,3,4,6,73,34,53
297,100,100,69,69,0,100,100,71,71,0,100,100,72,72,0,0.024473263215221756,0.03301678069369277,88,93,5,2,1,1,6,1,56,95,14
298,2,618,27,100,73,9,46,28,40,12,2,46,27,54,27,3.4037918240920386e-05,0.00707988699411144,28,62,34,2,5,3,6,1,34,68,44
299,0,0,1,1,0,0,0,1,1,0,0,0,1,1,0,0.0,0.0,1,1,0,-1,-1,-1,14,0,17,40,69
300,0,0,1,1,0,0,0,1,1,0,0,0,1,1,0,0.0,0.0,1,1,0,-1,-1,-1,9,1,29,69,76
301,122,122,83,83,0,94,94,76,76,0,94,94,77,77,0,0.018993158378433576,0.018993158378433576,80,80,0,-1,2,2,5,9,70,39,87
302,8,214,36,94,58,26,26,36,36,0,8,26,36,48,12,0.0005105687736138058,0.008407365805507334,35,65,30,3,4,4,5,2,45,56,32
303,138,344,82,97,15,158,158,74,74,0,138,158,82,86,4,0.009054086252084823,0.010619830491167161,66,68,2,3,2,2,9,9,28,31,83
304,63,1703,61,100,39,60,94,53,74,21,60,94,60,74,14,0.007182000748834201,0.05674120970761428,62,98,36,1,3,2,5,8,49,57,3
305,16,16,34,34,0,122,122,62,62,0,16,16,34,34,0,0.0018040096667687805,0.0018040096667687805,41,41,0,-1,3,3,12,1,2,53,50
306,0,0,1,1,0,0,0,1,1,0,0,0,1,1,0,0.0,0.0,1,1,0,-1,-1,-1,10,1,11,69,97
307,94,710,73,100,27,48,48,63,63,0,48,48,64,64,0,0.00881582082439838,0.013513053541645392,69,77,8,2,3,3,3,9,82,31,46
308,2,618,28,100,72,11,76,30,53,23,2,76,28,65,37,3.4037918240920386e-05,0.03213179481942884,27,90,63,2,5,3,6,1,32,95,2
309,0,616,1,100,99,0,56,1,43,42,0,56,1,57,56,0.0,0.013581129378127233,1,75,74,2,-1,3,6,0,34,81,30
310,100,100,69,69,0,100,100,55,55,0,100,100,69,69,0,0.04142414649920011,0.04693828925422921,95,95,0,2,1,1,8,16,30,18,57
311,154,256,89,96,7,64,64,68,68,0,64,64,71,71,0,0.021920419347152727,0.022124646856598252,84,84,0,4,3,3,4,19,72,15,55
312,540,746,100,100,0,240,240,98,98,0,240,240,98,98,0,0.04646175839885633,0.05218012866333095,96,98,2,3,2,2,9,40,29,3,48
313,312,928,98,100,2,332,342,92,94,2,312,342,98,99,1,0.02236291228428469,0.03652268627250757,86,94,8,2,2,2,16,16,9,12,18
314,0,206,1,91,90,0,12,1,29,28,0,6,1,29,28,0.0,0.002212464685659825,1,47,46,3,-1,4,4,0,83,84,46
315,40,141,50,85,35,80,80,55,55,0,40,41,50,50,0,0.00439089145307873,0.00439089145307873,52,52,0,5,2,2,6,3,59,46,68
316,144,1744,84,100,16,182,182,82,82,0,144,182,84,87,3,0.011198475101262807,0.02651553830967698,71,88,17,1,2,2,9,7,28,21,14
317,88,704,61,100,39,184,184,83,83,0,88,126,61,79,18,0.007352190340038803,0.015214949453691413,62,78,16,2,2,2,10,7,1,62,25
318,22,638,39,100,61,154,154,65,65,0,22,58,39,53,14,0.0018040096667687805,0.008475441641989176,40,64,24,2,3,3,14,2,17,52,25
319,80,80,70,70,0,50,50,47,47,0,50,50,54,54,0,0.007828721195411689,0.007828721195411689,62,62,0,-1,3,3,5,13,88,24,66
320,27,233,53,94,41,14,14,34,34,0,14,14,40,40,0,0.003608019333537561,0.004935498144933456,51,55,4,3,4,4,3,6,55,35,43
321,0,616,1,100,99,0,36,1,40,39,0,36,1,52,51,0.0,0.011981347220803976,1,72,71,2,-1,3,5,0,49,92,39
322,100,100,59,59,0,100,100,46,46,0,100,100,59,59,0,0.01872085503250621,0.04874229892099799,78,99,21,2,1,1,11,6,5,41,2
323,127,228,84,94,10,64,64,68,68,0,64,64,70,70,0,0.021137547227611558,0.02117158514585248,83,83,0,6,3,3,4,16,78,18,68
324,0,1640,1,100,99,0,90,1,64,63,0,90,1,67,66,0.0,0.038905340549372,1,96,95,1,-1,2,6,0,74,92,30
325,16,632,36,100,64,70,70,54,54,0,16,38,36,52,16,0.003948398515946765,0.008339289969025495,53,65,12,2,3,3,5,1,61,90,29
326,24,230,48,95,47,42,42,41,41,0,24,32,48,50,2,0.0012253650566731338,0.0024507301133462676,41,48,7,3,3,3,6,4,32,64,52
327,114,730,80,100,20,132,132,77,77,0,132,132,82,82,0,0.010143299635794275,0.02028659927158855,70,83,13,2,2,2,8,9,57,31,14
328,88,294,73,98,25,48,48,64,64,0,48,48,66,66,0,0.011845195547840293,0.013513053541645392,71,76,5,3,3,3,3,9,85,27,22
329,158,158,86,86,0,132,132,77,77,0,132,132,82,82,0,0.013070560604513427,0.013070560604513427,75,75,0,-1,2,2,8,14,57,32,82
330,0,102,1,81,80,0,3,1,27,26,0,3,1,31,30,0.0,0.0004765308553728854,1,34,33,4,-1,5,2,0,95,98,74
331,70,70,60,60,0,86,86,63,63,0,70,70,63,63,0,0.005990673610401988,0.005990673610401988,56,56,0,-1,3,3,6,6,56,26,86
332,6,212,33,93,60,24,24,38,38,0,6,24,33,49,16,0.001055175465468532,0.006058749446883829,40,57,17,3,4,4,4,1,73,71,31
333,24,24,43,43,0,68,68,41,41,0,24,24,43,43,0,0.001599782157323258,0.001599782157323258,42,42,0,-1,3,3,8,4,10,64,99
334,0,616,1,100,99,0,60,1,50,49,0,60,1,61,60,0.0,0.02491575615235372,1,87,86,2,-1,3,5,0,80,66,11
335,151,357,85,99,14,104,104,85,85,0,104,104,86,86,0,0.016099935327955343,0.020082371762143027,79,84,5,3,2,2,5,13,37,33,72
336,240,856,93,100,7,160,160,86,86,0,160,160,88,88,0,0.018993158378433576,0.028864154668300487,83,89,6,2,2,2,7,18,24,5,39
337,100,100,61,61,0,100,100,43,43,0,100,100,61,61,0,0.03015759556145546,0.052248204499812795,90,100,10,2,1,1,12,12,2,37,11
338,20,121,46,82,36,36,36,39,39,0,20,20,46,46,0,0.003369753905851118,0.003369753905851118,50,50,0,5,4,4,6,6,32,73,68
339,0,102,1,74,73,0,12,1,28,27,0,2,1,25,24,0.0,0.0005786446100956465,1,36,35,4,-1,5,8,0,10,98,42
340,107,313,84,100,16,32,32,71,71,0,32,32,71,71,0,0.015146873617209572,0.03230198441063344,76,95,19,3,3,3,2,15,99,19,1
341,0,206,1,93,92,0,15,1,32,31,0,6,1,32,31,0.0,0.0018040096667687805,1,44,43,3,-1,4,4,0,73,36,94
342,18,18,45,45,0,28,28,44,44,0,18,18,45,45,0,0.001599782157323258,0.001599782157323258,41,41,0,-1,3,3,3,2,92,61,84
343,264,366,96,100,4,112,112,99,99,0,112,112,99,99,0,0.03594404166241193,0.0368971033731577,93,97,4,4,2,2,4,22,67,9,51
344,0,0,1,1,0,0,0,1,1,0,0,0,1,1,0,0.0,0.0,1,1,0,-1,-1,-1,6,0,40,93,99
345,100,100,76,76,0,100,100,90,90,0,100,100,90,90,0,0.04595118962524252,0.04595118962524252,95,95,0,-1,1,1,4,6,72,34,79
346,100,100,58,58,0,100,100,35,35,0,100,100,59,59,0,0.027843017121072875,0.037679975492698865,89,92,3,2,1,1,17,18,20,5,39
347,148,148,88,88,0,96,96,61,61,0,96,96,69,69,0,0.013138636440995268,0.013138636440995268,76,76,0,-1,3,3,6,14,48,14,36
348,100,100,63,63,0,100,100,56,56,0,100,100,63,63,0,0.029306647605432452,0.029306647605432452,90,90,0,-1,1,1,7,4,24,38,82
349,12,628,42,100,58,12,22,37,46,9,12,22,41,51,10,0.0020422750944552232,0.018891044623710815,44,83,39,2,4,3,2,2,89,83,12
350,0,616,1,100,99,0,34,1,38,37,0,34,1,50,49,0.0,0.00888389666088022,1,68,67,2,-1,3,4,1,53,45,27
351,2,208,29,97,68,4,8,30,34,4,2,8,29,40,11,0.0002723033459273631,0.00704584907587052,34,64,30,3,5,4,2,1,97,88,48
352,100,100,57,57,0,100,100,38,38,0,100,100,57,57,0,0.031110657272201234,0.031621226045815035,90,90,0,3,1,1,16,17,4,6,51
353,46,662,49,100,51,112,122,62,65,3,46,122,49,77,28,0.0025188059498281084,0.016882807447496512,46,80,34,2,2,2,8,2,42,61,12
354,16,16,32,32,0,154,154,65,65,0,16,16,32,32,0,0.003165526396405596,0.003165526396405596,50,50,0,-1,3,3,14,3,8,46,87
355,100,100,69,69,0,100,100,69,69,0,100,100,71,71,0,0.042989890738282445,0.04319411824772797,96,96,0,4,1,1,6,9,34,39,65
356,10,112,38,81,43,24,24,37,37,0,10,24,38,53,15,0.0013955546478777359,0.002314578440382586,43,47,4,4,4,4,4,3,77,43,54
357,183,799,90,100,10,144,144,95,95,0,144,144,95,95,0,0.017801831240001363,0.03921168181354028,79,97,18,2,2,2,6,15,56,19,7
358,16,632,36,100,64,60,70,38,41,3,16,57,36,55,19,0.0011232513019503727,0.008679669151434699,39,66,27,2,3,3,9,1,28,71,25
359,40,1680,47,100,53,66,90,44,63,19,40,90,47,68,21,0.004901460226692535,0.022669253548452978,52,85,33,1,3,2,6,6,51,73,54
360,57,159,56,87,31,44,44,48,48,0,44,44,54,54,0,0.004152626025392287,0.0042547397801150485,53,53,0,4,3,3,4,6,83,35,60
361,118,734,80,100,20,156,156,84,84,0,156,156,90,90,0,0.012730181422104225,0.028591851322373123,73,88,15,2,2,2,8,9,39,31,15
362,150,1790,85,100,15,182,216,87,93,6,150,216,85,93,8,0.01501072194424589,0.05122706695258518,76,99,23,1,2,2,9,8,31,17,0
363,295,911,98,100,2,88,88,71,71,0,88,88,71,71,0,0.03284659110248817,0.039449947241226725,95,96,1,2,2,2,4,29,53,11,62
364,8,1648,37,100,63,26,64,36,59,23,8,50,37,56,19,0.0011232513019503727,0.023588277340957826,39,87,48,1,4,2,5,2,49,74,63
365,114,714,77,100,23,162,162,83,83,0,114,162,77,89,12,0.00803294870485721,0.024337111542258077,62,87,25,2,2,2,9,6,29,28,9
366,0,206,1,92,91,0,26,1,35,34,0,12,1,34,33,0.0,0.0030974505599237552,1,50,49,3,-1,4,5,1,63,45,29
367,16,222,36,90,54,62,66,44,46,2,16,66,36,54,18,0.0028932230504782326,0.022022533101875488,40,83,43,3,3,3,6,3,71,46,1
368,16,632,35,100,65,72,90,39,43,4,16,72,35,55,20,0.0008509479560230097,0.007828721195411689,37,65,28,2,3,3,10,1,18,49,21
369,0,0,1,1,0,0,0,1,1,0,0,0,1,1,0,0.0,0.0,1,1,0,-1,-1,-1,5,1,61,45,85
370,100,100,82,82,0,100,100,98,98,0,100,100,98,98,0,0.10075223799312434,0.10912556588039075,99,100,1,3,1,1,2,20,98,23,27
371,100,100,69,69,0,100,100,55,55,0,100,100,69,69,0,0.03699921712788046,0.042955852820041523,93,95,2,2,1,1,8,18,30,5,31
372,226,842,94,100,6,72,72,77,77,0,72,72,77,77,0,0.03311889444841554,0.04278566322883692,93,95,2,2,2,2,3,27,64,10,39
373,0,206,1,92,91,0,18,1,32,31,0,15,1,36,35,0.0,0.002995336805200994,1,50,49,3,-1,4,5,0,63,79,73
374,22,22,40,40,0,114,114,58,58,0,22,22,40,40,0,0.002484768031587188,0.002484768031587188,46,46,0,-1,3,3,17,2,20,83,93
375,0,206,1,92,91,0,20,1,31,30,0,16,1,38,37,0.0,0.0053099152455835805,1,51,50,3,-1,4,6,0,69,85,62
376,0,616,1,100,99,0,22,1,54,53,0,22,1,56,55,0.0,0.028762040913577726,1,94,93,2,-1,3,2,0,97,79,3
377,16,222,37,94,57,24,40,35,38,3,16,36,37,51,14,0.00037441710065012424,0.005241839409101739,35,54,19,3,3,3,5,1,63,88,62
378,0,0,1,1,0,0,0,1,1,0,0,0,1,1,0,0.0,0.0,1,1,0,-1,-1,-1,2,0,86,85,76
379,2,208,29,92,63,7,20,29,34,5,2,20,29,45,16,6.807583648184077e-05,0.007522379931243405,30,62,32,3,5,4,4,1,47,55,32
380,0,616,1,100,99,0,58,1,34,33,0,40,1,49,48,0.0,0.003880322679464924,1,54,53,2,-1,3,10,0,11,81,47
381,100,100,61,61,0,100,100,43,43,0,100,100,61,61,0,0.03281255318424725,0.032948704857210936,91,91,0,4,1,1,12,18,2,30,78
382,40,40,54,54,0,62,62,77,77,0,40,40,60,60,0,0.006773545729943157,0.006773545729943157,61,61,0,-1,2,2,3,3,75,46,85
383,0,206,1,89,88,0,59,1,34,33,0,50,1,50,49,0.0,0.004935498144933456,1,55,54,3,-1,4,12,0,3,81,31
384,1,1,26,26,0,3,3,26,26,0,1,1,26,26,0,3.4037918240920386e-05,3.4037918240920386e-05,26,26,0,-1,6,6,3,2,55,58,93
385,0,206,1,93,92,0,12,1,35,34,0,12,1,36,35,0.0,0.010790020082371761,1,73,72,3,-1,4,2,0,68,81,18
386,100,100,57,57,0,100,100,38,38,0,100,100,57,57,0,0.03240409816535621,0.03904149222233568,91,95,4,2,1,1,16,19,4,15,48
387,0,206,1,88,87,0,28,1,34,33,0,25,1,45,44,0.0,0.0037441710065012424,1,51,50,3,-1,4,6,0,41,67,28
388,190,806,92,100,8,104,104,80,80,0,104,104,81,81,0,0.021920419347152727,0.0402328193607679,85,96,11,2,2,2,5,16,63,12,9
389,0,616,1,100,99,0,100,1,47,46,0,83,1,59,58,0.0,0.012219612648490419,1,72,71,2,-1,3,10,0,11,86,39
390,44,250,51,93,42,86,86,68,68,0,44,86,51,71,20,0.006875659484665918,0.013751318969331836,58,77,19,3,3,3,6,4,69,72,8
391,203,409,89,98,9,192,192,91,91,0,192,192,91,91,0,0.025256135334762925,0.030736240171551108,88,93,5,3,2,2,9,15,26,16,34
392,0,616,1,100,99,0,58,1,33,32,0,24,1,42,41,0.0,0.002382654276864427,1,46,45,2,-1,3,10,0,0,82,70
393,32,134,51,86,35,38,38,51,51,0,38,38,54,54,0,0.0040845501889104465,0.005173763572619898,52,53,1,4,3,3,3,6,94,41,52
394,268,474,98,100,2,96,96,95,95,0,96,96,95,95,0,0.04278566322883692,0.04319411824772797,95,95,0,3,2,2,3,30,60,7,88
395,0,616,1,100,99,0,38,1,50,49,0,38,1,53,52,0.0,0.01405766023350012,1,76,75,2,-1,3,3,0,94,80,27
396,114,714,80,100,20,132,132,77,77,0,132,132,82,82,0,0.010143299635794275,0.019878144252697506,70,82,12,2,2,2,8,9,57,31,33
397,190,190,91,91,0,64,64,67,67,0,64,64,68,68,0,0.02117158514585248,0.02117158514585248,85,85,0,-1,3,3,4,17,67,6,59
398,60,676,58,100,42,112,112,75,75,0,60,112,58,77,19,0.009462541270975866,0.02042275094455223,67,82,15,2,3,3,7,5,43,25,5
399,100,100,70,70,0,100,100,73,73,0,100,100,74,74,0,0.059702508594574356,0.06783757105415433,100,100,0,3,1,1,6,30,71,7,37
400,520,726,100,100,0,192,192,100,100,0,192,192,100,100,0,0.04748289594608394,0.048504033493311546,97,98,1,3,2,2,6,40,41,3,83
401,0,0,1,1,0,0,0,1,1,0,0,0,1,1,0,0.0,0.0,1,1,0,-1,-1,-1,2,0,68,84,76
402,2,618,26,100,74,10,68,27,39,12,2,68,26,58,32,3.4037918240920386e-05,0.00803294870485721,26,63,37,2,5,3,8,1,15,68,24
403,84,700,55,100,45,276,276,79,79,0,84,102,55,76,21,0.008986010415602982,0.010245413390517035,63,67,4,2,2,2,17,5,20,25,51
404,0,616,1,99,98,0,76,1,40,39,0,42,1,52,51,0.0,0.006909697402906838,1,60,59,2,-1,3,11,0,19,79,77
405,434,2074,99,100,1,280,304,99,100,1,280,304,99,100,1,0.036080193335375606,0.05047823275128493,92,98,6,1,2,2,10,27,1,10,31
406,152,768,82,100,18,150,150,86,86,0,150,150,86,86,0,0.017869907076483203,0.020967357636406957,81,82,1,2,2,2,7,9,43,39,94
407,0,206,1,95,94,0,14,1,31,30,0,14,1,38,37,0.0,0.005650294427992784,1,55,54,3,-1,4,3,0,94,66,31
408,110,316,79,95,16,94,94,70,70,0,94,94,72,72,0,0.011164437183021887,0.016882807447496512,71,80,9,3,2,2,5,7,37,21,44
409,124,740,80,100,20,178,178,81,81,0,124,178,80,87,7,0.011913271384322134,0.03550154872527996,69,95,26,2,2,2,10,6,22,34,10
410,22,638,43,100,57,50,118,37,65,28,22,118,43,79,36,0.0014295925661186562,0.030804316008032948,41,91,50,2,3,3,8,3,30,51,3
411,174,1814,85,100,15,140,174,69,75,6,140,174,84,86,2,0.011743081793117532,0.028591851322373123,68,91,23,1,3,2,10,14,22,32,31
412,2,2,26,26,0,9,9,26,26,0,2,2,26,26,0,6.807583648184077e-05,6.807583648184077e-05,29,29,0,-1,5,5,8,1,42,78,69
413,258,359,94,96,2,250,250,89,89,0,250,250,93,93,0,0.019810068416215663,0.019844106334456584,81,81,0,5,2,2,13,16,13,12,68
414,440,440,97,97,0,296,296,96,96,0,296,296,96,96,0,0.037850165083903466,0.037850165083903466,93,93,0,-1,2,2,11,29,33,0,99
415,100,100,62,62,0,100,100,48,48,0,100,100,62,62,0,0.026719765819122502,0.03516116954287076,88,93,5,2,1,1,10,5,11,25,20
416,190,790,91,100,9,230,230,87,87,0,190,230,91,93,2,0.014704380680077607,0.028421661731168522,76,89,13,2,2,2,12,13,6,33,15
417,0,102,1,81,80,0,8,1,30,29,0,6,1,33,32,0.0,0.0021784267674189047,1,47,46,4,-1,5,4,0,77,89,41
418,2,618,27,100,73,12,70,27,40,13,2,50,27,54,27,0.0,0.009224275843289425,1,68,67,2,5,3,9,1,23,68,77
419,176,176,86,86,0,142,142,78,78,0,142,142,84,84,0,0.01596378365499166,0.01596378365499166,76,76,0,-1,2,2,8,14,21,14,81
420,0,616,1,100,99,0,30,1,37,36,0,30,1,43,42,0.0,0.008203138296061813,1,62,61,2,-1,3,4,0,67,91,17
421,6,1646,30,100,70,21,76,31,45,14,6,70,30,56,26,0.00013615167296368154,0.015248987371932332,31,76,45,1,4,2,9,1,35,4,26
422,24,126,44,81,37,86,86,43,43,0,24,26,44,44,0,0.0012594029749140542,0.001599782157323258,39,41,2,4,3,3,10,4,36,64,56
423,0,206,1,91,90,0,30,1,34,33,0,26,1,47,46,0.0,0.003710133088260322,1,49,48,3,-1,4,7,0,62,91,47
424,0,0,1,1,0,0,0,1,1,0,0,0,1,1,0,0.0,0.0,1,1,0,-1,-1,-1,10,0,1,92,89
425,22,638,45,100,55,32,60,40,50,10,22,60,45,61,16,0.0020082371762143027,0.0088498587426393,45,68,23,2,3,3,5,3,80,51,13
426,0,616,1,100,99,0,118,1,58,57,0,82,1,56,55,0.0,0.009496579189216788,1,61,60,2,-1,3,15,0,7,84,20
427,0,616,1,100,99,0,54,1,59,58,0,54,1,61,60,0.0,0.025290173253003846,1,88,87,2,-1,3,4,0,78,76,30
428,16,118,40,79,39,70,70,59,59,0,16,18,40,42,2,0.0037441710065012424,0.004186663943633207,51,53,2,4,3,3,5,1,80,90,42
429,0,616,1,100,99,0,42,1,39,38,0,34,1,49,48,0.0,0.007182000748834201,1,64,63,2,-1,3,6,0,48,87,72
430,369,1969,99,100,1,168,168,99,99,0,168,168,99,99,0,0.039994553933081455,0.0672929643622996,96,99,3,1,2,2,6,29,74,1,30
431,56,56,59,59,0,122,122,76,76,0,56,56,59,59,0,0.006126825283365669,0.006126825283365669,60,60,0,-1,2,2,8,3,39,29,98
432,98,199,72,92,20,80,80,68,68,0,80,80,72,72,0,0.012968446849790666,0.012968446849790666,74,74,0,6,3,3,5,8,88,8,68
433,63,679,55,100,45,84,84,59,59,0,63,84,55,65,10,0.00622893903808843,0.011845195547840293,56,74,18,2,2,2,5,4,52,22,38
434,62,678,52,100,48,174,204,67,72,5,62,146,52,78,26,0.0031314884781646754,0.015283025290173252,50,76,26,2,2,2,15,6,7,70,39
435,220,322,98,100,2,56,56,92,92,0,56,56,92,92,0,0.0480955784744205,0.0492528676946118,96,96,0,4,2,2,2,40,97,3,46
436,2,208,27,93,66,4,14,27,34,7,2,14,27,42,15,0.00010211375472276115,0.0017359338302869397,31,43,12,3,5,4,3,1,92,65,54
437,0,0,1,1,0,0,0,1,1,0,0,0,1,1,0,0.0,0.0,1,1,0,-1,-1,-1,9,0,23,36,81
438,0,616,1,100,99,0,56,1,43,42,0,56,1,57,56,0.0,0.014023622315259198,1,74,73,2,-1,3,6,0,34,87,37
439,24,24,50,50,0,22,22,47,47,0,22,22,52,52,0,0.0017359338302869397,0.0017359338302869397,42,42,0,-1,3,3,2,4,89,64,80
440,12,628,36,100,64,36,46,36,39,3,12,46,36,56,20,0.0009870996289866913,0.005480104836788182,37,58,21,2,4,3,6,2,44,74,47
441,245,451,96,100,4,72,72,84,84,0,72,72,84,84,0,0.03713536880084414,0.04448755914088294,94,96,2,3,2,2,3,30,85,7,34
442,100,100,70,70,0,100,100,53,53,0,100,100,70,70,0,0.041253956907995507,0.04377276285782362,96,96,0,3,1,1,9,20,31,23,28
443,0,616,1,100,99,0,50,1,45,44,0,50,1,52,51,0.0,0.021682153919466287,1,87,86,2,-1,3,5,0,50,87,7
444,49,151,52,87,35,44,44,44,44,0,49,44,56,50,-6,0.0051397256543789785,0.0053439531638245,52,53,1,4,3,3,4,4,67,22,88
445,50,666,66,100,34,22,32,49,68,19,22,32,53,68,15,0.005241839409101739,0.034140031995643146,57,92,35,2,3,3,2,5,90,47,11
446,6,6,32,32,0,17,17,32,32,0,6,6,32,32,0,0.0,0.0,1,1,0,-1,4,4,7,1,46,95,59
447,177,177,91,91,0,72,72,83,83,0,72,72,83,83,0,0.023213860240307704,0.023213860240307704,85,85,0,-1,2,2,3,19,58,15,76
448,212,828,94,100,6,136,136,99,99,0,136,136,99,99,0,0.03192756730998332,0.059804622349297114,91,98,7,2,2,2,4,18,78,30,3
449,0,101,1,75,74,0,6,1,25,24,0,1,1,25,24,0.0,0.0,1,1,0,6,-1,7,6,0,34,99,58
450,172,172,87,87,0,192,192,100,100,0,172,172,100,100,0,0.01667857993805099,0.01667857993805099,79,79,0,-1,2,2,6,6,34,77,67
451,24,640,43,100,57,68,78,41,43,2,24,78,43,57,14,0.001599782157323258,0.008509479560230097,42,65,23,2,3,3,8,4,10,64,31
452,100,100,66,66,0,100,100,49,49,0,100,100,66,66,0,0.05218012866333095,0.05868137104734675,98,99,1,2,1,1,9,27,54,10,44
453,0,616,1,100,99,0,62,1,42,41,0,62,1,57,56,0.0,0.01153885428367201,1,73,72,2,-1,3,7,0,24,79,19
454,0,102,1,80,79,0,6,1,28,27,0,3,1,31,30,0.0,0.0005786446100956465,1,34,33,4,-1,5,3,0,87,66,74
455,76,76,63,63,0,70,70,63,63,0,70,70,66,66,0,0.006399128629293032,0.006399128629293032,61,61,0,-1,3,3,5,6,49,13,96
456,174,174,89,89,0,88,88,77,77,0,88,88,77,77,0,0.02100139555464788,0.02100139555464788,85,85,0,-1,2,2,4,16,79,12,85
457,125,125,82,82,0,84,84,74,74,0,84,84,75,75,0,0.017869907076483203,0.017869907076483203,81,81,0,-1,2,2,5,12,45,37,76
458,6,6,31,31,0,19,19,31,31,0,6,6,31,31,0,3.4037918240920386e-05,3.4037918240920386e-05,27,27,0,-1,4,4,8,1,57,65,93
459,0,102,1,75,74,0,9,1,27,26,0,2,1,26,25,0.0,0.00017018959120460194,1,29,28,4,-1,5,6,0,34,59,60
460,112,318,80,97,17,110,110,86,86,0,110,110,86,86,0,0.013410939786922631,0.01695088328397835,73,79,6,3,2,2,6,8,69,17,22
461,2,104,28,76,48,6,6,30,30,0,2,4,28,31,3,0.0,0.0013615167296368155,1,40,39,4,5,5,3,1,64,95,53
462,16,632,32,100,68,70,94,40,44,4,16,56,32,54,22,0.001497668402600497,0.007454304094761564,39,60,21,2,3,3,9,1,29,71,72
463,0,0,1,1,0,0,0,1,1,0,0,0,1,1,0,0.0,0.0,1,1,0,-1,-1,-1,6,0,41,85,86
464,16,632,33,100,67,98,140,39,62,23,16,83,33,56,23,0.0012253650566731338,0.009973110044589673,40,63,23,2,3,3,15,1,7,71,44
465,150,150,83,83,0,140,140,88,88,0,150,150,91,91,0,0.017257224548146634,0.017257224548146634,79,79,0,-1,2,2,7,8,62,20,92
466,0,206,1,93,92,0,25,1,29,28,0,8,1,34,33,0.0,0.0005105687736138058,1,35,34,3,-1,4,9,0,23,92,74
467,100,100,61,61,0,100,100,44,44,0,100,100,61,61,0,0.04288777698355969,0.04288777698355969,94,94,0,-1,1,1,12,22,6,9,40
468,40,656,49,100,51,130,140,66,67,1,40,140,49,84,35,0.0028591851322373124,0.01147077844719017,48,69,21,2,2,2,11,1,38,53,32
469,0,616,1,100,99,0,30,1,41,40,0,24,1,49,48,0.0,0.0046972327172470135,1,55,54,2,-1,3,4,0,83,99,41
470,0,102,1,83,82,0,4,1,28,27,0,2,1,26,25,0.0,0.0002382654276864427,1,29,28,4,-1,5,2,0,99,93,4
471,151,253,87,95,8,78,78,77,77,0,78,78,79,79,0,0.020831205963443275,0.021750229755948126,82,83,1,4,2,2,4,16,78,12,51
472,226,1866,92,100,8,230,254,89,92,3,230,254,92,92,0,0.019912182170938427,0.04486197624153307,79,98,19,1,2,2,12,18,3,30,16
473,116,716,78,100,22,44,44,49,49,0,44,44,54,54,0,0.008986010415602982,0.012934408931549747,68,75,7,2,3,3,4,13,53,24,29
474,0,0,1,1,0,0,0,1,1,0,0,0,1,1,0,0.0,0.0,1,1,0,-1,-1,-1,10,0,36,87,40
475,124,124,83,83,0,54,54,55,55,0,54,54,60,60,0,0.013070560604513427,0.013070560604513427,72,72,0,-1,3,3,4,14,84,32,36
476,80,80,65,65,0,68,68,72,72,0,68,68,74,74,0,0.010177337554035196,0.010177337554035196,66,66,0,-1,2,2,4,6,67,73,87
477,74,74,56,56,0,168,168,67,67,0,68,68,54,54,0,0.0053099152455835805,0.0053099152455835805,56,56,0,-1,2,2,14,6,25,41,59
478,66,66,68,68,0,44,44,59,59,0,44,44,63,63,0,0.007828721195411689,0.007828721195411689,66,66,0,-1,3,3,4,7,72,21,76
479,0,1640,1,100,99,0,118,1,59,58,0,92,1,61,60,0.0,0.015997821573232582,1,76,75,1,-1,2,12,0,3,80,17
480,0,616,1,100,99,0,62,1,45,44,0,62,1,58,57,0.0,0.016610504101569147,1,79,78,2,-1,3,7,0,62,99,9
481,397,603,100,100,0,112,112,93,93,0,112,112,93,93,0,0.05051227066952585,0.052724735355185674,96,96,0,3,2,2,4,36,79,2,29
482,410,410,98,98,0,280,280,98,98,0,280,280,98,98,0,0.03274447734776541,0.03274447734776541,90,90,0,-1,2,2,10,22,11,9,99
483,100,100,69,69,0,100,100,57,57,0,100,100,69,69,0,0.03730555839204874,0.05898771231151503,92,100,8,2,1,1,8,15,57,19,7
484,0,206,1,92,91,0,18,1,29,28,0,8,1,34,33,0.0,0.0007488342013002485,1,36,35,3,-1,4,9,1,35,45,74
485,6,6,30,30,0,38,38,34,34,0,6,6,30,30,0,0.0002723033459273631,0.0002723033459273631,33,33,0,-1,4,4,9,1,35,88,91
486,128,128,80,80,0,200,200,79,79,0,128,128,80,80,0,0.006399128629293032,0.006399128629293032,57,57,0,-1,2,2,12,5,3,47,96
487,100,100,76,76,0,100,100,90,90,0,100,100,90,90,0,0.07995506994792198,0.07995506994792198,100,100,0,-1,1,1,4,40,72,3,59
488,176,176,86,86,0,142,142,78,78,0,142,142,84,84,0,0.01596378365499166,0.01596378365499166,76,76,0,-1,2,2,8,14,21,14,92
489,217,817,97,100,3,32,32,63,63,0,32,32,64,64,0,0.03100854351747847,0.04060723646141802,94,96,2,2,3,3,2,30,86,7,24
490,100,100,58,58,0,100,100,38,38,0,100,100,58,58,0,0.04894652643044351,0.04996766397767113,98,98,0,3,1,1,16,30,9,7,75
491,6,212,32,93,61,8,12,32,35,3,6,12,32,36,4,0.00030634126416828345,0.011232513019503728,33,73,40,3,4,4,2,1,68,4,39
492,100,100,59,59,0,100,100,39,39,0,100,100,59,59,0,0.014738418598318526,0.024200959869294394,76,86,10,2,1,1,14,4,16,22,27
493,0,1640,1,100,99,0,74,1,68,67,0,74,1,73,72,0.0,0.03979032642363593,1,96,95,1,-1,2,5,0,45,99,0
494,96,198,63,90,27,146,146,68,68,0,96,98,63,64,1,0.005684332346233704,0.005786446100956465,61,61,0,4,3,3,11,6,38,13,65
495,182,388,89,96,7,158,158,78,78,0,158,158,88,88,0,0.019129310051397258,0.019707954661492902,81,82,1,3,2,2,9,18,29,30,64
496,40,246,53,95,42,74,74,64,64,0,40,74,53,66,13,0.006875659484665918,0.010415602981721638,61,69,8,3,2,2,5,1,63,90,35
497,8,8,38,38,0,8,8,32,32,0,8,8,38,38,0,0.0006807583648184077,0.0006807583648184077,35,35,0,-1,4,4,2,2,95,74,87
498,156,257,83,93,10,200,200,81,81,0,156,200,83,91,8,0.014670342761836687,0.014806494434800367,76,77,1,5,2,2,11,13,19,33,65
499,0,616,1,100,99,0,138,1,60,59,0,138,1,85,84,0.0,0.016372238673882704,1,77,76,2,-1,3,13,0,13,76,16
500,118,1758,78,100,22,204,238,85,88,3,118,238,78,90,12,0.007488342013002485,0.02188638142891181,62,85,23,1,2,2,11,5,33,47,31
501,0,102,1,84,83,0,6,1,30,29,0,6,1,30,29,0.0,0.008066986623098132,1,67,66,4,-1,5,3,0,92,91,32
502,94,300,61,95,34,188,188,73,73,0,94,100,61,62,1,0.006126825283365669,0.007624493685966166,57,62,5,3,2,2,14,6,17,28,94
503,148,248,85,93,8,110,110,83,83,0,110,110,83,83,0,0.01409169815174104,0.01415977398822288,73,73,0,4,2,2,6,14,71,32,4
504,8,110,36,83,47,18,18,36,36,0,8,18,36,44,8,0.0004084550188910446,0.0014295925661186562,34,42,8,4,4,4,3,2,75,56,83
505,2,103,29,79,50,9,9,30,30,0,2,3,29,32,3,0.0002042275094455223,0.0002723033459273631,32,32,0,6,5,5,5,1,88,60,58
506,40,246,47,91,44,66,66,44,44,0,40,66,47,56,9,0.003437829742332959,0.009632730862180468,46,68,22,3,2,2,6,1,51,71,34
507,100,100,66,66,0,100,100,67,67,0,100,100,73,73,0,0.04693828925422921,0.04755097178256578,96,96,0,3,1,1,5,14,52,14,71
508,2,2,26,26,0,12,12,26,26,0,2,2,26,26,0,0.0,0.0,1,1,0,-1,5,5,11,1,5,78,50
509,102,102,80,80,0,62,62,80,80,0,62,62,81,81,0,0.020797168045202357,0.020797168045202357,83,83,0,-1,2,2,3,9,94,39,99
510,6,212,34,96,62,12,12,39,39,0,6,12,34,44,10,0.00030634126416828345,0.003812246842983083,34,51,17,3,4,4,2,1,93,4,47
511,0,616,1,100,99,0,62,1,40,39,0,60,1,55,54,0.0,0.008339289969025495,1,65,64,2,-1,3,9,0,28,99,8
512,112,318,84,99,15,88,88,82,82,0,88,88,82,82,0,0.014806494434800367,0.01579359406378706,81,81,0,3,2,2,4,8,72,17,49
513,0,616,1,100,99,0,18,1,50,49,0,18,1,53,52,0.0,0.008237176214302734,1,63,62,2,-1,3,2,0,86,93,72
514,26,642,45,100,55,56,76,44,53,9,26,76,45,65,20,0.0038462847612240037,0.0247115286429082,48,87,39,2,3,3,6,6,56,73,16
515,329,945,98,100,2,120,120,100,100,0,120,120,100,100,0,0.044045066203750975,0.07352190340038803,95,99,4,2,2,2,3,30,87,7,2
516,140,242,88,95,7,144,144,91,91,0,144,144,91,91,0,0.018108172504169646,0.018142210422410564,83,83,0,4,2,2,6,8,32,20,65
517,176,176,86,86,0,142,142,78,78,0,142,142,84,84,0,0.01596378365499166,0.01596378365499166,76,76,0,-1,2,2,8,14,21,14,81
518,34,34,55,55,0,22,22,49,49,0,22,22,50,50,0,0.005922597773920147,0.005922597773920147,57,57,0,-1,3,3,2,4,93,72,96
519,46,662,59,100,41,28,38,45,55,10,28,38,50,58,8,0.007726607440688927,0.01940161339732462,64,84,20,2,3,3,3,7,58,21,77
520,122,224,85,97,12,72,72,84,84,0,72,72,84,84,0,0.018925082541951733,0.021750229755948126,81,85,4,4,2,2,3,15,81,19,22
521,100,100,57,57,0,100,100,38,38,0,100,100,57,57,0,0.022328874366043774,0.022396950202525613,83,83,0,4,1,1,16,14,4,32,65
522,6,6,29,29,0,18,18,29,29,0,6,6,29,29,0,0.0002723033459273631,0.0002723033459273631,33,33,0,-1,4,4,8,1,30,55,59
523,100,100,66,66,0,100,100,49,49,0,100,100,66,66,0,0.029374723441914292,0.029374723441914292,89,89,0,-1,1,1,9,6,54,77,93
524,0,616,1,100,99,0,90,1,38,37,0,55,1,50,49,0.0,0.0046972327172470135,1,54,53,2,-1,3,14,1,25,50,28
525,98,714,65,100,35,198,198,86,86,0,98,119,65,78,13,0.011266550937744648,0.015521290717859695,73,77,4,2,2,2,10,5,1,25,73
526,0,206,1,90,89,0,40,1,36,35,0,24,1,43,42,0.0,0.004731270635487933,1,55,54,3,-1,4,8,0,39,91,72
527,246,452,93,98,5,272,272,87,87,0,272,272,96,96,0,0.017972020831205963,0.02042275094455223,80,81,1,3,2,2,14,18,8,5,41
528,46,46,62,62,0,22,22,47,47,0,22,22,52,52,0,0.005071649817897137,0.005071649817897137,58,58,0,-1,3,3,2,6,89,26,45
529,46,1686,59,100,41,52,86,74,92,18,46,86,62,92,30,0.005105687736138058,0.05200993907212635,55,97,42,1,2,2,3,2,58,63,23
530,22,638,40,100,60,122,132,55,57,2,22,47,40,48,8,0.002212464685659825,0.004595118962524252,42,54,12,2,3,3,16,2,4,83,41
531,100,100,67,67,0,100,100,54,54,0,100,100,67,67,0,0.056843323462337045,0.056843323462337045,99,99,0,-1,1,1,9,29,35,11,36
532,120,120,76,76,0,116,116,68,68,0,120,120,77,77,0,0.007216038667075122,0.007216038667075122,59,59,0,-1,2,2,7,6,24,13,81
533,315,1955,96,100,4,350,374,98,98,0,315,374,96,98,2,0.027264372510977228,0.0649443480036761,89,100,11,1,2,2,15,20,7,23,2
534,6,1646,29,100,71,35,112,31,57,26,6,64,29,53,24,0.0002042275094455223,0.011709043874876613,31,68,37,1,4,2,15,1,7,65,38
535,0,616,1,100,99,0,86,1,42,41,0,72,1,61,60,0.0,0.009870996289866912,1,69,68,2,-1,3,10,0,12,93,20
536,214,1854,89,100,11,300,334,89,96,7,214,334,89,97,8,0.014806494434800367,0.044589672895605705,77,97,20,1,2,2,14,9,16,27,1
537,0,1640,1,100,99,0,80,1,41,40,0,80,1,57,56,0.0,0.019980258007420267,1,83,82,1,-1,2,9,0,29,85,24
538,14,1654,40,100,60,26,60,37,54,17,14,60,40,59,19,0.001497668402600497,0.025834779944858572,42,85,43,1,4,2,5,3,70,43,34
539,2,618,27,100,73,8,34,29,38,9,2,34,27,50,23,0.00010211375472276115,0.012117498893767658,29,75,46,2,5,3,4,1,53,95,5
540,0,0,1,1,0,0,0,1,1,0,0,0,1,1,0,0.0,0.0,1,1,0,-1,-1,-1,16,0,9,84,79
541,0,616,1,100,99,0,22,1,41,40,0,22,1,43,42,0.0,0.02413288403281255,1,89,88,2,-1,3,2,0,91,92,11
542,2,208,27,90,63,7,36,27,35,8,2,36,27,49,22,0.0,0.007760645358929848,1,64,63,3,5,4,6,2,48,58,77
543,70,686,57,100,43,130,140,65,68,3,70,140,57,83,26,0.005718370264474625,0.011743081793117532,56,73,17,2,3,3,10,5,36,47,35
544,24,640,43,100,57,68,78,41,43,2,24,64,43,55,12,0.001599782157323258,0.0061949011198475104,42,57,15,2,3,3,8,4,10,64,26
545,0,206,1,90,89,0,18,1,32,31,0,15,1,38,37,0.0,0.0027911092957554717,1,48,47,3,-1,4,5,0,80,96,41
546,314,914,96,100,4,150,150,90,90,0,150,150,91,91,0,0.03699921712788046,0.0455767725245924,94,97,3,2,2,2,7,29,62,0,17
547,0,0,1,1,0,0,0,1,1,0,0,0,1,1,0,0.0,0.0,1,1,0,-1,-1,-1,12,0,6,97,67
548,190,806,87,100,13,150,150,73,73,0,150,150,85,85,0,0.018959120460192654,0.033833690731474866,80,94,14,2,3,3,10,17,22,6,15
549,346,946,96,100,4,184,184,94,94,0,184,184,94,94,0,0.03686306545491678,0.043704687021341775,94,96,2,2,2,2,7,27,43,10,8
550,22,638,41,100,59,52,66,40,49,9,22,66,41,60,19,0.002110350930937064,0.010143299635794275,42,67,25,2,3,3,6,2,56,83,20
551,28,644,40,100,60,42,52,36,39,3,28,52,40,53,13,0.0012594029749140542,0.009054086252084823,37,67,30,2,3,3,6,4,51,64,20
552,34,650,54,100,46,32,32,58,58,0,32,32,59,59,0,0.0033016780693692774,0.011164437183021887,51,73,22,2,3,3,2,6,68,70,62
553,64,680,58,100,42,134,134,72,72,0,64,134,58,81,23,0.007352190340038803,0.019776030497974745,62,83,21,2,3,3,9,4,31,72,5
554,22,228,38,92,54,56,56,37,37,0,22,37,38,45,7,0.0005105687736138058,0.0031314884781646754,33,48,15,3,3,3,9,2,29,56,41
555,0,206,1,91,90,0,24,1,39,38,0,24,1,49,48,0.0,0.008135062459579971,1,64,63,3,-1,4,4,1,84,45,27
556,0,1640,1,100,99,0,140,1,64,63,0,140,1,81,80,0.0,0.0368971033731577,1,94,93,1,-1,2,11,0,33,81,10
557,0,616,1,100,99,0,78,1,46,45,0,78,1,62,61,0.0,0.018108172504169646,1,81,80,2,-1,3,8,0,57,92,16
558,0,0,1,1,0,0,0,1,1,0,0,0,1,1,0,0.0,0.0,1,1,0,-1,-1,-1,4,0,73,96,92
559,0,616,1,99,98,0,76,1,34,33,0,24,1,42,41,0.0,0.0024166921951053475,1,44,43,2,-1,3,17,0,20,40,70
560,100,716,67,100,33,104,104,80,80,0,104,104,81,81,0,0.011266550937744648,0.029408761360155213,70,90,20,2,2,2,5,6,63,77,23
561,64,64,59,59,0,86,86,57,57,0,64,64,60,60,0,0.007794683277170768,0.007794683277170768,63,63,0,-1,3,3,6,4,65,38,82
562,0,616,1,100,99,0,50,1,32,31,0,16,1,34,33,0.0,0.0028591851322373124,1,48,47,2,-1,3,10,0,36,76,46
563,16,222,35,90,55,46,50,34,36,2,16,23,35,42,7,0.000442492937131965,0.0007488342013002485,34,37,3,3,3,3,10,1,12,88,63
564,322,922,97,100,3,120,120,100,100,0,120,120,100,100,0,0.041185881071513664,0.048504033493311546,95,96,1,2,2,2,3,29,64,0,39
565,6,622,32,100,68,20,34,34,42,8,6,34,32,51,19,0.0012253650566731338,0.01058579257292624,41,73,32,2,4,3,4,1,79,71,33
566,16,632,33,100,67,52,70,36,41,5,16,52,33,55,22,0.0005786446100956465,0.0068075836481840775,35,61,26,2,3,3,9,1,31,49,48
567,88,704,66,100,34,114,114,73,73,0,88,114,67,79,12,0.012219612648490419,0.01592974573675074,72,78,6,2,3,3,9,8,26,8,83
568,2,618,26,100,74,17,72,27,34,7,2,26,26,39,13,0.00010211375472276115,0.003710133088260322,28,51,23,2,5,3,15,1,7,68,41
569,6,212,29,89,60,13,14,29,31,2,6,14,29,35,6,0.00013615167296368154,0.0023486163586235067,31,47,16,3,4,4,5,1,61,65,75
570,0,1640,1,100,99,0,46,1,86,85,0,46,1,87,86,0.0,0.062187276626161546,1,98,97,1,-1,2,2,0,97,92,37
571,32,238,47,95,48,60,60,41,41,0,32,52,47,57,10,0.0016338200755641784,0.005684332346233704,42,59,17,3,3,3,8,3,39,51,38
572,214,315,90,94,4,142,142,72,72,0,142,142,83,83,0,0.02130773681881616,0.021341774737057083,85,85,0,5,2,2,8,16,42,18,78
573,94,196,73,92,19,48,48,63,63,0,48,48,64,64,0,0.00881582082439838,0.00888389666088022,69,69,0,4,3,3,3,9,82,31,95
574,272,1912,94,100,6,212,256,90,94,4,212,256,93,94,1,0.021818305592429966,0.05708158889002349,84,99,15,1,2,2,10,16,18,12,2
575,6,622,30,100,70,24,34,34,36,2,6,22,30,40,10,0.0008169100377820892,0.0023486163586235067,36,46,10,2,4,3,6,2,34,42,49
576,100,100,61,61,0,100,100,40,40,0,100,100,61,61,0,0.04115184315327275,0.05943020524864699,95,99,4,2,1,1,14,22,8,9,0
577,199,199,89,89,0,144,144,91,91,0,144,144,91,91,0,0.026379386636713298,0.026379386636713298,86,86,0,-1,2,2,6,20,74,23,84
578,198,798,91,100,9,158,158,80,80,0,158,158,86,86,0,0.019707954661492902,0.04288777698355969,83,97,14,2,2,2,9,18,23,5,3
579,0,206,1,93,92,0,18,1,40,39,0,18,1,44,43,0.0,0.013036522686272508,1,74,73,3,-1,4,3,0,60,80,30
580,124,740,78,100,22,144,144,91,91,0,124,144,90,91,1,0.012968446849790666,0.0176997174852786,74,78,4,2,2,2,6,7,51,21,38
581,96,1736,66,100,34,122,146,69,83,14,96,146,66,83,17,0.009564655025698629,0.037509785901494265,65,97,32,1,2,2,8,6,27,34,15
582,0,0,1,1,0,0,0,1,1,0,0,0,1,1,0,0.0,0.0,1,1,0,-1,-1,-1,2,0,97,36,85
583,22,228,51,94,43,44,44,53,53,0,22,44,51,57,6,0.004016474352428605,0.008237176214302734,55,65,10,3,3,3,4,3,78,29,13
584,234,850,91,100,9,120,120,77,77,0,120,120,84,84,0,0.019571802988529223,0.04132203274447735,83,97,14,2,2,2,6,16,40,12,0
585,100,100,64,64,0,100,100,49,49,0,100,100,64,64,0,0.03819054426631267,0.060213077368188164,92,99,7,1,1,1,8,15,42,19,33
586,100,100,59,59,0,100,100,40,40,0,100,100,59,59,0,0.01766567956703768,0.025970931617822254,78,88,10,2,1,1,15,5,7,47,27
587,12,218,39,93,54,20,24,35,37,2,12,24,39,49,10,0.0012253650566731338,0.006126825283365669,41,57,16,3,4,4,4,3,73,51,13
588,0,616,1,100,99,0,42,1,38,37,0,42,1,50,49,0.0,0.006433166547533953,1,61,60,2,-1,3,6,0,59,67,48
589,320,526,96,98,2,280,280,96,96,0,280,280,96,96,0,0.026209197045508698,0.027774941284591036,88,91,3,3,2,2,10,17,12,6,94
590,6,108,32,82,50,14,14,35,35,0,6,10,32,39,7,0.0013274788113958951,0.0028932230504782326,40,51,11,4,4,4,3,1,76,71,75
591,80,286,61,94,33,126,126,80,80,0,80,126,63,82,19,0.010109261717553355,0.010926171755335444,68,69,1,3,2,2,7,5,62,25,64
592,258,464,95,98,3,216,216,96,96,0,216,216,96,96,0,0.024234997787535316,0.024949794070594642,87,88,1,3,2,2,9,15,29,16,78
593,0,0,1,1,0,0,0,1,1,0,0,0,1,1,0,0.0,0.0,1,1,0,-1,-1,-1,2,0,98,86,92
594,6,622,30,100,70,32,68,31,37,6,6,50,30,55,25,0.00017018959120460194,0.008066986623098132,30,64,34,2,4,3,11,1,38,60,20
595,12,114,42,85,43,12,12,37,37,0,12,12,41,41,0,0.0020422750944552232,0.002995336805200994,44,49,5,4,4,4,2,2,89,83,51
596,0,616,1,100,99,0,62,1,48,47,0,62,1,60,59,0.0,0.011062323428299126,1,71,70,2,-1,3,6,0,34,97,27
597,0,1640,1,100,99,0,122,1,67,66,0,122,1,81,80,0.0,0.03526328329759352,1,92,91,1,-1,2,8,0,30,79,11
598,0,206,1,96,95,0,8,1,32,31,0,8,1,38,37,0.0,0.006909697402906838,1,62,61,3,-1,4,2,0,86,99,20
599,1,207,26,93,67,2,12,26,35,9,1,12,26,36,10,3.4037918240920386e-05,0.010381565063480718,26,72,46,3,6,4,2,2,68,58,39
600,6,6,29,29,0,26,26,32,32,0,6,6,29,29,0,0.00030634126416828345,0.00030634126416828345,34,34,0,-1,4,4,7,1,24,60,82
601,32,1672,46,100,54,112,146,58,65,7,32,90,46,60,14,0.002280540522141666,0.01409169815174104,46,75,29,1,3,2,12,2,14,75,70
602,66,272,61,97,36,32,32,58,58,0,32,32,59,59,0,0.005582218591510943,0.008986010415602982,58,64,6,3,3,3,2,6,68,28,29
603,0,1640,1,100,99,0,156,1,71,70,0,156,1,85,84,0.0,0.02913645801422785,1,87,86,1,-1,2,12,0,3,81,11
604,0,206,1,94,93,0,14,1,31,30,0,12,1,35,34,0.0,0.002586881786309949,1,46,45,3,-1,4,3,0,96,85,29
605,57,159,65,89,24,28,28,45,45,0,28,28,49,49,0,0.007488342013002485,0.009088124170325743,63,67,4,4,3,3,3,8,60,44,90
606,100,100,59,59,0,100,100,40,40,0,100,100,59,59,0,0.0631063004186664,0.06582933387794003,100,100,0,2,1,1,15,36,7,2,22
607,22,638,47,100,53,34,44,44,47,3,22,44,47,57,10,0.002927260968719153,0.00803294870485721,49,64,15,2,3,3,4,2,47,75,26
608,55,55,55,55,0,56,56,48,48,0,55,55,56,56,0,0.004561081044283332,0.004561081044283332,53,53,0,-1,3,3,6,6,65,28,85
609,0,0,1,1,0,0,0,1,1,0,0,0,1,1,0,0.0,0.0,1,1,0,-1,-1,-1,10,0,12,86,97
610,0,102,1,82,81,0,4,1,26,25,0,3,1,30,29,0.0,0.00010211375472276115,1,30,29,4,-1,5,3,0,85,36,63
611,1,617,25,100,75,4,64,25,62,37,1,64,25,63,38,6.807583648184077e-05,0.028830116750059566,28,91,63,2,6,3,4,1,79,68,1
612,134,236,80,93,13,208,208,89,89,0,134,138,80,80,0,0.010177337554035196,0.010858095918853602,70,70,0,4,2,2,10,7,12,21,51
613,149,250,84,93,9,84,84,69,69,0,84,84,71,71,0,0.010483678818203479,0.01055175465468532,70,70,0,6,2,2,5,13,37,24,58
614,80,286,64,95,31,70,70,56,56,0,80,70,69,63,-6,0.005786446100956465,0.007011811157629599,56,61,5,3,3,3,5,5,37,47,74
615,78,78,64,64,0,110,110,81,81,0,78,78,64,64,0,0.00891793457912114,0.00891793457912114,67,67,0,-1,2,2,6,7,65,62,80
616,100,100,59,59,0,100,100,45,45,0,100,100,59,59,0,0.035875965825930084,0.03594404166241193,92,92,0,4,1,1,10,16,0,18,60
617,40,40,50,50,0,82,82,41,41,0,40,40,50,50,0,0.0015317063208414173,0.0015317063208414173,41,41,0,-1,2,2,11,1,5,4,40
618,0,616,1,100,99,0,100,1,37,36,0,44,1,51,50,0.0,0.005105687736138058,1,54,53,2,-1,3,16,0,9,80,72
619,250,351,95,100,5,96,96,91,91,0,96,96,91,91,0,0.03512713162462984,0.03512713162462984,92,92,0,6,2,2,3,22,76,9,58
620,0,206,1,93,92,0,12,1,32,31,0,6,1,32,31,0.0,0.0013615167296368155,1,41,40,3,-1,4,4,0,73,84,53
621,40,246,57,97,40,56,56,76,76,0,40,56,76,76,0,0.007113924912352361,0.010619830491167161,61,73,12,3,2,2,2,1,68,53,22
622,6,212,29,87,58,22,42,29,32,3,6,20,29,40,11,0.00010211375472276115,0.0029612988869600733,30,50,20,3,4,4,11,1,5,55,73
623,0,0,1,1,0,0,0,1,1,0,0,0,1,1,0,0.0,0.0,1,1,0,-1,-1,-1,4,0,78,85,93
624,142,758,78,100,22,174,174,72,72,0,142,174,78,86,8,0.01065386840940808,0.02365635317743967,74,87,13,2,2,2,10,9,0,27,37
625,121,1761,82,100,18,230,274,75,83,8,121,274,82,95,13,0.008543517478471017,0.022294836447802852,64,83,19,1,2,2,16,8,4,44,32
626,1,207,26,94,68,3,14,26,33,7,1,14,26,40,14,0.00010211375472276115,0.0038462847612240037,30,50,20,3,6,4,3,1,60,78,47
627,40,656,49,100,51,102,112,56,57,1,40,50,49,54,5,0.003880322679464924,0.006058749446883829,54,59,5,2,3,3,12,6,14,73,46
628,0,206,1,91,90,0,46,1,34,33,0,28,1,43,42,0.0,0.005786446100956465,1,60,59,3,-1,4,9,0,31,59,34
629,66,272,55,95,40,194,194,72,72,0,64,76,54,56,2,0.005650294427992784,0.006297014874570271,55,57,2,3,2,2,15,6,7,41,63
630,48,254,61,94,33,62,62,75,75,0,48,62,64,76,12,0.00445896728956057,0.009496579189216788,53,71,18,3,2,2,3,4,82,64,72
631,1,617,25,100,75,2,22,25,51,26,1,22,25,53,28,6.807583648184077e-05,0.013649205214609075,29,75,46,2,6,3,2,1,86,78,19
632,96,696,78,100,22,72,72,85,85,0,72,72,85,85,0,0.016508390346846386,0.03104258143571939,81,92,11,2,2,2,3,8,60,20,5
633,75,75,73,73,0,22,22,52,52,0,22,22,54,54,0,0.010994247591817285,0.010994247591817285,68,68,0,-1,3,3,2,14,86,32,50
634,85,701,75,100,25,32,32,70,70,0,32,32,70,70,0,0.010007147962830594,0.03182545355526056,68,93,25,2,3,3,2,13,95,24,1
635,22,22,47,47,0,28,28,48,48,0,22,22,48,48,0,0.001940161339732462,0.001940161339732462,43,43,0,-1,3,3,3,2,55,61,82
636,0,102,1,77,76,0,7,1,27,26,0,3,1,31,30,0.0,0.0006126825283365669,1,37,36,4,-1,5,4,0,84,92,51
637,100,100,65,65,0,100,100,47,47,0,100,100,65,65,0,0.023179822322066782,0.023179822322066782,84,84,0,-1,1,1,11,9,38,31,80
638,201,1801,96,100,4,56,56,84,84,0,56,56,84,84,0,0.03448041117805235,0.08996221791075258,95,99,4,1,2,2,2,29,86,0,11
639,0,206,1,91,90,0,26,1,33,32,0,26,1,46,45,0.0,0.00881582082439838,1,64,63,3,-1,4,5,0,52,92,39
640,104,704,73,100,27,154,154,72,72,0,104,154,73,84,11,0.006058749446883829,0.023111746485584943,59,86,27,2,2,2,10,5,11,47,9
641,0,616,1,100,99,0,48,1,40,39,0,48,1,53,52,0.0,0.008135062459579971,1,64,63,2,-1,3,7,0,62,97,27
642,0,616,1,100,99,0,18,1,46,45,0,17,1,49,48,0.0,0.006909697402906838,1,65,64,2,-1,3,2,0,89,66,74
643,2,618,26,100,74,10,50,27,35,8,2,27,26,46,20,3.4037918240920386e-05,0.0035059055788147996,26,51,25,2,5,3,8,1,15,68,22
644,1,617,26,100,74,9,70,26,42,16,1,70,26,59,33,3.4037918240920386e-05,0.010755982164130842,27,69,42,2,6,3,9,1,26,68,14
645,36,36,53,53,0,28,28,43,43,0,28,28,50,50,0,0.0038462847612240037,0.0038462847612240037,52,52,0,-1,3,3,3,6,66,41,59
646,0,206,1,94,93,0,9,1,30,29,0,6,1,30,29,0.0,0.0008509479560230097,1,36,35,3,-1,4,3,1,66,45,88
647,16,1656,39,100,61,42,90,41,70,29,16,90,39,72,33,0.0040845501889104465,0.029817216379046257,51,90,39,1,3,2,6,1,69,90,73
648,0,0,1,1,0,0,0,1,1,0,0,0,1,1,0,0.0,0.0,1,1,0,-1,-1,-1,3,0,96,93,85
649,307,407,99,99,0,64,64,70,70,0,64,64,70,70,0,0.042070866945777594,0.04220701861874128,96,96,0,4,3,3,4,40,84,3,56
650,145,247,90,97,7,48,48,68,68,0,48,48,69,69,0,0.019878144252697506,0.020626978453997753,85,85,0,4,3,3,3,18,81,5,74
651,16,16,40,40,0,46,46,46,46,0,16,16,40,40,0,0.0035059055788147996,0.0035059055788147996,49,49,0,-1,3,3,5,1,88,90,66
652,82,288,69,96,27,54,54,55,55,0,54,54,60,60,0,0.011947309302563056,0.020014295925661188,71,82,11,3,3,3,4,8,84,17,27
653,73,1673,61,100,39,68,68,66,66,0,73,68,69,69,0,0.006773545729943157,0.042479321964668644,58,96,38,1,2,2,4,4,53,22,16
654,16,632,31,100,69,50,68,33,34,1,16,44,31,47,16,0.0002723033459273631,0.001940161339732462,32,43,11,2,3,3,14,1,25,4,43
655,52,154,65,93,28,12,12,37,37,0,12,12,42,42,0,0.007794683277170768,0.009462541270975866,66,67,1,4,4,4,2,13,99,24,75
656,0,0,1,1,0,0,0,1,1,0,0,0,1,1,0,0.0,0.0,1,1,0,-1,-1,-1,6,0,44,96,81
657,129,745,87,100,13,78,78,75,75,0,78,78,77,77,0,0.015214949453691413,0.022635215630212056,79,85,6,2,2,2,4,14,77,32,24
658,32,648,44,100,56,58,78,39,44,5,32,78,44,57,13,0.002586881786309949,0.015180911535450491,47,79,32,2,3,3,8,2,42,75,30
659,413,619,98,100,2,168,168,95,95,0,168,168,95,95,0,0.03791824092038531,0.040164743524286055,94,95,1,3,2,2,6,29,41,1,73
660,100,100,61,61,0,100,100,40,40,0,100,100,61,61,0,0.036080193335375606,0.04469178665032847,93,96,3,2,1,1,14,15,8,16,20
661,33,649,57,100,43,22,32,52,62,10,22,32,54,63,9,0.005105687736138058,0.021511964328261683,60,86,26,2,3,3,2,6,86,35,6
662,80,286,72,96,24,88,88,80,80,0,88,88,81,81,0,0.014295925661186561,0.016270124919159943,78,81,3,3,2,2,4,5,77,25,46
663,0,0,1,1,0,0,0,1,1,0,0,0,1,1,0,0.0,0.0,1,1,0,-1,-1,-1,7,0,43,86,97
664,0,206,1,90,89,0,30,1,36,35,0,30,1,48,47,0.0,0.009734844616903231,1,70,69,3,-1,4,5,0,80,82,37
665,0,206,1,96,95,0,18,1,35,34,0,18,1,44,43,0.0,0.003914360597705844,1,51,50,3,-1,4,3,0,75,98,62
666,459,459,99,99,0,248,248,98,98,0,248,248,98,98,0,0.03880322679464924,0.03880322679464924,94,94,0,-1,2,2,8,30,30,7,40
667,104,310,75,96,21,132,132,75,75,0,104,132,76,81,5,0.007147962830593281,0.010075223799312433,60,68,8,3,2,2,8,6,10,26,22
668,6,6,33,33,0,14,14,33,33,0,6,6,33,33,0,0.0006467204465774873,0.0006467204465774873,36,36,0,-1,4,4,3,2,75,42,82
669,0,101,1,78,77,0,6,1,24,23,0,1,1,24,23,0.0,0.00017018959120460194,1,30,29,5,-1,6,6,0,69,91,55
670,84,700,71,100,29,72,72,85,85,0,72,72,85,85,0,0.012968446849790666,0.023452125667994147,74,89,15,2,2,2,3,6,94,26,19
671,2,618,26,100,74,14,74,27,35,8,2,36,26,47,21,6.807583648184077e-05,0.005650294427992784,27,55,28,2,5,3,12,2,3,58,62
672,0,102,1,80,79,0,4,1,27,26,0,2,1,27,26,0.0,0.00030634126416828345,1,34,33,4,-1,5,3,0,76,85,49
673,0,616,1,100,99,0,46,1,39,38,0,46,1,56,55,0.0,0.010041185881071514,1,69,68,2,-1,3,6,0,44,81,33
674,0,616,1,99,98,0,116,1,61,60,0,116,1,77,76,0.0,0.0230436706491031,1,89,88,2,-1,3,11,0,19,40,10
675,2,208,27,94,67,5,16,27,34,7,2,16,27,37,10,0.0,0.0024166921951053475,1,46,45,3,5,4,4,1,53,68,41
676,100,100,69,69,0,100,100,69,69,0,100,100,71,71,0,0.07331767589094251,0.07512168555771129,99,100,1,3,1,1,6,40,34,3,41
677,174,374,89,97,8,88,88,77,77,0,88,88,77,77,0,0.02100139555464788,0.03087239184451479,85,90,5,3,2,2,4,16,79,12,6
678,0,616,1,100,99,0,56,1,36,35,0,47,1,54,53,0.0,0.007998910786616291,1,63,62,2,-1,3,9,1,28,45,44
679,100,100,63,63,0,100,100,47,47,0,100,100,63,63,0,0.024200959869294394,0.024200959869294394,85,85,0,5,1,1,10,13,22,24,78
680,0,0,1,1,0,0,0,1,1,0,0,0,1,1,0,0.0,0.0,1,1,0,-1,-1,-1,3,1,55,50,85
681,0,206,1,95,94,0,8,1,31,30,0,8,1,37,36,0.0,0.0035739814152966403,1,51,50,3,-1,4,2,0,95,86,72
682,100,100,61,61,0,100,100,44,44,0,100,100,61,61,0,0.049389019367575476,0.05054630858776677,98,99,1,2,1,1,12,29,6,0,61
683,100,100,76,76,0,100,100,91,91,0,100,100,91,91,0,0.04043704687021342,0.08359712719970047,94,100,6,1,1,1,4,6,77,35,6
684,241,857,95,100,5,56,56,76,76,0,56,56,77,77,0,0.03526328329759352,0.043023928656523366,94,96,2,2,2,2,2,29,68,11,62
685,6,212,28,92,64,43,72,30,33,3,6,18,28,39,11,0.00017018959120460194,0.001940161339732462,29,41,12,3,4,4,16,1,4,65,52
686,76,1716,56,100,44,168,212,68,77,9,76,212,56,89,33,0.007998910786616291,0.023996732359848873,64,85,21,1,3,2,13,6,13,34,31
687,16,632,36,100,64,40,40,42,42,0,16,40,36,52,16,0.002110350930937064,0.007147962830593281,46,61,15,2,3,3,5,1,61,53,13
688,0,616,1,100,99,0,86,1,41,40,0,86,1,60,59,0.0,0.015419176963136935,1,79,78,2,-1,3,10,0,1,59,5
689,16,16,33,33,0,66,66,36,36,0,16,16,33,33,0,0.0006126825283365669,0.0006126825283365669,36,36,0,-1,3,3,10,1,0,49,98
690,68,274,63,98,35,38,38,46,46,0,38,38,51,51,0,0.008441403723748256,0.010994247591817285,64,75,11,3,3,3,3,7,96,48,29
691,294,294,98,98,0,136,136,98,98,0,136,136,98,98,0,0.04128799482623643,0.04128799482623643,95,95,0,-1,2,2,4,27,77,10,45
692,104,104,71,71,0,148,148,71,71,0,104,104,71,71,0,0.00704584907587052,0.00704584907587052,61,61,0,-1,2,2,9,6,28,26,50
693,0,206,1,91,90,0,26,1,34,33,0,6,1,30,29,0.0,0.0015657442390823377,1,42,41,3,-1,4,7,0,62,92,53
694,0,206,1,91,90,0,19,1,30,29,0,6,1,27,26,0.0,0.0010892133837094523,1,36,35,3,-1,4,6,1,56,69,53
695,24,640,43,100,57,78,102,39,55,16,24,86,43,58,15,0.0012253650566731338,0.012559991830899623,39,70,31,2,3,3,12,4,2,64,39
696,88,688,62,100,38,142,142,71,71,0,88,142,62,81,19,0.008135062459579971,0.015487252799618776,64,78,14,2,2,2,8,7,15,62,20
697,41,247,57,97,40,38,38,47,47,0,38,38,53,53,0,0.004322815616596889,0.011777119711358454,53,77,24,3,3,3,3,6,75,35,8
698,410,1010,98,100,2,280,280,98,98,0,280,280,98,98,0,0.03274447734776541,0.039824364341876854,90,95,5,2,2,2,10,22,11,9,20
699,22,638,39,100,61,102,136,55,62,7,22,119,39,77,38,0.0017359338302869397,0.016202049082678104,43,78,35,2,3,3,16,2,9,83,5
700,0,101,1,78,77,0,6,1,25,24,0,1,1,25,24,0.0,0.0,1,1,0,5,-1,6,6,0,32,91,68
701,0,102,1,76,75,0,7,1,25,24,0,2,1,25,24,0.0,0.0002723033459273631,1,30,29,4,-1,5,6,0,56,79,55
702,144,1744,82,100,18,224,224,88,88,0,144,224,82,90,8,0.010075223799312433,0.03611423125361653,70,92,22,1,2,2,11,7,33,21,9
703,36,137,54,87,33,44,44,50,50,0,35,44,55,56,1,0.004356853534837809,0.00439089145307873,54,54,0,6,3,3,4,6,84,41,58
704,29,235,51,94,43,28,28,43,43,0,28,28,50,50,0,0.004016474352428605,0.006535280302256714,53,62,9,3,3,3,3,6,66,73,41
705,2,618,29,100,71,9,24,29,35,6,2,24,29,47,18,0.0002723033459273631,0.006603356138738555,33,61,28,2,5,3,5,1,49,55,31
706,0,102,1,83,82,0,4,1,28,27,0,3,1,32,31,0.0,0.0009870996289866913,1,38,37,4,-1,5,2,0,86,91,74
707,48,664,56,100,44,18,28,38,42,4,18,28,44,49,5,0.009360427516253106,0.015589366554341537,68,79,11,2,4,3,3,8,96,8,38
708,0,0,1,1,0,0,0,1,1,0,0,0,1,1,0,0.0,0.0,1,1,0,-1,-1,-1,4,0,84,92,36
709,0,206,1,92,91,0,33,1,33,32,0,15,1,35,34,0.0,0.002382654276864427,1,47,46,3,-1,4,9,0,35,81,41
710,18,634,40,100,60,52,76,40,53,13,18,76,40,65,25,0.0020082371762143027,0.02294155689438034,41,86,45,2,3,3,6,2,56,61,16
711,32,238,51,97,46,38,38,51,51,0,38,38,54,54,0,0.0040845501889104465,0.017052997038701112,52,78,26,3,3,3,3,6,94,41,23
712,247,863,92,100,8,248,248,89,89,0,248,248,92,92,0,0.025494400762449368,0.05575411007862759,86,100,14,2,2,2,11,20,5,23,2
713,6,6,30,30,0,16,16,33,33,0,6,6,30,30,0,0.0002042275094455223,0.0002042275094455223,31,31,0,-1,4,4,4,1,83,95,45
714,94,94,76,76,0,38,38,57,57,0,38,38,59,59,0,0.01579359406378706,0.01579359406378706,79,79,0,-1,3,3,3,9,55,39,59
715,174,174,87,87,0,110,110,78,78,0,110,110,82,82,0,0.018040096667687803,0.018040096667687803,79,79,0,-1,2,2,6,16,51,12,84
716,24,230,48,96,48,38,38,47,47,0,24,38,48,52,4,0.0027911092957554717,0.004765308553728854,49,54,5,3,3,3,3,3,75,54,70
717,84,84,75,75,0,32,32,58,58,0,32,32,60,60,0,0.014466115252391163,0.014466115252391163,78,78,0,-1,3,3,2,9,91,39,92
718,176,382,93,100,7,56,56,85,85,0,56,56,85,85,0,0.03094046768099663,0.03345927363082474,92,93,1,3,2,2,2,17,90,6,41
719,24,230,48,95,47,28,28,45,45,0,24,28,48,48,0,0.0028591851322373124,0.008679669151434699,49,67,18,3,3,3,3,6,60,70,24
720,49,255,56,96,40,48,48,69,69,0,48,48,70,70,0,0.005718370264474625,0.00789679703189353,57,61,4,3,3,3,3,4,55,22,70
721,54,260,58,94,36,70,70,63,63,0,54,70,58,65,7,0.008101024541339052,0.010007147962830594,64,67,3,3,3,3,5,7,49,62,83
722,0,0,1,1,0,0,0,1,1,0,0,0,1,1,0,0.0,0.0,1,1,0,-1,-1,-1,7,1,46,45,66
723,144,350,81,96,15,198,198,82,82,0,144,154,81,83,2,0.007624493685966166,0.0088498587426393,62,67,5,3,2,2,10,6,18,13,64
724,78,694,70,100,30,22,22,42,42,0,22,22,45,45,0,0.01065386840940808,0.027264372510977228,68,90,22,2,3,3,2,14,91,14,16
725,112,112,76,76,0,220,220,84,84,0,112,112,76,76,0,0.008169100377820893,0.008169100377820893,62,62,0,-1,2,2,12,4,14,72,69
726,2,2,27,27,0,4,4,29,29,0,2,2,27,27,0,0.00010211375472276115,0.00010211375472276115,29,29,0,-1,5,5,2,1,99,65,80
727,44,44,49,49,0,44,44,44,44,0,44,44,50,50,0,0.007318152421797883,0.007318152421797883,61,61,0,-1,3,3,4,4,67,38,84
728,1,1,25,25,0,2,2,25,25,0,1,1,25,25,0,0.0,0.0,1,1,0,-1,6,6,2,2,86,58,84
729,77,283,64,97,33,44,44,49,49,0,44,44,54,54,0,0.007182000748834201,0.012219612648490419,61,75,14,3,3,3,4,8,53,57,31
730,235,335,95,99,4,72,72,84,84,0,72,72,84,84,0,0.03699921712788046,0.03703325504612138,93,93,0,5,2,2,3,29,85,0,60
731,0,616,1,100,99,0,106,1,54,53,0,76,1,53,52,0.0,0.007828721195411689,1,62,61,2,-1,3,16,1,4,45,31
732,28,28,46,46,0,96,96,44,44,0,28,28,46,46,0,0.002110350930937064,0.002110350930937064,44,44,0,-1,3,3,11,3,38,54,92
733,308,308,97,97,0,376,376,98,98,0,308,308,97,97,0,0.022703291466693896,0.022703291466693896,87,87,0,-1,2,2,16,18,9,30,50
734,56,158,61,89,28,34,34,44,44,0,34,34,55,55,0,0.005446066918547262,0.006126825283365669,59,62,3,4,3,3,4,6,72,13,74
735,2,208,29,94,65,5,10,30,31,1,2,9,29,37,8,0.0002042275094455223,0.001157289220191293,32,40,8,3,5,4,3,1,60,65,61
736,111,727,76,100,24,164,164,74,74,0,111,164,76,85,9,0.008203138296061813,0.01330882603219987,64,73,9,2,2,2,10,8,22,44,62
737,331,947,99,100,1,88,88,71,71,0,88,88,71,71,0,0.03182545355526056,0.03975628850539501,94,96,2,2,2,2,4,29,53,1,27
738,6,212,28,93,65,27,44,28,31,3,6,18,28,39,11,0.0002723033459273631,0.0020082371762143027,30,42,12,3,4,4,10,1,36,55,52
739,20,636,46,100,54,22,32,42,57,15,22,32,46,58,12,0.0013274788113958951,0.020150447598624867,40,87,47,2,3,3,2,3,68,43,23
740,8,8,35,35,0,32,32,37,37,0,8,8,35,35,0,0.00034037918240920387,0.00034037918240920387,34,34,0,-1,4,4,6,2,32,56,59
741,82,698,59,100,41,174,174,73,73,0,82,138,59,80,21,0.0045270431260424114,0.009530617107457708,56,64,8,2,2,2,11,6,19,70,13
742,0,616,1,100,99,0,52,1,42,41,0,52,1,52,51,0.0,0.01232172640321318,1,72,71,2,-1,3,6,1,41,50,30
743,141,741,85,100,15,80,80,68,68,0,80,80,72,72,0,0.022669253548452978,0.0353994349705572,85,92,7,2,3,3,5,15,88,16,23
744,0,206,1,90,89,0,30,1,34,33,0,30,1,47,46,0.0,0.007590455767725246,1,64,63,3,-1,4,5,0,50,76,17
745,198,198,95,95,0,22,22,48,48,0,22,22,51,51,0,0.025868817863099493,0.025868817863099493,88,88,0,-1,3,3,2,22,95,9,40
746,39,141,51,88,37,38,38,46,46,0,38,38,51,51,0,0.005377991082065421,0.00622893903808843,54,56,2,4,3,3,3,6,96,73,51
747,12,218,38,93,55,14,14,34,34,0,12,18,38,46,8,0.0010892133837094523,0.0015657442390823377,40,43,3,3,4,4,3,3,64,51,49
748,0,102,1,78,77,0,15,1,26,25,0,2,1,26,25,0.0,3.4037918240920386e-05,1,25,24,4,-1,5,14,0,17,40,68
749,6,107,30,77,47,16,16,35,35,0,6,7,30,35,5,0.0009190237925048504,0.0009190237925048504,38,38,0,5,4,4,4,2,53,42,68
750,176,792,86,100,14,176,176,90,90,0,176,176,91,91,0,0.016338200755641786,0.033255046121379216,77,91,14,2,2,2,8,13,21,33,16
751,184,184,87,87,0,248,248,90,90,0,184,184,88,88,0,0.01330882603219987,0.01330882603219987,72,72,0,-1,2,2,11,8,33,17,69
752,2,2,26,26,0,11,11,26,26,0,2,2,26,26,0,0.00010211375472276115,0.00010211375472276115,29,29,0,-1,5,5,10,1,1,78,96
753,138,239,84,93,9,100,100,66,66,0,100,100,72,72,0,0.010041185881071514,0.010041185881071514,68,68,0,6,2,2,6,9,44,31,68
754,174,174,87,87,0,184,184,97,97,0,174,174,97,97,0,0.015725518227305217,0.015725518227305217,78,78,0,-1,2,2,7,8,62,17,59
755,76,276,69,98,29,72,72,77,77,0,72,72,79,79,0,0.010824058000612683,0.016338200755641786,75,79,4,3,2,2,3,7,96,21,27
756,0,0,1,1,0,0,0,1,1,0,0,0,1,1,0,0.0,0.0,1,1,0,-1,-1,-1,17,0,20,80,79
757,6,1646,29,100,71,25,156,29,71,42,6,156,29,85,56,0.00037441710065012424,0.031076619353960312,32,89,57,1,4,2,12,1,3,55,11
758,0,102,1,81,80,0,3,1,27,26,0,3,1,31,30,0.0,0.0011232513019503727,1,37,36,4,-1,5,2,0,95,97,54
759,80,286,61,94,33,104,104,73,73,0,80,88,62,64,2,0.008951972497362062,0.009462541270975866,69,70,1,3,2,2,6,2,41,75,63
760,0,0,1,1,0,0,0,1,1,0,0,0,1,1,0,0.0,0.0,1,1,0,-1,-1,-1,8,0,39,67,45
761,97,199,79,95,16,32,32,64,64,0,32,32,64,64,0,0.013819394805813677,0.013989584397018279,76,76,0,4,3,3,2,15,89,19,49
762,6,6,32,32,0,12,12,35,35,0,6,6,32,32,0,0.0009870996289866913,0.0009870996289866913,38,38,0,-1,4,4,2,1,98,71,92
763,8,8,37,37,0,14,14,34,34,0,8,8,37,37,0,0.0007828721195411688,0.0007828721195411688,38,38,0,-1,4,4,3,2,64,74,89
764,0,206,1,90,89,0,32,1,32,31,0,26,1,48,47,0.0,0.003165526396405596,1,50,49,3,-1,4,8,0,30,82,35
765,16,16,40,40,0,94,94,51,51,0,16,16,40,40,0,0.0020422750944552232,0.0020422750944552232,43,43,0,-1,3,3,9,1,26,53,89
766,66,66,65,65,0,60,60,55,55,0,60,60,60,60,0,0.008577555396711936,0.008577555396711936,68,68,0,-1,3,3,5,7,70,21,96
767,430,532,100,100,0,168,168,96,96,0,168,168,96,96,0,0.04864018516627523,0.04874229892099799,96,96,0,4,2,2,6,40,32,3,60
768,10,626,39,100,61,18,38,36,51,15,10,38,39,54,15,0.0014636304843595766,0.030191633479696382,42,93,51,2,4,3,3,3,66,43,3
769,140,140,91,91,0,56,56,84,84,0,56,56,84,84,0,0.026243234963749616,0.026243234963749616,88,88,0,-1,2,2,2,20,86,23,66
770,0,616,1,100,99,0,116,1,57,56,0,88,1,56,55,0.0,0.009496579189216788,1,66,65,2,-1,3,14,0,25,89,8
771,56,56,56,56,0,68,68,72,72,0,56,56,66,66,0,0.007454304094761564,0.007454304094761564,62,62,0,-1,2,2,4,2,67,83,97
772,94,710,59,100,41,166,176,67,69,2,94,146,59,85,26,0.006297014874570271,0.014568229007113924,59,76,17,2,2,2,12,6,6,28,77
773,2,618,26,100,74,9,74,26,44,18,2,74,26,57,31,6.807583648184077e-05,0.012253650566731339,29,77,48,2,5,3,8,1,42,78,39
774,16,222,41,93,52,28,28,42,42,0,16,28,41,50,9,0.0035059055788147996,0.005956635692161067,52,58,6,3,3,3,3,1,64,90,41
775,102,1742,75,100,25,176,200,74,80,6,102,200,75,91,16,0.012253650566731339,0.04540658293338779,73,97,24,1,3,2,11,8,19,20,1
776,12,1652,37,100,63,22,70,33,61,28,12,70,37,68,31,0.0011232513019503727,0.026855917492086184,40,90,50,1,4,2,5,2,45,74,44
777,2,2,26,26,0,11,11,26,26,0,2,2,26,26,0,0.0,0.0,1,1,0,-1,5,5,10,1,0,68,84
778,159,261,88,95,7,112,112,99,99,0,112,112,99,99,0,0.02198849518363457,0.022805405221416657,86,86,0,4,2,2,4,12,67,37,74
779,0,0,1,1,0,0,0,1,1,0,0,0,1,1,0,0.0,0.0,1,1,0,-1,-1,-1,2,0,98,66,87
780,0,0,1,1,0,0,0,1,1,0,0,0,1,1,0,0.0,0.0,1,1,0,-1,-1,-1,5,0,88,86,93
781,158,758,84,100,16,164,164,69,69,0,158,164,85,85,0,0.009598692943939549,0.01324075019571803,69,76,7,2,2,2,10,9,0,31,13
782,16,16,32,32,0,88,88,37,37,0,16,16,32,32,0,0.0004084550188910446,0.0004084550188910446,36,36,0,-1,3,3,14,1,8,49,79
783,6,6,29,29,0,10,10,29,29,0,6,6,29,29,0,0.0002382654276864427,0.0002382654276864427,32,32,0,-1,4,4,3,1,82,60,69
784,100,100,62,62,0,100,100,45,45,0,100,100,62,62,0,0.03274447734776541,0.034140031995643146,90,91,1,3,1,1,12,12,3,37,74
785,0,206,1,92,91,0,14,1,30,29,0,9,1,34,33,0.0,0.0009870996289866913,1,37,36,3,-1,4,5,0,63,84,64
786,0,102,1,81,80,0,6,1,30,29,0,6,1,31,30,0.0,0.005446066918547262,1,55,54,4,-1,5,3,0,96,76,8
787,100,100,69,69,0,100,100,55,55,0,100,100,69,69,0,0.02375846693216243,0.02733244834745907,85,91,6,3,1,1,9,5,26,47,22
788,324,426,98,100,2,96,96,89,89,0,96,96,89,89,0,0.03699921712788046,0.03774805132918071,94,94,0,4,2,2,3,29,64,1,51
789,0,0,1,1,0,0,0,1,1,0,0,0,1,1,0,0.0,0.0,1,1,0,-1,-1,-1,10,0,0,76,40
790,64,270,55,94,39,128,128,69,69,0,64,70,55,57,2,0.007216038667075122,0.007386228258279724,61,61,0,3,3,3,8,4,42,72,4
791,0,206,1,89,88,0,36,1,35,34,0,15,1,38,37,0.0,0.005105687736138058,1,55,54,3,-1,4,8,0,57,40,34
792,84,290,56,96,40,184,184,78,78,0,84,98,56,58,2,0.009190237925048503,0.00976888253514415,67,69,2,3,2,2,10,5,0,25,64
793,245,245,95,95,0,96,96,67,67,0,96,96,70,70,0,0.029578950951359814,0.029578950951359814,90,90,0,-1,3,3,6,29,65,0,99
794,6,212,30,92,62,18,36,32,35,3,6,12,30,35,5,0.00034037918240920387,0.002110350930937064,31,43,12,3,4,4,6,1,65,55,53
795,194,794,93,100,7,112,112,96,96,0,112,112,96,96,0,0.026175159127267776,0.044623710813846626,87,94,7,2,2,2,4,16,72,12,16
796,144,760,84,100,16,116,126,74,76,2,116,126,81,83,2,0.010245413390517035,0.038428809693999116,70,92,22,2,2,2,7,13,46,24,3
797,100,100,66,66,0,100,100,66,66,0,100,100,69,69,0,0.021818305592429966,0.04874229892099799,83,98,15,2,1,1,7,2,62,74,11
798,37,243,53,97,44,22,22,42,42,0,22,22,45,45,0,0.005037611899656217,0.012287688484972258,55,75,20,3,3,3,2,6,91,35,14
799,34,135,56,89,33,22,22,49,49,0,22,22,53,53,0,0.006399128629293032,0.006433166547533953,62,62,0,5,3,3,2,4,90,38,65
800,0,616,1,100,99,0,22,1,46,45,0,22,1,51,50,0.0,0.018244324177133328,1,82,81,2,-1,3,2,0,89,36,12
801,32,1672,40,100,60,94,132,38,60,22,32,90,40,57,17,0.0014295925661186562,0.012764219340345145,41,71,30,1,3,2,15,2,7,74,38
802,100,100,70,70,0,100,100,68,68,0,100,100,73,73,0,0.06171074577078866,0.06171074577078866,100,100,0,-1,1,1,6,29,48,1,87
803,246,348,95,99,4,72,72,83,83,0,72,72,83,83,0,0.035910003744171005,0.03611423125361653,93,93,0,4,2,2,3,29,58,11,55
804,16,632,34,100,66,90,110,46,59,13,16,73,34,58,24,0.003369753905851118,0.010449640899962559,52,66,14,2,3,3,10,1,11,90,44
805,45,146,62,90,28,48,48,68,68,0,48,48,69,69,0,0.009258313761530345,0.009360427516253106,69,70,1,6,3,3,3,5,81,25,78
806,6,212,29,93,64,10,14,29,31,2,6,12,29,34,5,6.807583648184077e-05,0.0024166921951053475,27,47,20,3,4,4,3,1,82,95,90
807,8,214,39,96,57,12,12,35,35,0,8,12,39,42,3,0.00176997174852786,0.009292351679771264,45,65,20,3,4,4,2,2,86,61,27
808,100,100,62,62,0,100,100,43,43,0,100,100,62,62,0,0.016372238673882704,0.01664454201981007,78,79,1,3,1,1,12,6,14,70,49
809,100,100,77,77,0,100,100,96,96,0,100,100,96,96,0,0.06620375097859015,0.06623778889683107,98,98,0,4,1,1,3,8,82,17,4
810,126,228,77,90,13,136,136,77,77,0,126,136,78,82,4,0.011334626774226489,0.011402702610708328,72,72,0,4,2,2,7,8,24,17,63
811,268,474,96,99,3,216,216,93,93,0,216,216,94,94,0,0.025188059498281085,0.025902855781340415,88,88,0,3,2,2,9,15,28,16,54
812,0,206,1,89,88,0,36,1,35,34,0,15,1,38,37,0.0,0.005105687736138058,1,56,55,3,-1,4,8,1,57,45,34
813,154,770,90,100,10,88,88,76,76,0,88,88,79,79,0,0.02049082678103407,0.024575376969944517,85,88,3,2,2,2,4,18,47,5,41
814,63,63,57,57,0,138,138,75,75,0,63,63,57,57,0,0.005582218591510943,0.005582218591510943,58,58,0,-1,2,2,9,4,31,22,59
815,7,7,36,36,0,26,26,36,36,0,7,7,36,36,0,0.0004084550188910446,0.0004084550188910446,34,34,0,-1,4,4,5,2,37,56,80
816,0,206,1,96,95,0,18,1,35,34,0,18,1,44,43,0.0,0.007760645358929848,1,63,62,3,-1,4,3,0,75,97,27
817,104,104,76,76,0,198,198,73,73,0,104,104,76,76,0,0.006773545729943157,0.006773545729943157,58,58,0,-1,2,2,14,6,25,26,91
818,0,206,1,92,91,0,22,1,33,32,0,22,1,44,43,0.0,0.005105687736138058,1,52,51,3,-1,4,5,0,88,85,44
819,152,752,84,100,16,108,108,69,69,0,108,108,77,77,0,0.012696143503863304,0.02130773681881616,75,84,9,2,3,3,8,14,10,14,19
820,353,559,97,100,3,128,128,92,92,0,128,128,92,92,0,0.037509785901494265,0.040028591851322376,94,94,0,3,2,2,5,30,50,7,35
821,0,0,1,1,0,0,0,1,1,0,0,0,1,1,0,0.0,0.0,1,1,0,-1,-1,-1,11,1,19,50,67
822,22,1662,41,100,59,42,80,36,60,24,22,80,41,66,25,0.0015317063208414173,0.04350045951189625,38,97,59,1,3,2,6,3,56,51,2
823,0,616,1,100,99,0,74,1,45,44,0,64,1,62,61,0.0,0.010313489226998877,1,68,67,2,-1,3,8,0,57,85,17
824,240,856,91,100,9,206,206,91,91,0,206,206,92,92,0,0.016474352428605468,0.02188638142891181,76,82,6,2,2,2,9,14,54,32,21
825,0,616,1,100,99,0,106,1,61,60,0,106,1,73,72,0.0,0.01579359406378706,1,76,75,2,-1,3,10,0,22,84,30
826,0,616,1,100,99,0,114,1,57,56,0,68,1,55,54,0.0,0.007318152421797883,1,57,56,2,-1,3,16,0,9,40,48
827,24,230,46,90,44,52,52,40,40,0,24,32,46,48,2,0.0010211375472276116,0.002144388849177984,39,46,7,3,3,3,7,4,24,64,51
828,2,618,26,100,74,7,56,26,43,17,2,56,26,51,25,0.00010211375472276115,0.011675005956635693,27,70,43,2,5,3,6,1,56,78,19
829,26,642,47,100,53,58,72,42,45,3,26,72,47,58,11,0.003948398515946765,0.010347527145239796,50,70,20,2,3,3,7,6,43,73,21
830,14,1654,39,100,61,18,62,36,73,37,14,62,39,74,35,0.001940161339732462,0.04962728479526192,46,97,51,1,4,2,3,3,64,54,16
831,120,1760,75,100,25,200,224,78,84,6,120,169,75,83,8,0.01065386840940808,0.02386058068688519,69,86,17,1,2,2,11,6,5,77,41
832,242,242,98,98,0,56,56,84,84,0,56,56,84,84,0,0.03682902753667586,0.03682902753667586,96,96,0,-1,2,2,2,29,86,1,99
833,40,656,45,100,55,160,160,65,65,0,40,56,45,49,4,0.0035739814152966403,0.0046972327172470135,51,51,0,2,2,2,15,3,7,46,49
834,6,6,32,32,0,10,10,32,32,0,6,6,32,32,0,6.807583648184077e-05,6.807583648184077e-05,30,30,0,-1,4,4,3,1,64,60,92
835,138,138,83,83,0,184,184,83,83,0,138,138,83,83,0,0.016440314510364547,0.016440314510364547,80,80,0,-1,2,2,10,9,1,39,76
836,39,140,55,87,32,44,44,50,50,0,39,44,56,56,0,0.004663194799006093,0.0046972327172470135,55,55,0,5,3,3,4,4,84,22,65
837,0,206,1,93,92,0,10,1,31,30,0,6,1,31,30,0.0,0.0015657442390823377,1,43,42,3,-1,4,3,0,60,84,94
838,6,108,28,76,48,18,19,28,29,1,6,9,28,34,6,0.0002042275094455223,0.0006467204465774873,29,34,5,4,4,4,8,1,27,95,63
839,100,100,66,66,0,100,100,67,67,0,100,100,73,73,0,0.04802750263793867,0.04802750263793867,97,97,0,5,1,1,5,18,52,5,68
840,335,435,99,100,1,96,96,95,95,0,96,96,95,95,0,0.05262262160046292,0.0544266312672317,98,98,0,4,2,2,3,36,55,2,35
841,0,206,1,92,91,0,26,1,35,34,0,16,1,36,35,0.0,0.004050512270669526,1,52,51,3,-1,4,5,0,63,67,38
842,100,100,61,61,0,100,100,40,40,0,100,100,61,61,0,0.017018959120460194,0.033799652813233945,75,91,16,1,1,1,14,6,8,13,32
843,76,1716,70,100,30,48,72,66,79,13,48,72,67,79,12,0.008271214132543654,0.05633275468872324,66,97,31,1,3,2,3,7,76,21,30
844,52,258,67,100,33,22,22,47,47,0,22,22,52,52,0,0.00616086320160659,0.007386228258279724,61,65,4,3,3,3,2,6,89,13,61
845,60,60,61,61,0,80,80,70,70,0,60,60,62,62,0,0.010619830491167161,0.010619830491167161,72,72,0,-1,3,3,5,5,45,25,66
846,488,694,100,100,0,216,216,96,96,0,216,216,97,97,0,0.045508696688110556,0.046529834235338165,97,97,0,3,2,2,9,40,35,3,64
847,2,208,26,92,66,15,68,28,34,6,2,48,26,53,27,6.807583648184077e-05,0.005037611899656217,28,55,27,3,5,4,12,1,6,68,31
848,192,398,92,100,8,96,96,94,94,0,96,96,94,94,0,0.028557813404132205,0.0335613873855475,89,90,1,3,2,2,3,18,92,5,24
849,0,1640,1,100,99,0,94,1,47,46,0,70,1,60,59,0.0,0.017121072875182955,1,79,78,1,-1,2,9,0,54,67,35
850,40,246,54,97,43,72,72,79,79,0,40,52,60,79,19,0.005003573981415297,0.008339289969025495,56,66,10,3,2,2,3,1,75,53,29
851,0,206,1,93,92,0,16,1,32,31,0,16,1,42,41,0.0,0.0053099152455835805,1,55,54,3,-1,4,4,0,73,93,31
852,314,914,94,100,6,230,230,95,95,0,230,230,95,95,0,0.025358249089485686,0.031314884781646755,86,87,1,2,2,2,9,19,31,15,21
853,80,80,72,72,0,48,48,66,66,0,48,48,67,67,0,0.009292351679771264,0.009292351679771264,69,69,0,-1,3,3,3,9,76,31,96
854,241,1881,92,100,8,232,256,92,95,3,232,256,93,95,2,0.018754892950747133,0.04806154055617958,82,97,15,1,2,2,10,15,1,19,9
855,94,195,65,92,27,60,60,48,48,0,60,60,61,61,0,0.007250076585316042,0.007318152421797883,63,63,0,5,3,3,5,9,63,31,68
856,0,206,1,91,90,0,16,1,32,31,0,16,1,43,42,0.0,0.00527587732734266,1,55,54,3,-1,4,4,0,84,93,48
857,126,332,82,96,14,94,94,68,68,0,94,94,71,71,0,0.017223186629905716,0.02127369890057524,80,84,4,3,2,2,5,12,50,37,26
858,14,115,39,82,43,18,18,35,35,0,14,18,39,45,6,0.0010211375472276116,0.001055175465468532,36,36,0,6,4,4,3,4,94,64,58
859,88,704,61,100,39,164,184,74,82,8,88,184,61,91,30,0.007726607440688927,0.024983831988835564,63,86,23,2,2,2,10,4,1,72,16
860,159,159,86,86,0,142,142,78,78,0,142,142,84,84,0,0.015419176963136935,0.015419176963136935,77,77,0,-1,2,2,8,15,10,19,59
861,49,255,56,95,39,56,56,44,44,0,49,56,56,57,1,0.004288777698355968,0.011334626774226489,54,72,18,3,3,3,6,4,34,22,8
862,6,107,29,75,46,19,19,29,29,0,6,7,29,33,4,0.00010211375472276115,0.00017018959120460194,30,30,0,5,4,4,8,1,42,60,78
863,46,46,59,59,0,28,28,45,45,0,28,28,50,50,0,0.007726607440688927,0.007726607440688927,64,64,0,-1,3,3,3,7,58,21,89
864,2,103,26,69,43,11,11,26,26,0,2,3,26,28,2,0.0,3.4037918240920386e-05,1,28,27,5,5,5,10,1,0,68,78
865,2,208,27,92,65,6,14,27,33,6,2,10,27,36,9,6.807583648184077e-05,0.0011913271384322134,27,39,12,3,5,4,5,1,37,78,61
866,6,6,29,29,0,28,28,31,31,0,6,6,29,29,0,0.0,0.0,1,1,0,-1,4,4,10,1,22,65,79
867,0,616,1,100,99,0,90,1,41,40,0,63,1,55,54,0.0,0.005888559855679227,1,56,55,2,-1,3,12,0,3,87,57
868,46,662,51,100,49,62,80,44,61,17,46,80,51,65,14,0.0036760951700194017,0.01766567956703768,48,80,32,2,2,2,6,2,71,74,18
869,0,0,1,1,0,0,0,1,1,0,0,0,1,1,0,0.0,0.0,1,1,0,-1,-1,-1,12,0,6,81,82
870,124,226,78,93,15,182,182,71,71,0,124,126,78,79,1,0.007726607440688927,0.00793083495013445,63,63,0,4,3,3,12,9,6,31,4
871,0,616,1,100,99,0,48,1,34,33,0,16,1,32,31,0.0,0.0031314884781646754,1,46,45,2,-1,3,9,0,31,85,46
872,0,206,1,92,91,0,24,1,36,35,0,24,1,52,51,0.0,0.007011811157629599,1,60,59,3,-1,4,4,0,77,91,27
873,0,206,1,87,86,0,32,1,32,31,0,14,1,34,33,0.0,0.0014636304843595766,1,40,39,3,-1,4,10,0,22,81,54
874,119,319,84,99,15,48,48,60,60,0,48,48,63,63,0,0.017393376221110316,0.02382654276864427,82,86,4,3,3,3,3,18,58,5,33
875,0,206,1,93,92,0,29,1,30,29,0,8,1,34,33,0.0,0.0019741992579733825,1,44,43,3,-1,4,9,0,23,80,83
876,0,0,1,1,0,0,0,1,1,0,0,0,1,1,0,0.0,0.0,1,1,0,-1,-1,-1,2,0,86,66,81
877,40,246,58,97,39,52,52,81,81,0,40,52,67,81,14,0.0088498587426393,0.013410939786922631,68,76,8,3,2,2,3,1,81,90,21
878,116,732,79,100,21,114,114,67,67,0,114,114,79,79,0,0.00891793457912114,0.027808979202831954,68,88,20,2,3,3,9,13,35,24,1
879,219,219,93,93,0,112,112,96,96,0,112,112,96,96,0,0.02556247659893121,0.02556247659893121,87,87,0,-1,2,2,4,16,77,12,81
880,158,1798,82,100,18,212,246,91,94,3,158,246,83,94,11,0.009360427516253106,0.027979168794036557,68,91,23,1,2,2,10,6,12,13,32
881,128,1768,78,100,22,182,216,82,92,10,128,216,79,93,14,0.008203138296061813,0.047278668436638416,63,97,34,1,2,2,9,5,28,47,2
882,6,6,32,32,0,18,18,35,35,0,6,6,32,32,0,0.0019741992579733825,0.0019741992579733825,45,45,0,-1,4,4,3,2,87,94,84
883,142,758,80,100,20,144,144,95,95,0,144,144,95,95,0,0.018788930868988054,0.022805405221416657,81,86,5,2,2,2,6,9,56,39,90
884,110,110,77,77,0,142,142,81,81,0,110,110,78,78,0,0.011096361346540046,0.011096361346540046,71,71,0,-1,2,2,8,7,39,21,92
885,121,327,84,99,15,62,62,82,82,0,62,62,82,82,0,0.018142210422410564,0.021546002246502605,78,85,7,3,2,2,3,13,81,33,28
886,22,228,43,94,51,40,40,40,40,0,22,40,43,49,6,0.0012934408931549745,0.0042547397801150485,41,52,11,3,3,3,5,2,52,74,35
887,24,640,49,100,51,18,18,47,47,0,18,18,49,49,0,0.0018040096667687805,0.017223186629905716,42,80,38,2,3,3,2,4,99,64,23
888,2,208,29,94,65,5,10,30,31,1,2,8,29,35,6,0.0,0.000442492937131965,1,33,32,3,5,4,3,1,60,95,88
889,56,56,54,54,0,100,100,45,45,0,56,56,54,54,0,0.0036760951700194017,0.0036760951700194017,50,50,0,-1,2,2,10,2,1,75,89
890,314,520,96,100,4,150,150,90,90,0,150,150,91,91,0,0.03699921712788046,0.038939378467612924,94,95,1,3,2,2,7,29,62,0,29
891,15,215,43,92,49,18,18,38,38,0,18,18,47,47,0,0.0035739814152966403,0.006331052792811192,53,61,8,3,4,4,3,6,76,73,26
892,0,616,1,100,99,0,58,1,34,33,0,42,1,54,53,0.0,0.006569318220497634,1,60,59,2,-1,3,10,0,11,81,21
893,0,1640,1,100,99,0,102,1,60,59,0,102,1,75,74,0.0,0.03151911229109228,1,88,87,1,-1,2,8,0,15,98,0
894,100,100,72,72,0,100,100,77,77,0,100,100,77,77,0,0.03002144388849178,0.03192756730998332,91,91,0,3,1,1,6,6,69,26,75
895,2,208,28,96,68,3,8,28,33,5,2,8,28,39,11,0.00010211375472276115,0.004663194799006093,30,54,24,3,5,4,2,1,93,95,38
896,106,207,78,92,14,72,72,77,77,0,72,72,77,77,0,0.014874570271282209,0.014908608189523128,78,78,0,6,2,2,3,8,64,20,78
897,62,678,63,100,37,74,84,73,74,1,60,84,60,75,15,0.006433166547533953,0.035025017869907075,59,92,33,2,2,2,5,6,70,41,3
898,16,16,36,36,0,104,104,64,64,0,16,16,36,36,0,0.0030634126416828346,0.0030634126416828346,50,50,0,-1,3,3,9,3,35,46,76
899,88,704,61,100,39,174,174,76,76,0,88,122,61,79,18,0.009190237925048503,0.014670342761836687,65,75,10,2,2,2,10,4,22,38,62
900,66,272,58,96,38,110,110,76,76,0,64,110,57,80,23,0.006024711528642908,0.014261887742945642,57,77,20,3,2,2,6,6,59,41,33
901,22,228,46,94,48,54,54,62,62,0,22,54,46,67,21,0.005071649817897137,0.017972020831205963,55,82,27,3,3,3,4,3,72,29,18
902,78,78,63,63,0,106,106,71,71,0,78,78,63,63,0,0.009598692943939549,0.009598692943939549,68,68,0,-1,2,2,7,4,43,38,76
903,0,206,1,89,88,0,32,1,34,33,0,18,1,43,42,0.0,0.0035059055788147996,1,50,49,3,-1,4,8,0,57,67,26
904,2,103,28,83,55,4,4,29,29,0,2,3,28,32,4,0.00017018959120460194,0.00017018959120460194,32,32,0,5,5,5,2,1,86,55,95
905,145,145,83,83,0,204,204,79,79,0,145,145,83,83,0,0.009973110044589673,0.009973110044589673,65,65,0,-1,2,2,11,8,5,44,67
906,0,101,1,79,78,0,9,1,25,24,0,1,1,25,24,0.0,0.00010211375472276115,1,29,28,5,-1,6,9,0,26,98,55
907,46,46,53,53,0,64,64,66,66,0,46,46,54,54,0,0.005480104836788182,0.005480104836788182,58,58,0,-1,2,2,5,2,70,75,87
908,248,864,92,100,8,168,168,96,96,0,168,168,96,96,0,0.02719629667449539,0.03094046768099663,89,89,0,2,2,2,6,15,40,16,54
909,47,253,51,94,43,44,44,44,44,0,44,44,50,50,0,0.005037611899656217,0.007998910786616291,50,62,12,3,3,3,4,6,67,35,29
910,100,100,72,72,0,100,100,77,77,0,100,100,77,77,0,0.06576125804145819,0.08094216957690868,100,100,0,1,1,1,6,40,69,3,26
911,12,218,37,94,57,14,18,34,39,5,12,18,37,45,8,0.002280540522141666,0.011606930120153852,47,74,27,3,4,4,3,2,55,75,39
912,148,764,85,100,15,110,110,83,83,0,110,110,83,83,0,0.01409169815174104,0.04101569148030906,73,95,22,2,2,2,6,14,71,32,0
913,0,206,1,92,91,0,24,1,28,27,0,6,1,28,27,0.0,0.00030634126416828345,1,32,31,3,-1,4,12,0,6,87,88
914,56,672,51,100,49,166,206,65,70,5,56,158,51,83,32,0.002723033459273631,0.0156914803090643,48,78,30,2,2,2,17,2,20,52,37
915,24,640,43,100,57,30,34,38,38,0,24,34,43,45,2,0.0016338200755641784,0.018210286258892407,38,82,44,2,3,3,4,3,67,43,15
916,0,616,1,100,99,0,23,1,29,28,0,16,1,32,31,0.0,0.002825147213996392,1,45,44,2,-1,3,6,0,40,89,55
917,252,868,95,100,5,152,152,99,99,0,152,152,99,99,0,0.026107083290785937,0.05282684910990844,90,97,7,2,2,2,5,17,50,6,10
918,0,616,1,100,99,0,74,1,33,32,0,38,1,47,46,0.0,0.005446066918547262,1,55,54,2,-1,3,14,0,16,84,34
919,6,1646,30,100,70,18,80,32,55,23,6,80,30,64,34,0.00034037918240920387,0.040300895197249734,31,95,64,1,4,2,6,1,65,55,3
920,23,229,55,97,42,12,12,35,35,0,12,12,42,42,0,0.0046972327172470135,0.012764219340345145,56,79,23,3,4,4,2,6,98,35,14
921,16,16,36,36,0,36,36,34,34,0,16,16,36,36,0,0.000442492937131965,0.000442492937131965,33,33,0,-1,3,3,7,1,46,4,87
922,0,0,1,1,0,0,0,1,1,0,0,0,1,1,0,0.0,0.0,1,1,0,-1,-1,-1,8,0,10,36,93
923,0,102,1,74,73,0,8,1,29,28,0,4,1,29,28,0.0,0.0012253650566731338,1,41,40,4,-1,5,4,0,83,40,52
924,101,101,76,76,0,138,138,71,71,0,101,101,76,76,0,0.009394465434494027,0.009394465434494027,69,69,0,-1,2,2,9,8,54,44,67
925,100,100,64,64,0,100,100,57,57,0,100,100,65,65,0,0.04435140746791926,0.045644848361074235,97,97,0,3,1,1,8,20,10,23,64
926,0,102,1,81,80,0,3,1,27,26,0,2,1,27,26,0.0,0.0012594029749140542,1,39,38,4,-1,5,2,0,95,86,53
927,172,788,83,100,17,184,198,79,85,6,172,198,84,91,7,0.011232513019503728,0.024439225296980838,71,85,14,2,2,2,10,9,12,31,37
928,1,207,25,94,69,5,18,25,31,6,1,18,25,42,17,3.4037918240920386e-05,0.004799346471969774,26,54,28,3,6,4,5,1,45,68,34
929,1,1,25,25,0,5,5,25,25,0,1,1,25,25,0,3.4037918240920386e-05,3.4037918240920386e-05,26,26,0,-1,6,6,5,1,45,68,98
930,266,866,96,100,4,256,256,97,97,0,256,256,97,97,0,0.024507301133462677,0.0353994349705572,87,93,6,2,2,2,10,16,36,18,15
931,22,638,41,100,59,48,84,36,46,10,22,74,41,56,15,0.0009190237925048504,0.009292351679771264,37,69,32,2,3,3,9,2,35,74,25
932,0,616,1,100,99,0,36,1,37,36,0,16,1,35,34,0.0,0.002382654276864427,1,45,44,2,-1,3,5,0,52,59,53
933,39,39,55,55,0,22,22,42,42,0,22,22,45,45,0,0.003948398515946765,0.003948398515946765,51,51,0,-1,3,3,2,4,91,22,99
934,248,864,93,100,7,264,264,93,93,0,264,264,94,94,0,0.0228734810578985,0.025290173253003846,86,88,2,2,2,2,12,16,14,18,64
935,24,24,49,49,0,68,68,46,46,0,24,24,49,49,0,0.0014295925661186562,0.0014295925661186562,43,43,0,-1,3,3,8,3,21,43,40
936,84,290,64,95,31,100,100,68,68,0,84,100,63,72,9,0.006535280302256714,0.007862759113652609,59,63,4,3,2,2,6,5,48,47,64
937,197,1797,88,100,12,208,208,85,85,0,208,208,91,91,0,0.017052997038701112,0.05265665951870384,79,98,19,1,2,2,10,15,18,19,2
938,182,782,89,100,11,110,110,78,78,0,110,110,82,82,0,0.012117498893767658,0.015521290717859695,72,78,6,2,2,2,6,14,51,32,41
939,129,729,85,100,15,56,56,84,84,0,56,56,84,84,0,0.01783586915824228,0.03087239184451479,82,94,12,2,2,2,2,13,86,24,6
940,360,560,99,100,1,136,136,99,99,0,136,136,99,99,0,0.04734674427312026,0.052928962864631196,95,98,3,3,2,2,4,40,78,3,21
941,100,100,57,57,0,100,100,38,38,0,100,100,57,57,0,0.026277272881990537,0.026277272881990537,86,86,0,-1,1,1,16,15,4,19,84
942,94,694,73,100,27,64,64,65,65,0,64,64,67,67,0,0.015214949453691413,0.04135607066271827,79,95,16,2,3,3,4,9,47,39,3
943,160,366,91,100,9,72,72,80,80,0,72,72,80,80,0,0.023009632730862182,0.02546036284420845,86,88,2,3,2,2,3,18,76,5,47
944,6,212,32,94,62,10,18,32,37,5,6,18,32,46,14,0.0004765308553728854,0.006501242384015794,37,63,26,3,4,4,3,1,81,49,48
945,6,6,28,28,0,27,27,28,28,0,6,6,28,28,0,0.0002723033459273631,0.0002723033459273631,30,30,0,-1,4,4,10,1,36,55,80
946,1,617,25,100,75,6,46,25,42,17,1,46,25,53,28,0.0,0.017869907076483203,1,80,79,2,6,3,6,2,69,58,23
947,202,202,86,86,0,190,190,74,74,0,190,190,87,87,0,0.01330882603219987,0.01330882603219987,73,73,0,-1,2,2,11,14,5,32,80
948,63,269,59,94,35,80,80,68,68,0,80,80,72,72,0,0.006467204465774873,0.012083460975526737,57,73,16,3,3,3,5,8,88,57,62
949,214,830,93,100,7,136,136,81,81,0,136,136,88,88,0,0.017597603730555838,0.020933319718166036,83,86,3,2,2,2,7,16,46,12,22
950,158,774,81,100,19,278,298,80,84,4,158,245,81,91,10,0.010347527145239796,0.02188638142891181,60,86,26,2,2,2,16,6,9,34,37
951,316,522,99,100,1,72,72,83,83,0,72,72,83,83,0,0.04544062085162871,0.04581503795227884,96,96,0,3,2,2,3,40,58,3,42
952,176,792,87,100,13,174,174,78,78,0,174,174,87,87,0,0.015283025290173252,0.02226079852956193,78,83,5,2,2,2,10,13,11,33,48
953,0,616,1,100,99,0,44,1,48,47,0,44,1,52,51,0.0,0.012015385139044895,1,75,74,2,-1,3,4,0,53,92,19
954,100,100,58,58,0,100,100,35,35,0,100,100,59,59,0,0.041934715272813915,0.05589026175159127,96,99,3,1,1,1,17,27,20,10,17
955,0,206,1,92,91,0,12,1,32,31,0,8,1,37,36,0.0,0.0019741992579733825,1,46,45,3,-1,4,4,0,47,67,75
956,100,100,66,66,0,100,100,67,67,0,100,100,73,73,0,0.05915790190271963,0.05915790190271963,98,98,0,-1,1,1,5,22,52,9,87
957,46,1686,58,100,42,22,46,48,81,33,22,46,51,81,30,0.005582218591510943,0.06565914428673543,57,98,41,1,3,2,2,6,95,13,16
958,158,774,84,100,16,228,228,89,89,0,158,190,84,90,6,0.011198475101262807,0.015555328636100617,70,77,7,2,2,2,11,7,19,21,26
959,16,222,36,90,54,72,72,46,46,0,16,22,36,42,6,0.0032336022328874367,0.0045270431260424114,48,52,4,3,3,3,7,3,43,46,53
960,0,0,1,1,0,0,0,1,1,0,0,0,1,1,0,0.0,0.0,1,1,0,-1,-1,-1,2,0,91,66,82
961,24,230,50,98,48,22,22,47,47,0,22,22,52,52,0,0.005037611899656217,0.022567139793730217,57,87,30,3,3,3,2,6,89,73,1
962,0,0,1,1,0,0,0,1,1,0,0,0,1,1,0,0.0,0.0,1,1,0,-1,-1,-1,4,0,53,89,87
963,46,46,53,53,0,140,140,66,66,0,46,46,53,53,0,0.0023486163586235067,0.0023486163586235067,45,45,0,-1,2,2,11,2,19,61,45
964,82,82,72,72,0,72,72,80,80,0,72,72,80,80,0,0.011981347220803976,0.011981347220803976,75,75,0,-1,2,2,3,7,66,48,81
965,212,314,96,100,4,38,38,51,51,0,38,38,54,54,0,0.029715102624323496,0.0298852922155281,94,94,0,4,3,3,3,29,94,11,63
966,369,470,99,100,1,168,168,99,99,0,168,168,99,99,0,0.039994553933081455,0.04006262976956329,96,96,0,5,2,2,6,29,74,1,95
967,166,372,84,96,12,126,126,69,69,0,126,126,78,78,0,0.012253650566731339,0.01579359406378706,73,78,5,3,2,2,7,14,24,14,90
968,56,262,52,94,42,80,80,61,61,0,56,80,52,66,14,0.005650294427992784,0.009734844616903231,54,68,14,3,2,2,6,3,56,29,13
969,106,706,83,100,17,64,64,68,68,0,64,64,69,69,0,0.009973110044589673,0.021818305592429966,70,85,15,2,3,3,4,13,73,24,19
970,0,0,1,1,0,0,0,1,1,0,0,0,1,1,0,0.0,0.0,1,1,0,-1,-1,-1,12,0,3,98,67
971,16,632,38,100,62,34,54,39,54,15,16,54,38,57,19,0.0004765308553728854,0.022567139793730217,35,89,54,2,3,3,4,1,53,49,7
972,10,626,38,100,62,18,28,35,44,9,10,28,38,49,11,0.0012594029749140542,0.00803294870485721,40,64,24,2,4,3,3,3,58,43,26
973,0,101,1,82,81,0,2,1,22,21,0,1,1,22,21,0.0,3.4037918240920386e-05,1,25,24,5,-1,6,2,0,91,67,95
974,0,1640,1,100,99,0,54,1,46,45,0,42,1,56,55,0.0,0.020014295925661188,1,85,84,1,-1,2,6,0,32,80,75
975,0,206,1,90,89,0,62,1,33,32,0,28,1,47,46,0.0,0.0057524081827155455,1,56,55,3,-1,4,13,0,13,82,34
976,194,810,90,100,10,118,118,92,92,0,118,118,92,92,0,0.02913645801422785,0.03808843051158991,87,93,6,2,2,2,5,16,70,12,20
977,0,0,1,1,0,0,0,1,1,0,0,0,1,1,0,0.0,0.0,1,1,0,-1,-1,-1,6,1,74,50,99
978,208,414,88,99,11,256,256,97,97,0,208,256,89,97,8,0.020558902617515914,0.024779604479390042,82,86,4,3,2,2,10,12,22,37,26
979,28,1668,46,100,54,60,108,40,65,25,28,108,46,78,32,0.002110350930937064,0.02294155689438034,45,87,42,1,3,2,9,3,35,54,32
980,1,617,26,100,74,4,30,26,42,16,1,30,26,54,28,0.0,0.010721944245889922,1,72,71,2,6,3,4,2,72,58,5
981,0,616,1,100,99,0,34,1,34,33,0,18,1,40,39,0.0,0.003369753905851118,1,50,49,2,-1,3,6,0,65,97,29
982,0,616,1,100,99,0,68,1,38,37,0,48,1,52,51,0.0,0.0053439531638245,1,55,54,2,-1,3,10,0,12,86,57
983,28,130,54,86,32,30,30,43,43,0,28,30,54,54,0,0.001599782157323258,0.0033016780693692774,44,51,7,4,3,3,4,3,72,54,46
984,304,406,96,100,4,128,128,96,96,0,128,128,96,96,0,0.04183260151809115,0.04237720820994588,96,96,0,4,2,2,5,27,49,10,71
985,0,0,1,1,0,0,0,1,1,0,0,0,1,1,0,0.0,0.0,1,1,0,-1,-1,-1,4,0,67,36,66
986,8,624,38,100,62,12,22,35,51,16,8,22,38,54,16,0.002723033459273631,0.016508390346846386,48,80,32,2,4,3,2,2,98,83,6
987,0,0,1,1,0,0,0,1,1,0,0,0,1,1,0,0.0,0.0,1,1,0,-1,-1,-1,6,1,71,45,82
988,24,125,50,88,38,22,22,47,47,0,22,22,52,52,0,0.005037611899656217,0.0051397256543789785,57,58,1,5,3,3,2,6,89,73,55
989,87,87,65,65,0,148,148,79,79,0,87,87,66,66,0,0.008237176214302734,0.008237176214302734,61,61,0,-1,2,2,9,8,26,57,67
990,16,16,35,35,0,41,41,32,32,0,16,16,35,35,0,0.0004084550188910446,0.0004084550188910446,33,33,0,-1,3,3,10,1,12,60,69
991,116,322,77,97,20,104,104,80,80,0,104,104,81,81,0,0.013513053541645392,0.01684876952925559,74,78,4,3,2,2,5,8,63,17,29
992,0,206,1,92,91,0,42,1,33,32,0,12,1,35,34,0.0,0.0015657442390823377,1,40,39,3,-1,4,11,0,19,98,52
993,212,812,93,100,7,88,88,76,76,0,88,88,79,79,0,0.023213860240307704,0.0337315769767521,88,92,4,2,2,2,4,19,47,15,14
994,6,212,28,89,61,25,25,30,30,0,6,12,28,31,3,0.00013615167296368154,0.0009190237925048504,29,34,5,3,4,4,9,1,29,60,78
995,100,100,69,69,0,100,100,66,66,0,100,100,72,72,0,0.04680213758126553,0.0636168691922802,96,100,4,2,1,1,6,17,44,6,9
996,0,1640,1,100,99,0,84,1,72,71,0,84,1,74,73,0.0,0.04802750263793867,1,96,95,1,-1,2,5,0,45,96,3
997,128,744,77,100,23,214,214,83,83,0,128,214,77,88,11,0.006909697402906838,0.01589570781850982,56,74,18,2,2,2,11,5,5,47,32
998,0,1640,1,100,99,0,94,1,51,50,0,94,1,64,63,0.0,0.02484768031587188,1,88,87,1,-1,2,9,0,35,87,15
999,6,6,33,33,0,16,16,33,33,0,6,6,33,33,0,0.00030634126416828345,0.00030634126416828345,34,34,0,-1,4,4,4,1,78,88,98
