,FreeNet_pre_score,FreeNet_post_score,FreeNet_pre_rank,FreeNet_post_rank,FreeNet_delta_ranks,Reversed_pre_score,Reversed_post_score,Reversed_pre_rank,Reversed_post_rank,Reversed_delta_ranks,Independent_pre_score,Independent_post_score,Independent_pre_rank,Independent_post_rank,Independent_delta_ranks,Random_pre_score,Random_post_score,Random_pre_rank,Random_post_rank,Random_delta_ranks,dist_victim_relayer,dist_victim_vilain_pre,dist_victim_vilain_post,out_deg_victim,in_deg_villain,victim,villain,relayer
0,406,612,97,100,3,182,182,99,99,0,182,182,99,99,0,0.03897341638585384,0.03972225058715409,95,95,0,3,2,2,6,29,41,0,71
1,79,285,66,95,29,78,78,73,73,0,78,78,73,73,0,0.007794683277170768,0.01412573606998196,64,76,12,3,2,2,4,6,79,28,21
2,42,1682,51,100,49,124,168,63,77,14,42,168,51,83,32,0.002825147213996392,0.034820790360461554,48,92,44,1,2,2,10,2,12,61,10
3,50,152,65,90,25,12,12,37,37,0,12,12,41,41,0,0.007216038667075122,0.013138636440995268,64,75,11,4,4,4,2,9,89,31,8
4,0,206,1,89,88,0,25,1,29,28,0,6,1,27,26,0.0,0.0009530617107457708,1,35,34,3,-1,4,9,0,29,81,71
5,314,930,97,100,3,272,272,95,95,0,272,272,95,95,0,0.02379250485040335,0.025188059498281085,89,89,0,2,2,2,11,19,19,15,53
6,74,280,66,96,30,78,78,72,72,0,78,78,75,75,0,0.007828721195411689,0.0123557643214541,63,76,13,3,2,2,4,6,47,26,57
7,0,206,1,94,93,0,14,1,31,30,0,14,1,40,39,0.0,0.006671431975220395,1,58,57,3,-1,4,3,0,96,97,77
8,6,622,29,100,71,32,58,33,38,5,6,58,29,53,24,0.0002382654276864427,0.006331052792811192,32,59,27,2,4,3,8,1,30,88,31
9,278,894,93,100,7,310,310,94,94,0,278,300,93,94,1,0.016916845365737433,0.020865243881684196,76,80,4,2,2,2,14,14,25,14,75
10,98,98,68,68,0,66,66,50,50,0,66,66,61,61,0,0.011096361346540046,0.011096361346540046,71,71,0,-1,3,3,6,8,56,8,67
11,100,100,59,59,0,100,100,46,46,0,100,100,59,59,0,0.04789135096497498,0.049184791858129955,97,98,1,3,1,1,11,30,5,7,52
12,0,616,1,100,99,0,50,1,45,44,0,50,1,52,51,0.0,0.022567139793730217,1,86,85,2,-1,3,5,0,50,92,11
13,0,102,1,81,80,0,8,1,29,28,0,2,1,27,26,0.0,0.0017018959120460194,1,44,43,4,-1,5,4,0,72,86,46
14,94,710,73,100,27,64,64,65,65,0,64,64,67,67,0,0.015214949453691413,0.021511964328261683,79,86,7,2,3,3,4,9,47,39,21
15,8,214,37,93,56,24,24,38,38,0,8,24,37,49,12,0.000442492937131965,0.006569318220497634,35,60,25,3,4,4,4,2,73,56,34
16,53,259,61,97,36,38,38,56,56,0,38,38,57,57,0,0.006943735321147759,0.007420266176520644,60,62,2,3,3,3,3,8,60,57,88
17,16,222,43,93,50,30,34,43,43,0,16,34,43,51,8,0.0006467204465774873,0.0053099152455835805,36,58,22,3,3,3,4,1,47,49,48
18,16,632,31,100,69,74,100,35,39,4,16,38,31,43,12,0.00037441710065012424,0.003914360597705844,35,52,17,2,3,3,14,1,25,49,75
19,100,100,64,64,0,100,100,45,45,0,100,100,64,64,0,0.028932230504782327,0.028932230504782327,89,89,0,-1,1,1,10,13,18,33,93
20,256,856,94,100,6,296,296,92,92,0,256,296,93,96,3,0.022839443139657578,0.04098165356206814,86,96,10,2,2,2,14,16,8,18,0
21,0,616,1,100,99,0,108,1,65,64,0,108,1,77,76,0.0,0.03366350114027026,1,92,91,2,-1,3,8,1,30,45,3
22,134,340,82,99,17,100,100,70,70,0,100,100,72,72,0,0.012049423057285817,0.01330882603219987,71,73,2,3,2,2,6,13,65,24,51
23,342,1942,97,100,3,224,224,99,99,0,224,224,99,99,0,0.03209775690118792,0.059804622349297114,90,98,8,1,2,2,8,22,39,9,1
24,331,1971,99,100,1,88,112,71,91,20,88,112,71,91,20,0.03182545355526056,0.07403247217400184,94,98,4,1,2,2,4,29,53,1,10
25,6,6,33,33,0,24,24,40,40,0,6,6,33,33,0,0.0031314884781646754,0.0031314884781646754,51,51,0,-1,4,4,4,1,78,90,67
26,166,372,91,99,8,96,96,89,89,0,96,96,89,89,0,0.021920419347152727,0.025154021580040164,86,88,2,3,2,2,3,15,64,19,28
27,0,616,1,100,99,0,36,1,35,34,0,17,1,40,39,0.0,0.0016678579938050988,1,41,40,2,-1,3,7,0,43,40,61
28,0,1640,1,100,99,0,74,1,42,41,0,40,1,50,49,0.0,0.015146873617209572,1,78,77,1,-1,2,8,0,10,81,90
29,102,204,82,95,13,46,46,82,82,0,46,46,82,82,0,0.014874570271282209,0.016099935327955343,76,79,3,4,2,2,2,8,95,17,53
30,6,212,33,96,63,8,12,33,34,1,6,12,33,42,9,0.00030634126416828345,0.007250076585316042,36,63,27,3,4,4,2,1,86,88,77
31,322,322,96,96,0,216,216,96,96,0,216,216,96,96,0,0.0313829606181286,0.0313829606181286,91,91,0,-1,2,2,9,22,29,9,91
32,16,632,33,100,67,136,146,59,59,0,16,41,33,48,15,0.0023486163586235067,0.004765308553728854,43,54,11,2,3,3,16,2,4,94,41
33,142,348,89,100,11,72,72,87,87,0,72,72,87,87,0,0.01960584090677014,0.022737329384934817,86,88,2,3,2,2,3,16,55,12,28
34,290,490,99,100,1,88,88,84,84,0,88,88,84,84,0,0.036488648354266656,0.04649579631709724,95,98,3,3,2,2,4,29,67,0,6
35,158,358,85,98,13,192,192,93,93,0,192,192,94,94,0,0.01929949964260186,0.019707954661492902,81,83,2,3,2,2,9,12,23,37,55
36,100,100,67,67,0,100,100,54,54,0,100,100,67,67,0,0.031314884781646755,0.03185949147350148,91,91,0,3,1,1,9,6,35,77,74
37,188,804,86,100,14,230,260,73,75,2,188,260,86,93,7,0.012594029749140543,0.02648150039143606,70,90,20,2,2,2,16,14,9,32,18
38,0,616,1,100,99,0,32,1,57,56,0,32,1,59,58,0.0,0.016202049082678104,1,81,80,2,-1,3,2,0,91,99,33
39,84,84,74,74,0,88,88,80,80,0,88,88,81,81,0,0.008747744987916539,0.008747744987916539,66,66,0,-1,2,2,4,6,77,26,92
40,112,318,81,97,16,110,110,77,77,0,110,110,81,81,0,0.014534191088873005,0.0195377650702883,76,80,4,3,2,2,6,8,74,17,44
41,0,206,1,95,94,0,8,1,32,31,0,6,1,32,31,0.0,0.002212464685659825,1,46,45,3,-1,4,2,0,89,59,94
42,6,212,31,90,59,32,36,35,35,0,6,15,31,38,7,0.000442492937131965,0.0014295925661186562,36,40,4,3,4,4,8,1,57,49,43
43,100,100,69,69,0,100,100,55,55,0,100,100,69,69,0,0.03699921712788046,0.03744171006501242,93,93,0,4,1,1,8,18,30,5,49
44,0,1640,1,100,99,0,106,1,54,53,0,53,1,52,51,0.0,0.009530617107457708,1,68,67,1,-1,2,14,0,16,80,22
45,214,214,98,98,0,46,46,83,83,0,46,46,83,83,0,0.034820790360461554,0.034820790360461554,96,96,0,-1,2,2,2,29,99,11,84
46,0,616,1,100,99,0,72,1,45,44,0,72,1,58,57,0.0,0.023179822322066782,1,84,83,2,-1,3,7,0,43,79,10
47,16,222,39,91,52,78,78,47,47,0,16,25,39,50,11,0.002927260968719153,0.004016474352428605,50,52,2,3,3,3,8,3,57,46,43
48,184,800,92,100,8,48,48,69,69,0,48,48,70,70,0,0.021920419347152727,0.04006262976956329,88,94,6,2,3,3,3,19,55,15,6
49,58,58,61,61,0,48,48,54,54,0,48,48,56,56,0,0.010177337554035196,0.010177337554035196,71,71,0,-1,3,3,3,8,87,17,67
50,166,372,84,96,12,208,208,88,88,0,166,208,86,88,2,0.013649205214609075,0.01776779332176044,74,77,3,3,2,2,10,9,22,27,47
51,6,6,30,30,0,12,12,30,30,0,6,6,30,30,0,0.00017018959120460194,0.00017018959120460194,31,31,0,-1,4,4,4,1,53,60,50
52,6,622,31,100,69,14,48,35,72,37,6,48,31,74,43,0.0002382654276864427,0.02808128254875932,32,88,56,2,4,3,3,1,92,4,10
53,6,108,30,77,47,24,24,34,34,0,6,11,30,35,5,0.000442492937131965,0.0011232513019503727,36,38,2,4,4,4,6,1,74,49,43
54,16,222,34,90,56,112,112,59,59,0,16,60,34,51,17,0.0037441710065012424,0.010926171755335444,52,71,19,3,3,3,12,1,3,90,8
55,100,100,58,58,0,100,100,38,38,0,100,100,58,58,0,0.029544913033118896,0.029749140542564417,91,91,0,4,1,1,16,17,9,6,55
56,136,342,84,95,11,104,104,82,82,0,104,104,82,82,0,0.015180911535450491,0.019197385887879097,78,83,5,3,2,2,5,8,80,17,47
57,0,206,1,92,91,0,12,1,33,32,0,6,1,33,32,0.0,0.0014295925661186562,1,43,42,3,-1,4,4,0,77,36,94
58,120,120,77,77,0,132,132,72,72,0,120,120,78,78,0,0.008271214132543654,0.008271214132543654,63,63,0,-1,2,2,8,6,27,13,93
59,100,100,58,58,0,100,100,35,35,0,100,100,59,59,0,0.022635215630212056,0.026923993328568024,86,88,2,2,1,1,17,8,20,17,22
60,46,147,53,86,33,64,64,57,57,0,46,47,52,53,1,0.004935498144933456,0.004969536063174376,52,52,0,5,2,2,5,2,88,52,95
61,70,686,58,100,42,120,120,65,65,0,70,110,58,73,15,0.004731270635487933,0.008475441641989176,57,63,6,2,3,3,10,6,11,28,47
62,0,616,1,100,99,0,80,1,42,41,0,78,1,60,59,0.0,0.010824058000612683,1,70,69,2,-1,3,9,0,23,80,27
63,114,730,79,100,21,234,244,76,78,2,114,190,79,88,9,0.006501242384015794,0.014261887742945642,58,78,20,2,2,2,16,6,4,28,31
64,100,100,66,66,0,100,100,52,52,0,100,100,66,66,0,0.03369753905851118,0.041253956907995507,91,95,4,2,1,1,8,13,15,33,21
65,464,464,98,98,0,288,288,98,98,0,288,288,98,98,0,0.03727152047380782,0.03727152047380782,96,96,0,-1,2,2,9,30,54,7,89
66,46,1686,48,100,52,130,240,59,73,14,46,240,48,89,41,0.0016338200755641784,0.027808979202831954,40,91,51,1,2,2,17,3,20,51,1
67,145,761,83,100,17,204,214,79,82,3,145,214,83,88,5,0.009973110044589673,0.0335613873855475,65,93,28,2,2,2,11,8,5,44,0
68,56,158,65,91,26,22,22,49,49,0,22,22,50,50,0,0.007318152421797883,0.01147077844719017,64,71,7,4,3,3,2,7,93,21,57
69,0,101,1,80,79,0,3,1,24,23,0,1,1,24,23,0.0,0.0,1,1,0,5,-1,6,3,0,76,66,95
70,32,1672,47,100,53,66,100,49,62,13,32,100,47,67,20,0.0038462847612240037,0.036080193335375606,51,93,42,1,3,2,6,3,41,29,16
71,0,102,1,81,80,0,5,1,27,26,0,2,1,27,26,0.0,0.00017018959120460194,1,31,30,4,-1,5,4,0,72,98,55
72,22,228,46,93,47,28,28,44,44,0,22,28,47,50,3,0.004288777698355968,0.007794683277170768,50,67,17,3,3,3,3,3,92,29,47
73,0,0,1,1,0,0,0,1,1,0,0,0,1,1,0,0.0,0.0,1,1,0,-1,-1,-1,10,0,18,66,36
74,100,100,75,75,0,100,100,89,89,0,100,100,89,89,0,0.060213077368188164,0.06576125804145819,98,98,0,3,1,1,4,19,73,15,77
75,12,12,45,45,0,12,12,35,35,0,12,12,43,43,0,0.0022465026039007454,0.0022465026039007454,48,48,0,-1,4,4,2,2,86,75,99
76,260,260,97,97,0,88,88,82,82,0,88,88,82,82,0,0.033425235712583816,0.033425235712583816,92,92,0,-1,2,2,4,22,78,9,87
77,373,973,99,100,1,120,120,99,99,0,120,120,99,99,0,0.05265665951870384,0.06456993090302597,97,97,0,2,2,2,3,36,75,2,18
78,29,29,51,51,0,28,28,43,43,0,28,28,50,50,0,0.004016474352428605,0.004016474352428605,53,53,0,-1,3,3,3,6,66,73,98
79,6,622,33,100,67,24,34,40,43,3,6,34,33,51,18,0.00176997174852786,0.009292351679771264,44,67,23,2,4,3,4,2,47,94,31
80,34,650,45,100,55,76,86,55,64,9,34,86,45,67,22,0.003880322679464924,0.01501072194424589,49,76,27,2,3,3,6,3,71,54,39
81,110,316,79,95,16,94,94,70,70,0,94,94,72,72,0,0.011164437183021887,0.015657442390823378,71,78,7,3,2,2,5,7,37,21,57
82,0,101,1,74,73,0,8,1,25,24,0,1,1,25,24,0.0,0.00010211375472276115,1,28,27,5,-1,6,8,0,10,79,78
83,16,632,35,100,65,108,108,58,58,0,16,54,35,52,17,0.002723033459273631,0.009939072126348753,47,66,19,2,3,3,13,2,13,94,77
84,176,278,89,95,6,152,152,95,95,0,152,152,95,95,0,0.024507301133462677,0.024507301133462677,89,89,0,4,2,2,5,9,63,39,65
85,175,381,90,99,9,142,142,98,98,0,142,142,98,98,0,0.020763130126961436,0.02978317846080534,85,88,3,3,2,2,5,9,37,39,32
86,6,6,28,28,0,31,31,31,31,0,6,6,28,28,0,0.0002042275094455223,0.0002042275094455223,29,29,0,-1,4,4,10,1,36,4,93
87,6,622,30,100,70,18,34,32,34,2,6,24,30,44,14,0.00034037918240920387,0.0036760951700194017,31,50,19,2,4,3,6,1,65,55,29
88,6,622,31,100,69,14,28,36,45,9,6,28,31,50,19,0.0006467204465774873,0.012559991830899623,38,74,36,2,4,3,3,2,85,42,32
89,6,107,29,77,48,29,29,31,31,0,6,7,29,34,5,0.0002042275094455223,0.0002042275094455223,31,31,0,5,4,4,9,1,23,65,95
90,0,102,1,75,74,0,7,1,25,24,0,2,1,25,24,0.0,0.0002382654276864427,1,28,27,4,-1,5,6,0,51,87,88
91,138,344,86,96,10,102,102,92,92,0,102,102,92,92,0,0.014398039415909322,0.015180911535450491,76,79,3,3,2,2,4,13,79,24,74
92,12,218,37,95,58,28,32,34,36,2,12,32,37,50,13,0.0011913271384322134,0.00704584907587052,40,61,21,3,4,4,6,3,32,51,44
93,8,214,38,94,56,20,24,36,39,3,8,15,38,43,5,0.0009530617107457708,0.0015657442390823377,38,42,4,3,4,4,4,2,78,74,63
94,401,607,97,100,3,224,224,96,96,0,224,224,96,96,0,0.03601211749889377,0.03802035467510807,90,93,3,3,2,2,8,29,42,11,75
95,249,1849,93,100,7,278,278,94,94,0,278,278,94,94,0,0.018380475850097007,0.04115184315327275,78,95,17,1,2,2,12,15,3,19,16
96,244,860,94,100,6,160,160,91,91,0,160,160,91,91,0,0.024881718234112803,0.04870826100275707,88,98,10,2,2,2,7,15,43,16,0
97,100,100,69,69,0,100,100,76,76,0,100,100,76,76,0,0.055413730896218386,0.05606045134279587,100,100,0,4,1,1,5,20,80,23,42
98,28,129,48,81,33,46,46,41,41,0,28,29,48,49,1,0.00176997174852786,0.0018040096667687805,43,44,1,5,3,3,6,3,34,54,68
99,77,179,62,90,28,60,60,51,51,0,60,60,57,57,0,0.006943735321147759,0.007216038667075122,61,62,1,4,3,3,5,8,37,57,56
100,1,207,26,96,70,3,14,26,32,6,1,14,26,40,14,0.0,0.001599782157323258,1,42,41,3,6,4,3,1,75,78,54
101,18,18,44,44,0,46,46,40,40,0,18,18,44,44,0,0.0005786446100956465,0.0005786446100956465,35,35,0,-1,3,3,6,2,44,56,50
102,36,242,53,93,40,66,66,49,49,0,35,41,53,55,2,0.004220701861874128,0.004561081044283332,55,55,0,3,3,3,6,6,44,41,49
103,245,1885,94,100,6,232,256,94,95,1,232,256,95,95,0,0.018686817114265293,0.049899588141189284,82,96,14,1,2,2,10,15,0,19,7
104,122,328,76,94,18,136,136,81,81,0,136,136,82,82,0,0.01153885428367201,0.016542428265087308,71,79,8,3,2,2,7,9,43,27,62
105,0,616,1,100,99,0,24,1,42,41,0,24,1,48,47,0.0,0.008509479560230097,1,63,62,2,-1,3,3,0,58,99,31
106,242,242,91,91,0,302,302,86,86,0,242,242,91,91,0,0.011879233466081215,0.011879233466081215,66,66,0,-1,2,2,16,13,9,24,45
107,53,259,61,97,36,38,38,56,56,0,38,38,57,57,0,0.006943735321147759,0.011709043874876613,60,72,12,3,3,3,3,8,60,57,21
108,32,648,43,100,57,136,136,64,64,0,32,88,43,62,19,0.005105687736138058,0.012083460975526737,54,71,17,2,3,3,11,3,33,29,21
109,0,616,1,100,99,0,34,1,46,45,0,34,1,53,52,0.0,0.008101024541339052,1,65,64,2,-1,3,4,0,78,92,25
110,0,616,1,100,99,0,104,1,53,52,0,59,1,53,52,0.0,0.011062323428299126,1,69,68,2,-1,3,14,0,17,80,39
111,236,436,93,100,7,144,144,95,95,0,144,144,95,95,0,0.023179822322066782,0.028659927158854966,87,89,2,3,2,2,6,19,56,15,8
112,572,772,99,100,1,320,320,98,98,0,320,320,98,98,0,0.04935498144933456,0.0510909152796215,97,99,2,3,2,2,11,36,33,2,35
113,304,304,96,96,0,152,152,100,100,0,152,152,100,100,0,0.037373634228530586,0.037373634228530586,94,94,0,-1,2,2,5,22,49,9,40
114,0,616,1,100,99,0,90,1,44,43,0,90,1,61,60,0.0,0.01596378365499166,1,77,76,2,-1,3,10,0,22,85,16
115,171,377,90,100,10,72,72,85,85,0,72,72,85,85,0,0.030293747234419143,0.032540249838319886,90,92,2,3,2,2,3,15,60,16,75
116,0,206,1,90,89,0,36,1,32,31,0,20,1,41,40,0.0,0.004016474352428605,1,51,50,3,-1,4,8,0,39,98,38
117,40,656,49,100,51,208,208,71,71,0,40,104,49,74,25,0.004220701861874128,0.01334286395044079,53,73,20,2,2,2,14,3,16,46,8
118,320,936,98,100,2,334,334,98,98,0,320,334,98,98,0,0.022601177711971135,0.03267640151128357,85,91,6,2,2,2,14,17,8,6,33
119,153,359,92,100,8,80,80,97,97,0,80,80,97,97,0,0.02900030634126417,0.03805439259334899,90,97,7,3,2,2,2,18,89,5,19
120,120,326,82,97,15,70,70,67,67,0,70,70,71,71,0,0.01756356581231492,0.018754892950747133,79,79,0,3,3,3,5,17,70,6,83
121,16,616,39,100,61,66,66,49,49,0,16,66,39,58,19,0.0034037918240920387,0.021137547227611558,51,85,34,2,3,3,6,1,44,90,10
122,100,100,64,64,0,100,100,44,44,0,100,100,64,64,0,0.02641342455495422,0.027706865448109193,87,89,2,3,1,1,13,14,13,14,54
123,158,774,86,100,14,84,104,71,81,10,84,104,72,81,9,0.012900371013308825,0.040028591851322376,74,93,19,2,2,2,5,14,80,32,11
124,150,150,90,90,0,72,72,84,84,0,72,72,84,84,0,0.021750229755948126,0.021750229755948126,86,86,0,-1,2,2,3,18,85,5,82
125,2,2,25,25,0,8,8,26,26,0,2,2,25,25,0,0.0,0.0,1,1,0,-1,5,5,6,1,40,68,69
126,0,616,1,100,99,0,40,1,41,40,0,40,1,51,50,0.0,0.0160318594914735,1,81,80,2,-1,3,5,1,61,69,23
127,6,622,31,100,69,28,68,34,42,8,6,68,31,62,31,0.0002723033459273631,0.015657442390823378,34,78,44,2,4,3,8,1,57,88,23
128,100,100,58,58,0,100,100,38,38,0,100,100,58,58,0,0.03158718812757412,0.03168930188229688,92,92,0,4,1,1,16,19,9,15,60
129,201,201,89,89,0,134,134,88,88,0,134,134,89,89,0,0.017869907076483203,0.017869907076483203,80,80,0,-1,2,2,6,15,40,19,92
130,454,1054,100,100,0,144,144,89,89,0,144,144,90,90,0,0.04496408999625583,0.06222131454440247,97,99,2,2,2,2,6,40,40,3,10
131,0,206,1,92,91,0,34,1,33,32,0,15,1,35,34,0.0,0.002723033459273631,1,48,47,3,-1,4,9,0,35,66,22
132,70,1710,61,100,39,110,154,58,74,16,64,154,58,82,24,0.005241839409101739,0.021852343510670887,55,83,28,1,2,2,10,6,12,41,27
133,32,1672,44,100,56,108,166,58,71,13,32,166,44,84,40,0.003267640151128357,0.023690391095680587,51,85,34,1,3,2,12,2,2,75,30
134,0,102,1,84,83,0,4,1,28,27,0,4,1,31,30,0.0,0.0008509479560230097,1,37,36,4,-1,5,2,1,98,69,64
135,100,100,69,69,0,100,100,66,66,0,100,100,72,72,0,0.059702508594574356,0.06096191156948841,100,100,0,3,1,1,6,29,44,11,73
136,40,142,52,86,34,74,74,69,69,0,40,44,52,53,1,0.005514142755029102,0.006773545729943157,54,58,4,4,2,2,5,3,45,46,75
137,376,976,99,100,1,256,256,97,97,0,256,256,98,98,0,0.03362946322202934,0.041390108580959185,92,96,4,2,2,2,10,22,22,9,20
138,16,632,34,100,66,54,88,34,41,7,16,64,34,56,22,0.00037441710065012424,0.006126825283365669,34,57,23,2,3,3,12,1,14,88,48
139,202,802,88,100,12,186,186,86,86,0,186,186,87,87,0,0.012866333095067906,0.017427414139351238,72,77,5,2,2,2,9,13,54,24,21
140,6,1646,29,100,71,28,144,30,64,34,6,144,29,80,51,0.00010211375472276115,0.025868817863099493,28,88,60,1,4,2,10,1,18,60,16
141,102,102,81,81,0,48,48,69,69,0,48,48,70,70,0,0.01415977398822288,0.01415977398822288,77,77,0,-1,3,3,3,14,55,14,79
142,200,301,88,96,8,180,180,93,93,0,200,180,93,93,0,0.015725518227305217,0.01579359406378706,78,78,0,5,2,2,8,8,30,8,58
143,0,206,1,86,85,0,31,1,29,28,0,8,1,30,29,0.0,0.0002382654276864427,1,30,29,3,-1,4,14,0,25,79,63
144,144,744,82,100,18,128,128,91,91,0,128,128,91,91,0,0.010824058000612683,0.019265461724360937,71,83,12,2,2,2,5,6,52,13,8
145,6,212,32,94,62,10,10,32,32,0,6,14,32,42,10,0.0002382654276864427,0.0020082371762143027,31,46,15,3,4,4,3,1,81,88,83
146,0,1640,1,100,99,0,46,1,75,74,0,46,1,76,75,0.0,0.05725177848122809,1,98,97,1,-1,2,2,0,68,36,19
147,0,206,1,91,90,0,16,1,28,27,0,16,1,34,33,0.0,0.004493005207801491,1,48,47,3,-1,4,4,0,67,89,38
148,1,207,26,92,66,3,10,26,31,5,1,9,26,37,11,0.0,0.0020082371762143027,1,46,45,3,6,4,3,2,64,58,75
149,88,704,61,100,39,160,170,73,77,4,88,170,61,85,24,0.006943735321147759,0.022328874366043774,63,83,20,2,2,2,11,4,38,72,37
150,34,136,56,89,33,22,22,49,49,0,22,22,53,53,0,0.006399128629293032,0.007862759113652609,62,67,5,4,3,3,2,4,90,38,83
151,169,270,92,95,3,72,72,80,80,0,72,72,80,80,0,0.023588277340957826,0.023622315259198747,89,89,0,5,2,2,3,16,87,12,58
152,16,16,34,34,0,58,58,39,39,0,16,16,34,34,0,0.0007828721195411688,0.0007828721195411688,37,37,0,-1,3,3,8,1,42,49,96
153,423,629,98,100,2,184,184,96,96,0,184,184,96,96,0,0.03516116954287076,0.03597807958065285,91,91,0,3,2,2,7,29,46,1,74
154,16,16,35,35,0,120,120,62,62,0,16,16,35,35,0,0.0019741992579733825,0.0019741992579733825,42,42,0,-1,3,3,10,1,12,53,50
155,100,100,66,66,0,100,100,67,67,0,100,100,73,73,0,0.05915790190271963,0.05915790190271963,98,98,0,-1,1,1,5,22,52,9,81
156,2,618,25,100,75,6,24,25,32,7,2,20,25,40,15,0.0,0.004629156880765172,1,51,50,2,5,3,5,1,50,68,75
157,70,686,60,100,40,86,86,63,63,0,70,86,63,66,3,0.005990673610401988,0.014670342761836687,56,75,19,2,3,3,6,6,56,26,14
158,12,218,36,90,54,36,36,36,36,0,12,36,36,49,13,0.002382654276864427,0.010041185881071514,45,69,24,3,4,4,6,2,48,83,77
159,64,680,57,100,43,128,128,69,69,0,64,128,57,81,24,0.007692569522448007,0.01589570781850982,62,78,16,2,3,3,8,4,30,38,27
160,0,616,1,99,98,0,74,1,39,38,0,46,1,52,51,0.0,0.0048674223084516155,1,56,55,2,-1,3,11,0,19,59,47
161,0,616,1,100,99,0,37,1,33,32,0,22,1,42,41,0.0,0.002382654276864427,1,46,45,2,-1,3,10,0,1,40,75
162,0,0,1,1,0,0,0,1,1,0,0,0,1,1,0,0.0,0.0,1,1,0,-1,-1,-1,5,0,52,86,93
163,100,100,67,67,0,100,100,66,66,0,100,100,72,72,0,0.06719085060757685,0.06831410190952722,99,99,0,3,1,1,6,40,59,3,61
164,0,616,1,100,99,0,24,1,33,32,0,16,1,36,35,0.0,0.0016678579938050988,1,42,41,2,-1,3,6,1,34,45,49
165,0,206,1,92,91,0,13,1,29,28,0,7,1,34,33,0.0,0.0005786446100956465,1,35,34,3,-1,4,5,0,63,93,56
166,101,307,76,95,19,138,138,71,71,0,101,138,76,80,4,0.009394465434494027,0.014500153170632085,69,75,6,3,2,2,9,8,54,44,31
167,0,616,1,100,99,0,90,1,35,34,0,46,1,51,50,0.0,0.006297014874570271,1,56,55,2,-1,3,14,0,16,93,21
168,51,1691,57,100,43,98,142,52,80,28,51,142,57,85,28,0.005105687736138058,0.031212771026923995,57,90,33,1,3,2,8,6,39,35,12
169,6,108,30,82,52,12,12,32,32,0,6,12,30,36,6,0.0019741992579733825,0.0035059055788147996,45,50,5,4,4,4,2,2,91,94,83
170,8,110,39,84,45,12,12,35,35,0,8,12,39,42,3,0.00176997174852786,0.0027911092957554717,45,52,7,4,4,4,2,2,86,61,51
171,1,207,26,95,69,2,12,26,40,14,1,12,26,40,14,0.0,0.00891793457912114,1,64,63,3,6,4,2,1,95,78,77
172,406,508,97,99,2,182,182,99,99,0,182,182,99,99,0,0.03897341638585384,0.03897341638585384,95,95,0,4,2,2,6,29,41,0,95
173,0,1640,1,100,99,0,130,1,61,60,0,130,1,77,76,0.0,0.023384049831512304,1,84,83,1,-1,2,11,0,5,82,15
174,32,134,51,86,35,38,38,51,51,0,38,38,54,54,0,0.0040845501889104465,0.005684332346233704,52,54,2,4,3,3,3,6,94,41,70
175,55,1695,55,100,45,56,90,48,62,14,55,90,56,68,12,0.004561081044283332,0.035875965825930084,53,95,42,1,3,2,6,6,65,28,23
176,183,799,91,100,9,96,96,95,95,0,96,96,95,95,0,0.029749140542564417,0.04874229892099799,89,97,8,2,2,2,3,16,60,18,9
177,295,911,97,100,3,120,120,86,86,0,120,120,86,86,0,0.03158718812757412,0.04377276285782362,91,95,4,2,2,2,6,29,65,11,12
178,87,293,68,95,27,86,86,62,62,0,86,86,68,68,0,0.00878178290615746,0.009905034208107831,67,69,2,3,3,3,6,8,32,44,83
179,16,16,32,32,0,40,40,32,32,0,16,16,32,32,0,0.00037441710065012424,0.00037441710065012424,32,32,0,-1,3,3,9,1,29,4,50
180,16,1656,41,100,59,30,68,42,67,25,16,68,41,70,29,0.0004765308553728854,0.030497974743864665,36,91,55,1,3,2,4,1,83,4,25
181,38,139,53,81,28,68,68,46,46,0,38,39,53,54,1,0.0029612988869600733,0.0029612988869600733,51,51,0,5,3,3,8,3,21,54,68
182,152,152,86,86,0,174,174,95,95,0,152,152,94,94,0,0.012662105585622384,0.012662105585622384,75,75,0,-1,2,2,7,6,46,28,96
183,516,722,100,100,0,152,152,94,94,0,152,152,94,94,0,0.04680213758126553,0.047414820109602095,95,96,1,3,2,2,5,40,52,3,42
184,58,58,63,63,0,78,78,79,79,0,58,58,70,70,0,0.009836958371625992,0.009836958371625992,68,68,0,-1,2,2,4,6,72,73,81
185,0,102,1,82,81,0,5,1,28,27,0,4,1,32,31,0.0,0.0002723033459273631,1,32,31,4,-1,5,3,0,75,96,63
186,24,230,44,94,50,60,60,40,40,0,24,60,44,55,11,0.0013615167296368155,0.006977773239388679,40,59,19,3,3,3,9,4,35,64,44
187,28,28,44,44,0,64,64,41,41,0,28,28,44,44,0,0.0017018959120460194,0.0017018959120460194,42,42,0,-1,3,3,9,3,31,43,67
188,12,114,33,76,43,48,48,35,35,0,12,14,33,34,1,0.0009190237925048504,0.0009530617107457708,39,39,0,4,4,4,10,3,12,51,4
189,144,144,85,85,0,284,284,86,86,0,144,144,85,85,0,0.009939072126348753,0.009939072126348753,67,67,0,-1,2,2,16,7,4,21,82
190,0,616,1,100,99,0,94,1,36,35,0,39,1,46,45,0.0,0.00445896728956057,1,53,52,2,-1,3,16,0,4,99,57
191,0,1640,1,100,99,0,96,1,52,51,0,96,1,63,62,0.0,0.02573266619013581,1,89,88,1,-1,2,7,0,46,98,19
192,100,100,66,66,0,100,100,67,67,0,100,100,73,73,0,0.05915790190271963,0.06926716362027298,98,99,1,2,1,1,5,22,52,9,12
193,86,702,58,100,42,170,170,69,69,0,86,142,58,84,26,0.004016474352428605,0.008407365805507334,54,64,10,2,2,2,12,6,6,70,13
194,100,100,62,62,0,100,100,43,43,0,100,100,62,62,0,0.04949113312229824,0.049729398549984684,98,98,0,3,1,1,12,29,14,11,88
195,0,102,1,76,75,0,6,1,27,26,0,2,1,27,26,0.0,0.00017018959120460194,1,30,29,4,-1,5,5,0,70,91,65
196,0,102,1,75,74,0,15,1,25,24,0,2,1,25,24,0.0,0.0,1,1,0,4,-1,5,14,0,25,36,68
197,88,1728,60,100,40,164,198,77,85,8,88,198,60,91,31,0.007352190340038803,0.038428809693999116,61,93,32,1,2,2,10,7,36,62,0
198,32,238,43,93,50,94,94,45,45,0,32,47,43,51,8,0.001599782157323258,0.0042547397801150485,40,51,11,3,3,3,9,2,29,52,41
199,88,294,74,99,25,48,48,72,72,0,48,48,74,74,0,0.012968446849790666,0.03281255318424725,74,93,19,3,3,3,3,8,60,8,10
200,251,251,97,97,0,72,72,85,85,0,72,72,85,85,0,0.03543347288879812,0.03543347288879812,93,93,0,-1,2,2,3,29,60,1,91
201,128,128,79,79,0,86,86,55,55,0,86,86,60,60,0,0.012696143503863304,0.012696143503863304,75,75,0,-1,3,3,6,8,40,8,81
202,0,0,1,1,0,0,0,1,1,0,0,0,1,1,0,0.0,0.0,1,1,0,-1,-1,-1,10,0,18,99,67
203,2,618,26,100,74,11,62,26,35,9,2,36,26,49,23,0.00010211375472276115,0.005446066918547262,29,55,26,2,5,3,10,1,1,78,72
204,56,672,52,100,48,76,86,54,62,8,56,86,52,66,14,0.004595118962524252,0.016542428265087308,50,78,28,2,2,2,6,2,56,74,5
205,0,616,1,100,99,0,68,1,39,38,0,48,1,55,54,0.0,0.008577555396711936,1,64,63,2,-1,3,10,0,11,98,34
206,51,667,53,100,47,50,60,46,48,2,50,60,53,56,3,0.004322815616596889,0.00891793457912114,51,67,16,2,3,3,5,6,50,35,75
207,140,756,84,100,16,182,182,87,87,0,140,158,85,85,0,0.01497668402600497,0.016610504101569147,76,79,3,2,2,2,9,8,23,20,52
208,6,108,29,73,44,42,42,34,34,0,6,8,29,34,5,0.0004084550188910446,0.0005446066918547262,36,37,1,4,4,4,9,1,28,88,4
209,22,22,40,40,0,126,126,63,63,0,22,22,40,40,0,0.002212464685659825,0.002212464685659825,45,45,0,-1,3,3,11,2,38,61,66
210,202,408,94,100,6,96,96,92,92,0,96,96,92,92,0,0.02648150039143606,0.029306647605432452,90,91,1,3,2,2,3,18,96,5,35
211,363,563,100,100,0,96,96,94,94,0,96,96,94,94,0,0.05480104836788182,0.058953674393274105,97,99,2,3,2,2,3,36,85,2,21
212,0,206,1,91,90,0,26,1,30,29,0,16,1,32,31,0.0,0.0030974505599237552,1,47,46,3,-1,4,9,1,31,45,73
213,119,719,86,100,14,64,64,68,68,0,64,64,71,71,0,0.020933319718166036,0.05211205282684911,83,97,14,2,3,3,4,16,72,18,2
214,111,727,78,100,22,152,152,80,80,0,111,152,78,87,9,0.00891793457912114,0.014466115252391163,67,77,10,2,2,2,8,8,30,44,13
215,44,250,57,99,42,22,22,54,54,0,22,22,54,54,0,0.006603356138738555,0.018788930868988054,62,81,19,3,3,3,2,4,99,72,6
216,216,422,90,98,8,128,128,90,90,0,128,128,90,90,0,0.02028659927158855,0.02314578440382586,83,85,2,3,2,2,5,18,61,5,41
217,0,0,1,1,0,0,0,1,1,0,0,0,1,1,0,0.0,0.0,1,1,0,-1,-1,-1,11,1,19,69,36
218,54,54,65,65,0,48,48,68,68,0,48,48,69,69,0,0.007454304094761564,0.007454304094761564,67,67,0,-1,3,3,3,7,81,62,84
219,86,86,54,54,0,180,180,64,64,0,86,86,54,54,0,0.003710133088260322,0.003710133088260322,49,49,0,-1,2,2,16,3,4,43,81
220,86,188,78,93,15,22,22,49,49,0,22,22,53,53,0,0.017427414139351238,0.017495489975833077,82,82,0,4,3,3,2,18,90,30,49
221,24,126,44,80,36,66,66,42,42,0,24,24,44,44,0,0.0014295925661186562,0.0015317063208414173,41,42,1,4,3,3,9,3,35,43,65
222,2,2,26,26,0,10,10,27,27,0,2,2,26,26,0,3.4037918240920386e-05,3.4037918240920386e-05,26,26,0,-1,5,5,8,1,30,68,93
223,0,0,1,1,0,0,0,1,1,0,0,0,1,1,0,0.0,0.0,1,1,0,-1,-1,-1,6,0,32,98,80
224,2,618,26,100,74,11,41,26,33,7,2,18,26,38,12,0.0,0.002586881786309949,1,49,48,2,5,3,10,2,11,58,46
225,18,634,44,100,56,46,56,42,45,3,18,56,44,57,13,0.0015317063208414173,0.009224275843289425,42,67,25,2,3,3,6,2,74,61,31
226,0,616,1,100,99,0,124,1,59,58,0,91,1,57,56,0.0,0.01324075019571803,1,72,71,2,-1,3,14,0,16,96,37
227,8,624,41,100,59,8,22,35,54,19,8,22,41,56,15,0.0005105687736138058,0.017801831240001363,37,83,46,2,4,3,2,2,97,63,12
228,0,616,1,100,99,0,116,1,57,56,0,116,1,79,78,0.0,0.013989584397018279,1,72,71,2,-1,3,14,0,25,84,12
229,296,502,94,99,5,320,320,95,95,0,296,320,93,95,2,0.024098846114571634,0.02644746247319514,86,87,1,3,2,2,14,20,17,23,41
230,0,0,1,1,0,0,0,1,1,0,0,0,1,1,0,0.0,0.0,1,1,0,-1,-1,-1,3,0,75,67,76
231,39,639,53,100,47,44,44,48,48,0,39,44,53,53,0,0.004629156880765172,0.010075223799312433,55,69,14,2,3,3,4,4,83,22,44
232,0,1640,1,100,99,0,74,1,61,60,0,74,1,67,66,0.0,0.0317233398005378,1,91,90,1,-1,2,5,0,37,80,16
233,115,115,85,85,0,48,48,59,59,0,48,48,63,63,0,0.0141938119064638,0.0141938119064638,80,80,0,-1,3,3,3,15,75,19,36
234,16,222,34,92,58,28,40,34,39,5,16,36,34,48,14,0.0006467204465774873,0.005480104836788182,35,54,19,3,3,3,5,1,50,88,38
235,0,101,1,74,73,0,16,1,25,24,0,1,1,25,24,0.0,0.0,1,1,0,5,-1,6,16,0,9,40,78
236,2,104,28,81,53,5,8,28,29,1,2,5,28,32,4,6.807583648184077e-05,0.0007828721195411688,29,37,8,4,5,5,4,1,72,78,74
237,128,334,79,96,17,138,138,75,75,0,128,138,80,86,6,0.010109261717553355,0.02205657102011641,69,85,16,3,2,2,9,9,29,31,37
238,22,228,43,89,46,80,80,44,44,0,22,28,43,44,1,0.0028932230504782326,0.0033016780693692774,49,50,1,3,3,3,9,2,54,75,49
239,147,249,93,99,6,46,46,83,83,0,46,46,83,83,0,0.02648150039143606,0.026889955410327106,91,91,0,4,2,2,2,15,99,16,49
240,0,0,1,1,0,0,0,1,1,0,0,0,1,1,0,0.0,0.0,1,1,0,-1,-1,-1,15,0,7,66,50
241,34,240,45,93,48,86,86,43,43,0,34,40,45,47,2,0.002144388849177984,0.0024166921951053475,44,47,3,3,3,3,10,3,12,54,60
242,406,1006,97,100,3,192,192,100,100,0,192,192,100,100,0,0.03921168181354028,0.0440791041219919,95,97,2,2,2,2,6,27,40,10,62
243,188,804,94,100,6,72,72,80,80,0,72,72,80,80,0,0.02481364239763096,0.03271043942952449,88,91,3,2,2,2,3,19,66,15,48
244,178,178,93,93,0,32,32,58,58,0,32,32,59,59,0,0.020831205963443275,0.020831205963443275,86,86,0,-1,3,3,2,19,68,15,79
245,270,470,94,100,6,88,88,73,73,0,88,88,74,74,0,0.0315531502093332,0.042104904864018515,89,94,5,3,2,2,4,27,83,10,23
246,0,102,1,79,78,0,8,1,27,26,0,4,1,31,30,0.0,0.0007828721195411688,1,36,35,4,-1,5,5,0,45,59,74
247,15,15,49,49,0,12,12,35,35,0,12,12,43,43,0,0.0042547397801150485,0.0042547397801150485,56,56,0,-1,4,4,2,6,86,73,76
248,360,360,99,99,0,136,136,99,99,0,136,136,99,99,0,0.04734674427312026,0.04734674427312026,95,95,0,-1,2,2,4,40,78,3,96
249,334,950,97,100,3,240,240,97,97,0,240,240,97,97,0,0.024234997787535316,0.02733244834745907,87,88,1,2,2,2,9,19,28,15,90
250,40,656,49,100,51,160,180,73,79,6,40,180,49,86,37,0.0034037918240920387,0.017597603730555838,50,79,29,2,2,2,11,2,38,94,12
251,149,355,84,99,15,84,84,69,69,0,84,84,71,71,0,0.010483678818203479,0.012185574730249497,70,71,1,3,2,2,5,13,37,24,70
252,173,789,92,100,8,72,72,80,80,0,72,72,80,80,0,0.025222097416522007,0.039109568058817525,89,95,6,2,2,2,3,16,66,18,37
253,6,622,30,100,70,24,42,34,39,5,6,42,30,53,23,0.000442492937131965,0.010177337554035196,36,67,31,2,4,3,6,1,74,49,17
254,16,222,41,95,54,28,28,45,45,0,16,28,41,48,7,0.0021784267674189047,0.012662105585622384,45,74,29,3,3,3,3,2,60,94,37
255,40,656,49,100,51,106,116,59,62,3,40,50,49,55,6,0.004356853534837809,0.007862759113652609,54,64,10,2,3,3,11,6,38,73,46
256,152,152,84,84,0,272,272,88,88,0,152,152,84,84,0,0.016508390346846386,0.016508390346846386,76,76,0,-1,2,2,14,9,17,39,92
257,34,650,55,100,45,34,54,44,61,17,34,54,55,67,12,0.0053439531638245,0.023009632730862182,58,85,27,2,3,3,4,4,72,38,39
258,0,616,1,100,99,0,52,1,39,38,0,44,1,55,54,0.0,0.008611593314952858,1,64,63,2,-1,3,7,0,24,79,20
259,118,218,88,97,9,32,32,67,67,0,32,32,68,68,0,0.02117158514585248,0.02467749072466728,85,86,1,4,3,3,2,19,97,15,38
260,90,191,62,88,26,90,90,49,49,0,90,90,62,62,0,0.007182000748834201,0.007318152421797883,59,59,0,5,3,3,9,9,35,31,78
261,0,616,1,99,98,0,132,1,62,61,0,132,1,77,76,0.0,0.029374723441914292,1,90,89,2,-1,3,11,0,5,82,0
262,12,218,36,90,54,32,32,37,37,0,12,18,36,43,7,0.00030634126416828345,0.0018380475850097008,35,45,10,3,4,4,6,2,74,56,94
263,100,100,59,59,0,100,100,46,46,0,100,100,59,59,0,0.02719629667449539,0.04329623200245073,88,95,7,2,1,1,11,8,5,20,23
264,80,1680,61,100,39,126,126,80,80,0,80,126,63,82,19,0.010109261717553355,0.03492290411518432,68,93,25,1,2,2,7,5,62,25,12
265,1,1,25,25,0,3,3,25,25,0,1,1,25,25,0,3.4037918240920386e-05,3.4037918240920386e-05,27,27,0,-1,6,6,3,2,81,58,87
266,0,0,1,1,0,0,0,1,1,0,0,0,1,1,0,0.0,0.0,1,1,0,-1,-1,-1,3,0,85,40,91
267,16,222,34,87,53,42,58,32,34,2,16,28,34,42,8,0.0002042275094455223,0.0025188059498281084,32,46,14,3,3,3,16,1,9,95,75
268,184,800,89,100,11,276,276,90,90,0,184,200,89,90,1,0.01504475986248681,0.016304162837400864,73,73,0,2,2,2,14,8,8,20,71
269,40,246,52,93,41,80,80,65,65,0,40,80,52,68,16,0.006467204465774873,0.01147077844719017,60,71,11,3,2,2,5,1,37,90,31
270,128,728,81,100,19,134,134,91,91,0,128,134,91,91,0,0.015521290717859695,0.02831954797644576,78,90,12,2,2,2,6,6,71,41,5
271,100,100,76,76,0,100,100,97,97,0,100,100,97,97,0,0.10153511011266551,0.10561966030157595,100,100,0,3,1,1,3,36,94,2,24
272,244,844,89,100,11,176,176,88,88,0,176,176,88,88,0,0.021239660982334322,0.03849688553048095,83,97,14,2,2,2,8,17,27,6,9
273,96,196,78,96,18,32,32,69,69,0,32,32,69,69,0,0.016542428265087308,0.016882807447496512,80,80,0,5,3,3,2,15,93,19,42
274,100,100,66,66,0,130,130,85,85,0,98,98,68,68,0,0.008645631233193778,0.008645631233193778,66,66,0,-1,2,2,7,6,62,41,99
275,404,1004,98,100,2,272,272,100,100,0,272,272,100,100,0,0.03492290411518432,0.042853739065318766,90,97,7,2,2,2,8,22,57,9,8
276,0,102,1,77,76,0,9,1,28,27,0,3,1,30,29,0.0,0.00013615167296368154,1,30,29,4,-1,5,7,0,62,87,63
277,116,218,79,93,14,174,174,84,84,0,116,118,79,79,0,0.014023622315259198,0.01415977398822288,78,78,0,4,2,2,10,8,36,20,55
278,0,206,1,87,86,0,70,1,34,33,0,48,1,48,47,0.0,0.007590455767725246,1,59,58,3,-1,4,15,0,7,59,8
279,60,60,66,66,0,48,48,63,63,0,48,48,64,64,0,0.005854521937438306,0.005854521937438306,60,60,0,-1,3,3,3,6,82,28,67
280,2,103,26,75,49,7,7,27,27,0,2,3,26,29,3,3.4037918240920386e-05,0.00010211375472276115,26,28,2,5,5,5,5,2,80,58,78
281,100,100,67,67,0,100,100,57,57,0,100,100,67,67,0,0.031621226045815035,0.031621226045815035,90,90,0,-1,1,1,8,13,21,24,81
282,0,0,1,1,0,0,0,1,1,0,0,0,1,1,0,0.0,0.0,1,1,0,-1,-1,-1,3,0,81,93,36
283,226,226,92,92,0,176,176,85,85,0,176,176,89,89,0,0.019571802988529223,0.019571802988529223,82,82,0,-1,2,2,8,18,42,30,40
284,28,28,49,49,0,60,60,48,48,0,28,28,49,49,0,0.002723033459273631,0.002723033459273631,50,50,0,-1,3,3,5,6,63,70,87
285,0,0,1,1,0,0,0,1,1,0,0,0,1,1,0,0.0,0.0,1,1,0,-1,-1,-1,6,0,48,91,80
286,40,246,48,95,47,116,116,74,74,0,40,48,48,50,2,0.0032336022328874367,0.004016474352428605,48,50,2,3,2,2,7,1,46,53,74
287,6,622,30,100,70,14,70,31,57,26,6,70,30,63,33,0.0002723033459273631,0.03427618366860683,31,94,63,2,4,3,5,1,63,65,2
288,314,514,96,100,4,150,150,90,90,0,150,150,91,91,0,0.03699921712788046,0.03883726471289016,94,94,0,3,2,2,7,29,62,0,22
289,22,228,49,97,48,22,22,49,49,0,22,22,50,50,0,0.003437829742332959,0.008645631233193778,50,67,17,3,3,3,2,2,93,75,21
290,0,616,1,100,99,0,48,1,32,31,0,17,1,38,37,0.0,0.0011232513019503727,1,38,37,2,-1,3,14,0,8,98,56
291,94,94,73,73,0,64,64,65,65,0,64,64,67,67,0,0.015214949453691413,0.015214949453691413,79,79,0,-1,3,3,4,9,47,39,92
292,16,222,36,94,58,36,40,34,35,1,16,24,36,43,7,0.000442492937131965,0.0013615167296368155,33,38,5,3,3,3,7,1,46,4,74
293,2,618,27,100,73,6,28,29,42,13,2,28,27,49,22,0.0002042275094455223,0.021920419347152727,31,88,57,2,5,3,3,1,66,65,11
294,0,206,1,89,88,0,14,1,31,30,0,8,1,35,34,0.0,0.0011232513019503727,1,39,38,3,-1,4,5,0,61,91,52
295,32,238,53,98,45,22,22,49,49,0,22,22,50,50,0,0.008475441641989176,0.016610504101569147,67,80,13,3,3,3,2,5,93,25,17
296,0,0,1,1,0,0,0,1,1,0,0,0,1,1,0,0.0,0.0,1,1,0,-1,-1,-1,11,1,19,69,98
297,84,84,58,58,0,186,186,70,70,0,84,84,58,58,0,0.006671431975220395,0.006671431975220395,60,60,0,-1,2,2,12,6,14,26,80
298,28,644,46,100,54,42,76,36,53,17,28,76,46,65,19,0.0026889955410327104,0.025392287007726607,44,88,44,2,3,3,6,3,56,54,23
299,24,230,48,94,46,36,40,41,42,1,24,40,48,52,4,0.0019741992579733825,0.010381565063480718,44,68,24,3,3,3,5,3,49,54,14
300,2,104,27,74,47,6,8,28,29,1,2,6,27,29,2,6.807583648184077e-05,0.0013615167296368155,28,42,14,4,5,5,4,2,83,58,52
301,0,616,1,100,99,0,56,1,40,39,0,56,1,53,52,0.0,0.023009632730862182,1,85,84,2,-1,3,6,0,40,66,1
302,269,269,95,95,0,316,316,92,92,0,269,269,95,95,0,0.015589366554341537,0.015589366554341537,77,77,0,-1,2,2,15,15,7,19,97
303,0,206,1,86,85,0,28,1,31,30,0,6,1,28,27,0.0,0.0006126825283365669,1,36,35,3,-1,4,11,0,5,96,42
304,166,782,87,100,13,96,96,69,69,0,96,96,70,70,0,0.019844106334456584,0.024064808196330712,84,87,3,2,3,3,6,16,56,12,90
305,40,40,56,56,0,32,32,64,64,0,32,32,64,64,0,0.005412029000306341,0.005412029000306341,59,59,0,-1,3,3,2,6,89,41,87
306,100,100,74,74,0,100,100,80,80,0,100,100,80,80,0,0.03311889444841554,0.03311889444841554,91,91,0,-1,1,1,5,6,45,73,80
307,100,100,62,62,0,100,100,48,48,0,100,100,62,62,0,0.047789237210252224,0.047789237210252224,98,98,0,-1,1,1,10,29,11,0,69
308,72,72,55,55,0,130,130,62,62,0,72,72,55,55,0,0.0024166921951053475,0.0024166921951053475,45,45,0,-1,2,2,11,4,5,64,85
309,134,750,82,100,18,272,272,87,87,0,134,150,82,85,3,0.011640968038394772,0.012900371013308825,71,72,1,2,2,2,14,6,8,77,71
310,16,222,36,92,56,98,98,53,53,0,16,24,36,48,12,0.002586881786309949,0.0030293747234419145,48,50,2,3,3,3,8,1,30,53,56
311,0,206,1,90,89,0,18,1,32,31,0,8,1,36,35,0.0,0.0016678579938050988,1,41,40,3,-1,4,5,0,80,93,52
312,100,306,67,96,29,94,94,71,71,0,94,94,72,72,0,0.007998910786616291,0.013615167296368155,65,76,11,3,2,2,5,6,63,13,31
313,90,90,64,64,0,104,104,82,82,0,104,104,83,83,0,0.010858095918853602,0.010858095918853602,73,73,0,-1,2,2,5,6,50,77,66
314,1,1,26,26,0,4,4,26,26,0,1,1,26,26,0,0.0,0.0,1,1,0,-1,6,6,4,2,73,58,97
315,22,228,41,94,53,44,44,44,44,0,22,44,41,49,8,0.0024166921951053475,0.006092787365124749,42,54,12,3,3,3,4,2,67,61,72
316,105,705,77,100,23,48,48,62,62,0,48,48,64,64,0,0.00966676878042139,0.023009632730862182,70,86,16,2,3,3,3,13,64,24,18
317,53,1693,55,100,45,60,94,55,75,20,60,94,60,76,16,0.007216038667075122,0.031451036454610434,61,91,30,1,3,2,5,8,70,57,34
318,256,256,93,93,0,88,88,73,73,0,88,88,74,74,0,0.033221008203138294,0.033221008203138294,91,91,0,-1,2,2,4,29,83,0,97
319,205,821,92,100,8,120,120,83,83,0,120,120,85,85,0,0.0245413390517036,0.03226794649239253,88,92,4,2,2,2,6,15,59,16,27
320,216,832,91,100,9,176,176,87,87,0,176,176,91,91,0,0.02130773681881616,0.04493005207801491,85,96,11,2,2,2,8,18,15,30,7
321,0,616,1,100,99,0,22,1,48,47,0,22,1,52,51,0.0,0.00966676878042139,1,70,69,2,-1,3,2,0,90,91,77
322,238,1878,90,100,10,192,216,87,94,7,192,216,88,94,6,0.020252561353347628,0.037475747983253344,82,96,14,1,2,2,9,16,54,12,8
323,26,128,56,88,32,12,12,35,35,0,12,12,42,42,0,0.0045270431260424114,0.00527587732734266,55,58,3,4,4,4,2,6,98,28,71
324,74,74,57,57,0,206,206,75,75,0,74,74,57,57,0,0.00527587732734266,0.00527587732734266,57,57,0,-1,2,2,12,4,14,22,96
325,34,634,49,100,51,106,106,58,58,0,34,51,49,55,6,0.0013274788113958951,0.0035059055788147996,40,50,10,2,3,3,11,4,19,64,70
326,0,206,1,92,91,0,21,1,30,29,0,10,1,35,34,0.0,0.0012934408931549745,1,39,38,3,-1,4,9,0,35,98,54
327,100,100,64,64,0,100,100,45,45,0,100,100,64,64,0,0.06429762755709861,0.06702066101637223,100,100,0,2,1,1,10,36,18,2,35
328,32,32,43,43,0,80,80,40,40,0,32,32,43,43,0,0.002314578440382586,0.002314578440382586,46,46,0,-1,3,3,10,2,12,52,80
329,60,60,58,58,0,112,112,75,75,0,60,60,58,58,0,0.009462541270975866,0.009462541270975866,67,67,0,-1,3,3,7,5,43,25,79
330,16,16,41,41,0,28,28,42,42,0,16,16,41,41,0,0.0009530617107457708,0.0009530617107457708,39,39,0,-1,3,3,3,2,64,42,96
331,0,206,1,97,96,0,12,1,38,37,0,12,1,43,42,0.0,0.008679669151434699,1,67,66,3,-1,4,2,0,97,84,19
332,6,107,29,82,53,10,10,29,29,0,6,7,29,33,4,0.00017018959120460194,0.0002042275094455223,30,30,0,5,4,4,3,1,82,65,58
333,10,216,39,97,58,18,18,38,38,0,10,18,39,46,7,0.0018040096667687805,0.009905034208107831,44,72,28,3,4,4,3,3,81,54,8
334,92,708,58,100,42,168,208,67,73,6,92,208,58,86,28,0.005616256509751864,0.03158718812757412,57,92,35,2,2,2,14,6,25,35,11
335,70,276,67,97,30,62,62,80,80,0,62,62,80,80,0,0.00789679703189353,0.012151536812008578,61,75,14,3,2,2,3,6,55,26,62
336,119,735,86,100,14,64,64,68,68,0,64,64,71,71,0,0.020933319718166036,0.0372374825555669,83,94,11,2,3,3,4,16,72,18,9
337,0,206,1,92,91,0,18,1,37,36,0,18,1,45,44,0.0,0.012253650566731339,1,74,73,3,-1,4,3,0,85,59,15
338,8,214,37,92,55,24,24,37,37,0,8,24,37,53,16,0.001055175465468532,0.00527587732734266,39,56,17,3,4,4,4,2,77,74,47
339,257,457,100,100,0,32,32,64,64,0,32,32,64,64,0,0.0424112461281868,0.043738724939582696,98,98,0,3,3,3,2,36,89,2,94
340,0,206,1,91,90,0,26,1,30,29,0,16,1,32,31,0.0,0.002212464685659825,1,45,44,3,-1,4,9,1,31,45,41
341,16,222,39,95,56,76,76,54,54,0,16,22,39,46,7,0.002212464685659825,0.0032336022328874367,48,50,2,3,3,3,6,1,32,53,71
342,107,313,84,100,16,32,32,71,71,0,32,32,71,71,0,0.015146873617209572,0.016338200755641786,76,79,3,3,3,3,2,15,99,19,52
343,54,54,55,55,0,80,80,68,68,0,54,54,55,55,0,0.006637394056979475,0.006637394056979475,58,58,0,-1,3,3,5,4,88,38,87
344,286,886,99,100,1,136,136,97,97,0,136,136,97,97,0,0.046223492971169886,0.059634432758092513,96,97,1,2,2,2,4,27,72,10,12
345,106,722,81,100,19,72,72,83,83,0,72,72,83,83,0,0.01695088328397835,0.02729841042921815,81,90,9,2,2,2,3,6,58,77,39
346,16,16,34,34,0,144,144,63,63,0,16,16,34,34,0,0.0017359338302869397,0.0017359338302869397,42,42,0,-1,3,3,14,1,16,53,98
347,2,618,26,100,74,11,56,27,36,9,2,44,26,51,25,0.00010211375472276115,0.004969536063174376,28,52,24,2,5,3,9,1,29,68,13
348,0,101,1,77,76,0,5,1,25,24,0,1,1,25,24,0.0,0.0,1,1,0,5,-1,6,5,0,37,99,68
349,290,890,95,100,5,222,222,90,90,0,222,222,92,92,0,0.02403077027808979,0.031280846863405834,87,88,1,2,2,2,10,19,11,15,20
350,16,222,39,93,54,52,56,48,48,0,16,35,39,49,10,0.0020763130126961434,0.0057524081827155455,44,54,10,3,3,3,6,1,69,53,22
351,40,656,49,100,51,160,170,73,77,4,40,170,49,85,36,0.0034037918240920387,0.02920453385070969,50,90,40,2,2,2,11,2,38,94,1
352,22,22,46,46,0,34,34,44,44,0,22,22,46,46,0,0.0011913271384322134,0.0011913271384322134,42,42,0,-1,3,3,4,2,72,61,84
353,36,242,54,94,40,28,28,45,45,0,28,28,50,50,0,0.005037611899656217,0.012253650566731339,54,70,16,3,3,3,3,6,58,28,20
354,0,616,1,99,98,0,64,1,33,32,0,34,1,46,45,0.0,0.002927260968719153,1,49,48,2,-1,3,12,0,6,85,70
355,22,22,46,46,0,34,34,44,44,0,22,22,46,46,0,0.0022465026039007454,0.0022465026039007454,46,46,0,-1,3,3,4,3,72,51,84
356,0,616,1,100,99,0,34,1,42,41,0,34,1,51,50,0.0,0.0051397256543789785,1,55,54,2,-1,3,4,0,83,76,28
357,0,206,1,91,90,0,36,1,35,34,0,36,1,53,52,0.0,0.00789679703189353,1,63,62,3,-1,4,6,0,44,82,20
358,0,102,1,76,75,0,6,1,29,28,0,2,1,27,26,0.0,0.0002042275094455223,1,31,30,4,-1,5,3,1,64,69,88
359,100,100,76,76,0,100,100,91,91,0,100,100,91,91,0,0.04043704687021342,0.04537254501514688,94,96,2,3,1,1,4,6,77,35,48
360,164,370,88,99,11,104,104,86,86,0,104,104,87,87,0,0.02403077027808979,0.02831954797644576,86,89,3,3,2,2,5,20,49,23,13
361,202,408,93,100,7,72,72,86,86,0,72,72,86,86,0,0.03179141563701964,0.03403791824092039,90,90,0,3,2,2,3,22,92,9,83
362,1,103,26,74,48,5,8,26,28,2,1,3,26,29,3,6.807583648184077e-05,0.0002042275094455223,28,30,2,4,6,5,5,1,63,78,4
363,62,678,61,100,39,54,54,54,54,0,54,54,58,58,0,0.008713707069675619,0.020150447598624867,65,85,20,2,3,3,4,6,47,34,33
364,66,272,69,97,28,38,38,59,59,0,38,38,62,62,0,0.007828721195411689,0.012083460975526737,67,73,6,3,3,3,3,7,92,21,34
365,28,644,49,100,51,34,44,39,48,9,28,44,49,53,4,0.0025188059498281084,0.017087034956942034,47,80,33,2,3,3,4,6,53,70,37
366,204,204,91,91,0,162,162,86,86,0,162,162,89,89,0,0.018754892950747133,0.018754892950747133,82,82,0,-1,2,2,9,16,31,12,93
367,100,100,79,79,0,100,100,97,97,0,100,100,97,97,0,0.05269069743694476,0.05286088702814936,98,98,0,5,1,1,3,6,60,73,65
368,0,206,1,88,87,0,38,1,31,30,0,6,1,28,27,0.0,0.0019741992579733825,1,42,41,3,-1,4,11,0,33,85,94
369,6,6,33,33,0,29,29,33,33,0,6,6,33,33,0,0.00034037918240920387,0.00034037918240920387,33,33,0,-1,4,4,9,1,26,4,59
370,0,1640,1,100,99,0,76,1,58,57,0,76,1,64,63,0.0,0.03012355764321454,1,91,90,1,-1,2,6,1,34,45,12
371,8,624,32,100,68,28,52,32,40,8,8,52,32,52,20,0.00037441710065012424,0.011300588855985567,32,71,39,2,4,3,6,2,40,63,19
372,197,397,94,100,6,22,22,48,48,0,22,22,51,51,0,0.028455699649409444,0.044045066203750975,90,97,7,3,3,3,2,30,95,7,10
373,6,622,27,100,73,18,92,28,40,12,6,92,27,60,33,0.0,0.016338200755641786,1,75,74,2,4,3,12,1,2,68,16
374,12,12,33,33,0,48,48,35,35,0,12,12,33,33,0,0.0009190237925048504,0.0009190237925048504,39,39,0,-1,4,4,10,3,12,51,89
375,0,102,1,81,80,0,5,1,27,26,0,2,1,27,26,0.0,0.0004084550188910446,1,33,32,4,-1,5,3,0,96,81,42
376,389,595,100,100,0,128,128,96,96,0,128,128,96,96,0,0.051499370298512544,0.055413730896218386,98,98,0,3,2,2,5,36,49,2,57
377,62,62,56,56,0,132,132,64,64,0,62,62,56,56,0,0.0042547397801150485,0.0042547397801150485,55,55,0,-1,3,3,12,6,14,35,66
378,50,151,59,89,30,38,38,52,52,0,38,38,55,55,0,0.005241839409101739,0.005446066918547262,57,58,1,5,3,3,3,6,66,26,65
379,2,2,27,27,0,10,10,30,30,0,2,2,27,27,0,0.00017018959120460194,0.00017018959120460194,30,30,0,-1,5,5,5,1,37,4,40
380,0,616,1,100,99,0,38,1,50,49,0,38,1,53,52,0.0,0.01950372715204738,1,82,81,2,-1,3,3,0,94,86,18
381,100,100,60,60,0,100,100,40,40,0,100,100,60,60,0,0.0212056230640934,0.026753803737363423,81,90,9,2,1,1,14,9,25,27,34
382,260,260,92,92,0,304,304,87,87,0,260,260,92,92,0,0.014023622315259198,0.014023622315259198,72,72,0,-1,2,2,17,14,20,32,97
383,6,1646,29,100,71,27,176,30,68,38,6,176,29,87,58,0.00010211375472276115,0.030463936825623743,27,92,65,1,4,2,12,1,14,60,11
384,6,107,31,78,47,27,27,33,33,0,6,7,31,35,4,0.00013615167296368154,0.00013615167296368154,32,32,0,5,4,4,8,1,57,4,68
385,0,0,1,1,0,0,0,1,1,0,0,0,1,1,0,0.0,0.0,1,1,0,-1,-1,-1,10,0,0,87,66
386,40,246,58,97,39,52,52,81,81,0,40,52,67,81,14,0.0088498587426393,0.0160318594914735,68,78,10,3,2,2,3,1,81,90,77
387,0,0,1,1,0,0,0,1,1,0,0,0,1,1,0,0.0,0.0,1,1,0,-1,-1,-1,9,0,31,59,92
388,268,884,95,100,5,88,88,77,77,0,88,88,77,77,0,0.033425235712583816,0.03921168181354028,91,93,2,2,2,2,4,27,79,10,38
389,78,1718,69,100,31,60,84,49,76,27,60,84,59,77,18,0.014329963579427483,0.036624800027230335,77,93,16,1,3,2,5,9,88,39,35
390,0,206,1,96,95,0,18,1,35,34,0,18,1,44,43,0.0,0.0040845501889104465,1,51,50,3,-1,4,3,0,75,66,13
391,126,726,79,100,21,120,120,78,78,0,120,120,78,78,0,0.012832295176826986,0.025324211171244768,73,87,14,2,2,2,6,8,41,17,12
392,100,100,67,67,0,100,100,55,55,0,100,100,67,67,0,0.03512713162462984,0.05830695394669662,92,99,7,2,1,1,9,9,23,39,0
393,157,363,91,99,8,72,72,77,77,0,72,72,79,79,0,0.023724429013921508,0.026243234963749616,89,90,1,3,2,2,3,15,96,16,22
394,68,68,63,63,0,38,38,46,46,0,38,38,51,51,0,0.008441403723748256,0.008441403723748256,64,64,0,-1,3,3,3,7,96,48,67
395,28,28,41,41,0,64,64,39,39,0,28,28,41,41,0,0.0011232513019503727,0.0011232513019503727,38,38,0,-1,3,3,9,4,29,64,98
396,129,129,86,86,0,48,48,64,64,0,48,48,66,66,0,0.020695054290479593,0.020695054290479593,85,85,0,-1,3,3,3,16,85,18,98
397,77,283,72,97,25,48,48,59,59,0,48,48,63,63,0,0.008305252050784574,0.015351101126655093,65,81,16,3,3,3,3,8,75,44,77
398,100,100,62,62,0,100,100,45,45,0,100,100,62,62,0,0.04152626025392287,0.046529834235338165,94,97,3,2,1,1,12,22,3,9,72
399,68,170,65,92,27,56,56,80,80,0,56,56,81,81,0,0.011198475101262807,0.011879233466081215,72,74,2,4,2,2,2,4,91,72,74
400,22,124,47,81,34,34,34,44,44,0,22,26,47,51,4,0.002927260968719153,0.004356853534837809,49,54,5,4,3,3,4,2,47,75,83
401,0,616,1,100,99,0,62,1,42,41,0,62,1,57,56,0.0,0.014704380680077607,1,77,76,2,-1,3,7,0,24,98,16
402,0,1640,1,100,99,0,124,1,60,59,0,105,1,79,78,0.0,0.014772456516559448,1,75,74,1,-1,2,13,0,13,98,24
403,6,622,30,100,70,27,56,34,43,9,6,56,30,53,23,0.0004084550188910446,0.015521290717859695,33,78,45,2,4,3,6,1,41,88,5
404,296,496,97,100,3,120,120,83,83,0,120,120,85,85,0,0.032914666938970015,0.04271758739235508,93,95,2,3,2,2,6,27,59,10,12
405,22,638,41,100,59,110,110,59,59,0,22,64,41,55,14,0.0018040096667687805,0.007386228258279724,43,60,17,2,3,3,10,2,18,61,48
406,193,193,96,96,0,48,48,59,59,0,48,48,63,63,0,0.028659927158854966,0.028659927158854966,92,92,0,-1,3,3,3,29,75,11,79
407,172,1812,83,100,17,184,222,79,91,12,172,222,84,93,9,0.011232513019503728,0.029340685523673374,71,91,20,1,2,2,10,9,12,31,32
408,0,616,1,100,99,0,148,1,62,61,0,148,1,85,84,0.0,0.021750229755948126,1,80,79,2,-1,3,13,0,13,76,7
409,36,242,51,94,43,38,38,59,59,0,38,38,62,62,0,0.004799346471969774,0.005990673610401988,52,56,4,3,3,3,3,6,92,41,64
410,6,622,30,100,70,7,22,30,41,11,6,22,30,44,14,0.0002723033459273631,0.00796487286837537,31,62,31,2,4,3,2,1,91,78,72
411,2,2,28,28,0,4,4,29,29,0,2,2,28,28,0,0.00017018959120460194,0.00017018959120460194,32,32,0,-1,5,5,2,1,86,55,93
412,101,717,73,100,27,104,104,81,81,0,104,104,84,84,0,0.00796487286837537,0.020524864699274992,63,84,21,2,2,2,5,8,61,57,6
413,18,634,44,100,56,46,56,40,44,4,18,56,44,57,13,0.0005786446100956465,0.01055175465468532,35,70,35,2,3,3,6,2,44,56,39
414,82,698,69,100,31,54,64,55,69,14,54,64,60,69,9,0.011947309302563056,0.02379250485040335,71,85,14,2,3,3,4,8,84,17,8
415,22,22,45,45,0,54,54,39,39,0,22,22,45,45,0,0.001157289220191293,0.001157289220191293,40,40,0,-1,3,3,8,2,57,74,69
416,116,217,81,94,13,104,104,86,86,0,104,104,87,87,0,0.0176997174852786,0.0176997174852786,80,80,0,6,2,2,5,8,49,20,78
417,0,102,1,77,76,0,8,1,30,29,0,4,1,31,30,0.0,0.0021784267674189047,1,45,44,4,-1,5,4,0,79,85,75
418,151,767,87,100,13,78,88,77,81,4,78,88,79,81,2,0.020831205963443275,0.036760951700194014,82,94,12,2,2,2,4,16,78,12,15
419,1,1,26,26,0,2,2,26,26,0,1,1,26,26,0,0.0,0.0,1,1,0,-1,6,6,2,1,95,68,81
420,100,100,65,65,0,100,100,45,45,0,100,100,65,65,0,0.025358249089485686,0.025358249089485686,86,86,0,4,1,1,10,6,12,77,4
421,0,1640,1,100,99,0,154,1,65,64,0,150,1,82,81,0.0,0.020558902617515914,1,82,81,1,-1,2,14,0,25,81,6
422,100,100,63,63,0,100,100,39,39,0,100,100,63,63,0,0.0283876238129276,0.0283876238129276,90,90,0,-1,1,1,14,12,17,37,50
423,56,672,55,100,45,84,84,66,66,0,56,84,55,69,14,0.0068075836481840775,0.03335715987610198,59,90,31,2,2,2,5,3,61,29,3
424,0,1640,1,100,99,0,146,1,59,58,0,102,1,74,73,0.0,0.015283025290173252,1,78,77,1,-1,2,16,0,4,93,39
425,100,100,73,73,0,100,100,87,87,0,100,100,87,87,0,0.0547670104496409,0.0547670104496409,97,97,0,-1,1,1,4,18,79,5,40
426,266,472,96,100,4,256,256,97,97,0,256,256,97,97,0,0.024507301133462677,0.028489737567650362,87,88,1,3,2,2,10,16,36,18,38
427,0,616,1,100,99,0,23,1,32,31,0,16,1,36,35,0.0,0.0014636304843595766,1,41,40,2,-1,3,6,0,41,91,4
428,70,276,67,97,30,62,62,80,80,0,62,62,80,80,0,0.00789679703189353,0.013036522686272508,61,75,14,3,2,2,3,6,55,26,24
429,499,1099,99,100,1,216,216,99,99,0,216,216,99,99,0,0.05194186323564451,0.056434868443446,98,98,0,2,2,2,6,36,44,2,38
430,156,362,88,99,11,88,88,81,81,0,88,88,81,81,0,0.021682153919466287,0.027094182919772627,85,89,4,3,2,2,4,14,73,14,62
431,6,622,34,100,66,8,22,35,54,19,6,22,34,56,22,0.00037441710065012424,0.014023622315259198,35,77,42,2,4,3,2,1,97,49,32
432,6,212,28,92,64,43,44,30,31,1,6,14,28,32,4,0.00017018959120460194,0.0007828721195411688,29,36,7,3,4,4,16,1,4,60,51
433,2,618,26,100,74,14,50,27,34,7,2,18,26,39,13,6.807583648184077e-05,0.003437829742332959,27,51,24,2,5,3,12,2,3,58,94
434,0,206,1,89,88,0,40,1,35,34,0,7,1,35,34,0.0,0.0012253650566731338,1,40,39,3,-1,4,8,1,57,45,61
435,76,692,63,100,37,64,64,63,63,0,64,64,64,64,0,0.009973110044589673,0.022533101875489295,71,85,14,2,3,3,4,6,79,77,14
436,8,624,35,100,65,46,56,38,38,0,8,32,35,46,11,0.00037441710065012424,0.003982436434187685,33,51,18,2,4,3,9,2,23,56,22
437,6,212,32,97,65,8,12,32,34,2,6,12,32,41,9,0.0004084550188910446,0.005820484019197386,35,59,24,3,4,4,2,1,98,88,62
438,80,80,60,60,0,142,142,71,71,0,80,80,60,60,0,0.010347527145239796,0.010347527145239796,68,68,0,-1,2,2,8,6,15,77,85
439,0,206,1,93,92,0,24,1,37,36,0,24,1,50,49,0.0,0.008271214132543654,1,67,66,3,-1,4,4,1,72,50,27
440,101,1741,76,100,24,164,208,77,88,11,101,208,76,93,17,0.008271214132543654,0.04802750263793867,64,97,33,1,2,2,10,8,36,57,2
441,22,124,48,81,33,36,36,38,38,0,22,24,48,50,2,0.0013274788113958951,0.0014636304843595766,40,40,0,4,3,3,5,3,61,51,65
442,14,220,47,97,50,12,12,35,35,0,12,12,43,43,0,0.0019061234214915416,0.004765308553728854,46,56,10,3,4,4,2,3,86,54,29
443,348,449,96,97,1,176,176,85,85,0,176,176,89,89,0,0.032165832737669764,0.03223390857415161,88,88,0,5,2,2,8,29,42,0,78
444,112,112,84,84,0,86,86,90,90,0,86,86,90,90,0,0.0158616699002689,0.0158616699002689,79,79,0,-1,2,2,3,4,76,38,82
445,16,632,40,100,60,28,28,45,45,0,16,28,40,51,11,0.0012253650566731338,0.015214949453691413,37,78,41,2,3,3,3,1,94,49,39
446,106,312,80,99,19,78,78,78,78,0,78,78,78,78,0,0.015521290717859695,0.017427414139351238,79,80,1,3,2,2,4,8,67,20,54
447,2,208,27,93,66,6,18,29,34,5,2,18,27,45,18,0.00013615167296368154,0.007011811157629599,30,63,33,3,5,4,3,1,58,65,20
448,2,208,27,96,69,4,12,29,34,5,2,12,27,41,14,3.4037918240920386e-05,0.013683243132849994,29,79,50,3,5,4,2,1,98,65,15
449,0,1640,1,100,99,0,46,1,86,85,0,46,1,87,86,0.0,0.06422955172061677,1,98,97,1,-1,2,2,0,97,67,37
450,22,22,40,40,0,96,96,44,44,0,22,22,40,40,0,0.0016678579938050988,0.0016678579938050988,42,42,0,-1,3,3,11,2,38,74,36
451,29,235,48,92,44,40,40,44,44,0,29,40,48,50,2,0.004220701861874128,0.010687906327649,51,70,19,3,3,3,5,4,88,22,27
452,172,788,83,100,17,184,188,79,82,3,172,188,84,90,6,0.011232513019503728,0.033084856530174615,71,91,20,2,2,2,10,9,12,31,7
453,88,88,61,61,0,142,142,78,78,0,88,88,61,61,0,0.010041185881071514,0.010041185881071514,66,66,0,-1,2,2,8,4,27,38,87
454,12,218,36,93,57,30,30,41,41,0,12,30,36,51,15,0.002110350930937064,0.004595118962524252,45,51,6,3,4,4,5,2,70,61,73
455,6,622,29,100,71,17,41,28,31,3,6,16,29,34,5,3.4037918240920386e-05,0.0015317063208414173,28,41,13,2,4,3,10,1,12,68,71
456,24,230,48,94,46,36,40,41,42,1,24,40,48,52,4,0.0019741992579733825,0.006739507811702236,44,61,17,3,3,3,5,3,49,54,21
457,12,12,37,37,0,18,18,33,33,0,12,12,37,37,0,0.0005786446100956465,0.0005786446100956465,34,34,0,-1,4,4,5,2,88,63,66
458,101,101,76,76,0,138,138,71,71,0,101,101,76,76,0,0.009394465434494027,0.009394465434494027,69,69,0,-1,2,2,9,8,54,44,81
459,0,0,1,1,0,0,0,1,1,0,0,0,1,1,0,0.0,0.0,1,1,0,-1,-1,-1,4,0,53,67,98
460,100,100,66,66,0,100,100,60,60,0,100,100,68,68,0,0.06300418666394364,0.07001599782157324,100,100,0,2,1,1,7,40,43,3,19
461,100,100,58,58,0,100,100,38,38,0,100,100,58,58,0,0.04894652643044351,0.0547670104496409,98,98,0,2,1,1,16,30,9,7,27
462,188,804,92,100,8,48,48,63,63,0,48,48,64,64,0,0.0230436706491031,0.04659791007182001,86,96,10,2,3,3,3,19,82,15,11
463,234,850,91,100,9,160,160,86,86,0,160,160,88,88,0,0.024166921951053473,0.027945130875795636,85,88,3,2,2,2,7,15,24,16,13
464,1,617,24,100,76,3,28,24,43,19,1,28,24,50,26,6.807583648184077e-05,0.012151536812008578,27,73,46,2,6,3,3,2,92,58,14
465,73,279,56,94,38,154,154,67,67,0,73,87,56,57,1,0.005888559855679227,0.008543517478471017,56,66,10,3,2,2,10,4,18,22,73
466,150,766,80,100,20,166,176,84,87,3,150,176,84,87,3,0.01412573606998196,0.03546751080703904,73,95,22,2,2,2,8,8,27,17,11
467,149,149,90,90,0,72,72,77,77,0,72,72,79,79,0,0.01960584090677014,0.01960584090677014,84,84,0,-1,2,2,3,15,96,19,87
468,0,616,1,100,99,0,108,1,56,55,0,48,1,52,51,0.0,0.007862759113652609,1,57,56,2,-1,3,16,0,9,87,77
469,0,616,1,100,99,0,38,1,51,50,0,38,1,54,53,0.0,0.028421661731168522,1,91,90,2,-1,3,3,0,66,86,3
470,98,304,69,95,26,96,96,61,61,0,96,96,69,69,0,0.011640968038394772,0.011913271384322134,74,74,0,3,3,3,6,9,48,27,56
471,100,100,67,67,0,100,100,74,74,0,100,100,75,75,0,0.06341264168283468,0.06443377923006229,99,99,0,3,1,1,5,27,63,10,52
472,73,174,64,91,27,54,54,54,54,0,54,54,58,58,0,0.006773545729943157,0.0068075836481840775,60,60,0,5,3,3,4,8,47,57,95
473,16,222,48,97,49,22,22,52,52,0,16,22,51,54,3,0.0033016780693692774,0.006943735321147759,52,63,11,3,3,3,2,3,98,46,47
474,132,1772,80,100,20,120,144,83,89,6,120,144,85,89,4,0.013479015623404473,0.04802750263793867,73,96,23,1,2,2,6,9,59,27,1
475,2,208,27,90,63,5,24,27,37,10,2,24,27,49,22,6.807583648184077e-05,0.0195377650702883,28,84,56,3,5,4,4,1,79,78,0
476,6,212,28,92,64,19,36,31,35,4,6,36,28,46,18,0.0002042275094455223,0.013479015623404473,29,74,45,3,4,4,6,1,56,65,12
477,0,1640,1,100,99,0,90,1,48,47,0,72,1,59,58,0.0,0.017801831240001363,1,81,80,1,-1,2,9,0,26,79,77
478,100,100,67,67,0,100,100,55,55,0,100,100,67,67,0,0.05122706695258518,0.08318867218080943,98,100,2,1,1,1,9,27,23,10,1
479,308,308,97,97,0,152,152,95,95,0,152,152,95,95,0,0.03243813608359713,0.03243813608359713,91,91,0,-1,2,2,5,22,63,9,92
480,66,66,68,68,0,34,34,44,44,0,34,34,55,55,0,0.007318152421797883,0.007318152421797883,65,65,0,-1,3,3,4,13,72,24,87
481,22,228,41,91,50,88,88,47,47,0,22,31,41,45,4,0.0012594029749140542,0.002552843868069029,40,47,7,3,3,3,8,2,10,61,64
482,18,634,41,100,59,38,66,38,47,9,18,66,41,60,19,0.000442492937131965,0.015317063208414174,34,80,46,2,3,3,6,2,48,56,12
483,1,617,26,100,74,5,50,26,47,21,1,50,26,56,30,3.4037918240920386e-05,0.025051907825317403,27,89,62,2,6,3,5,1,49,78,11
484,0,102,1,76,75,0,10,1,30,29,0,4,1,30,29,0.0,0.0014295925661186562,1,41,40,4,-1,5,5,1,70,50,61
485,0,101,1,78,77,0,9,1,23,22,0,1,1,23,22,0.0,0.00010211375472276115,1,29,28,5,-1,6,9,0,26,67,55
486,0,206,1,93,92,0,8,1,31,30,0,8,1,35,34,0.0,0.0008509479560230097,1,37,36,3,-1,4,2,1,68,69,43
487,56,672,54,100,46,136,156,63,65,2,56,108,54,74,20,0.002484768031587188,0.01065386840940808,48,69,21,2,2,2,12,2,6,52,77
488,56,262,63,95,32,48,48,66,66,0,48,48,67,67,0,0.010245413390517035,0.01147077844719017,71,73,2,3,3,3,3,6,76,77,94
489,62,163,53,85,32,92,92,47,47,0,62,63,53,54,1,0.00353994349705572,0.00353994349705572,51,51,0,5,2,2,8,3,42,54,58
490,6,212,30,92,62,19,48,30,36,6,6,32,30,50,20,0.00017018959120460194,0.003778208924742163,30,53,23,3,4,4,8,1,21,60,47
491,136,136,86,86,0,70,70,62,62,0,70,70,69,69,0,0.01589570781850982,0.01589570781850982,78,78,0,-1,3,3,5,16,45,12,80
492,6,622,28,100,72,40,68,34,42,8,6,68,28,55,27,0.0005786446100956465,0.0160318594914735,34,75,41,2,4,3,8,1,27,49,30
493,375,575,97,100,3,160,160,93,93,0,160,160,94,94,0,0.03448041117805235,0.03710133088260322,91,92,1,3,2,2,7,29,62,1,47
494,0,102,1,83,82,0,4,1,28,27,0,4,1,30,29,0.0,0.002144388849177984,1,43,42,4,-1,5,2,0,99,89,83
495,0,1640,1,100,99,0,52,1,78,77,0,52,1,78,77,0.0,0.04401102828551006,1,96,95,1,-1,2,3,0,76,85,15
496,16,1656,34,100,66,66,114,37,64,27,16,114,34,76,42,0.0004765308553728854,0.02324789815854862,35,86,51,1,3,2,10,1,11,49,6
497,56,672,56,100,44,126,136,69,76,7,56,136,56,82,26,0.006092787365124749,0.02563055243541305,58,88,30,2,2,2,7,3,24,29,1
498,221,421,93,100,7,72,72,80,80,0,72,72,80,80,0,0.03359542530378842,0.04278566322883692,91,94,3,3,2,2,3,29,76,0,12
499,0,0,1,1,0,0,0,1,1,0,0,0,1,1,0,0.0,0.0,1,1,0,-1,-1,-1,7,1,46,69,59
500,140,1780,88,100,12,144,168,91,95,4,144,168,91,95,4,0.018108172504169646,0.04571292419755608,83,95,12,1,2,2,6,8,32,20,12
501,88,88,68,68,0,88,88,77,77,0,88,88,77,77,0,0.009632730862180468,0.009632730862180468,69,69,0,-1,2,2,4,7,79,62,96
502,29,235,50,96,46,28,28,43,43,0,28,28,50,50,0,0.00353994349705572,0.009836958371625992,51,73,22,3,3,3,3,6,75,73,48
503,0,616,1,100,99,0,38,1,34,33,0,36,1,48,47,0.0,0.004629156880765172,1,54,53,2,-1,3,6,0,40,92,35
504,0,101,1,76,75,0,6,1,25,24,0,1,1,25,24,0.0,3.4037918240920386e-05,1,25,24,6,-1,7,6,0,71,79,78
505,214,830,93,100,7,150,150,85,85,0,150,150,89,89,0,0.025766704108376733,0.036590762108989414,89,92,3,2,2,2,7,15,46,16,12
506,0,0,1,1,0,0,0,1,1,0,0,0,1,1,0,0.0,0.0,1,1,0,-1,-1,-1,5,0,88,81,86
507,39,39,53,53,0,54,54,53,53,0,39,39,53,53,0,0.00439089145307873,0.00439089145307873,54,54,0,-1,3,3,4,4,79,22,91
508,16,222,40,93,53,40,60,38,41,3,16,60,40,56,16,0.00034037918240920387,0.011879233466081215,33,71,38,3,3,3,9,1,26,88,12
509,128,334,77,95,18,214,214,83,83,0,128,140,77,80,3,0.006909697402906838,0.00888389666088022,56,61,5,3,2,2,11,5,5,47,52
510,46,148,53,81,28,76,76,49,49,0,46,48,53,53,0,0.005616256509751864,0.005718370264474625,55,56,1,4,2,2,7,2,43,75,4
511,8,110,37,81,44,14,14,32,32,0,8,14,37,41,4,0.0007828721195411688,0.0017018959120460194,36,43,7,4,4,4,3,3,87,51,43
512,0,616,1,100,99,0,28,1,42,41,0,28,1,49,48,0.0,0.0158616699002689,1,81,80,2,-1,3,3,0,66,98,15
513,6,6,33,33,0,20,20,35,35,0,6,6,33,33,0,0.0008509479560230097,0.0008509479560230097,38,38,0,-1,4,4,4,2,47,42,92
514,316,316,99,99,0,72,72,83,83,0,72,72,83,83,0,0.04544062085162871,0.04544062085162871,96,96,0,-1,2,2,3,40,58,3,85
515,0,616,1,100,99,0,58,1,34,33,0,40,1,49,48,0.0,0.003914360597705844,1,54,53,2,-1,3,10,0,11,97,47
516,0,616,1,100,99,0,38,1,37,36,0,38,1,50,49,0.0,0.00803294870485721,1,63,62,2,-1,3,6,0,65,82,24
517,0,0,1,1,0,0,0,1,1,0,0,0,1,1,0,0.0,0.0,1,1,0,-1,-1,-1,9,0,28,80,45
518,6,6,29,29,0,36,36,32,32,0,6,6,29,29,0,0.0002723033459273631,0.0002723033459273631,32,32,0,-1,4,4,12,1,6,65,69
519,100,100,59,59,0,100,100,39,39,0,100,100,59,59,0,0.02379250485040335,0.035025017869907075,85,95,10,2,1,1,14,8,16,17,14
520,100,100,77,77,0,100,100,96,96,0,100,100,96,96,0,0.08369924095442323,0.09193641716872596,99,100,1,2,1,1,3,29,66,0,8
521,6,6,31,31,0,10,10,31,31,0,6,6,31,31,0,0.00013615167296368154,0.00013615167296368154,30,30,0,-1,4,4,3,1,66,4,91
522,12,218,37,93,56,8,12,32,35,3,12,12,37,37,0,0.0015317063208414173,0.008066986623098132,44,61,17,3,4,4,2,2,68,83,8
523,16,632,37,100,63,46,46,39,39,0,16,46,37,52,15,0.002314578440382586,0.012015385139044895,46,71,25,2,3,3,6,2,41,94,14
524,100,100,70,70,0,100,100,53,53,0,100,100,70,70,0,0.035025017869907075,0.035025017869907075,90,90,0,-1,1,1,9,15,31,19,59
525,112,728,86,100,14,32,32,70,70,0,32,32,70,70,0,0.019707954661492902,0.02831954797644576,84,90,6,2,3,3,2,18,95,30,20
526,87,293,73,98,25,54,54,60,60,0,54,54,62,62,0,0.009632730862180468,0.013002484768031588,68,76,8,3,3,3,4,14,78,32,47
527,106,312,81,97,16,72,72,83,83,0,72,72,83,83,0,0.01695088328397835,0.03104258143571939,81,91,10,3,2,2,3,6,58,77,9
528,0,206,1,87,86,0,56,1,35,34,0,56,1,52,51,0.0,0.012594029749140543,1,71,70,3,-1,4,10,0,22,79,6
529,0,206,1,91,90,0,50,1,33,32,0,14,1,35,34,0.0,0.0021784267674189047,1,45,44,3,-1,4,11,0,38,92,70
530,194,194,86,86,0,192,192,87,87,0,192,192,88,88,0,0.024200959869294394,0.024200959869294394,83,83,0,-1,2,2,9,20,54,23,81
531,150,356,87,100,13,64,64,67,67,0,64,64,68,68,0,0.02018448551686579,0.02379250485040335,83,86,3,3,3,3,4,16,67,18,13
532,0,0,1,1,0,0,0,1,1,0,0,0,1,1,0,0.0,0.0,1,1,0,-1,-1,-1,6,0,34,66,79
533,60,60,63,63,0,54,54,60,60,0,54,54,62,62,0,0.005173763572619898,0.005173763572619898,59,59,0,-1,3,3,4,5,78,47,45
534,88,1728,65,100,35,110,134,77,85,8,88,134,65,86,21,0.009020048333843901,0.037543823819735186,66,92,26,1,2,2,6,4,44,38,6
535,22,22,39,39,0,84,84,36,36,0,22,22,39,39,0,0.00030634126416828345,0.00030634126416828345,34,34,0,-1,3,3,14,2,8,63,85
536,40,656,49,100,51,150,150,70,70,0,40,84,49,60,11,0.004731270635487933,0.012219612648490419,56,71,15,2,2,2,11,3,38,46,20
537,6,107,33,84,51,8,8,33,33,0,6,7,33,37,4,0.00034037918240920387,0.0004084550188910446,35,35,0,6,4,4,2,1,89,49,78
538,100,100,61,61,0,100,100,44,44,0,100,100,61,61,0,0.04687021341774737,0.04687021341774737,96,96,0,-1,1,1,12,27,6,10,82
539,40,246,50,94,44,94,94,62,62,0,40,94,50,68,18,0.003642057251778481,0.010041185881071514,51,69,18,3,2,2,5,1,52,53,24
540,114,730,79,100,21,234,244,76,78,2,114,136,79,84,5,0.006501242384015794,0.009598692943939549,58,65,7,2,2,2,16,6,4,28,75
541,40,656,45,99,54,172,192,66,69,3,40,192,45,87,42,0.0057524081827155455,0.0212056230640934,55,86,31,2,3,3,17,6,20,73,16
542,6,1646,30,100,70,14,90,30,64,34,6,90,30,68,38,0.00017018959120460194,0.028421661731168522,30,90,60,1,4,2,6,1,34,55,39
543,60,260,62,93,31,108,108,67,67,0,60,108,62,78,16,0.005548180673270023,0.008747744987916539,59,65,6,3,3,3,8,5,57,47,26
544,0,1640,1,100,99,0,108,1,66,65,0,108,1,77,76,0.0,0.028523775485891283,1,89,88,1,-1,2,9,0,23,82,30
545,2,208,27,96,69,3,7,27,30,3,2,7,27,37,10,0.0002723033459273631,0.0016678579938050988,30,40,10,3,5,4,2,1,99,88,64
546,0,206,1,93,92,0,8,1,31,30,0,8,1,34,33,0.0,0.006875659484665918,1,59,58,3,-1,4,2,1,68,50,8
547,18,119,45,80,35,34,34,43,43,0,18,19,45,45,0,0.0016338200755641784,0.0017359338302869397,43,44,1,5,3,3,4,2,79,61,65
548,0,206,1,89,88,0,38,1,33,32,0,38,1,50,49,0.0,0.0053439531638245,1,55,54,3,-1,4,9,0,26,67,24
549,101,203,76,88,12,138,138,71,71,0,101,103,76,76,0,0.009394465434494027,0.009428503352734947,69,69,0,4,2,2,9,8,54,44,65
550,32,648,42,100,58,102,130,56,60,4,32,71,42,54,12,0.001157289220191293,0.006058749446883829,40,57,17,2,3,3,14,2,25,74,22
551,0,101,1,74,73,0,12,1,25,24,0,1,1,25,24,0.0,0.00010211375472276115,1,29,28,5,-1,6,12,0,3,99,78
552,0,0,1,1,0,0,0,1,1,0,0,0,1,1,0,0.0,0.0,1,1,0,-1,-1,-1,3,0,87,40,76
553,142,342,89,96,7,144,144,91,91,0,144,144,91,91,0,0.018754892950747133,0.022703291466693896,84,86,2,3,2,2,6,9,32,39,34
554,0,616,1,100,99,0,42,1,40,39,0,16,1,38,37,0.0,0.003608019333537561,1,52,51,2,-1,3,6,0,32,80,46
555,0,616,1,100,99,0,30,1,42,41,0,30,1,50,49,0.0,0.007284114503556962,1,63,62,2,-1,3,4,0,73,84,38
556,292,908,95,100,5,272,272,95,95,0,272,272,95,95,0,0.023418087749753225,0.029340685523673374,88,90,2,2,2,2,11,15,19,16,77
557,136,342,79,96,17,152,152,76,76,0,152,152,85,85,0,0.01684876952925559,0.020592940535756832,80,84,4,3,2,2,8,12,15,37,26
558,158,158,84,84,0,246,246,74,74,0,158,158,84,84,0,0.009394465434494027,0.009394465434494027,65,65,0,-1,2,2,17,9,20,31,98
559,50,250,58,96,38,38,38,56,56,0,38,38,57,57,0,0.006705469893461316,0.008951972497362062,59,67,8,3,3,3,3,6,60,26,29
560,132,338,81,96,15,118,118,68,68,0,132,118,82,79,-3,0.01320671227747711,0.013989584397018279,74,74,0,3,2,2,9,8,29,8,64
561,0,0,1,1,0,0,0,1,1,0,0,0,1,1,0,0.0,0.0,1,1,0,-1,-1,-1,8,0,27,99,98
562,0,206,1,91,90,0,32,1,34,33,0,26,1,44,43,0.0,0.004152626025392287,1,48,47,3,-1,4,6,1,56,45,26
563,0,0,1,1,0,0,0,1,1,0,0,0,1,1,0,0.0,0.0,1,1,0,-1,-1,-1,5,0,52,92,91
564,167,167,93,93,0,48,48,70,70,0,48,48,72,72,0,0.026855917492086184,0.026855917492086184,91,91,0,-1,3,3,3,29,94,0,50
565,2,208,26,91,65,11,36,26,33,7,2,25,26,45,19,0.00010211375472276115,0.0028591851322373124,29,48,19,3,5,4,10,1,1,78,35
566,100,100,61,61,0,100,100,43,43,0,100,100,61,61,0,0.03281255318424725,0.03281255318424725,91,91,0,-1,1,1,12,18,2,30,91
567,0,616,1,100,99,0,46,1,38,37,0,46,1,52,51,0.0,0.0158616699002689,1,77,76,2,-1,3,6,0,41,81,23
568,6,1646,28,100,72,26,72,31,41,10,6,48,28,53,25,0.00037441710065012424,0.013921508560536438,32,75,43,1,4,2,9,1,31,4,75
569,16,16,37,37,0,66,66,51,51,0,16,16,37,37,0,0.002927260968719153,0.002927260968719153,51,51,0,-1,3,3,6,3,34,46,66
570,66,168,63,90,27,44,44,54,54,0,44,44,58,58,0,0.005956635692161067,0.006569318220497634,58,59,1,4,3,3,4,6,77,13,64
571,16,1656,33,100,67,59,126,34,58,24,16,74,33,54,21,0.00034037918240920387,0.011947309302563056,33,68,35,1,3,2,15,1,7,88,38
572,2,618,26,100,74,12,62,28,36,8,2,44,26,51,25,0.0,0.007182000748834201,1,61,60,2,5,3,10,1,22,68,21
573,58,674,58,100,42,110,110,77,77,0,58,110,58,80,22,0.004765308553728854,0.009292351679771264,56,66,10,2,2,2,6,6,44,70,26
574,2,1642,28,100,72,4,56,30,81,51,2,56,28,81,53,0.0002042275094455223,0.07675550563327548,31,98,67,1,5,2,2,1,89,88,3
575,22,638,47,100,53,34,54,44,53,9,22,54,47,57,10,0.0013274788113958951,0.019197385887879097,42,83,41,2,3,3,4,2,47,63,16
576,0,206,1,91,90,0,33,1,28,27,0,6,1,27,26,0.0,0.0005105687736138058,1,33,32,3,-1,4,16,0,4,36,42
577,54,54,62,62,0,48,48,63,63,0,48,48,64,64,0,0.00704584907587052,0.00704584907587052,64,64,0,-1,3,3,3,4,82,72,67
578,462,462,98,98,0,312,312,98,98,0,312,312,98,98,0,0.037475747983253344,0.037475747983253344,97,97,0,-1,2,2,12,29,2,11,79
579,61,677,55,100,45,88,88,48,48,0,61,88,55,61,6,0.004833384390210695,0.01412573606998196,55,77,22,2,3,3,8,6,15,35,14
580,94,300,73,97,24,62,62,77,77,0,62,62,78,78,0,0.01334286395044079,0.024439225296980838,76,87,11,3,2,2,3,9,58,31,5
581,24,124,45,80,35,46,46,42,42,0,24,24,45,45,0,0.0016678579938050988,0.0017359338302869397,41,41,0,4,3,3,6,4,48,64,4
582,0,206,1,92,91,0,14,1,33,32,0,14,1,38,37,0.0,0.005548180673270023,1,58,57,3,-1,4,3,0,64,85,62
583,0,0,1,1,0,0,0,1,1,0,0,0,1,1,0,0.0,0.0,1,1,0,-1,-1,-1,3,0,66,84,96
584,6,108,32,80,48,24,24,38,38,0,6,8,32,36,4,0.002723033459273631,0.003267640151128357,48,50,2,4,4,4,4,3,79,46,49
585,2,104,28,78,50,8,8,30,30,0,2,5,28,31,3,6.807583648184077e-05,0.00034037918240920387,28,34,6,4,5,5,4,1,84,65,56
586,0,102,1,83,82,0,3,1,26,25,0,3,1,30,29,0.0,0.0016338200755641784,1,40,39,4,-1,5,2,0,99,79,75
587,186,786,92,100,8,120,120,87,87,0,120,120,89,89,0,0.01943565131556554,0.0265495762279179,86,88,2,2,2,2,6,18,32,5,25
588,228,434,100,100,0,56,56,92,92,0,56,56,92,92,0,0.054154327921304334,0.056979475135300724,98,98,0,3,2,2,2,36,97,2,83
589,53,155,63,89,26,38,38,52,52,0,38,38,55,55,0,0.0068075836481840775,0.008203138296061813,64,67,3,4,3,3,3,8,66,57,83
590,214,830,90,100,10,316,326,92,94,2,214,326,90,97,7,0.018380475850097007,0.027536675856904592,82,88,6,2,2,2,15,9,7,39,14
591,112,214,76,90,14,210,210,83,83,0,112,114,76,76,0,0.007998910786616291,0.007998910786616291,63,63,0,4,2,2,12,4,3,72,60
592,118,324,80,97,17,124,124,76,76,0,124,124,81,81,0,0.013921508560536438,0.01507879778072773,73,75,2,3,3,3,9,13,26,33,52
593,195,811,93,100,7,96,96,93,93,0,96,96,93,93,0,0.02644746247319514,0.05898771231151503,89,99,10,2,2,2,3,16,58,12,2
594,100,100,63,63,0,100,100,45,45,0,100,100,63,63,0,0.022328874366043774,0.051873787399162666,84,99,15,1,1,1,11,13,19,24,11
595,2,1642,29,100,71,14,108,29,70,41,2,108,29,79,50,0.00013615167296368154,0.039279757650022125,30,96,66,1,5,2,9,1,26,60,0
596,64,270,60,97,37,68,68,72,72,0,64,68,68,73,5,0.006603356138738555,0.010517716736444398,57,68,11,3,2,2,4,4,67,64,34
597,94,1734,77,100,23,72,96,77,91,14,72,96,79,91,12,0.00966676878042139,0.0649443480036761,70,98,28,1,2,2,3,5,96,47,10
598,6,6,30,30,0,24,24,37,37,0,6,6,30,30,0,0.00088498587426393,0.00088498587426393,39,39,0,-1,4,4,4,2,83,42,97
599,100,100,64,64,0,100,100,49,49,0,100,100,64,64,0,0.0657952959596991,0.0657952959596991,100,100,0,-1,1,1,8,36,42,2,91
600,40,656,54,100,46,54,54,52,52,0,54,54,55,55,0,0.006058749446883829,0.013853432724054596,57,76,19,2,3,3,4,6,83,26,13
601,6,212,32,95,63,12,12,41,41,0,6,12,32,40,8,0.0007828721195411688,0.004288777698355968,36,53,17,3,4,4,2,2,95,42,13
602,95,95,61,61,0,106,106,67,67,0,95,95,63,63,0,0.0088498587426393,0.0088498587426393,63,63,0,-1,2,2,7,6,46,35,79
603,0,206,1,93,92,0,10,1,30,29,0,10,1,40,39,0.0,0.002995336805200994,1,47,46,3,-1,4,3,0,92,76,35
604,1,207,26,96,70,3,10,26,32,6,1,10,26,36,10,0.0,0.002382654276864427,1,46,45,3,6,4,3,1,75,78,73
605,46,1686,54,100,46,90,124,65,88,23,46,99,54,70,16,0.006024711528642908,0.025154021580040164,60,86,26,1,2,2,6,3,74,29,41
606,144,1784,84,100,16,116,140,74,83,9,116,140,81,88,7,0.010245413390517035,0.04162837400864563,70,94,24,1,2,2,7,13,46,24,9
607,38,38,50,50,0,66,66,48,48,0,38,38,50,50,0,0.0030634126416828346,0.0030634126416828346,47,47,0,-1,3,3,6,3,48,54,79
608,0,102,1,81,80,0,8,1,29,28,0,2,1,27,26,0.0,0.0017359338302869397,1,44,43,4,-1,5,4,1,72,50,46
609,16,222,33,91,58,52,52,36,36,0,16,22,33,39,6,0.0005786446100956465,0.001940161339732462,35,42,7,3,3,3,9,1,31,49,53
610,0,102,1,75,74,0,9,1,25,24,0,2,1,25,24,0.0,0.00013615167296368154,1,27,26,4,-1,5,8,0,27,76,95
611,122,328,86,99,13,88,88,80,80,0,88,88,81,81,0,0.015317063208414174,0.01664454201981007,80,82,2,3,2,2,4,14,77,14,53
612,100,100,58,58,0,100,100,35,35,0,100,100,59,59,0,0.029034344259505088,0.029034344259505088,90,90,0,-1,1,1,17,17,20,6,36
613,6,1646,29,100,71,28,80,33,54,21,6,80,29,65,36,0.0006126825283365669,0.03669287586371218,37,95,58,1,4,2,6,2,59,42,0
614,37,1677,56,100,44,34,68,44,70,26,34,68,52,72,20,0.003982436434187685,0.03536539705231628,53,94,41,1,3,2,4,6,47,35,44
615,12,218,37,93,56,12,12,36,36,0,12,12,37,37,0,0.0024166921951053475,0.009360427516253106,48,66,18,3,4,4,2,2,68,75,77
616,0,0,1,1,0,0,0,1,1,0,0,0,1,1,0,0.0,0.0,1,1,0,-1,-1,-1,11,0,5,93,40
617,100,100,68,68,0,100,100,63,63,0,100,100,68,68,0,0.032506211920078965,0.03682902753667586,90,91,1,2,1,1,6,9,41,31,38
618,108,108,78,78,0,182,182,87,87,0,108,108,78,78,0,0.011130399264780965,0.011130399264780965,70,70,0,-1,2,2,9,5,23,25,59
619,120,120,77,77,0,110,110,74,74,0,120,120,78,78,0,0.013376901868681712,0.013376901868681712,74,74,0,-1,2,2,6,6,41,77,59
620,0,616,1,100,99,0,32,1,57,56,0,32,1,58,57,0.0,0.031212771026923995,1,92,91,2,-1,3,2,0,68,66,3
621,0,616,1,100,99,0,100,1,47,46,0,83,1,59,58,0.0,0.01232172640321318,1,73,72,2,-1,3,10,0,11,67,39
622,0,616,1,100,99,0,74,1,41,40,0,74,1,57,56,0.0,0.011198475101262807,1,73,72,2,-1,3,9,0,28,84,5
623,56,158,59,85,26,60,60,55,55,0,60,60,60,60,0,0.00527587732734266,0.006705469893461316,57,59,2,4,3,3,5,6,70,13,61
624,0,616,1,100,99,0,28,1,47,46,0,28,1,53,52,0.0,0.017427414139351238,1,82,81,2,-1,3,3,0,55,80,9
625,8,624,35,100,65,26,36,35,40,5,8,36,35,50,15,0.0010892133837094523,0.008986010415602982,41,68,27,2,4,3,5,2,88,74,17
626,86,702,63,100,37,92,92,62,62,0,86,92,66,67,1,0.00789679703189353,0.02209060893835733,63,84,21,2,3,3,7,7,62,21,15
627,152,768,91,100,9,32,32,64,64,0,32,32,64,64,0,0.021341774737057083,0.04642772048061541,86,98,12,2,3,3,2,17,89,6,10
628,138,138,84,84,0,216,216,83,83,0,138,138,84,84,0,0.016440314510364547,0.016440314510364547,79,79,0,-1,2,2,12,9,14,39,67
629,0,616,1,100,99,0,46,1,40,39,0,46,1,54,53,0.0,0.013955546478777357,1,73,72,2,-1,3,6,0,34,80,15
630,154,255,87,92,5,88,88,73,73,0,88,88,74,74,0,0.011606930120153852,0.011606930120153852,71,71,0,5,2,2,4,13,83,24,68
631,96,302,64,94,30,94,94,62,62,0,94,94,69,69,0,0.011232513019503728,0.012219612648490419,73,75,2,3,2,2,5,6,52,34,43
632,0,616,1,100,99,0,64,1,41,40,0,64,1,56,55,0.0,0.015657442390823378,1,77,76,2,-1,3,9,0,35,93,16
633,6,622,31,99,68,38,78,33,41,8,6,62,31,55,24,0.0002042275094455223,0.004731270635487933,32,57,25,2,4,3,11,1,19,4,13
634,22,22,41,41,0,38,38,38,38,0,22,22,41,41,0,0.0013615167296368155,0.0013615167296368155,39,39,0,-1,3,3,6,3,34,51,89
635,16,1656,35,100,65,90,154,43,70,27,16,154,35,88,53,0.0011232513019503727,0.029681064706082574,40,89,49,1,3,2,10,1,1,71,9
636,92,193,76,95,19,48,48,59,59,0,48,48,63,63,0,0.012866333095067906,0.012900371013308825,78,78,0,5,3,3,3,8,75,17,65
637,22,22,41,41,0,76,76,39,39,0,22,22,41,41,0,0.0019061234214915416,0.0019061234214915416,42,42,0,-1,3,3,11,2,33,83,82
638,24,640,44,100,56,86,120,43,61,18,24,120,44,79,35,0.0012594029749140542,0.02032063718982947,39,85,46,2,3,3,10,4,36,64,16
639,0,0,1,1,0,0,0,1,1,0,0,0,1,1,0,0.0,0.0,1,1,0,-1,-1,-1,8,0,21,79,69
640,32,32,54,54,0,38,38,61,61,0,32,32,62,62,0,0.004356853534837809,0.004356853534837809,55,55,0,-1,3,3,3,3,81,29,89
641,187,393,89,98,9,128,128,92,92,0,128,128,92,92,0,0.020661016372238675,0.021409850573538922,83,83,0,3,2,2,5,15,50,19,94
642,56,56,62,62,0,28,28,46,46,0,28,28,51,51,0,0.00803294870485721,0.00803294870485721,63,63,0,-1,3,3,3,7,85,21,36
643,0,616,1,100,99,0,50,1,36,35,0,18,1,42,41,0.0,0.004118588107151367,1,53,52,2,-1,3,8,0,21,81,29
644,170,786,87,100,13,86,86,57,57,0,86,86,66,66,0,0.018788930868988054,0.02648150039143606,81,88,7,2,3,3,6,17,65,6,24
645,100,100,67,67,0,100,100,70,70,0,100,100,71,71,0,0.0317233398005378,0.03332312195786106,91,91,0,3,1,1,6,8,74,57,46
646,417,417,99,99,0,136,136,98,98,0,136,136,98,98,0,0.04898056434868443,0.04898056434868443,96,96,0,-1,2,2,4,40,47,3,96
647,174,174,86,86,0,164,164,69,69,0,174,174,87,87,0,0.009156200006807584,0.009156200006807584,66,66,0,-1,2,2,10,13,0,24,36
648,146,746,81,100,19,90,90,67,67,0,90,90,69,69,0,0.013751318969331836,0.026651689982640663,74,88,14,2,2,2,6,14,56,14,30
649,187,187,92,92,0,72,72,77,77,0,72,72,77,77,0,0.024303073624017155,0.024303073624017155,88,88,0,-1,2,2,3,19,64,15,45
650,2,618,26,100,74,15,44,26,32,6,2,24,26,42,16,6.807583648184077e-05,0.001157289220191293,28,37,9,2,5,3,14,2,16,58,63
651,0,0,1,1,0,0,0,1,1,0,0,0,1,1,0,0.0,0.0,1,1,0,-1,-1,-1,4,0,73,93,36
652,17,17,49,49,0,38,38,49,49,0,17,17,47,47,0,0.0008509479560230097,0.0008509479560230097,37,37,0,-1,3,3,3,2,87,56,45
653,2,618,28,100,72,5,28,29,41,12,2,28,28,50,22,0.0002723033459273631,0.009632730862180468,32,71,39,2,5,3,3,1,64,55,20
654,8,214,37,92,55,18,18,38,38,0,8,18,37,46,9,0.0004765308553728854,0.003982436434187685,37,53,16,3,4,4,3,2,76,56,35
655,70,172,61,83,22,124,124,66,66,0,70,72,61,61,0,0.005616256509751864,0.005718370264474625,55,55,0,4,3,3,9,5,54,47,60
656,80,80,58,58,0,200,200,81,81,0,80,80,58,58,0,0.010211375472276116,0.010211375472276116,66,66,0,-1,2,2,11,5,19,25,80
657,28,28,46,46,0,70,70,38,38,0,28,28,46,46,0,0.0018720855032506212,0.0018720855032506212,44,44,0,-1,3,3,10,3,1,43,91
658,0,206,1,92,91,0,28,1,32,31,0,23,1,48,47,0.0,0.002825147213996392,1,48,47,3,-1,4,6,0,59,76,35
659,0,616,1,100,99,0,70,1,40,39,0,54,1,54,53,0.0,0.008407365805507334,1,66,65,2,-1,3,9,0,23,87,20
660,0,616,1,100,99,0,66,1,41,40,0,32,1,46,45,0.0,0.004118588107151367,1,52,51,2,-1,3,9,0,28,89,29
661,45,146,62,89,27,32,32,69,69,0,32,32,69,69,0,0.005990673610401988,0.006058749446883829,58,58,0,5,3,3,2,6,93,28,55
662,92,92,76,76,0,48,48,67,67,0,48,48,70,70,0,0.012525953912658701,0.012525953912658701,76,76,0,-1,3,3,3,8,96,17,91
663,112,1712,81,100,19,236,236,85,85,0,112,177,81,88,7,0.010245413390517035,0.021920419347152727,68,83,15,1,2,2,13,4,13,38,24
664,0,206,1,92,91,0,24,1,32,31,0,6,1,29,28,0.0,0.002757071377514551,1,48,47,3,-1,4,8,0,21,99,90
665,516,2156,100,100,0,152,176,94,99,5,152,176,94,99,5,0.04680213758126553,0.0849926818475782,95,100,5,1,2,2,5,40,52,3,2
666,0,616,1,100,99,0,46,1,42,41,0,46,1,51,50,0.0,0.008951972497362062,1,65,64,2,-1,3,6,0,65,85,33
667,86,292,60,94,34,118,118,89,89,0,86,94,67,68,1,0.006773545729943157,0.007216038667075122,58,58,0,3,2,2,5,6,52,70,63
668,56,262,60,96,36,38,38,53,53,0,38,38,55,55,0,0.007147962830593281,0.013376901868681712,63,75,12,3,3,3,3,6,64,34,44
669,70,70,60,60,0,86,86,56,56,0,70,70,59,59,0,0.005820484019197386,0.005820484019197386,56,56,0,-1,3,3,6,6,59,26,91
670,100,100,63,63,0,100,100,39,39,0,100,100,63,63,0,0.019095272133156337,0.019095272133156337,80,80,0,-1,1,1,14,8,17,57,86
671,260,466,92,98,6,372,372,97,97,0,260,270,92,93,1,0.020626978453997753,0.021818305592429966,84,85,1,3,2,2,17,12,20,37,43
672,66,168,69,91,22,38,38,59,59,0,38,38,62,62,0,0.006773545729943157,0.007011811157629599,61,63,2,4,3,3,3,6,92,13,63
673,100,100,61,61,0,100,100,43,43,0,100,100,61,61,0,0.03281255318424725,0.033084856530174615,91,91,0,4,1,1,12,18,2,30,88
674,0,0,1,1,0,0,0,1,1,0,0,0,1,1,0,0.0,0.0,1,1,0,-1,-1,-1,5,0,49,81,67
675,122,224,76,93,17,104,104,73,73,0,104,104,79,79,0,0.012151536812008578,0.012185574730249497,75,75,0,4,2,2,5,9,52,27,55
676,100,100,76,76,0,100,100,97,97,0,100,100,97,97,0,0.05173763572619899,0.05691139929881889,98,98,0,3,1,1,3,3,94,51,44
677,134,750,80,100,20,166,176,88,89,1,134,176,83,90,7,0.013751318969331836,0.02729841042921815,75,88,13,2,2,2,8,6,21,77,6
678,82,82,76,76,0,46,46,83,83,0,46,46,83,83,0,0.01320671227747711,0.01320671227747711,74,74,0,-1,2,2,2,8,99,44,76
679,6,107,33,84,51,12,12,35,35,0,6,7,33,37,4,0.0004765308553728854,0.0006467204465774873,37,37,0,5,4,4,2,1,86,49,55
680,1,617,26,100,74,2,22,26,41,15,1,17,26,45,19,6.807583648184077e-05,0.00527587732734266,27,57,30,2,6,3,2,1,68,78,53
681,136,136,83,83,0,120,120,85,85,0,120,120,85,85,0,0.014704380680077607,0.014704380680077607,80,80,0,-1,2,2,6,13,48,33,82
682,22,22,41,41,0,72,72,37,37,0,22,22,41,41,0,0.0018380475850097008,0.0018380475850097008,43,43,0,-1,3,3,11,2,5,83,85
683,213,829,91,100,9,176,176,85,85,0,176,176,89,89,0,0.026073045372545015,0.033833690731474866,88,92,4,2,2,2,8,20,30,23,24
684,36,36,50,50,0,90,90,49,49,0,35,35,50,50,0,0.004731270635487933,0.004731270635487933,53,53,0,-1,3,3,9,6,26,41,86
685,16,632,34,99,65,66,98,34,43,9,16,80,34,56,22,0.000442492937131965,0.009156200006807584,34,68,34,2,3,3,12,1,6,88,8
686,88,704,59,100,41,142,142,68,68,0,88,142,59,83,24,0.007113924912352361,0.011130399264780965,60,69,9,2,3,3,12,8,2,57,13
687,0,616,1,100,99,0,32,1,62,61,0,32,1,63,62,0.0,0.03311889444841554,1,95,94,2,-1,3,2,0,86,40,3
688,78,694,65,100,35,54,64,52,59,7,54,64,55,62,7,0.013036522686272508,0.01756356581231492,75,82,7,2,3,3,4,9,83,39,41
689,152,752,86,100,14,256,256,90,90,0,152,180,86,88,2,0.01596378365499166,0.02219272269308009,76,83,7,2,2,2,13,9,13,39,38
690,260,876,97,100,3,88,88,82,82,0,88,88,82,82,0,0.033425235712583816,0.047448858027843016,92,96,4,2,2,2,4,22,78,9,37
691,6,212,29,89,60,22,48,29,33,4,6,20,29,40,11,0.0002042275094455223,0.002212464685659825,32,44,12,3,4,4,10,1,18,55,70
692,14,14,36,36,0,32,32,35,35,0,14,14,36,36,0,0.0014636304843595766,0.0014636304843595766,41,41,0,-1,4,4,6,3,59,43,98
693,202,402,92,98,6,136,136,98,98,0,136,136,98,98,0,0.0283876238129276,0.03655672419074849,89,93,4,3,2,2,4,18,47,30,19
694,100,100,59,59,0,100,100,46,46,0,100,100,59,59,0,0.0283876238129276,0.045338507096905956,90,95,5,1,1,1,11,14,5,14,20
695,0,0,1,1,0,0,0,1,1,0,0,0,1,1,0,0.0,0.0,1,1,0,-1,-1,-1,6,0,41,36,85
696,54,54,64,64,0,32,32,63,63,0,32,32,64,64,0,0.008407365805507334,0.008407365805507334,64,64,0,-1,3,3,2,4,86,38,50
697,22,22,43,43,0,54,54,39,39,0,22,22,43,43,0,0.0012934408931549745,0.0012934408931549745,41,41,0,-1,3,3,8,2,21,74,67
698,16,632,35,100,65,46,86,34,41,7,16,86,35,60,25,0.0006126825283365669,0.015419176963136935,37,78,41,2,3,3,10,1,1,88,5
699,16,632,41,100,59,34,44,43,47,4,16,44,41,53,12,0.0008509479560230097,0.022499063957248374,38,86,48,2,3,3,4,1,83,71,0
700,0,206,1,89,88,0,25,1,32,31,0,6,1,32,31,0.0,0.0024166921951053475,1,45,44,3,-1,4,9,0,26,86,90
701,16,632,34,100,66,80,112,39,58,19,16,68,34,56,22,0.0012594029749140542,0.007284114503556962,39,63,24,2,3,3,12,1,3,71,21
702,0,102,1,78,77,0,9,1,28,27,0,2,1,26,25,0.0,6.807583648184077e-05,1,29,28,4,-1,5,6,0,48,82,4
703,0,206,1,90,89,0,24,1,29,28,0,12,1,31,30,0.0,0.0025188059498281084,1,40,39,3,-1,4,6,0,51,97,29
704,118,220,80,91,11,104,104,82,82,0,104,104,82,82,0,0.012219612648490419,0.0123557643214541,73,73,0,4,2,2,5,9,80,31,95
705,16,632,36,100,64,40,40,40,40,0,16,40,36,49,13,0.0004084550188910446,0.010892133837094524,34,72,38,2,3,3,5,1,52,49,33
706,16,222,34,92,58,40,40,40,40,0,16,36,34,48,14,0.0013274788113958951,0.0061949011198475104,40,55,15,3,3,3,5,1,50,71,38
707,0,616,1,100,99,0,18,1,52,51,0,18,1,53,52,0.0,0.011811157629599374,1,73,72,2,-1,3,2,0,97,92,73
708,22,638,44,100,56,76,76,60,60,0,22,45,44,53,9,0.0026549576227917903,0.006501242384015794,46,56,10,2,3,3,6,2,69,52,54
709,6,6,29,29,0,28,28,33,33,0,6,6,29,29,0,0.00037441710065012424,0.00037441710065012424,35,35,0,-1,4,4,8,1,10,88,81
710,18,1658,44,100,56,108,132,67,76,9,18,132,44,81,37,0.0018380475850097008,0.024439225296980838,43,86,43,1,3,2,8,2,57,61,19
711,25,1665,50,100,50,28,62,45,76,31,28,62,50,77,27,0.0038462847612240037,0.04053916062493618,51,96,45,1,3,2,3,6,58,73,22
712,254,870,92,100,8,190,200,91,92,1,190,200,91,92,1,0.025936893699581333,0.03819054426631267,87,97,10,2,2,2,8,15,27,16,5
713,44,250,56,93,37,54,54,55,55,0,44,54,57,59,2,0.006331052792811192,0.007624493685966166,58,64,6,3,3,3,4,4,84,72,53
714,0,0,1,1,0,0,0,1,1,0,0,0,1,1,0,0.0,0.0,1,1,0,-1,-1,-1,8,1,30,45,98
715,22,123,48,85,37,28,28,46,46,0,22,23,48,50,2,0.003199564314646516,0.003199564314646516,50,50,0,6,3,3,3,2,85,75,58
716,0,102,1,81,80,0,4,1,25,24,0,2,1,25,24,0.0,6.807583648184077e-05,1,27,26,4,-1,5,3,0,82,91,95
717,0,0,1,1,0,0,0,1,1,0,0,0,1,1,0,0.0,0.0,1,1,0,-1,-1,-1,9,0,54,87,40
718,125,125,88,88,0,46,46,82,82,0,46,46,82,82,0,0.019639878825011062,0.019639878825011062,83,83,0,-1,2,2,2,17,95,6,45
719,0,616,1,100,99,0,78,1,37,36,0,78,1,56,55,0.0,0.012730181422104225,1,73,72,2,-1,3,12,0,3,40,18
720,214,830,90,100,10,174,174,76,76,0,174,174,86,86,0,0.019980258007420267,0.022465026039007456,82,85,3,2,2,2,10,17,18,6,52
721,0,206,1,92,91,0,14,1,30,29,0,8,1,34,33,0.0,0.0014295925661186562,1,42,41,3,-1,4,5,1,63,45,52
722,0,102,1,81,80,0,5,1,27,26,0,3,1,28,27,0.0,0.000442492937131965,1,33,32,4,-1,5,3,0,82,79,63
723,134,750,80,100,20,166,166,88,88,0,134,166,83,90,7,0.013751318969331836,0.020763130126961436,75,82,7,2,2,2,8,6,21,77,25
724,22,22,46,46,0,22,22,42,42,0,22,22,45,45,0,0.0017359338302869397,0.0017359338302869397,41,41,0,-1,3,3,2,2,91,61,86
725,100,100,76,76,0,100,100,90,90,0,100,100,90,90,0,0.04595118962524252,0.04734674427312026,95,96,1,3,1,1,4,6,72,34,64
726,335,541,99,100,1,144,144,95,95,0,144,144,95,95,0,0.03625038292658021,0.0368971033731577,95,95,0,3,2,2,6,29,65,1,61
727,0,616,1,100,99,0,44,1,47,46,0,44,1,53,52,0.0,0.018312400013615168,1,82,81,2,-1,3,4,0,83,89,9
728,100,100,79,79,0,100,100,95,95,0,100,100,95,95,0,0.08502671976581912,0.08560536437591477,99,99,0,4,1,1,3,27,75,10,71
729,16,16,36,36,0,88,88,47,47,0,16,16,36,36,0,0.003948398515946765,0.003948398515946765,51,51,0,-1,3,3,8,1,39,90,69
730,0,616,1,100,99,0,18,1,46,45,0,18,1,48,47,0.0,0.014704380680077607,1,77,76,2,-1,3,2,0,99,82,51
731,0,1640,1,100,99,0,102,1,60,59,0,102,1,74,73,0.0,0.03223390857415161,1,90,89,1,-1,2,8,0,15,97,11
732,102,718,78,100,22,80,80,60,60,0,80,80,65,65,0,0.01153885428367201,0.024575376969944517,74,88,14,2,3,3,5,8,50,17,19
733,100,100,76,76,0,100,100,90,90,0,100,100,90,90,0,0.07995506994792198,0.07995506994792198,100,100,0,-1,1,1,4,40,72,3,86
734,56,262,56,95,39,54,54,56,56,0,54,54,57,57,0,0.005071649817897137,0.007624493685966166,51,62,11,3,3,3,4,6,67,28,29
735,16,1656,33,100,67,82,152,35,59,24,16,126,33,82,49,0.0005446066918547262,0.013138636440995268,34,75,41,1,3,2,16,1,4,49,24
736,150,766,85,100,15,150,150,85,85,0,150,150,89,89,0,0.017121072875182955,0.020354675108070392,81,85,4,2,2,2,7,8,46,20,22
737,96,302,67,94,27,128,128,76,76,0,96,102,67,77,10,0.008611593314952858,0.01147077844719017,66,73,7,3,3,3,8,7,57,21,90
738,100,100,65,65,0,100,100,47,47,0,100,100,65,65,0,0.06205112495319786,0.06205112495319786,100,100,0,-1,1,1,11,36,38,2,93
739,76,692,61,100,39,82,82,50,50,0,76,82,62,64,2,0.008407365805507334,0.011913271384322134,63,71,8,2,3,3,7,6,43,34,28
740,0,616,1,100,99,0,24,1,44,43,0,18,1,45,44,0.0,0.005377991082065421,1,54,53,2,-1,3,3,0,94,40,29
741,39,139,53,84,31,60,60,51,51,0,39,39,52,52,0,0.0045270431260424114,0.0045270431260424114,56,56,0,5,3,3,5,4,80,22,58
742,1,1,23,23,0,4,4,23,23,0,1,1,23,23,0,0.00010211375472276115,0.00010211375472276115,27,27,0,-1,6,6,4,1,67,78,98
743,0,616,1,100,99,0,60,1,37,36,0,42,1,53,52,0.0,0.008169100377820893,1,65,64,2,-1,3,9,0,28,67,77
744,134,134,82,82,0,200,200,79,79,0,134,134,82,82,0,0.007386228258279724,0.007386228258279724,61,61,0,-1,2,2,12,6,3,13,96
745,112,728,84,100,16,78,88,75,80,5,78,88,76,80,4,0.016270124919159943,0.022737329384934817,80,85,5,2,2,2,4,8,73,8,57
746,0,616,1,100,99,0,78,1,46,45,0,78,1,65,64,0.0,0.014329963579427483,1,77,76,2,-1,3,8,0,39,97,18
747,16,222,36,91,55,88,88,42,42,0,16,22,36,39,3,0.0012253650566731338,0.003914360597705844,38,52,14,3,3,3,11,1,38,71,90
748,0,206,1,92,91,0,16,1,33,32,0,16,1,43,42,0.0,0.005037611899656217,1,55,54,3,-1,4,4,0,77,80,44
749,0,616,1,100,99,0,40,1,58,57,0,40,1,61,60,0.0,0.00888389666088022,1,67,66,2,-1,3,4,0,72,40,48
750,194,400,90,100,10,132,132,98,98,0,132,132,98,98,0,0.020150447598624867,0.02277136730317574,81,83,2,3,2,2,5,14,70,14,90
751,67,683,62,100,38,54,54,53,53,0,54,54,57,57,0,0.007522379931243405,0.02294155689438034,63,86,23,2,3,3,4,8,79,44,15
752,16,117,40,83,43,28,28,45,45,0,16,17,40,45,5,0.002314578440382586,0.0027911092957554717,46,48,2,5,3,3,3,1,94,53,42
753,0,616,1,100,99,0,36,1,39,38,0,22,1,43,42,0.0,0.004118588107151367,1,51,50,2,-1,3,5,0,37,76,29
754,42,658,51,100,49,108,108,58,58,0,40,88,50,63,13,0.003437829742332959,0.00976888253514415,48,67,19,2,3,3,13,6,13,41,48
755,0,206,1,91,90,0,20,1,32,31,0,10,1,35,34,0.0,0.0024166921951053475,1,42,41,3,-1,4,6,0,56,87,73
756,2,208,27,93,66,10,18,29,32,3,2,12,27,34,7,0.00030634126416828345,0.0013955546478777359,33,41,8,3,5,4,5,1,63,55,43
757,78,78,60,60,0,100,100,63,63,0,78,78,61,61,0,0.008203138296061813,0.008203138296061813,64,64,0,-1,2,2,6,4,41,72,79
758,56,672,59,100,41,70,80,67,73,6,56,80,58,74,16,0.010245413390517035,0.02825147213996392,70,87,17,2,3,3,5,5,70,25,16
759,40,246,54,92,38,50,50,46,46,0,39,50,52,56,4,0.003982436434187685,0.009054086252084823,53,67,14,3,3,3,5,6,80,41,72
760,0,206,1,92,91,0,14,1,32,31,0,8,1,34,33,0.0,0.0010211375472276116,1,39,38,3,-1,4,5,0,88,98,61
761,100,100,58,58,0,100,100,35,35,0,100,100,59,59,0,0.022635215630212056,0.022635215630212056,86,86,0,-1,1,1,17,8,20,17,98
762,128,744,79,100,21,138,148,75,75,0,128,148,80,87,7,0.010109261717553355,0.013683243132849994,69,74,5,2,2,2,9,9,29,31,73
763,12,113,37,85,48,12,12,36,36,0,12,12,37,37,0,0.0004084550188910446,0.0005105687736138058,35,36,1,5,4,4,2,2,68,63,55
764,90,192,74,91,17,78,78,77,77,0,78,78,79,79,0,0.010858095918853602,0.011062323428299126,73,73,0,4,2,2,4,9,78,31,88
765,101,101,77,77,0,94,94,75,75,0,94,94,75,75,0,0.010313489226998877,0.010313489226998877,68,68,0,-1,2,2,5,8,49,44,80
766,36,652,45,100,55,132,132,58,58,0,36,76,45,53,8,0.004050512270669526,0.007386228258279724,52,60,8,2,3,3,16,6,4,73,47
767,76,692,63,100,37,70,70,63,63,0,70,70,66,66,0,0.00796487286837537,0.023486163586235065,63,85,22,2,3,3,5,7,49,21,15
768,6,622,29,100,71,19,64,29,39,10,6,64,29,57,28,0.0002382654276864427,0.009190237925048503,33,65,32,2,4,3,8,1,15,55,32
769,22,638,44,100,56,36,50,40,49,9,22,50,44,53,9,0.0014636304843595766,0.019197385887879097,41,83,42,2,3,3,5,2,37,74,9
770,0,616,1,100,99,0,76,1,42,41,0,68,1,60,59,0.0,0.00966676878042139,1,68,67,2,-1,3,9,1,23,45,17
771,2,104,27,80,53,5,6,27,28,1,2,4,27,31,4,3.4037918240920386e-05,0.0005105687736138058,27,33,6,4,5,5,3,2,87,58,49
772,62,62,63,63,0,48,48,59,59,0,48,48,63,63,0,0.008135062459579971,0.008135062459579971,64,64,0,-1,3,3,3,6,75,34,67
773,0,206,1,94,93,0,8,1,30,29,0,8,1,35,34,0.0,0.006126825283365669,1,55,54,3,-1,4,2,0,91,97,62
774,16,16,36,36,0,114,114,63,63,0,16,16,36,36,0,0.003369753905851118,0.003369753905851118,50,50,0,-1,3,3,9,3,28,46,87
775,100,100,59,59,0,100,100,40,40,0,100,100,59,59,0,0.0631063004186664,0.0631063004186664,100,100,0,-1,1,1,15,36,7,2,99
776,0,616,1,100,99,0,34,1,42,41,0,34,1,51,50,0.0,0.006943735321147759,1,58,57,2,-1,3,4,0,83,84,27
777,276,1916,94,100,6,382,406,98,98,0,276,406,94,98,4,0.015997821573232582,0.033969842404438545,79,92,13,1,2,2,17,13,20,33,5
778,91,91,65,65,0,86,86,56,56,0,91,91,71,71,0,0.007692569522448007,0.007692569522448007,60,60,0,-1,2,2,6,6,51,35,85
779,6,1646,28,100,72,16,90,30,66,36,6,90,28,68,40,0.0004765308553728854,0.041253956907995507,32,97,65,1,4,2,6,1,56,88,3
780,84,700,60,100,40,144,154,69,70,1,84,118,60,78,18,0.005820484019197386,0.011232513019503728,57,73,16,2,2,2,10,6,1,28,72
781,100,100,63,63,0,100,100,47,47,0,100,100,63,63,0,0.06017903944994724,0.06017903944994724,99,99,0,4,1,1,10,40,22,3,65
782,94,300,60,96,36,92,92,50,50,0,92,92,61,61,0,0.008986010415602982,0.009394465434494027,64,65,1,3,3,3,7,9,46,27,42
783,256,872,95,100,5,230,230,97,97,0,230,230,97,97,0,0.026821879573845263,0.040709350216140784,91,95,4,2,2,2,9,20,26,23,15
784,0,616,1,100,99,0,88,1,51,50,0,88,1,64,63,0.0,0.02307770856734402,1,85,84,2,-1,3,8,0,21,40,7
785,16,222,39,95,56,42,46,41,44,3,16,28,39,50,11,0.0007488342013002485,0.003982436434187685,37,52,15,3,3,3,6,1,32,88,29
786,0,206,1,88,87,0,17,1,28,27,0,6,1,28,27,0.0,0.0002382654276864427,1,31,30,3,-1,4,10,0,11,76,88
787,0,206,1,91,90,0,16,1,29,28,0,6,1,27,26,0.0,0.0018380475850097008,1,39,38,3,-1,4,6,0,56,91,46
788,0,101,1,76,75,0,3,1,25,24,0,1,1,25,24,0.0,0.0,1,1,0,6,-1,7,3,0,64,40,58
789,0,616,1,100,99,0,90,1,42,41,0,90,1,62,61,0.0,0.011164437183021887,1,73,72,2,-1,3,10,0,1,97,19
790,277,277,100,100,0,56,56,93,93,0,56,56,93,93,0,0.06392321045644848,0.06392321045644848,98,98,0,-1,2,2,2,36,99,2,85
791,0,0,1,1,0,0,0,1,1,0,0,0,1,1,0,0.0,0.0,1,1,0,-1,-1,-1,3,0,85,92,81
792,32,648,46,100,54,74,98,43,53,10,32,98,46,63,17,0.001157289220191293,0.02018448551686579,39,81,42,2,3,3,8,2,10,74,9
793,32,648,46,100,54,116,116,60,60,0,32,63,46,54,8,0.002757071377514551,0.008951972497362062,49,61,12,2,3,3,11,2,5,52,25
794,126,1766,83,100,17,212,236,78,84,6,126,236,83,92,9,0.00976888253514415,0.03158718812757412,67,91,24,1,2,2,13,7,13,48,15
795,6,6,27,27,0,27,27,29,29,0,6,6,27,27,0,0.00017018959120460194,0.00017018959120460194,29,29,0,-1,4,4,14,1,25,55,92
796,2,618,27,100,73,6,24,29,44,15,2,24,27,52,25,0.0002042275094455223,0.0048674223084516155,32,55,23,2,5,3,3,1,87,4,22
797,0,206,1,92,91,0,19,1,29,28,0,8,1,35,34,0.0,0.00088498587426393,1,38,37,3,-1,4,8,0,21,76,74
798,1,617,25,100,75,6,28,25,35,10,1,24,25,46,21,0.0,0.0036760951700194017,1,49,48,2,6,3,6,2,69,58,54
799,32,648,51,100,49,64,108,41,66,25,32,108,51,78,27,0.002825147213996392,0.03451444909629327,49,91,42,2,3,3,8,2,57,75,2
800,2,618,28,100,72,10,30,30,39,9,2,30,28,47,19,6.807583648184077e-05,0.006467204465774873,30,57,27,2,5,3,6,1,69,65,44
801,0,0,1,1,0,0,0,1,1,0,0,0,1,1,0,0.0,0.0,1,1,0,-1,-1,-1,5,0,50,79,89
802,98,98,76,76,0,48,48,63,63,0,48,48,64,64,0,0.012253650566731339,0.012253650566731339,76,76,0,-1,3,3,3,8,82,8,97
803,42,143,50,80,30,176,176,69,69,0,40,41,47,50,3,0.00445896728956057,0.00445896728956057,52,52,0,5,3,3,16,6,9,41,78
804,0,616,1,99,98,0,60,1,32,31,0,22,1,39,38,0.0,0.0020763130126961434,1,43,42,2,-1,3,17,1,20,69,52
805,100,100,64,64,0,100,100,49,49,0,100,100,64,64,0,0.03819054426631267,0.04377276285782362,92,96,4,2,1,1,8,15,42,19,31
806,16,222,43,93,50,34,34,47,47,0,16,34,44,54,10,0.0020082371762143027,0.008577555396711936,47,64,17,3,3,3,4,2,77,94,8
807,54,670,64,100,36,22,32,52,62,10,22,32,54,63,9,0.011300588855985567,0.022294836447802852,70,86,16,2,3,3,2,8,86,20,34
808,0,616,1,100,99,0,68,1,44,43,0,68,1,57,56,0.0,0.01147077844719017,1,71,70,2,-1,3,7,0,24,84,32
809,0,0,1,1,0,0,0,1,1,0,0,0,1,1,0,0.0,0.0,1,1,0,-1,-1,-1,14,1,16,45,67
810,280,280,96,96,0,160,160,94,94,0,160,160,95,95,0,0.024064808196330712,0.024064808196330712,88,88,0,-1,2,2,7,19,46,15,97
811,28,234,52,94,42,28,28,42,42,0,28,28,51,51,0,0.002314578440382586,0.0034037918240920387,48,51,3,3,3,3,3,6,64,70,61
812,146,352,83,98,15,96,96,67,67,0,96,96,68,68,0,0.014023622315259198,0.015248987371932332,75,77,2,3,3,3,6,13,74,33,94
813,138,344,84,94,10,142,142,79,79,0,138,142,84,84,0,0.01157289220191293,0.013819394805813677,73,76,3,3,2,2,8,9,57,27,41
814,62,62,54,54,0,160,160,68,68,0,62,62,54,54,0,0.004663194799006093,0.004663194799006093,53,53,0,-1,2,2,11,6,5,70,79
815,0,206,1,92,91,0,32,1,34,33,0,26,1,48,47,0.0,0.003778208924742163,1,49,48,3,-1,4,6,0,59,80,47
816,0,1640,1,100,99,0,180,1,69,68,0,180,1,83,82,0.0,0.020456788862793153,1,85,84,1,-1,2,16,0,9,80,15
817,16,222,35,91,56,138,138,61,61,0,16,31,35,47,12,0.003880322679464924,0.006262976956329351,52,59,7,3,3,3,13,1,13,90,41
818,44,660,52,100,48,66,86,44,55,11,44,86,52,61,9,0.005922597773920147,0.023179822322066782,54,85,31,2,3,3,6,7,51,62,37
819,172,172,83,83,0,184,184,79,79,0,172,172,84,84,0,0.011232513019503728,0.011232513019503728,71,71,0,-1,2,2,10,9,12,31,99
820,0,102,1,82,81,0,6,1,28,27,0,6,1,30,29,0.0,0.002586881786309949,1,47,46,4,-1,5,3,0,85,36,73
821,0,206,1,92,91,0,20,1,35,34,0,20,1,50,49,0.0,0.006569318220497634,1,60,59,3,-1,4,4,0,78,92,27
822,49,665,55,100,45,124,134,65,68,3,49,65,55,56,1,0.004561081044283332,0.00796487286837537,54,62,8,2,3,3,9,4,28,22,90
823,6,212,31,97,66,12,12,37,37,0,6,12,31,41,10,0.004288777698355968,0.007556417849484326,51,65,14,3,4,4,2,1,99,90,22
824,0,206,1,94,93,0,14,1,36,35,0,14,1,42,41,0.0,0.004118588107151367,1,53,52,3,-1,4,3,0,81,86,38
825,0,616,1,100,99,0,44,1,48,47,0,44,1,53,52,0.0,0.011266550937744648,1,72,71,2,-1,3,4,0,53,93,17
826,180,386,96,100,4,32,32,71,71,0,32,32,71,71,0,0.03352734946730658,0.03638653459954389,95,96,1,3,3,3,2,27,99,10,47
827,139,1779,85,100,15,96,120,61,84,23,96,120,69,84,15,0.014602266925354846,0.04642772048061541,79,95,16,1,3,2,6,15,48,19,23
828,100,100,61,61,0,100,100,40,40,0,100,100,61,61,0,0.023281936076789543,0.03352734946730658,87,92,5,2,1,1,14,7,8,21,39
829,184,800,84,100,16,288,298,84,84,0,184,298,84,95,11,0.014261887742945642,0.029340685523673374,74,90,16,2,2,2,16,8,9,20,30
830,14,115,46,87,41,12,12,39,39,0,12,12,44,44,0,0.0025188059498281084,0.002586881786309949,47,49,2,6,4,4,2,6,97,70,68
831,100,100,59,59,0,100,100,46,46,0,100,100,59,59,0,0.0283876238129276,0.028421661731168522,90,90,0,4,1,1,11,14,5,14,60
832,0,616,1,100,99,0,60,1,38,37,0,46,1,49,48,0.0,0.005786446100956465,1,55,54,2,-1,3,9,0,54,85,21
833,62,164,61,90,29,64,64,64,64,0,64,64,67,67,0,0.008713707069675619,0.009462541270975866,65,67,2,4,3,3,4,6,77,34,51
834,38,38,49,49,0,60,60,49,49,0,38,38,49,49,0,0.0018380475850097008,0.0018380475850097008,44,44,0,-1,3,3,5,4,52,64,92
835,24,640,42,100,58,116,164,55,69,14,24,164,42,84,42,0.0020763130126961434,0.022839443139657578,44,86,42,2,3,3,14,3,17,54,16
836,0,1640,1,100,99,0,106,1,54,53,0,53,1,52,51,0.0,0.009598692943939549,1,66,65,1,-1,2,14,0,16,85,22
837,2,618,27,100,73,11,48,28,35,7,2,32,27,46,19,0.0,0.006331052792811192,1,56,55,2,5,3,9,1,35,68,34
838,0,206,1,89,88,0,48,1,33,32,0,15,1,33,32,0.0,0.0022465026039007454,1,47,46,3,-1,4,12,0,14,66,41
839,118,118,81,81,0,144,144,78,78,0,144,144,82,82,0,0.013479015623404473,0.013479015623404473,75,75,0,-1,3,3,9,13,31,33,86
840,0,206,1,96,95,0,18,1,35,34,0,18,1,44,43,0.0,0.00789679703189353,1,64,63,3,-1,4,3,0,75,93,27
841,366,366,100,100,0,104,104,85,85,0,104,104,85,85,0,0.04493005207801491,0.04493005207801491,97,97,0,-1,2,2,5,40,70,3,89
842,100,100,69,69,0,100,100,55,55,0,100,100,69,69,0,0.049389019367575476,0.049389019367575476,97,97,0,-1,1,1,9,29,26,0,91
843,100,100,67,67,0,100,100,70,70,0,100,100,71,71,0,0.04785731304673406,0.05105687736138058,98,98,0,3,1,1,6,18,74,30,35
844,146,1746,85,100,15,210,210,83,83,0,146,210,85,90,5,0.012798257258586064,0.02831954797644576,74,87,13,1,2,2,12,9,3,27,17
845,112,318,76,97,21,60,60,48,48,0,60,60,61,61,0,0.013513053541645392,0.01841451376833793,74,81,7,3,3,3,5,14,63,14,62
846,0,102,1,82,81,0,6,1,27,26,0,2,1,27,26,0.0,0.00030634126416828345,1,33,32,4,-1,5,4,0,78,91,49
847,0,616,1,100,99,0,84,1,41,40,0,84,1,57,56,0.0,0.01504475986248681,1,78,77,2,-1,3,9,0,29,59,16
848,56,262,51,93,42,92,92,51,51,0,56,71,52,55,3,0.004833384390210695,0.007760645358929848,51,62,11,3,2,2,8,2,27,75,73
849,42,248,52,94,42,112,112,63,63,0,42,53,52,53,1,0.003165526396405596,0.0057524081827155455,49,58,9,3,2,2,8,2,15,61,73
850,37,1677,48,100,52,52,96,39,55,16,37,96,48,66,18,0.0053099152455835805,0.0392457197317812,54,95,41,1,3,2,7,6,43,35,3
851,100,100,64,64,0,100,100,45,45,0,100,100,64,64,0,0.05680928554409612,0.08073794206746315,99,100,1,1,1,1,10,40,18,3,16
852,132,338,86,98,12,44,44,50,50,0,44,44,57,57,0,0.01606589740971442,0.026107083290785937,77,89,12,3,3,3,4,16,73,12,37
853,0,1640,1,100,99,0,104,1,61,60,0,104,1,72,71,0.0,0.0195377650702883,1,82,81,1,-1,2,9,0,29,84,32
854,6,622,32,100,68,12,32,36,57,21,6,32,32,58,26,0.0006126825283365669,0.011266550937744648,37,73,36,2,4,3,2,2,68,42,38
855,276,876,93,100,7,248,248,89,89,0,248,248,92,92,0,0.019707954661492902,0.025119983661799246,83,85,2,2,2,2,11,17,5,6,25
856,70,70,64,64,0,96,96,70,70,0,70,70,65,65,0,0.007113924912352361,0.007113924912352361,63,63,0,-1,3,3,6,5,32,47,85
857,16,118,43,80,37,34,34,44,44,0,16,18,43,45,2,0.003437829742332959,0.004016474352428605,50,53,3,4,3,3,4,1,47,90,42
858,6,212,32,92,60,10,18,32,37,5,6,18,32,46,14,0.0002042275094455223,0.004765308553728854,34,58,24,3,4,4,3,1,76,88,44
859,112,213,86,95,9,32,32,70,70,0,32,32,70,70,0,0.019707954661492902,0.019776030497974745,84,84,0,5,3,3,2,18,95,30,60
860,72,688,58,100,42,66,66,44,44,0,66,66,57,57,0,0.007726607440688927,0.027706865448109193,62,89,27,2,3,3,6,8,51,57,0
861,76,276,69,97,28,38,38,57,57,0,38,38,59,59,0,0.008101024541339052,0.013036522686272508,62,75,13,3,3,3,3,13,55,24,25
862,38,244,49,91,42,66,66,44,44,0,38,45,49,51,2,0.003199564314646516,0.004220701861874128,48,53,5,3,3,3,6,6,40,70,61
863,10,216,36,93,57,28,28,36,36,0,10,16,36,38,2,0.001157289220191293,0.0024507301133462676,41,45,4,3,4,4,6,3,69,43,94
864,106,312,80,99,19,78,78,78,78,0,78,78,78,78,0,0.015521290717859695,0.01681473161101467,79,79,0,3,2,2,4,8,67,20,94
865,2,208,26,87,61,12,32,28,32,4,2,16,26,34,8,0.0,0.001497668402600497,1,41,40,3,5,4,10,1,22,68,54
866,100,100,59,59,0,100,100,46,46,0,100,100,59,59,0,0.01746145205759216,0.01841451376833793,77,77,0,3,1,1,11,3,5,54,74
867,42,144,50,85,35,84,84,64,64,0,42,44,51,51,0,0.003199564314646516,0.0033016780693692774,48,48,0,4,2,2,5,2,50,61,55
868,8,214,36,93,57,14,14,35,35,0,8,14,36,42,6,0.0008509479560230097,0.005377991082065421,36,54,18,3,4,4,3,2,92,74,34
869,0,616,1,100,99,0,34,1,35,34,0,32,1,43,42,0.0,0.005037611899656217,1,51,50,2,-1,3,6,0,71,98,26
870,6,107,31,83,52,7,7,31,31,0,6,7,31,37,6,0.0006807583648184077,0.0008509479560230097,36,36,0,5,4,4,2,2,99,42,88
871,64,680,55,100,45,96,96,57,57,0,64,96,55,63,8,0.007250076585316042,0.013376901868681712,60,76,16,2,3,3,6,4,40,38,57
872,0,616,1,100,99,0,48,1,36,35,0,40,1,51,50,0.0,0.0061949011198475104,1,58,57,2,-1,3,7,0,24,87,48
873,170,170,93,93,0,32,32,69,69,0,32,32,69,69,0,0.028830116750059566,0.028830116750059566,89,89,0,-1,3,3,2,29,93,0,99
874,288,488,95,100,5,270,270,99,99,0,270,270,99,99,0,0.025222097416522007,0.02580074202661765,87,89,2,3,2,2,10,18,22,30,74
875,0,616,1,100,99,0,70,1,37,36,0,52,1,52,51,0.0,0.009054086252084823,1,67,66,2,-1,3,10,0,1,91,20
876,0,616,1,100,99,0,28,1,42,41,0,28,1,49,48,0.0,0.014738418598318526,1,79,78,2,-1,3,3,0,75,87,18
877,64,64,55,55,0,136,136,67,67,0,64,64,55,55,0,0.006501242384015794,0.006501242384015794,58,58,0,-1,2,2,12,6,2,73,99
878,86,292,66,95,29,70,70,56,56,0,70,70,63,63,0,0.006058749446883829,0.011606930120153852,58,71,13,3,3,3,5,6,37,13,48
879,0,0,1,1,0,0,0,1,1,0,0,0,1,1,0,0.0,0.0,1,1,0,-1,-1,-1,9,0,29,96,89
880,183,799,91,100,9,96,96,95,95,0,96,96,95,95,0,0.029749140542564417,0.05408625208482249,89,98,9,2,2,2,3,16,60,18,11
881,22,22,43,43,0,94,94,39,39,0,22,22,43,43,0,0.0013615167296368155,0.0013615167296368155,41,41,0,-1,3,3,13,2,13,74,36
882,128,230,83,92,9,74,74,64,64,0,74,74,70,70,0,0.013036522686272508,0.013479015623404473,75,75,0,4,2,2,5,14,88,32,42
883,120,120,88,88,0,32,32,64,64,0,32,32,64,64,0,0.019912182170938427,0.019912182170938427,84,84,0,-1,3,3,2,19,89,15,97
884,0,0,1,1,0,0,0,1,1,0,0,0,1,1,0,0.0,0.0,1,1,0,-1,-1,-1,4,0,67,59,76
885,0,0,1,1,0,0,0,1,1,0,0,0,1,1,0,0.0,0.0,1,1,0,-1,-1,-1,4,0,83,76,82
886,278,278,96,96,0,224,224,98,98,0,224,224,98,98,0,0.027264372510977228,0.027264372510977228,88,88,0,-1,2,2,8,15,10,16,81
887,0,0,1,1,0,0,0,1,1,0,0,0,1,1,0,0.0,0.0,1,1,0,-1,-1,-1,5,0,70,59,79
888,0,206,1,91,90,0,30,1,34,33,0,30,1,47,46,0.0,0.015657442390823378,1,81,80,3,-1,4,5,0,52,79,23
889,6,212,29,89,60,18,18,33,33,0,6,14,29,35,6,0.00017018959120460194,0.0010892133837094523,32,39,7,3,4,4,5,1,61,4,51
890,0,206,1,93,92,0,20,1,36,35,0,6,1,32,31,0.0,0.0034718676605738795,1,51,50,3,-1,4,4,0,72,82,90
891,246,348,95,99,4,72,72,83,83,0,72,72,83,83,0,0.035910003744171005,0.03716940671908506,93,93,0,4,2,2,3,29,58,11,53
892,115,115,85,85,0,32,32,58,58,0,32,32,60,60,0,0.013955546478777357,0.013955546478777357,77,77,0,-1,3,3,2,15,91,19,92
893,198,814,92,100,8,80,80,74,74,0,80,80,75,75,0,0.02825147213996392,0.056298716770482315,86,100,14,2,3,3,5,22,70,9,11
894,18,18,43,43,0,30,30,36,36,0,18,18,43,43,0,0.0014636304843595766,0.0014636304843595766,41,41,0,-1,4,4,5,3,61,43,69
895,6,622,28,100,72,28,54,31,37,6,6,54,28,50,22,0.00017018959120460194,0.011300588855985567,28,68,40,2,4,3,8,1,27,4,19
896,100,100,65,65,0,100,100,47,47,0,100,100,65,65,0,0.0333911977943429,0.039620136832431326,92,94,2,2,1,1,11,15,38,19,17
897,2,618,28,100,72,12,36,30,37,7,2,18,28,43,15,0.00017018959120460194,0.004833384390210695,31,52,21,2,5,3,7,1,62,55,90
898,63,269,58,95,37,114,114,67,67,0,63,78,58,60,2,0.005377991082065421,0.00803294870485721,55,64,9,3,2,2,9,4,23,22,41
899,0,616,1,100,99,0,38,1,39,38,0,16,1,37,36,0.0,0.004765308553728854,1,54,53,2,-1,3,6,0,32,40,90
900,0,0,1,1,0,0,0,1,1,0,0,0,1,1,0,0.0,0.0,1,1,0,-1,-1,-1,4,0,83,81,69
901,18,634,43,100,57,46,50,45,45,0,18,50,43,56,13,0.0008509479560230097,0.019061234214915415,38,83,45,2,3,3,5,2,80,56,9
902,185,385,93,99,6,78,78,75,75,0,78,78,76,76,0,0.024983831988835564,0.02920453385070969,87,91,4,3,2,2,4,15,73,16,31
903,128,744,79,100,21,182,182,88,88,0,128,182,80,91,11,0.008509479560230097,0.03352734946730658,63,92,29,2,2,2,9,5,29,47,1
904,100,100,61,61,0,100,100,43,43,0,100,100,61,61,0,0.020797168045202357,0.0440791041219919,79,98,19,2,1,1,12,7,2,62,11
905,0,101,1,75,74,0,10,1,25,24,0,1,1,25,24,0.0,6.807583648184077e-05,1,29,28,5,-1,6,10,0,12,40,55
906,120,326,77,95,18,120,120,78,78,0,120,120,78,78,0,0.009190237925048503,0.014806494434800367,70,76,6,3,2,2,6,7,41,21,34
907,94,94,58,58,0,180,180,71,71,0,94,94,58,58,0,0.007318152421797883,0.007318152421797883,58,58,0,-1,2,2,11,6,5,26,81
908,0,0,1,1,0,0,0,1,1,0,0,0,1,1,0,0.0,0.0,1,1,0,-1,-1,-1,9,0,31,80,59
909,0,206,1,89,88,0,24,1,30,29,0,7,1,31,30,0.0,0.001055175465468532,1,37,36,3,-1,4,6,0,40,92,61
910,22,638,45,100,55,46,66,41,47,6,22,66,45,58,13,0.0018720855032506212,0.009973110044589673,44,69,25,2,3,3,6,2,59,52,31
911,54,156,59,87,28,60,60,52,52,0,54,56,60,61,1,0.006909697402906838,0.007726607440688927,60,63,3,4,3,3,5,7,45,62,74
912,58,264,69,100,31,22,22,49,49,0,22,22,53,53,0,0.008373327887266415,0.019197385887879097,68,85,17,3,3,3,2,13,90,24,30
913,0,616,1,100,99,0,90,1,44,43,0,68,1,52,51,0.0,0.009292351679771264,1,67,66,2,-1,3,10,0,0,84,17
914,6,212,31,90,59,36,36,36,36,0,6,12,31,35,4,0.0013274788113958951,0.001940161339732462,39,41,2,3,4,4,6,1,48,71,42
915,1,1,26,26,0,2,2,26,26,0,1,1,26,26,0,0.0,0.0,1,1,0,-1,6,6,2,1,95,78,97
916,2,2,27,27,0,5,5,27,27,0,2,2,27,27,0,6.807583648184077e-05,6.807583648184077e-05,28,28,0,-1,5,5,3,1,94,95,36
917,100,100,76,76,0,100,100,96,96,0,100,100,96,96,0,0.05589026175159127,0.07253480377140134,98,100,2,2,1,1,3,6,58,35,15
918,76,692,63,100,37,64,64,63,63,0,64,64,64,64,0,0.009973110044589673,0.015248987371932332,71,79,8,2,3,3,4,6,79,77,28
919,0,0,1,1,0,0,0,1,1,0,0,0,1,1,0,0.0,0.0,1,1,0,-1,-1,-1,17,0,20,89,97
920,372,572,97,100,3,152,152,94,94,0,152,152,94,94,0,0.0348888661969434,0.03516116954287076,92,92,0,3,2,2,5,27,52,10,63
921,100,100,69,69,0,100,100,55,55,0,100,100,69,69,0,0.02641342455495422,0.028047244630518397,90,91,1,3,1,1,9,6,26,77,53
922,100,100,67,67,0,100,100,57,57,0,100,100,67,67,0,0.0619490111984751,0.0619490111984751,99,99,0,-1,1,1,8,40,21,3,98
923,86,86,60,60,0,100,100,59,59,0,86,86,60,60,0,0.009258313761530345,0.009258313761530345,66,66,0,-1,2,2,6,6,40,34,80
924,22,22,43,43,0,70,70,38,38,0,22,22,43,43,0,0.0006807583648184077,0.0006807583648184077,38,38,0,-1,3,3,10,2,1,74,80
925,0,616,1,100,99,0,64,1,38,37,0,64,1,58,57,0.0,0.019469689233806462,1,83,82,2,-1,3,9,0,23,89,7
926,134,340,87,96,9,86,86,62,62,0,86,86,68,68,0,0.016236087000919025,0.02743456210218183,80,88,8,3,3,3,6,18,32,30,37
927,100,100,72,72,0,100,100,71,71,0,100,100,75,75,0,0.05228224241805371,0.05412029000306341,98,98,0,3,1,1,6,29,32,11,41
928,8,8,38,38,0,8,8,33,33,0,8,8,38,38,0,0.0004084550188910446,0.0004084550188910446,36,36,0,-1,4,4,2,2,89,56,96
929,16,16,33,33,0,23,23,30,30,0,16,16,33,33,0,0.0012253650566731338,0.0012253650566731338,38,38,0,-1,3,3,6,1,40,78,93
930,80,1720,59,100,41,140,174,69,75,6,80,174,59,86,27,0.006569318220497634,0.022635215630212056,59,85,26,1,3,2,10,6,22,26,31
931,2,208,28,92,64,11,36,29,35,6,2,36,28,53,25,0.00017018959120460194,0.006773545729943157,31,60,29,3,5,4,6,1,44,55,27
932,193,809,92,100,8,112,112,94,94,0,112,112,94,94,0,0.026855917492086184,0.049593246877021,88,98,10,2,2,2,4,17,78,6,0
933,0,1640,1,100,99,0,52,1,78,77,0,52,1,78,77,0.0,0.04418121787671466,1,97,96,1,-1,2,3,0,76,93,15
934,18,18,52,52,0,32,32,63,63,0,18,18,54,54,0,0.002280540522141666,0.002280540522141666,46,46,0,-1,3,3,2,2,98,52,99
935,94,710,73,100,27,48,48,60,60,0,48,48,63,63,0,0.012185574730249497,0.024269035705776234,71,87,16,2,3,3,3,8,58,8,77
936,116,116,80,80,0,250,250,79,79,0,116,116,80,80,0,0.009462541270975866,0.009462541270975866,66,66,0,-1,2,2,16,7,4,48,80
937,100,100,69,69,0,100,100,66,66,0,100,100,75,75,0,0.03512713162462984,0.03512713162462984,93,93,0,-1,1,1,6,9,51,27,84
938,100,100,60,60,0,100,100,40,40,0,100,100,60,60,0,0.04350045951189625,0.04663194799006093,97,97,0,2,1,1,14,22,25,9,75
939,67,67,58,58,0,88,88,49,49,0,67,67,58,58,0,0.005377991082065421,0.005377991082065421,57,57,0,-1,3,3,8,6,30,35,36
940,0,206,1,90,89,0,11,1,26,25,0,6,1,26,25,0.0,0.00034037918240920387,1,28,27,3,-1,4,6,0,51,96,65
941,66,272,69,97,28,38,38,59,59,0,38,38,62,62,0,0.006773545729943157,0.00881582082439838,61,68,7,3,3,3,3,6,92,13,70
942,46,252,61,99,38,46,46,83,83,0,46,46,83,83,0,0.02130773681881616,0.024507301133462677,86,89,3,3,2,2,2,3,99,51,28
943,46,148,57,88,31,38,38,53,53,0,38,38,55,55,0,0.0045270431260424114,0.005854521937438306,55,58,3,4,3,3,3,6,64,28,54
944,0,616,1,100,99,0,22,1,48,47,0,22,1,52,51,0.0,0.017937982912965042,1,83,82,2,-1,3,2,0,90,86,23
945,132,748,78,100,22,190,190,74,74,0,132,190,78,86,8,0.010824058000612683,0.02110350930937064,71,84,13,2,2,2,11,9,5,27,33
946,0,102,1,82,81,0,8,1,31,30,0,5,1,32,31,0.0,0.0012253650566731338,1,39,38,4,-1,5,4,0,78,67,64
947,2,2,27,27,0,7,7,27,27,0,2,2,27,27,0,0.0,0.0,1,1,0,-1,5,5,6,2,41,58,91
948,46,46,52,52,0,64,64,53,53,0,46,46,52,52,0,0.0063650907110521125,0.0063650907110521125,57,57,0,-1,2,2,5,2,50,75,92
949,53,53,61,61,0,38,38,56,56,0,38,38,57,57,0,0.006943735321147759,0.006943735321147759,60,60,0,-1,3,3,3,8,60,57,45
950,202,304,87,95,8,242,242,83,83,0,202,242,87,90,3,0.012628067667381462,0.013002484768031588,72,73,1,4,2,2,14,14,17,32,51
951,72,278,66,97,31,32,32,58,58,0,32,32,59,59,0,0.008271214132543654,0.014670342761836687,62,79,17,3,3,3,2,7,68,48,34
952,216,216,95,95,0,128,128,95,95,0,128,128,95,95,0,0.023996732359848873,0.023996732359848873,87,87,0,-1,2,2,5,18,45,5,84
953,16,16,41,41,0,40,40,44,44,0,16,16,41,41,0,0.0028932230504782326,0.0028932230504782326,48,48,0,-1,3,3,5,3,70,46,85
954,160,160,87,87,0,104,104,80,80,0,104,104,81,81,0,0.022124646856598252,0.022124646856598252,86,86,0,-1,2,2,5,16,63,18,66
955,8,214,38,95,57,8,8,33,33,0,8,8,38,38,0,0.0004084550188910446,0.0018040096667687805,36,42,6,3,4,4,2,2,89,56,52
956,372,372,96,96,0,168,168,95,95,0,168,168,95,95,0,0.03744171006501242,0.03744171006501242,93,93,0,-1,2,2,6,27,41,10,79
957,388,594,98,100,2,240,240,98,98,0,240,240,98,98,0,0.038394771775758195,0.044759862486810305,95,96,1,3,2,2,9,30,26,7,32
958,210,210,90,90,0,220,220,85,85,0,210,210,91,91,0,0.014364001497668403,0.014364001497668403,77,77,0,-1,2,2,12,14,3,14,93
959,28,234,50,93,43,78,78,47,47,0,28,47,50,51,1,0.001599782157323258,0.00445896728956057,43,52,9,3,3,3,8,3,30,43,22
960,0,0,1,1,0,0,0,1,1,0,0,0,1,1,0,0.0,0.0,1,1,0,-1,-1,-1,5,0,50,87,40
961,0,616,1,100,99,0,102,1,54,53,0,54,1,52,51,0.0,0.008713707069675619,1,59,58,2,-1,3,16,0,9,67,27
962,294,395,98,99,1,136,136,98,98,0,136,136,98,98,0,0.04128799482623643,0.04132203274447735,95,95,0,6,2,2,4,27,77,10,68
963,0,206,1,92,91,0,18,1,34,33,0,18,1,47,46,0.0,0.008441403723748256,1,64,63,3,-1,4,3,0,87,67,39
964,228,434,100,100,0,56,56,92,92,0,56,56,92,92,0,0.054154327921304334,0.05663909595289152,98,98,0,3,2,2,2,36,97,2,75
965,2,618,26,100,74,10,28,28,36,8,2,18,26,42,16,0.0002382654276864427,0.003642057251778481,31,50,19,2,5,3,5,1,80,65,94
966,0,616,1,100,99,0,22,1,46,45,0,22,1,51,50,0.0,0.009836958371625992,1,68,67,2,-1,3,2,0,89,79,77
967,8,8,41,41,0,8,8,35,35,0,8,8,41,41,0,0.0005105687736138058,0.0005105687736138058,37,37,0,-1,4,4,2,2,97,63,91
968,135,1775,82,100,18,172,196,87,93,6,135,196,83,93,10,0.011913271384322134,0.038564961366962795,70,94,24,1,2,2,9,8,26,44,30
969,216,422,95,100,5,128,128,95,95,0,128,128,95,95,0,0.023996732359848873,0.02743456210218183,87,89,2,3,2,2,5,18,45,5,26
970,6,622,28,100,72,14,36,30,35,5,6,28,28,45,17,0.00013615167296368154,0.004629156880765172,30,51,21,2,4,3,5,1,50,65,29
971,74,74,68,68,0,72,72,77,77,0,72,72,79,79,0,0.008475441641989176,0.008475441641989176,65,65,0,-1,2,2,3,6,96,26,99
972,2,2,29,29,0,8,8,30,30,0,2,2,29,29,0,0.0002382654276864427,0.0002382654276864427,33,33,0,-1,5,5,4,1,73,60,91
973,74,176,66,92,26,72,72,80,80,0,72,72,80,80,0,0.007760645358929848,0.009939072126348753,61,70,9,4,2,2,3,5,87,47,73
974,100,100,61,61,0,100,100,43,43,0,100,100,61,61,0,0.04949113312229824,0.04949113312229824,99,99,0,-1,1,1,12,27,2,10,69
975,28,644,45,99,54,92,122,41,61,20,28,122,45,77,32,0.0024507301133462676,0.017223186629905716,47,80,33,2,3,3,12,3,6,54,18
976,132,748,86,100,14,56,56,84,84,0,56,56,84,84,0,0.020082371762143027,0.03182545355526056,85,94,9,2,2,2,2,15,86,19,24
977,2,208,29,92,63,7,20,29,34,5,2,20,29,45,16,0.00010211375472276115,0.004595118962524252,31,55,24,3,5,4,4,1,47,60,48
978,32,32,42,42,0,102,102,56,56,0,32,32,42,42,0,0.001157289220191293,0.001157289220191293,40,40,0,-1,3,3,14,2,25,74,66
979,288,1888,95,100,5,320,320,92,92,0,320,320,95,95,0,0.021614078082984444,0.035059055788148,81,94,13,1,2,2,14,18,16,5,20
980,304,304,94,94,0,128,128,93,93,0,128,128,93,93,0,0.03158718812757412,0.03158718812757412,88,88,0,-1,2,2,5,22,80,9,96
981,6,212,28,93,65,48,48,32,32,0,6,12,28,33,5,0.00034037918240920387,0.0007488342013002485,32,35,3,3,4,4,10,1,36,49,63
982,2,208,28,94,66,8,26,28,35,7,2,8,28,35,7,0.00017018959120460194,0.00176997174852786,31,43,12,3,5,4,5,1,45,60,53
983,18,224,43,93,50,30,30,39,39,0,18,30,43,49,6,0.0020763130126961434,0.006603356138738555,46,60,14,3,4,4,5,3,37,54,38
984,0,206,1,96,95,0,8,1,32,31,0,8,1,37,36,0.0,0.002995336805200994,1,48,47,3,-1,4,2,0,99,76,29
985,0,206,1,94,93,0,8,1,32,31,0,6,1,32,31,0.0,0.002110350930937064,1,45,44,3,-1,4,2,1,90,50,94
986,88,190,65,88,23,110,110,77,77,0,88,90,65,65,0,0.009020048333843901,0.009598692943939549,66,67,1,4,2,2,6,4,44,38,71
987,56,56,61,61,0,38,38,51,51,0,38,38,54,54,0,0.006092787365124749,0.006092787365124749,57,57,0,-1,3,3,3,6,94,13,79
988,0,0,1,1,0,0,0,1,1,0,0,0,1,1,0,0.0,0.0,1,1,0,-1,-1,-1,6,1,65,69,40
989,0,206,1,93,92,0,18,1,31,30,0,18,1,42,41,0.0,0.0068075836481840775,1,61,60,3,-1,4,5,0,45,84,24
990,18,224,41,90,49,50,58,38,41,3,18,58,41,56,15,0.0004765308553728854,0.0061949011198475104,36,57,21,3,3,3,7,2,43,56,34
991,0,101,1,76,75,0,5,1,23,22,0,1,1,23,22,0.0,6.807583648184077e-05,1,27,26,5,-1,6,5,0,70,67,55
992,58,58,62,62,0,54,54,60,60,0,54,54,62,62,0,0.00980292045338507,0.00980292045338507,69,69,0,-1,3,3,4,6,78,77,81
993,214,414,96,100,4,56,56,82,82,0,56,56,82,82,0,0.035875965825930084,0.04496408999625583,95,98,3,3,2,2,2,30,89,7,18
994,1,207,26,94,68,3,14,26,33,7,1,14,26,40,14,3.4037918240920386e-05,0.006433166547533953,28,56,28,3,6,4,3,1,60,68,25
995,110,110,76,76,0,142,142,72,72,0,110,110,76,76,0,0.010517716736444398,0.010517716736444398,71,71,0,-1,2,2,8,6,42,77,87
996,40,40,51,51,0,102,102,61,61,0,40,40,51,51,0,0.0038462847612240037,0.0038462847612240037,52,52,0,-1,2,2,8,3,15,46,97
997,339,439,100,100,0,112,112,92,92,0,112,112,92,92,0,0.03710133088260322,0.037339596310289665,96,96,0,4,2,2,4,30,53,7,55
998,100,100,59,59,0,100,100,39,39,0,100,100,59,59,0,0.04962728479526192,0.04962728479526192,98,98,0,-1,1,1,14,29,16,1,85
999,34,240,54,94,40,32,32,58,58,0,32,32,59,59,0,0.0033016780693692774,0.004186663943633207,51,55,4,3,3,3,2,6,68,70,43
