,FreeNet_pre_score,FreeNet_post_score,FreeNet_pre_rank,FreeNet_post_rank,FreeNet_delta_ranks,Reversed_pre_score,Reversed_post_score,Reversed_pre_rank,Reversed_post_rank,Reversed_delta_ranks,Independent_pre_score,Independent_post_score,Independent_pre_rank,Independent_post_rank,Independent_delta_ranks,Random_pre_score,Random_post_score,Random_pre_rank,Random_post_rank,Random_delta_ranks,dist_victim_relayer,dist_victim_vilain_pre,dist_victim_vilain_post,out_deg_victim,in_deg_villain,victim,villain,relayer
0,16,222,34,90,56,78,78,37,37,0,16,28,34,45,11,0.0011232513019503727,0.0026209197045508697,39,47,8,3,3,3,12,1,14,71,75
1,50,256,57,94,37,48,48,54,54,0,48,48,56,56,0,0.006909697402906838,0.0156914803090643,58,79,21,3,3,3,3,6,87,26,33
2,169,169,86,86,0,238,238,90,90,0,169,169,86,86,0,0.008951972497362062,0.008951972497362062,64,64,0,-1,2,2,11,8,19,57,91
3,6,6,29,29,0,27,27,32,32,0,6,6,29,29,0,6.807583648184077e-05,6.807583648184077e-05,28,28,0,-1,4,4,8,1,15,95,84
4,100,100,58,58,0,100,100,38,38,0,100,100,58,58,0,0.011334626774226489,0.048504033493311546,64,98,34,1,1,1,16,2,9,61,3
5,16,222,40,93,53,90,94,49,50,1,16,30,40,46,6,0.0030634126416828346,0.006058749446883829,46,56,10,3,3,3,9,2,26,94,41
6,16,118,34,77,43,70,70,37,37,0,16,18,34,40,6,0.0006807583648184077,0.0007147962830593281,36,36,0,4,3,3,11,1,33,49,65
7,244,346,94,96,2,144,144,92,92,0,144,144,92,92,0,0.026753803737363423,0.026787841655604345,89,89,0,4,2,2,6,15,48,16,55
8,0,101,1,84,83,0,2,1,24,23,0,1,1,24,23,0.0,0.00013615167296368154,1,30,29,5,-1,6,2,1,98,69,78
9,0,206,1,90,89,0,22,1,28,27,0,7,1,34,33,0.0,0.00017018959120460194,1,30,29,3,-1,4,10,1,1,69,63
10,6,212,31,94,63,15,32,31,36,5,6,32,31,50,19,0.00017018959120460194,0.005786446100956465,31,57,26,3,4,4,6,1,32,60,44
11,101,101,75,75,0,110,110,76,76,0,110,110,81,81,0,0.00976888253514415,0.00976888253514415,69,69,0,-1,2,2,6,8,59,44,87
12,40,142,47,79,32,62,62,38,38,0,40,42,47,49,2,0.002825147213996392,0.0031314884781646754,47,47,0,4,2,2,8,1,27,65,49
13,22,22,45,45,0,50,50,48,48,0,22,22,45,45,0,0.0016678579938050988,0.0016678579938050988,43,43,0,-1,3,3,5,2,49,52,93
14,53,259,58,94,36,62,62,76,76,0,62,62,77,77,0,0.006739507811702236,0.0156914803090643,56,80,24,3,2,2,3,4,87,22,33
15,0,206,1,90,89,0,26,1,32,31,0,6,1,27,26,0.0,0.003267640151128357,1,48,47,3,-1,4,5,0,50,89,90
16,100,100,64,64,0,100,100,44,44,0,100,100,64,64,0,0.01147077844719017,0.028796078831818644,72,90,18,2,1,1,13,2,13,56,23
17,80,1680,56,100,44,100,100,59,59,0,80,100,57,63,6,0.00789679703189353,0.03141699853636951,62,92,30,1,2,2,6,6,40,28,33
18,16,118,35,77,42,88,88,48,48,0,16,18,35,40,5,0.003165526396405596,0.003199564314646516,49,50,1,4,3,3,8,1,15,90,95
19,158,774,89,100,11,104,104,86,86,0,104,104,86,86,0,0.022601177711971135,0.04098165356206814,84,95,11,2,2,2,5,18,45,30,9
20,32,134,57,92,35,12,12,39,39,0,12,12,44,44,0,0.005616256509751864,0.007113924912352361,59,64,5,4,4,4,2,6,97,13,94
21,6,622,31,100,69,18,28,38,45,7,6,28,31,50,19,0.0010892133837094523,0.010041185881071514,39,68,29,2,4,3,3,1,85,71,72
22,377,577,99,100,1,168,168,97,97,0,168,168,97,97,0,0.038428809693999116,0.043874876612546375,95,95,0,3,2,2,6,29,59,11,32
23,0,102,1,80,79,0,6,1,28,27,0,6,1,31,30,0.0,0.0023486163586235067,1,48,47,4,-1,5,3,0,87,66,73
24,0,0,1,1,0,0,0,1,1,0,0,0,1,1,0,0.0,0.0,1,1,0,-1,-1,-1,14,0,25,99,79
25,0,101,1,76,75,0,3,1,25,24,0,1,1,25,24,0.0,0.00010211375472276115,1,30,29,5,-1,6,3,0,64,76,4
26,149,149,84,84,0,190,190,80,80,0,149,149,84,84,0,0.016338200755641786,0.016338200755641786,75,75,0,-1,2,2,11,12,33,37,89
27,0,101,1,83,82,0,2,1,24,23,0,1,1,24,23,0.0,0.0,1,1,0,6,-1,7,2,1,86,69,68
28,132,132,81,81,0,142,142,76,76,0,132,132,83,83,0,0.017937982912965042,0.017937982912965042,81,81,0,-1,2,2,8,9,30,39,67
29,522,1138,100,100,0,472,472,100,100,0,472,472,100,100,0,0.03716940671908506,0.04864018516627523,95,98,3,2,2,2,16,29,4,0,30
30,429,429,100,100,0,128,128,93,93,0,128,128,93,93,0,0.04540658293338779,0.04540658293338779,96,96,0,-1,2,2,5,40,37,3,45
31,6,6,31,31,0,12,12,37,37,0,6,6,31,31,0,0.0005786446100956465,0.0005786446100956465,35,35,0,-1,4,4,2,1,99,49,50
32,46,662,53,100,47,64,74,57,63,6,46,74,52,69,17,0.008577555396711936,0.026923993328568024,65,87,22,2,2,2,5,2,88,83,9
33,40,141,52,86,34,60,60,52,52,0,40,41,52,53,1,0.006671431975220395,0.006943735321147759,58,60,2,5,2,2,5,1,45,90,55
34,22,228,41,90,49,76,76,39,39,0,22,46,41,47,6,0.0019061234214915416,0.006705469893461316,42,58,16,3,3,3,11,2,33,83,62
35,6,212,29,90,61,27,32,30,31,1,6,12,29,32,3,0.00010211375472276115,0.0004765308553728854,27,34,7,3,4,4,12,1,14,60,49
36,0,616,1,100,99,0,124,1,59,58,0,76,1,56,55,0.0,0.007250076585316042,1,60,59,2,-1,3,14,0,25,92,21
37,0,616,1,100,99,0,28,1,36,35,0,16,1,39,38,0.0,0.003437829742332959,1,50,49,2,-1,3,5,0,80,89,94
38,118,118,81,81,0,88,88,80,80,0,88,88,80,80,0,0.01763164164879676,0.01763164164879676,81,81,0,-1,2,2,4,9,84,39,89
39,150,150,86,86,0,240,240,89,89,0,150,150,86,86,0,0.01412573606998196,0.01412573606998196,73,73,0,-1,2,2,12,8,6,17,97
40,0,616,1,100,99,0,100,1,44,43,0,100,1,63,62,0.0,0.01756356581231492,1,79,78,2,-1,3,10,1,18,45,15
41,24,24,45,45,0,46,46,43,43,0,24,24,45,45,0,0.0012934408931549745,0.0012934408931549745,40,40,0,-1,3,3,6,3,65,43,80
42,16,1656,34,100,66,40,74,40,58,18,16,74,34,63,29,0.0018720855032506212,0.030702202253310187,44,91,47,1,3,2,5,2,50,94,32
43,2,2,27,27,0,14,14,28,28,0,2,2,27,27,0,6.807583648184077e-05,6.807583648184077e-05,28,28,0,-1,5,5,11,1,38,68,85
44,34,240,53,94,41,28,28,45,45,0,28,28,50,50,0,0.005922597773920147,0.01674665577453283,59,79,20,3,3,3,3,4,58,72,5
45,157,258,91,99,8,22,22,49,49,0,22,22,50,50,0,0.026039007454304094,0.026039007454304094,88,88,0,6,3,3,2,22,93,9,68
46,174,380,87,97,10,224,224,87,87,0,174,224,87,93,6,0.019878144252697506,0.020592940535756832,80,81,1,3,2,2,11,12,19,37,64
47,0,616,1,100,99,0,46,1,36,35,0,29,1,50,49,0.0,0.004901460226692535,1,54,53,2,-1,3,8,0,21,91,22
48,100,100,69,69,0,100,100,66,66,0,100,100,75,75,0,0.025936893699581333,0.0317233398005378,88,92,4,2,1,1,6,1,51,55,72
49,142,142,80,80,0,270,270,79,79,0,142,142,80,80,0,0.011164437183021887,0.011164437183021887,62,62,0,-1,2,2,16,9,9,27,98
50,39,655,53,100,47,38,48,59,72,13,38,48,62,74,12,0.005514142755029102,0.020967357636406957,56,85,29,2,3,3,3,4,92,22,18
51,1,617,26,100,74,5,46,26,49,23,1,46,26,52,26,0.00010211375472276115,0.013955546478777357,28,77,49,2,6,3,5,2,37,58,12
52,56,262,60,96,36,38,38,53,53,0,38,38,55,55,0,0.007147962830593281,0.009020048333843901,63,69,6,3,3,3,3,6,64,34,75
53,0,206,1,95,94,0,12,1,36,35,0,12,1,40,39,0.0,0.013036522686272508,1,76,75,3,-1,4,2,0,89,93,15
54,0,206,1,88,87,0,23,1,27,26,0,6,1,27,26,0.0,0.0002042275094455223,1,31,30,3,-1,4,17,0,20,84,55
55,190,396,88,98,10,228,228,89,89,0,190,228,88,91,3,0.015351101126655093,0.018312400013615168,78,79,1,3,2,2,11,9,38,27,22
56,313,313,97,97,0,120,120,85,85,0,120,120,87,87,0,0.03577385207120733,0.03577385207120733,94,94,0,-1,2,2,6,30,74,7,36
57,188,188,94,94,0,72,72,80,80,0,72,72,80,80,0,0.02481364239763096,0.02481364239763096,88,88,0,-1,2,2,3,19,66,15,89
58,22,638,43,100,57,54,64,39,45,6,22,50,43,55,12,0.0012934408931549745,0.006262976956329351,41,57,16,2,3,3,8,2,21,74,35
59,92,92,59,59,0,124,124,69,69,0,92,92,59,59,0,0.009428503352734947,0.009428503352734947,68,68,0,-1,3,3,9,7,29,48,98
60,70,1710,58,100,42,140,184,69,81,12,70,184,58,87,29,0.00616086320160659,0.04377276285782362,58,96,38,1,3,2,10,5,22,47,1
61,228,434,92,98,6,198,198,83,83,0,198,198,88,88,0,0.022601177711971135,0.02382654276864427,84,86,2,3,2,2,10,16,11,18,61
62,0,206,1,92,91,0,34,1,33,32,0,12,1,35,34,0.0,0.0012594029749140542,1,39,38,3,-1,4,9,0,35,80,61
63,100,100,66,66,0,100,100,49,49,0,100,100,66,66,0,0.03669287586371218,0.03669287586371218,95,95,0,-1,1,1,9,12,54,37,67
64,197,813,91,100,9,144,144,90,90,0,144,144,90,90,0,0.01943565131556554,0.03917764389529936,84,95,11,2,2,2,6,15,59,19,9
65,6,622,31,100,69,15,86,32,55,23,6,86,31,64,33,0.00030634126416828345,0.03151911229109228,33,91,58,2,4,3,6,1,48,55,2
66,44,145,60,89,29,22,22,49,49,0,22,22,50,50,0,0.007998910786616291,0.008066986623098132,66,66,0,5,3,3,2,7,93,48,60
67,2,208,28,93,65,4,14,28,33,5,2,14,28,38,10,3.4037918240920386e-05,0.004663194799006093,28,56,28,3,5,4,3,1,64,68,62
68,6,212,32,93,61,18,18,36,36,0,6,18,32,46,14,0.00034037918240920387,0.00445896728956057,34,54,20,3,4,4,3,1,64,88,47
69,16,222,45,94,49,22,22,49,49,0,16,22,48,52,4,0.0029612988869600733,0.00970080669866231,49,70,21,3,3,3,2,2,90,94,20
70,38,1678,52,100,48,60,94,48,70,22,36,94,52,71,19,0.004016474352428605,0.029612988869600735,52,90,38,1,3,2,5,6,63,41,34
71,0,616,1,100,99,0,34,1,43,42,0,34,1,51,50,0.0,0.00707988699411144,1,62,61,2,-1,3,4,0,47,82,21
72,0,616,1,100,99,0,38,1,34,33,0,38,1,48,47,0.0,0.006773545729943157,1,57,56,2,-1,3,6,0,40,99,31
73,170,376,90,98,8,120,120,85,85,0,120,120,85,85,0,0.019469689233806462,0.020695054290479593,84,84,0,3,2,2,6,17,48,6,64
74,32,648,51,100,49,78,88,49,51,2,32,76,51,61,10,0.0026209197045508697,0.00970080669866231,49,67,18,2,3,3,8,2,21,52,38
75,8,214,38,97,59,12,12,37,37,0,8,12,38,41,3,0.001055175465468532,0.005582218591510943,38,58,20,3,4,4,2,2,99,74,21
76,0,1640,1,100,99,0,118,1,73,72,0,118,1,79,78,0.0,0.038360733857517273,1,94,93,1,-1,2,9,0,26,92,3
77,135,341,88,99,11,38,38,46,46,0,38,38,51,51,0,0.019095272133156337,0.03771401341093979,83,95,12,3,3,3,3,16,96,18,1
78,8,110,38,86,48,8,8,33,33,0,8,8,38,38,0,0.0007828721195411688,0.0009190237925048504,40,40,0,4,4,4,2,2,90,74,56
79,12,218,37,93,56,12,12,36,36,0,12,12,37,37,0,0.0004084550188910446,0.0030974505599237552,35,50,15,3,4,4,2,2,68,63,35
80,0,101,1,83,82,0,2,1,24,23,0,1,1,24,23,0.0,0.0,1,1,0,6,-1,7,2,1,99,69,58
81,93,195,78,95,17,32,32,63,63,0,32,32,64,64,0,0.01681473161101467,0.019912182170938427,78,84,6,4,3,3,2,9,86,39,73
82,0,206,1,92,91,0,22,1,33,32,0,22,1,47,46,0.0,0.00970080669866231,1,69,68,3,-1,4,5,0,70,80,33
83,67,273,64,96,32,44,44,54,54,0,44,44,58,58,0,0.007522379931243405,0.01865277919602437,63,84,21,3,3,3,4,8,77,44,5
84,54,54,63,63,0,32,32,70,70,0,32,32,70,70,0,0.0088498587426393,0.0088498587426393,66,66,0,-1,3,3,2,7,95,48,79
85,2,2,28,28,0,3,3,28,28,0,2,2,28,28,0,0.00013615167296368154,0.00013615167296368154,30,30,0,-1,5,5,2,1,95,60,98
86,0,616,1,100,99,0,40,1,38,37,0,40,1,52,51,0.0,0.014227849824704722,1,77,76,2,-1,3,5,1,63,45,18
87,28,644,42,100,58,104,114,55,55,0,28,72,42,55,13,0.00176997174852786,0.007624493685966166,42,62,20,2,3,3,14,3,8,54,72
88,18,634,40,100,60,88,98,49,52,3,18,98,40,66,26,0.00176997174852786,0.01497668402600497,40,73,33,2,3,3,8,2,27,61,5
89,100,100,61,61,0,100,100,40,40,0,100,100,61,61,0,0.022396950202525613,0.03298274277545185,84,91,7,1,1,1,14,13,8,24,13
90,22,123,45,82,37,42,42,40,40,0,22,23,45,47,2,0.0018040096667687805,0.0018380475850097008,45,45,0,5,3,3,6,2,74,83,68
91,301,301,96,96,0,96,96,74,74,0,96,96,74,74,0,0.029919330133769018,0.029919330133769018,90,90,0,-1,3,3,6,29,69,1,76
92,34,240,55,98,43,22,22,49,49,0,22,22,50,50,0,0.007216038667075122,0.009496579189216788,63,67,4,3,3,3,2,7,93,62,22
93,129,230,83,91,8,70,70,54,54,0,70,70,60,60,0,0.014602266925354846,0.014636304843595765,79,79,0,5,3,3,5,15,61,19,58
94,104,310,73,96,23,154,154,72,72,0,104,112,73,75,2,0.006058749446883829,0.007760645358929848,59,62,3,3,2,2,10,5,11,47,83
95,145,761,90,100,10,48,48,68,68,0,48,48,69,69,0,0.019878144252697506,0.03141699853636951,85,92,7,2,3,3,3,18,81,5,32
96,2,618,28,100,72,3,22,28,48,20,2,22,28,49,21,0.00010211375472276115,0.018891044623710815,30,83,53,2,5,3,2,1,93,95,5
97,0,616,1,100,99,0,36,1,37,36,0,16,1,35,34,0.0,0.002382654276864427,1,46,45,2,-1,3,5,0,52,92,53
98,2,618,27,100,73,7,56,27,45,18,2,56,27,57,30,3.4037918240920386e-05,0.028489737567650362,26,88,62,2,5,3,6,1,74,68,3
99,100,100,72,72,0,100,100,79,79,0,100,100,80,80,0,0.08284829299840021,0.08373327887266414,100,100,0,3,1,1,5,36,37,2,61
100,184,184,94,94,0,56,56,88,88,0,56,56,88,88,0,0.03209775690118792,0.03209775690118792,92,92,0,-1,2,2,2,15,93,16,36
101,166,268,90,98,8,78,78,79,79,0,78,78,80,80,0,0.023690391095680587,0.02392865652336703,86,86,0,4,2,2,4,17,72,6,56
102,25,231,52,96,44,22,22,48,48,0,22,22,51,51,0,0.004288777698355968,0.025256135334762925,53,86,33,3,3,3,2,6,95,73,11
103,176,792,87,100,13,182,192,88,93,5,176,192,91,93,2,0.01507879778072773,0.024507301133462677,75,87,12,2,2,2,9,9,29,27,77
104,161,161,90,90,0,56,56,76,76,0,56,56,77,77,0,0.02651553830967698,0.02651553830967698,90,90,0,-1,2,2,2,15,68,16,67
105,0,206,1,90,89,0,36,1,32,31,0,19,1,41,40,0.0,0.002552843868069029,1,46,45,3,-1,4,8,0,39,67,22
106,16,16,35,35,0,78,78,39,39,0,16,16,35,35,0,0.00088498587426393,0.00088498587426393,37,37,0,-1,3,3,11,2,5,42,50
107,192,1792,95,100,5,96,96,90,90,0,96,96,90,90,0,0.024371149460498995,0.07518976139419313,89,98,9,1,2,2,3,18,75,5,7
108,24,230,52,100,48,18,22,53,54,1,18,22,54,56,2,0.002280540522141666,0.014329963579427483,46,78,32,3,3,3,2,3,97,54,39
109,6,622,29,99,70,36,82,32,38,6,6,82,29,56,27,0.0002723033459273631,0.01232172640321318,32,73,41,2,4,3,12,1,6,65,30
110,57,263,69,97,28,48,48,68,68,0,48,48,69,69,0,0.009394465434494027,0.011232513019503728,72,73,1,3,3,3,3,8,81,44,75
111,91,297,65,94,29,122,122,74,74,0,91,97,65,68,3,0.008237176214302734,0.011368664692467409,65,73,8,3,2,2,8,8,57,44,90
112,1,617,25,100,75,4,30,25,43,18,1,30,25,51,26,6.807583648184077e-05,0.008577555396711936,28,65,37,2,6,3,4,2,84,58,31
113,218,818,90,100,10,144,144,92,92,0,144,144,92,92,0,0.02382654276864427,0.042070866945777594,85,95,10,2,2,2,6,17,41,6,11
114,142,758,78,100,22,174,174,72,72,0,142,174,78,86,8,0.01065386840940808,0.016168011164437182,74,79,5,2,2,2,10,9,0,27,57
115,1,101,26,74,48,5,5,26,26,0,1,1,26,26,0,6.807583648184077e-05,0.0002042275094455223,28,30,2,5,6,6,5,1,63,78,55
116,56,672,51,100,49,112,112,67,67,0,56,112,52,77,25,0.0051397256543789785,0.01334286395044079,55,71,16,2,2,2,8,3,27,29,24
117,173,173,90,90,0,112,112,95,95,0,112,112,95,95,0,0.02644746247319514,0.02644746247319514,89,89,0,-1,2,2,4,16,73,18,87
118,2,2,28,28,0,3,3,28,28,0,2,2,28,28,0,0.00013615167296368154,0.00013615167296368154,31,31,0,-1,5,5,2,1,93,55,89
119,0,1640,1,100,99,0,136,1,60,59,0,118,1,81,80,0.0,0.01681473161101467,1,77,76,1,-1,2,13,0,13,40,8
120,6,622,31,100,69,7,22,31,53,22,6,22,31,53,22,0.0009870996289866913,0.02740052418394091,37,93,56,2,4,3,2,1,99,78,11
121,28,644,52,100,48,28,48,42,61,19,28,48,51,63,12,0.002314578440382586,0.0313829606181286,48,92,44,2,3,3,3,6,64,70,3
122,0,101,1,77,76,0,4,1,24,23,0,1,1,24,23,0.0,6.807583648184077e-05,1,27,26,6,-1,7,4,0,79,81,68
123,359,959,97,100,3,136,136,98,98,0,136,136,98,98,0,0.03720344463732598,0.04183260151809115,93,93,0,2,2,2,4,30,79,7,41
124,22,22,47,47,0,34,34,44,44,0,22,22,47,47,0,0.0013274788113958951,0.0013274788113958951,42,42,0,-1,3,3,4,2,47,63,86
125,37,37,53,53,0,22,22,42,42,0,22,22,45,45,0,0.005037611899656217,0.005037611899656217,55,55,0,-1,3,3,2,6,91,35,99
126,100,100,64,64,0,100,100,44,44,0,100,100,64,64,0,0.024983831988835564,0.05551584465094115,84,100,16,2,1,1,13,14,13,32,2
127,6,6,30,30,0,54,54,38,38,0,6,6,30,30,0,0.002314578440382586,0.002314578440382586,45,45,0,-1,4,4,9,3,54,46,93
128,12,12,39,39,0,18,18,35,35,0,12,12,39,39,0,0.002382654276864427,0.002382654276864427,45,45,0,-1,4,4,3,2,58,83,86
129,0,0,1,1,0,0,0,1,1,0,0,0,1,1,0,0.0,0.0,1,1,0,-1,-1,-1,2,1,93,45,82
130,25,126,52,86,34,22,22,42,42,0,22,22,46,46,0,0.004016474352428605,0.004016474352428605,54,54,0,6,3,3,2,6,68,73,78
131,2,618,26,100,74,7,36,27,40,13,2,36,26,51,25,3.4037918240920386e-05,0.012559991830899623,26,74,48,2,5,3,5,2,80,58,12
132,136,136,80,80,0,104,104,73,73,0,104,104,79,79,0,0.014806494434800367,0.014806494434800367,80,80,0,-1,2,2,5,8,52,20,92
133,70,276,68,98,30,32,32,58,58,0,32,32,60,60,0,0.008543517478471017,0.013547091459886314,65,76,11,3,3,3,2,9,91,31,44
134,2,618,27,100,73,7,46,27,40,13,2,46,27,54,27,3.4037918240920386e-05,0.009360427516253106,28,69,41,2,5,3,6,1,34,78,19
135,64,64,57,57,0,66,66,50,50,0,64,64,59,59,0,0.006297014874570271,0.006297014874570271,57,57,0,-1,3,3,6,4,56,72,79
136,2,618,26,100,74,11,110,26,57,31,2,110,26,70,44,0.0,0.0245413390517036,1,87,86,2,5,3,10,2,0,58,11
137,84,290,60,95,35,202,202,74,74,0,84,104,60,78,18,0.006126825283365669,0.01055175465468532,58,69,11,3,2,2,13,5,13,47,62
138,16,16,35,35,0,62,62,36,36,0,16,16,35,35,0,0.00088498587426393,0.00088498587426393,37,37,0,-1,3,3,10,2,36,42,97
139,22,638,38,100,62,80,100,42,44,2,22,100,38,58,20,0.0012594029749140542,0.014432077334150244,39,78,39,2,3,3,10,2,0,74,12
140,0,206,1,90,89,0,30,1,34,33,0,8,1,35,34,0.0,0.002995336805200994,1,47,46,3,-1,4,7,0,43,36,29
141,0,616,1,100,99,0,88,1,51,50,0,88,1,64,63,0.0,0.02314578440382586,1,86,85,2,-1,3,8,0,21,92,7
142,22,638,45,100,55,36,70,41,58,17,22,70,45,66,21,0.002382654276864427,0.03015759556145546,47,89,42,2,3,3,5,2,88,75,11
143,24,230,52,93,41,28,28,44,44,0,24,28,52,53,1,0.0020422750944552232,0.004186663943633207,47,54,7,3,3,3,3,4,76,64,90
144,8,214,38,97,59,12,12,35,35,0,8,12,38,41,3,0.0015317063208414173,0.007318152421797883,43,62,19,3,4,4,2,2,98,61,31
145,80,1680,65,100,35,84,84,74,74,0,84,84,74,74,0,0.011640968038394772,0.028625889240614044,69,89,20,1,2,2,5,6,49,34,63
146,16,222,44,93,49,28,28,44,44,0,16,24,43,51,8,0.0018040096667687805,0.004969536063174376,44,59,15,3,3,3,3,2,76,94,29
147,236,442,93,98,5,192,192,89,89,0,192,192,92,92,0,0.020899281799925118,0.0230436706491031,84,85,1,3,2,2,9,18,31,5,73
148,182,782,88,100,12,242,242,80,80,0,182,183,88,88,0,0.010790020082371761,0.011811157629599374,68,71,3,2,2,2,14,9,8,31,56
149,345,945,96,100,4,128,128,90,90,0,128,128,90,90,0,0.03563770039824364,0.039109568058817525,90,92,2,2,2,2,5,29,61,11,29
150,186,802,90,100,10,296,296,92,92,0,186,202,90,90,0,0.01776779332176044,0.019061234214915415,78,81,3,2,2,2,14,9,8,39,71
151,34,135,56,89,33,22,22,49,49,0,22,22,53,53,0,0.006399128629293032,0.006467204465774873,62,62,0,6,3,3,2,4,90,38,78
152,56,158,59,88,29,112,112,73,73,0,56,59,59,60,1,0.006433166547533953,0.006841621566424997,62,64,2,4,2,2,8,2,39,75,63
153,16,632,32,99,67,212,222,72,72,0,16,48,32,50,18,0.002382654276864427,0.007658531604207087,45,58,13,2,3,3,17,1,20,53,25
154,134,134,88,88,0,72,72,85,85,0,72,72,85,85,0,0.02474556656114912,0.02474556656114912,86,86,0,-1,2,2,3,20,60,23,91
155,0,0,1,1,0,0,0,1,1,0,0,0,1,1,0,0.0,0.0,1,1,0,-1,-1,-1,6,0,48,80,82
156,6,6,29,29,0,25,25,30,30,0,6,6,29,29,0,0.0002042275094455223,0.0002042275094455223,32,32,0,-1,4,4,11,1,5,65,76
157,96,712,59,100,41,202,202,72,72,0,96,202,59,90,31,0.0035059055788147996,0.01606589740971442,51,75,24,2,2,2,14,6,8,70,5
158,0,102,1,82,81,0,6,1,28,27,0,2,1,26,25,0.0,0.0007828721195411688,1,38,37,4,-1,5,3,0,85,67,71
159,66,272,61,94,33,80,80,68,68,0,66,80,66,71,5,0.010041185881071514,0.011096361346540046,69,72,3,3,3,3,5,5,88,25,61
160,32,1672,49,100,51,48,100,47,69,22,32,100,49,71,22,0.001599782157323258,0.042479321964668644,43,96,53,1,3,2,6,3,65,51,3
161,0,616,1,99,98,0,116,1,58,57,0,78,1,54,53,0.0,0.00878178290615746,1,63,62,2,-1,3,17,1,20,45,8
162,0,616,1,100,99,0,28,1,41,40,0,28,1,50,49,0.0,0.007182000748834201,1,63,62,2,-1,3,3,0,64,87,57
163,362,568,96,99,3,360,360,99,99,0,360,360,99,99,0,0.026821879573845263,0.028591851322373123,87,87,0,3,2,2,12,17,3,6,83
164,165,265,90,96,6,72,72,77,77,0,72,72,77,77,0,0.026651689982640663,0.026855917492086184,90,90,0,4,2,2,3,20,64,23,65
165,112,1752,75,100,25,210,244,78,91,13,112,244,75,94,19,0.008135062459579971,0.031995643146465164,64,90,26,1,2,2,12,4,6,72,9
166,0,616,1,100,99,0,22,1,51,50,0,22,1,52,51,0.0,0.011879233466081215,1,73,72,2,-1,3,2,0,86,96,24
167,6,622,30,100,70,23,52,32,42,10,6,52,30,56,26,0.0002042275094455223,0.012185574730249497,31,74,43,2,4,3,6,1,34,65,32
168,40,246,55,95,40,62,62,77,77,0,40,62,66,78,12,0.0063650907110521125,0.012662105585622384,60,79,19,3,2,2,3,2,66,94,25
169,104,720,78,100,22,198,208,86,89,3,104,208,78,91,13,0.010449640899962559,0.022430988120766535,71,83,12,2,2,2,10,6,1,77,14
170,345,945,98,100,2,128,128,90,90,0,128,128,90,90,0,0.0370672929643623,0.04693828925422921,94,96,2,2,2,2,5,29,63,1,20
171,98,199,81,96,15,32,32,63,63,0,32,32,65,65,0,0.017018959120460194,0.017223186629905716,82,83,1,5,3,3,2,12,98,37,78
172,0,206,1,93,92,0,12,1,35,34,0,12,1,36,35,0.0,0.010960209673576363,1,73,72,3,-1,4,2,0,68,97,18
173,6,212,31,93,62,10,14,31,34,3,6,14,31,42,11,0.0008509479560230097,0.005412029000306341,36,53,17,3,4,4,3,1,92,71,62
174,46,662,58,100,42,22,22,48,48,0,22,22,51,51,0,0.007726607440688927,0.018686817114265293,63,84,21,2,3,3,2,7,95,21,19
175,0,206,1,94,93,0,15,1,30,29,0,6,1,30,29,0.0,0.0009870996289866913,1,38,37,3,-1,4,6,0,32,97,71
176,140,756,85,100,15,170,180,78,79,1,140,180,85,86,1,0.010279451308757957,0.017325300384628477,68,80,12,2,2,2,11,13,38,24,77
177,116,716,79,100,21,104,104,82,82,0,104,104,82,82,0,0.01678069369277375,0.02900030634126417,79,87,8,2,2,2,5,8,80,20,5
178,66,682,63,100,37,44,54,54,58,4,44,54,58,62,4,0.005956635692161067,0.01664454201981007,58,83,25,2,3,3,4,6,77,13,32
179,49,665,57,100,43,60,70,48,57,9,49,70,57,63,6,0.004799346471969774,0.022601177711971135,54,88,34,2,3,3,5,4,63,22,23
180,0,102,1,76,75,0,8,1,28,27,0,4,1,30,29,0.0,0.00037441710065012424,1,34,33,4,-1,5,5,1,70,69,63
181,16,222,35,87,52,78,82,39,40,1,16,28,35,44,9,0.00088498587426393,0.0026209197045508697,37,48,11,3,3,3,11,2,5,42,75
182,184,184,92,92,0,48,48,69,69,0,48,48,70,70,0,0.021920419347152727,0.021920419347152727,88,88,0,-1,3,3,3,19,55,15,92
183,132,338,91,100,9,32,32,71,71,0,32,32,71,71,0,0.01844855168657885,0.020899281799925118,81,85,4,3,3,3,2,16,99,12,41
184,46,147,55,87,32,60,60,52,52,0,46,47,55,55,0,0.00888389666088022,0.008986010415602982,68,69,1,5,2,2,5,2,45,83,55
185,6,212,33,90,57,38,38,34,34,0,6,12,33,37,4,0.00088498587426393,0.0014636304843595766,38,41,3,3,4,4,9,1,26,71,42
186,0,206,1,94,93,0,14,1,32,31,0,9,1,38,37,0.0,0.0019741992579733825,1,45,44,3,-1,4,3,0,66,36,70
187,100,100,62,62,0,100,100,48,48,0,100,100,62,62,0,0.021614078082984444,0.021614078082984444,81,81,0,-1,1,1,10,4,11,72,50
188,100,100,62,62,0,206,206,75,75,0,100,100,62,62,0,0.009394465434494027,0.009394465434494027,65,65,0,-1,2,2,12,6,14,77,96
189,0,616,1,100,99,0,34,1,38,37,0,34,1,50,49,0.0,0.006467204465774873,1,57,56,2,-1,3,4,0,53,36,48
190,52,668,68,100,32,22,22,49,49,0,22,22,53,53,0,0.005990673610401988,0.01861874127778345,61,84,23,2,3,3,2,6,90,13,5
191,16,632,39,100,61,52,76,48,59,11,16,76,39,64,25,0.0020763130126961434,0.029681064706082574,44,91,47,2,3,3,6,1,69,53,16
192,0,616,1,100,99,0,54,1,38,37,0,53,1,59,58,0.0,0.008169100377820893,1,65,64,2,-1,3,8,0,57,85,27
193,145,761,86,100,14,102,102,93,93,0,102,102,93,93,0,0.023554239422716908,0.03672691378195309,85,94,9,2,2,2,4,12,78,37,12
194,126,1766,80,100,20,110,144,83,93,10,110,144,83,93,10,0.01504475986248681,0.03332312195786106,76,96,20,1,2,2,6,8,71,17,60
195,0,206,1,92,91,0,27,1,27,26,0,12,1,33,32,0.0,0.001157289220191293,1,37,36,3,-1,4,10,0,36,87,51
196,1,207,25,95,70,2,12,25,36,11,1,12,25,40,15,0.00010211375472276115,0.006058749446883829,30,62,32,3,6,4,2,1,89,78,57
197,2,103,26,74,48,15,15,28,28,0,2,3,26,28,2,6.807583648184077e-05,0.00010211375472276115,28,29,1,5,5,5,12,1,6,68,78
198,76,177,56,88,32,82,82,48,48,0,76,77,57,57,0,0.00793083495013445,0.00793083495013445,60,60,0,5,3,3,7,6,46,34,65
199,1,103,26,76,50,6,9,26,27,1,1,5,26,29,3,3.4037918240920386e-05,0.0002042275094455223,26,28,2,4,6,5,6,1,71,78,63
200,16,222,34,89,55,40,48,33,34,1,16,24,34,42,8,0.0002042275094455223,0.0006126825283365669,33,35,2,3,3,3,11,1,33,4,63
201,16,222,42,94,52,28,28,43,43,0,16,22,42,45,3,0.0018380475850097008,0.004322815616596889,43,53,10,3,3,3,3,1,66,53,90
202,100,100,61,61,0,100,100,43,43,0,100,100,61,61,0,0.03434425950508867,0.03461656285101603,93,94,1,3,1,1,12,16,2,18,56
203,6,212,30,90,60,15,20,31,32,1,6,15,30,37,7,0.00010211375472276115,0.003948398515946765,30,52,22,3,4,4,6,1,74,60,73
204,44,250,52,91,39,66,66,44,44,0,44,66,52,56,4,0.005922597773920147,0.025834779944858572,54,88,34,3,3,3,6,7,51,62,11
205,94,196,67,88,21,158,158,83,83,0,94,96,68,68,0,0.012117498893767658,0.012491915994417782,71,72,1,4,2,2,9,5,26,25,4
206,2,208,29,94,65,4,14,29,33,4,2,14,29,40,11,0.00017018959120460194,0.004969536063174376,31,52,21,3,5,4,3,1,60,55,21
207,100,100,57,57,0,100,100,38,38,0,100,100,57,57,0,0.026277272881990537,0.0475850097008067,86,98,12,1,1,1,16,15,4,19,12
208,0,616,1,99,98,0,84,1,38,37,0,50,1,53,52,0.0,0.005684332346233704,1,56,55,2,-1,3,12,1,6,69,26
209,6,6,34,34,0,12,12,39,39,0,6,6,34,34,0,0.0010892133837094523,0.0010892133837094523,40,40,0,-1,4,4,2,1,97,71,69
210,46,148,52,83,31,104,104,61,61,0,46,48,52,52,0,0.0036760951700194017,0.003812246842983083,49,50,1,4,2,2,10,2,22,75,95
211,10,112,36,79,43,28,28,36,36,0,10,14,36,38,2,0.001157289220191293,0.0017359338302869397,41,42,1,4,4,4,6,3,69,43,51
212,0,206,1,93,92,0,10,1,31,30,0,10,1,37,36,0.0,0.003369753905851118,1,49,48,3,-1,4,3,0,58,82,13
213,6,212,32,94,62,26,30,36,40,4,6,26,32,48,16,0.0010211375472276116,0.005990673610401988,38,57,19,3,4,4,5,2,45,42,72
214,93,93,78,78,0,32,32,63,63,0,32,32,64,64,0,0.01681473161101467,0.01681473161101467,78,78,0,-1,3,3,2,9,86,39,50
215,0,1640,1,100,99,0,68,1,70,69,0,68,1,72,71,0.0,0.03386772864971578,1,92,91,1,-1,2,4,0,79,66,19
216,100,100,66,66,0,164,164,74,74,0,100,100,66,66,0,0.008951972497362062,0.008951972497362062,68,68,0,-1,2,2,10,6,1,34,76
217,18,634,44,100,56,46,66,42,53,11,18,66,44,59,15,0.0015317063208414173,0.019776030497974745,42,82,40,2,3,3,6,2,74,61,16
218,0,616,1,100,99,0,40,1,41,40,0,27,1,50,49,0.0,0.003948398515946765,1,51,50,2,-1,3,5,1,61,45,28
219,46,252,56,97,41,52,52,80,80,0,46,52,73,81,8,0.011402702610708328,0.013989584397018279,73,77,4,3,2,2,3,2,60,83,75
220,68,68,65,65,0,48,48,62,62,0,48,48,64,64,0,0.007658531604207087,0.007658531604207087,65,65,0,-1,3,3,3,7,64,48,79
221,74,176,73,93,20,38,38,61,61,0,38,38,63,63,0,0.011777119711358454,0.013989584397018279,74,76,2,4,3,3,3,8,81,8,70
222,0,101,1,79,78,0,9,1,25,24,0,1,1,25,24,0.0,0.00010211375472276115,1,29,28,5,-1,6,9,0,26,98,55
223,0,206,1,91,90,0,32,1,34,33,0,32,1,46,45,0.0,0.004152626025392287,1,48,47,3,-1,4,6,0,56,92,13
224,140,140,85,85,0,170,170,78,78,0,140,140,85,85,0,0.010279451308757957,0.010279451308757957,68,68,0,-1,2,2,11,13,38,24,82
225,16,1656,33,100,67,66,144,36,60,24,16,144,33,78,45,0.0006126825283365669,0.031212771026923995,36,91,55,1,3,2,10,1,0,49,7
226,0,0,1,1,0,0,0,1,1,0,0,0,1,1,0,0.0,0.0,1,1,0,-1,-1,-1,11,0,5,98,79
227,478,1094,100,100,0,304,304,100,100,0,304,304,100,100,0,0.03492290411518432,0.04084550188910446,91,95,4,2,2,2,10,27,0,10,48
228,74,175,67,92,25,56,56,76,76,0,56,56,77,77,0,0.009734844616903231,0.00980292045338507,66,66,0,5,2,2,2,6,68,26,60
229,18,18,40,40,0,100,100,47,47,0,18,18,40,40,0,0.002110350930937064,0.002110350930937064,43,43,0,-1,3,3,10,2,22,61,45
230,98,200,77,92,15,78,78,77,77,0,78,78,79,79,0,0.014432077334150244,0.015146873617209572,78,78,0,4,2,2,4,8,78,8,74
231,0,101,1,76,75,0,9,1,25,24,0,1,1,25,24,0.0,0.0,1,1,0,5,-1,6,9,0,35,97,95
232,232,438,92,99,7,268,268,96,96,0,232,244,92,92,0,0.013138636440995268,0.014704380680077607,74,75,1,3,2,2,12,13,14,24,75
233,0,0,1,1,0,0,0,1,1,0,0,0,1,1,0,0.0,0.0,1,1,0,-1,-1,-1,3,0,64,91,45
234,8,8,36,36,0,14,14,35,35,0,8,8,36,36,0,0.0008509479560230097,0.0008509479560230097,36,36,0,-1,4,4,3,2,92,74,81
235,54,54,55,55,0,94,94,51,51,0,54,54,55,55,0,0.006943735321147759,0.006943735321147759,63,63,0,-1,3,3,9,4,23,38,80
236,16,117,42,80,38,34,34,43,43,0,16,17,42,44,2,0.003880322679464924,0.003880322679464924,52,52,0,6,3,3,4,1,79,90,58
237,60,266,60,95,35,76,76,54,54,0,60,76,60,65,5,0.0053099152455835805,0.01678069369277375,56,82,26,3,3,3,6,6,32,28,37
238,0,616,1,100,99,0,50,1,36,35,0,18,1,42,41,0.0,0.004118588107151367,1,53,52,2,-1,3,8,0,21,86,29
239,60,676,55,100,45,76,76,54,54,0,60,76,55,59,4,0.008441403723748256,0.013717281051090916,65,74,9,2,3,3,6,5,41,25,38
240,193,1833,96,100,4,48,72,59,78,19,48,72,63,79,16,0.028659927158854966,0.07893393240069438,92,99,7,1,3,2,3,29,75,11,10
241,0,206,1,91,90,0,43,1,29,28,0,6,1,27,26,0.0,0.0008509479560230097,1,36,35,3,-1,4,16,0,4,76,71
242,0,616,1,100,99,0,106,1,54,53,0,54,1,52,51,0.0,0.008271214132543654,1,62,61,2,-1,3,14,0,16,97,62
243,0,0,1,1,0,0,0,1,1,0,0,0,1,1,0,0.0,0.0,1,1,0,-1,-1,-1,4,0,83,85,79
244,0,102,1,81,80,0,5,1,27,26,0,2,1,27,26,0.0,0.00017018959120460194,1,31,30,4,-1,5,4,0,72,98,55
245,100,100,63,63,0,100,100,45,45,0,100,100,63,63,0,0.034990979951666154,0.035025017869907075,93,93,0,4,1,1,11,18,19,30,95
246,110,726,73,100,27,120,120,77,77,0,110,120,76,83,7,0.008101024541339052,0.014908608189523128,63,78,15,2,2,2,6,6,40,13,31
247,0,0,1,1,0,0,0,1,1,0,0,0,1,1,0,0.0,0.0,1,1,0,-1,-1,-1,12,0,2,80,92
248,135,236,86,92,6,64,64,70,70,0,64,64,70,70,0,0.016440314510364547,0.016508390346846386,80,80,0,6,3,3,4,15,84,19,58
249,0,616,1,99,98,0,62,1,35,34,0,32,1,42,41,0.0,0.003914360597705844,1,50,49,2,-1,3,11,0,33,82,75
250,60,60,60,60,0,76,76,54,54,0,60,60,60,60,0,0.0053099152455835805,0.0053099152455835805,56,56,0,-1,3,3,6,6,32,28,81
251,16,16,43,43,0,34,34,47,47,0,16,16,44,44,0,0.0006807583648184077,0.0006807583648184077,37,37,0,-1,3,3,4,1,77,49,91
252,258,858,94,100,6,250,250,89,89,0,250,250,93,93,0,0.019810068416215663,0.0340719561591613,81,92,11,2,2,2,13,16,13,12,16
253,271,1911,97,100,3,256,280,97,99,2,256,280,97,99,2,0.026073045372545015,0.048163654310902346,88,96,8,1,2,2,10,15,36,16,30
254,16,632,37,100,63,60,70,48,57,9,16,70,37,63,26,0.0030634126416828346,0.010721944245889922,51,69,18,2,3,3,5,2,63,94,48
255,0,1640,1,100,99,0,72,1,55,54,0,72,1,60,59,0.0,0.02117158514585248,1,83,82,1,-1,2,6,0,74,79,57
256,0,0,1,1,0,0,0,1,1,0,0,0,1,1,0,0.0,0.0,1,1,0,-1,-1,-1,16,0,4,66,69
257,1,1,25,25,0,6,6,25,25,0,1,1,25,25,0,0.0,0.0,1,1,0,-1,6,6,6,1,69,68,87
258,0,206,1,90,89,0,20,1,32,31,0,10,1,35,34,0.0,0.003199564314646516,1,49,48,3,-1,4,6,0,74,98,73
259,238,854,90,100,10,192,192,87,87,0,192,192,88,88,0,0.020252561353347628,0.03727152047380782,82,96,14,2,2,2,9,16,54,12,9
260,16,632,37,100,63,30,52,34,44,10,16,52,37,51,14,0.0005446066918547262,0.010960209673576363,36,71,35,2,3,3,6,1,59,88,39
261,77,77,62,62,0,60,60,51,51,0,60,60,57,57,0,0.006943735321147759,0.006943735321147759,61,61,0,-1,3,3,5,8,37,57,69
262,420,626,100,100,0,176,176,100,100,0,176,176,100,100,0,0.04380680077606454,0.048878450593961675,96,97,1,3,2,2,5,27,50,10,44
263,16,222,34,89,55,116,116,59,59,0,16,22,34,40,6,0.0030974505599237552,0.004016474352428605,47,50,3,3,3,3,11,3,33,46,71
264,40,141,52,82,30,80,80,65,65,0,40,41,52,52,0,0.006467204465774873,0.006569318220497634,60,60,0,5,2,2,5,1,37,90,95
265,0,616,1,100,99,0,66,1,48,47,0,62,1,58,57,0.0,0.008066986623098132,1,63,62,2,-1,3,6,0,44,85,21
266,0,616,1,100,99,0,28,1,41,40,0,28,1,50,49,0.0,0.01960584090677014,1,85,84,2,-1,3,3,0,64,87,10
267,80,80,74,74,0,72,72,79,79,0,72,72,80,80,0,0.010415602981721638,0.010415602981721638,74,74,0,-1,2,2,3,7,75,21,69
268,118,118,81,81,0,104,104,85,85,0,104,104,85,85,0,0.014806494434800367,0.014806494434800367,75,75,0,-1,2,2,5,9,70,27,36
269,86,702,60,100,40,142,152,66,69,3,86,110,60,75,15,0.009122162088566664,0.01147077844719017,69,72,3,2,3,3,12,6,3,34,54
270,40,40,47,47,0,70,70,40,40,0,40,40,47,47,0,0.002144388849177984,0.002144388849177984,45,45,0,-1,2,2,10,1,0,88,86
271,16,118,44,83,39,44,44,53,53,0,16,20,45,50,5,0.0027911092957554717,0.004220701861874128,50,55,5,4,3,3,4,3,78,46,54
272,6,1646,31,100,69,27,92,33,52,19,6,92,31,65,34,0.00013615167296368154,0.025868817863099493,32,86,54,1,4,2,8,1,57,4,19
273,6,107,29,73,44,22,22,33,33,0,6,7,29,35,6,0.00017018959120460194,0.00017018959120460194,32,32,0,5,4,4,7,1,43,4,68
274,110,726,77,100,23,142,142,81,81,0,110,128,78,82,4,0.011096361346540046,0.01324075019571803,71,74,3,2,2,2,8,7,39,21,83
275,207,309,93,96,3,96,96,89,89,0,96,96,89,89,0,0.02569862827189489,0.025936893699581333,89,89,0,4,2,2,3,17,64,6,88
276,100,100,79,79,0,100,100,98,98,0,100,100,98,98,0,0.11174648558494163,0.11174648558494163,100,100,0,6,1,1,2,30,68,7,58
277,0,101,1,81,80,0,3,1,24,23,0,1,1,24,23,0.0,3.4037918240920386e-05,1,27,26,5,-1,6,3,0,81,97,95
278,22,123,40,78,38,76,76,41,41,0,22,23,40,44,4,0.0011232513019503727,0.0011232513019503727,39,39,0,5,3,3,10,2,11,74,58
279,14,14,45,45,0,12,12,35,35,0,12,12,42,42,0,0.002825147213996392,0.002825147213996392,50,50,0,-1,4,4,2,6,98,70,82
280,128,334,81,97,16,100,100,73,73,0,100,100,74,74,0,0.014295925661186561,0.016474352428605468,74,79,5,3,2,2,6,13,71,33,90
281,62,678,54,100,46,102,112,64,65,1,62,112,54,78,24,0.003982436434187685,0.00976888253514415,52,68,16,2,2,2,8,6,30,70,44
282,0,616,1,100,99,0,120,1,61,60,0,120,1,78,77,0.0,0.030600088498587426,1,91,90,2,-1,3,10,0,12,87,2
283,78,78,72,72,0,38,38,56,56,0,38,38,57,57,0,0.013444977705163553,0.013444977705163553,76,76,0,-1,3,3,3,9,60,39,96
284,2,104,26,74,48,9,12,26,28,2,2,4,26,28,2,3.4037918240920386e-05,0.0002042275094455223,27,32,5,4,5,5,8,2,10,58,55
285,32,238,45,89,44,74,74,41,41,0,32,51,45,50,5,0.002757071377514551,0.009870996289866912,48,69,21,3,3,3,9,2,54,83,25
286,72,278,58,95,37,66,66,44,44,0,66,66,57,57,0,0.007726607440688927,0.012525953912658701,62,73,11,3,3,3,6,8,51,57,25
287,214,830,90,100,10,316,316,92,92,0,214,230,90,92,2,0.018380475850097007,0.019469689233806462,82,82,0,2,2,2,15,9,7,39,49
288,0,0,1,1,0,0,0,1,1,0,0,0,1,1,0,0.0,0.0,1,1,0,-1,-1,-1,16,0,9,91,97
289,184,800,90,100,10,254,254,92,92,0,184,206,90,91,1,0.015997821573232582,0.017393376221110316,78,80,2,2,2,2,12,8,6,20,52
290,112,1752,75,100,25,242,276,80,86,6,112,203,75,87,12,0.00881582082439838,0.027060145001531706,64,89,25,1,2,2,14,4,16,38,39
291,0,206,1,96,95,0,14,1,32,31,0,14,1,40,39,0.0,0.009258313761530345,1,68,67,3,-1,4,3,0,75,87,14
292,0,101,1,72,71,0,10,1,25,24,0,1,1,25,24,0.0,0.0,1,1,0,5,-1,6,10,0,11,96,68
293,1,1641,26,100,74,6,80,26,57,31,1,80,26,61,35,3.4037918240920386e-05,0.031212771026923995,28,89,61,1,6,2,6,1,41,78,18
294,348,348,97,97,0,168,168,97,97,0,168,168,97,97,0,0.03631845876306205,0.03631845876306205,95,95,0,-1,2,2,6,27,51,10,93
295,58,160,72,93,21,46,46,87,87,0,46,46,88,88,0,0.014840532353041287,0.016168011164437182,79,79,0,4,2,2,2,4,97,72,46
296,126,126,82,82,0,94,94,68,68,0,94,94,71,71,0,0.017223186629905716,0.017223186629905716,80,80,0,-1,2,2,5,12,50,37,59
297,152,358,84,96,12,272,272,88,88,0,152,158,84,84,0,0.016508390346846386,0.01684876952925559,76,77,1,3,2,2,14,9,17,39,49
298,1,617,26,100,74,7,48,26,40,14,1,48,26,53,27,0.0,0.008237176214302734,1,66,65,2,6,3,7,1,62,78,27
299,0,206,1,96,95,0,8,1,33,32,0,8,1,39,38,0.0,0.005105687736138058,1,55,54,3,-1,4,2,0,93,59,21
300,262,468,98,100,2,56,56,84,84,0,56,56,85,85,0,0.04115184315327275,0.05721774056298717,96,98,2,3,2,2,2,29,98,1,7
301,0,616,1,100,99,0,46,1,38,37,0,33,1,46,45,0.0,0.006262976956329351,1,61,60,2,-1,3,8,0,39,40,34
302,100,100,69,69,0,100,100,55,55,0,100,100,69,69,0,0.03699921712788046,0.04659791007182001,93,96,3,2,1,1,8,18,30,5,8
303,97,303,79,100,21,46,46,84,84,0,46,46,84,84,0,0.017121072875182955,0.019061234214915415,81,83,2,3,2,2,2,13,93,33,22
304,0,206,1,92,91,0,14,1,30,29,0,9,1,34,33,0.0,0.0009870996289866913,1,37,36,3,-1,4,5,0,63,82,64
305,100,100,66,66,0,100,100,45,45,0,100,100,66,66,0,0.0245413390517036,0.03196160522822424,86,89,3,2,1,1,10,9,1,31,32
306,50,152,51,82,31,110,110,58,58,0,50,50,51,51,0,0.005480104836788182,0.005514142755029102,53,53,0,4,3,3,10,6,0,73,65
307,0,102,1,80,79,0,6,1,28,27,0,6,1,31,30,0.0,0.002314578440382586,1,48,47,4,-1,5,3,0,87,89,73
308,152,768,84,100,16,78,78,68,68,0,78,78,71,71,0,0.012525953912658701,0.017937982912965042,74,82,8,2,2,2,4,14,83,32,47
309,38,244,53,94,41,68,68,46,46,0,38,44,53,54,1,0.0029612988869600733,0.004765308553728854,51,54,3,3,3,3,8,3,21,54,53
310,164,780,88,100,12,206,206,92,92,0,164,206,90,93,3,0.016916845365737433,0.03114469519044215,78,87,9,2,2,2,9,8,31,20,18
311,50,256,59,96,37,38,38,52,52,0,38,38,55,55,0,0.005207801490860819,0.008713707069675619,56,68,12,3,3,3,3,6,66,28,35
312,38,244,49,92,43,110,110,60,60,0,38,45,49,54,5,0.002314578440382586,0.003267640151128357,47,51,4,3,3,3,10,6,11,70,64
313,76,282,62,95,33,90,90,65,65,0,76,90,61,67,6,0.009088124170325743,0.010245413390517035,66,67,1,3,2,2,6,6,74,34,53
314,212,812,93,100,7,88,88,84,84,0,88,88,84,84,0,0.025085945743558324,0.033221008203138294,88,91,3,2,2,2,4,19,67,15,8
315,1,1641,26,100,74,9,118,26,74,48,1,118,26,79,53,0.0,0.03798631675686715,1,95,94,1,6,2,9,1,26,78,3
316,0,206,1,88,87,0,23,1,29,28,0,8,1,33,32,0.0,0.0017359338302869397,1,41,40,3,-1,4,10,0,11,91,75
317,49,151,54,87,33,98,98,52,52,0,49,51,55,56,1,0.004356853534837809,0.004731270635487933,54,55,1,4,3,3,8,4,39,22,42
318,6,212,30,94,64,16,24,35,35,0,6,24,30,46,16,0.0009190237925048504,0.004731270635487933,38,54,16,3,4,4,4,2,53,42,47
319,0,0,1,1,0,0,0,1,1,0,0,0,1,1,0,0.0,0.0,1,1,0,-1,-1,-1,6,0,69,97,91
320,16,222,37,92,55,68,68,46,46,0,16,41,37,54,17,0.003812246842983083,0.00707988699411144,53,62,9,3,3,3,8,1,21,90,28
321,68,68,64,64,0,72,72,79,79,0,72,72,80,80,0,0.009564655025698629,0.009564655025698629,70,70,0,-1,2,2,3,4,75,72,84
322,16,222,46,96,50,12,12,41,41,0,12,12,41,41,0,0.002927260968719153,0.006569318220497634,49,60,11,3,4,4,2,6,95,41,72
323,0,0,1,1,0,0,0,1,1,0,0,0,1,1,0,0.0,0.0,1,1,0,-1,-1,-1,6,0,41,79,89
324,100,100,82,82,0,100,100,98,98,0,100,100,98,98,0,0.10075223799312434,0.10082031382960618,99,99,0,4,1,1,2,20,98,23,63
325,0,616,1,100,99,0,22,1,41,40,0,22,1,45,44,0.0,0.006433166547533953,1,59,58,2,-1,3,2,0,68,79,26
326,81,81,75,75,0,46,46,81,81,0,46,46,82,82,0,0.013138636440995268,0.013138636440995268,78,78,0,-1,2,2,2,8,90,44,93
327,0,1640,1,100,99,0,112,1,58,57,0,108,1,77,76,0.0,0.014806494434800367,1,75,74,1,-1,2,11,0,33,85,31
328,0,1640,1,100,99,0,94,1,51,50,0,94,1,64,63,0.0,0.024983831988835564,1,88,87,1,-1,2,9,0,35,81,15
329,0,102,1,77,76,0,9,1,28,27,0,3,1,32,31,0.0,0.0002723033459273631,1,32,31,4,-1,5,5,0,49,93,56
330,163,369,89,100,11,88,88,84,84,0,88,88,84,84,0,0.023690391095680587,0.027604751693386432,87,89,2,3,2,2,4,20,67,23,62
331,2,2,26,26,0,9,9,26,26,0,2,2,26,26,0,3.4037918240920386e-05,3.4037918240920386e-05,26,26,0,-1,5,5,8,1,30,78,97
332,100,100,64,64,0,100,100,57,57,0,100,100,65,65,0,0.06719085060757685,0.06708873685285408,99,99,0,4,1,1,8,36,10,2,95
333,100,100,78,78,0,100,100,96,96,0,100,100,96,96,0,0.08325674801729126,0.09544232274754076,100,100,0,3,1,1,3,27,81,10,5
334,100,100,67,67,0,100,100,55,55,0,100,100,67,67,0,0.01960584090677014,0.027026107083290785,82,88,6,2,1,1,9,2,23,94,62
335,214,314,96,100,4,56,56,82,82,0,56,56,82,82,0,0.03887130263113108,0.0402328193607679,97,97,0,4,2,2,2,27,89,10,29
336,6,6,29,29,0,36,36,32,32,0,6,6,29,29,0,0.00017018959120460194,0.00017018959120460194,30,30,0,-1,4,4,12,1,6,60,91
337,100,100,81,81,0,100,100,96,96,0,100,100,96,96,0,0.053473569556485925,0.058034650600769254,99,99,0,3,1,1,3,3,92,46,24
338,0,206,1,90,89,0,32,1,33,32,0,32,1,40,39,0.0,0.009190237925048503,1,68,67,3,-1,4,6,0,51,82,17
339,1,617,25,100,75,2,18,25,52,27,1,18,25,53,28,0.00010211375472276115,0.011266550937744648,29,72,43,2,6,3,2,1,97,95,73
340,56,672,53,100,47,134,134,66,66,0,56,90,53,62,9,0.0053439531638245,0.010858095918853602,56,67,11,2,2,2,10,3,22,29,62
341,22,228,43,92,49,68,68,41,41,0,22,32,43,50,7,0.0017359338302869397,0.004765308553728854,44,54,10,3,3,3,8,2,30,52,73
342,1,207,26,91,65,13,58,26,32,6,1,9,26,33,7,0.0,0.0033016780693692774,1,47,46,3,6,4,13,1,13,78,29
343,104,720,75,100,25,152,152,78,78,0,104,122,75,77,2,0.006773545729943157,0.009292351679771264,59,67,8,2,2,2,8,5,42,47,52
344,100,100,69,69,0,100,100,69,69,0,100,100,71,71,0,0.07331767589094251,0.08397154430035059,99,100,1,2,1,1,6,40,34,3,5
345,112,318,84,100,16,32,32,58,58,0,32,32,60,60,0,0.018857006705469893,0.020456788862793153,84,86,2,3,3,3,2,17,91,6,43
346,326,428,98,98,0,348,348,94,94,0,326,328,98,98,0,0.019912182170938427,0.019980258007420267,82,82,0,4,2,2,17,16,20,12,60
347,0,0,1,1,0,0,0,1,1,0,0,0,1,1,0,0.0,0.0,1,1,0,-1,-1,-1,8,0,42,89,87
348,88,294,61,95,34,158,158,82,82,0,88,97,61,66,5,0.007658531604207087,0.008577555396711936,61,66,5,3,2,2,9,4,35,72,43
349,0,616,1,100,99,0,54,1,38,37,0,40,1,54,53,0.0,0.005650294427992784,1,56,55,2,-1,3,8,0,21,66,48
350,54,670,54,100,46,44,44,44,44,0,54,44,57,50,-7,0.005173763572619898,0.013751318969331836,53,76,23,2,3,3,4,4,67,72,17
351,156,258,89,96,7,72,72,77,77,0,72,72,77,77,0,0.02365635317743967,0.024098846114571634,87,87,0,4,2,2,3,16,64,18,74
352,238,444,92,98,6,320,320,96,96,0,238,244,92,92,0,0.01783586915824228,0.018244324177133328,79,80,1,3,2,2,14,13,8,33,49
353,128,229,80,93,13,220,220,82,82,0,128,129,80,81,1,0.007318152421797883,0.007352190340038803,62,62,0,5,2,2,12,6,6,26,78
354,16,16,50,50,0,18,18,51,51,0,16,16,51,51,0,0.0011913271384322134,0.0011913271384322134,39,39,0,-1,3,3,2,2,86,42,79
355,0,101,1,76,75,0,8,1,25,24,0,1,1,25,24,0.0,6.807583648184077e-05,1,26,25,6,-1,7,8,0,39,85,58
356,377,977,100,100,0,192,192,99,99,0,192,192,99,99,0,0.04666598590830185,0.05286088702814936,98,99,1,2,2,2,6,29,69,11,77
357,0,101,1,75,74,0,8,1,25,24,0,1,1,25,24,0.0,0.0,1,1,0,5,-1,6,8,0,15,91,68
358,63,269,65,95,30,54,54,55,55,0,54,54,60,60,0,0.007284114503556962,0.009190237925048503,61,66,5,3,3,3,4,8,84,57,75
359,61,162,63,90,27,54,54,55,55,0,54,54,60,60,0,0.014227849824704722,0.014261887742945642,75,75,0,5,3,3,4,12,84,37,65
360,12,114,43,86,43,12,12,40,40,0,12,12,42,42,0,0.002212464685659825,0.0026549576227917903,47,48,1,4,4,4,2,2,90,83,88
361,22,228,43,94,51,60,60,48,48,0,22,60,43,60,17,0.002144388849177984,0.009530617107457708,46,69,23,3,3,3,5,2,63,61,8
362,2,208,27,92,65,6,18,27,32,5,2,17,27,41,14,3.4037918240920386e-05,0.002995336805200994,26,50,24,3,5,4,5,2,63,58,73
363,14,630,46,100,54,12,22,39,48,9,12,22,45,49,4,0.004322815616596889,0.013376901868681712,54,73,19,2,4,3,2,6,93,73,64
364,100,100,63,63,0,100,100,47,47,0,100,100,63,63,0,0.05200993907212635,0.07005003573981415,98,100,2,1,1,1,10,29,36,1,12
365,28,130,47,79,32,46,46,43,43,0,28,30,47,48,1,0.0026889955410327104,0.00439089145307873,48,50,2,4,3,3,6,6,65,70,46
366,16,1656,39,100,61,86,120,57,78,21,16,120,39,80,41,0.0030293747234419145,0.03104258143571939,50,90,40,1,3,2,6,3,44,46,30
367,100,100,67,67,0,100,100,55,55,0,100,100,67,67,0,0.03642057251778481,0.04915075393988903,93,97,4,2,1,1,9,18,23,30,18
368,98,98,68,68,0,86,86,56,56,0,86,86,62,62,0,0.01405766023350012,0.01405766023350012,76,76,0,-1,3,3,6,9,51,39,93
369,58,160,67,92,25,46,46,82,82,0,46,46,82,82,0,0.012151536812008578,0.012287688484972258,72,72,0,4,2,2,2,4,86,72,56
370,2,1642,26,100,74,7,66,26,47,21,2,56,26,52,26,6.807583648184077e-05,0.019741992579733823,27,84,57,1,5,2,6,1,59,78,70
371,22,124,50,85,35,28,28,44,44,0,22,28,50,53,3,0.00176997174852786,0.003369753905851118,42,52,10,4,3,3,3,2,76,74,75
372,100,100,65,65,0,100,100,45,45,0,100,100,65,65,0,0.026923993328568024,0.03526328329759352,90,92,2,2,1,1,10,14,12,32,19
373,102,308,71,94,23,124,124,85,85,0,102,124,74,88,14,0.00970080669866231,0.01232172640321318,67,74,7,3,2,2,6,7,40,62,22
374,100,100,77,77,0,100,100,96,96,0,100,100,96,96,0,0.08291636883488206,0.08843051158991116,100,100,0,3,1,1,3,29,82,0,25
375,168,270,90,98,8,72,72,80,80,0,72,72,80,80,0,0.020082371762143027,0.02032063718982947,84,85,1,4,2,2,3,18,66,5,55
376,0,206,1,95,94,0,8,1,31,30,0,8,1,37,36,0.0,0.007216038667075122,1,63,62,3,-1,4,2,0,95,79,27
377,100,306,80,100,20,22,22,49,49,0,22,22,50,50,0,0.009973110044589673,0.018006058749446885,68,82,14,3,3,3,2,14,93,32,20
378,166,166,84,84,0,124,124,88,88,0,124,124,89,89,0,0.017393376221110316,0.017393376221110316,79,79,0,-1,2,2,6,8,41,8,40
379,409,2009,100,100,0,136,136,99,99,0,136,136,99,99,0,0.05439259334899078,0.0836652030361823,98,100,2,1,2,2,4,36,84,2,6
380,0,0,1,1,0,0,0,1,1,0,0,0,1,1,0,0.0,0.0,1,1,0,-1,-1,-1,2,1,95,45,89
381,14,14,40,40,0,12,12,32,32,0,12,12,37,37,0,0.0012253650566731338,0.0012253650566731338,39,39,0,-1,4,4,2,4,91,64,96
382,36,137,49,80,31,106,106,58,58,0,36,36,49,49,0,0.00439089145307873,0.00442492937131965,52,52,0,5,3,3,11,6,5,73,68
383,62,678,56,100,44,76,86,54,62,8,62,86,58,66,8,0.007147962830593281,0.02188638142891181,59,86,27,2,3,3,6,6,56,35,30
384,0,616,1,100,99,0,86,1,56,55,0,86,1,63,62,0.0,0.03008951972497362,1,91,90,2,-1,3,6,0,44,82,0
385,192,392,92,100,8,96,96,94,94,0,96,96,94,94,0,0.028557813404132205,0.03417406991388407,89,91,2,3,2,2,3,18,92,5,25
386,52,153,64,92,28,22,22,52,52,0,22,22,55,55,0,0.008305252050784574,0.008305252050784574,66,66,0,6,3,3,2,9,98,31,68
387,102,308,70,95,25,162,162,83,83,0,102,108,70,73,3,0.008543517478471017,0.010483678818203479,64,69,5,3,2,2,9,4,29,38,46
388,25,231,53,96,43,18,22,48,48,0,18,22,51,52,1,0.004356853534837809,0.0300554818067327,55,92,37,3,3,3,2,6,90,73,2
389,213,419,91,98,7,176,176,85,85,0,176,176,89,89,0,0.026073045372545015,0.02719629667449539,88,88,0,3,2,2,8,20,30,23,74
390,40,656,52,100,48,72,82,45,47,2,40,82,52,58,6,0.004050512270669526,0.013853432724054596,52,74,22,2,3,3,7,6,24,73,19
391,0,0,1,1,0,0,0,1,1,0,0,0,1,1,0,0.0,0.0,1,1,0,-1,-1,-1,9,0,29,97,67
392,6,212,29,94,65,15,32,29,34,5,6,32,29,49,20,0.00017018959120460194,0.0035739814152966403,31,49,18,3,4,4,6,1,59,55,26
393,0,206,1,96,95,0,8,1,32,31,0,6,1,32,31,0.0,0.0021784267674189047,1,48,47,3,-1,4,2,0,86,59,46
394,49,255,59,96,37,54,54,62,62,0,49,54,67,67,0,0.004969536063174376,0.00878178290615746,54,67,13,3,3,3,4,4,72,22,38
395,12,218,36,90,54,36,36,36,36,0,12,18,36,39,3,0.00034037918240920387,0.001157289220191293,34,38,4,3,4,4,8,2,10,63,61
396,308,514,97,100,3,376,376,98,98,0,308,376,97,99,2,0.022703291466693896,0.02651553830967698,87,90,3,3,2,2,16,18,9,30,35
397,100,100,62,62,0,100,100,45,45,0,100,100,62,62,0,0.022839443139657578,0.022839443139657578,83,83,0,-1,1,1,12,6,3,77,97
398,0,206,1,90,89,0,38,1,35,34,0,16,1,35,34,0.0,0.004901460226692535,1,53,52,3,-1,4,7,0,43,40,72
399,8,624,41,100,59,8,18,35,52,17,8,18,41,53,12,0.0013615167296368155,0.012628067667381462,42,75,33,2,4,3,2,3,97,51,73
400,0,616,1,100,99,0,46,1,36,35,0,46,1,51,50,0.0,0.012151536812008578,1,76,75,2,-1,3,6,1,40,45,12
401,0,616,1,100,99,0,156,1,59,58,0,146,1,85,84,0.0,0.018210286258892407,1,79,78,2,-1,3,16,1,4,69,16
402,0,0,1,1,0,0,0,1,1,0,0,0,1,1,0,0.0,0.0,1,1,0,-1,-1,-1,4,0,78,67,80
403,100,100,69,69,0,100,100,76,76,0,100,100,76,76,0,0.0509207256884169,0.05480104836788182,98,99,1,3,1,1,5,18,80,30,44
404,88,190,57,86,29,218,218,72,72,0,88,90,57,57,0,0.007658531604207087,0.007692569522448007,59,59,0,4,2,2,14,4,16,72,65
405,1,103,26,76,50,3,5,26,28,2,1,4,26,31,5,3.4037918240920386e-05,0.0006807583648184077,28,36,8,4,6,5,3,1,64,78,51
406,100,100,66,66,0,100,100,60,60,0,100,100,68,68,0,0.0530991524558358,0.0530991524558358,98,98,0,-1,1,1,7,22,43,9,92
407,0,616,1,100,99,0,54,1,38,37,0,54,1,55,54,0.0,0.010143299635794275,1,69,68,2,-1,3,8,0,10,80,19
408,68,274,76,100,24,32,32,67,67,0,32,32,68,68,0,0.014534191088873005,0.020014295925661188,78,84,6,3,3,3,2,8,97,20,34
409,8,214,34,91,57,54,58,34,36,2,8,14,34,35,1,0.0002042275094455223,0.001055175465468532,32,37,5,3,4,4,11,2,38,56,71
410,74,690,60,100,40,100,100,66,66,0,68,100,58,74,16,0.006024711528642908,0.024234997787535316,55,85,30,2,2,2,6,6,51,41,9
411,0,101,1,75,74,0,10,1,25,24,0,1,1,25,24,0.0,6.807583648184077e-05,1,28,27,6,-1,7,10,0,12,36,78
412,169,1809,85,100,15,152,176,83,89,6,152,176,86,90,4,0.017291262466387555,0.04738078219136117,78,97,19,1,2,2,8,15,21,19,1
413,0,1640,1,100,99,0,138,1,61,60,0,108,1,76,75,0.0,0.016984921202219273,1,76,75,1,-1,2,14,0,25,79,33
414,0,102,1,75,74,0,8,1,27,26,0,3,1,29,28,0.0,0.00013615167296368154,1,29,28,4,-1,5,5,0,80,84,63
415,0,616,1,100,99,0,100,1,39,38,0,67,1,55,54,0.0,0.012185574730249497,1,72,71,2,-1,3,14,0,8,91,37
416,256,456,97,100,3,72,72,80,80,0,72,72,80,80,0,0.03475271452397971,0.03815650634807175,94,95,1,3,2,2,3,27,66,10,62
417,152,768,85,100,15,120,120,79,79,0,120,120,81,81,0,0.014329963579427483,0.022635215630212056,79,85,6,2,2,2,6,13,44,33,24
418,449,551,98,99,1,224,224,96,96,0,224,224,96,96,0,0.03529732121583444,0.0353994349705572,92,92,0,4,2,2,8,29,15,1,65
419,44,146,55,91,36,48,48,54,54,0,48,48,56,56,0,0.007147962830593281,0.008101024541339052,59,62,3,4,3,3,3,4,87,72,43
420,177,278,88,96,8,120,120,86,86,0,120,120,86,86,0,0.01933353756084278,0.01933353756084278,82,82,0,5,2,2,6,18,65,5,95
421,6,212,29,89,60,18,22,33,34,1,6,12,29,35,6,0.00017018959120460194,0.0006807583648184077,32,37,5,3,4,4,5,1,61,4,56
422,0,206,1,92,91,0,24,1,31,30,0,6,1,28,27,0.0,0.001055175465468532,1,38,37,3,-1,4,6,0,59,36,53
423,80,80,73,73,0,32,32,64,64,0,32,32,64,64,0,0.01232172640321318,0.01232172640321318,72,72,0,-1,3,3,2,14,89,14,76
424,100,100,59,59,0,100,100,40,40,0,100,100,59,59,0,0.01501072194424589,0.01501072194424589,76,76,0,-1,1,1,15,4,7,72,86
425,88,88,67,67,0,158,158,83,83,0,88,88,67,67,0,0.008407365805507334,0.008407365805507334,67,67,0,-1,2,2,9,7,31,62,59
426,118,1758,78,100,22,204,238,85,88,3,118,238,78,90,12,0.007488342013002485,0.02188638142891181,62,85,23,1,2,2,11,5,33,47,31
427,16,632,39,100,61,56,66,45,48,3,16,66,39,58,19,0.0010211375472276116,0.009836958371625992,39,68,29,2,3,3,6,2,44,42,17
428,38,1678,50,100,50,66,100,48,67,19,38,100,50,72,22,0.0030634126416828346,0.033221008203138294,47,92,45,1,3,2,6,3,48,54,23
429,208,208,89,89,0,202,202,87,87,0,208,208,90,90,0,0.012287688484972258,0.012287688484972258,72,72,0,-1,2,2,10,13,11,24,87
430,64,165,69,89,20,38,38,56,56,0,38,38,57,57,0,0.009973110044589673,0.010007147962830594,68,68,0,6,3,3,3,9,60,27,78
431,104,104,75,75,0,80,80,59,59,0,80,80,63,63,0,0.009190237925048503,0.009190237925048503,66,66,0,-1,3,3,5,9,61,31,89
432,47,663,55,100,45,64,64,59,59,0,64,64,63,63,0,0.0053439531638245,0.016440314510364547,55,78,23,2,3,3,4,6,53,35,19
433,38,654,52,100,48,38,38,51,51,0,38,38,54,54,0,0.0028932230504782326,0.02365635317743967,50,88,38,2,3,3,3,6,82,70,10
434,0,1640,1,100,99,0,128,1,71,70,0,128,1,82,81,0.0,0.04346642159365533,1,97,96,1,-1,2,9,0,35,36,2
435,58,264,57,94,37,96,96,56,56,0,58,96,57,67,10,0.002110350930937064,0.009462541270975866,45,68,23,3,2,2,7,4,43,64,20
436,0,0,1,1,0,0,0,1,1,0,0,0,1,1,0,0.0,0.0,1,1,0,-1,-1,-1,7,0,62,96,85
437,100,100,66,66,0,100,100,49,49,0,100,100,66,66,0,0.029374723441914292,0.029374723441914292,89,89,0,-1,1,1,9,6,54,77,80
438,13,219,41,93,52,18,18,35,35,0,13,18,41,45,4,0.0012253650566731338,0.012628067667381462,39,72,33,3,4,4,3,4,58,64,5
439,0,102,1,75,74,0,22,1,28,27,0,4,1,28,27,0.0,0.00088498587426393,1,36,35,4,-1,5,12,0,14,66,51
440,12,628,37,100,63,18,50,33,46,13,12,50,37,53,16,0.0005786446100956465,0.012559991830899623,34,75,41,2,4,3,5,2,88,63,14
441,0,206,1,93,92,0,10,1,31,30,0,10,1,37,36,0.0,0.002825147213996392,1,46,45,3,-1,4,3,1,58,69,73
442,0,102,1,81,80,0,4,1,25,24,0,2,1,25,24,0.0,0.00013615167296368154,1,29,28,4,-1,5,3,0,82,79,65
443,100,100,61,61,0,100,100,43,43,0,100,100,61,61,0,0.023520201504475986,0.023520201504475986,84,84,0,-1,1,1,12,5,2,25,80
444,120,222,87,96,9,48,48,59,59,0,48,48,63,63,0,0.017495489975833077,0.01763164164879676,83,83,0,4,3,3,3,18,75,30,63
445,66,682,63,100,37,48,48,62,62,0,48,48,64,64,0,0.006705469893461316,0.02038871302631131,61,85,24,2,3,3,3,6,64,13,19
446,22,228,50,99,49,22,22,55,55,0,22,22,57,57,0,0.005241839409101739,0.011845195547840293,57,73,16,3,3,3,2,2,97,83,77
447,0,0,1,1,0,0,0,1,1,0,0,0,1,1,0,0.0,0.0,1,1,0,-1,-1,-1,6,0,74,93,96
448,0,102,1,72,71,0,9,1,25,24,0,2,1,25,24,0.0,0.00010211375472276115,1,29,28,4,-1,5,8,0,42,40,65
449,100,100,61,61,0,100,100,43,43,0,100,100,61,61,0,0.03015759556145546,0.03015759556145546,90,90,0,-1,1,1,12,12,2,37,84
450,100,100,70,70,0,100,100,73,73,0,100,100,74,74,0,0.025766704108376733,0.025766704108376733,88,88,0,6,1,1,6,3,71,43,58
451,87,188,71,93,22,78,78,75,75,0,78,78,76,76,0,0.010109261717553355,0.010279451308757957,71,72,1,5,2,2,4,8,73,57,65
452,40,142,48,82,34,122,122,66,66,0,40,42,48,48,0,0.00527587732734266,0.005684332346233704,56,56,0,4,2,2,8,1,42,90,88
453,66,168,67,91,24,38,38,57,57,0,38,38,60,60,0,0.008169100377820893,0.008339289969025495,65,65,0,4,3,3,3,9,85,31,55
454,8,624,37,100,63,20,34,35,42,7,8,34,37,51,14,0.0006807583648184077,0.005922597773920147,37,56,19,2,4,3,4,3,83,51,28
455,40,40,46,46,0,120,120,57,57,0,40,40,46,46,0,0.0019741992579733825,0.0019741992579733825,42,42,0,-1,2,2,14,2,17,42,96
456,0,206,1,96,95,0,8,1,32,31,0,8,1,37,36,0.0,0.0176997174852786,1,81,80,3,-1,4,2,0,99,79,1
457,246,846,92,100,8,200,200,94,94,0,200,200,94,94,0,0.020354675108070392,0.02198849518363457,81,86,5,2,2,2,8,14,10,32,43
458,0,1640,1,100,99,0,62,1,43,42,0,52,1,51,50,0.0,0.018993158378433576,1,82,81,1,-1,2,6,0,71,36,70
459,56,672,53,100,47,120,134,58,62,4,56,90,53,57,4,0.0016678579938050988,0.006705469893461316,41,57,16,2,2,2,14,2,16,63,72
460,0,0,1,1,0,0,0,1,1,0,0,0,1,1,0,0.0,0.0,1,1,0,-1,-1,-1,3,0,75,59,80
461,0,616,1,100,99,0,124,1,57,56,0,100,1,60,59,0.0,0.010994247591817285,1,70,69,2,-1,3,14,1,8,50,19
462,6,6,30,30,0,24,24,32,32,0,6,6,30,30,0,0.00010211375472276115,0.00010211375472276115,30,30,0,-1,4,4,9,1,35,65,89
463,0,206,1,89,88,0,48,1,36,35,0,24,1,48,47,0.0,0.005003573981415297,1,53,52,3,-1,4,8,1,30,69,38
464,0,0,1,1,0,0,0,1,1,0,0,0,1,1,0,0.0,0.0,1,1,0,-1,-1,-1,10,0,0,92,85
465,72,688,68,100,32,38,38,57,57,0,38,38,59,59,0,0.009598692943939549,0.016168011164437182,69,79,10,2,3,3,3,6,55,77,47
466,233,439,99,100,1,56,56,82,82,0,56,56,82,82,0,0.037373634228530586,0.03985840226011777,96,97,1,3,2,2,2,29,89,11,22
467,2,618,28,100,72,6,28,31,42,11,2,28,28,49,21,6.807583648184077e-05,0.0212056230640934,30,88,58,2,5,3,3,1,96,95,0
468,267,267,98,98,0,88,88,82,82,0,88,88,82,82,0,0.03362946322202934,0.03362946322202934,93,93,0,-1,2,2,4,29,72,11,98
469,40,246,51,94,43,134,134,67,67,0,40,49,51,53,2,0.004016474352428605,0.006739507811702236,52,60,8,3,2,2,10,3,36,46,73
470,29,235,55,100,45,22,22,55,55,0,22,22,57,57,0,0.004629156880765172,0.012185574730249497,53,74,21,3,3,3,2,4,97,22,17
471,100,100,60,60,0,100,100,52,52,0,100,100,60,60,0,0.05051227066952585,0.05194186323564451,98,98,0,2,1,1,9,29,29,11,55
472,100,100,69,69,0,100,100,69,69,0,100,100,71,71,0,0.042989890738282445,0.042989890738282445,96,96,0,-1,1,1,6,9,34,39,59
473,0,0,1,1,0,0,0,1,1,0,0,0,1,1,0,0.0,0.0,1,1,0,-1,-1,-1,4,0,77,92,59
474,212,314,96,100,4,38,38,51,51,0,38,38,54,54,0,0.029715102624323496,0.03104258143571939,94,94,0,4,3,3,3,29,94,11,70
475,22,22,45,45,0,38,38,46,46,0,22,22,46,46,0,0.002552843868069029,0.002552843868069029,46,46,0,-1,3,3,3,2,96,61,87
476,218,418,90,98,8,144,144,92,92,0,144,144,92,92,0,0.02382654276864427,0.024609414888185438,85,87,2,3,2,2,6,17,41,6,71
477,129,335,88,100,12,62,62,82,82,0,62,62,82,82,0,0.022465026039007456,0.025392287007726607,87,88,1,3,2,2,3,16,92,18,90
478,52,668,52,100,48,104,114,58,61,3,52,74,52,56,4,0.002552843868069029,0.005105687736138058,46,55,9,2,2,2,10,3,18,43,52
479,0,102,1,78,77,0,10,1,29,28,0,2,1,27,26,0.0,0.0005446066918547262,1,35,34,4,-1,5,6,0,69,87,71
480,100,100,57,57,0,100,100,38,38,0,100,100,57,57,0,0.03427618366860683,0.036454610436025735,93,94,1,2,1,1,16,16,4,12,53
481,60,266,60,95,35,76,76,54,54,0,60,66,60,62,2,0.0053099152455835805,0.006875659484665918,56,61,5,3,3,3,6,6,32,28,53
482,100,100,75,75,0,100,100,89,89,0,100,100,89,89,0,0.07324960005446067,0.07324960005446067,100,100,0,-1,1,1,4,29,73,11,81
483,38,140,51,82,31,56,56,46,46,0,38,42,51,53,2,0.0030293747234419145,0.0032336022328874367,49,49,0,4,3,3,6,6,74,70,56
484,2,208,28,96,68,4,8,30,33,3,2,8,28,39,11,0.0005105687736138058,0.005412029000306341,37,57,20,3,5,4,2,2,93,42,62
485,53,253,55,93,38,60,60,55,55,0,60,60,60,60,0,0.007216038667075122,0.011096361346540046,61,70,9,3,3,3,5,8,70,57,38
486,257,257,95,95,0,54,54,56,56,0,54,54,57,57,0,0.028693965077095884,0.028693965077095884,90,90,0,-1,3,3,4,29,67,1,87
487,18,634,43,100,57,40,50,42,48,6,18,50,43,54,11,0.0006126825283365669,0.008577555396711936,36,65,29,2,3,3,5,2,61,56,77
488,1,103,25,85,60,2,3,25,27,2,1,3,25,33,8,0.0,0.0005786446100956465,1,37,36,4,6,5,2,1,93,78,74
489,266,266,96,96,0,256,256,96,96,0,256,256,96,96,0,0.024166921951053473,0.024166921951053473,85,85,0,-1,2,2,10,16,1,18,86
490,12,12,35,35,0,18,18,35,35,0,12,12,35,35,0,0.0026549576227917903,0.0026549576227917903,48,48,0,-1,4,4,3,2,94,75,84
491,100,100,71,71,0,100,100,80,80,0,100,100,81,81,0,0.05908982606623779,0.0637870587834848,99,99,0,2,1,1,5,29,49,1,31
492,49,49,52,52,0,44,44,44,44,0,49,49,56,56,0,0.0051397256543789785,0.0051397256543789785,52,52,0,-1,3,3,4,4,67,22,96
493,0,616,1,100,99,0,44,1,37,36,0,44,1,49,48,0.0,0.008169100377820893,1,62,61,2,-1,3,7,0,46,84,24
494,0,616,1,100,99,0,22,1,47,46,0,22,1,50,49,0.0,0.027264372510977228,1,92,91,2,-1,3,2,0,95,59,3
495,6,6,29,29,0,21,21,29,29,0,6,6,29,29,0,0.0,0.0,1,1,0,-1,4,4,9,1,28,95,82
496,190,806,94,100,6,56,56,84,84,0,56,56,85,85,0,0.03475271452397971,0.05847714353790122,94,98,4,2,2,2,2,27,98,10,0
497,144,350,85,97,12,220,220,82,82,0,144,152,85,87,2,0.00704584907587052,0.008135062459579971,60,64,4,3,2,2,12,6,6,13,51
498,2,1642,26,100,74,4,62,26,74,48,2,62,26,76,50,6.807583648184077e-05,0.052588583682221995,27,97,70,1,5,2,3,2,82,58,0
499,0,0,1,1,0,0,0,1,1,0,0,0,1,1,0,0.0,0.0,1,1,0,-1,-1,-1,5,0,45,79,93
500,40,656,50,100,50,94,104,62,72,10,40,70,50,56,6,0.003642057251778481,0.009224275843289425,51,66,15,2,2,2,5,1,52,53,62
501,6,212,29,91,62,22,22,30,30,0,6,14,29,35,6,0.0002723033459273631,0.0012253650566731338,32,38,6,3,4,4,8,1,39,55,74
502,25,127,52,88,36,22,22,48,48,0,22,22,51,51,0,0.004288777698355968,0.004901460226692535,53,55,2,4,3,3,2,6,95,73,43
503,10,216,39,94,55,24,24,40,40,0,10,24,39,52,13,0.001157289220191293,0.007658531604207087,39,63,24,3,4,4,4,3,78,43,20
504,8,8,36,36,0,44,44,36,36,0,8,8,36,36,0,0.0004084550188910446,0.0004084550188910446,35,35,0,-1,4,4,8,2,57,63,86
505,240,240,95,95,0,72,72,77,77,0,72,72,77,77,0,0.03223390857415161,0.03223390857415161,92,92,0,-1,2,2,3,22,64,9,59
506,288,288,95,95,0,320,320,92,92,0,320,320,95,95,0,0.021614078082984444,0.021614078082984444,81,81,0,-1,2,2,14,18,16,5,59
507,88,704,78,100,22,32,32,63,63,0,32,32,65,65,0,0.01232172640321318,0.02032063718982947,76,84,8,2,3,3,2,9,98,27,72
508,491,697,99,100,1,288,288,98,98,0,288,288,98,98,0,0.04190067735457299,0.04496408999625583,97,97,0,3,2,2,9,29,54,11,22
509,0,616,1,100,99,0,60,1,38,37,0,60,1,57,56,0.0,0.009973110044589673,1,69,68,2,-1,3,9,0,23,92,33
510,29,235,48,92,44,40,40,44,44,0,29,40,48,50,2,0.004220701861874128,0.008169100377820893,51,63,12,3,3,3,5,4,88,22,47
511,260,876,95,100,5,88,88,76,76,0,88,88,79,79,0,0.03240409816535621,0.039449947241226725,91,94,3,2,2,2,4,27,47,10,31
512,75,177,73,94,21,22,22,52,52,0,22,22,54,54,0,0.010994247591817285,0.01412573606998196,68,75,7,4,3,3,2,14,86,32,73
513,0,101,1,81,80,0,3,1,24,23,0,1,1,24,23,0.0,3.4037918240920386e-05,1,26,25,5,-1,6,3,0,82,97,58
514,128,744,79,100,21,146,156,80,83,3,128,156,80,87,7,0.008101024541339052,0.02474556656114912,63,87,24,2,2,2,8,5,10,47,16
515,100,100,63,63,0,100,100,56,56,0,100,100,63,63,0,0.03281255318424725,0.03315293236665646,91,91,0,3,1,1,7,8,24,8,42
516,111,212,85,95,10,22,22,48,48,0,22,22,51,51,0,0.015351101126655093,0.015351101126655093,77,77,0,6,3,3,2,18,95,5,78
517,212,812,93,100,7,88,88,76,76,0,88,88,79,79,0,0.023213860240307704,0.02835358589468668,88,89,1,2,2,2,4,19,47,15,21
518,32,238,43,90,47,96,96,38,38,0,32,38,43,45,2,0.0013955546478777359,0.0017359338302869397,39,39,0,3,3,3,14,2,17,74,60
519,0,616,1,100,99,0,50,1,36,35,0,22,1,42,41,0.0,0.003812246842983083,1,50,49,2,-1,3,8,1,30,45,29
520,56,672,62,100,38,54,54,55,55,0,54,54,60,60,0,0.005616256509751864,0.027945130875795636,57,88,31,2,3,3,4,6,84,28,11
521,115,731,72,100,28,164,184,69,73,4,115,184,72,86,14,0.007216038667075122,0.024439225296980838,57,86,29,2,2,2,11,6,5,35,16
522,297,399,99,100,1,72,72,84,84,0,72,72,84,84,0,0.044623710813846626,0.04578100003403792,96,96,0,4,2,2,3,40,85,3,83
523,6,212,28,91,63,26,26,33,33,0,6,12,28,33,5,0.0006467204465774873,0.00176997174852786,35,42,7,3,4,4,5,1,50,49,53
524,28,28,45,45,0,74,74,42,42,0,28,28,45,45,0,0.001940161339732462,0.001940161339732462,44,44,0,-1,3,3,9,3,28,43,76
525,38,244,53,94,41,88,88,52,52,0,38,44,53,54,1,0.0028932230504782326,0.005514142755029102,50,55,5,3,3,3,8,6,21,70,90
526,100,100,64,64,0,100,100,57,57,0,100,100,65,65,0,0.07008407365805508,0.07008407365805508,100,100,0,-1,1,1,8,40,10,3,86
527,414,1014,96,100,4,320,320,97,97,0,320,320,97,97,0,0.0337315769767521,0.038360733857517273,93,95,2,2,2,2,11,22,5,9,48
528,0,0,1,1,0,0,0,1,1,0,0,0,1,1,0,0.0,0.0,1,1,0,-1,-1,-1,3,0,87,84,85
529,0,616,1,100,99,0,66,1,48,47,0,66,1,56,55,0.0,0.01501072194424589,1,75,74,2,-1,3,6,0,41,85,12
530,6,6,30,30,0,20,20,33,33,0,6,6,30,30,0,0.0002042275094455223,0.0002042275094455223,32,32,0,-1,4,4,6,1,74,88,85
531,64,680,56,100,44,120,130,62,64,2,64,80,56,57,1,0.006501242384015794,0.009496579189216788,60,67,7,2,3,3,10,4,36,38,94
532,0,206,1,92,91,0,36,1,31,30,0,8,1,33,32,0.0,0.0010892133837094523,1,38,37,3,-1,4,12,0,6,80,83
533,0,1640,1,100,99,0,88,1,47,46,0,88,1,61,60,0.0,0.021239660982334322,1,83,82,1,-1,2,8,0,15,59,8
534,34,34,58,58,0,22,22,52,52,0,22,22,55,55,0,0.006637394056979475,0.006637394056979475,61,61,0,-1,3,3,2,4,98,38,66
535,24,230,52,93,41,28,28,44,44,0,24,28,52,53,1,0.0020422750944552232,0.018925082541951733,47,83,36,3,3,3,3,4,76,64,16
536,88,294,73,98,25,48,48,64,64,0,48,48,66,66,0,0.011845195547840293,0.019027196296674494,71,83,12,3,3,3,3,9,85,27,34
537,32,134,44,77,33,86,86,44,44,0,32,34,44,45,1,0.0017018959120460194,0.0017018959120460194,42,42,0,4,3,3,10,3,0,51,95
538,0,102,1,73,72,0,17,1,26,25,0,2,1,25,24,0.0,6.807583648184077e-05,1,27,26,4,-1,5,12,0,2,99,4
539,0,0,1,1,0,0,0,1,1,0,0,0,1,1,0,0.0,0.0,1,1,0,-1,-1,-1,9,0,31,89,67
540,34,240,45,93,48,76,76,55,55,0,34,76,45,59,14,0.003880322679464924,0.006603356138738555,49,56,7,3,3,3,6,3,71,54,22
541,0,101,1,82,81,0,2,1,25,24,0,1,1,25,24,0.0,0.0,1,1,0,6,-1,7,2,0,90,82,68
542,180,180,93,93,0,80,80,94,94,0,80,80,94,94,0,0.028421661731168522,0.028421661731168522,91,91,0,-1,2,2,2,16,91,12,85
543,307,1947,99,100,1,64,88,70,79,9,64,88,70,79,9,0.042070866945777594,0.06674835767044487,96,100,4,1,3,2,4,40,84,3,70
544,56,672,56,100,44,68,78,72,77,5,56,78,66,77,11,0.007454304094761564,0.03710133088260322,62,95,33,2,2,2,4,2,67,83,2
545,0,0,1,1,0,0,0,1,1,0,0,0,1,1,0,0.0,0.0,1,1,0,-1,-1,-1,11,0,19,76,85
546,32,32,46,46,0,78,78,44,44,0,32,32,46,46,0,0.00353994349705572,0.00353994349705572,52,52,0,-1,3,3,8,2,10,75,99
547,85,1685,60,100,40,134,134,66,66,0,85,134,60,83,23,0.006875659484665918,0.019912182170938427,61,82,21,1,2,2,10,6,22,35,24
548,372,988,96,100,4,168,168,95,95,0,168,168,95,95,0,0.03744171006501242,0.04305796657476429,93,95,2,2,2,2,6,27,41,10,21
549,86,86,69,69,0,64,64,68,68,0,64,64,69,69,0,0.008611593314952858,0.008611593314952858,65,65,0,-1,3,3,4,6,73,13,81
550,506,506,98,98,0,440,440,100,100,0,440,440,100,100,0,0.037679975492698865,0.037679975492698865,96,96,0,-1,2,2,14,22,16,9,85
551,100,100,78,78,0,100,100,88,88,0,100,100,88,88,0,0.07158174206065557,0.07158174206065557,99,99,0,-1,1,1,4,29,78,1,96
552,22,228,43,92,49,58,58,39,39,0,22,46,43,51,8,0.0012934408931549745,0.00616086320160659,40,58,18,3,3,3,8,2,30,74,38
553,105,705,84,100,16,32,32,63,63,0,32,32,64,64,0,0.017427414139351238,0.03635249668130297,80,96,16,2,3,3,2,18,86,5,0
554,76,76,62,62,0,90,90,65,65,0,76,76,61,61,0,0.009088124170325743,0.009088124170325743,66,66,0,-1,2,2,6,6,74,34,45
555,0,0,1,1,0,0,0,1,1,0,0,0,1,1,0,0.0,0.0,1,1,0,-1,-1,-1,11,0,5,80,86
556,0,206,1,92,91,0,32,1,34,33,0,20,1,44,43,0.0,0.0042547397801150485,1,50,49,3,-1,4,6,0,59,87,38
557,104,1744,72,100,28,160,184,86,93,7,104,184,73,94,21,0.011300588855985567,0.029681064706082574,71,90,19,1,2,2,7,5,24,25,38
558,100,100,64,64,0,100,100,59,59,0,100,100,64,64,0,0.02641342455495422,0.028966268423023248,88,89,1,2,1,1,6,3,40,51,43
559,0,616,1,100,99,0,44,1,43,42,0,44,1,49,48,0.0,0.02021852343510671,1,85,84,2,-1,3,4,0,67,99,9
560,54,54,62,62,0,48,48,72,72,0,48,48,74,74,0,0.007726607440688927,0.007726607440688927,65,65,0,-1,3,3,3,4,60,72,97
561,0,206,1,88,87,0,32,1,33,32,0,8,1,35,34,0.0,0.0008509479560230097,1,37,36,3,-1,4,8,0,10,67,61
562,136,1776,84,100,16,248,272,90,95,5,136,272,84,95,11,0.011675005956635693,0.04200279110929576,71,96,25,1,2,2,11,7,38,62,0
563,166,166,86,86,0,194,194,83,83,0,166,166,86,86,0,0.013853432724054596,0.013853432724054596,73,73,0,-1,2,2,11,8,33,8,45
564,40,40,50,50,0,144,144,72,72,0,40,40,50,50,0,0.004663194799006093,0.004663194799006093,54,54,0,-1,2,2,10,3,22,46,40
565,100,1740,63,100,37,144,178,70,84,14,100,178,63,90,27,0.010109261717553355,0.03284659110248817,69,90,21,1,2,2,10,6,36,35,6
566,0,206,1,89,88,0,32,1,34,33,0,18,1,43,42,0.0,0.0035059055788147996,1,50,49,3,-1,4,8,0,57,66,26
567,122,738,80,100,20,66,86,51,62,11,66,86,62,67,5,0.0123557643214541,0.030634126416828347,74,90,16,2,3,3,6,14,34,14,23
568,0,616,1,100,99,0,28,1,44,43,0,28,1,49,48,0.0,0.014602266925354846,1,78,77,2,-1,3,3,1,58,69,30
569,2,208,29,97,68,4,12,30,38,8,2,12,29,43,14,0.0002723033459273631,0.009122162088566664,34,68,34,3,5,4,2,1,97,88,20
570,6,108,34,87,53,12,12,39,39,0,6,8,34,40,6,0.0010892133837094523,0.002484768031587188,40,47,7,4,4,4,2,1,97,71,46
571,271,373,97,97,0,256,256,97,97,0,256,256,97,97,0,0.026073045372545015,0.02634534871847238,88,88,0,4,2,2,10,15,36,16,65
572,187,289,88,96,8,128,128,93,93,0,128,128,93,93,0,0.020626978453997753,0.021341774737057083,82,82,0,4,2,2,5,15,70,19,74
573,15,117,43,82,39,18,18,35,35,0,18,18,48,48,0,0.0035059055788147996,0.005377991082065421,53,55,2,4,4,4,3,6,87,73,75
574,164,265,91,97,6,56,56,76,76,0,56,56,77,77,0,0.021546002246502605,0.021614078082984444,88,88,0,5,2,2,2,18,68,5,60
575,22,638,38,100,62,66,86,36,43,7,22,79,38,54,16,0.002144388849177984,0.009156200006807584,45,67,22,2,3,3,10,2,0,75,44
576,67,67,58,58,0,88,88,49,49,0,67,67,58,58,0,0.005377991082065421,0.005377991082065421,57,57,0,-1,3,3,8,6,30,35,92
577,0,206,1,92,91,0,10,1,28,27,0,10,1,34,33,0.0,0.0027911092957554717,1,49,48,3,-1,4,3,0,82,36,73
578,0,616,1,100,99,0,40,1,35,34,0,31,1,47,46,0.0,0.004152626025392287,1,52,51,2,-1,3,7,0,43,82,28
579,100,100,61,61,0,100,100,43,43,0,100,100,61,61,0,0.024575376969944517,0.02641342455495422,86,88,2,3,1,1,12,9,2,27,52
580,212,418,93,99,6,88,88,76,76,0,88,88,79,79,0,0.023213860240307704,0.025222097416522007,88,88,0,3,2,2,4,19,47,15,46
581,84,84,66,66,0,90,90,71,71,0,84,84,71,71,0,0.007386228258279724,0.007386228258279724,60,60,0,-1,2,2,6,5,69,47,93
582,40,1680,51,100,49,92,166,51,84,33,40,166,51,88,37,0.0053099152455835805,0.038905340549372,56,95,39,1,2,2,8,1,30,90,1
583,0,0,1,1,0,0,0,1,1,0,0,0,1,1,0,0.0,0.0,1,1,0,-1,-1,-1,12,0,2,85,82
584,8,214,36,93,57,14,14,35,35,0,8,14,36,42,6,0.0004765308553728854,0.004765308553728854,35,51,16,3,4,4,3,2,92,63,38
585,296,896,96,100,4,88,88,81,81,0,88,88,81,81,0,0.0337315769767521,0.045644848361074235,92,96,4,2,2,2,4,30,73,7,25
586,244,450,94,98,4,144,144,92,92,0,144,144,92,92,0,0.026753803737363423,0.02917049593246877,89,89,0,3,2,2,6,15,48,16,73
587,358,958,95,100,5,176,176,87,87,0,176,176,89,89,0,0.0348888661969434,0.04053916062493618,89,96,7,2,2,2,8,30,57,7,38
588,90,706,74,100,26,62,72,80,86,6,62,72,80,86,6,0.010755982164130842,0.02294155689438034,70,87,17,2,2,2,3,7,55,21,44
589,16,632,40,100,60,36,50,41,46,5,16,32,40,48,8,0.0009530617107457708,0.004595118962524252,39,51,12,2,3,3,5,1,88,49,46
590,266,266,93,93,0,272,272,96,96,0,272,272,96,96,0,0.02651553830967698,0.02651553830967698,88,88,0,-1,2,2,11,16,38,18,45
591,28,234,45,92,47,74,74,42,42,0,28,34,45,48,3,0.0019061234214915416,0.002484768031587188,43,48,5,3,3,3,9,3,28,54,71
592,62,62,59,59,0,78,78,68,68,0,60,60,61,61,0,0.007250076585316042,0.007250076585316042,59,59,0,-1,2,2,4,6,83,41,99
593,92,708,68,100,32,60,60,49,49,0,60,60,57,57,0,0.008066986623098132,0.014534191088873005,64,77,13,2,3,3,5,7,50,48,62
594,64,680,57,100,43,86,96,56,65,9,64,96,57,71,14,0.006705469893461316,0.010143299635794275,62,69,7,2,3,3,6,4,59,72,64
595,6,6,28,28,0,14,14,30,30,0,6,6,28,28,0,0.00013615167296368154,0.00013615167296368154,30,30,0,-1,4,4,5,1,50,60,81
596,12,1652,37,100,63,12,56,32,79,47,12,56,37,80,43,0.0009870996289866913,0.06708873685285408,38,98,60,1,4,2,2,2,91,74,7
597,0,616,1,100,99,0,24,1,43,42,0,24,1,47,46,0.0,0.01327478811395895,1,74,73,2,-1,3,3,0,92,91,19
598,0,206,1,93,92,0,13,1,32,31,0,8,1,36,35,0.0,0.001497668402600497,1,40,39,3,-1,4,5,0,49,85,75
599,0,0,1,1,0,0,0,1,1,0,0,0,1,1,0,0.0,0.0,1,1,0,-1,-1,-1,14,0,16,96,92
600,12,1652,40,100,60,18,62,36,76,40,12,62,40,78,38,0.0020422750944552232,0.05395010041185881,46,97,51,1,4,2,3,2,66,83,0
601,28,644,45,100,55,88,102,41,57,16,28,60,45,51,6,0.001940161339732462,0.007454304094761564,43,62,19,2,3,3,12,3,3,43,25
602,116,322,79,98,19,110,110,82,82,0,110,110,83,83,0,0.013717281051090916,0.014840532353041287,73,75,2,3,2,2,6,8,56,20,53
603,16,632,33,100,67,34,34,33,33,0,16,32,33,45,12,0.0005446066918547262,0.0033357159876101976,34,48,14,2,3,3,6,1,40,4,55
604,44,660,56,100,44,38,38,53,53,0,38,38,55,55,0,0.006569318220497634,0.009973110044589673,60,70,10,2,3,3,3,4,64,38,52
605,294,500,96,100,4,192,192,91,91,0,192,192,91,91,0,0.03012355764321454,0.03369753905851118,92,93,1,3,2,2,9,22,26,9,38
606,63,164,62,91,29,38,38,46,46,0,38,38,51,51,0,0.006841621566424997,0.006841621566424997,58,58,0,5,3,3,3,8,96,57,65
607,76,692,57,100,43,76,86,55,64,9,76,86,60,67,7,0.010415602981721638,0.023350011913271386,66,85,19,2,3,3,6,6,71,77,5
608,230,332,94,96,2,190,190,93,93,0,190,190,94,94,0,0.02100139555464788,0.021069471391129718,84,84,0,4,2,2,8,18,39,30,55
609,1,207,25,93,68,6,20,25,31,6,1,20,25,43,18,0.0,0.005241839409101739,1,51,50,3,6,4,6,2,69,58,24
610,0,206,1,88,87,0,44,1,33,32,0,6,1,27,26,0.0,0.0026889955410327104,1,47,46,3,-1,4,14,0,17,36,90
611,178,280,88,95,7,144,144,91,91,0,144,144,92,92,0,0.02556247659893121,0.02559651451717213,86,86,0,4,2,2,6,12,51,37,95
612,0,0,1,1,0,0,0,1,1,0,0,0,1,1,0,0.0,0.0,1,1,0,-1,-1,-1,8,0,21,87,59
613,242,842,95,100,5,216,216,96,96,0,216,216,97,97,0,0.02634534871847238,0.04013070560604513,88,96,8,2,2,2,9,17,35,6,16
614,57,673,69,100,31,48,48,68,68,0,48,48,69,69,0,0.009394465434494027,0.02038871302631131,72,85,13,2,3,3,3,8,81,44,19
615,100,100,64,64,0,100,100,45,45,0,100,100,64,64,0,0.05163552197147622,0.051669559889717144,98,98,0,4,1,1,10,30,18,7,95
616,146,762,81,100,19,134,134,90,90,0,134,134,90,90,0,0.01412573606998196,0.034310221586847746,75,96,21,2,2,2,6,9,56,27,7
617,94,94,80,80,0,32,32,63,63,0,32,32,65,65,0,0.01232172640321318,0.01232172640321318,76,76,0,-1,3,3,2,14,98,14,67
618,0,206,1,92,91,0,18,1,35,34,0,18,1,44,43,0.0,0.005446066918547262,1,58,57,3,-1,4,3,0,82,85,31
619,64,680,70,100,30,32,32,63,63,0,32,32,64,64,0,0.011130399264780965,0.027094182919772627,69,90,21,2,3,3,2,9,86,27,16
620,10,10,39,39,0,8,8,32,32,0,8,8,38,38,0,0.0020422750944552232,0.0020422750944552232,44,44,0,-1,4,4,2,3,95,54,67
621,2,618,27,100,73,10,50,29,44,15,2,50,27,57,30,0.00030634126416828345,0.011096361346540046,33,70,37,2,5,3,5,1,63,55,20
622,0,616,1,100,99,0,68,1,40,39,0,52,1,50,49,0.0,0.005377991082065421,1,55,54,2,-1,3,8,1,42,69,13
623,0,616,1,100,99,0,52,1,47,46,0,52,1,54,53,0.0,0.012900371013308825,1,73,72,2,-1,3,6,0,65,76,37
624,0,206,1,93,92,0,14,1,33,32,0,14,1,40,39,0.0,0.006126825283365669,1,55,54,3,-1,4,3,0,60,59,27
625,118,324,77,97,20,280,280,81,81,0,118,128,77,78,1,0.00616086320160659,0.007318152421797883,56,57,1,3,2,2,17,6,20,28,43
626,84,700,60,100,40,212,212,78,78,0,84,101,60,78,18,0.010313489226998877,0.012117498893767658,69,73,4,2,2,2,13,5,13,25,61
627,0,616,1,100,99,0,34,1,43,42,0,34,1,54,53,0.0,0.009088124170325743,1,67,66,2,-1,3,4,0,72,91,77
628,0,206,1,87,86,0,51,1,33,32,0,14,1,33,32,0.0,0.002484768031587188,1,47,46,3,-1,4,16,0,9,91,73
629,87,87,68,68,0,86,86,62,62,0,86,86,68,68,0,0.00878178290615746,0.00878178290615746,67,67,0,-1,3,3,6,8,32,44,98
630,438,1038,99,100,1,168,168,99,99,0,168,168,99,99,0,0.048674223084516154,0.054018176248340655,98,99,1,2,2,2,6,40,71,3,34
631,118,324,88,100,12,32,32,67,67,0,32,32,68,68,0,0.02117158514585248,0.0247115286429082,85,86,1,3,3,3,2,19,97,15,90
632,167,1767,89,100,11,112,112,92,92,0,112,112,92,92,0,0.020797168045202357,0.05483508628612274,85,97,12,1,2,2,4,15,83,19,5
633,100,100,64,64,0,100,100,49,49,0,100,100,64,64,0,0.03516116954287076,0.03791824092038531,89,91,2,3,1,1,8,13,42,33,35
634,129,335,82,97,15,104,104,80,80,0,104,104,81,81,0,0.01865277919602437,0.020014295925661188,80,83,3,3,2,2,5,12,63,37,61
635,0,616,1,100,99,0,28,1,39,38,0,28,1,48,47,0.0,0.011504816365431091,1,75,74,2,-1,3,3,0,82,99,33
636,54,260,63,97,34,32,32,70,70,0,32,32,70,70,0,0.0088498587426393,0.012151536812008578,66,73,7,3,3,3,2,7,95,48,29
637,100,100,61,61,0,100,100,43,43,0,100,100,61,61,0,0.03536539705231628,0.046019265461724364,95,98,3,1,1,1,12,19,2,15,29
638,0,206,1,90,89,0,42,1,35,34,0,42,1,50,49,0.0,0.007760645358929848,1,62,61,3,-1,4,7,1,43,69,14
639,8,214,37,93,56,18,18,38,38,0,8,18,37,46,9,0.001497668402600497,0.006569318220497634,42,60,18,3,4,4,3,2,85,61,21
640,314,314,94,94,0,230,230,95,95,0,230,230,95,95,0,0.025358249089485686,0.025358249089485686,86,86,0,-1,2,2,9,19,31,15,91
641,0,616,1,100,99,0,32,1,34,33,0,20,1,40,39,0.0,0.0035059055788147996,1,48,47,2,-1,3,5,0,50,81,70
642,87,87,61,61,0,118,118,66,66,0,87,87,61,61,0,0.00803294870485721,0.00803294870485721,62,62,0,-1,3,3,8,8,15,44,81
643,100,100,79,79,0,100,100,98,98,0,100,100,98,98,0,0.09074509003029375,0.09704210490486402,99,99,0,3,1,1,2,15,68,19,8
644,68,684,55,100,45,212,212,78,78,0,68,144,55,85,30,0.007828721195411689,0.01501072194424589,63,75,12,2,2,2,13,4,13,72,21
645,0,0,1,1,0,0,0,1,1,0,0,0,1,1,0,0.0,0.0,1,1,0,-1,-1,-1,10,0,0,85,84
646,6,212,34,96,62,12,12,39,39,0,6,12,34,44,10,0.00088498587426393,0.014227849824704722,40,76,36,3,4,4,2,1,93,71,12
647,180,796,87,100,13,172,172,88,88,0,172,172,90,90,0,0.016406276592123625,0.03158718812757412,78,91,13,2,2,2,9,13,35,33,23
648,206,806,91,100,9,140,140,67,67,0,140,140,84,84,0,0.015657442390823378,0.02032063718982947,78,83,5,2,3,3,10,16,1,12,24
649,6,212,32,92,60,10,14,32,34,2,6,14,32,42,10,0.0002042275094455223,0.007488342013002485,34,64,30,3,4,4,3,1,76,88,20
650,19,121,49,83,34,18,18,38,38,0,18,18,47,47,0,0.00439089145307873,0.0045270431260424114,56,56,0,4,4,4,3,4,81,22,88
651,53,259,61,97,36,38,38,56,56,0,38,38,57,57,0,0.006943735321147759,0.007420266176520644,60,62,2,3,3,3,3,8,60,57,88
652,0,206,1,89,88,0,14,1,31,30,0,8,1,35,34,0.0,0.0011232513019503727,1,39,38,3,-1,4,5,1,61,69,52
653,0,616,1,100,99,0,78,1,35,34,0,34,1,45,44,0.0,0.0057524081827155455,1,55,54,2,-1,3,14,1,17,50,62
654,0,616,1,100,99,0,78,1,46,45,0,78,1,60,59,0.0,0.01324075019571803,1,77,76,2,-1,3,8,0,30,93,37
655,0,616,1,100,99,0,22,1,46,45,0,22,1,51,50,0.0,0.016916845365737433,1,80,79,2,-1,3,2,0,89,98,9
656,0,101,1,74,73,0,10,1,25,24,0,1,1,25,24,0.0,3.4037918240920386e-05,1,26,25,5,-1,6,10,0,18,91,78
657,149,765,84,100,16,84,84,69,69,0,84,84,71,71,0,0.010483678818203479,0.012968446849790666,70,74,4,2,2,2,5,13,37,24,52
658,16,16,44,44,0,34,34,45,45,0,16,16,44,44,0,0.004152626025392287,0.004152626025392287,52,52,0,-1,3,3,4,1,84,90,66
659,126,742,82,100,18,94,94,68,68,0,94,94,71,71,0,0.017223186629905716,0.024371149460498995,80,88,8,2,2,2,5,12,50,37,27
660,81,697,58,100,42,126,146,61,66,5,81,146,58,84,26,0.006705469893461316,0.015214949453691413,58,77,19,2,2,2,12,6,3,35,33
661,236,436,94,100,6,120,120,86,86,0,120,120,86,86,0,0.027536675856904592,0.034854828278702475,89,93,4,3,2,2,6,22,65,9,14
662,214,214,89,89,0,300,300,89,89,0,214,214,89,89,0,0.014806494434800367,0.014806494434800367,77,77,0,-1,2,2,14,9,16,27,50
663,6,212,33,95,62,12,12,37,37,0,6,12,33,40,7,0.0027911092957554717,0.028149358385241158,48,89,41,3,4,4,2,3,89,46,2
664,136,238,83,92,9,104,104,82,82,0,104,104,83,83,0,0.01589570781850982,0.01596378365499166,79,79,0,4,2,2,5,8,50,20,4
665,68,68,65,65,0,54,54,60,60,0,54,54,62,62,0,0.008203138296061813,0.008203138296061813,65,65,0,-1,3,3,4,7,78,48,67
666,0,102,1,82,81,0,5,1,29,28,0,2,1,28,27,0.0,0.0017018959120460194,1,44,43,4,-1,5,3,0,60,82,90
667,6,108,30,76,46,18,18,33,33,0,6,8,30,36,6,0.0002382654276864427,0.0011913271384322134,31,38,7,4,4,4,5,1,80,4,71
668,100,100,73,73,0,100,100,96,96,0,100,100,96,96,0,0.08243983797950917,0.08693284318731066,100,100,0,3,1,1,3,29,64,11,31
669,6,212,30,92,62,28,40,34,35,1,6,12,30,36,6,0.0002723033459273631,0.0020082371762143027,33,44,11,3,4,4,8,1,21,88,53
670,0,206,1,85,84,0,24,1,28,27,0,7,1,32,31,0.0,0.0002723033459273631,1,30,29,3,-1,4,12,0,2,40,56
671,12,218,41,94,53,20,20,37,37,0,12,20,41,45,4,0.002382654276864427,0.004356853534837809,48,52,4,3,4,4,4,2,72,75,41
672,0,102,1,79,78,0,6,1,28,27,0,3,1,31,30,0.0,0.0005786446100956465,1,35,34,4,-1,5,3,1,58,69,74
673,88,294,73,96,23,60,60,52,52,0,60,60,62,62,0,0.011334626774226489,0.012015385139044895,75,75,0,3,3,3,5,8,45,8,63
674,135,135,88,88,0,38,38,46,46,0,38,38,51,51,0,0.019095272133156337,0.019095272133156337,83,83,0,-1,3,3,3,16,96,18,69
675,0,0,1,1,0,0,0,1,1,0,0,0,1,1,0,0.0,0.0,1,1,0,-1,-1,-1,6,0,41,87,92
676,2,103,28,82,54,6,6,28,28,0,2,3,28,32,4,0.00013615167296368154,0.0002042275094455223,31,32,1,5,5,5,4,1,78,55,60
677,38,654,46,100,54,100,110,45,57,12,38,74,46,54,8,0.0012594029749140542,0.005207801490860819,39,52,13,2,3,3,10,4,0,64,41
678,134,236,82,91,9,272,272,87,87,0,134,136,82,83,1,0.011640968038394772,0.011777119711358454,71,71,0,4,2,2,14,6,8,77,55
679,100,100,63,63,0,100,100,39,39,0,100,100,63,63,0,0.019095272133156337,0.021784267674189048,80,84,4,3,1,1,14,8,17,57,41
680,58,264,62,97,35,72,72,79,79,0,72,72,80,80,0,0.009734844616903231,0.01405766023350012,73,79,6,3,2,2,3,4,75,38,28
681,63,164,58,82,24,114,114,61,61,0,63,64,58,58,0,0.006297014874570271,0.006297014874570271,57,57,0,5,3,3,9,8,54,57,68
682,54,670,55,100,45,64,64,60,60,0,54,64,55,62,7,0.007590455767725246,0.024098846114571634,61,87,26,2,3,3,4,4,83,72,15
683,116,116,76,76,0,120,120,78,78,0,120,120,78,78,0,0.014432077334150244,0.014432077334150244,75,75,0,-1,2,2,6,8,41,20,36
684,231,437,94,100,6,72,72,86,86,0,72,72,86,86,0,0.03761189965621702,0.040300895197249734,92,92,0,3,2,2,3,29,92,0,29
685,70,686,60,100,40,86,86,56,56,0,70,86,59,65,6,0.005820484019197386,0.016133973246196264,56,82,26,2,3,3,6,6,59,26,39
686,206,308,93,97,4,120,120,90,90,0,120,120,90,90,0,0.028217434221723,0.028523775485891283,88,88,0,4,2,2,6,22,69,9,56
687,100,100,81,81,0,100,100,96,96,0,100,100,96,96,0,0.06872255692841826,0.07301133462677423,100,100,0,3,1,1,3,18,92,30,31
688,67,168,64,89,25,60,60,49,49,0,60,60,59,59,0,0.007352190340038803,0.007488342013002485,61,61,0,5,3,3,5,8,88,44,55
689,100,100,61,61,0,100,100,43,43,0,100,100,61,61,0,0.020797168045202357,0.037543823819735186,79,97,18,1,1,1,12,7,2,62,77
690,166,782,83,100,17,276,286,85,87,2,166,236,83,92,9,0.006977773239388679,0.0141938119064638,59,73,14,2,2,2,15,6,7,28,31
691,0,0,1,1,0,0,0,1,1,0,0,0,1,1,0,0.0,0.0,1,1,0,-1,-1,-1,6,0,34,40,79
692,2,618,26,100,74,17,98,26,36,10,2,50,26,52,26,0.0,0.00796487286837537,1,58,57,2,5,3,16,1,9,78,17
693,22,228,43,92,49,78,78,49,49,0,22,47,43,55,12,0.0016678579938050988,0.005037611899656217,44,54,10,3,3,3,8,2,21,61,28
694,67,67,63,63,0,32,32,58,58,0,32,32,59,59,0,0.00980292045338507,0.00980292045338507,67,67,0,-1,3,3,2,8,68,44,99
695,16,222,42,94,52,24,28,43,44,1,16,28,42,49,7,0.0009190237925048504,0.004288777698355968,38,52,14,3,3,3,3,1,58,49,13
696,224,224,91,91,0,246,246,95,95,0,246,246,95,95,0,0.017801831240001363,0.017801831240001363,78,78,0,-1,2,2,10,13,12,33,59
697,100,100,67,67,0,100,100,54,54,0,100,100,67,67,0,0.037679975492698865,0.03805439259334899,95,95,0,3,1,1,9,19,35,15,42
698,76,692,61,100,39,96,96,60,60,0,76,96,61,68,7,0.01065386840940808,0.03458252493277511,69,92,23,2,3,3,6,6,44,77,0
699,92,708,79,100,21,46,46,83,83,0,46,46,83,83,0,0.015317063208414174,0.023179822322066782,77,89,12,2,2,2,2,8,99,17,48
700,6,622,33,100,67,13,36,33,40,7,6,36,33,52,19,0.00013615167296368154,0.006977773239388679,31,62,31,2,4,3,5,1,49,4,44
701,0,102,1,76,75,0,18,1,29,28,0,2,1,26,25,0.0,0.0014295925661186562,1,40,39,4,-1,5,9,0,54,98,46
702,0,206,1,90,89,0,10,1,31,30,0,6,1,31,30,0.0,0.0002382654276864427,1,31,30,3,-1,4,4,0,79,81,4
703,16,632,35,100,65,38,58,34,37,3,16,68,35,58,23,0.0004765308553728854,0.008203138296061813,34,63,29,2,3,3,8,1,15,88,20
704,97,97,80,80,0,62,62,82,82,0,62,62,82,82,0,0.015827631982027978,0.015827631982027978,79,79,0,-1,2,2,3,8,92,44,98
705,56,672,55,100,45,104,148,62,75,13,56,148,55,87,32,0.005071649817897137,0.03240409816535621,53,92,39,2,2,2,9,2,29,75,3
706,70,270,60,96,36,110,110,76,76,0,70,110,59,80,21,0.011334626774226489,0.02110350930937064,71,85,14,3,2,2,6,5,59,25,12
707,0,616,1,100,99,0,34,1,43,42,0,34,1,54,53,0.0,0.024439225296980838,1,87,86,2,-1,3,4,0,72,40,11
708,2,2,27,27,0,5,5,27,27,0,2,2,27,27,0,6.807583648184077e-05,6.807583648184077e-05,28,28,0,-1,5,5,3,1,94,95,97
709,77,179,57,83,26,88,88,49,49,0,77,79,57,57,0,0.006671431975220395,0.0068075836481840775,59,60,1,4,3,3,8,8,27,57,95
710,16,222,44,92,48,44,44,50,50,0,16,44,44,56,12,0.0018720855032506212,0.004595118962524252,44,54,10,3,3,3,4,1,84,53,41
711,16,632,38,100,62,60,80,39,43,4,16,49,38,49,11,0.0010892133837094523,0.0048674223084516155,39,53,14,2,3,3,9,1,54,71,41
712,18,634,39,100,61,56,94,38,48,10,18,94,39,68,29,0.0005105687736138058,0.019367575479083698,33,82,49,2,3,3,9,2,31,56,9
713,40,656,55,100,45,52,62,74,76,2,40,62,61,77,16,0.006671431975220395,0.02467749072466728,60,89,29,2,2,2,3,2,58,94,12
714,146,146,81,81,0,134,134,90,90,0,134,134,90,90,0,0.01412573606998196,0.01412573606998196,75,75,0,-1,2,2,6,9,56,27,84
715,277,477,98,100,2,112,112,94,94,0,112,112,94,94,0,0.03638653459954389,0.03989244017835869,94,94,0,3,2,2,4,29,78,0,38
716,0,1640,1,100,99,0,118,1,70,69,0,118,1,79,78,0.0,0.044419483304401104,1,96,95,1,-1,2,8,0,10,36,2
717,56,672,56,100,44,76,76,52,52,0,56,76,57,61,4,0.005990673610401988,0.012049423057285817,57,72,15,2,3,3,6,6,65,35,62
718,0,0,1,1,0,0,0,1,1,0,0,0,1,1,0,0.0,0.0,1,1,0,-1,-1,-1,12,1,14,45,89
719,0,206,1,92,91,0,15,1,29,28,0,6,1,29,28,0.0,0.0008169100377820892,1,36,35,3,-1,4,6,0,65,82,71
720,0,616,1,99,98,0,74,1,38,37,0,64,1,55,54,0.0,0.008441403723748256,1,66,65,2,-1,3,11,0,33,97,8
721,97,198,72,92,20,72,72,77,77,0,72,72,77,77,0,0.011300588855985567,0.011300588855985567,72,72,0,5,2,2,3,8,64,57,95
722,120,720,80,100,20,164,164,77,77,0,120,164,80,86,6,0.00891793457912114,0.017393376221110316,67,83,16,2,2,2,10,7,36,21,14
723,142,348,92,100,8,22,22,54,54,0,22,22,54,54,0,0.019946220089179345,0.021443888491779844,84,85,1,3,3,3,2,17,99,6,53
724,0,616,1,100,99,0,42,1,35,34,0,42,1,51,50,0.0,0.00793083495013445,1,62,61,2,-1,3,6,0,40,82,77
725,0,0,1,1,0,0,0,1,1,0,0,0,1,1,0,0.0,0.0,1,1,0,-1,-1,-1,12,0,14,76,79
726,0,206,1,94,93,0,14,1,32,31,0,14,1,40,39,0.0,0.005480104836788182,1,59,58,3,-1,4,3,0,66,81,24
727,0,101,1,82,81,0,2,1,23,22,0,1,1,23,22,0.0,0.0,1,1,0,6,-1,7,2,0,90,67,68
728,0,616,1,100,99,0,22,1,48,47,0,22,1,51,50,0.0,0.013444977705163553,1,78,77,2,-1,3,2,0,90,99,39
729,0,102,1,77,76,0,9,1,27,26,0,2,1,24,23,0.0,0.0004765308553728854,1,34,33,4,-1,5,5,0,50,67,49
730,24,125,48,83,35,46,46,45,45,0,24,25,48,50,2,0.0021784267674189047,0.0022465026039007454,47,47,0,6,3,3,6,3,32,54,78
731,8,8,38,38,0,16,16,33,33,0,8,8,38,38,0,0.0004084550188910446,0.0004084550188910446,35,35,0,-1,4,4,4,2,84,63,40
732,100,100,60,60,0,100,100,52,52,0,100,100,60,60,0,0.053609721229449604,0.05589026175159127,99,100,1,3,1,1,9,27,29,10,41
733,0,206,1,94,93,0,18,1,35,34,0,18,1,44,43,0.0,0.00888389666088022,1,68,67,3,-1,4,3,0,66,91,19
734,16,16,36,36,0,96,96,44,44,0,16,16,36,36,0,0.003880322679464924,0.003880322679464924,51,51,0,-1,3,3,11,1,38,90,99
735,80,80,73,73,0,56,56,93,93,0,56,56,93,93,0,0.0156914803090643,0.0156914803090643,79,79,0,-1,2,2,2,6,99,77,97
736,32,648,46,100,54,94,104,44,57,13,32,64,46,55,9,0.003199564314646516,0.007998910786616291,50,63,13,2,3,3,12,2,3,83,35
737,0,1640,1,100,99,0,42,1,68,67,0,40,1,68,67,0.0,0.03693114129139862,1,95,94,1,-1,2,3,0,55,36,78
738,22,228,42,87,45,50,50,36,36,0,22,50,42,50,8,0.0013955546478777359,0.006092787365124749,38,58,20,3,3,3,8,3,27,51,57
739,402,1018,99,100,1,136,136,98,98,0,136,136,98,98,0,0.038905340549372,0.046563872153579086,92,96,4,2,2,2,4,30,83,7,32
740,137,237,88,92,4,48,48,54,54,0,48,48,56,56,0,0.020967357636406957,0.021375812655298,86,86,0,4,3,3,3,16,87,18,51
741,106,706,79,100,21,88,88,77,77,0,88,88,77,77,0,0.010041185881071514,0.015997821573232582,72,80,8,2,2,2,4,7,79,48,38
742,100,100,69,69,0,100,100,55,55,0,100,100,69,69,0,0.04806154055617958,0.049729398549984684,96,97,1,3,1,1,8,27,30,10,52
743,0,206,1,92,91,0,28,1,35,34,0,28,1,47,46,0.0,0.006875659484665918,1,57,56,3,-1,4,6,0,69,86,27
744,12,218,35,89,54,28,32,35,36,1,12,32,35,46,11,0.0009870996289866913,0.006058749446883829,39,57,18,3,4,4,6,3,41,51,25
745,54,54,58,58,0,70,70,63,63,0,54,54,58,58,0,0.008101024541339052,0.008101024541339052,64,64,0,-1,3,3,5,7,49,62,99
746,292,498,94,99,5,240,240,96,96,0,240,240,96,96,0,0.030600088498587426,0.032165832737669764,90,91,1,3,2,2,9,15,54,16,75
747,0,0,1,1,0,0,0,1,1,0,0,0,1,1,0,0.0,0.0,1,1,0,-1,-1,-1,4,0,83,80,99
748,102,718,70,100,30,182,192,88,93,5,102,192,70,93,23,0.008713707069675619,0.01776779332176044,65,79,14,2,2,2,9,4,29,72,77
749,1,207,26,92,66,3,14,26,33,7,1,14,26,38,12,3.4037918240920386e-05,0.0068075836481840775,28,62,34,3,6,4,3,1,64,78,8
750,0,206,1,97,96,0,12,1,38,37,0,12,1,43,42,0.0,0.007828721195411689,1,64,63,3,-1,4,2,0,97,84,17
751,0,616,1,100,99,0,56,1,47,46,0,56,1,56,55,0.0,0.02307770856734402,1,86,85,2,-1,3,6,0,65,98,1
752,210,826,90,100,10,152,152,82,82,0,152,152,86,86,0,0.02042275094455223,0.026243234963749616,82,87,5,2,2,2,8,17,10,6,21
753,44,44,57,57,0,32,32,71,71,0,32,32,71,71,0,0.007726607440688927,0.007726607440688927,65,65,0,-1,3,3,2,7,99,62,96
754,190,292,88,95,7,182,182,89,89,0,182,182,89,89,0,0.016338200755641786,0.01695088328397835,79,80,1,4,2,2,9,14,26,14,71
755,0,0,1,1,0,0,0,1,1,0,0,0,1,1,0,0.0,0.0,1,1,0,-1,-1,-1,14,0,8,80,81
756,52,258,64,97,33,22,22,52,52,0,22,22,55,55,0,0.008305252050784574,0.013785356887572755,66,79,13,3,3,3,2,9,98,31,62
757,22,638,39,100,61,82,100,35,39,4,22,88,39,56,17,0.001055175465468532,0.013513053541645392,38,72,34,2,3,3,14,3,8,51,37
758,338,1938,96,100,4,240,240,96,96,0,240,240,96,96,0,0.024949794070594642,0.044793900405051226,84,97,13,1,2,2,9,19,54,15,5
759,84,84,62,62,0,110,110,78,78,0,84,84,61,61,0,0.007522379931243405,0.007522379931243405,59,59,0,-1,2,2,6,6,51,26,40
760,94,300,76,98,22,38,38,57,57,0,38,38,59,59,0,0.01579359406378706,0.02049082678103407,79,86,7,3,3,3,3,9,55,39,48
761,80,182,72,93,21,56,56,80,80,0,56,56,81,81,0,0.012628067667381462,0.012798257258586064,75,75,0,4,2,2,2,7,91,21,78
762,223,823,91,100,9,176,176,85,85,0,176,176,89,89,0,0.025085945743558324,0.035910003744171005,87,91,4,2,2,2,8,20,42,23,39
763,52,258,61,97,36,48,48,65,65,0,48,48,68,68,0,0.009598692943939549,0.011062323428299126,71,73,2,3,3,3,3,5,66,25,75
764,307,1947,99,100,1,64,88,70,79,9,64,88,70,79,9,0.042070866945777594,0.07233057626195583,96,100,4,1,3,2,4,40,84,3,6
765,6,212,32,94,62,14,14,34,34,0,6,13,32,40,8,0.0011913271384322134,0.002144388849177984,41,44,3,3,4,4,3,1,60,71,61
766,126,228,79,91,12,120,120,78,78,0,120,120,78,78,0,0.012832295176826986,0.01317267435923619,73,73,0,4,2,2,6,8,41,17,42
767,564,2164,100,100,0,336,336,100,100,0,336,336,100,100,0,0.04615541713468804,0.06807583648184078,98,100,2,1,2,2,12,40,2,3,10
768,16,632,36,100,64,72,82,46,49,3,16,44,36,51,15,0.0032336022328874367,0.00704584907587052,48,61,13,2,3,3,7,3,43,46,47
769,16,222,42,93,51,22,22,42,42,0,16,22,42,45,3,0.0023486163586235067,0.003778208924742163,47,52,5,3,3,3,2,2,68,94,61
770,2,618,27,100,73,8,34,31,42,11,2,34,27,51,24,0.00030634126416828345,0.01855066544130161,33,84,51,2,5,3,4,1,79,88,9
771,16,222,41,95,54,38,38,56,56,0,16,38,41,56,15,0.0024166921951053475,0.007658531604207087,46,65,19,3,3,3,3,1,60,53,48
772,0,0,1,1,0,0,0,1,1,0,0,0,1,1,0,0.0,0.0,1,1,0,-1,-1,-1,9,0,29,76,84
773,76,178,73,93,20,56,56,84,84,0,56,56,85,85,0,0.016236087000919025,0.017325300384628477,81,83,2,4,2,2,2,5,98,25,54
774,88,88,61,61,0,174,174,76,76,0,88,88,61,61,0,0.009190237925048503,0.009190237925048503,65,65,0,-1,2,2,10,4,22,38,45
775,0,206,1,94,93,0,8,1,30,29,0,8,1,35,34,0.0,0.0012934408931549745,1,38,37,3,-1,4,2,0,91,81,52
776,0,0,1,1,0,0,0,1,1,0,0,0,1,1,0,0.0,0.0,1,1,0,-1,-1,-1,5,0,63,87,89
777,68,274,65,98,33,56,56,80,80,0,56,56,81,81,0,0.011198475101262807,0.012287688484972258,72,74,2,3,2,2,2,4,91,72,49
778,32,648,40,100,60,108,108,57,57,0,32,52,40,48,8,0.0021784267674189047,0.003642057251778481,45,50,5,2,3,3,15,2,7,75,43
779,59,161,56,82,26,118,118,64,64,0,59,63,56,57,1,0.007862759113652609,0.008475441641989176,64,66,2,4,2,2,9,6,54,73,51
780,192,808,92,100,8,48,48,60,60,0,48,48,63,63,0,0.026855917492086184,0.041390108580959185,90,95,5,2,3,3,3,22,58,9,30
781,0,0,1,1,0,0,0,1,1,0,0,0,1,1,0,0.0,0.0,1,1,0,-1,-1,-1,8,0,15,86,99
782,0,101,1,77,76,0,10,1,25,24,0,1,1,25,24,0.0,3.4037918240920386e-05,1,26,25,5,-1,6,10,0,1,91,58
783,80,80,64,64,0,76,76,59,59,0,76,76,66,66,0,0.008169100377820893,0.008169100377820893,64,64,0,-1,3,3,6,9,34,31,89
784,6,212,29,89,60,36,52,33,34,1,6,39,29,50,21,0.0002382654276864427,0.005003573981415297,33,54,21,3,4,4,10,1,18,88,57
785,100,100,66,66,0,100,100,66,66,0,100,100,69,69,0,0.04043704687021342,0.06899486027434562,96,100,4,2,1,1,7,18,62,5,2
786,34,34,54,54,0,34,34,47,47,0,34,34,55,55,0,0.0030293747234419145,0.0030293747234419145,49,49,0,-1,3,3,4,6,77,70,96
787,110,316,82,100,18,72,72,85,85,0,72,72,85,85,0,0.01504475986248681,0.01960584090677014,77,81,4,3,2,2,3,6,94,77,72
788,42,658,52,100,48,112,112,63,63,0,42,58,52,54,2,0.003165526396405596,0.0057524081827155455,49,58,9,2,2,2,8,2,15,61,46
789,2,1642,26,100,74,8,82,26,49,23,2,82,26,64,38,3.4037918240920386e-05,0.028659927158854966,27,88,61,1,5,2,7,1,43,78,15
790,22,124,41,79,38,106,106,55,55,0,22,24,41,42,1,0.0013955546478777359,0.001599782157323258,39,40,1,4,3,3,14,2,16,74,4
791,0,616,1,100,99,0,28,1,35,34,0,28,1,50,49,0.0,0.00445896728956057,1,55,54,2,-1,3,5,0,61,81,35
792,0,102,1,78,77,0,7,1,27,26,0,2,1,27,26,0.0,3.4037918240920386e-05,1,26,25,4,-1,5,6,1,32,50,65
793,22,22,41,41,0,60,60,38,38,0,22,22,41,41,0,0.0023486163586235067,0.0023486163586235067,48,48,0,-1,3,3,9,2,28,83,96
794,24,1664,47,100,53,38,72,46,76,30,24,72,48,78,30,0.0030634126416828346,0.0581027264372511,49,98,49,1,3,2,3,6,96,70,7
795,6,622,29,100,71,32,70,33,38,5,6,54,29,52,23,0.00013615167296368154,0.008305252050784574,28,64,36,2,4,3,10,1,22,4,17
796,0,102,1,74,73,0,11,1,27,26,0,2,1,25,24,0.0,0.00017018959120460194,1,32,31,4,-1,5,8,0,10,82,55
797,0,206,1,90,89,0,26,1,32,31,0,6,1,27,26,0.0,0.003199564314646516,1,47,46,3,-1,4,5,0,50,76,90
798,48,48,61,61,0,62,62,75,75,0,48,48,64,64,0,0.00445896728956057,0.00445896728956057,53,53,0,-1,2,2,3,4,82,64,98
799,94,195,79,95,16,32,32,63,63,0,32,32,64,64,0,0.012491915994417782,0.012662105585622384,74,74,0,5,3,3,2,14,86,14,55
800,1,103,25,78,53,6,8,25,27,2,1,3,25,31,6,3.4037918240920386e-05,0.00030634126416828345,28,32,4,4,6,5,6,1,69,78,88
801,144,144,84,84,0,182,182,82,82,0,144,144,84,84,0,0.011198475101262807,0.011198475101262807,71,71,0,-1,2,2,9,7,28,21,85
802,292,908,94,100,6,240,240,96,96,0,240,240,96,96,0,0.030600088498587426,0.06242554205384799,90,100,10,2,2,2,9,15,54,16,2
803,100,100,66,66,0,100,100,52,52,0,100,100,66,66,0,0.06964158072092311,0.07039041492222335,100,100,0,3,1,1,8,36,15,2,71
804,119,119,89,89,0,46,46,87,87,0,46,46,88,88,0,0.025494400762449368,0.025494400762449368,87,87,0,-1,2,2,2,18,97,5,40
805,82,288,74,98,24,56,56,84,84,0,56,56,84,84,0,0.01681473161101467,0.020082371762143027,78,85,7,3,2,2,2,6,86,34,13
806,12,628,35,100,65,18,28,36,39,3,12,28,35,48,13,0.0019061234214915416,0.017325300384628477,43,81,38,2,4,3,3,2,82,52,23
807,0,206,1,89,88,0,14,1,31,30,0,6,1,28,27,0.0,0.0007488342013002485,1,37,36,3,-1,4,5,0,61,76,42
808,0,206,1,92,91,0,14,1,34,33,0,14,1,42,41,0.0,0.007522379931243405,1,64,63,3,-1,4,3,0,76,79,32
809,172,788,87,100,13,192,192,100,100,0,172,192,100,100,0,0.01667857993805099,0.02808128254875932,79,88,9,2,2,2,6,6,34,77,27
810,0,0,1,1,0,0,0,1,1,0,0,0,1,1,0,0.0,0.0,1,1,0,-1,-1,-1,8,0,42,97,45
811,0,616,1,100,99,0,34,1,35,34,0,34,1,46,45,0.0,0.008951972497362062,1,66,65,2,-1,3,6,0,56,96,14
812,176,176,87,87,0,174,174,78,78,0,174,174,87,87,0,0.015283025290173252,0.015283025290173252,78,78,0,-1,2,2,10,13,11,33,84
813,16,632,50,100,50,22,22,52,52,0,16,22,51,53,2,0.0024166921951053475,0.016916845365737433,50,79,29,2,3,3,2,2,86,94,6
814,232,848,92,100,8,268,268,96,96,0,232,268,92,96,4,0.013138636440995268,0.018822968787228972,74,81,7,2,2,2,12,13,14,24,72
815,58,58,52,52,0,116,116,59,59,0,58,58,52,52,0,0.003642057251778481,0.003642057251778481,50,50,0,-1,3,3,11,6,33,35,98
816,6,6,29,29,0,28,28,30,30,0,6,6,29,29,0,0.00010211375472276115,0.00010211375472276115,28,28,0,-1,4,4,10,1,18,60,85
817,0,102,1,80,79,0,6,1,28,27,0,6,1,31,30,0.0,0.002825147213996392,1,49,48,4,-1,5,3,1,87,69,73
818,58,674,59,100,41,72,90,59,70,11,58,90,61,72,11,0.006126825283365669,0.016304162837400864,55,79,24,2,2,2,6,3,69,54,77
819,70,171,59,86,27,126,126,63,63,0,70,71,59,59,0,0.004901460226692535,0.004969536063174376,58,58,0,5,3,3,11,6,38,28,78
820,0,0,1,1,0,0,0,1,1,0,0,0,1,1,0,0.0,0.0,1,1,0,-1,-1,-1,2,0,89,93,36
821,218,218,92,92,0,200,200,94,94,0,200,200,93,93,0,0.016610504101569147,0.016610504101569147,79,79,0,-1,2,2,8,13,30,33,91
822,188,289,94,98,4,72,72,80,80,0,72,72,80,80,0,0.02481364239763096,0.02484768031587188,88,88,0,5,2,2,3,19,66,15,78
823,74,176,72,93,21,32,32,69,69,0,32,32,69,69,0,0.014432077334150244,0.016610504101569147,75,80,5,4,3,3,2,9,93,39,90
824,6,212,30,89,59,21,26,31,32,1,6,12,30,34,4,3.4037918240920386e-05,0.000442492937131965,27,34,7,3,4,4,9,1,54,65,49
825,0,101,1,77,76,0,4,1,24,23,0,1,1,24,23,0.0,0.00013615167296368154,1,29,28,5,-1,6,4,0,84,82,95
826,0,206,1,94,93,0,16,1,32,31,0,9,1,36,35,0.0,0.0013274788113958951,1,42,41,3,-1,4,6,0,32,96,54
827,112,318,84,98,14,78,78,75,75,0,78,78,76,76,0,0.016270124919159943,0.0176997174852786,80,81,1,3,2,2,4,8,73,8,52
828,1,617,25,100,75,3,28,25,43,18,1,28,25,53,28,3.4037918240920386e-05,0.022328874366043774,29,88,59,2,6,3,3,1,76,68,0
829,2,2,26,26,0,12,12,27,27,0,2,2,26,26,0,0.00010211375472276115,0.00010211375472276115,29,29,0,-1,5,5,10,1,11,78,50
830,172,788,87,100,13,192,192,100,100,0,172,192,100,100,0,0.01667857993805099,0.021375812655298,79,85,6,2,2,2,6,6,34,77,73
831,366,366,100,100,0,104,104,85,85,0,104,104,85,85,0,0.04493005207801491,0.04493005207801491,97,97,0,-1,2,2,5,40,70,3,50
832,0,206,1,92,91,0,22,1,33,32,0,13,1,38,37,0.0,0.0020422750944552232,1,45,44,3,-1,4,5,0,88,40,70
833,0,0,1,1,0,0,0,1,1,0,0,0,1,1,0,0.0,0.0,1,1,0,-1,-1,-1,3,0,76,96,67
834,6,6,29,29,0,21,21,29,29,0,6,6,29,29,0,0.0,0.0,1,1,0,-1,4,4,9,1,28,95,76
835,300,1940,97,100,3,96,120,87,99,12,96,120,87,99,12,0.035569624561761805,0.07505360972122944,93,99,6,1,2,2,3,29,87,1,24
836,240,856,94,100,6,308,308,89,89,0,240,256,94,94,0,0.019367575479083698,0.0212056230640934,80,82,2,2,2,2,16,18,4,30,53
837,100,100,59,59,0,100,100,45,45,0,100,100,59,59,0,0.06623778889683107,0.06623778889683107,100,100,0,-1,1,1,10,36,0,2,98
838,0,616,1,100,99,0,84,1,34,33,0,74,1,56,55,0.0,0.009020048333843901,1,62,61,2,-1,3,15,0,7,67,14
839,0,616,1,100,99,0,80,1,40,39,0,56,1,52,51,0.0,0.007011811157629599,1,59,58,2,-1,3,10,0,18,40,21
840,76,282,61,94,33,96,96,60,60,0,76,96,61,68,7,0.01065386840940808,0.011232513019503728,69,72,3,3,3,3,6,6,44,77,42
841,66,1706,61,100,39,54,78,56,77,21,54,78,57,77,20,0.006535280302256714,0.038428809693999116,55,97,42,1,3,2,4,6,67,13,27
842,100,100,75,75,0,100,100,89,89,0,100,100,89,89,0,0.07324960005446067,0.08580959188536029,100,100,0,2,1,1,4,29,73,11,30
843,0,206,1,94,93,0,14,1,31,30,0,14,1,40,39,0.0,0.005446066918547262,1,55,54,3,-1,4,3,0,96,93,34
844,80,286,62,95,33,132,132,73,73,0,80,132,62,82,20,0.00704584907587052,0.011300588855985567,61,72,11,3,2,2,8,6,30,28,47
845,396,396,99,99,0,264,264,93,93,0,264,264,94,94,0,0.03090642976275571,0.03090642976275571,92,92,0,-1,2,2,12,27,14,10,84
846,108,724,76,100,24,80,80,59,59,0,80,80,63,63,0,0.013444977705163553,0.017121072875182955,76,81,5,2,3,3,5,8,61,8,22
847,16,632,36,100,64,68,78,42,46,4,16,49,36,54,18,0.0023486163586235067,0.008203138296061813,45,65,20,2,3,3,8,1,39,53,34
848,100,100,59,59,0,100,100,46,46,0,100,100,59,59,0,0.0283876238129276,0.0339017665679567,90,93,3,2,1,1,11,14,5,14,44
849,85,701,56,100,44,198,218,69,71,2,85,169,56,84,28,0.00616086320160659,0.015827631982027978,57,77,20,2,2,2,14,6,16,35,27
850,100,100,71,71,0,100,100,76,76,0,100,100,77,77,0,0.059838660267538035,0.07454304094761564,98,99,1,2,1,1,5,22,50,9,15
851,57,673,56,100,44,82,82,56,56,0,57,82,56,64,8,0.005412029000306341,0.020729092208720514,54,82,28,2,3,3,7,6,62,35,15
852,94,195,75,92,17,54,54,60,60,0,54,54,62,62,0,0.010381565063480718,0.010517716736444398,71,71,0,5,3,3,4,9,78,27,4
853,22,228,49,97,48,22,22,49,49,0,22,22,50,50,0,0.0037441710065012424,0.0247115286429082,52,88,36,3,3,3,2,3,93,29,10
854,0,206,1,90,89,0,26,1,32,31,0,26,1,45,44,0.0,0.006024711528642908,1,55,54,3,-1,4,5,0,50,91,31
855,97,303,62,94,32,102,102,64,64,0,97,102,62,71,9,0.008237176214302734,0.009734844616903231,62,68,6,3,3,3,7,8,24,44,54
856,1,617,26,100,74,2,18,26,47,21,1,18,26,50,24,3.4037918240920386e-05,0.01405766023350012,27,79,52,2,6,3,2,1,90,78,37
857,32,32,46,46,0,114,114,64,64,0,32,32,46,46,0,0.004799346471969774,0.004799346471969774,56,56,0,-1,3,3,9,3,31,29,81
858,6,212,34,92,58,24,24,37,37,0,6,24,34,52,18,0.0015657442390823377,0.005514142755029102,44,57,13,3,4,4,4,1,77,71,47
859,46,1686,49,100,51,102,146,58,76,18,46,146,49,84,35,0.0030634126416828346,0.035059055788148,49,92,43,1,2,2,8,2,42,52,9
860,46,252,62,99,37,22,22,47,47,0,22,22,52,52,0,0.005071649817897137,0.006433166547533953,58,62,4,3,3,3,2,6,89,26,52
861,36,652,48,100,52,62,62,48,48,0,36,62,48,55,7,0.003948398515946765,0.00881582082439838,53,69,16,2,3,3,6,6,41,73,35
862,42,248,51,94,43,96,96,56,56,0,42,58,51,56,5,0.0026889955410327104,0.005990673610401988,47,58,11,3,2,2,7,2,43,61,26
863,173,773,90,100,10,110,110,81,81,0,110,110,85,85,0,0.015112835698968652,0.02546036284420845,79,88,9,2,2,2,6,15,32,19,5
864,56,262,53,92,39,134,134,66,66,0,56,80,53,58,5,0.0053439531638245,0.010279451308757957,56,67,11,3,2,2,10,3,22,29,26
865,34,650,55,100,45,32,32,69,69,0,32,32,69,69,0,0.003880322679464924,0.026651689982640663,53,89,36,2,3,3,2,3,93,54,1
866,91,193,82,97,15,32,32,67,67,0,32,32,68,68,0,0.01851662752306069,0.018754892950747133,83,83,0,4,3,3,2,16,97,18,49
867,1,617,26,100,74,6,42,26,37,11,1,42,26,52,26,3.4037918240920386e-05,0.01232172640321318,28,72,44,2,6,3,6,1,41,78,37
868,56,56,52,52,0,76,76,54,54,0,56,56,52,52,0,0.005548180673270023,0.005548180673270023,53,53,0,-1,2,2,6,2,56,75,79
869,0,616,1,100,99,0,42,1,34,33,0,24,1,45,44,0.0,0.0028932230504782326,1,48,47,2,-1,3,8,0,15,98,70
870,126,126,80,80,0,190,190,80,80,0,126,126,80,80,0,0.009564655025698629,0.009564655025698629,68,68,0,-1,2,2,11,7,33,48,82
871,0,206,1,92,91,0,18,1,35,34,0,18,1,44,43,0.0,0.005446066918547262,1,58,57,3,-1,4,3,0,82,89,24
872,22,1662,38,100,62,70,114,40,59,19,22,114,38,75,37,0.001497668402600497,0.02365635317743967,41,87,46,1,3,2,10,2,0,83,18
873,38,654,49,100,51,90,110,45,61,16,38,110,49,74,25,0.0024507301133462676,0.01157289220191293,47,69,22,2,3,3,10,3,22,54,27
874,28,228,52,94,42,28,28,42,42,0,28,28,51,51,0,0.003812246842983083,0.012832295176826986,53,75,22,3,3,3,3,6,64,41,5
875,100,100,59,59,0,100,100,45,45,0,100,100,59,59,0,0.047789237210252224,0.047789237210252224,96,96,0,-1,1,1,10,22,0,9,66
876,50,666,54,100,46,74,104,42,62,20,44,104,51,80,29,0.003369753905851118,0.02569862827189489,47,86,39,2,3,3,9,6,31,41,11
877,0,206,1,89,88,0,19,1,28,27,0,8,1,33,32,0.0,0.0012934408931549745,1,40,39,3,-1,4,8,0,42,85,83
878,49,151,62,93,31,18,18,47,47,0,18,18,49,49,0,0.004969536063174376,0.006262976956329351,54,61,7,4,3,3,2,4,99,22,71
879,6,108,31,84,53,7,8,31,32,1,6,8,31,37,6,0.0009870996289866913,0.0015657442390823377,37,40,3,4,4,4,2,1,99,78,43
880,100,100,79,79,0,100,100,97,97,0,100,100,97,97,0,0.0569454372170598,0.0569454372170598,99,99,0,-1,1,1,3,6,60,41,67
881,0,1640,1,100,99,0,80,1,70,69,0,80,1,71,70,0.0,0.03362946322202934,1,94,93,1,-1,2,5,0,49,84,37
882,98,714,68,100,32,66,76,50,53,3,66,76,61,65,4,0.011096361346540046,0.022567139793730217,71,86,15,2,3,3,6,8,56,8,37
883,1,103,25,78,53,4,8,25,30,5,1,5,25,31,6,3.4037918240920386e-05,0.002144388849177984,26,45,19,4,6,5,4,2,79,58,75
884,110,316,83,98,15,38,38,46,46,0,38,38,51,51,0,0.013649205214609075,0.01923142380612002,78,84,6,3,3,3,3,14,96,32,34
885,48,254,64,99,35,46,46,84,84,0,46,46,84,84,0,0.013955546478777357,0.015112835698968652,74,76,2,3,2,2,2,4,93,64,43
886,255,455,96,100,4,88,88,82,82,0,88,88,82,82,0,0.03427618366860683,0.03563770039824364,93,93,0,3,2,2,4,30,78,7,47
887,0,616,1,100,99,0,60,1,38,37,0,57,1,55,54,0.0,0.006433166547533953,1,57,56,2,-1,3,8,1,10,69,44
888,87,188,76,95,19,32,32,63,63,0,32,32,64,64,0,0.014908608189523128,0.01497668402600497,76,76,0,5,3,3,2,13,86,33,60
889,8,8,37,37,0,26,26,36,36,0,8,8,37,37,0,0.00030634126416828345,0.00030634126416828345,34,34,0,-1,4,4,5,2,49,56,40
890,6,212,27,89,62,24,36,31,33,2,6,21,27,41,14,0.00030634126416828345,0.0026889955410327104,31,46,15,3,4,4,6,1,40,88,41
891,0,0,1,1,0,0,0,1,1,0,0,0,1,1,0,0.0,0.0,1,1,0,-1,-1,-1,3,1,66,69,89
892,78,278,64,96,32,110,110,81,81,0,78,110,64,81,17,0.00891793457912114,0.0156914803090643,67,78,11,3,2,2,6,7,65,62,20
893,122,122,80,80,0,66,66,51,51,0,66,66,62,62,0,0.0123557643214541,0.0123557643214541,74,74,0,-1,3,3,6,14,34,14,96
894,16,16,37,37,0,30,30,34,34,0,16,16,37,37,0,0.0005446066918547262,0.0005446066918547262,36,36,0,-1,3,3,6,1,59,88,69
895,0,1640,1,100,99,0,184,1,69,68,0,184,1,88,87,0.0,0.02365635317743967,1,88,87,1,-1,2,14,0,8,93,15
896,0,206,1,89,88,0,28,1,33,32,0,25,1,43,42,0.0,0.003880322679464924,1,47,46,3,-1,4,6,0,71,97,28
897,2,2,29,29,0,10,10,31,31,0,2,2,29,29,0,0.00010211375472276115,0.00010211375472276115,30,30,0,-1,5,5,5,1,49,65,86
898,100,100,67,67,0,100,100,74,74,0,100,100,75,75,0,0.03819054426631267,0.03951802307770857,95,96,1,3,1,1,5,5,63,25,83
899,0,206,1,93,92,0,8,1,31,30,0,6,1,31,30,0.0,0.0006126825283365669,1,36,35,3,-1,4,2,0,68,87,49
900,16,16,38,38,0,74,74,41,41,0,16,16,38,38,0,0.002586881786309949,0.002586881786309949,47,47,0,-1,3,3,9,2,54,94,50
901,338,338,96,96,0,256,256,95,95,0,256,256,95,95,0,0.02661765206439974,0.02661765206439974,88,88,0,-1,2,2,10,19,18,15,85
902,276,378,92,95,3,286,286,88,88,0,276,276,92,92,0,0.024234997787535316,0.024234997787535316,88,88,0,4,2,2,14,16,25,18,68
903,260,260,94,94,0,216,216,97,97,0,216,216,97,97,0,0.022533101875489295,0.022533101875489295,85,85,0,-1,2,2,9,19,23,15,99
904,222,428,94,99,5,206,206,95,95,0,206,206,96,96,0,0.02307770856734402,0.025222097416522007,84,87,3,3,2,2,9,16,35,18,46
905,0,102,1,84,83,0,4,1,29,28,0,3,1,33,32,0.0,0.0010892133837094523,1,40,39,4,-1,5,2,0,93,79,83
906,62,268,61,98,37,38,38,46,46,0,38,38,51,51,0,0.00789679703189353,0.008951972497362062,62,66,4,3,3,3,3,6,96,34,43
907,0,0,1,1,0,0,0,1,1,0,0,0,1,1,0,0.0,0.0,1,1,0,-1,-1,-1,10,0,36,80,69
908,100,100,58,58,0,100,100,38,38,0,100,100,58,58,0,0.011130399264780965,0.021546002246502605,61,86,25,2,1,1,16,6,9,70,19
909,32,648,50,100,50,76,86,59,62,3,32,86,50,67,17,0.0027911092957554717,0.00976888253514415,48,69,21,2,3,3,6,2,34,83,48
910,2,208,27,90,63,11,24,29,33,4,2,16,27,37,10,6.807583648184077e-05,0.002757071377514551,28,48,20,3,5,4,6,1,74,95,22
911,0,206,1,88,87,0,30,1,32,31,0,14,1,37,36,0.0,0.0015657442390823377,1,40,39,3,-1,4,9,0,54,96,70
912,73,1713,54,100,46,164,198,69,82,13,73,198,54,90,36,0.005786446100956465,0.029647026787841656,54,89,35,1,2,2,10,4,0,22,5
913,6,6,30,30,0,16,16,31,31,0,6,6,30,30,0,0.00088498587426393,0.00088498587426393,37,37,0,-1,4,4,6,2,65,42,87
914,18,224,47,98,51,22,22,47,47,0,18,22,50,51,1,0.003267640151128357,0.007113924912352361,52,64,12,3,3,3,2,2,89,75,41
915,0,1640,1,100,99,0,52,1,75,74,0,52,1,76,75,0.0,0.045746962115797,1,97,96,1,-1,2,3,0,55,85,37
916,22,22,47,47,0,44,44,48,48,0,22,22,47,47,0,0.0020422750944552232,0.0020422750944552232,46,46,0,-1,3,3,4,2,47,52,91
917,6,1646,29,100,71,32,92,32,50,18,6,92,29,67,38,0.000442492937131965,0.02215868477483917,34,84,50,1,4,2,8,1,39,49,32
918,94,94,69,69,0,94,94,70,70,0,94,94,72,72,0,0.007011811157629599,0.007011811157629599,62,62,0,-1,2,2,5,6,37,26,86
919,206,822,91,100,9,140,140,67,67,0,140,140,84,84,0,0.015657442390823378,0.026004969536063176,78,87,9,2,3,3,10,16,1,12,19
920,22,222,42,95,53,34,34,39,39,0,22,34,42,50,8,0.0026209197045508697,0.004731270635487933,49,54,5,3,3,3,4,2,53,83,73
921,62,62,54,54,0,160,160,68,68,0,62,62,54,54,0,0.004663194799006093,0.004663194799006093,53,53,0,-1,2,2,11,6,5,70,80
922,100,100,66,66,0,100,100,43,43,0,100,100,66,66,0,0.027774941284591036,0.027843017121072875,90,90,0,3,1,1,11,14,33,32,95
923,176,382,88,97,9,248,248,93,93,0,176,188,88,90,2,0.017427414139351238,0.019027196296674494,79,79,0,3,2,2,11,9,19,39,52
924,16,117,37,77,40,116,116,62,62,0,16,17,37,40,3,0.0037441710065012424,0.003778208924742163,51,51,0,5,3,3,11,1,19,90,78
925,186,392,87,96,9,152,152,76,76,0,152,152,85,85,0,0.013819394805813677,0.016508390346846386,76,79,3,3,2,2,8,14,15,14,75
926,142,243,90,94,4,96,96,87,87,0,96,96,87,87,0,0.021511964328261683,0.021511964328261683,87,87,0,6,2,2,3,8,87,8,68
927,0,206,1,93,92,0,18,1,33,32,0,8,1,36,35,0.0,0.0010892133837094523,1,39,38,3,-1,4,5,0,49,96,52
928,160,366,87,96,9,220,220,85,85,0,160,166,87,87,0,0.013479015623404473,0.014261887742945642,75,76,1,3,2,2,12,8,3,20,71
929,0,102,1,76,75,0,19,1,28,27,0,4,1,29,28,0.0,0.00017018959120460194,1,29,28,4,-1,5,11,0,38,67,63
930,16,118,33,76,43,42,42,36,36,0,16,19,33,41,8,0.0020082371762143027,0.002280540522141666,43,44,1,4,3,3,6,2,40,94,63
931,262,1902,95,100,5,208,232,89,94,5,208,232,94,96,2,0.021682153919466287,0.04482793832329215,86,95,9,1,2,2,10,19,36,15,30
932,101,717,79,100,21,78,78,78,78,0,78,78,78,78,0,0.010075223799312433,0.019571802988529223,65,84,19,2,2,2,4,8,67,44,39
933,0,1640,1,100,99,0,100,1,65,64,0,100,1,71,70,0.0,0.03366350114027026,1,93,92,1,-1,2,6,0,59,92,5
934,0,102,1,78,77,0,15,1,26,25,0,2,1,26,25,0.0,6.807583648184077e-05,1,27,26,4,-1,5,13,0,13,40,65
935,0,616,1,100,99,0,70,1,37,36,0,48,1,51,50,0.0,0.007590455767725246,1,62,61,2,-1,3,10,0,18,82,20
936,68,684,65,100,35,22,32,42,57,15,22,32,45,59,14,0.00789679703189353,0.03281255318424725,62,93,31,2,3,3,2,8,91,44,10
937,122,322,83,96,13,94,94,76,76,0,94,94,77,77,0,0.018993158378433576,0.019129310051397258,80,80,0,3,2,2,5,9,70,39,4
938,0,206,1,94,93,0,10,1,31,30,0,9,1,37,36,0.0,0.0009870996289866913,1,38,37,3,-1,4,3,0,81,87,43
939,56,672,54,100,46,100,124,45,64,19,56,124,54,79,25,0.0036760951700194017,0.01501072194424589,50,77,27,2,2,2,10,2,1,75,19
940,40,246,55,94,39,52,52,74,74,0,40,52,61,75,14,0.006671431975220395,0.011300588855985567,60,69,9,3,2,2,3,2,58,94,21
941,6,212,30,94,64,14,26,31,35,4,6,26,30,48,18,0.00017018959120460194,0.004833384390210695,30,52,22,3,4,4,5,1,63,60,72
942,16,16,42,42,0,28,28,43,43,0,16,16,42,42,0,0.0018380475850097008,0.0018380475850097008,43,43,0,-1,3,3,3,1,66,53,82
943,0,101,1,84,83,0,2,1,23,22,0,1,1,23,22,0.0,0.0,1,1,0,6,-1,7,2,0,93,92,78
944,0,0,1,1,0,0,0,1,1,0,0,0,1,1,0,0.0,0.0,1,1,0,-1,-1,-1,6,0,56,36,84
945,0,206,1,92,91,0,24,1,36,35,0,24,1,53,52,0.0,0.01157289220191293,1,74,73,3,-1,4,4,0,77,36,30
946,24,640,46,100,54,56,66,44,50,6,24,66,46,61,15,0.0014295925661186562,0.006841621566424997,40,62,22,2,3,3,6,4,34,64,28
947,12,218,37,95,58,28,32,34,36,2,12,32,37,50,13,0.0011913271384322134,0.005548180673270023,40,57,17,3,4,4,6,3,32,51,13
948,100,100,59,59,0,100,100,39,39,0,100,100,59,59,0,0.02644746247319514,0.02644746247319514,88,88,0,-1,1,1,14,9,16,39,69
949,63,269,62,98,36,38,38,46,46,0,38,38,51,51,0,0.006841621566424997,0.013581129378127233,58,78,20,3,3,3,3,8,96,57,27
950,0,1640,1,100,99,0,146,1,63,62,0,146,1,85,84,0.0,0.028421661731168522,1,88,87,1,-1,2,12,0,6,87,10
951,0,206,1,89,88,0,27,1,29,28,0,8,1,33,32,0.0,0.001940161339732462,1,42,41,3,-1,4,12,0,3,81,75
952,144,350,82,96,14,128,128,91,91,0,128,128,91,91,0,0.010824058000612683,0.024200959869294394,71,89,18,3,2,2,5,6,52,13,23
953,18,224,47,98,51,22,22,47,47,0,18,22,50,51,1,0.003267640151128357,0.004493005207801491,52,53,1,3,3,3,2,2,89,75,64
954,1,101,25,81,56,3,3,25,25,0,1,1,25,25,0,3.4037918240920386e-05,0.0,26,1,-25,5,6,6,3,2,66,58,95
955,0,206,1,94,93,0,14,1,36,35,0,14,1,42,41,0.0,0.007726607440688927,1,67,66,3,-1,4,3,0,81,93,8
956,2,104,29,81,52,7,7,29,29,0,2,4,29,32,3,0.0002042275094455223,0.0004765308553728854,32,36,4,4,5,5,4,1,73,55,49
957,606,806,100,100,0,400,400,99,99,0,400,400,99,99,0,0.052554545763981074,0.058783484802069505,99,100,1,3,2,2,13,36,13,2,20
958,8,624,38,100,62,20,44,34,49,15,8,44,38,56,18,0.0008509479560230097,0.022839443139657578,40,86,46,2,4,3,4,3,84,51,11
959,40,40,52,52,0,72,72,45,45,0,40,40,52,52,0,0.004050512270669526,0.004050512270669526,52,52,0,-1,3,3,7,6,24,73,36
960,2,1642,27,100,73,10,76,29,58,29,2,76,27,65,38,0.0,0.03066816433506927,1,91,90,1,5,2,6,1,34,95,12
961,2,618,26,100,74,8,82,26,47,21,2,82,26,58,32,3.4037918240920386e-05,0.02631131080023146,26,86,60,2,5,3,7,2,24,58,3
962,100,100,66,66,0,100,100,52,52,0,100,100,66,66,0,0.03328908403962014,0.03328908403962014,90,90,0,-1,1,1,8,8,15,8,84
963,28,234,46,94,48,68,68,42,42,0,28,68,46,62,16,0.0024507301133462676,0.010687906327649,46,70,24,3,3,3,8,3,39,54,33
964,40,1680,49,100,51,98,172,38,66,28,40,158,49,82,33,0.0018720855032506212,0.01844855168657885,43,79,36,1,2,2,14,1,16,49,19
965,0,616,1,100,99,0,60,1,47,46,0,60,1,59,58,0.0,0.015351101126655093,1,78,77,2,-1,3,5,0,63,97,5
966,110,726,80,100,20,96,96,67,67,0,96,96,68,68,0,0.008611593314952858,0.026855917492086184,65,86,21,2,3,3,6,13,74,24,16
967,6,108,29,71,42,14,14,30,30,0,6,8,29,34,5,0.00010211375472276115,0.00030634126416828345,29,33,4,4,4,4,5,1,52,65,88
968,100,100,69,69,0,100,100,55,55,0,100,100,69,69,0,0.05412029000306341,0.0704584907587052,99,100,1,2,1,1,8,29,30,11,9
969,0,206,1,93,92,0,14,1,33,32,0,14,1,40,39,0.0,0.010755982164130842,1,71,70,3,-1,4,3,0,60,99,37
970,0,102,1,77,76,0,8,1,30,29,0,4,1,31,30,0.0,0.0021784267674189047,1,45,44,4,-1,5,4,0,79,86,75
971,0,206,1,96,95,0,8,1,33,32,0,8,1,39,38,0.0,0.016882807447496512,1,81,80,3,-1,4,2,0,93,66,9
972,100,100,63,63,0,100,100,56,56,0,100,100,63,63,0,0.05616256509751864,0.05817080227373294,98,99,1,2,1,1,7,30,24,7,52
973,0,0,1,1,0,0,0,1,1,0,0,0,1,1,0,0.0,0.0,1,1,0,-1,-1,-1,5,0,70,93,97
974,39,245,54,95,41,54,54,55,55,0,39,54,55,59,4,0.004493005207801491,0.0053099152455835805,55,57,2,3,3,3,4,4,73,22,43
975,100,100,69,69,0,100,100,70,70,0,100,100,72,72,0,0.04697232717247013,0.04843595765682971,97,97,0,3,1,1,6,20,65,23,75
976,77,283,64,97,33,44,44,49,49,0,44,44,54,54,0,0.007182000748834201,0.007522379931243405,61,65,4,3,3,3,4,8,53,57,49
977,301,901,96,100,4,96,96,74,74,0,96,96,74,74,0,0.029919330133769018,0.041968753191054836,90,96,6,2,3,3,6,29,69,1,12
978,22,638,39,100,61,84,110,36,55,19,22,72,39,55,16,0.00030634126416828345,0.005037611899656217,34,55,21,2,3,3,14,2,8,63,47
979,84,84,57,57,0,164,164,73,73,0,84,84,57,57,0,0.011164437183021887,0.011164437183021887,70,70,0,-1,2,2,10,5,18,25,89
980,0,1640,1,100,99,0,82,1,55,54,0,82,1,64,63,0.0,0.023281936076789543,1,85,84,1,-1,2,7,0,62,79,32
981,72,278,67,98,31,38,38,46,46,0,38,38,51,51,0,0.008407365805507334,0.009973110044589673,63,72,9,3,3,3,3,13,96,24,61
982,56,672,50,100,50,204,214,73,73,0,56,114,50,75,25,0.005071649817897137,0.011675005956635693,53,67,14,2,2,2,15,3,7,29,34
983,2,208,27,96,69,4,12,29,36,7,2,12,27,41,14,0.00010211375472276115,0.012049423057285817,29,72,43,3,5,4,2,1,99,65,30
984,162,162,84,84,0,110,110,78,78,0,110,110,82,82,0,0.020014295925661188,0.020014295925661188,82,82,0,-1,2,2,6,18,51,30,98
985,16,222,42,94,52,28,28,43,43,0,16,28,42,49,7,0.0034718676605738795,0.011606930120153852,51,74,23,3,3,3,3,1,66,90,17
986,34,135,49,80,31,90,90,43,43,0,34,35,49,49,0,0.001599782157323258,0.0016678579938050988,42,42,0,5,3,3,10,4,1,64,78
987,2,618,26,100,74,12,110,27,59,32,2,110,26,73,47,0.00010211375472276115,0.01844855168657885,29,79,50,2,5,3,10,1,11,78,9
988,0,0,1,1,0,0,0,1,1,0,0,0,1,1,0,0.0,0.0,1,1,0,-1,-1,-1,2,0,68,87,97
989,94,94,69,69,0,104,104,85,85,0,94,94,72,72,0,0.013785356887572755,0.013785356887572755,76,76,0,-1,2,2,5,5,37,25,67
990,16,222,40,95,55,28,32,40,40,0,16,23,40,46,6,0.0006467204465774873,0.0018380475850097008,36,43,7,3,3,3,5,1,45,88,61
991,1,102,26,78,52,5,5,26,26,0,1,2,26,28,2,6.807583648184077e-05,0.00010211375472276115,28,28,0,6,6,6,5,2,88,58,78
992,134,236,77,92,15,228,228,77,77,0,134,136,77,78,1,0.006569318220497634,0.006739507811702236,58,58,0,4,2,2,15,6,7,13,60
993,8,214,37,92,55,18,18,38,38,0,8,18,37,46,9,0.0004765308553728854,0.0036760951700194017,37,53,16,3,4,4,3,2,76,56,41
994,0,0,1,1,0,0,0,1,1,0,0,0,1,1,0,0.0,0.0,1,1,0,-1,-1,-1,6,0,69,36,66
995,0,206,1,95,94,0,12,1,40,39,0,12,1,40,39,0.0,0.011913271384322134,1,73,72,3,-1,4,2,0,95,97,30
996,0,206,1,91,90,0,13,1,28,27,0,6,1,28,27,0.0,0.0005786446100956465,1,35,34,3,-1,4,5,0,52,80,42
997,0,206,1,90,89,0,20,1,32,31,0,6,1,29,28,0.0,0.001497668402600497,1,41,40,3,-1,4,6,0,74,93,94
998,100,100,63,63,0,100,100,39,39,0,100,100,63,63,0,0.03298274277545185,0.03863303720344464,92,94,2,2,1,1,14,17,17,6,32
999,16,16,35,35,0,54,54,35,35,0,16,16,35,35,0,0.0007147962830593281,0.0007147962830593281,36,36,0,-1,3,3,10,1,22,88,98
