,FreeNet_pre_score,FreeNet_post_score,FreeNet_pre_rank,FreeNet_post_rank,FreeNet_delta_ranks,Reversed_pre_score,Reversed_post_score,Reversed_pre_rank,Reversed_post_rank,Reversed_delta_ranks,Independent_pre_score,Independent_post_score,Independent_pre_rank,Independent_post_rank,Independent_delta_ranks,Random_pre_score,Random_post_score,Random_pre_rank,Random_post_rank,Random_delta_ranks,dist_victim_relayer,dist_victim_vilain_pre,dist_victim_vilain_post,out_deg_victim,in_deg_villain,victim,villain,relayer
0,16,632,38,100,62,56,66,46,53,7,16,66,38,59,21,0.0032336022328874367,0.016133973246196264,50,78,28,2,3,3,6,1,74,90,6
1,0,616,1,100,99,0,18,1,40,39,0,17,1,44,43,0.0,0.0053439531638245,1,55,54,2,-1,3,2,0,91,36,51
2,192,294,93,99,6,72,72,85,85,0,72,72,85,85,0,0.029510875114877974,0.029715102624323496,88,89,1,4,2,2,3,19,60,15,56
3,204,1844,92,100,8,120,144,86,93,7,120,144,86,94,8,0.02021852343510671,0.03771401341093979,85,96,11,1,2,2,6,16,65,12,68
4,0,616,1,100,99,0,58,1,37,36,0,34,1,49,48,0.0,0.006058749446883829,1,58,57,2,-1,3,8,0,15,96,72
5,124,330,77,98,21,210,210,81,81,0,124,130,77,80,3,0.012049423057285817,0.012968446849790666,70,73,3,3,2,2,12,6,14,34,71
6,46,46,59,59,0,28,28,45,45,0,28,28,50,50,0,0.005480104836788182,0.005480104836788182,56,56,0,-1,3,3,3,6,58,13,76
7,95,95,77,77,0,32,32,58,58,0,32,32,59,59,0,0.015589366554341537,0.015589366554341537,79,79,0,-1,3,3,2,12,68,37,79
8,0,206,1,94,93,0,18,1,35,34,0,18,1,43,42,0.0,0.008169100377820893,1,68,67,3,-1,4,3,1,66,69,14
9,420,420,99,99,0,288,288,99,99,0,288,288,99,99,0,0.035025017869907075,0.035025017869907075,93,93,0,-1,2,2,9,29,28,0,76
10,152,358,86,96,10,256,256,90,90,0,152,158,86,86,0,0.01596378365499166,0.018176248340651485,76,78,2,3,2,2,13,9,13,39,90
11,40,40,53,53,0,74,74,64,64,0,40,40,53,53,0,0.006875659484665918,0.006875659484665918,61,61,0,-1,2,2,5,1,63,90,50
12,92,292,68,93,25,80,80,68,68,0,80,80,69,69,0,0.014806494434800367,0.016372238673882704,76,78,2,3,3,3,5,12,80,37,54
13,6,212,32,92,60,32,32,34,34,0,6,15,32,38,6,0.0004084550188910446,0.0035739814152966403,34,52,18,3,4,4,6,1,44,88,73
14,78,694,58,100,42,202,202,74,74,0,78,202,58,89,31,0.00616086320160659,0.01773375540351952,59,78,19,2,2,2,13,4,13,22,5
15,0,616,1,100,99,0,32,1,32,31,0,25,1,44,43,0.0,0.004935498144933456,1,53,52,2,-1,3,7,0,46,98,73
16,2,618,27,100,73,4,32,27,57,30,2,32,27,59,32,3.4037918240920386e-05,0.025494400762449368,26,89,63,2,5,3,2,1,91,95,10
17,297,497,97,100,3,88,88,81,81,0,88,88,81,81,0,0.03628442084482113,0.04098165356206814,94,95,1,3,2,2,4,29,73,1,21
18,380,480,98,100,2,112,112,92,92,0,112,112,92,92,0,0.04983151230470744,0.05037611899656217,97,97,0,4,2,2,4,36,83,2,94
19,0,101,1,77,76,0,8,1,25,24,0,1,1,25,24,0.0,3.4037918240920386e-05,1,26,25,6,-1,7,8,0,57,59,58
20,76,692,69,100,31,38,38,46,46,0,38,38,51,51,0,0.010109261717553355,0.01664454201981007,73,79,6,2,3,3,3,6,96,77,38
21,6,622,29,100,71,62,108,34,57,23,6,108,29,79,50,0.000442492937131965,0.017018959120460194,33,77,44,2,4,3,13,1,13,49,23
22,0,206,1,92,91,0,18,1,37,36,0,18,1,46,45,0.0,0.014500153170632085,1,78,77,3,-1,4,3,0,76,91,16
23,0,206,1,93,92,0,13,1,31,30,0,9,1,36,35,0.0,0.0009870996289866913,1,37,36,3,-1,4,5,0,45,97,64
24,116,218,75,89,14,136,136,77,77,0,116,136,76,82,6,0.014329963579427483,0.014364001497668403,75,75,0,4,2,2,7,8,24,20,4
25,482,482,100,100,0,240,240,98,98,0,240,240,98,98,0,0.046529834235338165,0.046529834235338165,97,97,0,-1,2,2,9,40,23,3,40
26,100,100,66,66,0,100,100,66,66,0,100,100,69,69,0,0.04200279110929576,0.04200279110929576,97,97,0,-1,1,1,7,16,62,12,59
27,0,616,1,100,99,0,58,1,35,34,0,47,1,52,51,0.0,0.006297014874570271,1,57,56,2,-1,3,10,0,1,81,44
28,22,638,47,100,53,28,38,42,52,10,22,38,47,54,7,0.0017359338302869397,0.012185574730249497,44,74,30,2,3,3,3,2,64,61,20
29,12,218,39,93,54,18,18,35,35,0,12,18,39,45,6,0.0012594029749140542,0.0034037918240920387,40,50,10,3,4,4,3,2,58,61,75
30,0,206,1,97,96,0,12,1,38,37,0,12,1,43,42,0.0,0.008747744987916539,1,68,67,3,-1,4,2,0,97,92,14
31,16,16,32,32,0,24,24,29,29,0,16,16,32,32,0,0.0009190237925048504,0.0009190237925048504,35,35,0,-1,3,3,9,1,29,78,67
32,149,149,90,90,0,62,62,82,82,0,62,62,82,82,0,0.02209060893835733,0.02209060893835733,86,86,0,-1,2,2,3,15,92,19,69
33,88,704,62,100,38,142,142,71,71,0,88,142,62,81,19,0.008135062459579971,0.03979032642363593,64,95,31,2,2,2,8,7,15,62,3
34,160,262,92,99,7,80,80,97,97,0,80,80,97,97,0,0.037850165083903466,0.03863303720344464,95,96,1,4,2,2,2,18,93,30,49
35,40,656,56,100,44,32,32,64,64,0,32,32,64,64,0,0.005412029000306341,0.030634126416828347,59,94,35,2,3,3,2,6,89,41,10
36,376,582,98,100,2,270,270,99,99,0,270,270,99,99,0,0.03114469519044215,0.03328908403962014,89,90,1,3,2,2,10,22,36,9,75
37,0,0,1,1,0,0,0,1,1,0,0,0,1,1,0,0.0,0.0,1,1,0,-1,-1,-1,10,0,36,97,66
38,0,0,1,1,0,0,0,1,1,0,0,0,1,1,0,0.0,0.0,1,1,0,-1,-1,-1,3,0,94,82,66
39,12,12,34,34,0,24,24,31,31,0,12,12,34,34,0,0.0002042275094455223,0.0002042275094455223,29,29,0,-1,4,4,6,2,71,63,98
40,0,206,1,95,94,0,8,1,32,31,0,8,1,37,36,0.0,0.0030634126416828346,1,50,49,3,-1,4,2,0,89,81,26
41,0,206,1,96,95,0,12,1,38,37,0,12,1,44,43,0.0,0.014806494434800367,1,78,77,3,-1,4,2,0,93,86,15
42,6,622,33,100,67,20,34,35,43,8,6,34,33,51,18,0.0011913271384322134,0.006433166547533953,40,59,19,2,4,3,4,1,47,71,26
43,0,102,1,80,79,0,10,1,25,24,0,2,1,25,24,0.0,3.4037918240920386e-05,1,26,25,4,-1,5,9,0,31,99,55
44,40,246,44,92,48,168,168,68,68,0,40,46,44,49,5,0.002484768031587188,0.0027911092957554717,47,48,1,3,2,2,14,1,8,53,49
45,443,443,100,100,0,200,200,100,100,0,200,200,100,100,0,0.045304469178665034,0.045304469178665034,96,96,0,-1,2,2,5,29,61,1,99
46,100,100,73,73,0,100,100,94,94,0,100,100,94,94,0,0.03652268627250757,0.03652268627250757,96,96,0,-1,1,1,4,1,67,50,59
47,42,658,51,100,49,124,124,63,63,0,42,58,51,54,3,0.002825147213996392,0.005480104836788182,48,56,8,2,2,2,10,2,12,61,46
48,0,1640,1,100,99,0,198,1,71,70,0,198,1,90,89,0.0,0.03618230709009837,1,94,93,1,-1,2,14,0,8,76,2
49,146,762,85,100,15,80,80,59,59,0,80,80,63,63,0,0.02215868477483917,0.02733244834745907,85,87,2,2,3,3,5,15,61,16,72
50,112,112,76,76,0,86,86,56,56,0,86,86,62,62,0,0.011606930120153852,0.011606930120153852,70,70,0,-1,3,3,6,8,51,17,97
51,6,212,30,92,62,19,40,30,35,5,6,31,30,50,20,0.00017018959120460194,0.0035739814152966403,30,53,23,3,4,4,8,1,21,65,28
52,16,632,38,100,62,44,58,39,43,4,16,32,38,49,11,0.0010892133837094523,0.005786446100956465,38,55,17,2,3,3,7,2,62,42,90
53,16,632,32,100,68,48,68,33,34,1,16,38,32,43,11,0.0002723033459273631,0.0026549576227917903,31,47,16,2,3,3,14,1,8,95,75
54,16,632,35,100,65,70,78,43,44,1,16,52,35,52,17,0.0011232513019503727,0.0057524081827155455,38,58,20,2,3,3,8,2,15,42,47
55,56,158,61,85,24,118,118,69,69,0,56,58,61,61,0,0.005207801490860819,0.005446066918547262,57,58,1,4,3,3,8,6,57,28,49
56,76,178,69,92,23,38,38,46,46,0,38,38,51,51,0,0.010109261717553355,0.010517716736444398,73,74,1,4,3,3,3,6,96,77,42
57,0,616,1,100,99,0,50,1,44,43,0,50,1,51,50,0.0,0.006603356138738555,1,57,56,2,-1,3,5,0,52,67,13
58,34,650,58,100,42,22,32,52,62,10,22,32,55,64,9,0.006637394056979475,0.026719765819122502,61,91,30,2,3,3,2,4,98,38,16
59,6,107,31,77,46,17,17,31,31,0,6,6,31,31,0,0.00037441710065012424,0.00037441710065012424,34,34,0,5,4,4,7,1,62,60,68
60,108,314,83,99,16,80,80,94,94,0,80,80,94,94,0,0.017155110793423873,0.02375846693216243,82,88,6,3,2,2,2,6,91,26,14
61,0,206,1,88,87,0,23,1,29,28,0,10,1,33,32,0.0,0.001055175465468532,1,38,37,3,-1,4,10,0,11,59,43
62,78,78,64,64,0,110,110,77,77,0,78,78,64,64,0,0.009496579189216788,0.009496579189216788,67,67,0,-1,2,2,6,4,74,72,80
63,0,616,1,100,99,0,56,1,40,39,0,44,1,54,53,0.0,0.006705469893461316,1,61,60,2,-1,3,8,1,57,69,38
64,0,616,1,99,98,0,120,1,58,57,0,98,1,57,56,0.0,0.009598692943939549,1,65,64,2,-1,3,17,0,20,96,14
65,0,616,1,99,98,0,122,1,61,60,0,122,1,77,76,0.0,0.01589570781850982,1,77,76,2,-1,3,12,0,6,67,15
66,112,318,76,97,21,262,262,84,84,0,112,118,76,76,0,0.008101024541339052,0.008373327887266415,63,63,0,3,2,2,14,4,8,72,49
67,62,164,52,84,32,154,154,66,66,0,62,62,52,52,0,0.003778208924742163,0.003812246842983083,51,52,1,4,2,2,10,6,0,70,65
68,16,632,36,100,64,40,40,42,42,0,16,40,36,52,16,0.002110350930937064,0.007522379931243405,46,62,16,2,3,3,5,1,61,53,57
69,90,296,77,99,22,22,22,42,42,0,22,22,45,45,0,0.01606589740971442,0.02573266619013581,80,89,9,3,3,3,2,12,91,37,39
70,200,200,91,91,0,268,268,82,82,0,200,200,91,91,0,0.014500153170632085,0.014500153170632085,78,78,0,-1,2,2,16,8,4,8,99
71,94,94,73,73,0,28,28,40,40,0,28,28,49,49,0,0.010041185881071514,0.010041185881071514,73,73,0,-1,3,3,3,14,82,32,76
72,194,295,90,96,6,118,118,92,92,0,118,118,92,92,0,0.02913645801422785,0.02923857176895061,87,87,0,5,2,2,5,16,70,12,68
73,0,0,1,1,0,0,0,1,1,0,0,0,1,1,0,0.0,0.0,1,1,0,-1,-1,-1,5,0,88,67,82
74,52,258,61,97,36,48,48,65,65,0,48,48,68,68,0,0.009598692943939549,0.01143674052894925,71,74,3,3,3,3,3,5,66,25,70
75,0,616,1,100,99,0,78,1,35,34,0,44,1,50,49,0.0,0.005412029000306341,1,55,54,2,-1,3,14,1,17,69,48
76,200,406,91,100,9,88,88,73,73,0,88,88,74,74,0,0.02413288403281255,0.02552843868069029,87,87,0,3,2,2,4,16,83,18,53
77,100,100,69,69,0,100,100,66,66,0,100,100,72,72,0,0.04680213758126553,0.061302290751897616,96,100,4,2,1,1,6,17,44,6,23
78,30,236,46,93,47,90,90,46,46,0,30,36,46,49,3,0.0040845501889104465,0.0045270431260424114,53,53,0,3,3,3,10,6,36,73,42
79,0,206,1,91,90,0,21,1,32,31,0,6,1,30,29,0.0,0.0026549576227917903,1,46,45,3,-1,4,7,0,62,96,46
80,28,234,46,92,46,90,90,44,44,0,28,36,46,48,2,0.0015657442390823377,0.003267640151128357,42,49,7,3,3,3,10,4,18,64,83
81,46,662,51,100,49,84,84,59,59,0,46,62,51,53,2,0.003369753905851118,0.005922597773920147,50,55,5,2,2,2,5,2,52,61,53
82,84,84,72,72,0,88,88,82,82,0,88,88,82,82,0,0.010279451308757957,0.010279451308757957,70,70,0,-1,2,2,4,6,72,26,40
83,22,622,42,100,58,50,50,39,39,0,22,40,42,49,7,0.0012594029749140542,0.006841621566424997,39,63,24,2,3,3,8,2,39,74,62
84,6,6,29,29,0,16,16,30,30,0,6,6,29,29,0,0.00034037918240920387,0.00034037918240920387,32,32,0,-1,4,4,6,1,59,60,67
85,88,189,61,85,24,142,142,78,78,0,88,89,61,63,2,0.010041185881071514,0.010075223799312433,66,66,0,5,2,2,8,4,27,38,78
86,106,722,77,100,23,142,152,78,82,4,106,152,77,85,8,0.009292351679771264,0.019095272133156337,66,82,16,2,2,2,8,7,21,48,14
87,0,0,1,1,0,0,0,1,1,0,0,0,1,1,0,0.0,0.0,1,1,0,-1,-1,-1,9,0,31,40,59
88,216,216,91,91,0,176,176,87,87,0,176,176,91,91,0,0.02130773681881616,0.02130773681881616,85,85,0,-1,2,2,8,18,15,30,89
89,180,386,86,97,11,102,102,64,64,0,102,102,72,72,0,0.019367575479083698,0.02277136730317574,84,84,0,3,3,3,7,17,24,6,28
90,0,616,1,100,99,0,58,1,42,41,0,32,1,50,49,0.0,0.006875659484665918,1,61,60,2,-1,3,8,0,21,87,25
91,562,562,99,99,0,320,320,97,97,0,320,320,97,97,0,0.047993464719697745,0.047993464719697745,98,98,0,-1,2,2,11,36,5,2,40
92,144,760,85,100,15,208,208,90,90,0,144,178,86,90,4,0.010892133837094524,0.016270124919159943,72,79,7,2,2,2,10,7,1,21,72
93,0,206,1,87,86,0,24,1,30,29,0,10,1,34,33,0.0,0.0009190237925048504,1,36,35,3,-1,4,10,1,22,50,43
94,2,2,27,27,0,13,13,27,27,0,2,2,27,27,0,0.0,0.0,1,1,0,-1,5,5,10,2,12,58,40
95,6,107,29,75,46,23,23,30,30,0,6,6,29,29,0,0.00013615167296368154,0.00013615167296368154,31,31,0,5,4,4,8,1,10,65,68
96,249,351,97,100,3,56,56,86,86,0,56,56,86,86,0,0.03509309370638892,0.03553558664352088,94,94,0,4,2,2,2,29,95,0,74
97,86,187,60,89,29,142,142,66,66,0,86,87,60,60,0,0.009122162088566664,0.009122162088566664,69,69,0,5,3,3,12,6,3,34,58
98,198,404,90,98,8,128,128,93,93,0,128,128,93,93,0,0.021852343510670887,0.026787841655604345,84,87,3,3,2,2,5,18,80,5,72
99,16,1656,36,100,64,28,94,34,61,27,16,94,36,68,32,0.0007147962830593281,0.04687021341774737,36,96,60,1,3,2,5,1,52,4,2
100,0,0,1,1,0,0,0,1,1,0,0,0,1,1,0,0.0,0.0,1,1,0,-1,-1,-1,8,0,30,91,87
101,0,206,1,89,88,0,21,1,31,30,0,8,1,33,32,0.0,0.0005786446100956465,1,35,34,3,-1,4,8,0,42,97,63
102,134,340,88,100,12,48,48,69,69,0,48,48,70,70,0,0.021614078082984444,0.022805405221416657,87,88,1,3,3,3,3,20,55,23,61
103,18,224,48,94,46,34,34,47,47,0,18,34,48,54,6,0.0020082371762143027,0.007318152421797883,45,62,17,3,3,3,4,2,78,52,34
104,0,102,1,84,83,0,3,1,27,26,0,3,1,33,32,0.0,0.001157289220191293,1,41,40,4,-1,5,2,0,93,89,61
105,16,118,31,79,48,144,144,63,63,0,16,16,31,31,0,0.003199564314646516,0.0034718676605738795,50,51,1,4,3,3,14,3,25,46,88
106,126,332,80,94,14,196,196,79,79,0,126,132,80,81,1,0.012559991830899623,0.01405766023350012,70,70,0,3,2,2,12,8,2,17,46
107,54,670,60,100,40,98,108,53,66,13,54,108,60,78,18,0.007216038667075122,0.015180911535450491,61,77,16,2,3,3,8,4,57,72,32
108,126,742,77,100,23,104,104,73,73,0,104,104,79,79,0,0.013819394805813677,0.03883726471289016,78,94,16,2,2,2,5,8,52,17,11
109,100,100,58,58,0,100,100,35,35,0,100,100,59,59,0,0.02038871302631131,0.026855917492086184,83,88,5,1,1,1,17,8,20,44,47
110,12,113,36,75,39,32,32,34,34,0,12,13,36,38,2,0.0012934408931549745,0.0012934408931549745,40,40,0,5,4,4,6,3,44,51,58
111,128,334,78,94,16,136,136,77,77,0,136,136,83,83,0,0.016474352428605468,0.016916845365737433,78,78,0,3,2,2,7,9,24,39,64
112,112,728,75,100,25,150,150,85,85,0,112,150,77,88,11,0.009530617107457708,0.016610504101569147,67,79,12,2,2,2,7,4,46,72,25
113,9,9,38,38,0,18,18,38,38,0,9,9,38,38,0,0.0013274788113958951,0.0013274788113958951,40,40,0,-1,4,4,3,4,81,64,96
114,100,100,58,58,0,100,100,38,38,0,100,100,58,58,0,0.01940161339732462,0.02563055243541305,84,89,5,2,1,1,16,7,9,21,27
115,22,638,46,100,54,28,38,43,51,8,22,38,46,54,8,0.0019061234214915416,0.024098846114571634,45,88,43,2,3,3,3,3,66,51,7
116,49,49,56,56,0,80,80,71,71,0,49,49,55,55,0,0.00980292045338507,0.00980292045338507,67,67,0,-1,2,2,5,6,49,73,50
117,0,616,1,100,99,0,62,1,38,37,0,40,1,46,45,0.0,0.005582218591510943,1,53,52,2,-1,3,9,0,29,91,38
118,16,117,35,79,44,76,76,39,39,0,16,17,35,39,4,0.0020763130126961434,0.0020763130126961434,43,43,0,5,3,3,10,1,36,71,78
119,18,1658,44,100,56,66,110,49,80,31,18,110,44,84,40,0.00176997174852786,0.043534497430137174,43,96,53,1,3,2,6,2,32,61,0
120,0,616,1,100,99,0,22,1,48,47,0,22,1,49,48,0.0,0.02226079852956193,1,86,85,2,-1,3,2,0,93,79,5
121,0,102,1,74,73,0,11,1,28,27,0,4,1,29,28,0.0,0.0002382654276864427,1,32,31,4,-1,5,6,0,74,80,56
122,63,269,58,92,34,94,94,68,68,0,63,94,59,72,13,0.006569318220497634,0.007692569522448007,58,62,4,3,2,2,5,4,61,22,64
123,391,391,99,99,0,208,208,100,100,0,208,208,100,100,0,0.039449947241226725,0.039449947241226725,95,95,0,-1,2,2,7,29,62,11,92
124,0,0,1,1,0,0,0,1,1,0,0,0,1,1,0,0.0,0.0,1,1,0,-1,-1,-1,9,0,28,85,36
125,0,616,1,100,99,0,56,1,44,43,0,56,1,57,56,0.0,0.01330882603219987,1,78,77,2,-1,3,6,0,44,86,5
126,80,80,70,70,0,88,88,82,82,0,88,88,82,82,0,0.01320671227747711,0.01320671227747711,77,77,0,-1,2,2,4,5,78,25,84
127,176,792,91,100,9,136,136,97,97,0,136,136,97,97,0,0.02668572790088158,0.04261547363763232,88,95,7,2,2,2,4,9,72,39,9
128,0,101,1,79,78,0,5,1,24,23,0,1,1,24,23,0.0,0.00010211375472276115,1,28,27,5,-1,6,5,0,45,36,60
129,12,12,33,33,0,52,52,37,37,0,12,12,33,33,0,0.0008509479560230097,0.0008509479560230097,38,38,0,-1,4,4,10,2,12,74,91
130,154,770,90,100,10,88,88,76,76,0,88,88,79,79,0,0.02049082678103407,0.02464345280642636,85,88,3,2,2,2,4,18,47,5,26
131,6,212,31,94,63,18,18,36,36,0,6,18,31,44,13,0.0012253650566731338,0.006126825283365669,40,60,20,3,4,4,3,1,66,71,62
132,421,421,99,99,0,152,152,96,96,0,152,152,96,96,0,0.052724735355185674,0.052724735355185674,99,99,0,-1,2,2,5,36,80,2,93
133,116,116,80,80,0,250,250,79,79,0,116,116,80,80,0,0.009462541270975866,0.009462541270975866,66,66,0,-1,2,2,16,7,4,48,36
134,100,100,66,66,0,100,100,43,43,0,100,100,66,66,0,0.027774941284591036,0.05745600599067361,90,100,10,1,1,1,11,14,33,32,7
135,212,812,90,100,10,120,120,88,88,0,120,120,87,87,0,0.023213860240307704,0.053439531638245004,85,99,14,2,2,2,6,19,71,15,2
136,130,746,82,100,18,128,128,93,93,0,128,128,93,93,0,0.01674665577453283,0.026107083290785937,80,88,8,2,2,2,5,8,37,20,25
137,6,622,29,99,70,22,96,29,42,13,6,96,29,58,29,0.00010211375472276115,0.010790020082371761,30,72,42,2,4,3,11,1,5,55,33
138,0,0,1,1,0,0,0,1,1,0,0,0,1,1,0,0.0,0.0,1,1,0,-1,-1,-1,10,0,18,86,84
139,18,224,48,94,46,34,34,47,47,0,18,34,48,54,6,0.0020082371762143027,0.011300588855985567,45,73,28,3,3,3,4,2,78,61,39
140,0,206,1,96,95,0,8,1,33,32,0,8,1,39,38,0.0,0.005446066918547262,1,56,55,3,-1,4,2,0,93,40,25
141,16,632,43,100,57,38,38,61,61,0,16,38,43,62,19,0.002995336805200994,0.01405766023350012,48,76,28,2,3,3,3,2,81,94,20
142,22,638,42,100,58,46,46,37,37,0,22,46,42,51,9,0.0007828721195411688,0.008237176214302734,35,63,28,2,3,3,6,2,40,56,31
143,40,656,53,100,47,72,86,56,61,5,40,58,53,57,4,0.00353994349705572,0.007454304094761564,52,63,11,2,2,2,6,2,74,42,29
144,100,100,59,59,0,100,100,40,40,0,100,100,59,59,0,0.04339834575717349,0.04595118962524252,97,98,1,2,1,1,15,29,7,0,29
145,28,644,45,100,55,74,84,42,45,3,28,44,45,54,9,0.001940161339732462,0.0045270431260424114,44,53,9,2,3,3,9,3,28,43,94
146,242,858,94,100,6,184,184,94,94,0,184,184,95,95,0,0.025119983661799246,0.0313829606181286,86,90,4,2,2,2,7,16,24,18,25
147,0,0,1,1,0,0,0,1,1,0,0,0,1,1,0,0.0,0.0,1,1,0,-1,-1,-1,14,0,16,97,79
148,6,212,32,91,59,20,24,34,39,5,6,24,32,50,18,0.00013615167296368154,0.007692569522448007,30,64,34,3,4,4,4,1,84,88,17
149,54,155,63,90,27,32,32,70,70,0,32,32,70,70,0,0.0088498587426393,0.008951972497362062,66,66,0,5,3,3,2,7,95,48,4
150,2,618,26,100,74,6,40,26,39,13,2,32,26,47,21,0.0,0.005480104836788182,1,54,53,2,5,3,5,1,52,78,62
151,122,224,80,94,14,66,66,51,51,0,66,66,62,62,0,0.0123557643214541,0.012525953912658701,74,74,0,4,3,3,6,14,34,14,60
152,86,1726,54,100,46,210,264,72,80,8,86,264,54,95,41,0.00803294870485721,0.03083835392627387,62,91,29,1,2,2,16,6,4,34,12
153,22,22,43,43,0,62,62,43,43,0,22,22,43,43,0,0.0019061234214915416,0.0019061234214915416,43,43,0,-1,3,3,7,2,43,52,93
154,0,206,1,90,89,0,18,1,32,31,0,13,1,38,37,0.0,0.0012934408931549745,1,38,37,3,-1,4,5,0,80,81,64
155,16,222,33,90,57,25,42,32,35,3,16,42,33,51,18,0.0004084550188910446,0.013921508560536438,30,77,47,3,3,3,6,1,51,65,23
156,16,632,39,100,61,56,66,45,48,3,16,66,39,58,19,0.0010211375472276116,0.00976888253514415,39,68,29,2,3,3,6,2,44,42,8
157,136,237,79,93,14,216,216,93,93,0,136,137,80,81,1,0.011368664692467409,0.011368664692467409,73,73,0,5,2,2,9,7,28,62,58
158,0,206,1,91,90,0,24,1,35,34,0,24,1,42,41,0.0,0.004016474352428605,1,47,46,3,-1,4,4,0,67,79,47
159,100,100,66,66,0,100,100,43,43,0,100,100,66,66,0,0.030532012662105586,0.030532012662105586,91,91,0,-1,1,1,11,18,33,5,87
160,100,100,67,67,0,100,100,55,55,0,100,100,67,67,0,0.05122706695258518,0.06297014874570271,98,99,1,2,1,1,9,27,23,10,27
161,100,100,73,73,0,100,100,87,87,0,100,100,87,87,0,0.0547670104496409,0.061983049116716024,97,100,3,3,1,1,4,18,79,5,77
162,2,618,27,100,73,4,28,27,45,18,2,28,27,52,25,0.0,0.01330882603219987,1,76,75,2,5,3,3,1,81,68,37
163,228,828,92,100,8,104,104,82,82,0,104,104,82,82,0,0.023384049831512304,0.025290173253003846,86,86,0,2,2,2,5,19,80,15,43
164,24,230,44,91,47,86,86,41,41,0,24,32,44,46,2,0.001497668402600497,0.0028932230504782326,41,48,7,3,3,3,11,3,38,43,61
165,0,0,1,1,0,0,0,1,1,0,0,0,1,1,0,0.0,0.0,1,1,0,-1,-1,-1,8,0,10,59,67
166,0,206,1,89,88,0,42,1,33,32,0,6,1,28,27,0.0,0.002723033459273631,1,49,48,3,-1,4,9,0,28,96,46
167,16,632,36,100,64,56,96,36,43,7,16,96,36,62,26,0.0004765308553728854,0.009632730862180468,36,66,30,2,3,3,11,1,38,88,33
168,100,100,59,59,0,100,100,39,39,0,100,100,59,59,0,0.047074440927192894,0.05085264985193506,97,98,1,2,1,1,14,29,16,0,48
169,250,866,96,100,4,96,96,93,93,0,96,96,93,93,0,0.0390755301405766,0.05289492494639028,94,96,2,2,2,2,3,27,58,10,18
170,0,616,1,100,99,0,72,1,39,38,0,56,1,55,54,0.0,0.008305252050784574,1,64,63,2,-1,3,10,0,11,84,27
171,0,616,1,100,99,0,42,1,39,38,0,34,1,51,50,0.0,0.005480104836788182,1,57,56,2,-1,3,6,0,44,40,38
172,131,731,81,100,19,144,144,88,88,0,144,144,88,88,0,0.012185574730249497,0.016508390346846386,74,80,6,2,2,2,6,8,44,57,38
173,0,206,1,90,89,0,20,1,33,32,0,20,1,45,44,0.0,0.0035739814152966403,1,50,49,3,-1,4,4,0,79,80,47
174,12,12,39,39,0,14,14,34,34,0,12,12,39,39,0,0.00030634126416828345,0.00030634126416828345,33,33,0,-1,4,4,3,2,60,56,96
175,6,622,31,100,69,10,48,32,63,31,6,48,31,65,34,0.00037441710065012424,0.021239660982334322,34,86,52,2,4,3,3,1,85,88,12
176,1,207,25,94,69,3,14,25,32,7,1,14,25,40,15,3.4037918240920386e-05,0.003267640151128357,26,50,24,3,6,4,3,2,66,58,26
177,2,618,26,100,74,17,116,27,57,30,2,69,26,55,29,0.00010211375472276115,0.008611593314952858,28,62,34,2,5,3,15,1,7,68,44
178,32,1672,51,100,49,38,62,51,74,23,32,62,53,76,23,0.0053439531638245,0.047448858027843016,57,97,40,1,3,2,3,3,82,29,30
179,12,218,36,95,59,14,18,32,37,5,12,18,36,43,7,0.0012934408931549745,0.0031314884781646754,41,48,7,3,4,4,3,3,96,51,54
180,100,100,78,78,0,100,100,88,88,0,100,100,88,88,0,0.047619047619047616,0.047789237210252224,97,97,0,4,1,1,4,8,78,57,56
181,100,100,61,61,0,100,100,40,40,0,100,100,61,61,0,0.017018959120460194,0.02021852343510671,75,81,6,2,1,1,14,6,8,13,28
182,8,214,31,93,62,20,20,30,30,0,8,20,31,40,9,0.00037441710065012424,0.004493005207801491,31,48,17,3,4,4,4,2,67,56,34
183,0,206,1,92,91,0,20,1,35,34,0,16,1,44,43,0.0,0.0048674223084516155,1,56,55,3,-1,4,4,0,78,91,62
184,100,100,63,63,0,100,100,47,47,0,100,100,63,63,0,0.03774805132918071,0.03774805132918071,94,94,0,-1,1,1,10,18,36,30,80
185,22,1662,41,100,59,48,108,36,66,30,22,108,41,78,37,0.0009190237925048504,0.02403077027808979,37,87,50,1,3,2,9,2,35,63,12
186,22,228,51,92,41,28,28,46,46,0,22,28,51,53,2,0.0021784267674189047,0.006603356138738555,47,55,8,3,3,3,3,2,87,52,26
187,114,114,80,80,0,54,54,54,54,0,54,54,58,58,0,0.010892133837094524,0.010892133837094524,72,72,0,-1,3,3,4,14,47,32,89
188,188,394,90,100,10,120,120,80,80,0,120,120,81,81,0,0.019367575479083698,0.021648116001225366,83,85,2,3,2,2,6,18,34,5,75
189,1,207,25,93,68,6,28,25,35,10,1,28,25,47,22,0.0,0.006909697402906838,1,58,57,3,6,4,6,1,69,68,27
190,0,616,1,100,99,0,46,1,42,41,0,46,1,51,50,0.0,0.008713707069675619,1,64,63,2,-1,3,6,0,65,36,33
191,22,228,40,89,49,106,110,55,55,0,22,28,40,42,2,0.0007147962830593281,0.0022465026039007454,35,44,9,3,3,3,17,2,20,56,53
192,160,776,85,100,15,176,176,85,85,0,160,176,87,88,1,0.01494264610776405,0.02117158514585248,78,85,7,2,2,2,8,8,42,17,25
193,2,618,28,100,72,4,22,30,48,18,2,22,28,49,21,0.00013615167296368154,0.019469689233806462,31,85,54,2,5,3,2,1,93,60,5
194,13,219,41,93,52,18,18,35,35,0,13,18,41,45,4,0.0012253650566731338,0.012764219340345145,39,76,37,3,4,4,3,4,58,64,37
195,176,176,91,91,0,104,104,86,86,0,104,104,86,86,0,0.022635215630212056,0.022635215630212056,85,85,0,-1,2,2,5,17,45,6,82
196,62,62,56,56,0,76,76,54,54,0,62,62,58,58,0,0.007147962830593281,0.007147962830593281,59,59,0,-1,3,3,6,6,56,35,89
197,16,632,39,100,61,28,48,40,62,22,16,48,39,63,24,0.0013615167296368155,0.018822968787228972,40,82,42,2,3,3,3,2,82,42,18
198,168,784,87,100,13,112,112,70,70,0,112,112,77,77,0,0.012764219340345145,0.02566459035365397,76,89,13,2,3,3,7,14,46,32,30
199,190,290,91,97,6,88,88,71,71,0,88,88,71,71,0,0.021035433472888797,0.021069471391129718,86,86,0,4,2,2,4,17,53,6,4
200,174,790,85,100,15,190,190,74,74,0,174,190,85,86,1,0.010790020082371761,0.012594029749140543,70,72,2,2,2,2,11,13,5,24,64
201,76,282,62,95,33,90,90,65,65,0,76,90,61,67,6,0.009088124170325743,0.012798257258586064,66,74,8,3,2,2,6,6,74,34,13
202,94,300,73,97,24,64,64,65,65,0,64,64,67,67,0,0.015214949453691413,0.021648116001225366,79,86,7,3,3,3,4,9,47,39,77
203,18,224,45,95,50,14,14,34,34,0,18,14,45,41,-4,0.0011913271384322134,0.013989584397018279,41,78,37,3,4,4,3,4,60,64,12
204,40,142,55,88,33,52,52,76,76,0,40,44,69,69,0,0.004288777698355968,0.005037611899656217,54,55,1,4,2,2,3,1,55,53,74
205,84,290,64,96,32,104,104,80,80,0,84,104,71,80,9,0.009394465434494027,0.010177337554035196,68,69,1,3,2,2,5,6,63,26,71
206,6,622,31,100,69,14,24,35,43,8,6,22,31,46,15,0.0002382654276864427,0.004935498144933456,32,53,21,2,4,3,3,1,92,4,88
207,145,145,82,82,0,198,198,83,83,0,145,145,82,82,0,0.010687906327649,0.010687906327649,67,67,0,-1,2,2,10,8,11,44,82
208,6,108,29,75,46,31,32,31,31,0,6,8,29,32,3,0.0002042275094455223,0.0005105687736138058,31,35,4,4,4,4,10,1,12,4,49
209,6,6,31,31,0,24,24,33,33,0,6,6,31,31,0,0.0002042275094455223,0.0002042275094455223,31,31,0,-1,4,4,6,1,48,4,79
210,100,100,67,67,0,100,100,55,55,0,100,100,67,67,0,0.05670717178937336,0.06766738146294973,99,99,0,2,1,1,9,29,23,1,27
211,0,616,1,100,99,0,76,1,40,39,0,44,1,54,53,0.0,0.006092787365124749,1,58,57,2,-1,3,10,0,11,36,62
212,2,2,28,28,0,7,7,29,29,0,2,2,28,28,0,0.00013615167296368154,0.00013615167296368154,31,31,0,-1,5,5,4,1,78,60,84
213,100,100,69,69,0,100,100,69,69,0,100,100,71,71,0,0.030736240171551108,0.03087239184451479,90,91,1,4,1,1,6,6,34,26,56
214,86,187,66,90,24,96,96,61,61,0,86,96,65,68,3,0.009360427516253106,0.009462541270975866,67,67,0,5,3,3,6,6,48,34,60
215,36,652,45,100,55,142,176,66,68,2,36,108,45,74,29,0.0034037918240920387,0.011709043874876613,51,67,16,2,3,3,16,6,9,73,20
216,0,206,1,91,90,0,19,1,30,29,0,8,1,34,33,0.0,0.001497668402600497,1,37,36,3,-1,4,6,0,56,80,83
217,6,212,30,94,64,8,8,31,31,0,6,8,30,35,5,0.00013615167296368154,0.0014636304843595766,29,40,11,3,4,4,2,1,91,88,61
218,100,100,57,57,0,100,100,38,38,0,100,100,57,57,0,0.031110657272201234,0.036624800027230335,90,94,4,2,1,1,16,17,4,6,34
219,334,540,97,99,2,240,240,97,97,0,240,240,97,97,0,0.024234997787535316,0.026107083290785937,87,88,1,3,2,2,9,19,28,15,41
220,100,716,59,100,41,198,208,69,70,1,100,154,59,82,23,0.008169100377820893,0.013717281051090916,61,72,11,2,2,2,14,6,16,34,62
221,0,616,1,100,99,0,52,1,39,38,0,52,1,55,54,0.0,0.010041185881071514,1,69,68,2,-1,3,7,0,24,76,33
222,40,40,54,54,0,48,48,73,73,0,40,40,74,74,0,0.0061949011198475104,0.0061949011198475104,58,58,0,-1,2,2,3,1,92,88,99
223,124,740,81,100,19,204,214,86,88,2,124,214,81,91,10,0.011198475101262807,0.027264372510977228,70,88,18,2,2,2,11,6,38,77,16
224,24,24,51,51,0,34,34,44,44,0,24,24,51,51,0,0.0030634126416828346,0.0030634126416828346,50,50,0,-1,3,3,4,6,72,70,45
225,139,139,82,82,0,120,120,80,80,0,120,120,81,81,0,0.015623404472582456,0.015623404472582456,77,77,0,-1,2,2,6,15,34,19,79
226,226,226,92,92,0,150,150,86,86,0,150,150,86,86,0,0.02386058068688519,0.02386058068688519,86,86,0,-1,2,2,7,18,43,30,92
227,0,0,1,1,0,0,0,1,1,0,0,0,1,1,0,0.0,0.0,1,1,0,-1,-1,-1,3,0,66,97,99
228,0,616,1,100,99,0,42,1,35,34,0,42,1,51,50,0.0,0.007828721195411689,1,63,62,2,-1,3,6,0,51,87,20
229,314,415,97,98,1,272,272,95,95,0,272,272,95,95,0,0.02379250485040335,0.02382654276864427,89,89,0,5,2,2,11,19,19,15,65
230,0,0,1,1,0,0,0,1,1,0,0,0,1,1,0,0.0,0.0,1,1,0,-1,-1,-1,8,0,57,91,86
231,49,255,56,95,39,56,56,44,44,0,49,61,56,60,4,0.004288777698355968,0.005718370264474625,54,55,1,3,3,3,6,4,34,22,61
232,0,206,1,89,88,0,50,1,34,33,0,50,1,51,50,0.0,0.012525953912658701,1,72,71,3,-1,4,9,1,29,50,15
233,190,396,92,99,7,104,104,80,80,0,104,104,81,81,0,0.021920419347152727,0.023111746485584943,85,86,1,3,2,2,5,16,63,12,43
234,12,218,37,92,55,22,30,34,38,4,12,30,37,48,11,0.0006807583648184077,0.0051397256543789785,36,54,18,3,4,4,5,2,88,56,57
235,0,1640,1,100,99,0,160,1,67,66,0,160,1,83,82,0.0,0.03274447734776541,1,94,93,1,-1,2,11,0,5,92,11
236,0,0,1,1,0,0,0,1,1,0,0,0,1,1,0,0.0,0.0,1,1,0,-1,-1,-1,10,0,22,84,91
237,184,800,84,100,16,288,308,84,86,2,184,308,84,96,12,0.014261887742945642,0.021920419347152727,74,86,12,2,2,2,16,8,9,20,24
238,0,616,1,100,99,0,18,1,46,45,0,18,1,48,47,0.0,0.009224275843289425,1,67,66,2,-1,3,2,0,99,59,17
239,100,100,73,73,0,100,100,94,94,0,100,100,94,94,0,0.0851628714387828,0.0868307294325879,100,100,0,3,1,1,4,40,67,3,46
240,244,860,94,100,6,206,206,95,95,0,206,206,95,95,0,0.021818305592429966,0.036658837945471257,82,94,12,2,2,2,9,18,26,5,15
241,0,616,1,100,99,0,60,1,50,49,0,60,1,61,60,0.0,0.021682153919466287,1,84,83,2,-1,3,5,1,80,50,7
242,78,284,71,98,27,48,48,64,64,0,48,48,66,66,0,0.013070560604513427,0.02978317846080534,75,90,15,3,3,3,3,13,85,33,9
243,0,206,1,88,87,0,50,1,34,33,0,12,1,32,31,0.0,0.003437829742332959,1,49,48,3,-1,4,11,0,33,98,29
244,16,16,44,44,0,54,54,55,55,0,16,16,44,44,0,0.0032336022328874367,0.0032336022328874367,50,50,0,-1,3,3,4,3,84,46,92
245,492,492,99,99,0,416,416,100,100,0,416,416,100,100,0,0.03492290411518432,0.03492290411518432,94,94,0,-1,2,2,14,22,17,9,80
246,63,1703,54,100,46,86,140,49,83,34,63,140,54,88,34,0.007216038667075122,0.03185949147350148,56,91,35,1,2,2,7,6,46,73,19
247,0,206,1,93,92,0,29,1,30,29,0,12,1,35,34,0.0,0.002280540522141666,1,44,43,3,-1,4,9,0,23,85,75
248,10,112,39,83,44,24,24,40,40,0,10,24,39,52,13,0.001157289220191293,0.002552843868069029,39,48,9,4,4,4,4,3,78,43,54
249,0,206,1,91,90,0,32,1,34,33,0,22,1,41,40,0.0,0.0036760951700194017,1,50,49,3,-1,4,6,0,65,36,47
250,1,207,26,92,66,3,14,26,33,7,1,14,26,38,12,0.0,0.0048674223084516155,1,56,55,3,6,4,3,2,64,58,34
251,0,616,1,100,99,0,114,1,64,63,0,114,1,76,75,0.0,0.02392865652336703,1,87,86,2,-1,3,9,0,29,80,0
252,278,379,99,100,1,56,56,84,84,0,56,56,85,85,0,0.04554273460635148,0.04554273460635148,97,97,0,5,2,2,2,40,98,3,95
253,100,100,61,61,0,100,100,44,44,0,100,100,61,61,0,0.030327785152660065,0.030395860989141904,90,90,0,3,1,1,12,9,6,39,56
254,0,206,1,88,87,0,32,1,33,32,0,10,1,35,34,0.0,0.0014295925661186562,1,40,39,3,-1,4,8,0,10,91,54
255,100,100,61,61,0,100,100,43,43,0,100,100,61,61,0,0.03281255318424725,0.03281255318424725,91,91,0,-1,1,1,12,18,2,30,96
256,0,0,1,1,0,0,0,1,1,0,0,0,1,1,0,0.0,0.0,1,1,0,-1,-1,-1,2,0,95,99,50
257,2,208,26,88,62,8,21,26,30,4,2,8,26,33,7,3.4037918240920386e-05,0.0004765308553728854,26,36,10,3,5,4,7,2,24,58,49
258,50,50,55,55,0,64,64,63,63,0,64,64,64,64,0,0.006467204465774873,0.006467204465774873,59,59,0,-1,3,3,4,6,79,26,45
259,92,194,75,92,17,62,62,82,82,0,62,62,82,82,0,0.015657442390823378,0.01596378365499166,79,79,0,4,2,2,3,8,85,8,42
260,24,125,52,85,33,28,28,44,44,0,24,28,52,53,1,0.0026209197045508697,0.0026209197045508697,50,50,0,5,3,3,3,3,76,54,95
261,6,6,30,30,0,14,14,31,31,0,6,6,30,30,0,0.0002723033459273631,0.0002723033459273631,31,31,0,-1,4,4,5,1,63,65,92
262,0,0,1,1,0,0,0,1,1,0,0,0,1,1,0,0.0,0.0,1,1,0,-1,-1,-1,10,0,36,98,76
263,36,242,54,94,40,28,28,45,45,0,28,28,50,50,0,0.005037611899656217,0.007216038667075122,54,63,9,3,3,3,3,6,58,28,41
264,16,222,35,93,58,62,66,36,38,2,16,31,35,46,11,0.00088498587426393,0.0035739814152966403,37,50,13,3,3,3,10,2,36,42,41
265,100,100,75,75,0,100,100,89,89,0,100,100,89,89,0,0.03846284761224004,0.08536709894822833,95,100,5,1,1,1,4,2,73,83,11
266,192,293,95,99,4,32,32,63,63,0,32,32,65,65,0,0.028489737567650362,0.028489737567650362,91,91,0,6,3,3,2,22,98,9,68
267,58,160,59,91,32,28,28,48,48,0,28,28,54,54,0,0.010926171755335444,0.011640968038394772,72,73,1,4,3,3,3,8,55,8,74
268,0,206,1,92,91,0,26,1,32,31,0,12,1,33,32,0.0,0.0019061234214915416,1,42,41,3,-1,4,7,0,46,85,52
269,240,240,90,90,0,300,300,91,91,0,240,240,90,90,0,0.011845195547840293,0.011845195547840293,68,68,0,-1,2,2,14,9,25,31,96
270,88,704,61,100,39,132,142,72,77,5,88,142,61,81,20,0.007488342013002485,0.019946220089179345,61,79,18,2,2,2,8,7,27,62,6
271,24,230,49,97,48,22,22,42,42,0,22,22,45,45,0,0.0024507301133462676,0.006841621566424997,47,60,13,3,3,3,2,6,91,70,62
272,229,435,97,100,3,56,56,80,80,0,56,56,81,81,0,0.03584192790768916,0.0407433881343817,94,96,2,3,2,2,2,29,91,0,34
273,49,255,51,95,44,66,66,48,48,0,49,57,51,53,2,0.0042547397801150485,0.005990673610401988,51,56,5,3,3,3,6,4,59,22,83
274,320,526,97,100,3,96,96,90,90,0,96,96,90,90,0,0.03863303720344464,0.04520235542394227,93,96,3,3,2,2,3,30,82,7,21
275,40,656,52,100,48,72,92,45,52,7,40,92,52,61,9,0.004050512270669526,0.024303073624017155,52,86,34,2,3,3,7,6,24,73,15
276,112,112,84,84,0,54,54,62,62,0,54,54,68,68,0,0.011096361346540046,0.011096361346540046,73,73,0,-1,3,3,4,14,72,14,59
277,170,786,88,100,12,86,86,56,56,0,86,86,66,66,0,0.019163347969638176,0.02290751897613942,83,86,3,2,3,3,6,17,59,6,29
278,0,0,1,1,0,0,0,1,1,0,0,0,1,1,0,0.0,0.0,1,1,0,-1,-1,-1,7,0,46,82,76
279,48,664,51,100,49,134,154,62,64,2,48,115,52,76,24,0.002110350930937064,0.01405766023350012,44,73,29,2,3,3,14,3,8,43,37
280,100,100,66,66,0,100,100,52,52,0,100,100,66,66,0,0.03369753905851118,0.033969842404438545,91,91,0,3,1,1,8,13,15,33,42
281,12,218,34,91,57,66,74,35,35,0,12,18,34,41,7,0.0012934408931549745,0.0026549576227917903,38,45,7,3,4,4,13,3,13,51,53
282,63,63,55,55,0,84,84,59,59,0,63,63,55,55,0,0.00622893903808843,0.00622893903808843,56,56,0,-1,2,2,5,4,52,22,36
283,62,678,56,100,44,100,100,66,66,0,62,100,56,74,18,0.004220701861874128,0.022567139793730217,50,85,35,2,2,2,6,3,51,43,16
284,120,222,88,98,10,56,56,93,93,0,56,56,93,93,0,0.02188638142891181,0.022465026039007456,87,88,1,4,2,2,2,12,99,37,43
285,2,208,28,96,68,4,8,29,32,3,2,8,28,38,10,0.00010211375472276115,0.0068075836481840775,31,62,31,3,5,4,2,1,86,60,20
286,10,216,42,94,52,12,12,40,40,0,12,12,42,42,0,0.0007147962830593281,0.0018040096667687805,38,43,5,3,4,4,2,3,90,43,54
287,58,264,59,97,38,28,28,48,48,0,28,28,54,54,0,0.007760645358929848,0.00966676878042139,60,68,8,3,3,3,3,7,55,48,46
288,16,632,44,100,56,22,22,54,54,0,16,22,47,53,6,0.002382654276864427,0.024098846114571634,45,90,45,2,3,3,2,1,99,53,11
289,46,46,59,59,0,28,28,45,45,0,28,28,50,50,0,0.005480104836788182,0.005480104836788182,56,56,0,-1,3,3,3,6,58,13,66
290,100,100,67,67,0,100,100,55,55,0,100,100,67,67,0,0.05122706695258518,0.05391606249361789,98,98,0,3,1,1,9,27,23,10,41
291,46,46,57,57,0,38,38,53,53,0,38,38,55,55,0,0.0045270431260424114,0.0045270431260424114,55,55,0,-1,3,3,3,6,64,28,80
292,57,57,60,60,0,52,52,75,75,0,52,52,76,76,0,0.010109261717553355,0.010109261717553355,70,70,0,-1,2,2,3,6,87,35,92
293,2,208,27,90,63,10,40,27,36,9,2,28,27,45,18,6.807583648184077e-05,0.0038462847612240037,27,50,23,3,5,4,8,1,39,78,47
294,56,262,63,97,34,38,38,56,56,0,38,38,57,57,0,0.010926171755335444,0.01681473161101467,71,83,12,3,3,3,3,5,60,25,77
295,0,101,1,75,74,0,7,1,25,24,0,1,1,25,24,0.0,0.0,1,1,0,6,-1,7,7,0,62,66,78
296,100,100,66,66,0,100,100,45,45,0,100,100,66,66,0,0.04717655468191565,0.04717655468191565,96,96,0,-1,1,1,10,29,1,0,99
297,218,218,93,93,0,168,168,86,86,0,168,168,88,88,0,0.02396269444160795,0.02396269444160795,86,86,0,-1,2,2,9,19,26,15,76
298,16,16,35,35,0,90,90,38,38,0,16,16,35,35,0,0.0011232513019503727,0.0011232513019503727,36,36,0,-1,3,3,13,2,13,42,92
299,174,174,86,86,0,164,164,69,69,0,174,174,87,87,0,0.009156200006807584,0.009156200006807584,66,66,0,-1,2,2,10,13,0,24,80
300,142,348,92,100,8,22,22,54,54,0,22,22,54,54,0,0.019946220089179345,0.023111746485584943,84,88,4,3,3,3,2,17,99,6,22
301,22,638,45,100,55,50,60,48,52,4,22,60,45,59,14,0.0016678579938050988,0.02831954797644576,43,89,46,2,3,3,5,2,49,52,10
302,22,638,43,100,57,68,88,41,48,7,22,88,43,63,20,0.0017359338302869397,0.012866333095067906,44,75,31,2,3,3,8,2,30,52,33
303,100,100,73,73,0,100,100,96,96,0,100,100,96,96,0,0.08243983797950917,0.08243983797950917,100,100,0,-1,1,1,3,29,64,11,92
304,190,1830,90,100,10,158,182,80,86,6,158,182,86,91,5,0.02042275094455223,0.0424112461281868,84,96,12,1,2,2,9,17,23,6,30
305,46,662,52,100,48,110,180,57,69,12,46,180,52,83,31,0.0013274788113958951,0.0245413390517036,39,90,51,2,2,2,16,2,9,63,0
306,0,101,1,76,75,0,6,1,25,24,0,1,1,25,24,0.0,3.4037918240920386e-05,1,25,24,6,-1,7,6,0,71,86,78
307,73,689,59,100,41,116,126,77,79,2,73,126,59,81,22,0.005854521937438306,0.015351101126655093,57,78,21,2,2,2,7,4,43,22,48
308,0,102,1,77,76,0,11,1,28,27,0,4,1,30,29,0.0,0.00037441710065012424,1,33,32,4,-1,5,7,0,62,91,56
309,240,856,90,100,10,300,300,91,91,0,240,300,90,94,4,0.011845195547840293,0.016440314510364547,68,73,5,2,2,2,14,9,25,31,57
310,199,815,88,100,12,110,110,72,72,0,110,110,76,76,0,0.023622315259198747,0.027128220838013545,85,89,4,2,2,2,6,20,40,23,29
311,335,935,99,100,1,96,96,95,95,0,96,96,95,95,0,0.05262262160046292,0.06933523945675482,98,99,1,2,2,2,3,36,55,2,16
312,104,104,75,75,0,220,220,73,73,0,104,104,75,75,0,0.007113924912352361,0.007113924912352361,60,60,0,-1,2,2,16,6,4,26,96
313,6,6,30,30,0,15,15,31,31,0,6,6,30,30,0,0.00010211375472276115,0.00010211375472276115,30,30,0,-1,4,4,6,1,74,65,59
314,0,616,1,100,99,0,70,1,37,36,0,34,1,48,47,0.0,0.0046972327172470135,1,54,53,2,-1,3,10,1,18,45,72
315,139,240,88,97,9,32,32,58,58,0,32,32,60,60,0,0.0212056230640934,0.02130773681881616,87,87,0,5,3,3,2,16,91,18,60
316,0,206,1,90,89,0,28,1,33,32,0,18,1,40,39,0.0,0.00442492937131965,1,50,49,3,-1,4,6,0,48,36,26
317,0,0,1,1,0,0,0,1,1,0,0,0,1,1,0,0.0,0.0,1,1,0,-1,-1,-1,2,0,93,84,80
318,0,102,1,81,80,0,8,1,30,29,0,4,1,33,32,0.0,0.0009870996289866913,1,38,37,4,-1,5,4,0,77,96,51
319,136,752,84,100,16,248,248,90,90,0,136,176,84,85,1,0.011675005956635693,0.015657442390823378,71,78,7,2,2,2,11,7,38,62,47
320,0,0,1,1,0,0,0,1,1,0,0,0,1,1,0,0.0,0.0,1,1,0,-1,-1,-1,9,0,35,84,79
321,52,52,51,51,0,114,114,61,61,0,52,52,51,51,0,0.006909697402906838,0.006909697402906838,59,59,0,-1,3,3,9,6,54,34,93
322,1,617,26,100,74,11,78,26,38,12,1,49,26,54,28,3.4037918240920386e-05,0.007760645358929848,26,64,38,2,6,3,11,2,38,58,77
323,334,1974,95,100,5,216,240,85,87,2,216,240,87,89,2,0.03441233534157051,0.05371183498417237,94,100,6,1,2,2,12,29,2,0,18
324,26,128,50,84,34,40,40,44,44,0,26,40,50,52,2,0.00353994349705572,0.003982436434187685,50,51,1,4,3,3,5,6,70,73,63
325,281,281,94,94,0,310,310,91,91,0,281,281,94,94,0,0.022635215630212056,0.022635215630212056,82,82,0,-1,2,2,14,20,16,23,99
326,63,679,54,100,46,86,96,49,52,3,63,96,54,63,9,0.007216038667075122,0.020014295925661188,56,86,30,2,2,2,7,6,46,73,30
327,322,322,96,96,0,216,216,96,96,0,216,216,96,96,0,0.0313829606181286,0.0313829606181286,91,91,0,-1,2,2,9,22,29,9,45
328,22,638,40,100,60,48,62,38,43,5,22,40,40,47,7,0.0024166921951053475,0.004118588107151367,44,50,6,2,3,3,7,2,46,83,61
329,48,254,64,99,35,46,46,84,84,0,46,46,84,84,0,0.013955546478777357,0.03240409816535621,74,92,18,3,2,2,2,4,93,64,0
330,22,1662,41,100,59,72,110,37,59,22,22,81,41,56,15,0.0018380475850097008,0.015283025290173252,43,74,31,1,3,2,11,2,5,83,28
331,0,0,1,1,0,0,0,1,1,0,0,0,1,1,0,0.0,0.0,1,1,0,-1,-1,-1,5,1,80,50,87
332,304,904,98,100,2,158,158,95,95,0,158,158,95,95,0,0.03213179481942884,0.03744171006501242,92,94,2,2,2,2,6,22,59,9,25
333,0,0,1,1,0,0,0,1,1,0,0,0,1,1,0,0.0,0.0,1,1,0,-1,-1,-1,9,0,23,81,69
334,0,0,1,1,0,0,0,1,1,0,0,0,1,1,0,0.0,0.0,1,1,0,-1,-1,-1,8,0,21,85,98
335,0,616,1,100,99,0,120,1,56,55,0,108,1,79,78,0.0,0.010517716736444398,1,66,65,2,-1,3,14,0,17,86,14
336,66,682,64,100,36,64,64,60,60,0,64,64,63,63,0,0.008611593314952858,0.03536539705231628,67,91,24,2,3,3,4,6,83,77,1
337,40,142,60,91,31,22,22,52,52,0,22,22,55,55,0,0.005616256509751864,0.007522379931243405,59,62,3,4,3,3,2,5,98,47,75
338,2,2,27,27,0,7,7,27,27,0,2,2,27,27,0,3.4037918240920386e-05,3.4037918240920386e-05,28,28,0,-1,5,5,6,1,34,78,76
339,64,64,62,62,0,54,54,59,59,0,64,64,67,67,0,0.00707988699411144,0.00707988699411144,60,60,0,-1,3,3,4,4,77,38,79
340,0,206,1,95,94,0,12,1,40,39,0,12,1,40,39,0.0,0.006569318220497634,1,60,59,3,-1,4,2,0,95,98,24
341,0,616,1,100,99,0,84,1,41,40,0,84,1,57,56,0.0,0.01783586915824228,1,80,79,2,-1,3,9,0,29,36,9
342,125,331,88,100,12,32,32,63,63,0,32,32,65,65,0,0.020933319718166036,0.027740903366350114,85,91,6,3,3,3,2,19,98,15,17
343,0,206,1,89,88,0,44,1,35,34,0,21,1,44,43,0.0,0.002995336805200994,1,50,49,3,-1,4,8,1,57,45,28
344,39,655,53,100,47,54,64,53,62,9,39,64,53,63,10,0.00439089145307873,0.010143299635794275,54,72,18,2,3,3,4,4,79,22,41
345,66,682,56,100,44,84,104,59,72,13,64,104,56,78,22,0.005854521937438306,0.029476837196637053,55,91,36,2,2,2,5,6,52,41,1
346,32,32,43,43,0,96,96,38,38,0,32,32,43,43,0,0.0013955546478777359,0.0013955546478777359,39,39,0,-1,3,3,14,2,17,74,69
347,174,790,83,100,17,298,308,85,86,1,174,308,83,96,13,0.012287688484972258,0.02634534871847238,68,89,21,2,2,2,16,7,9,48,30
348,2,208,28,93,65,3,12,28,35,7,2,12,28,36,8,0.0002723033459273631,0.005956635692161067,31,58,27,3,5,4,2,1,68,65,25
349,56,262,59,94,35,48,48,54,54,0,48,48,56,56,0,0.00980292045338507,0.0176997174852786,68,82,14,3,3,3,3,5,87,25,39
350,32,238,51,93,42,78,78,49,49,0,32,78,51,61,10,0.0026209197045508697,0.00707988699411144,49,62,13,3,3,3,8,2,21,52,57
351,66,682,56,100,44,122,136,60,64,4,64,116,56,77,21,0.0040845501889104465,0.010381565063480718,53,71,18,2,2,2,12,6,3,41,21
352,451,2051,100,100,0,240,240,98,98,0,240,240,98,98,0,0.04986555022294836,0.07518976139419313,98,100,2,1,2,2,9,36,26,2,0
353,0,102,1,77,76,0,14,1,28,27,0,2,1,26,25,0.0,0.00017018959120460194,1,31,30,4,-1,5,9,0,35,82,88
354,0,206,1,92,91,0,30,1,38,37,0,30,1,48,47,0.0,0.008679669151434699,1,67,66,3,-1,4,5,0,88,59,33
355,0,1640,1,100,99,0,55,1,38,37,0,40,1,48,47,0.0,0.011266550937744648,1,70,69,1,-1,2,9,0,54,82,4
356,192,293,89,96,7,104,104,85,85,0,104,104,85,85,0,0.023384049831512304,0.023384049831512304,84,84,0,5,2,2,5,19,70,15,95
357,190,806,89,100,11,222,222,83,83,0,222,222,90,90,0,0.020048333843902106,0.03196160522822424,82,92,10,2,2,2,13,16,13,18,37
358,16,632,35,100,65,120,120,62,62,0,16,61,35,56,21,0.0019741992579733825,0.011947309302563056,42,72,30,2,3,3,10,1,12,53,39
359,0,206,1,94,93,0,8,1,30,29,0,8,1,35,34,0.0,0.006262976956329351,1,58,57,3,-1,4,2,0,91,92,8
360,156,772,84,100,16,106,116,74,75,1,106,116,79,79,0,0.012525953912658701,0.01861874127778345,73,79,6,2,2,2,7,14,62,14,25
361,0,616,1,100,99,0,44,1,35,34,0,36,1,47,46,0.0,0.00439089145307873,1,52,51,2,-1,3,9,0,23,66,26
362,152,358,85,100,15,88,88,71,71,0,88,88,71,71,0,0.018380475850097007,0.019946220089179345,80,85,5,3,2,2,4,13,53,33,94
363,0,206,1,94,93,0,12,1,29,28,0,9,1,36,35,0.0,0.0008509479560230097,1,37,36,3,-1,4,4,0,53,89,43
364,14,14,42,42,0,24,24,40,40,0,14,14,42,42,0,0.0012934408931549745,0.0012934408931549745,41,41,0,-1,4,4,4,4,47,64,84
365,0,102,1,75,74,0,9,1,25,24,0,2,1,25,24,0.0,0.0002042275094455223,1,31,30,4,-1,5,8,0,15,93,55
366,40,40,58,58,0,52,52,81,81,0,40,40,67,67,0,0.0088498587426393,0.0088498587426393,68,68,0,-1,2,2,3,1,81,90,96
367,54,156,60,88,28,64,64,68,68,0,54,64,62,69,7,0.008169100377820893,0.008373327887266415,64,65,1,4,3,3,4,4,78,38,88
368,0,0,1,1,0,0,0,1,1,0,0,0,1,1,0,0.0,0.0,1,1,0,-1,-1,-1,3,0,60,59,50
369,6,212,29,93,64,14,18,32,35,3,6,18,29,44,15,0.000442492937131965,0.002586881786309949,34,49,15,3,4,4,3,1,82,49,70
370,52,668,50,100,50,62,72,48,53,5,50,72,50,65,15,0.003880322679464924,0.012628067667381462,49,71,22,2,3,3,6,6,56,41,14
371,0,616,1,100,99,0,46,1,37,36,0,46,1,50,49,0.0,0.015521290717859695,1,78,77,2,-1,3,6,0,71,79,18
372,0,0,1,1,0,0,0,1,1,0,0,0,1,1,0,0.0,0.0,1,1,0,-1,-1,-1,3,0,60,97,80
373,0,206,1,92,91,0,28,1,35,34,0,19,1,43,42,0.0,0.00353994349705572,1,50,49,3,-1,4,6,0,69,87,22
374,160,776,86,100,14,134,134,73,73,0,134,134,84,84,0,0.017972020831205963,0.025290173253003846,80,89,9,2,3,3,9,12,29,37,25
375,0,102,1,78,77,0,8,1,31,30,0,5,1,32,31,0.0,0.0009530617107457708,1,38,37,4,-1,5,4,0,47,80,64
376,40,142,55,88,33,28,28,46,46,0,28,28,51,51,0,0.005582218591510943,0.0061949011198475104,57,59,2,4,3,3,3,5,85,47,71
377,0,206,1,87,86,0,19,1,26,25,0,6,1,27,26,0.0,0.00034037918240920387,1,32,31,3,-1,4,14,0,17,79,60
378,98,304,77,98,21,72,72,84,84,0,72,72,84,84,0,0.015487252799618776,0.02743456210218183,77,89,12,3,2,2,3,9,81,27,18
379,62,62,57,57,0,104,104,60,60,0,62,62,57,57,0,0.002212464685659825,0.002212464685659825,44,44,0,-1,2,2,9,4,54,64,80
380,0,0,1,1,0,0,0,1,1,0,0,0,1,1,0,0.0,0.0,1,1,0,-1,-1,-1,5,0,52,66,36
381,0,101,1,78,77,0,6,1,25,24,0,1,1,25,24,0.0,0.0,1,1,0,5,-1,6,6,0,32,89,95
382,0,0,1,1,0,0,0,1,1,0,0,0,1,1,0,0.0,0.0,1,1,0,-1,-1,-1,10,0,18,89,91
383,0,101,1,70,69,0,11,1,25,24,0,1,1,25,24,0.0,0.0,1,1,0,5,-1,6,11,0,5,98,78
384,54,156,52,82,30,134,134,69,69,0,54,58,52,55,3,0.006909697402906838,0.007522379931243405,59,63,4,4,3,3,9,4,54,72,74
385,162,778,84,100,16,110,110,78,78,0,110,110,82,82,0,0.020014295925661188,0.037850165083903466,82,95,13,2,2,2,6,18,51,30,16
386,56,56,63,63,0,38,38,56,56,0,38,38,57,57,0,0.010926171755335444,0.010926171755335444,71,71,0,-1,3,3,3,5,60,25,85
387,32,632,40,100,60,116,116,58,58,0,32,41,40,47,7,0.0020422750944552232,0.004935498144933456,44,51,7,2,3,3,15,2,7,83,73
388,14,220,45,96,51,12,12,41,41,0,12,12,41,41,0,0.0026549576227917903,0.009394465434494027,47,66,19,3,4,4,2,6,95,70,31
389,0,616,1,100,99,0,28,1,41,40,0,28,1,50,49,0.0,0.010790020082371761,1,71,70,2,-1,3,3,0,64,66,39
390,150,150,85,85,0,172,172,87,87,0,150,150,87,87,0,0.015657442390823378,0.015657442390823378,76,76,0,-1,2,2,9,8,26,20,50
391,2,103,28,81,53,8,8,30,30,0,2,3,28,32,4,0.00010211375472276115,0.00010211375472276115,30,30,0,6,5,5,4,1,72,65,58
392,544,744,100,100,0,288,288,98,98,0,288,288,98,98,0,0.05320126621055856,0.05446066918547262,99,99,0,3,2,2,9,36,54,2,53
393,117,117,86,86,0,56,56,84,84,0,56,56,85,85,0,0.023384049831512304,0.023384049831512304,88,88,0,-1,2,2,2,9,98,39,87
394,1,1,25,25,0,2,2,25,25,0,1,1,25,25,0,0.0,0.0,1,1,0,-1,6,6,2,1,86,68,92
395,8,214,37,92,55,14,18,35,37,2,8,18,37,46,9,0.002110350930937064,0.004935498144933456,48,58,10,3,4,4,3,2,76,83,26
396,0,616,1,100,99,0,24,1,40,39,0,18,1,46,45,0.0,0.0035059055788147996,1,52,51,2,-1,3,3,0,64,87,52
397,200,200,92,92,0,198,198,86,86,0,198,198,92,92,0,0.01579359406378706,0.01579359406378706,80,80,0,-1,2,2,10,14,36,14,85
398,6,622,29,100,71,35,68,31,34,3,6,28,29,39,10,0.0002042275094455223,0.0026209197045508697,31,47,16,2,4,3,15,1,7,65,70
399,16,222,37,94,57,56,56,45,45,0,16,22,37,44,7,0.0026549576227917903,0.003642057251778481,48,49,1,3,3,3,6,2,59,94,53
400,0,0,1,1,0,0,0,1,1,0,0,0,1,1,0,0.0,0.0,1,1,0,-1,-1,-1,2,0,90,86,79
401,87,703,58,100,42,140,140,64,64,0,87,140,58,80,22,0.007726607440688927,0.01153885428367201,63,70,7,2,3,3,10,8,18,57,47
402,0,616,1,100,99,0,32,1,40,39,0,32,1,48,47,0.0,0.011606930120153852,1,74,73,2,-1,3,5,0,45,81,37
403,40,142,48,79,31,76,76,54,54,0,40,43,48,49,1,0.005922597773920147,0.00622893903808843,55,56,1,4,2,2,6,1,56,90,63
404,38,638,48,100,52,136,136,67,67,0,38,136,48,83,35,0.0032336022328874367,0.011266550937744648,49,70,21,2,3,3,11,6,38,70,14
405,50,666,52,100,48,124,154,60,64,4,44,128,51,82,31,0.003982436434187685,0.01242384015793594,52,69,17,2,3,3,14,6,17,41,31
406,363,979,97,100,3,168,168,96,96,0,168,168,96,96,0,0.036624800027230335,0.04036897103373158,92,93,1,2,2,2,6,30,48,7,22
407,100,100,61,61,0,100,100,40,40,0,100,100,61,61,0,0.036080193335375606,0.04843595765682971,93,98,5,2,1,1,14,15,8,16,6
408,12,218,37,92,55,18,22,33,33,0,12,18,37,44,7,0.0005786446100956465,0.0022465026039007454,34,46,12,3,4,4,5,2,88,63,94
409,85,701,64,100,36,144,184,72,78,6,85,184,64,86,22,0.008951972497362062,0.03533135913407536,67,92,25,2,2,2,10,6,12,35,11
410,62,62,57,57,0,104,104,81,81,0,62,62,58,58,0,0.004186663943633207,0.004186663943633207,54,54,0,-1,2,2,5,6,61,70,92
411,339,939,99,100,1,120,120,90,90,0,120,120,90,90,0,0.04806154055617958,0.05854521937438306,99,99,0,2,2,2,6,36,69,2,6
412,0,616,1,100,99,0,20,1,41,40,0,20,1,46,45,0.0,0.010892133837094524,1,72,71,2,-1,3,3,0,60,40,32
413,16,1656,36,100,64,88,160,42,72,30,16,160,36,85,49,0.0012253650566731338,0.0335613873855475,38,93,55,1,3,2,11,1,38,71,0
414,91,297,76,99,23,22,22,48,48,0,22,22,51,51,0,0.016236087000919025,0.02559651451717213,80,88,8,3,3,3,2,12,95,37,14
415,16,222,38,93,55,36,40,38,38,0,16,25,38,47,9,0.00034037918240920387,0.0012934408931549745,33,39,6,3,3,3,7,1,62,4,43
416,442,442,100,100,0,168,168,99,99,0,168,168,99,99,0,0.04935498144933456,0.04935498144933456,99,99,0,-1,2,2,6,36,71,2,76
417,180,282,85,94,9,202,202,88,88,0,180,182,85,85,0,0.014738418598318526,0.014772456516559448,75,75,0,4,2,2,10,8,12,8,68
418,1,207,26,93,67,3,14,26,33,7,1,14,26,39,13,3.4037918240920386e-05,0.01153885428367201,26,74,48,3,6,4,3,1,55,68,18
419,82,182,76,96,20,46,46,83,83,0,46,46,83,83,0,0.013104598522754349,0.013887470642295518,73,74,1,4,2,2,2,7,99,48,74
420,60,266,68,99,31,32,32,71,71,0,32,32,71,71,0,0.00888389666088022,0.020899281799925118,67,86,19,3,3,3,2,6,99,26,6
421,6,6,29,29,0,44,44,36,36,0,6,6,29,29,0,0.0006126825283365669,0.0006126825283365669,37,37,0,-1,4,4,8,1,30,49,82
422,338,954,96,100,4,256,256,95,95,0,256,256,95,95,0,0.02661765206439974,0.0313829606181286,88,90,2,2,2,2,10,19,18,15,34
423,190,790,90,100,10,158,158,80,80,0,158,158,86,86,0,0.02042275094455223,0.028830116750059566,84,88,4,2,2,2,9,17,23,6,17
424,44,145,51,85,34,56,56,49,49,0,44,45,51,53,2,0.006331052792811192,0.0063650907110521125,56,56,0,6,3,3,6,7,69,62,78
425,54,1694,59,100,41,60,94,52,77,25,54,94,60,77,17,0.006909697402906838,0.046223492971169886,60,97,37,1,3,2,5,7,45,62,0
426,8,214,38,94,56,8,12,33,39,6,8,12,38,41,3,0.001055175465468532,0.00980292045338507,41,70,29,3,4,4,2,3,90,51,19
427,110,726,79,100,21,70,70,63,63,0,70,70,66,66,0,0.012185574730249497,0.03366350114027026,72,93,21,2,3,3,5,14,49,32,9
428,254,854,93,100,7,256,256,94,94,0,256,256,96,96,0,0.02324789815854862,0.028830116750059566,86,88,2,2,2,2,10,18,11,30,44
429,0,206,1,93,92,0,30,1,40,39,0,30,1,48,47,0.0,0.00980292045338507,1,70,69,3,-1,4,5,0,45,96,19
430,0,206,1,88,87,0,17,1,28,27,0,6,1,28,27,0.0,0.0002382654276864427,1,31,30,3,-1,4,10,0,11,81,88
431,0,102,1,80,79,0,5,1,26,25,0,2,1,26,25,0.0,3.4037918240920386e-05,1,27,26,4,-1,5,3,1,87,50,95
432,100,100,63,63,0,100,100,47,47,0,100,100,63,63,0,0.020558902617515914,0.021511964328261683,82,84,2,3,1,1,10,8,22,57,53
433,32,134,55,88,33,12,12,40,40,0,12,12,42,42,0,0.0068075836481840775,0.011164437183021887,65,72,7,4,4,4,2,6,90,34,31
434,0,616,1,100,99,0,48,1,58,57,0,48,1,62,61,0.0,0.03151911229109228,1,93,92,2,-1,3,3,0,75,91,2
435,72,672,70,100,30,64,64,68,68,0,64,64,71,71,0,0.013444977705163553,0.02297559481262126,77,85,8,2,3,3,4,8,72,20,5
436,12,114,40,81,41,24,24,37,37,0,12,24,40,53,13,0.00037441710065012424,0.0010892133837094523,35,39,4,4,4,4,4,2,77,63,43
437,24,640,48,100,52,74,84,46,50,4,24,84,48,64,16,0.0020422750944552232,0.010177337554035196,45,70,25,2,3,3,8,3,57,54,32
438,22,22,40,40,0,66,66,47,47,0,22,22,40,40,0,0.0035059055788147996,0.0035059055788147996,46,46,0,-1,3,3,6,3,71,29,50
439,16,222,43,93,50,34,34,47,47,0,16,34,44,54,10,0.0019741992579733825,0.012253650566731339,46,75,29,3,3,3,4,1,77,53,5
440,16,632,31,100,69,90,100,39,39,0,16,52,31,50,19,0.0023486163586235067,0.009734844616903231,45,65,20,2,3,3,14,2,25,94,34
441,0,206,1,87,86,0,36,1,33,32,0,7,1,34,33,0.0,0.0013955546478777359,1,40,39,3,-1,4,10,0,22,92,61
442,0,616,1,100,99,0,22,1,41,40,0,22,1,43,42,0.0,0.012389802239695021,1,74,73,2,-1,3,2,0,91,96,32
443,572,1188,99,100,1,320,320,98,98,0,320,320,98,98,0,0.04935498144933456,0.0743047755199292,97,100,3,2,2,2,11,36,33,2,3
444,0,206,1,92,91,0,14,1,33,32,0,14,1,37,36,0.0,0.0017359338302869397,1,44,43,3,-1,4,5,1,37,45,70
445,0,206,1,91,90,0,24,1,36,35,0,20,1,47,46,0.0,0.005514142755029102,1,55,54,3,-1,4,4,1,83,50,72
446,100,100,61,61,0,100,100,44,44,0,100,100,61,61,0,0.04288777698355969,0.04288777698355969,94,94,0,-1,1,1,12,22,6,9,36
447,6,622,32,100,68,14,28,34,44,10,6,28,32,48,16,0.002586881786309949,0.03710133088260322,48,94,46,2,4,3,3,1,60,90,3
448,0,0,1,1,0,0,0,1,1,0,0,0,1,1,0,0.0,0.0,1,1,0,-1,-1,-1,10,0,36,91,87
449,0,616,1,100,99,0,40,1,39,38,0,40,1,49,48,0.0,0.007590455767725246,1,58,57,2,-1,3,5,0,52,79,27
450,40,656,47,100,53,62,112,38,66,28,40,112,47,77,30,0.0025188059498281084,0.027162258756254467,45,88,43,2,2,2,8,1,27,60,0
451,146,762,89,100,11,72,72,77,77,0,72,72,79,79,0,0.020763130126961436,0.04173048776336839,88,95,7,2,2,2,3,16,96,12,9
452,0,206,1,93,92,0,10,1,30,29,0,8,1,35,34,0.0,0.0030974505599237552,1,47,46,3,-1,4,3,0,92,40,29
453,169,375,86,96,10,174,174,92,92,0,169,174,92,92,0,0.013036522686272508,0.016440314510364547,74,78,4,3,2,2,7,8,43,57,26
454,40,141,58,89,31,28,28,46,46,0,28,28,53,53,0,0.0057524081827155455,0.005820484019197386,59,59,0,5,3,3,3,6,81,26,4
455,100,100,69,69,0,100,100,66,66,0,100,100,72,72,0,0.04680213758126553,0.08223561047006366,96,100,4,1,1,1,6,17,44,6,7
456,0,101,1,76,75,0,4,1,25,24,0,1,1,25,24,0.0,6.807583648184077e-05,1,27,26,5,-1,6,4,0,53,59,78
457,0,206,1,93,92,0,9,1,31,30,0,9,1,36,35,0.0,0.002212464685659825,1,46,45,3,-1,4,3,0,55,79,41
458,625,831,100,100,0,368,368,100,100,0,368,368,100,100,0,0.053269342047040404,0.05589026175159127,99,99,0,3,2,2,11,36,19,2,41
459,0,0,1,1,0,0,0,1,1,0,0,0,1,1,0,0.0,0.0,1,1,0,-1,-1,-1,4,0,73,93,81
460,16,632,41,100,59,40,50,43,47,4,16,36,41,52,11,0.002144388849177984,0.009156200006807584,47,65,18,2,3,3,5,1,49,53,73
461,240,446,89,97,8,240,240,88,88,0,240,240,90,90,0,0.02552843868069029,0.028932230504782327,88,88,0,3,2,2,12,15,2,16,28
462,126,742,83,100,17,270,270,83,83,0,126,148,83,85,2,0.013513053541645392,0.016474352428605468,76,78,2,2,2,2,16,8,4,20,75
463,16,16,36,36,0,72,72,46,46,0,16,16,36,36,0,0.001599782157323258,0.001599782157323258,40,40,0,-1,3,3,7,1,43,53,45
464,0,1640,1,100,99,0,148,1,78,77,0,148,1,83,82,0.0,0.03223390857415161,1,91,90,1,-1,2,9,0,31,85,1
465,32,238,44,88,44,64,64,40,40,0,32,62,44,54,10,0.0012253650566731338,0.004969536063174376,37,53,16,3,3,3,8,2,27,74,26
466,0,616,1,100,99,0,70,1,39,38,0,56,1,54,53,0.0,0.009598692943939549,1,66,65,2,-1,3,9,0,29,86,77
467,46,252,53,93,40,64,64,57,57,0,46,64,52,64,12,0.004935498144933456,0.009326389598012186,52,68,16,3,2,2,5,2,88,52,57
468,292,393,95,97,2,272,272,95,95,0,272,272,95,95,0,0.023418087749753225,0.023418087749753225,88,88,0,5,2,2,11,15,19,16,58
469,0,206,1,93,92,0,18,1,40,39,0,18,1,44,43,0.0,0.008169100377820893,1,66,65,3,-1,4,3,0,60,66,14
470,32,648,44,100,56,136,136,63,63,0,32,49,44,52,8,0.0032336022328874367,0.0036760951700194017,50,51,1,2,3,3,16,2,9,75,56
471,42,144,54,82,28,66,66,51,51,0,40,43,52,54,2,0.0034037918240920387,0.0035739814152966403,52,52,0,4,3,3,6,6,34,41,56
472,296,502,94,99,5,320,320,95,95,0,296,296,93,93,0,0.024098846114571634,0.024439225296980838,86,86,0,3,2,2,14,20,17,23,60
473,1,1,26,26,0,12,12,26,26,0,1,1,26,26,0,0.00010211375472276115,0.00010211375472276115,27,27,0,-1,6,6,12,1,14,78,67
474,6,622,33,100,67,24,34,38,43,5,6,34,33,53,20,0.0011232513019503727,0.022465026039007456,41,85,44,2,4,3,4,1,72,71,7
475,0,206,1,89,88,0,27,1,29,28,0,12,1,34,33,0.0,0.0006126825283365669,1,34,33,3,-1,4,10,0,18,92,74
476,62,268,52,95,43,144,144,61,61,0,62,70,52,53,1,0.0036760951700194017,0.0045270431260424114,50,52,2,3,2,2,10,3,0,54,74
477,2,208,27,92,65,6,18,29,37,8,2,18,27,46,19,6.807583648184077e-05,0.010619830491167161,30,68,38,3,5,4,3,1,85,60,37
478,169,769,90,100,10,104,104,86,86,0,104,104,86,86,0,0.0230436706491031,0.026753803737363423,86,89,3,2,2,2,5,16,45,18,22
479,0,206,1,93,92,0,18,1,40,39,0,18,1,44,43,0.0,0.007828721195411689,1,66,65,3,-1,4,3,0,60,40,8
480,12,628,42,100,58,20,34,34,44,10,12,34,42,52,10,0.0008169100377820892,0.009258313761530345,39,65,26,2,4,3,4,2,84,74,14
481,12,12,35,35,0,50,50,36,36,0,12,12,35,35,0,0.0009530617107457708,0.0009530617107457708,37,37,0,-1,4,4,9,2,54,74,92
482,100,202,69,90,21,94,94,72,72,0,94,94,73,73,0,0.00966676878042139,0.010075223799312433,70,70,0,4,2,2,5,7,80,21,42
483,91,297,72,95,23,72,72,77,77,0,72,72,77,77,0,0.010824058000612683,0.017087034956942034,75,80,5,3,2,2,3,8,82,44,77
484,16,632,42,100,58,24,38,42,51,9,16,38,42,54,12,0.001157289220191293,0.02379250485040335,39,87,48,2,3,3,3,1,66,88,10
485,22,638,40,100,60,70,102,35,57,22,22,74,40,56,16,0.0017018959120460194,0.007760645358929848,41,63,22,2,3,3,12,3,3,51,21
486,2,208,28,93,65,5,10,29,31,2,2,10,28,37,9,0.0002723033459273631,0.0026209197045508697,32,50,18,3,5,4,3,1,64,55,41
487,0,616,1,100,99,0,64,1,34,33,0,16,1,32,31,0.0,0.0030634126416828346,1,49,48,2,-1,3,15,0,7,76,90
488,274,890,96,100,4,128,128,95,95,0,128,128,95,95,0,0.03311889444841554,0.038530923448721874,91,94,3,2,2,2,5,22,45,9,22
489,100,100,69,69,0,100,100,55,55,0,100,100,69,69,0,0.06892678443786378,0.06892678443786378,100,100,0,-1,1,1,8,36,30,2,59
490,158,358,84,97,13,164,164,69,69,0,158,160,85,85,0,0.009598692943939549,0.00966676878042139,69,69,0,3,2,2,10,9,0,31,56
491,0,616,1,100,99,0,38,1,37,36,0,32,1,47,46,0.0,0.003948398515946765,1,50,49,2,-1,3,6,0,48,59,47
492,108,314,76,93,17,80,80,59,59,0,80,80,63,63,0,0.013444977705163553,0.014568229007113924,76,79,3,3,3,3,5,8,61,8,52
493,80,286,70,98,28,88,88,82,82,0,88,88,82,82,0,0.01320671227747711,0.014704380680077607,77,78,1,3,2,2,4,5,78,25,52
494,222,222,94,94,0,206,206,95,95,0,206,206,96,96,0,0.02307770856734402,0.02307770856734402,84,84,0,-1,2,2,9,16,35,18,92
495,12,218,35,93,58,18,18,36,36,0,12,18,35,44,9,0.0013274788113958951,0.0028591851322373124,39,49,10,3,4,4,3,2,82,74,54
496,77,693,71,100,29,78,78,75,75,0,78,78,77,77,0,0.010245413390517035,0.026821879573845263,68,88,20,2,2,2,4,8,77,57,12
497,28,28,49,49,0,34,34,39,39,0,28,28,49,49,0,0.0025188059498281084,0.0025188059498281084,47,47,0,-1,3,3,4,6,53,70,69
498,100,100,69,69,0,100,100,55,55,0,100,100,69,69,0,0.06225535246264338,0.06225535246264338,100,100,0,-1,1,1,9,40,26,3,79
499,0,616,1,100,99,0,100,1,44,43,0,100,1,65,64,0.0,0.01579359406378706,1,79,78,2,-1,3,10,0,1,81,23
500,22,228,49,97,48,22,22,49,49,0,22,22,50,50,0,0.0037441710065012424,0.010449640899962559,52,69,17,3,3,3,2,3,93,29,32
501,16,632,33,100,67,66,110,36,57,21,16,110,33,71,38,0.001157289220191293,0.01746145205759216,38,82,44,2,3,3,10,1,0,71,16
502,12,218,37,95,58,28,28,34,34,0,12,20,37,45,8,0.0011913271384322134,0.0026889955410327104,40,49,9,3,4,4,6,3,32,51,54
503,6,212,29,91,62,32,52,32,34,2,6,52,29,52,23,0.00013615167296368154,0.011096361346540046,31,74,43,3,4,4,10,1,1,65,12
504,0,1640,1,100,99,0,40,1,72,71,0,40,1,73,72,0.0,0.034140031995643146,1,92,91,1,-1,2,3,0,92,91,45
505,72,174,66,92,26,32,32,58,58,0,32,32,59,59,0,0.008271214132543654,0.008509479560230097,62,63,1,4,3,3,2,7,68,48,56
506,12,218,45,97,52,12,12,35,35,0,12,12,43,43,0,0.0022465026039007454,0.002927260968719153,48,52,4,3,4,4,2,2,86,75,42
507,6,212,30,94,64,12,12,32,32,0,6,12,30,36,6,0.0005105687736138058,0.005582218591510943,35,55,20,3,4,4,2,2,91,42,44
508,16,222,38,92,54,60,60,51,51,0,16,36,38,50,12,0.003914360597705844,0.007726607440688927,51,64,13,3,3,3,5,3,37,46,28
509,0,616,1,100,99,0,46,1,33,32,0,32,1,45,44,0.0,0.004833384390210695,1,55,54,2,-1,3,12,0,3,92,35
510,236,852,93,100,7,288,288,88,88,0,236,288,93,95,2,0.02198849518363457,0.03832669593927635,85,95,10,2,2,2,15,18,7,30,15
511,100,100,81,81,0,100,100,98,98,0,100,100,98,98,0,0.10425814357193915,0.10647060825759896,100,100,0,4,1,1,2,29,86,11,28
512,100,100,60,60,0,100,100,40,40,0,100,100,60,60,0,0.032948704857210936,0.032948704857210936,92,92,0,-1,1,1,14,17,25,6,97
513,6,6,27,27,0,29,29,29,29,0,6,6,27,27,0,0.0002042275094455223,0.0002042275094455223,30,30,0,-1,4,4,14,1,8,55,82
514,97,97,80,80,0,62,62,82,82,0,62,62,82,82,0,0.015827631982027978,0.015827631982027978,79,79,0,-1,2,2,3,8,92,44,89
515,60,1700,58,100,42,82,126,56,79,23,60,126,58,81,23,0.006637394056979475,0.028421661731168522,60,90,30,1,3,2,7,6,62,26,32
516,63,63,54,54,0,86,86,49,49,0,63,63,54,54,0,0.007216038667075122,0.007216038667075122,56,56,0,-1,2,2,7,6,46,73,85
517,0,206,1,94,93,0,14,1,31,30,0,9,1,35,34,0.0,0.001599782157323258,1,41,40,3,-1,4,3,0,96,82,54
518,54,54,60,60,0,48,48,67,67,0,48,48,70,70,0,0.007113924912352361,0.007113924912352361,59,59,0,-1,3,3,3,7,96,62,81
519,16,1656,35,100,65,86,154,43,71,28,16,154,35,85,50,0.002280540522141666,0.02573266619013581,45,87,42,1,3,2,10,1,36,53,30
520,0,206,1,91,90,0,24,1,39,38,0,24,1,50,49,0.0,0.01960584090677014,1,82,81,3,-1,4,4,1,84,50,1
521,0,0,1,1,0,0,0,1,1,0,0,0,1,1,0,0.0,0.0,1,1,0,-1,-1,-1,10,0,36,99,69
522,161,263,94,100,6,32,32,67,67,0,32,32,68,68,0,0.028728002995336805,0.03114469519044215,90,93,3,4,3,3,2,29,97,1,35
523,6,212,29,89,60,26,30,30,31,1,6,12,29,32,3,0.0002042275094455223,0.0010211375472276116,33,37,4,3,4,4,11,1,33,60,42
524,154,770,87,100,13,88,88,73,73,0,88,88,74,74,0,0.011606930120153852,0.021239660982334322,71,86,15,2,2,2,4,13,83,24,33
525,307,907,97,100,3,104,104,86,86,0,104,104,86,86,0,0.03311889444841554,0.042751625310596,91,95,4,2,2,2,5,29,45,1,20
526,0,616,1,100,99,0,18,1,46,45,0,18,1,48,47,0.0,0.016712617856291908,1,79,78,2,-1,3,2,1,99,69,9
527,88,88,63,63,0,184,184,78,78,0,88,88,63,63,0,0.006943735321147759,0.006943735321147759,57,57,0,-1,2,2,11,4,33,22,67
528,102,204,76,88,12,128,128,67,67,0,102,104,76,76,0,0.012083460975526737,0.012185574730249497,72,72,0,4,3,3,8,8,15,17,60
529,100,100,60,60,0,100,100,40,40,0,100,100,60,60,0,0.017937982912965042,0.018822968787228972,77,77,0,3,1,1,14,5,25,47,74
530,0,102,1,81,80,0,6,1,29,28,0,6,1,31,30,0.0,0.002144388849177984,1,46,45,4,-1,5,3,0,81,89,41
531,1,102,25,82,57,2,2,25,25,0,1,2,25,26,1,3.4037918240920386e-05,3.4037918240920386e-05,26,26,0,6,6,6,2,1,91,68,58
532,6,6,31,31,0,14,14,33,33,0,6,6,31,31,0,0.0008509479560230097,0.0008509479560230097,37,37,0,-1,4,4,3,2,66,42,80
533,0,616,1,100,99,0,42,1,37,36,0,16,1,35,34,0.0,0.0029612988869600733,1,46,45,2,-1,3,8,0,39,86,46
534,119,735,84,100,16,78,88,75,79,4,78,88,77,80,3,0.011709043874876613,0.021784267674189048,73,85,12,2,2,2,4,13,77,24,32
535,0,1640,1,100,99,0,130,1,60,59,0,90,1,57,56,0.0,0.012015385139044895,1,70,69,1,-1,2,14,0,25,40,13
536,267,473,94,99,5,200,200,94,94,0,200,200,94,94,0,0.0298852922155281,0.03362946322202934,87,87,0,3,2,2,8,15,57,16,13
537,100,100,66,66,0,100,100,67,67,0,100,100,73,73,0,0.05915790190271963,0.06409340004765308,98,98,0,2,1,1,5,22,52,9,26
538,2,2,27,27,0,11,11,29,29,0,2,2,27,27,0,6.807583648184077e-05,6.807583648184077e-05,28,28,0,-1,5,5,6,1,74,95,99
539,42,658,51,100,49,164,174,66,66,0,40,94,49,57,8,0.003710133088260322,0.009360427516253106,50,65,15,2,3,3,14,6,16,41,62
540,58,658,66,100,34,28,28,45,45,0,28,28,49,49,0,0.008169100377820893,0.030361823070900983,66,90,24,2,3,3,3,7,60,48,3
541,18,634,40,100,60,106,126,58,64,6,18,126,40,81,41,0.0012934408931549745,0.010960209673576363,40,70,30,2,3,3,10,2,36,61,19
542,0,206,1,92,91,0,12,1,33,32,0,6,1,33,32,0.0,0.0005786446100956465,1,36,35,3,-1,4,4,0,77,40,49
543,0,1640,1,100,99,0,72,1,58,57,0,72,1,64,63,0.0,0.027877055039313797,1,88,87,1,-1,2,6,0,69,87,37
544,100,100,66,66,0,100,100,49,49,0,100,100,66,66,0,0.03563770039824364,0.03563770039824364,93,93,0,-1,1,1,9,18,54,5,85
545,100,100,60,60,0,100,100,52,52,0,100,100,60,60,0,0.03866707512168556,0.03866707512168556,95,95,0,-1,1,1,9,16,29,12,50
546,1,207,26,92,66,5,22,26,33,7,1,22,26,47,21,0.0,0.008475441641989176,1,66,65,3,6,4,5,1,70,78,33
547,0,616,1,100,99,0,80,1,38,37,0,56,1,50,49,0.0,0.00789679703189353,1,64,63,2,-1,3,12,0,3,36,27
548,2,208,28,91,63,11,30,29,34,5,2,28,28,48,20,3.4037918240920386e-05,0.003778208924742163,29,49,20,3,5,4,7,1,62,95,47
549,6,622,32,100,68,17,72,32,44,12,6,72,32,55,23,0.0,0.01865277919602437,1,85,84,2,4,3,7,1,46,95,23
550,324,940,98,100,2,96,96,89,89,0,96,96,89,89,0,0.03699921712788046,0.0477551992920113,94,95,1,2,2,2,3,29,64,1,77
551,264,880,96,100,4,112,112,99,99,0,112,112,99,99,0,0.03594404166241193,0.04394295244902822,93,97,4,2,2,2,4,22,67,9,31
552,2,2,25,25,0,7,7,25,25,0,2,2,25,25,0,6.807583648184077e-05,6.807583648184077e-05,25,25,0,-1,5,5,4,1,67,95,87
553,100,100,61,61,0,100,100,43,43,0,100,100,61,61,0,0.03015759556145546,0.03094046768099663,90,90,0,3,1,1,12,12,2,37,64
554,228,228,91,91,0,192,192,86,86,0,192,192,89,89,0,0.019639878825011062,0.019639878825011062,82,82,0,-1,2,2,9,17,28,6,69
555,2,208,25,93,68,12,44,25,31,6,2,26,25,44,19,3.4037918240920386e-05,0.004356853534837809,26,53,27,3,5,4,10,1,36,78,38
556,0,0,1,1,0,0,0,1,1,0,0,0,1,1,0,0.0,0.0,1,1,0,-1,-1,-1,6,0,44,91,36
557,325,531,99,100,1,96,96,92,92,0,96,96,92,92,0,0.04952517104053916,0.05480104836788182,96,97,1,3,2,2,3,36,81,2,62
558,78,78,65,65,0,78,78,75,75,0,78,78,76,76,0,0.010858095918853602,0.010858095918853602,74,74,0,-1,2,2,4,4,73,38,87
559,22,638,42,100,58,42,56,38,47,9,22,56,42,56,14,0.0011232513019503727,0.010721944245889922,38,68,30,2,3,3,6,2,65,74,77
560,40,656,54,100,46,48,62,70,79,9,40,62,70,80,10,0.006841621566424997,0.02542632492596753,60,89,29,2,2,2,3,1,94,55,18
561,39,141,58,91,33,32,32,63,63,0,32,32,64,64,0,0.005037611899656217,0.006297014874570271,58,61,3,4,3,3,2,4,86,22,75
562,6,212,31,93,62,18,18,40,40,0,6,18,31,44,13,0.001940161339732462,0.004186663943633207,44,49,5,3,4,4,3,2,92,94,70
563,6,1646,27,100,73,16,54,29,55,26,6,46,27,54,27,0.00034037918240920387,0.027094182919772627,29,90,61,1,4,2,4,1,67,4,50
564,252,458,92,98,6,168,168,95,95,0,168,168,95,95,0,0.02386058068688519,0.028932230504782327,86,88,2,3,2,2,6,16,41,12,44
565,0,616,1,100,99,0,28,1,45,44,0,28,1,52,51,0.0,0.010245413390517035,1,71,70,2,-1,3,3,1,81,45,27
566,62,62,55,55,0,134,134,66,66,0,62,62,55,55,0,0.004220701861874128,0.004220701861874128,51,51,0,-1,2,2,10,6,22,70,40
567,162,362,92,100,8,56,56,85,85,0,56,56,85,85,0,0.026855917492086184,0.02995336805200994,88,90,2,3,2,2,2,16,90,12,35
568,100,100,69,69,0,100,100,71,71,0,100,100,72,72,0,0.0704584907587052,0.0706286803499098,100,100,0,4,1,1,6,40,56,3,63
569,0,102,1,74,73,0,6,1,27,26,0,3,1,29,28,0.0,0.00030634126416828345,1,32,31,4,-1,5,4,0,83,92,63
570,0,616,1,100,99,0,34,1,37,36,0,29,1,47,46,0.0,0.005956635692161067,1,59,58,2,-1,3,6,1,74,69,34
571,96,96,68,68,0,104,104,66,66,0,104,104,79,79,0,0.008441403723748256,0.008441403723748256,62,62,0,-1,3,3,9,13,26,24,99
572,46,1686,52,100,48,98,132,52,71,19,46,132,53,81,28,0.0029612988869600733,0.021069471391129718,46,83,37,1,2,2,9,2,31,52,27
573,100,100,70,70,0,100,100,68,68,0,100,100,73,73,0,0.04670002382654277,0.04670002382654277,94,94,0,-1,1,1,6,20,48,23,93
574,0,0,1,1,0,0,0,1,1,0,0,0,1,1,0,0.0,0.0,1,1,0,-1,-1,-1,8,0,10,40,89
575,100,100,69,69,0,100,100,70,70,0,100,100,72,72,0,0.03318697028489737,0.038905340549372,93,95,2,2,1,1,6,6,65,41,34
576,0,616,1,100,99,0,38,1,52,51,0,38,1,54,53,0.0,0.014023622315259198,1,75,74,2,-1,3,3,1,64,45,19
577,6,108,28,80,52,13,13,28,28,0,6,8,28,33,5,0.0,0.00013615167296368154,1,29,28,4,4,4,5,1,50,95,4
578,86,86,61,61,0,166,166,72,72,0,86,86,61,61,0,0.00966676878042139,0.00966676878042139,69,69,0,-1,3,3,11,6,33,77,59
579,56,56,55,55,0,84,84,66,66,0,56,56,55,55,0,0.0068075836481840775,0.0068075836481840775,59,59,0,-1,2,2,5,3,61,29,76
580,0,0,1,1,0,0,0,1,1,0,0,0,1,1,0,0.0,0.0,1,1,0,-1,-1,-1,2,0,99,66,96
581,0,0,1,1,0,0,0,1,1,0,0,0,1,1,0,0.0,0.0,1,1,0,-1,-1,-1,7,0,24,84,45
582,180,282,85,94,9,202,202,88,88,0,180,184,85,86,1,0.014738418598318526,0.015419176963136935,75,75,0,4,2,2,10,8,12,8,51
583,0,616,1,100,99,0,78,1,46,45,0,78,1,60,59,0.0,0.010313489226998877,1,70,69,2,-1,3,8,0,30,97,33
584,46,46,54,54,0,56,56,46,46,0,46,46,54,54,0,0.0045270431260424114,0.0045270431260424114,54,54,0,-1,3,3,6,6,74,28,69
585,100,100,64,64,0,100,100,59,59,0,100,100,64,64,0,0.07175193165186017,0.08795398073453828,100,100,0,2,1,1,6,36,40,2,9
586,2,618,28,100,72,8,32,28,40,12,2,32,28,48,20,0.0002382654276864427,0.006773545729943157,32,58,26,2,5,3,5,1,45,55,48
587,0,101,1,71,70,0,7,1,25,24,0,1,1,25,24,0.0,0.0,1,1,0,5,-1,6,7,0,46,99,65
588,480,686,100,100,0,192,192,100,100,0,192,192,100,100,0,0.04683617549950645,0.0475850097008067,97,98,1,3,2,2,6,40,51,3,64
589,78,284,63,95,32,158,158,83,83,0,78,96,63,68,5,0.009122162088566664,0.016712617856291908,66,80,14,3,2,2,9,4,26,72,34
590,166,166,84,84,0,208,208,85,85,0,166,166,84,84,0,0.013785356887572755,0.013785356887572755,74,74,0,-1,2,2,10,9,18,27,82
591,374,374,97,97,0,400,400,97,97,0,374,374,97,97,0,0.028217434221723,0.028217434221723,88,88,0,-1,2,2,16,15,4,16,96
592,92,1732,65,100,35,138,162,71,81,10,92,132,65,80,15,0.0088498587426393,0.020661016372238675,67,82,15,1,2,2,9,7,54,48,4
593,172,172,83,83,0,184,184,79,79,0,172,172,84,84,0,0.011232513019503728,0.011232513019503728,71,71,0,-1,2,2,10,9,12,31,45
594,304,904,98,100,2,112,112,97,97,0,112,112,97,97,0,0.03761189965621702,0.045678886279315156,93,96,3,2,2,2,4,30,84,7,38
595,8,214,35,91,56,36,36,35,35,0,8,14,35,35,0,0.00037441710065012424,0.0007828721195411688,34,37,3,3,4,4,8,2,30,63,42
596,0,0,1,1,0,0,0,1,1,0,0,0,1,1,0,0.0,0.0,1,1,0,-1,-1,-1,10,0,36,80,81
597,46,1686,54,100,46,90,124,65,88,23,46,124,54,90,36,0.006024711528642908,0.028796078831818644,60,90,30,1,2,2,6,3,74,29,48
598,0,1640,1,100,99,0,70,1,61,60,0,70,1,68,67,0.0,0.026821879573845263,1,89,88,1,-1,2,5,0,45,66,44
599,0,206,1,93,92,0,24,1,33,32,0,15,1,36,35,0.0,0.002382654276864427,1,46,45,3,-1,4,6,0,34,85,41
600,56,56,59,59,0,112,112,73,73,0,56,56,59,59,0,0.006433166547533953,0.006433166547533953,62,62,0,-1,2,2,8,2,39,75,97
601,18,18,44,44,0,46,46,40,40,0,18,18,44,44,0,0.0005786446100956465,0.0005786446100956465,35,35,0,-1,3,3,6,2,44,56,59
602,6,6,32,32,0,8,8,32,32,0,6,6,32,32,0,0.001055175465468532,0.001055175465468532,39,39,0,-1,4,4,2,1,68,71,86
603,304,510,98,100,2,112,112,97,97,0,112,112,97,97,0,0.03761189965621702,0.0390755301405766,93,93,0,3,2,2,4,30,84,7,54
604,40,246,50,95,45,102,102,66,66,0,40,49,50,53,3,0.0028932230504782326,0.003880322679464924,47,50,3,3,2,2,8,1,39,71,64
605,0,616,1,100,99,0,50,1,49,48,0,50,1,53,52,0.0,0.019980258007420267,1,84,83,2,-1,3,5,0,37,66,7
606,28,28,48,48,0,46,46,41,41,0,28,28,48,48,0,0.00176997174852786,0.00176997174852786,43,43,0,-1,3,3,6,3,34,54,80
607,6,6,30,30,0,16,16,31,31,0,6,6,30,30,0,0.00088498587426393,0.00088498587426393,37,37,0,-1,4,4,6,2,65,42,76
608,100,100,77,77,0,100,100,97,97,0,100,100,97,97,0,0.06759930562646789,0.06759930562646789,99,99,0,-1,1,1,3,12,55,37,86
609,0,0,1,1,0,0,0,1,1,0,0,0,1,1,0,0.0,0.0,1,1,0,-1,-1,-1,16,1,9,69,36
610,100,100,66,66,0,100,100,67,67,0,100,100,73,73,0,0.04802750263793867,0.04949113312229824,97,97,0,4,1,1,5,18,52,5,94
611,2,618,25,100,75,12,58,25,35,10,2,52,25,54,29,6.807583648184077e-05,0.008407365805507334,27,65,38,2,5,3,10,1,36,68,8
612,22,123,48,84,36,40,40,44,44,0,22,23,48,49,1,0.002552843868069029,0.002586881786309949,46,47,1,5,3,3,5,2,70,83,55
613,14,14,47,47,0,12,12,35,35,0,12,12,43,43,0,0.0019061234214915416,0.0019061234214915416,46,46,0,-1,4,4,2,3,86,54,81
614,152,152,84,84,0,88,88,73,73,0,88,88,74,74,0,0.017052997038701112,0.017052997038701112,82,82,0,-1,2,2,4,8,83,8,89
615,40,656,58,100,42,44,72,67,83,16,40,72,67,83,16,0.00616086320160659,0.039415909322985804,62,95,33,2,2,2,3,2,81,42,3
616,121,121,87,87,0,32,32,63,63,0,32,32,65,65,0,0.021511964328261683,0.021511964328261683,86,86,0,-1,3,3,2,16,98,18,66
617,6,108,28,73,45,25,25,30,30,0,6,8,28,31,3,0.00013615167296368154,0.00013615167296368154,29,29,0,4,4,4,9,1,29,60,95
618,0,0,1,1,0,0,0,1,1,0,0,0,1,1,0,0.0,0.0,1,1,0,-1,-1,-1,14,0,16,82,99
619,44,250,55,94,39,48,48,54,54,0,48,48,56,56,0,0.006841621566424997,0.012730181422104225,57,74,17,3,3,3,3,7,87,62,31
620,0,206,1,88,87,0,46,1,35,34,0,26,1,44,43,0.0,0.003642057251778481,1,50,49,3,-1,4,9,0,54,86,47
621,25,25,53,53,0,18,18,48,48,0,18,18,51,51,0,0.004356853534837809,0.004356853534837809,55,55,0,-1,3,3,2,6,90,73,66
622,62,678,53,100,47,92,102,47,57,10,62,102,53,72,19,0.00353994349705572,0.009190237925048503,51,67,16,2,2,2,8,3,42,54,34
623,0,206,1,93,92,0,9,1,31,30,0,9,1,36,35,0.0,0.0022465026039007454,1,47,46,3,-1,4,3,0,55,96,41
624,190,190,90,90,0,126,126,80,80,0,126,126,83,83,0,0.021137547227611558,0.021137547227611558,82,82,0,-1,2,2,7,16,62,18,86
625,16,118,38,81,43,56,56,46,46,0,16,18,38,43,5,0.002280540522141666,0.0024166921951053475,47,47,0,4,3,3,6,2,74,94,88
626,144,144,84,84,0,182,182,87,87,0,144,144,82,82,0,0.010926171755335444,0.010926171755335444,73,73,0,-1,2,2,9,7,31,21,99
627,0,206,1,88,87,0,14,1,29,28,0,8,1,34,33,0.0,0.0004765308553728854,1,34,33,3,-1,4,6,0,41,93,63
628,40,1680,48,100,52,136,210,65,82,17,40,210,48,90,42,0.004493005207801491,0.03281255318424725,54,92,38,1,2,2,12,2,3,94,7
629,39,245,54,95,41,48,48,65,65,0,48,48,68,68,0,0.0046972327172470135,0.012832295176826986,54,79,25,3,3,3,3,4,66,22,17
630,105,311,85,100,15,46,46,81,81,0,46,46,82,82,0,0.019741992579733823,0.030497974743864665,85,91,6,3,2,2,2,12,90,37,30
631,22,228,38,90,52,38,38,35,35,0,22,38,38,44,6,0.0013274788113958951,0.007420266176520644,38,59,21,3,3,3,6,2,51,74,34
632,0,206,1,94,93,0,12,1,29,28,0,6,1,29,28,0.0,0.001940161339732462,1,44,43,3,-1,4,4,0,53,40,46
633,6,622,29,99,70,42,74,34,38,4,6,41,29,47,18,0.00017018959120460194,0.005207801490860819,32,54,22,2,4,3,11,1,33,88,22
634,0,206,1,94,93,0,10,1,31,30,0,10,1,38,37,0.0,0.0027911092957554717,1,47,46,3,-1,4,3,0,81,66,73
635,40,40,55,55,0,110,110,81,81,0,40,40,55,55,0,0.005412029000306341,0.005412029000306341,57,57,0,-1,2,2,6,3,32,46,99
636,0,616,1,100,99,0,46,1,36,35,0,42,1,50,49,0.0,0.006841621566424997,1,57,56,2,-1,3,6,1,40,69,21
637,118,220,81,93,12,104,104,85,85,0,104,104,85,85,0,0.014806494434800367,0.015827631982027978,75,76,1,4,2,2,5,9,70,27,43
638,16,632,39,100,61,38,56,39,44,5,16,56,39,57,18,0.0005786446100956465,0.006671431975220395,35,60,25,2,3,3,6,1,44,49,31
639,40,656,47,100,53,186,200,66,71,5,40,84,47,53,6,0.0025188059498281084,0.008611593314952858,45,63,18,2,2,2,16,1,4,53,72
640,90,706,64,100,36,94,94,68,68,0,94,94,71,71,0,0.00891793457912114,0.018074134585928724,68,81,13,2,2,2,5,6,50,34,20
641,50,256,50,91,41,94,94,48,48,0,50,62,50,56,6,0.004663194799006093,0.007692569522448007,53,64,11,3,3,3,9,4,54,22,29
642,100,100,76,76,0,100,100,91,91,0,100,100,91,91,0,0.07471323053882024,0.08070390414922224,100,100,0,2,1,1,4,29,77,11,72
643,0,206,1,96,95,0,8,1,31,30,0,6,1,31,30,0.0,0.0020082371762143027,1,45,44,3,-1,4,2,0,98,84,46
644,100,100,57,57,0,100,100,38,38,0,100,100,57,57,0,0.03427618366860683,0.03427618366860683,93,93,0,-1,1,1,16,16,4,12,36
645,240,856,90,100,10,300,300,91,91,0,240,300,90,94,4,0.011845195547840293,0.020456788862793153,68,79,11,2,2,2,14,9,25,31,20
646,16,632,36,100,64,30,40,36,41,5,16,40,36,52,16,0.003880322679464924,0.010824058000612683,52,70,18,2,4,3,5,6,61,73,27
647,339,339,98,98,0,152,152,98,98,0,152,152,98,98,0,0.04360257326661901,0.04360257326661901,96,96,0,-1,2,2,5,29,45,11,79
648,84,700,61,100,39,84,84,64,64,0,84,84,69,69,0,0.006637394056979475,0.016474352428605468,58,79,21,2,2,2,5,6,50,28,20
649,52,258,56,94,38,64,64,63,63,0,64,64,64,64,0,0.008747744987916539,0.027979168794036557,68,89,21,3,3,3,4,5,79,25,0
650,40,40,50,50,0,82,82,41,41,0,40,40,50,50,0,0.0015317063208414173,0.0015317063208414173,41,41,0,-1,2,2,11,1,5,4,86
651,8,8,35,35,0,32,32,37,37,0,8,8,35,35,0,0.00034037918240920387,0.00034037918240920387,34,34,0,-1,4,4,6,2,32,56,79
652,0,206,1,95,94,0,12,1,36,35,0,12,1,40,39,0.0,0.004016474352428605,1,51,50,3,-1,4,2,0,89,93,41
653,39,655,48,100,52,66,66,47,47,0,39,66,48,54,6,0.004356853534837809,0.017087034956942034,51,80,29,2,3,3,6,4,71,22,12
654,38,244,49,95,46,98,98,52,52,0,38,58,49,60,11,0.003608019333537561,0.007862759113652609,49,65,16,3,3,3,8,6,39,70,38
655,16,16,36,36,0,56,56,37,37,0,16,16,36,36,0,0.0002723033459273631,0.0002723033459273631,35,35,0,-1,3,3,9,1,28,49,96
656,0,616,1,100,99,0,44,1,48,47,0,44,1,54,53,0.0,0.01841451376833793,1,83,82,2,-1,3,4,0,79,80,16
657,24,24,45,45,0,40,40,40,40,0,24,24,45,45,0,0.001157289220191293,0.001157289220191293,39,39,0,-1,3,3,5,4,50,64,92
658,122,122,76,76,0,106,106,71,71,0,106,106,76,76,0,0.013479015623404473,0.013479015623404473,76,76,0,-1,2,2,7,8,43,8,50
659,97,713,58,100,42,228,238,77,80,3,97,165,58,82,24,0.005650294427992784,0.015487252799618776,55,77,22,2,2,2,15,4,7,22,14
660,0,616,1,100,99,0,120,1,56,55,0,106,1,79,78,0.0,0.014023622315259198,1,75,74,2,-1,3,14,0,17,86,30
661,128,128,78,78,0,126,126,69,69,0,126,126,78,78,0,0.00966676878042139,0.00966676878042139,68,68,0,-1,2,2,7,9,24,31,67
662,66,682,63,100,37,44,44,54,54,0,44,44,58,58,0,0.005956635692161067,0.012389802239695021,58,74,16,2,3,3,4,6,77,13,72
663,6,622,28,100,72,56,146,34,65,31,6,126,28,78,50,0.00034037918240920387,0.015180911535450491,34,77,43,2,4,3,16,1,9,88,30
664,0,0,1,1,0,0,0,1,1,0,0,0,1,1,0,0.0,0.0,1,1,0,-1,-1,-1,2,0,93,76,45
665,0,1640,1,100,99,0,106,1,57,56,0,82,1,57,56,0.0,0.017257224548146634,1,78,77,1,-1,2,11,0,5,93,17
666,0,616,1,100,99,0,68,1,41,40,0,45,1,53,52,0.0,0.00789679703189353,1,66,65,2,-1,3,8,0,39,98,25
667,6,622,28,100,72,42,82,32,36,4,6,40,28,45,17,0.0002042275094455223,0.005650294427992784,29,55,26,2,4,3,14,1,17,4,62
668,112,112,76,76,0,60,60,48,48,0,60,60,61,61,0,0.013513053541645392,0.013513053541645392,74,74,0,-1,3,3,5,14,63,14,67
669,0,206,1,92,91,0,30,1,35,34,0,30,1,50,49,0.0,0.012389802239695021,1,74,73,3,-1,4,5,0,63,85,30
670,58,58,55,55,0,126,126,63,63,0,58,58,55,55,0,0.00353994349705572,0.00353994349705572,53,53,0,-1,2,2,12,4,14,64,79
671,140,242,81,92,11,178,178,80,80,0,140,142,81,81,0,0.015248987371932332,0.015317063208414174,77,78,1,4,2,2,10,8,11,20,65
672,0,206,1,92,91,0,24,1,36,35,0,24,1,53,52,0.0,0.01324075019571803,1,76,75,3,-1,4,4,0,77,96,18
673,46,252,59,95,36,44,44,53,53,0,44,44,58,58,0,0.0053439531638245,0.018040096667687803,60,80,20,3,3,3,4,6,78,26,18
674,16,222,36,93,57,35,44,33,35,2,16,30,36,46,10,0.0009190237925048504,0.003778208924742163,37,51,14,3,3,3,9,1,23,55,73
675,128,230,83,93,10,128,128,78,78,0,128,128,83,83,0,0.013751318969331836,0.013989584397018279,75,76,1,4,3,3,8,13,39,33,55
676,108,314,80,96,16,96,96,89,89,0,96,96,89,89,0,0.017121072875182955,0.019129310051397258,82,85,3,3,2,2,3,5,64,25,46
677,0,0,1,1,0,0,0,1,1,0,0,0,1,1,0,0.0,0.0,1,1,0,-1,-1,-1,3,0,81,98,36
678,0,206,1,93,92,0,46,1,37,36,0,36,1,47,46,0.0,0.0035739814152966403,1,51,50,3,-1,4,9,0,23,81,13
679,0,206,1,93,92,0,24,1,33,32,0,24,1,45,44,0.0,0.006909697402906838,1,62,61,3,-1,4,6,1,34,45,8
680,100,100,68,68,0,100,100,63,63,0,100,100,68,68,0,0.054494707103713534,0.06651009224275843,99,100,1,2,1,1,6,15,41,16,23
681,44,660,54,100,46,80,80,70,70,0,44,80,54,73,19,0.006875659484665918,0.013649205214609075,59,76,17,2,3,3,5,4,45,38,48
682,252,352,98,100,2,56,56,85,85,0,56,56,85,85,0,0.03921168181354028,0.03917764389529936,94,94,0,4,2,2,2,30,90,7,4
683,28,234,46,92,46,90,90,44,44,0,28,34,46,48,2,0.0015657442390823377,0.002280540522141666,42,44,2,3,3,3,10,4,18,64,56
684,84,700,55,100,45,276,276,79,79,0,84,276,55,93,38,0.008986010415602982,0.019129310051397258,63,82,19,2,2,2,17,5,20,25,19
685,0,206,1,91,90,0,20,1,32,31,0,9,1,35,34,0.0,0.0015657442390823377,1,42,41,3,-1,4,6,0,44,40,54
686,227,427,95,100,5,168,168,98,98,0,168,168,98,98,0,0.028455699649409444,0.03271043942952449,89,92,3,3,2,2,6,20,34,23,38
687,6,622,29,100,71,22,50,35,48,13,6,50,29,54,25,0.00034037918240920387,0.026141121209026855,34,87,53,2,4,3,5,1,61,88,3
688,100,100,66,66,0,100,100,43,43,0,100,100,66,66,0,0.024507301133462677,0.024507301133462677,87,87,0,-1,1,1,11,9,33,31,36
689,42,248,57,97,40,46,46,79,79,0,42,46,80,80,0,0.006739507811702236,0.01684876952925559,60,81,21,3,2,2,2,3,91,51,30
690,0,616,1,100,99,0,90,1,38,37,0,84,1,56,55,0.0,0.011709043874876613,1,72,71,2,-1,3,14,0,8,87,30
691,100,100,67,67,0,100,100,55,55,0,100,100,67,67,0,0.07066271826815072,0.07073079410463257,100,100,0,6,1,1,9,36,23,2,58
692,0,206,1,92,91,0,24,1,39,38,0,24,1,51,50,0.0,0.010143299635794275,1,71,70,3,-1,4,4,0,78,67,5
693,0,616,1,100,99,0,62,1,35,34,0,39,1,50,49,0.0,0.005616256509751864,1,55,54,2,-1,3,10,1,36,50,57
694,426,1026,99,100,1,152,152,96,96,0,152,152,96,96,0,0.05071649817897137,0.0631063004186664,99,100,1,2,2,2,5,36,61,2,23
695,6,622,29,100,71,19,60,29,39,10,6,48,29,52,23,0.0002382654276864427,0.005548180673270023,33,57,24,2,4,3,8,1,15,55,28
696,0,616,1,100,99,0,66,1,36,35,0,40,1,46,45,0.0,0.003914360597705844,1,52,51,2,-1,3,12,0,2,99,47
697,46,1686,50,100,50,126,180,61,75,14,46,149,50,85,35,0.0020082371762143027,0.022396950202525613,44,84,40,1,2,2,12,2,3,61,37
698,102,718,74,100,26,192,192,72,72,0,102,118,74,76,2,0.008271214132543654,0.01065386840940808,65,70,5,2,3,3,12,7,6,48,53
699,0,206,1,94,93,0,10,1,31,30,0,6,1,31,30,0.0,0.002144388849177984,1,44,43,3,-1,4,3,0,96,79,94
700,24,24,49,49,0,22,22,42,42,0,22,22,45,45,0,0.0024507301133462676,0.0024507301133462676,47,47,0,-1,3,3,2,6,91,70,76
701,0,616,1,99,98,0,126,1,60,59,0,126,1,76,75,0.0,0.019980258007420267,1,84,83,2,-1,3,11,0,5,96,9
702,6,206,28,86,58,32,32,33,33,0,6,29,28,43,15,0.0007828721195411688,0.0048674223084516155,36,51,15,3,4,4,8,2,27,42,57
703,2,208,26,89,63,12,26,27,29,2,2,8,26,34,8,0.0,0.0006467204465774873,1,35,34,3,5,4,10,1,18,68,49
704,16,16,35,35,0,92,92,53,53,0,16,16,35,35,0,0.00442492937131965,0.00442492937131965,55,55,0,-1,3,3,7,1,24,90,50
705,0,616,1,100,99,0,58,1,42,41,0,44,1,48,47,0.0,0.007011811157629599,1,56,55,2,-1,3,7,1,46,69,72
706,6,6,30,30,0,12,12,32,32,0,6,6,30,30,0,0.0019741992579733825,0.0019741992579733825,45,45,0,-1,4,4,2,2,91,94,98
707,0,0,1,1,0,0,0,1,1,0,0,0,1,1,0,0.0,0.0,1,1,0,-1,-1,-1,5,0,88,86,80
708,116,732,76,100,24,120,120,78,78,0,120,120,78,78,0,0.014432077334150244,0.018210286258892407,75,79,4,2,2,2,6,8,41,20,22
709,271,1871,97,100,3,256,256,97,97,0,256,256,97,97,0,0.026073045372545015,0.05211205282684911,88,98,10,1,2,2,10,15,36,16,11
710,86,292,66,95,29,70,70,56,56,0,70,70,63,63,0,0.006058749446883829,0.007182000748834201,58,62,4,3,3,3,5,6,37,13,51
711,0,206,1,92,91,0,22,1,33,32,0,6,1,32,31,0.0,0.0015657442390823377,1,44,43,3,-1,4,5,0,88,92,53
712,94,710,61,100,39,196,196,72,72,0,94,196,61,87,26,0.005922597773920147,0.012866333095067906,58,74,16,2,2,2,12,6,14,28,32
713,246,346,95,99,4,72,72,83,83,0,72,72,83,83,0,0.035910003744171005,0.036080193335375606,93,93,0,4,2,2,3,29,58,11,74
714,100,100,61,61,0,100,100,43,43,0,100,100,61,61,0,0.03434425950508867,0.03434425950508867,93,93,0,-1,1,1,12,16,2,18,98
715,9,215,38,95,57,18,18,38,38,0,9,18,38,46,8,0.0013274788113958951,0.004969536063174376,40,57,17,3,4,4,3,4,81,64,72
716,47,663,51,100,49,44,54,44,55,11,44,54,50,56,6,0.005037611899656217,0.011096361346540046,50,68,18,2,3,3,4,6,67,35,41
717,12,218,37,93,56,20,28,32,35,3,12,28,37,47,10,0.0010211375472276116,0.005922597773920147,40,55,15,3,4,4,6,3,69,51,38
718,0,206,1,92,91,0,24,1,31,30,0,6,1,29,28,0.0,0.0008169100377820892,1,36,35,3,-1,4,9,1,35,69,71
719,22,22,43,43,0,54,54,37,37,0,22,22,43,43,0,0.0011232513019503727,0.0011232513019503727,38,38,0,-1,3,3,8,3,15,51,91
720,28,234,43,91,48,100,100,39,39,0,28,40,43,48,5,0.0015317063208414173,0.0031314884781646754,40,49,9,3,3,3,14,3,16,43,75
721,0,206,1,92,91,0,15,1,29,28,0,12,1,35,34,0.0,0.0018040096667687805,1,43,42,3,-1,4,6,1,65,50,75
722,2,104,28,82,54,3,3,28,28,0,2,3,28,31,3,0.00013615167296368154,0.0005786446100956465,30,34,4,4,5,5,2,1,95,60,74
723,16,16,36,36,0,88,88,49,49,0,16,16,36,36,0,0.002757071377514551,0.002757071377514551,49,49,0,-1,3,3,8,3,30,46,87
724,212,1852,92,100,8,88,112,77,92,15,88,112,77,92,15,0.024371149460498995,0.06416147588413493,86,100,14,1,2,2,4,19,79,15,18
725,92,1732,65,100,35,138,162,71,81,10,92,162,65,84,19,0.0088498587426393,0.03420810783212499,67,94,27,1,2,2,9,7,54,48,18
726,67,67,62,62,0,54,54,53,53,0,54,54,57,57,0,0.007522379931243405,0.007522379931243405,63,63,0,-1,3,3,4,8,79,44,97
727,132,234,81,93,12,118,118,68,68,0,132,134,82,83,1,0.01320671227747711,0.01334286395044079,74,74,0,4,2,2,9,8,29,8,65
728,16,632,33,100,67,58,100,34,44,10,16,100,33,58,25,0.0007828721195411688,0.013989584397018279,37,77,40,2,3,3,10,2,0,42,19
729,100,100,76,76,0,100,100,91,91,0,100,100,91,91,0,0.06521665134960346,0.06623778889683107,99,99,0,3,1,1,4,17,77,6,53
730,2,104,28,82,54,7,8,29,31,2,2,7,28,36,8,0.00013615167296368154,0.0013274788113958951,31,41,10,4,5,5,4,1,78,60,64
731,54,260,64,98,34,32,32,63,63,0,32,32,64,64,0,0.008407365805507334,0.020456788862793153,64,86,22,3,3,3,2,4,86,38,30
732,193,193,92,92,0,200,200,81,81,0,200,200,92,92,0,0.02236291228428469,0.02236291228428469,85,85,0,-1,2,2,11,16,19,18,76
733,100,100,63,63,0,100,100,45,45,0,100,100,63,63,0,0.05000170189591205,0.052384356172776474,97,98,1,3,1,1,11,29,19,1,41
734,16,222,34,86,52,92,92,41,41,0,16,22,34,41,7,0.0026889955410327104,0.002927260968719153,48,48,0,3,3,3,12,2,2,94,60
735,39,141,51,88,37,38,38,46,46,0,38,38,51,51,0,0.005377991082065421,0.00622893903808843,54,56,2,4,3,3,3,6,96,73,51
736,64,165,67,91,24,22,22,48,48,0,22,22,51,51,0,0.012185574730249497,0.0123557643214541,73,74,1,5,3,3,2,8,95,8,55
737,22,22,41,41,0,34,34,39,39,0,22,22,41,41,0,0.0019061234214915416,0.0019061234214915416,39,39,0,-1,3,3,4,2,67,52,76
738,216,216,90,90,0,128,128,90,90,0,128,128,90,90,0,0.02028659927158855,0.02028659927158855,83,83,0,-1,2,2,5,18,61,5,92
739,400,1016,97,100,3,224,224,96,96,0,224,224,96,96,0,0.03652268627250757,0.042751625310596,93,95,2,2,2,2,8,27,15,10,31
740,0,206,1,92,91,0,18,1,34,33,0,18,1,47,46,0.0,0.006875659484665918,1,56,55,3,-1,4,3,0,87,67,17
741,96,198,63,90,27,150,150,70,70,0,96,98,63,64,1,0.008101024541339052,0.008203138296061813,65,65,0,4,2,2,11,6,38,34,60
742,58,264,68,98,30,46,46,82,82,0,46,46,83,83,0,0.011062323428299126,0.018006058749446885,71,83,12,3,2,2,2,4,98,72,77
743,92,298,58,94,36,168,168,67,67,0,92,98,58,58,0,0.005616256509751864,0.005684332346233704,57,57,0,3,2,2,14,6,25,35,60
744,0,616,1,100,99,0,44,1,47,46,0,44,1,57,56,0.0,0.013138636440995268,1,76,75,2,-1,3,4,0,47,40,33
745,40,246,51,95,44,80,80,56,56,0,40,59,51,57,6,0.0045270431260424114,0.007590455767725246,52,62,10,3,2,2,6,2,65,94,22
746,80,80,70,70,0,88,88,82,82,0,88,88,82,82,0,0.01320671227747711,0.01320671227747711,77,77,0,-1,2,2,4,5,78,25,99
747,16,632,37,100,63,50,60,38,38,0,16,51,37,54,17,0.000442492937131965,0.0046972327172470135,36,53,17,2,3,3,8,1,10,49,28
748,190,1830,91,100,9,230,264,87,92,5,190,264,91,94,3,0.014704380680077607,0.033765614894993023,76,91,15,1,2,2,12,13,6,33,39
749,0,0,1,1,0,0,0,1,1,0,0,0,1,1,0,0.0,0.0,1,1,0,-1,-1,-1,16,1,9,45,79
750,90,706,68,100,32,104,104,86,86,0,104,104,87,87,0,0.011743081793117532,0.02746860002042275,70,88,18,2,2,2,5,6,49,77,23
751,91,91,76,76,0,32,32,70,70,0,32,32,70,70,0,0.012253650566731339,0.012253650566731339,74,74,0,-1,3,3,2,14,95,32,89
752,140,756,84,100,16,88,88,84,84,0,88,88,84,84,0,0.017121072875182955,0.03781612716566255,80,96,16,2,2,2,4,14,67,32,9
753,6,1646,29,100,71,19,82,32,49,17,6,82,29,64,35,0.00010211375472276115,0.028149358385241158,29,87,58,1,4,2,7,1,43,95,15
754,0,0,1,1,0,0,0,1,1,0,0,0,1,1,0,0.0,0.0,1,1,0,-1,-1,-1,2,0,98,82,80
755,8,1648,37,100,63,14,52,34,73,39,8,52,37,74,37,0.0007828721195411688,0.056264678852241394,38,97,59,1,4,2,3,2,64,74,11
756,0,206,1,91,90,0,11,1,31,30,0,8,1,37,36,0.0,0.0007147962830593281,1,37,36,3,-1,4,4,0,84,87,43
757,0,102,1,81,80,0,4,1,30,29,0,2,1,27,26,0.0,0.0006126825283365669,1,34,33,4,-1,5,2,0,95,99,42
758,0,1640,1,100,99,0,170,1,67,66,0,170,1,81,80,0.0,0.02906838217774601,1,90,89,1,-1,2,16,0,9,92,10
759,6,212,33,95,62,12,12,37,37,0,6,12,33,40,7,0.0007488342013002485,0.004220701861874128,38,53,15,3,4,4,2,2,89,42,90
760,0,616,1,100,99,0,34,1,35,34,0,32,1,43,42,0.0,0.004901460226692535,1,51,50,2,-1,3,6,0,71,96,26
761,0,102,1,84,83,0,4,1,29,28,0,2,1,27,26,0.0,0.0014636304843595766,1,41,40,4,-1,5,2,0,93,76,46
762,405,405,98,98,0,190,190,91,91,0,190,190,91,91,0,0.036590762108989414,0.036590762108989414,96,96,0,-1,2,2,8,29,27,1,59
763,88,704,65,100,35,100,100,63,63,0,88,100,65,67,2,0.00888389666088022,0.013717281051090916,68,74,6,2,2,2,6,4,41,38,47
764,240,446,94,97,3,198,198,86,86,0,198,198,92,92,0,0.018891044623710815,0.021477926410020762,79,82,3,3,2,2,10,18,12,5,73
765,6,622,31,100,69,14,24,34,42,8,6,24,31,49,18,0.0009530617107457708,0.009973110044589673,39,69,30,2,4,3,3,1,55,71,73
766,0,206,1,93,92,0,28,1,35,34,0,12,1,36,35,0.0,0.0018040096667687805,1,44,43,3,-1,4,6,0,34,86,83
767,22,1662,40,100,60,78,156,38,71,33,22,156,40,85,45,0.0026889955410327104,0.02818339630348208,47,87,40,1,3,2,12,2,3,75,16
768,58,264,55,92,37,66,66,44,44,0,58,66,55,56,1,0.009020048333843901,0.011845195547840293,67,71,4,3,3,3,6,6,51,34,90
769,6,622,29,100,71,44,78,36,46,10,6,78,29,60,31,0.0006126825283365669,0.010790020082371761,37,73,36,2,4,3,8,1,30,49,33
770,110,726,77,100,23,142,142,81,81,0,110,142,78,86,8,0.011096361346540046,0.028013206712277475,71,88,17,2,2,2,8,7,39,21,15
771,0,616,1,100,99,0,82,1,34,33,0,36,1,47,46,0.0,0.003710133088260322,1,50,49,2,-1,3,14,0,16,87,28
772,0,101,1,76,75,0,9,1,25,24,0,1,1,25,24,0.0,3.4037918240920386e-05,1,26,25,6,-1,7,9,0,23,82,58
773,0,0,1,1,0,0,0,1,1,0,0,0,1,1,0,0.0,0.0,1,1,0,-1,-1,-1,5,0,63,79,66
774,22,638,42,100,58,42,56,38,47,9,22,56,42,56,14,0.0011232513019503727,0.022430988120766535,38,85,47,2,3,3,6,2,65,74,10
775,134,340,80,97,17,132,132,74,74,0,132,132,81,81,0,0.011130399264780965,0.012764219340345145,70,73,3,3,2,2,8,9,21,31,46
776,489,489,99,99,0,272,272,99,99,0,272,272,99,99,0,0.041083767316790906,0.041083767316790906,95,95,0,-1,2,2,8,30,15,7,80
777,121,327,84,98,14,48,48,62,62,0,48,48,64,64,0,0.01844855168657885,0.024609414888185438,85,88,3,3,3,3,3,12,64,37,8
778,100,100,60,60,0,100,100,50,50,0,100,100,60,60,0,0.028762040913577726,0.028762040913577726,90,90,0,-1,1,1,9,14,28,14,45
779,60,676,58,100,42,76,86,57,61,4,60,86,58,64,6,0.0061949011198475104,0.01592974573675074,61,79,18,2,3,3,6,5,74,47,14
780,0,616,1,100,99,0,122,1,54,53,0,74,1,53,52,0.0,0.008509479560230097,1,65,64,2,-1,3,16,0,4,76,27
781,32,32,51,51,0,64,64,41,41,0,32,32,51,51,0,0.002825147213996392,0.002825147213996392,49,49,0,-1,3,3,8,2,57,75,69
782,154,154,87,87,0,88,88,73,73,0,88,88,74,74,0,0.011606930120153852,0.011606930120153852,71,71,0,-1,2,2,4,13,83,24,36
783,40,40,50,50,0,57,57,43,43,0,40,40,50,50,0,0.004186663943633207,0.004186663943633207,53,53,0,-1,2,2,6,1,40,55,81
784,315,315,100,100,0,56,56,80,80,0,56,56,81,81,0,0.04632560672589264,0.04632560672589264,98,98,0,-1,2,2,2,40,91,3,82
785,144,350,82,96,14,128,128,91,91,0,128,128,91,91,0,0.010824058000612683,0.012015385139044895,71,74,3,3,2,2,5,6,52,13,43
786,0,206,1,89,88,0,24,1,30,29,0,28,1,43,42,0.0,0.003608019333537561,1,47,46,3,-1,4,6,0,71,89,13
787,174,790,87,100,13,224,224,87,87,0,174,224,87,93,6,0.019878144252697506,0.0352292453793526,80,92,12,2,2,2,11,12,19,37,16
788,0,102,1,81,80,0,4,1,26,25,0,2,1,26,25,0.0,0.00010211375472276115,1,28,27,4,-1,5,3,0,81,59,65
789,82,698,76,100,24,32,32,69,69,0,32,32,69,69,0,0.012832295176826986,0.04115184315327275,75,97,22,2,3,3,2,8,90,20,11
790,144,144,86,86,0,80,80,68,68,0,80,80,72,72,0,0.019469689233806462,0.019469689233806462,83,83,0,-1,3,3,5,18,88,30,92
791,0,206,1,90,89,0,16,1,32,31,0,13,1,40,39,0.0,0.002144388849177984,1,45,44,3,-1,4,4,0,79,85,70
792,160,262,83,94,11,150,150,86,86,0,150,150,86,86,0,0.01851662752306069,0.018788930868988054,82,82,0,4,2,2,7,12,43,37,88
793,32,238,45,89,44,124,124,66,66,0,32,38,45,46,1,0.004356853534837809,0.005820484019197386,51,55,4,3,3,3,9,3,54,29,53
794,70,670,62,100,38,80,80,66,66,0,70,80,64,67,3,0.005241839409101739,0.01858470335954253,58,82,24,2,3,3,5,6,63,28,5
795,260,362,97,99,2,88,88,82,82,0,88,88,82,82,0,0.033425235712583816,0.03434425950508867,92,92,0,4,2,2,4,22,78,9,74
796,92,192,75,92,17,38,38,57,57,0,38,38,60,60,0,0.016916845365737433,0.017393376221110316,81,81,0,4,3,3,3,17,85,6,42
797,304,304,96,96,0,152,152,100,100,0,152,152,100,100,0,0.037373634228530586,0.037373634228530586,94,94,0,-1,2,2,5,22,49,9,36
798,112,112,75,75,0,284,284,81,81,0,112,112,75,75,0,0.00803294870485721,0.00803294870485721,58,58,0,-1,2,2,16,4,9,38,98
799,170,376,90,98,8,120,120,85,85,0,120,120,85,85,0,0.019469689233806462,0.02018448551686579,84,84,0,3,2,2,6,17,48,6,56
800,0,616,1,100,99,0,156,1,59,58,0,146,1,85,84,0.0,0.017869907076483203,1,79,78,2,-1,3,16,1,4,45,16
801,226,1866,94,100,6,64,88,67,83,16,64,88,68,83,15,0.02927260968719153,0.060587494468838286,91,99,8,1,3,2,4,27,67,10,27
802,90,290,64,93,29,122,122,69,69,0,90,94,64,64,0,0.010517716736444398,0.011845195547840293,67,68,1,3,2,2,8,6,27,77,54
803,118,324,80,97,17,124,124,76,76,0,124,124,81,81,0,0.013921508560536438,0.01507879778072773,73,75,2,3,3,3,9,13,26,33,52
804,206,206,89,89,0,166,166,87,87,0,166,166,91,91,0,0.019878144252697506,0.019878144252697506,79,79,0,-1,2,2,8,18,10,30,97
805,40,40,51,51,0,130,130,65,65,0,40,40,51,51,0,0.004186663943633207,0.004186663943633207,53,53,0,-1,2,2,11,2,19,94,98
806,38,1678,45,100,55,66,90,44,63,19,38,90,45,68,23,0.002995336805200994,0.026175159127267776,44,87,43,1,3,2,6,6,51,70,27
807,12,628,33,100,67,48,80,35,39,4,12,59,33,55,22,0.0009190237925048504,0.0061949011198475104,39,59,20,2,4,3,10,3,12,51,57
808,38,1678,46,100,54,186,230,66,74,8,38,166,46,86,40,0.0035059055788147996,0.019810068416215663,48,80,32,1,3,2,16,6,4,70,19
809,32,134,54,87,33,38,38,61,61,0,32,34,62,62,0,0.004356853534837809,0.00445896728956057,55,56,1,4,3,3,3,3,81,29,88
810,16,222,35,91,56,110,110,59,59,0,16,24,35,45,10,0.003437829742332959,0.004595118962524252,52,54,2,3,3,3,10,1,18,90,61
811,60,266,56,95,39,104,104,64,64,0,60,74,56,56,0,0.006058749446883829,0.008135062459579971,55,63,8,3,2,2,9,6,35,73,41
812,0,206,1,93,92,0,8,1,31,30,0,8,1,35,34,0.0,0.0029612988869600733,1,50,49,3,-1,4,2,0,68,36,29
813,8,624,33,100,67,52,62,34,35,1,8,54,33,54,21,0.0004765308553728854,0.006467204465774873,34,60,26,2,4,3,10,2,36,56,21
814,210,1850,86,100,14,210,234,83,86,3,210,234,86,88,2,0.01507879778072773,0.029034344259505088,73,88,15,1,2,2,12,14,2,14,62
815,6,1646,30,100,70,29,130,30,65,35,6,130,30,82,52,0.00030634126416828345,0.03420810783212499,34,94,60,1,4,2,11,1,38,55,7
816,100,100,64,64,0,100,100,57,57,0,100,100,65,65,0,0.05197590115388543,0.053303379965281325,98,98,0,3,1,1,8,30,10,7,75
817,6,206,30,90,60,12,12,30,30,0,6,8,30,36,6,0.00037441710065012424,0.0014636304843595766,34,39,5,3,4,4,5,1,80,55,51
818,104,104,76,76,0,124,124,89,89,0,104,104,80,80,0,0.012525953912658701,0.012525953912658701,72,72,0,-1,2,2,6,5,74,25,50
819,130,231,80,90,10,86,86,56,56,0,86,86,62,62,0,0.014534191088873005,0.014534191088873005,78,78,0,5,3,3,6,15,51,19,58
820,400,1016,97,100,3,224,224,96,96,0,224,224,96,96,0,0.03652268627250757,0.05289492494639028,93,99,6,2,2,2,8,27,15,10,16
821,102,102,82,82,0,46,46,82,82,0,46,46,82,82,0,0.014874570271282209,0.014874570271282209,76,76,0,-1,2,2,2,8,95,17,80
822,92,193,67,88,21,134,134,86,86,0,92,93,67,67,0,0.009496579189216788,0.009564655025698629,67,67,0,5,2,2,6,4,44,72,60
823,32,32,43,43,0,136,136,64,64,0,32,32,43,43,0,0.005105687736138058,0.005105687736138058,54,54,0,-1,3,3,11,3,33,29,67
824,0,102,1,77,76,0,13,1,27,26,0,2,1,25,24,0.0,0.00013615167296368154,1,30,29,4,-1,5,10,0,1,98,60
825,0,616,1,100,99,0,22,1,47,46,0,22,1,50,49,0.0,0.007216038667075122,1,62,61,2,-1,3,2,0,95,66,26
826,100,100,64,64,0,100,100,44,44,0,100,100,64,64,0,0.055107389632050106,0.05783042309132373,100,100,0,2,1,1,13,40,13,3,70
827,125,331,88,100,12,46,46,82,82,0,46,46,82,82,0,0.019639878825011062,0.02198849518363457,83,85,2,3,2,2,2,17,95,6,94
828,140,346,89,98,9,48,48,54,54,0,48,48,56,56,0,0.020831205963443275,0.02733244834745907,85,90,5,3,3,3,3,20,87,23,77
829,213,413,95,100,5,72,72,77,77,0,72,72,79,79,0,0.03536539705231628,0.04060723646141802,94,95,1,3,2,2,3,29,96,11,17
830,100,100,73,73,0,100,100,94,94,0,100,100,94,94,0,0.0475850097008067,0.048129616392661424,98,99,1,3,1,1,4,9,67,27,65
831,234,234,93,93,0,190,190,92,92,0,190,190,94,94,0,0.017155110793423873,0.017155110793423873,81,81,0,-1,2,2,8,14,42,14,85
832,0,616,1,100,99,0,38,1,56,55,0,38,1,58,57,0.0,0.0337315769767521,1,93,92,2,-1,3,3,0,55,99,2
833,132,132,86,86,0,32,32,63,63,0,32,32,64,64,0,0.018959120460192654,0.018959120460192654,84,84,0,-1,3,3,2,18,86,30,87
834,22,638,46,100,54,28,38,44,58,14,22,38,47,61,14,0.004118588107151367,0.008441403723748256,49,68,19,2,3,3,3,2,92,83,88
835,196,812,91,100,9,110,110,81,81,0,110,110,82,82,0,0.019741992579733823,0.0405731985431771,83,95,12,2,2,2,6,19,65,15,10
836,2,2,28,28,0,7,7,28,28,0,2,2,28,28,0,0.00017018959120460194,0.00017018959120460194,31,31,0,-1,5,5,4,1,84,95,85
837,54,260,56,94,38,102,102,68,68,0,54,62,56,58,2,0.006739507811702236,0.008066986623098132,61,62,1,3,3,3,7,7,43,62,52
838,0,101,1,79,78,0,3,1,25,24,0,1,1,25,24,0.0,0.0,1,1,0,5,-1,6,3,0,94,89,95
839,88,88,62,62,0,152,152,76,76,0,88,88,62,62,0,0.00803294870485721,0.00803294870485721,62,62,0,-1,2,2,8,4,15,72,84
840,0,616,1,100,99,0,54,1,39,38,0,42,1,52,51,0.0,0.007522379931243405,1,66,65,2,-1,3,8,0,39,97,21
841,12,218,35,93,58,14,14,32,32,0,12,14,35,38,3,0.0012253650566731338,0.00442492937131965,38,52,14,3,4,4,3,3,82,51,41
842,54,260,54,95,41,54,54,56,56,0,54,54,57,57,0,0.006535280302256714,0.013444977705163553,55,75,20,3,3,3,4,7,67,62,25
843,6,107,34,81,47,24,24,37,37,0,6,7,34,35,1,0.0015657442390823377,0.0017359338302869397,44,45,1,5,4,4,4,1,77,71,55
844,8,624,38,100,62,12,22,35,51,16,8,22,38,54,16,0.002723033459273631,0.024949794070594642,48,89,41,2,4,3,2,2,98,83,10
845,406,1022,97,100,3,280,280,99,99,0,280,280,99,99,0,0.03427618366860683,0.03921168181354028,92,95,3,2,2,2,10,22,18,9,44
846,0,0,1,1,0,0,0,1,1,0,0,0,1,1,0,0.0,0.0,1,1,0,-1,-1,-1,5,0,49,92,76
847,56,672,51,100,49,92,102,51,62,11,56,102,52,75,23,0.004833384390210695,0.014568229007113924,51,73,22,2,2,2,8,2,27,75,33
848,18,224,50,93,43,30,34,45,46,1,18,26,50,54,4,0.0030293747234419145,0.005888559855679227,49,58,9,3,3,3,4,2,77,75,29
849,375,375,98,98,0,104,104,82,82,0,104,104,82,82,0,0.0425814357193914,0.0425814357193914,94,94,0,-1,2,2,5,40,80,3,89
850,92,298,69,95,26,96,96,74,74,0,96,96,74,74,0,0.013513053541645392,0.016270124919159943,75,78,3,3,3,3,6,8,69,20,90
851,160,366,89,99,10,152,152,82,82,0,152,152,88,88,0,0.0160318594914735,0.02467749072466728,79,88,9,3,2,2,8,15,39,19,33
852,130,336,83,94,11,142,142,79,79,0,142,142,85,85,0,0.009836958371625992,0.01766567956703768,69,81,12,3,2,2,8,13,57,24,20
853,6,6,32,32,0,12,12,35,35,0,6,6,32,32,0,0.0009870996289866913,0.0009870996289866913,38,38,0,-1,4,4,2,1,98,71,76
854,70,172,60,88,28,86,86,63,63,0,70,72,63,65,2,0.005990673610401988,0.00622893903808843,56,56,0,4,3,3,6,6,56,26,55
855,192,808,86,100,14,320,320,95,95,0,192,222,86,87,1,0.012049423057285817,0.016099935327955343,70,72,2,2,2,2,14,7,25,21,41
856,78,284,71,98,27,48,48,64,64,0,48,48,66,66,0,0.01245787807617686,0.026107083290785937,74,89,15,3,3,3,3,8,85,20,18
857,130,336,82,97,15,128,128,93,93,0,128,128,93,93,0,0.01674665577453283,0.024983831988835564,80,88,8,3,2,2,5,8,37,20,8
858,112,712,74,100,26,208,208,89,89,0,112,208,74,91,17,0.008577555396711936,0.01923142380612002,65,83,18,2,2,2,10,7,0,62,19
859,44,44,57,57,0,22,22,54,54,0,22,22,54,54,0,0.006603356138738555,0.006603356138738555,62,62,0,-1,3,3,2,4,99,72,80
860,1,207,26,92,66,4,20,26,34,8,1,20,26,45,19,3.4037918240920386e-05,0.00442492937131965,26,55,29,3,6,4,4,1,47,68,57
861,12,628,34,100,66,34,62,34,42,8,12,62,34,57,23,0.0002382654276864427,0.02117158514585248,32,85,53,2,4,3,7,2,24,63,11
862,100,100,72,72,0,100,100,77,77,0,100,100,77,77,0,0.028830116750059566,0.029442799278396135,89,89,0,3,1,1,6,6,69,41,63
863,2,104,27,74,47,7,7,29,29,0,2,4,27,29,2,0.0002382654276864427,0.00030634126416828345,32,32,0,4,5,5,4,1,83,55,65
864,142,348,83,95,12,228,228,79,79,0,142,148,83,83,0,0.013819394805813677,0.013921508560536438,71,71,0,3,2,2,14,9,25,39,95
865,0,0,1,1,0,0,0,1,1,0,0,0,1,1,0,0.0,0.0,1,1,0,-1,-1,-1,11,0,38,92,40
866,118,718,81,100,19,88,88,80,80,0,88,88,80,80,0,0.01763164164879676,0.02481364239763096,81,88,7,2,2,2,4,9,84,39,34
867,0,101,1,80,79,0,3,1,23,22,0,1,1,23,22,0.0,6.807583648184077e-05,1,29,28,5,-1,6,3,0,87,92,55
868,2,104,28,77,49,9,9,28,28,0,2,2,28,28,0,0.0,0.00017018959120460194,1,32,31,4,5,5,8,1,57,68,60
869,32,238,51,92,41,54,54,53,53,0,32,54,51,56,5,0.004118588107151367,0.007488342013002485,53,63,10,3,3,3,4,3,79,29,47
870,2,2,28,28,0,8,8,28,28,0,2,2,28,28,0,0.00017018959120460194,0.00017018959120460194,31,31,0,-1,5,5,5,1,45,60,93
871,622,2262,100,100,0,344,368,100,100,0,344,368,100,100,0,0.048878450593961675,0.060553456550597365,96,100,4,1,2,2,11,40,33,3,28
872,100,100,65,65,0,100,100,47,47,0,100,100,65,65,0,0.020014295925661188,0.021580040164743523,82,82,0,2,1,1,11,8,38,57,42
873,0,1640,1,100,99,0,170,1,71,70,0,170,1,86,85,0.0,0.04013070560604513,1,95,94,1,-1,2,11,1,19,69,3
874,42,658,51,100,49,94,94,45,45,0,40,94,47,59,12,0.004152626025392287,0.009122162088566664,51,66,15,2,3,3,9,6,29,41,13
875,22,124,43,80,37,68,68,41,41,0,22,25,43,48,5,0.0022465026039007454,0.002484768031587188,45,46,1,4,3,3,8,2,30,83,63
876,18,120,43,79,36,46,46,48,48,0,18,20,43,47,4,0.0018040096667687805,0.0018720855032506212,44,45,1,4,3,3,5,2,61,74,60
877,40,40,51,51,0,102,102,61,61,0,40,40,51,51,0,0.0038462847612240037,0.0038462847612240037,52,52,0,-1,2,2,8,3,15,46,36
878,87,188,70,91,21,72,72,77,77,0,72,72,77,77,0,0.01055175465468532,0.01058579257292624,74,74,0,5,2,2,3,8,82,57,58
879,6,622,29,99,70,17,72,28,38,10,6,54,29,51,22,0.00010211375472276115,0.006433166547533953,28,57,29,2,4,3,11,2,33,58,48
880,58,674,60,100,40,22,32,42,57,15,22,32,45,59,14,0.008679669151434699,0.013887470642295518,66,76,10,2,3,3,2,6,91,34,51
881,116,732,78,100,22,44,54,49,54,5,44,54,54,57,3,0.008986010415602982,0.025051907825317403,68,90,22,2,3,3,4,13,53,24,9
882,0,616,1,100,99,0,90,1,37,36,0,44,1,52,51,0.0,0.007011811157629599,1,60,59,2,-1,3,13,0,13,40,38
883,56,672,55,100,45,104,114,62,64,2,56,114,55,76,21,0.005071649817897137,0.01415977398822288,53,75,22,2,2,2,9,2,29,75,27
884,184,800,88,100,12,318,318,91,91,0,184,318,88,96,8,0.013444977705163553,0.022294836447802852,75,83,8,2,2,2,16,8,4,17,14
885,136,136,86,86,0,70,70,62,62,0,70,70,69,69,0,0.01589570781850982,0.01589570781850982,78,78,0,-1,3,3,5,16,45,12,67
886,1,103,25,83,58,2,3,25,27,2,1,3,25,32,7,0.0,0.00010211375472276115,1,30,29,4,6,5,2,1,86,68,56
887,134,340,82,98,16,272,272,87,87,0,134,147,82,85,3,0.011640968038394772,0.012525953912658701,71,72,1,3,2,2,14,6,8,77,64
888,0,616,1,100,99,0,40,1,40,39,0,40,1,53,52,0.0,0.020831205963443275,1,85,84,2,-1,3,5,0,80,91,0
889,338,954,96,100,4,240,240,96,96,0,240,240,96,96,0,0.024949794070594642,0.028557813404132205,84,87,3,2,2,2,9,19,54,15,90
890,8,624,35,100,65,38,100,34,54,20,8,100,35,68,33,0.00037441710065012424,0.02648150039143606,35,91,56,2,4,3,9,2,26,56,1
891,100,100,77,77,0,100,100,96,96,0,100,100,96,96,0,0.06620375097859015,0.06691854726164947,98,98,0,3,1,1,3,8,82,17,88
892,2,618,27,100,73,23,94,28,38,10,2,94,27,63,36,0.0002042275094455223,0.012934408931549747,29,75,46,2,5,3,13,1,13,55,30
893,2,2,29,29,0,6,6,29,29,0,2,2,29,29,0,3.4037918240920386e-05,3.4037918240920386e-05,27,27,0,-1,5,5,3,1,75,95,81
894,100,100,71,71,0,100,100,80,80,0,100,100,81,81,0,0.05908982606623779,0.06405936212941217,99,99,0,3,1,1,5,29,49,1,62
895,152,752,85,100,15,88,88,71,71,0,88,88,71,71,0,0.018380475850097007,0.027808979202831954,80,91,11,2,2,2,4,13,53,33,17
896,0,1640,1,100,99,0,92,1,52,51,0,92,1,64,63,0.0,0.023554239422716908,1,85,84,1,-1,2,8,0,57,85,19
897,66,682,61,100,39,80,80,68,68,0,66,80,66,71,5,0.010041185881071514,0.017155110793423873,69,79,10,2,3,3,5,5,88,25,48
898,0,101,1,76,75,0,5,1,25,24,0,1,1,25,24,0.0,3.4037918240920386e-05,1,26,25,5,-1,6,5,0,49,80,65
899,217,417,89,98,9,160,160,86,86,0,160,160,88,88,0,0.017052997038701112,0.017359338302869398,79,81,2,3,2,2,7,15,24,19,42
900,231,437,94,100,6,72,72,86,86,0,72,72,86,86,0,0.03761189965621702,0.0405731985431771,92,92,0,3,2,2,3,29,92,0,83
901,202,818,92,100,8,136,136,98,98,0,136,136,98,98,0,0.0283876238129276,0.040709350216140784,89,94,5,2,2,2,4,18,47,30,37
902,80,696,56,100,44,124,134,85,87,2,80,134,57,88,31,0.006433166547533953,0.01596378365499166,56,79,23,2,2,2,6,3,40,29,32
903,0,102,1,74,73,0,7,1,28,27,0,2,1,26,25,0.0,0.00030634126416828345,1,32,31,4,-1,5,4,1,83,45,49
904,126,126,84,84,0,118,118,93,93,0,118,118,93,93,0,0.015555328636100617,0.015555328636100617,79,79,0,-1,2,2,5,7,49,48,66
905,100,100,62,62,0,100,100,48,48,0,100,100,62,62,0,0.026719765819122502,0.026719765819122502,88,88,0,-1,1,1,10,5,11,25,67
906,101,101,77,77,0,94,94,75,75,0,94,94,75,75,0,0.010313489226998877,0.010313489226998877,68,68,0,-1,2,2,5,8,49,44,98
907,86,686,67,100,33,66,66,51,51,0,86,66,66,61,-5,0.006705469893461316,0.014432077334150244,60,77,17,2,3,3,6,6,65,13,17
908,0,0,1,1,0,0,0,1,1,0,0,0,1,1,0,0.0,0.0,1,1,0,-1,-1,-1,2,0,68,98,40
909,0,102,1,76,75,0,8,1,28,27,0,4,1,30,29,0.0,0.0002042275094455223,1,30,29,4,-1,5,5,0,70,98,56
910,0,1640,1,100,99,0,140,1,62,61,0,111,1,79,78,0.0,0.018176248340651485,1,78,77,1,-1,2,14,0,17,82,37
911,2,208,27,92,65,4,10,27,31,4,2,10,27,40,13,3.4037918240920386e-05,0.0035739814152966403,29,50,21,3,5,4,3,1,85,78,13
912,54,670,62,100,38,48,48,63,63,0,48,48,64,64,0,0.00704584907587052,0.02294155689438034,64,85,21,2,3,3,3,4,82,72,5
913,190,190,91,91,0,88,88,71,71,0,88,88,71,71,0,0.019061234214915415,0.019061234214915415,81,81,0,-1,2,2,4,16,53,12,50
914,100,100,72,72,0,100,100,77,77,0,100,100,77,77,0,0.03002144388849178,0.04418121787671466,91,97,6,2,1,1,6,6,69,26,12
915,0,616,1,99,98,0,112,1,57,56,0,112,1,75,74,0.0,0.01592974573675074,1,78,77,2,-1,3,12,0,14,59,16
916,80,182,56,85,29,124,124,85,85,0,80,82,57,59,2,0.006433166547533953,0.006467204465774873,56,56,0,4,2,2,6,3,40,29,65
917,0,0,1,1,0,0,0,1,1,0,0,0,1,1,0,0.0,0.0,1,1,0,-1,-1,-1,15,0,7,99,79
918,56,672,53,100,47,138,148,71,77,6,56,148,53,82,29,0.004629156880765172,0.021852343510670887,52,82,30,2,2,2,9,2,54,52,6
919,0,1640,1,100,99,0,84,1,58,57,0,84,1,65,64,0.0,0.044623710813846626,1,96,95,1,-1,2,5,0,52,96,2
920,56,256,63,95,32,48,48,66,66,0,48,48,67,67,0,0.010245413390517035,0.011675005956635693,71,73,2,3,3,3,3,6,76,77,54
921,22,22,40,40,0,76,76,37,37,0,22,22,40,40,0,0.00037441710065012424,0.00037441710065012424,32,32,0,-1,3,3,12,2,3,56,36
922,86,1686,54,100,46,180,180,64,64,0,86,92,54,55,1,0.003710133088260322,0.00980292045338507,49,68,19,1,2,2,16,3,4,43,56
923,0,102,1,81,80,0,5,1,27,26,0,2,1,27,26,0.0,0.0006467204465774873,1,36,35,4,-1,5,3,0,96,80,71
924,62,164,55,85,30,170,170,73,73,0,62,64,55,55,0,0.00445896728956057,0.0045270431260424114,52,52,0,4,2,2,11,6,33,70,58
925,0,0,1,1,0,0,0,1,1,0,0,0,1,1,0,0.0,0.0,1,1,0,-1,-1,-1,6,0,65,93,91
926,34,34,49,49,0,90,90,43,43,0,34,34,49,49,0,0.001599782157323258,0.001599782157323258,42,42,0,-1,3,3,10,4,1,64,81
927,6,212,29,93,64,14,14,32,32,0,6,14,29,38,9,0.000442492937131965,0.006569318220497634,34,63,29,3,4,4,3,1,82,49,48
928,0,102,1,75,74,0,17,1,27,26,0,2,1,26,25,0.0,0.00030634126416828345,1,32,31,4,-1,5,10,0,12,67,49
929,100,100,64,64,0,100,100,57,57,0,100,100,65,65,0,0.03451444909629327,0.040300895197249734,93,96,3,2,1,1,8,13,10,33,62
930,0,0,1,1,0,0,0,1,1,0,0,0,1,1,0,0.0,0.0,1,1,0,-1,-1,-1,6,0,59,76,81
931,22,228,47,92,45,34,34,43,43,0,22,34,47,51,4,0.0017018959120460194,0.007182000748834201,44,63,19,3,3,3,4,3,79,51,25
932,6,1646,32,100,68,14,62,34,81,47,6,62,32,83,51,0.0011913271384322134,0.05973654651281528,41,99,58,1,4,2,3,1,60,71,0
933,0,616,1,100,99,0,34,1,34,33,0,34,1,50,49,0.0,0.005650294427992784,1,56,55,2,-1,3,6,0,65,76,44
934,270,270,91,91,0,286,286,88,88,0,270,270,91,91,0,0.0212056230640934,0.0212056230640934,81,81,0,-1,2,2,14,18,25,30,99
935,1,207,26,92,66,5,22,26,33,7,1,22,26,47,21,0.0,0.007522379931243405,1,62,61,3,6,4,5,1,70,78,32
936,87,703,67,100,33,70,70,56,56,0,70,70,63,63,0,0.008237176214302734,0.01330882603219987,65,75,10,2,3,3,5,8,37,44,90
937,0,0,1,1,0,0,0,1,1,0,0,0,1,1,0,0.0,0.0,1,1,0,-1,-1,-1,3,0,82,67,36
938,0,0,1,1,0,0,0,1,1,0,0,0,1,1,0,0.0,0.0,1,1,0,-1,-1,-1,3,1,87,45,76
939,62,268,66,98,32,32,32,70,70,0,32,32,70,70,0,0.010381565063480718,0.012151536812008578,69,73,4,3,3,3,2,9,95,31,63
940,146,762,85,100,15,128,128,93,93,0,128,128,93,93,0,0.01664454201981007,0.02032063718982947,77,81,4,2,2,2,5,8,70,17,54
941,6,107,30,74,44,12,12,30,30,0,6,6,30,30,0,0.00010211375472276115,0.00010211375472276115,29,29,0,5,4,4,4,1,83,65,68
942,0,206,1,96,95,0,12,1,34,33,0,8,1,38,37,0.0,0.0028932230504782326,1,52,51,3,-1,4,2,0,86,81,29
943,64,1704,59,100,41,124,158,66,78,12,64,158,59,83,24,0.007352190340038803,0.027026107083290785,62,87,25,1,3,2,9,4,54,38,77
944,0,616,1,100,99,0,28,1,37,36,0,16,1,39,38,0.0,0.00353994349705572,1,48,47,2,-1,3,5,0,88,66,46
945,6,212,30,89,59,27,28,34,34,0,6,12,30,34,4,0.0004084550188910446,0.001940161339732462,33,43,10,3,4,4,6,1,41,88,94
946,0,0,1,1,0,0,0,1,1,0,0,0,1,1,0,0.0,0.0,1,1,0,-1,-1,-1,11,1,33,69,79
947,0,616,1,100,99,0,46,1,35,34,0,37,1,46,45,0.0,0.006603356138738555,1,58,57,2,-1,3,8,0,27,85,34
948,0,616,1,100,99,0,36,1,37,36,0,22,1,42,41,0.0,0.005888559855679227,1,54,53,2,-1,3,5,0,52,91,29
949,6,108,28,80,52,20,21,29,30,1,6,8,28,32,4,0.00013615167296368154,0.0005786446100956465,30,34,4,4,4,4,9,1,31,55,42
950,2,208,26,86,60,15,35,26,29,3,2,16,26,30,4,0.0,0.0007147962830593281,1,37,36,3,5,4,14,1,25,78,64
951,88,294,57,96,39,228,228,75,75,0,88,96,57,58,1,0.006977773239388679,0.007284114503556962,61,62,1,3,2,2,14,7,8,62,63
952,16,1656,36,100,64,46,90,39,66,27,16,90,36,68,32,0.002723033459273631,0.04431736954967834,45,97,52,1,3,2,6,3,56,46,2
953,0,616,1,100,99,0,28,1,39,38,0,28,1,48,47,0.0,0.01596378365499166,1,80,79,2,-1,3,3,1,82,50,23
954,110,726,82,100,18,72,72,85,85,0,72,72,85,85,0,0.01504475986248681,0.03151911229109228,77,94,17,2,2,2,3,6,94,77,37
955,196,1836,86,100,14,108,132,63,70,7,108,132,77,78,1,0.016372238673882704,0.030361823070900983,76,89,13,1,3,2,8,16,27,12,71
956,0,206,1,92,91,0,13,1,31,30,0,12,1,36,35,0.0,0.0020422750944552232,1,43,42,3,-1,4,6,0,69,81,75
957,16,16,40,40,0,36,36,41,41,0,16,16,40,40,0,0.0009530617107457708,0.0009530617107457708,39,39,0,-1,3,3,5,1,88,49,67
958,0,0,1,1,0,0,0,1,1,0,0,0,1,1,0,0.0,0.0,1,1,0,-1,-1,-1,2,0,99,81,69
959,0,616,1,100,99,0,32,1,37,36,0,32,1,51,50,0.0,0.011198475101262807,1,70,69,2,-1,3,5,0,61,87,14
960,6,622,29,99,70,42,56,34,34,0,6,24,29,42,13,0.00017018959120460194,0.0018720855032506212,32,41,9,2,4,3,11,1,33,88,74
961,0,616,1,100,99,0,30,1,42,41,0,30,1,50,49,0.0,0.00976888253514415,1,73,72,2,-1,3,4,0,73,80,8
962,96,712,66,100,34,118,118,68,68,0,96,118,66,79,13,0.006501242384015794,0.03083835392627387,61,89,28,2,3,3,8,6,21,13,11
963,16,632,36,100,64,72,82,46,49,3,16,82,36,64,28,0.00353994349705572,0.024575376969944517,49,88,39,2,3,3,7,1,43,90,1
964,125,331,81,97,16,80,80,66,66,0,80,80,68,68,0,0.014432077334150244,0.016508390346846386,78,78,0,3,3,3,5,15,63,19,94
965,84,290,61,95,34,84,84,64,64,0,84,84,69,69,0,0.006637394056979475,0.007760645358929848,58,63,5,3,2,2,5,6,50,28,53
966,248,248,92,92,0,128,128,90,90,0,128,128,90,90,0,0.023350011913271386,0.023350011913271386,86,86,0,-1,2,2,5,19,61,15,67
967,6,622,30,100,70,28,42,34,36,2,6,42,30,50,20,0.0002042275094455223,0.009598692943939549,29,64,35,2,4,3,6,1,71,4,14
968,6,212,29,89,60,26,38,32,33,1,6,14,29,35,6,0.00013615167296368154,0.0014636304843595766,32,40,8,3,4,4,9,1,28,4,61
969,38,38,46,46,0,128,128,66,66,0,38,38,46,46,0,0.0018380475850097008,0.0018380475850097008,42,42,0,-1,3,3,12,3,2,43,67
970,0,616,1,100,99,0,36,1,34,33,0,22,1,41,40,0.0,0.0030974505599237552,1,49,48,2,-1,3,7,0,24,40,52
971,22,22,45,45,0,66,66,49,49,0,22,22,45,45,0,0.0019061234214915416,0.0019061234214915416,44,44,0,-1,3,3,6,2,44,61,87
972,62,268,61,98,37,38,38,46,46,0,38,38,51,51,0,0.00789679703189353,0.013853432724054596,62,77,15,3,3,3,3,6,96,34,48
973,48,254,64,99,35,46,46,84,84,0,46,46,84,84,0,0.013955546478777357,0.020524864699274992,74,83,9,3,2,2,2,4,93,64,77
974,18,224,46,99,53,18,22,47,53,6,18,22,49,53,4,0.001497668402600497,0.016168011164437182,40,79,39,3,3,3,2,2,99,61,18
975,126,1766,79,100,21,260,284,76,80,4,126,190,79,86,7,0.013138636440995268,0.022839443139657578,71,86,15,1,2,2,16,8,9,17,13
976,22,22,46,46,0,28,28,43,43,0,22,22,46,46,0,0.0019061234214915416,0.0019061234214915416,45,45,0,-1,3,3,3,3,66,51,76
977,80,80,55,55,0,188,188,80,80,0,80,80,55,55,0,0.005990673610401988,0.005990673610401988,55,55,0,-1,2,2,10,3,0,29,80
978,121,121,80,80,0,94,94,68,68,0,94,94,73,73,0,0.009496579189216788,0.009496579189216788,67,67,0,-1,2,2,5,8,61,44,45
979,263,365,95,99,4,64,64,70,70,0,64,64,70,70,0,0.030702202253310187,0.03097450559923755,89,89,0,4,3,3,4,29,84,1,63
980,0,616,1,99,98,0,116,1,58,57,0,78,1,54,53,0.0,0.008679669151434699,1,61,60,2,-1,3,17,0,20,82,8
981,16,16,32,32,0,24,24,29,29,0,16,16,32,32,0,0.0009190237925048504,0.0009190237925048504,35,35,0,-1,3,3,9,1,29,78,59
982,152,152,84,84,0,272,272,88,88,0,152,152,84,84,0,0.016508390346846386,0.016508390346846386,76,76,0,-1,2,2,14,9,17,39,92
983,0,101,1,79,78,0,9,1,25,24,0,1,1,25,24,0.0,0.0,1,1,0,6,-1,7,9,1,26,45,78
984,120,120,76,76,0,174,174,72,72,0,120,120,76,76,0,0.006943735321147759,0.006943735321147759,58,58,0,-1,2,2,10,6,0,13,45
985,8,8,38,38,0,12,12,35,35,0,8,8,38,38,0,0.0015317063208414173,0.0015317063208414173,43,43,0,-1,4,4,2,2,98,61,97
986,22,638,42,100,58,26,44,38,48,10,22,44,42,53,11,0.0005786446100956465,0.013649205214609075,36,76,40,2,3,3,4,2,53,63,18
987,100,100,66,66,0,100,100,45,45,0,100,100,66,66,0,0.03315293236665646,0.03315293236665646,90,90,0,-1,1,1,10,12,1,37,97
988,202,408,89,96,7,144,144,88,88,0,144,144,88,88,0,0.021409850573538922,0.023894618605126112,84,86,2,3,2,2,6,18,44,5,73
989,0,616,1,100,99,0,78,1,48,47,0,78,1,61,60,0.0,0.01933353756084278,1,81,80,2,-1,3,8,0,21,99,9
990,83,83,62,62,0,66,66,49,49,0,66,66,57,57,0,0.006433166547533953,0.006433166547533953,58,58,0,-1,3,3,6,8,41,57,36
991,198,1838,94,100,6,88,112,71,91,20,88,112,71,91,20,0.01929949964260186,0.05735389223595085,83,96,13,1,2,2,4,18,53,5,16
992,493,493,99,99,0,272,272,100,100,0,272,272,100,100,0,0.03897341638585384,0.03897341638585384,95,95,0,-1,2,2,8,30,42,7,86
993,16,16,36,36,0,56,56,39,39,0,16,16,36,36,0,0.0007147962830593281,0.0007147962830593281,36,36,0,-1,3,3,9,2,35,42,67
994,100,100,68,68,0,100,100,63,63,0,100,100,68,68,0,0.04785731304673406,0.05840906770141938,98,99,1,2,1,1,6,16,41,18,39
995,100,100,61,61,0,100,100,40,40,0,100,100,61,61,0,0.04115184315327275,0.04857210932979339,95,98,3,2,1,1,14,22,8,9,34
996,8,214,37,92,55,18,18,35,35,0,8,14,37,41,4,0.00088498587426393,0.002927260968719153,38,49,11,3,4,4,3,2,87,74,90
997,281,281,94,94,0,310,310,91,91,0,281,281,94,94,0,0.022635215630212056,0.022635215630212056,82,82,0,-1,2,2,14,20,16,23,97
998,0,0,1,1,0,0,0,1,1,0,0,0,1,1,0,0.0,0.0,1,1,0,-1,-1,-1,17,1,20,45,92
999,0,616,1,99,98,0,126,1,63,62,0,126,1,79,78,0.0,0.022703291466693896,1,88,87,2,-1,3,11,0,19,80,0
