,FreeNet_pre_score,FreeNet_post_score,FreeNet_pre_rank,FreeNet_post_rank,FreeNet_delta_ranks,Reversed_pre_score,Reversed_post_score,Reversed_pre_rank,Reversed_post_rank,Reversed_delta_ranks,Independent_pre_score,Independent_post_score,Independent_pre_rank,Independent_post_rank,Independent_delta_ranks,Random_pre_score,Random_post_score,Random_pre_rank,Random_post_rank,Random_delta_ranks,dist_victim_relayer,dist_victim_vilain_pre,dist_victim_vilain_post,out_deg_victim,in_deg_villain,victim,villain,relayer
0,100,100,57,57,0,100,100,38,38,0,100,100,57,57,0,0.026277272881990537,0.06007692569522448,86,100,14,1,1,1,16,15,4,19,3
1,145,145,90,90,0,48,48,68,68,0,48,48,69,69,0,0.019878144252697506,0.019878144252697506,85,85,0,-1,3,3,3,18,81,5,66
2,16,16,42,42,0,24,24,42,42,0,16,16,42,42,0,0.001157289220191293,0.001157289220191293,39,39,0,-1,3,3,3,1,66,88,82
3,0,206,1,90,89,0,26,1,32,31,0,26,1,45,44,0.0,0.005888559855679227,1,55,54,3,-1,4,5,0,50,79,31
4,409,409,100,100,0,136,136,99,99,0,136,136,99,99,0,0.05439259334899078,0.05439259334899078,98,98,0,-1,2,2,4,36,84,2,93
5,598,1198,100,100,0,344,344,96,96,0,344,344,96,96,0,0.04319411824772797,0.04700636509071105,96,97,1,2,2,2,14,40,25,3,34
6,56,56,56,56,0,110,110,62,62,0,56,56,56,56,0,0.004152626025392287,0.004152626025392287,53,53,0,-1,2,2,11,2,38,75,85
7,0,1640,1,100,99,0,46,1,81,80,0,46,1,81,80,0.0,0.0619490111984751,1,97,96,1,-1,2,2,0,95,98,16
8,152,253,91,96,5,52,52,76,76,0,52,52,77,77,0,0.01841451376833793,0.01841451376833793,83,83,0,6,2,2,3,18,55,5,68
9,40,246,49,92,43,74,74,59,59,0,40,48,49,52,3,0.0057524081827155455,0.00707988699411144,54,61,7,3,2,2,5,3,50,46,52
10,0,616,1,100,99,0,28,1,42,41,0,28,1,49,48,0.0,0.017291262466387555,1,82,81,2,-1,3,3,0,66,97,16
11,119,119,86,86,0,64,64,68,68,0,64,64,71,71,0,0.020933319718166036,0.020933319718166036,83,83,0,-1,3,3,4,16,72,18,79
12,12,628,38,100,62,38,100,34,54,20,12,100,38,68,30,0.0011913271384322134,0.027094182919772627,40,92,52,2,4,3,9,3,26,51,1
13,6,1646,29,100,71,32,82,33,43,10,6,73,29,58,29,0.00013615167296368154,0.015180911535450491,28,75,47,1,4,2,10,1,22,4,57
14,22,638,41,100,59,58,80,36,40,4,22,56,41,52,11,0.0006126825283365669,0.0053099152455835805,35,55,20,2,3,3,10,2,18,63,72
15,64,270,63,98,35,32,32,58,58,0,32,32,60,60,0,0.0068075836481840775,0.008645631233193778,61,65,4,3,3,3,2,8,91,57,46
16,100,100,73,73,0,100,100,87,87,0,100,100,87,87,0,0.0547670104496409,0.0547670104496409,97,97,0,6,1,1,4,18,79,5,58
17,86,292,74,96,22,48,48,66,66,0,48,48,67,67,0,0.007250076585316042,0.008373327887266415,63,66,3,3,3,3,3,6,76,13,43
18,22,124,45,79,34,86,86,57,57,0,22,24,45,48,3,0.004186663943633207,0.00442492937131965,54,55,1,4,3,3,6,3,44,29,88
19,22,228,49,97,48,22,22,49,49,0,22,22,50,50,0,0.003437829742332959,0.017359338302869398,50,82,32,3,3,3,2,2,93,75,15
20,91,91,76,76,0,38,38,56,56,0,38,38,57,57,0,0.015248987371932332,0.015248987371932332,80,80,0,-1,3,3,3,12,60,37,89
21,2,208,27,93,66,16,30,29,32,3,2,10,27,35,8,3.4037918240920386e-05,0.0019741992579733825,27,44,17,3,5,4,9,1,23,95,83
22,100,100,60,60,0,100,100,40,40,0,100,100,60,60,0,0.017937982912965042,0.02205657102011641,77,84,7,2,1,1,14,5,25,47,26
23,16,222,32,91,59,70,70,40,40,0,16,31,32,42,10,0.0023486163586235067,0.0048674223084516155,43,52,9,3,3,3,9,2,29,94,22
24,0,206,1,89,88,0,26,1,31,30,0,10,1,34,33,0.0,0.0012253650566731338,1,40,39,3,-1,4,9,0,28,66,43
25,144,144,89,89,0,72,72,84,84,0,72,72,84,84,0,0.019129310051397258,0.019129310051397258,84,84,0,-1,2,2,3,14,85,32,92
26,16,16,36,36,0,42,42,38,38,0,16,16,36,36,0,0.0005105687736138058,0.0005105687736138058,36,36,0,-1,3,3,8,1,39,88,45
27,0,101,1,77,76,0,6,1,25,24,0,1,1,25,24,0.0,0.00010211375472276115,1,29,28,5,-1,6,6,0,48,91,65
28,100,100,59,59,0,100,100,39,39,0,100,100,59,59,0,0.047074440927192894,0.048333843902106946,97,97,0,3,1,1,14,29,16,0,94
29,0,101,1,76,75,0,8,1,25,24,0,1,1,25,24,0.0,6.807583648184077e-05,1,26,25,5,-1,6,8,0,39,98,78
30,100,100,60,60,0,100,100,52,52,0,100,100,60,60,0,0.05585622383335035,0.06365090711052113,100,100,0,2,1,1,9,30,29,7,20
31,100,716,59,100,41,198,228,69,74,5,100,172,59,85,26,0.008169100377820893,0.017257224548146634,61,79,18,2,2,2,14,6,16,34,77
32,78,694,57,100,43,104,104,73,73,0,78,104,58,78,20,0.00803294870485721,0.010517716736444398,60,70,10,2,2,2,5,7,52,62,61
33,0,0,1,1,0,0,0,1,1,0,0,0,1,1,0,0.0,0.0,1,1,0,-1,-1,-1,4,0,77,91,99
34,140,756,81,100,19,150,150,90,90,0,140,150,89,90,1,0.011879233466081215,0.021409850573538922,71,83,12,2,2,2,7,7,62,48,77
35,150,356,86,97,11,240,240,89,89,0,150,156,86,87,1,0.01412573606998196,0.014874570271282209,73,76,3,3,2,2,12,8,6,17,42
36,18,224,43,95,52,32,36,41,41,0,18,36,43,51,8,0.00088498587426393,0.005548180673270023,37,54,17,3,3,3,5,2,45,63,62
37,158,774,86,100,14,84,84,71,71,0,84,84,72,72,0,0.012900371013308825,0.029851254297287178,74,87,13,2,2,2,5,14,80,32,16
38,100,100,62,62,0,100,100,43,43,0,100,100,62,62,0,0.037475747983253344,0.04339834575717349,93,93,0,2,1,1,12,19,14,15,77
39,28,28,45,45,0,96,96,43,43,0,28,28,45,45,0,0.0016678579938050988,0.0016678579938050988,42,42,0,-1,3,3,11,3,5,43,81
40,92,92,75,75,0,62,62,82,82,0,62,62,82,82,0,0.015657442390823378,0.015657442390823378,79,79,0,-1,2,2,3,8,85,8,99
41,126,126,82,82,0,64,64,63,63,0,64,64,64,64,0,0.01664454201981007,0.01664454201981007,81,81,0,-1,3,3,4,17,79,6,87
42,0,206,1,93,92,0,18,1,39,38,0,18,1,45,44,0.0,0.014432077334150244,1,76,75,3,-1,4,3,0,55,82,15
43,64,166,62,90,28,62,62,74,74,0,62,62,75,75,0,0.008645631233193778,0.008713707069675619,67,67,0,4,2,2,3,6,64,26,60
44,0,1640,1,100,99,0,216,1,72,71,0,216,1,88,87,0.0,0.03362946322202934,1,93,92,1,-1,2,17,0,20,93,3
45,197,197,88,88,0,208,208,85,85,0,208,208,91,91,0,0.017052997038701112,0.017052997038701112,79,79,0,-1,2,2,10,15,18,19,76
46,132,338,86,98,12,48,48,54,54,0,48,48,56,56,0,0.02188638142891181,0.024371149460498995,88,89,1,3,3,3,3,15,87,16,29
47,1,1,26,26,0,4,4,26,26,0,1,1,26,26,0,3.4037918240920386e-05,3.4037918240920386e-05,27,27,0,-1,6,6,4,1,77,78,59
48,1,207,25,94,69,3,18,25,37,12,1,18,25,43,18,0.0,0.007590455767725246,1,60,59,3,6,4,3,2,96,58,17
49,6,6,27,27,0,20,20,28,28,0,6,6,27,27,0,0.00013615167296368154,0.00013615167296368154,29,29,0,-1,4,4,6,1,40,65,93
50,0,1640,1,100,99,0,46,1,83,82,0,46,1,83,82,0.0,0.06092787365124749,1,98,97,1,-1,2,2,0,93,67,18
51,22,228,49,98,49,22,22,47,47,0,22,22,52,52,0,0.002144388849177984,0.006943735321147759,45,63,18,3,3,3,2,2,89,52,25
52,0,0,1,1,0,0,0,1,1,0,0,0,1,1,0,0.0,0.0,1,1,0,-1,-1,-1,8,0,42,59,82
53,80,696,72,100,28,48,48,66,66,0,48,48,67,67,0,0.009292351679771264,0.018857006705469893,69,84,15,2,3,3,3,9,76,31,17
54,2,104,29,87,58,4,4,30,30,0,2,4,29,32,3,0.0002723033459273631,0.003165526396405596,34,49,15,4,5,5,2,1,97,88,47
55,111,727,77,100,23,218,218,76,76,0,111,147,77,83,6,0.007454304094761564,0.011062323428299126,61,67,6,2,2,2,14,8,25,57,35
56,292,492,97,100,3,72,72,80,80,0,72,72,80,80,0,0.03652268627250757,0.03791824092038531,93,93,0,3,2,2,3,30,76,7,46
57,12,628,37,100,63,12,22,32,41,9,12,22,37,44,7,0.0009870996289866913,0.008679669151434699,38,65,27,2,4,3,2,2,91,74,21
58,85,291,57,97,40,166,166,67,67,0,85,100,57,60,3,0.005820484019197386,0.008135062459579971,56,64,8,3,2,2,12,6,6,35,41
59,194,794,90,100,10,208,208,89,89,0,208,208,92,92,0,0.015521290717859695,0.018959120460192654,79,83,4,2,2,2,10,13,0,33,13
60,40,656,47,100,53,66,66,44,44,0,40,56,47,53,6,0.004901460226692535,0.006399128629293032,52,55,3,2,3,3,6,6,51,73,4
61,288,904,95,100,5,320,320,92,92,0,320,320,95,95,0,0.021614078082984444,0.03601211749889377,81,95,14,2,2,2,14,18,16,5,18
62,57,673,65,100,35,28,28,45,45,0,28,28,49,49,0,0.007488342013002485,0.036624800027230335,63,93,30,2,3,3,3,8,60,44,2
63,16,16,34,34,0,102,102,55,55,0,16,16,34,34,0,0.0013274788113958951,0.0013274788113958951,39,39,0,-1,3,3,16,1,9,71,82
64,106,106,79,79,0,78,78,73,73,0,78,78,73,73,0,0.014534191088873005,0.014534191088873005,77,77,0,-1,2,2,4,8,79,20,92
65,0,616,1,100,99,0,18,1,50,49,0,18,1,52,51,0.0,0.008305252050784574,1,65,64,2,-1,3,2,0,86,92,72
66,0,1640,1,100,99,0,154,1,62,61,0,142,1,78,77,0.0,0.019061234214915415,1,82,81,1,-1,2,15,0,7,66,5
67,0,616,1,100,99,0,50,1,36,35,0,31,1,50,49,0.0,0.004663194799006093,1,53,52,2,-1,3,8,0,30,36,28
68,16,118,33,76,43,34,34,33,33,0,16,18,33,40,7,0.0005446066918547262,0.0006126825283365669,34,34,0,4,3,3,6,1,40,4,65
69,42,658,51,100,49,124,134,63,68,5,42,134,51,79,28,0.002825147213996392,0.018278362095374246,48,77,29,2,2,2,10,2,12,61,23
70,6,6,29,29,0,19,19,29,29,0,6,6,29,29,0,0.00017018959120460194,0.00017018959120460194,31,31,0,-1,4,4,8,1,42,65,50
71,6,212,29,94,65,28,32,33,34,1,6,17,29,42,13,0.0006126825283365669,0.003267640151128357,37,48,11,3,4,4,6,2,59,42,73
72,0,206,1,93,92,0,18,1,39,38,0,6,1,30,29,0.0,0.0034718676605738795,1,48,47,3,-1,4,3,0,92,80,90
73,104,310,82,98,16,38,38,55,55,0,38,38,58,58,0,0.011334626774226489,0.016304162837400864,73,79,6,3,3,3,3,14,76,32,34
74,100,100,68,68,0,100,100,57,57,0,100,100,68,68,0,0.0317233398005378,0.05119302903434426,89,96,7,2,1,1,8,14,39,32,9
75,0,102,1,74,73,0,14,1,26,25,0,2,1,25,24,0.0,3.4037918240920386e-05,1,25,24,4,-1,5,12,1,3,45,60
76,100,100,72,72,0,100,100,77,77,0,100,100,77,77,0,0.04350045951189625,0.06137036658837945,97,99,2,1,1,1,6,12,69,37,64
77,100,100,63,63,0,100,100,45,45,0,100,100,63,63,0,0.022328874366043774,0.022328874366043774,84,84,0,-1,1,1,11,13,19,24,79
78,104,104,77,77,0,160,160,73,73,0,104,104,77,77,0,0.005582218591510943,0.005582218591510943,60,60,0,-1,2,2,11,5,38,47,81
79,0,206,1,90,89,0,22,1,33,32,0,12,1,38,37,0.0,0.002825147213996392,1,49,48,3,-1,4,5,0,80,76,29
80,76,692,61,100,39,96,96,60,60,0,76,96,61,68,7,0.01065386840940808,0.0158616699002689,69,80,11,2,3,3,6,6,44,77,38
81,2,208,28,95,67,4,12,31,40,9,2,12,28,40,12,0.0002723033459273631,0.0057524081827155455,32,58,26,3,5,4,2,1,95,55,57
82,2,104,27,77,50,6,6,27,27,0,2,2,27,27,0,0.0,0.00013615167296368154,1,28,27,4,5,5,5,1,37,68,60
83,0,616,1,100,99,0,52,1,39,38,0,52,1,51,50,0.0,0.01327478811395895,1,73,72,2,-1,3,6,0,71,86,12
84,255,1895,95,100,5,288,312,95,97,2,288,312,95,97,2,0.017393376221110316,0.04343238367541441,80,95,15,1,2,2,12,15,6,19,9
85,0,0,1,1,0,0,0,1,1,0,0,0,1,1,0,0.0,0.0,1,1,0,-1,-1,-1,4,0,73,86,89
86,100,100,79,79,0,100,100,98,98,0,100,100,98,98,0,0.07638108853262535,0.08019333537560842,99,99,0,3,1,1,2,2,95,58,38
87,6,6,28,28,0,25,25,30,30,0,6,6,28,28,0,0.00013615167296368154,0.00013615167296368154,29,29,0,-1,4,4,9,1,29,60,91
88,56,56,56,56,0,94,94,68,68,0,56,56,56,56,0,0.006262976956329351,0.006262976956329351,56,56,0,-1,2,2,5,3,50,29,89
89,100,100,62,62,0,100,100,43,43,0,100,100,62,62,0,0.029919330133769018,0.04162837400864563,91,93,2,2,1,1,12,15,14,19,12
90,2,618,28,100,72,5,38,28,54,26,2,38,28,57,29,0.00017018959120460194,0.020729092208720514,31,84,53,2,5,3,3,1,76,65,9
91,8,214,35,92,57,26,26,35,35,0,8,26,35,46,11,0.0010892133837094523,0.004731270635487933,41,51,10,3,4,4,5,2,88,74,13
92,206,822,94,100,6,152,152,98,98,0,152,152,98,98,0,0.02818339630348208,0.03703325504612138,90,93,3,2,2,2,5,20,45,23,17
93,162,264,88,93,5,64,64,60,60,0,64,64,63,63,0,0.021409850573538922,0.021546002246502605,86,86,0,4,3,3,4,15,83,16,65
94,0,206,1,95,94,0,10,1,30,29,0,6,1,30,29,0.0,0.00176997174852786,1,41,40,3,-1,4,3,1,94,50,53
95,66,272,58,96,38,110,110,76,76,0,64,72,57,61,4,0.006024711528642908,0.007828721195411689,57,65,8,3,2,2,6,6,59,41,83
96,100,100,66,66,0,100,100,49,49,0,100,100,66,66,0,0.02913645801422785,0.02913645801422785,88,88,0,-1,1,1,9,8,54,8,89
97,70,276,59,95,36,128,128,67,67,0,70,76,59,59,0,0.006501242384015794,0.00793083495013445,59,61,2,3,3,3,8,6,15,26,53
98,0,0,1,1,0,0,0,1,1,0,0,0,1,1,0,0.0,0.0,1,1,0,-1,-1,-1,4,0,77,91,96
99,78,284,60,94,34,90,90,67,67,0,78,84,65,65,0,0.008135062459579971,0.010075223799312433,60,64,4,3,2,2,6,4,71,38,94
100,86,86,63,63,0,86,86,59,59,0,86,86,63,63,0,0.005956635692161067,0.005956635692161067,55,55,0,-1,3,3,6,6,41,13,50
101,100,100,61,61,0,100,100,40,40,0,100,100,61,61,0,0.04625753088941081,0.0659654855509037,97,100,3,1,1,1,14,29,8,11,15
102,86,86,63,63,0,92,92,62,62,0,86,86,66,66,0,0.00789679703189353,0.00789679703189353,63,63,0,-1,3,3,7,7,62,21,79
103,6,622,27,100,73,21,110,28,55,27,6,60,27,55,28,0.00013615167296368154,0.007692569522448007,29,61,32,2,4,3,14,2,8,58,38
104,160,366,91,100,9,72,72,80,80,0,72,72,80,80,0,0.023009632730862182,0.029510875114877974,86,89,3,3,2,2,3,18,76,5,32
105,132,748,82,100,18,100,110,66,76,10,100,110,72,80,8,0.013751318969331836,0.03345927363082474,77,91,14,2,2,2,6,8,44,8,9
106,70,686,62,100,38,86,96,68,73,5,70,96,63,73,10,0.011709043874876613,0.01861874127778345,71,79,8,2,3,3,6,5,69,25,31
107,2,618,27,100,73,4,22,29,51,22,2,22,27,54,27,3.4037918240920386e-05,0.017189148711664794,29,83,54,2,5,3,2,1,98,65,12
108,361,361,99,99,0,112,112,95,95,0,112,112,95,95,0,0.04418121787671466,0.04418121787671466,96,96,0,-1,2,2,4,40,73,3,87
109,107,313,83,100,17,56,56,86,86,0,56,56,86,86,0,0.019095272133156337,0.026889955410327106,82,89,7,3,2,2,2,9,95,39,77
110,68,684,63,100,37,72,72,77,77,0,72,72,79,79,0,0.00976888253514415,0.022533101875489295,72,88,16,2,2,2,3,4,96,38,12
111,104,1744,71,100,29,148,172,71,80,9,104,172,71,87,16,0.00704584907587052,0.023213860240307704,61,87,26,1,2,2,9,6,28,26,20
112,0,206,1,89,88,0,28,1,33,32,0,8,1,35,34,0.0,0.0016338200755641784,1,40,39,3,-1,4,8,0,57,66,52
113,142,1782,83,100,17,228,252,79,84,5,142,252,83,90,7,0.013819394805813677,0.026175159127267776,71,90,19,1,2,2,14,9,25,39,48
114,22,228,50,99,49,22,22,55,55,0,22,22,57,57,0,0.005241839409101739,0.019197385887879097,57,82,25,3,3,3,2,2,97,83,15
115,8,624,36,100,64,18,28,36,42,6,8,24,36,48,12,0.0012594029749140542,0.005718370264474625,41,59,18,2,4,3,3,2,66,74,94
116,149,355,90,100,10,62,62,82,82,0,62,62,82,82,0,0.02209060893835733,0.02474556656114912,86,88,2,3,2,2,3,15,92,19,35
117,202,408,93,100,7,72,72,86,86,0,72,72,86,86,0,0.03179141563701964,0.04520235542394227,90,96,6,3,2,2,3,22,92,9,23
118,22,638,41,100,59,66,76,50,53,3,22,76,41,65,24,0.002723033459273631,0.011096361346540046,45,71,26,2,3,3,6,2,56,52,20
119,2,2,27,27,0,12,12,29,29,0,2,2,27,27,0,0.00010211375472276115,0.00010211375472276115,30,30,0,-1,5,5,6,1,48,65,66
120,6,622,29,100,71,28,70,31,38,7,6,70,29,56,27,0.0,0.010041185881071514,1,66,65,2,4,3,10,1,22,65,33
121,136,342,85,96,11,88,88,77,77,0,88,88,77,77,0,0.01504475986248681,0.017495489975833077,79,82,3,3,2,2,4,13,79,33,90
122,12,114,42,85,43,12,12,37,37,0,12,12,41,41,0,0.0020422750944552232,0.0022465026039007454,44,46,2,4,4,4,2,2,89,83,49
123,16,632,32,100,68,70,94,40,44,4,16,61,32,55,23,0.0023486163586235067,0.007760645358929848,43,59,16,2,3,3,9,2,29,94,28
124,74,176,72,93,21,32,32,69,69,0,32,32,69,69,0,0.01147077844719017,0.013036522686272508,71,72,1,4,3,3,2,9,93,27,46
125,206,308,91,98,7,140,140,67,67,0,140,140,84,84,0,0.015657442390823378,0.015827631982027978,78,78,0,4,3,3,10,16,1,12,60
126,2,618,27,99,72,22,60,29,34,5,2,37,27,50,23,0.00017018959120460194,0.004118588107151367,31,51,20,2,5,3,11,1,19,65,28
127,464,1080,100,100,0,400,400,100,100,0,400,400,100,100,0,0.03352734946730658,0.033969842404438545,94,94,0,2,2,2,16,29,9,0,56
128,0,1640,1,100,99,0,124,1,64,63,0,124,1,81,80,0.0,0.025119983661799246,1,88,87,1,-1,2,10,0,36,66,30
129,292,292,95,95,0,272,272,95,95,0,272,272,95,95,0,0.023418087749753225,0.023418087749753225,88,88,0,-1,2,2,11,15,19,16,91
130,0,616,1,99,98,0,64,1,35,34,0,54,1,51,50,0.0,0.005990673610401988,1,56,55,2,-1,3,11,0,33,98,24
131,124,330,78,96,18,144,144,91,91,0,124,144,90,91,1,0.012968446849790666,0.02038871302631131,74,83,9,3,2,2,6,7,51,21,17
132,64,64,54,54,0,80,80,62,62,0,64,64,54,54,0,0.010143299635794275,0.010143299635794275,65,65,0,-1,2,2,6,6,71,73,92
133,16,16,33,33,0,84,84,48,48,0,16,16,33,33,0,0.004050512270669526,0.004050512270669526,52,52,0,-1,3,3,9,1,31,90,76
134,245,445,96,100,4,72,72,84,84,0,72,72,84,84,0,0.03713536880084414,0.04220701861874128,94,95,1,3,2,2,3,30,85,7,25
135,114,730,80,100,20,158,158,80,80,0,114,158,80,85,5,0.00980292045338507,0.03420810783212499,68,91,23,2,2,2,9,9,23,31,0
136,0,206,1,89,88,0,34,1,32,31,0,12,1,33,32,0.0,0.001940161339732462,1,43,42,3,-1,4,12,0,3,98,83
137,118,1758,77,100,23,284,308,81,85,4,118,308,77,96,19,0.011640968038394772,0.03087239184451479,65,93,28,1,2,2,16,5,9,25,6
138,22,638,43,100,57,40,50,40,44,4,22,50,43,51,8,0.0012934408931549745,0.007284114503556962,41,58,17,2,3,3,5,2,52,74,38
139,197,813,91,100,9,144,144,90,90,0,144,144,90,90,0,0.01943565131556554,0.0333911977943429,84,94,10,2,2,2,6,15,59,19,18
140,6,6,32,32,0,16,16,33,33,0,6,6,32,32,0,0.0005786446100956465,0.0005786446100956465,36,36,0,-1,4,4,4,2,79,42,82
141,6,622,31,100,69,14,28,33,42,9,6,28,31,49,18,0.00034037918240920387,0.016406276592123625,34,81,47,2,4,3,3,1,66,49,37
142,8,1648,37,100,63,20,58,35,59,24,8,58,37,59,22,0.0006807583648184077,0.02923857176895061,37,91,54,1,4,2,4,3,83,51,25
143,40,40,54,54,0,48,48,70,70,0,40,40,70,70,0,0.006841621566424997,0.006841621566424997,60,60,0,-1,2,2,3,1,94,55,79
144,118,734,78,100,22,204,204,85,85,0,118,148,78,83,5,0.007488342013002485,0.011981347220803976,62,70,8,2,2,2,11,5,33,47,72
145,128,128,78,78,0,128,128,91,91,0,128,128,91,91,0,0.009326389598012186,0.009326389598012186,66,66,0,-1,2,2,5,5,52,47,45
146,22,124,46,87,41,28,28,43,43,0,22,24,46,48,2,0.002280540522141666,0.002382654276864427,49,49,0,4,3,3,3,2,66,52,4
147,100,100,64,64,0,100,100,45,45,0,100,100,64,64,0,0.05023996732359849,0.05517546546853194,97,98,1,2,1,1,10,29,18,1,34
148,138,344,93,100,7,56,56,92,92,0,56,56,92,92,0,0.02740052418394091,0.04183260151809115,89,95,6,3,2,2,2,16,97,12,15
149,0,102,1,75,74,0,9,1,27,26,0,2,1,26,25,0.0,0.00017018959120460194,1,29,28,4,-1,5,6,0,34,80,65
150,6,6,33,33,0,16,16,33,33,0,6,6,33,33,0,0.00034037918240920387,0.00034037918240920387,34,34,0,-1,4,4,4,1,47,4,81
151,32,238,49,95,46,28,28,45,45,0,32,38,55,56,1,0.004322815616596889,0.004833384390210695,51,52,1,3,3,3,3,3,60,29,88
152,0,616,1,99,98,0,86,1,41,40,0,54,1,55,54,0.0,0.007998910786616291,1,63,62,2,-1,3,11,0,19,36,17
153,216,832,95,100,5,128,128,95,95,0,128,128,95,95,0,0.023996732359848873,0.028523775485891283,87,90,3,2,2,2,5,18,45,5,90
154,0,101,1,73,72,0,10,1,25,24,0,1,1,25,24,0.0,6.807583648184077e-05,1,27,26,5,-1,6,10,0,22,85,58
155,0,616,1,100,99,0,28,1,44,43,0,28,1,48,47,0.0,0.010960209673576363,1,68,67,2,-1,3,3,0,58,59,39
156,100,100,66,66,0,100,100,60,60,0,100,100,68,68,0,0.03168930188229688,0.03168930188229688,89,89,0,-1,1,1,7,14,43,32,93
157,34,650,55,100,45,44,44,53,53,0,34,44,55,57,2,0.003880322679464924,0.011402702610708328,54,73,19,2,3,3,4,6,78,70,8
158,22,22,43,43,0,40,40,40,40,0,22,22,43,43,0,0.0024166921951053475,0.0024166921951053475,47,47,0,-1,3,3,5,2,52,83,84
159,16,632,33,100,67,59,132,34,60,26,16,88,33,56,23,0.00034037918240920387,0.009905034208107831,33,64,31,2,3,3,15,1,7,88,77
160,2,2,26,26,0,8,8,26,26,0,2,2,26,26,0,3.4037918240920386e-05,3.4037918240920386e-05,27,27,0,-1,5,5,7,1,43,78,91
161,12,113,40,84,44,18,18,38,38,0,12,13,40,42,2,0.002212464685659825,0.002314578440382586,49,49,0,5,4,4,3,2,76,75,55
162,0,102,1,76,75,0,8,1,26,25,0,2,1,25,24,0.0,6.807583648184077e-05,1,26,25,4,-1,5,6,0,56,84,65
163,22,228,45,94,49,50,50,48,48,0,22,50,45,56,11,0.0016678579938050988,0.0040845501889104465,43,51,8,3,3,3,5,2,49,52,41
164,149,765,84,100,16,180,190,92,92,0,149,190,84,93,9,0.010415602981721638,0.01776779332176044,69,81,12,2,2,2,8,8,15,57,24
165,142,348,85,96,11,80,80,60,60,0,80,80,65,65,0,0.01324075019571803,0.017257224548146634,77,80,3,3,3,3,5,14,50,14,26
166,74,176,72,93,21,32,32,69,69,0,32,32,69,69,0,0.014432077334150244,0.014738418598318526,75,76,1,4,3,3,2,9,93,39,63
167,2,104,29,87,58,4,4,30,30,0,2,4,29,32,3,0.0002723033459273631,0.0013274788113958951,34,41,7,4,5,5,2,1,97,88,61
168,0,0,1,1,0,0,0,1,1,0,0,0,1,1,0,0.0,0.0,1,1,0,-1,-1,-1,11,0,33,76,79
169,0,102,1,77,76,0,15,1,28,27,0,4,1,30,29,0.0,0.0004084550188910446,1,34,33,4,-1,5,8,0,57,81,51
170,176,176,91,91,0,104,104,86,86,0,104,104,86,86,0,0.022635215630212056,0.022635215630212056,85,85,0,-1,2,2,5,17,45,6,87
171,42,658,54,100,46,98,108,53,66,13,40,84,54,64,10,0.0034718676605738795,0.009973110044589673,51,69,18,2,3,3,8,6,57,41,38
172,166,372,84,95,11,124,124,88,88,0,124,124,89,89,0,0.017393376221110316,0.01776779332176044,79,79,0,3,2,2,6,8,41,8,56
173,239,339,96,99,3,72,72,77,77,0,72,72,79,79,0,0.032336022328874364,0.032336022328874364,93,93,0,5,2,2,3,29,96,0,60
174,80,696,61,100,39,104,104,73,73,0,80,104,62,74,12,0.008951972497362062,0.02913645801422785,69,89,20,2,2,2,6,2,41,75,11
175,0,0,1,1,0,0,0,1,1,0,0,0,1,1,0,0.0,0.0,1,1,0,-1,-1,-1,11,0,38,76,86
176,0,102,1,83,82,0,4,1,28,27,0,2,1,26,25,0.0,0.003165526396405596,1,48,47,4,-1,5,2,0,99,89,90
177,288,494,95,98,3,248,248,89,89,0,248,248,92,92,0,0.027536675856904592,0.028762040913577726,89,90,1,3,2,2,11,15,5,16,75
178,86,286,72,96,24,50,50,45,45,0,50,50,56,56,0,0.008986010415602982,0.012117498893767658,69,75,6,3,3,3,5,13,45,24,13
179,0,0,1,1,0,0,0,1,1,0,0,0,1,1,0,0.0,0.0,1,1,0,-1,-1,-1,10,0,12,79,99
180,124,124,77,77,0,210,210,81,81,0,124,124,77,77,0,0.012049423057285817,0.012049423057285817,70,70,0,-1,2,2,12,6,14,34,59
181,142,142,89,89,0,144,144,91,91,0,144,144,91,91,0,0.018754892950747133,0.018754892950747133,84,84,0,-1,2,2,6,9,32,39,84
182,40,656,45,100,55,116,148,58,64,6,40,144,45,83,38,0.0017018959120460194,0.015419176963136935,43,73,30,2,2,2,14,1,25,71,30
183,6,212,27,86,59,20,41,27,29,2,6,18,27,39,12,6.807583648184077e-05,0.0009530617107457708,27,37,10,3,4,4,14,1,25,68,74
184,120,326,80,97,17,164,164,77,77,0,120,126,80,81,1,0.00891793457912114,0.011232513019503728,67,72,5,3,2,2,10,7,36,21,90
185,0,101,1,81,80,0,3,1,24,23,0,1,1,24,23,0.0,0.0002723033459273631,1,32,31,5,-1,6,3,0,66,91,60
186,276,1916,92,100,8,286,320,88,94,6,276,320,92,95,3,0.024234997787535316,0.048504033493311546,88,98,10,1,2,2,14,16,25,18,9
187,0,0,1,1,0,0,0,1,1,0,0,0,1,1,0,0.0,0.0,1,1,0,-1,-1,-1,6,0,51,66,91
188,0,616,1,100,99,0,22,1,53,52,0,22,1,53,52,0.0,0.03805439259334899,1,96,95,2,-1,3,2,0,99,96,2
189,40,40,45,45,0,174,174,67,67,0,40,40,45,45,0,0.0048674223084516155,0.0048674223084516155,52,52,0,-1,2,2,15,1,7,90,76
190,82,82,71,71,0,38,38,57,57,0,38,38,59,59,0,0.012219612648490419,0.012219612648490419,75,75,0,-1,3,3,3,8,55,20,79
191,0,616,1,100,99,0,54,1,32,31,0,18,1,37,36,0.0,0.001599782157323258,1,41,40,2,-1,3,10,0,0,36,61
192,0,616,1,100,99,0,44,1,47,46,0,44,1,53,52,0.0,0.017325300384628477,1,82,81,2,-1,3,4,0,83,96,15
193,400,600,97,100,3,224,224,96,96,0,224,224,96,96,0,0.03652268627250757,0.03699921712788046,93,93,0,3,2,2,8,27,15,10,42
194,46,46,52,52,0,84,84,46,46,0,46,46,52,52,0,0.005854521937438306,0.005854521937438306,55,55,0,-1,2,2,9,2,26,83,50
195,0,0,1,1,0,0,0,1,1,0,0,0,1,1,0,0.0,0.0,1,1,0,-1,-1,-1,3,0,75,96,98
196,54,54,64,64,0,38,38,52,52,0,38,38,55,55,0,0.006433166547533953,0.006433166547533953,62,62,0,-1,3,3,3,4,66,72,85
197,74,74,60,60,0,100,100,66,66,0,74,74,60,60,0,0.006671431975220395,0.006671431975220395,59,59,0,-1,2,2,6,6,44,26,76
198,432,432,100,100,0,176,176,99,99,0,176,176,99,99,0,0.05211205282684911,0.05211205282684911,97,97,0,-1,2,2,5,36,63,2,40
199,1,103,23,79,56,4,5,23,24,1,1,3,23,26,3,3.4037918240920386e-05,0.00010211375472276115,24,26,2,4,6,5,4,2,67,58,68
200,140,1740,84,100,16,198,198,86,86,0,140,198,84,91,7,0.01330882603219987,0.04704040300895197,75,97,22,1,2,2,10,8,1,17,3
201,111,727,77,100,23,218,218,76,76,0,111,218,77,87,10,0.007454304094761564,0.02188638142891181,61,83,22,2,2,2,14,8,25,57,16
202,2,2,27,27,0,13,13,27,27,0,2,2,27,27,0,0.0,0.0,1,1,0,-1,5,5,10,2,12,58,86
203,152,768,91,100,9,52,52,76,76,0,52,52,77,77,0,0.01841451376833793,0.03526328329759352,83,93,10,2,2,2,3,18,55,5,9
204,406,612,97,100,3,182,182,99,99,0,182,182,99,99,0,0.03897341638585384,0.04084550188910446,95,95,0,3,2,2,6,29,41,0,29
205,195,401,93,100,7,96,96,93,93,0,96,96,93,93,0,0.02644746247319514,0.027128220838013545,89,90,1,3,2,2,3,16,58,12,49
206,0,616,1,100,99,0,44,1,47,46,0,44,1,57,56,0.0,0.01929949964260186,1,84,83,2,-1,3,4,0,47,91,9
207,0,616,1,100,99,0,60,1,40,39,0,52,1,57,56,0.0,0.009734844616903231,1,69,68,2,-1,3,8,0,39,40,8
208,100,100,71,71,0,100,100,80,80,0,100,100,81,81,0,0.05908982606623779,0.05929405357568331,99,99,0,5,1,1,5,29,49,1,60
209,22,228,40,92,52,60,64,40,40,0,22,48,40,54,14,0.0010892133837094523,0.005037611899656217,39,56,17,3,3,3,9,2,31,74,47
210,0,206,1,92,91,0,24,1,32,31,0,32,1,48,47,0.0,0.004152626025392287,1,50,49,3,-1,4,6,0,65,79,13
211,112,112,78,78,0,94,94,68,68,0,94,94,73,73,0,0.011913271384322134,0.011913271384322134,72,72,0,-1,2,2,5,9,61,27,85
212,22,22,41,41,0,48,48,36,36,0,22,22,41,41,0,0.0009190237925048504,0.0009190237925048504,37,37,0,-1,3,3,9,2,35,74,80
213,0,616,1,100,99,0,42,1,39,38,0,42,1,53,52,0.0,0.009836958371625992,1,67,66,2,-1,3,6,1,74,69,17
214,100,100,67,67,0,100,100,55,55,0,100,100,67,67,0,0.025358249089485686,0.033221008203138294,87,91,4,2,1,1,9,7,23,48,8
215,1,617,26,100,74,7,58,26,42,16,1,51,26,50,24,0.00010211375472276115,0.0048674223084516155,30,53,23,2,6,3,7,1,46,78,47
216,16,222,35,93,58,34,34,39,39,0,16,34,35,45,10,0.002144388849177984,0.013751318969331836,40,76,36,3,3,3,4,1,67,53,30
217,244,450,89,99,10,176,176,88,88,0,176,176,88,88,0,0.021239660982334322,0.03097450559923755,83,90,7,3,2,2,8,17,27,6,12
218,104,720,75,100,25,104,104,80,80,0,104,104,81,81,0,0.00803294870485721,0.022737329384934817,66,85,19,2,2,2,5,5,63,47,5
219,80,182,78,97,19,32,32,67,67,0,32,32,68,68,0,0.017018959120460194,0.01865277919602437,80,83,3,4,3,3,2,9,97,39,94
220,6,622,30,100,70,36,46,36,42,6,6,46,30,51,21,0.002382654276864427,0.010279451308757957,44,68,24,2,4,3,6,3,65,46,24
221,6,622,29,100,71,52,80,35,40,5,6,56,29,52,23,0.0008169100377820892,0.006092787365124749,36,58,22,2,4,3,10,2,18,42,26
222,0,616,1,100,99,0,22,1,46,45,0,22,1,51,50,0.0,0.021443888491779844,1,86,85,2,-1,3,2,0,89,87,7
223,0,0,1,1,0,0,0,1,1,0,0,0,1,1,0,0.0,0.0,1,1,0,-1,-1,-1,4,1,72,50,81
224,30,236,53,99,46,22,22,54,54,0,22,22,54,54,0,0.006092787365124749,0.017903944994724124,61,82,21,3,3,3,2,4,99,38,30
225,158,364,94,100,6,46,46,83,83,0,46,46,83,83,0,0.02917049593246877,0.032336022328874364,94,94,0,3,2,2,2,22,99,9,54
226,56,56,61,61,0,38,38,51,51,0,38,38,54,54,0,0.006092787365124749,0.006092787365124749,57,57,0,-1,3,3,3,6,94,13,98
227,78,78,69,69,0,56,56,76,76,0,56,56,77,77,0,0.010483678818203479,0.010483678818203479,72,72,0,-1,2,2,2,4,68,72,79
228,2,618,26,100,74,18,120,28,57,29,2,111,26,74,48,0.0,0.014908608189523128,1,76,75,2,5,3,14,1,16,68,23
229,47,663,54,100,46,94,104,51,66,15,47,104,54,76,22,0.004629156880765172,0.01409169815174104,53,74,21,2,3,3,9,6,23,35,34
230,1,617,25,100,75,4,44,25,48,23,1,44,25,54,29,6.807583648184077e-05,0.012491915994417782,28,75,47,2,6,3,4,1,79,68,14
231,100,100,60,60,0,100,100,40,40,0,100,100,60,60,0,0.01933353756084278,0.03260832567480173,79,91,12,1,1,1,14,7,25,48,24
232,376,376,99,99,0,256,256,97,97,0,256,256,98,98,0,0.03362946322202934,0.03362946322202934,92,92,0,-1,2,2,10,22,22,9,82
233,102,203,70,89,19,104,104,62,62,0,102,103,70,72,2,0.007454304094761564,0.007624493685966166,59,60,1,5,3,3,9,8,29,44,68
234,148,1748,88,100,12,88,88,82,82,0,88,88,82,82,0,0.022465026039007456,0.056128527179277715,85,97,12,1,2,2,4,18,72,30,23
235,405,405,98,98,0,184,184,94,94,0,184,184,94,94,0,0.035739814152966405,0.035739814152966405,93,93,0,-1,2,2,7,29,43,1,93
236,67,683,60,100,40,76,76,57,57,0,76,76,61,61,0,0.007318152421797883,0.021069471391129718,62,83,21,2,3,3,6,8,74,44,15
237,50,1690,52,100,48,124,168,60,70,10,44,121,51,82,31,0.003982436434187685,0.016236087000919025,52,77,25,1,3,2,14,6,17,41,57
238,0,616,1,100,99,0,28,1,44,43,0,28,1,51,50,0.0,0.013717281051090916,1,75,74,2,-1,3,3,0,94,97,30
239,32,32,47,47,0,76,76,40,40,0,32,32,47,47,0,0.001055175465468532,0.001055175465468532,40,40,0,-1,3,3,10,2,18,74,91
240,117,733,82,100,18,72,72,77,77,0,72,72,77,77,0,0.016882807447496512,0.035603662480002726,81,93,12,2,2,2,3,9,64,39,9
241,82,82,66,66,0,86,86,57,57,0,86,86,66,66,0,0.012287688484972258,0.012287688484972258,72,72,0,-1,3,3,6,8,65,20,80
242,9,111,42,84,42,12,12,35,35,0,12,12,42,42,0,0.0012594029749140542,0.0015657442390823377,41,43,2,4,4,4,2,4,98,64,55
243,0,206,1,97,96,0,7,1,33,32,0,7,1,40,39,0.0,0.0012594029749140542,1,41,40,3,-1,4,2,0,97,40,54
244,0,102,1,79,78,0,5,1,26,25,0,4,1,30,29,0.0,0.00013615167296368154,1,28,27,4,-1,5,3,1,94,69,56
245,8,8,38,38,0,24,24,40,40,0,8,8,38,38,0,0.0018720855032506212,0.0018720855032506212,44,44,0,-1,4,4,4,2,84,83,45
246,168,768,83,100,17,158,158,79,79,0,158,158,84,84,0,0.01851662752306069,0.02379250485040335,81,82,1,2,2,2,9,18,54,30,44
247,16,118,44,82,38,28,28,46,46,0,16,18,43,47,4,0.0011232513019503727,0.0026209197045508697,41,49,8,4,3,3,3,2,87,42,94
248,277,477,100,100,0,56,56,93,93,0,56,56,93,93,0,0.06392321045644848,0.06725892644405868,98,98,0,3,2,2,2,36,99,2,28
249,36,1676,53,100,47,28,62,43,76,33,28,62,50,78,28,0.0038462847612240037,0.05680928554409612,52,97,45,1,3,2,3,6,66,41,0
250,6,622,27,100,73,52,98,35,41,6,6,98,27,60,33,0.0008169100377820892,0.013717281051090916,38,71,33,2,4,3,12,2,2,42,5
251,22,123,45,81,36,78,78,47,47,0,22,23,45,47,2,0.0026889955410327104,0.002723033459273631,48,48,0,6,3,3,8,2,57,52,58
252,40,40,48,48,0,80,80,45,45,0,40,40,48,48,0,0.0034037918240920387,0.0034037918240920387,48,48,0,-1,2,2,9,1,31,71,87
253,50,666,55,100,45,88,108,47,68,21,44,108,53,76,23,0.0034718676605738795,0.027774941284591036,48,87,39,2,3,3,8,6,39,41,10
254,32,648,46,100,54,46,56,37,40,3,32,56,46,53,7,0.0028932230504782326,0.010211375472276116,46,69,23,2,3,3,6,2,40,75,21
255,180,796,87,100,13,172,172,88,88,0,172,172,90,90,0,0.016406276592123625,0.02818339630348208,78,88,10,2,2,2,9,13,35,33,19
256,0,206,1,93,92,0,12,1,35,34,0,12,1,36,35,0.0,0.005616256509751864,1,58,57,3,-1,4,2,0,68,67,25
257,0,206,1,96,95,0,12,1,36,35,0,12,1,41,40,0.0,0.012662105585622384,1,71,70,3,-1,4,2,0,99,89,15
258,2,618,26,100,74,14,112,27,58,31,2,112,26,75,49,6.807583648184077e-05,0.013376901868681712,27,75,48,2,5,3,12,2,3,58,12
259,190,806,90,100,10,126,136,80,85,5,126,136,83,86,3,0.021137547227611558,0.03989244017835869,82,96,14,2,2,2,7,16,62,18,23
260,334,436,95,96,1,216,216,85,85,0,216,216,87,87,0,0.03441233534157051,0.03478675244222063,94,94,0,4,2,2,12,29,2,0,42
261,0,616,1,100,99,0,46,1,37,36,0,46,1,50,49,0.0,0.020899281799925118,1,80,79,2,-1,3,6,0,71,85,11
262,100,100,69,69,0,100,100,66,66,0,100,100,72,72,0,0.04520235542394227,0.047414820109602095,95,96,1,2,1,1,6,14,44,14,53
263,0,1640,1,100,99,0,78,1,68,67,0,78,1,69,68,0.0,0.05214609074509003,1,96,95,1,-1,2,4,0,53,85,2
264,0,206,1,93,92,0,16,1,32,31,0,9,1,38,37,0.0,0.0018720855032506212,1,45,44,3,-1,4,4,0,73,87,54
265,70,686,71,100,29,38,38,56,56,0,38,38,57,57,0,0.008441403723748256,0.027706865448109193,67,87,20,2,3,3,3,13,60,24,16
266,176,278,88,95,7,118,118,72,72,0,118,118,82,82,0,0.01317267435923619,0.01334286395044079,72,72,0,4,2,2,9,14,23,14,4
267,42,658,48,100,52,130,168,61,67,6,42,114,48,76,28,0.0013955546478777359,0.011981347220803976,41,70,29,2,2,2,14,2,8,56,39
268,28,28,45,45,0,70,70,39,39,0,28,28,45,45,0,0.0013615167296368155,0.0013615167296368155,40,40,0,-1,3,3,10,3,22,43,92
269,106,722,76,100,24,142,152,78,83,5,106,152,76,84,8,0.009394465434494027,0.01245787807617686,64,71,7,2,2,2,8,7,27,48,43
270,16,117,41,80,39,36,36,42,42,0,16,17,41,47,6,0.0009190237925048504,0.0009190237925048504,37,37,0,6,3,3,5,1,70,49,58
271,42,42,55,55,0,82,82,48,48,0,40,40,52,52,0,0.003642057251778481,0.003642057251778481,51,51,0,-1,3,3,7,6,24,41,85
272,0,206,1,96,95,0,7,1,30,29,0,7,1,37,36,0.0,0.0013615167296368155,1,39,38,3,-1,4,2,0,99,76,64
273,0,206,1,88,87,0,34,1,33,32,0,6,1,28,27,0.0,0.003267640151128357,1,50,49,3,-1,4,7,0,24,92,90
274,0,102,1,79,78,0,6,1,28,27,0,6,1,30,29,0.0,0.003642057251778481,1,50,49,4,-1,5,3,0,94,96,57
275,26,128,44,78,34,46,46,37,37,0,26,28,44,44,0,0.003914360597705844,0.004050512270669526,50,50,0,4,3,3,6,6,40,73,49
276,118,118,77,77,0,100,100,59,59,0,100,100,64,64,0,0.01058579257292624,0.01058579257292624,69,69,0,-1,2,2,6,9,40,31,87
277,2,208,27,94,67,6,10,29,30,1,2,10,27,38,11,0.00034037918240920387,0.0034718676605738795,34,50,16,3,5,4,3,1,66,60,41
278,22,22,41,41,0,110,110,59,59,0,22,22,41,41,0,0.0018040096667687805,0.0018040096667687805,43,43,0,-1,3,3,10,2,18,61,96
279,102,308,76,96,20,128,128,67,67,0,102,128,76,78,2,0.012083460975526737,0.012559991830899623,72,73,1,3,3,3,8,8,15,17,63
280,8,8,36,36,0,44,44,36,36,0,8,8,36,36,0,0.00034037918240920387,0.00034037918240920387,35,35,0,-1,4,4,8,2,21,56,82
281,6,212,29,89,60,32,36,30,32,2,6,12,29,32,3,0.00010211375472276115,0.00030634126416828345,28,32,4,3,4,4,15,1,7,95,4
282,52,668,65,100,35,22,22,54,54,0,22,22,54,54,0,0.007284114503556962,0.01664454201981007,64,80,16,2,3,3,2,7,99,21,44
283,16,16,36,36,0,56,56,39,39,0,16,16,36,36,0,0.0007147962830593281,0.0007147962830593281,36,36,0,-1,3,3,9,2,35,42,66
284,16,16,35,35,0,72,72,37,37,0,16,16,35,35,0,0.0014636304843595766,0.0014636304843595766,40,40,0,-1,3,3,11,1,5,71,86
285,100,100,84,84,0,100,100,98,98,0,100,100,98,98,0,0.09292351679771266,0.10197760304979747,100,100,0,3,1,1,2,12,97,37,33
286,214,830,93,100,7,104,104,73,73,0,104,104,79,79,0,0.022022533101875488,0.02906838217774601,88,90,2,2,2,2,5,16,52,18,27
287,16,16,43,43,0,48,48,73,73,0,16,16,43,43,0,0.004561081044283332,0.004561081044283332,51,51,0,-1,3,3,3,1,92,90,97
288,87,293,70,95,25,72,72,77,77,0,72,72,77,77,0,0.01055175465468532,0.015725518227305217,74,78,4,3,2,2,3,8,82,57,24
289,16,222,34,92,58,70,70,54,54,0,16,70,34,61,27,0.004935498144933456,0.012594029749140543,53,77,24,3,3,3,5,1,50,90,8
290,100,100,66,66,0,100,100,43,43,0,100,100,66,66,0,0.020729092208720514,0.025494400762449368,85,87,2,3,1,1,11,6,33,13,25
291,178,384,88,98,10,152,152,83,83,0,152,152,86,86,0,0.019129310051397258,0.020048333843902106,82,82,0,3,2,2,8,18,21,5,43
292,78,179,63,90,27,94,94,70,70,0,78,79,68,68,0,0.009394465434494027,0.009394465434494027,69,69,0,5,2,2,5,7,37,62,68
293,108,314,78,96,18,144,144,88,88,0,108,144,80,88,8,0.011879233466081215,0.01592974573675074,73,77,4,3,2,2,6,5,34,25,57
294,2,2,28,28,0,3,3,28,28,0,2,2,28,28,0,0.0002042275094455223,0.0002042275094455223,31,31,0,-1,5,5,2,1,89,55,36
295,0,616,1,100,99,0,42,1,39,38,0,42,1,53,52,0.0,0.007250076585316042,1,62,61,2,-1,3,6,1,74,45,27
296,12,212,37,93,56,12,12,36,36,0,12,12,37,37,0,0.0024166921951053475,0.007624493685966166,48,61,13,3,4,4,2,2,68,75,31
297,154,154,87,87,0,88,88,73,73,0,88,88,74,74,0,0.011606930120153852,0.011606930120153852,71,71,0,-1,2,2,4,13,83,24,85
298,2,1642,28,100,72,8,68,30,76,46,2,68,28,77,49,0.0002382654276864427,0.04996766397767113,34,97,63,1,5,2,4,1,72,60,3
299,0,0,1,1,0,0,0,1,1,0,0,0,1,1,0,0.0,0.0,1,1,0,-1,-1,-1,8,0,15,40,82
300,50,666,62,100,38,28,38,44,58,14,28,38,51,61,10,0.005446066918547262,0.033799652813233945,54,90,36,2,3,3,3,5,92,47,2
301,275,481,94,100,6,246,246,95,95,0,246,246,96,96,0,0.018857006705469893,0.020252561353347628,79,82,3,3,2,2,10,15,22,19,54
302,16,632,42,100,58,28,38,43,45,2,16,38,42,50,8,0.0026889955410327104,0.02324789815854862,47,90,43,2,3,3,3,2,96,94,0
303,0,206,1,93,92,0,8,1,31,30,0,6,1,31,30,0.0,0.0017018959120460194,1,44,43,3,-1,4,2,0,68,84,94
304,346,448,96,98,2,184,184,94,94,0,184,184,94,94,0,0.03686306545491678,0.03710133088260322,94,94,0,4,2,2,7,27,43,10,55
305,0,206,1,92,91,0,36,1,40,39,0,36,1,49,48,0.0,0.007658531604207087,1,62,61,3,-1,4,6,0,69,76,20
306,420,2020,99,100,1,288,288,99,99,0,288,288,99,99,0,0.035025017869907075,0.06164266993430682,93,99,6,1,2,2,9,29,28,0,7
307,232,832,93,100,7,188,188,83,83,0,188,188,91,91,0,0.020150447598624867,0.026004969536063176,81,87,6,2,2,2,10,18,12,30,31
308,0,0,1,1,0,0,0,1,1,0,0,0,1,1,0,0.0,0.0,1,1,0,-1,-1,-1,6,0,51,91,40
309,0,616,1,100,99,0,56,1,40,39,0,45,1,51,50,0.0,0.009360427516253106,1,66,65,2,-1,3,9,0,26,85,39
310,6,622,31,100,69,13,40,31,44,13,6,40,31,51,20,0.00017018959120460194,0.017801831240001363,30,82,52,2,4,3,5,1,37,60,9
311,36,242,56,96,40,34,34,44,44,0,34,34,55,55,0,0.005071649817897137,0.011777119711358454,55,73,18,3,3,3,4,6,72,35,8
312,40,656,47,100,53,45,80,39,55,16,40,80,47,60,13,0.006977773239388679,0.0158616699002689,56,78,22,2,2,2,6,1,51,78,32
313,100,100,59,59,0,100,100,45,45,0,100,100,59,59,0,0.036454610436025735,0.036454610436025735,93,93,0,-1,1,1,10,18,0,5,99
314,2,103,25,79,54,7,7,25,25,0,2,2,25,25,0,6.807583648184077e-05,0.00010211375472276115,25,26,1,6,5,5,4,1,67,95,58
315,16,118,37,77,40,34,34,35,35,0,16,18,37,40,3,0.0005786446100956465,0.001055175465468532,35,37,2,4,3,3,6,1,65,4,49
316,274,480,96,100,4,144,144,88,88,0,144,144,89,89,0,0.03090642976275571,0.03301678069369277,91,91,0,3,2,2,6,22,34,9,70
317,262,468,96,100,4,120,120,100,100,0,120,120,100,100,0,0.04615541713468804,0.049933626059430206,95,97,2,3,2,2,3,27,92,10,48
318,2,618,26,100,74,12,86,27,43,16,2,86,26,57,31,0.00010211375472276115,0.009905034208107831,28,66,38,2,5,3,10,2,18,58,32
319,100,716,67,100,33,124,124,87,87,0,100,124,72,88,16,0.012491915994417782,0.01592974573675074,72,80,8,2,2,2,6,6,59,34,64
320,40,40,55,55,0,100,100,71,71,0,40,40,55,55,0,0.00704584907587052,0.00704584907587052,62,62,0,-1,2,2,6,1,32,90,45
321,78,180,57,87,30,166,166,74,74,0,78,80,57,57,0,0.007454304094761564,0.007454304094761564,62,62,0,4,2,2,12,4,3,38,95
322,0,102,1,76,75,0,14,1,27,26,0,2,1,26,25,0.0,0.00034037918240920387,1,32,31,4,-1,5,9,0,23,66,88
323,100,716,62,100,38,206,206,75,75,0,100,206,62,89,27,0.009394465434494027,0.023690391095680587,65,87,22,2,2,2,12,6,14,77,18
324,0,0,1,1,0,0,0,1,1,0,0,0,1,1,0,0.0,0.0,1,1,0,-1,-1,-1,2,0,93,67,91
325,164,266,91,97,6,56,56,76,76,0,56,56,77,77,0,0.021546002246502605,0.022703291466693896,88,88,0,4,2,2,2,18,68,5,51
326,118,220,79,94,15,104,104,80,80,0,104,104,81,81,0,0.013581129378127233,0.013785356887572755,76,76,0,4,2,2,5,9,63,27,4
327,16,16,34,34,0,70,70,54,54,0,16,16,34,34,0,0.004935498144933456,0.004935498144933456,53,53,0,-1,3,3,5,1,50,90,82
328,54,54,55,55,0,70,70,54,54,0,54,54,55,55,0,0.00704584907587052,0.00704584907587052,61,61,0,-1,3,3,5,4,50,38,82
329,6,212,32,93,61,18,18,35,35,0,6,18,32,45,13,0.0013955546478777359,0.017257224548146634,42,83,41,3,4,4,3,1,58,71,9
330,6,622,28,100,72,13,40,28,39,11,6,40,28,48,20,0.0,0.02038871302631131,1,84,83,2,4,3,5,1,50,95,16
331,100,100,62,62,0,100,100,43,43,0,100,100,62,62,0,0.0480955784744205,0.04898056434868443,96,97,1,2,1,1,12,22,14,9,61
332,0,0,1,1,0,0,0,1,1,0,0,0,1,1,0,0.0,0.0,1,1,0,-1,-1,-1,2,0,93,40,82
333,0,0,1,1,0,0,0,1,1,0,0,0,1,1,0,0.0,0.0,1,1,0,-1,-1,-1,6,0,32,84,87
334,16,16,37,37,0,46,46,39,39,0,16,16,37,37,0,0.0012594029749140542,0.0012594029749140542,41,41,0,-1,3,3,6,1,41,71,69
335,100,100,59,59,0,100,100,46,46,0,100,100,59,59,0,0.026243234963749616,0.039415909322985804,87,95,8,1,1,1,11,8,5,17,41
336,40,656,52,100,48,68,78,66,68,2,40,78,52,69,17,0.007318152421797883,0.024234997787535316,62,90,28,2,2,2,4,1,53,90,23
337,16,632,32,100,68,56,94,37,44,7,16,94,32,59,27,0.001055175465468532,0.031178733108683073,36,90,54,2,3,3,9,2,29,42,2
338,82,698,63,100,37,128,128,69,69,0,82,128,63,81,18,0.008509479560230097,0.02651553830967698,64,87,23,2,3,3,8,7,30,48,9
339,30,236,53,94,41,22,22,42,42,0,22,22,46,46,0,0.003914360597705844,0.005616256509751864,53,58,5,3,3,3,2,6,68,41,46
340,46,252,55,95,40,60,64,52,61,9,46,53,55,59,4,0.00888389666088022,0.009496579189216788,68,69,1,3,2,2,5,2,45,83,63
341,0,1640,1,100,99,0,80,1,61,60,0,80,1,65,64,0.0,0.034105994077402224,1,95,94,1,-1,2,6,0,71,89,7
342,128,229,80,92,12,200,200,79,79,0,128,129,80,80,0,0.006399128629293032,0.006433166547533953,57,57,0,5,2,2,12,5,3,47,68
343,2,1642,26,100,74,12,124,27,62,35,2,124,26,78,52,0.0,0.031995643146465164,1,95,94,1,5,2,10,1,18,68,1
344,2,103,27,80,53,4,4,27,27,0,2,3,27,31,4,0.0,6.807583648184077e-05,1,28,27,5,5,5,3,1,58,78,4
345,98,714,63,100,37,94,108,53,68,15,98,108,64,76,12,0.011981347220803976,0.019844106334456584,73,81,8,2,3,3,8,8,10,8,48
346,0,616,1,100,99,0,70,1,39,38,0,70,1,57,56,0.0,0.0156914803090643,1,77,76,2,-1,3,9,0,29,87,23
347,100,100,57,57,0,100,100,38,38,0,100,100,57,57,0,0.011402702610708328,0.011504816365431091,70,70,0,5,1,1,16,2,4,56,78
348,100,100,58,58,0,100,100,38,38,0,100,100,58,58,0,0.011334626774226489,0.01933353756084278,64,84,20,2,1,1,16,2,9,61,17
349,100,100,73,73,0,100,100,88,88,0,100,100,88,88,0,0.040505122706695255,0.041764525681609314,94,95,1,4,1,1,4,6,84,70,94
350,76,76,62,62,0,64,64,59,59,0,64,64,63,63,0,0.00803294870485721,0.00803294870485721,66,66,0,-1,3,3,4,7,53,21,85
351,0,101,1,70,69,0,11,1,25,24,0,1,1,25,24,0.0,0.0,1,1,0,5,-1,6,11,1,5,45,78
352,46,252,53,93,40,84,84,48,48,0,46,52,53,54,1,0.002825147213996392,0.003165526396405596,47,48,1,3,2,2,9,2,23,52,49
353,76,177,56,88,32,82,82,48,48,0,76,77,57,57,0,0.00793083495013445,0.00793083495013445,60,60,0,5,3,3,7,6,46,34,65
354,0,616,1,99,98,0,126,1,62,61,0,126,1,79,78,0.0,0.023315973995030465,1,88,87,2,-1,3,11,1,33,45,11
355,232,1872,92,100,8,268,292,96,99,3,232,292,92,99,7,0.013138636440995268,0.04329623200245073,74,94,20,1,2,2,12,13,14,24,1
356,40,656,55,100,45,62,62,75,75,0,40,62,63,76,13,0.006943735321147759,0.019707954661492902,63,85,22,2,2,2,3,3,82,46,37
357,183,783,89,100,11,182,182,87,87,0,182,182,92,92,0,0.015385139044896015,0.026855917492086184,77,87,10,2,2,2,9,15,23,19,5
358,0,206,1,94,93,0,18,1,37,36,0,18,1,45,44,0.0,0.014329963579427483,1,76,75,3,-1,4,3,0,81,67,16
359,68,274,65,98,33,22,22,42,42,0,22,22,45,45,0,0.00789679703189353,0.020524864699274992,62,87,25,3,3,3,2,8,91,44,6
360,15,15,47,47,0,12,12,35,35,0,12,12,42,42,0,0.0038462847612240037,0.0038462847612240037,54,54,0,-1,4,4,2,6,98,73,99
361,28,28,44,44,0,74,74,42,42,0,28,28,44,44,0,0.002484768031587188,0.002484768031587188,45,45,0,-1,3,3,9,3,31,54,45
362,0,616,1,100,99,0,32,1,68,67,0,32,1,68,67,0.0,0.028796078831818644,1,91,90,2,-1,3,2,0,90,59,11
363,124,124,80,80,0,178,178,81,81,0,124,124,80,80,0,0.011913271384322134,0.011913271384322134,69,69,0,-1,2,2,10,6,22,34,91
364,0,0,1,1,0,0,0,1,1,0,0,0,1,1,0,0.0,0.0,1,1,0,-1,-1,-1,5,1,63,50,99
365,338,938,96,100,4,264,264,95,95,0,264,264,95,95,0,0.029578950951359814,0.03832669593927635,89,97,8,2,2,2,12,22,2,9,33
366,52,52,65,65,0,22,22,54,54,0,22,22,54,54,0,0.005820484019197386,0.005820484019197386,60,60,0,-1,3,3,2,6,99,13,82
367,515,721,100,100,0,344,344,100,100,0,344,344,100,100,0,0.04142414649920011,0.04278566322883692,96,96,0,3,2,2,11,29,38,1,61
368,208,208,92,92,0,308,308,89,89,0,208,208,92,92,0,0.01756356581231492,0.01756356581231492,79,79,0,-1,2,2,16,12,4,37,96
369,0,206,1,94,93,0,8,1,30,29,0,8,1,35,34,0.0,0.0020422750944552232,1,45,44,3,-1,4,2,0,91,89,75
370,6,6,32,32,0,22,22,33,33,0,6,6,32,32,0,0.0010892133837094523,0.0010892133837094523,39,39,0,-1,4,4,5,1,45,71,89
371,2,104,28,82,54,4,4,31,31,0,2,4,28,31,3,0.0002723033459273631,0.0009190237925048504,32,37,5,4,5,5,2,1,95,55,71
372,6,6,31,31,0,14,14,31,31,0,6,6,31,31,0,0.00030634126416828345,0.00030634126416828345,33,33,0,-1,4,4,5,1,70,88,97
373,16,632,35,100,65,120,120,62,62,0,16,120,35,78,43,0.0019741992579733825,0.017597603730555838,42,79,37,2,3,3,10,1,12,53,23
374,14,220,42,93,51,24,24,40,40,0,14,24,42,51,9,0.0012934408931549745,0.008339289969025495,41,64,23,3,4,4,4,4,47,64,27
375,0,616,1,100,99,0,70,1,35,34,0,32,1,47,46,0.0,0.004186663943633207,1,52,51,2,-1,3,13,0,13,76,75
376,256,256,94,94,0,320,320,96,96,0,256,256,93,93,0,0.017325300384628477,0.017325300384628477,76,76,0,-1,2,2,14,15,8,19,67
377,0,101,1,77,76,0,8,1,25,24,0,1,1,25,24,0.0,3.4037918240920386e-05,1,25,24,5,-1,6,8,0,30,79,78
378,100,100,73,73,0,100,100,94,94,0,100,100,94,94,0,0.03652268627250757,0.036624800027230335,96,96,0,4,1,1,4,1,67,50,4
379,0,0,1,1,0,0,0,1,1,0,0,0,1,1,0,0.0,0.0,1,1,0,-1,-1,-1,6,0,56,66,84
380,100,100,65,65,0,100,100,75,75,0,100,100,77,77,0,0.04625753088941081,0.04625753088941081,97,97,0,-1,1,1,5,16,61,12,81
381,16,222,44,98,54,18,22,47,53,6,16,22,47,53,6,0.00353994349705572,0.006637394056979475,50,62,12,3,3,3,2,1,99,55,54
382,100,100,60,60,0,100,100,52,52,0,100,100,60,60,0,0.053609721229449604,0.05908982606623779,99,100,1,2,1,1,9,27,29,10,31
383,0,101,1,74,73,0,11,1,25,24,0,1,1,25,24,0.0,6.807583648184077e-05,1,26,25,6,-1,7,11,0,19,59,68
384,28,1668,44,100,56,64,128,41,70,29,28,128,44,81,37,0.0017018959120460194,0.027843017121072875,42,87,45,1,3,2,9,3,31,43,30
385,18,224,41,91,50,62,66,36,36,0,18,26,41,45,4,0.00034037918240920387,0.001157289220191293,34,40,6,3,3,3,10,2,1,63,51
386,16,16,34,34,0,40,40,32,32,0,16,16,34,34,0,0.00034037918240920387,0.00034037918240920387,32,32,0,-1,3,3,12,1,2,60,59
387,206,206,93,93,0,96,96,90,90,0,96,96,90,90,0,0.026889955410327106,0.026889955410327106,89,89,0,-1,2,2,3,18,82,5,92
388,22,228,42,93,51,50,54,39,39,0,22,36,42,48,6,0.0012594029749140542,0.0035739814152966403,39,48,9,3,3,3,8,2,39,74,70
389,16,222,36,92,56,38,46,35,38,3,16,22,36,41,5,0.0002042275094455223,0.0031314884781646754,30,47,17,3,3,3,8,1,39,65,90
390,156,156,85,85,0,176,176,85,85,0,156,156,88,88,0,0.012900371013308825,0.012900371013308825,76,76,0,-1,2,2,8,9,30,27,93
391,18,224,48,94,46,34,34,47,47,0,18,34,48,54,6,0.0020082371762143027,0.005990673610401988,45,60,15,3,3,3,4,2,78,52,13
392,86,292,67,96,29,66,66,51,51,0,86,66,66,61,-5,0.006705469893461316,0.009360427516253106,60,67,7,3,3,3,6,6,65,13,22
393,0,0,1,1,0,0,0,1,1,0,0,0,1,1,0,0.0,0.0,1,1,0,-1,-1,-1,6,0,51,98,93
394,56,1696,61,100,39,34,68,44,76,32,34,68,55,78,23,0.005446066918547262,0.042819701147077845,59,95,36,1,3,2,4,6,72,13,37
395,24,640,43,100,57,78,88,39,40,1,24,58,43,54,11,0.0012253650566731338,0.004016474352428605,39,53,14,2,3,3,12,4,2,64,41
396,24,126,50,88,38,22,22,47,47,0,22,22,52,52,0,0.0028932230504782326,0.0034718676605738795,49,52,3,4,3,3,2,6,89,70,42
397,2,2,26,26,0,15,15,26,26,0,2,2,26,26,0,3.4037918240920386e-05,3.4037918240920386e-05,27,27,0,-1,5,5,14,1,8,78,45
398,0,616,1,100,99,0,52,1,40,39,0,48,1,50,49,0.0,0.007522379931243405,1,57,56,2,-1,3,7,0,46,97,17
399,16,16,34,34,0,41,41,34,34,0,16,16,34,34,0,0.000442492937131965,0.000442492937131965,34,34,0,-1,3,3,10,1,11,88,59
400,56,157,63,89,26,38,38,56,56,0,38,38,57,57,0,0.010926171755335444,0.010960209673576363,71,71,0,5,3,3,3,5,60,25,55
401,84,284,60,97,37,144,144,69,69,0,84,84,60,60,0,0.005820484019197386,0.00616086320160659,57,57,0,3,2,2,10,6,1,28,88
402,145,745,90,100,10,48,48,68,68,0,48,48,69,69,0,0.019878144252697506,0.03866707512168556,85,94,9,2,3,3,3,18,81,5,0
403,2,103,29,87,58,4,4,30,30,0,2,3,29,32,3,0.0002042275094455223,0.0004084550188910446,31,36,5,5,5,5,2,1,97,60,88
404,6,212,32,92,60,18,18,35,35,0,6,18,32,47,15,0.0009190237925048504,0.006569318220497634,39,56,17,3,4,4,3,1,87,71,34
405,413,613,98,100,2,168,168,95,95,0,168,168,95,95,0,0.03791824092038531,0.0404030089519725,94,95,1,3,2,2,6,29,41,1,57
406,128,230,79,91,12,128,128,74,74,0,128,128,80,80,0,0.010449640899962559,0.01055175465468532,69,70,1,4,2,2,8,9,10,31,60
407,83,289,71,95,24,48,48,54,54,0,48,48,56,56,0,0.013002484768031588,0.02375846693216243,76,88,12,3,3,3,3,9,87,39,30
408,0,206,1,92,91,0,38,1,34,33,0,38,1,46,45,0.0,0.011232513019503728,1,73,72,3,-1,4,7,0,46,81,37
409,54,670,56,100,44,64,64,59,59,0,54,64,58,62,4,0.007318152421797883,0.018686817114265293,62,81,19,2,3,3,4,4,53,38,33
410,56,1696,53,100,47,134,188,66,84,18,56,188,53,87,34,0.0053439531638245,0.03682902753667586,56,94,38,1,2,2,10,3,22,29,1
411,169,169,85,85,0,276,276,87,87,0,169,169,85,85,0,0.009905034208107831,0.009905034208107831,67,67,0,-1,2,2,14,8,16,44,85
412,160,160,86,86,0,134,134,92,92,0,134,134,93,93,0,0.019776030497974745,0.019776030497974745,84,84,0,-1,2,2,6,12,65,37,84
413,10,10,36,36,0,30,30,39,39,0,10,10,36,36,0,0.0014295925661186562,0.0014295925661186562,43,43,0,-1,4,4,5,3,88,43,85
414,0,102,1,77,76,0,6,1,28,27,0,2,1,26,25,0.0,0.0005446066918547262,1,35,34,4,-1,5,4,0,53,81,42
415,449,449,98,98,0,320,320,98,98,0,320,320,98,98,0,0.035569624561761805,0.035569624561761805,92,92,0,-1,2,2,11,29,33,11,86
416,0,0,1,1,0,0,0,1,1,0,0,0,1,1,0,0.0,0.0,1,1,0,-1,-1,-1,9,1,29,50,91
417,2,103,27,77,50,11,11,28,28,0,2,3,27,29,2,0.0,3.4037918240920386e-05,1,26,25,6,5,5,9,1,35,68,58
418,26,26,53,53,0,28,28,46,46,0,28,28,53,53,0,0.004118588107151367,0.004118588107151367,54,54,0,-1,3,3,3,6,81,73,59
419,6,206,29,89,60,52,52,35,35,0,6,33,29,48,19,0.0008169100377820892,0.004935498144933456,36,55,19,3,4,4,10,2,18,42,57
420,6,212,31,93,62,14,18,31,33,2,6,12,31,35,4,0.0002723033459273631,0.0010211375472276116,32,38,6,3,4,4,5,1,70,60,49
421,16,632,33,100,67,98,116,39,57,18,16,90,33,57,24,0.0012253650566731338,0.010313489226998877,40,65,25,2,3,3,15,1,7,71,14
422,1,1,25,25,0,3,3,25,25,0,1,1,25,25,0,0.0,0.0,1,1,0,-1,6,6,3,1,85,68,81
423,0,0,1,1,0,0,0,1,1,0,0,0,1,1,0,0.0,0.0,1,1,0,-1,-1,-1,12,1,14,69,82
424,92,708,67,100,33,134,134,86,86,0,92,134,67,86,19,0.009496579189216788,0.016984921202219273,67,80,13,2,2,2,6,4,44,72,25
425,242,858,93,100,7,184,184,94,94,0,184,184,94,94,0,0.02467749072466728,0.04537254501514688,87,97,10,2,2,2,7,17,43,6,1
426,0,0,1,1,0,0,0,1,1,0,0,0,1,1,0,0.0,0.0,1,1,0,-1,-1,-1,5,0,37,97,87
427,0,616,1,99,98,0,76,1,40,39,0,76,1,57,56,0.0,0.015214949453691413,1,77,76,2,-1,3,11,0,19,76,18
428,145,761,85,100,15,242,242,80,80,0,145,161,85,86,1,0.00976888253514415,0.011062323428299126,65,70,5,2,2,2,14,8,8,44,71
429,16,632,40,100,60,28,46,38,45,7,16,46,40,51,11,0.0007828721195411688,0.006705469893461316,37,57,20,2,3,3,5,1,88,4,26
430,0,206,1,92,91,0,24,1,31,30,0,6,1,29,28,0.0,0.0008169100377820892,1,36,35,3,-1,4,9,0,35,59,71
431,95,301,78,98,20,48,48,59,59,0,48,48,63,63,0,0.016168011164437182,0.019810068416215663,81,83,2,3,3,3,3,12,75,37,28
432,2,208,29,94,65,4,14,29,33,4,2,14,29,40,11,0.00017018959120460194,0.004969536063174376,31,52,21,3,5,4,3,1,60,55,21
433,8,214,35,93,58,26,30,37,40,3,8,30,35,51,16,0.0010892133837094523,0.006705469893461316,39,58,19,3,4,4,5,2,70,74,57
434,40,246,55,96,41,28,28,46,46,0,28,28,51,51,0,0.003914360597705844,0.014840532353041287,53,79,26,3,3,3,3,6,85,41,37
435,40,246,55,95,40,110,110,81,81,0,40,46,55,56,1,0.005412029000306341,0.00622893903808843,57,57,0,3,2,2,6,3,32,46,42
436,0,0,1,1,0,0,0,1,1,0,0,0,1,1,0,0.0,0.0,1,1,0,-1,-1,-1,2,1,89,45,40
437,44,1684,57,100,43,28,62,44,81,37,28,62,51,81,30,0.006977773239388679,0.052758773273426596,63,98,35,1,3,2,3,4,92,38,30
438,100,100,59,59,0,100,100,39,39,0,100,100,59,59,0,0.06079172197828381,0.06923312570203206,100,100,0,2,1,1,14,36,16,2,33
439,0,1640,1,100,99,0,52,1,77,76,0,52,1,79,78,0.0,0.04751693386432486,1,97,96,1,-1,2,3,0,85,82,23
440,6,622,29,100,71,31,86,31,42,11,6,86,29,64,35,0.0002042275094455223,0.015589366554341537,31,75,44,2,4,3,10,1,12,4,15
441,0,206,1,89,88,0,34,1,31,30,0,12,1,31,30,0.0,0.0012594029749140542,1,38,37,3,-1,4,9,0,29,79,61
442,22,228,45,92,47,66,66,49,49,0,22,35,45,52,7,0.0019061234214915416,0.0031314884781646754,44,50,6,3,3,3,6,2,44,52,64
443,100,100,64,64,0,100,100,59,59,0,100,100,64,64,0,0.05813676435549202,0.05813676435549202,99,99,0,-1,1,1,6,29,40,11,99
444,16,16,35,35,0,148,148,63,63,0,16,16,35,35,0,0.0019061234214915416,0.0019061234214915416,42,42,0,-1,3,3,13,1,13,53,69
445,6,622,32,100,68,24,44,38,48,10,6,44,32,54,22,0.0006126825283365669,0.018788930868988054,38,85,47,2,4,3,4,1,79,49,16
446,92,708,65,100,35,138,148,71,77,6,92,114,65,77,12,0.0088498587426393,0.011675005956635693,67,71,4,2,2,2,9,7,54,48,52
447,0,1640,1,100,99,0,96,1,52,51,0,96,1,62,61,0.0,0.03151911229109228,1,90,89,1,-1,2,7,0,46,36,9
448,231,847,94,100,6,72,72,86,86,0,72,72,86,86,0,0.03761189965621702,0.04772116137377038,92,97,5,2,2,2,3,29,92,0,44
449,158,758,84,100,16,246,246,74,74,0,158,198,84,87,3,0.009394465434494027,0.0141938119064638,65,73,8,2,2,2,17,9,20,31,13
450,0,101,1,72,71,0,8,1,25,24,0,1,1,25,24,0.0,6.807583648184077e-05,1,28,27,5,-1,6,8,0,42,84,78
451,0,206,1,90,89,0,18,1,32,31,0,7,1,36,35,0.0,0.0012253650566731338,1,38,37,3,-1,4,5,0,80,66,61
452,12,114,41,86,45,8,8,32,32,0,12,8,41,38,-3,0.002212464685659825,0.0028932230504782326,45,49,4,4,4,4,2,2,95,83,43
453,34,650,45,100,55,66,66,47,47,0,34,66,45,54,9,0.006671431975220395,0.0156914803090643,57,78,21,2,3,3,6,7,71,62,33
454,0,0,1,1,0,0,0,1,1,0,0,0,1,1,0,0.0,0.0,1,1,0,-1,-1,-1,10,0,18,40,80
455,22,622,47,100,53,28,28,42,42,0,22,28,47,50,3,0.000442492937131965,0.004833384390210695,35,56,21,2,3,3,3,2,64,63,22
456,0,101,1,75,74,0,6,1,25,24,0,1,1,25,24,0.0,0.00030634126416828345,1,30,29,5,-1,6,6,0,65,93,88
457,192,808,95,100,5,96,96,90,90,0,96,96,90,90,0,0.024371149460498995,0.029442799278396135,89,92,3,2,2,2,3,18,75,5,26
458,100,100,63,63,0,100,100,45,45,0,100,100,63,63,0,0.04748289594608394,0.06116613907893393,96,100,4,1,1,1,11,29,19,11,38
459,0,206,1,89,88,0,31,1,30,29,0,13,1,34,33,0.0,0.0012253650566731338,1,40,39,3,-1,4,10,0,12,80,54
460,124,330,77,96,19,150,150,85,85,0,124,130,83,86,3,0.010415602981721638,0.012253650566731339,71,74,3,3,2,2,7,7,46,21,94
461,40,246,51,95,44,80,80,56,56,0,40,80,51,64,13,0.0045270431260424114,0.013002484768031588,52,74,22,3,2,2,6,2,65,94,14
462,180,180,87,87,0,204,204,86,86,0,204,204,91,91,0,0.015283025290173252,0.015283025290173252,77,77,0,-1,2,2,11,14,38,14,50
463,42,658,50,100,50,60,70,49,53,4,40,70,49,61,12,0.004050512270669526,0.008373327887266415,50,65,15,2,3,3,5,6,50,41,47
464,64,270,58,94,36,140,140,70,70,0,64,70,58,61,3,0.00622893903808843,0.006433166547533953,59,59,0,3,3,3,10,7,12,62,65
465,40,656,47,100,53,156,176,70,73,3,40,176,47,84,37,0.005071649817897137,0.019707954661492902,55,77,22,2,2,2,12,1,2,90,6
466,90,706,63,100,37,100,110,66,77,11,90,110,69,81,12,0.007147962830593281,0.03516116954287076,57,93,36,2,2,2,6,6,51,28,3
467,0,206,1,91,90,0,16,1,32,31,0,8,1,35,34,0.0,0.0006807583648184077,1,36,35,3,-1,4,4,0,83,99,56
468,112,112,80,80,0,252,252,85,85,0,112,112,80,80,0,0.007420266176520644,0.007420266176520644,61,61,0,-1,2,2,14,4,17,72,86
469,0,616,1,100,99,0,118,1,58,57,0,82,1,56,55,0.0,0.009224275843289425,1,62,61,2,-1,3,15,0,7,96,20
470,132,748,86,100,14,44,44,50,50,0,44,44,57,57,0,0.01606589740971442,0.02226079852956193,77,85,8,2,3,3,4,16,73,12,72
471,166,372,84,96,12,208,208,88,88,0,166,208,86,88,2,0.013649205214609075,0.015317063208414174,74,75,1,3,2,2,10,9,22,27,54
472,0,102,1,79,78,0,8,1,27,26,0,4,1,31,30,0.0,0.0009870996289866913,1,37,36,4,-1,5,5,0,45,86,51
473,490,2130,100,100,0,248,272,98,99,1,248,272,98,99,1,0.055788147996868515,0.07403247217400184,99,100,1,1,2,2,8,36,57,2,12
474,26,126,51,85,34,28,28,42,42,0,28,28,51,51,0,0.004833384390210695,0.004901460226692535,56,56,0,4,3,3,3,6,64,73,60
475,176,176,88,88,0,176,176,87,87,0,176,176,89,89,0,0.01681473161101467,0.01681473161101467,81,81,0,-1,2,2,8,13,57,33,69
476,2,1642,26,100,74,10,148,26,78,52,2,148,26,83,57,3.4037918240920386e-05,0.03713536880084414,26,92,66,1,5,2,9,1,31,78,1
477,0,102,1,74,73,0,16,1,26,25,0,2,1,25,24,0.0,0.00013615167296368154,1,29,28,4,-1,5,14,1,16,69,55
478,16,632,36,100,64,68,78,41,46,5,16,78,36,60,24,0.0028591851322373124,0.015827631982027978,50,79,29,2,3,3,8,2,30,94,6
479,0,616,1,100,99,0,64,1,40,39,0,64,1,54,53,0.0,0.006977773239388679,1,60,59,2,-1,3,8,0,42,79,24
480,0,1640,1,100,99,0,70,1,39,38,0,40,1,46,45,0.0,0.012798257258586064,1,75,74,1,-1,2,10,0,0,81,46
481,100,100,67,67,0,100,100,54,54,0,100,100,67,67,0,0.05245243200925832,0.05650294427992784,98,98,0,3,1,1,9,27,35,10,48
482,88,88,67,67,0,110,110,80,80,0,88,88,67,67,0,0.010381565063480718,0.010381565063480718,70,70,0,-1,2,2,6,4,48,72,80
483,0,206,1,91,90,0,16,1,28,27,0,12,1,31,30,0.0,0.00176997174852786,1,38,37,3,-1,4,4,0,67,96,75
484,288,1888,95,100,5,320,320,92,92,0,320,320,95,95,0,0.021614078082984444,0.035059055788148,81,94,13,1,2,2,14,18,16,5,20
485,16,632,36,100,64,68,78,41,46,5,16,61,36,53,17,0.0012594029749140542,0.0068075836481840775,39,60,21,2,3,3,8,1,30,71,57
486,0,0,1,1,0,0,0,1,1,0,0,0,1,1,0,0.0,0.0,1,1,0,-1,-1,-1,9,0,23,97,84
487,0,616,1,100,99,0,74,1,48,47,0,74,1,61,60,0.0,0.013819394805813677,1,75,74,2,-1,3,8,0,21,99,37
488,66,66,58,58,0,112,112,63,63,0,64,64,58,58,0,0.005616256509751864,0.005616256509751864,58,58,0,-1,2,2,8,6,15,41,82
489,0,0,1,1,0,0,0,1,1,0,0,0,1,1,0,0.0,0.0,1,1,0,-1,-1,-1,10,1,18,45,99
490,0,616,1,100,99,0,46,1,35,34,0,37,1,46,45,0.0,0.006977773239388679,1,60,59,2,-1,3,8,0,27,86,34
491,56,157,57,91,34,48,48,69,69,0,48,48,70,70,0,0.009224275843289425,0.009258313761530345,68,68,0,6,3,3,3,5,55,25,58
492,108,724,85,100,15,48,48,65,65,0,48,48,68,68,0,0.012151536812008578,0.03975628850539501,76,95,19,2,3,3,3,14,66,14,3
493,46,662,57,100,43,62,62,80,80,0,46,62,71,80,9,0.008373327887266415,0.023554239422716908,64,89,25,2,2,2,3,3,94,29,12
494,8,8,37,37,0,18,18,38,38,0,8,8,37,37,0,0.0020082371762143027,0.0020082371762143027,46,46,0,-1,4,4,3,2,81,61,40
495,22,228,41,90,49,70,82,37,40,3,22,34,41,43,2,0.0005446066918547262,0.003778208924742163,35,50,15,3,3,3,11,2,33,63,29
496,40,656,51,100,49,74,94,64,77,13,40,94,51,78,27,0.005037611899656217,0.017427414139351238,53,78,25,2,2,2,5,3,88,46,14
497,30,646,49,100,51,66,66,48,48,0,30,66,49,58,9,0.004152626025392287,0.024405187378739916,50,88,38,2,3,3,6,6,59,73,10
498,22,22,44,44,0,40,40,45,45,0,22,22,44,44,0,0.001497668402600497,0.001497668402600497,43,43,0,-1,3,3,5,2,37,61,85
499,115,321,72,95,23,164,164,69,69,0,115,127,72,76,4,0.007216038667075122,0.00881582082439838,57,60,3,3,2,2,11,6,5,35,75
500,76,282,56,95,39,142,142,62,62,0,76,84,56,59,3,0.005888559855679227,0.007794683277170768,56,61,5,3,2,2,13,6,13,35,83
501,90,706,61,100,39,112,132,70,74,4,90,132,62,81,19,0.006637394056979475,0.018380475850097007,59,78,19,2,2,2,8,6,10,28,30
502,25,641,50,100,50,32,32,58,58,0,32,32,60,60,0,0.004595118962524252,0.029442799278396135,54,93,39,2,3,3,2,6,91,73,10
503,10,216,39,95,56,8,12,32,40,8,8,12,38,40,2,0.0012253650566731338,0.019810068416215663,39,83,44,3,4,4,2,3,95,43,10
504,30,646,48,100,52,36,36,36,36,0,30,36,48,48,0,0.003914360597705844,0.009870996289866912,49,70,21,2,3,3,5,6,50,73,34
505,422,1038,98,100,2,240,240,97,97,0,240,240,97,97,0,0.040505122706695255,0.04380680077606454,95,96,1,2,2,2,9,30,31,7,13
506,6,108,30,76,46,26,26,35,35,0,6,8,30,36,6,0.0005105687736138058,0.0008509479560230097,37,38,1,4,4,4,5,2,80,42,49
507,53,259,61,97,36,38,38,56,56,0,38,38,57,57,0,0.006943735321147759,0.015657442390823378,60,81,21,3,3,3,3,8,60,57,39
508,0,0,1,1,0,0,0,1,1,0,0,0,1,1,0,0.0,0.0,1,1,0,-1,-1,-1,4,1,78,45,69
509,6,6,31,31,0,19,19,31,31,0,6,6,31,31,0,0.0002382654276864427,0.0002382654276864427,33,33,0,-1,4,4,8,1,57,60,86
510,56,672,63,100,37,38,48,56,71,15,38,48,57,73,16,0.007590455767725246,0.03223390857415161,64,92,28,2,3,3,3,7,60,21,11
511,144,760,81,100,19,214,214,83,83,0,144,214,81,88,7,0.007556417849484326,0.03791824092038531,59,95,36,2,2,2,11,6,5,13,3
512,0,102,1,81,80,0,6,1,29,28,0,3,1,30,29,0.0,0.0013274788113958951,1,39,38,4,-1,5,3,0,81,66,61
513,2,618,27,100,73,4,24,27,41,14,2,24,27,48,21,3.4037918240920386e-05,0.014023622315259198,26,80,54,2,5,3,3,1,66,78,12
514,100,100,66,66,0,100,100,43,43,0,100,100,66,66,0,0.04649579631709724,0.05017189148711665,95,99,4,2,1,1,11,22,33,9,75
515,6,1646,29,100,71,23,134,29,60,31,6,134,29,77,48,0.00010211375472276115,0.024064808196330712,31,87,56,1,4,2,10,1,0,60,5
516,108,724,78,100,22,96,96,67,67,0,96,96,68,68,0,0.014840532353041287,0.02386058068688519,77,85,8,2,3,3,6,9,74,39,17
517,128,744,87,100,13,72,72,80,80,0,72,72,80,80,0,0.018788930868988054,0.03315293236665646,84,90,6,2,2,2,3,13,76,33,14
518,84,84,64,64,0,100,100,68,68,0,84,84,63,63,0,0.006535280302256714,0.006535280302256714,59,59,0,-1,2,2,6,5,48,47,66
519,130,336,83,98,15,88,88,76,76,0,88,88,79,79,0,0.011709043874876613,0.01497668402600497,74,79,5,3,2,2,4,13,47,24,28
520,0,0,1,1,0,0,0,1,1,0,0,0,1,1,0,0.0,0.0,1,1,0,-1,-1,-1,5,0,52,67,99
521,158,774,86,100,14,168,168,93,93,0,158,168,93,93,0,0.012764219340345145,0.015657442390823378,75,80,5,2,2,2,6,7,44,21,70
522,0,102,1,76,75,0,18,1,29,28,0,2,1,26,25,0.0,0.0013955546478777359,1,40,39,4,-1,5,9,0,54,89,46
523,158,259,94,99,5,46,46,83,83,0,46,46,83,83,0,0.02917049593246877,0.02927260968719153,94,94,0,5,2,2,2,22,99,9,65
524,94,710,58,100,42,218,228,72,74,2,94,228,58,90,32,0.005480104836788182,0.026855917492086184,56,89,33,2,2,2,14,6,16,28,10
525,162,162,88,88,0,64,64,60,60,0,64,64,63,63,0,0.021409850573538922,0.021409850573538922,86,86,0,-1,3,3,4,15,83,16,92
526,61,1701,61,100,39,76,110,54,80,26,61,110,61,84,23,0.004935498144933456,0.03441233534157051,54,92,38,1,3,2,6,6,32,35,6
527,130,746,89,100,11,46,56,83,92,9,46,56,83,92,9,0.02413288403281255,0.03805439259334899,89,97,8,2,2,2,2,20,99,23,51
528,0,206,1,88,87,0,17,1,27,26,0,6,1,28,27,0.0,0.00010211375472276115,1,27,26,3,-1,4,11,0,33,99,4
529,26,232,53,95,42,34,34,44,44,0,25,34,53,54,1,0.0030634126416828346,0.006569318220497634,50,63,13,3,3,3,4,6,72,41,47
530,2,618,26,100,74,10,88,27,48,21,2,88,26,63,37,3.4037918240920386e-05,0.022430988120766535,26,85,59,2,5,3,8,2,30,58,0
531,6,6,34,34,0,12,12,39,39,0,6,6,34,34,0,0.0022465026039007454,0.0022465026039007454,46,46,0,-1,4,4,2,3,93,46,96
532,1,103,26,75,49,10,13,26,26,0,1,3,26,28,2,6.807583648184077e-05,6.807583648184077e-05,29,29,0,4,6,5,10,1,12,78,95
533,0,616,1,100,99,0,24,1,34,33,0,16,1,36,35,0.0,0.0035739814152966403,1,51,50,2,-1,3,5,0,63,67,46
534,78,284,73,97,24,38,38,47,47,0,38,38,53,53,0,0.011130399264780965,0.018993158378433576,75,83,8,3,3,3,3,14,75,14,17
535,16,632,40,100,60,60,70,51,58,7,16,70,40,65,25,0.0018040096667687805,0.011164437183021887,43,72,29,2,3,3,5,1,80,53,17
536,100,100,63,63,0,100,100,56,56,0,100,100,63,63,0,0.0424112461281868,0.04261547363763232,96,96,0,5,1,1,7,16,24,12,68
537,24,24,45,45,0,46,46,42,42,0,24,24,45,45,0,0.0016678579938050988,0.0016678579938050988,41,41,0,-1,3,3,6,4,48,64,99
538,0,206,1,91,90,0,16,1,31,30,0,8,1,35,34,0.0,0.0016678579938050988,1,42,41,3,-1,4,6,0,44,76,75
539,0,616,1,100,99,0,56,1,40,39,0,34,1,48,47,0.0,0.005718370264474625,1,54,53,2,-1,3,9,0,26,82,57
540,100,100,66,66,0,100,100,49,49,0,100,100,66,66,0,0.05218012866333095,0.05218012866333095,98,98,0,-1,1,1,9,27,54,10,82
541,136,752,84,100,16,286,286,91,91,0,136,203,84,90,6,0.010858095918853602,0.02314578440382586,69,87,18,2,2,2,14,4,8,38,37
542,6,108,31,78,47,14,14,31,31,0,6,10,31,35,4,0.0002723033459273631,0.0004765308553728854,32,34,2,4,4,4,5,1,70,60,56
543,0,616,1,100,99,0,114,1,60,59,0,114,1,77,76,0.0,0.021546002246502605,1,82,81,2,-1,3,9,0,54,36,7
544,174,1814,83,100,17,298,332,85,91,6,174,264,83,93,10,0.012287688484972258,0.023384049831512304,68,87,19,1,2,2,16,7,9,48,21
545,100,100,59,59,0,100,100,39,39,0,100,100,59,59,0,0.06079172197828381,0.06320841417338915,100,100,0,3,1,1,14,36,16,2,70
546,40,656,46,100,54,158,168,68,70,2,40,84,46,59,13,0.003880322679464924,0.009020048333843901,51,65,14,2,2,2,14,3,17,46,48
547,100,100,57,57,0,100,100,38,38,0,100,100,57,57,0,0.026277272881990537,0.026277272881990537,86,86,0,-1,1,1,16,15,4,19,92
548,2,618,28,100,72,6,38,30,54,24,2,38,28,57,29,0.0,0.02049082678103407,1,84,83,2,5,3,3,1,76,95,9
549,0,1640,1,100,99,0,92,1,46,45,0,92,1,61,60,0.0,0.027740903366350114,1,86,85,1,-1,2,8,0,42,79,5
550,140,756,85,100,15,128,128,90,90,0,128,128,90,90,0,0.018754892950747133,0.041764525681609314,81,96,15,2,2,2,5,8,63,20,1
551,39,1679,53,100,47,38,72,47,78,31,38,72,53,79,26,0.004833384390210695,0.0547670104496409,55,97,42,1,3,2,3,4,75,22,10
552,10,216,41,93,52,18,18,38,38,0,10,18,41,46,5,0.0013274788113958951,0.002757071377514551,41,48,7,3,4,4,3,3,85,43,54
553,22,1662,41,100,59,106,168,55,65,10,22,119,41,76,35,0.0013955546478777359,0.018822968787228972,39,80,41,1,3,2,14,2,16,74,39
554,150,356,86,97,11,216,216,80,80,0,150,158,86,87,1,0.01678069369277375,0.01783586915824228,79,80,1,3,2,2,12,12,6,37,83
555,0,206,1,90,89,0,30,1,34,33,0,30,1,47,46,0.0,0.006569318220497634,1,58,57,3,-1,4,5,0,50,40,24
556,112,728,71,100,29,204,204,79,79,0,112,148,71,83,12,0.009224275843289425,0.013547091459886314,62,72,10,2,2,2,11,7,5,62,26
557,0,206,1,89,88,0,20,1,31,30,0,12,1,33,32,0.0,0.0016678579938050988,1,41,40,3,-1,4,8,0,42,99,75
558,76,282,62,96,34,86,86,57,57,0,76,86,62,65,3,0.008305252050784574,0.012117498893767658,64,72,8,3,3,3,6,7,65,21,57
559,0,616,1,100,99,0,70,1,58,57,0,70,1,65,64,0.0,0.02474556656114912,1,85,84,2,-1,3,5,0,80,84,10
560,0,1640,1,100,99,0,48,1,71,70,0,48,1,73,72,0.0,0.03846284761224004,1,94,93,1,-1,2,3,0,60,87,41
561,462,564,98,99,1,312,312,98,98,0,312,312,98,98,0,0.037475747983253344,0.037679975492698865,97,97,0,4,2,2,12,29,2,11,88
562,295,397,97,99,2,120,120,86,86,0,120,120,86,86,0,0.03158718812757412,0.03175737771877872,91,91,0,4,2,2,6,29,65,11,60
563,86,702,54,100,46,180,190,64,68,4,86,108,54,76,22,0.003710133088260322,0.006671431975220395,49,58,9,2,2,2,16,3,4,43,75
564,156,156,85,85,0,172,172,88,88,0,156,156,86,86,0,0.011606930120153852,0.011606930120153852,71,71,0,-1,2,2,9,9,35,27,97
565,2,1642,26,100,74,13,144,28,60,32,2,144,26,78,52,3.4037918240920386e-05,0.028966268423023248,29,89,60,1,5,2,10,1,0,78,9
566,0,616,1,100,99,0,78,1,43,42,0,78,1,57,56,0.0,0.014534191088873005,1,74,73,2,-1,3,8,0,27,85,18
567,0,616,1,100,99,0,74,1,45,44,0,74,1,63,62,0.0,0.014364001497668403,1,78,77,2,-1,3,8,1,39,69,30
568,312,928,97,100,3,300,310,95,95,0,300,310,97,97,0,0.021818305592429966,0.033084856530174615,82,90,8,2,2,2,14,16,8,12,33
569,6,212,28,93,65,27,48,28,31,3,6,24,28,43,15,0.00034037918240920387,0.003437829742332959,32,50,18,3,4,4,10,1,36,65,28
570,0,616,1,99,98,0,72,1,36,35,0,44,1,51,50,0.0,0.006467204465774873,1,55,54,2,-1,3,11,0,5,67,48
571,0,616,1,100,99,0,110,1,58,57,0,110,1,77,76,0.0,0.022124646856598252,1,85,84,2,-1,3,10,0,36,79,10
572,6,6,28,28,0,15,15,28,28,0,6,6,28,28,0,0.0002042275094455223,0.0002042275094455223,29,29,0,-1,4,4,6,1,56,4,86
573,16,16,36,36,0,52,52,39,39,0,16,16,36,36,0,0.001055175465468532,0.001055175465468532,38,38,0,-1,3,3,7,1,43,71,96
574,66,168,56,86,30,84,84,59,59,0,64,66,56,56,0,0.005854521937438306,0.006024711528642908,55,55,0,4,2,2,5,6,52,41,88
575,100,100,79,79,0,100,100,95,95,0,100,100,95,95,0,0.08502671976581912,0.09054086252084823,99,100,1,3,1,1,3,27,75,10,8
576,40,656,48,100,52,124,134,63,68,5,40,88,48,64,16,0.0040845501889104465,0.009598692943939549,50,68,18,2,2,2,10,3,12,46,57
577,22,638,40,100,60,58,86,35,45,10,22,78,40,59,19,0.00030634126416828345,0.009088124170325743,33,66,33,2,3,3,10,2,11,63,27
578,0,616,1,100,99,0,34,1,46,45,0,34,1,54,53,0.0,0.012628067667381462,1,74,73,2,-1,3,4,0,77,76,19
579,16,632,34,100,66,36,75,31,37,6,16,68,34,56,22,0.0004084550188910446,0.007113924912352361,35,59,24,2,3,3,12,1,2,55,31
580,0,616,1,100,99,0,62,1,42,41,0,62,1,57,56,0.0,0.01232172640321318,1,73,72,2,-1,3,7,0,24,96,5
581,0,0,1,1,0,0,0,1,1,0,0,0,1,1,0,0.0,0.0,1,1,0,-1,-1,-1,4,0,67,92,99
582,268,884,92,100,8,254,254,93,93,0,254,254,94,94,0,0.022805405221416657,0.03400388032267947,82,94,12,2,2,2,12,17,2,6,5
583,16,16,41,41,0,28,28,48,48,0,16,16,42,42,0,0.0030974505599237552,0.0030974505599237552,49,49,0,-1,3,3,3,3,55,46,92
584,16,222,35,93,58,34,34,39,39,0,16,34,35,45,10,0.002144388849177984,0.010824058000612683,40,69,29,3,3,3,4,1,67,53,14
585,0,616,1,100,99,0,88,1,41,40,0,74,1,59,58,0.0,0.009360427516253106,1,67,66,2,-1,3,11,0,38,96,27
586,100,100,58,58,0,100,100,35,35,0,100,100,59,59,0,0.012764219340345145,0.023111746485584943,70,86,16,2,1,1,17,3,20,29,33
587,146,762,90,100,10,72,72,79,79,0,72,72,80,80,0,0.02038871302631131,0.048878450593961675,85,96,11,2,2,2,3,16,75,12,2
588,6,212,29,94,65,32,32,35,35,0,6,32,29,49,20,0.0005105687736138058,0.0033357159876101976,35,48,13,3,4,4,6,1,59,49,35
589,6,622,29,100,71,22,72,33,45,12,6,72,29,58,29,0.00017018959120460194,0.023418087749753225,32,86,54,2,4,3,7,1,43,4,10
590,98,98,71,71,0,66,66,49,49,0,66,66,63,63,0,0.010177337554035196,0.010177337554035196,70,70,0,-1,3,3,6,8,32,8,40
591,101,307,75,98,23,110,110,76,76,0,110,110,81,81,0,0.00976888253514415,0.011606930120153852,69,71,2,3,2,2,6,8,59,44,94
592,6,622,30,100,70,26,60,35,50,15,6,60,30,61,31,0.000442492937131965,0.03179141563701964,36,90,54,2,4,3,5,1,80,49,2
593,134,750,80,100,20,208,208,89,89,0,134,208,80,92,12,0.010177337554035196,0.03802035467510807,70,93,23,2,2,2,10,7,12,21,3
594,110,110,73,73,0,104,104,73,73,0,104,104,79,79,0,0.011232513019503728,0.011232513019503728,73,73,0,-1,2,2,5,6,52,77,92
595,236,436,93,100,7,144,144,95,95,0,144,144,95,95,0,0.023179822322066782,0.02648150039143606,87,88,1,3,2,2,6,19,56,15,57
596,24,640,44,100,56,58,58,43,43,0,24,40,44,47,3,0.001599782157323258,0.005412029000306341,42,54,12,2,3,3,7,3,46,43,90
597,100,100,74,74,0,100,100,87,87,0,100,100,87,87,0,0.044419483304401104,0.044419483304401104,95,95,0,-1,1,1,4,8,47,44,99
598,111,213,78,90,12,152,152,80,80,0,111,152,78,87,9,0.00891793457912114,0.009156200006807584,67,69,2,4,2,2,8,8,30,44,63
599,49,255,52,94,42,98,98,53,53,0,49,57,52,53,1,0.004833384390210695,0.005922597773920147,54,57,3,3,3,3,8,4,30,22,74
600,6,622,29,100,71,24,68,30,40,10,6,68,29,57,28,6.807583648184077e-05,0.008577555396711936,29,65,36,2,4,3,8,1,30,95,27
601,64,680,59,100,41,80,80,65,65,0,64,80,61,68,7,0.007420266176520644,0.020865243881684196,63,86,23,2,3,3,5,4,37,38,39
602,0,0,1,1,0,0,0,1,1,0,0,0,1,1,0,0.0,0.0,1,1,0,-1,-1,-1,9,0,29,93,89
603,130,1730,88,100,12,96,96,90,90,0,96,96,90,90,0,0.021477926410020762,0.06804179856359985,88,97,9,1,2,2,3,8,75,20,10
604,40,40,51,51,0,80,80,58,58,0,40,40,51,51,0,0.0035739814152966403,0.0035739814152966403,50,50,0,-1,2,2,6,1,41,53,99
605,39,245,53,91,38,44,44,48,48,0,39,44,53,53,0,0.004629156880765172,0.01065386840940808,55,70,15,3,3,3,4,4,83,22,31
606,88,294,60,94,34,152,152,78,78,0,88,112,60,77,17,0.009054086252084823,0.014840532353041287,67,78,11,3,2,2,8,4,42,38,72
607,6,108,30,77,47,36,36,35,35,0,6,8,30,35,5,0.0006807583648184077,0.0009190237925048504,37,38,1,4,4,4,8,2,21,42,88
608,100,100,60,60,0,100,100,40,40,0,100,100,60,60,0,0.029919330133769018,0.04288777698355969,91,97,6,1,1,1,14,18,25,5,27
609,22,638,53,100,47,32,32,63,63,0,22,32,55,64,9,0.004901460226692535,0.018482589604819768,58,83,25,2,3,3,2,3,98,29,6
610,58,58,62,62,0,72,72,79,79,0,72,72,80,80,0,0.009734844616903231,0.009734844616903231,73,73,0,-1,2,2,3,4,75,38,87
611,0,206,1,89,88,0,36,1,31,30,0,15,1,33,32,0.0,0.0027911092957554717,1,48,47,3,-1,4,12,0,14,66,73
612,66,682,61,100,39,66,66,54,54,0,66,66,62,62,0,0.008135062459579971,0.017257224548146634,63,79,16,2,3,3,6,7,69,21,32
613,197,403,91,99,8,88,88,80,80,0,88,88,81,81,0,0.02631131080023146,0.029034344259505088,88,88,0,3,2,2,4,19,77,15,29
614,0,616,1,100,99,0,60,1,48,47,0,60,1,53,52,0.0,0.013921508560536438,1,79,78,2,-1,3,5,0,52,98,19
615,135,135,88,88,0,38,38,46,46,0,38,38,51,51,0,0.019095272133156337,0.019095272133156337,83,83,0,-1,3,3,3,16,96,18,66
616,580,580,100,100,0,288,288,99,99,0,288,288,99,99,0,0.04894652643044351,0.04894652643044351,95,95,0,-1,2,2,9,40,28,3,40
617,38,654,47,100,53,106,130,57,65,8,38,130,47,79,32,0.0016338200755641784,0.017325300384628477,41,78,37,2,3,3,10,3,12,43,15
618,0,0,1,1,0,0,0,1,1,0,0,0,1,1,0,0.0,0.0,1,1,0,-1,-1,-1,9,0,28,96,76
619,0,102,1,77,76,0,5,1,26,25,0,2,1,26,25,0.0,0.00013615167296368154,1,29,28,4,-1,5,4,0,53,66,55
620,338,439,96,97,1,240,240,96,96,0,240,240,96,96,0,0.024949794070594642,0.025188059498281085,84,84,0,5,2,2,9,19,54,15,55
621,64,264,67,96,29,48,48,73,73,0,48,48,75,75,0,0.013989584397018279,0.025766704108376733,76,88,12,3,3,3,3,9,92,39,16
622,2,618,29,100,71,8,30,31,44,13,2,30,29,54,25,0.00030634126416828345,0.006603356138738555,33,59,26,2,5,3,4,1,77,65,72
623,16,632,37,100,63,54,98,39,54,15,16,98,37,66,29,0.0011913271384322134,0.026107083290785937,40,87,47,2,3,3,8,1,21,71,7
624,0,206,1,87,86,0,32,1,29,28,0,6,1,28,27,0.0,0.0006126825283365669,1,35,34,3,-1,4,15,0,7,91,42
625,104,720,70,100,30,174,174,72,72,0,104,136,70,77,7,0.007760645358929848,0.013683243132849994,60,76,16,2,2,2,10,6,0,26,25
626,100,716,66,100,34,142,142,71,71,0,100,142,66,81,15,0.009088124170325743,0.013376901868681712,65,75,10,2,2,2,8,6,15,34,47
627,0,101,1,79,78,0,9,1,25,24,0,1,1,25,24,0.0,0.0,1,1,0,6,-1,7,9,0,26,79,78
628,119,119,84,84,0,78,78,75,75,0,78,78,77,77,0,0.011709043874876613,0.011709043874876613,73,73,0,-1,2,2,4,13,77,24,40
629,8,214,36,93,57,10,14,31,34,3,8,14,36,42,6,0.0009870996289866913,0.0053439531638245,38,56,18,3,4,4,3,3,92,51,72
630,26,128,53,86,33,34,34,44,44,0,25,34,53,54,1,0.0030634126416828346,0.003710133088260322,50,51,1,4,3,3,4,6,72,41,43
631,0,0,1,1,0,0,0,1,1,0,0,0,1,1,0,0.0,0.0,1,1,0,-1,-1,-1,3,0,75,59,79
632,100,100,57,57,0,100,100,38,38,0,100,100,57,57,0,0.024064808196330712,0.024064808196330712,84,84,0,-1,1,1,16,9,4,39,91
633,0,0,1,1,0,0,0,1,1,0,0,0,1,1,0,0.0,0.0,1,1,0,-1,-1,-1,8,0,27,84,99
634,166,166,84,84,0,208,208,85,85,0,166,166,84,84,0,0.013785356887572755,0.013785356887572755,74,74,0,-1,2,2,10,9,18,27,86
635,18,224,44,95,51,42,42,41,41,0,18,42,44,56,12,0.0020422750944552232,0.007147962830593281,45,63,18,3,3,3,6,2,32,83,34
636,0,0,1,1,0,0,0,1,1,0,0,0,1,1,0,0.0,0.0,1,1,0,-1,-1,-1,13,0,13,91,81
637,68,274,65,98,33,56,56,80,80,0,56,56,81,81,0,0.011198475101262807,0.02641342455495422,72,91,19,3,2,2,2,4,91,72,23
638,150,1790,87,100,13,176,200,87,94,7,150,200,87,95,8,0.014466115252391163,0.03492290411518432,77,94,17,1,2,2,8,8,39,17,32
639,142,758,81,100,19,94,94,62,62,0,94,94,69,69,0,0.014534191088873005,0.02634534871847238,79,89,10,2,2,2,5,8,52,8,30
640,126,332,78,96,18,88,88,47,47,0,88,88,61,61,0,0.008135062459579971,0.00980292045338507,64,68,4,3,3,3,8,13,10,24,51
641,6,622,32,100,68,32,46,34,39,5,6,46,32,56,24,0.0004084550188910446,0.009632730862180468,34,67,33,2,4,3,6,1,44,88,17
642,0,206,1,94,93,0,15,1,30,29,0,9,1,36,35,0.0,0.0009530617107457708,1,37,36,3,-1,4,6,0,32,97,64
643,34,136,55,88,33,22,22,49,49,0,22,22,50,50,0,0.005922597773920147,0.00622893903808843,57,59,2,4,3,3,2,4,93,72,4
644,0,206,1,93,92,0,14,1,33,32,0,7,1,34,33,0.0,0.0013955546478777359,1,40,39,3,-1,4,3,0,55,76,52
645,0,206,1,91,90,0,47,1,31,30,0,14,1,32,31,0.0,0.002825147213996392,1,46,45,3,-1,4,16,0,4,85,73
646,0,102,1,81,80,0,3,1,27,26,0,3,1,31,30,0.0,0.0002382654276864427,1,31,30,4,-1,5,2,0,95,92,56
647,66,272,57,94,37,66,66,49,49,0,66,66,57,57,0,0.007250076585316042,0.011096361346540046,60,70,10,3,3,3,6,6,41,34,57
648,87,189,72,92,20,48,48,54,54,0,48,48,56,56,0,0.015317063208414174,0.016372238673882704,80,80,0,4,3,3,3,12,87,37,83
649,0,206,1,94,93,0,18,1,37,36,0,18,1,46,45,0.0,0.006092787365124749,1,61,60,3,-1,4,3,0,81,79,48
650,63,165,71,92,21,32,32,69,69,0,32,32,69,69,0,0.006773545729943157,0.007624493685966166,64,67,3,4,3,3,2,8,90,57,71
651,6,6,29,29,0,10,10,29,29,0,6,6,29,29,0,0.00017018959120460194,0.00017018959120460194,30,30,0,-1,4,4,3,1,82,65,79
652,0,0,1,1,0,0,0,1,1,0,0,0,1,1,0,0.0,0.0,1,1,0,-1,-1,-1,8,0,21,87,76
653,0,206,1,89,88,0,23,1,32,31,0,12,1,37,36,0.0,0.0016678579938050988,1,40,39,3,-1,4,8,0,57,85,83
654,24,230,44,93,49,68,68,42,42,0,24,30,44,46,2,0.0013274788113958951,0.002757071377514551,40,46,6,3,3,3,8,4,39,64,53
655,24,126,45,79,34,46,46,43,43,0,24,26,45,46,1,0.0012934408931549745,0.00176997174852786,40,43,3,4,3,3,6,3,65,43,49
656,16,632,46,100,54,12,22,41,47,6,12,22,41,50,9,0.002927260968719153,0.03226794649239253,49,93,44,2,4,3,2,6,95,41,2
657,12,628,34,100,66,58,72,34,36,2,12,36,34,48,14,0.00030634126416828345,0.00353994349705572,33,51,18,2,4,3,11,2,5,63,70
658,78,180,64,85,21,110,110,77,77,0,78,80,64,64,0,0.009496579189216788,0.009564655025698629,67,67,0,4,2,2,6,4,74,72,65
659,58,264,59,97,38,28,28,48,48,0,28,28,54,54,0,0.007760645358929848,0.01507879778072773,60,78,18,3,3,3,3,7,55,48,20
660,6,1646,32,100,68,14,52,32,74,42,6,52,32,75,43,0.0004765308553728854,0.04111780523503183,34,97,63,1,4,2,3,1,87,88,24
661,152,752,84,100,16,88,88,73,73,0,88,88,74,74,0,0.017052997038701112,0.023588277340957826,82,86,4,2,2,2,4,8,83,8,27
662,16,118,35,81,46,26,26,37,37,0,16,20,35,40,5,0.0011913271384322134,0.0019061234214915416,37,39,2,4,3,3,4,1,67,49,74
663,0,206,1,93,92,0,20,1,34,33,0,20,1,47,46,0.0,0.005241839409101739,1,57,56,3,-1,4,4,0,73,92,44
664,0,0,1,1,0,0,0,1,1,0,0,0,1,1,0,0.0,0.0,1,1,0,-1,-1,-1,6,0,69,92,87
665,100,100,71,71,0,100,100,80,80,0,100,100,81,81,0,0.031621226045815035,0.031621226045815035,90,90,0,-1,1,1,5,2,49,61,89
666,100,100,61,61,0,100,100,44,44,0,100,100,61,61,0,0.06443377923006229,0.06443377923006229,100,100,0,-1,1,1,12,36,6,2,91
667,259,360,94,99,5,152,152,99,99,0,152,152,99,99,0,0.031076619353960312,0.03104258143571939,90,90,0,5,2,2,5,19,37,15,78
668,56,56,65,65,0,56,56,86,86,0,56,56,86,86,0,0.008305252050784574,0.008305252050784574,65,65,0,-1,2,2,2,2,95,52,59
669,28,644,43,99,56,148,168,63,65,2,28,74,43,54,11,0.0018380475850097008,0.006331052792811192,42,56,14,2,3,3,17,3,20,43,28
670,0,206,1,92,91,0,30,1,38,37,0,30,1,48,47,0.0,0.007658531604207087,1,64,63,3,-1,4,5,1,88,50,8
671,100,100,60,60,0,100,100,40,40,0,100,100,60,60,0,0.029919330133769018,0.03703325504612138,91,93,2,2,1,1,14,18,25,5,21
672,100,100,69,69,0,100,100,57,57,0,100,100,69,69,0,0.03863303720344464,0.03996051601484053,95,95,0,3,1,1,8,18,57,30,64
673,0,0,1,1,0,0,0,1,1,0,0,0,1,1,0,0.0,0.0,1,1,0,-1,-1,-1,13,0,13,99,66
674,0,206,1,95,94,0,12,1,36,35,0,12,1,40,39,0.0,0.013376901868681712,1,75,74,3,-1,4,2,0,89,82,6
675,0,206,1,96,95,0,18,1,35,34,0,18,1,44,43,0.0,0.0068075836481840775,1,60,59,3,-1,4,3,0,75,92,77
676,56,262,50,94,44,204,204,73,73,0,56,58,50,51,1,0.005071649817897137,0.0061949011198475104,53,57,4,3,2,2,15,3,7,29,51
677,76,282,67,96,29,64,64,65,65,0,64,64,67,67,0,0.006977773239388679,0.01507879778072773,62,79,17,3,3,3,4,6,47,13,32
678,118,1758,77,100,23,284,308,81,85,4,118,308,77,96,19,0.011640968038394772,0.04642772048061541,65,98,33,1,2,2,16,5,9,25,3
679,22,638,47,100,53,22,22,42,42,0,22,22,46,46,0,0.004016474352428605,0.01330882603219987,54,77,23,2,3,3,2,3,68,29,21
680,6,212,29,93,64,10,18,29,35,6,6,18,29,44,15,0.00017018959120460194,0.003710133088260322,30,51,21,3,4,4,3,1,82,65,41
681,22,228,41,93,52,80,80,43,43,0,22,30,41,46,5,0.0027911092957554717,0.0030974505599237552,46,47,1,3,3,3,9,2,23,83,63
682,221,427,93,100,7,72,72,80,80,0,72,72,80,80,0,0.03359542530378842,0.03958609891419041,91,94,3,3,2,2,3,29,76,0,57
683,32,648,43,100,57,154,174,65,70,5,32,174,43,85,42,0.004288777698355968,0.020933319718166036,54,84,30,2,3,3,14,3,17,29,12
684,149,149,90,90,0,72,72,77,77,0,72,72,79,79,0,0.01960584090677014,0.01960584090677014,84,84,0,-1,2,2,3,15,96,19,99
685,126,742,81,100,19,148,158,78,81,3,126,158,81,86,5,0.012185574730249497,0.027604751693386432,73,88,15,2,2,2,9,8,35,17,6
686,145,351,85,98,13,242,242,80,80,0,145,151,85,86,1,0.00976888253514415,0.010109261717553355,65,65,0,3,2,2,14,8,8,44,42
687,6,108,33,86,53,12,12,40,40,0,6,12,33,41,8,0.0007488342013002485,0.0030293747234419145,39,48,9,4,4,4,2,2,90,42,29
688,0,206,1,93,92,0,12,1,35,34,0,12,1,36,35,0.0,0.008066986623098132,1,60,59,3,-1,4,2,0,68,81,17
689,100,100,67,67,0,100,100,70,70,0,100,100,71,71,0,0.058443105619660304,0.058783484802069505,99,99,0,4,1,1,6,29,74,11,49
690,56,262,59,93,34,70,70,67,67,0,56,70,58,70,12,0.010245413390517035,0.013649205214609075,70,74,4,3,3,3,5,5,70,25,47
691,235,441,93,100,7,158,158,98,98,0,158,158,98,98,0,0.02038871302631131,0.021920419347152727,81,84,3,3,2,2,6,15,74,19,94
692,16,632,34,100,66,108,108,60,60,0,16,50,34,50,16,0.0019741992579733825,0.007420266176520644,43,61,18,2,3,3,8,1,42,53,38
693,100,100,63,63,0,100,100,47,47,0,100,100,63,63,0,0.050784574015453214,0.050784574015453214,97,97,0,-1,1,1,10,29,36,11,93
694,16,632,36,100,64,56,80,37,44,7,16,57,36,55,19,0.0002723033459273631,0.00796487286837537,35,64,29,2,3,3,9,1,28,49,25
695,158,358,90,100,10,72,72,80,80,0,72,72,80,80,0,0.02365635317743967,0.02729841042921815,88,88,0,3,2,2,3,20,76,23,72
696,12,628,40,100,60,24,34,37,46,9,12,34,40,54,14,0.0012934408931549745,0.00789679703189353,41,64,23,2,4,3,4,3,77,51,57
697,0,0,1,1,0,0,0,1,1,0,0,0,1,1,0,0.0,0.0,1,1,0,-1,-1,-1,3,0,76,80,69
698,91,91,72,72,0,48,48,60,60,0,48,48,63,63,0,0.012525953912658701,0.012525953912658701,72,72,0,-1,3,3,3,13,58,33,84
699,406,1006,97,100,3,256,256,95,95,0,256,256,95,95,0,0.03492290411518432,0.03730555839204874,95,95,0,2,2,2,10,29,18,0,22
700,0,616,1,100,99,0,28,1,39,38,0,28,1,48,47,0.0,0.009428503352734947,1,72,71,2,-1,3,3,0,82,91,20
701,2,2,28,28,0,8,8,28,28,0,2,2,28,28,0,0.0002382654276864427,0.0002382654276864427,32,32,0,-1,5,5,5,1,45,55,86
702,100,100,59,59,0,100,100,45,45,0,100,100,59,59,0,0.03761189965621702,0.04499812791449675,95,95,0,2,1,1,10,20,0,23,8
703,46,662,48,100,52,130,158,59,63,4,46,92,48,56,8,0.0016338200755641784,0.005990673610401988,40,55,15,2,2,2,17,3,20,51,28
704,236,442,93,98,5,168,168,96,96,0,168,168,96,96,0,0.02569862827189489,0.026004969536063176,88,88,0,3,2,2,6,18,48,30,56
705,48,254,61,94,33,62,62,75,75,0,48,62,64,76,12,0.00445896728956057,0.009973110044589673,53,73,20,3,2,2,3,4,82,64,24
706,2,1642,27,100,73,5,48,27,69,42,2,48,27,71,44,6.807583648184077e-05,0.035910003744171005,28,95,67,1,5,2,3,1,94,95,51
707,6,6,30,30,0,21,21,31,31,0,6,6,30,30,0,0.00013615167296368154,0.00013615167296368154,31,31,0,-1,4,4,9,1,54,60,99
708,47,47,55,55,0,86,86,63,63,0,47,47,55,55,0,0.004731270635487933,0.004731270635487933,55,55,0,-1,3,3,6,6,34,35,91
709,38,38,51,51,0,40,40,45,45,0,38,38,51,51,0,0.002927260968719153,0.002927260968719153,49,49,0,-1,3,3,5,6,37,70,76
710,100,100,61,61,0,100,100,43,43,0,100,100,61,61,0,0.024881718234112803,0.031314884781646755,87,90,3,2,1,1,12,15,2,19,48
711,154,770,87,100,13,88,88,73,73,0,88,88,74,74,0,0.011606930120153852,0.018108172504169646,71,82,11,2,2,2,4,13,83,24,44
712,419,1019,98,100,2,168,168,93,93,0,168,168,94,94,0,0.038428809693999116,0.04377276285782362,92,94,2,2,2,2,6,29,44,1,57
713,281,897,96,100,4,358,358,95,95,0,281,297,96,97,1,0.026958031246808945,0.02917049593246877,88,90,2,2,2,2,17,20,20,23,46
714,0,0,1,1,0,0,0,1,1,0,0,0,1,1,0,0.0,0.0,1,1,0,-1,-1,-1,10,0,22,86,85
715,160,366,91,100,9,48,48,64,64,0,48,48,66,66,0,0.019027196296674494,0.026141121209026855,83,88,5,3,3,3,3,19,85,15,34
716,22,22,42,42,0,50,50,36,36,0,22,22,42,42,0,0.0013955546478777359,0.0013955546478777359,38,38,0,-1,3,3,8,3,27,51,85
717,368,574,100,100,0,112,112,94,94,0,112,112,94,94,0,0.050954763606657814,0.06106402532421117,98,98,0,3,2,2,4,36,78,2,5
718,304,510,95,99,4,128,128,91,91,0,128,128,91,91,0,0.03226794649239253,0.03386772864971578,91,91,0,3,2,2,5,29,52,0,83
719,139,241,85,95,10,64,64,68,68,0,64,64,70,70,0,0.016712617856291908,0.017325300384628477,80,80,0,4,3,3,4,18,78,5,71
720,2,208,28,89,61,10,28,29,33,4,2,28,28,43,15,0.0002723033459273631,0.0063650907110521125,32,54,22,3,5,4,6,1,71,55,44
721,128,334,88,100,12,32,32,69,69,0,32,32,69,69,0,0.020048333843902106,0.02117158514585248,84,87,3,3,3,3,2,16,93,12,43
722,100,306,70,93,23,148,148,79,79,0,100,148,70,83,13,0.007726607440688927,0.01320671227747711,63,74,11,3,2,2,9,6,31,13,44
723,0,616,1,100,99,0,38,1,35,34,0,38,1,46,45,0.0,0.006569318220497634,1,57,56,2,-1,3,6,0,56,85,44
724,6,1646,32,100,68,20,58,34,68,34,6,58,32,69,37,0.0007488342013002485,0.03921168181354028,38,95,57,1,4,2,4,2,84,42,15
725,6,108,27,75,48,11,13,27,27,0,6,8,27,31,4,0.00013615167296368154,0.00017018959120460194,28,28,0,4,4,4,6,1,51,68,95
726,76,177,62,87,25,90,90,63,63,0,76,90,62,68,6,0.0088498587426393,0.0088498587426393,66,66,0,5,2,2,6,6,65,34,78
727,0,616,1,100,99,0,40,1,47,46,0,40,1,55,54,0.0,0.011266550937744648,1,74,73,2,-1,3,4,1,47,69,8
728,184,390,93,100,7,32,32,70,70,0,32,32,70,70,0,0.028659927158854966,0.040913577725586306,91,96,5,3,3,3,2,27,95,10,18
729,108,1748,72,100,28,70,94,51,61,10,70,94,57,68,11,0.013547091459886314,0.05888559855679227,77,98,21,1,3,2,5,9,52,39,2
730,160,262,87,95,8,104,104,80,80,0,104,104,81,81,0,0.022124646856598252,0.02294155689438034,86,86,0,4,2,2,5,16,63,18,74
731,2,618,27,100,73,10,78,27,46,19,2,78,27,65,38,6.807583648184077e-05,0.025154021580040164,27,88,61,2,5,3,8,1,39,78,11
732,0,206,1,90,89,0,16,1,32,31,0,8,1,36,35,0.0,0.0013955546478777359,1,41,40,3,-1,4,4,0,79,40,52
733,100,100,67,67,0,100,100,54,54,0,100,100,67,67,0,0.037679975492698865,0.05228224241805371,95,97,2,2,1,1,9,19,35,15,18
734,10,626,39,100,61,26,40,36,42,6,10,40,39,52,13,0.0015657442390823377,0.01143674052894925,41,69,28,2,4,3,5,3,49,43,17
735,256,456,97,100,3,72,72,80,80,0,72,72,80,80,0,0.03475271452397971,0.03550154872527996,94,94,0,3,2,2,3,27,66,10,53
736,0,206,1,89,88,0,29,1,32,31,0,9,1,36,35,0.0,0.0013955546478777359,1,41,40,3,-1,4,9,0,26,98,54
737,0,616,1,100,99,0,40,1,41,40,0,27,1,50,49,0.0,0.003948398515946765,1,51,50,2,-1,3,5,1,61,45,28
738,6,6,29,29,0,32,32,33,33,0,6,6,29,29,0,0.0002382654276864427,0.0002382654276864427,32,32,0,-1,4,4,10,1,11,4,84
739,54,156,65,90,25,48,48,68,68,0,48,48,69,69,0,0.007454304094761564,0.007624493685966166,67,67,0,4,3,3,3,7,81,62,60
740,6,6,29,29,0,52,52,34,34,0,6,6,29,29,0,0.0005446066918547262,0.0005446066918547262,35,35,0,-1,4,4,10,1,22,49,69
741,12,12,37,37,0,14,14,33,33,0,12,12,37,37,0,0.0005786446100956465,0.0005786446100956465,35,35,0,-1,4,4,3,2,75,63,66
742,80,181,70,89,19,88,88,82,82,0,88,88,82,82,0,0.01320671227747711,0.01320671227747711,77,77,0,6,2,2,4,5,78,25,58
743,1,103,25,85,60,2,3,25,27,2,1,3,25,33,8,3.4037918240920386e-05,0.00030634126416828345,27,33,6,4,6,5,2,1,93,68,63
744,0,616,1,100,99,0,62,1,45,44,0,62,1,58,57,0.0,0.02998740597025086,1,89,88,2,-1,3,7,0,62,97,2
745,39,245,51,96,45,38,38,56,56,0,38,38,57,57,0,0.005071649817897137,0.011368664692467409,53,73,20,3,3,3,3,4,60,22,24
746,22,123,41,76,35,64,64,41,41,0,22,23,41,44,3,0.0021784267674189047,0.0021784267674189047,47,47,0,5,3,3,9,2,28,75,68
747,0,616,1,100,99,0,34,1,43,42,0,34,1,51,50,0.0,0.0156914803090643,1,80,79,2,-1,3,4,0,47,66,15
748,100,100,66,66,0,100,100,60,60,0,100,100,68,68,0,0.0424112461281868,0.051158991116103336,95,97,2,2,1,1,7,19,43,15,48
749,0,206,1,85,84,0,28,1,29,28,0,6,1,26,25,0.0,0.0005786446100956465,1,36,35,3,-1,4,12,0,2,84,49
750,0,616,1,100,99,0,42,1,39,38,0,42,1,53,52,0.0,0.01415977398822288,1,78,77,2,-1,3,6,0,74,76,12
751,104,104,77,77,0,154,154,72,72,0,104,104,77,77,0,0.010075223799312433,0.010075223799312433,68,68,0,-1,2,2,10,9,36,31,85
752,0,616,1,100,99,0,114,1,60,59,0,114,1,77,76,0.0,0.035739814152966405,1,96,95,2,-1,3,9,0,54,98,11
753,6,622,32,100,68,14,28,34,44,10,6,28,32,48,16,0.0007488342013002485,0.011743081793117532,36,73,37,2,4,3,3,2,60,42,32
754,46,252,57,94,37,24,24,37,37,0,24,24,54,54,0,0.007352190340038803,0.00970080669866231,62,67,5,3,4,4,4,9,77,31,83
755,215,831,96,100,4,72,72,84,84,0,72,72,84,84,0,0.03703325504612138,0.04680213758126553,94,95,1,2,2,2,3,29,81,0,33
756,144,760,89,100,11,48,48,70,70,0,48,48,72,72,0,0.017052997038701112,0.0315531502093332,79,94,15,2,3,3,3,18,94,5,37
757,12,218,39,93,54,20,24,35,37,2,12,24,39,49,10,0.0012253650566731338,0.008169100377820893,41,65,24,3,4,4,4,3,73,51,17
758,16,632,37,100,63,50,68,37,45,8,16,68,37,58,21,0.0007147962830593281,0.01504475986248681,38,75,37,2,3,3,8,1,21,49,23
759,124,225,79,91,12,114,114,87,87,0,124,114,90,87,-3,0.010790020082371761,0.010824058000612683,67,67,0,6,2,2,6,7,71,21,58
760,32,238,51,93,42,38,38,51,51,0,32,38,53,53,0,0.0053439531638245,0.007352190340038803,57,64,7,3,3,3,3,3,82,29,70
761,100,100,69,69,0,100,100,66,66,0,100,100,75,75,0,0.04693828925422921,0.055958337588073115,98,99,1,2,1,1,6,16,51,18,77
762,0,102,1,76,75,0,17,1,28,27,0,4,1,29,28,0.0,0.0005446066918547262,1,34,33,4,-1,5,9,0,54,81,74
763,60,266,69,98,29,32,32,63,63,0,32,32,64,64,0,0.008747744987916539,0.021614078082984444,66,86,20,3,3,3,2,7,86,48,12
764,100,100,66,66,0,100,100,66,66,0,100,100,69,69,0,0.027060145001531706,0.0402328193607679,88,96,8,2,1,1,7,4,62,72,15
765,149,250,90,97,7,72,72,77,77,0,72,72,79,79,0,0.01960584090677014,0.01960584090677014,84,84,0,5,2,2,3,15,96,19,60
766,40,246,51,94,43,128,128,67,67,0,40,46,51,54,3,0.0051397256543789785,0.005377991082065421,58,58,0,3,2,2,9,1,28,90,49
767,0,616,1,100,99,0,42,1,34,33,0,24,1,45,44,0.0,0.002995336805200994,1,48,47,2,-1,3,8,0,15,89,70
768,100,100,69,69,0,100,100,76,76,0,100,100,76,76,0,0.03604615541713469,0.03604615541713469,91,91,0,4,1,1,5,6,80,28,95
769,176,792,91,100,9,136,136,97,97,0,136,136,97,97,0,0.02668572790088158,0.05068246026073046,88,96,8,2,2,2,4,9,72,39,1
770,86,1686,58,100,42,170,170,69,69,0,86,170,58,88,30,0.004016474352428605,0.018040096667687803,54,80,26,1,2,2,12,6,6,70,14
771,88,288,78,100,22,32,32,71,71,0,32,32,71,71,0,0.015589366554341537,0.027979168794036557,78,93,15,3,3,3,2,13,99,33,18
772,40,1680,58,100,42,28,52,46,80,34,28,52,53,81,28,0.0057524081827155455,0.05721774056298717,59,98,39,1,3,2,3,6,81,26,10
773,140,242,84,94,10,88,88,84,84,0,88,88,84,84,0,0.017121072875182955,0.017325300384628477,80,80,0,4,2,2,4,14,67,32,88
774,0,206,1,93,92,0,14,1,34,33,0,14,1,42,41,0.0,0.005207801490860819,1,54,53,3,-1,4,3,0,92,36,24
775,128,334,85,99,14,94,94,75,75,0,94,94,75,75,0,0.018925082541951733,0.02226079852956193,81,83,2,3,2,2,5,9,49,39,29
776,0,0,1,1,0,0,0,1,1,0,0,0,1,1,0,0.0,0.0,1,1,0,-1,-1,-1,3,1,75,45,80
777,0,206,1,88,87,0,19,1,26,25,0,6,1,27,26,0.0,0.0002042275094455223,1,28,27,3,-1,4,14,0,17,40,65
778,64,270,56,94,38,146,146,68,68,0,64,72,56,57,1,0.007147962830593281,0.008645631233193778,58,66,8,3,3,3,11,7,33,62,83
779,0,102,1,84,83,0,4,1,28,27,0,4,1,31,30,0.0,0.0028591851322373124,1,50,49,4,-1,5,2,0,98,76,28
780,264,264,96,96,0,112,112,99,99,0,112,112,99,99,0,0.03594404166241193,0.03594404166241193,93,93,0,-1,2,2,4,22,67,9,76
781,16,222,35,91,56,68,68,37,37,0,16,23,35,45,10,0.0009190237925048504,0.0010892133837094523,39,39,0,3,3,3,10,2,1,42,63
782,32,32,43,43,0,136,136,64,64,0,32,32,43,43,0,0.005105687736138058,0.005105687736138058,54,54,0,-1,3,3,11,3,33,29,89
783,16,222,34,90,56,54,54,34,34,0,16,22,34,40,6,0.00037441710065012424,0.0007488342013002485,34,36,2,3,3,3,12,1,14,88,49
784,214,1854,93,100,7,104,128,73,90,17,104,128,79,90,11,0.022022533101875488,0.060383266959392765,88,98,10,1,2,2,5,16,52,18,7
785,16,222,40,97,57,20,28,44,44,0,16,28,40,51,11,0.0009530617107457708,0.011845195547840293,35,72,37,3,3,3,3,1,94,4,5
786,60,60,69,69,0,32,32,69,69,0,32,32,69,69,0,0.007454304094761564,0.007454304094761564,65,65,0,-1,3,3,2,6,93,26,85
787,188,188,91,91,0,110,110,82,82,0,110,110,83,83,0,0.019095272133156337,0.019095272133156337,83,83,0,-1,2,2,6,18,56,5,99
788,148,148,88,88,0,88,88,82,82,0,88,88,82,82,0,0.022465026039007456,0.022465026039007456,85,85,0,-1,2,2,4,18,72,30,89
789,0,616,1,100,99,0,68,1,42,41,0,68,1,55,54,0.0,0.012219612648490419,1,70,69,2,-1,3,8,0,27,93,6
790,100,100,59,59,0,100,100,40,40,0,100,100,59,59,0,0.018074134585928724,0.018074134585928724,79,79,0,-1,1,1,15,4,7,38,85
791,0,0,1,1,0,0,0,1,1,0,0,0,1,1,0,0.0,0.0,1,1,0,-1,-1,-1,11,0,38,67,96
792,0,616,1,100,99,0,22,1,47,46,0,22,1,50,49,0.0,0.005820484019197386,1,58,57,2,-1,3,2,0,95,81,52
793,208,808,93,100,7,144,144,90,90,0,144,144,90,90,0,0.02215868477483917,0.0300554818067327,85,91,6,2,2,2,6,16,59,18,20
794,22,228,43,94,51,40,40,39,39,0,22,40,43,52,9,0.002552843868069029,0.005480104836788182,49,58,9,3,3,3,5,2,63,83,41
795,2,2,26,26,0,6,6,26,26,0,2,2,26,26,0,0.0,0.0,1,1,0,-1,5,5,5,1,52,78,87
796,97,198,80,95,15,32,32,63,63,0,32,32,64,64,0,0.01861874127778345,0.01872085503250621,83,83,0,5,3,3,2,12,86,37,4
797,16,222,44,94,50,34,34,47,47,0,16,23,45,52,7,0.00176997174852786,0.0030293747234419145,43,50,7,3,3,3,4,1,78,53,61
798,1,1,26,26,0,4,4,26,26,0,1,1,26,26,0,3.4037918240920386e-05,3.4037918240920386e-05,29,29,0,-1,6,6,4,1,78,68,97
799,16,632,43,100,57,30,30,43,43,0,16,30,43,50,7,0.00088498587426393,0.016882807447496512,38,80,42,2,3,3,4,2,73,42,16
800,0,206,1,92,91,0,44,1,35,34,0,20,1,42,41,0.0,0.0040845501889104465,1,53,52,3,-1,4,8,0,21,76,72
801,62,268,69,99,30,22,22,54,54,0,22,22,54,54,0,0.011028285510058205,0.014466115252391163,71,75,4,3,3,3,2,8,99,20,57
802,0,206,1,91,90,0,9,1,26,25,0,6,1,26,25,0.0,0.000442492937131965,1,31,30,3,-1,4,4,0,67,84,65
803,76,282,57,94,37,66,66,47,47,0,76,66,60,55,-5,0.006603356138738555,0.009292351679771264,56,63,7,3,3,3,6,6,71,13,54
804,158,774,85,100,15,80,80,53,53,0,80,80,60,60,0,0.010858095918853602,0.034718676605738796,72,91,19,2,3,3,5,14,52,32,1
805,16,1656,36,100,64,34,80,36,61,25,16,80,36,65,29,0.0006467204465774873,0.03427618366860683,35,95,60,1,3,2,6,1,71,49,7
806,128,334,80,98,18,220,220,84,84,0,128,134,80,80,0,0.006092787365124749,0.00793083495013445,59,61,2,3,2,2,12,5,14,47,90
807,34,650,55,100,45,34,54,44,61,17,34,54,55,67,12,0.0053439531638245,0.02219272269308009,58,85,27,2,3,3,4,4,72,38,12
808,56,1696,59,100,41,70,94,67,75,8,56,94,58,76,18,0.010245413390517035,0.04190067735457299,70,97,27,1,3,2,5,5,70,25,5
809,84,186,58,84,26,142,142,68,68,0,78,80,57,57,0,0.00439089145307873,0.0045270431260424114,54,54,0,4,2,2,12,6,2,41,78
810,64,64,69,69,0,38,38,56,56,0,38,38,57,57,0,0.009973110044589673,0.009973110044589673,68,68,0,-1,3,3,3,9,60,27,45
811,77,77,71,71,0,32,32,64,64,0,32,32,64,64,0,0.007420266176520644,0.007420266176520644,65,65,0,-1,3,3,2,8,89,57,69
812,81,81,57,57,0,166,166,72,72,0,81,81,58,58,0,0.008509479560230097,0.008509479560230097,62,62,0,-1,2,2,12,6,2,35,91
813,242,858,91,100,9,302,302,86,86,0,242,258,91,92,1,0.011879233466081215,0.012662105585622384,66,70,4,2,2,2,16,13,9,24,42
814,12,1652,44,100,56,12,56,35,83,48,12,56,42,84,42,0.002552843868069029,0.06916504986555022,47,98,51,1,4,2,2,2,98,75,23
815,0,1640,1,100,99,0,82,1,67,66,0,74,1,63,62,0.0,0.02563055243541305,1,88,87,1,-1,2,6,0,69,86,73
816,77,179,63,90,27,86,86,56,56,0,86,86,65,65,0,0.00789679703189353,0.008066986623098132,64,64,0,4,3,3,6,8,48,44,55
817,26,128,54,92,38,12,12,39,39,0,12,12,44,44,0,0.004050512270669526,0.00439089145307873,51,52,1,4,4,4,2,6,97,35,63
818,6,108,30,77,47,16,16,31,31,0,6,8,30,35,5,0.0002042275094455223,0.00034037918240920387,31,35,4,4,4,4,6,1,34,4,88
819,84,700,60,100,40,202,202,74,74,0,84,114,60,82,22,0.006126825283365669,0.010109261717553355,58,68,10,2,2,2,13,5,13,47,22
820,112,1712,71,100,29,204,204,79,79,0,112,154,71,83,12,0.009224275843289425,0.02481364239763096,62,86,24,1,2,2,11,7,5,62,20
821,128,744,79,100,21,146,156,80,83,3,128,156,80,87,7,0.008101024541339052,0.02474556656114912,63,87,24,2,2,2,8,5,10,47,16
822,207,413,93,99,6,152,152,95,95,0,152,152,95,95,0,0.028455699649409444,0.03094046768099663,90,90,0,3,2,2,5,20,63,23,94
823,0,206,1,92,91,0,18,1,29,28,0,8,1,34,33,0.0,0.0006126825283365669,1,35,34,3,-1,4,9,0,35,93,63
824,56,262,64,95,31,48,48,63,63,0,48,48,64,64,0,0.009394465434494027,0.012798257258586064,71,77,6,3,3,3,3,6,82,77,73
825,0,206,1,95,94,0,8,1,31,30,0,8,1,36,35,0.0,0.00789679703189353,1,63,62,3,-1,4,2,1,95,50,33
826,46,46,50,50,0,126,126,61,61,0,46,46,50,50,0,0.0020082371762143027,0.0020082371762143027,44,44,0,-1,2,2,12,2,3,61,40
827,161,367,90,99,9,56,56,76,76,0,56,56,77,77,0,0.02651553830967698,0.033221008203138294,90,92,2,3,2,2,2,15,68,16,27
828,112,712,76,100,24,210,210,83,83,0,112,158,76,85,9,0.007998910786616291,0.01507879778072773,63,77,14,2,2,2,12,4,3,72,20
829,95,295,77,100,23,32,32,64,64,0,32,32,64,64,0,0.019061234214915415,0.034854828278702475,82,95,13,3,3,3,2,16,89,18,0
830,100,100,58,58,0,100,100,38,38,0,100,100,58,58,0,0.04894652643044351,0.05602641342455495,98,98,0,2,1,1,16,30,9,7,31
831,254,254,92,92,0,190,190,91,91,0,190,190,91,91,0,0.025936893699581333,0.025936893699581333,87,87,0,-1,2,2,8,15,27,16,99
832,102,1702,78,100,22,102,102,93,93,0,102,102,93,93,0,0.015283025290173252,0.04898056434868443,78,98,20,1,2,2,4,4,84,38,15
833,0,101,1,82,81,0,2,1,25,24,0,1,1,25,24,0.0,6.807583648184077e-05,1,26,25,5,-1,6,2,0,68,98,60
834,24,1664,48,100,52,36,84,41,73,32,24,84,48,73,25,0.0019741992579733825,0.03951802307770857,44,97,53,1,3,2,5,3,49,54,37
835,93,299,78,98,20,32,32,63,63,0,32,32,64,64,0,0.01681473161101467,0.02668572790088158,78,87,9,3,3,3,2,9,86,39,5
836,32,32,47,47,0,84,84,47,47,0,32,32,47,47,0,0.002484768031587188,0.002484768031587188,48,48,0,-1,3,3,9,2,35,83,50
837,44,644,51,100,49,74,74,42,42,0,44,74,51,61,10,0.0036760951700194017,0.011811157629599374,51,74,23,2,3,3,9,6,31,73,37
838,12,114,39,80,41,24,24,38,38,0,12,14,39,40,1,0.002995336805200994,0.003369753905851118,49,50,1,4,4,4,4,2,79,75,42
839,0,102,1,74,73,0,15,1,25,24,0,2,1,25,24,0.0,6.807583648184077e-05,1,28,27,4,-1,5,14,0,16,80,95
840,40,656,49,100,51,156,176,68,68,0,40,88,49,59,10,0.002825147213996392,0.010755982164130842,48,68,20,2,2,2,12,1,14,53,34
841,87,703,61,100,39,118,128,66,66,0,87,128,61,78,17,0.00803294870485721,0.030497974743864665,62,90,28,2,3,3,8,8,15,44,10
842,62,268,54,90,36,144,144,63,63,0,62,68,54,55,1,0.004799346471969774,0.006126825283365669,55,57,2,3,3,3,14,6,17,35,52
843,16,222,36,91,55,88,88,42,42,0,16,24,36,43,7,0.0012253650566731338,0.0029612988869600733,38,47,9,3,3,3,11,1,38,71,83
844,0,206,1,93,92,0,12,1,33,32,0,12,1,40,39,0.0,0.00445896728956057,1,52,51,3,-1,4,4,0,72,67,31
845,345,551,99,100,1,120,120,100,100,0,120,120,100,100,0,0.042649511555873244,0.04527043126042411,95,95,0,3,2,2,3,29,82,1,35
846,2,2,29,29,0,9,9,29,29,0,2,2,29,29,0,0.0002723033459273631,0.0002723033459273631,33,33,0,-1,5,5,5,1,49,55,69
847,213,213,94,94,0,136,136,97,97,0,136,136,97,97,0,0.03328908403962014,0.03328908403962014,92,92,0,-1,2,2,4,15,72,16,40
848,16,632,44,100,56,44,64,53,67,14,16,64,45,69,24,0.0027911092957554717,0.0230436706491031,50,85,35,2,3,3,4,3,78,46,30
849,342,942,95,100,5,216,216,94,94,0,216,216,94,94,0,0.03808843051158991,0.04680213758126553,92,97,5,2,2,2,9,27,31,10,37
850,12,12,37,37,0,22,22,34,34,0,12,12,37,37,0,0.0006807583648184077,0.0006807583648184077,36,36,0,-1,4,4,5,2,88,56,99
851,22,228,45,94,49,46,46,41,41,0,22,46,45,50,5,0.002552843868069029,0.007556417849484326,46,65,19,3,3,3,6,2,59,83,24
852,16,632,34,100,66,58,68,39,40,1,16,68,34,57,23,0.0007828721195411688,0.012798257258586064,37,76,39,2,3,3,8,1,42,49,37
853,16,117,35,77,42,108,108,62,62,0,16,17,35,40,5,0.0020763130126961434,0.002110350930937064,44,44,0,5,3,3,8,1,15,53,78
854,0,206,1,96,95,0,12,1,34,33,0,12,1,41,40,0.0,0.008237176214302734,1,66,65,3,-1,4,2,0,98,96,33
855,58,674,55,100,45,126,136,63,65,2,58,111,55,75,20,0.00353994349705572,0.009054086252084823,53,63,10,2,2,2,12,4,14,64,57
856,100,100,57,57,0,100,100,38,38,0,100,100,57,57,0,0.022328874366043774,0.022839443139657578,83,83,0,3,1,1,16,14,4,32,49
857,16,222,35,93,58,50,58,33,35,2,16,40,35,50,15,0.0007147962830593281,0.004799346471969774,35,54,19,3,3,3,10,1,36,88,38
858,22,228,45,94,49,36,36,41,41,0,22,36,45,52,7,0.0020082371762143027,0.005684332346233704,45,58,13,3,3,3,5,2,49,75,47
859,18,224,41,89,48,66,66,44,44,0,18,28,41,44,3,0.0015657442390823377,0.004220701861874128,39,53,14,3,3,3,6,2,40,61,73
860,100,100,66,66,0,100,100,52,52,0,100,100,66,66,0,0.04983151230470744,0.04983151230470744,98,98,0,-1,1,1,8,22,15,9,69
861,118,734,79,100,21,104,104,80,80,0,104,104,81,81,0,0.013581129378127233,0.020456788862793153,76,84,8,2,2,2,5,9,63,27,26
862,40,246,49,92,43,146,146,66,66,0,40,48,49,54,5,0.003369753905851118,0.003812246842983083,52,53,1,3,2,2,12,3,14,46,63
863,97,199,79,95,16,32,32,64,64,0,32,32,64,64,0,0.013819394805813677,0.01412573606998196,76,76,0,4,3,3,2,15,89,19,56
864,32,32,49,49,0,50,50,45,45,0,32,32,49,49,0,0.004765308553728854,0.004765308553728854,53,53,0,-1,3,3,5,3,45,29,69
865,61,163,60,88,28,70,70,58,58,0,70,70,64,64,0,0.005105687736138058,0.005207801490860819,56,56,0,4,3,3,5,6,63,35,60
866,132,338,82,97,15,150,150,71,71,0,150,150,85,85,0,0.013002484768031588,0.016440314510364547,75,80,5,3,3,3,10,13,36,33,47
867,134,134,83,83,0,64,64,67,67,0,64,64,68,68,0,0.01844855168657885,0.01844855168657885,82,82,0,-1,3,3,4,18,67,30,79
868,6,212,31,92,61,13,26,31,35,4,6,26,31,49,18,0.00017018959120460194,0.003437829742332959,30,49,19,3,4,4,5,1,37,65,35
869,0,206,1,88,87,0,37,1,28,27,0,8,1,31,30,0.0,0.00037441710065012424,1,34,33,3,-1,4,17,0,20,40,63
870,0,0,1,1,0,0,0,1,1,0,0,0,1,1,0,0.0,0.0,1,1,0,-1,-1,-1,14,0,16,86,80
871,12,12,37,37,0,22,22,34,34,0,12,12,37,37,0,0.0006807583648184077,0.0006807583648184077,36,36,0,-1,4,4,5,2,88,56,66
872,0,616,1,100,99,0,70,1,40,39,0,54,1,51,50,0.0,0.007454304094761564,1,62,61,2,-1,3,9,1,54,69,20
873,6,622,30,100,70,24,46,34,40,6,6,46,30,54,24,0.0008169100377820892,0.010415602981721638,36,72,36,2,4,3,6,2,34,42,19
874,100,100,60,60,0,100,100,40,40,0,100,100,60,60,0,0.020899281799925118,0.04278566322883692,80,97,17,2,1,1,14,8,25,44,10
875,0,0,1,1,0,0,0,1,1,0,0,0,1,1,0,0.0,0.0,1,1,0,-1,-1,-1,6,0,74,96,89
876,6,6,32,32,0,10,10,32,32,0,6,6,32,32,0,0.0002042275094455223,0.0002042275094455223,34,34,0,-1,4,4,3,1,76,88,87
877,48,149,55,88,33,90,90,58,58,0,48,49,55,55,0,0.0045270431260424114,0.004561081044283332,51,52,1,5,2,2,6,6,48,70,78
878,60,60,58,58,0,74,74,64,64,0,59,59,58,58,0,0.006773545729943157,0.006773545729943157,59,59,0,-1,2,2,5,6,88,41,92
879,56,56,62,62,0,54,54,55,55,0,54,54,60,60,0,0.005616256509751864,0.005616256509751864,57,57,0,-1,3,3,4,6,84,28,98
880,0,1640,1,100,99,0,100,1,39,38,0,40,1,44,43,0.0,0.008271214132543654,1,61,60,1,-1,2,15,0,7,99,53
881,0,101,1,73,72,0,12,1,25,24,0,1,1,25,24,0.0,0.0,1,1,0,5,-1,6,12,0,6,97,68
882,0,616,1,100,99,0,46,1,34,33,0,24,1,43,42,0.0,0.002757071377514551,1,47,46,2,-1,3,8,1,42,45,70
883,0,0,1,1,0,0,0,1,1,0,0,0,1,1,0,0.0,0.0,1,1,0,-1,-1,-1,8,0,57,80,36
884,509,1109,99,100,1,368,368,97,97,0,368,368,98,98,0,0.035875965825930084,0.0567752476258552,95,99,4,2,2,2,14,30,16,7,9
885,108,108,78,78,0,182,182,87,87,0,108,108,78,78,0,0.011130399264780965,0.011130399264780965,70,70,0,-1,2,2,9,5,23,25,89
886,144,350,81,95,14,214,214,83,83,0,144,150,81,83,2,0.007556417849484326,0.008611593314952858,59,59,0,3,2,2,11,6,5,13,71
887,0,0,1,1,0,0,0,1,1,0,0,0,1,1,0,0.0,0.0,1,1,0,-1,-1,-1,3,0,60,91,86
888,58,58,62,62,0,54,54,60,60,0,54,54,62,62,0,0.00980292045338507,0.00980292045338507,69,69,0,-1,3,3,4,6,78,77,85
889,0,102,1,70,69,0,12,1,25,24,0,2,1,25,24,0.0,3.4037918240920386e-05,1,26,25,4,-1,5,11,0,5,67,55
890,8,624,37,100,63,20,44,34,48,14,8,44,37,54,17,0.0005786446100956465,0.031451036454610434,36,90,54,2,4,3,4,2,79,63,3
891,0,0,1,1,0,0,0,1,1,0,0,0,1,1,0,0.0,0.0,1,1,0,-1,-1,-1,12,0,2,87,89
892,6,622,29,99,70,27,152,30,66,36,6,152,29,86,57,0.0002382654276864427,0.03349331154906566,31,92,61,2,4,3,12,1,14,65,2
893,274,890,95,100,5,144,144,91,91,0,144,144,92,92,0,0.030225671397937304,0.03859899928520372,90,95,5,2,2,2,6,22,51,9,21
894,66,272,61,94,33,66,66,54,54,0,66,66,62,62,0,0.008135062459579971,0.008645631233193778,63,65,2,3,3,3,6,7,69,21,63
895,0,1640,1,100,99,0,158,1,65,64,0,158,1,86,85,0.0,0.02661765206439974,1,89,88,1,-1,2,14,0,8,84,10
896,161,262,93,97,4,80,80,96,96,0,80,80,96,96,0,0.03271043942952449,0.03271043942952449,93,93,0,6,2,2,2,15,98,16,58
897,0,206,1,92,91,0,18,1,34,33,0,6,1,31,30,0.0,0.0014636304843595766,1,42,41,3,-1,4,3,0,87,97,53
898,499,699,99,100,1,216,216,99,99,0,216,216,99,99,0,0.05194186323564451,0.052248204499812795,98,98,0,3,2,2,6,36,44,2,56
899,16,16,40,40,0,56,56,41,41,0,16,16,40,40,0,0.0008509479560230097,0.0008509479560230097,37,37,0,-1,3,3,9,2,26,42,79
900,0,616,1,100,99,0,50,1,48,47,0,50,1,54,53,0.0,0.022805405221416657,1,86,85,2,-1,3,5,0,61,84,11
901,94,710,69,100,31,104,104,85,85,0,94,104,72,85,13,0.013785356887572755,0.022022533101875488,76,86,10,2,2,2,5,5,37,25,27
902,164,266,87,93,6,190,190,92,92,0,164,190,87,92,5,0.01579359406378706,0.015997821573232582,80,80,0,4,2,2,8,8,57,17,63
903,56,56,51,51,0,188,188,71,71,0,56,56,51,51,0,0.004356853534837809,0.004356853534837809,54,54,0,-1,2,2,14,3,25,29,50
904,124,124,77,77,0,210,210,81,81,0,124,124,77,77,0,0.012049423057285817,0.012049423057285817,70,70,0,-1,2,2,12,6,14,34,67
905,6,107,31,78,47,19,19,31,31,0,6,6,31,31,0,0.0002382654276864427,0.0002382654276864427,33,33,0,5,4,4,8,1,57,60,68
906,1,1,25,25,0,5,5,25,25,0,1,1,25,25,0,3.4037918240920386e-05,3.4037918240920386e-05,26,26,0,-1,6,6,5,2,45,58,99
907,184,184,86,86,0,190,190,92,92,0,184,184,93,93,0,0.016542428265087308,0.016542428265087308,80,80,0,-1,2,2,8,8,42,20,40
908,2,2,27,27,0,22,22,29,29,0,2,2,27,27,0,0.00017018959120460194,0.00017018959120460194,31,31,0,-1,5,5,11,1,19,65,99
909,100,100,64,64,0,100,100,49,49,0,100,100,64,64,0,0.0657952959596991,0.07675550563327548,100,100,0,2,1,1,8,36,42,2,30
910,44,250,60,98,38,32,32,63,63,0,32,32,64,64,0,0.007284114503556962,0.00888389666088022,63,66,3,3,3,3,2,7,86,62,52
911,218,834,92,100,8,128,128,92,92,0,128,128,92,92,0,0.023350011913271386,0.035059055788148,86,93,7,2,2,2,5,16,50,18,33
912,0,206,1,95,94,0,12,1,40,39,0,12,1,40,39,0.0,0.013036522686272508,1,75,74,3,-1,4,2,0,95,87,18
913,40,656,46,100,54,110,124,54,59,5,40,76,46,59,13,0.0023486163586235067,0.0061949011198475104,45,56,11,2,2,2,14,1,17,71,28
914,0,616,1,100,99,0,24,1,40,39,0,18,1,46,45,0.0,0.0035059055788147996,1,52,51,2,-1,3,3,0,64,84,52
915,0,206,1,93,92,0,8,1,31,30,0,8,1,35,34,0.0,0.0029612988869600733,1,49,48,3,-1,4,2,0,68,99,29
916,22,638,47,100,53,34,54,43,52,9,22,54,47,56,9,0.0017018959120460194,0.013955546478777357,44,75,31,2,3,3,4,3,79,51,14
917,180,796,84,100,16,206,216,91,94,3,180,216,85,94,9,0.018040096667687803,0.04401102828551006,80,97,17,2,2,2,9,9,54,39,11
918,0,102,1,78,77,0,7,1,27,26,0,2,1,27,26,0.0,3.4037918240920386e-05,1,26,25,4,-1,5,6,1,32,50,65
919,98,98,71,71,0,66,66,49,49,0,66,66,63,63,0,0.010177337554035196,0.010177337554035196,70,70,0,-1,3,3,6,8,32,8,92
920,32,648,47,100,53,94,114,52,66,14,32,84,47,59,12,0.0019061234214915416,0.01058579257292624,43,70,27,2,3,3,9,2,35,61,25
921,40,40,54,54,0,50,50,46,46,0,39,39,52,52,0,0.003982436434187685,0.003982436434187685,53,53,0,-1,3,3,5,6,80,41,98
922,100,100,66,66,0,100,100,67,67,0,100,100,73,73,0,0.04802750263793867,0.04802750263793867,97,97,0,-1,1,1,5,18,52,5,89
923,411,1027,99,100,1,248,248,98,98,0,248,248,98,98,0,0.040913577725586306,0.045746962115797,96,97,1,2,2,2,8,29,57,11,62
924,22,638,50,100,50,22,32,55,66,11,22,32,57,67,10,0.004356853534837809,0.022805405221416657,52,87,35,2,3,3,2,3,97,29,12
925,0,0,1,1,0,0,0,1,1,0,0,0,1,1,0,0.0,0.0,1,1,0,-1,-1,-1,11,0,19,98,81
926,22,22,40,40,0,56,56,41,41,0,22,22,40,40,0,0.00176997174852786,0.00176997174852786,38,38,0,-1,3,3,6,2,71,52,81
927,60,162,61,89,28,80,80,70,70,0,60,80,62,73,11,0.010619830491167161,0.011675005956635693,72,75,3,4,3,3,5,5,45,25,51
928,0,1640,1,100,99,0,48,1,72,71,0,46,1,74,73,0.0,0.036760951700194014,1,93,92,1,-1,2,3,0,92,91,46
929,176,776,88,100,12,118,118,72,72,0,118,118,82,82,0,0.01317267435923619,0.02467749072466728,72,86,14,2,2,2,9,14,23,14,5
930,146,352,89,99,10,72,72,77,77,0,72,72,79,79,0,0.020763130126961436,0.028013206712277475,88,91,3,3,2,2,3,16,96,12,14
931,0,206,1,91,90,0,16,1,28,27,0,12,1,31,30,0.0,0.0017359338302869397,1,38,37,3,-1,4,4,0,67,91,75
932,0,616,1,100,99,0,44,1,47,46,0,44,1,53,52,0.0,0.019129310051397258,1,83,82,2,-1,3,4,0,83,82,9
933,16,222,34,90,56,102,102,56,56,0,16,22,34,40,6,0.0033016780693692774,0.0035739814152966403,50,53,3,3,3,3,12,1,14,90,88
934,28,1668,43,100,57,124,178,60,66,6,28,178,43,85,42,0.0025188059498281084,0.02474556656114912,47,87,40,1,3,2,14,3,16,54,15
935,0,102,1,83,82,0,4,1,29,28,0,4,1,32,31,0.0,0.005922597773920147,1,61,60,4,-1,5,2,0,89,40,8
936,54,254,65,97,32,48,48,68,68,0,48,48,69,69,0,0.009360427516253106,0.014329963579427483,70,76,6,3,3,3,3,7,81,48,25
937,44,250,56,95,39,70,70,58,58,0,44,70,56,63,7,0.005956635692161067,0.007250076585316042,59,63,4,3,3,3,5,4,63,38,43
938,126,332,77,96,19,104,104,73,73,0,104,104,79,79,0,0.013819394805813677,0.014023622315259198,78,78,0,3,2,2,5,8,52,17,49
939,125,125,76,76,0,204,204,79,79,0,125,125,76,76,0,0.00891793457912114,0.00891793457912114,61,61,0,-1,2,2,11,8,5,57,66
940,0,1640,1,100,99,0,118,1,69,68,0,118,1,79,78,0.0,0.033050818611933694,1,93,92,1,-1,2,9,0,35,79,10
941,163,265,94,98,4,56,56,84,84,0,56,56,84,84,0,0.02828551005820484,0.03025970931617822,89,93,4,4,2,2,2,19,86,15,28
942,6,6,32,32,0,18,18,35,35,0,6,6,32,32,0,0.0006467204465774873,0.0006467204465774873,35,35,0,-1,4,4,3,1,87,49,79
943,100,100,74,74,0,100,100,87,87,0,100,100,87,87,0,0.07525783723067497,0.08540113686646925,100,100,0,2,1,1,4,30,47,7,14
944,16,222,39,95,56,76,76,54,54,0,16,31,39,50,11,0.002212464685659825,0.0051397256543789785,48,55,7,3,3,3,6,1,32,53,22
945,84,700,63,100,37,154,154,75,75,0,84,107,63,75,12,0.006092787365124749,0.007760645358929848,58,63,5,2,2,2,10,6,12,28,64
946,40,40,47,47,0,62,62,38,38,0,40,40,47,47,0,0.0025188059498281084,0.0025188059498281084,45,45,0,-1,2,2,8,1,27,60,84
947,288,1928,97,100,3,288,312,97,99,2,288,312,97,99,2,0.021648116001225366,0.0475850097008067,84,98,14,1,2,2,12,18,14,5,15
948,0,616,1,100,99,0,90,1,44,43,0,90,1,62,61,0.0,0.02110350930937064,1,83,82,2,-1,3,10,0,22,81,11
949,0,616,1,100,99,0,64,1,63,62,0,64,1,66,65,0.0,0.03604615541713469,1,93,92,2,-1,3,4,0,77,81,2
950,40,656,50,100,50,86,96,54,55,1,40,96,50,67,17,0.004731270635487933,0.019571802988529223,53,82,29,2,2,2,7,2,43,94,30
951,161,777,92,100,8,72,72,79,79,0,72,72,80,80,0,0.025936893699581333,0.03168930188229688,91,92,1,2,2,2,3,15,75,16,26
952,455,1055,99,100,1,280,280,98,98,0,280,280,98,98,0,0.03703325504612138,0.0407433881343817,94,95,1,2,2,2,10,29,0,11,26
953,0,0,1,1,0,0,0,1,1,0,0,0,1,1,0,0.0,0.0,1,1,0,-1,-1,-1,6,0,34,86,69
954,447,653,99,100,1,254,254,100,100,0,254,254,100,100,0,0.042853739065318766,0.050784574015453214,96,98,2,3,2,2,9,29,26,1,8
955,190,292,90,93,3,206,206,92,92,0,190,192,91,91,0,0.016372238673882704,0.016406276592123625,77,77,0,4,2,2,9,8,31,8,55
956,172,274,87,93,6,110,110,83,83,0,110,110,83,83,0,0.022601177711971135,0.02307770856734402,84,84,0,4,2,2,6,18,71,30,42
957,145,745,83,100,17,64,64,60,60,0,64,64,63,63,0,0.01943565131556554,0.024779604479390042,83,87,4,2,3,3,4,20,83,23,48
958,16,222,40,92,52,36,36,41,41,0,16,28,40,46,6,0.0009530617107457708,0.003880322679464924,39,49,10,3,3,3,5,1,88,49,29
959,0,0,1,1,0,0,0,1,1,0,0,0,1,1,0,0.0,0.0,1,1,0,-1,-1,-1,5,0,49,89,92
960,38,140,50,81,31,78,78,45,45,0,38,40,50,50,0,0.0021784267674189047,0.0023486163586235067,45,46,1,4,3,3,8,3,15,54,55
961,2,2,26,26,0,10,10,27,27,0,2,2,26,26,0,3.4037918240920386e-05,3.4037918240920386e-05,26,26,0,-1,5,5,8,1,30,68,81
962,0,616,1,100,99,0,50,1,33,32,0,33,1,46,45,0.0,0.004152626025392287,1,50,49,2,-1,3,10,1,22,69,35
963,22,638,48,100,52,44,54,48,51,3,22,54,48,54,6,0.0009530617107457708,0.00976888253514415,40,68,28,2,3,3,4,2,83,56,20
964,276,892,98,100,2,96,96,92,92,0,96,96,92,92,0,0.041798563599850236,0.07324960005446067,95,99,4,2,2,2,3,29,81,1,3
965,136,342,82,98,16,184,184,83,83,0,136,184,82,91,9,0.014908608189523128,0.024881718234112803,77,87,10,3,2,2,10,8,1,20,12
966,16,632,33,100,67,30,90,32,48,16,16,90,33,68,35,0.0005446066918547262,0.016236087000919025,34,78,44,2,3,3,9,1,31,65,15
967,0,0,1,1,0,0,0,1,1,0,0,0,1,1,0,0.0,0.0,1,1,0,-1,-1,-1,11,0,38,92,79
968,100,100,69,69,0,100,100,55,55,0,100,100,69,69,0,0.049389019367575476,0.049389019367575476,97,97,0,-1,1,1,9,29,26,0,59
969,0,616,1,100,99,0,56,1,47,46,0,56,1,56,55,0.0,0.02467749072466728,1,87,86,2,-1,3,6,0,65,59,1
970,24,230,46,90,44,52,52,40,40,0,24,34,46,49,3,0.0010211375472276116,0.0017018959120460194,39,43,4,3,3,3,7,4,24,64,43
971,0,206,1,92,91,0,18,1,37,36,0,18,1,46,45,0.0,0.014261887742945642,1,77,76,3,-1,4,3,0,76,66,16
972,0,0,1,1,0,0,0,1,1,0,0,0,1,1,0,0.0,0.0,1,1,0,-1,-1,-1,12,0,14,85,81
973,0,616,1,100,99,0,82,1,55,54,0,82,1,64,63,0.0,0.024234997787535316,1,88,87,2,-1,3,7,0,62,67,11
974,2,103,29,78,49,7,7,29,29,0,2,2,29,29,0,0.00013615167296368154,0.00013615167296368154,32,32,0,5,5,5,4,1,47,65,60
975,98,200,70,89,19,60,60,49,49,0,60,60,57,57,0,0.012253650566731339,0.012798257258586064,76,76,0,4,3,3,5,8,50,8,49
976,2,208,27,92,65,6,26,27,35,8,2,18,27,41,14,3.4037918240920386e-05,0.0042547397801150485,26,53,27,3,5,4,5,2,63,58,38
977,60,676,61,100,39,80,80,70,70,0,60,80,62,73,11,0.010619830491167161,0.025085945743558324,72,88,16,2,3,3,5,5,45,25,18
978,6,622,29,100,71,27,54,30,35,5,6,38,29,49,20,3.4037918240920386e-05,0.0037441710065012424,27,52,25,2,4,3,10,1,1,95,28
979,231,847,92,100,8,206,206,91,91,0,206,206,93,93,0,0.018244324177133328,0.02569862827189489,80,88,8,2,2,2,9,15,28,19,25
980,134,340,79,96,17,80,80,53,53,0,80,80,60,60,0,0.010279451308757957,0.01245787807617686,70,75,5,3,3,3,5,9,52,31,90
981,0,0,1,1,0,0,0,1,1,0,0,0,1,1,0,0.0,0.0,1,1,0,-1,-1,-1,5,1,70,50,86
982,176,176,88,88,0,118,118,72,72,0,118,118,82,82,0,0.01317267435923619,0.01317267435923619,72,72,0,-1,2,2,9,14,23,14,36
983,0,0,1,1,0,0,0,1,1,0,0,0,1,1,0,0.0,0.0,1,1,0,-1,-1,-1,7,0,43,82,85
984,16,222,34,87,53,156,156,67,67,0,16,29,34,43,9,0.0030293747234419145,0.005446066918547262,49,55,6,3,3,3,16,3,9,46,73
985,100,100,59,59,0,100,100,46,46,0,100,100,59,59,0,0.01746145205759216,0.026821879573845263,77,88,11,2,1,1,11,3,5,54,32
986,100,100,64,64,0,100,100,49,49,0,100,100,64,64,0,0.054018176248340655,0.07655127812382995,99,100,1,1,1,1,8,27,42,10,19
987,190,291,91,96,5,150,150,85,85,0,150,150,89,89,0,0.01501072194424589,0.015146873617209572,78,78,0,5,2,2,7,14,46,14,55
988,0,616,1,100,99,0,50,1,45,44,0,50,1,52,51,0.0,0.014636304843595765,1,77,76,2,-1,3,5,0,50,80,18
989,420,1036,100,100,0,280,280,100,100,0,280,280,100,100,0,0.036624800027230335,0.042138942782259436,93,94,1,2,2,2,10,27,36,10,25
990,116,732,82,100,18,208,228,74,77,3,116,228,82,90,8,0.008951972497362062,0.019469689233806462,65,81,16,2,2,2,14,7,17,48,14
991,22,228,41,90,49,106,106,55,55,0,22,30,41,44,3,0.0013955546478777359,0.002280540522141666,39,46,7,3,3,3,14,2,16,74,51
992,0,206,1,88,87,0,23,1,32,31,0,14,1,36,35,0.0,0.0026209197045508697,1,46,45,3,-1,4,6,0,41,79,73
993,0,616,1,100,99,0,54,1,32,31,0,16,1,32,31,0.0,0.002110350930937064,1,44,43,2,-1,3,10,0,0,40,53
994,134,750,87,100,13,86,86,62,62,0,86,86,68,68,0,0.016236087000919025,0.02917049593246877,80,90,10,2,3,3,6,18,32,30,5
995,66,682,55,100,45,194,204,72,72,0,64,116,54,75,21,0.005650294427992784,0.009326389598012186,55,62,7,2,2,2,15,6,7,41,13
996,49,665,54,100,46,98,108,52,68,16,49,108,55,76,21,0.004356853534837809,0.017597603730555838,54,81,27,2,3,3,8,4,39,22,37
997,158,364,84,98,14,164,164,69,69,0,158,164,85,85,0,0.009598692943939549,0.009939072126348753,69,71,2,3,2,2,10,9,0,31,49
998,132,233,84,93,9,72,72,77,77,0,72,72,77,77,0,0.01756356581231492,0.017597603730555838,81,81,0,5,2,2,3,13,82,33,58
999,22,638,41,100,59,72,86,37,41,4,22,71,41,54,13,0.0018380475850097008,0.007794683277170768,43,59,16,2,3,3,11,2,5,83,57
