,FreeNet_pre_score,FreeNet_post_score,FreeNet_pre_rank,FreeNet_post_rank,FreeNet_delta_ranks,Reversed_pre_score,Reversed_post_score,Reversed_pre_rank,Reversed_post_rank,Reversed_delta_ranks,Independent_pre_score,Independent_post_score,Independent_pre_rank,Independent_post_rank,Independent_delta_ranks,Random_pre_score,Random_post_score,Random_pre_rank,Random_post_rank,Random_delta_ranks,dist_victim_relayer,dist_victim_vilain_pre,dist_victim_vilain_post,out_deg_victim,in_deg_villain,victim,villain,relayer
0,0,0,1,1,0,0,0,1,1,0,0,0,1,1,0,0.0,0.0,1,1,0,-1,-1,-1,2,0,97,36,86
1,16,222,35,92,57,108,108,62,62,0,16,24,35,45,10,0.0020763130126961434,0.0028932230504782326,44,48,4,3,3,3,8,1,15,53,51
2,0,102,1,74,73,0,17,1,26,25,0,2,1,25,24,0.0,0.00017018959120460194,1,29,28,4,-1,5,15,0,7,96,60
3,6,622,29,100,71,30,76,29,34,5,6,28,29,39,10,0.0002382654276864427,0.0032336022328874367,32,50,18,2,4,3,15,1,7,55,29
4,331,537,99,100,1,72,72,80,80,0,72,72,80,80,0,0.04322815616596889,0.049184791858129955,95,96,1,3,2,2,3,40,76,3,31
5,373,579,98,100,2,232,232,91,91,0,232,232,93,93,0,0.0339017665679567,0.03451444909629327,93,94,1,3,2,2,10,29,22,11,56
6,0,102,1,73,72,0,9,1,27,26,0,2,1,25,24,0.0,6.807583648184077e-05,1,28,27,4,-1,5,7,0,43,59,95
7,80,182,61,86,25,104,104,73,73,0,80,82,62,62,0,0.008951972497362062,0.009462541270975866,69,70,1,4,2,2,6,2,41,75,42
8,0,206,1,92,91,0,18,1,35,34,0,18,1,46,45,0.0,0.005684332346233704,1,58,57,3,-1,4,3,0,64,98,21
9,88,88,60,60,0,152,152,78,78,0,88,88,60,60,0,0.009054086252084823,0.009054086252084823,67,67,0,-1,2,2,8,4,42,38,92
10,58,674,54,100,46,136,180,63,69,6,58,178,54,83,29,0.0026889955410327104,0.01674665577453283,48,81,33,2,2,2,16,4,9,64,30
11,0,616,1,100,99,0,32,1,66,65,0,32,1,67,66,0.0,0.032336022328874364,1,94,93,2,-1,3,2,0,97,87,10
12,140,1740,85,100,15,128,128,90,90,0,128,128,90,90,0,0.018754892950747133,0.05306511453759488,81,97,16,1,2,2,5,8,63,20,10
13,7,623,36,100,64,18,28,36,41,5,7,28,36,50,14,0.0004765308553728854,0.00980292045338507,36,69,33,2,4,3,3,2,64,56,32
14,156,772,89,100,11,72,72,77,77,0,72,72,77,77,0,0.02365635317743967,0.026821879573845263,87,90,3,2,2,2,3,16,64,18,52
15,98,304,71,95,24,66,66,49,49,0,66,66,63,63,0,0.010177337554035196,0.014738418598318526,70,78,8,3,3,3,6,8,32,8,38
16,44,250,57,95,38,38,38,59,59,0,38,38,62,62,0,0.006875659484665918,0.00966676878042139,62,70,8,3,3,3,3,4,92,72,83
17,94,94,65,65,0,60,60,48,48,0,60,60,61,61,0,0.007250076585316042,0.007250076585316042,63,63,0,-1,3,3,5,9,63,31,96
18,252,354,95,99,4,64,64,64,64,0,64,64,67,67,0,0.03100854351747847,0.031178733108683073,90,90,0,4,3,3,4,29,77,1,88
19,174,380,86,98,12,232,232,94,94,0,174,182,87,89,2,0.014432077334150244,0.014602266925354846,78,78,0,3,2,2,10,8,0,17,56
20,40,40,49,49,0,150,150,70,70,0,40,40,49,49,0,0.004731270635487933,0.004731270635487933,56,56,0,-1,2,2,11,3,38,46,98
21,56,656,61,100,39,48,48,59,59,0,48,48,63,63,0,0.006399128629293032,0.025766704108376733,59,90,31,2,3,3,3,6,75,13,9
22,12,628,33,100,67,48,72,35,39,4,12,72,33,61,28,0.0009190237925048504,0.00789679703189353,39,64,25,2,4,3,10,3,12,51,31
23,167,269,89,93,4,112,112,92,92,0,112,112,92,92,0,0.020797168045202357,0.020797168045202357,85,85,0,4,2,2,4,15,83,19,60
24,100,100,60,60,0,100,100,52,52,0,100,100,60,60,0,0.03866707512168556,0.03866707512168556,95,95,0,-1,1,1,9,16,29,12,98
25,100,100,69,69,0,100,100,70,70,0,100,100,72,72,0,0.06776949521767249,0.06776949521767249,99,99,0,-1,1,1,6,40,65,3,76
26,6,622,30,100,70,12,44,30,48,18,6,44,30,53,23,0.0002042275094455223,0.009734844616903231,32,69,37,2,4,3,4,1,53,55,77
27,376,582,97,100,3,208,208,97,97,0,208,208,97,97,0,0.03369753905851118,0.03604615541713469,92,94,2,3,2,2,7,22,24,9,70
28,16,1656,34,100,66,40,104,32,57,25,16,62,34,54,20,0.00037441710065012424,0.011845195547840293,34,69,35,1,3,2,12,1,2,65,29
29,46,662,53,100,47,64,94,57,77,20,46,94,52,78,26,0.008577555396711936,0.03025970931617822,65,88,23,2,2,2,5,2,88,83,7
30,88,189,78,93,15,32,32,63,63,0,32,32,65,65,0,0.01232172640321318,0.01232172640321318,76,76,0,6,3,3,2,9,98,27,68
31,22,228,43,89,46,80,84,44,45,1,22,34,43,46,3,0.0028932230504782326,0.004356853534837809,49,51,2,3,3,3,9,2,54,75,83
32,0,206,1,88,87,0,18,1,30,29,0,10,1,33,32,0.0,0.0007147962830593281,1,36,35,3,-1,4,7,0,24,86,43
33,102,718,74,100,26,192,192,72,72,0,102,124,74,77,3,0.008271214132543654,0.0123557643214541,65,72,7,2,3,3,12,7,6,48,29
34,0,616,1,100,99,0,56,1,37,36,0,45,1,51,50,0.0,0.005956635692161067,1,58,57,2,-1,3,8,0,30,98,57
35,62,268,52,95,43,144,144,61,61,0,62,68,52,53,1,0.0036760951700194017,0.005820484019197386,50,54,4,3,2,2,10,3,0,54,90
36,192,293,88,95,7,144,144,94,94,0,144,144,94,94,0,0.02188638142891181,0.02219272269308009,82,83,1,5,2,2,6,18,71,5,55
37,6,6,31,31,0,8,8,31,31,0,6,6,31,31,0,0.00017018959120460194,0.00017018959120460194,30,30,0,-1,4,4,3,1,55,4,80
38,304,920,94,100,6,128,128,93,93,0,128,128,93,93,0,0.03158718812757412,0.038530923448721874,88,92,4,2,2,2,5,22,80,9,31
39,0,101,1,82,81,0,2,1,25,24,0,1,1,25,24,0.0,3.4037918240920386e-05,1,27,26,5,-1,6,2,0,90,79,95
40,100,100,63,63,0,100,100,56,56,0,100,100,63,63,0,0.05616256509751864,0.05813676435549202,98,99,1,3,1,1,7,30,24,7,94
41,78,78,69,69,0,88,88,76,76,0,78,78,75,75,0,0.00881582082439838,0.00881582082439838,66,66,0,-1,2,2,4,4,47,38,92
42,6,622,28,100,72,28,68,31,42,11,6,68,28,55,27,0.00037441710065012424,0.019946220089179345,31,80,49,2,4,3,8,1,27,88,10
43,222,222,94,94,0,206,206,95,95,0,206,206,96,96,0,0.02307770856734402,0.02307770856734402,84,84,0,-1,2,2,9,16,35,18,93
44,168,168,87,87,0,318,318,91,91,0,168,168,87,87,0,0.012662105585622384,0.012662105585622384,73,73,0,-1,2,2,16,6,4,77,59
45,135,341,85,95,10,236,236,85,85,0,135,141,85,85,0,0.0088498587426393,0.010041185881071514,65,67,2,3,2,2,13,8,13,57,53
46,0,1640,1,100,99,0,76,1,53,52,0,76,1,65,64,0.0,0.03744171006501242,1,95,94,1,-1,2,6,0,56,98,10
47,128,744,83,100,17,184,184,82,82,0,128,184,83,87,4,0.015419176963136935,0.020797168045202357,76,83,7,2,2,2,10,9,22,39,44
48,154,770,85,100,15,222,222,90,90,0,154,222,85,91,6,0.011300588855985567,0.026821879573845263,69,88,19,2,2,2,10,7,11,48,37
49,126,126,82,82,0,108,108,69,69,0,108,108,77,77,0,0.008543517478471017,0.008543517478471017,66,66,0,-1,3,3,8,13,39,24,87
50,0,206,1,92,91,0,30,1,38,37,0,20,1,44,43,0.0,0.006092787365124749,1,57,56,3,-1,4,5,0,88,86,72
51,98,98,72,72,0,80,80,68,68,0,80,80,72,72,0,0.012968446849790666,0.012968446849790666,74,74,0,-1,3,3,5,8,88,8,40
52,0,102,1,77,76,0,6,1,24,23,0,2,1,24,23,0.0,0.0,1,1,0,4,-1,5,5,1,50,45,95
53,92,708,69,100,31,80,90,65,70,5,80,90,68,72,4,0.00888389666088022,0.02324789815854862,66,83,17,2,2,2,6,7,69,48,6
54,22,22,43,43,0,70,70,38,38,0,22,22,43,43,0,0.0006807583648184077,0.0006807583648184077,38,38,0,-1,3,3,10,2,1,74,76
55,1,617,26,100,74,2,18,26,47,21,1,18,26,50,24,3.4037918240920386e-05,0.013955546478777357,27,79,52,2,6,3,2,2,90,58,37
56,154,360,83,95,12,120,120,78,78,0,120,120,78,78,0,0.011368664692467409,0.011709043874876613,71,71,0,3,2,2,6,13,41,24,56
57,0,616,1,100,99,0,110,1,56,55,0,104,1,75,74,0.0,0.01667857993805099,1,76,75,2,-1,3,14,0,25,92,30
58,18,224,44,93,49,62,62,46,46,0,18,38,44,50,6,0.0015657442390823377,0.005888559855679227,43,56,13,3,3,3,7,2,62,61,26
59,32,648,41,100,59,76,76,55,55,0,32,62,41,55,14,0.0028591851322373124,0.007420266176520644,42,60,18,2,3,3,6,2,51,52,38
60,100,100,69,69,0,100,100,87,87,0,100,100,87,87,0,0.057013513053541645,0.057013513053541645,99,99,0,4,1,1,4,18,83,30,65
61,459,1059,99,100,1,248,248,98,98,0,248,248,98,98,0,0.03880322679464924,0.04714251676367474,94,95,1,2,2,2,8,30,30,7,8
62,0,616,1,100,99,0,40,1,32,31,0,24,1,44,43,0.0,0.002110350930937064,1,44,43,2,-1,3,12,0,3,79,54
63,0,206,1,92,91,0,18,1,34,33,0,18,1,47,46,0.0,0.007216038667075122,1,60,59,3,-1,4,3,0,87,85,20
64,6,622,29,100,71,22,48,31,36,5,6,48,29,55,26,0.00010211375472276115,0.007590455767725246,29,59,30,2,4,3,7,1,24,4,14
65,224,430,95,100,5,56,56,85,85,0,56,56,85,85,0,0.04098165356206814,0.044759862486810305,95,97,2,3,2,2,2,27,90,10,47
66,100,100,58,58,0,100,100,35,35,0,100,100,59,59,0,0.03900745430409476,0.04846999557507063,94,98,4,1,1,1,17,22,20,9,62
67,44,660,54,100,46,50,60,49,51,2,44,60,54,55,1,0.007147962830593281,0.0374076721467715,61,91,30,2,3,3,5,4,61,38,2
68,0,1640,1,100,99,0,48,1,47,46,0,42,1,52,51,0.0,0.022601177711971135,1,86,85,1,-1,2,5,0,49,96,63
69,373,989,97,100,3,248,248,90,90,0,248,248,92,92,0,0.031655263964055956,0.038735150958167396,90,94,4,2,2,2,11,29,38,11,20
70,180,386,87,100,13,104,104,85,85,0,104,104,85,85,0,0.022737329384934817,0.027638789611627353,83,86,3,3,2,2,5,16,70,18,62
71,46,662,52,100,48,114,134,60,68,8,46,134,52,79,27,0.004118588107151367,0.018925082541951733,51,79,28,2,2,2,10,2,12,83,23
72,2,618,25,100,75,12,58,25,35,10,2,41,25,53,28,6.807583648184077e-05,0.006467204465774873,27,58,31,2,5,3,10,1,36,68,31
73,0,102,1,83,82,0,4,1,30,29,0,4,1,32,31,0.0,0.0005446066918547262,1,37,36,4,-1,5,2,0,90,36,43
74,0,0,1,1,0,0,0,1,1,0,0,0,1,1,0,0.0,0.0,1,1,0,-1,-1,-1,14,0,25,66,96
75,42,1682,48,100,52,130,208,61,72,11,42,208,48,90,42,0.0013955546478777359,0.025766704108376733,41,90,49,1,2,2,14,2,8,56,15
76,152,254,89,95,6,96,96,91,91,0,96,96,91,91,0,0.022396950202525613,0.02396269444160795,85,88,3,4,2,2,3,14,76,14,75
77,286,286,94,94,0,272,272,95,95,0,272,272,95,95,0,0.025222097416522007,0.025222097416522007,85,85,0,-1,2,2,11,16,5,18,99
78,0,0,1,1,0,0,0,1,1,0,0,0,1,1,0,0.0,0.0,1,1,0,-1,-1,-1,8,0,27,67,92
79,87,87,63,63,0,60,60,49,49,0,60,60,57,57,0,0.008509479560230097,0.008509479560230097,65,65,0,-1,3,3,5,8,50,44,85
80,0,0,1,1,0,0,0,1,1,0,0,0,1,1,0,0.0,0.0,1,1,0,-1,-1,-1,15,0,7,40,82
81,16,632,35,100,65,72,86,37,41,4,16,72,35,54,19,0.0014636304843595766,0.0061949011198475104,40,55,15,2,3,3,11,1,5,71,13
82,0,102,1,77,76,0,7,1,27,26,0,2,1,27,26,0.0,0.00010211375472276115,1,29,28,4,-1,5,4,0,84,82,88
83,0,206,1,93,92,0,14,1,34,33,0,14,1,42,41,0.0,0.0033016780693692774,1,48,47,3,-1,4,3,0,92,80,22
84,16,16,35,35,0,110,110,59,59,0,16,16,35,35,0,0.003437829742332959,0.003437829742332959,50,50,0,-1,3,3,10,1,36,90,91
85,12,218,36,93,57,30,30,41,41,0,12,30,36,51,15,0.002110350930937064,0.007828721195411689,45,65,20,3,4,4,5,2,70,61,48
86,76,276,70,97,27,48,48,59,59,0,48,48,63,63,0,0.00970080669866231,0.010960209673576363,72,74,2,3,3,3,3,6,75,77,54
87,182,182,86,86,0,120,120,77,77,0,120,120,84,84,0,0.01943565131556554,0.01943565131556554,82,82,0,-1,2,2,6,18,40,30,50
88,66,682,69,100,31,38,38,52,52,0,38,38,55,55,0,0.008203138296061813,0.013581129378127233,68,80,12,2,3,3,3,7,66,21,46
89,0,0,1,1,0,0,0,1,1,0,0,0,1,1,0,0.0,0.0,1,1,0,-1,-1,-1,2,0,93,91,50
90,24,640,49,100,51,40,50,45,49,4,24,50,49,53,4,0.0018380475850097008,0.008713707069675619,45,68,23,2,3,3,5,3,37,43,24
91,16,16,33,33,0,66,66,44,44,0,16,16,33,33,0,0.0018380475850097008,0.0018380475850097008,42,42,0,-1,3,3,6,1,40,53,79
92,0,0,1,1,0,0,0,1,1,0,0,0,1,1,0,0.0,0.0,1,1,0,-1,-1,-1,8,0,30,85,82
93,0,0,1,1,0,0,0,1,1,0,0,0,1,1,0,0.0,0.0,1,1,0,-1,-1,-1,5,1,88,45,91
94,315,521,96,100,4,96,96,90,90,0,96,96,90,90,0,0.04098165356206814,0.044759862486810305,94,95,1,3,2,2,3,29,82,11,62
95,100,100,69,69,0,100,100,69,69,0,100,100,71,71,0,0.06028115320467,0.06075768406004289,98,98,0,3,1,1,6,27,34,10,63
96,87,703,60,100,40,104,104,64,64,0,87,103,60,77,17,0.008373327887266415,0.009632730862180468,65,70,5,2,3,3,9,8,35,44,49
97,6,212,33,93,60,24,24,38,38,0,6,24,33,49,16,0.001055175465468532,0.007420266176520644,40,61,21,3,4,4,4,1,73,71,24
98,1,103,26,75,49,6,8,26,26,0,1,3,26,29,3,0.0,0.00017018959120460194,1,29,28,4,6,5,6,2,65,58,55
99,96,302,78,100,22,56,56,82,82,0,56,56,82,82,0,0.015521290717859695,0.01865277919602437,79,81,2,3,2,2,2,7,89,48,26
100,2,618,27,100,73,15,68,29,45,16,2,68,27,58,31,3.4037918240920386e-05,0.021614078082984444,26,84,58,2,5,3,8,1,21,95,16
101,316,916,99,100,1,342,342,95,95,0,316,342,99,99,0,0.02413288403281255,0.030804316008032948,88,91,3,2,2,2,16,15,9,16,31
102,124,740,83,100,17,114,114,64,64,0,114,114,81,81,0,0.010721944245889922,0.012968446849790666,71,74,3,2,3,3,9,14,31,32,71
103,210,826,89,100,11,182,182,83,83,0,182,182,86,86,0,0.014023622315259198,0.01773375540351952,75,78,3,2,2,2,9,14,54,14,41
104,108,724,78,100,22,182,182,87,87,0,108,126,78,84,6,0.011130399264780965,0.012968446849790666,70,71,1,2,2,2,9,5,23,25,52
105,0,0,1,1,0,0,0,1,1,0,0,0,1,1,0,0.0,0.0,1,1,0,-1,-1,-1,9,0,29,76,69
106,36,1676,53,100,47,66,110,49,76,27,35,110,53,80,27,0.004220701861874128,0.032540249838319886,55,91,36,1,3,2,6,6,44,41,14
107,10,10,41,41,0,12,12,37,37,0,12,12,41,41,0,0.0011913271384322134,0.0011913271384322134,40,40,0,-1,4,4,2,3,89,43,67
108,0,206,1,94,93,0,18,1,37,36,0,18,1,45,44,0.0,0.005786446100956465,1,60,59,3,-1,4,3,0,81,96,48
109,8,624,32,100,68,28,46,32,36,4,8,46,32,51,19,0.00037441710065012424,0.005616256509751864,32,54,22,2,4,3,6,2,40,63,13
110,0,102,1,76,75,0,12,1,26,25,0,2,1,26,25,0.0,0.0002042275094455223,1,30,29,4,-1,5,9,0,23,87,65
111,28,234,44,92,48,64,64,41,41,0,28,64,44,57,13,0.0017018959120460194,0.009088124170325743,42,67,25,3,3,3,9,3,31,43,32
112,0,1640,1,100,99,0,80,1,60,59,0,80,1,66,65,0.0,0.045746962115797,1,97,96,1,-1,2,6,0,56,59,2
113,0,0,1,1,0,0,0,1,1,0,0,0,1,1,0,0.0,0.0,1,1,0,-1,-1,-1,3,0,58,96,93
114,468,674,97,100,3,368,368,98,98,0,368,368,98,98,0,0.03761189965621702,0.03788420300214439,95,95,0,3,2,2,14,29,25,0,49
115,188,804,91,100,9,110,110,82,82,0,110,110,83,83,0,0.019095272133156337,0.02546036284420845,83,88,5,2,2,2,6,18,56,5,44
116,22,22,40,40,0,78,78,38,38,0,22,22,40,40,0,0.0011232513019503727,0.0011232513019503727,39,39,0,-1,3,3,12,2,6,74,93
117,100,100,69,69,0,100,100,66,66,0,100,100,72,72,0,0.05888559855679227,0.05888559855679227,99,99,0,6,1,1,6,30,44,7,68
118,22,123,41,80,39,48,48,36,36,0,22,23,41,43,2,0.0009190237925048504,0.0009870996289866913,37,38,1,5,3,3,9,2,35,74,78
119,66,272,69,98,29,38,38,52,52,0,38,38,55,55,0,0.008203138296061813,0.01695088328397835,68,81,13,3,3,3,3,7,66,21,19
120,0,616,1,100,99,0,74,1,43,42,0,74,1,56,55,0.0,0.022601177711971135,1,85,84,2,-1,3,8,1,27,50,1
121,68,170,68,93,25,62,62,80,80,0,62,62,81,81,0,0.00976888253514415,0.010926171755335444,69,69,0,4,2,2,3,7,94,62,61
122,88,294,60,97,37,164,164,77,77,0,88,96,60,62,2,0.007352190340038803,0.008747744987916539,61,66,5,3,2,2,10,7,36,62,83
123,182,782,88,100,12,196,196,77,77,0,196,196,89,89,0,0.012764219340345145,0.017087034956942034,73,77,4,2,2,2,12,14,3,32,62
124,88,688,56,100,44,276,276,79,79,0,88,276,56,93,37,0.008441403723748256,0.03100854351747847,59,91,32,2,2,2,17,4,20,38,7
125,1,617,25,100,75,2,18,25,52,27,1,18,25,53,28,3.4037918240920386e-05,0.009939072126348753,26,69,43,2,6,3,2,1,97,78,72
126,240,240,93,93,0,160,160,86,86,0,160,160,88,88,0,0.018993158378433576,0.018993158378433576,83,83,0,-1,2,2,7,18,24,5,36
127,100,100,66,66,0,100,100,45,45,0,100,100,66,66,0,0.028489737567650362,0.042955852820041523,88,95,7,2,1,1,10,8,1,8,6
128,168,168,92,92,0,56,56,76,76,0,56,56,77,77,0,0.028013206712277475,0.028013206712277475,91,91,0,-1,2,2,2,20,68,23,79
129,62,1702,54,100,46,160,184,68,73,5,62,121,54,75,21,0.004663194799006093,0.017597603730555838,53,76,23,1,2,2,11,6,5,70,28
130,107,313,82,97,15,72,72,83,83,0,72,72,83,83,0,0.01841451376833793,0.020933319718166036,84,84,0,3,2,2,3,9,58,39,73
131,2,104,28,81,53,6,6,30,30,0,2,5,28,31,3,0.00013615167296368154,0.0004765308553728854,30,36,6,4,5,5,3,1,76,55,56
132,12,218,41,94,53,16,20,33,35,2,12,20,41,50,9,0.001157289220191293,0.004731270635487933,39,56,17,3,4,4,4,3,78,51,73
133,391,991,100,100,0,168,168,97,97,0,168,168,97,97,0,0.03403791824092039,0.03672691378195309,94,94,0,2,2,2,6,30,59,7,46
134,118,324,79,96,17,126,126,80,80,0,126,126,83,83,0,0.012628067667381462,0.01320671227747711,74,74,0,3,2,2,7,9,62,27,71
135,100,100,79,79,0,100,100,98,98,0,100,100,98,98,0,0.11307396439633752,0.11463970863541986,100,100,0,4,1,1,2,30,91,7,83
136,22,222,41,93,52,48,48,36,36,0,22,25,41,45,4,0.0009190237925048504,0.0016338200755641784,37,42,5,3,3,3,9,2,35,74,43
137,0,101,1,82,81,0,2,1,25,24,0,1,1,25,24,0.0,0.0,1,1,0,6,-1,7,2,0,68,82,58
138,0,206,1,92,91,0,10,1,31,30,0,8,1,36,35,0.0,0.0022465026039007454,1,43,42,3,-1,4,3,0,85,36,75
139,0,206,1,93,92,0,14,1,34,33,0,14,1,42,41,0.0,0.004050512270669526,1,50,49,3,-1,4,3,0,92,98,28
140,100,100,66,66,0,100,100,52,52,0,100,100,66,66,0,0.03369753905851118,0.04632560672589264,91,95,4,2,1,1,8,13,15,33,30
141,254,460,92,99,7,190,190,91,91,0,190,190,91,91,0,0.025936893699581333,0.036080193335375606,87,96,9,3,2,2,8,15,27,16,12
142,381,381,100,100,0,96,96,89,89,0,96,96,89,89,0,0.04823173014738419,0.04823173014738419,96,96,0,-1,2,2,3,40,64,3,80
143,0,206,1,87,86,0,47,1,33,32,0,12,1,33,32,0.0,0.0020763130126961434,1,43,42,3,-1,4,14,0,16,98,83
144,0,0,1,1,0,0,0,1,1,0,0,0,1,1,0,0.0,0.0,1,1,0,-1,-1,-1,5,0,61,85,40
145,0,616,1,100,99,0,46,1,38,37,0,33,1,47,46,0.0,0.006467204465774873,1,61,60,2,-1,3,8,0,39,99,34
146,18,18,46,46,0,18,18,35,35,0,18,18,46,46,0,0.002212464685659825,0.002212464685659825,44,44,0,-1,4,4,3,3,58,54,96
147,66,66,69,69,0,48,48,65,65,0,48,48,68,68,0,0.011062323428299126,0.011062323428299126,72,72,0,-1,3,3,3,6,66,77,82
148,198,299,92,96,4,80,80,74,74,0,80,80,75,75,0,0.02825147213996392,0.02825147213996392,86,86,0,6,3,3,5,22,70,9,58
149,76,178,68,92,24,32,32,58,58,0,32,32,59,59,0,0.010075223799312433,0.010721944245889922,68,73,5,4,3,3,2,6,68,77,71
150,56,56,66,66,0,22,22,52,52,0,22,22,54,54,0,0.008509479560230097,0.008509479560230097,65,65,0,-1,3,3,2,9,86,31,98
151,183,285,89,93,4,94,94,72,72,0,94,94,73,73,0,0.02277136730317574,0.02294155689438034,85,85,0,4,2,2,5,16,80,18,4
152,0,616,1,100,99,0,32,1,63,62,0,32,1,63,62,0.0,0.018210286258892407,1,82,81,2,-1,3,2,0,89,81,5
153,100,100,77,77,0,100,100,97,97,0,100,100,97,97,0,0.06759930562646789,0.07818509819939412,99,99,0,2,1,1,3,12,55,37,5
154,100,100,65,65,0,100,100,75,75,0,100,100,77,77,0,0.06269784539977535,0.06314033833690731,100,100,0,3,1,1,5,22,61,9,71
155,100,100,58,58,0,100,100,35,35,0,100,100,59,59,0,0.0424112461281868,0.04329623200245073,97,97,0,2,1,1,17,29,20,0,61
156,0,1640,1,100,99,0,164,1,73,72,0,164,1,88,87,0.0,0.03996051601484053,1,94,93,1,-1,2,10,0,1,92,2
157,12,12,35,35,0,18,18,35,35,0,12,12,35,35,0,0.0014295925661186562,0.0014295925661186562,39,39,0,-1,4,4,3,2,94,61,85
158,0,616,1,100,99,0,34,1,33,32,0,24,1,47,46,0.0,0.002314578440382586,1,44,43,2,-1,3,8,0,30,40,54
159,0,616,1,100,99,0,40,1,39,38,0,40,1,48,47,0.0,0.01320671227747711,1,77,76,2,-1,3,5,1,52,45,30
160,72,72,67,67,0,38,38,55,55,0,38,38,58,58,0,0.008475441641989176,0.008475441641989176,67,67,0,-1,3,3,3,7,76,48,79
161,196,1836,88,100,12,176,200,75,83,8,176,200,87,88,1,0.020014295925661188,0.053609721229449604,83,100,17,1,3,2,11,16,33,18,1
162,59,159,56,82,26,118,118,64,64,0,59,59,56,56,0,0.007862759113652609,0.00789679703189353,64,65,1,4,2,2,9,6,54,73,60
163,66,682,65,100,35,28,38,48,56,8,28,38,54,58,4,0.005173763572619898,0.03104258143571939,56,91,35,2,3,3,3,6,55,28,10
164,0,0,1,1,0,0,0,1,1,0,0,0,1,1,0,0.0,0.0,1,1,0,-1,-1,-1,4,0,78,79,87
165,0,0,1,1,0,0,0,1,1,0,0,0,1,1,0,0.0,0.0,1,1,0,-1,-1,-1,11,0,19,86,67
166,246,452,95,100,5,72,72,83,83,0,72,72,83,83,0,0.035910003744171005,0.0402328193607679,93,95,2,3,2,2,3,29,58,11,62
167,12,212,37,93,56,14,14,34,34,0,12,14,37,39,2,0.0007488342013002485,0.001940161339732462,36,43,7,3,4,4,3,2,55,74,43
168,0,0,1,1,0,0,0,1,1,0,0,0,1,1,0,0.0,0.0,1,1,0,-1,-1,-1,6,0,41,81,91
169,22,124,46,87,41,28,28,43,43,0,22,24,46,48,2,0.002212464685659825,0.003199564314646516,48,50,2,4,3,3,3,2,66,75,71
170,16,16,37,37,0,68,68,46,46,0,16,16,37,37,0,0.003812246842983083,0.003812246842983083,53,53,0,-1,3,3,8,1,21,90,93
171,170,786,90,100,10,120,120,85,85,0,120,120,85,85,0,0.019469689233806462,0.0230436706491031,84,86,2,2,2,2,6,17,48,6,47
172,0,0,1,1,0,0,0,1,1,0,0,0,1,1,0,0.0,0.0,1,1,0,-1,-1,-1,3,0,55,59,89
173,0,206,1,88,87,0,16,1,30,29,0,8,1,34,33,0.0,0.0013615167296368155,1,41,40,3,-1,4,6,0,41,87,83
174,150,356,83,96,13,80,80,53,53,0,80,80,60,60,0,0.00980292045338507,0.012083460975526737,68,75,7,3,3,3,5,13,52,24,90
175,0,616,1,100,99,0,68,1,44,43,0,60,1,53,52,0.0,0.008066986623098132,1,61,60,2,-1,3,7,0,46,76,28
176,0,206,1,90,89,0,28,1,33,32,0,18,1,40,39,0.0,0.004561081044283332,1,51,50,3,-1,4,6,0,48,86,26
177,348,964,97,100,3,168,168,97,97,0,168,168,97,97,0,0.03631845876306205,0.053303379965281325,95,99,4,2,2,2,6,27,51,10,16
178,109,211,81,95,14,28,28,45,45,0,28,28,52,52,0,0.018482589604819768,0.019912182170938427,80,81,1,4,3,3,3,17,94,6,70
179,6,108,34,87,53,8,8,35,35,0,6,8,34,40,6,0.0006807583648184077,0.00445896728956057,38,53,15,4,4,4,2,2,97,42,38
180,16,117,44,82,38,48,48,54,54,0,16,17,43,46,3,0.0020763130126961434,0.002110350930937064,46,46,0,6,3,3,3,1,87,53,78
181,66,272,55,93,38,76,76,55,55,0,66,76,55,59,4,0.006126825283365669,0.009088124170325743,53,63,10,3,3,3,6,6,71,28,35
182,56,1696,56,100,44,108,142,71,78,7,56,120,56,80,24,0.003914360597705844,0.020082371762143027,50,80,30,1,2,2,9,2,26,61,47
183,98,98,78,78,0,48,48,64,64,0,48,48,66,66,0,0.011334626774226489,0.011334626774226489,69,69,0,-1,3,3,3,14,85,14,89
184,138,344,84,98,14,206,206,75,75,0,138,150,84,86,2,0.012185574730249497,0.013547091459886314,71,75,4,3,2,2,12,9,14,27,75
185,74,74,60,60,0,100,100,66,66,0,68,68,58,58,0,0.006024711528642908,0.006024711528642908,55,55,0,-1,2,2,6,6,51,41,79
186,0,616,1,100,99,0,22,1,41,40,0,22,1,44,43,0.0,0.00707988699411144,1,61,60,2,-1,3,2,0,91,99,47
187,0,102,1,81,80,0,5,1,27,26,0,3,1,28,27,0.0,0.000442492937131965,1,33,32,4,-1,5,3,1,82,45,63
188,100,306,73,99,26,78,78,78,78,0,78,78,78,78,0,0.011232513019503728,0.019571802988529223,69,83,14,3,2,2,4,7,67,21,33
189,61,677,57,100,43,130,150,67,71,4,61,150,57,83,26,0.005173763572619898,0.021409850573538922,58,82,24,2,3,3,10,6,11,35,12
190,0,206,1,92,91,0,18,1,33,32,0,6,1,30,29,0.0,0.0011913271384322134,1,39,38,3,-1,4,5,0,37,92,53
191,204,820,91,100,9,134,134,86,86,0,134,134,87,87,0,0.021035433472888797,0.026141121209026855,83,87,4,2,2,2,6,16,44,12,13
192,0,0,1,1,0,0,0,1,1,0,0,0,1,1,0,0.0,0.0,1,1,0,-1,-1,-1,5,0,88,84,96
193,132,732,78,100,22,190,190,74,74,0,132,190,78,86,8,0.010824058000612683,0.021137547227611558,71,84,13,2,2,2,11,9,5,27,12
194,100,100,79,79,0,100,100,98,98,0,100,100,98,98,0,0.09074509003029375,0.10160318594914736,99,99,0,2,1,1,2,15,68,19,5
195,6,108,31,77,46,17,18,31,32,1,6,8,31,34,3,0.00037441710065012424,0.0007488342013002485,34,37,3,4,4,4,7,1,62,60,49
196,70,70,59,59,0,128,128,67,67,0,70,70,59,59,0,0.006501242384015794,0.006501242384015794,59,59,0,-1,3,3,8,6,15,26,91
197,128,744,80,100,20,188,188,81,81,0,128,188,80,88,8,0.008509479560230097,0.01504475986248681,66,77,11,2,2,2,10,6,18,26,21
198,6,212,34,96,62,12,12,39,39,0,6,12,34,44,10,0.0022465026039007454,0.008713707069675619,46,67,21,3,4,4,2,3,93,46,77
199,6,622,29,100,71,18,36,30,35,5,6,29,29,47,18,0.00010211375472276115,0.0016338200755641784,29,39,10,2,4,3,7,1,43,65,64
200,6,622,29,100,71,28,58,33,37,4,6,54,29,53,24,0.00017018959120460194,0.006603356138738555,31,59,28,2,4,3,8,1,15,4,48
201,90,90,64,64,0,94,94,68,68,0,94,94,71,71,0,0.007726607440688927,0.007726607440688927,63,63,0,-1,2,2,5,6,50,13,84
202,0,206,1,93,92,0,20,1,34,33,0,12,1,38,37,0.0,0.003369753905851118,1,51,50,3,-1,4,4,0,73,97,29
203,0,206,1,90,89,0,12,1,29,28,0,8,1,36,35,0.0,0.001497668402600497,1,39,38,3,-1,4,5,0,80,97,51
204,149,765,84,100,16,190,190,80,80,0,149,190,84,88,4,0.016338200755641786,0.02188638142891181,75,85,10,2,2,2,11,12,33,37,38
205,2,618,27,100,73,5,28,30,43,13,2,28,27,50,23,6.807583648184077e-05,0.011709043874876613,27,73,46,2,5,3,3,1,92,95,14
206,66,1706,61,100,39,96,120,61,84,23,66,120,61,84,23,0.01055175465468532,0.04053916062493618,72,93,21,1,3,2,6,6,48,77,18
207,49,665,52,100,48,76,76,49,49,0,49,76,52,55,3,0.004050512270669526,0.011028285510058205,51,70,19,2,3,3,6,4,40,22,31
208,0,206,1,93,92,0,14,1,33,32,0,14,1,39,38,0.0,0.011743081793117532,1,74,73,3,-1,4,3,0,55,59,18
209,10,112,39,85,46,8,8,32,32,0,8,8,38,38,0,0.0020422750944552232,0.0026889955410327104,44,46,2,4,4,4,2,3,95,54,42
210,12,12,41,41,0,24,24,38,38,0,12,12,41,41,0,0.0005786446100956465,0.0005786446100956465,36,36,0,-1,4,4,4,2,72,63,76
211,222,838,94,100,6,206,206,95,95,0,206,206,96,96,0,0.02307770856734402,0.035603662480002726,84,94,10,2,2,2,9,16,35,18,5
212,50,666,54,100,46,82,82,50,50,0,50,82,54,64,10,0.005684332346233704,0.00888389666088022,56,65,9,2,3,3,7,6,43,26,22
213,32,238,51,92,41,64,64,41,41,0,32,41,51,54,3,0.002825147213996392,0.003778208924742163,49,52,3,3,3,3,8,2,57,75,43
214,100,100,67,67,0,100,100,57,57,0,100,100,67,67,0,0.04309200449300521,0.04544062085162871,97,97,0,3,1,1,8,16,21,18,73
215,56,1696,56,100,44,76,110,52,80,28,56,110,57,81,24,0.005990673610401988,0.05391606249361789,57,98,41,1,3,2,6,6,65,35,2
216,6,212,30,92,62,21,25,31,33,2,6,14,30,35,5,0.00013615167296368154,0.001055175465468532,31,38,7,3,4,4,9,1,35,4,64
217,22,228,43,92,49,58,58,39,39,0,22,28,43,49,6,0.002484768031587188,0.0027911092957554717,47,48,1,3,3,3,8,2,30,75,4
218,246,246,93,93,0,88,88,77,77,0,88,88,77,77,0,0.030736240171551108,0.030736240171551108,89,89,0,-1,2,2,4,22,79,9,91
219,6,108,32,82,50,10,10,32,32,0,6,10,32,37,5,0.0004084550188910446,0.001497668402600497,34,42,8,4,4,4,3,1,58,55,54
220,0,616,1,100,99,0,124,1,59,58,0,102,1,74,73,0.0,0.01501072194424589,1,77,76,2,-1,3,14,0,16,84,30
221,46,46,54,54,0,60,60,53,53,0,46,46,54,54,0,0.00439089145307873,0.00439089145307873,52,52,0,-1,3,3,5,6,49,28,97
222,94,300,63,94,31,104,104,73,73,0,94,104,69,78,9,0.007794683277170768,0.01501072194424589,59,80,21,3,2,2,5,6,52,26,32
223,325,325,95,95,0,120,120,78,78,0,120,120,78,78,0,0.03264236359304265,0.03264236359304265,91,91,0,-1,2,2,6,29,41,11,69
224,84,700,57,100,43,164,184,73,77,4,84,184,57,86,29,0.011164437183021887,0.019741992579733823,70,81,11,2,2,2,10,5,18,25,31
225,6,212,31,92,61,13,30,31,38,7,6,30,31,49,18,0.00017018959120460194,0.00445896728956057,30,51,21,3,4,4,5,1,37,65,72
226,0,206,1,92,91,0,14,1,31,30,0,6,1,31,30,0.0,0.0002382654276864427,1,31,30,3,-1,4,7,0,46,96,4
227,16,222,36,92,56,98,98,53,53,0,16,40,36,50,14,0.002586881786309949,0.007454304094761564,48,61,13,3,3,3,8,1,30,53,38
228,214,214,93,93,0,150,150,85,85,0,150,150,89,89,0,0.025766704108376733,0.025766704108376733,89,89,0,-1,2,2,7,15,46,16,85
229,462,668,98,100,2,312,312,98,98,0,312,312,98,98,0,0.037475747983253344,0.03965417475067225,97,97,0,3,2,2,12,29,2,11,75
230,0,0,1,1,0,0,0,1,1,0,0,0,1,1,0,0.0,0.0,1,1,0,-1,-1,-1,2,0,91,76,86
231,0,102,1,69,68,0,10,1,25,24,0,2,1,25,24,0.0,0.0,1,1,0,4,-1,5,9,0,29,40,95
232,32,648,47,100,53,80,110,42,58,16,32,110,47,77,30,0.002552843868069029,0.0158616699002689,47,81,34,2,3,3,10,2,36,75,5
233,52,252,53,94,41,92,92,51,51,0,52,52,53,53,0,0.0026889955410327104,0.0033016780693692774,48,50,2,3,2,2,8,3,15,43,71
234,319,919,95,100,5,104,104,81,81,0,104,104,84,84,0,0.03465060076925695,0.04401102828551006,89,95,6,2,2,2,5,30,61,7,17
235,16,632,39,100,61,46,56,40,44,4,16,52,39,57,18,0.0026209197045508697,0.009530617107457708,48,67,19,2,3,3,6,2,44,94,72
236,150,766,83,100,17,144,144,88,88,0,144,144,89,89,0,0.014806494434800367,0.03257428775656081,75,91,16,2,2,2,6,8,34,17,23
237,0,0,1,1,0,0,0,1,1,0,0,0,1,1,0,0.0,0.0,1,1,0,-1,-1,-1,4,0,84,79,66
238,0,101,1,83,82,0,2,1,24,23,0,1,1,24,23,0.0,0.0002382654276864427,1,33,32,5,-1,6,2,1,89,45,60
239,0,0,1,1,0,0,0,1,1,0,0,0,1,1,0,0.0,0.0,1,1,0,-1,-1,-1,6,0,51,79,45
240,78,694,60,100,40,94,94,68,68,0,78,94,64,70,6,0.009360427516253106,0.015997821573232582,69,78,9,2,2,2,5,7,50,62,25
241,1,207,25,93,68,3,14,25,31,6,1,14,25,38,13,6.807583648184077e-05,0.003778208924742163,27,51,24,3,6,4,3,1,82,78,26
242,45,45,60,60,0,22,22,54,54,0,22,22,54,54,0,0.0053439531638245,0.0053439531638245,57,57,0,-1,3,3,2,6,99,28,97
243,100,100,81,81,0,100,100,98,98,0,100,100,98,98,0,0.08271214132543654,0.08795398073453828,99,99,0,3,1,1,2,7,86,21,62
244,280,896,94,100,6,128,128,93,93,0,128,128,93,93,0,0.03638653459954389,0.045644848361074235,93,97,4,2,2,2,5,27,70,10,27
245,216,416,96,100,4,32,32,70,70,0,32,32,70,70,0,0.030497974743864665,0.032948704857210936,93,93,0,3,3,3,2,29,95,11,13
246,88,294,73,96,23,60,60,52,52,0,60,60,62,62,0,0.011334626774226489,0.011879233466081215,75,75,0,3,3,3,5,8,45,8,88
247,54,260,54,95,41,44,44,44,44,0,54,44,57,50,-7,0.005173763572619898,0.009224275843289425,53,64,11,3,3,3,4,4,67,72,47
248,78,694,69,100,31,56,56,76,76,0,56,56,77,77,0,0.010483678818203479,0.0313829606181286,72,91,19,2,2,2,2,4,68,72,0
249,106,1746,73,100,27,148,172,76,85,9,106,172,73,89,16,0.00878178290615746,0.0340719561591613,66,94,28,1,2,2,9,8,29,57,12
250,76,1716,63,100,37,70,94,63,74,11,70,94,66,74,8,0.006399128629293032,0.027604751693386432,61,88,27,1,3,2,5,6,49,13,61
251,0,616,1,100,99,0,56,1,37,36,0,45,1,51,50,0.0,0.007011811157629599,1,61,60,2,-1,3,8,0,30,81,57
252,204,204,90,90,0,200,200,94,94,0,200,200,93,93,0,0.02018448551686579,0.02018448551686579,83,83,0,-1,2,2,8,12,30,37,80
253,16,632,42,100,58,24,28,42,42,0,16,28,42,49,7,0.0007147962830593281,0.023894618605126112,37,90,53,2,3,3,3,1,75,88,1
254,64,270,62,96,34,54,54,59,59,0,64,54,67,63,-4,0.00707988699411144,0.014874570271282209,60,80,20,3,3,3,4,4,77,38,20
255,40,40,47,47,0,66,66,44,44,0,40,40,47,47,0,0.003437829742332959,0.003437829742332959,46,46,0,-1,2,2,6,1,51,71,87
256,100,100,63,63,0,100,100,39,39,0,100,100,63,63,0,0.0283876238129276,0.029510875114877974,90,90,0,3,1,1,14,12,17,37,54
257,62,164,70,92,22,32,32,69,69,0,32,32,69,69,0,0.008373327887266415,0.012594029749140543,68,75,7,4,3,3,2,7,90,21,31
258,0,206,1,92,91,0,11,1,30,29,0,8,1,36,35,0.0,0.00030634126416828345,1,33,32,3,-1,4,5,1,37,45,63
259,0,616,1,100,99,0,38,1,37,36,0,38,1,49,48,0.0,0.0068075836481840775,1,63,62,2,-1,3,6,0,48,79,24
260,12,218,35,89,54,38,54,34,37,3,12,32,35,44,9,0.0005105687736138058,0.005173763572619898,34,53,19,3,4,4,9,2,54,63,72
261,6,622,29,100,71,32,66,32,36,4,6,40,29,49,20,0.00017018959120460194,0.005446066918547262,32,56,24,2,4,3,10,1,1,60,72
262,233,439,93,98,5,182,182,88,88,0,182,182,92,92,0,0.02491575615235372,0.02648150039143606,88,89,1,3,2,2,9,20,29,23,70
263,6,1646,28,100,72,39,126,30,58,28,6,62,28,51,23,3.4037918240920386e-05,0.008135062459579971,26,60,34,1,4,2,17,1,20,60,29
264,8,109,39,84,45,12,12,35,35,0,8,12,39,42,3,0.002314578440382586,0.002314578440382586,49,49,0,6,4,4,2,2,86,83,58
265,6,108,30,76,46,23,23,30,30,0,6,9,30,33,3,0.0002382654276864427,0.000442492937131965,31,33,2,4,4,4,6,1,71,88,56
266,0,206,1,92,91,0,18,1,37,36,0,18,1,46,45,0.0,0.014329963579427483,1,75,74,3,-1,4,3,0,76,85,16
267,295,911,96,100,4,120,120,88,88,0,120,120,87,87,0,0.033425235712583816,0.04360257326661901,94,97,3,2,2,2,6,29,71,11,39
268,146,146,90,90,0,72,72,79,79,0,72,72,80,80,0,0.02038871302631131,0.02038871302631131,85,85,0,-1,2,2,3,16,75,12,87
269,0,0,1,1,0,0,0,1,1,0,0,0,1,1,0,0.0,0.0,1,1,0,-1,-1,-1,4,0,83,99,85
270,0,102,1,73,72,0,26,1,27,26,0,4,1,27,26,0.0,0.0002042275094455223,1,31,30,4,-1,5,16,0,4,81,63
271,0,102,1,77,76,0,18,1,28,27,0,2,1,25,24,0.0,0.00037441710065012424,1,35,34,4,-1,5,10,0,1,76,49
272,291,392,96,98,2,272,272,96,96,0,272,272,96,96,0,0.025902855781340415,0.025868817863099493,87,87,0,6,2,2,11,15,38,16,58
273,6,212,29,90,61,18,26,30,33,3,6,12,29,35,6,0.00010211375472276115,0.0012253650566731338,29,39,10,3,4,4,7,1,43,65,42
274,62,62,71,71,0,48,48,68,68,0,48,48,69,69,0,0.010960209673576363,0.010960209673576363,73,73,0,-1,3,3,3,6,81,77,79
275,0,0,1,1,0,0,0,1,1,0,0,0,1,1,0,0.0,0.0,1,1,0,-1,-1,-1,4,0,83,82,97
276,166,782,84,100,16,208,208,85,85,0,166,208,84,90,6,0.014874570271282209,0.021341774737057083,76,83,7,2,2,2,10,9,18,39,44
277,50,256,50,91,41,94,94,48,48,0,50,71,50,61,11,0.004663194799006093,0.010858095918853602,53,71,18,3,3,3,9,4,54,22,25
278,268,474,96,99,3,216,216,93,93,0,216,216,94,94,0,0.025188059498281085,0.02644746247319514,88,88,0,3,2,2,9,15,28,16,52
279,101,717,77,100,23,94,94,75,75,0,94,94,75,75,0,0.010313489226998877,0.01773375540351952,68,80,12,2,2,2,5,8,49,44,8
280,153,359,87,98,11,104,104,88,88,0,104,104,88,88,0,0.018312400013615168,0.021035433472888797,81,84,3,3,2,2,5,15,88,19,29
281,166,372,84,96,12,136,136,77,77,0,136,136,83,83,0,0.01592974573675074,0.021035433472888797,77,84,7,3,2,2,7,13,24,33,44
282,70,70,58,58,0,92,92,53,53,0,70,70,58,58,0,0.005616256509751864,0.005616256509751864,57,57,0,-1,3,3,7,6,24,28,59
283,133,133,87,87,0,72,72,84,84,0,72,72,84,84,0,0.01940161339732462,0.01940161339732462,83,83,0,-1,2,2,3,14,81,32,67
284,28,234,46,91,45,86,86,42,42,0,28,34,46,48,2,0.0016678579938050988,0.002212464685659825,43,45,2,3,3,3,10,3,1,54,42
285,76,282,63,93,30,134,134,72,72,0,76,134,63,81,18,0.009836958371625992,0.01494264610776405,70,76,6,3,3,3,9,6,31,77,34
286,229,229,97,97,0,56,56,80,80,0,56,56,81,81,0,0.03584192790768916,0.03584192790768916,94,94,0,-1,2,2,2,29,91,0,36
287,90,192,64,89,25,94,94,68,68,0,94,94,71,71,0,0.00891793457912114,0.009020048333843901,68,68,0,4,2,2,5,6,50,34,55
288,39,245,53,94,41,38,38,59,59,0,38,38,62,62,0,0.005514142755029102,0.009734844616903231,56,70,14,3,3,3,3,4,92,22,62
289,70,686,63,100,37,88,98,47,51,4,70,98,63,67,4,0.0053099152455835805,0.019129310051397258,58,81,23,2,3,3,8,6,39,26,6
290,82,183,69,90,21,64,64,70,70,0,64,64,70,70,0,0.011368664692467409,0.01153885428367201,69,69,0,5,3,3,4,8,84,20,55
291,32,133,51,83,32,64,64,41,41,0,32,33,51,52,1,0.002586881786309949,0.0026209197045508697,47,47,0,6,3,3,8,2,57,83,58
292,53,155,55,85,30,60,60,55,55,0,60,60,60,60,0,0.007216038667075122,0.007420266176520644,61,64,3,4,3,3,5,8,70,57,65
293,0,616,1,100,99,0,22,1,51,50,0,22,1,54,53,0.0,0.017359338302869398,1,82,81,2,-1,3,2,1,98,69,30
294,54,260,60,97,37,48,48,67,67,0,48,48,70,70,0,0.007113924912352361,0.01776779332176044,59,80,21,3,3,3,3,7,96,62,32
295,2,208,26,88,62,8,22,26,30,4,2,12,26,33,7,3.4037918240920386e-05,0.0014295925661186562,26,41,15,3,5,4,7,2,24,58,54
296,184,390,89,96,7,220,220,85,85,0,184,190,88,88,0,0.013615167296368155,0.015487252799618776,76,77,1,3,2,2,12,13,3,33,46
297,1,207,26,95,69,3,14,26,31,5,1,14,26,38,12,3.4037918240920386e-05,0.004595118962524252,27,51,24,3,6,4,3,2,94,58,35
298,1,1,26,26,0,2,2,26,26,0,1,1,26,26,0,3.4037918240920386e-05,3.4037918240920386e-05,26,26,0,-1,6,6,2,2,68,58,91
299,0,206,1,92,91,0,18,1,37,36,0,18,1,46,45,0.0,0.00796487286837537,1,63,62,3,-1,4,3,0,85,91,17
300,2,618,28,100,72,8,56,28,48,20,2,56,28,57,29,0.0002723033459273631,0.026958031246808945,32,89,57,2,5,3,6,1,69,55,0
301,84,290,70,96,26,38,38,53,53,0,38,38,55,55,0,0.011300588855985567,0.012491915994417782,72,74,2,3,3,3,3,8,64,8,61
302,6,212,31,92,61,22,30,34,38,4,6,30,31,49,18,0.0006126825283365669,0.010007147962830594,38,69,31,3,4,4,5,1,37,88,32
303,0,0,1,1,0,0,0,1,1,0,0,0,1,1,0,0.0,0.0,1,1,0,-1,-1,-1,16,0,4,79,96
304,214,814,91,100,9,192,192,91,91,0,192,192,91,91,0,0.02413288403281255,0.03114469519044215,87,92,5,2,2,2,9,17,26,6,25
305,118,734,85,100,15,72,72,84,84,0,72,72,84,84,0,0.017869907076483203,0.022430988120766535,82,85,3,2,2,2,3,9,85,39,94
306,86,702,70,100,30,70,70,67,67,0,70,70,71,71,0,0.01147077844719017,0.029544913033118896,72,89,17,2,3,3,5,6,70,77,7
307,38,140,46,84,38,186,186,66,66,0,38,38,46,46,0,0.0035059055788147996,0.003642057251778481,48,48,0,4,3,3,16,6,4,70,65
308,318,524,97,99,2,224,224,96,96,0,224,224,96,96,0,0.02467749072466728,0.026073045372545015,86,88,2,3,2,2,8,19,30,15,83
309,0,1640,1,100,99,0,80,1,53,52,0,80,1,62,61,0.0,0.030395860989141904,1,91,90,1,-1,2,6,0,48,81,18
310,164,265,88,94,6,104,104,86,86,0,104,104,87,87,0,0.02403077027808979,0.024064808196330712,86,86,0,5,2,2,5,20,49,23,95
311,40,1680,51,100,49,118,182,70,90,20,40,182,51,91,40,0.0053099152455835805,0.04312604241124613,54,95,41,1,2,2,9,1,35,90,11
312,56,56,56,56,0,126,126,69,69,0,56,56,56,56,0,0.006092787365124749,0.006092787365124749,58,58,0,-1,2,2,7,3,24,29,97
313,102,308,72,96,24,112,112,70,70,0,102,112,74,76,2,0.009734844616903231,0.015555328636100617,69,78,9,3,3,3,7,7,46,48,44
314,0,1640,1,100,99,0,150,1,67,66,0,150,1,82,81,0.0,0.03097450559923755,1,90,89,1,-1,2,11,0,19,76,11
315,2,1642,26,100,74,16,174,26,66,40,2,174,26,83,57,3.4037918240920386e-05,0.027162258756254467,26,90,64,1,5,2,15,1,7,78,10
316,0,1640,1,100,99,0,52,1,39,38,0,47,1,51,50,0.0,0.017869907076483203,1,80,79,1,-1,2,6,0,71,84,43
317,16,1656,35,100,65,90,164,45,73,28,16,164,35,85,50,0.0028932230504782326,0.03863303720344464,48,96,48,1,3,2,10,2,22,94,3
318,0,616,1,100,99,0,50,1,49,48,0,50,1,54,53,0.0,0.01858470335954253,1,80,79,2,-1,3,5,0,70,80,16
319,58,264,59,97,38,38,38,57,57,0,38,38,59,59,0,0.008611593314952858,0.015112835698968652,65,78,13,3,3,3,3,6,55,34,77
320,1,103,26,78,52,4,8,26,31,5,1,3,26,32,6,3.4037918240920386e-05,0.0011913271384322134,26,39,13,4,6,5,4,1,47,68,94
321,0,616,1,100,99,0,28,1,41,40,0,28,1,50,49,0.0,0.004765308553728854,1,55,54,2,-1,3,3,0,64,91,22
322,18,18,42,42,0,76,76,36,36,0,18,18,42,42,0,0.0007488342013002485,0.0007488342013002485,34,34,0,-1,3,3,13,2,13,63,96
323,0,102,1,82,81,0,4,1,29,28,0,4,1,31,30,0.0,0.0020082371762143027,1,46,45,4,-1,5,2,1,68,45,75
324,16,222,33,90,57,66,66,44,44,0,16,26,33,39,6,0.004152626025392287,0.005037611899656217,49,53,4,3,3,3,6,1,51,90,64
325,6,212,29,90,61,23,27,30,32,2,6,13,29,36,7,0.00010211375472276115,0.0004765308553728854,29,35,6,3,4,4,8,1,10,60,56
326,6,212,28,93,65,48,48,32,32,0,6,13,28,33,5,0.00034037918240920387,0.0012253650566731338,32,38,6,3,4,4,10,1,36,49,74
327,80,286,73,100,27,32,32,64,64,0,32,32,64,64,0,0.01232172640321318,0.03114469519044215,72,94,22,3,3,3,2,14,89,14,1
328,22,124,47,81,34,34,34,43,43,0,22,25,47,49,2,0.001157289220191293,0.001599782157323258,40,42,2,4,3,3,4,2,79,74,63
329,50,50,50,50,0,94,94,48,48,0,50,50,50,50,0,0.004663194799006093,0.004663194799006093,53,53,0,-1,3,3,9,4,54,22,59
330,1,617,26,100,74,2,22,26,41,15,1,22,26,45,19,3.4037918240920386e-05,0.01674665577453283,26,84,58,2,6,3,2,2,68,58,16
331,0,616,1,100,99,0,60,1,45,44,0,60,1,56,55,0.0,0.013819394805813677,1,75,74,2,-1,3,8,0,21,76,12
332,49,665,54,100,46,98,118,54,70,16,49,118,54,79,25,0.004561081044283332,0.018686817114265293,54,79,25,2,3,3,8,4,10,22,32
333,148,348,88,96,8,96,96,61,61,0,96,96,69,69,0,0.013138636440995268,0.013649205214609075,76,76,0,3,3,3,6,14,48,14,52
334,22,228,38,92,54,86,90,36,37,1,22,34,38,43,5,0.00037441710065012424,0.0017359338302869397,34,41,7,3,3,3,15,2,7,56,75
335,18,18,43,43,0,32,32,41,41,0,18,18,43,43,0,0.00088498587426393,0.00088498587426393,37,37,0,-1,3,3,5,2,45,63,98
336,0,0,1,1,0,0,0,1,1,0,0,0,1,1,0,0.0,0.0,1,1,0,-1,-1,-1,3,0,75,79,67
337,0,101,1,82,81,0,2,1,24,23,0,1,1,24,23,0.0,0.00013615167296368154,1,28,27,5,-1,6,2,1,91,45,65
338,105,305,81,97,16,48,48,54,54,0,48,48,56,56,0,0.011879233466081215,0.017087034956942034,73,80,7,3,3,3,3,14,87,32,25
339,32,632,40,100,60,94,94,38,38,0,32,36,40,43,3,0.0014295925661186562,0.002586881786309949,41,47,6,2,3,3,15,2,7,74,43
340,262,462,98,100,2,56,56,84,84,0,56,56,85,85,0,0.04115184315327275,0.05122706695258518,96,97,1,3,2,2,2,29,98,1,18
341,80,696,70,100,30,38,38,57,57,0,38,38,59,59,0,0.009122162088566664,0.03597807958065285,66,92,26,2,3,3,3,9,55,31,3
342,135,236,87,94,7,32,32,58,58,0,32,32,59,59,0,0.01872085503250621,0.018788930868988054,85,85,0,5,3,3,2,16,68,18,60
343,0,0,1,1,0,0,0,1,1,0,0,0,1,1,0,0.0,0.0,1,1,0,-1,-1,-1,3,0,75,89,59
344,14,14,47,47,0,12,12,35,35,0,12,12,43,43,0,0.0019061234214915416,0.0019061234214915416,46,46,0,-1,4,4,2,3,86,54,93
345,54,260,54,95,41,54,54,56,56,0,54,54,57,57,0,0.006535280302256714,0.007488342013002485,55,62,7,3,3,3,4,7,67,62,49
346,0,206,1,96,95,0,18,1,35,34,0,18,1,44,43,0.0,0.005446066918547262,1,56,55,3,-1,4,3,0,75,97,62
347,189,291,91,95,4,152,152,83,83,0,152,152,86,86,0,0.022328874366043774,0.022635215630212056,84,85,1,4,2,2,8,20,21,23,42
348,2,618,26,100,74,6,60,26,48,22,2,60,26,53,27,0.0,0.02392865652336703,1,89,88,2,5,3,5,1,52,68,1
349,158,158,84,84,0,142,142,72,72,0,142,142,83,83,0,0.00980292045338507,0.00980292045338507,69,69,0,-1,2,2,8,9,42,31,96
350,12,628,39,100,61,24,34,38,42,4,12,34,39,51,12,0.002995336805200994,0.006297014874570271,49,59,10,2,4,3,4,2,79,75,54
351,0,0,1,1,0,0,0,1,1,0,0,0,1,1,0,0.0,0.0,1,1,0,-1,-1,-1,3,0,94,67,89
352,205,805,92,100,8,120,120,83,83,0,120,120,85,85,0,0.0245413390517036,0.02746860002042275,88,90,2,2,2,2,6,15,59,16,41
353,46,662,60,100,40,48,48,63,63,0,48,48,64,64,0,0.008509479560230097,0.017903944994724124,67,81,14,2,3,3,3,5,82,25,20
354,62,268,66,98,32,38,38,51,51,0,38,38,54,54,0,0.008713707069675619,0.010109261717553355,65,69,4,3,3,3,3,9,94,31,43
355,200,816,89,100,11,254,254,90,90,0,200,254,89,92,3,0.01606589740971442,0.021409850573538922,76,82,6,2,2,2,12,13,14,33,72
356,16,632,36,100,64,54,82,42,47,5,16,82,36,58,22,0.0007488342013002485,0.024405187378739916,36,88,52,2,3,3,7,2,46,42,0
357,0,0,1,1,0,0,0,1,1,0,0,0,1,1,0,0.0,0.0,1,1,0,-1,-1,-1,3,0,75,82,93
358,100,100,80,80,0,100,100,98,98,0,100,100,98,98,0,0.0763130126961435,0.08070390414922224,99,99,0,3,1,1,2,6,93,70,38
359,0,616,1,100,99,0,64,1,59,58,0,64,1,61,60,0.0,0.027638789611627353,1,89,88,2,-1,3,4,0,83,93,1
360,0,101,1,82,81,0,3,1,24,23,0,1,1,24,23,0.0,0.0,1,1,0,5,-1,6,3,0,85,66,95
361,100,100,61,61,0,100,100,40,40,0,100,100,61,61,0,0.03652268627250757,0.041049729398549985,94,94,0,2,1,1,14,19,8,15,57
362,166,1806,84,100,16,252,296,81,88,7,166,296,84,94,10,0.01409169815174104,0.051533408216753465,73,98,25,1,2,2,14,8,16,8,3
363,78,78,59,59,0,180,180,76,76,0,78,78,59,59,0,0.007182000748834201,0.007182000748834201,59,59,0,-1,2,2,11,4,33,72,97
364,50,256,63,99,36,12,12,37,37,0,12,12,42,42,0,0.007011811157629599,0.012559991830899623,63,72,9,3,4,4,2,9,99,31,26
365,212,1812,90,100,10,166,166,83,83,0,166,166,88,88,0,0.013376901868681712,0.03213179481942884,75,90,15,1,2,2,8,14,15,32,8
366,0,206,1,92,91,0,11,1,33,32,0,6,1,33,32,0.0,0.0004084550188910446,1,35,34,3,-1,4,4,0,77,85,42
367,16,16,48,48,0,18,18,51,51,0,16,16,51,51,0,0.0011913271384322134,0.0011913271384322134,39,39,0,-1,3,3,2,2,98,42,82
368,0,102,1,74,73,0,22,1,28,27,0,2,1,25,24,0.0,0.00030634126416828345,1,33,32,4,-1,5,16,0,9,92,88
369,100,100,67,67,0,100,100,70,70,0,100,100,71,71,0,0.02906838217774601,0.029306647605432452,87,88,1,4,1,1,6,6,74,41,49
370,100,100,57,57,0,100,100,38,38,0,100,100,57,57,0,0.026277272881990537,0.04142414649920011,86,96,10,1,1,1,16,15,4,19,33
371,22,228,51,92,41,28,28,46,46,0,22,28,51,53,2,0.0021784267674189047,0.007113924912352361,47,59,12,3,3,3,3,2,87,52,44
372,16,16,36,36,0,70,70,54,54,0,16,16,36,36,0,0.003948398515946765,0.003948398515946765,53,53,0,-1,3,3,5,1,61,90,86
373,100,100,64,64,0,100,100,49,49,0,100,100,64,64,0,0.054018176248340655,0.07433881343817011,99,100,1,2,1,1,8,27,42,10,11
374,6,622,30,100,70,17,60,32,50,18,6,60,30,61,31,0.00010211375472276115,0.03179141563701964,29,89,60,2,4,3,5,1,80,95,2
375,276,892,93,100,7,248,248,89,89,0,248,248,92,92,0,0.019707954661492902,0.02130773681881616,83,84,1,2,2,2,11,17,5,6,64
376,1,102,25,86,61,2,2,25,25,0,1,2,25,28,3,3.4037918240920386e-05,0.00010211375472276115,26,28,2,6,6,6,2,1,97,78,68
377,0,0,1,1,0,0,0,1,1,0,0,0,1,1,0,0.0,0.0,1,1,0,-1,-1,-1,6,0,41,40,91
378,16,222,37,94,57,70,70,58,58,0,16,22,37,42,5,0.0025188059498281084,0.0032336022328874367,48,51,3,3,3,3,5,1,63,53,49
379,332,332,97,97,0,168,168,98,98,0,168,168,98,98,0,0.03761189965621702,0.03761189965621702,95,95,0,-1,2,2,6,29,34,0,80
380,0,102,1,84,83,0,4,1,28,27,0,4,1,31,30,0.0,0.0026549576227917903,1,47,46,4,-1,5,2,0,98,59,35
381,122,328,87,98,11,96,96,92,92,0,96,96,92,92,0,0.020354675108070392,0.02236291228428469,86,88,2,3,2,2,3,13,96,33,41
382,28,628,50,100,50,34,34,43,43,0,28,34,50,51,1,0.001157289220191293,0.009905034208107831,42,69,27,2,3,3,4,3,83,43,33
383,0,616,1,100,99,0,18,1,46,45,0,17,1,49,48,0.0,0.006773545729943157,1,64,63,2,-1,3,2,0,89,86,74
384,8,110,37,75,38,16,16,33,33,0,8,16,37,40,3,0.000442492937131965,0.002995336805200994,34,49,15,4,4,4,4,2,83,63,73
385,104,310,78,95,17,70,70,56,56,0,70,70,63,63,0,0.012253650566731339,0.016542428265087308,72,79,7,3,3,3,5,8,37,8,72
386,32,32,43,43,0,136,136,64,64,0,32,32,43,43,0,0.005105687736138058,0.005105687736138058,54,54,0,-1,3,3,11,3,33,29,69
387,135,751,84,100,16,128,128,90,90,0,128,128,90,90,0,0.01242384015793594,0.022703291466693896,73,88,15,2,2,2,5,8,63,44,33
388,18,119,42,82,40,76,76,36,36,0,18,19,42,42,0,0.0007488342013002485,0.0009190237925048504,34,35,1,5,3,3,13,2,13,63,55
389,82,288,74,98,24,56,56,84,84,0,56,56,84,84,0,0.01681473161101467,0.02215868477483917,78,86,8,3,2,2,2,6,86,34,48
390,371,371,97,97,0,184,184,96,96,0,184,184,96,96,0,0.03713536880084414,0.03713536880084414,92,92,0,-1,2,2,7,29,46,0,99
391,248,448,96,100,4,72,72,87,87,0,72,72,87,87,0,0.04142414649920011,0.0440791041219919,95,95,0,3,2,2,3,29,55,11,28
392,162,263,85,94,9,194,194,78,78,0,162,163,85,85,0,0.010960209673576363,0.011198475101262807,69,69,0,5,2,2,11,9,19,31,65
393,0,1640,1,100,99,0,102,1,65,64,0,102,1,75,74,0.0,0.03179141563701964,1,93,92,1,-1,2,8,0,21,84,15
394,16,222,36,93,57,80,84,43,47,4,16,41,36,51,15,0.0014636304843595766,0.005037611899656217,41,53,12,3,3,3,9,1,23,71,28
395,70,686,62,100,38,80,80,66,66,0,70,80,64,67,3,0.005241839409101739,0.015351101126655093,58,78,20,2,3,3,5,6,63,28,32
396,94,1734,64,100,36,118,152,72,79,7,94,152,64,85,21,0.00707988699411144,0.023418087749753225,64,87,23,1,2,2,9,6,23,26,48
397,16,222,37,94,57,56,56,45,45,0,16,23,37,48,11,0.0026549576227917903,0.003948398515946765,48,49,1,3,3,3,6,2,59,94,61
398,50,250,57,95,38,70,70,62,62,0,50,70,56,68,12,0.005548180673270023,0.009360427516253106,55,69,14,3,3,3,5,6,45,26,34
399,12,12,43,43,0,12,12,37,37,0,12,12,42,42,0,0.002757071377514551,0.002757071377514551,47,47,0,-1,4,4,2,2,99,83,69
400,40,40,47,47,0,52,52,35,35,0,40,40,47,47,0,0.0026549576227917903,0.0026549576227917903,44,44,0,-1,2,2,9,1,29,55,40
401,0,616,1,100,99,0,40,1,35,34,0,25,1,44,43,0.0,0.003437829742332959,1,48,47,2,-1,3,7,0,46,99,22
402,226,328,94,98,4,72,72,77,77,0,72,72,77,77,0,0.03311889444841554,0.0333911977943429,93,93,0,4,2,2,3,27,64,10,65
403,88,190,60,90,30,164,164,77,77,0,88,90,60,62,2,0.007352190340038803,0.007488342013002485,61,61,0,4,2,2,10,7,36,62,4
404,42,248,54,94,40,94,94,48,48,0,40,94,51,59,8,0.003437829742332959,0.009054086252084823,51,65,14,3,3,3,9,6,28,41,24
405,102,203,72,92,20,112,112,70,70,0,102,112,74,76,2,0.009734844616903231,0.009734844616903231,69,69,0,5,3,3,7,7,46,48,58
406,0,616,1,100,99,0,30,1,37,36,0,30,1,43,42,0.0,0.007318152421797883,1,59,58,2,-1,3,4,0,67,85,48
407,6,622,27,100,73,24,42,30,35,5,6,38,27,44,17,0.0009190237925048504,0.0053439531638245,35,53,18,2,4,3,6,2,51,42,26
408,0,0,1,1,0,0,0,1,1,0,0,0,1,1,0,0.0,0.0,1,1,0,-1,-1,-1,10,0,22,66,40
409,0,616,1,100,99,0,38,1,54,53,0,38,1,57,56,0.0,0.017972020831205963,1,83,82,2,-1,3,3,1,76,69,18
410,186,392,87,96,9,152,152,76,76,0,152,152,85,85,0,0.013819394805813677,0.014534191088873005,76,78,2,3,2,2,8,14,15,14,42
411,2,618,26,100,74,13,112,26,58,32,2,112,26,75,49,0.00010211375472276115,0.02130773681881616,30,82,52,2,5,3,12,1,3,78,10
412,104,720,75,100,25,174,174,76,76,0,104,174,75,85,10,0.006467204465774873,0.018210286258892407,57,79,22,2,2,2,10,5,18,47,6
413,16,118,39,82,43,28,28,40,40,0,16,20,39,46,7,0.0013615167296368155,0.0026549576227917903,40,48,8,4,3,3,3,2,82,42,52
414,12,218,37,92,55,26,30,35,38,3,12,30,37,48,11,0.0007828721195411688,0.008986010415602982,37,68,31,3,4,4,5,3,88,51,8
415,70,171,65,90,25,70,70,59,59,0,70,70,67,67,0,0.00622893903808843,0.006331052792811192,56,56,0,5,3,3,5,5,88,47,55
416,91,297,68,97,29,90,90,63,63,0,90,90,69,69,0,0.008475441641989176,0.012015385139044895,65,71,6,3,2,2,6,8,65,44,35
417,0,0,1,1,0,0,0,1,1,0,0,0,1,1,0,0.0,0.0,1,1,0,-1,-1,-1,9,1,23,45,59
418,18,120,47,87,40,22,22,47,47,0,18,22,50,51,1,0.003267640151128357,0.0046972327172470135,52,54,2,4,3,3,2,2,89,75,83
419,33,233,57,97,40,22,22,52,52,0,22,22,54,54,0,0.005105687736138058,0.011811157629599374,60,72,12,3,3,3,2,6,86,35,20
420,74,690,58,100,42,228,228,78,78,0,74,102,58,78,20,0.006739507811702236,0.010687906327649,60,68,8,2,2,2,14,4,17,22,26
421,2,2,28,28,0,8,8,30,30,0,2,2,28,28,0,6.807583648184077e-05,6.807583648184077e-05,28,28,0,-1,5,5,4,1,84,65,81
422,16,222,34,90,56,90,90,46,46,0,16,30,34,47,13,0.003369753905851118,0.005071649817897137,52,57,5,3,3,3,10,1,11,90,70
423,6,6,29,29,0,34,34,30,30,0,6,6,29,29,0,0.00013615167296368154,0.00013615167296368154,28,28,0,-1,4,4,13,1,13,65,91
424,0,206,1,92,91,0,26,1,35,34,0,26,1,49,48,0.0,0.009088124170325743,1,69,68,3,-1,4,5,0,37,98,32
425,100,100,64,64,0,100,100,45,45,0,100,100,64,64,0,0.06429762755709861,0.06998195990333231,100,100,0,2,1,1,10,36,18,2,38
426,100,100,59,59,0,100,100,45,45,0,100,100,59,59,0,0.06317437625514824,0.06671431975220396,99,100,1,3,1,1,10,40,0,3,73
427,100,100,61,61,0,100,100,40,40,0,100,100,61,61,0,0.02205657102011641,0.023520201504475986,83,88,5,2,1,1,14,9,8,27,83
428,0,616,1,100,99,0,58,1,34,33,0,16,1,31,30,0.0,0.0033016780693692774,1,50,49,2,-1,3,14,0,8,93,90
429,0,1640,1,100,99,0,56,1,83,82,0,56,1,84,83,0.0,0.06474012049423057,1,98,97,1,-1,2,2,0,98,40,23
430,66,272,57,95,38,112,112,66,66,0,64,72,57,60,3,0.00616086320160659,0.007828721195411689,58,62,4,3,2,2,8,6,21,41,75
431,2,618,27,100,73,4,22,27,41,14,2,22,27,44,17,0.0002723033459273631,0.012662105585622384,31,76,45,2,5,3,2,1,91,60,32
432,0,0,1,1,0,0,0,1,1,0,0,0,1,1,0,0.0,0.0,1,1,0,-1,-1,-1,5,1,49,45,59
433,100,100,70,70,0,100,100,68,68,0,100,100,73,73,0,0.03264236359304265,0.06279995915449811,90,100,10,1,1,1,6,7,48,62,18
434,22,1662,43,100,57,68,122,41,67,26,22,122,43,81,38,0.0005786446100956465,0.03424214575036591,36,92,56,1,3,2,8,2,30,56,11
435,0,206,1,96,95,0,8,1,32,31,0,8,1,37,36,0.0,0.0034718676605738795,1,49,48,3,-1,4,2,0,99,76,73
436,40,40,47,47,0,170,170,68,68,0,40,40,47,47,0,0.004799346471969774,0.004799346471969774,53,53,0,-1,2,2,16,1,9,90,80
437,101,307,78,95,17,100,100,68,68,0,100,100,73,73,0,0.008101024541339052,0.012253650566731339,65,75,10,3,2,2,6,8,48,57,26
438,101,101,76,76,0,138,138,71,71,0,101,101,76,76,0,0.009394465434494027,0.009394465434494027,69,69,0,-1,2,2,9,8,54,44,66
439,373,579,99,100,1,120,120,99,99,0,120,120,99,99,0,0.05265665951870384,0.06085979781476565,97,97,0,3,2,2,3,36,75,2,27
440,114,730,80,100,20,176,176,87,87,0,114,176,80,88,8,0.011845195547840293,0.024609414888185438,74,85,11,2,2,2,8,6,57,77,5
441,0,206,1,96,95,0,14,1,32,31,0,6,1,32,31,0.0,0.0020082371762143027,1,44,43,3,-1,4,3,0,75,66,94
442,16,222,36,92,56,88,88,47,47,0,16,24,36,43,7,0.003948398515946765,0.0053099152455835805,51,58,7,3,3,3,8,1,39,90,52
443,0,616,1,100,99,0,44,1,52,51,0,44,1,56,55,0.0,0.030634126416828347,1,91,90,2,-1,3,4,0,78,67,2
444,16,16,37,37,0,30,30,35,35,0,16,16,37,37,0,0.0006467204465774873,0.0006467204465774873,36,36,0,-1,3,3,6,1,48,88,80
445,70,276,67,96,29,54,54,55,55,0,54,54,60,60,0,0.006399128629293032,0.01153885428367201,59,70,11,3,3,3,4,6,84,26,57
446,98,98,68,68,0,66,66,50,50,0,66,66,61,61,0,0.011096361346540046,0.011096361346540046,71,71,0,-1,3,3,6,8,56,8,93
447,0,1640,1,100,99,0,90,1,62,61,0,90,1,67,66,0.0,0.04523639334218319,1,98,97,1,-1,2,6,0,65,97,2
448,42,248,53,95,42,44,44,49,49,0,40,44,52,53,1,0.003437829742332959,0.006501242384015794,52,57,5,3,3,3,4,6,53,41,73
449,210,410,97,100,3,22,22,54,54,0,22,22,54,54,0,0.02828551005820484,0.03104258143571939,92,94,2,3,3,3,2,29,99,1,28
450,44,660,52,100,48,66,66,44,44,0,44,66,52,56,4,0.005922597773920147,0.025970931617822254,54,88,34,2,3,3,6,7,51,62,0
451,40,1680,48,100,52,156,210,66,77,11,40,210,48,91,43,0.002995336805200994,0.025936893699581333,50,89,39,1,2,2,12,1,6,53,12
452,2,104,29,81,52,7,8,30,30,0,2,6,29,33,4,0.00010211375472276115,0.00034037918240920387,30,34,4,4,5,5,4,1,77,4,63
453,257,357,100,100,0,32,32,64,64,0,32,32,64,64,0,0.0424112461281868,0.042751625310596,98,98,0,4,3,3,2,36,89,2,42
454,46,252,57,96,39,38,38,53,53,0,38,38,55,55,0,0.0045270431260424114,0.005446066918547262,55,58,3,3,3,3,3,6,64,28,71
455,100,100,57,57,0,100,100,38,38,0,100,100,57,57,0,0.011402702610708328,0.011402702610708328,70,70,0,-1,1,1,16,2,4,56,91
456,151,252,87,95,8,78,78,77,77,0,78,78,79,79,0,0.020831205963443275,0.020933319718166036,82,82,0,5,2,2,4,16,78,12,55
457,134,750,80,100,20,166,166,88,88,0,134,166,83,90,7,0.013751318969331836,0.021546002246502605,75,82,7,2,2,2,8,6,21,77,27
458,1,102,26,78,52,4,4,26,26,0,1,2,26,28,2,3.4037918240920386e-05,6.807583648184077e-05,26,29,3,5,6,6,4,2,47,58,55
459,240,840,97,100,3,96,96,92,92,0,96,96,92,92,0,0.03669287586371218,0.04663194799006093,95,95,0,2,2,2,3,22,96,9,20
460,0,616,1,100,99,0,46,1,30,29,0,18,1,38,37,0.0,0.0018720855032506212,1,42,41,2,-1,3,14,0,8,84,83
461,22,228,47,93,46,54,54,54,54,0,22,54,47,57,10,0.00445896728956057,0.012185574730249497,55,74,19,3,3,3,4,3,47,29,17
462,16,16,42,42,0,28,28,45,45,0,16,16,42,42,0,0.003267640151128357,0.003267640151128357,50,50,0,-1,3,3,3,3,58,46,40
463,396,602,98,100,2,192,192,99,99,0,192,192,99,99,0,0.04571292419755608,0.04836788182034787,95,95,0,3,2,2,6,30,32,7,70
464,24,126,44,81,37,86,86,41,41,0,24,26,44,45,1,0.001497668402600497,0.0016678579938050988,41,41,0,4,3,3,11,3,38,43,4
465,16,16,38,38,0,64,64,40,40,0,16,16,38,38,0,0.0006126825283365669,0.0006126825283365669,35,35,0,-1,3,3,9,1,54,49,80
466,112,318,80,95,15,252,252,85,85,0,112,118,80,82,2,0.007420266176520644,0.007590455767725246,61,61,0,3,2,2,14,4,17,72,95
467,6,622,32,100,68,18,38,35,48,13,6,38,32,53,21,0.0009190237925048504,0.009870996289866912,39,70,31,2,4,3,3,1,87,71,21
468,80,696,72,100,28,56,56,80,80,0,56,56,81,81,0,0.012628067667381462,0.017325300384628477,75,81,6,2,2,2,2,7,91,21,51
469,0,0,1,1,0,0,0,1,1,0,0,0,1,1,0,0.0,0.0,1,1,0,-1,-1,-1,9,0,28,67,89
470,68,68,65,65,0,78,78,75,75,0,68,68,76,76,0,0.009292351679771264,0.009292351679771264,67,67,0,-1,2,2,4,4,77,72,40
471,6,622,31,99,68,66,86,37,41,4,6,62,31,55,24,0.001055175465468532,0.005548180673270023,39,57,18,2,4,3,11,1,19,71,13
472,62,678,56,100,44,128,128,67,67,0,62,90,56,59,3,0.004016474352428605,0.007318152421797883,52,61,9,2,2,2,9,6,28,70,35
473,134,134,81,81,0,92,92,55,55,0,92,92,67,67,0,0.009734844616903231,0.009734844616903231,69,69,0,-1,3,3,7,9,43,31,80
474,237,437,91,99,8,232,232,91,91,0,232,232,93,93,0,0.026004969536063176,0.029408761360155213,90,91,1,3,2,2,10,20,22,23,72
475,130,231,88,96,8,96,96,90,90,0,96,96,90,90,0,0.021477926410020762,0.021546002246502605,88,88,0,5,2,2,3,8,75,20,65
476,0,101,1,83,82,0,2,1,24,23,0,1,1,24,23,0.0,3.4037918240920386e-05,1,26,25,6,-1,7,2,0,93,84,58
477,96,712,65,100,35,114,134,67,76,9,96,134,65,83,18,0.0068075836481840775,0.023622315259198747,57,87,30,2,3,3,9,6,35,13,6
478,6,622,31,100,69,10,38,31,51,20,6,38,31,54,23,0.00013615167296368154,0.01667857993805099,30,82,52,2,4,3,3,1,66,4,30
479,6,108,29,76,47,32,32,35,35,0,6,11,29,34,5,0.0005105687736138058,0.0013274788113958951,35,39,4,4,4,4,6,1,59,49,43
480,2,208,27,94,67,6,14,29,32,3,2,10,27,38,11,0.0002042275094455223,0.0021784267674189047,31,47,16,3,5,4,3,1,66,65,70
481,18,120,48,84,36,38,38,55,55,0,18,38,47,57,10,0.0017359338302869397,0.002995336805200994,41,51,10,4,3,3,3,2,76,61,52
482,0,102,1,82,81,0,6,1,31,30,0,4,1,31,30,0.0,0.0007828721195411688,1,36,35,4,-1,5,3,0,60,85,43
483,0,616,1,100,99,0,30,1,45,44,0,29,1,54,53,0.0,0.00704584907587052,1,61,60,2,-1,3,4,0,78,80,22
484,37,243,54,93,39,56,56,45,45,0,37,56,54,57,3,0.0048674223084516155,0.010517716736444398,57,69,12,3,3,3,6,6,44,35,34
485,22,228,40,93,53,76,76,36,36,0,22,29,40,46,6,0.0007488342013002485,0.0011232513019503727,37,38,1,3,3,3,12,2,6,63,56
486,16,222,36,92,56,68,68,41,41,0,16,42,36,51,15,0.0028591851322373124,0.006297014874570271,50,59,9,3,3,3,8,2,30,94,35
487,20,20,45,45,0,32,32,58,58,0,32,32,60,60,0,0.0022465026039007454,0.0022465026039007454,46,46,0,-1,3,3,2,3,91,43,92
488,164,780,87,100,13,190,200,92,93,1,164,200,87,93,6,0.01579359406378706,0.036760951700194014,80,92,12,2,2,2,8,8,57,17,9
489,0,616,1,100,99,0,52,1,39,38,0,52,1,50,49,0.0,0.01773375540351952,1,80,79,2,-1,3,6,0,56,96,9
490,73,279,64,96,32,70,70,62,62,0,70,70,69,69,0,0.007760645358929848,0.008271214132543654,63,65,2,3,3,3,5,8,45,57,88
491,16,16,38,38,0,72,72,49,49,0,16,16,38,38,0,0.0021784267674189047,0.0021784267674189047,46,46,0,-1,3,3,7,1,62,53,98
492,0,206,1,92,91,0,18,1,34,33,0,18,1,47,46,0.0,0.010211375472276116,1,70,69,3,-1,4,3,0,87,89,37
493,94,94,59,59,0,166,166,67,67,0,94,94,59,59,0,0.006297014874570271,0.006297014874570271,59,59,0,-1,2,2,12,6,6,28,84
494,22,638,45,100,55,40,80,44,67,23,22,80,45,71,26,0.0014636304843595766,0.030361823070900983,44,88,44,2,3,3,5,2,88,61,11
495,300,916,100,100,0,56,56,86,86,0,56,56,86,86,0,0.051499370298512544,0.06487627216719426,98,98,0,2,2,2,2,36,95,2,12
496,335,335,96,96,0,104,104,88,88,0,104,104,88,88,0,0.04183260151809115,0.04183260151809115,96,96,0,-1,2,2,5,40,88,3,91
497,32,648,40,100,60,94,108,38,56,18,32,48,40,48,8,0.0014295925661186562,0.002484768031587188,41,47,6,2,3,3,15,2,7,74,49
498,22,22,40,40,0,58,58,35,35,0,22,22,40,40,0,0.00030634126416828345,0.00030634126416828345,33,33,0,-1,3,3,10,2,11,63,96
499,106,1746,73,100,27,148,192,76,93,17,106,192,73,93,20,0.00878178290615746,0.04009666768780421,66,95,29,1,2,2,9,8,29,57,7
500,0,0,1,1,0,0,0,1,1,0,0,0,1,1,0,0.0,0.0,1,1,0,-1,-1,-1,2,0,68,97,89
501,0,101,1,79,78,0,9,1,25,24,0,1,1,25,24,0.0,0.00010211375472276115,1,29,28,5,-1,6,9,0,26,98,60
502,104,104,76,76,0,132,132,74,74,0,104,104,76,76,0,0.008305252050784574,0.008305252050784574,65,65,0,-1,2,2,8,6,21,26,99
503,0,1640,1,100,99,0,100,1,44,43,0,100,1,64,63,0.0,0.018040096667687803,1,80,79,1,-1,2,10,0,12,66,32
504,100,100,68,68,0,100,100,63,63,0,100,100,68,68,0,0.04785731304673406,0.04785731304673406,98,98,0,-1,1,1,6,16,41,18,87
505,0,102,1,74,73,0,19,1,27,26,0,2,1,25,24,0.0,0.00013615167296368154,1,27,26,4,-1,5,16,0,9,92,4
506,204,410,90,100,10,110,110,77,77,0,110,110,81,81,0,0.021069471391129718,0.02277136730317574,83,84,1,3,2,2,6,16,74,12,46
507,70,686,57,100,43,130,140,65,68,3,70,140,57,83,26,0.005718370264474625,0.021580040164743523,56,86,30,2,3,3,10,5,36,47,16
508,39,655,55,100,45,22,32,42,57,15,22,32,45,59,14,0.003948398515946765,0.01589570781850982,51,81,30,2,3,3,2,4,91,22,32
509,26,1666,47,100,53,94,192,39,73,34,26,192,47,88,41,0.0038462847612240037,0.03802035467510807,51,93,42,1,3,2,13,6,13,73,11
510,0,616,1,100,99,0,46,1,47,46,0,46,1,53,52,0.0,0.0160318594914735,1,79,78,2,-1,3,5,0,49,86,30
511,100,100,77,77,0,100,100,97,97,0,100,100,97,97,0,0.06759930562646789,0.06821198815480445,99,99,0,4,1,1,3,12,55,37,71
512,16,632,37,100,63,56,66,44,50,6,16,38,37,51,14,0.0018040096667687805,0.005956635692161067,45,56,11,2,3,3,6,1,34,53,29
513,134,235,83,93,10,76,76,54,54,0,76,76,61,61,0,0.010687906327649,0.010790020082371761,70,70,0,5,3,3,6,14,44,32,65
514,0,0,1,1,0,0,0,1,1,0,0,0,1,1,0,0.0,0.0,1,1,0,-1,-1,-1,4,0,53,93,86
515,454,556,98,98,0,334,334,99,99,0,334,334,99,99,0,0.03812246842983083,0.038224582184553595,95,95,0,4,2,2,11,29,5,0,65
516,100,100,69,69,0,100,100,87,87,0,100,100,87,87,0,0.057013513053541645,0.05912386398447871,99,99,0,3,1,1,4,18,83,30,46
517,16,632,36,100,64,74,74,45,45,0,16,64,36,56,20,0.0023486163586235067,0.011164437183021887,47,71,24,2,3,3,9,1,35,53,20
518,156,362,89,98,9,72,72,77,77,0,72,72,77,77,0,0.02365635317743967,0.026992069165049867,87,90,3,3,2,2,3,16,64,18,38
519,22,228,40,89,49,74,78,35,36,1,22,34,40,43,3,0.0011232513019503727,0.0020082371762143027,39,43,4,3,3,3,14,3,25,51,52
520,0,102,1,76,75,0,19,1,25,24,0,2,1,25,24,0.0,3.4037918240920386e-05,1,25,24,4,-1,5,17,0,20,89,60
521,90,706,74,100,26,28,28,48,48,0,28,28,54,54,0,0.010755982164130842,0.013989584397018279,70,76,6,2,3,3,3,14,55,32,53
522,0,101,1,72,71,0,8,1,23,22,0,1,1,23,22,0.0,6.807583648184077e-05,1,28,27,5,-1,6,8,0,42,67,78
523,8,110,35,79,44,28,28,34,34,0,8,10,35,36,1,0.00037441710065012424,0.0004765308553728854,35,35,0,4,4,4,6,2,32,63,60
524,0,616,1,100,99,0,58,1,37,36,0,36,1,49,48,0.0,0.004493005207801491,1,54,53,2,-1,3,8,0,15,98,47
525,0,616,1,100,99,0,29,1,34,33,0,16,1,35,34,0.0,0.004493005207801491,1,49,48,2,-1,3,6,0,56,97,90
526,159,261,90,94,4,88,88,80,80,0,88,88,80,80,0,0.025290173253003846,0.02546036284420845,87,87,0,4,2,2,4,16,84,18,4
527,100,100,72,72,0,100,100,79,79,0,100,100,80,80,0,0.03543347288879812,0.03543347288879812,93,93,0,-1,1,1,5,6,37,73,69
528,110,316,77,97,20,90,90,67,67,0,90,90,70,70,0,0.009122162088566664,0.01242384015793594,64,70,6,3,2,2,6,13,71,24,35
529,40,240,54,91,37,54,54,52,52,0,54,54,55,55,0,0.006058749446883829,0.008305252050784574,57,65,8,3,3,3,4,6,83,26,29
530,100,100,71,71,0,100,100,76,76,0,100,100,77,77,0,0.08077197998570407,0.09571462609346812,100,100,0,1,1,1,5,36,50,2,42
531,40,656,47,100,53,71,152,33,59,26,40,132,47,84,37,0.001497668402600497,0.013819394805813677,40,78,38,2,2,2,16,1,4,95,30
532,6,622,28,100,72,27,54,28,34,6,6,44,28,52,24,0.00034037918240920387,0.006297014874570271,32,60,28,2,4,3,10,1,36,65,35
533,14,220,45,97,52,12,12,35,35,0,12,12,42,42,0,0.0019061234214915416,0.01960584090677014,45,84,39,3,4,4,2,3,98,54,7
534,16,632,38,100,62,33,74,33,40,7,16,48,38,49,11,0.00013615167296368154,0.00527587732734266,31,53,22,2,3,3,9,1,54,95,26
535,32,1672,48,100,52,34,100,40,76,36,32,100,48,76,28,0.0028591851322373124,0.028932230504782327,48,90,42,1,3,2,6,2,69,75,73
536,262,862,95,100,5,208,208,89,89,0,208,208,94,94,0,0.021682153919466287,0.026107083290785937,86,88,2,2,2,2,10,19,36,15,57
537,62,1702,54,100,46,102,126,64,67,3,62,126,54,81,27,0.0024507301133462676,0.02117158514585248,46,82,36,1,2,2,8,4,30,64,14
538,78,180,69,91,22,48,48,60,60,0,48,48,63,63,0,0.011811157629599374,0.013070560604513427,70,74,4,4,3,3,3,8,58,17,83
539,28,1668,43,100,57,80,144,42,60,18,28,144,43,78,35,0.0019061234214915416,0.042751625310596,44,95,51,1,3,2,10,3,0,43,3
540,2,208,28,96,68,3,8,28,33,5,2,8,28,39,11,0.00013615167296368154,0.002212464685659825,31,45,14,3,5,4,2,1,93,55,52
541,0,616,1,99,98,0,112,1,57,56,0,86,1,55,54,0.0,0.006535280302256714,1,56,55,2,-1,3,17,0,20,80,24
542,0,0,1,1,0,0,0,1,1,0,0,0,1,1,0,0.0,0.0,1,1,0,-1,-1,-1,3,0,64,89,97
543,16,16,36,36,0,52,52,40,40,0,16,16,36,36,0,0.0032336022328874367,0.0032336022328874367,43,43,0,-1,3,3,6,1,71,90,67
544,2,618,26,100,74,11,70,27,39,12,2,70,26,57,31,0.00010211375472276115,0.016133973246196264,28,77,49,2,5,3,9,1,29,68,23
545,80,696,60,100,40,180,180,80,80,0,80,180,60,86,26,0.009564655025698629,0.030804316008032948,67,89,22,2,2,2,11,5,38,25,10
546,241,857,92,100,8,232,232,92,92,0,232,232,93,93,0,0.018754892950747133,0.025902855781340415,82,87,5,2,2,2,10,15,1,19,25
547,2,208,28,92,64,8,16,32,32,0,2,16,28,44,16,0.00034037918240920387,0.003608019333537561,35,52,17,3,5,4,4,1,78,4,26
548,82,182,66,90,24,78,78,78,78,0,78,78,78,78,0,0.010994247591817285,0.011504816365431091,68,70,2,4,2,2,4,7,67,48,74
549,0,0,1,1,0,0,0,1,1,0,0,0,1,1,0,0.0,0.0,1,1,0,-1,-1,-1,9,0,35,97,92
550,38,244,49,95,46,98,98,52,52,0,38,98,49,67,18,0.003608019333537561,0.007998910786616291,49,65,16,3,3,3,8,6,39,70,57
551,227,827,92,100,8,144,144,94,94,0,144,144,94,94,0,0.02831954797644576,0.03744171006501242,90,96,6,2,2,2,6,20,71,23,39
552,6,212,29,90,61,32,36,34,35,1,6,18,29,39,10,0.00013615167296368154,0.0014636304843595766,31,40,9,3,4,4,8,1,10,4,52
553,16,1656,32,100,68,48,178,33,69,36,16,178,32,87,55,0.0002723033459273631,0.02757071377514551,31,90,59,1,3,2,14,1,8,95,7
554,102,102,83,83,0,72,72,84,84,0,72,72,84,84,0,0.014704380680077607,0.014704380680077607,78,78,0,-1,2,2,3,7,85,48,82
555,0,1640,1,100,99,0,134,1,66,65,0,134,1,83,82,0.0,0.0313829606181286,1,88,87,1,-1,2,10,0,36,93,1
556,276,892,95,100,5,192,192,100,100,0,192,192,100,100,0,0.034140031995643146,0.050614384424248614,94,97,3,2,2,2,6,20,56,23,9
557,22,638,42,100,58,102,112,56,59,3,22,40,42,46,4,0.0013955546478777359,0.003267640151128357,40,51,11,2,3,3,12,2,2,61,51
558,114,114,79,79,0,176,176,87,87,0,114,114,80,80,0,0.012253650566731339,0.012253650566731339,72,72,0,-1,2,2,8,5,39,25,87
559,0,206,1,86,85,0,52,1,33,32,0,6,1,26,25,0.0,0.002484768031587188,1,45,44,3,-1,4,14,0,25,98,90
560,2,208,28,94,66,9,22,31,32,1,2,22,28,45,17,3.4037918240920386e-05,0.003608019333537561,26,51,25,3,5,4,5,1,45,95,28
561,0,206,1,90,89,0,14,1,27,26,0,8,1,31,30,0.0,0.001055175465468532,1,35,34,3,-1,4,6,0,51,40,74
562,121,121,79,79,0,178,178,78,78,0,121,121,79,79,0,0.00793083495013445,0.00793083495013445,64,64,0,-1,2,2,10,8,12,57,87
563,50,50,55,55,0,88,88,47,47,0,50,50,56,56,0,0.004731270635487933,0.004731270635487933,56,56,0,-1,3,3,8,6,39,28,97
564,1,1,26,26,0,11,11,26,26,0,1,1,26,26,0,0.0,0.0,1,1,0,-1,6,6,11,1,33,78,59
565,23,124,48,81,33,36,36,40,40,0,23,24,48,48,0,0.0012934408931549745,0.0012934408931549745,40,40,0,5,3,3,5,4,37,64,68
566,98,298,77,98,21,72,72,84,84,0,72,72,84,84,0,0.015487252799618776,0.023588277340957826,77,87,10,3,2,2,3,9,81,27,17
567,77,77,72,72,0,48,48,59,59,0,48,48,63,63,0,0.008305252050784574,0.008305252050784574,65,65,0,-1,3,3,3,8,75,44,79
568,278,380,94,98,4,158,158,97,97,0,158,158,97,97,0,0.033799652813233945,0.034684638687497875,95,95,0,4,2,2,6,22,71,9,51
569,0,0,1,1,0,0,0,1,1,0,0,0,1,1,0,0.0,0.0,1,1,0,-1,-1,-1,5,0,80,96,92
570,0,101,1,80,79,0,3,1,24,23,0,1,1,24,23,0.0,0.0,1,1,0,6,-1,7,3,1,87,50,68
571,16,222,44,94,50,34,34,47,47,0,16,34,45,54,9,0.002586881786309949,0.007760645358929848,49,62,13,3,3,3,4,2,78,94,48
572,16,222,44,98,54,22,22,47,47,0,16,22,47,51,4,0.004493005207801491,0.007386228258279724,53,64,11,3,3,3,2,1,89,90,28
573,106,722,80,100,20,78,78,78,78,0,78,78,78,78,0,0.015521290717859695,0.025494400762449368,79,88,9,2,2,2,4,8,67,20,39
574,152,768,86,100,14,256,256,90,90,0,152,256,86,93,7,0.01596378365499166,0.021818305592429966,76,82,6,2,2,2,13,9,13,39,57
575,56,262,54,94,40,124,124,63,63,0,56,62,54,56,2,0.0051397256543789785,0.005684332346233704,54,56,2,3,2,2,10,2,12,75,42
576,2,208,28,93,65,5,24,28,37,9,2,24,28,50,22,0.0,0.008713707069675619,1,67,66,3,5,4,4,1,72,95,19
577,0,1640,1,100,99,0,76,1,53,52,0,76,1,65,64,0.0,0.039449947241226725,1,97,96,1,-1,2,6,1,56,45,10
578,0,0,1,1,0,0,0,1,1,0,0,0,1,1,0,0.0,0.0,1,1,0,-1,-1,-1,15,0,7,89,97
579,2,618,28,100,72,4,18,31,46,15,2,18,28,49,21,0.0002723033459273631,0.009905034208107831,32,70,38,2,5,3,2,1,95,55,17
580,84,84,56,56,0,184,184,78,78,0,84,84,56,56,0,0.009190237925048503,0.009190237925048503,67,67,0,-1,2,2,10,5,0,25,87
581,8,8,36,36,0,14,14,33,33,0,8,8,36,36,0,0.0002042275094455223,0.0002042275094455223,31,31,0,-1,4,4,3,2,66,56,98
582,2,2,26,26,0,7,7,26,26,0,2,2,26,26,0,0.00010211375472276115,0.00010211375472276115,27,27,0,-1,5,5,6,1,56,78,92
583,208,824,89,100,11,276,286,89,90,1,208,286,89,92,3,0.011368664692467409,0.01746145205759216,69,77,8,2,2,2,14,13,17,24,77
584,118,324,74,95,21,176,176,70,70,0,118,124,74,75,1,0.01415977398822288,0.014364001497668403,74,74,0,3,3,3,11,9,5,39,56
585,105,207,71,91,20,144,144,61,61,0,105,107,71,71,0,0.006024711528642908,0.006092787365124749,56,56,0,4,2,2,10,6,0,35,60
586,335,541,97,100,3,152,152,82,82,0,152,152,86,86,0,0.033221008203138294,0.03863303720344464,92,96,4,3,2,2,8,29,10,11,24
587,291,291,99,99,0,96,96,94,94,0,96,96,94,94,0,0.044453521222642026,0.044453521222642026,94,94,0,-1,2,2,3,29,92,11,79
588,0,206,1,91,90,0,12,1,29,28,0,6,1,29,28,0.0,0.002382654276864427,1,48,47,3,-1,4,4,1,83,50,46
589,100,100,59,59,0,100,100,45,45,0,100,100,59,59,0,0.036454610436025735,0.036454610436025735,93,93,0,4,1,1,10,18,0,5,60
590,130,130,81,81,0,172,172,75,75,0,130,130,81,81,0,0.008237176214302734,0.008237176214302734,65,65,0,-1,3,3,12,13,3,24,69
591,0,1640,1,100,99,0,134,1,76,75,0,134,1,84,83,0.0,0.03386772864971578,1,93,92,1,-1,2,9,0,23,97,1
592,1,1,26,26,0,7,7,26,26,0,1,1,26,26,0,0.00010211375472276115,0.00010211375472276115,30,30,0,-1,6,6,7,1,46,78,91
593,1,207,26,93,67,5,22,26,34,8,1,13,26,40,14,6.807583648184077e-05,0.0034718676605738795,28,51,23,3,6,4,5,2,49,58,29
594,16,632,33,100,67,25,40,32,35,3,16,32,33,40,7,0.0004084550188910446,0.005105687736138058,30,53,23,2,3,3,6,1,51,65,78
595,1,617,26,100,74,10,120,26,61,35,1,120,26,78,52,6.807583648184077e-05,0.021852343510670887,29,83,54,2,6,3,10,1,12,78,7
596,100,100,69,69,0,100,100,87,87,0,100,100,87,87,0,0.05640083052520508,0.07039041492222335,98,100,2,2,1,1,4,14,83,14,18
597,0,0,1,1,0,0,0,1,1,0,0,0,1,1,0,0.0,0.0,1,1,0,-1,-1,-1,6,0,69,80,40
598,101,717,73,100,27,104,104,81,81,0,104,104,84,84,0,0.00796487286837537,0.0370672929643623,63,92,29,2,2,2,5,8,61,57,1
599,16,632,35,100,65,108,118,62,65,3,16,118,35,77,42,0.0020763130126961434,0.02808128254875932,44,88,44,2,3,3,8,1,15,53,10
600,14,14,43,43,0,18,18,38,38,0,14,14,43,43,0,0.002552843868069029,0.002552843868069029,47,47,0,-1,4,4,3,6,85,70,96
601,6,6,30,30,0,24,24,34,34,0,6,6,30,30,0,0.0002723033459273631,0.0002723033459273631,35,35,0,-1,4,4,6,1,34,88,98
602,40,656,51,100,49,80,100,54,67,13,40,100,51,72,21,0.0045270431260424114,0.026039007454304094,51,89,38,2,2,2,6,2,48,94,7
603,302,918,97,100,3,256,256,96,96,0,256,256,96,96,0,0.02556247659893121,0.03887130263113108,88,95,7,2,2,2,10,15,0,16,30
604,121,327,76,96,20,148,148,71,71,0,121,127,76,78,2,0.009734844616903231,0.009973110044589673,68,68,0,3,2,2,9,8,28,44,49
605,406,406,97,97,0,182,182,99,99,0,182,182,99,99,0,0.03897341638585384,0.03897341638585384,95,95,0,-1,2,2,6,29,41,0,50
606,100,100,59,59,0,100,100,46,46,0,100,100,59,59,0,0.026243234963749616,0.036658837945471257,87,94,7,2,1,1,11,8,5,17,33
607,0,616,1,100,99,0,40,1,41,40,0,40,1,52,51,0.0,0.019741992579733823,1,84,83,2,-1,3,5,0,61,87,7
608,22,228,41,90,49,60,64,38,40,2,22,41,41,54,13,0.0023486163586235067,0.005718370264474625,48,58,10,3,3,3,9,2,28,83,22
609,46,662,52,100,48,98,98,52,52,0,46,71,53,60,7,0.0029612988869600733,0.006603356138738555,46,61,15,2,2,2,9,2,31,52,22
610,493,493,99,99,0,208,208,99,99,0,208,208,99,99,0,0.049763436468225605,0.049763436468225605,96,96,0,-1,2,2,7,36,46,2,66
611,0,1640,1,100,99,0,150,1,69,68,0,150,1,85,84,0.0,0.031621226045815035,1,92,91,1,-1,2,11,0,38,79,0
612,46,46,57,57,0,62,62,80,80,0,46,46,71,71,0,0.008373327887266415,0.008373327887266415,64,64,0,-1,2,2,3,3,94,29,85
613,0,616,1,100,99,0,54,1,61,60,0,54,1,67,66,0.0,0.016542428265087308,1,80,79,2,-1,3,4,0,72,76,39
614,136,136,84,84,0,248,248,90,90,0,136,136,84,84,0,0.011675005956635693,0.011675005956635693,71,71,0,-1,2,2,11,7,38,62,93
615,518,718,99,100,1,424,424,98,98,0,424,424,98,98,0,0.035569624561761805,0.03693114129139862,94,94,0,3,2,2,16,27,4,10,46
616,8,214,38,95,57,8,8,33,33,0,8,8,38,38,0,0.0005105687736138058,0.0026209197045508697,37,47,10,3,4,4,2,2,89,63,70
617,85,701,57,100,43,166,186,67,71,4,85,186,57,90,33,0.005820484019197386,0.011709043874876613,56,70,14,2,2,2,12,6,6,35,57
618,49,665,52,100,48,156,156,67,67,0,49,103,52,70,18,0.004833384390210695,0.010858095918853602,54,71,17,2,3,3,11,4,5,22,38
619,322,938,96,100,4,216,216,96,96,0,216,216,96,96,0,0.0313829606181286,0.04190067735457299,91,95,4,2,2,2,9,22,29,9,39
620,129,129,87,87,0,48,48,72,72,0,48,48,74,74,0,0.014329963579427483,0.014329963579427483,78,78,0,-1,3,3,3,15,60,19,99
621,46,46,59,59,0,52,52,74,74,0,46,46,62,62,0,0.005105687736138058,0.005105687736138058,55,55,0,-1,2,2,3,2,58,63,91
622,78,284,72,98,26,38,38,56,56,0,38,38,57,57,0,0.011300588855985567,0.015283025290173252,72,79,7,3,3,3,3,8,60,17,13
623,0,616,1,100,99,0,66,1,43,42,0,66,1,56,55,0.0,0.02290751897613942,1,84,83,2,-1,3,6,0,51,79,10
624,16,16,32,32,0,48,48,33,33,0,16,16,32,32,0,0.0002723033459273631,0.0002723033459273631,31,31,0,-1,3,3,14,1,8,95,89
625,100,100,69,69,0,100,100,66,66,0,100,100,72,72,0,0.02910242009598693,0.02910242009598693,89,89,0,-1,1,1,6,4,44,22,81
626,1,207,26,94,68,3,10,26,31,5,1,10,26,37,11,3.4037918240920386e-05,0.00527587732734266,28,54,26,3,6,4,3,1,60,68,44
627,2,208,29,94,65,4,8,31,32,1,2,8,29,37,8,3.4037918240920386e-05,0.003369753905851118,27,50,23,3,5,4,2,1,90,65,73
628,40,142,57,87,30,56,56,76,76,0,40,56,76,76,0,0.007113924912352361,0.00796487286837537,61,61,0,4,2,2,2,1,68,53,83
629,16,222,37,94,57,66,66,51,51,0,16,22,37,40,3,0.0028591851322373124,0.0040845501889104465,50,53,3,3,3,3,6,2,34,94,71
630,0,1640,1,100,99,0,52,1,34,33,0,42,1,50,49,0.0,0.012219612648490419,1,71,70,1,-1,2,9,0,29,84,51
631,64,166,62,88,26,64,64,60,60,0,64,64,63,63,0,0.007386228258279724,0.008271214132543654,60,65,5,4,3,3,4,7,83,62,74
632,0,616,1,100,99,0,32,1,40,39,0,32,1,48,47,0.0,0.011402702610708328,1,75,74,2,-1,3,5,0,45,36,37
633,100,100,66,66,0,100,100,45,45,0,100,100,66,66,0,0.0245413390517036,0.0245413390517036,86,86,0,-1,1,1,10,9,1,31,97
634,191,791,91,100,9,88,88,82,82,0,88,88,82,82,0,0.027162258756254467,0.05200993907212635,89,98,9,2,2,2,4,15,78,16,3
635,56,56,61,61,0,64,64,68,68,0,64,64,71,71,0,0.010279451308757957,0.010279451308757957,70,70,0,-1,3,3,4,5,72,25,59
636,0,616,1,100,99,0,46,1,40,39,0,46,1,50,49,0.0,0.009564655025698629,1,68,67,2,-1,3,6,0,59,98,14
637,176,278,88,94,6,176,176,87,87,0,176,176,89,89,0,0.01681473161101467,0.01681473161101467,81,81,0,4,2,2,8,13,57,33,65
638,0,1640,1,100,99,0,144,1,71,70,0,144,1,84,83,0.0,0.034140031995643146,1,94,93,1,-1,2,10,0,22,82,1
639,40,40,51,51,0,118,118,64,64,0,40,40,51,51,0,0.004016474352428605,0.004016474352428605,52,52,0,-1,2,2,9,2,28,94,87
640,241,857,92,100,8,232,232,92,92,0,232,232,93,93,0,0.018754892950747133,0.024098846114571634,82,85,3,2,2,2,10,15,1,19,48
641,85,701,57,100,43,166,186,67,71,4,85,186,57,90,33,0.005820484019197386,0.022669253548452978,56,85,29,2,2,2,12,6,6,35,15
642,74,74,67,67,0,70,70,59,59,0,70,70,67,67,0,0.010279451308757957,0.010279451308757957,70,70,0,-1,3,3,5,9,88,27,82
643,0,616,1,100,99,0,36,1,33,32,0,16,1,35,34,0.0,0.004118588107151367,1,50,49,2,-1,3,7,0,46,81,90
644,0,206,1,91,90,0,43,1,29,28,0,8,1,31,30,0.0,0.0015317063208414173,1,40,39,3,-1,4,16,0,4,86,83
645,16,632,36,100,64,28,46,34,44,10,16,46,36,50,14,0.0007147962830593281,0.006126825283365669,36,56,20,2,3,3,5,1,52,4,28
646,63,63,67,67,0,34,34,44,44,0,34,34,55,55,0,0.006535280302256714,0.006535280302256714,63,63,0,-1,3,3,4,8,72,57,59
647,0,616,1,100,99,0,28,1,44,43,0,28,1,51,50,0.0,0.015112835698968652,1,76,75,2,-1,3,3,0,94,87,12
648,57,57,69,69,0,48,48,68,68,0,48,48,69,69,0,0.009394465434494027,0.009394465434494027,72,72,0,-1,3,3,3,8,81,44,82
649,39,39,55,55,0,54,54,59,59,0,39,39,57,57,0,0.004629156880765172,0.004629156880765172,55,55,0,-1,3,3,4,4,77,22,36
650,0,616,1,100,99,0,24,1,42,41,0,22,1,46,45,0.0,0.0048674223084516155,1,54,53,2,-1,3,3,0,58,97,52
651,288,288,95,95,0,248,248,89,89,0,248,248,92,92,0,0.027536675856904592,0.027536675856904592,89,89,0,-1,2,2,11,15,5,16,80
652,100,100,64,64,0,100,100,57,57,0,100,100,65,65,0,0.07008407365805508,0.07008407365805508,100,100,0,-1,1,1,8,40,10,3,84
653,330,536,97,100,3,104,104,85,85,0,104,104,86,86,0,0.03223390857415161,0.03979032642363593,91,94,3,3,2,2,5,29,37,1,8
654,202,408,87,97,10,242,242,83,83,0,202,242,87,90,3,0.012628067667381462,0.015248987371932332,72,75,3,3,2,2,14,14,17,32,70
655,100,100,69,69,0,100,100,66,66,0,100,100,72,72,0,0.059702508594574356,0.06007692569522448,100,100,0,3,1,1,6,29,44,11,56
656,376,976,99,100,1,256,256,97,97,0,256,256,98,98,0,0.03362946322202934,0.043534497430137174,92,96,4,2,2,2,10,22,22,9,8
657,16,632,31,100,69,48,134,32,61,29,16,92,31,57,26,0.0002042275094455223,0.007488342013002485,30,61,31,2,3,3,14,1,25,95,21
658,207,207,93,93,0,198,198,86,86,0,198,198,92,92,0,0.016984921202219273,0.016984921202219273,82,82,0,-1,2,2,10,15,36,19,82
659,52,154,56,87,31,44,44,49,49,0,44,44,55,55,0,0.008577555396711936,0.010041185881071514,66,70,4,4,3,3,4,6,79,34,83
660,187,393,89,98,9,128,128,92,92,0,128,128,92,92,0,0.020661016372238675,0.021784267674189048,83,84,1,3,2,2,5,15,50,19,53
661,84,84,60,60,0,170,170,72,72,0,84,84,60,60,0,0.006943735321147759,0.006943735321147759,60,60,0,-1,2,2,11,6,19,26,79
662,16,118,37,77,40,116,116,62,62,0,16,20,37,41,4,0.0037441710065012424,0.005173763572619898,51,57,6,4,3,3,11,1,19,90,83
663,1,207,26,89,63,9,46,26,38,12,1,29,26,46,20,3.4037918240920386e-05,0.005684332346233704,27,53,26,3,6,4,9,2,26,58,21
664,0,1640,1,100,99,0,124,1,64,63,0,124,1,80,79,0.0,0.02396269444160795,1,87,86,1,-1,2,10,0,36,40,30
665,64,680,56,100,44,130,130,65,65,0,64,130,56,83,27,0.006637394056979475,0.01766567956703768,60,78,18,2,3,3,10,4,22,72,39
666,66,272,69,100,31,32,32,64,64,0,32,32,64,64,0,0.010892133837094524,0.012389802239695021,71,71,0,3,3,3,2,9,89,27,54
667,2,2,28,28,0,9,9,28,28,0,2,2,28,28,0,3.4037918240920386e-05,3.4037918240920386e-05,26,26,0,-1,5,5,6,1,71,95,89
668,78,78,69,69,0,88,88,76,76,0,78,78,75,75,0,0.00881582082439838,0.00881582082439838,66,66,0,-1,2,2,4,4,47,38,82
669,0,206,1,93,92,0,8,1,31,30,0,8,1,35,34,0.0,0.0026549576227917903,1,50,49,3,-1,4,2,0,68,36,73
670,16,222,37,94,57,46,46,41,41,0,16,42,37,50,13,0.0035739814152966403,0.007386228258279724,49,63,14,3,3,3,6,1,59,90,47
671,0,0,1,1,0,0,0,1,1,0,0,0,1,1,0,0.0,0.0,1,1,0,-1,-1,-1,14,0,25,36,97
672,0,102,1,81,80,0,6,1,28,27,0,2,1,26,25,0.0,0.0009870996289866913,1,37,36,4,-1,5,3,0,66,81,71
673,0,616,1,100,99,0,64,1,59,58,0,64,1,62,61,0.0,0.026753803737363423,1,89,88,2,-1,3,4,0,83,85,1
674,0,206,1,92,91,0,10,1,31,30,0,6,1,31,30,0.0,0.0009870996289866913,1,38,37,3,-1,4,3,0,64,81,71
675,0,1640,1,100,99,0,156,1,59,58,0,156,1,85,84,0.0,0.020592940535756832,1,83,82,1,-1,2,16,0,4,93,15
676,124,330,77,96,19,150,150,85,85,0,124,130,83,86,3,0.010415602981721638,0.010619830491167161,71,71,0,3,2,2,7,7,46,21,4
677,0,102,1,78,77,0,7,1,28,27,0,2,1,28,27,0.0,0.0005446066918547262,1,35,34,4,-1,5,4,0,47,76,42
678,100,100,66,66,0,100,100,45,45,0,100,100,66,66,0,0.051873787399162666,0.05742196807243269,98,98,0,2,1,1,10,29,1,11,57
679,0,101,1,81,80,0,2,1,25,24,0,1,1,25,24,0.0,6.807583648184077e-05,1,26,25,5,-1,6,2,0,68,85,60
680,56,157,56,85,29,110,110,62,62,0,56,57,56,57,1,0.004152626025392287,0.0042547397801150485,53,53,0,5,2,2,11,2,38,75,78
681,8,1648,35,100,65,36,122,35,67,32,8,122,35,81,46,0.00037441710065012424,0.03437829742332959,34,92,58,1,4,2,8,2,30,63,1
682,97,713,58,100,42,228,248,77,80,3,97,248,58,94,36,0.005650294427992784,0.02634534871847238,55,89,34,2,2,2,15,4,7,22,11
683,18,224,41,90,49,44,44,36,36,0,18,26,41,46,5,0.00030634126416828345,0.001055175465468532,34,39,5,3,3,3,7,2,24,56,74
684,16,117,39,82,43,28,28,40,40,0,16,17,39,44,5,0.002212464685659825,0.0022465026039007454,46,47,1,6,3,3,3,2,82,94,78
685,223,324,93,96,3,118,118,92,92,0,118,118,92,92,0,0.021716191837707205,0.021784267674189048,86,86,0,6,2,2,5,16,37,12,58
686,0,616,1,100,99,0,40,1,35,34,0,23,1,43,42,0.0,0.0027911092957554717,1,47,46,2,-1,3,7,0,46,86,70
687,182,182,86,86,0,150,150,74,74,0,150,150,82,82,0,0.012900371013308825,0.012900371013308825,73,73,0,-1,3,3,10,14,12,14,99
688,0,206,1,86,85,0,21,1,27,26,0,6,1,26,25,0.0,0.00017018959120460194,1,28,27,3,-1,4,14,0,25,93,95
689,144,344,89,100,11,48,48,70,70,0,48,48,72,72,0,0.017052997038701112,0.024269035705776234,79,90,11,3,3,3,3,18,94,5,20
690,6,1646,29,100,71,22,144,29,64,35,6,144,29,80,51,0.0002042275094455223,0.0352292453793526,32,95,63,1,4,2,10,1,18,55,7
691,136,136,82,82,0,184,184,83,83,0,136,136,82,82,0,0.014908608189523128,0.014908608189523128,77,77,0,-1,2,2,10,8,1,20,79
692,6,108,29,77,48,24,24,30,30,0,6,6,29,29,0,0.00013615167296368154,0.0002723033459273631,30,32,2,4,4,4,8,1,30,65,60
693,62,678,56,100,44,76,86,54,62,8,62,86,58,66,8,0.007147962830593281,0.026753803737363423,59,90,31,2,3,3,6,6,56,35,1
694,115,115,86,86,0,56,56,82,82,0,56,56,82,82,0,0.023281936076789543,0.023281936076789543,87,87,0,-1,2,2,2,12,89,37,76
695,0,102,1,86,85,0,4,1,29,28,0,3,1,32,31,0.0,0.0010211375472276116,1,39,38,4,-1,5,2,0,97,76,61
696,6,622,33,100,67,8,22,33,48,15,6,22,33,51,18,0.00037441710065012424,0.016882807447496512,35,83,48,2,4,3,2,1,90,49,16
697,0,102,1,74,73,0,9,1,25,24,0,2,1,25,24,0.0,6.807583648184077e-05,1,27,26,4,-1,5,8,0,10,80,95
698,84,290,59,94,35,104,104,73,73,0,84,104,66,78,12,0.010245413390517035,0.010415602981721638,69,70,1,3,2,2,5,5,52,25,49
699,12,628,35,100,65,50,60,36,38,2,12,46,35,49,14,0.0009530617107457708,0.00707988699411144,37,60,23,2,4,3,9,2,54,74,48
700,0,0,1,1,0,0,0,1,1,0,0,0,1,1,0,0.0,0.0,1,1,0,-1,-1,-1,3,1,82,45,50
701,6,212,30,91,61,14,18,31,32,1,6,18,30,42,12,0.0004084550188910446,0.002144388849177984,35,45,10,3,4,4,5,1,80,88,75
702,37,37,60,60,0,12,12,39,39,0,12,12,44,44,0,0.007760645358929848,0.007760645358929848,65,65,0,-1,4,4,2,9,97,31,79
703,100,100,66,66,0,100,100,60,60,0,100,100,68,68,0,0.022737329384934817,0.022737329384934817,85,85,0,-1,1,1,7,2,43,74,85
704,16,1656,36,100,64,56,130,36,64,28,16,109,36,77,41,0.0004765308553728854,0.019367575479083698,36,81,45,1,3,2,11,1,38,88,39
705,2,618,26,99,73,15,84,28,38,10,2,52,26,53,27,6.807583648184077e-05,0.004629156880765172,28,54,26,2,5,3,12,1,6,68,47
706,0,1640,1,100,99,0,130,1,58,57,0,68,1,53,52,0.0,0.010211375472276116,1,66,65,1,-1,2,17,0,20,36,62
707,80,1720,60,100,40,142,166,71,82,11,80,166,60,87,27,0.010347527145239796,0.04789135096497498,68,98,30,1,2,2,8,6,15,77,11
708,0,0,1,1,0,0,0,1,1,0,0,0,1,1,0,0.0,0.0,1,1,0,-1,-1,-1,3,0,64,99,66
709,8,214,36,93,57,14,14,35,35,0,8,14,36,42,6,0.0004084550188910446,0.005480104836788182,34,55,21,3,4,4,3,2,92,56,31
710,0,206,1,92,91,0,16,1,32,31,0,8,1,37,36,0.0,0.0009530617107457708,1,38,37,3,-1,4,4,0,47,80,61
711,100,100,60,60,0,100,100,50,50,0,100,100,60,60,0,0.0509207256884169,0.06651009224275843,97,100,3,1,1,1,9,30,28,7,14
712,44,660,54,100,46,80,80,70,70,0,44,80,54,73,19,0.006875659484665918,0.013649205214609075,59,76,17,2,3,3,5,4,45,38,48
713,22,228,43,94,51,40,40,40,40,0,22,40,43,49,6,0.0024166921951053475,0.00888389666088022,47,66,19,3,3,3,5,2,52,83,24
714,128,744,88,100,12,32,32,69,69,0,32,32,69,69,0,0.020048333843902106,0.03158718812757412,84,92,8,2,3,3,2,16,93,12,33
715,2,104,28,78,50,7,7,28,28,0,2,2,28,28,0,0.0,0.00010211375472276115,1,30,29,4,5,5,6,1,32,68,60
716,16,117,41,81,40,40,40,43,43,0,16,17,41,44,3,0.0020422750944552232,0.0020763130126961434,46,46,0,6,3,3,5,2,49,94,78
717,6,622,29,99,70,27,58,30,34,4,6,22,29,40,11,0.0002382654276864427,0.0024507301133462676,31,46,15,2,4,3,12,1,14,65,46
718,53,1693,61,100,39,38,62,56,81,25,38,62,57,83,26,0.006943735321147759,0.06385513461996664,60,99,39,1,3,2,3,8,60,57,0
719,2,1642,26,100,74,14,108,27,59,32,2,101,26,72,46,0.0,0.016168011164437182,1,79,78,1,5,2,12,2,6,58,24
720,0,206,1,86,85,0,20,1,26,25,0,6,1,26,25,0.0,0.00010211375472276115,1,27,26,3,-1,4,14,0,25,67,60
721,232,333,95,98,3,64,64,68,68,0,64,64,69,69,0,0.02811532046700024,0.028149358385241158,90,90,0,6,3,3,4,27,73,10,68
722,0,0,1,1,0,0,0,1,1,0,0,0,1,1,0,0.0,0.0,1,1,0,-1,-1,-1,5,0,70,67,93
723,96,302,67,94,27,118,118,69,69,0,96,104,67,77,10,0.0063650907110521125,0.007420266176520644,60,61,1,3,3,3,8,6,57,13,74
724,114,730,82,100,18,96,96,87,87,0,96,96,87,87,0,0.012764219340345145,0.025324211171244768,74,89,15,2,2,2,3,6,87,13,6
725,56,158,53,83,30,134,134,66,66,0,56,58,53,53,0,0.0053439531638245,0.0053439531638245,56,56,0,4,2,2,10,3,22,29,65
726,6,212,33,92,59,30,30,39,39,0,6,16,33,39,6,0.0005786446100956465,0.0014636304843595766,34,42,8,3,4,4,5,2,88,42,64
727,6,212,30,89,59,23,24,30,30,0,6,19,30,39,9,0.0002382654276864427,0.003437829742332959,31,44,13,3,4,4,6,1,71,88,35
728,156,257,85,93,8,146,146,82,82,0,156,146,86,86,0,0.014023622315259198,0.01405766023350012,77,77,0,6,2,2,8,8,57,8,78
729,0,101,1,81,80,0,4,1,25,24,0,1,1,25,24,0.0,6.807583648184077e-05,1,28,27,5,-1,6,4,0,72,82,78
730,16,632,34,100,66,82,156,35,66,31,16,156,34,80,46,0.0005105687736138058,0.021580040164743523,35,86,51,2,3,3,16,1,9,49,0
731,64,270,56,96,40,120,120,62,62,0,64,96,56,62,6,0.006501242384015794,0.010109261717553355,60,70,10,3,3,3,10,4,36,38,13
732,0,1640,1,100,99,0,112,1,72,71,0,112,1,79,78,0.0,0.03345927363082474,1,93,92,1,-1,2,8,0,39,81,1
733,126,332,78,98,20,206,206,75,75,0,126,142,78,85,7,0.012764219340345145,0.01501072194424589,73,75,2,3,2,2,12,8,14,17,41
734,0,616,1,100,99,0,34,1,42,41,0,34,1,51,50,0.0,0.007113924912352361,1,61,60,2,-1,3,4,0,79,80,48
735,16,118,36,79,43,68,68,41,41,0,16,18,36,41,5,0.0028591851322373124,0.0030634126416828346,50,50,0,4,3,3,8,2,30,94,55
736,180,180,87,87,0,104,104,85,85,0,104,104,85,85,0,0.022737329384934817,0.022737329384934817,83,83,0,-1,2,2,5,16,70,18,36
737,393,393,99,99,0,160,160,100,100,0,160,160,100,100,0,0.04537254501514688,0.04537254501514688,95,95,0,-1,2,2,4,29,79,1,96
738,152,768,87,100,13,192,192,89,89,0,152,192,86,91,5,0.017018959120460194,0.03597807958065285,79,92,13,2,2,2,9,9,31,39,9
739,269,370,95,99,4,96,96,87,87,0,96,96,87,87,0,0.04036897103373158,0.04043704687021342,94,94,0,5,2,2,3,29,87,0,65
740,0,206,1,90,89,0,22,1,33,32,0,6,1,29,28,0.0,0.0013955546478777359,1,38,37,3,-1,4,5,0,80,87,53
741,280,896,96,100,4,160,160,94,94,0,160,160,95,95,0,0.024064808196330712,0.03642057251778481,88,91,3,2,2,2,7,19,46,15,30
742,16,632,37,100,63,66,76,49,53,4,16,58,37,54,17,0.003914360597705844,0.010211375472276116,52,70,18,2,3,3,6,1,41,90,26
743,372,988,96,100,4,200,200,93,93,0,200,200,93,93,0,0.03271043942952449,0.052043976990367266,93,99,6,2,2,2,8,29,27,0,10
744,0,616,1,100,99,0,38,1,35,34,0,20,1,44,43,0.0,0.0053439531638245,1,58,57,2,-1,3,8,0,57,79,73
745,174,1814,87,100,13,192,216,86,92,6,192,216,89,93,4,0.020150447598624867,0.036590762108989414,83,93,10,1,2,2,9,12,28,37,48
746,0,206,1,92,91,0,12,1,33,32,0,6,1,33,32,0.0,0.0005786446100956465,1,36,35,3,-1,4,4,0,77,89,49
747,0,0,1,1,0,0,0,1,1,0,0,0,1,1,0,0.0,0.0,1,1,0,-1,-1,-1,4,0,72,99,79
748,108,108,79,79,0,76,76,60,60,0,76,76,65,65,0,0.013410939786922631,0.013410939786922631,73,73,0,-1,3,3,6,13,69,33,45
749,0,102,1,74,73,0,17,1,26,25,0,2,1,25,24,0.0,0.00017018959120460194,1,29,28,4,-1,5,15,0,7,89,60
750,134,340,80,95,15,176,176,85,85,0,134,146,80,84,4,0.011300588855985567,0.013070560604513427,74,76,2,3,2,2,8,7,42,21,75
751,0,0,1,1,0,0,0,1,1,0,0,0,1,1,0,0.0,0.0,1,1,0,-1,-1,-1,10,0,12,59,50
752,60,676,62,100,38,62,62,76,76,0,62,62,77,77,0,0.008066986623098132,0.03134892269988768,62,91,29,2,2,2,3,6,87,28,1
753,28,644,46,100,54,86,110,42,60,18,28,84,46,59,13,0.0016678579938050988,0.00881582082439838,43,69,26,2,3,3,10,3,1,54,21
754,0,206,1,90,89,0,34,1,29,28,0,8,1,33,32,0.0,0.00176997174852786,1,41,40,3,-1,4,13,0,13,98,83
755,0,102,1,76,75,0,19,1,25,24,0,2,1,25,24,0.0,0.00010211375472276115,1,29,28,4,-1,5,17,0,20,79,65
756,194,295,90,96,6,132,132,98,98,0,132,132,98,98,0,0.020150447598624867,0.02011640968038395,81,81,0,5,2,2,5,14,70,14,68
757,260,466,96,100,4,190,190,93,93,0,190,190,94,94,0,0.024881718234112803,0.025324211171244768,87,87,0,3,2,2,8,19,39,15,60
758,37,243,48,93,45,52,52,39,39,0,37,43,48,51,3,0.0053099152455835805,0.006875659484665918,54,61,7,3,3,3,7,6,43,35,52
759,0,616,1,100,99,0,68,1,40,39,0,58,1,53,52,0.0,0.009190237925048503,1,69,68,2,-1,3,8,1,30,50,20
760,206,822,91,100,9,140,150,67,70,3,140,150,84,88,4,0.015657442390823378,0.02661765206439974,78,87,9,2,3,3,10,16,1,12,14
761,1,207,26,90,64,6,20,26,32,6,1,9,26,35,9,3.4037918240920386e-05,0.001497668402600497,26,41,15,3,6,4,6,2,74,58,52
762,76,692,63,100,37,76,96,59,67,8,76,96,66,69,3,0.005922597773920147,0.028830116750059566,56,90,34,2,3,3,6,6,34,13,0
763,0,206,1,95,94,0,12,1,40,39,0,12,1,40,39,0.0,0.008271214132543654,1,64,63,3,-1,4,2,0,95,66,32
764,40,246,61,100,39,22,22,55,55,0,22,22,57,57,0,0.005548180673270023,0.02049082678103407,58,85,27,3,3,3,2,6,97,41,23
765,107,107,79,79,0,48,48,62,62,0,48,48,64,64,0,0.013036522686272508,0.013036522686272508,75,75,0,-1,3,3,3,13,64,33,67
766,100,100,67,67,0,100,100,54,54,0,100,100,67,67,0,0.037679975492698865,0.04251335988290956,95,96,1,2,1,1,9,19,35,15,57
767,42,658,53,100,47,70,70,54,54,0,40,70,53,59,6,0.004288777698355968,0.028421661731168522,55,87,32,2,3,3,5,6,61,41,0
768,1,207,25,93,68,3,18,25,35,10,1,18,25,44,19,6.807583648184077e-05,0.007352190340038803,27,66,39,3,6,4,3,1,82,78,8
769,22,22,40,40,0,88,88,42,42,0,22,22,40,40,0,0.0026549576227917903,0.0026549576227917903,47,47,0,-1,3,3,11,2,38,83,67
770,144,744,84,100,16,116,116,74,74,0,116,116,81,81,0,0.010245413390517035,0.016440314510364547,70,80,10,2,2,2,7,13,46,24,25
771,22,22,40,40,0,84,84,38,38,0,22,22,40,40,0,0.0005105687736138058,0.0005105687736138058,36,36,0,-1,3,3,14,2,25,63,76
772,202,402,92,98,6,158,158,82,82,0,158,158,87,87,0,0.020150447598624867,0.021341774737057083,83,83,0,3,2,2,9,18,35,5,54
773,76,692,69,100,31,32,32,58,58,0,32,32,60,60,0,0.011062323428299126,0.027060145001531706,71,92,21,2,3,3,2,6,91,77,33
774,120,120,80,80,0,74,74,64,64,0,74,74,67,67,0,0.009973110044589673,0.009973110044589673,69,69,0,-1,2,2,5,13,63,24,89
775,86,702,66,100,34,122,132,76,78,2,86,132,66,83,17,0.00881582082439838,0.020150447598624867,68,83,15,2,2,2,8,6,39,34,5
776,62,678,54,100,46,92,112,51,65,14,62,112,54,78,24,0.003948398515946765,0.021477926410020762,51,83,32,2,2,2,8,3,30,54,9
777,100,100,61,61,0,100,100,43,43,0,100,100,61,61,0,0.021035433472888797,0.04111780523503183,80,97,17,2,1,1,12,6,2,34,7
778,0,102,1,72,71,0,12,1,26,25,0,2,1,25,24,0.0,0.0002042275094455223,1,30,29,4,-1,5,10,0,11,89,60
779,0,206,1,88,87,0,50,1,34,33,0,12,1,32,31,0.0,0.003369753905851118,1,49,48,3,-1,4,11,0,33,76,29
780,36,242,49,92,43,110,110,59,59,0,36,44,49,51,2,0.00439089145307873,0.0046972327172470135,54,54,0,3,3,3,10,6,18,73,63
781,18,120,50,83,33,24,24,45,45,0,18,20,48,50,2,0.0009190237925048504,0.0012934408931549745,39,42,3,4,3,3,3,2,87,63,88
782,0,0,1,1,0,0,0,1,1,0,0,0,1,1,0,0.0,0.0,1,1,0,-1,-1,-1,8,0,21,98,50
783,0,102,1,80,79,0,5,1,28,27,0,5,1,30,29,0.0,0.0009190237925048504,1,38,37,4,-1,5,3,0,55,98,64
784,0,102,1,74,73,0,17,1,25,24,0,2,1,25,24,0.0,0.00017018959120460194,1,28,27,4,-1,5,16,0,4,67,55
785,18,119,40,79,39,62,62,36,36,0,18,19,40,42,2,0.0011913271384322134,0.0012594029749140542,38,38,0,5,3,3,10,2,36,74,95
786,200,816,90,100,10,104,104,82,82,0,104,104,83,83,0,0.024779604479390042,0.03866707512168556,88,94,6,2,2,2,5,15,50,16,12
787,84,290,75,98,23,32,32,58,58,0,32,32,60,60,0,0.014466115252391163,0.018993158378433576,78,84,6,3,3,3,2,9,91,39,57
788,8,624,36,100,64,24,34,36,38,2,8,34,36,50,14,0.0005786446100956465,0.007454304094761564,36,65,29,2,4,3,4,2,53,56,25
789,0,0,1,1,0,0,0,1,1,0,0,0,1,1,0,0.0,0.0,1,1,0,-1,-1,-1,10,0,12,84,81
790,0,0,1,1,0,0,0,1,1,0,0,0,1,1,0,0.0,0.0,1,1,0,-1,-1,-1,11,0,38,98,86
791,116,116,76,76,0,120,120,78,78,0,120,120,78,78,0,0.014432077334150244,0.014432077334150244,75,75,0,-1,2,2,6,8,41,20,79
792,24,230,48,93,45,28,28,44,44,0,24,28,49,50,1,0.0016678579938050988,0.005207801490860819,42,53,11,3,3,3,3,4,92,64,41
793,0,616,1,100,99,0,30,1,41,40,0,24,1,49,48,0.0,0.0046972327172470135,1,55,54,2,-1,3,4,0,83,89,41
794,88,704,62,100,38,142,142,71,71,0,88,105,62,76,14,0.008135062459579971,0.009836958371625992,64,66,2,2,2,2,8,7,15,62,61
795,0,616,1,99,98,0,106,1,57,56,0,106,1,70,69,0.0,0.020150447598624867,1,83,82,2,-1,3,11,0,5,59,10
796,88,88,67,67,0,44,44,49,49,0,44,44,54,54,0,0.01153885428367201,0.01153885428367201,74,74,0,-1,3,3,4,8,53,8,84
797,0,616,1,100,99,0,32,1,62,61,0,32,1,63,62,0.0,0.03366350114027026,1,94,93,2,-1,3,2,0,86,87,3
798,6,212,32,93,61,28,28,36,36,0,6,12,32,36,4,0.00088498587426393,0.0012253650566731338,39,40,1,3,4,4,6,1,69,71,4
799,46,662,52,100,48,64,84,53,63,10,46,84,52,68,16,0.0063650907110521125,0.02818339630348208,57,90,33,2,2,2,5,2,50,75,1
800,70,686,63,100,37,88,98,47,51,4,70,98,63,67,4,0.0053099152455835805,0.018891044623710815,58,82,24,2,3,3,8,6,39,26,37
801,22,228,42,95,53,34,34,39,39,0,22,34,42,50,8,0.0013274788113958951,0.004493005207801491,41,52,11,3,3,3,4,2,53,74,73
802,0,616,1,100,99,0,34,1,38,37,0,34,1,49,48,0.0,0.005003573981415297,1,55,54,2,-1,3,4,0,53,84,26
803,29,235,54,94,40,38,38,55,55,0,38,38,58,58,0,0.00439089145307873,0.01504475986248681,55,78,23,3,3,3,3,4,76,22,12
804,6,212,29,88,59,32,36,33,33,0,6,14,29,34,5,0.00013615167296368154,0.001055175465468532,28,37,9,3,4,4,10,1,22,4,51
805,0,0,1,1,0,0,0,1,1,0,0,0,1,1,0,0.0,0.0,1,1,0,-1,-1,-1,4,0,47,67,76
806,6,108,31,79,48,32,32,37,37,0,6,10,31,36,5,0.0005786446100956465,0.0015657442390823377,36,42,6,4,4,4,6,1,32,49,51
807,100,100,79,79,0,100,100,96,96,0,100,100,96,96,0,0.07539398890363866,0.07539398890363866,100,100,0,-1,1,1,3,20,85,23,81
808,24,230,48,95,47,46,46,45,45,0,24,30,48,50,2,0.0021784267674189047,0.0030974505599237552,47,49,2,3,3,3,6,3,32,54,71
809,0,206,1,89,88,0,26,1,35,34,0,15,1,35,34,0.0,0.002723033459273631,1,48,47,3,-1,4,5,0,61,66,41
810,40,40,51,51,0,150,150,68,68,0,40,40,51,51,0,0.002825147213996392,0.002825147213996392,48,48,0,-1,2,2,11,1,19,53,40
811,0,0,1,1,0,0,0,1,1,0,0,0,1,1,0,0.0,0.0,1,1,0,-1,-1,-1,5,0,50,84,96
812,0,102,1,77,76,0,6,1,24,23,0,2,1,24,23,0.0,0.0,1,1,0,4,-1,5,5,0,50,97,95
813,268,884,94,100,6,252,252,92,92,0,252,252,93,93,0,0.016406276592123625,0.021546002246502605,76,86,10,2,2,2,11,14,33,14,38
814,0,206,1,86,85,0,24,1,29,28,0,6,1,27,26,0.0,0.0026889955410327104,1,46,45,3,-1,4,8,0,27,40,90
815,100,100,60,60,0,100,100,40,40,0,100,100,60,60,0,0.020899281799925118,0.020899281799925118,80,80,0,4,1,1,14,8,25,44,68
816,0,616,1,100,99,0,46,1,40,39,0,46,1,54,53,0.0,0.013513053541645392,1,74,73,2,-1,3,6,0,34,98,15
817,40,40,45,45,0,174,174,67,67,0,40,40,45,45,0,0.0048674223084516155,0.0048674223084516155,52,52,0,-1,2,2,15,1,7,90,99
818,228,329,92,94,2,104,104,82,82,0,104,104,82,82,0,0.023384049831512304,0.023520201504475986,86,86,0,5,2,2,5,19,80,15,65
819,193,399,92,100,8,112,112,94,94,0,112,112,94,94,0,0.026855917492086184,0.032914666938970015,88,91,3,3,2,2,4,17,78,6,27
820,317,317,99,99,0,128,128,96,96,0,128,128,96,96,0,0.03812246842983083,0.03812246842983083,95,95,0,-1,2,2,5,29,49,0,50
821,0,0,1,1,0,0,0,1,1,0,0,0,1,1,0,0.0,0.0,1,1,0,-1,-1,-1,5,0,49,87,67
822,196,297,95,100,5,32,32,64,64,0,32,32,64,64,0,0.030191633479696382,0.030191633479696382,93,93,0,5,3,3,2,29,89,0,95
823,158,260,84,94,10,142,142,72,72,0,142,142,83,83,0,0.00980292045338507,0.009905034208107831,69,70,1,4,2,2,8,9,42,31,65
824,40,656,45,100,55,188,188,71,71,0,40,188,45,85,40,0.0026889955410327104,0.0195377650702883,47,81,34,2,2,2,14,1,25,53,16
825,102,102,74,74,0,118,118,88,88,0,102,102,83,83,0,0.01242384015793594,0.01242384015793594,73,73,0,-1,2,2,5,7,61,62,40
826,48,1688,52,100,48,148,192,64,68,4,48,192,52,87,35,0.0022465026039007454,0.02573266619013581,45,86,41,1,2,2,14,4,16,64,12
827,223,325,99,100,1,80,80,97,97,0,80,80,97,97,0,0.05058034650600769,0.05085264985193506,97,97,0,4,2,2,2,27,97,10,64
828,0,0,1,1,0,0,0,1,1,0,0,0,1,1,0,0.0,0.0,1,1,0,-1,-1,-1,3,0,85,91,98
829,281,1921,97,100,3,256,280,96,98,2,256,280,96,98,2,0.025358249089485686,0.06593144763266279,87,99,12,1,2,2,10,20,1,23,2
830,1,207,26,93,67,5,14,26,33,7,1,10,26,38,12,6.807583648184077e-05,0.0013274788113958951,28,40,12,3,6,4,5,2,49,58,64
831,0,616,1,100,99,0,64,1,59,58,0,64,1,62,61,0.0,0.03345927363082474,1,90,89,2,-1,3,4,0,83,66,1
832,1,617,25,100,75,3,28,25,42,17,1,28,25,49,24,0.0,0.011334626774226489,1,75,74,2,6,3,3,1,96,68,20
833,0,0,1,1,0,0,0,1,1,0,0,0,1,1,0,0.0,0.0,1,1,0,-1,-1,-1,3,0,85,81,67
834,41,41,56,56,0,34,34,46,46,0,34,34,52,52,0,0.004186663943633207,0.004186663943633207,53,53,0,-1,3,3,4,6,73,35,84
835,220,322,98,100,2,56,56,92,92,0,56,56,92,92,0,0.0480955784744205,0.048504033493311546,96,96,0,4,2,2,2,40,97,3,64
836,94,694,61,100,39,188,188,73,73,0,94,188,61,85,24,0.006126825283365669,0.025936893699581333,57,86,29,2,2,2,14,6,17,28,9
837,16,222,43,97,54,28,28,46,46,0,16,28,43,52,9,0.001497668402600497,0.007420266176520644,41,67,26,3,3,3,3,1,81,71,25
838,46,46,61,61,0,46,46,83,83,0,46,46,83,83,0,0.02130773681881616,0.02130773681881616,86,86,0,-1,2,2,2,3,99,51,66
839,100,100,69,69,0,100,100,66,66,0,100,100,72,72,0,0.04428333163143742,0.04428333163143742,94,94,0,-1,1,1,6,18,44,30,80
840,0,206,1,92,91,0,18,1,35,34,0,18,1,44,43,0.0,0.003642057251778481,1,51,50,3,-1,4,3,1,82,45,28
841,63,269,60,93,33,76,76,60,60,0,76,76,65,65,0,0.007522379931243405,0.01242384015793594,61,71,10,3,3,3,6,8,69,57,24
842,0,206,1,90,89,0,20,1,33,32,0,12,1,38,37,0.0,0.002757071377514551,1,48,47,3,-1,4,4,0,79,36,29
843,319,919,95,100,5,104,104,81,81,0,104,104,84,84,0,0.03465060076925695,0.039994553933081455,89,93,4,2,2,2,5,30,61,7,25
844,100,100,72,72,0,100,100,79,79,0,100,100,80,80,0,0.049218829776370876,0.049218829776370876,97,97,0,-1,1,1,5,17,37,6,84
845,488,1104,100,100,0,216,216,96,96,0,216,216,97,97,0,0.045508696688110556,0.05956635692161068,97,99,2,2,2,2,9,40,35,3,6
846,166,782,83,100,17,276,286,85,87,2,166,286,83,95,12,0.006977773239388679,0.020797168045202357,59,84,25,2,2,2,15,6,7,28,30
847,0,0,1,1,0,0,0,1,1,0,0,0,1,1,0,0.0,0.0,1,1,0,-1,-1,-1,14,0,8,85,99
848,0,616,1,100,99,0,58,1,34,33,0,29,1,47,46,0.0,0.003880322679464924,1,54,53,2,-1,3,10,1,11,45,22
849,88,190,74,92,18,48,48,72,72,0,48,48,74,74,0,0.012968446849790666,0.013819394805813677,74,77,3,4,3,3,3,8,60,8,71
850,2,618,29,100,71,9,60,30,48,18,2,60,29,57,28,0.0002042275094455223,0.012764219340345145,32,75,43,2,5,3,5,1,88,60,20
851,40,246,52,96,44,62,62,82,82,0,40,62,72,83,11,0.007318152421797883,0.012594029749140543,62,74,12,3,2,2,3,3,60,46,44
852,80,80,56,56,0,124,124,85,85,0,80,80,57,57,0,0.006433166547533953,0.006433166547533953,56,56,0,-1,2,2,6,3,40,29,69
853,118,324,74,95,21,176,176,70,70,0,118,124,74,75,1,0.01415977398822288,0.01507879778072773,74,74,0,3,3,3,11,9,5,39,71
854,22,638,46,100,54,34,64,44,67,23,22,64,46,70,24,0.0036760951700194017,0.019844106334456584,52,81,29,2,3,3,4,2,72,83,39
855,2,2,26,26,0,17,17,27,27,0,2,2,26,26,0,6.807583648184077e-05,6.807583648184077e-05,27,27,0,-1,5,5,15,2,7,58,67
856,16,16,39,39,0,38,38,51,51,0,16,16,39,39,0,0.0024507301133462676,0.0024507301133462676,48,48,0,-1,3,3,3,1,82,53,86
857,120,736,81,100,19,166,166,86,86,0,120,136,82,83,1,0.010824058000612683,0.013955546478777357,70,76,6,2,2,2,8,7,39,48,94
858,16,16,36,36,0,46,46,39,39,0,16,16,36,36,0,0.002723033459273631,0.002723033459273631,45,45,0,-1,3,3,6,3,56,46,67
859,0,0,1,1,0,0,0,1,1,0,0,0,1,1,0,0.0,0.0,1,1,0,-1,-1,-1,6,0,74,76,87
860,100,100,65,65,0,100,100,75,75,0,100,100,77,77,0,0.04979747438646653,0.0582729160284557,98,99,1,3,1,1,5,18,61,30,33
861,0,206,1,97,96,0,8,1,34,33,0,7,1,39,38,0.0,0.0015317063208414173,1,42,41,3,-1,4,2,0,97,96,52
862,0,102,1,76,75,0,12,1,26,25,0,2,1,26,25,0.0,0.0002042275094455223,1,30,29,4,-1,5,9,0,23,93,65
863,22,228,38,92,54,62,66,35,35,0,22,34,38,45,7,0.0004765308553728854,0.00176997174852786,35,42,7,3,3,3,10,2,0,63,51
864,100,100,70,70,0,100,100,53,53,0,100,100,70,70,0,0.05544776881445931,0.05544776881445931,100,100,0,-1,1,1,9,29,31,0,92
865,92,298,66,94,28,118,118,69,69,0,92,118,66,80,14,0.013104598522754349,0.01409169815174104,76,76,0,3,3,3,8,8,57,20,74
866,145,1785,82,100,18,198,222,83,89,6,145,222,82,91,9,0.010687906327649,0.0333911977943429,67,91,24,1,2,2,10,8,11,44,6
867,24,230,48,94,46,36,36,41,41,0,24,32,48,51,3,0.0019741992579733825,0.00353994349705572,44,50,6,3,3,3,5,3,49,54,75
868,16,222,35,92,57,38,54,34,36,2,16,49,35,52,17,0.0004765308553728854,0.006092787365124749,34,58,24,3,3,3,8,1,15,88,44
869,78,78,72,72,0,38,38,56,56,0,38,38,57,57,0,0.013444977705163553,0.013444977705163553,76,76,0,-1,3,3,3,9,60,39,96
870,63,63,58,58,0,114,114,67,67,0,63,63,58,58,0,0.005377991082065421,0.005377991082065421,55,55,0,-1,2,2,9,4,23,22,76
871,0,206,1,92,91,0,32,1,34,33,0,24,1,48,47,0.0,0.004833384390210695,1,53,52,3,-1,4,6,0,59,80,72
872,274,480,91,98,7,310,310,93,93,0,274,280,91,92,1,0.021375812655298,0.021750229755948126,84,84,0,3,2,2,14,18,17,30,88
873,22,124,50,85,35,28,28,46,46,0,22,28,50,52,2,0.002586881786309949,0.003948398515946765,47,53,6,4,3,3,3,2,81,83,61
874,100,100,59,59,0,100,100,46,46,0,100,100,59,59,0,0.034990979951666154,0.04115184315327275,94,95,1,2,1,1,11,19,5,15,44
875,0,206,1,93,92,0,14,1,34,33,0,14,1,42,41,0.0,0.005003573981415297,1,53,52,3,-1,4,3,0,92,80,24
876,156,156,85,85,0,120,120,86,86,0,120,120,86,86,0,0.014364001497668403,0.014364001497668403,76,76,0,-1,2,2,6,13,65,33,40
877,157,363,91,100,9,22,22,49,49,0,22,22,50,50,0,0.026039007454304094,0.04595118962524252,88,98,10,3,3,3,2,22,93,9,11
878,22,228,47,94,47,28,28,42,42,0,22,28,47,50,3,0.0026209197045508697,0.004935498144933456,49,56,7,3,3,3,3,2,64,83,41
879,16,16,39,39,0,46,46,40,40,0,16,16,39,39,0,0.0026209197045508697,0.0026209197045508697,48,48,0,-1,3,3,6,2,44,94,45
880,28,1668,47,100,53,62,106,43,65,22,28,106,47,74,27,0.002110350930937064,0.03781612716566255,46,94,48,1,3,2,7,3,24,54,0
881,202,1802,92,100,8,136,136,98,98,0,136,136,98,98,0,0.0283876238129276,0.06756526770822696,89,98,9,1,2,2,4,18,47,30,1
882,0,206,1,90,89,0,21,1,29,28,0,6,1,28,27,0.0,0.0004084550188910446,1,34,33,3,-1,4,8,1,30,45,42
883,24,24,50,50,0,22,22,47,47,0,22,22,52,52,0,0.005037611899656217,0.005037611899656217,57,57,0,-1,3,3,2,6,89,73,98
884,126,742,83,100,17,270,270,83,83,0,126,166,83,86,3,0.013513053541645392,0.01763164164879676,76,79,3,2,2,2,16,8,4,20,26
885,6,212,30,94,64,12,20,30,35,5,6,20,30,41,11,0.00034037918240920387,0.005616256509751864,33,54,21,3,4,4,4,1,53,88,31
886,240,341,94,96,2,198,198,86,86,0,198,198,92,92,0,0.018891044623710815,0.019027196296674494,79,79,0,5,2,2,10,18,12,5,55
887,32,648,46,100,54,66,76,44,48,4,32,76,46,55,9,0.0016338200755641784,0.01157289220191293,40,74,34,2,3,3,6,2,40,74,27
888,64,270,67,97,30,28,28,44,44,0,28,28,51,51,0,0.010415602981721638,0.01497668402600497,71,78,7,3,3,3,3,9,92,27,57
889,0,206,1,92,91,0,18,1,37,36,0,18,1,46,45,0.0,0.006433166547533953,1,62,61,3,-1,4,3,0,76,98,25
890,16,222,41,91,50,34,34,43,43,0,16,22,41,47,6,0.003165526396405596,0.003437829742332959,50,51,1,3,3,3,4,3,83,46,4
891,180,386,93,100,7,80,80,94,94,0,80,80,94,94,0,0.028421661731168522,0.034990979951666154,91,93,2,3,2,2,2,16,91,12,14
892,22,228,46,95,49,40,40,43,43,0,22,28,46,48,2,0.002280540522141666,0.0040845501889104465,48,51,3,3,3,3,5,2,45,52,94
893,54,670,55,100,45,114,114,73,73,0,54,114,55,79,24,0.00616086320160659,0.016474352428605468,56,79,23,2,3,3,9,4,26,38,39
894,56,157,58,85,27,46,46,43,43,0,56,46,58,54,-4,0.005718370264474625,0.0057524081827155455,53,53,0,5,3,3,6,6,69,13,65
895,100,100,77,77,0,100,100,96,96,0,100,100,96,96,0,0.09081316586677558,0.09758671159671875,100,100,0,3,1,1,3,29,66,1,32
896,0,0,1,1,0,0,0,1,1,0,0,0,1,1,0,0.0,0.0,1,1,0,-1,-1,-1,4,0,79,82,76
897,152,254,85,94,9,100,100,71,71,0,100,100,72,72,0,0.01664454201981007,0.016916845365737433,77,77,0,4,2,2,6,13,56,33,55
898,0,206,1,94,93,0,28,1,33,32,0,23,1,47,46,0.0,0.005105687736138058,1,55,54,3,-1,4,6,0,32,97,34
899,14,14,40,40,0,12,12,32,32,0,12,12,37,37,0,0.0012253650566731338,0.0012253650566731338,39,39,0,-1,4,4,2,4,91,64,93
900,0,0,1,1,0,0,0,1,1,0,0,0,1,1,0,0.0,0.0,1,1,0,-1,-1,-1,6,0,51,92,36
901,60,1700,58,100,42,112,136,75,79,4,60,136,58,81,23,0.009462541270975866,0.03192756730998332,67,90,23,1,3,2,7,5,43,25,32
902,18,18,43,43,0,50,50,45,45,0,18,18,43,43,0,0.0019061234214915416,0.0019061234214915416,44,44,0,-1,3,3,5,2,45,61,80
903,102,1742,83,100,17,48,72,59,78,19,48,72,63,79,16,0.01681473161101467,0.07093502161407808,82,97,15,1,3,2,3,17,75,6,7
904,71,687,56,100,44,180,180,70,70,0,71,113,56,75,19,0.005650294427992784,0.011947309302563056,55,69,14,2,3,3,15,6,7,35,25
905,102,302,85,100,15,46,46,84,84,0,46,46,84,84,0,0.018312400013615168,0.031655263964055956,83,93,10,3,2,2,2,8,93,8,15
906,46,252,68,100,32,32,32,67,67,0,32,32,68,68,0,0.00966676878042139,0.013513053541645392,69,76,7,3,3,3,2,5,97,25,41
907,100,100,72,72,0,100,100,87,87,0,100,100,87,87,0,0.08461826474692807,0.10405391606249362,99,100,1,2,1,1,4,40,53,3,7
908,0,0,1,1,0,0,0,1,1,0,0,0,1,1,0,0.0,0.0,1,1,0,-1,-1,-1,14,0,25,87,93
909,22,123,46,86,40,34,34,44,44,0,22,23,46,50,4,0.0022465026039007454,0.0023486163586235067,46,47,1,5,3,3,4,3,72,51,88
910,32,134,43,81,38,136,136,64,64,0,32,34,43,43,0,0.005105687736138058,0.00527587732734266,54,54,0,4,3,3,11,3,33,29,88
911,20,636,48,100,52,34,54,46,54,8,20,54,48,59,11,0.0014295925661186562,0.029510875114877974,42,92,50,2,3,3,4,3,73,43,3
912,32,32,52,52,0,44,44,50,50,0,32,32,52,52,0,0.002110350930937064,0.002110350930937064,46,46,0,-1,3,3,4,2,84,52,97
913,348,554,98,100,2,200,200,94,94,0,200,200,94,94,0,0.03318697028489737,0.03744171006501242,91,95,4,3,2,2,8,29,10,0,57
914,0,1640,1,100,99,0,122,1,59,58,0,105,1,74,73,0.0,0.020831205963443275,1,81,80,1,-1,2,12,0,3,85,37
915,22,22,49,49,0,22,22,49,49,0,22,22,50,50,0,0.0031314884781646754,0.0031314884781646754,49,49,0,-1,3,3,2,2,93,52,82
916,22,222,40,90,50,46,46,38,38,0,22,46,40,50,10,0.003437829742332959,0.009632730862180468,44,64,20,3,3,3,6,2,71,83,27
917,0,102,1,77,76,0,9,1,28,27,0,3,1,30,29,0.0,0.00013615167296368154,1,30,29,4,-1,5,7,0,62,84,63
918,342,942,96,100,4,176,176,99,99,0,176,176,99,99,0,0.039994553933081455,0.04857210932979339,93,97,4,2,2,2,5,27,80,10,8
919,140,140,81,81,0,178,178,80,80,0,140,140,81,81,0,0.015248987371932332,0.015248987371932332,77,77,0,-1,2,2,10,8,11,20,97
920,0,616,1,100,99,0,50,1,45,44,0,50,1,52,51,0.0,0.03369753905851118,1,94,93,2,-1,3,5,0,50,99,3
921,0,206,1,91,90,0,23,1,28,27,0,6,1,28,27,0.0,0.000442492937131965,1,34,33,3,-1,4,10,0,0,40,49
922,56,56,63,63,0,48,48,66,66,0,48,48,67,67,0,0.010245413390517035,0.010245413390517035,71,71,0,-1,3,3,3,6,76,77,69
923,0,0,1,1,0,0,0,1,1,0,0,0,1,1,0,0.0,0.0,1,1,0,-1,-1,-1,4,0,53,91,81
924,56,157,56,82,26,126,126,69,69,0,56,57,56,57,1,0.006092787365124749,0.0061949011198475104,58,58,0,5,2,2,7,3,24,29,68
925,34,136,56,89,33,22,22,49,49,0,22,22,53,53,0,0.006535280302256714,0.006637394056979475,63,63,0,4,3,3,2,7,90,62,56
926,14,630,45,100,55,12,32,41,69,28,12,32,41,69,28,0.0026549576227917903,0.021784267674189048,47,85,38,2,4,3,2,6,95,70,22
927,100,100,67,67,0,100,100,54,54,0,100,100,67,67,0,0.027706865448109193,0.027706865448109193,88,88,0,-1,1,1,8,9,27,31,91
928,100,100,67,67,0,100,100,70,70,0,100,100,71,71,0,0.0317233398005378,0.035059055788148,91,93,2,3,1,1,6,8,74,57,13
929,32,648,44,100,56,64,98,40,52,12,32,98,44,66,22,0.0012253650566731338,0.019980258007420267,37,82,45,2,3,3,8,2,27,74,9
930,68,68,68,68,0,62,62,80,80,0,62,62,81,81,0,0.00976888253514415,0.00976888253514415,69,69,0,-1,2,2,3,7,94,62,85
931,162,778,81,100,19,142,152,78,83,5,142,152,82,84,2,0.016304162837400864,0.028728002995336805,75,88,13,2,2,2,8,13,27,33,14
932,56,262,53,91,38,138,138,71,71,0,56,68,53,60,7,0.004629156880765172,0.00616086320160659,52,55,3,3,2,2,9,2,54,52,83
933,6,212,30,91,61,14,22,31,33,2,6,21,30,44,14,0.0004084550188910446,0.0032336022328874367,35,49,14,3,4,4,5,1,80,88,41
934,100,100,61,61,0,100,100,44,44,0,100,100,61,61,0,0.06443377923006229,0.06542087885904899,100,100,0,3,1,1,12,36,6,2,43
935,72,278,71,100,29,22,22,54,54,0,22,22,54,54,0,0.01147077844719017,0.012832295176826986,72,72,0,3,3,3,2,14,99,32,64
936,64,64,55,55,0,96,96,57,57,0,64,64,55,55,0,0.007250076585316042,0.007250076585316042,60,60,0,-1,3,3,6,4,40,38,50
937,6,6,31,31,0,19,19,31,31,0,6,6,31,31,0,0.0002382654276864427,0.0002382654276864427,33,33,0,-1,4,4,8,1,57,60,96
938,101,301,73,93,20,104,104,81,81,0,104,104,84,84,0,0.00796487286837537,0.012628067667381462,63,75,12,3,2,2,5,8,61,57,38
939,29,235,57,97,40,32,32,63,63,0,32,32,65,65,0,0.0046972327172470135,0.012287688484972258,56,76,20,3,3,3,2,4,98,22,32
940,82,288,69,95,26,48,48,54,54,0,48,48,56,56,0,0.012764219340345145,0.014568229007113924,74,79,5,3,3,3,3,8,87,20,46
941,0,0,1,1,0,0,0,1,1,0,0,0,1,1,0,0.0,0.0,1,1,0,-1,-1,-1,4,0,79,93,99
942,62,678,53,100,47,108,122,58,59,1,62,122,53,79,26,0.003165526396405596,0.01596378365499166,49,77,28,2,2,2,12,3,3,54,18
943,331,931,99,100,1,96,96,93,93,0,96,96,93,93,0,0.04571292419755608,0.05323530412879948,96,96,0,2,2,2,3,40,66,3,8
944,22,638,47,100,53,22,32,42,57,15,22,32,46,58,12,0.0018720855032506212,0.023213860240307704,45,88,43,2,3,3,2,2,68,52,11
945,16,16,35,35,0,100,100,45,45,0,16,16,35,35,0,0.0026549576227917903,0.0026549576227917903,47,47,0,-1,3,3,10,2,1,94,99
946,156,772,84,100,16,106,106,74,74,0,106,106,79,79,0,0.012525953912658701,0.020933319718166036,73,82,9,2,2,2,7,14,62,14,48
947,152,152,91,91,0,52,52,76,76,0,52,52,77,77,0,0.01841451376833793,0.01841451376833793,83,83,0,-1,2,2,3,18,55,5,80
948,0,616,1,99,98,0,59,1,32,31,0,24,1,42,41,0.0,0.0012594029749140542,1,39,38,2,-1,3,17,0,20,66,64
949,138,1738,82,100,18,190,190,92,92,0,138,190,82,93,11,0.008577555396711936,0.03025970931617822,63,88,25,1,2,2,8,6,42,28,5
950,146,352,90,98,8,72,72,79,79,0,72,72,80,80,0,0.02038871302631131,0.02641342455495422,85,91,6,3,2,2,3,16,75,12,48
951,8,8,38,38,0,12,12,34,34,0,8,8,38,38,0,0.0002042275094455223,0.0002042275094455223,32,32,0,-1,4,4,4,2,72,56,89
952,132,132,86,86,0,32,32,63,63,0,32,32,64,64,0,0.018959120460192654,0.018959120460192654,84,84,0,-1,3,3,2,18,86,30,98
953,0,206,1,93,92,0,10,1,30,29,0,8,1,35,34,0.0,0.0026889955410327104,1,47,46,3,-1,4,3,0,92,76,83
954,196,196,91,91,0,184,184,78,78,0,184,184,90,90,0,0.013785356887572755,0.013785356887572755,77,77,0,-1,2,2,10,14,0,14,80
955,403,403,100,100,0,120,120,100,100,0,120,120,100,100,0,0.06031519112291092,0.06031519112291092,97,97,0,-1,2,2,3,36,66,2,93
956,16,117,45,84,39,38,38,57,57,0,16,17,44,46,2,0.0045270431260424114,0.0045270431260424114,54,54,0,6,3,3,3,1,85,90,68
957,2,618,29,100,71,4,18,30,52,22,2,18,29,53,24,0.0002723033459273631,0.013138636440995268,34,76,42,2,5,3,2,1,97,88,73
958,16,16,41,41,0,24,24,42,42,0,16,16,41,41,0,0.0006807583648184077,0.0006807583648184077,35,35,0,-1,3,3,3,1,60,88,96
959,128,334,79,96,17,146,146,80,80,0,128,146,80,85,5,0.008101024541339052,0.011130399264780965,63,70,7,3,2,2,8,5,10,47,73
960,126,742,77,100,23,158,158,74,74,0,126,158,78,86,8,0.011096361346540046,0.021818305592429966,70,85,15,2,2,2,9,8,28,17,19
961,18,18,40,40,0,86,86,35,35,0,18,18,40,40,0,0.0007147962830593281,0.0007147962830593281,35,35,0,-1,3,3,14,2,16,56,80
962,172,274,88,96,8,88,88,71,71,0,88,88,71,71,0,0.019980258007420267,0.02021852343510671,85,85,0,4,2,2,4,18,53,30,88
963,16,222,37,94,57,40,40,39,39,0,16,22,37,42,5,0.0013615167296368155,0.0015317063208414173,41,42,1,3,3,3,5,1,63,71,88
964,97,303,80,98,18,32,32,63,63,0,32,32,64,64,0,0.01861874127778345,0.021546002246502605,83,86,3,3,3,3,2,12,86,37,35
965,22,638,48,100,52,36,60,38,51,13,22,60,48,55,7,0.0013274788113958951,0.025358249089485686,40,87,47,2,3,3,5,3,61,51,0
966,0,0,1,1,0,0,0,1,1,0,0,0,1,1,0,0.0,0.0,1,1,0,-1,-1,-1,10,0,0,93,92
967,77,283,57,93,36,88,88,49,49,0,77,84,57,60,3,0.006671431975220395,0.00793083495013445,59,62,3,3,3,3,8,8,27,57,51
968,28,644,45,100,55,86,100,43,46,3,28,100,45,62,17,0.002382654276864427,0.009292351679771264,46,67,21,2,3,3,10,3,36,54,24
969,74,74,66,66,0,60,60,52,52,0,60,60,62,62,0,0.009870996289866912,0.009870996289866912,70,70,0,-1,3,3,5,9,45,27,76
970,100,100,59,59,0,100,100,45,45,0,100,100,59,59,0,0.03761189965621702,0.03761189965621702,95,95,0,-1,1,1,10,20,0,23,36
971,24,1664,45,100,55,62,94,42,50,8,24,94,45,67,22,0.0013955546478777359,0.025051907825317403,41,88,47,1,3,2,9,4,26,64,30
972,0,206,1,92,91,0,32,1,34,33,0,20,1,44,43,0.0,0.004186663943633207,1,50,49,3,-1,4,6,0,59,40,38
973,96,96,76,76,0,62,62,79,79,0,62,62,79,79,0,0.01575955614554614,0.01575955614554614,78,78,0,-1,2,2,3,8,76,17,40
974,2,2,27,27,0,10,10,29,29,0,2,2,27,27,0,0.0,0.0,1,1,0,-1,5,5,6,1,34,95,86
975,100,100,58,58,0,100,100,38,38,0,100,100,58,58,0,0.014874570271282209,0.021750229755948126,76,86,10,2,1,1,16,5,9,47,24
976,84,84,73,73,0,48,48,66,66,0,48,48,67,67,0,0.013410939786922631,0.013410939786922631,77,77,0,-1,3,3,3,9,76,39,96
977,126,227,82,91,9,80,80,59,59,0,80,80,63,63,0,0.009632730862180468,0.00970080669866231,69,69,0,5,3,3,5,13,61,24,78
978,2,208,29,94,65,4,8,31,32,1,2,8,29,37,8,3.4037918240920386e-05,0.0030634126416828346,27,50,23,3,5,4,2,1,90,65,41
979,212,812,96,100,4,38,38,51,51,0,38,38,54,54,0,0.029715102624323496,0.040334933115490655,94,95,1,2,3,3,3,29,94,11,15
980,148,248,90,98,8,56,56,88,88,0,56,56,88,88,0,0.030361823070900983,0.030804316008032948,91,91,0,5,2,2,2,18,93,5,42
981,146,352,85,97,12,128,128,93,93,0,128,128,93,93,0,0.01664454201981007,0.02920453385070969,77,87,10,3,2,2,5,8,70,17,6
982,128,334,81,97,16,100,100,73,73,0,100,100,74,74,0,0.014295925661186561,0.018891044623710815,74,80,6,3,2,2,6,13,71,33,57
983,198,1838,96,100,4,32,56,63,83,20,32,56,65,84,19,0.029681064706082574,0.08972395248306614,92,98,6,1,3,2,2,30,98,7,11
984,2,208,28,93,65,8,12,30,33,3,2,12,28,40,12,0.0002382654276864427,0.0034718676605738795,34,50,16,3,5,4,4,1,72,60,35
985,44,250,58,95,37,38,38,52,52,0,38,38,55,55,0,0.006501242384015794,0.012219612648490419,63,75,12,3,3,3,3,4,66,38,34
986,60,676,58,100,42,76,76,57,57,0,60,76,58,60,2,0.0061949011198475104,0.01242384015793594,61,71,10,2,3,3,6,5,74,47,72
987,0,0,1,1,0,0,0,1,1,0,0,0,1,1,0,0.0,0.0,1,1,0,-1,-1,-1,11,0,33,97,87
988,53,669,63,100,37,38,38,52,52,0,38,38,55,55,0,0.0068075836481840775,0.021375812655298,64,85,21,2,3,3,3,8,66,57,37
989,0,616,1,100,99,0,100,1,44,43,0,100,1,63,62,0.0,0.021716191837707205,1,84,83,2,-1,3,10,0,18,89,11
990,0,0,1,1,0,0,0,1,1,0,0,0,1,1,0,0.0,0.0,1,1,0,-1,-1,-1,6,1,40,50,86
991,150,356,87,98,11,88,88,81,81,0,88,88,81,81,0,0.020014295925661188,0.026379386636713298,83,89,6,3,2,2,4,17,73,6,24
992,0,616,1,100,99,0,66,1,36,35,0,46,1,48,47,0.0,0.004322815616596889,1,54,53,2,-1,3,12,0,2,80,13
993,0,206,1,91,90,0,48,1,31,30,0,6,1,27,26,0.0,0.0016678579938050988,1,40,39,3,-1,4,16,1,4,69,94
994,100,100,69,69,0,100,100,57,57,0,100,100,69,69,0,0.03863303720344464,0.03863303720344464,95,95,0,-1,1,1,8,18,57,30,67
995,88,704,67,100,33,88,88,71,71,0,88,88,71,71,0,0.011232513019503728,0.023281936076789543,72,90,18,2,2,2,4,7,53,62,5
996,76,282,62,97,35,64,64,59,59,0,64,64,63,63,0,0.00803294870485721,0.009088124170325743,66,67,1,3,3,3,4,7,53,21,64
997,6,6,30,30,0,12,12,30,30,0,6,6,30,30,0,0.00017018959120460194,0.00017018959120460194,31,31,0,-1,4,4,4,1,53,60,79
998,6,6,30,30,0,18,18,30,30,0,6,6,30,30,0,0.0002382654276864427,0.0002382654276864427,32,32,0,-1,4,4,9,1,35,55,81
999,0,206,1,95,94,0,8,1,32,31,0,8,1,36,35,0.0,0.004493005207801491,1,53,52,3,-1,4,2,1,89,50,38
