,FreeNet_pre_score,FreeNet_post_score,FreeNet_pre_rank,FreeNet_post_rank,FreeNet_delta_ranks,Reversed_pre_score,Reversed_post_score,Reversed_pre_rank,Reversed_post_rank,Reversed_delta_ranks,Random_pre_score,Random_post_score,Random_pre_rank,Random_post_rank,Random_delta_ranks,dist_victim_relayer,dist_victim_vilain_pre,dist_victim_vilain_post,out_deg_victim,in_deg_villain,victim,villain,relayer
0,0,0,1,1,0,0,0,1,1,0,0.0,0.0,1,1,0,-1,-1,-1,8,0,334,445,823
1,6,108,433,914,481,24,24,545,545,0,6.807583648184077e-05,0.0002723033459273631,449,618,169,4,4,4,6,2,266,384,247
2,9,111,502,892,390,20,23,399,415,16,6.807583648184077e-05,0.00030634126416828345,438,615,177,4,4,4,10,3,205,411,198
3,6,108,398,885,487,40,40,477,477,0,3.4037918240920386e-05,6.807583648184077e-05,387,434,47,4,4,4,14,1,172,481,598
4,77,179,860,950,90,74,74,771,771,0,0.0009870996289866913,0.0009870996289866913,798,798,0,4,3,3,9,17,180,131,718
5,0,206,1,979,978,0,10,1,557,556,0.0,0.0005446066918547262,1,730,729,3,-1,4,3,0,790,858,139
6,0,0,1,1,0,0,0,1,1,0,0.0,0.0,1,1,0,-1,-1,-1,5,1,644,814,835
7,16,222,550,958,408,42,42,533,533,0,0.0005446066918547262,0.0009530617107457708,693,778,85,3,4,4,11,6,271,275,286
8,30,30,699,699,0,82,82,750,750,0,0.0007488342013002485,0.0007488342013002485,755,755,0,-1,3,3,11,4,234,40,838
9,2,2,357,357,0,8,8,357,357,0,0.0,0.0,1,1,0,-1,5,5,7,2,497,374,776
10,2,2,356,356,0,9,9,368,368,0,3.4037918240920386e-05,3.4037918240920386e-05,408,408,0,-1,5,5,7,2,510,842,489
11,157,363,937,982,45,92,92,909,909,0,0.003982436434187685,0.0051397256543789785,946,963,17,3,3,3,7,29,525,142,180
12,20,226,697,973,276,26,30,658,709,51,0.00034037918240920387,0.0017018959120460194,651,865,214,3,4,4,5,6,795,381,113
13,8,8,484,484,0,25,25,442,442,0,0.0,0.0,1,1,0,-1,4,4,9,5,159,476,643
14,0,206,1,935,934,0,94,1,529,528,0.0,0.002280540522141666,1,886,885,3,-1,4,23,1,43,947,41
15,0,206,1,966,965,0,10,1,420,419,0.0,3.4037918240920386e-05,1,393,392,3,-1,4,4,0,509,845,230
16,16,117,595,923,328,20,20,491,491,0,0.00013615167296368154,0.00013615167296368154,514,514,0,5,4,4,6,4,549,210,736
17,6,6,407,407,0,26,26,485,485,0,3.4037918240920386e-05,3.4037918240920386e-05,400,400,0,-1,4,4,7,1,436,718,803
18,0,0,1,1,0,0,0,1,1,0,0.0,0.0,1,1,0,-1,-1,-1,3,0,628,977,841
19,17,119,704,946,242,18,18,657,657,0,0.0006807583648184077,0.0007147962830593281,755,762,7,4,4,4,3,5,615,216,501
20,2,103,363,913,550,9,9,401,401,0,6.807583648184077e-05,6.807583648184077e-05,451,451,0,5,5,5,5,1,382,558,781
21,28,234,819,988,169,22,22,864,864,0,0.0011232513019503727,0.002280540522141666,826,908,82,3,3,3,2,4,878,202,293
22,8,110,502,904,402,28,28,501,501,0,0.00017018959120460194,0.00017018959120460194,543,543,0,4,4,4,8,2,380,579,325
23,0,206,1,950,949,0,21,1,424,423,0.0,0.0004765308553728854,1,698,697,3,-1,4,9,0,277,228,439
24,2,2,364,364,0,6,6,418,418,0,0.0,0.0,1,1,0,-1,5,5,3,1,842,935,916
25,6,107,508,949,441,8,8,540,540,0,0.00037441710065012424,0.0004765308553728854,674,711,37,5,4,4,2,2,469,805,315
26,12,113,680,965,285,12,12,721,721,0,0.00030634126416828345,0.00034037918240920387,647,665,18,5,4,4,2,2,666,827,659
27,15,631,548,994,446,50,60,573,626,53,6.807583648184077e-05,0.0009190237925048504,433,788,355,2,4,3,11,5,233,241,634
28,0,616,1,1000,999,0,24,1,837,836,0.0,0.008169100377820893,1,979,978,2,-1,3,3,0,768,871,24
29,61,162,859,961,102,38,38,857,857,0,0.0017359338302869397,0.00176997174852786,876,878,2,5,3,3,3,13,780,42,680
30,590,691,996,997,1,112,112,996,996,0,0.014500153170632085,0.014500153170632085,990,990,0,5,2,2,4,96,921,1,788
31,0,102,1,911,910,0,10,1,412,411,0.0,0.0004765308553728854,1,696,695,4,-1,5,5,1,407,874,195
32,0,206,1,973,972,0,10,1,472,471,0.0,0.0004765308553728854,1,705,704,3,-1,4,3,0,592,845,173
33,573,573,992,992,0,182,182,992,992,0,0.011130399264780965,0.011130399264780965,982,982,0,-1,2,2,9,78,414,9,624
34,2,208,364,969,605,5,16,365,518,153,6.807583648184077e-05,0.0005446066918547262,449,725,276,3,5,4,4,1,675,437,382
35,16,16,580,580,0,40,40,654,654,0,0.00013615167296368154,0.00013615167296368154,513,513,0,-1,3,3,7,1,170,655,856
36,28,234,698,971,273,28,32,611,656,45,0.0002042275094455223,0.0005105687736138058,561,702,141,3,3,3,5,4,349,202,414
37,0,101,1,925,924,0,5,1,332,331,0.0,0.0,1,1,0,5,-1,6,5,0,376,838,690
38,6,6,422,422,0,44,44,611,611,0,0.0002042275094455223,0.0002042275094455223,571,571,0,-1,4,4,8,1,225,741,388
39,25,127,772,953,181,12,12,600,600,0,0.0007488342013002485,0.0007488342013002485,779,779,0,4,4,4,2,11,925,118,258
40,6,107,465,939,474,16,16,580,580,0,0.0002723033459273631,0.0002723033459273631,626,626,0,5,4,4,4,1,603,474,523
41,14,14,660,660,0,14,14,592,592,0,0.0004765308553728854,0.0004765308553728854,708,708,0,-1,4,4,3,4,732,637,358
42,16,16,676,676,0,10,10,500,500,0,0.0006807583648184077,0.0006807583648184077,754,754,0,-1,4,4,3,5,568,308,806
43,26,26,712,712,0,37,37,619,619,0,0.00030634126416828345,0.00030634126416828345,622,622,0,-1,3,3,8,5,158,350,359
44,0,616,1,997,996,0,37,1,625,624,0.0,0.00176997174852786,1,863,862,2,-1,3,8,0,270,890,116
45,0,102,1,872,871,0,34,1,375,374,0.0,0.00010211375472276115,1,469,468,4,-1,5,22,3,33,854,659
46,0,206,1,971,970,0,15,1,509,508,0.0,0.0002042275094455223,1,579,578,3,-1,4,4,0,542,927,187
47,0,616,1,999,998,0,20,1,777,776,0.0,0.002995336805200994,1,927,926,2,-1,3,3,0,699,638,48
48,62,268,865,979,114,36,36,792,792,0,0.0015657442390823377,0.0032336022328874367,864,927,63,3,3,3,5,17,744,269,35
49,14,116,603,931,328,16,16,517,517,0,0.0002042275094455223,0.0007147962830593281,580,774,194,4,4,4,4,6,641,247,340
50,0,0,1,1,0,0,0,1,1,0,0.0,0.0,1,1,0,-1,-1,-1,5,0,338,846,698
51,86,292,931,989,58,46,46,978,978,0,0.005684332346233704,0.010279451308757957,965,985,20,3,2,2,2,20,681,49,18
52,0,616,1,989,988,0,54,1,509,508,0.0,0.0012594029749140542,1,831,830,2,-1,3,14,0,203,608,559
53,2,103,357,914,557,7,7,374,374,0,0.0,0.0,1,1,0,5,5,5,5,1,396,530,547
54,0,102,1,952,951,0,3,1,390,389,0.0,0.0002382654276864427,1,605,604,4,-1,5,2,0,715,702,491
55,0,206,1,956,955,0,38,1,500,499,0.0,0.0007828721195411688,1,762,761,3,-1,4,11,0,234,777,224
56,49,49,908,908,0,12,12,785,785,0,0.0024507301133462676,0.0024507301133462676,914,914,0,-1,4,4,2,19,936,72,940
57,6,108,447,925,478,10,10,436,436,0,3.4037918240920386e-05,0.0002042275094455223,392,567,175,4,5,5,5,3,452,369,302
58,146,352,925,982,57,130,130,912,912,0,0.002484768031587188,0.0027911092957554717,903,914,11,3,3,3,10,15,204,153,459
59,87,87,923,923,0,22,22,816,816,0,0.0018380475850097008,0.0018380475850097008,877,877,0,-1,3,3,2,20,739,109,554
60,15,116,668,944,276,16,16,566,566,0,0.00017018959120460194,0.00017018959120460194,553,553,0,6,4,4,4,4,728,315,469
61,0,0,1,1,0,0,0,1,1,0,0.0,0.0,1,1,0,-1,-1,-1,3,0,850,790,798
62,6,212,433,967,534,36,36,667,667,0,0.000442492937131965,0.0006467204465774873,690,759,69,3,4,4,6,1,295,404,810
63,52,258,742,960,218,164,168,743,755,12,0.0006807583648184077,0.0011232513019503727,738,807,69,3,3,3,22,9,33,343,145
64,1,103,332,957,625,2,4,332,436,104,0.0,0.0002723033459273631,1,625,624,4,7,5,2,1,967,469,256
65,154,770,916,994,78,166,176,901,919,18,0.0019741992579733825,0.0029612988869600733,864,915,51,2,2,2,15,11,102,97,90
66,38,38,719,719,0,86,86,721,721,0,0.0004084550188910446,0.0004084550188910446,658,658,0,-1,3,3,11,3,162,519,604
67,37,243,752,967,215,64,64,669,669,0,0.0009190237925048504,0.0013615167296368155,799,839,40,3,3,3,11,7,176,399,101
68,16,16,562,562,0,29,29,475,475,0,0.0004765308553728854,0.0004765308553728854,690,690,0,-1,3,3,10,1,254,743,933
69,0,0,1,1,0,0,0,1,1,0,0.0,0.0,1,1,0,-1,-1,-1,16,0,145,932,970
70,14,220,615,974,359,16,16,533,533,0,0.00013615167296368154,0.0002723033459273631,516,614,98,3,4,4,4,4,313,332,239
71,6,108,431,916,485,20,20,585,585,0,0.00017018959120460194,0.0002723033459273631,548,610,62,4,4,4,4,2,858,714,419
72,252,354,969,981,12,148,148,969,969,0,0.004629156880765172,0.004663194799006093,951,951,0,4,2,2,9,29,327,17,152
73,0,102,1,917,916,0,4,1,358,357,0.0,0.00017018959120460194,1,538,537,4,-1,5,3,0,645,732,365
74,0,102,1,897,896,0,11,1,402,401,0.0,0.0002723033459273631,1,614,613,4,-1,5,6,0,473,979,343
75,16,118,553,901,348,37,37,491,491,0,6.807583648184077e-05,6.807583648184077e-05,449,449,0,4,3,3,11,1,76,639,225
76,62,678,798,989,191,186,196,908,917,9,0.00176997174852786,0.002825147213996392,862,913,51,2,2,2,16,4,132,281,219
77,127,228,939,971,32,34,34,744,744,0,0.0031314884781646754,0.0031314884781646754,928,928,0,5,3,3,4,30,832,65,662
78,1,1,332,332,0,2,2,332,332,0,0.0,0.0,1,1,0,-1,6,6,2,1,804,140,981
79,0,206,1,956,955,0,40,1,496,495,0.0,0.0005105687736138058,1,701,700,3,-1,4,12,0,106,938,470
80,37,243,804,979,175,20,24,570,649,79,0.0004084550188910446,0.0030634126416828346,680,927,247,3,4,4,4,11,652,316,57
81,18,224,676,974,298,18,18,658,658,0,0.0006467204465774873,0.0011232513019503727,765,833,68,3,4,4,3,5,864,221,145
82,0,206,1,946,945,0,34,1,466,465,0.0,0.0006126825283365669,1,731,730,3,-1,4,11,0,66,498,327
83,0,102,1,921,920,0,5,1,367,366,0.0,0.00037441710065012424,1,664,663,4,-1,5,4,0,787,804,613
84,1,103,333,902,569,7,11,333,386,53,0.0,0.00034037918240920387,1,650,649,4,6,5,7,1,329,540,121
85,0,206,1,951,950,0,37,1,459,458,0.0,0.0005786446100956465,1,714,713,3,-1,4,14,1,84,835,591
86,1,103,333,920,587,5,8,333,388,55,0.0,6.807583648184077e-05,1,449,448,4,6,5,5,1,561,671,260
87,1,207,333,965,632,5,13,333,453,120,0.0,0.00030634126416828345,1,628,627,3,7,4,5,2,382,344,236
88,0,102,1,926,925,0,6,1,426,425,0.0,0.0004084550188910446,1,681,680,4,-1,5,3,0,864,672,377
89,70,686,874,997,123,34,34,757,757,0,0.0013955546478777359,0.002995336805200994,850,925,75,2,3,3,4,15,753,53,415
90,148,1788,921,1000,79,202,266,949,983,34,0.0035059055788147996,0.019367575479083698,932,997,65,1,2,2,14,13,144,335,23
91,31,31,744,744,0,36,36,597,597,0,0.0006126825283365669,0.0006126825283365669,738,738,0,-1,4,4,8,9,440,211,824
92,0,101,1,943,942,0,2,1,329,328,0.0,6.807583648184077e-05,1,454,453,5,-1,6,2,0,988,956,879
93,0,101,1,866,865,0,18,1,332,331,0.0,0.00013615167296368154,1,509,508,5,-1,6,18,0,69,909,771
94,3,104,448,944,496,4,4,383,383,0,0.00013615167296368154,0.00013615167296368154,530,530,0,7,5,5,3,2,840,523,590
95,0,206,1,961,960,0,17,1,444,443,0.0,0.00037441710065012424,1,657,656,3,-1,4,7,0,214,629,439
96,28,644,716,997,281,58,78,771,870,99,0.0009530617107457708,0.012559991830899623,797,987,190,2,3,3,8,3,323,382,3
97,12,218,492,949,457,42,80,455,611,156,6.807583648184077e-05,0.0026209197045508697,440,907,467,3,4,4,16,2,72,576,74
98,13,13,603,603,0,16,16,550,550,0,0.0002382654276864427,0.0002382654276864427,576,576,0,-1,4,4,4,3,562,93,888
99,0,206,1,971,970,0,12,1,457,456,0.0,0.0006126825283365669,1,744,743,3,-1,4,4,0,566,798,326
100,12,218,569,969,400,20,20,553,553,0,0.0002042275094455223,0.0008509479560230097,579,783,204,3,4,4,4,2,572,491,355
101,6,108,412,904,492,16,16,443,443,0,0.00010211375472276115,0.0002723033459273631,489,600,111,4,4,4,6,2,255,550,688
102,207,823,973,1000,27,56,56,973,973,0,0.006024711528642908,0.00891793457912114,966,981,15,2,2,2,2,31,905,102,69
103,0,0,1,1,0,0,0,1,1,0,0.0,0.0,1,1,0,-1,-1,-1,6,0,432,423,517
104,0,0,1,1,0,0,0,1,1,0,0.0,0.0,1,1,0,-1,-1,-1,6,0,378,956,942
105,8,110,506,905,399,25,25,485,485,0,0.0002042275094455223,0.0002042275094455223,579,579,0,4,4,4,9,5,190,476,364
106,166,166,921,921,0,152,152,848,848,0,0.001940161339732462,0.001940161339732462,872,872,0,-1,3,3,16,20,132,109,923
107,0,101,1,960,959,0,2,1,332,331,0.0,0.0,1,1,0,5,-1,6,2,0,481,953,512
108,50,256,808,973,165,48,48,767,767,0,0.0008169100377820892,0.0011232513019503727,774,819,45,3,3,3,6,6,514,46,257
109,0,102,1,899,898,0,6,1,358,357,0.0,6.807583648184077e-05,1,445,444,4,-1,5,5,0,496,995,484
110,256,358,961,978,17,192,192,950,950,0,0.005207801490860819,0.00527587732734266,956,957,1,4,2,2,13,27,90,88,395
111,62,62,848,848,0,50,50,843,843,0,0.0013274788113958951,0.0013274788113958951,843,843,0,-1,3,3,5,12,538,155,814
112,9,110,495,883,388,34,34,424,424,0,6.807583648184077e-05,0.00010211375472276115,439,472,33,5,4,4,15,3,45,572,615
113,18,18,717,717,0,12,12,654,654,0,0.0007488342013002485,0.0007488342013002485,775,775,0,-1,4,4,2,7,964,630,980
114,24,126,644,909,265,54,54,603,603,0,0.0002382654276864427,0.00034037918240920387,590,644,54,4,3,3,10,3,128,704,464
115,6,212,372,942,570,59,100,401,496,95,3.4037918240920386e-05,0.0007488342013002485,396,750,354,3,4,4,30,3,7,578,273
116,15,221,618,967,349,26,30,557,590,33,0.0002723033459273631,0.0014636304843595766,604,843,239,3,4,4,7,4,482,504,54
117,0,206,1,956,955,0,20,1,517,516,0.0,0.002110350930937064,1,888,887,3,-1,4,4,0,503,455,39
118,0,0,1,1,0,0,0,1,1,0,0.0,0.0,1,1,0,-1,-1,-1,2,0,998,574,883
119,9,9,558,558,0,7,7,457,457,0,0.00013615167296368154,0.00013615167296368154,519,519,0,-1,4,4,2,5,932,710,472
120,95,197,839,930,91,168,168,756,756,0,0.0009190237925048504,0.0009530617107457708,784,792,8,4,3,3,21,13,54,340,563
121,72,174,898,966,68,32,32,889,889,0,0.0019741992579733825,0.002144388849177984,895,903,8,4,3,3,2,17,586,269,188
122,79,285,868,974,106,78,78,880,880,0,0.0018040096667687805,0.0026549576227917903,879,916,37,3,3,3,7,8,400,352,414
123,16,632,532,993,461,60,98,538,679,141,0.0,0.0023486163586235067,1,902,901,2,3,3,15,1,104,718,88
124,33,33,741,741,0,30,30,624,624,0,0.000442492937131965,0.000442492937131965,680,680,0,-1,4,4,5,9,349,294,776
125,7,109,507,920,413,9,9,437,437,0,3.4037918240920386e-05,0.00013615167296368154,391,511,120,4,4,4,3,5,778,476,202
126,0,0,1,1,0,0,0,1,1,0,0.0,0.0,1,1,0,-1,-1,-1,4,0,617,930,431
127,12,12,538,538,0,44,44,628,628,0,0.00030634126416828345,0.00030634126416828345,626,626,0,-1,4,4,8,2,199,323,948
128,7,7,577,577,0,8,8,562,562,0,0.00030634126416828345,0.00030634126416828345,655,655,0,-1,4,4,2,3,994,541,784
129,18,120,701,946,245,8,8,492,492,0,0.0002382654276864427,0.0004765308553728854,583,705,122,4,4,4,2,9,598,391,770
130,0,102,1,894,893,0,14,1,382,381,0.0,0.0,1,1,0,4,-1,5,9,0,136,330,958
131,8,8,572,572,0,12,12,634,634,0,0.0002382654276864427,0.0002382654276864427,613,613,0,-1,4,4,2,2,681,724,979
132,40,141,775,928,153,54,54,707,707,0,0.0006467204465774873,0.0006807583648184077,744,751,7,5,3,3,8,6,646,194,639
133,76,76,824,824,0,150,150,764,764,0,0.0012253650566731338,0.0012253650566731338,830,830,0,-1,3,3,19,9,31,130,859
134,16,16,530,530,0,86,86,624,624,0,0.0006807583648184077,0.0006807583648184077,745,745,0,-1,4,4,15,4,0,557,965
135,26,26,665,665,0,80,80,625,625,0,0.00037441710065012424,0.00037441710065012424,664,664,0,-1,3,3,15,4,95,365,757
136,12,113,659,957,298,18,18,707,707,0,0.00034037918240920387,0.0005786446100956465,660,733,73,5,4,4,3,4,798,305,545
137,75,177,847,941,94,96,96,819,819,0,0.0012253650566731338,0.0013615167296368155,825,838,13,4,3,3,11,14,333,139,791
138,0,102,1,964,963,0,5,1,454,453,0.0,0.0002382654276864427,1,612,611,4,-1,5,3,0,812,909,480
139,0,206,1,964,963,0,28,1,565,564,0.0,0.0010211375472276116,1,810,809,3,-1,4,6,0,387,941,352
140,14,14,671,671,0,12,12,671,671,0,0.0006126825283365669,0.0006126825283365669,744,744,0,-1,4,4,2,5,929,306,822
141,0,206,1,972,971,0,13,1,467,466,0.0,0.0002382654276864427,1,599,598,3,-1,4,6,0,486,735,258
142,0,102,1,905,904,0,10,1,403,402,0.0,0.0006126825283365669,1,729,728,4,-1,5,5,1,492,568,130
143,17,17,714,714,0,8,8,534,534,0,0.00010211375472276115,0.00010211375472276115,496,496,0,-1,4,4,2,8,684,477,574
144,5,5,417,417,0,16,16,407,407,0,0.00010211375472276115,0.00010211375472276115,488,488,0,-1,5,5,8,3,231,534,803
145,7,7,549,549,0,8,8,497,497,0,0.00010211375472276115,0.00010211375472276115,502,502,0,-1,4,4,2,2,907,724,758
146,14,14,568,568,0,18,18,429,429,0,0.00017018959120460194,0.00017018959120460194,551,551,0,-1,4,4,7,4,179,625,938
147,77,77,855,855,0,128,128,957,957,0,0.0020082371762143027,0.0020082371762143027,882,882,0,-1,2,2,9,9,388,415,926
148,0,102,1,920,919,0,4,1,360,359,0.0,3.4037918240920386e-05,1,408,407,4,-1,5,3,0,819,946,342
149,8,109,586,952,366,8,8,527,527,0,0.0002382654276864427,0.0004765308553728854,604,698,94,5,4,4,2,4,625,278,547
150,18,120,687,948,261,12,12,586,586,0,0.0002382654276864427,0.00037441710065012424,594,672,78,4,4,4,2,4,934,501,666
151,169,270,947,975,28,122,122,967,967,0,0.0031314884781646754,0.0031314884781646754,927,927,0,5,2,2,8,20,158,43,623
152,264,880,958,995,37,288,288,959,959,0,0.003812246842983083,0.0046972327172470135,937,953,16,2,2,2,19,24,31,13,194
153,0,206,1,982,981,0,8,1,571,570,0.0,0.0010892133837094523,1,828,827,3,-1,4,2,0,996,455,64
154,0,102,1,926,925,0,9,1,402,401,0.0,0.00034037918240920387,1,651,650,4,-1,5,6,0,486,776,389
155,0,0,1,1,0,0,0,1,1,0,0.0,0.0,1,1,0,-1,-1,-1,2,0,957,988,695
156,0,206,1,970,969,0,10,1,445,444,0.0,0.0002382654276864427,1,589,588,3,-1,4,3,1,645,685,233
157,1,103,333,890,557,8,12,333,376,43,3.4037918240920386e-05,0.00010211375472276115,402,472,70,4,6,5,8,1,411,437,662
158,0,101,1,907,906,0,6,1,331,330,0.0,0.0,1,1,0,5,-1,6,6,0,267,875,924
159,0,102,1,891,890,0,11,1,357,356,0.0,0.0,1,1,0,4,-1,5,9,0,178,201,577
160,10,112,497,893,396,47,48,481,484,3,0.0002042275094455223,0.00034037918240920387,563,640,77,4,4,4,16,4,60,319,840
161,0,102,1,946,945,0,4,1,414,413,0.0,6.807583648184077e-05,1,451,450,4,-1,5,2,0,940,909,328
162,0,206,1,962,961,0,25,1,517,516,0.0,0.0005786446100956465,1,725,724,3,-1,4,7,0,264,769,471
163,4,106,440,932,492,4,4,393,393,0,0.0002042275094455223,0.0002723033459273631,573,622,49,4,5,5,2,3,828,196,313
164,0,0,1,1,0,0,0,1,1,0,0.0,0.0,1,1,0,-1,-1,-1,3,0,725,777,989
165,2,208,371,979,608,3,8,372,541,169,3.4037918240920386e-05,0.00088498587426393,400,799,399,3,5,4,2,1,548,687,147
166,70,172,925,976,51,32,32,948,948,0,0.002825147213996392,0.0028591851322373124,925,926,1,4,3,3,2,15,996,36,544
167,0,0,1,1,0,0,0,1,1,0,0.0,0.0,1,1,0,-1,-1,-1,6,1,526,874,529
168,8,8,506,506,0,17,17,409,409,0,0.00030634126416828345,0.00030634126416828345,618,618,0,-1,5,5,9,6,190,279,349
169,34,240,683,956,273,94,94,644,644,0,0.0005105687736138058,0.0005786446100956465,693,710,17,3,3,3,16,4,145,333,593
170,437,538,999,1000,1,62,62,991,991,0,0.02559651451717213,0.02569862827189489,995,996,1,5,2,2,3,130,853,3,314
171,16,16,684,684,0,22,22,828,828,0,0.0005786446100956465,0.0005786446100956465,731,731,0,-1,3,3,2,1,874,80,668
172,16,16,621,621,0,42,42,737,737,0,0.00010211375472276115,0.00010211375472276115,493,493,0,-1,3,3,6,1,402,667,588
173,52,154,758,912,154,96,96,640,640,0,0.0005446066918547262,0.0006126825283365669,696,711,15,4,3,3,16,7,50,115,627
174,2,103,363,919,556,5,5,364,364,0,3.4037918240920386e-05,3.4037918240920386e-05,403,403,0,5,5,5,4,1,401,590,402
175,0,102,1,915,914,0,9,1,407,406,0.0,0.00017018959120460194,1,548,547,4,-1,5,5,3,565,348,389
176,6,108,401,898,497,44,44,601,601,0,0.0002382654276864427,0.0004084550188910446,576,670,94,4,4,4,8,1,303,711,378
177,0,206,1,962,961,0,20,1,476,475,0.0,0.0009870996289866913,1,806,805,3,-1,4,6,0,352,702,375
178,64,64,824,824,0,106,106,770,770,0,0.0013955546478777359,0.0013955546478777359,845,845,0,-1,2,2,14,6,84,46,624
179,29,645,681,995,314,74,110,612,783,171,0.0002042275094455223,0.006399128629293032,560,964,404,2,3,3,14,7,47,371,70
180,18,120,670,938,268,26,26,649,649,0,0.0002382654276864427,0.000442492937131965,595,688,93,4,4,4,5,3,533,173,622
181,0,0,1,1,0,0,0,1,1,0,0.0,0.0,1,1,0,-1,-1,-1,6,0,369,533,707
182,82,1722,849,1000,151,122,180,854,950,96,0.0006467204465774873,0.013683243132849994,749,987,238,1,3,2,11,11,227,52,5
183,0,0,1,1,0,0,0,1,1,0,0.0,0.0,1,1,0,-1,-1,-1,6,0,295,782,715
184,56,262,793,960,167,110,110,756,756,0,0.0005786446100956465,0.0007828721195411688,712,760,48,3,3,3,14,7,332,150,508
185,0,0,1,1,0,0,0,1,1,0,0.0,0.0,1,1,0,-1,-1,-1,9,0,306,902,811
186,2,208,368,975,607,3,12,369,644,275,0.0,0.007318152421797883,1,969,968,3,5,4,2,1,980,734,1
187,50,50,746,746,0,178,178,784,784,0,0.00088498587426393,0.00088498587426393,771,771,0,-1,3,3,22,6,22,289,784
188,0,616,1,993,992,0,80,1,644,643,0.0,0.002995336805200994,1,918,917,2,-1,3,15,0,138,564,142
189,8,214,528,971,443,12,16,466,538,72,6.807583648184077e-05,0.0004765308553728854,461,706,245,3,4,4,4,4,753,270,172
190,0,0,1,1,0,0,0,1,1,0,0.0,0.0,1,1,0,-1,-1,-1,8,0,483,825,900
191,8,624,486,992,506,38,90,474,702,228,6.807583648184077e-05,0.002927260968719153,446,923,477,2,4,3,13,3,97,434,8
192,1,1,332,332,0,2,2,332,332,0,0.0,0.0,1,1,0,-1,10,10,2,1,942,647,925
193,0,102,1,906,905,0,10,1,405,404,0.0,0.0005105687736138058,1,711,710,4,-1,5,5,1,392,874,295
194,2,2,356,356,0,16,16,411,411,0,6.807583648184077e-05,6.807583648184077e-05,453,453,0,-1,5,5,8,1,225,334,201
195,0,101,1,919,918,0,2,1,332,331,0.0,0.0,1,1,0,5,-1,6,2,0,893,800,402
196,12,12,488,488,0,41,41,434,434,0,0.0002382654276864427,0.0002382654276864427,580,580,0,-1,4,4,16,3,27,646,965
197,1,207,333,972,639,2,8,333,438,105,0.0,0.0009190237925048504,1,797,796,3,6,4,2,2,893,739,193
198,2,2,377,377,0,4,4,416,416,0,0.0,0.0,1,1,0,-1,5,5,2,1,625,743,875
199,38,140,703,912,209,76,76,568,568,0,0.00037441710065012424,0.000442492937131965,653,676,23,4,3,3,16,4,59,443,238
200,0,0,1,1,0,0,0,1,1,0,0.0,0.0,1,1,0,-1,-1,-1,3,1,888,920,774
201,0,206,1,956,955,0,29,1,492,491,0.0,0.0002723033459273631,1,614,613,3,-1,4,9,0,200,894,494
202,42,42,759,759,0,82,82,753,753,0,0.0012934408931549745,0.0012934408931549745,838,838,0,-1,2,2,10,3,128,197,426
203,0,101,1,974,973,0,2,1,329,328,0.0,0.0002723033459273631,1,641,640,5,-1,6,2,0,956,866,500
204,0,102,1,934,933,0,5,1,402,401,0.0,0.00037441710065012424,1,669,668,4,-1,5,3,0,716,851,487
205,23,229,750,980,230,22,22,805,805,0,0.00088498587426393,0.001599782157323258,804,875,71,3,3,3,2,6,939,471,83
206,25,231,727,975,248,26,26,709,709,0,0.000442492937131965,0.001940161339732462,699,884,185,3,3,3,4,4,675,504,72
207,2,208,395,988,593,4,8,455,588,133,0.00013615167296368154,0.0008509479560230097,533,801,268,3,5,4,2,1,481,110,589
208,0,1640,1,1000,999,0,70,1,721,720,0.0,0.011300588855985567,1,979,978,1,-1,2,10,0,409,909,157
209,0,102,1,895,894,0,10,1,394,393,0.0,0.0002723033459273631,1,610,609,4,-1,5,5,0,238,324,474
210,30,30,669,669,0,70,70,577,577,0,0.00017018959120460194,0.00017018959120460194,532,532,0,-1,4,4,15,8,124,521,665
211,2,208,363,972,609,9,16,403,510,107,6.807583648184077e-05,0.0012594029749140542,448,834,386,3,5,4,6,1,486,799,206
212,25,25,686,686,0,38,38,609,609,0,0.0004765308553728854,0.0004765308553728854,693,693,0,-1,4,4,7,6,340,232,629
213,0,0,1,1,0,0,0,1,1,0,0.0,0.0,1,1,0,-1,-1,-1,3,0,927,426,698
214,2,104,371,931,560,9,9,413,413,0,3.4037918240920386e-05,0.0002042275094455223,402,567,165,4,5,5,5,1,602,837,339
215,6,6,398,398,0,31,31,480,480,0,6.807583648184077e-05,6.807583648184077e-05,431,431,0,-1,4,4,11,2,248,492,832
216,16,117,684,961,277,10,10,538,538,0,0.0007488342013002485,0.0009530617107457708,768,797,29,5,4,4,3,7,576,399,121
217,0,206,1,948,947,0,25,1,386,385,0.0,0.00030634126416828345,1,627,626,3,-1,4,16,0,60,515,562
218,6,6,447,447,0,14,14,473,473,0,0.00034037918240920387,0.00034037918240920387,653,653,0,-1,4,4,5,1,452,500,723
219,884,1090,999,1000,1,232,232,996,996,0,0.016610504101569147,0.01684876952925559,989,990,1,3,2,2,10,127,75,11,209
220,0,0,1,1,0,0,0,1,1,0,0.0,0.0,1,1,0,-1,-1,-1,16,1,50,962,887
221,0,102,1,886,885,0,11,1,374,373,0.0,6.807583648184077e-05,1,439,438,4,-1,5,7,0,591,906,434
222,1,1,333,333,0,10,10,333,333,0,0.0,0.0,1,1,0,-1,6,6,10,3,109,181,775
223,24,230,642,950,308,124,124,777,777,0,0.0009530617107457708,0.0013274788113958951,793,842,49,3,3,3,14,3,127,390,216
224,0,206,1,969,968,0,9,1,466,465,0.0,0.0005446066918547262,1,729,728,3,-1,4,3,0,636,953,504
225,28,130,729,936,207,30,30,656,656,0,0.0007147962830593281,0.0007147962830593281,775,775,0,4,4,4,5,8,382,250,555
226,2,2,367,367,0,6,6,382,382,0,0.0002382654276864427,0.0002382654276864427,598,598,0,-1,5,5,4,2,581,805,633
227,0,101,1,974,973,0,2,1,329,328,0.0,0.0005786446100956465,1,742,741,5,-1,6,2,0,973,783,440
228,0,101,1,945,944,0,2,1,329,328,0.0,0.0,1,1,0,5,-1,6,2,0,998,906,837
229,20,20,726,726,0,12,12,604,604,0,0.0002382654276864427,0.0002382654276864427,599,599,0,-1,4,4,2,4,943,210,965
230,48,254,775,961,186,54,54,608,608,0,0.0002723033459273631,0.0006467204465774873,611,733,122,3,3,3,10,10,206,262,622
231,0,206,1,940,939,0,30,1,409,408,0.0,0.0005105687736138058,1,699,698,3,-1,4,14,0,203,867,308
232,0,206,1,966,965,0,13,1,443,442,0.0,0.00010211375472276115,1,482,481,3,-1,4,5,0,377,643,259
233,0,206,1,969,968,0,12,1,464,463,0.0,0.001599782157323258,1,860,859,3,-1,4,4,0,641,922,112
234,0,0,1,1,0,0,0,1,1,0,0.0,0.0,1,1,0,-1,-1,-1,18,0,34,324,956
235,76,76,838,838,0,134,134,839,839,0,0.0018720855032506212,0.0018720855032506212,873,873,0,-1,2,2,14,8,268,250,675
236,103,309,918,979,61,76,76,926,926,0,0.0020763130126961434,0.0034718676605738795,882,924,42,3,3,3,6,18,373,54,117
237,0,206,1,958,957,0,28,1,487,486,0.0,0.00088498587426393,1,786,785,3,-1,4,8,0,358,732,471
238,0,101,1,921,920,0,5,1,332,331,0.0,0.0,1,1,0,5,-1,6,5,0,612,863,509
239,34,240,755,967,212,54,54,730,730,0,0.00034037918240920387,0.0005446066918547262,640,719,79,3,3,3,8,5,158,338,494
240,2,2,358,358,0,15,15,393,393,0,3.4037918240920386e-05,3.4037918240920386e-05,400,400,0,-1,5,5,9,1,278,862,574
241,16,222,574,962,388,60,60,742,742,0,0.0009530617107457708,0.0015317063208414173,791,850,59,3,3,3,9,1,339,480,67
242,0,206,1,943,942,0,51,1,439,438,0.0,0.00013615167296368154,1,502,501,3,-1,4,21,0,1,824,86
243,2,103,355,907,552,10,10,393,393,0,3.4037918240920386e-05,3.4037918240920386e-05,400,400,0,5,5,5,6,2,275,842,503
244,37,139,782,937,155,32,32,584,584,0,0.0004765308553728854,0.0006126825283365669,701,748,47,4,4,4,6,10,356,413,223
245,0,616,1,994,993,0,82,1,755,754,0.0,0.006092787365124749,1,967,966,2,-1,3,11,1,176,738,18
246,31,133,837,973,136,14,14,748,748,0,0.0015657442390823377,0.0020763130126961434,867,896,29,4,4,4,3,11,877,193,382
247,0,206,1,972,971,0,12,1,486,485,0.0,6.807583648184077e-05,1,448,447,3,-1,4,4,0,784,909,493
248,0,616,1,998,997,0,24,1,767,766,0.0,0.0028591851322373124,1,921,920,2,-1,3,3,0,729,818,42
249,0,101,1,889,888,0,11,1,332,331,0.0,3.4037918240920386e-05,1,399,398,5,-1,6,11,0,229,713,621
250,0,102,1,909,908,0,14,1,398,397,0.0,0.00030634126416828345,1,622,621,4,-1,5,8,0,158,735,115
251,4,210,443,974,531,6,14,422,600,178,0.00010211375472276115,0.0007828721195411688,491,783,292,3,5,4,3,3,640,646,120
252,40,40,804,804,0,62,62,830,830,0,0.001157289220191293,0.001157289220191293,831,831,0,-1,3,3,7,5,305,273,977
253,0,101,1,874,873,0,14,1,332,331,0.0,0.0,1,1,0,6,-1,7,14,0,133,845,861
254,0,102,1,881,880,0,21,1,364,363,0.0,6.807583648184077e-05,1,434,433,4,-1,5,17,0,71,773,463
255,27,27,765,765,0,20,20,629,629,0,0.0005786446100956465,0.0005786446100956465,731,731,0,-1,4,4,4,10,673,195,643
256,52,52,847,847,0,38,38,883,883,0,0.0011232513019503727,0.0011232513019503727,830,830,0,-1,3,3,3,14,839,243,367
257,2,2,361,361,0,5,5,383,383,0,0.0,0.0,1,1,0,-1,5,5,3,1,780,743,573
258,83,289,889,979,90,50,50,820,820,0,0.0019061234214915416,0.002552843868069029,877,907,30,3,3,3,5,18,724,64,155
259,111,111,905,905,0,60,60,851,851,0,0.0015657442390823377,0.0015657442390823377,853,853,0,-1,2,2,5,20,793,189,816
260,10,10,625,625,0,14,14,668,668,0,0.0008509479560230097,0.0008509479560230097,803,803,0,-1,4,4,3,5,984,355,890
261,0,101,1,879,878,0,13,1,332,331,0.0,0.0,1,1,0,6,-1,7,13,1,113,738,861
262,0,1640,1,1000,999,0,52,1,960,959,0.0,0.0353994349705572,1,997,996,1,-1,2,3,0,842,819,14
263,0,0,1,1,0,0,0,1,1,0,0.0,0.0,1,1,0,-1,-1,-1,12,3,212,753,750
264,2,2,371,371,0,4,4,406,406,0,3.4037918240920386e-05,3.4037918240920386e-05,399,399,0,-1,5,5,2,2,734,544,923
265,45,146,868,973,105,24,24,805,805,0,0.0013955546478777359,0.0013955546478777359,854,854,0,6,4,4,4,15,860,53,540
266,0,102,1,924,923,0,8,1,430,429,0.0,0.0002042275094455223,1,571,570,4,-1,5,4,0,475,611,101
267,20,20,750,750,0,8,8,525,525,0,0.0002382654276864427,0.0002382654276864427,608,608,0,-1,4,4,2,7,975,115,665
268,8,109,566,947,381,8,8,503,503,0,3.4037918240920386e-05,0.00010211375472276115,406,486,80,5,4,4,2,5,761,395,443
269,10,112,596,941,345,6,6,422,422,0,0.000442492937131965,0.0007488342013002485,694,771,77,4,5,5,3,6,640,368,795
270,0,0,1,1,0,0,0,1,1,0,0.0,0.0,1,1,0,-1,-1,-1,10,1,114,947,772
271,17,633,635,997,362,50,50,813,813,0,0.0002042275094455223,0.0028591851322373124,578,920,342,2,3,3,5,3,479,541,26
272,0,0,1,1,0,0,0,1,1,0,0.0,0.0,1,1,0,-1,-1,-1,4,0,635,546,968
273,0,206,1,971,970,0,10,1,451,450,0.0,0.00013615167296368154,1,519,518,3,-1,4,4,0,542,989,251
274,37,139,834,960,126,12,12,671,671,0,0.001599782157323258,0.0018380475850097008,866,876,10,4,4,4,2,12,739,163,170
275,0,0,1,1,0,0,0,1,1,0,0.0,0.0,1,1,0,-1,-1,-1,15,0,104,786,844
276,0,0,1,1,0,0,0,1,1,0,0.0,0.0,1,1,0,-1,-1,-1,2,0,999,897,923
277,69,171,890,965,75,22,22,771,771,0,0.0016678579938050988,0.0017018959120460194,877,878,1,4,3,3,2,15,586,53,394
278,7,109,568,958,390,8,8,555,555,0,0.0002382654276864427,0.00030634126416828345,602,644,42,4,4,4,2,3,991,263,460
279,9,110,582,944,362,8,8,489,489,0,0.00010211375472276115,0.00013615167296368154,485,507,22,5,4,4,2,3,733,508,878
280,2,2,352,352,0,18,18,363,363,0,0.0,0.0,1,1,0,-1,5,5,15,2,40,739,937
281,83,185,841,942,101,150,150,838,838,0,0.0009530617107457708,0.0009530617107457708,792,792,0,4,3,3,15,10,0,405,231
282,11,217,591,974,383,18,18,589,589,0,0.00034037918240920387,0.0007488342013002485,655,773,118,3,4,4,3,4,819,645,507
283,81,81,885,885,0,38,38,826,826,0,0.00088498587426393,0.00088498587426393,794,794,0,-1,3,3,3,20,459,189,533
284,0,101,1,942,941,0,3,1,332,331,0.0,0.00010211375472276115,1,494,493,5,-1,6,3,0,862,758,584
285,0,0,1,1,0,0,0,1,1,0,0.0,0.0,1,1,0,-1,-1,-1,13,0,165,732,866
286,36,242,745,966,221,40,44,641,686,45,0.0006807583648184077,0.0011913271384322134,739,826,87,3,3,3,7,6,346,516,268
287,32,32,807,807,0,18,18,669,669,0,0.00037441710065012424,0.00037441710065012424,671,671,0,-1,4,4,3,8,861,187,515
288,59,161,852,950,98,54,54,879,879,0,0.0011913271384322134,0.00176997174852786,829,868,39,4,3,3,4,8,762,352,219
289,224,840,958,996,38,230,240,977,980,3,0.0046972327172470135,0.006909697402906838,953,967,14,2,2,2,12,19,116,133,127
290,105,206,931,972,41,34,34,801,801,0,0.002723033459273631,0.002723033459273631,919,919,0,5,3,3,4,20,633,95,503
291,10,216,571,972,401,22,26,582,644,62,0.00030634126416828345,0.01055175465468532,629,979,350,3,4,4,5,3,430,653,2
292,15,221,682,978,296,12,12,616,616,0,0.001157289220191293,0.008986010415602982,839,982,143,3,4,4,2,4,779,207,1
293,0,616,1,988,987,0,114,1,703,702,0.0,0.002723033459273631,1,913,912,2,-1,3,17,0,6,908,105
294,17,223,614,963,349,26,30,499,534,35,0.00030634126416828345,0.0007828721195411688,614,766,152,3,4,4,7,5,182,310,407
295,13,13,564,564,0,44,44,639,639,0,0.0002723033459273631,0.0002723033459273631,611,611,0,-1,4,4,8,5,201,619,701
296,46,46,783,783,0,70,70,796,796,0,0.00088498587426393,0.00088498587426393,776,776,0,-1,2,2,8,3,317,300,702
297,26,232,695,968,273,42,46,656,669,13,0.0010892133837094523,0.0023486163586235067,811,899,88,3,3,3,8,5,468,562,117
298,118,220,919,967,48,58,58,789,789,0,0.0017018959120460194,0.0019741992579733825,861,879,18,4,3,3,7,20,362,71,236
299,0,206,1,960,959,0,22,1,472,471,0.0,0.0009530617107457708,1,799,798,3,-1,4,7,3,678,348,163
300,18,18,722,722,0,22,22,818,818,0,0.0005786446100956465,0.0005786446100956465,735,735,0,-1,3,3,2,2,919,586,587
301,52,258,815,971,156,46,46,725,725,0,0.00088498587426393,0.0015657442390823377,785,863,78,3,3,3,6,10,255,413,336
302,0,0,1,1,0,0,0,1,1,0,0.0,0.0,1,1,0,-1,-1,-1,6,0,281,898,889
303,13,115,652,953,301,12,12,655,655,0,0.0002042275094455223,0.0006126825283365669,583,737,154,4,4,4,2,3,874,280,221
304,106,106,894,894,0,156,156,990,990,0,0.003642057251778481,0.003642057251778481,937,937,0,-1,2,2,8,7,236,630,678
305,12,12,518,518,0,44,44,545,545,0,0.0002723033459273631,0.0002723033459273631,611,611,0,-1,4,4,12,2,93,363,816
306,151,253,938,969,31,116,116,951,951,0,0.003437829742332959,0.003437829742332959,933,933,0,4,2,2,7,18,466,55,364
307,0,101,1,909,908,0,8,1,332,331,0.0,0.0,1,1,0,5,-1,6,8,0,158,954,842
308,0,0,1,1,0,0,0,1,1,0,0.0,0.0,1,1,0,-1,-1,-1,4,0,789,611,554
309,24,125,637,894,257,100,100,670,670,0,0.0002042275094455223,0.0002042275094455223,562,562,0,5,3,3,16,6,151,447,924
310,0,616,1,997,996,0,38,1,643,642,0.0,0.0017018959120460194,1,873,872,2,-1,3,8,1,318,573,73
311,358,564,995,1000,5,32,32,952,952,0,0.013921508560536438,0.0160318594914735,989,992,3,3,3,3,2,91,806,7,35
312,0,0,1,1,0,0,0,1,1,0,0.0,0.0,1,1,0,-1,-1,-1,3,0,953,651,894
313,132,338,937,982,45,90,90,957,957,0,0.0030293747234419145,0.003199564314646516,926,928,2,3,2,2,6,19,606,297,591
314,6,107,417,899,482,15,15,425,425,0,0.00017018959120460194,0.00017018959120460194,550,550,0,6,4,4,7,1,299,931,663
315,60,266,814,967,153,76,76,728,728,0,0.0014636304843595766,0.0018720855032506212,853,877,24,3,3,3,11,9,234,277,242
316,0,206,1,976,975,0,8,1,496,495,0.0,0.000442492937131965,1,700,699,3,-1,4,2,3,750,882,714
317,0,206,1,964,963,0,36,1,567,566,0.0,0.0009190237925048504,1,794,793,3,-1,4,8,0,297,502,62
318,0,0,1,1,0,0,0,1,1,0,0.0,0.0,1,1,0,-1,-1,-1,16,0,195,952,882
319,0,206,1,961,960,0,18,1,476,475,0.0,0.0005446066918547262,1,720,719,3,-1,4,7,0,722,429,407
320,0,0,1,1,0,0,0,1,1,0,0.0,0.0,1,1,0,-1,-1,-1,8,0,521,938,685
321,30,236,773,976,203,32,32,749,749,0,0.0007488342013002485,0.002280540522141666,768,900,132,3,3,3,5,7,574,115,89
322,0,0,1,1,0,0,0,1,1,0,0.0,0.0,1,1,0,-1,-1,-1,6,0,255,821,944
323,8,214,566,978,412,8,12,503,603,100,0.00010211375472276115,0.0005446066918547262,487,727,240,3,4,4,2,4,761,270,525
324,16,16,518,518,0,102,102,673,673,0,0.00010211375472276115,0.00010211375472276115,482,482,0,-1,3,3,15,3,51,260,673
325,25,641,702,994,292,74,74,834,834,0,0.00088498587426393,0.001497668402600497,782,846,64,2,3,3,8,5,308,412,259
326,38,38,815,815,0,18,18,624,624,0,0.0008509479560230097,0.0008509479560230097,794,794,0,-1,4,4,3,9,855,242,913
327,24,24,692,692,0,42,42,728,728,0,0.0009190237925048504,0.0009190237925048504,788,788,0,-1,3,3,6,3,455,390,587
328,28,28,716,716,0,52,52,756,756,0,0.0007828721195411688,0.0007828721195411688,773,773,0,-1,3,3,7,5,361,306,651
329,12,12,535,535,0,26,26,501,501,0,0.0002042275094455223,0.0002042275094455223,567,567,0,-1,4,4,7,2,374,682,975
330,6,108,450,925,475,18,18,522,522,0,3.4037918240920386e-05,0.0005786446100956465,396,722,326,4,4,4,5,3,644,410,559
331,21,21,720,720,0,16,16,583,583,0,0.0005786446100956465,0.0005786446100956465,725,725,0,-1,4,4,4,7,491,170,903
332,0,616,1,996,995,0,32,1,562,561,0.0,0.002212464685659825,1,901,900,2,-1,3,7,2,171,752,183
333,1,102,333,910,577,5,5,333,333,0,0.0,6.807583648184077e-05,1,450,449,5,6,6,5,1,382,621,605
334,0,0,1,1,0,0,0,1,1,0,0.0,0.0,1,1,0,-1,-1,-1,4,0,969,939,881
335,0,0,1,1,0,0,0,1,1,0,0.0,0.0,1,1,0,-1,-1,-1,7,0,214,915,839
336,6,622,396,990,594,44,54,569,635,66,6.807583648184077e-05,0.0011232513019503727,442,817,375,2,4,3,10,1,355,609,264
337,0,0,1,1,0,0,0,1,1,0,0.0,0.0,1,1,0,-1,-1,-1,6,0,341,907,849
338,125,331,914,976,62,108,108,916,916,0,0.005071649817897137,0.00796487286837537,958,969,11,3,2,2,9,15,315,206,50
339,6,6,408,408,0,28,28,467,467,0,6.807583648184077e-05,6.807583648184077e-05,443,443,0,-1,4,4,10,1,211,862,947
340,72,72,853,853,0,96,96,928,928,0,0.003914360597705844,0.003914360597705844,939,939,0,-1,2,2,7,4,335,407,488
341,123,123,900,900,0,126,126,924,924,0,0.001940161339732462,0.001940161339732462,872,872,0,-1,2,2,10,18,109,147,936
342,250,250,970,970,0,112,112,938,938,0,0.00439089145307873,0.00439089145307873,947,947,0,-1,2,2,8,30,508,75,780
343,16,222,730,985,255,17,22,854,873,19,0.0027911092957554717,0.004731270635487933,926,960,34,3,3,3,2,3,666,755,35
344,14,116,610,935,325,24,24,639,639,0,0.00017018959120460194,0.0005786446100956465,557,738,181,4,4,4,4,3,558,222,422
345,16,118,610,920,310,40,40,733,733,0,0.0006467204465774873,0.0010892133837094523,751,819,68,4,3,3,5,2,392,160,396
346,6,622,403,993,590,44,58,551,648,97,0.00034037918240920387,0.001055175465468532,636,801,165,2,4,3,10,1,256,741,556
347,2,104,370,938,568,6,6,453,453,0,3.4037918240920386e-05,0.00013615167296368154,395,519,124,4,5,5,3,2,961,342,628
348,0,101,1,915,914,0,4,1,331,330,0.0,0.0,1,1,0,7,-1,8,4,0,513,894,582
349,1,103,332,947,615,2,4,332,416,84,0.0,0.00017018959120460194,1,546,545,4,6,5,2,1,999,621,510
350,2,104,348,876,528,26,26,383,383,0,3.4037918240920386e-05,0.00010211375472276115,397,477,80,4,5,5,17,1,112,717,761
351,29,130,818,961,143,22,22,844,844,0,0.0011232513019503727,0.0011913271384322134,832,838,6,5,3,3,2,6,684,490,561
352,0,206,1,940,939,0,36,1,400,399,0.0,0.0002723033459273631,1,600,599,3,-1,4,17,0,103,754,435
353,0,206,1,973,972,0,12,1,507,506,0.0,0.0010211375472276116,1,818,817,3,-1,4,4,0,581,819,66
354,13,115,615,928,313,17,17,530,530,0,0.0002382654276864427,0.00037441710065012424,606,667,61,4,4,4,5,5,456,362,196
355,188,804,945,995,50,150,150,943,943,0,0.0032336022328874367,0.004322815616596889,931,949,18,2,3,3,10,19,153,133,236
356,76,178,850,946,96,84,84,801,801,0,0.0022465026039007454,0.002280540522141666,894,894,0,4,3,3,9,12,276,104,607
357,142,243,933,970,37,98,98,905,905,0,0.0030974505599237552,0.0030974505599237552,925,925,0,5,3,3,8,18,257,141,374
358,0,102,1,938,937,0,4,1,396,395,0.0,0.0002723033459273631,1,626,625,4,-1,5,2,1,886,779,465
359,15,15,584,584,0,24,24,521,521,0,0.00030634126416828345,0.00030634126416828345,621,621,0,-1,4,4,6,5,255,241,201
360,0,206,1,966,965,0,16,1,439,438,0.0,0.0002382654276864427,1,579,578,3,-1,4,6,0,514,941,519
361,0,0,1,1,0,0,0,1,1,0,0.0,0.0,1,1,0,-1,-1,-1,3,0,912,984,706
362,172,378,905,976,71,372,372,891,891,0,0.002110350930937064,0.0026209197045508697,875,902,27,3,2,2,36,9,16,130,204
363,0,0,1,1,0,0,0,1,1,0,0.0,0.0,1,1,0,-1,-1,-1,2,0,232,702,784
364,1,1,333,333,0,4,4,333,333,0,3.4037918240920386e-05,3.4037918240920386e-05,419,419,0,-1,6,6,4,2,607,656,831
365,113,319,888,972,84,136,136,892,892,0,0.002110350930937064,0.002484768031587188,889,902,13,3,3,3,11,15,162,151,236
366,8,110,515,913,398,20,20,531,531,0,0.0002382654276864427,0.000442492937131965,598,694,96,4,4,4,4,2,638,363,670
367,7,109,535,944,409,10,10,501,501,0,6.807583648184077e-05,0.00013615167296368154,456,521,65,4,4,4,3,2,699,599,567
368,0,102,1,881,880,0,12,1,360,359,0.0,0.00010211375472276115,1,483,482,4,-1,5,10,0,99,889,164
369,0,616,1,994,993,0,80,1,789,788,0.0,0.004799346471969774,1,960,959,2,-1,3,9,0,277,963,34
370,8,214,467,946,479,39,64,425,533,108,0.00010211375472276115,0.0014636304843595766,460,840,380,3,4,4,16,2,132,627,63
371,12,628,566,998,432,22,40,587,776,189,0.0005786446100956465,0.006433166547533953,719,969,250,2,4,3,5,3,487,209,24
372,2,104,397,970,573,4,4,466,466,0,6.807583648184077e-05,0.0005446066918547262,449,728,279,4,5,5,2,1,959,609,143
373,0,0,1,1,0,0,0,1,1,0,0.0,0.0,1,1,0,-1,-1,-1,2,0,776,932,794
374,0,1640,1,1000,999,0,58,1,889,888,0.0,0.017972020831205963,1,992,991,1,-1,2,6,0,494,963,137
375,4,105,427,925,498,8,8,421,421,0,6.807583648184077e-05,0.00013615167296368154,454,520,66,5,5,5,4,2,559,576,659
376,0,0,1,1,0,0,0,1,1,0,0.0,0.0,1,1,0,-1,-1,-1,2,0,806,890,750
377,57,57,846,846,0,54,54,896,896,0,0.0007488342013002485,0.0007488342013002485,769,769,0,-1,3,3,4,11,917,52,699
378,0,0,1,1,0,0,0,1,1,0,0.0,0.0,1,1,0,-1,-1,-1,2,0,966,897,330
379,16,16,603,603,0,26,26,684,684,0,0.00030634126416828345,0.00030634126416828345,639,639,0,-1,3,3,4,1,638,666,706
380,205,411,941,982,41,236,236,901,901,0,0.0020082371762143027,0.002212464685659825,881,892,11,3,2,2,21,22,1,203,521
381,342,548,981,993,12,120,120,980,980,0,0.009836958371625992,0.010075223799312433,985,985,0,3,2,2,6,62,387,70,827
382,15,15,692,692,0,8,8,525,525,0,0.0002723033459273631,0.0002723033459273631,623,623,0,-1,4,4,2,6,841,107,777
383,9,215,568,972,404,18,18,653,653,0,0.00017018959120460194,0.0034718676605738795,559,939,380,3,4,4,3,3,672,458,48
384,0,101,1,944,943,0,2,1,330,329,0.0,6.807583648184077e-05,1,447,446,5,-1,6,2,0,910,754,710
385,0,0,1,1,0,0,0,1,1,0,0.0,0.0,1,1,0,-1,-1,-1,5,0,311,330,554
386,0,102,1,912,911,0,9,1,397,396,0.0,0.00034037918240920387,1,658,657,4,-1,5,5,0,363,757,256
387,23,229,658,962,304,70,70,694,694,0,0.00030634126416828345,0.0014295925661186562,639,848,209,3,3,3,10,4,149,339,42
388,6,622,414,995,581,30,48,536,664,128,6.807583648184077e-05,0.001599782157323258,450,854,404,2,4,3,7,2,417,544,158
389,0,102,1,917,916,0,5,1,383,382,0.0,0.00017018959120460194,1,546,545,4,-1,5,3,0,703,956,453
390,0,206,1,949,948,0,62,1,574,573,0.0,0.002382654276864427,1,900,899,3,-1,4,13,0,67,915,48
391,0,206,1,946,945,0,27,1,398,397,0.0,0.00037441710065012424,1,642,641,3,-1,4,13,0,92,818,810
392,223,325,961,976,15,114,114,914,914,0,0.004322815616596889,0.004356853534837809,945,949,4,4,3,3,9,27,306,88,691
393,0,0,1,1,0,0,0,1,1,0,0.0,0.0,1,1,0,-1,-1,-1,3,0,989,918,446
394,1,207,333,952,619,9,32,333,517,184,3.4037918240920386e-05,0.0002042275094455223,390,570,180,3,6,4,9,2,316,656,259
395,2,208,350,951,601,9,40,351,590,239,0.0,0.0032336022328874367,1,930,929,3,5,4,8,1,317,640,14
396,0,0,1,1,0,0,0,1,1,0,0.0,0.0,1,1,0,-1,-1,-1,2,0,841,917,980
397,0,616,1,998,997,0,30,1,765,764,0.0,0.005922597773920147,1,959,958,2,-1,3,4,0,563,903,72
398,8,8,498,498,0,20,20,427,427,0,0.00010211375472276115,0.00010211375472276115,483,483,0,-1,4,4,9,2,147,602,881
399,3,104,472,968,496,3,3,397,397,0,0.00010211375472276115,0.00017018959120460194,482,565,83,5,5,5,2,3,933,631,607
400,0,206,1,948,947,0,23,1,419,418,0.0,0.00030634126416828345,1,618,617,3,-1,4,10,0,240,766,378
401,17,17,637,637,0,26,26,570,570,0,0.0002382654276864427,0.0002382654276864427,584,584,0,-1,4,4,5,5,506,528,933
402,16,16,491,491,0,80,80,531,531,0,0.00010211375472276115,0.00010211375472276115,472,472,0,-1,3,3,19,3,19,285,649
403,115,115,893,893,0,146,146,922,922,0,0.002144388849177984,0.002144388849177984,895,895,0,-1,3,3,11,27,66,304,812
404,0,102,1,936,935,0,4,1,412,411,0.0,0.00034037918240920387,1,651,650,4,-1,5,2,0,816,777,396
405,8,8,566,566,0,11,11,527,527,0,3.4037918240920386e-05,3.4037918240920386e-05,410,410,0,-1,4,4,4,2,480,499,696
406,14,14,563,563,0,38,38,560,560,0,0.0002382654276864427,0.0002382654276864427,590,590,0,-1,4,4,9,3,319,385,928
407,0,101,1,902,901,0,4,1,332,331,0.0,3.4037918240920386e-05,1,394,393,5,-1,6,4,0,385,737,509
408,1,103,332,895,563,10,12,332,360,28,0.0,0.0,1,1,0,4,6,5,10,1,254,469,694
409,84,290,868,975,107,44,44,760,760,0,0.0009870996289866913,0.0017359338302869397,807,867,60,3,3,3,4,19,503,184,131
410,0,0,1,1,0,0,0,1,1,0,0.0,0.0,1,1,0,-1,-1,-1,8,0,371,845,735
411,139,240,936,973,37,50,50,798,798,0,0.0029612988869600733,0.0029612988869600733,921,921,0,6,3,3,5,26,474,112,861
412,105,721,885,992,107,140,150,841,872,31,0.001497668402600497,0.0030293747234419145,854,921,67,2,2,2,14,14,21,387,82
413,6,108,441,910,469,22,22,507,507,0,0.00010211375472276115,0.00017018959120460194,486,541,55,4,4,4,7,2,722,691,724
414,16,118,624,926,302,42,42,816,816,0,6.807583648184077e-05,0.0002042275094455223,454,566,112,4,3,3,5,1,476,655,307
415,8,110,579,952,373,8,8,528,528,0,0.00013615167296368154,0.00037441710065012424,516,662,146,4,4,4,2,2,618,468,191
416,0,0,1,1,0,0,0,1,1,0,0.0,0.0,1,1,0,-1,-1,-1,2,0,919,751,918
417,12,12,555,555,0,24,24,599,599,0,0.0002042275094455223,0.0002042275094455223,566,566,0,-1,4,4,4,5,385,252,881
418,31,133,803,959,156,26,26,788,788,0,0.0005446066918547262,0.0007488342013002485,728,773,45,4,3,3,4,7,553,176,493
419,165,371,939,982,43,78,78,814,814,0,0.002484768031587188,0.002552843868069029,907,910,3,3,3,3,8,30,383,65,593
420,9,111,517,905,388,10,10,395,395,0,0.0002723033459273631,0.00037441710065012424,610,658,48,4,5,5,5,6,238,279,904
421,17,17,694,694,0,12,12,544,544,0,0.0002382654276864427,0.0002382654276864427,593,593,0,-1,4,4,4,9,480,245,880
422,56,56,769,769,0,168,168,844,844,0,0.0006126825283365669,0.0006126825283365669,714,714,0,-1,2,2,18,2,86,827,423
423,2,2,345,345,0,20,20,346,346,0,0.0,0.0,1,1,0,-1,5,5,19,1,19,621,673
424,2,208,363,972,609,6,13,364,471,107,3.4037918240920386e-05,0.0007147962830593281,400,769,369,3,5,4,5,1,795,763,242
425,2,2,362,362,0,9,9,387,387,0,0.0,0.0,1,1,0,-1,5,5,6,2,253,292,888
426,0,102,1,906,905,0,5,1,355,354,0.0,0.00010211375472276115,1,489,488,4,-1,5,4,0,671,574,401
427,40,142,777,938,161,50,50,807,807,0,0.000442492937131965,0.0004765308553728854,676,689,13,4,3,3,5,4,377,246,964
428,16,16,496,496,0,96,96,591,591,0,0.0002723033459273631,0.0002723033459273631,599,599,0,-1,3,3,19,1,11,869,955
429,8,8,489,489,0,29,29,443,443,0,0.0,0.0,1,1,0,-1,4,4,11,3,150,196,712
430,13,13,649,649,0,8,8,519,519,0,0.0007828721195411688,0.0007828721195411688,781,781,0,-1,4,4,2,6,938,471,932
431,6,212,411,960,549,33,50,540,659,119,0.0,0.003267640151128357,1,925,924,3,4,4,9,3,315,321,14
432,163,779,950,998,48,106,106,957,957,0,0.003812246842983083,0.007726607440688927,942,970,28,2,2,2,7,22,361,203,14
433,0,0,1,1,0,0,0,1,1,0,0.0,0.0,1,1,0,-1,-1,-1,3,0,785,918,835
434,6,6,413,413,0,23,23,463,463,0,0.00013615167296368154,0.00013615167296368154,513,513,0,-1,4,4,8,1,383,537,945
435,6,108,515,957,442,4,4,437,437,0,6.807583648184077e-05,0.0004084550188910446,453,681,228,4,5,5,2,4,967,156,376
436,0,206,1,958,957,0,17,1,420,419,0.0,0.0005786446100956465,1,731,730,3,-1,4,7,0,374,515,340
437,15,117,705,965,260,9,9,564,564,0,6.807583648184077e-05,0.00034037918240920387,456,662,206,4,4,4,3,4,918,156,408
438,23,229,634,955,321,84,84,673,673,0,0.000442492937131965,0.0014636304843595766,682,853,171,3,3,3,12,4,239,287,189
439,8,214,493,957,464,20,29,420,487,67,6.807583648184077e-05,0.0004765308553728854,447,699,252,3,4,4,9,5,140,401,195
440,558,764,992,997,5,168,168,999,999,0,0.014772456516559448,0.014874570271282209,990,991,1,3,2,2,6,75,255,24,286
441,0,616,1,999,998,0,28,1,805,804,0.0,0.013683243132849994,1,989,988,2,-1,3,3,0,670,988,2
442,0,206,1,955,954,0,22,1,424,423,0.0,0.0005446066918547262,1,718,717,3,-1,4,9,0,274,686,377
443,7,109,560,957,397,3,3,374,374,0,0.0002723033459273631,0.0006467204465774873,629,762,133,4,5,5,2,5,806,562,284
444,0,0,1,1,0,0,0,1,1,0,0.0,0.0,1,1,0,-1,-1,-1,3,1,554,787,999
445,6,6,422,422,0,23,23,442,442,0,0.00013615167296368154,0.00013615167296368154,509,509,0,-1,4,4,10,1,293,837,863
446,1,103,333,945,612,3,5,333,404,71,0.0,0.00017018959120460194,1,562,561,4,6,5,3,4,654,595,162
447,17,17,617,617,0,21,21,475,475,0,0.00017018959120460194,0.00017018959120460194,538,538,0,-1,4,4,8,6,468,279,880
448,16,117,704,956,252,8,8,521,521,0,0.0005446066918547262,0.0005786446100956465,739,747,8,5,4,4,2,6,681,516,576
449,20,122,693,937,244,24,24,729,729,0,0.00034037918240920387,0.0008169100377820892,654,780,126,4,3,3,3,3,585,704,131
450,110,110,924,924,0,38,38,877,877,0,0.003165526396405596,0.003165526396405596,928,928,0,-1,3,3,3,19,726,133,831
451,4,105,432,924,492,6,6,419,419,0,3.4037918240920386e-05,6.807583648184077e-05,407,450,43,5,5,5,3,2,672,383,584
452,0,0,1,1,0,0,0,1,1,0,0.0,0.0,1,1,0,-1,-1,-1,3,2,829,709,783
453,2,2,354,354,0,15,15,385,385,0,0.0,0.0,1,1,0,-1,5,5,9,2,202,662,978
454,6,107,439,925,486,16,16,492,492,0,0.0,0.0,1,1,0,7,4,4,4,3,445,321,703
455,149,149,920,920,0,116,116,860,860,0,0.003369753905851118,0.003369753905851118,922,922,0,-1,3,3,11,21,360,123,498
456,0,206,1,979,978,0,8,1,589,588,0.0,0.0025188059498281084,1,918,917,3,-1,4,2,0,283,898,142
457,30,132,759,943,184,28,28,731,731,0,0.00088498587426393,0.0009530617107457708,799,807,8,4,3,3,3,4,834,470,704
458,144,144,935,935,0,92,92,927,927,0,0.0024166921951053475,0.0024166921951053475,904,904,0,-1,3,3,7,20,413,95,963
459,0,101,1,882,881,0,15,1,332,331,0.0,0.0,1,1,0,5,-1,6,15,1,68,806,331
460,116,116,932,932,0,44,44,834,834,0,0.0024166921951053475,0.0024166921951053475,901,901,0,-1,3,3,4,22,542,203,852
461,103,103,917,917,0,78,78,956,956,0,0.0030634126416828346,0.0030634126416828346,921,921,0,-1,2,2,4,12,512,58,709
462,74,280,843,970,127,102,102,900,900,0,0.003710133088260322,0.003914360597705844,938,944,6,3,2,2,8,6,411,46,101
463,16,222,751,989,238,22,22,888,888,0,0.0004765308553728854,0.0011232513019503727,708,840,132,3,3,3,2,1,481,681,589
464,0,102,1,900,899,0,5,1,358,357,0.0,0.00013615167296368154,1,513,512,4,-1,5,4,0,547,888,370
465,6,108,448,926,478,14,14,462,462,0,3.4037918240920386e-05,0.0002382654276864427,402,583,181,4,4,4,6,3,399,578,770
466,53,53,924,924,0,32,32,966,966,0,0.003165526396405596,0.003165526396405596,938,938,0,-1,3,3,2,19,941,297,707
467,117,733,919,999,80,38,38,806,806,0,0.0022465026039007454,0.0042547397801150485,895,951,56,2,3,3,3,27,634,61,15
468,20,121,700,940,240,26,26,653,653,0,0.0006467204465774873,0.0006467204465774873,743,743,0,5,4,4,5,4,376,246,320
469,6,108,463,937,474,8,9,474,479,5,0.0002382654276864427,0.0002723033459273631,598,614,16,4,4,4,3,1,791,603,544
470,115,115,956,956,0,44,44,913,913,0,0.0034037918240920387,0.0034037918240920387,938,938,0,-1,3,3,4,24,754,8,968
471,0,0,1,1,0,0,0,1,1,0,0.0,0.0,1,1,0,-1,-1,-1,11,0,261,349,235
472,0,102,1,911,910,0,7,1,374,373,0.0,0.00037441710065012424,1,657,656,4,-1,5,5,0,326,888,371
473,52,52,815,815,0,76,76,882,882,0,0.0012253650566731338,0.0012253650566731338,830,830,0,-1,2,2,6,3,255,173,205
474,0,0,1,1,0,0,0,1,1,0,0.0,0.0,1,1,0,-1,-1,-1,14,0,108,833,822
475,0,0,1,1,0,0,0,1,1,0,0.0,0.0,1,1,0,-1,-1,-1,3,0,863,978,930
476,0,616,1,999,998,0,22,1,848,847,0.0,0.00891793457912114,1,981,980,2,-1,3,2,0,897,980,12
477,0,0,1,1,0,0,0,1,1,0,0.0,0.0,1,1,0,-1,-1,-1,4,0,754,950,883
478,0,101,1,893,892,0,9,1,331,330,0.0,0.0,1,1,0,5,-1,6,9,0,422,872,402
479,100,100,863,863,0,100,100,773,773,0,0.015623404472582456,0.015623404472582456,991,991,0,-1,1,1,12,12,52,104,986
480,28,130,731,939,208,20,20,560,560,0,0.0004765308553728854,0.0004765308553728854,698,698,0,4,4,4,4,6,762,136,395
481,0,101,1,932,931,0,4,1,332,331,0.0,0.0,1,1,0,5,-1,6,4,0,603,455,593
482,2,103,383,960,577,2,2,332,332,0,0.0,3.4037918240920386e-05,1,400,399,5,6,6,2,3,982,563,320
483,10,216,646,981,335,12,12,707,707,0,0.0006467204465774873,0.0012594029749140542,762,846,84,3,4,4,2,3,994,103,559
484,6,622,417,994,577,36,46,629,695,66,0.00017018959120460194,0.003948398515946765,557,946,389,2,4,3,6,1,432,655,25
485,8,8,561,561,0,12,12,580,580,0,0.0005105687736138058,0.0005105687736138058,719,719,0,-1,4,4,2,2,586,465,715
486,37,37,797,797,0,34,34,742,742,0,0.0008169100377820892,0.0008169100377820892,781,781,0,-1,3,3,4,6,460,192,961
487,6,6,553,553,0,3,3,397,397,0,0.0002382654276864427,0.0002382654276864427,619,619,0,-1,5,5,2,7,933,427,483
488,15,15,587,587,0,32,32,544,544,0,0.00034037918240920387,0.00034037918240920387,651,651,0,-1,4,4,8,5,257,124,917
489,16,118,621,923,302,28,28,571,571,0,0.0002042275094455223,0.00037441710065012424,581,663,82,4,4,4,6,4,402,365,797
490,0,206,1,976,975,0,8,1,499,498,0.0,0.0007828721195411688,1,777,776,3,-1,4,2,0,880,826,185
491,6,108,470,936,466,13,14,492,499,7,6.807583648184077e-05,0.0002042275094455223,447,567,120,4,4,4,5,2,602,654,362
492,0,101,1,954,953,0,2,1,331,330,0.0,0.0,1,1,0,7,-1,8,2,0,946,998,181
493,150,150,961,961,0,62,62,965,965,0,0.006501242384015794,0.006501242384015794,971,971,0,-1,2,2,3,29,756,142,847
494,0,206,1,955,954,0,14,1,410,409,0.0,0.0002723033459273631,1,607,606,3,-1,4,7,0,436,784,409
495,0,0,1,1,0,0,0,1,1,0,0.0,0.0,1,1,0,-1,-1,-1,7,1,362,852,529
496,0,102,1,932,931,0,4,1,374,373,0.0,0.00017018959120460194,1,546,545,4,-1,5,3,0,856,629,727
497,16,118,692,958,266,18,18,815,815,0,0.0004765308553728854,0.0005786446100956465,702,730,28,4,3,3,2,1,942,282,508
498,16,118,641,938,297,34,34,779,779,0,0.00037441710065012424,0.0004765308553728854,655,695,40,4,3,3,4,3,650,260,607
499,8,8,666,666,0,8,8,680,680,0,0.0002382654276864427,0.0002382654276864427,615,615,0,-1,4,4,2,3,920,508,886
500,0,0,1,1,0,0,0,1,1,0,0.0,0.0,1,1,0,-1,-1,-1,6,0,594,855,511
501,30,30,750,750,0,32,32,718,718,0,0.0007147962830593281,0.0007147962830593281,755,755,0,-1,3,3,5,4,407,246,983
502,42,248,744,958,214,78,78,686,686,0,0.0006807583648184077,0.0009870996289866913,736,796,60,3,3,3,12,7,87,150,170
503,10,10,535,535,0,40,40,540,540,0,0.00013615167296368154,0.00013615167296368154,509,509,0,-1,4,4,10,6,293,392,446
504,0,0,1,1,0,0,0,1,1,0,0.0,0.0,1,1,0,-1,-1,-1,2,0,932,520,847
505,1,103,331,950,619,3,6,331,489,158,3.4037918240920386e-05,0.0007488342013002485,396,780,384,4,6,5,3,1,984,771,190
506,115,217,923,968,45,54,54,902,902,0,0.0018040096667687805,0.0018040096667687805,875,875,0,4,3,3,4,17,694,79,598
507,1,1,333,333,0,9,9,333,333,0,0.0,0.0,1,1,0,-1,6,6,9,1,164,703,908
508,0,0,1,1,0,0,0,1,1,0,0.0,0.0,1,1,0,-1,-1,-1,3,0,708,846,987
509,215,215,980,980,0,44,44,912,912,0,0.008135062459579971,0.008135062459579971,977,977,0,-1,3,3,4,54,480,19,803
510,146,248,935,971,36,88,88,878,878,0,0.0028932230504782326,0.0030293747234419145,920,921,1,4,2,2,8,20,443,109,282
511,16,16,553,553,0,50,50,534,534,0,0.0002042275094455223,0.0002042275094455223,564,564,0,-1,3,3,12,1,116,531,985
512,0,102,1,909,908,0,6,1,354,353,0.0,3.4037918240920386e-05,1,392,391,4,-1,5,5,0,506,923,152
513,339,441,978,987,9,152,152,972,972,0,0.006739507811702236,0.007011811157629599,970,970,0,4,2,2,8,49,357,31,176
514,68,169,943,986,43,22,22,927,927,0,0.002586881786309949,0.002586881786309949,916,916,0,6,3,3,2,20,962,109,662
515,0,206,1,957,956,0,16,1,398,397,0.0,0.0,1,1,0,3,-1,4,9,0,126,672,248
516,0,0,1,1,0,0,0,1,1,0,0.0,0.0,1,1,0,-1,-1,-1,6,0,352,388,858
517,2,104,355,897,542,15,15,400,400,0,0.0,0.00010211375472276115,1,481,480,4,5,5,9,2,168,320,22
518,61,162,865,961,96,32,32,888,888,0,0.00176997174852786,0.0018040096667687805,879,880,1,5,3,3,2,17,846,213,935
519,18,120,647,922,275,26,26,632,632,0,0.00030634126416828345,0.0005105687736138058,625,704,79,4,4,4,5,5,667,221,369
520,1,102,333,887,554,9,9,333,333,0,0.0,0.0,1,1,0,5,7,6,9,1,269,765,593
521,0,102,1,907,906,0,9,1,352,351,0.0,0.00017018959120460194,1,534,533,4,-1,5,8,0,286,999,231
522,18,18,654,654,0,32,32,720,720,0,0.00030634126416828345,0.00030634126416828345,636,636,0,-1,3,3,5,2,476,323,880
523,17,119,781,975,194,12,12,785,785,0,0.0006126825283365669,0.002110350930937064,760,894,134,4,4,4,2,8,936,302,153
524,21,123,729,942,213,18,18,763,763,0,0.00030634126416828345,0.00037441710065012424,640,673,33,4,3,3,2,9,880,341,485
525,40,40,697,697,0,162,162,799,799,0,0.00030634126416828345,0.00030634126416828345,619,619,0,-1,2,2,19,1,38,667,905
526,0,102,1,930,929,0,5,1,369,368,0.0,0.00010211375472276115,1,482,481,4,-1,5,4,1,507,806,285
527,0,0,1,1,0,0,0,1,1,0,0.0,0.0,1,1,0,-1,-1,-1,8,0,231,966,865
528,0,102,1,926,925,0,9,1,407,406,0.0,0.0002382654276864427,1,605,604,4,-1,5,5,0,795,324,329
529,30,132,752,940,188,28,28,733,733,0,0.0008509479560230097,0.0008509479560230097,790,790,0,4,3,3,3,4,645,267,873
530,0,0,1,1,0,0,0,1,1,0,0.0,0.0,1,1,0,-1,-1,-1,3,0,703,732,803
531,0,206,1,952,951,0,28,1,468,467,0.0,0.00088498587426393,1,783,782,3,-1,4,10,0,256,766,397
532,0,102,1,893,892,0,12,1,407,406,0.0,0.00034037918240920387,1,635,634,4,-1,5,6,0,432,793,280
533,6,212,474,976,502,12,12,619,619,0,0.00010211375472276115,0.0006467204465774873,481,756,275,3,4,4,2,1,750,718,559
534,24,126,705,930,225,29,29,632,632,0,0.0002382654276864427,0.0004084550188910446,594,678,84,4,3,3,6,4,251,443,319
535,0,0,1,1,0,0,0,1,1,0,0.0,0.0,1,1,0,-1,-1,-1,14,0,85,976,877
536,0,206,1,968,967,0,16,1,518,517,0.0,0.00034037918240920387,1,657,656,3,-1,4,4,0,694,976,267
537,0,102,1,954,953,0,3,1,391,390,0.0,6.807583648184077e-05,1,463,462,4,-1,5,2,0,868,930,282
538,0,0,1,1,0,0,0,1,1,0,0.0,0.0,1,1,0,-1,-1,-1,2,0,987,937,620
539,114,114,934,934,0,60,60,909,909,0,0.0033016780693692774,0.0033016780693692774,927,927,0,-1,3,3,5,20,765,94,936
540,0,206,1,977,976,0,9,1,511,510,0.0,0.0009870996289866913,1,810,809,3,-1,4,3,0,871,731,198
541,68,68,824,824,0,110,110,777,777,0,0.0006467204465774873,0.0006467204465774873,731,731,0,-1,3,3,14,7,268,218,587
542,0,206,1,959,958,0,22,1,455,454,0.0,0.00030634126416828345,1,641,640,3,-1,4,8,0,225,786,389
543,0,101,1,886,885,0,12,1,332,331,0.0,0.0,1,1,0,5,-1,6,12,0,226,643,618
544,13,13,622,622,0,18,18,611,611,0,0.00034037918240920387,0.00034037918240920387,663,663,0,-1,4,4,3,4,746,339,429
545,0,101,1,869,868,0,14,1,332,331,0.0,0.0,1,1,0,5,-1,6,14,0,203,632,466
546,134,134,952,952,0,48,48,914,914,0,0.003267640151128357,0.003267640151128357,937,937,0,-1,3,3,3,32,484,26,845
547,0,0,1,1,0,0,0,1,1,0,0.0,0.0,1,1,0,-1,-1,-1,8,0,383,388,678
548,0,101,1,905,904,0,4,1,331,330,0.0,0.00010211375472276115,1,484,483,5,-1,6,4,0,516,790,444
549,95,196,850,938,88,142,142,804,804,0,0.00088498587426393,0.00088498587426393,766,766,0,6,3,3,16,14,195,387,640
550,2,618,355,992,637,10,58,361,708,347,0.0,0.006841621566424997,1,970,969,2,5,3,8,2,358,721,7
551,0,0,1,1,0,0,0,1,1,0,0.0,0.0,1,1,0,-1,-1,-1,15,0,0,712,478
552,521,727,990,995,5,166,166,990,990,0,0.010041185881071514,0.01055175465468532,978,979,1,3,2,2,8,75,508,24,535
553,0,0,1,1,0,0,0,1,1,0,0.0,0.0,1,1,0,-1,-1,-1,21,0,74,750,753
554,20,122,629,912,283,38,38,551,551,0,0.00013615167296368154,0.00017018959120460194,511,547,36,4,4,4,9,4,126,380,481
555,0,102,1,962,961,0,3,1,403,402,0.0,6.807583648184077e-05,1,453,452,4,-1,5,2,0,805,966,350
556,17,633,699,999,300,12,22,627,805,178,0.0010211375472276116,0.003880322679464924,818,941,123,2,4,3,2,6,993,289,116
557,0,101,1,885,884,0,11,1,331,330,0.0,0.0,1,1,0,5,-1,6,11,0,188,515,374
558,0,102,1,957,956,0,5,1,426,425,0.0,0.00010211375472276115,1,495,494,4,-1,5,3,0,883,897,556
559,0,616,1,996,995,0,40,1,763,762,0.0,0.006909697402906838,1,973,972,2,-1,3,5,1,407,779,12
560,16,222,526,948,422,88,92,595,611,16,0.00013615167296368154,0.00030634126416828345,514,624,110,3,3,3,17,1,24,891,534
561,0,102,1,926,925,0,8,1,387,386,0.0,0.0002723033459273631,1,623,622,4,-1,5,5,0,795,877,584
562,0,0,1,1,0,0,0,1,1,0,0.0,0.0,1,1,0,-1,-1,-1,8,0,350,520,517
563,22,123,774,968,194,14,14,736,736,0,0.0006126825283365669,0.0006126825283365669,750,750,0,9,4,4,3,6,918,494,857
564,8,110,542,935,393,12,12,496,496,0,0.0002042275094455223,0.0002723033459273631,581,624,43,4,4,4,4,2,543,468,363
565,3,104,434,934,500,6,6,391,391,0,3.4037918240920386e-05,3.4037918240920386e-05,405,404,-1,5,5,5,4,2,679,298,594
566,39,39,829,829,0,18,18,664,664,0,0.001055175465468532,0.001055175465468532,823,823,0,-1,4,4,3,15,568,137,957
567,16,632,573,993,420,48,58,670,737,67,0.0002382654276864427,0.0015317063208414173,588,856,268,2,3,3,7,2,246,223,642
568,0,102,1,940,939,0,4,1,365,364,0.0,6.807583648184077e-05,1,455,454,4,-1,5,3,0,879,819,762
569,31,133,702,922,220,58,58,657,657,0,0.00030634126416828345,0.000442492937131965,629,681,52,4,3,3,10,6,258,199,770
570,74,74,850,850,0,70,70,772,772,0,0.0008509479560230097,0.0008509479560230097,774,774,0,-1,3,3,9,12,166,179,200
571,0,616,1,991,990,0,128,1,733,732,0.0,0.00793083495013445,1,967,966,2,-1,3,17,0,71,426,0
572,35,137,753,928,175,54,54,702,702,0,0.0006126825283365669,0.0006807583648184077,739,757,18,4,3,3,8,6,420,232,260
573,0,0,1,1,0,0,0,1,1,0,0.0,0.0,1,1,0,-1,-1,-1,3,0,915,877,588
574,399,605,982,988,6,360,360,967,967,0,0.004799346471969774,0.004901460226692535,952,954,2,3,2,2,22,48,18,56,168
575,0,102,1,951,950,0,3,1,380,379,0.0,0.0004084550188910446,1,687,686,4,-1,5,2,0,681,858,562
576,58,159,851,954,103,38,38,845,845,0,0.0026889955410327104,0.0026889955410327104,908,908,0,5,3,3,3,12,989,104,748
577,1,1,332,332,0,2,2,332,332,0,0.0,0.0,1,1,0,-1,9,9,2,1,851,647,823
578,13,219,564,966,402,40,44,611,638,27,0.0002723033459273631,0.0010892133837094523,626,813,187,3,4,4,8,4,137,339,399
579,22,228,594,948,354,76,80,541,551,10,0.00037441710065012424,0.0005105687736138058,653,699,46,3,3,3,19,3,148,121,434
580,0,102,1,911,910,0,7,1,389,388,0.0,0.00017018959120460194,1,544,543,4,-1,5,4,0,235,881,869
581,2,208,357,963,606,12,21,402,473,71,0.0,0.000442492937131965,1,680,679,3,5,4,7,1,359,530,169
582,0,102,1,921,920,0,9,1,421,420,0.0,0.00010211375472276115,1,490,489,4,-1,5,5,0,612,940,904
583,0,101,1,927,926,0,3,1,332,331,0.0,3.4037918240920386e-05,1,401,400,5,-1,6,3,0,626,794,761
584,60,1700,814,1000,186,76,114,718,887,169,0.00088498587426393,0.01065386840940808,784,980,196,1,3,2,10,8,310,187,35
585,42,42,796,796,0,76,76,908,908,0,0.0014636304843595766,0.0014636304843595766,847,847,0,-1,3,3,6,6,441,471,970
586,0,0,1,1,0,0,0,1,1,0,0.0,0.0,1,1,0,-1,-1,-1,7,0,714,776,768
587,0,206,1,970,969,0,14,1,479,478,0.0,0.0005446066918547262,1,719,718,3,-1,4,5,0,463,565,438
588,0,102,1,893,892,0,10,1,348,347,0.0,0.0,1,1,0,4,-1,5,9,0,147,974,531
589,4,106,455,942,487,4,4,436,436,0,0.00010211375472276115,0.00013615167296368154,491,524,33,4,5,5,2,4,906,332,394
590,12,113,590,930,340,20,20,587,587,0,0.0002042275094455223,0.0002723033459273631,578,623,45,5,4,4,4,2,495,770,878
591,146,146,928,928,0,128,128,951,951,0,0.0024166921951053475,0.0024166921951053475,910,910,0,-1,3,3,8,24,357,129,831
592,1,1,333,333,0,6,6,333,333,0,0.0,0.0,1,1,0,-1,6,6,6,3,630,708,583
593,6,622,391,992,601,25,48,397,495,98,3.4037918240920386e-05,0.0006467204465774873,393,732,339,2,4,3,14,3,268,755,124
594,6,622,404,993,589,46,60,498,553,55,0.00010211375472276115,0.0011232513019503727,479,813,334,2,4,3,15,3,138,309,245
595,0,0,1,1,0,0,0,1,1,0,0.0,0.0,1,1,0,-1,-1,-1,3,0,916,968,966
596,34,136,743,928,185,58,58,728,728,0,0.0007828721195411688,0.0007828721195411688,773,773,0,4,3,3,8,4,499,333,518
597,0,101,1,921,920,0,3,1,331,330,0.0,6.807583648184077e-05,1,449,448,5,-1,6,3,0,577,574,353
598,0,101,1,937,936,0,2,1,331,330,0.0,0.0,1,1,0,6,-1,7,2,0,881,702,357
599,0,0,1,1,0,0,0,1,1,0,0.0,0.0,1,1,0,-1,-1,-1,12,0,375,776,604
600,0,206,1,962,961,0,12,1,394,393,0.0,0.0,1,1,0,3,-1,4,7,0,505,890,627
601,34,136,720,921,201,70,70,748,748,0,0.0002382654276864427,0.0005446066918547262,592,701,109,4,3,3,9,4,178,545,136
602,0,102,1,939,938,0,6,1,437,436,0.0,0.00034037918240920387,1,668,667,4,-1,5,3,0,845,844,379
603,88,190,890,960,70,100,100,961,961,0,0.0030974505599237552,0.0033016780693692774,924,927,3,4,2,2,6,13,587,217,579
604,9,215,511,957,446,23,31,426,481,55,6.807583648184077e-05,0.0008509479560230097,447,774,327,3,4,4,11,3,379,411,218
605,1,617,332,998,666,3,24,332,772,440,3.4037918240920386e-05,0.002552843868069029,415,919,504,2,6,3,3,3,825,460,299
606,0,206,1,946,945,0,30,1,415,414,0.0,0.0002723033459273631,1,598,597,3,-1,4,13,0,92,802,494
607,0,206,1,950,949,0,38,1,480,479,0.0,0.0016678579938050988,1,857,856,3,-1,4,13,0,113,673,72
608,22,22,622,622,0,102,102,850,850,0,0.0007828721195411688,0.0007828721195411688,755,755,0,-1,3,3,11,3,271,209,889
609,2,208,356,964,608,13,18,403,454,51,0.0,0.00034037918240920387,1,642,641,3,5,4,8,1,442,503,169
610,0,102,1,881,880,0,20,1,377,376,0.0,3.4037918240920386e-05,1,411,410,4,-1,5,13,0,67,698,248
611,40,40,763,763,0,62,62,816,816,0,0.0004765308553728854,0.0004765308553728854,702,702,0,-1,3,3,6,4,378,86,959
612,44,144,889,981,92,22,22,924,924,0,0.0012934408931549745,0.0014295925661186562,838,854,16,5,3,3,2,11,936,97,366
613,6,6,434,434,0,15,15,454,454,0,0.0002382654276864427,0.0002382654276864427,604,604,0,-1,4,4,6,1,267,500,786
614,20,122,722,955,233,12,12,615,615,0,0.0005446066918547262,0.0006467204465774873,729,755,26,4,4,4,2,7,983,422,353
615,0,0,1,1,0,0,0,1,1,0,0.0,0.0,1,1,0,-1,-1,-1,5,0,546,784,844
616,42,144,724,904,180,100,100,692,692,0,0.0002382654276864427,0.00030634126416828345,587,622,35,4,3,3,14,8,133,286,570
617,2,104,362,931,569,6,6,382,382,0,6.807583648184077e-05,0.0002042275094455223,459,573,114,4,5,5,4,1,824,879,677
618,3,104,468,960,492,4,4,391,391,0,0.00013615167296368154,0.00017018959120460194,529,559,30,6,5,5,3,3,915,631,547
619,18,18,582,582,0,74,74,596,596,0,0.00030634126416828345,0.00030634126416828345,629,629,0,-1,3,3,15,2,68,499,668
620,22,622,629,988,359,52,52,625,625,0,0.0002723033459273631,0.001055175465468532,609,811,202,2,3,3,9,2,269,586,234
621,0,206,1,984,983,0,12,1,680,679,0.0,0.0013955546478777359,1,855,854,3,-1,4,2,0,830,982,66
622,0,206,1,959,958,0,22,1,460,459,0.0,0.0006807583648184077,1,753,752,3,-1,4,7,0,246,943,273
623,56,56,791,791,0,138,138,861,861,0,0.0008169100377820892,0.0008169100377820892,770,770,0,-1,3,3,13,7,90,169,483
624,0,102,1,926,925,0,5,1,380,379,0.0,0.00030634126416828345,1,633,632,4,-1,5,3,0,864,855,311
625,16,16,599,599,0,38,38,636,636,0,0.00017018959120460194,0.00017018959120460194,544,544,0,-1,4,4,7,9,400,341,478
626,0,206,1,959,958,0,18,1,447,446,0.0,0.0002382654276864427,1,582,581,3,-1,4,7,0,265,725,80
627,0,0,1,1,0,0,0,1,1,0,0.0,0.0,1,1,0,-1,-1,-1,4,0,784,768,462
628,0,101,1,918,917,0,4,1,332,331,0.0,0.0,1,1,0,5,-1,6,4,0,655,716,717
629,6,212,451,975,524,8,12,466,566,100,0.00010211375472276115,0.0008509479560230097,486,790,304,3,4,4,2,1,905,718,97
630,0,101,1,944,943,0,3,1,332,331,0.0,6.807583648184077e-05,1,445,444,5,-1,6,3,0,642,635,594
631,7,109,551,948,397,14,14,629,629,0,0.0,6.807583648184077e-05,1,462,461,4,4,4,3,3,871,434,496
632,0,0,1,1,0,0,0,1,1,0,0.0,0.0,1,1,0,-1,-1,-1,2,0,909,890,839
633,0,206,1,951,950,0,22,1,448,447,0.0,0.00034037918240920387,1,645,644,3,-1,4,9,0,414,574,494
634,0,102,1,905,904,0,13,1,407,406,0.0,3.4037918240920386e-05,1,402,401,4,-1,5,7,0,505,838,222
635,28,130,812,967,155,22,22,862,862,0,0.0007828721195411688,0.0010211375472276116,773,817,44,4,3,3,2,3,967,382,237
636,0,0,1,1,0,0,0,1,1,0,0.0,0.0,1,1,0,-1,-1,-1,4,0,827,359,876
637,229,331,977,989,12,52,52,965,965,0,0.00796487286837537,0.008066986623098132,975,975,0,4,2,2,3,50,800,33,420
638,1,103,333,928,595,5,6,333,365,32,0.0,3.4037918240920386e-05,1,415,414,4,6,5,5,1,601,736,420
639,0,206,1,976,975,0,16,1,579,578,0.0,0.0012934408931549745,1,839,838,3,-1,4,4,0,603,651,297
640,0,206,1,948,947,0,43,1,465,464,0.0,0.0009530617107457708,1,789,788,3,-1,4,16,1,60,641,375
641,22,124,680,928,248,30,30,658,658,0,0.0009530617107457708,0.0010211375472276116,799,806,7,4,4,4,5,6,173,295,714
642,0,206,1,946,945,0,25,1,415,414,0.0,0.0002723033459273631,1,611,610,3,-1,4,11,1,162,913,328
643,0,0,1,1,0,0,0,1,1,0,0.0,0.0,1,1,0,-1,-1,-1,3,3,577,746,930
644,1,1,333,333,0,5,5,333,333,0,0.0,0.0,1,1,0,-1,6,6,5,1,247,640,462
645,0,101,1,924,923,0,5,1,330,329,0.0,3.4037918240920386e-05,1,410,409,5,-1,6,5,0,629,205,631
646,46,148,746,912,166,96,96,718,718,0,0.0002723033459273631,0.0004084550188910446,598,669,71,4,3,3,14,6,181,494,424
647,4,106,409,886,477,12,12,409,409,0,3.4037918240920386e-05,0.00010211375472276115,407,488,81,4,5,5,6,4,425,442,842
648,3,209,435,973,538,3,8,370,488,118,0.00013615167296368154,0.0009870996289866913,516,815,299,3,5,4,2,3,596,761,60
649,22,228,641,959,318,48,48,596,596,0,0.0002042275094455223,0.00030634126416828345,573,641,68,3,3,3,9,3,263,197,720
650,84,290,901,982,81,54,54,929,929,0,0.002382654276864427,0.002723033459273631,907,918,11,3,3,3,4,15,633,151,482
651,377,583,984,994,10,106,106,959,959,0,0.00789679703189353,0.008237176214302734,974,978,4,3,2,2,7,61,207,14,305
652,0,101,1,915,914,0,4,1,332,331,0.0,0.0,1,1,0,7,-1,8,4,1,354,787,703
653,0,206,1,949,948,0,50,1,491,490,0.0,0.0006126825283365669,1,731,730,3,-1,4,15,0,0,356,326
654,3,104,405,914,509,7,7,386,386,0,0.0,0.0,1,1,0,6,5,5,4,2,614,298,640
655,0,102,1,904,903,0,6,1,369,368,0.0,0.00017018959120460194,1,533,532,4,-1,5,4,1,567,789,383
656,0,206,1,944,943,0,25,1,386,385,0.0,0.00013615167296368154,1,514,513,3,-1,4,14,0,108,967,491
657,6,622,399,993,594,52,78,542,667,125,0.00017018959120460194,0.003608019333537561,548,939,391,2,4,3,12,1,226,370,25
658,1,103,332,960,628,2,3,332,390,58,0.0,0.0,1,1,0,4,6,5,2,3,996,484,419
659,2,2,385,385,0,4,4,449,449,0,0.00017018959120460194,0.00017018959120460194,568,568,0,-1,5,5,2,1,994,527,952
660,1,103,333,880,547,11,12,333,353,20,0.0,3.4037918240920386e-05,1,399,398,4,6,5,11,1,360,640,410
661,29,130,751,931,180,52,52,787,787,0,0.0004084550188910446,0.0007488342013002485,677,766,89,5,3,3,7,4,697,267,279
662,0,206,1,952,951,0,21,1,408,407,0.0,0.0002382654276864427,1,594,593,3,-1,4,10,0,204,678,681
663,37,37,721,721,0,90,90,698,698,0,0.0007828721195411688,0.0007828721195411688,768,768,0,-1,3,3,13,8,67,90,713
664,16,16,550,550,0,76,76,714,714,0,0.000442492937131965,0.000442492937131965,672,672,0,-1,3,3,11,2,163,160,952
665,0,0,1,1,0,0,0,1,1,0,0.0,0.0,1,1,0,-1,-1,-1,4,0,631,960,865
666,2,618,358,996,638,6,26,377,706,329,0.0,0.0022465026039007454,1,902,901,2,5,3,4,3,512,484,38
667,48,150,775,921,146,82,82,774,774,0,0.0013274788113958951,0.0015317063208414173,835,851,16,4,2,2,10,3,206,677,486
668,1,1,332,332,0,2,2,332,332,0,0.0,0.0,1,1,0,-1,6,6,2,1,760,540,946
669,16,16,483,483,0,120,120,635,635,0,0.00010211375472276115,0.00010211375472276115,471,471,0,-1,3,3,20,1,5,711,254
670,103,205,906,965,59,44,44,789,789,0,0.0019741992579733825,0.0021784267674189047,880,894,14,4,3,3,4,21,567,157,124
671,0,102,1,913,912,0,8,1,374,373,0.0,3.4037918240920386e-05,1,411,410,4,-1,5,6,1,405,780,361
672,221,323,988,995,7,56,56,994,994,0,0.016372238673882704,0.01695088328397835,991,991,0,4,2,2,2,69,810,12,343
673,6,108,439,922,483,18,18,503,503,0,0.00013615167296368154,0.0002382654276864427,525,586,61,4,4,4,5,2,531,690,697
674,0,102,1,944,943,0,3,1,377,376,0.0,0.0,1,1,0,4,-1,5,2,0,960,446,534
675,6,107,418,907,489,36,36,571,571,0,0.000442492937131965,0.000442492937131965,692,692,0,6,4,4,8,1,301,869,656
676,0,0,1,1,0,0,0,1,1,0,0.0,0.0,1,1,0,-1,-1,-1,4,2,660,633,844
677,0,206,1,967,966,0,10,1,448,447,0.0,0.0011232513019503727,1,822,821,3,-1,4,3,0,459,768,193
678,7,109,509,920,411,12,12,459,459,0,6.807583648184077e-05,0.00017018959120460194,453,559,106,4,4,4,4,3,622,441,636
679,22,22,615,615,0,84,84,664,664,0,0.000442492937131965,0.000442492937131965,679,679,0,-1,3,3,14,3,79,197,445
680,173,173,952,952,0,102,102,948,948,0,0.004050512270669526,0.004050512270669526,942,942,0,-1,2,2,8,25,541,105,898
681,6,6,486,486,0,13,13,620,620,0,0.00010211375472276115,0.00010211375472276115,485,485,0,-1,4,4,3,2,856,374,977
682,2,208,363,971,608,5,12,364,463,99,0.0,0.0009870996289866913,1,818,817,3,5,4,4,3,542,676,60
683,0,206,1,976,975,0,7,1,477,476,0.0,0.0002723033459273631,1,610,609,3,-1,4,2,0,733,542,645
684,0,206,1,943,942,0,82,1,589,588,0.0,0.002144388849177984,1,885,884,3,-1,4,17,0,210,754,135
685,364,465,993,996,3,32,32,926,926,0,0.010415602981721638,0.010415602981721638,988,988,0,5,3,3,2,96,986,1,337
686,56,262,854,978,124,28,28,753,753,0,0.0005786446100956465,0.0006807583648184077,725,757,32,3,3,3,3,15,743,219,681
687,22,124,654,916,262,36,36,609,609,0,0.00017018959120460194,0.00037441710065012424,550,667,117,4,3,3,7,2,299,586,319
688,837,1043,997,998,1,344,344,997,997,0,0.015351101126655093,0.015623404472582456,991,991,0,3,2,2,14,91,172,7,52
689,0,102,1,938,937,0,3,1,376,375,0.0,0.00088498587426393,1,803,802,4,-1,5,2,0,906,880,277
690,0,102,1,928,927,0,7,1,405,404,0.0,0.00017018959120460194,1,548,547,4,-1,5,4,0,611,457,286
691,32,32,611,611,0,172,172,714,714,0,0.0005105687736138058,0.0005105687736138058,681,681,0,-1,3,3,23,2,15,465,984
692,6,6,431,431,0,26,26,576,576,0,6.807583648184077e-05,6.807583648184077e-05,449,449,0,-1,4,4,5,3,408,285,960
693,16,222,507,950,443,103,103,608,608,0,0.0002042275094455223,0.0007147962830593281,561,751,190,3,3,3,21,1,12,958,252
694,6,212,418,960,542,44,44,583,583,0,0.00013615167296368154,0.000442492937131965,516,691,175,3,4,4,8,2,231,691,343
695,31,237,750,972,222,32,32,689,689,0,0.0005446066918547262,0.0007488342013002485,728,768,40,3,3,3,5,6,247,486,494
696,0,0,1,1,0,0,0,1,1,0,0.0,0.0,1,1,0,-1,-1,-1,8,0,371,400,850
697,82,82,847,847,0,136,136,853,853,0,0.0019061234214915416,0.0019061234214915416,871,871,0,-1,2,2,15,11,138,193,822
698,6,622,437,997,560,14,28,523,730,207,0.00017018959120460194,0.002552843868069029,535,907,372,2,4,3,3,2,927,384,261
699,31,237,722,962,240,64,64,738,738,0,0.0007147962830593281,0.0020422750944552232,751,882,131,3,3,3,9,8,250,257,122
700,66,168,851,954,103,38,38,659,659,0,0.0006467204465774873,0.0007828721195411688,741,770,29,4,4,4,7,19,416,184,724
701,0,102,1,884,883,0,13,1,360,359,0.0,3.4037918240920386e-05,1,404,403,4,-1,5,11,0,150,946,526
702,6,212,448,970,522,13,15,455,470,15,0.00010211375472276115,0.00037441710065012424,483,660,177,3,4,4,6,1,399,607,507
703,6,6,466,466,0,18,18,676,676,0,0.0004084550188910446,0.0004084550188910446,681,681,0,-1,4,4,3,1,640,168,813
704,0,102,1,923,922,0,7,1,395,394,0.0,0.00017018959120460194,1,547,546,4,-1,5,4,1,559,693,230
705,0,0,1,1,0,0,0,1,1,0,0.0,0.0,1,1,0,-1,-1,-1,3,0,564,903,608
706,0,616,1,997,996,0,30,1,717,716,0.0,0.005514142755029102,1,961,960,2,-1,3,4,0,675,569,70
707,0,616,1,993,992,0,33,1,529,528,0.0,0.0008169100377820892,1,761,760,2,-1,3,10,0,437,865,165
708,0,0,1,1,0,0,0,1,1,0,0.0,0.0,1,1,0,-1,-1,-1,4,0,700,889,867
709,69,275,903,987,84,32,32,940,940,0,0.0024507301133462676,0.008101024541339052,915,973,58,3,3,3,2,15,838,206,7
710,26,26,672,672,0,42,42,559,559,0,0.00037441710065012424,0.00037441710065012424,649,649,0,-1,4,4,9,6,262,376,436
711,42,658,760,991,231,102,112,832,866,34,0.0007828721195411688,0.004561081044283332,763,950,187,2,3,3,11,9,234,145,77
712,31,133,790,947,157,22,22,784,784,0,0.0006467204465774873,0.00088498587426393,754,801,47,4,3,3,2,9,750,145,278
713,6,212,582,991,409,12,12,779,779,0,0.0006467204465774873,0.003437829742332959,756,939,183,3,4,4,2,1,884,439,126
714,9,9,628,628,0,8,8,567,567,0,0.0002382654276864427,0.0002382654276864427,614,614,0,-1,4,4,2,4,868,202,936
715,0,102,1,881,880,0,15,1,367,366,0.0,6.807583648184077e-05,1,444,443,4,-1,5,11,2,279,271,552
716,6,6,415,415,0,22,22,527,527,0,0.00010211375472276115,0.00010211375472276115,479,479,0,-1,4,4,5,1,546,711,996
717,69,69,812,812,0,136,136,782,782,0,0.0009870996289866913,0.0009870996289866913,797,797,0,-1,3,3,16,14,117,139,921
718,4,106,425,928,503,7,7,407,407,0,0.00010211375472276115,0.00010211375472276115,481,481,0,4,5,5,4,2,511,244,563
719,0,101,1,919,918,0,5,1,332,331,0.0,0.0,1,1,0,5,-1,6,5,0,452,766,265
720,6,107,484,936,452,16,16,580,580,0,0.00010211375472276115,0.0002723033459273631,494,620,126,5,4,4,4,1,607,667,427
721,162,368,954,986,32,60,60,891,891,0,0.003369753905851118,0.003608019333537561,928,934,6,3,3,3,5,28,524,41,545
722,0,0,1,1,0,0,0,1,1,0,0.0,0.0,1,1,0,-1,-1,-1,12,0,184,433,746
723,6,212,475,977,502,10,14,506,580,74,3.4037918240920386e-05,0.001157289220191293,410,838,428,3,4,4,3,1,564,870,63
724,0,0,1,1,0,0,0,1,1,0,0.0,0.0,1,1,0,-1,-1,-1,2,0,973,999,860
725,62,268,817,970,153,120,120,887,887,0,0.0018040096667687805,0.0028932230504782326,868,915,47,3,2,2,11,3,163,382,49
726,85,187,871,955,84,83,83,891,891,0,0.002382654276864427,0.002382654276864427,897,897,0,4,2,2,8,12,541,67,402
727,14,220,518,955,437,38,38,468,468,0,6.807583648184077e-05,0.00030634126416828345,445,635,190,3,4,4,13,3,228,369,287
728,2,208,361,970,609,4,10,362,468,106,3.4037918240920386e-05,0.0005446066918547262,407,735,328,3,5,4,3,3,471,708,289
729,7,108,529,926,397,14,14,533,533,0,3.4037918240920386e-05,3.4037918240920386e-05,405,405,0,6,4,4,3,2,554,364,861
730,60,162,868,959,91,52,52,960,960,0,0.003199564314646516,0.0033016780693692774,923,927,4,4,2,2,3,7,592,422,586
731,0,102,1,952,951,0,4,1,427,426,0.0,0.0005105687736138058,1,717,716,4,-1,5,2,0,715,358,525
732,33,239,696,957,261,116,116,766,766,0,0.00030634126416828345,0.0007147962830593281,620,745,125,3,3,3,15,5,81,619,131
733,1,617,331,992,661,8,74,331,824,493,0.0,0.006603356138738555,1,966,965,2,7,3,8,1,201,703,21
734,2,104,355,890,535,18,19,380,384,4,0.0,0.00013615167296368154,1,513,512,4,5,5,12,1,106,853,383
735,1,103,333,902,569,7,10,333,376,43,0.0,0.00010211375472276115,1,491,490,4,6,5,7,1,273,640,505
736,0,206,1,979,978,0,10,1,529,528,0.0,0.00034037918240920387,1,667,666,3,-1,4,3,0,797,999,439
737,0,0,1,1,0,0,0,1,1,0,0.0,0.0,1,1,0,-1,-1,-1,21,0,13,643,696
738,0,206,1,978,977,0,14,1,629,628,0.0,0.00088498587426393,1,804,803,3,-1,4,3,0,642,996,559
739,0,0,1,1,0,0,0,1,1,0,0.0,0.0,1,1,0,-1,-1,-1,11,1,76,828,789
740,9,111,536,921,385,10,10,423,423,0,6.807583648184077e-05,0.00013615167296368154,450,524,74,4,5,5,5,5,338,274,373
741,10,10,527,527,0,48,48,616,616,0,0.00013615167296368154,0.00013615167296368154,516,516,0,-1,4,4,8,4,231,287,875
742,34,650,711,994,283,100,110,842,891,49,0.0012594029749140542,0.002212464685659825,819,897,78,2,3,3,10,7,258,630,452
743,6,6,387,387,0,51,51,462,462,0,6.807583648184077e-05,6.807583648184077e-05,438,438,0,-1,4,4,18,1,86,964,758
744,106,208,951,981,30,56,56,991,991,0,0.017052997038701112,0.017257224548146634,994,994,0,4,2,2,2,18,760,54,86
745,0,0,1,1,0,0,0,1,1,0,0.0,0.0,1,1,0,-1,-1,-1,2,1,742,787,778
746,6,622,403,992,589,38,88,503,741,238,0.0,0.00439089145307873,1,951,950,2,4,3,12,2,187,313,77
747,48,48,772,772,0,63,63,660,660,0,0.0014295925661186562,0.0014295925661186562,836,836,0,-1,2,2,11,3,271,485,632
748,55,55,772,772,0,174,174,837,837,0,0.0010211375472276116,0.0010211375472276116,798,798,0,-1,3,3,18,5,64,216,783
749,25,231,679,967,288,76,80,762,786,24,0.0006126825283365669,0.001055175465468532,726,808,82,3,3,3,10,4,259,557,176
750,2,2,345,345,0,10,10,345,345,0,0.0,0.0,1,1,0,-1,5,5,9,2,276,739,919
751,22,124,688,931,243,34,34,750,750,0,0.0006807583648184077,0.0009530617107457708,767,814,47,4,3,3,4,2,444,682,90
752,0,102,1,922,921,0,5,1,361,360,0.0,0.0,1,1,0,4,-1,5,4,0,313,737,762
753,14,220,575,965,390,22,30,499,564,65,6.807583648184077e-05,0.0012253650566731338,448,823,375,3,4,4,7,3,141,347,171
754,0,0,1,1,0,0,0,1,1,0,0.0,0.0,1,1,0,-1,-1,-1,7,0,697,750,946
755,34,136,776,943,167,28,28,752,752,0,0.00088498587426393,0.0011232513019503727,793,825,32,4,3,3,3,7,703,150,90
756,4,4,425,425,0,6,6,380,380,0,3.4037918240920386e-05,3.4037918240920386e-05,406,406,0,-1,5,5,4,3,753,598,903
757,17,119,680,937,257,28,28,801,801,0,0.00017018959120460194,0.0002382654276864427,546,595,49,4,3,3,3,3,583,541,260
758,24,125,712,936,224,24,24,645,645,0,0.0010892133837094523,0.0011232513019503727,834,839,5,5,4,4,4,9,384,415,518
759,6,108,450,929,479,3,3,367,367,0,0.00013615167296368154,0.0002382654276864427,519,598,79,4,5,5,2,4,932,156,408
760,44,250,840,981,141,28,28,806,806,0,0.0012253650566731338,0.002927260968719153,842,923,81,3,3,3,3,9,670,375,73
761,87,293,891,978,87,50,50,793,793,0,0.002212464685659825,0.002723033459273631,897,921,24,3,3,3,5,23,555,122,237
762,0,0,1,1,0,0,0,1,1,0,0.0,0.0,1,1,0,-1,-1,-1,4,0,945,936,982
763,95,197,896,965,69,74,74,942,942,0,0.003437829742332959,0.003608019333537561,932,936,4,4,2,2,5,14,669,139,504
764,7,109,541,935,394,9,10,491,499,8,0.0002042275094455223,0.0004084550188910446,575,681,106,4,4,4,3,3,729,761,167
765,6,212,388,943,555,39,39,446,446,0,0.0,6.807583648184077e-05,1,434,433,3,4,4,14,1,85,935,317
766,8,8,502,502,0,19,19,441,441,0,0.00013615167296368154,0.00013615167296368154,508,508,0,-1,4,4,8,2,365,523,738
767,0,0,1,1,0,0,0,1,1,0,0.0,0.0,1,1,0,-1,-1,-1,3,0,879,914,852
768,29,235,744,974,230,42,46,810,811,1,0.0007488342013002485,0.0021784267674189047,782,898,116,3,3,3,5,6,294,432,203
769,256,256,971,971,0,154,154,969,969,0,0.00622893903808843,0.00622893903808843,961,961,0,-1,2,2,10,35,241,57,632
770,0,206,1,935,934,0,40,1,385,384,0.0,6.807583648184077e-05,1,445,444,3,-1,4,23,0,43,928,341
771,78,180,877,959,82,38,38,820,820,0,0.0025188059498281084,0.0025188059498281084,914,914,0,4,3,3,3,12,778,104,555
772,6,622,457,997,540,28,42,652,776,124,0.0005786446100956465,0.0016678579938050988,731,872,141,2,4,3,6,1,661,480,427
773,2,208,351,946,595,18,30,382,437,55,0.0,0.0006126825283365669,1,713,712,3,5,4,11,1,162,265,204
774,8,109,467,885,418,78,78,572,572,0,3.4037918240920386e-05,3.4037918240920386e-05,396,396,0,5,4,4,17,3,73,300,466
775,0,102,1,936,935,0,5,1,395,394,0.0,0.000442492937131965,1,694,693,4,-1,5,3,3,863,882,150
776,0,102,1,884,883,0,11,1,362,361,0.0,0.0,1,1,0,4,-1,5,9,1,351,841,290
777,6,6,405,405,0,16,16,412,412,0,0.0,0.0,1,1,0,-1,4,4,7,2,296,842,830
778,16,118,625,931,306,38,38,851,851,0,0.0005446066918547262,0.0008509479560230097,728,798,70,4,3,3,3,1,930,480,258
779,82,288,855,976,121,128,128,933,933,0,0.00353994349705572,0.003880322679464924,935,943,8,3,2,2,9,7,277,630,195
780,98,1738,886,1000,114,82,116,874,964,90,0.002110350930937064,0.01664454201981007,889,991,102,1,3,2,7,22,450,116,151
781,0,0,1,1,0,0,0,1,1,0,0.0,0.0,1,1,0,-1,-1,-1,2,1,936,895,823
782,12,218,588,976,388,18,18,603,603,0,0.0002042275094455223,0.0018720855032506212,565,882,317,3,4,4,3,2,484,425,55
783,58,264,838,974,136,46,46,734,734,0,0.0009190237925048504,0.0020082371762143027,793,885,92,3,3,3,6,9,470,294,146
784,0,102,1,893,892,0,12,1,360,359,0.0,6.807583648184077e-05,1,448,447,4,-1,5,10,0,254,846,416
785,0,206,1,970,969,0,20,1,527,526,0.0,0.0012253650566731338,1,830,829,3,-1,4,6,0,494,796,180
786,6,108,467,932,465,12,12,502,502,0,0.0002042275094455223,0.00037441710065012424,570,670,100,4,4,4,4,1,891,681,501
787,0,102,1,905,904,0,9,1,368,367,0.0,0.0002723033459273631,1,620,619,4,-1,5,7,0,637,982,500
788,6,6,448,448,0,10,10,474,474,0,3.4037918240920386e-05,3.4037918240920386e-05,396,396,0,-1,4,4,3,2,855,719,987
789,16,632,494,990,496,76,109,515,643,128,6.807583648184077e-05,0.001055175465468532,451,808,357,2,3,3,19,1,31,152,345
790,574,780,991,997,6,176,176,981,981,0,0.009224275843289425,0.00980292045338507,980,982,2,3,2,2,8,81,370,32,390
791,74,74,846,846,0,102,102,908,908,0,0.0020422750944552232,0.0020422750944552232,884,884,0,-1,2,2,8,8,236,174,939
792,0,206,1,972,971,0,12,1,489,488,0.0,0.0006126825283365669,1,743,742,3,-1,4,4,0,631,803,336
793,0,101,1,944,943,0,2,1,331,330,0.0,0.0,1,1,0,5,-1,6,2,0,960,967,631
794,11,112,718,975,257,8,8,657,657,0,0.0007488342013002485,0.0007828721195411688,791,792,1,5,4,4,2,4,813,125,392
795,26,26,737,737,0,76,76,923,923,0,0.0010892133837094523,0.0010892133837094523,810,810,0,-1,3,3,6,6,322,234,712
796,48,150,726,906,180,154,154,734,734,0,0.0005105687736138058,0.0006126825283365669,689,714,25,4,3,3,21,3,74,519,899
797,100,100,901,901,0,100,100,950,950,0,0.032540249838319886,0.032540249838319886,999,999,0,-1,1,1,6,57,549,50,715
798,2,104,355,895,540,16,20,382,407,25,0.0,0.00013615167296368154,1,524,523,4,5,5,10,3,152,460,317
799,0,0,1,1,0,0,0,1,1,0,0.0,0.0,1,1,0,-1,-1,-1,23,0,30,811,707
800,12,12,558,558,0,18,18,561,561,0,0.00013615167296368154,0.00013615167296368154,507,507,0,-1,4,4,3,5,837,231,959
801,0,102,1,905,904,0,12,1,415,414,0.0,0.00034037918240920387,1,649,648,4,-1,5,6,0,356,833,382
802,0,102,1,954,953,0,4,1,454,453,0.0,0.0006126825283365669,1,760,759,4,-1,5,2,0,868,983,273
803,46,147,817,946,129,64,64,933,933,0,0.0016678579938050988,0.0016678579938050988,874,874,0,5,2,2,4,3,711,610,484
804,0,101,1,919,918,0,5,1,332,331,0.0,6.807583648184077e-05,1,443,442,5,-1,6,5,0,452,963,596
805,1,102,331,911,580,5,5,331,331,0,3.4037918240920386e-05,3.4037918240920386e-05,391,391,0,5,6,6,5,3,604,484,460
806,45,45,782,782,0,56,56,665,665,0,0.0007147962830593281,0.0007147962830593281,752,752,0,-1,3,3,9,8,178,257,826
807,9,9,567,567,0,10,10,470,470,0,0.0002382654276864427,0.0002382654276864427,593,593,0,-1,4,4,3,4,743,319,890
808,0,101,1,949,948,0,2,1,332,331,0.0,0.0,1,1,0,5,-1,6,2,0,809,632,325
809,105,311,930,986,56,68,68,962,962,0,0.005616256509751864,0.0068075836481840775,964,970,6,3,2,2,4,17,682,180,71
810,54,260,832,978,146,30,30,633,633,0,0.0008169100377820892,0.002280540522141666,783,894,111,3,4,4,5,15,390,219,95
811,0,206,1,973,972,0,14,1,558,557,0.0,0.0006467204465774873,1,758,757,3,-1,4,3,0,833,988,471
812,148,354,954,987,33,64,64,931,931,0,0.004595118962524252,0.006058749446883829,948,963,15,3,2,2,5,24,551,8,127
813,0,101,1,922,921,0,3,1,332,331,0.0,0.0,1,1,0,5,-1,6,3,0,621,426,225
814,8,8,558,558,0,8,8,508,508,0,0.00010211375472276115,0.00010211375472276115,496,496,0,-1,4,4,2,2,939,425,742
815,0,102,1,966,965,0,3,1,401,400,0.0,0.00017018959120460194,1,550,549,4,-1,5,2,0,968,950,465
816,0,0,1,1,0,0,0,1,1,0,0.0,0.0,1,1,0,-1,-1,-1,6,0,441,955,574
817,58,58,829,829,0,62,62,790,790,0,0.0005446066918547262,0.0005446066918547262,718,718,0,-1,3,3,7,13,343,217,918
818,76,177,880,967,87,50,50,861,861,0,0.00176997174852786,0.0018720855032506212,870,876,6,5,3,3,5,18,430,54,392
819,6,622,416,995,579,15,46,433,721,288,3.4037918240920386e-05,0.006943735321147759,400,970,570,2,4,3,6,1,630,555,7
820,182,182,947,947,0,126,126,962,962,0,0.0035059055788147996,0.0035059055788147996,935,935,0,-1,2,2,7,24,466,129,635
821,15,15,541,541,0,48,48,569,569,0,0.00034037918240920387,0.00034037918240920387,647,647,0,-1,4,4,10,5,135,454,744
822,84,700,878,997,119,92,102,922,951,29,0.002825147213996392,0.0042547397801150485,912,944,32,2,2,2,7,5,336,273,147
823,0,0,1,1,0,0,0,1,1,0,0.0,0.0,1,1,0,-1,-1,-1,3,0,899,930,777
824,28,28,778,778,0,22,22,725,725,0,0.0005446066918547262,0.0005446066918547262,714,714,0,-1,3,3,4,5,491,314,974
825,18,119,693,947,254,18,18,765,765,0,0.00034037918240920387,0.00034037918240920387,651,651,0,5,3,3,2,4,429,442,592
826,115,215,955,978,23,28,28,846,846,0,0.004901460226692535,0.005922597773920147,955,963,8,4,3,3,3,31,854,34,94
827,0,616,1,1000,999,0,20,1,867,866,0.0,0.006262976956329351,1,964,963,2,-1,3,3,0,668,945,304
828,13,115,602,926,324,20,20,588,588,0,0.0004765308553728854,0.0007488342013002485,708,774,66,4,4,4,4,3,675,291,280
829,0,0,1,1,0,0,0,1,1,0,0.0,0.0,1,1,0,-1,-1,-1,9,0,803,996,847
830,1,207,332,974,642,2,12,332,598,266,0.0,0.0010211375472276116,1,833,832,3,6,4,2,2,886,679,82
831,0,206,1,955,954,0,21,1,415,414,0.0,0.00013615167296368154,1,505,504,3,-1,4,9,0,351,952,354
832,0,102,1,893,892,0,15,1,385,384,0.0,0.0,1,1,0,4,-1,5,10,0,254,952,625
833,34,34,705,705,0,74,74,650,650,0,0.0005446066918547262,0.0005446066918547262,717,717,0,-1,3,3,13,3,228,653,702
834,0,102,1,960,959,0,3,1,392,391,0.0,0.0002382654276864427,1,606,605,4,-1,5,2,0,997,865,465
835,24,125,684,925,241,66,66,854,854,0,0.0004084550188910446,0.0004084550188910446,676,676,0,5,3,3,6,5,498,589,618
836,0,0,1,1,0,0,0,1,1,0,0.0,0.0,1,1,0,-1,-1,-1,5,0,412,359,564
837,148,250,973,984,11,46,46,976,976,0,0.007828721195411689,0.008373327887266415,978,980,2,4,2,2,2,28,702,41,227
838,0,102,1,951,950,0,6,1,443,442,0.0,3.4037918240920386e-05,1,414,413,4,-1,5,3,0,584,995,167
839,6,6,388,388,0,43,43,449,449,0,0.0,0.0,1,1,0,-1,4,4,15,2,49,313,950
840,4,210,395,954,559,19,24,398,430,32,0.00017018959120460194,0.00037441710065012424,544,670,126,3,5,4,10,2,204,523,528
841,475,1091,989,998,9,222,222,991,991,0,0.009496579189216788,0.01245787807617686,979,985,6,2,2,2,10,49,285,16,56
842,14,220,699,980,281,24,24,805,805,0,0.0013955546478777359,0.002586881786309949,854,915,61,3,4,4,4,4,860,125,213
843,25,25,718,718,0,20,20,585,585,0,0.0002382654276864427,0.0002382654276864427,589,589,0,-1,4,4,4,7,858,176,988
844,32,32,755,755,0,44,44,818,818,0,0.00034037918240920387,0.00034037918240920387,664,664,0,-1,3,3,4,9,516,145,673
845,0,0,1,1,0,0,0,1,1,0,0.0,0.0,1,1,0,-1,-1,-1,3,0,819,824,472
846,129,129,935,935,0,74,74,941,941,0,0.003437829742332959,0.003437829742332959,937,937,0,-1,2,2,5,27,406,304,456
847,0,616,1,992,991,0,92,1,723,722,0.0,0.007726607440688927,1,969,968,2,-1,3,12,0,116,984,0
848,56,262,819,970,151,80,84,763,773,10,0.0010211375472276116,0.0018380475850097008,797,879,82,3,2,2,9,6,213,683,84
849,1,1,333,333,0,8,8,333,333,0,0.0,0.0,1,1,0,-1,7,7,8,2,365,448,675
850,28,644,730,997,267,30,44,693,817,124,0.0004084550188910446,0.005207801490860819,685,962,277,2,3,3,4,4,516,622,74
851,72,72,887,887,0,70,70,945,945,0,0.0027911092957554717,0.0027911092957554717,919,919,0,-1,3,3,5,15,795,151,428
852,0,206,1,991,990,0,7,1,633,632,0.0,0.0016338200755641784,1,867,866,3,-1,4,2,0,884,517,805
853,0,102,1,944,943,0,5,1,404,403,0.0,0.00034037918240920387,1,649,648,4,-1,5,3,1,902,554,326
854,6,6,485,485,0,12,12,616,616,0,0.00010211375472276115,0.00010211375472276115,488,488,0,-1,4,4,2,1,779,152,735
855,14,116,653,952,299,18,18,704,704,0,0.0002723033459273631,0.00034037918240920387,620,650,30,4,4,4,3,4,953,336,718
856,0,0,1,1,0,0,0,1,1,0,0.0,0.0,1,1,0,-1,-1,-1,19,1,31,641,938
857,0,102,1,915,914,0,9,1,412,411,0.0,0.00030634126416828345,1,628,627,4,-1,5,5,0,692,969,46
858,214,315,942,969,27,282,282,940,940,0,0.0025188059498281084,0.0025188059498281084,906,906,0,5,2,2,19,20,14,71,331
859,0,0,1,1,0,0,0,1,1,0,0.0,0.0,1,1,0,-1,-1,-1,3,0,840,201,971
860,0,0,1,1,0,0,0,1,1,0,0.0,0.0,1,1,0,-1,-1,-1,2,0,957,894,777
861,38,244,766,971,205,66,66,854,854,0,0.0013615167296368155,0.0020082371762143027,834,888,54,3,3,3,6,7,498,630,405
862,0,616,1,990,989,0,138,1,597,596,0.0,0.0014636304843595766,1,842,841,2,-1,3,30,0,7,696,158
863,6,6,482,482,0,8,8,512,512,0,6.807583648184077e-05,6.807583648184077e-05,448,448,0,-1,4,4,2,1,910,463,517
864,0,206,1,976,975,0,8,1,516,515,0.0,0.001497668402600497,1,871,870,3,-1,4,2,0,771,956,94
865,3,104,448,944,496,5,5,418,418,0,3.4037918240920386e-05,0.00013615167296368154,404,523,119,5,5,5,3,2,674,627,646
866,2,104,363,927,564,6,9,365,421,56,0.0,0.0002723033459273631,1,619,618,4,5,5,5,3,435,748,379
867,3,105,431,928,497,8,8,424,424,0,6.807583648184077e-05,0.00010211375472276115,446,487,41,4,5,5,4,3,650,761,313
868,0,0,1,1,0,0,0,1,1,0,0.0,0.0,1,1,0,-1,-1,-1,10,0,75,533,478
869,0,0,1,1,0,0,0,1,1,0,0.0,0.0,1,1,0,-1,-1,-1,6,0,515,798,707
870,0,206,1,958,957,0,23,1,486,485,0.0,0.000442492937131965,1,682,681,3,-1,4,8,0,488,995,216
871,37,139,721,909,188,90,90,698,698,0,0.0007828721195411688,0.0007828721195411688,768,768,0,4,3,3,13,8,67,90,534
872,14,14,572,572,0,24,24,496,496,0,0.00010211375472276115,0.00010211375472276115,476,476,0,-1,4,4,8,4,431,625,871
873,0,102,1,915,914,0,5,1,359,358,0.0,6.807583648184077e-05,1,442,441,4,-1,5,4,0,949,865,598
874,0,102,1,894,893,0,10,1,350,349,0.0,0.0,1,1,0,4,-1,5,9,0,803,954,321
875,0,0,1,1,0,0,0,1,1,0,0.0,0.0,1,1,0,-1,-1,-1,2,2,810,709,920
876,24,230,678,965,287,54,58,714,752,38,0.00088498587426393,0.0014636304843595766,782,845,63,3,3,3,8,4,308,326,177
877,26,26,733,733,0,24,24,638,638,0,0.000442492937131965,0.000442492937131965,683,683,0,-1,3,3,5,4,430,504,709
878,0,0,1,1,0,0,0,1,1,0,0.0,0.0,1,1,0,-1,-1,-1,3,0,812,918,772
879,1,207,332,983,651,2,8,332,571,239,0.0,0.00034037918240920387,1,668,667,3,7,4,2,1,996,469,557
880,0,0,1,1,0,0,0,1,1,0,0.0,0.0,1,1,0,-1,-1,-1,6,1,378,641,568
881,0,0,1,1,0,0,0,1,1,0,0.0,0.0,1,1,0,-1,-1,-1,2,0,813,900,867
882,0,0,1,1,0,0,0,1,1,0,0.0,0.0,1,1,0,-1,-1,-1,5,0,534,817,757
883,0,102,1,859,858,0,42,1,363,362,0.0,0.0,1,1,0,4,-1,5,33,0,9,950,342
884,326,532,977,987,10,236,236,970,970,0,0.005003573981415297,0.005650294427992784,957,962,5,3,2,2,13,38,165,111,267
885,101,202,925,974,49,50,50,856,856,0,0.0025188059498281084,0.0025188059498281084,898,898,0,5,3,3,5,21,602,157,430
886,0,102,1,893,892,0,16,1,388,387,0.0,0.00034037918240920387,1,640,639,4,-1,5,10,0,527,883,159
887,69,69,908,908,0,22,22,832,832,0,0.0016338200755641784,0.0016338200755641784,881,881,0,-1,3,3,2,22,681,116,970
888,24,24,664,664,0,54,54,689,689,0,0.0006467204465774873,0.0006467204465774873,739,739,0,-1,3,3,8,4,443,336,995
889,12,218,614,976,362,8,8,497,497,0,0.0002723033459273631,0.003880322679464924,624,942,318,3,4,4,2,5,750,124,51
890,12,628,510,992,482,38,64,485,633,148,6.807583648184077e-05,0.0017359338302869397,445,871,426,2,4,3,11,2,150,749,151
891,8,8,534,534,0,18,18,551,551,0,0.0,0.0,1,1,0,-1,4,4,5,2,908,549,988
892,56,56,838,838,0,70,70,900,900,0,0.0012594029749140542,0.0012594029749140542,830,830,0,-1,3,3,5,12,531,155,228
893,0,0,1,1,0,0,0,1,1,0,0.0,0.0,1,1,0,-1,-1,-1,4,0,671,715,985
894,100,100,860,860,0,100,100,646,646,0,0.01657646618332823,0.01678069369277375,995,995,0,3,1,1,17,55,6,21,248
895,18,18,658,658,0,26,26,625,625,0,0.0002723033459273631,0.0002723033459273631,615,615,0,-1,4,4,5,4,688,233,672
896,0,101,1,914,913,0,5,1,329,328,0.0,0.0,1,1,0,5,-1,6,5,0,565,918,337
897,66,272,838,975,137,74,74,828,828,0,0.0007488342013002485,0.0009190237925048504,764,796,32,3,3,3,8,11,646,162,688
898,6,108,400,889,489,42,42,489,489,0,0.0002382654276864427,0.00030634126416828345,582,621,39,4,4,4,13,1,160,797,384
899,24,126,709,932,223,32,32,636,636,0,0.0005446066918547262,0.0006467204465774873,719,753,34,4,4,4,6,7,465,389,491
900,8,214,505,966,461,20,20,530,530,0,6.807583648184077e-05,0.0002723033459273631,443,607,164,3,4,4,4,2,493,791,724
901,46,662,732,990,258,124,186,767,895,128,0.0006807583648184077,0.012219612648490419,733,985,252,2,2,2,16,3,50,263,37
902,6,206,449,969,520,22,22,574,574,0,0.0002723033459273631,0.002552843868069029,615,906,291,3,4,4,5,1,662,667,57
903,6,6,478,478,0,8,8,519,519,0,0.00013615167296368154,0.00013615167296368154,523,523,0,-1,4,4,2,1,979,527,735
904,0,206,1,963,962,0,30,1,517,516,0.0,0.0006807583648184077,1,744,743,3,-1,4,9,0,190,980,179
905,0,206,1,981,980,0,8,1,538,537,0.0,0.002995336805200994,1,928,927,3,-1,4,2,0,760,707,142
906,48,48,776,776,0,140,140,854,854,0,0.0007828721195411688,0.0007828721195411688,765,765,0,-1,2,2,14,5,47,589,766
907,0,0,1,1,0,0,0,1,1,0,0.0,0.0,1,1,0,-1,-1,-1,8,0,454,876,833
908,0,206,1,950,949,0,29,1,437,436,0.0,6.807583648184077e-05,1,448,447,3,-1,4,12,0,62,801,505
909,0,0,1,1,0,0,0,1,1,0,0.0,0.0,1,1,0,-1,-1,-1,9,0,147,822,792
910,0,0,1,1,0,0,0,1,1,0,0.0,0.0,1,1,0,-1,-1,-1,3,0,892,995,988
911,115,217,955,980,25,22,22,825,825,0,0.003608019333537561,0.003812246842983083,939,941,2,4,3,3,2,31,817,35,827
912,16,118,616,926,310,40,40,814,814,0,0.0005446066918547262,0.0005446066918547262,731,731,0,4,3,3,4,2,444,160,443
913,14,220,747,989,242,8,12,609,756,147,0.0007828721195411688,0.005956635692161067,789,969,180,3,4,4,2,6,873,194,5
914,0,0,1,1,0,0,0,1,1,0,0.0,0.0,1,1,0,-1,-1,-1,7,0,359,937,205
915,0,102,1,945,944,0,5,1,403,402,0.0,0.0002723033459273631,1,631,630,4,-1,5,3,0,485,614,681
916,112,214,906,959,53,84,84,924,924,0,0.0021784267674189047,0.002280540522141666,894,901,7,4,2,2,5,12,238,172,508
917,56,262,843,976,133,76,76,907,907,0,0.0012594029749140542,0.0014295925661186562,840,852,12,3,2,2,6,9,522,145,384
918,1,617,333,996,663,6,30,333,578,245,0.0,0.0006807583648184077,1,760,759,2,7,3,6,1,368,765,169
919,0,0,1,1,0,0,0,1,1,0,0.0,0.0,1,1,0,-1,-1,-1,3,0,785,538,982
920,6,622,411,992,581,29,43,505,613,108,0.00010211375472276115,0.0012253650566731338,480,829,349,2,4,3,9,1,315,561,231
921,0,616,1,996,995,0,26,1,695,694,0.0,0.0018720855032506212,1,878,877,2,-1,3,4,0,444,745,179
922,0,102,1,920,919,0,7,1,381,380,0.0,0.00017018959120460194,1,540,539,4,-1,5,5,0,452,803,110
923,20,226,686,972,286,18,18,592,592,0,0.0007828721195411688,0.0014295925661186562,785,859,74,3,4,4,3,4,737,40,198
924,2,208,374,980,606,4,12,404,610,206,0.0,0.003880322679464924,1,940,939,3,5,4,2,2,977,342,77
925,6,108,382,878,496,35,35,419,419,0,6.807583648184077e-05,0.00013615167296368154,441,502,61,4,4,4,16,2,195,690,771
926,10,112,583,939,356,12,12,510,510,0,0.0002723033459273631,0.0004084550188910446,631,687,56,4,4,4,4,3,573,653,237
927,0,102,1,958,957,0,4,1,431,430,0.0,0.00037441710065012424,1,684,683,4,-1,5,2,0,996,205,272
928,0,1640,1,1000,999,0,118,1,928,927,0.0,0.022328874366043774,1,997,996,1,-1,2,9,0,126,960,2
929,0,0,1,1,0,0,0,1,1,0,0.0,0.0,1,1,0,-1,-1,-1,7,0,221,514,910
930,0,102,1,888,887,0,20,1,399,398,0.0,0.0004765308553728854,1,694,693,4,-1,5,11,2,224,431,159
931,62,164,863,959,96,38,38,853,853,0,0.0012934408931549745,0.0013955546478777359,837,849,12,4,3,3,3,13,836,255,408
932,36,138,733,918,185,60,60,656,656,0,0.0006807583648184077,0.0007147962830593281,747,757,10,4,4,4,10,6,99,461,615
933,0,616,1,996,995,0,22,1,680,679,0.0,0.001497668402600497,1,851,850,2,-1,3,4,0,783,844,83
934,393,599,988,995,7,108,108,967,967,0,0.007488342013002485,0.008101024541339052,969,972,3,3,2,2,8,69,442,12,377
935,6,212,508,978,470,9,10,522,538,16,0.00030634126416828345,0.001055175465468532,629,821,192,3,4,4,3,1,535,869,377
936,70,70,821,821,0,130,130,815,815,0,0.0009530617107457708,0.0009530617107457708,798,798,0,-1,3,3,14,6,21,376,854
937,26,26,701,701,0,30,30,587,587,0,0.00013615167296368154,0.00013615167296368154,522,522,0,-1,3,3,6,4,255,210,887
938,41,247,837,980,143,18,18,781,781,0,0.0009530617107457708,0.0027911092957554717,814,927,113,3,3,3,2,14,747,243,55
939,38,140,804,948,144,34,34,746,746,0,0.0009870996289866913,0.0012253650566731338,812,837,25,4,3,3,4,6,758,397,450
940,74,176,870,952,82,30,30,646,646,0,0.0010892133837094523,0.0013615167296368155,811,835,24,4,4,4,5,19,701,59,160
941,0,206,1,952,951,0,24,1,411,410,0.0,0.0002382654276864427,1,583,582,3,-1,4,12,3,187,753,770
942,2,2,348,348,0,13,13,369,369,0,0.0,0.0,1,1,0,-1,5,5,10,1,259,781,664
943,0,206,1,951,950,0,49,1,488,487,0.0,0.00030634126416828345,1,623,622,3,-1,4,15,0,32,826,494
944,16,16,475,475,0,210,210,701,701,0,0.0002723033459273631,0.0002723033459273631,597,597,0,-1,3,3,35,1,20,741,796
945,17,17,714,714,0,12,12,611,611,0,0.0011913271384322134,0.0011913271384322134,833,833,0,-1,4,4,2,7,977,224,806
946,303,303,971,971,0,240,240,957,957,0,0.004969536063174376,0.004969536063174376,952,952,0,-1,2,2,16,31,60,76,854
947,0,0,1,1,0,0,0,1,1,0,0.0,0.0,1,1,0,-1,-1,-1,21,0,54,786,715
948,5,107,489,953,464,6,7,410,432,22,0.0,0.0002723033459273631,1,611,610,4,5,5,4,3,738,526,491
949,6,6,422,422,0,44,44,611,611,0,0.00034037918240920387,0.00034037918240920387,655,655,0,-1,4,4,8,2,225,670,930
950,33,134,838,970,132,12,12,754,754,0,0.0017018959120460194,0.0017359338302869397,884,884,0,5,4,4,2,10,995,227,506
951,6,6,413,413,0,22,22,464,464,0,0.00010211375472276115,0.00010211375472276115,482,482,0,-1,4,4,7,1,193,840,969
952,57,159,852,958,106,38,38,752,752,0,0.0009530617107457708,0.001157289220191293,810,830,20,4,3,3,6,14,657,387,722
953,0,101,1,937,936,0,3,1,330,329,0.0,6.807583648184077e-05,1,463,462,5,-1,6,3,0,871,367,353
954,2,104,355,901,546,8,8,399,399,0,0.0,6.807583648184077e-05,1,438,437,4,5,5,4,2,300,662,628
955,59,161,892,972,80,24,24,822,822,0,0.0014295925661186562,0.0017359338302869397,850,882,32,4,3,3,3,15,796,206,720
956,10,10,598,598,0,12,12,599,599,0,0.00030634126416828345,0.00030634126416828345,638,638,0,-1,4,4,2,3,926,268,517
957,0,102,1,921,920,0,5,1,363,362,0.0,0.0,1,1,0,4,-1,5,4,0,495,887,337
958,0,616,1,991,990,0,102,1,672,671,0.0,0.0030293747234419145,1,926,925,2,-1,3,15,0,51,429,105
959,0,102,1,924,923,0,6,1,409,408,0.0,0.0006467204465774873,1,744,743,4,-1,5,3,0,592,751,190
960,165,165,948,948,0,76,76,898,898,0,0.004050512270669526,0.004050512270669526,941,941,0,-1,3,3,6,29,369,142,201
961,6,108,435,918,483,12,12,442,442,0,3.4037918240920386e-05,0.00037441710065012424,411,660,249,4,4,4,4,1,870,558,366
962,0,206,1,949,948,0,32,1,443,442,0.0,0.0002723033459273631,1,606,605,3,-1,4,12,0,239,669,237
963,0,206,1,964,963,0,17,1,444,443,0.0,0.00034037918240920387,1,649,648,3,-1,4,7,0,324,445,827
964,0,0,1,1,0,0,0,1,1,0,0.0,0.0,1,1,0,-1,-1,-1,4,0,832,915,574
965,6,6,489,489,0,18,18,665,665,0,0.00010211375472276115,0.00010211375472276115,503,503,0,-1,4,4,3,2,732,714,945
966,1,103,333,914,581,4,8,333,401,68,0.0,0.00010211375472276115,1,499,498,4,6,5,4,2,870,357,370
967,9,110,482,881,399,46,46,496,496,0,0.0,0.0,1,1,0,5,4,4,13,5,92,570,692
968,22,123,813,970,157,12,12,755,755,0,0.0005446066918547262,0.0005446066918547262,738,738,0,5,4,4,2,9,987,293,530
969,100,100,894,894,0,70,70,894,894,0,0.0014636304843595766,0.0014636304843595766,853,853,0,-1,3,3,5,15,818,53,611
970,0,206,1,968,967,0,13,1,437,436,0.0,0.00010211375472276115,1,485,484,3,-1,4,6,0,266,356,285
971,0,0,1,1,0,0,0,1,1,0,0.0,0.0,1,1,0,-1,-1,-1,7,1,193,539,982
972,0,0,1,1,0,0,0,1,1,0,0.0,0.0,1,1,0,-1,-1,-1,4,0,949,489,804
973,0,0,1,1,0,0,0,1,1,0,0.0,0.0,1,1,0,-1,-1,-1,3,0,337,790,856
974,6,108,492,940,448,12,12,610,610,0,3.4037918240920386e-05,0.0002042275094455223,406,584,178,4,4,4,2,1,948,689,682
975,1,102,333,890,557,10,10,333,333,0,0.0,3.4037918240920386e-05,1,405,404,5,6,6,10,3,427,181,602
976,0,102,1,964,963,0,6,1,538,537,0.0,0.0020763130126961434,1,907,906,4,-1,5,3,0,812,600,56
977,42,42,788,788,0,74,74,922,922,0,0.0010211375472276116,0.0010211375472276116,803,803,0,-1,2,2,5,3,546,541,702
978,0,0,1,1,0,0,0,1,1,0,0.0,0.0,1,1,0,-1,-1,-1,2,0,976,918,903
979,6,108,407,898,491,24,24,443,443,0,6.807583648184077e-05,6.807583648184077e-05,435,435,0,4,4,4,10,2,169,419,225
980,2,103,365,925,560,7,7,397,397,0,0.0,0.0,1,1,0,5,5,5,4,1,475,837,512
981,0,102,1,896,895,0,12,1,378,377,0.0,0.00010211375472276115,1,472,471,4,-1,5,8,0,308,744,410
982,0,102,1,927,926,0,5,1,360,359,0.0,3.4037918240920386e-05,1,406,405,4,-1,5,4,1,461,641,714
983,0,206,1,947,946,0,29,1,408,407,0.0,3.4037918240920386e-05,1,392,391,3,-1,4,14,3,268,348,586
984,14,115,600,928,328,22,22,549,549,0,0.0004084550188910446,0.000442492937131965,683,697,14,6,4,4,5,6,773,247,603
985,50,256,807,970,163,84,84,878,878,0,0.0013274788113958951,0.003165526396405596,845,922,77,3,3,3,8,4,595,40,38
986,16,222,597,967,370,35,36,667,672,5,0.00037441710065012424,0.0008169100377820892,661,783,122,3,3,3,7,1,698,452,299
987,0,101,1,950,949,0,2,1,330,329,0.0,0.0002042275094455223,1,585,584,5,-1,6,2,0,686,915,315
988,101,101,912,912,0,34,34,757,757,0,0.0021784267674189047,0.0021784267674189047,897,897,0,-1,3,3,4,22,632,203,835
989,0,0,1,1,0,0,0,1,1,0,0.0,0.0,1,1,0,-1,-1,-1,12,0,194,884,851
990,0,0,1,1,0,0,0,1,1,0,0.0,0.0,1,1,0,-1,-1,-1,14,0,21,517,962
991,1,103,333,885,552,10,15,333,378,45,0.0,6.807583648184077e-05,1,436,435,4,7,5,10,3,189,626,549
992,6,212,375,944,569,39,55,387,426,39,3.4037918240920386e-05,0.0007147962830593281,393,747,354,3,4,4,22,1,33,853,414
993,8,110,503,902,399,19,20,452,462,10,0.0002382654276864427,0.0005786446100956465,584,725,141,4,4,4,8,2,508,749,136
994,0,102,1,946,945,0,4,1,410,409,0.0,0.0005446066918547262,1,736,735,4,-1,5,2,0,928,638,216
995,2,103,362,919,557,7,7,385,385,0,3.4037918240920386e-05,6.807583648184077e-05,395,440,45,5,5,5,4,1,709,618,676
996,25,127,767,952,185,24,24,779,779,0,0.0004765308553728854,0.0006807583648184077,698,763,65,4,3,3,3,5,433,124,223
997,5,107,494,950,456,6,6,468,468,0,0.00013615167296368154,0.0002382654276864427,532,613,81,4,5,5,3,4,911,617,501
998,0,102,1,884,883,0,12,1,354,353,0.0,0.0,1,1,0,4,-1,5,10,0,205,201,606
999,2,208,357,965,608,8,19,371,504,133,6.807583648184077e-05,0.00088498587426393,444,791,347,3,5,4,6,2,582,692,294
