,FreeNet_pre_score,FreeNet_post_score,FreeNet_pre_rank,FreeNet_post_rank,FreeNet_delta_ranks,Reversed_pre_score,Reversed_post_score,Reversed_pre_rank,Reversed_post_rank,Reversed_delta_ranks,Random_pre_score,Random_post_score,Random_pre_rank,Random_post_rank,Random_delta_ranks,dist_victim_relayer,dist_victim_vilain_pre,dist_victim_vilain_post,out_deg_victim,in_deg_villain,victim,villain,relayer
0,37,138,857,973,116,8,8,564,564,0,0.001055175465468532,0.001055175465468532,816,816,0,6,4,4,2,18,890,147,596
1,11,112,626,955,329,4,4,439,439,0,0.0005105687736138058,0.0005786446100956465,726,741,15,5,5,5,2,8,988,386,599
2,0,206,1,970,969,0,9,1,454,453,0.0,0.00010211375472276115,1,497,496,3,-1,4,3,0,836,790,697
3,54,156,913,980,67,18,18,906,906,0,0.00353994349705572,0.003608019333537561,940,941,1,4,3,3,2,23,962,117,493
4,0,206,1,976,975,0,10,1,479,478,0.0,0.0002042275094455223,1,570,569,3,-1,4,4,0,603,686,532
5,0,102,1,884,883,0,12,1,348,347,0.0,0.0,1,1,0,4,-1,5,11,0,167,498,878
6,0,101,1,967,966,0,2,1,329,328,0.0,6.807583648184077e-05,1,442,441,5,-1,6,2,0,933,624,458
7,46,46,749,749,0,138,138,765,765,0,0.0010892133837094523,0.0010892133837094523,805,805,0,-1,2,2,17,2,71,475,854
8,6,108,537,962,425,8,8,589,589,0,0.0004084550188910446,0.0004765308553728854,687,707,20,4,4,4,2,1,481,404,797
9,6,107,434,918,484,12,12,448,448,0,0.0,0.00017018959120460194,1,539,538,5,4,4,5,2,524,654,279
10,0,0,1,1,0,0,0,1,1,0,0.0,0.0,1,1,0,-1,-1,-1,30,0,7,796,848
11,2,2,382,382,0,4,4,432,432,0,6.807583648184077e-05,6.807583648184077e-05,463,463,0,-1,5,5,2,2,951,215,731
12,6,6,489,489,0,18,18,721,721,0,0.00013615167296368154,0.00013615167296368154,517,517,0,-1,4,4,3,1,797,556,852
13,8,110,557,941,384,12,12,588,588,0,0.0002382654276864427,0.0002723033459273631,583,616,33,4,4,4,2,4,598,270,809
14,0,101,1,897,896,0,7,1,332,331,0.0,3.4037918240920386e-05,1,401,400,5,-1,6,7,0,413,963,807
15,2,103,366,930,564,10,10,436,436,0,3.4037918240920386e-05,3.4037918240920386e-05,402,402,0,8,5,5,5,1,685,531,448
16,0,206,1,968,967,0,24,1,544,543,0.0,0.0007828721195411688,1,782,781,3,-1,4,6,0,266,930,163
17,34,136,762,939,177,40,40,799,799,0,0.0008509479560230097,0.0009870996289866913,784,810,26,4,3,3,4,3,762,507,427
18,0,206,1,972,971,0,16,1,536,535,0.0,0.0026209197045508697,1,911,910,3,-1,4,4,0,403,946,76
19,139,139,943,943,0,60,60,886,886,0,0.0020422750944552232,0.0020422750944552232,880,880,0,-1,3,3,5,23,528,66,324
20,16,222,665,977,312,18,18,658,658,0,0.0005446066918547262,0.001055175465468532,723,827,104,3,4,4,3,8,748,264,376
21,16,16,519,519,0,116,116,692,692,0,0.0002382654276864427,0.0002382654276864427,588,588,0,-1,3,3,18,1,64,556,794
22,0,616,1,994,993,0,38,1,687,686,0.0,0.0026549576227917903,1,906,905,2,-1,3,6,0,387,988,87
23,15,116,636,936,300,28,28,621,621,0,0.00030634126416828345,0.00030634126416828345,639,639,0,6,4,4,6,9,657,317,357
24,48,48,810,810,0,60,60,859,859,0,0.00088498587426393,0.00088498587426393,787,787,0,-1,3,3,5,4,506,326,836
25,6,212,453,973,520,11,20,457,602,145,0.0,0.0011913271384322134,1,834,833,3,4,4,4,1,513,555,95
26,2,2,361,361,0,8,8,368,368,0,0.0,0.0,1,1,0,-1,5,5,6,1,328,543,674
27,1,103,332,917,585,4,7,332,385,53,0.0,0.00034037918240920387,1,637,636,4,6,5,4,2,822,374,115
28,49,49,821,821,0,62,62,812,812,0,0.0009190237925048504,0.0009190237925048504,796,796,0,-1,3,3,7,9,510,415,548
29,9,110,608,956,348,9,9,534,534,0,6.807583648184077e-05,0.00010211375472276115,449,491,42,6,4,4,3,3,984,572,736
30,105,105,911,911,0,98,98,906,906,0,0.002144388849177984,0.002144388849177984,888,888,0,-1,3,3,8,15,286,36,778
31,0,102,1,892,891,0,17,1,397,396,0.0,0.00010211375472276115,1,473,472,4,-1,5,9,0,213,977,409
32,0,0,1,1,0,0,0,1,1,0,0.0,0.0,1,1,0,-1,-1,-1,21,0,3,838,831
33,0,101,1,904,903,0,7,1,331,330,0.0,0.0,1,1,0,5,-1,6,7,0,698,970,579
34,9,215,551,970,419,12,12,459,459,0,0.0002382654276864427,0.00030634126416828345,598,642,44,3,4,4,4,4,736,278,536
35,0,0,1,1,0,0,0,1,1,0,0.0,0.0,1,1,0,-1,-1,-1,3,0,863,865,201
36,130,336,909,976,67,182,182,952,952,0,0.003710133088260322,0.003982436434187685,939,942,3,3,2,2,13,12,113,104,333
37,0,102,1,928,927,0,4,1,393,392,0.0,0.0002042275094455223,1,575,574,4,-1,5,2,0,752,643,287
38,1,1,333,333,0,13,13,333,333,0,0.0,0.0,1,1,0,-1,6,6,13,1,120,590,643
39,120,1760,932,1000,68,50,74,847,957,110,0.002110350930937064,0.021716191837707205,888,995,107,1,3,2,5,22,656,203,25
40,0,206,1,950,949,0,24,1,406,405,0.0,0.00034037918240920387,1,644,643,3,-1,4,12,0,62,984,741
41,6,212,425,969,544,20,20,585,585,0,0.0002723033459273631,0.00037441710065012424,610,661,51,3,4,4,4,1,547,474,270
42,291,497,979,991,12,110,110,975,975,0,0.00707988699411144,0.008339289969025495,968,974,6,3,2,2,6,50,253,33,61
43,0,102,1,927,926,0,6,1,417,416,0.0,0.00088498587426393,1,795,794,4,-1,5,3,1,626,792,497
44,117,323,935,984,49,28,28,741,741,0,0.002552843868069029,0.002995336805200994,907,919,12,3,3,3,3,26,836,108,383
45,0,206,1,956,955,0,29,1,490,489,0.0,0.0007828721195411688,1,764,763,3,-1,4,9,0,330,604,471
46,2,104,351,884,533,17,17,372,372,0,0.0,3.4037918240920386e-05,1,408,407,4,5,5,12,1,116,743,485
47,0,0,1,1,0,0,0,1,1,0,0.0,0.0,1,1,0,-1,-1,-1,2,0,761,769,429
48,0,206,1,971,970,0,15,1,521,520,0.0,0.00034037918240920387,1,658,657,3,-1,4,4,0,566,916,162
49,34,34,819,819,0,28,28,815,815,0,0.0011232513019503727,0.0011232513019503727,839,839,0,-1,3,3,3,10,530,272,349
50,6,212,417,963,546,19,26,451,516,65,0.0,0.0005446066918547262,1,722,721,3,4,4,8,1,440,639,59
51,44,44,873,873,0,12,12,685,685,0,0.0017018959120460194,0.0017018959120460194,881,881,0,-1,4,4,2,27,792,304,915
52,48,150,796,937,141,62,62,762,762,0,0.0004765308553728854,0.0013274788113958951,702,831,129,4,3,3,7,6,372,432,131
53,30,236,747,973,226,40,40,698,698,0,0.0002723033459273631,0.0009190237925048504,623,801,178,3,3,3,5,6,474,381,264
54,0,0,1,1,0,0,0,1,1,0,0.0,0.0,1,1,0,-1,-1,-1,6,0,451,975,996
55,2,618,358,995,637,6,34,375,755,380,0.0,0.003199564314646516,1,936,935,2,5,3,4,2,858,692,133
56,0,0,1,1,0,0,0,1,1,0,0.0,0.0,1,1,0,-1,-1,-1,3,1,871,787,568
57,2,103,351,875,524,21,21,376,376,0,3.4037918240920386e-05,6.807583648184077e-05,406,447,41,5,5,5,15,1,0,593,764
58,0,102,1,896,895,0,15,1,403,402,0.0,0.0002042275094455223,1,554,553,4,-1,5,8,1,302,920,634
59,9,9,540,540,0,13,13,445,445,0,0.00010211375472276115,0.00010211375472276115,479,479,0,-1,4,4,5,3,173,534,565
60,2,2,359,359,0,4,4,360,360,0,0.0,0.0,1,1,0,-1,5,5,3,3,930,676,426
61,103,205,928,974,46,44,44,870,870,0,0.0034037918240920387,0.0035739814152966403,930,932,2,4,3,3,4,21,648,123,458
62,1,207,333,950,617,12,32,333,475,142,0.0,0.00030634126416828345,1,619,618,3,6,4,12,3,194,181,339
63,2,2,351,351,0,16,16,380,380,0,0.0,0.0,1,1,0,-1,5,5,11,1,271,558,400
64,19,635,741,999,258,22,22,843,843,0,0.0008169100377820892,0.008713707069675619,793,978,185,2,3,3,2,3,841,390,5
65,12,12,521,521,0,52,52,563,563,0,0.0002723033459273631,0.0002723033459273631,600,600,0,-1,4,4,12,3,194,795,901
66,0,206,1,981,980,0,18,1,695,694,0.0,0.003812246842983083,1,942,941,3,-1,4,3,0,718,848,16
67,50,50,881,881,0,12,12,780,780,0,0.0022465026039007454,0.0022465026039007454,902,902,0,-1,4,4,2,15,821,53,672
68,47,148,848,961,113,28,28,829,829,0,0.001055175465468532,0.001055175465468532,818,818,0,5,3,3,3,9,433,343,495
69,12,114,589,927,338,22,22,557,557,0,6.807583648184077e-05,0.00088498587426393,449,800,351,4,4,4,5,4,616,380,113
70,0,206,1,946,945,0,45,1,460,459,0.0,0.0006467204465774873,1,728,727,3,-1,4,15,0,51,863,216
71,0,101,1,926,925,0,2,1,330,329,0.0,0.0,1,1,0,6,-1,7,2,0,925,324,743
72,0,0,1,1,0,0,0,1,1,0,0.0,0.0,1,1,0,-1,-1,-1,2,0,643,517,998
73,46,46,777,777,0,90,90,824,824,0,0.0010211375472276116,0.0010211375472276116,812,812,0,-1,2,2,9,4,287,270,929
74,0,101,1,879,878,0,13,1,332,331,0.0,0.0,1,1,0,7,-1,8,13,0,113,912,448
75,13,219,548,962,414,21,21,455,455,0,0.00013615167296368154,0.0004084550188910446,520,671,151,3,4,4,7,6,591,279,263
76,73,279,909,988,79,12,12,649,649,0,0.0014636304843595766,0.003914360597705844,865,945,80,3,4,4,2,22,838,203,111
77,16,16,615,615,0,16,16,513,513,0,0.0002723033459273631,0.0002723033459273631,617,617,0,-1,4,4,4,4,632,86,993
78,90,192,880,956,76,54,54,740,740,0,0.0014636304843595766,0.0019061234214915416,849,874,25,4,3,3,8,17,521,96,136
79,24,24,777,777,0,32,32,925,925,0,0.0012253650566731338,0.0012253650566731338,831,831,0,-1,3,3,2,5,809,283,992
80,6,212,433,969,536,15,20,446,509,63,0.0,0.0009190237925048504,1,799,798,3,4,4,6,1,266,238,60
81,26,26,708,708,0,26,26,599,599,0,0.000442492937131965,0.000442492937131965,683,683,0,-1,4,4,5,7,701,303,922
82,6,107,477,935,458,15,15,594,594,0,0.00017018959120460194,0.0002042275094455223,546,575,29,5,4,4,4,1,827,840,594
83,0,102,1,900,899,0,11,1,402,401,0.0,0.0004084550188910446,1,681,680,4,-1,5,6,0,98,675,246
84,0,101,1,974,973,0,2,1,330,329,0.0,0.0002042275094455223,1,579,578,5,-1,6,2,0,973,977,396
85,87,293,900,983,83,50,50,856,856,0,0.0020763130126961434,0.0027911092957554717,890,915,25,3,3,3,5,23,452,122,642
86,0,0,1,1,0,0,0,1,1,0,0.0,0.0,1,1,0,-1,-1,-1,4,0,887,823,747
87,36,36,776,776,0,24,24,610,610,0,0.0008509479560230097,0.0008509479560230097,795,795,0,-1,4,4,4,8,500,250,725
88,239,445,974,992,18,78,78,979,979,0,0.009292351679771264,0.009632730862180468,985,985,0,3,2,2,4,34,545,20,414
89,0,0,1,1,0,0,0,1,1,0,0.0,0.0,1,1,0,-1,-1,-1,4,0,597,872,569
90,22,22,741,741,0,22,22,805,805,0,0.0005105687736138058,0.0005105687736138058,719,719,0,-1,3,3,2,3,939,525,802
91,0,101,1,924,923,0,4,1,332,331,0.0,0.0,1,1,0,5,-1,6,4,0,619,967,509
92,31,31,745,745,0,42,42,698,698,0,0.0006467204465774873,0.0006467204465774873,755,755,0,-1,3,3,6,5,356,636,822
93,0,102,1,938,937,0,4,1,396,395,0.0,6.807583648184077e-05,1,452,451,4,-1,5,2,0,886,983,325
94,6,108,489,945,456,10,10,528,528,0,0.00013615167296368154,0.0002042275094455223,519,565,46,4,4,4,3,1,693,481,634
95,83,83,858,858,0,74,74,734,734,0,0.0012934408931549745,0.0012934408931549745,836,836,0,-1,3,3,9,16,287,113,927
96,0,0,1,1,0,0,0,1,1,0,0.0,0.0,1,1,0,-1,-1,-1,4,0,391,999,529
97,0,101,1,928,927,0,3,1,331,330,0.0,6.807583648184077e-05,1,455,454,5,-1,6,3,0,935,911,156
98,0,206,1,969,968,0,12,1,464,463,0.0,0.0004765308553728854,1,689,688,3,-1,4,4,0,641,967,612
99,6,1646,377,999,622,88,196,439,671,232,0.0,0.004016474352428605,1,929,928,1,4,2,35,1,20,799,15
100,4,4,423,423,0,8,8,408,408,0,0.0002382654276864427,0.0002382654276864427,587,587,0,-1,5,5,4,3,445,646,819
101,16,222,632,973,341,40,40,840,840,0,0.0006126825283365669,0.0010211375472276116,736,818,82,3,3,3,4,2,513,482,785
102,16,16,551,551,0,52,52,541,541,0,0.0004084550188910446,0.0004084550188910446,663,663,0,-1,3,3,13,2,129,805,445
103,8,110,538,941,403,12,12,597,597,0,0.0002723033459273631,0.0005446066918547262,631,726,95,4,4,4,2,2,972,697,591
104,15,221,634,974,340,14,14,552,552,0,0.0002042275094455223,0.002144388849177984,567,899,332,3,4,4,3,9,842,341,13
105,0,0,1,1,0,0,0,1,1,0,0.0,0.0,1,1,0,-1,-1,-1,14,0,108,205,974
106,0,206,1,974,973,0,11,1,454,453,0.0,0.00088498587426393,1,786,785,3,-1,4,4,0,659,834,99
107,8,624,538,998,460,24,34,675,801,126,0.0009190237925048504,0.004322815616596889,794,953,159,2,4,3,4,4,787,440,141
108,0,102,1,957,956,0,3,1,392,391,0.0,0.0005446066918547262,1,727,726,4,-1,5,2,0,666,766,90
109,0,101,1,888,887,0,9,1,332,331,0.0,3.4037918240920386e-05,1,398,397,5,-1,6,9,0,166,400,621
110,42,248,822,980,158,28,28,742,742,0,0.0004765308553728854,0.0011913271384322134,713,840,127,3,3,3,3,11,746,52,412
111,9,110,615,949,334,14,14,654,654,0,0.0004084550188910446,0.0004084550188910446,693,693,0,6,4,4,3,4,790,339,743
112,16,118,583,911,328,24,24,475,475,0,0.00030634126416828345,0.0004084550188910446,624,662,38,4,4,4,8,4,443,210,599
113,0,206,1,948,947,0,62,1,640,639,0.0,0.0025188059498281084,1,904,903,3,-1,4,11,1,163,787,142
114,0,206,1,965,964,0,16,1,480,479,0.0,0.0006467204465774873,1,730,729,3,-1,4,6,0,446,922,375
115,102,102,921,921,0,38,38,853,853,0,0.0024507301133462676,0.0024507301133462676,903,903,0,-1,3,3,3,18,836,141,754
116,0,0,1,1,0,0,0,1,1,0,0.0,0.0,1,1,0,-1,-1,-1,2,0,868,542,254
117,8,8,534,534,0,20,20,587,587,0,0.00017018959120460194,0.00017018959120460194,551,551,0,-1,4,4,4,2,495,628,665
118,9,111,610,959,349,4,4,420,420,0,0.00013615167296368154,0.00030634126416828345,526,650,124,4,5,5,2,8,686,477,596
119,75,75,889,889,0,28,28,780,780,0,0.001497668402600497,0.001497668402600497,857,857,0,-1,3,3,3,18,588,82,706
120,0,206,1,959,958,0,15,1,449,448,0.0,0.0002723033459273631,1,620,619,3,-1,4,6,0,536,858,470
121,30,236,701,963,262,48,56,589,659,70,3.4037918240920386e-05,0.00037441710065012424,400,649,249,3,3,3,9,4,262,380,216
122,0,1640,1,1000,999,0,110,1,771,770,0.0,0.011709043874876613,1,981,980,1,-1,2,13,0,115,955,18
123,44,145,819,948,129,24,24,646,646,0,0.0009190237925048504,0.0009190237925048504,800,800,0,8,4,4,4,8,690,187,448
124,15,15,669,669,0,12,12,645,645,0,0.0006126825283365669,0.0006126825283365669,740,740,0,-1,4,4,2,4,980,267,996
125,0,0,1,1,0,0,0,1,1,0,0.0,0.0,1,1,0,-1,-1,-1,4,0,458,205,660
126,32,32,752,752,0,52,52,793,793,0,0.0006126825283365669,0.0006126825283365669,735,735,0,-1,3,3,6,6,251,683,978
127,6,6,542,542,0,8,8,583,583,0,0.0002042275094455223,0.0002042275094455223,578,578,0,-1,4,4,2,1,751,809,733
128,2,103,358,923,565,8,8,390,390,0,0.0,3.4037918240920386e-05,1,410,409,5,5,5,5,1,551,265,238
129,34,136,790,945,155,26,26,734,734,0,0.0006126825283365669,0.0008509479560230097,728,782,54,4,3,3,4,7,735,115,487
130,16,16,676,676,0,14,14,592,592,0,0.0006807583648184077,0.0006807583648184077,760,760,0,-1,4,4,3,7,732,170,548
131,10,216,561,972,411,26,26,601,601,0,0.000442492937131965,0.002144388849177984,696,893,197,3,4,4,5,3,665,351,65
132,14,220,681,981,300,7,8,514,524,10,0.0,0.0006126825283365669,1,737,736,3,4,4,2,3,895,369,120
133,0,102,1,920,919,0,5,1,356,355,0.0,3.4037918240920386e-05,1,406,405,4,-1,5,4,0,755,349,581
134,157,259,940,971,31,88,88,876,876,0,0.0017359338302869397,0.0019061234214915416,868,878,10,4,3,3,8,23,418,106,302
135,7,108,553,948,395,4,4,416,416,0,0.00010211375472276115,0.00010211375472276115,498,498,0,5,5,5,2,4,910,164,364
136,62,62,779,779,0,214,214,839,839,0,0.00088498587426393,0.00088498587426393,769,769,0,-1,2,2,23,4,43,407,938
137,0,0,1,1,0,0,0,1,1,0,0.0,0.0,1,1,0,-1,-1,-1,2,0,750,672,529
138,8,109,595,959,364,18,18,738,738,0,0.0002723033459273631,0.0002723033459273631,629,629,0,5,4,4,3,3,850,610,419
139,89,295,876,976,100,66,66,835,835,0,0.0020082371762143027,0.002280540522141666,887,895,8,3,3,3,6,27,630,304,249
140,18,119,650,925,275,20,20,617,617,0,0.0004084550188910446,0.0004084550188910446,664,664,0,5,4,4,4,4,783,622,861
141,0,0,1,1,0,0,0,1,1,0,0.0,0.0,1,1,0,-1,-1,-1,5,0,435,902,796
142,94,300,870,977,107,102,102,896,896,0,0.0019741992579733825,0.0023486163586235067,880,897,17,3,2,2,8,11,434,83,303
143,9,215,551,975,424,14,18,520,579,59,0.00037441710065012424,0.001599782157323258,669,861,192,3,4,4,3,4,834,287,15
144,4,210,459,979,520,4,8,406,508,102,0.0,0.00176997174852786,1,891,890,3,5,4,2,3,232,441,128
145,190,190,955,955,0,102,102,947,947,0,0.005207801490860819,0.005207801490860819,958,958,0,-1,3,3,7,31,170,34,668
146,0,616,1,992,991,0,27,1,518,517,0.0,0.0006467204465774873,1,738,737,2,-1,3,7,0,436,953,286
147,1,103,333,914,581,6,10,333,403,70,0.0,0.00013615167296368154,1,520,519,4,6,5,6,1,764,437,339
148,152,768,927,996,69,140,140,937,937,0,0.002825147213996392,0.0042547397801150485,917,952,35,2,3,3,10,21,135,123,60
149,27,233,718,972,254,24,24,611,611,0,0.0004084550188910446,0.0008509479560230097,669,784,115,3,4,4,4,9,540,212,294
150,100,100,931,931,0,100,100,998,998,0,0.07706184689744375,0.07706184689744375,1000,1000,0,-1,1,1,2,20,993,43,950
151,28,130,720,928,208,40,40,743,743,0,0.0011232513019503727,0.001157289220191293,826,828,2,4,3,3,5,4,537,281,322
152,3,104,420,918,498,7,7,386,386,0,0.0,0.0,1,1,0,6,5,5,4,5,558,225,331
153,8,109,540,926,386,10,10,462,462,0,3.4037918240920386e-05,3.4037918240920386e-05,405,405,0,7,4,4,3,2,554,579,448
154,0,206,1,952,951,0,44,1,550,549,0.0,0.0014295925661186562,1,839,838,3,-1,4,10,1,256,693,68
155,51,51,844,844,0,58,58,920,920,0,0.0024166921951053475,0.0024166921951053475,900,900,0,-1,2,2,4,6,304,471,783
156,0,101,1,939,938,0,2,1,330,329,0.0,0.0,1,1,0,6,-1,7,2,1,820,962,703
157,2,104,367,926,559,8,8,436,436,0,0.00017018959120460194,0.00034037918240920387,543,654,111,4,5,5,4,1,740,452,680
158,56,262,851,981,130,44,44,854,854,0,0.0014295925661186562,0.0015657442390823377,850,859,9,3,3,3,4,8,403,497,353
159,0,102,1,925,924,0,8,1,401,400,0.0,0.00013615167296368154,1,512,511,4,-1,5,5,3,765,753,510
160,6,212,392,955,563,28,48,466,591,125,0.0,0.0006807583648184077,1,746,745,3,4,4,10,2,272,342,471
161,14,115,719,966,247,12,12,725,725,0,0.00030634126416828345,0.00030634126416828345,640,640,0,5,4,4,2,4,890,202,873
162,0,206,1,958,957,0,26,1,530,529,0.0,0.0007488342013002485,1,762,761,3,-1,4,7,0,196,388,130
163,7,213,463,944,481,56,96,434,544,110,6.807583648184077e-05,0.0008169100377820892,428,765,337,3,4,4,22,5,33,225,193
164,0,206,1,943,942,0,40,1,440,439,0.0,0.00017018959120460194,1,531,530,3,-1,4,17,0,210,880,827
165,6,6,426,426,0,18,18,447,447,0,3.4037918240920386e-05,3.4037918240920386e-05,400,400,0,-1,4,4,7,4,398,512,779
166,8,214,568,979,411,10,14,530,630,100,0.00017018959120460194,0.0020422750944552232,545,890,345,3,4,4,3,3,797,121,73
167,7,7,595,595,0,7,7,592,592,0,0.00013615167296368154,0.00013615167296368154,529,529,0,-1,4,4,2,2,807,584,643
168,6,6,380,380,0,32,32,414,414,0,0.0,0.0,1,1,0,-1,4,4,13,1,115,594,583
169,118,734,924,997,73,106,116,964,969,5,0.002757071377514551,0.005105687736138058,915,961,46,2,2,2,7,13,359,183,314
170,23,229,753,976,223,14,14,593,593,0,0.00030634126416828345,0.001157289220191293,641,828,187,3,4,4,3,9,639,391,84
171,85,187,843,944,101,148,148,831,831,0,0.0013615167296368155,0.0014295925661186562,832,836,4,4,3,3,18,11,29,97,434
172,8,8,593,593,0,8,8,546,546,0,0.0002382654276864427,0.0002382654276864427,606,606,0,-1,4,4,2,2,965,827,800
173,271,373,971,978,7,130,130,918,918,0,0.004118588107151367,0.004186663943633207,946,947,1,4,3,3,10,48,240,56,319
174,193,809,976,1000,24,28,38,849,924,75,0.004663194799006093,0.011368664692467409,950,986,36,2,3,3,3,57,569,50,129
175,9,110,530,911,381,26,26,505,505,0,0.00030634126416828345,0.00034037918240920387,636,658,22,5,4,4,7,4,320,287,862
176,48,48,830,830,0,40,40,788,788,0,0.0009530617107457708,0.0009530617107457708,792,792,0,-1,3,3,5,7,291,422,760
177,7,213,526,971,445,10,14,436,504,68,0.0004084550188910446,0.0007147962830593281,678,769,91,3,5,4,5,6,685,613,354
178,0,0,1,1,0,0,0,1,1,0,0.0,0.0,1,1,0,-1,-1,-1,2,0,972,620,982
179,2,2,356,356,0,12,12,393,393,0,3.4037918240920386e-05,3.4037918240920386e-05,401,401,0,-1,5,5,8,1,442,763,822
180,16,16,590,590,0,28,28,614,614,0,6.807583648184077e-05,6.807583648184077e-05,445,445,0,-1,3,3,5,1,546,873,997
181,82,183,897,965,68,22,22,711,711,0,0.0015657442390823377,0.00176997174852786,868,878,10,5,3,3,2,18,859,54,464
182,17,119,642,929,287,26,26,701,701,0,6.807583648184077e-05,0.0002723033459273631,445,614,169,4,3,3,4,2,921,724,454
183,46,662,785,994,209,94,104,828,878,50,0.0012594029749140542,0.00704584907587052,819,969,150,2,2,2,10,3,258,525,19
184,16,16,667,667,0,14,14,588,588,0,0.00037441710065012424,0.00037441710065012424,668,668,0,-1,4,4,3,9,770,29,998
185,0,206,1,947,946,0,36,1,434,433,0.0,0.00013615167296368154,1,514,513,3,-1,4,15,0,102,939,770
186,2,2,416,416,0,2,2,331,331,0,6.807583648184077e-05,6.807583648184077e-05,461,461,0,-1,6,6,2,2,956,602,961
187,6,212,429,968,539,12,12,457,457,0,6.807583648184077e-05,0.00037441710065012424,452,670,218,3,4,4,4,1,694,555,480
188,0,0,1,1,0,0,0,1,1,0,0.0,0.0,1,1,0,-1,-1,-1,4,0,690,889,978
189,0,102,1,944,943,0,6,1,450,449,0.0,0.0004084550188910446,1,679,678,4,-1,5,3,0,674,715,186
190,0,0,1,1,0,0,0,1,1,0,0.0,0.0,1,1,0,-1,-1,-1,5,0,452,768,961
191,0,0,1,1,0,0,0,1,1,0,0.0,0.0,1,1,0,-1,-1,-1,5,0,430,967,773
192,10,626,521,993,472,21,92,457,891,434,0.00013615167296368154,0.01575955614554614,519,990,471,2,4,3,7,3,246,214,2
193,73,174,898,969,71,32,32,897,897,0,0.0022465026039007454,0.0022465026039007454,906,906,0,6,3,3,2,15,752,158,924
194,2,104,364,919,555,6,8,376,424,48,6.807583648184077e-05,0.0002723033459273631,449,625,176,4,5,5,4,2,675,320,619
195,9,111,628,955,327,12,12,707,707,0,0.0002042275094455223,0.0007488342013002485,591,777,186,4,4,4,2,6,994,406,257
196,1,102,332,926,594,3,3,332,332,0,0.0,0.0,1,1,0,5,6,6,3,1,588,590,885
197,0,206,1,960,959,0,26,1,484,483,0.0,0.0009870996289866913,1,800,799,3,-1,4,9,0,395,429,226
198,19,635,556,991,435,160,198,637,712,75,3.4037918240920386e-05,0.0015317063208414173,396,849,453,2,3,3,30,3,7,508,45
199,11,113,561,920,359,26,26,533,533,0,0.0002723033459273631,0.000442492937131965,631,695,64,4,4,4,7,4,342,645,628
200,0,0,1,1,0,0,0,1,1,0,0.0,0.0,1,1,0,-1,-1,-1,3,0,837,974,908
201,2,208,368,975,607,4,10,369,477,108,0.0,0.0009530617107457708,1,808,807,3,5,4,3,1,829,437,68
202,12,12,598,598,0,19,19,623,623,0,0.0002042275094455223,0.0002042275094455223,581,581,0,-1,4,4,4,2,543,599,744
203,74,175,880,962,82,38,38,845,845,0,0.0020763130126961434,0.002144388849177984,896,898,2,5,3,3,3,14,737,68,392
204,17,17,675,675,0,17,17,570,570,0,0.00017018959120460194,0.00017018959120460194,535,535,0,-1,4,4,5,6,557,279,740
205,0,101,1,962,961,0,3,1,331,330,0.0,0.0002382654276864427,1,611,610,5,-1,6,3,0,812,929,677
206,16,118,679,946,267,18,18,657,657,0,6.807583648184077e-05,0.00037441710065012424,445,666,221,4,4,4,3,6,615,199,610
207,18,224,607,957,350,100,100,815,815,0,0.0002723033459273631,0.0002723033459273631,605,605,0,3,3,3,10,3,82,541,508
208,4,106,417,910,493,9,10,408,419,11,0.00010211375472276115,0.0007488342013002485,495,767,272,4,5,5,5,2,438,599,413
209,0,616,1,996,995,0,36,1,734,733,0.0,0.008645631233193778,1,978,977,2,-1,3,5,0,669,984,37
210,84,290,879,977,98,60,60,861,861,0,0.0008169100377820892,0.00088498587426393,775,785,10,3,3,3,5,12,377,172,935
211,8,110,497,894,397,26,28,447,457,10,0.0002382654276864427,0.0002382654276864427,590,590,0,4,4,4,11,5,248,464,799
212,95,301,893,977,84,50,50,807,807,0,0.002280540522141666,0.002757071377514551,901,914,13,3,3,3,5,21,377,123,306
213,49,49,867,867,0,22,22,831,831,0,0.0018040096667687805,0.0018040096667687805,886,886,0,-1,3,3,2,14,957,84,962
214,2,1642,354,1000,646,15,134,354,820,466,0.0,0.01055175465468532,1,974,973,1,5,2,14,2,21,374,126
215,42,658,730,990,260,68,128,585,810,225,0.0014295925661186562,0.004969536063174376,844,953,109,2,2,2,13,5,115,476,33
216,0,102,1,951,950,0,4,1,379,378,0.0,3.4037918240920386e-05,1,414,413,4,-1,5,3,0,584,984,419
217,49,49,793,793,0,66,66,709,709,0,0.0007147962830593281,0.0007147962830593281,759,759,0,-1,3,3,10,10,259,296,880
218,0,0,1,1,0,0,0,1,1,0,0.0,0.0,1,1,0,-1,-1,-1,3,0,668,205,758
219,6,212,484,978,494,12,12,631,631,0,0.00030634126416828345,0.006569318220497634,645,966,321,3,4,4,2,1,894,404,7
220,0,616,1,993,992,0,38,1,638,637,0.0,0.002110350930937064,1,902,901,2,-1,3,6,0,312,821,61
221,4,106,424,927,503,6,8,377,422,45,3.4037918240920386e-05,0.00010211375472276115,402,489,87,4,5,5,4,3,741,585,510
222,6,622,392,995,603,46,60,522,583,61,0.00013615167296368154,0.0018720855032506212,516,879,363,2,4,3,11,3,227,410,297
223,0,102,1,937,936,0,3,1,374,373,0.0,3.4037918240920386e-05,1,406,405,4,-1,5,2,0,907,812,499
224,425,526,985,990,5,200,200,981,981,0,0.006943735321147759,0.006943735321147759,967,967,0,5,2,2,12,61,219,14,878
225,16,222,615,973,358,30,30,709,709,0,0.00037441710065012424,0.0005105687736138058,669,715,46,3,3,3,4,1,700,80,173
226,94,196,840,937,97,166,166,821,821,0,0.0008509479560230097,0.00088498587426393,768,769,1,4,3,3,19,13,48,340,251
227,2,104,358,907,549,14,14,387,387,0,3.4037918240920386e-05,0.00013615167296368154,400,518,118,4,5,5,9,2,278,662,164
228,0,206,1,959,958,0,40,1,577,576,0.0,0.0014636304843595766,1,853,852,3,-1,4,8,1,186,693,73
229,25,25,684,684,0,48,48,630,630,0,0.0002723033459273631,0.0002723033459273631,602,602,0,-1,3,3,9,5,394,241,848
230,0,206,1,959,958,0,28,1,547,546,0.0,0.0012934408931549745,1,842,841,3,-1,4,6,0,368,745,84
231,16,16,549,549,0,116,116,748,748,0,0.00037441710065012424,0.00037441710065012424,654,654,0,-1,3,3,15,1,32,553,766
232,8,110,571,951,380,8,8,513,513,0,6.807583648184077e-05,0.0004765308553728854,456,693,237,4,4,4,2,3,960,508,306
233,59,160,867,964,97,18,18,681,681,0,0.00176997174852786,0.00176997174852786,870,870,0,7,4,4,3,18,288,141,972
234,157,259,923,959,36,162,162,837,837,0,0.0028932230504782326,0.0028932230504782326,913,913,0,4,3,3,17,21,210,123,771
235,16,16,609,609,0,36,36,708,708,0,0.0007828721195411688,0.0007828721195411688,776,776,0,-1,3,3,5,2,247,160,779
236,117,219,956,979,23,38,38,931,931,0,0.004493005207801491,0.004629156880765172,950,953,3,4,3,3,3,27,535,88,432
237,24,125,809,970,161,24,24,885,885,0,0.00088498587426393,0.00088498587426393,793,793,0,5,3,3,3,5,786,306,550
238,0,0,1,1,0,0,0,1,1,0,0.0,0.0,1,1,0,-1,-1,-1,3,0,729,801,806
239,0,102,1,917,916,0,8,1,386,385,0.0,6.807583648184077e-05,1,449,448,4,-1,5,5,0,766,978,156
240,25,25,763,763,0,28,28,819,819,0,0.0010211375472276116,0.0010211375472276116,821,821,0,-1,3,3,3,4,845,125,429
241,1,102,331,971,640,2,2,331,331,0,0.0,0.0,1,1,0,6,7,7,2,1,941,703,402
242,0,206,1,971,970,0,10,1,461,460,0.0,0.000442492937131965,1,686,685,3,-1,4,3,0,554,522,267
243,0,206,1,943,942,0,37,1,427,426,0.0,0.00034037918240920387,1,631,630,3,-1,4,15,0,37,776,379
244,0,616,1,991,990,0,112,1,743,742,0.0,0.004356853534837809,1,949,948,2,-1,3,15,0,40,737,126
245,0,0,1,1,0,0,0,1,1,0,0.0,0.0,1,1,0,-1,-1,-1,6,0,494,846,573
246,6,6,433,433,0,13,13,444,444,0,3.4037918240920386e-05,3.4037918240920386e-05,396,396,0,-1,4,4,5,1,377,618,890
247,2,2,369,369,0,6,6,370,370,0,0.0,0.0,1,1,0,-1,5,5,5,2,570,764,754
248,0,206,1,953,952,0,34,1,469,468,0.0,0.0006126825283365669,1,732,731,3,-1,4,11,0,139,200,83
249,0,102,1,890,889,0,17,1,380,379,0.0,3.4037918240920386e-05,1,399,398,4,-1,5,11,0,229,815,528
250,34,34,677,677,0,102,102,677,677,0,0.0006126825283365669,0.0006126825283365669,715,715,0,-1,3,3,16,5,53,178,511
251,0,616,1,996,995,0,28,1,622,621,0.0,0.0021784267674189047,1,892,891,2,-1,3,5,0,571,979,109
252,0,0,1,1,0,0,0,1,1,0,0.0,0.0,1,1,0,-1,-1,-1,2,0,957,823,515
253,94,196,862,948,86,146,146,919,919,0,0.0012253650566731338,0.0013274788113958951,818,828,10,4,2,2,12,8,143,187,797
254,2,2,352,352,0,12,12,358,358,0,3.4037918240920386e-05,3.4037918240920386e-05,396,396,0,-1,5,5,10,1,105,736,983
255,0,206,1,956,955,0,20,1,425,424,0.0,0.0004084550188910446,1,675,674,3,-1,4,9,3,319,348,329
256,2,2,353,353,0,20,20,378,378,0,3.4037918240920386e-05,3.4037918240920386e-05,412,412,0,-1,5,5,13,1,67,543,874
257,0,0,1,1,0,0,0,1,1,0,0.0,0.0,1,1,0,-1,-1,-1,7,1,698,814,513
258,0,102,1,931,930,0,4,1,392,391,0.0,0.0002723033459273631,1,631,630,4,-1,5,2,0,763,940,176
259,9,215,479,951,472,29,31,409,417,8,0.0,0.0002382654276864427,1,568,567,3,4,4,14,3,268,572,634
260,48,664,841,998,157,26,36,662,788,126,0.001055175465468532,0.0031314884781646754,820,925,105,2,4,3,5,14,663,139,96
261,56,262,831,973,142,68,68,785,785,0,0.001055175465468532,0.0012934408931549745,814,832,18,3,3,3,8,8,380,186,239
262,44,44,820,820,0,40,40,791,791,0,0.0012594029749140542,0.0012594029749140542,838,838,0,-1,3,3,5,7,570,218,794
263,34,136,833,966,133,28,28,862,862,0,0.0009870996289866913,0.0013615167296368155,811,851,40,4,3,3,3,10,584,195,145
264,34,240,784,976,192,14,18,539,607,68,0.0008169100377820892,0.001497668402600497,781,852,71,3,4,4,3,9,989,414,134
265,6,212,494,978,484,8,8,509,509,0,3.4037918240920386e-05,0.0012253650566731338,409,838,429,3,4,4,2,1,986,964,94
266,28,28,704,704,0,58,58,726,726,0,0.00030634126416828345,0.00030634126416828345,626,626,0,-1,3,3,8,3,199,173,330
267,22,124,674,926,252,66,66,860,860,0,0.0007828721195411688,0.00088498587426393,773,791,18,4,3,3,6,4,549,143,584
268,0,0,1,1,0,0,0,1,1,0,0.0,0.0,1,1,0,-1,-1,-1,3,0,712,515,750
269,0,0,1,1,0,0,0,1,1,0,0.0,0.0,1,1,0,-1,-1,-1,11,0,233,750,856
270,16,16,573,573,0,34,34,565,565,0,0.00030634126416828345,0.00030634126416828345,622,622,0,-1,4,4,7,5,246,124,651
271,759,759,998,998,0,232,232,996,996,0,0.01664454201981007,0.01664454201981007,990,990,0,-1,2,2,10,98,75,23,900
272,0,0,1,1,0,0,0,1,1,0,0.0,0.0,1,1,0,-1,-1,-1,2,1,705,962,971
273,16,632,558,993,435,35,76,500,730,230,0.00013615167296368154,0.0036760951700194017,507,939,432,2,3,3,10,1,125,265,25
274,3,104,491,970,479,3,3,417,417,0,3.4037918240920386e-05,0.00013615167296368154,410,535,125,5,5,5,2,5,962,401,176
275,0,206,1,956,955,0,17,1,417,416,0.0,6.807583648184077e-05,1,447,446,3,-1,4,9,1,339,779,361
276,20,226,687,975,288,18,18,647,647,0,0.0005786446100956465,0.0018380475850097008,723,881,158,3,4,4,3,4,839,40,67
277,16,118,500,876,376,126,126,673,673,0,0.00010211375472276115,0.00017018959120460194,467,523,56,4,3,3,21,1,13,689,648
278,0,206,1,963,962,0,19,1,432,431,0.0,0.0002042275094455223,1,579,578,3,-1,4,9,0,190,886,247
279,30,132,796,960,164,22,22,792,792,0,0.0004084550188910446,0.0006467204465774873,698,751,53,4,3,3,2,9,943,29,619
280,16,16,658,658,0,12,12,582,582,0,0.0004084550188910446,0.0004084550188910446,680,680,0,-1,4,4,2,9,643,29,988
281,0,616,1,998,997,0,28,1,685,684,0.0,0.0028591851322373124,1,913,912,2,-1,3,5,0,656,984,131
282,0,102,1,877,876,0,23,1,381,380,0.0,0.0002042275094455223,1,552,551,4,-1,5,15,0,45,998,156
283,187,393,944,982,38,146,146,930,930,0,0.00353994349705572,0.003642057251778481,934,935,1,3,3,3,11,24,139,13,697
284,0,102,1,940,939,0,5,1,393,392,0.0,6.807583648184077e-05,1,450,449,4,-1,5,3,1,800,539,362
285,2,208,365,970,605,7,24,391,612,221,3.4037918240920386e-05,0.002110350930937064,405,893,488,3,5,4,4,2,304,654,47
286,26,232,673,959,286,61,65,588,609,21,0.00034037918240920387,0.0011232513019503727,637,818,181,3,3,3,14,4,84,365,497
287,0,0,1,1,0,0,0,1,1,0,0.0,0.0,1,1,0,-1,-1,-1,7,0,482,614,604
288,8,8,565,565,0,18,18,733,733,0,0.0007147962830593281,0.0007147962830593281,772,772,0,-1,4,4,3,3,879,299,822
289,0,0,1,1,0,0,0,1,1,0,0.0,0.0,1,1,0,-1,-1,-1,5,3,843,348,908
290,0,102,1,923,922,0,7,1,395,394,0.0,0.0004765308553728854,1,696,695,4,-1,5,4,0,559,898,145
291,2,103,366,929,563,7,7,405,405,0,0.0,0.00013615167296368154,1,526,525,5,5,5,4,1,423,594,164
292,6,6,416,416,0,42,42,656,656,0,0.00034037918240920387,0.00034037918240920387,649,649,0,-1,4,4,7,1,118,727,235
293,48,48,817,817,0,58,58,857,857,0,0.0017359338302869397,0.0017359338302869397,865,865,0,-1,2,2,6,3,549,93,916
294,10,112,599,943,344,10,10,500,500,0,0.00013615167296368154,0.00013615167296368154,522,522,0,4,4,4,3,4,568,443,609
295,0,0,1,1,0,0,0,1,1,0,0.0,0.0,1,1,0,-1,-1,-1,4,1,614,747,845
296,521,1121,985,1000,15,304,304,987,987,0,0.009462541270975866,0.01756356581231492,970,997,27,2,2,2,16,62,60,70,1
297,24,230,724,977,253,30,30,742,742,0,0.0004084550188910446,0.0010892133837094523,683,822,139,3,3,3,4,3,495,616,272
298,0,0,1,1,0,0,0,1,1,0,0.0,0.0,1,1,0,-1,-1,-1,4,0,460,733,880
299,16,632,489,987,498,146,160,677,708,31,0.00030634126416828345,0.002144388849177984,609,890,281,2,3,3,23,1,8,474,63
300,86,86,875,875,0,68,68,790,790,0,0.0015317063208414173,0.0015317063208414173,849,849,0,-1,3,3,8,13,257,183,852
301,3,105,522,979,457,3,3,458,458,0,3.4037918240920386e-05,0.0010211375472276116,406,837,431,4,5,5,2,2,952,364,116
302,6,212,400,953,553,57,61,563,584,21,0.00017018959120460194,0.00037441710065012424,533,645,112,3,4,4,13,2,160,532,891
303,0,101,1,903,902,0,6,1,332,331,0.0,0.0,1,1,0,5,-1,6,6,0,451,356,748
304,53,259,757,953,196,106,110,597,609,12,0.0005105687736138058,0.00088498587426393,696,772,76,3,3,3,22,7,22,176,479
305,6,6,480,480,0,8,8,503,503,0,0.0004765308553728854,0.0004765308553728854,713,713,0,-1,4,4,2,1,747,500,817
306,1,1,332,332,0,2,2,332,332,0,0.0,0.0,1,1,0,-1,6,6,2,1,926,736,349
307,0,206,1,978,977,0,8,1,512,511,0.0,0.0029612988869600733,1,923,922,3,-1,4,2,0,757,796,34
308,0,101,1,911,910,0,5,1,332,331,0.0,0.0,1,1,0,7,-1,8,5,1,326,706,469
309,2,208,365,979,614,5,12,366,532,166,0.0,0.0020422750944552232,1,888,887,3,5,4,4,2,827,764,126
310,0,102,1,934,933,0,7,1,411,410,0.0,0.0005105687736138058,1,724,723,4,-1,5,4,0,728,644,439
311,0,102,1,913,912,0,4,1,354,353,0.0,3.4037918240920386e-05,1,409,408,4,-1,5,3,2,737,462,550
312,0,206,1,964,963,0,23,1,486,485,0.0,0.0011232513019503727,1,820,819,3,-1,4,8,0,270,750,171
313,2,2,367,367,0,6,6,419,419,0,6.807583648184077e-05,6.807583648184077e-05,453,453,0,-1,5,5,3,1,627,661,776
314,38,38,823,823,0,28,28,810,810,0,0.0006807583648184077,0.0006807583648184077,747,747,0,-1,3,3,3,8,712,186,520
315,16,16,553,553,0,62,62,592,592,0,0.00034037918240920387,0.00034037918240920387,662,662,0,-1,3,3,12,1,116,809,359
316,0,102,1,904,903,0,7,1,360,359,0.0,6.807583648184077e-05,1,447,446,4,-1,5,6,1,345,573,309
317,0,206,1,964,963,0,20,1,482,481,0.0,0.0004765308553728854,1,702,701,3,-1,4,7,0,273,643,521
318,16,16,524,524,0,80,80,606,606,0,0.0002723033459273631,0.0002723033459273631,600,600,0,-1,3,3,15,3,49,260,923
319,24,24,762,762,0,12,12,651,651,0,0.0005446066918547262,0.0005446066918547262,726,726,0,-1,4,4,2,6,881,136,955
320,8,8,495,495,0,16,16,413,413,0,3.4037918240920386e-05,3.4037918240920386e-05,399,399,0,-1,4,4,8,2,236,298,660
321,24,24,674,674,0,44,44,655,655,0,0.0002042275094455223,0.0002042275094455223,558,558,0,-1,3,3,7,3,171,378,633
322,34,136,793,948,155,30,30,735,735,0,0.0008509479560230097,0.0009530617107457708,785,807,22,4,3,3,4,8,424,177,270
323,22,638,705,998,293,28,28,754,754,0,0.00017018959120460194,0.0031314884781646754,551,925,374,2,3,3,3,5,585,362,171
324,0,206,1,974,973,0,20,1,603,602,0.0,0.004118588107151367,1,948,947,3,-1,4,4,0,891,729,21
325,0,0,1,1,0,0,0,1,1,0,0.0,0.0,1,1,0,-1,-1,-1,7,0,374,356,998
326,10,10,565,565,0,20,20,601,601,0,0.0002382654276864427,0.0002382654276864427,586,586,0,-1,4,4,4,4,741,202,774
327,28,28,735,735,0,34,34,718,718,0,0.0005786446100956465,0.0005786446100956465,738,738,0,-1,3,3,4,4,638,233,835
328,6,6,387,387,0,78,78,563,563,0,3.4037918240920386e-05,3.4037918240920386e-05,401,401,0,-1,4,4,17,1,10,718,946
329,0,102,1,908,907,0,9,1,384,383,0.0,0.00017018959120460194,1,542,541,4,-1,5,6,0,489,867,362
330,1,1,333,333,0,16,16,333,333,0,0.0,0.0,1,1,0,-1,7,7,16,1,53,857,359
331,0,616,1,990,989,0,68,1,421,420,0.0,0.00037441710065012424,1,649,648,2,-1,3,30,0,7,992,891
332,10,216,521,964,443,20,28,464,540,76,0.0002042275094455223,0.0005105687736138058,575,713,138,3,4,4,6,3,378,353,178
333,0,102,1,931,930,0,3,1,367,366,0.0,0.00010211375472276115,1,482,481,4,-1,5,2,0,966,984,311
334,6,6,501,501,0,12,12,530,530,0,0.00013615167296368154,0.00013615167296368154,521,521,0,-1,4,4,4,1,738,561,675
335,0,0,1,1,0,0,0,1,1,0,0.0,0.0,1,1,0,-1,-1,-1,5,0,552,939,768
336,2,208,368,973,605,6,12,383,474,91,3.4037918240920386e-05,0.0012934408931549745,398,836,438,3,5,4,4,1,617,618,297
337,0,206,1,961,960,0,32,1,539,538,0.0,0.0011913271384322134,1,824,823,3,-1,4,8,0,646,981,335
338,0,0,1,1,0,0,0,1,1,0,0.0,0.0,1,1,0,-1,-1,-1,3,1,530,705,752
339,40,246,750,963,213,70,78,775,794,19,0.0008509479560230097,0.001940161339732462,781,879,98,3,2,2,8,1,411,282,62
340,2,104,358,917,559,5,7,358,396,38,0.0,0.00010211375472276115,1,488,487,4,5,5,4,3,512,466,191
341,95,1735,894,1000,106,76,100,899,954,55,0.002995336805200994,0.02049082678103407,920,993,73,1,3,2,6,17,489,85,60
342,21,21,642,642,0,20,20,447,447,0,0.00010211375472276115,0.00010211375472276115,474,474,0,-1,4,4,8,5,236,274,970
343,9,111,518,899,381,27,27,519,519,0,3.4037918240920386e-05,3.4037918240920386e-05,399,399,0,4,4,4,8,3,236,572,342
344,0,0,1,1,0,0,0,1,1,0,0.0,0.0,1,1,0,-1,-1,-1,4,0,617,974,778
345,28,130,647,899,252,76,76,628,628,0,0.0002723033459273631,0.0004084550188910446,597,657,60,4,3,3,13,6,92,247,697
346,0,102,1,954,953,0,5,1,386,385,0.0,3.4037918240920386e-05,1,403,402,4,-1,5,4,0,860,917,718
347,0,101,1,962,961,0,3,1,330,329,0.0,0.0,1,1,0,5,-1,6,3,0,812,515,659
348,13,13,605,605,0,26,26,628,628,0,0.00034037918240920387,0.00034037918240920387,648,648,0,-1,4,4,5,3,552,291,542
349,12,114,584,924,340,16,16,526,526,0,0.00037441710065012424,0.0004765308553728854,680,707,27,4,4,4,4,2,512,579,222
350,6,108,478,942,464,4,4,395,395,0,0.0,0.00017018959120460194,1,551,550,4,5,5,2,4,586,332,487
351,16,118,565,896,331,90,90,722,722,0,0.0005105687736138058,0.0005105687736138058,706,706,0,4,3,3,13,1,242,80,298
352,18,224,566,947,381,44,48,468,486,18,3.4037918240920386e-05,0.0005446066918547262,402,710,308,3,4,4,14,4,122,581,389
353,33,33,776,776,0,12,12,559,559,0,0.0006126825283365669,0.0006126825283365669,741,741,0,-1,4,4,2,10,893,366,423
354,7,213,497,960,463,24,24,476,476,0,3.4037918240920386e-05,0.0002723033459273631,390,617,227,3,4,4,8,2,301,599,410
355,5,107,576,977,401,4,4,508,508,0,0.0002042275094455223,0.0008509479560230097,586,804,218,4,5,5,2,4,944,220,471
356,0,102,1,925,924,0,8,1,421,420,0.0,0.0004084550188910446,1,667,666,4,-1,5,4,0,424,982,136
357,0,616,1,994,993,0,34,1,502,501,0.0,0.00088498587426393,1,792,791,2,-1,3,10,1,149,792,184
358,24,24,753,753,0,22,22,815,815,0,0.0010211375472276116,0.0010211375472276116,809,809,0,-1,3,3,2,3,980,268,990
359,16,222,506,943,437,136,136,709,709,0,0.0002723033459273631,0.0006467204465774873,608,715,107,3,3,3,19,1,35,741,368
360,0,102,1,931,930,0,8,1,428,427,0.0,0.00037441710065012424,1,664,663,4,-1,5,4,0,617,957,439
361,1,1,330,330,0,2,2,330,330,0,6.807583648184077e-05,6.807583648184077e-05,456,456,0,-1,6,6,2,1,889,543,674
362,0,102,1,902,901,0,6,1,394,393,0.0,0.0005105687736138058,1,710,709,4,-1,5,3,0,634,793,67
363,9,110,597,950,353,12,12,597,597,0,0.0002042275094455223,0.0002042275094455223,584,584,0,5,4,4,2,3,771,704,411
364,0,0,1,1,0,0,0,1,1,0,0.0,0.0,1,1,0,-1,-1,-1,2,0,962,849,814
365,6,6,460,460,0,10,10,478,478,0,0.00010211375472276115,0.00010211375472276115,478,478,0,-1,4,4,3,3,829,260,856
366,2,618,345,992,647,28,54,386,490,104,3.4037918240920386e-05,0.0011232513019503727,392,798,406,2,5,3,16,2,195,654,312
367,6,107,442,926,484,10,10,457,457,0,3.4037918240920386e-05,0.00010211375472276115,399,474,75,5,4,4,3,1,989,152,320
368,6,212,413,957,544,34,38,508,530,22,6.807583648184077e-05,0.0002042275094455223,443,574,131,3,4,4,9,3,147,309,689
369,100,100,855,855,0,100,100,641,641,0,0.00966676878042139,0.009734844616903231,972,972,0,4,1,1,16,4,27,622,385
370,49,255,830,970,140,38,38,814,814,0,0.0015317063208414173,0.0018720855032506212,863,881,18,3,3,3,3,11,731,118,407
371,6,6,460,460,0,12,12,490,490,0,0.00013615167296368154,0.00013615167296368154,525,525,0,-1,4,4,4,2,631,805,533
372,0,0,1,1,0,0,0,1,1,0,0.0,0.0,1,1,0,-1,-1,-1,18,0,64,713,783
373,0,0,1,1,0,0,0,1,1,0,0.0,0.0,1,1,0,-1,-1,-1,2,2,625,462,845
374,0,206,1,976,975,0,8,1,514,513,0.0,0.0030293747234419145,1,924,923,3,-1,4,2,0,713,372,75
375,93,299,886,980,94,34,34,718,718,0,0.002552843868069029,0.0027911092957554717,907,911,4,3,3,3,4,22,638,128,532
376,2,103,371,940,569,6,6,429,429,0,0.0002042275094455223,0.0002382654276864427,582,603,21,5,5,5,3,1,590,481,430
377,16,222,593,961,368,58,58,832,832,0,0.000442492937131965,0.0013615167296368155,683,851,168,3,3,3,6,1,473,168,64
378,0,206,1,968,967,0,14,1,466,465,0.0,0.00034037918240920387,1,643,642,3,-1,4,5,1,605,830,785
379,0,102,1,872,871,0,17,1,344,343,0.0,0.0,1,1,0,4,-1,5,16,1,134,962,337
380,12,218,606,974,368,16,16,571,571,0,0.00034037918240920387,0.0004765308553728854,657,713,56,3,4,4,4,2,824,682,389
381,10,10,584,584,0,16,16,560,560,0,0.0002042275094455223,0.0002042275094455223,565,565,0,-1,4,4,4,4,597,557,348
382,0,206,1,976,975,0,14,1,570,569,0.0,0.0008509479560230097,1,797,796,3,-1,4,3,2,615,462,630
383,23,229,702,971,269,30,30,686,686,0,0.000442492937131965,0.0007488342013002485,681,763,82,3,4,4,5,7,691,329,722
384,12,218,563,967,404,22,26,560,592,32,0.00017018959120460194,0.0005446066918547262,541,725,184,3,4,4,5,3,406,505,479
385,10,216,572,976,404,10,14,487,556,69,0.0002042275094455223,0.001497668402600497,575,854,279,3,4,4,3,3,620,378,60
386,2,1642,362,1000,638,6,50,382,936,554,3.4037918240920386e-05,0.02668572790088158,403,996,593,1,5,2,4,2,824,842,12
387,2,104,377,939,562,3,4,379,406,27,0.0,0.00010211375472276115,1,496,495,4,5,5,2,2,948,509,809
388,75,75,869,869,0,50,50,797,797,0,0.0009870996289866913,0.0009870996289866913,804,804,0,-1,3,3,5,17,390,327,674
389,92,92,919,919,0,38,38,868,868,0,0.002552843868069029,0.002552843868069029,909,909,0,-1,3,3,3,23,833,117,754
390,0,0,1,1,0,0,0,1,1,0,0.0,0.0,1,1,0,-1,-1,-1,11,1,176,789,489
391,0,102,1,909,908,0,11,1,393,392,0.0,0.00013615167296368154,1,513,512,4,-1,5,6,0,369,732,891
392,41,41,817,817,0,24,24,714,714,0,0.0005446066918547262,0.0005446066918547262,726,726,0,-1,3,3,3,9,737,391,922
393,9,9,602,602,0,8,8,512,512,0,3.4037918240920386e-05,3.4037918240920386e-05,406,406,0,-1,4,4,2,3,948,580,974
394,60,266,834,972,138,52,52,783,783,0,0.0012594029749140542,0.0023486163586235067,826,896,70,3,3,3,6,12,556,99,213
395,6,6,442,442,0,11,11,462,462,0,3.4037918240920386e-05,3.4037918240920386e-05,402,402,0,-1,4,4,4,1,511,555,815
396,0,206,1,965,964,0,12,1,462,461,0.0,0.0005105687736138058,1,700,699,3,-1,4,4,0,832,871,474
397,0,206,1,950,949,0,24,1,445,444,0.0,0.0002042275094455223,1,561,560,3,-1,4,9,0,277,936,350
398,18,18,609,609,0,39,39,562,562,0,0.0002723033459273631,0.0002723033459273631,611,611,0,-1,4,4,10,3,527,677,773
399,6,622,399,993,594,25,62,461,736,275,0.00013615167296368154,0.0027911092957554717,504,913,409,2,4,3,9,1,414,666,183
400,50,666,767,993,226,116,126,770,799,29,0.0006467204465774873,0.0020763130126961434,734,888,154,2,3,3,14,5,203,283,255
401,18,119,698,944,246,34,34,837,837,0,0.0006807583648184077,0.0006807583648184077,756,756,0,5,3,3,4,4,603,440,755
402,30,236,683,956,273,74,74,620,620,0,0.0005786446100956465,0.0006467204465774873,723,735,12,3,3,3,13,5,41,562,167
403,40,141,799,940,141,30,30,695,695,0,0.00037441710065012424,0.00037441710065012424,656,656,0,6,3,3,4,10,385,262,605
404,52,258,810,971,161,100,104,889,902,13,0.0013274788113958951,0.0019061234214915416,840,875,35,3,2,2,9,4,315,336,296
405,35,35,648,648,0,238,238,742,742,0,0.0005786446100956465,0.0005786446100956465,705,705,0,-1,3,3,35,6,20,232,793
406,50,50,884,884,0,28,28,884,884,0,0.0008509479560230097,0.0008509479560230097,790,790,0,-1,3,3,3,11,875,97,960
407,36,242,792,975,183,34,34,750,750,0,0.0010892133837094523,0.0015657442390823377,837,860,23,3,3,3,4,7,444,218,283
408,23,125,731,936,205,30,30,749,749,0,0.0002382654276864427,0.0006807583648184077,599,752,153,4,3,3,4,6,344,199,192
409,0,101,1,880,879,0,11,1,332,331,0.0,0.0,1,1,0,6,-1,7,11,0,279,982,140
410,8,8,481,481,0,32,32,452,452,0,3.4037918240920386e-05,3.4037918240920386e-05,405,405,0,-1,4,4,12,2,226,680,888
411,161,367,948,984,36,72,72,961,961,0,0.005548180673270023,0.005854521937438306,965,970,5,3,2,2,3,19,704,133,143
412,0,102,1,920,919,0,5,1,362,361,0.0,3.4037918240920386e-05,1,411,410,4,-1,5,4,2,649,775,313
413,8,624,489,992,503,44,54,546,598,52,0.0002382654276864427,0.0019741992579733825,580,882,302,2,4,3,12,2,219,697,304
414,85,85,910,910,0,18,18,733,733,0,0.0018380475850097008,0.0018380475850097008,890,890,0,-1,4,4,3,21,823,157,906
415,70,171,865,951,86,56,56,826,826,0,0.001497668402600497,0.001497668402600497,854,854,0,5,3,3,6,11,295,166,593
416,12,218,561,967,406,13,18,441,492,51,0.00010211375472276115,0.0009870996289866913,483,798,315,3,4,4,5,2,492,576,619
417,145,761,948,999,51,68,88,965,982,17,0.0037441710065012424,0.009088124170325743,935,978,43,2,2,2,4,27,655,61,146
418,0,0,1,1,0,0,0,1,1,0,0.0,0.0,1,1,0,-1,-1,-1,9,0,166,954,571
419,6,107,430,912,482,23,23,525,525,0,6.807583648184077e-05,0.00010211375472276115,449,491,42,5,4,4,6,1,402,607,576
420,34,135,773,938,165,46,46,747,747,0,0.0005446066918547262,0.0005446066918547262,715,715,0,5,3,3,6,6,587,381,421
421,16,632,620,997,377,54,54,891,891,0,0.0009190237925048504,0.0026209197045508697,807,915,108,2,3,3,4,1,453,612,264
422,14,116,633,937,304,20,20,625,625,0,0.0007147962830593281,0.00088498587426393,765,798,33,4,4,4,4,4,635,326,453
423,4,106,411,911,500,8,8,401,401,0,6.807583648184077e-05,0.0002042275094455223,435,558,123,4,5,5,4,2,540,576,287
424,25,25,752,752,0,24,24,746,746,0,0.0002382654276864427,0.0002382654276864427,606,606,0,-1,3,3,3,5,756,510,726
425,0,0,1,1,0,0,0,1,1,0,0.0,0.0,1,1,0,-1,-1,-1,2,0,802,865,564
426,37,37,781,781,0,40,40,698,698,0,0.0005786446100956465,0.0005786446100956465,738,738,0,-1,3,3,5,9,474,343,668
427,0,0,1,1,0,0,0,1,1,0,0.0,0.0,1,1,0,-1,-1,-1,9,0,217,991,957
428,0,0,1,1,0,0,0,1,1,0,0.0,0.0,1,1,0,-1,-1,-1,4,0,673,901,786
429,12,114,630,943,313,8,8,488,488,0,0.00030634126416828345,0.00037441710065012424,646,682,36,4,4,4,2,3,586,795,370
430,40,246,730,961,231,102,102,792,792,0,0.0006126825283365669,0.0007828721195411688,716,757,41,3,2,2,12,1,348,282,187
431,8,110,621,968,347,7,8,593,637,44,6.807583648184077e-05,0.002382654276864427,443,916,473,4,4,4,2,4,933,617,26
432,1,103,333,899,566,8,11,333,372,39,0.0,0.0002382654276864427,1,583,582,4,7,5,8,2,440,448,451
433,7,7,557,557,0,8,8,521,521,0,0.0002042275094455223,0.0002042275094455223,587,587,0,-1,4,4,2,2,681,22,995
434,0,101,1,897,896,0,6,1,332,331,0.0,0.0,1,1,0,6,-1,7,6,0,312,858,621
435,105,207,908,963,55,72,72,853,853,0,0.0018380475850097008,0.0020763130126961434,879,888,9,4,3,3,7,15,510,153,681
436,39,140,816,947,131,30,30,742,742,0,0.0012253650566731338,0.0012594029749140542,842,844,2,5,3,3,4,9,649,198,899
437,18,18,634,634,0,38,38,617,617,0,0.0002382654276864427,0.0002382654276864427,591,591,0,-1,3,3,8,2,371,499,880
438,7,7,518,518,0,11,11,455,455,0,0.00017018959120460194,0.00017018959120460194,542,542,0,-1,4,4,4,3,753,761,917
439,0,206,1,971,970,0,9,1,464,463,0.0,0.0004084550188910446,1,687,686,3,-1,4,3,0,672,954,622
440,6,212,419,966,547,24,33,516,602,86,0.00010211375472276115,0.0018380475850097008,475,879,404,3,4,4,7,1,416,762,36
441,10,10,571,571,0,22,22,594,594,0,0.0004084550188910446,0.0004084550188910446,663,663,0,-1,4,4,5,3,765,236,726
442,0,0,1,1,0,0,0,1,1,0,0.0,0.0,1,1,0,-1,-1,-1,4,0,772,826,900
443,50,50,860,860,0,22,22,816,816,0,0.0012253650566731338,0.0012253650566731338,840,840,0,-1,3,3,2,17,739,226,800
444,0,206,1,964,963,0,23,1,488,487,0.0,0.0015317063208414173,1,856,855,3,-1,4,8,0,541,436,151
445,0,0,1,1,0,0,0,1,1,0,0.0,0.0,1,1,0,-1,-1,-1,4,0,614,939,926
446,0,206,1,968,967,0,20,1,575,574,0.0,0.0026209197045508697,1,914,913,3,-1,4,4,0,694,887,74
447,65,167,854,948,94,56,56,789,789,0,0.0016338200755641784,0.0019741992579733825,861,880,19,4,3,3,6,14,369,84,591
448,1,1,332,332,0,2,2,332,332,0,0.0,0.0,1,1,0,-1,6,6,2,1,890,896,746
449,0,101,1,933,932,0,3,1,331,330,0.0,0.0,1,1,0,5,-1,6,3,2,912,431,526
450,20,20,648,648,0,29,29,563,563,0,0.00013615167296368154,0.00013615167296368154,502,502,0,-1,4,4,7,4,416,210,324
451,4,105,527,971,444,4,4,510,510,0,0.00013615167296368154,0.00013615167296368154,535,535,0,6,5,5,2,3,962,536,743
452,12,12,533,533,0,28,28,468,468,0,0.00013615167296368154,0.00013615167296368154,516,516,0,-1,4,4,10,4,258,210,498
453,9,111,568,936,368,16,16,561,561,0,0.0002042275094455223,0.0006807583648184077,576,770,194,4,4,4,4,5,682,722,461
454,344,344,976,976,0,196,196,970,970,0,0.006603356138738555,0.006603356138738555,966,966,0,-1,2,2,12,49,212,31,456
455,18,120,742,966,224,12,12,697,697,0,0.0006807583648184077,0.00088498587426393,756,796,40,4,4,4,2,6,878,46,291
456,0,102,1,943,942,0,6,1,443,442,0.0,0.00030634126416828345,1,644,643,4,-1,5,3,0,862,864,295
457,0,206,1,975,974,0,10,1,479,478,0.0,0.00034037918240920387,1,637,636,3,-1,4,3,0,901,669,169
458,2,2,355,355,0,11,11,355,355,0,0.0,0.0,1,1,0,-1,5,5,10,1,149,763,632
459,6,6,420,420,0,15,15,434,434,0,6.807583648184077e-05,6.807583648184077e-05,437,437,0,-1,4,4,6,1,556,552,932
460,0,102,1,911,910,0,10,1,388,387,0.0,0.0,1,1,0,4,-1,5,6,0,352,939,870
461,289,289,977,977,0,126,126,968,968,0,0.0063650907110521125,0.0063650907110521125,969,969,0,-1,2,2,7,54,265,28,706
462,0,616,1,998,997,0,36,1,788,787,0.0,0.011402702610708328,1,984,983,2,-1,3,5,0,663,815,11
463,16,222,485,939,454,64,84,457,517,60,0.00013615167296368154,0.0010892133837094523,506,811,305,3,3,3,21,1,74,481,59
464,0,101,1,902,901,0,4,1,332,331,0.0,0.0,1,1,0,5,-1,6,4,0,410,937,692
465,0,102,1,956,955,0,4,1,426,425,0.0,0.0004084550188910446,1,691,690,4,-1,5,2,0,742,825,80
466,23,125,695,935,240,18,18,613,613,0,0.0005105687736138058,0.0005786446100956465,706,725,19,4,4,4,3,9,725,343,547
467,108,108,886,886,0,180,180,890,890,0,0.0018040096667687805,0.0018040096667687805,877,877,0,-1,3,3,15,13,51,183,644
468,0,102,1,932,931,0,5,1,397,396,0.0,0.0005105687736138058,1,709,708,4,-1,5,3,0,745,772,407
469,8,8,582,582,0,10,10,561,561,0,0.00017018959120460194,0.00017018959120460194,551,551,0,-1,4,4,3,2,796,682,963
470,68,274,767,957,190,312,312,847,847,0,0.0006807583648184077,0.0018720855032506212,731,874,143,3,2,2,35,5,20,338,127
471,2,104,389,966,577,4,5,395,438,43,0.0,0.00034037918240920387,1,675,674,4,5,5,3,2,853,518,240
472,0,102,1,877,876,0,10,1,352,351,0.0,0.0,1,1,0,4,-1,5,9,0,274,872,601
473,6,212,439,959,520,19,32,486,611,125,0.00013615167296368154,0.001157289220191293,513,824,311,3,4,4,6,1,281,931,66
474,2,618,359,995,636,6,28,360,603,243,0.0,0.0012594029749140542,1,831,830,2,5,3,5,1,347,763,289
475,13,219,617,974,357,18,26,539,643,104,0.00010211375472276115,0.004493005207801491,490,949,459,3,4,4,5,4,848,319,5
476,42,42,766,766,0,104,104,877,877,0,0.0010211375472276116,0.0010211375472276116,803,803,0,-1,3,3,9,6,306,114,903
477,16,117,478,883,405,61,61,438,438,0,0.0,0.0,1,1,0,5,3,3,24,1,28,449,717
478,2,103,353,907,554,11,11,374,374,0,0.0,0.0,1,1,0,5,5,5,8,1,286,781,694
479,0,0,1,1,0,0,0,1,1,0,0.0,0.0,1,1,0,-1,-1,-1,3,0,627,912,923
480,0,0,1,1,0,0,0,1,1,0,0.0,0.0,1,1,0,-1,-1,-1,9,0,422,955,800
481,28,130,701,921,220,46,46,645,645,0,0.00017018959120460194,0.00030634126416828345,544,633,89,4,3,3,8,3,142,369,499
482,0,102,1,927,926,0,5,1,392,391,0.0,0.00017018959120460194,1,542,541,4,-1,5,3,0,288,750,176
483,21,122,696,938,242,14,14,517,517,0,0.0006126825283365669,0.0006807583648184077,737,753,16,5,4,4,3,10,490,272,654
484,23,124,656,909,253,64,64,598,598,0,0.00030634126416828345,0.00034037918240920387,620,636,16,5,4,4,14,8,84,286,560
485,0,206,1,941,940,0,32,1,387,386,0.0,0.00030634126416828345,1,620,619,3,-1,4,19,0,46,446,516
486,18,634,634,995,361,20,34,548,702,154,0.0002723033459273631,0.004595118962524252,610,961,351,2,4,3,4,6,540,494,34
487,109,725,916,999,83,124,124,994,994,0,0.004901460226692535,0.008271214132543654,958,976,18,2,2,2,6,6,275,73,25
488,0,101,1,913,912,0,5,1,332,331,0.0,0.0,1,1,0,5,-1,6,5,1,290,513,543
489,18,119,707,947,240,14,14,579,579,0,0.0004084550188910446,0.000442492937131965,686,703,17,5,4,4,3,3,826,519,419
490,100,100,857,857,0,100,100,651,651,0,0.012185574730249497,0.012185574730249497,988,988,0,-1,1,1,16,23,53,106,898
491,6,6,427,427,0,20,20,564,564,0,0.0002723033459273631,0.0002723033459273631,633,633,0,-1,4,4,4,2,516,223,632
492,0,206,1,972,971,0,8,1,461,460,0.0,0.00010211375472276115,1,482,481,3,-1,4,3,0,864,820,682
493,13,219,655,981,326,8,12,520,644,124,0.00030634126416828345,0.0011232513019503727,642,831,189,3,4,4,2,4,999,479,273
494,22,22,575,575,0,198,198,757,757,0,0.0005105687736138058,0.0005105687736138058,689,689,0,-1,3,3,25,3,17,525,905
495,12,12,638,638,0,12,12,608,608,0,0.0006126825283365669,0.0006126825283365669,739,739,0,-1,4,4,2,5,713,535,738
496,0,102,1,973,972,0,3,1,413,412,0.0,0.0005105687736138058,1,738,737,4,-1,5,2,0,872,944,159
497,0,102,1,900,899,0,8,1,356,355,0.0,6.807583648184077e-05,1,455,454,4,-1,5,7,0,497,914,607
498,30,1670,737,1000,263,36,70,713,912,199,0.0011232513019503727,0.022396950202525613,818,995,177,1,3,2,5,4,599,333,111
499,675,675,994,994,0,206,206,981,981,0,0.011709043874876613,0.011709043874876613,982,982,0,-1,2,2,12,85,62,0,875
500,6,108,438,923,485,12,12,428,428,0,0.0,0.0,1,1,0,4,4,4,6,1,322,734,449
501,0,0,1,1,0,0,0,1,1,0,0.0,0.0,1,1,0,-1,-1,-1,6,0,522,965,856
502,15,117,664,952,288,18,18,704,704,0,0.00034037918240920387,0.0005105687736138058,651,713,62,4,4,4,3,7,953,371,759
503,0,102,1,938,937,0,4,1,395,394,0.0,0.0002723033459273631,1,619,618,4,-1,5,2,1,596,660,486
504,19,121,665,929,264,19,19,602,602,0,0.0008169100377820892,0.0010211375472276116,795,825,30,4,4,4,4,7,949,329,258
505,8,109,522,919,397,10,10,427,427,0,0.00017018959120460194,0.0002382654276864427,545,600,55,5,4,4,4,5,614,464,225
506,39,39,789,789,0,36,36,698,698,0,0.0004765308553728854,0.0004765308553728854,694,694,0,-1,4,4,6,8,515,187,987
507,26,26,703,703,0,32,32,610,610,0,0.0002723033459273631,0.0002723033459273631,614,614,0,-1,4,4,6,5,393,182,546
508,0,102,1,935,934,0,4,1,371,370,0.0,3.4037918240920386e-05,1,397,396,4,-1,5,3,0,639,574,623
509,8,110,527,935,408,10,10,468,468,0,6.807583648184077e-05,0.0010892133837094523,445,827,382,4,4,4,3,2,839,791,79
510,8,8,575,575,0,18,18,729,729,0,0.0005446066918547262,0.0005446066918547262,725,725,0,-1,4,4,3,5,576,535,811
511,0,206,1,966,965,0,16,1,491,490,0.0,0.001055175465468532,1,808,807,3,-1,4,4,0,540,855,255
512,2,104,362,913,551,10,10,413,413,0,0.0002042275094455223,0.0006467204465774873,544,738,194,4,5,5,5,1,407,452,284
513,0,101,1,898,897,0,10,1,332,331,0.0,0.0,1,1,0,6,-1,7,10,0,293,254,590
514,0,206,1,965,964,0,20,1,526,525,0.0,0.0005105687736138058,1,706,705,3,-1,4,6,0,582,457,83
515,0,102,1,893,892,0,14,1,374,373,0.0,6.807583648184077e-05,1,449,448,4,-1,5,10,0,254,901,325
516,4,620,384,990,606,22,69,365,534,169,3.4037918240920386e-05,0.0009870996289866913,400,794,394,2,5,3,18,2,86,694,92
517,0,206,1,971,970,0,20,1,512,511,0.0,0.0008509479560230097,1,781,780,3,-1,4,6,0,405,876,83
518,63,269,783,962,179,154,158,732,738,6,0.00088498587426393,0.0014636304843595766,767,845,78,3,2,2,23,7,30,371,40
519,1,207,333,943,610,16,47,333,463,130,0.0,0.0004765308553728854,1,681,680,3,6,4,16,1,53,703,169
520,2,2,372,372,0,7,7,384,384,0,0.0,0.0,1,1,0,-1,5,5,5,2,580,885,826
521,2,208,355,957,602,15,56,365,571,206,0.0,0.0017359338302869397,1,866,865,3,5,4,12,1,106,781,100
522,0,102,1,893,892,0,9,1,365,364,0.0,3.4037918240920386e-05,1,404,403,4,-1,5,7,0,321,205,342
523,0,102,1,925,924,0,5,1,367,366,0.0,0.0004084550188910446,1,684,683,4,-1,5,4,0,740,818,636
524,16,118,486,877,391,106,106,580,580,0,0.0002723033459273631,0.0004765308553728854,603,684,81,4,3,3,22,3,18,285,241
525,334,334,980,980,0,120,120,982,982,0,0.00891793457912114,0.00891793457912114,978,978,0,-1,2,2,6,49,489,31,843
526,0,102,1,912,911,0,5,1,379,378,0.0,0.00013615167296368154,1,514,513,4,-1,5,3,1,613,539,704
527,70,172,864,956,92,62,62,948,948,0,0.002382654276864427,0.0024507301133462676,907,909,2,4,2,2,3,9,837,145,474
528,2,618,357,996,639,6,36,358,674,316,0.0,0.003710133088260322,1,941,940,2,5,3,5,2,818,615,28
529,7,7,515,515,0,14,14,462,462,0,0.0,0.0,1,1,0,-1,4,4,6,2,399,364,757
530,3,105,415,917,502,7,8,390,409,19,3.4037918240920386e-05,0.00013615167296368154,391,520,129,4,5,5,4,2,235,364,239
531,137,343,962,991,29,56,56,986,986,0,0.006909697402906838,0.009020048333843901,973,978,5,3,2,2,2,30,896,39,69
532,0,101,1,930,929,0,3,1,329,328,0.0,6.807583648184077e-05,1,447,446,5,-1,6,3,1,882,852,152
533,42,248,723,958,235,134,134,768,768,0,0.0005446066918547262,0.0007488342013002485,708,749,41,3,3,3,17,6,39,376,655
534,119,119,940,940,0,76,76,943,943,0,0.0032336022328874367,0.0032336022328874367,927,927,0,-1,3,3,6,24,661,119,984
535,0,102,1,890,889,0,12,1,359,358,0.0,6.807583648184077e-05,1,448,447,4,-1,5,10,0,135,794,512
536,0,101,1,886,885,0,8,1,331,330,0.0,0.0,1,1,0,5,-1,6,8,0,483,902,893
537,0,206,1,955,954,0,44,1,629,628,0.0,0.003710133088260322,1,937,936,3,-1,4,8,0,443,678,51
538,0,0,1,1,0,0,0,1,1,0,0.0,0.0,1,1,0,-1,-1,-1,10,0,135,542,832
539,0,101,1,921,920,0,4,1,332,331,0.0,6.807583648184077e-05,1,453,452,5,-1,6,4,0,559,983,311
540,0,101,1,952,951,0,2,1,329,328,0.0,3.4037918240920386e-05,1,407,406,5,-1,6,2,0,715,860,385
541,0,206,1,942,941,0,59,1,494,493,0.0,0.0005105687736138058,1,693,692,3,-1,4,18,0,86,860,612
542,0,0,1,1,0,0,0,1,1,0,0.0,0.0,1,1,0,-1,-1,-1,2,3,846,348,940
543,179,385,931,978,47,240,240,942,942,0,0.0029612988869600733,0.0030293747234419145,920,923,3,3,2,2,17,18,56,82,350
544,4,4,425,425,0,7,7,396,396,0,0.00010211375472276115,0.00010211375472276115,484,484,0,-1,5,5,4,3,544,411,984
545,40,40,845,845,0,22,22,818,818,0,0.0012594029749140542,0.0012594029749140542,846,846,0,-1,3,3,2,10,919,405,808
546,0,0,1,1,0,0,0,1,1,0,0.0,0.0,1,1,0,-1,-1,-1,4,0,391,952,871
547,0,0,1,1,0,0,0,1,1,0,0.0,0.0,1,1,0,-1,-1,-1,4,1,532,706,737
548,21,227,625,959,334,64,64,617,617,0,0.0005786446100956465,0.0008169100377820892,723,770,47,3,4,4,12,6,96,467,652
549,0,0,1,1,0,0,0,1,1,0,0.0,0.0,1,1,0,-1,-1,-1,25,2,17,709,372
550,6,6,432,432,0,18,18,493,493,0,3.4037918240920386e-05,3.4037918240920386e-05,402,402,0,-1,4,4,5,1,492,873,538
551,0,206,1,948,947,0,29,1,399,398,0.0,3.4037918240920386e-05,1,394,393,3,-1,4,16,1,60,787,149
552,0,102,1,927,926,0,5,1,360,359,0.0,6.807583648184077e-05,1,453,452,4,-1,5,4,0,461,533,563
553,14,220,580,960,380,30,30,555,555,0,0.00030634126416828345,0.00037441710065012424,642,667,25,3,4,4,7,4,637,625,168
554,35,136,797,945,148,20,20,582,582,0,0.001157289220191293,0.0011913271384322134,835,837,2,5,4,4,4,14,784,175,408
555,0,0,1,1,0,0,0,1,1,0,0.0,0.0,1,1,0,-1,-1,-1,4,0,566,945,996
556,315,416,978,985,7,126,126,951,951,0,0.005718370264474625,0.005718370264474625,968,968,0,5,2,2,7,49,331,51,687
557,69,69,895,895,0,28,28,809,809,0,0.0012934408931549745,0.0012934408931549745,849,849,0,-1,3,3,3,18,748,64,938
558,0,1640,1,1000,999,0,142,1,871,870,0.0,0.01327478811395895,1,982,981,1,-1,2,13,0,41,925,32
559,93,93,911,911,0,36,36,771,771,0,0.002110350930937064,0.002110350930937064,892,892,0,-1,3,3,5,17,376,180,818
560,83,289,906,984,78,34,38,882,883,1,0.0020763130126961434,0.0024507301133462676,891,909,18,3,3,3,3,19,935,59,251
561,48,48,783,783,0,70,70,749,749,0,0.0013274788113958951,0.0013274788113958951,835,835,0,-1,3,3,9,9,276,242,936
562,0,206,1,938,937,0,26,1,364,363,0.0,0.0,1,1,0,3,-1,4,21,0,3,731,885
563,0,206,1,948,947,0,32,1,413,412,0.0,0.00010211375472276115,1,468,467,3,-1,4,16,0,60,978,300
564,12,12,551,551,0,19,19,445,445,0,0.00034037918240920387,0.00034037918240920387,640,640,0,-1,4,4,8,4,158,210,200
565,8,214,486,955,469,66,66,622,622,0,0.00013615167296368154,0.0007147962830593281,511,753,242,3,4,4,13,3,242,354,355
566,56,158,868,967,99,22,22,816,816,0,0.0012594029749140542,0.0013955546478777359,846,855,9,4,3,3,2,13,739,255,586
567,12,12,625,625,0,18,18,697,697,0,0.0006126825283365669,0.0006126825283365669,746,746,0,-1,4,4,3,2,433,473,746
568,84,185,843,938,95,112,112,785,785,0,0.00088498587426393,0.0009870996289866913,789,800,11,5,3,3,12,10,239,405,398
569,117,323,912,978,66,84,84,866,866,0,0.0016678579938050988,0.0018380475850097008,855,872,17,3,3,3,8,17,383,79,346
570,17,119,609,915,306,23,23,461,461,0,0.0002382654276864427,0.00034037918240920387,588,650,62,4,4,4,8,6,201,279,580
571,0,206,1,955,954,0,26,1,453,452,0.0,0.0007828721195411688,1,762,761,3,-1,4,9,0,136,731,184
572,30,132,790,954,164,14,14,603,603,0,0.000442492937131965,0.0005786446100956465,703,739,36,4,4,4,3,9,857,414,496
573,30,236,786,979,193,26,30,769,783,14,0.0004765308553728854,0.0011232513019503727,694,823,129,3,3,3,4,6,491,435,355
574,5,621,422,994,572,11,30,394,597,203,0.0,0.002212464685659825,1,899,898,2,5,3,6,3,369,572,396
575,0,0,1,1,0,0,0,1,1,0,0.0,0.0,1,1,0,-1,-1,-1,3,0,579,772,895
576,18,120,583,900,317,36,38,488,504,16,0.0,0.00017018959120460194,1,534,533,4,3,3,10,2,285,298,314
577,2,208,359,968,609,8,17,387,516,129,6.807583648184077e-05,0.0019061234214915416,447,875,428,3,5,4,5,2,692,648,55
578,0,102,1,978,977,0,3,1,442,441,0.0,0.0002382654276864427,1,613,612,4,-1,5,2,1,775,706,275
579,521,623,1000,1000,0,56,56,995,995,0,0.027774941284591036,0.027979168794036557,998,998,0,4,2,2,2,157,890,2,453
580,8,109,516,909,393,16,16,450,450,0,3.4037918240920386e-05,3.4037918240920386e-05,397,397,0,5,4,4,6,2,419,749,618
581,8,8,535,535,0,13,13,468,468,0,6.807583648184077e-05,6.807583648184077e-05,453,453,0,-1,4,4,5,5,421,231,999
582,20,121,732,951,219,14,14,612,612,0,0.00037441710065012424,0.00037441710065012424,673,673,0,6,4,4,3,6,961,258,692
583,25,127,817,970,153,18,18,771,771,0,0.0012934408931549745,0.0013615167296368155,844,852,8,4,4,4,3,13,786,183,447
584,18,18,614,614,0,37,37,533,533,0,0.0002042275094455223,0.0002042275094455223,555,555,0,-1,3,3,10,3,355,441,959
585,2,1642,367,1000,633,4,48,368,921,553,0.0,0.03917764389529936,1,997,996,1,5,2,3,1,621,736,56
586,0,206,1,976,975,0,8,1,513,512,0.0,0.0007828721195411688,1,787,786,3,-1,4,2,0,976,786,154
587,16,16,625,625,0,36,36,743,743,0,0.00037441710065012424,0.00037441710065012424,668,668,0,-1,3,3,5,2,478,160,968
588,0,0,1,1,0,0,0,1,1,0,0.0,0.0,1,1,0,-1,-1,-1,7,0,207,769,539
589,10,216,566,971,405,12,12,486,486,0,0.00013615167296368154,0.0005105687736138058,516,724,208,3,4,4,4,4,740,220,233
590,0,102,1,933,932,0,3,1,368,367,0.0,6.807583648184077e-05,1,452,451,4,-1,5,2,0,589,674,492
591,0,0,1,1,0,0,0,1,1,0,0.0,0.0,1,1,0,-1,-1,-1,8,0,371,858,675
592,171,171,964,964,0,74,74,963,963,0,0.0038462847612240037,0.0038462847612240037,944,944,0,-1,2,2,5,28,430,98,889
593,14,220,515,952,437,64,80,525,579,54,0.0002723033459273631,0.0013615167296368155,595,845,250,3,4,4,16,3,59,536,206
594,6,108,436,918,482,14,14,473,473,0,3.4037918240920386e-05,0.00017018959120460194,411,559,148,4,4,4,5,1,338,152,496
595,85,291,925,990,65,18,18,708,708,0,0.0026209197045508697,0.00445896728956057,915,949,34,3,4,4,3,31,485,35,98
596,27,129,794,959,165,12,12,654,654,0,0.00034037918240920387,0.001055175465468532,665,823,158,4,4,4,2,13,964,256,45
597,86,86,872,872,0,110,110,876,876,0,0.0020763130126961434,0.0020763130126961434,891,891,0,-1,3,3,10,12,409,104,992
598,0,0,1,1,0,0,0,1,1,0,0.0,0.0,1,1,0,-1,-1,-1,2,0,596,864,884
599,14,14,549,549,0,21,21,464,464,0,0.00013615167296368154,0.00013615167296368154,515,515,0,-1,4,4,7,4,436,443,737
600,3,209,392,950,558,20,32,377,419,42,0.0,0.00034037918240920387,1,656,655,3,5,4,15,2,95,694,173
601,10,216,573,973,400,12,16,481,529,48,3.4037918240920386e-05,0.00034037918240920387,405,643,238,3,4,4,4,4,424,581,722
602,6,107,481,938,457,10,10,507,507,0,0.00017018959120460194,0.0002382654276864427,554,611,57,5,4,4,3,2,863,215,321
603,2,104,364,936,572,6,6,422,422,0,3.4037918240920386e-05,0.0002382654276864427,416,586,170,4,5,5,3,1,640,964,474
604,0,101,1,925,924,0,3,1,330,329,0.0,0.0,1,1,0,6,-1,7,3,0,864,790,374
605,181,283,931,967,36,258,258,945,945,0,0.0030293747234419145,0.0030634126416828346,917,918,1,4,2,2,19,19,148,91,298
606,0,206,1,975,974,0,8,1,504,503,0.0,0.0009530617107457708,1,814,813,3,-1,4,2,0,896,811,281
607,52,154,862,960,98,22,22,772,772,0,0.0014295925661186562,0.0020422750944552232,858,896,38,4,3,3,2,9,689,130,218
608,0,0,1,1,0,0,0,1,1,0,0.0,0.0,1,1,0,-1,-1,-1,21,1,1,913,843
609,6,108,382,878,496,33,34,409,412,3,3.4037918240920386e-05,3.4037918240920386e-05,392,392,0,4,4,4,16,2,195,679,607
610,6,107,489,945,456,6,6,455,455,0,3.4037918240920386e-05,3.4037918240920386e-05,399,399,0,9,5,5,3,4,797,164,647
611,16,118,661,947,286,22,22,769,769,0,0.0002723033459273631,0.0004084550188910446,628,689,61,4,3,3,2,1,653,681,236
612,86,188,883,961,78,50,50,850,850,0,0.0011913271384322134,0.0015317063208414173,830,855,25,4,3,3,5,18,457,148,184
613,66,168,846,948,102,74,74,776,776,0,0.0013274788113958951,0.001497668402600497,833,847,14,4,3,3,9,12,119,67,810
614,42,42,771,771,0,62,62,694,694,0,0.0005786446100956465,0.0005786446100956465,721,721,0,-1,3,3,10,7,437,115,895
615,40,40,762,762,0,56,56,753,753,0,0.0004765308553728854,0.0004765308553728854,701,701,0,-1,3,3,6,6,157,381,917
616,0,616,1,997,996,0,30,1,761,760,0.0,0.011028285510058205,1,986,985,2,-1,3,4,0,573,994,3
617,0,102,1,911,910,0,8,1,383,382,0.0,0.00013615167296368154,1,513,512,4,-1,5,5,0,528,672,211
618,0,102,1,933,932,0,6,1,408,407,0.0,0.00013615167296368154,1,517,516,4,-1,5,3,0,651,936,557
619,6,108,442,918,476,14,14,459,459,0,0.0002382654276864427,0.001055175465468532,595,826,231,4,4,4,5,4,382,409,59
620,45,147,761,925,164,80,80,694,694,0,0.0005105687736138058,0.0006126825283365669,707,730,23,4,3,3,13,9,113,293,599
621,0,0,1,1,0,0,0,1,1,0,0.0,0.0,1,1,0,-1,-1,-1,4,0,784,867,433
622,91,707,879,998,119,72,82,816,860,44,0.0010211375472276116,0.0030293747234419145,813,924,111,2,3,3,7,17,320,226,335
623,16,222,615,971,356,28,28,710,710,0,0.0006807583648184077,0.0009530617107457708,754,804,50,3,3,3,3,1,892,480,173
624,0,101,1,935,934,0,3,1,331,330,0.0,0.00017018959120460194,1,545,544,5,-1,6,3,0,433,701,567
625,5,106,561,971,410,4,4,510,510,0,0.00017018959120460194,0.000442492937131965,566,710,144,5,5,5,2,4,962,339,479
626,12,114,703,968,265,12,12,752,752,0,0.00034037918240920387,0.0006807583648184077,676,775,99,4,4,4,2,5,788,165,386
627,0,0,1,1,0,0,0,1,1,0,0.0,0.0,1,1,0,-1,-1,-1,4,0,759,888,815
628,0,616,1,990,989,0,93,1,647,646,0.0,0.003437829742332959,1,934,933,2,-1,3,16,1,151,472,102
629,6,6,410,410,0,38,38,610,610,0,0.00017018959120460194,0.00017018959120460194,541,541,0,-1,4,4,7,1,221,720,779
630,319,525,974,986,12,204,204,949,949,0,0.003710133088260322,0.0045270431260424114,932,952,20,3,2,2,15,44,81,27,206
631,11,11,577,577,0,14,14,467,467,0,0.00034037918240920387,0.00034037918240920387,642,642,0,-1,4,4,5,4,605,208,707
632,0,0,1,1,0,0,0,1,1,0,0.0,0.0,1,1,0,-1,-1,-1,3,0,737,801,733
633,0,0,1,1,0,0,0,1,1,0,0.0,0.0,1,1,0,-1,-1,-1,3,0,935,457,675
634,310,926,966,995,29,254,264,911,921,10,0.003812246842983083,0.007386228258279724,938,968,30,2,2,2,20,30,5,75,88
635,152,358,931,978,47,176,176,947,947,0,0.0030634126416828346,0.0033016780693692774,927,931,4,3,2,2,12,27,143,304,291
636,239,341,991,997,6,22,22,897,897,0,0.00970080669866231,0.010790020082371761,980,986,6,4,3,3,2,92,749,30,297
637,111,111,906,906,0,74,74,793,793,0,0.0014636304843595766,0.0014636304843595766,844,844,0,-1,3,3,9,22,249,116,868
638,0,206,1,990,989,0,7,1,599,598,0.0,0.0007147962830593281,1,771,770,3,-1,4,2,0,959,800,602
639,24,24,663,663,0,48,48,616,616,0,0.0008169100377820892,0.0008169100377820892,769,769,0,-1,4,4,8,4,231,333,707
640,14,115,593,924,331,22,22,564,564,0,0.0004084550188910446,0.0004084550188910446,660,660,0,5,4,4,5,3,457,507,495
641,6,108,439,918,479,18,18,519,519,0,6.807583648184077e-05,0.0004765308553728854,454,707,253,4,4,4,5,2,773,384,121
642,0,102,1,924,923,0,5,1,359,358,0.0,0.0006126825283365669,1,738,737,4,-1,5,4,0,511,932,296
643,100,100,896,896,0,100,100,945,945,0,0.03866707512168556,0.04339834575717349,999,1000,1,2,1,1,6,91,387,7,18
644,0,102,1,949,948,0,4,1,429,428,0.0,0.000442492937131965,1,711,710,4,-1,5,2,0,781,859,306
645,0,206,1,956,955,0,46,1,613,612,0.0,0.0020082371762143027,1,886,885,3,-1,4,9,0,200,898,158
646,6,212,434,969,535,19,32,519,656,137,3.4037918240920386e-05,0.0014295925661186562,392,842,450,3,4,4,6,1,575,862,43
647,132,338,948,986,38,38,38,855,855,0,0.0029612988869600733,0.0040845501889104465,919,943,24,3,3,3,3,34,585,89,415
648,0,0,1,1,0,0,0,1,1,0,0.0,0.0,1,1,0,-1,-1,-1,6,0,341,533,866
649,26,232,637,952,315,120,120,730,730,0,0.0006807583648184077,0.0010892133837094523,731,813,82,3,3,3,18,4,86,312,422
650,0,206,1,961,960,0,18,1,422,421,0.0,0.0002382654276864427,1,589,588,3,-1,4,8,1,201,235,316
651,61,61,892,892,0,28,28,843,843,0,0.0014295925661186562,0.0014295925661186562,856,856,0,-1,3,3,3,20,718,189,845
652,0,0,1,1,0,0,0,1,1,0,0.0,0.0,1,1,0,-1,-1,-1,7,0,340,794,752
653,0,102,1,927,926,0,6,1,392,391,0.0,0.00017018959120460194,1,550,549,4,-1,5,4,1,648,693,346
654,6,107,417,901,484,23,23,460,460,0,3.4037918240920386e-05,3.4037918240920386e-05,385,385,0,5,4,4,8,2,297,714,893
655,17,17,626,626,0,42,42,721,721,0,0.0002042275094455223,0.0002042275094455223,571,571,0,-1,3,3,6,4,536,305,926
656,0,101,1,911,910,0,5,1,332,331,0.0,3.4037918240920386e-05,1,400,399,5,-1,6,5,0,311,726,552
657,27,129,748,942,194,38,38,738,738,0,0.0002382654276864427,0.0009190237925048504,586,797,211,4,3,3,6,6,494,486,61
658,72,72,884,884,0,28,28,769,769,0,0.0017359338302869397,0.0017359338302869397,874,874,0,-1,3,3,3,18,829,82,826
659,16,222,595,967,372,50,50,806,806,0,0.00030634126416828345,0.0012253650566731338,630,831,201,3,3,3,5,1,501,727,59
660,11,112,714,972,258,12,12,785,785,0,0.00088498587426393,0.00088498587426393,803,803,0,6,4,4,2,4,936,207,503
661,7,109,513,918,405,11,11,443,443,0,6.807583648184077e-05,6.807583648184077e-05,448,448,0,4,4,4,4,2,572,627,152
662,8,110,546,935,389,12,12,487,487,0,6.807583648184077e-05,0.0006126825283365669,447,737,290,4,4,4,4,2,611,468,207
663,2,104,351,890,539,12,13,368,374,6,3.4037918240920386e-05,0.00010211375472276115,403,480,77,4,5,5,9,1,191,402,244
664,0,0,1,1,0,0,0,1,1,0,0.0,0.0,1,1,0,-1,-1,-1,3,0,627,725,877
665,0,616,1,993,992,0,68,1,795,794,0.0,0.005582218591510943,1,963,962,2,-1,3,7,0,193,979,34
666,10,112,560,926,366,14,14,488,488,0,0.00017018959120460194,0.00034037918240920387,545,642,97,4,4,4,5,3,662,301,795
667,13,13,535,535,0,32,32,481,481,0,6.807583648184077e-05,6.807583648184077e-05,445,445,0,-1,4,4,10,5,75,710,921
668,4,105,463,955,492,5,5,408,408,0,0.00010211375472276115,0.00030634126416828345,480,632,152,5,5,5,3,2,576,549,625
669,19,635,643,994,351,40,58,610,755,145,0.000442492937131965,0.007862759113652609,683,974,291,2,4,3,8,5,146,510,6
670,0,206,1,964,963,0,12,1,421,420,0.0,0.00010211375472276115,1,480,479,3,-1,4,6,0,587,856,124
671,22,123,603,899,296,84,84,658,658,0,0.00013615167296368154,0.00013615167296368154,513,513,0,5,3,3,14,2,108,634,623
672,18,120,656,937,281,30,30,676,676,0,0.0002042275094455223,0.0006126825283365669,571,738,167,4,4,4,5,7,326,237,236
673,14,220,636,974,338,20,20,632,632,0,0.000442492937131965,0.0013615167296368155,690,852,162,3,4,4,4,6,581,247,59
674,4,210,413,961,548,14,23,399,483,84,3.4037918240920386e-05,0.0004084550188910446,408,672,264,3,5,4,8,2,158,244,404
675,109,211,934,974,40,44,44,872,872,0,0.003165526396405596,0.0032336022328874367,926,931,5,4,3,3,4,19,891,135,110
676,1,1,332,332,0,2,2,332,332,0,0.0,0.0,1,1,0,-1,7,7,2,1,723,621,769
677,6,108,387,878,491,52,52,449,449,0,0.00010211375472276115,0.00010211375472276115,481,481,0,4,4,4,19,1,38,360,662
678,28,28,665,665,0,56,56,559,559,0,6.807583648184077e-05,6.807583648184077e-05,446,446,0,-1,3,3,13,5,90,314,429
679,12,114,666,958,292,10,10,560,560,0,0.00017018959120460194,0.0005786446100956465,556,733,177,4,4,4,3,6,707,435,250
680,55,156,754,907,153,184,184,819,819,0,0.0007828721195411688,0.0007828721195411688,754,754,0,5,3,3,19,8,19,257,763
681,20,20,616,616,0,48,48,542,542,0,0.0002723033459273631,0.0002723033459273631,621,621,0,-1,4,4,12,8,222,477,745
682,40,656,816,998,182,30,40,770,865,95,0.0012594029749140542,0.002825147213996392,831,915,84,2,3,3,4,10,945,413,101
683,42,144,706,906,200,133,133,674,674,0,0.0007828721195411688,0.0007828721195411688,746,746,0,4,2,2,23,2,30,584,506
684,0,206,1,971,970,0,12,1,484,483,0.0,0.0009870996289866913,1,810,809,3,-1,4,4,0,458,957,106
685,0,101,1,961,960,0,3,1,331,330,0.0,6.807583648184077e-05,1,449,448,5,-1,6,3,1,730,742,646
686,0,0,1,1,0,0,0,1,1,0,0.0,0.0,1,1,0,-1,-1,-1,10,0,206,604,916
687,0,102,1,905,904,0,9,1,389,388,0.0,0.00010211375472276115,1,481,480,4,-1,5,5,3,347,478,720
688,0,0,1,1,0,0,0,1,1,0,0.0,0.0,1,1,0,-1,-1,-1,2,0,813,865,822
689,0,206,1,949,948,0,52,1,520,519,0.0,0.0004084550188910446,1,662,661,3,-1,4,14,0,21,750,103
690,6,6,407,407,0,20,20,455,455,0,6.807583648184077e-05,6.807583648184077e-05,442,442,0,-1,4,4,7,2,436,654,875
691,58,58,848,848,0,94,94,963,963,0,0.0032336022328874367,0.0032336022328874367,930,930,0,-1,2,2,5,4,665,281,804
692,78,284,914,986,72,22,22,838,838,0,0.0024166921951053475,0.00439089145307873,914,950,36,3,3,3,2,25,988,47,41
693,0,0,1,1,0,0,0,1,1,0,0.0,0.0,1,1,0,-1,-1,-1,5,0,701,839,963
694,68,68,874,874,0,34,34,787,787,0,0.001497668402600497,0.001497668402600497,862,862,0,-1,3,3,4,17,648,45,777
695,0,0,1,1,0,0,0,1,1,0,0.0,0.0,1,1,0,-1,-1,-1,6,0,402,826,895
696,32,32,734,734,0,68,68,820,820,0,0.0006126825283365669,0.0006126825283365669,735,735,0,-1,3,3,7,4,714,143,985
697,0,0,1,1,0,0,0,1,1,0,0.0,0.0,1,1,0,-1,-1,-1,7,1,450,742,696
698,45,251,855,984,129,14,18,620,692,72,0.0009190237925048504,0.007216038667075122,807,966,159,3,4,4,3,18,523,147,0
699,1,103,333,917,584,7,11,333,398,65,0.0,0.0002382654276864427,1,594,593,4,6,5,7,1,439,140,354
700,20,20,687,687,0,26,26,734,734,0,0.0002723033459273631,0.0002723033459273631,615,615,0,-1,3,3,4,3,593,222,723
701,0,102,1,894,893,0,15,1,412,411,0.0,0.0004084550188910446,1,673,672,4,-1,5,8,0,380,517,470
702,8,110,518,920,402,8,8,410,410,0,0.00010211375472276115,0.0005446066918547262,487,723,236,4,5,5,4,4,235,444,272
703,20,20,789,789,0,22,22,905,905,0,0.001055175465468532,0.001055175465468532,823,823,0,-1,3,3,2,5,898,688,254
704,0,0,1,1,0,0,0,1,1,0,0.0,0.0,1,1,0,-1,-1,-1,8,0,418,980,324
705,69,171,886,968,82,22,22,760,760,0,0.002110350930937064,0.0021784267674189047,893,898,5,4,3,3,2,27,643,304,602
706,2,208,350,958,608,12,45,350,556,206,0.0,0.0020082371762143027,1,882,881,3,5,4,11,1,176,590,108
707,22,228,620,958,338,80,80,679,679,0,0.0002382654276864427,0.0009870996289866913,587,793,206,3,3,3,13,4,228,346,45
708,0,0,1,1,0,0,0,1,1,0,0.0,0.0,1,1,0,-1,-1,-1,5,0,537,777,633
709,0,101,1,938,937,0,3,1,331,330,0.0,6.807583648184077e-05,1,444,443,5,-1,6,3,2,903,752,290
710,0,206,1,954,953,0,24,1,493,492,0.0,0.000442492937131965,1,687,686,3,-1,4,8,0,508,821,407
711,0,0,1,1,0,0,0,1,1,0,0.0,0.0,1,1,0,-1,-1,-1,6,0,522,953,880
712,96,197,892,960,68,66,66,852,852,0,0.0018040096667687805,0.0018720855032506212,875,880,5,5,3,3,6,23,356,117,771
713,0,206,1,950,949,0,28,1,424,423,0.0,0.0002042275094455223,1,562,561,3,-1,4,13,0,228,608,704
714,0,616,1,998,997,0,30,1,769,768,0.0,0.006603356138738555,1,971,970,2,-1,3,4,2,403,462,9
715,2,104,368,930,562,5,7,370,427,57,0.0,0.0009870996289866913,1,810,809,4,5,5,4,1,507,781,193
716,0,0,1,1,0,0,0,1,1,0,0.0,0.0,1,1,0,-1,-1,-1,5,1,793,874,698
717,12,114,584,937,353,14,14,546,546,0,0.00017018959120460194,0.0004084550188910446,544,682,138,4,4,4,3,2,864,425,247
718,1,1,332,332,0,3,3,332,332,0,0.0,0.0,1,1,0,-1,6,6,3,3,927,484,939
719,162,368,944,980,36,90,90,934,934,0,0.0024507301133462676,0.002586881786309949,909,909,0,3,2,2,6,34,473,89,247
720,14,116,523,896,373,57,57,519,519,0,0.0002382654276864427,0.00034037918240920387,582,633,51,4,4,4,15,3,65,369,22
721,1,103,333,885,552,11,13,333,360,27,0.0,0.0,1,1,0,4,7,5,11,2,150,448,416
722,4,106,428,921,493,9,9,401,401,0,3.4037918240920386e-05,0.00037441710065012424,408,681,273,4,5,5,5,3,616,829,159
723,80,286,843,970,127,90,90,789,789,0,0.0012253650566731338,0.0017359338302869397,825,874,49,3,3,3,10,9,205,130,343
724,48,254,836,976,140,30,30,692,692,0,0.001157289220191293,0.0013955546478777359,823,842,19,3,4,4,5,17,662,226,251
725,44,44,826,826,0,24,24,645,645,0,0.00088498587426393,0.00088498587426393,792,792,0,-1,4,4,4,14,758,243,768
726,153,255,964,978,14,38,38,881,881,0,0.0038462847612240037,0.0038462847612240037,942,942,0,4,3,3,3,31,588,102,476
727,2,104,359,908,549,8,10,360,374,14,0.0,0.00017018959120460194,1,541,540,4,5,5,7,1,336,924,645
728,22,22,713,713,0,30,30,681,681,0,0.0006126825283365669,0.0006126825283365669,738,738,0,-1,4,4,5,6,616,376,946
729,16,117,716,965,249,14,14,748,748,0,0.0005105687736138058,0.0005105687736138058,708,708,0,5,4,4,3,6,877,490,606
730,0,616,1,998,997,0,29,1,695,694,0.0,0.0019741992579733825,1,888,887,2,-1,3,6,0,594,918,116
731,0,0,1,1,0,0,0,1,1,0,0.0,0.0,1,1,0,-1,-1,-1,2,0,933,917,367
732,6,108,431,913,482,16,16,478,478,0,0.0,0.0,1,1,0,4,4,4,6,1,606,322,437
733,2,2,377,377,0,4,4,416,416,0,0.00010211375472276115,0.00010211375472276115,489,489,0,-1,5,5,2,1,625,416,969
734,1,102,333,910,577,6,6,333,333,0,0.0,3.4037918240920386e-05,1,403,402,5,6,6,6,1,549,861,896
735,0,0,1,1,0,0,0,1,1,0,0.0,0.0,1,1,0,-1,-1,-1,2,0,985,446,994
736,16,16,633,633,0,20,20,558,558,0,0.0005105687736138058,0.0005105687736138058,731,731,0,-1,4,4,4,5,542,562,863
737,27,27,777,777,0,12,12,671,671,0,0.0015657442390823377,0.0015657442390823377,864,864,0,-1,4,4,2,8,609,352,574
738,0,101,1,922,921,0,4,1,332,331,0.0,0.0,1,1,0,5,-1,6,4,0,631,803,374
739,9,111,641,968,327,10,10,592,592,0,0.00030634126416828345,0.0009530617107457708,661,807,146,4,4,4,3,3,853,291,412
740,12,218,702,990,288,12,12,731,731,0,0.0006467204465774873,0.0030293747234419145,756,932,176,3,4,4,2,5,959,216,81
741,0,206,1,958,957,0,16,1,428,427,0.0,0.00037441710065012424,1,647,646,3,-1,4,7,0,366,729,291
742,0,102,1,876,875,0,21,1,374,373,0.0,0.00010211375472276115,1,476,475,4,-1,5,14,0,121,943,666
743,0,102,1,945,944,0,6,1,440,439,0.0,0.0006807583648184077,1,768,767,4,-1,5,3,0,654,934,195
744,0,0,1,1,0,0,0,1,1,0,0.0,0.0,1,1,0,-1,-1,-1,3,0,812,205,686
745,0,0,1,1,0,0,0,1,1,0,0.0,0.0,1,1,0,-1,-1,-1,8,0,334,836,941
746,0,101,1,877,876,0,17,1,331,330,0.0,0.0,1,1,0,6,-1,7,17,0,80,668,861
747,6,212,503,982,479,4,8,411,529,118,0.00030634126416828345,0.0006467204465774873,648,760,112,3,5,4,2,3,928,458,381
748,0,0,1,1,0,0,0,1,1,0,0.0,0.0,1,1,0,-1,-1,-1,2,0,686,975,944
749,0,206,1,950,949,0,36,1,504,503,0.0,0.0004084550188910446,1,666,665,3,-1,4,10,0,310,905,318
750,64,64,867,867,0,30,30,762,762,0,0.0012934408931549745,0.0012934408931549745,846,846,0,-1,3,3,4,15,573,138,934
751,2,104,359,917,558,12,12,428,428,0,0.00017018959120460194,0.0002723033459273631,546,617,71,4,5,5,6,1,322,481,711
752,8,214,573,980,407,14,18,608,694,86,3.4037918240920386e-05,0.0020763130126961434,406,886,480,3,4,4,3,2,902,468,71
753,0,102,1,878,877,0,25,1,374,373,0.0,0.0,1,1,0,4,-1,5,17,0,56,844,239
754,0,0,1,1,0,0,0,1,1,0,0.0,0.0,1,1,0,-1,-1,-1,4,0,728,446,665
755,0,102,1,905,904,0,8,1,385,384,0.0,0.00030634126416828345,1,631,630,4,-1,5,5,0,501,982,371
756,0,0,1,1,0,0,0,1,1,0,0.0,0.0,1,1,0,-1,-1,-1,21,0,54,849,960
757,0,206,1,971,970,0,9,1,476,475,0.0,0.0007828721195411688,1,780,779,3,-1,4,3,0,831,951,390
758,115,321,920,981,61,60,60,841,841,0,0.0018380475850097008,0.002144388849177984,883,899,16,3,3,3,5,19,408,91,280
759,2,103,347,876,529,16,16,357,357,0,0.0,0.0,1,1,0,7,5,5,14,2,121,331,765
760,8,110,489,895,406,28,28,481,481,0,0.00010211375472276115,0.00030634126416828345,473,617,144,4,4,4,8,5,411,231,275
761,2,208,358,968,610,6,22,358,588,230,0.0,0.0006467204465774873,1,747,746,3,5,4,5,2,519,764,612
762,0,0,1,1,0,0,0,1,1,0,0.0,0.0,1,1,0,-1,-1,-1,3,0,855,943,856
763,0,0,1,1,0,0,0,1,1,0,0.0,0.0,1,1,0,-1,-1,-1,8,1,440,852,912
764,29,29,738,738,0,46,46,733,733,0,0.0009190237925048504,0.0009190237925048504,792,792,0,-1,3,3,6,4,341,207,767
765,2,103,375,946,571,4,4,426,426,0,0.00013615167296368154,0.00013615167296368154,522,522,0,5,5,5,2,2,942,419,558
766,0,0,1,1,0,0,0,1,1,0,0.0,0.0,1,1,0,-1,-1,-1,21,0,54,372,522
767,2,208,361,967,606,13,18,419,485,66,0.0,0.0010892133837094523,1,816,815,3,5,4,7,3,439,321,42
768,64,680,774,991,217,206,216,852,868,16,0.0009870996289866913,0.002280540522141666,799,894,95,2,3,3,20,9,5,415,92
769,61,267,823,969,146,88,88,820,820,0,0.001055175465468532,0.0019061234214915416,799,877,78,3,2,2,9,9,381,191,415
770,0,0,1,1,0,0,0,1,1,0,0.0,0.0,1,1,0,-1,-1,-1,3,1,915,787,996
771,19,19,663,663,0,20,20,566,566,0,0.0002042275094455223,0.0002042275094455223,564,564,0,-1,4,4,4,4,832,504,775
772,16,16,667,667,0,24,24,787,787,0,0.0004084550188910446,0.0004084550188910446,685,685,0,-1,3,3,3,3,770,285,997
773,100,306,873,973,100,120,120,892,892,0,0.0017359338302869397,0.0020763130126961434,869,884,15,3,3,3,10,9,128,277,362
774,173,173,950,950,0,72,72,831,831,0,0.0031314884781646754,0.0031314884781646754,924,924,0,-1,3,3,7,34,472,89,462
775,0,0,1,1,0,0,0,1,1,0,0.0,0.0,1,1,0,-1,-1,-1,4,1,397,513,984
776,0,206,1,972,971,0,15,1,551,550,0.0,0.001497668402600497,1,862,861,3,-1,4,4,3,543,478,109
777,72,72,883,883,0,24,24,699,699,0,0.0019061234214915416,0.0019061234214915416,877,877,0,-1,4,4,4,18,767,171,909
778,16,16,553,553,0,84,84,701,701,0,0.00030634126416828345,0.00030634126416828345,634,634,0,-1,3,3,12,1,116,727,875
779,1,207,333,959,626,7,17,333,438,105,0.0,0.001157289220191293,1,820,819,3,7,4,7,1,346,703,217
780,2,2,347,347,0,22,22,380,380,0,3.4037918240920386e-05,3.4037918240920386e-05,407,407,0,-1,5,5,14,2,198,842,953
781,0,102,1,917,916,0,8,1,407,406,0.0,0.00030634126416828345,1,635,634,4,-1,5,4,0,445,975,173
782,0,102,1,940,939,0,6,1,441,440,0.0,0.0002382654276864427,1,610,609,4,-1,5,3,0,800,963,619
783,0,101,1,894,893,0,9,1,332,331,0.0,3.4037918240920386e-05,1,398,397,5,-1,6,9,0,250,657,156
784,0,616,1,992,991,0,72,1,560,559,0.0,0.00088498587426393,1,790,789,2,-1,3,15,0,37,983,440
785,0,206,1,964,963,0,12,1,446,445,0.0,0.0004084550188910446,1,684,683,3,-1,4,5,0,773,712,272
786,2,208,351,957,606,14,18,404,429,25,0.0,0.0002382654276864427,1,585,584,3,5,4,7,1,321,639,288
787,0,101,1,909,908,0,6,1,332,331,0.0,0.0,1,1,0,5,-1,6,6,0,341,445,764
788,36,652,692,990,298,114,132,729,773,44,0.0004084550188910446,0.0030293747234419145,668,926,258,2,3,3,16,6,26,379,135
789,0,0,1,1,0,0,0,1,1,0,0.0,0.0,1,1,0,-1,-1,-1,4,0,566,906,779
790,31,31,817,817,0,12,12,678,678,0,0.0007488342013002485,0.0007488342013002485,774,774,0,-1,4,4,2,13,895,340,907
791,24,24,722,722,0,26,26,721,721,0,0.0006467204465774873,0.0006467204465774873,753,753,0,-1,3,3,4,3,401,347,936
792,0,616,1,993,992,0,50,1,634,633,0.0,0.0022465026039007454,1,897,896,2,-1,3,10,1,437,747,55
793,2,2,375,375,0,4,4,378,378,0,3.4037918240920386e-05,3.4037918240920386e-05,397,397,0,-1,5,5,3,2,862,320,641
794,179,179,937,937,0,154,154,874,874,0,0.003778208924742163,0.003778208924742163,940,940,0,-1,3,3,14,27,144,69,808
795,0,102,1,920,919,0,6,1,376,375,0.0,6.807583648184077e-05,1,452,451,4,-1,5,4,0,741,731,260
796,0,0,1,1,0,0,0,1,1,0,0.0,0.0,1,1,0,-1,-1,-1,8,0,297,845,733
797,60,60,850,850,0,64,64,927,927,0,0.0017018959120460194,0.0017018959120460194,867,867,0,-1,3,3,4,8,567,174,488
798,0,0,1,1,0,0,0,1,1,0,0.0,0.0,1,1,0,-1,-1,-1,3,0,523,574,872
799,56,56,827,827,0,46,46,696,696,0,0.0014636304843595766,0.0014636304843595766,847,847,0,-1,3,3,6,12,432,67,966
800,0,206,1,957,956,0,22,1,521,520,0.0,0.00176997174852786,1,873,872,3,-1,4,5,0,496,669,98
801,80,80,882,882,0,62,62,894,894,0,0.002212464685659825,0.002212464685659825,892,892,0,-1,3,3,6,17,764,213,271
802,2,2,367,367,0,4,4,396,396,0,3.4037918240920386e-05,3.4037918240920386e-05,405,405,0,-1,5,5,2,2,596,690,865
803,40,246,863,989,126,40,44,980,983,3,0.0040845501889104465,0.005684332346233704,946,964,18,3,2,2,3,2,877,431,255
804,40,246,823,979,156,18,18,660,660,0,0.00088498587426393,0.0009870996289866913,799,815,16,3,4,4,3,12,958,155,711
805,0,102,1,927,926,0,7,1,380,379,0.0,0.00010211375472276115,1,489,488,4,-1,5,5,0,574,823,260
806,11,113,585,932,347,16,16,528,528,0,0.0004084550188910446,0.0006467204465774873,685,750,65,4,4,4,4,7,649,427,52
807,22,22,690,690,0,28,28,688,688,0,0.0002723033459273631,0.0002723033459273631,610,610,0,-1,3,3,5,2,519,453,841
808,107,209,912,963,51,44,44,690,690,0,0.0016678579938050988,0.0016678579938050988,856,856,0,4,3,3,7,22,359,116,347
809,176,276,984,993,9,22,22,905,905,0,0.006909697402906838,0.007147962830593281,969,972,3,4,3,3,2,59,898,5,336
810,30,30,732,732,0,42,42,712,712,0,0.0004084550188910446,0.0004084550188910446,669,669,0,-1,3,3,6,6,556,424,982
811,0,206,1,977,976,0,18,1,678,677,0.0,0.0027911092957554717,1,917,916,3,-1,4,3,0,716,735,76
812,0,0,1,1,0,0,0,1,1,0,0.0,0.0,1,1,0,-1,-1,-1,9,2,249,709,428
813,0,102,1,958,957,0,4,1,447,446,0.0,0.0008509479560230097,1,803,802,4,-1,5,2,0,963,858,68
814,41,143,826,954,128,34,34,794,794,0,0.0009530617107457708,0.0012253650566731338,807,834,27,4,3,3,4,11,635,83,178
815,20,122,668,927,259,24,24,641,641,0,0.0010211375472276116,0.0010211375472276116,817,817,0,4,4,4,4,8,717,264,248
816,12,114,525,900,375,44,44,550,550,0,0.00013615167296368154,0.0004084550188910446,509,682,173,4,4,4,10,4,149,346,211
817,13,114,609,927,318,26,26,568,568,0,0.00013615167296368154,0.00013615167296368154,515,515,0,6,4,4,7,3,439,93,893
818,6,6,598,598,0,3,3,425,425,0,0.00030634126416828345,0.00030634126416828345,661,661,0,-1,5,5,2,6,920,613,821
819,0,206,1,946,945,0,49,1,489,488,0.0,0.0004084550188910446,1,675,674,3,-1,4,15,0,107,201,103
820,61,162,865,958,93,34,34,802,802,0,0.0016338200755641784,0.0016338200755641784,865,865,0,6,3,3,4,13,593,335,563
821,0,206,1,951,950,0,33,1,441,440,0.0,0.0007147962830593281,1,747,746,3,-1,4,13,0,90,643,375
822,31,237,775,977,202,30,34,778,816,38,0.0007147962830593281,0.00176997174852786,751,862,111,3,3,3,4,5,550,216,96
823,6,212,382,949,567,26,40,397,478,81,3.4037918240920386e-05,0.0006126825283365669,402,739,337,3,4,4,12,1,239,743,461
824,0,0,1,1,0,0,0,1,1,0,0.0,0.0,1,1,0,-1,-1,-1,3,0,756,632,693
825,0,206,1,973,972,0,26,1,659,658,0.0,0.0028932230504782326,1,918,917,3,-1,4,5,0,647,993,75
826,35,137,804,948,144,22,22,746,746,0,0.0004765308553728854,0.0005446066918547262,711,729,18,4,3,3,2,11,971,162,501
827,42,42,785,785,0,46,46,725,725,0,0.0013955546478777359,0.0013955546478777359,845,845,0,-1,3,3,6,6,255,397,803
828,74,280,942,994,52,12,12,763,763,0,0.003437829742332959,0.003880322679464924,940,948,8,3,4,4,2,31,865,76,904
829,0,0,1,1,0,0,0,1,1,0,0.0,0.0,1,1,0,-1,-1,-1,7,0,209,959,359
830,105,105,879,879,0,112,112,826,826,0,0.0013955546478777359,0.0013955546478777359,837,837,0,-1,3,3,12,15,96,206,768
831,0,616,1,989,988,0,108,1,707,706,0.0,0.0016678579938050988,1,862,861,2,-1,3,16,0,26,698,58
832,47,663,796,995,199,64,74,882,917,35,0.002280540522141666,0.005854521937438306,899,963,64,2,2,2,5,3,496,438,57
833,8,1648,523,1000,477,16,58,511,928,417,0.0002382654276864427,0.026855917492086184,586,996,410,1,4,2,4,2,832,700,133
834,0,102,1,970,969,0,4,1,470,469,0.0,0.0011913271384322134,1,838,837,4,-1,5,2,0,898,372,100
835,0,101,1,891,890,0,10,1,332,331,0.0,0.0,1,1,0,5,-1,6,10,0,527,254,618
836,14,14,661,661,0,20,20,671,671,0,0.0007488342013002485,0.0007488342013002485,770,770,0,-1,4,4,4,4,789,407,806
837,9,111,597,948,351,4,4,436,436,0,0.00010211375472276115,0.00034037918240920387,487,649,162,4,5,5,2,9,929,317,667
838,0,0,1,1,0,0,0,1,1,0,0.0,0.0,1,1,0,-1,-1,-1,15,0,77,728,478
839,0,0,1,1,0,0,0,1,1,0,0.0,0.0,1,1,0,-1,-1,-1,5,0,605,400,911
840,2,104,360,893,533,15,16,387,398,11,0.0,0.00013615167296368154,1,509,508,4,5,5,9,1,394,623,368
841,32,648,713,992,279,56,66,652,714,62,0.000442492937131965,0.0024166921951053475,684,899,215,2,3,3,9,7,274,170,78
842,6,108,478,950,472,7,8,498,518,20,3.4037918240920386e-05,0.00010211375472276115,395,494,99,4,4,4,2,2,979,374,285
843,180,282,927,964,37,154,154,851,851,0,0.0014636304843595766,0.001497668402600497,848,849,1,4,3,3,14,19,203,59,597
844,0,101,1,945,944,0,2,1,331,330,0.0,0.00010211375472276115,1,495,494,5,-1,6,2,3,928,478,93
845,0,0,1,1,0,0,0,1,1,0,0.0,0.0,1,1,0,-1,-1,-1,16,0,53,725,489
846,6,6,417,417,0,30,30,528,528,0,0.0,0.0,1,1,0,-1,4,4,7,1,216,531,565
847,0,101,1,871,870,0,21,1,332,331,0.0,0.0,1,1,0,7,-1,8,21,0,3,909,448
848,0,206,1,962,961,0,17,1,462,461,0.0,0.000442492937131965,1,692,691,3,-1,4,7,0,698,950,340
849,0,102,1,876,875,0,23,1,387,386,0.0,0.0004765308553728854,1,686,685,4,-1,5,14,0,154,961,303
850,0,102,1,943,942,0,4,1,382,381,0.0,0.00030634126416828345,1,635,634,4,-1,5,3,0,840,564,101
851,3,209,428,971,543,4,8,383,463,80,6.807583648184077e-05,0.00034037918240920387,449,650,201,3,5,4,2,2,909,680,317
852,0,101,1,873,872,0,13,1,332,331,0.0,0.0,1,1,0,5,-1,6,13,0,120,800,364
853,0,101,1,888,887,0,5,1,332,331,0.0,0.0,1,1,0,6,-1,7,5,0,719,695,765
854,0,206,1,965,964,0,26,1,523,522,0.0,0.0004084550188910446,1,675,674,3,-1,4,7,0,141,866,107
855,16,16,579,579,0,56,56,759,759,0,0.00013615167296368154,0.00013615167296368154,521,521,0,-1,3,3,6,3,378,260,957
856,10,626,552,998,446,26,40,633,776,143,0.00010211375472276115,0.00622893903808843,483,968,485,2,4,3,5,4,487,230,24
857,2,104,364,936,572,6,6,418,418,0,0.0002723033459273631,0.0004765308553728854,616,704,88,4,5,5,3,2,748,785,362
858,100,100,860,860,0,100,100,726,726,0,0.016712617856291908,0.016712617856291908,993,993,0,-1,1,1,14,50,108,33,967
859,92,92,891,891,0,54,54,848,848,0,0.0020763130126961434,0.0020763130126961434,890,890,0,-1,3,3,4,19,410,297,431
860,178,178,952,952,0,86,86,925,925,0,0.0037441710065012424,0.0037441710065012424,941,941,0,-1,3,3,6,30,536,39,867
861,6,6,411,411,0,20,20,447,447,0,3.4037918240920386e-05,3.4037918240920386e-05,401,401,0,-1,4,4,8,1,223,481,976
862,8,109,458,868,410,45,45,410,410,0,0.00013615167296368154,0.00013615167296368154,494,494,0,7,4,4,21,2,13,364,626
863,0,206,1,965,964,0,14,1,441,440,0.0,0.0005446066918547262,1,716,715,3,-1,4,6,0,582,801,467
864,0,0,1,1,0,0,0,1,1,0,0.0,0.0,1,1,0,-1,-1,-1,4,0,559,907,854
865,6,108,457,924,467,12,12,549,549,0,3.4037918240920386e-05,0.00010211375472276115,401,490,89,4,4,4,2,1,909,659,873
866,7,108,601,966,365,8,8,596,596,0,0.0002723033459273631,0.00030634126416828345,628,653,25,5,4,4,2,2,749,408,325
867,68,68,855,855,0,64,64,831,831,0,0.0011232513019503727,0.0011232513019503727,810,810,0,-1,3,3,8,12,442,155,787
868,0,206,1,970,969,0,20,1,600,599,0.0,0.0019061234214915416,1,887,886,3,-1,4,4,0,741,715,13
869,22,123,655,913,258,66,66,755,755,0,0.0002382654276864427,0.0002382654276864427,588,588,0,5,3,3,9,3,250,541,924
870,100,100,862,862,0,100,100,688,688,0,0.010245413390517035,0.011675005956635693,977,985,8,2,1,1,16,6,78,461,497
871,0,102,1,953,952,0,5,1,443,442,0.0,0.0005105687736138058,1,723,722,4,-1,5,3,0,918,757,207
872,118,220,911,959,48,94,94,837,837,0,0.0016338200755641784,0.001940161339732462,864,877,13,4,3,3,9,18,245,64,229
873,911,911,998,998,0,328,328,1000,1000,0,0.017189148711664794,0.017189148711664794,996,996,0,-1,2,2,13,98,185,23,735
874,0,206,1,969,968,0,30,1,667,666,0.0,0.003812246842983083,1,935,934,3,-1,4,5,0,528,997,21
875,10,10,571,571,0,8,8,473,473,0,0.0002382654276864427,0.0002382654276864427,599,599,0,-1,4,4,2,4,990,617,324
876,0,0,1,1,0,0,0,1,1,0,0.0,0.0,1,1,0,-1,-1,-1,4,0,553,808,866
877,30,236,654,949,295,70,78,504,522,18,0.00013615167296368154,0.00030634126416828345,516,627,111,3,3,3,20,4,88,208,532
878,18,120,743,967,224,8,8,552,552,0,0.0004084550188910446,0.0007488342013002485,691,779,88,4,4,4,2,5,889,182,121
879,14,220,570,966,396,44,44,631,631,0,0.0002042275094455223,0.001157289220191293,569,824,255,3,4,4,8,4,646,545,139
880,2,104,377,945,568,4,4,407,407,0,3.4037918240920386e-05,0.0008509479560230097,399,798,399,4,5,5,2,2,713,842,54
881,0,206,1,941,940,0,61,1,481,480,0.0,0.0005105687736138058,1,697,696,3,-1,4,19,0,46,887,249
882,16,16,568,568,0,54,54,671,671,0,0.00010211375472276115,0.00010211375472276115,469,469,0,-1,3,3,8,1,244,609,707
883,534,636,998,998,0,78,78,986,986,0,0.01664454201981007,0.01678069369277375,994,994,0,4,2,2,4,127,696,11,528
884,1,207,333,974,641,3,14,333,563,230,0.0,0.0019061234214915416,1,890,889,3,6,4,3,1,627,765,135
885,82,184,890,962,72,76,76,922,922,0,0.002144388849177984,0.002280540522141666,885,891,6,4,3,3,6,17,399,269,316
886,6,108,418,901,483,32,32,544,544,0,6.807583648184077e-05,0.00010211375472276115,450,488,38,4,4,4,8,2,257,652,567
887,70,70,828,828,0,114,114,785,785,0,0.0020082371762143027,0.0020082371762143027,878,878,0,-1,3,3,14,14,172,68,796
888,0,101,1,920,919,0,3,1,331,330,0.0,3.4037918240920386e-05,1,399,398,5,-1,6,3,3,585,882,152
889,0,206,1,970,969,0,12,1,452,451,0.0,0.0008169100377820892,1,786,785,3,-1,4,4,0,759,664,67
890,0,0,1,1,0,0,0,1,1,0,0.0,0.0,1,1,0,-1,-1,-1,3,0,829,927,991
891,0,102,1,899,898,0,8,1,370,369,0.0,0.00017018959120460194,1,551,550,4,-1,5,6,0,255,426,365
892,0,0,1,1,0,0,0,1,1,0,0.0,0.0,1,1,0,-1,-1,-1,12,0,96,489,963
893,0,0,1,1,0,0,0,1,1,0,0.0,0.0,1,1,0,-1,-1,-1,5,0,311,916,927
894,35,241,828,982,154,8,8,502,502,0,0.0009870996289866913,0.0019741992579733825,812,885,73,3,4,4,2,14,739,175,144
895,0,206,1,935,934,0,50,1,437,436,0.0,0.00017018959120460194,1,550,549,3,-1,4,19,3,31,753,173
896,0,102,1,882,881,0,19,1,377,376,0.0,0.0002042275094455223,1,553,552,4,-1,5,12,0,194,358,795
897,24,230,686,964,278,62,62,777,777,0,0.00088498587426393,0.0019061234214915416,789,878,89,3,3,3,7,4,466,288,96
898,0,0,1,1,0,0,0,1,1,0,0.0,0.0,1,1,0,-1,-1,-1,3,0,888,974,881
899,103,103,947,947,0,28,28,833,833,0,0.0028591851322373124,0.0028591851322373124,922,922,0,-1,3,3,3,30,600,39,930
900,10,216,597,978,381,8,8,491,491,0,0.0002042275094455223,0.0010892133837094523,566,830,264,3,4,4,2,3,970,677,642
901,0,0,1,1,0,0,0,1,1,0,0.0,0.0,1,1,0,-1,-1,-1,4,0,313,571,900
902,185,287,987,996,9,32,32,966,966,0,0.009326389598012186,0.010619830491167161,983,983,0,4,3,3,2,62,941,70,43
903,0,102,1,931,930,0,4,1,392,391,0.0,0.0005446066918547262,1,725,724,4,-1,5,2,0,763,977,209
904,62,163,865,961,96,58,58,948,948,0,0.002212464685659825,0.002212464685659825,891,891,0,5,2,2,4,5,550,393,410
905,0,0,1,1,0,0,0,1,1,0,0.0,0.0,1,1,0,-1,-1,-1,4,0,675,833,954
906,1,103,333,895,562,8,12,333,379,46,0.0,0.00017018959120460194,1,539,538,4,6,5,8,1,541,540,441
907,0,206,1,979,978,0,10,1,546,545,0.0,0.0027911092957554717,1,916,915,3,-1,4,3,0,867,816,34
908,6,6,427,427,0,16,16,435,435,0,0.0,0.0,1,1,0,-1,4,4,7,2,413,518,657
909,57,57,876,876,0,28,28,791,791,0,0.0014636304843595766,0.0014636304843595766,869,869,0,-1,3,3,3,17,958,269,757
910,1,1,331,331,0,3,3,331,331,0,0.0,0.0,1,1,0,-1,6,6,3,2,796,357,742
911,0,0,1,1,0,0,0,1,1,0,0.0,0.0,1,1,0,-1,-1,-1,2,0,859,984,872
912,16,118,553,905,352,46,46,559,559,0,6.807583648184077e-05,0.00017018959120460194,439,532,93,4,3,3,10,2,105,492,420
913,21,637,667,997,330,16,34,499,703,204,0.0002723033459273631,0.003267640151128357,614,932,318,2,4,3,4,7,500,188,8
914,24,230,741,978,237,22,22,780,780,0,0.0008509479560230097,0.0018040096667687805,795,876,81,3,3,3,2,3,429,642,315
915,135,236,946,977,31,80,80,957,957,0,0.006569318220497634,0.006603356138738555,968,968,0,5,2,2,6,28,594,98,555
916,0,102,1,939,938,0,4,1,404,403,0.0,0.0009530617107457708,1,815,814,4,-1,5,2,0,976,744,78
917,0,102,1,889,888,0,12,1,387,386,0.0,6.807583648184077e-05,1,445,444,4,-1,5,8,0,236,725,532
918,427,633,990,997,7,72,72,957,957,0,0.008509479560230097,0.009156200006807584,981,982,1,3,2,2,3,81,634,32,184
919,4,210,434,973,539,6,10,398,459,61,0.00010211375472276115,0.0006467204465774873,488,751,263,3,5,4,3,2,834,383,175
920,2,2,348,348,0,14,14,378,378,0,3.4037918240920386e-05,3.4037918240920386e-05,402,402,0,-1,5,5,9,2,140,495,620
921,131,233,924,964,40,96,96,912,912,0,0.0028591851322373124,0.0028591851322373124,919,919,0,4,2,2,7,23,417,106,555
922,0,0,1,1,0,0,0,1,1,0,0.0,0.0,1,1,0,-1,-1,-1,8,2,508,633,927
923,8,109,567,944,377,10,10,504,504,0,0.0,6.807583648184077e-05,1,443,442,5,4,4,3,3,590,434,279
924,10,112,585,942,357,12,12,594,594,0,0.0007828721195411688,0.0009870996289866913,772,807,35,4,4,4,2,3,966,103,704
925,14,220,623,972,349,18,18,543,543,0,0.00017018959120460194,0.0002723033459273631,553,621,68,3,4,4,5,3,456,93,720
926,1,207,333,944,611,14,30,333,416,83,3.4037918240920386e-05,0.00017018959120460194,395,534,139,3,6,4,14,1,108,621,199
927,14,630,543,993,450,56,70,640,710,70,0.00037441710065012424,0.0017018959120460194,648,866,218,2,4,3,10,4,254,501,103
928,2,104,357,893,536,10,10,384,384,0,3.4037918240920386e-05,0.0002723033459273631,406,610,204,4,5,5,6,2,560,518,427
929,0,206,1,974,973,0,10,1,505,504,0.0,0.0005105687736138058,1,713,712,3,-1,4,3,0,748,433,390
930,295,295,966,966,0,286,286,947,947,0,0.003812246842983083,0.003812246842983083,938,938,0,-1,3,3,21,35,25,57,966
931,0,206,1,964,963,0,15,1,399,398,0.0,6.807583648184077e-05,1,463,462,3,-1,4,8,0,499,991,334
932,0,0,1,1,0,0,0,1,1,0,0.0,0.0,1,1,0,-1,-1,-1,8,0,380,856,787
933,3,209,423,973,550,6,12,380,482,102,0.0,0.0005786446100956465,1,727,726,3,5,4,4,2,513,364,440
934,6,108,427,918,491,12,12,543,543,0,0.00010211375472276115,0.00017018959120460194,497,555,58,4,4,4,2,3,769,260,452
935,1,103,332,939,607,3,5,332,404,72,0.0,0.00010211375472276115,1,501,500,4,7,5,3,1,845,469,556
936,204,410,968,986,18,78,78,967,967,0,0.005956635692161067,0.006433166547533953,968,968,0,3,2,2,4,31,572,76,46
937,2,2,375,375,0,6,6,453,453,0,6.807583648184077e-05,6.807583648184077e-05,443,443,0,-1,5,5,3,2,953,575,868
938,65,166,884,966,82,12,12,600,600,0,0.001055175465468532,0.001055175465468532,831,831,0,5,4,4,2,23,925,106,593
939,0,0,1,1,0,0,0,1,1,0,0.0,0.0,1,1,0,-1,-1,-1,10,1,298,693,929
940,40,656,784,995,211,38,60,724,850,126,0.0006807583648184077,0.004833384390210695,752,956,204,2,3,3,5,4,793,380,142
941,15,117,672,945,273,14,14,571,571,0,0.0004084550188910446,0.0005786446100956465,679,734,55,4,4,4,3,4,615,557,759
942,0,102,1,906,905,0,10,1,405,404,0.0,0.0005446066918547262,1,721,720,4,-1,5,5,0,392,729,170
943,24,24,674,674,0,42,42,628,628,0,0.0004765308553728854,0.0004765308553728854,692,692,0,-1,3,3,8,4,302,617,731
944,0,102,1,938,937,0,4,1,395,394,0.0,0.00030634126416828345,1,631,630,4,-1,5,2,0,596,786,399
945,27,129,727,931,204,30,30,702,702,0,0.0005105687736138058,0.0005446066918547262,706,715,9,4,3,3,4,5,717,362,761
946,14,116,567,912,345,30,30,540,540,0,0.0002723033459273631,0.0002723033459273631,605,605,0,4,4,4,7,3,265,93,419
947,4,106,500,963,463,6,6,475,475,0,0.00017018959120460194,0.0009190237925048504,548,808,260,4,5,5,3,3,730,300,414
948,9,110,623,960,337,8,8,564,564,0,0.0002042275094455223,0.0002042275094455223,584,584,0,5,4,4,2,3,890,307,690
949,70,276,835,972,137,90,90,765,765,0,0.0007147962830593281,0.0013274788113958951,753,835,82,3,3,3,10,11,114,162,226
950,30,30,776,776,0,22,22,605,605,0,0.0006807583648184077,0.0006807583648184077,748,748,0,-1,4,4,5,8,580,284,894
951,0,102,1,865,864,0,32,1,376,375,0.0,0.00010211375472276115,1,469,468,4,-1,5,20,1,5,693,310
952,52,258,817,970,153,76,76,869,869,0,0.0019741992579733825,0.002212464685659825,880,895,15,3,2,2,7,3,450,642,465
953,350,350,979,979,0,158,158,977,977,0,0.006126825283365669,0.006126825283365669,964,964,0,-1,2,2,9,57,319,50,542
954,114,216,910,965,55,76,76,875,875,0,0.001599782157323258,0.00176997174852786,857,871,14,4,3,3,6,15,432,53,371
955,0,616,1,991,990,0,64,1,700,699,0.0,0.0019061234214915416,1,885,884,2,-1,3,9,0,136,979,15
956,21,21,760,760,0,38,38,895,895,0,0.0012253650566731338,0.0012253650566731338,842,842,0,-1,3,3,3,5,835,355,754
957,7,7,568,568,0,10,10,555,555,0,0.00017018959120460194,0.00017018959120460194,565,565,0,-1,4,4,3,4,911,305,960
958,100,201,895,965,70,44,44,799,799,0,0.002212464685659825,0.002280540522141666,889,892,3,5,3,3,4,17,448,60,964
959,322,938,975,999,24,220,230,933,947,14,0.004731270635487933,0.0061949011198475104,948,961,13,2,2,2,16,38,53,111,68
960,0,102,1,937,936,0,4,1,367,366,0.0,0.00010211375472276115,1,485,484,4,-1,5,3,0,756,522,350
961,0,0,1,1,0,0,0,1,1,0,0.0,0.0,1,1,0,-1,-1,-1,9,0,277,358,989
962,0,206,1,976,975,0,18,1,657,656,0.0,0.0028932230504782326,1,930,929,3,-1,4,3,0,756,927,56
963,7,7,578,578,0,18,18,775,775,0,6.807583648184077e-05,6.807583648184077e-05,455,455,0,-1,4,4,3,3,875,541,845
964,76,282,885,980,95,60,60,913,913,0,0.0018040096667687805,0.002280540522141666,877,896,19,3,3,3,5,15,570,53,294
965,0,102,1,929,928,0,4,1,412,411,0.0,0.0004765308553728854,1,710,709,4,-1,5,2,0,880,955,414
966,14,14,611,611,0,24,24,658,658,0,0.0002382654276864427,0.0002382654276864427,599,599,0,-1,4,4,4,3,969,318,774
967,28,28,760,760,0,32,32,663,663,0,0.0007147962830593281,0.0007147962830593281,759,759,0,-1,4,4,6,13,399,340,876
968,20,122,720,947,227,28,28,829,829,0,0.0008169100377820892,0.001055175465468532,784,817,33,4,3,3,3,3,433,103,291
969,154,256,907,953,46,262,262,897,897,0,0.0026549576227917903,0.0026889955410327104,907,907,0,4,2,2,23,15,57,153,606
970,100,100,926,926,0,100,100,992,992,0,0.03087239184451479,0.03158718812757412,997,999,2,4,1,1,5,5,695,401,294
971,0,206,1,940,939,0,56,1,489,488,0.0,0.0007488342013002485,1,759,758,3,-1,4,16,1,27,792,234
972,0,0,1,1,0,0,0,1,1,0,0.0,0.0,1,1,0,-1,-1,-1,8,0,197,918,851
973,0,206,1,972,971,0,15,1,551,550,0.0,0.0010892133837094523,1,823,822,3,-1,4,4,0,543,888,242
974,6,108,464,932,468,10,10,484,484,0,0.00010211375472276115,0.0002042275094455223,485,577,92,4,4,4,3,1,831,152,697
975,0,206,1,958,957,0,14,1,432,431,0.0,0.00013615167296368154,1,515,514,3,-1,4,6,0,536,367,86
976,6,106,476,950,474,4,4,439,439,0,6.807583648184077e-05,0.000442492937131965,455,706,251,4,5,5,2,4,988,156,306
977,100,306,885,977,92,132,132,960,960,0,0.0027911092957554717,0.002927260968719153,921,924,3,3,2,2,8,6,260,397,510
978,0,101,1,913,912,0,5,1,332,331,0.0,0.0,1,1,0,5,-1,6,5,1,476,693,603
979,8,110,546,940,394,18,18,708,708,0,0.00013615167296368154,0.0006807583648184077,520,768,248,4,4,4,3,4,826,149,250
980,22,123,721,941,220,20,20,618,618,0,0.0005446066918547262,0.0005446066918547262,726,726,0,5,4,4,4,9,617,240,411
981,42,658,769,992,223,92,102,803,854,51,0.0015317063208414173,0.003199564314646516,858,927,69,2,3,3,11,6,174,397,130
982,0,0,1,1,0,0,0,1,1,0,0.0,0.0,1,1,0,-1,-1,-1,8,0,431,914,800
983,0,206,1,964,963,0,14,1,452,451,0.0,0.00037441710065012424,1,654,653,3,-1,4,5,0,390,750,343
984,600,600,985,985,0,428,428,985,985,0,0.009632730862180468,0.009632730862180468,980,980,0,-1,2,2,22,54,22,19,657
985,0,0,1,1,0,0,0,1,1,0,0.0,0.0,1,1,0,-1,-1,-1,4,0,753,902,793
986,22,124,698,939,241,24,24,626,626,0,0.0007488342013002485,0.0010892133837094523,777,818,41,4,4,4,4,6,445,192,303
987,22,123,650,908,258,86,86,818,818,0,0.0010211375472276116,0.0010211375472276116,806,806,0,5,3,3,10,5,427,535,717
988,0,616,1,991,990,0,46,1,587,586,0.0,0.0011913271384322134,1,822,821,2,-1,3,10,0,409,994,179
989,6,622,425,995,570,34,48,530,643,113,0.0002042275094455223,0.0013955546478777359,569,841,272,2,4,3,9,2,119,652,485
990,0,102,1,947,946,0,3,1,375,374,0.0,0.00010211375472276115,1,483,482,4,-1,5,2,0,999,657,408
991,286,388,983,991,8,84,84,980,980,0,0.009734844616903231,0.00976888253514415,982,982,0,4,2,2,5,54,695,19,690
992,0,102,1,962,961,0,3,1,394,393,0.0,0.00034037918240920387,1,665,664,4,-1,5,2,0,981,768,270
993,145,761,958,1000,42,38,48,881,936,55,0.0045270431260424114,0.006262976956329351,953,968,15,2,3,3,3,29,579,17,412
994,0,101,1,901,900,0,8,1,331,330,0.0,0.00010211375472276115,1,479,478,5,-1,6,8,0,137,871,879
995,0,616,1,988,987,0,100,1,702,701,0.0,0.00442492937131965,1,950,949,2,-1,3,15,0,102,998,16
996,8,214,538,972,434,14,18,498,541,43,0.00010211375472276115,0.0009190237925048504,491,795,304,3,4,4,5,2,612,584,438
997,2,2,368,368,0,4,4,419,419,0,3.4037918240920386e-05,3.4037918240920386e-05,404,404,0,-1,5,5,2,2,980,719,426
998,2,104,373,948,575,6,6,442,442,0,6.807583648184077e-05,0.00010211375472276115,452,487,35,4,5,5,3,2,600,544,202
999,0,616,1,992,991,0,82,1,592,591,0.0,0.0014295925661186562,1,842,841,2,-1,3,16,0,53,564,87
