,FreeNet_pre_score,FreeNet_post_score,FreeNet_pre_rank,FreeNet_post_rank,FreeNet_delta_ranks,Reversed_pre_score,Reversed_post_score,Reversed_pre_rank,Reversed_post_rank,Reversed_delta_ranks,Random_pre_score,Random_post_score,Random_pre_rank,Random_post_rank,Random_delta_ranks,dist_victim_relayer,dist_victim_vilain_pre,dist_victim_vilain_post,out_deg_victim,in_deg_villain,victim,villain,relayer
0,0,206,1,944,943,0,42,1,401,400,0.0,0.00030634126416828345,1,609,608,3,-1,4,21,0,13,455,176
1,8,110,540,934,394,14,14,563,563,0,0.00013615167296368154,0.0002042275094455223,509,562,53,4,4,4,3,2,829,628,681
2,0,616,1,998,997,0,34,1,803,802,0.0,0.012287688484972258,1,988,987,2,-1,3,4,0,597,672,3
3,3,105,448,944,496,5,5,413,413,0,0.00013615167296368154,0.00037441710065012424,517,677,160,4,5,5,3,2,797,599,670
4,0,206,1,958,957,0,19,1,424,423,0.0,6.807583648184077e-05,1,449,448,3,-1,4,9,0,168,999,202
5,2,208,348,939,591,21,82,366,605,239,3.4037918240920386e-05,0.0032336022328874367,395,926,531,3,5,4,17,1,80,687,142
6,100,100,926,926,0,100,100,992,992,0,0.03090642976275571,0.03097450559923755,998,998,0,4,1,1,5,3,695,525,300
7,0,616,1,997,996,0,22,1,641,640,0.0,0.0018040096667687805,1,874,873,2,-1,3,4,0,736,897,136
8,0,102,1,938,937,0,4,1,395,394,0.0,0.0002042275094455223,1,579,578,4,-1,5,2,0,596,848,317
9,73,175,893,970,77,38,38,895,895,0,0.002280540522141666,0.0026209197045508697,905,921,16,4,3,3,3,15,901,158,99
10,33,649,718,993,275,78,92,730,795,65,0.0005446066918547262,0.0027911092957554717,721,907,186,2,3,3,11,3,229,291,74
11,768,968,996,997,1,292,292,994,994,0,0.014602266925354846,0.015657442390823378,993,995,2,3,2,2,15,96,110,1,89
12,0,206,1,945,944,0,22,1,375,374,0.0,0.00010211375472276115,1,482,481,3,-1,4,14,0,122,812,319
13,0,206,1,947,946,0,21,1,380,379,0.0,0.0,1,1,0,3,-1,4,15,0,95,511,639
14,38,38,848,848,0,22,22,862,862,0,0.001940161339732462,0.001940161339732462,892,892,0,-1,3,3,2,12,967,67,699
15,2,2,370,370,0,3,3,373,373,0,3.4037918240920386e-05,3.4037918240920386e-05,396,396,0,-1,5,5,2,1,618,577,961
16,18,18,654,654,0,23,23,596,596,0,0.0008169100377820892,0.0008169100377820892,786,786,0,-1,3,3,5,2,773,383,750
17,22,22,719,719,0,12,12,582,582,0,0.0008169100377820892,0.0008169100377820892,788,788,0,-1,4,4,2,9,643,154,824
18,0,102,1,933,932,0,6,1,421,420,0.0,0.0009870996289866913,1,813,812,4,-1,5,3,1,640,835,269
19,6,212,390,954,564,22,35,396,473,77,0.0,0.0004765308553728854,1,690,689,3,4,4,12,3,212,578,329
20,30,236,744,970,226,46,46,745,745,0,0.0008169100377820892,0.002110350930937064,786,892,106,3,3,3,6,4,489,470,49
21,0,101,1,934,933,0,2,1,331,330,0.0,0.0,1,1,0,5,-1,6,2,1,954,693,603
22,66,168,830,938,108,80,80,789,789,0,0.0009530617107457708,0.001599782157323258,789,860,71,4,3,3,9,10,316,195,289
23,1,207,332,983,651,2,12,332,685,353,0.0,0.004493005207801491,1,950,949,3,9,4,2,2,991,448,70
24,6,212,428,962,534,16,32,447,613,166,6.807583648184077e-05,0.0011913271384322134,453,825,372,3,4,4,6,1,352,964,43
25,46,148,828,956,128,50,50,912,912,0,0.0025188059498281084,0.002723033459273631,916,926,10,4,2,2,4,3,735,795,494
26,0,206,1,959,958,0,17,1,424,423,0.0,0.0002042275094455223,1,563,562,3,-1,4,7,0,246,777,223
27,0,0,1,1,0,0,0,1,1,0,0.0,0.0,1,1,0,-1,-1,-1,10,0,205,816,867
28,0,616,1,990,989,0,40,1,572,571,0.0,0.0013955546478777359,1,840,839,2,-1,3,9,1,316,742,64
29,24,230,762,980,218,8,12,499,650,151,0.0004084550188910446,0.002484768031587188,691,914,223,3,4,4,2,10,881,272,127
30,58,159,861,960,99,50,50,909,909,0,0.002280540522141666,0.002280540522141666,891,891,0,6,2,2,4,6,891,447,861
31,0,206,1,951,950,0,21,1,419,418,0.0,0.00013615167296368154,1,515,514,3,-1,4,9,1,159,814,149
32,0,206,1,949,948,0,35,1,427,426,0.0,0.0002723033459273631,1,600,599,3,-1,4,15,0,81,977,217
33,20,20,653,653,0,42,42,692,692,0,0.000442492937131965,0.000442492937131965,685,685,0,-1,4,4,7,5,362,252,600
34,1,1,333,333,0,2,2,333,333,0,0.0,0.0,1,1,0,-1,7,7,2,3,805,708,913
35,24,24,679,679,0,38,38,602,602,0,0.00030634126416828345,0.00030634126416828345,628,628,0,-1,3,3,8,3,282,653,920
36,0,616,1,991,990,0,84,1,618,617,0.0,0.001599782157323258,1,858,857,2,-1,3,15,0,107,455,73
37,18,18,682,682,0,36,36,789,789,0,0.00037441710065012424,0.00037441710065012424,664,664,0,-1,3,3,5,3,663,263,712
38,1,1,333,333,0,9,9,333,333,0,0.0,0.0,1,1,0,-1,7,7,9,1,168,469,836
39,395,601,987,994,7,104,104,971,971,0,0.009122162088566664,0.010449640899962559,983,985,2,3,2,2,5,59,347,6,141
40,202,408,966,988,22,90,90,947,947,0,0.0046972327172470135,0.006058749446883829,951,966,15,3,2,2,6,30,518,75,85
41,98,200,866,947,81,122,122,838,838,0,0.0019061234214915416,0.0020082371762143027,877,885,8,4,3,3,12,11,116,166,785
42,20,226,680,968,288,26,26,611,611,0,0.0005786446100956465,0.0007488342013002485,728,776,48,3,4,4,5,4,467,470,465
43,36,242,755,968,213,54,58,740,768,28,0.0009870996289866913,0.0014636304843595766,799,850,51,3,3,3,8,6,521,289,323
44,100,100,873,873,0,100,100,811,811,0,0.016236087000919025,0.017018959120460194,990,993,3,2,1,1,11,9,230,130,90
45,51,51,880,880,0,12,12,666,666,0,0.0026889955410327104,0.0026889955410327104,923,923,0,-1,4,4,2,15,548,36,751
46,0,0,1,1,0,0,0,1,1,0,0.0,0.0,1,1,0,-1,-1,-1,4,0,509,772,695
47,14,220,513,949,436,51,64,473,528,55,0.00013615167296368154,0.0006807583648184077,503,724,221,3,4,4,16,3,195,596,264
48,154,256,966,985,19,22,22,798,798,0,0.0038462847612240037,0.004731270635487933,943,956,13,4,3,3,2,32,881,26,438
49,28,644,686,994,308,50,64,595,704,109,0.00034037918240920387,0.0008169100377820892,627,781,154,2,3,3,10,4,259,622,634
50,2,104,359,926,567,5,8,360,413,53,0.0,0.0,1,1,0,4,5,5,4,1,652,640,505
51,0,102,1,917,916,0,6,1,361,360,0.0,6.807583648184077e-05,1,448,447,4,-1,5,5,0,616,723,594
52,10,112,506,892,386,31,31,473,473,0,0.00017018959120460194,0.0002723033459273631,541,608,67,4,4,4,10,3,135,534,631
53,0,102,1,938,937,0,3,1,376,375,0.0,6.807583648184077e-05,1,440,439,4,-1,5,2,0,906,488,512
54,38,140,671,903,232,174,174,814,814,0,0.0007488342013002485,0.0007828721195411688,735,748,13,4,3,3,19,4,83,407,421
55,130,130,949,949,0,44,44,916,916,0,0.002757071377514551,0.002757071377514551,929,929,0,-1,3,3,4,28,610,98,359
56,63,679,882,1000,118,24,28,785,846,61,0.0016338200755641784,0.00891793457912114,881,977,96,2,3,3,3,17,823,180,19
57,60,266,791,963,172,172,172,850,850,0,0.0015317063208414173,0.002314578440382586,852,901,49,3,3,3,17,5,73,403,226
58,0,206,1,979,978,0,8,1,512,511,0.0,0.002484768031587188,1,915,914,3,-1,4,2,0,874,847,126
59,52,52,841,841,0,50,50,853,853,0,0.0016338200755641784,0.0016338200755641784,857,857,0,-1,3,3,5,8,291,352,629
60,0,616,1,997,996,0,24,1,697,696,0.0,0.0037441710065012424,1,942,941,2,-1,3,3,0,778,992,50
61,0,206,1,974,973,0,12,1,484,483,0.0,0.0005446066918547262,1,720,719,3,-1,4,4,0,648,951,295
62,0,102,1,946,945,0,4,1,374,373,0.0,3.4037918240920386e-05,1,399,398,4,-1,5,3,0,600,324,958
63,0,206,1,982,981,0,12,1,661,660,0.0,0.0019061234214915416,1,885,884,3,-1,4,2,0,938,776,81
64,160,366,932,981,49,146,146,928,928,0,0.0027911092957554717,0.0033016780693692774,908,927,19,3,3,3,11,25,229,47,407
65,0,0,1,1,0,0,0,1,1,0,0.0,0.0,1,1,0,-1,-1,-1,4,0,659,986,928
66,76,282,847,969,122,120,124,892,905,13,0.0022465026039007454,0.002484768031587188,891,905,14,3,2,2,10,6,128,397,101
67,18,224,728,980,252,22,22,825,825,0,0.00088498587426393,0.0012934408931549745,799,848,49,3,3,3,2,4,817,440,241
68,45,45,824,824,0,40,40,790,790,0,0.0004765308553728854,0.0004765308553728854,701,701,0,-1,3,3,5,11,533,83,874
69,11,113,554,916,362,14,14,438,438,0,6.807583648184077e-05,0.00017018959120460194,449,543,94,4,4,4,6,4,518,444,527
70,0,206,1,940,939,0,42,1,437,436,0.0,0.00010211375472276115,1,469,468,3,-1,4,15,0,77,574,541
71,2,104,379,952,573,4,4,413,413,0,6.807583648184077e-05,0.0005446066918547262,456,741,285,4,5,5,2,1,681,935,461
72,16,16,615,615,0,24,24,623,623,0,3.4037918240920386e-05,3.4037918240920386e-05,407,407,0,-1,3,3,5,1,290,322,905
73,60,60,857,857,0,34,34,750,750,0,0.0013274788113958951,0.0013274788113958951,845,845,0,-1,3,3,4,12,815,99,905
74,1,207,333,940,607,35,40,333,359,26,0.0,0.00013615167296368154,1,516,515,3,6,4,35,1,20,703,931
75,1,102,332,958,626,2,2,332,332,0,3.4037918240920386e-05,0.00017018959120460194,407,553,146,5,6,6,2,3,751,755,536
76,18,18,597,597,0,64,64,603,603,0,0.00010211375472276115,0.00010211375472276115,482,482,0,-1,3,3,12,2,116,549,777
77,18,119,752,963,211,12,12,681,681,0,0.0007147962830593281,0.0007828721195411688,763,772,9,5,4,4,2,9,830,211,378
78,57,159,851,955,104,54,54,891,891,0,0.0016678579938050988,0.0018720855032506212,864,877,13,4,3,3,4,14,736,190,350
79,0,102,1,899,898,0,14,1,386,385,0.0,0.00010211375472276115,1,480,479,4,-1,5,8,1,199,874,667
80,24,24,648,648,0,46,46,569,569,0,0.0002042275094455223,0.0002042275094455223,566,566,0,-1,3,3,10,3,298,307,665
81,6,107,489,939,450,9,9,505,505,0,3.4037918240920386e-05,0.00010211375472276115,412,502,90,5,4,4,3,1,732,558,238
82,14,14,625,625,0,16,16,580,580,0,0.00017018959120460194,0.00017018959120460194,548,548,0,-1,4,4,4,5,507,688,769
83,29,131,686,907,221,60,60,589,589,0,0.0004084550188910446,0.000442492937131965,677,688,11,4,4,4,12,7,96,389,342
84,93,293,847,966,119,142,142,838,838,0,0.0012253650566731338,0.0013955546478777359,823,841,18,3,3,3,16,17,72,226,378
85,2,208,361,975,614,4,9,364,468,104,0.0,0.00010211375472276115,1,482,481,3,5,4,3,1,337,687,553
86,0,0,1,1,0,0,0,1,1,0,0.0,0.0,1,1,0,-1,-1,-1,3,0,796,875,798
87,1,102,331,927,596,5,5,331,331,0,0.0,3.4037918240920386e-05,1,408,407,5,6,6,5,2,574,739,265
88,16,222,545,951,406,74,74,726,726,0,0.0005446066918547262,0.001055175465468532,704,807,103,3,3,3,9,1,101,439,295
89,2,208,365,974,609,7,11,412,469,57,3.4037918240920386e-05,0.0005786446100956465,404,731,327,3,5,4,4,2,673,714,184
90,16,16,494,494,0,144,144,707,707,0,0.0002382654276864427,0.0002382654276864427,585,585,0,-1,3,3,23,1,30,474,955
91,12,218,547,964,417,35,39,563,601,38,0.00013615167296368154,0.001055175465468532,515,815,300,3,4,4,8,3,420,505,185
92,9,111,484,886,402,50,50,465,465,0,0.00010211375472276115,0.00013615167296368154,489,510,21,4,4,4,18,5,111,570,215
93,119,220,939,975,36,56,56,971,971,0,0.008543517478471017,0.008543517478471017,979,979,0,5,2,2,2,19,971,135,506
94,16,16,627,627,0,36,36,732,732,0,0.00017018959120460194,0.00017018959120460194,546,546,0,-1,3,3,5,2,691,493,675
95,6,108,449,930,481,20,20,608,608,0,0.00030634126416828345,0.0004084550188910446,624,669,45,4,4,4,4,1,458,556,280
96,60,162,863,958,95,60,60,895,895,0,0.0019741992579733825,0.0020422750944552232,886,887,1,4,2,2,5,6,517,516,862
97,0,102,1,973,972,0,3,1,413,412,0.0,0.0002382654276864427,1,604,603,4,-1,5,2,3,872,753,29
98,68,68,869,869,0,34,34,752,752,0,0.0012934408931549745,0.0012934408931549745,846,846,0,-1,3,3,4,18,512,148,955
99,163,163,950,950,0,66,66,865,865,0,0.0033357159876101976,0.0033357159876101976,930,930,0,-1,3,3,6,24,353,8,769
100,14,14,566,566,0,50,50,592,592,0,0.0002042275094455223,0.0002042275094455223,562,562,0,-1,4,4,11,3,176,369,930
101,6,6,397,397,0,21,21,407,407,0,0.00013615167296368154,0.00013615167296368154,510,510,0,-1,4,4,10,1,310,931,789
102,0,0,1,1,0,0,0,1,1,0,0.0,0.0,1,1,0,-1,-1,-1,9,1,178,841,997
103,153,153,938,938,0,92,92,900,900,0,0.002757071377514551,0.002757071377514551,912,912,0,-1,3,3,7,24,472,119,808
104,592,694,996,998,2,72,72,957,957,0,0.01242384015793594,0.012491915994417782,990,990,0,4,2,2,3,96,634,1,602
105,8,8,511,511,0,16,16,435,435,0,0.00010211375472276115,0.00010211375472276115,474,474,0,-1,4,4,7,2,196,298,539
106,0,206,1,967,966,0,18,1,524,523,0.0,0.0005446066918547262,1,718,717,3,-1,4,5,0,552,943,490
107,0,0,1,1,0,0,0,1,1,0,0.0,0.0,1,1,0,-1,-1,-1,7,1,447,705,981
108,0,616,1,995,994,0,39,1,574,573,0.0,0.0011232513019503727,1,823,822,2,-1,3,9,0,422,643,224
109,8,8,521,521,0,16,16,478,478,0,3.4037918240920386e-05,3.4037918240920386e-05,392,392,0,-1,4,4,6,2,575,584,999
110,10,10,612,612,0,24,24,757,757,0,0.0005446066918547262,0.0005446066918547262,716,716,0,-1,4,4,4,5,738,589,388
111,0,206,1,940,939,0,71,1,526,525,0.0,0.0002382654276864427,1,583,582,3,-1,4,19,0,148,912,107
112,34,240,777,976,199,24,24,606,606,0,0.0014636304843595766,0.0034037918240920387,855,941,86,3,4,4,4,8,870,352,123
113,19,121,676,929,253,20,20,579,579,0,0.0004765308553728854,0.0004765308553728854,709,709,0,4,4,4,4,6,512,459,593
114,12,12,550,550,0,28,28,563,563,0,0.0002723033459273631,0.0002723033459273631,603,603,0,-1,4,4,6,3,630,354,866
115,2,618,351,990,639,25,59,372,490,118,0.0,0.0007147962830593281,1,744,743,2,5,3,19,1,48,763,382
116,2,104,364,940,576,4,4,412,412,0,0.0,0.0004765308553728854,1,711,710,4,5,5,2,1,747,238,294
117,1,103,332,946,614,2,3,332,376,44,0.0,0.0002723033459273631,1,622,621,4,6,5,2,2,942,739,365
118,0,206,1,971,970,0,11,1,459,458,0.0,0.0002723033459273631,1,605,604,3,-1,4,4,0,520,965,727
119,0,0,1,1,0,0,0,1,1,0,0.0,0.0,1,1,0,-1,-1,-1,5,0,570,887,882
120,0,206,1,970,969,0,14,1,461,460,0.0,0.0002723033459273631,1,612,611,3,-1,4,5,0,561,898,178
121,12,113,563,916,353,38,38,630,630,0,0.0004084550188910446,0.000442492937131965,671,684,13,5,4,4,7,3,364,610,739
122,28,28,691,691,0,48,48,674,674,0,0.0005786446100956465,0.0005786446100956465,722,722,0,-1,3,3,7,3,436,519,684
123,0,0,1,1,0,0,0,1,1,0,0.0,0.0,1,1,0,-1,-1,-1,2,1,548,235,583
124,2,104,350,877,527,18,24,360,384,24,0.0,0.00010211375472276115,1,476,475,4,5,5,16,2,72,721,666
125,2,2,367,367,0,6,6,395,395,0,3.4037918240920386e-05,3.4037918240920386e-05,407,407,0,-1,5,5,4,1,553,807,635
126,18,119,829,985,156,8,8,753,753,0,0.0006467204465774873,0.0006807583648184077,768,773,5,6,4,4,2,13,955,340,694
127,610,610,995,995,0,136,136,987,987,0,0.01497668402600497,0.01497668402600497,987,987,0,-1,2,2,7,118,505,37,916
128,0,206,1,940,939,0,24,1,386,385,0.0,0.00017018959120460194,1,536,535,3,-1,4,14,0,203,868,724
129,17,119,598,900,302,118,118,821,821,0,0.0009870996289866913,0.0010892133837094523,785,803,18,4,3,3,13,3,129,299,196
130,6,6,433,433,0,26,26,522,522,0,0.00010211375472276115,0.00010211375472276115,474,474,0,-1,4,4,7,1,264,370,517
131,0,0,1,1,0,0,0,1,1,0,0.0,0.0,1,1,0,-1,-1,-1,3,0,674,998,747
132,0,206,1,962,961,0,20,1,463,462,0.0,0.0005105687736138058,1,711,710,3,-1,4,8,0,440,276,450
133,0,0,1,1,0,0,0,1,1,0,0.0,0.0,1,1,0,-1,-1,-1,13,0,129,816,423
134,23,125,693,929,236,46,46,770,770,0,0.0005105687736138058,0.0010211375472276116,711,812,101,4,3,3,6,5,267,589,591
135,0,102,1,882,881,0,21,1,381,380,0.0,0.0002042275094455223,1,555,554,4,-1,5,13,0,160,733,451
136,0,0,1,1,0,0,0,1,1,0,0.0,0.0,1,1,0,-1,-1,-1,4,1,550,747,814
137,16,16,519,519,0,84,84,588,588,0,0.0002382654276864427,0.0002382654276864427,584,584,0,-1,3,3,17,1,10,720,825
138,76,177,906,969,63,22,22,795,795,0,0.002144388849177984,0.002144388849177984,905,905,0,5,3,3,2,19,747,144,552
139,100,100,933,933,0,100,100,998,998,0,0.07668742979679363,0.07668742979679363,999,999,0,-1,1,1,2,2,283,805,783
140,0,0,1,1,0,0,0,1,1,0,0.0,0.0,1,1,0,-1,-1,-1,9,0,289,959,744
141,184,184,959,959,0,70,70,920,920,0,0.0051397256543789785,0.0051397256543789785,958,958,0,-1,3,3,5,31,528,34,894
142,8,624,516,996,480,22,32,564,716,152,0.0002382654276864427,0.003199564314646516,595,925,330,2,4,3,5,4,290,149,534
143,2,103,358,899,541,9,9,379,379,0,3.4037918240920386e-05,3.4037918240920386e-05,400,400,0,5,5,5,6,2,630,679,734
144,0,0,1,1,0,0,0,1,1,0,0.0,0.0,1,1,0,-1,-1,-1,9,0,276,644,629
145,20,121,690,935,245,16,16,539,539,0,0.0005105687736138058,0.0005105687736138058,711,711,0,5,4,4,4,7,513,115,577
146,0,616,1,994,993,0,28,1,507,506,0.0,0.001157289220191293,1,815,814,2,-1,3,9,0,319,702,132
147,0,0,1,1,0,0,0,1,1,0,0.0,0.0,1,1,0,-1,-1,-1,4,0,513,888,833
148,18,120,706,946,240,18,18,664,664,0,0.0002042275094455223,0.0002382654276864427,576,603,27,4,4,4,3,8,568,477,964
149,0,102,1,896,895,0,13,1,391,390,0.0,0.00030634126416828345,1,630,629,4,-1,5,8,0,508,979,229
150,46,148,836,954,118,44,44,937,937,0,0.005684332346233704,0.005922597773920147,962,965,3,4,2,2,3,4,829,210,795
151,0,616,1,991,990,0,74,1,655,654,0.0,0.002825147213996392,1,920,919,2,-1,3,12,0,143,909,25
152,0,101,1,929,928,0,3,1,332,331,0.0,3.4037918240920386e-05,1,392,391,5,-1,6,3,0,710,850,337
153,79,1719,864,1000,136,78,102,811,916,105,0.0020422750944552232,0.01579359406378706,878,989,111,1,3,2,8,17,199,213,56
154,0,206,1,977,976,0,8,1,496,495,0.0,0.0013955546478777359,1,854,853,3,-1,4,2,0,907,673,157
155,28,28,723,723,0,50,50,840,840,0,0.0006126825283365669,0.0006126825283365669,736,736,0,-1,3,3,5,3,406,351,875
156,0,206,1,952,951,0,25,1,446,445,0.0,0.0005105687736138058,1,691,690,3,-1,4,10,0,256,865,293
157,38,140,762,931,169,56,56,772,772,0,0.0006126825283365669,0.0007828721195411688,736,770,34,4,3,3,6,8,432,90,607
158,0,101,1,941,940,0,2,1,330,329,0.0,3.4037918240920386e-05,1,407,406,7,-1,8,2,0,817,950,605
159,56,157,867,965,98,28,28,798,798,0,0.0013615167296368155,0.0014636304843595766,858,865,7,5,3,3,3,15,861,219,416
160,87,189,929,974,45,24,24,798,798,0,0.0013274788113958951,0.001497668402600497,846,859,13,4,3,3,3,19,674,184,507
161,6,212,376,941,565,46,74,417,506,89,3.4037918240920386e-05,0.0010892133837094523,401,810,409,3,4,4,19,1,19,837,161
162,8,214,542,976,434,6,10,424,479,55,0.00017018959120460194,0.0002382654276864427,545,578,33,3,5,4,3,6,901,258,710
163,6,107,444,922,478,18,18,506,506,0,3.4037918240920386e-05,3.4037918240920386e-05,408,408,0,5,4,4,5,4,616,512,331
164,22,22,704,704,0,40,40,869,869,0,0.0005105687736138058,0.0005105687736138058,702,702,0,-1,3,3,4,2,659,453,942
165,12,12,506,506,0,58,58,614,614,0,6.807583648184077e-05,6.807583648184077e-05,445,445,0,-1,4,4,11,2,307,628,933
166,21,21,748,748,0,22,22,833,833,0,0.000442492937131965,0.000442492937131965,697,697,0,-1,3,3,2,5,929,454,966
167,93,195,938,977,39,38,38,914,914,0,0.002586881786309949,0.0030974505599237552,915,931,16,4,3,3,3,27,902,61,62
168,100,100,872,872,0,100,100,872,872,0,0.020865243881684196,0.0212056230640934,995,996,1,3,1,1,9,44,263,27,404
169,0,102,1,913,912,0,5,1,362,361,0.0,3.4037918240920386e-05,1,411,410,4,-1,5,4,0,520,977,385
170,6,212,434,970,536,18,22,556,605,49,0.00010211375472276115,0.0006126825283365669,485,743,258,3,4,4,5,1,476,797,267
171,25,25,768,768,0,24,24,777,777,0,0.0005446066918547262,0.0005446066918547262,723,723,0,-1,3,3,3,4,748,312,813
172,118,118,878,878,0,224,224,827,827,0,0.0010211375472276116,0.0010211375472276116,793,793,0,-1,3,3,23,14,15,139,955
173,6,6,498,498,0,8,8,536,536,0,0.00017018959120460194,0.00017018959120460194,558,558,0,-1,4,4,2,1,876,727,841
174,285,901,969,998,29,238,238,986,986,0,0.007216038667075122,0.007658531604207087,971,973,2,2,2,2,11,31,188,126,541
175,0,102,1,895,894,0,11,1,376,375,0.0,0.0002382654276864427,1,592,591,4,-1,5,8,0,488,757,247
176,12,12,600,600,0,11,11,473,473,0,0.00017018959120460194,0.00017018959120460194,555,555,0,-1,4,4,4,4,610,380,744
177,17,17,626,626,0,62,62,772,772,0,0.00037441710065012424,0.00037441710065012424,663,663,0,-1,3,3,7,3,118,541,735
178,2,2,368,368,0,3,3,369,369,0,0.0,0.0,1,1,0,-1,5,5,2,1,980,879,877
179,2,208,376,981,605,4,14,381,625,244,6.807583648184077e-05,0.0024507301133462676,456,912,456,3,5,4,3,2,718,313,94
180,3,105,433,930,497,7,7,405,405,0,0.00010211375472276115,0.0004765308553728854,500,696,196,4,5,5,4,3,423,631,275
181,0,0,1,1,0,0,0,1,1,0,0.0,0.0,1,1,0,-1,-1,-1,11,0,229,986,961
182,112,728,883,995,112,136,146,787,815,28,0.0015317063208414173,0.002382654276864427,850,901,51,2,3,3,16,22,195,116,630
183,0,0,1,1,0,0,0,1,1,0,0.0,0.0,1,1,0,-1,-1,-1,3,0,634,987,971
184,28,28,665,665,0,118,118,806,806,0,0.0007828721195411688,0.0007828721195411688,765,765,0,-1,3,3,13,3,90,280,991
185,4,620,438,998,560,9,28,431,732,301,6.807583648184077e-05,0.007454304094761564,460,971,511,2,5,3,5,2,744,680,142
186,0,0,1,1,0,0,0,1,1,0,0.0,0.0,1,1,0,-1,-1,-1,3,0,958,673,898
187,6,6,498,498,0,14,14,594,594,0,0.00030634126416828345,0.00030634126416828345,634,634,0,-1,4,4,3,1,708,404,330
188,18,119,670,936,266,44,44,856,856,0,0.0009190237925048504,0.0009190237925048504,793,793,0,5,3,3,4,3,735,525,663
189,7,108,512,917,405,30,30,657,657,0,0.0002042275094455223,0.0002042275094455223,568,568,0,5,4,4,5,4,467,305,878
190,0,0,1,1,0,0,0,1,1,0,0.0,0.0,1,1,0,-1,-1,-1,2,0,931,916,604
191,20,226,620,956,336,40,44,514,533,19,0.00017018959120460194,0.00037441710065012424,543,659,116,3,3,3,11,3,279,353,491
192,1,102,333,936,603,3,3,333,333,0,0.0,0.0,1,1,0,5,8,6,3,3,683,626,575
193,0,0,1,1,0,0,0,1,1,0,0.0,0.0,1,1,0,-1,-1,-1,2,0,838,918,738
194,9,110,555,925,370,18,18,504,504,0,0.00017018959120460194,0.00017018959120460194,547,547,0,5,4,4,5,3,326,485,598
195,0,616,1,988,987,0,200,1,662,661,0.0,0.0018380475850097008,1,867,866,2,-1,3,33,0,9,993,73
196,0,101,1,955,954,0,2,1,331,330,0.0,6.807583648184077e-05,1,464,463,5,-1,6,2,0,913,981,491
197,1,103,333,887,554,11,19,333,394,61,0.0,0.0004765308553728854,1,688,687,4,8,5,11,1,248,857,345
198,6,107,514,957,443,8,8,548,548,0,0.00013615167296368154,0.00013615167296368154,529,529,0,5,4,4,2,2,792,691,585
199,17,223,676,976,300,30,30,756,756,0,0.0009190237925048504,0.0012594029749140542,804,840,36,3,3,3,4,3,673,299,177
200,0,616,1,997,996,0,30,1,755,754,0.0,0.00622893903808843,1,964,963,2,-1,3,4,0,673,542,61
201,14,14,630,630,0,14,14,543,543,0,0.0002042275094455223,0.0002042275094455223,567,567,0,-1,4,4,3,6,651,406,900
202,0,101,1,940,939,0,2,1,330,329,0.0,0.0,1,1,0,5,-1,6,2,0,980,984,878
203,19,119,779,962,183,12,12,728,728,0,0.0007147962830593281,0.0008169100377820892,774,795,21,4,4,4,2,7,974,399,309
204,0,102,1,918,917,0,6,1,402,401,0.0,0.0005446066918547262,1,721,720,4,-1,5,3,0,554,965,294
205,0,102,1,874,873,0,17,1,349,348,0.0,3.4037918240920386e-05,1,387,386,4,-1,5,16,0,72,978,654
206,6,212,404,958,554,48,60,566,651,85,0.00017018959120460194,0.0020422750944552232,537,878,341,3,4,4,10,1,75,659,39
207,0,206,1,977,976,0,8,1,524,523,0.0,0.0015317063208414173,1,874,873,3,-1,4,2,1,975,583,297
208,0,206,1,947,946,0,54,1,515,514,0.0,0.0004084550188910446,1,668,667,3,-1,4,15,3,45,753,192
209,0,206,1,976,975,0,8,1,496,495,0.0,0.001055175465468532,1,829,828,3,-1,4,2,1,750,730,183
210,2,2,373,373,0,4,4,414,414,0,6.807583648184077e-05,6.807583648184077e-05,453,453,0,-1,5,5,2,2,881,648,841
211,8,8,552,552,0,14,14,548,548,0,0.00013615167296368154,0.00013615167296368154,518,518,0,-1,4,4,3,3,923,505,773
212,169,271,941,972,31,102,102,904,904,0,0.004833384390210695,0.004833384390210695,951,951,0,4,2,2,8,27,357,69,659
213,0,206,1,972,971,0,12,1,496,495,0.0,0.0002723033459273631,1,619,618,3,-1,4,4,1,344,650,170
214,0,102,1,876,875,0,18,1,356,355,0.0,6.807583648184077e-05,1,444,443,4,-1,5,16,0,26,934,484
215,384,486,994,997,3,56,56,980,980,0,0.016610504101569147,0.01664454201981007,995,995,0,4,2,2,2,85,820,0,810
216,26,128,698,920,222,38,38,661,661,0,0.0006126825283365669,0.0008509479560230097,731,790,59,4,3,3,6,6,560,613,586
217,28,234,705,970,265,54,54,707,707,0,0.000442492937131965,0.0005786446100956465,699,725,26,3,3,3,8,3,646,519,220
218,40,40,805,805,0,34,34,768,768,0,0.0002042275094455223,0.0002042275094455223,580,580,0,-1,3,3,4,10,641,262,910
219,22,124,579,881,302,96,96,538,538,0,0.00030634126416828345,0.0004084550188910446,611,654,43,4,3,3,23,3,43,496,310
220,33,135,724,915,191,58,58,709,709,0,0.00017018959120460194,0.00030634126416828345,534,618,84,4,3,3,8,9,358,212,287
221,6,107,598,973,375,8,8,680,680,0,0.0007147962830593281,0.00088498587426393,779,804,25,5,4,4,2,1,920,439,368
222,43,145,843,961,118,12,12,599,599,0,0.0008169100377820892,0.00088498587426393,802,813,11,4,4,4,2,13,886,120,282
223,12,218,540,959,419,28,28,510,510,0,0.00017018959120460194,0.0004765308553728854,544,699,155,3,4,4,8,3,142,121,541
224,0,0,1,1,0,0,0,1,1,0,0.0,0.0,1,1,0,-1,-1,-1,7,0,359,732,738
225,18,634,653,997,344,32,60,726,883,157,0.00013615167296368154,0.006535280302256714,511,972,461,2,3,3,5,2,724,584,108
226,100,100,877,877,0,100,100,866,866,0,0.02484768031587188,0.025188059498281085,1000,1000,0,3,1,1,9,54,164,28,266
227,2,2,375,375,0,4,4,461,461,0,0.00010211375472276115,0.00010211375472276115,492,492,0,-1,5,5,2,2,760,691,813
228,71,71,862,862,0,34,34,623,623,0,0.0012594029749140542,0.0012594029749140542,835,835,0,-1,4,4,7,19,698,184,684
229,0,102,1,950,949,0,3,1,389,388,0.0,0.0002042275094455223,1,582,581,4,-1,5,2,0,991,745,645
230,111,212,949,978,29,22,22,820,820,0,0.004016474352428605,0.004016474352428605,946,946,0,6,3,3,2,27,723,25,402
231,2,104,380,958,578,3,4,382,435,53,6.807583648184077e-05,0.00013615167296368154,447,515,68,4,5,5,2,1,878,756,618
232,0,206,1,969,968,0,12,1,464,463,0.0,0.0015317063208414173,1,853,852,3,-1,4,4,1,641,428,112
233,60,60,890,890,0,46,46,970,970,0,0.004356853534837809,0.004356853534837809,946,946,0,-1,2,2,2,8,992,187,843
234,17,17,588,588,0,51,51,563,563,0,3.4037918240920386e-05,3.4037918240920386e-05,399,399,0,-1,3,3,11,5,162,225,846
235,16,16,630,630,0,22,22,586,586,0,0.0002382654276864427,0.0002382654276864427,601,601,0,-1,4,4,5,4,551,315,205
236,20,122,577,883,306,60,60,495,495,0,0.0002382654276864427,0.0005105687736138058,583,690,107,4,3,3,17,3,103,353,697
237,0,0,1,1,0,0,0,1,1,0,0.0,0.0,1,1,0,-1,-1,-1,22,0,33,611,801
238,8,110,484,889,405,26,26,456,456,0,0.00010211375472276115,0.00017018959120460194,490,539,49,4,4,4,9,5,159,231,368
239,30,132,811,956,145,18,18,671,671,0,0.0007147962830593281,0.00176997174852786,763,885,122,4,4,4,3,9,590,154,49
240,0,0,1,1,0,0,0,1,1,0,0.0,0.0,1,1,0,-1,-1,-1,4,0,741,916,974
241,50,152,758,907,149,136,136,782,782,0,0.0008509479560230097,0.00088498587426393,768,776,8,4,3,3,16,5,117,273,596
242,13,115,543,893,350,34,34,470,470,0,3.4037918240920386e-05,0.00010211375472276115,404,487,83,4,4,4,11,5,279,274,499
243,6,212,396,950,554,41,49,432,463,31,3.4037918240920386e-05,0.0004765308553728854,397,692,295,3,4,4,17,1,112,334,46
244,0,101,1,916,915,0,5,1,331,330,0.0,0.0,1,1,0,5,-1,6,5,0,616,515,531
245,17,17,698,698,0,8,8,500,500,0,0.00034037918240920387,0.00034037918240920387,668,668,0,-1,4,4,2,7,983,176,757
246,1,102,333,926,593,4,4,333,333,0,0.0,0.0,1,1,0,7,6,6,4,1,619,140,595
247,255,461,976,990,14,118,118,991,991,0,0.007624493685966166,0.00796487286837537,974,975,1,3,2,2,5,27,311,25,282
248,6,6,430,430,0,24,24,530,530,0,6.807583648184077e-05,6.807583648184077e-05,449,449,0,-1,4,4,6,1,518,711,886
249,30,30,683,683,0,60,60,644,644,0,0.00017018959120460194,0.00017018959120460194,532,532,0,-1,3,3,11,5,271,314,976
250,22,228,626,959,333,80,80,744,744,0,0.00088498587426393,0.0014295925661186562,774,835,61,3,3,3,10,4,298,440,642
251,7,7,520,520,0,6,6,418,418,0,6.807583648184077e-05,6.807583648184077e-05,459,459,0,-1,5,5,3,4,842,444,826
252,0,0,1,1,0,0,0,1,1,0,0.0,0.0,1,1,0,-1,-1,-1,17,0,23,863,939
253,0,206,1,967,966,0,15,1,511,510,0.0,0.0006807583648184077,1,755,754,3,-1,4,4,0,711,821,245
254,0,101,1,925,924,0,4,1,332,331,0.0,3.4037918240920386e-05,1,411,410,5,-1,6,4,0,619,946,384
255,0,206,1,942,941,0,66,1,518,517,0.0,0.0006807583648184077,1,739,738,3,-1,4,17,2,56,775,471
256,32,238,747,967,220,58,62,787,806,19,0.0007488342013002485,0.0029612988869600733,766,916,150,3,3,3,7,5,335,535,8
257,6,6,444,444,0,13,13,454,454,0,3.4037918240920386e-05,3.4037918240920386e-05,405,405,0,-1,4,4,6,1,764,481,952
258,4,106,457,943,486,4,6,376,441,65,0.00010211375472276115,0.0009870996289866913,487,819,332,4,5,5,3,2,800,547,60
259,0,102,1,915,914,0,6,1,353,352,0.0,6.807583648184077e-05,1,438,437,4,-1,5,5,0,502,522,442
260,12,12,620,620,0,8,8,497,497,0,0.0002042275094455223,0.0002042275094455223,569,569,0,-1,4,4,2,4,993,86,947
261,0,102,1,890,889,0,12,1,398,397,0.0,6.807583648184077e-05,1,442,441,4,-1,5,6,0,157,819,904
262,30,30,723,723,0,30,30,593,593,0,0.000442492937131965,0.000442492937131965,684,684,0,-1,3,3,6,6,470,258,806
263,16,118,599,928,329,20,20,496,496,0,0.00013615167296368154,0.00034037918240920387,518,631,113,4,4,4,6,5,515,562,365
264,0,0,1,1,0,0,0,1,1,0,0.0,0.0,1,1,0,-1,-1,-1,5,0,612,725,961
265,0,0,1,1,0,0,0,1,1,0,0.0,0.0,1,1,0,-1,-1,-1,3,0,901,644,983
266,0,102,1,892,891,0,20,1,392,391,0.0,0.0002723033459273631,1,613,612,4,-1,5,11,0,76,359,323
267,67,683,868,997,129,34,34,757,757,0,0.001055175465468532,0.0021784267674189047,823,896,73,2,3,3,4,20,753,189,557
268,0,206,1,968,967,0,11,1,433,432,0.0,0.00034037918240920387,1,657,656,3,-1,4,4,0,694,826,722
269,0,206,1,971,970,0,18,1,623,622,0.0,0.0024507301133462676,1,894,893,3,-1,4,3,0,554,967,50
270,12,218,647,980,333,8,8,519,519,0,0.00017018959120460194,0.0009530617107457708,564,807,243,3,4,4,2,4,919,210,118
271,16,632,671,998,327,26,40,782,903,121,0.0002042275094455223,0.00353994349705572,578,931,353,2,3,3,4,1,679,394,108
272,33,33,711,711,0,72,72,729,729,0,0.00034037918240920387,0.00034037918240920387,635,635,0,-1,3,3,10,7,254,237,819
273,0,0,1,1,0,0,0,1,1,0,0.0,0.0,1,1,0,-1,-1,-1,8,2,499,709,735
274,14,14,612,612,0,32,32,625,625,0,0.00017018959120460194,0.00017018959120460194,546,546,0,-1,4,4,6,4,253,545,969
275,29,29,782,782,0,18,18,668,668,0,0.00034037918240920387,0.00034037918240920387,652,652,0,-1,4,4,3,13,831,256,773
276,4,4,413,413,0,14,14,401,401,0,3.4037918240920386e-05,3.4037918240920386e-05,396,396,0,-1,5,5,8,2,508,244,950
277,245,451,961,984,23,186,186,966,966,0,0.004050512270669526,0.004731270635487933,948,953,5,3,2,2,12,24,212,8,103
278,0,206,1,965,964,0,16,1,510,509,0.0,0.0009530617107457708,1,802,801,3,-1,4,4,0,832,963,642
279,0,0,1,1,0,0,0,1,1,0,0.0,0.0,1,1,0,-1,-1,-1,7,0,698,816,871
280,80,80,812,812,0,162,162,736,736,0,0.0007147962830593281,0.0007147962830593281,743,743,0,-1,3,3,23,10,57,413,514
281,2,2,369,369,0,6,6,424,424,0,0.00017018959120460194,0.00017018959120460194,550,550,0,-1,5,5,3,2,615,652,706
282,2,104,357,904,547,11,11,384,384,0,3.4037918240920386e-05,0.00010211375472276115,400,475,75,4,5,5,7,3,416,466,444
283,8,214,528,971,443,11,11,455,455,0,3.4037918240920386e-05,0.0002382654276864427,406,590,184,3,4,4,4,2,753,694,689
284,0,206,1,980,979,0,8,1,485,484,0.0,0.0012594029749140542,1,842,841,3,-1,4,2,0,943,916,87
285,0,616,1,992,991,0,40,1,553,552,0.0,0.0013615167296368155,1,837,836,2,-1,3,9,0,274,889,227
286,0,0,1,1,0,0,0,1,1,0,0.0,0.0,1,1,0,-1,-1,-1,3,0,871,723,423
287,0,206,1,975,974,0,8,1,504,503,0.0,0.002314578440382586,1,906,905,3,-1,4,2,0,896,515,26
288,0,102,1,945,944,0,8,1,466,465,0.0,0.000442492937131965,1,692,691,4,-1,5,4,0,754,848,293
289,19,120,652,928,276,30,30,653,653,0,0.0002042275094455223,0.0002723033459273631,562,618,56,5,4,4,5,9,406,341,463
290,30,236,773,977,204,34,34,840,840,0,0.0007488342013002485,0.0020422750944552232,777,895,118,3,3,3,4,4,610,333,158
291,0,101,1,902,901,0,5,1,332,331,0.0,0.0,1,1,0,6,-1,7,5,0,377,890,893
292,0,206,1,953,952,0,48,1,575,574,0.0,0.0019741992579733825,1,882,881,3,-1,4,10,0,99,665,133
293,0,0,1,1,0,0,0,1,1,0,0.0,0.0,1,1,0,-1,-1,-1,18,0,86,892,456
294,2,104,366,925,559,5,8,366,428,62,0.0,0.00034037918240920387,1,643,642,4,5,5,4,1,578,736,212
295,19,121,716,949,233,8,8,507,507,0,0.0004765308553728854,0.0008509479560230097,710,787,77,4,4,4,2,7,816,115,114
296,0,102,1,917,916,0,5,1,354,353,0.0,6.807583648184077e-05,1,440,439,4,-1,5,4,0,700,871,244
297,12,12,562,562,0,24,24,626,626,0,0.0002723033459273631,0.0002723033459273631,615,615,0,-1,4,4,4,4,354,346,632
298,28,130,746,942,196,34,34,773,773,0,0.0008169100377820892,0.0009190237925048504,787,797,10,4,3,3,4,6,495,471,220
299,0,206,1,983,982,0,9,1,560,559,0.0,0.0007147962830593281,1,771,770,3,-1,4,3,0,915,934,62
300,0,0,1,1,0,0,0,1,1,0,0.0,0.0,1,1,0,-1,-1,-1,2,1,956,513,922
301,0,0,1,1,0,0,0,1,1,0,0.0,0.0,1,1,0,-1,-1,-1,5,0,663,889,758
302,0,206,1,949,948,0,24,1,391,390,0.0,0.0,1,1,0,3,-1,4,14,0,21,952,347
303,0,206,1,968,967,0,10,1,460,459,0.0,0.0006467204465774873,1,744,743,3,-1,4,3,0,725,910,99
304,12,114,498,885,387,64,64,556,556,0,0.0002723033459273631,0.0005446066918547262,611,703,92,4,4,4,14,2,121,584,239
305,0,102,1,901,900,0,9,1,358,357,0.0,3.4037918240920386e-05,1,400,399,4,-1,5,8,0,420,909,534
306,36,138,819,960,141,22,22,792,792,0,0.0012594029749140542,0.0012594029749140542,838,838,0,4,3,3,2,8,937,174,931
307,0,0,1,1,0,0,0,1,1,0,0.0,0.0,1,1,0,-1,-1,-1,4,0,581,571,735
308,0,0,1,1,0,0,0,1,1,0,0.0,0.0,1,1,0,-1,-1,-1,4,0,235,548,649
309,0,0,1,1,0,0,0,1,1,0,0.0,0.0,1,1,0,-1,-1,-1,7,0,477,701,569
310,2,104,361,916,555,8,9,390,404,14,0.0,0.00013615167296368154,1,531,530,4,5,5,5,1,314,899,567
311,2,2,351,351,0,10,10,371,371,0,6.807583648184077e-05,6.807583648184077e-05,450,450,0,-1,5,5,7,3,321,466,489
312,16,222,658,979,321,12,12,582,582,0,0.00037441710065012424,0.002552843868069029,659,913,254,3,4,4,2,6,643,368,39
313,6,108,508,949,441,10,10,539,539,0,0.00010211375472276115,0.001055175465468532,495,823,328,4,4,4,3,3,535,260,471
314,11,627,624,999,375,9,20,500,774,274,6.807583648184077e-05,0.0022465026039007454,460,902,442,2,4,3,3,4,845,208,405
315,0,616,1,992,991,0,70,1,628,627,0.0,0.002110350930937064,1,886,885,2,-1,3,12,0,44,926,133
316,16,16,664,664,0,20,20,642,642,0,0.0004765308553728854,0.0004765308553728854,701,701,0,-1,4,4,4,4,696,470,701
317,6,108,410,891,481,46,46,588,588,0,0.00030634126416828345,0.00034037918240920387,634,654,20,4,4,4,9,2,192,785,309
318,2,2,361,361,0,7,7,361,361,0,0.0,0.0,1,1,0,-1,5,5,6,1,455,734,672
319,2,618,354,992,638,24,52,387,510,123,0.0,0.0008169100377820892,1,780,779,2,5,3,15,2,68,509,333
320,86,292,855,974,119,84,84,769,769,0,0.0013274788113958951,0.0017359338302869397,839,867,28,3,3,3,9,15,159,62,413
321,6,108,382,878,496,51,51,473,473,0,0.0002042275094455223,0.0002042275094455223,571,571,0,4,4,4,16,2,195,648,687
322,68,684,818,995,177,158,158,884,884,0,0.0014295925661186562,0.002110350930937064,843,885,42,2,2,2,14,4,121,185,371
323,377,583,984,994,10,106,106,959,959,0,0.00789679703189353,0.00803294870485721,974,977,3,3,2,2,7,61,207,14,291
324,0,0,1,1,0,0,0,1,1,0,0.0,0.0,1,1,0,-1,-1,-1,3,0,577,794,400
325,16,118,574,904,330,46,46,673,673,0,0.00013615167296368154,0.0006126825283365669,507,743,236,4,3,3,6,2,157,493,396
326,44,250,751,963,212,68,68,593,593,0,0.000442492937131965,0.0005446066918547262,684,712,28,3,4,4,14,9,130,391,711
327,62,164,871,965,94,12,12,582,582,0,0.0018720855032506212,0.001940161339732462,880,884,4,4,4,4,2,23,643,122,677
328,377,577,983,994,11,110,110,975,975,0,0.00789679703189353,0.009326389598012186,972,980,8,3,2,2,6,61,470,14,89
329,0,206,1,965,964,0,8,1,437,436,0.0,0.00034037918240920387,1,641,640,3,-1,4,2,0,769,907,217
330,198,198,965,965,0,54,54,898,898,0,0.00439089145307873,0.00439089145307873,950,950,0,-1,3,3,4,48,921,56,735
331,0,206,1,973,972,0,10,1,472,471,0.0,0.0005105687736138058,1,712,711,3,-1,4,3,0,592,511,195
332,9,215,559,970,411,15,20,467,527,60,6.807583648184077e-05,0.0007828721195411688,452,776,324,3,4,4,6,3,494,214,355
333,0,102,1,934,933,0,7,1,420,419,0.0,0.00010211375472276115,1,479,478,4,-1,5,4,0,610,826,369
334,0,102,1,932,931,0,4,1,374,373,0.0,0.0,1,1,0,4,-1,5,3,0,745,963,878
335,11,112,648,957,309,8,8,550,550,0,0.00010211375472276115,0.00013615167296368154,488,527,39,5,4,4,2,4,946,380,512
336,38,38,792,792,0,36,36,715,715,0,0.0009190237925048504,0.0009190237925048504,807,807,0,-1,3,3,5,7,467,150,348
337,148,250,959,979,20,52,52,966,966,0,0.004663194799006093,0.004663194799006093,960,960,0,4,2,2,3,32,791,26,680
338,0,206,1,952,951,0,19,1,406,405,0.0,0.0005446066918547262,1,704,703,3,-1,4,10,0,256,358,683
339,0,102,1,970,969,0,3,1,415,414,0.0,0.00010211375472276115,1,501,500,4,-1,5,2,0,884,881,454
340,4,4,433,433,0,6,6,383,383,0,0.0,0.0,1,1,0,-1,5,5,4,2,461,602,847
341,0,206,1,954,953,0,17,1,390,389,0.0,0.00013615167296368154,1,511,510,3,-1,4,9,0,381,423,315
342,22,22,603,603,0,78,78,562,562,0,6.807583648184077e-05,6.807583648184077e-05,447,447,0,-1,3,3,16,2,42,251,880
343,28,234,659,956,297,86,86,659,659,0,0.00017018959120460194,0.0009530617107457708,529,788,259,3,3,3,13,4,115,202,150
344,0,206,1,953,952,0,37,1,479,478,0.0,0.001157289220191293,1,820,819,3,-1,4,11,0,139,726,59
345,0,102,1,954,953,0,4,1,381,380,0.0,0.00013615167296368154,1,517,516,4,-1,5,3,0,875,971,477
346,34,136,764,935,171,18,18,561,561,0,0.0007488342013002485,0.0008169100377820892,759,782,23,4,4,4,3,9,837,245,575
347,0,0,1,1,0,0,0,1,1,0,0.0,0.0,1,1,0,-1,-1,-1,17,0,56,943,587
348,82,183,867,953,86,96,96,916,916,0,0.0031314884781646754,0.0031314884781646754,927,927,0,5,2,2,7,7,320,218,374
349,27,128,794,960,166,34,34,855,855,0,0.0006467204465774873,0.0006807583648184077,750,754,4,5,3,3,4,6,754,471,755
350,0,1640,1,1000,999,0,168,1,794,793,0.0,0.007284114503556962,1,964,963,1,-1,2,19,0,11,875,25
351,6,108,434,914,480,15,15,455,455,0,3.4037918240920386e-05,6.807583648184077e-05,392,437,45,4,4,4,6,1,575,756,570
352,0,0,1,1,0,0,0,1,1,0,0.0,0.0,1,1,0,-1,-1,-1,6,0,489,733,660
353,0,0,1,1,0,0,0,1,1,0,0.0,0.0,1,1,0,-1,-1,-1,5,0,551,942,950
354,2,104,363,913,550,10,10,423,423,0,6.807583648184077e-05,0.00017018959120460194,454,546,92,4,5,5,5,1,326,592,534
355,6,6,480,480,0,8,8,492,492,0,0.0002042275094455223,0.0002042275094455223,559,559,0,-1,4,4,2,1,598,727,987
356,0,102,1,878,877,0,18,1,374,373,0.0,6.807583648184077e-05,1,441,440,4,-1,5,11,0,227,726,659
357,12,12,541,541,0,34,34,540,540,0,0.00013615167296368154,0.00013615167296368154,520,520,0,-1,4,4,9,2,278,770,388
358,0,206,1,949,948,0,40,1,495,494,0.0,0.0010892133837094523,1,805,804,3,-1,4,12,0,184,890,68
359,7,7,466,466,0,34,34,416,416,0,3.4037918240920386e-05,3.4037918240920386e-05,389,389,0,-1,4,4,16,5,72,225,966
360,0,0,1,1,0,0,0,1,1,0,0.0,0.0,1,1,0,-1,-1,-1,2,0,988,977,779
361,8,214,533,975,442,4,8,393,465,72,0.00013615167296368154,0.0007488342013002485,521,768,247,3,5,4,2,6,905,279,155
362,6,6,401,401,0,42,42,561,561,0,0.0002042275094455223,0.0002042275094455223,560,560,0,-1,4,4,9,1,274,891,846
363,13,629,597,997,400,10,38,467,851,384,0.0002042275094455223,0.009428503352734947,571,982,411,2,4,3,3,3,703,458,12
364,471,677,994,998,4,104,104,988,988,0,0.020524864699274992,0.021682153919466287,993,994,1,3,2,2,5,85,326,0,72
365,0,101,1,945,944,0,3,1,332,331,0.0,3.4037918240920386e-05,1,408,407,5,-1,6,3,0,654,733,579
366,175,381,965,991,26,48,48,920,920,0,0.0045270431260424114,0.005071649817897137,950,955,5,3,3,3,3,31,855,76,216
367,0,616,1,991,990,0,29,1,481,480,0.0,0.0006467204465774873,1,735,734,2,-1,3,9,0,381,916,425
368,9,625,555,997,442,16,30,539,730,191,0.0002382654276864427,0.0018720855032506212,595,884,289,2,4,3,4,4,753,230,92
369,0,102,1,869,868,0,26,1,352,351,0.0,6.807583648184077e-05,1,424,423,4,-1,5,23,0,30,782,585
370,0,0,1,1,0,0,0,1,1,0,0.0,0.0,1,1,0,-1,-1,-1,4,0,403,793,969
371,36,242,811,977,166,18,18,663,663,0,0.0010892133837094523,0.0016678579938050988,824,872,48,3,4,4,3,14,912,190,466
372,3,104,435,929,494,6,6,432,432,0,6.807583648184077e-05,0.0002382654276864427,453,582,129,5,5,5,3,3,288,196,646
373,16,632,599,996,397,84,104,806,885,79,0.0004765308553728854,0.006024711528642908,705,965,260,2,3,3,9,1,119,404,9
374,0,0,1,1,0,0,0,1,1,0,0.0,0.0,1,1,0,-1,-1,-1,7,0,324,728,886
375,32,238,727,971,244,78,78,807,807,0,0.0007488342013002485,0.0009190237925048504,766,789,23,3,3,3,8,6,428,295,840
376,67,169,919,980,61,32,32,962,962,0,0.002995336805200994,0.0031314884781646754,922,928,6,4,3,3,2,15,985,36,93
377,2,2,355,355,0,7,7,355,355,0,3.4037918240920386e-05,3.4037918240920386e-05,407,407,0,-1,5,5,6,2,425,692,747
378,0,206,1,968,967,0,11,1,446,445,0.0,0.00034037918240920387,1,650,649,3,-1,4,4,1,623,874,704
379,14,116,628,942,314,20,20,648,648,0,0.00030634126416828345,0.0004084550188910446,623,678,55,4,4,4,4,5,945,688,666
380,8,624,547,998,451,12,26,518,788,270,0.0002042275094455223,0.0051397256543789785,567,960,393,2,4,3,4,4,603,305,21
381,0,102,1,895,894,0,12,1,387,386,0.0,6.807583648184077e-05,1,445,444,4,-1,5,8,0,488,388,491
382,18,224,607,965,358,68,68,739,739,0,0.0002042275094455223,0.0038462847612240037,555,943,388,3,3,3,8,3,244,541,105
383,0,206,1,968,967,0,16,1,516,515,0.0,0.00037441710065012424,1,676,675,3,-1,4,4,0,444,564,312
384,0,101,1,920,919,0,4,1,331,330,0.0,0.0,1,1,0,6,-1,7,4,1,753,835,357
385,0,102,1,912,911,0,10,1,400,399,0.0,0.00013615167296368154,1,521,520,4,-1,5,6,0,237,629,259
386,6,1646,407,1000,593,19,112,422,917,495,3.4037918240920386e-05,0.01674665577453283,413,990,577,1,4,2,8,2,434,662,14
387,0,0,1,1,0,0,0,1,1,0,0.0,0.0,1,1,0,-1,-1,-1,15,0,107,906,747
388,4,106,453,951,498,4,4,414,414,0,0.00013615167296368154,0.0006467204465774873,514,752,238,4,5,5,2,2,841,579,207
389,25,25,693,693,0,24,24,479,479,0,0.0004084550188910446,0.0004084550188910446,682,682,0,-1,4,4,8,7,223,188,911
390,2,103,364,912,548,7,7,380,380,0,0.0,0.0,1,1,0,6,5,5,5,1,338,717,764
391,0,0,1,1,0,0,0,1,1,0,0.0,0.0,1,1,0,-1,-1,-1,2,0,974,776,674
392,0,616,1,997,996,0,20,1,563,562,0.0,0.0016678579938050988,1,866,865,2,-1,3,5,0,467,923,476
393,24,640,753,1000,247,22,22,815,815,0,0.0007147962830593281,0.012151536812008578,767,988,221,2,3,3,2,4,980,407,37
394,0,102,1,883,882,0,14,1,358,357,0.0,6.807583648184077e-05,1,447,446,4,-1,5,12,0,116,901,690
395,0,0,1,1,0,0,0,1,1,0,0.0,0.0,1,1,0,-1,-1,-1,5,0,492,959,431
396,0,206,1,969,968,0,30,1,687,686,0.0,0.0030974505599237552,1,925,924,3,-1,4,5,0,290,938,105
397,0,616,1,992,991,0,52,1,502,501,0.0,0.001157289220191293,1,814,813,2,-1,3,15,0,45,821,155
398,47,149,853,958,105,20,20,708,708,0,0.0016678579938050988,0.002144388849177984,862,895,33,4,4,4,4,15,827,92,338
399,21,123,709,941,232,22,22,593,593,0,0.0006126825283365669,0.0012934408931549745,729,835,106,4,4,4,5,6,601,4,172
400,142,758,910,994,84,194,204,913,927,14,0.0020082371762143027,0.0030974505599237552,890,926,36,2,2,2,15,17,51,180,283
401,0,206,1,956,955,0,12,1,415,414,0.0,0.0002042275094455223,1,566,565,3,-1,4,4,0,503,894,683
402,1,102,332,926,594,2,2,332,332,0,0.0,0.0,1,1,0,8,7,7,2,2,932,663,626
403,0,101,1,964,963,0,2,1,330,329,0.0,3.4037918240920386e-05,1,407,406,5,-1,6,2,0,987,668,719
404,16,117,575,906,331,36,36,594,594,0,3.4037918240920386e-05,3.4037918240920386e-05,405,405,0,5,3,3,7,2,193,342,853
405,36,138,820,955,135,34,34,852,852,0,0.0018720855032506212,0.0019741992579733825,877,885,8,4,3,3,4,8,827,497,486
406,0,0,1,1,0,0,0,1,1,0,0.0,0.0,1,1,0,-1,-1,-1,2,1,889,583,600
407,13,115,595,929,334,24,24,679,679,0,6.807583648184077e-05,6.807583648184077e-05,454,454,0,4,4,4,4,4,559,581,964
408,0,101,1,940,939,0,3,1,331,330,0.0,6.807583648184077e-05,1,450,449,5,-1,6,3,0,800,881,560
409,287,388,977,983,6,196,196,996,996,0,0.006705469893461316,0.006705469893461316,966,966,0,5,2,2,9,37,168,74,585
410,100,100,850,850,0,100,100,621,621,0,0.011675005956635693,0.011811157629599374,989,989,0,3,1,1,17,23,103,106,353
411,0,102,1,908,907,0,8,1,371,370,0.0,6.807583648184077e-05,1,449,448,4,-1,5,6,0,518,834,785
412,2,2,355,355,0,12,12,371,371,0,0.0,0.0,1,1,0,-1,5,5,9,3,306,484,871
413,0,101,1,919,918,0,5,1,332,331,0.0,0.0,1,1,0,6,-1,7,5,0,452,977,140
414,57,57,876,876,0,18,18,736,736,0,0.002280540522141666,0.002280540522141666,902,902,0,-1,4,4,3,20,867,87,713
415,0,101,1,946,945,0,2,1,332,331,0.0,0.0,1,1,0,5,-1,6,2,0,618,975,717
416,14,14,576,576,0,20,20,491,491,0,0.00013615167296368154,0.00013615167296368154,516,516,0,-1,4,4,6,3,498,236,911
417,47,253,879,988,109,48,52,971,984,13,0.005037611899656217,0.006841621566424997,956,964,8,3,2,2,3,4,922,501,112
418,0,0,1,1,0,0,0,1,1,0,0.0,0.0,1,1,0,-1,-1,-1,5,0,571,750,786
419,0,102,1,910,909,0,8,1,373,372,0.0,0.0,1,1,0,4,-1,5,6,0,295,349,527
420,6,108,412,905,493,19,19,435,435,0,0.0,6.807583648184077e-05,1,442,441,4,4,4,8,1,334,592,870
421,0,101,1,873,872,0,18,1,332,331,0.0,0.0,1,1,0,5,-1,6,18,0,64,943,578
422,0,0,1,1,0,0,0,1,1,0,0.0,0.0,1,1,0,-1,-1,-1,4,0,622,751,429
423,42,42,867,867,0,18,18,769,769,0,0.0007147962830593281,0.0007147962830593281,768,768,0,-1,4,4,3,20,883,189,956
424,63,269,863,980,117,50,50,853,853,0,0.0013274788113958951,0.006909697402906838,840,971,131,3,3,3,5,13,291,261,24
425,133,339,944,986,42,60,60,890,890,0,0.0034718676605738795,0.004186663943633207,931,949,18,3,3,3,5,24,291,13,403
426,84,84,904,904,0,34,34,803,803,0,0.0016678579938050988,0.0016678579938050988,863,863,0,-1,3,3,4,23,891,117,564
427,10,111,551,919,368,26,26,593,593,0,0.00034037918240920387,0.0004765308553728854,657,698,41,5,4,4,5,4,406,230,931
428,6,108,439,918,479,26,26,633,633,0,0.00017018959120460194,0.0002042275094455223,552,572,20,4,4,4,5,1,487,689,691
429,0,102,1,951,950,0,3,1,369,368,0.0,0.0,1,1,0,4,-1,5,2,0,702,939,230
430,133,133,938,938,0,66,66,935,935,0,0.0027911092957554717,0.0027911092957554717,921,921,0,-1,2,2,5,20,476,71,614
431,119,119,900,900,0,104,104,835,835,0,0.0011913271384322134,0.0011913271384322134,819,819,0,-1,3,3,9,17,101,226,660
432,317,418,982,984,2,116,116,955,955,0,0.005582218591510943,0.005582218591510943,968,968,0,6,2,2,7,57,216,50,703
433,1,207,332,983,651,2,8,332,571,239,3.4037918240920386e-05,0.0018380475850097008,413,884,471,3,6,4,2,2,996,495,133
434,6,108,422,912,490,29,29,559,559,0,6.807583648184077e-05,0.0002042275094455223,439,561,122,4,4,4,7,1,359,463,667
435,0,102,1,911,910,0,6,1,361,360,0.0,0.0,1,1,0,4,-1,5,5,0,390,517,560
436,4,4,485,485,0,6,6,457,457,0,0.0,0.0,1,1,0,-1,5,5,3,3,850,534,200
437,4,4,415,415,0,12,12,429,429,0,6.807583648184077e-05,6.807583648184077e-05,447,447,0,-1,5,5,6,2,526,549,706
438,0,0,1,1,0,0,0,1,1,0,0.0,0.0,1,1,0,-1,-1,-1,19,0,36,678,782
439,6,108,471,949,478,9,9,491,491,0,3.4037918240920386e-05,0.00037441710065012424,406,671,265,4,4,4,3,1,879,416,283
440,256,256,982,982,0,50,50,890,890,0,0.008203138296061813,0.008203138296061813,976,976,0,-1,3,3,5,59,557,6,478
441,34,135,656,887,231,114,114,616,616,0,0.0004765308553728854,0.0004765308553728854,680,680,0,6,3,3,23,3,43,93,140
442,24,640,694,997,303,50,50,797,797,0,0.0004084550188910446,0.0016678579938050988,663,855,192,2,3,3,5,5,390,589,376
443,6,212,440,972,532,10,15,445,515,70,6.807583648184077e-05,0.00034037918240920387,457,651,194,3,4,4,4,2,690,320,418
444,0,102,1,911,910,0,8,1,409,408,0.0,0.00013615167296368154,1,518,517,4,-1,5,4,0,235,922,328
445,0,206,1,967,966,0,20,1,528,527,0.0,0.0012253650566731338,1,826,825,3,-1,4,6,0,322,668,335
446,205,411,962,983,21,146,146,980,980,0,0.0046972327172470135,0.004765308553728854,955,955,0,3,2,2,8,30,420,65,468
447,0,0,1,1,0,0,0,1,1,0,0.0,0.0,1,1,0,-1,-1,-1,5,0,685,991,973
448,13,115,569,915,346,38,38,642,642,0,0.00017018959120460194,0.00034037918240920387,553,649,96,4,4,4,7,3,362,291,164
449,2,104,360,903,543,15,16,411,419,8,3.4037918240920386e-05,6.807583648184077e-05,395,441,46,4,5,5,8,1,371,537,584
450,1,207,333,975,642,3,18,333,702,369,0.0,0.00704584907587052,1,971,970,3,6,4,3,1,857,437,7
451,52,152,852,956,104,52,52,958,958,0,0.004969536063174376,0.005241839409101739,957,959,2,4,2,2,3,6,746,114,4
452,119,119,932,932,0,56,56,953,953,0,0.0033357159876101976,0.0033357159876101976,930,930,0,-1,2,2,2,23,909,117,787
453,0,206,1,973,972,0,14,1,495,494,0.0,0.001055175465468532,1,818,817,3,-1,4,5,0,435,740,243
454,18,224,672,977,305,34,34,775,775,0,0.0002382654276864427,0.0023486163586235067,597,899,302,3,3,3,4,2,397,628,74
455,28,130,770,954,184,28,28,777,777,0,0.0007488342013002485,0.00088498587426393,770,796,26,4,3,3,3,4,756,288,420
456,0,102,1,905,904,0,6,1,364,363,0.0,3.4037918240920386e-05,1,395,394,4,-1,5,5,0,377,740,530
457,0,616,1,990,989,0,69,1,469,468,0.0,0.0007488342013002485,1,741,740,2,-1,3,23,0,30,758,379
458,0,102,1,943,942,0,6,1,443,442,0.0,0.0004084550188910446,1,685,684,4,-1,5,3,0,862,649,170
459,18,18,611,611,0,44,44,646,646,0,0.00034037918240920387,0.00034037918240920387,636,636,0,-1,3,3,7,2,209,323,987
460,7,7,560,560,0,8,8,514,514,0,6.807583648184077e-05,6.807583648184077e-05,441,441,0,-1,4,4,2,2,924,599,856
461,14,116,695,964,269,18,18,738,738,0,0.00088498587426393,0.0009190237925048504,800,808,8,4,4,4,3,4,850,326,549
462,32,32,710,710,0,46,46,619,619,0,0.0004084550188910446,0.0004084550188910446,677,677,0,-1,3,3,8,8,483,417,988
463,1,103,332,952,620,2,3,332,390,58,0.0,3.4037918240920386e-05,1,406,405,4,6,5,2,1,994,743,711
464,88,88,894,894,0,38,38,823,823,0,0.0018720855032506212,0.0018720855032506212,885,885,0,-1,3,3,3,13,613,261,936
465,0,206,1,952,951,0,35,1,509,508,0.0,0.00030634126416828345,1,616,615,3,-1,4,10,0,254,907,29
466,85,701,859,994,135,84,104,793,873,80,0.0011232513019503727,0.004765308553728854,813,955,142,2,3,3,9,20,123,189,105
467,18,18,632,632,0,36,36,554,554,0,0.00017018959120460194,0.00017018959120460194,549,549,0,-1,4,4,8,5,225,636,620
468,12,628,509,992,483,52,90,601,786,185,0.00030634126416828345,0.010007147962830594,630,980,350,2,4,3,10,2,298,682,0
469,0,206,1,952,951,0,34,1,475,474,0.0,0.0008509479560230097,1,782,781,3,-1,4,11,0,230,517,630
470,84,290,845,970,125,136,144,809,837,28,0.002927260968719153,0.0033357159876101976,920,932,12,3,2,2,15,4,104,315,697
471,11,11,653,653,0,7,7,541,541,0,0.0005105687736138058,0.0005105687736138058,733,733,0,-1,4,4,2,7,995,170,742
472,0,206,1,964,963,0,15,1,445,444,0.0,0.0005786446100956465,1,718,717,3,-1,4,6,0,353,824,288
473,2,104,369,934,565,5,6,392,423,31,3.4037918240920386e-05,0.0005446066918547262,386,722,336,4,5,5,3,2,615,292,217
474,6,107,487,947,460,6,6,458,458,0,0.00013615167296368154,0.00017018959120460194,524,565,41,5,5,5,3,3,867,677,580
475,0,102,1,926,925,0,8,1,387,386,0.0,0.00017018959120460194,1,564,563,4,-1,5,5,1,795,947,465
476,130,232,964,983,19,22,22,840,840,0,0.0048674223084516155,0.004969536063174376,961,961,0,4,3,3,2,25,998,105,197
477,0,0,1,1,0,0,0,1,1,0,0.0,0.0,1,1,0,-1,-1,-1,2,0,982,515,660
478,32,238,777,975,198,30,30,707,707,0,0.0013274788113958951,0.0014295925661186562,841,850,9,3,4,4,5,6,463,397,681
479,2,104,358,900,542,7,7,382,382,0,0.0,3.4037918240920386e-05,1,391,390,4,5,5,4,1,493,639,549
480,0,102,1,897,896,0,13,1,378,377,0.0,3.4037918240920386e-05,1,403,402,4,-1,5,9,0,190,728,580
481,16,16,573,573,0,30,30,498,498,0,0.00017018959120460194,0.00017018959120460194,543,543,0,-1,3,3,9,1,208,503,851
482,24,24,746,746,0,36,36,792,792,0,0.0005786446100956465,0.0005786446100956465,728,728,0,-1,3,3,5,4,629,407,874
483,29,235,711,968,257,50,50,701,701,0,0.00088498587426393,0.001157289220191293,783,818,35,3,3,3,8,5,468,591,212
484,109,109,926,926,0,54,54,881,881,0,0.0015657442390823377,0.0015657442390823377,869,869,0,-1,3,3,4,18,532,64,976
485,20,226,573,944,371,110,110,613,613,0,0.0002382654276864427,0.0004084550188910446,577,655,78,3,3,3,23,5,57,722,230
486,0,206,1,973,972,0,12,1,449,448,0.0,0.0002382654276864427,1,603,602,3,-1,4,6,0,529,489,260
487,6,6,471,471,0,4,4,427,427,0,6.807583648184077e-05,6.807583648184077e-05,440,440,0,-1,5,5,2,4,739,332,372
488,5,107,530,968,438,4,4,444,444,0,0.00013615167296368154,0.0004084550188910446,516,688,172,4,5,5,2,3,968,704,562
489,306,306,974,974,0,208,208,950,950,0,0.004152626025392287,0.004152626025392287,941,941,0,-1,2,2,14,44,172,27,638
490,0,101,1,914,913,0,5,1,330,329,0.0,6.807583648184077e-05,1,453,452,5,-1,6,5,1,773,947,555
491,6,212,447,971,524,10,20,453,602,149,0.0002382654276864427,0.005173763572619898,594,962,368,3,4,4,4,3,313,755,9
492,66,66,819,819,0,118,118,785,785,0,0.0013274788113958951,0.0013274788113958951,831,831,0,-1,3,3,13,11,115,193,712
493,6,108,400,898,498,15,20,390,409,19,3.4037918240920386e-05,0.00013615167296368154,401,511,110,4,4,4,9,2,306,495,556
494,12,12,536,536,0,44,44,637,637,0,0.0002723033459273631,0.0002723033459273631,609,609,0,-1,4,4,8,4,350,149,766
495,0,102,1,942,941,0,4,1,369,368,0.0,0.00010211375472276115,1,490,489,4,-1,5,3,0,693,649,840
496,1,1,333,333,0,19,19,333,333,0,0.0,0.0,1,1,0,-1,6,6,19,2,38,344,948
497,14,220,644,978,334,14,14,589,589,0,0.0004084550188910446,0.0005446066918547262,675,729,54,3,4,4,3,4,433,479,453
498,0,102,1,917,916,0,5,1,365,364,0.0,3.4037918240920386e-05,1,410,409,4,-1,5,4,0,690,940,244
499,0,101,1,960,959,0,2,1,330,329,0.0,0.0,1,1,0,6,-1,7,2,3,847,882,893
500,0,0,1,1,0,0,0,1,1,0,0.0,0.0,1,1,0,-1,-1,-1,16,0,60,889,943
501,12,114,643,952,309,18,18,721,721,0,0.0005105687736138058,0.0006467204465774873,727,751,24,4,4,4,3,4,569,333,596
502,0,0,1,1,0,0,0,1,1,0,0.0,0.0,1,1,0,-1,-1,-1,10,0,285,880,668
503,34,240,704,964,260,54,70,620,703,83,0.0002042275094455223,0.0029612988869600733,565,917,352,3,3,3,10,9,125,317,26
504,6,212,443,971,528,10,12,446,482,36,0.0,0.001497668402600497,1,850,849,3,4,4,4,2,544,342,85
505,13,13,700,700,0,8,8,564,564,0,0.0004084550188910446,0.0004084550188910446,692,692,0,-1,4,4,2,5,890,182,488
506,2,208,374,984,610,3,12,375,680,305,3.4037918240920386e-05,0.0029612988869600733,397,932,535,3,5,4,2,2,830,690,35
507,0,102,1,939,938,0,3,1,371,370,0.0,0.0002382654276864427,1,591,590,4,-1,5,2,0,939,923,328
508,2,208,362,971,609,9,16,389,476,87,0.0,0.0006467204465774873,1,751,750,3,5,4,6,1,657,853,326
509,18,634,634,993,359,40,50,664,775,111,0.0009190237925048504,0.005105687736138058,806,963,157,2,3,3,5,3,238,299,33
510,43,145,744,916,172,80,80,653,653,0,0.0002723033459273631,0.0004765308553728854,598,690,92,4,3,3,13,7,120,176,322
511,0,616,1,994,993,0,53,1,614,613,0.0,0.0014295925661186562,1,839,838,2,-1,3,10,0,109,732,117
512,0,102,1,895,894,0,15,1,400,399,0.0,0.00010211375472276115,1,489,488,4,-1,5,8,1,225,738,689
513,0,206,1,975,974,0,13,1,588,587,0.0,0.0008169100377820892,1,795,794,3,-1,4,3,0,857,782,471
514,100,306,857,968,111,138,138,830,830,0,0.0021784267674189047,0.0024507301133462676,891,900,9,3,3,3,16,14,72,190,353
515,0,0,1,1,0,0,0,1,1,0,0.0,0.0,1,1,0,-1,-1,-1,2,0,820,860,367
516,30,131,798,955,157,24,24,790,790,0,0.0004084550188910446,0.0005105687736138058,687,716,29,5,3,3,3,6,899,381,444
517,62,164,860,957,97,52,52,841,841,0,0.0014636304843595766,0.002314578440382586,851,892,41,4,3,3,6,11,399,166,60
518,110,726,913,999,86,60,70,883,912,29,0.0030634126416828346,0.01575955614554614,924,991,67,2,3,3,5,19,599,135,70
519,13,219,507,954,447,62,82,513,589,76,0.0002042275094455223,0.0010211375472276116,563,793,230,3,4,4,17,4,73,278,642
520,0,0,1,1,0,0,0,1,1,0,0.0,0.0,1,1,0,-1,-1,-1,8,1,197,554,742
521,8,8,550,550,0,16,16,566,566,0,0.00010211375472276115,0.00010211375472276115,485,485,0,-1,4,4,4,4,728,551,825
522,16,117,552,888,336,66,66,568,568,0,0.00010211375472276115,0.00010211375472276115,487,487,0,5,3,3,14,2,198,325,331
523,16,222,529,948,419,82,82,578,578,0,0.0002042275094455223,0.0004084550188910446,558,670,112,3,3,3,17,1,6,531,690
524,41,247,788,969,181,48,48,696,696,0,0.0012934408931549745,0.0020422750944552232,838,886,48,3,3,3,7,7,466,399,559
525,0,102,1,897,896,0,20,1,404,403,0.0,0.0004084550188910446,1,680,679,4,-1,5,11,0,176,826,382
526,17,118,673,940,267,22,22,623,623,0,0.000442492937131965,0.000442492937131965,690,690,0,5,4,4,5,6,685,4,364
527,0,206,1,964,963,0,34,1,575,574,0.0,0.0009530617107457708,1,800,799,3,-1,4,7,0,299,977,62
528,0,616,1,992,991,0,48,1,610,609,0.0,0.0018040096667687805,1,866,865,2,-1,3,9,0,208,200,146
529,41,41,781,781,0,42,42,721,721,0,0.0009870996289866913,0.0009870996289866913,799,799,0,-1,3,3,6,8,536,352,888
530,24,230,724,973,249,40,40,788,788,0,0.0007828721195411688,0.0012594029749140542,774,832,58,3,3,3,5,3,291,653,390
531,16,16,610,610,0,26,26,688,688,0,0.0002382654276864427,0.0002382654276864427,589,589,0,-1,3,3,4,1,547,552,944
532,66,66,855,855,0,102,102,945,945,0,0.0018720855032506212,0.0018720855032506212,877,877,0,-1,2,2,7,6,361,136,574
533,0,102,1,904,903,0,12,1,370,369,0.0,0.00010211375472276115,1,481,480,4,-1,5,9,0,180,715,290
534,18,18,699,699,0,24,24,768,768,0,0.0006807583648184077,0.0006807583648184077,775,775,0,-1,3,3,3,2,729,473,889
535,22,22,671,671,0,68,68,838,838,0,0.0009870996289866913,0.0009870996289866913,798,798,0,-1,3,3,7,4,264,143,633
536,0,102,1,917,916,0,6,1,393,392,0.0,0.00030634126416828345,1,635,634,4,-1,5,3,0,808,917,154
537,19,19,679,679,0,22,22,603,603,0,0.0005105687736138058,0.0005105687736138058,717,717,0,-1,4,4,5,5,843,591,643
538,22,228,650,965,315,39,43,589,624,35,0.0002042275094455223,0.0009870996289866913,563,800,237,3,3,3,9,2,389,586,396
539,0,0,1,1,0,0,0,1,1,0,0.0,0.0,1,1,0,-1,-1,-1,8,1,370,529,801
540,0,0,1,1,0,0,0,1,1,0,0.0,0.0,1,1,0,-1,-1,-1,8,1,499,529,843
541,0,0,1,1,0,0,0,1,1,0,0.0,0.0,1,1,0,-1,-1,-1,9,1,100,948,699
542,0,102,1,948,947,0,6,1,396,395,0.0,0.00034037918240920387,1,657,656,4,-1,5,4,1,480,568,299
543,0,616,1,992,991,0,76,1,606,605,0.0,0.0017359338302869397,1,871,870,2,-1,3,15,0,45,864,85
544,0,102,1,948,947,0,6,1,438,437,0.0,0.00030634126416828345,1,643,642,4,-1,5,3,0,718,713,257
545,0,101,1,885,884,0,11,1,332,331,0.0,3.4037918240920386e-05,1,393,392,5,-1,6,11,1,174,539,509
546,10,112,571,927,356,14,14,494,494,0,0.0,3.4037918240920386e-05,1,404,403,4,4,4,5,3,456,347,661
547,121,223,950,979,29,44,44,894,894,0,0.0028932230504782326,0.0029612988869600733,926,926,0,4,3,3,4,28,553,44,314
548,9,215,583,981,398,14,14,587,587,0,0.00030634126416828345,0.0009870996289866913,624,814,190,3,4,4,3,7,628,451,242
549,6,107,515,950,435,14,14,630,630,0,0.00010211375472276115,0.00010211375472276115,493,493,0,5,4,4,3,1,707,282,576
550,109,211,929,974,45,44,44,847,847,0,0.0026889955410327104,0.0027911092957554717,916,922,6,4,3,3,4,25,495,47,646
551,0,102,1,911,910,0,7,1,374,373,0.0,0.0,1,1,0,4,-1,5,5,0,407,502,714
552,171,273,952,974,22,64,64,936,936,0,0.004731270635487933,0.005071649817897137,957,961,4,4,3,3,4,27,717,88,136
553,0,101,1,939,938,0,2,1,331,330,0.0,3.4037918240920386e-05,1,409,408,5,-1,6,2,2,820,462,463
554,4,105,486,965,479,6,6,459,459,0,0.00013615167296368154,0.00037441710065012424,513,657,144,5,5,5,3,3,786,496,785
555,12,114,631,948,317,18,18,668,668,0,0.0005105687736138058,0.0007147962830593281,713,762,49,4,4,4,3,7,814,170,314
556,11,113,610,939,329,14,14,530,530,0,0.0004765308553728854,0.0004765308553728854,707,707,0,4,4,4,5,6,695,459,322
557,0,102,1,973,972,0,3,1,413,412,0.0,0.0006126825283365669,1,759,758,4,-1,5,2,0,872,588,264
558,12,12,599,599,0,18,18,625,625,0,0.0002723033459273631,0.0002723033459273631,616,616,0,-1,4,4,3,4,869,551,731
559,0,0,1,1,0,0,0,1,1,0,0.0,0.0,1,1,0,-1,-1,-1,4,0,649,863,757
560,125,227,912,959,47,136,136,926,926,0,0.00353994349705572,0.003642057251778481,935,937,2,4,3,3,11,19,155,135,584
561,6,108,392,889,497,68,68,639,639,0,0.00010211375472276115,0.00010211375472276115,485,485,0,4,4,4,12,1,252,689,560
562,0,206,1,947,946,0,34,1,436,435,0.0,0.0002723033459273631,1,587,586,3,-1,4,14,0,268,995,195
563,20,226,658,962,304,50,50,776,776,0,0.0002723033459273631,0.0008169100377820892,610,790,180,3,3,3,5,6,238,406,253
564,61,163,923,980,57,22,22,901,901,0,0.002825147213996392,0.0034037918240920387,929,941,12,4,3,3,2,19,810,135,207
565,62,62,842,842,0,62,62,800,800,0,0.0016678579938050988,0.0016678579938050988,856,856,0,-1,3,3,7,13,398,335,436
566,20,122,677,938,261,26,26,717,717,0,0.0006126825283365669,0.0009190237925048504,749,801,52,4,3,3,4,4,445,332,173
567,120,222,895,955,60,150,150,835,835,0,0.0015317063208414173,0.0015317063208414173,851,851,0,4,3,3,15,18,40,148,749
568,14,115,675,954,279,8,8,525,525,0,0.00010211375472276115,0.00013615167296368154,493,519,26,5,4,4,2,8,820,477,509
569,170,376,956,988,32,62,62,955,955,0,0.005650294427992784,0.006433166547533953,969,971,2,3,2,2,3,28,459,41,185
570,13,13,676,676,0,14,14,638,638,0,0.00017018959120460194,0.00017018959120460194,560,560,0,-1,4,4,3,4,840,339,729
571,0,206,1,944,943,0,57,1,462,461,0.0,0.0004084550188910446,1,664,663,3,-1,4,21,1,25,568,192
572,61,163,933,982,49,22,22,905,905,0,0.003812246842983083,0.003914360597705844,953,953,0,4,3,3,2,17,866,81,410
573,8,214,466,943,477,31,43,404,448,44,0.00010211375472276115,0.0007488342013002485,467,755,288,3,4,4,15,3,49,761,159
574,8,110,550,937,387,4,4,395,395,0,0.00010211375472276115,0.00017018959120460194,496,538,42,4,5,5,2,5,643,274,527
575,1,207,332,976,644,3,9,332,500,168,0.0,0.0009530617107457708,1,813,812,3,6,4,3,2,961,885,252
576,66,168,829,935,106,120,120,891,891,0,0.0005105687736138058,0.0005446066918547262,707,713,6,4,3,3,10,7,206,169,527
577,0,206,1,956,955,0,34,1,517,516,0.0,0.0014636304843595766,1,851,850,3,-1,4,9,0,306,901,55
578,1,207,333,963,630,7,14,333,408,75,3.4037918240920386e-05,0.00017018959120460194,408,553,145,3,6,4,7,1,510,540,891
579,8,214,578,980,402,12,12,714,714,0,0.0006126825283365669,0.0006467204465774873,753,765,12,3,4,4,2,3,876,209,544
580,1,207,333,947,614,12,28,333,437,104,0.0,0.0004765308553728854,1,692,691,3,6,4,12,1,292,140,645
581,52,52,802,802,0,84,84,759,759,0,0.001055175465468532,0.001055175465468532,811,811,0,-1,2,2,11,3,360,369,987
582,20,226,603,957,354,56,60,536,555,19,0.0002723033459273631,0.001497668402600497,610,853,243,3,4,4,14,5,130,124,91
583,14,220,614,973,359,16,16,544,544,0,0.00030634126416828345,0.0007828721195411688,635,769,134,3,4,4,4,7,593,188,172
584,2,104,373,932,559,4,4,404,404,0,0.0,0.0002723033459273631,1,620,619,4,5,5,2,1,934,878,80
585,0,101,1,912,911,0,6,1,328,327,0.0,6.807583648184077e-05,1,439,438,5,-1,6,6,0,664,966,311
586,41,142,877,976,99,12,12,720,720,0,0.002314578440382586,0.0023486163586235067,913,914,1,5,4,4,2,15,847,158,550
587,0,101,1,907,906,0,3,1,331,330,0.0,0.0,1,1,0,5,-1,6,3,0,704,875,679
588,22,228,676,969,293,38,38,705,705,0,0.00010211375472276115,0.0005786446100956465,487,728,241,3,3,3,6,2,606,465,482
589,10,112,653,966,313,6,6,497,497,0,0.0004765308553728854,0.0010211375472276116,706,817,111,4,5,5,3,9,852,343,145
590,0,616,1,996,995,0,40,1,665,664,0.0,0.002484768031587188,1,914,913,2,-1,3,7,0,361,848,203
591,22,22,653,653,0,48,48,619,619,0,0.00013615167296368154,0.00013615167296368154,515,515,0,-1,4,4,10,5,243,636,483
592,100,100,839,839,0,100,100,527,527,0,0.006569318220497634,0.006569318220497634,962,962,0,-1,1,1,23,5,15,182,912
593,91,193,900,963,63,40,40,844,844,0,0.0023486163586235067,0.0024166921951053475,904,907,3,4,3,3,4,19,949,72,220
594,0,102,1,911,910,0,7,1,388,387,0.0,6.807583648184077e-05,1,442,441,4,-1,5,4,0,917,897,637
595,4,210,468,977,509,5,10,407,531,124,0.00010211375472276115,0.0010892133837094523,489,821,332,3,5,4,3,5,854,476,335
596,54,155,842,949,107,64,64,941,941,0,0.002110350930937064,0.002110350930937064,892,892,0,5,2,2,4,5,949,412,853
597,8,624,466,991,525,35,100,424,687,263,6.807583648184077e-05,0.004833384390210695,448,951,503,2,4,3,14,3,127,585,20
598,13,115,586,920,334,24,24,539,539,0,0.0002042275094455223,0.0002382654276864427,572,605,33,4,4,4,6,5,267,362,743
599,0,0,1,1,0,0,0,1,1,0,0.0,0.0,1,1,0,-1,-1,-1,8,0,521,834,684
600,0,102,1,874,873,0,25,1,389,388,0.0,0.00030634126416828345,1,626,625,4,-1,5,15,0,0,796,368
601,12,12,626,626,0,14,14,597,597,0,0.00017018959120460194,0.00017018959120460194,549,549,0,-1,4,4,3,4,774,551,991
602,0,101,1,868,867,0,20,1,332,331,0.0,0.0,1,1,0,5,-1,6,20,0,61,620,590
603,73,73,896,896,0,22,22,796,796,0,0.002314578440382586,0.002314578440382586,907,907,0,-1,3,3,2,24,948,119,830
604,36,36,880,880,0,12,12,833,833,0,0.002552843868069029,0.002552843868069029,922,922,0,-1,4,4,2,17,920,85,918
605,3,104,522,979,457,2,2,329,329,0,3.4037918240920386e-05,0.000442492937131965,406,715,309,5,6,6,2,3,952,485,264
606,0,0,1,1,0,0,0,1,1,0,0.0,0.0,1,1,0,-1,-1,-1,7,3,510,753,925
607,0,0,1,1,0,0,0,1,1,0,0.0,0.0,1,1,0,-1,-1,-1,3,0,639,818,834
608,6,107,390,885,495,48,48,494,494,0,0.00013615167296368154,0.00017018959120460194,507,532,25,5,4,4,14,1,332,370,879
609,2,2,357,357,0,7,7,367,367,0,3.4037918240920386e-05,3.4037918240920386e-05,393,393,0,-1,5,5,5,3,818,484,513
610,0,102,1,930,929,0,8,1,443,442,0.0,0.0006807583648184077,1,749,748,4,-1,5,4,0,607,665,482
611,23,229,759,982,223,12,12,611,611,0,0.0005786446100956465,0.0010211375472276116,733,805,72,3,4,4,2,10,977,272,178
612,15,116,722,966,244,8,8,566,566,0,0.0002723033459273631,0.00037441710065012424,628,679,51,5,4,4,2,4,666,328,191
613,0,206,1,955,954,0,25,1,454,453,0.0,6.807583648184077e-05,1,450,449,3,-1,4,9,0,274,768,727
614,370,470,988,990,2,60,60,919,919,0,0.00789679703189353,0.00789679703189353,973,973,0,6,3,3,5,69,476,12,140
615,5,211,470,975,505,6,10,425,502,77,0.00010211375472276115,0.0012594029749140542,479,845,366,3,5,4,3,3,670,347,158
616,55,55,838,838,0,50,50,809,809,0,0.001055175465468532,0.001055175465468532,827,827,0,-1,3,3,5,8,382,352,948
617,89,89,884,884,0,54,54,866,866,0,0.0022465026039007454,0.0022465026039007454,899,899,0,-1,3,3,4,17,500,180,651
618,0,0,1,1,0,0,0,1,1,0,0.0,0.0,1,1,0,-1,-1,-1,4,0,741,943,356
619,0,0,1,1,0,0,0,1,1,0,0.0,0.0,1,1,0,-1,-1,-1,11,0,227,522,907
620,58,264,863,978,115,28,28,753,753,0,0.002212464685659825,0.0025188059498281084,893,907,14,3,3,3,3,13,743,183,480
621,68,684,869,999,130,34,44,738,828,90,0.0019061234214915416,0.007454304094761564,883,976,93,2,3,3,4,17,304,45,31
622,14,220,608,975,367,18,18,580,580,0,0.0002382654276864427,0.0009190237925048504,596,804,208,3,4,4,3,6,834,247,289
623,0,102,1,925,924,0,8,1,426,425,0.0,0.00034037918240920387,1,647,646,4,-1,5,4,0,633,945,461
624,0,101,1,914,913,0,6,1,332,331,0.0,6.807583648184077e-05,1,436,435,5,-1,6,6,0,322,713,597
625,100,100,861,861,0,100,100,634,634,0,0.012151536812008578,0.012151536812008578,986,986,0,-1,1,1,17,24,24,8,624
626,0,0,1,1,0,0,0,1,1,0,0.0,0.0,1,1,0,-1,-1,-1,21,0,3,674,932
627,2,2,379,379,0,4,4,409,409,0,3.4037918240920386e-05,3.4037918240920386e-05,414,414,0,-1,5,5,2,2,469,509,817
628,0,0,1,1,0,0,0,1,1,0,0.0,0.0,1,1,0,-1,-1,-1,2,0,982,778,698
629,2,2,346,346,0,20,20,387,387,0,6.807583648184077e-05,6.807583648184077e-05,435,435,0,-1,5,5,12,1,183,771,753
630,84,84,886,886,0,54,54,911,911,0,0.0019741992579733825,0.0019741992579733825,883,883,0,-1,3,3,4,14,783,146,821
631,0,102,1,926,925,0,9,1,417,416,0.0,0.0002382654276864427,1,600,599,4,-1,5,5,0,843,860,610
632,6,6,434,434,0,14,14,473,473,0,6.807583648184077e-05,6.807583648184077e-05,445,445,0,-1,4,4,5,2,524,544,984
633,55,157,828,939,111,48,48,664,664,0,0.0009530617107457708,0.0011232513019503727,802,817,15,4,4,4,8,14,380,139,262
634,8,214,501,959,458,24,24,515,515,0,6.807583648184077e-05,0.0002382654276864427,444,587,143,3,4,4,6,3,630,434,579
635,0,0,1,1,0,0,0,1,1,0,0.0,0.0,1,1,0,-1,-1,-1,3,0,892,522,786
636,6,1646,427,1000,573,20,62,498,871,373,0.00034037918240920387,0.017155110793423873,640,991,351,1,4,2,6,1,251,500,28
637,235,235,972,972,0,126,126,975,975,0,0.005820484019197386,0.005820484019197386,963,963,0,-1,2,2,7,37,342,74,348
638,93,93,873,873,0,84,84,846,846,0,0.0016678579938050988,0.0016678579938050988,862,862,0,-1,3,3,9,14,315,139,790
639,0,101,1,904,903,0,6,1,331,330,0.0,0.0,1,1,0,5,-1,6,6,1,556,852,466
640,67,168,874,965,91,44,44,856,856,0,0.0012934408931549745,0.0012934408931549745,836,836,0,5,3,3,4,15,735,62,931
641,0,0,1,1,0,0,0,1,1,0,0.0,0.0,1,1,0,-1,-1,-1,4,0,632,987,888
642,0,206,1,949,948,0,24,1,411,410,0.0,0.00010211375472276115,1,475,474,3,-1,4,12,0,184,514,617
643,66,66,839,839,0,112,112,929,929,0,0.001157289220191293,0.001157289220191293,817,817,0,-1,2,2,8,6,244,494,856
644,55,55,834,834,0,40,40,757,757,0,0.0016338200755641784,0.0016338200755641784,854,854,0,-1,3,3,5,17,464,213,981
645,0,102,1,894,893,0,17,1,409,408,0.0,0.0004084550188910446,1,672,671,4,-1,5,9,0,250,956,245
646,12,12,551,551,0,10,10,433,433,0,6.807583648184077e-05,6.807583648184077e-05,441,441,0,-1,4,4,3,3,731,829,950
647,0,0,1,1,0,0,0,1,1,0,0.0,0.0,1,1,0,-1,-1,-1,7,0,525,886,930
648,8,109,503,904,401,27,27,500,500,0,0.00030634126416828345,0.00037441710065012424,636,663,27,5,4,4,8,2,260,383,690
649,0,102,1,884,883,0,10,1,388,387,0.0,0.0002723033459273631,1,607,606,4,-1,5,6,0,425,979,477
650,16,16,758,758,0,8,8,589,589,0,0.0005786446100956465,0.0005786446100956465,756,756,0,-1,4,4,2,10,788,195,947
651,69,171,926,979,53,18,18,800,800,0,0.0034037918240920387,0.004833384390210695,941,957,16,4,4,4,3,29,852,142,68
652,9,111,654,969,315,4,4,468,468,0,0.0004765308553728854,0.0007147962830593281,709,771,62,4,5,5,2,6,865,376,869
653,5,5,534,534,0,4,4,448,448,0,0.0002042275094455223,0.0002042275094455223,586,586,0,-1,5,5,2,3,963,307,367
654,0,102,1,921,920,0,6,1,381,380,0.0,0.0002042275094455223,1,588,587,4,-1,5,4,3,885,882,121
655,36,138,779,939,160,34,34,740,740,0,0.0006807583648184077,0.0011232513019503727,758,825,67,4,3,3,4,6,917,194,461
656,0,206,1,929,928,0,70,1,403,402,0.0,3.4037918240920386e-05,1,388,387,3,-1,4,36,0,16,445,260
657,2,2,375,375,0,4,4,376,376,0,0.00010211375472276115,0.00010211375472276115,489,489,0,-1,5,5,3,1,608,334,815
658,0,0,1,1,0,0,0,1,1,0,0.0,0.0,1,1,0,-1,-1,-1,16,0,60,912,883
659,7,109,541,938,397,12,12,583,583,0,0.0002042275094455223,0.00030634126416828345,574,633,59,4,4,4,2,2,689,700,424
660,0,101,1,909,908,0,4,1,332,331,0.0,0.0,1,1,0,6,-1,7,4,0,572,757,703
661,15,221,600,962,362,38,42,607,660,53,0.00030634126416828345,0.003199564314646516,642,930,288,3,4,4,7,5,466,454,25
662,59,161,836,945,109,72,72,827,827,0,0.0007488342013002485,0.0008169100377820892,756,776,20,4,3,3,7,8,450,352,435
663,0,0,1,1,0,0,0,1,1,0,0.0,0.0,1,1,0,-1,-1,-1,2,0,910,793,823
664,18,634,613,992,379,54,68,630,704,74,0.00010211375472276115,0.0036760951700194017,474,935,461,2,4,3,11,3,379,248,44
665,3,3,442,442,0,3,3,371,371,0,6.807583648184077e-05,6.807583648184077e-05,464,464,0,-1,5,5,2,2,283,523,856
666,0,102,1,928,927,0,4,1,393,392,0.0,0.00017018959120460194,1,555,554,4,-1,5,2,0,752,942,239
667,0,101,1,923,922,0,5,1,332,331,0.0,6.807583648184077e-05,1,442,441,5,-1,6,5,0,430,675,444
668,2,103,395,962,567,3,3,404,404,0,3.4037918240920386e-05,3.4037918240920386e-05,414,414,0,5,5,5,2,2,788,662,625
669,2,103,382,957,575,3,3,386,386,0,0.0,3.4037918240920386e-05,1,409,408,5,5,5,2,1,965,873,411
670,44,250,803,971,168,58,58,792,792,0,0.0005446066918547262,0.0009530617107457708,712,803,91,3,3,3,7,4,361,259,339
671,98,98,916,916,0,78,78,968,968,0,0.004561081044283332,0.004561081044283332,957,957,0,-1,2,2,4,18,475,63,877
672,32,134,764,942,178,40,40,781,781,0,0.0005786446100956465,0.0006126825283365669,732,740,8,4,3,3,5,9,538,212,873
673,0,0,1,1,0,0,0,1,1,0,0.0,0.0,1,1,0,-1,-1,-1,5,1,773,806,614
674,115,315,953,990,37,22,22,824,824,0,0.0030634126416828346,0.004833384390210695,934,960,26,3,3,3,2,24,910,13,95
675,0,102,1,903,902,0,8,1,390,389,0.0,0.00030634126416828345,1,622,621,4,-1,5,5,0,173,715,562
676,8,8,565,565,0,12,12,640,640,0,0.00030634126416828345,0.00030634126416828345,636,636,0,-1,4,4,2,2,816,323,932
677,88,88,931,931,0,18,18,696,696,0,0.002723033459273631,0.002723033459273631,921,921,0,-1,4,4,3,26,718,108,760
678,0,0,1,1,0,0,0,1,1,0,0.0,0.0,1,1,0,-1,-1,-1,3,0,900,733,698
679,0,102,1,918,917,0,7,1,384,383,0.0,6.807583648184077e-05,1,453,452,4,-1,5,4,1,736,780,704
680,6,6,494,494,0,14,14,638,638,0,0.0002723033459273631,0.0002723033459273631,622,622,0,-1,4,4,3,1,840,741,909
681,40,656,792,997,205,50,70,817,916,99,0.0008169100377820892,0.005446066918547262,772,961,189,2,3,3,5,6,173,381,36
682,8,109,516,923,407,18,18,510,510,0,3.4037918240920386e-05,6.807583648184077e-05,396,456,60,5,4,4,5,5,247,231,460
683,36,242,779,974,195,24,24,645,645,0,0.0009530617107457708,0.0015317063208414173,803,860,57,3,4,4,4,8,917,204,396
684,114,216,928,970,42,54,54,910,910,0,0.0026549576227917903,0.002723033459273631,916,918,2,4,3,3,4,20,655,95,370
685,0,616,1,989,988,0,110,1,593,592,0.0,0.0013274788113958951,1,834,833,2,-1,3,24,1,28,456,119
686,69,170,848,951,103,74,74,845,845,0,0.0042547397801150485,0.0042547397801150485,949,949,0,6,2,2,8,11,468,162,972
687,170,272,927,963,36,158,158,901,901,0,0.002995336805200994,0.0030974505599237552,926,928,2,4,3,3,13,26,41,108,430
688,0,616,1,992,991,0,54,1,729,728,0.0,0.002927260968719153,1,924,923,2,-1,3,7,0,436,455,36
689,10,112,576,928,352,18,18,653,653,0,0.00017018959120460194,0.0007147962830593281,559,772,213,4,4,4,3,4,672,617,658
690,0,206,1,954,953,0,19,1,442,441,0.0,0.0004765308553728854,1,704,703,3,-1,4,8,0,282,888,376
691,56,56,862,862,0,28,28,796,796,0,0.0018040096667687805,0.0018040096667687805,881,881,0,-1,3,3,3,20,833,87,715
692,16,632,518,988,470,54,120,511,769,258,0.0002382654276864427,0.006297014874570271,580,962,382,2,3,3,14,2,122,648,19
693,9,110,558,932,374,3,3,367,367,0,0.0002042275094455223,0.0002382654276864427,577,599,22,6,5,5,2,6,932,279,540
694,17,17,635,635,0,46,46,755,755,0,0.00037441710065012424,0.00037441710065012424,664,664,0,-1,3,3,6,2,98,101,968
695,6,108,434,919,485,22,22,574,574,0,0.0002042275094455223,0.00037441710065012424,564,670,106,4,4,4,5,1,524,609,278
696,1,103,332,961,629,2,4,332,438,106,0.0,0.0009870996289866913,1,816,815,4,6,5,2,2,997,292,264
697,12,218,521,955,434,48,48,568,568,0,0.00030634126416828345,0.00037441710065012424,626,653,27,3,4,4,10,3,105,505,152
698,96,198,902,964,62,84,84,952,952,0,0.003369753905851118,0.003369753905851118,939,939,0,4,2,2,5,14,555,139,597
699,0,0,1,1,0,0,0,1,1,0,0.0,0.0,1,1,0,-1,-1,-1,6,0,455,778,650
700,0,102,1,911,910,0,8,1,401,400,0.0,0.00034037918240920387,1,645,644,4,-1,5,4,0,870,768,450
701,9,111,530,913,383,17,18,445,458,13,0.00010211375472276115,0.0002723033459273631,478,598,120,4,4,4,7,4,214,442,302
702,217,317,986,995,9,32,32,964,964,0,0.007590455767725246,0.008951972497362062,975,980,5,4,3,3,2,81,810,32,91
703,0,102,1,925,924,0,6,1,362,361,0.0,0.0002042275094455223,1,582,581,4,-1,5,5,1,629,641,418
704,126,742,904,995,91,76,90,754,815,61,0.0012594029749140542,0.004595118962524252,823,948,125,2,3,3,10,20,109,71,102
705,0,101,1,915,914,0,4,1,331,330,0.0,0.0,1,1,0,5,-1,6,4,1,921,428,503
706,0,101,1,945,944,0,4,1,330,329,0.0,0.0,1,1,0,7,-1,8,4,1,754,738,861
707,0,102,1,894,893,0,15,1,389,388,0.0,0.0,1,1,0,4,-1,5,9,0,330,894,508
708,2,2,356,356,0,11,11,387,387,0,6.807583648184077e-05,6.807583648184077e-05,447,447,0,-1,5,5,7,1,466,337,824
709,0,0,1,1,0,0,0,1,1,0,0.0,0.0,1,1,0,-1,-1,-1,2,0,924,777,696
710,0,101,1,929,928,0,4,1,332,331,0.0,6.807583648184077e-05,1,458,457,5,-1,6,4,0,891,832,755
711,0,206,1,965,964,0,16,1,507,506,0.0,0.0002042275094455223,1,585,584,3,-1,4,4,0,532,574,453
712,73,279,864,975,111,50,50,790,790,0,0.0012934408931549745,0.0026549576227917903,832,915,83,3,3,3,5,15,506,92,94
713,4,106,503,971,468,4,4,466,466,0,6.807583648184077e-05,0.00037441710065012424,449,668,219,4,5,5,2,2,959,579,289
714,27,233,777,979,202,24,24,781,781,0,0.0005786446100956465,0.0007828721195411688,729,767,38,3,3,3,3,10,716,266,202
715,16,118,648,939,291,20,20,612,612,0,0.00013615167296368154,0.0004765308553728854,518,694,176,4,4,4,4,5,611,350,382
716,649,649,992,992,0,348,348,990,990,0,0.011675005956635693,0.011675005956635693,985,985,0,-1,2,2,17,75,71,24,907
717,108,314,918,978,60,94,94,971,971,0,0.0040845501889104465,0.009020048333843901,949,980,31,3,2,2,5,17,407,60,18
718,6,6,416,416,0,52,52,631,631,0,0.00034037918240920387,0.00034037918240920387,651,651,0,-1,4,4,10,1,161,474,776
719,2,104,357,909,552,10,10,418,418,0,0.0,3.4037918240920386e-05,1,399,398,4,5,5,5,1,501,577,870
720,86,188,837,934,97,166,166,836,836,0,0.0018040096667687805,0.0019061234214915416,866,876,10,4,2,2,17,8,94,186,409
721,12,114,526,908,382,46,46,614,614,0,0.0007828721195411688,0.0009190237925048504,767,785,18,4,4,4,9,5,330,535,528
722,38,244,824,979,155,38,38,889,889,0,0.0017018959120460194,0.002586881786309949,876,907,31,3,3,3,3,8,627,177,397
723,56,672,791,993,202,152,162,904,918,14,0.0017018959120460194,0.0021784267674189047,868,897,29,2,2,2,13,6,90,471,634
724,252,252,973,973,0,124,124,933,933,0,0.00442492937131965,0.00442492937131965,950,950,0,-1,3,3,9,50,119,33,754
725,6,108,409,903,494,40,40,599,599,0,3.4037918240920386e-05,0.0002382654276864427,407,593,186,4,4,4,8,1,499,718,528
726,39,39,820,820,0,40,40,806,806,0,0.0011232513019503727,0.0011232513019503727,838,838,0,-1,3,3,5,11,647,316,955
727,0,206,1,971,970,0,10,1,449,448,0.0,0.00013615167296368154,1,519,518,3,-1,4,4,0,709,769,394
728,0,101,1,886,885,0,12,1,332,331,0.0,0.0,1,1,0,5,-1,6,12,3,212,746,503
729,8,214,557,977,420,4,8,404,488,84,0.00037441710065012424,0.00088498587426393,673,793,120,3,5,4,2,4,934,645,622
730,24,126,603,881,278,88,88,564,564,0,0.00013615167296368154,0.0002042275094455223,494,552,58,4,3,3,19,3,11,214,791
731,0,616,1,993,992,0,52,1,706,705,0.0,0.006058749446883829,1,968,967,2,-1,3,7,0,591,571,70
732,6,6,450,450,0,7,7,457,457,0,6.807583648184077e-05,6.807583648184077e-05,448,448,0,-1,4,4,2,2,932,597,852
733,41,41,770,770,0,40,40,626,626,0,0.0005446066918547262,0.0005446066918547262,716,716,0,-1,3,3,7,9,591,198,962
734,10,10,606,606,0,6,6,453,453,0,0.0002723033459273631,0.0002723033459273631,622,622,0,-1,5,5,3,5,961,314,569
735,46,252,812,974,162,64,68,864,866,2,0.0019061234214915416,0.003369753905851118,877,930,53,3,2,2,7,4,482,239,42
736,15,15,624,624,0,16,16,517,517,0,0.00034037918240920387,0.00034037918240920387,648,648,0,-1,4,4,4,4,641,208,965
737,57,263,836,976,140,66,66,869,869,0,0.0026889955410327104,0.00353994349705572,912,940,28,3,3,3,6,6,98,73,138
738,38,139,752,926,174,58,58,728,728,0,0.0004765308553728854,0.0005105687736138058,693,703,10,6,3,3,8,7,334,237,748
739,0,0,1,1,0,0,0,1,1,0,0.0,0.0,1,1,0,-1,-1,-1,15,0,138,819,620
740,1,102,331,973,642,2,2,331,331,0,0.0,6.807583648184077e-05,1,455,454,5,6,6,2,1,872,140,508
741,0,101,1,953,952,0,3,1,328,327,0.0,0.0,1,1,0,8,-1,9,3,0,918,786,448
742,32,133,716,920,204,80,80,810,810,0,0.0004084550188910446,0.0004084550188910446,678,678,0,5,3,3,9,4,367,551,558
743,34,34,728,728,0,84,84,801,801,0,0.0005786446100956465,0.0005786446100956465,709,709,0,-1,3,3,9,5,276,338,898
744,0,206,1,983,982,0,7,1,528,527,0.0,0.0005786446100956465,1,742,741,3,-1,4,2,0,821,538,206
745,0,206,1,966,965,0,24,1,515,514,0.0,0.0013955546478777359,1,847,846,3,-1,4,6,2,470,633,255
746,7,109,560,949,389,14,14,614,614,0,0.0007488342013002485,0.001055175465468532,780,821,41,4,4,4,3,3,535,299,475
747,2,618,361,996,635,7,34,389,703,314,0.0,0.005105687736138058,1,963,962,2,5,3,4,2,500,721,31
748,0,101,1,899,898,0,5,1,331,330,0.0,0.0,1,1,0,5,-1,6,5,1,426,660,618
749,28,28,661,661,0,106,106,744,744,0,0.00037441710065012424,0.00037441710065012424,654,654,0,-1,3,3,15,3,45,318,915
750,2,208,361,965,604,10,27,368,531,163,0.0,0.00088498587426393,1,786,785,3,5,4,8,1,323,402,139
751,0,0,1,1,0,0,0,1,1,0,0.0,0.0,1,1,0,-1,-1,-1,9,0,381,498,922
752,6,6,417,417,0,19,19,428,428,0,3.4037918240920386e-05,3.4037918240920386e-05,402,402,0,-1,4,4,9,3,177,755,993
753,22,22,693,693,0,48,48,925,925,0,0.0015657442390823377,0.0015657442390823377,864,864,0,-1,3,3,3,4,471,143,744
754,18,119,622,910,288,42,42,685,685,0,0.0002382654276864427,0.0002382654276864427,591,591,0,5,3,3,6,2,425,628,374
755,91,192,894,965,71,56,56,831,831,0,0.0022465026039007454,0.0022465026039007454,903,903,0,5,3,3,6,19,405,72,734
756,0,0,1,1,0,0,0,1,1,0,0.0,0.0,1,1,0,-1,-1,-1,2,0,841,889,951
757,70,686,787,992,205,178,178,761,761,0,0.0005446066918547262,0.0016678579938050988,701,867,166,2,3,3,22,6,18,46,243
758,10,111,529,901,372,18,18,457,457,0,0.00013615167296368154,0.00017018959120460194,510,549,39,5,4,4,7,4,299,567,717
759,6,108,398,893,495,22,22,417,417,0,0.0,0.0,1,1,0,4,4,4,11,1,248,878,607
760,25,231,752,981,229,18,18,706,706,0,0.0004084550188910446,0.002382654276864427,675,907,232,3,4,4,3,7,676,134,68
761,0,1640,1,1000,999,0,142,1,837,836,0.0,0.012628067667381462,1,988,987,1,-1,2,16,0,72,955,7
762,0,206,1,951,950,0,38,1,501,500,0.0,0.0007488342013002485,1,758,757,3,-1,4,11,1,215,738,130
763,805,805,1000,1000,0,56,56,959,959,0,0.020592940535756832,0.020592940535756832,998,998,0,-1,2,2,2,157,893,2,945
764,135,236,904,959,55,174,174,903,903,0,0.0022465026039007454,0.0022465026039007454,892,892,0,5,3,3,14,20,198,87,618
765,16,117,579,915,336,54,54,754,754,0,0.00034037918240920387,0.00034037918240920387,648,648,0,5,3,3,7,1,678,711,893
766,0,0,1,1,0,0,0,1,1,0,0.0,0.0,1,1,0,-1,-1,-1,7,0,179,750,796
767,0,101,1,932,931,0,3,1,332,331,0.0,6.807583648184077e-05,1,468,467,5,-1,6,3,0,958,758,761
768,0,206,1,943,942,0,48,1,487,486,0.0,0.0005446066918547262,1,707,706,3,-1,4,16,0,72,980,83
769,46,46,833,833,0,26,26,756,756,0,0.0007147962830593281,0.0007147962830593281,768,768,0,-1,3,3,4,10,617,262,548
770,0,102,1,913,912,0,4,1,392,391,0.0,0.0006467204465774873,1,752,751,4,-1,5,2,0,905,760,264
771,4,4,401,401,0,16,16,382,382,0,0.0,0.0,1,1,0,-1,5,5,11,2,224,694,455
772,36,36,794,794,0,34,34,788,788,0,0.0008509479560230097,0.0008509479560230097,792,792,0,-1,3,3,4,8,885,90,875
773,9,111,534,914,380,12,12,435,435,0,0.00013615167296368154,0.0004084550188910446,522,675,153,4,4,4,4,5,509,570,236
774,647,749,994,997,3,264,264,989,989,0,0.01497668402600497,0.015146873617209572,988,989,1,4,2,2,12,91,106,7,303
775,2,1642,353,1000,647,14,74,385,812,427,0.0,0.012185574730249497,1,982,981,1,5,2,9,2,339,509,66
776,20,636,652,993,341,40,58,634,762,128,0.0002042275094455223,0.0018380475850097008,575,873,298,2,3,3,7,3,216,214,54
777,0,206,1,975,974,0,14,1,591,590,0.0,0.0009530617107457708,1,808,807,3,-1,4,3,0,845,324,243
778,0,0,1,1,0,0,0,1,1,0,0.0,0.0,1,1,0,-1,-1,-1,2,0,851,657,696
779,0,102,1,886,885,0,9,1,362,361,0.0,0.0,1,1,0,4,-1,5,7,2,374,684,829
780,2,208,345,939,594,25,70,366,493,127,0.0,0.0007488342013002485,1,749,748,3,5,4,19,1,19,543,470
781,0,102,1,909,908,0,7,1,360,359,0.0,0.00010211375472276115,1,482,481,4,-1,5,6,0,455,918,527
782,15,15,578,578,0,22,22,465,465,0,0.00034037918240920387,0.00034037918240920387,633,633,0,-1,4,4,7,4,366,208,967
783,0,0,1,1,0,0,0,1,1,0,0.0,0.0,1,1,0,-1,-1,-1,4,1,550,539,841
784,8,110,581,958,377,4,4,420,420,0,0.0002042275094455223,0.0011913271384322134,585,837,252,4,5,5,2,4,686,208,96
785,12,12,600,600,0,14,14,566,566,0,0.0007488342013002485,0.0007488342013002485,776,776,0,-1,4,4,3,5,901,535,254
786,0,0,1,1,0,0,0,1,1,0,0.0,0.0,1,1,0,-1,-1,-1,5,0,376,938,978
787,19,225,679,976,297,26,26,721,721,0,0.0004765308553728854,0.0006807583648184077,708,758,50,3,3,3,4,3,558,458,591
788,0,616,1,988,987,0,60,1,427,426,0.0,0.0002042275094455223,1,557,556,2,-1,3,25,1,17,874,477
789,6,622,452,998,546,18,28,623,748,125,6.807583648184077e-05,0.003199564314646516,446,927,481,2,4,3,3,1,900,810,166
790,0,101,1,900,899,0,8,1,332,331,0.0,0.0,1,1,0,5,-1,6,8,0,282,433,654
791,0,0,1,1,0,0,0,1,1,0,0.0,0.0,1,1,0,-1,-1,-1,5,0,456,858,985
792,49,49,818,818,0,38,38,688,688,0,0.0005446066918547262,0.0005446066918547262,725,725,0,-1,3,3,6,7,387,176,883
793,285,491,982,996,14,128,128,998,998,0,0.012764219340345145,0.012968446849790666,989,989,0,3,2,2,5,34,602,20,263
794,56,262,830,975,145,68,68,863,863,0,0.00176997174852786,0.001940161339732462,865,880,15,3,3,3,7,8,722,250,258
795,0,102,1,891,890,0,21,1,374,373,0.0,0.0002042275094455223,1,557,556,4,-1,5,15,0,110,600,424
796,0,0,1,1,0,0,0,1,1,0,0.0,0.0,1,1,0,-1,-1,-1,4,1,397,874,423
797,91,91,880,880,0,78,78,885,885,0,0.0019741992579733825,0.0019741992579733825,878,878,0,-1,3,3,7,12,362,99,790
798,56,56,817,817,0,68,68,761,761,0,0.0009190237925048504,0.0009190237925048504,786,786,0,-1,3,3,8,6,197,658,871
799,2,2,355,355,0,10,10,355,355,0,0.0,0.0,1,1,0,-1,5,5,9,3,180,708,641
800,1,207,333,972,639,4,20,333,597,264,3.4037918240920386e-05,0.0013274788113958951,412,840,428,3,6,4,4,1,619,603,153
801,13,13,588,588,0,50,50,650,650,0,0.0002723033459273631,0.0002723033459273631,608,608,0,-1,4,4,11,5,261,619,713
802,0,102,1,917,916,0,7,1,387,386,0.0,3.4037918240920386e-05,1,400,399,4,-1,5,4,0,700,754,230
803,0,101,1,915,914,0,5,1,331,330,0.0,6.807583648184077e-05,1,456,455,5,-1,6,5,0,552,668,691
804,0,0,1,1,0,0,0,1,1,0,0.0,0.0,1,1,0,-1,-1,-1,8,0,365,367,936
805,0,1640,1,1000,999,0,396,1,900,899,0.0,0.015623404472582456,1,996,995,1,-1,2,36,0,16,571,3
806,35,35,797,797,0,18,18,653,653,0,0.0006467204465774873,0.0006467204465774873,758,758,0,-1,4,4,3,12,672,155,971
807,14,14,597,597,0,26,26,608,608,0,0.0002042275094455223,0.0002042275094455223,544,544,0,-1,4,4,5,5,407,528,664
808,183,183,961,961,0,60,60,902,902,0,0.004186663943633207,0.004186663943633207,946,946,0,-1,3,3,5,37,669,74,200
809,0,0,1,1,0,0,0,1,1,0,0.0,0.0,1,1,0,-1,-1,-1,9,1,330,841,573
810,44,44,769,769,0,74,74,793,793,0,0.0008509479560230097,0.0008509479560230097,772,772,0,-1,3,3,9,7,249,422,774
811,0,206,1,945,944,0,51,1,453,452,0.0,0.0005786446100956465,1,712,711,3,-1,4,18,0,64,992,312
812,0,0,1,1,0,0,0,1,1,0,0.0,0.0,1,1,0,-1,-1,-1,4,0,753,515,707
813,0,0,1,1,0,0,0,1,1,0,0.0,0.0,1,1,0,-1,-1,-1,3,0,484,784,894
814,0,101,1,926,925,0,6,1,332,331,0.0,0.0,1,1,0,5,-1,6,6,0,486,811,837
815,26,128,735,946,211,34,34,742,742,0,0.0005105687736138058,0.0007488342013002485,717,777,60,4,3,3,4,5,445,165,333
816,6,107,463,936,473,14,14,553,553,0,0.00017018959120460194,0.0002382654276864427,541,597,56,5,4,4,3,1,791,958,292
817,56,157,862,961,99,62,62,966,966,0,0.00353994349705572,0.00353994349705572,938,938,0,5,2,2,3,5,833,403,749
818,6,6,428,428,0,10,10,404,404,0,0.00017018959120460194,0.00017018959120460194,549,549,0,-1,5,5,5,3,555,347,695
819,0,102,1,933,932,0,6,1,408,407,0.0,0.0002042275094455223,1,565,564,4,-1,5,3,0,651,745,232
820,0,0,1,1,0,0,0,1,1,0,0.0,0.0,1,1,0,-1,-1,-1,2,1,469,787,898
821,10,111,632,961,329,8,8,548,548,0,0.00030634126416828345,0.00037441710065012424,639,669,30,5,4,4,2,5,792,688,395
822,2,208,358,959,601,13,20,395,455,60,6.807583648184077e-05,0.0005446066918547262,448,717,269,3,5,4,8,1,488,594,407
823,0,102,1,921,920,0,7,1,398,397,0.0,6.807583648184077e-05,1,438,437,4,-1,5,4,0,495,998,230
824,0,616,1,991,990,0,76,1,698,697,0.0,0.0040845501889104465,1,943,942,2,-1,3,11,1,279,780,51
825,0,102,1,927,926,0,6,1,381,380,0.0,0.00010211375472276115,1,496,495,4,-1,5,4,0,423,769,383
826,102,204,884,950,66,156,156,930,930,0,0.0015657442390823377,0.0017018959120460194,855,861,6,4,2,2,12,6,252,377,210
827,0,0,1,1,0,0,0,1,1,0,0.0,0.0,1,1,0,-1,-1,-1,4,0,532,977,804
828,353,353,1000,1000,0,32,32,990,990,0,0.023554239422716908,0.023554239422716908,994,994,0,-1,3,3,2,157,775,2,664
829,15,117,599,922,323,18,18,500,500,0,0.0002042275094455223,0.0002723033459273631,552,608,56,4,4,4,5,4,173,208,714
830,6,212,380,945,565,38,54,448,522,74,3.4037918240920386e-05,0.0006467204465774873,397,730,333,3,4,4,13,1,115,322,204
831,2,103,375,944,569,4,4,393,393,0,0.0,0.00013615167296368154,1,528,527,5,5,5,2,2,771,615,697
832,6,212,417,962,545,16,16,433,433,0,0.00010211375472276115,0.0002723033459273631,491,619,128,3,4,4,6,1,368,552,762
833,6,212,382,948,566,24,42,373,447,74,0.0,0.0002382654276864427,1,592,591,3,4,4,16,1,195,924,29
834,4,106,476,946,470,4,5,387,422,35,3.4037918240920386e-05,0.0013955546478777359,400,862,462,4,5,5,3,4,790,398,183
835,0,0,1,1,0,0,0,1,1,0,0.0,0.0,1,1,0,-1,-1,-1,2,0,909,635,937
836,22,228,673,967,294,42,42,689,689,0,0.00037441710065012424,0.0005786446100956465,653,722,69,3,4,4,7,6,336,494,316
837,0,0,1,1,0,0,0,1,1,0,0.0,0.0,1,1,0,-1,-1,-1,17,0,112,620,911
838,92,92,873,873,0,98,98,886,886,0,0.0017018959120460194,0.0017018959120460194,861,861,0,-1,3,3,8,14,297,84,426
839,0,0,1,1,0,0,0,1,1,0,0.0,0.0,1,1,0,-1,-1,-1,3,0,600,968,825
840,6,212,492,978,486,20,20,695,695,0,0.0002723033459273631,0.0009530617107457708,622,801,179,3,4,4,4,1,754,553,415
841,16,16,588,588,0,28,28,533,533,0,0.00017018959120460194,0.00017018959120460194,538,538,0,-1,4,4,8,4,595,164,819
842,0,0,1,1,0,0,0,1,1,0,0.0,0.0,1,1,0,-1,-1,-1,6,1,255,787,941
843,2,208,358,958,600,10,22,380,483,103,6.807583648184077e-05,0.0012594029749140542,448,828,380,3,5,4,7,1,343,687,89
844,24,24,688,688,0,38,38,637,637,0,0.0002382654276864427,0.0002382654276864427,595,595,0,-1,4,4,7,4,361,504,941
845,0,206,1,947,946,0,34,1,406,405,0.0,0.00010211375472276115,1,484,483,3,-1,4,17,0,39,836,369
846,11,113,577,924,347,14,14,475,475,0,0.0002042275094455223,0.0002723033459273631,561,599,38,4,4,4,5,4,656,645,410
847,0,0,1,1,0,0,0,1,1,0,0.0,0.0,1,1,0,-1,-1,-1,13,0,92,783,817
848,0,0,1,1,0,0,0,1,1,0,0.0,0.0,1,1,0,-1,-1,-1,12,0,226,866,774
849,55,55,911,911,0,32,32,961,961,0,0.0018040096667687805,0.0018040096667687805,885,885,0,-1,3,3,2,17,963,327,929
850,6,6,503,503,0,9,9,526,526,0,0.00017018959120460194,0.00017018959120460194,552,552,0,-1,4,4,3,2,600,325,952
851,48,254,802,968,166,68,68,776,776,0,0.0015657442390823377,0.002144388849177984,861,891,30,3,3,3,8,9,334,375,399
852,0,101,1,916,915,0,5,1,332,331,0.0,0.0,1,1,0,5,-1,6,5,0,720,349,298
853,40,40,752,752,0,86,86,757,757,0,0.0016338200755641784,0.0016338200755641784,859,859,0,-1,2,2,10,4,114,409,678
854,23,125,675,915,240,74,74,783,783,0,0.0012253650566731338,0.0013274788113958951,821,831,10,4,3,3,9,3,289,438,208
855,1,102,332,970,638,2,2,332,332,0,0.0,0.00017018959120460194,1,554,553,5,7,6,2,1,884,540,524
856,0,0,1,1,0,0,0,1,1,0,0.0,0.0,1,1,0,-1,-1,-1,4,0,520,695,792
857,6,108,397,888,491,20,20,412,412,0,3.4037918240920386e-05,0.00010211375472276115,393,475,82,4,4,4,9,2,101,842,763
858,30,132,763,943,180,30,30,747,747,0,0.0004765308553728854,0.0005105687736138058,702,711,9,4,3,3,4,9,885,29,506
859,12,12,509,509,0,72,72,575,575,0,0.00034037918240920387,0.00034037918240920387,634,634,0,-1,4,4,18,2,29,586,372
860,0,102,1,906,905,0,8,1,359,358,0.0,6.807583648184077e-05,1,450,449,4,-1,5,7,0,698,643,223
861,14,14,600,600,0,10,10,454,454,0,0.0002723033459273631,0.0002723033459273631,616,616,0,-1,4,4,3,6,930,447,738
862,0,102,1,903,902,0,15,1,404,403,0.0,0.0002723033459273631,1,616,615,4,-1,5,8,0,301,938,237
863,108,209,918,965,47,84,84,886,886,0,0.0024166921951053475,0.0024507301133462676,903,904,1,5,3,3,8,15,323,153,739
864,170,170,939,939,0,142,142,958,958,0,0.002995336805200994,0.002995336805200994,922,922,0,-1,2,2,9,18,316,82,660
865,341,547,987,996,9,94,94,981,981,0,0.010449640899962559,0.011130399264780965,982,983,1,3,2,2,5,70,843,18,559
866,116,322,908,977,69,134,134,944,944,0,0.005922597773920147,0.006875659484665918,964,967,3,3,2,2,10,12,258,179,264
867,326,427,982,987,5,136,136,975,975,0,0.00704584907587052,0.00704584907587052,974,974,0,5,2,2,7,50,466,33,781
868,6,6,414,414,0,17,17,432,432,0,0.0,0.0,1,1,0,-1,4,4,7,1,472,506,716
869,0,0,1,1,0,0,0,1,1,0,0.0,0.0,1,1,0,-1,-1,-1,4,0,458,668,948
870,68,169,859,954,95,78,78,955,955,0,0.0020763130126961434,0.0020763130126961434,888,888,0,7,2,2,4,5,540,338,469
871,0,206,1,967,966,0,14,1,483,482,0.0,0.00017018959120460194,1,553,552,3,-1,4,5,0,412,889,525
872,179,281,937,971,34,148,148,923,923,0,0.001940161339732462,0.0020422750944552232,870,876,6,4,2,2,12,17,183,79,248
873,0,101,1,937,936,0,2,1,329,328,0.0,6.807583648184077e-05,1,440,439,5,-1,6,2,0,906,254,311
874,0,102,1,964,963,0,5,1,454,453,0.0,0.0008509479560230097,1,804,803,4,-1,5,3,0,812,907,59
875,28,130,781,952,171,18,18,644,644,0,0.0005786446100956465,0.0005786446100956465,731,731,0,4,4,4,3,8,791,386,512
876,2,104,419,974,555,3,4,437,506,69,6.807583648184077e-05,0.0004084550188910446,458,709,251,4,5,5,2,1,978,869,439
877,0,1640,1,1000,999,0,258,1,885,884,0.0,0.015725518227305217,1,993,992,1,-1,2,23,0,43,851,2
878,6,108,414,908,494,22,22,485,485,0,6.807583648184077e-05,0.0007147962830593281,443,752,309,4,4,4,7,2,324,215,166
879,10,216,573,973,400,16,28,477,620,143,0.0002042275094455223,0.001157289220191293,584,830,246,3,4,4,6,6,657,247,281
880,27,128,779,954,175,28,28,814,814,0,0.000442492937131965,0.0004765308553728854,694,711,17,5,3,3,3,8,699,257,862
881,6,107,446,924,478,18,18,611,611,0,0.00013615167296368154,0.00013615167296368154,526,526,0,5,4,4,3,1,746,556,547
882,86,86,908,908,0,68,68,965,965,0,0.003437829742332959,0.003437829742332959,932,932,0,-1,2,2,4,13,945,183,883
883,44,145,923,988,65,12,12,867,867,0,0.004050512270669526,0.004186663943633207,951,956,5,5,4,4,2,31,775,126,310
884,0,0,1,1,0,0,0,1,1,0,0.0,0.0,1,1,0,-1,-1,-1,13,0,91,846,773
885,60,266,887,987,100,24,24,837,837,0,0.0017359338302869397,0.002927260968719153,876,928,52,3,3,3,3,15,984,153,64
886,0,101,1,913,912,0,3,1,331,330,0.0,0.0,1,1,0,6,-1,7,3,0,930,542,344
887,415,415,989,989,0,80,80,946,946,0,0.008747744987916539,0.008747744987916539,983,983,0,-1,3,3,5,75,561,24,826
888,2,104,352,904,552,9,10,353,362,9,0.0,6.807583648184077e-05,1,427,426,4,5,5,8,2,521,448,646
889,11,217,591,978,387,14,14,559,559,0,0.00013615167296368154,0.0005105687736138058,530,723,193,3,4,4,3,7,833,427,525
890,0,102,1,912,911,0,10,1,394,393,0.0,0.00030634126416828345,1,626,625,4,-1,5,6,0,515,817,450
891,2,2,357,357,0,8,8,358,358,0,3.4037918240920386e-05,3.4037918240920386e-05,404,404,0,-1,5,5,7,1,637,896,959
892,35,137,713,914,201,70,70,662,662,0,0.00034037918240920387,0.00037441710065012424,644,660,16,4,3,3,12,6,184,4,215
893,0,102,1,887,886,0,11,1,360,359,0.0,3.4037918240920386e-05,1,402,401,4,-1,5,9,0,191,695,690
894,6,6,611,611,0,8,8,687,687,0,0.00013615167296368154,0.00013615167296368154,526,526,0,-1,4,4,2,1,944,904,937
895,9,111,544,919,375,17,17,516,516,0,0.0002382654276864427,0.0004765308553728854,597,697,100,4,4,4,5,4,669,278,681
896,0,0,1,1,0,0,0,1,1,0,0.0,0.0,1,1,0,-1,-1,-1,15,0,37,614,941
897,0,0,1,1,0,0,0,1,1,0,0.0,0.0,1,1,0,-1,-1,-1,10,0,204,889,644
898,0,102,1,898,897,0,10,1,368,367,0.0,0.00013615167296368154,1,518,517,4,-1,5,7,0,216,966,491
899,59,59,876,876,0,32,32,903,903,0,0.0028591851322373124,0.0028591851322373124,928,928,0,-1,3,3,2,15,761,158,963
900,45,251,849,980,131,28,28,830,830,0,0.0008509479560230097,0.0031314884781646754,785,924,139,3,3,3,3,13,639,340,56
901,2,103,363,927,564,8,8,407,407,0,6.807583648184077e-05,6.807583648184077e-05,458,458,0,5,5,5,5,2,435,320,374
902,0,616,1,995,994,0,34,1,634,633,0.0,0.001940161339732462,1,882,881,2,-1,3,6,0,345,794,171
903,0,102,1,869,868,0,21,1,360,359,0.0,0.00013615167296368154,1,503,502,4,-1,5,17,0,94,953,231
904,9,9,555,555,0,10,10,442,442,0,3.4037918240920386e-05,3.4037918240920386e-05,406,406,0,-1,4,4,4,3,753,580,511
905,0,0,1,1,0,0,0,1,1,0,0.0,0.0,1,1,0,-1,-1,-1,2,0,751,915,429
906,26,127,768,952,184,18,18,776,776,0,0.0005446066918547262,0.0006126825283365669,724,738,14,5,3,3,2,9,609,29,464
907,0,0,1,1,0,0,0,1,1,0,0.0,0.0,1,1,0,-1,-1,-1,7,1,416,705,629
908,0,102,1,878,877,0,11,1,365,364,0.0,3.4037918240920386e-05,1,404,403,4,-1,5,9,0,274,847,481
909,2,2,360,360,0,6,6,360,360,0,3.4037918240920386e-05,3.4037918240920386e-05,405,405,0,-1,5,5,5,1,744,437,686
910,0,0,1,1,0,0,0,1,1,0,0.0,0.0,1,1,0,-1,-1,-1,11,1,155,529,993
911,0,616,1,1000,999,0,22,1,836,835,0.0,0.008271214132543654,1,973,972,2,-1,3,2,0,951,967,30
912,0,0,1,1,0,0,0,1,1,0,0.0,0.0,1,1,0,-1,-1,-1,10,1,169,913,400
913,0,102,1,899,898,0,9,1,357,356,0.0,6.807583648184077e-05,1,445,444,4,-1,5,8,0,418,728,570
914,0,206,1,967,966,0,20,1,515,514,0.0,0.0008169100377820892,1,780,779,3,-1,4,7,0,697,699,179
915,90,90,885,885,0,66,66,869,869,0,0.0021784267674189047,0.0021784267674189047,882,882,0,-1,3,3,6,12,98,58,921
916,22,124,626,901,275,72,72,710,710,0,0.00088498587426393,0.0009530617107457708,774,786,12,4,3,3,10,5,298,535,164
917,17,119,648,930,282,20,20,515,515,0,0.0004765308553728854,0.0005446066918547262,700,718,18,4,4,4,6,6,465,368,552
918,36,242,707,954,247,88,88,649,649,0,0.00037441710065012424,0.0004765308553728854,653,694,41,3,3,3,14,4,203,86,409
919,3,209,467,985,518,4,8,446,565,119,0.00010211375472276115,0.0014295925661186562,493,855,362,3,5,4,2,2,666,566,58
920,2,208,350,944,594,21,29,367,390,23,3.4037918240920386e-05,0.00017018959120460194,400,536,136,3,5,4,16,3,42,484,380
921,0,102,1,956,955,0,4,1,426,425,0.0,0.0006467204465774873,1,750,749,4,-1,5,2,0,742,423,186
922,22,22,665,665,0,52,52,728,728,0,0.000442492937131965,0.000442492937131965,695,695,0,-1,3,3,7,3,343,610,514
923,7,108,597,968,371,4,4,444,444,0,0.00010211375472276115,0.0002723033459273631,482,624,142,5,5,5,2,5,968,350,259
924,0,206,1,956,955,0,26,1,446,445,0.0,0.0005105687736138058,1,703,702,3,-1,4,9,0,287,839,46
925,6,107,461,933,472,11,11,483,483,0,6.807583648184077e-05,0.00013615167296368154,454,513,59,5,4,4,4,2,491,575,321
926,8,109,576,947,371,8,8,514,514,0,0.00017018959120460194,0.0002042275094455223,563,591,28,5,4,4,2,4,924,239,463
927,0,101,1,914,913,0,5,1,329,328,0.0,3.4037918240920386e-05,1,412,411,5,-1,6,5,2,773,271,692
928,0,206,1,968,967,0,14,1,434,433,0.0,0.00037441710065012424,1,658,657,3,-1,4,6,2,341,775,447
929,41,41,825,825,0,46,46,811,811,0,0.0012934408931549745,0.0012934408931549745,847,847,0,-1,3,3,6,6,594,397,737
930,12,114,632,946,314,14,14,612,612,0,0.00017018959120460194,0.0002382654276864427,549,609,60,4,4,4,3,4,961,149,238
931,8,110,560,948,388,12,12,616,616,0,0.0004084550188910446,0.0004084550188910446,686,686,0,4,4,4,2,2,804,465,215
932,0,0,1,1,0,0,0,1,1,0,0.0,0.0,1,1,0,-1,-1,-1,7,2,141,684,276
933,0,0,1,1,0,0,0,1,1,0,0.0,0.0,1,1,0,-1,-1,-1,2,0,986,995,960
934,0,0,1,1,0,0,0,1,1,0,0.0,0.0,1,1,0,-1,-1,-1,3,0,620,489,926
935,0,206,1,934,933,0,43,1,389,388,0.0,6.807583648184077e-05,1,452,451,3,-1,4,22,0,18,735,785
936,255,461,978,993,15,38,38,847,847,0,0.007454304094761564,0.007590455767725246,977,977,0,3,3,3,3,59,592,6,681
937,0,0,1,1,0,0,0,1,1,0,0.0,0.0,1,1,0,-1,-1,-1,4,1,741,573,835
938,0,0,1,1,0,0,0,1,1,0,0.0,0.0,1,1,0,-1,-1,-1,2,0,925,702,850
939,1,1,331,331,0,3,3,331,331,0,3.4037918240920386e-05,3.4037918240920386e-05,400,400,0,-1,6,6,3,3,875,484,939
940,208,310,940,966,26,248,248,935,935,0,0.002484768031587188,0.002552843868069029,902,905,3,4,2,2,20,19,88,59,576
941,6,212,372,931,559,72,84,471,505,34,6.807583648184077e-05,0.0004084550188910446,438,663,225,3,4,4,24,1,28,756,46
942,6,108,487,947,460,9,9,516,516,0,0.00013615167296368154,0.0004084550188910446,524,686,162,4,4,4,3,2,867,550,323
943,8,110,524,921,397,8,8,438,438,0,0.0,3.4037918240920386e-05,1,414,413,4,4,4,2,3,769,829,334
944,18,120,700,948,248,18,18,654,654,0,0.0007828721195411688,0.0013274788113958951,775,853,78,4,4,4,3,9,670,145,219
945,0,206,1,978,977,0,10,1,527,526,0.0,0.0007488342013002485,1,767,766,3,-1,4,3,0,693,993,79
946,14,115,599,925,326,28,28,618,618,0,0.00013615167296368154,0.00013615167296368154,523,523,0,5,4,4,6,6,582,199,563
947,0,101,1,933,932,0,4,1,331,330,0.0,0.0,1,1,0,5,-1,6,4,0,679,915,585
948,121,222,960,980,20,22,22,820,820,0,0.003914360597705844,0.003914360597705844,943,943,0,6,3,3,2,26,723,108,671
949,0,0,1,1,0,0,0,1,1,0,0.0,0.0,1,1,0,-1,-1,-1,5,0,665,936,738
950,2,2,367,367,0,5,5,392,392,0,3.4037918240920386e-05,3.4037918240920386e-05,403,403,0,-1,5,5,3,1,912,449,987
951,2,2,362,362,0,8,8,405,405,0,0.0,0.0,1,1,0,-1,5,5,4,1,641,552,812
952,100,100,870,870,0,100,100,825,825,0,0.022430988120766535,0.022430988120766535,995,995,0,3,1,1,9,61,101,14,285
953,19,225,604,958,354,80,80,607,607,0,0.00037441710065012424,0.00088498587426393,654,768,114,3,4,4,18,5,29,510,232
954,2,104,359,902,543,12,15,376,408,32,0.0,0.00037441710065012424,1,668,667,4,5,5,8,2,420,885,683
955,6,6,395,395,0,20,20,411,411,0,0.0,0.0,1,1,0,-1,4,4,9,1,351,879,831
956,40,142,739,921,182,66,66,654,654,0,0.0007828721195411688,0.00088498587426393,759,780,21,4,3,3,11,6,139,424,627
957,0,102,1,897,896,0,10,1,366,365,0.0,3.4037918240920386e-05,1,407,406,4,-1,5,8,0,449,754,373
958,0,102,1,890,889,0,14,1,377,376,0.0,0.00013615167296368154,1,513,512,4,-1,5,10,1,427,513,486
959,6,212,407,956,549,44,44,603,603,0,0.00037441710065012424,0.0007488342013002485,668,762,94,3,4,4,8,1,434,80,490
960,29,130,755,938,183,24,24,570,570,0,0.0006467204465774873,0.0006467204465774873,745,745,0,6,4,4,6,11,764,118,708
961,77,179,848,944,96,118,118,916,916,0,0.0020082371762143027,0.002110350930937064,881,888,7,4,2,2,9,8,381,497,444
962,0,1640,1,1000,999,0,48,1,942,941,0.0,0.03454848701453419,1,997,996,1,-1,2,3,0,844,542,257
963,0,0,1,1,0,0,0,1,1,0,0.0,0.0,1,1,0,-1,-1,-1,4,0,755,877,513
964,68,68,887,887,0,18,18,638,638,0,0.002144388849177984,0.002144388849177984,892,892,0,-1,4,4,3,19,935,91,916
965,54,156,783,921,138,126,126,811,811,0,0.00088498587426393,0.0009190237925048504,779,785,6,4,3,3,14,4,108,246,904
966,67,67,833,833,0,126,126,881,881,0,0.0015657442390823377,0.0015657442390823377,857,857,0,-1,3,3,11,14,150,190,926
967,11,11,594,594,0,10,10,516,516,0,0.00037441710065012424,0.00037441710065012424,665,665,0,-1,4,4,3,6,710,424,969
968,6,212,467,977,510,12,22,492,627,135,0.0,0.0018040096667687805,1,876,875,3,4,4,5,2,695,662,55
969,8,8,561,561,0,12,12,533,533,0,0.00017018959120460194,0.00017018959120460194,546,546,0,-1,4,4,4,2,827,586,429
970,6,108,463,935,472,10,10,505,505,0,3.4037918240920386e-05,0.0002382654276864427,402,604,202,4,4,4,3,1,774,463,682
971,60,266,834,973,139,48,48,714,714,0,0.0013615167296368155,0.0019061234214915416,840,883,43,3,3,3,7,14,400,190,422
972,2,2,360,360,0,8,8,360,360,0,0.0,0.0,1,1,0,-1,5,5,7,1,214,640,844
973,0,616,1,995,994,0,52,1,548,547,0.0,0.0006126825283365669,1,738,737,2,-1,3,11,0,227,991,470
974,0,102,1,887,886,0,15,1,375,374,0.0,0.00013615167296368154,1,504,503,4,-1,5,11,1,174,913,332
975,14,14,633,633,0,18,18,673,673,0,0.00037441710065012424,0.00037441710065012424,665,665,0,-1,4,4,3,4,583,407,729
976,16,222,519,947,428,108,108,664,664,0,0.00037441710065012424,0.0005446066918547262,653,708,55,3,3,3,19,3,148,285,688
977,12,114,532,903,371,27,28,450,454,4,0.00013615167296368154,0.00037441710065012424,525,659,134,4,4,4,10,5,152,401,291
978,12,628,551,993,442,44,58,631,727,96,0.0002042275094455223,0.007216038667075122,561,972,411,2,4,3,8,4,301,149,0
979,2,618,356,992,636,21,98,381,672,291,6.807583648184077e-05,0.0035739814152966403,456,933,477,2,5,3,15,1,32,717,77
980,6,212,414,963,549,21,26,468,528,60,0.0,0.00034037918240920387,1,646,645,3,4,4,7,1,156,555,189
981,28,234,739,972,233,40,44,800,810,10,0.0007147962830593281,0.0017018959120460194,765,872,107,3,3,3,4,3,759,382,226
982,0,206,1,977,976,0,18,1,678,677,0.0,0.0018720855032506212,1,884,883,3,-1,4,3,0,716,903,65
983,0,206,1,958,957,0,20,1,437,436,0.0,0.00030634126416828345,1,626,625,3,-1,4,8,1,350,949,381
984,14,14,570,570,0,31,31,535,535,0,0.00013615167296368154,0.00013615167296368154,506,506,0,-1,4,4,8,3,201,369,882
985,16,16,624,624,0,26,26,719,719,0,0.0004084550188910446,0.0004084550188910446,685,685,0,-1,3,3,4,1,740,420,831
986,45,45,831,831,0,34,34,755,755,0,0.0015317063208414173,0.0015317063208414173,865,865,0,-1,3,3,4,11,709,118,745
987,38,244,694,956,262,158,158,749,749,0,0.00037441710065012424,0.0008169100377820892,649,768,119,3,3,3,21,5,12,688,414
988,28,28,822,822,0,8,8,571,571,0,0.0006467204465774873,0.0006467204465774873,761,761,0,-1,4,4,2,12,995,159,752
989,19,121,645,915,270,40,40,597,597,0,0.0002042275094455223,0.00030634126416828345,572,635,63,4,4,4,8,7,260,371,444
990,0,0,1,1,0,0,0,1,1,0,0.0,0.0,1,1,0,-1,-1,-1,4,0,344,955,866
991,0,0,1,1,0,0,0,1,1,0,0.0,0.0,1,1,0,-1,-1,-1,2,0,713,574,678
992,2,104,370,934,564,5,5,403,403,0,6.807583648184077e-05,0.0004765308553728854,453,698,245,4,5,5,3,1,823,870,46
993,0,616,1,997,996,0,24,1,635,634,0.0,0.001599782157323258,1,861,860,2,-1,3,5,0,720,489,211
994,1,207,332,975,643,3,14,332,578,246,0.0,0.0014636304843595766,1,860,859,3,6,4,3,1,568,590,53
995,140,140,945,945,0,60,60,874,874,0,0.0025188059498281084,0.0025188059498281084,914,914,0,-1,3,3,5,33,773,15,723
996,0,101,1,899,898,0,7,1,332,331,0.0,0.0,1,1,0,5,-1,6,7,0,346,921,543
997,0,0,1,1,0,0,0,1,1,0,0.0,0.0,1,1,0,-1,-1,-1,9,0,389,911,900
998,9,111,536,911,375,16,16,463,463,0,0.00010211375472276115,0.00030634126416828345,481,639,158,4,4,4,6,6,353,392,628
999,34,34,760,760,0,38,38,718,718,0,0.0005105687736138058,0.0005105687736138058,712,712,0,-1,3,3,6,5,451,308,990
