,FreeNet_pre_score,FreeNet_post_score,FreeNet_pre_rank,FreeNet_post_rank,FreeNet_delta_ranks,Reversed_pre_score,Reversed_post_score,Reversed_pre_rank,Reversed_post_rank,Reversed_delta_ranks,Random_pre_score,Random_post_score,Random_pre_rank,Random_post_rank,Random_delta_ranks,dist_victim_relayer,dist_victim_vilain_pre,dist_victim_vilain_post,out_deg_victim,in_deg_villain,victim,villain,relayer
0,13,115,586,918,332,32,32,612,612,0,0.0004084550188910446,0.0005446066918547262,682,724,42,4,4,4,6,3,281,280,317
1,387,1003,992,1000,8,64,64,966,966,0,0.010619830491167161,0.012832295176826986,985,985,0,2,3,3,4,83,679,10,164
2,0,102,1,939,938,0,6,1,417,416,0.0,0.0008509479560230097,1,790,789,4,-1,5,3,0,699,488,399
3,0,102,1,874,873,0,18,1,367,366,0.0,0.00013615167296368154,1,513,512,4,-1,5,13,1,165,529,499
4,0,102,1,948,947,0,7,1,415,414,0.0,0.001055175465468532,1,819,818,4,-1,5,4,0,480,946,297
5,0,0,1,1,0,0,0,1,1,0,0.0,0.0,1,1,0,-1,-1,-1,17,0,80,894,780
6,143,349,956,992,36,48,48,937,937,0,0.003608019333537561,0.0038462847612240037,938,944,6,3,3,3,3,26,579,108,286
7,0,102,1,958,957,0,4,1,441,440,0.0,0.0009190237925048504,1,805,804,4,-1,5,2,0,982,735,68
8,100,100,910,910,0,100,100,978,978,0,0.03492290411518432,0.03669287586371218,998,998,0,2,1,1,5,24,766,119,54
9,6,6,386,386,0,66,66,492,492,0,3.4037918240920386e-05,3.4037918240920386e-05,394,394,0,-1,4,4,19,1,46,870,483
10,42,143,789,940,151,52,52,739,739,0,0.0008509479560230097,0.0008509479560230097,776,776,0,6,3,3,7,6,398,658,676
11,0,0,1,1,0,0,0,1,1,0,0.0,0.0,1,1,0,-1,-1,-1,7,0,637,713,611
12,13,115,680,960,280,10,10,548,548,0,0.0002042275094455223,0.0009190237925048504,585,802,217,4,4,4,3,6,584,683,399
13,128,230,894,954,60,292,292,936,936,0,0.001940161339732462,0.001940161339732462,886,886,0,4,3,3,22,19,33,297,690
14,0,102,1,930,929,0,5,1,360,359,0.0,0.00017018959120460194,1,535,534,4,-1,5,4,0,945,498,485
15,6,622,492,999,507,8,18,512,785,273,6.807583648184077e-05,0.0030974505599237552,456,924,468,2,4,3,2,2,948,325,759
16,100,100,865,865,0,100,100,727,727,0,0.011368664692467409,0.011368664692467409,983,983,0,-1,1,1,14,2,268,342,638
17,0,101,1,935,934,0,3,1,331,330,0.0,6.807583648184077e-05,1,462,461,5,-1,6,3,0,825,887,518
18,3,105,447,947,500,3,4,373,405,32,0.0,3.4037918240920386e-05,1,407,406,4,5,5,2,3,232,563,325
19,4,4,394,394,0,16,16,397,397,0,0.0,0.0,1,1,0,-1,5,5,8,3,244,646,939
20,0,0,1,1,0,0,0,1,1,0,0.0,0.0,1,1,0,-1,-1,-1,9,0,249,811,936
21,64,64,885,885,0,38,38,887,887,0,0.0013274788113958951,0.0013274788113958951,852,852,0,-1,3,3,3,18,800,64,669
22,228,330,965,979,14,134,134,957,957,0,0.004322815616596889,0.004356853534837809,951,951,0,4,3,3,9,30,422,75,755
23,16,16,616,616,0,30,30,636,636,0,0.00030634126416828345,0.00030634126416828345,638,638,0,-1,3,3,6,3,455,285,548
24,5,5,442,442,0,6,6,376,376,0,3.4037918240920386e-05,3.4037918240920386e-05,404,404,0,-1,5,5,4,3,313,580,753
25,79,285,903,983,80,64,64,958,958,0,0.005377991082065421,0.005786446100956465,960,965,5,3,2,2,5,17,557,226,212
26,16,222,559,959,400,62,70,737,768,31,0.0002042275094455223,0.0011232513019503727,557,811,254,3,3,3,9,1,414,797,219
27,0,206,1,962,961,0,30,1,557,556,0.0,0.002927260968719153,1,919,918,3,-1,4,7,0,264,909,41
28,8,110,641,974,333,4,4,496,496,0,0.00017018959120460194,0.0002723033459273631,559,632,73,4,5,5,2,6,872,516,689
29,0,206,1,965,964,0,18,1,481,480,0.0,0.001157289220191293,1,824,823,3,-1,4,5,0,571,867,116
30,6,6,417,417,0,23,23,535,535,0,0.0002042275094455223,0.0002042275094455223,569,569,0,-1,4,4,6,4,98,409,588
31,32,32,665,665,0,134,134,791,791,0,0.0013274788113958951,0.0013274788113958951,833,833,0,-1,3,3,17,3,80,299,877
32,6,108,410,897,487,18,20,420,446,26,0.00013615167296368154,0.000442492937131965,512,678,166,4,4,4,8,1,236,537,616
33,14,630,521,993,472,48,82,498,630,132,0.00013615167296368154,0.0010211375472276116,499,799,300,2,4,3,14,4,154,332,174
34,10,112,534,909,375,22,22,523,523,0,0.00013615167296368154,0.0002042275094455223,514,559,45,4,4,4,5,4,426,617,544
35,0,0,1,1,0,0,0,1,1,0,0.0,0.0,1,1,0,-1,-1,-1,8,0,317,971,773
36,1,1,333,333,0,10,10,333,333,0,0.0,0.0,1,1,0,-1,7,7,10,3,272,626,883
37,0,0,1,1,0,0,0,1,1,0,0.0,0.0,1,1,0,-1,-1,-1,4,0,480,919,971
38,6,6,437,437,0,20,20,563,563,0,0.00010211375472276115,0.00010211375472276115,491,491,0,-1,4,4,4,1,759,727,675
39,108,210,950,978,28,38,38,925,925,0,0.0042547397801150485,0.004356853534837809,945,947,2,4,3,3,3,31,600,102,584
40,2,104,370,931,561,4,4,398,398,0,3.4037918240920386e-05,0.00030634126416828345,411,646,235,4,5,5,2,1,925,853,805
41,3,105,461,958,497,4,5,393,426,33,0.00010211375472276115,0.0006467204465774873,497,752,255,4,5,5,3,5,883,464,375
42,2,2,383,383,0,3,3,388,388,0,0.0,0.0,1,1,0,-1,5,5,2,2,982,885,989
43,34,136,695,907,212,134,134,833,833,0,0.0010211375472276116,0.0010892133837094523,800,810,10,4,3,3,14,4,154,207,398
44,6,212,397,947,550,46,54,480,505,25,0.00010211375472276115,0.0004765308553728854,470,681,211,3,4,4,15,1,65,718,165
45,103,204,909,967,58,68,68,942,942,0,0.003199564314646516,0.003199564314646516,933,933,0,6,2,2,4,17,500,213,331
46,133,339,925,978,53,98,98,903,903,0,0.0027911092957554717,0.0034718676605738795,917,935,18,3,3,3,8,17,201,85,150
47,1,102,332,925,593,3,3,332,332,0,0.0,0.00010211375472276115,1,486,485,5,7,6,3,1,583,469,164
48,1,1,333,333,0,7,7,333,333,0,0.0,0.0,1,1,0,-1,6,6,7,1,209,140,706
49,0,206,1,943,942,0,26,1,388,387,0.0,0.00010211375472276115,1,475,474,3,-1,4,16,0,72,846,532
50,7,623,500,994,494,22,50,538,805,267,0.00017018959120460194,0.010824058000612683,529,985,456,2,4,3,5,2,501,749,0
51,22,22,692,692,0,32,32,630,630,0,0.0005105687736138058,0.0005105687736138058,713,713,0,-1,4,4,6,9,402,245,367
52,0,0,1,1,0,0,0,1,1,0,0.0,0.0,1,1,0,-1,-1,-1,4,0,513,888,349
53,6,212,410,958,548,14,20,413,466,53,0.00013615167296368154,0.0009530617107457708,507,797,290,3,4,4,6,1,157,601,399
54,0,102,1,928,927,0,4,1,371,370,0.0,0.0002723033459273631,1,621,620,4,-1,5,3,0,935,928,459
55,2,2,348,348,0,18,18,375,375,0,0.0,0.0,1,1,0,-1,5,5,12,1,52,530,775
56,34,34,749,749,0,45,45,689,689,0,0.000442492937131965,0.000442492937131965,685,685,0,-1,3,3,8,8,323,386,668
57,412,618,983,993,10,170,170,979,979,0,0.006501242384015794,0.006943735321147759,967,969,2,3,2,2,11,61,248,14,490
58,45,45,831,831,0,34,34,752,752,0,0.00088498587426393,0.00088498587426393,802,802,0,-1,3,3,4,13,542,340,916
59,4,105,546,975,429,4,4,515,515,0,0.000442492937131965,0.0005105687736138058,704,728,24,5,5,5,2,3,956,351,370
60,34,240,802,976,174,28,28,794,794,0,0.0006807583648184077,0.0024166921951053475,749,907,158,3,3,3,3,7,337,329,61
61,0,102,1,927,926,0,8,1,429,428,0.0,0.0014636304843595766,1,860,859,4,-1,5,4,0,648,433,49
62,59,265,885,984,99,28,28,815,815,0,0.0026209197045508697,0.0042547397801150485,916,949,33,3,3,3,3,13,590,335,141
63,0,206,1,941,940,0,96,1,652,651,0.0,0.005616256509751864,1,959,958,3,-1,4,16,0,151,880,70
64,6,212,406,954,548,28,40,455,527,72,0.0,0.0005105687736138058,1,693,692,3,4,4,10,1,152,964,182
65,0,0,1,1,0,0,0,1,1,0,0.0,0.0,1,1,0,-1,-1,-1,6,0,312,990,455
66,6,6,493,493,0,8,8,520,520,0,3.4037918240920386e-05,3.4037918240920386e-05,409,409,0,-1,4,4,2,2,999,544,583
67,0,206,1,985,984,0,7,1,593,592,0.0,0.0014636304843595766,1,866,865,3,-1,4,2,0,810,996,83
68,227,329,970,980,10,54,54,853,853,0,0.0037441710065012424,0.0038462847612240037,943,946,3,4,3,3,4,44,493,27,637
69,2,104,374,950,576,3,4,377,428,51,3.4037918240920386e-05,0.00088498587426393,403,808,405,4,5,5,2,2,895,690,138
70,30,132,658,897,239,102,102,655,655,0,0.0002723033459273631,0.00030634126416828345,598,622,24,4,3,3,18,6,111,379,290
71,1,103,332,954,622,2,4,332,418,86,0.0,0.0002723033459273631,1,641,640,4,6,5,2,3,897,748,293
72,6,108,397,890,493,30,30,432,432,0,0.0,3.4037918240920386e-05,1,402,401,4,4,4,13,1,129,531,152
73,0,102,1,922,921,0,6,1,357,356,0.0,3.4037918240920386e-05,1,412,411,4,-1,5,5,1,551,568,442
74,0,0,1,1,0,0,0,1,1,0,0.0,0.0,1,1,0,-1,-1,-1,10,0,114,954,747
75,0,101,1,956,955,0,2,1,331,330,0.0,0.0,1,1,0,5,-1,6,2,0,742,723,578
76,14,115,618,935,317,22,22,611,611,0,0.0004765308553728854,0.0004765308553728854,697,697,0,5,4,4,5,3,463,616,736
77,100,100,883,883,0,100,100,834,834,0,0.03369753905851118,0.03369753905851118,1000,1000,0,-1,1,1,11,130,176,3,502
78,24,125,750,950,200,14,14,597,597,0,0.0006126825283365669,0.0007147962830593281,749,762,13,5,4,4,3,4,774,167,870
79,0,0,1,1,0,0,0,1,1,0,0.0,0.0,1,1,0,-1,-1,-1,25,0,17,875,820
80,0,102,1,926,925,0,7,1,364,363,0.0,6.807583648184077e-05,1,442,441,4,-1,5,6,0,661,707,353
81,0,0,1,1,0,0,0,1,1,0,0.0,0.0,1,1,0,-1,-1,-1,23,0,43,254,990
82,0,101,1,925,924,0,5,1,331,330,0.0,0.0,1,1,0,5,-1,6,5,0,533,881,597
83,0,206,1,960,959,0,36,1,561,560,0.0,0.0022465026039007454,1,895,894,3,-1,4,8,0,223,520,74
84,34,34,823,823,0,22,22,820,820,0,0.0007147962830593281,0.0007147962830593281,763,763,0,-1,3,3,2,8,977,250,745
85,7,213,486,950,464,30,34,449,469,20,0.0,0.00034037918240920387,1,650,649,3,4,4,11,3,279,631,473
86,142,243,967,986,19,22,22,833,833,0,0.00527587732734266,0.0053099152455835805,960,961,1,5,3,3,2,54,809,28,518
87,0,206,1,974,973,0,19,1,636,635,0.0,0.0006467204465774873,1,750,749,3,-1,4,4,0,772,498,169
88,94,196,855,946,91,146,146,851,851,0,0.0007488342013002485,0.0007488342013002485,763,763,0,4,3,3,15,12,45,163,623
89,71,71,864,864,0,44,44,829,829,0,0.0007488342013002485,0.0007488342013002485,775,775,0,-1,3,3,4,15,622,219,733
90,0,206,1,976,975,0,8,1,493,492,0.0,0.0017359338302869397,1,872,871,3,-1,4,2,0,609,978,108
91,0,206,1,946,945,0,50,1,472,471,0.0,0.00013615167296368154,1,515,514,3,-1,4,15,0,51,940,318
92,67,67,877,877,0,56,56,953,953,0,0.002757071377514551,0.002757071377514551,921,921,0,-1,2,2,2,7,909,329,750
93,6,108,436,916,480,19,19,553,553,0,0.00010211375472276115,0.0002042275094455223,477,565,88,4,4,4,4,2,717,719,392
94,0,102,1,937,936,0,4,1,371,370,0.0,0.0002382654276864427,1,606,605,4,-1,5,3,0,899,423,636
95,20,226,661,966,305,50,54,719,746,27,0.00037441710065012424,0.0022465026039007454,671,893,222,3,3,3,8,4,541,617,85
96,0,102,1,958,957,0,3,1,381,380,0.0,0.0002723033459273631,1,623,622,4,-1,5,2,0,878,358,670
97,563,769,989,995,6,288,288,981,981,0,0.009462541270975866,0.009530617107457708,971,971,0,3,2,2,15,75,40,24,652
98,10,112,497,893,396,38,39,478,481,3,0.00010211375472276115,0.00017018959120460194,485,541,56,4,4,4,12,3,252,534,499
99,10,10,552,552,0,22,22,504,504,0,0.0002042275094455223,0.0002042275094455223,572,572,0,-1,4,4,7,3,497,353,832
100,16,118,642,944,302,23,23,652,652,0,0.00037441710065012424,0.0004084550188910446,650,661,11,4,3,3,5,1,580,607,361
101,6,6,398,398,0,32,32,480,480,0,0.0,0.0,1,1,0,-1,4,4,10,2,206,325,847
102,0,206,1,959,958,0,31,1,511,510,0.0,0.0017359338302869397,1,865,864,3,-1,4,10,0,527,905,128
103,110,212,922,969,47,44,44,868,868,0,0.003199564314646516,0.003608019333537561,924,934,10,4,3,3,4,19,783,135,354
104,10,10,561,561,0,16,16,536,536,0,0.0002723033459273631,0.0002723033459273631,623,623,0,-1,4,4,4,7,544,451,546
105,2,103,357,906,549,10,10,379,379,0,3.4037918240920386e-05,0.00010211375472276115,402,484,82,5,5,5,7,3,505,755,292
106,57,57,842,842,0,86,86,914,914,0,0.002723033459273631,0.002723033459273631,914,914,0,-1,3,3,6,6,356,73,730
107,63,679,818,992,174,112,122,828,862,34,0.0013955546478777359,0.0035739814152966403,835,935,100,2,3,3,12,11,212,118,85
108,0,102,1,924,923,0,5,1,389,388,0.0,0.00017018959120460194,1,545,544,4,-1,5,3,0,337,836,202
109,220,220,968,968,0,70,70,892,892,0,0.004322815616596889,0.004322815616596889,953,953,0,-1,3,3,5,31,349,76,864
110,7,213,523,971,448,20,24,603,694,91,0.0002042275094455223,0.002586881786309949,571,912,341,3,4,4,4,3,313,541,48
111,114,320,901,974,73,76,76,762,762,0,0.0016338200755641784,0.0018040096667687805,864,873,9,3,3,3,10,19,259,72,525
112,6,212,414,965,551,18,22,463,484,21,0.0002042275094455223,0.0007828721195411688,564,765,201,3,4,4,7,2,324,805,250
113,14,14,562,562,0,27,27,480,480,0,0.00010211375472276115,0.00010211375472276115,482,482,0,-1,4,4,10,4,527,332,604
114,362,463,986,991,5,88,88,974,974,0,0.009088124170325743,0.009088124170325743,978,978,0,6,2,2,4,59,504,5,708
115,2,103,418,978,560,2,2,332,332,0,0.0,6.807583648184077e-05,1,460,459,5,6,6,2,5,775,401,771
116,26,232,663,955,292,80,80,742,742,0,0.0007488342013002485,0.001157289220191293,760,816,56,3,3,3,10,4,206,312,795
117,2,104,345,869,524,32,34,398,405,7,6.807583648184077e-05,0.00030634126416828345,430,623,193,4,5,5,17,2,94,662,350
118,130,232,896,947,51,184,184,849,849,0,0.00176997174852786,0.00176997174852786,867,867,0,4,3,3,19,18,48,171,602
119,6,6,456,456,0,14,14,489,489,0,0.0002382654276864427,0.0002382654276864427,599,599,0,-1,4,4,5,2,720,805,548
120,2,104,370,935,565,3,4,372,404,32,3.4037918240920386e-05,0.0012253650566731338,402,843,441,4,5,5,2,2,926,739,284
121,1,207,333,957,624,6,24,333,503,170,0.0,0.0006126825283365669,1,730,729,3,6,4,6,2,560,656,326
122,0,102,1,927,926,0,4,1,360,359,0.0,0.00010211375472276115,1,487,486,4,-1,5,3,1,626,895,704
123,16,222,573,956,383,74,74,763,763,0,0.0005446066918547262,0.001157289220191293,723,822,99,3,3,3,9,1,208,759,114
124,0,0,1,1,0,0,0,1,1,0,0.0,0.0,1,1,0,-1,-1,-1,4,0,736,860,517
125,0,0,1,1,0,0,0,1,1,0,0.0,0.0,1,1,0,-1,-1,-1,11,2,220,684,705
126,14,1654,559,1000,441,28,84,478,831,353,0.00010211375472276115,0.013444977705163553,482,985,503,1,4,2,8,3,434,214,61
127,14,116,600,926,326,18,18,574,574,0,0.000442492937131965,0.0006126825283365669,694,740,46,4,4,4,3,3,459,236,244
128,30,132,667,909,242,60,60,600,600,0,0.0004084550188910446,0.000442492937131965,673,687,14,4,3,3,11,4,66,365,570
129,99,715,900,997,97,74,84,944,961,17,0.005514142755029102,0.006977773239388679,965,974,9,2,2,2,5,14,538,68,192
130,0,206,1,972,971,0,8,1,465,464,0.0,0.00030634126416828345,1,623,622,3,-1,4,2,1,905,583,474
131,0,0,1,1,0,0,0,1,1,0,0.0,0.0,1,1,0,-1,-1,-1,9,0,330,901,884
132,84,186,895,966,71,38,38,846,846,0,0.0013955546478777359,0.0016678579938050988,852,872,20,4,3,3,3,15,819,53,354
133,37,37,783,783,0,44,44,808,808,0,0.0007488342013002485,0.0007488342013002485,773,773,0,-1,3,3,4,10,500,195,747
134,6,212,438,969,531,12,16,459,506,47,6.807583648184077e-05,0.0006807583648184077,454,761,307,3,4,4,4,1,736,416,118
135,8,110,578,953,375,7,8,529,588,59,0.0,0.0009190237925048504,1,801,800,4,4,4,2,3,821,361,379
136,0,0,1,1,0,0,0,1,1,0,0.0,0.0,1,1,0,-1,-1,-1,13,1,67,456,965
137,1,1,331,331,0,5,5,331,331,0,0.0,0.0,1,1,0,-1,8,8,5,1,744,857,793
138,1,1,332,332,0,2,2,332,332,0,0.0,0.0,1,1,0,-1,7,7,2,2,942,344,997
139,2,104,376,937,561,4,4,406,406,0,3.4037918240920386e-05,0.0002042275094455223,408,588,180,4,5,5,2,1,779,618,427
140,17,17,676,676,0,16,16,556,556,0,0.00030634126416828345,0.00030634126416828345,633,633,0,-1,4,4,4,6,660,494,925
141,0,0,1,1,0,0,0,1,1,0,0.0,0.0,1,1,0,-1,-1,-1,3,0,687,910,988
142,0,102,1,894,893,0,10,1,348,347,0.0,0.00013615167296368154,1,505,504,4,-1,5,9,2,330,775,654
143,0,206,1,964,963,0,17,1,492,491,0.0,0.00017018959120460194,1,543,542,3,-1,4,6,1,587,814,609
144,0,0,1,1,0,0,0,1,1,0,0.0,0.0,1,1,0,-1,-1,-1,5,1,314,806,941
145,194,400,952,982,30,98,98,906,906,0,0.0037441710065012424,0.003880322679464924,937,942,5,3,3,3,8,30,443,75,354
146,137,753,928,997,69,114,114,877,877,0,0.002586881786309949,0.006297014874570271,913,965,52,2,2,2,10,19,149,72,57
147,6,212,395,953,558,28,68,401,577,176,0.00013615167296368154,0.0018040096667687805,520,872,352,3,4,4,14,1,198,771,119
148,7,108,515,932,417,16,16,522,522,0,6.807583648184077e-05,6.807583648184077e-05,452,452,0,6,4,4,4,3,566,631,663
149,69,170,930,980,50,22,22,896,896,0,0.003267640151128357,0.003267640151128357,935,935,0,5,3,3,2,27,968,69,964
150,0,102,1,904,903,0,12,1,410,409,0.0,0.0005105687736138058,1,713,712,4,-1,5,6,0,345,890,103
151,2,208,357,960,603,15,20,408,441,33,0.0,0.0006807583648184077,1,749,748,3,5,4,8,2,383,662,264
152,16,16,590,590,0,42,42,775,775,0,0.0007147962830593281,0.0007147962830593281,749,749,0,-1,3,3,5,1,426,452,906
153,26,26,635,635,0,73,73,536,536,0,0.00010211375472276115,0.00010211375472276115,489,489,0,-1,3,3,18,4,111,380,520
154,0,616,1,994,993,0,39,1,642,641,0.0,0.0010211375472276116,1,811,810,2,-1,3,7,0,374,426,139
155,14,14,613,613,0,14,14,484,484,0,0.00013615167296368154,0.00013615167296368154,523,523,0,-1,4,4,5,3,412,369,686
156,1,1,333,333,0,8,8,333,333,0,0.0,0.0,1,1,0,-1,6,6,8,1,197,469,997
157,38,38,627,627,0,154,154,582,582,0,0.0002042275094455223,0.0002042275094455223,549,549,0,-1,3,3,33,3,9,353,960
158,0,616,1,986,985,0,83,1,537,536,0.0,0.0007147962830593281,1,734,733,2,-1,3,19,0,35,638,175
159,24,125,663,899,236,48,48,608,608,0,6.807583648184077e-05,0.00010211375472276115,450,475,25,5,3,3,9,4,274,567,755
160,6,6,395,395,0,42,42,519,519,0,0.00010211375472276115,0.00010211375472276115,485,485,0,-1,4,4,11,1,220,152,940
161,18,18,634,634,0,38,38,663,663,0,0.00030634126416828345,0.00030634126416828345,621,621,0,-1,4,4,7,4,264,233,832
162,0,0,1,1,0,0,0,1,1,0,0.0,0.0,1,1,0,-1,-1,-1,2,0,723,635,568
163,28,28,651,651,0,74,74,603,603,0,0.00034037918240920387,0.00034037918240920387,636,636,0,-1,3,3,14,5,108,688,600
164,0,102,1,928,927,0,7,1,411,410,0.0,6.807583648184077e-05,1,449,448,4,-1,5,4,0,673,632,556
165,0,102,1,908,907,0,9,1,384,383,0.0,0.00010211375472276115,1,482,481,4,-1,5,6,0,489,918,346
166,40,142,783,937,154,78,78,821,821,0,0.0006126825283365669,0.0006807583648184077,727,747,20,4,3,3,8,4,297,328,761
167,28,130,750,943,193,42,42,757,757,0,0.0004765308553728854,0.0005105687736138058,694,702,8,4,3,3,6,4,664,233,231
168,0,0,1,1,0,0,0,1,1,0,0.0,0.0,1,1,0,-1,-1,-1,21,0,1,950,884
169,8,109,548,935,387,10,10,494,494,0,0.00010211375472276115,0.00010211375472276115,491,491,0,5,4,4,3,2,861,749,602
170,0,0,1,1,0,0,0,1,1,0,0.0,0.0,1,1,0,-1,-1,-1,5,1,386,830,883
171,0,101,1,936,935,0,3,1,332,331,0.0,0.0,1,1,0,5,-1,6,3,0,683,959,606
172,25,231,701,969,268,78,78,877,877,0,0.0010892133837094523,0.001157289220191293,820,832,12,3,3,3,7,5,329,355,222
173,0,0,1,1,0,0,0,1,1,0,0.0,0.0,1,1,0,-1,-1,-1,2,0,761,533,975
174,36,36,838,838,0,22,22,848,848,0,0.0009870996289866913,0.0009870996289866913,811,811,0,-1,3,3,2,9,946,198,915
175,2,104,368,935,567,4,6,369,426,57,0.0,0.00017018959120460194,1,559,558,4,5,5,3,2,958,721,379
176,0,102,1,931,930,0,6,1,382,381,0.0,0.00034037918240920387,1,649,648,4,-1,5,4,0,617,966,247
177,22,124,556,884,328,190,190,663,663,0,0.00010211375472276115,0.00013615167296368154,476,514,38,4,3,3,35,3,20,300,879
178,299,299,973,973,0,230,230,941,941,0,0.004561081044283332,0.004561081044283332,952,952,0,-1,2,2,16,38,42,111,388
179,0,616,1,994,993,0,37,1,669,668,0.0,0.0019741992579733825,1,883,882,2,-1,3,6,0,473,712,96
180,9,215,545,972,427,18,26,515,623,108,0.00010211375472276115,0.0011232513019503727,477,825,348,3,4,4,5,4,290,442,397
181,6,6,445,445,0,11,11,457,457,0,3.4037918240920386e-05,3.4037918240920386e-05,401,401,0,-1,4,4,4,1,655,607,753
182,8,8,507,507,0,18,18,433,433,0,0.00013615167296368154,0.00013615167296368154,513,513,0,-1,4,4,8,2,282,499,502
183,12,218,598,976,378,14,14,592,592,0,0.00037441710065012424,0.0019741992579733825,670,887,217,3,4,4,3,2,882,465,94
184,7,213,537,970,433,11,12,478,488,10,0.00017018959120460194,0.0014636304843595766,556,861,305,3,4,4,4,2,578,549,117
185,0,0,1,1,0,0,0,1,1,0,0.0,0.0,1,1,0,-1,-1,-1,17,0,24,928,773
186,0,206,1,971,970,0,20,1,512,511,0.0,0.0015657442390823377,1,855,854,3,-1,4,6,0,405,890,158
187,0,102,1,960,959,0,4,1,452,451,0.0,0.0006467204465774873,1,754,753,4,-1,5,2,0,847,977,114
188,282,282,982,982,0,62,62,970,970,0,0.009326389598012186,0.009326389598012186,982,982,0,-1,2,2,3,69,923,12,798
189,0,102,1,925,924,0,7,1,398,397,0.0,0.00013615167296368154,1,515,514,4,-1,5,4,1,740,913,371
190,0,102,1,938,937,0,6,1,428,427,0.0,0.00030634126416828345,1,641,640,4,-1,5,3,0,590,865,241
191,2,2,363,363,0,8,8,423,423,0,0.0,0.0,1,1,0,-1,5,5,4,3,784,578,701
192,20,20,624,624,0,48,48,598,598,0,0.0002382654276864427,0.0002382654276864427,581,581,0,-1,3,3,9,7,164,451,841
193,2,208,366,976,610,3,12,368,670,302,0.0,0.002212464685659825,1,902,901,3,5,4,2,1,609,606,66
194,40,246,748,965,217,87,87,803,803,0,0.0009530617107457708,0.0012934408931549745,788,832,44,3,2,2,10,2,254,215,107
195,146,247,961,981,20,28,28,815,815,0,0.003778208924742163,0.003812246842983083,940,940,0,5,3,3,3,37,774,74,572
196,217,319,965,978,13,52,52,765,765,0,0.004050512270669526,0.004356853534837809,944,946,2,4,3,3,7,54,698,28,613
197,7,623,501,994,493,19,46,445,689,244,0.0,0.0027911092957554717,1,918,917,2,4,3,8,5,158,225,111
198,1226,1226,999,999,0,360,360,999,999,0,0.019265461724360937,0.019265461724360937,998,998,0,-1,2,2,15,130,81,3,991
199,106,722,903,997,94,82,92,904,923,19,0.002110350930937064,0.005207801490860819,886,962,76,2,3,3,7,19,207,72,151
200,82,288,894,981,87,30,30,708,708,0,0.0018720855032506212,0.002382654276864427,876,897,21,3,4,4,5,20,456,109,418
201,16,118,551,892,341,66,66,675,675,0,0.0006126825283365669,0.0006807583648184077,736,745,9,4,3,3,10,2,298,160,755
202,0,206,1,962,961,0,16,1,446,445,0.0,0.0004084550188910446,1,676,675,3,-1,4,6,0,352,778,467
203,0,0,1,1,0,0,0,1,1,0,0.0,0.0,1,1,0,-1,-1,-1,12,1,58,573,774
204,0,0,1,1,0,0,0,1,1,0,0.0,0.0,1,1,0,-1,-1,-1,2,0,838,983,882
205,52,52,910,910,0,22,22,896,896,0,0.001599782157323258,0.001599782157323258,874,874,0,-1,3,3,2,17,968,79,782
206,46,148,819,949,130,36,36,732,732,0,0.0008509479560230097,0.0013274788113958951,781,842,61,4,3,3,5,13,691,340,216
207,2,104,356,907,551,10,10,420,420,0,3.4037918240920386e-05,0.00010211375472276115,404,487,83,4,5,5,5,1,599,878,508
208,0,102,1,936,935,0,5,1,393,392,0.0,0.0002723033459273631,1,622,621,4,-1,5,3,0,683,801,197
209,52,52,841,841,0,40,40,788,788,0,0.0020422750944552232,0.0020422750944552232,875,875,0,-1,3,3,5,14,291,68,778
210,0,102,1,889,888,0,15,1,373,372,0.0,0.00017018959120460194,1,538,537,4,-1,5,11,0,379,859,215
211,42,42,742,742,0,152,152,799,799,0,0.0014295925661186562,0.0014295925661186562,841,841,0,-1,3,3,17,6,6,397,838
212,0,0,1,1,0,0,0,1,1,0,0.0,0.0,1,1,0,-1,-1,-1,2,0,589,943,824
213,2,2,364,364,0,9,9,408,408,0,0.00013615167296368154,0.00013615167296368154,504,504,0,-1,5,5,5,2,430,691,698
214,0,101,1,912,911,0,3,1,329,328,0.0,3.4037918240920386e-05,1,408,407,5,-1,6,3,0,737,918,749
215,10,10,561,561,0,16,16,512,512,0,0.00013615167296368154,0.00013615167296368154,519,519,0,-1,4,4,4,6,504,392,917
216,0,101,1,894,893,0,7,1,330,329,0.0,3.4037918240920386e-05,1,402,401,5,-1,6,7,0,678,668,656
217,2,2,349,349,0,21,21,402,402,0,6.807583648184077e-05,6.807583648184077e-05,441,441,0,-1,5,5,11,2,139,662,611
218,55,55,859,859,0,38,38,870,870,0,0.001599782157323258,0.001599782157323258,871,871,0,-1,3,3,3,11,672,83,629
219,14,220,620,976,356,12,12,499,499,0,6.807583648184077e-05,0.0004765308553728854,454,707,253,3,4,4,4,3,461,369,207
220,4,106,415,908,493,10,10,396,396,0,0.00010211375472276115,0.000442492937131965,485,698,213,4,5,5,6,5,526,464,636
221,71,277,893,985,92,34,34,837,837,0,0.0011913271384322134,0.001940161339732462,832,882,50,3,3,3,4,22,603,116,612
222,0,0,1,1,0,0,0,1,1,0,0.0,0.0,1,1,0,-1,-1,-1,20,0,5,822,887
223,28,130,789,958,169,8,8,503,503,0,0.0006126825283365669,0.0008509479560230097,743,792,49,4,4,4,2,10,747,413,262
224,8,8,481,481,0,32,32,452,452,0,3.4037918240920386e-05,3.4037918240920386e-05,405,405,0,-1,4,4,12,3,226,829,731
225,13,219,575,967,392,20,24,564,624,60,0.000442492937131965,0.0013955546478777359,695,851,156,3,4,4,4,4,516,278,99
226,0,101,1,911,910,0,6,1,330,329,0.0,0.0,1,1,0,5,-1,6,6,0,446,917,572
227,2,103,358,906,548,8,8,373,373,0,0.0,0.00013615167296368154,1,519,518,5,5,5,6,1,526,896,694
228,0,102,1,938,937,0,4,1,395,394,0.0,0.00017018959120460194,1,548,547,4,-1,5,2,0,596,917,176
229,52,52,797,797,0,120,120,826,826,0,0.0006467204465774873,0.0006467204465774873,729,729,0,-1,3,3,14,13,84,340,633
230,0,101,1,967,966,0,2,1,332,331,0.0,0.0,1,1,0,5,-1,6,2,1,807,641,762
231,18,120,704,957,253,12,12,680,680,0,0.0004084550188910446,0.0006467204465774873,692,756,64,4,4,4,2,7,957,253,247
232,7,213,507,967,460,12,16,439,492,53,0.0,0.00034037918240920387,1,654,653,3,4,4,4,2,638,364,249
233,0,206,1,967,966,0,28,1,651,650,0.0,0.002723033459273631,1,920,919,3,-1,4,6,0,661,922,69
234,6,6,455,455,0,18,18,539,539,0,0.0002042275094455223,0.0002042275094455223,576,576,0,-1,4,4,5,3,848,309,664
235,185,391,964,988,24,78,78,972,972,0,0.005514142755029102,0.007113924912352361,963,972,9,3,2,2,4,25,632,105,47
236,7,7,560,560,0,10,10,534,534,0,6.807583648184077e-05,6.807583648184077e-05,454,454,0,-1,4,4,3,2,654,408,455
237,14,630,532,990,458,71,94,576,658,82,0.0002382654276864427,0.002757071377514551,587,908,321,2,4,3,16,3,78,369,108
238,12,113,526,902,376,46,46,590,590,0,0.0002042275094455223,0.0002042275094455223,566,566,0,5,4,4,9,2,208,524,692
239,37,37,788,788,0,40,40,780,780,0,0.0018720855032506212,0.0018720855032506212,870,870,0,-1,3,3,5,11,524,249,908
240,4,105,487,956,469,4,4,440,440,0,6.807583648184077e-05,6.807583648184077e-05,452,452,0,5,5,5,2,3,991,534,370
241,0,101,1,892,891,0,7,1,332,331,0.0,0.0,1,1,0,7,-1,8,7,0,331,732,582
242,0,0,1,1,0,0,0,1,1,0,0.0,0.0,1,1,0,-1,-1,-1,4,1,540,828,986
243,42,42,860,860,0,8,8,550,550,0,0.0016338200755641784,0.0016338200755641784,874,874,0,-1,4,4,2,22,967,128,751
244,27,233,793,979,186,18,22,788,805,17,0.00030634126416828345,0.0010892133837094523,639,824,185,3,3,3,2,6,993,467,312
245,6,108,431,913,482,13,14,441,445,4,3.4037918240920386e-05,0.00010211375472276115,394,486,92,4,4,4,6,1,606,265,495
246,0,102,1,881,880,0,14,1,353,352,0.0,0.0,1,1,0,4,-1,5,13,0,67,971,592
247,6,212,440,971,531,18,18,579,579,0,0.0002723033459273631,0.000442492937131965,624,674,50,3,4,4,3,1,808,420,904
248,23,229,684,966,282,60,60,740,740,0,0.0009530617107457708,0.0010892133837094523,799,811,12,3,3,3,9,3,168,390,840
249,2,103,359,915,556,7,7,375,375,0,0.0,0.0,1,1,0,5,5,5,5,1,692,924,694
250,0,0,1,1,0,0,0,1,1,0,0.0,0.0,1,1,0,-1,-1,-1,14,0,172,993,859
251,28,234,751,975,224,32,36,758,769,11,0.000442492937131965,0.0011232513019503727,683,819,136,3,3,3,5,3,291,519,308
252,0,102,1,869,868,0,18,1,344,343,0.0,0.0,1,1,0,4,-1,5,17,0,94,777,893
253,21,227,705,976,271,20,20,652,652,0,0.0005446066918547262,0.00088498587426393,719,796,77,3,4,4,4,9,507,145,354
254,0,0,1,1,0,0,0,1,1,0,0.0,0.0,1,1,0,-1,-1,-1,5,0,474,804,511
255,183,285,954,979,25,82,82,885,885,0,0.0053099152455835805,0.0053439531638245,960,960,0,4,3,3,7,27,336,25,553
256,16,632,542,992,450,39,88,450,656,206,3.4037918240920386e-05,0.0026549576227917903,394,909,515,2,3,3,14,1,332,594,112
257,0,0,1,1,0,0,0,1,1,0,0.0,0.0,1,1,0,-1,-1,-1,6,0,582,819,967
258,8,110,544,933,389,12,12,489,489,0,0.00017018959120460194,0.0013274788113958951,556,853,297,4,4,4,4,2,578,425,255
259,6,212,437,970,533,13,17,462,512,50,0.0,0.00013615167296368154,1,521,520,3,4,4,5,1,519,837,384
260,45,661,824,997,173,28,28,741,741,0,0.0009870996289866913,0.006875659484665918,806,975,169,2,3,3,3,13,836,340,18
261,11,217,608,975,367,12,12,586,586,0,0.00017018959120460194,0.0028932230504782326,555,923,368,3,4,4,2,5,763,124,39
262,4,106,463,940,477,4,4,407,407,0,0.00010211375472276115,0.0002723033459273631,497,632,135,4,5,5,2,3,948,361,536
263,9,111,527,904,377,22,22,532,532,0,0.00010211375472276115,0.00013615167296368154,485,507,22,4,4,4,5,5,793,710,594
264,0,102,1,905,904,0,6,1,359,358,0.0,0.0,1,1,0,4,-1,5,5,0,347,915,244
265,120,221,948,979,31,22,22,795,795,0,0.002314578440382586,0.002382654276864427,908,911,3,5,3,3,2,33,734,15,441
266,236,337,964,978,14,118,118,936,936,0,0.004493005207801491,0.004493005207801491,949,949,0,5,3,3,8,31,303,102,788
267,0,102,1,914,913,0,9,1,399,398,0.0,0.00013615167296368154,1,520,519,4,-1,5,5,0,467,902,451
268,107,209,916,969,53,64,64,923,923,0,0.0025188059498281084,0.002552843868069029,909,910,1,4,2,2,5,19,290,144,870
269,0,102,1,926,925,0,3,1,366,365,0.0,0.00013615167296368154,1,519,518,4,-1,5,2,0,932,651,263
270,8,214,558,976,418,8,8,497,497,0,0.0002042275094455223,0.001157289220191293,569,830,261,3,4,4,2,2,993,579,137
271,72,174,903,971,68,28,28,844,844,0,0.0022465026039007454,0.002484768031587188,899,910,11,4,3,3,3,20,871,49,589
272,24,230,617,948,331,86,94,555,579,24,0.00017018959120460194,0.000442492937131965,540,675,135,3,3,3,20,3,88,385,681
273,208,414,958,985,27,120,120,973,973,0,0.00353994349705572,0.0053099152455835805,939,959,20,3,2,2,6,30,560,65,111
274,4,210,449,974,525,7,16,407,549,142,3.4037918240920386e-05,0.0014636304843595766,408,854,446,3,5,4,4,3,891,598,297
275,26,128,701,930,229,36,36,629,629,0,0.0004084550188910446,0.0005105687736138058,674,709,35,4,3,3,7,5,141,124,164
276,0,616,1,993,992,0,44,1,527,526,0.0,0.0017018959120460194,1,864,863,2,-1,3,11,1,167,705,99
277,30,30,811,811,0,18,18,708,708,0,0.0006807583648184077,0.0006807583648184077,762,762,0,-1,4,4,3,9,485,414,936
278,0,206,1,978,977,0,9,1,474,473,0.0,0.0002382654276864427,1,592,591,3,-1,4,3,0,676,998,667
279,0,206,1,951,950,0,31,1,436,435,0.0,0.0002042275094455223,1,561,560,3,-1,4,13,0,90,914,454
280,23,125,720,940,220,20,20,610,610,0,0.0005786446100956465,0.0007488342013002485,725,760,35,4,4,4,4,8,659,204,512
281,0,101,1,937,936,0,2,1,331,330,0.0,3.4037918240920386e-05,1,409,408,5,-1,6,2,0,747,822,401
282,12,114,610,940,330,20,20,629,629,0,0.0002382654276864427,0.0007828721195411688,606,776,170,4,4,4,4,6,673,107,396
283,0,0,1,1,0,0,0,1,1,0,0.0,0.0,1,1,0,-1,-1,-1,4,0,445,790,881
284,16,118,595,918,323,26,26,517,517,0,0.00013615167296368154,0.0002382654276864427,521,590,69,4,4,4,7,4,525,380,410
285,0,0,1,1,0,0,0,1,1,0,0.0,0.0,1,1,0,-1,-1,-1,8,0,358,731,858
286,2,2,373,373,0,5,5,375,375,0,0.00010211375472276115,0.00010211375472276115,488,488,0,-1,5,5,4,1,738,931,816
287,8,214,505,965,460,17,26,422,487,65,6.807583648184077e-05,0.0009190237925048504,450,799,349,3,4,4,8,2,297,547,217
288,77,178,894,967,73,54,54,935,935,0,0.0032336022328874367,0.003267640151128357,934,934,0,5,3,3,4,17,581,85,661
289,2,103,384,951,567,3,3,387,387,0,0.0,3.4037918240920386e-05,1,413,412,5,5,5,2,2,686,509,594
290,16,16,656,656,0,20,20,747,747,0,0.00030634126416828345,0.00030634126416828345,636,636,0,-1,3,3,3,1,935,810,773
291,0,0,1,1,0,0,0,1,1,0,0.0,0.0,1,1,0,-1,-1,-1,4,0,559,790,742
292,0,206,1,948,947,0,38,1,446,445,0.0,0.00013615167296368154,1,504,503,3,-1,4,15,0,68,903,368
293,10,111,646,955,309,12,12,707,707,0,0.0005786446100956465,0.0007147962830593281,747,774,27,5,4,4,2,3,994,268,134
294,0,206,1,967,966,0,14,1,531,530,0.0,0.003812246842983083,1,940,939,3,-1,4,3,0,687,998,21
295,65,65,855,855,0,40,40,826,826,0,0.0007828721195411688,0.0007828721195411688,778,778,0,-1,3,3,4,13,711,340,228
296,0,0,1,1,0,0,0,1,1,0,0.0,0.0,1,1,0,-1,-1,-1,4,0,649,968,548
297,21,122,716,948,232,20,20,642,642,0,0.0004084550188910446,0.000442492937131965,679,688,9,5,4,4,4,6,696,368,437
298,30,132,713,927,214,42,42,600,600,0,0.0006807583648184077,0.0007147962830593281,749,756,7,4,4,4,9,9,177,245,756
299,0,101,1,940,939,0,3,1,330,329,0.0,6.807583648184077e-05,1,450,449,5,-1,6,3,0,800,984,547
300,398,398,987,987,0,160,160,988,988,0,0.01157289220191293,0.01157289220191293,983,983,0,-1,2,2,7,59,118,6,737
301,348,348,988,988,0,32,32,912,912,0,0.010347527145239796,0.010347527145239796,984,984,0,-1,3,3,2,78,747,9,635
302,105,206,959,981,22,28,28,872,872,0,0.0040845501889104465,0.004118588107151367,949,949,0,5,3,3,3,31,850,76,594
303,0,206,1,964,963,0,34,1,575,574,0.0,0.0008509479560230097,1,782,781,3,-1,4,7,0,299,961,185
304,2,104,360,928,568,6,6,418,418,0,0.0,0.0002042275094455223,1,568,567,4,5,5,3,1,626,623,252
305,16,118,615,934,319,12,12,462,462,0,0.00037441710065012424,0.0005105687736138058,669,712,43,4,4,4,4,6,700,424,365
306,22,638,624,993,369,92,102,722,772,50,0.0005105687736138058,0.002280540522141666,709,899,190,2,3,3,12,3,226,525,63
307,0,616,1,998,997,0,36,1,796,795,0.0,0.011947309302563056,1,988,987,2,-1,3,5,0,695,745,3
308,8,624,568,1000,432,8,18,512,798,286,0.0002723033459273631,0.00353994349705572,630,940,310,2,4,3,2,2,910,363,73
309,12,113,614,937,323,12,12,619,619,0,0.0008509479560230097,0.0009530617107457708,798,810,12,5,4,4,2,4,750,143,244
310,55,55,771,771,0,142,142,720,720,0,0.0004765308553728854,0.0004765308553728854,698,698,0,-1,3,3,21,6,3,4,803
311,6,6,422,422,0,20,20,469,469,0,0.0,0.0,1,1,0,-1,4,4,7,1,359,762,882
312,0,102,1,916,915,0,9,1,381,380,0.0,0.00010211375472276115,1,484,483,4,-1,5,7,0,404,737,870
313,0,1640,1,1000,999,0,76,1,778,777,0.0,0.010926171755335444,1,982,981,1,-1,2,9,1,123,787,60
314,2,104,379,953,574,4,4,440,440,0,0.00010211375472276115,0.0002042275094455223,499,582,83,4,5,5,2,1,991,577,525
315,15,116,601,919,318,18,18,512,512,0,0.00010211375472276115,0.00010211375472276115,499,499,0,5,4,4,5,8,479,477,899
316,7,213,490,964,474,21,22,457,463,6,0.00017018959120460194,0.00034037918240920387,540,653,113,3,4,4,7,3,193,761,607
317,9,9,545,545,0,14,14,523,523,0,0.00030634126416828345,0.00030634126416828345,615,615,0,-1,4,4,3,4,927,287,735
318,151,252,965,981,16,32,32,912,912,0,0.003914360597705844,0.003914360597705844,940,940,0,6,3,3,2,32,976,26,671
319,118,324,927,980,53,44,44,831,831,0,0.002144388849177984,0.0030634126416828346,898,920,22,3,3,3,4,26,512,127,630
320,8,8,502,502,0,15,15,426,426,0,3.4037918240920386e-05,3.4037918240920386e-05,397,397,0,-1,4,4,7,2,171,602,920
321,186,288,953,975,22,120,120,965,965,0,0.00439089145307873,0.00445896728956057,949,950,1,4,2,2,7,28,678,98,477
322,10,10,647,647,0,7,7,557,557,0,0.00013615167296368154,0.00013615167296368154,523,523,0,-1,4,4,2,4,666,208,778
323,2,618,359,998,639,10,24,404,567,163,0.00017018959120460194,0.0010892133837094523,542,808,266,2,5,3,5,1,492,527,103
324,7,109,577,966,389,6,6,459,459,0,0.00017018959120460194,0.0018040096667687805,537,885,348,4,5,5,3,6,786,424,65
325,24,24,664,664,0,38,38,614,614,0,0.00030634126416828345,0.00030634126416828345,614,614,0,-1,4,4,7,6,182,435,348
326,16,16,606,606,0,48,48,711,711,0,0.0004765308553728854,0.0004765308553728854,702,702,0,-1,3,3,7,1,505,80,834
327,51,257,860,983,123,34,34,844,844,0,0.0016678579938050988,0.001940161339732462,872,891,19,3,3,3,4,17,679,213,246
328,0,0,1,1,0,0,0,1,1,0,0.0,0.0,1,1,0,-1,-1,-1,4,0,504,892,817
329,2,208,366,974,608,8,16,444,549,105,0.00010211375472276115,0.0034037918240920387,484,936,452,3,5,4,4,1,891,481,33
330,0,206,1,967,966,0,18,1,502,501,0.0,0.0005105687736138058,1,724,723,3,-1,4,5,0,665,890,283
331,100,100,896,896,0,100,100,945,945,0,0.028728002995336805,0.029510875114877974,997,998,1,3,1,1,6,30,387,75,642
332,0,206,1,970,969,0,12,1,452,451,0.0,0.0009870996289866913,1,813,812,3,-1,4,4,0,304,823,117
333,24,126,758,950,192,20,20,780,780,0,0.0005446066918547262,0.0006126825283365669,724,742,18,4,3,3,3,3,856,351,452
334,0,206,1,976,975,0,12,1,596,595,0.0,0.0024166921951053475,1,910,909,3,-1,4,2,0,771,498,213
335,22,22,782,782,0,12,12,706,706,0,0.00088498587426393,0.00088498587426393,806,806,0,-1,4,4,2,6,914,194,753
336,0,0,1,1,0,0,0,1,1,0,0.0,0.0,1,1,0,-1,-1,-1,3,0,746,845,660
337,0,206,1,957,956,0,14,1,440,439,0.0,0.00010211375472276115,1,482,481,3,-1,4,5,1,496,920,305
338,16,117,526,892,366,70,70,578,578,0,0.0004765308553728854,0.0005446066918547262,700,716,16,5,4,4,15,4,68,365,931
339,8,109,550,944,394,14,14,558,558,0,0.0002382654276864427,0.0002723033459273631,606,630,24,5,4,4,3,3,825,505,837
340,0,0,1,1,0,0,0,1,1,0,0.0,0.0,1,1,0,-1,-1,-1,2,0,805,843,731
341,0,102,1,963,962,0,4,1,457,456,0.0,0.0017018959120460194,1,872,871,4,-1,5,2,0,749,863,39
342,16,632,506,989,483,88,110,555,638,83,0.00013615167296368154,0.0016338200755641784,511,865,354,2,3,3,19,2,83,384,129
343,12,113,595,936,341,10,10,468,468,0,0.0002042275094455223,0.0002382654276864427,570,585,15,5,4,4,3,3,839,496,743
344,0,102,1,916,915,0,6,1,387,386,0.0,6.807583648184077e-05,1,448,447,4,-1,5,4,0,401,996,443
345,16,222,526,946,420,59,97,474,600,126,0.00010211375472276115,0.002927260968719153,464,916,452,3,3,3,20,1,70,734,75
346,0,101,1,916,915,0,7,1,331,330,0.0,0.00010211375472276115,1,483,482,5,-1,6,7,1,439,685,398
347,5,107,508,953,445,4,4,449,449,0,0.00013615167296368154,0.0010211375472276116,530,820,290,4,5,5,2,5,994,570,193
348,1,1,332,332,0,3,3,332,332,0,0.0,0.0,1,1,0,-1,6,6,3,1,768,893,657
349,0,101,1,874,873,0,15,1,332,331,0.0,0.0,1,1,0,6,-1,7,15,0,102,930,595
350,0,0,1,1,0,0,0,1,1,0,0.0,0.0,1,1,0,-1,-1,-1,4,0,700,940,901
351,2,103,373,943,570,3,3,375,375,0,0.0,0.0,1,1,0,5,5,5,2,1,924,449,575
352,2,208,357,966,609,7,28,358,612,254,3.4037918240920386e-05,0.0030634126416828346,414,927,513,3,5,4,6,2,446,692,56
353,21,227,696,974,278,18,18,551,551,0,0.0002723033459273631,0.0007147962830593281,624,756,132,3,4,4,5,8,843,417,160
354,34,136,739,924,185,66,66,814,814,0,0.00037441710065012424,0.00037441710065012424,659,659,0,4,3,3,6,3,312,280,594
355,20,20,650,650,0,48,48,696,696,0,0.0002042275094455223,0.0002042275094455223,573,573,0,-1,3,3,7,3,466,222,709
356,0,0,1,1,0,0,0,1,1,0,0.0,0.0,1,1,0,-1,-1,-1,4,0,870,909,767
357,0,206,1,956,955,0,14,1,412,411,0.0,0.00013615167296368154,1,506,505,3,-1,4,6,0,157,569,532
358,0,0,1,1,0,0,0,1,1,0,0.0,0.0,1,1,0,-1,-1,-1,2,1,972,874,913
359,7,109,549,951,402,8,8,519,519,0,0.00010211375472276115,0.0008509479560230097,489,792,303,4,4,4,2,5,938,476,137
360,1,1,332,332,0,2,2,332,332,0,0.0,0.0,1,1,0,-1,7,7,2,1,994,640,750
361,2,2,348,348,0,18,18,348,348,0,0.0,0.0,1,1,0,-1,5,5,17,1,112,540,919
362,0,102,1,884,883,0,7,1,354,353,0.0,3.4037918240920386e-05,1,406,405,4,-1,5,6,0,425,811,398
363,119,1759,915,1000,85,82,106,855,944,89,0.002382654276864427,0.018040096667687803,904,990,86,1,3,2,7,23,118,122,38
364,120,221,909,960,51,114,114,909,909,0,0.0013274788113958951,0.0013274788113958951,828,828,0,5,3,3,9,14,147,146,781
365,6,108,415,902,487,27,27,523,523,0,0.00013615167296368154,0.00017018959120460194,521,542,21,4,4,4,8,1,541,370,592
366,7,109,521,926,405,12,12,471,471,0,0.00010211375472276115,0.0002042275094455223,477,562,85,4,4,4,4,3,815,441,220
367,0,102,1,880,879,0,19,1,401,400,0.0,0.00013615167296368154,1,504,503,4,-1,5,10,0,105,758,785
368,6,6,400,400,0,21,21,391,391,0,0.00013615167296368154,0.00013615167296368154,513,513,0,-1,5,5,13,4,228,398,457
369,73,175,876,958,82,64,64,925,925,0,0.0029612988869600733,0.003437829742332959,926,933,7,4,2,2,5,8,691,352,422
370,351,452,983,990,7,102,102,949,949,0,0.007522379931243405,0.007522379931243405,973,973,0,6,3,3,7,54,214,19,721
371,6,6,410,410,0,19,19,429,429,0,0.0,0.0,1,1,0,-1,4,4,8,1,236,555,730
372,40,40,787,787,0,64,64,915,915,0,0.0036760951700194017,0.0036760951700194017,933,933,0,-1,2,2,4,2,300,670,843
373,0,0,1,1,0,0,0,1,1,0,0.0,0.0,1,1,0,-1,-1,-1,4,0,822,436,783
374,16,222,469,938,469,162,170,598,617,19,0.0002723033459273631,0.0004084550188910446,587,649,62,3,3,3,36,1,16,810,230
375,46,148,851,962,111,22,22,773,773,0,0.00176997174852786,0.0018380475850097008,881,885,4,4,3,3,2,12,598,100,322
376,98,199,918,971,53,34,34,786,786,0,0.0024507301133462676,0.0024507301133462676,910,910,0,6,3,3,4,26,619,108,590
377,11,11,578,578,0,18,18,530,530,0,0.00017018959120460194,0.00017018959120460194,537,537,0,-1,4,4,5,4,519,156,834
378,19,225,709,980,271,32,32,903,903,0,0.0014636304843595766,0.0030634126416828346,859,932,73,3,3,3,2,3,761,438,100
379,47,149,853,969,116,12,12,714,714,0,0.0012594029749140542,0.0012594029749140542,850,850,0,4,4,4,2,15,876,206,506
380,0,0,1,1,0,0,0,1,1,0,0.0,0.0,1,1,0,-1,-1,-1,2,0,689,877,793
381,0,101,1,958,957,0,2,1,332,331,0.0,0.0,1,1,0,7,-1,8,2,0,878,934,857
382,0,206,1,964,963,0,22,1,526,525,0.0,0.002382654276864427,1,902,901,3,-1,4,5,0,506,813,56
383,0,102,1,889,888,0,13,1,392,391,0.0,0.0002042275094455223,1,563,562,4,-1,5,8,0,236,367,167
384,0,0,1,1,0,0,0,1,1,0,0.0,0.0,1,1,0,-1,-1,-1,4,0,304,735,533
385,0,206,1,973,972,0,10,1,472,471,0.0,0.0007147962830593281,1,759,758,3,-1,4,3,0,592,657,137
386,453,453,989,989,0,142,142,981,981,0,0.012219612648490419,0.012219612648490419,981,981,0,-1,2,2,8,75,431,24,672
387,2,103,372,954,582,2,2,332,332,0,6.807583648184077e-05,6.807583648184077e-05,465,465,0,6,6,6,2,2,806,430,437
388,0,206,1,954,953,0,34,1,451,450,0.0,0.00017018959120460194,1,534,533,3,-1,4,12,0,348,776,165
389,97,713,838,998,160,164,192,784,831,47,0.0013615167296368155,0.004629156880765172,833,946,113,2,2,2,21,8,1,284,17
390,14,115,701,967,266,12,12,745,745,0,0.00013615167296368154,0.0002042275094455223,519,570,51,5,4,4,2,3,950,369,481
391,0,206,1,984,983,0,9,1,542,541,0.0,0.00030634126416828345,1,643,642,3,-1,4,3,0,877,906,612
392,20,122,621,893,272,64,64,568,568,0,0.00030634126416828345,0.0005786446100956465,632,728,96,4,3,3,15,5,138,722,473
393,14,220,635,975,340,12,12,475,475,0,0.0005786446100956465,0.0014636304843595766,736,850,114,3,4,4,4,7,617,303,219
394,18,18,647,647,0,35,35,652,652,0,0.00037441710065012424,0.00037441710065012424,667,667,0,-1,3,3,7,2,722,22,678
395,0,102,1,926,925,0,5,1,386,385,0.0,3.4037918240920386e-05,1,402,401,4,-1,5,3,0,923,985,370
396,6,6,420,420,0,22,22,482,482,0,0.00010211375472276115,0.00010211375472276115,482,482,0,-1,4,4,7,1,637,555,982
397,96,198,965,989,24,22,22,915,915,0,0.006739507811702236,0.008203138296061813,967,973,6,4,3,3,2,37,782,74,8
398,16,16,632,632,0,18,18,603,603,0,0.0002042275094455223,0.0002042275094455223,565,565,0,-1,4,4,3,8,484,302,573
399,16,16,667,667,0,16,16,583,583,0,0.0002042275094455223,0.0002042275094455223,582,582,0,-1,4,4,4,4,491,86,600
400,0,101,1,879,878,0,11,1,330,329,0.0,0.0,1,1,0,5,-1,6,11,0,360,457,781
401,84,84,878,878,0,92,92,922,922,0,0.002825147213996392,0.002825147213996392,912,912,0,-1,2,2,7,5,336,273,664
402,34,136,697,904,207,92,92,738,738,0,0.0005105687736138058,0.0005446066918547262,710,720,10,4,3,3,12,4,52,470,659
403,0,0,1,1,0,0,0,1,1,0,0.0,0.0,1,1,0,-1,-1,-1,4,0,741,845,927
404,7,109,597,968,371,4,4,444,444,0,0.0002723033459273631,0.0008509479560230097,624,795,171,4,5,5,2,4,968,504,250
405,12,218,496,952,456,56,60,495,507,12,0.00010211375472276115,0.0007147962830593281,480,746,266,3,4,4,16,3,59,496,295
406,221,322,963,978,15,144,144,951,951,0,0.0046972327172470135,0.004731270635487933,950,950,0,5,2,2,10,31,293,76,717
407,58,264,839,974,135,84,84,859,859,0,0.001157289220191293,0.0013615167296368155,822,852,30,3,3,3,8,14,137,243,199
408,22,228,658,968,310,68,68,774,774,0,0.0006126825283365669,0.0014295925661186562,739,845,106,3,3,3,8,3,350,209,71
409,0,102,1,926,925,0,6,1,419,418,0.0,0.0006807583648184077,1,758,757,4,-1,5,3,0,923,813,630
410,59,59,841,841,0,40,40,734,734,0,0.0013955546478777359,0.0013955546478777359,849,849,0,-1,3,3,5,9,377,277,820
411,6,108,452,929,477,18,18,551,551,0,0.00013615167296368154,0.0002382654276864427,518,605,87,4,4,4,5,4,908,409,240
412,0,102,1,928,927,0,7,1,399,398,0.0,0.0004084550188910446,1,682,681,4,-1,5,4,0,462,638,591
413,22,228,714,974,260,46,50,852,859,7,0.0009190237925048504,0.0019741992579733825,804,884,80,3,3,3,5,5,517,535,130
414,195,195,974,974,0,28,28,777,777,0,0.004969536063174376,0.004969536063174376,962,962,0,-1,3,3,3,49,756,31,954
415,2,104,360,918,558,5,5,382,382,0,3.4037918240920386e-05,3.4037918240920386e-05,407,407,0,4,5,5,3,1,808,687,214
416,44,44,736,736,0,112,112,758,758,0,0.00037441710065012424,0.00037441710065012424,654,654,0,-1,3,3,15,6,104,275,854
417,0,206,1,968,967,0,14,1,474,473,0.0,0.0006467204465774873,1,751,750,3,-1,4,5,1,386,947,264
418,78,284,898,981,83,60,60,934,934,0,0.0027911092957554717,0.004152626025392287,924,948,24,3,3,3,5,12,685,104,64
419,1,1,332,332,0,4,4,332,332,0,0.0,0.0,1,1,0,-1,6,6,4,1,858,703,776
420,8,214,482,959,477,17,38,401,554,153,3.4037918240920386e-05,0.0016338200755641784,401,863,462,3,4,4,9,2,178,298,85
421,0,102,1,929,928,0,7,1,406,405,0.0,0.00037441710065012424,1,672,671,4,-1,5,4,0,891,890,262
422,0,206,1,935,934,0,68,1,465,464,0.0,0.0005105687736138058,1,701,700,3,-1,4,23,0,4,782,475
423,13,115,686,963,277,10,10,564,564,0,0.00010211375472276115,0.00176997174852786,508,887,379,4,4,4,3,5,850,310,38
424,0,206,1,935,934,0,34,1,375,374,0.0,6.807583648184077e-05,1,445,444,3,-1,4,23,0,43,934,215
425,0,0,1,1,0,0,0,1,1,0,0.0,0.0,1,1,0,-1,-1,-1,4,0,949,902,950
426,7,213,513,970,457,10,10,454,454,0,3.4037918240920386e-05,0.0007488342013002485,404,773,369,3,4,4,3,3,930,631,163
427,18,120,726,961,235,20,20,821,821,0,0.0004765308553728854,0.0009870996289866913,703,813,110,4,3,3,3,2,768,524,390
428,4,106,401,912,511,13,13,389,389,0,0.0,0.00010211375472276115,1,484,483,4,5,5,8,2,350,694,527
429,11,113,684,967,283,8,8,604,604,0,0.00037441710065012424,0.0006807583648184077,673,765,92,4,4,4,2,5,807,362,198
430,0,616,1,997,996,0,32,1,697,696,0.0,0.004561081044283332,1,947,946,2,-1,3,5,0,467,995,75
431,0,102,1,959,958,0,6,1,505,504,0.0,0.0007147962830593281,1,776,775,4,-1,5,3,1,915,456,148
432,2,103,361,914,553,8,8,373,373,0,0.0,0.0,1,1,0,5,5,5,6,1,465,763,547
433,40,142,775,939,164,51,51,737,737,0,0.00176997174852786,0.0018720855032506212,864,872,8,4,2,2,7,1,398,639,408
434,16,222,516,954,438,130,134,758,768,10,6.807583648184077e-05,0.0008169100377820892,441,763,322,3,3,3,17,1,23,553,166
435,0,102,1,942,941,0,3,1,379,378,0.0,3.4037918240920386e-05,1,401,400,4,-1,5,2,0,937,963,468
436,0,0,1,1,0,0,0,1,1,0,0.0,0.0,1,1,0,-1,-1,-1,4,0,787,672,324
437,0,101,1,944,943,0,3,1,330,329,0.0,3.4037918240920386e-05,1,406,405,6,-1,7,3,0,902,872,656
438,0,102,1,942,941,0,4,1,376,375,0.0,0.00017018959120460194,1,555,554,4,-1,5,3,1,953,705,300
439,0,616,1,992,991,0,68,1,574,573,0.0,0.0018380475850097008,1,873,872,2,-1,3,15,0,32,954,84
440,0,0,1,1,0,0,0,1,1,0,0.0,0.0,1,1,0,-1,-1,-1,4,0,384,942,684
441,4,106,447,935,488,6,6,438,438,0,0.00013615167296368154,0.0002382654276864427,532,608,76,4,5,5,3,2,857,579,840
442,6,108,400,896,496,26,26,418,418,0,6.807583648184077e-05,0.00017018959120460194,438,540,102,4,4,4,12,1,58,899,444
443,0,0,1,1,0,0,0,1,1,0,0.0,0.0,1,1,0,-1,-1,-1,16,0,42,959,782
444,0,102,1,888,887,0,13,1,345,344,0.0,0.0,1,1,0,4,-1,5,12,0,226,574,788
445,56,158,877,966,89,18,18,671,671,0,0.0014636304843595766,0.0015317063208414173,860,866,6,4,4,4,3,16,590,78,86
446,19,19,757,757,0,18,18,843,843,0,0.0004084550188910446,0.0004084550188910446,694,694,0,-1,3,3,2,5,995,619,824
447,147,147,944,944,0,54,54,891,891,0,0.0033357159876101976,0.0033357159876101976,932,932,0,-1,3,3,4,27,614,69,811
448,0,206,1,949,948,0,19,1,422,421,0.0,6.807583648184077e-05,1,441,440,3,-1,4,9,0,202,751,251
449,100,100,911,911,0,100,100,982,982,0,0.03451444909629327,0.03451444909629327,999,999,0,-1,1,1,5,29,644,142,851
450,0,206,1,973,972,0,14,1,558,557,0.0,0.000442492937131965,1,697,696,3,-1,4,3,0,833,825,267
451,36,36,795,795,0,40,40,795,795,0,0.0009870996289866913,0.0009870996289866913,809,809,0,-1,3,3,5,5,795,273,859
452,6,622,445,998,553,15,34,515,737,222,0.00010211375472276115,0.006058749446883829,486,968,482,2,4,3,4,1,304,463,31
453,0,0,1,1,0,0,0,1,1,0,0.0,0.0,1,1,0,-1,-1,-1,4,0,650,811,847
454,0,206,1,942,941,0,56,1,516,515,0.0,0.001055175465468532,1,803,802,3,-1,4,14,0,85,388,397
455,85,85,872,872,0,88,88,888,888,0,0.0018040096667687805,0.0018040096667687805,861,861,0,-1,3,3,8,17,449,213,728
456,0,101,1,969,968,0,2,1,330,329,0.0,3.4037918240920386e-05,1,401,400,6,-1,7,2,0,813,620,899
457,1,207,333,966,633,3,18,333,560,227,0.0,0.0018380475850097008,1,878,877,3,6,4,3,2,837,739,135
458,0,206,1,965,964,0,22,1,575,574,0.0,0.0013955546478777359,1,845,844,3,-1,4,5,0,667,768,95
459,170,271,942,973,31,142,142,972,972,0,0.004493005207801491,0.0045270431260424114,952,952,0,5,2,2,8,20,383,38,543
460,2,2,352,352,0,16,16,353,353,0,0.0,0.0,1,1,0,-1,5,5,15,2,65,663,845
461,18,224,638,966,328,30,30,554,554,0,0.0002382654276864427,0.000442492937131965,592,682,90,3,4,4,7,3,364,519,628
462,8,110,547,927,380,20,20,609,609,0,6.807583648184077e-05,0.0007488342013002485,457,769,312,4,4,4,4,3,344,300,234
463,39,1679,700,1000,300,75,121,569,734,165,6.807583648184077e-05,0.006875659484665918,438,965,527,1,3,2,16,5,53,487,96
464,0,101,1,877,876,0,14,1,332,331,0.0,3.4037918240920386e-05,1,406,405,5,-1,6,14,0,198,433,337
465,0,1640,1,1000,999,0,80,1,942,941,0.0,0.023894618605126112,1,992,991,1,-1,2,6,0,657,953,23
466,131,131,924,924,0,122,122,953,953,0,0.002927260968719153,0.002927260968719153,921,921,0,-1,2,2,8,17,646,213,923
467,292,498,976,990,14,132,132,957,957,0,0.005718370264474625,0.006841621566424997,969,974,5,3,2,2,8,45,244,77,91
468,104,206,907,961,54,96,96,929,929,0,0.0028591851322373124,0.0029612988869600733,916,925,9,4,2,2,7,13,214,42,370
469,7,109,579,962,383,4,4,427,427,0,0.0002382654276864427,0.0004765308553728854,611,711,100,4,5,5,2,5,742,241,480
470,0,0,1,1,0,0,0,1,1,0,0.0,0.0,1,1,0,-1,-1,-1,3,0,923,889,777
471,22,123,732,946,214,30,30,810,810,0,0.0013615167296368155,0.0013615167296368155,847,847,0,5,3,3,4,2,603,524,292
472,24,230,669,964,295,44,44,645,645,0,0.00037441710065012424,0.0005105687736138058,661,704,43,3,3,3,7,4,246,637,385
473,163,163,970,970,0,38,38,903,903,0,0.0030293747234419145,0.0030293747234419145,923,923,0,-1,3,3,3,44,770,27,699
474,100,100,860,860,0,100,100,760,760,0,0.016542428265087308,0.01657646618332823,992,992,0,5,1,1,13,24,120,13,781
475,11,112,714,972,258,8,8,641,641,0,0.00034037918240920387,0.00037441710065012424,662,678,16,5,4,4,2,6,936,379,639
476,15,15,566,566,0,30,30,512,512,0,0.0002042275094455223,0.0002042275094455223,570,570,0,-1,4,4,9,5,315,241,715
477,0,101,1,925,924,0,5,1,331,330,0.0,0.0,1,1,0,5,-1,6,5,0,533,400,560
478,6,6,390,390,0,52,52,510,510,0,0.00010211375472276115,0.00010211375472276115,477,477,0,-1,4,4,14,3,121,410,638
479,0,206,1,943,942,0,39,1,438,437,0.0,0.0002382654276864427,1,582,581,3,-1,4,17,0,210,845,474
480,0,206,1,969,968,0,14,1,487,486,0.0,0.0010211375472276116,1,810,809,3,-1,4,5,1,662,947,54
481,0,0,1,1,0,0,0,1,1,0,0.0,0.0,1,1,0,-1,-1,-1,23,0,30,620,834
482,6,212,459,972,513,11,16,469,568,99,0.00010211375472276115,0.0006807583648184077,487,762,275,3,4,4,4,2,543,805,103
483,0,206,1,943,942,0,42,1,426,425,0.0,0.0005786446100956465,1,721,720,3,-1,4,16,0,42,735,375
484,134,340,924,979,55,92,92,894,894,0,0.001940161339732462,0.003608019333537561,881,940,59,3,3,3,7,18,372,82,65
485,44,44,828,828,0,52,52,946,946,0,0.002757071377514551,0.002757071377514551,922,922,0,-1,2,2,3,4,834,557,604
486,24,230,650,960,310,72,72,734,734,0,0.0008169100377820892,0.0009530617107457708,756,782,26,3,3,3,10,3,109,390,759
487,60,266,768,963,195,178,182,723,732,9,0.0005446066918547262,0.0033016780693692774,696,928,232,3,3,3,25,7,17,253,102
488,103,204,877,945,68,100,100,692,692,0,0.0009530617107457708,0.0009530617107457708,788,788,0,5,3,3,14,16,133,113,734
489,0,206,1,946,945,0,29,1,439,438,0.0,0.00017018959120460194,1,540,539,3,-1,4,12,0,222,817,770
490,477,579,990,994,4,176,176,995,995,0,0.01317267435923619,0.013479015623404473,984,984,0,4,2,2,8,78,431,9,562
491,4,106,470,945,475,4,4,424,424,0,0.00017018959120460194,0.0004084550188910446,562,692,130,4,5,5,2,2,817,584,480
492,9,9,568,568,0,9,9,470,470,0,0.00010211375472276115,0.00010211375472276115,487,487,0,-1,4,4,3,3,882,526,895
493,102,204,916,968,52,48,48,904,904,0,0.0020763130126961434,0.0021784267674189047,888,896,8,4,3,3,3,17,490,96,628
494,202,303,960,976,16,132,132,976,976,0,0.005037611899656217,0.005037611899656217,957,957,0,5,2,2,8,26,521,127,621
495,24,230,640,959,319,62,68,534,558,24,0.00034037918240920387,0.0011913271384322134,634,814,180,3,4,4,18,6,29,613,440
496,2,104,386,962,576,4,4,432,432,0,0.00013615167296368154,0.0002382654276864427,530,613,83,4,5,5,2,1,996,416,107
497,1,1,333,333,0,23,23,333,333,0,0.0,0.0,1,1,0,-1,9,9,23,1,43,647,568
498,12,218,534,957,423,30,30,513,513,0,0.0002723033459273631,0.0005786446100956465,603,725,122,3,4,4,9,3,249,646,154
499,34,34,738,738,0,64,64,764,764,0,0.0007147962830593281,0.0007147962830593281,758,758,0,-1,3,3,8,4,142,333,937
500,22,638,597,990,393,84,106,564,656,92,0.0002042275094455223,0.0012934408931549745,559,833,274,2,3,3,19,4,48,239,366
501,12,12,578,578,0,30,30,661,661,0,0.0008509479560230097,0.0008509479560230097,800,800,0,-1,4,4,5,2,665,473,865
502,80,181,860,948,88,56,56,759,759,0,0.0012253650566731338,0.0012253650566731338,830,830,0,5,3,3,6,19,378,184,292
503,0,102,1,883,882,0,16,1,369,368,0.0,0.00010211375472276115,1,486,485,4,-1,5,12,1,44,529,661
504,41,143,794,942,148,44,44,796,796,0,0.0010211375472276116,0.0010211375472276116,821,821,0,4,3,3,4,6,671,516,434
505,0,102,1,956,955,0,3,1,389,388,0.0,0.00013615167296368154,1,534,533,4,-1,5,2,0,889,985,724
506,0,0,1,1,0,0,0,1,1,0,0.0,0.0,1,1,0,-1,-1,-1,4,1,480,529,996
507,0,0,1,1,0,0,0,1,1,0,0.0,0.0,1,1,0,-1,-1,-1,3,0,801,987,838
508,194,194,940,940,0,190,190,903,903,0,0.0030974505599237552,0.0030974505599237552,929,929,0,-1,2,2,16,20,50,109,757
509,0,102,1,912,911,0,6,1,364,363,0.0,3.4037918240920386e-05,1,410,409,4,-1,5,5,0,338,956,749
510,6,212,443,971,528,12,20,496,619,123,3.4037918240920386e-05,0.0030293747234419145,412,914,502,3,4,4,4,1,520,661,142
511,6,108,439,919,480,12,12,472,472,0,0.00010211375472276115,0.00013615167296368154,477,513,36,4,4,4,4,2,711,384,313
512,26,232,766,977,211,36,40,783,805,22,0.000442492937131965,0.002280540522141666,689,892,203,3,3,3,5,9,602,293,39
513,6,6,412,412,0,26,26,497,497,0,0.00017018959120460194,0.00017018959120460194,536,536,0,-1,4,4,7,2,366,670,513
514,8,214,543,970,427,26,30,648,703,55,0.00013615167296368154,0.008305252050784574,513,977,464,3,4,4,5,3,291,354,0
515,16,222,565,966,401,58,58,706,706,0,0.0004084550188910446,0.0008509479560230097,674,777,103,3,3,3,8,2,218,160,240
516,0,101,1,911,910,0,6,1,329,328,0.0,0.0,1,1,0,5,-1,6,6,0,587,673,829
517,0,0,1,1,0,0,0,1,1,0,0.0,0.0,1,1,0,-1,-1,-1,9,0,394,798,838
518,0,0,1,1,0,0,0,1,1,0,0.0,0.0,1,1,0,-1,-1,-1,5,3,290,348,699
519,171,273,953,974,21,78,78,837,837,0,0.0034037918240920387,0.003437829742332959,931,931,0,4,3,3,8,30,286,75,410
520,50,50,861,861,0,18,18,692,692,0,0.002280540522141666,0.002280540522141666,903,903,0,-1,4,4,3,15,770,158,839
521,27,129,705,928,223,64,64,768,768,0,0.00037441710065012424,0.00037441710065012424,667,667,0,4,3,3,8,5,365,362,606
522,0,0,1,1,0,0,0,1,1,0,0.0,0.0,1,1,0,-1,-1,-1,5,0,452,817,897
523,0,0,1,1,0,0,0,1,1,0,0.0,0.0,1,1,0,-1,-1,-1,8,0,297,330,860
524,4,4,416,416,0,12,12,416,416,0,3.4037918240920386e-05,3.4037918240920386e-05,400,400,0,-1,5,5,6,2,356,680,975
525,0,102,1,872,871,0,29,1,376,375,0.0,0.00013615167296368154,1,510,509,4,-1,5,19,0,83,951,544
526,40,40,708,708,0,108,108,782,782,0,0.0007488342013002485,0.0007488342013002485,743,743,0,-1,3,3,13,4,92,267,993
527,18,224,603,957,354,74,74,748,748,0,0.0005786446100956465,0.0007488342013002485,713,759,46,3,3,3,9,3,164,354,634
528,0,206,1,964,963,0,10,1,423,422,0.0,0.00030634126416828345,1,625,624,3,-1,4,5,0,382,651,691
529,0,102,1,926,925,0,10,1,447,446,0.0,0.0007147962830593281,1,758,757,4,-1,5,5,0,843,833,184
530,5,107,508,954,446,4,4,430,430,0,0.0002382654276864427,0.0002723033459273631,620,639,19,4,5,5,2,6,781,447,248
531,0,0,1,1,0,0,0,1,1,0,0.0,0.0,1,1,0,-1,-1,-1,9,0,389,702,624
532,38,244,739,962,223,112,116,851,852,1,0.0009530617107457708,0.001157289220191293,799,825,26,3,3,3,11,4,76,288,427
533,817,817,1000,1000,0,72,72,980,980,0,0.020933319718166036,0.020933319718166036,997,997,0,-1,2,2,3,157,927,2,456
534,67,273,868,981,113,46,46,786,786,0,0.0013615167296368155,0.006126825283365669,841,966,125,3,3,3,6,15,664,206,12
535,28,234,727,972,245,30,30,645,645,0,0.0002723033459273631,0.001055175465468532,609,814,205,3,4,4,5,7,247,134,399
536,9,110,587,942,355,14,14,615,615,0,0.00013615167296368154,0.00030634126416828345,534,636,102,5,4,4,3,5,823,395,524
537,223,325,962,976,14,86,86,923,923,0,0.003880322679464924,0.003880322679464924,942,942,0,4,3,3,6,31,473,76,215
538,127,127,903,903,0,126,126,878,878,0,0.0024166921951053475,0.0024166921951053475,901,901,0,-1,3,3,11,21,279,123,874
539,2,2,370,370,0,6,6,438,438,0,6.807583648184077e-05,6.807583648184077e-05,448,448,0,-1,5,5,3,2,857,509,874
540,6,108,390,889,499,50,50,486,486,0,6.807583648184077e-05,6.807583648184077e-05,448,448,0,4,4,4,15,2,104,215,499
541,0,0,1,1,0,0,0,1,1,0,0.0,0.0,1,1,0,-1,-1,-1,3,0,668,910,705
542,0,101,1,909,908,0,5,1,332,331,0.0,0.0,1,1,0,5,-1,6,5,0,390,977,530
543,34,34,778,778,0,30,30,661,661,0,0.0006126825283365669,0.0006126825283365669,755,755,0,-1,4,4,5,9,665,154,324
544,6,212,422,963,541,18,22,459,495,36,0.0,0.00088498587426393,1,792,791,3,4,4,7,1,214,964,261
545,0,206,1,957,956,0,24,1,465,464,0.0,0.0002042275094455223,1,562,561,3,-1,4,8,0,131,669,222
546,0,0,1,1,0,0,0,1,1,0,0.0,0.0,1,1,0,-1,-1,-1,7,0,336,489,517
547,42,42,835,835,0,24,24,711,711,0,0.0008509479560230097,0.0008509479560230097,784,784,0,-1,4,4,4,9,607,242,672
548,6,212,419,965,546,18,22,457,498,41,0.00017018959120460194,0.0005105687736138058,529,711,182,3,4,4,7,1,141,394,386
549,9,110,572,937,365,20,20,649,649,0,0.0002723033459273631,0.0002723033459273631,631,631,0,5,4,4,4,4,573,339,764
550,48,150,819,944,125,46,46,737,737,0,0.0007828721195411688,0.0011232513019503727,772,818,46,4,3,3,6,9,345,242,236
551,46,148,769,927,158,88,88,779,779,0,0.0007828721195411688,0.0008169100377820892,759,766,7,4,2,2,10,2,152,628,829
552,0,0,1,1,0,0,0,1,1,0,0.0,0.0,1,1,0,-1,-1,-1,5,2,570,431,826
553,2,2,379,379,0,6,6,453,453,0,3.4037918240920386e-05,3.4037918240920386e-05,397,397,0,-1,5,5,3,1,768,334,917
554,6,108,482,943,461,4,4,413,413,0,0.00013615167296368154,0.0002042275094455223,512,570,58,4,5,5,2,4,816,220,584
555,0,206,1,963,962,0,18,1,458,457,0.0,0.0007147962830593281,1,754,753,3,-1,4,7,0,329,629,267
556,0,102,1,897,896,0,11,1,366,365,0.0,3.4037918240920386e-05,1,399,398,4,-1,5,9,0,168,815,679
557,6,622,392,995,603,28,68,433,632,199,6.807583648184077e-05,0.0021784267674189047,442,898,456,2,4,3,11,1,227,807,119
558,30,30,773,773,0,32,32,755,755,0,0.0007828721195411688,0.0007828721195411688,767,767,0,-1,3,3,5,4,601,333,684
559,48,254,849,983,134,14,18,607,705,98,0.0010211375472276116,0.0028932230504782326,815,916,101,3,4,4,3,13,676,261,157
560,7,7,543,543,0,14,14,597,597,0,0.00037441710065012424,0.00037441710065012424,680,680,0,-1,4,4,3,2,774,101,568
561,9,9,542,542,0,14,14,475,475,0,0.0002042275094455223,0.0002042275094455223,561,561,0,-1,4,4,5,5,656,570,831
562,178,178,958,958,0,88,88,970,970,0,0.004833384390210695,0.004833384390210695,959,959,0,-1,2,2,4,30,759,39,254
563,0,101,1,963,962,0,2,1,332,331,0.0,0.00010211375472276115,1,503,502,5,-1,6,2,0,810,994,156
564,187,187,959,959,0,94,94,973,973,0,0.006399128629293032,0.006399128629293032,968,968,0,-1,2,2,5,31,173,35,573
565,0,102,1,924,923,0,8,1,430,429,0.0,0.0002042275094455223,1,572,571,4,-1,5,4,0,475,823,339
566,0,0,1,1,0,0,0,1,1,0,0.0,0.0,1,1,0,-1,-1,-1,5,0,663,542,511
567,0,206,1,968,967,0,13,1,445,444,0.0,0.00013615167296368154,1,519,518,3,-1,4,6,0,522,600,477
568,0,101,1,905,904,0,3,1,332,331,0.0,0.0,1,1,0,5,-1,6,3,0,837,975,708
569,0,206,1,967,966,0,10,1,445,444,0.0,0.00030634126416828345,1,614,613,3,-1,4,3,0,927,542,291
570,0,616,1,997,996,0,26,1,742,741,0.0,0.00442492937131965,1,950,949,2,-1,3,4,0,573,838,119
571,0,206,1,978,977,0,8,1,512,511,0.0,0.00034037918240920387,1,658,657,3,-1,4,2,1,757,949,482
572,85,187,922,975,53,12,12,627,627,0,0.0023486163586235067,0.003982436434187685,903,943,40,4,4,4,2,26,993,127,123
573,6,6,433,433,0,24,24,632,632,0,0.00013615167296368154,0.00013615167296368154,520,520,0,-1,4,4,4,1,700,667,938
574,0,102,1,881,880,0,19,1,356,355,0.0,6.807583648184077e-05,1,433,432,4,-1,5,17,0,71,918,756
575,0,102,1,903,902,0,6,1,359,358,0.0,3.4037918240920386e-05,1,400,399,4,-1,5,5,0,173,686,555
576,9,111,586,938,352,8,8,483,483,0,0.00013615167296368154,0.00030634126416828345,524,646,122,4,4,4,2,6,925,406,365
577,0,0,1,1,0,0,0,1,1,0,0.0,0.0,1,1,0,-1,-1,-1,4,0,660,359,956
578,200,301,975,984,9,38,38,909,909,0,0.00439089145307873,0.00439089145307873,950,950,0,5,3,3,3,57,710,50,853
579,0,101,1,912,911,0,6,1,330,329,0.0,0.0,1,1,0,5,-1,6,6,0,522,850,717
580,2,2,359,359,0,13,13,387,387,0,0.0,0.0,1,1,0,-1,5,5,8,1,420,606,957
581,1,103,331,946,615,3,6,331,485,154,0.0,0.0012594029749140542,1,834,833,4,6,5,3,1,796,543,45
582,14,116,774,978,204,12,12,802,802,0,0.0007828721195411688,0.002110350930937064,792,909,117,4,4,4,2,4,944,407,73
583,0,206,1,976,975,0,12,1,585,584,0.0,0.0011232513019503727,1,832,831,3,-1,4,2,1,934,874,87
584,32,32,795,795,0,18,18,635,635,0,0.0007147962830593281,0.0007147962830593281,768,768,0,-1,4,4,3,13,627,217,750
585,42,42,824,824,0,28,28,779,779,0,0.0010211375472276116,0.0010211375472276116,813,813,0,-1,3,3,3,8,923,186,539
586,2,104,360,906,546,8,9,391,398,7,0.0,0.0002382654276864427,1,578,577,4,5,5,5,2,173,495,223
587,8,109,499,903,404,15,15,426,426,0,6.807583648184077e-05,0.00013615167296368154,448,519,71,5,4,4,6,2,368,298,596
588,8,110,476,889,413,23,24,400,404,4,0.0,0.0,1,1,0,4,4,4,12,2,143,364,873
589,0,206,1,974,973,0,16,1,561,560,0.0,0.0012253650566731338,1,843,842,3,-1,4,4,3,648,753,180
590,0,616,1,997,996,0,28,1,776,775,0.0,0.005207801490860819,1,962,961,2,-1,3,3,0,756,808,102
591,18,18,722,722,0,14,14,594,594,0,0.0008169100377820892,0.0008169100377820892,784,784,0,-1,4,4,3,5,708,273,726
592,0,206,1,955,954,0,23,1,464,463,0.0,0.0013955546478777359,1,834,833,3,-1,4,8,0,443,864,89
593,0,0,1,1,0,0,0,1,1,0,0.0,0.0,1,1,0,-1,-1,-1,6,0,237,675,588
594,6,6,464,464,0,12,12,505,505,0,6.807583648184077e-05,6.807583648184077e-05,452,452,0,-1,4,4,4,1,728,449,833
595,26,26,823,823,0,12,12,713,713,0,0.0008169100377820892,0.0008169100377820892,789,789,0,-1,4,4,2,9,963,154,733
596,4,4,403,403,0,11,11,367,367,0,6.807583648184077e-05,6.807583648184077e-05,435,435,0,-1,5,5,8,2,146,694,349
597,0,102,1,880,879,0,16,1,383,382,0.0,0.00010211375472276115,1,478,477,4,-1,5,10,1,105,742,468
598,8,8,589,589,0,4,4,437,437,0,0.0002723033459273631,0.0002723033459273631,626,626,0,-1,5,5,2,6,967,258,786
599,0,0,1,1,0,0,0,1,1,0,0.0,0.0,1,1,0,-1,-1,-1,7,0,372,926,445
600,22,123,794,966,172,34,34,885,885,0,0.00088498587426393,0.00088498587426393,800,800,0,5,3,3,4,7,860,224,734
601,0,102,1,906,905,0,11,1,396,395,0.0,0.00017018959120460194,1,541,540,4,-1,5,6,0,328,546,681
602,6,108,511,955,444,14,14,635,635,0,6.807583648184077e-05,0.000442492937131965,463,703,240,4,4,4,3,1,584,394,283
603,23,23,710,710,0,30,30,723,723,0,0.0002042275094455223,0.0002042275094455223,572,572,0,-1,3,3,4,8,736,302,775
604,13,219,561,964,403,40,44,610,645,35,0.0002382654276864427,0.0011913271384322134,590,821,231,3,4,4,8,3,257,222,255
605,22,22,710,710,0,34,34,788,788,0,0.0002723033459273631,0.0002723033459273631,634,634,0,-1,3,3,4,2,885,682,388
606,0,0,1,1,0,0,0,1,1,0,0.0,0.0,1,1,0,-1,-1,-1,2,0,859,542,760
607,0,101,1,939,938,0,3,1,330,329,0.0,0.0,1,1,0,6,-1,7,3,0,953,973,509
608,8,109,551,934,383,14,14,561,561,0,0.00013615167296368154,0.0002382654276864427,516,596,80,5,4,4,3,3,935,505,430
609,67,67,863,863,0,64,64,923,923,0,0.001497668402600497,0.001497668402600497,854,854,0,-1,3,3,4,13,445,255,830
610,12,114,593,940,347,14,14,494,494,0,0.00017018959120460194,0.0002042275094455223,547,575,28,4,4,4,5,6,848,435,496
611,0,206,1,947,946,0,28,1,404,403,0.0,0.00034037918240920387,1,637,636,3,-1,4,15,0,102,880,258
612,14,630,581,996,415,20,34,565,732,167,0.00017018959120460194,0.008475441641989176,537,978,441,2,4,3,4,3,391,93,70
613,0,206,1,963,962,0,16,1,478,477,0.0,0.0005446066918547262,1,707,706,3,-1,4,4,0,410,855,366
614,0,0,1,1,0,0,0,1,1,0,0.0,0.0,1,1,0,-1,-1,-1,4,1,500,573,775
615,27,128,805,964,159,14,14,668,668,0,0.00034037918240920387,0.00034037918240920387,658,658,0,6,4,4,3,14,984,387,671
616,0,102,1,882,881,0,11,1,355,354,0.0,0.0002042275094455223,1,562,561,4,-1,5,10,0,109,772,537
617,0,206,1,967,966,0,18,1,604,603,0.0,0.00527587732734266,1,964,963,3,-1,4,3,0,927,846,70
618,16,222,590,961,371,30,30,590,590,0,0.0002042275094455223,0.0012253650566731338,565,833,268,3,4,4,5,6,238,424,59
619,0,0,1,1,0,0,0,1,1,0,0.0,0.0,1,1,0,-1,-1,-1,5,0,701,330,975
620,6,107,459,928,469,12,12,482,482,0,3.4037918240920386e-05,3.4037918240920386e-05,398,398,0,5,4,4,4,1,495,873,853
621,23,125,800,967,167,18,18,738,738,0,0.0013615167296368155,0.002382654276864427,862,913,51,4,4,4,3,6,850,397,393
622,2,208,353,960,607,12,28,379,513,134,3.4037918240920386e-05,0.0005446066918547262,392,708,316,3,5,4,8,1,308,265,169
623,66,272,829,965,136,120,120,891,891,0,0.0005105687736138058,0.0006807583648184077,707,741,34,3,3,3,10,7,206,169,311
624,0,101,1,916,915,0,5,1,332,331,0.0,0.0,1,1,0,5,-1,6,5,0,616,672,743
625,24,126,731,941,210,22,22,741,741,0,0.001497668402600497,0.0016678579938050988,852,868,16,4,3,3,2,4,905,281,477
626,0,206,1,956,955,0,20,1,446,445,0.0,0.00013615167296368154,1,511,510,3,-1,4,8,0,236,588,287
627,0,0,1,1,0,0,0,1,1,0,0.0,0.0,1,1,0,-1,-1,-1,35,0,20,884,675
628,118,734,901,993,92,148,158,882,903,21,0.0015317063208414173,0.002144388849177984,850,896,46,2,3,3,13,12,67,58,202
629,2,103,416,975,559,4,4,515,515,0,0.0002042275094455223,0.0002042275094455223,604,604,0,7,5,5,2,1,956,556,374
630,40,246,809,976,167,44,50,867,908,41,0.005105687736138058,0.0053439531638245,959,962,3,3,2,2,4,2,655,721,80
631,2,2,357,357,0,12,12,379,379,0,3.4037918240920386e-05,3.4037918240920386e-05,385,385,0,-1,5,5,8,1,297,337,943
632,0,0,1,1,0,0,0,1,1,0,0.0,0.0,1,1,0,-1,-1,-1,2,0,763,815,866
633,2,2,362,362,0,5,5,363,363,0,0.0,0.0,1,1,0,-1,5,5,4,1,824,736,943
634,26,232,878,997,119,8,12,753,868,115,0.0014636304843595766,0.007794683277170768,872,977,105,3,4,4,2,15,955,53,30
635,82,184,886,967,81,18,18,608,608,0,0.002280540522141666,0.002586881786309949,891,904,13,4,4,4,3,22,989,128,494
636,24,125,608,888,280,110,110,598,598,0,0.0002042275094455223,0.0002042275094455223,556,556,0,6,4,4,23,6,8,435,972
637,0,0,1,1,0,0,0,1,1,0,0.0,0.0,1,1,0,-1,-1,-1,2,0,733,815,747
638,0,616,1,994,993,0,56,1,632,631,0.0,0.0014636304843595766,1,849,848,2,-1,3,11,0,176,969,151
639,0,102,1,875,874,0,25,1,361,360,0.0,0.00013615167296368154,1,511,510,4,-1,5,21,0,25,997,214
640,19,19,681,681,0,18,18,634,634,0,0.00030634126416828345,0.00030634126416828345,634,634,0,-1,4,4,3,6,726,379,959
641,27,27,778,778,0,18,18,660,660,0,0.00037441710065012424,0.00037441710065012424,668,668,0,-1,4,4,3,10,958,366,909
642,0,0,1,1,0,0,0,1,1,0,0.0,0.0,1,1,0,-1,-1,-1,3,0,627,713,651
643,0,0,1,1,0,0,0,1,1,0,0.0,0.0,1,1,0,-1,-1,-1,15,0,49,758,912
644,0,0,1,1,0,0,0,1,1,0,0.0,0.0,1,1,0,-1,-1,-1,2,0,997,733,846
645,127,127,961,961,0,38,38,914,914,0,0.003778208924742163,0.003778208924742163,944,944,0,-1,3,3,3,30,902,75,852
646,0,206,1,947,946,0,46,1,490,489,0.0,0.0010211375472276116,1,791,790,3,-1,4,14,0,268,987,148
647,24,126,751,949,198,28,28,794,794,0,0.0005105687736138058,0.0007828721195411688,718,785,67,4,3,3,3,3,729,318,634
648,1,1,333,333,0,4,4,333,333,0,0.0,0.0,1,1,0,-1,7,7,4,3,891,626,698
649,6,107,432,912,480,24,24,603,603,0,0.0005446066918547262,0.0005446066918547262,729,729,0,5,4,4,4,1,638,759,509
650,11,113,601,930,329,16,16,545,545,0,0.0002723033459273631,0.00037441710065012424,620,663,43,4,4,4,4,5,344,124,652
651,0,206,1,957,956,0,21,1,423,422,0.0,0.0005105687736138058,1,710,709,3,-1,4,9,0,245,959,113
652,23,125,692,923,231,38,38,650,650,0,6.807583648184077e-05,6.807583648184077e-05,451,451,0,4,4,4,7,9,658,191,321
653,16,222,574,962,388,44,48,641,669,28,0.0002723033459273631,0.0009530617107457708,608,789,181,3,3,3,9,1,339,394,139
654,14,116,628,941,313,16,16,545,545,0,0.00017018959120460194,0.00034037918240920387,542,652,110,4,4,4,4,3,462,677,236
655,0,102,1,912,911,0,4,1,353,352,0.0,3.4037918240920386e-05,1,405,404,4,-1,5,3,0,459,941,585
656,0,0,1,1,0,0,0,1,1,0,0.0,0.0,1,1,0,-1,-1,-1,7,0,439,930,889
657,20,226,722,979,257,12,12,628,628,0,0.0004765308553728854,0.0024166921951053475,703,913,210,3,4,4,2,6,939,275,27
658,1,207,333,977,644,3,10,333,507,174,0.0,0.00037441710065012424,1,668,667,3,6,4,3,1,770,788,257
659,6,108,401,890,489,38,38,493,493,0,6.807583648184077e-05,0.0002042275094455223,441,561,120,4,4,4,11,2,139,342,278
660,0,1640,1,1000,999,0,68,1,673,672,0.0,0.009326389598012186,1,976,975,1,-1,2,11,0,163,908,219
661,52,258,779,968,189,110,118,737,771,34,0.0004084550188910446,0.002382654276864427,671,896,225,3,3,3,16,7,78,303,122
662,15,116,781,978,197,12,12,837,837,0,0.0006807583648184077,0.0006807583648184077,764,764,0,6,4,4,2,4,973,267,964
663,0,0,1,1,0,0,0,1,1,0,0.0,0.0,1,1,0,-1,-1,-1,5,0,663,910,709
664,40,246,750,967,217,78,78,800,800,0,0.0007828721195411688,0.0016678579938050988,756,870,114,3,2,2,8,1,303,681,79
665,0,0,1,1,0,0,0,1,1,0,0.0,0.0,1,1,0,-1,-1,-1,10,0,169,228,847
666,2,208,349,936,587,28,33,374,387,13,3.4037918240920386e-05,3.4037918240920386e-05,396,396,0,3,5,4,19,1,35,593,298
667,180,386,971,991,20,28,28,833,833,0,0.0037441710065012424,0.004663194799006093,942,957,15,3,3,3,3,48,882,56,219
668,22,124,623,903,280,48,48,581,581,0,0.0002042275094455223,0.0002382654276864427,566,589,23,4,3,3,9,3,351,505,570
669,0,206,1,970,969,0,16,1,520,519,0.0,0.0014636304843595766,1,852,851,3,-1,4,4,0,539,483,304
670,0,0,1,1,0,0,0,1,1,0,0.0,0.0,1,1,0,-1,-1,-1,5,0,580,731,498
671,1,103,332,945,613,2,3,332,371,39,0.0,0.00030634126416828345,1,647,646,4,6,5,2,1,548,763,284
672,0,206,1,978,977,0,14,1,624,623,0.0,0.001497668402600497,1,860,859,3,-1,4,3,1,693,650,133
673,0,206,1,964,963,0,15,1,441,440,0.0,0.0005105687736138058,1,703,702,3,-1,4,7,1,336,767,258
674,12,114,561,917,356,20,20,483,483,0,3.4037918240920386e-05,0.00017018959120460194,406,540,134,4,4,4,6,2,328,770,762
675,241,447,957,986,29,282,282,928,928,0,0.0024507301133462676,0.0025188059498281084,906,906,0,3,2,2,22,23,33,106,210
676,16,222,607,970,363,28,28,645,645,0,0.00037441710065012424,0.0010211375472276116,666,808,142,3,3,3,5,2,479,670,289
677,7,109,536,941,405,8,8,489,489,0,0.00010211375472276115,0.0007147962830593281,485,757,272,4,4,4,2,2,733,599,396
678,2,2,373,373,0,5,5,415,415,0,0.0,0.0,1,1,0,-1,5,5,3,1,785,421,753
679,1,102,332,945,613,2,2,332,332,0,0.0,0.0,1,1,0,7,7,7,2,1,838,972,437
680,0,102,1,931,930,0,3,1,367,366,0.0,0.00010211375472276115,1,482,481,4,-1,5,2,0,966,745,718
681,194,296,971,982,11,38,38,887,887,0,0.005446066918547262,0.006126825283365669,960,966,6,4,3,3,3,54,829,28,284
682,0,0,1,1,0,0,0,1,1,0,0.0,0.0,1,1,0,-1,-1,-1,2,0,750,664,985
683,6,212,403,957,554,26,38,445,524,79,0.00010211375472276115,0.0009870996289866913,474,798,324,3,4,4,11,1,379,416,146
684,97,199,916,970,54,38,38,861,861,0,0.0030293747234419145,0.0030634126416828346,925,925,0,4,3,3,3,18,621,141,580
685,1048,1048,999,999,0,344,344,998,998,0,0.019741992579733823,0.019741992579733823,996,996,0,-1,2,2,14,127,79,11,863
686,0,0,1,1,0,0,0,1,1,0,0.0,0.0,1,1,0,-1,-1,-1,3,0,826,933,847
687,41,247,828,978,150,46,46,962,962,0,0.002382654276864427,0.0034718676605738795,908,939,31,3,2,2,2,3,990,541,116
688,2,104,355,904,549,9,10,376,387,11,6.807583648184077e-05,0.00034037918240920387,441,658,217,4,5,5,6,1,451,687,406
689,76,692,892,999,107,18,18,734,734,0,0.00176997174852786,0.004629156880765172,882,957,75,2,3,3,2,12,932,163,36
690,0,102,1,929,928,0,7,1,404,403,0.0,0.0002723033459273631,1,610,609,4,-1,5,4,0,660,668,510
691,65,167,902,972,70,32,32,936,936,0,0.002110350930937064,0.002144388849177984,904,906,2,4,3,3,2,17,817,213,220
692,8,214,588,982,394,8,8,530,530,0,0.0002723033459273631,0.0008169100377820892,626,794,168,3,4,4,2,2,928,628,487
693,30,236,762,972,210,36,36,743,743,0,0.0013615167296368155,0.0013955546478777359,845,847,2,3,3,3,5,4,478,185,444
694,5,621,457,998,541,7,26,412,785,373,6.807583648184077e-05,0.005480104836788182,452,959,507,2,5,3,4,3,728,311,133
695,0,102,1,921,920,0,7,1,402,401,0.0,0.0009530617107457708,1,804,803,4,-1,5,4,0,344,733,67
696,22,22,638,638,0,62,62,775,775,0,0.0007488342013002485,0.0007488342013002485,762,762,0,-1,3,3,7,4,447,143,930
697,0,102,1,954,953,0,5,1,432,431,0.0,0.0006126825283365669,1,739,738,4,-1,5,3,2,875,431,387
698,80,182,877,958,81,50,50,831,831,0,0.0011913271384322134,0.0014636304843595766,828,853,25,4,3,3,5,12,338,99,316
699,25,231,670,956,286,64,64,688,688,0,0.0004084550188910446,0.0005446066918547262,681,717,36,3,3,3,9,4,159,557,220
700,20,122,697,941,244,18,18,590,590,0,0.0006126825283365669,0.00088498587426393,735,794,59,4,4,4,3,10,680,272,221
701,38,38,788,788,0,24,24,623,623,0,0.001055175465468532,0.001055175465468532,804,804,0,-1,4,4,4,11,887,193,997
702,0,206,1,964,963,0,12,1,448,447,0.0,0.0011232513019503727,1,822,821,3,-1,4,4,0,391,903,206
703,375,477,991,995,4,56,56,972,972,0,0.01153885428367201,0.011640968038394772,988,988,0,4,2,2,2,78,586,9,958
704,17,119,739,964,225,12,12,661,661,0,0.0006807583648184077,0.0008169100377820892,756,785,29,4,4,4,2,8,742,257,302
705,0,0,1,1,0,0,0,1,1,0,0.0,0.0,1,1,0,-1,-1,-1,10,0,285,423,825
706,66,682,840,998,158,74,84,776,818,42,0.0006807583648184077,0.0018720855032506212,754,865,111,2,3,3,9,7,394,169,125
707,2,2,361,361,0,7,7,389,389,0,3.4037918240920386e-05,3.4037918240920386e-05,402,402,0,-1,5,5,4,1,500,639,678
708,0,102,1,927,926,0,7,1,404,403,0.0,0.00013615167296368154,1,522,521,4,-1,5,4,0,461,996,404
709,0,102,1,919,918,0,5,1,359,358,0.0,0.00017018959120460194,1,539,538,4,-1,5,4,0,815,868,365
710,0,101,1,923,922,0,3,1,331,330,0.0,0.00010211375472276115,1,495,494,5,-1,6,3,0,746,735,332
711,6,6,427,427,0,15,15,449,449,0,3.4037918240920386e-05,3.4037918240920386e-05,398,398,0,-1,4,4,6,1,251,531,811
712,44,44,827,827,0,46,46,788,788,0,0.001599782157323258,0.001599782157323258,871,871,0,-1,3,3,6,11,657,193,892
713,0,102,1,932,931,0,3,1,370,369,0.0,6.807583648184077e-05,1,450,449,4,-1,5,2,0,931,758,152
714,0,101,1,963,962,0,2,1,332,331,0.0,6.807583648184077e-05,1,445,444,5,-1,6,2,0,749,833,156
715,331,331,986,986,0,72,72,983,983,0,0.012832295176826986,0.012832295176826986,989,989,0,-1,2,2,3,59,831,6,897
716,3,104,399,904,505,5,5,353,353,0,6.807583648184077e-05,6.807583648184077e-05,439,439,0,5,5,5,4,2,410,694,603
717,2,208,356,956,600,10,34,375,559,184,0.0,0.0016678579938050988,1,864,863,3,5,4,7,2,331,721,261
718,2,2,360,360,0,6,6,403,403,0,0.00017018959120460194,0.00017018959120460194,544,544,0,-1,5,5,3,2,743,805,914
719,0,206,1,976,975,0,8,1,514,513,0.0,0.0008169100377820892,1,790,789,3,-1,4,2,0,713,548,207
720,0,206,1,954,953,0,19,1,375,374,0.0,0.0002042275094455223,1,565,564,3,-1,4,13,3,97,746,931
721,6,6,419,419,0,36,36,571,571,0,0.00030634126416828345,0.00030634126416828345,627,627,0,-1,4,4,8,1,380,420,823
722,49,255,794,967,173,50,50,641,641,0,0.0005786446100956465,0.0009530617107457708,725,799,74,3,3,3,8,8,483,284,459
723,2,104,372,947,575,3,6,332,443,111,3.4037918240920386e-05,0.0012253650566731338,406,838,432,4,6,5,3,2,902,298,60
724,0,0,1,1,0,0,0,1,1,0,0.0,0.0,1,1,0,-1,-1,-1,6,0,441,675,783
725,36,138,815,955,140,34,34,887,887,0,0.0012594029749140542,0.0013615167296368155,841,848,7,4,3,3,3,8,857,174,368
726,174,276,950,978,28,112,112,967,967,0,0.003778208924742163,0.003914360597705844,933,938,5,4,2,2,8,24,309,13,342
727,8,109,544,933,389,11,11,474,474,0,0.0002042275094455223,0.0002042275094455223,592,592,0,5,4,4,4,2,777,584,503
728,0,206,1,964,963,0,13,1,453,452,0.0,0.00030634126416828345,1,625,624,3,-1,4,5,1,382,583,197
729,36,138,814,955,141,28,28,809,809,0,0.0008509479560230097,0.0023486163586235067,797,909,112,4,3,3,3,6,748,376,63
730,6,108,490,950,460,8,8,500,500,0,6.807583648184077e-05,0.0002382654276864427,449,615,166,4,4,4,2,1,983,659,169
731,9,110,515,895,380,34,34,503,503,0,0.00017018959120460194,0.00017018959120460194,545,545,0,6,4,4,9,7,213,451,595
732,2,2,365,365,0,3,3,367,367,0,0.0,0.0,1,1,0,-1,5,5,2,2,932,721,852
733,37,37,839,839,0,24,24,827,827,0,0.0009530617107457708,0.0009530617107457708,797,797,0,-1,3,3,3,13,576,340,445
734,12,12,542,542,0,16,16,453,453,0,6.807583648184077e-05,6.807583648184077e-05,444,444,0,-1,4,4,6,5,498,350,889
735,12,114,612,947,335,8,8,482,482,0,0.0002723033459273631,0.0002723033459273631,613,613,0,4,4,4,2,6,954,613,508
736,4,4,425,425,0,6,6,382,382,0,3.4037918240920386e-05,3.4037918240920386e-05,398,398,0,-1,5,5,4,3,885,646,855
737,20,122,757,963,206,24,24,842,842,0,0.0005446066918547262,0.001497668402600497,733,860,127,4,3,3,3,4,584,557,109
738,416,1016,982,1000,18,148,148,973,973,0,0.00881582082439838,0.010790020082371761,973,979,6,2,2,2,9,59,315,6,78
739,13,114,664,952,288,14,14,631,631,0,0.00010211375472276115,0.00013615167296368154,494,519,25,5,4,4,3,5,916,636,347
740,0,102,1,906,905,0,7,1,377,376,0.0,0.00013615167296368154,1,517,516,4,-1,5,5,2,599,775,670
741,10,112,605,946,341,8,8,499,499,0,0.0002382654276864427,0.0007828721195411688,617,783,166,4,4,4,2,3,881,653,612
742,75,281,819,963,144,142,142,795,795,0,0.0008169100377820892,0.0011232513019503727,775,820,45,3,3,3,17,15,24,219,249
743,0,102,1,928,927,0,8,1,401,400,0.0,0.0002042275094455223,1,571,570,4,-1,5,5,0,601,782,519
744,1,1,332,332,0,2,2,332,332,0,0.0,0.0,1,1,0,-1,6,6,2,2,995,692,693
745,0,0,1,1,0,0,0,1,1,0,0.0,0.0,1,1,0,-1,-1,-1,5,0,492,902,991
746,0,102,1,946,945,0,3,1,372,371,0.0,0.00017018959120460194,1,550,549,4,-1,5,2,0,618,901,291
747,0,206,1,968,967,0,14,1,466,465,0.0,0.00088498587426393,1,789,788,3,-1,4,5,0,605,889,218
748,1,103,333,897,564,7,13,333,398,65,0.0,0.0005786446100956465,1,716,715,4,6,5,7,1,340,621,296
749,33,135,793,948,155,30,30,749,749,0,0.0008509479560230097,0.001157289220191293,794,837,43,4,3,3,4,7,475,399,420
750,22,124,673,925,252,38,38,670,670,0,0.000442492937131965,0.0005446066918547262,695,719,24,4,4,4,7,8,722,257,222
751,67,169,940,983,43,8,8,615,615,0,0.0022465026039007454,0.0030974505599237552,906,941,35,4,4,4,2,28,866,98,206
752,54,260,877,986,109,12,12,635,635,0,0.0009190237925048504,0.004152626025392287,798,949,151,3,4,4,2,17,723,327,35
753,0,0,1,1,0,0,0,1,1,0,0.0,0.0,1,1,0,-1,-1,-1,2,0,847,695,898
754,0,206,1,991,990,0,8,1,686,685,0.0,0.002552843868069029,1,930,929,3,-1,4,2,3,956,753,41
755,0,206,1,970,969,0,18,1,521,520,0.0,0.0008509479560230097,1,774,773,3,-1,4,5,1,561,780,269
756,34,34,732,732,0,64,64,705,705,0,0.0007828721195411688,0.0007828721195411688,773,773,0,-1,3,3,9,5,803,338,429
757,8,109,535,933,398,9,9,469,469,0,6.807583648184077e-05,0.00013615167296368154,450,518,68,5,4,4,3,3,337,361,530
758,48,48,726,726,0,152,152,731,731,0,0.00030634126416828345,0.00030634126416828345,620,620,0,-1,3,3,21,4,74,202,515
759,0,206,1,952,951,0,23,1,415,414,0.0,0.0007488342013002485,1,756,755,3,-1,4,10,0,205,751,217
760,0,206,1,972,971,0,18,1,623,622,0.0,0.004016474352428605,1,938,937,3,-1,4,3,0,855,877,32
761,0,102,1,908,907,0,5,1,367,366,0.0,0.00017018959120460194,1,542,541,4,-1,5,3,0,704,600,504
762,22,124,759,963,204,22,22,837,837,0,0.0005105687736138058,0.0010892133837094523,706,825,119,4,3,3,2,3,618,610,333
763,8,214,476,954,478,34,38,445,460,15,6.807583648184077e-05,0.0002382654276864427,436,569,133,3,4,4,13,3,120,361,666
764,257,257,979,979,0,88,88,974,974,0,0.008169100377820893,0.008169100377820893,975,975,0,-1,2,2,4,50,504,33,330
765,0,102,1,880,879,0,22,1,394,393,0.0,0.0002042275094455223,1,565,564,4,-1,5,13,0,129,925,270
766,67,273,824,968,144,82,82,706,706,0,0.0005105687736138058,0.0006807583648184077,693,731,38,3,3,3,11,10,162,366,450
767,16,222,611,971,360,27,32,602,630,28,0.00017018959120460194,0.0007828721195411688,548,769,221,3,3,3,7,2,404,313,138
768,0,102,1,926,925,0,9,1,417,416,0.0,0.00017018959120460194,1,544,543,4,-1,5,5,2,843,752,501
769,0,102,1,938,937,0,4,1,435,434,0.0,0.0002042275094455223,1,582,581,4,-1,5,2,1,906,685,86
770,0,0,1,1,0,0,0,1,1,0,0.0,0.0,1,1,0,-1,-1,-1,10,0,105,955,884
771,39,140,809,949,140,34,34,771,771,0,0.0012934408931549745,0.0013615167296368155,833,839,6,6,3,3,4,9,424,415,771
772,0,0,1,1,0,0,0,1,1,0,0.0,0.0,1,1,0,-1,-1,-1,21,1,12,913,886
773,142,758,919,995,76,84,94,774,820,46,0.0027911092957554717,0.006126825283365669,922,968,46,2,3,3,9,26,351,108,8
774,64,166,830,938,108,70,70,742,742,0,0.0006126825283365669,0.0006467204465774873,740,753,13,4,3,3,9,8,208,187,689
775,0,102,1,875,874,0,22,1,389,388,0.0,0.00037441710065012424,1,649,648,4,-1,5,12,0,348,917,422
776,6,6,390,390,0,35,35,435,435,0,0.0002382654276864427,0.0002382654276864427,595,595,0,-1,4,4,14,2,121,805,753
777,2,103,384,961,577,6,6,475,475,0,0.00010211375472276115,0.00010211375472276115,488,488,0,6,5,5,3,1,730,840,374
778,27,27,705,705,0,46,46,693,693,0,0.0009190237925048504,0.0009190237925048504,804,804,0,-1,3,3,6,6,368,516,997
779,0,0,1,1,0,0,0,1,1,0,0.0,0.0,1,1,0,-1,-1,-1,3,0,854,517,324
780,2,618,346,994,648,23,158,351,762,411,0.0,0.006297014874570271,1,966,965,2,5,3,21,1,1,603,18
781,30,646,708,993,285,36,66,603,813,210,0.0007488342013002485,0.010415602981721638,760,984,224,2,4,3,6,10,312,272,11
782,567,567,991,991,0,160,160,991,991,0,0.013104598522754349,0.013104598522754349,987,987,0,-1,2,2,7,83,340,10,933
783,0,102,1,897,896,0,9,1,384,383,0.0,0.0002382654276864427,1,582,581,4,-1,5,5,0,793,600,162
784,0,1640,1,1000,999,0,228,1,860,859,0.0,0.010721944245889922,1,983,982,1,-1,2,22,1,33,568,30
785,16,222,532,953,421,88,88,646,646,0,0.0002382654276864427,0.00034037918240920387,581,641,60,3,3,3,15,1,104,681,556
786,0,616,1,996,995,0,44,1,703,702,0.0,0.0031314884781646754,1,922,921,2,-1,3,7,0,336,699,69
787,0,0,1,1,0,0,0,1,1,0,0.0,0.0,1,1,0,-1,-1,-1,6,1,494,513,793
788,6,6,434,434,0,34,34,605,605,0,0.00010211375472276115,0.00010211375472276115,487,487,0,-1,4,4,7,1,336,394,952
789,76,282,837,967,130,106,106,760,760,0,0.0010892133837094523,0.002110350930937064,807,889,82,3,2,2,14,13,144,256,243
790,2,103,368,941,573,8,8,445,445,0,0.00034037918240920387,0.00034037918240920387,646,646,0,5,5,5,4,2,794,805,578
791,1,617,333,997,664,5,24,333,619,286,0.0,0.0026889955410327104,1,910,909,2,6,3,5,2,662,656,96
792,0,206,1,948,947,0,47,1,459,458,0.0,0.00034037918240920387,1,641,640,3,-1,4,17,0,112,848,40
793,117,218,919,970,51,70,70,901,901,0,0.0028932230504782326,0.0028932230504782326,918,918,0,5,3,3,5,18,474,55,807
794,0,101,1,925,924,0,4,1,332,331,0.0,0.0,1,1,0,6,-1,7,4,0,424,757,663
795,20,20,696,696,0,20,20,626,626,0,0.0004084550188910446,0.0004084550188910446,683,683,0,-1,4,4,4,6,597,381,997
796,7,109,491,900,409,20,20,427,427,0,3.4037918240920386e-05,3.4037918240920386e-05,404,404,0,4,4,4,9,2,147,364,420
797,34,135,778,940,162,26,26,638,638,0,0.00034037918240920387,0.00034037918240920387,638,638,0,6,4,4,5,13,656,256,603
798,217,217,989,989,0,22,22,909,909,0,0.008373327887266415,0.008373327887266415,980,980,0,-1,3,3,2,69,981,12,472
799,1,1,332,332,0,2,2,332,332,0,0.0,0.0,1,1,0,-1,7,7,2,1,965,621,205
800,2,2,351,351,0,15,15,368,368,0,0.0,0.0,1,1,0,-1,5,5,11,3,162,676,796
801,9,9,510,510,0,34,34,508,508,0,0.0002382654276864427,0.0002382654276864427,584,584,0,-1,4,4,9,4,381,278,999
802,80,80,815,815,0,166,166,725,725,0,0.0005786446100956465,0.0005786446100956465,706,706,0,-1,3,3,24,11,28,162,818
803,187,393,960,989,29,84,84,958,958,0,0.005888559855679227,0.00704584907587052,967,975,8,3,2,2,5,27,528,88,255
804,18,18,707,707,0,18,18,708,708,0,0.0009530617107457708,0.0009530617107457708,816,816,0,-1,4,4,3,6,826,471,855
805,416,416,985,985,0,150,150,957,957,0,0.008679669151434699,0.008679669151434699,974,974,0,-1,3,3,10,54,256,19,990
806,11,217,606,976,370,9,14,481,576,95,0.00013615167296368154,0.0017359338302869397,512,875,363,3,4,4,3,4,912,444,63
807,68,68,922,922,0,38,38,954,954,0,0.002382654276864427,0.002382654276864427,913,913,0,-1,3,3,3,17,915,81,433
808,26,642,753,998,245,16,30,559,758,199,0.00030634126416828345,0.0035059055788147996,629,935,306,2,4,3,4,10,611,262,71
809,0,0,1,1,0,0,0,1,1,0,0.0,0.0,1,1,0,-1,-1,-1,2,0,878,713,836
810,15,15,598,598,0,18,18,503,503,0,0.00017018959120460194,0.00017018959120460194,549,549,0,-1,4,4,5,4,531,504,709
811,4,210,412,966,554,11,16,383,428,45,0.0,0.00013615167296368154,1,517,516,3,5,4,7,2,361,298,363
812,2,2,366,366,0,7,7,405,405,0,0.00013615167296368154,0.00013615167296368154,527,527,0,-1,5,5,4,1,423,607,787
813,19,19,649,649,0,40,40,729,729,0,0.00034037918240920387,0.00034037918240920387,659,659,0,-1,3,3,5,5,396,395,947
814,16,16,645,645,0,16,16,598,598,0,0.0002382654276864427,0.0002382654276864427,599,599,0,-1,4,4,4,4,610,86,747
815,0,206,1,977,976,0,14,1,578,577,0.0,0.0027911092957554717,1,918,917,3,-1,4,3,0,844,985,142
816,16,118,648,935,287,20,20,594,594,0,0.00034037918240920387,0.0005446066918547262,654,729,75,4,4,4,4,6,649,379,159
817,0,102,1,949,948,0,4,1,428,427,0.0,0.00034037918240920387,1,657,656,4,-1,5,2,0,895,919,422
818,376,376,991,991,0,78,78,982,982,0,0.0123557643214541,0.0123557643214541,988,988,0,-1,2,2,4,78,403,9,436
819,22,22,733,733,0,17,17,761,761,0,0.0004765308553728854,0.0004765308553728854,714,714,0,-1,3,3,2,2,880,491,695
820,0,616,1,992,991,0,66,1,483,482,0.0,0.0007488342013002485,1,757,756,2,-1,3,21,0,12,276,470
821,34,136,727,924,197,48,48,671,671,0,0.000442492937131965,0.0005786446100956465,668,719,51,4,3,3,7,6,209,432,22
822,2,2,387,387,0,4,4,455,455,0,0.0002042275094455223,0.0002042275094455223,591,591,0,-1,5,5,2,1,868,741,900
823,2,2,367,367,0,4,4,367,367,0,0.00010211375472276115,0.00010211375472276115,493,493,0,-1,5,5,3,1,844,601,968
824,18,224,593,959,366,48,48,609,609,0,0.00030634126416828345,0.0026549576227917903,610,913,303,3,4,4,8,3,370,301,41
825,18,18,668,668,0,36,36,725,725,0,6.807583648184077e-05,6.807583648184077e-05,451,451,0,-1,3,3,5,3,766,300,738
826,6,6,403,403,0,33,33,528,528,0,0.00010211375472276115,0.00010211375472276115,472,472,0,-1,4,4,9,3,389,285,792
827,14,14,640,640,0,14,14,561,561,0,0.00013615167296368154,0.00013615167296368154,516,516,0,-1,4,4,3,4,935,625,984
828,50,50,779,779,0,112,112,803,803,0,0.00088498587426393,0.00088498587426393,781,781,0,-1,3,3,12,8,116,257,744
829,0,0,1,1,0,0,0,1,1,0,0.0,0.0,1,1,0,-1,-1,-1,14,0,133,542,445
830,24,125,726,943,217,26,26,643,643,0,0.0007147962830593281,0.0008169100377820892,755,775,20,5,4,4,5,10,720,272,791
831,42,248,810,972,162,46,46,800,800,0,0.0005105687736138058,0.00176997174852786,725,876,151,3,3,3,5,7,677,169,109
832,6,108,411,901,490,18,19,411,418,7,0.0,6.807583648184077e-05,1,447,446,4,4,4,10,3,243,708,691
833,3,3,427,427,0,6,6,375,375,0,0.0,0.0,1,1,0,-1,5,5,4,2,562,383,787
834,0,0,1,1,0,0,0,1,1,0,0.0,0.0,1,1,0,-1,-1,-1,8,0,303,970,728
835,8,110,540,937,397,16,16,571,571,0,0.00013615167296368154,0.0002382654276864427,524,598,74,4,4,4,4,2,824,634,398
836,1,102,332,955,623,2,2,332,332,0,0.0,3.4037918240920386e-05,1,406,405,6,7,7,2,1,913,703,364
837,23,23,652,652,0,56,56,643,643,0,0.00037441710065012424,0.00037441710065012424,655,655,0,-1,3,3,9,4,269,339,489
838,0,0,1,1,0,0,0,1,1,0,0.0,0.0,1,1,0,-1,-1,-1,2,0,807,881,744
839,1,102,332,942,610,2,2,332,332,0,0.0,0.0,1,1,0,6,7,7,2,1,938,640,721
840,46,147,871,974,103,19,19,839,839,0,0.0010892133837094523,0.0011232513019503727,822,828,6,6,3,3,3,17,918,213,842
841,33,135,827,966,139,14,14,640,640,0,0.0008169100377820892,0.0010892133837094523,778,814,36,4,4,4,3,12,576,159,704
842,22,22,647,647,0,44,44,680,680,0,0.0006467204465774873,0.0006467204465774873,737,737,0,-1,3,3,7,4,170,239,889
843,2,2,351,351,0,19,19,368,368,0,3.4037918240920386e-05,3.4037918240920386e-05,401,401,0,-1,5,5,14,1,203,781,908
844,0,206,1,969,968,0,14,1,557,556,0.0,0.0005105687736138058,1,724,723,3,-1,4,3,0,726,855,293
845,0,102,1,893,892,0,9,1,355,354,0.0,0.0,1,1,0,4,-1,5,8,0,428,944,298
846,16,118,531,890,359,57,57,497,497,0,0.00010211375472276115,0.0002382654276864427,485,589,104,4,4,4,17,4,39,444,724
847,24,126,641,899,258,53,53,563,563,0,0.00037441710065012424,0.0007488342013002485,663,755,92,4,3,3,12,4,62,332,284
848,16,16,677,677,0,20,20,768,768,0,0.00013615167296368154,0.00013615167296368154,522,522,0,-1,3,3,3,1,774,561,839
849,234,335,955,977,22,138,138,930,930,0,0.003642057251778481,0.003642057251778481,939,939,0,5,2,2,9,31,101,35,755
850,0,102,1,937,936,0,4,1,400,399,0.0,0.0002382654276864427,1,596,595,4,-1,5,2,0,689,433,305
851,373,473,992,997,5,72,72,986,986,0,0.016202049082678104,0.016202049082678104,990,990,0,4,2,2,3,96,600,1,285
852,12,218,588,975,387,20,20,604,604,0,0.00010211375472276115,0.0006126825283365669,484,744,260,3,4,4,4,3,891,496,175
853,0,101,1,936,935,0,2,1,331,330,0.0,0.0,1,1,0,8,-1,9,2,0,948,784,857
854,6,108,427,916,489,12,14,421,441,20,3.4037918240920386e-05,6.807583648184077e-05,398,449,51,4,4,4,6,1,251,734,931
855,98,304,886,977,91,52,52,713,713,0,0.0020763130126961434,0.002552843868069029,884,909,25,3,3,3,7,24,118,119,204
856,0,206,1,968,967,0,13,1,496,495,0.0,0.0010892133837094523,1,811,810,3,-1,4,3,0,778,923,106
857,1,207,333,957,624,9,20,333,433,100,0.0,0.0002723033459273631,1,614,613,3,6,4,9,1,126,861,453
858,38,244,810,977,167,24,24,673,673,0,0.0009190237925048504,0.0034718676605738795,805,935,130,3,4,4,4,9,475,242,8
859,17,17,609,609,0,30,30,485,485,0,0.0002382654276864427,0.0002382654276864427,579,579,0,-1,4,4,10,6,355,279,782
860,24,125,667,917,250,46,46,610,610,0,0.00030634126416828345,0.00034037918240920387,637,652,15,5,4,4,9,5,803,308,292
861,136,136,978,978,0,22,22,936,936,0,0.00803294870485721,0.00803294870485721,976,976,0,-1,3,3,2,49,813,16,780
862,10,216,618,980,362,8,8,520,520,0,0.0002723033459273631,0.0007488342013002485,632,774,142,3,4,4,2,7,817,427,232
863,15,221,603,968,365,18,18,509,509,0,0.00010211375472276115,0.00030634126416828345,473,641,168,3,4,4,5,9,396,317,379
864,0,102,1,899,898,0,9,1,357,356,0.0,6.807583648184077e-05,1,445,444,4,-1,5,8,0,418,565,570
865,19,121,682,937,255,14,14,530,530,0,0.00030634126416828345,0.0005105687736138058,643,719,76,4,4,4,3,5,819,591,291
866,191,293,966,983,17,60,60,884,884,0,0.00439089145307873,0.005105687736138058,947,959,12,4,3,3,5,35,534,57,294
867,41,657,784,994,210,64,74,783,827,44,0.000442492937131965,0.003880322679464924,699,942,243,2,3,3,8,6,646,199,105
868,2,2,367,367,0,8,8,405,405,0,3.4037918240920386e-05,3.4037918240920386e-05,406,406,0,-1,5,5,5,1,376,558,358
869,227,433,976,991,15,54,54,887,887,0,0.005616256509751864,0.00891793457912114,967,979,12,3,3,3,4,49,652,31,34
870,0,0,1,1,0,0,0,1,1,0,0.0,0.0,1,1,0,-1,-1,-1,4,1,509,835,738
871,0,101,1,905,904,0,6,1,332,331,0.0,0.0,1,1,0,5,-1,6,6,0,419,571,225
872,18,18,688,688,0,22,22,777,777,0,0.00037441710065012424,0.00037441710065012424,667,667,0,-1,3,3,2,3,926,300,489
873,0,206,1,980,979,0,8,1,549,548,0.0,0.0013274788113958951,1,852,851,3,-1,4,2,0,946,850,297
874,0,206,1,959,958,0,22,1,478,477,0.0,0.0006126825283365669,1,741,740,3,-1,4,7,0,417,881,257
875,0,102,1,938,937,0,4,1,395,394,0.0,0.00030634126416828345,1,634,633,4,-1,5,2,0,596,665,302
876,18,18,671,671,0,40,40,799,799,0,0.0007147962830593281,0.0007147962830593281,760,760,0,-1,3,3,5,4,612,440,388
877,0,0,1,1,0,0,0,1,1,0,0.0,0.0,1,1,0,-1,-1,-1,2,0,838,968,641
878,0,101,1,874,873,0,14,1,329,328,0.0,3.4037918240920386e-05,1,393,392,5,-1,6,14,0,181,664,694
879,1,1,332,332,0,3,3,332,332,0,0.0,0.0,1,1,0,-1,8,8,3,1,953,765,967
880,0,102,1,942,941,0,4,1,410,409,0.0,6.807583648184077e-05,1,445,444,4,-1,5,2,0,937,848,493
881,25,127,789,964,175,24,24,842,842,0,0.00037441710065012424,0.0004084550188910446,678,689,11,4,3,3,3,6,584,107,870
882,0,101,1,945,944,0,3,1,330,329,0.0,3.4037918240920386e-05,1,399,398,5,-1,6,3,0,790,894,523
883,2,2,360,360,0,12,12,411,411,0,3.4037918240920386e-05,3.4037918240920386e-05,406,406,0,-1,5,5,6,1,345,661,953
884,97,303,913,983,70,84,84,976,976,0,0.004356853534837809,0.00445896728956057,951,953,2,3,2,2,5,15,430,92,609
885,135,236,975,989,14,22,22,886,886,0,0.005173763572619898,0.005173763572619898,958,958,0,6,3,3,2,49,985,51,679
886,26,26,714,714,0,30,30,630,630,0,0.0002042275094455223,0.0002042275094455223,569,569,0,-1,4,4,5,5,571,182,783
887,28,129,744,931,187,26,26,589,589,0,0.0005105687736138058,0.0005105687736138058,718,718,0,5,3,3,6,7,522,188,739
888,23,229,654,957,303,62,62,652,652,0,0.0002382654276864427,0.0009870996289866913,584,799,215,3,3,3,10,4,310,339,497
889,17,17,707,707,0,8,8,519,519,0,0.00034037918240920387,0.00034037918240920387,655,655,0,-1,4,4,2,8,979,521,462
890,318,318,989,989,0,72,72,989,989,0,0.01409169815174104,0.01409169815174104,989,989,0,-1,2,2,3,75,535,24,833
891,0,206,1,949,948,0,72,1,608,607,0.0,0.0026209197045508697,1,905,904,3,-1,4,14,1,79,787,105
892,22,124,731,940,209,30,30,742,742,0,0.0005105687736138058,0.0006126825283365669,716,742,26,4,3,3,4,3,784,525,383
893,50,50,832,832,0,54,54,891,891,0,0.0020082371762143027,0.0020082371762143027,885,885,0,-1,2,2,4,9,453,29,811
894,0,101,1,937,936,0,2,1,332,331,0.0,6.807583648184077e-05,1,449,448,5,-1,6,2,0,734,892,602
895,24,126,643,901,258,88,88,749,749,0,0.0010211375472276116,0.0010211375472276116,798,798,0,4,3,3,12,3,184,390,425
896,2,2,354,354,0,6,6,375,375,0,0.00017018959120460194,0.00017018959120460194,542,542,0,-1,5,5,4,1,562,931,961
897,6,6,446,446,0,14,14,543,543,0,0.00010211375472276115,0.00010211375472276115,496,496,0,-1,4,4,3,1,746,873,446
898,8,8,489,489,0,20,20,434,434,0,6.807583648184077e-05,6.807583648184077e-05,437,437,0,-1,4,4,8,5,411,464,633
899,10,216,573,974,401,14,18,480,544,64,3.4037918240920386e-05,0.0008169100377820892,399,768,369,3,4,4,5,3,463,385,352
900,4,210,444,974,530,7,11,411,481,70,6.807583648184077e-05,0.00010211375472276115,454,491,37,3,5,4,4,3,597,534,385
901,0,0,1,1,0,0,0,1,1,0,0.0,0.0,1,1,0,-1,-1,-1,18,1,86,529,522
902,19,225,690,975,285,8,8,528,528,0,0.0005786446100956465,0.0015317063208414173,740,867,127,3,4,4,2,7,932,396,106
903,0,0,1,1,0,0,0,1,1,0,0.0,0.0,1,1,0,-1,-1,-1,7,0,372,624,874
904,0,206,1,974,973,0,18,1,671,670,0.0,0.005412029000306341,1,962,961,3,-1,4,3,0,863,735,19
905,450,450,988,988,0,158,158,975,975,0,0.00707988699411144,0.00707988699411144,969,969,0,-1,2,2,9,61,200,14,349
906,58,264,817,966,149,140,140,915,915,0,0.0015657442390823377,0.002586881786309949,854,908,54,3,2,2,11,5,230,412,261
907,6,108,460,930,470,14,14,505,505,0,0.0,0.00010211375472276115,1,486,485,4,4,4,5,1,629,904,862
908,16,222,598,968,370,24,24,609,609,0,0.00037441710065012424,0.0007828721195411688,673,784,111,3,4,4,4,4,300,557,404
909,8,110,539,938,399,14,14,564,564,0,0.0,0.00010211375472276115,1,490,489,4,4,4,3,3,627,434,323
910,4,106,468,951,483,5,5,407,407,0,0.00010211375472276115,0.00010211375472276115,489,489,0,4,5,5,3,5,854,476,518
911,0,102,1,917,916,0,13,1,418,417,0.0,0.000442492937131965,1,688,687,4,-1,5,7,0,439,942,184
912,1,1,331,331,0,2,2,331,331,0,0.0,0.0,1,1,0,-1,8,8,2,1,978,765,980
913,0,0,1,1,0,0,0,1,1,0,0.0,0.0,1,1,0,-1,-1,-1,3,0,825,538,372
914,0,102,1,893,892,0,7,1,349,348,0.0,6.807583648184077e-05,1,437,436,4,-1,5,6,0,514,922,680
915,0,206,1,954,953,0,32,1,475,474,0.0,0.0006807583648184077,1,736,735,3,-1,4,10,0,153,446,189
916,6,622,442,998,556,12,22,463,617,154,0.0,0.0015317063208414173,1,862,861,2,4,3,4,1,832,531,628
917,41,143,787,932,145,82,82,877,877,0,0.0011913271384322134,0.0013615167296368155,826,846,20,4,2,2,7,3,170,541,443
918,28,28,675,675,0,80,80,746,746,0,0.0005446066918547262,0.0005446066918547262,714,714,0,-1,3,3,10,5,105,306,569
919,1,1,333,333,0,10,10,333,333,0,3.4037918240920386e-05,3.4037918240920386e-05,405,405,0,-1,6,6,10,3,114,708,750
920,100,100,910,910,0,100,100,970,970,0,0.04646175839885633,0.04646175839885633,1000,1000,0,4,1,1,6,118,373,37,601
921,46,148,726,906,180,130,130,752,752,0,0.0006126825283365669,0.0006126825283365669,727,727,0,4,3,3,15,5,77,283,563
922,2,2,355,355,0,12,12,391,391,0,0.00017018959120460194,0.00017018959120460194,537,537,0,-1,5,5,7,1,170,899,723
923,62,268,838,973,135,52,52,741,741,0,0.0012594029749140542,0.0012934408931549745,827,834,7,3,3,3,7,15,525,92,598
924,0,206,1,972,971,0,11,1,478,477,0.0,0.0007828721195411688,1,777,776,3,-1,4,4,0,461,864,163
925,2,2,355,355,0,9,9,368,368,0,3.4037918240920386e-05,3.4037918240920386e-05,415,415,0,-1,5,5,7,2,714,692,774
926,0,206,1,971,970,0,9,1,464,463,0.0,0.00010211375472276115,1,489,488,3,-1,4,3,0,900,812,791
927,14,116,530,895,365,51,51,552,552,0,0.00017018959120460194,0.00017018959120460194,532,532,0,4,4,4,12,3,62,458,623
928,0,101,1,911,910,0,6,1,332,331,0.0,6.807583648184077e-05,1,457,456,5,-1,6,6,1,405,913,442
929,0,101,1,894,893,0,7,1,331,330,0.0,0.0,1,1,0,5,-1,6,7,0,678,847,495
930,22,22,647,647,0,36,36,617,617,0,0.00010211375472276115,0.00010211375472276115,484,484,0,-1,3,3,7,2,170,586,583
931,2,208,376,979,603,2,12,332,670,338,0.00013615167296368154,0.0026889955410327104,530,920,390,3,6,4,2,2,998,523,141
932,0,0,1,1,0,0,0,1,1,0,0.0,0.0,1,1,0,-1,-1,-1,11,1,163,787,751
933,18,18,670,670,0,24,24,613,613,0,0.0006126825283365669,0.0006126825283365669,733,733,0,-1,4,4,4,5,304,283,348
934,18,18,611,611,0,72,72,742,742,0,0.00017018959120460194,0.00017018959120460194,546,546,0,-1,3,3,10,3,258,541,863
935,84,84,868,868,0,44,44,760,760,0,0.0016338200755641784,0.0016338200755641784,862,862,0,-1,3,3,4,13,503,335,735
936,0,206,1,951,950,0,22,1,392,391,0.0,0.0002382654276864427,1,582,581,3,-1,4,12,0,93,546,241
937,116,322,926,982,56,50,50,829,829,0,0.0019741992579733825,0.007250076585316042,888,972,84,3,3,3,5,26,766,127,30
938,128,230,911,959,48,126,126,884,884,0,0.002280540522141666,0.0023486163586235067,889,895,6,4,3,3,11,19,215,91,560
939,0,616,1,1000,999,0,17,1,879,878,0.0,0.005650294427992784,1,969,968,2,-1,3,2,1,805,747,645
940,25,127,742,945,203,34,34,832,832,0,0.0008509479560230097,0.0009190237925048504,788,800,12,4,3,3,4,4,507,125,495
941,9,9,482,482,0,50,50,547,547,0,0.000442492937131965,0.000442492937131965,688,688,0,-1,4,4,11,3,66,458,920
942,18,634,567,993,426,76,106,560,681,121,0.0,0.0020422750944552232,1,892,891,2,3,3,17,3,23,434,141
943,0,0,1,1,0,0,0,1,1,0,0.0,0.0,1,1,0,-1,-1,-1,3,0,737,971,768
944,171,273,959,981,22,72,72,959,959,0,0.005037611899656217,0.00527587732734266,958,960,2,4,2,2,3,28,819,98,432
945,14,14,565,565,0,22,22,477,477,0,0.00017018959120460194,0.00017018959120460194,538,538,0,-1,4,4,8,3,468,353,782
946,5,106,470,939,469,6,6,453,453,0,0.0002042275094455223,0.0002042275094455223,575,575,0,5,5,5,3,4,683,230,781
947,17,119,697,946,249,28,28,801,801,0,0.0004765308553728854,0.0007828721195411688,700,778,78,4,3,3,3,3,568,541,176
948,0,0,1,1,0,0,0,1,1,0,0.0,0.0,1,1,0,-1,-1,-1,5,0,478,798,902
949,851,953,1000,1000,0,144,144,995,995,0,0.022396950202525613,0.022567139793730217,994,994,0,4,2,2,6,130,489,3,770
950,79,180,912,973,61,38,38,915,915,0,0.0026549576227917903,0.0026549576227917903,923,923,0,8,3,3,3,19,708,297,448
951,2,103,360,926,566,6,6,363,363,0,3.4037918240920386e-05,3.4037918240920386e-05,405,405,0,5,5,5,5,1,765,771,842
952,6,6,375,375,0,96,96,545,545,0,0.00017018959120460194,0.00017018959120460194,530,530,0,-1,4,4,22,4,33,409,608
953,737,737,995,995,0,182,182,983,983,0,0.013002484768031588,0.013002484768031588,984,984,0,-1,2,2,9,96,164,1,932
954,23,23,704,704,0,30,30,690,690,0,0.0004084550188910446,0.0004084550188910446,681,681,0,-1,4,4,5,9,552,343,811
955,0,102,1,895,894,0,16,1,387,386,0.0,0.0002382654276864427,1,587,586,4,-1,5,10,1,243,554,197
956,34,136,809,956,147,18,18,675,675,0,0.00088498587426393,0.0009530617107457708,796,810,14,4,4,4,3,12,628,163,443
957,18,18,643,643,0,34,34,718,718,0,0.000442492937131965,0.000442492937131965,695,695,0,-1,3,3,4,3,638,197,868
958,15,15,611,611,0,24,24,661,661,0,0.0002042275094455223,0.0002042275094455223,577,577,0,-1,4,4,4,4,453,156,784
959,15,117,700,965,265,9,9,543,543,0,0.0002382654276864427,0.0007828721195411688,599,779,180,4,4,4,3,8,877,286,264
960,0,101,1,918,917,0,4,1,329,328,0.0,0.0,1,1,0,5,-1,6,4,0,649,276,743
961,6,108,512,955,443,4,4,428,428,0,0.00017018959120460194,0.00034037918240920387,556,660,104,4,5,5,2,4,715,637,230
962,8,110,569,947,378,8,8,506,506,0,0.0002042275094455223,0.0005786446100956465,573,735,162,4,4,4,2,2,937,22,103
963,0,0,1,1,0,0,0,1,1,0,0.0,0.0,1,1,0,-1,-1,-1,4,0,827,673,777
964,6,212,442,970,528,16,20,520,600,80,0.00013615167296368154,0.00034037918240920387,522,639,117,3,4,4,4,1,741,661,354
965,18,120,702,946,244,14,14,597,597,0,0.00013615167296368154,0.0005786446100956465,522,740,218,4,4,4,3,6,774,229,473
966,6,108,437,927,490,18,18,605,605,0,0.0002382654276864427,0.00037441710065012424,585,651,66,4,4,4,3,1,927,741,149
967,3,105,483,966,483,4,4,479,479,0,0.0002382654276864427,0.000442492937131965,611,712,101,4,5,5,2,4,987,239,86
968,16,16,642,642,0,21,21,708,708,0,0.0002382654276864427,0.0002382654276864427,590,590,0,-1,3,3,4,2,544,597,472
969,2,103,355,902,547,11,11,398,398,0,3.4037918240920386e-05,3.4037918240920386e-05,395,395,0,5,5,5,6,1,255,592,374
970,0,102,1,957,956,0,3,1,392,391,0.0,0.0002382654276864427,1,609,608,4,-1,5,2,0,974,429,232
971,8,110,535,934,399,12,12,499,499,0,0.00010211375472276115,0.0002042275094455223,492,589,97,4,4,4,4,3,461,300,452
972,0,206,1,963,962,0,38,1,570,569,0.0,0.002484768031587188,1,905,904,3,-1,4,9,1,190,583,142
973,2,2,369,369,0,3,3,369,369,0,0.00010211375472276115,0.00010211375472276115,473,473,0,-1,5,5,2,1,849,771,855
974,6,212,525,985,460,12,12,721,721,0,0.0002042275094455223,0.0016678579938050988,588,869,281,3,4,4,2,2,666,719,166
975,0,0,1,1,0,0,0,1,1,0,0.0,0.0,1,1,0,-1,-1,-1,6,0,368,665,932
976,66,272,863,979,116,34,34,752,752,0,0.0010211375472276116,0.003369753905851118,825,931,106,3,3,3,4,13,542,255,76
977,0,206,1,968,967,0,11,1,449,448,0.0,0.00037441710065012424,1,665,664,3,-1,4,4,0,949,865,184
978,29,645,711,994,283,54,68,691,775,84,0.0002723033459273631,0.0034037918240920387,617,934,317,2,3,3,8,5,383,454,102
979,6,212,402,960,558,24,32,456,507,51,3.4037918240920386e-05,0.00017018959120460194,397,543,146,3,4,4,10,3,437,321,493
980,0,102,1,968,967,0,4,1,469,468,0.0,0.003165526396405596,1,941,940,4,-1,5,2,0,866,673,14
981,16,16,523,523,0,78,78,585,585,0,0.00017018959120460194,0.00017018959120460194,536,536,0,-1,3,3,16,1,151,282,752
982,29,29,725,725,0,36,36,601,601,0,0.0005105687736138058,0.0005105687736138058,693,693,0,-1,4,4,8,10,371,296,982
983,3,3,448,448,0,5,5,413,413,0,3.4037918240920386e-05,3.4037918240920386e-05,399,399,0,-1,5,5,3,2,797,298,975
984,0,0,1,1,0,0,0,1,1,0,0.0,0.0,1,1,0,-1,-1,-1,4,0,553,864,520
985,16,632,637,998,361,18,32,530,737,207,0.0005105687736138058,0.0026549576227917903,720,914,194,2,4,3,5,6,517,613,364
986,20,121,750,958,208,8,8,539,539,0,0.0002042275094455223,0.00037441710065012424,588,674,86,5,4,4,2,11,760,52,500
987,43,43,818,818,0,56,56,880,880,0,0.0014636304843595766,0.0014636304843595766,856,856,0,-1,3,3,6,9,529,277,695
988,6,212,387,948,561,70,74,539,547,8,3.4037918240920386e-05,0.0007147962830593281,401,743,342,3,4,4,17,2,10,215,170
989,0,102,1,943,942,0,6,1,467,466,0.0,0.00034037918240920387,1,652,651,4,-1,5,3,0,840,845,296
990,6,212,480,975,495,8,8,492,492,0,6.807583648184077e-05,0.00017018959120460194,452,543,91,3,4,4,2,1,598,322,220
991,188,289,960,976,16,86,86,941,941,0,0.0042547397801150485,0.004322815616596889,947,947,0,5,3,3,6,27,606,25,549
992,0,0,1,1,0,0,0,1,1,0,0.0,0.0,1,1,0,-1,-1,-1,3,0,668,201,846
993,6,108,405,891,486,30,30,524,524,0,6.807583648184077e-05,0.0002042275094455223,447,565,118,4,4,4,7,1,246,152,519
994,57,158,800,921,121,100,100,688,688,0,0.0007147962830593281,0.0007147962830593281,746,746,0,6,3,3,16,10,78,366,640
995,103,309,925,984,59,56,56,880,880,0,0.002723033459273631,0.0030974505599237552,918,925,7,3,3,3,6,23,594,66,279
996,0,0,1,1,0,0,0,1,1,0,0.0,0.0,1,1,0,-1,-1,-1,4,0,503,798,388
997,81,182,919,972,53,42,42,970,970,0,0.004016474352428605,0.004050512270669526,950,951,1,6,2,2,2,12,979,155,337
998,301,501,968,984,16,348,348,976,976,0,0.004595118962524252,0.004731270635487933,946,948,2,3,2,2,21,24,3,13,152
999,7,7,468,468,0,46,46,476,476,0,0.0,0.0,1,1,0,-1,4,4,15,2,107,627,794
