,FreeNet_pre_score,FreeNet_post_score,FreeNet_pre_rank,FreeNet_post_rank,FreeNet_delta_ranks,Reversed_pre_score,Reversed_post_score,Reversed_pre_rank,Reversed_post_rank,Reversed_delta_ranks,Random_pre_score,Random_post_score,Random_pre_rank,Random_post_rank,Random_delta_ranks,dist_victim_relayer,dist_victim_vilain_pre,dist_victim_vilain_post,out_deg_victim,in_deg_villain,victim,villain,relayer
0,6,6,433,433,0,30,30,646,646,0,0.00030634126416828345,0.00030634126416828345,628,628,0,-1,4,4,5,1,701,667,698
1,29,29,796,796,0,22,22,792,792,0,0.0008509479560230097,0.0008509479560230097,787,787,0,-1,3,3,2,4,970,267,880
2,0,0,1,1,0,0,0,1,1,0,0.0,0.0,1,1,0,-1,-1,-1,3,0,961,926,538
3,38,140,776,943,167,74,74,875,875,0,0.0010211375472276116,0.0013955546478777359,798,845,47,4,3,3,8,3,442,382,204
4,6,107,447,928,481,27,27,618,618,0,0.00013615167296368154,0.00017018959120460194,530,558,28,5,4,4,6,2,657,419,265
5,12,218,520,957,437,36,40,521,550,29,0.00030634126416828345,0.0012594029749140542,616,833,217,3,4,4,10,3,254,795,155
6,6,622,396,992,596,30,64,438,627,189,0.00010211375472276115,0.0026209197045508697,481,908,427,2,4,3,11,2,162,575,102
7,20,20,604,604,0,62,62,547,547,0,0.00017018959120460194,0.00017018959120460194,544,544,0,-1,3,3,14,3,127,311,890
8,525,731,987,997,10,238,238,993,993,0,0.00970080669866231,0.009939072126348753,977,978,1,3,2,2,11,59,271,5,29
9,0,101,1,898,897,0,6,1,332,331,0.0,0.0,1,1,0,5,-1,6,6,0,630,816,484
10,0,0,1,1,0,0,0,1,1,0,0.0,0.0,1,1,0,-1,-1,-1,12,0,62,629,271
11,0,0,1,1,0,0,0,1,1,0,0.0,0.0,1,1,0,-1,-1,-1,15,0,65,600,908
12,0,206,1,969,968,0,18,1,619,618,0.0,0.0018380475850097008,1,880,879,3,-1,4,3,0,636,950,158
13,0,206,1,979,978,0,8,1,510,509,0.0,0.0007147962830593281,1,755,754,3,-1,4,2,0,838,936,616
14,0,0,1,1,0,0,0,1,1,0,0.0,0.0,1,1,0,-1,-1,-1,3,0,433,990,949
15,130,232,920,967,47,148,148,966,966,0,0.0036760951700194017,0.003710133088260322,934,934,0,4,2,2,9,17,180,60,762
16,0,101,1,894,893,0,8,1,332,331,0.0,0.0,1,1,0,5,-1,6,8,1,365,787,736
17,6,212,398,951,553,41,45,466,484,18,0.0,0.00013615167296368154,1,522,521,3,4,4,15,1,95,873,282
18,0,0,1,1,0,0,0,1,1,0,0.0,0.0,1,1,0,-1,-1,-1,3,0,774,819,624
19,8,214,484,953,469,39,40,483,483,0,0.00017018959120460194,0.00030634126416828345,540,634,94,3,4,4,12,3,116,761,258
20,153,255,935,971,36,136,136,981,981,0,0.004220701861874128,0.0042547397801150485,947,947,0,4,2,2,8,17,488,85,598
21,12,12,589,589,0,18,18,506,506,0,0.00030634126416828345,0.00030634126416828345,648,648,0,-1,4,4,5,3,616,121,367
22,0,0,1,1,0,0,0,1,1,0,0.0,0.0,1,1,0,-1,-1,-1,3,0,911,845,940
23,101,101,903,903,0,94,94,963,963,0,0.002212464685659825,0.002212464685659825,899,899,0,-1,2,2,5,14,377,387,894
24,0,206,1,977,976,0,10,1,516,515,0.0,0.0007488342013002485,1,765,764,3,-1,4,3,0,716,564,177
25,22,22,600,600,0,92,92,611,611,0,0.0004084550188910446,0.0004084550188910446,670,670,0,-1,3,3,17,3,6,795,787
26,0,102,1,953,952,0,3,1,387,386,0.0,0.00017018959120460194,1,567,566,4,-1,5,2,0,792,520,447
27,0,102,1,902,901,0,12,1,358,357,0.0,0.0,1,1,0,4,-1,5,11,0,261,994,680
28,0,0,1,1,0,0,0,1,1,0,0.0,0.0,1,1,0,-1,-1,-1,4,0,690,812,953
29,0,101,1,878,877,0,16,1,332,331,0.0,3.4037918240920386e-05,1,398,397,6,-1,7,16,0,78,932,595
30,0,102,1,931,930,0,3,1,367,366,0.0,0.00017018959120460194,1,534,533,4,-1,5,2,0,966,587,287
31,0,0,1,1,0,0,0,1,1,0,0.0,0.0,1,1,0,-1,-1,-1,7,0,591,794,906
32,0,0,1,1,0,0,0,1,1,0,0.0,0.0,1,1,0,-1,-1,-1,2,0,851,998,846
33,12,628,477,987,510,84,102,574,645,71,0.0002382654276864427,0.001055175465468532,581,797,216,2,4,3,18,2,69,770,219
34,231,332,967,978,11,108,108,930,930,0,0.003642057251778481,0.003642057251778481,941,941,0,6,3,3,8,31,380,76,540
35,16,222,581,968,387,46,46,658,658,0,0.00017018959120460194,0.00030634126416828345,534,617,83,3,3,3,8,1,146,711,553
36,0,102,1,956,955,0,4,1,436,435,0.0,0.0005446066918547262,1,727,726,4,-1,5,2,1,965,814,234
37,6,6,495,495,0,8,8,525,525,0,0.00017018959120460194,0.00017018959120460194,547,547,0,-1,4,4,2,1,841,681,678
38,12,218,526,954,428,22,26,438,471,33,0.0,0.0005446066918547262,1,724,723,3,4,4,9,3,208,829,138
39,2,618,349,994,645,11,47,377,679,302,0.0,0.0027911092957554717,1,922,921,2,5,3,7,1,374,601,8
40,0,102,1,936,935,0,3,1,362,361,0.0,6.807583648184077e-05,1,441,440,4,-1,5,2,0,972,276,537
41,8,110,661,978,317,4,4,515,515,0,0.0002382654276864427,0.0009530617107457708,619,821,202,4,5,5,2,5,956,528,166
42,0,206,1,975,974,0,8,1,478,477,0.0,0.0007828721195411688,1,789,788,3,-1,4,2,1,653,789,184
43,183,183,955,955,0,82,82,904,904,0,0.004969536063174376,0.004969536063174376,960,960,0,-1,3,3,7,31,207,34,863
44,27,233,741,973,232,28,28,666,666,0,0.0005786446100956465,0.0020422750944552232,728,878,150,3,3,3,5,6,326,516,82
45,59,160,869,967,98,38,38,886,886,0,0.0019741992579733825,0.0019741992579733825,891,891,0,6,3,3,3,13,564,335,721
46,34,135,750,932,182,54,54,774,774,0,0.0004765308553728854,0.0004765308553728854,706,706,0,5,3,3,7,3,343,291,721
47,0,0,1,1,0,0,0,1,1,0,0.0,0.0,1,1,0,-1,-1,-1,2,1,960,962,620
48,14,116,646,944,298,14,14,603,603,0,0.00010211375472276115,0.00034037918240920387,489,659,170,4,4,4,3,4,857,625,256
49,24,126,607,887,280,96,96,560,560,0,0.00010211375472276115,0.00017018959120460194,467,523,56,4,3,3,21,5,13,710,364
50,114,216,895,951,56,202,202,895,895,0,0.0019061234214915416,0.001940161339732462,878,878,0,4,2,2,18,13,34,42,885
51,0,102,1,909,908,0,8,1,409,408,0.0,0.0002042275094455223,1,578,577,4,-1,5,4,3,572,348,551
52,74,280,854,973,119,82,86,888,913,25,0.0017359338302869397,0.003267640151128357,871,929,58,3,2,2,7,6,400,194,72
53,12,12,562,562,0,26,26,580,580,0,0.0002382654276864427,0.0002382654276864427,586,586,0,-1,4,4,5,4,390,149,978
54,142,142,937,937,0,72,72,960,960,0,0.003608019333537561,0.003608019333537561,939,939,0,-1,2,2,3,18,731,64,820
55,39,245,815,978,163,28,28,743,743,0,0.0004084550188910446,0.0016338200755641784,678,870,192,3,3,3,3,9,484,294,180
56,128,229,966,986,20,32,32,946,946,0,0.004493005207801491,0.004493005207801491,949,949,0,6,3,3,2,38,715,111,717
57,0,102,1,882,881,0,19,1,375,374,0.0,0.00010211375472276115,1,491,490,4,-1,5,13,0,97,847,164
58,17,119,622,910,288,24,24,482,482,0,0.0002723033459273631,0.00037441710065012424,607,650,43,4,4,4,8,7,325,176,208
59,0,102,1,919,918,0,6,1,400,399,0.0,0.00030634126416828345,1,630,629,4,-1,5,3,0,989,786,287
60,80,696,852,995,143,70,80,711,758,47,0.0012594029749140542,0.0034037918240920387,831,933,102,2,3,3,10,15,254,92,47
61,17,223,600,960,360,36,40,588,611,23,0.0002723033459273631,0.0013274788113958951,604,847,243,3,3,3,7,3,447,373,129
62,4,4,420,420,0,9,9,401,401,0,0.0,0.0,1,1,0,-1,5,5,5,5,479,401,993
63,10,112,632,962,330,8,8,548,548,0,0.00034037918240920387,0.0012253650566731338,653,848,195,4,4,4,2,4,792,645,62
64,20,226,722,978,256,12,12,615,615,0,0.0005446066918547262,0.0030634126416828346,729,930,201,3,4,4,2,7,983,422,74
65,0,0,1,1,0,0,0,1,1,0,0.0,0.0,1,1,0,-1,-1,-1,2,0,757,976,975
66,56,262,793,960,167,96,100,683,697,14,0.0007828721195411688,0.0012934408931549745,760,837,77,3,3,3,14,6,332,658,396
67,308,308,975,975,0,124,124,987,987,0,0.008951972497362062,0.008951972497362062,976,976,0,-1,2,2,6,49,473,51,695
68,27,233,752,976,224,26,30,644,709,65,0.0004765308553728854,0.0013955546478777359,704,848,144,3,4,4,5,6,848,136,355
69,10,216,515,958,443,28,36,459,504,45,0.00013615167296368154,0.0005105687736138058,509,715,206,3,4,4,10,3,149,347,404
70,12,12,513,513,0,38,38,489,489,0,6.807583648184077e-05,6.807583648184077e-05,439,439,0,-1,4,4,11,2,163,251,633
71,2,208,362,971,609,5,10,363,449,86,6.807583648184077e-05,0.00013615167296368154,441,519,78,3,5,4,4,1,709,771,718
72,19,19,631,631,0,36,36,577,577,0,0.00030634126416828345,0.00030634126416828345,624,624,0,-1,4,4,8,4,443,504,982
73,24,230,609,951,342,74,78,516,526,10,0.0002382654276864427,0.000442492937131965,574,670,96,3,4,4,19,4,46,210,236
74,34,34,738,738,0,60,60,774,774,0,0.0005446066918547262,0.0005446066918547262,709,709,0,-1,3,3,8,4,595,259,428
75,250,250,968,968,0,148,148,969,969,0,0.004935498144933456,0.004935498144933456,956,956,0,-1,2,2,9,31,327,76,358
76,0,101,1,934,933,0,2,1,331,330,0.0,0.0,1,1,0,6,-1,7,2,0,926,881,679
77,19,19,647,647,0,56,56,733,733,0,0.0006467204465774873,0.0006467204465774873,749,749,0,-1,3,3,8,4,418,287,701
78,0,0,1,1,0,0,0,1,1,0,0.0,0.0,1,1,0,-1,-1,-1,12,0,44,851,867
79,0,0,1,1,0,0,0,1,1,0,0.0,0.0,1,1,0,-1,-1,-1,7,0,214,823,779
80,38,38,705,705,0,162,162,837,837,0,0.0004765308553728854,0.0004765308553728854,689,689,0,-1,3,3,17,3,71,318,737
81,14,220,572,967,395,22,26,521,564,43,0.0004084550188910446,0.0004765308553728854,667,693,26,3,4,4,5,3,349,653,807
82,66,168,839,939,100,94,94,871,871,0,0.0011913271384322134,0.0011913271384322134,826,826,0,4,3,3,9,13,315,335,618
83,64,166,835,941,106,46,46,675,675,0,0.0009190237925048504,0.0010892133837094523,793,813,20,4,3,3,6,15,312,138,770
84,1,207,333,946,613,17,45,333,440,107,0.0,0.0005446066918547262,1,709,708,3,6,4,17,3,73,626,150
85,28,234,710,967,257,52,56,631,650,19,0.0006467204465774873,0.0009870996289866913,746,803,57,3,4,4,10,8,161,177,381
86,0,616,1,994,993,0,62,1,659,658,0.0,0.002212464685659825,1,887,886,2,-1,3,10,0,75,877,65
87,0,206,1,957,956,0,24,1,503,502,0.0,0.001599782157323258,1,864,863,3,-1,4,6,0,560,868,42
88,6,108,385,870,485,41,41,438,438,0,0.0,0.00013615167296368154,1,499,498,4,4,4,16,1,132,238,392
89,100,100,901,901,0,100,100,955,955,0,0.02542632492596753,0.02552843868069029,996,996,0,4,1,1,6,12,489,100,499
90,12,12,523,523,0,50,50,620,620,0,0.0002382654276864427,0.0002382654276864427,607,607,0,-1,4,4,9,2,263,827,936
91,11,627,656,1000,344,8,22,551,851,300,0.0006467204465774873,0.009122162088566664,755,976,221,2,4,3,2,6,940,613,21
92,2,2,367,367,0,5,5,368,368,0,3.4037918240920386e-05,3.4037918240920386e-05,401,401,0,-1,5,5,4,2,397,495,789
93,59,59,828,828,0,122,122,958,958,0,0.0026209197045508697,0.0026209197045508697,911,911,0,-1,2,2,8,4,257,125,456
94,6,108,403,884,481,36,36,483,483,0,3.4037918240920386e-05,0.00010211375472276115,406,481,75,4,4,4,12,1,96,152,536
95,100,100,847,847,0,100,100,582,582,0,0.012117498893767658,0.01245787807617686,982,982,0,2,1,1,19,30,31,75,827
96,355,561,981,993,12,180,180,974,974,0,0.00789679703189353,0.008645631233193778,971,973,2,3,2,2,11,57,176,50,130
97,34,34,834,834,0,22,22,840,840,0,0.0006807583648184077,0.0006807583648184077,764,764,0,-1,3,3,2,3,998,318,884
98,36,242,807,978,171,24,24,696,696,0,0.0009530617107457708,0.0015317063208414173,811,861,50,3,4,4,4,14,563,243,99
99,3,3,453,453,0,4,4,421,421,0,3.4037918240920386e-05,3.4037918240920386e-05,411,411,0,-1,5,5,2,5,919,225,850
100,6,622,421,994,573,34,60,526,686,160,6.807583648184077e-05,0.0033357159876101976,440,936,496,2,4,3,9,2,367,714,88
101,0,101,1,911,910,0,5,1,332,331,0.0,0.0,1,1,0,5,-1,6,5,0,338,951,430
102,59,160,826,939,113,78,78,805,805,0,0.0018720855032506212,0.0018720855032506212,878,878,0,5,2,2,9,5,180,562,563
103,6,6,490,490,0,10,10,529,529,0,0.0002042275094455223,0.0002042275094455223,583,583,0,-1,4,4,3,1,871,556,573
104,0,206,1,981,980,0,12,1,622,621,0.0,0.0012253650566731338,1,842,841,3,-1,4,2,0,928,522,64
105,52,154,779,919,140,94,94,659,659,0,0.0008509479560230097,0.0010211375472276116,774,797,23,4,3,3,16,10,78,413,365
106,29,235,838,990,152,12,12,825,825,0,0.0009190237925048504,0.0012934408931549745,808,849,41,3,4,4,2,14,933,387,259
107,6,212,484,977,493,5,14,396,588,192,0.00010211375472276115,0.0013274788113958951,491,844,353,3,5,4,3,3,433,311,183
108,0,206,1,969,968,0,18,1,588,587,0.0,0.002825147213996392,1,921,920,3,-1,4,3,0,819,938,34
109,53,154,928,987,59,12,12,837,837,0,0.0024507301133462676,0.0024507301133462676,913,913,0,6,4,4,2,30,973,65,580
110,26,127,681,912,231,46,46,628,628,0,0.00030634126416828345,0.00030634126416828345,622,622,0,5,3,3,8,5,218,124,238
111,18,634,555,993,438,65,104,505,652,147,0.00010211375472276115,0.0017359338302869397,476,857,381,2,4,3,19,3,36,347,397
112,0,206,1,946,945,0,28,1,417,416,0.0,0.000442492937131965,1,680,679,3,-1,4,13,1,185,660,177
113,2,2,375,375,0,4,4,378,378,0,0.0,0.0,1,1,0,-1,5,5,3,1,642,853,747
114,49,49,807,807,0,56,56,789,789,0,0.0013955546478777359,0.0013955546478777359,847,847,0,-1,3,3,6,8,514,352,783
115,4,4,431,431,0,6,6,373,373,0,6.807583648184077e-05,6.807583648184077e-05,448,448,0,-1,5,5,4,2,532,694,998
116,0,0,1,1,0,0,0,1,1,0,0.0,0.0,1,1,0,-1,-1,-1,16,3,60,882,907
117,59,161,873,966,93,24,24,766,766,0,0.0012934408931549745,0.001497668402600497,841,859,18,4,3,3,3,18,901,148,307
118,42,143,853,962,109,12,12,694,694,0,0.001157289220191293,0.0012253650566731338,837,841,4,5,4,4,2,12,947,163,771
119,48,150,899,978,79,12,12,710,710,0,0.0014636304843595766,0.0019741992579733825,862,898,36,4,4,4,2,20,997,109,114
120,0,0,1,1,0,0,0,1,1,0,0.0,0.0,1,1,0,-1,-1,-1,3,1,485,730,660
121,0,102,1,919,918,0,5,1,359,358,0.0,6.807583648184077e-05,1,455,454,4,-1,5,4,1,593,742,661
122,0,102,1,879,878,0,12,1,346,345,0.0,0.0,1,1,0,4,-1,5,11,0,66,574,298
123,2,2,388,388,0,3,3,393,393,0,3.4037918240920386e-05,3.4037918240920386e-05,417,417,0,-1,5,5,2,1,997,623,760
124,85,186,859,947,88,84,84,814,814,0,0.0009190237925048504,0.0009190237925048504,799,799,0,5,3,3,9,14,208,243,590
125,14,116,574,918,344,38,38,683,683,0,0.0006467204465774873,0.0007147962830593281,755,766,11,4,4,4,7,5,698,589,617
126,12,218,486,944,458,68,76,540,570,30,0.00017018959120460194,0.0009870996289866913,539,801,262,3,4,4,16,2,53,682,226
127,2,2,377,377,0,4,4,422,422,0,6.807583648184077e-05,6.807583648184077e-05,458,458,0,-1,5,5,2,1,986,756,941
128,0,102,1,876,875,0,12,1,372,371,0.0,0.00013615167296368154,1,508,507,4,-1,5,8,0,370,851,562
129,0,102,1,883,882,0,18,1,366,365,0.0,0.0,1,1,0,4,-1,5,14,0,172,520,244
130,676,778,998,999,1,144,144,995,995,0,0.017529527894074,0.01756356581231492,992,992,0,4,2,2,6,118,489,37,576
131,0,206,1,962,961,0,14,1,434,433,0.0,0.0013955546478777359,1,844,843,3,-1,4,5,0,349,228,119
132,1,207,333,965,632,6,36,333,651,318,0.0,0.002757071377514551,1,915,914,3,7,4,6,2,345,582,142
133,210,826,965,997,32,156,156,987,987,0,0.0036760951700194017,0.005173763572619898,939,959,20,2,2,2,8,23,646,117,118
134,52,52,846,846,0,58,58,948,948,0,0.007011811157629599,0.007011811157629599,971,971,0,-1,2,2,4,3,559,616,632
135,0,0,1,1,0,0,0,1,1,0,0.0,0.0,1,1,0,-1,-1,-1,4,0,759,993,569
136,2,208,386,982,596,4,8,426,547,121,3.4037918240920386e-05,0.0005446066918547262,402,726,324,3,5,4,2,1,792,958,461
137,0,102,1,914,913,0,12,1,424,423,0.0,0.0002382654276864427,1,607,606,4,-1,5,6,0,253,201,521
138,163,163,949,949,0,116,116,955,955,0,0.0032336022328874367,0.0032336022328874367,934,934,0,-1,2,2,7,17,171,79,920
139,0,0,1,1,0,0,0,1,1,0,0.0,0.0,1,1,0,-1,-1,-1,10,0,310,745,737
140,31,237,811,981,170,22,22,826,826,0,0.0015317063208414173,0.0016338200755641784,865,867,2,3,3,3,2,5,820,393,132
141,0,102,1,964,963,0,5,1,416,415,0.0,0.0010892133837094523,1,821,820,4,-1,5,3,0,786,925,203
142,0,101,1,916,915,0,4,1,330,329,0.0,0.0,1,1,0,6,-1,7,4,1,445,685,437
143,0,102,1,925,924,0,7,1,399,398,0.0,0.0002042275094455223,1,560,559,4,-1,5,4,0,424,956,121
144,0,616,1,998,997,0,20,1,733,732,0.0,0.003199564314646516,1,927,926,2,-1,3,3,0,746,546,66
145,10,112,548,920,372,28,28,599,599,0,0.00037441710065012424,0.0007147962830593281,661,754,93,4,4,4,6,4,251,622,326
146,6,108,432,924,492,24,24,564,564,0,0.00017018959120460194,0.00017018959120460194,540,540,0,4,4,4,6,1,373,869,634
147,0,0,1,1,0,0,0,1,1,0,0.0,0.0,1,1,0,-1,-1,-1,6,0,526,276,897
148,7,623,468,991,523,33,82,419,613,194,0.0,0.0018720855032506212,1,873,872,2,4,3,15,3,107,373,79
149,0,0,1,1,0,0,0,1,1,0,0.0,0.0,1,1,0,-1,-1,-1,4,0,659,915,372
150,58,264,843,977,134,56,56,816,816,0,0.0011232513019503727,0.0014636304843595766,819,843,24,3,3,3,6,14,515,243,545
151,2,104,392,959,567,4,4,448,448,0,0.00010211375472276115,0.00176997174852786,499,882,383,4,5,5,2,3,963,260,26
152,0,0,1,1,0,0,0,1,1,0,0.0,0.0,1,1,0,-1,-1,-1,6,0,432,800,330
153,509,715,994,998,4,112,112,998,998,0,0.017972020831205963,0.018278362095374246,994,994,0,3,2,2,4,83,401,10,407
154,75,75,869,869,0,56,56,807,807,0,0.001599782157323258,0.001599782157323258,853,853,0,-1,3,3,6,15,549,206,871
155,165,267,949,973,24,92,92,915,915,0,0.0035059055788147996,0.00353994349705572,939,939,0,4,3,3,7,26,364,112,325
156,56,158,787,922,135,118,118,828,828,0,0.00176997174852786,0.001940161339732462,870,883,13,4,2,2,12,2,175,475,310
157,1,103,333,906,573,5,10,333,403,70,0.0,6.807583648184077e-05,1,449,448,4,6,5,5,3,492,181,557
158,28,129,729,935,206,36,36,698,698,0,0.000442492937131965,0.000442492937131965,683,683,0,6,4,4,6,7,515,150,590
159,74,74,901,901,0,34,34,918,918,0,0.002144388849177984,0.002144388849177984,903,903,0,-1,3,3,3,20,899,87,600
160,0,0,1,1,0,0,0,1,1,0,0.0,0.0,1,1,0,-1,-1,-1,3,0,882,201,483
161,77,283,873,981,108,40,40,735,735,0,0.001599782157323258,0.005241839409101739,856,959,103,3,3,3,5,18,492,148,16
162,0,101,1,935,934,0,3,1,332,331,0.0,0.00010211375472276115,1,490,489,5,-1,6,3,0,770,358,899
163,18,18,701,701,0,18,18,697,697,0,0.0013274788113958951,0.0013274788113958951,845,845,0,-1,4,4,3,8,433,174,695
164,16,118,522,899,377,57,58,488,489,1,0.0002723033459273631,0.00030634126416828345,606,623,17,4,3,3,18,1,34,334,791
165,1,103,332,973,641,2,3,332,424,92,0.0,0.0002382654276864427,1,613,612,4,6,5,2,1,920,540,317
166,33,134,718,908,190,72,72,696,696,0,0.0005105687736138058,0.0005105687736138058,710,710,0,7,3,3,11,7,229,329,663
167,22,22,580,580,0,82,82,559,559,0,0.000442492937131965,0.000442492937131965,669,669,0,-1,4,4,17,6,103,516,583
168,103,205,925,970,45,54,54,922,922,0,0.0029612988869600733,0.0030634126416828346,924,928,4,4,3,3,4,18,578,141,353
169,0,206,1,969,968,0,10,1,441,440,0.0,0.00030634126416828345,1,644,643,3,-1,4,3,0,892,657,187
170,331,537,971,987,16,290,290,949,949,0,0.00442492937131965,0.00442492937131965,943,943,0,3,2,2,21,31,25,76,714
171,6,108,514,957,443,7,8,541,547,6,0.0002723033459273631,0.0004765308553728854,626,702,76,4,4,4,2,3,792,676,363
172,25,25,722,722,0,16,16,517,517,0,0.0007828721195411688,0.0007828721195411688,787,787,0,-1,4,4,4,10,641,413,732
173,0,0,1,1,0,0,0,1,1,0,0.0,0.0,1,1,0,-1,-1,-1,2,0,715,723,801
174,22,22,595,595,0,94,94,624,624,0,0.00013615167296368154,0.00013615167296368154,510,510,0,-1,3,3,17,2,56,363,428
175,15,15,685,685,0,10,10,534,534,0,0.00030634126416828345,0.00030634126416828345,630,630,0,-1,4,4,3,8,654,386,974
176,20,20,612,612,0,42,42,510,510,0,0.00034037918240920387,0.00034037918240920387,637,637,0,-1,4,4,11,4,188,208,929
177,112,318,944,988,44,28,28,829,829,0,0.0030293747234419145,0.004220701861874128,928,949,21,3,3,3,3,17,683,81,255
178,86,187,907,969,62,28,28,800,800,0,0.0015657442390823377,0.0015657442390823377,866,866,0,5,3,3,3,17,912,45,853
179,0,102,1,892,891,0,13,1,360,359,0.0,6.807583648184077e-05,1,450,449,4,-1,5,11,2,76,633,579
180,2,208,364,975,611,4,14,364,578,214,0.0,0.0015657442390823377,1,871,870,3,5,4,3,1,826,743,116
181,12,12,571,571,0,14,14,541,541,0,0.0006126825283365669,0.0006126825283365669,738,738,0,-1,4,4,3,5,930,562,832
182,100,202,916,971,55,44,44,854,854,0,0.002484768031587188,0.0029612988869600733,902,923,21,4,3,3,4,18,403,82,232
183,8,109,576,947,371,8,8,514,514,0,0.00017018959120460194,0.0002042275094455223,563,590,27,5,4,4,2,3,924,197,353
184,28,28,758,758,0,22,22,695,695,0,0.0005105687736138058,0.0005105687736138058,707,707,0,-1,3,3,4,6,511,432,894
185,1,102,330,956,626,2,2,330,330,0,0.0,6.807583648184077e-05,1,455,454,5,6,6,2,1,889,771,314
186,133,339,913,977,64,120,120,906,906,0,0.004731270635487933,0.0048674223084516155,950,951,1,3,2,2,10,17,109,131,238
187,9,9,580,580,0,20,20,632,632,0,0.0002042275094455223,0.0002042275094455223,578,578,0,-1,4,4,4,3,581,291,955
188,27,27,825,825,0,24,24,885,885,0,0.00088498587426393,0.00088498587426393,793,793,0,-1,3,3,3,6,786,295,792
189,100,100,928,928,0,100,100,994,994,0,0.03934783348650397,0.04036897103373158,999,999,0,3,1,1,4,5,772,535,272
190,19,225,671,973,302,23,28,628,677,49,0.0002042275094455223,0.0006467204465774873,572,740,168,3,3,3,5,3,487,485,326
191,16,117,565,909,344,48,48,598,598,0,0.00034037918240920387,0.00034037918240920387,645,645,0,5,3,3,9,2,327,785,606
192,22,22,791,791,0,18,18,840,840,0,0.0004765308553728854,0.0004765308553728854,713,713,0,-1,3,3,2,2,897,465,823
193,125,331,945,986,41,38,38,889,889,0,0.0026209197045508697,0.0026549576227917903,909,910,1,3,3,3,3,33,627,15,305
194,0,102,1,949,948,0,3,1,377,376,0.0,3.4037918240920386e-05,1,401,400,4,-1,5,2,0,851,802,380
195,22,22,620,620,0,56,56,581,581,0,0.00034037918240920387,0.00034037918240920387,635,635,0,-1,3,3,11,3,162,121,968
196,0,0,1,1,0,0,0,1,1,0,0.0,0.0,1,1,0,-1,-1,-1,2,0,977,859,816
197,2,208,353,949,596,16,50,353,508,155,0.0,0.0006126825283365669,1,736,735,3,5,4,15,1,95,540,169
198,0,206,1,957,956,0,22,1,521,520,0.0,0.00037441710065012424,1,658,657,3,-1,4,5,0,496,820,165
199,24,126,741,945,204,26,26,660,660,0,0.0006467204465774873,0.0009870996289866913,755,814,59,4,4,4,5,6,647,136,159
200,6,6,424,424,0,24,24,494,494,0,6.807583648184077e-05,6.807583648184077e-05,452,452,0,-1,4,4,8,1,508,661,800
201,0,102,1,931,930,0,8,1,441,440,0.0,0.0006467204465774873,1,755,754,4,-1,5,4,0,581,732,295
202,53,53,798,798,0,100,100,737,737,0,0.001157289220191293,0.001157289220191293,817,817,0,-1,3,3,14,9,79,415,542
203,54,155,780,927,147,164,164,909,909,0,0.0010211375472276116,0.0010892133837094523,793,806,13,5,2,2,14,6,268,490,679
204,18,18,610,610,0,42,42,642,642,0,0.0004084550188910446,0.0004084550188910446,676,676,0,-1,3,3,6,2,157,22,624
205,7,109,597,968,371,7,8,586,590,4,0.00010211375472276115,0.0026549576227917903,482,923,441,4,4,4,2,3,968,598,126
206,13,115,705,968,263,8,8,599,599,0,0.00030634126416828345,0.0006126825283365669,649,755,106,4,4,4,2,3,981,378,418
207,10,112,556,924,368,18,18,586,586,0,0.00030634126416828345,0.0009190237925048504,631,796,165,4,4,4,3,3,490,301,535
208,0,0,1,1,0,0,0,1,1,0,0.0,0.0,1,1,0,-1,-1,-1,19,0,19,975,989
209,505,505,992,992,0,160,160,986,986,0,0.010892133837094524,0.010892133837094524,985,985,0,-1,2,2,7,75,366,24,933
210,0,102,1,931,930,0,4,1,392,391,0.0,0.00030634126416828345,1,642,641,4,-1,5,2,1,763,779,121
211,14,220,592,971,379,16,16,509,509,0,0.0004084550188910446,0.000442492937131965,677,681,4,3,4,4,4,4,762,637,419
212,2,2,352,352,0,12,12,352,352,0,0.0,0.0,1,1,0,-1,5,5,11,1,224,402,698
213,21,637,735,999,264,14,28,577,805,228,0.00037441710065012424,0.00527587732734266,672,961,289,2,4,3,3,6,670,494,74
214,2,103,375,948,573,4,4,376,376,0,3.4037918240920386e-05,3.4037918240920386e-05,397,397,0,5,5,5,3,2,608,690,225
215,38,140,886,979,93,12,12,749,749,0,0.001497668402600497,0.003948398515946765,872,954,82,4,4,4,2,15,941,206,57
216,0,206,1,979,978,0,14,1,637,636,0.0,0.0028591851322373124,1,924,923,3,-1,4,3,0,840,953,38
217,2,103,398,969,571,4,4,452,452,0,0.0002382654276864427,0.00037441710065012424,614,682,68,6,5,5,2,1,782,452,398
218,1,103,332,941,609,2,4,332,422,90,0.0,0.0006126825283365669,1,740,739,4,8,5,2,3,723,626,589
219,2,103,366,923,557,5,5,366,366,0,3.4037918240920386e-05,0.00010211375472276115,407,485,78,5,5,5,4,3,545,748,512
220,8,109,441,874,433,66,66,404,404,0,0.0,3.4037918240920386e-05,1,399,398,5,4,4,35,2,20,298,484
221,2,103,360,896,536,12,12,387,387,0,0.0,0.0,1,1,0,5,5,5,8,1,325,594,292
222,17,223,616,964,348,28,32,511,536,25,0.0002042275094455223,0.0006126825283365669,566,743,177,3,4,4,8,5,223,350,389
223,17,223,715,981,266,12,12,678,678,0,0.0006807583648184077,0.0017018959120460194,756,886,130,3,4,4,2,5,895,216,183
224,6,212,432,966,534,22,26,564,610,46,0.00030634126416828345,0.0005446066918547262,632,719,87,3,4,4,5,1,467,420,362
225,0,102,1,881,880,0,19,1,388,387,0.0,0.00017018959120460194,1,542,541,4,-1,5,12,0,292,978,891
226,0,0,1,1,0,0,0,1,1,0,0.0,0.0,1,1,0,-1,-1,-1,3,0,577,844,894
227,19,121,689,934,245,40,40,770,770,0,0.00034037918240920387,0.0004084550188910446,653,677,24,4,3,3,5,4,452,339,263
228,2,208,349,954,605,15,36,393,530,137,0.0,0.001157289220191293,1,829,828,3,5,4,8,2,434,560,213
229,18,18,674,674,0,26,26,747,747,0,0.0005105687736138058,0.0005105687736138058,713,713,0,-1,3,3,4,3,611,536,554
230,0,0,1,1,0,0,0,1,1,0,0.0,0.0,1,1,0,-1,-1,-1,2,0,972,777,877
231,0,0,1,1,0,0,0,1,1,0,0.0,0.0,1,1,0,-1,-1,-1,6,1,441,693,855
232,0,102,1,916,915,0,12,1,415,414,0.0,0.0002382654276864427,1,589,588,4,-1,5,7,0,404,951,637
233,0,206,1,973,972,0,10,1,493,492,0.0,0.0010892133837094523,1,833,832,3,-1,4,3,3,861,753,146
234,58,264,827,972,145,66,66,872,872,0,0.001157289220191293,0.0017018959120460194,815,859,44,3,3,3,6,11,556,193,212
235,0,206,1,974,973,0,13,1,481,480,0.0,0.00034037918240920387,1,645,644,3,-1,4,5,0,727,673,221
236,0,206,1,965,964,0,34,1,605,604,0.0,0.0015317063208414173,1,852,851,3,-1,4,7,0,658,999,151
237,0,0,1,1,0,0,0,1,1,0,0.0,0.0,1,1,0,-1,-1,-1,2,0,971,974,817
238,44,146,731,915,184,90,90,619,619,0,0.0005446066918547262,0.0006807583648184077,698,740,42,4,3,3,17,6,210,258,727
239,0,616,1,993,992,0,79,1,539,538,0.0,0.0007488342013002485,1,754,753,2,-1,3,19,0,36,919,207
240,2,208,353,957,604,12,34,368,543,175,0.0,0.0007828721195411688,1,759,758,3,5,4,9,1,339,734,190
241,2,103,363,922,559,8,8,419,419,0,6.807583648184077e-05,6.807583648184077e-05,445,445,0,5,5,5,4,2,280,690,590
242,100,100,830,830,0,100,100,471,471,0,0.013819394805813677,0.0141938119064638,990,990,0,3,1,1,35,59,20,6,165
243,2,103,352,877,525,16,16,361,361,0,0.0,0.0,1,1,0,5,5,5,14,1,154,402,337
244,149,251,921,963,42,142,142,912,912,0,0.0019061234214915416,0.001940161339732462,872,875,3,4,2,2,12,22,194,116,667
245,0,0,1,1,0,0,0,1,1,0,0.0,0.0,1,1,0,-1,-1,-1,4,0,671,952,802
246,147,1787,941,1000,59,96,130,871,954,83,0.0030293747234419145,0.011709043874876613,923,981,58,1,3,2,11,31,261,35,658
247,285,491,981,996,15,78,78,978,978,0,0.00970080669866231,0.009905034208107831,980,981,1,3,2,2,4,49,581,16,862
248,1,103,333,917,584,4,6,333,376,43,0.0,3.4037918240920386e-05,1,407,406,4,6,5,4,4,453,595,935
249,12,218,580,971,391,9,14,453,540,87,0.00013615167296368154,0.0008169100377820892,514,784,270,3,4,4,3,5,703,231,130
250,6,107,410,896,486,38,38,560,560,0,0.00017018959120460194,0.00017018959120460194,538,538,0,7,4,4,9,3,319,285,469
251,28,130,643,898,255,90,90,622,622,0,0.0002382654276864427,0.00030634126416828345,592,631,39,4,3,3,16,5,53,362,648
252,8,110,533,931,398,10,10,473,473,0,6.807583648184077e-05,0.0002382654276864427,455,602,147,4,4,4,3,2,585,491,637
253,240,446,973,988,15,150,150,991,991,0,0.008407365805507334,0.011743081793117532,974,984,10,3,2,2,7,29,658,17,126
254,6,622,390,993,603,32,64,413,551,138,3.4037918240920386e-05,0.001055175465468532,399,808,409,2,4,3,15,2,104,320,390
255,111,213,882,944,62,134,134,811,811,0,0.0009530617107457708,0.0010211375472276116,785,801,16,4,3,3,14,17,85,327,550
256,16,632,532,993,461,80,98,618,679,61,0.0002042275094455223,0.0011232513019503727,557,814,257,2,3,3,15,2,104,652,207
257,8,8,510,510,0,16,16,464,464,0,0.00017018959120460194,0.00017018959120460194,547,547,0,-1,4,4,6,3,251,361,953
258,120,736,894,994,100,128,138,852,879,27,0.0020422750944552232,0.0030293747234419145,883,917,34,2,3,3,13,14,91,68,343
259,10,626,551,997,446,10,30,442,703,261,3.4037918240920386e-05,0.0026209197045508697,404,918,514,2,4,3,4,4,711,398,55
260,0,206,1,967,966,0,16,1,511,510,0.0,0.001157289220191293,1,833,832,3,-1,4,4,0,504,511,183
261,0,206,1,968,967,0,11,1,433,432,0.0,0.00017018959120460194,1,543,542,3,-1,4,4,0,694,649,248
262,2,208,347,943,596,17,29,347,392,45,0.0,0.00010211375472276115,1,479,478,3,5,4,16,2,53,357,904
263,0,206,1,977,976,0,8,1,502,501,0.0,0.0007488342013002485,1,777,776,3,-1,4,2,0,747,863,304
264,9,111,529,905,376,15,15,442,442,0,3.4037918240920386e-05,3.4037918240920386e-05,392,392,0,4,4,4,6,3,473,347,225
265,8,8,574,574,0,9,9,543,543,0,0.00013615167296368154,0.00013615167296368154,513,513,0,-1,4,4,3,6,877,406,702
266,0,101,1,910,909,0,5,1,331,330,0.0,0.0,1,1,0,6,-1,7,5,0,724,498,621
267,68,170,879,962,83,34,34,802,802,0,0.0020082371762143027,0.002110350930937064,876,883,7,4,3,3,4,20,787,87,711
268,126,332,914,978,64,90,90,809,809,0,0.0014295925661186562,0.002110350930937064,838,895,57,3,3,3,10,24,258,129,242
269,189,189,979,979,0,22,22,837,837,0,0.004799346471969774,0.004799346471969774,958,958,0,-1,3,3,2,61,618,14,457
270,0,206,1,938,937,0,38,1,395,394,0.0,0.00010211375472276115,1,482,481,3,-1,4,19,0,89,900,365
271,0,102,1,920,919,0,3,1,365,364,0.0,0.0,1,1,0,4,-1,5,2,0,909,511,320
272,0,206,1,948,947,0,22,1,392,391,0.0,0.00013615167296368154,1,510,509,3,-1,4,12,0,116,894,317
273,0,0,1,1,0,0,0,1,1,0,0.0,0.0,1,1,0,-1,-1,-1,3,1,674,641,903
274,10,112,594,938,344,14,14,556,556,0,6.807583648184077e-05,0.00010211375472276115,454,486,32,4,4,4,3,3,831,596,321
275,40,40,647,647,0,262,262,767,767,0,0.00037441710065012424,0.00037441710065012424,638,638,0,-1,2,2,33,1,9,667,548
276,3,3,466,466,0,4,4,385,385,0,0.00010211375472276115,0.00010211375472276115,486,486,0,-1,5,5,3,5,786,476,712
277,0,0,1,1,0,0,0,1,1,0,0.0,0.0,1,1,0,-1,-1,-1,2,0,982,818,864
278,0,102,1,922,921,0,7,1,377,376,0.0,0.0002042275094455223,1,576,575,4,-1,5,5,0,551,565,420
279,0,102,1,969,968,0,3,1,405,404,0.0,0.00030634126416828345,1,639,638,4,-1,5,2,0,959,926,165
280,63,269,873,982,109,48,48,896,896,0,0.0022465026039007454,0.0033016780693692774,894,936,42,3,3,3,3,14,680,84,68
281,0,206,1,946,945,0,27,1,392,391,0.0,0.0002042275094455223,1,563,562,3,-1,4,15,0,107,802,447
282,120,222,957,979,22,32,32,935,935,0,0.004799346471969774,0.004935498144933456,960,960,0,4,3,3,2,27,975,88,86
283,14,115,579,926,347,28,28,586,586,0,0.0004084550188910446,0.000442492937131965,664,682,18,6,4,4,6,4,515,450,543
284,22,22,660,660,0,36,36,530,530,0,0.00034037918240920387,0.00034037918240920387,651,651,0,-1,4,4,10,5,161,314,877
285,0,616,1,991,990,0,54,1,482,481,0.0,0.0006126825283365669,1,724,723,2,-1,3,17,0,39,740,160
286,30,236,669,958,289,150,150,884,884,0,0.0011913271384322134,0.0014295925661186562,817,848,31,3,3,3,14,4,268,207,688
287,0,0,1,1,0,0,0,1,1,0,0.0,0.0,1,1,0,-1,-1,-1,4,0,679,815,929
288,0,206,1,939,938,0,26,1,372,371,0.0,6.807583648184077e-05,1,445,444,3,-1,4,19,0,83,911,743
289,0,206,1,976,975,0,8,1,501,500,0.0,0.0007147962830593281,1,763,762,3,-1,4,2,1,894,780,399
290,53,669,797,995,198,108,126,780,830,50,0.001599782157323258,0.0029612988869600733,847,918,71,2,2,2,15,5,138,591,236
291,32,32,774,774,0,36,36,856,856,0,0.0010892133837094523,0.0010892133837094523,812,812,0,-1,3,3,4,2,655,383,825
292,0,101,1,877,876,0,11,1,330,329,0.0,6.807583648184077e-05,1,438,437,5,-1,6,11,0,163,826,594
293,186,288,978,989,11,22,22,857,857,0,0.006433166547533953,0.006841621566424997,969,970,1,4,3,3,2,49,760,16,326
294,34,240,699,960,261,88,88,733,733,0,0.00037441710065012424,0.0005786446100956465,656,720,64,3,3,3,12,5,292,619,247
295,0,206,1,965,964,0,20,1,477,476,0.0,0.0005105687736138058,1,706,705,3,-1,4,7,1,362,730,216
296,0,1640,1,1000,999,0,156,1,834,833,0.0,0.010313489226998877,1,978,977,1,-1,2,15,0,51,723,33
297,100,100,874,874,0,100,100,813,813,0,0.01592974573675074,0.01592974573675074,990,990,0,4,1,1,11,17,215,79,580
298,116,322,878,971,93,176,176,873,873,0,0.0017018959120460194,0.002280540522141666,863,891,28,3,3,3,16,13,117,261,139
299,2,104,364,935,571,6,6,449,449,0,3.4037918240920386e-05,0.00010211375472276115,400,486,86,4,5,5,3,3,826,321,613
300,27,233,779,978,199,8,8,490,490,0,0.0006126825283365669,0.0016678579938050988,738,872,134,3,4,4,2,8,849,284,352
301,31,133,799,945,146,22,22,790,790,0,0.0008509479560230097,0.00088498587426393,789,795,6,4,3,3,2,6,880,471,323
302,17,119,688,948,260,10,10,506,506,0,0.00037441710065012424,0.0006467204465774873,665,745,80,4,4,4,3,8,640,521,636
303,0,0,1,1,0,0,0,1,1,0,0.0,0.0,1,1,0,-1,-1,-1,15,0,37,826,372
304,100,100,875,875,0,100,100,839,839,0,0.013921508560536438,0.014534191088873005,984,986,2,3,1,1,11,4,333,328,413
305,8,8,525,525,0,20,20,570,570,0,0.00030634126416828345,0.00030634126416828345,639,639,0,-1,4,4,4,4,652,278,948
306,18,119,729,955,226,8,8,525,525,0,0.0005446066918547262,0.0007147962830593281,734,764,30,5,4,4,2,8,975,204,550
307,0,101,1,938,937,0,3,1,332,331,0.0,6.807583648184077e-05,1,455,454,5,-1,6,3,0,785,822,552
308,0,102,1,940,939,0,4,1,402,401,0.0,0.0007147962830593281,1,767,766,4,-1,5,2,0,924,844,62
309,7,213,463,951,488,28,56,403,532,129,3.4037918240920386e-05,0.0015317063208414173,393,854,461,3,4,4,14,5,268,225,79
310,0,101,1,921,920,0,5,1,332,331,0.0,0.0,1,1,0,6,-1,7,5,0,551,638,721
311,20,226,729,981,252,18,18,798,798,0,0.00037441710065012424,0.0019741992579733825,674,884,210,3,3,3,2,4,979,622,43
312,3,3,466,466,0,3,3,388,388,0,0.00013615167296368154,0.00013615167296368154,524,524,0,-1,5,5,2,5,982,464,638
313,61,61,886,886,0,18,18,718,718,0,0.0018040096667687805,0.0018040096667687805,886,886,0,-1,4,4,3,22,654,203,908
314,0,0,1,1,0,0,0,1,1,0,0.0,0.0,1,1,0,-1,-1,-1,4,0,824,565,787
315,0,0,1,1,0,0,0,1,1,0,0.0,0.0,1,1,0,-1,-1,-1,3,1,523,650,696
316,74,74,842,842,0,104,104,863,863,0,0.0013955546478777359,0.0013955546478777359,835,835,0,-1,2,2,10,6,75,490,330
317,18,18,664,664,0,26,26,638,638,0,0.0006467204465774873,0.0006467204465774873,743,743,0,-1,4,4,5,7,656,253,324
318,16,16,606,606,0,46,46,692,692,0,0.00013615167296368154,0.00013615167296368154,511,511,0,-1,3,3,8,1,323,904,455
319,16,222,569,965,396,33,45,528,641,113,0.0005105687736138058,0.0017359338302869397,704,873,169,3,4,4,9,5,389,562,127
320,2,104,360,918,558,6,6,394,394,0,3.4037918240920386e-05,6.807583648184077e-05,407,448,41,4,5,5,3,2,808,518,756
321,6,212,477,977,500,8,8,489,489,0,0.0002042275094455223,0.0006467204465774873,566,758,192,3,4,4,2,1,934,904,172
322,0,206,1,966,965,0,15,1,431,430,0.0,0.0007147962830593281,1,761,760,3,-1,4,6,0,624,699,207
323,0,0,1,1,0,0,0,1,1,0,0.0,0.0,1,1,0,-1,-1,-1,2,0,873,933,914
324,1,103,333,902,569,6,11,333,396,63,0.0,0.0002042275094455223,1,552,551,4,8,5,6,1,470,647,447
325,6,6,407,407,0,42,42,510,510,0,6.807583648184077e-05,6.807583648184077e-05,440,440,0,-1,4,4,11,1,188,718,436
326,0,206,1,935,934,0,42,1,391,390,0.0,0.0002382654276864427,1,575,574,3,-1,4,23,0,8,933,500
327,58,160,820,931,111,68,68,758,758,0,0.0013274788113958951,0.001599782157323258,831,861,30,4,3,3,8,9,303,242,159
328,6,108,445,921,476,20,20,557,557,0,0.00017018959120460194,0.00030634126416828345,557,638,81,4,4,4,4,1,558,891,317
329,24,126,711,939,228,38,38,729,729,0,0.0002042275094455223,0.0002723033459273631,571,609,38,4,3,3,6,3,373,458,566
330,0,102,1,904,903,0,10,1,390,389,0.0,0.00010211375472276115,1,480,479,4,-1,5,6,0,353,735,722
331,0,0,1,1,0,0,0,1,1,0,0.0,0.0,1,1,0,-1,-1,-1,4,0,461,608,489
332,2,103,401,970,569,2,2,332,332,0,0.0,0.0,1,1,0,8,6,6,2,3,884,563,582
333,0,102,1,929,928,0,8,1,426,425,0.0,0.0007488342013002485,1,771,770,4,-1,5,4,0,458,971,190
334,0,102,1,946,945,0,4,1,410,409,0.0,0.0005105687736138058,1,724,723,4,-1,5,2,0,928,848,535
335,2,2,348,348,0,13,13,358,358,0,0.0,0.0,1,1,0,-1,5,5,11,1,307,671,641
336,81,81,919,919,0,42,42,970,970,0,0.004016474352428605,0.004016474352428605,950,950,0,-1,2,2,2,12,979,155,731
337,0,206,1,965,964,0,12,1,462,461,0.0,0.0005105687736138058,1,698,697,3,-1,4,4,0,832,790,216
338,34,240,731,963,232,64,64,709,709,0,0.0007147962830593281,0.0016338200755641784,762,859,97,3,3,3,9,7,263,169,62
339,20,121,763,965,202,14,14,748,748,0,0.0004765308553728854,0.0008169100377820892,695,787,92,5,4,4,3,5,877,308,316
340,17,223,665,974,309,32,32,681,681,0,0.0005786446100956465,0.0014295925661186562,735,854,119,3,4,4,6,6,657,467,336
341,50,50,818,818,0,90,90,826,826,0,0.0011232513019503727,0.0011232513019503727,821,821,0,-1,3,3,10,9,161,415,979
342,0,206,1,974,973,0,9,1,471,470,0.0,0.0002042275094455223,1,566,565,3,-1,4,3,0,651,455,840
343,0,102,1,913,912,0,7,1,370,369,0.0,0.0002042275094455223,1,569,568,4,-1,5,5,0,605,926,451
344,40,246,820,978,158,46,46,962,962,0,0.0017359338302869397,0.0018380475850097008,880,886,6,3,2,2,2,1,990,168,689
345,6,212,411,957,546,22,22,522,522,0,0.0002382654276864427,0.0012253650566731338,575,827,252,3,4,4,5,1,496,809,92
346,38,139,627,895,268,236,236,720,720,0,0.0002382654276864427,0.0002382654276864427,579,579,0,5,3,3,33,3,9,519,764
347,0,0,1,1,0,0,0,1,1,0,0.0,0.0,1,1,0,-1,-1,-1,8,0,468,801,735
348,8,110,532,922,390,26,26,568,568,0,0.0002723033459273631,0.00030634126416828345,625,638,13,4,4,4,7,2,439,383,322
349,29,130,770,947,177,20,20,612,612,0,0.0007147962830593281,0.0007488342013002485,754,758,4,5,4,4,4,10,611,366,526
350,0,101,1,929,928,0,2,1,331,330,0.0,0.0,1,1,0,5,-1,6,2,0,880,794,353
351,40,246,784,969,185,52,52,783,783,0,0.00088498587426393,0.0017018959120460194,775,859,84,3,3,3,6,6,556,490,412
352,0,102,1,906,905,0,5,1,363,362,0.0,0.0,1,1,0,4,-1,5,4,0,391,867,401
353,9,9,589,589,0,8,8,519,519,0,0.0002042275094455223,0.0002042275094455223,568,568,0,-1,4,4,2,4,938,278,910
354,44,145,780,929,149,108,108,900,900,0,0.0009530617107457708,0.0009530617107457708,793,793,0,5,2,2,9,3,136,268,717
355,0,102,1,939,938,0,3,1,374,373,0.0,0.0,1,1,0,4,-1,5,2,0,976,881,215
356,0,616,1,993,992,0,70,1,647,646,0.0,0.003710133088260322,1,939,938,2,-1,3,12,0,96,946,65
357,2,618,364,998,634,7,36,388,767,379,3.4037918240920386e-05,0.005820484019197386,415,963,548,2,5,3,5,1,601,503,12
358,22,22,679,679,0,29,29,628,628,0,6.807583648184077e-05,6.807583648184077e-05,456,456,0,-1,3,3,6,3,267,496,995
359,100,100,935,935,0,100,100,998,998,0,0.0759726335137343,0.0759726335137343,999,999,0,-1,1,1,2,20,596,87,769
360,8,109,552,944,392,8,8,503,503,0,6.807583648184077e-05,0.00013615167296368154,462,534,72,5,4,4,2,3,747,598,241
361,0,102,1,941,940,0,4,1,375,374,0.0,3.4037918240920386e-05,1,405,404,4,-1,5,3,0,916,847,534
362,0,101,1,911,910,0,6,1,332,331,0.0,0.0,1,1,0,6,-1,7,6,1,352,780,861
363,0,0,1,1,0,0,0,1,1,0,0.0,0.0,1,1,0,-1,-1,-1,12,0,106,489,923
364,2,2,357,357,0,6,6,384,384,0,3.4037918240920386e-05,3.4037918240920386e-05,398,398,0,-1,5,5,4,1,593,530,806
365,28,28,685,685,0,70,70,711,711,0,0.0005786446100956465,0.0005786446100956465,718,718,0,-1,3,3,10,4,254,288,790
366,0,0,1,1,0,0,0,1,1,0,0.0,0.0,1,1,0,-1,-1,-1,8,0,231,901,834
367,16,118,583,911,328,36,36,577,577,0,0.00037441710065012424,0.0007488342013002485,651,754,103,4,4,4,8,6,443,379,404
368,36,137,810,951,141,40,40,822,822,0,0.0015657442390823377,0.0016338200755641784,865,870,5,5,3,3,5,8,685,174,274
369,40,40,697,697,0,79,79,513,513,0,0.0007828721195411688,0.0007828721195411688,740,740,0,-1,2,2,22,1,55,421,921
370,6,212,447,970,523,18,18,592,592,0,0.00030634126416828345,0.0006807583648184077,639,760,121,3,4,4,3,1,737,711,134
371,3,209,467,985,518,3,8,393,565,172,0.0,0.00353994349705572,1,942,941,3,5,4,2,2,666,430,16
372,4,4,500,500,0,6,6,475,475,0,0.00013615167296368154,0.00013615167296368154,517,517,0,-1,5,5,3,6,730,392,604
373,10,216,545,966,421,23,28,535,595,60,0.0002042275094455223,0.0015657442390823377,569,854,285,3,4,4,6,7,98,451,146
374,2,104,396,967,571,3,4,405,466,61,6.807583648184077e-05,0.000442492937131965,454,695,241,4,5,5,2,1,807,449,343
375,16,118,602,927,325,50,50,749,749,0,0.000442492937131965,0.0005105687736138058,694,704,10,4,3,3,8,1,442,439,653
376,2,103,419,974,555,2,2,331,331,0,0.0,0.0010892133837094523,1,835,834,5,6,6,2,2,978,680,180
377,6,212,386,941,555,33,38,400,422,22,3.4037918240920386e-05,0.00013615167296368154,406,510,104,3,4,4,18,3,111,460,870
378,0,1640,1,1000,999,0,286,1,798,797,0.0,0.006705469893461316,1,965,964,1,-1,2,36,0,16,712,5
379,6,6,372,372,0,59,59,424,424,0,0.0,0.0,1,1,0,-1,4,4,25,1,17,618,971
380,19,121,703,947,244,12,12,584,584,0,0.000442492937131965,0.0006126825283365669,687,740,53,4,4,4,2,5,429,591,182
381,56,158,798,933,135,80,80,740,740,0,0.0005105687736138058,0.0005786446100956465,696,710,14,4,3,3,10,8,152,132,552
382,1,1,333,333,0,18,18,333,333,0,0.0,0.0,1,1,0,-1,6,6,18,1,111,469,753
383,32,134,730,924,194,74,74,831,831,0,0.0004084550188910446,0.0004765308553728854,670,694,24,4,3,3,8,4,415,149,447
384,38,244,735,962,227,110,110,869,869,0,0.0007828721195411688,0.0022465026039007454,768,887,119,3,3,3,10,3,75,642,66
385,46,46,842,842,0,38,38,896,896,0,0.0016338200755641784,0.0016338200755641784,878,878,0,-1,3,3,3,11,729,193,876
386,0,101,1,911,910,0,4,1,331,330,0.0,0.0,1,1,0,6,-1,7,4,0,887,768,663
387,10,10,566,566,0,18,18,515,515,0,0.00017018959120460194,0.00017018959120460194,541,541,0,-1,4,4,5,3,467,311,745
388,30,30,765,765,0,26,26,645,645,0,0.0004084550188910446,0.0004084550188910446,674,674,0,-1,4,4,5,9,430,154,744
389,0,616,1,993,992,0,46,1,665,664,0.0,0.0031314884781646754,1,927,926,2,-1,3,8,1,302,428,108
390,146,146,926,926,0,104,104,876,876,0,0.002382654276864427,0.002382654276864427,902,902,0,-1,3,3,9,27,245,69,517
391,212,313,972,981,9,70,70,926,926,0,0.004356853534837809,0.00445896728956057,951,953,2,5,3,3,5,35,314,57,401
392,0,206,1,972,971,0,10,1,488,487,0.0,0.0006807583648184077,1,761,760,3,-1,4,3,0,935,943,232
393,0,101,1,909,908,0,6,1,332,331,0.0,6.807583648184077e-05,1,441,440,5,-1,6,6,0,369,669,931
394,0,102,1,880,879,0,20,1,356,355,0.0,0.0,1,1,0,4,-1,5,17,0,24,915,762
395,22,22,664,664,0,52,52,691,691,0,0.0012253650566731338,0.0012253650566731338,836,836,0,-1,3,3,7,4,321,440,674
396,0,0,1,1,0,0,0,1,1,0,0.0,0.0,1,1,0,-1,-1,-1,4,0,755,912,752
397,101,101,943,943,0,32,32,935,935,0,0.0024166921951053475,0.0024166921951053475,919,919,0,-1,3,3,2,28,975,98,767
398,118,118,927,927,0,54,54,866,866,0,0.0027911092957554717,0.0027911092957554717,919,919,0,-1,3,3,4,17,500,81,324
399,0,102,1,909,908,0,9,1,409,408,0.0,0.00013615167296368154,1,523,522,4,-1,5,5,0,669,985,487
400,0,0,1,1,0,0,0,1,1,0,0.0,0.0,1,1,0,-1,-1,-1,14,0,122,990,901
401,40,246,697,947,250,134,134,688,688,0,0.0004084550188910446,0.0005446066918547262,655,693,38,3,3,3,22,4,55,86,395
402,62,268,817,971,154,92,92,799,799,0,0.0008169100377820892,0.0009870996289866913,767,800,33,3,3,3,10,12,310,155,339
403,70,172,808,928,120,178,178,834,834,0,0.0012253650566731338,0.0013274788113958951,814,827,13,4,2,2,19,6,38,192,408
404,0,206,1,959,958,0,24,1,472,471,0.0,0.001055175465468532,1,809,808,3,-1,4,8,0,260,877,68
405,8,110,563,943,380,8,8,508,508,0,0.0002723033459273631,0.000442492937131965,632,707,75,4,4,4,2,3,776,536,691
406,12,12,533,533,0,22,22,468,468,0,6.807583648184077e-05,6.807583648184077e-05,453,453,0,-1,4,4,9,2,177,251,767
407,14,116,564,913,349,34,34,544,544,0,0.0002042275094455223,0.0002382654276864427,565,588,23,4,4,4,9,3,339,378,563
408,30,30,769,769,0,34,34,746,746,0,0.0009870996289866913,0.0009870996289866913,812,812,0,-1,3,3,4,8,758,264,514
409,49,49,801,801,0,68,68,822,822,0,0.0013955546478777359,0.0013955546478777359,847,847,0,-1,3,3,7,10,472,272,954
410,52,153,797,932,135,146,146,920,920,0,0.0013615167296368155,0.0013615167296368155,844,844,0,6,2,2,12,3,375,642,437
411,2,103,357,909,552,5,5,357,357,0,0.0,0.0,1,1,0,6,5,5,4,2,509,721,590
412,8,624,494,993,499,46,60,588,673,85,0.000442492937131965,0.0019741992579733825,693,883,190,2,4,3,9,3,192,354,677
413,8,624,535,998,463,8,28,388,703,315,6.807583648184077e-05,0.0018380475850097008,458,875,417,2,5,3,5,5,795,314,179
414,111,111,900,900,0,136,136,901,901,0,0.001599782157323258,0.001599782157323258,863,863,0,-1,2,2,12,14,58,243,533
415,72,174,891,968,77,28,28,800,800,0,0.0025188059498281084,0.0026549576227917903,908,915,7,4,3,3,3,12,912,58,286
416,0,102,1,939,938,0,3,1,372,371,0.0,0.00034037918240920387,1,668,667,4,-1,5,2,0,881,871,450
417,44,146,760,919,159,96,96,827,827,0,0.0005786446100956465,0.0008169100377820892,714,766,52,4,3,3,10,5,205,338,795
418,8,214,493,963,470,15,22,417,479,62,3.4037918240920386e-05,0.00088498587426393,403,785,382,3,4,4,7,2,472,602,62
419,4,4,443,443,0,7,7,410,410,0,0.0,0.0,1,1,0,-1,5,5,4,3,648,598,851
420,0,0,1,1,0,0,0,1,1,0,0.0,0.0,1,1,0,-1,-1,-1,2,0,966,774,877
421,118,324,913,980,67,76,76,867,867,0,0.0018040096667687805,0.0018380475850097008,869,874,5,3,3,3,6,17,368,45,454
422,149,349,945,986,41,70,70,903,903,0,0.0024507301133462676,0.0026209197045508697,904,912,8,3,3,3,5,24,382,119,404
423,0,0,1,1,0,0,0,1,1,0,0.0,0.0,1,1,0,-1,-1,-1,5,0,565,276,919
424,7,109,548,942,394,14,14,612,612,0,0.00017018959120460194,0.0009530617107457708,549,811,262,4,4,4,3,3,961,541,438
425,12,628,588,997,409,22,36,580,743,163,0.0002042275094455223,0.009190237925048503,579,980,401,2,4,3,5,4,538,346,23
426,6,622,382,989,607,29,86,387,597,210,6.807583648184077e-05,0.0026549576227917903,447,909,462,2,4,3,16,2,117,320,111
427,202,408,948,982,34,162,162,937,937,0,0.0032336022328874367,0.0038462847612240037,926,938,12,3,2,2,12,19,183,133,387
428,1,1,333,333,0,6,6,333,333,0,0.0,0.0,1,1,0,-1,7,7,6,1,399,703,716
429,15,15,609,609,0,24,24,562,562,0,0.0002382654276864427,0.0002382654276864427,591,591,0,-1,4,4,6,5,455,124,672
430,1,1,332,332,0,2,2,332,332,0,0.0,0.0,1,1,0,-1,7,7,2,1,750,469,514
431,0,102,1,944,943,0,3,1,371,370,0.0,3.4037918240920386e-05,1,399,398,4,-1,5,2,0,548,961,315
432,133,133,912,912,0,140,140,910,910,0,0.0013955546478777359,0.0013955546478777359,843,843,0,-1,2,2,11,20,220,189,987
433,0,102,1,936,935,0,3,1,367,366,0.0,0.00037441710065012424,1,669,668,4,-1,5,2,0,609,600,187
434,346,546,980,992,12,178,178,982,982,0,0.008169100377820893,0.008441403723748256,975,975,0,3,2,2,10,54,169,28,525
435,6,108,409,886,477,30,30,496,496,0,3.4037918240920386e-05,0.00010211375472276115,398,480,82,4,4,4,9,1,263,870,636
436,0,616,1,993,992,0,42,1,521,520,0.0,0.001157289220191293,1,823,822,2,-1,3,11,0,230,801,194
437,33,33,757,757,0,40,40,781,781,0,0.0004084550188910446,0.0004084550188910446,674,674,0,-1,3,3,4,3,567,291,970
438,0,102,1,927,926,0,4,1,392,391,0.0,0.00030634126416828345,1,641,640,4,-1,5,2,0,828,359,209
439,0,0,1,1,0,0,0,1,1,0,0.0,0.0,1,1,0,-1,-1,-1,5,0,848,778,790
440,0,0,1,1,0,0,0,1,1,0,0.0,0.0,1,1,0,-1,-1,-1,6,0,267,604,205
441,6,6,444,444,0,12,12,623,623,0,0.0002382654276864427,0.0002382654276864427,599,599,0,-1,4,4,2,3,990,285,910
442,128,128,949,949,0,54,54,932,932,0,0.004220701861874128,0.004220701861874128,948,948,0,-1,3,3,4,29,563,142,887
443,0,0,1,1,0,0,0,1,1,0,0.0,0.0,1,1,0,-1,-1,-1,7,0,193,824,804
444,28,28,707,707,0,42,42,692,692,0,0.0009190237925048504,0.0009190237925048504,793,793,0,-1,4,4,7,10,362,296,793
445,0,0,1,1,0,0,0,1,1,0,0.0,0.0,1,1,0,-1,-1,-1,2,0,884,868,867
446,4,4,505,505,0,4,4,470,470,0,0.00013615167296368154,0.00013615167296368154,531,531,0,-1,5,5,2,3,866,361,909
447,0,616,1,994,993,0,50,1,716,715,0.0,0.006297014874570271,1,969,968,2,-1,3,8,0,309,674,30
448,235,235,970,970,0,96,96,946,946,0,0.005582218591510943,0.005582218591510943,961,961,0,-1,3,3,6,34,352,20,804
449,0,206,1,959,958,0,26,1,481,480,0.0,0.0009530617107457708,1,804,803,3,-1,4,9,0,119,811,67
450,23,23,683,683,0,72,72,826,826,0,0.001157289220191293,0.001157289220191293,824,824,0,-1,3,3,7,3,466,438,554
451,6,107,420,901,481,20,20,477,477,0,0.00010211375472276115,0.00013615167296368154,481,515,34,5,4,4,7,1,340,743,593
452,0,102,1,912,911,0,9,1,378,377,0.0,0.000442492937131965,1,687,686,4,-1,5,6,0,515,834,170
453,6,6,450,450,0,7,7,457,457,0,6.807583648184077e-05,6.807583648184077e-05,448,448,0,-1,4,4,2,2,932,325,923
454,42,144,831,949,118,12,12,562,562,0,0.0011232513019503727,0.0012253650566731338,838,850,12,4,4,4,2,15,971,137,317
455,6,108,385,870,485,55,55,498,498,0,0.00013615167296368154,0.00034037918240920387,500,619,119,4,4,4,16,1,132,452,477
456,14,220,584,968,384,22,22,527,527,0,0.00017018959120460194,0.00034037918240920387,533,650,117,3,4,4,5,3,506,704,90
457,0,102,1,900,899,0,7,1,393,392,0.0,6.807583648184077e-05,1,451,450,4,-1,5,4,1,547,779,378
458,0,102,1,932,931,0,5,1,365,364,0.0,0.00017018959120460194,1,542,541,4,-1,5,4,0,603,751,251
459,32,32,770,770,0,40,40,822,822,0,0.0006467204465774873,0.0006467204465774873,757,757,0,-1,3,3,4,3,453,610,367
460,0,0,1,1,0,0,0,1,1,0,0.0,0.0,1,1,0,-1,-1,-1,4,1,917,949,445
461,0,0,1,1,0,0,0,1,1,0,0.0,0.0,1,1,0,-1,-1,-1,2,0,964,522,571
462,8,109,671,976,305,8,8,692,692,0,0.0002723033459273631,0.0004765308553728854,641,729,88,5,4,4,2,2,978,770,80
463,16,117,558,909,351,84,84,809,809,0,0.0007488342013002485,0.0007488342013002485,770,770,0,5,3,3,9,2,803,160,717
464,0,102,1,943,942,0,3,1,371,370,0.0,0.00010211375472276115,1,486,485,4,-1,5,2,0,761,974,602
465,6,107,525,960,435,4,4,446,446,0,0.00017018959120460194,0.00017018959120460194,556,556,0,6,5,5,2,3,666,214,663
466,6,6,438,438,0,18,18,514,514,0,3.4037918240920386e-05,3.4037918240920386e-05,401,401,0,-1,4,4,5,1,311,110,740
467,0,101,1,967,966,0,2,1,329,328,0.0,6.807583648184077e-05,1,440,439,5,-1,6,2,0,933,919,458
468,144,245,904,951,47,246,246,881,881,0,0.001599782157323258,0.001599782157323258,862,862,0,5,2,2,22,17,18,269,972
469,24,230,715,969,254,42,42,752,752,0,0.0006467204465774873,0.0006807583648184077,746,752,6,3,3,3,6,5,582,589,623
470,0,102,1,960,959,0,4,1,452,451,0.0,0.0007488342013002485,1,778,777,4,-1,5,2,0,847,922,53
471,1,103,332,929,597,4,5,332,363,31,0.0,0.0002042275094455223,1,563,562,4,7,5,4,1,660,621,323
472,0,0,1,1,0,0,0,1,1,0,0.0,0.0,1,1,0,-1,-1,-1,16,0,59,883,455
473,48,254,869,989,120,22,22,868,868,0,0.0014295925661186562,0.004322815616596889,865,951,86,3,3,3,2,15,806,62,50
474,0,206,1,967,966,0,11,1,442,441,0.0,0.0002723033459273631,1,607,606,3,-1,4,5,0,519,900,418
475,6,212,417,963,546,20,26,441,496,55,6.807583648184077e-05,0.0006807583648184077,450,746,296,3,4,4,9,1,190,531,207
476,0,102,1,958,957,0,4,1,441,440,0.0,0.0002042275094455223,1,563,562,4,-1,5,2,1,982,513,318
477,0,0,1,1,0,0,0,1,1,0,0.0,0.0,1,1,0,-1,-1,-1,7,0,305,888,951
478,67,168,868,959,91,46,46,786,786,0,0.0013615167296368155,0.0013615167296368155,841,841,0,6,3,3,6,15,664,206,547
479,90,192,908,969,61,50,50,858,858,0,0.0014636304843595766,0.001497668402600497,853,857,4,4,3,3,5,24,795,129,661
480,0,206,1,967,966,0,12,1,448,447,0.0,0.0004765308553728854,1,701,700,3,-1,4,5,0,519,808,413
481,35,241,746,968,222,52,52,722,722,0,0.00030634126416828345,0.000442492937131965,636,691,55,3,3,3,8,5,468,510,486
482,1,102,331,959,628,3,3,331,331,0,3.4037918240920386e-05,3.4037918240920386e-05,399,399,0,5,7,6,3,3,915,181,566
483,29,131,774,945,171,28,28,755,755,0,0.00037441710065012424,0.0004765308553728854,661,698,37,4,3,3,3,8,577,90,567
484,6,108,409,900,491,24,24,495,495,0,0.00010211375472276115,0.0005105687736138058,473,699,226,4,4,4,8,2,595,492,204
485,18,18,613,613,0,32,32,515,515,0,0.0002382654276864427,0.0002382654276864427,594,594,0,-1,3,3,9,3,202,496,880
486,2,208,349,962,613,13,22,381,467,86,0.00013615167296368154,0.00030634126416828345,521,622,101,3,5,4,9,1,177,537,827
487,40,40,806,806,0,44,44,857,857,0,0.0005786446100956465,0.0005786446100956465,735,735,0,-1,3,3,4,6,545,381,730
488,15,221,693,979,286,14,14,638,638,0,0.0005105687736138058,0.002484768031587188,719,912,193,3,4,4,3,4,840,365,104
489,0,102,1,907,906,0,8,1,400,399,0.0,0.00017018959120460194,1,531,530,4,-1,5,4,0,540,713,286
490,148,354,911,976,65,194,194,841,841,0,0.0024166921951053475,0.0024166921951053475,903,903,0,3,3,3,19,18,89,54,607
491,18,120,648,927,279,44,44,828,828,0,0.001157289220191293,0.001157289220191293,829,829,0,4,3,3,4,3,354,559,361
492,0,102,1,916,915,0,5,1,362,361,0.0,0.0,1,1,0,4,-1,5,4,0,921,819,599
493,0,102,1,905,904,0,9,1,380,379,0.0,0.00030634126416828345,1,620,619,4,-1,5,6,1,556,428,149
494,0,616,1,995,994,0,34,1,571,570,0.0,0.0030974505599237552,1,922,921,2,-1,3,8,0,443,973,191
495,0,0,1,1,0,0,0,1,1,0,0.0,0.0,1,1,0,-1,-1,-1,2,0,788,564,977
496,6,108,417,904,487,32,32,531,531,0,0.0002723033459273631,0.0004765308553728854,619,697,78,4,4,4,8,2,420,215,447
497,8,214,571,977,406,14,14,594,594,0,0.0002042275094455223,0.0012253650566731338,575,843,268,3,4,4,3,2,708,465,82
498,92,92,867,867,0,88,88,845,845,0,0.0017018959120460194,0.0017018959120460194,863,863,0,-1,3,3,8,14,411,84,446
499,38,244,757,969,212,48,52,640,676,36,0.0007828721195411688,0.003812246842983083,755,938,183,3,3,3,9,7,166,396,56
500,6,6,384,384,0,54,54,515,515,0,3.4037918240920386e-05,3.4037918240920386e-05,403,403,0,-1,4,4,16,1,134,416,943
501,0,616,1,992,991,0,40,1,562,561,0.0,0.0013615167296368155,1,839,838,2,-1,3,9,0,208,713,335
502,44,44,808,808,0,28,28,683,683,0,0.0011913271384322134,0.0011913271384322134,834,834,0,-1,3,3,3,9,731,130,462
503,0,206,1,945,944,0,30,1,414,413,0.0,0.00037441710065012424,1,651,650,3,-1,4,14,0,332,880,246
504,37,243,754,966,212,54,54,685,685,0,0.0007147962830593281,0.0016338200755641784,765,864,99,3,3,3,8,7,260,396,138
505,21,227,669,965,296,35,35,592,592,0,0.0006467204465774873,0.001599782157323258,745,864,119,3,4,4,8,7,158,170,393
506,0,206,1,974,973,0,10,1,472,471,0.0,0.00030634126416828345,1,633,632,3,-1,4,3,0,626,833,458
507,258,360,985,991,6,56,56,984,984,0,0.01157289220191293,0.01157289220191293,987,987,0,4,2,2,2,54,970,19,682
508,0,0,1,1,0,0,0,1,1,0,0.0,0.0,1,1,0,-1,-1,-1,12,0,292,943,698
509,52,154,787,929,142,90,90,758,758,0,0.0005105687736138058,0.0005786446100956465,708,724,16,4,3,3,10,9,285,343,508
510,0,0,1,1,0,0,0,1,1,0,0.0,0.0,1,1,0,-1,-1,-1,4,1,827,513,980
511,16,222,615,971,356,38,38,822,822,0,0.0006126825283365669,0.0010211375472276116,739,816,77,3,3,3,3,1,892,474,194
512,0,102,1,937,936,0,4,1,404,403,0.0,3.4037918240920386e-05,1,406,405,4,-1,5,2,1,907,539,617
513,8,110,537,933,396,20,20,548,548,0,6.807583648184077e-05,0.0005446066918547262,448,728,280,4,4,4,6,2,486,491,29
514,2,208,357,965,608,9,18,404,508,104,0.0,0.0007147962830593281,1,760,759,3,5,4,5,1,396,879,185
515,0,206,1,970,969,0,13,1,455,454,0.0,0.0005446066918547262,1,728,727,3,-1,4,6,0,657,889,613
516,0,0,1,1,0,0,0,1,1,0,0.0,0.0,1,1,0,-1,-1,-1,5,0,294,839,554
517,40,246,689,959,270,158,158,727,727,0,0.0006126825283365669,0.0009870996289866913,724,792,68,3,3,3,22,4,33,86,278
518,0,206,1,948,947,0,31,1,457,456,0.0,0.0005105687736138058,1,705,704,3,-1,4,12,0,183,824,382
519,91,297,961,994,33,22,22,905,905,0,0.002484768031587188,0.0051397256543789785,914,959,45,3,3,3,2,34,898,89,25
520,0,102,1,923,922,0,6,1,413,412,0.0,0.0006126825283365669,1,747,746,4,-1,5,3,0,620,988,559
521,609,711,992,995,3,352,352,997,997,0,0.012151536812008578,0.012151536812008578,987,987,0,4,2,2,16,54,53,19,885
522,20,226,688,975,287,16,24,550,688,138,0.00017018959120460194,0.0018380475850097008,542,879,337,3,4,4,4,9,562,341,73
523,2,2,360,360,0,11,11,390,390,0,0.0,0.0,1,1,0,-1,5,5,7,1,658,530,798
524,2,2,360,360,0,6,6,362,362,0,0.0,0.0,1,1,0,-1,5,5,5,1,908,853,833
525,9,111,522,902,380,48,48,599,599,0,0.0002042275094455223,0.0002723033459273631,570,612,42,4,4,4,10,5,211,395,492
526,0,206,1,940,939,0,51,1,479,478,0.0,0.0009530617107457708,1,796,795,3,-1,4,16,1,27,792,264
527,2,2,396,396,0,4,4,467,467,0,0.00030634126416828345,0.00030634126416828345,643,643,0,-1,5,5,2,2,807,670,747
528,20,122,747,950,203,18,18,802,802,0,0.0006807583648184077,0.0007828721195411688,758,780,22,4,3,3,2,4,776,637,383
529,0,102,1,931,930,0,6,1,424,423,0.0,0.00176997174852786,1,882,881,4,-1,5,3,0,670,445,35
530,149,149,941,941,0,44,44,818,818,0,0.0027911092957554717,0.0027911092957554717,916,916,0,-1,3,3,4,30,516,65,962
531,43,145,767,916,149,80,80,677,677,0,0.0006807583648184077,0.00088498587426393,742,782,40,4,3,3,13,9,242,294,220
532,0,102,1,899,898,0,9,1,391,390,0.0,0.0002382654276864427,1,578,577,4,-1,5,5,0,546,937,584
533,12,12,499,499,0,47,47,460,460,0,6.807583648184077e-05,6.807583648184077e-05,447,447,0,-1,4,4,17,3,112,585,349
534,0,102,1,926,925,0,7,1,391,390,0.0,0.0002042275094455223,1,575,574,4,-1,5,5,0,376,786,704
535,100,100,890,890,0,100,100,938,938,0,0.01855066544130161,0.02018448551686579,992,994,2,3,1,1,8,5,440,636,104
536,6,108,475,942,467,18,18,693,693,0,0.0007147962830593281,0.0009190237925048504,768,791,23,4,4,4,3,2,564,482,167
537,0,616,1,998,997,0,20,1,741,740,0.0,0.003948398515946765,1,948,947,2,-1,3,3,1,882,852,41
538,6,108,423,913,490,20,20,500,500,0,6.807583648184077e-05,0.00034037918240920387,439,644,205,4,4,4,6,1,341,452,365
539,0,0,1,1,0,0,0,1,1,0,0.0,0.0,1,1,0,-1,-1,-1,3,1,731,660,583
540,0,102,1,912,911,0,6,1,392,391,0.0,0.00010211375472276115,1,479,478,4,-1,5,3,0,613,847,682
541,0,0,1,1,0,0,0,1,1,0,0.0,0.0,1,1,0,-1,-1,-1,6,3,446,882,489
542,4,620,457,998,541,6,28,442,810,368,0.00010211375472276115,0.0033016780693692774,487,937,450,2,5,3,3,4,800,346,87
543,0,0,1,1,0,0,0,1,1,0,0.0,0.0,1,1,0,-1,-1,-1,4,1,619,962,954
544,9,110,574,937,363,14,14,512,512,0,0.0002723033459273631,0.0004084550188910446,613,664,51,5,4,4,5,3,727,93,496
545,61,162,865,957,92,64,64,953,953,0,0.0026549576227917903,0.002723033459273631,909,914,5,5,2,2,4,5,767,393,627
546,0,616,1,991,990,0,60,1,699,698,0.0,0.0053099152455835805,1,963,962,2,-1,3,8,0,370,778,12
547,0,206,1,971,970,0,9,1,476,475,0.0,0.00034037918240920387,1,651,650,3,-1,4,3,1,831,830,86
548,6,6,436,436,0,11,11,445,445,0,0.0,0.0,1,1,0,-1,4,4,4,1,717,879,830
549,37,37,797,797,0,40,40,777,777,0,0.0008509479560230097,0.0008509479560230097,782,782,0,-1,3,3,5,9,688,293,903
550,17,17,701,701,0,12,12,608,608,0,0.0005105687736138058,0.0005105687736138058,712,712,0,-1,4,4,2,6,924,467,729
551,116,322,908,977,69,90,90,818,818,0,0.0018720855032506212,0.002314578440382586,867,894,27,3,3,3,10,16,211,78,299
552,39,245,750,971,221,68,68,765,765,0,0.0007488342013002485,0.0015657442390823377,762,852,90,3,3,3,8,4,218,267,355
553,0,102,1,911,910,0,10,1,393,392,0.0,0.0002723033459273631,1,617,616,4,-1,5,6,0,266,716,622
554,18,119,598,900,302,66,66,624,624,0,0.0002382654276864427,0.0002723033459273631,598,620,22,5,3,3,12,4,222,270,743
555,0,206,1,978,977,0,8,1,507,506,0.0,0.0002723033459273631,1,630,629,3,-1,4,2,0,776,632,280
556,6,6,479,479,0,4,4,397,397,0,0.00017018959120460194,0.00017018959120460194,563,563,0,-1,5,5,2,4,886,443,641
557,0,0,1,1,0,0,0,1,1,0,0.0,0.0,1,1,0,-1,-1,-1,3,0,672,845,957
558,0,0,1,1,0,0,0,1,1,0,0.0,0.0,1,1,0,-1,-1,-1,3,0,845,716,796
559,0,206,1,964,963,0,13,1,439,438,0.0,0.0005446066918547262,1,727,726,3,-1,4,5,2,537,709,375
560,0,0,1,1,0,0,0,1,1,0,0.0,0.0,1,1,0,-1,-1,-1,3,0,768,533,660
561,11,113,587,930,343,14,14,548,548,0,0.00034037918240920387,0.0004084550188910446,653,679,26,4,4,4,3,6,743,459,384
562,6,6,420,420,0,19,19,441,441,0,0.0,0.0,1,1,0,-1,4,4,8,1,365,416,786
563,2,104,381,961,580,3,3,384,384,0,0.0,0.0002042275094455223,1,582,581,4,5,5,2,1,799,506,315
564,2,208,352,948,596,26,44,385,450,65,0.0,0.00017018959120460194,1,534,533,3,5,4,16,1,59,743,346
565,6,622,399,990,591,23,90,418,782,364,6.807583648184077e-05,0.006977773239388679,440,970,530,2,4,3,10,2,82,690,30
566,8,8,558,558,0,7,7,490,490,0,0.00010211375472276115,0.00010211375472276115,488,488,0,-1,4,4,2,2,993,22,777
567,0,101,1,907,906,0,4,1,330,329,0.0,0.0,1,1,0,6,-1,7,4,0,540,457,344
568,29,131,738,937,199,40,40,757,757,0,0.00088498587426393,0.0010211375472276116,789,811,22,4,3,3,5,4,605,125,541
569,10,216,572,967,395,14,14,484,484,0,3.4037918240920386e-05,0.0012253650566731338,400,839,439,3,4,4,5,4,412,332,183
570,6,6,435,435,0,12,12,459,459,0,0.0,0.0,1,1,0,-1,4,4,4,1,623,661,939
571,361,2001,975,1000,25,376,400,970,981,11,0.005377991082065421,0.010721944245889922,952,985,33,1,2,2,23,37,4,74,71
572,2,104,369,934,565,6,6,424,424,0,0.00010211375472276115,0.00010211375472276115,485,485,0,4,5,5,3,1,615,555,495
573,1,207,333,984,651,2,12,333,720,387,3.4037918240920386e-05,0.007590455767725246,414,974,560,3,6,4,2,1,666,592,10
574,6,212,413,964,551,38,38,606,606,0,0.0005446066918547262,0.0007828721195411688,714,768,54,3,4,4,7,1,193,439,150
575,0,0,1,1,0,0,0,1,1,0,0.0,0.0,1,1,0,-1,-1,-1,12,0,58,937,740
576,2,2,355,355,0,15,15,402,402,0,6.807583648184077e-05,6.807583648184077e-05,441,441,0,-1,5,5,9,1,388,899,925
577,0,102,1,959,958,0,4,1,431,430,0.0,0.00030634126416828345,1,651,650,4,-1,5,2,0,996,925,343
578,0,102,1,921,920,0,6,1,384,383,0.0,6.807583648184077e-05,1,452,451,4,-1,5,4,0,659,937,634
579,126,227,944,976,32,102,102,995,995,0,0.005820484019197386,0.005820484019197386,969,969,0,8,2,2,4,12,475,104,765
580,30,236,760,976,216,36,36,712,712,0,0.0011913271384322134,0.002212464685659825,820,887,67,3,4,4,6,7,664,218,393
581,23,23,625,625,0,118,118,687,687,0,0.0004084550188910446,0.0004084550188910446,668,668,0,-1,3,3,18,4,69,287,643
582,62,62,841,841,0,56,56,802,802,0,0.0010211375472276116,0.0010211375472276116,801,801,0,-1,3,3,6,7,419,169,917
583,39,140,794,935,141,34,34,731,731,0,0.0007488342013002485,0.0007488342013002485,770,770,0,5,3,3,4,9,759,198,244
584,7,7,454,454,0,48,48,477,477,0,0.00010211375472276115,0.00010211375472276115,480,480,0,-1,4,4,16,3,27,373,758
585,1,1,332,332,0,5,5,332,332,0,0.0,0.0,1,1,0,-1,9,9,5,1,456,647,909
586,0,0,1,1,0,0,0,1,1,0,0.0,0.0,1,1,0,-1,-1,-1,4,0,632,967,872
587,0,0,1,1,0,0,0,1,1,0,0.0,0.0,1,1,0,-1,-1,-1,2,0,904,919,961
588,0,0,1,1,0,0,0,1,1,0,0.0,0.0,1,1,0,-1,-1,-1,13,0,228,993,745
589,1,617,332,997,665,4,26,332,712,380,0.0,0.002825147213996392,1,921,920,2,6,3,4,1,969,469,43
590,0,101,1,944,943,0,3,1,331,330,0.0,0.0,1,1,0,5,-1,6,3,0,867,992,598
591,0,206,1,964,963,0,22,1,488,487,0.0,0.0004765308553728854,1,690,689,3,-1,4,8,0,323,894,610
592,6,108,434,908,474,18,18,456,456,0,3.4037918240920386e-05,3.4037918240920386e-05,407,407,0,4,4,4,7,1,658,481,904
593,2,2,354,354,0,17,17,365,365,0,0.0,0.0,1,1,0,-1,5,5,14,1,21,402,522
594,21,227,686,972,286,30,30,676,676,0,0.0002382654276864427,0.00030634126416828345,595,631,36,3,4,4,5,7,326,176,652
595,3,209,438,976,538,3,7,368,480,112,0.0,0.0007828721195411688,1,775,774,3,5,4,2,5,609,401,294
596,33,33,657,657,0,144,144,725,725,0,0.00017018959120460194,0.00017018959120460194,542,542,0,-1,3,3,19,4,35,339,887
597,305,305,984,984,0,54,54,927,927,0,0.008577555396711936,0.008577555396711936,977,977,0,-1,3,3,4,54,635,19,977
598,0,102,1,913,912,0,3,1,363,362,0.0,0.0002382654276864427,1,591,590,4,-1,5,2,0,905,808,653
599,18,120,626,911,285,44,44,657,657,0,0.00034037918240920387,0.000442492937131965,637,681,44,4,4,4,8,3,325,318,309
600,6,212,442,966,524,12,22,452,571,119,0.0,0.004186663943633207,1,943,942,3,4,4,5,1,691,601,12
601,18,224,561,945,384,66,80,474,515,41,0.00017018959120460194,0.0007828721195411688,525,741,216,3,4,4,22,3,55,353,294
602,16,632,489,988,499,174,188,751,789,38,0.0005105687736138058,0.003812246842983083,691,935,244,2,3,3,23,2,43,482,51
603,6,212,399,956,557,32,36,483,504,21,0.00013615167296368154,0.0005786446100956465,507,720,213,3,4,4,10,1,82,416,336
604,0,102,1,905,904,0,12,1,395,394,0.0,0.00013615167296368154,1,510,509,4,-1,5,7,0,637,808,260
605,0,101,1,937,936,0,2,1,332,331,0.0,0.0,1,1,0,6,-1,7,2,1,734,948,357
606,66,66,811,811,0,156,156,829,829,0,0.0006807583648184077,0.0006807583648184077,739,739,0,-1,3,3,16,8,27,132,902
607,0,0,1,1,0,0,0,1,1,0,0.0,0.0,1,1,0,-1,-1,-1,4,1,682,573,886
608,0,102,1,927,926,0,10,1,455,454,0.0,0.0006126825283365669,1,744,743,4,-1,5,5,0,744,445,155
609,2,208,372,980,608,4,8,407,485,78,3.4037918240920386e-05,0.0004084550188910446,399,697,298,3,5,4,2,3,943,321,293
610,0,0,1,1,0,0,0,1,1,0,0.0,0.0,1,1,0,-1,-1,-1,22,0,33,877,701
611,1,1,332,332,0,2,2,332,332,0,0.0,0.0,1,1,0,-1,8,8,2,1,926,972,974
612,1,1,331,331,0,2,2,331,331,0,0.0,0.0,1,1,0,-1,8,8,2,1,941,972,835
613,50,152,863,969,106,42,42,971,971,0,0.0029612988869600733,0.0035059055788147996,935,945,10,4,2,2,2,6,609,234,396
614,6,6,412,412,0,26,26,511,511,0,0.00010211375472276115,0.00010211375472276115,475,475,0,-1,4,4,7,2,209,492,614
615,2,208,377,976,599,3,8,379,511,132,0.0,0.001599782157323258,1,876,875,3,5,4,2,2,948,292,180
616,6,212,420,965,545,40,40,611,611,0,0.0004084550188910446,0.0005446066918547262,679,714,35,3,4,4,8,1,137,741,152
617,0,206,1,948,947,0,58,1,520,519,0.0,0.0005446066918547262,1,716,715,3,-1,4,15,0,68,732,480
618,34,240,774,975,201,42,42,742,742,0,0.0005786446100956465,0.0008169100377820892,733,772,39,3,3,3,6,4,465,40,230
619,0,206,1,971,970,0,14,1,541,540,0.0,0.002212464685659825,1,899,898,3,-1,4,3,0,780,657,56
620,98,200,914,972,58,44,44,854,854,0,0.0024166921951053475,0.0026549576227917903,906,912,6,4,3,3,4,22,384,128,101
621,19,19,678,678,0,22,22,625,625,0,0.0002723033459273631,0.0002723033459273631,618,618,0,-1,3,3,4,3,532,458,949
622,17,119,660,939,279,24,24,712,712,0,0.0008169100377820892,0.0015317063208414173,786,853,67,4,4,4,4,6,511,114,195
623,18,18,599,599,0,92,92,717,717,0,0.00037441710065012424,0.00037441710065012424,653,653,0,-1,3,3,14,2,84,323,945
624,1,1,332,332,0,4,4,332,332,0,3.4037918240920386e-05,3.4037918240920386e-05,398,398,0,-1,6,6,4,1,611,603,787
625,6,6,414,414,0,17,17,435,435,0,0.00013615167296368154,0.00013615167296368154,518,518,0,-1,4,4,7,1,156,360,571
626,34,240,754,969,215,52,52,760,760,0,0.0007828721195411688,0.0020082371762143027,768,879,111,3,3,3,7,8,141,264,144
627,2,2,379,379,0,4,4,440,440,0,3.4037918240920386e-05,3.4037918240920386e-05,409,409,0,-1,5,5,2,1,991,552,564
628,2,103,362,920,558,8,8,405,405,0,3.4037918240920386e-05,6.807583648184077e-05,408,452,44,5,5,5,4,1,641,618,575
629,32,32,664,664,0,132,132,724,724,0,0.0007488342013002485,0.0007488342013002485,739,739,0,-1,3,3,20,6,70,295,884
630,0,102,1,922,921,0,6,1,397,396,0.0,0.00017018959120460194,1,551,550,4,-1,5,3,0,834,359,40
631,6,107,454,924,470,14,14,455,455,0,0.0002723033459273631,0.00030634126416828345,612,631,19,5,5,5,7,4,697,315,764
632,16,632,627,997,370,32,32,713,713,0,0.00013615167296368154,0.0014295925661186562,520,856,336,2,3,3,5,1,691,711,482
633,28,28,675,675,0,86,86,693,693,0,0.0004765308553728854,0.0004765308553728854,682,682,0,-1,3,3,13,4,160,288,926
634,0,0,1,1,0,0,0,1,1,0,0.0,0.0,1,1,0,-1,-1,-1,9,0,100,794,205
635,0,102,1,906,905,0,5,1,355,354,0.0,0.0,1,1,0,4,-1,5,4,1,671,948,342
636,0,102,1,907,906,0,8,1,359,358,0.0,0.00010211375472276115,1,484,483,4,-1,5,7,0,336,732,646
637,0,102,1,926,925,0,9,1,402,401,0.0,0.00030634126416828345,1,635,634,4,-1,5,6,0,486,423,212
638,0,206,1,945,944,0,51,1,453,452,0.0,0.00037441710065012424,1,651,650,3,-1,4,18,0,64,910,294
639,20,122,666,929,263,28,28,598,598,0,0.00030634126416828345,0.00037441710065012424,630,666,36,4,4,4,6,5,606,252,347
640,56,56,789,789,0,78,78,614,614,0,0.0006126825283365669,0.0006126825283365669,726,726,0,-1,2,2,14,5,154,314,998
641,0,0,1,1,0,0,0,1,1,0,0.0,0.0,1,1,0,-1,-1,-1,2,0,775,713,604
642,2,103,353,901,548,7,7,363,363,0,3.4037918240920386e-05,3.4037918240920386e-05,399,399,0,6,5,5,5,2,349,721,656
643,8,8,657,657,0,8,8,687,687,0,0.0008169100377820892,0.0008169100377820892,795,795,0,-1,4,4,2,3,944,390,941
644,210,311,979,989,10,38,38,930,930,0,0.005888559855679227,0.005888559855679227,962,962,0,5,3,3,3,55,916,21,594
645,10,10,578,578,0,24,24,682,682,0,0.00017018959120460194,0.00017018959120460194,529,529,0,-1,4,4,4,3,458,222,841
646,27,27,724,724,0,22,22,576,576,0,0.0005105687736138058,0.0005105687736138058,705,705,0,-1,4,4,5,8,667,386,777
647,102,102,935,935,0,38,38,881,881,0,0.003369753905851118,0.003369753905851118,930,930,0,-1,3,3,3,20,579,38,859
648,2,103,365,934,569,6,6,367,367,0,0.0,3.4037918240920386e-05,1,396,395,5,5,5,5,1,695,781,627
649,32,134,783,949,166,18,18,731,731,0,0.0002042275094455223,0.0004084550188910446,564,678,114,4,3,3,2,5,990,182,208
650,2,618,353,988,635,27,100,400,702,302,0.0,0.004493005207801491,1,949,948,2,5,3,15,1,102,463,16
651,195,401,969,989,20,112,112,996,996,0,0.009530617107457708,0.00970080669866231,982,982,0,3,2,2,4,26,741,108,107
652,173,173,941,941,0,146,146,920,920,0,0.0024166921951053475,0.0024166921951053475,894,894,0,-1,2,2,12,22,375,203,824
653,0,102,1,927,926,0,7,1,409,408,0.0,6.807583648184077e-05,1,459,458,4,-1,5,4,0,648,205,617
654,70,276,905,987,82,12,12,645,645,0,0.0020763130126961434,0.004152626025392287,899,949,50,3,4,4,2,25,999,47,15
655,22,22,701,701,0,26,26,721,721,0,0.0002382654276864427,0.0002382654276864427,593,593,0,-1,3,3,4,4,280,149,620
656,12,114,577,918,341,20,20,563,563,0,0.0002042275094455223,0.0006126825283365669,562,737,175,4,4,4,4,4,759,346,103
657,0,206,1,963,962,0,24,1,513,512,0.0,6.807583648184077e-05,1,438,437,3,-1,4,7,1,359,568,101
658,0,0,1,1,0,0,0,1,1,0,0.0,0.0,1,1,0,-1,-1,-1,6,0,352,843,803
659,37,139,834,960,126,22,22,787,787,0,0.0007147962830593281,0.0007828721195411688,784,797,13,4,3,3,2,11,804,249,829
660,8,214,466,944,478,33,71,388,508,120,3.4037918240920386e-05,0.0006467204465774873,384,716,332,3,4,4,20,2,70,694,390
661,8,110,537,925,388,12,12,480,480,0,0.0002723033459273631,0.0016678579938050988,616,866,250,4,4,4,4,2,280,524,261
662,0,102,1,880,879,0,18,1,377,376,0.0,0.00010211375472276115,1,484,483,4,-1,5,12,0,175,871,724
663,0,101,1,911,910,0,4,1,330,329,0.0,0.0,1,1,0,6,-1,7,4,0,632,629,656
664,7,7,565,565,0,14,14,623,623,0,0.0002042275094455223,0.0002042275094455223,575,575,0,-1,4,4,3,2,600,599,587
665,6,622,369,990,621,28,76,358,485,127,0.00010211375472276115,0.0006467204465774873,464,730,266,2,4,3,23,2,4,448,194
666,6,6,384,384,0,29,29,397,397,0,3.4037918240920386e-05,3.4037918240920386e-05,403,403,0,-1,4,4,16,1,134,337,844
667,14,220,624,977,353,12,12,567,567,0,0.0005446066918547262,0.002382654276864427,726,914,188,3,4,4,2,5,846,589,98
668,16,118,604,918,314,40,40,798,798,0,0.0005446066918547262,0.0006807583648184077,713,759,46,4,3,3,4,1,385,759,450
669,90,90,878,878,0,94,94,886,886,0,0.00353994349705572,0.00353994349705572,932,932,0,-1,2,2,9,13,168,340,800
670,6,6,400,400,0,24,24,451,451,0,0.0,0.0,1,1,0,-1,4,4,9,1,306,878,696
671,0,101,1,877,876,0,14,1,332,331,0.0,0.0,1,1,0,5,-1,6,14,0,198,649,924
672,12,114,639,948,309,16,16,589,589,0,0.0005105687736138058,0.0005786446100956465,717,732,15,4,4,4,4,6,789,467,425
673,1,1,333,333,0,4,4,333,333,0,0.0,0.0,1,1,0,-1,6,6,4,2,671,739,600
674,9,111,627,963,336,8,8,572,572,0,0.00034037918240920387,0.0005105687736138058,663,722,59,4,4,4,2,5,799,619,270
675,11,11,642,642,0,8,8,520,520,0,0.00017018959120460194,0.00017018959120460194,558,558,0,-1,4,4,2,6,947,279,889
676,0,101,1,939,938,0,2,1,331,330,0.0,0.00030634126416828345,1,645,644,5,-1,6,2,0,938,868,622
677,6,108,467,936,469,13,13,502,502,0,3.4037918240920386e-05,0.00010211375472276115,397,482,85,4,4,4,5,1,695,837,435
678,0,0,1,1,0,0,0,1,1,0,0.0,0.0,1,1,0,-1,-1,-1,7,1,698,554,725
679,0,0,1,1,0,0,0,1,1,0,0.0,0.0,1,1,0,-1,-1,-1,23,0,4,502,742
680,16,118,693,958,265,14,14,625,625,0,0.0005105687736138058,0.0006807583648184077,712,770,58,4,4,4,3,4,654,333,465
681,52,258,877,986,109,18,18,729,729,0,0.0013955546478777359,0.0018040096667687805,851,879,28,3,4,4,3,21,576,157,305
682,16,118,621,930,309,18,18,624,624,0,0.0006126825283365669,0.0006467204465774873,743,748,5,4,4,4,3,9,703,29,599
683,24,230,622,958,336,98,102,637,672,35,0.00037441710065012424,0.00088498587426393,651,778,127,3,3,3,17,4,23,230,204
684,0,0,1,1,0,0,0,1,1,0,0.0,0.0,1,1,0,-1,-1,-1,5,0,677,726,982
685,90,90,923,923,0,48,48,950,950,0,0.0024166921951053475,0.0024166921951053475,902,902,0,-1,3,3,3,18,628,54,574
686,1,103,333,911,578,6,10,333,393,60,0.0,0.00037441710065012424,1,672,671,4,6,5,6,1,295,861,524
687,0,206,1,970,969,0,26,1,585,584,0.0,0.0028932230504782326,1,920,919,3,-1,4,5,0,247,933,14
688,58,264,774,955,181,114,114,683,683,0,0.0007488342013002485,0.0009190237925048504,750,778,28,3,3,3,18,8,69,204,282
689,0,102,1,880,879,0,21,1,377,376,0.0,0.0002042275094455223,1,562,561,4,-1,5,15,0,138,847,121
690,2,104,357,897,540,9,16,358,412,54,0.0,0.00013615167296368154,1,525,524,4,5,5,8,1,186,763,770
691,0,206,1,957,956,0,24,1,475,474,0.0,0.00030634126416828345,1,634,633,3,-1,4,8,0,142,968,376
692,80,182,835,933,98,172,172,866,866,0,0.0019061234214915416,0.0020082371762143027,879,886,7,4,3,3,16,9,59,277,646
693,6,212,403,960,557,18,24,406,450,44,3.4037918240920386e-05,0.0005446066918547262,409,699,290,3,4,4,10,1,527,931,467
694,9,110,581,935,354,6,6,393,393,0,6.807583648184077e-05,6.807583648184077e-05,454,454,0,5,5,5,4,5,491,274,313
695,11,112,611,946,335,10,10,509,509,0,3.4037918240920386e-05,3.4037918240920386e-05,399,399,0,6,4,4,3,5,676,362,781
696,24,24,699,699,0,26,26,616,616,0,0.0005105687736138058,0.0005105687736138058,704,704,0,-1,4,4,5,6,605,461,994
697,57,57,844,844,0,42,42,728,728,0,0.0009530617107457708,0.0009530617107457708,794,794,0,-1,3,3,6,13,405,120,928
698,126,326,903,975,72,160,160,886,886,0,0.002382654276864427,0.004322815616596889,902,943,41,3,3,3,15,15,45,153,141
699,0,0,1,1,0,0,0,1,1,0,0.0,0.0,1,1,0,-1,-1,-1,7,0,342,794,574
700,0,101,1,933,932,0,4,1,332,331,0.0,0.0,1,1,0,5,-1,6,4,0,679,608,540
701,86,286,837,966,129,154,154,863,863,0,0.0017018959120460194,0.0017018959120460194,862,862,0,3,3,3,14,13,122,255,152
702,0,206,1,950,949,0,26,1,415,414,0.0,0.0005786446100956465,1,716,715,3,-1,4,12,0,62,876,159
703,9,111,592,942,350,10,10,513,513,0,6.807583648184077e-05,0.0009190237925048504,460,803,343,4,4,4,3,3,845,385,61
704,0,616,1,991,990,0,110,1,728,727,0.0,0.005820484019197386,1,961,960,2,-1,3,15,1,40,529,5
705,16,117,591,905,314,36,36,603,603,0,3.4037918240920386e-05,3.4037918240920386e-05,396,396,0,7,3,3,7,1,340,718,626
706,4,105,524,970,446,4,4,498,498,0,0.00013615167296368154,0.0004084550188910446,521,697,176,5,5,5,2,4,813,149,535
707,0,101,1,944,943,0,2,1,331,330,0.0,0.00010211375472276115,1,493,492,5,-1,6,2,0,548,760,791
708,72,72,824,824,0,134,134,811,811,0,0.0005786446100956465,0.0005786446100956465,713,713,0,-1,3,3,14,11,203,52,994
709,0,206,1,972,971,0,11,1,486,485,0.0,0.0005446066918547262,1,718,717,3,-1,4,4,1,706,685,386
710,0,206,1,941,940,0,31,1,403,402,0.0,0.0002042275094455223,1,560,559,3,-1,4,15,0,49,588,617
711,0,102,1,886,885,0,12,1,352,351,0.0,0.00010211375472276115,1,471,470,4,-1,5,11,0,230,826,621
712,0,101,1,883,882,0,9,1,332,331,0.0,3.4037918240920386e-05,1,401,400,5,-1,6,9,0,140,975,781
713,0,0,1,1,0,0,0,1,1,0,0.0,0.0,1,1,0,-1,-1,-1,2,0,988,696,356
714,2,208,364,977,613,3,8,366,501,135,0.0,0.0021784267674189047,1,899,898,3,5,4,2,1,739,623,26
715,6,108,457,930,473,16,16,491,491,0,3.4037918240920386e-05,0.00013615167296368154,403,521,118,4,4,4,6,2,661,544,196
716,2,618,361,998,637,10,46,401,791,390,0.00017018959120460194,0.007488342013002485,547,971,424,2,5,3,6,1,237,807,6
717,6,6,434,434,0,11,11,450,450,0,0.0,0.0,1,1,0,-1,4,4,4,3,949,578,965
718,234,234,968,968,0,152,152,975,975,0,0.004935498144933456,0.004935498144933456,959,959,0,-1,2,2,8,29,225,17,698
719,0,206,1,984,983,0,8,1,570,569,0.0,0.0017359338302869397,1,883,882,3,-1,4,2,0,950,938,104
720,0,206,1,954,953,0,34,1,501,500,0.0,0.0009530617107457708,1,793,792,3,-1,4,9,0,262,985,269
721,15,221,719,987,268,8,8,567,567,0,0.0004084550188910446,0.0009530617107457708,692,810,118,3,4,4,2,6,982,379,258
722,0,0,1,1,0,0,0,1,1,0,0.0,0.0,1,1,0,-1,-1,-1,4,0,969,820,564
723,176,278,909,955,46,372,372,891,891,0,0.002110350930937064,0.0022465026039007454,875,881,6,4,2,2,36,18,16,148,398
724,2,2,353,353,0,27,27,400,400,0,3.4037918240920386e-05,3.4037918240920386e-05,405,405,0,-1,5,5,15,1,102,555,660
725,28,234,631,954,323,100,100,574,574,0,0.00017018959120460194,0.0002723033459273631,524,595,71,3,3,3,21,3,13,248,196
726,72,72,804,804,0,228,228,865,865,0,0.0012253650566731338,0.0012253650566731338,816,816,0,-1,2,2,23,3,30,382,587
727,2,103,352,884,532,12,12,375,375,0,0.0,0.0,1,1,0,5,5,5,8,2,218,518,373
728,22,124,661,916,255,46,46,696,696,0,0.000442492937131965,0.0004765308553728854,686,692,6,4,3,3,6,4,432,312,481
729,34,240,726,967,241,48,48,678,678,0,0.00013615167296368154,0.0015657442390823377,520,848,328,3,3,3,7,4,591,259,171
730,0,206,1,970,969,0,22,1,576,575,0.0,0.001157289220191293,1,823,822,3,-1,4,5,0,644,917,89
731,6,212,462,973,511,16,16,580,580,0,0.0002723033459273631,0.001055175465468532,618,816,198,3,4,4,4,2,507,384,207
732,22,124,648,915,267,50,50,674,674,0,6.807583648184077e-05,0.0002723033459273631,443,608,165,4,3,3,8,3,334,300,617
733,165,267,955,976,21,38,38,851,851,0,0.0030293747234419145,0.0030634126416828346,926,927,1,4,3,3,3,30,930,65,607
734,0,206,1,967,966,0,14,1,468,467,0.0,0.000442492937131965,1,702,701,3,-1,4,5,0,677,872,90
735,50,151,864,965,101,12,12,610,610,0,0.0012253650566731338,0.0012253650566731338,844,844,0,6,4,4,2,15,948,53,603
736,2,104,373,932,559,4,4,404,404,0,0.0,0.0002382654276864427,1,592,591,4,5,5,2,2,934,518,439
737,18,224,656,971,315,18,18,595,595,0,0.0002042275094455223,0.0006807583648184077,579,756,177,3,4,4,3,6,892,247,612
738,16,16,550,550,0,39,39,458,458,0,3.4037918240920386e-05,3.4037918240920386e-05,407,407,0,-1,3,3,14,2,144,662,905
739,10,10,556,556,0,20,20,567,567,0,0.00017018959120460194,0.00017018959120460194,545,545,0,-1,4,4,4,7,614,451,633
740,405,405,977,977,0,538,538,976,976,0,0.004901460226692535,0.004901460226692535,947,947,0,-1,2,2,33,26,9,108,808
741,16,16,611,611,0,38,38,699,699,0,0.0002042275094455223,0.0002042275094455223,572,572,0,-1,3,3,6,1,267,655,794
742,44,146,884,976,92,12,12,720,720,0,0.0018720855032506212,0.0020763130126961434,892,901,9,4,4,4,2,22,968,128,162
743,0,206,1,975,974,0,14,1,591,590,0.0,0.004118588107151367,1,945,944,3,-1,4,3,0,845,881,16
744,14,220,564,964,400,38,38,599,599,0,0.0002042275094455223,0.00030634126416828345,574,634,60,3,4,4,7,5,678,688,392
745,0,0,1,1,0,0,0,1,1,0,0.0,0.0,1,1,0,-1,-1,-1,2,0,990,901,538
746,0,102,1,888,887,0,15,1,359,358,0.0,0.00017018959120460194,1,538,537,4,-1,5,13,0,242,669,238
747,1,1,333,333,0,24,24,333,333,0,0.0,0.0,1,1,0,-1,6,6,24,2,28,448,916
748,168,374,962,989,27,66,66,899,899,0,0.003982436434187685,0.004561081044283332,944,949,5,3,3,3,6,36,494,48,58
749,28,129,763,944,181,30,30,773,773,0,0.002586881786309949,0.002586881786309949,908,908,0,5,3,3,4,3,597,351,687
750,20,20,713,713,0,24,24,683,683,0,0.0011913271384322134,0.0011913271384322134,836,836,0,-1,4,4,4,8,633,264,852
751,34,650,709,993,284,76,86,675,723,48,0.00030634126416828345,0.0021784267674189047,619,884,265,2,3,3,12,4,348,164,89
752,36,138,821,958,137,34,34,837,837,0,0.0009530617107457708,0.002212464685659825,806,896,90,4,3,3,4,7,603,253,269
753,8,8,605,605,0,4,4,416,416,0,0.00037441710065012424,0.00037441710065012424,682,682,0,-1,5,5,2,5,913,636,768
754,14,115,572,914,342,34,34,588,588,0,0.0004084550188910446,0.0004084550188910446,674,674,0,5,4,4,7,4,324,622,618
755,82,82,881,881,0,40,40,826,826,0,0.0011232513019503727,0.0011232513019503727,832,832,0,-1,3,3,4,17,711,269,643
756,20,20,583,583,0,90,90,597,597,0,0.0002723033459273631,0.0002723033459273631,598,598,0,-1,3,3,18,6,111,406,883
757,1,207,331,977,646,3,10,331,528,197,0.0,0.0017018959120460194,1,875,874,3,6,4,3,2,871,374,81
758,18,18,716,716,0,32,32,946,946,0,0.0019741992579733825,0.0019741992579733825,894,894,0,-1,3,3,2,3,906,610,817
759,0,102,1,942,941,0,3,1,379,378,0.0,3.4037918240920386e-05,1,401,400,4,-1,5,2,0,937,894,711
760,206,822,947,995,48,186,186,944,944,0,0.003880322679464924,0.0053099152455835805,942,959,17,2,2,2,12,20,175,38,147
761,31,132,794,957,163,24,24,775,775,0,0.0007828721195411688,0.0008169100377820892,783,784,1,5,3,3,3,6,564,295,373
762,0,0,1,1,0,0,0,1,1,0,0.0,0.0,1,1,0,-1,-1,-1,2,0,920,668,903
763,6,6,426,426,0,13,13,445,445,0,6.807583648184077e-05,6.807583648184077e-05,445,445,0,-1,4,4,5,2,173,690,908
764,394,600,987,996,9,120,120,982,982,0,0.00966676878042139,0.010858095918853602,980,981,1,3,2,2,6,70,441,18,183
765,65,167,879,966,87,28,28,810,810,0,0.0009870996289866913,0.001157289220191293,809,832,23,4,3,3,3,12,712,99,223
766,3,209,452,977,525,6,10,449,531,82,0.00010211375472276115,0.0013955546478777359,489,854,365,3,5,4,3,3,854,631,84
767,0,101,1,899,898,0,8,1,332,331,0.0,0.0,1,1,0,5,-1,6,8,0,454,740,679
768,16,118,641,936,295,24,24,728,728,0,0.00030634126416828345,0.0005446066918547262,638,721,83,4,3,3,3,1,900,741,197
769,100,100,909,909,0,100,100,984,984,0,0.03015759556145546,0.03015759556145546,997,997,0,6,1,1,5,14,570,175,543
770,0,206,1,971,970,0,14,1,537,536,0.0,0.0011913271384322134,1,836,835,3,-1,4,3,0,621,824,84
771,0,101,1,911,910,0,5,1,328,327,0.0,0.00010211375472276115,1,477,476,5,-1,6,5,0,457,754,531
772,29,29,774,774,0,20,20,608,608,0,0.00037441710065012424,0.00037441710065012424,654,654,0,-1,4,4,4,13,458,256,330
773,1,1,333,333,0,9,9,333,333,0,0.0,0.0,1,1,0,-1,6,6,9,1,339,540,574
774,28,28,748,748,0,24,24,729,729,0,0.00088498587426393,0.00088498587426393,798,798,0,-1,3,3,3,4,620,288,806
775,162,368,967,991,24,38,38,895,895,0,0.003880322679464924,0.005616256509751864,942,965,23,3,3,3,3,44,862,27,141
776,54,54,835,835,0,94,94,924,924,0,0.001055175465468532,0.001055175465468532,815,815,0,-1,3,3,8,4,318,328,817
777,40,40,714,714,0,192,192,889,889,0,0.0007488342013002485,0.0007488342013002485,759,759,0,-1,3,3,17,6,56,490,980
778,52,153,764,915,151,90,90,622,622,0,0.00030634126416828345,0.00030634126416828345,632,632,0,5,3,3,16,11,53,316,708
779,151,357,962,991,29,34,34,822,822,0,0.004322815616596889,0.004356853534837809,952,952,0,3,3,3,4,48,581,56,152
780,9,111,620,956,336,12,12,664,664,0,0.00017018959120460194,0.000442492937131965,575,711,136,4,4,4,2,4,781,617,362
781,0,102,1,889,888,0,11,1,359,358,0.0,0.0,1,1,0,4,-1,5,9,1,287,830,449
782,1,1,333,333,0,24,24,333,333,0,0.0,0.0,1,1,0,-1,6,6,24,3,28,626,867
783,22,22,741,741,0,18,18,651,651,0,0.0005446066918547262,0.0005446066918547262,732,732,0,-1,4,4,3,10,699,266,910
784,6,108,391,879,488,60,60,509,509,0,3.4037918240920386e-05,6.807583648184077e-05,399,444,45,4,4,4,16,1,50,762,618
785,74,280,864,975,111,44,44,824,824,0,0.0019061234214915416,0.002484768031587188,878,904,26,3,3,3,4,13,300,335,175
786,9,215,557,965,408,15,24,421,502,81,3.4037918240920386e-05,0.0007147962830593281,408,759,351,3,5,4,8,6,318,279,412
787,8,8,510,510,0,14,14,502,502,0,3.4037918240920386e-05,3.4037918240920386e-05,398,398,0,-1,4,4,3,2,731,298,968
788,36,242,769,975,206,40,40,706,706,0,0.0006807583648184077,0.005207801490860819,762,963,201,3,3,3,5,5,408,283,12
789,8,8,493,493,0,20,20,429,429,0,0.00017018959120460194,0.00017018959120460194,538,538,0,-1,4,4,8,2,357,549,794
790,8,8,514,514,0,12,12,453,453,0,0.0002723033459273631,0.0002723033459273631,613,613,0,-1,4,4,4,3,759,761,643
791,27,129,767,953,186,28,28,781,781,0,0.0006467204465774873,0.0008169100377820892,757,784,27,4,3,3,3,8,831,417,741
792,3,104,495,974,479,2,2,331,331,0,0.00010211375472276115,0.00010211375472276115,490,490,0,6,6,6,2,3,978,596,537
793,0,0,1,1,0,0,0,1,1,0,0.0,0.0,1,1,0,-1,-1,-1,6,0,446,883,436
794,88,294,851,971,120,104,104,835,835,0,0.0013615167296368155,0.002144388849177984,831,903,72,3,3,3,9,17,101,269,299
795,0,102,1,876,875,0,18,1,348,347,0.0,0.0,1,1,0,4,-1,5,17,0,73,976,662
796,100,100,853,853,0,144,144,785,785,0,0.001055175465468532,0.001055175465468532,812,812,0,-1,3,3,18,12,86,67,982
797,6,108,458,934,476,14,14,505,505,0,6.807583648184077e-05,0.00010211375472276115,448,489,41,4,4,4,5,1,685,555,636
798,194,194,946,946,0,188,188,940,940,0,0.003812246842983083,0.003812246842983083,934,934,0,-1,2,2,14,19,47,133,859
799,6,108,435,918,483,12,12,442,442,0,0.00017018959120460194,0.00017018959120460194,546,546,0,4,4,4,4,3,870,466,406
800,0,206,1,970,969,0,12,1,478,477,0.0,0.0004084550188910446,1,675,674,3,-1,4,4,0,539,546,283
801,8,8,592,592,0,8,8,544,544,0,6.807583648184077e-05,6.807583648184077e-05,461,461,0,-1,4,4,2,2,781,425,917
802,28,234,741,971,230,18,18,586,586,0,0.0007147962830593281,0.0022465026039007454,761,898,137,3,4,4,3,8,490,90,65
803,0,206,1,944,943,0,42,1,401,400,0.0,0.00030634126416828345,1,611,610,3,-1,4,21,0,13,774,417
804,6,108,387,876,489,64,64,497,497,0,0.00013615167296368154,0.00017018959120460194,512,542,30,4,4,4,18,3,64,410,369
805,0,206,1,958,957,0,15,1,418,417,0.0,0.00013615167296368154,1,512,511,3,-1,4,7,0,193,423,528
806,0,102,1,908,907,0,4,1,359,358,0.0,3.4037918240920386e-05,1,399,398,4,-1,5,3,0,704,358,208
807,0,102,1,951,950,0,3,1,382,381,0.0,0.0008509479560230097,1,795,794,4,-1,5,2,0,821,423,642
808,34,136,685,901,216,96,96,718,718,0,0.0005105687736138058,0.0006807583648184077,699,731,32,4,3,3,14,5,181,252,263
809,51,153,872,970,98,12,12,640,640,0,0.0012934408931549745,0.001599782157323258,842,863,21,4,4,4,2,22,809,116,198
810,339,441,987,995,8,94,94,987,987,0,0.010279451308757957,0.010347527145239796,976,976,0,4,2,2,5,70,727,18,347
811,6,6,422,422,0,44,44,611,611,0,0.0002382654276864427,0.0002382654276864427,601,601,0,-1,4,4,8,1,225,474,804
812,0,102,1,879,878,0,14,1,366,365,0.0,0.00010211375472276115,1,480,479,4,-1,5,11,0,360,745,491
813,0,0,1,1,0,0,0,1,1,0,0.0,0.0,1,1,0,-1,-1,-1,3,1,798,513,901
814,6,212,398,952,554,40,48,452,484,32,3.4037918240920386e-05,0.0009190237925048504,395,785,390,3,4,4,16,2,60,342,113
815,1,207,333,954,621,11,42,333,514,181,0.0,0.0018040096667687805,1,877,876,3,7,4,11,2,150,448,72
816,0,206,1,970,969,0,8,1,445,444,0.0,0.00013615167296368154,1,519,518,3,-1,4,2,0,859,823,339
817,0,206,1,969,968,0,26,1,603,602,0.0,0.0021784267674189047,1,892,891,3,-1,4,5,0,528,952,26
818,4,4,472,472,0,3,3,381,381,0,6.807583648184077e-05,6.807583648184077e-05,456,456,0,-1,5,5,2,3,681,411,922
819,0,206,1,972,971,0,8,1,477,476,0.0,0.0011232513019503727,1,836,835,3,-1,4,2,0,931,919,53
820,38,140,761,934,173,100,100,831,831,0,0.00034037918240920387,0.0010892133837094523,647,806,159,4,3,3,10,3,293,318,284
821,30,236,773,976,203,42,42,769,769,0,0.00030634126416828345,0.0018040096667687805,639,880,241,3,3,3,6,6,657,381,78
822,0,0,1,1,0,0,0,1,1,0,0.0,0.0,1,1,0,-1,-1,-1,4,0,572,923,974
823,36,36,763,763,0,34,34,703,703,0,0.0007828721195411688,0.0007828721195411688,774,774,0,-1,3,3,4,6,540,192,970
824,149,149,944,944,0,54,54,902,902,0,0.0030293747234419145,0.0030293747234419145,928,928,0,-1,3,3,4,20,694,43,699
825,30,646,741,995,254,42,52,706,774,68,0.001055175465468532,0.0018040096667687805,802,867,65,2,4,3,7,6,722,289,343
826,216,422,963,987,24,108,108,938,938,0,0.0036760951700194017,0.0042547397801150485,937,946,9,3,3,3,8,44,286,27,224
827,0,102,1,888,887,0,12,1,354,353,0.0,3.4037918240920386e-05,1,398,397,4,-1,5,11,0,234,733,964
828,6,212,465,977,512,9,10,470,492,22,0.00013615167296368154,0.0005105687736138058,535,711,176,3,4,4,3,1,844,537,827
829,203,409,960,986,26,100,100,856,856,0,0.003880322679464924,0.004186663943633207,938,942,4,3,3,3,10,27,161,88,101
830,40,40,789,789,0,54,54,819,819,0,0.00176997174852786,0.00176997174852786,868,868,0,-1,2,2,6,1,267,891,844
831,0,206,1,956,955,0,19,1,428,427,0.0,0.00034037918240920387,1,640,639,3,-1,4,8,1,236,841,312
832,68,68,806,806,0,150,150,839,839,0,0.0012253650566731338,0.0012253650566731338,826,826,0,-1,2,2,15,6,49,234,641
833,2,618,366,998,632,4,22,395,772,377,3.4037918240920386e-05,0.004663194799006093,401,954,553,2,5,3,2,1,598,594,25
834,0,0,1,1,0,0,0,1,1,0,0.0,0.0,1,1,0,-1,-1,-1,4,0,700,979,515
835,6,6,424,424,0,17,17,443,443,0,0.00010211375472276115,0.00010211375472276115,474,474,0,-1,4,4,7,2,196,384,774
836,0,0,1,1,0,0,0,1,1,0,0.0,0.0,1,1,0,-1,-1,-1,9,0,245,811,638
837,0,0,1,1,0,0,0,1,1,0,0.0,0.0,1,1,0,-1,-1,-1,7,0,329,488,866
838,0,206,1,975,974,0,14,1,588,587,0.0,0.0020422750944552232,1,893,892,3,-1,4,3,0,745,571,91
839,0,102,1,930,929,0,4,1,361,360,0.0,0.00017018959120460194,1,561,560,4,-1,5,3,0,833,886,350
840,0,102,1,883,882,0,16,1,385,384,0.0,0.0002382654276864427,1,577,576,4,-1,5,10,0,256,201,365
841,6,212,433,970,537,14,18,469,514,45,6.807583648184077e-05,0.00088498587426393,439,788,349,3,4,4,5,1,290,862,42
842,2,618,352,992,640,13,90,372,823,451,0.0,0.008101024541339052,1,977,976,2,5,3,9,1,287,896,7
843,23,124,683,923,240,40,40,640,640,0,0.00030634126416828345,0.00030634126416828345,612,612,0,5,3,3,7,5,450,362,576
844,16,118,621,925,304,38,38,726,726,0,0.00013615167296368154,0.00030634126416828345,523,628,105,4,3,3,6,1,582,655,689
845,6,212,398,959,561,22,34,417,507,90,0.0,0.0007828721195411688,1,767,766,3,4,4,11,2,248,679,269
846,0,102,1,948,947,0,6,1,452,451,0.0,0.0002042275094455223,1,562,561,4,-1,5,3,0,768,349,465
847,0,206,1,941,940,0,28,1,398,397,0.0,0.00013615167296368154,1,502,501,3,-1,4,15,0,49,604,239
848,150,150,939,939,0,112,112,967,967,0,0.002723033459273631,0.002723033459273631,908,908,0,-1,3,3,7,28,336,98,587
849,58,58,796,796,0,84,84,642,642,0,0.0005105687736138058,0.0005105687736138058,697,697,0,-1,3,3,14,10,121,262,737
850,0,0,1,1,0,0,0,1,1,0,0.0,0.0,1,1,0,-1,-1,-1,9,0,803,907,854
851,0,102,1,897,896,0,12,1,371,370,0.0,3.4037918240920386e-05,1,401,400,4,-1,5,9,3,177,882,659
852,18,224,636,968,332,26,30,610,651,41,0.00037441710065012424,0.0007147962830593281,671,761,90,3,4,4,5,4,396,202,528
853,18,224,698,977,279,12,12,619,619,0,0.0004765308553728854,0.0018720855032506212,710,885,175,3,4,4,2,6,750,494,54
854,78,78,866,866,0,84,84,946,946,0,0.0019741992579733825,0.0019741992579733825,877,877,0,-1,2,2,5,4,347,246,772
855,93,93,941,941,0,34,34,859,859,0,0.0032336022328874367,0.0032336022328874367,930,930,0,-1,3,3,4,30,738,65,773
856,0,206,1,959,958,0,42,1,571,570,0.0,0.0015317063208414173,1,859,858,3,-1,4,9,0,217,324,55
857,0,101,1,930,929,0,4,1,331,330,0.0,0.00010211375472276115,1,486,485,5,-1,6,4,0,696,851,360
858,1263,1469,1000,1000,0,320,320,994,994,0,0.021341774737057083,0.021784267674189048,998,998,0,3,2,2,14,157,198,2,622
859,60,161,887,970,83,10,10,556,556,0,0.001157289220191293,0.001157289220191293,836,836,0,7,4,4,3,17,916,96,626
860,20,226,681,969,288,30,30,655,655,0,0.00013615167296368154,0.0007147962830593281,523,762,239,3,3,3,6,3,582,214,289
861,28,129,737,938,201,28,28,727,727,0,0.0008169100377820892,0.00088498587426393,789,806,17,6,3,3,3,3,930,382,739
862,19,225,682,975,293,18,18,614,614,0,0.00037441710065012424,0.001055175465468532,667,821,154,3,4,4,3,9,743,341,403
863,0,102,1,897,896,0,15,1,395,394,0.0,0.00037441710065012424,1,661,660,4,-1,5,9,0,177,998,519
864,42,143,814,951,137,28,28,732,732,0,0.0009190237925048504,0.0009530617107457708,792,801,9,5,3,3,3,7,490,150,878
865,0,206,1,950,949,0,21,1,396,395,0.0,6.807583648184077e-05,1,444,443,3,-1,4,11,0,307,731,840
866,6,108,409,890,481,21,21,434,434,0,3.4037918240920386e-05,0.0005786446100956465,396,723,327,4,4,4,9,1,202,935,386
867,90,192,866,947,81,84,84,793,793,0,0.0016338200755641784,0.0017018959120460194,868,874,6,4,3,3,9,13,123,42,107
868,0,102,1,889,888,0,10,1,352,351,0.0,3.4037918240920386e-05,1,391,390,4,-1,5,9,0,287,426,244
869,1,103,333,913,580,6,11,333,418,85,0.0,0.0002042275094455223,1,561,560,4,6,5,6,1,575,736,470
870,50,256,754,954,200,120,120,689,689,0,0.0008169100377820892,0.001157289220191293,767,812,45,3,3,3,18,8,69,345,52
871,16,118,559,905,346,80,80,737,737,0,0.0004765308553728854,0.0005446066918547262,705,721,16,4,3,3,10,1,149,759,395
872,0,206,1,969,968,0,32,1,624,623,0.0,0.0010892133837094523,1,826,825,3,-1,4,6,0,253,488,412
873,143,143,947,947,0,68,68,955,955,0,0.004595118962524252,0.004595118962524252,955,955,0,-1,2,2,4,20,652,71,737
874,0,0,1,1,0,0,0,1,1,0,0.0,0.0,1,1,0,-1,-1,-1,2,0,976,902,927
875,0,102,1,940,939,0,5,1,368,367,0.0,0.0,1,1,0,4,-1,5,4,0,794,960,290
876,0,616,1,993,992,0,72,1,604,603,0.0,0.0018380475850097008,1,875,874,2,-1,3,13,1,92,472,123
877,12,12,628,628,0,10,10,525,525,0,0.00017018959120460194,0.00017018959120460194,544,544,0,-1,4,4,3,4,888,164,967
878,0,0,1,1,0,0,0,1,1,0,0.0,0.0,1,1,0,-1,-1,-1,3,0,745,400,926
879,0,616,1,993,992,0,52,1,643,642,0.0,0.002586881786309949,1,910,909,2,-1,3,9,0,178,668,39
880,206,308,964,976,12,108,108,934,934,0,0.0057524081827155455,0.005854521937438306,968,968,0,4,3,3,8,31,199,34,770
881,138,138,947,947,0,28,28,741,741,0,0.004220701861874128,0.004220701861874128,948,948,0,-1,3,3,3,29,836,17,957
882,98,714,865,994,129,108,118,856,897,41,0.0019061234214915416,0.0027911092957554717,886,920,34,2,2,2,9,10,101,405,236
883,1,102,331,968,637,2,2,331,331,0,0.0,3.4037918240920386e-05,1,412,411,5,6,6,2,2,866,374,292
884,0,206,1,967,966,0,20,1,528,527,0.0,0.0010211375472276116,1,802,801,3,-1,4,6,1,322,874,174
885,2,104,368,930,562,5,6,368,385,17,3.4037918240920386e-05,0.00017018959120460194,394,544,150,4,5,5,4,1,563,437,395
886,16,118,645,936,291,50,50,866,866,0,0.0005446066918547262,0.0007488342013002485,717,764,47,4,3,3,5,1,908,168,379
887,31,133,785,948,163,34,34,802,802,0,0.0004765308553728854,0.0006807583648184077,699,748,49,4,3,3,4,8,787,417,444
888,100,100,860,860,0,100,100,646,646,0,0.009870996289866912,0.009870996289866912,972,972,0,-1,1,1,17,14,6,146,732
889,151,151,920,920,0,152,152,868,868,0,0.002382654276864427,0.002382654276864427,908,908,0,-1,2,2,13,24,165,129,808
890,0,102,1,903,902,0,8,1,384,383,0.0,0.0005786446100956465,1,714,713,4,-1,5,4,0,410,957,120
891,22,228,641,963,322,42,42,652,652,0,0.0006126825283365669,0.0007828721195411688,736,776,40,3,4,4,7,7,374,170,168
892,22,22,660,660,0,66,66,701,701,0,0.0002042275094455223,0.0002042275094455223,571,571,0,-1,3,3,10,2,161,634,932
893,2,2,368,368,0,5,5,369,369,0,0.0,0.0,1,1,0,-1,5,5,4,2,491,374,866
894,22,22,708,708,0,46,46,759,759,0,0.0006467204465774873,0.0006467204465774873,744,744,0,-1,3,3,6,3,253,209,971
895,96,712,878,995,117,70,80,722,760,38,0.0020082371762143027,0.0024166921951053475,885,912,27,2,3,3,10,22,409,128,362
896,812,812,998,998,0,276,276,993,993,0,0.015623404472582456,0.015623404472582456,991,991,0,-1,2,2,14,91,130,7,906
897,2,104,375,947,572,5,6,415,485,70,0.0,0.0006467204465774873,1,745,744,4,5,5,3,1,796,661,100
898,2,2,365,365,0,6,6,396,396,0,6.807583648184077e-05,6.807583648184077e-05,451,451,0,-1,5,5,4,2,673,320,883
899,4,4,453,453,0,5,5,395,395,0,3.4037918240920386e-05,3.4037918240920386e-05,405,405,0,-1,5,5,3,3,756,585,939
900,0,101,1,914,913,0,5,1,332,331,0.0,0.0,1,1,0,7,-1,8,5,0,692,888,765
901,0,0,1,1,0,0,0,1,1,0,0.0,0.0,1,1,0,-1,-1,-1,10,0,310,907,830
902,90,296,895,978,83,66,66,858,858,0,0.0020422750944552232,0.002552843868069029,887,910,23,3,3,3,6,27,369,304,170
903,56,158,854,961,107,24,24,704,704,0,0.0009870996289866913,0.0009870996289866913,817,817,0,4,4,4,4,18,461,147,689
904,0,206,1,975,974,0,8,1,480,479,0.0,0.00010211375472276115,1,482,481,3,-1,4,3,0,903,754,493
905,14,14,659,659,0,8,8,509,509,0,0.00034037918240920387,0.00034037918240920387,658,658,0,-1,4,4,2,3,232,353,843
906,0,206,1,975,974,0,9,1,471,470,0.0,0.0007828721195411688,1,783,782,3,-1,4,3,0,710,254,652
907,58,58,861,861,0,34,34,803,803,0,0.0026889955410327104,0.0026889955410327104,914,914,0,-1,3,3,4,12,891,104,513
908,0,0,1,1,0,0,0,1,1,0,0.0,0.0,1,1,0,-1,-1,-1,16,2,134,684,866
909,56,56,822,822,0,58,58,755,755,0,0.0007828721195411688,0.0007828721195411688,772,772,0,-1,3,3,8,7,488,150,515
910,6,6,388,388,0,32,32,394,394,0,0.0,0.0,1,1,0,-1,4,4,17,2,39,320,638
911,0,102,1,921,920,0,7,1,398,397,0.0,0.00017018959120460194,1,547,546,4,-1,5,4,0,495,818,386
912,26,128,759,954,195,14,14,588,588,0,0.0005786446100956465,0.0007488342013002485,743,780,37,4,4,4,3,10,710,296,178
913,119,221,944,978,34,64,64,961,961,0,0.0033357159876101976,0.00353994349705572,928,932,4,4,3,3,4,19,462,133,596
914,0,101,1,918,917,0,4,1,331,330,0.0,0.0,1,1,0,6,-1,7,4,0,969,946,357
915,2,208,348,946,598,32,42,405,441,36,0.0,0.0006467204465774873,1,727,726,3,5,4,17,1,63,506,299
916,0,0,1,1,0,0,0,1,1,0,0.0,0.0,1,1,0,-1,-1,-1,3,0,855,735,786
917,9,111,558,930,372,10,10,453,453,0,0.00010211375472276115,0.0008169100377820892,493,772,279,4,5,5,5,5,601,274,116
918,143,143,923,923,0,78,78,737,737,0,0.00176997174852786,0.00176997174852786,874,874,0,-1,3,3,11,26,234,127,778
919,6,6,497,497,0,8,8,527,527,0,0.00013615167296368154,0.00013615167296368154,527,527,0,-1,4,4,2,1,625,727,916
920,176,382,941,981,40,94,94,956,956,0,0.0026549576227917903,0.0037441710065012424,909,941,32,3,2,2,5,17,496,45,92
921,0,0,1,1,0,0,0,1,1,0,0.0,0.0,1,1,0,-1,-1,-1,10,0,355,774,965
922,0,102,1,899,898,0,16,1,410,409,0.0,0.00034037918240920387,1,649,648,4,-1,5,8,0,199,985,432
923,0,206,1,951,950,0,34,1,449,448,0.0,0.000442492937131965,1,670,669,3,-1,4,13,0,160,930,103
924,16,222,523,949,426,138,138,793,793,0,0.00010211375472276115,0.0006126825283365669,478,722,244,3,3,3,16,1,151,655,642
925,0,0,1,1,0,0,0,1,1,0,0.0,0.0,1,1,0,-1,-1,-1,6,0,253,800,348
926,2,103,379,953,574,6,6,444,444,0,0.00017018959120460194,0.00017018959120460194,551,551,0,5,5,5,3,1,584,481,853
927,1,207,333,979,646,4,9,333,503,170,0.0,0.0011913271384322134,1,835,834,3,6,4,4,4,480,595,580
928,0,0,1,1,0,0,0,1,1,0,0.0,0.0,1,1,0,-1,-1,-1,2,0,987,940,822
929,0,0,1,1,0,0,0,1,1,0,0.0,0.0,1,1,0,-1,-1,-1,2,0,884,675,635
930,0,0,1,1,0,0,0,1,1,0,0.0,0.0,1,1,0,-1,-1,-1,3,1,737,693,909
931,16,118,580,909,329,64,64,742,742,0,0.0007828721195411688,0.00088498587426393,774,788,14,4,3,3,8,1,186,759,259
932,6,212,415,964,549,30,30,624,624,0,0.0002723033459273631,0.0006126825283365669,610,732,122,3,4,4,5,1,349,80,371
933,0,0,1,1,0,0,0,1,1,0,0.0,0.0,1,1,0,-1,-1,-1,3,0,774,517,970
934,20,122,727,954,227,12,12,651,651,0,0.0006126825283365669,0.0006807583648184077,747,756,9,4,4,4,2,8,881,386,904
935,6,6,468,468,0,14,14,548,548,0,6.807583648184077e-05,6.807583648184077e-05,446,446,0,-1,4,4,3,1,923,904,358
936,0,0,1,1,0,0,0,1,1,0,0.0,0.0,1,1,0,-1,-1,-1,15,0,51,992,792
937,0,0,1,1,0,0,0,1,1,0,0.0,0.0,1,1,0,-1,-1,-1,14,0,79,800,657
938,0,0,1,1,0,0,0,1,1,0,0.0,0.0,1,1,0,-1,-1,-1,2,0,913,737,923
939,1,207,333,948,615,15,38,333,469,136,0.0,0.000442492937131965,1,669,668,3,6,4,15,2,110,448,150
940,24,126,748,951,203,32,32,898,898,0,0.0007488342013002485,0.00088498587426393,777,799,22,4,3,3,2,3,689,616,341
941,6,6,413,413,0,23,23,468,468,0,0.0002042275094455223,0.0002042275094455223,566,566,0,-1,4,4,8,1,142,416,942
942,0,206,1,960,959,0,20,1,435,434,0.0,0.0005446066918547262,1,719,718,3,-1,4,8,0,218,991,242
943,2,208,361,973,612,9,17,401,500,99,3.4037918240920386e-05,0.0002042275094455223,408,572,164,3,5,4,5,1,616,639,107
944,2,208,355,967,612,6,20,333,496,163,0.0,0.00034037918240920387,1,639,638,3,6,4,6,5,556,605,101
945,27,27,764,764,0,14,14,578,578,0,0.000442492937131965,0.000442492937131965,686,686,0,-1,4,4,3,7,288,329,854
946,14,14,620,620,0,16,16,571,571,0,0.00017018959120460194,0.00017018959120460194,550,550,0,-1,4,4,4,4,461,625,903
947,114,215,958,982,24,22,22,848,848,0,0.004152626025392287,0.004152626025392287,948,948,0,5,3,3,2,31,946,76,241
948,2,104,353,898,545,11,12,373,379,6,6.807583648184077e-05,0.00017018959120460194,446,537,91,4,5,5,8,1,595,593,325
949,2,618,355,992,637,11,60,366,712,346,6.807583648184077e-05,0.003165526396405596,450,919,469,2,5,3,9,1,289,771,26
950,0,206,1,949,948,0,29,1,415,414,0.0,0.0006807583648184077,1,738,737,3,-1,4,13,0,41,877,284
951,0,0,1,1,0,0,0,1,1,0,0.0,0.0,1,1,0,-1,-1,-1,9,0,803,951,910
952,1,103,333,884,551,8,12,333,374,41,0.0,0.00034037918240920387,1,636,635,4,6,5,8,1,218,763,459
953,6,212,390,952,562,40,44,481,498,17,0.00013615167296368154,0.0007147962830593281,516,743,227,3,4,4,12,2,87,691,97
954,0,102,1,933,932,0,5,1,391,390,0.0,0.0002723033459273631,1,607,606,4,-1,5,3,1,912,949,365
955,1,1,332,332,0,8,8,332,332,0,0.0,0.0,1,1,0,-1,8,8,8,1,358,647,568
956,22,22,676,676,0,42,42,731,731,0,0.00013615167296368154,0.00013615167296368154,523,523,0,-1,3,3,6,4,606,346,400
957,41,41,805,805,0,54,54,872,872,0,0.0012594029749140542,0.0012594029749140542,842,842,0,-1,2,2,4,4,572,305,999
958,106,208,943,976,33,38,38,923,923,0,0.00439089145307873,0.00442492937131965,953,954,1,4,3,3,3,31,888,126,770
959,20,121,697,942,245,24,24,745,745,0,0.00037441710065012424,0.00037441710065012424,667,667,0,6,3,3,3,4,627,479,743
960,0,102,1,900,899,0,12,1,395,394,0.0,0.00030634126416828345,1,635,634,4,-1,5,7,0,497,851,501
961,100,100,882,882,0,100,100,919,919,0,0.031621226045815035,0.031621226045815035,999,999,0,-1,1,1,7,75,296,24,975
962,178,280,952,974,22,92,92,905,905,0,0.0042547397801150485,0.0042547397801150485,949,949,0,4,3,3,7,24,299,8,606
963,58,264,836,976,140,102,102,949,949,0,0.006331052792811192,0.00704584907587052,971,975,4,3,2,2,7,4,359,336,194
964,24,230,699,972,273,44,48,716,737,21,0.0008509479560230097,0.0018720855032506212,792,876,84,3,3,3,7,3,305,704,335
965,24,126,696,932,236,62,62,811,811,0,0.0006807583648184077,0.0007488342013002485,753,766,13,4,3,3,7,4,342,288,443
966,46,46,792,792,0,56,56,660,660,0,0.0006467204465774873,0.0006467204465774873,736,736,0,-1,3,3,9,8,262,250,632
967,0,101,1,932,931,0,2,1,331,330,0.0,0.0,1,1,0,7,-1,8,2,0,429,798,582
968,0,206,1,972,971,0,12,1,603,602,0.0,0.0018720855032506212,1,883,882,3,-1,4,2,0,589,657,133
969,157,363,941,981,40,106,106,960,960,0,0.003914360597705844,0.005650294427992784,938,964,26,3,2,2,7,20,336,94,158
970,0,102,1,870,869,0,21,1,365,364,0.0,0.00013615167296368154,1,511,510,4,-1,5,17,0,10,950,805
971,6,108,451,930,479,30,30,698,698,0,0.00010211375472276115,0.0004084550188910446,500,681,181,4,4,4,5,1,688,553,551
972,0,0,1,1,0,0,0,1,1,0,0.0,0.0,1,1,0,-1,-1,-1,3,0,852,970,883
973,0,102,1,893,892,0,12,1,405,404,0.0,0.0002723033459273631,1,605,604,4,-1,5,6,1,514,742,121
974,0,0,1,1,0,0,0,1,1,0,0.0,0.0,1,1,0,-1,-1,-1,5,2,574,271,569
975,140,756,920,994,74,130,130,915,915,0,0.0013615167296368155,0.0025188059498281084,845,906,61,2,3,3,10,17,153,79,340
976,0,0,1,1,0,0,0,1,1,0,0.0,0.0,1,1,0,-1,-1,-1,8,0,428,423,834
977,6,212,457,974,517,18,18,590,590,0,0.0002382654276864427,0.0027911092957554717,607,916,309,3,4,4,3,2,680,223,135
978,36,138,773,939,166,76,76,914,914,0,0.0007488342013002485,0.0008169100377820892,764,783,19,4,3,3,6,4,251,328,278
979,80,181,961,990,29,12,12,819,819,0,0.004288777698355968,0.004288777698355968,954,954,0,7,4,4,2,27,956,25,621
980,0,0,1,1,0,0,0,1,1,0,0.0,0.0,1,1,0,-1,-1,-1,16,0,60,488,565
981,10,626,535,992,457,20,46,455,653,198,0.00010211375472276115,0.0014636304843595766,482,855,373,2,4,3,8,3,260,214,99
982,0,102,1,859,858,0,35,1,345,344,0.0,6.807583648184077e-05,1,432,431,4,-1,5,33,0,9,498,320
983,100,100,889,889,0,74,74,825,825,0,0.001599782157323258,0.001599782157323258,865,865,0,-1,3,3,8,17,201,269,766
984,0,1640,1,1000,999,0,60,1,675,674,0.0,0.01147077844719017,1,982,981,1,-1,2,9,1,191,962,293
985,0,0,1,1,0,0,0,1,1,0,0.0,0.0,1,1,0,-1,-1,-1,6,2,98,775,930
986,0,101,1,932,931,0,3,1,332,331,0.0,0.0,1,1,0,8,-1,9,3,0,791,445,857
987,0,101,1,902,901,0,7,1,331,330,0.0,0.0,1,1,0,9,-1,10,7,0,722,916,647
988,6,212,458,972,514,18,22,542,604,62,0.00017018959120460194,0.0004765308553728854,555,708,153,3,4,4,5,3,612,309,432
989,69,169,889,968,79,18,18,692,692,0,0.0019061234214915416,0.002314578440382586,885,903,18,4,4,4,3,20,845,71,390
990,15,221,715,985,270,4,12,416,636,220,0.0005786446100956465,0.002144388849177984,744,898,154,3,5,4,2,10,913,413,117
991,0,0,1,1,0,0,0,1,1,0,0.0,0.0,1,1,0,-1,-1,-1,6,0,451,754,632
992,8,214,466,943,477,46,50,467,476,9,0.00010211375472276115,0.00030634126416828345,467,619,152,3,4,4,15,2,49,499,236
993,184,184,934,934,0,244,244,958,958,0,0.003812246842983083,0.003812246842983083,938,938,0,-1,2,2,16,27,53,304,836
994,0,0,1,1,0,0,0,1,1,0,0.0,0.0,1,1,0,-1,-1,-1,2,0,955,668,978
995,16,117,573,898,325,44,44,645,645,0,3.4037918240920386e-05,0.00010211375472276115,406,485,79,5,3,3,7,1,246,110,484
996,0,101,1,931,930,0,3,1,331,330,0.0,0.0,1,1,0,5,-1,6,3,0,651,998,526
997,0,101,1,947,946,0,4,1,332,331,0.0,6.807583648184077e-05,1,458,457,5,-1,6,4,0,480,912,677
998,0,0,1,1,0,0,0,1,1,0,0.0,0.0,1,1,0,-1,-1,-1,4,0,566,872,511
999,0,616,1,991,990,0,72,1,706,705,0.0,0.002382654276864427,1,904,903,2,-1,3,10,0,152,960,36
