,FreeNet_pre_score,FreeNet_post_score,FreeNet_pre_rank,FreeNet_post_rank,FreeNet_delta_ranks,Reversed_pre_score,Reversed_post_score,Reversed_pre_rank,Reversed_post_rank,Reversed_delta_ranks,Random_pre_score,Random_post_score,Random_pre_rank,Random_post_rank,Random_delta_ranks,dist_victim_relayer,dist_victim_vilain_pre,dist_victim_vilain_post,out_deg_victim,in_deg_villain,victim,villain,relayer
0,0,0,1,1,0,0,0,1,1,0,0.0,0.0,1,1,0,-1,-1,-1,5,0,793,750,513
1,70,276,855,975,120,58,58,774,774,0,0.0007147962830593281,0.001055175465468532,758,811,53,3,3,3,7,8,413,187,165
2,24,126,699,931,232,30,30,731,731,0,0.0005105687736138058,0.0005786446100956465,716,741,25,4,3,3,4,4,949,637,353
3,0,206,1,947,946,0,34,1,474,473,0.0,0.0002042275094455223,1,565,564,3,-1,4,11,0,76,998,52
4,11,11,566,566,0,12,12,460,460,0,0.00010211375472276115,0.00010211375472276115,487,487,0,-1,4,4,4,4,572,208,792
5,0,101,1,950,949,0,2,1,329,328,0.0,0.0,1,1,0,6,-1,7,2,0,821,515,140
6,37,653,802,998,196,28,38,754,854,100,0.0004765308553728854,0.003812246842983083,704,939,235,2,3,3,3,11,585,162,189
7,50,256,764,961,197,128,128,824,824,0,0.0012934408931549745,0.0013955546478777359,826,837,11,3,3,3,13,5,92,403,430
8,144,350,931,980,49,112,112,952,952,0,0.003642057251778481,0.0057524081827155455,937,960,23,3,2,2,8,12,595,104,15
9,93,194,922,972,50,38,38,886,886,0,0.0020082371762143027,0.0021784267674189047,894,898,4,5,3,3,3,17,670,79,370
10,35,137,787,946,159,40,40,807,807,0,0.000442492937131965,0.0004765308553728854,694,702,8,4,3,3,4,4,532,557,495
11,0,102,1,913,912,0,6,1,398,397,0.0,0.00013615167296368154,1,507,506,4,-1,5,3,0,930,856,453
12,0,0,1,1,0,0,0,1,1,0,0.0,0.0,1,1,0,-1,-1,-1,5,0,421,726,707
13,112,214,916,968,52,98,98,941,941,0,0.0033016780693692774,0.003437829742332959,934,936,2,4,2,2,8,12,442,179,291
14,11,112,596,936,340,11,11,474,474,0,0.0002382654276864427,0.0002382654276864427,622,622,0,5,4,4,4,6,777,613,623
15,104,104,946,946,0,32,32,935,935,0,0.0035739814152966403,0.0035739814152966403,937,937,0,-1,3,3,2,24,975,13,938
16,0,616,1,992,991,0,48,1,592,591,0.0,0.0013615167296368155,1,828,827,2,-1,3,11,1,379,706,166
17,19,635,654,996,342,28,42,583,706,123,0.00017018959120460194,0.003267640151128357,544,936,392,2,4,3,6,9,266,317,135
18,21,227,645,964,319,38,38,598,598,0,0.0002042275094455223,0.0006126825283365669,574,741,167,3,4,4,7,5,179,528,103
19,22,638,579,993,414,212,222,825,846,21,0.0009530617107457708,0.002757071377514551,786,915,129,2,3,3,22,4,33,440,104
20,16,118,539,891,352,68,68,642,642,0,0.00013615167296368154,0.0004765308553728854,519,687,168,4,3,3,11,1,162,727,516
21,25,127,722,929,207,26,26,595,595,0,0.00034037918240920387,0.0005105687736138058,646,710,64,4,4,4,5,13,392,256,681
22,416,518,991,993,2,48,48,921,921,0,0.00891793457912114,0.008951972497362062,981,981,0,4,3,3,3,92,743,30,318
23,9,215,563,970,407,23,23,565,565,0,0.00010211375472276115,0.00030634126416828345,482,632,150,3,4,4,6,3,322,347,168
24,18,119,672,940,268,30,30,721,721,0,0.0005786446100956465,0.0005786446100956465,729,729,0,5,4,4,5,3,843,382,534
25,4,210,463,977,514,4,8,407,511,104,6.807583648184077e-05,0.00017018959120460194,456,558,102,3,5,4,2,2,948,576,425
26,81,287,912,989,77,32,32,947,947,0,0.002280540522141666,0.002484768031587188,907,914,7,3,3,3,2,16,757,113,22
27,14,115,614,932,318,24,24,678,678,0,0.0005105687736138058,0.0005105687736138058,715,715,0,5,4,4,4,3,280,616,594
28,100,100,869,869,0,100,100,850,850,0,0.023179822322066782,0.023588277340957826,998,998,0,4,1,1,9,34,100,20,368
29,6,108,459,932,473,12,12,496,496,0,0.00010211375472276115,0.00034037918240920387,487,658,171,4,4,4,4,1,543,607,391
30,0,102,1,888,887,0,14,1,381,380,0.0,0.0002042275094455223,1,559,558,4,-1,5,9,0,164,925,505
31,0,206,1,955,954,0,30,1,472,471,0.0,0.0007828721195411688,1,769,768,3,-1,4,9,0,351,760,67
32,32,238,743,968,225,38,38,630,630,0,0.0005446066918547262,0.0009190237925048504,713,784,71,3,4,4,7,6,364,461,338
33,16,16,546,546,0,70,70,660,660,0,0.00013615167296368154,0.00013615167296368154,503,503,0,-1,3,3,12,3,183,260,400
34,0,102,1,893,892,0,9,1,361,360,0.0,6.807583648184077e-05,1,450,449,4,-1,5,7,0,331,825,596
35,0,0,1,1,0,0,0,1,1,0,0.0,0.0,1,1,0,-1,-1,-1,5,0,382,794,784
36,2,208,348,953,605,24,42,397,480,83,0.0,0.0004084550188910446,1,670,669,3,5,4,13,1,120,837,303
37,18,18,729,729,0,12,12,653,653,0,0.0002723033459273631,0.0002723033459273631,629,629,0,-1,4,4,2,8,975,90,400
38,0,102,1,932,931,0,4,1,405,404,0.0,0.0005446066918547262,1,723,722,4,-1,5,2,0,931,823,217
39,0,616,1,997,996,0,22,1,642,641,0.0,0.0026209197045508697,1,917,916,2,-1,3,4,0,758,824,387
40,74,74,809,809,0,156,156,772,772,0,0.0004765308553728854,0.0004765308553728854,686,686,0,-1,3,3,19,11,46,162,992
41,314,520,979,990,11,116,116,975,975,0,0.007454304094761564,0.009122162088566664,971,980,9,3,2,2,7,49,207,16,63
42,2,2,356,356,0,12,12,403,403,0,0.00034037918240920387,0.00034037918240920387,657,657,0,-1,5,5,6,2,378,805,823
43,39,139,910,986,76,12,12,867,867,0,0.002110350930937064,0.0028932230504782326,899,920,21,4,4,4,2,19,775,297,84
44,49,665,856,999,143,12,22,604,791,187,0.0012934408931549745,0.003914360597705844,842,948,106,2,4,3,2,18,943,147,143
45,2,2,356,356,0,7,7,373,373,0,3.4037918240920386e-05,3.4037918240920386e-05,413,413,0,-1,5,5,5,2,773,495,925
46,0,101,1,944,943,0,2,1,331,330,0.0,6.807583648184077e-05,1,445,444,5,-1,6,2,0,942,423,503
47,0,0,1,1,0,0,0,1,1,0,0.0,0.0,1,1,0,-1,-1,-1,2,0,761,733,858
48,6,212,457,971,514,8,12,464,548,84,3.4037918240920386e-05,0.0020422750944552232,401,893,492,3,4,4,2,2,909,320,27
49,6,6,469,469,0,8,8,474,474,0,6.807583648184077e-05,6.807583648184077e-05,450,450,0,-1,4,4,3,2,676,320,583
50,1,103,333,911,578,8,11,333,377,44,0.0,0.0002042275094455223,1,568,567,4,6,5,8,2,158,374,500
51,2,2,384,384,0,2,2,332,332,0,0.0,0.0,1,1,0,-1,6,6,2,3,715,563,895
52,0,206,1,971,970,0,14,1,519,518,0.0,0.0007147962830593281,1,765,764,3,-1,4,3,0,834,817,471
53,0,102,1,927,926,0,5,1,360,359,0.0,0.00017018959120460194,1,549,548,4,-1,5,4,0,461,731,363
54,0,102,1,887,886,0,15,1,387,386,0.0,0.00010211375472276115,1,478,477,4,-1,5,9,0,269,818,248
55,53,53,767,767,0,128,128,750,750,0,0.0010211375472276116,0.0010211375472276116,794,794,0,-1,3,3,17,8,73,352,664
56,0,102,1,922,921,0,5,1,392,391,0.0,0.0004084550188910446,1,677,676,4,-1,5,3,1,855,767,329
57,0,206,1,949,948,0,36,1,410,409,0.0,0.0002042275094455223,1,566,565,3,-1,4,17,0,23,875,667
58,38,244,718,961,243,86,86,632,632,0,0.000442492937131965,0.0008509479560230097,682,769,87,3,4,4,15,7,107,422,90
59,24,24,645,645,0,46,46,525,525,0,0.0005105687736138058,0.0005105687736138058,695,695,0,-1,3,3,12,3,44,653,483
60,3,105,424,918,494,4,4,393,393,0,0.00010211375472276115,0.00017018959120460194,486,560,74,4,5,5,2,3,905,196,416
61,8,624,517,997,480,15,38,452,704,252,0.00010211375472276115,0.004118588107151367,488,945,457,2,4,3,6,5,446,476,50
62,31,133,760,937,177,20,20,573,573,0,0.0008169100377820892,0.0011232513019503727,791,842,51,4,4,4,4,14,444,175,90
63,485,587,994,998,4,72,72,988,988,0,0.011300588855985567,0.011743081793117532,985,986,1,4,2,2,3,92,620,30,308
64,0,102,1,924,923,0,7,1,397,396,0.0,0.00017018959120460194,1,545,544,4,-1,5,4,0,735,699,259
65,0,102,1,874,873,0,17,1,365,364,0.0,3.4037918240920386e-05,1,393,392,4,-1,5,14,0,181,735,829
66,0,206,1,975,974,0,10,1,470,469,0.0,0.0004084550188910446,1,681,680,3,-1,4,4,0,462,925,301
67,270,476,971,988,17,148,148,957,957,0,0.0068075836481840775,0.00707988699411144,970,971,1,3,2,2,9,31,262,34,659
68,0,101,1,935,934,0,3,1,331,330,0.0,0.0,1,1,0,6,-1,7,3,0,433,996,331
69,2,2,406,406,0,4,4,522,522,0,0.00017018959120460194,0.00017018959120460194,555,555,0,-1,5,5,2,1,920,958,633
70,16,118,580,912,332,34,34,623,623,0,0.00010211375472276115,0.0005105687736138058,468,701,233,4,3,3,6,1,514,904,177
71,2,2,357,357,0,6,6,384,384,0,0.0,0.0,1,1,0,-1,5,5,4,1,593,606,965
72,8,8,581,581,0,12,12,709,709,0,0.0006126825283365669,0.0006126825283365669,748,748,0,-1,4,4,2,2,806,524,906
73,60,266,764,952,188,152,156,730,742,12,0.0002723033459273631,0.0007828721195411688,604,763,159,3,3,3,20,5,5,418,131
74,35,136,825,961,136,26,26,818,818,0,0.0009870996289866913,0.0009870996289866913,813,813,0,5,3,3,4,9,480,415,334
75,20,226,681,969,288,32,32,661,661,0,0.0004084550188910446,0.0013955546478777359,670,850,180,3,4,4,6,4,582,207,227
76,0,102,1,927,926,0,4,1,392,391,0.0,0.0,1,1,0,4,-1,5,2,0,828,876,810
77,0,0,1,1,0,0,0,1,1,0,0.0,0.0,1,1,0,-1,-1,-1,12,0,62,813,943
78,0,206,1,978,977,0,7,1,505,504,0.0,0.0004084550188910446,1,673,672,3,-1,4,2,0,960,833,727
79,2,104,373,932,559,2,4,332,403,71,6.807583648184077e-05,0.0006807583648184077,451,761,310,4,6,5,2,2,934,694,658
80,25,231,740,977,237,16,16,560,560,0,0.00037441710065012424,0.00088498587426393,667,783,116,3,4,4,4,6,597,232,83
81,0,206,1,950,949,0,64,1,536,535,0.0,0.0009190237925048504,1,775,774,3,-1,4,18,0,29,907,219
82,14,14,598,598,0,22,22,556,556,0,6.807583648184077e-05,6.807583648184077e-05,451,451,0,-1,4,4,5,4,724,625,574
83,209,209,964,964,0,70,70,892,892,0,0.004152626025392287,0.004152626025392287,949,949,0,-1,3,3,5,38,349,111,668
84,14,220,558,963,405,36,40,575,602,27,0.0002042275094455223,0.0005105687736138058,575,709,134,3,4,4,8,4,383,220,354
85,32,32,731,731,0,48,48,686,686,0,0.0004765308553728854,0.0004765308553728854,702,702,0,-1,3,3,7,5,372,636,886
86,1,207,333,969,636,5,13,333,450,117,0.0,0.0002382654276864427,1,591,590,3,6,4,5,1,528,861,486
87,21,227,758,981,223,12,12,632,632,0,0.000442492937131965,0.0028932230504782326,697,918,221,3,4,4,2,8,919,257,69
88,0,0,1,1,0,0,0,1,1,0,0.0,0.0,1,1,0,-1,-1,-1,2,0,964,983,832
89,148,354,925,976,51,180,180,967,967,0,0.0035059055788147996,0.003812246842983083,934,943,9,3,2,2,11,12,233,58,444
90,0,206,1,979,978,0,12,1,654,653,0.0,0.0011232513019503727,1,835,834,3,-1,4,2,0,874,608,64
91,0,0,1,1,0,0,0,1,1,0,0.0,0.0,1,1,0,-1,-1,-1,9,0,339,732,629
92,2,208,357,968,611,8,16,412,522,110,3.4037918240920386e-05,0.0004765308553728854,403,709,306,3,5,4,4,1,547,762,283
93,20,122,671,932,261,26,26,597,597,0,0.0005446066918547262,0.0006467204465774873,726,750,24,4,4,4,5,4,773,312,530
94,7,7,482,482,0,26,26,466,466,0,0.00010211375472276115,0.00010211375472276115,488,488,0,-1,4,4,9,3,277,631,816
95,16,117,680,949,269,14,14,578,578,0,0.0002042275094455223,0.0002382654276864427,580,601,21,5,4,4,3,6,814,275,337
96,118,219,914,963,49,80,80,938,938,0,0.002144388849177984,0.0021784267674189047,887,888,1,5,3,3,5,18,426,82,799
97,12,218,527,958,431,54,54,645,645,0,0.00010211375472276115,0.002144388849177984,479,896,417,3,4,4,9,3,262,300,41
98,26,232,752,976,224,24,24,756,756,0,0.0005105687736138058,0.0010211375472276116,704,810,106,3,3,3,3,4,337,328,190
99,46,148,763,925,162,108,108,802,802,0,0.0012253650566731338,0.0012253650566731338,814,814,0,4,3,3,13,6,113,114,331
100,84,186,910,973,63,64,64,968,968,0,0.0040845501889104465,0.004220701861874128,951,952,1,4,2,2,4,17,603,131,262
101,100,100,880,880,0,100,100,897,897,0,0.017257224548146634,0.019265461724360937,991,996,5,2,1,1,9,6,389,490,89
102,2,208,347,943,596,17,34,347,406,59,3.4037918240920386e-05,0.00017018959120460194,400,537,137,3,5,4,16,1,53,603,149
103,8,214,518,969,451,22,26,565,609,44,3.4037918240920386e-05,0.0009530617107457708,401,797,396,3,4,4,5,2,311,586,224
104,0,206,1,970,969,0,10,1,468,467,0.0,0.0010892133837094523,1,828,827,3,-1,4,3,0,471,976,68
105,9,111,541,914,373,24,24,532,532,0,0.00034037918240920387,0.0005786446100956465,644,719,75,4,4,4,8,5,442,710,236
106,0,0,1,1,0,0,0,1,1,0,0.0,0.0,1,1,0,-1,-1,-1,23,0,30,833,457
107,80,286,859,974,115,84,84,823,823,0,0.0012594029749140542,0.0026549576227917903,832,910,78,3,3,3,9,12,178,163,127
108,0,206,1,976,975,0,14,1,591,590,0.0,0.002212464685659825,1,905,904,3,-1,4,3,0,732,614,39
109,0,102,1,958,957,0,3,1,396,395,0.0,0.00030634126416828345,1,655,654,4,-1,5,2,0,751,910,432
110,0,206,1,975,974,0,8,1,485,484,0.0,0.0007828721195411688,1,774,773,3,-1,4,2,0,752,950,224
111,12,114,572,926,354,24,24,636,636,0,0.00010211375472276115,0.00013615167296368154,477,513,36,4,4,4,4,2,711,586,434
112,0,206,1,965,964,0,12,1,441,440,0.0,0.00030634126416828345,1,641,640,3,-1,4,5,0,396,932,302
113,0,0,1,1,0,0,0,1,1,0,0.0,0.0,1,1,0,-1,-1,-1,4,1,607,472,367
114,0,0,1,1,0,0,0,1,1,0,0.0,0.0,1,1,0,-1,-1,-1,7,0,141,844,574
115,118,118,881,881,0,204,204,889,889,0,0.00176997174852786,0.00176997174852786,867,867,0,-1,3,3,19,17,48,213,874
116,4,4,445,445,0,6,6,386,386,0,0.0,0.0,1,1,0,-1,5,5,4,2,563,694,228
117,45,147,819,944,125,34,34,756,756,0,0.0007828721195411688,0.0008509479560230097,783,788,5,4,3,3,4,11,858,83,602
118,8,214,486,951,465,30,35,453,481,28,6.807583648184077e-05,0.00034037918240920387,445,634,189,3,4,4,12,2,194,364,134
119,18,224,716,982,266,8,12,523,697,174,0.00017018959120460194,0.002484768031587188,562,912,350,3,4,4,2,4,906,202,123
120,0,206,1,965,964,0,26,1,532,531,0.0,0.002552843868069029,1,906,905,3,-1,4,7,0,342,796,111
121,22,638,582,989,407,80,112,505,619,114,0.00010211375472276115,0.0012934408931549745,469,829,360,2,3,3,22,2,22,680,352
122,70,70,921,921,0,32,32,965,965,0,0.0048674223084516155,0.0048674223084516155,960,960,0,-1,3,3,2,19,995,135,915
123,18,120,601,904,303,88,88,749,749,0,0.0002042275094455223,0.0005446066918547262,561,716,155,4,3,3,11,3,139,541,645
124,0,206,1,972,971,0,18,1,531,530,0.0,0.001055175465468532,1,812,811,3,-1,4,6,0,486,564,183
125,2,2,377,377,0,3,3,381,381,0,3.4037918240920386e-05,3.4037918240920386e-05,405,405,0,-1,5,5,2,1,625,537,995
126,1,207,333,964,631,8,24,333,488,155,0.0,0.0006467204465774873,1,741,740,3,7,4,8,1,371,972,422
127,0,206,1,971,970,0,14,1,475,474,0.0,0.0005105687736138058,1,704,703,3,-1,4,5,0,534,769,559
128,27,233,733,975,242,24,24,632,632,0,0.0002042275094455223,0.0012253650566731338,576,839,263,3,4,4,4,9,700,212,49
129,6,6,426,426,0,14,14,542,542,0,0.0002723033459273631,0.0002723033459273631,623,623,0,-1,4,4,3,1,471,741,895
130,0,0,1,1,0,0,0,1,1,0,0.0,0.0,1,1,0,-1,-1,-1,3,0,654,798,944
131,0,206,1,954,953,0,30,1,530,529,0.0,0.0030634126416828346,1,921,920,3,-1,4,7,0,447,906,74
132,21,21,769,769,0,12,12,631,631,0,0.0005446066918547262,0.0005446066918547262,724,724,0,-1,4,4,2,9,625,294,777
133,0,102,1,903,902,0,11,1,395,394,0.0,0.0005446066918547262,1,722,721,4,-1,5,6,0,624,673,296
134,6,6,466,466,0,10,10,494,494,0,0.0,0.0,1,1,0,-1,4,4,3,1,627,799,841
135,2,2,349,349,0,21,21,391,391,0,0.0,0.0,1,1,0,-1,5,5,12,1,194,807,784
136,0,0,1,1,0,0,0,1,1,0,0.0,0.0,1,1,0,-1,-1,-1,7,0,364,669,205
137,0,206,1,964,963,0,20,1,453,452,0.0,0.000442492937131965,1,691,690,3,-1,4,8,0,137,872,172
138,7,108,523,931,408,10,10,485,485,0,0.00010211375472276115,0.00017018959120460194,481,546,65,5,4,4,3,2,337,251,840
139,2,2,362,362,0,8,8,413,413,0,0.0,0.0,1,1,0,-1,5,5,4,2,709,654,880
140,81,287,940,990,50,62,62,989,989,0,0.007352190340038803,0.015180911535450491,972,991,19,3,2,2,3,15,850,153,10
141,0,0,1,1,0,0,0,1,1,0,0.0,0.0,1,1,0,-1,-1,-1,5,1,720,685,564
142,4,106,447,945,498,4,4,412,412,0,0.00013615167296368154,0.0002042275094455223,526,578,52,4,5,5,2,2,804,499,807
143,6,212,438,969,531,13,17,454,516,62,0.0,0.00013615167296368154,1,510,509,3,4,4,5,1,692,594,485
144,48,254,822,974,152,42,42,734,734,0,0.001055175465468532,0.001940161339732462,817,879,62,3,3,3,6,9,451,242,62
145,144,144,959,959,0,54,54,933,933,0,0.00439089145307873,0.00439089145307873,949,949,0,-1,3,3,4,24,607,8,979
146,0,0,1,1,0,0,0,1,1,0,0.0,0.0,1,1,0,-1,-1,-1,10,0,241,732,498
147,0,0,1,1,0,0,0,1,1,0,0.0,0.0,1,1,0,-1,-1,-1,2,3,980,753,400
148,2,104,367,936,569,4,4,416,416,0,0.0,0.0012934408931549745,1,840,839,4,5,5,2,1,993,879,304
149,0,0,1,1,0,0,0,1,1,0,0.0,0.0,1,1,0,-1,-1,-1,3,0,564,980,511
150,0,102,1,918,917,0,8,1,414,413,0.0,3.4037918240920386e-05,1,410,409,4,-1,5,4,0,690,356,168
151,0,101,1,912,911,0,4,1,332,331,0.0,0.00010211375472276115,1,490,489,5,-1,6,4,0,759,832,298
152,0,102,1,895,894,0,11,1,386,385,0.0,0.0,1,1,0,4,-1,5,7,0,466,445,409
153,2,2,365,365,0,4,4,366,366,0,0.0,0.0,1,1,0,-1,5,5,3,1,577,788,522
154,46,46,809,809,0,64,64,831,831,0,0.0018720855032506212,0.0018720855032506212,877,877,0,-1,3,3,8,5,442,393,987
155,8,214,553,975,422,13,18,589,702,113,0.00030634126416828345,0.004322815616596889,642,946,304,3,4,4,3,2,857,524,21
156,0,0,1,1,0,0,0,1,1,0,0.0,0.0,1,1,0,-1,-1,-1,7,2,320,431,872
157,4,4,450,450,0,7,7,427,427,0,0.0,0.0,1,1,0,-1,5,5,4,2,553,602,985
158,0,101,1,945,944,0,2,1,331,330,0.0,3.4037918240920386e-05,1,415,414,6,-1,7,2,0,951,608,603
159,6,6,416,416,0,40,40,594,594,0,0.0002042275094455223,0.0002042275094455223,562,562,0,-1,4,4,8,1,131,869,838
160,48,150,803,932,129,40,40,664,664,0,0.0005105687736138058,0.0006807583648184077,718,763,45,4,3,3,5,8,238,177,736
161,102,102,959,959,0,18,18,798,798,0,0.003267640151128357,0.003267640151128357,935,935,0,-1,4,4,3,48,668,56,867
162,6,6,421,421,0,23,23,518,518,0,0.0002382654276864427,0.0002382654276864427,596,596,0,-1,4,4,6,1,473,891,995
163,18,18,613,613,0,48,48,603,603,0,6.807583648184077e-05,6.807583648184077e-05,454,454,0,-1,3,3,9,2,245,251,830
164,13,219,563,968,405,21,22,490,504,14,3.4037918240920386e-05,0.0008169100377820892,400,777,377,3,4,4,7,5,416,274,131
165,0,206,1,975,974,0,14,1,575,574,0.0,0.0011913271384322134,1,837,836,3,-1,4,3,0,699,201,87
166,24,125,754,946,192,20,20,659,659,0,0.0002382654276864427,0.0002382654276864427,597,597,0,5,4,4,4,6,679,258,506
167,698,1314,994,999,5,454,454,989,989,0,0.00980292045338507,0.010960209673576363,982,985,3,2,2,2,23,70,4,18,250
168,0,206,1,949,948,0,29,1,383,382,0.0,0.0,1,1,0,3,-1,4,17,0,23,995,434
169,12,113,632,944,312,18,18,665,665,0,0.0002042275094455223,0.00030634126416828345,591,644,53,5,4,4,3,8,732,302,523
170,6,6,463,463,0,11,11,482,482,0,0.0,0.0,1,1,0,-1,4,4,4,1,423,840,824
171,8,214,500,961,461,18,22,439,464,25,0.00013615167296368154,0.0004765308553728854,507,693,186,3,4,4,7,2,366,383,316
172,98,98,911,911,0,34,34,746,746,0,0.0018380475850097008,0.0018380475850097008,881,881,0,-1,3,3,4,26,758,127,713
173,196,298,951,970,19,140,140,935,935,0,0.002825147213996392,0.002927260968719153,914,921,7,4,2,2,11,25,174,47,262
174,0,102,1,901,900,0,9,1,381,380,0.0,0.00013615167296368154,1,514,513,4,-1,5,6,1,536,705,230
175,51,153,874,974,100,46,46,982,982,0,0.008543517478471017,0.008713707069675619,980,980,0,4,2,2,2,7,618,170,251
176,2,208,351,951,600,15,38,384,539,155,0.00010211375472276115,0.0020763130126961434,490,881,391,3,5,4,9,2,159,690,73
177,0,102,1,943,942,0,6,1,443,442,0.0,0.00088498587426393,1,800,799,4,-1,5,3,0,862,733,62
178,6,6,418,418,0,20,20,489,489,0,0.0002723033459273631,0.0002723033459273631,614,614,0,-1,4,4,6,1,393,452,816
179,86,86,835,835,0,164,164,854,854,0,0.0015317063208414173,0.0015317063208414173,850,850,0,-1,2,2,17,8,210,186,433
180,122,122,908,908,0,78,78,811,811,0,0.001497668402600497,0.001497668402600497,849,849,0,-1,3,3,8,18,218,54,932
181,71,71,897,897,0,22,22,792,792,0,0.0019741992579733825,0.0019741992579733825,893,893,0,-1,3,3,2,17,943,180,446
182,0,102,1,945,944,0,3,1,376,375,0.0,0.0002382654276864427,1,599,598,4,-1,5,2,0,838,855,557
183,0,102,1,919,918,0,6,1,356,355,0.0,0.00017018959120460194,1,532,531,4,-1,5,5,0,386,884,581
184,0,102,1,891,890,0,20,1,371,370,0.0,0.00017018959120460194,1,541,540,4,-1,5,15,1,110,730,724
185,26,232,684,963,279,60,60,685,685,0,0.00034037918240920387,0.0016338200755641784,649,864,215,3,3,3,9,4,316,557,63
186,22,22,678,678,0,62,62,830,830,0,0.0008169100377820892,0.0008169100377820892,782,782,0,-1,3,3,7,4,305,440,276
187,18,119,681,936,255,20,20,594,594,0,0.0004765308553728854,0.0005105687736138058,709,719,10,5,4,4,4,6,649,447,593
188,2,208,351,959,608,13,21,370,422,52,0.0,0.0005105687736138058,1,699,698,3,5,4,10,1,241,503,473
189,0,206,1,941,940,0,30,1,399,398,0.0,0.00013615167296368154,1,497,496,3,-1,4,16,0,134,502,346
190,20,122,720,950,230,18,18,651,651,0,0.0002042275094455223,0.0004084550188910446,582,678,96,4,4,4,3,8,699,286,248
191,0,102,1,922,921,0,5,1,376,375,0.0,6.807583648184077e-05,1,448,447,4,-1,5,3,0,834,932,270
192,6,108,407,894,487,28,28,478,478,0,0.00034037918240920387,0.000442492937131965,645,701,56,4,4,4,8,2,434,805,711
193,23,229,658,967,309,58,58,706,706,0,0.00037441710065012424,0.0010211375472276116,661,802,141,3,3,3,8,4,218,339,340
194,139,241,956,976,20,32,32,894,894,0,0.00439089145307873,0.004663194799006093,951,953,2,4,3,3,2,27,763,88,490
195,0,206,1,967,966,0,18,1,502,501,0.0,0.000442492937131965,1,696,695,3,-1,4,5,0,665,819,327
196,0,206,1,943,942,0,53,1,492,491,0.0,0.0006467204465774873,1,742,741,3,-1,4,15,0,37,994,497
197,33,239,832,982,150,22,22,843,843,0,0.0006807583648184077,0.002110350930937064,762,903,141,3,3,3,2,6,942,432,147
198,10,10,624,624,0,12,12,653,653,0,0.0007828721195411688,0.0007828721195411688,783,783,0,-1,4,4,2,3,841,351,822
199,16,117,554,903,349,62,62,603,603,0,0.00013615167296368154,0.00013615167296368154,507,507,0,5,3,3,12,1,212,609,893
200,90,296,903,981,78,50,50,848,848,0,0.002280540522141666,0.002382654276864427,898,903,5,3,3,3,5,22,848,203,152
201,0,0,1,1,0,0,0,1,1,0,0.0,0.0,1,1,0,-1,-1,-1,3,0,756,678,712
202,0,102,1,952,951,0,4,1,376,375,0.0,0.00013615167296368154,1,512,511,4,-1,5,3,0,576,815,710
203,0,102,1,897,896,0,10,1,403,402,0.0,0.0002723033459273631,1,603,602,4,-1,5,5,0,793,884,381
204,0,102,1,919,918,0,11,1,402,401,0.0,0.0004084550188910446,1,677,676,4,-1,5,7,0,697,725,160
205,0,616,1,994,993,0,44,1,591,590,0.0,0.0012253650566731338,1,824,823,2,-1,3,9,0,180,850,612
206,36,36,733,733,0,64,64,692,692,0,0.0005105687736138058,0.0005105687736138058,695,695,0,-1,3,3,9,8,164,345,359
207,15,15,732,732,0,8,8,576,576,0,0.0002723033459273631,0.0002723033459273631,632,632,0,-1,4,4,2,5,974,510,954
208,10,112,548,916,368,18,18,493,493,0,6.807583648184077e-05,0.00013615167296368154,450,511,61,4,4,4,5,4,492,220,870
209,32,133,816,960,144,22,22,828,828,0,0.0013955546478777359,0.0013955546478777359,857,857,0,8,3,3,2,8,757,497,626
210,12,113,599,937,338,12,12,481,481,0,0.0006126825283365669,0.0006467204465774873,741,752,11,5,4,4,4,6,424,613,708
211,2,618,352,990,638,28,96,409,665,256,0.0,0.0027911092957554717,1,911,910,2,5,3,15,1,65,594,13
212,0,0,1,1,0,0,0,1,1,0,0.0,0.0,1,1,0,-1,-1,-1,3,0,842,783,608
213,6,6,461,461,0,16,16,554,554,0,0.00013615167296368154,0.00013615167296368154,520,520,0,-1,4,4,4,1,617,891,977
214,0,101,1,916,915,0,3,1,332,331,0.0,0.00017018959120460194,1,538,537,5,-1,6,3,0,645,643,279
215,6,108,433,922,489,14,14,558,558,0,3.4037918240920386e-05,0.00010211375472276115,393,487,94,4,4,4,3,4,726,512,263
216,0,206,1,955,954,0,17,1,401,400,0.0,0.00013615167296368154,1,508,507,3,-1,4,9,2,136,431,526
217,3,3,452,452,0,5,5,411,411,0,3.4037918240920386e-05,3.4037918240920386e-05,415,415,0,-1,5,5,3,2,584,430,916
218,6,6,432,432,0,14,14,457,457,0,3.4037918240920386e-05,3.4037918240920386e-05,402,402,0,-1,4,4,5,2,492,342,751
219,40,246,719,958,239,118,118,770,770,0,0.0004765308553728854,0.0006467204465774873,687,738,51,3,2,2,15,1,37,904,424
220,8,110,574,953,379,10,10,534,534,0,0.00013615167296368154,0.00030634126416828345,531,629,98,4,4,4,3,2,654,791,465
221,38,654,740,994,254,90,100,771,811,40,0.0004765308553728854,0.003199564314646516,696,927,231,2,3,3,12,4,93,233,74
222,0,101,1,948,947,0,2,1,331,330,0.0,0.0,1,1,0,5,-1,6,2,0,895,969,662
223,0,0,1,1,0,0,0,1,1,0,0.0,0.0,1,1,0,-1,-1,-1,2,0,873,200,913
224,2,208,362,969,607,6,24,375,649,274,0.0,0.00439089145307873,1,952,951,3,5,4,4,3,641,578,31
225,6,212,390,952,562,17,28,396,475,79,0.0,0.00088498587426393,1,784,783,3,4,4,8,1,370,896,227
226,36,36,751,751,0,44,44,671,671,0,0.00013615167296368154,0.00013615167296368154,510,510,0,-1,3,3,7,5,299,182,790
227,36,242,770,968,198,72,72,826,826,0,0.0013615167296368155,0.0020422750944552232,842,888,46,3,3,3,7,5,466,403,194
228,0,101,1,885,884,0,9,1,331,330,0.0,0.0,1,1,0,7,-1,8,9,0,381,777,448
229,0,0,1,1,0,0,0,1,1,0,0.0,0.0,1,1,0,-1,-1,-1,9,0,319,571,987
230,10,216,551,969,418,24,24,636,636,0,0.0002042275094455223,0.0009190237925048504,562,803,241,3,4,4,4,3,711,222,226
231,1,102,333,872,539,16,16,333,333,0,0.0,0.0,1,1,0,6,6,6,16,1,42,671,861
232,119,735,923,998,75,60,70,860,910,50,0.0022465026039007454,0.007828721195411689,897,976,79,2,3,3,5,22,492,128,21
233,0,0,1,1,0,0,0,1,1,0,0.0,0.0,1,1,0,-1,-1,-1,14,0,121,979,644
234,90,296,921,986,65,18,18,649,649,0,0.0026549576227917903,0.003199564314646516,915,927,12,3,4,4,3,28,903,44,138
235,32,32,794,794,0,30,30,762,762,0,0.0008169100377820892,0.0008169100377820892,790,790,0,-1,3,3,4,6,578,114,760
236,12,114,543,908,365,20,20,469,469,0,3.4037918240920386e-05,0.00030634126416828345,405,628,223,4,4,4,6,2,368,549,387
237,58,674,787,994,207,142,160,709,756,47,0.001940161339732462,0.0026549576227917903,879,908,29,2,2,2,21,6,12,258,390
238,164,164,914,914,0,234,234,913,913,0,0.0022465026039007454,0.0022465026039007454,891,891,0,-1,2,2,20,14,88,146,445
239,3,209,390,950,560,22,32,398,475,77,0.0,0.0004765308553728854,1,694,693,3,5,4,12,5,194,225,177
240,83,185,855,951,96,64,64,715,715,0,0.0006807583648184077,0.0007488342013002485,756,767,11,4,3,3,9,17,147,327,617
241,61,61,859,859,0,58,58,946,946,0,0.003778208924742163,0.003778208924742163,939,939,0,-1,2,2,4,9,545,343,968
242,1,207,333,981,648,2,12,333,667,334,0.0,0.008645631233193778,1,980,979,3,6,4,2,1,618,781,11
243,67,169,867,961,94,40,40,799,799,0,0.001497668402600497,0.0016678579938050988,851,869,18,4,3,3,5,17,612,180,652
244,16,118,607,922,315,34,34,673,673,0,0.00017018959120460194,0.0005105687736138058,544,717,173,4,3,3,6,1,266,891,869
245,28,130,723,937,214,34,34,704,704,0,0.0007147962830593281,0.0008509479560230097,765,795,30,4,3,3,4,3,500,616,464
246,0,0,1,1,0,0,0,1,1,0,0.0,0.0,1,1,0,-1,-1,-1,5,0,605,489,436
247,25,126,730,941,211,14,14,534,534,0,0.0004765308553728854,0.0004765308553728854,707,707,0,5,4,4,3,13,836,256,592
248,2,104,375,944,569,5,6,401,443,42,6.807583648184077e-05,0.0002382654276864427,449,603,154,4,5,5,3,1,862,896,188
249,0,101,1,896,895,0,9,1,331,330,0.0,6.807583648184077e-05,1,449,448,5,-1,6,9,0,168,668,755
250,18,18,680,680,0,14,14,543,543,0,0.0004765308553728854,0.0004765308553728854,700,700,0,-1,4,4,3,7,626,303,996
251,2,208,356,968,612,9,16,368,444,76,0.0,0.0002723033459273631,1,607,606,3,5,4,7,1,305,402,407
252,0,206,1,959,958,0,20,1,454,453,0.0,0.0007147962830593281,1,764,763,3,-1,4,8,0,260,777,559
253,8,8,535,535,0,16,16,571,571,0,0.0008169100377820892,0.0008169100377820892,788,788,0,-1,4,4,4,4,461,440,813
254,0,206,1,945,944,0,34,1,407,406,0.0,0.0002042275094455223,1,562,561,3,-1,4,17,0,73,205,229
255,14,116,602,926,324,14,14,477,477,0,6.807583648184077e-05,0.0002723033459273631,461,611,150,4,4,4,5,6,478,229,365
256,51,153,874,969,95,46,46,970,970,0,0.003608019333537561,0.0036760951700194017,936,938,2,4,2,2,2,7,929,224,799
257,7,109,503,912,409,24,24,522,522,0,0.00010211375472276115,0.00013615167296368154,481,507,26,4,4,4,6,2,345,724,718
258,16,222,579,968,389,39,44,647,670,23,0.0004084550188910446,0.0004765308553728854,684,697,13,3,3,3,7,1,299,370,182
259,14,115,534,891,357,32,32,475,475,0,0.0002042275094455223,0.0002382654276864427,566,593,27,5,4,4,10,4,298,319,495
260,3,3,446,446,0,6,6,442,442,0,0.0,0.0,1,1,0,-1,5,5,3,3,600,373,730
261,16,16,586,586,0,36,36,675,675,0,0.0002042275094455223,0.0002042275094455223,561,561,0,-1,3,3,5,2,818,223,883
262,20,122,682,922,240,20,20,563,563,0,0.0005786446100956465,0.0006126825283365669,733,741,8,4,4,4,4,4,759,333,580
263,0,206,1,968,967,0,14,1,452,451,0.0,0.00013615167296368154,1,519,518,3,-1,4,6,0,522,587,149
264,16,632,569,993,424,42,52,600,682,82,0.0004084550188910446,0.0009870996289866913,661,805,144,2,4,3,9,5,389,252,223
265,16,222,539,955,416,112,112,804,804,0,0.0008169100377820892,0.0013955546478777359,759,839,80,3,3,3,12,1,87,612,403
266,0,102,1,944,943,0,4,1,374,373,0.0,6.807583648184077e-05,1,461,460,4,-1,5,3,0,674,784,870
267,18,634,554,989,435,59,73,444,485,41,6.807583648184077e-05,0.0005105687736138058,438,690,252,2,4,3,23,4,57,581,829
268,6,108,401,886,485,36,38,429,437,8,6.807583648184077e-05,0.00030634126416828345,456,621,165,4,4,4,15,2,32,560,521
269,0,102,1,922,921,0,7,1,397,396,0.0,0.00017018959120460194,1,542,541,4,-1,5,4,0,313,944,891
270,0,101,1,967,966,0,2,1,330,329,0.0,0.00010211375472276115,1,499,498,5,-1,6,2,0,936,995,362
271,4,210,460,977,517,6,14,427,565,138,6.807583648184077e-05,0.0019061234214915416,469,888,419,3,5,4,3,2,958,586,141
272,73,73,914,914,0,48,48,962,962,0,0.0021784267674189047,0.0021784267674189047,904,904,0,-1,3,3,3,18,600,148,745
273,0,102,1,915,914,0,7,1,372,371,0.0,0.0,1,1,0,4,-1,5,5,1,773,828,581
274,0,101,1,878,877,0,10,1,331,330,0.0,0.0,1,1,0,5,-1,6,10,0,298,872,679
275,0,0,1,1,0,0,0,1,1,0,0.0,0.0,1,1,0,-1,-1,-1,8,1,303,835,888
276,0,616,1,990,989,0,56,1,503,502,0.0,0.0009870996289866913,1,802,801,2,-1,3,16,2,151,752,759
277,62,62,844,844,0,102,102,934,934,0,0.0013955546478777359,0.0013955546478777359,840,840,0,-1,2,2,8,5,454,306,951
278,0,0,1,1,0,0,0,1,1,0,0.0,0.0,1,1,0,-1,-1,-1,2,0,957,735,228
279,0,0,1,1,0,0,0,1,1,0,0.0,0.0,1,1,0,-1,-1,-1,11,0,379,574,705
280,0,101,1,964,963,0,2,1,329,328,0.0,0.0,1,1,0,5,-1,6,2,0,865,821,682
281,6,212,404,960,556,29,33,522,563,41,3.4037918240920386e-05,0.00013615167296368154,408,522,114,3,4,4,7,2,374,492,904
282,19,120,725,949,224,14,14,581,581,0,0.00034037918240920387,0.000442492937131965,665,700,35,5,4,4,3,13,800,256,627
283,41,41,729,729,0,168,168,865,865,0,0.0014636304843595766,0.0014636304843595766,844,844,0,-1,2,2,17,3,112,299,472
284,2,104,366,930,564,5,7,367,406,39,3.4037918240920386e-05,0.00013615167296368154,408,509,101,4,5,5,4,1,891,781,385
285,0,0,1,1,0,0,0,1,1,0,0.0,0.0,1,1,0,-1,-1,-1,6,0,356,832,751
286,0,206,1,967,966,0,13,1,461,460,0.0,0.0014295925661186562,1,852,851,3,-1,4,5,0,519,983,183
287,668,770,997,998,1,128,128,994,994,0,0.01834643793185609,0.01858470335954253,992,993,1,4,2,2,5,118,311,37,523
288,177,279,956,977,21,84,84,963,963,0,0.003778208924742163,0.003880322679464924,942,942,0,4,2,2,5,30,667,65,646
289,45,251,756,967,211,72,72,734,734,0,0.0005105687736138058,0.0012934408931549745,696,832,136,3,3,3,10,6,109,4,217
290,136,136,942,942,0,76,76,903,903,0,0.0026209197045508697,0.0026209197045508697,911,911,0,-1,3,3,6,17,515,81,800
291,0,102,1,881,880,0,19,1,371,370,0.0,3.4037918240920386e-05,1,405,404,4,-1,5,14,0,47,542,670
292,0,206,1,988,987,0,8,1,588,587,0.0,0.0019741992579733825,1,898,897,3,-1,4,2,1,481,787,105
293,0,0,1,1,0,0,0,1,1,0,0.0,0.0,1,1,0,-1,-1,-1,4,0,553,888,664
294,0,0,1,1,0,0,0,1,1,0,0.0,0.0,1,1,0,-1,-1,-1,10,3,241,753,698
295,0,0,1,1,0,0,0,1,1,0,0.0,0.0,1,1,0,-1,-1,-1,23,0,30,757,890
296,40,142,798,937,139,54,54,871,871,0,0.0012594029749140542,0.0013274788113958951,842,849,7,4,3,3,4,4,759,185,762
297,4,4,469,469,0,3,3,377,377,0,3.4037918240920386e-05,3.4037918240920386e-05,403,403,0,-1,5,5,2,2,895,547,926
298,0,0,1,1,0,0,0,1,1,0,0.0,0.0,1,1,0,-1,-1,-1,4,0,784,815,939
299,24,24,644,644,0,66,66,600,600,0,0.00017018959120460194,0.00017018959120460194,544,544,0,-1,3,3,15,4,110,625,921
300,12,12,549,549,0,15,15,428,428,0,0.0002382654276864427,0.0002382654276864427,591,591,0,-1,4,4,6,4,255,444,922
301,0,206,1,954,953,0,46,1,510,509,0.0,0.0008169100377820892,1,775,774,3,-1,4,13,0,97,999,106
302,0,101,1,920,919,0,3,1,331,330,0.0,3.4037918240920386e-05,1,408,407,5,-1,6,3,0,819,953,547
303,52,52,797,797,0,76,76,818,818,0,0.0007488342013002485,0.0007488342013002485,757,757,0,-1,2,2,9,3,249,173,992
304,33,134,798,952,154,34,34,872,872,0,0.0007147962830593281,0.0007488342013002485,761,767,6,5,3,3,3,5,337,619,503
305,25,231,730,975,245,38,38,845,845,0,0.0011913271384322134,0.002110350930937064,831,882,51,3,3,3,3,4,989,125,166
306,8,214,540,973,433,7,11,405,481,76,0.0002723033459273631,0.0006467204465774873,628,747,119,3,5,4,4,4,423,210,162
307,2,104,358,910,552,9,10,363,374,11,0.0,0.0002723033459273631,1,605,604,4,5,5,7,2,196,656,524
308,0,206,1,966,965,0,10,1,426,425,0.0,6.807583648184077e-05,1,434,433,3,-1,4,4,0,540,801,248
309,0,0,1,1,0,0,0,1,1,0,0.0,0.0,1,1,0,-1,-1,-1,2,0,938,569,426
310,0,0,1,1,0,0,0,1,1,0,0.0,0.0,1,1,0,-1,-1,-1,4,0,740,445,776
311,22,22,716,716,0,40,40,791,791,0,0.001157289220191293,0.001157289220191293,818,818,0,-1,3,3,5,5,463,412,574
312,32,134,753,933,180,46,46,731,731,0,0.0007828721195411688,0.0007828721195411688,779,780,1,4,3,3,6,8,356,417,749
313,0,206,1,977,976,0,8,1,502,501,0.0,0.001599782157323258,1,877,876,3,-1,4,2,0,747,776,95
314,15,117,671,950,279,16,16,578,578,0,0.0006126825283365669,0.0008509479560230097,742,779,37,4,4,4,4,6,794,613,452
315,58,160,838,945,107,80,80,915,915,0,0.0016678579938050988,0.0018040096667687805,863,873,10,4,2,2,6,3,498,616,631
316,164,265,942,970,28,108,108,930,930,0,0.0030974505599237552,0.003165526396405596,929,929,0,5,3,3,8,24,260,13,585
317,30,30,681,681,0,75,75,571,571,0,0.00030634126416828345,0.00030634126416828345,632,632,0,-1,3,3,17,4,112,208,997
318,16,16,618,618,0,36,36,720,720,0,0.00034037918240920387,0.00034037918240920387,639,639,0,-1,3,3,5,1,487,553,988
319,87,293,860,974,114,74,74,785,785,0,0.0019061234214915416,0.002110350930937064,874,882,8,3,3,3,9,18,126,54,741
320,13,114,641,947,306,18,18,675,675,0,0.0005786446100956465,0.0006467204465774873,724,747,23,5,4,4,3,3,628,458,899
321,8,109,620,966,346,4,4,470,470,0,0.00017018959120460194,0.00034037918240920387,555,676,121,5,5,5,2,6,788,486,124
322,6,212,426,963,537,34,42,544,604,60,6.807583648184077e-05,0.0020422750944552232,441,881,440,3,4,4,9,1,388,609,153
323,2,208,380,982,602,6,10,439,536,97,3.4037918240920386e-05,0.0017018959120460194,396,877,481,3,5,4,3,1,798,904,106
324,52,52,850,850,0,30,30,783,783,0,0.0009190237925048504,0.0009190237925048504,801,801,0,-1,3,3,4,15,507,219,798
325,0,0,1,1,0,0,0,1,1,0,0.0,0.0,1,1,0,-1,-1,-1,6,0,489,923,881
326,0,206,1,978,977,0,12,1,644,643,0.0,0.002484768031587188,1,913,912,3,-1,4,2,1,999,948,100
327,62,163,852,949,97,36,36,737,737,0,0.00088498587426393,0.00088498587426393,787,787,0,5,3,3,5,12,290,67,893
328,0,102,1,963,962,0,3,1,397,396,0.0,0.0002382654276864427,1,607,606,4,-1,5,2,0,749,859,536
329,0,102,1,913,912,0,6,1,395,394,0.0,0.00010211375472276115,1,483,482,4,-1,5,3,0,892,866,191
330,3,209,453,976,523,4,8,393,516,123,0.00010211375472276115,0.001055175465468532,495,832,337,3,5,4,2,3,771,441,523
331,0,206,1,971,970,0,16,1,543,542,0.0,0.001497668402600497,1,854,853,3,-1,4,4,0,593,330,158
332,111,213,954,977,23,22,22,852,852,0,0.0024507301133462676,0.002757071377514551,915,926,11,4,3,3,2,33,940,15,165
333,0,102,1,896,895,0,10,1,359,358,0.0,6.807583648184077e-05,1,443,442,4,-1,5,8,0,317,981,679
334,29,131,662,906,244,76,76,602,602,0,0.0002382654276864427,0.00030634126416828345,582,621,39,4,3,3,15,4,65,504,648
335,6,107,513,959,446,4,4,437,437,0,0.00013615167296368154,0.00013615167296368154,519,519,0,6,5,5,2,3,965,353,676
336,0,0,1,1,0,0,0,1,1,0,0.0,0.0,1,1,0,-1,-1,-1,2,0,715,965,426
337,0,206,1,978,977,0,12,1,630,629,0.0,0.002723033459273631,1,923,922,3,-1,4,2,0,776,859,108
338,31,133,789,944,155,30,30,699,699,0,0.001055175465468532,0.0011913271384322134,823,840,17,4,3,3,6,9,594,240,458
339,22,22,631,631,0,62,62,660,660,0,0.00034037918240920387,0.00034037918240920387,657,657,0,-1,3,3,10,2,75,634,324
340,0,0,1,1,0,0,0,1,1,0,0.0,0.0,1,1,0,-1,-1,-1,4,0,650,917,811
341,16,632,560,993,433,60,70,692,747,55,0.0005446066918547262,0.002280540522141666,704,892,188,2,3,3,9,2,178,482,217
342,15,15,575,575,0,36,36,569,569,0,0.0002382654276864427,0.0002382654276864427,577,577,0,-1,4,4,8,5,302,124,620
343,0,102,1,935,934,0,4,1,410,409,0.0,0.001157289220191293,1,824,823,4,-1,5,2,0,733,358,94
344,94,1734,938,1000,62,28,62,843,986,143,0.002995336805200994,0.03577385207120733,927,997,70,1,3,2,3,20,718,38,366
345,0,101,1,965,964,0,2,1,332,331,0.0,0.00010211375472276115,1,490,489,5,-1,6,2,0,873,678,797
346,10,626,584,998,414,16,44,560,878,318,0.0002042275094455223,0.011845195547840293,565,987,422,2,4,3,4,3,597,653,1
347,0,101,1,887,886,0,9,1,330,329,0.0,3.4037918240920386e-05,1,402,401,5,-1,6,9,0,200,845,560
348,6,212,487,975,488,14,14,620,620,0,0.0005786446100956465,0.0011913271384322134,730,837,107,3,4,4,3,1,523,80,340
349,1,102,332,942,610,2,2,332,332,0,0.0,0.0,1,1,0,5,6,6,2,2,938,331,885
350,0,102,1,902,901,0,12,1,399,398,0.0,0.00010211375472276115,1,496,495,4,-1,5,7,0,342,349,667
351,8,110,508,918,410,17,18,432,439,7,0.0002042275094455223,0.0002042275094455223,569,569,0,4,4,4,8,5,158,401,476
352,2,103,377,938,561,4,4,407,407,0,0.00010211375472276115,0.00010211375472276115,497,497,0,5,5,5,2,2,948,648,531
353,0,101,1,894,893,0,7,1,332,331,0.0,6.807583648184077e-05,1,445,444,5,-1,6,7,0,466,801,337
354,9,111,546,927,381,8,8,439,439,0,0.0,6.807583648184077e-05,1,437,436,4,4,4,2,4,893,581,319
355,12,12,547,547,0,34,34,588,588,0,0.0005446066918547262,0.0005446066918547262,712,712,0,-1,4,4,7,3,361,209,445
356,0,206,1,963,962,0,24,1,502,501,0.0,0.0008169100377820892,1,777,776,3,-1,4,8,0,318,908,49
357,2,618,349,990,641,24,56,396,556,160,0.0,0.0007488342013002485,1,760,759,2,5,3,13,2,160,885,186
358,21,123,613,905,292,54,54,618,618,0,0.00030634126416828345,0.000442492937131965,628,674,46,4,4,4,9,8,101,417,323
359,8,214,470,945,475,49,53,473,490,17,0.00013615167296368154,0.0004084550188910446,512,662,150,3,4,4,17,3,210,196,167
360,0,101,1,919,918,0,5,1,331,330,0.0,0.0,1,1,0,5,-1,6,5,0,452,849,924
361,2,2,360,360,0,7,7,405,405,0,3.4037918240920386e-05,3.4037918240920386e-05,407,407,0,-1,5,5,4,1,461,555,937
362,23,125,713,934,221,26,26,727,727,0,0.00034037918240920387,0.0009870996289866913,644,801,157,4,3,3,4,3,655,653,296
363,0,0,1,1,0,0,0,1,1,0,0.0,0.0,1,1,0,-1,-1,-1,9,0,147,433,723
364,2,104,368,934,566,3,4,369,399,30,3.4037918240920386e-05,0.0002382654276864427,394,607,213,4,5,5,2,1,589,503,29
365,0,0,1,1,0,0,0,1,1,0,0.0,0.0,1,1,0,-1,-1,-1,5,0,629,668,851
366,21,21,785,785,0,22,22,877,877,0,0.001055175465468532,0.001055175465468532,827,827,0,-1,3,3,2,4,996,125,867
367,0,0,1,1,0,0,0,1,1,0,0.0,0.0,1,1,0,-1,-1,-1,2,0,973,564,880
368,1,207,333,970,637,4,20,333,569,236,0.0,0.0005105687736138058,1,721,720,3,6,4,4,2,652,292,283
369,0,206,1,979,978,0,8,1,508,507,0.0,0.0006126825283365669,1,754,753,3,-1,4,2,0,232,715,139
370,0,0,1,1,0,0,0,1,1,0,0.0,0.0,1,1,0,-1,-1,-1,4,0,632,860,789
371,0,102,1,913,912,0,6,1,393,392,0.0,0.0002723033459273631,1,622,621,4,-1,5,3,0,737,624,486
372,28,28,750,750,0,28,28,607,607,0,0.0005446066918547262,0.0005446066918547262,712,712,0,-1,4,4,6,6,664,658,975
373,0,206,1,942,941,0,44,1,420,419,0.0,0.0004765308553728854,1,676,675,3,-1,4,20,0,70,488,250
374,24,126,672,921,249,70,70,776,776,0,0.0006467204465774873,0.0007488342013002485,750,777,27,4,3,3,9,3,422,268,239
375,2,103,359,913,554,11,11,419,419,0,0.00010211375472276115,0.00010211375472276115,472,472,0,5,5,5,6,1,575,762,449
376,0,0,1,1,0,0,0,1,1,0,0.0,0.0,1,1,0,-1,-1,-1,2,0,763,426,933
377,24,24,758,758,0,22,22,792,792,0,0.0009870996289866913,0.0009870996289866913,813,813,0,-1,3,3,2,4,937,336,686
378,244,244,967,967,0,130,130,931,931,0,0.0034718676605738795,0.0034718676605738795,935,935,0,-1,3,3,10,30,272,75,201
379,0,616,1,989,988,0,88,1,658,657,0.0,0.002484768031587188,1,906,905,2,-1,3,14,0,198,963,133
380,11,11,649,649,0,8,8,536,536,0,0.0005105687736138058,0.0005105687736138058,717,717,0,-1,4,4,2,6,876,490,800
381,58,58,879,879,0,22,22,796,796,0,0.0015317063208414173,0.0015317063208414173,872,872,0,-1,3,3,2,13,948,261,608
382,7,7,586,586,0,4,4,447,447,0,0.0002382654276864427,0.0002382654276864427,619,619,0,-1,5,5,2,7,914,371,769
383,0,101,1,914,913,0,5,1,332,331,0.0,3.4037918240920386e-05,1,409,408,5,-1,6,5,0,531,669,311
384,40,40,840,840,0,24,24,759,759,0,0.001055175465468532,0.001055175465468532,821,821,0,-1,4,4,4,20,480,189,457
385,6,6,377,377,0,50,50,414,414,0,3.4037918240920386e-05,3.4037918240920386e-05,400,400,0,-1,4,4,23,1,57,879,848
386,16,632,580,994,414,74,78,796,803,7,0.0002042275094455223,0.0017018959120460194,578,869,291,2,3,3,8,1,186,168,161
387,47,47,786,786,0,63,63,657,657,0,0.0005105687736138058,0.0005105687736138058,705,705,0,-1,2,2,11,4,155,319,455
388,18,18,634,634,0,26,26,548,548,0,0.0002382654276864427,0.0002382654276864427,580,580,0,-1,4,4,7,6,305,247,951
389,0,0,1,1,0,0,0,1,1,0,0.0,0.0,1,1,0,-1,-1,-1,4,0,550,744,932
390,1,1,333,333,0,3,3,333,333,0,0.0,0.0,1,1,0,-1,7,7,3,1,471,703,445
391,139,241,943,974,31,60,60,886,886,0,0.0020422750944552232,0.002280540522141666,880,895,15,4,3,3,5,23,528,66,584
392,24,24,647,647,0,50,50,608,608,0,0.00013615167296368154,0.00013615167296368154,498,498,0,-1,3,3,10,4,272,622,982
393,6,107,417,906,489,26,26,488,488,0,0.00017018959120460194,0.0002042275094455223,548,574,26,5,4,4,7,2,216,532,476
394,8,8,565,565,0,14,14,628,628,0,0.00030634126416828345,0.00030634126416828345,643,643,0,-1,4,4,3,3,879,458,685
395,154,256,925,963,38,164,164,895,895,0,0.0033016780693692774,0.0033016780693692774,928,928,0,4,2,2,15,18,95,171,555
396,0,102,1,917,916,0,7,1,374,373,0.0,0.00017018959120460194,1,544,543,4,-1,5,5,0,766,358,121
397,0,206,1,967,966,0,20,1,531,530,0.0,0.0009530617107457708,1,802,801,3,-1,4,4,0,385,812,281
398,0,206,1,965,964,0,32,1,627,626,0.0,0.0034037918240920387,1,933,932,3,-1,4,6,0,441,918,75
399,23,125,675,920,245,100,100,831,831,0,0.0007828721195411688,0.0008509479560230097,762,777,15,4,3,3,10,5,293,589,791
400,23,23,643,643,0,84,84,653,653,0,0.0002042275094455223,0.0002042275094455223,558,558,0,-1,3,3,15,4,102,339,728
401,41,247,768,966,198,94,94,843,843,0,0.0015317063208414173,0.0021784267674189047,855,890,35,3,3,3,9,5,316,393,195
402,0,0,1,1,0,0,0,1,1,0,0.0,0.0,1,1,0,-1,-1,-1,7,0,472,834,948
403,28,130,647,893,246,110,110,700,700,0,0.0005446066918547262,0.0006467204465774873,703,722,19,4,3,3,17,3,23,236,694
404,0,206,1,965,964,0,20,1,489,488,0.0,0.0002382654276864427,1,600,599,3,-1,4,6,0,345,901,510
405,100,100,845,845,0,100,100,587,587,0,0.00878178290615746,0.00881582082439838,968,969,1,4,1,1,19,12,35,58,771
406,24,126,751,947,196,26,26,781,781,0,0.00037441710065012424,0.0007488342013002485,675,772,97,4,3,3,4,3,721,519,145
407,0,616,1,998,997,0,24,1,772,771,0.0,0.003437829742332959,1,928,927,2,-1,3,3,0,583,800,157
408,56,672,760,992,232,124,146,700,752,52,0.00037441710065012424,0.0018380475850097008,652,870,218,2,3,3,19,7,38,115,91
409,0,1640,1,1000,999,0,124,1,820,819,0.0,0.009156200006807584,1,978,977,1,-1,2,13,1,92,828,50
410,756,962,997,999,2,272,272,999,999,0,0.018040096667687803,0.019776030497974745,995,995,0,3,2,2,11,118,176,37,94
411,0,102,1,893,892,0,13,1,368,367,0.0,0.00010211375472276115,1,476,475,4,-1,5,10,2,409,462,722
412,0,206,1,963,962,0,44,1,644,643,0.0,0.0037441710065012424,1,936,935,3,-1,4,8,0,454,569,20
413,0,206,1,964,963,0,24,1,488,487,0.0,0.001055175465468532,1,806,805,3,-1,4,8,0,371,826,261
414,5,211,429,970,541,5,14,375,511,136,0.00013615167296368154,0.0006467204465774873,522,741,219,3,5,4,3,3,892,411,474
415,36,242,724,963,239,68,68,713,713,0,0.00088498587426393,0.003642057251778481,785,941,156,3,3,3,8,6,370,289,142
416,57,57,876,876,0,22,22,815,815,0,0.0013615167296368155,0.0013615167296368155,853,853,0,-1,3,3,2,14,980,139,669
417,2,208,369,973,604,4,8,372,484,112,0.0,0.0002382654276864427,1,595,594,3,5,4,3,3,583,460,447
418,28,234,715,971,256,30,30,664,664,0,0.00030634126416828345,0.0014295925661186562,632,854,222,3,3,3,4,3,300,519,147
419,0,206,1,945,944,0,36,1,429,428,0.0,0.0007488342013002485,1,750,749,3,-1,4,14,0,133,968,67
420,100,306,868,970,102,116,116,832,832,0,0.001940161339732462,0.0021784267674189047,878,892,14,3,2,2,12,13,252,335,557
421,21,122,702,939,237,18,18,614,614,0,0.0009190237925048504,0.0009530617107457708,806,808,2,5,4,4,3,6,743,471,503
422,0,101,1,905,904,0,6,1,332,331,0.0,3.4037918240920386e-05,1,396,395,5,-1,6,6,1,419,513,476
423,75,691,840,992,152,96,110,813,858,45,0.0012934408931549745,0.0036760951700194017,833,938,105,2,2,2,10,11,206,162,122
424,366,566,993,998,5,48,48,945,945,0,0.009190237925048503,0.010790020082371761,982,985,3,3,3,3,3,92,835,30,44
425,0,101,1,926,925,0,4,1,332,331,0.0,6.807583648184077e-05,1,453,452,5,-1,6,4,0,461,728,380
426,14,115,594,928,334,20,20,548,548,0,0.00030634126416828345,0.00030634126416828345,631,631,0,9,4,4,4,3,870,93,647
427,0,206,1,972,971,0,12,1,495,494,0.0,0.001157289220191293,1,832,831,3,-1,4,4,0,543,649,122
428,45,146,807,942,135,32,32,657,657,0,0.0010892133837094523,0.0011232513019503727,812,815,3,6,4,4,6,12,575,67,896
429,6,108,382,878,496,50,50,470,470,0,0.0,3.4037918240920386e-05,1,391,390,4,4,4,16,1,195,449,463
430,0,0,1,1,0,0,0,1,1,0,0.0,0.0,1,1,0,-1,-1,-1,7,2,698,775,926
431,6,622,424,996,572,22,44,484,684,200,0.00010211375472276115,0.001055175465468532,486,813,327,2,4,3,7,1,343,870,224
432,77,283,889,981,92,64,64,926,926,0,0.003199564314646516,0.007658531604207087,922,975,53,3,2,2,5,14,291,139,32
433,236,338,968,977,9,88,88,963,963,0,0.006501242384015794,0.006671431975220395,971,971,0,4,2,2,4,31,410,76,450
434,17,223,642,972,330,10,18,432,553,121,0.0002042275094455223,0.0009870996289866913,562,812,250,3,4,4,3,6,704,279,289
435,1,102,332,970,638,2,2,332,332,0,0.0,3.4037918240920386e-05,1,409,408,5,6,6,2,1,884,807,639
436,0,0,1,1,0,0,0,1,1,0,0.0,0.0,1,1,0,-1,-1,-1,3,0,708,502,831
437,148,148,934,934,0,116,116,957,957,0,0.003948398515946765,0.003948398515946765,945,945,0,-1,2,2,7,20,179,95,539
438,32,134,766,937,171,34,34,765,765,0,0.0014636304843595766,0.0015317063208414173,855,856,1,4,3,3,4,5,675,283,238
439,0,616,1,994,993,0,97,1,576,575,0.0,0.002110350930937064,1,886,885,2,-1,3,21,0,1,923,36
440,0,0,1,1,0,0,0,1,1,0,0.0,0.0,1,1,0,-1,-1,-1,3,0,745,737,900
441,0,102,1,933,932,0,7,1,418,417,0.0,0.00010211375472276115,1,493,492,4,-1,5,4,0,679,766,681
442,0,0,1,1,0,0,0,1,1,0,0.0,0.0,1,1,0,-1,-1,-1,11,0,230,651,907
443,60,162,845,949,104,76,76,893,893,0,0.0023486163586235067,0.0026549576227917903,900,919,19,4,3,3,6,12,402,104,296
444,16,118,566,907,341,92,92,779,779,0,0.000442492937131965,0.0005786446100956465,684,722,38,4,3,3,11,2,224,482,149
445,2,104,349,890,541,12,15,360,375,15,0.0,0.00013615167296368154,1,509,508,4,5,5,10,2,135,721,365
446,544,646,993,997,4,110,110,974,974,0,0.014023622315259198,0.014398039415909322,989,989,0,4,2,2,6,91,441,7,294
447,0,0,1,1,0,0,0,1,1,0,0.0,0.0,1,1,0,-1,-1,-1,23,0,4,790,995
448,0,206,1,959,958,0,22,1,477,476,0.0,0.0007147962830593281,1,765,764,3,-1,4,7,0,265,985,559
449,1,103,332,939,607,3,6,332,428,96,0.0,0.00037441710065012424,1,667,666,4,7,5,3,1,835,703,379
450,0,0,1,1,0,0,0,1,1,0,0.0,0.0,1,1,0,-1,-1,-1,4,0,500,914,895
451,26,26,707,707,0,44,44,687,687,0,0.0004765308553728854,0.0004765308553728854,691,691,0,-1,3,3,7,5,450,241,790
452,8,110,520,918,398,26,26,611,611,0,0.00030634126416828345,0.00030634126416828345,632,632,0,4,4,4,5,2,467,634,164
453,568,670,995,998,3,144,144,995,995,0,0.01501072194424589,0.015180911535450491,990,990,0,4,2,2,6,91,549,7,424
454,56,672,760,992,232,194,204,864,877,13,0.0012594029749140542,0.0024166921951053475,818,903,85,2,2,2,19,4,38,143,138
455,32,238,722,968,246,82,82,849,849,0,0.0007147962830593281,0.0010892133837094523,755,808,53,3,3,3,7,3,436,525,217
456,125,226,931,972,41,30,30,731,731,0,0.0027911092957554717,0.0027911092957554717,920,920,0,5,3,3,4,28,949,41,421
457,2,208,357,959,602,15,35,401,531,130,0.0,0.0006467204465774873,1,751,750,3,5,4,8,2,186,690,145
458,0,0,1,1,0,0,0,1,1,0,0.0,0.0,1,1,0,-1,-1,-1,13,2,120,752,814
459,42,248,770,969,199,51,56,680,722,42,0.002280540522141666,0.002314578440382586,896,897,1,3,2,2,8,2,236,547,380
460,19,121,658,921,263,33,33,660,660,0,0.00017018959120460194,0.00034037918240920387,546,649,103,4,3,3,6,5,98,710,689
461,17,223,659,965,306,28,28,547,547,0,6.807583648184077e-05,0.0010211375472276116,449,808,359,3,4,4,8,6,318,229,352
462,241,343,957,980,23,232,232,956,956,0,0.003165526396405596,0.0034037918240920387,927,929,2,4,2,2,15,22,37,116,653
463,0,0,1,1,0,0,0,1,1,0,0.0,0.0,1,1,0,-1,-1,-1,23,1,30,792,604
464,0,0,1,1,0,0,0,1,1,0,0.0,0.0,1,1,0,-1,-1,-1,12,0,87,804,675
465,3,105,500,976,476,4,4,526,526,0,0.0002723033459273631,0.0004084550188910446,631,687,56,4,5,5,2,3,973,197,509
466,0,206,1,950,949,0,23,1,421,420,0.0,0.00017018959120460194,1,548,547,3,-1,4,11,0,155,917,164
467,180,282,941,968,27,120,120,891,891,0,0.0035059055788147996,0.0035059055788147996,935,935,0,4,3,3,10,26,206,112,721
468,10,216,505,955,450,50,50,518,518,0,0.00010211375472276115,0.0002382654276864427,479,581,102,3,4,4,15,3,138,214,904
469,85,85,866,866,0,50,50,718,718,0,0.0012253650566731338,0.0012253650566731338,831,831,0,-1,3,3,8,18,270,147,709
470,22,228,647,962,315,80,80,789,789,0,0.0004765308553728854,0.0006807583648184077,699,742,43,3,3,3,9,2,316,101,688
471,14,14,635,635,0,14,14,508,508,0,0.0005446066918547262,0.0005446066918547262,720,720,0,-1,4,4,5,6,376,516,644
472,16,222,602,965,363,26,34,526,589,63,0.00010211375472276115,0.0006126825283365669,486,741,255,3,3,3,8,1,158,337,211
473,0,102,1,911,910,0,8,1,409,408,0.0,0.000442492937131965,1,694,693,4,-1,5,4,0,235,254,272
474,156,257,933,969,36,100,100,811,811,0,0.002144388849177984,0.002144388849177984,892,892,0,5,3,3,10,23,189,66,398
475,6,108,401,894,493,28,28,481,481,0,6.807583648184077e-05,0.00010211375472276115,437,471,34,4,4,4,8,1,411,463,631
476,12,212,648,981,333,18,18,696,696,0,0.0004765308553728854,0.003778208924742163,713,941,228,3,4,4,3,2,718,475,126
477,0,0,1,1,0,0,0,1,1,0,0.0,0.0,1,1,0,-1,-1,-1,5,0,456,776,898
478,1,102,331,974,643,2,2,331,331,0,6.807583648184077e-05,0.00013615167296368154,458,526,68,5,6,6,2,2,978,313,659
479,0,102,1,944,943,0,3,1,378,377,0.0,3.4037918240920386e-05,1,407,406,4,-1,5,2,0,986,782,862
480,0,0,1,1,0,0,0,1,1,0,0.0,0.0,1,1,0,-1,-1,-1,3,0,712,657,737
481,0,206,1,982,981,0,7,1,495,494,0.0,0.0009870996289866913,1,813,812,3,-1,4,2,0,938,900,193
482,21,227,657,969,312,32,32,661,661,0,0.0005105687736138058,0.0009870996289866913,700,799,99,3,3,3,5,4,546,645,172
483,0,0,1,1,0,0,0,1,1,0,0.0,0.0,1,1,0,-1,-1,-1,8,1,383,568,783
484,16,16,536,536,0,63,63,632,632,0,0.00030634126416828345,0.00030634126416828345,625,625,0,-1,3,3,12,1,184,360,886
485,26,232,653,953,300,96,96,620,620,0,0.00030634126416828345,0.0006126825283365669,624,721,97,3,4,4,18,8,34,302,150
486,0,0,1,1,0,0,0,1,1,0,0.0,0.0,1,1,0,-1,-1,-1,4,1,777,895,943
487,16,222,624,973,349,34,34,786,786,0,0.00030634126416828345,0.0005786446100956465,637,748,111,3,3,3,4,1,740,759,380
488,0,0,1,1,0,0,0,1,1,0,0.0,0.0,1,1,0,-1,-1,-1,4,0,593,796,787
489,6,108,412,903,491,30,30,536,536,0,0.00010211375472276115,0.000442492937131965,475,680,205,4,4,4,7,1,366,394,505
490,0,206,1,950,949,0,58,1,551,550,0.0,0.0016678579938050988,1,859,858,3,-1,4,13,1,120,780,35
491,8,109,540,933,393,12,12,485,485,0,0.00010211375472276115,0.00013615167296368154,489,518,29,5,4,4,4,2,475,586,687
492,62,62,810,810,0,88,88,687,687,0,0.00088498587426393,0.00088498587426393,789,789,0,-1,3,3,12,7,239,422,745
493,18,634,574,991,417,61,94,538,655,117,0.0004084550188910446,0.0024166921951053475,664,905,241,2,4,3,15,3,49,307,65
494,22,123,621,900,279,78,78,614,614,0,0.00034037918240920387,0.00037441710065012424,635,653,18,5,3,3,15,3,32,121,781
495,18,18,611,611,0,48,48,592,592,0,0.0002382654276864427,0.0002382654276864427,588,588,0,-1,4,4,10,5,258,688,457
496,50,50,842,842,0,40,40,835,835,0,0.0009190237925048504,0.0009190237925048504,804,804,0,-1,3,3,4,6,559,194,200
497,733,835,997,998,1,184,184,999,999,0,0.016474352428605468,0.016882807447496512,989,991,2,4,2,2,7,118,364,37,294
498,1,207,333,939,606,17,35,333,408,75,0.0,0.00013615167296368154,1,506,505,3,6,4,17,1,80,640,132
499,44,145,871,978,107,12,12,716,716,0,0.00176997174852786,0.00176997174852786,881,881,0,6,4,4,2,13,985,261,582
500,6,6,458,458,0,26,26,679,679,0,0.0004084550188910446,0.0004084550188910446,678,678,0,-1,4,4,5,1,685,666,941
501,96,96,870,870,0,130,130,903,903,0,0.0016678579938050988,0.0016678579938050988,862,862,0,-1,2,2,11,11,215,83,713
502,28,129,706,921,215,66,66,809,809,0,0.00034037918240920387,0.00037441710065012424,635,651,16,6,3,3,8,3,521,173,437
503,46,252,866,985,119,18,18,696,696,0,0.0012934408931549745,0.004050512270669526,844,944,100,3,4,4,3,14,718,68,105
504,6,1646,384,1000,616,61,150,453,721,268,3.4037918240920386e-05,0.006909697402906838,398,962,564,1,4,2,22,2,55,342,88
505,6,108,439,922,483,22,22,539,539,0,0.0002382654276864427,0.0005786446100956465,586,730,144,4,4,4,5,2,531,652,198
506,0,206,1,971,970,0,20,1,512,511,0.0,0.0011232513019503727,1,819,818,3,-1,4,6,1,405,428,180
507,512,718,992,994,2,204,204,987,987,0,0.011096361346540046,0.011709043874876613,981,982,1,3,2,2,11,75,155,24,277
508,6,107,498,947,449,8,8,520,520,0,3.4037918240920386e-05,0.00013615167296368154,408,526,118,5,4,4,2,1,817,862,409
509,68,274,818,967,149,98,98,776,776,0,0.0006126825283365669,0.00088498587426393,725,775,50,3,2,2,12,7,62,389,191
510,12,12,540,540,0,24,24,476,476,0,0.00017018959120460194,0.00017018959120460194,544,544,0,-1,4,4,8,2,142,499,961
511,0,206,1,970,969,0,10,1,445,444,0.0,0.0012253650566731338,1,830,829,3,-1,4,3,1,645,835,497
512,6,212,470,976,506,4,8,404,484,80,0.00017018959120460194,0.0010211375472276116,542,822,280,3,5,4,2,4,904,156,397
513,1,1,332,332,0,2,2,332,332,0,0.0,0.0,1,1,0,-1,8,8,2,1,847,972,839
514,1,103,333,868,535,19,27,333,373,40,0.0,6.807583648184077e-05,1,438,437,4,7,5,19,1,38,857,451
515,19,635,668,998,330,40,50,767,829,62,0.0002042275094455223,0.0017359338302869397,580,866,286,2,3,3,5,5,438,395,407
516,0,102,1,906,905,0,6,1,373,372,0.0,6.807583648184077e-05,1,449,448,4,-1,5,4,0,638,980,710
517,28,130,720,933,213,34,34,729,729,0,0.0002042275094455223,0.00037441710065012424,577,659,82,4,3,3,4,4,614,233,840
518,16,118,507,890,383,154,154,736,736,0,0.0002042275094455223,0.0002723033459273631,561,609,48,4,3,3,21,1,12,553,411
519,988,1194,1000,1000,0,414,414,995,995,0,0.016270124919159943,0.016406276592123625,993,993,0,3,2,2,19,118,46,37,486
520,0,0,1,1,0,0,0,1,1,0,0.0,0.0,1,1,0,-1,-1,-1,6,0,399,620,778
521,6,6,555,555,0,12,12,731,731,0,0.0002042275094455223,0.0002042275094455223,572,572,0,-1,4,4,2,1,959,741,715
522,16,118,690,955,265,18,18,796,796,0,0.00017018959120460194,0.00017018959120460194,544,544,0,4,3,3,2,1,723,756,506
523,2,2,362,362,0,3,3,363,363,0,0.0,0.0,1,1,0,-1,5,5,2,1,846,530,488
524,28,130,780,956,176,32,32,937,937,0,0.0020082371762143027,0.0027911092957554717,893,923,30,4,3,3,2,4,705,281,92
525,93,195,944,978,34,18,18,843,843,0,0.002212464685659825,0.002757071377514551,910,924,14,4,3,3,2,24,995,119,336
526,0,101,1,905,904,0,4,1,332,331,0.0,0.0,1,1,0,5,-1,6,4,0,500,934,364
527,196,297,955,974,19,158,158,977,977,0,0.0035739814152966403,0.003642057251778481,933,937,4,5,2,2,9,23,319,106,279
528,0,0,1,1,0,0,0,1,1,0,0.0,0.0,1,1,0,-1,-1,-1,19,0,36,740,894
529,0,206,1,935,934,0,50,1,423,422,0.0,0.0006807583648184077,1,738,737,3,-1,4,22,0,22,916,159
530,9,215,643,990,347,12,12,710,710,0,0.0005786446100956465,0.001055175465468532,735,826,91,3,4,4,2,3,997,268,418
531,0,206,1,978,977,0,9,1,541,540,0.0,0.000442492937131965,1,693,692,3,-1,4,3,0,911,986,710
532,18,119,608,907,299,70,70,742,742,0,0.00030634126416828345,0.00030634126416828345,630,630,0,5,3,3,9,3,208,541,743
533,149,251,973,986,13,22,22,837,837,0,0.0053439531638245,0.005616256509751864,960,962,2,4,3,3,2,49,618,51,528
534,75,176,866,954,88,52,52,760,760,0,0.0012253650566731338,0.0012253650566731338,824,824,0,6,3,3,7,15,141,62,763
535,2,2,350,350,0,11,11,361,361,0,3.4037918240920386e-05,3.4037918240920386e-05,402,402,0,-1,5,5,9,3,100,708,942
536,0,101,1,946,945,0,3,1,328,327,0.0,3.4037918240920386e-05,1,402,401,5,-1,6,3,0,796,276,392
537,6,6,372,372,0,47,47,377,377,0,0.0,0.0,1,1,0,-1,4,4,30,1,7,402,898
538,0,206,1,976,975,0,12,1,582,581,0.0,0.0016678579938050988,1,878,877,3,-1,4,2,0,689,971,95
539,16,118,768,969,201,12,12,757,757,0,0.00088498587426393,0.0009870996289866913,800,811,11,4,4,4,2,6,873,471,418
540,16,16,675,675,0,7,7,493,493,0,0.0002382654276864427,0.0002382654276864427,592,592,0,-1,4,4,2,6,757,258,678
541,0,0,1,1,0,0,0,1,1,0,0.0,0.0,1,1,0,-1,-1,-1,10,1,205,513,554
542,32,134,752,938,186,56,56,821,821,0,0.0013274788113958951,0.0015317063208414173,840,855,15,4,3,3,6,6,267,114,229
543,33,239,769,973,204,44,44,716,716,0,0.0005786446100956465,0.0011913271384322134,731,834,103,3,3,3,7,7,305,329,440
544,22,22,625,625,0,88,88,723,723,0,0.0002723033459273631,0.0002723033459273631,621,621,0,-1,3,3,12,3,222,525,916
545,934,934,998,998,0,336,336,1000,1000,0,0.01756356581231492,0.01756356581231492,993,993,0,-1,2,2,12,118,52,37,914
546,12,114,595,938,343,18,18,647,647,0,0.0002382654276864427,0.00037441710065012424,586,659,73,4,4,4,3,4,839,346,334
547,0,101,1,935,934,0,3,1,331,330,0.0,6.807583648184077e-05,1,461,460,5,-1,6,3,0,433,967,408
548,2,2,362,362,0,5,5,363,363,0,0.0,0.0,1,1,0,-1,5,5,4,2,824,292,359
549,0,0,1,1,0,0,0,1,1,0,0.0,0.0,1,1,0,-1,-1,-1,12,0,184,520,522
550,2,104,369,925,556,4,4,369,369,0,0.0,0.0,1,1,0,4,5,5,3,1,585,593,361
551,0,206,1,967,966,0,20,1,496,495,0.0,0.0010211375472276116,1,794,793,3,-1,4,6,0,556,498,171
552,0,101,1,953,952,0,2,1,331,330,0.0,6.807583648184077e-05,1,471,470,5,-1,6,2,0,914,926,572
553,16,118,724,963,239,12,12,681,681,0,0.0007828721195411688,0.0012253650566731338,773,841,68,4,4,4,2,5,830,393,148
554,10,112,600,942,342,10,10,493,493,0,0.0002382654276864427,0.00030634126416828345,596,636,40,4,4,4,3,3,958,378,785
555,73,73,928,928,0,28,28,898,898,0,0.00439089145307873,0.00439089145307873,951,951,0,-1,3,3,3,19,668,135,940
556,16,118,725,964,239,22,22,864,864,0,0.000442492937131965,0.0006807583648184077,700,755,55,4,3,3,2,1,742,681,439
557,28,130,706,928,222,50,50,704,704,0,0.00034037918240920387,0.000442492937131965,645,687,42,4,3,3,8,5,431,688,337
558,0,616,1,999,998,0,28,1,805,804,0.0,0.005718370264474625,1,961,960,2,-1,3,3,0,814,629,31
559,28,130,757,944,187,28,28,731,731,0,0.0006807583648184077,0.0007488342013002485,756,772,16,4,3,3,3,9,819,145,553
560,0,101,1,941,940,0,3,1,330,329,0.0,6.807583648184077e-05,1,453,452,5,-1,6,3,3,916,746,526
561,0,102,1,958,957,0,3,1,387,386,0.0,0.0002723033459273631,1,618,617,4,-1,5,2,0,982,707,424
562,0,206,1,941,940,0,41,1,413,412,0.0,0.00013615167296368154,1,505,504,3,-1,4,19,0,46,871,188
563,100,100,854,854,0,100,100,655,655,0,0.009428503352734947,0.010245413390517035,978,981,3,2,1,1,17,4,210,567,169
564,24,24,661,661,0,48,48,642,642,0,0.00034037918240920387,0.00034037918240920387,635,635,0,-1,4,4,8,5,218,178,608
565,12,12,578,578,0,26,26,601,601,0,0.0002723033459273631,0.0002723033459273631,626,626,0,-1,4,4,5,2,665,425,936
566,17,118,713,954,241,18,18,757,757,0,0.0008509479560230097,0.00088498587426393,792,798,6,5,4,4,3,6,916,232,156
567,0,102,1,968,967,0,3,1,401,400,0.0,6.807583648184077e-05,1,459,458,4,-1,5,2,0,936,686,870
568,6,108,441,910,469,22,22,507,507,0,0.00010211375472276115,0.0002723033459273631,486,618,132,4,4,4,7,2,722,691,435
569,0,0,1,1,0,0,0,1,1,0,0.0,0.0,1,1,0,-1,-1,-1,6,0,624,996,782
570,48,48,748,748,0,222,222,891,891,0,0.0009870996289866913,0.0009870996289866913,788,788,0,-1,3,3,21,4,25,407,973
571,0,102,1,891,890,0,10,1,354,353,0.0,3.4037918240920386e-05,1,399,398,4,-1,5,9,0,249,868,749
572,9,111,671,972,301,4,4,482,482,0,0.00013615167296368154,0.00030634126416828345,531,648,117,4,5,5,2,5,936,528,103
573,0,206,1,972,971,0,16,1,525,524,0.0,0.0006807583648184077,1,759,758,3,-1,4,4,0,700,758,340
574,4,620,433,998,565,6,38,425,884,459,3.4037918240920386e-05,0.013751318969331836,400,992,592,2,5,3,3,2,337,22,2
575,0,0,1,1,0,0,0,1,1,0,0.0,0.0,1,1,0,-1,-1,-1,10,0,135,800,726
576,0,206,1,971,970,0,14,1,477,476,0.0,0.001497668402600497,1,852,851,3,-1,4,5,0,533,522,106
577,0,102,1,944,943,0,4,1,435,434,0.0,0.0002723033459273631,1,619,618,4,-1,5,2,0,929,798,302
578,57,159,855,954,99,30,30,731,731,0,0.0009190237925048504,0.001055175465468532,806,823,17,4,3,3,4,16,753,113,682
579,156,362,939,979,40,78,78,840,840,0,0.002995336805200994,0.0034037918240920387,922,932,10,3,3,3,8,26,415,108,306
580,0,101,1,969,968,0,2,1,329,328,0.0,0.0002042275094455223,1,583,582,5,-1,6,2,2,898,633,424
581,86,292,837,964,127,166,166,836,836,0,0.0018040096667687805,0.0023486163586235067,866,898,32,3,2,2,17,8,94,186,326
582,52,52,857,857,0,22,22,783,783,0,0.0019741992579733825,0.0019741992579733825,891,891,0,-1,3,3,2,13,972,255,929
583,156,156,956,956,0,60,60,909,909,0,0.003437829742332959,0.003437829742332959,931,931,0,-1,3,3,5,30,765,65,330
584,179,179,970,970,0,72,72,987,987,0,0.006603356138738555,0.006603356138738555,969,969,0,-1,2,2,3,30,712,39,819
585,16,222,662,978,316,12,12,602,602,0,0.00030634126416828345,0.002212464685659825,628,893,265,3,4,4,2,4,954,259,92
586,18,224,650,972,322,26,26,705,705,0,0.00037441710065012424,0.0006126825283365669,665,748,83,3,3,3,4,2,949,700,727
587,0,0,1,1,0,0,0,1,1,0,0.0,0.0,1,1,0,-1,-1,-1,2,1,782,583,930
588,38,244,701,953,252,122,126,746,767,21,0.0005446066918547262,0.002144388849177984,699,888,189,3,3,3,17,3,80,519,119
589,331,433,976,982,6,196,196,957,957,0,0.005446066918547262,0.005514142755029102,962,962,0,4,2,2,12,36,175,48,499
590,16,16,536,536,0,94,94,820,820,0,0.0005446066918547262,0.0005446066918547262,712,712,0,-1,3,3,9,1,100,439,814
591,0,102,1,922,921,0,5,1,376,375,0.0,0.0002042275094455223,1,579,578,4,-1,5,3,0,834,866,562
592,22,123,638,912,274,58,58,707,707,0,0.0002042275094455223,0.0002042275094455223,562,562,0,5,3,3,8,2,317,634,654
593,0,102,1,899,898,0,9,1,349,348,0.0,6.807583648184077e-05,1,446,445,4,-1,5,8,0,199,768,334
594,12,113,510,892,382,82,82,632,632,0,0.00017018959120460194,0.00017018959120460194,546,546,0,7,4,4,15,4,95,149,626
595,6,212,405,958,553,30,38,493,551,58,0.0,0.0011232513019503727,1,826,825,3,4,4,9,2,803,419,78
596,6,212,392,945,553,28,32,396,409,13,3.4037918240920386e-05,0.00010211375472276115,389,475,86,3,4,4,16,3,72,460,530
597,6,212,385,948,563,48,64,470,546,76,0.00013615167296368154,0.0014295925661186562,515,846,331,3,4,4,14,1,133,481,64
598,0,101,1,925,924,0,3,1,331,330,0.0,0.0,1,1,0,5,-1,6,3,0,923,838,743
599,0,101,1,940,939,0,3,1,332,331,0.0,3.4037918240920386e-05,1,405,404,5,-1,6,3,3,879,854,756
600,0,616,1,990,989,0,66,1,576,575,0.0,0.0009190237925048504,1,787,786,2,-1,3,14,0,144,970,440
601,93,93,887,887,0,82,82,885,885,0,0.0018040096667687805,0.0018040096667687805,866,866,0,-1,3,3,7,17,336,79,859
602,0,206,1,947,946,0,50,1,501,500,0.0,0.0006807583648184077,1,729,728,3,-1,4,15,0,102,831,174
603,0,102,1,940,939,0,4,1,413,412,0.0,0.0008169100377820892,1,790,789,4,-1,5,2,1,820,583,67
604,1,207,332,972,640,3,10,332,460,128,0.0,0.0013955546478777359,1,856,855,3,6,4,3,3,801,708,60
605,0,206,1,971,970,0,10,1,480,479,0.0,0.0004765308553728854,1,714,713,3,-1,4,3,0,780,903,610
606,13,219,599,970,371,16,16,519,519,0,0.00010211375472276115,0.0007828721195411688,486,776,290,3,4,4,4,3,304,526,92
607,157,259,922,958,36,192,192,900,900,0,0.002314578440382586,0.0024166921951053475,891,899,8,4,3,3,17,19,63,72,282
608,0,206,1,991,990,0,12,1,832,831,0.0,0.005684332346233704,1,963,962,3,-1,4,2,0,920,740,31
609,6,6,495,495,0,12,12,608,608,0,0.0004765308553728854,0.0004765308553728854,702,702,0,-1,4,4,2,1,924,439,794
610,0,0,1,1,0,0,0,1,1,0,0.0,0.0,1,1,0,-1,-1,-1,8,0,443,992,871
611,397,1013,984,1000,16,126,126,973,973,0,0.010143299635794275,0.012083460975526737,980,984,4,2,2,2,7,54,335,19,68
612,69,275,873,980,107,34,34,784,784,0,0.00176997174852786,0.0018040096667687805,865,866,1,3,3,3,4,19,659,144,797
613,0,102,1,898,897,0,12,1,393,392,0.0,0.00010211375472276115,1,484,483,4,-1,5,7,1,472,539,510
614,98,98,926,926,0,34,34,922,922,0,0.0028591851322373124,0.0028591851322373124,913,913,0,-1,3,3,3,21,856,157,950
615,6,108,538,966,428,8,8,596,596,0,0.0002382654276864427,0.00034037918240920387,605,670,65,4,4,4,2,1,749,797,346
616,22,228,673,967,294,42,42,693,693,0,0.000442492937131965,0.0013615167296368155,687,840,153,3,3,3,6,4,352,551,213
617,33,134,847,969,122,22,22,882,882,0,0.002144388849177984,0.0023486163586235067,903,913,10,5,3,3,2,11,974,193,562
618,93,93,905,905,0,44,44,813,813,0,0.0015657442390823377,0.0015657442390823377,869,869,0,-1,3,3,4,12,532,58,699
619,2,2,365,365,0,4,4,366,366,0,0.0,0.0,1,1,0,-1,5,5,3,2,864,292,912
620,0,0,1,1,0,0,0,1,1,0,0.0,0.0,1,1,0,-1,-1,-1,3,0,613,750,962
621,48,149,809,938,129,52,52,742,742,0,0.00037441710065012424,0.0004084550188910446,661,677,16,5,3,3,7,13,329,256,492
622,16,16,504,504,0,102,102,618,618,0,0.00010211375472276115,0.00010211375472276115,472,472,0,-1,3,3,20,1,61,711,974
623,0,0,1,1,0,0,0,1,1,0,0.0,0.0,1,1,0,-1,-1,-1,21,1,2,650,922
624,16,117,636,931,295,30,30,730,730,0,0.00037441710065012424,0.00037441710065012424,677,677,0,5,3,3,4,1,969,609,509
625,0,206,1,965,964,0,22,1,541,540,0.0,0.00030634126416828345,1,637,636,3,-1,4,5,0,555,638,318
626,0,0,1,1,0,0,0,1,1,0,0.0,0.0,1,1,0,-1,-1,-1,3,0,854,624,855
627,0,206,1,956,955,0,40,1,496,495,0.0,0.0007147962830593281,1,750,749,3,-1,4,12,1,106,456,299
628,9,9,549,549,0,26,26,608,608,0,0.0002042275094455223,0.0002042275094455223,544,544,0,-1,4,4,5,3,407,214,948
629,19,225,660,969,309,20,28,509,597,88,0.00013615167296368154,0.0013955546478777359,512,848,336,3,4,4,6,9,455,191,73
630,0,206,1,960,959,0,19,1,445,444,0.0,0.0007828721195411688,1,767,766,3,-1,4,8,0,521,981,92
631,40,142,814,948,134,54,54,910,910,0,0.0015657442390823377,0.0015657442390823377,862,862,0,4,3,3,4,4,758,185,481
632,30,30,828,828,0,8,8,546,546,0,0.0006467204465774873,0.0006467204465774873,750,750,0,-1,4,4,2,15,965,219,808
633,6,108,460,929,469,16,16,543,543,0,0.00013615167296368154,0.0002723033459273631,528,614,86,4,4,4,4,2,619,532,480
634,2,618,349,996,647,7,38,350,689,339,0.0,0.0015657442390823377,1,857,856,2,5,3,6,1,341,593,393
635,0,206,1,957,956,0,34,1,546,545,0.0,0.0020763130126961434,1,887,886,3,-1,4,9,0,315,520,44
636,0,0,1,1,0,0,0,1,1,0,0.0,0.0,1,1,0,-1,-1,-1,4,0,593,836,965
637,2,103,379,946,567,3,3,384,384,0,0.0,0.0002042275094455223,1,579,578,5,5,5,2,1,469,421,247
638,46,252,720,952,232,114,118,683,702,19,0.0009190237925048504,0.002314578440382586,780,896,116,3,3,3,17,8,103,250,304
639,16,16,548,548,0,62,62,644,644,0,0.0002042275094455223,0.0002042275094455223,572,572,0,-1,3,3,10,1,206,667,992
640,0,206,1,972,971,0,8,1,465,464,0.0,0.0002382654276864427,1,592,591,3,-1,4,2,0,905,868,351
641,0,0,1,1,0,0,0,1,1,0,0.0,0.0,1,1,0,-1,-1,-1,13,0,160,884,987
642,62,62,817,817,0,90,90,789,789,0,0.0011913271384322134,0.0011913271384322134,820,820,0,-1,2,2,10,5,205,306,782
643,100,100,912,912,0,100,100,989,989,0,0.045644848361074235,0.045644848361074235,999,999,0,5,1,1,4,96,460,1,734
644,0,0,1,1,0,0,0,1,1,0,0.0,0.0,1,1,0,-1,-1,-1,9,0,339,813,815
645,0,101,1,924,923,0,3,1,331,330,0.0,6.807583648184077e-05,1,435,434,6,-1,7,3,0,829,786,540
646,2,104,362,941,579,3,3,365,365,0,0.0,0.0004084550188910446,1,684,683,4,5,5,2,1,705,238,343
647,6,212,421,960,539,36,36,554,554,0,0.00010211375472276115,0.0013955546478777359,485,838,353,3,4,4,8,1,428,809,144
648,0,0,1,1,0,0,0,1,1,0,0.0,0.0,1,1,0,-1,-1,-1,2,0,992,822,806
649,0,0,1,1,0,0,0,1,1,0,0.0,0.0,1,1,0,-1,-1,-1,14,0,122,856,796
650,0,0,1,1,0,0,0,1,1,0,0.0,0.0,1,1,0,-1,-1,-1,5,0,605,860,907
651,6,212,410,961,551,19,24,441,490,49,3.4037918240920386e-05,0.00030634126416828345,400,618,218,3,4,4,8,1,415,463,249
652,0,101,1,916,915,0,4,1,331,330,0.0,0.0,1,1,0,5,-1,6,4,1,445,554,320
653,50,50,825,825,0,40,40,649,649,0,0.0011913271384322134,0.0011913271384322134,826,826,0,-1,4,4,8,15,318,138,947
654,0,0,1,1,0,0,0,1,1,0,0.0,0.0,1,1,0,-1,-1,-1,9,0,190,778,674
655,20,636,640,996,356,66,84,761,842,81,0.0005105687736138058,0.005548180673270023,711,959,248,2,3,3,9,4,422,287,31
656,0,0,1,1,0,0,0,1,1,0,0.0,0.0,1,1,0,-1,-1,-1,5,0,478,657,793
657,0,0,1,1,0,0,0,1,1,0,0.0,0.0,1,1,0,-1,-1,-1,6,0,587,867,744
658,2,2,361,361,0,8,8,375,375,0,0.0,0.0,1,1,0,-1,5,5,6,2,455,374,884
659,38,38,768,768,0,56,56,787,787,0,0.0010211375472276116,0.0010211375472276116,807,807,0,-1,3,3,6,3,328,382,944
660,28,28,748,748,0,18,18,662,662,0,0.0008169100377820892,0.0008169100377820892,788,788,0,-1,4,4,3,8,620,186,806
661,130,130,929,929,0,82,82,900,900,0,0.002280540522141666,0.002280540522141666,904,904,0,-1,3,3,7,18,196,141,883
662,0,101,1,918,917,0,4,1,331,330,0.0,0.00010211375472276115,1,474,473,5,-1,6,4,0,832,815,829
663,1,617,333,991,658,17,100,333,635,302,0.0,0.002212464685659825,1,893,892,2,7,3,17,1,39,765,133
664,0,101,1,935,934,0,3,1,329,328,0.0,0.0,1,1,0,6,-1,7,3,0,825,906,924
665,0,102,1,883,882,0,15,1,364,363,0.0,0.00010211375472276115,1,481,480,4,-1,5,12,1,116,806,550
666,0,101,1,906,905,0,8,1,331,330,0.0,0.0,1,1,0,5,-1,6,8,0,442,950,560
667,13,629,556,997,441,26,52,474,653,179,3.4037918240920386e-05,0.0015657442390823377,400,848,448,2,4,3,9,5,394,570,213
668,146,146,928,928,0,98,98,889,889,0,0.002314578440382586,0.002314578440382586,900,900,0,-1,3,3,8,22,317,203,793
669,0,102,1,899,898,0,7,1,368,367,0.0,0.0002723033459273631,1,602,601,4,-1,5,5,3,426,348,22
670,22,22,738,738,0,22,22,796,796,0,0.0011913271384322134,0.0011913271384322134,827,827,0,-1,3,3,2,4,705,143,423
671,66,167,829,934,105,84,84,748,748,0,0.0006807583648184077,0.0006807583648184077,745,745,0,5,2,2,11,8,233,132,402
672,0,101,1,948,947,0,3,1,331,330,0.0,0.00013615167296368154,1,518,517,5,-1,6,3,0,608,843,229
673,44,250,850,986,136,28,28,833,833,0,0.001157289220191293,0.0017359338302869397,822,876,54,3,3,3,3,15,600,137,566
674,6,6,400,400,0,39,39,488,488,0,0.00017018959120460194,0.00017018959120460194,541,541,0,-1,4,4,12,1,58,500,699
675,16,632,550,992,442,94,94,834,834,0,0.0011913271384322134,0.003608019333537561,823,935,112,2,3,3,9,1,123,612,72
676,16,16,612,612,0,23,23,627,627,0,0.0004765308553728854,0.0004765308553728854,695,695,0,-1,3,3,5,2,667,690,511
677,108,314,903,980,77,130,130,972,972,0,0.00442492937131965,0.004731270635487933,944,951,7,3,2,2,7,6,466,46,80
678,12,12,538,538,0,50,50,660,660,0,0.0002723033459273631,0.0002723033459273631,612,612,0,-1,4,4,9,2,315,453,951
679,55,261,850,977,127,44,44,851,851,0,0.0005105687736138058,0.0023486163586235067,704,900,196,3,3,3,4,11,755,162,123
680,45,147,764,925,161,62,62,648,648,0,0.0005446066918547262,0.0006467204465774873,705,727,22,4,3,3,10,9,153,240,552
681,0,206,1,949,948,0,38,1,460,459,0.0,0.0007828721195411688,1,767,766,3,-1,4,13,0,41,574,264
682,0,206,1,994,993,0,8,1,729,728,0.0,0.0034718676605738795,1,934,933,3,-1,4,2,0,775,954,8
683,326,326,975,975,0,268,268,981,981,0,0.0061949011198475104,0.0061949011198475104,964,964,0,-1,2,2,15,48,104,56,698
684,0,206,1,959,958,0,28,1,511,510,0.0,0.0013955546478777359,1,842,841,3,-1,4,8,0,415,923,122
685,12,218,616,975,359,8,12,462,585,123,0.0002042275094455223,0.003165526396405596,589,931,342,3,4,4,2,4,763,315,126
686,12,218,543,968,425,26,30,537,572,35,0.0004765308553728854,0.0008169100377820892,696,779,83,3,4,4,7,3,416,795,510
687,77,283,917,989,72,32,32,941,941,0,0.002280540522141666,0.0037441710065012424,910,943,33,3,3,3,2,23,874,106,128
688,0,0,1,1,0,0,0,1,1,0,0.0,0.0,1,1,0,-1,-1,-1,14,0,130,858,669
689,22,22,710,710,0,24,24,724,724,0,0.00034037918240920387,0.00034037918240920387,655,655,0,-1,3,3,3,2,819,682,983
690,86,86,872,872,0,88,88,862,862,0,0.0014636304843595766,0.0014636304843595766,847,847,0,-1,3,3,8,13,350,261,846
691,14,116,632,937,305,14,14,563,563,0,0.0002723033459273631,0.0002723033459273631,616,616,0,4,4,4,3,6,829,447,581
692,4,620,450,998,548,7,30,410,786,376,0.0,0.005582218591510943,1,960,959,2,5,3,4,5,772,476,14
693,204,410,949,981,32,180,180,892,892,0,0.0025188059498281084,0.002757071377514551,903,914,11,3,3,3,15,28,0,98,634
694,47,47,826,826,0,34,34,750,750,0,0.0006807583648184077,0.0006807583648184077,744,744,0,-1,3,3,4,10,815,366,858
695,46,46,767,767,0,98,98,734,734,0,0.0020763130126961434,0.0020763130126961434,893,893,0,-1,2,2,13,3,67,121,949
696,0,102,1,932,931,0,6,1,366,365,0.0,0.0002382654276864427,1,601,600,4,-1,5,5,0,695,880,500
697,6,107,407,893,486,16,16,374,374,0,0.0002042275094455223,0.0002042275094455223,568,568,0,5,5,5,11,4,333,398,292
698,2,104,355,897,542,14,15,401,412,11,0.0,0.00017018959120460194,1,542,541,4,5,5,8,1,380,449,617
699,20,122,743,955,212,8,8,510,510,0,0.00037441710065012424,0.0004765308553728854,676,718,42,4,4,4,2,6,964,136,544
700,20,20,794,794,0,12,12,757,757,0,0.00088498587426393,0.00088498587426393,795,795,0,-1,4,4,2,9,807,415,758
701,22,22,704,704,0,20,20,597,597,0,0.0006807583648184077,0.0006807583648184077,756,756,0,-1,4,4,4,7,755,170,918
702,0,0,1,1,0,0,0,1,1,0,0.0,0.0,1,1,0,-1,-1,-1,10,0,310,745,816
703,17,118,689,947,258,12,12,584,584,0,0.00034037918240920387,0.00034037918240920387,651,651,0,5,4,4,2,5,429,274,495
704,100,100,877,877,0,100,100,866,864,-2,0.017937982912965042,0.03158718812757412,992,1000,8,1,1,1,9,19,164,72,108
705,56,262,822,974,152,94,94,876,876,0,0.0010211375472276116,0.001157289220191293,804,816,12,3,3,3,9,11,395,83,486
706,0,206,1,965,964,0,13,1,449,448,0.0,0.00034037918240920387,1,649,648,3,-1,4,5,1,338,583,465
707,38,38,791,791,0,28,28,710,710,0,0.0006467204465774873,0.0006467204465774873,747,747,0,-1,3,3,3,6,892,461,685
708,0,0,1,1,0,0,0,1,1,0,0.0,0.0,1,1,0,-1,-1,-1,9,0,315,934,813
709,0,616,1,996,995,0,32,1,598,597,0.0,0.0015317063208414173,1,855,854,2,-1,3,7,2,497,462,113
710,6,212,402,959,557,20,24,446,490,44,0.00010211375472276115,0.0002723033459273631,479,613,134,3,4,4,6,1,312,870,86
711,0,102,1,900,899,0,5,1,354,353,0.0,0.0,1,1,0,4,-1,5,4,0,300,745,506
712,8,8,514,514,0,18,18,529,529,0,0.00010211375472276115,0.00010211375472276115,482,482,0,-1,4,4,5,2,502,491,925
713,0,101,1,914,913,0,6,1,332,331,0.0,6.807583648184077e-05,1,449,448,5,-1,6,6,0,399,846,231
714,15,117,664,945,281,12,12,520,520,0,0.0008169100377820892,0.00088498587426393,774,790,16,4,4,4,4,7,607,396,667
715,0,0,1,1,0,0,0,1,1,0,0.0,0.0,1,1,0,-1,-1,-1,2,1,959,641,866
716,3,3,410,410,0,12,12,415,415,0,0.00010211375472276115,0.00010211375472276115,479,479,0,-1,5,5,6,3,419,761,845
717,0,616,1,988,987,0,68,1,501,500,0.0,0.0007147962830593281,1,727,726,2,-1,3,19,0,83,978,417
718,10,10,481,481,0,48,48,461,461,0,0.0002382654276864427,0.0002382654276864427,582,582,0,-1,4,4,18,4,34,319,433
719,0,0,1,1,0,0,0,1,1,0,0.0,0.0,1,1,0,-1,-1,-1,15,0,110,928,947
720,487,693,991,997,6,120,120,973,973,0,0.008577555396711936,0.008645631233193778,976,976,0,3,2,2,6,81,425,32,435
721,22,123,685,928,243,30,30,689,689,0,0.0002723033459273631,0.0002723033459273631,606,606,0,5,3,3,4,2,567,682,721
722,0,206,1,949,948,0,30,1,404,403,0.0,0.00030634126416828345,1,626,625,3,-1,4,15,0,0,624,286
723,264,365,969,980,11,162,162,942,942,0,0.003608019333537561,0.003642057251778481,937,938,1,5,2,2,12,30,194,65,743
724,0,0,1,1,0,0,0,1,1,0,0.0,0.0,1,1,0,-1,-1,-1,4,1,717,947,737
725,0,206,1,957,956,0,19,1,433,432,0.0,0.00034037918240920387,1,652,651,3,-1,4,8,0,142,757,295
726,0,101,1,928,927,0,4,1,331,330,0.0,0.0,1,1,0,6,-1,7,4,0,491,876,708
727,0,102,1,955,954,0,4,1,415,414,0.0,0.002484768031587188,1,907,906,4,-1,5,2,0,913,888,76
728,22,228,744,979,235,20,24,781,793,12,0.0002723033459273631,0.001599782157323258,622,867,245,3,3,3,3,5,961,231,211
729,9,215,548,968,420,12,12,457,457,0,0.00010211375472276115,0.0002723033459273631,491,619,128,3,4,4,4,4,694,332,302
730,64,270,882,982,100,28,28,798,798,0,0.0014295925661186562,0.0017018959120460194,862,880,18,3,3,3,3,18,861,64,90
731,1,1,332,332,0,3,3,332,332,0,0.0,0.0,1,1,0,-1,6,6,3,2,953,292,933
732,159,261,948,978,30,70,70,929,929,0,0.00442492937131965,0.00445896728956057,951,951,0,4,3,3,5,31,669,126,550
733,6,108,400,898,498,38,38,542,542,0,0.00017018959120460194,0.00034037918240920387,538,645,107,4,4,4,9,1,306,420,528
734,0,0,1,1,0,0,0,1,1,0,0.0,0.0,1,1,0,-1,-1,-1,17,0,24,488,660
735,0,0,1,1,0,0,0,1,1,0,0.0,0.0,1,1,0,-1,-1,-1,18,0,111,926,919
736,1,1,332,332,0,8,8,332,332,0,0.0,0.0,1,1,0,-1,8,8,8,1,358,765,852
737,2,208,354,960,606,13,20,381,444,63,3.4037918240920386e-05,0.00017018959120460194,405,539,134,3,5,4,8,3,231,578,267
738,65,65,877,877,0,58,58,962,962,0,0.010790020082371761,0.010790020082371761,983,983,0,-1,2,2,4,8,423,204,778
739,0,0,1,1,0,0,0,1,1,0,0.0,0.0,1,1,0,-1,-1,-1,7,1,497,428,981
740,20,122,679,932,253,14,14,541,541,0,0.0004084550188910446,0.0005446066918547262,683,729,46,4,4,4,3,4,703,40,444
741,8,214,595,983,388,5,10,433,567,134,0.0002382654276864427,0.002484768031587188,598,914,316,3,5,4,3,4,875,210,45
742,0,0,1,1,0,0,0,1,1,0,0.0,0.0,1,1,0,-1,-1,-1,2,0,942,423,955
743,6,622,386,991,605,60,90,498,596,98,0.00010211375472276115,0.0020763130126961434,489,888,399,2,4,3,18,2,111,215,42
744,25,127,783,956,173,24,24,822,822,0,0.0011913271384322134,0.002280540522141666,833,903,70,4,3,3,3,4,797,185,335
745,0,101,1,922,921,0,3,1,331,330,0.0,3.4037918240920386e-05,1,407,406,5,-1,6,3,0,672,624,584
746,16,16,561,561,0,70,70,725,725,0,6.807583648184077e-05,6.807583648184077e-05,443,443,0,-1,3,3,9,1,164,609,515
747,13,219,567,962,395,32,44,490,566,76,0.00017018959120460194,0.0012253650566731338,544,822,278,3,4,4,10,4,293,332,64
748,1,1,333,333,0,10,10,333,333,0,0.0,0.0,1,1,0,-1,6,6,10,3,427,181,949
749,1,1,331,331,0,2,2,331,331,0,0.0,0.0,1,1,0,-1,7,7,2,2,962,344,839
750,0,101,1,934,933,0,2,1,331,330,0.0,0.00010211375472276115,1,484,483,5,-1,6,2,0,733,914,176
751,6,212,413,961,548,22,26,471,510,39,6.807583648184077e-05,0.0002382654276864427,456,605,149,3,4,4,7,1,714,370,486
752,0,206,1,974,973,0,10,1,492,491,0.0,0.0018380475850097008,1,879,878,3,-1,4,3,0,588,847,85
753,16,16,545,545,0,42,42,538,538,0,0.00013615167296368154,0.00013615167296368154,506,506,0,-1,4,4,9,8,101,477,886
754,0,102,1,889,888,0,9,1,357,356,0.0,0.00010211375472276115,1,473,472,4,-1,5,8,0,236,723,596
755,34,34,785,785,0,20,20,609,609,0,0.0005446066918547262,0.0005446066918547262,719,719,0,-1,4,4,4,9,545,240,423
756,2,103,375,946,571,3,3,377,377,0,6.807583648184077e-05,0.00013615167296368154,446,521,75,5,5,5,2,1,942,717,797
757,0,102,1,907,906,0,7,1,379,378,0.0,0.0002382654276864427,1,588,587,4,-1,5,5,0,412,946,516
758,40,40,794,794,0,62,62,924,924,0,0.003710133088260322,0.003710133088260322,936,936,0,-1,2,2,5,1,502,238,845
759,65,271,838,974,136,92,92,881,881,0,0.0018720855032506212,0.0026889955410327104,870,913,43,3,2,2,8,8,131,417,163
760,24,24,642,642,0,74,74,613,613,0,0.00030634126416828345,0.00030634126416828345,621,621,0,-1,3,3,14,4,332,622,436
761,22,228,643,961,318,74,74,755,755,0,0.0007828721195411688,0.0023486163586235067,770,898,128,3,3,3,9,4,245,143,128
762,14,14,715,715,0,12,12,692,692,0,0.0012594029749140542,0.0012594029749140542,851,851,0,-1,4,4,2,4,751,281,573
763,0,0,1,1,0,0,0,1,1,0,0.0,0.0,1,1,0,-1,-1,-1,5,0,818,651,641
764,34,135,802,950,148,26,26,743,743,0,0.0008169100377820892,0.0008169100377820892,788,788,0,5,3,3,4,7,824,150,748
765,23,229,713,971,258,50,50,830,830,0,0.00088498587426393,0.002723033459273631,798,910,112,3,3,3,5,3,604,438,15
766,57,158,883,970,87,22,22,850,850,0,0.0018040096667687805,0.0018380475850097008,878,879,1,5,3,3,2,14,938,84,714
767,24,24,704,704,0,22,22,552,552,0,0.0006807583648184077,0.0006807583648184077,762,762,0,-1,4,4,5,8,677,250,942
768,19,225,686,973,287,30,34,657,697,40,0.00034037918240920387,0.0019061234214915416,647,878,231,3,3,3,6,3,322,536,91
769,2,104,370,931,561,4,4,398,398,0,0.0,0.00017018959120460194,1,551,550,4,5,5,2,2,925,690,167
770,15,117,599,919,320,38,38,650,650,0,0.00037441710065012424,0.0004084550188910446,658,674,16,4,4,4,7,7,658,427,481
771,2,2,396,396,0,4,4,468,468,0,0.0,0.0,1,1,0,-1,5,5,2,2,805,342,898
772,4,4,431,431,0,6,6,384,384,0,0.0,0.0,1,1,0,-1,5,5,4,2,660,364,980
773,18,634,613,992,379,46,56,607,671,64,0.0004084550188910446,0.0009190237925048504,670,789,119,2,4,3,9,6,306,447,283
774,38,140,684,898,214,216,216,848,848,0,0.0009190237925048504,0.0009530617107457708,777,784,7,4,3,3,23,3,30,268,361
775,0,102,1,943,942,0,4,1,442,441,0.0,0.0002042275094455223,1,586,585,4,-1,5,2,0,876,201,809
776,124,226,916,964,48,82,82,861,861,0,0.0021784267674189047,0.0023486163586235067,895,901,6,4,2,2,8,18,334,82,521
777,0,0,1,1,0,0,0,1,1,0,0.0,0.0,1,1,0,-1,-1,-1,11,0,176,608,832
778,126,126,884,884,0,392,392,899,899,0,0.001940161339732462,0.001940161339732462,865,865,0,-1,3,3,36,11,16,97,713
779,0,206,1,947,946,0,53,1,454,453,0.0,0.00034037918240920387,1,638,637,3,-1,4,19,0,38,201,221
780,86,86,895,895,0,46,46,797,797,0,0.0016678579938050988,0.0016678579938050988,863,863,0,-1,3,3,6,21,494,157,838
781,6,212,525,985,460,4,8,446,565,119,0.00017018959120460194,0.00353994349705572,556,939,383,3,5,4,2,4,666,86,16
782,2,2,366,366,0,5,5,398,398,0,6.807583648184077e-05,6.807583648184077e-05,449,449,0,-1,5,5,3,1,882,152,707
783,6,212,426,963,537,38,38,564,564,0,0.00013615167296368154,0.00088498587426393,518,784,266,3,4,4,9,2,388,670,340
784,144,350,926,978,52,104,104,903,903,0,0.002314578440382586,0.0026209197045508697,895,904,9,3,3,3,9,27,315,304,479
785,0,102,1,922,921,0,5,1,385,384,0.0,0.000442492937131965,1,699,698,4,-1,5,3,3,672,882,192
786,0,0,1,1,0,0,0,1,1,0,0.0,0.0,1,1,0,-1,-1,-1,2,0,929,859,740
787,0,102,1,913,912,0,10,1,367,366,0.0,3.4037918240920386e-05,1,407,406,4,-1,5,8,0,468,919,666
788,21,227,765,976,211,12,12,597,597,0,0.0005446066918547262,0.0012253650566731338,726,848,122,3,4,4,2,5,771,216,345
789,0,0,1,1,0,0,0,1,1,0,0.0,0.0,1,1,0,-1,-1,-1,2,0,625,707,793
790,0,616,1,991,990,0,38,1,531,530,0.0,0.00176997174852786,1,871,870,2,-1,3,10,0,204,903,345
791,0,206,1,953,952,0,27,1,452,451,0.0,0.0005105687736138058,1,703,702,3,-1,4,10,2,272,752,195
792,0,0,1,1,0,0,0,1,1,0,0.0,0.0,1,1,0,-1,-1,-1,7,0,246,726,367
793,70,686,818,993,175,174,174,905,905,0,0.0013615167296368155,0.003437829742332959,840,931,91,2,3,3,14,8,203,352,157
794,34,34,724,724,0,126,126,888,888,0,0.0005786446100956465,0.0005786446100956465,729,729,0,-1,3,3,11,4,230,545,854
795,43,249,792,973,181,50,50,778,778,0,0.0005105687736138058,0.0006807583648184077,700,745,45,3,3,3,5,7,546,237,501
796,63,164,865,953,88,18,18,589,589,0,0.0009190237925048504,0.0009530617107457708,803,811,8,5,4,4,3,19,819,184,879
797,154,154,925,925,0,120,120,894,894,0,0.0026549576227917903,0.0026549576227917903,910,910,0,-1,3,3,10,17,125,81,889
798,0,101,1,897,896,0,8,1,331,330,0.0,0.0,1,1,0,6,-1,7,8,0,443,786,595
799,375,375,981,981,0,188,188,982,982,0,0.007182000748834201,0.007182000748834201,970,970,0,-1,2,2,10,50,75,33,918
800,1,103,332,941,609,2,3,332,371,39,0.0,3.4037918240920386e-05,1,410,409,4,6,5,2,1,886,540,870
801,188,290,972,984,12,96,96,994,994,0,0.010143299635794275,0.010415602981721638,981,982,1,4,2,2,3,20,791,43,521
802,21,227,639,962,323,42,42,652,652,0,0.0007828721195411688,0.001157289220191293,775,818,43,3,4,4,7,6,374,295,655
803,225,225,955,955,0,208,208,957,957,0,0.004186663943633207,0.004186663943633207,942,942,0,-1,2,2,14,24,268,8,858
804,197,298,953,974,21,154,154,976,976,0,0.004663194799006093,0.004663194799006093,955,955,0,5,2,2,10,24,527,8,225
805,335,436,991,994,3,56,56,974,974,0,0.012049423057285817,0.012049423057285817,992,992,0,5,2,2,2,59,926,6,749
806,4,1644,451,1000,549,4,42,416,967,551,0.00010211375472276115,0.04642772048061541,488,998,510,1,5,2,2,2,993,499,43
807,27,128,714,921,207,32,32,605,605,0,0.0002382654276864427,0.0002723033459273631,595,621,26,5,3,3,7,5,335,274,692
808,24,230,669,964,295,46,46,673,673,0,0.00013615167296368154,0.00030634126416828345,507,637,130,3,3,3,6,4,157,545,124
809,6,108,453,928,475,10,10,473,473,0,0.0,0.00013615167296368154,1,520,519,4,4,4,3,1,585,416,631
810,103,103,895,895,0,90,90,855,855,0,0.0015657442390823377,0.0015657442390823377,858,858,0,-1,3,3,10,12,527,58,731
811,0,102,1,890,889,0,6,1,354,353,0.0,3.4037918240920386e-05,1,394,393,4,-1,5,5,0,719,971,618
812,512,718,985,994,9,364,364,972,972,0,0.005650294427992784,0.0057524081827155455,957,957,0,3,2,2,21,61,74,14,223
813,6,212,456,974,518,18,18,579,579,0,0.00034037918240920387,0.0014295925661186562,647,857,210,3,4,4,5,1,727,420,243
814,18,18,610,610,0,46,46,584,584,0,0.00030634126416828345,0.00030634126416828345,638,638,0,-1,4,4,9,6,213,247,986
815,0,102,1,894,893,0,14,1,385,384,0.0,6.807583648184077e-05,1,454,453,4,-1,5,9,0,245,847,840
816,75,177,887,964,77,44,44,875,875,0,0.0025188059498281084,0.002586881786309949,906,911,5,4,3,3,4,17,635,85,493
817,3,619,417,997,580,6,37,363,779,416,0.0,0.0022465026039007454,1,903,902,2,5,3,5,2,476,694,15
818,48,150,878,968,90,22,22,826,826,0,0.0012594029749140542,0.0013274788113958951,844,850,6,4,3,3,2,14,851,243,617
819,0,102,1,943,942,0,5,1,408,407,0.0,0.0005786446100956465,1,743,742,4,-1,5,3,0,840,940,240
820,17,223,543,945,402,75,84,497,508,11,0.0,0.0002723033459273631,1,596,595,3,3,3,23,3,43,373,80
821,0,102,1,881,880,0,14,1,360,359,0.0,0.0,1,1,0,4,-1,5,12,0,62,643,694
822,34,240,689,949,260,102,102,646,646,0,0.00030634126416828345,0.00030634126416828345,620,620,0,3,3,3,18,4,69,167,251
823,0,206,1,950,949,0,20,1,399,398,0.0,0.00017018959120460194,1,552,551,3,-1,4,10,2,114,462,797
824,6,6,489,489,0,9,9,505,505,0,3.4037918240920386e-05,3.4037918240920386e-05,412,412,0,-1,4,4,3,1,732,558,814
825,0,101,1,937,936,0,2,1,332,331,0.0,0.0,1,1,0,5,-1,6,2,0,598,864,555
826,16,117,629,931,302,20,20,590,590,0,0.00037441710065012424,0.0004765308553728854,671,697,26,5,4,4,4,5,384,124,791
827,0,101,1,945,944,0,3,1,332,331,0.0,3.4037918240920386e-05,1,405,404,5,-1,6,3,0,535,800,152
828,0,0,1,1,0,0,0,1,1,0,0.0,0.0,1,1,0,-1,-1,-1,5,0,604,988,963
829,4,106,468,948,480,3,4,374,420,46,0.0,0.00037441710065012424,1,674,673,4,5,5,2,3,919,572,52
830,93,195,866,946,80,74,74,766,766,0,0.00088498587426393,0.0009870996289866913,789,799,10,4,3,3,9,20,277,189,309
831,45,251,739,962,223,98,98,670,670,0,0.0009530617107457708,0.001157289220191293,792,823,31,3,3,3,15,6,0,467,683
832,0,0,1,1,0,0,0,1,1,0,0.0,0.0,1,1,0,-1,-1,-1,7,0,246,793,824
833,63,165,822,939,117,86,86,765,765,0,0.0021784267674189047,0.0021784267674189047,886,886,0,4,2,2,11,5,155,487,434
834,23,125,752,951,199,14,14,615,615,0,0.0005446066918547262,0.0008509479560230097,715,799,84,4,4,4,3,8,823,90,232
835,0,102,1,928,927,0,6,1,365,364,0.0,0.0002723033459273631,1,611,610,4,-1,5,5,0,601,933,500
836,0,102,1,953,952,0,5,1,443,442,0.0,0.00010211375472276115,1,493,492,4,-1,5,3,0,918,996,378
837,25,126,820,969,149,14,14,684,684,0,0.0004765308553728854,0.0004765308553728854,711,711,0,5,4,4,3,10,730,195,449
838,0,0,1,1,0,0,0,1,1,0,0.0,0.0,1,1,0,-1,-1,-1,6,2,356,431,766
839,44,250,845,984,139,32,32,900,900,0,0.0019741992579733825,0.0033357159876101976,884,931,47,3,3,3,2,9,429,277,144
840,9,110,617,955,338,14,14,615,615,0,0.0002382654276864427,0.0002723033459273631,602,627,25,5,4,4,3,3,798,222,692
841,6,108,485,942,457,5,6,400,448,48,0.0,0.0007147962830593281,1,763,762,4,5,5,3,3,770,485,497
842,18,118,621,917,296,49,49,669,669,0,0.0004765308553728854,0.0008509479560230097,697,787,90,4,3,3,8,3,297,505,192
843,8,214,519,970,451,16,20,466,503,37,0.00013615167296368154,0.0006467204465774873,508,743,235,3,4,4,6,2,451,22,670
844,16,118,646,940,294,35,35,779,779,0,0.0002382654276864427,0.00030634126416828345,601,629,28,4,3,3,5,2,685,215,904
845,0,0,1,1,0,0,0,1,1,0,0.0,0.0,1,1,0,-1,-1,-1,3,1,729,641,971
846,2,2,353,353,0,10,10,374,374,0,6.807583648184077e-05,6.807583648184077e-05,439,439,0,-1,5,5,7,2,209,597,254
847,26,642,778,999,221,22,22,792,792,0,0.0006467204465774873,0.0034037918240920387,745,933,188,2,3,3,2,6,970,377,328
848,0,102,1,925,924,0,8,1,396,395,0.0,0.0004765308553728854,1,703,702,4,-1,5,5,0,848,696,159
849,0,206,1,958,957,0,16,1,416,415,0.0,0.00037441710065012424,1,661,660,3,-1,4,8,1,488,660,136
850,78,284,893,979,86,46,50,858,869,11,0.002314578440382586,0.003199564314646516,903,924,21,3,3,3,5,15,601,153,169
851,2,103,382,945,563,4,4,432,432,0,3.4037918240920386e-05,6.807583648184077e-05,416,462,46,5,5,5,2,1,951,394,575
852,0,0,1,1,0,0,0,1,1,0,0.0,0.0,1,1,0,-1,-1,-1,14,0,198,674,822
853,22,124,691,940,249,32,32,722,722,0,0.00034037918240920387,0.0006807583648184077,644,752,108,4,3,3,5,3,326,121,159
854,16,222,495,945,450,112,116,617,629,12,0.0002042275094455223,0.000442492937131965,563,670,107,3,3,3,21,1,54,667,329
855,16,118,485,874,389,130,130,660,660,0,6.807583648184077e-05,0.00017018959120460194,436,541,105,4,3,3,21,1,74,609,598
856,10,111,548,920,372,15,15,449,449,0,0.0002042275094455223,0.00037441710065012424,579,661,82,5,4,4,6,3,251,353,93
857,59,160,804,927,123,92,92,679,679,0,0.0007828721195411688,0.0008169100377820892,767,772,5,5,3,3,14,12,144,159,460
858,36,36,717,717,0,74,74,612,612,0,0.0005105687736138058,0.0005105687736138058,709,709,0,-1,3,3,14,6,47,4,933
859,6,212,447,971,524,20,24,579,654,75,0.00013615167296368154,0.001055175465468532,520,817,297,3,4,4,4,1,512,666,193
860,48,150,763,913,150,124,124,777,777,0,0.0012594029749140542,0.0014295925661186562,840,850,10,4,3,3,14,8,127,497,427
861,0,102,1,905,904,0,12,1,415,414,0.0,0.00010211375472276115,1,481,480,4,-1,5,6,0,356,757,510
862,0,206,1,967,966,0,13,1,454,453,0.0,0.00017018959120460194,1,547,546,3,-1,4,5,0,565,522,162
863,0,206,1,950,949,0,62,1,580,579,0.0,0.0012934408931549745,1,824,823,3,-1,4,13,0,129,678,127
864,0,616,1,993,992,0,48,1,538,537,0.0,0.0008169100377820892,1,764,763,2,-1,3,13,0,113,887,471
865,0,102,1,886,885,0,8,1,348,347,0.0,3.4037918240920386e-05,1,408,407,4,-1,5,7,0,374,548,593
866,0,0,1,1,0,0,0,1,1,0,0.0,0.0,1,1,0,-1,-1,-1,5,0,430,786,997
867,22,124,722,949,227,24,24,746,746,0,0.0002042275094455223,0.0004084550188910446,584,678,94,4,3,3,3,2,756,586,500
868,16,222,536,957,421,36,40,514,531,17,0.0002382654276864427,0.00037441710065012424,589,654,65,3,3,3,9,1,100,238,447
869,21,21,678,678,0,24,24,605,605,0,0.0007488342013002485,0.0007488342013002485,768,768,0,-1,4,4,4,5,671,216,998
870,179,280,976,988,12,46,46,974,974,0,0.007760645358929848,0.007760645358929848,977,977,0,6,2,2,2,44,723,27,590
871,6,108,411,906,495,20,21,440,461,21,0.00013615167296368154,0.0002042275094455223,507,561,54,4,4,4,8,1,199,592,425
872,0,102,1,904,903,0,12,1,427,426,0.0,0.0002382654276864427,1,594,593,4,-1,5,6,0,606,926,168
873,71,173,842,941,99,88,88,847,847,0,0.0012594029749140542,0.0012594029749140542,827,827,0,4,3,3,8,13,303,255,342
874,0,102,1,928,927,0,6,1,377,376,0.0,0.0002723033459273631,1,616,615,4,-1,5,4,0,635,796,178
875,6,108,458,926,468,18,18,538,538,0,0.00017018959120460194,0.00037441710065012424,535,652,117,4,4,4,5,1,291,810,247
876,379,379,989,989,0,88,88,982,982,0,0.01324075019571803,0.01324075019571803,992,992,0,-1,2,2,4,70,424,18,790
877,24,24,608,608,0,84,84,542,542,0,0.00013615167296368154,0.00013615167296368154,516,516,0,-1,3,3,19,4,31,319,939
878,70,172,825,934,109,168,168,902,902,0,0.0019061234214915416,0.0020422750944552232,876,880,4,4,2,2,14,8,121,174,369
879,62,62,849,849,0,64,64,887,887,0,0.0020763130126961434,0.0020763130126961434,883,883,0,-1,2,2,5,10,349,195,776
880,11,217,620,976,356,10,14,504,588,84,0.00013615167296368154,0.0020082371762143027,534,892,358,3,4,4,3,6,745,613,35
881,0,102,1,914,913,0,8,1,407,406,0.0,0.0005786446100956465,1,724,723,4,-1,5,4,0,887,802,294
882,103,205,934,976,42,34,34,837,837,0,0.002212464685659825,0.002280540522141666,896,899,3,4,3,3,4,26,603,127,419
883,631,733,992,994,2,174,174,971,971,0,0.011709043874876613,0.011845195547840293,981,981,0,4,2,2,10,83,82,10,191
884,122,122,904,904,0,134,134,921,921,0,0.0025188059498281084,0.0025188059498281084,908,908,0,-1,2,2,10,14,75,146,864
885,6,107,515,954,439,12,12,658,658,0,0.0004084550188910446,0.0004084550188910446,698,698,0,6,4,4,2,2,897,482,676
886,12,12,539,539,0,32,32,540,540,0,0.00013615167296368154,0.00013615167296368154,522,522,0,-1,4,4,8,2,499,251,838
887,6,622,379,992,613,34,72,403,548,145,3.4037918240920386e-05,0.001055175465468532,393,803,410,2,4,3,17,1,23,577,64
888,0,102,1,904,903,0,10,1,382,381,0.0,3.4037918240920386e-05,1,403,402,4,-1,5,7,0,305,966,567
889,12,218,549,969,420,19,32,476,604,128,6.807583648184077e-05,0.004765308553728854,440,960,520,3,4,4,6,2,624,602,32
890,16,16,668,668,0,21,21,608,608,0,0.0005786446100956465,0.0005786446100956465,735,735,0,-1,3,3,5,3,602,460,965
891,0,206,1,959,958,0,16,1,432,431,0.0,0.0002382654276864427,1,594,593,3,-1,4,6,0,368,565,557
892,6,212,457,970,513,13,20,463,552,89,3.4037918240920386e-05,0.0007488342013002485,403,767,364,3,4,4,6,3,661,321,289
893,6,6,437,437,0,22,22,496,496,0,0.00010211375472276115,0.00010211375472276115,495,495,0,-1,4,4,7,3,342,309,483
894,188,290,972,980,8,56,56,880,880,0,0.004969536063174376,0.005105687736138058,955,955,0,4,3,3,6,54,594,28,770
895,8,109,503,905,402,22,22,495,495,0,3.4037918240920386e-05,3.4037918240920386e-05,402,402,0,5,4,4,7,2,413,579,893
896,138,138,916,916,0,204,204,949,949,0,0.0026549576227917903,0.0026549576227917903,906,906,0,-1,2,2,15,14,81,146,732
897,78,78,883,883,0,74,74,946,946,0,0.0027911092957554717,0.0027911092957554717,912,912,0,-1,2,2,5,9,662,154,937
898,13,13,656,656,0,10,10,509,509,0,0.00017018959120460194,0.00017018959120460194,546,546,0,-1,4,4,3,5,835,314,915
899,1,207,333,965,632,5,13,333,452,119,0.0,0.0005786446100956465,1,736,735,3,6,4,5,1,599,640,507
900,0,616,1,989,988,0,104,1,680,679,0.0,0.001940161339732462,1,884,883,2,-1,3,16,0,59,860,104
901,0,616,1,992,991,0,50,1,679,678,0.0,0.002995336805200994,1,926,925,2,-1,3,8,0,201,754,14
902,0,206,1,961,960,0,18,1,420,419,0.0,0.0002042275094455223,1,568,567,3,-1,4,9,0,177,892,197
903,6,212,417,963,546,17,26,409,496,87,0.0,0.0013615167296368155,1,836,835,3,5,4,9,3,190,526,42
904,34,234,854,988,134,18,18,798,798,0,0.0010211375472276116,0.0017359338302869397,821,882,61,3,4,4,3,12,668,163,256
905,0,206,1,972,971,0,10,1,460,459,0.0,0.0012934408931549745,1,846,845,3,-1,4,3,0,801,851,112
906,28,28,639,639,0,112,112,680,680,0,0.0005786446100956465,0.0005786446100956465,710,710,0,-1,3,3,18,4,64,479,546
907,1,1,333,333,0,4,4,333,333,0,0.0,0.0,1,1,0,-1,8,8,4,2,652,448,498
908,22,228,641,960,319,39,44,558,588,30,3.4037918240920386e-05,0.0005105687736138058,404,707,303,3,3,3,9,2,147,298,256
909,38,139,786,934,148,50,50,808,808,0,0.00037441710065012424,0.00037441710065012424,671,671,0,5,3,3,5,4,396,233,225
910,0,102,1,930,929,0,6,1,374,373,0.0,0.00013615167296368154,1,504,503,4,-1,5,4,0,562,538,286
911,3,3,451,451,0,3,3,386,386,0,3.4037918240920386e-05,3.4037918240920386e-05,410,410,0,-1,5,5,2,2,965,244,974
912,12,12,517,517,0,66,66,558,558,0,3.4037918240920386e-05,3.4037918240920386e-05,396,396,0,-1,4,4,15,3,32,300,812
913,0,0,1,1,0,0,0,1,1,0,0.0,0.0,1,1,0,-1,-1,-1,5,0,456,686,824
914,0,102,1,929,928,0,6,1,359,358,0.0,6.807583648184077e-05,1,447,446,4,-1,5,5,0,663,423,762
915,28,234,702,969,267,52,52,679,679,0,0.00030634126416828345,0.0004084550188910446,618,666,48,3,3,3,9,5,395,688,196
916,0,206,1,950,949,0,32,1,448,447,0.0,0.0005446066918547262,1,702,701,3,-1,4,12,0,143,635,299
917,147,763,900,995,95,188,198,831,851,20,0.001599782157323258,0.003199564314646516,859,926,67,2,2,2,19,18,19,147,89
918,0,102,1,957,956,0,6,1,478,477,0.0,0.00034037918240920387,1,667,666,4,-1,5,3,0,883,887,326
919,0,101,1,897,896,0,6,1,330,329,0.0,0.00010211375472276115,1,491,490,5,-1,6,6,2,368,271,607
920,0,0,1,1,0,0,0,1,1,0,0.0,0.0,1,1,0,-1,-1,-1,2,1,884,779,979
921,239,239,942,942,0,444,444,938,938,0,0.0033016780693692774,0.0033016780693692774,921,921,0,-1,2,2,36,20,16,94,650
922,0,0,1,1,0,0,0,1,1,0,0.0,0.0,1,1,0,-1,-1,-1,3,0,620,923,773
923,1,102,331,941,610,3,3,331,331,0,0.0,6.807583648184077e-05,1,453,452,5,6,6,3,1,916,603,526
924,30,30,658,658,0,158,158,802,802,0,0.00034037918240920387,0.00034037918240920387,634,634,0,-1,3,3,18,5,64,165,943
925,102,102,897,897,0,72,72,833,833,0,0.0019741992579733825,0.0019741992579733825,879,879,0,-1,3,3,7,16,678,78,849
926,2,2,366,366,0,6,6,367,367,0,3.4037918240920386e-05,3.4037918240920386e-05,402,402,0,-1,5,5,5,1,727,879,568
927,36,36,754,754,0,56,56,768,768,0,0.0002723033459273631,0.0002723033459273631,608,608,0,-1,3,3,6,4,425,86,841
928,55,261,895,987,92,22,22,826,826,0,0.0017018959120460194,0.0023486163586235067,881,911,30,3,3,3,2,20,851,87,273
929,16,16,620,620,0,30,30,713,713,0,0.00013615167296368154,0.00013615167296368154,522,522,0,-1,3,3,4,1,921,556,915
930,28,234,801,983,182,18,22,803,830,27,0.0008509479560230097,0.004186663943633207,801,957,156,3,3,3,2,8,957,204,16
931,156,156,936,936,0,112,112,953,953,0,0.0034037918240920387,0.0034037918240920387,930,930,0,-1,2,2,8,17,488,45,815
932,0,206,1,958,957,0,20,1,470,469,0.0,0.0002723033459273631,1,604,603,3,-1,4,6,0,425,824,143
933,13,219,523,948,425,84,84,648,648,0,0.0004765308553728854,0.00088498587426393,689,777,88,3,4,4,14,5,332,619,351
934,0,616,1,992,991,0,44,1,442,441,0.0,0.0005786446100956465,1,726,725,2,-1,3,16,0,42,801,124
935,22,124,692,934,242,32,32,697,697,0,0.0002382654276864427,0.0002382654276864427,593,593,0,4,3,3,5,3,665,300,463
936,0,1640,1,1000,999,0,82,1,888,887,0.0,0.019639878825011062,1,993,992,1,-1,2,7,0,264,768,1
937,22,638,616,992,376,98,110,670,731,61,0.0002042275094455223,0.0017018959120460194,559,863,304,2,3,3,15,2,0,700,95
938,1,103,332,917,585,4,8,332,410,78,0.0,0.0004765308553728854,1,721,720,4,6,5,4,1,542,640,404
939,6,6,398,398,0,31,31,424,424,0,0.00013615167296368154,0.00013615167296368154,504,504,0,-1,4,4,15,1,110,537,657
940,25,126,874,987,113,8,8,753,753,0,0.0011232513019503727,0.0016338200755641784,847,881,34,5,4,4,2,15,955,206,146
941,6,212,402,959,557,15,20,410,445,35,6.807583648184077e-05,0.0002723033459273631,439,613,174,3,4,4,6,1,312,878,323
942,0,102,1,905,904,0,9,1,368,367,0.0,0.00013615167296368154,1,511,510,4,-1,5,7,1,637,787,704
943,0,206,1,965,964,0,14,1,441,440,0.0,0.0005105687736138058,1,703,702,3,-1,4,6,0,441,941,308
944,48,664,829,998,169,42,52,765,840,75,0.0012594029749140542,0.004016474352428605,833,939,106,2,3,3,6,11,399,193,65
945,230,230,955,955,0,236,236,970,970,0,0.0027911092957554717,0.0027911092957554717,920,920,0,-1,2,2,13,20,115,71,554
946,0,1640,1,1000,999,0,94,1,870,869,0.0,0.015214949453691413,1,988,987,1,-1,2,9,0,166,707,5
947,0,0,1,1,0,0,0,1,1,0,0.0,0.0,1,1,0,-1,-1,-1,8,0,186,324,838
948,2,104,353,907,554,9,10,353,358,5,0.0,0.00017018959120460194,1,533,532,4,5,5,8,1,146,861,499
949,1,103,333,885,552,9,10,333,350,17,3.4037918240920386e-05,0.00010211375472276115,395,482,87,4,6,5,9,2,351,357,547
950,2,2,346,346,0,30,30,368,368,0,0.0,0.0,1,1,0,-1,5,5,23,1,43,763,665
951,0,0,1,1,0,0,0,1,1,0,0.0,0.0,1,1,0,-1,-1,-1,2,0,880,902,436
952,19,19,625,625,0,46,46,581,581,0,0.0006126825283365669,0.0006126825283365669,740,740,0,-1,4,4,9,5,263,591,779
953,0,0,1,1,0,0,0,1,1,0,0.0,0.0,1,1,0,-1,-1,-1,8,0,371,750,728
954,6,6,442,442,0,12,12,468,468,0,3.4037918240920386e-05,3.4037918240920386e-05,408,408,0,-1,4,4,4,2,652,325,511
955,0,206,1,949,948,0,38,1,460,459,0.0,0.000442492937131965,1,680,679,3,-1,4,13,0,41,786,610
956,0,206,1,974,973,0,14,1,542,541,0.0,0.0007488342013002485,1,769,768,3,-1,4,3,0,651,918,396
957,0,206,1,986,985,0,8,1,594,593,0.0,0.0009190237925048504,1,813,812,3,-1,4,3,0,812,611,343
958,44,250,833,978,145,48,48,939,939,0,0.0023486163586235067,0.0026889955410327104,901,910,9,3,2,2,3,3,829,268,555
959,0,206,1,976,975,0,8,1,506,505,0.0,0.0006126825283365669,1,744,743,3,-1,4,2,0,816,890,62
960,0,0,1,1,0,0,0,1,1,0,0.0,0.0,1,1,0,-1,-1,-1,2,0,929,922,731
961,42,248,751,965,214,108,108,789,789,0,0.0009870996289866913,0.0016338200755641784,802,867,65,3,3,3,13,6,97,295,59
962,28,234,737,971,234,18,18,574,574,0,0.00034037918240920387,0.0008169100377820892,652,782,130,3,4,4,3,8,459,386,327
963,0,206,1,973,972,0,9,1,480,479,0.0,0.0005786446100956465,1,721,720,3,-1,4,3,1,912,895,345
964,18,18,631,631,0,28,28,615,615,0,0.0006467204465774873,0.0006467204465774873,752,752,0,-1,3,3,5,3,818,761,349
965,0,102,1,933,932,0,4,1,371,370,0.0,3.4037918240920386e-05,1,403,402,4,-1,5,3,0,857,757,416
966,0,101,1,929,928,0,2,1,331,330,0.0,0.00017018959120460194,1,555,554,5,-1,6,2,0,880,367,670
967,10,216,549,966,417,20,20,585,585,0,6.807583648184077e-05,0.0012253650566731338,442,839,397,3,4,4,4,7,858,451,180
968,6,108,442,926,484,8,9,449,451,2,3.4037918240920386e-05,6.807583648184077e-05,399,440,41,4,4,4,3,1,989,743,931
969,0,206,1,954,953,0,38,1,473,472,0.0,0.0007147962830593281,1,762,761,3,-1,4,13,0,97,611,295
970,1101,1101,999,999,0,392,392,997,997,0,0.01763164164879676,0.01763164164879676,993,993,0,-1,2,2,17,127,23,11,858
971,9,9,691,691,0,8,8,680,680,0,0.0002042275094455223,0.0002042275094455223,578,578,0,-1,4,4,2,3,920,704,812
972,19,121,665,932,267,22,22,611,611,0,0.00017018959120460194,0.0007147962830593281,538,759,221,4,3,3,4,6,887,392,217
973,0,616,1,992,991,0,64,1,597,596,0.0,0.002995336805200994,1,920,919,2,-1,3,13,1,129,730,98
974,0,0,1,1,0,0,0,1,1,0,0.0,0.0,1,1,0,-1,-1,-1,7,0,637,888,587
975,0,0,1,1,0,0,0,1,1,0,0.0,0.0,1,1,0,-1,-1,-1,7,0,214,977,836
976,32,648,700,994,294,104,108,764,779,15,0.0002723033459273631,0.002144388849177984,601,879,278,2,3,3,15,2,138,465,297
977,98,98,943,943,0,32,32,917,917,0,0.003982436434187685,0.003982436434187685,941,941,0,-1,3,3,2,26,625,112,921
978,4,4,425,425,0,7,7,396,396,0,3.4037918240920386e-05,3.4037918240920386e-05,404,404,0,-1,5,5,4,3,544,585,998
979,0,102,1,913,912,0,4,1,354,353,0.0,6.807583648184077e-05,1,454,453,4,-1,5,3,0,737,728,464
980,5,211,470,977,507,6,10,432,507,75,0.0,0.0027911092957554717,1,916,915,3,5,4,3,3,288,580,51
981,0,0,1,1,0,0,0,1,1,0,0.0,0.0,1,1,0,-1,-1,-1,10,0,293,926,725
982,2,103,358,900,542,19,19,405,405,0,6.807583648184077e-05,0.00010211375472276115,446,482,36,5,5,5,10,1,293,265,807
983,155,155,940,940,0,88,88,855,855,0,0.002927260968719153,0.002927260968719153,920,920,0,-1,3,3,8,28,199,41,882
984,0,0,1,1,0,0,0,1,1,0,0.0,0.0,1,1,0,-1,-1,-1,2,0,976,991,956
985,29,29,651,651,0,105,105,611,611,0,0.00013615167296368154,0.00013615167296368154,514,514,0,-1,3,3,21,5,3,241,826
986,0,206,1,941,940,0,36,1,398,397,0.0,0.00017018959120460194,1,532,531,3,-1,4,19,3,46,478,617
987,72,72,885,885,0,28,28,737,737,0,0.0015657442390823377,0.0015657442390823377,866,866,0,-1,3,3,3,13,680,261,849
988,40,40,766,766,0,70,70,770,770,0,0.00037441710065012424,0.00037441710065012424,663,663,0,-1,3,3,9,6,289,683,859
989,4,210,452,978,526,4,8,416,511,95,3.4037918240920386e-05,0.00439089145307873,406,956,550,3,5,4,2,4,910,442,12
990,16,222,544,953,409,82,82,614,614,0,0.00017018959120460194,0.00030634126416828345,534,625,91,3,3,3,16,1,78,891,241
991,8,110,605,968,363,4,4,406,406,0,0.00010211375472276115,0.000442492937131965,511,709,198,4,5,5,3,4,812,164,619
992,12,218,552,963,411,30,30,564,564,0,6.807583648184077e-05,0.00037441710065012424,448,652,204,3,4,4,7,3,400,434,376
993,0,0,1,1,0,0,0,1,1,0,0.0,0.0,1,1,0,-1,-1,-1,3,0,850,457,740
994,0,0,1,1,0,0,0,1,1,0,0.0,0.0,1,1,0,-1,-1,-1,9,0,190,429,758
995,251,353,959,974,15,246,246,957,957,0,0.005412029000306341,0.005480104836788182,953,953,0,4,2,2,17,24,10,8,566
996,7,109,545,942,397,12,12,612,612,0,0.00030634126416828345,0.00034037918240920387,632,651,19,4,4,4,2,3,849,299,627
997,0,206,1,970,969,0,18,1,624,623,0.0,0.0015657442390823377,1,863,862,3,-1,4,3,0,869,423,174
998,16,632,584,994,410,58,68,723,775,52,0.0006126825283365669,0.0037441710065012424,729,940,211,2,3,3,8,1,383,480,102
999,5,211,446,971,525,9,18,412,527,115,0.00013615167296368154,0.0009190237925048504,512,800,288,3,5,4,5,4,533,319,382
