,FreeNet_pre_score,FreeNet_post_score,FreeNet_pre_rank,FreeNet_post_rank,FreeNet_delta_ranks,Reversed_pre_score,Reversed_post_score,Reversed_pre_rank,Reversed_post_rank,Reversed_delta_ranks,Random_pre_score,Random_post_score,Random_pre_rank,Random_post_rank,Random_delta_ranks,dist_victim_relayer,dist_victim_vilain_pre,dist_victim_vilain_post,out_deg_victim,in_deg_villain,victim,villain,relayer
0,18,18,647,647,0,26,26,696,696,0,0.00013615167296368154,0.00013615167296368154,507,507,0,-1,3,3,4,2,887,499,929
1,2,208,366,976,610,5,12,368,484,116,3.4037918240920386e-05,0.0006467204465774873,392,747,355,3,5,4,4,2,648,764,289
2,313,519,975,988,13,166,166,982,982,0,0.005820484019197386,0.006909697402906838,964,968,4,3,2,2,8,35,483,57,59
3,22,228,601,946,345,150,150,784,784,0,0.00030634126416828345,0.000442492937131965,620,681,61,3,3,3,18,4,69,305,220
4,89,295,853,970,117,124,124,775,775,0,0.0016678579938050988,0.0018040096667687805,857,868,11,3,3,3,18,20,29,87,689
5,50,256,764,959,195,188,188,923,923,0,0.0020422750944552232,0.00353994349705572,880,938,58,3,2,2,14,5,121,355,15
6,195,297,946,971,25,146,146,967,967,0,0.0038462847612240037,0.004016474352428605,938,940,2,4,2,2,8,20,483,95,536
7,0,102,1,946,945,0,4,1,410,409,0.0,0.0005446066918547262,1,735,734,4,-1,5,2,0,928,604,273
8,32,648,790,999,209,24,28,736,772,36,0.0009870996289866913,0.006467204465774873,820,968,148,2,3,3,3,6,780,46,5
9,12,12,525,525,0,38,38,601,601,0,0.0002723033459273631,0.0002723033459273631,608,608,0,-1,4,4,7,3,436,197,991
10,0,206,1,978,977,0,8,1,472,471,0.0,0.00088498587426393,1,805,804,3,-1,4,2,0,643,985,82
11,0,0,1,1,0,0,0,1,1,0,0.0,0.0,1,1,0,-1,-1,-1,4,1,516,456,706
12,10,216,524,961,437,18,22,442,478,36,0.00010211375472276115,0.0009190237925048504,479,798,319,3,4,4,7,4,417,567,396
13,20,20,807,807,0,8,8,645,645,0,0.0006126825283365669,0.0006126825283365669,757,757,0,-1,4,4,2,8,941,161,668
14,1,103,329,979,650,2,4,329,545,216,0.0,0.0015657442390823377,1,878,877,4,6,5,2,1,952,862,393
15,26,232,725,975,250,28,28,767,767,0,0.0006126825283365669,0.0008169100377820892,750,795,45,3,3,3,3,9,471,29,339
16,207,207,969,969,0,76,76,915,915,0,0.004118588107151367,0.004118588107151367,948,948,0,-1,3,3,6,36,341,48,976
17,0,0,1,1,0,0,0,1,1,0,0.0,0.0,1,1,0,-1,-1,-1,10,0,293,886,898
18,54,1694,779,1000,221,152,206,817,913,96,0.0010892133837094523,0.009836958371625992,817,973,156,1,3,2,17,8,24,264,98
19,0,101,1,960,959,0,2,1,332,331,0.0,0.0,1,1,0,6,-1,7,2,0,788,848,402
20,20,226,696,976,280,32,36,724,733,9,0.0002042275094455223,0.0009190237925048504,572,803,231,3,3,3,5,4,616,617,273
21,6,6,513,513,0,12,12,683,683,0,0.0002042275094455223,0.0002042275094455223,580,580,0,-1,4,4,2,1,965,727,732
22,45,45,790,790,0,60,60,774,774,0,0.00034037918240920387,0.00034037918240920387,637,637,0,-1,3,3,8,7,415,176,989
23,100,100,862,862,0,100,100,790,790,0,0.013615167296368155,0.013615167296368155,988,988,0,-1,1,1,12,5,96,124,794
24,0,0,1,1,0,0,0,1,1,0,0.0,0.0,1,1,0,-1,-1,-1,2,0,821,865,927
25,6,107,454,924,470,11,11,461,461,0,3.4037918240920386e-05,6.807583648184077e-05,397,441,44,5,4,4,4,1,815,594,842
26,0,102,1,970,969,0,4,1,470,469,0.0,0.00088498587426393,1,800,799,4,-1,5,2,3,898,348,64
27,47,253,808,975,167,48,48,699,699,0,0.0011232513019503727,0.0024166921951053475,820,902,82,3,3,3,7,10,658,195,42
28,20,226,612,959,347,42,66,516,666,150,3.4037918240920386e-05,0.003369753905851118,397,927,530,3,4,4,11,4,163,164,77
29,12,218,563,970,407,11,20,441,587,146,6.807583648184077e-05,0.0013955546478777359,453,848,395,3,4,4,4,2,632,298,297
30,32,32,789,789,0,48,48,936,936,0,0.0010892133837094523,0.0010892133837094523,823,823,0,-1,3,3,3,4,577,143,699
31,4,106,400,898,498,11,14,382,405,23,6.807583648184077e-05,0.0006807583648184077,451,750,299,4,5,5,7,2,331,547,340
32,0,102,1,899,898,0,10,1,399,398,0.0,0.0006126825283365669,1,733,732,4,-1,5,5,0,349,888,366
33,38,38,793,793,0,40,40,757,757,0,0.001157289220191293,0.001157289220191293,822,822,0,-1,3,3,5,8,605,186,953
34,233,439,978,993,15,32,32,919,919,0,0.006705469893461316,0.008305252050784574,971,975,4,3,3,3,2,54,750,28,133
35,14,14,537,537,0,50,50,518,518,0,0.00030634126416828345,0.00030634126416828345,632,632,0,-1,4,4,15,3,138,704,850
36,18,224,603,956,353,41,41,540,540,0,0.00030634126416828345,0.0006126825283365669,626,731,105,3,3,3,10,2,105,383,308
37,50,151,803,942,139,98,98,876,876,0,0.0020082371762143027,0.0020763130126961434,887,893,6,5,3,3,8,8,225,174,552
38,0,0,1,1,0,0,0,1,1,0,0.0,0.0,1,1,0,-1,-1,-1,2,0,751,651,950
39,3,209,406,959,553,9,19,355,443,88,0.0,0.0002382654276864427,1,589,588,3,5,4,8,5,380,605,453
40,152,152,943,943,0,116,116,973,973,0,0.004288777698355968,0.004288777698355968,950,950,0,-1,2,2,7,17,264,45,669
41,8,8,518,518,0,18,18,643,643,0,0.0007147962830593281,0.0007147962830593281,770,770,0,-1,4,4,3,3,471,299,892
42,0,206,1,968,967,0,15,1,449,448,0.0,0.00037441710065012424,1,662,661,3,-1,4,6,0,275,918,770
43,252,868,967,996,29,140,140,929,929,0,0.0045270431260424114,0.005786446100956465,953,964,11,2,3,3,10,36,240,48,343
44,0,206,1,967,966,0,16,1,451,450,0.0,0.000442492937131965,1,683,682,3,-1,4,6,1,556,852,221
45,41,41,917,917,0,8,8,730,730,0,0.0030974505599237552,0.0030974505599237552,933,933,0,-1,4,4,2,27,952,69,565
46,17,633,581,993,412,102,116,725,794,69,0.0002723033459273631,0.0009190237925048504,604,793,189,2,3,3,14,2,154,101,173
47,6,107,508,949,441,14,14,614,614,0,0.00013615167296368154,0.0002723033459273631,524,616,92,5,4,4,3,1,535,797,491
48,0,101,1,923,922,0,4,1,331,330,0.0,0.0,1,1,0,5,-1,6,4,0,735,699,896
49,0,0,1,1,0,0,0,1,1,0,0.0,0.0,1,1,0,-1,-1,-1,6,0,526,715,848
50,0,0,1,1,0,0,0,1,1,0,0.0,0.0,1,1,0,-1,-1,-1,3,0,564,943,980
51,6,107,396,886,490,28,28,426,426,0,0.0,0.0,1,1,0,5,4,4,12,3,175,466,708
52,30,30,749,749,0,26,26,589,589,0,0.00030634126416828345,0.00030634126416828345,623,623,0,-1,3,3,6,4,575,156,925
53,48,150,815,941,126,62,62,849,849,0,0.0017018959120460194,0.0018720855032506212,865,872,7,4,2,2,6,3,353,507,307
54,0,206,1,960,959,0,20,1,435,434,0.0,0.0002382654276864427,1,588,587,3,-1,4,8,0,218,565,160
55,0,206,1,976,975,0,10,1,536,535,0.0,0.0005446066918547262,1,727,726,3,-1,4,3,0,961,865,103
56,24,126,714,925,211,34,34,731,731,0,0.0005105687736138058,0.0005446066918547262,720,726,6,4,3,3,4,4,759,557,321
57,1,207,333,971,638,6,16,333,496,163,0.0,0.0008509479560230097,1,787,786,3,6,4,6,1,237,140,53
58,2,208,360,969,609,4,10,361,460,99,3.4037918240920386e-05,0.0004765308553728854,409,712,303,3,5,4,3,3,819,460,326
59,7,7,495,495,0,28,28,500,500,0,0.0,0.0,1,1,0,-1,4,4,8,2,428,599,200
60,4,105,463,949,486,5,5,411,411,0,6.807583648184077e-05,0.00010211375472276115,452,487,35,5,5,5,3,5,600,570,238
61,12,12,556,556,0,20,20,497,497,0,0.0002042275094455223,0.0002042275094455223,568,568,0,-1,4,4,6,4,518,365,838
62,6,212,388,947,559,37,42,440,474,34,0.00010211375472276115,0.0004084550188910446,473,670,197,3,4,4,15,2,45,662,479
63,74,74,820,820,0,172,172,843,843,0,0.00088498587426393,0.00088498587426393,768,768,0,-1,3,3,17,10,94,405,349
64,8,214,522,970,448,14,22,467,543,76,0.0002042275094455223,0.0014295925661186562,544,842,298,3,4,4,5,2,407,251,49
65,18,119,684,940,256,30,30,765,765,0,0.0005105687736138058,0.0005446066918547262,719,726,7,5,3,3,4,3,543,525,602
66,0,101,1,954,953,0,2,1,331,330,0.0,3.4037918240920386e-05,1,401,400,5,-1,6,2,0,946,836,602
67,2,2,353,353,0,16,16,410,410,0,6.807583648184077e-05,6.807583648184077e-05,443,443,0,-1,5,5,8,1,334,661,620
68,1,102,333,907,574,7,7,333,333,0,0.0,0.0,1,1,0,5,7,6,7,1,364,469,140
69,12,12,517,517,0,26,26,442,442,0,6.807583648184077e-05,6.807583648184077e-05,440,440,0,-1,4,4,10,3,310,585,789
70,28,234,596,947,351,152,152,605,605,0,0.0004084550188910446,0.0004765308553728854,653,676,23,3,3,3,35,3,20,653,260
71,10,112,488,890,402,30,30,452,452,0,0.00013615167296368154,0.0002723033459273631,518,608,90,4,4,4,11,4,66,319,239
72,8,109,454,870,416,77,77,483,483,0,3.4037918240920386e-05,3.4037918240920386e-05,402,402,0,7,4,4,23,2,8,244,765
73,1,1,333,333,0,3,3,333,333,0,0.0,0.0,1,1,0,-1,6,6,3,2,899,344,806
74,1,1,333,333,0,12,12,333,333,0,0.0,0.0,1,1,0,-1,7,7,12,1,62,765,835
75,35,136,839,971,132,24,24,805,805,0,0.0009190237925048504,0.0009530617107457708,805,811,6,5,4,4,4,14,860,243,781
76,0,101,1,969,968,0,2,1,330,329,0.0,0.00010211375472276115,1,497,496,5,-1,6,2,0,962,919,496
77,0,102,1,915,914,0,9,1,407,406,0.0,0.00010211375472276115,1,480,479,4,-1,5,5,0,565,950,628
78,0,206,1,950,949,0,35,1,470,469,0.0,0.0009190237925048504,1,777,776,3,-1,4,12,0,62,611,212
79,0,0,1,1,0,0,0,1,1,0,0.0,0.0,1,1,0,-1,-1,-1,2,0,939,851,649
80,8,110,516,914,398,18,18,493,493,0,0.00030634126416828345,0.00037441710065012424,628,662,34,4,4,4,5,2,492,383,241
81,0,206,1,950,949,0,24,1,374,373,0.0,3.4037918240920386e-05,1,392,391,3,-1,4,18,0,29,918,592
82,0,0,1,1,0,0,0,1,1,0,0.0,0.0,1,1,0,-1,-1,-1,7,0,265,839,966
83,109,109,902,902,0,110,110,881,881,0,0.0019741992579733825,0.0019741992579733825,877,877,0,-1,2,2,11,17,271,269,908
84,38,38,779,779,0,30,30,698,698,0,0.0007488342013002485,0.0007488342013002485,764,764,0,-1,3,3,4,7,614,150,712
85,209,209,972,972,0,54,54,912,912,0,0.003369753905851118,0.003369753905851118,932,932,0,-1,3,3,4,44,559,27,965
86,0,0,1,1,0,0,0,1,1,0,0.0,0.0,1,1,0,-1,-1,-1,8,0,199,965,706
87,18,224,583,953,370,48,48,516,516,0,3.4037918240920386e-05,0.00013615167296368154,398,518,120,3,4,4,12,4,175,220,505
88,0,0,1,1,0,0,0,1,1,0,0.0,0.0,1,1,0,-1,-1,-1,3,0,837,960,890
89,2,208,360,965,605,12,32,411,601,190,3.4037918240920386e-05,0.0013274788113958951,406,837,431,3,5,4,6,1,345,661,261
90,0,101,1,948,947,0,3,1,331,330,0.0,0.0,1,1,0,5,-1,6,3,0,768,999,597
91,36,137,775,942,167,62,62,811,811,0,0.001055175465468532,0.001055175465468532,810,810,0,5,3,3,7,5,342,403,615
92,0,102,1,888,887,0,14,1,378,377,0.0,0.00010211375472276115,1,470,469,4,-1,5,10,0,259,511,670
93,0,102,1,922,921,0,5,1,364,363,0.0,0.0,1,1,0,4,-1,5,4,0,532,816,383
94,12,12,614,614,0,14,14,548,548,0,0.0002042275094455223,0.0002042275094455223,581,581,0,-1,4,4,3,4,923,504,715
95,6,6,403,403,0,26,26,454,454,0,3.4037918240920386e-05,3.4037918240920386e-05,401,401,0,-1,4,4,9,2,164,575,928
96,6,108,426,907,481,17,17,438,438,0,0.00013615167296368154,0.00013615167296368154,504,504,0,4,4,4,8,1,270,334,442
97,16,222,504,948,444,112,112,652,652,0,0.00010211375472276115,0.0004084550188910446,472,665,193,3,3,3,20,1,61,689,545
98,14,116,582,918,336,26,26,521,521,0,0.0002382654276864427,0.0002382654276864427,580,580,0,4,4,4,7,3,658,248,904
99,33,33,833,833,0,12,12,682,682,0,0.0008169100377820892,0.0008169100377820892,779,779,0,-1,4,4,2,12,715,172,359
100,0,206,1,948,947,0,20,1,390,389,0.0,0.0002042275094455223,1,551,550,3,-1,4,11,1,163,568,596
101,7,7,496,496,0,17,17,433,433,0,0.00013615167296368154,0.00013615167296368154,518,518,0,-1,4,4,7,5,118,464,705
102,136,342,949,987,38,54,54,914,914,0,0.003880322679464924,0.0045270431260424114,944,953,9,3,3,3,4,31,424,35,264
103,0,616,1,991,990,0,68,1,683,682,0.0,0.0020082371762143027,1,886,885,2,-1,3,10,0,152,858,129
104,32,133,731,927,196,46,46,662,662,0,0.0002723033459273631,0.0002723033459273631,611,611,0,5,3,3,8,5,257,182,708
105,0,102,1,973,972,0,3,1,413,412,0.0,0.0004084550188910446,1,699,698,4,-1,5,2,0,872,793,343
106,170,170,928,928,0,232,232,937,937,0,0.0025188059498281084,0.0025188059498281084,897,897,0,-1,2,2,17,18,24,141,705
107,0,0,1,1,0,0,0,1,1,0,0.0,0.0,1,1,0,-1,-1,-1,14,0,127,388,522
108,6,108,460,937,477,8,10,469,474,5,0.0,0.00017018959120460194,1,543,542,4,4,4,3,2,651,320,689
109,100,100,919,919,0,100,100,985,985,0,0.029612988869600735,0.03352734946730658,996,998,2,2,1,1,5,5,647,570,38
110,0,0,1,1,0,0,0,1,1,0,0.0,0.0,1,1,0,-1,-1,-1,8,0,442,866,429
111,15,116,641,934,293,24,24,656,656,0,0.00013615167296368154,0.00013615167296368154,519,519,0,5,4,4,4,4,784,365,598
112,4,210,397,961,564,14,22,391,457,66,0.00010211375472276115,0.000442492937131965,483,684,201,3,5,4,8,2,218,523,391
113,40,142,737,925,188,128,128,852,852,0,0.0007147962830593281,0.0007828721195411688,740,754,14,4,3,3,15,6,110,381,317
114,22,228,629,958,329,64,64,694,694,0,0.00013615167296368154,0.0005105687736138058,512,697,185,3,3,3,9,2,269,770,338
115,0,206,1,967,966,0,16,1,511,510,0.0,0.0006467204465774873,1,752,751,3,-1,4,4,1,504,513,642
116,9,9,533,533,0,16,16,433,433,0,3.4037918240920386e-05,3.4037918240920386e-05,400,400,0,-1,4,4,7,3,398,534,772
117,6,6,461,461,0,12,12,475,475,0,6.807583648184077e-05,6.807583648184077e-05,447,447,0,-1,4,4,4,1,617,334,814
118,18,119,612,916,304,28,28,535,535,0,0.00017018959120460194,0.0002042275094455223,543,567,24,6,3,3,7,2,417,383,540
119,81,183,862,946,84,62,62,785,785,0,0.0019741992579733825,0.0019741992579733825,888,888,0,4,3,3,7,15,209,151,756
120,0,102,1,967,966,0,4,1,466,465,0.0,0.0007488342013002485,1,777,776,4,-1,5,2,0,807,993,273
121,0,102,1,918,917,0,10,1,434,433,0.0,0.00037441710065012424,1,666,665,4,-1,5,5,0,688,600,329
122,173,275,968,984,16,28,28,809,809,0,0.0053099152455835805,0.005446066918547262,957,957,0,4,3,3,3,49,748,51,176
123,0,616,1,993,992,0,86,1,800,799,0.0,0.008611593314952858,1,977,976,2,-1,3,10,0,169,565,11
124,102,102,969,969,0,22,22,924,924,0,0.00616086320160659,0.00616086320160659,972,972,0,-1,3,3,2,34,936,20,855
125,1,1,330,330,0,4,4,330,330,0,0.0,0.0,1,1,0,-1,8,8,4,1,949,765,953
126,2,2,358,358,0,6,6,370,370,0,6.807583648184077e-05,6.807583648184077e-05,454,454,0,-1,5,5,4,1,822,603,817
127,0,616,1,997,996,0,36,1,749,748,0.0,0.003948398515946765,1,944,943,2,-1,3,5,0,314,674,31
128,44,44,784,784,0,64,64,783,783,0,0.0005446066918547262,0.0005446066918547262,716,716,0,-1,3,3,8,4,415,246,991
129,0,0,1,1,0,0,0,1,1,0,0.0,0.0,1,1,0,-1,-1,-1,2,0,802,359,723
130,8,214,542,972,430,20,24,627,702,75,0.00017018959120460194,0.0007488342013002485,551,771,220,3,4,4,4,2,543,770,329
131,2,2,350,350,0,13,13,378,378,0,3.4037918240920386e-05,3.4037918240920386e-05,398,398,0,-1,5,5,8,1,317,717,673
132,203,409,955,985,30,120,120,965,965,0,0.006535280302256714,0.007386228258279724,974,977,3,3,2,2,6,31,378,126,46
133,0,101,1,918,917,0,4,1,331,330,0.0,0.0,1,1,0,5,-1,6,4,0,969,802,509
134,52,153,798,926,128,116,116,850,850,0,0.0012253650566731338,0.0012253650566731338,824,824,0,5,2,2,11,3,150,616,896
135,196,812,972,1000,28,54,54,893,893,0,0.004765308553728854,0.007250076585316042,957,973,16,2,3,3,4,37,784,74,73
136,1,103,333,921,588,4,5,333,361,28,6.807583648184077e-05,0.0002723033459273631,453,611,158,4,6,5,4,1,659,781,677
137,8,214,503,960,457,24,28,469,494,25,6.807583648184077e-05,0.00030634126416828345,452,646,194,3,4,4,8,2,186,566,508
138,0,0,1,1,0,0,0,1,1,0,0.0,0.0,1,1,0,-1,-1,-1,2,0,997,894,489
139,6,108,491,946,455,12,12,522,522,0,0.00013615167296368154,0.0005446066918547262,516,723,207,4,4,4,4,1,789,958,198
140,14,14,586,586,0,32,32,648,648,0,0.0002723033459273631,0.0002723033459273631,622,622,0,-1,4,4,6,3,451,704,669
141,0,0,1,1,0,0,0,1,1,0,0.0,0.0,1,1,0,-1,-1,-1,3,0,577,772,900
142,9,111,600,952,352,8,8,523,523,0,0.00034037918240920387,0.0008509479560230097,651,792,141,4,4,4,2,4,942,278,413
143,16,222,607,970,363,38,38,827,827,0,0.00013615167296368154,0.0007147962830593281,517,759,242,3,3,3,3,1,725,553,329
144,2,104,354,882,528,16,21,354,378,24,0.0,0.0,1,1,0,4,5,5,15,1,68,437,935
145,0,206,1,945,944,0,47,1,456,455,0.0,0.0005786446100956465,1,716,715,3,-1,4,18,0,34,200,386
146,0,0,1,1,0,0,0,1,1,0,0.0,0.0,1,1,0,-1,-1,-1,3,0,892,657,564
147,0,206,1,945,944,0,20,1,370,369,0.0,6.807583648184077e-05,1,447,446,3,-1,4,14,0,122,801,311
148,2,208,373,977,604,4,10,374,531,157,3.4037918240920386e-05,0.0005446066918547262,400,722,322,3,5,4,3,2,854,679,338
149,6,107,427,916,489,12,12,421,421,0,0.0,0.0,1,1,0,6,4,4,6,3,251,748,663
150,1,103,332,949,617,3,6,332,448,116,0.0,0.0005105687736138058,1,714,713,4,9,5,3,1,854,647,154
151,18,119,705,946,241,14,14,615,615,0,0.0004765308553728854,0.0004765308553728854,697,697,0,6,4,4,3,3,823,311,466
152,2,2,348,348,0,30,30,388,388,0,3.4037918240920386e-05,3.4037918240920386e-05,401,401,0,-1,5,5,16,2,27,560,614
153,0,102,1,924,923,0,9,1,421,420,0.0,0.0002042275094455223,1,572,571,4,-1,5,5,1,435,767,354
154,0,206,1,973,972,0,26,1,661,660,0.0,0.006977773239388679,1,969,968,3,-1,4,5,0,663,997,7
155,22,228,632,959,327,68,72,678,697,19,0.00017018959120460194,0.0008509479560230097,541,779,238,3,3,3,10,2,135,682,161
156,317,933,975,997,22,190,190,979,979,0,0.0045270431260424114,0.007216038667075122,950,969,19,2,2,2,11,44,215,27,74
157,36,138,734,916,182,56,56,660,660,0,0.0004084550188910446,0.0008509479560230097,673,777,104,4,3,3,9,8,262,521,167
158,21,123,653,930,277,42,42,594,594,0,0.0002042275094455223,0.0002723033459273631,569,615,46,4,4,4,9,5,119,310,247
159,4,105,498,961,463,4,4,446,446,0,0.0,6.807583648184077e-05,1,447,446,5,5,5,2,2,985,298,749
160,0,0,1,1,0,0,0,1,1,0,0.0,0.0,1,1,0,-1,-1,-1,3,0,535,674,632
161,24,24,672,672,0,52,52,623,623,0,0.0002042275094455223,0.0002042275094455223,567,567,0,-1,3,3,9,4,287,202,957
162,0,0,1,1,0,0,0,1,1,0,0.0,0.0,1,1,0,-1,-1,-1,5,0,602,777,963
163,15,15,609,609,0,15,15,526,526,0,0.00017018959120460194,0.00017018959120460194,548,548,0,-1,4,4,4,9,949,317,349
164,0,102,1,874,873,0,16,1,362,361,0.0,0.0,1,1,0,4,-1,5,13,0,165,611,662
165,10,216,530,961,431,32,37,479,516,37,0.00013615167296368154,0.00037441710065012424,499,665,166,3,4,4,11,6,176,392,86
166,1,207,332,979,647,3,18,332,694,362,0.0,0.003880322679464924,1,945,944,3,7,4,3,2,902,582,18
167,14,116,659,942,283,14,14,627,627,0,0.000442492937131965,0.0007828721195411688,692,776,84,4,4,4,3,4,856,407,267
168,2,104,371,941,570,5,5,400,400,0,3.4037918240920386e-05,0.00010211375472276115,399,484,85,4,5,5,3,2,590,662,309
169,8,110,576,950,374,10,10,531,531,0,3.4037918240920386e-05,0.00013615167296368154,409,522,113,4,4,4,3,2,569,576,477
170,2,103,358,910,552,9,9,363,363,0,3.4037918240920386e-05,3.4037918240920386e-05,399,399,0,5,5,5,7,1,196,743,402
171,31,237,756,971,215,24,24,623,623,0,0.0006807583648184077,0.0008169100377820892,751,776,25,3,4,4,4,8,887,204,711
172,12,114,546,909,363,19,19,463,463,0,0.0002723033459273631,0.0002723033459273631,620,620,0,4,4,4,8,6,541,435,558
173,6,108,467,948,481,4,4,419,419,0,0.0,0.0002042275094455223,1,584,583,4,5,5,2,4,980,443,165
174,0,102,1,911,910,0,8,1,389,388,0.0,3.4037918240920386e-05,1,414,413,4,-1,5,5,0,326,800,958
175,73,174,925,976,51,12,12,683,683,0,0.0029612988869600733,0.0030634126416828346,926,929,3,5,4,4,2,30,965,39,360
176,2,104,362,922,560,6,6,376,376,0,0.0,6.807583648184077e-05,1,443,442,4,5,5,4,2,313,679,22
177,28,644,676,991,315,80,94,605,658,53,0.0009190237925048504,0.003165526396405596,786,922,136,2,4,3,16,10,78,296,108
178,0,0,1,1,0,0,0,1,1,0,0.0,0.0,1,1,0,-1,-1,-1,9,0,389,934,488
179,20,121,668,931,263,16,16,523,523,0,0.00030634126416828345,0.00030634126416828345,626,626,0,7,4,4,4,9,711,317,626
180,0,0,1,1,0,0,0,1,1,0,0.0,0.0,1,1,0,-1,-1,-1,2,0,757,967,930
181,4,4,430,430,0,4,4,393,393,0,0.0,0.0,1,1,0,-1,5,5,2,3,763,411,872
182,74,280,850,971,121,82,82,827,827,0,0.0009530617107457708,0.0010211375472276116,798,809,11,3,2,2,8,9,483,391,305
183,16,117,656,937,281,26,26,749,749,0,0.00013615167296368154,0.00017018959120460194,528,562,34,5,3,3,4,3,619,285,398
184,364,466,998,999,1,38,38,948,948,0,0.013581129378127233,0.013887470642295518,991,991,0,4,3,3,3,127,668,11,268
185,0,206,1,956,955,0,28,1,499,498,0.0,0.00088498587426393,1,784,783,3,-1,4,8,0,428,886,415
186,12,218,596,972,376,16,20,527,592,65,0.00037441710065012424,0.0012594029749140542,674,836,162,3,4,4,4,3,280,795,64
187,33,239,836,986,150,24,24,878,878,0,0.0011913271384322134,0.0025188059498281084,836,908,72,3,3,3,3,7,918,150,203
188,0,0,1,1,0,0,0,1,1,0,0.0,0.0,1,1,0,-1,-1,-1,6,0,353,514,921
189,84,290,801,962,161,268,268,793,793,0,0.0006467204465774873,0.001497668402600497,725,850,125,3,3,3,35,8,20,187,138
190,6,212,400,955,555,37,42,461,489,28,3.4037918240920386e-05,0.00017018959120460194,390,547,157,3,4,4,13,1,97,334,370
191,43,144,858,970,112,12,12,633,633,0,0.001599782157323258,0.0019061234214915416,878,893,15,5,4,4,2,13,469,42,240
192,12,12,583,583,0,18,18,520,520,0,0.00013615167296368154,0.00013615167296368154,532,532,0,-1,4,4,5,5,314,350,686
193,33,239,677,954,277,98,98,666,666,0,0.0002382654276864427,0.001599782157323258,579,857,278,3,3,3,15,3,49,291,158
194,6,212,399,954,555,38,50,498,572,74,6.807583648184077e-05,0.0009190237925048504,433,787,354,3,4,4,11,2,233,313,148
195,0,206,1,940,939,0,38,1,422,421,0.0,0.00034037918240920387,1,635,634,3,-1,4,18,0,111,744,302
196,33,135,776,938,162,30,30,715,715,0,0.0007828721195411688,0.001055175465468532,786,832,46,4,3,3,4,9,444,293,170
197,98,98,893,893,0,92,92,921,921,0,0.0017359338302869397,0.0017359338302869397,865,865,0,-1,3,3,7,17,658,269,744
198,0,0,1,1,0,0,0,1,1,0,0.0,0.0,1,1,0,-1,-1,-1,3,1,882,742,276
199,0,102,1,941,940,0,5,1,396,395,0.0,0.0002042275094455223,1,580,579,4,-1,5,3,0,814,604,418
200,0,0,1,1,0,0,0,1,1,0,0.0,0.0,1,1,0,-1,-1,-1,8,1,434,685,841
201,148,250,940,973,33,60,60,883,883,0,0.0021784267674189047,0.0023486163586235067,895,907,12,4,3,3,5,28,537,44,486
202,8,8,660,660,0,7,7,670,670,0,0.000442492937131965,0.000442492937131965,703,703,0,-1,4,4,2,6,973,392,569
203,40,246,787,978,191,36,44,796,805,9,0.0005786446100956465,0.0009530617107457708,722,792,70,3,3,3,4,4,822,259,584
204,12,12,532,532,0,32,32,508,508,0,0.0002723033459273631,0.0002723033459273631,603,603,0,-1,4,4,10,4,437,239,701
205,6,107,437,925,488,10,10,446,446,0,6.807583648184077e-05,0.00010211375472276115,448,487,39,5,4,4,3,3,927,309,799
206,0,0,1,1,0,0,0,1,1,0,0.0,0.0,1,1,0,-1,-1,-1,17,1,23,456,916
207,6,6,444,444,0,20,20,525,525,0,0.0002382654276864427,0.0002382654276864427,597,597,0,-1,4,4,6,3,664,285,984
208,44,146,803,940,137,48,48,718,718,0,0.0005446066918547262,0.0006467204465774873,712,748,36,4,3,3,7,9,361,154,722
209,0,206,1,974,973,0,14,1,542,541,0.0,0.0013615167296368155,1,846,845,3,-1,4,3,1,651,738,72
210,119,119,933,933,0,86,86,946,946,0,0.0028932230504782326,0.0028932230504782326,916,916,0,-1,3,3,6,20,399,94,775
211,0,0,1,1,0,0,0,1,1,0,0.0,0.0,1,1,0,-1,-1,-1,10,0,105,502,675
212,0,102,1,933,932,0,4,1,400,399,0.0,0.0004765308553728854,1,712,711,4,-1,5,2,0,653,914,461
213,22,228,590,951,361,136,136,789,789,0,0.000442492937131965,0.0006126825283365669,678,724,46,3,3,3,15,2,51,101,309
214,14,14,566,566,0,20,20,465,465,0,0.00013615167296368154,0.00013615167296368154,525,525,0,-1,4,4,6,3,432,353,735
215,24,230,666,966,300,52,52,689,689,0,0.0002382654276864427,0.0063650907110521125,596,969,373,3,3,3,7,3,179,280,19
216,0,102,1,938,937,0,6,1,452,451,0.0,0.0012253650566731338,1,839,838,4,-1,5,3,1,871,949,45
217,257,357,982,989,7,54,54,946,946,0,0.008543517478471017,0.008543517478471017,976,976,0,7,3,3,4,62,794,70,703
218,0,102,1,937,936,0,4,1,400,399,0.0,6.807583648184077e-05,1,460,459,4,-1,5,2,0,689,944,791
219,63,269,844,974,130,58,58,773,773,0,0.0009190237925048504,0.0015317063208414173,795,845,50,3,3,3,8,15,270,92,311
220,7,109,552,947,395,8,8,523,523,0,0.00010211375472276115,0.0005786446100956465,487,736,249,4,4,4,2,2,929,680,283
221,0,102,1,914,913,0,3,1,354,353,0.0,3.4037918240920386e-05,1,414,413,4,-1,5,2,0,769,446,503
222,2,104,360,926,566,5,6,380,396,16,3.4037918240920386e-05,0.0002042275094455223,409,580,171,4,5,5,3,1,819,743,173
223,0,101,1,944,943,0,3,1,331,330,0.0,3.4037918240920386e-05,1,395,394,6,-1,7,3,0,867,927,676
224,74,280,798,960,162,178,178,761,761,0,0.0007488342013002485,0.0009530617107457708,746,786,40,3,2,2,24,7,28,253,617
225,263,365,980,987,7,72,72,984,984,0,0.00891793457912114,0.009428503352734947,982,983,1,4,2,2,3,50,592,33,473
226,127,127,938,938,0,44,44,867,867,0,0.003812246842983083,0.003812246842983083,935,935,0,-1,3,3,4,25,344,105,750
227,200,200,958,958,0,164,164,966,966,0,0.004322815616596889,0.004322815616596889,946,946,0,-1,2,2,10,32,161,26,997
228,612,714,994,997,3,96,96,990,990,0,0.014738418598318526,0.01497668402600497,991,991,0,4,2,2,3,83,731,10,176
229,17,223,648,973,325,26,26,612,612,0,0.0005786446100956465,0.0009530617107457708,739,810,71,3,4,4,5,6,363,467,405
230,6,108,418,901,483,23,23,474,474,0,3.4037918240920386e-05,0.0002723033459273631,404,610,206,4,4,4,8,1,257,899,681
231,0,102,1,952,951,0,6,1,448,447,0.0,0.0011913271384322134,1,826,825,4,-1,5,3,0,576,890,171
232,483,483,983,983,0,262,262,978,978,0,0.00704584907587052,0.00704584907587052,969,969,0,-1,2,2,14,55,203,21,884
233,6,6,429,429,0,16,16,486,486,0,6.807583648184077e-05,6.807583648184077e-05,454,454,0,-1,4,4,4,2,671,215,819
234,12,12,549,549,0,38,38,571,571,0,0.0004084550188910446,0.0004084550188910446,667,667,0,-1,4,4,9,4,190,551,349
235,22,124,688,935,247,26,26,690,690,0,0.0004765308553728854,0.0005786446100956465,698,728,30,4,3,3,4,2,762,682,477
236,0,206,1,941,940,0,43,1,462,461,0.0,0.00030634126416828345,1,616,615,3,-1,4,16,0,134,928,136
237,0,102,1,905,904,0,9,1,389,388,0.0,3.4037918240920386e-05,1,411,410,4,-1,5,5,0,347,587,291
238,1,1,332,332,0,2,2,332,332,0,0.0,0.0,1,1,0,-1,6,6,2,1,684,671,985
239,149,149,920,920,0,108,108,895,895,0,0.0022465026039007454,0.0022465026039007454,888,888,0,-1,2,2,9,17,263,79,858
240,18,120,734,960,226,14,14,668,668,0,0.00034037918240920387,0.000442492937131965,658,693,35,4,4,4,3,6,984,247,409
241,480,480,993,993,0,72,72,977,977,0,0.012764219340345145,0.012764219340345145,988,988,0,-1,2,2,3,83,726,10,927
242,0,616,1,998,997,0,34,1,801,800,0.0,0.006739507811702236,1,970,969,2,-1,3,4,0,787,205,7
243,141,757,919,996,77,140,150,933,946,13,0.0026549576227917903,0.014295925661186561,907,987,80,2,2,2,11,12,333,58,3
244,34,34,744,744,0,50,50,613,613,0,0.00030634126416828345,0.00030634126416828345,636,636,0,-1,3,3,10,9,293,317,834
245,90,191,922,974,52,32,32,898,898,0,0.0031314884781646754,0.0031314884781646754,930,930,0,7,3,3,2,19,689,133,344
246,0,206,1,968,967,0,12,1,441,440,0.0,0.0002723033459273631,1,616,615,3,-1,4,5,0,669,831,714
247,18,18,672,672,0,24,24,682,682,0,0.0004765308553728854,0.0004765308553728854,696,696,0,-1,4,4,4,8,458,90,942
248,7,108,516,921,405,16,16,527,527,0,6.807583648184077e-05,6.807583648184077e-05,445,445,0,6,4,4,4,2,921,566,331
249,0,206,1,953,952,0,46,1,516,515,0.0,0.0025188059498281084,1,902,901,3,-1,4,13,0,242,959,44
250,2,104,368,935,567,4,6,370,408,38,3.4037918240920386e-05,6.807583648184077e-05,404,445,41,4,5,5,3,2,651,679,110
251,17,17,680,680,0,34,34,784,784,0,0.001055175465468532,0.001055175465468532,824,824,0,-1,3,3,4,3,784,299,993
252,288,389,978,981,3,142,142,962,962,0,0.005173763572619898,0.005207801490860819,957,958,1,5,2,2,8,54,186,28,842
253,0,102,1,903,902,0,11,1,395,394,0.0,0.00010211375472276115,1,477,476,4,-1,5,6,1,624,787,260
254,44,250,759,964,205,84,84,783,783,0,0.0007828721195411688,0.0018380475850097008,765,880,115,3,3,3,9,4,100,246,174
255,22,22,638,638,0,72,72,674,674,0,0.0009190237925048504,0.0009190237925048504,784,784,0,-1,3,3,11,5,220,535,201
256,133,749,897,990,93,206,216,921,929,8,0.0013955546478777359,0.0034037918240920387,840,927,87,2,2,2,17,20,80,189,175
257,0,0,1,1,0,0,0,1,1,0,0.0,0.0,1,1,0,-1,-1,-1,5,0,363,587,989
258,6,212,493,979,486,8,8,519,519,0,0.00017018959120460194,0.003165526396405596,571,934,363,3,4,4,2,1,802,840,28
259,7,213,465,945,480,52,52,470,470,0,0.00010211375472276115,0.00017018959120460194,477,534,57,3,4,4,17,2,56,566,749
260,6,6,386,386,0,29,29,438,438,0,0.0,0.0,1,1,0,-1,4,4,11,1,66,873,845
261,30,132,771,950,179,30,30,765,765,0,0.0007828721195411688,0.00088498587426393,776,793,17,4,3,3,4,4,543,210,689
262,47,47,853,853,0,34,34,852,852,0,0.001157289220191293,0.001157289220191293,830,830,0,-1,3,3,4,14,827,190,349
263,33,135,792,948,156,50,50,860,860,0,0.0008169100377820892,0.0021784267674189047,783,898,115,4,3,3,5,5,517,722,127
264,46,46,726,726,0,102,102,665,665,0,0.0004765308553728854,0.0004765308553728854,691,691,0,-1,3,3,15,6,77,368,522
265,39,245,875,991,116,22,22,909,909,0,0.0018380475850097008,0.0024507301133462676,887,912,25,3,3,3,2,11,807,193,232
266,73,279,903,986,83,18,18,699,699,0,0.001497668402600497,0.0025188059498281084,867,916,49,3,4,4,3,17,800,79,118
267,66,682,845,996,151,60,82,711,822,111,0.0008509479560230097,0.011913271384322134,773,980,207,2,3,3,11,17,261,131,3
268,0,102,1,934,933,0,8,1,443,442,0.0,0.0006126825283365669,1,741,740,4,-1,5,4,0,721,783,67
269,0,0,1,1,0,0,0,1,1,0,0.0,0.0,1,1,0,-1,-1,-1,2,0,999,715,912
270,46,252,716,953,237,150,154,748,761,13,0.0005786446100956465,0.0007488342013002485,716,758,42,3,3,3,19,7,11,253,369
271,0,0,1,1,0,0,0,1,1,0,0.0,0.0,1,1,0,-1,-1,-1,10,0,211,751,909
272,3,105,457,941,484,4,4,404,404,0,0.00013615167296368154,0.0005105687736138058,519,719,200,4,5,5,2,3,977,631,378
273,18,224,591,952,361,48,64,538,621,83,0.00017018959120460194,0.0012594029749140542,553,825,272,3,3,3,11,2,66,408,96
274,6,108,434,914,480,24,24,539,539,0,0.00013615167296368154,0.00034037918240920387,520,659,139,4,4,4,6,1,267,394,323
275,14,220,585,965,380,36,36,666,666,0,0.0004765308553728854,0.0006807583648184077,692,749,57,3,4,4,6,3,353,616,512
276,0,102,1,931,930,0,4,1,395,394,0.0,0.0002382654276864427,1,583,582,4,-1,5,2,0,966,774,616
277,0,0,1,1,0,0,0,1,1,0,0.0,0.0,1,1,0,-1,-1,-1,4,0,544,974,707
278,6,6,419,419,0,26,26,524,524,0,0.0002042275094455223,0.0002042275094455223,557,557,0,-1,4,4,7,1,141,904,847
279,2,2,373,373,0,6,6,430,430,0,6.807583648184077e-05,6.807583648184077e-05,449,449,0,-1,5,5,3,1,628,416,702
280,520,622,995,997,2,96,96,993,993,0,0.013138636440995268,0.01334286395044079,991,991,0,4,2,2,3,92,927,30,191
281,0,0,1,1,0,0,0,1,1,0,0.0,0.0,1,1,0,-1,-1,-1,3,0,674,758,997
282,15,117,655,945,290,12,12,600,600,0,0.0005786446100956465,0.0007147962830593281,733,770,37,4,4,4,2,7,925,329,452
283,24,126,777,958,181,14,14,631,631,0,0.000442492937131965,0.0007147962830593281,700,762,62,4,4,4,3,8,916,177,4
284,13,114,586,919,333,20,20,508,508,0,6.807583648184077e-05,6.807583648184077e-05,456,456,0,5,4,4,6,4,267,220,401
285,96,96,870,870,0,94,94,819,819,0,0.0018380475850097008,0.0018380475850097008,879,879,0,-1,3,3,9,14,269,84,850
286,16,632,618,998,380,25,40,685,843,158,0.0004765308553728854,0.011402702610708328,706,984,278,2,3,3,4,2,949,691,392
287,0,0,1,1,0,0,0,1,1,0,0.0,0.0,1,1,0,-1,-1,-1,4,0,632,664,806
288,6,212,375,944,569,42,42,398,398,0,0.0,3.4037918240920386e-05,1,392,391,3,4,4,22,3,33,578,964
289,52,258,817,972,155,58,58,749,749,0,0.0007147962830593281,0.0026549576227917903,760,908,148,3,3,3,8,13,302,120,128
290,98,199,899,962,63,36,36,703,703,0,0.0011913271384322134,0.0011913271384322134,830,830,0,8,3,3,5,17,406,79,857
291,0,102,1,916,915,0,5,1,359,358,0.0,6.807583648184077e-05,1,452,451,4,-1,5,4,0,783,937,749
292,28,130,758,945,187,34,34,779,779,0,0.0005786446100956465,0.002110350930937064,737,889,152,4,3,3,4,3,650,616,44
293,10,10,531,531,0,24,24,469,469,0,3.4037918240920386e-05,3.4037918240920386e-05,401,401,0,-1,4,4,8,4,186,319,875
294,0,0,1,1,0,0,0,1,1,0,0.0,0.0,1,1,0,-1,-1,-1,7,0,697,977,883
295,0,0,1,1,0,0,0,1,1,0,0.0,0.0,1,1,0,-1,-1,-1,8,0,488,844,974
296,6,6,372,372,0,83,83,499,499,0,0.00017018959120460194,0.00017018959120460194,522,522,0,-1,4,4,24,2,28,719,835
297,145,145,934,934,0,98,98,910,910,0,0.0030974505599237552,0.0030974505599237552,924,924,0,-1,3,3,8,20,302,94,884
298,0,0,1,1,0,0,0,1,1,0,0.0,0.0,1,1,0,-1,-1,-1,5,1,291,835,436
299,0,206,1,968,967,0,18,1,553,552,0.0,0.00030634126416828345,1,632,631,3,-1,4,3,0,704,750,169
300,112,214,933,973,40,50,50,888,888,0,0.0020082371762143027,0.002212464685659825,887,895,8,4,3,3,5,23,376,106,519
301,0,101,1,894,893,0,9,1,332,331,0.0,0.0,1,1,0,5,-1,6,9,0,250,745,577
302,0,0,1,1,0,0,0,1,1,0,0.0,0.0,1,1,0,-1,-1,-1,2,0,977,999,890
303,8,8,515,515,0,30,30,652,652,0,0.0011232513019503727,0.0011232513019503727,825,825,0,-1,4,4,5,3,479,559,867
304,78,694,807,991,184,172,192,777,818,41,0.0009190237925048504,0.00445896728956057,774,943,169,2,3,3,22,7,55,218,33
305,29,131,806,961,155,28,28,846,846,0,0.0012253650566731338,0.0013615167296368155,843,851,8,4,3,3,3,6,854,397,4
306,96,712,870,994,124,100,100,813,813,0,0.002212464685659825,0.0030634126416828346,895,925,30,2,3,3,10,15,204,158,306
307,0,102,1,862,861,0,28,1,367,366,0.0,6.807583648184077e-05,1,436,435,4,-1,5,23,0,57,978,208
308,52,52,760,760,0,108,108,721,721,0,0.0004084550188910446,0.0004084550188910446,664,664,0,-1,3,3,15,7,49,115,974
309,32,238,778,976,198,26,26,664,664,0,0.0005446066918547262,0.0010211375472276116,721,806,85,3,4,4,5,7,843,150,160
310,8,109,510,914,404,11,11,432,432,0,0.00013615167296368154,0.00017018959120460194,514,542,28,5,4,4,4,3,516,646,756
311,0,616,1,996,995,0,30,1,540,539,0.0,0.0009870996289866913,1,803,802,2,-1,3,7,0,171,737,368
312,40,142,738,917,179,94,94,802,802,0,0.0010211375472276116,0.0011913271384322134,805,820,15,4,2,2,10,1,105,480,365
313,8,8,513,513,0,18,18,566,566,0,0.0002723033459273631,0.0002723033459273631,614,614,0,-1,4,4,3,2,634,628,866
314,0,0,1,1,0,0,0,1,1,0,0.0,0.0,1,1,0,-1,-1,-1,2,0,898,848,949
315,19,19,747,747,0,12,12,714,714,0,0.0006126825283365669,0.0006126825283365669,753,753,0,-1,4,4,2,7,876,329,433
316,6,622,482,999,517,10,38,498,891,393,0.0002382654276864427,0.008543517478471017,602,977,375,2,4,3,3,1,814,797,14
317,18,120,561,880,319,180,180,825,825,0,0.0009870996289866913,0.0010211375472276116,794,798,4,4,3,3,19,3,11,559,552
318,0,102,1,946,945,0,3,1,375,374,0.0,6.807583648184077e-05,1,448,447,4,-1,5,2,0,760,489,369
319,28,130,749,942,193,24,24,654,654,0,0.0009530617107457708,0.001055175465468532,799,818,19,4,4,4,4,8,741,186,392
320,25,641,695,996,301,58,68,780,814,34,0.000442492937131965,0.0017018959120460194,699,863,164,2,3,3,7,5,320,510,393
321,0,0,1,1,0,0,0,1,1,0,0.0,0.0,1,1,0,-1,-1,-1,2,1,799,806,852
322,0,101,1,933,932,0,3,1,331,330,0.0,6.807583648184077e-05,1,452,451,5,-1,6,3,0,716,994,463
323,0,0,1,1,0,0,0,1,1,0,0.0,0.0,1,1,0,-1,-1,-1,8,0,454,813,822
324,0,206,1,954,953,0,64,1,605,604,0.0,0.0015317063208414173,1,855,854,3,-1,4,12,0,226,783,213
325,0,206,1,950,949,0,22,1,430,429,0.0,6.807583648184077e-05,1,442,441,3,-1,4,9,1,277,685,689
326,0,206,1,963,962,0,18,1,478,477,0.0,0.0009530617107457708,1,807,806,3,-1,4,5,1,818,235,393
327,0,206,1,973,972,0,12,1,482,481,0.0,0.0022465026039007454,1,899,898,3,-1,4,4,1,513,456,78
328,13,13,660,660,0,12,12,641,641,0,0.0002382654276864427,0.0002382654276864427,609,609,0,-1,4,4,2,10,986,266,954
329,6,212,479,975,496,8,14,490,576,86,0.0,0.0017018959120460194,1,875,874,3,4,4,3,1,670,402,100
330,81,81,873,873,0,66,66,874,874,0,0.002314578440382586,0.002314578440382586,898,898,0,-1,3,3,6,17,515,180,787
331,100,100,909,909,0,100,100,990,990,0,0.05575411007862759,0.05575411007862759,1000,1000,0,-1,1,1,4,69,675,12,569
332,0,616,1,998,997,0,30,1,759,758,0.0,0.003812246842983083,1,941,940,2,-1,3,4,0,891,564,57
333,0,102,1,904,903,0,9,1,368,367,0.0,6.807583648184077e-05,1,438,437,4,-1,5,7,0,359,745,899
334,2,104,378,941,563,6,6,453,453,0,3.4037918240920386e-05,0.00010211375472276115,407,499,92,4,5,5,3,1,871,607,896
335,4,4,423,423,0,8,8,422,422,0,3.4037918240920386e-05,3.4037918240920386e-05,400,400,0,-1,5,5,4,3,512,534,515
336,0,101,1,921,920,0,4,1,331,330,0.0,3.4037918240920386e-05,1,404,403,5,-1,6,4,0,504,574,506
337,28,130,679,914,235,36,36,529,529,0,0.00034037918240920387,0.0004084550188910446,635,662,27,4,3,3,9,5,164,314,648
338,0,102,1,913,912,0,6,1,398,397,0.0,0.0002042275094455223,1,565,564,4,-1,5,3,0,930,900,302
339,14,14,667,667,0,10,10,528,528,0,0.00030634126416828345,0.00030634126416828345,625,625,0,-1,4,4,3,10,693,266,955
340,0,0,1,1,0,0,0,1,1,0,0.0,0.0,1,1,0,-1,-1,-1,9,0,327,349,712
341,19,225,680,973,293,30,30,734,734,0,0.0004765308553728854,0.0009870996289866913,692,815,123,3,3,3,4,4,641,287,405
342,0,616,1,993,992,0,34,1,547,546,0.0,0.0012253650566731338,1,819,818,2,-1,3,8,0,131,847,227
343,0,0,1,1,0,0,0,1,1,0,0.0,0.0,1,1,0,-1,-1,-1,8,0,370,844,254
344,24,640,679,993,314,64,78,757,823,66,0.0005446066918547262,0.005684332346233704,705,964,259,2,3,3,8,4,380,407,21
345,1,1,332,332,0,3,3,332,332,0,0.0,0.0,1,1,0,-1,6,6,3,1,912,640,974
346,9,215,545,969,424,16,16,496,496,0,0.00010211375472276115,0.0007488342013002485,487,767,280,3,4,4,4,6,572,406,189
347,0,101,1,950,949,0,2,1,330,329,0.0,0.0,1,1,0,5,-1,6,2,0,821,850,578
348,50,666,806,996,190,58,58,778,778,0,0.0004765308553728854,0.0013274788113958951,696,843,147,2,3,3,7,7,170,253,566
349,30,236,698,965,267,60,60,678,678,0,0.000442492937131965,0.0010211375472276116,675,792,117,3,4,4,10,6,169,194,386
350,6,6,440,440,0,18,18,502,502,0,3.4037918240920386e-05,3.4037918240920386e-05,406,406,0,-1,4,4,5,1,294,799,968
351,17,223,648,973,325,10,12,452,485,33,0.00013615167296368154,0.0004084550188910446,516,684,168,3,4,4,4,6,740,279,338
352,20,20,693,693,0,34,34,774,774,0,0.0004084550188910446,0.0004084550188910446,694,694,0,-1,3,3,4,4,475,545,446
353,0,102,1,907,906,0,10,1,378,377,0.0,0.00017018959120460194,1,550,549,4,-1,5,7,0,364,794,383
354,35,35,716,716,0,64,64,612,612,0,0.00017018959120460194,0.00017018959120460194,532,532,0,-1,3,3,13,7,113,188,907
355,65,1705,849,1000,151,48,92,705,911,206,0.0010211375472276116,0.021852343510670887,807,994,187,1,3,2,7,14,170,175,1
356,0,102,1,915,914,0,9,1,404,403,0.0,0.00017018959120460194,1,538,537,4,-1,5,5,0,502,740,741
357,12,114,610,940,330,12,12,497,497,0,0.00017018959120460194,0.0006807583648184077,547,753,206,4,4,4,4,6,673,258,99
358,6,6,390,390,0,30,30,406,406,0,0.00013615167296368154,0.00013615167296368154,497,497,0,-1,4,4,15,3,124,755,445
359,0,0,1,1,0,0,0,1,1,0,0.0,0.0,1,1,0,-1,-1,-1,4,0,513,517,359
360,26,26,746,746,0,26,26,755,755,0,0.0020082371762143027,0.0020082371762143027,889,889,0,-1,3,3,4,5,597,562,520
361,9,111,558,930,372,15,16,515,519,4,0.0,0.00037441710065012424,1,654,653,4,4,4,4,4,741,581,252
362,186,386,972,993,21,80,80,996,996,0,0.011368664692467409,0.012594029749140543,989,993,4,3,2,2,2,29,643,142,144
363,10,112,508,901,393,32,32,476,476,0,0.00017018959120460194,0.0002382654276864427,537,583,46,4,4,4,10,4,153,319,307
364,2,208,376,978,602,4,8,423,521,98,0.0,0.002484768031587188,1,909,908,3,5,4,2,1,723,531,105
365,6,108,407,897,490,16,18,399,418,19,0.0,0.00010211375472276115,1,476,475,4,4,4,9,3,126,578,176
366,0,0,1,1,0,0,0,1,1,0,0.0,0.0,1,1,0,-1,-1,-1,5,0,476,930,546
367,248,454,964,980,16,196,196,962,962,0,0.005582218591510943,0.00622893903808843,962,965,3,3,2,2,12,27,116,25,138
368,0,102,1,937,936,0,3,1,379,378,0.0,0.00037441710065012424,1,662,661,4,-1,5,2,0,723,952,636
369,15,15,688,688,0,6,6,453,453,0,0.0007828721195411688,0.0007828721195411688,773,773,0,-1,5,5,3,8,768,284,766
370,2,2,354,354,0,10,10,375,375,0,3.4037918240920386e-05,3.4037918240920386e-05,406,406,0,-1,5,5,7,1,221,788,971
371,2,208,350,941,591,28,70,377,517,140,0.0,0.0005786446100956465,1,718,717,3,5,4,19,2,148,331,264
372,0,206,1,968,967,0,11,1,433,432,0.0,0.00017018959120460194,1,546,545,3,-1,4,4,0,694,940,697
373,0,102,1,928,927,0,4,1,393,392,0.0,0.00010211375472276115,1,490,489,4,-1,5,2,0,752,916,222
374,0,206,1,939,938,0,34,1,388,387,0.0,0.00017018959120460194,1,539,538,3,-1,4,20,0,88,698,251
375,44,44,786,786,0,52,52,730,730,0,0.0005446066918547262,0.0005446066918547262,714,714,0,-1,3,3,7,7,299,422,917
376,16,117,616,926,310,38,38,711,711,0,0.0005105687736138058,0.0005105687736138058,704,704,0,6,3,3,6,1,455,80,543
377,0,102,1,895,894,0,7,1,370,369,0.0,6.807583648184077e-05,1,447,446,4,-1,5,5,0,238,909,350
378,0,101,1,920,919,0,4,1,332,331,0.0,0.0,1,1,0,5,-1,6,4,0,384,751,484
379,0,0,1,1,0,0,0,1,1,0,0.0,0.0,1,1,0,-1,-1,-1,2,0,874,929,811
380,6,212,436,972,536,8,12,439,558,119,0.0002723033459273631,0.0008509479560230097,602,786,184,3,4,4,2,3,893,285,253
381,6,108,408,894,486,34,34,502,502,0,0.00013615167296368154,0.0002042275094455223,512,565,53,4,4,4,9,1,269,797,523
382,8,214,515,972,457,14,30,462,665,203,0.00017018959120460194,0.0046972327172470135,544,949,405,3,4,4,5,5,561,231,31
383,56,262,829,974,145,52,52,771,771,0,0.0012253650566731338,0.0024166921951053475,834,906,72,3,3,3,7,9,416,130,335
384,6,6,431,431,0,26,26,608,608,0,0.00013615167296368154,0.00013615167296368154,521,521,0,-1,4,4,5,2,438,785,832
385,150,150,934,934,0,96,96,912,912,0,0.0030634126416828346,0.0030634126416828346,924,924,0,-1,2,2,7,20,417,94,985
386,6,6,413,413,0,16,16,453,453,0,6.807583648184077e-05,6.807583648184077e-05,444,444,0,-1,4,4,6,2,498,691,546
387,45,251,879,989,110,18,18,714,714,0,0.0015657442390823377,0.007794683277170768,872,971,99,3,4,4,3,17,707,60,30
388,1,1,333,333,0,2,2,333,333,0,0.0,0.0,1,1,0,-1,6,6,2,1,931,140,773
389,47,149,797,932,135,94,94,879,879,0,0.0011913271384322134,0.0014636304843595766,822,844,22,4,3,3,9,14,339,190,262
390,6,108,445,917,472,13,14,458,473,15,0.0002042275094455223,0.0006126825283365669,573,736,163,4,4,4,5,1,604,481,343
391,0,0,1,1,0,0,0,1,1,0,0.0,0.0,1,1,0,-1,-1,-1,5,1,247,568,826
392,4,106,411,902,491,12,12,376,376,0,6.807583648184077e-05,6.807583648184077e-05,446,446,0,4,5,5,8,2,420,298,618
393,8,8,544,544,0,14,14,553,553,0,0.0002382654276864427,0.0002382654276864427,598,598,0,-1,4,4,3,4,791,149,933
394,84,186,869,951,82,128,128,943,943,0,0.0022465026039007454,0.0028932230504782326,890,914,24,4,2,2,9,8,319,174,473
395,6,108,399,885,486,30,30,476,476,0,0.0,0.0005105687736138058,1,700,699,4,4,4,9,2,100,719,386
396,14,14,603,603,0,18,18,643,643,0,0.00037441710065012424,0.00037441710065012424,670,670,0,-1,4,4,3,3,471,378,693
397,0,0,1,1,0,0,0,1,1,0,0.0,0.0,1,1,0,-1,-1,-1,4,0,832,917,673
398,14,115,689,955,266,12,12,631,631,0,0.0012594029749140542,0.0012594029749140542,838,838,0,5,4,4,2,4,625,281,251
399,25,127,751,954,203,12,12,586,586,0,0.0007488342013002485,0.0020082371762143027,774,896,122,4,4,4,2,9,934,198,203
400,34,34,710,710,0,70,70,685,685,0,0.000442492937131965,0.000442492937131965,693,693,0,-1,3,3,10,4,135,470,205
401,0,102,1,897,896,0,11,1,377,376,0.0,6.807583648184077e-05,1,459,458,4,-1,5,8,0,449,777,361
402,15,117,638,942,304,22,22,631,631,0,0.0004765308553728854,0.0007147962830593281,689,753,64,4,4,4,5,4,727,645,46
403,0,0,1,1,0,0,0,1,1,0,0.0,0.0,1,1,0,-1,-1,-1,2,0,713,548,813
404,0,101,1,898,897,0,7,1,330,329,0.0,0.0,1,1,0,5,-1,6,7,0,265,457,495
405,8,214,543,977,434,9,13,435,487,52,0.00017018959120460194,0.0005446066918547262,549,720,171,3,5,4,5,6,629,279,416
406,0,0,1,1,0,0,0,1,1,0,0.0,0.0,1,1,0,-1,-1,-1,8,1,415,641,372
407,92,298,964,998,34,22,22,935,935,0,0.004629156880765172,0.016168011164437182,960,990,30,3,3,3,2,37,872,74,2
408,40,40,861,861,0,12,12,696,696,0,0.002757071377514551,0.002757071377514551,916,916,0,-1,4,4,2,17,982,85,367
409,16,16,536,536,0,63,63,567,567,0,0.0002042275094455223,0.0002042275094455223,558,558,0,-1,3,3,15,1,102,666,865
410,1,103,331,946,615,3,5,331,414,83,0.0,6.807583648184077e-05,1,466,465,4,6,5,3,2,796,292,667
411,59,265,802,965,163,132,132,866,866,0,0.0006807583648184077,0.0010211375472276116,732,794,62,3,3,3,15,8,110,177,211
412,6,6,463,463,0,20,20,621,621,0,3.4037918240920386e-05,3.4037918240920386e-05,408,408,0,-1,4,4,4,3,423,410,923
413,0,206,1,970,969,0,20,1,527,526,0.0,0.0014295925661186562,1,847,846,3,-1,4,6,0,494,522,44
414,0,102,1,915,914,0,9,1,398,397,0.0,0.0002382654276864427,1,584,583,4,-1,5,5,0,531,707,4
415,3,104,457,945,488,6,6,468,468,0,0.00017018959120460194,0.0002723033459273631,563,632,69,5,5,5,3,3,790,300,371
416,6,212,447,971,524,11,16,458,532,74,3.4037918240920386e-05,0.0010892133837094523,404,829,425,3,4,4,4,1,313,421,42
417,22,228,639,962,323,52,52,628,628,0,0.0002723033459273631,0.0011913271384322134,615,822,207,3,3,3,9,3,213,505,54
418,80,80,892,892,0,28,28,745,745,0,0.0012594029749140542,0.0012594029749140542,841,841,0,-1,3,3,3,17,636,45,712
419,1,1,333,333,0,3,3,333,333,0,0.0,0.0,1,1,0,-1,6,6,3,1,687,736,746
420,7,7,545,545,0,8,8,513,513,0,3.4037918240920386e-05,3.4037918240920386e-05,405,405,0,-1,4,4,2,2,757,323,445
421,124,330,924,980,56,100,100,950,950,0,0.003710133088260322,0.003812246842983083,941,942,1,3,2,2,6,18,356,63,244
422,16,222,642,973,331,50,50,868,868,0,0.00034037918240920387,0.00176997174852786,635,869,234,3,3,3,5,1,580,168,264
423,0,102,1,912,911,0,10,1,416,415,0.0,0.00013615167296368154,1,522,521,4,-1,5,5,0,311,960,619
424,33,134,757,938,181,60,60,881,881,0,0.00176997174852786,0.00176997174852786,881,881,0,5,3,3,5,7,338,630,265
425,0,102,1,938,937,0,6,1,428,427,0.0,0.00017018959120460194,1,546,545,4,-1,5,3,0,835,978,682
426,0,0,1,1,0,0,0,1,1,0,0.0,0.0,1,1,0,-1,-1,-1,9,0,126,426,538
427,0,206,1,954,953,0,20,1,426,425,0.0,0.0002382654276864427,1,591,590,3,-1,4,8,0,434,876,154
428,34,240,747,972,225,46,46,732,732,0,0.00037441710065012424,0.0012253650566731338,666,827,161,3,3,3,6,5,328,178,438
429,4,210,435,973,538,9,13,417,467,50,0.00010211375472276115,0.0004765308553728854,501,706,205,3,5,4,5,2,421,579,494
430,0,0,1,1,0,0,0,1,1,0,0.0,0.0,1,1,0,-1,-1,-1,5,0,476,942,949
431,0,102,1,940,939,0,5,1,409,408,0.0,0.00034037918240920387,1,655,654,4,-1,5,3,3,523,746,296
432,0,206,1,957,956,0,30,1,554,553,0.0,0.0019061234214915416,1,873,872,3,-1,4,7,1,637,573,8
433,0,0,1,1,0,0,0,1,1,0,0.0,0.0,1,1,0,-1,-1,-1,13,0,67,600,866
434,1,1,333,333,0,3,3,333,333,0,0.00010211375472276115,0.00010211375472276115,488,488,0,-1,6,6,3,2,288,739,675
435,0,206,1,968,967,0,20,1,509,508,0.0,0.0014295925661186562,1,844,843,3,-1,4,6,0,266,847,66
436,173,275,935,971,36,134,134,929,929,0,0.003812246842983083,0.004016474352428605,941,943,2,4,2,2,10,23,310,122,398
437,6,212,416,959,543,14,20,424,491,67,6.807583648184077e-05,0.00013615167296368154,444,507,63,3,4,4,6,1,630,265,720
438,20,226,669,972,303,40,40,738,738,0,0.00010211375472276115,0.0017359338302869397,492,864,372,3,3,3,5,5,382,395,128
439,0,101,1,891,890,0,7,1,331,330,0.0,0.0,1,1,0,5,-1,6,7,3,436,348,337
440,1,103,333,949,616,2,4,333,415,82,3.4037918240920386e-05,0.0005105687736138058,405,711,306,4,6,5,2,3,625,466,284
441,67,169,893,973,80,38,38,923,923,0,0.0020422750944552232,0.002144388849177984,894,895,1,4,3,3,3,15,785,137,291
442,1,103,332,932,600,4,5,332,360,28,0.0,0.0005105687736138058,1,714,713,4,6,5,4,1,945,736,240
443,0,0,1,1,0,0,0,1,1,0,0.0,0.0,1,1,0,-1,-1,-1,9,1,245,685,847
444,0,102,1,897,896,0,7,1,370,369,0.0,0.00017018959120460194,1,534,533,4,-1,5,5,0,793,488,677
445,32,32,807,807,0,22,22,779,779,0,0.0008509479560230097,0.0008509479560230097,790,790,0,-1,3,3,2,8,752,417,919
446,2,2,380,380,0,3,3,383,383,0,0.00010211375472276115,0.00010211375472276115,487,487,0,-1,5,5,2,1,821,394,959
447,0,616,1,995,994,0,46,1,712,711,0.0,0.005548180673270023,1,961,960,2,-1,3,8,0,442,983,9
448,34,136,825,958,133,18,18,671,671,0,0.0006807583648184077,0.0007488342013002485,755,772,17,4,4,4,3,13,590,120,681
449,1,103,332,926,594,5,9,332,411,79,0.0,0.00030634126416828345,1,639,638,4,6,5,5,1,533,972,507
450,20,122,675,935,260,14,14,536,536,0,0.0002723033459273631,0.00030634126416828345,607,622,15,4,4,4,3,6,645,424,300
451,0,101,1,901,900,0,6,1,331,330,0.0,0.0,1,1,0,7,-1,8,6,0,536,915,972
452,6,108,555,971,416,8,8,602,602,0,3.4037918240920386e-05,0.001157289220191293,406,838,432,4,4,4,2,1,898,463,133
453,1,102,332,969,637,2,2,332,332,0,0.0,0.00010211375472276115,1,500,499,5,7,6,2,2,782,663,805
454,18,119,677,936,259,28,28,658,658,0,0.00034037918240920387,0.00034037918240920387,645,645,0,6,4,4,6,3,594,507,437
455,0,102,1,921,920,0,5,1,357,356,0.0,3.4037918240920386e-05,1,388,387,4,-1,5,4,0,384,898,719
456,8,214,489,963,474,18,26,441,490,49,0.00017018959120460194,0.0002723033459273631,538,605,67,3,4,4,7,2,246,579,202
457,0,206,1,957,956,0,44,1,562,561,0.0,0.0021784267674189047,1,888,887,3,-1,4,10,0,241,915,180
458,100,306,902,981,79,80,80,875,875,0,0.0018040096667687805,0.002144388849177984,869,886,17,3,3,3,8,13,468,183,432
459,61,61,818,818,0,68,68,713,713,0,0.0005446066918547262,0.0005446066918547262,706,706,0,-1,3,3,10,10,256,296,760
460,25,25,671,671,0,60,60,621,621,0,0.0002042275094455223,0.0002042275094455223,561,561,0,-1,3,3,11,4,139,156,864
461,0,0,1,1,0,0,0,1,1,0,0.0,0.0,1,1,0,-1,-1,-1,3,0,642,970,792
462,43,43,829,829,0,22,22,741,741,0,0.0006467204465774873,0.0006467204465774873,750,750,0,-1,3,3,2,10,905,366,638
463,8,110,471,882,411,36,36,468,468,0,0.00010211375472276115,0.00017018959120460194,482,535,53,4,4,4,12,2,87,491,527
464,30,236,748,973,225,28,28,710,710,0,0.0006467204465774873,0.002484768031587188,747,910,163,3,3,3,3,4,892,333,82
465,80,696,791,991,200,236,268,720,764,44,0.0007147962830593281,0.0018380475850097008,731,861,130,2,3,3,36,9,16,391,64
466,8,8,515,515,0,32,32,627,627,0,0.00017018959120460194,0.00017018959120460194,544,544,0,-1,4,4,6,3,266,300,883
467,6,108,466,930,464,12,12,498,498,0,0.00010211375472276115,0.00034037918240920387,491,654,163,4,4,4,4,1,597,238,486
468,0,206,1,968,967,0,18,1,623,622,0.0,0.0013274788113958951,1,852,851,3,-1,4,3,0,703,997,54
469,0,0,1,1,0,0,0,1,1,0,0.0,0.0,1,1,0,-1,-1,-1,7,0,216,426,895
470,0,206,1,959,958,0,32,1,542,541,0.0,0.0006807583648184077,1,756,755,3,-1,4,8,0,260,864,113
471,0,102,1,951,950,0,4,1,429,428,0.0,0.0010211375472276116,1,814,813,4,-1,5,2,0,702,782,60
472,84,290,902,979,77,46,46,804,804,0,0.0013955546478777359,0.0020082371762143027,853,893,40,3,3,3,6,20,661,71,327
473,0,206,1,974,973,0,18,1,612,611,0.0,0.005377991082065421,1,966,965,3,-1,4,3,0,651,992,34
474,2,104,353,910,557,11,13,374,388,14,3.4037918240920386e-05,0.00013615167296368154,400,512,112,4,5,5,8,2,350,615,891
475,0,0,1,1,0,0,0,1,1,0,0.0,0.0,1,1,0,-1,-1,-1,5,0,284,564,986
476,16,16,553,553,0,52,52,567,567,0,0.00010211375472276115,0.00010211375472276115,479,479,0,-1,3,3,11,2,188,384,988
477,0,101,1,892,891,0,8,1,331,330,0.0,0.0,1,1,0,5,-1,6,8,0,325,856,337
478,0,206,1,951,950,0,26,1,415,414,0.0,0.00030634126416828345,1,618,617,3,-1,4,14,2,84,462,115
479,0,0,1,1,0,0,0,1,1,0,0.0,0.0,1,1,0,-1,-1,-1,8,0,508,967,824
480,16,118,656,937,281,26,26,749,749,0,0.0002723033459273631,0.0007488342013002485,615,775,160,4,3,3,4,2,619,215,283
481,15,221,705,985,280,10,14,568,675,107,0.0004765308553728854,0.0013274788113958951,701,849,148,3,4,4,3,6,875,613,150
482,19,225,622,963,341,46,46,628,628,0,0.0002382654276864427,0.0005786446100956465,596,732,136,3,4,4,9,4,315,645,636
483,0,616,1,999,998,0,28,1,846,845,0.0,0.006739507811702236,1,973,972,2,-1,3,3,1,961,428,30
484,46,46,821,821,0,44,44,807,807,0,0.002314578440382586,0.002314578440382586,903,903,0,-1,3,3,4,6,572,73,650
485,66,168,797,925,128,138,138,729,729,0,0.0007488342013002485,0.0007828721195411688,755,760,5,4,3,3,21,11,2,316,244
486,22,123,741,947,206,14,14,589,589,0,0.0005786446100956465,0.0006126825283365669,737,742,5,5,4,4,3,9,863,198,580
487,445,445,995,995,0,56,56,975,975,0,0.01579359406378706,0.01579359406378706,995,995,0,-1,2,2,2,92,931,30,783
488,34,240,842,987,145,8,12,546,682,136,0.0015657442390823377,0.004322815616596889,862,949,87,3,4,4,2,18,965,63,57
489,0,206,1,975,974,0,14,1,578,577,0.0,0.0006807583648184077,1,769,768,3,-1,4,3,0,826,801,412
490,7,7,506,506,0,28,28,598,598,0,3.4037918240920386e-05,3.4037918240920386e-05,394,394,0,-1,4,4,6,4,606,305,723
491,91,193,930,980,50,28,28,851,851,0,0.0034718676605738795,0.003812246842983083,933,939,6,4,3,3,3,25,485,105,278
492,2,2,379,379,0,4,4,411,411,0,0.00010211375472276115,0.00010211375472276115,497,497,0,-1,5,5,2,3,928,260,728
493,13,13,605,605,0,14,14,479,479,0,0.00017018959120460194,0.00017018959120460194,548,548,0,-1,4,4,5,4,538,278,867
494,6,6,382,382,0,68,68,538,538,0,0.00017018959120460194,0.00017018959120460194,532,532,0,-1,4,4,16,4,145,409,751
495,0,206,1,965,964,0,14,1,441,440,0.0,0.0004765308553728854,1,691,690,3,-1,4,6,0,582,860,212
496,0,206,1,965,964,0,14,1,472,471,0.0,0.00088498587426393,1,787,786,3,-1,4,5,0,338,900,139
497,0,0,1,1,0,0,0,1,1,0,0.0,0.0,1,1,0,-1,-1,-1,11,0,234,587,826
498,0,102,1,925,924,0,9,1,423,422,0.0,0.00013615167296368154,1,517,516,4,-1,5,5,0,908,600,655
499,6,107,462,929,467,14,14,508,508,0,0.0,0.0,1,1,0,6,4,4,5,2,376,544,344
500,24,24,730,730,0,34,34,788,788,0,0.00037441710065012424,0.00037441710065012424,676,676,0,-1,3,3,4,3,885,222,812
501,47,253,821,974,153,38,38,669,669,0,0.00088498587426393,0.0012594029749140542,801,841,40,3,4,4,7,13,305,120,145
502,2,2,379,379,0,3,3,381,381,0,0.00013615167296368154,0.00013615167296368154,526,526,0,-1,5,5,2,3,681,755,973
503,12,218,640,981,341,12,12,662,662,0,0.0005446066918547262,0.004220701861874128,729,952,223,3,4,4,2,3,979,795,9
504,6,6,453,453,0,17,17,523,523,0,6.807583648184077e-05,6.807583648184077e-05,458,458,0,-1,4,4,5,2,795,691,900
505,66,66,848,848,0,114,114,906,906,0,0.0020082371762143027,0.0020082371762143027,885,885,0,-1,2,2,10,7,161,224,635
506,112,112,934,934,0,34,34,788,788,0,0.0028932230504782326,0.0028932230504782326,924,924,0,-1,3,3,4,20,885,94,996
507,37,243,808,977,169,12,12,567,567,0,0.0013274788113958951,0.002723033459273631,838,919,81,3,4,4,2,12,905,67,122
508,16,117,631,928,297,43,43,784,784,0,0.0005786446100956465,0.0006126825283365669,719,726,7,5,3,3,6,1,664,420,771
509,17,118,567,879,312,100,100,642,642,0,0.0002382654276864427,0.0002382654276864427,581,581,0,6,3,3,17,4,94,305,972
510,9,111,541,929,388,16,16,499,499,0,0.00017018959120460194,0.00034037918240920387,540,636,96,4,4,4,4,3,822,458,176
511,0,102,1,926,925,0,5,1,372,371,0.0,6.807583648184077e-05,1,461,460,4,-1,5,4,0,619,970,566
512,3,209,468,985,517,4,9,391,588,197,6.807583648184077e-05,0.0006467204465774873,455,740,285,3,5,4,3,2,852,602,329
513,14,115,580,915,335,26,26,518,518,0,0.0002382654276864427,0.0002382654276864427,601,601,0,5,4,4,7,3,637,93,748
514,0,206,1,946,945,0,31,1,439,438,0.0,0.0006467204465774873,1,738,737,3,-1,4,12,0,44,695,559
515,41,41,763,763,0,80,80,749,749,0,0.0005786446100956465,0.0005786446100956465,719,719,0,-1,3,3,10,7,99,329,723
516,6,6,419,419,0,34,34,551,551,0,0.00017018959120460194,0.00017018959120460194,544,544,0,-1,4,4,9,2,168,223,833
517,0,102,1,906,905,0,9,1,352,351,0.0,3.4037918240920386e-05,1,399,398,4,-1,5,8,0,350,816,879
518,36,242,757,972,215,72,72,854,854,0,0.0011913271384322134,0.0012934408931549745,823,837,14,3,3,3,7,7,207,224,827
519,0,0,1,1,0,0,0,1,1,0,0.0,0.0,1,1,0,-1,-1,-1,3,0,485,669,980
520,70,70,853,853,0,70,70,898,898,0,0.00789679703189353,0.00789679703189353,976,976,0,-1,2,2,6,8,98,204,913
521,16,222,509,945,436,45,72,446,537,91,6.807583648184077e-05,0.0015317063208414173,443,851,408,3,3,3,17,3,103,466,78
522,0,0,1,1,0,0,0,1,1,0,0.0,0.0,1,1,0,-1,-1,-1,11,0,224,845,874
523,126,126,896,896,0,196,196,916,916,0,0.0018380475850097008,0.0018380475850097008,874,874,0,-1,3,3,16,19,50,297,529
524,1,103,333,923,590,4,6,333,372,39,3.4037918240920386e-05,3.4037918240920386e-05,401,401,0,4,6,5,4,1,532,640,964
525,16,118,700,960,260,24,24,838,838,0,0.0008509479560230097,0.0009530617107457708,793,810,17,4,3,3,3,1,768,810,282
526,51,51,862,862,0,38,38,888,888,0,0.0018040096667687805,0.0018040096667687805,883,883,0,-1,3,3,3,6,699,397,833
527,0,0,1,1,0,0,0,1,1,0,0.0,0.0,1,1,0,-1,-1,-1,13,1,91,583,923
528,0,102,1,922,921,0,8,1,393,392,0.0,0.00013615167296368154,1,511,510,4,-1,5,5,0,291,587,501
529,54,260,863,980,117,18,18,756,756,0,0.0012934408931549745,0.0028591851322373124,854,922,68,3,3,3,2,8,750,264,15
530,20,121,726,956,230,12,12,641,641,0,0.0005786446100956465,0.0007147962830593281,739,766,27,5,4,4,2,7,986,422,596
531,16,16,564,564,0,31,31,515,515,0,6.807583648184077e-05,6.807583648184077e-05,437,437,0,-1,3,3,8,1,411,265,910
532,0,0,1,1,0,0,0,1,1,0,0.0,0.0,1,1,0,-1,-1,-1,2,0,866,436,488
533,6,108,414,904,490,18,18,442,442,0,0.00010211375472276115,0.00013615167296368154,479,513,34,4,4,4,7,3,417,309,613
534,54,260,780,963,183,154,154,889,889,0,0.0013615167296368155,0.0021784267674189047,842,888,46,3,3,3,14,4,268,185,64
535,1,207,333,950,617,12,25,333,410,77,0.0,0.000442492937131965,1,678,677,3,8,4,12,1,87,647,187
536,1,102,333,958,625,2,2,333,333,0,0.0,0.0,1,1,0,5,7,6,2,2,878,663,531
537,31,31,772,772,0,18,18,608,608,0,0.0006467204465774873,0.0006467204465774873,740,740,0,-1,4,4,3,9,989,240,815
538,10,10,578,578,0,20,20,608,608,0,0.0002723033459273631,0.0002723033459273631,600,600,0,-1,4,4,4,5,458,619,513
539,2,2,350,350,0,11,11,361,361,0,0.0,0.0,1,1,0,-1,5,5,9,2,414,374,665
540,85,85,891,891,0,28,28,722,722,0,0.0014295925661186562,0.0014295925661186562,858,858,0,-1,3,3,3,20,613,109,742
541,18,18,594,594,0,64,64,673,673,0,0.00037441710065012424,0.00037441710065012424,654,654,0,-1,3,3,9,2,100,101,946
542,32,134,693,903,210,68,68,597,597,0,0.0005786446100956465,0.0006467204465774873,723,734,11,4,3,3,13,6,41,516,260
543,6,212,388,947,559,35,43,428,477,49,6.807583648184077e-05,0.00017018959120460194,439,526,87,3,4,4,15,1,45,618,770
544,0,0,1,1,0,0,0,1,1,0,0.0,0.0,1,1,0,-1,-1,-1,5,0,795,951,979
545,0,101,1,892,891,0,8,1,330,329,0.0,6.807583648184077e-05,1,439,438,5,-1,6,8,0,325,826,687
546,0,0,1,1,0,0,0,1,1,0,0.0,0.0,1,1,0,-1,-1,-1,15,0,65,946,947
547,66,66,836,836,0,78,78,749,749,0,0.0013274788113958951,0.0013274788113958951,831,831,0,-1,2,2,10,9,82,391,400
548,34,34,717,717,0,78,78,676,676,0,0.0002723033459273631,0.0002723033459273631,610,610,0,-1,3,3,12,4,116,167,751
549,190,190,963,963,0,70,70,917,917,0,0.005071649817897137,0.005071649817897137,955,955,0,-1,3,3,5,27,173,88,462
550,2,104,375,947,572,5,5,415,415,0,6.807583648184077e-05,0.0005105687736138058,467,711,244,4,5,5,3,2,796,654,187
551,0,206,1,935,934,0,34,1,375,374,0.0,6.807583648184077e-05,1,444,443,3,-1,4,23,0,43,941,215
552,0,0,1,1,0,0,0,1,1,0,0.0,0.0,1,1,0,-1,-1,-1,5,1,552,828,917
553,0,101,1,936,935,0,2,1,332,331,0.0,6.807583648184077e-05,1,460,459,5,-1,6,2,0,689,750,442
554,54,54,809,809,0,118,118,921,921,0,0.0021784267674189047,0.0021784267674189047,888,888,0,-1,2,2,9,5,367,412,849
555,0,206,1,975,974,0,12,1,601,600,0.0,0.0006467204465774873,1,751,750,3,-1,4,2,0,954,726,185
556,87,189,928,977,49,28,28,860,860,0,0.0032336022328874367,0.0032336022328874367,930,930,0,4,3,3,3,25,867,47,771
557,0,0,1,1,0,0,0,1,1,0,0.0,0.0,1,1,0,-1,-1,-1,2,0,886,446,433
558,3,104,493,974,481,3,3,414,414,0,6.807583648184077e-05,6.807583648184077e-05,455,455,0,7,5,5,2,2,872,680,679
559,0,101,1,933,932,0,3,1,326,325,0.0,0.0,1,1,0,5,-1,6,3,0,716,877,592
560,0,206,1,949,948,0,70,1,563,562,0.0,0.002110350930937064,1,890,889,3,-1,4,15,0,0,228,123
561,14,116,583,916,333,14,14,502,502,0,0.00013615167296368154,0.0004084550188910446,516,670,154,4,4,4,3,3,731,369,404
562,117,117,893,893,0,158,158,904,904,0,0.002280540522141666,0.002280540522141666,901,901,0,-1,3,3,13,15,120,36,782
563,34,650,820,1000,180,14,28,623,844,221,0.0010892133837094523,0.0030974505599237552,815,934,119,2,4,3,3,14,953,139,355
564,62,163,820,930,110,82,82,763,763,0,0.001157289220191293,0.001157289220191293,823,823,0,5,3,3,10,7,135,399,676
565,34,136,784,945,161,24,24,654,654,0,0.00088498587426393,0.0010892133837094523,792,822,30,4,4,4,4,11,741,193,101
566,25,25,779,779,0,18,18,704,704,0,0.0009190237925048504,0.0009190237925048504,799,799,0,-1,4,4,3,9,953,145,750
567,30,30,725,725,0,46,46,657,657,0,0.00037441710065012424,0.00037441710065012424,666,666,0,-1,3,3,8,6,418,258,915
568,101,203,935,975,40,38,38,903,903,0,0.0031314884781646754,0.003199564314646516,931,932,1,4,3,3,3,20,530,38,904
569,32,238,772,975,203,46,46,781,781,0,0.0006126825283365669,0.0017018959120460194,750,868,118,3,3,3,6,6,522,471,213
570,34,240,712,960,248,98,98,740,740,0,0.0005786446100956465,0.00176997174852786,717,858,141,3,3,3,13,5,160,338,304
571,0,102,1,940,939,0,4,1,403,402,0.0,0.0004765308553728854,1,711,710,4,-1,5,2,0,977,989,461
572,16,118,576,914,338,88,88,845,845,0,0.000442492937131965,0.0005446066918547262,686,714,28,4,3,3,8,1,131,168,314
573,0,0,1,1,0,0,0,1,1,0,0.0,0.0,1,1,0,-1,-1,-1,4,0,717,881,835
574,56,157,850,965,115,38,38,881,881,0,0.0016678579938050988,0.0016678579938050988,866,866,0,5,3,3,3,13,588,183,572
575,1,102,333,962,629,2,2,333,333,0,3.4037918240920386e-05,0.00013615167296368154,414,528,114,5,6,6,2,1,788,577,682
576,78,78,926,926,0,28,28,919,919,0,0.0026549576227917903,0.0026549576227917903,913,913,0,-1,3,3,3,19,918,135,909
577,7,7,487,487,0,12,12,418,418,0,3.4037918240920386e-05,3.4037918240920386e-05,401,401,0,-1,4,4,5,2,496,627,909
578,2,104,354,899,545,9,14,355,395,40,0.0,0.00013615167296368154,1,515,514,4,5,5,8,2,646,582,260
579,2,104,371,946,575,3,3,373,373,0,6.807583648184077e-05,0.00010211375472276115,449,483,34,4,5,5,2,1,232,530,476
580,34,240,731,972,241,42,46,652,675,23,6.807583648184077e-05,0.0007828721195411688,449,773,324,3,3,3,6,4,378,259,294
581,0,0,1,1,0,0,0,1,1,0,0.0,0.0,1,1,0,-1,-1,-1,2,1,805,568,960
582,87,188,938,979,41,22,22,855,855,0,0.0029612988869600733,0.002995336805200994,927,927,0,5,3,3,2,25,991,47,531
583,67,267,920,989,69,22,22,877,877,0,0.0024507301133462676,0.00707988699411144,912,969,57,3,3,3,2,26,996,127,21
584,1,1,333,333,0,2,2,333,333,0,0.0,0.0,1,1,0,-1,9,9,2,1,763,647,800
585,6,6,419,419,0,17,17,438,438,0,0.00013615167296368154,0.00013615167296368154,506,506,0,-1,4,4,7,1,141,527,886
586,1,1,332,332,0,3,3,332,332,0,0.0,0.0,1,1,0,-1,6,6,3,2,989,615,520
587,2,104,396,963,567,4,4,468,468,0,0.0,0.0005446066918547262,1,742,741,4,5,5,2,1,805,935,90
588,0,206,1,942,941,0,36,1,397,396,0.0,0.00037441710065012424,1,657,656,3,-1,4,19,0,36,978,447
589,0,206,1,960,959,0,32,1,533,532,0.0,0.001055175465468532,1,811,810,3,-1,4,8,0,383,817,148
590,17,223,652,973,321,20,24,567,636,69,3.4037918240920386e-05,0.0012253650566731338,410,836,426,3,4,4,4,8,460,477,106
591,0,0,1,1,0,0,0,1,1,0,0.0,0.0,1,1,0,-1,-1,-1,4,0,784,923,641
592,28,234,704,969,265,68,68,784,784,0,0.0006126825283365669,0.0006807583648184077,735,748,13,3,3,3,8,3,499,268,655
593,293,1933,976,1000,24,98,122,910,961,51,0.004288777698355968,0.0176997174852786,946,990,44,1,3,2,8,57,325,50,53
594,1,207,333,960,627,10,43,333,593,260,6.807583648184077e-05,0.0010892133837094523,462,819,357,3,6,4,10,4,427,595,297
595,12,12,511,511,0,44,44,547,547,0,6.807583648184077e-05,6.807583648184077e-05,449,449,0,-1,4,4,10,3,135,598,949
596,28,129,802,961,159,18,18,695,695,0,0.0004765308553728854,0.0004765308553728854,702,702,0,5,4,4,3,11,902,52,331
597,17,118,623,919,296,48,48,716,716,0,0.0004084550188910446,0.0004765308553728854,677,693,16,5,3,3,7,2,214,101,646
598,2,104,373,939,566,4,5,375,400,25,0.00010211375472276115,0.0002723033459273631,483,607,124,4,5,5,3,1,628,593,486
599,119,221,913,960,47,88,88,869,869,0,0.0019741992579733825,0.0020082371762143027,879,882,3,4,3,3,8,19,142,144,599
600,20,122,753,958,205,22,22,827,827,0,0.0007488342013002485,0.0009870996289866913,779,816,37,4,3,3,2,4,469,336,383
601,0,0,1,1,0,0,0,1,1,0,0.0,0.0,1,1,0,-1,-1,-1,11,0,163,910,929
602,0,206,1,951,950,0,34,1,483,482,0.0,0.0005786446100956465,1,714,713,3,-1,4,11,1,215,706,470
603,21,227,688,972,284,24,24,661,661,0,0.0002042275094455223,0.0026209197045508697,568,919,351,3,4,4,4,6,753,486,108
604,87,188,903,969,66,54,54,918,918,0,0.002212464685659825,0.0022465026039007454,894,896,2,5,3,3,4,19,403,297,577
605,0,0,1,1,0,0,0,1,1,0,0.0,0.0,1,1,0,-1,-1,-1,3,0,912,889,952
606,2,2,361,361,0,5,5,362,362,0,0.0,0.0,1,1,0,-1,5,5,4,3,235,676,856
607,0,206,1,968,967,0,14,1,466,465,0.0,0.0006807583648184077,1,742,741,3,-1,4,5,0,605,975,54
608,99,201,922,971,49,34,34,787,787,0,0.0026209197045508697,0.0029612988869600733,908,919,11,4,3,3,4,24,458,119,308
609,30,30,779,779,0,40,40,817,817,0,0.0024507301133462676,0.0024507301133462676,905,905,0,-1,3,3,5,8,376,264,205
610,0,0,1,1,0,0,0,1,1,0,0.0,0.0,1,1,0,-1,-1,-1,9,0,263,483,330
611,99,201,880,956,76,74,74,783,783,0,0.0017018959120460194,0.0017359338302869397,862,865,3,4,3,3,9,18,289,63,244
612,0,616,1,989,988,0,101,1,640,639,0.0,0.0026549576227917903,1,912,911,2,-1,3,19,0,38,629,44
613,2,618,365,998,633,7,30,441,809,368,0.0,0.012287688484972258,1,985,984,2,5,3,4,2,827,662,183
614,3,104,506,975,469,4,4,515,515,0,0.00010211375472276115,0.00010211375472276115,505,505,0,6,5,5,2,2,956,697,577
615,0,206,1,954,953,0,24,1,442,441,0.0,0.0004084550188910446,1,666,665,3,-1,4,10,0,169,821,160
616,6,622,408,988,580,30,60,474,668,194,0.00010211375472276115,0.0034037918240920387,479,936,457,2,4,3,9,1,269,958,17
617,244,244,962,962,0,198,198,975,975,0,0.005003573981415297,0.005003573981415297,960,960,0,-1,2,2,10,24,285,8,848
618,0,206,1,973,972,0,10,1,504,503,0.0,0.0002382654276864427,1,606,605,3,-1,4,3,1,774,705,287
619,16,16,534,534,0,58,58,547,547,0,0.00013615167296368154,0.00013615167296368154,504,504,0,-1,3,3,14,1,130,870,554
620,18,120,609,904,295,70,70,719,719,0,0.00034037918240920387,0.0004765308553728854,646,695,49,4,3,3,9,3,287,263,704
621,0,102,1,878,877,0,27,1,379,378,0.0,0.00017018959120460194,1,532,531,4,-1,5,17,0,56,707,561
622,0,206,1,972,971,0,17,1,522,521,0.0,0.0007147962830593281,1,769,768,3,-1,4,5,0,795,876,306
623,0,0,1,1,0,0,0,1,1,0,0.0,0.0,1,1,0,-1,-1,-1,7,0,118,773,936
624,16,16,590,590,0,31,31,560,560,0,0.0002382654276864427,0.0002382654276864427,582,582,0,-1,3,3,8,2,521,654,777
625,41,657,729,994,265,118,132,724,768,44,0.0006126825283365669,0.0014636304843595766,727,843,116,2,3,3,17,7,112,329,68
626,0,101,1,919,918,0,4,1,332,331,0.0,3.4037918240920386e-05,1,406,405,6,-1,7,4,0,755,825,181
627,6,108,460,928,468,12,12,490,490,0,0.0,3.4037918240920386e-05,1,407,406,4,4,4,4,1,631,618,566
628,8,110,577,949,372,10,10,534,534,0,0.0002042275094455223,0.0007828721195411688,586,775,189,4,4,4,3,2,485,584,192
629,0,102,1,953,952,0,4,1,425,424,0.0,0.0006126825283365669,1,745,744,4,-1,5,2,0,792,933,97
630,0,102,1,899,898,0,13,1,398,397,0.0,3.4037918240920386e-05,1,404,403,4,-1,5,7,0,265,356,508
631,6,108,456,933,477,15,15,559,559,0,3.4037918240920386e-05,0.00034037918240920387,407,661,254,4,4,4,4,1,461,870,188
632,51,257,849,979,130,44,44,872,872,0,0.0012253650566731338,0.002382654276864427,838,906,68,3,3,3,4,8,611,204,61
633,31,31,783,783,0,26,26,747,747,0,0.0004765308553728854,0.0004765308553728854,693,693,0,-1,3,3,4,7,611,389,348
634,23,229,765,983,218,12,12,698,698,0,0.0006807583648184077,0.0012594029749140542,764,848,84,3,4,4,2,6,906,136,293
635,0,102,1,913,912,0,11,1,408,407,0.0,0.00030634126416828345,1,631,630,4,-1,5,6,3,664,746,404
636,12,12,539,539,0,38,38,610,610,0,0.00034037918240920387,0.00034037918240920387,644,644,0,-1,4,4,7,4,346,551,918
637,79,695,874,997,123,72,90,928,961,33,0.002723033459273631,0.009292351679771264,914,982,68,2,2,2,6,11,446,162,26
638,47,1687,843,1000,157,12,46,581,966,385,0.0012934408931549745,0.05146533238027162,852,998,146,1,4,2,2,15,752,206,51
639,65,271,825,965,140,136,136,869,869,0,0.0012253650566731338,0.0016338200755641784,826,861,35,3,2,2,14,8,79,417,645
640,16,222,603,964,361,54,58,718,750,32,0.0002042275094455223,0.0009530617107457708,562,796,234,3,3,3,8,3,286,260,83
641,12,218,495,944,449,60,64,533,545,12,0.00017018959120460194,0.00030634126416828345,534,621,87,3,4,4,15,2,49,791,666
642,0,101,1,948,947,0,3,1,331,330,0.0,3.4037918240920386e-05,1,408,407,5,-1,6,3,1,569,948,659
643,207,413,971,990,19,64,64,938,938,0,0.0051397256543789785,0.00796487286837537,963,978,15,3,3,3,4,54,652,28,17
644,25,231,637,952,315,102,114,690,734,44,0.00030634126416828345,0.001599782157323258,605,848,243,3,3,3,16,5,132,510,94
645,0,0,1,1,0,0,0,1,1,0,0.0,0.0,1,1,0,-1,-1,-1,2,0,990,254,457
646,28,28,699,699,0,48,48,684,684,0,0.0002723033459273631,0.0002723033459273631,625,625,0,-1,3,3,7,4,714,202,888
647,40,142,824,950,126,34,34,797,797,0,0.001055175465468532,0.0013615167296368155,831,854,23,4,3,3,4,8,706,345,869
648,125,227,944,974,30,40,40,791,791,0,0.002552843868069029,0.0028932230504782326,911,923,12,4,3,3,5,23,463,106,470
649,2,2,359,359,0,7,7,385,385,0,0.0,0.0,1,1,0,-1,5,5,4,3,759,578,780
650,0,206,1,975,974,0,10,1,502,501,0.0,0.00088498587426393,1,795,794,3,-1,4,3,0,670,939,83
651,0,616,1,994,993,0,42,1,635,634,0.0,0.0022465026039007454,1,895,894,2,-1,3,8,0,146,980,15
652,0,206,1,970,969,0,13,1,474,473,0.0,0.0004765308553728854,1,696,695,3,-1,4,5,1,291,472,194
653,0,0,1,1,0,0,0,1,1,0,0.0,0.0,1,1,0,-1,-1,-1,2,1,598,780,747
654,3,104,442,939,497,3,3,371,371,0,0.0,0.00010211375472276115,1,502,501,5,5,5,2,3,283,563,810
655,17,119,642,924,282,20,20,490,490,0,0.0002723033459273631,0.0002723033459273631,623,623,0,4,4,4,6,5,345,528,547
656,0,102,1,958,957,0,4,1,441,440,0.0,0.0005105687736138058,1,717,716,4,-1,5,2,0,982,455,438
657,19,225,653,969,316,50,54,679,693,14,0.0004084550188910446,0.0009530617107457708,669,800,131,3,3,3,8,3,499,458,207
658,12,218,498,949,451,50,55,485,494,9,0.00017018959120460194,0.0006807583648184077,541,735,194,3,4,4,16,2,50,579,613
659,1,103,333,963,630,2,3,333,397,64,6.807583648184077e-05,0.0005446066918547262,446,740,294,4,6,5,2,2,749,842,336
660,0,0,1,1,0,0,0,1,1,0,0.0,0.0,1,1,0,-1,-1,-1,2,0,810,876,915
661,100,100,884,884,0,100,100,930,930,0,0.019707954661492902,0.019707954661492902,993,993,0,4,1,1,8,3,308,290,689
662,6,622,432,995,563,25,62,541,829,288,0.00013615167296368154,0.007998910786616291,511,974,463,2,4,3,7,1,305,370,32
663,18,18,656,656,0,26,26,707,707,0,0.00030634126416828345,0.00030634126416828345,639,639,0,-1,3,3,4,4,504,239,920
664,78,78,847,847,0,92,92,854,854,0,0.0012253650566731338,0.0012253650566731338,830,830,0,-1,2,2,8,4,370,167,871
665,0,102,1,907,906,0,9,1,415,414,0.0,0.0006807583648184077,1,756,755,4,-1,5,5,0,519,818,294
666,16,632,530,992,462,68,72,554,575,21,0.0,0.0007147962830593281,1,753,752,2,3,3,15,3,0,321,329
667,0,102,1,928,927,0,5,1,365,364,0.0,0.0,1,1,0,4,-1,5,4,0,673,533,577
668,0,0,1,1,0,0,0,1,1,0,0.0,0.0,1,1,0,-1,-1,-1,5,1,517,529,876
669,0,101,1,962,961,0,3,1,331,330,0.0,3.4037918240920386e-05,1,398,397,6,-1,7,3,0,812,538,547
670,59,675,834,996,162,112,132,935,962,27,0.0012594029749140542,0.004322815616596889,821,950,129,2,2,2,8,8,350,257,133
671,0,616,1,993,992,0,40,1,503,502,0.0,0.0015317063208414173,1,849,848,2,-1,3,12,0,194,934,93
672,8,110,541,942,401,12,12,594,594,0,0.00037441710065012424,0.0008509479560230097,668,786,118,4,4,4,2,3,966,209,343
673,18,120,601,904,303,37,37,480,480,0,0.00010211375472276115,0.00010211375472276115,474,474,0,4,4,4,11,3,139,677,506
674,0,0,1,1,0,0,0,1,1,0,0.0,0.0,1,1,0,-1,-1,-1,2,0,429,723,783
675,6,107,463,935,472,8,8,478,478,0,0.00010211375472276115,0.00013615167296368154,487,529,42,5,4,4,2,2,931,532,373
676,0,102,1,966,965,0,4,1,443,442,0.0,0.0006467204465774873,1,748,747,4,-1,5,2,0,968,993,97
677,1,617,333,992,659,10,50,333,583,250,0.0,0.0013955546478777359,1,843,842,2,7,3,10,2,99,582,45
678,0,206,1,959,958,0,32,1,494,493,0.0,0.0007828721195411688,1,767,766,3,-1,4,10,1,211,738,216
679,106,106,931,931,0,88,88,973,973,0,0.00442492937131965,0.00442492937131965,954,954,0,-1,2,2,4,12,566,104,723
680,0,102,1,898,897,0,12,1,410,409,0.0,0.00013615167296368154,1,519,518,4,-1,5,6,0,368,860,450
681,0,206,1,963,962,0,15,1,427,426,0.0,6.807583648184077e-05,1,444,443,3,-1,4,7,3,329,348,714
682,135,237,932,972,40,112,112,963,963,0,0.005956635692161067,0.005956635692161067,964,964,0,4,2,2,8,17,449,131,661
683,8,8,549,549,0,20,20,632,632,0,0.00017018959120460194,0.00017018959120460194,545,545,0,-1,4,4,4,2,581,323,908
684,86,188,892,963,71,44,44,829,829,0,0.0020763130126961434,0.002144388849177984,883,887,4,4,3,3,4,15,622,158,231
685,2,618,352,992,640,17,54,371,556,185,0.0,0.0009530617107457708,1,789,788,2,5,3,12,3,44,460,174
686,2,103,359,906,547,14,14,415,415,0,0.00010211375472276115,0.00010211375472276115,479,479,0,5,5,5,7,1,171,594,931
687,42,248,751,965,214,128,128,844,844,0,0.001055175465468532,0.0013615167296368155,813,844,31,3,3,3,13,8,97,186,162
688,0,0,1,1,0,0,0,1,1,0,0.0,0.0,1,1,0,-1,-1,-1,4,0,682,996,990
689,0,206,1,973,972,0,9,1,487,486,0.0,0.0006126825283365669,1,744,743,3,-1,4,3,0,583,926,161
690,0,206,1,973,972,0,24,1,680,679,0.0,0.005582218591510943,1,967,966,3,-1,4,4,0,617,898,32
691,0,206,1,967,966,0,18,1,573,572,0.0,0.0022465026039007454,1,891,890,3,-1,4,3,0,459,778,102
692,26,128,735,946,211,44,44,805,805,0,0.0010211375472276116,0.001157289220191293,813,825,12,4,3,3,4,4,445,312,682
693,170,170,933,933,0,182,182,864,864,0,0.0029612988869600733,0.0029612988869600733,920,920,0,-1,3,3,17,26,39,112,962
694,28,1668,758,1000,242,24,58,686,950,264,0.0005105687736138058,0.02501786990707648,717,996,279,1,4,2,4,8,593,177,206
695,6,107,416,906,490,19,19,446,446,0,0.0002042275094455223,0.0002042275094455223,561,561,0,5,4,4,8,2,521,532,764
696,69,171,893,967,74,38,38,908,908,0,0.0017359338302869397,0.002484768031587188,876,913,37,4,3,3,3,20,640,49,264
697,0,206,1,974,973,0,10,1,457,456,0.0,0.00010211375472276115,1,486,485,3,-1,4,5,0,629,766,441
698,0,616,1,995,994,0,48,1,628,627,0.0,0.0018720855032506212,1,870,869,2,-1,3,9,0,190,858,36
699,0,0,1,1,0,0,0,1,1,0,0.0,0.0,1,1,0,-1,-1,-1,8,0,137,565,707
700,16,632,522,992,470,62,126,564,835,271,0.00017018959120460194,0.005922597773920147,522,961,439,2,3,3,14,1,268,238,5
701,40,40,757,757,0,122,122,952,952,0,0.0020763130126961434,0.0020763130126961434,886,886,0,-1,2,2,8,1,443,612,911
702,6,107,462,933,471,8,8,473,473,0,0.00010211375472276115,0.0002382654276864427,481,600,119,5,4,4,2,1,828,561,523
703,199,199,958,958,0,144,144,955,955,0,0.00442492937131965,0.00442492937131965,950,950,0,-1,2,2,10,26,427,112,455
704,0,101,1,913,912,0,5,1,332,331,0.0,3.4037918240920386e-05,1,390,389,5,-1,6,5,0,605,816,342
705,0,0,1,1,0,0,0,1,1,0,0.0,0.0,1,1,0,-1,-1,-1,3,2,903,431,675
706,0,206,1,951,950,0,38,1,539,538,0.0,0.0024166921951053475,1,897,896,3,-1,4,9,0,159,968,108
707,0,206,1,966,965,0,32,1,635,634,0.0,0.0033016780693692774,1,935,934,3,-1,4,6,1,267,693,50
708,16,117,518,889,371,74,74,561,561,0,0.0002042275094455223,0.00034037918240920387,567,641,74,5,3,3,16,2,53,691,523
709,0,616,1,989,988,0,70,1,591,590,0.0,0.0012594029749140542,1,834,833,2,-1,3,14,0,198,769,227
710,0,206,1,971,970,0,12,1,483,482,0.0,0.0006467204465774873,1,750,749,3,-1,4,4,0,945,522,243
711,22,1662,633,1000,367,46,84,570,776,206,3.4037918240920386e-05,0.010449640899962559,401,980,579,1,3,2,10,2,99,791,378
712,0,0,1,1,0,0,0,1,1,0,0.0,0.0,1,1,0,-1,-1,-1,3,0,826,638,909
713,0,102,1,898,897,0,8,1,366,365,0.0,6.807583648184077e-05,1,443,442,4,-1,5,6,0,630,877,601
714,26,26,776,776,0,12,12,608,608,0,0.0004765308553728854,0.0004765308553728854,702,702,0,-1,4,4,2,6,924,46,569
715,0,0,1,1,0,0,0,1,1,0,0.0,0.0,1,1,0,-1,-1,-1,2,0,775,776,608
716,2,103,351,897,546,15,15,377,377,0,0.0,3.4037918240920386e-05,1,407,406,5,5,5,11,1,271,540,601
717,0,102,1,925,924,0,4,1,363,362,0.0,0.00010211375472276115,1,486,485,4,-1,5,3,0,484,926,532
718,0,0,1,1,0,0,0,1,1,0,0.0,0.0,1,1,0,-1,-1,-1,2,0,968,815,511
719,1,207,332,971,639,5,26,332,654,322,0.0,0.005616256509751864,1,962,961,3,6,4,5,2,456,331,30
720,9,215,505,956,451,48,48,592,592,0,0.00017018959120460194,0.0007488342013002485,541,748,207,3,4,4,10,3,254,508,198
721,12,218,517,959,442,45,45,501,501,0,0.00013615167296368154,0.0002042275094455223,504,559,55,3,4,4,15,2,110,22,646
722,1,102,333,923,590,6,6,333,333,0,0.0,0.0,1,1,0,7,6,6,6,2,594,292,663
723,13,219,657,979,322,12,12,610,610,0,0.0002382654276864427,0.0012594029749140542,609,849,240,3,4,4,2,3,948,291,261
724,6,107,480,939,459,10,10,527,527,0,0.0002042275094455223,0.00030634126416828345,582,638,56,5,4,4,3,2,823,384,485
725,154,154,966,966,0,72,72,982,982,0,0.009973110044589673,0.009973110044589673,983,983,0,-1,2,2,3,31,835,126,841
726,0,0,1,1,0,0,0,1,1,0,0.0,0.0,1,1,0,-1,-1,-1,3,0,915,546,823
727,0,102,1,933,932,0,5,1,402,401,0.0,0.0002042275094455223,1,580,579,4,-1,5,3,0,823,356,454
728,22,22,745,745,0,17,17,782,782,0,0.0008509479560230097,0.0008509479560230097,790,790,0,-1,3,3,2,6,993,279,824
729,41,657,778,996,218,50,64,667,763,96,0.001055175465468532,0.0017018959120460194,809,862,53,2,3,3,8,10,142,296,101
730,6,6,465,465,0,10,10,501,501,0,6.807583648184077e-05,6.807583648184077e-05,448,448,0,-1,4,4,3,1,857,870,271
731,0,102,1,930,929,0,7,1,407,406,0.0,0.0002382654276864427,1,574,573,4,-1,5,4,0,562,850,368
732,20,226,697,973,276,26,30,658,709,51,0.00034037918240920387,0.0005446066918547262,651,720,69,3,4,4,5,6,795,381,196
733,0,0,1,1,0,0,0,1,1,0,0.0,0.0,1,1,0,-1,-1,-1,2,0,974,455,812
734,0,0,1,1,0,0,0,1,1,0,0.0,0.0,1,1,0,-1,-1,-1,3,0,490,457,851
735,0,102,1,920,919,0,4,1,382,381,0.0,0.00017018959120460194,1,542,541,4,-1,5,2,0,909,643,827
736,30,30,735,735,0,42,42,703,703,0,0.0007488342013002485,0.0007488342013002485,765,765,0,-1,3,3,6,5,549,308,911
737,0,102,1,927,926,0,8,1,404,403,0.0,0.00017018959120460194,1,563,562,4,-1,5,5,0,744,863,346
738,18,224,649,969,320,28,28,598,598,0,0.00088498587426393,0.001497668402600497,789,846,57,3,4,4,6,6,606,192,352
739,141,141,962,962,0,56,56,983,983,0,0.007216038667075122,0.007216038667075122,974,974,0,-1,2,2,2,20,977,38,675
740,2,2,358,358,0,8,8,423,423,0,0.00010211375472276115,0.00010211375472276115,494,494,0,-1,5,5,4,1,504,756,747
741,24,230,776,982,206,22,22,837,837,0,0.0009190237925048504,0.002995336805200994,811,923,112,3,3,3,2,5,618,306,112
742,34,240,764,974,210,46,46,824,824,0,0.0007147962830593281,0.0009870996289866913,746,795,49,3,3,3,5,4,667,470,697
743,0,0,1,1,0,0,0,1,1,0,0.0,0.0,1,1,0,-1,-1,-1,19,1,14,738,747
744,20,122,718,952,234,12,12,604,604,0,0.0002042275094455223,0.0002723033459273631,582,628,46,4,4,4,2,4,761,259,233
745,6,6,390,390,0,21,21,390,390,0,3.4037918240920386e-05,3.4037918240920386e-05,400,400,0,-1,4,4,12,2,87,764,478
746,116,322,920,981,61,68,68,941,941,0,0.002927260968719153,0.003642057251778481,930,940,10,3,2,2,4,12,448,163,154
747,0,206,1,968,967,0,12,1,450,449,0.0,0.0005786446100956465,1,742,741,3,-1,4,4,0,354,712,490
748,0,101,1,918,917,0,4,1,331,330,0.0,0.00010211375472276115,1,475,474,5,-1,6,4,0,709,726,310
749,0,206,1,959,958,0,26,1,570,569,0.0,0.0008509479560230097,1,786,785,3,-1,4,5,0,793,849,54
750,442,442,985,985,0,126,126,961,961,0,0.009462541270975866,0.009462541270975866,981,981,0,-1,2,2,7,62,246,70,587
751,6,107,389,884,495,40,40,498,498,0,0.00013615167296368154,0.00017018959120460194,509,531,22,5,4,4,12,1,62,394,374
752,6,6,485,485,0,18,18,730,730,0,0.0002382654276864427,0.0002382654276864427,613,613,0,-1,4,4,3,1,642,727,388
753,0,0,1,1,0,0,0,1,1,0,0.0,0.0,1,1,0,-1,-1,-1,3,0,725,973,882
754,4,105,449,942,493,5,5,395,395,0,3.4037918240920386e-05,3.4037918240920386e-05,405,405,0,6,5,5,3,2,699,749,721
755,32,134,732,927,195,70,70,782,782,0,0.0012253650566731338,0.0012594029749140542,823,826,3,4,3,3,9,3,190,299,885
756,0,102,1,949,948,0,3,1,385,384,0.0,0.00013615167296368154,1,540,539,4,-1,5,2,0,781,200,691
757,6,108,504,953,449,8,8,521,521,0,0.00034037918240920387,0.0007147962830593281,664,783,119,4,4,4,2,1,681,840,637
758,52,52,793,793,0,68,68,749,749,0,0.0008169100377820892,0.0008169100377820892,774,774,0,-1,3,3,8,7,411,169,787
759,0,0,1,1,0,0,0,1,1,0,0.0,0.0,1,1,0,-1,-1,-1,6,0,549,511,848
760,0,0,1,1,0,0,0,1,1,0,0.0,0.0,1,1,0,-1,-1,-1,19,1,48,814,998
761,0,616,1,989,988,0,122,1,682,681,0.0,0.003710133088260322,1,938,937,2,-1,3,19,2,31,684,51
762,0,102,1,942,941,0,3,1,373,372,0.0,0.00010211375472276115,1,487,486,4,-1,5,2,1,938,650,169
763,3,104,420,922,502,8,8,407,407,0,0.00013615167296368154,0.00013615167296368154,518,518,0,7,5,5,4,3,304,761,972
764,18,224,658,973,315,24,24,637,637,0,0.00034037918240920387,0.0013274788113958951,646,842,196,3,4,4,4,6,460,447,64
765,114,114,891,891,0,116,116,847,847,0,0.0015657442390823377,0.0015657442390823377,854,854,0,-1,3,3,11,15,279,206,954
766,1,1,333,333,0,8,8,333,333,0,3.4037918240920386e-05,3.4037918240920386e-05,400,400,0,-1,6,6,8,1,370,640,638
767,0,0,1,1,0,0,0,1,1,0,0.0,0.0,1,1,0,-1,-1,-1,3,0,899,819,938
768,90,191,922,973,51,38,38,896,896,0,0.0019061234214915416,0.0019061234214915416,892,892,0,5,3,3,3,20,863,71,547
769,0,102,1,878,877,0,23,1,376,375,0.0,0.00010211375472276115,1,486,485,4,-1,5,15,0,107,777,791
770,0,102,1,916,915,0,6,1,400,399,0.0,0.0002042275094455223,1,565,564,4,-1,5,3,0,687,517,479
771,0,0,1,1,0,0,0,1,1,0,0.0,0.0,1,1,0,-1,-1,-1,7,0,179,629,921
772,0,206,1,967,966,0,14,1,483,482,0.0,0.00088498587426393,1,799,798,3,-1,4,5,0,412,569,130
773,48,149,851,961,110,42,42,968,968,0,0.007011811157629599,0.007113924912352361,973,974,1,5,2,2,2,5,993,310,239
774,0,102,1,943,942,0,3,1,371,370,0.0,3.4037918240920386e-05,1,405,404,4,-1,5,2,0,761,754,22
775,20,122,633,907,274,42,42,599,599,0,0.00010211375472276115,0.0005105687736138058,483,710,227,4,3,3,8,3,218,248,204
776,72,72,854,854,0,64,64,789,789,0,0.0010211375472276116,0.0010211375472276116,808,808,0,-1,3,3,8,12,440,179,359
777,0,206,1,985,984,0,7,1,586,585,0.0,0.0012594029749140542,1,851,850,3,-1,4,2,0,805,907,66
778,0,206,1,964,963,0,14,1,460,459,0.0,0.0013615167296368155,1,842,841,3,-1,4,5,0,537,965,127
779,10,216,518,958,440,36,48,507,575,68,0.00017018959120460194,0.0013615167296368155,543,841,298,3,4,4,10,4,99,567,62
780,0,0,1,1,0,0,0,1,1,0,0.0,0.0,1,1,0,-1,-1,-1,22,0,18,848,428
781,0,102,1,887,886,0,18,1,410,409,0.0,0.000442492937131965,1,681,680,4,-1,5,9,0,191,758,399
782,0,0,1,1,0,0,0,1,1,0,0.0,0.0,1,1,0,-1,-1,-1,10,0,204,999,608
783,24,126,690,931,241,30,30,620,620,0,0.00034037918240920387,0.00034037918240920387,640,640,0,4,3,3,6,3,441,378,878
784,0,0,1,1,0,0,0,1,1,0,0.0,0.0,1,1,0,-1,-1,-1,2,1,919,730,942
785,66,168,839,942,103,98,98,879,879,0,0.001599782157323258,0.0019061234214915416,855,881,26,4,2,2,9,8,180,186,197
786,0,206,1,971,970,0,16,1,465,464,0.0,0.00088498587426393,1,789,788,3,-1,4,6,0,515,953,184
787,28,28,769,769,0,12,12,562,562,0,0.0005446066918547262,0.0005446066918547262,729,729,0,-1,4,4,2,6,971,136,665
788,177,793,963,998,35,64,64,934,934,0,0.0035059055788147996,0.00796487286837537,941,976,35,2,3,3,4,30,566,65,17
789,16,117,703,958,255,38,38,943,943,0,0.0020082371762143027,0.0020082371762143027,888,888,0,6,3,3,3,1,984,759,357
790,467,1083,983,996,13,354,354,976,976,0,0.00707988699411144,0.008373327887266415,964,970,6,2,2,2,21,49,54,31,213
791,6,622,420,996,576,12,34,430,678,248,6.807583648184077e-05,0.002757071377514551,443,920,477,2,4,3,4,1,493,862,81
792,183,183,942,942,0,154,154,889,889,0,0.0028591851322373124,0.0028591851322373124,920,920,0,-1,3,3,14,27,268,69,903
793,446,446,981,981,0,238,238,937,937,0,0.0061949011198475104,0.0061949011198475104,959,959,0,-1,3,3,18,61,111,14,906
794,2,2,352,352,0,12,12,375,375,0,3.4037918240920386e-05,3.4037918240920386e-05,395,395,0,-1,5,5,8,2,201,509,446
795,48,48,823,823,0,50,50,843,843,0,0.0007488342013002485,0.0007488342013002485,766,766,0,-1,3,3,5,6,538,461,746
796,0,101,1,980,979,0,2,1,327,326,0.0,0.0,1,1,0,6,-1,7,2,0,955,826,506
797,0,0,1,1,0,0,0,1,1,0,0.0,0.0,1,1,0,-1,-1,-1,3,0,484,800,947
798,48,150,800,940,140,78,78,822,822,0,0.0007147962830593281,0.0007147962830593281,759,759,0,4,3,3,8,4,350,326,463
799,0,0,1,1,0,0,0,1,1,0,0.0,0.0,1,1,0,-1,-1,-1,14,3,133,854,426
800,0,616,1,988,987,0,69,1,503,502,0.0,0.001055175465468532,1,802,801,2,-1,3,20,0,88,905,114
801,0,102,1,881,880,0,30,1,388,387,0.0,0.00013615167296368154,1,502,501,4,-1,5,17,0,71,937,149
802,1,1,333,333,0,10,10,333,333,0,0.0,0.0,1,1,0,-1,6,6,10,2,135,663,698
803,98,714,882,997,115,82,82,922,922,0,0.0019061234214915416,0.002586881786309949,879,909,30,2,3,3,6,13,473,261,280
804,36,138,772,943,171,40,40,733,733,0,0.0010211375472276116,0.0013955546478777359,809,848,39,4,3,3,5,7,247,303,653
805,0,0,1,1,0,0,0,1,1,0,0.0,0.0,1,1,0,-1,-1,-1,5,1,546,947,775
806,0,102,1,926,925,0,3,1,366,365,0.0,0.0002042275094455223,1,576,575,4,-1,5,2,0,932,324,805
807,0,206,1,964,963,0,17,1,443,442,0.0,0.0005105687736138058,1,703,702,3,-1,4,8,0,442,757,275
808,34,34,742,742,0,54,54,685,685,0,0.0005786446100956465,0.0005786446100956465,719,719,0,-1,3,3,8,5,260,178,926
809,9,111,603,956,353,8,8,522,522,0,0.00017018959120460194,0.0002723033459273631,555,612,57,4,4,4,2,3,702,248,727
810,228,434,982,996,14,38,38,930,930,0,0.008373327887266415,0.010381565063480718,976,979,3,3,3,3,3,62,916,70,65
811,9,9,580,580,0,18,18,708,708,0,0.0002382654276864427,0.0002382654276864427,596,596,0,-1,4,4,3,3,826,222,932
812,0,101,1,928,927,0,3,1,331,330,0.0,3.4037918240920386e-05,1,410,409,5,-1,6,3,0,801,968,748
813,0,616,1,994,993,0,35,1,553,552,0.0,0.0008169100377820892,1,763,762,2,-1,3,9,0,166,695,636
814,47,47,824,824,0,56,56,892,892,0,0.006909697402906838,0.006909697402906838,970,970,0,-1,2,2,5,3,691,307,974
815,19,19,815,815,0,8,8,680,680,0,0.0008169100377820892,0.0008169100377820892,795,795,0,-1,4,4,2,9,920,343,786
816,68,274,920,990,70,12,12,697,697,0,0.0019741992579733825,0.004561081044283332,897,958,61,3,4,4,2,34,878,89,142
817,24,640,674,995,321,38,62,594,752,158,0.0005446066918547262,0.006671431975220395,721,972,251,2,4,3,7,9,331,29,19
818,94,94,893,893,0,90,90,951,951,0,0.0029612988869600733,0.0029612988869600733,925,925,0,-1,2,2,6,18,515,63,712
819,0,206,1,966,965,0,14,1,452,451,0.0,0.0006807583648184077,1,743,742,3,-1,4,5,0,377,923,403
820,99,201,863,945,82,132,132,864,864,0,0.0010211375472276116,0.001055175465468532,800,806,6,4,3,3,12,20,175,189,223
821,120,222,916,968,52,44,44,824,824,0,0.002314578440382586,0.0023486163586235067,894,897,3,4,3,3,4,27,300,61,347
822,208,824,966,998,32,76,76,901,901,0,0.005071649817897137,0.006535280302256714,956,968,12,2,3,3,6,49,295,51,134
823,16,16,592,592,0,62,62,779,779,0,0.0005786446100956465,0.0005786446100956465,726,726,0,-1,3,3,7,2,714,160,608
824,0,0,1,1,0,0,0,1,1,0,0.0,0.0,1,1,0,-1,-1,-1,2,0,742,729,922
825,16,222,659,977,318,18,18,763,763,0,0.0002382654276864427,0.0005105687736138058,601,725,124,3,3,3,2,1,880,689,299
826,13,219,682,986,304,8,8,552,552,0,0.00017018959120460194,0.0005786446100956465,561,751,190,3,4,4,2,6,889,447,192
827,26,26,782,782,0,14,14,629,629,0,0.0009190237925048504,0.0009190237925048504,795,795,0,-1,4,4,3,10,867,405,967
828,0,101,1,900,899,0,5,1,330,329,0.0,6.807583648184077e-05,1,444,443,5,-1,6,5,0,571,865,749
829,22,123,664,915,251,52,52,691,691,0,0.0012253650566731338,0.0012594029749140542,836,838,2,5,3,3,7,4,321,440,401
830,28,28,738,738,0,40,40,714,714,0,0.0002723033459273631,0.0002723033459273631,612,612,0,-1,3,3,7,8,697,521,574
831,34,136,696,903,207,92,92,677,677,0,0.000442492937131965,0.0007488342013002485,678,748,70,4,3,3,15,4,102,470,138
832,3,3,413,413,0,8,8,379,379,0,0.0,0.0,1,1,0,-1,5,5,5,3,408,563,923
833,32,238,784,975,191,34,34,780,780,0,0.0011913271384322134,0.0018040096667687805,824,866,42,3,3,3,4,8,735,497,125
834,0,0,1,1,0,0,0,1,1,0,0.0,0.0,1,1,0,-1,-1,-1,5,0,290,517,587
835,54,156,753,912,159,144,144,724,724,0,0.00037441710065012424,0.000442492937131965,655,677,22,4,3,3,20,4,61,167,601
836,14,14,636,636,0,14,14,577,577,0,0.0010211375472276116,0.0010211375472276116,810,810,0,-1,4,4,3,4,912,407,919
837,0,0,1,1,0,0,0,1,1,0,0.0,0.0,1,1,0,-1,-1,-1,5,0,604,638,990
838,260,466,968,983,15,174,174,971,971,0,0.004901460226692535,0.005650294427992784,955,963,8,3,2,2,11,30,163,39,490
839,0,206,1,969,968,0,20,1,503,502,0.0,0.00037441710065012424,1,670,669,3,-1,4,6,0,451,921,40
840,15,221,704,986,282,8,8,552,552,0,0.00034037918240920387,0.0026209197045508697,666,919,253,3,4,4,2,4,889,328,75
841,134,340,959,989,30,38,38,886,886,0,0.004220701861874128,0.004493005207801491,950,954,4,3,3,3,3,31,564,76,508
842,5,5,424,424,0,13,13,404,404,0,0.00010211375472276115,0.00010211375472276115,480,480,0,-1,5,5,7,5,398,570,629
843,0,0,1,1,0,0,0,1,1,0,0.0,0.0,1,1,0,-1,-1,-1,3,2,853,752,969
844,0,0,1,1,0,0,0,1,1,0,0.0,0.0,1,1,0,-1,-1,-1,14,0,47,600,933
845,0,206,1,946,945,0,31,1,401,400,0.0,6.807583648184077e-05,1,446,445,3,-1,4,17,0,63,812,325
846,0,0,1,1,0,0,0,1,1,0,0.0,0.0,1,1,0,-1,-1,-1,10,1,153,529,750
847,0,101,1,961,960,0,2,1,330,329,0.0,0.0002723033459273631,1,631,630,5,-1,6,2,1,981,947,759
848,8,214,493,963,470,15,21,417,465,48,3.4037918240920386e-05,0.00030634126416828345,403,625,222,3,4,4,7,2,472,602,233
849,1,103,332,920,588,3,5,332,376,44,0.0,0.0002723033459273631,1,611,610,4,7,5,3,3,554,626,247
850,30,132,726,933,207,52,52,742,742,0,0.000442492937131965,0.0006807583648184077,679,739,60,4,3,3,7,6,400,381,287
851,0,102,1,938,937,0,6,1,452,451,0.0,0.0005786446100956465,1,742,741,4,-1,5,3,0,871,800,375
852,16,16,714,714,0,12,12,686,686,0,0.0005446066918547262,0.0005446066918547262,728,728,0,-1,4,4,2,6,991,136,514
853,6,107,465,936,471,10,10,493,493,0,0.0,6.807583648184077e-05,1,449,448,5,4,4,3,1,844,322,411
854,0,102,1,889,888,0,10,1,352,351,0.0,0.0,1,1,0,4,-1,5,9,0,389,917,298
855,60,161,901,979,78,12,12,716,716,0,0.0025188059498281084,0.002552843868069029,910,911,1,5,4,4,2,28,985,44,300
856,6,108,368,869,501,36,39,377,382,5,0.0,0.00017018959120460194,1,529,528,4,4,4,22,1,18,924,523
857,14,14,671,671,0,18,18,695,695,0,0.0002042275094455223,0.0002042275094455223,582,582,0,-1,4,4,3,6,862,247,886
858,12,218,542,964,422,38,38,627,627,0,0.00030634126416828345,0.001599782157323258,622,863,241,3,4,4,7,4,170,346,96
859,6,108,458,939,481,28,28,648,648,0,6.807583648184077e-05,0.0004765308553728854,456,698,242,4,4,4,6,2,529,493,114
860,0,102,1,893,892,0,16,1,389,388,0.0,3.4037918240920386e-05,1,399,398,4,-1,5,10,0,254,815,220
861,0,102,1,888,887,0,11,1,359,358,0.0,0.0,1,1,0,4,-1,5,9,0,208,569,526
862,253,853,967,997,30,140,140,932,932,0,0.004493005207801491,0.006467204465774873,951,967,16,2,3,3,10,35,82,57,15
863,589,795,991,996,5,214,214,989,989,0,0.011062323428299126,0.012151536812008578,979,981,2,3,2,2,11,78,163,9,49
864,0,101,1,921,920,0,5,1,332,331,0.0,0.0,1,1,0,5,-1,6,5,0,691,992,734
865,6,212,424,965,541,13,20,431,482,51,0.0,0.00034037918240920387,1,647,646,3,4,4,6,3,328,578,167
866,20,121,658,921,263,30,30,583,583,0,0.0002382654276864427,0.0002382654276864427,589,589,0,6,4,4,7,4,698,365,764
867,0,206,1,975,974,0,12,1,580,579,0.0,0.0034037918240920387,1,930,929,3,-1,4,2,1,752,685,34
868,2,618,353,995,642,8,22,395,594,199,0.0,0.0017359338302869397,1,864,863,2,5,3,4,1,448,837,195
869,28,234,624,952,328,112,116,574,579,5,0.0004084550188910446,0.0007828721195411688,654,760,106,3,3,3,25,4,17,332,284
870,0,616,1,997,996,0,30,1,497,496,0.0,0.0008509479560230097,1,786,785,2,-1,3,9,0,394,884,510
871,0,206,1,961,960,0,18,1,425,424,0.0,0.0002723033459273631,1,620,619,3,-1,4,8,0,646,943,628
872,0,206,1,991,990,0,12,1,778,777,0.0,0.0053099152455835805,1,961,960,3,-1,4,2,0,884,632,24
873,0,102,1,922,921,0,6,1,375,374,0.0,0.00013615167296368154,1,514,513,4,-1,5,4,2,313,684,259
874,25,25,623,623,0,128,128,748,748,0,0.0002042275094455223,0.0002042275094455223,558,558,0,-1,3,3,17,5,103,454,845
875,6,6,409,409,0,20,20,529,529,0,0.00010211375472276115,0.00010211375472276115,485,485,0,-1,4,4,5,1,793,931,574
876,0,101,1,922,921,0,5,1,332,331,0.0,0.0,1,1,0,5,-1,6,5,0,435,975,748
877,132,338,919,978,59,106,106,851,851,0,0.0017018959120460194,0.002757071377514551,866,910,44,3,3,3,11,23,155,117,60
878,6,212,484,975,491,14,18,592,691,99,0.00017018959120460194,0.003437829742332959,557,937,380,3,4,4,3,2,845,532,25
879,0,102,1,872,871,0,18,1,354,353,0.0,3.4037918240920386e-05,1,402,401,4,-1,5,16,0,134,426,334
880,1,207,333,971,638,6,13,333,450,117,0.0,0.00013615167296368154,1,521,520,3,6,4,6,1,237,896,532
881,18,18,644,644,0,26,26,678,678,0,0.0002382654276864427,0.0002382654276864427,595,595,0,-1,3,3,4,2,671,584,455
882,1,102,332,958,626,2,2,332,332,0,0.0,6.807583648184077e-05,1,456,455,5,6,6,2,1,963,590,862
883,1,103,332,938,606,2,4,332,406,74,0.0,0.000442492937131965,1,706,705,4,6,5,2,1,948,140,490
884,0,101,1,939,938,0,2,1,331,330,0.0,0.0,1,1,0,5,-1,6,2,0,820,887,552
885,6,6,441,441,0,13,13,446,446,0,0.0,0.0,1,1,0,-1,4,4,6,1,522,743,669
886,0,0,1,1,0,0,0,1,1,0,0.0,0.0,1,1,0,-1,-1,-1,7,0,193,951,821
887,40,246,734,961,227,132,132,866,866,0,0.001497668402600497,0.002995336805200994,851,925,74,3,3,3,12,5,143,393,129
888,0,102,1,949,948,0,4,1,415,414,0.0,0.00013615167296368154,1,526,525,4,-1,5,2,0,625,502,285
889,2,208,365,971,606,10,14,435,482,47,3.4037918240920386e-05,0.0002042275094455223,409,582,173,3,5,4,5,3,688,321,722
890,91,297,906,980,74,58,58,925,925,0,0.0031314884781646754,0.0033016780693692774,927,930,3,3,2,2,4,13,709,261,869
891,18,18,669,669,0,24,24,729,729,0,0.00034037918240920387,0.00034037918240920387,654,654,0,-1,3,3,3,4,585,149,835
892,26,642,709,997,288,34,72,608,846,238,0.0004084550188910446,0.012219612648490419,674,985,311,2,4,3,7,7,264,303,37
893,86,188,862,947,85,102,102,912,912,0,0.0018380475850097008,0.0018380475850097008,871,871,0,4,2,2,8,9,358,242,320
894,2,618,354,991,637,10,52,355,632,277,0.0,0.0019061234214915416,1,877,876,2,5,3,9,1,202,540,180
895,0,0,1,1,0,0,0,1,1,0,0.0,0.0,1,1,0,-1,-1,-1,5,1,843,650,828
896,0,0,1,1,0,0,0,1,1,0,0.0,0.0,1,1,0,-1,-1,-1,8,0,595,823,235
897,0,206,1,952,951,0,32,1,460,459,0.0,0.0007147962830593281,1,750,749,3,-1,4,12,0,187,985,161
898,0,102,1,929,928,0,6,1,421,420,0.0,0.0007488342013002485,1,784,783,4,-1,5,3,0,729,954,277
899,16,16,696,696,0,12,12,678,678,0,0.00034037918240920387,0.00034037918240920387,660,660,0,-1,4,4,2,6,895,377,992
900,8,8,509,509,0,26,26,466,466,0,6.807583648184077e-05,6.807583648184077e-05,453,453,0,-1,4,4,10,2,161,298,423
901,0,0,1,1,0,0,0,1,1,0,0.0,0.0,1,1,0,-1,-1,-1,5,0,390,821,768
902,240,446,957,982,25,176,176,953,953,0,0.0051397256543789785,0.006126825283365669,953,962,9,3,2,2,12,24,252,13,100
903,25,127,767,956,189,8,8,485,485,0,0.0005786446100956465,0.0009530617107457708,741,816,75,4,4,4,2,10,804,413,296
904,134,750,901,993,92,180,190,901,918,17,0.002382654276864427,0.004595118962524252,902,955,53,2,3,3,15,15,49,36,128
905,8,214,457,944,487,28,38,372,393,21,0.0,6.807583648184077e-05,1,444,443,3,4,4,20,5,61,605,314
906,42,658,810,997,187,48,86,820,941,121,0.002382654276864427,0.007828721195411689,898,975,77,2,2,2,6,2,465,298,47
907,8,8,565,565,0,8,8,523,523,0,0.0002042275094455223,0.0002042275094455223,574,574,0,-1,4,4,2,4,929,239,789
908,8,214,464,952,488,44,48,441,458,17,0.00010211375472276115,0.00017018959120460194,492,538,46,3,4,4,17,2,23,566,597
909,18,18,630,630,0,29,29,612,612,0,0.0006467204465774873,0.0006467204465774873,742,742,0,-1,3,3,6,5,536,476,921
910,16,222,530,952,422,60,64,523,534,11,0.0,0.00013615167296368154,1,503,502,3,3,3,15,1,0,623,487
911,24,230,766,979,213,24,24,793,793,0,0.0011232513019503727,0.0013615167296368155,835,851,16,3,3,3,3,4,590,637,282
912,47,47,825,825,0,58,58,918,918,0,0.0025188059498281084,0.0025188059498281084,905,905,0,-1,2,2,4,3,354,438,913
913,0,206,1,958,957,0,11,1,413,412,0.0,0.00013615167296368154,1,516,515,3,-1,4,5,0,719,757,581
914,0,0,1,1,0,0,0,1,1,0,0.0,0.0,1,1,0,-1,-1,-1,5,0,502,744,751
915,38,140,759,924,165,58,58,744,744,0,0.0006807583648184077,0.0007147962830593281,745,754,9,4,3,3,7,4,436,622,238
916,2,104,370,931,561,5,5,394,394,0,3.4037918240920386e-05,0.00017018959120460194,393,539,146,4,5,5,3,2,710,495,279
917,40,40,695,695,0,116,116,630,630,0,0.00030634126416828345,0.00030634126416828345,630,630,0,-1,3,3,21,8,54,521,850
918,130,336,901,973,72,230,230,939,939,0,0.0026209197045508697,0.0028591851322373124,910,916,6,3,2,2,17,13,6,255,110
919,0,101,1,930,929,0,3,1,332,331,0.0,6.807583648184077e-05,1,444,443,5,-1,6,3,2,670,709,463
920,22,22,597,597,0,120,120,676,676,0,0.00030634126416828345,0.00030634126416828345,620,620,0,-1,3,3,21,4,2,551,423
921,8,624,449,988,539,50,90,411,516,105,6.807583648184077e-05,0.0007147962830593281,452,740,288,2,4,3,22,2,18,602,145
922,32,32,788,788,0,44,44,890,890,0,0.001055175465468532,0.001055175465468532,818,818,0,-1,3,3,4,6,696,471,852
923,16,222,553,956,403,37,50,515,583,68,0.00010211375472276115,0.0009530617107457708,478,794,316,3,3,3,10,1,105,416,45
924,0,102,1,933,932,0,5,1,402,401,0.0,0.00010211375472276115,1,483,482,4,-1,5,3,0,823,936,305
925,0,206,1,965,964,0,14,1,463,462,0.0,0.0005446066918547262,1,723,722,3,-1,4,5,0,396,883,267
926,8,110,527,927,400,16,16,514,514,0,0.0002723033459273631,0.0005105687736138058,616,714,98,4,4,4,4,2,758,584,447
927,12,12,503,503,0,28,28,429,429,0,3.4037918240920386e-05,3.4037918240920386e-05,406,406,0,-1,4,4,12,4,348,444,806
928,12,218,494,945,451,78,86,539,566,27,0.00017018959120460194,0.0006807583648184077,542,734,192,3,4,4,19,2,48,584,232
929,34,136,693,912,219,62,62,590,590,0,0.0002382654276864427,0.0002382654276864427,584,584,0,4,3,3,13,3,91,307,313
930,36,138,766,934,168,40,40,717,717,0,0.000442492937131965,0.0005446066918547262,684,718,34,4,3,3,5,8,347,521,369
931,1,207,332,970,638,3,10,332,467,135,0.0,0.0011913271384322134,1,838,837,3,6,4,3,3,839,181,100
932,48,254,809,970,161,56,56,768,768,0,0.0006126825283365669,0.0018720855032506212,731,873,142,3,3,3,6,9,560,414,174
933,2,208,357,969,612,8,24,421,678,257,0.0,0.005582218591510943,1,963,962,3,5,4,4,2,755,518,18
934,16,16,543,543,0,66,66,578,578,0,0.0002382654276864427,0.0002382654276864427,589,589,0,-1,3,3,14,4,21,512,866
935,0,206,1,966,965,0,20,1,484,483,0.0,0.0008509479560230097,1,780,779,3,-1,4,6,0,470,760,144
936,0,102,1,942,941,0,4,1,392,391,0.0,0.0002723033459273631,1,622,621,4,-1,5,2,0,771,845,212
937,56,158,798,933,135,86,86,772,772,0,0.0009870996289866913,0.0009870996289866913,796,796,0,4,2,2,10,6,152,376,181
938,88,88,900,900,0,40,40,799,799,0,0.0020422750944552232,0.0020422750944552232,887,887,0,-1,3,3,5,22,612,128,918
939,48,149,739,911,172,154,154,792,792,0,0.0006467204465774873,0.0006807583648184077,730,735,5,5,3,3,19,5,48,306,540
940,6,108,528,963,435,12,12,696,696,0,0.000442492937131965,0.00088498587426393,702,803,101,4,4,4,2,1,982,80,616
941,13,219,571,966,395,24,28,529,577,48,0.0002042275094455223,0.0006807583648184077,563,756,193,3,4,4,6,4,498,278,461
942,30,30,776,776,0,28,28,771,771,0,0.0007488342013002485,0.0007488342013002485,763,763,0,-1,3,3,3,6,839,377,881
943,2,208,348,948,600,13,56,349,563,214,0.0,0.0020082371762143027,1,877,876,3,5,4,12,1,52,590,35
944,2,208,360,967,607,7,16,384,486,102,0.0,0.000442492937131965,1,689,688,3,5,4,4,2,567,292,439
945,70,70,829,829,0,94,94,778,778,0,0.0014295925661186562,0.0014295925661186562,838,838,0,-1,2,2,12,8,292,250,228
946,0,0,1,1,0,0,0,1,1,0,0.0,0.0,1,1,0,-1,-1,-1,2,0,942,849,844
947,0,102,1,924,923,0,5,1,363,362,0.0,3.4037918240920386e-05,1,408,407,4,-1,5,4,0,650,429,313
948,0,0,1,1,0,0,0,1,1,0,0.0,0.0,1,1,0,-1,-1,-1,2,3,684,753,201
949,40,656,667,994,327,238,248,783,805,22,0.00030634126416828345,0.0007828721195411688,615,756,141,2,2,2,30,2,7,493,470
950,22,638,665,996,331,52,52,728,728,0,0.000442492937131965,0.006909697402906838,695,970,275,2,3,3,7,2,343,323,24
951,2,103,359,909,550,6,6,383,383,0,6.807583648184077e-05,0.00010211375472276115,449,483,34,5,5,5,3,2,704,320,503
952,0,102,1,876,875,0,15,1,352,351,0.0,3.4037918240920386e-05,1,393,392,4,-1,5,14,0,154,768,526
953,14,220,656,979,323,12,12,635,635,0,0.00017018959120460194,0.0018720855032506212,563,888,325,3,4,4,2,4,747,202,65
954,2,103,362,936,574,11,11,435,435,0,0.0,0.0,1,1,0,5,5,5,6,1,529,870,736
955,199,299,991,998,7,12,12,812,812,0,0.008713707069675619,0.009054086252084823,977,978,1,5,4,4,2,83,813,10,237
956,0,616,1,993,992,0,88,1,844,843,0.0,0.00616086320160659,1,967,966,2,-1,3,8,0,131,943,9
957,2,618,352,989,637,18,41,358,461,103,0.0,0.0006126825283365669,1,723,722,2,5,3,16,2,60,656,309
958,0,102,1,883,882,0,16,1,394,393,0.0,0.00010211375472276115,1,480,479,4,-1,5,9,0,140,423,202
959,16,117,566,903,337,58,58,583,583,0,0.0002042275094455223,0.0002042275094455223,564,564,0,5,3,3,12,1,106,420,676
960,0,101,1,873,872,0,15,1,332,331,0.0,0.0,1,1,0,5,-1,6,15,0,0,735,495
961,166,267,944,970,26,104,104,891,891,0,0.003914360597705844,0.003948398515946765,945,946,1,5,3,3,9,29,803,142,503
962,94,300,901,981,80,50,50,837,837,0,0.0016338200755641784,0.009632730862180468,869,981,112,3,3,3,5,19,290,59,23
963,3,209,472,988,516,3,7,397,592,195,6.807583648184077e-05,0.0018040096667687805,443,884,441,3,5,4,2,2,933,430,98
964,28,129,780,952,172,28,28,812,812,0,0.001940161339732462,0.001940161339732462,884,884,0,7,3,3,3,3,857,280,640
965,0,101,1,914,913,0,5,1,331,330,0.0,0.0,1,1,0,5,-1,6,5,0,565,569,763
966,0,102,1,867,866,0,47,1,372,371,0.0,3.4037918240920386e-05,1,400,399,4,-1,5,35,0,20,571,691
967,90,192,915,970,55,46,46,965,965,0,0.006092787365124749,0.006331052792811192,968,970,2,4,2,2,2,18,828,63,282
968,0,102,1,906,905,0,8,1,383,382,0.0,6.807583648184077e-05,1,447,446,4,-1,5,5,0,599,831,332
969,62,164,895,972,77,28,28,843,843,0,0.002280540522141666,0.002552843868069029,906,911,5,4,3,3,3,19,718,91,507
970,1,1,331,331,0,3,3,331,331,0,0.0,0.0,1,1,0,-1,6,6,3,2,786,679,707
971,6,108,422,905,483,32,32,490,490,0,3.4037918240920386e-05,0.0002382654276864427,398,592,194,4,4,4,10,1,293,666,339
972,6,212,443,971,528,16,24,536,716,180,0.00017018959120460194,0.004663194799006093,528,956,428,3,4,4,4,2,544,691,14
973,1,103,333,940,607,4,6,333,394,61,0.0,0.0002382654276864427,1,586,585,4,6,5,4,1,553,590,80
974,24,230,732,977,245,18,18,603,603,0,0.0004765308553728854,0.0013615167296368155,701,850,149,3,4,4,3,7,484,150,396
975,8,109,598,963,365,8,8,567,567,0,0.00037441710065012424,0.00037441710065012424,677,677,0,6,4,4,2,3,982,268,578
976,0,206,1,967,966,0,14,1,453,452,0.0,0.0004765308553728854,1,696,695,3,-1,4,6,0,322,533,316
977,6,107,525,953,428,7,7,556,556,0,3.4037918240920386e-05,6.807583648184077e-05,407,453,46,6,4,4,2,2,994,654,547
978,0,0,1,1,0,0,0,1,1,0,0.0,0.0,1,1,0,-1,-1,-1,5,0,612,941,974
979,6,6,397,397,0,58,58,521,521,0,6.807583648184077e-05,6.807583648184077e-05,439,439,0,-1,4,4,15,1,65,360,902
980,0,206,1,949,948,0,62,1,507,506,0.0,0.0007147962830593281,1,740,739,3,-1,4,17,0,23,954,83
981,0,102,1,916,915,0,7,1,400,399,0.0,0.00013615167296368154,1,515,514,4,-1,5,4,0,783,921,677
982,6,107,504,953,449,8,8,521,521,0,0.00010211375472276115,0.0002042275094455223,498,586,88,5,4,4,2,1,681,592,579
983,0,206,1,969,968,0,14,1,511,510,0.0,0.0006807583648184077,1,755,754,3,-1,4,3,0,892,769,326
984,0,206,1,976,975,0,8,1,516,515,0.0,0.0005446066918547262,1,726,725,3,-1,4,2,0,771,629,179
985,0,0,1,1,0,0,0,1,1,0,0.0,0.0,1,1,0,-1,-1,-1,9,0,278,826,911
986,16,118,489,883,394,100,100,543,543,0,0.0002382654276864427,0.00037441710065012424,576,655,79,4,3,3,23,1,8,394,416
987,172,274,932,965,33,206,206,960,960,0,0.0024507301133462676,0.0024507301133462676,906,906,0,4,2,2,12,15,239,36,690
988,0,102,1,946,945,0,4,1,416,415,0.0,0.00017018959120460194,1,548,547,4,-1,5,2,2,618,271,681
989,0,102,1,906,905,0,7,1,382,381,0.0,0.00013615167296368154,1,514,513,4,-1,5,4,1,638,660,121
990,79,181,897,970,73,20,20,642,642,0,0.0016338200755641784,0.0017018959120460194,860,864,4,4,4,4,4,21,696,157,263
991,0,206,1,978,977,0,8,1,508,507,0.0,0.001599782157323258,1,865,864,3,-1,4,2,0,986,912,55
992,0,0,1,1,0,0,0,1,1,0,0.0,0.0,1,1,0,-1,-1,-1,11,0,150,801,638
993,0,0,1,1,0,0,0,1,1,0,0.0,0.0,1,1,0,-1,-1,-1,4,0,544,995,520
994,0,206,1,951,950,0,34,1,449,448,0.0,0.000442492937131965,1,672,671,3,-1,4,13,0,160,276,177
995,0,0,1,1,0,0,0,1,1,0,0.0,0.0,1,1,0,-1,-1,-1,5,0,396,914,830
996,0,0,1,1,0,0,0,1,1,0,0.0,0.0,1,1,0,-1,-1,-1,4,0,512,423,641
997,4,106,453,942,489,4,4,414,414,0,0.00034037918240920387,0.0005786446100956465,670,737,67,4,5,5,2,3,881,354,176
998,187,393,948,983,35,124,124,918,918,0,0.003165526396405596,0.003267640151128357,925,928,3,3,2,2,10,23,256,66,710
999,8,214,513,970,457,12,16,442,494,52,0.0,0.00034037918240920387,1,645,644,3,4,4,4,4,870,442,40
