,FreeNet_pre_score,FreeNet_post_score,FreeNet_pre_rank,FreeNet_post_rank,FreeNet_delta_ranks,Reversed_pre_score,Reversed_post_score,Reversed_pre_rank,Reversed_post_rank,Reversed_delta_ranks,Random_pre_score,Random_post_score,Random_pre_rank,Random_post_rank,Random_delta_ranks,dist_victim_relayer,dist_victim_vilain_pre,dist_victim_vilain_post,out_deg_victim,in_deg_villain,victim,villain,relayer
0,0,102,1,969,968,0,3,1,420,419,0.0,0.0002382654276864427,1,604,603,4,-1,5,2,0,813,871,333
1,0,102,1,952,951,0,3,1,374,373,0.0,0.000442492937131965,1,685,684,4,-1,5,2,0,830,843,616
2,2,104,374,934,560,6,6,468,468,0,0.00010211375472276115,0.0002723033459273631,485,621,136,4,5,5,3,1,856,360,257
3,116,217,911,962,51,88,88,868,868,0,0.0023486163586235067,0.002382654276864427,901,904,3,5,3,3,8,25,383,47,788
4,6,108,402,897,495,22,24,432,455,23,3.4037918240920386e-05,0.00013615167296368154,397,515,118,4,4,4,10,2,437,654,156
5,10,216,593,975,382,9,14,485,578,93,0.00010211375472276115,0.0024166921951053475,487,905,418,3,4,4,3,3,826,677,48
6,493,493,995,995,0,118,118,998,998,0,0.015827631982027978,0.015827631982027978,990,990,0,-1,2,2,5,83,744,10,726
7,36,242,735,963,228,84,88,763,776,13,0.0010211375472276116,0.0013615167296368155,801,835,34,3,3,3,12,6,219,289,299
8,8,109,515,926,411,28,28,609,609,0,0.0005786446100956465,0.0006467204465774873,724,740,16,5,4,4,6,3,373,209,899
9,0,102,1,936,935,0,6,1,425,424,0.0,0.0002382654276864427,1,603,602,4,-1,5,3,0,568,887,519
10,21,1661,624,1000,376,54,96,589,786,197,0.000442492937131965,0.010041185881071514,680,975,295,1,4,2,11,8,233,417,203
11,24,230,701,973,272,44,44,796,796,0,0.00037441710065012424,0.0007147962830593281,660,761,101,3,3,3,4,4,671,288,246
12,11,11,565,565,0,16,16,499,499,0,0.00010211375472276115,0.00010211375472276115,479,479,0,-1,4,4,4,4,822,156,668
13,27,643,758,999,241,18,32,576,773,197,0.0007488342013002485,0.0017018959120460194,763,864,101,2,4,3,5,11,557,249,339
14,2,104,368,930,562,6,8,393,453,60,3.4037918240920386e-05,0.0004084550188910446,410,677,267,4,5,5,4,2,491,764,246
15,18,224,720,980,260,10,14,556,630,74,0.0004084550188910446,0.0012594029749140542,686,844,158,3,4,4,3,7,916,303,390
16,34,135,698,913,215,94,94,734,734,0,0.00034037918240920387,0.00034037918240920387,642,642,0,5,3,3,12,3,252,280,603
17,1,1,333,333,0,25,25,333,333,0,0.0,0.0,1,1,0,-1,6,6,25,1,17,469,832
18,20,122,735,951,216,22,22,796,796,0,0.0008509479560230097,0.0009870996289866913,785,814,29,4,3,3,2,4,779,645,149
19,268,268,982,982,0,68,68,969,969,0,0.010483678818203479,0.010483678818203479,983,983,0,-1,2,2,4,49,648,16,779
20,596,1212,993,1000,7,252,252,972,972,0,0.01153885428367201,0.014806494434800367,983,992,9,2,2,2,14,70,154,18,57
21,54,670,790,993,203,102,112,797,839,42,0.0007147962830593281,0.001157289220191293,751,818,67,2,3,3,11,4,167,246,256
22,100,100,877,877,0,100,100,740,740,0,0.011947309302563056,0.01320671227747711,982,985,3,3,1,1,14,15,84,138,180
23,27,27,790,790,0,12,12,599,599,0,0.0007488342013002485,0.0007488342013002485,783,783,0,-1,4,4,2,7,886,399,986
24,0,616,1,996,995,0,45,1,688,687,0.0,0.003608019333537561,1,940,939,2,-1,3,8,0,323,798,142
25,2,208,355,971,616,11,20,420,512,92,0.0,0.0012253650566731338,1,838,837,3,5,4,6,1,373,964,91
26,12,12,514,514,0,32,32,480,480,0,0.0002042275094455223,0.0002042275094455223,572,572,0,-1,4,4,10,2,206,22,723
27,0,206,1,967,966,0,18,1,529,528,0.0,0.0012253650566731338,1,838,837,3,-1,4,5,0,519,733,151
28,6,6,409,409,0,14,14,448,448,0,0.0,0.0,1,1,0,-1,4,4,5,1,793,618,674
29,1,103,332,936,604,2,4,332,393,61,0.0,0.0004084550188910446,1,672,671,4,6,5,2,3,429,748,187
30,120,326,884,968,84,286,286,900,900,0,0.0015657442390823377,0.002110350930937064,856,892,36,3,3,3,25,12,17,179,415
31,0,102,1,888,887,0,16,1,385,384,0.0,0.0002042275094455223,1,565,564,4,-1,5,9,3,208,478,259
32,0,102,1,922,921,0,10,1,419,418,0.0,0.0002042275094455223,1,574,573,4,-1,5,5,0,294,812,493
33,0,0,1,1,0,0,0,1,1,0,0.0,0.0,1,1,0,-1,-1,-1,3,0,564,848,871
34,0,102,1,909,908,0,9,1,360,359,0.0,0.0,1,1,0,4,-1,5,8,0,323,901,885
35,6,6,506,506,0,7,7,525,525,0,6.807583648184077e-05,6.807583648184077e-05,448,448,0,-1,4,4,2,2,760,384,921
36,0,102,1,922,921,0,6,1,372,371,0.0,3.4037918240920386e-05,1,407,406,4,-1,5,4,0,652,945,300
37,28,28,689,689,0,70,70,727,727,0,0.00037441710065012424,0.00037441710065012424,666,666,0,-1,3,3,9,5,192,688,462
38,2,104,356,893,537,9,10,356,370,14,0.0,3.4037918240920386e-05,1,400,399,4,5,5,8,2,223,374,677
39,18,18,626,626,0,54,54,717,717,0,0.0006467204465774873,0.0006467204465774873,744,744,0,-1,3,3,8,4,595,440,803
40,12,218,639,980,341,8,8,511,511,0,0.00013615167296368154,0.0007147962830593281,522,756,234,3,4,4,2,6,838,379,116
41,0,0,1,1,0,0,0,1,1,0,0.0,0.0,1,1,0,-1,-1,-1,4,0,632,638,932
42,12,113,544,910,366,32,32,566,566,0,0.00013615167296368154,0.00017018959120460194,501,527,26,5,4,4,8,2,431,491,547
43,16,16,582,582,0,44,44,635,635,0,0.00017018959120460194,0.00017018959120460194,545,545,0,-1,3,3,9,1,278,556,778
44,2,103,368,935,567,6,6,392,392,0,3.4037918240920386e-05,3.4037918240920386e-05,404,404,0,9,5,5,4,1,728,807,647
45,24,230,616,958,342,100,104,616,650,34,0.00030634126416828345,0.00034037918240920387,619,640,21,3,3,3,19,5,38,688,570
46,28,234,675,958,283,76,76,715,715,0,0.0004084550188910446,0.0009530617107457708,671,795,124,3,3,3,10,3,105,318,172
47,18,119,707,946,239,28,28,815,815,0,0.0002382654276864427,0.00030634126416828345,622,657,35,5,3,3,3,5,530,395,931
48,0,102,1,950,949,0,3,1,389,388,0.0,0.00013615167296368154,1,536,535,4,-1,5,2,0,991,644,505
49,28,28,721,721,0,58,58,769,769,0,0.0008169100377820892,0.0008169100377820892,773,773,0,-1,3,3,8,3,449,382,888
50,149,355,959,989,30,48,48,930,930,0,0.0026889955410327104,0.003914360597705844,919,942,23,3,3,3,3,33,801,15,109
51,0,102,1,940,939,0,4,1,419,418,0.0,0.002144388849177984,1,901,900,4,-1,5,2,0,757,998,75
52,0,0,1,1,0,0,0,1,1,0,0.0,0.0,1,1,0,-1,-1,-1,4,0,949,200,954
53,131,233,896,959,63,192,192,888,888,0,0.0017359338302869397,0.00176997174852786,868,869,1,4,2,2,17,14,23,139,460
54,41,142,858,966,108,12,12,670,670,0,0.0009530617107457708,0.0009530617107457708,803,803,0,5,4,4,2,15,946,62,468
55,43,43,758,758,0,62,62,648,648,0,0.0008169100377820892,0.0008169100377820892,766,766,0,-1,3,3,10,9,153,294,959
56,37,37,855,855,0,28,28,873,873,0,0.0025188059498281084,0.0025188059498281084,917,917,0,-1,3,3,3,8,707,284,669
57,16,16,672,672,0,22,22,760,760,0,0.0002723033459273631,0.0002723033459273631,627,627,0,-1,3,3,2,3,589,410,735
58,6,6,459,459,0,18,18,542,542,0,0.00010211375472276115,0.00010211375472276115,493,493,0,-1,4,4,5,1,601,394,445
59,0,101,1,907,906,0,6,1,332,331,0.0,0.0,1,1,0,6,-1,7,6,0,267,851,344
60,11,113,686,969,283,6,6,539,539,0,0.0004765308553728854,0.0005105687736138058,721,732,11,4,5,5,3,8,812,386,493
61,24,24,744,744,0,18,18,673,673,0,0.00034037918240920387,0.00034037918240920387,658,658,0,-1,4,4,3,11,844,162,744
62,90,90,851,851,0,164,164,883,883,0,0.0015657442390823377,0.0015657442390823377,859,859,0,-1,3,3,14,9,198,277,884
63,2,2,356,356,0,15,15,387,387,0,0.0,0.0,1,1,0,-1,5,5,9,2,123,495,520
64,0,101,1,919,918,0,2,1,331,330,0.0,3.4037918240920386e-05,1,387,386,5,-1,6,2,0,893,744,662
65,8,8,523,523,0,12,12,563,563,0,0.00034037918240920387,0.00034037918240920387,666,666,0,-1,4,4,2,3,859,610,915
66,71,172,864,952,88,72,72,876,876,0,0.0019741992579733825,0.0019741992579733825,883,883,0,5,3,3,7,11,482,193,331
67,9,111,557,936,379,8,8,444,444,0,0.00030634126416828345,0.0004084550188910446,640,687,47,4,5,5,4,5,891,528,275
68,6,212,459,971,512,26,30,664,720,56,0.00030634126416828345,0.0015317063208414173,642,846,204,3,4,4,5,1,843,168,415
69,0,0,1,1,0,0,0,1,1,0,0.0,0.0,1,1,0,-1,-1,-1,20,1,5,650,587
70,28,234,763,977,214,20,20,626,626,0,0.0002382654276864427,0.00037441710065012424,599,666,67,3,4,4,4,9,597,343,132
71,55,55,871,871,0,22,22,838,838,0,0.0016338200755641784,0.0016338200755641784,865,865,0,-1,3,3,2,13,988,183,796
72,10,216,523,968,445,16,20,440,470,30,0.00013615167296368154,0.0002723033459273631,501,604,103,3,4,4,6,3,514,596,558
73,71,171,929,979,50,28,28,898,898,0,0.0027911092957554717,0.002995336805200994,922,927,5,4,3,3,3,25,786,47,368
74,0,102,1,927,926,0,8,1,452,451,0.0,0.00017018959120460194,1,556,555,4,-1,5,4,0,423,877,280
75,0,616,1,992,991,0,74,1,766,765,0.0,0.009088124170325743,1,978,977,2,-1,3,9,0,306,776,1
76,0,0,1,1,0,0,0,1,1,0,0.0,0.0,1,1,0,-1,-1,-1,8,0,260,520,723
77,0,616,1,1000,999,0,24,1,830,829,0.0,0.007216038667075122,1,973,972,2,-1,3,3,0,718,956,76
78,0,616,1,995,994,0,29,1,534,533,0.0,0.0008509479560230097,1,784,783,2,-1,3,8,1,499,948,741
79,17,17,708,708,0,18,18,802,802,0,0.0002042275094455223,0.0002042275094455223,587,587,0,-1,3,3,2,2,964,363,886
80,25,126,711,929,218,36,36,667,667,0,0.0006807583648184077,0.0006807583648184077,752,752,0,5,4,4,6,6,518,467,495
81,3,619,435,999,564,5,20,391,757,366,0.00010211375472276115,0.002723033459273631,485,917,432,2,5,3,3,2,831,383,73
82,0,102,1,931,930,0,4,1,392,391,0.0,3.4037918240920386e-05,1,403,402,4,-1,5,2,0,763,872,410
83,8,214,493,955,462,42,42,563,563,0,0.0002382654276864427,0.0004084550188910446,580,675,95,3,4,4,9,4,327,270,86
84,33,134,807,951,144,22,22,771,771,0,0.001497668402600497,0.001497668402600497,867,867,0,6,3,3,2,7,586,399,764
85,8,214,476,951,475,31,72,436,602,166,3.4037918240920386e-05,0.001599782157323258,406,856,450,3,4,4,14,2,47,576,69
86,36,138,701,900,199,90,90,635,635,0,0.00030634126416828345,0.00034037918240920387,627,644,17,4,3,3,16,8,151,302,360
87,4,4,436,436,0,7,7,421,421,0,0.0,0.0,1,1,0,-1,5,5,4,2,610,576,638
88,0,101,1,935,934,0,2,1,330,329,0.0,3.4037918240920386e-05,1,406,405,5,-1,6,2,0,907,988,579
89,0,102,1,929,928,0,5,1,363,362,0.0,0.0002042275094455223,1,562,561,4,-1,5,4,0,660,811,408
90,1,1,332,332,0,4,4,332,332,0,0.0,0.0,1,1,0,-1,7,7,4,1,696,765,633
91,6,107,454,924,470,16,16,523,523,0,6.807583648184077e-05,0.00010211375472276115,442,476,34,5,4,4,4,2,815,550,364
92,18,18,595,595,0,55,55,587,587,0,0.0002042275094455223,0.0002042275094455223,554,554,0,-1,4,4,12,3,194,301,685
93,2,104,365,919,554,6,9,366,409,43,0.0,0.0002382654276864427,1,607,606,4,5,5,5,1,464,593,482
94,30,230,773,976,203,26,26,687,687,0,0.0006467204465774873,0.001497668402600497,744,860,116,3,4,4,5,8,574,345,58
95,24,230,752,978,226,22,22,805,805,0,0.001055175465468532,0.001940161339732462,819,886,67,3,3,3,2,3,609,390,289
96,0,102,1,927,926,0,9,1,412,411,0.0,0.0002723033459273631,1,613,612,4,-1,5,5,1,602,913,149
97,0,206,1,961,960,0,13,1,385,384,0.0,0.00010211375472276115,1,478,477,3,-1,4,8,0,286,979,469
98,48,664,749,992,243,142,164,709,760,51,0.0007147962830593281,0.0014295925661186562,751,849,98,2,2,2,21,4,12,617,246
99,0,206,1,967,966,0,10,1,430,429,0.0,0.0002382654276864427,1,600,599,3,-1,4,4,0,632,744,369
100,0,616,1,991,990,0,30,1,528,527,0.0,0.0019741992579733825,1,883,882,2,-1,3,8,0,380,929,387
101,0,101,1,929,928,0,3,1,329,328,0.0,0.0002042275094455223,1,574,573,5,-1,6,3,0,712,898,311
102,0,0,1,1,0,0,0,1,1,0,0.0,0.0,1,1,0,-1,-1,-1,3,1,855,568,867
103,16,118,594,920,326,48,48,708,708,0,0.00013615167296368154,0.0005786446100956465,518,732,214,4,3,3,7,1,156,667,399
104,6,212,467,975,508,12,12,645,645,0,0.00030634126416828345,0.0014295925661186562,639,858,219,3,4,4,2,2,980,652,161
105,43,43,847,847,0,34,34,918,918,0,0.0018040096667687805,0.0018040096667687805,889,889,0,-1,3,3,3,17,899,213,880
106,12,218,679,986,307,8,8,572,572,0,0.00030634126416828345,0.0013955546478777359,652,854,202,3,4,4,2,3,799,197,190
107,0,102,1,890,889,0,10,1,361,360,0.0,0.00017018959120460194,1,538,537,4,-1,5,8,3,197,348,670
108,0,616,1,999,998,0,20,1,737,736,0.0,0.0025188059498281084,1,905,904,2,-1,3,3,0,627,715,174
109,8,110,597,961,364,10,10,564,564,0,0.0005105687736138058,0.0006126825283365669,722,748,26,4,4,4,3,2,883,465,420
110,14,116,658,945,287,18,18,692,692,0,0.0005105687736138058,0.0006126825283365669,717,742,25,4,4,4,3,5,845,306,476
111,0,206,1,971,970,0,12,1,463,462,0.0,0.00176997174852786,1,874,873,3,-1,4,4,0,542,638,123
112,13,629,612,996,384,14,40,476,778,302,0.00017018959120460194,0.010313489226998877,548,984,436,2,4,3,5,5,534,528,37
113,0,206,1,974,973,0,10,1,492,491,0.0,0.0016338200755641784,1,864,863,3,-1,4,3,0,588,790,43
114,22,22,622,622,0,92,92,679,679,0,0.0004765308553728854,0.0004765308553728854,692,692,0,-1,3,3,14,2,144,453,871
115,132,234,961,982,21,32,32,929,929,0,0.003982436434187685,0.004288777698355968,942,949,7,4,3,3,2,30,232,65,204
116,121,223,954,981,27,28,28,846,846,0,0.0018720855032506212,0.002212464685659825,880,899,19,4,3,3,3,33,676,15,233
117,92,193,860,945,85,76,76,717,717,0,0.0012253650566731338,0.0012253650566731338,825,825,0,7,3,3,10,11,205,166,626
118,1,103,330,915,585,5,7,330,368,38,0.0,0.0,1,1,0,4,6,5,5,1,457,671,225
119,6,108,480,935,455,8,8,500,500,0,3.4037918240920386e-05,0.00017018959120460194,408,553,145,4,4,4,2,1,880,762,697
120,15,116,579,911,332,28,28,501,501,0,0.00013615167296368154,0.00013615167296368154,514,514,0,5,4,4,8,9,380,317,321
121,0,616,1,990,989,0,58,1,694,693,0.0,0.004493005207801491,1,951,950,2,-1,3,8,0,411,723,33
122,2,2,349,349,0,14,14,358,358,0,3.4037918240920386e-05,3.4037918240920386e-05,384,384,0,-1,5,5,12,1,219,924,898
123,49,49,864,864,0,22,22,857,857,0,0.0015657442390823377,0.0015657442390823377,868,868,0,-1,3,3,2,12,760,179,881
124,6,6,388,388,0,27,27,384,384,0,0.0,0.0,1,1,0,-1,4,4,17,1,210,593,994
125,57,57,867,867,0,22,22,750,750,0,0.0010892133837094523,0.0010892133837094523,815,815,0,-1,3,3,2,15,966,62,835
126,0,102,1,877,876,0,16,1,360,359,0.0,0.00013615167296368154,1,514,513,4,-1,5,13,0,41,600,576
127,47,149,878,971,93,46,46,981,981,0,0.0053439531638245,0.005446066918547262,965,965,0,4,2,2,2,6,914,114,162
128,18,119,568,884,316,78,78,547,547,0,0.00010211375472276115,0.00010211375472276115,473,473,0,5,3,3,18,2,64,724,563
129,0,0,1,1,0,0,0,1,1,0,0.0,0.0,1,1,0,-1,-1,-1,7,0,722,608,830
130,52,258,888,988,100,22,22,849,849,0,0.0020763130126961434,0.0026209197045508697,898,922,24,3,3,3,2,15,897,138,267
131,28,129,767,946,179,18,18,731,731,0,0.0005786446100956465,0.0006467204465774873,736,753,17,5,3,3,2,4,990,336,322
132,20,122,748,956,208,18,18,718,718,0,0.00010211375472276115,0.0005446066918547262,489,726,237,4,4,4,3,4,854,504,221
133,8,8,620,620,0,8,8,609,609,0,0.00010211375472276115,0.00010211375472276115,490,490,0,-1,4,4,2,2,873,453,635
134,0,102,1,957,956,0,4,1,445,444,0.0,0.0006126825283365669,1,742,741,4,-1,5,2,0,666,635,658
135,147,353,908,974,66,232,232,883,883,0,0.002212464685659825,0.002552843868069029,888,901,13,3,3,3,22,19,55,72,474
136,24,125,657,917,260,52,52,638,638,0,0.00030634126416828345,0.00030634126416828345,637,637,0,6,3,3,9,4,367,450,540
137,22,22,668,668,0,34,34,563,563,0,0.00030634126416828345,0.00030634126416828345,637,637,0,-1,4,4,7,6,216,494,978
138,0,0,1,1,0,0,0,1,1,0,0.0,0.0,1,1,0,-1,-1,-1,3,0,829,713,478
139,0,0,1,1,0,0,0,1,1,0,0.0,0.0,1,1,0,-1,-1,-1,11,0,234,868,388
140,1,103,333,905,572,7,8,333,355,22,0.0,0.0,1,1,0,4,6,5,7,1,156,924,576
141,131,337,893,971,78,228,228,848,848,0,0.0015657442390823377,0.0016678579938050988,854,866,12,3,2,2,23,16,4,113,182
142,30,30,717,717,0,46,46,668,668,0,0.0004084550188910446,0.0004084550188910446,668,668,0,-1,3,3,8,4,325,365,641
143,43,249,792,969,177,48,48,696,696,0,0.0005105687736138058,0.0012253650566731338,721,832,111,3,3,3,7,8,466,286,130
144,0,102,1,915,914,0,8,1,405,404,0.0,0.00030634126416828345,1,633,632,4,-1,5,4,0,354,969,288
145,0,206,1,958,957,0,12,1,387,386,0.0,0.00017018959120460194,1,541,540,3,-1,4,7,0,221,744,592
146,0,616,1,992,991,0,92,1,619,618,0.0,0.002110350930937064,1,893,892,2,-1,3,17,0,23,844,15
147,8,8,526,526,0,28,28,639,639,0,0.0002042275094455223,0.0002042275094455223,570,570,0,-1,4,4,6,2,764,700,841
148,55,55,884,884,0,48,48,970,970,0,0.005990673610401988,0.005990673610401988,961,961,0,-1,2,2,3,6,768,368,921
149,32,32,835,835,0,12,12,706,706,0,0.00088498587426393,0.00088498587426393,806,806,0,-1,4,4,2,14,914,190,511
150,329,329,994,994,0,86,86,995,995,0,0.020252561353347628,0.020252561353347628,996,996,0,-1,2,2,3,75,922,24,780
151,14,630,518,989,471,45,98,462,649,187,3.4037918240920386e-05,0.0030974505599237552,399,931,532,2,4,3,16,4,26,581,51
152,80,181,918,972,54,22,22,834,834,0,0.0020082371762143027,0.0020763130126961434,900,901,1,5,3,3,2,16,895,78,360
153,0,102,1,900,899,0,11,1,386,385,0.0,0.00037441710065012424,1,660,659,4,-1,5,7,0,329,981,474
154,46,148,859,967,108,42,42,975,975,0,0.004322815616596889,0.0046972327172470135,947,952,5,4,2,2,2,4,841,259,473
155,0,102,1,949,948,0,6,1,449,448,0.0,0.00017018959120460194,1,551,550,4,-1,5,3,0,569,866,160
156,16,118,567,902,335,52,52,741,741,0,0.0002382654276864427,0.0004084550188910446,588,674,86,4,3,3,7,1,374,681,761
157,16,16,571,571,0,54,54,665,665,0,0.00010211375472276115,0.00010211375472276115,479,479,0,-1,3,3,8,1,197,553,812
158,19,121,668,928,260,52,52,793,793,0,0.0005105687736138058,0.0007828721195411688,708,776,68,4,3,3,6,5,251,722,46
159,2,618,351,992,641,16,47,352,515,163,0.0,0.0008509479560230097,1,768,767,2,5,3,15,1,110,763,198
160,0,102,1,892,891,0,11,1,367,366,0.0,0.0,1,1,0,4,-1,5,8,1,357,730,506
161,1,1,333,333,0,5,5,333,333,0,0.0,0.0,1,1,0,-1,6,6,5,1,407,621,643
162,0,206,1,947,946,0,17,1,384,383,0.0,0.00013615167296368154,1,526,525,3,-1,4,11,0,76,969,829
163,0,206,1,972,971,0,14,1,563,562,0.0,0.0013615167296368155,1,849,848,3,-1,4,3,0,855,875,297
164,0,616,1,992,991,0,60,1,535,534,0.0,0.0012594029749140542,1,827,826,2,-1,3,15,0,68,726,559
165,3,3,461,461,0,4,4,468,468,0,0.00017018959120460194,0.00017018959120460194,549,549,0,-1,5,5,2,2,995,251,228
166,96,712,850,991,141,212,212,916,916,0,0.0016678579938050988,0.0040845501889104465,859,947,88,2,2,2,18,3,86,382,108
167,4,4,434,434,0,8,8,387,387,0,0.0,0.0,1,1,0,-1,5,5,5,2,688,602,330
168,10,10,555,555,0,28,28,496,496,0,0.0002723033459273631,0.0002723033459273631,608,608,0,-1,4,4,11,3,261,596,877
169,99,99,900,900,0,54,54,866,866,0,0.002280540522141666,0.002280540522141666,900,900,0,-1,3,3,4,12,500,58,918
170,126,227,896,951,55,166,166,869,869,0,0.0016338200755641784,0.0016338200755641784,854,854,0,5,3,3,16,18,151,148,692
171,0,0,1,1,0,0,0,1,1,0,0.0,0.0,1,1,0,-1,-1,-1,4,0,767,793,954
172,28,28,745,745,0,28,28,679,679,0,0.0009530617107457708,0.0009530617107457708,807,807,0,-1,3,3,5,7,478,303,969
173,100,100,868,868,0,100,100,816,816,0,0.015487252799618776,0.01695088328397835,988,990,2,2,1,1,10,2,310,298,281
174,188,188,961,961,0,100,100,954,954,0,0.004493005207801491,0.004493005207801491,954,954,0,-1,2,2,6,30,275,65,988
175,14,630,549,994,445,50,68,574,686,112,0.0004765308553728854,0.0016338200755641784,696,866,170,2,4,3,11,3,224,236,216
176,16,222,681,978,297,17,22,781,805,24,0.00030634126416828345,0.004969536063174376,636,957,321,3,3,3,2,2,816,495,5
177,45,45,775,775,0,78,78,703,703,0,0.0009530617107457708,0.0009530617107457708,793,793,0,-1,3,3,12,10,375,296,780
178,6,6,479,479,0,8,8,489,489,0,0.0002723033459273631,0.0002723033459273631,628,628,0,-1,4,4,2,1,886,527,778
179,1,102,332,958,626,2,2,332,332,0,0.0,0.0,1,1,0,7,6,6,2,1,963,717,331
180,1,102,332,970,638,2,2,332,332,0,0.0,0.0004765308553728854,1,718,717,5,6,6,2,1,884,736,415
181,2,2,368,368,0,6,6,440,440,0,6.807583648184077e-05,6.807583648184077e-05,461,461,0,-1,5,5,3,1,433,552,816
182,0,0,1,1,0,0,0,1,1,0,0.0,0.0,1,1,0,-1,-1,-1,3,0,569,564,952
183,16,16,695,695,0,12,12,603,603,0,0.00030634126416828345,0.00030634126416828345,641,641,0,-1,4,4,2,6,992,275,740
184,0,206,1,949,948,0,29,1,417,416,0.0,3.4037918240920386e-05,1,401,400,3,-1,4,12,3,239,348,363
185,80,182,904,972,68,32,32,916,916,0,0.0020082371762143027,0.003369753905851118,890,929,39,4,3,3,2,18,849,148,153
186,0,102,1,974,973,0,3,1,437,436,0.0,0.0007488342013002485,1,786,785,4,-1,5,2,0,944,423,216
187,1,1,332,332,0,2,2,332,332,0,0.0,0.0,1,1,0,-1,6,6,2,2,985,582,330
188,6,108,388,880,492,39,40,441,443,2,0.0,3.4037918240920386e-05,1,389,388,4,4,4,15,1,49,878,298
189,6,6,495,495,0,7,7,508,508,0,6.807583648184077e-05,6.807583648184077e-05,441,441,0,-1,4,4,2,1,924,402,816
190,266,266,969,969,0,148,148,957,957,0,0.005071649817897137,0.005071649817897137,958,958,0,-1,2,2,9,27,262,25,833
191,18,120,562,886,324,86,86,545,545,0,6.807583648184077e-05,6.807583648184077e-05,444,444,0,4,3,3,20,3,61,300,606
192,6,212,395,950,555,52,52,568,568,0,0.0004084550188910446,0.000442492937131965,674,685,11,3,4,4,12,1,184,500,553
193,46,252,778,969,191,94,94,846,846,0,0.0013615167296368155,0.0015317063208414173,837,844,7,3,2,2,9,3,126,525,401
194,170,271,960,975,15,70,70,907,907,0,0.004152626025392287,0.004152626025392287,949,949,0,5,3,3,5,24,665,8,558
195,1,207,332,965,633,4,12,332,462,130,0.0,0.0008169100377820892,1,780,779,3,6,4,4,1,832,540,183
196,63,679,814,994,180,104,168,785,921,136,0.0010892133837094523,0.00789679703189353,804,972,168,2,3,3,13,13,129,120,5
197,13,114,689,965,276,8,8,567,567,0,0.00037441710065012424,0.00037441710065012424,677,677,0,5,4,4,2,8,982,417,837
198,2,103,371,945,574,3,3,372,372,0,0.0,3.4037918240920386e-05,1,399,398,5,5,5,2,1,548,893,518
199,20,122,714,944,230,18,18,578,578,0,0.00017018959120460194,0.000442492937131965,549,692,143,4,4,4,5,8,629,286,622
200,36,36,732,732,0,44,44,581,581,0,0.0002723033459273631,0.0002723033459273631,609,609,0,-1,3,3,9,6,269,368,632
201,0,0,1,1,0,0,0,1,1,0,0.0,0.0,1,1,0,-1,-1,-1,7,0,497,821,929
202,8,624,491,993,502,70,80,643,693,50,0.0002042275094455223,0.0012594029749140542,556,819,263,2,4,3,13,2,113,628,510
203,9,9,583,583,0,10,10,508,508,0,0.0002042275094455223,0.0002042275094455223,585,585,0,-1,4,4,3,3,770,222,982
204,0,206,1,978,977,0,12,1,697,696,0.0,0.0008509479560230097,1,802,801,3,-1,4,2,0,906,979,289
205,0,101,1,974,973,0,2,1,329,328,0.0,0.0,1,1,0,7,-1,8,2,0,944,796,708
206,17,17,651,651,0,38,38,840,840,0,0.000442492937131965,0.000442492937131965,683,683,0,-1,3,3,3,2,927,101,913
207,0,102,1,922,921,0,7,1,381,380,0.0,3.4037918240920386e-05,1,397,396,4,-1,5,5,0,291,945,714
208,34,650,728,993,265,64,74,719,762,43,0.0007147962830593281,0.002586881786309949,749,906,157,2,3,3,9,8,276,264,117
209,55,261,826,976,150,52,56,681,698,17,0.0008509479560230097,0.0014295925661186562,788,848,60,3,3,3,9,9,177,375,418
210,255,255,968,968,0,158,158,966,966,0,0.005377991082065421,0.005377991082065421,961,961,0,-1,2,2,9,36,245,48,836
211,55,156,785,918,133,140,140,813,813,0,0.0006807583648184077,0.0006807583648184077,745,745,0,6,3,3,15,6,0,232,703
212,0,206,1,949,948,0,34,1,476,475,0.0,0.0006126825283365669,1,726,725,3,-1,4,12,0,184,675,264
213,10,216,534,962,428,22,26,478,511,33,0.00013615167296368154,0.000442492937131965,525,691,166,3,4,4,7,4,265,156,494
214,2,103,357,905,548,14,14,421,421,0,0.00010211375472276115,0.00010211375472276115,487,487,0,5,5,5,7,2,525,492,518
215,0,102,1,927,926,0,6,1,381,380,0.0,0.00030634126416828345,1,643,642,4,-1,5,4,0,423,750,287
216,456,662,994,999,5,48,48,927,927,0,0.01327478811395895,0.013921508560536438,993,993,0,3,3,3,3,91,923,7,150
217,52,52,760,760,0,108,108,721,721,0,0.0004084550188910446,0.0004084550188910446,664,664,0,-1,3,3,15,7,49,115,900
218,0,102,1,925,924,0,4,1,371,370,0.0,0.0,1,1,0,4,-1,5,3,0,583,886,873
219,0,206,1,957,956,0,17,1,440,439,0.0,0.00017018959120460194,1,548,547,3,-1,4,7,0,343,604,339
220,152,358,944,981,37,132,132,975,975,0,0.0057524081827155455,0.005854521937438306,962,963,1,3,2,2,8,19,454,135,627
221,0,0,1,1,0,0,0,1,1,0,0.0,0.0,1,1,0,-1,-1,-1,15,0,49,990,943
222,36,242,813,978,165,18,18,756,756,0,0.0005786446100956465,0.00088498587426393,740,803,63,3,3,3,2,6,750,46,291
223,12,218,610,978,368,12,12,582,582,0,0.0002042275094455223,0.0008169100377820892,564,787,223,3,4,4,2,6,643,107,273
224,16,118,589,921,332,36,36,644,644,0,0.00013615167296368154,0.0002723033459273631,502,606,104,4,3,3,7,2,416,384,476
225,16,16,602,602,0,35,35,592,592,0,0.0004084550188910446,0.0004084550188910446,669,669,0,-1,4,4,8,4,158,504,828
226,0,616,1,1000,999,0,20,1,767,766,0.0,0.002212464685659825,1,893,892,2,-1,3,3,1,628,841,73
227,34,240,714,962,248,66,66,661,661,0,0.0005786446100956465,0.0006126825283365669,729,734,5,3,3,3,10,4,114,167,419
228,33,33,844,844,0,8,8,552,552,0,0.0009190237925048504,0.0009190237925048504,802,802,0,-1,4,4,2,15,742,138,786
229,92,298,892,978,86,50,50,850,850,0,0.002586881786309949,0.0045270431260424114,912,947,35,3,3,3,5,17,457,81,157
230,87,87,905,905,0,38,38,870,870,0,0.0018040096667687805,0.0018040096667687805,885,885,0,-1,3,3,3,27,672,304,971
231,8,214,539,975,436,20,20,604,604,0,0.00088498587426393,0.001599782157323258,797,861,64,3,4,4,4,3,891,559,273
232,7,7,569,569,0,12,12,666,666,0,0.0002723033459273631,0.0002723033459273631,624,624,0,-1,4,4,2,3,548,541,276
233,169,375,951,986,35,82,82,899,899,0,0.004186663943633207,0.0048674223084516155,948,954,6,3,3,3,7,29,141,142,189
234,6,108,527,965,438,6,6,459,459,0,0.0002042275094455223,0.0011232513019503727,564,827,263,4,5,5,3,3,786,347,61
235,2,618,349,992,643,17,53,377,594,217,6.807583648184077e-05,0.001599782157323258,441,857,416,2,5,3,12,2,219,495,99
236,0,0,1,1,0,0,0,1,1,0,0.0,0.0,1,1,0,-1,-1,-1,8,0,418,971,730
237,12,114,508,889,381,26,26,429,429,0,0.00013615167296368154,0.00013615167296368154,514,514,0,4,4,4,10,3,285,646,924
238,38,38,776,776,0,74,74,847,847,0,0.0007147962830593281,0.0007147962830593281,754,754,0,-1,3,3,8,3,270,318,984
239,6,212,504,977,473,12,12,634,634,0,0.0002723033459273631,0.002552843868069029,632,924,292,3,4,4,2,1,681,556,141
240,0,102,1,944,943,0,4,1,412,411,0.0,0.00013615167296368154,1,524,523,4,-1,5,2,0,960,817,791
241,10,112,604,941,337,10,10,510,510,0,0.00034037918240920387,0.0008169100377820892,643,785,142,4,4,4,3,3,433,507,490
242,12,113,645,953,308,8,8,534,534,0,0.0002042275094455223,0.0002042275094455223,589,589,0,6,4,4,2,5,684,124,671
243,0,102,1,927,926,0,6,1,359,358,0.0,3.4037918240920386e-05,1,404,403,4,-1,5,5,0,744,588,659
244,16,118,618,927,309,25,25,685,685,0,0.000442492937131965,0.0006467204465774873,695,760,65,4,3,3,4,2,949,785,93
245,0,206,1,971,970,0,10,1,449,448,0.0,0.00013615167296368154,1,519,518,3,-1,4,4,0,709,950,451
246,0,101,1,926,925,0,5,1,331,330,0.0,3.4037918240920386e-05,1,401,400,5,-1,6,5,0,843,845,460
247,19,19,649,649,0,40,40,625,625,0,0.00030634126416828345,0.00030634126416828345,629,629,0,-1,4,4,8,4,371,557,945
248,1,1,332,332,0,5,5,332,332,0,0.0,0.0,1,1,0,-1,6,6,5,3,644,676,783
249,2,2,392,392,0,4,4,448,448,0,0.00010211375472276115,0.00010211375472276115,499,499,0,-1,5,5,2,2,963,215,888
250,7,109,518,927,409,17,18,519,527,8,0.00013615167296368154,0.0007147962830593281,520,756,236,4,4,4,5,3,691,441,114
251,9,9,556,556,0,10,10,446,446,0,0.00010211375472276115,0.00010211375472276115,479,479,0,-1,4,4,3,3,645,596,488
252,62,268,825,969,144,120,120,913,913,0,0.0026209197045508697,0.00353994349705572,908,935,27,3,3,3,10,6,254,73,415
253,0,206,1,943,942,0,34,1,409,408,0.0,0.0002042275094455223,1,559,558,3,-1,4,17,0,210,330,115
254,191,397,972,993,21,96,96,994,994,0,0.01317267435923619,0.02219272269308009,989,996,7,3,2,2,3,27,903,88,0
255,149,765,966,1000,34,44,54,904,939,35,0.006841621566424997,0.011811157629599374,967,987,20,2,3,3,4,31,603,34,72
256,185,287,966,984,18,48,48,917,917,0,0.004765308553728854,0.004833384390210695,955,957,2,4,3,3,3,54,592,28,156
257,6,108,479,947,468,8,8,503,503,0,0.00013615167296368154,0.0005105687736138058,524,712,188,4,4,4,2,2,761,648,340
258,0,206,1,939,938,0,72,1,430,429,0.0,0.00017018959120460194,1,538,537,3,-1,4,30,0,7,782,453
259,0,206,1,958,957,0,36,1,585,584,0.0,0.0010211375472276116,1,815,814,3,-1,4,8,0,595,698,79
260,6,108,457,930,473,18,18,554,554,0,0.0002382654276864427,0.0009530617107457708,600,805,205,4,4,4,5,2,435,223,264
261,0,0,1,1,0,0,0,1,1,0,0.0,0.0,1,1,0,-1,-1,-1,14,0,268,754,324
262,3,3,442,442,0,5,5,412,412,0,0.0,0.0,1,1,0,-1,5,5,3,5,899,225,985
263,89,295,938,991,53,52,52,983,983,0,0.014023622315259198,0.014806494434800367,988,990,2,3,2,2,3,18,883,63,438
264,22,22,741,741,0,14,14,565,565,0,0.0004084550188910446,0.0004084550188910446,686,686,0,-1,4,4,3,7,861,253,725
265,750,750,998,998,0,208,208,1000,1000,0,0.019673916743251984,0.019673916743251984,993,993,0,-1,2,2,7,118,196,37,568
266,3,3,404,404,0,13,13,390,390,0,3.4037918240920386e-05,3.4037918240920386e-05,385,385,0,-1,5,5,8,2,297,430,916
267,1,207,332,972,640,4,12,332,493,161,0.0,0.0010211375472276116,1,815,814,3,6,4,4,1,511,402,116
268,2,2,374,374,0,4,4,405,405,0,3.4037918240920386e-05,3.4037918240920386e-05,401,401,0,-1,5,5,2,1,976,555,731
269,0,206,1,941,940,0,46,1,466,465,0.0,0.0009190237925048504,1,784,783,3,-1,4,15,0,49,945,138
270,185,287,985,994,9,22,22,890,890,0,0.00789679703189353,0.008441403723748256,975,978,3,4,3,3,2,69,847,12,355
271,11,11,589,589,0,10,10,488,488,0,0.0002042275094455223,0.0002042275094455223,591,591,0,-1,4,4,3,7,672,427,514
272,24,126,629,898,269,112,112,743,743,0,0.0007488342013002485,0.0007828721195411688,745,760,15,4,3,3,16,3,145,103,476
273,0,0,1,1,0,0,0,1,1,0,0.0,0.0,1,1,0,-1,-1,-1,4,0,679,776,455
274,4,210,417,960,543,13,17,400,443,43,3.4037918240920386e-05,0.00017018959120460194,404,544,140,3,5,4,7,3,320,598,191
275,1,1,333,333,0,4,4,333,333,0,0.0,0.0,1,1,0,-1,6,6,4,2,741,344,826
276,2,2,360,360,0,4,4,361,361,0,0.0,0.0,1,1,0,-1,5,5,3,1,819,788,780
277,16,632,683,999,316,8,22,511,817,306,0.00034037918240920387,0.00888389666088022,642,978,336,2,4,3,2,5,838,165,20
278,0,101,1,939,938,0,2,1,329,328,0.0,0.0,1,1,0,5,-1,6,2,0,804,933,717
279,0,0,1,1,0,0,0,1,1,0,0.0,0.0,1,1,0,-1,-1,-1,3,0,732,665,952
280,23,125,715,936,221,20,20,559,559,0,0.0002382654276864427,0.0006126825283365669,601,740,139,4,4,4,4,9,532,191,115
281,2,208,385,983,598,5,10,426,587,161,3.4037918240920386e-05,0.007624493685966166,399,971,572,3,5,4,3,2,915,560,37
282,0,0,1,1,0,0,0,1,1,0,0.0,0.0,1,1,0,-1,-1,-1,10,0,272,971,821
283,7,7,564,564,0,6,6,440,440,0,0.00030634126416828345,0.00030634126416828345,644,644,0,-1,5,5,3,4,485,504,808
284,28,28,737,737,0,40,40,736,736,0,0.0007488342013002485,0.0007488342013002485,775,775,0,-1,3,3,5,7,467,224,462
285,22,22,689,689,0,28,28,733,733,0,0.000442492937131965,0.000442492937131965,681,681,0,-1,3,3,3,3,645,610,538
286,97,198,914,971,57,50,50,868,868,0,0.0030634126416828346,0.0030634126416828346,924,924,0,5,3,3,5,21,435,123,885
287,0,0,1,1,0,0,0,1,1,0,0.0,0.0,1,1,0,-1,-1,-1,2,0,859,954,957
288,51,257,876,985,109,46,58,952,975,23,0.007828721195411689,0.009462541270975866,974,982,8,3,2,2,4,6,738,279,183
289,38,244,825,982,157,12,12,608,608,0,0.0013274788113958951,0.002314578440382586,850,908,58,3,4,4,2,12,924,163,218
290,0,0,1,1,0,0,0,1,1,0,0.0,0.0,1,1,0,-1,-1,-1,6,2,657,271,815
291,0,0,1,1,0,0,0,1,1,0,0.0,0.0,1,1,0,-1,-1,-1,7,0,264,819,910
292,0,0,1,1,0,0,0,1,1,0,0.0,0.0,1,1,0,-1,-1,-1,2,2,757,462,980
293,4,210,426,971,545,8,24,419,677,258,0.00013615167296368154,0.003914360597705844,509,945,436,3,5,4,4,3,280,496,20
294,6,622,410,994,584,30,56,509,682,173,0.00017018959120460194,0.003608019333537561,538,935,397,2,4,3,9,2,319,384,75
295,12,628,528,993,465,42,64,558,704,146,0.0002042275094455223,0.0026889955410327104,581,920,339,2,4,3,9,4,213,270,85
296,0,101,1,924,923,0,5,1,332,331,0.0,0.0,1,1,0,8,-1,9,5,0,602,359,857
297,22,638,603,992,389,70,100,534,647,113,0.00030634126416828345,0.0018040096667687805,614,869,255,2,3,3,16,4,42,239,47
298,0,0,1,1,0,0,0,1,1,0,0.0,0.0,1,1,0,-1,-1,-1,7,0,265,939,824
299,0,206,1,958,957,0,17,1,425,424,0.0,3.4037918240920386e-05,1,404,403,3,-1,4,7,1,193,730,176
300,0,206,1,968,967,0,16,1,476,475,0.0,0.0006126825283365669,1,740,739,3,-1,4,6,2,465,271,185
301,86,686,877,997,120,44,44,716,716,0,0.0012934408931549745,0.0028932230504782326,844,917,73,2,3,3,7,19,305,184,78
302,2,104,357,930,573,5,7,357,401,44,3.4037918240920386e-05,0.00034037918240920387,397,650,253,4,5,5,4,1,635,530,280
303,0,206,1,981,980,0,8,1,522,521,0.0,0.0010211375472276116,1,820,819,3,-1,4,2,0,929,997,49
304,0,102,1,897,896,0,15,1,395,394,0.0,0.000442492937131965,1,686,685,4,-1,5,9,0,177,802,591
305,16,118,642,938,296,26,26,739,739,0,0.0005105687736138058,0.0007147962830593281,711,758,47,4,3,3,4,1,458,404,479
306,0,101,1,920,919,0,5,1,330,329,0.0,3.4037918240920386e-05,1,402,401,5,-1,6,5,0,456,973,441
307,473,673,992,997,5,86,86,944,944,0,0.01153885428367201,0.011606930120153852,985,985,0,3,3,3,6,91,556,7,401
308,0,0,1,1,0,0,0,1,1,0,0.0,0.0,1,1,0,-1,-1,-1,4,0,784,813,978
309,0,101,1,899,898,0,8,1,332,331,0.0,0.0,1,1,0,5,-1,6,8,0,454,991,853
310,19,635,620,993,373,50,60,635,682,47,0.0002723033459273631,0.0011913271384322134,603,816,213,2,3,3,10,3,437,508,303
311,0,102,1,928,927,0,3,1,364,363,0.0,0.00013615167296368154,1,525,524,4,-1,5,2,0,750,675,86
312,0,0,1,1,0,0,0,1,1,0,0.0,0.0,1,1,0,-1,-1,-1,5,0,570,574,356
313,46,46,791,791,0,64,64,777,777,0,0.0009870996289866913,0.0009870996289866913,801,801,0,-1,3,3,8,5,257,273,760
314,0,0,1,1,0,0,0,1,1,0,0.0,0.0,1,1,0,-1,-1,-1,5,0,647,574,633
315,6,212,409,957,548,30,34,496,518,22,0.0,0.0005786446100956465,1,733,732,3,4,4,9,1,263,964,159
316,0,206,1,977,976,0,8,1,499,498,0.0,0.0007828721195411688,1,783,782,3,-1,4,2,1,983,780,355
317,100,100,885,885,0,100,100,913,913,0,0.018074134585928724,0.018074134585928724,990,990,0,-1,1,1,8,3,508,704,927
318,28,28,729,729,0,34,34,666,666,0,0.0005105687736138058,0.0005105687736138058,704,704,0,-1,3,3,6,5,441,314,672
319,6,6,417,417,0,28,28,548,548,0,0.0002042275094455223,0.0002042275094455223,574,574,0,-1,4,4,6,1,368,869,943
320,0,616,1,991,990,0,52,1,512,511,0.0,0.0009190237925048504,1,784,783,2,-1,3,13,0,165,838,186
321,2,2,371,371,0,6,6,426,426,0,0.0,0.0,1,1,0,-1,5,5,3,1,568,807,880
322,16,118,631,937,306,40,40,777,777,0,0.001055175465468532,0.0010892133837094523,820,823,3,4,3,3,5,1,688,612,360
323,49,255,798,965,167,66,66,698,698,0,0.0005105687736138058,0.0010211375472276116,694,800,106,3,3,3,10,8,409,187,390
324,448,654,996,1000,4,32,32,909,909,0,0.014329963579427483,0.014636304843595765,992,993,1,3,3,3,2,118,948,37,505
325,0,206,1,954,953,0,36,1,566,565,0.0,0.0014295925661186562,1,848,847,3,-1,4,8,0,282,968,78
326,18,119,684,946,262,19,19,628,628,0,6.807583648184077e-05,6.807583648184077e-05,451,451,0,5,4,4,4,8,673,477,503
327,7,7,495,495,0,24,24,474,474,0,0.00013615167296368154,0.00013615167296368154,515,515,0,-1,4,4,8,2,334,599,875
328,0,206,1,978,977,0,10,1,503,502,0.0,0.0017018959120460194,1,880,879,3,-1,4,3,1,590,641,153
329,0,102,1,906,905,0,10,1,405,404,0.0,0.0002382654276864427,1,600,599,4,-1,5,5,0,392,790,29
330,0,102,1,911,910,0,6,1,361,360,0.0,0.00010211375472276115,1,480,479,4,-1,5,5,0,667,737,496
331,2,104,355,918,563,7,8,355,375,20,3.4037918240920386e-05,6.807583648184077e-05,393,439,46,4,5,5,6,2,373,721,300
332,24,230,639,955,316,88,92,645,660,15,0.00034037918240920387,0.0012594029749140542,636,832,196,3,3,3,15,4,124,479,82
333,25,25,773,773,0,16,16,566,566,0,0.000442492937131965,0.000442492937131965,707,707,0,-1,4,4,4,9,728,198,205
334,28,130,785,948,163,20,20,634,634,0,0.0006807583648184077,0.0009530617107457708,760,802,42,4,4,4,4,13,721,217,439
335,11,112,619,947,328,14,14,578,578,0,0.00017018959120460194,0.0002042275094455223,551,580,29,5,4,4,3,7,814,427,558
336,32,134,767,938,171,26,26,657,657,0,0.00088498587426393,0.001055175465468532,793,817,24,4,4,4,5,8,476,186,378
337,0,0,1,1,0,0,0,1,1,0,0.0,0.0,1,1,0,-1,-1,-1,2,0,807,614,604
338,384,590,983,994,11,128,128,965,965,0,0.007624493685966166,0.008271214132543654,972,972,0,3,2,2,9,69,278,12,118
339,36,36,778,778,0,42,42,731,731,0,0.00037441710065012424,0.00037441710065012424,666,666,0,-1,3,3,6,5,606,182,794
340,15,15,639,639,0,14,14,538,538,0,0.0006126825283365669,0.0006126825283365669,735,735,0,-1,4,4,3,5,621,591,792
341,47,47,786,786,0,74,74,767,767,0,0.0011232513019503727,0.0011232513019503727,815,815,0,-1,3,3,9,13,306,255,940
342,0,101,1,964,963,0,2,1,329,328,0.0,3.4037918240920386e-05,1,402,401,5,-1,6,2,0,865,673,580
343,8,110,528,927,399,12,12,466,466,0,6.807583648184077e-05,0.00010211375472276115,461,487,26,4,4,4,4,2,753,491,449
344,12,114,617,939,322,18,18,577,577,0,0.0004084550188910446,0.001157289220191293,682,826,144,4,4,4,5,2,695,473,130
345,1,207,333,945,612,17,26,333,377,44,0.0,0.00017018959120460194,1,536,535,3,6,4,17,2,10,582,392
346,110,316,925,982,57,58,58,940,940,0,0.003267640151128357,0.004356853534837809,932,949,17,3,2,2,4,19,401,297,642
347,0,0,1,1,0,0,0,1,1,0,0.0,0.0,1,1,0,-1,-1,-1,7,0,196,798,643
348,0,101,1,926,925,0,2,1,331,330,0.0,0.0,1,1,0,7,-1,8,2,1,925,529,469
349,22,22,595,595,0,132,132,745,745,0,0.0005446066918547262,0.0005446066918547262,706,706,0,-1,3,3,17,3,71,525,955
350,10,216,577,971,394,22,26,577,636,59,0.000442492937131965,0.0010211375472276116,687,801,114,3,4,4,5,3,644,653,234
351,6,212,387,950,563,39,69,413,509,96,0.0,0.0009870996289866913,1,786,785,3,4,4,19,1,38,421,642
352,18,634,612,992,380,31,58,473,617,144,0.0002382654276864427,0.001599782157323258,580,856,276,2,4,3,12,5,219,314,148
353,2,104,353,912,559,12,12,413,413,0,3.4037918240920386e-05,0.0002723033459273631,406,610,204,4,5,5,6,1,352,935,262
354,20,122,700,944,244,20,20,625,625,0,0.0005105687736138058,0.0009530617107457708,717,806,89,4,4,4,4,6,635,381,345
355,0,616,1,997,996,0,29,1,709,708,0.0,0.003982436434187685,1,947,946,2,-1,3,4,0,949,881,77
356,28,129,645,903,258,90,90,644,644,0,0.000442492937131965,0.000442492937131965,665,665,0,5,3,3,16,4,134,622,692
357,7,7,577,577,0,10,10,579,579,0,0.0002382654276864427,0.0002382654276864427,591,591,0,-1,4,4,3,2,786,251,685
358,0,102,1,889,888,0,10,1,370,369,0.0,0.0,1,1,0,4,-1,5,8,0,236,975,383
359,16,222,522,952,430,154,154,803,803,0,0.0008509479560230097,0.0009530617107457708,769,787,18,3,3,3,18,2,34,482,315
360,84,185,901,967,66,44,44,880,880,0,0.00176997174852786,0.0018040096667687805,877,880,3,5,3,3,4,23,461,122,274
361,0,206,1,961,960,0,30,1,563,562,0.0,0.0012253650566731338,1,829,828,3,-1,4,7,0,400,750,84
362,8,109,501,891,390,24,24,464,464,0,0.00013615167296368154,0.00013615167296368154,508,508,0,5,4,4,9,2,202,523,763
363,18,18,638,638,0,32,32,603,603,0,0.0002382654276864427,0.0002382654276864427,601,601,0,-1,4,4,6,4,328,637,457
364,58,58,847,847,0,24,24,647,647,0,0.0011913271384322134,0.0011913271384322134,833,833,0,-1,4,4,4,19,504,184,936
365,0,206,1,973,972,0,14,1,524,523,0.0,0.0011232513019503727,1,825,824,3,-1,4,3,0,592,991,255
366,28,28,771,771,0,28,28,652,652,0,0.00030634126416828345,0.00030634126416828345,637,637,0,-1,4,4,6,8,661,132,802
367,42,248,861,987,126,14,18,676,774,98,0.0013615167296368155,0.0028591851322373124,852,927,75,3,4,4,3,15,875,53,144
368,0,206,1,983,982,0,10,1,578,577,0.0,0.003948398515946765,1,944,943,3,-1,4,3,0,786,989,5
369,41,143,877,977,100,12,12,713,713,0,0.0018040096667687805,0.002314578440382586,885,908,23,4,4,4,2,17,963,85,284
370,48,150,815,938,123,80,80,920,920,0,0.0010892133837094523,0.0012594029749140542,815,838,23,4,2,2,6,5,387,589,274
371,0,0,1,1,0,0,0,1,1,0,0.0,0.0,1,1,0,-1,-1,-1,10,0,135,372,912
372,1,207,333,968,635,5,12,333,445,112,0.0,0.00010211375472276115,1,484,483,3,6,4,5,2,476,357,670
373,0,206,1,961,960,0,17,1,424,423,0.0,0.00030634126416828345,1,646,645,3,-1,4,7,1,714,920,414
374,0,0,1,1,0,0,0,1,1,0,0.0,0.0,1,1,0,-1,-1,-1,6,0,157,883,998
375,87,189,882,955,73,52,52,746,746,0,0.0011913271384322134,0.0012253650566731338,829,830,1,4,3,3,7,22,196,116,714
376,17,17,718,718,0,12,12,648,648,0,0.0004765308553728854,0.0004765308553728854,707,707,0,-1,4,4,2,8,910,257,638
377,0,0,1,1,0,0,0,1,1,0,0.0,0.0,1,1,0,-1,-1,-1,11,0,307,811,865
378,2,104,378,943,565,4,4,411,411,0,6.807583648184077e-05,0.0005105687736138058,446,711,265,4,5,5,2,1,937,416,413
379,0,101,1,879,878,0,15,1,331,330,0.0,0.0,1,1,0,6,-1,7,15,0,65,865,590
380,13,13,676,676,0,14,14,630,630,0,0.0010211375472276116,0.0010211375472276116,826,826,0,-1,4,4,3,6,707,114,539
381,60,266,790,963,173,134,134,752,752,0,0.0007488342013002485,0.0013274788113958951,755,831,76,3,3,3,18,8,34,345,289
382,0,101,1,955,954,0,2,1,329,328,0.0,0.00010211375472276115,1,501,500,5,-1,6,2,0,889,834,305
383,5,211,490,982,492,4,12,411,622,211,0.00013615167296368154,0.0021784267674189047,527,900,373,3,5,4,2,3,928,311,74
384,6,6,439,439,0,22,22,562,562,0,6.807583648184077e-05,6.807583648184077e-05,448,448,0,-1,4,4,5,4,386,512,533
385,6,622,403,992,589,26,43,445,561,116,0.00010211375472276115,0.0013274788113958951,474,826,352,2,4,3,11,1,379,862,80
386,0,0,1,1,0,0,0,1,1,0,0.0,0.0,1,1,0,-1,-1,-1,2,0,954,860,830
387,7,7,517,517,0,32,32,612,612,0,6.807583648184077e-05,6.807583648184077e-05,461,461,0,-1,4,4,6,2,281,724,979
388,88,88,843,843,0,142,142,894,894,0,0.0026889955410327104,0.0026889955410327104,918,918,0,-1,3,3,12,12,52,100,994
389,0,0,1,1,0,0,0,1,1,0,0.0,0.0,1,1,0,-1,-1,-1,8,0,442,423,635
390,22,22,677,677,0,28,28,613,613,0,0.00088498587426393,0.00088498587426393,786,786,0,-1,3,3,6,2,446,579,643
391,298,399,988,995,7,62,62,981,981,0,0.012491915994417782,0.012491915994417782,986,986,0,5,2,2,3,78,708,9,484
392,16,118,626,932,306,28,28,733,733,0,0.0002723033459273631,0.00037441710065012424,607,657,50,4,3,3,3,1,645,404,648
393,0,102,1,917,916,0,8,1,406,405,0.0,0.0010892133837094523,1,814,813,4,-1,5,4,0,822,881,261
394,6,1646,405,1000,595,36,74,521,739,218,0.00013615167296368154,0.010892133837094524,517,982,465,1,4,2,10,1,254,762,748
395,0,206,1,944,943,0,53,1,432,431,0.0,0.0005786446100956465,1,709,708,3,-1,4,21,0,13,892,312
396,27,27,774,774,0,18,18,676,676,0,0.0009190237925048504,0.0009190237925048504,803,803,0,-1,4,4,3,9,640,240,996
397,0,206,1,945,944,0,40,1,469,468,0.0,0.0004084550188910446,1,668,667,3,-1,4,14,1,181,779,622
398,6,6,392,392,0,35,35,415,415,0,0.0,0.0,1,1,0,-1,4,4,17,1,63,265,990
399,18,224,611,958,347,48,48,592,592,0,0.0002382654276864427,0.0012253650566731338,588,817,229,3,4,4,10,5,258,688,630
400,0,101,1,876,875,0,8,1,332,331,0.0,0.0,1,1,0,6,-1,7,8,0,370,696,972
401,42,248,766,964,198,50,50,610,610,0,0.0005446066918547262,0.0008509479560230097,709,776,67,3,4,4,9,9,164,154,268
402,0,102,1,907,906,0,6,1,373,372,0.0,0.00017018959120460194,1,542,541,4,-1,5,4,0,516,973,347
403,0,101,1,907,906,0,3,1,332,331,0.0,0.0,1,1,0,5,-1,6,3,0,704,909,924
404,100,100,864,864,0,100,100,795,795,0,0.014329963579427483,0.014568229007113924,989,989,0,3,1,1,12,17,184,45,408
405,1,207,332,969,637,3,10,332,461,129,0.0,0.000442492937131965,1,702,701,3,8,4,3,1,737,857,234
406,104,104,917,917,0,48,48,900,900,0,0.00176997174852786,0.00176997174852786,884,884,0,-1,3,3,3,18,737,54,942
407,2,104,353,890,537,13,16,375,405,30,3.4037918240920386e-05,0.0004084550188910446,399,663,264,4,5,5,9,2,166,615,236
408,1,207,332,967,635,4,16,332,526,194,3.4037918240920386e-05,0.0009530617107457708,400,811,411,3,6,4,4,3,921,676,113
409,0,102,1,905,904,0,11,1,398,397,0.0,0.0002382654276864427,1,588,587,4,-1,5,6,1,356,787,479
410,4,620,492,1000,508,3,22,398,896,498,0.0,0.014840532353041287,1,991,990,2,5,3,2,3,749,580,2
411,0,0,1,1,0,0,0,1,1,0,0.0,0.0,1,1,0,-1,-1,-1,8,0,318,937,629
412,58,58,796,796,0,198,198,946,946,0,0.0018380475850097008,0.0018380475850097008,870,870,0,-1,2,2,14,3,121,438,838
413,13,219,562,964,402,32,32,558,558,0,0.0002042275094455223,0.0007147962830593281,564,753,189,3,4,4,8,5,468,362,295
414,9,215,566,972,406,8,12,427,484,57,0.0002042275094455223,0.0006126825283365669,559,742,183,3,5,4,4,5,458,310,475
415,34,34,717,717,0,78,78,713,713,0,0.00030634126416828345,0.00030634126416828345,632,632,0,-1,3,3,11,9,139,29,806
416,56,56,804,804,0,86,86,756,756,0,0.0007147962830593281,0.0007147962830593281,759,759,0,-1,3,3,11,6,224,658,982
417,0,102,1,895,894,0,10,1,365,364,0.0,0.0,1,1,0,4,-1,5,8,0,297,992,492
418,0,0,1,1,0,0,0,1,1,0,0.0,0.0,1,1,0,-1,-1,-1,2,0,733,955,866
419,0,0,1,1,0,0,0,1,1,0,0.0,0.0,1,1,0,-1,-1,-1,3,0,730,946,828
420,12,218,526,954,428,42,46,572,589,17,0.0002723033459273631,0.0016338200755641784,608,850,242,3,4,4,9,2,208,363,127
421,0,101,1,927,926,0,5,1,330,329,0.0,3.4037918240920386e-05,1,404,403,5,-1,6,5,0,744,930,220
422,34,240,777,972,195,46,46,771,771,0,0.0007828721195411688,0.0009870996289866913,771,800,29,3,3,3,6,5,405,338,637
423,0,101,1,942,941,0,2,1,332,331,0.0,3.4037918240920386e-05,1,408,407,5,-1,6,2,0,771,548,309
424,146,146,903,903,0,282,282,955,955,0,0.0023486163586235067,0.0023486163586235067,893,893,0,-1,2,2,19,13,31,183,753
425,32,32,824,824,0,28,28,858,858,0,0.0013274788113958951,0.0013274788113958951,846,846,0,-1,3,3,3,6,911,471,993
426,14,116,612,931,319,14,14,552,552,0,0.00037441710065012424,0.0005786446100956465,676,736,60,4,4,4,3,4,672,637,121
427,100,100,872,872,0,100,100,847,847,0,0.024269035705776234,0.024269035705776234,998,998,0,6,1,1,10,62,109,70,469
428,663,663,994,994,0,158,158,965,965,0,0.009428503352734947,0.009428503352734947,979,979,0,-1,2,2,9,92,192,30,774
429,0,0,1,1,0,0,0,1,1,0,0.0,0.0,1,1,0,-1,-1,-1,4,0,384,798,859
430,0,101,1,957,956,0,2,1,330,329,0.0,0.0,1,1,0,5,-1,6,2,0,985,916,577
431,90,90,900,900,0,28,28,731,731,0,0.001497668402600497,0.001497668402600497,852,852,0,-1,3,3,3,18,927,64,684
432,54,156,913,980,67,12,12,810,810,0,0.001940161339732462,0.002484768031587188,891,914,23,4,4,4,2,23,962,66,482
433,34,136,808,961,153,24,24,776,776,0,0.00088498587426393,0.0010211375472276116,795,814,19,4,3,3,3,4,676,470,210
434,162,362,937,980,43,104,104,877,877,0,0.004220701861874128,0.008407365805507334,944,977,33,3,3,3,9,29,306,142,19
435,44,1684,770,1000,230,76,130,722,903,181,0.0009870996289866913,0.015283025290173252,799,988,189,1,3,2,11,7,229,218,24
436,0,0,1,1,0,0,0,1,1,0,0.0,0.0,1,1,0,-1,-1,-1,4,0,581,901,974
437,6,6,471,471,0,8,8,502,502,0,0.0002042275094455223,0.0002042275094455223,574,574,0,-1,4,4,2,2,739,652,820
438,75,281,865,977,112,70,70,940,940,0,0.0033357159876101976,0.003880322679464924,928,942,14,3,2,2,5,8,667,352,115
439,432,534,983,988,5,136,136,979,979,0,0.00966676878042139,0.009939072126348753,977,978,1,4,2,2,7,62,182,70,312
440,0,102,1,931,930,0,3,1,367,366,0.0,3.4037918240920386e-05,1,403,402,4,-1,5,2,1,966,747,662
441,56,672,795,992,197,94,104,716,756,40,0.0006467204465774873,0.002314578440382586,740,892,152,2,3,3,14,13,172,340,203
442,6,108,450,925,475,10,10,458,458,0,0.0002042275094455223,0.00030634126416828345,578,636,58,4,4,4,3,2,836,805,278
443,6,6,430,430,0,36,36,644,644,0,0.00030634126416828345,0.00030634126416828345,637,637,0,-1,4,4,6,1,387,168,672
444,0,102,1,878,877,0,13,1,358,357,0.0,3.4037918240920386e-05,1,396,395,4,-1,5,11,0,163,977,298
445,2,2,370,370,0,4,4,370,370,0,0.0,0.0,1,1,0,-1,5,5,3,2,588,764,542
446,0,206,1,945,944,0,36,1,410,409,0.0,0.00017018959120460194,1,528,527,3,-1,4,17,1,6,706,688
447,66,66,895,895,0,28,28,839,839,0,0.001940161339732462,0.001940161339732462,880,880,0,-1,3,3,3,17,902,96,881
448,39,39,714,714,0,138,138,842,842,0,0.0009870996289866913,0.0009870996289866913,795,795,0,-1,3,3,13,4,115,125,429
449,0,0,1,1,0,0,0,1,1,0,0.0,0.0,1,1,0,-1,-1,-1,10,0,152,880,774
450,8,214,516,965,449,24,24,524,524,0,6.807583648184077e-05,0.00034037918240920387,447,648,201,3,4,4,6,2,328,680,270
451,0,206,1,969,968,0,18,1,524,523,0.0,0.0014636304843595766,1,853,852,3,-1,4,5,0,478,860,163
452,0,0,1,1,0,0,0,1,1,0,0.0,0.0,1,1,0,-1,-1,-1,6,0,405,998,903
453,7,109,571,960,389,13,13,702,702,0,0.0002723033459273631,0.0004084550188910446,625,692,67,4,4,4,3,2,918,408,460
454,26,26,716,716,0,32,32,626,626,0,0.00034037918240920387,0.00034037918240920387,652,652,0,-1,4,4,6,7,353,422,802
455,116,322,898,975,77,78,78,795,795,0,0.002484768031587188,0.003165526396405596,908,925,17,3,3,3,8,22,411,128,198
456,0,102,1,887,886,0,11,1,394,393,0.0,0.0002382654276864427,1,593,592,4,-1,5,6,3,378,746,229
457,52,258,773,962,189,116,116,771,771,0,0.00037441710065012424,0.0005786446100956465,650,716,66,3,3,3,15,9,124,343,625
458,0,0,1,1,0,0,0,1,1,0,0.0,0.0,1,1,0,-1,-1,-1,2,1,977,780,624
459,0,206,1,952,951,0,31,1,471,470,0.0,0.00030634126416828345,1,625,624,3,-1,4,10,0,189,826,381
460,84,84,903,903,0,60,60,901,901,0,0.0021784267674189047,0.0021784267674189047,898,898,0,-1,3,3,5,19,795,144,886
461,0,0,1,1,0,0,0,1,1,0,0.0,0.0,1,1,0,-1,-1,-1,16,0,42,657,826
462,1,1,333,333,0,3,3,333,333,0,0.0,0.0,1,1,0,-1,6,6,3,3,676,181,729
463,8,8,598,598,0,12,12,696,696,0,0.0002723033459273631,0.0002723033459273631,618,618,0,-1,4,4,2,3,982,536,769
464,16,16,632,632,0,20,20,698,698,0,0.0,0.0,1,1,0,-1,3,3,3,3,459,410,925
465,0,0,1,1,0,0,0,1,1,0,0.0,0.0,1,1,0,-1,-1,-1,4,0,679,831,732
466,6,108,376,876,500,40,41,416,423,7,0.0,6.807583648184077e-05,1,442,441,4,4,4,17,1,103,537,292
467,6,6,478,478,0,12,12,580,580,0,0.00017018959120460194,0.00017018959120460194,553,553,0,-1,4,4,2,1,586,282,960
468,40,40,874,874,0,12,12,752,752,0,0.0007147962830593281,0.0007147962830593281,777,777,0,-1,4,4,2,17,788,226,728
469,316,522,982,993,11,64,64,931,931,0,0.006399128629293032,0.006603356138738555,968,970,2,3,3,3,4,49,921,16,551
470,16,16,595,595,0,52,52,709,709,0,0.00037441710065012424,0.00037441710065012424,667,667,0,-1,3,3,7,1,216,681,766
471,0,0,1,1,0,0,0,1,1,0,0.0,0.0,1,1,0,-1,-1,-1,3,0,621,725,951
472,0,102,1,957,956,0,4,1,451,450,0.0,0.000442492937131965,1,706,705,4,-1,5,2,0,974,750,187
473,0,206,1,968,967,0,12,1,450,449,0.0,0.0006807583648184077,1,756,755,3,-1,4,4,0,354,982,219
474,0,206,1,953,952,0,23,1,417,416,0.0,0.0004765308553728854,1,696,695,3,-1,4,10,0,82,766,236
475,13,219,638,978,340,12,16,520,587,67,0.00010211375472276115,0.0007147962830593281,493,766,273,3,4,4,4,5,679,314,189
476,166,372,929,978,49,186,186,882,882,0,0.0013955546478777359,0.0015317063208414173,839,852,13,3,2,2,17,19,73,184,667
477,7,7,487,487,0,29,29,483,483,0,0.00010211375472276115,0.00010211375472276115,484,484,0,-1,4,4,9,3,327,373,798
478,0,0,1,1,0,0,0,1,1,0,0.0,0.0,1,1,0,-1,-1,-1,6,0,560,816,356
479,12,114,579,918,339,22,22,589,589,0,0.0002723033459273631,0.0004765308553728854,610,700,90,4,4,4,5,2,519,682,521
480,6,6,493,493,0,8,8,504,504,0,0.0,0.0,1,1,0,-1,4,4,2,1,734,360,937
481,123,123,937,937,0,54,54,907,907,0,0.002280540522141666,0.002280540522141666,898,898,0,-1,3,3,4,20,815,95,834
482,1,207,332,978,646,4,9,332,504,172,0.0,0.00013615167296368154,1,515,514,3,8,4,4,3,789,626,420
483,28,130,679,913,234,78,78,738,738,0,0.00037441710065012424,0.0004765308553728854,656,685,29,4,3,3,10,5,152,636,958
484,0,102,1,877,876,0,16,1,351,350,0.0,3.4037918240920386e-05,1,406,405,4,-1,5,14,0,198,978,463
485,78,78,858,858,0,98,98,898,898,0,0.002110350930937064,0.002110350930937064,886,886,0,-1,2,2,8,6,646,377,693
486,80,80,820,820,0,162,162,806,806,0,0.0011232513019503727,0.0011232513019503727,813,813,0,-1,2,2,19,7,36,303,812
487,0,616,1,994,993,0,34,1,542,541,0.0,0.0009190237925048504,1,785,784,2,-1,3,8,0,218,651,415
488,36,137,738,919,181,70,70,777,777,0,0.0002382654276864427,0.0002382654276864427,576,576,0,5,3,3,8,5,303,182,560
489,6,212,468,975,507,7,8,480,489,9,0.00017018959120460194,0.0010892133837094523,539,824,285,3,4,4,2,3,849,626,52
490,50,151,886,972,86,18,18,714,714,0,0.0015317063208414173,0.0015317063208414173,868,868,0,6,4,4,3,18,707,63,692
491,0,102,1,888,887,0,14,1,360,359,0.0,6.807583648184077e-05,1,446,445,4,-1,5,12,1,226,874,441
492,22,124,649,918,269,52,52,689,689,0,0.0005105687736138058,0.0006126825283365669,715,741,26,4,3,3,7,2,179,473,285
493,0,101,1,919,918,0,4,1,331,330,0.0,0.0,1,1,0,5,-1,6,4,1,758,660,523
494,6,6,382,382,0,33,33,399,399,0,3.4037918240920386e-05,3.4037918240920386e-05,405,405,0,-1,4,4,16,1,117,265,723
495,7,109,606,969,363,3,3,405,405,0,0.00010211375472276115,0.0009870996289866913,504,814,310,4,5,5,2,4,866,444,172
496,0,102,1,914,913,0,8,1,421,420,0.0,0.000442492937131965,1,700,699,4,-1,5,4,0,512,910,329
497,0,102,1,902,901,0,9,1,360,359,0.0,0.00013615167296368154,1,515,514,4,-1,5,8,0,371,973,476
498,20,226,716,978,262,8,12,483,599,116,0.0007488342013002485,0.0020763130126961434,779,892,113,3,4,4,2,8,925,250,71
499,38,140,787,932,145,44,44,818,818,0,0.0007147962830593281,0.0007488342013002485,762,767,5,4,3,3,4,5,516,306,202
500,17,17,693,693,0,44,44,881,881,0,0.001055175465468532,0.001055175465468532,816,816,0,-1,3,3,4,3,721,299,859
501,6,6,377,377,0,42,42,390,390,0,0.0,0.0,1,1,0,-1,4,4,23,1,43,265,838
502,1,102,333,966,633,2,2,333,333,0,3.4037918240920386e-05,0.0002382654276864427,396,617,221,5,6,6,2,1,873,543,370
503,28,28,626,626,0,102,102,585,585,0,0.00017018959120460194,0.00017018959120460194,530,530,0,-1,3,3,22,3,33,369,571
504,0,616,1,997,996,0,38,1,695,694,0.0,0.005854521937438306,1,967,966,2,-1,3,6,0,275,938,21
505,17,119,646,930,284,16,16,520,520,0,0.00017018959120460194,0.0002723033459273631,550,608,58,4,4,4,4,5,453,274,222
506,10,112,571,928,357,20,20,560,560,0,0.0002042275094455223,0.0007828721195411688,563,782,219,4,4,4,4,7,445,451,296
507,70,276,891,981,90,28,28,797,797,0,0.0015657442390823377,0.002280540522141666,864,903,39,3,3,3,3,16,901,78,414
508,2,208,380,977,597,4,8,415,550,135,0.0,0.0022465026039007454,1,910,909,3,5,4,2,1,940,265,39
509,0,101,1,926,925,0,5,1,332,331,0.0,0.0,1,1,0,6,-1,7,5,0,795,883,924
510,1,103,332,942,610,2,4,332,411,79,0.0,0.0004765308553728854,1,707,706,4,6,5,2,1,804,540,327
511,9,111,487,887,400,40,40,439,439,0,3.4037918240920386e-05,0.0002723033459273631,399,612,213,4,4,4,16,3,26,411,523
512,37,139,851,974,123,20,20,855,855,0,0.0006467204465774873,0.0007488342013002485,752,771,19,4,3,3,3,9,877,198,683
513,0,0,1,1,0,0,0,1,1,0,0.0,0.0,1,1,0,-1,-1,-1,19,0,46,668,696
514,20,122,696,939,243,54,54,917,917,0,0.00088498587426393,0.0014295925661186562,793,859,66,4,3,3,4,4,423,336,343
515,6,6,417,417,0,22,22,470,470,0,0.0,0.0,1,1,0,-1,4,4,8,2,440,654,685
516,0,101,1,912,911,0,3,1,329,328,0.0,0.0,1,1,0,5,-1,6,3,0,892,933,639
517,12,218,598,974,376,10,14,461,553,92,0.0002723033459273631,0.0032336022328874367,612,932,320,3,4,4,3,5,801,350,77
518,6,212,416,960,544,28,32,478,503,25,0.00013615167296368154,0.00037441710065012424,515,665,150,3,4,4,10,1,161,334,379
519,1,207,332,970,638,4,12,332,462,130,0.0,0.00030634126416828345,1,643,642,3,6,4,4,2,969,663,323
520,17,17,719,719,0,18,18,718,718,0,0.0007488342013002485,0.0007488342013002485,759,759,0,-1,4,4,3,6,854,114,455
521,11,11,663,663,0,7,7,545,545,0,6.807583648184077e-05,6.807583648184077e-05,463,463,0,-1,4,4,2,5,868,314,874
522,6,212,469,975,506,8,8,486,486,0,3.4037918240920386e-05,0.000442492937131965,391,699,308,3,4,4,2,1,752,594,532
523,16,222,523,949,426,62,70,536,553,17,3.4037918240920386e-05,0.0002042275094455223,400,561,161,3,3,3,16,1,151,322,501
524,104,206,947,977,30,46,46,982,982,0,0.01065386840940808,0.010858095918853602,987,987,0,4,2,2,2,23,940,117,447
525,0,206,1,965,964,0,16,1,507,506,0.0,0.0002042275094455223,1,584,583,3,-1,4,4,1,532,554,280
526,0,102,1,941,940,0,5,1,414,413,0.0,0.0004765308553728854,1,709,708,4,-1,5,3,0,916,699,165
527,6,212,451,975,524,22,26,595,653,58,0.0002042275094455223,0.0012934408931549745,576,825,249,3,4,4,5,1,421,556,211
528,22,22,689,689,0,24,24,603,603,0,0.00030634126416828345,0.00030634126416828345,639,639,0,-1,4,4,4,9,638,212,990
529,6,622,385,993,608,36,56,413,484,71,6.807583648184077e-05,0.0007828721195411688,442,758,316,2,4,3,18,1,34,879,785
530,74,280,897,986,89,22,22,783,783,0,0.0018380475850097008,0.005480104836788182,885,962,77,3,3,3,2,23,972,122,12
531,0,102,1,928,927,0,3,1,370,369,0.0,6.807583648184077e-05,1,449,448,4,-1,5,2,0,752,867,536
532,552,654,987,991,4,236,236,944,944,0,0.00888389666088022,0.00888389666088022,970,970,0,4,3,3,16,69,27,12,530
533,128,229,922,967,45,126,126,970,970,0,0.0031314884781646754,0.0031314884781646754,924,924,0,5,2,2,8,10,595,227,331
534,6,6,399,399,0,29,29,471,471,0,3.4037918240920386e-05,3.4037918240920386e-05,402,402,0,-1,4,4,9,2,100,313,783
535,0,206,1,939,938,0,47,1,376,375,0.0,6.807583648184077e-05,1,438,437,3,-1,4,30,0,7,927,648
536,0,206,1,973,972,0,11,1,456,455,0.0,3.4037918240920386e-05,1,402,401,3,-1,4,4,0,513,635,493
537,12,1652,632,1000,368,8,46,502,968,466,0.00010211375472276115,0.05112495319786242,494,998,504,1,4,2,2,3,980,290,413
538,0,102,1,904,903,0,11,1,385,384,0.0,0.00013615167296368154,1,506,505,4,-1,5,7,0,359,922,667
539,116,217,932,975,43,68,68,966,966,0,0.008645631233193778,0.008713707069675619,979,979,0,5,2,2,4,17,397,180,466
540,6,108,407,896,489,26,26,548,548,0,0.00010211375472276115,0.00034037918240920387,483,652,169,4,4,4,5,1,719,958,167
541,0,0,1,1,0,0,0,1,1,0,0.0,0.0,1,1,0,-1,-1,-1,4,1,410,828,914
542,18,18,715,715,0,12,12,662,662,0,0.00030634126416828345,0.00030634126416828345,643,643,0,-1,4,4,2,8,979,90,915
543,6,108,555,969,414,4,4,471,471,0,0.00030634126416828345,0.0006126825283365669,657,765,108,4,5,5,2,4,873,637,480
544,0,0,1,1,0,0,0,1,1,0,0.0,0.0,1,1,0,-1,-1,-1,2,0,909,359,848
545,24,640,736,998,262,20,34,613,801,188,0.0007488342013002485,0.003778208924742163,761,937,176,2,4,3,4,7,787,396,157
546,6,212,462,973,511,16,20,580,651,71,6.807583648184077e-05,0.0012594029749140542,440,831,391,3,4,4,4,2,507,652,62
547,2,208,357,966,609,12,22,400,504,104,0.00010211375472276115,0.0010892133837094523,475,821,346,3,5,4,7,1,416,899,179
548,24,230,725,974,249,38,38,863,863,0,0.0009190237925048504,0.001055175465468532,799,817,18,3,3,3,3,6,577,471,263
549,34,240,656,947,291,112,116,613,622,9,0.0002723033459273631,0.0013615167296368155,598,831,233,3,3,3,23,4,43,220,193
550,6,108,432,909,477,22,22,504,504,0,0.0,0.0,1,1,0,4,4,4,7,2,305,492,321
551,16,118,635,930,295,16,16,548,548,0,0.0002042275094455223,0.00034037918240920387,568,641,73,4,4,4,4,4,655,259,474
552,2,208,395,989,594,3,7,405,610,205,3.4037918240920386e-05,0.0006807583648184077,412,773,361,3,5,4,2,1,866,807,525
553,207,413,985,997,12,32,32,969,969,0,0.008203138296061813,0.008475441641989176,978,979,1,3,3,3,2,69,950,12,381
554,23,229,772,983,211,22,22,840,840,0,0.00037441710065012424,0.0006126825283365669,676,747,71,3,3,3,2,3,998,222,545
555,146,247,974,988,14,22,22,864,864,0,0.005514142755029102,0.005582218591510943,964,966,2,5,3,3,2,50,878,33,687
556,949,1051,998,998,0,392,392,998,998,0,0.016440314510364547,0.016440314510364547,991,991,0,4,2,2,17,98,73,23,540
557,0,0,1,1,0,0,0,1,1,0,0.0,0.0,1,1,0,-1,-1,-1,14,0,144,953,979
558,8,214,508,960,452,26,34,483,546,63,0.00013615167296368154,0.0008169100377820892,516,773,257,3,4,4,9,3,289,505,630
559,24,125,743,956,213,24,24,776,776,0,0.0008169100377820892,0.0009190237925048504,786,801,15,5,3,3,3,4,676,326,464
560,16,118,569,905,336,76,76,723,723,0,0.0006126825283365669,0.0006126825283365669,719,719,0,4,3,3,10,2,152,482,873
561,0,102,1,927,926,0,3,1,362,361,0.0,3.4037918240920386e-05,1,405,404,4,-1,5,2,0,846,864,486
562,0,206,1,974,973,0,10,1,497,496,0.0,0.0012594029749140542,1,838,837,3,-1,4,3,0,814,644,151
563,15,117,628,932,304,18,18,586,586,0,0.00017018959120460194,0.0002042275094455223,552,572,20,4,4,4,3,6,490,459,430
564,2,2,355,355,0,12,12,378,378,0,0.0,0.0,1,1,0,-1,5,5,8,1,443,265,988
565,10,216,552,971,419,18,26,497,603,106,0.00013615167296368154,0.0020082371762143027,513,879,366,3,4,4,5,3,528,536,104
566,31,237,747,973,226,16,16,523,523,0,0.0005105687736138058,0.00088498587426393,720,795,75,3,4,4,4,8,547,284,343
567,13,115,581,925,344,20,20,498,498,0,0.0002723033459273631,0.0008169100377820892,616,783,167,4,4,4,6,3,251,385,143
568,0,102,1,912,911,0,7,1,355,354,0.0,3.4037918240920386e-05,1,385,384,4,-1,5,6,1,515,852,659
569,0,0,1,1,0,0,0,1,1,0,0.0,0.0,1,1,0,-1,-1,-1,11,2,76,271,766
570,29,131,745,934,189,32,32,627,627,0,0.0007488342013002485,0.0009530617107457708,777,807,30,4,4,4,6,10,266,296,628
571,33,33,762,762,0,34,34,722,722,0,0.0007828721195411688,0.0007828721195411688,778,778,0,-1,3,3,4,8,516,497,657
572,0,206,1,956,955,0,34,1,520,519,0.0,0.0012934408931549745,1,837,836,3,-1,4,9,1,803,472,94
573,20,226,715,979,264,12,12,580,580,0,0.0005446066918547262,0.0008509479560230097,729,800,71,3,4,4,2,4,586,40,162
574,8,214,500,961,461,26,38,497,610,113,0.00010211375472276115,0.0026889955410327104,475,916,441,3,4,4,7,4,366,442,75
575,42,144,794,941,147,66,66,860,860,0,0.001157289220191293,0.0011913271384322134,817,819,2,4,3,3,6,6,549,192,394
576,6,212,407,957,550,22,26,469,500,31,3.4037918240920386e-05,0.00017018959120460194,405,541,136,3,4,4,7,2,447,342,485
577,10,1650,501,1000,499,24,82,407,720,313,0.0002382654276864427,0.009564655025698629,573,978,405,1,4,2,12,4,62,398,72
578,16,222,494,944,450,106,106,632,632,0,0.00017018959120460194,0.00034037918240920387,550,655,105,3,3,3,19,1,31,797,317
579,1,1,333,333,0,17,17,333,333,0,0.0,0.0,1,1,0,-1,8,8,17,1,103,647,833
580,0,102,1,912,911,0,7,1,385,384,0.0,0.00010211375472276115,1,475,474,4,-1,5,4,0,717,940,239
581,26,232,630,949,319,82,82,530,530,0,0.0002723033459273631,0.00037441710065012424,607,654,47,3,3,3,20,6,61,613,380
582,0,206,1,979,978,0,9,1,533,532,0.0,0.0007147962830593281,1,773,772,3,-1,4,3,0,984,737,186
583,0,0,1,1,0,0,0,1,1,0,0.0,0.0,1,1,0,-1,-1,-1,4,0,784,950,900
584,100,100,870,870,0,100,100,756,756,0,0.01507879778072773,0.01507879778072773,988,988,0,-1,1,1,12,18,116,82,725
585,0,0,1,1,0,0,0,1,1,0,0.0,0.0,1,1,0,-1,-1,-1,2,0,886,796,987
586,0,0,1,1,0,0,0,1,1,0,0.0,0.0,1,1,0,-1,-1,-1,4,0,539,624,993
587,0,0,1,1,0,0,0,1,1,0,0.0,0.0,1,1,0,-1,-1,-1,2,2,429,684,600
588,0,0,1,1,0,0,0,1,1,0,0.0,0.0,1,1,0,-1,-1,-1,3,0,927,851,426
589,0,101,1,914,913,0,5,1,331,330,0.0,0.0,1,1,0,7,-1,8,5,0,773,868,582
590,398,398,977,977,0,146,146,933,933,0,0.00616086320160659,0.00616086320160659,966,966,0,-1,3,3,11,69,215,12,821
591,50,256,808,970,162,68,68,827,827,0,0.0013955546478777359,0.0017359338302869397,850,866,16,3,3,3,7,10,678,272,338
592,1,207,333,960,627,8,18,333,429,96,0.0,0.0002723033459273631,1,598,597,3,6,4,8,1,521,469,351
593,6,212,404,959,555,23,32,465,526,61,0.0,0.00010211375472276115,1,477,476,3,4,4,8,1,197,935,714
594,3,105,432,928,496,6,6,418,418,0,6.807583648184077e-05,0.0004765308553728854,448,714,266,4,5,5,3,3,588,373,396
595,2,208,345,939,594,31,47,345,376,31,0.0,0.0,1,1,0,3,5,4,30,1,7,861,762
596,7,7,619,619,0,12,12,759,759,0,0.00037441710065012424,0.00037441710065012424,681,681,0,-1,4,4,2,2,782,101,865
597,24,24,706,706,0,24,24,706,706,0,0.00037441710065012424,0.00037441710065012424,658,658,0,-1,3,3,3,4,645,319,868
598,88,294,875,978,103,76,76,907,907,0,0.0020422750944552232,0.002723033459273631,884,919,35,3,3,3,6,17,393,60,232
599,120,222,938,975,37,22,22,741,741,0,0.001940161339732462,0.0020082371762143027,882,885,3,4,3,3,2,17,905,79,156
600,2,208,355,952,597,14,25,375,441,66,0.00010211375472276115,0.0002723033459273631,478,599,121,3,5,4,10,1,254,337,432
601,122,328,925,981,56,40,40,779,779,0,0.0014636304843595766,0.0016678579938050988,855,861,6,3,3,3,5,20,667,71,233
602,0,102,1,938,937,0,6,1,428,427,0.0,0.00013615167296368154,1,518,517,4,-1,5,3,0,835,686,586
603,0,102,1,901,900,0,9,1,370,369,0.0,0.0002042275094455223,1,578,577,4,-1,5,7,0,362,712,279
604,126,332,931,983,52,64,64,931,931,0,0.0027911092957554717,0.003369753905851118,914,935,21,3,3,3,4,20,921,38,179
605,43,43,836,836,0,18,18,644,644,0,0.0011232513019503727,0.0011232513019503727,825,825,0,-1,4,4,3,15,791,62,686
606,16,118,676,945,269,18,18,664,664,0,0.0006467204465774873,0.0009190237925048504,748,804,56,4,4,4,3,4,568,333,257
607,6,6,474,474,0,4,4,416,416,0,6.807583648184077e-05,6.807583648184077e-05,450,450,0,-1,5,5,2,3,993,485,912
608,0,206,1,972,971,0,9,1,470,469,0.0,0.00013615167296368154,1,526,525,3,-1,4,4,0,344,991,425
609,164,370,964,989,25,32,32,900,900,0,0.005616256509751864,0.006058749446883829,964,969,5,3,3,3,2,27,589,25,407
610,21,123,699,931,232,28,28,745,745,0,0.0006807583648184077,0.0008169100377820892,765,793,28,4,3,3,3,5,726,355,230
611,0,206,1,957,956,0,22,1,443,442,0.0,0.0004084550188910446,1,675,674,3,-1,4,9,1,263,650,336
612,0,206,1,977,976,0,8,1,499,498,0.0,0.0018720855032506212,1,894,893,3,-1,4,2,0,779,858,133
613,16,632,626,996,370,22,36,558,724,166,0.0002723033459273631,0.002144388849177984,612,892,280,2,4,3,5,6,605,613,58
614,0,206,1,957,956,0,26,1,517,516,0.0,0.0011232513019503727,1,819,818,3,-1,4,7,0,637,569,117
615,0,206,1,958,957,0,25,1,431,430,0.0,0.0006467204465774873,1,742,741,3,-1,4,11,3,176,746,136
616,0,101,1,910,909,0,5,1,331,330,0.0,3.4037918240920386e-05,1,410,409,5,-1,6,5,0,406,522,238
617,0,102,1,899,898,0,7,1,366,365,0.0,6.807583648184077e-05,1,445,444,4,-1,5,5,0,546,733,714
618,3,105,472,958,486,4,4,436,436,0,6.807583648184077e-05,0.0002382654276864427,451,612,161,4,5,5,2,3,751,196,637
619,146,146,928,928,0,88,88,841,841,0,0.002484768031587188,0.002484768031587188,915,915,0,-1,3,3,8,23,357,117,952
620,21,21,701,701,0,16,16,544,544,0,0.0002042275094455223,0.0002042275094455223,576,576,0,-1,4,4,4,6,593,486,511
621,28,28,644,644,0,116,116,763,763,0,0.0006807583648184077,0.0006807583648184077,740,740,0,-1,3,3,14,4,122,326,715
622,8,624,465,992,527,50,96,466,606,140,3.4037918240920386e-05,0.002110350930937064,395,885,490,2,4,3,17,2,103,599,94
623,8,8,523,523,0,20,20,579,579,0,0.0002382654276864427,0.0002382654276864427,595,595,0,-1,4,4,4,4,700,270,988
624,0,101,1,925,924,0,5,1,330,329,0.0,0.0,1,1,0,5,-1,6,5,0,533,936,449
625,6,212,417,964,547,31,35,518,561,43,0.0002042275094455223,0.0012253650566731338,572,823,251,3,4,4,8,1,297,718,269
626,13,115,649,947,298,8,8,490,490,0,0.0002723033459273631,0.0004765308553728854,619,703,84,4,4,4,2,6,849,486,785
627,6,212,439,969,530,11,15,448,519,71,0.0,0.0002382654276864427,1,586,585,3,4,4,4,1,921,238,666
628,0,206,1,960,959,0,44,1,645,644,0.0,0.002144388849177984,1,893,892,3,-1,4,8,0,257,938,112
629,26,232,712,971,259,38,42,686,697,11,0.0002042275094455223,0.002212464685659825,569,885,316,3,3,3,6,6,98,435,153
630,16,118,671,941,270,20,20,768,768,0,0.0004765308553728854,0.0006126825283365669,703,739,36,4,3,3,3,2,745,215,411
631,0,206,1,981,980,0,12,1,667,666,0.0,0.001497668402600497,1,860,859,3,-1,4,2,0,618,929,123
632,18,634,660,996,336,32,46,675,796,121,0.0004765308553728854,0.002723033459273631,703,913,210,2,4,3,6,7,494,237,383
633,0,0,1,1,0,0,0,1,1,0,0.0,0.0,1,1,0,-1,-1,-1,5,0,456,820,388
634,1,207,333,965,632,5,14,333,456,123,0.0,0.0004765308553728854,1,705,704,3,6,4,5,1,467,621,192
635,0,0,1,1,0,0,0,1,1,0,0.0,0.0,1,1,0,-1,-1,-1,5,0,574,388,735
636,8,109,498,904,406,22,22,473,473,0,0.00010211375472276115,0.00010211375472276115,489,489,0,5,4,4,7,3,678,829,763
637,20,226,663,971,308,30,34,607,636,29,0.000442492937131965,0.0017359338302869397,685,865,180,3,4,4,7,4,404,333,203
638,0,102,1,966,965,0,3,1,395,394,0.0,0.00010211375472276115,1,489,488,4,-1,5,2,0,873,436,711
639,16,222,485,939,454,64,76,457,492,35,0.00013615167296368154,0.0004084550188910446,506,662,156,3,3,3,21,1,74,481,136
640,194,194,947,947,0,114,114,892,892,0,0.003948398515946765,0.003948398515946765,941,941,0,-1,3,3,9,25,287,105,800
641,10,10,484,484,0,53,53,459,459,0,6.807583648184077e-05,6.807583648184077e-05,450,450,0,-1,4,4,21,3,2,311,483
642,8,214,532,971,439,12,18,470,550,80,6.807583648184077e-05,0.000442492937131965,458,694,236,3,4,4,5,3,843,196,413
643,8,214,528,975,447,10,14,460,519,59,0.0002382654276864427,0.0013955546478777359,596,852,256,3,4,4,3,2,834,499,53
644,0,102,1,958,957,0,3,1,398,397,0.0,0.00010211375472276115,1,499,498,4,-1,5,2,0,963,726,328
645,1,102,333,921,588,4,4,333,333,0,0.0,3.4037918240920386e-05,1,394,393,5,6,6,4,3,659,181,592
646,2,208,349,946,597,24,49,374,466,92,0.0,0.000442492937131965,1,680,679,3,5,4,17,1,10,896,525
647,14,116,646,943,297,20,20,642,642,0,0.00030634126416828345,0.0005786446100956465,641,722,81,4,4,4,4,4,696,622,107
648,19,225,639,969,330,48,48,698,698,0,0.00013615167296368154,0.00017018959120460194,510,549,39,3,3,3,7,7,299,451,369
649,120,120,934,934,0,54,54,916,916,0,0.0024166921951053475,0.0024166921951053475,907,907,0,-1,3,3,4,20,344,95,929
650,0,0,1,1,0,0,0,1,1,0,0.0,0.0,1,1,0,-1,-1,-1,4,2,700,775,713
651,17,118,595,895,300,86,86,726,726,0,0.0002723033459273631,0.0002723033459273631,614,614,0,5,3,3,11,3,167,541,924
652,0,102,1,923,922,0,7,1,393,392,0.0,0.00017018959120460194,1,543,542,4,-1,5,4,0,566,668,176
653,178,178,945,945,0,120,120,895,895,0,0.002995336805200994,0.002995336805200994,924,924,0,-1,3,3,10,26,99,108,811
654,6,212,403,963,560,12,24,416,570,154,0.0,0.00088498587426393,1,794,793,3,4,4,4,1,503,558,227
655,0,102,1,905,904,0,9,1,388,387,0.0,0.0002042275094455223,1,568,567,4,-1,5,5,0,492,796,354
656,112,214,889,952,63,110,110,754,754,0,0.0014295925661186562,0.0014636304843595766,847,848,1,4,3,3,15,19,95,59,615
657,12,12,500,500,0,39,39,462,462,0,3.4037918240920386e-05,3.4037918240920386e-05,394,394,0,-1,4,4,14,3,181,829,695
658,518,518,996,996,0,48,48,927,927,0,0.014738418598318526,0.014738418598318526,992,992,0,-1,3,3,3,118,935,37,892
659,0,0,1,1,0,0,0,1,1,0,0.0,0.0,1,1,0,-1,-1,-1,3,3,620,478,539
660,2,104,404,965,561,4,4,479,479,0,3.4037918240920386e-05,0.0004765308553728854,408,718,310,4,5,5,2,2,987,719,283
661,20,20,722,722,0,22,22,739,739,0,0.0004765308553728854,0.0004765308553728854,706,706,0,-1,3,3,4,4,480,637,888
662,0,102,1,889,888,0,15,1,386,385,0.0,0.00017018959120460194,1,527,526,4,-1,5,9,0,123,672,176
663,152,152,974,974,0,48,48,966,966,0,0.0053439531638245,0.0053439531638245,957,957,0,-1,3,3,3,35,850,57,723
664,20,226,625,962,337,66,66,647,647,0,0.00017018959120460194,0.0004765308553728854,532,692,160,3,3,3,12,3,375,458,486
665,8,8,513,513,0,16,16,445,445,0,0.00010211375472276115,0.00010211375472276115,478,478,0,-1,4,4,7,2,305,499,939
666,221,323,973,984,11,64,64,958,958,0,0.007726607440688927,0.008101024541339052,971,972,1,4,3,3,4,34,458,20,407
667,150,766,951,998,47,62,62,965,965,0,0.004969536063174376,0.007590455767725246,960,978,18,2,2,2,3,21,836,157,55
668,62,268,855,977,122,110,110,962,962,0,0.003165526396405596,0.004629156880765172,925,958,33,3,2,2,6,4,526,281,66
669,0,0,1,1,0,0,0,1,1,0,0.0,0.0,1,1,0,-1,-1,-1,10,0,82,957,917
670,6,6,458,458,0,20,20,605,605,0,0.00013615167296368154,0.00013615167296368154,513,513,0,-1,4,4,4,1,767,474,887
671,18,119,649,927,278,20,20,560,560,0,0.00030634126416828345,0.00030634126416828345,641,641,0,5,4,4,4,7,235,303,509
672,201,302,971,981,10,70,70,940,940,0,0.004663194799006093,0.0046972327172470135,950,950,0,5,3,3,5,35,848,57,320
673,34,650,688,991,303,110,120,683,721,38,0.0005105687736138058,0.0009530617107457708,702,802,100,2,3,3,17,5,24,308,425
674,115,115,907,907,0,68,68,784,784,0,0.0013615167296368155,0.0013615167296368155,833,833,0,-1,3,3,8,17,443,79,844
675,2,2,389,389,0,3,3,397,397,0,3.4037918240920386e-05,3.4037918240920386e-05,395,395,0,-1,5,5,2,2,933,648,732
676,69,69,879,879,0,30,30,703,703,0,0.0014295925661186562,0.0014295925661186562,857,857,0,-1,4,4,5,20,647,71,790
677,45,146,837,962,125,24,24,735,735,0,0.0012594029749140542,0.0012934408931549745,840,842,2,5,4,4,4,19,811,184,799
678,279,279,976,976,0,166,166,989,989,0,0.009360427516253106,0.009360427516253106,977,977,0,-1,2,2,8,35,223,57,502
679,28,234,734,971,237,36,40,700,734,34,0.0005786446100956465,0.0032336022328874367,725,927,202,3,3,3,5,4,479,637,56
680,0,0,1,1,0,0,0,1,1,0,0.0,0.0,1,1,0,-1,-1,-1,3,0,856,985,997
681,1196,1196,999,999,0,408,408,1000,1000,0,0.023486163586235065,0.023486163586235065,998,998,0,-1,2,2,15,130,32,3,754
682,10,216,564,973,409,12,20,460,566,106,0.00017018959120460194,0.0009190237925048504,547,803,256,3,4,4,4,3,460,596,352
683,0,102,1,927,926,0,8,1,401,400,0.0,3.4037918240920386e-05,1,401,400,4,-1,5,5,1,602,780,323
684,0,102,1,894,893,0,16,1,407,406,0.0,0.0004765308553728854,1,694,693,4,-1,5,8,0,415,757,97
685,14,14,535,535,0,38,38,485,485,0,0.0002042275094455223,0.0002042275094455223,564,564,0,-1,4,4,11,4,150,230,650
686,10,112,496,886,390,48,48,498,498,0,0.0002042275094455223,0.0005446066918547262,559,711,152,4,4,4,14,4,154,319,312
687,2,208,367,973,606,6,12,390,496,106,3.4037918240920386e-05,0.0005446066918547262,404,715,311,3,5,4,4,1,706,601,397
688,34,240,746,972,226,39,44,653,679,26,0.00037441710065012424,0.0012253650566731338,661,833,172,3,3,3,7,4,170,365,273
689,142,244,941,975,34,44,44,835,835,0,0.003165526396405596,0.003199564314646516,928,929,1,4,3,3,4,19,444,133,791
690,109,109,913,913,0,66,66,846,846,0,0.0025188059498281084,0.0025188059498281084,900,900,0,-1,3,3,6,22,387,128,228
691,0,206,1,967,966,0,12,1,427,426,0.0,0.00010211375472276115,1,481,480,3,-1,4,6,0,322,826,156
692,0,0,1,1,0,0,0,1,1,0,0.0,0.0,1,1,0,-1,-1,-1,6,0,98,858,698
693,0,102,1,927,926,0,4,1,397,396,0.0,0.0004765308553728854,1,699,698,4,-1,5,2,1,925,660,284
694,84,186,890,963,73,84,84,955,955,0,0.0026209197045508697,0.0026549576227917903,918,918,0,4,2,2,5,12,773,67,156
695,545,545,997,997,0,56,56,966,966,0,0.01674665577453283,0.01674665577453283,995,995,0,-1,2,2,2,98,589,23,822
696,60,162,885,967,82,52,52,974,974,0,0.0029612988869600733,0.0030293747234419145,934,935,1,4,2,2,3,6,674,194,648
697,183,284,962,975,13,84,84,945,945,0,0.0046972327172470135,0.0046972327172470135,958,958,0,5,2,2,5,27,571,69,842
698,0,0,1,1,0,0,0,1,1,0,0.0,0.0,1,1,0,-1,-1,-1,5,0,546,855,834
699,0,0,1,1,0,0,0,1,1,0,0.0,0.0,1,1,0,-1,-1,-1,5,0,848,760,922
700,0,206,1,961,960,0,17,1,431,430,0.0,0.0004765308553728854,1,702,701,3,-1,4,8,0,468,793,29
701,0,206,1,934,933,0,41,1,383,382,0.0,0.00013615167296368154,1,502,501,3,-1,4,23,0,15,737,392
702,0,0,1,1,0,0,0,1,1,0,0.0,0.0,1,1,0,-1,-1,-1,4,1,597,472,833
703,56,262,760,964,204,118,118,686,686,0,0.0007828721195411688,0.00088498587426393,762,775,13,3,3,3,19,8,38,250,536
704,1,207,333,975,642,3,10,333,516,183,0.0,0.0004765308553728854,1,707,706,3,6,4,3,1,639,540,340
705,74,74,900,900,0,32,32,889,889,0,0.0025188059498281084,0.0025188059498281084,916,916,0,-1,3,3,2,20,586,87,201
706,0,102,1,932,931,0,6,1,371,370,0.0,0.00010211375472276115,1,486,485,4,-1,5,5,0,580,988,958
707,2,618,369,999,630,4,20,370,767,397,0.0,0.0027911092957554717,1,919,918,2,5,3,3,2,774,663,174
708,41,41,741,741,0,68,68,588,588,0,0.0007488342013002485,0.0007488342013002485,758,758,0,-1,4,4,14,10,79,366,974
709,6,212,427,960,533,30,34,551,580,29,0.0002042275094455223,0.0004765308553728854,573,710,137,3,4,4,7,1,466,110,169
710,0,0,1,1,0,0,0,1,1,0,0.0,0.0,1,1,0,-1,-1,-1,19,0,48,803,573
711,0,102,1,921,920,0,8,1,414,413,0.0,0.0002723033459273631,1,615,614,4,-1,5,4,0,384,608,101
712,0,206,1,936,935,0,41,1,402,401,0.0,0.0002723033459273631,1,590,589,3,-1,4,22,0,55,766,809
713,18,224,675,972,297,24,24,694,694,0,0.0009190237925048504,0.0030974505599237552,807,929,122,3,4,4,4,6,885,114,56
714,16,16,531,531,0,62,62,547,547,0,0.0002723033459273631,0.0002723033459273631,611,611,0,-1,3,3,14,2,121,670,511
715,0,206,1,971,970,0,16,1,473,472,0.0,0.0009190237925048504,1,804,803,3,-1,4,6,0,373,843,62
716,422,628,994,999,5,56,56,983,983,0,0.017018959120460194,0.01776779332176044,995,995,0,3,2,2,2,83,734,10,415
717,0,0,1,1,0,0,0,1,1,0,0.0,0.0,1,1,0,-1,-1,-1,3,0,484,786,675
718,4,106,459,942,483,3,3,375,375,0,0.00010211375472276115,0.0002382654276864427,496,591,95,4,5,5,2,3,757,496,302
719,6,108,398,888,490,30,30,476,476,0,0.00030634126416828345,0.00034037918240920387,631,652,21,4,4,4,9,1,159,500,244
720,0,0,1,1,0,0,0,1,1,0,0.0,0.0,1,1,0,-1,-1,-1,3,0,901,542,372
721,2,104,374,946,572,4,4,412,412,0,0.0,0.0002723033459273631,1,632,631,4,5,5,2,1,983,421,295
722,0,0,1,1,0,0,0,1,1,0,0.0,0.0,1,1,0,-1,-1,-1,21,0,2,604,880
723,76,692,809,990,181,120,120,680,680,0,0.00034037918240920387,0.0006807583648184077,634,734,100,2,3,3,19,13,11,256,240
724,6,6,439,439,0,18,18,511,511,0,0.00010211375472276115,0.00010211375472276115,481,481,0,-1,4,4,5,1,667,958,910
725,0,206,1,956,955,0,26,1,507,506,0.0,0.00037441710065012424,1,651,650,3,-1,4,7,0,321,276,212
726,0,101,1,937,936,0,3,1,330,329,0.0,0.0,1,1,0,6,-1,7,3,0,590,889,540
727,2,104,350,875,525,18,20,369,376,7,0.0,0.0,1,1,0,4,5,5,14,3,181,484,580
728,10,111,588,939,351,10,10,502,502,0,0.00030634126416828345,0.00030634126416828345,628,628,0,7,4,4,3,6,912,247,582
729,0,102,1,911,910,0,11,1,401,400,0.0,0.00013615167296368154,1,527,526,4,-1,5,6,0,352,200,496
730,12,114,499,888,389,74,74,563,563,0,0.00030634126416828345,0.00030634126416828345,632,632,0,4,4,4,17,2,112,584,225
731,2,103,366,929,563,7,7,411,411,0,0.0,6.807583648184077e-05,1,454,453,5,5,5,4,1,597,449,534
732,60,266,774,952,178,202,202,835,835,0,0.0008169100377820892,0.0013615167296368155,748,839,91,3,3,3,22,6,55,289,92
733,0,102,1,894,893,0,12,1,367,366,0.0,0.0002042275094455223,1,581,580,4,-1,5,9,1,803,962,579
734,81,183,895,962,67,38,38,871,871,0,0.002110350930937064,0.0021784267674189047,888,891,3,4,3,3,3,16,743,113,631
735,33,135,820,960,140,18,18,733,733,0,0.0014295925661186562,0.001497668402600497,851,858,7,4,4,4,3,10,785,227,291
736,0,616,1,996,995,0,36,1,717,716,0.0,0.005241839409101739,1,961,960,2,-1,3,5,0,338,843,12
737,6,6,395,395,0,22,22,423,423,0,0.00017018959120460194,0.00017018959120460194,537,537,0,-1,4,4,9,1,351,666,793
738,20,226,631,963,332,36,44,538,582,44,0.00037441710065012424,0.0012934408931549745,666,832,166,3,4,4,8,5,231,562,109
739,11,11,617,617,0,12,12,588,588,0,0.0002042275094455223,0.0002042275094455223,559,559,0,-1,4,4,2,6,598,107,955
740,8,8,500,500,0,40,40,597,597,0,0.00010211375472276115,0.00010211375472276115,485,485,0,-1,4,4,8,3,350,300,817
741,6,107,485,941,456,8,8,500,500,0,0.0,0.0,1,1,0,5,4,4,2,1,779,506,679
742,4,4,399,399,0,10,10,371,371,0,0.0,0.0,1,1,0,-1,5,5,7,3,436,411,986
743,85,85,863,863,0,78,78,821,821,0,0.0018720855032506212,0.0018720855032506212,876,876,0,-1,3,3,8,18,297,147,977
744,7,7,638,638,0,4,4,508,508,0,0.0008169100377820892,0.0008169100377820892,795,795,0,-1,5,5,2,4,944,185,660
745,29,235,777,977,200,20,24,743,752,9,0.0007488342013002485,0.001055175465468532,766,814,48,3,3,3,3,8,651,204,365
746,22,228,751,976,225,12,12,586,586,0,0.00037441710065012424,0.002382654276864427,663,913,250,3,4,4,2,11,596,249,15
747,2,103,369,936,567,6,6,425,425,0,0.00010211375472276115,0.00010211375472276115,492,492,0,5,5,5,3,2,863,690,878
748,0,102,1,870,869,0,20,1,388,387,0.0,0.0004765308553728854,1,701,700,4,-1,5,11,0,307,991,177
749,352,558,991,996,5,72,72,972,972,0,0.010755982164130842,0.010960209673576363,985,986,1,3,2,2,3,75,484,24,363
750,6,108,429,909,480,12,12,416,416,0,3.4037918240920386e-05,3.4037918240920386e-05,400,400,0,4,4,4,6,2,356,495,799
751,92,92,841,841,0,120,120,683,683,0,0.0007147962830593281,0.0007147962830593281,732,732,0,-1,3,3,20,13,70,217,644
752,6,6,416,416,0,34,34,491,491,0,0.0002042275094455223,0.0002042275094455223,576,576,0,-1,4,4,11,1,174,840,909
753,93,299,917,983,66,54,54,921,921,0,0.002825147213996392,0.0036760951700194017,911,935,24,3,3,3,4,18,617,141,64
754,13,219,509,947,438,44,66,432,518,86,6.807583648184077e-05,0.0012253650566731338,448,819,371,3,4,4,17,3,6,580,125
755,0,0,1,1,0,0,0,1,1,0,0.0,0.0,1,1,0,-1,-1,-1,9,0,289,887,793
756,0,206,1,951,950,0,42,1,462,461,0.0,0.0004765308553728854,1,693,692,3,-1,4,15,0,32,790,306
757,112,318,923,981,58,50,50,813,813,0,0.0013274788113958951,0.0030293747234419145,854,924,70,3,3,3,5,24,665,129,61
758,85,85,921,921,0,32,32,907,907,0,0.002995336805200994,0.002995336805200994,930,930,0,-1,3,3,2,20,943,94,933
759,33,135,757,928,171,36,36,627,627,0,0.0002382654276864427,0.0002723033459273631,595,620,25,4,3,3,7,9,335,191,156
760,2,103,362,919,557,6,6,363,363,0,0.0,0.0,1,1,0,5,5,5,5,1,531,896,781
761,13,114,641,944,303,8,8,488,488,0,0.00017018959120460194,0.0005446066918547262,558,724,166,5,4,4,2,5,705,636,500
762,128,334,929,980,51,94,94,963,963,0,0.002995336805200994,0.005616256509751864,921,963,42,3,2,2,5,17,377,45,17
763,0,102,1,907,906,0,13,1,402,401,0.0,0.00010211375472276115,1,470,469,4,-1,5,8,0,442,754,252
764,2,103,367,922,555,6,6,377,377,0,3.4037918240920386e-05,6.807583648184077e-05,401,448,47,5,5,5,4,1,397,503,231
765,179,795,923,994,71,336,336,961,961,0,0.00353994349705572,0.0045270431260424114,931,943,12,2,2,2,22,18,55,141,296
766,18,224,673,975,302,12,12,623,623,0,0.0005105687736138058,0.004356853534837809,717,953,236,3,4,4,2,8,990,417,77
767,8,110,499,904,405,17,17,429,429,0,0.0002042275094455223,0.00034037918240920387,562,637,75,4,4,4,7,5,209,464,22
768,0,206,1,950,949,0,38,1,467,466,0.0,0.0002042275094455223,1,561,560,3,-1,4,13,0,228,651,187
769,38,38,748,748,0,62,62,697,697,0,0.00030634126416828345,0.00030634126416828345,626,626,0,-1,3,3,9,8,316,132,929
770,407,607,994,999,5,54,54,946,946,0,0.01327478811395895,0.014023622315259198,989,989,0,3,3,3,4,118,794,37,190
771,0,0,1,1,0,0,0,1,1,0,0.0,0.0,1,1,0,-1,-1,-1,4,0,516,937,952
772,44,250,710,959,249,174,178,767,778,11,0.0007488342013002485,0.0012934408931549745,754,831,77,3,3,3,22,4,33,333,224
773,18,18,685,685,0,26,26,748,748,0,0.0005446066918547262,0.0005446066918547262,725,725,0,-1,3,3,4,3,633,525,825
774,0,0,1,1,0,0,0,1,1,0,0.0,0.0,1,1,0,-1,-1,-1,8,1,595,780,228
775,10,10,548,548,0,22,22,488,488,0,0.00013615167296368154,0.00013615167296368154,518,518,0,-1,4,4,7,6,335,392,901
776,0,206,1,970,969,0,16,1,485,484,0.0,0.0006807583648184077,1,752,751,3,-1,4,4,0,671,868,415
777,124,226,954,976,22,12,12,612,612,0,0.003199564314646516,0.0032336022328874367,928,928,0,4,4,4,2,30,849,75,741
778,22,638,665,995,330,36,46,607,675,68,0.00030634126416828345,0.001497668402600497,638,850,212,2,4,3,6,6,378,368,589
779,20,20,704,704,0,38,38,885,885,0,0.00088498587426393,0.00088498587426393,792,792,0,-1,3,3,3,5,337,355,747
780,13,114,659,953,294,8,8,519,519,0,0.0002723033459273631,0.0004084550188910446,626,681,55,5,4,4,2,6,979,467,770
781,139,755,942,999,57,46,56,781,846,65,0.003199564314646516,0.004356853534837809,922,946,24,2,3,3,6,38,522,111,264
782,23,229,718,974,256,28,28,749,749,0,0.0005105687736138058,0.0006126825283365669,717,743,26,3,3,3,3,3,900,291,317
783,423,525,991,997,6,102,102,999,999,0,0.015487252799618776,0.015487252799618776,992,992,0,4,2,2,4,78,772,9,689
784,7,108,546,943,397,13,13,576,576,0,3.4037918240920386e-05,3.4037918240920386e-05,405,405,0,6,4,4,3,2,814,602,344
785,2,2,357,357,0,7,7,398,398,0,3.4037918240920386e-05,3.4037918240920386e-05,406,406,0,-1,5,5,4,2,753,575,971
786,6,622,410,995,585,20,42,467,641,174,3.4037918240920386e-05,0.0022465026039007454,403,895,492,2,4,3,6,1,157,618,91
787,0,206,1,970,969,0,12,1,488,487,0.0,0.0005786446100956465,1,722,721,3,-1,4,4,1,578,947,375
788,100,100,926,926,0,100,100,994,994,0,0.0368971033731577,0.036965179209639536,997,997,0,4,1,1,4,14,603,243,654
789,6,6,415,415,0,34,34,590,590,0,6.807583648184077e-05,6.807583648184077e-05,446,446,0,-1,4,4,7,1,170,797,892
790,34,135,816,956,140,24,24,790,790,0,0.001157289220191293,0.0013274788113958951,837,859,22,5,3,3,3,10,899,272,319
791,2,2,351,351,0,13,13,352,352,0,0.0,0.0,1,1,0,-1,5,5,12,1,252,763,995
792,6,6,433,433,0,26,26,580,580,0,0.00030634126416828345,0.00030634126416828345,613,613,0,-1,4,4,5,1,390,809,949
793,6,6,390,390,0,19,19,391,391,0,0.00017018959120460194,0.00017018959120460194,535,535,0,-1,5,5,10,4,285,398,426
794,0,206,1,969,968,0,16,1,546,545,0.0,0.0012253650566731338,1,827,826,3,-1,4,4,0,783,846,281
795,0,1640,1,1000,999,0,66,1,917,916,0.0,0.021954457265393648,1,994,993,1,-1,2,5,0,438,886,91
796,0,0,1,1,0,0,0,1,1,0,0.0,0.0,1,1,0,-1,-1,-1,3,0,615,758,942
797,0,206,1,956,955,0,22,1,437,436,0.0,0.00037441710065012424,1,652,651,3,-1,4,9,0,330,819,401
798,28,234,772,979,207,12,12,584,584,0,0.0009870996289866913,0.0012934408931549745,825,846,21,3,4,4,2,9,429,130,253
799,16,16,531,531,0,84,84,581,581,0,0.0002382654276864427,0.0002382654276864427,590,590,0,-1,3,3,17,1,39,809,632
800,0,0,1,1,0,0,0,1,1,0,0.0,0.0,1,1,0,-1,-1,-1,2,0,813,986,348
801,18,120,584,897,313,84,84,724,724,0,0.00010211375472276115,0.0002723033459273631,476,603,127,4,3,3,12,3,62,541,683
802,0,0,1,1,0,0,0,1,1,0,0.0,0.0,1,1,0,-1,-1,-1,7,0,482,669,533
803,28,28,736,736,0,32,32,720,720,0,0.0002723033459273631,0.0002723033459273631,620,620,0,-1,3,3,5,4,476,233,982
804,0,101,1,919,918,0,4,1,332,331,0.0,0.0,1,1,0,5,-1,6,4,0,741,665,885
805,0,0,1,1,0,0,0,1,1,0,0.0,0.0,1,1,0,-1,-1,-1,5,0,537,977,740
806,0,0,1,1,0,0,0,1,1,0,0.0,0.0,1,1,0,-1,-1,-1,2,3,666,882,951
807,7,7,486,486,0,29,29,446,446,0,3.4037918240920386e-05,3.4037918240920386e-05,404,404,0,-1,4,4,11,3,279,373,902
808,0,0,1,1,0,0,0,1,1,0,0.0,0.0,1,1,0,-1,-1,-1,6,0,98,713,583
809,0,206,1,950,949,0,45,1,460,459,0.0,0.00088498587426393,1,769,768,3,-1,4,18,0,29,871,366
810,0,102,1,948,947,0,5,1,411,410,0.0,0.0002723033459273631,1,625,624,4,-1,5,3,0,718,816,115
811,0,616,1,990,989,0,77,1,510,509,0.0,0.0008169100377820892,1,761,760,2,-1,3,21,1,25,568,113
812,0,206,1,974,973,0,12,1,611,610,0.0,0.003948398515946765,1,937,936,3,-1,4,2,0,849,937,77
813,0,101,1,894,893,0,8,1,332,331,0.0,3.4037918240920386e-05,1,398,397,5,-1,6,8,0,225,995,676
814,0,206,1,956,955,0,21,1,423,422,0.0,0.0006126825283365669,1,730,729,3,-1,4,9,0,330,923,252
815,14,14,572,572,0,38,38,639,639,0,0.0006807583648184077,0.0006807583648184077,746,746,0,-1,4,4,7,3,324,616,629
816,0,102,1,892,891,0,11,1,350,349,0.0,0.00010211375472276115,1,471,470,4,-1,5,10,0,169,515,124
817,0,101,1,974,973,0,2,1,330,329,0.0,0.00010211375472276115,1,495,494,5,-1,6,2,0,944,943,666
818,1,1,332,332,0,3,3,332,332,0,3.4037918240920386e-05,3.4037918240920386e-05,398,398,0,-1,6,6,3,1,731,603,740
819,0,206,1,971,970,0,13,1,479,478,0.0,0.0011913271384322134,1,826,825,3,-1,4,5,0,456,876,42
820,16,632,484,990,506,160,170,724,743,19,0.00030634126416828345,0.0010892133837094523,628,810,182,2,3,3,23,1,4,727,390
821,0,206,1,970,969,0,10,1,449,448,0.0,0.0007488342013002485,1,767,766,3,-1,4,3,1,808,738,155
822,0,206,1,990,989,0,8,1,651,650,0.0,0.0027911092957554717,1,925,924,3,-1,4,2,0,872,909,28
823,100,306,877,976,99,128,128,928,928,0,0.002144388849177984,0.002314578440382586,892,898,6,3,2,2,9,13,123,255,380
824,180,281,940,968,28,138,138,947,947,0,0.0028932230504782326,0.0028932230504782326,915,915,0,6,2,2,9,22,202,128,469
825,8,214,586,981,395,12,12,631,631,0,3.4037918240920386e-05,0.0007147962830593281,405,764,359,3,4,4,2,2,625,628,221
826,59,59,823,823,0,86,86,877,877,0,0.0013955546478777359,0.0013955546478777359,841,841,0,-1,2,2,7,8,374,257,784
827,9,9,556,556,0,11,11,447,447,0,3.4037918240920386e-05,3.4037918240920386e-05,408,408,0,-1,4,4,4,4,641,319,568
828,0,102,1,961,960,0,3,1,383,382,0.0,0.00030634126416828345,1,650,649,4,-1,5,2,0,799,888,391
829,125,125,945,945,0,38,38,842,842,0,0.0026209197045508697,0.0026209197045508697,921,921,0,-1,3,3,3,27,484,61,356
830,10,112,595,936,341,14,14,568,568,0,0.00037441710065012424,0.0004765308553728854,676,716,40,4,4,4,3,4,588,336,115
831,0,206,1,972,971,0,10,1,483,482,0.0,0.0008169100377820892,1,775,774,3,-1,4,3,0,923,729,183
832,0,0,1,1,0,0,0,1,1,0,0.0,0.0,1,1,0,-1,-1,-1,3,0,935,750,843
833,0,0,1,1,0,0,0,1,1,0,0.0,0.0,1,1,0,-1,-1,-1,7,0,182,977,456
834,0,102,1,936,935,0,6,1,426,425,0.0,0.0004765308553728854,1,706,705,4,-1,5,3,1,732,949,253
835,0,102,1,920,919,0,4,1,382,381,0.0,0.0002042275094455223,1,563,562,4,-1,5,2,0,909,951,199
836,163,369,946,984,38,94,94,949,949,0,0.0033357159876101976,0.0036760951700194017,932,939,7,3,2,2,5,34,474,89,280
837,12,218,538,963,425,19,29,475,538,63,6.807583648184077e-05,0.0005105687736138058,448,706,258,3,4,4,7,2,171,547,381
838,25,231,741,975,234,38,38,774,774,0,0.0005446066918547262,0.0013274788113958951,719,841,122,3,3,3,6,6,529,381,440
839,0,0,1,1,0,0,0,1,1,0,0.0,0.0,1,1,0,-1,-1,-1,3,0,535,914,587
840,181,797,966,999,33,60,70,905,943,38,0.0045270431260424114,0.008679669151434699,952,975,23,2,3,3,5,35,533,57,94
841,9,9,528,528,0,20,20,477,477,0,0.0002382654276864427,0.0002382654276864427,591,591,0,-1,4,4,6,5,255,722,502
842,2,618,360,998,638,4,24,361,739,378,3.4037918240920386e-05,0.0029612988869600733,402,920,518,2,5,3,3,3,626,466,63
843,0,101,1,944,943,0,3,1,331,330,0.0,6.807583648184077e-05,1,458,457,5,-1,6,3,0,902,932,576
844,34,135,748,931,183,68,68,793,793,0,0.00037441710065012424,0.00037441710065012424,667,667,0,6,3,3,8,5,365,338,703
845,0,101,1,959,958,0,3,1,330,329,0.0,3.4037918240920386e-05,1,398,397,5,-1,6,3,0,915,702,799
846,2,2,350,350,0,17,17,355,355,0,0.0,0.0,1,1,0,-1,5,5,15,1,37,924,911
847,0,206,1,969,968,0,19,1,499,498,0.0,0.0002042275094455223,1,576,575,3,-1,4,6,0,253,839,346
848,0,206,1,975,974,0,14,1,557,556,0.0,0.002552843868069029,1,917,916,3,-1,4,3,0,825,894,119
849,0,101,1,932,931,0,3,1,332,331,0.0,3.4037918240920386e-05,1,401,400,5,-1,6,3,0,791,966,311
850,8,110,483,898,415,22,22,439,439,0,0.00013615167296368154,0.00030634126416828345,507,620,113,4,4,4,9,2,262,579,785
851,0,206,1,976,975,0,12,1,596,595,0.0,0.007216038667075122,1,974,973,3,-1,4,2,0,771,903,1
852,0,0,1,1,0,0,0,1,1,0,0.0,0.0,1,1,0,-1,-1,-1,8,1,302,913,907
853,0,101,1,945,944,0,2,1,331,330,0.0,0.0,1,1,0,5,-1,6,2,0,998,732,721
854,50,151,869,968,99,12,12,680,680,0,0.0015317063208414173,0.0015317063208414173,868,868,0,6,4,4,2,18,957,64,582
855,6,212,444,971,527,12,36,432,711,279,0.0002382654276864427,0.006399128629293032,597,966,369,3,5,4,6,4,664,645,10
856,21,21,686,686,0,32,32,669,669,0,0.0002382654276864427,0.0002382654276864427,594,594,0,-1,4,4,6,6,373,199,638
857,0,616,1,993,992,0,52,1,714,713,0.0,0.006637394056979475,1,972,971,2,-1,3,7,0,714,817,6
858,21,21,657,657,0,44,44,615,615,0,0.00034037918240920387,0.00034037918240920387,663,663,0,-1,4,4,8,6,186,199,457
859,29,235,717,967,250,36,36,572,572,0,0.0005446066918547262,0.0006807583648184077,711,741,30,3,4,4,8,7,201,176,107
860,8,109,571,953,382,12,12,530,530,0,0.0002042275094455223,0.0002042275094455223,562,562,0,5,4,4,4,7,738,451,492
861,0,102,1,872,871,0,26,1,381,380,0.0,0.00010211375472276115,1,484,483,4,-1,5,16,0,42,930,317
862,148,354,935,980,45,106,106,938,938,0,0.004186663943633207,0.0045270431260424114,950,952,2,3,2,2,7,20,372,49,432
863,16,16,590,590,0,40,40,743,743,0,0.000442492937131965,0.000442492937131965,692,692,0,-1,3,3,5,1,537,809,754
864,3,3,468,468,0,4,4,391,391,0,0.00010211375472276115,0.00010211375472276115,493,493,0,-1,5,5,3,3,852,441,348
865,12,628,495,991,496,44,124,470,784,314,0.00010211375472276115,0.010245413390517035,478,976,498,2,4,3,14,2,85,579,23
866,0,102,1,898,897,0,10,1,391,390,0.0,0.00010211375472276115,1,480,479,4,-1,5,6,0,630,868,384
867,0,616,1,997,996,0,42,1,731,730,0.0,0.0063650907110521125,1,973,972,2,-1,3,6,1,515,235,6
868,23,125,683,925,242,30,30,641,641,0,0.000442492937131965,0.0006807583648184077,692,761,69,4,4,4,5,7,537,237,230
869,0,0,1,1,0,0,0,1,1,0,0.0,0.0,1,1,0,-1,-1,-1,3,0,861,845,973
870,24,24,732,732,0,46,46,834,834,0,0.0006126825283365669,0.0006126825283365669,740,740,0,-1,3,3,5,3,314,301,769
871,130,130,896,896,0,266,266,909,909,0,0.0028932230504782326,0.0028932230504782326,921,921,0,-1,2,2,22,14,33,84,529
872,34,240,756,972,216,52,52,743,743,0,0.0009870996289866913,0.0019061234214915416,799,876,77,3,3,3,7,6,505,377,116
873,6,6,442,442,0,18,18,528,528,0,0.00030634126416828345,0.00030634126416828345,628,628,0,-1,4,4,5,1,691,500,802
874,48,48,811,811,0,84,84,872,872,0,0.0010211375472276116,0.0010211375472276116,810,810,0,-1,3,3,8,4,365,326,951
875,12,114,651,960,309,8,8,539,539,0,0.00034037918240920387,0.0005105687736138058,651,705,54,4,4,4,2,4,809,40,381
876,26,128,750,946,196,18,18,617,617,0,0.0005446066918547262,0.0007147962830593281,719,764,45,4,4,4,3,11,621,249,319
877,0,0,1,1,0,0,0,1,1,0,0.0,0.0,1,1,0,-1,-1,-1,7,0,477,938,932
878,152,254,949,975,26,60,60,870,870,0,0.0034037918240920387,0.0035739814152966403,933,938,5,4,3,3,5,26,665,108,220
879,19,225,728,984,256,8,12,523,670,147,0.00037441710065012424,0.0008509479560230097,672,799,127,3,4,4,2,4,929,86,480
880,3,105,436,943,507,5,5,409,409,0,6.807583648184077e-05,0.00010211375472276115,455,486,31,4,5,5,3,2,879,749,555
881,2,2,365,365,0,6,6,373,373,0,3.4037918240920386e-05,3.4037918240920386e-05,401,401,0,-1,5,5,4,1,532,734,431
882,0,206,1,947,946,0,44,1,450,449,0.0,0.0002042275094455223,1,556,555,3,-1,4,16,0,59,970,134
883,106,208,941,976,35,28,28,801,801,0,0.0024166921951053475,0.002723033459273631,909,920,11,4,3,3,3,27,568,61,134
884,1,102,332,898,566,7,7,332,332,0,3.4037918240920386e-05,3.4037918240920386e-05,403,403,0,7,6,6,7,1,472,671,626
885,60,266,780,954,174,104,108,651,662,11,0.0005786446100956465,0.0008509479560230097,706,771,65,3,3,3,17,9,103,198,519
886,7,108,537,934,397,11,11,477,477,0,3.4037918240920386e-05,3.4037918240920386e-05,392,392,0,5,4,4,4,2,648,430,807
887,28,129,733,934,201,50,50,837,837,0,0.00088498587426393,0.0009190237925048504,787,795,8,5,3,3,5,5,290,221,537
888,48,150,791,925,134,78,78,752,752,0,0.0009870996289866913,0.001599782157323258,786,856,70,4,3,3,11,9,333,245,284
889,0,102,1,938,937,0,6,1,419,418,0.0,0.0004084550188910446,1,676,675,4,-1,5,3,0,903,768,191
890,0,206,1,969,968,0,14,1,557,556,0.0,0.0014295925661186562,1,859,858,3,-1,4,3,0,726,986,129
891,0,616,1,994,993,0,38,1,542,541,0.0,0.0010892133837094523,1,804,803,2,-1,3,10,0,258,955,161
892,6,6,458,458,0,17,17,530,530,0,6.807583648184077e-05,6.807583648184077e-05,456,456,0,-1,4,4,5,1,456,577,750
893,0,616,1,999,998,0,20,1,796,795,0.0,0.005071649817897137,1,963,962,2,-1,3,3,0,867,926,20
894,96,196,963,987,24,22,22,905,905,0,0.00442492937131965,0.00527587732734266,954,961,7,4,3,3,2,38,898,111,243
895,46,252,819,976,157,50,50,847,847,0,0.0011232513019503727,0.00176997174852786,819,875,56,3,3,3,5,9,691,212,273
896,0,0,1,1,0,0,0,1,1,0,0.0,0.0,1,1,0,-1,-1,-1,2,0,807,821,693
897,4,4,415,415,0,7,7,385,385,0,0.0,0.0,1,1,0,-1,5,5,4,2,759,244,773
898,40,142,798,937,139,28,28,690,690,0,0.0007488342013002485,0.00088498587426393,771,796,25,4,3,3,3,7,634,218,613
899,100,100,876,876,0,100,100,899,899,0,0.021614078082984444,0.021614078082984444,994,994,0,4,1,1,8,57,218,50,575
900,333,433,981,986,5,142,142,975,975,0,0.005582218591510943,0.005582218591510943,962,962,0,5,2,2,8,61,257,14,842
901,0,102,1,919,918,0,7,1,384,383,0.0,6.807583648184077e-05,1,440,439,4,-1,5,4,0,709,974,260
902,8,8,502,502,0,17,17,432,432,0,3.4037918240920386e-05,3.4037918240920386e-05,408,408,0,-1,4,4,8,2,468,430,445
903,422,523,997,997,0,22,22,893,893,0,0.011164437183021887,0.011198475101262807,987,987,0,5,3,3,2,96,283,1,555
904,2,208,349,952,603,24,42,396,488,92,0.0,0.0002042275094455223,1,553,552,3,5,4,13,1,160,606,222
905,2,2,357,357,0,9,9,373,373,0,0.0,0.0,1,1,0,-1,5,5,6,2,560,320,949
906,36,1676,731,1000,269,126,170,888,957,69,0.0008509479560230097,0.012219612648490419,783,983,200,1,3,2,11,4,230,125,146
907,10,112,570,924,354,16,16,468,468,0,0.00010211375472276115,0.00013615167296368154,479,508,29,4,4,4,6,4,253,625,581
908,16,632,695,1000,305,16,30,622,840,218,0.0002042275094455223,0.010177337554035196,562,982,420,2,4,3,4,6,738,435,0
909,183,799,952,999,47,104,114,890,922,32,0.003437829742332959,0.00439089145307873,936,954,18,2,3,3,9,28,394,44,612
910,0,102,1,916,915,0,6,1,400,399,0.0,0.00037441710065012424,1,659,658,4,-1,5,3,0,687,665,366
911,78,180,844,938,94,96,96,769,769,0,0.0010211375472276116,0.0010211375472276116,808,808,0,4,3,3,11,15,227,219,878
912,36,652,668,990,322,172,182,747,772,25,0.0005105687736138058,0.0016678579938050988,691,851,160,2,3,3,23,4,43,557,45
913,54,54,815,815,0,60,60,713,713,0,0.0006126825283365669,0.0006126825283365669,730,730,0,-1,3,3,9,13,289,217,472
914,0,0,1,1,0,0,0,1,1,0,0.0,0.0,1,1,0,-1,-1,-1,4,0,610,923,783
915,248,350,982,993,11,38,38,935,935,0,0.007692569522448007,0.008135062459579971,973,976,3,4,3,3,3,62,840,70,272
916,0,102,1,889,888,0,10,1,370,369,0.0,6.807583648184077e-05,1,445,444,4,-1,5,8,0,236,702,401
917,0,0,1,1,0,0,0,1,1,0,0.0,0.0,1,1,0,-1,-1,-1,2,0,715,774,644
918,0,0,1,1,0,0,0,1,1,0,0.0,0.0,1,1,0,-1,-1,-1,2,1,859,874,715
919,19,19,688,688,0,30,30,725,725,0,0.0004765308553728854,0.0004765308553728854,695,695,0,-1,4,4,5,4,908,267,996
920,0,102,1,920,919,0,5,1,356,355,0.0,0.00013615167296368154,1,525,524,4,-1,5,4,1,755,949,687
921,0,616,1,997,996,0,23,1,639,638,0.0,0.0013615167296368155,1,842,841,2,-1,3,5,1,848,779,354
922,6,108,453,921,468,9,10,464,469,5,0.00010211375472276115,0.00030634126416828345,491,636,145,4,4,4,3,1,743,837,336
923,53,155,890,973,83,22,22,863,863,0,0.002586881786309949,0.0026889955410327104,914,920,6,4,3,3,2,15,715,158,450
924,0,206,1,969,968,0,13,1,466,465,0.0,0.00030634126416828345,1,629,628,3,-1,4,5,0,662,969,351
925,9,9,613,613,0,12,12,671,671,0,0.00030634126416828345,0.00030634126416828345,643,643,0,-1,4,4,2,4,998,230,978
926,5,107,603,979,376,4,4,546,546,0,0.00010211375472276115,0.0007488342013002485,509,789,280,4,5,5,2,6,952,435,189
927,31,133,824,961,137,12,12,653,653,0,0.001157289220191293,0.0012253650566731338,849,854,5,4,4,4,2,6,975,397,260
928,6,212,392,945,553,60,68,530,562,32,0.0002042275094455223,0.0004084550188910446,558,667,109,3,4,4,16,4,72,409,697
929,4,106,419,916,497,10,10,419,419,0,0.00013615167296368154,0.00013615167296368154,516,516,0,4,5,5,5,5,396,401,531
930,5,211,446,971,525,10,18,432,527,95,6.807583648184077e-05,0.0009190237925048504,443,802,359,3,5,4,5,3,533,347,471
931,0,102,1,941,940,0,5,1,370,369,0.0,3.4037918240920386e-05,1,403,402,4,-1,5,4,0,789,971,869
932,0,206,1,985,984,0,7,1,585,584,0.0,0.0002723033459273631,1,624,623,3,-1,4,2,0,968,848,282
933,34,34,761,761,0,42,42,693,693,0,0.0002382654276864427,0.0002382654276864427,592,592,0,-1,3,3,6,6,352,435,790
934,6,6,474,474,0,4,4,407,407,0,6.807583648184077e-05,6.807583648184077e-05,443,443,0,-1,5,5,2,7,943,451,686
935,8,110,592,955,363,8,8,544,544,0,6.807583648184077e-05,0.00010211375472276115,461,503,42,4,4,4,2,2,781,251,759
936,36,242,791,975,184,42,42,754,754,0,0.00088498587426393,0.0014636304843595766,794,845,51,3,3,3,6,4,494,185,103
937,67,273,870,980,110,50,50,844,844,0,0.0012594029749140542,0.00176997174852786,830,871,41,3,3,3,5,8,534,177,175
938,6,108,487,947,460,9,9,516,516,0,0.0002042275094455223,0.00037441710065012424,588,668,80,4,4,4,3,4,867,409,270
939,30,646,723,997,274,44,58,705,788,83,0.0007828721195411688,0.003608019333537561,772,931,159,2,3,3,7,4,362,40,199
940,0,0,1,1,0,0,0,1,1,0,0.0,0.0,1,1,0,-1,-1,-1,2,0,907,898,966
941,137,239,933,969,36,62,62,789,789,0,0.002825147213996392,0.0028932230504782326,924,927,3,4,3,3,7,27,171,61,149
942,31,237,775,974,199,26,26,649,649,0,0.0004084550188910446,0.0006126825283365669,677,747,70,3,4,4,5,11,533,162,727
943,0,206,1,952,951,0,21,1,392,391,0.0,0.0002042275094455223,1,560,559,3,-1,4,12,1,212,780,770
944,0,102,1,904,903,0,7,1,374,373,0.0,6.807583648184077e-05,1,453,452,4,-1,5,5,0,474,600,244
945,2,208,353,954,601,10,25,372,494,122,0.0,0.000442492937131965,1,672,671,3,5,4,7,2,447,679,827
946,2,208,364,971,607,8,12,422,480,58,6.807583648184077e-05,0.0006467204465774873,441,754,313,3,5,4,4,2,424,215,427
947,40,246,734,961,227,108,112,805,808,3,0.0007828721195411688,0.00088498587426393,756,772,16,3,3,3,12,4,143,267,443
948,2,208,355,972,617,7,20,388,578,190,0.00010211375472276115,0.002110350930937064,481,893,412,3,5,4,4,3,700,466,13
949,28,28,745,745,0,36,36,743,743,0,0.0006126825283365669,0.0006126825283365669,737,737,0,-1,3,3,5,5,478,636,564
950,0,101,1,942,941,0,2,1,330,329,0.0,3.4037918240920386e-05,1,416,415,5,-1,6,2,0,802,916,481
951,24,230,757,979,222,12,12,608,608,0,0.00030634126416828345,0.0025188059498281084,648,914,266,3,4,4,2,6,904,136,47
952,223,839,976,1000,24,32,32,916,916,0,0.006875659484665918,0.01409169815174104,974,992,18,2,3,3,2,49,849,16,5
953,0,1640,1,1000,999,0,50,1,812,811,0.0,0.017018959120460194,1,992,991,1,-1,2,6,0,237,324,175
954,45,251,720,951,231,188,188,790,790,0,0.0006807583648184077,0.0007488342013002485,733,746,13,3,3,3,23,5,43,216,110
955,0,101,1,922,921,0,6,1,332,331,0.0,0.0,1,1,0,5,-1,6,6,0,594,965,885
956,0,206,1,972,971,0,17,1,522,521,0.0,0.0005786446100956465,1,728,727,3,-1,4,5,0,795,855,185
957,483,585,988,991,3,222,222,973,973,0,0.007420266176520644,0.007420266176520644,972,972,0,4,2,2,13,59,97,5,476
958,0,102,1,901,900,0,9,1,351,350,0.0,6.807583648184077e-05,1,442,441,4,-1,5,8,0,201,910,231
959,32,32,846,846,0,22,22,909,909,0,0.002110350930937064,0.002110350930937064,902,902,0,-1,3,3,2,6,981,73,672
960,84,290,921,988,67,46,46,975,975,0,0.012117498893767658,0.014840532353041287,988,992,4,3,2,2,2,18,988,147,126
961,46,46,831,831,0,44,44,846,846,0,0.0015657442390823377,0.0015657442390823377,863,863,0,-1,3,3,4,8,559,174,695
962,56,56,791,791,0,134,134,861,861,0,0.0005786446100956465,0.0005786446100956465,725,725,0,-1,2,2,13,2,228,827,909
963,2,2,345,345,0,17,17,345,345,0,0.0,0.0,1,1,0,-1,5,5,16,1,195,621,921
964,706,806,993,995,2,408,408,987,987,0,0.007794683277170768,0.008066986623098132,967,969,2,4,2,2,21,81,74,32,229
965,8,8,527,527,0,14,14,555,555,0,0.00030634126416828345,0.00030634126416828345,625,625,0,-1,4,4,3,2,839,363,641
966,2,2,359,359,0,10,10,389,389,0,0.00010211375472276115,0.00010211375472276115,493,493,0,-1,5,5,6,1,402,931,982
967,22,228,582,947,365,130,130,665,665,0,0.00030634126416828345,0.0004765308553728854,629,687,58,3,3,3,22,2,22,465,450
968,0,616,1,993,992,0,86,1,725,724,0.0,0.005616256509751864,1,962,961,2,-1,3,11,0,167,696,24
969,161,161,966,966,0,44,44,909,909,0,0.003982436434187685,0.003982436434187685,939,939,0,-1,3,3,4,37,679,74,635
970,164,370,926,980,54,238,238,971,971,0,0.0033357159876101976,0.0036760951700194017,926,935,9,3,2,2,14,12,108,104,579
971,6,107,441,926,485,12,12,485,485,0,0.0,0.0,1,1,0,6,4,4,4,1,559,531,621
972,5,211,418,961,543,16,26,397,475,78,6.807583648184077e-05,0.0002382654276864427,440,591,151,3,5,4,9,4,367,581,237
973,46,147,855,969,114,22,22,820,820,0,0.0016678579938050988,0.0016678579938050988,878,878,0,6,3,3,2,13,896,340,590
974,24,126,775,957,182,10,10,519,519,0,0.0007488342013002485,0.0012594029749140542,768,844,76,4,4,4,3,10,708,413,475
975,2,208,370,972,602,4,12,406,607,201,0.0,0.002757071377514551,1,921,920,3,5,4,2,2,931,325,75
976,16,16,607,607,0,40,40,729,729,0,0.000442492937131965,0.000442492937131965,696,696,0,-1,3,3,5,1,531,80,823
977,0,102,1,951,950,0,6,1,443,442,0.0,0.0019741992579733825,1,892,891,4,-1,5,3,2,584,271,108
978,6,6,498,498,0,14,14,594,594,0,0.0002382654276864427,0.0002382654276864427,600,600,0,-1,4,4,3,1,708,282,967
979,38,654,746,992,246,76,90,795,830,35,0.0006126825283365669,0.0020763130126961434,744,886,142,2,3,3,9,4,274,622,36
980,23,229,741,975,234,20,20,632,632,0,0.0005105687736138058,0.0017359338302869397,715,873,158,3,4,4,4,7,581,329,219
981,2,103,358,908,550,7,7,359,359,0,3.4037918240920386e-05,3.4037918240920386e-05,398,398,0,5,5,5,6,2,441,739,582
982,0,102,1,884,883,0,9,1,374,373,0.0,0.00013615167296368154,1,525,524,4,-1,5,6,0,425,991,341
983,25,25,745,745,0,12,12,692,692,0,0.0004084550188910446,0.0004084550188910446,688,688,0,-1,4,4,2,6,932,376,834
984,0,101,1,897,896,0,6,1,332,331,0.0,0.0,1,1,0,5,-1,6,6,0,368,698,605
985,2,104,343,867,524,21,22,343,350,7,0.0,6.807583648184077e-05,1,438,437,4,5,5,20,2,5,344,807
986,110,726,886,993,107,146,156,815,835,20,0.0016678579938050988,0.0025188059498281084,863,903,40,2,3,3,16,17,26,269,219
987,82,82,807,807,0,302,302,925,925,0,0.0011232513019503727,0.0011232513019503727,809,809,0,-1,2,2,23,8,15,497,624
988,0,616,1,998,997,0,28,1,793,792,0.0,0.009054086252084823,1,978,977,2,-1,3,3,0,337,826,23
989,6,6,437,437,0,22,22,559,559,0,0.00030634126416828345,0.00030634126416828345,632,632,0,-1,4,4,5,2,326,785,738
990,6,108,375,869,494,54,54,416,416,0,0.0,0.0,1,1,0,4,4,4,23,1,8,878,503
991,82,82,834,834,0,182,182,900,900,0,0.0013615167296368155,0.0013615167296368155,833,833,0,-1,3,3,16,12,195,179,696
992,0,102,1,948,947,0,6,1,448,447,0.0,0.002757071377514551,1,914,913,4,-1,5,3,1,854,841,126
993,6,212,487,980,493,10,10,547,547,0,0.0002723033459273631,0.001157289220191293,627,825,198,3,4,4,3,1,867,452,403
994,57,158,889,971,82,22,22,822,822,0,0.0021784267674189047,0.0022465026039007454,908,913,5,5,3,3,2,19,975,297,401
995,0,206,1,966,965,0,12,1,446,445,0.0,0.00030634126416828345,1,617,616,3,-1,4,5,0,457,858,454
996,36,138,800,954,154,30,30,771,771,0,0.0005105687736138058,0.0006126825283365669,707,739,32,4,3,3,4,6,511,194,46
997,0,102,1,904,903,0,11,1,400,399,0.0,6.807583648184077e-05,1,447,446,4,-1,5,6,0,345,649,474
998,23,229,775,982,207,14,14,625,625,0,0.0005105687736138058,0.003369753905851118,712,936,224,3,4,4,3,9,654,391,57
999,48,48,802,802,0,66,66,825,825,0,0.0008169100377820892,0.0008169100377820892,777,777,0,-1,3,3,6,5,425,221,768
