,FreeNet_pre_score,FreeNet_post_score,FreeNet_pre_rank,FreeNet_post_rank,FreeNet_delta_ranks,Reversed_pre_score,Reversed_post_score,Reversed_pre_rank,Reversed_post_rank,Reversed_delta_ranks,Random_pre_score,Random_post_score,Random_pre_rank,Random_post_rank,Random_delta_ranks,dist_victim_relayer,dist_victim_vilain_pre,dist_victim_vilain_post,out_deg_victim,in_deg_villain,victim,villain,relayer
0,0,0,1,1,0,0,0,1,1,0,0.0,0.0,1,1,0,-1,-1,-1,2,0,985,205,730
1,0,101,1,932,931,0,3,1,331,330,0.0,0.00010211375472276115,1,483,482,5,-1,6,3,0,823,588,749
2,0,206,1,963,962,0,21,1,481,480,0.0,0.0005105687736138058,1,711,710,3,-1,4,7,0,329,701,120
3,0,102,1,937,936,0,4,1,400,399,0.0,0.0012253650566731338,1,837,836,4,-1,5,2,0,689,953,63
4,0,102,1,946,945,0,4,1,416,415,0.0,0.0006467204465774873,1,744,743,4,-1,5,2,0,618,367,264
5,36,36,784,784,0,56,56,833,833,0,0.0015317063208414173,0.0015317063208414173,856,856,0,-1,3,3,6,8,465,174,783
6,28,129,755,942,187,38,38,738,738,0,0.0006807583648184077,0.0007147962830593281,749,754,5,5,3,3,6,6,494,376,654
7,45,147,875,972,97,12,12,746,746,0,0.0020763130126961434,0.0024166921951053475,893,912,19,4,4,4,2,19,799,144,245
8,0,102,1,932,931,0,6,1,424,423,0.0,0.0005786446100956465,1,733,732,4,-1,5,3,0,844,858,243
9,22,638,641,994,353,50,86,595,811,216,0.0005786446100956465,0.011606930120153852,715,983,268,2,3,3,10,2,259,524,23
10,234,335,979,986,7,92,92,989,989,0,0.00793083495013445,0.00796487286837537,975,975,0,5,2,2,4,54,562,28,595
11,0,206,1,980,979,0,13,1,614,613,0.0,0.0007828721195411688,1,774,773,3,-1,4,3,0,485,967,418
12,28,234,689,961,272,47,56,610,652,42,0.00013615167296368154,0.0008169100377820892,514,773,259,3,3,3,9,3,192,596,612
13,0,101,1,953,952,0,2,1,331,330,0.0,0.0,1,1,0,5,-1,6,2,1,914,568,679
14,38,140,756,929,173,86,86,866,866,0,0.0004084550188910446,0.0005446066918547262,667,709,42,4,3,3,9,3,395,318,510
15,4,210,440,974,534,5,10,384,472,88,0.0,0.0002723033459273631,1,611,610,3,5,4,3,3,626,585,619
16,89,295,896,979,83,28,28,729,729,0,0.0023486163586235067,0.0024166921951053475,902,906,4,3,3,3,3,22,725,128,447
17,0,101,1,903,902,0,4,1,332,331,0.0,0.0,1,1,0,6,-1,7,4,0,567,846,540
18,0,0,1,1,0,0,0,1,1,0,0.0,0.0,1,1,0,-1,-1,-1,5,0,599,952,758
19,0,102,1,906,905,0,7,1,367,366,0.0,0.00010211375472276115,1,490,489,4,-1,5,5,0,392,760,711
20,9,111,564,935,371,12,12,481,481,0,0.00013615167296368154,0.0002382654276864427,514,575,61,4,4,4,4,3,424,536,156
21,0,0,1,1,0,0,0,1,1,0,0.0,0.0,1,1,0,-1,-1,-1,10,1,204,895,833
22,8,110,499,904,405,17,17,429,429,0,0.00010211375472276115,0.0002042275094455223,475,560,85,4,4,4,7,2,209,749,661
23,86,86,874,874,0,100,100,942,942,0,0.0030974505599237552,0.0030974505599237552,926,926,0,-1,2,2,6,6,432,73,995
24,0,206,1,964,963,0,23,1,471,470,0.0,0.00030634126416828345,1,631,630,3,-1,4,8,1,371,705,283
25,128,328,915,976,61,108,108,915,915,0,0.0022465026039007454,0.0026889955410327104,896,915,19,3,3,3,8,27,197,304,229
26,12,113,537,922,385,32,32,558,558,0,0.0005105687736138058,0.0005786446100956465,717,727,10,5,4,4,8,2,468,524,383
27,6,212,385,947,562,54,59,475,490,15,6.807583648184077e-05,0.0002723033459273631,442,605,163,3,4,4,18,2,34,492,90
28,18,224,543,941,398,84,88,507,510,3,0.0002042275094455223,0.0004084550188910446,553,664,111,3,4,4,22,3,18,347,609
29,40,246,685,949,264,178,178,780,780,0,0.00037441710065012424,0.0004084550188910446,652,662,10,3,3,3,21,4,74,86,609
30,2,104,366,927,561,4,4,383,383,0,0.0002042275094455223,0.00037441710065012424,571,665,94,4,5,5,2,2,971,492,258
31,0,101,1,886,885,0,11,1,331,330,0.0,0.0,1,1,0,7,-1,8,11,0,224,673,582
32,40,246,845,983,138,28,28,832,832,0,0.001055175465468532,0.0013615167296368155,823,850,27,3,3,3,3,14,708,387,827
33,26,26,778,778,0,12,12,606,606,0,0.0007488342013002485,0.0007488342013002485,772,772,0,-1,4,4,2,10,970,195,963
34,204,204,956,956,0,144,144,962,962,0,0.004595118962524252,0.004595118962524252,952,952,0,-1,3,3,9,29,276,142,732
35,580,580,989,989,0,260,260,969,969,0,0.00881582082439838,0.00881582082439838,971,971,0,-1,2,2,16,75,145,24,643
36,38,139,758,922,164,54,54,689,689,0,0.00037441710065012424,0.00037441710065012424,660,660,0,7,4,4,9,11,250,316,663
37,0,102,1,915,914,0,9,1,386,385,0.0,6.807583648184077e-05,1,450,449,4,-1,5,6,0,399,698,474
38,230,436,963,983,20,154,154,942,942,0,0.004833384390210695,0.005071649817897137,954,956,2,3,2,2,10,25,149,105,150
39,0,102,1,893,892,0,10,1,365,364,0.0,0.0,1,1,0,4,-1,5,8,0,428,359,576
40,174,174,956,956,0,88,88,958,958,0,0.00527587732734266,0.00527587732734266,965,965,0,-1,2,2,4,26,493,108,957
41,212,212,948,948,0,230,230,940,940,0,0.0037441710065012424,0.0037441710065012424,936,936,0,-1,2,2,16,20,117,38,533
42,0,206,1,971,970,0,8,1,463,462,0.0,0.0004084550188910446,1,673,672,3,-1,4,2,0,909,975,145
43,0,206,1,956,955,0,26,1,466,465,0.0,0.0005446066918547262,1,725,724,3,-1,4,9,0,803,777,155
44,0,102,1,913,912,0,5,1,360,359,0.0,6.807583648184077e-05,1,448,447,4,-1,5,4,0,711,668,347
45,0,0,1,1,0,0,0,1,1,0,0.0,0.0,1,1,0,-1,-1,-1,5,0,382,991,498
46,6,6,411,411,0,52,52,558,558,0,0.0002042275094455223,0.0002042275094455223,564,564,0,-1,4,4,12,1,106,809,994
47,0,102,1,903,902,0,8,1,365,364,0.0,3.4037918240920386e-05,1,403,402,4,-1,5,6,0,624,995,215
48,0,0,1,1,0,0,0,1,1,0,0.0,0.0,1,1,0,-1,-1,-1,19,0,38,967,943
49,17,223,656,971,315,24,24,714,714,0,0.00017018959120460194,0.0011232513019503727,556,829,273,3,3,3,3,4,737,305,207
50,12,12,478,478,0,76,76,492,492,0,0.00017018959120460194,0.00017018959120460194,530,530,0,-1,4,4,22,2,33,408,951
51,0,206,1,945,944,0,50,1,484,483,0.0,0.0004084550188910446,1,652,651,3,-1,4,16,1,50,573,535
52,6,6,519,519,0,8,8,550,550,0,0.00034037918240920387,0.00034037918240920387,650,650,0,-1,4,4,2,2,946,785,816
53,12,12,679,679,0,8,8,562,562,0,0.00034037918240920387,0.00034037918240920387,674,674,0,-1,4,4,2,6,994,258,933
54,19,121,614,900,286,50,50,548,548,0,3.4037918240920386e-05,0.0002042275094455223,404,556,152,4,3,3,12,3,143,580,958
55,0,101,1,861,860,0,23,1,332,331,0.0,0.0,1,1,0,6,-1,7,23,0,57,980,344
56,20,226,636,961,325,30,34,520,553,33,0.00030634126416828345,0.0018380475850097008,637,875,238,3,4,4,7,6,372,424,128
57,0,101,1,942,941,0,2,1,331,330,0.0,3.4037918240920386e-05,1,401,400,5,-1,6,2,0,983,750,602
58,682,682,996,996,0,192,192,994,994,0,0.0123557643214541,0.0123557643214541,983,983,0,-1,2,2,9,96,166,1,457
59,0,0,1,1,0,0,0,1,1,0,0.0,0.0,1,1,0,-1,-1,-1,7,0,296,796,921
60,5,107,466,944,478,6,6,430,430,0,6.807583648184077e-05,6.807583648184077e-05,449,449,0,4,5,5,3,3,628,369,406
61,12,113,513,900,387,38,38,555,555,0,0.0002723033459273631,0.0002723033459273631,608,608,0,5,4,4,9,2,178,697,924
62,14,14,509,509,0,51,51,478,478,0,6.807583648184077e-05,6.807583648184077e-05,442,442,0,-1,4,4,16,3,151,347,472
63,45,45,814,814,0,40,40,743,743,0,0.0009870996289866913,0.0009870996289866913,806,806,0,-1,3,3,5,10,537,195,801
64,0,206,1,967,966,0,13,1,445,444,0.0,0.0009530617107457708,1,813,812,3,-1,4,5,0,665,981,118
65,6,212,454,975,521,8,8,462,462,0,0.00010211375472276115,0.001055175465468532,485,825,340,3,4,4,2,1,763,797,281
66,59,59,833,833,0,68,68,796,796,0,0.0009190237925048504,0.0009190237925048504,789,789,0,-1,3,3,8,10,302,405,200
67,0,0,1,1,0,0,0,1,1,0,0.0,0.0,1,1,0,-1,-1,-1,16,0,72,851,953
68,0,206,1,972,971,0,24,1,631,630,0.0,0.002212464685659825,1,899,898,3,-1,4,4,0,700,731,35
69,45,251,842,981,139,12,12,627,627,0,0.0011913271384322134,0.002723033459273631,833,914,81,3,4,4,2,17,993,213,180
70,12,114,663,964,301,13,14,702,735,33,0.00030634126416828345,0.0015657442390823377,642,862,220,4,4,4,3,5,918,636,42
71,134,236,910,956,46,190,190,915,915,0,0.0027911092957554717,0.0028591851322373124,914,916,2,4,2,2,16,12,60,58,319
72,0,206,1,965,964,0,20,1,492,491,0.0,0.0008509479560230097,1,792,791,3,-1,4,6,0,489,820,45
73,0,206,1,961,960,0,21,1,481,480,0.0,0.00034037918240920387,1,636,635,3,-1,4,7,0,170,946,212
74,74,280,809,962,153,256,256,897,897,0,0.0018380475850097008,0.0019741992579733825,878,887,9,3,2,2,22,4,33,185,354
75,128,744,921,997,76,76,86,852,892,40,0.0019741992579733825,0.003642057251778481,891,943,52,2,3,3,6,20,312,49,183
76,6,6,497,497,0,8,8,525,525,0,0.00010211375472276115,0.00010211375472276115,497,497,0,-1,4,4,2,1,895,666,633
77,0,101,1,963,962,0,2,1,332,331,0.0,0.0,1,1,0,6,-1,7,2,0,749,987,344
78,6,108,442,918,476,14,14,459,459,0,6.807583648184077e-05,6.807583648184077e-05,451,451,0,4,4,4,5,1,382,870,648
79,73,279,886,980,94,44,44,872,872,0,0.0024166921951053475,0.006467204465774873,901,970,69,3,3,3,4,17,891,85,9
80,0,102,1,878,877,0,19,1,356,355,0.0,6.807583648184077e-05,1,440,439,4,-1,5,17,0,56,802,481
81,114,1754,915,1000,85,82,116,880,960,80,0.0026549576227917903,0.01681473161101467,915,990,75,1,3,2,7,12,343,58,113
82,5,211,531,988,457,4,8,487,598,111,0.00010211375472276115,0.002484768031587188,495,922,427,3,5,4,2,7,981,451,41
83,56,56,787,787,0,136,136,809,809,0,0.0005786446100956465,0.0005786446100956465,719,719,0,-1,3,3,16,6,60,289,790
84,0,0,1,1,0,0,0,1,1,0,0.0,0.0,1,1,0,-1,-1,-1,3,0,923,996,744
85,6,212,475,975,500,8,8,485,485,0,0.00010211375472276115,0.0024166921951053475,499,914,415,3,4,4,2,2,804,652,108
86,42,248,691,952,261,190,190,693,693,0,0.00034037918240920387,0.0006126825283365669,628,718,90,3,2,2,30,2,7,363,316
87,26,232,656,953,297,60,60,576,576,0,0.00017018959120460194,0.0007828721195411688,539,759,220,3,3,3,13,5,91,350,272
88,6,212,414,963,549,20,25,430,467,37,0.00017018959120460194,0.00037441710065012424,542,649,107,3,4,4,9,2,394,805,505
89,8,109,593,951,358,12,12,661,661,0,0.00034037918240920387,0.00034037918240920387,662,662,0,6,4,4,2,2,940,101,578
90,44,660,744,992,248,120,124,793,800,7,0.0005446066918547262,0.0017018959120460194,714,870,156,2,3,3,14,6,144,461,296
91,0,102,1,940,939,0,4,1,418,417,0.0,0.00017018959120460194,1,556,555,4,-1,5,2,0,980,880,480
92,0,102,1,869,868,0,24,1,386,385,0.0,6.807583648184077e-05,1,451,450,4,-1,5,14,2,203,709,424
93,165,165,954,954,0,70,70,913,913,0,0.003437829742332959,0.003437829742332959,930,930,0,-1,3,3,5,27,392,61,945
94,4,620,419,996,577,12,42,430,706,276,0.0,0.0029612988869600733,1,920,919,2,5,3,6,5,266,476,39
95,43,43,755,755,0,90,90,787,787,0,0.0005786446100956465,0.0005786446100956465,727,727,0,-1,3,3,10,7,298,329,957
96,24,24,626,626,0,132,132,774,774,0,0.0008169100377820892,0.0008169100377820892,760,760,0,-1,3,3,16,3,26,390,988
97,0,101,1,921,920,0,5,1,332,331,0.0,0.0002382654276864427,1,595,594,5,-1,6,5,0,612,917,279
98,77,283,855,976,121,102,102,905,905,0,0.002144388849177984,0.009530617107457708,898,978,80,3,2,2,8,8,186,161,1
99,20,20,749,749,0,8,8,555,555,0,0.0004765308553728854,0.0004765308553728854,713,713,0,-1,4,4,2,7,806,150,951
100,0,0,1,1,0,0,0,1,1,0,0.0,0.0,1,1,0,-1,-1,-1,3,0,583,877,939
101,0,101,1,942,941,0,3,1,331,330,0.0,0.0,1,1,0,5,-1,6,3,0,693,757,176
102,709,709,997,997,0,224,224,1000,1000,0,0.016882807447496512,0.016882807447496512,989,989,0,-1,2,2,8,83,415,10,998
103,98,98,911,911,0,54,54,873,873,0,0.0017018959120460194,0.0017018959120460194,870,870,0,-1,3,3,4,14,558,146,773
104,30,132,734,926,192,44,44,699,699,0,0.0004765308553728854,0.0004765308553728854,704,704,0,4,3,3,7,6,335,381,570
105,3,104,478,971,493,2,2,330,330,0,3.4037918240920386e-05,0.00017018959120460194,406,558,152,5,6,6,2,3,898,411,406
106,6,212,405,959,554,25,42,432,535,103,0.0,0.00034037918240920387,1,650,649,3,4,4,11,1,176,606,589
107,24,126,687,927,240,29,29,553,553,0,0.00030634126416828345,0.00034037918240920387,624,636,12,4,4,4,7,4,336,210,421
108,2,208,360,968,608,6,14,405,501,96,3.4037918240920386e-05,0.0020422750944552232,397,894,497,3,5,4,3,2,725,342,153
109,0,102,1,884,883,0,9,1,351,350,0.0,0.0,1,1,0,4,-1,5,8,0,218,917,873
110,0,0,1,1,0,0,0,1,1,0,0.0,0.0,1,1,0,-1,-1,-1,4,0,566,776,787
111,0,102,1,908,907,0,9,1,363,362,0.0,0.0002382654276864427,1,581,580,4,-1,5,7,1,398,874,425
112,46,147,734,908,174,216,216,875,875,0,0.0011913271384322134,0.0011913271384322134,819,819,0,5,2,2,21,4,25,440,694
113,6,212,426,971,545,24,24,611,611,0,0.001055175465468532,0.0018720855032506212,809,874,65,3,4,4,4,1,540,612,174
114,44,146,853,961,108,12,12,609,609,0,0.0016678579938050988,0.0019061234214915416,879,889,10,4,4,4,2,17,976,180,167
115,2,2,359,359,0,6,6,377,377,0,6.807583648184077e-05,6.807583648184077e-05,453,453,0,-1,5,5,4,1,783,687,952
116,6,212,492,978,486,12,12,610,610,0,0.0006126825283365669,0.00088498587426393,753,805,52,3,4,4,2,1,948,80,149
117,0,616,1,998,997,0,34,1,839,838,0.0,0.006739507811702236,1,971,970,2,-1,3,4,0,610,457,57
118,188,188,952,952,0,126,126,966,966,0,0.004322815616596889,0.004322815616596889,949,949,0,-1,2,2,7,33,221,15,632
119,116,322,917,982,65,70,70,898,898,0,0.0034037918240920387,0.0051397256543789785,932,962,30,3,3,3,5,15,347,153,44
120,0,101,1,881,880,0,10,1,332,331,0.0,0.0,1,1,0,6,-1,7,10,1,99,641,540
121,0,101,1,924,923,0,5,1,328,327,0.0,0.0,1,1,0,5,-1,6,5,0,908,955,931
122,64,64,852,852,0,36,36,696,696,0,0.0012594029749140542,0.0012594029749140542,828,828,0,-1,3,3,5,9,506,414,712
123,14,220,558,963,405,44,44,632,632,0,0.00037441710065012424,0.0035059055788147996,666,934,268,3,4,4,8,4,383,545,50
124,1,1,332,332,0,4,4,332,332,0,0.0,0.0,1,1,0,-1,6,6,4,1,772,140,846
125,39,655,714,994,280,124,142,776,824,48,0.0006467204465774873,0.0017359338302869397,723,864,141,2,3,3,16,7,145,371,97
126,24,230,682,966,284,48,52,662,690,28,0.00017018959120460194,0.0010892133837094523,542,819,277,3,3,3,7,4,321,501,179
127,10,216,577,972,395,15,19,472,532,60,0.0002382654276864427,0.0004765308553728854,595,696,101,3,4,4,6,3,661,596,493
128,0,0,1,1,0,0,0,1,1,0,0.0,0.0,1,1,0,-1,-1,-1,4,0,495,999,462
129,6,6,395,395,0,35,35,430,430,0,6.807583648184077e-05,6.807583648184077e-05,455,455,0,-1,4,4,14,1,198,862,674
130,16,222,469,938,469,162,170,598,617,19,0.0002723033459273631,0.0004084550188910446,587,650,63,3,3,3,36,1,16,810,704
131,88,294,834,965,131,238,238,914,914,0,0.0016338200755641784,0.0021784267674189047,856,892,36,3,2,2,19,8,89,352,120
132,0,102,1,916,915,0,8,1,431,430,0.0,0.0007147962830593281,1,765,764,4,-1,5,4,0,513,819,184
133,16,16,512,512,0,66,66,562,562,0,6.807583648184077e-05,6.807583648184077e-05,452,452,0,-1,3,3,14,1,203,870,949
134,24,125,684,922,238,43,43,696,696,0,0.00037441710065012424,0.00037441710065012424,663,663,0,6,3,3,7,6,416,247,540
135,0,102,1,929,928,0,4,1,361,360,0.0,6.807583648184077e-05,1,450,449,4,-1,5,3,0,801,546,425
136,0,1640,1,1000,999,0,66,1,883,882,0.0,0.019776030497974745,1,994,993,1,-1,2,6,0,575,856,70
137,100,100,857,857,0,100,100,661,661,0,0.023554239422716908,0.023554239422716908,997,997,0,-1,1,1,17,85,112,0,848
138,55,55,849,849,0,38,38,831,831,0,0.0012253650566731338,0.0012253650566731338,838,838,0,-1,3,3,3,8,680,352,611
139,6,6,457,457,0,8,8,464,464,0,0.0,0.0,1,1,0,-1,4,4,2,2,909,532,851
140,6,212,485,978,493,10,10,519,519,0,6.807583648184077e-05,0.0026209197045508697,446,920,474,3,4,4,3,1,642,870,48
141,16,632,597,996,399,24,34,602,698,96,6.807583648184077e-05,0.0018040096667687805,442,868,426,2,4,3,4,4,448,259,125
142,18,18,583,583,0,58,58,566,566,0,0.00017018959120460194,0.00017018959120460194,541,541,0,-1,3,3,12,3,175,434,684
143,159,261,932,967,35,174,174,963,963,0,0.003812246842983083,0.0038462847612240037,939,940,1,4,2,2,10,23,204,122,260
144,6,107,432,919,487,10,10,454,454,0,6.807583648184077e-05,6.807583648184077e-05,445,445,0,6,4,4,3,2,930,597,656
145,2,2,369,369,0,6,6,466,466,0,6.807583648184077e-05,6.807583648184077e-05,463,463,0,-1,5,5,3,1,899,322,794
146,6,6,406,406,0,19,19,427,427,0,3.4037918240920386e-05,3.4037918240920386e-05,400,400,0,-1,4,4,8,1,218,577,732
147,9,9,621,621,0,7,7,544,544,0,0.00010211375472276115,0.00010211375472276115,488,488,0,-1,4,4,2,5,946,570,773
148,16,117,702,959,257,28,28,837,837,0,0.0005105687736138058,0.0005446066918547262,710,726,16,5,3,3,3,1,798,474,460
149,22,638,654,995,341,50,50,779,779,0,0.0004084550188910446,0.0021784267674189047,667,889,222,2,3,3,5,4,349,551,190
150,8,214,518,966,448,22,26,563,609,46,6.807583648184077e-05,0.0014636304843595766,450,853,403,3,4,4,5,3,396,508,94
151,24,125,759,954,195,12,12,599,599,0,0.0008509479560230097,0.0009870996289866913,807,827,20,5,4,4,2,8,886,177,499
152,0,616,1,994,993,0,50,1,514,513,0.0,0.0012594029749140542,1,832,831,2,-1,3,14,0,47,707,277
153,0,0,1,1,0,0,0,1,1,0,0.0,0.0,1,1,0,-1,-1,-1,10,0,298,819,999
154,352,558,990,998,8,46,46,975,975,0,0.011606930120153852,0.01320671227747711,989,990,1,3,2,2,2,78,816,9,95
155,2,2,374,374,0,3,3,377,377,0,6.807583648184077e-05,6.807583648184077e-05,448,448,0,-1,5,5,2,1,910,639,554
156,0,0,1,1,0,0,0,1,1,0,0.0,0.0,1,1,0,-1,-1,-1,4,1,673,568,729
157,89,191,875,954,79,102,102,964,964,0,0.0057524081827155455,0.005820484019197386,962,962,0,4,2,2,7,6,722,467,551
158,114,730,929,998,69,40,54,859,918,59,0.001940161339732462,0.006875659484665918,890,967,77,2,3,3,4,20,401,71,112
159,5,5,440,440,0,7,7,388,388,0,6.807583648184077e-05,6.807583648184077e-05,442,442,0,-1,5,5,4,4,762,398,819
160,26,232,783,982,199,22,22,820,820,0,0.0007147962830593281,0.002757071377514551,763,924,161,3,3,3,2,6,977,136,85
161,16,16,478,478,0,150,150,700,700,0,0.0002723033459273631,0.0002723033459273631,602,602,0,-1,3,3,24,1,28,741,889
162,83,289,823,966,143,226,226,855,855,0,0.0013955546478777359,0.0016678579938050988,844,868,24,3,2,2,22,9,33,293,212
163,25,641,692,997,305,32,46,592,708,116,0.00034037918240920387,0.0028591851322373124,638,914,276,2,4,3,6,6,514,516,47
164,250,250,954,954,0,278,278,958,958,0,0.003267640151128357,0.003267640151128357,924,924,0,-1,2,2,19,19,36,72,675
165,38,139,840,966,126,12,12,640,640,0,0.0014636304843595766,0.0014636304843595766,853,853,0,5,4,4,2,13,809,335,518
166,21,122,723,944,221,26,26,660,660,0,0.000442492937131965,0.0004765308553728854,693,701,8,5,4,4,5,8,647,417,615
167,84,84,870,870,0,94,94,886,886,0,0.002484768031587188,0.002484768031587188,907,907,0,-1,3,3,9,14,168,146,938
168,10,10,597,597,0,18,18,664,664,0,0.0005786446100956465,0.0005786446100956465,724,724,0,-1,4,4,3,3,712,268,502
169,105,311,928,984,56,38,38,884,884,0,0.0020763130126961434,0.007624493685966166,896,971,75,3,3,3,3,23,831,106,19
170,72,72,797,797,0,154,154,727,727,0,0.0005446066918547262,0.0005446066918547262,694,694,0,-1,3,3,21,7,54,422,894
171,203,305,971,981,10,64,64,953,953,0,0.005514142755029102,0.005718370264474625,964,965,1,4,3,3,4,49,631,51,869
172,0,206,1,975,974,0,9,1,468,467,0.0,0.0002723033459273631,1,625,624,3,-1,4,3,0,337,678,443
173,0,206,1,976,975,0,18,1,694,693,0.0,0.0025188059498281084,1,921,920,3,-1,4,3,0,862,801,26
174,1,103,332,946,614,2,4,332,422,90,0.0,0.001055175465468532,1,819,818,4,6,5,2,1,838,621,269
175,2,208,361,968,607,10,22,420,542,122,3.4037918240920386e-05,0.00088498587426393,406,796,390,3,5,4,5,1,294,594,53
176,6,212,407,961,554,17,26,392,449,57,0.0,0.00013615167296368154,1,506,505,3,4,4,10,1,409,593,688
177,0,0,1,1,0,0,0,1,1,0,0.0,0.0,1,1,0,-1,-1,-1,7,0,156,702,271
178,38,38,735,735,0,70,70,719,719,0,0.0009870996289866913,0.0009870996289866913,805,805,0,-1,3,3,9,7,287,399,611
179,71,71,849,849,0,46,46,711,711,0,0.0010211375472276116,0.0010211375472276116,808,808,0,-1,3,3,6,14,425,243,462
180,188,388,947,982,35,196,196,963,963,0,0.003608019333537561,0.003710133088260322,938,942,4,3,2,2,12,19,226,133,202
181,29,29,732,732,0,40,40,699,699,0,0.0002723033459273631,0.0002723033459273631,604,604,0,-1,3,3,7,9,482,341,911
182,52,52,779,779,0,110,110,737,737,0,0.0004084550188910446,0.0004084550188910446,671,671,0,-1,3,3,16,7,78,303,965
183,0,206,1,972,971,0,9,1,464,463,0.0,0.0002382654276864427,1,587,586,3,-1,4,4,0,403,686,532
184,0,0,1,1,0,0,0,1,1,0,0.0,0.0,1,1,0,-1,-1,-1,16,0,78,726,912
185,1,1,332,332,0,4,4,332,332,0,0.0,0.0,1,1,0,-1,7,7,4,2,772,448,815
186,180,282,957,978,21,44,44,841,841,0,0.00353994349705572,0.003608019333537561,940,940,0,4,3,3,4,31,858,76,441
187,2,2,388,388,0,4,4,452,452,0,0.00017018959120460194,0.00017018959120460194,567,567,0,-1,5,5,2,1,974,891,984
188,2,1642,352,1000,648,18,150,363,834,471,0.0,0.008441403723748256,1,969,968,1,5,2,15,1,40,893,35
189,2,103,387,957,570,4,4,468,468,0,3.4037918240920386e-05,3.4037918240920386e-05,409,409,0,6,5,5,2,1,995,558,577
190,6,108,460,928,468,20,20,609,609,0,0.00013615167296368154,0.0004084550188910446,525,684,159,4,4,4,4,1,631,809,329
191,0,102,1,950,949,0,5,1,404,403,0.0,0.0002382654276864427,1,601,600,4,-1,5,3,0,798,786,262
192,0,0,1,1,0,0,0,1,1,0,0.0,0.0,1,1,0,-1,-1,-1,19,0,11,696,669
193,84,186,890,962,72,54,54,893,893,0,0.002144388849177984,0.002280540522141666,893,903,10,4,3,3,4,17,504,60,683
194,0,0,1,1,0,0,0,1,1,0,0.0,0.0,1,1,0,-1,-1,-1,5,0,538,754,673
195,0,0,1,1,0,0,0,1,1,0,0.0,0.0,1,1,0,-1,-1,-1,6,0,441,372,906
196,0,101,1,929,928,0,2,1,330,329,0.0,0.0,1,1,0,7,-1,8,2,0,643,915,703
197,0,206,1,945,944,0,24,1,381,380,0.0,0.0002723033459273631,1,598,597,3,-1,4,14,0,332,664,697
198,0,102,1,936,935,0,5,1,400,399,0.0,0.00030634126416828345,1,642,641,4,-1,5,3,0,961,902,417
199,21,21,723,723,0,14,14,577,577,0,0.0004765308553728854,0.0004765308553728854,692,692,0,-1,4,4,3,6,912,232,970
200,2,618,349,990,641,12,54,355,619,264,0.0,0.002825147213996392,1,917,916,2,5,3,10,2,205,692,44
201,32,133,811,956,145,18,18,678,678,0,0.0013615167296368155,0.0013955546478777359,856,858,2,6,4,4,3,14,530,190,781
202,28,28,692,692,0,50,50,637,637,0,0.0002723033459273631,0.0002723033459273631,607,607,0,-1,4,4,9,8,306,132,801
203,0,206,1,971,970,0,20,1,651,650,0.0,0.005003573981415297,1,955,954,3,-1,4,4,0,507,445,24
204,0,0,1,1,0,0,0,1,1,0,0.0,0.0,1,1,0,-1,-1,-1,3,0,554,860,800
205,69,275,835,969,134,120,120,873,873,0,0.0016678579938050988,0.00176997174852786,864,875,11,3,2,2,11,6,150,232,474
206,0,206,1,959,958,0,24,1,449,448,0.0,0.00037441710065012424,1,650,649,3,-1,4,8,0,244,783,470
207,84,84,859,859,0,112,112,926,926,0,0.002723033459273631,0.002723033459273631,919,919,0,-1,2,2,8,8,483,174,732
208,5,106,451,927,476,8,8,452,452,0,3.4037918240920386e-05,6.807583648184077e-05,396,444,48,5,5,5,4,3,767,485,607
209,2,103,364,931,567,3,3,365,365,0,0.0,0.0002042275094455223,1,562,561,5,5,5,2,2,643,495,307
210,28,28,852,852,0,8,8,652,652,0,0.001055175465468532,0.001055175465468532,826,826,0,-1,4,4,2,17,872,226,702
211,8,8,484,484,0,49,49,517,517,0,0.0002042275094455223,0.0002042275094455223,560,560,0,-1,4,4,15,2,110,724,826
212,30,30,749,749,0,34,34,718,718,0,0.0007828721195411688,0.0007828721195411688,772,772,0,-1,3,3,4,5,638,252,643
213,0,102,1,905,904,0,10,1,366,365,0.0,0.00010211375472276115,1,475,474,4,-1,5,8,0,431,686,317
214,0,0,1,1,0,0,0,1,1,0,0.0,0.0,1,1,0,-1,-1,-1,6,0,522,588,834
215,0,0,1,1,0,0,0,1,1,0,0.0,0.0,1,1,0,-1,-1,-1,12,0,175,945,845
216,0,0,1,1,0,0,0,1,1,0,0.0,0.0,1,1,0,-1,-1,-1,8,1,282,920,910
217,536,637,996,998,2,112,112,995,995,0,0.018210286258892407,0.018210286258892407,994,994,0,6,2,2,4,85,649,0,621
218,0,0,1,1,0,0,0,1,1,0,0.0,0.0,1,1,0,-1,-1,-1,23,0,4,548,745
219,40,40,790,790,0,66,66,864,864,0,0.0026549576227917903,0.0026549576227917903,920,920,0,-1,2,2,6,1,402,809,588
220,0,0,1,1,0,0,0,1,1,0,0.0,0.0,1,1,0,-1,-1,-1,9,0,208,358,651
221,26,26,663,663,0,80,80,742,742,0,0.0004765308553728854,0.0004765308553728854,691,691,0,-1,3,3,10,4,206,557,833
222,0,101,1,937,936,0,2,1,332,331,0.0,0.0,1,1,0,5,-1,6,2,1,734,742,671
223,18,120,635,916,281,34,34,579,579,0,0.00017018959120460194,0.0002042275094455223,544,567,23,4,4,4,7,6,273,247,512
224,0,0,1,1,0,0,0,1,1,0,0.0,0.0,1,1,0,-1,-1,-1,2,0,846,358,881
225,3,105,497,970,473,3,3,416,416,0,0.0,0.00017018959120460194,1,554,553,4,5,5,2,3,884,196,110
226,35,137,846,975,129,8,8,581,581,0,0.0013615167296368155,0.0014636304843595766,850,860,10,4,4,4,2,17,985,226,347
227,16,222,494,949,455,166,170,757,765,8,0.0002382654276864427,0.002110350930937064,585,884,299,3,3,3,23,1,30,168,108
228,60,162,808,933,125,72,72,673,673,0,0.0010892133837094523,0.001157289220191293,810,818,8,4,3,3,10,8,285,204,523
229,52,668,733,990,257,228,238,809,827,18,0.0006467204465774873,0.0011232513019503727,728,809,81,2,3,3,25,6,17,461,480
230,0,206,1,950,949,0,25,1,428,427,0.0,0.0005446066918547262,1,715,714,3,-1,4,11,0,307,611,218
231,8,110,522,911,389,25,25,514,514,0,3.4037918240920386e-05,6.807583648184077e-05,399,451,52,4,4,4,7,2,336,680,370
232,0,0,1,1,0,0,0,1,1,0,0.0,0.0,1,1,0,-1,-1,-1,15,0,32,825,856
233,0,0,1,1,0,0,0,1,1,0,0.0,0.0,1,1,0,-1,-1,-1,15,0,40,514,742
234,0,102,1,925,924,0,8,1,396,395,0.0,0.00037441710065012424,1,672,671,4,-1,5,5,1,848,529,303
235,0,0,1,1,0,0,0,1,1,0,0.0,0.0,1,1,0,-1,-1,-1,9,0,289,657,793
236,0,206,1,946,945,0,29,1,437,436,0.0,0.0005446066918547262,1,714,713,3,-1,4,11,1,66,806,414
237,0,102,1,882,881,0,16,1,363,362,0.0,0.0,1,1,0,4,-1,5,13,0,160,933,580
238,0,101,1,927,926,0,3,1,332,331,0.0,3.4037918240920386e-05,1,403,402,5,-1,6,3,1,861,835,605
239,40,142,781,935,154,44,44,806,806,0,0.0009530617107457708,0.0010211375472276116,797,808,11,4,3,3,4,6,509,46,829
240,0,206,1,979,978,0,7,1,512,511,0.0,0.0004765308553728854,1,708,707,3,-1,4,2,0,802,794,175
241,85,701,925,1000,75,18,28,708,850,142,0.0026209197045508697,0.005718370264474625,915,962,47,2,4,3,3,31,485,35,283
242,0,206,1,963,962,0,38,1,570,569,0.0,0.002484768031587188,1,902,901,3,-1,4,9,0,190,843,105
243,36,652,717,994,277,58,76,642,730,88,0.0002382654276864427,0.002484768031587188,597,902,305,2,3,3,10,6,125,683,106
244,1,207,332,976,644,2,12,332,609,277,0.0,0.002927260968719153,1,919,918,3,7,4,2,1,948,469,88
245,0,206,1,953,952,0,22,1,435,434,0.0,0.00034037918240920387,1,655,654,3,-1,4,9,0,140,542,226
246,0,101,1,950,949,0,3,1,331,330,0.0,3.4037918240920386e-05,1,397,396,5,-1,6,3,1,707,948,495
247,2,2,359,359,0,6,6,372,372,0,0.0,0.0,1,1,0,-1,5,5,4,1,736,540,963
248,12,114,542,914,372,19,20,475,490,15,6.807583648184077e-05,0.0002382654276864427,444,592,148,4,4,4,6,3,498,290,110
249,8,8,501,501,0,34,34,527,527,0,6.807583648184077e-05,6.807583648184077e-05,439,439,0,-1,4,4,9,4,166,239,356
250,19,225,671,974,303,34,34,786,786,0,0.0009530617107457708,0.0011913271384322134,799,830,31,3,3,3,4,3,740,438,645
251,18,119,612,914,302,34,34,554,554,0,0.00017018959120460194,0.00017018959120460194,544,544,0,6,4,4,7,5,372,688,663
252,6,108,463,940,477,4,4,411,411,0,0.0002723033459273631,0.00088498587426393,613,791,178,4,5,5,2,3,733,93,535
253,12,114,544,912,368,32,32,545,545,0,0.00017018959120460194,0.00034037918240920387,533,648,115,4,4,4,8,2,201,584,741
254,8,8,487,487,0,32,32,454,454,0,3.4037918240920386e-05,3.4037918240920386e-05,406,406,0,-1,4,4,12,2,96,680,793
255,0,0,1,1,0,0,0,1,1,0,0.0,0.0,1,1,0,-1,-1,-1,4,0,503,911,950
256,0,206,1,934,933,0,39,1,382,381,0.0,0.00030634126416828345,1,620,619,3,-1,4,22,0,18,867,809
257,27,129,769,951,182,38,38,891,891,0,0.0014636304843595766,0.0015657442390823377,860,865,5,4,3,3,3,5,912,393,286
258,0,101,1,917,916,0,3,1,331,330,0.0,0.0,1,1,0,5,-1,6,3,0,808,620,924
259,0,206,1,962,961,0,10,1,409,408,0.0,0.00013615167296368154,1,501,500,3,-1,4,5,0,546,915,762
260,0,101,1,938,937,0,3,1,332,331,0.0,0.0,1,1,0,5,-1,6,3,0,708,794,581
261,72,278,844,973,129,102,102,833,833,0,0.0010892133837094523,0.0011913271384322134,814,825,11,3,2,2,11,6,224,461,395
262,34,240,741,968,227,54,54,691,691,0,0.00037441710065012424,0.0006467204465774873,666,737,71,3,3,3,8,5,383,178,177
263,25,25,703,703,0,36,36,652,652,0,0.0008509479560230097,0.0008509479560230097,783,783,0,-1,4,4,6,6,470,114,271
264,0,0,1,1,0,0,0,1,1,0,0.0,0.0,1,1,0,-1,-1,-1,4,0,706,927,483
265,0,102,1,929,928,0,6,1,385,384,0.0,3.4037918240920386e-05,1,394,393,4,-1,5,4,0,563,929,501
266,20,122,731,953,222,8,8,514,514,0,0.0002382654276864427,0.0002723033459273631,617,632,15,4,4,4,2,9,924,317,530
267,26,128,713,925,212,38,38,606,606,0,0.00037441710065012424,0.0006467204465774873,663,743,80,4,4,4,7,5,118,418,683
268,80,696,856,994,138,80,90,781,833,52,0.0012934408931549745,0.0042547397801150485,832,946,114,2,3,3,9,9,276,375,26
269,23,23,794,794,0,32,32,920,920,0,0.0015317063208414173,0.0015317063208414173,875,875,0,-1,3,3,2,6,913,114,693
270,0,0,1,1,0,0,0,1,1,0,0.0,0.0,1,1,0,-1,-1,-1,4,0,682,744,882
271,6,212,396,950,554,50,50,545,545,0,0.00010211375472276115,0.0005446066918547262,481,701,220,3,4,4,11,1,162,152,155
272,15,221,672,980,308,12,12,631,631,0,6.807583648184077e-05,0.0002042275094455223,459,589,130,3,4,4,2,4,894,504,681
273,15,15,663,663,0,14,14,601,601,0,0.00034037918240920387,0.00034037918240920387,645,645,0,-1,4,4,3,5,640,487,696
274,136,136,940,940,0,72,72,897,897,0,0.0033357159876101976,0.0033357159876101976,931,931,0,-1,3,3,7,27,439,69,349
275,11,627,681,1000,319,12,22,718,900,182,0.0005786446100956465,0.006875659484665918,740,972,232,2,4,3,2,6,810,381,739
276,0,102,1,936,935,0,3,1,377,376,0.0,0.0,1,1,0,4,-1,5,2,0,779,917,225
277,0,0,1,1,0,0,0,1,1,0,0.0,0.0,1,1,0,-1,-1,-1,4,0,553,897,565
278,2,208,360,970,610,6,12,373,441,68,3.4037918240920386e-05,0.0005105687736138058,411,714,303,3,5,4,4,2,870,739,266
279,1,617,333,991,658,10,90,333,779,446,0.0,0.007113924912352361,1,970,969,2,7,3,10,2,152,582,30
280,0,616,1,993,992,0,68,1,589,588,0.0,0.0009530617107457708,1,794,793,2,-1,3,15,1,138,895,440
281,0,0,1,1,0,0,0,1,1,0,0.0,0.0,1,1,0,-1,-1,-1,2,0,846,436,445
282,6,108,485,945,460,12,12,517,517,0,0.0002042275094455223,0.0002042275094455223,570,570,0,4,4,4,4,2,794,384,290
283,0,102,1,927,926,0,6,1,381,380,0.0,0.0002042275094455223,1,582,581,4,-1,5,4,1,423,568,710
284,0,0,1,1,0,0,0,1,1,0,0.0,0.0,1,1,0,-1,-1,-1,22,0,33,850,706
285,533,739,985,995,10,278,278,993,993,0,0.01232172640321318,0.012900371013308825,981,981,0,3,2,2,12,54,116,19,619
286,0,102,1,885,884,0,15,1,383,382,0.0,6.807583648184077e-05,1,448,447,4,-1,5,9,0,381,716,785
287,0,0,1,1,0,0,0,1,1,0,0.0,0.0,1,1,0,-1,-1,-1,5,2,284,271,758
288,0,0,1,1,0,0,0,1,1,0,0.0,0.0,1,1,0,-1,-1,-1,5,0,534,515,928
289,6,6,519,519,0,4,4,427,427,0,6.807583648184077e-05,6.807583648184077e-05,452,452,0,-1,5,5,2,4,742,156,588
290,6,6,446,446,0,15,15,461,461,0,0.00013615167296368154,0.00013615167296368154,520,520,0,-1,4,4,6,1,465,607,999
291,16,222,551,955,404,50,58,596,632,36,0.0002042275094455223,0.0006126825283365669,565,725,160,3,3,3,10,1,205,556,381
292,22,228,676,970,294,30,30,622,622,0,0.0007828721195411688,0.0032336022328874367,774,927,153,3,4,4,5,5,818,403,123
293,56,158,828,943,115,52,52,681,681,0,0.0010211375472276116,0.0012594029749140542,816,833,17,4,3,3,9,10,177,413,222
294,16,118,680,946,266,34,34,901,901,0,0.000442492937131965,0.0006807583648184077,698,765,67,4,3,3,3,1,683,659,479
295,0,102,1,918,917,0,5,1,364,363,0.0,6.807583648184077e-05,1,442,441,4,-1,5,4,0,655,794,215
296,0,101,1,877,876,0,14,1,331,330,0.0,0.0,1,1,0,5,-1,6,14,0,332,956,484
297,0,206,1,969,968,0,30,1,687,686,0.0,0.01058579257292624,1,984,983,3,-1,4,5,0,290,728,2
298,0,102,1,918,917,0,5,1,364,363,0.0,6.807583648184077e-05,1,443,442,4,-1,5,4,0,655,967,762
299,6,108,414,909,495,12,15,411,431,20,6.807583648184077e-05,0.0004084550188910446,440,671,231,4,4,4,6,1,624,265,136
300,2,2,375,375,0,4,4,377,377,0,0.00010211375472276115,0.00010211375472276115,489,489,0,-1,5,5,3,2,867,615,948
301,0,206,1,972,971,0,24,1,631,630,0.0,0.0053439531638245,1,961,960,3,-1,4,4,2,700,775,5
302,39,39,777,777,0,36,36,675,675,0,0.001497668402600497,0.001497668402600497,856,856,0,-1,3,3,5,9,818,198,777
303,77,178,894,967,73,54,54,935,935,0,0.0032336022328874367,0.0032336022328874367,934,934,0,5,3,3,4,17,581,85,870
304,6,212,408,958,550,38,38,607,607,0,0.0004765308553728854,0.0011232513019503727,687,822,135,3,4,4,7,1,321,681,250
305,0,0,1,1,0,0,0,1,1,0,0.0,0.0,1,1,0,-1,-1,-1,11,1,379,747,629
306,0,102,1,890,889,0,14,1,375,374,0.0,0.00010211375472276115,1,484,483,4,-1,5,10,0,149,877,797
307,38,38,761,761,0,78,78,854,854,0,0.0007828721195411688,0.0007828721195411688,763,763,0,-1,3,3,8,7,146,169,945
308,13,115,613,930,317,32,32,663,663,0,0.0004084550188910446,0.0005105687736138058,678,700,22,4,4,4,6,3,322,291,110
309,100,202,905,968,63,78,78,946,946,0,0.0030293747234419145,0.0030293747234419145,919,919,0,4,2,2,4,15,759,151,492
310,30,30,708,708,0,64,64,715,715,0,0.0005446066918547262,0.0005446066918547262,709,709,0,-1,3,3,9,4,306,333,678
311,23,125,689,932,243,36,36,690,690,0,0.0002042275094455223,0.00034037918240920387,560,637,77,4,3,3,5,4,390,339,869
312,0,101,1,900,899,0,6,1,331,330,0.0,0.00010211375472276115,1,484,483,5,-1,6,6,0,98,777,279
313,0,0,1,1,0,0,0,1,1,0,0.0,0.0,1,1,0,-1,-1,-1,3,0,984,766,890
314,0,616,1,993,992,0,66,1,699,698,0.0,0.0030634126416828346,1,927,926,2,-1,3,10,0,293,686,88
315,164,164,964,964,0,62,62,977,977,0,0.010687906327649,0.010687906327649,983,983,0,-1,2,2,3,37,912,74,502
316,0,616,1,994,993,0,42,1,544,543,0.0,0.0016678579938050988,1,863,862,2,-1,3,10,0,149,620,72
317,121,737,901,996,95,136,156,906,932,26,0.0026209197045508697,0.005582218591510943,911,959,48,2,2,2,12,17,184,180,157
318,17,119,714,956,242,18,18,800,800,0,0.0017018959120460194,0.0017359338302869397,879,885,6,4,3,3,2,2,896,244,450
319,12,12,629,629,0,12,12,631,631,0,0.000442492937131965,0.000442492937131965,686,686,0,-1,4,4,2,3,894,610,478
320,0,102,1,930,929,0,5,1,367,366,0.0,0.00010211375472276115,1,504,503,4,-1,5,4,2,573,775,241
321,0,0,1,1,0,0,0,1,1,0,0.0,0.0,1,1,0,-1,-1,-1,4,0,675,726,620
322,0,0,1,1,0,0,0,1,1,0,0.0,0.0,1,1,0,-1,-1,-1,4,0,280,740,997
323,18,120,639,921,282,24,24,552,552,0,0.00017018959120460194,0.0002042275094455223,546,568,22,4,4,4,6,4,98,202,491
324,2,2,360,360,0,5,5,361,361,0,0.0,0.0,1,1,0,-1,5,5,4,3,711,484,957
325,110,310,926,981,55,70,70,924,924,0,0.0021784267674189047,0.006569318220497634,899,968,69,3,3,3,5,18,561,54,5
326,60,60,810,810,0,118,118,835,835,0,0.0013955546478777359,0.0013955546478777359,832,832,0,-1,3,3,13,5,185,273,825
327,0,102,1,887,886,0,15,1,375,374,0.0,6.807583648184077e-05,1,442,441,4,-1,5,11,0,174,936,718
328,0,0,1,1,0,0,0,1,1,0,0.0,0.0,1,1,0,-1,-1,-1,5,0,669,324,678
329,0,102,1,883,882,0,12,1,366,365,0.0,0.00010211375472276115,1,482,481,4,-1,5,9,0,100,790,307
330,6,108,442,929,487,11,11,462,462,0,0.0,0.00010211375472276115,1,479,478,4,4,4,4,1,511,449,749
331,87,293,916,985,69,22,22,796,796,0,0.002757071377514551,0.0034037918240920387,924,933,9,3,3,3,2,25,779,47,217
332,100,100,951,951,0,100,100,997,997,0,0.05013785356887573,0.05023996732359849,999,999,0,4,1,1,3,2,877,775,262
333,14,14,722,722,0,4,4,452,452,0,0.00030634126416828345,0.00030634126416828345,642,642,0,-1,5,5,2,9,810,391,696
334,0,206,1,967,966,0,16,1,490,489,0.0,0.00034037918240920387,1,650,649,3,-1,4,6,0,661,973,165
335,16,222,530,952,422,84,104,596,688,92,0.0002382654276864427,0.0013615167296368155,586,834,248,3,3,3,17,1,112,420,206
336,6,108,418,904,486,32,32,610,610,0,0.00030634126416828345,0.0005786446100956465,634,722,88,4,4,4,6,1,393,404,500
337,0,0,1,1,0,0,0,1,1,0,0.0,0.0,1,1,0,-1,-1,-1,2,0,810,963,859
338,6,212,396,951,555,19,28,417,481,64,3.4037918240920386e-05,0.00037441710065012424,396,666,270,3,4,4,8,1,483,639,249
339,44,146,805,946,141,40,40,752,752,0,0.0004084550188910446,0.0007147962830593281,678,761,83,4,3,3,5,7,406,389,805
340,76,76,847,847,0,120,120,892,892,0,0.0022465026039007454,0.0022465026039007454,891,891,0,-1,2,2,10,6,128,397,428
341,0,206,1,967,966,0,12,1,435,434,0.0,0.00034037918240920387,1,644,643,3,-1,4,5,0,392,725,315
342,18,120,593,898,305,50,50,625,625,0,0.00010211375472276115,0.00013615167296368154,478,507,29,4,3,3,8,5,370,395,492
343,0,206,1,980,979,0,12,1,603,602,0.0,0.0005105687736138058,1,721,720,3,-1,4,2,1,943,913,286
344,8,8,493,493,0,38,38,516,516,0,6.807583648184077e-05,6.807583648184077e-05,447,447,0,-1,4,4,11,2,229,244,513
345,8,214,498,963,465,30,34,517,544,27,3.4037918240920386e-05,0.0017359338302869397,406,866,460,3,4,4,9,4,395,270,108
346,83,289,867,975,108,124,124,921,921,0,0.0018040096667687805,0.0023486163586235067,871,903,32,3,2,2,10,11,161,118,192
347,0,101,1,951,950,0,2,1,331,330,0.0,0.0,1,1,0,5,-1,6,2,0,830,731,509
348,1,207,333,949,616,15,34,333,433,100,0.0,0.0005786446100956465,1,728,727,3,6,4,15,2,95,344,299
349,38,654,708,991,283,142,152,837,846,9,0.0007828721195411688,0.0028591851322373124,757,917,160,2,3,3,16,6,60,192,141
350,121,222,932,973,41,56,56,853,853,0,0.0022465026039007454,0.002280540522141666,889,892,3,5,3,3,6,23,664,66,463
351,52,52,804,804,0,58,58,670,670,0,0.0007147962830593281,0.0007147962830593281,742,742,0,-1,3,3,8,7,370,422,789
352,0,0,1,1,0,0,0,1,1,0,0.0,0.0,1,1,0,-1,-1,-1,5,0,571,569,909
353,116,116,881,881,0,194,194,842,842,0,0.0015657442390823377,0.0015657442390823377,856,856,0,-1,3,3,19,15,19,92,954
354,22,124,619,901,282,74,74,677,677,0,0.00017018959120460194,0.00034037918240920387,541,646,105,4,3,3,11,3,227,505,680
355,62,268,820,968,148,118,118,924,924,0,0.0009530617107457708,0.001157289220191293,793,819,26,3,2,2,9,4,306,407,301
356,2,2,369,369,0,4,4,401,401,0,0.0,0.0,1,1,0,-1,5,5,2,1,689,506,200
357,0,206,1,969,968,0,22,1,558,557,0.0,0.0007828721195411688,1,772,771,3,-1,4,5,0,326,564,224
358,217,319,978,988,10,38,38,903,903,0,0.007113924912352361,0.007216038667075122,971,972,1,4,3,3,3,49,530,16,689
359,23,23,785,785,0,12,12,661,661,0,0.0007147962830593281,0.0007147962830593281,770,770,0,-1,4,4,2,8,940,177,348
360,36,242,695,956,261,156,156,825,825,0,0.00088498587426393,0.0011232513019503727,770,811,41,3,3,3,16,6,59,114,454
361,2,2,361,361,0,6,6,412,412,0,0.00010211375472276115,0.00010211375472276115,494,494,0,-1,5,5,3,2,833,325,996
362,24,126,697,924,227,40,40,662,662,0,0.0005446066918547262,0.0006126825283365669,711,728,17,4,3,3,7,4,658,332,370
363,16,118,611,922,311,36,36,705,705,0,6.807583648184077e-05,6.807583648184077e-05,457,457,0,4,3,3,5,1,438,553,526
364,34,650,774,997,223,34,34,778,778,0,0.0007488342013002485,0.0016678579938050988,765,863,98,2,3,3,4,4,783,40,553
365,0,102,1,930,929,0,4,1,361,360,0.0,6.807583648184077e-05,1,461,460,4,-1,5,3,0,833,423,380
366,66,167,890,971,81,18,18,733,733,0,0.001497668402600497,0.001497668402600497,859,859,0,5,4,4,3,24,785,129,578
367,27,27,699,699,0,56,56,750,750,0,0.0004765308553728854,0.0004765308553728854,703,703,0,-1,3,3,8,6,468,199,982
368,21,21,753,753,0,12,12,682,682,0,0.0004084550188910446,0.0004084550188910446,685,685,0,-1,4,4,2,6,702,232,957
369,101,101,878,878,0,94,94,835,835,0,0.001599782157323258,0.001599782157323258,854,854,0,-1,3,3,9,15,274,206,967
370,28,234,690,965,275,34,34,565,565,0,0.00034037918240920387,0.0007828721195411688,641,770,129,3,4,4,7,8,246,132,293
371,766,766,995,995,0,280,280,996,996,0,0.013138636440995268,0.013138636440995268,986,986,0,-1,2,2,13,91,91,7,874
372,150,150,968,968,0,62,62,983,983,0,0.007284114503556962,0.007284114503556962,972,972,0,-1,2,2,3,29,879,142,457
373,0,0,1,1,0,0,0,1,1,0,0.0,0.0,1,1,0,-1,-1,-1,8,0,541,774,754
374,6,6,389,389,0,31,31,405,405,0,0.0,0.0,1,1,0,-1,4,4,16,2,151,560,865
375,34,34,687,687,0,96,96,665,665,0,0.0007828721195411688,0.0007828721195411688,768,768,0,-1,3,3,15,4,40,333,874
376,82,82,853,853,0,80,80,693,693,0,0.001055175465468532,0.001055175465468532,807,807,0,-1,3,3,10,11,285,166,831
377,2,2,347,347,0,24,24,353,353,0,0.0,0.0,1,1,0,-1,5,5,22,1,55,140,916
378,0,206,1,969,968,0,9,1,445,444,0.0,0.00017018959120460194,1,547,546,3,-1,4,4,0,453,999,829
379,0,0,1,1,0,0,0,1,1,0,0.0,0.0,1,1,0,-1,-1,-1,12,1,348,792,812
380,0,101,1,955,954,0,3,1,326,325,0.0,0.00017018959120460194,1,548,547,5,-1,6,3,0,877,715,164
381,34,34,744,744,0,32,32,558,558,0,0.000442492937131965,0.000442492937131965,683,683,0,-1,4,4,8,10,146,262,881
382,0,101,1,890,889,0,12,1,332,331,0.0,0.0,1,1,0,5,-1,6,12,0,219,429,734
383,257,257,982,982,0,54,54,946,946,0,0.008543517478471017,0.008543517478471017,976,976,0,-1,3,3,4,62,794,70,833
384,0,206,1,979,978,0,8,1,530,529,0.0,0.0005105687736138058,1,726,725,3,-1,4,2,0,851,588,229
385,18,120,685,938,253,26,26,748,748,0,0.0002042275094455223,0.0004765308553728854,580,692,112,4,3,3,4,4,578,346,396
386,51,51,813,813,0,62,62,798,798,0,0.0009190237925048504,0.0009190237925048504,790,790,0,-1,3,3,7,7,170,399,922
387,8,110,572,946,374,10,10,523,523,0,0.00017018959120460194,0.00017018959120460194,545,545,0,4,4,4,3,2,785,634,492
388,0,101,1,883,882,0,10,1,332,331,0.0,0.0,1,1,0,5,-1,6,10,0,114,905,694
389,54,156,826,945,119,78,78,841,841,0,0.0020763130126961434,0.0020763130126961434,888,888,0,4,2,2,8,4,365,40,853
390,30,131,762,943,181,26,26,666,666,0,0.0004765308553728854,0.0004765308553728854,695,695,0,6,4,4,5,6,908,194,924
391,0,0,1,1,0,0,0,1,1,0,0.0,0.0,1,1,0,-1,-1,-1,5,0,546,981,539
392,0,102,1,894,893,0,11,1,366,365,0.0,3.4037918240920386e-05,1,398,397,4,-1,5,9,0,250,696,964
393,2,104,370,931,561,4,4,398,398,0,3.4037918240920386e-05,0.00013615167296368154,411,523,112,4,5,5,2,1,925,837,553
394,59,161,911,975,64,14,14,689,689,0,0.0016678579938050988,0.0018720855032506212,874,888,14,4,4,4,3,16,915,78,263
395,0,102,1,945,944,0,3,1,384,383,0.0,0.00017018959120460194,1,559,558,4,-1,5,2,1,951,650,408
396,42,144,744,910,166,112,112,804,804,0,0.0007828721195411688,0.0010211375472276116,755,797,42,4,3,3,12,6,87,192,275
397,0,206,1,953,952,0,48,1,573,572,0.0,0.0014636304843595766,1,841,840,3,-1,4,10,0,82,994,158
398,211,417,968,987,19,110,110,964,964,0,0.004595118962524252,0.005037611899656217,957,960,3,3,2,2,6,31,514,102,795
399,51,153,884,975,91,22,22,860,860,0,0.0018720855032506212,0.0020422750944552232,886,893,7,4,3,3,2,15,965,53,518
400,2,104,384,950,566,4,4,430,430,0,0.00030634126416828345,0.0004765308553728854,656,720,64,4,5,5,2,2,781,805,617
401,2,104,367,935,568,6,6,417,417,0,6.807583648184077e-05,0.0005446066918547262,450,715,265,4,5,5,3,1,912,238,204
402,6,6,457,457,0,26,26,665,665,0,0.00017018959120460194,0.00017018959120460194,544,544,0,-1,4,4,5,1,435,474,732
403,2,2,361,361,0,10,10,436,436,0,0.00010211375472276115,0.00010211375472276115,495,495,0,-1,5,5,5,2,314,419,554
404,0,0,1,1,0,0,0,1,1,0,0.0,0.0,1,1,0,-1,-1,-1,16,0,151,940,803
405,60,676,862,999,137,36,36,797,797,0,0.0008509479560230097,0.006739507811702236,783,966,183,2,3,3,5,12,695,163,19
406,0,102,1,896,895,0,15,1,411,410,0.0,0.0006126825283365669,1,736,735,4,-1,5,8,0,508,758,90
407,0,206,1,965,964,0,24,1,515,514,0.0,0.0007828721195411688,1,773,772,3,-1,4,6,0,470,849,67
408,83,83,919,919,0,38,38,929,929,0,0.002723033459273631,0.002723033459273631,916,916,0,-1,3,3,3,19,867,135,803
409,141,242,928,966,38,138,138,948,948,0,0.0026549576227917903,0.0026549576227917903,919,919,0,5,2,2,9,12,213,58,594
410,0,102,1,964,963,0,6,1,458,457,0.0,0.00034037918240920387,1,645,644,4,-1,5,3,0,786,959,136
411,0,0,1,1,0,0,0,1,1,0,0.0,0.0,1,1,0,-1,-1,-1,2,0,946,953,941
412,36,36,775,775,0,76,76,901,901,0,0.0015657442390823377,0.0015657442390823377,858,858,0,-1,3,3,6,8,295,174,914
413,20,121,633,906,273,32,32,518,518,0,0.00017018959120460194,0.00017018959120460194,545,545,0,6,4,4,8,6,218,435,469
414,12,113,640,950,310,8,8,519,519,0,0.00030634126416828345,0.00030634126416828345,643,643,0,5,4,4,2,2,979,363,676
415,6,6,590,590,0,4,4,526,526,0,6.807583648184077e-05,6.807583648184077e-05,453,453,0,-1,5,5,2,4,973,202,871
416,0,101,1,950,949,0,3,1,331,330,0.0,3.4037918240920386e-05,1,398,397,5,-1,6,3,0,707,624,334
417,28,234,715,973,258,42,42,701,701,0,0.0006126825283365669,0.0009870996289866913,728,797,69,3,4,4,7,7,264,169,475
418,6,622,369,989,620,50,150,375,575,200,0.0,0.0013274788113958951,1,836,835,2,4,3,33,1,9,593,147
419,0,0,1,1,0,0,0,1,1,0,0.0,0.0,1,1,0,-1,-1,-1,2,0,976,932,903
420,0,102,1,889,888,0,10,1,353,352,0.0,0.0,1,1,0,4,-1,5,9,0,166,514,466
421,27,27,843,843,0,18,18,892,892,0,0.0006807583648184077,0.0006807583648184077,769,769,0,-1,3,3,2,10,987,266,776
422,0,102,1,891,890,0,14,1,384,383,0.0,0.0004084550188910446,1,673,672,4,-1,5,9,1,126,787,198
423,0,0,1,1,0,0,0,1,1,0,0.0,0.0,1,1,0,-1,-1,-1,3,0,640,897,757
424,41,143,737,917,180,128,128,848,848,0,0.0005105687736138058,0.0005105687736138058,698,698,0,4,3,3,13,5,129,216,837
425,0,102,1,932,931,0,5,1,392,391,0.0,0.00017018959120460194,1,554,553,4,-1,5,3,0,844,735,677
426,0,102,1,886,885,0,12,1,356,355,0.0,0.0,1,1,0,4,-1,5,10,0,128,400,597
427,20,226,585,952,367,64,68,497,503,6,0.00010211375472276115,0.0002723033459273631,484,600,116,3,4,4,21,4,2,164,346
428,0,102,1,927,926,0,4,1,382,381,0.0,0.00010211375472276115,1,502,501,4,-1,5,2,0,846,982,689
429,2,103,371,945,574,4,4,424,424,0,0.0,0.0,1,1,0,5,5,5,2,1,548,743,265
430,7,213,517,969,452,16,20,547,616,69,0.0002382654276864427,0.0007828721195411688,593,775,182,3,4,4,4,2,783,323,194
431,0,0,1,1,0,0,0,1,1,0,0.0,0.0,1,1,0,-1,-1,-1,7,0,698,751,895
432,0,0,1,1,0,0,0,1,1,0,0.0,0.0,1,1,0,-1,-1,-1,2,0,859,992,638
433,0,102,1,957,956,0,5,1,416,415,0.0,0.0006126825283365669,1,738,737,4,-1,5,3,0,850,715,113
434,100,100,886,886,0,100,100,952,952,0,0.03271043942952449,0.03271043942952449,999,999,0,-1,1,1,6,49,473,16,825
435,9,110,592,944,352,8,8,507,507,0,3.4037918240920386e-05,6.807583648184077e-05,404,455,51,5,4,4,2,3,816,248,342
436,206,806,941,995,54,204,204,889,889,0,0.0021784267674189047,0.0025188059498281084,894,902,8,2,3,3,19,26,48,127,29
437,56,262,798,967,169,80,80,740,740,0,0.0005105687736138058,0.0088498587426393,696,976,280,3,3,3,10,8,152,132,37
438,0,616,1,992,991,0,54,1,559,558,0.0,0.0013274788113958951,1,829,828,2,-1,3,12,0,52,565,42
439,24,24,667,667,0,90,90,722,722,0,0.0002382654276864427,0.0002382654276864427,591,591,0,-1,3,3,13,4,242,202,905
440,0,206,1,957,956,0,23,1,470,469,0.0,0.00034037918240920387,1,646,645,3,-1,4,8,1,301,947,175
441,90,706,870,994,124,126,136,899,912,13,0.001940161339732462,0.004050512270669526,881,936,55,2,2,2,12,9,93,277,153
442,130,232,946,978,32,86,86,967,967,0,0.004356853534837809,0.00445896728956057,947,948,1,4,3,3,6,19,486,133,667
443,42,42,918,918,0,12,12,819,819,0,0.0025188059498281084,0.0025188059498281084,928,928,0,-1,4,4,2,19,956,135,813
444,10,10,582,582,0,14,14,498,498,0,0.00010211375472276115,0.00010211375472276115,493,493,0,-1,4,4,5,4,647,156,895
445,16,16,602,602,0,30,30,630,630,0,0.00037441710065012424,0.00037441710065012424,669,669,0,-1,4,4,5,6,571,379,538
446,100,100,913,913,0,100,100,992,992,0,0.04067531229789986,0.04067531229789986,999,999,0,5,1,1,4,20,655,49,374
447,2,208,362,967,605,8,26,393,627,234,3.4037918240920386e-05,0.007454304094761564,413,970,557,3,5,4,5,2,552,662,0
448,45,45,822,822,0,64,64,934,934,0,0.0014295925661186562,0.0014295925661186562,851,851,0,-1,2,2,4,4,753,557,529
449,4,105,447,939,492,6,6,449,449,0,0.00017018959120460194,0.0002042275094455223,548,576,28,5,5,5,3,2,639,22,602
450,0,0,1,1,0,0,0,1,1,0,0.0,0.0,1,1,0,-1,-1,-1,2,0,894,768,201
451,64,165,875,969,94,22,22,769,769,0,0.0009530617107457708,0.0009870996289866913,812,815,3,5,3,3,2,17,653,327,398
452,12,113,606,935,329,12,12,487,487,0,0.0002382654276864427,0.0002382654276864427,599,599,0,6,4,4,4,6,635,279,893
453,9,110,621,957,336,12,12,681,681,0,0.0009190237925048504,0.0009530617107457708,802,806,4,5,4,4,2,3,830,103,687
454,0,102,1,894,893,0,10,1,353,352,0.0,0.0,1,1,0,4,-1,5,9,0,316,838,402
455,0,0,1,1,0,0,0,1,1,0,0.0,0.0,1,1,0,-1,-1,-1,7,1,697,780,767
456,0,206,1,977,976,0,8,1,520,519,0.0,0.0015317063208414173,1,877,876,3,-1,4,2,0,681,888,55
457,6,6,418,418,0,30,30,573,573,0,0.00013615167296368154,0.00013615167296368154,505,505,0,-1,4,4,7,1,207,741,632
458,96,198,944,977,33,34,34,885,885,0,0.0034037918240920387,0.0035059055788147996,934,937,3,4,3,3,4,26,860,112,420
459,0,206,1,976,975,0,8,1,501,500,0.0,0.0009870996289866913,1,811,810,3,-1,4,2,0,739,356,120
460,384,590,984,994,10,110,110,973,973,0,0.00704584907587052,0.008101024541339052,968,973,5,3,2,2,6,55,473,21,243
461,6,107,433,920,487,17,17,512,512,0,3.4037918240920386e-05,3.4037918240920386e-05,410,410,0,5,4,4,5,1,766,594,563
462,64,64,826,826,0,128,128,926,926,0,0.00176997174852786,0.00176997174852786,875,875,0,-1,2,2,9,6,287,234,984
463,6,6,478,478,0,8,8,488,488,0,3.4037918240920386e-05,3.4037918240920386e-05,409,409,0,-1,4,4,2,1,586,421,600
464,57,263,837,972,135,72,72,843,843,0,0.0020763130126961434,0.002586881786309949,885,907,22,3,2,2,7,7,364,329,246
465,0,616,1,997,996,0,28,1,756,755,0.0,0.00527587732734266,1,965,964,2,-1,3,3,0,626,969,21
466,7,623,518,998,480,11,34,462,816,354,0.00010211375472276115,0.012083460975526737,481,988,507,2,4,3,4,2,511,749,3
467,28,130,793,958,165,28,28,846,846,0,0.001497668402600497,0.00176997174852786,868,891,23,4,3,3,3,5,535,403,418
468,88,294,899,979,80,64,64,955,955,0,0.0034037918240920387,0.0035739814152966403,938,941,3,3,3,3,4,20,593,87,724
469,0,206,1,939,938,0,48,1,469,468,0.0,0.0009190237925048504,1,775,774,3,-1,4,17,0,80,635,299
470,0,101,1,898,897,0,5,1,331,330,0.0,0.00010211375472276115,1,479,478,5,-1,6,5,0,546,815,274
471,2,103,430,980,550,4,4,561,561,0,0.0002042275094455223,0.0004765308553728854,605,710,105,5,5,5,2,2,955,805,510
472,28,28,596,596,0,262,262,783,783,0,0.0006126825283365669,0.0006126825283365669,716,716,0,-1,3,3,35,3,20,268,825
473,6,212,461,972,511,20,20,588,588,0,0.0,0.0004084550188910446,1,688,687,3,4,4,4,2,397,544,470
474,0,206,1,978,977,0,12,1,640,639,0.0,0.0014636304843595766,1,857,856,3,-1,4,2,0,986,520,96
475,22,124,709,944,235,14,14,561,561,0,0.0004084550188910446,0.000442492937131965,678,691,13,4,4,4,3,5,935,182,369
476,1,103,332,946,614,2,4,332,425,93,0.0,6.807583648184077e-05,1,445,444,4,7,5,2,1,942,703,493
477,0,206,1,951,950,0,25,1,451,450,0.0,0.0005105687736138058,1,708,707,3,-1,4,9,0,123,699,413
478,0,206,1,942,941,0,33,1,427,426,0.0,0.00017018959120460194,1,540,539,3,-1,4,14,0,85,624,303
479,28,130,811,968,157,12,12,631,631,0,0.0014636304843595766,0.001497668402600497,856,860,4,4,4,4,2,12,625,67,430
480,0,101,1,882,881,0,11,1,332,331,0.0,0.0,1,1,0,5,-1,6,11,0,167,686,621
481,0,102,1,948,947,0,6,1,467,466,0.0,0.00034037918240920387,1,659,658,4,-1,5,3,0,911,923,541
482,0,102,1,947,946,0,3,1,372,371,0.0,0.0002723033459273631,1,622,621,4,-1,5,2,0,841,254,366
483,2,103,375,944,569,4,4,427,427,0,0.0,3.4037918240920386e-05,1,409,408,5,5,5,2,1,896,506,931
484,0,206,1,977,976,0,8,1,524,523,0.0,0.0005446066918547262,1,732,731,3,-1,4,2,0,975,768,159
485,216,422,943,982,39,224,224,891,891,0,0.0021784267674189047,0.002927260968719153,892,922,30,3,3,3,19,23,89,66,559
486,100,100,893,893,0,100,100,973,973,0,0.032506211920078965,0.032914666938970015,997,998,1,3,1,1,5,18,426,148,287
487,0,206,1,965,964,0,18,1,519,518,0.0,0.0004765308553728854,1,698,697,3,-1,4,5,0,338,205,145
488,182,388,941,976,35,146,146,924,924,0,0.0025188059498281084,0.002927260968719153,902,920,18,3,3,3,11,33,233,15,237
489,0,101,1,935,934,0,2,1,332,331,0.0,3.4037918240920386e-05,1,403,402,5,-1,6,2,2,609,709,466
490,44,250,840,982,142,24,24,779,779,0,0.0007828721195411688,0.002110350930937064,780,893,113,3,3,3,3,9,433,414,55
491,0,0,1,1,0,0,0,1,1,0,0.0,0.0,1,1,0,-1,-1,-1,4,1,401,539,669
492,12,114,598,937,339,10,10,515,515,0,0.0002723033459273631,0.0004765308553728854,616,706,90,4,4,4,3,3,882,121,386
493,0,0,1,1,0,0,0,1,1,0,0.0,0.0,1,1,0,-1,-1,-1,8,0,365,832,792
494,0,616,1,991,990,0,38,1,499,498,0.0,0.0013615167296368155,1,833,832,2,-1,3,12,0,212,723,60
495,0,102,1,893,892,0,7,1,353,352,0.0,0.0,1,1,0,4,-1,5,6,0,432,816,659
496,0,206,1,967,966,0,18,1,524,523,0.0,0.0018720855032506212,1,872,871,3,-1,4,5,0,524,433,128
497,0,206,1,968,967,0,36,1,696,695,0.0,0.00439089145307873,1,946,945,3,-1,4,6,0,465,856,24
498,0,206,1,964,963,0,20,1,506,505,0.0,0.0007488342013002485,1,766,765,3,-1,4,6,0,587,455,352
499,0,616,1,996,995,0,40,1,758,757,0.0,0.004833384390210695,1,957,956,2,-1,3,5,0,338,624,5
500,0,206,1,965,964,0,9,1,446,445,0.0,0.00037441710065012424,1,649,648,3,-1,4,4,0,832,818,392
501,0,0,1,1,0,0,0,1,1,0,0.0,0.0,1,1,0,-1,-1,-1,5,0,669,349,937
502,22,22,650,650,0,66,66,711,711,0,0.0002723033459273631,0.0002723033459273631,611,611,0,-1,3,3,10,4,427,346,568
503,12,628,593,998,405,10,24,488,733,245,0.00010211375472276115,0.002484768031587188,496,913,417,2,4,3,3,3,672,361,44
504,0,206,1,964,963,0,14,1,469,468,0.0,0.0005446066918547262,1,727,726,3,-1,4,5,0,773,979,616
505,31,133,756,942,186,26,26,622,622,0,0.0006467204465774873,0.0007828721195411688,747,779,32,4,4,4,5,9,662,293,149
506,36,242,742,967,225,52,52,712,712,0,0.00034037918240920387,0.001055175465468532,647,812,165,3,3,3,7,7,221,253,386
507,0,206,1,935,934,0,68,1,474,473,0.0,0.0005446066918547262,1,702,701,3,-1,4,23,0,43,906,177
508,40,40,818,818,0,52,52,955,955,0,0.002552843868069029,0.002552843868069029,916,916,0,-1,2,2,3,1,484,810,918
509,0,102,1,932,931,0,5,1,409,408,0.0,0.0004084550188910446,1,681,680,4,-1,5,3,0,856,956,333
510,0,206,1,972,971,0,11,1,470,469,0.0,0.0005105687736138058,1,716,715,3,-1,4,4,1,631,472,461
511,0,102,1,907,906,0,7,1,388,387,0.0,0.00010211375472276115,1,482,481,4,-1,5,4,1,500,650,260
512,17,17,658,658,0,16,16,547,547,0,0.0002382654276864427,0.0002382654276864427,599,599,0,-1,4,4,4,6,401,486,831
513,0,0,1,1,0,0,0,1,1,0,0.0,0.0,1,1,0,-1,-1,-1,9,0,414,793,890
514,0,102,1,913,912,0,4,1,392,391,0.0,0.0002042275094455223,1,576,575,4,-1,5,2,0,905,883,516
515,0,206,1,972,971,0,11,1,470,469,0.0,0.0004084550188910446,1,684,683,3,-1,4,4,0,631,950,494
516,0,102,1,922,921,0,5,1,392,391,0.0,0.00013615167296368154,1,512,511,4,-1,5,3,0,855,915,770
517,64,166,828,937,109,104,104,854,854,0,0.0010211375472276116,0.0010892133837094523,803,812,9,4,2,2,9,4,192,328,93
518,141,347,954,988,34,60,60,908,908,0,0.003608019333537561,0.005854521937438306,933,963,30,3,3,3,5,28,602,98,8
519,0,101,1,877,876,0,14,1,331,330,0.0,0.0,1,1,0,5,-1,6,14,0,198,446,879
520,6,212,414,963,549,17,30,485,633,148,3.4037918240920386e-05,0.005241839409101739,396,961,565,3,4,4,5,1,426,870,19
521,0,206,1,952,951,0,23,1,430,429,0.0,0.0004765308553728854,1,706,705,3,-1,4,10,1,149,792,391
522,892,1098,1000,1000,0,304,304,995,995,0,0.017257224548146634,0.01776779332176044,994,994,0,3,2,2,13,118,90,37,113
523,92,194,901,965,64,50,50,816,816,0,0.002144388849177984,0.002484768031587188,893,908,15,4,3,3,5,17,616,96,308
524,6,6,401,401,0,19,19,423,423,0,3.4037918240920386e-05,3.4037918240920386e-05,402,402,0,-1,4,4,8,2,411,495,433
525,6,6,457,457,0,19,19,629,629,0,0.00017018959120460194,0.00017018959120460194,554,554,0,-1,4,4,4,1,777,553,388
526,1,1,333,333,0,5,5,333,333,0,0.0,0.0,1,1,0,-1,7,7,5,2,501,448,863
527,19,19,675,675,0,20,20,587,587,0,0.00030634126416828345,0.00030634126416828345,618,618,0,-1,4,4,4,9,539,341,932
528,6,108,423,910,487,24,24,530,530,0,0.00010211375472276115,0.00013615167296368154,477,513,36,4,4,4,6,2,369,648,575
529,14,116,679,953,274,12,12,623,623,0,0.0002723033459273631,0.00034037918240920387,626,659,33,4,4,4,2,3,928,280,350
530,12,218,497,951,454,54,58,500,512,12,0.00010211375472276115,0.00034037918240920387,482,649,167,3,4,4,15,4,0,239,519
531,6,108,493,950,457,4,4,417,417,0,0.0002042275094455223,0.0005105687736138058,583,708,125,4,5,5,2,6,999,447,407
532,109,211,906,965,59,64,64,906,906,0,0.0019061234214915416,0.001940161339732462,880,882,2,4,3,3,4,18,410,82,592
533,0,206,1,946,945,0,34,1,455,454,0.0,0.0005446066918547262,1,702,701,3,-1,4,11,0,162,668,161
534,43,145,804,944,140,54,54,897,897,0,0.0015657442390823377,0.0016338200755641784,864,870,6,4,3,3,4,7,711,630,682
535,0,102,1,958,957,0,4,1,447,446,0.0,0.0002042275094455223,1,583,582,4,-1,5,2,0,963,961,494
536,0,206,1,958,957,0,37,1,568,567,0.0,0.001599782157323258,1,856,855,3,-1,4,9,0,289,702,157
537,6,1646,430,1000,570,20,68,497,888,391,0.00010211375472276115,0.016508390346846386,493,990,497,1,4,2,6,2,402,313,151
538,6,212,460,975,515,8,12,469,593,124,0.0,0.0004765308553728854,1,703,702,3,4,4,2,2,966,691,232
539,116,116,958,958,0,28,28,870,870,0,0.003710133088260322,0.003710133088260322,943,943,0,-1,3,3,3,37,608,74,600
540,2,208,342,939,597,25,64,353,450,97,0.0,0.0007828721195411688,1,755,754,3,5,4,23,2,4,721,535
541,24,24,715,715,0,30,30,674,674,0,0.0006467204465774873,0.0006467204465774873,751,751,0,-1,4,4,5,6,363,658,961
542,0,0,1,1,0,0,0,1,1,0,0.0,0.0,1,1,0,-1,-1,-1,2,0,846,823,706
543,29,235,788,980,192,24,24,780,780,0,0.0005446066918547262,0.0009530617107457708,732,813,81,3,3,3,3,9,857,293,257
544,17,223,724,982,258,12,12,721,721,0,0.0009870996289866913,0.005582218591510943,822,964,142,3,4,4,2,5,760,393,111
545,0,0,1,1,0,0,0,1,1,0,0.0,0.0,1,1,0,-1,-1,-1,10,0,258,821,874
546,24,24,602,602,0,95,95,568,568,0,0.00010211375472276115,0.00010211375472276115,481,481,0,-1,3,3,21,4,1,220,946
547,1,617,333,997,664,5,32,333,703,370,0.0,0.003948398515946765,1,942,941,2,6,3,5,1,667,893,158
548,9,215,533,962,429,15,19,433,463,30,0.0,0.00013615167296368154,1,516,515,3,4,4,7,3,400,572,576
549,0,102,1,890,889,0,17,1,393,392,0.0,0.00034037918240920387,1,647,646,4,-1,5,10,0,211,766,479
550,17,223,659,975,316,14,18,525,614,89,0.0004084550188910446,0.0010211375472276116,681,809,128,3,4,4,3,10,592,266,327
551,0,102,1,917,916,0,3,1,361,360,0.0,0.0,1,1,0,4,-1,5,2,0,859,866,578
552,30,30,748,748,0,40,40,735,735,0,0.00030634126416828345,0.00030634126416828345,642,642,0,-1,3,3,5,4,479,504,669
553,36,652,714,990,276,80,94,642,690,48,0.00030634126416828345,0.0015657442390823377,626,859,233,2,3,3,13,6,41,683,64
554,0,102,1,942,941,0,4,1,410,409,0.0,0.00010211375472276115,1,488,487,4,-1,5,2,0,937,668,869
555,1,1,333,333,0,8,8,333,333,0,0.0,0.0,1,1,0,-1,6,6,8,1,418,140,773
556,153,359,937,980,43,112,112,953,953,0,0.0037441710065012424,0.004356853534837809,938,947,9,3,3,3,7,19,714,72,497
557,36,137,776,936,160,76,76,881,881,0,0.0007488342013002485,0.0007828721195411688,766,771,5,5,3,3,6,5,345,412,464
558,0,616,1,992,991,0,64,1,676,675,0.0,0.0030634126416828346,1,925,924,2,-1,3,10,0,99,994,69
559,13,13,560,560,0,30,30,540,540,0,0.000442492937131965,0.000442492937131965,696,696,0,-1,4,4,7,3,265,653,793
560,32,134,687,909,222,104,104,820,820,0,0.0009190237925048504,0.0009190237925048504,782,782,0,4,3,3,12,3,44,209,576
561,147,248,932,967,35,98,98,894,894,0,0.0028591851322373124,0.0028591851322373124,918,918,0,5,3,3,8,21,334,123,401
562,2,208,376,982,606,6,14,457,651,194,0.00013615167296368154,0.0030634126416828346,536,932,396,3,5,4,3,1,850,527,41
563,24,126,672,914,242,86,86,818,818,0,0.001055175465468532,0.001157289220191293,816,827,11,4,3,3,10,3,427,351,797
564,385,385,979,979,0,334,334,973,973,0,0.005207801490860819,0.005207801490860819,953,953,0,-1,2,2,21,36,25,48,574
565,6,212,494,978,484,8,12,522,634,112,0.00013615167296368154,0.0038462847612240037,516,940,424,3,4,4,2,1,723,420,20
566,30,132,741,939,198,28,28,598,598,0,0.0006126825283365669,0.0006126825283365669,733,733,0,4,4,4,6,9,455,198,598
567,0,102,1,919,918,0,9,1,380,379,0.0,0.00017018959120460194,1,550,549,4,-1,5,7,0,697,953,93
568,0,102,1,940,939,0,3,1,368,367,0.0,3.4037918240920386e-05,1,403,402,4,-1,5,2,0,980,358,487
569,41,247,768,966,198,104,104,882,882,0,0.0008169100377820892,0.0012594029749140542,778,830,52,3,3,3,9,5,263,165,439
570,6,108,388,887,499,37,37,413,413,0,0.0,3.4037918240920386e-05,1,397,396,4,4,4,17,2,24,679,837
571,0,0,1,1,0,0,0,1,1,0,0.0,0.0,1,1,0,-1,-1,-1,2,0,810,996,957
572,72,72,909,909,0,32,32,907,907,0,0.0017359338302869397,0.0017359338302869397,885,885,0,-1,3,3,2,18,924,171,851
573,0,101,1,930,929,0,3,1,331,330,0.0,0.0,1,1,0,7,-1,8,3,0,670,824,640
574,0,206,1,949,948,0,46,1,473,472,0.0,0.0014636304843595766,1,849,848,3,-1,4,15,0,0,400,157
575,6,108,519,961,442,3,4,389,467,78,6.807583648184077e-05,0.00034037918240920387,456,659,203,4,5,5,2,4,995,380,287
576,2,2,359,359,0,5,5,383,383,0,3.4037918240920386e-05,3.4037918240920386e-05,406,406,0,-1,5,5,3,2,687,719,796
577,27,233,774,983,209,32,32,907,907,0,0.0019061234214915416,0.002995336805200994,887,929,42,3,3,3,2,6,943,114,138
578,94,94,921,921,0,38,38,894,894,0,0.002212464685659825,0.002212464685659825,898,898,0,-1,3,3,3,12,844,58,790
579,28,644,706,994,288,52,62,656,700,44,0.0004765308553728854,0.0014636304843595766,697,844,147,2,4,3,10,8,243,286,471
580,14,14,491,491,0,56,56,452,452,0,0.00010211375472276115,0.00010211375472276115,465,465,0,-1,4,4,19,4,11,581,796
581,0,101,1,894,893,0,7,1,332,331,0.0,0.0,1,1,0,5,-1,6,7,0,179,803,807
582,40,246,779,971,192,74,74,905,905,0,0.0008509479560230097,0.00088498587426393,780,786,6,3,2,2,5,1,719,168,544
583,1,1,333,333,0,7,7,333,333,0,0.0,0.0,1,1,0,-1,6,6,7,1,658,140,569
584,20,636,679,998,319,22,36,587,719,132,0.0004765308553728854,0.004799346471969774,694,955,261,2,4,3,5,5,487,308,16
585,0,616,1,997,996,0,34,1,733,732,0.0,0.0026209197045508697,1,909,908,2,-1,3,6,0,529,934,94
586,44,44,790,790,0,64,64,765,765,0,0.0006467204465774873,0.0006467204465774873,732,732,0,-1,3,3,8,6,201,381,923
587,6,6,468,468,0,9,9,480,480,0,3.4037918240920386e-05,3.4037918240920386e-05,405,405,0,-1,4,4,3,3,712,578,709
588,279,381,978,988,10,86,86,942,942,0,0.006671431975220395,0.006739507811702236,971,971,0,4,3,3,6,45,465,77,167
589,0,102,1,917,916,0,9,1,400,399,0.0,0.00034037918240920387,1,668,667,4,-1,5,5,0,616,702,700
590,6,108,403,900,497,27,27,480,480,0,0.0,3.4037918240920386e-05,1,396,395,4,4,4,8,1,317,623,481
591,0,0,1,1,0,0,0,1,1,0,0.0,0.0,1,1,0,-1,-1,-1,2,0,964,933,993
592,0,0,1,1,0,0,0,1,1,0,0.0,0.0,1,1,0,-1,-1,-1,4,0,740,801,907
593,12,218,663,982,319,12,12,631,631,0,0.0006126825283365669,0.00088498587426393,738,798,60,3,4,4,2,3,625,209,259
594,19,121,687,934,247,44,44,829,829,0,0.0009190237925048504,0.0009530617107457708,805,810,5,4,3,3,4,3,304,438,342
595,0,206,1,965,964,0,13,1,451,450,0.0,0.00030634126416828345,1,641,640,3,-1,4,5,0,396,987,263
596,8,214,526,970,444,24,32,570,697,127,6.807583648184077e-05,0.0011913271384322134,457,836,379,3,4,4,6,3,764,508,412
597,0,206,1,970,969,0,17,1,516,515,0.0,0.00030634126416828345,1,640,639,3,-1,4,5,0,644,713,323
598,6,212,433,967,534,21,21,525,525,0,6.807583648184077e-05,0.00037441710065012424,449,655,206,3,4,4,5,4,390,512,550
599,31,133,783,944,161,25,25,728,728,0,0.0005446066918547262,0.0006126825283365669,731,747,16,4,3,3,4,7,544,176,319
600,12,114,525,894,369,48,48,576,576,0,0.00013615167296368154,0.00030634126416828345,511,620,109,4,4,4,10,2,99,468,310
601,10,112,554,922,368,16,16,462,462,0,0.00013615167296368154,0.0002723033459273631,512,614,102,4,4,4,6,3,455,526,869
602,0,102,1,942,941,0,3,1,371,370,0.0,0.00013615167296368154,1,521,520,4,-1,5,2,0,874,998,809
603,2,103,373,941,568,4,4,375,375,0,3.4037918240920386e-05,6.807583648184077e-05,409,455,46,5,5,5,3,1,785,606,518
604,0,616,1,996,995,0,48,1,721,720,0.0,0.00707988699411144,1,975,974,2,-1,3,7,0,359,808,0
605,0,101,1,964,963,0,3,1,330,329,0.0,0.0,1,1,0,5,-1,6,3,1,786,539,544
606,0,101,1,949,948,0,2,1,331,330,0.0,0.00013615167296368154,1,523,522,5,-1,6,2,0,702,372,579
607,0,0,1,1,0,0,0,1,1,0,0.0,0.0,1,1,0,-1,-1,-1,8,0,508,538,686
608,0,101,1,887,886,0,10,1,332,331,0.0,0.0,1,1,0,5,-1,6,10,0,259,702,298
609,0,102,1,870,869,0,25,1,368,367,0.0,0.00013615167296368154,1,506,505,4,-1,5,19,0,36,707,156
610,0,206,1,963,962,0,22,1,457,456,0.0,0.0010211375472276116,1,804,803,3,-1,4,9,1,190,693,62
611,0,0,1,1,0,0,0,1,1,0,0.0,0.0,1,1,0,-1,-1,-1,2,0,965,644,730
612,0,206,1,965,964,0,12,1,448,447,0.0,0.00010211375472276115,1,479,478,3,-1,4,5,0,667,388,425
613,35,241,839,982,143,12,12,661,661,0,0.0011913271384322134,0.0020082371762143027,837,892,55,3,4,4,2,14,940,139,189
614,8,624,515,997,482,12,44,439,811,372,0.00017018959120460194,0.008066986623098132,536,979,443,2,4,3,4,3,638,496,6
615,40,40,766,766,0,44,44,760,760,0,0.00037441710065012424,0.00037441710065012424,658,658,0,-1,3,3,4,7,503,253,811
616,52,154,795,930,135,60,60,611,611,0,0.00037441710065012424,0.0004084550188910446,661,673,12,4,3,3,11,10,76,262,580
617,421,523,983,985,2,240,240,992,992,0,0.007420266176520644,0.007794683277170768,971,971,0,4,2,2,12,49,292,31,333
618,38,654,716,991,275,106,116,732,765,33,0.00030634126416828345,0.001055175465468532,620,807,187,2,3,3,15,4,81,545,327
619,37,37,788,788,0,32,32,733,733,0,0.0009190237925048504,0.0009190237925048504,796,796,0,-1,3,3,5,7,765,399,228
620,0,0,1,1,0,0,0,1,1,0,0.0,0.0,1,1,0,-1,-1,-1,12,0,62,855,815
621,12,218,515,956,441,25,25,461,461,0,0.00017018959120460194,0.0004765308553728854,535,691,156,3,4,4,9,2,414,383,211
622,2,2,361,361,0,10,10,412,412,0,3.4037918240920386e-05,3.4037918240920386e-05,402,402,0,-1,5,5,5,1,390,530,867
623,0,0,1,1,0,0,0,1,1,0,0.0,0.0,1,1,0,-1,-1,-1,6,0,657,945,753
624,2,2,349,349,0,15,15,370,370,0,0.0,0.0,1,1,0,-1,5,5,11,2,167,615,668
625,24,640,717,997,280,36,36,730,730,0,0.0006126825283365669,0.002382654276864427,732,899,167,2,3,3,5,4,407,365,688
626,53,155,849,952,103,22,22,711,711,0,0.0019741992579733825,0.0019741992579733825,891,891,0,4,3,3,2,6,859,73,506
627,8,214,479,954,475,24,32,423,468,45,6.807583648184077e-05,0.0002042275094455223,456,579,123,3,4,4,10,2,114,599,655
628,12,218,497,950,453,39,52,471,546,75,6.807583648184077e-05,0.0018040096667687805,448,870,422,3,4,4,12,2,52,549,100
629,591,693,995,997,2,200,200,998,998,0,0.014500153170632085,0.014772456516559448,986,986,0,4,2,2,8,83,440,10,368
630,0,206,1,988,987,0,8,1,637,636,0.0,0.0022465026039007454,1,909,908,3,-1,4,2,2,933,431,82
631,6,6,440,440,0,12,12,460,460,0,6.807583648184077e-05,6.807583648184077e-05,453,453,0,-1,4,4,4,1,460,360,863
632,0,0,1,1,0,0,0,1,1,0,0.0,0.0,1,1,0,-1,-1,-1,15,0,107,546,725
633,0,206,1,971,970,0,11,1,452,451,0.0,0.0002723033459273631,1,615,614,3,-1,4,4,1,280,806,318
634,52,258,815,975,160,70,70,886,886,0,0.0026889955410327104,0.004322815616596889,910,953,43,3,2,2,6,4,514,281,119
635,0,616,1,990,989,0,75,1,515,514,0.0,0.0013955546478777359,1,844,843,2,-1,3,19,0,14,994,157
636,32,238,825,986,161,8,12,555,708,153,0.0007488342013002485,0.004220701861874128,785,950,165,3,4,4,2,6,806,136,297
637,0,102,1,907,906,0,10,1,366,365,0.0,0.0,1,1,0,4,-1,5,8,0,286,498,360
638,0,0,1,1,0,0,0,1,1,0,0.0,0.0,1,1,0,-1,-1,-1,5,0,848,917,779
639,2,2,345,345,0,44,44,360,360,0,3.4037918240920386e-05,3.4037918240920386e-05,389,389,0,-1,5,5,36,3,16,484,959
640,63,165,886,968,82,28,28,819,819,0,0.0018720855032506212,0.0020082371762143027,884,892,8,4,3,3,3,18,716,63,528
641,6,6,498,498,0,12,12,714,714,0,0.00034037918240920387,0.00034037918240920387,664,664,0,-1,4,4,2,1,876,655,929
642,0,206,1,975,974,0,11,1,474,473,0.0,0.0002042275094455223,1,566,565,3,-1,4,4,0,660,793,458
643,0,206,1,968,967,0,10,1,459,458,0.0,0.0013955546478777359,1,843,842,3,-1,4,3,0,778,367,128
644,0,206,1,976,975,0,10,1,508,507,0.0,0.000442492937131965,1,698,697,3,-1,4,3,0,835,588,610
645,14,14,552,552,0,60,60,574,574,0,0.00013615167296368154,0.00013615167296368154,515,515,0,-1,4,4,14,3,84,248,775
646,0,206,1,947,946,0,23,1,383,382,0.0,0.00010211375472276115,1,479,478,3,-1,4,15,0,102,951,347
647,32,238,730,968,238,42,42,629,629,0,0.000442492937131965,0.0005105687736138058,698,712,14,3,4,4,7,8,678,386,682
648,16,16,691,691,0,18,18,711,711,0,0.0005105687736138058,0.0005105687736138058,711,711,0,-1,4,4,3,4,693,333,702
649,89,295,910,982,72,60,60,919,919,0,0.002586881786309949,0.003608019333537561,911,938,27,3,3,3,5,19,601,91,393
650,0,206,1,970,969,0,11,1,453,452,0.0,0.0005786446100956465,1,731,730,3,-1,4,4,0,512,939,591
651,18,119,777,971,194,12,12,737,737,0,0.0005786446100956465,0.0008509479560230097,745,796,51,5,4,4,2,6,749,461,162
652,48,150,717,902,185,134,134,701,701,0,0.0007488342013002485,0.0007488342013002485,755,755,0,4,3,3,21,7,1,399,631
653,0,206,1,976,975,0,14,1,593,592,0.0,0.0030293747234419145,1,934,933,3,-1,4,3,1,708,641,76
654,0,101,1,932,931,0,4,1,330,329,0.0,3.4037918240920386e-05,1,399,398,5,-1,6,4,0,603,276,466
655,37,139,850,969,119,32,32,920,920,0,0.001497668402600497,0.0032336022328874367,873,934,61,4,3,3,2,11,913,193,133
656,100,201,942,978,36,22,22,818,818,0,0.002757071377514551,0.002757071377514551,928,928,0,6,3,3,2,20,838,38,621
657,65,65,876,876,0,40,40,867,867,0,0.0009530617107457708,0.0009530617107457708,812,812,0,-1,3,3,4,11,461,83,950
658,74,280,809,965,156,208,208,870,870,0,0.001599782157323258,0.0020763130126961434,858,888,30,3,2,2,19,5,46,283,351
659,424,630,990,995,5,120,120,979,979,0,0.010790020082371761,0.011606930120153852,984,984,0,3,2,2,6,78,345,9,224
660,6,6,438,438,0,18,18,534,534,0,0.0002723033459273631,0.0002723033459273631,615,615,0,-1,4,4,5,1,692,527,966
661,0,101,1,911,910,0,5,1,332,331,0.0,0.00013615167296368154,1,512,511,5,-1,6,5,0,528,926,444
662,28,130,718,922,204,36,36,597,597,0,0.0006126825283365669,0.0008509479560230097,738,781,43,4,4,4,8,10,440,296,150
663,16,118,525,889,364,134,134,811,811,0,0.0005105687736138058,0.0005786446100956465,701,719,18,4,3,3,14,1,85,480,164
664,20,20,638,638,0,30,30,519,519,0,0.00037441710065012424,0.00037441710065012424,665,665,0,-1,4,4,7,6,193,275,803
665,0,0,1,1,0,0,0,1,1,0,0.0,0.0,1,1,0,-1,-1,-1,6,0,764,712,798
666,0,0,1,1,0,0,0,1,1,0,0.0,0.0,1,1,0,-1,-1,-1,3,0,842,588,423
667,10,10,634,634,0,8,8,503,503,0,0.0002042275094455223,0.0002042275094455223,588,588,0,-1,5,5,4,5,860,182,987
668,2,104,386,960,574,5,5,439,439,0,3.4037918240920386e-05,0.0002042275094455223,405,582,177,4,5,5,3,1,852,799,90
669,105,206,958,981,23,38,38,928,928,0,0.005514142755029102,0.005548180673270023,958,958,0,5,3,3,3,27,922,25,544
670,0,0,1,1,0,0,0,1,1,0,0.0,0.0,1,1,0,-1,-1,-1,7,0,179,489,730
671,43,43,864,864,0,12,12,661,661,0,0.0018040096667687805,0.0018040096667687805,883,883,0,-1,4,4,2,14,940,84,698
672,58,58,848,848,0,56,56,837,837,0,0.0011913271384322134,0.0011913271384322134,834,834,0,-1,3,3,6,10,373,413,834
673,1,103,332,926,594,2,3,332,366,34,3.4037918240920386e-05,0.00037441710065012424,406,675,269,4,6,5,2,1,932,402,170
674,17,17,673,673,0,18,18,538,538,0,0.0004765308553728854,0.0004765308553728854,701,701,0,-1,4,4,5,5,795,362,726
675,0,0,1,1,0,0,0,1,1,0,0.0,0.0,1,1,0,-1,-1,-1,4,0,545,867,824
676,0,0,1,1,0,0,0,1,1,0,0.0,0.0,1,1,0,-1,-1,-1,2,0,742,565,751
677,10,216,546,968,422,18,30,491,632,141,6.807583648184077e-05,0.0016678579938050988,449,854,405,3,4,4,5,3,390,353,69
678,10,112,560,921,361,19,20,505,526,21,0.00010211375472276115,0.00017018959120460194,486,549,63,4,4,4,6,3,582,347,362
679,9,9,504,504,0,20,20,419,419,0,3.4037918240920386e-05,3.4037918240920386e-05,409,409,0,-1,4,4,9,5,803,570,968
680,0,0,1,1,0,0,0,1,1,0,0.0,0.0,1,1,0,-1,-1,-1,4,0,610,672,565
681,56,56,837,837,0,76,76,901,901,0,0.0018040096667687805,0.0018040096667687805,875,875,0,-1,2,2,6,5,295,535,934
682,19,121,689,939,250,24,24,674,674,0,0.0005105687736138058,0.0007828721195411688,703,766,63,4,3,3,5,5,601,710,165
683,140,756,930,998,68,92,92,900,900,0,0.002927260968719153,0.009020048333843901,916,978,62,2,3,3,7,20,472,95,6
684,2,618,358,993,635,14,74,397,824,427,0.0,0.003880322679464924,1,940,939,2,5,3,8,1,236,265,36
685,0,101,1,913,912,0,4,1,332,331,0.0,0.0,1,1,0,5,-1,6,4,1,512,895,694
686,132,132,963,963,0,56,56,984,984,0,0.008339289969025495,0.008339289969025495,975,975,0,-1,2,2,2,28,469,44,742
687,120,326,929,983,54,50,50,829,829,0,0.0021784267674189047,0.0024507301133462676,898,910,12,3,3,3,5,28,773,44,341
688,16,632,494,991,497,52,78,421,496,75,0.00017018959120460194,0.0008169100377820892,534,752,218,2,3,3,23,1,30,687,262
689,38,38,769,769,0,54,54,769,769,0,0.0007147962830593281,0.0007147962830593281,758,758,0,-1,3,3,7,10,413,195,737
690,12,218,579,973,394,16,24,482,567,85,0.0002042275094455223,0.0011232513019503727,556,816,260,3,4,4,6,6,664,424,59
691,0,102,1,964,963,0,5,1,454,453,0.0,0.00037441710065012424,1,678,677,4,-1,5,3,1,812,841,329
692,0,0,1,1,0,0,0,1,1,0,0.0,0.0,1,1,0,-1,-1,-1,2,0,987,994,884
693,0,102,1,919,918,0,4,1,364,363,0.0,6.807583648184077e-05,1,439,438,4,-1,5,3,0,989,939,719
694,12,114,605,940,335,22,22,596,596,0,0.00017018959120460194,0.0006126825283365669,549,748,199,4,4,4,5,5,647,362,591
695,0,206,1,968,967,0,12,1,441,440,0.0,0.00013615167296368154,1,525,524,3,-1,4,5,1,669,948,689
696,198,299,979,988,9,62,62,989,989,0,0.011504816365431091,0.011606930120153852,987,989,2,5,2,2,3,50,584,33,528
697,28,129,828,971,143,14,14,682,682,0,0.0009870996289866913,0.001157289220191293,809,834,25,5,4,4,3,9,668,130,628
698,26,232,708,971,263,40,40,704,704,0,0.0002382654276864427,0.00037441710065012424,590,672,82,3,3,3,5,5,818,124,493
699,3,105,443,935,492,5,8,368,457,89,0.0,0.00017018959120460194,1,550,549,4,5,5,4,2,811,694,417
700,6,6,444,444,0,12,12,402,402,0,3.4037918240920386e-05,3.4037918240920386e-05,407,407,0,-1,4,4,7,2,439,292,877
701,12,218,510,951,441,50,50,593,593,0,0.0002042275094455223,0.0006807583648184077,565,743,178,3,4,4,9,2,101,323,326
702,0,102,1,946,945,0,3,1,381,380,0.0,6.807583648184077e-05,1,460,459,4,-1,5,2,0,928,941,392
703,0,101,1,906,905,0,4,1,332,331,0.0,0.0,1,1,0,8,-1,9,4,0,391,733,448
704,44,44,820,820,0,24,24,706,706,0,0.00088498587426393,0.00088498587426393,791,791,0,-1,3,3,3,5,645,308,777
705,25,231,777,980,203,34,34,834,834,0,0.0007147962830593281,0.0014295925661186562,762,850,88,3,3,3,4,4,789,312,397
706,14,220,623,972,349,14,18,494,542,48,0.00034037918240920387,0.0022465026039007454,655,894,239,3,4,4,5,4,456,637,406
707,0,102,1,920,919,0,6,1,381,380,0.0,0.00017018959120460194,1,561,560,4,-1,5,4,0,649,992,532
708,2,208,351,952,601,15,34,359,453,94,0.0,0.0007828721195411688,1,765,764,3,5,4,13,3,228,181,209
709,16,222,621,972,351,32,32,699,699,0,0.0004084550188910446,0.001157289220191293,683,832,149,3,3,3,5,2,294,691,497
710,40,656,810,998,188,54,58,893,935,42,0.002110350930937064,0.009973110044589673,897,984,87,2,2,2,4,1,460,480,30
711,12,12,735,735,0,8,8,652,652,0,0.0005446066918547262,0.0005446066918547262,744,744,0,-1,4,4,2,6,872,114,514
712,0,616,1,993,992,0,36,1,473,472,0.0,0.0012934408931549745,1,831,830,2,-1,3,11,0,167,669,40
713,0,102,1,893,892,0,12,1,361,360,0.0,0.00010211375472276115,1,481,480,4,-1,5,10,0,527,826,325
714,0,102,1,945,944,0,4,1,426,425,0.0,0.0006126825283365669,1,748,747,4,-1,5,2,0,998,926,340
715,0,0,1,1,0,0,0,1,1,0,0.0,0.0,1,1,0,-1,-1,-1,5,2,524,709,358
716,9,215,570,976,406,18,18,646,646,0,0.00030634126416828345,0.000442492937131965,635,700,65,3,4,4,3,4,579,278,252
717,311,511,988,997,9,46,46,970,970,0,0.010415602981721638,0.011879233466081215,987,990,3,3,2,2,2,81,733,32,61
718,0,101,1,932,931,0,2,1,331,330,0.0,3.4037918240920386e-05,1,408,407,5,-1,6,2,0,931,821,781
719,0,101,1,928,927,0,5,1,331,330,0.0,0.0,1,1,0,8,-1,9,5,0,727,944,448
720,16,222,583,964,381,24,28,502,529,27,0.0002382654276864427,0.00034037918240920387,587,647,60,3,4,4,8,4,468,210,689
721,0,0,1,1,0,0,0,1,1,0,0.0,0.0,1,1,0,-1,-1,-1,12,0,116,489,889
722,0,206,1,977,976,0,13,1,562,561,0.0,0.0006807583648184077,1,758,757,3,-1,4,3,0,958,774,335
723,0,102,1,965,964,0,3,1,412,411,0.0,0.0002042275094455223,1,592,591,4,-1,5,2,0,987,571,236
724,70,171,896,970,74,22,22,816,816,0,0.0020082371762143027,0.0020422750944552232,888,890,2,5,3,3,2,27,739,304,575
725,0,101,1,893,892,0,9,1,332,331,0.0,0.0,1,1,0,5,-1,6,9,1,289,841,463
726,10,1650,503,1000,497,30,82,463,738,275,6.807583648184077e-05,0.010517716736444398,437,980,543,1,4,2,10,3,240,311,47
727,91,91,844,844,0,150,150,778,778,0,0.0008169100377820892,0.0008169100377820892,768,768,0,-1,3,3,21,14,2,387,423
728,8,214,501,959,458,26,34,509,576,67,0.00013615167296368154,0.0009530617107457708,514,801,287,3,4,4,7,2,221,791,559
729,2,2,345,345,0,11,11,358,358,0,0.0,0.0,1,1,0,-1,5,5,9,1,276,140,787
730,0,0,1,1,0,0,0,1,1,0,0.0,0.0,1,1,0,-1,-1,-1,22,0,18,939,921
731,23,229,688,970,282,54,54,866,866,0,0.0004084550188910446,0.0017018959120460194,681,871,190,3,3,3,4,5,500,619,203
732,19,225,619,958,339,50,54,542,563,21,0.00013615167296368154,0.0004084550188910446,511,672,161,3,4,4,13,8,242,477,545
733,0,102,1,930,929,0,4,1,403,402,0.0,0.00017018959120460194,1,539,538,4,-1,5,2,0,934,565,556
734,0,0,1,1,0,0,0,1,1,0,0.0,0.0,1,1,0,-1,-1,-1,10,0,310,517,276
735,44,146,774,920,146,82,82,740,740,0,0.0005786446100956465,0.0006467204465774873,729,742,13,4,3,3,11,4,230,246,829
736,0,206,1,972,971,0,18,1,505,504,0.0,0.001157289220191293,1,832,831,3,-1,4,5,0,616,833,183
737,6,107,509,950,441,10,10,555,555,0,0.0002042275094455223,0.0002382654276864427,592,615,23,6,4,4,3,2,911,550,430
738,175,381,958,985,27,78,78,960,960,0,0.005105687736138058,0.006433166547533953,958,969,11,3,2,2,4,21,694,157,44
739,12,218,594,974,380,14,14,564,564,0,0.00010211375472276115,0.0007488342013002485,485,769,284,3,4,4,3,4,855,346,90
740,0,0,1,1,0,0,0,1,1,0,0.0,0.0,1,1,0,-1,-1,-1,8,0,270,843,984
741,16,16,544,544,0,54,54,612,612,0,0.0002723033459273631,0.0002723033459273631,613,613,0,-1,3,3,10,1,75,370,675
742,6,6,375,375,0,76,76,492,492,0,3.4037918240920386e-05,3.4037918240920386e-05,393,393,0,-1,4,4,22,1,33,718,944
743,0,616,1,989,988,0,44,1,467,466,0.0,0.0007828721195411688,1,761,760,2,-1,3,16,0,134,847,653
744,18,18,638,638,0,30,30,626,626,0,0.0007488342013002485,0.0007488342013002485,778,778,0,-1,4,4,5,4,408,288,696
745,0,101,1,969,968,0,2,1,328,327,0.0,0.0,1,1,0,6,-1,7,2,0,813,955,749
746,12,12,610,610,0,26,26,653,653,0,0.0002723033459273631,0.0002723033459273631,618,618,0,-1,4,4,5,2,376,628,991
747,6,6,438,438,0,14,14,466,466,0,0.00010211375472276115,0.00010211375472276115,481,481,0,-1,4,4,5,1,311,555,863
748,0,0,1,1,0,0,0,1,1,0,0.0,0.0,1,1,0,-1,-1,-1,13,0,129,638,674
749,0,0,1,1,0,0,0,1,1,0,0.0,0.0,1,1,0,-1,-1,-1,4,0,401,880,881
750,78,180,914,972,58,42,42,970,970,0,0.003710133088260322,0.003812246842983083,945,946,1,4,2,2,2,15,979,92,609
751,1,102,333,906,573,5,5,333,333,0,0.0,0.0,1,1,0,5,6,6,5,1,392,703,935
752,44,44,783,783,0,72,72,832,832,0,0.000442492937131965,0.000442492937131965,681,681,0,-1,3,3,7,5,171,338,713
753,100,100,860,860,0,100,100,700,700,0,0.023350011913271386,0.023418087749753225,998,998,0,3,1,1,14,96,121,1,298
754,9,9,523,523,0,22,22,442,442,0,0.0,0.0,1,1,0,-1,4,4,9,3,202,526,894
755,30,132,719,922,203,58,58,754,754,0,0.0004084550188910446,0.0004084550188910446,684,684,0,4,3,3,7,6,714,107,566
756,0,102,1,893,892,0,11,1,365,364,0.0,0.00034037918240920387,1,646,645,4,-1,5,9,0,289,707,805
757,16,117,518,889,371,44,44,446,446,0,0.00010211375472276115,0.00010211375472276115,480,480,0,5,3,3,16,1,53,639,364
758,109,109,890,890,0,146,146,839,839,0,0.0012253650566731338,0.0012253650566731338,819,819,0,-1,3,3,15,20,104,189,881
759,22,124,705,931,226,60,60,881,881,0,0.0015317063208414173,0.0017018959120460194,867,876,9,4,3,3,5,3,766,559,280
760,0,0,1,1,0,0,0,1,1,0,0.0,0.0,1,1,0,-1,-1,-1,8,0,286,729,701
761,8,624,470,991,521,62,88,525,611,86,0.00013615167296368154,0.0013955546478777359,512,839,327,2,4,3,17,2,210,22,393
762,126,126,905,905,0,124,124,868,868,0,0.0018380475850097008,0.0018380475850097008,868,868,0,-1,3,3,12,19,194,59,745
763,430,430,995,995,0,48,48,943,943,0,0.013002484768031588,0.013002484768031588,991,991,0,-1,3,3,3,91,844,7,858
764,176,277,944,972,28,118,118,930,930,0,0.0034718676605738795,0.00353994349705572,927,931,4,5,2,2,9,28,319,98,364
765,6,6,427,427,0,8,8,438,438,0,6.807583648184077e-05,6.807583648184077e-05,460,460,0,-1,4,4,2,1,769,503,886
766,102,102,928,928,0,40,40,822,822,0,0.0015317063208414173,0.0015317063208414173,867,867,0,-1,3,3,5,20,574,109,348
767,0,206,1,964,963,0,40,1,598,597,0.0,0.0023486163586235067,1,902,901,3,-1,4,8,0,499,330,104
768,79,181,904,969,65,28,28,830,830,0,0.0020422750944552232,0.002144388849177984,887,894,7,4,3,3,3,19,639,144,653
769,2,208,367,977,610,5,14,400,587,187,0.00013615167296368154,0.0020422750944552232,527,895,368,3,5,4,3,1,770,452,35
770,6,212,438,969,531,12,22,443,545,102,3.4037918240920386e-05,0.0008509479560230097,410,799,389,3,4,4,5,1,665,639,185
771,2,2,392,392,0,3,3,399,399,0,0.0,0.0,1,1,0,-1,5,5,2,3,963,460,778
772,16,117,558,906,348,52,52,599,599,0,0.0004084550188910446,0.0004084550188910446,678,678,0,5,3,3,11,1,333,840,449
773,6,6,437,437,0,14,14,478,478,0,3.4037918240920386e-05,3.4037918240920386e-05,407,407,0,-1,4,4,5,4,519,512,782
774,2,208,363,971,608,5,10,364,446,82,0.0,0.00034037918240920387,1,660,659,3,5,4,4,3,280,676,284
775,0,206,1,933,932,0,28,1,367,366,0.0,6.807583648184077e-05,1,435,434,3,-1,4,21,0,74,900,342
776,64,64,870,870,0,76,76,924,924,0,0.002757071377514551,0.002757071377514551,919,919,0,-1,3,3,6,12,657,104,965
777,6,212,440,962,522,13,25,426,527,101,0.0,0.0006467204465774873,1,753,752,3,4,4,7,1,698,606,175
778,293,395,970,980,10,228,228,967,967,0,0.004322815616596889,0.004356853534837809,947,949,2,4,2,2,15,30,81,65,549
779,22,22,642,642,0,66,66,669,669,0,0.00030634126416828345,0.00030634126416828345,635,635,0,-1,3,3,10,4,204,149,573
780,4,4,483,483,0,3,3,375,375,0,0.00013615167296368154,0.00013615167296368154,516,516,0,-1,5,5,2,3,830,534,731
781,0,101,1,950,949,0,3,1,329,328,0.0,0.00010211375472276115,1,491,490,5,-1,6,3,1,984,573,537
782,70,276,810,961,151,230,230,899,899,0,0.001055175465468532,0.0014295925661186562,801,842,41,3,2,2,21,6,25,471,272
783,0,101,1,905,904,0,6,1,332,331,0.0,0.00017018959120460194,1,540,539,5,-1,6,6,1,328,948,311
784,96,96,912,912,0,44,44,849,849,0,0.0020082371762143027,0.0020082371762143027,894,894,0,-1,3,3,4,18,566,171,824
785,2,208,359,968,609,9,13,380,441,61,0.0,3.4037918240920386e-05,1,391,390,3,5,4,6,1,575,593,531
786,16,222,587,955,368,39,60,542,649,107,0.0002723033459273631,0.0011913271384322134,618,819,201,3,3,3,11,1,174,931,60
787,6,6,405,405,0,22,22,436,436,0,0.0,0.0,1,1,0,-1,4,4,9,3,803,321,367
788,2,2,387,387,0,3,3,392,392,0,3.4037918240920386e-05,3.4037918240920386e-05,411,411,0,-1,5,5,2,3,868,578,611
789,0,616,1,998,997,0,32,1,906,905,0.0,0.015214949453691413,1,992,991,2,-1,3,2,0,880,723,37
790,0,0,1,1,0,0,0,1,1,0,0.0,0.0,1,1,0,-1,-1,-1,5,2,561,752,828
791,0,0,1,1,0,0,0,1,1,0,0.0,0.0,1,1,0,-1,-1,-1,7,0,331,716,995
792,0,101,1,896,895,0,5,1,331,330,0.0,0.0,1,1,0,6,-1,7,5,0,793,831,437
793,39,245,765,969,204,66,66,825,825,0,0.0013274788113958951,0.0018720855032506212,839,872,33,3,3,3,6,8,425,161,155
794,274,375,978,989,11,38,38,861,861,0,0.007454304094761564,0.007692569522448007,975,976,1,5,3,3,3,49,621,16,500
795,12,12,537,537,0,22,22,477,477,0,3.4037918240920386e-05,3.4037918240920386e-05,408,408,0,-1,4,4,8,3,468,290,641
796,0,102,1,927,926,0,7,1,412,411,0.0,0.00030634126416828345,1,656,655,4,-1,5,4,0,777,974,507
797,22,123,721,948,227,22,22,716,716,0,0.00088498587426393,0.00088498587426393,795,795,0,5,3,3,4,6,581,275,534
798,16,16,605,605,0,48,48,696,696,0,0.00017018959120460194,0.00017018959120460194,550,550,0,-1,3,3,7,2,466,544,959
799,16,117,627,923,296,42,42,752,752,0,6.807583648184077e-05,0.00010211375472276115,452,491,39,5,3,3,6,2,522,652,430
800,0,0,1,1,0,0,0,1,1,0,0.0,0.0,1,1,0,-1,-1,-1,3,0,839,901,967
801,16,16,510,510,0,56,56,493,493,0,6.807583648184077e-05,6.807583648184077e-05,447,447,0,-1,3,3,16,1,42,964,942
802,92,194,892,964,72,30,30,684,684,0,0.0018720855032506212,0.001940161339732462,873,879,6,4,4,4,5,21,487,157,369
803,0,102,1,934,933,0,3,1,364,363,0.0,0.00034037918240920387,1,643,642,4,-1,5,2,0,954,732,299
804,128,128,944,944,0,32,32,907,907,0,0.0027911092957554717,0.0027911092957554717,923,923,0,-1,3,3,2,30,880,65,927
805,0,101,1,935,934,0,3,1,331,330,0.0,0.0002042275094455223,1,576,575,5,-1,6,3,1,825,895,386
806,12,12,590,590,0,16,16,529,529,0,0.00030634126416828345,0.00030634126416828345,637,637,0,-1,4,4,4,2,495,584,358
807,0,0,1,1,0,0,0,1,1,0,0.0,0.0,1,1,0,-1,-1,-1,5,3,496,882,732
808,7,7,528,528,0,12,12,464,464,0,6.807583648184077e-05,6.807583648184077e-05,452,452,0,-1,4,4,5,5,570,476,774
809,0,206,1,973,972,0,12,1,504,503,0.0,0.00013615167296368154,1,516,515,3,-1,4,4,0,696,907,168
810,0,0,1,1,0,0,0,1,1,0,0.0,0.0,1,1,0,-1,-1,-1,11,1,66,913,611
811,0,616,1,997,996,0,30,1,628,627,0.0,0.0030293747234419145,1,924,923,2,-1,3,6,0,556,758,69
812,0,206,1,969,968,0,10,1,453,452,0.0,0.0012594029749140542,1,847,846,3,-1,4,3,1,930,641,79
813,0,616,1,998,997,0,36,1,781,780,0.0,0.009496579189216788,1,980,979,2,-1,3,5,1,574,835,37
814,65,65,891,891,0,46,46,974,974,0,0.010824058000612683,0.010824058000612683,981,981,0,-1,2,2,2,6,881,295,927
815,0,616,1,988,987,0,65,1,501,500,0.0,0.00088498587426393,1,773,772,2,-1,3,18,0,64,911,184
816,8,8,615,615,0,8,8,600,600,0,0.00010211375472276115,0.00010211375472276115,499,499,0,-1,4,4,2,2,963,468,936
817,16,16,536,536,0,44,44,551,551,0,0.00017018959120460194,0.00017018959120460194,536,536,0,-1,3,3,9,1,100,762,889
818,12,12,627,627,0,13,13,609,609,0,0.00037441710065012424,0.00037441710065012424,670,670,0,-1,4,4,3,2,823,584,632
819,38,244,698,956,258,100,100,690,690,0,0.00034037918240920387,0.0011913271384322134,636,822,186,3,3,3,14,3,122,173,137
820,0,206,1,971,970,0,10,1,431,430,0.0,3.4037918240920386e-05,1,401,400,3,-1,4,5,0,533,974,627
821,63,269,863,980,117,74,74,961,961,0,0.0033016780693692774,0.0034037918240920387,924,926,2,3,2,2,5,4,291,125,441
822,4,210,417,966,549,8,12,415,464,49,0.00010211375472276115,0.0005446066918547262,477,714,237,3,5,4,4,3,717,290,160
823,9,215,578,974,396,18,26,554,664,110,0.00017018959120460194,0.002280540522141666,544,897,353,3,4,4,5,4,435,287,47
824,0,102,1,897,896,0,10,1,378,377,0.0,0.00034037918240920387,1,648,647,4,-1,5,7,0,413,988,562
825,0,0,1,1,0,0,0,1,1,0,0.0,0.0,1,1,0,-1,-1,-1,7,1,658,660,200
826,36,36,733,733,0,74,74,748,748,0,0.0006467204465774873,0.0006467204465774873,731,731,0,-1,3,3,9,6,164,192,820
827,8,109,511,919,408,26,26,619,619,0,0.0002042275094455223,0.0002042275094455223,580,580,0,5,4,4,5,2,338,724,402
828,0,616,1,998,997,0,24,1,747,746,0.0,0.002382654276864427,1,898,897,2,-1,3,3,1,592,830,47
829,58,264,760,949,189,132,132,670,670,0,0.0008509479560230097,0.00088498587426393,777,784,7,3,3,3,20,9,5,245,512
830,0,102,1,884,883,0,8,1,364,363,0.0,3.4037918240920386e-05,1,406,405,4,-1,5,6,0,425,855,265
831,0,0,1,1,0,0,0,1,1,0,0.0,0.0,1,1,0,-1,-1,-1,6,2,387,775,699
832,82,82,910,910,0,52,52,966,966,0,0.0051397256543789785,0.0051397256543789785,960,960,0,-1,2,2,3,12,826,104,802
833,1,103,332,940,608,2,3,332,377,45,0.0,3.4037918240920386e-05,1,403,402,4,6,5,2,1,894,924,597
834,94,196,877,951,74,100,100,896,896,0,0.0009530617107457708,0.0011232513019503727,793,818,25,4,3,3,9,12,250,155,473
835,0,616,1,992,991,0,61,1,559,558,0.0,0.0007147962830593281,1,747,746,2,-1,3,14,0,268,839,480
836,0,206,1,977,976,0,8,1,490,489,0.0,0.0018040096667687805,1,877,876,3,-1,4,2,0,970,950,108
837,11,11,642,642,0,8,8,525,525,0,0.0004084550188910446,0.0004084550188910446,676,676,0,-1,4,4,2,5,841,124,706
838,6,212,409,965,556,20,20,524,524,0,0.0,0.00013615167296368154,1,510,509,3,4,4,4,1,410,873,477
839,1,1,333,333,0,3,3,333,333,0,0.0,0.0,1,1,0,-1,7,7,3,2,579,344,876
840,6,622,414,993,579,29,60,467,643,176,3.4037918240920386e-05,0.0028591851322373124,408,916,508,2,4,3,11,1,271,322,35
841,0,0,1,1,0,0,0,1,1,0,0.0,0.0,1,1,0,-1,-1,-1,3,0,620,836,660
842,9,111,541,914,373,24,24,532,532,0,0.0002382654276864427,0.0005105687736138058,589,705,116,4,4,4,8,3,442,458,461
843,114,215,908,961,53,112,112,930,930,0,0.002314578440382586,0.002314578440382586,901,901,0,5,2,2,8,12,334,163,342
844,0,206,1,991,990,0,7,1,636,635,0.0,0.0006467204465774873,1,773,772,3,-1,4,2,0,813,980,86
845,19,19,613,613,0,78,78,776,776,0,0.0005105687736138058,0.0005105687736138058,705,705,0,-1,3,3,10,4,272,287,835
846,61,61,886,886,0,46,46,977,977,0,0.004220701861874128,0.004220701861874128,945,945,0,-1,2,2,2,8,841,187,665
847,2,2,357,357,0,8,8,372,372,0,0.0,0.0,1,1,0,-1,5,5,6,1,606,734,983
848,149,250,963,980,17,48,48,950,950,0,0.005037611899656217,0.005037611899656217,960,960,0,5,3,3,3,49,862,51,476
849,0,101,1,903,902,0,8,1,331,330,0.0,0.0,1,1,0,5,-1,6,8,0,431,698,292
850,100,100,849,849,0,100,100,595,595,0,0.009394465434494027,0.00976888253514415,976,978,2,3,1,1,21,5,2,393,259
851,49,151,825,946,121,20,20,543,543,0,0.0006807583648184077,0.0009870996289866913,752,813,61,4,4,4,4,12,671,159,316
852,171,273,963,980,17,44,44,872,872,0,0.005207801490860819,0.005684332346233704,962,964,2,4,3,3,4,54,787,28,390
853,0,206,1,964,963,0,17,1,416,415,0.0,3.4037918240920386e-05,1,406,405,3,-1,4,8,0,499,489,609
854,206,206,940,940,0,306,306,963,963,0,0.0035059055788147996,0.0035059055788147996,931,931,0,-1,2,2,19,12,83,58,780
855,23,23,689,689,0,24,24,524,524,0,0.00017018959120460194,0.00017018959120460194,542,542,0,-1,4,4,6,9,328,191,672
856,18,120,626,910,284,28,28,536,536,0,0.00034037918240920387,0.000442492937131965,657,691,34,4,3,3,7,2,299,491,300
857,0,206,1,959,958,0,19,1,438,437,0.0,6.807583648184077e-05,1,445,444,3,-1,4,8,0,260,832,280
858,42,248,744,958,214,84,84,706,706,0,0.0009190237925048504,0.0012934408931549745,785,832,47,3,3,3,12,6,87,295,188
859,0,206,1,977,976,0,18,1,680,679,0.0,0.005854521937438306,1,963,962,3,-1,4,3,0,288,975,1
860,12,114,663,964,301,9,9,564,564,0,0.0002042275094455223,0.000442492937131965,579,703,124,4,4,4,3,5,918,362,154
861,19,635,736,999,263,14,28,631,846,215,0.0004084550188910446,0.005003573981415297,690,957,267,2,4,3,3,5,797,454,57
862,0,616,1,998,997,0,21,1,691,690,0.0,0.0016678579938050988,1,866,865,2,-1,3,4,0,767,538,677
863,0,0,1,1,0,0,0,1,1,0,0.0,0.0,1,1,0,-1,-1,-1,6,0,267,359,707
864,72,174,881,962,81,68,68,961,961,0,0.005820484019197386,0.005888559855679227,962,963,1,4,2,2,4,9,424,242,86
865,0,101,1,924,923,0,4,1,331,330,0.0,3.4037918240920386e-05,1,393,392,5,-1,6,4,0,633,900,570
866,153,153,931,931,0,120,120,939,939,0,0.0035739814152966403,0.0035739814152966403,934,934,0,-1,2,2,10,23,527,122,936
867,2,103,358,916,558,7,7,359,359,0,3.4037918240920386e-05,3.4037918240920386e-05,412,412,0,6,5,5,6,1,405,437,344
868,0,0,1,1,0,0,0,1,1,0,0.0,0.0,1,1,0,-1,-1,-1,7,0,171,574,854
869,1,103,333,928,595,5,10,333,454,121,0.0,0.0010211375472276116,1,817,816,4,6,5,5,1,376,590,79
870,49,255,801,969,168,72,72,806,806,0,0.0012934408931549745,0.0016338200755641784,827,852,25,3,3,3,7,11,193,118,46
871,13,115,600,931,331,24,24,650,650,0,0.0004765308553728854,0.0007488342013002485,692,778,86,4,4,4,4,4,641,339,245
872,0,102,1,903,902,0,7,1,355,354,0.0,6.807583648184077e-05,1,440,439,4,-1,5,6,0,451,991,547
873,0,101,1,924,923,0,4,1,331,330,0.0,3.4037918240920386e-05,1,403,402,5,-1,6,4,0,706,855,441
874,1,207,331,978,647,3,14,331,630,299,0.0,0.0027911092957554717,1,923,922,3,6,4,3,1,916,788,25
875,0,102,1,905,904,0,8,1,357,356,0.0,3.4037918240920386e-05,1,403,402,4,-1,5,7,1,637,948,334
876,0,102,1,941,940,0,3,1,380,379,0.0,0.0002042275094455223,1,591,590,4,-1,5,2,0,817,979,132
877,66,66,804,804,0,130,130,777,777,0,0.0007488342013002485,0.0007488342013002485,750,750,0,-1,3,3,17,9,80,211,856
878,0,0,1,1,0,0,0,1,1,0,0.0,0.0,1,1,0,-1,-1,-1,6,0,432,489,514
879,23,639,748,998,250,26,26,789,789,0,0.00030634126416828345,0.002484768031587188,640,912,272,2,3,3,4,4,603,278,161
880,27,27,731,731,0,24,24,703,703,0,0.000442492937131965,0.000442492937131965,683,683,0,-1,3,3,3,5,927,528,433
881,90,90,888,888,0,54,54,881,881,0,0.0018040096667687805,0.0018040096667687805,867,867,0,-1,3,3,4,13,509,42,952
882,0,206,1,981,980,0,8,1,529,528,0.0,0.0002382654276864427,1,604,603,3,-1,4,2,0,928,205,215
883,2,208,355,962,607,12,42,388,645,257,6.807583648184077e-05,0.0032336022328874367,444,927,483,3,5,4,7,2,216,518,77
884,24,230,675,962,287,54,54,677,677,0,0.00013615167296368154,0.0002723033459273631,526,628,102,3,3,3,8,4,186,501,256
885,32,32,704,704,0,80,80,719,719,0,0.0007147962830593281,0.0007147962830593281,753,753,0,-1,3,3,10,7,114,224,564
886,28,234,744,973,229,28,28,752,752,0,0.0006807583648184077,0.0007147962830593281,757,764,7,3,3,3,3,3,703,519,935
887,2,208,364,977,613,2,8,333,501,168,3.4037918240920386e-05,0.0008169100377820892,398,782,384,3,7,4,2,5,739,605,366
888,25,126,723,935,212,38,38,706,706,0,0.00030634126416828345,0.0004084550188910446,641,676,35,5,3,3,6,6,405,107,805
889,0,101,1,945,944,0,3,1,332,331,0.0,0.0,1,1,0,5,-1,6,3,0,654,254,364
890,0,101,1,868,867,0,20,1,332,331,0.0,0.0,1,1,0,6,-1,7,20,0,61,205,861
891,0,616,1,990,989,0,53,1,450,449,0.0,0.0006807583648184077,1,739,738,2,-1,3,19,0,89,733,406
892,0,0,1,1,0,0,0,1,1,0,0.0,0.0,1,1,0,-1,-1,-1,2,0,991,986,983
893,0,0,1,1,0,0,0,1,1,0,0.0,0.0,1,1,0,-1,-1,-1,11,1,155,806,672
894,0,0,1,1,0,0,0,1,1,0,0.0,0.0,1,1,0,-1,-1,-1,8,0,334,979,798
895,0,206,1,953,952,0,42,1,501,500,0.0,0.00034037918240920387,1,648,647,3,-1,4,11,0,227,754,221
896,0,0,1,1,0,0,0,1,1,0,0.0,0.0,1,1,0,-1,-1,-1,4,1,655,573,729
897,32,32,803,803,0,22,22,792,792,0,0.0009870996289866913,0.0009870996289866913,810,810,0,-1,3,3,2,9,894,414,716
898,35,241,794,977,183,30,34,742,772,30,0.000442492937131965,0.0010892133837094523,699,825,126,3,3,3,4,6,495,516,62
899,305,305,976,976,0,132,132,967,967,0,0.005718370264474625,0.005718370264474625,965,965,0,-1,2,2,8,36,334,48,977
900,63,165,908,973,65,28,28,870,870,0,0.0013274788113958951,0.002280540522141666,852,907,55,4,3,3,3,17,608,45,393
901,9,9,623,623,0,8,8,530,530,0,0.0002723033459273631,0.0002723033459273631,626,626,0,-1,4,4,2,4,928,230,863
902,0,0,1,1,0,0,0,1,1,0,0.0,0.0,1,1,0,-1,-1,-1,3,0,797,548,940
903,26,26,686,686,0,31,31,518,518,0,6.807583648184077e-05,6.807583648184077e-05,450,450,0,-1,4,4,8,6,297,229,649
904,1,103,333,877,544,12,15,333,368,35,0.0,0.0002042275094455223,1,553,552,4,6,5,12,1,96,540,383
905,0,0,1,1,0,0,0,1,1,0,0.0,0.0,1,1,0,-1,-1,-1,10,3,161,882,915
906,2,103,419,974,555,3,3,437,437,0,3.4037918240920386e-05,0.0004084550188910446,412,709,297,5,5,5,2,2,978,384,326
907,8,109,580,947,367,6,6,468,468,0,0.0005786446100956465,0.0006126825283365669,741,751,10,5,5,5,3,6,840,275,442
908,1,103,332,946,614,2,3,332,375,43,0.0,0.000442492937131965,1,691,690,4,6,5,2,2,760,739,399
909,0,102,1,956,955,0,4,1,426,425,0.0,0.00013615167296368154,1,537,536,4,-1,5,2,0,742,965,551
910,6,6,489,489,0,8,8,510,510,0,3.4037918240920386e-05,3.4037918240920386e-05,411,411,0,-1,4,4,2,1,964,337,883
911,2,104,360,906,546,10,11,393,409,16,3.4037918240920386e-05,0.00017018959120460194,395,541,146,4,5,5,6,1,387,592,214
912,0,101,1,884,883,0,9,1,331,330,0.0,3.4037918240920386e-05,1,395,394,5,-1,6,9,0,414,324,543
913,0,0,1,1,0,0,0,1,1,0,0.0,0.0,1,1,0,-1,-1,-1,3,0,882,801,790
914,37,138,806,946,140,40,40,766,766,0,0.001055175465468532,0.001055175465468532,818,818,0,5,3,3,5,10,565,195,364
915,0,206,1,958,957,0,20,1,437,436,0.0,0.00037441710065012424,1,656,655,3,-1,4,9,0,168,608,211
916,2,2,370,370,0,4,4,401,401,0,6.807583648184077e-05,6.807583648184077e-05,460,460,0,-1,5,5,2,2,992,885,707
917,0,206,1,959,958,0,36,1,532,531,0.0,0.0009190237925048504,1,794,793,3,-1,4,8,1,186,235,71
918,2,104,359,915,556,7,8,376,388,12,0.0,0.00010211375472276115,1,477,476,4,5,5,5,1,290,337,631
919,28,28,761,761,0,24,24,673,673,0,0.0006126825283365669,0.0006126825283365669,740,740,0,-1,4,4,4,6,475,461,975
920,0,101,1,917,916,0,7,1,332,331,0.0,0.0,1,1,0,5,-1,6,7,0,697,715,717
921,42,42,818,818,0,40,40,760,760,0,0.0007488342013002485,0.0007488342013002485,768,768,0,-1,3,3,5,6,766,136,951
922,6,6,438,438,0,30,30,674,674,0,0.00010211375472276115,0.00010211375472276115,496,496,0,-1,4,4,5,1,363,655,793
923,0,101,1,902,901,0,9,1,332,331,0.0,6.807583648184077e-05,1,463,462,5,-1,6,9,1,119,828,492
924,22,22,619,619,0,72,72,655,655,0,0.00010211375472276115,0.00010211375472276115,480,480,0,-1,3,3,11,4,227,551,911
925,10,112,662,968,306,8,8,591,591,0,0.00013615167296368154,0.00030634126416828345,516,639,123,4,4,4,2,4,968,208,785
926,0,206,1,971,970,0,28,1,602,601,0.0,0.001055175465468532,1,808,807,3,-1,4,6,0,405,917,67
927,6,622,369,990,621,64,85,391,424,33,3.4037918240920386e-05,0.00030634126416828345,389,608,219,2,4,3,36,2,16,679,409
928,38,38,734,734,0,70,70,686,686,0,0.00030634126416828345,0.00030634126416828345,617,617,0,-1,3,3,11,3,163,704,991
929,0,206,1,971,970,0,16,1,565,564,0.0,0.001940161339732462,1,891,890,3,-1,4,4,0,563,918,69
930,246,246,977,977,0,64,64,954,954,0,0.005956635692161067,0.005956635692161067,965,965,0,-1,3,3,4,45,559,77,998
931,40,246,833,981,148,12,12,671,671,0,0.0009190237925048504,0.0013955546478777359,798,850,52,3,4,4,2,17,609,131,355
932,0,102,1,880,879,0,23,1,395,394,0.0,0.00030634126416828345,1,621,620,4,-1,5,13,0,129,856,516
933,2,103,395,962,567,4,4,470,470,0,6.807583648184077e-05,0.00013615167296368154,462,528,66,5,5,5,2,1,788,762,537
934,22,22,705,705,0,24,24,650,650,0,0.00037441710065012424,0.00037441710065012424,665,665,0,-1,4,4,4,7,652,253,914
935,0,0,1,1,0,0,0,1,1,0,0.0,0.0,1,1,0,-1,-1,-1,2,2,742,775,588
936,0,0,1,1,0,0,0,1,1,0,0.0,0.0,1,1,0,-1,-1,-1,9,0,190,946,812
937,0,102,1,971,970,0,4,1,466,465,0.0,0.0010892133837094523,1,829,828,4,-1,5,2,0,941,971,227
938,18,119,595,896,301,114,114,798,798,0,0.0005105687736138058,0.0005105687736138058,699,699,0,5,3,3,13,3,90,541,279
939,0,206,1,961,960,0,22,1,446,445,0.0,0.0002382654276864427,1,589,588,3,-1,4,9,0,180,276,482
940,0,1640,1,1000,999,0,112,1,927,926,0.0,0.023996732359848873,1,996,995,1,-1,2,8,0,428,784,2
941,8,8,471,471,0,30,30,398,398,0,6.807583648184077e-05,6.807583648184077e-05,437,437,0,-1,4,4,14,5,133,464,554
942,3,104,522,979,457,3,3,458,458,0,6.807583648184077e-05,0.000442492937131965,463,717,254,5,5,5,2,2,952,566,294
943,47,663,803,993,190,50,64,674,755,81,0.00034037918240920387,0.002484768031587188,646,903,257,2,3,3,8,11,380,316,203
944,126,126,933,933,0,60,60,867,867,0,0.002552843868069029,0.002552843868069029,910,910,0,-1,3,3,5,25,701,47,832
945,143,143,963,963,0,28,28,849,849,0,0.004595118962524252,0.004595118962524252,951,951,0,-1,3,3,3,31,856,76,926
946,8,214,572,978,406,8,8,521,521,0,0.00013615167296368154,0.00030634126416828345,526,646,120,3,4,4,2,2,681,628,727
947,0,206,1,970,969,0,10,1,457,456,0.0,0.0005105687736138058,1,722,721,3,-1,4,3,0,836,987,475
948,12,113,577,927,350,16,16,524,524,0,0.00034037918240920387,0.00037441710065012424,650,662,12,5,4,4,4,6,559,424,601
949,20,20,645,645,0,42,42,630,630,0,0.00013615167296368154,0.00013615167296368154,515,515,0,-1,3,3,8,7,420,451,776
950,17,223,650,971,321,16,20,508,562,54,0.0002382654276864427,0.001157289220191293,594,835,241,3,4,4,4,5,759,528,226
951,0,0,1,1,0,0,0,1,1,0,0.0,0.0,1,1,0,-1,-1,-1,4,0,652,849,709
952,0,206,1,976,975,0,11,1,490,489,0.0,0.0006467204465774873,1,749,748,3,-1,4,4,0,679,801,386
953,6,108,427,912,485,30,30,564,564,0,0.00010211375472276115,0.00037441710065012424,484,673,189,4,4,4,7,1,505,797,341
954,0,0,1,1,0,0,0,1,1,0,0.0,0.0,1,1,0,-1,-1,-1,10,0,254,945,796
955,0,0,1,1,0,0,0,1,1,0,0.0,0.0,1,1,0,-1,-1,-1,8,0,468,968,930
956,81,183,889,963,74,40,40,777,777,0,0.0016338200755641784,0.0017359338302869397,865,871,6,4,3,3,5,15,691,206,504
957,80,80,811,811,0,256,256,861,861,0,0.0008169100377820892,0.0008169100377820892,764,764,0,-1,2,2,25,3,17,610,922
958,2,104,360,926,566,4,5,361,379,18,0.0,0.00013615167296368154,1,524,523,4,5,5,3,3,819,578,369
959,0,101,1,919,918,0,5,1,332,331,0.0,0.0,1,1,0,6,-1,7,5,0,294,925,763
960,0,206,1,972,971,0,20,1,582,581,0.0,0.0020422750944552232,1,888,887,3,-1,4,4,0,650,955,26
961,17,223,680,980,300,12,12,604,604,0,0.0002723033459273631,0.001157289220191293,629,832,203,3,4,4,2,5,761,165,630
962,0,102,1,897,896,0,8,1,375,374,0.0,0.0002382654276864427,1,583,582,4,-1,5,5,0,793,696,805
963,12,12,530,530,0,34,34,559,559,0,0.00034037918240920387,0.00034037918240920387,645,645,0,-1,4,4,7,4,296,239,660
964,0,102,1,870,869,0,25,1,368,367,0.0,0.00013615167296368154,1,506,505,4,-1,5,19,0,36,745,238
965,62,268,845,974,129,46,50,789,806,17,0.001055175465468532,0.002552843868069029,809,908,99,3,3,3,5,13,377,120,158
966,0,0,1,1,0,0,0,1,1,0,0.0,0.0,1,1,0,-1,-1,-1,4,0,280,455,665
967,104,720,891,994,103,106,116,845,866,21,0.0018720855032506212,0.004901460226692535,879,954,75,2,3,3,11,17,224,213,26
968,182,182,963,963,0,22,22,741,741,0,0.0046972327172470135,0.0046972327172470135,953,953,0,-1,3,3,2,54,905,28,950
969,0,102,1,943,942,0,6,1,443,442,0.0,0.001055175465468532,1,825,824,4,-1,5,3,0,862,875,171
970,0,206,1,951,950,0,34,1,503,502,0.0,0.0015657442390823377,1,857,856,3,-1,4,9,0,123,790,119
971,0,101,1,905,904,0,7,1,331,330,0.0,6.807583648184077e-05,1,447,446,5,-1,6,7,0,141,587,550
972,6,107,463,935,472,8,8,471,471,0,0.0,0.00010211375472276115,1,487,486,5,4,4,3,3,710,755,311
973,15,221,623,972,349,22,26,574,627,53,0.00017018959120460194,0.00966676878042139,544,984,440,3,4,4,5,5,552,487,11
974,16,16,542,542,0,100,100,698,698,0,0.00034037918240920387,0.00034037918240920387,638,638,0,-1,3,3,14,1,332,474,728
975,568,670,997,997,0,86,86,942,942,0,0.012151536812008578,0.012219612648490419,987,987,0,4,3,3,6,96,515,1,251
976,40,142,860,973,113,18,18,769,769,0,0.001157289220191293,0.0012594029749140542,841,847,6,4,4,4,3,18,883,148,545
977,2,2,383,383,0,4,4,428,428,0,0.00013615167296368154,0.00013615167296368154,528,528,0,-1,5,5,2,1,946,807,604
978,2,208,357,970,613,10,14,430,474,44,3.4037918240920386e-05,0.0009190237925048504,397,795,398,3,5,4,5,1,656,527,415
979,6,212,470,976,506,10,18,489,648,159,0.00017018959120460194,0.008509479560230097,543,977,434,3,4,4,3,1,903,500,11
980,0,0,1,1,0,0,0,1,1,0,0.0,0.0,1,1,0,-1,-1,-1,15,0,95,455,814
981,0,102,1,921,920,0,7,1,397,396,0.0,0.00013615167296368154,1,512,511,4,-1,5,4,0,545,675,655
982,568,568,989,989,0,396,396,978,978,0,0.008373327887266415,0.008373327887266415,975,975,0,-1,2,2,23,59,4,5,769
983,0,102,1,958,957,0,4,1,441,440,0.0,0.00030634126416828345,1,635,634,4,-1,5,2,0,982,793,327
984,434,434,990,990,0,156,156,993,993,0,0.013410939786922631,0.013410939786922631,985,985,0,-1,2,2,8,59,449,5,546
985,17,633,615,995,380,26,48,508,648,140,0.0002382654276864427,0.0018720855032506212,600,875,275,2,4,3,7,6,331,229,60
986,0,206,1,980,979,0,8,1,570,569,0.0,0.001599782157323258,1,879,878,3,-1,4,2,0,995,821,151
987,0,102,1,927,926,0,6,1,418,417,0.0,0.00030634126416828345,1,628,627,4,-1,5,3,1,627,852,381
988,70,70,825,825,0,120,120,793,793,0,0.0012253650566731338,0.0012253650566731338,826,826,0,-1,2,2,14,7,144,303,946
989,25,127,788,962,174,28,28,837,837,0,0.0012934408931549745,0.0020763130126961434,849,898,49,4,3,3,3,4,798,185,166
990,24,125,701,923,222,38,38,722,722,0,0.0006126825283365669,0.0006467204465774873,731,742,11,5,3,3,6,4,575,622,781
991,124,124,931,931,0,76,76,901,901,0,0.0028591851322373124,0.0028591851322373124,910,910,0,-1,3,3,6,19,275,135,801
992,60,266,829,975,146,70,70,899,899,0,0.001157289220191293,0.0014295925661186562,815,842,27,3,3,3,5,5,546,418,290
993,0,101,1,947,946,0,3,1,331,330,0.0,0.00013615167296368154,1,521,520,5,-1,6,3,0,798,847,124
994,16,222,554,962,408,50,50,595,595,0,0.00010211375472276115,0.0011232513019503727,470,816,346,3,3,3,10,1,259,110,179
995,66,168,897,972,75,22,22,850,850,0,0.002723033459273631,0.002927260968719153,925,927,2,4,3,3,2,12,938,179,347
996,8,8,573,573,0,4,4,404,404,0,0.00030634126416828345,0.00030634126416828345,649,649,0,-1,5,5,2,6,977,279,850
997,2,2,350,350,0,22,22,384,384,0,0.00010211375472276115,0.00010211375472276115,479,479,0,-1,5,5,13,1,165,771,713
998,15,631,620,997,377,20,30,596,735,139,0.00037441710065012424,0.0018720855032506212,669,871,202,2,4,3,4,5,740,591,465
999,0,102,1,886,885,0,8,1,350,349,0.0,6.807583648184077e-05,1,439,438,4,-1,5,7,1,591,730,156
