,FreeNet_pre_score,FreeNet_post_score,FreeNet_pre_rank,FreeNet_post_rank,FreeNet_delta_ranks,Reversed_pre_score,Reversed_post_score,Reversed_pre_rank,Reversed_post_rank,Reversed_delta_ranks,Random_pre_score,Random_post_score,Random_pre_rank,Random_post_rank,Random_delta_ranks,dist_victim_relayer,dist_victim_vilain_pre,dist_victim_vilain_post,out_deg_victim,in_deg_villain,victim,villain,relayer
0,6,6,375,375,0,37,37,382,382,0,3.4037918240920386e-05,3.4037918240920386e-05,393,393,0,-1,4,4,22,2,33,509,825
1,2,2,380,380,0,5,5,417,417,0,6.807583648184077e-05,6.807583648184077e-05,447,447,0,-1,5,5,3,2,786,313,235
2,1,207,333,955,622,10,28,333,455,122,0.0,0.0004084550188910446,1,672,671,3,7,4,10,2,99,582,52
3,4,4,443,443,0,6,6,419,419,0,3.4037918240920386e-05,3.4037918240920386e-05,406,406,0,-1,5,5,3,2,627,244,433
4,0,0,1,1,0,0,0,1,1,0,0.0,0.0,1,1,0,-1,-1,-1,12,0,96,372,921
5,14,14,565,565,0,40,40,602,602,0,0.00030634126416828345,0.00030634126416828345,624,624,0,-1,4,4,8,3,443,236,989
6,1,103,333,930,597,4,5,333,368,35,0.0,0.0002382654276864427,1,603,602,4,6,5,4,1,491,861,443
7,65,65,817,817,0,96,96,677,677,0,0.0009190237925048504,0.0009190237925048504,788,788,0,-1,3,3,16,10,134,366,660
8,0,102,1,928,927,0,5,1,356,355,0.0,3.4037918240920386e-05,1,395,394,4,-1,5,4,0,635,813,361
9,40,246,753,964,211,62,82,664,773,109,0.0007828721195411688,0.002212464685659825,768,886,118,3,2,2,10,1,82,531,73
10,8,109,479,898,419,24,24,423,423,0,6.807583648184077e-05,6.807583648184077e-05,456,456,0,6,4,4,10,2,114,549,692
11,0,101,1,902,901,0,9,1,332,331,0.0,0.0,1,1,0,6,-1,7,9,0,119,548,861
12,51,257,849,979,130,44,44,872,872,0,0.0012253650566731338,0.003199564314646516,838,932,94,3,3,3,4,8,611,204,55
13,12,218,587,972,385,32,36,625,677,52,0.00013615167296368154,0.0007488342013002485,509,776,267,3,4,4,6,2,253,827,312
14,0,102,1,945,944,0,4,1,431,430,0.0,0.00037441710065012424,1,667,666,4,-1,5,2,2,951,271,308
15,21,21,643,643,0,28,28,518,518,0,0.0002723033459273631,0.0002723033459273631,614,614,0,-1,4,4,6,6,312,279,954
16,0,101,1,969,968,0,2,1,330,329,0.0,3.4037918240920386e-05,1,400,399,5,-1,6,2,0,813,774,464
17,0,102,1,919,918,0,3,1,359,358,0.0,0.0,1,1,0,4,-1,5,2,0,893,673,506
18,102,203,952,982,30,32,32,938,938,0,0.003948398515946765,0.003982436434187685,946,948,2,5,3,3,2,26,897,112,899
19,32,648,722,995,273,60,70,682,736,54,0.00017018959120460194,0.002757071377514551,552,919,367,2,3,3,9,6,147,486,211
20,41,41,760,760,0,80,80,766,766,0,0.0008169100377820892,0.0008169100377820892,778,778,0,-1,3,3,10,9,211,293,713
21,20,226,691,972,281,22,26,672,735,63,0.0005105687736138058,0.0009870996289866913,713,806,93,3,3,3,4,3,545,677,485
22,0,101,1,887,886,0,11,1,332,331,0.0,0.0,1,1,0,5,-1,6,11,0,234,533,734
23,34,240,685,954,269,164,164,889,889,0,0.0005446066918547262,0.0009530617107457708,703,787,84,3,3,3,14,5,133,589,473
24,0,0,1,1,0,0,0,1,1,0,0.0,0.0,1,1,0,-1,-1,-1,11,0,229,817,979
25,0,0,1,1,0,0,0,1,1,0,0.0,0.0,1,1,0,-1,-1,-1,4,1,619,428,813
26,40,142,734,918,184,102,102,789,789,0,0.0006467204465774873,0.0006467204465774873,726,726,0,4,3,3,12,6,143,381,748
27,0,206,1,957,956,0,16,1,398,397,0.0,0.0002382654276864427,1,589,588,3,-1,4,9,0,126,943,188
28,22,228,739,977,238,22,22,805,805,0,0.0004765308553728854,0.00088498587426393,701,792,91,3,3,3,2,3,609,610,224
29,24,230,650,959,309,60,64,606,633,27,0.0004084550188910446,0.0004765308553728854,667,691,24,3,3,3,11,7,150,427,222
30,0,102,1,927,926,0,8,1,404,403,0.0,0.00010211375472276115,1,483,482,4,-1,5,5,0,463,713,136
31,0,101,1,884,883,0,9,1,332,331,0.0,6.807583648184077e-05,1,441,440,5,-1,6,9,3,202,348,398
32,222,323,960,977,17,168,168,957,957,0,0.003982436434187685,0.003982436434187685,941,941,0,8,2,2,10,26,149,112,647
33,0,616,1,990,989,0,80,1,661,660,0.0,0.003710133088260322,1,939,938,2,-1,3,13,0,160,973,142
34,0,102,1,924,923,0,5,1,379,378,0.0,0.00010211375472276115,1,490,489,4,-1,5,3,1,592,895,704
35,0,0,1,1,0,0,0,1,1,0,0.0,0.0,1,1,0,-1,-1,-1,4,0,558,868,254
36,0,206,1,978,977,0,9,1,474,473,0.0,0.0004084550188910446,1,676,675,3,-1,4,3,0,676,863,46
37,1,103,333,958,625,2,3,333,381,48,0.0,6.807583648184077e-05,1,446,445,4,6,5,2,1,878,861,222
38,24,126,730,936,206,30,30,690,690,0,0.0007147962830593281,0.0012253650566731338,755,839,84,4,4,4,5,7,452,169,177
39,0,616,1,999,998,0,18,1,785,784,0.0,0.003437829742332959,1,931,930,2,-1,3,2,0,713,446,138
40,2,104,356,902,546,13,13,400,400,0,6.807583648184077e-05,0.00010211375472276115,460,491,31,4,5,5,7,1,273,931,385
41,6,108,432,917,485,26,26,611,611,0,6.807583648184077e-05,0.0002042275094455223,453,567,114,4,4,4,5,1,467,666,519
42,48,664,761,991,230,138,148,842,871,29,0.0017018959120460194,0.0024166921951053475,865,906,41,2,2,2,13,3,115,390,470
43,0,0,1,1,0,0,0,1,1,0,0.0,0.0,1,1,0,-1,-1,-1,2,0,866,860,745
44,0,102,1,903,902,0,13,1,387,386,0.0,0.0002382654276864427,1,590,589,4,-1,5,8,0,301,624,424
45,34,135,770,938,168,32,32,705,705,0,0.0006126825283365669,0.0006807583648184077,734,754,20,5,3,3,5,6,669,377,687
46,16,118,498,883,385,84,84,542,542,0,0.000442492937131965,0.0005105687736138058,672,697,25,4,3,3,19,1,46,500,394
47,313,415,991,995,4,64,64,975,975,0,0.010007147962830594,0.010211375472276116,984,985,1,4,3,3,4,78,480,9,256
48,48,48,810,810,0,60,60,859,859,0,0.0006807583648184077,0.0006807583648184077,749,749,0,-1,3,3,5,5,506,221,993
49,1,207,333,952,619,15,23,333,389,56,0.0,3.4037918240920386e-05,1,412,411,3,6,4,15,1,138,590,544
50,77,77,903,903,0,28,28,815,815,0,0.001940161339732462,0.001940161339732462,887,887,0,-1,3,3,3,24,530,129,927
51,0,102,1,891,890,0,10,1,370,369,0.0,3.4037918240920386e-05,1,399,398,4,-1,5,7,0,436,832,370
52,2,104,368,943,575,5,6,369,389,20,0.0,0.000442492937131965,1,693,692,4,5,5,4,1,794,606,284
53,134,134,909,909,0,130,130,913,913,0,0.002110350930937064,0.002110350930937064,886,886,0,-1,2,2,11,20,360,189,502
54,1,103,333,928,595,5,7,333,386,53,3.4037918240920386e-05,6.807583648184077e-05,402,446,44,4,6,5,5,1,602,621,617
55,0,616,1,993,992,0,29,1,406,405,0.0,0.0006126825283365669,1,717,716,2,-1,3,13,0,92,985,563
56,0,101,1,929,928,0,4,1,332,331,0.0,0.0,1,1,0,7,-1,8,4,0,507,517,626
57,3,3,415,415,0,10,10,418,418,0,6.807583648184077e-05,6.807583648184077e-05,448,448,0,-1,5,5,5,5,386,225,966
58,0,102,1,921,920,0,6,1,381,380,0.0,0.000442492937131965,1,698,697,4,-1,5,4,1,344,895,209
59,0,102,1,960,959,0,3,1,395,394,0.0,0.00010211375472276115,1,502,501,4,-1,5,2,0,847,817,694
60,110,212,887,950,63,222,222,965,965,0,0.004186663943633207,0.004220701861874128,942,942,0,4,2,2,14,6,172,73,743
61,8,214,513,966,453,26,26,576,576,0,0.0,0.0013274788113958951,1,847,846,3,4,4,5,3,408,508,269
62,0,0,1,1,0,0,0,1,1,0,0.0,0.0,1,1,0,-1,-1,-1,12,0,252,715,981
63,12,113,605,940,335,17,17,532,532,0,0.00010211375472276115,0.00010211375472276115,493,493,0,7,4,4,5,5,647,350,626
64,0,102,1,896,895,0,10,1,366,365,0.0,3.4037918240920386e-05,1,402,401,4,-1,5,8,0,142,872,527
65,286,902,970,997,27,258,258,974,974,0,0.003710133088260322,0.006603356138738555,941,967,26,2,2,2,15,31,37,35,48
66,16,16,609,609,0,48,48,721,721,0,0.0002382654276864427,0.0002382654276864427,598,598,0,-1,3,3,7,1,497,667,664
67,0,102,1,933,932,0,5,1,398,397,0.0,0.0002723033459273631,1,612,611,4,-1,5,3,0,640,436,363
68,0,206,1,954,953,0,26,1,464,463,0.0,0.0002382654276864427,1,584,583,3,-1,4,9,0,381,794,541
69,0,0,1,1,0,0,0,1,1,0,0.0,0.0,1,1,0,-1,-1,-1,3,0,485,905,865
70,80,286,917,989,72,22,22,820,820,0,0.001599782157323258,0.003165526396405596,871,933,62,3,3,3,2,19,896,144,397
71,0,102,1,887,886,0,29,1,399,398,0.0,0.0002042275094455223,1,561,560,4,-1,5,16,0,60,728,262
72,0,0,1,1,0,0,0,1,1,0,0.0,0.0,1,1,0,-1,-1,-1,3,1,902,529,965
73,6,107,425,908,483,22,22,479,479,0,6.807583648184077e-05,6.807583648184077e-05,461,461,0,6,4,4,7,1,525,799,621
74,5,107,576,977,401,4,4,508,508,0,0.0002723033459273631,0.0005105687736138058,625,721,96,4,5,5,2,7,944,451,252
75,48,150,773,924,151,122,122,863,863,0,0.0009530617107457708,0.0011913271384322134,789,819,30,4,3,3,12,3,212,382,507
76,0,0,1,1,0,0,0,1,1,0,0.0,0.0,1,1,0,-1,-1,-1,2,0,890,994,822
77,55,55,843,843,0,18,18,624,624,0,0.0016338200755641784,0.0016338200755641784,870,870,0,-1,4,4,3,13,703,42,737
78,0,616,1,999,998,0,28,1,790,789,0.0,0.006024711528642908,1,965,964,2,-1,3,3,0,958,994,21
79,52,52,873,873,0,28,28,862,862,0,0.0019061234214915416,0.0019061234214915416,883,883,0,-1,3,3,3,19,768,144,472
80,6,212,420,961,541,18,26,448,522,74,0.00013615167296368154,0.0004765308553728854,516,690,174,3,4,4,7,1,340,481,176
81,15,117,731,968,237,8,8,599,599,0,0.00034037918240920387,0.0007488342013002485,666,779,113,4,4,4,2,5,981,510,377
82,125,125,964,964,0,32,32,957,957,0,0.003982436434187685,0.003982436434187685,949,949,0,-1,3,3,2,44,994,27,820
83,0,0,1,1,0,0,0,1,1,0,0.0,0.0,1,1,0,-1,-1,-1,7,0,264,649,731
84,37,139,754,929,175,52,52,681,681,0,0.000442492937131965,0.0005786446100956465,686,728,42,4,3,3,9,6,177,432,435
85,14,116,566,910,344,36,36,626,626,0,0.00034037918240920387,0.0004765308553728854,651,715,64,4,4,4,6,3,368,507,378
86,0,206,1,954,953,0,19,1,451,450,0.0,0.0005446066918547262,1,719,718,3,-1,4,8,0,508,851,264
87,46,46,707,707,0,224,224,844,844,0,0.0014636304843595766,0.0014636304843595766,844,844,0,-1,2,2,24,3,28,559,786
88,0,102,1,933,932,0,6,1,423,422,0.0,0.001055175465468532,1,829,828,4,-1,5,3,0,615,735,129
89,111,111,904,904,0,108,108,948,948,0,0.0029612988869600733,0.0029612988869600733,923,923,0,-1,2,2,8,20,325,87,235
90,26,26,693,693,0,52,52,693,693,0,0.0002042275094455223,0.0002042275094455223,565,565,0,-1,3,3,9,5,339,252,685
91,20,20,696,696,0,16,16,537,537,0,0.00013615167296368154,0.00013615167296368154,511,511,0,-1,4,4,4,6,403,258,938
92,0,0,1,1,0,0,0,1,1,0,0.0,0.0,1,1,0,-1,-1,-1,3,0,953,564,925
93,0,206,1,939,938,0,33,1,385,384,0.0,0.0002042275094455223,1,567,566,3,-1,4,20,0,88,620,378
94,6,107,537,962,425,8,8,589,589,0,6.807583648184077e-05,0.00010211375472276115,452,491,39,5,4,4,2,1,481,609,505
95,9,111,723,981,258,12,12,869,869,0,0.0004084550188910446,0.0020422750944552232,696,899,203,4,4,4,2,3,955,318,27
96,2,2,361,361,0,7,7,362,362,0,0.0,0.0,1,1,0,-1,5,5,6,2,328,374,702
97,4,210,403,959,556,12,19,377,444,67,0.0,0.000442492937131965,1,681,680,3,5,4,8,2,146,547,343
98,0,102,1,906,905,0,9,1,377,376,0.0,0.00013615167296368154,1,509,508,4,-1,5,6,0,328,725,210
99,41,142,812,943,131,34,34,744,744,0,0.0004084550188910446,0.0004084550188910446,685,685,0,5,3,3,4,9,504,212,755
100,62,163,870,957,87,32,32,875,875,0,0.001497668402600497,0.001497668402600497,866,866,0,6,3,3,2,15,971,206,344
101,34,650,686,991,305,108,136,708,786,78,0.0005105687736138058,0.003165526396405596,694,924,230,2,3,3,16,4,151,333,128
102,15,116,613,928,315,12,12,496,496,0,0.00037441710065012424,0.00037441710065012424,653,653,0,5,4,4,4,5,520,241,893
103,6,1646,414,1000,586,20,72,430,774,344,3.4037918240920386e-05,0.012900371013308825,400,988,588,1,4,2,9,1,394,899,106
104,0,206,1,976,975,0,8,1,493,492,0.0,0.00037441710065012424,1,676,675,3,-1,4,2,0,609,254,253
105,17,118,719,960,241,12,12,671,671,0,0.0004765308553728854,0.0005446066918547262,706,726,20,5,4,4,2,6,998,376,202
106,386,586,991,997,6,32,32,900,900,0,0.009598692943939549,0.010824058000612683,982,984,2,3,3,3,2,92,589,30,97
107,170,272,970,982,12,86,86,994,994,0,0.01143674052894925,0.011913271384322134,988,988,0,4,2,2,3,19,729,133,296
108,21,21,798,798,0,12,12,732,732,0,0.0006807583648184077,0.0006807583648184077,766,766,0,-1,4,4,2,6,481,295,657
109,0,206,1,973,972,0,10,1,492,491,0.0,0.0007828721195411688,1,784,783,3,-1,4,3,0,583,587,377
110,0,102,1,909,908,0,8,1,357,356,0.0,3.4037918240920386e-05,1,406,405,4,-1,5,7,0,477,833,196
111,28,130,667,910,243,76,76,754,754,0,0.0004084550188910446,0.0005446066918547262,668,698,30,4,3,3,10,4,109,233,648
112,6,212,422,963,541,22,22,496,496,0,0.00013615167296368154,0.000442492937131965,510,686,176,3,4,4,7,4,214,512,691
113,6,212,417,960,543,15,28,425,552,127,0.0,0.001599782157323258,1,858,857,3,4,4,6,2,425,320,53
114,0,0,1,1,0,0,0,1,1,0,0.0,0.0,1,1,0,-1,-1,-1,8,0,308,983,928
115,4,210,500,989,489,4,8,439,591,152,0.0,0.0012253650566731338,1,844,843,3,5,4,2,3,997,361,213
116,0,0,1,1,0,0,0,1,1,0,0.0,0.0,1,1,0,-1,-1,-1,6,3,405,746,798
117,18,120,642,925,283,36,36,732,732,0,0.0005105687736138058,0.0009530617107457708,699,802,103,4,3,3,5,2,457,22,67
118,40,140,801,942,141,34,34,756,756,0,0.0009530617107457708,0.0009530617107457708,805,805,0,4,3,3,4,7,858,218,392
119,6,107,399,893,494,24,24,429,429,0,3.4037918240920386e-05,0.00010211375472276115,391,474,83,5,4,4,10,2,82,560,807
120,1,617,331,1000,669,4,34,331,854,523,3.4037918240920386e-05,0.009360427516253106,406,981,575,2,6,3,4,1,754,781,44
121,6,622,434,996,562,16,46,452,741,289,3.4037918240920386e-05,0.010211375472276116,398,981,583,2,4,3,6,1,441,360,23
122,2,1642,365,1000,635,7,64,412,961,549,3.4037918240920386e-05,0.02733244834745907,404,996,592,1,5,2,4,1,673,762,123
123,48,150,857,965,108,48,48,957,957,0,0.010926171755335444,0.011266550937744648,984,984,0,4,2,2,3,4,871,239,306
124,32,238,696,964,268,76,76,742,742,0,0.0005446066918547262,0.0007488342013002485,716,759,43,3,3,3,10,5,272,535,681
125,2,2,344,344,0,23,23,396,396,0,0.0,0.0,1,1,0,-1,5,5,12,1,348,421,633
126,99,201,885,958,73,112,112,939,939,0,0.0023486163586235067,0.002552843868069029,901,910,9,4,2,2,8,9,383,212,319
127,1,103,332,919,587,4,5,332,361,29,0.0,0.0,1,1,0,4,7,5,4,1,832,703,531
128,6,6,406,406,0,38,38,598,598,0,3.4037918240920386e-05,3.4037918240920386e-05,411,411,0,-1,4,4,7,1,179,667,701
129,0,101,1,954,953,0,2,1,331,330,0.0,0.0002042275094455223,1,580,579,5,-1,6,2,1,946,814,284
130,12,12,575,575,0,18,18,508,508,0,0.0002042275094455223,0.0002042275094455223,569,569,0,-1,4,4,5,4,724,365,937
131,0,206,1,968,967,0,16,1,444,443,0.0,0.00013615167296368154,1,511,510,3,-1,4,7,2,305,709,307
132,78,694,847,993,146,104,104,872,872,0,0.002552843868069029,0.0035059055788147996,911,938,27,2,3,3,9,12,269,100,667
133,0,206,1,965,964,0,14,1,465,464,0.0,0.0002382654276864427,1,596,595,3,-1,4,5,0,311,574,132
134,14,14,590,590,0,26,26,519,519,0,0.00017018959120460194,0.00017018959120460194,542,542,0,-1,4,4,7,4,336,156,228
135,83,289,916,987,71,38,38,887,887,0,0.002314578440382586,0.002757071377514551,908,927,19,3,3,3,3,18,800,82,652
136,0,0,1,1,0,0,0,1,1,0,0.0,0.0,1,1,0,-1,-1,-1,5,0,701,946,472
137,0,0,1,1,0,0,0,1,1,0,0.0,0.0,1,1,0,-1,-1,-1,4,0,623,608,569
138,32,133,758,935,177,32,32,627,627,0,0.0004084550188910446,0.0004084550188910446,686,686,0,5,4,4,6,6,266,136,509
139,0,102,1,910,909,0,6,1,362,361,0.0,6.807583648184077e-05,1,450,449,4,-1,5,5,0,382,883,526
140,285,387,984,993,9,54,54,944,944,0,0.008713707069675619,0.008747744987916539,977,977,0,4,3,3,4,54,507,19,714
141,0,0,1,1,0,0,0,1,1,0,0.0,0.0,1,1,0,-1,-1,-1,14,0,144,952,445
142,39,140,788,936,148,52,52,753,753,0,0.0014636304843595766,0.0014636304843595766,854,854,0,5,3,3,7,8,336,161,593
143,432,432,982,982,0,364,364,979,979,0,0.006739507811702236,0.006739507811702236,960,960,0,-1,2,2,22,49,55,51,235
144,30,30,808,808,0,22,22,837,837,0,0.0006467204465774873,0.0006467204465774873,746,746,0,-1,3,3,2,5,618,338,786
145,0,0,1,1,0,0,0,1,1,0,0.0,0.0,1,1,0,-1,-1,-1,3,0,903,918,815
146,6,107,533,963,430,4,4,446,446,0,0.0002723033459273631,0.0004084550188910446,616,680,64,5,5,5,2,3,985,301,167
147,6,212,447,971,524,18,22,533,595,62,0.00010211375472276115,0.0012594029749140542,479,842,363,3,4,4,5,2,452,532,49
148,6,6,449,449,0,16,16,515,515,0,0.00013615167296368154,0.00013615167296368154,517,517,0,-1,4,4,4,4,542,512,910
149,0,206,1,980,979,0,8,1,521,520,0.0,0.001599782157323258,1,875,874,3,-1,4,2,1,957,428,55
150,0,102,1,925,924,0,6,1,421,420,0.0,0.00017018959120460194,1,538,537,4,-1,5,3,0,829,635,101
151,83,185,845,940,95,102,102,726,726,0,0.0006807583648184077,0.0007488342013002485,743,762,19,4,3,3,15,15,45,219,401
152,7,108,571,950,379,8,8,530,530,0,0.00010211375472276115,0.0002042275094455223,497,590,93,5,4,4,2,3,928,300,322
153,55,157,836,951,115,60,60,867,867,0,0.002280540522141666,0.0023486163586235067,899,901,2,4,2,2,5,8,247,417,652
154,0,102,1,889,888,0,12,1,362,361,0.0,3.4037918240920386e-05,1,398,397,4,-1,5,10,0,204,901,607
155,0,206,1,971,970,0,10,1,469,468,0.0,0.00037441710065012424,1,662,661,3,-1,4,3,1,621,835,237
156,6,212,545,988,443,8,12,599,768,169,0.00030634126416828345,0.001497668402600497,649,859,210,3,4,4,2,1,981,655,194
157,8,109,574,950,376,8,8,519,519,0,0.0002382654276864427,0.0002382654276864427,622,622,0,5,4,4,2,2,802,682,572
158,0,102,1,938,937,0,3,1,370,369,0.0,0.0005105687736138058,1,733,732,4,-1,5,2,0,283,996,217
159,27,128,809,965,156,12,12,661,661,0,0.0007488342013002485,0.0007488342013002485,776,776,0,6,4,4,2,12,940,159,764
160,1,103,331,974,643,2,3,331,436,105,6.807583648184077e-05,0.0007147962830593281,458,786,328,4,6,5,2,3,978,484,521
161,0,102,1,942,941,0,4,1,392,391,0.0,0.00013615167296368154,1,529,528,4,-1,5,2,1,771,814,528
162,0,206,1,952,951,0,42,1,516,515,0.0,0.0005786446100956465,1,720,719,3,-1,4,11,0,360,825,471
163,0,206,1,964,963,0,15,1,432,431,0.0,0.0007147962830593281,1,760,759,3,-1,4,6,0,98,933,59
164,6,212,433,966,533,15,26,443,556,113,0.00013615167296368154,0.0009530617107457708,510,790,280,3,4,4,7,1,482,931,163
165,43,145,766,927,161,92,92,778,778,0,0.0012934408931549745,0.0014636304843595766,833,849,16,4,3,3,12,8,375,497,378
166,61,163,888,967,79,22,22,805,805,0,0.0022465026039007454,0.0026549576227917903,905,918,13,4,3,3,2,14,924,84,295
167,32,238,779,979,200,30,30,758,758,0,0.0005786446100956465,0.002995336805200994,730,934,204,3,3,3,4,7,562,303,126
168,0,0,1,1,0,0,0,1,1,0,0.0,0.0,1,1,0,-1,-1,-1,16,1,42,513,716
169,6,212,420,965,545,40,44,611,638,27,0.0002382654276864427,0.0015317063208414173,601,872,271,3,4,4,8,1,137,689,55
170,0,206,1,963,962,0,18,1,478,477,0.0,0.0005446066918547262,1,728,727,3,-1,4,5,0,818,358,293
171,23,23,633,633,0,108,108,726,726,0,0.0002042275094455223,0.0002042275094455223,559,559,0,-1,3,3,15,4,0,339,832
172,37,37,738,738,0,56,56,659,659,0,0.0002723033459273631,0.0002723033459273631,604,604,0,-1,3,3,9,9,277,212,922
173,0,102,1,938,937,0,4,1,396,395,0.0,0.0004084550188910446,1,697,696,4,-1,5,2,0,886,942,642
174,0,102,1,911,910,0,6,1,372,371,0.0,0.00017018959120460194,1,548,547,4,-1,5,4,0,917,715,241
175,32,238,675,955,280,142,142,800,800,0,0.0010211375472276116,0.0019061234214915416,805,875,70,3,3,3,16,4,151,143,138
176,161,263,943,972,29,116,116,951,951,0,0.004561081044283332,0.004799346471969774,947,951,4,4,2,2,7,21,466,123,308
177,36,137,780,934,154,50,50,816,816,0,0.0012594029749140542,0.0012594029749140542,837,837,0,5,3,3,5,5,392,403,605
178,26,127,743,946,203,34,34,771,771,0,0.0002723033459273631,0.00030634126416828345,606,626,20,5,3,3,4,6,424,379,873
179,0,0,1,1,0,0,0,1,1,0,0.0,0.0,1,1,0,-1,-1,-1,18,1,64,529,696
180,0,0,1,1,0,0,0,1,1,0,0.0,0.0,1,1,0,-1,-1,-1,15,0,45,801,866
181,2,208,347,940,593,18,31,347,387,40,0.0,0.00013615167296368154,1,502,501,3,5,4,17,2,103,374,691
182,0,102,1,933,932,0,4,1,399,398,0.0,0.00037441710065012424,1,667,666,4,-1,5,2,0,589,604,101
183,24,24,728,728,0,24,24,682,682,0,0.0007828721195411688,0.0007828721195411688,776,776,0,-1,4,4,4,7,458,150,982
184,2,208,383,979,596,3,14,331,653,322,3.4037918240920386e-05,0.003437829742332959,400,932,532,3,6,4,3,3,790,563,21
185,146,1786,901,1000,99,234,292,856,921,65,0.0017018959120460194,0.016406276592123625,868,992,124,1,3,2,23,17,4,269,11
186,6,108,426,907,481,40,40,635,635,0,3.4037918240920386e-05,0.0002382654276864427,391,597,206,4,4,4,8,1,270,720,584
187,41,247,758,962,204,106,106,866,866,0,0.0004084550188910446,0.0020082371762143027,681,878,197,3,3,3,10,5,75,165,38
188,8,109,595,960,365,10,10,633,633,0,0.0002723033459273631,0.00034037918240920387,625,662,37,5,4,4,3,3,918,585,188
189,110,110,895,895,0,84,84,809,809,0,0.001497668402600497,0.001497668402600497,844,844,0,-1,3,3,9,20,140,49,707
190,0,0,1,1,0,0,0,1,1,0,0.0,0.0,1,1,0,-1,-1,-1,2,3,779,854,868
191,27,27,759,759,0,30,30,762,762,0,0.0005446066918547262,0.0005446066918547262,728,728,0,-1,3,3,4,6,573,467,966
192,18,18,691,691,0,40,40,806,806,0,0.0009190237925048504,0.0009190237925048504,800,800,0,-1,3,3,5,4,602,440,854
193,14,220,569,967,398,48,48,683,683,0,0.00037441710065012424,0.0007828721195411688,651,758,107,3,4,4,8,4,325,407,418
194,16,118,605,922,317,70,70,892,892,0,0.0012594029749140542,0.0013955546478777359,842,851,9,4,3,3,5,1,408,612,625
195,7,109,508,920,412,11,11,442,442,0,0.0,3.4037918240920386e-05,1,412,411,4,4,4,5,3,773,563,544
196,0,102,1,901,900,0,14,1,394,393,0.0,0.0002382654276864427,1,588,587,4,-1,5,8,0,201,942,351
197,0,0,1,1,0,0,0,1,1,0,0.0,0.0,1,1,0,-1,-1,-1,2,0,898,735,823
198,1,1,331,331,0,2,2,331,331,0,0.0,0.0,1,1,0,-1,6,6,2,4,866,595,975
199,6,212,409,957,548,20,30,425,495,70,6.807583648184077e-05,0.0007147962830593281,449,764,315,3,4,4,9,2,263,495,99
200,16,16,652,652,0,24,24,746,746,0,0.0007147962830593281,0.0007147962830593281,766,766,0,-1,3,3,3,2,756,550,706
201,44,146,710,909,199,174,174,767,767,0,0.0007488342013002485,0.0007828721195411688,754,761,7,4,3,3,22,4,33,333,687
202,6,212,403,955,552,26,30,454,468,14,0.00010211375472276115,0.0004084550188910446,471,662,191,3,4,4,9,2,164,648,236
203,0,206,1,959,958,0,24,1,472,471,0.0,0.00030634126416828345,1,636,635,3,-1,4,8,0,260,823,40
204,18,18,710,710,0,12,12,608,608,0,0.0005786446100956465,0.0005786446100956465,734,734,0,-1,4,4,2,9,924,145,737
205,0,102,1,934,933,0,6,1,391,390,0.0,0.000442492937131965,1,707,706,4,-1,5,4,0,728,735,198
206,6,6,400,400,0,29,29,427,427,0,0.0,0.0,1,1,0,-1,4,4,13,1,97,807,999
207,0,0,1,1,0,0,0,1,1,0,0.0,0.0,1,1,0,-1,-1,-1,2,0,938,832,712
208,2,2,373,373,0,5,5,415,415,0,3.4037918240920386e-05,3.4037918240920386e-05,409,409,0,-1,5,5,3,2,785,575,867
209,16,16,593,593,0,24,24,481,481,0,0.0002382654276864427,0.0002382654276864427,578,578,0,-1,4,4,8,4,454,444,784
210,38,38,811,811,0,30,30,721,721,0,0.0007147962830593281,0.0007147962830593281,763,763,0,-1,4,4,5,9,376,242,897
211,0,0,1,1,0,0,0,1,1,0,0.0,0.0,1,1,0,-1,-1,-1,2,1,997,852,883
212,23,639,645,993,348,38,60,514,643,129,0.00030634126416828345,0.002757071377514551,614,911,297,2,4,3,11,6,271,229,98
213,0,616,1,998,997,0,22,1,699,698,0.0,0.0022465026039007454,1,901,900,2,-1,3,4,0,611,989,67
214,0,206,1,946,945,0,42,1,484,483,0.0,0.00088498587426393,1,774,773,3,-1,4,13,0,92,712,99
215,10,112,548,916,368,30,30,626,626,0,0.00034037918240920387,0.001055175465468532,646,804,158,4,4,4,5,3,492,351,396
216,9,111,555,929,374,12,12,472,472,0,0.00010211375472276115,0.0002723033459273631,487,611,124,4,4,4,4,3,659,347,459
217,24,125,749,949,200,28,28,835,835,0,0.0005786446100956465,0.0005786446100956465,724,724,0,5,3,3,3,5,628,688,374
218,0,0,1,1,0,0,0,1,1,0,0.0,0.0,1,1,0,-1,-1,-1,13,0,165,826,793
219,0,206,1,979,978,0,8,1,537,536,0.0,0.00088498587426393,1,800,799,3,-1,4,2,0,951,750,161
220,16,117,529,890,361,72,72,557,557,0,0.00030634126416828345,0.00037441710065012424,635,659,24,5,3,3,15,2,40,648,931
221,15,221,662,978,316,16,16,588,588,0,0.0002382654276864427,0.0004084550188910446,597,679,82,3,4,4,4,4,679,645,199
222,2,2,356,356,0,8,8,356,356,0,6.807583648184077e-05,6.807583648184077e-05,448,448,0,-1,5,5,7,1,141,893,973
223,24,125,797,968,171,18,18,742,742,0,0.0011913271384322134,0.0011913271384322134,835,835,0,10,4,4,3,6,922,397,647
224,53,259,768,960,192,170,170,898,898,0,0.0015657442390823377,0.001940161339732462,854,877,23,3,2,2,16,5,72,355,257
225,22,124,639,909,270,62,62,664,664,0,0.0007488342013002485,0.00088498587426393,761,785,24,4,3,3,10,3,82,209,408
226,8,624,469,991,522,51,94,500,666,166,0.0002382654276864427,0.0020082371762143027,584,883,299,2,4,3,16,3,72,441,47
227,29,130,833,969,136,8,8,571,571,0,0.0007147962830593281,0.0008169100377820892,766,785,19,6,4,4,2,9,950,294,398
228,1,1,332,332,0,2,2,332,332,0,3.4037918240920386e-05,3.4037918240920386e-05,414,414,0,-1,6,6,2,2,686,721,817
229,72,72,828,828,0,136,136,899,899,0,0.0013274788113958951,0.0013274788113958951,832,832,0,-1,2,2,12,9,212,415,775
230,0,0,1,1,0,0,0,1,1,0,0.0,0.0,1,1,0,-1,-1,-1,4,0,789,668,538
231,40,656,701,991,290,170,190,816,853,37,0.0008169100377820892,0.0018040096667687805,764,865,101,2,3,3,19,6,148,490,295
232,4,106,472,953,481,4,4,413,413,0,0.0,0.0,1,1,0,4,5,5,2,3,681,534,609
233,6,622,421,995,574,18,44,459,704,245,0.00010211375472276115,0.0034037918240920387,484,929,445,2,4,3,7,1,362,661,57
234,1,103,333,913,580,5,10,333,412,79,0.0,0.0006807583648184077,1,745,744,4,6,5,5,1,407,437,189
235,21,21,741,741,0,14,14,578,578,0,0.0005446066918547262,0.0005446066918547262,725,725,0,-1,4,4,3,6,814,376,632
236,23,229,694,971,277,64,68,810,820,10,0.0007488342013002485,0.0017359338302869397,762,858,96,3,3,3,8,3,449,390,335
237,0,616,1,989,988,0,78,1,464,463,0.0,0.0005105687736138058,1,682,681,2,-1,3,23,0,15,745,525
238,0,0,1,1,0,0,0,1,1,0,0.0,0.0,1,1,0,-1,-1,-1,2,0,963,201,779
239,0,206,1,970,969,0,13,1,477,476,0.0,0.0002382654276864427,1,605,604,3,-1,4,5,1,908,554,222
240,16,632,632,998,366,36,40,825,827,2,0.0002723033459273631,0.0036760951700194017,616,940,324,2,3,3,4,1,758,553,27
241,6,212,489,979,490,18,18,721,721,0,0.00017018959120460194,0.0016338200755641784,545,865,320,3,4,4,3,2,797,493,129
242,60,60,807,807,0,100,100,805,805,0,0.0007828721195411688,0.0007828721195411688,767,767,0,-1,3,3,12,5,183,283,665
243,299,400,982,990,8,54,54,884,884,0,0.006058749446883829,0.006058749446883829,969,969,0,6,3,3,4,55,542,21,181
244,0,0,1,1,0,0,0,1,1,0,0.0,0.0,1,1,0,-1,-1,-1,9,0,126,635,693
245,54,670,841,998,157,40,50,783,862,79,0.0009530617107457708,0.0029612988869600733,807,920,113,2,3,3,5,12,478,179,116
246,42,248,745,956,211,98,98,753,753,0,0.0006807583648184077,0.0013955546478777359,743,837,94,3,3,3,13,5,91,283,281
247,116,732,912,998,86,64,84,775,846,71,0.002314578440382586,0.0053439531638245,898,956,58,2,3,3,9,22,168,128,44
248,91,91,918,918,0,18,18,668,668,0,0.0023486163586235067,0.0023486163586235067,908,908,0,-1,4,4,3,21,831,157,583
249,0,0,1,1,0,0,0,1,1,0,0.0,0.0,1,1,0,-1,-1,-1,5,1,662,948,766
250,6,108,611,977,366,8,8,687,687,0,0.00010211375472276115,0.0018040096667687805,496,899,403,4,4,4,2,1,944,556,26
251,332,948,975,998,23,220,220,977,977,0,0.0061949011198475104,0.009326389598012186,966,977,11,2,2,2,12,31,52,34,61
252,20,226,627,959,332,46,50,566,585,19,0.00034037918240920387,0.0005446066918547262,638,717,79,3,4,4,11,6,333,613,628
253,6,212,403,960,557,26,26,461,461,0,3.4037918240920386e-05,0.00010211375472276115,409,481,72,3,4,4,10,1,527,607,248
254,6,108,414,913,499,21,22,468,497,29,0.0,0.00030634126416828345,1,631,630,4,4,4,7,1,156,555,363
255,0,0,1,1,0,0,0,1,1,0,0.0,0.0,1,1,0,-1,-1,-1,9,0,306,936,814
256,16,118,525,889,364,152,152,829,829,0,0.00037441710065012424,0.0006467204465774873,656,716,60,4,3,3,16,1,195,404,458
257,46,46,842,842,0,28,28,794,794,0,0.0014636304843595766,0.0014636304843595766,865,865,0,-1,3,3,3,14,729,190,872
258,2,2,354,354,0,11,11,396,396,0,0.0,0.0,1,1,0,-1,5,5,6,2,624,575,962
259,0,101,1,886,885,0,9,1,332,331,0.0,0.0,1,1,0,5,-1,6,9,0,208,712,140
260,359,359,980,980,0,78,78,954,954,0,0.006297014874570271,0.006297014874570271,970,970,0,-1,2,2,4,61,410,14,908
261,154,154,965,965,0,32,32,894,894,0,0.003880322679464924,0.003880322679464924,942,942,0,-1,3,3,2,35,643,57,950
262,18,18,551,551,0,74,74,501,501,0,0.00017018959120460194,0.00017018959120460194,537,537,0,-1,3,3,20,2,5,499,515
263,0,206,1,971,970,0,30,1,707,706,0.0,0.005582218591510943,1,963,962,3,-1,4,5,0,456,858,6
264,0,206,1,954,953,0,38,1,534,533,0.0,0.0021784267674189047,1,897,896,3,-1,4,9,0,327,929,75
265,0,102,1,877,876,0,10,1,350,349,0.0,0.0,1,1,0,4,-1,5,9,1,159,874,743
266,0,102,1,930,929,0,7,1,410,409,0.0,6.807583648184077e-05,1,462,461,4,-1,5,4,0,573,890,369
267,0,102,1,926,925,0,7,1,395,394,0.0,0.0008169100377820892,1,786,785,4,-1,5,4,0,619,674,118
268,43,249,776,968,192,60,60,672,672,0,0.0004084550188910446,0.0013274788113958951,681,837,156,3,3,3,9,7,213,389,79
269,0,102,1,898,897,0,9,1,368,367,0.0,0.00013615167296368154,1,519,518,4,-1,5,6,0,368,909,315
270,22,22,615,615,0,124,124,827,827,0,0.0005786446100956465,0.0005786446100956465,725,725,0,-1,3,3,14,3,79,610,782
271,3,3,444,444,0,3,3,365,365,0,0.0,0.0,1,1,0,-1,5,5,2,2,747,602,758
272,28,234,668,954,286,100,100,703,703,0,0.0005105687736138058,0.002995336805200994,692,916,224,3,3,3,15,4,102,545,48
273,140,140,944,944,0,62,62,956,956,0,0.0045270431260424114,0.0045270431260424114,952,952,0,-1,2,2,3,25,613,47,831
274,2,104,373,940,567,3,4,375,419,44,0.0,0.0004084550188910446,1,692,691,4,5,5,2,1,757,437,198
275,44,44,802,802,0,40,40,816,816,0,0.0007828721195411688,0.0007828721195411688,767,767,0,-1,3,3,4,6,391,234,716
276,0,0,1,1,0,0,0,1,1,0,0.0,0.0,1,1,0,-1,-1,-1,12,0,183,912,906
277,9,9,674,674,0,8,8,657,657,0,0.00034037918240920387,0.00034037918240920387,673,673,0,-1,4,4,2,4,813,637,358
278,6,212,425,969,544,16,16,523,523,0,6.807583648184077e-05,0.0002723033459273631,452,609,157,3,4,4,4,1,547,661,173
279,41,41,834,834,0,12,12,625,625,0,0.0008509479560230097,0.0008509479560230097,789,789,0,-1,4,4,2,12,880,99,522
280,0,0,1,1,0,0,0,1,1,0,0.0,0.0,1,1,0,-1,-1,-1,2,1,705,792,939
281,72,278,842,973,131,68,68,742,742,0,0.0008169100377820892,0.0023486163586235067,773,897,124,3,3,3,8,14,434,139,66
282,5,107,428,918,490,8,10,383,410,27,0.0,0.00037441710065012424,1,662,661,4,5,5,5,3,701,572,145
283,4,105,415,914,499,7,7,380,380,0,6.807583648184077e-05,6.807583648184077e-05,454,454,0,5,5,5,4,3,671,585,893
284,0,206,1,939,938,0,27,1,372,371,0.0,0.00010211375472276115,1,464,463,3,-1,4,19,0,11,944,421
285,7,7,479,479,0,27,27,479,479,0,3.4037918240920386e-05,3.4037918240920386e-05,402,402,0,-1,4,4,8,3,303,373,569
286,0,102,1,908,907,0,6,1,382,381,0.0,0.00017018959120460194,1,544,543,4,-1,5,3,0,704,906,891
287,0,101,1,933,932,0,4,1,332,331,0.0,0.0,1,1,0,6,-1,7,4,0,610,982,656
288,1,1,333,333,0,13,13,333,333,0,0.0,0.0,1,1,0,-1,7,7,13,1,242,972,696
289,134,134,918,918,0,84,84,805,805,0,0.0019741992579733825,0.0019741992579733825,882,882,0,-1,3,3,9,21,217,157,800
290,16,118,614,926,312,44,44,765,765,0,0.00030634126416828345,0.00034037918240920387,644,658,14,4,3,3,6,1,451,474,607
291,0,102,1,878,877,0,18,1,363,362,0.0,0.00010211375472276115,1,479,478,4,-1,5,15,0,81,702,756
292,0,206,1,959,958,0,30,1,523,522,0.0,0.0009530617107457708,1,799,798,3,-1,4,7,0,246,975,137
293,8,109,541,937,396,13,13,482,482,0,0.00017018959120460194,0.00030634126416828345,550,629,79,5,4,4,5,2,727,584,496
294,80,181,894,967,73,48,48,922,922,0,0.002484768031587188,0.002586881786309949,910,912,2,5,3,3,3,13,621,183,755
295,516,617,999,1000,1,48,48,970,970,0,0.018925082541951733,0.019129310051397258,995,995,0,5,3,3,3,130,768,3,579
296,16,118,675,950,275,22,22,779,779,0,0.0007828721195411688,0.00088498587426393,790,813,23,4,3,3,2,1,886,480,305
297,15,15,585,585,0,28,28,553,553,0,0.00010211375472276115,0.00010211375472276115,489,489,0,-1,4,4,6,4,425,156,990
298,6,622,394,992,598,32,92,409,640,231,0.0,0.0027911092957554717,1,914,913,2,4,3,15,1,0,606,35
299,0,206,1,976,975,0,14,1,591,590,0.0,0.0019741992579733825,1,896,895,3,-1,4,3,0,732,938,98
300,6,6,425,425,0,20,20,565,565,0,0.00034037918240920387,0.00034037918240920387,645,645,0,-1,4,4,4,1,391,891,973
301,0,206,1,953,952,0,26,1,491,490,0.0,0.0002723033459273631,1,608,607,3,-1,4,7,1,296,706,323
302,0,0,1,1,0,0,0,1,1,0,0.0,0.0,1,1,0,-1,-1,-1,9,1,159,693,673
303,4,4,504,504,0,4,4,467,467,0,0.00017018959120460194,0.00017018959120460194,554,554,0,-1,5,5,2,4,807,278,649
304,72,72,866,866,0,36,36,705,705,0,0.0009190237925048504,0.0009190237925048504,798,798,0,-1,3,3,5,12,438,172,938
305,0,1640,1,1000,999,0,110,1,827,826,0.0,0.011947309302563056,1,980,979,1,-1,2,12,0,212,900,75
306,3,209,461,983,522,4,8,492,588,96,0.0,0.0006126825283365669,1,755,754,3,5,4,2,5,821,225,467
307,6,108,482,948,466,8,8,512,512,0,6.807583648184077e-05,0.0002382654276864427,448,611,163,4,4,4,2,2,910,544,622
308,0,102,1,925,924,0,7,1,394,393,0.0,0.00010211375472276115,1,487,486,4,-1,5,5,0,629,917,248
309,0,102,1,879,878,0,11,1,349,348,0.0,0.00010211375472276115,1,477,476,4,-1,5,10,0,298,548,687
310,10,216,622,979,357,10,14,531,622,91,0.00010211375472276115,0.001157289220191293,488,821,333,3,4,4,3,4,600,156,127
311,35,651,813,1000,187,28,38,799,888,89,0.0006807583648184077,0.003642057251778481,758,936,178,2,3,3,3,6,627,295,43
312,8,8,516,516,0,24,24,524,524,0,0.00010211375472276115,0.00010211375472276115,484,484,0,-1,4,4,6,3,328,441,604
313,2,104,353,898,545,12,15,369,392,23,3.4037918240920386e-05,0.000442492937131965,400,686,286,4,5,5,9,1,422,265,170
314,1,1,333,333,0,7,7,333,333,0,0.0,0.0,1,1,0,-1,6,6,7,2,505,331,747
315,0,206,1,975,974,0,9,1,487,486,0.0,0.0002723033459273631,1,625,624,3,-1,4,3,1,699,730,404
316,6,108,387,878,491,39,39,413,413,0,0.0,6.807583648184077e-05,1,439,438,4,4,4,19,1,38,837,532
317,34,240,707,963,256,58,66,631,674,43,0.0006807583648184077,0.0011232513019503727,730,807,77,3,3,3,11,3,271,307,90
318,6,107,525,960,435,8,8,566,566,0,0.00017018959120460194,0.00017018959120460194,556,556,0,5,4,4,2,1,666,282,495
319,0,206,1,972,971,0,12,1,477,476,0.0,0.0006467204465774873,1,748,747,3,-1,4,4,0,650,813,177
320,0,206,1,935,934,0,57,1,425,424,0.0,0.0006126825283365669,1,719,718,3,-1,4,23,0,8,994,399
321,15,117,660,945,285,18,18,652,652,0,0.00013615167296368154,0.00013615167296368154,526,526,0,4,4,4,3,5,729,510,531
322,98,200,899,967,68,60,60,870,870,0,0.002212464685659825,0.002586881786309949,898,912,14,4,3,3,5,17,665,60,454
323,2,104,383,955,572,4,4,428,428,0,0.00013615167296368154,0.00034037918240920387,528,650,122,4,5,5,2,1,946,661,479
324,136,136,911,911,0,186,186,908,908,0,0.002110350930937064,0.002110350930937064,889,889,0,-1,3,3,16,18,60,64,947
325,0,0,1,1,0,0,0,1,1,0,0.0,0.0,1,1,0,-1,-1,-1,2,1,828,573,825
326,6,6,463,463,0,12,12,518,518,0,6.807583648184077e-05,6.807583648184077e-05,459,459,0,-1,4,4,4,1,423,463,995
327,2,103,361,937,576,3,3,363,363,0,3.4037918240920386e-05,0.00017018959120460194,401,547,146,5,5,5,2,1,972,639,805
328,14,116,570,915,345,24,24,476,476,0,0.0002382654276864427,0.00030634126416828345,590,633,43,4,4,4,8,4,301,443,584
329,12,12,555,555,0,20,20,532,532,0,0.0006467204465774873,0.0006467204465774873,750,750,0,-1,4,4,4,2,385,475,641
330,0,206,1,963,962,0,18,1,478,477,0.0,0.0005105687736138058,1,719,718,3,-1,4,5,3,818,746,293
331,101,202,898,958,60,66,66,826,826,0,0.0020082371762143027,0.0020082371762143027,883,883,0,8,3,3,6,18,368,64,647
332,0,0,1,1,0,0,0,1,1,0,0.0,0.0,1,1,0,-1,-1,-1,2,0,806,538,841
333,40,40,798,798,0,56,56,814,814,0,0.0005105687736138058,0.0005105687736138058,719,719,0,-1,3,3,6,5,526,165,705
334,2,2,370,370,0,2,2,332,332,0,0.0,0.0,1,1,0,-1,6,6,2,3,992,563,845
335,0,0,1,1,0,0,0,1,1,0,0.0,0.0,1,1,0,-1,-1,-1,3,0,620,429,695
336,84,185,842,933,91,190,190,903,903,0,0.0018040096667687805,0.0018040096667687805,870,870,0,5,2,2,16,8,50,174,639
337,0,101,1,907,906,0,4,1,332,331,0.0,0.0,1,1,0,6,-1,7,4,0,540,735,703
338,0,102,1,969,968,0,4,1,465,464,0.0,0.00013615167296368154,1,512,511,4,-1,5,2,0,959,900,392
339,21,227,734,980,246,24,24,745,745,0,0.0006126825283365669,0.0026209197045508697,742,912,170,3,4,4,4,5,789,216,35
340,24,640,733,999,266,14,24,588,758,170,0.0004765308553728854,0.008237176214302734,711,979,268,2,4,3,3,4,710,246,6
341,0,0,1,1,0,0,0,1,1,0,0.0,0.0,1,1,0,-1,-1,-1,2,0,817,686,633
342,0,102,1,911,910,0,7,1,374,373,0.0,0.00013615167296368154,1,519,518,4,-1,5,5,0,326,804,749
343,3,209,473,986,513,3,8,393,580,187,0.0,0.0022465026039007454,1,903,902,3,5,4,2,3,985,361,27
344,6,6,424,424,0,28,28,518,518,0,0.00010211375472276115,0.00010211375472276115,477,477,0,-1,4,4,8,1,508,370,993
345,2,2,354,354,0,8,8,384,384,0,3.4037918240920386e-05,3.4037918240920386e-05,406,406,0,-1,5,5,5,1,677,558,994
346,16,118,542,902,360,120,120,897,897,0,0.0012934408931549745,0.0013615167296368155,837,842,5,4,3,3,10,1,153,612,442
347,421,523,998,999,1,34,34,959,959,0,0.013989584397018279,0.01695088328397835,990,992,2,4,3,3,3,127,877,11,28
348,0,102,1,926,925,0,4,1,439,438,0.0,0.0002723033459273631,1,621,620,4,-1,5,2,0,932,565,197
349,0,102,1,914,913,0,6,1,402,401,0.0,0.00037441710065012424,1,665,664,4,-1,5,3,0,743,836,382
350,104,205,900,960,60,106,106,926,926,0,0.0024166921951053475,0.0024166921951053475,906,906,0,5,2,2,7,9,678,277,627
351,25,231,707,969,262,56,56,743,743,0,0.0006126825283365669,0.002586881786309949,730,908,178,3,3,3,8,5,371,591,112
352,431,431,980,980,0,274,274,977,977,0,0.007386228258279724,0.007386228258279724,965,965,0,-1,2,2,16,61,60,14,911
353,26,232,781,981,200,18,18,730,730,0,0.00034037918240920387,0.0008169100377820892,663,795,132,3,4,4,3,9,642,212,390
354,73,174,915,978,63,22,22,844,844,0,0.002144388849177984,0.002144388849177984,897,897,0,6,3,3,2,21,625,157,694
355,10,216,574,970,396,28,36,621,706,85,0.0004084550188910446,0.003710133088260322,678,942,264,3,4,4,6,3,322,378,33
356,0,102,1,908,907,0,6,1,360,359,0.0,6.807583648184077e-05,1,453,452,4,-1,5,5,0,665,769,512
357,6,6,414,414,0,15,15,432,432,0,0.00013615167296368154,0.00013615167296368154,514,514,0,-1,4,4,6,2,624,384,733
358,2,103,354,895,541,12,12,376,376,0,0.0,0.0,1,1,0,5,5,5,8,3,303,748,484
359,0,206,1,979,978,0,8,1,537,536,0.0,0.0007147962830593281,1,764,763,3,-1,4,2,0,951,979,471
360,6,107,440,913,473,24,24,612,612,0,0.0002382654276864427,0.00030634126416828345,574,624,50,5,4,4,4,1,567,500,601
361,489,489,992,992,0,136,136,975,975,0,0.010279451308757957,0.010279451308757957,985,985,0,-1,2,2,7,75,678,24,730
362,0,101,1,947,946,0,2,1,331,330,0.0,6.807583648184077e-05,1,444,443,5,-1,6,2,0,841,965,599
363,20,226,682,973,291,30,30,690,690,0,0.00030634126416828345,0.0008169100377820892,631,787,156,3,4,4,5,6,552,381,160
364,0,206,1,958,957,0,24,1,487,486,0.0,0.00034037918240920387,1,655,654,3,-1,4,8,0,365,946,283
365,4,4,469,469,0,6,6,482,482,0,0.00017018959120460194,0.00017018959120460194,559,559,0,-1,5,5,3,2,916,22,733
366,0,102,1,912,911,0,8,1,395,394,0.0,0.00017018959120460194,1,551,550,4,-1,5,5,0,487,905,652
367,2,2,355,355,0,10,10,369,369,0,0.0,0.0,1,1,0,-1,5,5,8,1,309,788,936
368,26,26,747,747,0,30,30,745,745,0,0.000442492937131965,0.000442492937131965,680,680,0,-1,3,3,4,6,650,275,978
369,12,628,581,998,417,18,28,580,730,150,0.0002723033459273631,0.0019741992579733825,618,885,267,2,4,3,3,2,834,584,160
370,13,13,641,641,0,12,12,604,604,0,0.00034037918240920387,0.00034037918240920387,653,653,0,-1,4,4,2,3,589,307,774
371,24,230,683,966,283,30,36,544,609,65,0.00030634126416828345,0.0007828721195411688,636,778,142,3,3,3,7,3,320,572,216
372,0,616,1,995,994,0,56,1,683,682,0.0,0.005990673610401988,1,962,961,2,-1,3,9,0,200,776,12
373,0,102,1,931,930,0,7,1,412,411,0.0,0.0002042275094455223,1,577,576,4,-1,5,4,0,581,953,198
374,1,207,333,952,619,12,20,333,384,51,0.0,0.00013615167296368154,1,507,506,3,6,4,12,1,187,893,319
375,388,388,987,987,0,110,110,981,981,0,0.011504816365431091,0.011504816365431091,984,984,0,-1,2,2,6,70,251,18,927
376,0,616,1,993,992,0,68,1,775,774,0.0,0.00970080669866231,1,979,978,2,-1,3,8,0,334,888,11
377,64,166,836,943,107,84,84,877,877,0,0.0011232513019503727,0.001157289220191293,814,816,2,4,3,3,8,13,308,120,322
378,0,206,1,970,969,0,10,1,430,429,0.0,0.00030634126416828345,1,627,626,3,-1,4,4,0,671,624,637
379,92,298,929,989,60,22,22,794,794,0,0.0033357159876101976,0.004016474352428605,934,945,11,3,3,3,2,20,983,43,125
380,306,408,975,983,8,180,180,978,978,0,0.00527587732734266,0.0053439531638245,959,959,0,4,2,2,11,35,271,57,474
381,8,109,493,903,410,15,15,417,417,0,6.807583648184077e-05,6.807583648184077e-05,451,451,0,5,4,4,7,2,472,694,572
382,2,208,373,976,603,5,14,398,588,190,0.0,0.002825147213996392,1,918,917,3,5,4,3,1,745,449,27
383,7,109,528,939,411,11,12,435,449,14,0.00013615167296368154,0.00030634126416828345,522,636,114,4,5,5,6,6,529,279,222
384,0,0,1,1,0,0,0,1,1,0,0.0,0.0,1,1,0,-1,-1,-1,14,0,84,542,673
385,66,272,824,972,148,92,92,796,796,0,0.00088498587426393,0.0009190237925048504,790,791,1,3,3,3,11,10,229,195,560
386,0,101,1,933,932,0,3,1,331,330,0.0,6.807583648184077e-05,1,448,447,5,-1,6,3,0,912,758,238
387,0,101,1,921,920,0,4,1,332,331,0.0,3.4037918240920386e-05,1,400,399,5,-1,6,4,0,532,635,599
388,0,0,1,1,0,0,0,1,1,0,0.0,0.0,1,1,0,-1,-1,-1,3,0,853,880,912
389,27,233,786,978,192,12,12,606,606,0,0.0008509479560230097,0.002110350930937064,799,901,102,3,4,4,2,10,907,296,281
390,6,6,420,420,0,16,16,452,452,0,0.00010211375472276115,0.00010211375472276115,463,463,0,-1,4,4,6,1,556,810,868
391,0,0,1,1,0,0,0,1,1,0,0.0,0.0,1,1,0,-1,-1,-1,4,1,300,895,969
392,6,6,429,429,0,20,20,543,543,0,0.00034037918240920387,0.00034037918240920387,645,645,0,-1,4,4,4,1,671,741,814
393,45,45,798,798,0,62,62,812,812,0,0.0011232513019503727,0.0011232513019503727,825,825,0,-1,3,3,7,11,413,83,716
394,51,153,880,973,93,22,22,862,862,0,0.0014295925661186562,0.0037441710065012424,858,943,85,4,3,3,2,11,967,249,105
395,62,268,851,974,123,50,50,798,798,0,0.0008509479560230097,0.0017359338302869397,794,876,82,3,3,3,5,13,474,120,340
396,0,102,1,913,912,0,7,1,371,370,0.0,0.00013615167296368154,1,513,512,4,-1,5,5,0,476,800,666
397,30,131,825,962,137,18,18,738,738,0,0.0006126825283365669,0.0006467204465774873,753,760,7,5,4,4,3,8,608,187,550
398,6,6,493,493,0,12,12,645,645,0,0.0006807583648184077,0.0006807583648184077,753,753,0,-1,4,4,2,2,999,482,959
399,3,105,463,957,494,3,4,389,436,47,0.00013615167296368154,0.0009190237925048504,533,798,265,4,5,5,2,3,967,196,289
400,0,0,1,1,0,0,0,1,1,0,0.0,0.0,1,1,0,-1,-1,-1,3,0,918,963,488
401,2,104,364,936,572,6,6,418,418,0,0.0,0.00037441710065012424,1,671,670,4,5,5,3,1,748,623,345
402,0,101,1,922,921,0,3,1,330,329,0.0,3.4037918240920386e-05,1,405,404,6,-1,7,3,0,621,674,292
403,481,481,990,990,0,136,136,978,978,0,0.009258313761530345,0.009258313761530345,977,977,0,-1,2,2,7,81,366,32,205
404,24,230,692,971,279,26,26,580,580,0,0.0002723033459273631,0.0008169100377820892,616,781,165,3,4,4,5,6,818,432,236
405,0,0,1,1,0,0,0,1,1,0,0.0,0.0,1,1,0,-1,-1,-1,11,0,307,515,913
406,0,101,1,932,931,0,4,1,331,330,0.0,0.0,1,1,0,5,-1,6,4,0,728,928,320
407,2,103,353,909,556,5,5,353,353,0,6.807583648184077e-05,6.807583648184077e-05,435,435,0,5,5,5,4,1,540,924,364
408,28,234,663,960,297,60,60,651,651,0,0.00034037918240920387,0.0007828721195411688,645,770,125,3,3,3,9,6,351,247,284
409,0,206,1,945,944,0,47,1,481,480,0.0,0.0005446066918547262,1,709,708,3,-1,4,14,0,122,980,192
410,0,0,1,1,0,0,0,1,1,0,0.0,0.0,1,1,0,-1,-1,-1,5,0,605,897,815
411,14,14,541,541,0,24,24,452,452,0,6.807583648184077e-05,6.807583648184077e-05,451,451,0,-1,4,4,8,3,357,526,583
412,14,14,787,787,0,12,12,808,808,0,0.00088498587426393,0.00088498587426393,814,814,0,-1,4,4,2,6,978,234,888
413,96,302,886,977,91,48,48,722,722,0,0.001497668402600497,0.0016678579938050988,844,855,11,3,3,3,7,19,359,59,231
414,253,253,958,958,0,208,208,949,949,0,0.005071649817897137,0.005071649817897137,954,954,0,-1,2,2,14,24,85,8,707
415,683,1283,996,1000,4,184,184,1000,1000,0,0.018754892950747133,0.020865243881684196,992,992,0,2,2,2,7,96,482,1,203
416,0,102,1,919,918,0,6,1,383,382,0.0,0.0002042275094455223,1,576,575,4,-1,5,4,0,593,757,504
417,0,206,1,961,960,0,28,1,513,512,0.0,0.0013615167296368155,1,841,840,3,-1,4,8,0,646,856,42
418,0,206,1,963,962,0,20,1,438,437,0.0,0.0005105687736138058,1,701,700,3,-1,4,9,0,388,611,396
419,0,101,1,908,907,0,5,1,330,329,0.0,3.4037918240920386e-05,1,390,389,5,-1,6,5,1,604,529,694
420,2,104,357,915,558,6,8,357,388,31,0.0,3.4037918240920386e-05,1,406,405,4,5,5,5,1,396,402,532
421,0,102,1,937,936,0,4,1,394,393,0.0,0.00013615167296368154,1,519,518,4,-1,5,2,0,598,905,287
422,10,10,592,592,0,14,14,563,563,0,0.00030634126416828345,0.00030634126416828345,629,629,0,-1,4,4,3,3,829,704,943
423,13,114,674,956,282,12,12,664,664,0,0.0005105687736138058,0.0005105687736138058,731,731,0,6,4,4,2,3,781,280,692
424,2,103,372,944,572,4,4,424,424,0,3.4037918240920386e-05,3.4037918240920386e-05,395,395,0,7,5,5,2,1,938,788,663
425,88,190,929,978,49,22,22,833,833,0,0.0032336022328874367,0.003267640151128357,929,930,1,4,3,3,2,18,929,171,474
426,60,161,858,955,97,44,44,849,849,0,0.0005786446100956465,0.0006126825283365669,735,744,9,5,3,3,4,17,566,327,924
427,1,103,331,912,581,6,8,331,366,35,0.0,0.00010211375472276115,1,480,479,4,6,5,6,2,587,663,544
428,0,0,1,1,0,0,0,1,1,0,0.0,0.0,1,1,0,-1,-1,-1,12,1,93,814,925
429,28,234,719,971,252,34,34,679,679,0,0.0007147962830593281,0.0020082371762143027,765,883,118,3,3,3,4,4,493,407,58
430,146,248,936,969,33,118,118,934,934,0,0.0035059055788147996,0.0035059055788147996,940,940,0,4,2,2,9,22,394,128,530
431,28,129,796,953,157,8,8,497,497,0,0.0005105687736138058,0.0006467204465774873,716,750,34,5,4,4,2,8,907,177,464
432,18,18,659,659,0,16,16,492,492,0,0.0002723033459273631,0.0002723033459273631,616,616,0,-1,4,4,4,6,445,683,522
433,0,101,1,910,909,0,6,1,331,330,0.0,0.0,1,1,0,5,-1,6,6,0,549,866,357
434,0,0,1,1,0,0,0,1,1,0,0.0,0.0,1,1,0,-1,-1,-1,7,0,320,871,868
435,176,176,945,945,0,112,112,934,934,0,0.00442492937131965,0.00442492937131965,951,951,0,-1,2,2,8,24,236,8,725
436,39,245,831,981,150,22,22,772,772,0,0.0006807583648184077,0.0009530617107457708,763,809,46,3,3,3,2,9,689,240,178
437,0,102,1,932,931,0,4,1,374,373,0.0,0.0002723033459273631,1,620,619,4,-1,5,3,0,856,942,86
438,0,102,1,860,859,0,30,1,367,366,0.0,0.0002723033459273631,1,597,596,4,-1,5,23,0,43,367,653
439,36,136,914,988,74,12,12,869,869,0,0.0014295925661186562,0.001497668402600497,870,876,6,5,4,4,2,20,955,109,394
440,0,102,1,867,866,0,40,1,354,353,0.0,0.0002382654276864427,1,569,568,4,-1,5,36,1,16,747,401
441,14,14,675,675,0,12,12,603,603,0,0.00034037918240920387,0.00034037918240920387,662,662,0,-1,4,4,2,3,992,318,985
442,0,0,1,1,0,0,0,1,1,0,0.0,0.0,1,1,0,-1,-1,-1,10,0,204,488,716
443,0,102,1,947,946,0,5,1,371,370,0.0,0.0002382654276864427,1,593,592,4,-1,5,4,0,480,864,504
444,13,13,629,629,0,14,14,573,573,0,0.0005786446100956465,0.0005786446100956465,733,733,0,-1,4,4,3,5,756,589,772
445,2,103,348,878,530,15,15,363,363,0,0.0,0.0,1,1,0,5,5,5,12,3,87,460,374
446,0,0,1,1,0,0,0,1,1,0,0.0,0.0,1,1,0,-1,-1,-1,4,1,824,913,887
447,6,6,429,429,0,12,12,439,439,0,0.00017018959120460194,0.00017018959120460194,537,537,0,-1,4,4,4,1,500,862,571
448,22,22,741,741,0,25,25,816,816,0,0.0010211375472276116,0.0010211375472276116,818,818,0,-1,3,3,4,9,480,341,776
449,76,282,854,974,120,90,94,887,896,9,0.0016678579938050988,0.002552843868069029,855,911,56,3,2,2,8,6,383,494,243
450,0,102,1,903,902,0,11,1,375,374,0.0,6.807583648184077e-05,1,447,446,4,-1,5,8,0,301,733,332
451,142,142,938,938,0,76,76,905,905,0,0.003267640151128357,0.003267640151128357,933,933,0,-1,3,3,6,26,98,108,898
452,6,108,514,957,443,3,4,388,425,37,6.807583648184077e-05,0.0004765308553728854,456,703,247,4,5,5,2,5,792,274,473
453,6,6,525,525,0,8,8,562,562,0,0.0002042275094455223,0.0002042275094455223,591,591,0,-1,4,4,2,1,994,553,804
454,0,102,1,909,908,0,11,1,383,382,0.0,6.807583648184077e-05,1,440,439,4,-1,5,8,2,323,633,434
455,0,102,1,912,911,0,9,1,396,395,0.0,0.0002042275094455223,1,562,561,4,-1,5,5,0,701,926,617
456,1,207,333,968,635,5,13,333,461,128,0.0,0.0004084550188910446,1,675,674,3,6,4,5,3,386,181,150
457,1,102,333,917,584,5,5,333,333,0,6.807583648184077e-05,0.00013615167296368154,449,520,71,5,6,6,5,3,616,708,547
458,1,1,333,333,0,15,15,333,333,0,0.0,0.0,1,1,0,-1,6,6,15,1,37,703,942
459,136,136,949,949,0,64,64,936,936,0,0.0034037918240920387,0.0034037918240920387,936,936,0,-1,3,3,4,26,397,108,943
460,5,107,521,960,439,5,5,432,432,0,3.4037918240920386e-05,0.0005105687736138058,402,718,316,4,5,5,3,4,668,581,250
461,129,129,943,943,0,32,32,877,877,0,0.004118588107151367,0.004118588107151367,943,943,0,-1,3,3,2,26,905,112,910
462,45,146,817,957,140,46,46,843,843,0,0.0005105687736138058,0.0005105687736138058,714,714,0,7,3,3,5,5,421,310,857
463,34,240,735,966,231,68,68,792,792,0,0.0007488342013002485,0.0011232513019503727,768,813,45,3,3,3,8,6,282,377,420
464,0,102,1,879,878,0,15,1,346,345,0.0,0.0,1,1,0,4,-1,5,14,0,332,436,373
465,1,617,333,997,664,4,21,333,682,349,0.0,0.001599782157323258,1,865,864,2,7,3,4,1,631,703,759
466,23,124,713,937,224,40,40,776,776,0,0.0007147962830593281,0.0007488342013002485,775,782,7,5,3,3,5,3,412,438,481
467,583,683,994,998,4,86,86,934,934,0,0.012594029749140543,0.012764219340345145,987,987,0,4,3,3,6,96,402,1,266
468,0,102,1,885,884,0,11,1,348,347,0.0,3.4037918240920386e-05,1,404,403,4,-1,5,10,1,272,685,552
469,12,218,495,951,456,49,61,463,514,51,3.4037918240920386e-05,0.0005786446100956465,404,714,310,3,4,4,17,3,39,290,382
470,0,0,1,1,0,0,0,1,1,0,0.0,0.0,1,1,0,-1,-1,-1,2,0,966,786,201
471,0,102,1,909,908,0,6,1,357,356,0.0,0.00030634126416828345,1,632,631,4,-1,5,5,1,669,947,236
472,74,280,871,979,108,80,80,931,931,0,0.002552843868069029,0.0026549576227917903,909,915,6,3,2,2,6,7,451,253,346
473,6,107,483,941,458,10,10,517,517,0,0.00037441710065012424,0.00037441710065012424,670,670,0,7,4,4,3,1,716,500,344
474,15,117,607,925,318,22,22,564,564,0,0.00017018959120460194,0.000442492937131965,543,677,134,4,4,4,5,5,457,241,197
475,0,206,1,965,964,0,12,1,458,457,0.0,0.00034037918240920387,1,651,650,3,-1,4,4,0,532,977,418
476,1097,1199,1000,1000,0,200,200,998,998,0,0.022022533101875488,0.022226760611321013,997,997,0,4,2,2,8,157,440,2,220
477,148,764,932,999,67,158,158,971,971,0,0.0030974505599237552,0.0063650907110521125,926,965,39,2,2,2,10,10,211,227,142
478,34,240,758,967,209,34,38,607,642,35,0.0007147962830593281,0.0012934408931549745,758,842,84,3,4,4,7,9,335,245,103
479,227,329,978,987,9,62,62,974,974,0,0.006739507811702236,0.0068075836481840775,973,974,1,4,2,2,3,50,855,33,317
480,0,101,1,953,952,0,3,1,330,329,0.0,0.0,1,1,0,6,-1,7,3,1,875,472,181
481,6,107,427,910,483,40,40,630,630,0,0.0002382654276864427,0.0002382654276864427,576,576,0,5,4,4,8,1,431,681,374
482,0,102,1,934,933,0,7,1,420,419,0.0,0.00010211375472276115,1,479,478,4,-1,5,4,0,610,228,465
483,0,0,1,1,0,0,0,1,1,0,0.0,0.0,1,1,0,-1,-1,-1,2,0,751,939,813
484,16,222,523,950,427,57,62,507,524,17,0.00030634126416828345,0.0006126825283365669,630,724,94,3,3,3,16,1,117,527,270
485,0,0,1,1,0,0,0,1,1,0,0.0,0.0,1,1,0,-1,-1,-1,2,0,994,200,254
486,110,211,962,980,18,22,22,887,887,0,0.0020763130126961434,0.0020763130126961434,906,906,0,5,3,3,2,33,995,15,292
487,12,114,623,944,321,14,14,577,577,0,0.0002042275094455223,0.0002382654276864427,565,596,31,4,4,4,3,4,670,259,577
488,0,0,1,1,0,0,0,1,1,0,0.0,0.0,1,1,0,-1,-1,-1,5,0,555,960,989
489,101,101,899,899,0,52,52,709,709,0,0.0018720855032506212,0.0018720855032506212,872,872,0,-1,3,3,7,22,265,203,657
490,0,102,1,926,925,0,5,1,380,379,0.0,0.00013615167296368154,1,506,505,4,-1,5,3,0,864,457,486
491,0,0,1,1,0,0,0,1,1,0,0.0,0.0,1,1,0,-1,-1,-1,10,0,205,851,730
492,0,206,1,963,962,0,15,1,449,448,0.0,0.0004084550188910446,1,680,679,3,-1,4,6,0,295,849,759
493,16,117,552,898,346,60,60,627,627,0,0.00010211375472276115,0.00010211375472276115,479,479,0,6,3,3,11,1,233,904,626
494,4,4,398,398,0,19,19,400,400,0,0.00017018959120460194,0.00017018959120460194,541,541,0,-1,5,5,10,3,254,646,881
495,8,109,573,945,372,8,8,519,519,0,0.0004084550188910446,0.0004084550188910446,689,689,0,5,4,4,2,4,977,270,419
496,2,104,368,926,558,6,6,422,422,0,3.4037918240920386e-05,0.001157289220191293,388,834,446,4,5,5,3,1,829,552,183
497,24,126,698,934,236,24,24,531,531,0,0.00013615167296368154,0.0005786446100956465,508,727,219,4,4,4,6,6,451,435,343
498,38,244,698,958,260,94,94,639,639,0,0.000442492937131965,0.0010892133837094523,681,807,126,3,3,3,16,4,26,202,306
499,0,206,1,974,973,0,10,1,445,444,0.0,0.0005105687736138058,1,704,703,3,-1,4,4,0,659,426,475
500,0,101,1,959,958,0,3,1,329,328,0.0,6.807583648184077e-05,1,453,452,5,-1,6,3,0,915,783,231
501,6,6,405,405,0,35,35,462,462,0,0.00010211375472276115,0.00010211375472276115,479,479,0,-1,4,4,13,1,90,592,890
502,0,0,1,1,0,0,0,1,1,0,0.0,0.0,1,1,0,-1,-1,-1,2,0,983,820,994
503,30,30,692,692,0,55,55,596,596,0,0.00034037918240920387,0.00034037918240920387,635,635,0,-1,3,3,11,4,307,208,977
504,49,49,868,868,0,24,24,831,831,0,0.0016678579938050988,0.0016678579938050988,872,872,0,-1,3,3,3,17,916,131,511
505,58,264,782,959,177,154,154,832,832,0,0.000442492937131965,0.0006467204465774873,678,732,54,3,2,2,15,4,51,259,827
506,0,102,1,936,935,0,5,1,397,396,0.0,0.0002723033459273631,1,632,631,4,-1,5,3,0,732,903,249
507,0,206,1,953,952,0,24,1,451,450,0.0,0.000442492937131965,1,690,689,3,-1,4,8,0,357,985,470
508,0,0,1,1,0,0,0,1,1,0,0.0,0.0,1,1,0,-1,-1,-1,3,0,725,707,884
509,2,208,371,972,601,8,20,424,597,173,6.807583648184077e-05,0.002314578440382586,462,906,444,3,5,4,4,1,619,870,41
510,0,0,1,1,0,0,0,1,1,0,0.0,0.0,1,1,0,-1,-1,-1,8,0,488,836,883
511,4,105,464,951,487,4,4,416,416,0,3.4037918240920386e-05,0.0002382654276864427,405,604,199,5,5,5,2,3,625,534,505
512,0,102,1,878,877,0,23,1,365,364,0.0,6.807583648184077e-05,1,447,446,4,-1,5,17,0,6,831,353
513,7,213,529,975,446,18,18,635,635,0,0.00030634126416828345,0.0004084550188910446,630,677,47,3,4,4,3,3,627,541,720
514,0,0,1,1,0,0,0,1,1,0,0.0,0.0,1,1,0,-1,-1,-1,10,0,285,651,801
515,6,6,435,435,0,9,9,437,437,0,0.0,0.0,1,1,0,-1,4,4,3,3,892,460,966
516,2,618,351,990,639,16,96,356,672,316,0.0,0.004118588107151367,1,942,941,2,5,3,14,2,127,331,33
517,10,10,584,584,0,11,11,471,471,0,0.0002042275094455223,0.0002042275094455223,574,574,0,-1,4,4,4,3,824,93,867
518,15,15,695,695,0,13,13,656,656,0,6.807583648184077e-05,6.807583648184077e-05,449,449,0,-1,4,4,3,4,984,164,684
519,2,208,367,977,610,4,8,369,495,126,3.4037918240920386e-05,0.001055175465468532,416,815,399,3,5,4,3,1,770,896,613
520,8,109,553,937,384,6,6,438,438,0,0.00010211375472276115,0.00013615167296368154,489,531,42,6,5,5,3,4,857,210,621
521,0,101,1,910,909,0,5,1,332,331,0.0,6.807583648184077e-05,1,439,438,5,-1,6,5,0,284,672,311
522,194,400,969,990,21,78,78,969,969,0,0.004969536063174376,0.007488342013002485,959,975,16,3,2,2,4,29,641,17,48
523,16,222,525,947,422,76,84,602,630,28,0.00010211375472276115,0.0012934408931549745,479,839,360,3,3,3,14,1,127,110,147
524,0,206,1,980,979,0,12,1,669,668,0.0,0.007182000748834201,1,970,969,3,-1,4,2,0,946,811,6
525,0,1640,1,1000,999,0,74,1,850,849,0.0,0.014432077334150244,1,987,986,1,-1,2,8,0,449,715,27
526,8,214,504,966,462,17,20,426,439,13,0.00010211375472276115,0.0005786446100956465,482,730,248,3,4,4,8,2,199,547,134
527,0,0,1,1,0,0,0,1,1,0,0.0,0.0,1,1,0,-1,-1,-1,8,0,499,429,948
528,28,28,708,708,0,54,54,711,711,0,0.0008509479560230097,0.0008509479560230097,784,784,0,-1,3,3,8,6,365,192,699
529,56,56,762,762,0,140,140,750,750,0,0.0005105687736138058,0.0005105687736138058,703,703,0,-1,3,3,19,7,36,169,520
530,28,234,703,966,263,52,52,709,709,0,0.00034037918240920387,0.0005786446100956465,648,734,86,3,3,3,7,3,678,318,700
531,92,92,927,927,0,38,38,929,929,0,0.0032336022328874367,0.0032336022328874367,933,933,0,-1,3,3,3,26,523,108,848
532,43,249,858,985,127,22,22,827,827,0,0.0013274788113958951,0.00707988699411144,858,970,112,3,3,3,2,13,469,183,6
533,25,127,811,968,157,22,22,882,882,0,0.0005446066918547262,0.0006467204465774873,729,757,28,4,3,3,2,6,974,107,501
534,0,102,1,945,944,0,4,1,377,376,0.0,6.807583648184077e-05,1,455,454,4,-1,5,3,0,485,955,310
535,16,118,486,877,391,122,122,622,622,0,0.0002042275094455223,0.0002382654276864427,553,578,25,4,3,3,22,2,18,785,576
536,0,0,1,1,0,0,0,1,1,0,0.0,0.0,1,1,0,-1,-1,-1,10,0,169,993,949
537,8,110,543,928,385,30,30,704,704,0,0.0009870996289866913,0.0010211375472276116,803,806,3,4,4,4,5,3,291,559,476
538,37,37,751,751,0,48,48,688,688,0,0.0010892133837094523,0.0010892133837094523,813,813,0,-1,3,3,7,7,472,399,890
539,22,638,710,998,288,28,28,771,771,0,0.0007147962830593281,0.0027911092957554717,760,916,156,2,3,3,3,3,839,525,418
540,25,231,725,974,249,18,18,498,498,0,0.0006467204465774873,0.0010211375472276116,739,800,61,3,4,4,5,10,407,366,221
541,2,104,363,918,555,8,8,423,423,0,3.4037918240920386e-05,0.00010211375472276115,412,489,77,4,5,5,4,1,784,618,496
542,0,206,1,940,939,0,51,1,493,492,0.0,0.0012253650566731338,1,826,825,3,-1,4,14,1,203,806,171
543,17,17,685,685,0,14,14,579,579,0,0.00013615167296368154,0.00013615167296368154,535,535,0,-1,4,4,3,5,844,310,712
544,6,108,413,903,490,22,22,474,474,0,0.00010211375472276115,0.0002382654276864427,480,593,113,4,4,4,8,1,282,238,652
545,296,502,979,992,13,86,86,949,949,0,0.006943735321147759,0.007590455767725246,971,973,2,3,3,3,6,49,455,31,403
546,46,662,772,994,222,80,112,677,799,122,0.0007828721195411688,0.004356853534837809,770,949,179,2,3,3,12,6,226,376,33
547,0,101,1,947,946,0,3,1,331,330,0.0,0.0,1,1,0,5,-1,6,3,0,798,751,225
548,0,0,1,1,0,0,0,1,1,0,0.0,0.0,1,1,0,-1,-1,-1,12,0,226,624,446
549,47,149,808,942,134,72,72,780,780,0,0.0011232513019503727,0.0011232513019503727,810,810,0,4,3,3,11,14,261,190,623
550,0,101,1,922,921,0,3,1,331,330,0.0,0.0,1,1,0,5,-1,6,3,0,672,801,506
551,0,101,1,875,874,0,16,1,332,331,0.0,0.0,1,1,0,6,-1,7,16,0,59,758,703
552,106,207,943,977,34,32,32,914,914,0,0.0023486163586235067,0.002484768031587188,897,903,6,5,3,3,2,23,820,106,904
553,19,120,827,982,155,8,8,730,730,0,0.0010892133837094523,0.0011232513019503727,840,843,3,5,4,4,2,15,775,137,567
554,19,635,632,994,362,34,48,560,669,109,0.0002382654276864427,0.0016338200755641784,596,861,265,2,4,3,7,6,179,229,192
555,9,9,613,613,0,9,9,524,524,0,0.00010211375472276115,0.00010211375472276115,494,494,0,-1,4,4,3,3,916,534,818
556,0,102,1,939,938,0,5,1,402,401,0.0,0.0002382654276864427,1,599,598,4,-1,5,3,0,708,712,616
557,0,0,1,1,0,0,0,1,1,0,0.0,0.0,1,1,0,-1,-1,-1,3,0,716,673,913
558,36,36,834,834,0,12,12,714,714,0,0.0007488342013002485,0.0007488342013002485,786,786,0,-1,4,4,2,15,876,138,635
559,0,0,1,1,0,0,0,1,1,0,0.0,0.0,1,1,0,-1,-1,-1,3,0,703,811,698
560,13,13,633,633,0,10,10,500,500,0,0.00030634126416828345,0.00030634126416828345,635,635,0,-1,4,4,3,5,729,636,620
561,0,101,1,905,904,0,4,1,332,331,0.0,3.4037918240920386e-05,1,404,403,5,-1,6,4,0,448,571,714
562,0,0,1,1,0,0,0,1,1,0,0.0,0.0,1,1,0,-1,-1,-1,8,0,358,673,860
563,0,102,1,882,881,0,12,1,355,354,0.0,6.807583648184077e-05,1,443,442,4,-1,5,10,0,206,883,572
564,22,22,627,627,0,60,60,687,687,0,0.0002042275094455223,0.0002042275094455223,561,561,0,-1,3,3,9,2,277,453,826
565,0,0,1,1,0,0,0,1,1,0,0.0,0.0,1,1,0,-1,-1,-1,2,0,898,725,650
566,0,616,1,990,989,0,56,1,572,571,0.0,0.0015657442390823377,1,850,849,2,-1,3,13,0,185,967,66
567,38,244,773,970,197,38,38,642,642,0,0.0005786446100956465,0.0010892133837094523,726,816,90,3,4,4,7,9,362,294,216
568,0,102,1,893,892,0,9,1,367,366,0.0,0.00010211375472276115,1,494,493,4,-1,5,7,0,714,669,607
569,12,218,502,951,449,38,43,489,513,24,6.807583648184077e-05,0.0002723033459273631,443,602,159,3,4,4,12,3,184,361,477
570,253,355,973,985,12,118,118,992,992,0,0.008373327887266415,0.008407365805507334,977,977,0,4,2,2,5,29,406,17,486
571,36,137,784,940,156,40,40,780,780,0,0.0005446066918547262,0.0007828721195411688,717,770,53,5,3,3,5,5,524,418,613
572,6,622,601,1000,399,4,18,515,931,416,6.807583648184077e-05,0.010143299635794275,461,979,518,2,5,3,2,5,956,487,128
573,0,616,1,992,991,0,55,1,511,510,0.0,0.0007488342013002485,1,759,758,2,-1,3,15,0,0,884,40
574,273,375,970,980,10,210,210,979,979,0,0.0051397256543789785,0.005241839409101739,957,959,2,4,2,2,12,31,96,35,236
575,3,105,483,966,483,3,4,413,478,65,0.00010211375472276115,0.0002382654276864427,495,610,115,4,5,5,2,3,987,585,501
576,0,102,1,912,911,0,10,1,399,398,0.0,0.0006467204465774873,1,746,745,4,-1,5,6,0,582,728,396
577,6,212,419,965,546,16,17,432,437,5,0.0,0.0002042275094455223,1,557,556,3,4,4,7,3,141,466,259
578,22,22,697,697,0,32,32,649,649,0,0.0006467204465774873,0.0006467204465774873,743,743,0,-1,4,4,6,6,664,516,831
579,7,213,540,980,440,6,10,430,513,83,0.0002042275094455223,0.0008169100377820892,565,783,218,3,5,4,3,4,628,208,497
580,0,0,1,1,0,0,0,1,1,0,0.0,0.0,1,1,0,-1,-1,-1,3,0,854,955,826
581,0,206,1,950,949,0,23,1,421,420,0.0,0.0002723033459273631,1,606,605,3,-1,4,11,0,155,542,4
582,0,0,1,1,0,0,0,1,1,0,0.0,0.0,1,1,0,-1,-1,-1,5,0,537,959,742
583,0,206,1,954,953,0,48,1,636,635,0.0,0.004186663943633207,1,950,949,3,-1,4,8,0,434,433,5
584,123,225,951,980,29,32,32,913,913,0,0.004016474352428605,0.0057524081827155455,944,962,18,4,3,3,2,28,970,41,119
585,0,0,1,1,0,0,0,1,1,0,0.0,0.0,1,1,0,-1,-1,-1,3,1,636,742,913
586,46,662,799,996,197,102,102,917,917,0,0.0009190237925048504,0.0030974505599237552,784,924,140,2,2,2,8,3,199,525,66
587,2,104,377,943,566,3,4,381,423,42,0.0,0.00037441710065012424,1,681,680,4,5,5,2,1,817,837,287
588,57,159,807,932,125,140,140,912,912,0,0.001599782157323258,0.00176997174852786,860,869,9,4,2,2,11,8,188,497,648
589,6,6,462,462,0,10,10,471,471,0,0.0,0.0,1,1,0,-1,4,4,4,1,578,639,910
590,194,296,943,974,31,180,180,954,954,0,0.0036760951700194017,0.003710133088260322,935,936,1,4,2,2,11,20,76,43,931
591,100,100,900,900,0,100,100,966,966,0,0.027808979202831954,0.027979168794036557,997,997,0,3,1,1,6,27,267,69,435
592,1,103,333,923,590,4,5,333,357,24,0.0,0.0,1,1,0,4,6,5,4,2,559,721,320
593,28,28,755,755,0,14,14,561,561,0,0.0006126825283365669,0.0006126825283365669,744,744,0,-1,4,4,3,8,935,177,925
594,15,15,674,674,0,10,10,542,542,0,0.0002723033459273631,0.0002723033459273631,624,624,0,-1,4,4,3,5,674,510,790
595,8,214,475,948,473,37,50,441,497,56,6.807583648184077e-05,0.0005786446100956465,446,726,280,3,4,4,15,5,68,464,242
596,0,102,1,889,888,0,13,1,378,377,0.0,0.0,1,1,0,4,-1,5,9,1,389,814,711
597,16,16,582,582,0,37,37,574,574,0,0.0002042275094455223,0.0002042275094455223,569,569,0,-1,3,3,9,2,278,550,746
598,26,128,758,948,190,36,36,792,792,0,0.0007488342013002485,0.0009530617107457708,776,805,29,4,3,3,5,6,629,234,418
599,0,0,1,1,0,0,0,1,1,0,0.0,0.0,1,1,0,-1,-1,-1,4,1,453,874,813
600,41,247,768,972,204,78,78,822,822,0,0.0009530617107457708,0.0012253650566731338,788,817,29,3,3,3,8,5,350,216,83
601,113,214,951,980,29,46,46,976,976,0,0.003914360597705844,0.003914360597705844,949,949,0,6,2,2,2,17,979,45,734
602,16,222,583,963,380,46,46,646,646,0,0.00030634126416828345,0.00034037918240920387,624,636,12,3,3,3,8,1,443,711,572
603,0,102,1,925,924,0,5,1,363,362,0.0,0.00017018959120460194,1,536,535,4,-1,5,4,0,424,927,425
604,0,0,1,1,0,0,0,1,1,0,0.0,0.0,1,1,0,-1,-1,-1,3,0,927,330,847
605,56,262,801,969,168,88,88,767,767,0,0.0007147962830593281,0.0010211375472276116,762,809,47,3,3,3,11,7,307,150,700
606,5,621,508,1000,492,3,22,391,859,468,6.807583648184077e-05,0.008713707069675619,454,979,525,2,5,3,2,3,994,526,6
607,6,108,555,967,412,4,4,479,479,0,0.00030634126416828345,0.0006467204465774873,649,761,112,4,5,5,2,4,987,328,381
608,0,102,1,932,931,0,8,1,440,439,0.0,0.0005786446100956465,1,735,734,4,-1,5,4,0,603,768,497
609,10,10,531,531,0,21,21,433,433,0,6.807583648184077e-05,6.807583648184077e-05,439,439,0,-1,4,4,9,3,166,311,730
610,8,214,541,972,431,9,14,464,548,84,0.0002723033459273631,0.0010211375472276116,616,822,206,3,4,4,3,2,869,523,179
611,36,242,753,968,215,42,42,633,633,0,0.0006126825283365669,0.0007147962830593281,726,749,23,3,4,4,7,8,366,204,710
612,14,220,699,980,281,20,20,741,741,0,0.000442492937131965,0.0010211375472276116,700,819,119,3,4,4,4,4,860,328,266
613,0,0,1,1,0,0,0,1,1,0,0.0,0.0,1,1,0,-1,-1,-1,3,3,748,348,981
614,144,246,945,972,27,54,54,860,860,0,0.0024166921951053475,0.002927260968719153,898,922,24,4,3,3,4,23,385,66,336
615,0,206,1,960,959,0,26,1,512,511,0.0,0.0008509479560230097,1,782,781,3,-1,4,7,1,171,428,497
616,0,206,1,958,957,0,16,1,420,419,0.0,0.00017018959120460194,1,540,539,3,-1,4,7,0,221,933,422
617,3,619,395,994,599,15,92,371,741,370,0.0,0.004152626025392287,1,948,947,2,5,3,11,2,188,694,57
618,14,14,639,639,0,18,18,692,692,0,0.00017018959120460194,0.00017018959120460194,559,559,0,-1,4,4,3,3,825,378,529
619,2,1642,364,1000,636,6,54,384,935,551,0.0,0.0245413390517036,1,996,995,1,5,2,4,1,660,540,163
620,2,2,378,378,0,4,4,436,436,0,0.0002042275094455223,0.0002042275094455223,574,574,0,-1,5,5,2,1,929,500,932
621,1,103,332,973,641,2,3,332,424,92,6.807583648184077e-05,0.0002723033459273631,459,639,180,4,6,5,2,3,920,466,557
622,154,256,931,967,36,162,162,980,980,0,0.003437829742332959,0.003437829742332959,932,932,0,4,2,2,9,19,276,144,873
623,6,212,446,969,523,16,24,477,549,72,0.00010211375472276115,0.0007828721195411688,493,768,275,3,4,4,6,1,465,799,143
624,0,0,1,1,0,0,0,1,1,0,0.0,0.0,1,1,0,-1,-1,-1,4,0,753,483,600
625,1,102,331,959,628,3,3,331,331,0,0.0,0.0,1,1,0,6,6,6,3,1,852,896,595
626,1,103,332,923,591,6,10,332,403,71,0.0,0.00034037918240920387,1,659,658,4,6,5,6,1,657,437,366
627,58,264,764,961,197,192,192,827,827,0,0.0020763130126961434,0.0028932230504782326,891,917,26,3,2,2,21,5,13,619,387
628,6,107,398,887,489,18,18,390,390,0,0.0,3.4037918240920386e-05,1,397,396,5,4,4,10,1,206,402,605
629,6,6,484,484,0,8,8,502,502,0,6.807583648184077e-05,6.807583648184077e-05,459,459,0,-1,4,4,2,2,894,597,944
630,1,102,332,940,608,2,2,332,332,0,0.0,0.0,1,1,0,5,6,6,2,1,943,437,518
631,34,34,844,844,0,20,20,840,840,0,0.0006126825283365669,0.0006126825283365669,738,738,0,-1,3,3,3,11,707,316,830
632,0,0,1,1,0,0,0,1,1,0,0.0,0.0,1,1,0,-1,-1,-1,9,0,126,522,787
633,253,459,964,985,21,138,138,906,906,0,0.0029612988869600733,0.003778208924742163,920,941,21,3,3,3,12,31,194,35,219
634,3,105,430,922,492,6,6,377,377,0,0.0,3.4037918240920386e-05,1,400,399,4,5,5,4,2,397,694,627
635,0,206,1,963,962,0,16,1,428,427,0.0,0.00017018959120460194,1,537,536,3,-1,4,8,0,454,858,231
636,4,106,459,946,487,5,5,407,407,0,3.4037918240920386e-05,6.807583648184077e-05,396,445,49,4,5,5,3,4,642,442,334
637,142,244,950,975,25,78,78,976,976,0,0.00439089145307873,0.004833384390210695,954,957,3,4,2,2,4,24,544,119,90
638,0,101,1,930,929,0,4,1,331,330,0.0,3.4037918240920386e-05,1,406,405,5,-1,6,4,0,696,651,659
639,0,102,1,901,900,0,15,1,399,398,0.0,0.0005446066918547262,1,710,709,4,-1,5,8,0,201,933,345
640,106,208,887,952,65,118,118,821,821,0,0.0013615167296368155,0.001497668402600497,825,844,19,4,3,3,13,18,129,64,810
641,0,0,1,1,0,0,0,1,1,0,0.0,0.0,1,1,0,-1,-1,-1,4,0,700,565,511
642,16,16,599,599,0,60,60,709,709,0,0.00013615167296368154,0.00013615167296368154,524,524,0,-1,3,3,9,1,119,689,574
643,2,618,367,999,632,5,22,367,743,376,6.807583648184077e-05,0.0030634126416828346,452,927,475,2,5,3,4,3,553,484,128
644,16,222,506,943,437,194,194,845,845,0,0.0008169100377820892,0.0008509479560230097,759,763,4,3,3,3,19,1,35,612,935
645,0,102,1,935,934,0,4,1,410,409,0.0,0.0009870996289866913,1,806,805,4,-1,5,2,0,733,801,113
646,0,0,1,1,0,0,0,1,1,0,0.0,0.0,1,1,0,-1,-1,-1,7,0,346,871,674
647,5,107,480,947,467,5,5,407,407,0,0.00010211375472276115,0.00017018959120460194,488,558,70,4,5,5,3,6,642,392,648
648,0,206,1,945,944,0,30,1,410,409,0.0,0.00037441710065012424,1,657,656,3,-1,4,14,0,144,569,422
649,0,206,1,961,960,0,17,1,444,443,0.0,0.00037441710065012424,1,654,653,3,-1,4,7,0,214,359,381
650,0,102,1,946,945,0,4,1,374,373,0.0,0.0002382654276864427,1,602,601,4,-1,5,3,0,600,707,395
651,10,10,544,544,0,21,21,448,448,0,0.0002042275094455223,0.0002042275094455223,569,569,0,-1,4,4,9,4,119,332,910
652,0,102,1,959,958,0,6,1,505,504,0.0,0.0007147962830593281,1,775,774,4,-1,5,3,0,915,944,148
653,6,108,470,943,473,8,9,481,486,5,3.4037918240920386e-05,0.00013615167296368154,402,514,112,4,4,4,3,2,903,344,870
654,0,0,1,1,0,0,0,1,1,0,0.0,0.0,1,1,0,-1,-1,-1,3,0,770,433,746
655,896,896,999,999,0,168,168,996,996,0,0.021069471391129718,0.021069471391129718,993,993,0,-1,2,2,6,130,624,3,997
656,29,645,790,998,208,28,38,801,886,85,0.0004084550188910446,0.0025188059498281084,678,907,229,2,3,3,3,4,583,267,46
657,124,330,916,978,62,104,104,891,891,0,0.0025188059498281084,0.004152626025392287,905,947,42,3,3,3,9,15,803,36,69
658,14,220,635,975,340,16,24,554,680,126,0.00017018959120460194,0.0013274788113958951,557,839,282,3,4,4,4,4,617,567,61
659,2,2,349,349,0,22,22,387,387,0,3.4037918240920386e-05,3.4037918240920386e-05,390,390,0,-1,5,5,13,2,97,518,778
660,501,501,987,987,0,222,222,963,963,0,0.009156200006807584,0.009156200006807584,973,973,0,-1,2,2,13,69,67,12,751
661,58,159,869,966,97,18,18,649,649,0,0.0018720855032506212,0.0018720855032506212,882,882,0,6,4,4,3,22,903,128,679
662,0,0,1,1,0,0,0,1,1,0,0.0,0.0,1,1,0,-1,-1,-1,10,0,293,953,539
663,25,231,688,958,270,44,60,589,689,100,0.0002042275094455223,0.0023486163586235067,563,898,335,3,3,3,9,4,202,164,135
664,100,100,857,857,0,100,100,651,651,0,0.018380475850097007,0.020831205963443275,996,996,0,3,1,1,16,78,53,9,27
665,6,212,385,944,559,33,38,404,416,12,3.4037918240920386e-05,6.807583648184077e-05,396,427,31,3,4,4,16,1,132,265,597
666,0,0,1,1,0,0,0,1,1,0,0.0,0.0,1,1,0,-1,-1,-1,9,0,140,976,901
667,0,0,1,1,0,0,0,1,1,0,0.0,0.0,1,1,0,-1,-1,-1,9,0,276,349,744
668,16,222,529,952,423,94,98,619,640,21,0.0002042275094455223,0.0015317063208414173,556,856,300,3,3,3,16,1,59,869,122
669,122,328,894,973,79,160,160,787,787,0,0.0018720855032506212,0.0024166921951053475,873,902,29,3,2,2,19,15,38,138,250
670,0,616,1,992,991,0,45,1,580,579,0.0,0.0009190237925048504,1,782,781,2,-1,3,10,0,272,768,283
671,18,18,600,600,0,100,100,828,828,0,0.0010211375472276116,0.0010211375472276116,805,805,0,-1,3,3,10,3,125,559,522
672,0,0,1,1,0,0,0,1,1,0,0.0,0.0,1,1,0,-1,-1,-1,3,0,613,520,768
673,1,102,332,946,614,2,2,332,332,0,0.0,0.0,1,1,0,5,9,6,2,1,760,647,466
674,2,2,399,399,0,3,3,411,411,0,0.00010211375472276115,0.00010211375472276115,501,501,0,-1,5,5,2,3,865,755,478
675,13,219,582,969,387,15,20,452,532,80,0.00013615167296368154,0.000442492937131965,511,680,169,3,4,4,6,6,446,279,487
676,2,208,360,970,610,7,12,382,441,59,0.0,0.0002042275094455223,1,572,571,3,5,4,4,2,870,518,263
677,3,104,414,912,498,8,8,414,414,0,3.4037918240920386e-05,6.807583648184077e-05,399,441,42,5,5,5,4,2,858,566,481
678,0,102,1,922,921,0,5,1,382,381,0.0,0.0005446066918547262,1,721,720,4,-1,5,3,0,577,979,351
679,0,0,1,1,0,0,0,1,1,0,0.0,0.0,1,1,0,-1,-1,-1,16,0,50,997,934
680,6,6,437,437,0,18,18,624,624,0,3.4037918240920386e-05,3.4037918240920386e-05,405,405,0,-1,4,4,3,1,554,553,905
681,50,50,774,774,0,138,138,842,842,0,0.0006126825283365669,0.0006126825283365669,724,724,0,-1,3,3,13,5,115,283,716
682,46,148,837,959,122,52,52,961,961,0,0.0026209197045508697,0.0030974505599237552,917,929,12,4,2,2,3,3,882,610,209
683,0,0,1,1,0,0,0,1,1,0,0.0,0.0,1,1,0,-1,-1,-1,5,0,546,855,431
684,20,122,746,958,212,22,22,818,818,0,0.0005786446100956465,0.0007828721195411688,735,779,44,4,3,3,2,3,919,301,315
685,0,206,1,951,950,0,44,1,571,570,0.0,0.003267640151128357,1,935,934,3,-1,4,8,0,370,868,126
686,14,115,509,882,373,80,80,592,592,0,0.00017018959120460194,0.00017018959120460194,532,532,0,5,4,4,16,5,145,722,703
687,102,203,922,972,50,44,44,847,847,0,0.0020082371762143027,0.0020422750944552232,886,887,1,5,3,3,4,16,495,78,444
688,0,0,1,1,0,0,0,1,1,0,0.0,0.0,1,1,0,-1,-1,-1,4,0,448,968,356
689,13,115,721,969,248,4,4,470,470,0,0.0002382654276864427,0.0004765308553728854,616,725,109,4,5,5,2,9,788,198,443
690,23,23,646,646,0,72,72,678,678,0,0.0004765308553728854,0.0004765308553728854,692,692,0,-1,3,3,11,5,150,619,967
691,30,236,760,976,216,28,32,607,648,41,0.0005786446100956465,0.0019741992579733825,719,875,156,3,4,4,6,8,664,177,58
692,0,0,1,1,0,0,0,1,1,0,0.0,0.0,1,1,0,-1,-1,-1,9,1,217,568,446
693,1,103,333,894,561,7,8,333,358,25,0.0,0.0,1,1,0,4,6,5,7,2,299,357,411
694,0,206,1,973,972,0,10,1,465,464,0.0,0.0004084550188910446,1,678,677,3,-1,4,4,0,617,846,487
695,14,115,724,968,244,12,12,720,720,0,0.00034037918240920387,0.00034037918240920387,667,667,0,5,4,4,2,3,847,318,491
696,0,102,1,896,895,0,11,1,375,374,0.0,0.00017018959120460194,1,542,541,4,-1,5,8,1,257,660,653
697,16,118,497,882,385,72,72,501,501,0,0.00013615167296368154,0.0002382654276864427,514,588,74,4,3,3,21,2,3,648,311
698,0,102,1,873,872,0,14,1,344,343,0.0,0.0,1,1,0,4,-1,5,13,0,92,961,530
699,38,139,815,951,136,28,28,778,778,0,0.0007488342013002485,0.0007488342013002485,768,768,0,5,3,3,3,6,855,432,606
700,66,66,854,854,0,60,60,859,859,0,0.0014636304843595766,0.0014636304843595766,848,848,0,-1,3,3,5,13,506,335,956
701,33,134,722,926,204,56,56,687,687,0,0.0004084550188910446,0.0004084550188910446,676,676,0,5,3,3,9,7,422,237,717
702,29,131,679,912,233,56,56,567,567,0,0.0002723033459273631,0.00034037918240920387,610,643,33,4,4,4,12,7,226,188,443
703,40,246,730,962,232,120,124,800,813,13,0.0007147962830593281,0.0008169100377820892,753,765,12,3,2,2,14,1,172,80,369
704,0,102,1,880,879,0,18,1,364,363,0.0,0.0,1,1,0,4,-1,5,14,0,268,977,581
705,0,206,1,972,971,0,20,1,556,555,0.0,0.0021784267674189047,1,895,894,3,-1,4,4,0,558,445,35
706,100,100,879,879,0,100,100,885,885,0,0.019571802988529223,0.021375812655298,995,998,3,2,1,1,10,45,527,77,273
707,0,102,1,942,941,0,3,1,373,372,0.0,0.0002382654276864427,1,601,600,4,-1,5,2,1,938,529,307
708,0,206,1,967,966,0,12,1,448,447,0.0,0.0002382654276864427,1,576,575,3,-1,4,5,0,519,821,202
709,0,102,1,943,942,0,4,1,427,426,0.0,0.0005446066918547262,1,728,727,4,-1,5,2,0,802,457,217
710,53,669,828,997,169,30,40,635,732,97,0.0006467204465774873,0.0026889955410327104,751,907,156,2,4,3,5,12,392,159,196
711,0,102,1,894,893,0,13,1,402,401,0.0,6.807583648184077e-05,1,449,448,4,-1,5,7,0,417,707,301
712,6,108,460,936,476,8,8,469,469,0,0.0,0.0006467204465774873,1,746,745,4,4,4,2,2,966,714,186
713,0,0,1,1,0,0,0,1,1,0,0.0,0.0,1,1,0,-1,-1,-1,6,0,657,864,752
714,31,133,757,947,190,28,28,731,731,0,0.0005786446100956465,0.0007147962830593281,720,757,37,4,3,3,3,6,927,467,443
715,0,102,1,915,914,0,6,1,353,352,0.0,0.0,1,1,0,4,-1,5,5,0,502,276,639
716,18,224,599,956,357,42,42,554,554,0,0.0002042275094455223,0.00037441710065012424,565,646,81,3,3,3,10,2,205,599,341
717,10,10,501,501,0,28,28,438,438,0,0.0,0.0,1,1,0,-1,4,4,10,4,285,319,979
718,0,102,1,904,903,0,10,1,368,367,0.0,3.4037918240920386e-05,1,416,415,4,-1,5,8,0,309,908,347
719,16,16,594,594,0,40,40,612,612,0,0.00017018959120460194,0.00017018959120460194,544,544,0,-1,3,3,9,1,168,904,865
720,663,869,994,997,3,144,144,956,956,0,0.01327478811395895,0.01415977398822288,985,985,0,3,3,3,9,96,202,1,289
721,0,101,1,886,885,0,11,1,332,331,0.0,3.4037918240920386e-05,1,389,388,5,-1,6,11,0,230,938,607
722,14,630,608,998,390,18,28,579,736,157,0.00034037918240920387,0.002280540522141666,649,898,249,2,4,3,3,4,808,233,278
723,12,218,623,977,354,14,18,576,650,74,0.0002042275094455223,0.002110350930937064,582,899,317,3,4,4,3,6,699,368,73
724,2,104,376,957,581,4,5,378,416,38,6.807583648184077e-05,0.0002042275094455223,458,583,125,4,5,5,3,2,850,662,317
725,2,104,368,928,560,5,6,382,406,24,0.0,0.0005105687736138058,1,712,711,4,5,5,3,2,680,495,340
726,63,269,792,964,172,140,140,771,771,0,0.0009530617107457708,0.0009530617107457708,789,789,0,3,3,3,18,8,86,177,506
727,7,7,510,510,0,14,14,457,457,0,3.4037918240920386e-05,3.4037918240920386e-05,402,402,0,-1,4,4,5,2,492,627,988
728,25,127,770,954,184,38,38,888,888,0,0.0009530617107457708,0.0010892133837094523,809,827,18,4,3,3,3,6,699,490,634
729,2,2,388,388,0,4,4,446,446,0,0.00010211375472276115,0.00010211375472276115,486,486,0,-1,5,5,2,1,985,797,987
730,0,0,1,1,0,0,0,1,1,0,0.0,0.0,1,1,0,-1,-1,-1,4,0,304,515,828
731,16,16,676,676,0,22,22,795,795,0,0.0007828721195411688,0.0007828721195411688,781,781,0,-1,3,3,2,1,734,612,768
732,0,0,1,1,0,0,0,1,1,0,0.0,0.0,1,1,0,-1,-1,-1,10,0,310,608,744
733,114,216,919,967,48,84,84,941,941,0,0.003267640151128357,0.003369753905851118,931,932,1,4,2,2,5,20,408,87,291
734,21,227,656,962,306,28,32,564,615,51,0.0005105687736138058,0.0010211375472276116,706,813,107,3,4,4,6,8,473,417,207
735,135,135,937,937,0,82,82,899,899,0,0.002484768031587188,0.002484768031587188,903,903,0,-1,3,3,7,27,141,61,925
736,6,6,462,462,0,11,11,470,470,0,0.00010211375472276115,0.00010211375472276115,489,489,0,-1,4,4,4,1,673,360,740
737,62,164,848,955,107,78,78,974,974,0,0.002927260968719153,0.002995336805200994,926,927,1,4,2,2,4,6,822,471,536
738,0,0,1,1,0,0,0,1,1,0,0.0,0.0,1,1,0,-1,-1,-1,4,0,513,620,858
739,2,104,388,960,572,3,4,393,445,52,6.807583648184077e-05,0.00017018959120460194,448,549,101,4,5,5,2,1,985,623,442
740,0,102,1,911,910,0,7,1,374,373,0.0,0.0,1,1,0,4,-1,5,5,0,326,954,714
741,0,101,1,936,935,0,3,1,331,330,0.0,0.0,1,1,0,6,-1,7,3,0,835,969,374
742,16,117,680,946,266,14,14,601,601,0,0.000442492937131965,0.000442492937131965,698,698,0,5,4,4,3,5,683,178,581
743,156,362,945,983,38,100,100,955,955,0,0.0040845501889104465,0.004731270635487933,947,955,8,3,2,2,6,23,489,122,83
744,68,68,922,922,0,38,38,948,948,0,0.0031314884781646754,0.0031314884781646754,926,926,0,-1,3,3,3,17,668,180,979
745,221,323,973,981,8,78,78,962,962,0,0.004322815616596889,0.004322815616596889,952,952,0,4,2,2,4,44,444,27,679
746,24,230,653,957,304,56,56,608,608,0,0.0004765308553728854,0.0009870996289866913,695,800,105,3,4,4,10,4,105,167,267
747,48,254,837,976,139,50,50,861,861,0,0.0012594029749140542,0.0016678579938050988,835,864,29,3,3,3,5,12,430,163,710
748,12,12,642,642,0,12,12,610,610,0,0.00030634126416828345,0.00030634126416828345,647,647,0,-1,4,4,2,3,948,121,790
749,0,101,1,962,961,0,3,1,331,330,0.0,3.4037918240920386e-05,1,398,397,5,-1,6,3,0,812,844,408
750,6,212,445,972,527,8,24,415,638,223,6.807583648184077e-05,0.0034037918240920387,457,931,474,3,5,4,4,4,558,567,126
751,2,104,349,881,532,32,33,406,408,2,3.4037918240920386e-05,3.4037918240920386e-05,393,393,0,4,5,5,18,2,29,560,873
752,29,130,765,948,183,12,12,567,567,0,0.0006807583648184077,0.0006807583648184077,759,759,0,7,4,4,2,10,846,262,703
753,19,635,722,1000,278,8,22,520,817,297,0.0002042275094455223,0.013751318969331836,583,989,406,2,4,3,2,4,999,504,0
754,89,190,911,971,60,64,64,948,948,0,0.004152626025392287,0.004152626025392287,945,945,0,5,2,2,5,18,744,63,734
755,0,0,1,1,0,0,0,1,1,0,0.0,0.0,1,1,0,-1,-1,-1,2,0,973,821,881
756,40,246,813,976,163,28,28,737,737,0,0.0006126825283365669,0.0007828721195411688,742,784,42,3,3,3,3,6,737,46,305
757,62,163,874,960,86,34,34,798,798,0,0.0017018959120460194,0.0017359338302869397,879,882,3,6,3,3,4,14,578,139,437
758,8,110,498,901,403,20,22,430,442,12,0.00013615167296368154,0.0004084550188910446,507,677,170,4,4,4,9,4,367,442,610
759,834,834,1000,1000,0,80,80,996,996,0,0.02219272269308009,0.02219272269308009,998,998,0,-1,2,2,2,130,769,3,235
760,82,82,867,867,0,66,66,826,826,0,0.0014636304843595766,0.0014636304843595766,854,854,0,-1,3,3,6,18,368,148,835
761,0,0,1,1,0,0,0,1,1,0,0.0,0.0,1,1,0,-1,-1,-1,3,0,778,933,966
762,2,104,397,970,573,4,4,466,466,0,6.807583648184077e-05,0.00034037918240920387,449,647,198,4,5,5,2,1,959,531,507
763,6,107,401,898,497,19,19,422,422,0,3.4037918240920386e-05,3.4037918240920386e-05,402,402,0,7,4,4,8,1,303,322,765
764,4,106,373,877,504,40,41,392,394,2,6.807583648184077e-05,6.807583648184077e-05,428,428,0,4,5,5,22,2,33,430,807
765,16,118,550,890,340,60,60,555,555,0,0.00010211375472276115,0.00010211375472276115,479,479,0,4,3,3,15,1,138,152,575
766,12,218,570,969,399,16,20,519,575,56,3.4037918240920386e-05,0.0004765308553728854,401,707,306,3,4,4,4,5,694,231,328
767,2,2,356,356,0,6,6,379,379,0,0.0,0.0,1,1,0,-1,5,5,4,1,632,893,937
768,0,101,1,954,953,0,2,1,331,330,0.0,0.0002382654276864427,1,614,613,5,-1,6,2,0,868,359,458
769,0,102,1,917,916,0,4,1,387,386,0.0,6.807583648184077e-05,1,446,445,4,-1,5,2,0,859,867,451
770,92,92,884,884,0,82,82,871,871,0,0.0022465026039007454,0.0022465026039007454,897,897,0,-1,3,3,7,15,346,158,674
771,12,12,518,518,0,35,35,488,488,0,0.00037441710065012424,0.00037441710065012424,665,665,0,-1,4,4,12,4,93,208,633
772,102,718,886,994,108,136,146,900,927,27,0.001599782157323258,0.008271214132543654,860,973,113,2,3,3,11,12,167,155,9
773,32,648,697,992,295,116,116,850,850,0,0.00088498587426393,0.0017018959120460194,779,868,89,2,3,3,11,6,220,471,418
774,68,68,872,872,0,38,38,846,846,0,0.001497668402600497,0.001497668402600497,858,858,0,-1,3,3,3,13,819,183,674
775,1,102,333,949,616,2,2,333,333,0,0.0,0.0,1,1,0,6,6,6,2,2,625,374,656
776,6,108,425,914,489,26,26,518,518,0,0.00013615167296368154,0.0002723033459273631,516,612,96,4,4,4,7,1,400,718,406
777,0,101,1,873,872,0,18,1,332,331,0.0,0.0,1,1,0,5,-1,6,18,0,86,768,140
778,15,117,716,964,248,14,14,644,644,0,0.00037441710065012424,0.0009870996289866913,667,820,153,4,4,4,3,7,922,389,289
779,8,214,483,956,473,22,48,414,591,177,3.4037918240920386e-05,0.003165526396405596,400,927,527,3,4,4,10,2,254,364,126
780,0,102,1,911,910,0,9,1,398,397,0.0,0.0002042275094455223,1,570,569,4,-1,5,5,3,724,854,253
781,3,3,430,430,0,6,6,404,404,0,3.4037918240920386e-05,3.4037918240920386e-05,407,407,0,-1,5,5,3,5,484,225,733
782,6,108,424,902,478,24,24,494,494,0,0.00010211375472276115,0.00013615167296368154,477,507,30,4,4,4,8,4,508,512,550
783,23,124,769,960,191,18,18,808,808,0,0.0004084550188910446,0.000442492937131965,685,699,14,5,3,3,2,5,702,310,531
784,0,1640,1,1000,999,0,96,1,928,927,0.0,0.025970931617822254,1,997,996,1,-1,2,7,0,214,664,2
785,0,206,1,970,969,0,18,1,550,549,0.0,0.0031314884781646754,1,932,931,3,-1,4,5,0,908,588,34
786,36,36,743,743,0,60,60,853,853,0,0.0009870996289866913,0.0009870996289866913,808,808,0,-1,3,3,5,4,496,207,971
787,601,601,997,997,0,94,94,971,971,0,0.015385139044896015,0.015385139044896015,990,990,0,-1,2,2,5,127,502,11,897
788,0,0,1,1,0,0,0,1,1,0,0.0,0.0,1,1,0,-1,-1,-1,3,0,748,673,865
789,0,0,1,1,0,0,0,1,1,0,0.0,0.0,1,1,0,-1,-1,-1,4,0,649,517,356
790,0,0,1,1,0,0,0,1,1,0,0.0,0.0,1,1,0,-1,-1,-1,7,0,336,498,745
791,0,102,1,912,911,0,10,1,427,426,0.0,0.0002723033459273631,1,614,613,4,-1,5,5,0,284,825,545
792,114,216,935,973,38,54,54,918,918,0,0.002825147213996392,0.002927260968719153,917,922,5,4,3,3,4,20,403,38,682
793,55,261,832,974,142,82,82,879,879,0,0.0018040096667687805,0.003165526396405596,876,920,44,3,2,2,7,6,335,232,49
794,23,229,710,975,265,54,54,880,880,0,0.0010892133837094523,0.0018040096667687805,819,878,59,3,3,3,4,3,445,390,268
795,17,223,631,965,334,36,36,599,599,0,0.00017018959120460194,0.0004765308553728854,541,692,151,3,4,4,8,8,158,302,233
796,0,1640,1,1000,999,0,120,1,860,859,0.0,0.014023622315259198,1,986,985,1,-1,2,11,3,66,348,7
797,6,107,426,915,489,10,10,432,432,0,3.4037918240920386e-05,0.00010211375472276115,400,483,83,5,4,4,3,1,704,771,879
798,12,12,608,608,0,18,18,576,576,0,0.00010211375472276115,0.00010211375472276115,471,471,0,-1,4,4,5,2,557,323,922
799,100,100,830,830,0,100,100,471,471,0,0.006875659484665918,0.006875659484665918,966,966,0,-1,1,1,35,33,20,15,600
800,34,135,769,947,178,36,36,754,754,0,0.000442492937131965,0.0005105687736138058,681,701,20,5,3,3,5,6,534,432,380
801,46,46,717,717,0,120,120,634,634,0,0.00030634126416828345,0.00030634126416828345,612,612,0,-1,3,3,22,5,33,310,876
802,8,8,560,560,0,8,8,509,509,0,0.0002042275094455223,0.0002042275094455223,579,579,0,-1,4,4,2,2,232,700,818
803,6,107,497,947,450,12,12,671,671,0,0.0002042275094455223,0.0002382654276864427,574,600,26,5,4,4,2,1,929,152,577
804,0,206,1,951,950,0,48,1,648,647,0.0,0.0022465026039007454,1,895,894,3,-1,4,8,0,317,457,26
805,68,274,873,979,106,40,40,777,777,0,0.0016338200755641784,0.0020082371762143027,864,887,23,3,3,3,5,17,688,60,316
806,39,39,717,717,0,80,80,628,628,0,0.0005786446100956465,0.0005786446100956465,715,715,0,-1,4,4,14,9,121,240,830
807,0,102,1,952,951,0,3,1,390,389,0.0,0.00017018959120460194,1,567,566,4,-1,5,2,0,994,914,785
808,162,263,946,974,28,86,86,934,934,0,0.003914360597705844,0.003914360597705844,942,942,0,5,3,3,6,25,341,105,593
809,0,0,1,1,0,0,0,1,1,0,0.0,0.0,1,1,0,-1,-1,-1,2,0,956,966,905
810,2,2,359,359,0,6,6,385,385,0,3.4037918240920386e-05,3.4037918240920386e-05,402,402,0,-1,5,5,4,1,511,734,747
811,23,125,758,952,194,22,22,806,806,0,0.0002382654276864427,0.00034037918240920387,589,653,64,4,3,3,2,4,993,545,197
812,10,112,631,954,323,12,12,720,720,0,0.0009190237925048504,0.001599782157323258,800,874,74,4,4,4,2,4,851,326,64
813,1,207,333,952,619,11,30,333,469,136,0.0,0.0002723033459273631,1,607,606,3,8,4,11,2,229,448,404
814,3,209,464,984,520,4,8,434,547,113,3.4037918240920386e-05,0.0014295925661186562,397,858,461,3,5,4,2,3,830,441,73
815,147,353,937,982,45,132,132,962,962,0,0.0031314884781646754,0.003267640151128357,925,928,3,3,2,2,8,23,223,117,282
816,6,108,464,934,470,10,10,489,489,0,3.4037918240920386e-05,0.0006467204465774873,409,751,342,4,4,4,3,1,935,807,242
817,0,616,1,993,992,0,44,1,674,673,0.0,0.0015317063208414173,1,854,853,2,-1,3,7,0,216,957,54
818,2,208,358,973,615,4,12,332,482,150,0.00010211375472276115,0.0009190237925048504,486,803,317,3,6,4,4,2,513,694,218
819,408,614,984,993,9,168,168,976,976,0,0.00803294870485721,0.008475441641989176,974,976,2,3,2,2,9,59,213,5,759
820,0,206,1,970,969,0,22,1,574,573,0.0,0.0014636304843595766,1,850,849,3,-1,4,5,0,291,997,66
821,0,102,1,911,910,0,7,1,385,384,0.0,0.00017018959120460194,1,544,543,4,-1,5,4,0,717,548,156
822,47,148,833,957,124,30,30,729,729,0,0.0009530617107457708,0.0009870996289866913,808,816,8,5,4,4,5,14,574,84,449
823,6,6,438,438,0,13,13,454,454,0,3.4037918240920386e-05,3.4037918240920386e-05,406,406,0,-1,4,4,5,1,692,607,554
824,45,147,780,939,159,46,46,653,653,0,0.0006807583648184077,0.0007488342013002485,752,764,12,4,3,3,8,8,350,284,714
825,23,124,750,954,204,28,28,792,792,0,0.0009190237925048504,0.0009190237925048504,812,812,0,5,3,3,3,6,825,471,503
826,0,206,1,972,971,0,12,1,497,496,0.0,0.0007828721195411688,1,769,768,3,-1,4,4,0,597,864,92
827,12,218,483,948,465,68,72,550,562,12,0.00013615167296368154,0.00034037918240920387,500,618,118,3,4,4,16,3,132,263,454
828,204,410,964,989,25,82,82,894,894,0,0.0032336022328874367,0.003642057251778481,923,933,10,3,3,3,7,38,362,111,253
829,1,1,332,332,0,4,4,332,332,0,0.0,0.0,1,1,0,-1,6,6,4,1,649,540,953
830,153,255,938,972,34,102,102,924,924,0,0.0028932230504782326,0.0028932230504782326,923,923,0,4,2,2,8,20,380,95,736
831,26,232,677,960,283,48,60,556,605,49,0.00013615167296368154,0.0018380475850097008,508,877,369,3,3,3,11,4,150,315,128
832,6,108,460,932,472,12,12,470,470,0,6.807583648184077e-05,0.0002723033459273631,460,636,176,4,4,4,5,1,744,503,307
833,0,0,1,1,0,0,0,1,1,0,0.0,0.0,1,1,0,-1,-1,-1,3,1,812,949,824
834,8,110,528,921,393,13,14,455,472,17,0.00010211375472276115,0.0002042275094455223,485,563,78,4,4,4,5,5,524,231,493
835,2,104,376,945,569,4,4,443,443,0,6.807583648184077e-05,0.0010211375472276116,455,826,371,4,5,5,2,2,876,215,174
836,20,20,712,712,0,14,14,577,577,0,0.0004765308553728854,0.0004765308553728854,692,692,0,-1,4,4,3,6,912,381,911
837,14,14,511,511,0,68,68,516,516,0,0.00013615167296368154,0.00013615167296368154,511,511,0,-1,4,4,18,7,111,451,941
838,0,206,1,950,949,0,24,1,421,420,0.0,0.00017018959120460194,1,541,540,3,-1,4,11,0,307,881,173
839,36,242,798,979,181,34,34,738,738,0,0.0006126825283365669,0.0024507301133462676,755,905,150,3,3,3,4,9,652,145,81
840,9,9,671,671,0,12,12,785,785,0,0.0009870996289866913,0.0009870996289866913,815,815,0,-1,4,4,2,3,936,390,796
841,14,14,653,653,0,14,14,571,571,0,0.00030634126416828345,0.00030634126416828345,629,629,0,-1,4,4,3,4,615,637,423
842,0,206,1,947,946,0,40,1,464,463,0.0,0.000442492937131965,1,684,683,3,-1,4,15,0,95,723,170
843,37,243,786,975,189,36,36,725,725,0,0.0007147962830593281,0.00088498587426393,749,789,40,3,3,3,5,6,605,229,353
844,3,3,468,468,0,4,4,391,391,0,0.00013615167296368154,0.00013615167296368154,529,529,0,-1,5,5,3,3,915,631,775
845,49,49,830,830,0,30,30,702,702,0,0.0008169100377820892,0.0008169100377820892,779,779,0,-1,3,3,4,8,572,284,533
846,16,118,535,890,355,57,57,572,572,0,0.00017018959120460194,0.00017018959120460194,534,534,0,4,3,3,12,2,52,544,648
847,24,126,797,968,171,18,18,742,742,0,0.0011913271384322134,0.0013955546478777359,835,849,14,4,4,4,3,6,922,397,613
848,88,704,847,992,145,150,170,863,901,38,0.0009190237925048504,0.0051397256543789785,790,954,164,2,2,2,14,4,198,246,20
849,62,62,845,845,0,62,62,856,856,0,0.0013274788113958951,0.0013274788113958951,840,840,0,-1,3,3,6,13,98,340,359
850,80,80,830,830,0,170,170,852,852,0,0.0011913271384322134,0.0011913271384322134,828,828,0,-1,2,2,15,11,77,249,934
851,12,113,517,900,383,40,40,477,477,0,0.00013615167296368154,0.0002382654276864427,504,579,75,5,4,4,15,2,110,523,755
852,0,102,1,925,924,0,5,1,363,362,0.0,6.807583648184077e-05,1,440,439,4,-1,5,4,0,424,488,322
853,16,117,610,920,310,22,22,544,544,0,0.0002382654276864427,0.0002382654276864427,602,602,0,5,4,4,5,4,392,164,543
854,18,18,661,661,0,36,36,770,770,0,0.0005446066918547262,0.0005446066918547262,716,716,0,-1,3,3,5,3,291,197,832
855,1,103,333,914,581,6,7,333,362,29,0.0,3.4037918240920386e-05,1,402,401,4,9,5,6,1,237,647,654
856,62,268,789,963,174,126,126,677,677,0,0.0008169100377820892,0.0009530617107457708,783,801,18,3,3,3,19,8,14,386,305
857,164,266,945,974,29,66,66,843,843,0,0.003165526396405596,0.003165526396405596,934,934,0,4,3,3,6,28,328,44,342
858,0,206,1,977,976,0,12,1,537,536,0.0,0.0008169100377820892,1,781,780,3,-1,4,4,0,754,356,161
859,196,298,968,981,13,84,84,965,965,0,0.006603356138738555,0.006637394056979475,967,968,1,4,2,2,5,31,386,34,410
860,0,0,1,1,0,0,0,1,1,0,0.0,0.0,1,1,0,-1,-1,-1,16,1,50,583,968
861,11,217,601,973,372,18,22,569,615,46,0.0002382654276864427,0.0005105687736138058,600,706,106,3,4,4,5,7,376,427,280
862,66,272,836,969,133,78,82,749,773,24,0.0013274788113958951,0.0013955546478777359,831,836,5,3,2,2,10,9,82,391,566
863,0,102,1,882,881,0,18,1,390,389,0.0,0.0002042275094455223,1,560,559,4,-1,5,10,0,310,953,697
864,24,230,612,946,334,84,84,545,545,0,0.00013615167296368154,0.0002723033459273631,511,605,94,3,3,3,19,3,83,248,770
865,11,11,578,578,0,24,24,645,645,0,0.0009190237925048504,0.0009190237925048504,801,801,0,-1,4,4,4,5,384,355,996
866,225,327,966,978,12,118,118,950,950,0,0.004493005207801491,0.004493005207801491,951,951,0,4,3,3,8,37,350,74,325
867,0,0,1,1,0,0,0,1,1,0,0.0,0.0,1,1,0,-1,-1,-1,8,1,218,428,782
868,0,206,1,964,963,0,21,1,468,467,0.0,0.000442492937131965,1,680,679,3,-1,4,7,0,525,980,253
869,38,38,669,669,0,160,160,730,730,0,0.00030634126416828345,0.00030634126416828345,608,608,0,-1,3,3,23,4,57,233,974
870,66,272,863,979,116,84,84,938,938,0,0.0026889955410327104,0.0035059055788147996,912,937,25,3,2,2,7,6,697,232,281
871,32,32,734,734,0,38,38,670,670,0,0.0007147962830593281,0.0007147962830593281,763,763,0,-1,3,3,6,7,255,303,884
872,2,103,360,917,557,6,6,405,405,0,0.0,0.0,1,1,0,6,5,5,3,1,725,606,540
873,0,102,1,887,886,0,27,1,392,391,0.0,0.0002382654276864427,1,586,585,4,-1,5,16,0,60,905,371
874,6,212,425,961,536,30,30,544,544,0,0.00013615167296368154,0.00037441710065012424,507,671,164,3,4,4,7,2,320,670,178
875,24,24,709,709,0,24,24,638,638,0,0.0005446066918547262,0.0005446066918547262,733,733,0,-1,4,4,4,8,694,132,974
876,0,102,1,897,896,0,14,1,386,385,0.0,0.0002042275094455223,1,567,566,4,-1,5,9,0,177,876,346
877,1,1,331,331,0,3,3,331,331,0,0.0,0.0,1,1,0,-1,9,9,3,1,916,647,600
878,0,0,1,1,0,0,0,1,1,0,0.0,0.0,1,1,0,-1,-1,-1,6,0,425,912,846
879,16,16,671,671,0,24,24,779,779,0,0.0007147962830593281,0.0007147962830593281,769,769,0,-1,3,3,3,1,433,80,757
880,6,6,372,372,0,59,59,424,424,0,0.0,0.0,1,1,0,-1,4,4,25,1,17,618,358
881,0,206,1,957,956,0,28,1,494,493,0.0,0.0005105687736138058,1,703,702,3,-1,4,10,0,243,674,80
882,54,670,774,990,216,144,154,840,862,22,0.0006467204465774873,0.006297014874570271,733,963,230,2,3,3,14,4,122,246,32
883,0,616,1,997,996,0,24,1,624,623,0.0,0.002280540522141666,1,894,893,2,-1,3,5,0,478,712,87
884,0,206,1,978,977,0,12,1,677,676,0.0,0.002825147213996392,1,927,926,3,-1,4,2,0,895,984,33
885,7,108,518,925,407,8,8,419,419,0,0.00010211375472276115,0.00010211375472276115,489,489,0,5,5,5,4,6,753,459,736
886,32,238,737,970,233,24,24,609,609,0,0.0002723033459273631,0.0008169100377820892,616,781,165,3,4,4,4,8,509,286,167
887,15,15,640,640,0,12,12,520,520,0,6.807583648184077e-05,6.807583648184077e-05,448,448,0,-1,4,4,4,4,682,164,979
888,0,102,1,904,903,0,9,1,378,377,0.0,0.00010211375472276115,1,480,479,4,-1,5,6,1,353,913,749
889,0,0,1,1,0,0,0,1,1,0,0.0,0.0,1,1,0,-1,-1,-1,6,0,281,330,997
890,55,156,788,920,132,124,124,718,718,0,0.0005786446100956465,0.0005786446100956465,717,717,0,5,3,3,17,9,56,240,331
891,0,102,1,937,936,0,3,1,374,373,0.0,6.807583648184077e-05,1,468,467,4,-1,5,2,0,907,367,406
892,16,16,702,702,0,24,24,822,822,0,0.0006126825283365669,0.0006126825283365669,736,736,0,-1,3,3,3,3,796,285,953
893,0,206,1,943,942,0,44,1,419,418,0.0,0.0002723033459273631,1,603,602,3,-1,4,21,0,2,696,134
894,1,207,332,972,640,3,10,332,487,155,0.0,0.0005786446100956465,1,735,734,3,8,4,3,2,672,448,612
895,6,6,404,404,0,17,17,421,421,0,6.807583648184077e-05,6.807583648184077e-05,451,451,0,-1,4,4,7,2,374,648,754
896,2,103,360,928,568,5,5,384,384,0,0.0,0.0,1,1,0,5,5,5,3,1,626,743,690
897,2,2,357,357,0,11,11,380,380,0,0.0,0.0,1,1,0,-1,5,5,7,2,398,509,921
898,75,75,878,878,0,44,44,842,842,0,0.0018380475850097008,0.0018380475850097008,878,878,0,-1,3,3,4,18,460,63,774
899,0,206,1,968,967,0,18,1,608,607,0.0,0.002757071377514551,1,919,918,3,-1,4,3,0,778,546,56
900,9,9,555,555,0,15,15,539,539,0,0.00010211375472276115,0.00010211375472276115,482,482,0,-1,4,4,4,3,783,580,880
901,0,102,1,939,938,0,6,1,417,416,0.0,6.807583648184077e-05,1,456,455,4,-1,5,3,0,699,902,667
902,86,188,859,949,90,88,88,777,777,0,0.0017359338302869397,0.002280540522141666,866,901,35,4,3,3,12,13,219,261,249
903,30,132,721,919,198,34,34,656,656,0,0.0002723033459273631,0.0002723033459273631,621,621,0,4,3,3,6,4,536,557,279
904,0,0,1,1,0,0,0,1,1,0,0.0,0.0,1,1,0,-1,-1,-1,6,1,536,895,757
905,44,250,772,968,196,80,80,742,742,0,0.00037441710065012424,0.0018380475850097008,670,876,206,3,3,3,10,4,189,259,104
906,8,214,518,970,452,9,9,434,434,0,3.4037918240920386e-05,0.000442492937131965,407,699,292,3,4,4,3,2,471,680,637
907,8,110,498,905,407,22,22,433,433,0,0.00013615167296368154,0.00030634126416828345,512,628,116,4,4,4,10,3,527,761,291
908,0,206,1,956,955,0,26,1,466,465,0.0,0.00037441710065012424,1,664,663,3,-1,4,9,0,803,673,328
909,0,206,1,956,955,0,20,1,457,456,0.0,0.0002723033459273631,1,606,605,3,-1,4,7,0,321,778,199
910,0,102,1,941,940,0,4,1,406,405,0.0,0.00037441710065012424,1,665,664,4,-1,5,2,0,713,731,340
911,0,102,1,946,945,0,4,1,414,413,0.0,0.0002382654276864427,1,613,612,4,-1,5,2,0,940,735,303
912,0,0,1,1,0,0,0,1,1,0,0.0,0.0,1,1,0,-1,-1,-1,3,0,774,488,968
913,1,207,332,968,636,3,9,332,441,109,0.0,0.00017018959120460194,1,546,545,3,7,4,3,1,725,765,252
914,40,40,744,744,0,86,86,748,748,0,0.0007488342013002485,0.0007488342013002485,768,768,0,-1,3,3,11,5,307,273,587
915,8,109,510,919,409,14,14,469,469,0,6.807583648184077e-05,6.807583648184077e-05,452,452,0,5,4,4,5,2,677,749,878
916,0,206,1,969,968,0,16,1,546,545,0.0,0.0012253650566731338,1,827,826,3,-1,4,4,3,783,348,203
917,79,79,886,886,0,54,54,873,873,0,0.0024166921951053475,0.0024166921951053475,904,904,0,-1,3,3,4,15,558,151,635
918,0,101,1,895,894,0,8,1,331,330,0.0,0.0,1,1,0,5,-1,6,8,0,488,811,623
919,6,6,431,431,0,20,20,514,514,0,3.4037918240920386e-05,3.4037918240920386e-05,394,394,0,-1,4,4,6,2,606,532,992
920,2,208,361,968,607,7,24,361,549,188,0.0,0.0013274788113958951,1,841,840,3,5,4,6,2,465,721,97
921,16,632,516,991,475,92,106,581,655,74,0.00017018959120460194,0.0011913271384322134,531,810,279,2,3,3,19,1,38,891,61
922,0,0,1,1,0,0,0,1,1,0,0.0,0.0,1,1,0,-1,-1,-1,13,0,91,436,942
923,12,218,550,962,412,42,42,657,657,0,0.000442492937131965,0.0026889955410327104,681,916,235,3,4,4,7,2,450,827,111
924,28,234,674,961,287,56,64,600,651,51,0.0002382654276864427,0.0007147962830593281,582,735,153,3,3,3,11,3,163,301,535
925,42,248,855,984,129,42,42,977,977,0,0.00442492937131965,0.0053099152455835805,954,962,8,3,2,2,2,5,874,722,147
926,0,616,1,995,994,0,35,1,644,643,0.0,0.0020763130126961434,1,890,889,2,-1,3,7,1,264,913,642
927,22,124,615,893,278,80,80,642,642,0,0.0005105687736138058,0.0005446066918547262,704,716,12,4,3,3,13,3,41,209,771
928,0,0,1,1,0,0,0,1,1,0,0.0,0.0,1,1,0,-1,-1,-1,6,0,373,950,498
929,0,206,1,971,970,0,11,1,464,463,0.0,0.000442492937131965,1,691,690,3,-1,4,5,0,612,858,240
930,27,27,754,754,0,30,30,708,708,0,0.0008169100377820892,0.0008169100377820892,781,781,0,-1,4,4,5,11,456,249,794
931,50,50,907,907,0,12,12,779,779,0,0.0026549576227917903,0.0026549576227917903,919,919,0,-1,4,4,2,19,884,135,934
932,301,402,977,983,6,132,132,971,971,0,0.006977773239388679,0.007113924912352361,971,971,0,5,2,2,8,49,297,51,398
933,16,118,770,972,202,17,18,903,904,1,0.002995336805200994,0.009088124170325743,927,977,50,4,3,3,2,1,782,647,10
934,46,46,763,763,0,74,74,666,666,0,0.0005105687736138058,0.0005105687736138058,700,700,0,-1,3,3,12,8,212,250,235
935,0,0,1,1,0,0,0,1,1,0,0.0,0.0,1,1,0,-1,-1,-1,4,2,532,431,784
936,34,240,683,954,271,88,88,611,611,0,0.0002042275094455223,0.00030634126416828345,558,614,56,3,4,4,16,13,42,256,809
937,13,13,649,649,0,18,18,703,703,0,0.0002723033459273631,0.0002723033459273631,626,626,0,-1,4,4,3,3,774,236,937
938,6,6,601,601,0,8,8,687,687,0,0.00030634126416828345,0.00030634126416828345,653,653,0,-1,4,4,2,2,956,670,826
939,6,6,447,447,0,10,10,462,462,0,0.0,0.0,1,1,0,-1,4,4,3,3,737,321,746
940,28,28,734,734,0,22,22,559,559,0,0.0005786446100956465,0.0005786446100956465,725,725,0,-1,4,4,5,7,479,396,254
941,8,8,571,571,0,12,12,530,530,0,6.807583648184077e-05,6.807583648184077e-05,460,460,0,-1,4,4,4,4,738,239,678
942,2,208,365,971,606,4,8,383,463,80,0.00010211375472276115,0.0004765308553728854,491,698,207,3,5,4,2,4,909,512,869
943,0,102,1,911,910,0,7,1,388,387,0.0,6.807583648184077e-05,1,442,441,4,-1,5,4,0,917,967,586
944,1,1,333,333,0,2,2,333,333,0,0.0,0.0,1,1,0,-1,6,6,2,1,763,603,644
945,1,102,332,935,603,2,2,332,332,0,3.4037918240920386e-05,3.4037918240920386e-05,403,403,0,5,6,6,2,1,993,781,321
946,0,101,1,917,916,0,3,1,331,330,0.0,3.4037918240920386e-05,1,407,406,5,-1,6,3,0,808,963,563
947,0,0,1,1,0,0,0,1,1,0,0.0,0.0,1,1,0,-1,-1,-1,12,0,175,812,991
948,0,206,1,933,932,0,28,1,367,366,0.0,0.00010211375472276115,1,468,467,3,-1,4,21,0,74,205,463
949,17,17,659,659,0,22,22,582,582,0,0.0002042275094455223,0.0002042275094455223,567,567,0,-1,4,4,5,6,430,368,668
950,24,230,649,954,305,58,58,581,581,0,6.807583648184077e-05,0.00017018959120460194,451,540,89,3,3,3,12,3,252,485,904
951,2,2,365,365,0,9,9,422,422,0,0.00013615167296368154,0.00013615167296368154,523,523,0,-1,5,5,5,2,612,550,819
952,56,56,760,760,0,134,134,701,701,0,0.0006467204465774873,0.0006467204465774873,732,732,0,-1,3,3,21,11,1,162,715
953,72,174,842,939,97,114,114,902,902,0,0.001599782157323258,0.0018040096667687805,858,867,9,4,2,2,10,4,355,407,770
954,2,618,356,994,638,15,54,416,729,313,0.0,0.003778208924742163,1,936,935,2,5,3,8,2,158,325,135
955,0,1640,1,1000,999,0,188,1,785,784,0.0,0.007113924912352361,1,965,964,1,-1,2,23,0,4,982,65
956,6,6,452,452,0,9,9,469,469,0,0.00010211375472276115,0.00010211375472276115,481,481,0,-1,4,4,3,1,337,771,954
957,12,114,604,940,336,12,12,491,491,0,0.00013615167296368154,0.00034037918240920387,516,648,132,4,4,4,4,2,633,425,302
958,6,108,450,928,478,13,13,466,466,0,0.0,0.00010211375472276115,1,478,477,4,4,4,5,1,765,756,663
959,0,206,1,969,968,0,18,1,496,495,0.0,0.0009870996289866913,1,806,805,3,-1,4,5,0,528,502,118
960,8,214,562,979,417,8,10,508,528,20,0.0,0.0006126825283365669,1,750,749,3,4,4,3,3,871,534,412
961,44,44,807,807,0,50,50,820,820,0,0.0004084550188910446,0.0004084550188910446,685,685,0,-1,3,3,5,6,247,432,947
962,0,0,1,1,0,0,0,1,1,0,0.0,0.0,1,1,0,-1,-1,-1,8,0,443,707,574
963,0,102,1,906,905,0,13,1,425,424,0.0,0.00013615167296368154,1,520,519,4,-1,5,7,0,698,843,134
964,38,38,696,696,0,84,84,614,614,0,0.000442492937131965,0.000442492937131965,680,680,0,-1,3,3,15,8,0,286,951
965,100,100,885,885,0,100,100,916,916,0,0.018857006705469893,0.02021852343510671,992,993,1,3,1,1,8,4,260,86,171
966,231,437,956,982,26,204,204,946,946,0,0.005037611899656217,0.0051397256543789785,954,956,2,3,2,2,15,37,68,74,314
967,48,1688,756,1000,244,112,210,701,921,220,0.0005105687736138058,0.014466115252391163,701,988,287,1,3,2,16,8,59,286,7
968,6,108,438,919,481,12,12,476,476,0,0.000442492937131965,0.0005446066918547262,677,714,37,4,4,4,4,2,783,805,369
969,100,100,872,872,0,100,100,803,803,0,0.01776779332176044,0.01783586915824228,992,993,1,4,1,1,10,17,240,96,385
970,47,253,813,976,163,56,56,797,797,0,0.0007828721195411688,0.002484768031587188,775,900,125,3,3,3,6,9,387,293,157
971,25,231,792,980,188,14,14,638,638,0,0.00030634126416828345,0.0030634126416828346,636,928,292,3,4,4,3,11,840,162,51
972,2,2,351,351,0,19,19,398,398,0,3.4037918240920386e-05,3.4037918240920386e-05,408,408,0,-1,5,5,11,1,271,449,803
973,1,207,331,961,630,8,28,331,515,184,0.0,0.0017359338302869397,1,869,868,3,6,4,8,2,201,721,133
974,3,105,405,902,497,7,7,382,382,0,3.4037918240920386e-05,0.00013615167296368154,392,503,111,4,5,5,4,3,493,563,631
975,77,77,902,902,0,44,44,904,904,0,0.0023486163586235067,0.0023486163586235067,905,905,0,-1,3,3,4,17,603,180,999
976,0,206,1,959,958,0,18,1,432,431,0.0,6.807583648184077e-05,1,452,451,3,-1,4,8,0,225,426,904
977,0,102,1,917,916,0,6,1,375,374,0.0,0.0,1,1,0,4,-1,5,4,0,675,865,385
978,32,238,677,961,284,108,112,725,743,18,0.0002723033459273631,0.00037441710065012424,612,659,47,3,3,3,15,4,40,149,512
979,16,117,691,955,264,28,28,846,846,0,0.0006126825283365669,0.0006126825283365669,741,741,0,5,3,3,3,2,535,482,572
980,145,145,920,920,0,116,116,858,858,0,0.0016338200755641784,0.0016338200755641784,861,861,0,-1,3,3,11,23,230,106,372
981,0,102,1,882,881,0,11,1,352,351,0.0,0.0,1,1,0,4,-1,5,10,2,310,431,601
982,0,0,1,1,0,0,0,1,1,0,0.0,0.0,1,1,0,-1,-1,-1,19,0,46,973,994
983,8,8,554,554,0,14,14,597,597,0,6.807583648184077e-05,6.807583648184077e-05,454,454,0,-1,4,4,3,2,774,363,431
984,15,116,670,945,275,12,12,627,627,0,0.0007828721195411688,0.0008509479560230097,778,789,11,5,4,4,2,4,993,125,528
985,86,187,921,975,54,28,28,811,811,0,0.001940161339732462,0.0020082371762143027,885,891,6,6,3,3,3,22,835,116,605
986,44,146,758,918,160,64,64,634,634,0,0.00037441710065012424,0.0005105687736138058,661,707,46,4,3,3,12,9,184,341,487
987,21,21,780,780,0,12,12,754,754,0,0.0005105687736138058,0.0005105687736138058,733,733,0,-1,4,4,2,6,995,295,848
988,0,102,1,928,927,0,5,1,389,388,0.0,0.0002723033459273631,1,620,619,4,-1,5,3,0,861,276,305
989,0,0,1,1,0,0,0,1,1,0,0.0,0.0,1,1,0,-1,-1,-1,6,0,560,884,820
990,0,1640,1,1000,999,0,43,1,893,892,0.0,0.024200959869294394,1,996,995,1,-1,2,4,1,772,456,279
991,0,206,1,962,961,0,27,1,496,495,0.0,0.0013274788113958951,1,839,838,3,-1,4,8,0,420,735,158
992,28,234,675,957,282,62,66,585,600,15,0.0002382654276864427,0.00030634126416828345,582,621,39,3,4,4,13,8,160,286,364
993,24,230,637,954,317,88,92,626,641,15,0.0005105687736138058,0.0009190237925048504,692,784,92,3,4,4,16,6,60,275,589
994,0,101,1,866,865,0,18,1,332,331,0.0,0.0,1,1,0,5,-1,6,18,0,69,967,344
995,61,162,864,956,92,40,40,862,862,0,0.0007488342013002485,0.0007828721195411688,773,782,9,5,3,3,4,11,885,83,570
996,2,208,360,959,599,12,19,381,438,57,3.4037918240920386e-05,0.00030634126416828345,395,632,237,3,5,4,8,3,260,748,268
997,0,0,1,1,0,0,0,1,1,0,0.0,0.0,1,1,0,-1,-1,-1,9,0,191,976,600
998,0,0,1,1,0,0,0,1,1,0,0.0,0.0,1,1,0,-1,-1,-1,2,0,954,793,674
999,6,6,440,440,0,32,32,611,611,0,0.00017018959120460194,0.00017018959120460194,543,543,0,-1,4,4,6,1,489,282,906
