,FreeNet_pre_score,FreeNet_post_score,FreeNet_pre_rank,FreeNet_post_rank,FreeNet_delta_ranks,Reversed_pre_score,Reversed_post_score,Reversed_pre_rank,Reversed_post_rank,Reversed_delta_ranks,Random_pre_score,Random_post_score,Random_pre_rank,Random_post_rank,Random_delta_ranks,dist_victim_relayer,dist_victim_vilain_pre,dist_victim_vilain_post,out_deg_victim,in_deg_villain,victim,villain,relayer
0,84,84,841,841,0,130,130,813,813,0,0.0012594029749140542,0.0012594029749140542,825,825,0,-1,3,3,15,15,81,92,826
1,2,208,368,972,604,7,12,403,496,93,0.0,0.0005446066918547262,1,726,725,3,5,4,4,1,344,853,245
2,34,240,720,968,248,80,80,766,766,0,0.0006126825283365669,0.0011913271384322134,730,823,93,3,3,3,10,4,211,407,250
3,141,347,949,991,42,48,48,937,937,0,0.003812246842983083,0.00445896728956057,934,939,5,3,3,3,3,25,745,105,264
4,0,101,1,904,903,0,7,1,331,330,0.0,0.0,1,1,0,5,-1,6,7,0,214,911,606
5,3,209,393,959,566,10,21,353,436,83,0.0,0.0002382654276864427,1,579,578,3,5,4,9,5,422,605,432
6,35,35,714,714,0,72,72,603,603,0,0.0007828721195411688,0.0007828721195411688,765,765,0,-1,4,4,14,9,47,211,863
7,8,8,506,506,0,25,25,485,485,0,0.0002042275094455223,0.0002042275094455223,579,579,0,-1,4,4,9,5,190,476,488
8,39,141,764,935,171,46,46,677,677,0,0.00037441710065012424,0.0004765308553728854,657,687,30,4,3,3,8,7,308,176,373
9,0,102,1,947,946,0,3,1,372,371,0.0,6.807583648184077e-05,1,445,444,4,-1,5,2,0,841,871,360
10,0,206,1,959,958,0,21,1,447,446,0.0,0.00034037918240920387,1,657,656,3,-1,4,9,0,119,744,759
11,36,36,747,747,0,62,62,677,677,0,0.0008509479560230097,0.0008509479560230097,786,786,0,-1,3,3,10,10,427,296,522
12,28,28,690,690,0,54,54,630,630,0,0.0005105687736138058,0.0005105687736138058,703,703,0,-1,4,4,11,7,379,150,824
13,0,206,1,964,963,0,15,1,422,421,0.0,0.0002382654276864427,1,589,588,3,-1,4,8,0,442,992,711
14,0,102,1,901,900,0,10,1,376,375,0.0,0.00017018959120460194,1,552,551,4,-1,5,7,0,362,754,251
15,0,616,1,993,992,0,44,1,572,571,0.0,0.0015317063208414173,1,851,850,2,-1,3,9,0,263,786,122
16,21,21,685,685,0,38,38,857,857,0,0.0008509479560230097,0.0008509479560230097,803,803,0,-1,3,3,3,5,471,355,747
17,0,0,1,1,0,0,0,1,1,0,0.0,0.0,1,1,0,-1,-1,-1,2,0,771,803,985
18,0,616,1,998,997,0,28,1,754,753,0.0,0.005786446100956465,1,968,967,2,-1,3,3,1,869,456,30
19,0,616,1,990,989,0,57,1,458,457,0.0,0.0004084550188910446,1,655,654,2,-1,3,19,0,89,982,259
20,0,206,1,952,951,0,24,1,425,424,0.0,0.00010211375472276115,1,479,478,3,-1,4,10,2,135,709,451
21,6,212,416,958,542,20,24,445,465,20,3.4037918240920386e-05,0.0005105687736138058,401,698,297,3,4,4,8,1,131,449,387
22,0,0,1,1,0,0,0,1,1,0,0.0,0.0,1,1,0,-1,-1,-1,5,0,663,816,456
23,0,0,1,1,0,0,0,1,1,0,0.0,0.0,1,1,0,-1,-1,-1,21,0,3,850,985
24,16,16,571,571,0,22,22,465,465,0,0.0,0.0,1,1,0,-1,4,4,7,4,591,444,546
25,16,117,546,898,352,90,90,779,779,0,0.0005105687736138058,0.0005105687736138058,710,710,0,5,3,3,10,2,135,482,540
26,2,104,363,926,563,5,7,363,403,40,0.0,0.00010211375472276115,1,481,480,4,5,5,4,2,403,662,840
27,16,222,668,978,310,22,22,779,779,0,0.0007147962830593281,0.0007828721195411688,775,788,13,3,3,3,2,1,904,759,566
28,34,136,817,967,150,22,22,850,850,0,0.0005786446100956465,0.0007147962830593281,735,763,28,4,3,3,2,4,938,470,395
29,0,616,1,992,991,0,82,1,676,675,0.0,0.00445896728956057,1,944,943,2,-1,3,13,1,91,779,33
30,19,19,656,656,0,32,32,687,687,0,0.00010211375472276115,0.00010211375472276115,484,484,0,-1,3,3,5,6,701,406,228
31,0,206,1,964,963,0,28,1,500,499,0.0,0.0009190237925048504,1,785,784,3,-1,4,8,0,302,569,415
32,0,0,1,1,0,0,0,1,1,0,0.0,0.0,1,1,0,-1,-1,-1,4,0,700,228,911
33,0,0,1,1,0,0,0,1,1,0,0.0,0.0,1,1,0,-1,-1,-1,3,0,600,696,643
34,0,102,1,926,925,0,4,1,365,364,0.0,0.0,1,1,0,4,-1,5,3,0,864,946,225
35,28,28,764,764,0,28,28,757,757,0,0.00088498587426393,0.00088498587426393,793,793,0,-1,3,3,3,5,626,283,913
36,0,102,1,896,895,0,9,1,377,376,0.0,3.4037918240920386e-05,1,405,404,4,-1,5,6,0,393,624,346
37,554,655,997,997,0,48,48,922,922,0,0.013138636440995268,0.013138636440995268,990,990,0,6,3,3,3,96,621,1,656
38,119,325,949,988,39,52,52,973,973,0,0.004016474352428605,0.004833384390210695,948,959,11,3,2,2,3,18,899,82,64
39,100,100,886,886,0,100,100,893,893,0,0.01674665577453283,0.017223186629905716,990,992,2,3,1,1,9,5,177,562,345
40,6,108,439,913,474,11,12,443,459,16,0.0,0.0002382654276864427,1,594,593,4,4,4,4,1,572,558,510
41,0,102,1,905,904,0,8,1,369,368,0.0,6.807583648184077e-05,1,455,454,4,-1,5,6,0,356,988,313
42,0,101,1,922,921,0,4,1,332,331,0.0,3.4037918240920386e-05,1,407,406,5,-1,6,4,0,631,729,687
43,24,24,730,730,0,36,36,755,755,0,0.000442492937131965,0.000442492937131965,697,697,0,-1,3,3,5,7,517,253,903
44,18,18,633,633,0,48,48,722,722,0,0.00034037918240920387,0.00034037918240920387,639,639,0,-1,3,3,7,2,359,700,483
45,0,102,1,929,928,0,3,1,366,365,0.0,0.00030634126416828345,1,639,638,4,-1,5,2,0,880,330,278
46,8,214,535,973,438,28,32,621,680,59,0.0002723033459273631,0.0008509479560230097,621,790,169,3,4,4,6,3,657,496,83
47,0,206,1,950,949,0,48,1,575,574,0.0,0.002382654276864427,1,899,898,3,-1,4,10,0,310,937,41
48,12,218,514,948,434,50,50,536,536,0,0.00034037918240920387,0.0004765308553728854,634,693,59,3,4,4,13,3,91,496,460
49,162,162,953,953,0,48,48,884,884,0,0.003267640151128357,0.003267640151128357,931,931,0,-1,3,3,3,30,613,39,698
50,0,0,1,1,0,0,0,1,1,0,0.0,0.0,1,1,0,-1,-1,-1,10,0,310,816,358
51,22,228,566,947,381,117,121,560,566,6,0.00030634126416828345,0.0004084550188910446,615,663,48,3,3,3,30,3,7,496,424
52,42,248,699,949,250,99,124,567,646,79,0.0005446066918547262,0.001055175465468532,693,804,111,3,2,2,21,2,74,549,83
53,324,425,995,998,3,32,32,956,956,0,0.01320671227747711,0.01320671227747711,987,987,0,7,3,3,2,98,965,23,344
54,12,114,560,916,356,30,30,588,588,0,0.0002042275094455223,0.00034037918240920387,558,650,92,4,4,4,7,2,305,425,252
55,2,104,373,950,577,6,6,449,449,0,6.807583648184077e-05,0.00010211375472276115,454,488,34,4,5,5,3,1,854,416,485
56,12,114,619,944,325,18,18,664,664,0,0.0007828721195411688,0.0023486163586235067,779,906,127,4,4,4,3,5,568,535,119
57,13,219,596,971,375,18,18,574,574,0,0.0002382654276864427,0.0012253650566731338,591,839,248,3,4,4,3,5,459,362,281
58,0,206,1,965,964,0,12,1,437,436,0.0,0.00034037918240920387,1,647,646,3,-1,4,5,0,467,324,258
59,108,108,911,911,0,66,66,858,858,0,0.002995336805200994,0.002995336805200994,920,920,0,-1,3,3,6,19,369,133,850
60,7,7,522,522,0,12,12,483,483,0,3.4037918240920386e-05,3.4037918240920386e-05,407,407,0,-1,4,4,4,2,545,599,998
61,11,113,595,929,334,13,14,474,488,14,0.00017018959120460194,0.0006126825283365669,542,733,191,4,4,4,5,4,720,208,204
62,2,104,355,883,528,12,12,359,359,0,0.0,0.00013615167296368154,1,507,506,4,5,5,10,1,109,853,383
63,18,119,626,917,291,16,16,479,479,0,0.0004765308553728854,0.0004765308553728854,686,686,0,7,4,4,4,7,410,303,582
64,195,195,964,964,0,38,38,823,823,0,0.003948398515946765,0.003948398515946765,942,942,0,-1,3,3,3,44,613,27,205
65,0,0,1,1,0,0,0,1,1,0,0.0,0.0,1,1,0,-1,-1,-1,2,0,742,502,823
66,0,101,1,920,919,0,4,1,332,331,0.0,0.00013615167296368154,1,531,530,5,-1,6,4,0,885,429,661
67,22,22,714,714,0,24,24,699,699,0,0.0007147962830593281,0.0007147962830593281,766,766,0,-1,4,4,4,6,767,194,995
68,0,102,1,923,922,0,7,1,393,392,0.0,0.00010211375472276115,1,493,492,4,-1,5,4,0,566,919,711
69,18,120,638,930,292,34,34,679,679,0,0.0004084550188910446,0.0004765308553728854,670,693,23,4,3,3,6,2,446,323,689
70,0,102,1,915,914,0,6,1,379,378,0.0,3.4037918240920386e-05,1,411,410,4,-1,5,4,0,784,436,215
71,0,0,1,1,0,0,0,1,1,0,0.0,0.0,1,1,0,-1,-1,-1,7,1,156,913,880
72,0,206,1,951,950,0,24,1,450,449,0.0,0.000442492937131965,1,688,687,3,-1,4,8,0,317,918,192
73,124,226,914,958,44,88,88,847,847,0,0.0017018959120460194,0.0017359338302869397,872,874,2,4,3,3,8,18,303,54,899
74,42,143,752,919,167,104,104,860,860,0,0.0014636304843595766,0.0014636304843595766,851,851,0,5,2,2,9,3,100,354,924
75,72,173,922,976,54,22,22,860,860,0,0.0015317063208414173,0.0015317063208414173,861,861,0,8,3,3,2,17,965,79,448
76,46,662,798,994,196,45,64,697,802,105,0.0002042275094455223,0.006058749446883829,568,960,392,2,3,3,8,8,541,286,12
77,52,52,714,714,0,282,282,792,792,0,0.00088498587426393,0.00088498587426393,769,769,0,-1,2,2,36,4,16,326,995
78,0,101,1,969,968,0,2,1,331,330,0.0,0.00017018959120460194,1,552,551,5,-1,6,2,0,884,433,755
79,37,243,839,985,146,24,24,827,827,0,0.0009530617107457708,0.0025188059498281084,797,918,121,3,3,3,3,13,576,340,89
80,23,124,775,962,187,28,28,840,840,0,0.0013274788113958951,0.0013274788113958951,850,850,0,6,3,3,3,6,654,471,484
81,6,6,412,412,0,12,12,443,443,0,0.0,0.0,1,1,0,-1,4,4,4,2,300,342,889
82,6,1646,469,1000,531,6,62,435,973,538,0.00010211375472276115,0.0424112461281868,492,997,505,1,5,2,3,4,676,567,11
83,16,632,702,1000,298,18,28,707,836,129,0.0005786446100956465,0.00878178290615746,734,983,249,2,4,3,3,6,798,381,1
84,68,684,873,998,125,44,54,895,942,47,0.001599782157323258,0.013717281051090916,868,990,122,2,3,3,4,13,824,261,11
85,0,206,1,947,946,0,46,1,485,484,0.0,0.0006126825283365669,1,726,725,3,-1,4,15,0,45,986,218
86,0,102,1,902,901,0,11,1,393,392,0.0,0.00013615167296368154,1,515,514,4,-1,5,7,0,722,819,556
87,401,401,975,975,0,384,384,972,972,0,0.005956635692161067,0.005956635692161067,957,957,0,-1,2,2,23,31,43,76,445
88,1,103,331,971,640,2,3,331,419,88,3.4037918240920386e-05,0.0005105687736138058,409,725,316,4,6,5,2,1,941,265,658
89,0,0,1,1,0,0,0,1,1,0,0.0,0.0,1,1,0,-1,-1,-1,8,0,142,728,665
90,0,0,1,1,0,0,0,1,1,0,0.0,0.0,1,1,0,-1,-1,-1,17,0,63,986,907
91,6,6,398,398,0,32,32,480,480,0,0.00030634126416828345,0.00030634126416828345,625,625,0,-1,4,4,10,1,189,527,624
92,0,206,1,956,955,0,16,1,464,463,0.0,0.0015317063208414173,1,858,857,3,-1,4,4,0,503,737,67
93,0,0,1,1,0,0,0,1,1,0,0.0,0.0,1,1,0,-1,-1,-1,7,0,171,983,982
94,2,2,370,370,0,4,4,401,401,0,3.4037918240920386e-05,3.4037918240920386e-05,400,400,0,-1,5,5,2,1,992,238,971
95,15,221,672,977,305,14,18,578,667,89,0.00034037918240920387,0.0006126825283365669,648,742,94,3,4,4,3,7,814,371,724
96,8,624,506,996,490,17,32,446,600,154,0.0,0.003778208924742163,1,935,934,2,4,3,7,3,362,829,534
97,0,0,1,1,0,0,0,1,1,0,0.0,0.0,1,1,0,-1,-1,-1,6,0,98,205,564
98,51,51,843,843,0,30,30,692,692,0,0.0007488342013002485,0.0007488342013002485,771,771,0,-1,4,4,5,17,662,327,774
99,0,102,1,880,879,0,19,1,378,377,0.0,3.4037918240920386e-05,1,398,397,4,-1,5,12,0,175,957,840
100,146,1786,956,1000,44,54,78,926,976,50,0.0045270431260424114,0.03008951972497362,950,996,46,1,3,2,4,37,461,74,213
101,0,206,1,973,972,0,9,1,497,496,0.0,0.0005105687736138058,1,724,723,3,-1,4,3,0,800,966,616
102,60,676,791,994,203,186,206,802,847,45,0.0008509479560230097,0.00353994349705572,774,935,161,2,3,3,21,6,12,194,65
103,0,616,1,991,990,0,54,1,478,477,0.0,0.00034037918240920387,1,640,639,2,-1,3,17,2,112,633,827
104,293,293,971,971,0,254,254,974,974,0,0.005037611899656217,0.005037611899656217,951,951,0,-1,2,2,16,29,134,17,539
105,97,199,945,979,34,22,22,826,826,0,0.0023486163586235067,0.0030293747234419145,913,930,17,4,3,3,2,33,851,15,125
106,12,12,493,493,0,62,62,541,541,0,0.0004084550188910446,0.0004084550188910446,669,669,0,-1,4,4,15,3,81,121,643
107,0,102,1,881,880,0,19,1,364,363,0.0,3.4037918240920386e-05,1,397,396,4,-1,5,15,0,104,760,468
108,1,207,329,968,639,6,14,329,461,132,0.0,0.00013615167296368154,1,511,510,3,6,4,6,1,664,765,681
109,2,103,356,907,551,10,10,377,377,0,0.0,3.4037918240920386e-05,1,407,406,5,5,5,7,2,510,679,931
110,0,0,1,1,0,0,0,1,1,0,0.0,0.0,1,1,0,-1,-1,-1,6,0,451,686,713
111,12,12,605,605,0,18,18,579,579,0,0.00013615167296368154,0.00013615167296368154,520,520,0,-1,4,4,5,2,727,634,908
112,0,206,1,958,957,0,16,1,437,436,0.0,0.0004084550188910446,1,689,688,3,-1,4,7,0,466,832,504
113,10,112,600,942,342,10,10,493,493,0,0.0005446066918547262,0.0006467204465774873,729,751,22,4,4,4,3,3,958,236,239
114,0,0,1,1,0,0,0,1,1,0,0.0,0.0,1,1,0,-1,-1,-1,5,0,487,715,483
115,13,114,568,918,350,16,16,487,487,0,0.0002042275094455223,0.0002723033459273631,560,606,46,5,4,4,4,3,567,385,334
116,24,126,731,950,219,28,28,648,648,0,0.00037441710065012424,0.000442492937131965,662,686,24,4,4,4,6,6,529,461,395
117,6,212,477,977,500,8,12,489,585,96,0.0002382654276864427,0.005684332346233704,594,964,370,3,4,4,2,1,934,666,9
118,36,652,761,995,234,40,40,714,714,0,0.0005786446100956465,0.0011232513019503727,717,811,94,2,3,3,5,6,546,494,168
119,80,696,920,999,79,22,22,789,789,0,0.0018380475850097008,0.010347527145239796,879,986,107,2,3,3,2,20,761,95,10
120,0,102,1,961,960,0,4,1,454,453,0.0,0.00034037918240920387,1,666,665,4,-1,5,2,0,481,859,327
121,80,80,907,907,0,22,22,784,784,0,0.0025188059498281084,0.0025188059498281084,911,911,0,-1,3,3,2,18,750,55,462
122,60,266,872,980,108,22,22,790,790,0,0.0012934408931549745,0.012594029749140543,854,987,133,3,3,3,2,10,880,405,2
123,0,0,1,1,0,0,0,1,1,0,0.0,0.0,1,1,0,-1,-1,-1,6,0,378,813,806
124,46,1686,697,999,302,230,288,736,820,84,0.0004765308553728854,0.005786446100956465,677,954,277,1,2,2,35,2,20,468,111
125,2,104,358,899,541,8,12,358,400,42,3.4037918240920386e-05,0.0004765308553728854,402,703,301,4,5,5,7,1,413,763,272
126,208,208,958,958,0,110,110,972,972,0,0.0048674223084516155,0.0048674223084516155,954,954,0,-1,2,2,6,25,281,105,876
127,0,206,1,984,983,0,8,1,565,564,0.0,0.0005786446100956465,1,737,736,3,-1,4,2,0,666,937,283
128,169,169,947,947,0,94,94,949,949,0,0.0038462847612240037,0.0038462847612240037,942,942,0,-1,2,2,5,28,474,98,684
129,124,226,901,957,56,144,144,853,853,0,0.0012253650566731338,0.0012253650566731338,821,821,0,4,3,3,14,18,130,147,639
130,0,101,1,863,862,0,23,1,332,331,0.0,0.0,1,1,0,5,-1,6,23,0,15,774,590
131,0,206,1,933,932,0,52,1,421,420,0.0,0.00088498587426393,1,773,772,3,-1,4,23,0,57,777,475
132,65,65,861,861,0,40,40,758,758,0,0.0013274788113958951,0.0013274788113958951,841,841,0,-1,3,3,5,12,294,99,948
133,0,0,1,1,0,0,0,1,1,0,0.0,0.0,1,1,0,-1,-1,-1,4,0,694,951,944
134,7,109,665,979,314,3,4,458,545,87,0.00017018959120460194,0.008101024541339052,570,979,409,4,5,5,2,9,952,317,11
135,25,25,661,661,0,44,44,508,508,0,0.0002723033459273631,0.0002723033459273631,604,604,0,-1,4,4,12,7,252,188,779
136,14,14,721,721,0,12,12,737,737,0,0.0008509479560230097,0.0008509479560230097,797,797,0,-1,4,4,2,4,749,288,948
137,0,0,1,1,0,0,0,1,1,0,0.0,0.0,1,1,0,-1,-1,-1,3,0,888,776,897
138,2,2,353,353,0,8,8,385,385,0,3.4037918240920386e-05,3.4037918240920386e-05,405,405,0,-1,5,5,4,2,410,885,695
139,147,249,949,977,28,54,54,895,895,0,0.0038462847612240037,0.003914360597705844,942,943,1,4,3,3,4,29,700,142,419
140,12,12,594,594,0,16,16,546,546,0,0.00013615167296368154,0.00013615167296368154,514,514,0,-1,4,4,4,3,550,610,877
141,6,6,422,422,0,25,25,534,534,0,0.00013615167296368154,0.00013615167296368154,510,510,0,-1,4,4,7,1,214,899,358
142,51,51,782,782,0,98,98,760,760,0,0.0006807583648184077,0.0006807583648184077,738,738,0,-1,3,3,12,7,348,399,778
143,6,108,398,888,490,50,50,603,603,0,0.0002042275094455223,0.00030634126416828345,569,629,60,4,4,4,9,1,159,741,260
144,30,30,828,828,0,18,18,850,850,0,0.0005446066918547262,0.0005446066918547262,728,728,0,-1,3,3,2,8,878,132,372
145,4,4,408,408,0,11,11,403,403,0,0.0,0.0,1,1,0,-1,5,5,6,3,98,585,783
146,18,18,707,707,0,12,12,649,649,0,0.00037441710065012424,0.00037441710065012424,654,654,0,-1,4,4,2,6,838,46,850
147,2,208,374,977,603,3,8,375,496,121,0.0,0.0029612988869600733,1,929,928,3,5,4,2,1,907,807,102
148,201,201,974,974,0,94,94,984,984,0,0.009394465434494027,0.009394465434494027,980,980,0,-1,2,2,5,29,695,142,657
149,6,212,404,959,555,19,28,401,477,76,0.0,0.0013955546478777359,1,843,842,3,4,4,10,1,241,878,87
150,22,123,712,942,230,24,24,740,740,0,0.0005105687736138058,0.0005446066918547262,717,732,15,5,3,3,3,4,864,333,509
151,13,219,659,981,322,8,12,519,661,142,0.00017018959120460194,0.0017359338302869397,555,875,320,3,4,4,2,6,979,494,87
152,2,208,374,980,606,6,10,468,534,66,0.00010211375472276115,0.0006807583648184077,485,761,276,3,5,4,3,1,856,360,131
153,2,208,362,966,604,6,15,376,509,133,0.0,0.0002723033459273631,1,602,601,3,5,4,4,3,832,460,354
154,38,38,722,722,0,86,86,791,791,0,0.0008169100377820892,0.0008169100377820892,756,756,0,-1,3,3,10,4,109,288,709
155,0,206,1,945,944,0,30,1,468,467,0.0,0.0002723033459273631,1,608,607,3,-1,4,9,0,101,608,256
156,0,102,1,918,917,0,6,1,402,401,0.0,0.00034037918240920387,1,645,644,4,-1,5,3,0,554,971,521
157,44,250,833,981,148,22,22,764,764,0,0.0009530617107457708,0.001599782157323258,807,864,57,3,3,3,2,9,934,242,120
158,0,0,1,1,0,0,0,1,1,0,0.0,0.0,1,1,0,-1,-1,-1,7,0,398,624,445
159,53,53,843,843,0,96,96,953,953,0,0.0030974505599237552,0.0030974505599237552,928,928,0,-1,3,3,6,6,253,73,898
160,0,0,1,1,0,0,0,1,1,0,0.0,0.0,1,1,0,-1,-1,-1,4,0,650,970,945
161,0,616,1,988,987,0,82,1,522,521,0.0,0.0015317063208414173,1,851,850,2,-1,3,20,0,5,863,227
162,106,722,887,994,107,166,166,890,890,0,0.0018040096667687805,0.0024166921951053475,872,905,33,2,3,3,15,17,104,60,333
163,0,0,1,1,0,0,0,1,1,0,0.0,0.0,1,1,0,-1,-1,-1,3,0,953,201,868
164,40,246,836,979,143,18,18,733,733,0,0.00088498587426393,0.0011232513019503727,807,837,30,3,4,4,3,13,823,340,115
165,0,0,1,1,0,0,0,1,1,0,0.0,0.0,1,1,0,-1,-1,-1,12,2,184,775,932
166,81,183,884,963,79,76,76,924,924,0,0.0019741992579733825,0.002144388849177984,873,883,10,4,3,3,6,17,664,180,319
167,0,0,1,1,0,0,0,1,1,0,0.0,0.0,1,1,0,-1,-1,-1,14,0,154,778,925
168,0,0,1,1,0,0,0,1,1,0,0.0,0.0,1,1,0,-1,-1,-1,10,0,293,990,940
169,39,39,851,851,0,12,12,678,678,0,0.0012594029749140542,0.0012594029749140542,847,847,0,-1,4,4,2,11,895,97,649
170,26,26,787,787,0,24,24,757,757,0,0.0009530617107457708,0.0009530617107457708,804,804,0,-1,4,4,4,7,754,218,921
171,6,108,479,944,465,10,10,525,525,0,0.00010211375472276115,0.0002382654276864427,481,602,121,4,4,4,3,2,888,384,869
172,7,213,507,965,458,28,32,567,602,35,6.807583648184077e-05,0.0004084550188910446,447,682,235,3,4,4,6,2,328,724,288
173,1,102,332,970,638,2,2,332,332,0,0.0,0.00013615167296368154,1,520,519,5,7,6,2,1,920,621,384
174,0,0,1,1,0,0,0,1,1,0,0.0,0.0,1,1,0,-1,-1,-1,2,0,763,796,866
175,0,0,1,1,0,0,0,1,1,0,0.0,0.0,1,1,0,-1,-1,-1,4,0,563,651,498
176,38,139,853,977,124,12,12,716,716,0,0.0014636304843595766,0.001497668402600497,860,862,2,5,4,4,2,17,985,213,904
177,28,28,626,626,0,84,84,509,509,0,0.00013615167296368154,0.00013615167296368154,505,505,0,-1,3,3,23,3,43,353,981
178,6,107,463,935,472,16,16,571,571,0,0.00010211375472276115,0.00010211375472276115,494,494,0,5,4,4,4,3,824,285,560
179,23,23,763,763,0,16,16,578,578,0,0.0004084550188910446,0.0004084550188910446,683,683,0,-1,4,4,4,8,794,187,802
180,0,0,1,1,0,0,0,1,1,0,0.0,0.0,1,1,0,-1,-1,-1,3,0,588,423,751
181,6,6,402,402,0,35,35,469,469,0,3.4037918240920386e-05,3.4037918240920386e-05,392,392,0,-1,4,4,12,1,222,449,775
182,8,109,574,953,379,10,10,534,534,0,6.807583648184077e-05,6.807583648184077e-05,454,454,0,5,4,4,3,2,654,363,506
183,7,213,538,973,435,6,10,433,492,59,0.00030634126416828345,0.0007147962830593281,635,773,138,3,5,4,3,5,583,562,340
184,41,143,784,933,149,48,48,709,709,0,0.00037441710065012424,0.0004084550188910446,663,673,10,4,3,3,7,9,324,391,231
185,30,236,746,975,229,16,16,563,563,0,0.000442492937131965,0.0011913271384322134,681,823,142,3,4,4,4,7,520,422,250
186,53,669,743,996,253,150,164,742,783,41,0.0005786446100956465,0.0009870996289866913,712,794,82,2,2,2,21,5,1,454,586
187,28,130,726,936,210,30,30,668,668,0,0.00037441710065012424,0.0004084550188910446,652,666,14,4,4,4,5,8,528,286,615
188,4,106,433,934,501,8,8,429,429,0,3.4037918240920386e-05,0.00013615167296368154,398,520,122,4,5,5,4,3,617,585,110
189,45,251,823,975,152,24,24,698,698,0,0.0007828721195411688,0.0018380475850097008,769,876,107,3,3,3,3,14,778,387,190
190,0,0,1,1,0,0,0,1,1,0,0.0,0.0,1,1,0,-1,-1,-1,10,0,135,956,895
191,198,814,932,995,63,252,252,934,934,0,0.0020763130126961434,0.0026209197045508697,880,907,27,2,2,2,19,17,31,45,557
192,16,222,599,967,368,32,40,601,673,72,0.00013615167296368154,0.0012594029749140542,517,836,319,3,3,3,7,1,362,152,122
193,6,108,527,965,438,10,10,579,579,0,0.0005786446100956465,0.00088498587426393,723,791,68,4,4,4,3,1,786,759,470
194,3,3,451,451,0,5,5,405,405,0,0.0,0.0,1,1,0,-1,5,5,3,2,654,364,830
195,34,240,683,956,273,102,102,705,705,0,0.000442492937131965,0.0006126825283365669,675,726,51,3,3,3,15,5,37,308,609
196,42,42,789,789,0,60,60,830,830,0,0.0011232513019503727,0.0011232513019503727,824,824,0,-1,3,3,5,8,719,352,954
197,126,228,958,978,20,56,56,980,980,0,0.007556417849484326,0.007828721195411689,975,977,2,4,2,2,2,21,983,123,535
198,0,102,1,904,903,0,6,1,391,390,0.0,0.0002382654276864427,1,593,592,4,-1,5,3,0,731,729,302
199,0,206,1,976,975,0,12,1,599,598,0.0,0.0007147962830593281,1,768,767,3,-1,4,2,1,925,814,233
200,21,122,794,971,177,12,12,720,720,0,0.000442492937131965,0.0005105687736138058,697,718,21,6,4,4,2,8,968,302,708
201,55,261,863,980,117,22,22,750,750,0,0.0013615167296368155,0.0022465026039007454,847,901,54,3,3,3,2,12,966,67,255
202,0,0,1,1,0,0,0,1,1,0,0.0,0.0,1,1,0,-1,-1,-1,13,0,228,900,872
203,0,206,1,979,978,0,10,1,546,545,0.0,0.0015657442390823377,1,857,856,3,-1,4,3,1,867,554,91
204,1,207,333,963,630,8,16,333,421,88,0.0,0.00017018959120460194,1,534,533,3,6,4,8,2,325,663,677
205,18,224,645,971,326,38,38,722,722,0,0.00010211375472276115,0.002825147213996392,472,910,438,3,3,3,6,3,575,434,25
206,1,207,333,948,615,15,31,333,413,80,0.0,0.0004765308553728854,1,697,696,3,6,4,15,1,95,893,284
207,0,616,1,990,989,0,64,1,799,798,0.0,0.0033357159876101976,1,930,929,2,-1,3,7,0,296,713,36
208,14,116,667,949,282,18,18,669,669,0,0.00037441710065012424,0.0005446066918547262,666,723,57,4,4,4,3,4,835,450,670
209,3,3,492,492,0,3,3,421,421,0,0.00010211375472276115,0.00010211375472276115,493,493,0,-1,5,5,2,5,813,464,695
210,0,0,1,1,0,0,0,1,1,0,0.0,0.0,1,1,0,-1,-1,-1,6,0,455,969,953
211,50,50,796,796,0,76,76,717,717,0,0.0010892133837094523,0.0010892133837094523,808,808,0,-1,3,3,10,8,205,352,883
212,10,10,516,516,0,20,20,436,436,0,6.807583648184077e-05,6.807583648184077e-05,451,451,0,-1,4,4,8,4,218,443,872
213,62,62,866,866,0,18,18,631,631,0,0.0014295925661186562,0.0014295925661186562,856,856,0,-1,4,4,3,17,923,60,819
214,24,24,626,626,0,108,108,694,694,0,0.00017018959120460194,0.00017018959120460194,539,539,0,-1,3,3,16,4,53,339,462
215,126,332,885,974,89,200,200,894,894,0,0.0020082371762143027,0.002382654276864427,883,905,22,3,3,3,15,14,77,84,368
216,0,102,1,949,948,0,3,1,377,376,0.0,0.0002042275094455223,1,583,582,4,-1,5,2,0,851,907,418
217,19,225,719,977,258,28,28,811,811,0,0.0008169100377820892,0.0017018959120460194,786,885,99,3,3,3,3,3,732,438,139
218,17,119,588,900,312,32,32,481,481,0,6.807583648184077e-05,6.807583648184077e-05,445,445,0,4,4,4,10,5,75,274,530
219,16,16,494,494,0,92,92,566,566,0,0.00010211375472276115,0.00010211375472276115,483,483,0,-1,3,3,19,1,31,110,938
220,0,206,1,959,958,0,18,1,476,475,0.0,0.00034037918240920387,1,645,644,3,-1,4,6,0,536,804,165
221,10,216,622,979,357,14,14,623,623,0,0.0002382654276864427,0.0033016780693692774,603,934,331,3,4,4,3,3,600,458,50
222,5,107,452,932,480,6,6,404,404,0,0.0,3.4037918240920386e-05,1,406,405,4,5,5,3,3,484,534,395
223,0,101,1,925,924,0,5,1,331,330,0.0,6.807583648184077e-05,1,443,442,5,-1,6,5,0,533,823,321
224,15,15,690,690,0,14,14,631,631,0,0.0005446066918547262,0.0005446066918547262,724,724,0,-1,4,4,3,5,916,562,489
225,0,102,1,919,918,0,6,1,411,410,0.0,0.0002723033459273631,1,619,618,4,-1,5,3,0,780,925,80
226,197,197,957,957,0,178,178,981,981,0,0.004799346471969774,0.004799346471969774,952,952,0,-1,2,2,10,26,161,108,664
227,6,108,463,935,472,13,13,587,587,0,0.00017018959120460194,0.00017018959120460194,549,549,0,4,4,4,3,1,774,797,496
228,22,22,665,665,0,34,34,569,569,0,0.0005446066918547262,0.0005446066918547262,712,712,0,-1,3,3,8,2,260,599,953
229,0,101,1,961,960,0,2,1,331,330,0.0,3.4037918240920386e-05,1,401,400,6,-1,7,2,0,981,760,374
230,18,224,652,969,317,28,36,683,747,64,0.0006126825283365669,0.002995336805200994,733,925,192,3,3,3,5,2,284,468,56
231,0,101,1,886,885,0,7,1,327,326,0.0,6.807583648184077e-05,1,446,445,5,-1,6,7,0,246,877,484
232,6,6,410,410,0,38,38,610,610,0,0.00017018959120460194,0.00017018959120460194,541,541,0,-1,4,4,7,1,221,720,957
233,6,6,426,426,0,21,21,462,462,0,0.0,0.0,1,1,0,-1,4,4,7,2,398,342,895
234,6,107,400,894,494,46,46,554,554,0,6.807583648184077e-05,0.00010211375472276115,447,484,37,5,4,4,11,2,229,719,460
235,51,257,826,974,148,46,46,733,733,0,0.001055175465468532,0.0014295925661186562,811,848,37,3,3,3,6,10,341,195,759
236,23,124,819,970,151,22,22,916,916,0,0.0019061234214915416,0.002110350930937064,903,910,7,5,3,3,2,3,987,351,305
237,6,212,427,963,536,18,26,453,533,80,0.00017018959120460194,0.0016678579938050988,542,862,320,3,4,4,7,2,505,691,128
238,195,401,961,989,28,92,92,931,931,0,0.005105687736138058,0.005412029000306341,956,958,2,3,3,3,7,27,141,25,805
239,100,100,865,865,0,144,144,848,848,0,0.0016678579938050988,0.0016678579938050988,865,865,0,-1,3,3,14,15,21,92,783
240,0,616,1,992,991,0,60,1,730,729,0.0,0.0026209197045508697,1,912,911,2,-1,3,8,0,358,994,94
241,10,216,598,977,379,10,14,507,588,81,0.0002723033459273631,0.0026209197045508697,630,916,286,3,4,4,3,3,863,307,56
242,0,101,1,904,903,0,5,1,330,329,0.0,0.0,1,1,0,5,-1,6,5,0,599,933,739
243,12,114,632,944,312,14,14,592,592,0,0.00010211375472276115,0.0002042275094455223,503,591,88,4,4,4,3,4,732,551,425
244,12,113,533,907,374,34,34,580,580,0,0.00017018959120460194,0.00017018959120460194,533,533,0,5,4,4,7,3,209,121,771
245,0,101,1,914,913,0,4,1,331,330,0.0,0.0,1,1,0,6,-1,7,4,0,539,902,582
246,78,284,847,968,121,132,132,875,875,0,0.0013274788113958951,0.0018720855032506212,838,869,31,3,3,3,12,13,252,255,219
247,15,117,637,929,292,14,14,539,539,0,0.0002382654276864427,0.0007147962830593281,587,752,165,4,4,4,3,4,989,156,475
248,2,618,345,992,647,14,34,378,506,128,0.0,0.0006126825283365669,1,723,722,2,5,3,9,1,276,618,389
249,0,0,1,1,0,0,0,1,1,0,0.0,0.0,1,1,0,-1,-1,-1,5,0,519,876,968
250,42,42,864,864,0,18,18,738,738,0,0.0008509479560230097,0.0008509479560230097,790,790,0,-1,4,4,3,15,850,219,766
251,24,125,759,953,194,14,14,581,581,0,0.0002382654276864427,0.0002382654276864427,611,611,0,5,4,4,3,11,800,316,593
252,68,668,862,998,136,56,56,822,822,0,0.0010892133837094523,0.0025188059498281084,823,908,85,2,3,3,6,9,451,414,207
253,0,101,1,876,875,0,12,1,331,330,0.0,0.0,1,1,0,5,-1,6,12,0,239,824,734
254,22,638,730,998,268,22,22,760,760,0,0.0009870996289866913,0.0036760951700194017,818,935,117,2,3,3,2,5,589,412,497
255,24,230,726,977,251,28,28,680,680,0,0.0005786446100956465,0.0009190237925048504,727,793,66,3,3,3,5,4,720,622,465
256,13,13,643,643,0,14,14,577,577,0,0.0002042275094455223,0.0002042275094455223,576,576,0,-1,4,4,3,5,712,688,927
257,13,115,648,952,304,8,8,523,523,0,0.00010211375472276115,0.0006126825283365669,491,746,255,4,4,4,2,5,906,314,179
258,0,616,1,991,990,0,134,1,756,755,0.0,0.005650294427992784,1,958,957,2,-1,3,17,0,71,367,21
259,0,101,1,960,959,0,2,1,331,330,0.0,0.0,1,1,0,6,-1,7,2,0,847,919,430
260,94,94,870,870,0,72,72,828,828,0,0.0023486163586235067,0.0023486163586235067,895,895,0,-1,3,3,7,17,182,213,969
261,9,9,588,588,0,14,14,589,589,0,0.0008169100377820892,0.0008169100377820892,784,784,0,-1,4,4,3,3,433,438,825
262,39,141,782,941,159,42,42,738,738,0,0.00037441710065012424,0.0004765308553728854,659,692,33,4,3,3,6,9,446,317,252
263,0,102,1,946,945,0,3,1,375,374,0.0,0.0005786446100956465,1,740,739,4,-1,5,2,0,760,823,194
264,6,108,423,910,487,19,19,473,473,0,3.4037918240920386e-05,0.00017018959120460194,394,542,148,4,4,4,6,1,369,618,496
265,0,102,1,913,912,0,7,1,360,359,0.0,3.4037918240920386e-05,1,400,399,4,-1,5,6,1,522,554,662
266,0,616,1,991,990,0,46,1,618,617,0.0,0.001940161339732462,1,884,883,2,-1,3,8,0,483,832,118
267,62,268,834,972,138,64,68,760,774,14,0.0013955546478777359,0.0035739814152966403,841,936,95,3,3,3,8,10,301,413,123
268,29,645,756,996,240,24,24,720,720,0,0.0004765308553728854,0.0029612988869600733,691,915,224,2,3,3,3,8,989,286,131
269,38,244,783,975,192,24,24,628,628,0,0.0005105687736138058,0.0007828721195411688,704,777,73,3,4,4,4,7,623,422,891
270,145,246,953,979,26,58,58,954,954,0,0.005888559855679227,0.005888559855679227,963,963,0,5,2,2,4,28,461,41,572
271,6,108,437,920,483,10,10,423,423,0,3.4037918240920386e-05,0.0002042275094455223,415,571,156,4,5,5,5,4,326,443,237
272,0,616,1,1000,999,0,18,1,919,918,0.0,0.011879233466081215,1,985,984,2,-1,3,2,1,872,920,9
273,6,212,453,972,519,26,26,658,658,0,0.00034037918240920387,0.002927260968719153,651,926,275,3,4,4,5,2,795,482,111
274,349,450,978,983,5,182,182,982,982,0,0.0053099152455835805,0.0053099152455835805,958,958,0,6,2,2,9,44,269,27,640
275,356,458,996,998,2,32,32,941,941,0,0.01245787807617686,0.01245787807617686,988,988,0,4,3,3,2,96,686,1,134
276,0,616,1,997,996,0,42,1,752,751,0.0,0.005173763572619898,1,964,963,2,-1,3,6,1,373,780,21
277,26,26,768,768,0,12,12,581,581,0,0.0007828721195411688,0.0007828721195411688,776,776,0,-1,4,4,2,11,752,83,906
278,77,179,909,973,64,12,12,781,781,0,0.00176997174852786,0.0019061234214915416,889,895,6,4,4,4,2,23,283,66,317
279,23,229,703,975,272,18,18,643,643,0,0.000442492937131965,0.002314578440382586,699,903,204,3,4,4,3,8,471,90,39
280,27,233,687,966,279,44,44,599,599,0,0.0002382654276864427,0.0002723033459273631,581,600,19,3,4,4,8,10,244,266,551
281,0,0,1,1,0,0,0,1,1,0,0.0,0.0,1,1,0,-1,-1,-1,9,0,263,565,854
282,8,109,519,919,400,22,22,551,551,0,0.00010211375472276115,0.00013615167296368154,484,513,29,5,4,4,5,2,701,566,434
283,6,212,432,967,535,16,20,493,530,37,0.00017018959120460194,0.0007828721195411688,536,771,235,3,4,4,4,3,638,410,519
284,13,115,687,962,275,11,11,549,549,0,0.0002042275094455223,0.0006467204465774873,588,756,168,4,4,4,4,5,860,310,527
285,1,103,332,937,605,3,4,332,371,39,6.807583648184077e-05,0.00017018959120460194,447,547,100,4,6,5,3,3,961,748,369
286,83,184,872,953,81,72,72,849,849,0,0.0020763130126961434,0.0020763130126961434,885,885,0,7,3,3,7,12,505,58,469
287,0,0,1,1,0,0,0,1,1,0,0.0,0.0,1,1,0,-1,-1,-1,5,0,347,649,548
288,0,102,1,945,944,0,6,1,439,438,0.0,0.00037441710065012424,1,668,667,4,-1,5,3,1,485,962,407
289,6,212,484,976,492,10,14,533,637,104,6.807583648184077e-05,0.001497668402600497,463,871,408,3,4,4,3,1,899,531,68
290,6,212,416,960,544,40,44,560,583,23,3.4037918240920386e-05,0.0006126825283365669,412,733,321,3,4,4,10,3,161,309,234
291,2,103,403,974,571,4,4,496,496,0,0.00013615167296368154,0.0002042275094455223,525,577,52,6,5,5,2,3,872,260,899
292,0,101,1,888,887,0,10,1,331,330,0.0,6.807583648184077e-05,1,440,439,5,-1,6,10,0,258,911,662
293,0,0,1,1,0,0,0,1,1,0,0.0,0.0,1,1,0,-1,-1,-1,3,0,703,994,828
294,0,102,1,947,946,0,4,1,416,415,0.0,0.0002042275094455223,1,581,580,4,-1,5,2,1,999,747,132
295,1,207,332,967,635,4,24,332,641,309,0.0,0.0017018959120460194,1,866,865,3,6,4,4,2,632,495,81
296,17,17,682,682,0,18,18,644,644,0,0.00034037918240920387,0.00034037918240920387,648,648,0,-1,4,4,3,6,791,516,828
297,70,70,903,903,0,12,12,631,631,0,0.0018380475850097008,0.0018380475850097008,890,890,0,-1,4,4,2,22,776,128,818
298,55,157,829,946,117,44,44,689,689,0,0.0010211375472276116,0.0012934408931549745,804,832,28,4,3,3,7,9,398,198,634
299,29,131,644,893,249,190,190,839,839,0,0.0009190237925048504,0.0011913271384322134,792,822,30,4,3,3,19,4,31,125,170
300,66,66,878,878,0,28,28,792,792,0,0.0017359338302869397,0.0017359338302869397,880,880,0,-1,3,3,3,18,825,147,969
301,4,105,434,924,490,10,10,435,435,0,0.00013615167296368154,0.00013615167296368154,529,529,0,5,5,5,5,3,688,646,842
302,6,107,474,945,471,12,12,604,604,0,0.00017018959120460194,0.0002382654276864427,544,598,54,6,4,4,2,2,943,670,543
303,5,211,400,954,554,23,32,397,451,54,3.4037918240920386e-05,0.00013615167296368154,411,510,99,3,5,4,13,4,242,581,406
304,0,206,1,958,957,0,17,1,420,419,0.0,0.0002723033459273631,1,611,610,3,-1,4,7,0,374,757,545
305,0,0,1,1,0,0,0,1,1,0,0.0,0.0,1,1,0,-1,-1,-1,2,1,734,456,276
306,0,0,1,1,0,0,0,1,1,0,0.0,0.0,1,1,0,-1,-1,-1,2,0,951,798,996
307,0,101,1,913,912,0,3,1,332,331,0.0,0.0,1,1,0,6,-1,7,3,0,743,886,640
308,0,0,1,1,0,0,0,1,1,0,0.0,0.0,1,1,0,-1,-1,-1,15,0,65,986,649
309,2,208,367,977,610,5,10,367,484,117,0.0,0.0002042275094455223,1,577,576,3,5,4,4,3,679,460,519
310,0,101,1,947,946,0,2,1,331,330,0.0,0.0,1,1,0,5,-1,6,2,3,999,854,411
311,6,212,460,975,515,6,10,446,514,68,0.00013615167296368154,0.0008169100377820892,512,787,275,3,5,4,3,4,882,380,497
312,3,104,436,922,486,6,6,382,382,0,3.4037918240920386e-05,3.4037918240920386e-05,419,419,0,5,5,5,4,2,344,364,935
313,6,212,411,954,543,31,36,485,524,39,0.00010211375472276115,0.0004084550188910446,468,674,206,3,4,4,10,1,258,552,521
314,2,104,359,892,533,10,10,385,385,0,0.0,3.4037918240920386e-05,1,402,401,4,5,5,6,1,157,503,290
315,0,206,1,970,969,0,12,1,457,456,0.0,0.00030634126416828345,1,633,632,3,-1,4,5,0,452,915,869
316,0,102,1,903,902,0,12,1,380,379,0.0,0.00030634126416828345,1,634,633,4,-1,5,8,0,301,433,176
317,98,98,913,913,0,44,44,851,851,0,0.0025188059498281084,0.0025188059498281084,909,909,0,-1,3,3,4,19,397,133,684
318,132,132,957,957,0,56,56,975,975,0,0.0057524081827155455,0.0057524081827155455,964,964,0,-1,2,2,2,25,689,47,650
319,0,0,1,1,0,0,0,1,1,0,0.0,0.0,1,1,0,-1,-1,-1,7,0,209,498,568
320,6,622,414,994,580,24,42,483,648,165,6.807583648184077e-05,0.0013955546478777359,436,840,404,2,4,3,8,1,308,561,306
321,1,102,332,927,595,2,2,332,332,0,0.0,3.4037918240920386e-05,1,410,409,5,8,6,2,1,925,857,547
322,446,547,994,997,3,76,76,947,947,0,0.011334626774226489,0.011334626774226489,987,987,0,5,3,3,6,96,529,1,606
323,11,113,689,966,277,8,8,589,589,0,0.0002382654276864427,0.001599782157323258,616,878,262,4,4,4,2,6,481,683,55
324,0,101,1,969,968,0,2,1,330,329,0.0,0.0002382654276864427,1,612,611,5,-1,6,2,0,782,908,365
325,0,102,1,909,908,0,7,1,349,348,0.0,0.0,1,1,0,4,-1,5,6,0,341,664,244
326,34,34,698,698,0,118,118,816,816,0,0.0007828721195411688,0.0007828721195411688,764,764,0,-1,3,3,13,3,120,268,989
327,0,101,1,970,969,0,2,1,331,330,0.0,0.0002382654276864427,1,615,614,5,-1,6,2,0,920,844,524
328,0,102,1,945,944,0,4,1,426,425,0.0,0.001157289220191293,1,836,835,4,-1,5,2,0,998,798,64
329,24,126,717,938,221,24,24,658,658,0,0.0006467204465774873,0.0007488342013002485,746,771,25,4,4,4,4,8,969,386,829
330,1,102,333,915,582,4,4,333,333,0,6.807583648184077e-05,0.00017018959120460194,441,546,105,5,6,6,4,1,354,437,931
331,0,0,1,1,0,0,0,1,1,0,0.0,0.0,1,1,0,-1,-1,-1,3,0,564,838,818
332,0,0,1,1,0,0,0,1,1,0,0.0,0.0,1,1,0,-1,-1,-1,8,0,428,732,975
333,56,56,812,812,0,70,70,755,755,0,0.0012253650566731338,0.0012253650566731338,826,826,0,-1,3,3,9,6,367,397,820
334,2,104,363,925,562,6,7,383,398,15,3.4037918240920386e-05,0.00010211375472276115,398,485,87,4,5,5,4,2,495,320,526
335,2,2,349,349,0,22,22,368,368,0,0.0,0.0,1,1,0,-1,5,5,18,3,29,484,989
336,0,102,1,896,895,0,9,1,351,350,0.0,3.4037918240920386e-05,1,402,401,4,-1,5,8,0,142,356,931
337,7,109,600,968,368,3,3,397,397,0,0.0002723033459273631,0.0008509479560230097,633,797,164,4,5,5,2,8,933,302,273
338,154,360,916,979,63,172,172,919,919,0,0.0024507301133462676,0.003267640151128357,905,932,27,3,2,2,13,14,41,146,118
339,0,0,1,1,0,0,0,1,1,0,0.0,0.0,1,1,0,-1,-1,-1,15,1,107,706,276
340,100,100,924,924,0,100,100,993,993,0,0.03778208924742163,0.03778208924742163,998,998,0,5,1,1,4,6,458,199,893
341,147,353,924,978,54,160,160,946,946,0,0.0033016780693692774,0.0035059055788147996,935,938,3,3,2,2,11,15,150,36,211
342,0,0,1,1,0,0,0,1,1,0,0.0,0.0,1,1,0,-1,-1,-1,5,1,531,920,792
343,0,0,1,1,0,0,0,1,1,0,0.0,0.0,1,1,0,-1,-1,-1,3,0,600,976,883
344,0,206,1,973,972,0,14,1,591,590,0.0,0.004016474352428605,1,951,950,3,-1,4,3,0,882,726,5
345,5,5,436,436,0,8,8,417,417,0,0.0002042275094455223,0.0002042275094455223,562,562,0,-1,5,5,4,3,711,311,930
346,0,616,1,992,991,0,58,1,574,573,0.0,0.0020422750944552232,1,882,881,2,-1,3,12,0,44,803,98
347,30,646,658,993,335,80,152,567,811,244,0.00037441710065012424,0.008169100377820893,670,971,301,2,3,3,17,5,39,124,19
348,6,212,399,949,550,38,64,433,540,107,0.00010211375472276115,0.0011913271384322134,477,814,337,3,4,4,16,1,78,899,183
349,105,311,929,982,53,60,60,911,911,0,0.0024166921951053475,0.003267640151128357,907,931,24,3,3,3,5,18,848,63,226
350,0,0,1,1,0,0,0,1,1,0,0.0,0.0,1,1,0,-1,-1,-1,10,0,169,372,975
351,0,102,1,919,918,0,10,1,391,390,0.0,0.00010211375472276115,1,492,491,4,-1,5,7,0,697,790,156
352,0,101,1,913,912,0,8,1,332,331,0.0,3.4037918240920386e-05,1,407,406,5,-1,6,8,0,468,632,313
353,62,164,901,975,74,12,12,661,661,0,0.001599782157323258,0.0018040096667687805,875,881,6,4,4,4,2,20,940,71,134
354,0,1640,1,999,998,0,174,1,663,662,0.0,0.004629156880765172,1,942,941,1,-1,2,30,0,7,515,58
355,24,230,610,946,336,118,118,703,703,0,0.0004084550188910446,0.0007828721195411688,656,758,102,3,3,3,17,5,103,619,175
356,0,102,1,925,924,0,6,1,403,402,0.0,0.0002042275094455223,1,564,563,4,-1,5,3,1,484,814,741
357,258,464,959,983,24,284,284,977,977,0,0.005854521937438306,0.006024711528642908,962,962,0,3,2,2,16,31,151,126,267
358,96,198,898,965,67,44,44,807,807,0,0.0015657442390823377,0.0018040096667687805,861,876,15,4,3,3,4,16,572,78,810
359,30,30,768,768,0,36,36,761,761,0,0.0004765308553728854,0.0004765308553728854,697,697,0,-1,3,3,5,7,463,188,821
360,0,0,1,1,0,0,0,1,1,0,0.0,0.0,1,1,0,-1,-1,-1,3,0,854,978,868
361,0,0,1,1,0,0,0,1,1,0,0.0,0.0,1,1,0,-1,-1,-1,4,0,607,950,777
362,6,6,411,411,0,22,22,463,463,0,0.0,0.0,1,1,0,-1,4,4,9,1,315,481,254
363,43,145,827,947,120,22,22,711,711,0,0.0007147962830593281,0.00088498587426393,763,798,35,4,3,3,2,13,859,120,625
364,2,103,354,902,548,15,15,419,419,0,3.4037918240920386e-05,6.807583648184077e-05,391,444,53,5,5,5,8,1,270,807,862
365,0,206,1,972,971,0,16,1,527,526,0.0,0.0002723033459273631,1,626,625,3,-1,4,4,0,649,812,306
366,0,102,1,933,932,0,5,1,402,401,0.0,0.0004084550188910446,1,685,684,4,-1,5,3,3,823,882,295
367,0,616,1,992,991,0,84,1,675,674,0.0,0.003267640151128357,1,924,923,2,-1,3,15,0,110,200,25
368,0,102,1,934,933,0,10,1,412,411,0.0,0.00030634126416828345,1,637,636,4,-1,5,6,0,529,959,318
369,44,250,846,981,135,12,12,609,609,0,0.0010892133837094523,0.0026209197045508697,820,912,92,3,4,4,2,12,733,155,146
370,0,206,1,946,945,0,19,1,387,386,0.0,0.00037441710065012424,1,652,651,3,-1,4,11,0,66,600,406
371,76,282,847,973,126,94,94,844,844,0,0.001157289220191293,0.0013615167296368155,818,839,21,3,3,3,9,12,200,163,339
372,244,345,969,978,9,152,152,972,972,0,0.005377991082065421,0.005412029000306341,960,960,0,5,2,2,8,32,357,26,879
373,18,18,670,670,0,12,12,490,490,0,0.0002042275094455223,0.0002042275094455223,575,575,0,-1,4,4,4,5,631,636,587
374,0,101,1,956,955,0,2,1,331,330,0.0,0.0,1,1,0,6,-1,7,2,1,982,705,853
375,0,206,1,942,941,0,38,1,425,424,0.0,0.00017018959120460194,1,538,537,3,-1,4,16,0,53,936,521
376,96,198,874,949,75,150,150,951,951,0,0.0021784267674189047,0.0021784267674189047,892,892,0,4,2,2,11,10,271,227,575
377,28,28,663,663,0,70,70,711,711,0,0.000442492937131965,0.000442492937131965,685,685,0,-1,3,3,9,3,351,173,897
378,114,320,907,975,68,98,98,900,900,0,0.0027911092957554717,0.003165526396405596,919,926,7,3,3,3,8,15,508,36,275
379,192,192,930,930,0,306,306,939,939,0,0.0034037918240920387,0.0034037918240920387,927,927,0,-1,2,2,23,14,43,146,728
380,0,206,1,966,965,0,17,1,439,438,0.0,0.0005105687736138058,1,712,711,3,-1,4,7,1,413,730,192
381,0,0,1,1,0,0,0,1,1,0,0.0,0.0,1,1,0,-1,-1,-1,2,0,932,984,997
382,1,1,333,333,0,10,10,333,333,0,0.0,0.0,1,1,0,-1,6,6,10,1,206,671,643
383,470,676,992,996,4,118,118,960,960,0,0.010381565063480718,0.010892133837094524,980,982,2,3,3,3,8,83,454,10,338
384,0,206,1,940,939,0,34,1,406,405,0.0,0.00017018959120460194,1,540,539,3,-1,4,18,0,111,875,305
385,0,0,1,1,0,0,0,1,1,0,0.0,0.0,1,1,0,-1,-1,-1,9,1,315,806,922
386,6,212,415,961,546,32,37,531,563,32,3.4037918240920386e-05,0.0009530617107457708,397,790,393,3,4,4,9,1,339,873,148
387,12,12,568,568,0,26,26,584,584,0,0.00017018959120460194,0.00017018959120460194,558,558,0,-1,4,4,5,2,474,468,864
388,2,2,373,373,0,5,5,408,408,0,3.4037918240920386e-05,3.4037918240920386e-05,391,391,0,-1,5,5,3,2,576,560,726
389,2,104,368,935,567,6,6,440,440,0,3.4037918240920386e-05,0.0002723033459273631,411,610,199,4,5,5,3,1,433,799,501
390,2,104,372,944,572,4,6,375,450,75,0.0,0.00013615167296368154,1,522,521,4,5,5,3,2,674,842,655
391,21,123,698,943,245,18,18,620,620,0,0.0002042275094455223,0.0002042275094455223,567,567,0,4,4,4,3,6,636,4,596
392,1,207,332,976,644,3,10,332,509,177,0.0,0.0019741992579733825,1,888,887,3,6,4,3,1,433,593,141
393,0,101,1,885,884,0,8,1,332,331,0.0,0.0,1,1,0,5,-1,6,8,0,434,900,601
394,12,114,572,926,354,20,20,580,580,0,0.000442492937131965,0.00088498587426393,691,797,106,4,4,4,4,3,711,209,154
395,6,212,425,966,541,15,22,430,478,48,3.4037918240920386e-05,0.0004084550188910446,407,670,263,3,4,4,7,1,525,771,199
396,0,0,1,1,0,0,0,1,1,0,0.0,0.0,1,1,0,-1,-1,-1,6,0,373,372,954
397,1,102,331,969,638,2,2,331,331,0,0.0,0.0,1,1,0,5,6,6,2,1,962,530,606
398,18,224,597,957,360,46,54,498,531,33,0.0002723033459273631,0.00034037918240920387,601,641,40,3,3,3,15,2,138,547,425
399,6,6,409,409,0,26,26,474,474,0,0.00010211375472276115,0.00010211375472276115,482,482,0,-1,4,4,9,1,202,481,838
400,28,129,866,982,116,22,22,952,952,0,0.0017359338302869397,0.0017359338302869397,889,889,0,7,3,3,2,9,978,375,748
401,10,216,515,954,439,38,50,497,562,65,0.00013615167296368154,0.0014295925661186562,501,844,343,3,4,4,11,4,230,567,49
402,27,129,808,962,154,12,12,670,670,0,0.0005446066918547262,0.0008169100377820892,721,788,67,4,4,4,2,9,946,391,86
403,311,311,988,988,0,38,38,903,903,0,0.007692569522448007,0.007692569522448007,975,975,0,-1,3,3,3,81,530,32,945
404,44,146,795,937,142,64,64,820,820,0,0.00034037918240920387,0.0004084550188910446,638,674,36,4,3,3,7,4,170,259,691
405,6,108,425,904,479,24,24,535,535,0,0.00030634126416828345,0.000442492937131965,638,688,50,4,4,4,6,1,536,500,797
406,0,206,1,978,977,0,8,1,472,471,0.0,0.002586881786309949,1,915,914,3,-1,4,2,0,643,588,75
407,0,102,1,893,892,0,10,1,352,351,0.0,3.4037918240920386e-05,1,399,398,4,-1,5,9,0,422,994,466
408,2,104,362,923,561,8,10,374,403,29,3.4037918240920386e-05,0.0005446066918547262,407,728,321,4,5,5,6,2,657,292,375
409,72,688,839,993,154,128,128,881,881,0,0.0011232513019503727,0.0035739814152966403,817,936,119,2,2,2,12,7,222,237,17
410,92,298,884,977,93,82,82,888,888,0,0.0019741992579733825,0.0020082371762143027,888,889,1,3,3,3,7,14,400,84,313
411,0,102,1,882,881,0,18,1,364,363,0.0,0.0,1,1,0,4,-1,5,13,0,185,638,449
412,14,220,599,972,373,26,26,601,601,0,0.0002382654276864427,0.00037441710065012424,593,670,77,3,4,4,5,4,665,202,666
413,1,1,332,332,0,4,4,332,332,0,0.0,0.0,1,1,0,-1,6,6,4,2,969,357,573
414,28,28,755,755,0,14,14,561,561,0,0.0006126825283365669,0.0006126825283365669,744,744,0,-1,4,4,3,8,935,177,651
415,236,852,952,998,46,214,224,929,945,16,0.0036760951700194017,0.008305252050784574,935,970,35,2,2,2,16,26,53,127,12
416,0,616,1,995,994,0,36,1,547,546,0.0,0.0018380475850097008,1,876,875,2,-1,3,9,0,422,669,166
417,2,2,350,350,0,9,9,350,350,0,0.0,0.0,1,1,0,-1,5,5,8,2,244,721,872
418,46,252,840,979,139,28,28,757,757,0,0.0009190237925048504,0.0014295925661186562,805,849,44,3,3,3,3,12,626,155,371
419,577,577,1000,1000,0,72,72,991,991,0,0.0230436706491031,0.0230436706491031,997,997,0,-1,2,2,3,157,576,2,696
420,0,101,1,881,880,0,10,1,332,331,0.0,3.4037918240920386e-05,1,399,398,5,-1,6,10,0,99,798,547
421,0,0,1,1,0,0,0,1,1,0,0.0,0.0,1,1,0,-1,-1,-1,13,0,97,987,478
422,15,631,601,997,396,18,32,512,688,176,0.00034037918240920387,0.002280540522141666,651,898,247,2,4,3,5,5,479,241,891
423,5,5,402,402,0,25,25,400,400,0,3.4037918240920386e-05,3.4037918240920386e-05,413,413,0,-1,5,5,15,3,138,572,847
424,100,100,920,920,0,100,100,983,983,0,0.034718676605738796,0.03601211749889377,1000,1000,0,3,1,1,5,4,463,398,153
425,13,219,567,962,395,36,40,510,539,29,0.00013615167296368154,0.00030634126416828345,509,634,125,3,4,4,10,5,293,362,584
426,6,6,432,432,0,20,20,531,531,0,0.00017018959120460194,0.00017018959120460194,536,536,0,-1,4,4,4,1,638,370,815
427,28,234,668,961,293,60,72,604,662,58,0.0002042275094455223,0.0018040096667687805,569,870,301,3,3,3,11,4,162,443,133
428,0,101,1,911,910,0,4,1,331,330,0.0,0.0,1,1,0,5,-1,6,4,0,711,668,771
429,0,206,1,945,944,0,32,1,408,407,0.0,0.0002382654276864427,1,585,584,3,-1,4,16,0,50,839,477
430,2,208,354,971,617,8,16,427,549,122,3.4037918240920386e-05,0.0006467204465774873,398,747,349,3,5,4,4,1,562,935,477
431,6,6,434,434,0,14,14,442,442,0,3.4037918240920386e-05,3.4037918240920386e-05,398,398,0,-1,4,4,6,2,441,690,867
432,7,7,507,507,0,11,11,397,397,0,3.4037918240920386e-05,3.4037918240920386e-05,406,406,0,-1,4,4,6,2,328,694,673
433,56,56,829,829,0,40,40,706,706,0,0.0005786446100956465,0.0005786446100956465,737,737,0,-1,3,3,5,13,408,340,456
434,24,126,720,933,213,36,36,760,760,0,0.0007147962830593281,0.0012253650566731338,757,834,77,4,3,3,5,4,570,326,559
435,0,206,1,976,975,0,8,1,509,508,0.0,0.0020422750944552232,1,896,895,3,-1,4,2,1,964,841,35
436,48,48,808,808,0,124,124,921,921,0,0.0018040096667687805,0.0018040096667687805,871,871,0,-1,2,2,10,3,161,390,978
437,6,108,421,901,480,18,19,415,427,12,0.0,6.807583648184077e-05,1,439,438,4,4,4,9,1,367,788,290
438,52,52,809,809,0,54,54,696,696,0,0.0006126825283365669,0.0006126825283365669,733,733,0,-1,3,3,8,9,225,414,768
439,3,3,425,425,0,10,10,442,442,0,3.4037918240920386e-05,3.4037918240920386e-05,402,402,0,-1,5,5,5,3,848,631,517
440,0,0,1,1,0,0,0,1,1,0,0.0,0.0,1,1,0,-1,-1,-1,4,2,313,462,858
441,6,6,417,417,0,26,26,466,466,0,0.00017018959120460194,0.00017018959120460194,542,542,0,-1,4,4,9,1,166,322,825
442,0,101,1,924,923,0,2,1,329,328,0.0,0.0,1,1,0,5,-1,6,2,0,971,918,549
443,28,28,796,796,0,12,12,606,606,0,0.0006126825283365669,0.0006126825283365669,744,744,0,-1,4,4,2,10,907,366,833
444,0,0,1,1,0,0,0,1,1,0,0.0,0.0,1,1,0,-1,-1,-1,17,1,39,513,962
445,34,136,710,914,204,52,52,599,599,0,0.0004765308553728854,0.0005446066918547262,702,714,12,4,4,4,10,13,135,256,443
446,114,320,905,978,73,150,150,946,946,0,0.002552843868069029,0.0029612988869600733,905,923,18,3,2,2,11,15,176,62,336
447,8,8,493,493,0,18,18,430,430,0,0.00017018959120460194,0.00017018959120460194,542,542,0,-1,4,4,7,3,321,411,276
448,689,689,997,997,0,160,160,994,994,0,0.015180911535450491,0.015180911535450491,990,990,0,-1,2,2,7,98,525,23,705
449,8,8,516,516,0,12,12,446,446,0,0.0,0.0,1,1,0,-1,4,4,5,2,476,298,574
450,6,6,436,436,0,26,26,598,598,0,0.0002723033459273631,0.0002723033459273631,611,611,0,-1,4,4,5,1,599,681,911
451,0,616,1,999,998,0,20,1,781,780,0.0,0.0024507301133462676,1,910,909,2,-1,3,3,0,899,981,82
452,2,2,396,396,0,4,4,444,444,0,0.0,0.0,1,1,0,-1,5,5,2,1,968,607,997
453,76,76,915,915,0,22,22,832,832,0,0.0017018959120460194,0.0017018959120460194,885,885,0,-1,3,3,2,23,681,117,928
454,0,206,1,967,966,0,13,1,454,453,0.0,0.0002382654276864427,1,611,610,3,-1,4,5,0,464,992,561
455,0,206,1,966,965,0,18,1,496,495,0.0,0.001497668402600497,1,853,852,3,-1,4,5,1,377,529,123
456,7,109,579,959,380,8,8,564,564,0,0.00010211375472276115,0.00030634126416828345,482,641,159,4,4,4,2,2,890,430,470
457,19,225,683,971,288,32,36,711,724,13,0.00037441710065012424,0.0005786446100956465,673,725,52,3,3,3,5,4,766,287,313
458,3,3,443,443,0,3,3,373,373,0,3.4037918240920386e-05,3.4037918240920386e-05,396,396,0,-1,5,5,2,2,618,576,911
459,0,0,1,1,0,0,0,1,1,0,0.0,0.0,1,1,0,-1,-1,-1,3,1,674,685,356
460,132,338,938,986,48,70,70,938,938,0,0.0026209197045508697,0.0036760951700194017,909,934,25,3,3,3,5,23,478,106,144
461,0,0,1,1,0,0,0,1,1,0,0.0,0.0,1,1,0,-1,-1,-1,10,2,427,633,669
462,20,226,685,971,286,36,36,726,726,0,0.0007147962830593281,0.0008509479560230097,768,786,18,3,3,3,5,3,502,103,432
463,0,102,1,944,943,0,3,1,376,375,0.0,0.00030634126416828345,1,646,645,4,-1,5,2,0,910,769,150
464,0,206,1,971,970,0,20,1,592,591,0.0,0.0017018959120460194,1,871,870,3,-1,4,4,0,280,923,35
465,29,130,738,937,199,32,32,709,709,0,0.0004084550188910446,0.000442492937131965,671,680,9,5,3,3,5,9,605,341,924
466,4,4,402,402,0,13,13,384,384,0,0.0,0.0,1,1,0,-1,5,5,8,2,282,430,758
467,125,331,943,984,41,32,32,882,882,0,0.0032336022328874367,0.0034718676605738795,925,937,12,3,3,3,2,19,893,135,160
468,0,616,1,997,996,0,32,1,712,711,0.0,0.0029612988869600733,1,926,925,2,-1,3,5,0,691,701,135
469,509,1125,987,999,12,224,224,988,988,0,0.011368664692467409,0.012253650566731339,980,982,2,2,2,2,11,54,233,19,252
470,0,206,1,948,947,0,58,1,512,511,0.0,0.000442492937131965,1,681,680,3,-1,4,15,1,40,529,169
471,107,313,903,978,75,48,48,693,693,0,0.0018720855032506212,0.002382654276864427,882,900,18,3,3,3,7,19,329,72,246
472,22,22,655,655,0,40,40,601,601,0,0.0002723033459273631,0.0002723033459273631,611,611,0,-1,3,3,9,2,278,491,988
473,1,1,333,333,0,6,6,333,333,0,0.0,0.0,1,1,0,-1,6,6,6,1,549,893,920
474,0,102,1,922,921,0,5,1,359,358,0.0,0.00017018959120460194,1,553,552,4,-1,5,4,0,652,818,523
475,0,206,1,974,973,0,14,1,563,562,0.0,0.0011232513019503727,1,833,832,3,-1,4,3,0,627,514,206
476,28,28,692,692,0,70,70,815,815,0,0.0006467204465774873,0.0006467204465774873,731,731,0,-1,3,3,8,3,334,351,820
477,62,268,787,953,166,148,160,721,739,18,0.0008169100377820892,0.0029612988869600733,756,914,158,3,3,3,22,7,22,396,135
478,24,24,671,671,0,44,44,663,663,0,0.00013615167296368154,0.00013615167296368154,507,507,0,-1,3,3,7,5,366,710,472
479,158,260,935,969,34,126,126,951,951,0,0.0028932230504782326,0.002927260968719153,921,923,2,4,2,2,7,25,331,47,406
480,16,16,544,544,0,37,37,518,518,0,6.807583648184077e-05,6.807583648184077e-05,445,445,0,-1,3,3,10,2,75,654,949
481,11,11,596,596,0,20,20,624,624,0,0.0006126825283365669,0.0006126825283365669,738,738,0,-1,4,4,4,4,633,645,760
482,59,161,831,933,102,82,82,877,877,0,0.0013955546478777359,0.001497668402600497,842,848,6,4,3,3,7,10,209,405,223
483,6,108,480,938,458,8,8,490,490,0,3.4037918240920386e-05,0.00010211375472276115,408,492,84,4,4,4,2,1,689,964,251
484,18,120,569,889,320,128,128,801,801,0,0.0010211375472276116,0.0011232513019503727,800,810,10,4,3,3,16,3,72,559,368
485,24,126,781,958,177,10,10,549,549,0,0.00037441710065012424,0.0007147962830593281,664,773,109,4,4,4,3,11,840,316,519
486,12,218,468,942,474,58,58,429,429,0,0.00010211375472276115,0.0002042275094455223,461,555,94,3,4,4,23,3,8,585,598
487,0,102,1,922,921,0,5,1,388,387,0.0,0.0002042275094455223,1,584,583,4,-1,5,3,0,585,976,86
488,0,102,1,956,955,0,4,1,385,384,0.0,0.0002042275094455223,1,573,572,4,-1,5,3,1,877,949,383
489,0,206,1,982,981,0,8,1,536,535,0.0,0.0021784267674189047,1,909,908,3,-1,4,2,0,686,228,13
490,55,156,879,969,90,46,46,975,975,0,0.008101024541339052,0.008169100377820893,977,977,0,5,2,2,2,7,816,176,602
491,0,0,1,1,0,0,0,1,1,0,0.0,0.0,1,1,0,-1,-1,-1,7,0,372,998,971
492,2,103,358,915,557,9,9,395,395,0,3.4037918240920386e-05,3.4037918240920386e-05,397,397,0,5,5,5,5,1,457,623,547
493,2,2,384,384,0,3,3,389,389,0,0.0,0.0,1,1,0,-1,5,5,2,2,967,518,942
494,6,6,414,414,0,17,17,422,422,0,3.4037918240920386e-05,3.4037918240920386e-05,395,395,0,-1,4,4,8,1,646,788,839
495,6,6,381,381,0,60,60,473,473,0,3.4037918240920386e-05,3.4037918240920386e-05,396,396,0,-1,4,4,19,1,35,873,983
496,4,4,431,431,0,8,8,420,420,0,0.00013615167296368154,0.00013615167296368154,506,506,0,-1,5,5,4,3,659,290,978
497,10,112,515,900,385,38,38,589,589,0,0.0005786446100956465,0.0007828721195411688,727,776,49,4,4,4,7,3,591,351,711
498,0,0,1,1,0,0,0,1,1,0,0.0,0.0,1,1,0,-1,-1,-1,6,0,369,943,967
499,0,102,1,912,911,0,7,1,358,357,0.0,3.4037918240920386e-05,1,391,390,4,-1,5,6,0,575,804,530
500,45,251,897,993,96,12,12,755,755,0,0.002212464685659825,0.0026209197045508697,918,928,10,3,4,4,2,15,987,158,439
501,0,0,1,1,0,0,0,1,1,0,0.0,0.0,1,1,0,-1,-1,-1,4,0,740,892,758
502,0,0,1,1,0,0,0,1,1,0,0.0,0.0,1,1,0,-1,-1,-1,3,0,903,808,859
503,6,108,457,930,473,28,28,652,652,0,0.0002382654276864427,0.00034037918240920387,595,651,56,4,4,4,6,1,661,474,202
504,13,219,674,982,308,12,12,623,623,0,0.0006467204465774873,0.002110350930937064,760,895,135,3,4,4,2,6,928,471,96
505,0,0,1,1,0,0,0,1,1,0,0.0,0.0,1,1,0,-1,-1,-1,11,0,234,866,907
506,144,144,907,907,0,248,248,925,925,0,0.0020763130126961434,0.0020763130126961434,889,889,0,-1,2,2,19,13,89,261,816
507,17,17,707,707,0,12,12,662,662,0,0.0005105687736138058,0.0005105687736138058,716,716,0,-1,4,4,2,6,979,516,976
508,166,366,943,983,40,94,94,862,862,0,0.0033016780693692774,0.0035739814152966403,933,941,8,3,3,3,9,25,422,105,242
509,6,212,371,937,566,68,88,481,530,49,6.807583648184077e-05,0.0016338200755641784,439,855,416,3,4,4,20,2,5,544,68
510,8,214,525,973,448,12,24,468,649,181,6.807583648184077e-05,0.0010892133837094523,453,826,373,3,4,4,4,2,652,791,63
511,2,103,345,874,529,15,15,355,355,0,0.0,0.0,1,1,0,7,5,5,13,2,92,656,582
512,0,0,1,1,0,0,0,1,1,0,0.0,0.0,1,1,0,-1,-1,-1,4,0,655,498,793
513,238,238,960,960,0,188,188,974,974,0,0.006569318220497634,0.006569318220497634,970,970,0,-1,2,2,10,31,240,34,254
514,1,1,333,333,0,4,4,333,333,0,0.0,0.0,1,1,0,-1,6,6,4,4,493,595,426
515,38,38,797,797,0,26,26,638,638,0,0.0007828721195411688,0.0007828721195411688,773,773,0,-1,4,4,5,9,656,375,952
516,137,343,935,981,46,78,78,860,860,0,0.0017359338302869397,0.0018720855032506212,860,869,9,3,3,3,8,34,371,89,4
517,0,101,1,948,947,0,2,1,331,330,0.0,6.807583648184077e-05,1,455,454,5,-1,6,2,1,895,830,360
518,0,102,1,878,877,0,10,1,352,351,0.0,6.807583648184077e-05,1,449,448,4,-1,5,9,0,274,725,579
519,24,126,707,943,236,28,28,731,731,0,0.0009530617107457708,0.0010211375472276116,802,811,9,4,3,3,3,3,927,642,156
520,0,101,1,945,944,0,3,1,332,331,0.0,0.0,1,1,0,6,-1,7,3,0,535,981,540
521,12,12,539,539,0,24,24,483,483,0,3.4037918240920386e-05,3.4037918240920386e-05,392,392,0,-1,4,4,8,2,308,599,235
522,2,208,353,966,613,6,16,367,478,111,0.0,0.00088498587426393,1,790,789,3,5,4,4,1,448,593,139
523,454,454,991,991,0,104,104,990,990,0,0.011198475101262807,0.011198475101262807,986,986,0,-1,2,2,5,78,691,9,836
524,6,212,449,972,523,24,24,689,689,0,0.0006467204465774873,0.0011232513019503727,747,830,83,3,4,4,4,1,562,500,639
525,0,102,1,931,930,0,6,1,382,381,0.0,0.0002382654276864427,1,592,591,4,-1,5,4,0,617,520,516
526,19,121,752,966,214,28,28,884,884,0,0.0007488342013002485,0.0008509479560230097,772,789,17,4,3,3,3,4,875,312,653
527,13,114,665,954,289,10,10,532,532,0,0.00010211375472276115,0.00013615167296368154,489,525,36,5,4,4,3,5,854,528,460
528,47,663,840,998,158,18,38,611,854,243,0.0009870996289866913,0.014806494434800367,817,991,174,2,4,3,3,11,746,97,2
529,16,16,688,688,0,8,8,517,517,0,0.00037441710065012424,0.00037441710065012424,659,659,0,-1,4,4,2,6,771,199,991
530,3,104,429,929,500,9,9,408,408,0,3.4037918240920386e-05,3.4037918240920386e-05,400,400,0,5,5,5,5,3,795,761,544
531,0,102,1,899,898,0,6,1,358,357,0.0,0.00010211375472276115,1,484,483,4,-1,5,5,0,496,400,560
532,2,104,347,878,531,17,23,347,370,23,0.0,0.0,1,1,0,4,5,5,16,4,26,595,315
533,2,208,367,970,603,6,18,367,537,170,0.0,0.002212464685659825,1,885,884,3,5,4,5,4,291,595,26
534,0,102,1,969,968,0,3,1,408,407,0.0,6.807583648184077e-05,1,457,456,4,-1,5,2,3,782,478,493
535,0,206,1,974,973,0,8,1,501,500,0.0,0.00176997174852786,1,875,874,3,-1,4,2,0,980,359,26
536,40,246,747,964,217,72,72,742,742,0,0.0005105687736138058,0.0007488342013002485,702,753,51,3,3,3,10,4,258,267,385
537,0,0,1,1,0,0,0,1,1,0,0.0,0.0,1,1,0,-1,-1,-1,5,1,605,428,725
538,4,210,409,966,557,8,24,395,601,206,6.807583648184077e-05,0.004493005207801491,442,957,515,3,5,4,4,5,448,476,5
539,0,102,1,951,950,0,5,1,410,409,0.0,0.0002723033459273631,1,628,627,4,-1,5,3,0,584,488,343
540,11,217,592,975,383,13,14,480,499,19,3.4037918240920386e-05,0.0004765308553728854,395,697,302,3,4,4,5,4,663,156,250
541,35,137,833,964,131,12,12,623,623,0,0.0006467204465774873,0.0009190237925048504,760,803,43,4,4,4,2,12,928,159,667
542,5,106,457,933,476,7,7,410,410,0,0.00017018959120460194,0.0002042275094455223,551,572,21,5,5,5,4,4,648,398,899
543,0,102,1,920,919,0,7,1,381,380,0.0,0.00010211375472276115,1,478,477,4,-1,5,5,0,452,912,532
544,0,0,1,1,0,0,0,1,1,0,0.0,0.0,1,1,0,-1,-1,-1,8,0,131,760,587
545,0,206,1,969,968,0,12,1,441,440,0.0,0.00013615167296368154,1,521,520,3,-1,4,4,0,870,760,301
546,6,6,476,476,0,8,8,489,489,0,0.00017018959120460194,0.00017018959120460194,549,549,0,-1,4,4,2,2,596,785,349
547,0,102,1,916,915,0,5,1,359,358,0.0,6.807583648184077e-05,1,451,450,4,-1,5,4,0,783,888,896
548,475,475,986,986,0,204,204,984,984,0,0.010381565063480718,0.010381565063480718,980,980,0,-1,2,2,11,62,360,70,498
549,0,0,1,1,0,0,0,1,1,0,0.0,0.0,1,1,0,-1,-1,-1,4,0,480,985,921
550,0,101,1,957,956,0,3,1,331,330,0.0,6.807583648184077e-05,1,457,456,5,-1,6,3,0,850,800,530
551,0,206,1,981,980,0,18,1,737,736,0.0,0.005616256509751864,1,960,959,3,-1,4,3,0,850,877,70
552,64,64,782,782,0,154,154,763,763,0,0.0005446066918547262,0.0005446066918547262,705,705,0,-1,3,3,19,6,46,381,665
553,119,119,904,904,0,144,144,928,928,0,0.0020422750944552232,0.0020422750944552232,888,888,0,-1,2,2,10,11,114,97,766
554,57,57,795,795,0,118,118,700,700,0,0.0006807583648184077,0.0006807583648184077,739,739,0,-1,3,3,17,8,56,177,600
555,100,100,926,926,0,100,100,997,997,0,0.04949113312229824,0.049559208958780084,998,998,0,4,1,1,3,18,712,63,305
556,34,136,749,929,180,36,36,632,632,0,0.00017018959120460194,0.000442492937131965,553,683,130,4,3,3,7,3,362,93,500
557,0,206,1,976,975,0,8,1,514,513,0.0,0.0004084550188910446,1,682,681,3,-1,4,2,0,713,489,309
558,0,102,1,897,896,0,8,1,366,365,0.0,0.00010211375472276115,1,484,483,4,-1,5,6,0,473,834,505
559,0,0,1,1,0,0,0,1,1,0,0.0,0.0,1,1,0,-1,-1,-1,9,0,159,772,348
560,33,135,786,943,157,18,18,653,653,0,0.0005105687736138058,0.0005105687736138058,723,723,0,4,4,4,3,11,672,316,314
561,28,28,674,674,0,58,58,624,624,0,0.00010211375472276115,0.00010211375472276115,485,485,0,-1,3,3,10,3,128,369,933
562,12,114,580,927,347,20,20,575,575,0,0.00030634126416828345,0.00034037918240920387,629,647,18,4,4,4,4,2,453,465,353
563,0,102,1,874,873,0,21,1,380,379,0.0,0.0002382654276864427,1,580,579,4,-1,5,14,0,181,664,258
564,8,214,570,977,407,14,14,598,598,0,0.0002042275094455223,0.0007488342013002485,600,782,182,3,4,4,3,2,530,724,131
565,14,116,567,905,338,26,26,523,523,0,0.00037441710065012424,0.0004765308553728854,652,692,40,4,4,4,7,3,340,236,215
566,5,5,436,436,0,7,7,391,391,0,3.4037918240920386e-05,3.4037918240920386e-05,407,407,0,-1,5,5,4,3,755,311,942
567,46,148,724,908,184,178,178,779,779,0,0.0007828721195411688,0.0008509479560230097,746,759,13,4,3,3,23,9,30,145,430
568,20,20,664,664,0,24,24,647,647,0,0.0005786446100956465,0.0005786446100956465,731,731,0,-1,4,4,4,4,858,267,783
569,16,222,523,956,433,80,84,581,592,11,3.4037918240920386e-05,0.00030634126416828345,396,626,230,3,3,3,17,1,73,718,173
570,0,102,1,873,872,0,19,1,354,353,0.0,3.4037918240920386e-05,1,403,402,4,-1,5,17,1,39,835,572
571,56,262,778,963,185,146,146,823,823,0,0.0006467204465774873,0.0009190237925048504,723,787,64,3,2,2,16,4,50,551,653
572,2,104,358,898,540,14,14,386,386,0,0.0,0.00010211375472276115,1,490,489,4,5,5,9,3,190,460,496
573,2,2,355,355,0,14,14,384,384,0,3.4037918240920386e-05,3.4037918240920386e-05,405,405,0,-1,5,5,9,3,277,578,457
574,6,212,376,941,565,58,70,462,493,31,3.4037918240920386e-05,0.0007488342013002485,401,744,343,3,4,4,19,2,19,560,387
575,100,100,921,921,0,100,100,989,989,0,0.038258620102794516,0.038258620102794516,997,997,0,-1,1,1,4,5,424,393,979
576,0,102,1,958,957,0,3,1,396,395,0.0,0.0002382654276864427,1,611,610,4,-1,5,2,0,751,783,275
577,0,102,1,883,882,0,15,1,388,387,0.0,0.0002723033459273631,1,620,619,4,-1,5,9,0,140,801,683
578,0,616,1,991,990,0,43,1,599,598,0.0,0.0019741992579733825,1,890,889,2,-1,3,9,0,136,538,326
579,1,207,332,967,635,4,16,332,526,194,0.0,0.0016678579938050988,1,875,874,3,6,4,4,2,921,739,129
580,23,23,722,722,0,34,34,773,773,0,0.00030634126416828345,0.00030634126416828345,637,637,0,-1,3,3,4,4,495,339,348
581,0,102,1,933,932,0,3,1,368,367,0.0,6.807583648184077e-05,1,452,451,4,-1,5,2,0,589,836,458
582,1,1,332,332,0,6,6,332,332,0,0.0,0.0,1,1,0,-1,7,7,6,2,489,448,882
583,7,7,481,481,0,25,25,431,431,0,0.0,0.0,1,1,0,-1,4,4,11,5,234,225,686
584,86,188,910,970,60,28,28,816,816,0,0.002586881786309949,0.003199564314646516,914,926,12,4,3,3,3,19,615,133,440
585,222,324,963,979,16,128,128,967,967,0,0.004663194799006093,0.004833384390210695,952,955,3,4,2,2,9,29,339,17,634
586,0,0,1,1,0,0,0,1,1,0,0.0,0.0,1,1,0,-1,-1,-1,3,0,800,740,903
587,0,0,1,1,0,0,0,1,1,0,0.0,0.0,1,1,0,-1,-1,-1,7,0,214,865,769
588,15,117,616,923,307,18,18,643,643,0,0.00037441710065012424,0.0004084550188910446,670,683,13,4,4,4,3,4,471,504,152
589,18,18,610,610,0,44,44,648,648,0,0.0002382654276864427,0.0002382654276864427,593,593,0,-1,4,4,8,4,282,202,835
590,230,230,981,981,0,38,38,923,923,0,0.007760645358929848,0.007760645358929848,973,973,0,-1,3,3,3,62,785,70,938
591,6,107,428,910,482,19,19,489,489,0,3.4037918240920386e-05,0.00010211375472276115,389,478,89,5,4,4,6,1,451,152,550
592,18,634,725,1000,275,12,22,666,844,178,0.0005105687736138058,0.005650294427992784,715,966,251,2,4,3,2,5,548,182,33
593,4,4,468,468,0,5,5,423,423,0,0.00017018959120460194,0.00017018959120460194,555,555,0,-1,5,5,3,3,608,411,907
594,12,12,600,600,0,32,32,704,704,0,0.0005105687736138058,0.0005105687736138058,705,705,0,-1,4,4,6,9,529,29,604
595,15,116,679,952,273,12,12,597,597,0,0.0005105687736138058,0.0006807583648184077,714,767,53,5,4,4,2,7,771,329,262
596,27,129,713,932,219,40,40,635,635,0,0.00034037918240920387,0.0004765308553728854,643,690,47,4,4,4,8,9,323,240,670
597,31,31,711,711,0,52,52,635,635,0,0.00034037918240920387,0.00034037918240920387,637,637,0,-1,3,3,9,5,262,310,921
598,10,10,558,558,0,34,34,620,620,0,0.00013615167296368154,0.00013615167296368154,516,516,0,-1,4,4,7,3,722,222,638
599,0,101,1,903,902,0,4,1,332,331,0.0,0.00013615167296368154,1,504,503,5,-1,6,4,0,567,905,481
600,0,206,1,972,971,0,20,1,589,588,0.0,0.0020763130126961434,1,890,889,3,-1,4,4,0,384,957,36
601,524,624,999,999,0,32,32,926,926,0,0.016236087000919025,0.016202049082678104,994,994,0,5,3,3,2,130,723,3,526
602,52,52,895,895,0,18,18,863,863,0,0.002110350930937064,0.002110350930937064,898,898,0,-1,3,3,2,18,799,171,657
603,0,0,1,1,0,0,0,1,1,0,0.0,0.0,1,1,0,-1,-1,-1,4,0,638,898,974
604,0,101,1,921,920,0,4,1,332,331,0.0,0.0,1,1,0,5,-1,6,4,0,504,817,585
605,6,6,400,400,0,30,30,455,455,0,0.0,0.0,1,1,0,-1,4,4,11,2,163,544,819
606,0,102,1,912,911,0,7,1,357,356,0.0,0.00010211375472276115,1,487,486,4,-1,5,6,0,446,934,152
607,0,0,1,1,0,0,0,1,1,0,0.0,0.0,1,1,0,-1,-1,-1,2,0,979,934,839
608,80,286,852,970,118,84,84,809,809,0,0.0016338200755641784,0.0020082371762143027,861,886,25,3,2,2,9,11,202,316,211
609,14,14,554,554,0,26,26,482,482,0,0.0002042275094455223,0.0002042275094455223,563,563,0,-1,4,4,9,3,249,653,919
610,2,2,368,368,0,5,5,369,369,0,3.4037918240920386e-05,3.4037918240920386e-05,410,410,0,-1,5,5,4,1,491,503,778
611,9,9,534,534,0,20,20,491,491,0,0.00013615167296368154,0.00013615167296368154,514,514,0,-1,4,4,6,5,549,722,737
612,14,220,572,967,395,22,30,521,623,102,0.00017018959120460194,0.0035739814152966403,531,943,412,3,4,4,5,3,349,353,88
613,12,218,558,966,408,14,30,447,627,180,0.0002042275094455223,0.0017359338302869397,562,868,306,3,4,4,5,4,506,208,81
614,114,216,933,976,43,38,38,882,882,0,0.003267640151128357,0.0033357159876101976,934,935,1,4,3,3,3,21,620,123,561
615,16,117,590,915,325,64,64,784,784,0,0.0005446066918547262,0.0005446066918547262,708,708,0,7,3,3,8,1,521,480,972
616,0,0,1,1,0,0,0,1,1,0,0.0,0.0,1,1,0,-1,-1,-1,4,0,783,888,695
617,28,129,703,926,223,62,62,777,777,0,0.001055175465468532,0.0010892133837094523,813,818,5,5,3,3,7,4,678,281,503
618,2,1642,399,1000,601,3,42,411,987,576,6.807583648184077e-05,0.05156744613499439,458,998,540,1,5,2,2,1,865,609,345
619,32,238,724,969,245,58,66,715,761,46,0.0007488342013002485,0.0012253650566731338,763,820,57,3,3,3,9,2,395,473,375
620,81,182,923,970,47,18,18,695,695,0,0.0026209197045508697,0.0026209197045508697,923,923,0,6,4,4,3,30,862,39,694
621,0,102,1,889,888,0,11,1,382,381,0.0,3.4037918240920386e-05,1,404,403,4,-1,5,7,0,447,790,152
622,24,125,770,960,190,12,12,544,544,0,0.0002382654276864427,0.00034037918240920387,593,656,63,5,4,4,4,13,480,256,485
623,86,1726,806,1000,194,390,444,922,946,24,0.0012934408931549745,0.012015385139044895,833,987,154,1,3,2,35,13,20,255,10
624,8,214,498,957,459,20,38,427,530,103,0.00010211375472276115,0.0017018959120460194,483,860,377,3,4,4,9,2,147,602,104
625,0,102,1,965,964,0,3,1,412,411,0.0,3.4037918240920386e-05,1,407,406,4,-1,5,2,0,987,542,710
626,12,218,558,966,408,26,26,570,570,0,0.0002723033459273631,0.00088498587426393,613,788,175,3,4,4,5,2,506,682,232
627,2,208,368,976,608,5,11,369,503,134,0.00010211375472276115,0.0012253650566731338,479,837,358,3,5,4,4,2,794,764,295
628,2,208,355,969,614,8,14,366,439,73,3.4037918240920386e-05,0.0002723033459273631,389,621,232,3,5,4,6,2,451,374,452
629,50,256,846,980,134,53,53,950,950,0,0.002280540522141666,0.0025188059498281084,904,917,13,3,2,2,4,4,777,207,164
630,0,0,1,1,0,0,0,1,1,0,0.0,0.0,1,1,0,-1,-1,-1,5,3,677,478,910
631,0,206,1,982,981,0,9,1,563,562,0.0,0.0020763130126961434,1,892,891,3,-1,4,3,0,918,836,128
632,0,102,1,917,916,0,8,1,387,386,0.0,0.0,1,1,0,4,-1,5,5,0,616,538,873
633,0,101,1,894,893,0,8,1,331,330,0.0,0.0,1,1,0,5,-1,6,8,0,508,875,560
634,77,77,886,886,0,50,50,858,858,0,0.001599782157323258,0.001599782157323258,860,860,0,-1,3,3,5,11,551,97,515
635,16,118,680,952,272,16,16,578,578,0,0.0002382654276864427,0.0005786446100956465,595,735,140,4,4,4,4,5,794,454,253
636,38,38,790,790,0,36,36,747,747,0,0.0010211375472276116,0.0010211375472276116,813,813,0,-1,3,3,5,6,524,192,426
637,0,0,1,1,0,0,0,1,1,0,0.0,0.0,1,1,0,-1,-1,-1,4,2,675,431,819
638,0,102,1,916,915,0,7,1,394,393,0.0,0.0,1,1,0,4,-1,5,4,0,453,778,791
639,0,616,1,992,991,0,64,1,651,650,0.0,0.002484768031587188,1,899,898,2,-1,3,11,1,163,693,98
640,0,102,1,903,902,0,10,1,387,386,0.0,0.00010211375472276115,1,478,477,4,-1,5,6,0,451,880,501
641,0,0,1,1,0,0,0,1,1,0,0.0,0.0,1,1,0,-1,-1,-1,2,0,909,922,644
642,0,206,1,972,971,0,10,1,474,473,0.0,0.000442492937131965,1,691,690,3,-1,4,4,1,597,874,467
643,44,145,815,948,133,62,62,957,957,0,0.0023486163586235067,0.0023486163586235067,905,905,0,6,2,2,3,3,703,268,621
644,106,312,881,974,93,150,150,861,861,0,0.0014295925661186562,0.003914360597705844,846,941,95,3,3,3,15,13,45,261,13
645,0,101,1,919,918,0,5,1,332,331,0.0,0.0,1,1,0,6,-1,7,5,2,452,709,605
646,0,0,1,1,0,0,0,1,1,0,0.0,0.0,1,1,0,-1,-1,-1,13,1,165,747,887
647,1,1,333,333,0,2,2,333,333,0,3.4037918240920386e-05,3.4037918240920386e-05,403,403,0,-1,6,6,2,1,924,543,757
648,22,228,681,973,292,24,24,605,605,0,0.00088498587426393,0.0013274788113958951,797,847,50,3,4,4,4,7,671,224,145
649,83,185,922,976,54,38,38,914,914,0,0.002110350930937064,0.002212464685659825,890,897,7,4,3,3,3,23,902,117,315
650,12,12,631,631,0,18,18,668,668,0,0.0005105687736138058,0.0005105687736138058,713,713,0,-1,4,4,3,7,814,170,970
651,0,206,1,985,984,0,10,1,590,589,0.0,0.0031314884781646754,1,926,925,3,-1,4,3,0,668,358,14
652,33,135,801,950,149,18,18,635,635,0,0.0009530617107457708,0.0013955546478777359,815,857,42,4,4,4,3,9,627,294,413
653,0,0,1,1,0,0,0,1,1,0,0.0,0.0,1,1,0,-1,-1,-1,7,0,299,776,779
654,38,244,750,972,222,56,56,759,759,0,0.00088498587426393,0.0013615167296368155,790,838,48,3,3,3,6,6,378,192,439
655,6,212,408,952,544,20,30,413,473,60,3.4037918240920386e-05,0.0006467204465774873,400,733,333,3,4,4,9,1,269,899,630
656,218,320,962,976,14,76,76,865,865,0,0.003914360597705844,0.003948398515946765,944,946,2,4,3,3,6,38,157,111,441
657,0,206,1,970,969,0,13,1,527,526,0.0,0.0009870996289866913,1,815,814,3,-1,4,3,0,471,849,190
658,0,206,1,960,959,0,24,1,478,477,0.0,0.0007147962830593281,1,753,752,3,-1,4,8,1,383,554,172
659,24,125,868,987,119,12,12,869,869,0,0.0010211375472276116,0.0011232513019503727,836,846,10,5,4,4,2,14,955,243,481
660,68,68,867,867,0,24,24,708,708,0,0.0010892133837094523,0.0010892133837094523,826,826,0,-1,3,3,3,13,471,261,989
661,2,104,357,909,552,8,9,386,397,11,3.4037918240920386e-05,0.00010211375472276115,399,490,91,4,5,5,5,1,501,743,188
662,124,124,910,910,0,100,100,897,897,0,0.001599782157323258,0.001599782157323258,862,862,0,-1,3,3,9,20,389,71,228
663,118,219,945,976,31,32,32,917,917,0,0.0028591851322373124,0.002927260968719153,924,925,1,5,3,3,2,20,931,43,210
664,16,118,688,956,268,12,12,662,662,0,0.0005446066918547262,0.0007488342013002485,729,774,45,4,4,4,2,5,979,178,617
665,62,62,864,864,0,46,46,811,811,0,0.0013615167296368155,0.0013615167296368155,850,850,0,-1,3,3,6,14,594,146,834
666,0,102,1,935,934,0,4,1,403,402,0.0,0.0006807583648184077,1,768,767,4,-1,5,2,0,904,927,82
667,2,208,372,976,604,6,14,439,593,154,0.0,0.0004084550188910446,1,679,678,3,5,4,3,1,708,421,589
668,283,489,983,996,13,60,60,933,933,0,0.007726607440688927,0.010687906327649,973,984,11,3,3,3,5,78,629,9,77
669,0,101,1,924,923,0,4,1,330,329,0.0,3.4037918240920386e-05,1,393,392,5,-1,6,4,1,633,962,547
670,18,120,600,903,303,58,58,642,642,0,0.00034037918240920387,0.000442492937131965,645,674,29,4,3,3,10,2,125,22,552
671,26,232,818,987,169,18,18,714,714,0,0.0008509479560230097,0.006126825283365669,798,962,164,3,4,4,3,13,707,340,6
672,21,21,681,681,0,24,24,620,620,0,0.000442492937131965,0.000442492937131965,683,683,0,-1,4,4,4,5,622,216,801
673,0,101,1,876,875,0,13,1,332,331,0.0,3.4037918240920386e-05,1,401,400,5,-1,6,13,0,90,635,717
674,14,115,583,916,333,18,18,577,577,0,0.0005446066918547262,0.0007147962830593281,716,761,45,5,4,4,3,3,731,519,464
675,17,118,622,912,290,48,48,708,708,0,0.0002042275094455223,0.0002042275094455223,561,561,0,5,3,3,7,3,346,263,924
676,0,206,1,962,961,0,18,1,456,455,0.0,0.0006807583648184077,1,753,752,3,-1,4,7,0,156,823,355
677,0,616,1,998,997,0,22,1,745,744,0.0,0.005990673610401988,1,969,968,2,-1,3,2,0,971,929,135
678,0,0,1,1,0,0,0,1,1,0,0.0,0.0,1,1,0,-1,-1,-1,8,0,370,372,844
679,21,122,699,938,239,18,18,723,723,0,0.0007488342013002485,0.0007828721195411688,771,778,7,5,3,3,2,6,905,459,924
680,0,206,1,962,961,0,13,1,430,429,0.0,0.0002382654276864427,1,584,583,3,-1,4,5,1,426,428,350
681,42,144,811,942,131,30,30,695,695,0,0.0006807583648184077,0.0008509479560230097,761,791,30,4,3,3,4,9,870,391,466
682,5,107,394,896,502,17,17,395,395,0,0.0,6.807583648184077e-05,1,438,437,4,5,5,9,3,287,580,442
683,0,102,1,956,955,0,4,1,451,450,0.0,0.0006807583648184077,1,760,759,4,-1,5,2,0,974,740,354
684,16,222,497,947,450,188,192,811,817,6,0.0006467204465774873,0.0011913271384322134,740,828,88,3,3,3,21,1,3,80,303
685,4,106,536,973,437,3,4,425,521,96,6.807583648184077e-05,0.0014636304843595766,459,864,405,4,5,5,2,3,920,580,69
686,0,0,1,1,0,0,0,1,1,0,0.0,0.0,1,1,0,-1,-1,-1,3,0,899,587,728
687,6,6,415,415,0,42,42,602,602,0,0.00013615167296368154,0.00013615167296368154,514,514,0,-1,4,4,9,1,339,282,825
688,0,206,1,967,966,0,10,1,456,455,0.0,0.0006126825283365669,1,739,738,3,-1,4,3,0,687,686,234
689,2,103,388,961,573,4,4,439,439,0,6.807583648184077e-05,0.00010211375472276115,455,500,45,5,5,5,2,3,997,309,492
690,220,836,951,994,43,208,208,946,946,0,0.0028591851322373124,0.003812246842983083,918,936,18,2,2,2,14,30,108,65,326
691,2,104,357,915,558,8,10,389,418,29,0.0,0.00034037918240920387,1,656,655,4,5,5,5,1,396,878,343
692,0,206,1,950,949,0,22,1,416,415,0.0,0.0002723033459273631,1,603,602,3,-1,4,11,0,155,548,609
693,1152,1152,1000,1000,0,262,262,999,999,0,0.020695054290479593,0.020695054290479593,997,997,0,-1,2,2,11,157,379,2,431
694,2,2,379,379,0,5,5,416,416,0,3.4037918240920386e-05,3.4037918240920386e-05,405,405,0,-1,5,5,3,2,911,495,641
695,0,0,1,1,0,0,0,1,1,0,0.0,0.0,1,1,0,-1,-1,-1,15,0,102,954,883
696,0,1640,1,1000,999,0,44,1,914,913,0.0,0.026753803737363423,1,996,995,1,-1,2,4,0,827,865,799
697,8,214,516,970,454,17,21,471,516,45,6.807583648184077e-05,0.0004084550188910446,454,671,217,3,4,4,7,3,404,196,198
698,54,156,820,943,123,72,72,833,833,0,0.0010211375472276116,0.0014295925661186562,806,849,43,4,3,3,7,13,678,217,376
699,53,53,821,821,0,36,36,654,654,0,0.0009190237925048504,0.0009190237925048504,790,790,0,-1,4,4,6,17,255,131,620
700,32,134,822,964,142,12,12,655,655,0,0.0007488342013002485,0.0009530617107457708,774,806,32,4,4,4,2,12,817,172,453
701,0,616,1,998,997,0,22,1,745,744,0.0,0.0028932230504782326,1,926,925,2,-1,3,2,0,971,938,81
702,48,48,762,762,0,98,98,662,662,0,0.0007147962830593281,0.0007147962830593281,744,744,0,-1,3,3,16,9,151,414,787
703,8,110,523,919,396,18,18,586,586,0,0.0002723033459273631,0.00034037918240920387,612,651,39,4,4,4,3,2,490,700,711
704,62,62,830,830,0,76,76,813,813,0,0.0008169100377820892,0.0008169100377820892,762,762,0,-1,3,3,9,8,166,132,747
705,0,206,1,964,963,0,19,1,474,473,0.0,0.0005446066918547262,1,714,713,3,-1,4,6,0,498,794,316
706,0,102,1,931,930,0,5,1,369,368,0.0,0.0004084550188910446,1,680,679,4,-1,5,4,0,617,855,500
707,0,616,1,991,990,0,33,1,432,431,0.0,0.00088498587426393,1,775,774,2,-1,3,13,0,120,754,164
708,0,102,1,901,900,0,12,1,375,374,0.0,0.00013615167296368154,1,513,512,4,-1,5,8,0,420,574,247
709,0,102,1,888,887,0,10,1,350,349,0.0,0.0,1,1,0,4,-1,5,9,0,208,205,593
710,6,212,468,975,507,8,8,490,490,0,0.00010211375472276115,0.0006467204465774873,473,747,274,3,4,4,2,1,849,862,172
711,6,212,417,963,546,24,28,507,545,38,0.00017018959120460194,0.00034037918240920387,557,637,80,3,4,4,6,3,432,410,829
712,0,0,1,1,0,0,0,1,1,0,0.0,0.0,1,1,0,-1,-1,-1,10,0,152,959,954
713,0,102,1,956,955,0,4,1,450,449,0.0,0.00017018959120460194,1,550,549,4,-1,5,2,0,890,632,263
714,0,616,1,993,992,0,38,1,592,591,0.0,0.0024507301133462676,1,901,900,2,-1,3,8,0,302,890,39
715,6,108,444,927,483,20,20,596,596,0,0.0002042275094455223,0.0002382654276864427,574,592,18,4,4,4,4,1,740,360,601
716,24,125,643,901,258,50,50,558,558,0,6.807583648184077e-05,6.807583648184077e-05,443,443,0,5,3,3,12,3,184,385,935
717,0,0,1,1,0,0,0,1,1,0,0.0,0.0,1,1,0,-1,-1,-1,4,1,597,705,956
718,97,97,900,900,0,50,50,846,846,0,0.0019061234214915416,0.0019061234214915416,875,875,0,-1,3,3,5,17,487,79,858
719,4,105,478,951,473,4,4,492,492,0,0.00010211375472276115,0.00010211375472276115,487,487,0,7,5,5,2,2,821,586,344
720,34,34,746,746,0,48,48,670,670,0,0.0004084550188910446,0.0004084550188910446,678,678,0,-1,3,3,8,3,301,653,787
721,0,206,1,957,956,0,14,1,412,411,0.0,3.4037918240920386e-05,1,407,406,3,-1,4,6,1,378,920,285
722,38,38,670,670,0,220,220,792,792,0,0.0007147962830593281,0.0007147962830593281,748,748,0,-1,3,3,25,4,17,288,753
723,28,644,757,998,241,34,54,788,911,123,0.0007828721195411688,0.008407365805507334,782,978,196,2,3,3,4,4,313,407,6
724,104,206,869,929,60,362,362,888,888,0,0.0015317063208414173,0.0015657442390823377,848,849,1,4,3,3,36,10,16,227,602
725,0,616,1,990,989,0,54,1,599,598,0.0,0.0013955546478777359,1,850,849,2,-1,3,10,1,153,513,109
726,238,444,959,983,24,138,138,930,930,0,0.0035059055788147996,0.00439089145307873,936,953,17,3,2,2,9,30,101,65,137
727,0,206,1,980,979,0,14,1,667,666,0.0,0.010619830491167161,1,983,982,3,-1,4,3,0,984,457,2
728,0,101,1,915,914,0,4,1,332,331,0.0,6.807583648184077e-05,1,453,452,5,-1,6,4,0,453,811,842
729,14,115,607,929,322,26,26,615,615,0,0.00037441710065012424,0.000442492937131965,653,680,27,5,4,4,5,4,691,501,485
730,20,122,729,953,224,14,14,623,623,0,0.0004084550188910446,0.0008509479560230097,685,797,112,4,4,4,3,4,888,246,136
731,0,102,1,933,932,0,6,1,437,436,0.0,0.0002382654276864427,1,607,606,4,-1,5,3,0,857,620,266
732,103,204,908,960,52,48,48,676,676,0,0.001497668402600497,0.0015317063208414173,849,850,1,5,4,4,8,23,286,106,594
733,16,632,747,1000,253,12,22,720,889,169,0.0009870996289866913,0.009870996289866912,817,980,163,2,4,3,2,6,847,114,6
734,76,676,868,995,127,60,60,858,858,0,0.0015657442390823377,0.01058579257292624,857,982,125,2,3,3,5,9,555,277,23
735,0,206,1,964,963,0,13,1,443,442,0.0,0.0002382654276864427,1,584,583,3,-1,4,5,0,390,588,286
736,68,274,839,970,131,104,104,869,869,0,0.0012934408931549745,0.0016338200755641784,828,860,32,3,2,2,10,6,256,377,610
737,2,2,369,369,0,5,5,392,392,0,3.4037918240920386e-05,3.4037918240920386e-05,386,386,0,-1,5,5,3,1,615,879,907
738,0,101,1,873,872,0,16,1,331,330,0.0,0.0,1,1,0,5,-1,6,16,0,27,754,748
739,2,2,386,386,0,4,4,451,451,0,0.00010211375472276115,0.00010211375472276115,482,482,0,-1,5,5,2,2,890,648,821
740,20,20,632,632,0,88,88,817,817,0,0.0009190237925048504,0.0009190237925048504,783,783,0,-1,3,3,11,3,248,390,726
741,6,108,401,898,497,32,32,518,518,0,0.00013615167296368154,0.0002042275094455223,508,552,44,4,4,4,8,2,303,532,785
742,0,101,1,914,913,0,5,1,332,331,0.0,0.0,1,1,0,6,-1,7,5,0,692,817,656
743,12,12,573,573,0,16,16,517,517,0,0.00013615167296368154,0.00013615167296368154,515,515,0,-1,4,4,4,2,444,586,933
744,16,118,616,925,309,42,42,813,813,0,0.000442492937131965,0.0008169100377820892,678,779,101,4,3,3,5,1,457,404,184
745,40,40,759,759,0,58,58,692,692,0,0.00037441710065012424,0.00037441710065012424,666,666,0,-1,3,3,8,7,483,253,895
746,8,110,566,942,376,10,10,513,513,0,0.00010211375472276115,0.0002382654276864427,502,616,114,4,4,4,3,4,845,287,391
747,15,117,587,917,330,28,28,531,531,0,0.00017018959120460194,0.00017018959120460194,529,529,0,4,4,4,8,5,431,487,935
748,0,102,1,941,940,0,4,1,423,422,0.0,0.00030634126416828345,1,651,650,4,-1,5,2,0,817,921,199
749,0,0,1,1,0,0,0,1,1,0,0.0,0.0,1,1,0,-1,-1,-1,3,0,768,985,927
750,45,147,869,975,106,28,28,884,884,0,0.002280540522141666,0.002825147213996392,906,925,19,4,3,3,3,16,875,113,161
751,100,100,839,839,0,100,100,542,542,0,0.012696143503863304,0.012696143503863304,989,989,0,-1,1,1,22,35,18,57,960
752,57,57,833,833,0,48,48,698,698,0,0.0013274788113958951,0.0013274788113958951,833,833,0,-1,4,4,8,15,323,92,824
753,0,101,1,934,933,0,2,1,331,330,0.0,0.0,1,1,0,6,-1,7,2,0,733,976,640
754,161,161,962,962,0,54,54,935,935,0,0.00445896728956057,0.00445896728956057,948,948,0,-1,3,3,4,36,597,48,483
755,6,212,389,954,565,24,29,407,437,30,0.0,0.0002382654276864427,1,571,570,3,4,4,12,1,62,717,383
756,0,616,1,990,989,0,162,1,836,835,0.0,0.011675005956635693,1,983,982,2,-1,3,17,3,71,348,3
757,28,129,716,925,209,62,62,790,790,0,0.0007828721195411688,0.0007828721195411688,776,776,0,5,3,3,7,4,343,336,721
758,0,0,1,1,0,0,0,1,1,0,0.0,0.0,1,1,0,-1,-1,-1,16,0,59,936,228
759,99,99,865,865,0,208,208,940,940,0,0.002586881786309949,0.002586881786309949,906,906,0,-1,2,2,15,5,32,216,668
760,41,41,864,864,0,22,22,864,864,0,0.0013955546478777359,0.0013955546478777359,856,856,0,-1,3,3,2,12,878,99,768
761,153,769,929,997,68,120,120,899,899,0,0.0029612988869600733,0.006603356138738555,923,969,46,2,3,3,10,20,152,95,16
762,16,16,550,550,0,112,112,799,799,0,0.00017018959120460194,0.00017018959120460194,535,535,0,-1,3,3,15,1,138,168,489
763,2,2,379,379,0,4,4,383,383,0,0.0,0.0,1,1,0,-1,5,5,3,3,911,460,984
764,32,32,728,728,0,52,52,633,633,0,0.0004084550188910446,0.0004084550188910446,678,678,0,-1,3,3,9,8,202,521,920
765,0,206,1,972,971,0,10,1,469,468,0.0,0.0002382654276864427,1,596,595,3,-1,4,4,0,633,614,317
766,0,0,1,1,0,0,0,1,1,0,0.0,0.0,1,1,0,-1,-1,-1,4,0,735,834,684
767,0,102,1,926,925,0,6,1,361,360,0.0,0.00010211375472276115,1,489,488,4,-1,5,5,0,843,951,347
768,99,715,922,998,76,38,38,831,831,0,0.0026209197045508697,0.006569318220497634,910,971,61,2,3,3,3,20,680,87,8
769,0,206,1,956,955,0,30,1,589,588,0.0,0.0015657442390823377,1,862,861,3,-1,4,5,2,238,462,68
770,0,102,1,916,915,0,9,1,412,411,0.0,3.4037918240920386e-05,1,407,406,4,-1,5,5,0,570,712,681
771,8,8,502,502,0,20,20,457,457,0,0.00010211375472276115,0.00010211375472276115,487,487,0,-1,4,4,8,2,365,749,800
772,0,102,1,894,893,0,13,1,379,378,0.0,0.00013615167296368154,1,516,515,4,-1,5,9,3,250,746,307
773,1,103,332,931,599,3,5,332,389,57,0.0,6.807583648184077e-05,1,453,452,4,7,5,3,2,774,582,305
774,2,208,356,965,609,7,18,373,518,145,3.4037918240920386e-05,0.0007488342013002485,413,774,361,3,5,4,5,1,773,687,179
775,0,102,1,955,954,0,4,1,436,435,0.0,0.0005446066918547262,1,722,721,4,-1,5,2,0,967,894,296
776,24,125,718,942,224,32,32,751,751,0,0.0008509479560230097,0.0009190237925048504,790,802,12,5,3,3,5,3,533,351,602
777,0,0,1,1,0,0,0,1,1,0,0.0,0.0,1,1,0,-1,-1,-1,4,0,649,903,678
778,10,10,583,583,0,19,19,629,629,0,0.0005446066918547262,0.0005446066918547262,731,731,0,-1,4,4,4,3,777,236,769
779,6,108,421,900,479,16,16,438,438,0,0.0,0.0,1,1,0,4,4,4,7,1,335,334,627
780,2,208,361,973,612,6,22,362,556,194,0.0,0.0010211375472276116,1,815,814,3,5,4,5,2,616,656,84
781,64,680,851,997,146,66,80,921,952,31,0.0030634126416828346,0.007182000748834201,926,975,49,2,2,2,5,4,407,333,31
782,32,238,697,957,260,104,104,789,789,0,0.00037441710065012424,0.0009870996289866913,653,801,148,3,3,3,13,2,185,827,145
783,6,212,492,978,486,20,20,695,695,0,0.00013615167296368154,0.0007147962830593281,515,757,242,3,4,4,4,1,754,655,101
784,0,0,1,1,0,0,0,1,1,0,0.0,0.0,1,1,0,-1,-1,-1,8,0,371,488,779
785,77,77,850,850,0,74,74,767,767,0,0.0006807583648184077,0.0006807583648184077,744,744,0,-1,3,3,9,17,306,327,963
786,10,112,511,896,385,30,30,445,445,0,0.0002042275094455223,0.0002042275094455223,566,566,0,4,4,4,12,4,222,581,506
787,2,2,395,395,0,4,4,470,470,0,3.4037918240920386e-05,3.4037918240920386e-05,412,412,0,-1,5,5,2,1,866,853,725
788,40,40,699,699,0,116,116,713,713,0,0.00034037918240920387,0.00034037918240920387,643,643,0,-1,3,3,18,5,86,178,483
789,246,348,966,979,13,152,152,942,942,0,0.005071649817897137,0.00527587732734266,949,952,3,4,3,3,12,36,219,48,500
790,32,32,690,690,0,70,70,642,642,0,0.0002723033459273631,0.0002723033459273631,604,604,0,-1,3,3,12,8,252,417,782
791,2,208,353,968,615,7,12,380,438,58,0.0,0.000442492937131965,1,683,682,3,5,4,4,1,540,577,154
792,12,12,555,555,0,20,20,543,543,0,0.0002723033459273631,0.0002723033459273631,609,609,0,-1,4,4,4,3,671,505,902
793,6,108,424,897,473,22,22,452,452,0,3.4037918240920386e-05,0.0007488342013002485,397,762,365,4,4,4,9,2,289,419,67
794,101,203,922,969,47,90,90,962,962,0,0.004152626025392287,0.00439089145307873,945,946,1,4,2,2,6,13,494,183,263
795,20,20,707,707,0,20,20,742,742,0,0.00030634126416828345,0.00030634126416828345,636,636,0,-1,3,3,3,7,882,451,731
796,6,6,463,463,0,8,8,478,478,0,0.00013615167296368154,0.00013615167296368154,530,530,0,-1,4,4,2,1,931,661,571
797,0,0,1,1,0,0,0,1,1,0,0.0,0.0,1,1,0,-1,-1,-1,2,0,937,855,643
798,99,201,891,962,71,76,76,891,891,0,0.0015657442390823377,0.001599782157323258,862,865,3,4,3,3,6,17,470,327,602
799,87,189,907,971,64,38,38,842,842,0,0.002110350930937064,0.0021784267674189047,894,895,1,4,3,3,3,17,484,45,689
800,43,43,855,855,0,22,22,824,824,0,0.0015317063208414173,0.0015317063208414173,873,873,0,-1,3,3,2,10,964,227,883
801,2,208,363,973,610,8,12,452,491,39,0.0005105687736138058,0.0011913271384322134,711,827,116,3,5,4,4,1,767,500,195
802,0,0,1,1,0,0,0,1,1,0,0.0,0.0,1,1,0,-1,-1,-1,3,0,836,826,205
803,22,228,694,971,277,30,30,692,692,0,0.0006126825283365669,0.0018380475850097008,737,876,139,3,4,4,5,6,478,289,213
804,0,102,1,917,916,0,5,1,364,363,0.0,3.4037918240920386e-05,1,397,396,4,-1,5,4,1,675,456,719
805,114,216,928,973,45,28,28,738,738,0,0.0026889955410327104,0.0042547397801150485,908,949,41,4,3,3,3,28,989,44,128
806,24,126,679,919,240,24,24,521,521,0,0.0005446066918547262,0.0005446066918547262,722,722,0,4,4,4,6,7,255,396,873
807,0,102,1,946,945,0,3,1,368,367,0.0,0.0012934408931549745,1,845,844,4,-1,5,2,0,988,889,78
808,80,80,915,915,0,42,42,976,976,0,0.0045270431260424114,0.0045270431260424114,957,957,0,-1,2,2,2,18,283,148,985
809,82,288,841,970,129,118,118,784,784,0,0.0008169100377820892,0.00088498587426393,769,779,10,3,3,3,13,7,165,150,384
810,0,102,1,904,903,0,7,1,360,359,0.0,0.0,1,1,0,4,-1,5,6,0,345,726,547
811,1,207,332,967,635,4,11,332,440,108,0.0,0.0002723033459273631,1,602,601,3,6,4,4,2,887,721,354
812,18,18,578,578,0,122,122,784,784,0,0.0009870996289866913,0.0009870996289866913,803,803,0,-1,3,3,15,3,104,299,573
813,0,616,1,998,997,0,23,1,725,724,0.0,0.001497668402600497,1,858,857,2,-1,3,3,0,585,695,667
814,80,80,825,825,0,238,238,915,915,0,0.0015657442390823377,0.0015657442390823377,856,856,0,-1,2,2,19,6,46,471,693
815,58,160,821,937,116,50,50,774,774,0,0.0009530617107457708,0.0009870996289866913,801,807,6,4,3,3,5,9,496,242,518
816,0,0,1,1,0,0,0,1,1,0,0.0,0.0,1,1,0,-1,-1,-1,2,0,749,811,715
817,0,616,1,991,990,0,70,1,670,669,0.0,0.003165526396405596,1,925,924,2,-1,3,11,0,279,950,33
818,6,6,515,515,0,8,8,544,544,0,0.0002382654276864427,0.0002382654276864427,603,603,0,-1,4,4,3,1,707,265,905
819,6,108,465,939,474,16,16,580,580,0,6.807583648184077e-05,0.0002042275094455223,450,566,116,4,4,4,4,3,603,309,197
820,60,676,844,997,153,54,64,876,942,66,0.002757071377514551,0.003982436434187685,917,944,27,2,2,2,4,9,822,198,249
821,40,656,798,997,199,38,38,840,840,0,0.001055175465468532,0.00793083495013445,818,975,157,2,3,3,3,6,927,234,16
822,16,16,572,572,0,42,42,592,592,0,0.0002723033459273631,0.0002723033459273631,608,608,0,-1,3,3,8,1,434,869,905
823,33,33,786,786,0,36,36,678,678,0,0.0005105687736138058,0.0005105687736138058,710,710,0,-1,4,4,6,11,253,52,941
824,28,129,745,936,191,28,28,679,679,0,0.0009530617107457708,0.0009530617107457708,807,807,0,8,3,3,5,7,478,303,765
825,22,123,650,913,263,48,48,646,646,0,0.00013615167296368154,0.00017018959120460194,509,539,30,5,3,3,9,2,315,468,265
826,0,0,1,1,0,0,0,1,1,0,0.0,0.0,1,1,0,-1,-1,-1,9,1,287,835,752
827,10,216,628,981,353,8,12,539,720,181,0.00037441710065012424,0.004731270635487933,675,952,277,3,4,4,2,5,760,688,111
828,26,232,734,972,238,40,40,776,776,0,0.0006126825283365669,0.002212464685659825,741,892,151,3,3,3,5,6,551,490,203
829,35,137,825,965,140,12,12,645,645,0,0.0006807583648184077,0.0009870996289866913,760,806,46,4,4,4,2,17,980,131,284
830,86,86,867,867,0,84,84,843,843,0,0.001497668402600497,0.001497668402600497,849,849,0,-1,3,3,9,13,422,335,276
831,232,438,979,992,13,62,62,973,973,0,0.009190237925048503,0.009292351679771264,983,983,0,3,2,2,3,50,583,33,378
832,42,658,808,997,189,34,44,727,827,100,0.0011913271384322134,0.005684332346233704,836,964,128,2,3,3,4,8,354,250,126
833,26,26,717,717,0,34,34,636,636,0,0.0002042275094455223,0.0002042275094455223,570,570,0,-1,3,3,6,4,345,380,892
834,16,16,679,679,0,22,22,831,831,0,0.001157289220191293,0.001157289220191293,838,838,0,-1,3,3,2,1,957,612,900
835,2,103,372,954,582,4,4,446,446,0,3.4037918240920386e-05,0.00010211375472276115,404,501,97,5,5,5,2,3,806,321,704
836,0,206,1,951,950,0,29,1,491,490,0.0,0.0016678579938050988,1,860,859,3,-1,4,9,1,414,789,94
837,0,101,1,886,885,0,9,1,332,331,0.0,0.00010211375472276115,1,483,482,5,-1,6,9,0,327,740,311
838,23,23,697,697,0,50,50,806,806,0,0.0006467204465774873,0.0006467204465774873,753,753,0,-1,3,3,5,3,501,438,792
839,14,115,570,914,344,32,32,538,538,0,0.0002382654276864427,0.0002723033459273631,590,617,27,5,4,4,8,5,301,688,606
840,28,234,712,969,257,40,44,650,672,22,0.0002042275094455223,0.002280540522141666,578,897,319,3,3,3,7,5,329,688,123
841,62,62,849,849,0,56,56,868,868,0,0.0012253650566731338,0.0012253650566731338,835,835,0,-1,3,3,5,6,479,658,830
842,29,29,751,751,0,16,16,517,517,0,0.0006467204465774873,0.0006467204465774873,758,758,0,-1,4,4,4,10,444,413,367
843,0,101,1,905,904,0,4,1,331,330,0.0,0.0,1,1,0,5,-1,6,4,0,500,388,364
844,0,0,1,1,0,0,0,1,1,0,0.0,0.0,1,1,0,-1,-1,-1,22,1,33,830,828
845,36,138,718,912,194,88,88,638,638,0,0.0007147962830593281,0.0007147962830593281,746,746,0,4,4,4,16,9,78,198,717
846,0,101,1,886,885,0,14,1,332,331,0.0,0.0,1,1,0,5,-1,6,14,0,79,985,503
847,6,108,406,888,482,16,17,403,416,13,3.4037918240920386e-05,3.4037918240920386e-05,400,400,0,4,4,4,8,1,218,853,434
848,0,102,1,901,900,0,8,1,356,355,0.0,0.00010211375472276115,1,491,490,4,-1,5,7,0,273,881,360
849,0,206,1,958,957,0,28,1,492,491,0.0,0.0004084550188910446,1,662,661,3,-1,4,9,0,389,674,165
850,29,1669,690,1000,310,110,164,830,950,120,0.0014295925661186562,0.021750229755948126,848,994,146,1,3,2,10,4,285,125,37
851,0,102,1,879,878,0,17,1,386,385,0.0,0.00013615167296368154,1,514,513,4,-1,5,10,0,298,961,287
852,6,6,506,506,0,12,12,627,627,0,0.0002382654276864427,0.0002382654276864427,615,615,0,-1,4,4,2,1,820,282,271
853,0,206,1,969,968,0,11,1,457,456,0.0,0.0002382654276864427,1,589,588,3,-1,4,4,0,783,813,230
854,205,307,975,986,11,38,38,895,895,0,0.005616256509751864,0.006058749446883829,963,969,6,4,3,3,3,50,901,33,257
855,149,355,918,973,55,226,226,933,933,0,0.002212464685659825,0.002382654276864427,887,894,7,3,2,2,17,19,63,297,648
856,0,102,1,921,920,0,7,1,395,394,0.0,0.0004765308553728854,1,707,706,4,-1,5,4,0,504,821,295
857,100,100,892,892,0,100,100,932,932,0,0.02464345280642636,0.02464345280642636,996,996,0,5,1,1,7,30,156,65,437
858,2,2,356,356,0,8,8,357,357,0,6.807583648184077e-05,6.807583648184077e-05,445,445,0,-1,5,5,7,1,329,896,457
859,80,80,917,917,0,22,22,837,837,0,0.0019061234214915416,0.0019061234214915416,882,882,0,-1,3,3,2,24,979,129,832
860,62,163,860,957,97,64,64,931,931,0,0.0017018959120460194,0.0017018959120460194,867,867,0,5,2,2,5,3,551,616,595
861,0,101,1,915,914,0,4,1,329,328,0.0,0.00013615167296368154,1,519,518,5,-1,6,4,0,513,898,442
862,67,273,895,985,90,12,12,583,583,0,0.0015657442390823377,0.0020422750944552232,873,896,23,3,4,4,2,18,689,54,134
863,75,75,881,881,0,56,56,854,854,0,0.0020082371762143027,0.0020082371762143027,890,890,0,-1,3,3,6,14,494,146,641
864,2,2,363,363,0,3,3,366,366,0,0.0,0.0,1,1,0,-1,5,5,2,2,816,509,938
865,31,133,795,957,162,14,14,627,627,0,0.00088498587426393,0.00088498587426393,793,793,0,4,4,4,3,12,856,179,274
866,499,499,989,989,0,158,158,982,982,0,0.010245413390517035,0.010245413390517035,978,978,0,-1,2,2,9,78,315,9,737
867,91,91,908,908,0,44,44,885,885,0,0.002110350930937064,0.002110350930937064,894,894,0,-1,3,3,4,20,673,71,643
868,6,1646,429,1000,571,22,84,568,954,386,0.00010211375472276115,0.028217434221723,482,995,513,1,4,2,5,1,561,661,23
869,0,0,1,1,0,0,0,1,1,0,0.0,0.0,1,1,0,-1,-1,-1,22,0,22,614,696
870,6,107,388,878,490,64,64,558,558,0,0.0002382654276864427,0.0002382654276864427,591,591,0,5,4,4,14,4,85,409,421
871,0,206,1,964,963,0,18,1,490,489,0.0,0.001055175465468532,1,813,812,3,-1,4,5,0,390,359,243
872,0,206,1,982,981,0,10,1,543,542,0.0,0.0007488342013002485,1,779,778,3,-1,4,3,0,608,774,327
873,0,1640,1,1000,999,0,108,1,803,802,0.0,0.011402702610708328,1,978,977,1,-1,2,12,0,106,804,50
874,6,108,419,916,497,26,26,524,524,0,0.0,3.4037918240920386e-05,1,407,406,4,4,4,7,3,141,321,577
875,10,10,560,560,0,14,14,442,442,0,6.807583648184077e-05,6.807583648184077e-05,444,444,0,-1,4,4,6,3,582,311,979
876,22,228,694,974,280,30,30,692,692,0,0.0005446066918547262,0.0015317063208414173,727,861,134,3,4,4,5,6,565,192,490
877,0,0,1,1,0,0,0,1,1,0,0.0,0.0,1,1,0,-1,-1,-1,2,0,975,751,747
878,40,246,778,970,192,88,88,870,870,0,0.0011232513019503727,0.0015317063208414173,820,851,31,3,3,3,8,6,499,234,198
879,12,218,529,958,429,54,54,652,652,0,0.0007488342013002485,0.0009190237925048504,760,788,28,3,4,4,9,5,327,535,323
880,0,206,1,957,956,0,16,1,419,418,0.0,6.807583648184077e-05,1,466,465,3,-1,4,7,0,179,859,369
881,0,102,1,942,941,0,3,1,375,374,0.0,6.807583648184077e-05,1,457,456,4,-1,5,2,0,771,433,526
882,7,7,496,496,0,22,22,467,467,0,3.4037918240920386e-05,3.4037918240920386e-05,404,404,0,-1,4,4,8,3,257,373,819
883,2,618,353,995,642,11,68,375,791,416,0.0,0.007284114503556962,1,973,972,2,5,3,8,1,282,601,24
884,40,656,737,993,256,128,138,852,882,30,0.0007147962830593281,0.0022465026039007454,740,891,151,2,3,3,15,6,110,381,62
885,89,295,907,983,76,50,50,922,922,0,0.0012253650566731338,0.0020422750944552232,839,888,49,3,3,3,4,15,682,53,497
886,0,101,1,887,886,0,7,1,332,331,0.0,0.0,1,1,0,7,-1,8,7,0,299,564,448
887,145,351,928,978,50,146,146,920,920,0,0.003267640151128357,0.003982436434187685,928,945,17,3,2,2,12,15,375,153,92
888,364,466,989,992,3,72,72,965,965,0,0.009496579189216788,0.009632730862180468,984,984,0,4,2,2,3,81,834,32,637
889,0,0,1,1,0,0,0,1,1,0,0.0,0.0,1,1,0,-1,-1,-1,2,0,954,569,968
890,626,832,992,998,6,246,246,998,998,0,0.013479015623404473,0.013819394805813677,982,982,0,3,2,2,10,78,241,9,387
891,15,116,635,936,301,14,14,543,543,0,0.0002042275094455223,0.0002042275094455223,583,583,0,5,4,4,3,4,746,164,402
892,95,197,910,972,62,38,38,886,886,0,0.0018720855032506212,0.0018720855032506212,880,880,0,4,3,3,3,19,855,297,598
893,0,1640,1,1000,999,0,45,1,842,841,0.0,0.021852343510670887,1,993,992,1,-1,2,5,0,476,995,534
894,20,122,712,946,234,8,8,481,481,0,0.0002042275094455223,0.0002382654276864427,582,608,26,4,4,4,2,4,589,259,373
895,16,16,647,647,0,24,24,736,736,0,0.0008509479560230097,0.0008509479560230097,799,799,0,-1,3,3,3,1,780,500,641
896,16,16,556,556,0,50,50,603,603,0,0.00030634126416828345,0.00030634126416828345,631,631,0,-1,4,4,9,6,159,107,769
897,12,12,525,525,0,32,32,481,481,0,6.807583648184077e-05,6.807583648184077e-05,448,448,0,-1,4,4,10,3,99,361,849
898,0,0,1,1,0,0,0,1,1,0,0.0,0.0,1,1,0,-1,-1,-1,2,0,954,716,822
899,6,622,459,997,538,22,40,603,803,200,0.0002723033459273631,0.006637394056979475,624,969,345,2,4,3,5,3,843,260,18
900,0,102,1,964,963,0,3,1,397,396,0.0,0.00034037918240920387,1,663,662,4,-1,5,2,0,810,919,103
901,18,18,613,613,0,38,38,613,613,0,0.0004084550188910446,0.0004084550188910446,660,660,0,-1,4,4,7,4,472,637,614
902,0,101,1,942,941,0,3,1,331,330,0.0,0.0,1,1,0,6,-1,7,3,0,693,856,374
903,63,63,804,804,0,170,170,903,903,0,0.0019061234214915416,0.0019061234214915416,861,861,0,-1,2,2,15,4,102,125,937
904,119,119,879,879,0,202,202,789,789,0,0.0013615167296368155,0.0013615167296368155,843,843,0,-1,3,3,22,17,18,226,844
905,86,86,892,892,0,52,52,946,946,0,0.002552843868069029,0.002552843868069029,914,914,0,-1,2,2,3,14,725,243,859
906,115,321,921,980,59,100,100,942,942,0,0.003369753905851118,0.0034718676605738795,933,935,2,3,2,2,6,17,526,85,168
907,21,21,636,636,0,52,52,616,616,0,0.00037441710065012424,0.00037441710065012424,648,648,0,-1,4,4,10,6,254,199,871
908,14,630,628,998,370,15,30,568,761,193,0.00013615167296368154,0.0068075836481840775,521,971,450,2,4,3,4,4,610,220,70
909,2,208,373,979,606,4,12,418,630,212,0.00010211375472276115,0.0009190237925048504,502,810,308,3,5,4,2,1,776,931,106
910,0,0,1,1,0,0,0,1,1,0,0.0,0.0,1,1,0,-1,-1,-1,2,0,932,930,838
911,8,8,483,483,0,58,58,614,614,0,0.00017018959120460194,0.00017018959120460194,540,540,0,-1,4,4,11,3,220,505,890
912,46,252,862,983,121,12,12,632,632,0,0.0018040096667687805,0.004833384390210695,879,952,73,3,4,4,2,18,919,63,102
913,0,0,1,1,0,0,0,1,1,0,0.0,0.0,1,1,0,-1,-1,-1,14,0,21,774,875
914,14,14,554,554,0,24,24,431,431,0,0.00010211375472276115,0.00010211375472276115,484,484,0,-1,4,4,10,4,204,398,433
915,0,0,1,1,0,0,0,1,1,0,0.0,0.0,1,1,0,-1,-1,-1,7,1,171,830,726
916,22,124,586,888,302,126,126,703,703,0,0.0002042275094455223,0.0002042275094455223,557,557,0,4,3,3,19,4,36,551,265
917,0,102,1,946,945,0,6,1,441,440,0.0,0.0002382654276864427,1,603,602,4,-1,5,3,0,600,871,619
918,0,0,1,1,0,0,0,1,1,0,0.0,0.0,1,1,0,-1,-1,-1,5,0,326,758,933
919,12,12,630,630,0,8,8,488,488,0,0.00030634126416828345,0.00030634126416828345,646,646,0,-1,4,4,2,3,586,795,942
920,0,101,1,902,901,0,6,1,331,330,0.0,0.0,1,1,0,5,-1,6,6,0,624,643,595
921,469,675,987,993,6,182,182,991,991,0,0.011709043874876613,0.0123557643214541,980,980,0,3,2,2,9,69,315,12,288
922,0,206,1,957,956,0,24,1,506,505,0.0,0.0005786446100956465,1,730,729,3,-1,4,6,2,378,709,242
923,28,28,646,646,0,144,144,858,858,0,0.001055175465468532,0.001055175465468532,800,800,0,-1,3,3,14,3,181,642,954
924,4,105,512,960,448,4,4,453,453,0,3.4037918240920386e-05,6.807583648184077e-05,408,464,56,6,5,5,2,3,847,311,603
925,22,124,682,929,247,32,32,631,631,0,0.00030634126416828345,0.0006126825283365669,624,739,115,4,3,3,7,3,404,795,346
926,18,224,598,951,353,45,53,539,570,31,0.00013615167296368154,0.0007147962830593281,507,757,250,3,3,3,12,2,222,499,170
927,0,101,1,950,949,0,2,1,330,329,0.0,0.00013615167296368154,1,517,516,5,-1,6,2,0,821,977,383
928,17,118,673,940,267,26,26,679,679,0,0.0005446066918547262,0.0005446066918547262,728,728,0,6,4,4,5,5,685,216,357
929,0,0,1,1,0,0,0,1,1,0,0.0,0.0,1,1,0,-1,-1,-1,5,0,435,803,889
930,0,616,1,995,994,0,36,1,713,712,0.0,0.004220701861874128,1,953,952,2,-1,3,5,0,311,864,20
931,2,618,417,1000,583,4,18,508,930,422,0.00037441710065012424,0.009905034208107831,685,982,297,2,5,3,2,2,944,482,50
932,226,432,963,982,19,130,130,927,927,0,0.003369753905851118,0.003710133088260322,930,937,7,3,3,3,10,28,259,41,328
933,1,1,333,333,0,5,5,333,333,0,0.0,0.0,1,1,0,-1,6,6,5,2,464,663,673
934,0,0,1,1,0,0,0,1,1,0,0.0,0.0,1,1,0,-1,-1,-1,2,0,771,856,970
935,11,217,595,977,382,10,14,500,563,63,0.0002723033459273631,0.0007828721195411688,616,779,163,3,4,4,3,6,579,613,501
936,4,210,420,964,544,9,14,398,452,54,6.807583648184077e-05,0.0007828721195411688,456,777,321,3,5,4,5,5,501,401,415
937,0,0,1,1,0,0,0,1,1,0,0.0,0.0,1,1,0,-1,-1,-1,7,0,299,855,903
938,36,242,798,977,179,18,18,618,618,0,0.0006467204465774873,0.0012934408931549745,751,840,89,3,4,4,3,10,585,366,90
939,0,0,1,1,0,0,0,1,1,0,0.0,0.0,1,1,0,-1,-1,-1,5,0,677,825,994
940,0,102,1,934,933,0,7,1,362,361,0.0,0.00010211375472276115,1,492,491,4,-1,5,6,0,529,944,505
941,6,6,439,439,0,11,11,443,443,0,3.4037918240920386e-05,3.4037918240920386e-05,401,401,0,-1,4,4,4,1,572,463,456
942,0,102,1,906,905,0,7,1,394,393,0.0,6.807583648184077e-05,1,447,446,4,-1,5,4,0,391,845,710
943,6,6,480,480,0,12,12,651,651,0,0.0004084550188910446,0.0004084550188910446,691,691,0,-1,4,4,2,1,881,439,668
944,6,6,417,417,0,34,34,541,541,0,0.00013615167296368154,0.00013615167296368154,521,521,0,-1,4,4,9,1,177,609,705
945,14,220,687,982,295,8,12,544,663,119,0.0002723033459273631,0.0012594029749140542,640,847,207,3,4,4,2,5,781,182,630
946,0,0,1,1,0,0,0,1,1,0,0.0,0.0,1,1,0,-1,-1,-1,2,0,965,773,894
947,176,278,935,969,34,132,132,956,956,0,0.0028932230504782326,0.002927260968719153,920,920,0,4,2,2,8,18,411,82,463
948,113,113,937,937,0,38,38,881,881,0,0.003982436434187685,0.003982436434187685,949,949,0,-1,3,3,3,29,864,142,772
949,41,143,791,935,144,36,36,681,681,0,0.0006126825283365669,0.0007488342013002485,739,774,35,4,3,3,5,9,347,240,369
950,68,684,833,992,159,94,118,821,912,91,0.0009870996289866913,0.007250076585316042,797,966,169,2,3,3,11,9,174,245,9
951,0,101,1,935,934,0,3,1,331,330,0.0,0.00013615167296368154,1,525,524,5,-1,6,3,0,433,644,691
952,133,749,924,996,72,96,116,919,956,37,0.0017018959120460194,0.008066986623098132,876,976,100,2,2,2,7,20,714,189,28
953,23,23,709,709,0,20,20,574,574,0,0.000442492937131965,0.000442492937131965,699,699,0,-1,4,4,4,7,917,329,947
954,76,76,867,867,0,74,74,945,945,0,0.002144388849177984,0.002144388849177984,894,894,0,-1,2,2,5,6,677,658,611
955,0,0,1,1,0,0,0,1,1,0,0.0,0.0,1,1,0,-1,-1,-1,4,0,619,845,539
956,0,616,1,999,998,0,22,1,830,829,0.0,0.012083460975526737,1,987,986,2,-1,3,2,1,957,513,2
957,10,216,553,972,419,18,18,515,515,0,0.00010211375472276115,0.0002042275094455223,477,567,90,3,4,4,5,7,290,451,628
958,123,329,920,976,56,72,72,862,862,0,0.0017359338302869397,0.0018380475850097008,875,878,3,3,3,3,7,23,413,106,325
959,44,44,739,739,0,112,112,694,694,0,0.0007828721195411688,0.0007828721195411688,758,758,0,-1,3,3,18,4,34,333,678
960,20,226,638,963,325,56,56,716,716,0,0.0005786446100956465,0.001157289220191293,717,820,103,3,3,3,9,3,339,268,559
961,238,339,976,983,7,60,60,902,902,0,0.00527587732734266,0.00527587732734266,963,963,0,5,3,3,5,45,669,77,763
962,6,212,390,946,556,56,60,529,543,14,0.00010211375472276115,0.0005446066918547262,476,706,230,3,4,4,14,1,332,891,381
963,0,101,1,892,891,0,7,1,331,330,0.0,0.0,1,1,0,8,-1,9,7,0,331,498,626
964,119,221,957,980,23,32,32,936,936,0,0.004561081044283332,0.004969536063174376,956,960,4,4,3,3,2,31,817,126,249
965,0,206,1,937,936,0,37,1,384,383,0.0,0.0002723033459273631,1,605,604,3,-1,4,19,0,14,786,176
966,6,108,495,951,456,8,8,525,525,0,0.00013615167296368154,0.00013615167296368154,514,514,0,4,4,4,2,2,841,493,361
967,22,124,663,926,263,44,44,685,685,0,0.0005446066918547262,0.0007488342013002485,721,772,51,4,3,3,7,2,320,475,307
968,36,36,709,709,0,134,134,831,831,0,0.0009190237925048504,0.0009190237925048504,777,777,0,-1,3,3,14,6,130,114,866
969,0,0,1,1,0,0,0,1,1,0,0.0,0.0,1,1,0,-1,-1,-1,2,0,893,912,554
970,0,0,1,1,0,0,0,1,1,0,0.0,0.0,1,1,0,-1,-1,-1,3,0,845,426,852
971,0,616,1,987,986,0,57,1,492,491,0.0,0.000442492937131965,1,663,662,2,-1,3,17,0,63,783,167
972,8,8,525,525,0,18,18,514,514,0,0.0002042275094455223,0.0002042275094455223,573,573,0,-1,4,4,5,4,604,239,632
973,0,0,1,1,0,0,0,1,1,0,0.0,0.0,1,1,0,-1,-1,-1,3,0,485,917,846
974,2,103,376,948,572,6,6,439,439,0,6.807583648184077e-05,6.807583648184077e-05,456,456,0,5,5,5,3,2,718,652,499
975,8,110,542,931,389,12,12,490,490,0,6.807583648184077e-05,0.00034037918240920387,448,658,210,4,4,4,4,2,631,791,521
976,6,212,398,950,552,60,64,550,561,11,3.4037918240920386e-05,0.0016678579938050988,387,859,472,3,4,4,14,2,172,544,127
977,0,0,1,1,0,0,0,1,1,0,0.0,0.0,1,1,0,-1,-1,-1,2,0,781,330,686
978,6,212,449,968,519,18,30,533,695,162,0.00017018959120460194,0.005037611899656217,545,955,410,3,4,4,5,2,551,648,5
979,15,116,631,933,302,12,12,479,479,0,0.00017018959120460194,0.00017018959120460194,544,544,0,5,4,4,4,6,313,229,547
980,74,280,835,969,134,72,72,675,675,0,0.0010892133837094523,0.0014295925661186562,812,840,28,3,3,3,11,11,139,166,480
981,0,616,1,997,996,0,28,1,744,743,0.0,0.008066986623098132,1,976,975,2,-1,3,3,0,726,796,1
982,6,108,398,885,487,27,32,398,419,21,3.4037918240920386e-05,0.00017018959120460194,406,545,139,4,4,4,15,1,95,601,202
983,24,230,640,959,319,164,164,869,869,0,0.0010211375472276116,0.001157289220191293,797,813,16,3,3,3,18,3,29,103,110
984,1,102,332,924,592,4,4,332,332,0,3.4037918240920386e-05,0.00010211375472276115,402,479,77,6,6,6,4,1,511,893,694
985,0,0,1,1,0,0,0,1,1,0,0.0,0.0,1,1,0,-1,-1,-1,2,0,469,433,611
986,0,0,1,1,0,0,0,1,1,0,0.0,0.0,1,1,0,-1,-1,-1,21,0,1,996,940
987,8,109,523,927,404,12,12,462,462,0,3.4037918240920386e-05,3.4037918240920386e-05,401,401,0,7,4,4,4,3,700,585,703
988,0,206,1,963,962,0,12,1,411,410,0.0,0.00010211375472276115,1,491,490,3,-1,4,7,0,477,988,592
989,0,206,1,956,955,0,38,1,541,540,0.0,0.0014636304843595766,1,850,849,3,-1,4,9,0,306,769,61
990,0,0,1,1,0,0,0,1,1,0,0.0,0.0,1,1,0,-1,-1,-1,10,1,259,583,674
991,55,55,769,769,0,134,134,719,719,0,0.0004765308553728854,0.0004765308553728854,684,684,0,-1,3,3,21,9,2,211,787
992,0,102,1,926,925,0,7,1,372,371,0.0,0.00013615167296368154,1,533,532,4,-1,5,5,0,795,850,392
993,16,117,624,926,302,28,28,662,662,0,0.0004084550188910446,0.0004084550188910446,671,671,0,5,3,3,5,2,724,652,373
994,24,24,734,734,0,42,42,777,777,0,0.0008509479560230097,0.0008509479560230097,788,788,0,-1,3,3,6,4,661,407,698
995,0,102,1,897,896,0,8,1,366,365,0.0,3.4037918240920386e-05,1,391,390,4,-1,5,6,0,473,981,244
996,0,102,1,880,879,0,14,1,350,349,0.0,3.4037918240920386e-05,1,400,399,4,-1,5,13,0,129,984,292
997,0,0,1,1,0,0,0,1,1,0,0.0,0.0,1,1,0,-1,-1,-1,3,0,471,823,947
998,155,361,908,976,68,198,198,843,843,0,0.002382654276864427,0.003914360597705844,894,940,46,3,3,3,21,19,1,91,141
999,67,67,863,863,0,54,54,880,880,0,0.001497668402600497,0.001497668402600497,854,854,0,-1,3,3,4,14,445,190,994
