,FreeNet_pre_score,FreeNet_post_score,FreeNet_pre_rank,FreeNet_post_rank,FreeNet_delta_ranks,Reversed_pre_score,Reversed_post_score,Reversed_pre_rank,Reversed_post_rank,Reversed_delta_ranks,Random_pre_score,Random_post_score,Random_pre_rank,Random_post_rank,Random_delta_ranks,dist_victim_relayer,dist_victim_vilain_pre,dist_victim_vilain_post,out_deg_victim,in_deg_villain,victim,villain,relayer
0,66,66,863,863,0,38,38,857,857,0,0.0018720855032506212,0.0018720855032506212,884,884,0,-1,3,3,3,12,471,99,897
1,46,148,817,946,129,66,66,864,864,0,0.0013615167296368155,0.0019741992579733825,847,881,34,4,3,3,6,7,451,224,154
2,93,195,879,957,78,52,52,770,770,0,0.0014636304843595766,0.0020082371762143027,856,887,31,4,3,3,6,19,630,59,559
3,1,207,333,948,615,11,20,333,390,57,0.0,0.0002382654276864427,1,581,580,3,6,4,11,2,163,448,688
4,130,231,917,963,46,134,134,942,942,0,0.0018720855032506212,0.0018720855032506212,878,878,0,6,2,2,10,13,409,261,656
5,2,104,355,903,548,14,14,410,410,0,3.4037918240920386e-05,0.00013615167296368154,399,514,115,4,5,5,7,2,450,597,323
6,0,101,1,865,864,0,23,1,330,329,0.0,0.0,1,1,0,5,-1,6,23,1,8,949,540
7,102,308,941,990,49,24,24,807,807,0,0.0019061234214915416,0.004493005207801491,886,953,67,3,3,3,3,34,879,89,88
8,21,123,783,962,179,12,12,658,658,0,0.000442492937131965,0.0005105687736138058,708,729,21,4,4,4,2,11,897,162,363
9,0,102,1,883,882,0,22,1,383,382,0.0,0.00017018959120460194,1,539,538,4,-1,5,14,1,144,792,891
10,142,142,969,969,0,22,22,875,875,0,0.004561081044283332,0.004561081044283332,952,952,0,-1,3,3,2,35,868,57,651
11,30,132,717,926,209,52,52,709,709,0,0.00037441710065012424,0.000442492937131965,663,697,34,4,3,3,7,6,678,381,512
12,0,616,1,995,994,0,46,1,724,723,0.0,0.0034037918240920387,1,934,933,2,-1,3,7,0,141,574,13
13,6,107,459,933,474,26,26,696,696,0,0.00013615167296368154,0.00013615167296368154,500,500,0,5,4,4,5,1,557,553,756
14,28,28,681,681,0,80,80,746,746,0,0.000442492937131965,0.000442492937131965,695,695,0,-1,3,3,10,3,75,280,844
15,73,73,957,957,0,22,22,946,946,0,0.00445896728956057,0.00445896728956057,958,958,0,-1,3,3,2,27,956,88,664
16,20,620,648,995,347,52,52,663,663,0,3.4037918240920386e-05,0.002757071377514551,413,919,506,2,3,3,9,4,119,501,17
17,0,206,1,967,966,0,18,1,513,512,0.0,0.0007488342013002485,1,764,763,3,-1,4,6,0,575,608,487
18,0,102,1,954,953,0,5,1,386,385,0.0,0.0002723033459273631,1,630,629,4,-1,5,4,0,860,915,479
19,46,252,787,968,181,94,94,871,871,0,0.0011232513019503727,0.0013274788113958951,810,840,30,3,3,3,9,7,330,224,454
20,0,616,1,992,991,0,36,1,550,549,0.0,0.0010892133837094523,1,815,814,2,-1,3,9,0,250,984,83
21,54,260,750,963,213,156,156,772,772,0,0.0004765308553728854,0.0006126825283365669,686,717,31,3,3,3,19,5,46,178,149
22,1,102,332,917,585,3,3,332,332,0,0.0,0.0,1,1,0,6,7,7,3,1,808,861,694
23,0,206,1,971,970,0,13,1,478,477,0.0,0.00013615167296368154,1,522,521,3,-1,4,5,0,612,864,681
24,0,102,1,932,931,0,5,1,409,408,0.0,0.00030634126416828345,1,637,636,4,-1,5,3,0,856,488,252
25,314,520,975,990,15,104,104,978,978,0,0.007488342013002485,0.00803294870485721,971,974,3,3,2,2,5,49,793,31,333
26,125,331,937,984,47,40,40,767,767,0,0.002212464685659825,0.002314578440382586,894,900,6,3,3,3,5,23,314,106,346
27,14,116,624,936,312,14,14,543,543,0,0.0005105687736138058,0.0005786446100956465,724,738,14,4,4,4,3,3,746,236,425
28,0,0,1,1,0,0,0,1,1,0,0.0,0.0,1,1,0,-1,-1,-1,3,0,797,446,668
29,57,157,854,953,99,28,28,731,731,0,0.0013955546478777359,0.0013955546478777359,851,851,0,4,3,3,3,16,834,113,247
30,8,624,476,991,515,48,88,520,715,195,6.807583648184077e-05,0.005514142755029102,444,959,515,2,4,3,12,2,143,408,16
31,0,206,1,950,949,0,36,1,496,495,0.0,0.0002042275094455223,1,580,579,3,-1,4,10,1,114,852,107
32,2,103,379,936,557,6,6,438,438,0,0.00010211375472276115,0.00017018959120460194,504,565,61,5,5,5,3,1,530,797,311
33,100,100,882,882,0,100,100,922,922,0,0.0374076721467715,0.0374076721467715,998,998,0,-1,1,1,6,78,157,9,446
34,0,616,1,991,990,0,98,1,632,631,0.0,0.0030634126416828346,1,920,919,2,-1,3,16,0,27,201,25
35,569,775,996,999,3,104,104,981,981,0,0.014636304843595765,0.01497668402600497,991,992,1,3,2,2,5,96,616,1,589
36,22,22,637,637,0,72,72,639,639,0,0.000442492937131965,0.000442492937131965,681,681,0,-1,4,4,14,8,84,521,372
37,0,206,1,964,963,0,11,1,411,410,0.0,0.0005446066918547262,1,717,716,3,-1,4,6,0,251,872,290
38,1,207,333,960,627,8,28,333,513,180,0.0,0.0005105687736138058,1,694,693,3,6,4,8,2,308,448,169
39,0,102,1,960,959,0,3,1,382,381,0.0,0.0002042275094455223,1,569,568,4,-1,5,2,0,950,960,366
40,0,0,1,1,0,0,0,1,1,0,0.0,0.0,1,1,0,-1,-1,-1,5,1,533,529,400
41,14,220,510,947,437,70,70,518,518,0,0.00017018959120460194,0.0002382654276864427,533,583,50,3,4,4,19,4,148,220,468
42,6,6,482,482,0,8,8,519,519,0,0.0002382654276864427,0.0002382654276864427,601,601,0,-1,4,4,2,1,938,840,858
43,4,210,439,972,533,6,20,384,626,242,0.00013615167296368154,0.00176997174852786,520,876,356,3,5,4,4,5,543,401,100
44,0,206,1,958,957,0,23,1,470,469,0.0,0.00034037918240920387,1,656,655,3,-1,4,8,0,365,983,267
45,6,108,444,920,476,24,24,570,570,0,0.00010211375472276115,0.00017018959120460194,484,549,65,4,4,4,6,1,764,556,247
46,98,200,919,972,53,54,54,954,954,0,0.002382654276864427,0.0024166921951053475,908,909,1,4,3,3,4,19,777,144,332
47,0,0,1,1,0,0,0,1,1,0,0.0,0.0,1,1,0,-1,-1,-1,3,0,588,843,772
48,0,0,1,1,0,0,0,1,1,0,0.0,0.0,1,1,0,-1,-1,-1,12,2,58,684,959
49,12,114,569,926,357,26,26,565,565,0,0.0002042275094455223,0.0002723033459273631,568,608,40,4,4,4,7,2,404,425,904
50,12,218,494,948,454,48,68,465,546,81,3.4037918240920386e-05,0.0009530617107457708,405,788,383,3,4,4,16,2,117,523,326
51,132,338,929,979,50,84,84,945,945,0,0.003642057251778481,0.004322815616596889,940,952,12,3,2,2,5,18,571,171,219
52,0,0,1,1,0,0,0,1,1,0,0.0,0.0,1,1,0,-1,-1,-1,21,0,3,588,324
53,2,2,357,357,0,7,7,389,389,0,3.4037918240920386e-05,3.4037918240920386e-05,403,403,0,-1,5,5,4,1,917,879,789
54,0,206,1,937,936,0,89,1,531,530,0.0,0.001599782157323258,1,856,855,3,-1,4,21,0,54,977,153
55,18,224,639,967,328,30,30,662,662,0,0.0013274788113958951,0.003914360597705844,839,945,106,3,4,4,5,4,501,281,111
56,14,220,571,967,396,22,26,479,516,37,0.0002042275094455223,0.0002382654276864427,567,590,23,3,4,4,7,3,525,353,107
57,0,0,1,1,0,0,0,1,1,0,0.0,0.0,1,1,0,-1,-1,-1,4,0,235,898,608
58,65,65,806,806,0,158,158,823,823,0,0.0005446066918547262,0.0005446066918547262,707,707,0,-1,2,2,18,5,111,165,926
59,23,125,669,926,257,40,40,698,698,0,0.0004765308553728854,0.0005446066918547262,693,711,18,4,3,3,5,3,349,291,416
60,0,1640,1,1000,999,0,62,1,939,938,0.0,0.023384049831512304,1,995,994,1,-1,2,5,0,647,819,41
61,16,222,547,951,404,66,66,663,663,0,0.0002382654276864427,0.00088498587426393,585,785,200,3,3,3,10,1,240,681,130
62,0,0,1,1,0,0,0,1,1,0,0.0,0.0,1,1,0,-1,-1,-1,3,0,621,834,974
63,338,338,978,978,0,168,168,968,968,0,0.007692569522448007,0.007692569522448007,974,974,0,-1,2,2,9,49,101,31,754
64,30,132,845,976,131,18,18,889,889,0,0.0012253650566731338,0.0020763130126961434,842,898,56,4,3,3,2,6,898,494,190
65,0,102,1,899,898,0,9,1,356,355,0.0,0.0,1,1,0,4,-1,5,8,0,440,745,602
66,0,0,1,1,0,0,0,1,1,0,0.0,0.0,1,1,0,-1,-1,-1,7,0,207,823,859
67,88,88,898,898,0,68,68,947,947,0,0.0063650907110521125,0.0063650907110521125,969,969,0,-1,2,2,4,13,762,120,428
68,63,63,858,858,0,44,44,829,829,0,0.0018040096667687805,0.0018040096667687805,872,872,0,-1,3,3,4,13,736,183,271
69,18,18,653,653,0,32,32,699,699,0,0.0002723033459273631,0.0002723033459273631,615,615,0,-1,3,3,5,2,294,791,872
70,0,206,1,964,963,0,22,1,495,494,0.0,0.0005105687736138058,1,705,704,3,-1,4,8,1,442,650,405
71,6,6,402,402,0,58,58,630,630,0,0.00017018959120460194,0.00017018959120460194,541,541,0,-1,4,4,11,2,234,493,823
72,108,209,923,968,45,54,54,879,879,0,0.0014636304843595766,0.0014636304843595766,850,850,0,5,3,3,4,17,762,79,596
73,0,101,1,911,910,0,4,1,330,329,0.0,0.00013615167296368154,1,507,506,5,-1,6,4,1,887,962,958
74,19,121,692,941,249,24,24,739,739,0,0.00037441710065012424,0.0005446066918547262,663,719,56,4,3,3,3,3,621,458,486
75,66,272,771,956,185,168,172,730,745,15,0.0006126825283365669,0.0008509479560230097,713,763,50,3,3,3,24,11,28,249,479
76,13,114,641,947,306,14,14,587,587,0,0.0007147962830593281,0.0007147962830593281,761,761,0,5,4,4,3,6,628,471,623
77,0,206,1,951,950,0,45,1,474,473,0.0,0.0006807583648184077,1,750,749,3,-1,4,15,0,32,790,99
78,14,14,563,563,0,38,38,610,610,0,0.0002042275094455223,0.0002042275094455223,561,561,0,-1,4,4,7,4,346,617,915
79,12,12,632,632,0,14,14,612,612,0,0.00010211375472276115,0.00010211375472276115,484,484,0,-1,4,4,3,6,961,683,633
80,0,616,1,992,991,0,70,1,628,627,0.0,0.003369753905851118,1,929,928,2,-1,3,12,2,44,684,28
81,8,8,478,478,0,27,27,401,401,0,3.4037918240920386e-05,3.4037918240920386e-05,394,394,0,-1,4,4,14,2,332,547,994
82,6,107,452,929,477,13,13,478,478,0,3.4037918240920386e-05,6.807583648184077e-05,407,448,41,5,4,4,5,1,908,661,530
83,0,0,1,1,0,0,0,1,1,0,0.0,0.0,1,1,0,-1,-1,-1,2,0,943,856,348
84,0,0,1,1,0,0,0,1,1,0,0.0,0.0,1,1,0,-1,-1,-1,5,0,766,971,982
85,54,670,769,991,222,130,144,728,758,30,0.0009190237925048504,0.00353994349705572,778,934,156,2,3,3,18,10,64,272,119
86,0,206,1,958,957,0,19,1,444,443,0.0,0.00017018959120460194,1,535,534,3,-1,4,8,0,146,989,418
87,42,42,820,820,0,34,34,738,738,0,0.0005786446100956465,0.0005786446100956465,728,728,0,-1,3,3,4,6,532,658,669
88,75,176,840,940,100,96,96,813,813,0,0.0012934408931549745,0.0013615167296368155,833,837,4,5,2,2,10,11,206,162,558
89,12,114,638,948,310,12,12,608,608,0,0.0002042275094455223,0.0007147962830593281,576,771,195,4,4,4,2,6,713,258,295
90,117,219,934,973,39,44,44,875,875,0,0.00176997174852786,0.0018720855032506212,876,881,5,4,3,3,4,26,631,127,223
91,12,12,471,471,0,118,118,630,630,0,0.0002382654276864427,0.0002382654276864427,577,577,0,-1,4,4,23,2,57,628,712
92,16,118,598,915,317,30,30,664,664,0,0.0002723033459273631,0.0007488342013002485,613,770,157,4,3,3,4,1,300,556,242
93,0,102,1,941,940,0,3,1,377,376,0.0,0.00010211375472276115,1,483,482,4,-1,5,2,0,713,967,549
94,610,712,997,998,1,136,136,999,999,0,0.019673916743251984,0.019878144252697506,995,995,0,4,2,2,4,98,755,23,479
95,97,199,895,963,68,70,70,909,909,0,0.004152626025392287,0.00442492937131965,944,947,3,4,2,2,6,18,575,148,785
96,10,112,604,951,347,8,8,500,500,0,0.00010211375472276115,0.000442492937131965,503,704,201,4,4,4,2,3,983,93,176
97,24,126,773,961,188,22,22,820,820,0,0.0007488342013002485,0.0010892133837094523,770,825,55,4,3,3,2,3,723,382,182
98,2,104,362,923,561,9,9,389,389,0,3.4037918240920386e-05,6.807583648184077e-05,407,457,50,4,5,5,6,2,657,662,449
99,0,0,1,1,0,0,0,1,1,0,0.0,0.0,1,1,0,-1,-1,-1,8,0,357,833,937
100,12,114,531,902,371,38,38,571,571,0,0.00017018959120460194,0.0002723033459273631,538,603,65,4,4,4,9,4,389,551,385
101,0,102,1,922,921,0,6,1,397,396,0.0,0.000442492937131965,1,697,696,4,-1,5,3,0,834,836,83
102,77,77,878,878,0,62,62,955,955,0,0.0031314884781646754,0.0031314884781646754,927,927,0,-1,2,2,3,11,459,118,462
103,0,102,1,907,906,0,6,1,366,365,0.0,0.0002042275094455223,1,565,564,4,-1,5,4,0,448,911,210
104,114,114,952,952,0,28,28,860,860,0,0.003642057251778481,0.003642057251778481,939,939,0,-1,3,3,3,24,867,13,928
105,0,616,1,992,991,0,35,1,562,561,0.0,0.0006807583648184077,1,748,747,2,-1,3,9,3,289,882,551
106,18,120,680,943,263,24,24,694,694,0,0.0005446066918547262,0.001055175465468532,726,816,90,4,4,4,4,3,891,173,246
107,6,107,413,908,495,20,20,491,491,0,0.00010211375472276115,0.00017018959120460194,479,545,66,5,4,4,6,1,498,797,552
108,3,209,448,978,530,4,8,403,513,110,0.00017018959120460194,0.00030634126416828345,563,650,87,3,5,4,2,3,924,761,199
109,23,124,647,901,254,56,56,638,638,0,0.00030634126416828345,0.00030634126416828345,631,631,0,6,3,3,9,5,159,362,357
110,2,208,359,961,602,11,18,385,448,63,0.0,0.00037441710065012424,1,653,652,3,5,4,7,2,171,509,169
111,50,256,778,968,190,58,58,642,642,0,0.0004084550188910446,0.0007488342013002485,668,742,74,3,3,3,10,9,109,391,482
112,0,0,1,1,0,0,0,1,1,0,0.0,0.0,1,1,0,-1,-1,-1,6,0,661,794,520
113,0,206,1,963,962,0,34,1,637,636,0.0,0.001940161339732462,1,890,889,3,-1,4,7,0,477,902,112
114,0,101,1,948,947,0,3,1,331,330,0.0,6.807583648184077e-05,1,453,452,5,-1,6,3,0,569,902,384
115,0,102,1,901,900,0,15,1,405,404,0.0,0.0002382654276864427,1,599,598,4,-1,5,8,0,137,564,202
116,36,36,808,808,0,36,36,792,792,0,0.0013955546478777359,0.0013955546478777359,849,849,0,-1,3,3,5,8,744,174,910
117,1,207,333,958,625,7,21,333,463,130,0.0,0.000442492937131965,1,674,673,3,7,4,7,3,182,626,343
118,197,298,966,981,15,54,54,887,887,0,0.00442492937131965,0.004493005207801491,951,952,1,5,3,3,4,45,652,77,444
119,16,118,613,928,315,32,32,717,717,0,0.0004765308553728854,0.0006807583648184077,698,754,56,4,3,3,5,1,284,797,90
120,44,145,800,933,133,64,64,910,910,0,0.0015657442390823377,0.001599782157323258,864,866,2,5,3,3,4,4,493,185,495
121,0,0,1,1,0,0,0,1,1,0,0.0,0.0,1,1,0,-1,-1,-1,5,1,421,428,968
122,74,74,848,848,0,88,88,844,844,0,0.0020422750944552232,0.0020422750944552232,884,884,0,-1,2,2,10,7,243,389,698
123,0,206,1,946,945,0,25,1,415,414,0.0,3.4037918240920386e-05,1,398,397,3,-1,4,11,0,162,772,222
124,28,644,702,994,292,88,88,845,845,0,0.0009530617107457708,0.002144388849177984,790,892,102,2,3,3,8,6,131,471,118
125,56,157,872,964,92,18,18,657,657,0,0.0012253650566731338,0.0012253650566731338,854,854,0,8,4,4,3,18,615,148,857
126,10,626,490,991,501,47,100,467,633,166,0.00010211375472276115,0.0033016780693692774,479,932,453,2,4,3,17,3,24,311,57
127,4,105,481,955,474,4,4,447,447,0,0.0002042275094455223,0.0002382654276864427,589,618,29,6,5,5,2,2,914,425,437
128,21,123,704,934,230,32,32,727,727,0,0.0006126825283365669,0.0007147962830593281,740,766,26,4,3,3,5,4,314,645,263
129,36,652,785,997,212,26,36,622,742,120,0.0006467204465774873,0.0063650907110521125,747,967,220,2,4,3,5,13,662,340,387
130,83,185,868,950,82,62,62,777,777,0,0.0015657442390823377,0.0016338200755641784,856,861,5,4,3,3,7,17,466,79,599
131,6,108,555,969,414,8,8,609,609,0,0.00013615167296368154,0.0012594029749140542,524,847,323,4,4,4,2,1,873,904,151
132,164,164,946,946,0,78,78,837,837,0,0.0023486163586235067,0.0023486163586235067,901,901,0,-1,3,3,8,34,286,89,271
133,6,6,493,493,0,8,8,520,520,0,3.4037918240920386e-05,3.4037918240920386e-05,409,409,0,-1,4,4,2,1,999,661,511
134,8,110,549,930,381,10,10,493,493,0,0.00010211375472276115,0.0002382654276864427,487,596,109,4,4,4,3,2,583,491,4
135,0,206,1,962,961,0,16,1,422,421,0.0,0.0002723033459273631,1,604,603,3,-1,4,7,0,156,868,233
136,1,1,333,333,0,5,5,333,333,0,0.0,0.0,1,1,0,-1,7,7,5,2,677,582,611
137,12,218,562,965,403,36,36,666,666,0,0.0002382654276864427,0.00037441710065012424,586,662,76,3,4,4,6,2,353,475,107
138,18,634,582,993,411,92,102,669,718,49,0.0005105687736138058,0.0007488342013002485,708,766,58,2,3,3,15,3,68,299,178
139,0,101,1,877,876,0,15,1,332,331,0.0,0.0,1,1,0,5,-1,6,15,1,107,895,842
140,14,14,543,543,0,44,44,569,569,0,0.0002042275094455223,0.0002042275094455223,555,555,0,-1,4,4,10,3,355,378,672
141,39,39,781,781,0,56,56,799,799,0,0.0010892133837094523,0.0010892133837094523,806,806,0,-1,3,3,8,8,442,161,513
142,0,0,1,1,0,0,0,1,1,0,0.0,0.0,1,1,0,-1,-1,-1,15,0,77,766,699
143,6,6,457,457,0,12,12,549,549,0,6.807583648184077e-05,6.807583648184077e-05,449,449,0,-1,4,4,2,1,909,655,932
144,24,24,669,669,0,44,44,645,645,0,0.0005105687736138058,0.0005105687736138058,705,705,0,-1,3,3,7,4,246,622,776
145,49,255,777,959,182,104,104,748,748,0,0.0008509479560230097,0.0012934408931549745,778,836,58,3,3,3,14,10,144,272,338
146,0,102,1,886,885,0,10,1,344,343,0.0,0.0,1,1,0,4,-1,5,9,0,276,457,807
147,8,109,489,895,406,17,17,411,411,0,0.00010211375472276115,0.00010211375472276115,473,473,0,6,4,4,8,5,411,401,656
148,0,0,1,1,0,0,0,1,1,0,0.0,0.0,1,1,0,-1,-1,-1,20,2,5,271,925
149,34,136,795,943,148,30,30,734,734,0,0.0002042275094455223,0.000442492937131965,562,696,134,4,3,3,4,4,709,210,477
150,0,101,1,873,872,0,13,1,332,331,0.0,0.0,1,1,0,5,-1,6,13,0,120,489,320
151,0,102,1,921,920,0,5,1,389,388,0.0,0.0002723033459273631,1,619,618,4,-1,5,3,0,900,751,258
152,0,102,1,964,963,0,4,1,384,383,0.0,0.0004084550188910446,1,675,674,4,-1,5,3,0,786,897,354
153,64,64,803,803,0,90,90,653,653,0,0.00030634126416828345,0.00030634126416828345,631,631,0,-1,3,3,15,9,107,391,649
154,6,107,460,933,473,12,12,492,492,0,0.00010211375472276115,0.00013615167296368154,497,522,25,5,4,4,4,4,462,512,964
155,14,14,508,508,0,45,45,465,465,0,0.00013615167296368154,0.00013615167296368154,512,512,0,-1,4,4,17,3,210,526,668
156,0,206,1,964,963,0,28,1,500,499,0.0,0.0007488342013002485,1,766,765,3,-1,4,8,0,302,905,192
157,16,16,684,684,0,8,8,509,509,0,0.00034037918240920387,0.00034037918240920387,662,662,0,-1,4,4,2,8,986,302,915
158,8,110,580,954,374,10,10,536,536,0,0.0002382654276864427,0.00037441710065012424,611,675,64,4,4,4,3,2,718,453,124
159,1,1,330,330,0,3,3,330,330,0,0.0,0.0,1,1,0,-1,6,6,3,3,826,676,673
160,8,214,596,980,384,4,8,409,539,130,0.0002382654276864427,0.00037441710065012424,603,673,70,3,5,4,2,5,469,314,107
161,8,8,476,476,0,30,30,446,446,0,6.807583648184077e-05,6.807583648184077e-05,443,443,0,-1,4,4,12,2,184,749,426
162,10,111,634,962,328,7,7,541,541,0,0.0004765308553728854,0.0004765308553728854,724,724,0,8,4,4,2,6,995,447,857
163,6,107,417,903,486,30,30,518,518,0,0.0002042275094455223,0.00034037918240920387,579,635,56,5,4,4,9,2,190,691,398
164,2,618,364,997,633,10,40,430,796,366,0.0,0.009394465434494027,1,978,977,2,5,3,5,1,430,449,11
165,292,394,988,993,5,72,72,982,982,0,0.013513053541645392,0.013853432724054596,990,990,0,4,2,2,3,62,835,70,616
166,17,17,616,616,0,64,64,792,792,0,0.0005105687736138058,0.0005105687736138058,705,705,0,-1,3,3,7,2,246,101,565
167,35,241,798,977,179,22,22,711,711,0,0.0007488342013002485,0.0019061234214915416,773,887,114,3,3,3,2,8,859,257,79
168,0,206,1,957,956,0,36,1,570,569,0.0,0.0018040096667687805,1,871,870,3,-1,4,8,0,301,943,69
169,0,206,1,953,952,0,32,1,480,479,0.0,0.0004084550188910446,1,670,669,3,-1,4,10,0,99,758,253
170,0,0,1,1,0,0,0,1,1,0,0.0,0.0,1,1,0,-1,-1,-1,2,0,792,800,946
171,129,335,956,988,32,38,38,902,902,0,0.0035739814152966403,0.005582218591510943,934,962,28,3,3,3,3,24,639,13,133
172,32,238,769,976,207,30,30,692,692,0,0.0008509479560230097,0.0013274788113958951,788,848,60,3,4,4,5,8,565,386,216
173,6,212,468,974,506,9,14,476,567,91,3.4037918240920386e-05,0.0006807583648184077,408,762,354,3,4,4,3,1,588,743,186
174,25,25,794,794,0,18,18,819,819,0,0.0004084550188910446,0.0004084550188910446,683,683,0,-1,3,3,2,6,760,381,925
175,2,2,357,357,0,5,5,360,360,0,3.4037918240920386e-05,3.4037918240920386e-05,398,398,0,-1,5,5,4,1,593,781,706
176,69,69,895,895,0,28,28,801,801,0,0.002280540522141666,0.002280540522141666,905,905,0,-1,3,3,3,18,568,63,952
177,1,207,333,970,637,3,14,333,548,215,3.4037918240920386e-05,0.0019741992579733825,419,883,464,3,6,4,3,2,869,739,123
178,0,616,1,993,992,0,90,1,554,553,0.0,0.0009530617107457708,1,784,783,2,-1,3,20,0,61,517,97
179,0,0,1,1,0,0,0,1,1,0,0.0,0.0,1,1,0,-1,-1,-1,3,1,900,706,792
180,0,206,1,939,938,0,65,1,399,398,0.0,0.0002382654276864427,1,581,580,3,-1,4,35,0,20,934,285
181,0,1640,1,999,998,0,246,1,763,762,0.0,0.006501242384015794,1,964,963,1,-1,2,35,0,20,985,56
182,6,108,448,926,478,20,20,579,579,0,0.00013615167296368154,0.0007147962830593281,519,769,250,4,4,4,4,3,504,309,272
183,0,206,1,967,966,0,22,1,581,580,0.0,0.0017359338302869397,1,875,874,3,-1,4,5,0,412,940,104
184,69,685,889,999,110,18,28,638,775,137,0.0013274788113958951,0.005956635692161067,856,965,109,2,4,3,3,22,935,116,39
185,30,236,706,960,254,52,52,711,711,0,0.0005105687736138058,0.00088498587426393,698,795,97,3,3,3,7,4,447,645,551
186,0,0,1,1,0,0,0,1,1,0,0.0,0.0,1,1,0,-1,-1,-1,16,0,60,936,356
187,2,2,371,371,0,5,5,410,410,0,3.4037918240920386e-05,3.4037918240920386e-05,394,394,0,-1,5,5,3,2,523,654,794
188,2,208,349,952,603,15,41,356,482,126,3.4037918240920386e-05,0.0004765308553728854,404,680,276,3,5,4,13,1,160,781,461
189,374,374,993,993,0,62,62,983,983,0,0.014432077334150244,0.014432077334150244,991,991,0,-1,2,2,3,91,888,7,783
190,38,140,672,891,219,138,138,672,672,0,0.0002723033459273631,0.0002723033459273631,598,598,0,4,3,3,23,3,43,507,552
191,40,142,813,947,134,28,28,737,737,0,0.0009530617107457708,0.0011232513019503727,810,832,22,4,3,3,3,5,737,403,260
192,0,0,1,1,0,0,0,1,1,0,0.0,0.0,1,1,0,-1,-1,-1,8,0,468,968,872
193,83,185,931,978,47,28,28,837,837,0,0.0032336022328874367,0.0035059055788147996,930,937,7,4,3,3,3,26,798,112,332
194,6,108,410,906,496,26,26,509,509,0,0.0002723033459273631,0.00037441710065012424,613,660,47,4,4,4,7,4,221,409,301
195,47,663,805,995,190,42,62,679,811,132,0.001055175465468532,0.006433166547533953,812,967,155,2,4,3,7,13,413,120,33
196,0,206,1,972,971,0,14,1,551,550,0.0,0.0011232513019503727,1,833,832,3,-1,4,3,0,842,542,155
197,0,0,1,1,0,0,0,1,1,0,0.0,0.0,1,1,0,-1,-1,-1,5,0,552,937,927
198,10,111,561,927,366,36,36,714,714,0,0.0005446066918547262,0.0006126825283365669,718,739,21,5,4,4,6,3,399,351,659
199,0,102,1,903,902,0,15,1,404,403,0.0,0.0006126825283365669,1,736,735,4,-1,5,8,1,301,852,284
200,15,221,547,955,408,32,56,445,586,141,0.00017018959120460194,0.0016678579938050988,541,868,327,3,4,4,12,4,58,208,158
201,2,104,364,935,571,4,4,427,427,0,3.4037918240920386e-05,0.00013615167296368154,398,507,109,4,5,5,2,1,739,555,628
202,0,102,1,917,916,0,6,1,405,404,0.0,0.0002723033459273631,1,626,625,4,-1,5,3,0,703,950,427
203,6,6,412,412,0,30,30,468,468,0,0.00010211375472276115,0.00010211375472276115,483,483,0,-1,4,4,11,2,215,719,932
204,8,624,525,998,473,11,30,455,745,290,3.4037918240920386e-05,0.0025188059498281084,395,903,508,2,4,3,4,3,659,829,55
205,24,126,621,900,279,74,74,556,556,0,6.807583648184077e-05,6.807583648184077e-05,438,438,0,4,3,3,18,3,86,385,577
206,0,0,1,1,0,0,0,1,1,0,0.0,0.0,1,1,0,-1,-1,-1,3,0,854,611,769
207,6,6,474,474,0,8,8,497,497,0,3.4037918240920386e-05,3.4037918240920386e-05,401,401,0,-1,4,4,2,1,750,870,568
208,8,110,536,930,394,14,14,544,544,0,0.0002723033459273631,0.0005446066918547262,601,722,121,4,4,4,3,4,577,239,700
209,20,20,652,652,0,32,32,675,675,0,0.0002042275094455223,0.0002042275094455223,572,572,0,-1,3,3,5,4,408,230,767
210,68,274,823,972,149,116,116,799,799,0,0.0010211375472276116,0.0012934408931549745,795,831,36,3,2,2,14,6,172,377,840
211,44,146,711,903,192,144,144,757,757,0,0.0004084550188910446,0.0004084550188910446,673,673,0,4,3,3,19,4,36,470,597
212,131,731,939,998,59,56,56,841,841,0,0.0029612988869600733,0.005514142755029102,919,962,43,2,3,3,6,27,455,69,117
213,0,206,1,948,947,0,37,1,462,461,0.0,0.0006126825283365669,1,725,724,3,-1,4,14,0,130,732,316
214,30,646,733,996,263,40,54,657,769,112,0.00034037918240920387,0.001599782157323258,646,850,204,2,3,3,7,4,156,504,179
215,4,106,411,911,500,8,8,401,401,0,0.00017018959120460194,0.000442492937131965,530,684,154,4,5,5,4,3,540,598,422
216,63,165,860,958,98,64,64,906,906,0,0.0028591851322373124,0.003437829742332959,918,934,16,4,2,2,5,8,724,177,148
217,0,0,1,1,0,0,0,1,1,0,0.0,0.0,1,1,0,-1,-1,-1,6,0,253,877,996
218,24,24,621,621,0,52,52,502,502,0,0.0002382654276864427,0.0002382654276864427,580,580,0,-1,4,4,14,4,122,210,740
219,6,6,394,394,0,26,26,434,434,0,3.4037918240920386e-05,3.4037918240920386e-05,396,396,0,-1,4,4,11,1,307,623,995
220,7,7,548,548,0,8,8,495,495,0,0.0002042275094455223,0.0002042275094455223,572,572,0,-1,4,4,3,5,888,605,943
221,0,616,1,992,991,0,58,1,441,440,0.0,0.0002042275094455223,1,555,554,2,-1,3,22,0,33,928,689
222,0,101,1,960,959,0,2,1,330,329,0.0,0.00010211375472276115,1,484,483,5,-1,6,2,0,950,651,528
223,100,100,917,917,0,100,100,991,991,0,0.0368971033731577,0.03808843051158991,997,998,1,3,1,1,4,3,559,795,335
224,20,636,667,997,330,24,34,612,717,105,0.0005446066918547262,0.00176997174852786,713,872,159,2,4,3,4,6,567,275,589
225,12,218,525,961,436,30,34,520,565,45,0.00013615167296368154,0.0005786446100956465,515,721,206,3,4,4,7,2,436,468,125
226,0,0,1,1,0,0,0,1,1,0,0.0,0.0,1,1,0,-1,-1,-1,3,0,523,757,643
227,2,104,363,922,559,10,10,392,392,0,0.0,3.4037918240920386e-05,1,402,401,4,5,5,7,1,697,606,566
228,30,132,754,937,183,44,44,738,738,0,0.000442492937131965,0.0005786446100956465,690,736,46,4,3,3,7,8,439,132,362
229,1,1,333,333,0,13,13,333,333,0,0.0,0.0,1,1,0,-1,7,7,13,1,185,972,758
230,135,135,951,951,0,68,68,972,972,0,0.00353994349705572,0.00353994349705572,929,929,0,-1,2,2,4,22,721,203,754
231,18,18,629,629,0,32,32,610,610,0,0.00030634126416828345,0.00030634126416828345,634,634,0,-1,4,4,6,5,393,221,522
232,0,101,1,942,941,0,2,1,331,330,0.0,0.0,1,1,0,5,-1,6,2,0,919,886,788
233,9,215,532,963,431,42,42,646,646,0,0.0002382654276864427,0.00088498587426393,596,793,197,3,4,4,7,5,216,619,131
234,0,0,1,1,0,0,0,1,1,0,0.0,0.0,1,1,0,-1,-1,-1,3,0,716,965,276
235,0,0,1,1,0,0,0,1,1,0,0.0,0.0,1,1,0,-1,-1,-1,3,0,693,999,913
236,6,107,493,947,454,18,18,708,708,0,0.0004084550188910446,0.0005105687736138058,686,725,39,5,4,4,3,1,485,759,579
237,6,108,442,924,482,10,11,425,449,24,0.00010211375472276115,0.00010211375472276115,485,485,0,4,4,4,5,1,691,861,717
238,0,101,1,950,949,0,3,1,330,329,0.0,0.0,1,1,0,7,-1,8,3,0,707,324,344
239,12,218,528,956,428,32,36,518,550,32,0.0002382654276864427,0.0006126825283365669,576,726,150,3,4,4,8,3,303,505,454
240,0,206,1,972,971,0,12,1,496,495,0.0,0.000442492937131965,1,692,691,3,-1,4,4,0,706,831,232
241,68,684,858,998,140,34,34,706,706,0,0.0009190237925048504,0.011845195547840293,807,988,181,2,3,3,4,12,300,172,2
242,1,1,333,333,0,9,9,333,333,0,0.0,0.0,1,1,0,-1,6,6,9,3,119,708,954
243,0,206,1,969,968,0,10,1,461,460,0.0,0.0005786446100956465,1,734,733,3,-1,4,3,0,737,902,172
244,35,137,845,965,120,22,22,860,860,0,0.002723033459273631,0.0028591851322373124,923,930,7,4,3,3,2,10,994,296,121
245,0,0,1,1,0,0,0,1,1,0,0.0,0.0,1,1,0,-1,-1,-1,7,0,510,855,847
246,2,104,358,899,541,8,9,367,378,11,0.0,3.4037918240920386e-05,1,399,398,4,5,5,6,3,630,460,503
247,182,388,938,982,44,146,146,915,915,0,0.0028932230504782326,0.0031314884781646754,924,928,4,3,2,2,12,20,222,109,474
248,0,0,1,1,0,0,0,1,1,0,0.0,0.0,1,1,0,-1,-1,-1,5,0,605,989,942
249,38,244,739,968,229,76,76,728,728,0,0.0006126825283365669,0.0008169100377820892,736,779,43,3,3,3,10,10,189,296,561
250,38,244,780,974,194,46,46,801,801,0,0.0007828721195411688,0.0012934408931549745,770,839,69,3,3,3,5,11,479,249,46
251,22,228,605,949,344,122,122,758,758,0,0.0009190237925048504,0.001599782157323258,782,857,75,3,3,3,15,3,49,559,190
252,0,101,1,922,921,0,4,1,331,330,0.0,0.0,1,1,0,5,-1,6,4,0,543,911,631
253,6,212,394,954,560,35,40,498,522,24,0.0,0.0002042275094455223,1,566,565,3,4,4,10,2,135,325,280
254,6,6,382,382,0,62,62,462,462,0,0.0,0.0,1,1,0,-1,4,4,22,1,22,964,753
255,2,2,346,346,0,22,22,367,367,0,0.0,0.0,1,1,0,-1,5,5,17,1,23,763,913
256,0,0,1,1,0,0,0,1,1,0,0.0,0.0,1,1,0,-1,-1,-1,2,0,873,945,962
257,803,904,997,997,0,256,256,997,997,0,0.015453214881377854,0.015453214881377854,987,987,0,6,2,2,10,91,114,7,626
258,168,270,951,972,21,102,102,943,943,0,0.0029612988869600733,0.0032336022328874367,920,925,5,4,2,2,8,20,318,109,827
259,0,0,1,1,0,0,0,1,1,0,0.0,0.0,1,1,0,-1,-1,-1,2,0,976,932,998
260,6,212,408,952,544,43,59,489,566,77,6.807583648184077e-05,0.0011913271384322134,448,827,379,3,4,4,14,1,84,799,42
261,12,12,594,594,0,22,22,595,595,0,0.000442492937131965,0.000442492937131965,698,698,0,-1,4,4,5,5,421,252,737
262,82,82,861,861,0,92,92,863,863,0,0.0017018959120460194,0.0017018959120460194,868,868,0,-1,2,2,8,9,186,242,775
263,12,113,589,933,344,8,8,473,473,0,6.807583648184077e-05,6.807583648184077e-05,443,443,0,6,4,4,2,2,990,576,861
264,9,625,590,999,409,12,32,599,899,300,0.00017018959120460194,0.009088124170325743,563,979,416,2,4,3,2,6,886,406,18
265,0,102,1,957,956,0,5,1,426,425,0.0,0.0005446066918547262,1,731,730,4,-1,5,3,1,883,947,415
266,136,237,962,983,21,32,32,923,923,0,0.00527587732734266,0.00527587732734266,959,959,0,6,3,3,2,27,960,25,736
267,0,616,1,994,993,0,74,1,614,613,0.0,0.0017359338302869397,1,867,866,2,-1,3,14,0,79,707,180
268,127,127,931,931,0,96,96,940,940,0,0.0029612988869600733,0.0029612988869600733,917,917,0,-1,2,2,7,24,722,129,767
269,0,206,1,972,971,0,24,1,680,679,0.0,0.0024507301133462676,1,912,911,3,-1,4,4,0,619,793,25
270,15,221,596,964,368,26,30,531,566,35,0.0004765308553728854,0.0012934408931549745,695,838,143,3,4,4,7,7,196,427,377
271,180,282,931,967,36,202,202,937,937,0,0.00353994349705572,0.00353994349705572,938,938,0,4,2,2,14,15,133,92,899
272,0,102,1,970,969,0,4,1,485,484,0.0,0.0010211375472276116,1,816,815,4,-1,5,2,0,884,961,117
273,2,2,365,365,0,5,5,366,366,0,3.4037918240920386e-05,3.4037918240920386e-05,415,415,0,-1,5,5,4,1,475,601,488
274,0,206,1,967,966,0,18,1,504,503,0.0,0.0007488342013002485,1,762,761,3,-1,4,5,0,464,921,45
275,32,134,772,940,168,38,38,750,750,0,0.00088498587426393,0.00088498587426393,794,794,0,4,3,3,6,6,764,289,662
276,0,0,1,1,0,0,0,1,1,0,0.0,0.0,1,1,0,-1,-1,-1,10,0,298,984,650
277,172,788,938,995,57,146,146,924,924,0,0.0026889955410327104,0.003982436434187685,908,944,36,2,3,3,11,20,307,49,261
278,0,101,1,952,951,0,2,1,331,330,0.0,0.00017018959120460194,1,564,563,5,-1,6,2,0,792,954,279
279,67,168,869,962,93,34,34,778,778,0,0.002110350930937064,0.002144388849177984,890,892,2,5,3,3,4,13,539,335,547
280,2,104,370,933,563,4,4,406,406,0,0.00010211375472276115,0.0005446066918547262,487,721,234,4,5,5,2,4,931,512,162
281,0,0,1,1,0,0,0,1,1,0,0.0,0.0,1,1,0,-1,-1,-1,7,0,450,910,533
282,0,206,1,943,942,0,34,1,409,408,0.0,0.00030634126416828345,1,624,623,3,-1,4,17,1,210,428,741
283,22,228,680,970,290,26,26,609,609,0,0.0005786446100956465,0.0017018959120460194,725,864,139,3,4,4,5,9,479,145,106
284,2,2,374,374,0,4,4,405,405,0,6.807583648184077e-05,6.807583648184077e-05,469,469,0,-1,5,5,2,1,907,322,973
285,3,3,433,433,0,10,10,428,428,0,0.00017018959120460194,0.00017018959120460194,542,542,0,-1,5,5,5,2,720,408,462
286,24,24,701,701,0,32,32,699,699,0,0.00017018959120460194,0.00017018959120460194,555,555,0,-1,3,3,5,3,294,378,324
287,6,212,380,942,562,48,52,419,432,13,0.0,3.4037918240920386e-05,1,390,389,3,4,4,21,2,3,560,756
288,227,227,977,977,0,72,72,980,980,0,0.009564655025698629,0.009564655025698629,985,985,0,-1,2,2,3,49,651,51,754
289,2,104,362,925,563,6,8,379,417,38,3.4037918240920386e-05,0.00013615167296368154,403,510,107,4,5,5,4,1,735,771,541
290,0,102,1,954,953,0,4,1,445,444,0.0,0.0002382654276864427,1,616,615,4,-1,5,2,0,806,514,260
291,6,108,413,900,487,21,22,463,470,7,0.00010211375472276115,0.0005105687736138058,495,712,217,4,4,4,7,1,714,449,192
292,2,208,350,964,614,12,20,382,443,61,0.0,0.00037441710065012424,1,657,656,3,5,4,8,1,499,788,46
293,2,103,357,914,557,8,8,389,389,0,0.0,0.0,1,1,0,5,5,5,5,1,396,878,893
294,30,30,716,716,0,50,50,686,686,0,0.0004084550188910446,0.0004084550188910446,680,680,0,-1,3,3,8,5,282,252,989
295,0,0,1,1,0,0,0,1,1,0,0.0,0.0,1,1,0,-1,-1,-1,4,0,648,511,462
296,159,775,917,993,76,170,180,885,900,15,0.0018040096667687805,0.001940161339732462,870,879,9,2,3,3,15,20,49,71,681
297,0,0,1,1,0,0,0,1,1,0,0.0,0.0,1,1,0,-1,-1,-1,10,0,75,951,871
298,3,209,497,991,494,4,8,486,643,157,0.00010211375472276115,0.005854521937438306,500,965,465,3,5,4,2,5,884,476,17
299,6,622,423,995,572,13,40,431,726,295,0.0,0.0026549576227917903,1,914,913,2,4,3,5,2,506,597,57
300,141,141,954,954,0,50,50,853,853,0,0.0025188059498281084,0.0025188059498281084,901,901,0,-1,3,3,5,34,291,89,968
301,0,0,1,1,0,0,0,1,1,0,0.0,0.0,1,1,0,-1,-1,-1,6,0,312,902,737
302,448,550,990,994,4,64,64,928,928,0,0.01065386840940808,0.010755982164130842,984,984,0,4,3,3,4,78,622,9,442
303,0,0,1,1,0,0,0,1,1,0,0.0,0.0,1,1,0,-1,-1,-1,5,0,695,831,638
304,0,206,1,953,952,0,30,1,453,452,0.0,0.0005786446100956465,1,722,721,3,-1,4,11,0,139,564,338
305,15,221,599,968,369,26,30,548,590,42,0.0004765308553728854,0.0022465026039007454,697,901,204,3,4,4,7,5,477,562,105
306,30,30,731,731,0,40,40,714,714,0,0.00034037918240920387,0.00034037918240920387,649,649,0,-1,3,3,5,5,571,165,974
307,4,620,425,998,573,11,56,409,852,443,0.00010211375472276115,0.006092787365124749,488,966,478,2,5,3,6,2,664,549,5
308,332,1972,974,1000,26,244,268,962,978,16,0.003710133088260322,0.01147077844719017,941,982,41,1,2,2,15,44,65,27,130
309,2,103,418,978,560,3,3,443,443,0,0.0,0.00034037918240920387,1,673,672,5,5,5,2,1,775,437,318
310,20,226,795,988,193,18,18,878,878,0,0.00037441710065012424,0.0013615167296368155,680,855,175,3,3,3,2,3,810,596,213
311,0,0,1,1,0,0,0,1,1,0,0.0,0.0,1,1,0,-1,-1,-1,2,0,868,994,565
312,34,136,753,934,181,50,50,790,790,0,0.0007147962830593281,0.00088498587426393,765,801,36,4,3,3,5,4,347,407,719
313,139,241,896,949,53,242,242,877,877,0,0.0014295925661186562,0.0014636304843595766,836,838,2,4,2,2,23,17,57,226,842
314,48,254,809,971,162,62,62,841,841,0,0.0010211375472276116,0.0019061234214915416,812,878,66,3,3,3,6,8,473,161,226
315,70,276,793,962,169,156,156,767,767,0,0.0010892133837094523,0.0011913271384322134,805,822,17,3,2,2,19,7,11,170,541
316,0,206,1,967,966,0,24,1,598,597,0.0,0.006297014874570271,1,972,971,3,-1,4,4,0,385,760,10
317,152,152,902,902,0,258,258,917,917,0,0.0014295925661186562,0.0014295925661186562,847,847,0,-1,2,2,19,17,14,60,937
318,7,109,506,916,410,17,17,506,506,0,0.00013615167296368154,0.00037441710065012424,508,667,159,4,4,4,5,2,406,408,247
319,1,103,332,957,625,3,5,332,416,84,0.0,0.0002382654276864427,1,604,603,4,6,5,3,2,850,320,827
320,69,69,823,823,0,120,120,795,795,0,0.0013955546478777359,0.0013955546478777359,837,837,0,-1,2,2,14,6,121,232,757
321,337,337,991,991,0,48,48,957,957,0,0.010279451308757957,0.010279451308757957,982,982,0,-1,3,3,3,92,871,30,961
322,93,1733,880,1000,120,66,100,826,937,111,0.0009190237925048504,0.01855066544130161,804,992,188,1,3,2,6,17,368,327,47
323,238,238,965,965,0,128,128,991,991,0,0.00439089145307873,0.00439089145307873,952,952,0,-1,2,2,5,33,496,15,701
324,1,103,332,945,613,2,4,332,431,99,0.0,0.00010211375472276115,1,496,495,4,7,5,2,3,951,181,609
325,1,1,333,333,0,6,6,333,333,0,0.0,0.0,1,1,0,-1,8,8,6,2,275,448,359
326,0,101,1,956,955,0,2,1,331,330,0.0,0.0,1,1,0,6,-1,7,2,0,996,571,331
327,2,103,366,926,560,7,7,384,384,0,6.807583648184077e-05,6.807583648184077e-05,453,453,0,5,5,5,5,3,848,578,506
328,0,616,1,989,988,0,84,1,631,630,0.0,0.0016678579938050988,1,860,859,2,-1,3,16,0,134,638,84
329,0,206,1,972,971,0,24,1,689,688,0.0,0.004765308553728854,1,957,956,3,-1,4,4,0,403,919,12
330,28,28,791,791,0,22,22,794,794,0,0.0005786446100956465,0.0005786446100956465,740,740,0,-1,3,3,2,3,983,268,877
331,2,2,351,351,0,11,11,351,351,0,0.0,0.0,1,1,0,-1,5,5,10,3,241,708,675
332,0,616,1,988,987,0,140,1,561,560,0.0,0.0008509479560230097,1,773,772,2,-1,3,33,0,9,635,190
333,0,0,1,1,0,0,0,1,1,0,0.0,0.0,1,1,0,-1,-1,-1,10,0,189,833,367
334,0,102,1,908,907,0,9,1,384,383,0.0,0.0,1,1,0,4,-1,5,6,0,489,866,531
335,0,102,1,911,910,0,12,1,412,411,0.0,0.0006467204465774873,1,753,752,4,-1,5,6,1,352,948,114
336,3,3,483,483,0,2,2,332,332,0,3.4037918240920386e-05,3.4037918240920386e-05,408,408,0,-1,6,6,2,3,987,411,774
337,10,216,545,967,422,20,32,497,628,131,6.807583648184077e-05,0.0013274788113958951,449,844,395,3,4,4,6,3,518,214,89
338,0,0,1,1,0,0,0,1,1,0,0.0,0.0,1,1,0,-1,-1,-1,2,0,893,906,778
339,480,686,987,994,7,176,176,981,981,0,0.009292351679771264,0.009598692943939549,981,982,1,3,2,2,8,62,370,70,107
340,7,1647,493,1000,507,17,106,429,938,509,3.4037918240920386e-05,0.03066816433506927,398,999,601,1,4,2,7,2,209,627,2
341,16,222,648,977,329,40,40,869,869,0,0.00037441710065012424,0.001055175465468532,658,812,154,3,3,3,4,1,659,474,312
342,9,9,648,648,0,4,4,468,468,0,0.0002042275094455223,0.0002042275094455223,584,584,0,-1,5,5,2,5,805,310,201
343,9,110,537,915,378,13,13,443,443,0,3.4037918240920386e-05,3.4037918240920386e-05,402,402,0,5,4,4,5,4,438,581,694
344,2,103,374,934,560,6,6,468,468,0,3.4037918240920386e-05,3.4037918240920386e-05,404,404,0,5,5,5,3,1,856,718,347
345,22,228,678,974,296,36,36,736,736,0,0.0004084550188910446,0.0005105687736138058,680,713,33,3,3,3,5,2,692,465,395
346,42,144,803,952,149,40,40,785,785,0,0.0014636304843595766,0.0015317063208414173,856,859,3,4,3,3,5,6,502,397,443
347,1,103,333,917,584,5,7,333,384,51,3.4037918240920386e-05,0.00013615167296368154,390,517,127,4,6,5,5,2,720,656,435
348,20,20,728,728,0,14,14,593,593,0,0.0005786446100956465,0.0005786446100956465,729,729,0,-1,4,4,3,4,639,267,733
349,0,0,1,1,0,0,0,1,1,0,0.0,0.0,1,1,0,-1,-1,-1,3,0,737,905,987
350,30,132,808,959,151,12,12,671,671,0,0.0005105687736138058,0.0006807583648184077,720,754,34,4,4,4,2,9,929,414,22
351,2,2,381,381,0,2,2,330,330,0,0.0,0.0,1,1,0,-1,6,6,2,5,889,605,991
352,24,640,635,993,358,138,152,799,828,29,0.00034037918240920387,0.001157289220191293,638,802,164,2,3,3,16,3,195,222,418
353,22,228,590,949,359,170,170,783,783,0,0.0007147962830593281,0.0008169100377820892,749,763,14,3,3,3,20,3,61,299,424
354,24,640,624,989,365,98,116,601,674,73,0.00017018959120460194,0.0013955546478777359,531,835,304,2,3,3,20,4,70,617,59
355,42,144,721,913,192,158,158,826,826,0,0.0007488342013002485,0.0009530617107457708,749,787,38,4,3,3,17,9,23,145,307
356,2,208,363,969,606,10,18,423,503,80,0.0,0.0004765308553728854,1,698,697,3,5,4,5,1,326,964,619
357,1,617,333,990,657,16,118,333,756,423,0.0,0.004629156880765172,1,947,946,2,7,3,16,1,134,765,16
358,16,16,632,632,0,50,50,846,846,0,0.0006126825283365669,0.0006126825283365669,739,739,0,-1,3,3,5,2,552,160,744
359,0,616,1,996,995,0,62,1,784,783,0.0,0.006399128629293032,1,973,972,2,-1,3,7,1,320,835,24
360,48,150,815,945,130,60,60,852,852,0,0.0011232513019503727,0.0014295925661186562,824,851,27,4,3,3,5,3,571,382,266
361,0,0,1,1,0,0,0,1,1,0,0.0,0.0,1,1,0,-1,-1,-1,19,0,11,349,698
362,28,28,777,777,0,18,18,703,703,0,0.0006126825283365669,0.0006126825283365669,749,749,0,-1,4,4,3,13,774,217,927
363,0,101,1,902,901,0,3,1,332,331,0.0,0.0,1,1,0,6,-1,7,3,0,634,588,893
364,0,0,1,1,0,0,0,1,1,0,0.0,0.0,1,1,0,-1,-1,-1,3,0,636,832,838
365,17,119,705,952,247,18,18,730,730,0,0.0004084550188910446,0.0010211375472276116,685,824,139,4,4,4,3,5,888,182,308
366,40,142,788,942,154,34,34,729,729,0,0.0007147962830593281,0.0008509479560230097,763,789,26,4,3,3,4,6,671,194,454
367,34,136,627,888,261,302,302,813,813,0,0.0005105687736138058,0.0005105687736138058,680,680,0,4,3,3,36,5,16,589,654
368,2,104,348,878,530,22,22,387,387,0,0.0,6.807583648184077e-05,1,440,439,4,5,5,13,1,41,606,837
369,0,0,1,1,0,0,0,1,1,0,0.0,0.0,1,1,0,-1,-1,-1,8,0,420,678,991
370,47,148,803,933,130,70,70,805,805,0,0.0002723033459273631,0.0002723033459273631,619,619,0,6,3,3,8,7,420,329,603
371,4,105,451,950,499,4,4,439,439,0,0.00010211375472276115,0.00034037918240920387,493,669,176,5,5,5,2,3,988,496,562
372,6,212,485,977,492,16,20,578,653,75,0.00017018959120460194,0.0009190237925048504,541,797,256,3,4,4,4,1,794,720,206
373,42,248,795,975,180,86,86,895,895,0,0.001497668402600497,0.0026549576227917903,846,914,68,3,2,2,7,4,320,440,109
374,659,865,994,998,4,214,214,999,999,0,0.015112835698968652,0.0156914803090643,988,988,0,3,2,2,8,85,508,0,79
375,0,206,1,959,958,0,28,1,494,493,0.0,0.0004765308553728854,1,703,702,3,-1,4,8,0,186,816,377
376,0,101,1,949,948,0,2,1,332,331,0.0,6.807583648184077e-05,1,449,448,5,-1,6,2,0,809,851,468
377,17,223,664,974,310,22,22,611,611,0,0.00034037918240920387,0.0007488342013002485,640,759,119,3,4,4,5,7,463,170,236
378,64,270,893,984,91,24,24,745,745,0,0.0015317063208414173,0.0019741992579733825,859,882,23,3,4,4,4,21,789,157,199
379,2,2,360,360,0,6,6,360,360,0,6.807583648184077e-05,6.807583648184077e-05,455,455,0,-1,5,5,5,3,574,460,984
380,0,0,1,1,0,0,0,1,1,0,0.0,0.0,1,1,0,-1,-1,-1,2,1,944,539,520
381,0,102,1,899,898,0,11,1,397,396,0.0,0.0002042275094455223,1,572,571,4,-1,5,6,0,255,740,556
382,22,22,594,594,0,116,116,648,648,0,0.00034037918240920387,0.00034037918240920387,639,639,0,-1,3,3,21,4,12,346,910
383,23,23,657,657,0,76,76,659,659,0,0.00030634126416828345,0.00030634126416828345,627,627,0,-1,3,3,13,3,185,291,780
384,0,616,1,996,995,0,34,1,678,677,0.0,0.00707988699411144,1,976,975,2,-1,3,4,0,493,629,19
385,10,10,510,510,0,28,28,459,459,0,6.807583648184077e-05,6.807583648184077e-05,447,447,0,-1,4,4,11,3,271,534,686
386,0,102,1,927,926,0,8,1,399,398,0.0,0.0002042275094455223,1,574,573,4,-1,5,5,0,574,812,584
387,117,117,900,900,0,110,110,793,793,0,0.0012253650566731338,0.0012253650566731338,824,824,0,-1,3,3,13,16,67,113,962
388,0,206,1,952,951,0,48,1,513,512,0.0,0.0006807583648184077,1,750,749,3,-1,4,15,0,138,446,616
389,7,213,477,956,479,17,26,414,491,77,0.0,0.0010211375472276116,1,807,806,3,4,4,7,5,296,225,97
390,56,158,859,964,105,24,24,689,689,0,0.0017359338302869397,0.0020763130126961434,871,892,21,4,4,4,4,18,562,148,454
391,60,266,873,983,110,20,24,644,745,101,0.0014636304843595766,0.0036760951700194017,864,938,74,3,4,4,4,16,728,78,85
392,0,102,1,907,906,0,9,1,414,413,0.0,0.00034037918240920387,1,649,648,4,-1,5,5,1,412,874,306
393,41,41,826,826,0,34,34,872,872,0,0.001157289220191293,0.001157289220191293,832,832,0,-1,3,3,3,7,337,176,769
394,0,0,1,1,0,0,0,1,1,0,0.0,0.0,1,1,0,-1,-1,-1,7,1,359,874,902
395,34,136,750,928,178,54,54,745,745,0,0.0008509479560230097,0.0009190237925048504,786,800,14,4,3,3,8,8,309,264,373
396,2,2,397,397,0,5,5,455,455,0,3.4037918240920386e-05,3.4037918240920386e-05,399,399,0,-1,5,5,3,1,812,762,966
397,116,218,932,971,39,24,24,650,650,0,0.0024166921951053475,0.0024507301133462676,902,903,1,4,4,4,4,34,641,89,549
398,6,6,478,478,0,10,10,517,517,0,0.00010211375472276115,0.00010211375472276115,481,481,0,-1,4,4,3,1,639,394,803
399,0,0,1,1,0,0,0,1,1,0,0.0,0.0,1,1,0,-1,-1,-1,2,0,952,892,514
400,28,28,718,718,0,42,42,701,701,0,0.00037441710065012424,0.00037441710065012424,666,666,0,-1,3,3,6,3,328,280,651
401,0,0,1,1,0,0,0,1,1,0,0.0,0.0,1,1,0,-1,-1,-1,4,0,540,999,974
402,2,104,368,934,566,8,8,429,429,0,6.807583648184077e-05,0.00030634126416828345,447,628,181,4,5,5,4,2,617,419,516
403,43,43,798,798,0,58,58,751,751,0,0.001055175465468532,0.001055175465468532,805,805,0,-1,3,3,8,9,286,415,877
404,19,635,676,996,320,40,40,775,775,0,0.0004084550188910446,0.002586881786309949,682,912,230,2,3,3,5,5,290,619,26
405,24,24,828,828,0,18,18,904,904,0,0.0017359338302869397,0.0017359338302869397,879,879,0,-1,3,3,2,8,936,345,675
406,6,108,493,947,454,18,18,708,708,0,0.00034037918240920387,0.0004084550188910446,659,685,26,4,4,4,3,1,485,727,771
407,6,622,433,994,561,34,44,622,723,101,0.00010211375472276115,0.0021784267674189047,476,891,415,2,4,3,7,2,482,223,106
408,0,102,1,923,922,0,5,1,384,383,0.0,0.00013615167296368154,1,525,524,4,-1,5,3,0,746,635,270
409,69,171,902,972,70,22,22,820,820,0,0.002280540522141666,0.0024166921951053475,907,912,5,4,3,3,2,20,977,94,447
410,0,0,1,1,0,0,0,1,1,0,0.0,0.0,1,1,0,-1,-1,-1,16,0,145,750,961
411,0,206,1,945,944,0,39,1,423,422,0.0,0.0002723033459273631,1,607,606,3,-1,4,17,0,6,751,90
412,0,102,1,911,910,0,9,1,412,411,0.0,0.0005446066918547262,1,716,715,4,-1,5,5,0,667,620,390
413,13,13,643,643,0,8,8,503,503,0,0.00010211375472276115,0.00010211375472276115,506,506,0,-1,4,4,2,5,747,274,604
414,8,8,539,539,0,10,10,494,494,0,0.00010211375472276115,0.00010211375472276115,491,491,0,-1,4,4,3,3,627,290,651
415,0,616,1,992,991,0,48,1,597,596,0.0,0.0017359338302869397,1,872,871,2,-1,3,9,0,164,921,96
416,11,112,631,950,319,12,12,645,645,0,0.0006467204465774873,0.0006807583648184077,739,752,13,6,4,4,2,4,999,312,764
417,0,102,1,921,920,0,5,1,361,360,0.0,0.00017018959120460194,1,536,535,4,-1,5,4,0,659,511,365
418,11,11,666,666,0,10,10,579,579,0,0.0002723033459273631,0.0002723033459273631,626,626,0,-1,4,4,3,4,730,504,571
419,24,24,603,603,0,88,88,564,564,0,0.0002382654276864427,0.0002382654276864427,580,580,0,-1,3,3,19,3,11,385,672
420,6,6,471,471,0,14,14,558,558,0,3.4037918240920386e-05,3.4037918240920386e-05,415,415,0,-1,4,4,3,1,825,607,650
421,41,41,769,769,0,66,66,711,711,0,0.0006467204465774873,0.0006467204465774873,740,740,0,-1,3,3,10,9,241,212,956
422,6,212,390,945,555,50,54,480,495,15,0.00010211375472276115,0.0004765308553728854,483,686,203,3,4,4,15,1,37,870,387
423,0,616,1,990,989,0,114,1,753,752,0.0,0.004561081044283332,1,949,948,2,-1,3,16,1,72,742,5
424,2,2,356,356,0,14,14,382,382,0,6.807583648184077e-05,6.807583648184077e-05,445,445,0,-1,5,5,9,3,192,755,348
425,4,620,450,999,549,6,20,425,771,346,0.00030634126416828345,0.004731270635487933,642,950,308,2,5,3,3,4,670,270,121
426,8,109,567,944,377,8,8,590,590,0,0.0005786446100956465,0.0006126825283365669,756,763,7,5,4,4,2,3,283,209,724
427,111,111,907,907,0,82,82,850,850,0,0.00176997174852786,0.00176997174852786,867,867,0,-1,3,3,7,17,179,180,993
428,2,103,365,933,568,8,8,441,441,0,0.00017018959120460194,0.00017018959120460194,543,543,0,5,5,5,4,4,603,409,225
429,39,245,778,972,194,52,52,743,743,0,0.0010211375472276116,0.0015317063208414173,805,854,49,3,3,3,7,11,505,118,759
430,0,0,1,1,0,0,0,1,1,0,0.0,0.0,1,1,0,-1,-1,-1,3,0,842,888,684
431,6,6,425,425,0,24,24,481,481,0,0.0002382654276864427,0.0002382654276864427,578,578,0,-1,4,4,8,2,454,691,753
432,35,651,796,998,202,44,54,856,917,61,0.001055175465468532,0.010449640899962559,812,985,173,2,3,3,4,8,735,257,1
433,2,208,363,967,604,6,18,395,565,170,0.0,0.0008169100377820892,1,783,782,3,5,4,3,2,634,518,403
434,6,6,436,436,0,18,18,509,509,0,6.807583648184077e-05,6.807583648184077e-05,448,448,0,-1,4,4,5,1,599,718,633
435,2,104,355,895,540,14,14,408,408,0,0.0,0.0,1,1,0,4,5,5,7,2,714,662,22
436,13,115,598,929,331,20,20,567,567,0,0.0002042275094455223,0.000442492937131965,577,692,115,4,4,4,4,3,460,291,132
437,71,277,902,986,84,22,22,764,764,0,0.0017359338302869397,0.002825147213996392,876,920,44,3,3,3,2,18,934,64,296
438,0,206,1,954,953,0,19,1,413,412,0.0,0.0002723033459273631,1,600,599,3,-1,4,9,0,262,632,93
439,0,206,1,967,966,0,22,1,588,587,0.0,0.00088498587426393,1,796,795,3,-1,4,5,0,519,906,412
440,6,212,417,960,543,18,23,427,461,34,3.4037918240920386e-05,0.00017018959120460194,401,549,148,3,4,4,8,2,186,679,339
441,25,127,705,926,221,34,34,597,597,0,0.00030634126416828345,0.00037441710065012424,632,663,31,4,4,4,7,6,156,683,785
442,34,34,789,789,0,46,46,855,855,0,0.0009530617107457708,0.0009530617107457708,800,800,0,-1,3,3,5,5,843,338,970
443,1,1,332,332,0,3,3,332,332,0,0.0,0.0,1,1,0,-1,9,9,3,1,608,647,812
444,0,102,1,878,877,0,10,1,352,351,0.0,3.4037918240920386e-05,1,404,403,4,-1,5,9,0,274,863,594
445,0,102,1,926,925,0,6,1,422,421,0.0,0.0004765308553728854,1,708,707,4,-1,5,3,0,831,520,294
446,0,206,1,952,951,0,32,1,460,459,0.0,0.0008509479560230097,1,777,776,3,-1,4,12,0,187,732,139
447,0,102,1,932,931,0,8,1,400,399,0.0,0.0002382654276864427,1,586,585,4,-1,5,5,1,580,780,551
448,21,123,707,935,228,28,28,678,678,0,0.0008509479560230097,0.0010211375472276116,791,814,23,4,3,3,5,5,616,562,667
449,0,102,1,950,949,0,3,1,387,386,0.0,0.0002042275094455223,1,565,564,4,-1,5,2,0,809,400,80
450,16,632,532,987,455,128,158,758,838,80,0.0006126825283365669,0.0024507301133462676,721,901,180,2,3,3,17,2,63,482,113
451,8,110,494,898,404,24,24,456,456,0,0.00010211375472276115,0.00010211375472276115,491,491,0,4,4,4,9,3,200,441,873
452,0,102,1,957,956,0,4,1,451,450,0.0,0.0002723033459273631,1,629,628,4,-1,5,2,0,974,933,197
453,40,141,779,933,154,60,60,788,788,0,0.0016338200755641784,0.0016338200755641784,865,865,0,6,2,2,7,1,343,360,292
454,8,8,550,550,0,9,9,479,479,0,6.807583648184077e-05,6.807583648184077e-05,463,463,0,-1,4,4,3,4,825,442,880
455,96,198,872,954,82,74,74,767,767,0,0.001599782157323258,0.0017359338302869397,856,868,12,4,3,3,9,17,306,60,251
456,261,877,961,993,32,226,226,937,937,0,0.004663194799006093,0.0053439531638245,949,957,8,2,2,2,17,38,6,111,406
457,6,6,418,418,0,18,18,430,430,0,0.0,0.0,1,1,0,-1,4,4,8,2,257,662,968
458,2,2,356,356,0,6,6,358,358,0,0.0,0.0,1,1,0,-1,5,5,5,1,599,743,388
459,0,0,1,1,0,0,0,1,1,0,0.0,0.0,1,1,0,-1,-1,-1,2,0,705,723,971
460,39,140,825,957,132,28,28,835,835,0,0.0014636304843595766,0.0016338200755641784,854,863,9,5,3,3,3,11,628,118,215
461,5,107,412,909,497,10,11,384,395,11,0.00010211375472276115,0.00037441710065012424,478,663,185,4,5,5,6,3,624,411,284
462,78,180,893,971,78,34,34,813,813,0,0.0014636304843595766,0.001497668402600497,858,862,4,4,3,3,4,20,543,49,443
463,4,106,480,950,470,6,6,447,447,0,0.0002382654276864427,0.0002382654276864427,603,603,0,4,5,5,3,4,707,346,549
464,8,110,523,923,400,10,10,467,467,0,0.00010211375472276115,0.00017018959120460194,487,545,58,4,4,4,3,2,703,749,720
465,6,212,378,942,564,81,101,514,589,75,3.4037918240920386e-05,0.00034037918240920387,400,645,245,3,4,4,21,1,54,762,80
466,57,263,759,955,196,126,126,648,648,0,0.0005105687736138058,0.0007147962830593281,692,741,49,3,3,3,23,7,57,176,302
467,0,102,1,903,902,0,8,1,355,354,0.0,0.00017018959120460194,1,536,535,4,-1,5,7,1,170,529,285
468,2,103,418,978,560,3,3,443,443,0,0.00010211375472276115,0.00017018959120460194,506,563,57,5,5,5,2,1,775,659,646
469,2,103,371,946,575,3,3,373,373,0,3.4037918240920386e-05,3.4037918240920386e-05,408,408,0,7,5,5,2,1,232,896,857
470,0,0,1,1,0,0,0,1,1,0,0.0,0.0,1,1,0,-1,-1,-1,16,0,27,836,880
471,2,208,347,943,596,30,37,392,417,25,0.0,0.00010211375472276115,1,476,475,3,5,4,18,3,86,755,260
472,54,260,784,965,181,158,158,883,883,0,0.0011913271384322134,0.0013274788113958951,817,837,20,3,2,2,14,5,130,412,727
473,31,31,776,776,0,36,36,740,740,0,0.0005786446100956465,0.0005786446100956465,732,732,0,-1,3,3,5,6,724,4,522
474,0,206,1,958,957,0,28,1,492,491,0.0,0.0016678579938050988,1,867,866,3,-1,4,9,1,389,962,60
475,36,242,707,957,250,82,82,692,692,0,0.0006807583648184077,0.001055175465468532,743,811,68,3,3,3,12,8,252,345,169
476,22,638,682,998,316,58,62,829,850,21,0.0006126825283365669,0.005888559855679227,738,967,229,2,3,3,7,4,404,207,5
477,22,22,673,673,0,36,36,643,643,0,0.0006467204465774873,0.0006467204465774873,758,758,0,-1,4,4,6,5,352,283,973
478,0,206,1,960,959,0,30,1,559,558,0.0,0.002144388849177984,1,891,890,3,-1,4,7,0,335,881,43
479,0,0,1,1,0,0,0,1,1,0,0.0,0.0,1,1,0,-1,-1,-1,8,0,371,669,726
480,16,117,590,920,330,38,38,642,642,0,0.0002723033459273631,0.0002723033459273631,612,612,0,6,3,3,8,1,309,561,861
481,0,102,1,927,926,0,10,1,455,454,0.0,0.0005786446100956465,1,736,735,4,-1,5,5,0,744,669,120
482,0,206,1,959,958,0,22,1,462,461,0.0,0.00013615167296368154,1,509,508,3,-1,4,8,0,197,844,363
483,148,354,911,978,67,148,148,881,881,0,0.002212464685659825,0.002995336805200994,891,925,34,3,2,2,13,19,41,184,642
484,0,206,1,943,942,0,47,1,418,417,0.0,0.0002042275094455223,1,555,554,3,-1,4,21,0,1,728,305
485,6,108,414,903,489,18,18,449,449,0,6.807583648184077e-05,6.807583648184077e-05,451,451,0,4,4,4,7,2,472,719,749
486,31,133,761,937,176,20,20,560,560,0,0.00034037918240920387,0.0004765308553728854,660,707,47,4,4,4,4,9,235,211,321
487,11,11,641,641,0,9,9,534,534,0,0.000442492937131965,0.000442492937131965,694,694,0,-1,4,4,3,5,984,308,478
488,28,130,734,933,199,28,28,710,710,0,0.0004084550188910446,0.0004084550188910446,685,685,0,4,3,3,3,3,892,318,618
489,20,122,700,949,249,12,12,582,582,0,0.0006467204465774873,0.0007147962830593281,751,766,15,4,4,4,2,8,643,386,724
490,394,394,988,988,0,88,88,979,979,0,0.009190237925048503,0.009190237925048503,981,981,0,-1,2,2,4,70,921,18,472
491,102,102,932,932,0,44,44,878,878,0,0.0030293747234419145,0.0030293747234419145,919,919,0,-1,3,3,4,25,617,47,514
492,0,101,1,955,954,0,3,1,326,325,0.0,3.4037918240920386e-05,1,403,402,6,-1,7,3,0,877,886,265
493,2,2,371,371,0,6,6,425,425,0,0.00017018959120460194,0.00017018959120460194,550,550,0,-1,5,5,3,2,861,550,991
494,71,173,854,957,103,52,52,834,834,0,0.0011913271384322134,0.0012594029749140542,823,830,7,4,3,3,6,12,446,99,541
495,16,16,619,619,0,42,42,723,723,0,0.0005446066918547262,0.0005446066918547262,728,728,0,-1,3,3,6,1,295,727,554
496,0,102,1,933,932,0,3,1,368,367,0.0,3.4037918240920386e-05,1,393,392,4,-1,5,2,0,589,367,761
497,92,298,851,969,118,150,150,819,819,0,0.0013955546478777359,0.002586881786309949,846,910,64,3,3,3,15,15,51,206,100
498,4,4,420,420,0,10,10,393,393,0,0.0,0.0,1,1,0,-1,5,5,6,5,387,476,887
499,4,210,395,952,557,20,38,391,488,97,6.807583648184077e-05,0.0005446066918547262,439,700,261,3,5,4,11,2,163,547,221
500,0,102,1,943,942,0,5,1,408,407,0.0,0.0002042275094455223,1,583,582,4,-1,5,3,0,840,990,86
501,22,228,663,966,303,28,28,548,548,0,0.00037441710065012424,0.0007828721195411688,665,780,115,3,4,4,6,7,368,303,338
502,34,34,753,753,0,40,40,717,717,0,0.0006467204465774873,0.0006467204465774873,746,746,0,-1,3,3,5,6,347,275,715
503,333,539,981,992,11,142,142,975,975,0,0.005582218591510943,0.00616086320160659,962,967,5,3,2,2,8,61,257,14,312
504,49,151,874,974,100,34,34,885,885,0,0.0020082371762143027,0.0030634126416828346,898,928,30,4,3,3,4,15,860,158,190
505,5,211,422,962,540,13,26,379,491,112,3.4037918240920386e-05,0.0012594029749140542,400,832,432,3,5,4,9,4,278,398,96
506,22,22,605,605,0,66,66,528,528,0,6.807583648184077e-05,6.807583648184077e-05,445,445,0,-1,3,3,16,2,26,576,889
507,24,125,703,934,231,12,12,543,543,0,0.0005786446100956465,0.0005786446100956465,719,719,0,5,4,4,2,8,769,386,893
508,240,856,979,999,20,56,66,843,887,44,0.004561081044283332,0.008645631233193778,952,977,25,2,3,3,6,61,322,14,141
509,122,224,951,975,24,38,38,887,887,0,0.00353994349705572,0.003710133088260322,940,942,2,4,3,3,3,25,800,105,958
510,50,151,811,936,125,58,58,738,738,0,0.0009530617107457708,0.001055175465468532,798,813,15,5,3,3,8,5,418,273,476
511,0,0,1,1,0,0,0,1,1,0,0.0,0.0,1,1,0,-1,-1,-1,8,0,468,821,698
512,2,104,365,934,569,7,7,441,441,0,3.4037918240920386e-05,0.0004084550188910446,399,685,286,4,5,5,4,2,827,325,500
513,1,207,332,976,644,2,7,332,488,156,0.0,0.00017018959120460194,1,554,553,3,6,4,2,1,880,861,447
514,6,108,392,888,496,50,50,467,467,0,0.0,0.0002382654276864427,1,585,584,4,4,4,17,1,63,873,795
515,23,125,746,942,196,8,8,500,500,0,0.00030634126416828345,0.0007828721195411688,640,779,139,4,4,4,2,9,880,191,184
516,21,123,686,925,239,46,46,765,765,0,0.0009530617107457708,0.0011232513019503727,816,838,22,4,3,3,6,5,526,355,247
517,0,0,1,1,0,0,0,1,1,0,0.0,0.0,1,1,0,-1,-1,-1,7,0,510,786,901
518,0,0,1,1,0,0,0,1,1,0,0.0,0.0,1,1,0,-1,-1,-1,16,0,134,744,657
519,12,218,494,949,455,82,82,570,570,0,0.00017018959120460194,0.00034037918240920387,537,639,102,3,4,4,17,3,71,121,425
520,28,644,696,994,298,92,92,895,895,0,0.0013274788113958951,0.0027911092957554717,831,923,92,2,3,3,7,3,193,642,163
521,0,206,1,942,941,0,62,1,480,479,0.0,0.0008169100377820892,1,748,747,3,-1,4,20,0,70,996,192
522,9,9,594,594,0,14,14,598,598,0,0.0002042275094455223,0.0002042275094455223,600,600,0,-1,4,4,3,3,530,458,949
523,22,22,637,637,0,54,54,666,666,0,0.00037441710065012424,0.00037441710065012424,655,655,0,-1,3,3,8,2,303,827,423
524,4,4,403,403,0,10,10,405,405,0,6.807583648184077e-05,6.807583648184077e-05,445,445,0,-1,5,5,5,5,818,231,947
525,53,155,872,965,93,28,28,815,815,0,0.0009530617107457708,0.001055175465468532,806,824,18,4,3,3,3,12,590,155,667
526,0,0,1,1,0,0,0,1,1,0,0.0,0.0,1,1,0,-1,-1,-1,12,0,222,911,871
527,18,120,709,956,247,22,22,816,816,0,0.0012253650566731338,0.0012594029749140542,839,840,1,4,3,3,2,3,986,559,577
528,0,0,1,1,0,0,0,1,1,0,0.0,0.0,1,1,0,-1,-1,-1,3,0,853,698,914
529,0,102,1,980,979,0,3,1,465,464,0.0,0.00013615167296368154,1,544,543,4,-1,5,2,1,955,947,501
530,86,86,900,900,0,18,18,658,658,0,0.0020422750944552232,0.0020422750944552232,890,890,0,-1,4,4,3,20,588,109,980
531,0,0,1,1,0,0,0,1,1,0,0.0,0.0,1,1,0,-1,-1,-1,12,0,87,808,890
532,0,0,1,1,0,0,0,1,1,0,0.0,0.0,1,1,0,-1,-1,-1,3,0,745,821,886
533,0,0,1,1,0,0,0,1,1,0,0.0,0.0,1,1,0,-1,-1,-1,2,0,926,758,889
534,2,104,366,930,564,7,8,407,443,36,3.4037918240920386e-05,0.0002042275094455223,408,570,162,4,5,5,4,1,891,879,634
535,52,52,836,836,0,56,56,814,814,0,0.0009870996289866913,0.0009870996289866913,821,821,0,-1,3,3,6,6,526,658,542
536,6,622,390,991,601,24,58,444,669,225,3.4037918240920386e-05,0.001599782157323258,400,858,458,2,4,3,8,1,370,416,133
537,0,0,1,1,0,0,0,1,1,0,0.0,0.0,1,1,0,-1,-1,-1,14,0,47,859,992
538,9,9,582,582,0,8,8,489,489,0,0.00017018959120460194,0.00017018959120460194,538,538,0,-1,4,4,2,3,733,458,686
539,3,105,432,930,498,4,4,383,383,0,0.00010211375472276115,0.00010211375472276115,503,503,0,4,5,5,2,3,846,761,506
540,97,199,854,945,91,118,118,816,816,0,0.0009530617107457708,0.001055175465468532,791,803,12,4,3,3,13,17,120,327,931
541,5,107,530,971,441,4,4,471,471,0,0.00017018959120460194,0.001055175465468532,559,824,265,4,5,5,2,6,898,392,243
542,0,0,1,1,0,0,0,1,1,0,0.0,0.0,1,1,0,-1,-1,-1,5,1,555,962,834
543,0,206,1,951,950,0,48,1,648,647,0.0,0.004731270635487933,1,951,950,3,-1,4,8,0,317,489,5
544,0,102,1,880,879,0,18,1,367,366,0.0,0.0002042275094455223,1,562,561,4,-1,5,15,2,138,684,93
545,0,0,1,1,0,0,0,1,1,0,0.0,0.0,1,1,0,-1,-1,-1,9,0,395,372,641
546,0,616,1,991,990,0,89,1,606,605,0.0,0.0012934408931549745,1,839,838,2,-1,3,17,0,24,951,327
547,0,0,1,1,0,0,0,1,1,0,0.0,0.0,1,1,0,-1,-1,-1,8,0,488,644,733
548,798,1004,996,999,3,382,382,996,996,0,0.013138636440995268,0.013581129378127233,989,990,1,3,2,2,17,83,112,10,184
549,0,0,1,1,0,0,0,1,1,0,0.0,0.0,1,1,0,-1,-1,-1,3,0,875,888,624
550,2,208,344,940,596,37,95,348,462,114,0.0,0.0004765308553728854,1,674,673,3,5,4,35,2,20,344,187
551,0,102,1,911,910,0,5,1,360,359,0.0,3.4037918240920386e-05,1,410,409,4,-1,5,4,2,870,775,506
552,16,16,645,645,0,24,24,729,729,0,0.00017018959120460194,0.00017018959120460194,553,553,0,-1,3,3,3,2,620,493,835
553,52,258,763,961,198,132,132,774,774,0,0.0007147962830593281,0.0008169100377820892,735,758,23,3,3,3,16,7,26,150,252
554,8,8,500,500,0,18,18,425,425,0,6.807583648184077e-05,6.807583648184077e-05,443,443,0,-1,4,4,8,2,131,430,851
555,148,148,931,931,0,82,82,853,853,0,0.002144388849177984,0.002144388849177984,891,891,0,-1,3,3,7,24,331,129,883
556,56,262,804,972,168,116,116,867,867,0,0.0006467204465774873,0.0014295925661186562,740,845,105,3,3,3,11,7,224,169,207
557,6,212,410,957,547,18,26,437,507,70,0.0,0.0005446066918547262,1,722,721,3,4,4,7,1,331,618,242
558,0,0,1,1,0,0,0,1,1,0,0.0,0.0,1,1,0,-1,-1,-1,2,0,960,359,462
559,0,102,1,867,866,0,35,1,389,388,0.0,0.00010211375472276115,1,471,470,4,-1,5,19,0,19,400,683
560,0,102,1,915,914,0,6,1,368,367,0.0,3.4037918240920386e-05,1,400,399,4,-1,5,4,0,444,564,666
561,28,28,791,791,0,30,30,807,807,0,0.0007488342013002485,0.0007488342013002485,788,788,0,-1,3,3,4,6,728,114,738
562,0,206,1,958,957,0,22,1,480,479,0.0,0.0006807583648184077,1,762,761,3,-1,4,7,0,466,455,184
563,0,101,1,944,943,0,3,1,330,329,0.0,3.4037918240920386e-05,1,397,396,5,-1,6,3,0,867,978,555
564,10,626,595,998,403,12,22,619,783,164,0.0004084550188910446,0.0021784267674189047,686,895,209,2,4,3,2,3,750,268,169
565,77,283,862,976,114,76,76,862,862,0,0.001599782157323258,0.003199564314646516,860,929,69,3,2,2,7,8,466,352,91
566,0,101,1,943,942,0,3,1,329,328,0.0,0.0002042275094455223,1,581,580,5,-1,6,3,1,674,456,124
567,6,6,582,582,0,8,8,644,644,0,0.00017018959120460194,0.00017018959120460194,554,554,0,-1,4,4,2,1,884,681,808
568,8,110,508,914,406,34,34,585,585,0,0.00017018959120460194,0.0002042275094455223,538,563,25,4,4,4,7,2,398,697,878
569,8,8,495,495,0,28,28,541,541,0,6.807583648184077e-05,6.807583648184077e-05,449,449,0,-1,4,4,6,3,378,434,330
570,9,215,507,957,450,37,45,432,474,42,0.00017018959120460194,0.00037441710065012424,544,652,108,3,4,4,15,4,32,442,508
571,0,206,1,953,952,0,44,1,548,547,0.0,0.0015317063208414173,1,846,845,3,-1,4,10,0,75,733,58
572,16,222,530,955,425,54,54,548,548,0,0.0002723033459273631,0.0005786446100956465,611,724,113,3,4,4,13,5,228,562,101
573,2,104,365,925,560,7,10,386,446,60,3.4037918240920386e-05,0.0005786446100956465,398,738,340,4,5,5,5,2,612,509,184
574,21,21,677,677,0,18,18,502,502,0,0.00013615167296368154,0.00013615167296368154,526,526,0,-1,4,4,5,5,294,528,638
575,20,20,766,766,0,9,9,564,564,0,0.00034037918240920387,0.00034037918240920387,663,663,0,-1,4,4,3,11,918,249,984
576,84,186,901,972,71,54,54,931,931,0,0.002382654276864427,0.002484768031587188,895,899,4,4,3,3,4,17,543,180,634
577,374,974,983,998,15,76,76,890,890,0,0.008475441641989176,0.010926171755335444,978,984,6,2,3,3,6,54,536,19,111
578,0,102,1,890,889,0,14,1,357,356,0.0,3.4037918240920386e-05,1,384,383,4,-1,5,12,1,219,780,717
579,6,6,409,409,0,66,66,678,678,0,0.00010211375472276115,0.00010211375472276115,482,482,0,-1,4,4,11,2,155,493,358
580,4,210,414,964,550,5,14,373,501,128,0.0002382654276864427,0.0005105687736138058,594,703,109,3,5,4,3,5,731,464,310
581,0,0,1,1,0,0,0,1,1,0,0.0,0.0,1,1,0,-1,-1,-1,6,0,405,945,746
582,6,6,484,484,0,14,14,589,589,0,3.4037918240920386e-05,3.4037918240920386e-05,411,411,0,-1,4,4,3,1,433,152,698
583,0,206,1,978,977,0,15,1,593,592,0.0,0.001055175465468532,1,821,820,3,-1,4,4,0,827,324,78
584,8,110,525,919,394,18,18,514,514,0,0.0002042275094455223,0.0004765308553728854,573,698,125,4,4,4,5,4,604,239,230
585,45,147,813,940,127,50,50,725,725,0,0.0005786446100956465,0.0005786446100956465,726,726,0,4,3,3,8,8,318,187,648
586,8,109,555,935,380,12,12,520,520,0,0.00010211375472276115,0.00013615167296368154,493,522,29,5,4,4,4,4,679,346,311
587,510,510,986,986,0,396,396,990,990,0,0.005548180673270023,0.005548180673270023,956,956,0,-1,2,2,20,57,61,50,483
588,10,626,510,991,481,38,86,496,763,267,0.0002042275094455223,0.0026889955410327104,562,904,342,2,4,3,11,5,360,722,133
589,1,102,332,928,596,4,4,332,332,0,0.0,3.4037918240920386e-05,1,397,396,5,7,6,4,1,611,469,215
590,40,141,708,898,190,136,136,794,794,0,0.0005786446100956465,0.0005786446100956465,709,709,0,9,2,2,16,1,132,282,647
591,0,206,1,981,980,0,12,1,622,621,0.0,0.0007828721195411688,1,789,788,3,-1,4,2,0,928,930,327
592,8,624,501,994,493,22,32,465,556,91,6.807583648184077e-05,0.0016678579938050988,467,865,398,2,4,3,7,2,179,680,150
593,0,102,1,923,922,0,4,1,359,358,0.0,0.00010211375472276115,1,500,499,4,-1,5,3,0,620,995,810
594,46,147,801,935,134,82,82,898,898,0,0.0005786446100956465,0.0005786446100956465,727,727,0,6,3,3,7,7,413,134,640
595,34,240,744,970,226,66,66,750,750,0,0.0007488342013002485,0.0015317063208414173,768,852,84,3,3,3,9,5,200,178,71
596,24,125,742,951,209,24,24,713,713,0,0.0011232513019503727,0.0011913271384322134,831,837,6,5,4,4,4,6,673,377,690
597,38,38,745,745,0,66,66,669,669,0,0.00030634126416828345,0.00030634126416828345,635,635,0,-1,3,3,10,8,204,90,993
598,6,6,526,526,0,7,7,560,560,0,3.4037918240920386e-05,3.4037918240920386e-05,411,411,0,-1,4,4,2,1,950,449,750
599,0,102,1,903,902,0,6,1,368,367,0.0,0.0002382654276864427,1,592,591,4,-1,5,4,0,385,502,290
600,83,83,914,914,0,22,22,805,805,0,0.003199564314646516,0.003199564314646516,939,939,0,-1,3,3,2,19,609,135,604
601,6,107,401,884,483,36,36,520,520,0,3.4037918240920386e-05,3.4037918240920386e-05,410,410,0,5,4,4,10,1,109,958,543
602,2,208,357,964,607,7,28,357,563,206,3.4037918240920386e-05,0.0016678579938050988,404,859,455,3,5,4,6,2,549,656,91
603,117,733,928,998,70,60,60,858,858,0,0.002757071377514551,0.003812246842983083,916,947,31,2,3,3,5,22,390,128,224
604,0,102,1,940,939,0,4,1,406,405,0.0,0.0008169100377820892,1,783,782,4,-1,5,2,0,943,813,49
605,27,128,752,947,195,44,44,859,859,0,0.0007828721195411688,0.0008169100377820892,782,788,6,5,3,3,4,5,313,216,899
606,0,102,1,895,894,0,13,1,382,381,0.0,0.00017018959120460194,1,534,533,4,-1,5,9,0,367,574,4
607,40,141,734,913,179,80,80,630,630,0,0.0005786446100956465,0.0005786446100956465,712,712,0,5,3,3,14,6,332,435,896
608,4,106,457,943,486,6,6,442,442,0,6.807583648184077e-05,0.0002042275094455223,451,584,133,4,5,5,3,5,800,401,385
609,578,578,993,993,0,118,118,972,972,0,0.012662105585622384,0.012662105585622384,984,984,0,-1,3,3,8,83,541,10,974
610,18,18,706,706,0,14,14,601,601,0,0.0005105687736138058,0.0005105687736138058,723,723,0,-1,4,4,3,6,683,494,911
611,40,246,760,966,206,74,74,755,755,0,0.0005105687736138058,0.0020763130126961434,711,882,171,3,3,3,9,4,245,185,304
612,0,102,1,946,945,0,4,1,431,430,0.0,0.0008509479560230097,1,799,798,4,-1,5,2,0,957,850,243
613,10,10,578,578,0,7,7,456,456,0,6.807583648184077e-05,6.807583648184077e-05,445,445,0,-1,4,4,2,4,905,581,737
614,26,232,746,973,227,34,34,767,767,0,0.0007828721195411688,0.00353994349705572,782,937,155,3,3,3,4,4,649,185,105
615,1,1,333,333,0,6,6,333,333,0,0.0,0.0,1,1,0,-1,6,6,6,1,353,703,643
616,18,120,627,914,287,48,48,708,708,0,0.0002723033459273631,0.00030634126416828345,613,628,15,4,3,3,7,3,346,354,544
617,12,113,540,910,370,34,34,581,581,0,0.00037441710065012424,0.00037441710065012424,649,649,0,6,4,4,7,3,366,505,331
618,46,46,813,813,0,58,58,924,924,0,0.0018380475850097008,0.0018380475850097008,869,869,0,-1,2,2,4,3,622,300,822
619,4,210,400,957,557,11,18,382,436,54,6.807583648184077e-05,0.0006467204465774873,451,746,295,3,5,4,7,2,331,547,155
620,0,206,1,947,946,0,38,1,454,453,0.0,0.0005446066918547262,1,709,708,3,-1,4,14,0,268,733,217
621,7,109,637,977,340,12,12,837,837,0,0.00034037918240920387,0.0009870996289866913,665,816,151,4,4,4,2,2,973,101,232
622,22,124,723,948,225,34,34,824,824,0,0.0008169100377820892,0.0009870996289866913,769,810,41,4,3,3,4,2,696,827,381
623,17,118,621,912,291,24,24,510,510,0,6.807583648184077e-05,6.807583648184077e-05,448,448,0,5,4,4,6,5,368,274,509
624,8,8,605,605,0,12,12,637,637,0,0.0002042275094455223,0.0002042275094455223,591,591,0,-1,4,4,2,2,913,770,713
625,0,206,1,971,970,0,9,1,435,434,0.0,0.00010211375472276115,1,479,478,3,-1,4,4,0,822,892,506
626,12,12,546,546,0,30,30,562,562,0,0.0002382654276864427,0.0002382654276864427,599,599,0,-1,4,4,7,3,510,795,715
627,23,229,692,971,279,34,34,736,736,0,0.0004765308553728854,0.0011913271384322134,691,822,131,3,3,3,4,3,887,291,150
628,0,0,1,1,0,0,0,1,1,0,0.0,0.0,1,1,0,-1,-1,-1,13,0,185,826,876
629,16,118,593,911,318,66,66,786,786,0,0.0002723033459273631,0.0004765308553728854,611,695,84,4,3,3,8,1,257,474,168
630,419,519,994,998,4,72,72,990,990,0,0.016474352428605468,0.016712617856291908,992,992,0,4,2,2,3,91,642,7,175
631,16,632,628,997,369,40,54,835,911,76,0.00030634126416828345,0.002144388849177984,636,891,255,2,3,3,4,1,559,718,403
632,0,0,1,1,0,0,0,1,1,0,0.0,0.0,1,1,0,-1,-1,-1,7,0,497,813,953
633,36,242,809,977,168,38,38,857,857,0,0.0005105687736138058,0.0017359338302869397,727,873,146,3,3,3,3,4,780,328,104
634,0,206,1,975,974,0,10,1,500,499,0.0,0.0006807583648184077,1,767,766,3,-1,4,3,0,857,455,83
635,0,616,1,995,994,0,62,1,738,737,0.0,0.0023486163586235067,1,899,898,2,-1,3,9,0,422,611,73
636,4,106,501,971,470,4,4,471,471,0,3.4037918240920386e-05,0.00088498587426393,406,801,395,4,5,5,2,3,898,290,146
637,149,765,953,999,46,54,54,924,924,0,0.004663194799006093,0.008305252050784574,953,977,24,2,3,3,4,27,682,25,133
638,26,127,839,971,132,12,12,755,755,0,0.0005105687736138058,0.0008509479560230097,731,797,66,5,4,4,2,9,987,154,366
639,0,616,1,997,996,0,42,1,672,671,0.0,0.002382654276864427,1,892,891,2,-1,3,8,0,270,945,66
640,28,234,706,967,261,72,72,856,856,0,0.0012253650566731338,0.0023486163586235067,824,896,72,3,3,3,7,4,398,281,96
641,758,758,997,997,0,200,200,998,998,0,0.017052997038701112,0.017052997038701112,989,989,0,-1,2,2,8,118,334,37,707
642,16,118,632,941,309,12,12,490,490,0,0.00037441710065012424,0.0004084550188910446,661,672,11,4,4,4,4,9,562,191,290
643,0,101,1,948,947,0,3,1,331,330,0.0,0.0,1,1,0,6,-1,7,3,0,768,517,590
644,7,108,534,939,405,7,7,421,421,0,6.807583648184077e-05,6.807583648184077e-05,446,446,0,8,5,5,4,4,610,208,647
645,6,107,487,947,460,9,9,505,505,0,0.00013615167296368154,0.0002042275094455223,519,574,55,5,4,4,3,1,902,840,460
646,87,189,904,967,63,58,58,953,953,0,0.005718370264474625,0.005820484019197386,962,962,0,4,2,2,4,20,458,189,724
647,9,9,556,556,0,12,12,470,470,0,0.0002042275094455223,0.0002042275094455223,587,587,0,-1,4,4,4,4,512,220,786
648,72,174,863,951,88,52,52,733,733,0,0.0011232513019503727,0.0013955546478777359,820,846,26,4,3,3,7,19,658,184,229
649,6,622,437,998,561,26,40,624,771,147,0.00010211375472276115,0.004220701861874128,489,952,463,2,4,3,5,2,326,532,33
650,69,685,813,991,178,142,152,795,816,21,0.0012934408931549745,0.0022465026039007454,841,893,52,2,3,3,17,8,24,352,193
651,41,41,804,804,0,44,44,811,811,0,0.0007488342013002485,0.0007488342013002485,770,770,0,-1,3,3,4,7,759,329,538
652,14,116,598,927,329,18,18,514,514,0,0.0002042275094455223,0.0002723033459273631,577,613,36,4,4,4,5,4,311,332,392
653,12,218,566,970,404,20,20,548,548,0,0.00034037918240920387,0.0006126825283365669,645,744,99,3,4,4,4,4,870,208,510
654,17,633,622,994,372,28,50,515,697,182,0.000442492937131965,0.0035739814152966403,683,934,251,2,4,3,8,6,488,516,135
655,51,667,812,996,184,72,82,815,863,48,0.0009190237925048504,0.003199564314646516,792,934,142,2,3,3,7,9,366,293,81
656,30,30,793,793,0,22,22,775,775,0,0.0005105687736138058,0.0005105687736138058,710,710,0,-1,3,3,2,4,931,40,324
657,40,240,756,966,210,42,42,569,569,0,0.0002382654276864427,0.0008169100377820892,592,772,180,3,4,4,9,9,367,391,242
658,0,0,1,1,0,0,0,1,1,0,0.0,0.0,1,1,0,-1,-1,-1,8,0,318,715,574
659,2,103,375,946,571,6,6,486,486,0,3.4037918240920386e-05,6.807583648184077e-05,404,466,62,5,5,5,3,1,796,870,290
660,2,208,349,943,594,32,37,383,403,20,0.0,3.4037918240920386e-05,1,403,402,3,5,4,21,2,2,679,290
661,18,224,666,974,308,12,12,563,563,0,0.0005105687736138058,0.001157289220191293,723,841,118,3,4,4,2,4,859,622,415
662,0,206,1,961,960,0,24,1,474,473,0.0,0.0009530617107457708,1,791,790,3,-1,4,8,0,201,455,190
663,100,100,916,916,0,100,100,984,984,0,0.038905340549372,0.03921168181354028,1000,1000,0,4,1,1,5,30,435,75,340
664,1,102,329,979,650,2,2,329,329,0,0.0,0.0,1,1,0,9,6,6,2,1,952,862,626
665,152,152,958,958,0,60,60,921,921,0,0.004356853534837809,0.004356853534837809,945,945,0,-1,3,3,5,29,580,142,735
666,0,206,1,955,954,0,22,1,452,451,0.0,0.0009190237925048504,1,786,785,3,-1,4,9,0,250,990,335
667,6,6,400,400,0,30,30,439,439,0,0.0,0.0,1,1,0,-1,4,4,12,1,58,639,986
668,0,102,1,903,902,0,14,1,396,395,0.0,0.0002042275094455223,1,559,558,4,-1,5,8,0,301,831,389
669,6,6,453,453,0,6,6,412,412,0,0.00010211375472276115,0.00010211375472276115,500,500,0,-1,5,5,3,6,780,392,533
670,23,125,680,921,241,68,68,794,794,0,0.0007147962830593281,0.0007828721195411688,764,775,11,4,3,3,8,5,420,589,430
671,0,206,1,960,959,0,27,1,490,489,0.0,0.0009530617107457708,1,797,796,3,-1,4,8,0,231,675,296
672,0,101,1,935,934,0,2,1,331,330,0.0,3.4037918240920386e-05,1,398,397,5,-1,6,2,0,970,624,364
673,0,1640,1,1000,999,0,44,1,970,969,0.0,0.03516116954287076,1,997,996,1,-1,2,3,0,608,897,179
674,2,104,351,881,530,11,15,359,383,24,0.0,0.0002042275094455223,1,569,568,4,5,5,9,2,159,739,625
675,46,148,827,947,120,50,50,856,856,0,0.0011913271384322134,0.001497668402600497,838,860,22,4,3,3,5,8,452,174,306
676,0,206,1,946,945,0,58,1,590,589,0.0,0.004288777698355968,1,949,948,3,-1,4,11,0,162,897,12
677,16,118,577,908,331,30,30,506,506,0,0.00034037918240920387,0.00037441710065012424,649,664,15,4,3,3,9,3,126,466,156
678,18,120,657,937,280,26,26,721,721,0,0.000442492937131965,0.0005105687736138058,694,718,24,4,3,3,4,3,558,505,223
679,6,212,515,982,467,8,12,544,657,113,0.00017018959120460194,0.004561081044283332,566,955,389,3,4,4,2,1,897,840,5
680,0,101,1,908,907,0,5,1,332,331,0.0,0.0,1,1,0,5,-1,6,5,0,506,520,896
681,0,206,1,975,974,0,10,1,484,483,0.0,0.002144388849177984,1,901,900,3,-1,4,3,0,337,678,48
682,0,102,1,940,939,0,5,1,408,407,0.0,6.807583648184077e-05,1,454,453,4,-1,5,3,0,879,927,491
683,1,1,333,333,0,8,8,333,333,0,0.0,0.0,1,1,0,-1,7,7,8,1,383,703,730
684,16,16,720,720,0,19,19,839,839,0,0.00034037918240920387,0.00034037918240920387,663,663,0,-1,3,3,3,1,918,238,823
685,0,206,1,947,946,0,36,1,445,444,0.0,0.00010211375472276115,1,471,470,3,-1,4,14,0,268,892,221
686,0,101,1,895,894,0,4,1,332,331,0.0,0.0002382654276864427,1,584,583,5,-1,6,4,0,493,367,319
687,4,106,450,941,491,4,4,413,413,0,0.00013615167296368154,0.00034037918240920387,512,649,137,4,5,5,2,3,816,598,418
688,39,245,797,973,176,34,34,778,778,0,0.0005105687736138058,0.0011232513019503727,720,827,107,3,3,3,4,7,547,389,390
689,0,0,1,1,0,0,0,1,1,0,0.0,0.0,1,1,0,-1,-1,-1,8,1,428,767,858
690,6,108,442,929,487,12,12,494,494,0,0.0002042275094455223,0.00034037918240920387,554,652,98,4,4,4,4,1,511,394,427
691,6,212,409,957,548,34,34,519,519,0,6.807583648184077e-05,0.0002042275094455223,449,572,123,3,4,4,9,2,263,785,197
692,0,206,1,970,969,0,11,1,454,453,0.0,0.00013615167296368154,1,515,514,3,-1,4,4,0,969,881,220
693,173,173,953,953,0,64,64,912,912,0,0.004493005207801491,0.004493005207801491,954,954,0,-1,3,3,4,27,870,25,803
694,0,102,1,921,920,0,8,1,425,424,0.0,3.4037918240920386e-05,1,395,394,4,-1,5,4,0,787,533,222
695,31,31,718,718,0,48,48,662,662,0,0.0010892133837094523,0.0010892133837094523,819,819,0,-1,3,3,7,6,321,516,818
696,93,93,865,865,0,82,82,788,788,0,0.0012594029749140542,0.0012594029749140542,835,835,0,-1,3,3,11,18,248,147,723
697,34,650,724,992,268,80,90,750,779,29,0.0008509479560230097,0.0017359338302869397,777,870,93,2,3,3,10,8,204,264,328
698,23,23,623,623,0,98,98,633,633,0,0.0004084550188910446,0.0004084550188910446,665,665,0,-1,3,3,16,4,27,339,876
699,76,76,848,848,0,100,100,815,815,0,0.0014636304843595766,0.0014636304843595766,840,840,0,-1,3,3,10,12,82,155,769
700,74,690,834,994,160,106,116,739,774,35,0.0007828721195411688,0.0018040096667687805,767,870,103,2,3,3,15,8,95,187,54
701,32,238,652,947,295,73,98,517,599,82,0.00010211375472276115,0.001055175465468532,465,804,339,3,3,3,19,3,11,598,130
702,47,47,836,836,0,38,38,881,881,0,0.002927260968719153,0.002927260968719153,919,919,0,-1,3,3,3,6,588,73,952
703,5,107,411,908,497,11,11,393,393,0,6.807583648184077e-05,0.0005105687736138058,444,711,267,4,5,5,6,4,498,442,296
704,27,128,774,951,177,26,26,789,789,0,0.0010211375472276116,0.0010211375472276116,816,816,0,5,3,3,4,6,603,232,361
705,0,102,1,942,941,0,4,1,410,409,0.0,3.4037918240920386e-05,1,401,400,4,-1,5,2,0,937,921,553
706,0,101,1,886,885,0,11,1,332,331,0.0,3.4037918240920386e-05,1,389,388,5,-1,6,11,0,230,937,601
707,83,83,903,903,0,44,44,872,872,0,0.002757071377514551,0.002757071377514551,919,919,0,-1,3,3,4,18,611,147,988
708,2,103,391,963,572,4,4,458,458,0,0.0002042275094455223,0.00034037918240920387,577,670,93,5,5,5,2,1,749,809,230
709,11,113,555,927,372,14,14,502,502,0,3.4037918240920386e-05,0.00010211375472276115,397,476,79,4,4,4,3,4,725,315,406
710,2,2,375,375,0,6,6,486,486,0,0.00017018959120460194,0.00017018959120460194,551,551,0,-1,5,5,3,1,796,666,918
711,1,207,333,978,645,3,10,333,538,205,0.0,0.0008169100377820892,1,792,791,3,6,4,3,1,535,503,227
712,0,102,1,907,906,0,9,1,383,382,0.0,0.0002723033459273631,1,606,605,4,-1,5,6,0,441,201,454
713,0,0,1,1,0,0,0,1,1,0,0.0,0.0,1,1,0,-1,-1,-1,3,0,590,702,900
714,90,296,908,981,73,44,44,861,861,0,0.002110350930937064,0.0023486163586235067,894,903,9,3,3,3,4,12,969,58,333
715,7,109,556,939,383,14,14,592,592,0,0.0004084550188910446,0.0006467204465774873,680,749,69,4,4,4,3,2,732,101,422
716,4,4,420,420,0,9,9,409,409,0,0.0002042275094455223,0.0002042275094455223,579,579,0,-1,5,5,5,2,538,408,948
717,0,0,1,1,0,0,0,1,1,0,0.0,0.0,1,1,0,-1,-1,-1,4,0,504,901,753
718,317,418,980,987,7,96,96,963,963,0,0.008101024541339052,0.008101024541339052,972,972,0,5,3,3,6,62,405,70,659
719,96,712,884,996,112,90,100,917,937,20,0.00176997174852786,0.004050512270669526,866,951,85,2,2,2,6,13,368,335,15
720,0,206,1,950,949,0,21,1,424,423,0.0,0.00030634126416828345,1,626,625,3,-1,4,9,0,277,959,339
721,4,4,417,417,0,10,10,396,396,0,6.807583648184077e-05,6.807583648184077e-05,438,438,0,-1,5,5,6,3,575,534,760
722,0,101,1,945,944,0,2,1,331,330,0.0,0.0,1,1,0,5,-1,6,2,0,998,995,555
723,4,4,421,421,0,8,8,406,406,0,3.4037918240920386e-05,3.4037918240920386e-05,394,394,0,-1,5,5,4,2,354,749,982
724,143,759,925,996,71,100,100,878,878,0,0.0026549576227917903,0.003812246842983083,906,941,35,2,3,3,9,24,414,119,207
725,2,103,369,925,556,5,5,395,395,0,0.0,6.807583648184077e-05,1,451,450,5,5,5,3,2,636,320,931
726,0,0,1,1,0,0,0,1,1,0,0.0,0.0,1,1,0,-1,-1,-1,5,0,519,790,349
727,22,123,813,972,159,14,14,736,736,0,0.0006807583648184077,0.0007147962830593281,772,776,4,6,4,4,3,5,812,273,924
728,0,616,1,997,996,0,22,1,697,696,0.0,0.0028591851322373124,1,919,918,2,-1,3,4,1,543,895,59
729,0,0,1,1,0,0,0,1,1,0,0.0,0.0,1,1,0,-1,-1,-1,21,0,3,994,650
730,14,14,585,585,0,20,20,501,501,0,6.807583648184077e-05,6.807583648184077e-05,444,444,0,-1,4,4,6,3,353,347,624
731,0,1640,1,1000,999,0,114,1,873,872,0.0,0.020729092208720514,1,995,994,1,-1,2,10,0,206,952,2
732,0,0,1,1,0,0,0,1,1,0,0.0,0.0,1,1,0,-1,-1,-1,4,0,811,546,976
733,0,101,1,892,891,0,7,1,332,331,0.0,0.0,1,1,0,5,-1,6,7,0,209,844,607
734,25,25,740,740,0,14,14,561,561,0,0.0004084550188910446,0.0004084550188910446,678,678,0,-1,4,4,3,8,935,521,633
735,0,206,1,978,977,0,14,1,586,585,0.0,0.004799346471969774,1,955,954,3,-1,4,3,0,628,963,30
736,5,5,475,475,0,6,6,425,425,0,0.00013615167296368154,0.00013615167296368154,524,524,0,-1,5,5,3,4,863,398,932
737,43,144,797,941,144,40,40,657,657,0,0.0005105687736138058,0.0005105687736138058,715,715,0,5,3,3,7,7,156,176,893
738,77,77,929,929,0,46,46,982,982,0,0.005854521937438306,0.005854521937438306,967,967,0,-1,2,2,2,12,995,104,942
739,6,108,453,935,482,16,16,560,560,0,0.00010211375472276115,0.00034037918240920387,475,640,165,4,4,4,4,3,945,309,303
740,0,206,1,937,936,0,37,1,384,383,0.0,0.0002723033459273631,1,607,606,3,-1,4,19,0,14,909,256
741,14,220,589,971,382,38,38,689,689,0,0.0005105687736138058,0.0006807583648184077,716,753,37,3,4,4,7,4,404,288,280
742,0,1640,1,1000,999,0,96,1,701,700,0.0,0.009122162088566664,1,974,973,1,-1,2,14,1,144,513,89
743,0,616,1,988,987,0,88,1,615,614,0.0,0.002723033459273631,1,906,905,2,-1,3,17,0,80,940,17
744,21,227,803,991,188,12,12,731,731,0,0.0005446066918547262,0.0026889955410327104,730,928,198,3,4,4,2,11,959,249,74
745,0,101,1,888,887,0,12,1,332,331,0.0,6.807583648184077e-05,1,443,442,5,-1,6,12,0,375,669,837
746,79,285,884,980,96,40,40,784,784,0,0.0020763130126961434,0.0030634126416828346,886,921,35,3,3,3,5,27,656,304,272
747,317,419,986,991,5,54,54,916,916,0,0.009088124170325743,0.009292351679771264,981,982,1,4,3,3,4,54,611,19,307
748,22,228,662,965,303,46,50,665,697,32,0.0002042275094455223,0.0024166921951053475,571,902,331,3,3,3,8,4,488,149,98
749,8,214,504,962,458,40,44,605,630,25,0.00037441710065012424,0.0008509479560230097,660,790,130,3,4,4,8,3,301,354,585
750,39,245,782,973,191,26,30,565,615,50,0.0005105687736138058,0.0012934408931549745,707,833,126,3,4,4,5,12,347,159,155
751,28,234,690,961,271,86,86,797,797,0,0.0006807583648184077,0.0011232513019503727,747,813,66,3,3,3,11,4,379,407,272
752,0,102,1,888,887,0,17,1,377,376,0.0,0.0002042275094455223,1,563,562,4,-1,5,12,0,375,890,262
753,44,146,842,962,120,22,22,767,767,0,0.0006807583648184077,0.0008169100377820892,762,785,23,4,3,3,2,10,828,262,670
754,333,949,975,997,22,216,216,961,961,0,0.005446066918547262,0.006092787365124749,960,966,6,2,2,2,13,35,115,57,351
755,1,103,332,931,599,3,4,332,361,29,0.0,6.807583648184077e-05,1,450,449,4,6,5,3,1,801,621,680
756,2,104,359,908,549,12,13,399,411,12,3.4037918240920386e-05,0.00013615167296368154,399,513,114,4,5,5,7,1,336,807,410
757,6,108,444,927,483,14,14,557,557,0,0.0004084550188910446,0.0005446066918547262,684,725,41,4,4,4,3,1,620,80,842
758,347,449,977,984,7,216,216,968,968,0,0.006331052792811192,0.006467204465774873,962,964,2,4,2,2,13,36,90,48,424
759,22,228,607,955,348,44,44,499,499,0,0.0005446066918547262,0.0007828721195411688,709,754,45,3,3,3,12,3,87,196,586
760,6,212,424,966,542,22,39,489,627,138,3.4037918240920386e-05,0.00176997174852786,396,863,467,3,4,4,8,1,323,463,112
761,125,226,922,965,43,52,52,709,709,0,0.0017018959120460194,0.0017018959120460194,865,865,0,7,3,3,7,27,265,61,765
762,581,581,996,996,0,48,48,923,923,0,0.01327478811395895,0.01327478811395895,991,991,0,-1,3,3,3,98,725,23,871
763,0,102,1,917,916,0,8,1,387,386,0.0,0.0002382654276864427,1,606,605,4,-1,5,5,1,616,895,504
764,0,616,1,1000,999,0,17,1,922,921,0.0,0.008203138296061813,1,975,974,2,-1,3,2,0,920,907,229
765,38,654,738,993,255,66,76,673,722,49,0.0005786446100956465,0.002586881786309949,711,913,202,2,3,3,10,7,152,150,58
766,61,163,879,969,90,24,24,795,795,0,0.0012934408931549745,0.0014295925661186562,844,857,13,4,3,3,3,15,814,219,408
767,30,30,714,714,0,30,30,632,632,0,0.0006807583648184077,0.0006807583648184077,751,751,0,-1,3,3,4,5,503,562,929
768,10,112,582,940,358,22,22,596,596,0,0.0002382654276864427,0.0008509479560230097,598,793,195,4,4,4,5,5,647,710,185
769,53,154,844,953,109,42,42,754,754,0,0.0008509479560230097,0.0008509479560230097,792,792,0,5,3,3,6,15,494,62,421
770,136,342,928,978,50,98,98,892,892,0,0.0022465026039007454,0.0023486163586235067,888,893,5,3,3,3,8,24,199,129,837
771,0,206,1,979,978,0,8,1,512,511,0.0,0.0016338200755641784,1,877,876,3,-1,4,2,0,874,793,36
772,234,440,968,990,22,90,90,926,926,0,0.005241839409101739,0.005956635692161067,957,964,7,3,2,2,6,30,281,75,163
773,0,0,1,1,0,0,0,1,1,0,0.0,0.0,1,1,0,-1,-1,-1,5,0,247,994,716
774,0,206,1,977,976,0,18,1,691,690,0.0,0.002484768031587188,1,911,910,3,-1,4,3,0,770,522,141
775,16,222,538,950,412,52,60,503,549,46,0.0,0.0002723033459273631,1,603,602,3,3,3,15,2,45,714,328
776,0,101,1,932,931,0,3,1,332,331,0.0,0.0,1,1,0,5,-1,6,3,0,640,571,788
777,18,224,681,976,295,14,18,566,672,106,0.0004765308553728854,0.002110350930937064,690,897,207,3,4,4,3,6,901,683,183
778,2,2,352,352,0,11,11,352,352,0,0.0,0.0,1,1,0,-1,5,5,10,2,105,331,834
779,0,102,1,879,878,0,24,1,395,394,0.0,0.00017018959120460194,1,533,532,4,-1,5,14,0,130,898,167
780,0,0,1,1,0,0,0,1,1,0,0.0,0.0,1,1,0,-1,-1,-1,6,0,369,833,820
781,6,6,482,482,0,12,12,648,648,0,0.00017018959120460194,0.00017018959120460194,565,565,0,-1,4,4,2,2,910,670,782
782,30,132,750,938,188,34,34,705,705,0,0.0005446066918547262,0.0005786446100956465,727,736,9,4,3,3,4,6,870,432,215
783,12,113,563,919,356,10,10,432,432,0,0.00010211375472276115,0.00010211375472276115,484,484,0,5,4,4,3,4,704,208,430
784,34,240,747,972,225,76,76,881,881,0,0.0012934408931549745,0.002144388849177984,831,889,58,3,3,3,6,3,328,390,415
785,35,137,791,939,148,34,34,751,751,0,0.0006467204465774873,0.0008169100377820892,750,790,40,4,3,3,4,8,694,257,570
786,0,0,1,1,0,0,0,1,1,0,0.0,0.0,1,1,0,-1,-1,-1,15,1,32,685,996
787,0,0,1,1,0,0,0,1,1,0,0.0,0.0,1,1,0,-1,-1,-1,10,0,135,801,880
788,58,674,781,993,212,114,124,763,785,22,0.0008169100377820892,0.0013615167296368155,759,836,77,2,3,3,14,7,133,218,336
789,0,0,1,1,0,0,0,1,1,0,0.0,0.0,1,1,0,-1,-1,-1,9,0,200,624,757
790,0,206,1,948,947,0,43,1,519,518,0.0,0.0012594029749140542,1,820,819,3,-1,4,12,0,183,875,59
791,2,103,353,895,542,10,10,354,354,0,0.0,0.0,1,1,0,5,5,5,9,2,136,357,763
792,430,636,998,1000,2,46,46,981,981,0,0.01861874127778345,0.020252561353347628,996,996,0,3,2,2,2,127,792,11,84
793,16,16,537,537,0,50,50,531,531,0,0.00010211375472276115,0.00010211375472276115,474,474,0,-1,3,3,12,2,348,384,635
794,21,122,614,896,282,37,37,457,457,0,0.0002042275094455223,0.0002042275094455223,552,552,0,5,4,4,13,6,120,279,676
795,1,103,331,976,645,2,4,331,525,194,0.0,0.0004084550188910446,1,686,685,4,7,5,2,1,973,671,286
796,0,1640,1,1000,999,0,152,1,867,866,0.0,0.018380475850097007,1,993,992,1,-1,2,13,0,165,515,2
797,0,102,1,947,946,0,3,1,375,374,0.0,3.4037918240920386e-05,1,408,407,4,-1,5,2,0,999,483,156
798,11,113,626,956,330,12,12,712,712,0,0.0007828721195411688,0.001599782157323258,787,861,74,4,4,4,2,4,988,125,144
799,8,110,522,922,400,20,20,509,509,0,0.00013615167296368154,0.0002723033459273631,512,615,103,4,4,4,6,2,455,22,677
800,19,120,712,940,228,22,22,767,767,0,0.00037441710065012424,0.0005105687736138058,675,727,52,5,3,3,2,3,828,458,523
801,0,0,1,1,0,0,0,1,1,0,0.0,0.0,1,1,0,-1,-1,-1,3,0,579,813,912
802,54,155,858,963,105,44,44,902,902,0,0.0013615167296368155,0.001497668402600497,851,861,10,5,3,3,4,11,811,83,459
803,16,16,568,568,0,56,56,672,672,0,0.00010211375472276115,0.00010211375472276115,476,476,0,-1,3,3,9,1,306,727,672
804,0,102,1,928,927,0,5,1,389,388,0.0,6.807583648184077e-05,1,455,454,4,-1,5,3,0,861,542,223
805,19,225,685,973,288,12,12,549,549,0,0.00017018959120460194,0.0011232513019503727,544,828,284,3,4,4,2,5,909,510,155
806,6,6,409,409,0,24,24,573,573,0,0.0002382654276864427,0.0002382654276864427,584,584,0,-1,4,4,4,1,410,741,826
807,0,0,1,1,0,0,0,1,1,0,0.0,0.0,1,1,0,-1,-1,-1,2,0,973,751,716
808,0,101,1,965,964,0,2,1,332,331,0.0,0.0,1,1,0,6,-1,7,2,1,873,874,225
809,16,118,557,902,345,64,64,642,642,0,0.00017018959120460194,0.00037441710065012424,540,655,115,4,3,3,11,1,139,420,279
810,36,36,776,776,0,40,40,759,759,0,0.0007488342013002485,0.0007488342013002485,768,768,0,-1,3,3,5,8,338,345,802
811,28,130,800,959,159,12,12,654,654,0,0.0009870996289866913,0.0012934408931549745,818,850,32,4,4,4,2,8,964,186,414
812,6,6,397,397,0,66,66,609,609,0,0.00013615167296368154,0.00013615167296368154,504,504,0,-1,4,4,13,2,129,223,446
813,13,115,609,935,326,18,18,615,615,0,0.00013615167296368154,0.0002382654276864427,519,585,66,4,4,4,3,4,592,339,677
814,12,113,614,936,322,20,20,618,618,0,0.0005446066918547262,0.0005446066918547262,726,726,0,6,4,4,4,3,617,209,621
815,22,123,738,959,221,14,14,628,628,0,0.0004765308553728854,0.0006467204465774873,703,751,48,5,4,4,3,7,879,253,443
816,6,108,416,904,488,24,24,466,466,0,0.00010211375472276115,0.0002042275094455223,477,560,83,4,4,4,8,1,131,322,689
817,162,162,978,978,0,22,22,874,874,0,0.006569318220497634,0.006569318220497634,968,968,0,-1,3,3,2,49,666,16,801
818,2,618,368,1000,632,5,28,407,843,436,3.4037918240920386e-05,0.009462541270975866,403,981,578,2,5,3,3,2,693,691,10
819,2,104,383,945,562,4,5,387,422,35,0.0,0.00010211375472276115,1,502,501,4,5,5,3,2,790,575,662
820,0,0,1,1,0,0,0,1,1,0,0.0,0.0,1,1,0,-1,-1,-1,9,0,414,914,728
821,4,210,403,966,563,10,14,405,436,31,6.807583648184077e-05,0.0005105687736138058,445,720,275,3,5,4,5,2,818,694,345
822,6,108,444,928,484,18,18,534,534,0,0.00013615167296368154,0.00017018959120460194,521,547,26,4,4,4,5,1,565,711,544
823,38,654,785,996,211,22,36,571,717,146,0.0005786446100956465,0.0026889955410327104,736,917,181,2,4,3,5,9,338,375,146
824,21,21,693,693,0,20,20,570,570,0,0.000442492937131965,0.000442492937131965,692,692,0,-1,4,4,4,6,652,232,999
825,10,112,562,922,360,13,13,454,454,0,0.00017018959120460194,0.00037441710065012424,542,658,116,4,4,4,5,4,605,443,188
826,22,124,609,893,284,64,64,525,525,0,0.00013615167296368154,0.00017018959120460194,513,535,22,4,4,4,16,6,59,486,718
827,26,232,663,957,294,46,58,556,619,63,0.00010211375472276115,0.0008169100377820892,472,767,295,3,3,3,10,4,240,380,630
828,36,36,756,756,0,56,56,789,789,0,0.0009190237925048504,0.0009190237925048504,791,791,0,-1,3,3,6,4,514,185,498
829,156,257,962,983,21,62,62,983,983,0,0.007147962830593281,0.007182000748834201,969,969,0,5,2,2,3,31,628,126,602
830,0,0,1,1,0,0,0,1,1,0,0.0,0.0,1,1,0,-1,-1,-1,2,0,954,372,834
831,0,616,1,989,988,0,68,1,501,500,0.0,0.0002382654276864427,1,579,578,2,-1,3,19,0,11,754,827
832,8,8,535,535,0,22,22,577,577,0,0.00013615167296368154,0.00013615167296368154,531,531,0,-1,4,4,5,3,795,508,954
833,2,2,359,359,0,11,11,401,401,0,0.00010211375472276115,0.00010211375472276115,493,493,0,-1,5,5,6,2,402,550,849
834,0,616,1,998,997,0,40,1,776,775,0.0,0.007318152421797883,1,974,973,2,-1,3,5,0,487,726,10
835,58,264,828,969,141,114,114,915,915,0,0.002552843868069029,0.0030974505599237552,907,927,20,3,3,3,9,6,803,73,338
836,0,101,1,895,894,0,6,1,332,331,0.0,3.4037918240920386e-05,1,405,404,5,-1,6,6,0,393,400,576
837,0,102,1,927,926,0,4,1,382,381,0.0,0.00013615167296368154,1,529,528,4,-1,5,2,1,846,874,394
838,0,206,1,972,971,0,12,1,607,606,0.0,0.0022465026039007454,1,901,900,3,-1,4,2,0,931,905,27
839,36,36,670,670,0,150,150,748,748,0,0.0007828721195411688,0.0007828721195411688,764,764,0,-1,3,3,19,5,11,283,800
840,2,2,370,370,0,4,4,372,372,0,0.0,0.0,1,1,0,-1,5,5,3,1,857,618,863
841,8,214,525,972,447,12,12,464,464,0,0.00010211375472276115,0.000442492937131965,487,708,221,3,4,4,4,2,542,491,869
842,0,102,1,954,953,0,3,1,389,388,0.0,0.0002042275094455223,1,590,589,4,-1,5,2,0,914,898,302
843,9,111,590,947,357,7,7,495,495,0,3.4037918240920386e-05,6.807583648184077e-05,404,440,36,4,4,4,2,3,906,534,553
844,49,255,839,979,140,26,30,687,728,41,0.00088498587426393,0.0025188059498281084,800,910,110,3,4,4,5,20,574,189,55
845,24,125,749,948,199,22,22,771,771,0,0.0007147962830593281,0.0007488342013002485,772,778,6,5,3,3,2,5,586,589,485
846,25,231,685,960,275,50,54,652,665,13,0.0004084550188910446,0.0011232513019503727,685,821,136,3,3,3,8,5,434,591,193
847,2,103,383,960,577,4,4,442,442,0,0.00013615167296368154,0.00017018959120460194,524,546,22,5,5,5,2,1,982,360,690
848,215,317,961,976,15,156,156,979,979,0,0.0045270431260424114,0.004833384390210695,953,957,4,4,2,2,8,27,428,69,303
849,7,213,519,968,449,14,18,475,532,57,0.00010211375472276115,0.00088498587426393,482,794,312,3,4,4,5,3,551,434,403
850,179,179,959,959,0,102,102,949,949,0,0.003880322679464924,0.003880322679464924,945,945,0,-1,3,3,7,32,359,26,650
851,0,101,1,945,944,0,2,1,330,329,0.0,0.00017018959120460194,1,555,554,5,-1,6,2,1,940,962,368
852,35,137,857,973,116,22,22,896,896,0,0.0011232513019503727,0.0012934408931549745,842,851,9,4,3,3,2,10,968,262,256
853,0,101,1,954,953,0,2,1,331,330,0.0,0.0,1,1,0,6,-1,7,2,0,868,819,687
854,10,10,534,534,0,14,14,461,461,0,0.00010211375472276115,0.00010211375472276115,487,487,0,-1,4,4,5,6,537,392,757
855,22,22,629,629,0,52,52,554,554,0,0.0002042275094455223,0.0002042275094455223,563,563,0,-1,3,3,13,2,185,491,814
856,15,116,687,955,268,8,8,525,525,0,0.0004084550188910446,0.0005105687736138058,690,722,32,5,4,4,2,9,820,191,384
857,96,96,938,938,0,38,38,931,931,0,0.002382654276864427,0.002382654276864427,919,919,0,-1,3,3,3,23,535,122,917
858,16,16,574,574,0,42,42,642,642,0,0.00017018959120460194,0.00017018959120460194,537,537,0,-1,3,3,6,3,157,260,847
859,87,188,874,949,75,66,66,823,823,0,0.001497668402600497,0.001497668402600497,845,845,0,5,3,3,6,14,157,243,621
860,16,16,623,623,0,30,30,703,703,0,0.0002042275094455223,0.0002042275094455223,584,584,0,-1,3,3,4,2,622,223,902
861,8,109,533,924,391,8,8,466,466,0,0.00034037918240920387,0.00034037918240920387,639,639,0,8,4,4,2,2,905,682,582
862,0,206,1,951,950,0,28,1,479,478,0.0,0.0006126825283365669,1,733,732,3,-1,4,9,1,123,949,131
863,132,132,941,941,0,72,72,974,974,0,0.0030293747234419145,0.0030293747234419145,926,926,0,-1,2,2,3,17,645,79,583
864,22,123,686,932,246,54,54,872,872,0,0.0012594029749140542,0.0012934408931549745,842,843,1,5,3,3,4,5,572,535,743
865,0,206,1,979,978,0,10,1,560,559,0.0,0.0017018959120460194,1,878,877,3,-1,4,3,0,796,723,56
866,38,244,812,973,161,36,36,732,732,0,0.0009870996289866913,0.00176997174852786,810,879,69,3,4,4,6,9,661,242,306
867,12,218,624,977,353,12,12,520,520,0,0.00037441710065012424,0.0008509479560230097,665,790,125,3,4,4,4,2,679,473,194
868,7,7,530,530,0,10,10,475,475,0,6.807583648184077e-05,6.807583648184077e-05,452,452,0,-1,4,4,3,3,636,631,483
869,1,1,333,333,0,9,9,333,333,0,0.0,0.0,1,1,0,-1,6,6,9,2,278,374,488
870,16,118,614,919,305,40,40,698,698,0,0.0005105687736138058,0.0007488342013002485,716,774,58,4,3,3,5,2,474,160,420
871,40,246,837,982,145,32,32,913,913,0,0.001599782157323258,0.00527587732734266,869,957,88,3,3,3,2,5,970,252,51
872,6,6,411,411,0,25,25,481,481,0,3.4037918240920386e-05,3.4037918240920386e-05,398,398,0,-1,4,4,9,2,315,719,796
873,0,0,1,1,0,0,0,1,1,0,0.0,0.0,1,1,0,-1,-1,-1,4,0,610,455,821
874,18,119,694,941,247,15,15,568,568,0,0.00030634126416828345,0.00034037918240920387,637,650,13,5,4,4,4,6,772,368,320
875,0,101,1,911,910,0,4,1,332,331,0.0,3.4037918240920386e-05,1,411,410,5,-1,6,4,0,870,520,739
876,31,132,782,950,168,24,24,703,703,0,0.0013955546478777359,0.0013955546478777359,855,855,0,5,4,4,4,6,543,397,763
877,6,212,377,936,559,38,81,389,503,114,0.0,0.0006126825283365669,1,718,717,3,4,4,23,1,57,743,243
878,12,12,572,572,0,20,20,565,565,0,0.00030634126416828345,0.00030634126416828345,632,632,0,-1,4,4,4,3,622,197,808
879,6,108,431,910,479,22,22,527,527,0,3.4037918240920386e-05,0.00010211375472276115,405,489,84,4,4,4,5,1,408,370,215
880,0,206,1,950,949,0,58,1,633,632,0.0,0.0017018959120460194,1,867,866,3,-1,4,11,0,155,929,151
881,0,102,1,895,894,0,9,1,357,356,0.0,0.0,1,1,0,4,-1,5,8,0,488,533,342
882,29,131,776,954,178,24,24,713,713,0,0.0005446066918547262,0.0005786446100956465,727,730,3,4,4,4,4,9,673,294,544
883,1,1,333,333,0,3,3,333,333,0,0.0,0.0,1,1,0,-1,6,6,3,1,829,593,839
884,0,102,1,924,923,0,7,1,383,382,0.0,0.00010211375472276115,1,484,483,4,-1,5,5,0,534,769,362
885,0,206,1,949,948,0,25,1,393,392,0.0,0.0006126825283365669,1,736,735,3,-1,4,12,0,239,930,396
886,0,101,1,974,973,0,2,1,330,329,0.0,0.0002382654276864427,1,599,598,5,-1,6,2,1,944,913,167
887,56,56,831,831,0,52,52,790,790,0,0.0004084550188910446,0.0004084550188910446,680,680,0,-1,3,3,6,6,98,136,520
888,0,101,1,911,910,0,6,1,332,331,0.0,0.0,1,1,0,7,-1,8,6,0,237,909,448
889,30,30,733,733,0,42,42,738,738,0,0.0005105687736138058,0.0005105687736138058,705,705,0,-1,3,3,6,9,446,29,760
890,10,10,567,567,0,24,24,650,650,0,0.00017018959120460194,0.00017018959120460194,552,552,0,-1,4,4,4,4,652,501,750
891,0,206,1,946,945,0,29,1,427,426,0.0,0.00034037918240920387,1,632,631,3,-1,4,13,2,91,633,704
892,166,372,917,979,62,198,198,858,858,0,0.0020763130126961434,0.0023486163586235067,889,898,9,3,2,2,19,20,89,49,162
893,29,29,804,804,0,18,18,730,730,0,0.0013615167296368155,0.0013615167296368155,855,855,0,-1,4,4,3,9,888,414,502
894,12,12,582,582,0,20,20,610,610,0,0.00034037918240920387,0.00034037918240920387,659,659,0,-1,4,4,4,2,544,475,952
895,5,106,508,953,445,4,4,449,449,0,3.4037918240920386e-05,3.4037918240920386e-05,407,407,0,5,5,5,2,3,994,353,560
896,85,701,872,997,125,56,66,753,822,69,0.001497668402600497,0.0038462847612240037,845,943,98,2,3,3,6,15,157,53,82
897,0,206,1,955,954,0,40,1,539,538,0.0,0.0008169100377820892,1,767,766,3,-1,4,10,0,293,701,207
898,0,206,1,955,954,0,17,1,423,422,0.0,0.000442492937131965,1,683,682,3,-1,4,7,0,436,489,134
899,38,38,728,728,0,80,80,746,746,0,0.0005105687736138058,0.0005105687736138058,706,706,0,-1,3,3,10,3,105,519,780
900,8,214,540,972,432,18,18,617,617,0,0.0002723033459273631,0.0012594029749140542,622,842,220,3,4,4,3,4,621,287,116
901,24,126,623,895,272,86,86,664,664,0,0.0002042275094455223,0.00030634126416828345,557,616,59,4,3,3,14,3,181,222,586
902,389,491,991,996,5,104,104,990,990,0,0.010211375472276116,0.010211375472276116,984,984,0,4,2,2,5,81,570,32,260
903,84,186,864,952,88,108,108,916,916,0,0.0046972327172470135,0.004765308553728854,951,952,1,4,2,2,9,6,315,289,463
904,154,154,934,934,0,110,110,916,916,0,0.0030634126416828346,0.0030634126416828346,923,923,0,-1,3,3,10,30,437,39,981
905,100,100,862,862,0,100,100,805,805,0,0.02729841042921815,0.02750263793866367,999,999,0,3,1,1,12,98,183,23,341
906,292,394,980,989,9,54,54,895,895,0,0.005548180673270023,0.005786446100956465,959,962,3,4,3,3,4,55,832,21,316
907,46,148,787,929,142,84,84,809,809,0,0.0009530617107457708,0.0009870996289866913,802,805,3,4,2,2,9,2,803,634,477
908,28,28,690,690,0,40,40,618,618,0,0.00030634126416828345,0.00030634126416828345,622,622,0,-1,3,3,7,6,246,683,926
909,9,111,628,955,327,8,8,562,562,0,0.0002382654276864427,0.00034037918240920387,624,673,49,4,4,4,2,5,994,710,454
910,17,17,705,705,0,14,14,626,626,0,0.0004084550188910446,0.0004084550188910446,679,679,0,-1,4,4,3,6,785,467,905
911,0,101,1,922,921,0,4,1,330,329,0.0,3.4037918240920386e-05,1,395,394,6,-1,7,4,0,767,790,748
912,0,0,1,1,0,0,0,1,1,0,0.0,0.0,1,1,0,-1,-1,-1,11,0,229,702,624
913,80,286,920,990,70,40,40,905,905,0,0.001940161339732462,0.0027911092957554717,885,923,38,3,3,3,4,20,480,109,490
914,1,103,333,945,612,3,5,333,404,71,0.0,0.0002382654276864427,1,595,594,4,6,5,3,2,654,374,840
915,6,6,473,473,0,16,16,554,554,0,0.00017018959120460194,0.00017018959120460194,549,549,0,-1,4,4,4,1,706,282,932
916,0,102,1,897,896,0,10,1,355,354,0.0,3.4037918240920386e-05,1,399,398,4,-1,5,9,1,168,841,347
917,12,1652,547,1000,453,14,74,437,920,483,6.807583648184077e-05,0.02117158514585248,445,994,549,1,4,2,5,3,818,361,102
918,246,246,974,974,0,64,64,934,934,0,0.005173763572619898,0.005173763572619898,958,958,0,-1,3,3,4,57,753,50,568
919,106,306,925,981,56,78,78,961,961,0,0.0045270431260424114,0.006126825283365669,955,967,12,3,2,2,4,14,304,68,65
920,0,101,1,942,941,0,2,1,331,330,0.0,3.4037918240920386e-05,1,403,402,5,-1,6,2,0,937,928,676
921,18,18,570,570,0,88,88,598,598,0,0.00010211375472276115,0.00010211375472276115,477,477,0,-1,3,3,17,3,56,434,684
922,0,0,1,1,0,0,0,1,1,0,0.0,0.0,1,1,0,-1,-1,-1,7,0,329,936,701
923,0,0,1,1,0,0,0,1,1,0,0.0,0.0,1,1,0,-1,-1,-1,8,0,440,205,201
924,0,102,1,912,911,0,6,1,364,363,0.0,0.0002382654276864427,1,598,597,4,-1,5,5,0,487,996,319
925,16,1656,549,1000,451,70,136,637,900,263,0.0002042275094455223,0.01501072194424589,577,988,411,1,3,2,12,1,58,904,0
926,10,111,506,896,390,40,40,540,540,0,0.0002042275094455223,0.0002382654276864427,555,578,23,5,4,4,10,4,355,617,595
927,24,126,735,947,212,28,28,732,732,0,0.0006807583648184077,0.0007488342013002485,757,765,8,4,3,3,5,5,695,283,485
928,12,218,505,948,443,62,66,554,567,13,0.0002042275094455223,0.0005105687736138058,553,699,146,3,4,4,15,4,45,239,29
929,6,212,371,937,566,37,46,385,410,25,0.0,6.807583648184077e-05,1,438,437,3,4,4,20,2,5,509,395
930,0,0,1,1,0,0,0,1,1,0,0.0,0.0,1,1,0,-1,-1,-1,4,0,660,699,632
931,0,102,1,874,873,0,24,1,362,361,0.0,0.0,1,1,0,4,-1,5,20,2,70,775,411
932,579,680,998,999,1,84,84,979,979,0,0.015589366554341537,0.015589366554341537,992,992,0,5,2,2,5,127,727,11,442
933,0,0,1,1,0,0,0,1,1,0,0.0,0.0,1,1,0,-1,-1,-1,8,0,199,860,881
934,8,8,554,554,0,16,16,575,575,0,3.4037918240920386e-05,3.4037918240920386e-05,407,407,0,-1,4,4,4,4,553,442,884
935,81,183,862,949,87,52,52,666,666,0,0.0012934408931549745,0.0013615167296368155,836,840,4,4,4,4,10,22,527,116,441
936,0,0,1,1,0,0,0,1,1,0,0.0,0.0,1,1,0,-1,-1,-1,6,0,575,731,324
937,6,212,442,966,524,12,18,452,527,75,0.0,0.0006126825283365669,1,734,733,3,4,4,5,1,691,853,131
938,0,206,1,950,949,0,22,1,413,412,0.0,0.00030634126416828345,1,624,623,3,-1,4,10,0,206,967,170
939,406,508,985,990,5,120,120,973,973,0,0.0088498587426393,0.00888389666088022,980,980,0,4,2,2,6,54,560,19,601
940,0,0,1,1,0,0,0,1,1,0,0.0,0.0,1,1,0,-1,-1,-1,2,0,481,794,977
941,7,7,547,547,0,18,18,678,678,0,0.00034037918240920387,0.00034037918240920387,666,666,0,-1,4,4,3,3,530,354,877
942,83,83,920,920,0,22,22,850,850,0,0.0024507301133462676,0.0024507301133462676,909,909,0,-1,3,3,2,19,938,133,775
943,6,212,442,971,529,10,14,457,538,81,0.00010211375472276115,0.0002723033459273631,475,611,136,3,4,4,3,1,989,809,167
944,0,206,1,945,944,0,56,1,525,524,0.0,0.0017018959120460194,1,866,865,3,-1,4,14,0,154,926,44
945,0,101,1,924,923,0,4,1,331,330,0.0,3.4037918240920386e-05,1,403,402,5,-1,6,4,0,706,883,342
946,0,0,1,1,0,0,0,1,1,0,0.0,0.0,1,1,0,-1,-1,-1,10,0,205,455,973
947,0,0,1,1,0,0,0,1,1,0,0.0,0.0,1,1,0,-1,-1,-1,5,0,629,436,428
948,0,206,1,970,969,0,10,1,457,456,0.0,0.0009190237925048504,1,799,798,3,-1,4,3,0,836,737,72
949,0,101,1,931,930,0,3,1,331,330,0.0,3.4037918240920386e-05,1,402,401,5,-1,6,3,0,844,923,152
950,0,0,1,1,0,0,0,1,1,0,0.0,0.0,1,1,0,-1,-1,-1,4,0,520,907,426
951,0,0,1,1,0,0,0,1,1,0,0.0,0.0,1,1,0,-1,-1,-1,2,0,681,502,429
952,2,618,343,989,646,31,104,365,559,194,0.0,0.0010211375472276116,1,793,792,2,5,3,23,1,15,924,412
953,14,630,587,997,410,22,36,553,704,151,0.00017018959120460194,0.0017018959120460194,555,864,309,2,4,3,5,4,438,625,642
954,85,187,860,952,92,104,104,891,891,0,0.001157289220191293,0.0012594029749140542,831,834,3,4,3,3,9,12,803,99,220
955,0,0,1,1,0,0,0,1,1,0,0.0,0.0,1,1,0,-1,-1,-1,11,0,163,898,835
956,129,129,925,925,0,92,92,881,881,0,0.0030634126416828346,0.0030634126416828346,930,930,0,-1,3,3,7,27,179,304,943
957,42,143,817,947,130,62,62,888,888,0,0.0018720855032506212,0.0018720855032506212,867,867,0,6,2,2,6,2,664,700,764
958,98,98,847,847,0,208,208,897,897,0,0.00176997174852786,0.00176997174852786,867,867,0,-1,2,2,19,8,48,352,702
959,516,617,988,991,3,184,184,985,985,0,0.010347527145239796,0.010381565063480718,978,978,0,5,2,2,10,75,409,24,708
960,0,616,1,992,991,0,54,1,559,558,0.0,0.0019741992579733825,1,875,874,2,-1,3,12,1,52,920,157
961,6,6,454,454,0,12,12,483,483,0,0.00010211375472276115,0.00010211375472276115,478,478,0,-1,4,4,4,2,660,384,864
962,6,107,513,952,439,18,18,707,707,0,0.0002382654276864427,0.00030634126416828345,602,647,45,5,4,4,3,1,798,404,452
963,46,147,811,943,132,54,54,890,890,0,0.0017018959120460194,0.0017018959120460194,867,867,0,6,3,3,4,5,391,393,656
964,68,274,893,986,93,22,22,826,826,0,0.002110350930937064,0.0032336022328874367,892,926,34,3,3,3,2,12,820,58,90
965,0,616,1,994,993,0,36,1,624,623,0.0,0.001157289220191293,1,816,815,2,-1,3,7,0,364,772,377
966,16,118,679,951,272,18,18,788,788,0,0.0004084550188910446,0.000442492937131965,681,692,11,4,3,3,2,2,980,384,215
967,6,6,550,550,0,6,6,539,539,0,0.00010211375472276115,0.00010211375472276115,511,511,0,-1,5,5,3,4,812,443,753
968,0,206,1,967,966,0,14,1,468,467,0.0,0.00030634126416828345,1,648,647,3,-1,4,5,0,677,388,535
969,50,256,747,959,212,138,138,784,784,0,0.0005786446100956465,0.0008169100377820892,718,762,44,3,3,3,17,7,10,134,362
970,0,616,1,997,996,0,34,1,703,702,0.0,0.001497668402600497,1,850,849,2,-1,3,6,0,399,881,154
971,40,142,702,906,204,120,120,782,782,0,0.0005446066918547262,0.0006807583648184077,708,738,30,4,3,3,16,4,72,557,561
972,6,108,498,945,447,14,14,594,594,0,0.00013615167296368154,0.0005786446100956465,522,730,208,4,4,4,3,1,708,810,154
973,16,117,624,925,301,40,40,738,738,0,0.0004084550188910446,0.0004084550188910446,686,686,0,6,3,3,5,1,382,667,402
974,16,117,624,930,306,44,44,850,850,0,0.0008509479560230097,0.0008509479560230097,790,790,0,5,3,3,4,1,539,480,437
975,4,105,489,960,471,6,6,506,506,0,0.00010211375472276115,0.0002382654276864427,494,605,111,5,5,5,3,2,915,682,443
976,0,102,1,927,926,0,4,1,369,368,0.0,6.807583648184077e-05,1,452,451,4,-1,5,3,0,288,900,755
977,0,0,1,1,0,0,0,1,1,0,0.0,0.0,1,1,0,-1,-1,-1,13,0,67,776,431
978,0,0,1,1,0,0,0,1,1,0,0.0,0.0,1,1,0,-1,-1,-1,3,0,621,367,767
979,21,21,762,762,0,8,8,539,539,0,0.00013615167296368154,0.00013615167296368154,524,524,0,-1,4,4,2,11,760,316,751
980,11,112,619,947,328,14,14,578,578,0,0.0005105687736138058,0.0005105687736138058,713,713,0,5,4,4,3,4,814,267,460
981,2,103,401,970,569,4,4,486,486,0,0.0005105687736138058,0.0005786446100956465,728,745,17,5,5,5,2,1,884,759,300
982,12,218,516,955,439,40,48,505,536,31,0.00030634126416828345,0.00088498587426393,624,782,158,3,4,4,12,3,212,121,273
983,6,6,435,435,0,14,14,488,488,0,0.0002723033459273631,0.0002723033459273631,611,611,0,-1,4,4,3,1,837,500,882
984,83,83,920,920,0,22,22,856,856,0,0.0026549576227917903,0.0026549576227917903,918,918,0,-1,3,3,2,17,876,85,669
985,23,229,707,973,266,36,36,746,746,0,0.0007488342013002485,0.0010892133837094523,770,825,55,3,3,3,5,3,519,390,391
986,1,617,333,997,664,6,38,333,695,362,0.0,0.0035059055788147996,1,930,929,2,8,3,6,3,275,626,74
987,26,26,700,700,0,38,38,678,678,0,0.0002382654276864427,0.0002382654276864427,593,593,0,-1,3,3,6,4,498,557,513
988,0,102,1,910,909,0,8,1,384,383,0.0,0.0002382654276864427,1,594,593,4,-1,5,5,0,382,998,516
989,31,133,804,962,158,24,24,813,813,0,0.0007147962830593281,0.0013274788113958951,762,839,77,4,3,3,3,9,867,211,185
990,0,616,1,996,995,0,42,1,669,668,0.0,0.004595118962524252,1,958,957,2,-1,3,6,1,368,828,31
991,31,237,704,964,260,52,52,627,627,0,0.0006126825283365669,0.0030293747234419145,725,920,195,3,3,3,9,6,327,4,123
992,6,6,479,479,0,8,8,489,489,0,0.00034037918240920387,0.00034037918240920387,671,671,0,-1,4,4,2,2,886,805,698
993,64,270,786,961,175,168,168,756,756,0,0.0005105687736138058,0.0005786446100956465,690,711,21,3,3,3,22,4,33,40,443
994,57,159,842,955,113,56,56,822,822,0,0.0009530617107457708,0.0014295925661186562,803,853,50,4,3,3,6,12,451,67,336
995,6,6,385,385,0,54,54,488,488,0,3.4037918240920386e-05,3.4037918240920386e-05,392,392,0,-1,4,4,15,2,51,544,569
996,0,101,1,930,929,0,4,1,330,329,0.0,0.0002723033459273631,1,622,621,5,-1,6,4,0,696,201,236
997,20,20,630,630,0,44,44,611,611,0,6.807583648184077e-05,6.807583648184077e-05,442,442,0,-1,3,3,9,3,414,248,824
998,1,103,333,885,552,10,11,333,351,18,0.0,3.4037918240920386e-05,1,395,394,4,6,5,10,1,189,469,526
999,9,9,611,611,0,13,13,711,711,0,0.00030634126416828345,0.00030634126416828345,644,644,0,-1,4,4,3,3,877,536,436
