,FreeNet_pre_score,FreeNet_post_score,FreeNet_pre_rank,FreeNet_post_rank,FreeNet_delta_ranks,Reversed_pre_score,Reversed_post_score,Reversed_pre_rank,Reversed_post_rank,Reversed_delta_ranks,Random_pre_score,Random_post_score,Random_pre_rank,Random_post_rank,Random_delta_ranks,dist_victim_relayer,dist_victim_vilain_pre,dist_victim_vilain_post,out_deg_victim,in_deg_villain,victim,villain,relayer
0,3,105,422,935,513,4,6,362,423,61,3.4037918240920386e-05,0.0008169100377820892,402,789,387,4,5,5,3,2,901,364,143
1,10,112,564,923,359,15,15,470,470,0,0.00017018959120460194,0.0004084550188910446,547,682,135,4,4,4,6,4,237,398,278
2,8,624,527,997,470,22,36,581,735,154,0.00017018959120460194,0.0014295925661186562,539,843,304,2,4,3,5,3,692,263,454
3,54,260,826,971,145,48,52,700,733,33,0.0005105687736138058,0.0018040096667687805,709,868,159,3,3,3,7,12,637,159,47
4,24,24,742,742,0,22,22,760,760,0,0.0008169100377820892,0.0008169100377820892,788,788,0,-1,3,3,2,3,643,616,349
5,10,10,566,566,0,30,30,694,694,0,0.00010211375472276115,0.00010211375472276115,495,495,0,-1,4,4,5,4,538,501,944
6,24,640,650,992,342,72,72,678,678,0,0.0004084550188910446,0.0012253650566731338,667,821,154,2,3,3,11,3,150,280,418
7,24,24,654,654,0,52,52,619,619,0,0.0002382654276864427,0.0002382654276864427,593,593,0,-1,3,3,9,3,159,458,998
8,0,616,1,1000,999,0,18,1,908,907,0.0,0.012253650566731339,1,989,988,2,-1,3,2,0,941,937,1
9,0,0,1,1,0,0,0,1,1,0,0.0,0.0,1,1,0,-1,-1,-1,6,0,322,699,693
10,28,234,674,963,289,40,40,557,557,0,0.00037441710065012424,0.0007147962830593281,661,752,91,3,3,3,9,4,327,332,425
11,33,134,764,933,169,40,40,729,729,0,0.0005105687736138058,0.0005446066918547262,716,724,8,5,3,3,5,4,396,339,526
12,12,12,590,590,0,20,20,587,587,0,6.807583648184077e-05,6.807583648184077e-05,439,439,0,-1,4,4,4,4,495,551,913
13,0,616,1,990,989,0,59,1,529,528,0.0,0.0010892133837094523,1,807,806,2,-1,3,15,0,49,426,161
14,0,0,1,1,0,0,0,1,1,0,0.0,0.0,1,1,0,-1,-1,-1,3,0,812,695,960
15,24,24,697,697,0,40,40,769,769,0,0.0012253650566731338,0.0012253650566731338,834,834,0,-1,3,3,5,4,457,281,889
16,62,268,811,964,153,142,142,888,888,0,0.0016338200755641784,0.002144388849177984,853,889,36,3,3,3,12,6,44,397,616
17,0,101,1,929,928,0,4,1,332,331,0.0,0.0,1,1,0,5,-1,6,4,0,507,766,334
18,28,130,734,935,201,20,20,585,585,0,0.00037441710065012424,0.0005105687736138058,660,713,53,4,4,4,4,8,858,132,176
19,0,102,1,874,873,0,18,1,355,354,0.0,0.00013615167296368154,1,508,507,4,-1,5,16,0,50,858,353
20,195,296,975,985,10,38,38,895,895,0,0.005548180673270023,0.005582218591510943,964,965,1,5,3,3,3,35,862,57,512
21,30,132,780,948,168,36,36,772,772,0,0.00037441710065012424,0.00037441710065012424,668,668,0,4,3,3,5,5,435,178,560
22,0,206,1,970,969,0,18,1,544,543,0.0,0.002382654276864427,1,906,905,3,-1,4,5,0,463,489,142
23,28,28,640,640,0,84,84,606,606,0,0.0004084550188910446,0.0004084550188910446,664,664,0,-1,3,3,15,3,51,653,638
24,115,115,895,895,0,156,156,939,939,0,0.0024507301133462676,0.0024507301133462676,905,905,0,-1,3,3,11,14,230,84,933
25,19,19,668,668,0,26,26,595,595,0,0.0002042275094455223,0.0002042275094455223,575,575,0,-1,4,4,5,5,392,454,725
26,26,128,778,957,179,12,12,616,616,0,0.0005446066918547262,0.0006807583648184077,719,762,43,4,4,4,2,6,937,194,86
27,0,0,1,1,0,0,0,1,1,0,0.0,0.0,1,1,0,-1,-1,-1,8,0,137,254,772
28,48,48,822,822,0,34,34,757,757,0,0.0018040096667687805,0.0018040096667687805,872,872,0,-1,3,3,4,7,632,422,979
29,0,0,1,1,0,0,0,1,1,0,0.0,0.0,1,1,0,-1,-1,-1,5,0,506,798,824
30,0,102,1,913,912,0,10,1,395,394,0.0,6.807583648184077e-05,1,437,436,4,-1,5,6,0,575,794,363
31,0,102,1,893,892,0,12,1,405,404,0.0,0.0006807583648184077,1,742,741,4,-1,5,6,0,514,991,397
32,6,107,435,917,482,11,11,438,438,0,3.4037918240920386e-05,3.4037918240920386e-05,407,407,0,5,4,4,5,2,396,842,560
33,23,124,830,974,144,8,8,646,646,0,0.00030634126416828345,0.00037441710065012424,650,686,36,5,4,4,2,11,962,52,551
34,14,116,644,944,300,14,14,589,589,0,0.00034037918240920387,0.0005786446100956465,643,738,95,4,4,4,3,8,433,345,350
35,0,0,1,1,0,0,0,1,1,0,0.0,0.0,1,1,0,-1,-1,-1,8,0,431,803,705
36,2,2,361,361,0,5,5,362,362,0,3.4037918240920386e-05,3.4037918240920386e-05,395,395,0,-1,5,5,4,3,659,484,847
37,0,206,1,959,958,0,24,1,475,474,0.0,0.0007828721195411688,1,765,764,3,-1,4,8,1,380,472,277
38,0,616,1,998,997,0,18,1,755,754,0.0,0.007011811157629599,1,972,971,2,-1,3,2,0,750,698,19
39,32,32,770,770,0,22,22,710,710,0,0.0005105687736138058,0.0005105687736138058,714,714,0,-1,3,3,2,6,893,376,982
40,16,222,589,968,379,30,39,573,676,103,0.0002382654276864427,0.0005786446100956465,587,727,140,3,3,3,7,1,416,810,162
41,88,189,928,978,50,28,28,846,846,0,0.002280540522141666,0.002382654276864427,912,918,6,5,3,3,3,23,535,66,380
42,11,11,708,708,0,8,8,641,641,0,0.00017018959120460194,0.00017018959120460194,560,560,0,-1,4,4,2,6,782,683,514
43,26,26,754,754,0,14,14,579,579,0,0.0009530617107457708,0.0009530617107457708,807,807,0,-1,4,4,3,10,844,296,863
44,0,101,1,961,960,0,2,1,332,331,0.0,0.00010211375472276115,1,494,493,5,-1,6,2,0,805,735,210
45,15,15,589,589,0,26,26,509,509,0,0.00017018959120460194,0.00017018959120460194,541,541,0,-1,4,4,7,4,221,156,966
46,16,118,498,876,378,48,52,424,444,20,0.00017018959120460194,0.0005446066918547262,529,706,177,4,3,3,21,1,1,771,479
47,337,439,984,992,8,72,72,971,971,0,0.012049423057285817,0.01232172640321318,990,990,0,4,2,2,3,54,687,19,535
48,21,637,679,997,318,40,50,769,849,80,0.0006467204465774873,0.00527587732734266,744,951,207,2,3,3,5,4,457,312,60
49,6,107,506,954,448,10,10,544,544,0,6.807583648184077e-05,6.807583648184077e-05,450,450,0,8,4,4,3,4,608,512,626
50,6,212,463,974,511,8,14,474,552,78,0.0002042275094455223,0.001055175465468532,571,818,247,3,4,4,3,2,791,692,242
51,1,1,333,333,0,2,2,333,333,0,0.0,0.0,1,1,0,-1,6,6,2,1,689,621,831
52,14,116,627,938,311,16,16,559,559,0,0.0002382654276864427,0.00030634126416828345,595,628,33,4,4,4,4,3,611,301,720
53,6,108,447,921,474,22,22,572,572,0,0.00030634126416828345,0.00030634126416828345,633,633,0,4,4,4,5,2,478,670,401
54,0,0,1,1,0,0,0,1,1,0,0.0,0.0,1,1,0,-1,-1,-1,10,0,204,740,400
55,1,1,333,333,0,13,13,333,333,0,0.0,0.0,1,1,0,-1,6,6,13,1,113,469,587
56,1,207,332,977,645,2,8,332,499,167,0.0,0.001157289220191293,1,842,841,3,6,4,2,1,779,590,104
57,0,101,1,910,909,0,5,1,332,331,0.0,0.0,1,1,0,5,-1,6,5,0,284,969,552
58,0,0,1,1,0,0,0,1,1,0,0.0,0.0,1,1,0,-1,-1,-1,3,0,568,839,901
59,22,228,592,947,355,108,120,674,715,41,0.0004765308553728854,0.0013615167296368155,684,840,156,3,3,3,18,2,111,634,471
60,0,616,1,995,994,0,26,1,677,676,0.0,0.002586881786309949,1,907,906,2,-1,3,4,0,671,228,183
61,102,102,954,954,0,14,14,736,736,0,0.0030634126416828346,0.0030634126416828346,925,925,0,-1,4,4,3,38,918,111,672
62,8,214,487,953,466,25,42,444,545,101,3.4037918240920386e-05,0.0012253650566731338,389,824,435,3,4,4,11,2,333,549,190
63,0,206,1,971,970,0,10,1,458,457,0.0,0.0005786446100956465,1,730,729,3,-1,4,4,0,945,974,293
64,0,102,1,913,912,0,9,1,409,408,0.0,0.0002042275094455223,1,575,574,4,-1,5,5,1,464,920,404
65,248,248,959,959,0,330,330,965,965,0,0.0046972327172470135,0.0046972327172470135,949,949,0,-1,2,2,21,31,13,126,824
66,0,206,1,971,970,0,12,1,484,483,0.0,0.0007828721195411688,1,775,774,3,-1,4,4,0,458,902,336
67,5,5,447,447,0,6,6,425,425,0,3.4037918240920386e-05,3.4037918240920386e-05,400,400,0,-1,5,5,3,5,337,570,889
68,0,206,1,957,956,0,22,1,438,437,0.0,0.00030634126416828345,1,626,625,3,-1,4,9,0,245,205,545
69,13,114,646,940,294,8,8,503,503,0,3.4037918240920386e-05,6.807583648184077e-05,404,450,46,5,4,4,3,5,856,274,481
70,19,121,780,971,191,8,8,599,599,0,0.0002723033459273631,0.0005105687736138058,630,732,102,4,4,4,2,11,805,162,301
71,0,0,1,1,0,0,0,1,1,0,0.0,0.0,1,1,0,-1,-1,-1,3,0,823,784,611
72,149,250,966,981,15,38,38,923,923,0,0.005650294427992784,0.005650294427992784,963,963,0,5,3,3,3,27,888,25,873
73,14,115,727,967,240,8,8,599,599,0,0.00017018959120460194,0.0002723033459273631,559,631,72,5,4,4,2,7,805,451,771
74,26,226,775,979,204,14,14,598,598,0,0.0005446066918547262,0.0015657442390823377,732,869,137,3,4,4,3,9,530,245,144
75,0,0,1,1,0,0,0,1,1,0,0.0,0.0,1,1,0,-1,-1,-1,5,0,561,569,715
76,0,206,1,942,941,0,30,1,388,387,0.0,0.0002723033459273631,1,607,606,3,-1,4,17,0,94,750,424
77,22,124,711,944,233,22,22,594,594,0,0.00037441710065012424,0.0009190237925048504,672,788,116,4,4,4,5,6,848,46,471
78,357,357,985,985,0,48,48,884,884,0,0.00803294870485721,0.00803294870485721,978,978,0,-1,3,3,3,70,613,18,633
79,12,12,663,663,0,6,6,517,517,0,0.0005446066918547262,0.0005446066918547262,737,737,0,-1,5,5,3,9,918,294,822
80,36,36,811,811,0,28,28,800,800,0,0.0009190237925048504,0.0009190237925048504,798,798,0,-1,3,3,3,6,912,46,974
81,0,102,1,909,908,0,9,1,355,354,0.0,0.0,1,1,0,4,-1,5,8,0,158,833,639
82,25,25,692,692,0,54,54,672,672,0,0.0004084550188910446,0.0004084550188910446,676,676,0,-1,4,4,9,8,180,257,745
83,0,206,1,969,968,0,12,1,442,441,0.0,0.00013615167296368154,1,511,510,3,-1,4,5,0,290,914,199
84,27,27,776,776,0,40,40,822,822,0,0.0013955546478777359,0.0013955546478777359,854,854,0,-1,3,3,5,6,685,471,965
85,0,0,1,1,0,0,0,1,1,0,0.0,0.0,1,1,0,-1,-1,-1,11,0,379,565,823
86,0,102,1,909,908,0,9,1,375,374,0.0,6.807583648184077e-05,1,457,456,4,-1,5,7,0,477,960,311
87,6,108,418,907,489,15,15,435,435,0,3.4037918240920386e-05,6.807583648184077e-05,398,445,47,4,4,4,6,2,470,313,724
88,0,0,1,1,0,0,0,1,1,0,0.0,0.0,1,1,0,-1,-1,-1,3,0,840,823,804
89,66,66,831,831,0,60,60,688,688,0,0.0007147962830593281,0.0007147962830593281,749,749,0,-1,3,3,9,13,276,217,937
90,6,108,382,880,498,32,32,444,444,0,3.4037918240920386e-05,0.00013615167296368154,402,513,111,4,4,4,12,1,239,592,408
91,26,26,781,781,0,22,22,822,822,0,0.0007147962830593281,0.0007147962830593281,762,762,0,-1,3,3,2,4,960,333,254
92,16,16,607,607,0,14,14,488,488,0,0.0004765308553728854,0.0004765308553728854,693,693,0,-1,4,4,3,5,837,562,740
93,383,383,988,988,0,64,64,931,931,0,0.008373327887266415,0.008373327887266415,976,976,0,-1,3,3,4,81,542,32,973
94,2,103,356,908,552,10,10,371,371,0,0.0,0.0,1,1,0,5,5,5,8,1,442,896,853
95,0,102,1,920,919,0,6,1,396,395,0.0,0.0006126825283365669,1,745,744,4,-1,5,3,0,819,908,272
96,0,0,1,1,0,0,0,1,1,0,0.0,0.0,1,1,0,-1,-1,-1,8,0,201,860,426
97,2,104,386,955,569,4,4,447,447,0,0.0,0.0002382654276864427,1,619,618,4,5,5,2,1,914,592,216
98,7,7,508,508,0,14,14,450,450,0,0.00017018959120460194,0.00017018959120460194,551,551,0,-1,4,4,5,2,408,627,843
99,44,44,836,836,0,18,18,658,658,0,0.001157289220191293,0.001157289220191293,840,840,0,-1,4,4,3,14,756,243,428
100,39,39,851,851,0,8,8,552,552,0,0.0013955546478777359,0.0013955546478777359,859,859,0,-1,4,4,2,14,889,146,629
101,26,26,791,791,0,18,18,708,708,0,0.0010892133837094523,0.0010892133837094523,827,827,0,-1,4,4,3,7,485,218,938
102,6,107,454,924,470,12,12,471,471,0,0.0,3.4037918240920386e-05,1,396,395,5,4,4,4,1,815,618,416
103,38,244,820,980,160,22,22,783,783,0,0.0007147962830593281,0.0013615167296368155,764,857,93,3,3,3,2,6,972,461,137
104,6,107,438,917,479,16,16,441,441,0,0.00010211375472276115,0.00010211375472276115,494,494,0,5,4,4,8,2,318,509,495
105,0,206,1,949,948,0,28,1,481,480,0.0,0.0009190237925048504,1,791,790,3,-1,4,8,0,483,624,226
106,151,151,967,967,0,32,32,946,946,0,0.0061949011198475104,0.0061949011198475104,968,968,0,-1,3,3,2,31,906,34,716
107,15,15,601,601,0,22,22,559,559,0,0.00037441710065012424,0.00037441710065012424,666,666,0,-1,4,4,5,5,479,591,271
108,2,2,354,354,0,4,4,355,355,0,0.0,0.0,1,1,0,-1,5,5,3,1,737,671,902
109,46,662,782,994,212,100,110,874,915,41,0.001599782157323258,0.003982436434187685,850,940,90,2,3,3,10,5,437,393,172
110,6,212,548,987,439,8,12,591,719,128,0.0002382654276864427,0.0007488342013002485,608,770,162,3,4,4,2,1,968,727,581
111,98,199,927,972,45,22,22,775,775,0,0.0033357159876101976,0.0034718676605738795,931,933,2,5,3,3,2,21,931,123,311
112,0,0,1,1,0,0,0,1,1,0,0.0,0.0,1,1,0,-1,-1,-1,4,1,675,913,696
113,5,5,552,552,0,3,3,421,421,0,0.00017018959120460194,0.00017018959120460194,552,552,0,-1,5,5,2,3,813,596,632
114,40,656,716,991,275,98,138,630,780,150,0.0006126825283365669,0.003914360597705844,727,939,212,2,3,3,17,6,24,424,17
115,2,2,353,353,0,13,13,380,380,0,3.4037918240920386e-05,3.4037918240920386e-05,407,407,0,-1,5,5,9,3,136,676,520
116,20,226,636,962,326,58,66,681,717,36,0.00013615167296368154,0.001599782157323258,516,861,345,3,3,3,9,6,316,406,129
117,1,103,333,962,629,2,4,333,467,134,0.0,0.0005446066918547262,1,745,744,4,6,5,2,1,805,853,351
118,60,60,846,846,0,68,68,867,867,0,0.0008169100377820892,0.0008169100377820892,769,769,0,-1,3,3,7,5,482,418,849
119,18,120,593,898,305,46,46,598,598,0,6.807583648184077e-05,0.00037441710065012424,449,645,196,4,3,3,8,2,370,251,245
120,0,206,1,949,948,0,19,1,409,408,0.0,0.0002723033459273631,1,606,605,3,-1,4,9,0,100,587,516
121,0,102,1,882,881,0,19,1,376,375,0.0,0.0002382654276864427,1,579,578,4,-1,5,13,0,160,973,487
122,19,120,735,958,223,22,22,834,834,0,0.0011913271384322134,0.0011913271384322134,841,841,0,5,3,3,2,3,895,103,499
123,100,100,856,856,0,100,100,659,659,0,0.014738418598318526,0.014806494434800367,990,990,0,4,1,1,16,45,26,77,512
124,0,102,1,900,899,0,5,1,358,357,0.0,0.0,1,1,0,4,-1,5,4,0,547,802,495
125,30,236,697,966,269,80,80,766,766,0,0.0008509479560230097,0.0013615167296368155,777,833,56,3,3,3,10,4,256,246,316
126,34,34,737,737,0,24,24,571,571,0,0.0006807583648184077,0.0006807583648184077,751,751,0,-1,4,4,4,7,503,422,757
127,0,102,1,888,887,0,24,1,408,407,0.0,0.00034037918240920387,1,643,642,4,-1,5,12,0,226,821,473
128,33,239,786,979,193,34,34,801,801,0,0.0006467204465774873,0.002212464685659825,748,893,145,3,3,3,4,9,767,343,44
129,116,322,876,973,97,208,208,860,860,0,0.0013955546478777359,0.001599782157323258,836,847,11,3,3,3,21,13,1,261,341
130,2,2,359,359,0,12,12,368,368,0,3.4037918240920386e-05,3.4037918240920386e-05,407,407,0,-1,5,5,10,2,427,692,930
131,18,120,736,963,227,8,8,537,537,0,0.00037441710065012424,0.001055175465468532,677,819,142,4,4,4,2,5,686,418,630
132,0,206,1,964,963,0,18,1,440,439,0.0,0.0005786446100956465,1,719,718,3,-1,4,8,0,431,945,250
133,141,347,925,978,53,98,98,889,889,0,0.002995336805200994,0.0034718676605738795,922,931,9,3,3,3,8,26,317,108,390
134,81,81,904,904,0,62,62,967,967,0,0.0037441710065012424,0.0037441710065012424,938,938,0,-1,2,2,3,10,844,227,916
135,6,1646,437,1000,563,12,68,453,936,483,0.00013615167296368154,0.027911092957554715,524,996,472,1,4,2,4,3,759,309,7
136,0,206,1,962,961,0,20,1,476,475,0.0,0.000442492937131965,1,688,687,3,-1,4,6,0,352,678,185
137,36,36,768,768,0,44,44,685,685,0,0.0002042275094455223,0.0002042275094455223,570,570,0,-1,3,3,7,5,156,310,746
138,12,12,621,621,0,18,18,657,657,0,0.000442492937131965,0.000442492937131965,693,693,0,-1,4,4,3,2,615,827,760
139,41,41,757,757,0,60,60,666,666,0,0.0006467204465774873,0.0006467204465774873,736,736,0,-1,3,3,9,7,381,329,665
140,89,191,929,974,45,22,22,838,838,0,0.002484768031587188,0.002825147213996392,915,927,12,4,3,3,2,26,988,112,422
141,8,214,483,952,469,24,28,435,461,26,0.00017018959120460194,0.0005105687736138058,540,705,165,3,4,4,10,2,128,499,365
142,6,6,436,436,0,14,14,502,502,0,6.807583648184077e-05,6.807583648184077e-05,443,443,0,-1,4,4,3,3,725,260,953
143,14,115,551,909,358,21,21,437,437,0,3.4037918240920386e-05,0.00010211375472276115,400,471,71,5,4,4,9,3,422,485,430
144,14,14,588,588,0,40,40,604,604,0,0.00010211375472276115,0.00010211375472276115,479,479,0,-1,4,4,8,6,286,392,954
145,12,12,577,577,0,18,18,592,592,0,6.807583648184077e-05,6.807583648184077e-05,455,455,0,-1,4,4,3,2,737,468,957
146,120,120,910,910,0,140,140,935,935,0,0.0032336022328874367,0.0032336022328874367,927,927,0,-1,2,2,11,15,174,206,929
147,102,204,930,973,43,44,44,872,872,0,0.0026209197045508697,0.0026549576227917903,911,912,1,4,3,3,4,21,891,123,152
148,2,208,365,977,612,5,11,332,485,153,0.0,0.00013615167296368154,1,522,521,3,6,4,5,5,695,605,561
149,138,138,937,937,0,84,84,941,941,0,0.0037441710065012424,0.0037441710065012424,938,938,0,-1,2,2,5,21,408,157,517
150,6,107,455,933,478,11,11,463,463,0,0.00010211375472276115,0.0002042275094455223,490,576,86,5,4,4,5,3,848,460,481
151,0,0,1,1,0,0,0,1,1,0,0.0,0.0,1,1,0,-1,-1,-1,8,0,225,946,892
152,179,795,954,998,44,118,138,947,965,18,0.0053439531638245,0.010279451308757957,959,978,19,2,2,2,9,28,177,41,142
153,0,102,1,908,907,0,9,1,382,381,0.0,0.00030634126416828345,1,648,647,4,-1,5,6,0,267,918,613
154,7,109,580,959,379,6,6,457,457,0,6.807583648184077e-05,0.0002382654276864427,458,603,145,4,5,5,3,5,850,350,652
155,0,0,1,1,0,0,0,1,1,0,0.0,0.0,1,1,0,-1,-1,-1,9,0,803,982,583
156,22,22,676,676,0,42,42,731,731,0,0.00013615167296368154,0.00013615167296368154,523,523,0,-1,3,3,6,4,606,346,787
157,111,213,917,968,51,46,46,750,750,0,0.002484768031587188,0.002586881786309949,904,910,6,4,3,3,6,26,556,108,891
158,0,0,1,1,0,0,0,1,1,0,0.0,0.0,1,1,0,-1,-1,-1,7,0,343,887,922
159,0,206,1,969,968,0,24,1,569,568,0.0,0.0009190237925048504,1,797,796,3,-1,4,6,1,764,456,68
160,32,1672,598,1000,402,154,294,582,811,229,0.0002382654276864427,0.005650294427992784,579,953,374,1,3,2,33,2,9,491,57
161,6,108,416,896,480,37,37,510,510,0,6.807583648184077e-05,0.00017018959120460194,444,531,87,4,4,4,11,2,174,714,691
162,8,109,498,900,402,21,21,447,447,0,6.807583648184077e-05,6.807583648184077e-05,453,453,0,6,4,4,9,3,249,290,469
163,0,102,1,927,926,0,3,1,362,361,0.0,6.807583648184077e-05,1,455,454,4,-1,5,2,0,846,624,627
164,30,131,828,970,142,14,14,736,736,0,0.0014636304843595766,0.0014636304843595766,854,854,0,6,4,4,3,13,918,255,590
165,2,2,360,360,0,4,4,332,332,0,3.4037918240920386e-05,3.4037918240920386e-05,401,401,0,-1,6,6,4,5,969,605,742
166,0,206,1,939,938,0,63,1,484,483,0.0,0.00037441710065012424,1,654,653,3,-1,4,20,0,88,744,221
167,0,0,1,1,0,0,0,1,1,0,0.0,0.0,1,1,0,-1,-1,-1,14,0,79,944,894
168,55,55,836,836,0,46,46,764,764,0,0.001599782157323258,0.001599782157323258,862,862,0,-1,3,3,6,11,251,166,702
169,6,622,456,998,542,11,30,465,759,294,0.00010211375472276115,0.0033016780693692774,478,929,451,2,4,3,4,1,635,238,105
170,0,0,1,1,0,0,0,1,1,0,0.0,0.0,1,1,0,-1,-1,-1,3,0,668,888,779
171,0,102,1,906,905,0,8,1,393,392,0.0,0.0002723033459273631,1,610,609,4,-1,5,4,0,671,228,465
172,1,103,331,964,633,2,3,331,410,79,0.00010211375472276115,0.0002723033459273631,501,629,128,4,6,5,2,1,865,481,323
173,0,206,1,940,939,0,41,1,423,422,0.0,0.0002042275094455223,1,557,556,3,-1,4,17,0,103,959,432
174,0,0,1,1,0,0,0,1,1,0,0.0,0.0,1,1,0,-1,-1,-1,2,0,804,951,905
175,116,217,906,953,47,122,122,949,949,0,0.0037441710065012424,0.0037441710065012424,938,938,0,5,2,2,8,12,317,104,721
176,18,224,573,952,379,58,74,499,547,48,3.4037918240920386e-05,0.0002042275094455223,401,558,157,3,4,4,17,3,10,596,636
177,0,206,1,973,972,0,18,1,553,552,0.0,0.00034037918240920387,1,650,649,3,-1,4,5,1,435,706,160
178,0,206,1,979,978,0,9,1,537,536,0.0,0.0009530617107457708,1,814,813,3,-1,4,3,0,790,800,393
179,0,102,1,887,886,0,14,1,381,380,0.0,0.00030634126416828345,1,632,631,4,-1,5,9,0,192,716,557
180,0,102,1,897,896,0,10,1,348,347,0.0,0.0,1,1,0,4,-1,5,9,1,177,806,829
181,52,154,862,963,101,22,22,773,773,0,0.0013615167296368155,0.0013615167296368155,853,853,0,4,3,3,2,14,598,139,508
182,182,284,961,979,18,84,84,950,950,0,0.00445896728956057,0.004595118962524252,953,954,1,4,2,2,5,24,438,8,341
183,83,185,882,962,80,34,34,762,762,0,0.0013615167296368155,0.0014295925661186562,850,856,6,4,3,3,4,18,711,147,797
184,6,6,474,474,0,8,8,486,486,0,0.00017018959120460194,0.00017018959120460194,544,544,0,-1,4,4,2,1,943,537,951
185,8,624,582,1000,418,8,22,546,839,293,0.0002042275094455223,0.009326389598012186,588,981,393,2,4,3,2,4,998,149,211
186,90,296,841,969,128,144,144,807,807,0,0.0009530617107457708,0.001497668402600497,791,847,56,3,2,2,17,9,210,343,145
187,0,206,1,971,970,0,8,1,438,437,0.0,6.807583648184077e-05,1,437,436,3,-1,4,2,0,893,201,248
188,38,140,805,949,144,34,34,775,775,0,0.0005105687736138058,0.00088498587426393,715,800,85,4,3,3,4,5,397,221,677
189,8,110,530,920,390,14,14,509,509,0,0.0002042275094455223,0.0007147962830593281,564,767,203,4,4,4,3,2,459,682,240
190,28,130,719,937,218,36,36,698,698,0,0.0006126825283365669,0.0009530617107457708,733,798,65,4,3,3,5,3,701,301,46
191,40,141,800,932,132,34,34,722,722,0,0.000442492937131965,0.0004765308553728854,695,706,11,5,3,3,4,6,516,46,764
192,24,24,700,700,0,38,38,827,827,0,0.0010211375472276116,0.0010211375472276116,819,819,0,-1,3,3,3,4,725,288,900
193,52,258,794,969,175,96,96,805,805,0,0.0014636304843595766,0.002586881786309949,847,900,53,3,3,3,11,6,229,397,106
194,16,16,581,581,0,98,98,903,903,0,0.0006467204465774873,0.0006467204465774873,732,732,0,-1,3,3,8,2,201,482,633
195,0,0,1,1,0,0,0,1,1,0,0.0,0.0,1,1,0,-1,-1,-1,16,0,27,356,388
196,0,1640,1,1000,999,0,47,1,959,958,0.0,0.03495694203342523,1,997,996,1,-1,2,3,1,654,852,392
197,2,103,368,928,560,5,5,382,382,0,0.0,0.0,1,1,0,7,5,5,3,2,680,495,621
198,0,206,1,982,981,0,9,1,549,548,0.0,0.0002042275094455223,1,572,571,3,-1,4,3,0,875,960,291
199,6,108,426,913,487,20,20,459,459,0,6.807583648184077e-05,6.807583648184077e-05,440,440,0,4,4,4,7,1,398,594,885
200,0,102,1,946,945,0,5,1,414,413,0.0,0.0013615167296368155,1,842,841,4,-1,5,3,0,796,867,157
201,0,0,1,1,0,0,0,1,1,0,0.0,0.0,1,1,0,-1,-1,-1,6,0,587,855,968
202,60,60,765,765,0,112,112,659,659,0,0.00034037918240920387,0.00034037918240920387,634,634,0,-1,3,3,19,6,11,368,915
203,15,117,549,895,346,60,60,545,545,0,0.0004765308553728854,0.0005105687736138058,692,706,14,4,4,4,14,7,144,427,576
204,45,45,784,784,0,76,76,813,813,0,0.0011913271384322134,0.0011913271384322134,823,823,0,-1,3,3,9,8,166,161,796
205,1,102,332,955,623,2,2,332,332,0,0.0,0.00017018959120460194,1,567,566,5,6,6,2,1,913,402,214
206,276,378,970,980,10,96,96,918,918,0,0.006024711528642908,0.00622893903808843,965,967,2,4,2,2,7,48,209,56,215
207,6,212,429,967,538,14,18,460,511,51,0.00013615167296368154,0.00034037918240920387,523,650,127,3,4,4,5,1,479,561,508
208,0,102,1,898,897,0,10,1,374,373,0.0,0.00017018959120460194,1,533,532,4,-1,5,7,0,472,856,810
209,102,102,941,941,0,12,12,608,608,0,0.001940161339732462,0.001940161339732462,896,896,0,-1,4,4,2,34,924,89,684
210,2,208,360,967,607,7,20,384,541,157,0.0,0.0020763130126961434,1,889,888,3,5,4,4,1,567,931,27
211,0,206,1,993,992,0,8,1,683,682,0.0,0.002484768031587188,1,915,914,3,-1,4,2,0,973,457,127
212,1,103,333,966,633,2,4,333,470,137,3.4037918240920386e-05,0.001157289220191293,396,832,436,4,6,5,2,2,873,656,190
213,0,206,1,948,947,0,35,1,395,394,0.0,0.00013615167296368154,1,510,509,3,-1,4,19,1,38,874,505
214,4,210,431,973,542,7,11,401,456,55,6.807583648184077e-05,0.0004765308553728854,441,701,260,3,5,4,4,2,513,298,211
215,269,269,979,979,0,64,64,936,936,0,0.00622893903808843,0.00622893903808843,968,968,0,-1,3,3,4,49,700,51,901
216,130,130,922,922,0,110,110,918,918,0,0.0030293747234419145,0.0030293747234419145,921,921,0,-1,2,2,10,17,527,96,841
217,17,17,632,632,0,60,60,835,835,0,0.0004084550188910446,0.0004084550188910446,680,680,0,-1,3,3,5,2,238,101,767
218,89,705,896,998,102,60,60,874,874,0,0.0022465026039007454,0.0038462847612240037,902,945,43,2,3,3,5,15,773,153,354
219,0,0,1,1,0,0,0,1,1,0,0.0,0.0,1,1,0,-1,-1,-1,5,0,538,981,954
220,0,0,1,1,0,0,0,1,1,0,0.0,0.0,1,1,0,-1,-1,-1,2,0,913,843,955
221,46,662,716,993,277,184,184,819,819,0,0.0011232513019503727,0.002552843868069029,814,904,90,2,3,3,19,6,19,114,144
222,0,0,1,1,0,0,0,1,1,0,0.0,0.0,1,1,0,-1,-1,-1,8,0,286,766,970
223,0,102,1,893,892,0,13,1,386,385,0.0,3.4037918240920386e-05,1,398,397,4,-1,5,8,0,186,918,609
224,132,234,950,980,30,34,34,844,844,0,0.003880322679464924,0.0040845501889104465,937,941,4,4,3,3,4,29,679,17,121
225,0,102,1,938,937,0,5,1,399,398,0.0,0.00013615167296368154,1,521,520,4,-1,5,3,0,590,778,532
226,250,352,976,981,5,72,72,961,961,0,0.005616256509751864,0.0057524081827155455,966,968,2,4,2,2,3,44,704,27,567
227,0,0,1,1,0,0,0,1,1,0,0.0,0.0,1,1,0,-1,-1,-1,7,0,439,629,608
228,9,215,526,965,439,30,34,550,578,28,0.00030634126416828345,0.001497668402600497,635,849,214,3,4,4,7,6,273,406,227
229,0,0,1,1,0,0,0,1,1,0,0.0,0.0,1,1,0,-1,-1,-1,11,0,167,881,462
230,0,0,1,1,0,0,0,1,1,0,0.0,0.0,1,1,0,-1,-1,-1,4,0,280,620,729
231,27,233,724,971,247,20,24,563,622,59,0.0005786446100956465,0.0015657442390823377,725,851,126,3,4,4,4,8,887,90,303
232,0,206,1,969,968,0,10,1,474,473,0.0,0.00010211375472276115,1,490,489,3,-1,4,3,3,636,854,493
233,0,0,1,1,0,0,0,1,1,0,0.0,0.0,1,1,0,-1,-1,-1,2,0,994,834,793
234,6,108,450,928,478,26,26,646,646,0,0.00013615167296368154,0.0005446066918547262,513,704,191,4,4,4,5,1,765,655,414
235,65,681,863,997,134,30,40,713,789,76,0.0018380475850097008,0.008407365805507334,879,976,97,2,4,3,5,19,533,91,19
236,0,101,1,885,884,0,7,1,330,329,0.0,0.0,1,1,0,5,-1,6,7,0,182,918,676
237,150,766,904,992,88,376,376,913,913,0,0.0013615167296368155,0.0017359338302869397,839,866,27,2,3,3,35,15,20,53,410
238,40,142,825,949,124,32,32,875,875,0,0.0013955546478777359,0.0013955546478777359,861,861,0,4,3,3,2,4,971,185,222
239,0,0,1,1,0,0,0,1,1,0,0.0,0.0,1,1,0,-1,-1,-1,3,1,786,806,984
240,6,212,398,947,549,55,64,529,563,34,0.00010211375472276115,0.000442492937131965,479,680,201,3,4,4,14,2,144,550,351
241,0,616,1,995,994,0,26,1,677,676,0.0,0.0018380475850097008,1,875,874,2,-1,3,4,0,671,922,407
242,16,222,584,964,380,58,58,723,723,0,0.0004765308553728854,0.002927260968719153,699,923,224,3,3,3,8,1,383,439,111
243,24,230,640,955,315,50,66,554,622,68,0.0002382654276864427,0.0013955546478777359,584,836,252,3,3,3,12,4,292,220,277
244,0,206,1,964,963,0,26,1,487,486,0.0,0.0006807583648184077,1,750,749,3,-1,4,8,0,297,632,345
245,18,120,591,897,306,56,56,583,583,0,0.00030634126416828345,0.0004765308553728854,625,698,73,4,4,4,12,5,184,688,652
246,0,102,1,893,892,0,13,1,383,382,0.0,0.00034037918240920387,1,646,645,4,-1,5,9,0,289,502,121
247,2,103,383,945,562,5,5,423,423,0,3.4037918240920386e-05,3.4037918240920386e-05,400,400,0,6,5,5,3,1,790,463,781
248,0,101,1,905,904,0,7,1,332,331,0.0,0.0,1,1,0,5,-1,6,7,1,141,828,464
249,30,132,745,933,188,36,36,720,720,0,0.0006126825283365669,0.0007147962830593281,728,758,30,4,3,3,5,4,173,333,241
250,0,616,1,989,988,0,41,1,459,458,0.0,0.0004765308553728854,1,681,680,2,-1,3,14,1,133,235,510
251,0,0,1,1,0,0,0,1,1,0,0.0,0.0,1,1,0,-1,-1,-1,2,0,919,936,783
252,6,6,396,396,0,23,23,446,446,0,0.00010211375472276115,0.00010211375472276115,481,481,0,-1,4,4,8,2,483,654,820
253,0,0,1,1,0,0,0,1,1,0,0.0,0.0,1,1,0,-1,-1,-1,3,0,855,903,782
254,0,102,1,874,873,0,19,1,364,363,0.0,0.00013615167296368154,1,503,502,4,-1,5,15,0,0,916,313
255,2,104,361,917,556,8,8,410,410,0,3.4037918240920386e-05,0.0002042275094455223,391,571,180,4,5,5,4,2,235,690,173
256,8,214,589,983,394,12,12,640,640,0,3.4037918240920386e-05,0.009190237925048503,405,983,578,3,4,4,2,3,809,300,11
257,45,251,787,969,182,60,60,687,687,0,0.0007488342013002485,0.0010892133837094523,760,816,56,3,3,3,9,8,367,204,182
258,0,102,1,889,888,0,13,1,366,365,0.0,3.4037918240920386e-05,1,398,397,4,-1,5,10,0,204,965,313
259,117,117,897,897,0,176,176,861,861,0,0.0014295925661186562,0.0014295925661186562,850,850,0,-1,2,2,17,12,71,159,426
260,56,157,839,945,106,82,82,899,899,0,0.002552843868069029,0.002552843868069029,904,904,0,6,3,3,7,6,342,73,344
261,99,200,945,982,37,22,22,842,842,0,0.0026209197045508697,0.0026549576227917903,922,923,1,5,3,3,2,30,686,65,364
262,0,102,1,921,920,0,6,1,366,365,0.0,6.807583648184077e-05,1,453,452,4,-1,5,5,0,421,483,749
263,24,230,700,965,265,24,28,532,574,42,0.0002723033459273631,0.0010892133837094523,611,817,206,3,4,4,6,4,281,167,255
264,6,108,398,890,492,60,60,522,522,0,6.807583648184077e-05,6.807583648184077e-05,435,435,0,4,4,4,16,1,60,452,879
265,8,214,540,971,431,18,18,624,624,0,0.00010211375472276115,0.0013955546478777359,499,846,347,3,4,4,3,3,554,508,87
266,16,16,590,590,0,29,29,557,557,0,0.00017018959120460194,0.00017018959120460194,533,533,0,-1,3,3,8,1,521,322,725
267,6,108,402,891,489,29,30,443,451,8,0.00010211375472276115,0.0004084550188910446,478,669,191,4,4,4,11,1,150,481,516
268,0,0,1,1,0,0,0,1,1,0,0.0,0.0,1,1,0,-1,-1,-1,4,0,891,773,713
269,0,0,1,1,0,0,0,1,1,0,0.0,0.0,1,1,0,-1,-1,-1,5,0,456,912,520
270,27,233,769,976,207,28,28,800,800,0,0.0007147962830593281,0.003267640151128357,754,929,175,3,3,3,3,7,912,170,126
271,0,206,1,971,970,0,13,1,465,464,0.0,0.00034037918240920387,1,645,644,3,-1,4,5,0,534,729,467
272,128,128,954,954,0,46,46,970,970,0,0.0057524081827155455,0.0057524081827155455,963,963,0,-1,2,2,2,26,925,112,651
273,1146,1352,1000,1000,0,256,256,990,990,0,0.018244324177133328,0.01872085503250621,997,997,0,3,2,2,13,157,242,2,619
274,24,230,627,951,324,84,88,588,602,14,0.0002042275094455223,0.000442492937131965,558,677,119,3,3,3,17,5,6,722,869
275,0,206,1,961,960,0,24,1,490,489,0.0,0.0004084550188910446,1,688,687,3,-1,4,8,1,646,780,389
276,0,102,1,905,904,0,7,1,355,354,0.0,6.807583648184077e-05,1,436,435,4,-1,5,6,0,556,889,964
277,73,175,881,964,83,28,28,781,781,0,0.001599782157323258,0.001599782157323258,871,871,0,4,3,3,3,22,672,128,238
278,77,179,884,965,81,54,54,916,916,0,0.003812246842983083,0.003982436434187685,935,940,5,4,2,2,4,13,344,255,451
279,0,102,1,908,907,0,8,1,355,354,0.0,0.0,1,1,0,4,-1,5,7,0,141,665,360
280,7,623,487,994,507,34,52,466,566,100,0.0,0.0017359338302869397,1,865,864,2,4,3,11,5,188,225,109
281,0,0,1,1,0,0,0,1,1,0,0.0,0.0,1,1,0,-1,-1,-1,4,0,458,802,979
282,0,206,1,964,963,0,27,1,575,574,0.0,0.0008169100377820892,1,781,780,3,-1,4,6,0,498,905,59
283,0,206,1,970,969,0,24,1,565,564,0.0,0.0014636304843595766,1,859,858,3,-1,4,6,0,657,737,123
284,14,220,657,980,323,12,12,631,631,0,0.000442492937131965,0.0020422750944552232,686,900,214,3,4,4,2,4,894,288,78
285,0,0,1,1,0,0,0,1,1,0,0.0,0.0,1,1,0,-1,-1,-1,4,0,493,812,330
286,8,8,485,485,0,58,58,630,630,0,0.00034037918240920387,0.00034037918240920387,646,646,0,-1,4,4,11,2,234,770,813
287,25,231,728,973,245,20,24,515,549,34,0.00034037918240920387,0.0015317063208414173,650,858,208,3,4,4,6,7,465,176,171
288,32,238,708,965,257,70,70,769,769,0,0.00017018959120460194,0.001157289220191293,535,815,280,3,3,3,9,4,414,149,147
289,101,101,893,893,0,130,130,927,927,0,0.002144388849177984,0.002144388849177984,891,891,0,-1,3,3,10,19,161,297,428
290,2,618,354,997,643,12,70,374,773,399,3.4037918240920386e-05,0.007318152421797883,406,973,567,2,5,3,9,1,395,530,70
291,16,118,584,912,328,38,38,599,599,0,0.0002042275094455223,0.0002042275094455223,575,575,0,4,3,3,8,1,383,958,270
292,0,101,1,953,952,0,3,1,329,328,0.0,0.0,1,1,0,6,-1,7,3,0,918,808,853
293,0,1640,1,1000,999,0,55,1,528,527,0.0,0.007352190340038803,1,966,965,1,-1,2,14,0,332,848,549
294,6,6,422,422,0,24,24,450,450,0,3.4037918240920386e-05,3.4037918240920386e-05,398,398,0,-1,4,4,10,1,293,577,867
295,0,102,1,895,894,0,15,1,389,388,0.0,0.00017018959120460194,1,536,535,4,-1,5,9,0,367,201,270
296,2,2,355,355,0,12,12,367,367,0,0.0,0.0,1,1,0,-1,5,5,9,2,277,615,973
297,63,164,939,985,46,12,12,812,812,0,0.003812246842983083,0.003812246842983083,952,952,0,5,4,4,2,29,813,142,935
298,50,256,752,956,204,126,126,769,769,0,0.0009190237925048504,0.0010892133837094523,781,808,27,3,3,3,16,5,132,403,319
299,34,650,775,998,223,38,38,841,841,0,0.0009870996289866913,0.00442492937131965,809,951,142,2,3,3,3,7,808,169,123
300,4,4,498,498,0,3,3,411,411,0,0.0002382654276864427,0.0002382654276864427,613,613,0,-1,5,5,2,2,865,22,934
301,181,181,939,939,0,192,192,905,905,0,0.0031314884781646754,0.0031314884781646754,927,927,0,-1,3,3,17,21,112,123,388
302,10,626,519,993,474,34,56,508,663,155,0.0002382654276864427,0.002314578440382586,590,890,300,2,4,3,11,7,248,451,26
303,9,111,577,927,350,14,14,543,543,0,0.00013615167296368154,0.0002042275094455223,526,582,56,4,4,4,3,4,746,567,532
304,0,206,1,979,978,0,9,1,515,514,0.0,0.000442492937131965,1,696,695,3,-1,4,3,0,867,973,296
305,0,0,1,1,0,0,0,1,1,0,0.0,0.0,1,1,0,-1,-1,-1,5,0,724,929,863
306,54,54,850,850,0,24,24,676,676,0,0.0009190237925048504,0.0009190237925048504,793,793,0,-1,4,4,4,17,735,327,539
307,68,170,911,973,62,38,38,929,929,0,0.002280540522141666,0.002314578440382586,905,905,0,4,3,3,3,18,790,147,231
308,30,30,780,780,0,18,18,676,676,0,0.00017018959120460194,0.00017018959120460194,546,546,0,-1,4,4,3,11,337,162,905
309,0,206,1,948,947,0,31,1,409,408,0.0,0.0002382654276864427,1,587,586,3,-1,4,15,0,40,776,688
310,31,133,848,974,126,8,8,599,599,0,0.0014636304843595766,0.0017018959120460194,872,888,16,4,4,4,2,17,865,269,317
311,16,222,558,959,401,70,74,737,764,27,0.0002042275094455223,0.0012934408931549745,578,838,260,3,3,3,9,2,803,493,59
312,0,102,1,926,925,0,4,1,373,372,0.0,0.00017018959120460194,1,549,548,4,-1,5,3,0,831,867,869
313,0,0,1,1,0,0,0,1,1,0,0.0,0.0,1,1,0,-1,-1,-1,3,0,864,936,568
314,105,207,873,936,63,182,182,795,795,0,0.0013274788113958951,0.0013274788113958951,837,837,0,4,3,3,22,18,22,147,530
315,322,424,978,986,8,166,166,986,986,0,0.007113924912352361,0.007284114503556962,969,970,1,4,2,2,8,50,137,33,797
316,8,8,521,521,0,11,11,445,445,0,0.0002382654276864427,0.0002382654276864427,589,589,0,-1,4,4,4,2,858,499,881
317,106,312,901,977,76,116,116,951,951,0,0.0030974505599237552,0.00353994349705572,926,936,10,3,2,2,7,13,417,255,795
318,0,101,1,926,925,0,5,1,332,331,0.0,0.0,1,1,0,7,-1,8,5,0,647,798,626
319,7,7,535,535,0,10,10,480,480,0,0.00010211375472276115,0.00010211375472276115,488,488,0,-1,4,4,4,2,603,298,876
320,131,337,897,972,75,232,232,924,924,0,0.002110350930937064,0.002825147213996392,892,915,23,3,2,2,19,10,48,405,218
321,80,80,837,837,0,136,136,809,809,0,0.0014636304843595766,0.0014636304843595766,847,847,0,-1,3,3,15,11,104,193,990
322,34,34,808,808,0,18,18,763,763,0,0.0008169100377820892,0.0008169100377820892,783,783,0,-1,3,3,2,10,880,195,784
323,58,160,845,955,110,50,50,859,859,0,0.0018040096667687805,0.0018040096667687805,863,863,0,4,3,3,5,15,692,151,873
324,160,160,928,928,0,168,168,922,922,0,0.002825147213996392,0.002825147213996392,917,917,0,-1,3,3,13,25,129,47,825
325,100,100,845,845,0,100,100,587,587,0,0.009292351679771264,0.009292351679771264,971,971,0,-1,1,1,19,8,35,132,565
326,0,0,1,1,0,0,0,1,1,0,0.0,0.0,1,1,0,-1,-1,-1,11,0,360,846,768
327,29,131,744,933,189,18,18,595,595,0,0.0005786446100956465,0.0007147962830593281,727,762,35,4,4,4,3,8,892,177,419
328,12,114,641,954,313,12,12,655,655,0,0.00013615167296368154,0.0002723033459273631,527,633,106,4,4,4,2,6,817,107,285
329,0,206,1,959,958,0,13,1,388,387,0.0,0.00013615167296368154,1,502,501,3,-1,4,8,0,595,898,337
330,13,114,584,920,336,12,12,464,464,0,0.00013615167296368154,0.00017018959120460194,519,548,29,5,4,4,4,3,858,93,679
331,28,644,716,995,279,48,58,718,786,68,0.0012253650566731338,0.004595118962524252,836,951,115,2,3,3,7,5,335,362,102
332,24,230,687,968,281,88,88,861,861,0,0.0006467204465774873,0.0009190237925048504,739,796,57,3,3,3,8,5,137,589,262
333,23,23,780,780,0,12,12,670,670,0,0.0005786446100956465,0.0005786446100956465,733,733,0,-1,4,4,2,9,946,343,849
334,0,0,1,1,0,0,0,1,1,0,0.0,0.0,1,1,0,-1,-1,-1,9,0,250,587,533
335,0,102,1,971,970,0,4,1,466,465,0.0,0.0013274788113958951,1,856,855,4,-1,5,2,1,941,874,87
336,2,618,355,993,638,9,46,378,728,350,0.0,0.003948398515946765,1,943,942,2,5,3,6,1,393,896,51
337,4,210,400,959,559,15,20,400,435,35,6.807583648184077e-05,0.0005446066918547262,444,717,273,3,5,4,8,5,358,464,414
338,2,208,364,972,608,7,12,398,477,79,3.4037918240920386e-05,0.0007147962830593281,409,760,351,3,5,4,4,1,650,862,338
339,6,6,521,521,0,7,7,549,549,0,0.00010211375472276115,0.00010211375472276115,512,512,0,-1,4,4,2,4,914,512,934
340,61,61,850,850,0,48,48,738,738,0,0.0011913271384322134,0.0011913271384322134,835,835,0,-1,3,3,7,12,305,99,928
341,0,0,1,1,0,0,0,1,1,0,0.0,0.0,1,1,0,-1,-1,-1,3,0,554,790,981
342,0,0,1,1,0,0,0,1,1,0,0.0,0.0,1,1,0,-1,-1,-1,3,0,814,994,882
343,0,616,1,991,990,0,50,1,591,590,0.0,0.0013274788113958951,1,837,836,2,-1,3,10,0,204,698,163
344,22,124,814,971,157,22,22,893,893,0,0.0015657442390823377,0.0018380475850097008,871,889,18,4,3,3,2,10,788,266,132
345,0,616,1,994,993,0,32,1,528,527,0.0,0.0010211375472276116,1,800,799,2,-1,3,9,0,180,968,759
346,2,618,359,995,636,11,38,401,716,315,0.0,0.005003573981415297,1,957,956,2,5,3,6,2,402,679,50
347,24,125,817,972,155,22,22,892,892,0,0.0010211375472276116,0.0012253650566731338,824,844,20,5,3,3,2,3,997,616,521
348,15,116,614,925,311,16,16,517,517,0,0.00010211375472276115,0.00013615167296368154,481,522,41,5,4,4,4,5,917,487,430
349,0,206,1,990,989,0,8,1,640,639,0.0,0.0008509479560230097,1,798,797,3,-1,4,2,0,936,889,97
350,551,651,1000,1000,0,22,22,868,868,0,0.017903944994724124,0.01841451376833793,995,995,0,4,3,3,2,157,806,2,46
351,21,123,701,940,239,20,20,557,557,0,0.00037441710065012424,0.000442492937131965,668,693,25,4,4,4,4,8,558,417,191
352,92,193,859,943,84,114,114,775,775,0,0.001157289220191293,0.001157289220191293,818,818,0,5,3,3,14,19,144,184,402
353,0,206,1,969,968,0,14,1,557,556,0.0,0.001599782157323258,1,873,872,3,-1,4,3,0,726,324,203
354,2,103,363,917,554,8,8,424,424,0,0.0,0.0,1,1,0,5,5,5,4,1,453,623,878
355,0,206,1,990,989,0,8,1,640,639,0.0,0.0029612988869600733,1,930,929,3,-1,4,2,0,936,624,41
356,540,746,990,993,3,230,230,983,983,0,0.009462541270975866,0.01055175465468532,979,979,0,3,2,2,12,70,175,18,109
357,12,113,566,922,356,20,20,554,554,0,0.00010211375472276115,0.0002723033459273631,477,605,128,5,4,4,4,4,717,239,425
358,0,206,1,961,960,0,18,1,422,421,0.0,0.0002723033459273631,1,610,609,3,-1,4,8,0,201,669,404
359,0,0,1,1,0,0,0,1,1,0,0.0,0.0,1,1,0,-1,-1,-1,2,1,985,947,832
360,30,132,714,920,206,38,38,607,607,0,0.0007488342013002485,0.0007488342013002485,766,766,0,4,4,4,7,6,321,194,506
361,5,211,416,958,542,16,20,401,437,36,6.807583648184077e-05,0.00013615167296368154,451,517,66,3,5,4,9,3,250,411,509
362,274,480,979,992,13,84,84,956,956,0,0.005956635692161067,0.0063650907110521125,964,967,3,3,2,2,5,54,561,28,224
363,14,116,651,948,297,14,14,587,587,0,0.0002382654276864427,0.0004765308553728854,586,693,107,4,4,4,3,3,628,318,253
364,0,206,1,977,976,0,8,1,490,489,0.0,0.0005446066918547262,1,717,716,3,-1,4,2,0,970,457,418
365,0,0,1,1,0,0,0,1,1,0,0.0,0.0,1,1,0,-1,-1,-1,16,0,117,858,992
366,10,112,586,943,357,14,14,543,543,0,0.00013615167296368154,0.00034037918240920387,519,647,128,4,4,4,3,4,651,501,424
367,2,208,354,965,611,12,18,384,445,61,3.4037918240920386e-05,0.0005786446100956465,391,722,331,3,5,4,8,1,270,592,413
368,2,103,369,933,564,5,5,392,392,0,3.4037918240920386e-05,6.807583648184077e-05,386,444,58,5,5,5,3,2,615,885,342
369,12,114,523,891,368,46,46,581,581,0,0.0002042275094455223,0.0002723033459273631,573,628,55,4,4,4,9,2,263,425,682
370,44,250,711,954,243,142,142,742,742,0,0.0006126825283365669,0.0006467204465774873,721,730,9,3,3,3,20,4,88,267,655
371,0,0,1,1,0,0,0,1,1,0,0.0,0.0,1,1,0,-1,-1,-1,8,0,244,980,986
372,51,152,851,958,107,58,58,951,951,0,0.0026889955410327104,0.002927260968719153,915,923,8,5,2,2,4,6,673,192,229
373,0,102,1,906,905,0,8,1,360,359,0.0,0.0,1,1,0,4,-1,5,7,0,658,858,506
374,14,116,630,941,311,20,20,694,694,0,0.0007828721195411688,0.0013615167296368155,771,854,83,4,4,4,4,4,777,479,273
375,43,249,817,973,156,26,26,597,597,0,0.001055175465468532,0.0013274788113958951,824,848,24,3,4,4,5,11,773,97,376
376,9,110,621,957,336,4,4,434,434,0,0.00013615167296368154,0.00013615167296368154,516,516,0,6,5,5,2,5,830,636,763
377,10,216,497,951,454,29,31,437,457,20,3.4037918240920386e-05,0.0002382654276864427,402,579,177,3,4,4,12,3,184,485,493
378,0,0,1,1,0,0,0,1,1,0,0.0,0.0,1,1,0,-1,-1,-1,11,1,66,693,856
379,0,0,1,1,0,0,0,1,1,0,0.0,0.0,1,1,0,-1,-1,-1,3,0,883,608,866
380,76,692,809,997,188,158,168,763,795,32,0.0006467204465774873,0.0014636304843595766,732,842,110,2,3,3,21,6,1,658,155
381,2,618,352,993,641,14,43,362,531,169,3.4037918240920386e-05,0.0013955546478777359,400,847,447,2,5,3,12,1,375,540,193
382,15,15,593,593,0,12,12,443,443,0,0.00013615167296368154,0.00013615167296368154,522,522,0,-1,4,4,4,8,300,477,988
383,0,101,1,928,927,0,3,1,331,330,0.0,6.807583648184077e-05,1,461,460,5,-1,6,3,0,729,846,398
384,22,22,725,725,0,20,20,539,539,0,0.0008509479560230097,0.0008509479560230097,787,787,0,-1,4,4,6,10,594,296,349
385,0,102,1,895,894,0,5,1,351,350,0.0,0.0,1,1,0,4,-1,5,4,0,503,954,558
386,24,24,607,607,0,88,88,549,549,0,0.0002042275094455223,0.0002042275094455223,561,561,0,-1,3,3,19,3,35,93,608
387,0,102,1,933,932,0,6,1,401,400,0.0,0.00034037918240920387,1,672,671,4,-1,5,4,0,827,871,343
388,0,0,1,1,0,0,0,1,1,0,0.0,0.0,1,1,0,-1,-1,-1,7,0,273,600,939
389,0,0,1,1,0,0,0,1,1,0,0.0,0.0,1,1,0,-1,-1,-1,8,0,357,952,915
390,100,100,862,862,0,212,212,919,919,0,0.002484768031587188,0.002484768031587188,905,905,0,-1,3,3,17,17,71,85,758
391,0,206,1,959,958,0,20,1,487,486,0.0,0.00030634126416828345,1,624,623,3,-1,4,6,0,419,832,557
392,4,4,378,378,0,26,26,394,394,0,3.4037918240920386e-05,3.4037918240920386e-05,397,397,0,-1,5,5,13,3,115,585,673
393,0,102,1,864,863,0,24,1,357,356,0.0,0.00010211375472276115,1,467,466,4,-1,5,21,0,74,783,311
394,349,451,979,986,7,204,204,973,973,0,0.007386228258279724,0.007488342013002485,975,976,1,4,2,2,11,34,227,20,615
395,0,206,1,983,982,0,8,1,571,570,0.0,0.0026549576227917903,1,918,917,3,-1,4,2,0,799,489,126
396,14,116,584,920,336,22,22,527,527,0,0.00013615167296368154,0.00013615167296368154,497,497,0,4,4,4,5,3,506,248,627
397,100,100,877,877,0,100,100,888,888,0,0.035059055788148,0.03509309370638892,1000,1000,0,4,1,1,9,118,200,37,532
398,0,0,1,1,0,0,0,1,1,0,0.0,0.0,1,1,0,-1,-1,-1,10,0,427,483,228
399,0,102,1,933,932,0,4,1,363,362,0.0,3.4037918240920386e-05,1,399,398,4,-1,5,3,0,826,725,544
400,0,101,1,925,924,0,3,1,331,330,0.0,3.4037918240920386e-05,1,402,401,5,-1,6,3,0,583,823,512
401,27,128,757,939,182,20,20,609,609,0,0.0002723033459273631,0.0002723033459273631,618,618,0,7,4,4,4,9,631,391,640
402,0,102,1,928,927,0,7,1,405,404,0.0,0.0004084550188910446,1,670,669,4,-1,5,4,0,611,898,303
403,2,208,360,970,610,6,10,413,467,54,0.0,0.000442492937131965,1,687,686,3,5,4,3,1,839,421,299
404,0,101,1,944,943,0,2,1,330,329,0.0,0.00013615167296368154,1,517,516,5,-1,6,2,0,548,871,408
405,44,146,858,965,107,12,12,649,649,0,0.0019061234214915416,0.0020763130126961434,892,898,6,4,4,4,2,13,838,42,197
406,48,48,726,726,0,124,124,647,647,0,0.0002382654276864427,0.0002382654276864427,587,587,0,-1,3,3,21,3,74,378,951
407,0,0,1,1,0,0,0,1,1,0,0.0,0.0,1,1,0,-1,-1,-1,2,0,686,945,660
408,1,103,333,915,582,5,8,333,388,55,0.0,0.00010211375472276115,1,476,475,4,6,5,5,1,290,140,110
409,58,58,836,836,0,68,68,822,822,0,0.00088498587426393,0.00088498587426393,789,789,0,-1,3,3,7,9,466,242,367
410,6,108,550,967,417,10,10,641,641,0,0.00030634126416828345,0.0007147962830593281,646,776,130,4,4,4,3,1,812,666,217
411,4,106,496,962,466,5,5,439,439,0,0.0002042275094455223,0.0002382654276864427,583,606,23,4,5,5,3,2,852,491,317
412,0,0,1,1,0,0,0,1,1,0,0.0,0.0,1,1,0,-1,-1,-1,10,2,293,709,784
413,23,23,710,710,0,26,26,639,639,0,0.0006126825283365669,0.0006126825283365669,733,733,0,-1,4,4,5,9,284,343,774
414,4,106,424,910,486,12,12,416,416,0,6.807583648184077e-05,0.00034037918240920387,450,649,199,4,5,5,6,3,489,829,178
415,2,2,349,349,0,24,24,359,359,0,0.0,0.0,1,1,0,-1,5,5,21,1,3,763,660
416,41,247,842,979,137,12,12,606,606,0,0.0011913271384322134,0.002723033459273631,847,923,76,3,4,4,2,12,907,67,36
417,10,111,512,889,377,25,25,415,415,0,3.4037918240920386e-05,3.4037918240920386e-05,406,406,0,5,4,4,12,3,96,526,225
418,477,477,990,990,0,134,134,991,991,0,0.010415602981721638,0.010415602981721638,982,982,0,-1,2,2,6,81,518,32,814
419,77,179,890,970,80,34,34,817,817,0,0.0013615167296368155,0.0014636304843595766,840,848,8,4,3,3,4,17,511,269,300
420,0,0,1,1,0,0,0,1,1,0,0.0,0.0,1,1,0,-1,-1,-1,4,1,772,583,996
421,44,250,753,958,205,80,80,669,669,0,0.0007488342013002485,0.0009870996289866913,756,801,45,3,3,3,13,8,185,177,40
422,0,206,1,964,963,0,19,1,474,473,0.0,0.0006467204465774873,1,746,745,3,-1,4,6,0,498,514,415
423,16,632,627,997,370,18,28,514,662,148,0.00017018959120460194,0.0013955546478777359,550,851,301,2,4,3,5,4,604,156,418
424,86,86,886,886,0,56,56,803,803,0,0.0010892133837094523,0.0010892133837094523,819,819,0,-1,3,3,6,19,489,184,967
425,175,381,963,988,25,90,90,948,948,0,0.0045270431260424114,0.004901460226692535,950,955,5,3,2,2,6,24,522,13,240
426,208,414,954,982,28,176,176,949,949,0,0.0035059055788147996,0.006126825283365669,930,963,33,3,2,2,12,30,96,39,102
427,14,14,486,486,0,86,86,517,517,0,6.807583648184077e-05,6.807583648184077e-05,426,426,0,-1,4,4,23,6,30,392,705
428,0,616,1,991,990,0,48,1,511,510,0.0,0.0004084550188910446,1,661,660,2,-1,3,14,0,172,991,149
429,0,0,1,1,0,0,0,1,1,0,0.0,0.0,1,1,0,-1,-1,-1,4,0,917,966,952
430,0,102,1,933,932,0,8,1,448,447,0.0,0.00030634126416828345,1,632,631,4,-1,5,4,0,679,228,482
431,2,104,364,935,571,4,4,364,364,0,3.4037918240920386e-05,3.4037918240920386e-05,400,400,0,4,5,5,3,3,826,460,829
432,0,0,1,1,0,0,0,1,1,0,0.0,0.0,1,1,0,-1,-1,-1,4,0,462,906,701
433,0,102,1,914,913,0,4,1,360,359,0.0,0.00010211375472276115,1,490,489,4,-1,5,3,0,743,800,492
434,0,616,1,992,991,0,50,1,533,532,0.0,0.0012253650566731338,1,828,827,2,-1,3,12,0,116,808,79
435,0,0,1,1,0,0,0,1,1,0,0.0,0.0,1,1,0,-1,-1,-1,2,0,926,715,768
436,2,2,360,360,0,7,7,383,383,0,6.807583648184077e-05,6.807583648184077e-05,460,460,0,-1,5,5,5,1,744,265,814
437,11,113,620,948,328,8,8,513,513,0,0.0002382654276864427,0.00030634126416828345,592,637,45,4,4,4,2,6,757,459,652
438,2,103,359,930,571,9,9,416,416,0,0.0,0.0,1,1,0,5,5,5,5,1,663,322,763
439,20,20,681,681,0,30,30,698,698,0,0.0005446066918547262,0.0005446066918547262,719,719,0,-1,4,4,5,6,688,381,945
440,7,109,527,926,399,18,18,605,605,0,0.00030634126416828345,0.0009870996289866913,636,803,167,4,4,4,3,3,836,263,289
441,0,0,1,1,0,0,0,1,1,0,0.0,0.0,1,1,0,-1,-1,-1,3,1,459,706,702
442,18,18,569,569,0,74,74,598,598,0,0.00017018959120460194,0.00017018959120460194,536,536,0,-1,3,3,14,3,203,434,664
443,366,468,994,997,3,56,56,985,985,0,0.013921508560536438,0.014295925661186561,992,992,0,4,2,2,2,83,232,10,198
444,0,206,1,951,950,0,24,1,443,442,0.0,0.0005786446100956465,1,718,717,3,-1,4,8,0,370,872,306
445,30,236,849,990,141,12,12,757,757,0,0.0018720855032506212,0.010619830491167161,889,982,93,3,4,4,2,12,873,100,23
446,32,238,697,959,262,48,48,542,542,0,0.00034037918240920387,0.000442492937131965,632,684,52,3,4,4,12,9,194,191,491
447,10,216,565,969,404,26,26,631,631,0,0.00030634126416828345,0.0014636304843595766,626,851,225,3,4,4,5,3,551,268,351
448,49,255,820,972,152,60,60,852,852,0,0.001157289220191293,0.0012934408931549745,828,843,15,3,3,3,5,8,571,161,210
449,822,822,998,998,0,216,216,995,995,0,0.017121072875182955,0.017121072875182955,991,991,0,-1,2,2,9,118,100,37,803
450,53,155,855,949,94,30,30,734,734,0,0.0013615167296368155,0.0013955546478777359,856,859,3,4,3,3,4,9,401,294,599
451,157,157,965,965,0,32,32,933,933,0,0.005037611899656217,0.005037611899656217,962,962,0,-1,3,3,2,50,802,33,940
452,131,233,926,968,42,124,124,957,957,0,0.0032336022328874367,0.003437829742332959,928,933,5,4,2,2,9,18,177,82,523
453,44,250,745,961,216,114,114,810,810,0,0.001157289220191293,0.0032336022328874367,813,927,114,3,3,3,13,4,228,185,56
454,1,207,331,983,652,3,10,331,587,256,0.0,0.0011232513019503727,1,830,829,3,6,4,3,2,915,292,261
455,0,206,1,975,974,0,12,1,585,584,0.0,0.007011811157629599,1,970,969,3,-1,4,2,0,763,367,7
456,67,67,831,831,0,64,64,674,674,0,0.0011232513019503727,0.0011232513019503727,813,813,0,-1,3,3,11,17,174,131,983
457,54,155,868,965,97,22,22,783,783,0,0.0018040096667687805,0.0018040096667687805,883,883,0,5,3,3,2,13,972,42,530
458,6,107,458,938,480,24,24,597,597,0,0.00013615167296368154,0.00013615167296368154,522,522,0,5,4,4,6,1,529,404,552
459,0,206,1,952,951,0,26,1,424,423,0.0,0.0002042275094455223,1,560,559,3,-1,4,12,0,187,992,371
460,24,24,588,588,0,95,95,532,532,0,0.00017018959120460194,0.00017018959120460194,530,530,0,-1,4,4,22,4,18,380,573
461,102,308,907,977,70,68,68,774,774,0,0.001497668402600497,0.0019741992579733825,851,891,40,3,3,3,8,18,350,148,306
462,42,248,761,966,205,56,56,626,626,0,0.0005446066918547262,0.0009530617107457708,705,795,90,3,4,4,10,9,310,245,475
463,137,239,953,977,24,48,48,944,944,0,0.005616256509751864,0.005684332346233704,962,962,0,4,3,3,3,27,748,88,251
464,56,56,749,749,0,146,146,716,716,0,0.0006126825283365669,0.0006126825283365669,726,726,0,-1,3,3,20,8,5,386,824
465,6,212,499,979,480,14,14,631,631,0,3.4037918240920386e-05,0.0008169100377820892,406,784,378,3,4,4,3,1,916,720,295
466,40,142,807,946,139,28,28,738,738,0,0.0007828721195411688,0.0007828721195411688,772,772,0,4,3,3,3,10,989,413,558
467,0,0,1,1,0,0,0,1,1,0,0.0,0.0,1,1,0,-1,-1,-1,3,0,831,824,730
468,188,289,972,980,8,38,38,869,869,0,0.00439089145307873,0.0046972327172470135,950,955,5,5,3,3,3,35,626,57,279
469,6,6,403,403,0,27,27,458,458,0,3.4037918240920386e-05,3.4037918240920386e-05,402,402,0,-1,4,4,10,1,256,577,976
470,0,206,1,973,972,0,8,1,481,480,0.0,0.0002382654276864427,1,596,595,3,-1,4,2,0,429,548,667
471,20,122,631,909,278,50,50,596,596,0,0.0005446066918547262,0.0010211375472276116,715,799,84,4,4,4,11,10,379,266,294
472,10,112,569,926,357,20,20,620,620,0,0.00010211375472276115,0.0002042275094455223,480,564,84,4,4,4,4,3,520,222,389
473,1,617,332,997,665,4,29,332,769,437,0.0,0.0035739814152966403,1,933,932,2,7,3,4,1,423,972,100
474,6,6,430,430,0,16,16,454,454,0,6.807583648184077e-05,6.807583648184077e-05,443,443,0,-1,4,4,6,1,387,421,984
475,31,133,798,953,155,18,18,660,660,0,0.0006467204465774873,0.0008169100377820892,752,786,34,4,4,4,3,8,958,284,384
476,31,237,727,965,238,58,58,720,720,0,0.00030634126416828345,0.0031314884781646754,636,929,293,3,3,3,8,6,260,199,56
477,2,208,355,953,598,16,23,382,422,40,0.0,0.0002382654276864427,1,589,588,3,5,4,10,3,152,460,452
478,10,216,565,973,408,14,14,546,546,0,0.0002042275094455223,0.0012594029749140542,559,849,290,3,4,4,3,4,864,319,66
479,0,102,1,936,935,0,5,1,391,390,0.0,0.0006467204465774873,1,754,753,4,-1,5,3,1,676,456,397
480,4,4,452,452,0,3,3,377,377,0,0.00013615167296368154,0.00013615167296368154,532,532,0,-1,5,5,2,3,910,646,798
481,186,802,951,998,47,156,166,986,988,2,0.003812246842983083,0.007216038667075122,938,967,29,2,2,2,8,20,201,43,48
482,0,101,1,967,966,0,2,1,329,328,0.0,3.4037918240920386e-05,1,416,415,5,-1,6,2,0,936,786,646
483,34,240,672,951,279,142,146,720,728,8,0.0004765308553728854,0.0005446066918547262,690,709,19,3,3,3,20,4,61,450,444
484,0,0,1,1,0,0,0,1,1,0,0.0,0.0,1,1,0,-1,-1,-1,2,0,760,877,908
485,0,0,1,1,0,0,0,1,1,0,0.0,0.0,1,1,0,-1,-1,-1,8,0,440,772,712
486,8,110,510,918,408,20,20,498,498,0,6.807583648184077e-05,0.00010211375472276115,450,483,33,4,4,4,6,2,251,363,567
487,0,0,1,1,0,0,0,1,1,0,0.0,0.0,1,1,0,-1,-1,-1,6,0,356,715,649
488,0,0,1,1,0,0,0,1,1,0,0.0,0.0,1,1,0,-1,-1,-1,8,0,323,588,701
489,17,17,673,673,0,20,20,613,613,0,0.0002042275094455223,0.0002042275094455223,565,565,0,-1,4,4,4,5,787,528,400
490,126,332,949,989,40,58,58,940,940,0,0.005956635692161067,0.006092787365124749,965,967,2,3,2,2,4,26,945,112,369
491,0,102,1,943,942,0,3,1,376,375,0.0,0.000442492937131965,1,688,687,4,-1,5,2,0,896,686,159
492,0,102,1,899,898,0,10,1,366,365,0.0,6.807583648184077e-05,1,453,452,4,-1,5,8,1,440,780,353
493,1,1,333,333,0,2,2,333,333,0,0.0,0.0,1,1,0,-1,8,8,2,1,788,765,813
494,39,245,790,974,184,50,50,839,839,0,0.001055175465468532,0.002110350930937064,810,889,79,3,3,3,5,11,667,118,58
495,0,101,1,891,890,0,10,1,331,330,0.0,0.0,1,1,0,5,-1,6,10,0,527,876,595
496,142,142,916,916,0,158,158,884,884,0,0.0017359338302869397,0.0017359338302869397,861,861,0,-1,2,2,14,19,121,59,919
497,23,23,670,670,0,42,42,608,608,0,0.00034037918240920387,0.00034037918240920387,652,652,0,-1,3,3,8,6,428,392,830
498,6,6,527,527,0,6,6,459,459,0,0.0002382654276864427,0.0002382654276864427,591,591,0,-1,5,5,3,5,786,688,706
499,0,0,1,1,0,0,0,1,1,0,0.0,0.0,1,1,0,-1,-1,-1,8,0,420,812,938
500,0,0,1,1,0,0,0,1,1,0,0.0,0.0,1,1,0,-1,-1,-1,16,0,59,276,957
501,6,622,369,990,621,51,79,417,488,71,0.0,0.0005446066918547262,1,711,710,2,4,3,23,2,4,662,217
502,16,16,595,595,0,36,36,609,609,0,0.00034037918240920387,0.00034037918240920387,653,653,0,-1,3,3,7,1,216,481,548
503,2,104,358,908,550,10,11,397,402,5,0.0,0.00034037918240920387,1,638,637,4,5,5,6,1,441,265,256
504,48,48,866,866,0,22,22,833,833,0,0.0012934408931549745,0.0012934408931549745,853,853,0,-1,3,3,2,15,929,138,744
505,6,212,427,968,541,18,18,609,609,0,0.0002382654276864427,0.0008509479560230097,577,776,199,3,4,4,3,1,778,810,155
506,56,158,851,959,108,30,30,770,770,0,0.001055175465468532,0.0013274788113958951,814,843,29,4,3,3,4,19,403,184,688
507,0,0,1,1,0,0,0,1,1,0,0.0,0.0,1,1,0,-1,-1,-1,4,1,617,792,349
508,569,569,996,996,0,104,104,981,981,0,0.014636304843595765,0.014636304843595765,991,991,0,-1,2,2,5,96,616,1,946
509,116,322,888,977,89,150,150,932,932,0,0.0033357159876101976,0.005377991082065421,930,963,33,3,2,2,11,12,307,104,127
510,6,212,454,976,522,12,16,483,555,72,0.00010211375472276115,0.00088498587426393,478,782,304,3,4,4,4,1,660,152,96
511,0,0,1,1,0,0,0,1,1,0,0.0,0.0,1,1,0,-1,-1,-1,2,0,865,672,887
512,6,108,441,920,479,28,28,603,603,0,0.00010211375472276115,0.00013615167296368154,495,516,21,4,4,4,6,1,405,282,904
513,18,120,696,947,251,12,12,583,583,0,0.00013615167296368154,0.0002382654276864427,523,595,72,4,4,4,2,8,689,286,720
514,0,101,1,881,880,0,9,1,332,331,0.0,0.0,1,1,0,5,-1,6,9,0,100,699,421
515,0,102,1,921,920,0,8,1,425,424,0.0,0.0007147962830593281,1,755,754,4,-1,5,4,0,787,859,190
516,6,212,396,950,554,42,46,483,502,19,0.0,0.0005446066918547262,1,718,717,3,4,4,13,1,67,531,422
517,12,12,562,562,0,34,34,605,605,0,0.0004084550188910446,0.0004084550188910446,668,668,0,-1,4,4,7,2,336,453,695
518,6,6,436,436,0,15,15,446,446,0,0.00013615167296368154,0.00013615167296368154,520,520,0,-1,4,4,6,1,526,594,772
519,6,6,453,453,0,10,10,473,473,0,6.807583648184077e-05,6.807583648184077e-05,455,455,0,-1,4,4,3,1,585,870,455
520,0,0,1,1,0,0,0,1,1,0,0.0,0.0,1,1,0,-1,-1,-1,2,2,960,462,868
521,114,320,919,980,61,60,60,893,893,0,0.001940161339732462,0.002825147213996392,877,916,39,3,3,3,5,18,667,54,193
522,0,0,1,1,0,0,0,1,1,0,0.0,0.0,1,1,0,-1,-1,-1,7,1,364,962,772
523,6,6,453,453,0,10,10,470,470,0,0.00010211375472276115,0.00010211375472276115,491,491,0,-1,4,4,3,3,743,260,919
524,0,206,1,960,959,0,20,1,444,443,0.0,0.0006126825283365669,1,732,731,3,-1,4,8,0,231,894,284
525,100,306,904,980,76,50,50,831,831,0,0.0016338200755641784,0.0020763130126961434,871,895,24,3,3,3,5,15,338,92,197
526,2,2,355,355,0,6,6,374,374,0,0.0,0.0,1,1,0,-1,5,5,4,1,694,763,822
527,13,13,716,716,0,8,8,604,604,0,0.000442492937131965,0.000442492937131965,697,697,0,-1,4,4,2,5,807,283,967
528,1,103,332,946,614,2,4,332,426,94,3.4037918240920386e-05,0.0004084550188910446,399,684,285,4,6,5,2,2,998,615,266
529,0,101,1,949,948,0,2,1,332,331,0.0,0.00010211375472276115,1,488,487,5,-1,6,2,0,625,745,458
530,60,266,834,970,136,92,92,890,890,0,0.0011913271384322134,0.0027911092957554717,827,920,93,3,2,2,8,6,260,376,65
531,0,101,1,980,979,0,2,1,329,328,0.0,3.4037918240920386e-05,1,408,407,6,-1,7,2,2,955,462,530
532,3,105,436,928,492,6,9,362,417,55,6.807583648184077e-05,0.00010211375472276115,458,490,32,4,5,5,5,2,843,602,505
533,22,228,632,959,327,86,86,768,768,0,0.00034037918240920387,0.0014295925661186562,647,846,199,3,3,3,10,3,135,541,326
534,8,8,590,590,0,12,12,686,686,0,0.00034037918240920387,0.00034037918240920387,663,663,0,-1,4,4,2,3,991,610,744
535,2,2,357,357,0,8,8,388,388,0,3.4037918240920386e-05,3.4037918240920386e-05,396,396,0,-1,5,5,5,3,247,755,894
536,0,102,1,921,920,0,7,1,402,401,0.0,0.00010211375472276115,1,492,491,4,-1,5,4,0,885,951,191
537,8,110,535,925,390,12,12,472,472,0,0.00013615167296368154,0.0002723033459273631,530,625,95,4,4,4,4,3,675,496,307
538,0,102,1,940,939,0,4,1,403,402,0.0,0.0002723033459273631,1,629,628,4,-1,5,2,1,977,738,432
539,25,126,722,933,211,28,28,725,725,0,0.0011913271384322134,0.0012253650566731338,835,837,2,5,3,3,3,4,459,125,298
540,1,1,332,332,0,2,2,332,332,0,0.00010211375472276115,0.00010211375472276115,497,497,0,-1,6,6,2,3,974,676,892
541,34,136,764,942,178,40,40,777,777,0,0.00088498587426393,0.001055175465468532,792,813,21,4,3,3,5,6,487,377,420
542,7,7,487,487,0,14,14,441,441,0,3.4037918240920386e-05,3.4037918240920386e-05,401,401,0,-1,4,4,5,2,496,599,995
543,139,139,951,951,0,44,44,846,846,0,0.004186663943633207,0.004186663943633207,951,951,0,-1,3,3,4,29,650,17,975
544,0,0,1,1,0,0,0,1,1,0,0.0,0.0,1,1,0,-1,-1,-1,14,0,121,723,574
545,0,616,1,997,996,0,36,1,768,767,0.0,0.004493005207801491,1,950,949,2,-1,3,5,1,456,641,135
546,17,118,630,919,289,22,22,521,521,0,0.0002723033459273631,0.00030634126416828345,609,626,17,5,4,4,5,5,347,274,807
547,6,108,460,931,471,16,16,561,561,0,0.00013615167296368154,0.0004084550188910446,530,678,148,4,4,4,4,2,682,691,333
548,127,228,934,969,35,66,66,872,872,0,0.0026889955410327104,0.0026889955410327104,917,917,0,5,3,3,6,23,556,117,861
549,0,0,1,1,0,0,0,1,1,0,0.0,0.0,1,1,0,-1,-1,-1,5,1,349,787,472
550,6,212,426,965,539,22,22,477,477,0,6.807583648184077e-05,0.00030634126416828345,440,615,175,3,4,4,7,1,398,840,622
551,42,144,788,936,148,46,46,649,649,0,0.0005446066918547262,0.0007147962830593281,716,748,32,4,4,4,9,11,278,316,210
552,158,774,929,995,66,148,168,880,915,35,0.0027911092957554717,0.014227849824704722,912,990,78,2,2,2,14,17,47,96,11
553,14,14,568,568,0,26,26,580,580,0,0.00017018959120460194,0.00017018959120460194,532,532,0,-1,4,4,5,3,546,369,737
554,0,206,1,967,966,0,16,1,487,486,0.0,0.0007488342013002485,1,770,769,3,-1,4,4,0,385,757,117
555,1103,1103,999,999,0,264,264,1000,1000,0,0.020456788862793153,0.020456788862793153,994,994,0,-1,2,2,9,130,381,3,876
556,2,208,347,939,592,22,80,351,528,177,0.0,0.0012253650566731338,1,822,821,3,5,4,20,2,88,344,42
557,8,8,501,501,0,16,16,457,457,0,0.00017018959120460194,0.00017018959120460194,534,534,0,-1,4,4,6,5,393,401,865
558,0,206,1,947,946,0,36,1,487,486,0.0,0.00030634126416828345,1,635,634,3,-1,4,11,0,279,951,236
559,0,102,1,899,898,0,11,1,381,380,0.0,0.00013615167296368154,1,516,515,4,-1,5,7,0,346,732,689
560,0,0,1,1,0,0,0,1,1,0,0.0,0.0,1,1,0,-1,-1,-1,15,0,51,940,498
561,24,126,710,930,220,42,42,705,705,0,0.0005446066918547262,0.0006467204465774873,736,755,19,4,3,3,6,3,526,351,659
562,176,382,921,978,57,272,272,950,950,0,0.002382654276864427,0.002552843868069029,900,906,6,3,2,2,19,15,35,62,809
563,0,1640,1,1000,999,0,50,1,896,895,0.0,0.02566459035365397,1,996,995,1,-1,2,4,0,858,886,12
564,134,1774,914,1000,86,120,144,917,958,41,0.002280540522141666,0.016610504101569147,895,991,96,1,3,2,10,17,241,45,5
565,65,166,842,947,105,52,52,712,712,0,0.0015657442390823377,0.0015657442390823377,864,864,0,5,3,3,7,15,221,62,578
566,7,7,479,479,0,20,20,401,401,0,0.0,0.0,1,1,0,-1,4,4,10,3,272,563,702
567,12,12,546,546,0,36,36,581,581,0,0.0005786446100956465,0.0005786446100956465,729,729,0,-1,4,4,8,5,257,535,740
568,24,125,699,930,231,18,18,554,554,0,0.0004765308553728854,0.0004765308553728854,701,701,0,5,4,4,3,9,704,343,543
569,6,108,444,922,478,18,18,525,525,0,0.00010211375472276115,0.0009530617107457708,493,814,321,4,4,4,5,1,552,394,62
570,18,224,657,974,317,38,38,853,853,0,0.0010211375472276116,0.0020763130126961434,822,887,65,3,3,3,3,3,687,559,297
571,0,101,1,916,915,0,5,1,332,331,0.0,0.0,1,1,0,6,-1,7,5,0,720,965,374
572,0,616,1,998,997,0,28,1,738,737,0.0,0.003165526396405596,1,914,913,2,-1,3,5,0,557,760,399
573,0,0,1,1,0,0,0,1,1,0,0.0,0.0,1,1,0,-1,-1,-1,9,0,249,898,774
574,61,163,859,958,99,28,28,737,737,0,0.0007147962830593281,0.0009530617107457708,768,807,39,4,3,3,3,17,737,327,700
575,0,0,1,1,0,0,0,1,1,0,0.0,0.0,1,1,0,-1,-1,-1,6,0,295,967,962
576,0,102,1,870,869,0,28,1,385,384,0.0,0.00037441710065012424,1,653,652,4,-1,5,17,0,10,909,262
577,26,26,746,746,0,26,26,750,750,0,0.00030634126416828345,0.00030634126416828345,642,642,0,-1,3,3,4,6,610,199,947
578,20,122,610,907,297,60,60,641,641,0,0.00037441710065012424,0.0005786446100956465,656,712,56,4,4,4,10,5,153,165,302
579,18,120,650,932,282,28,28,729,729,0,0.0002042275094455223,0.00034037918240920387,573,656,83,4,3,3,3,2,725,628,248
580,46,148,752,918,166,100,100,768,768,0,0.0006126825283365669,0.0007147962830593281,724,747,23,4,2,2,12,2,44,770,536
581,1,1,333,333,0,17,17,333,333,0,0.0,0.0,1,1,0,-1,6,6,17,1,210,621,774
582,0,101,1,905,904,0,4,1,331,330,0.0,0.0,1,1,0,5,-1,6,4,0,638,997,615
583,58,58,857,857,0,44,44,832,832,0,0.0015657442390823377,0.0015657442390823377,862,862,0,-1,3,3,4,9,758,277,800
584,0,0,1,1,0,0,0,1,1,0,0.0,0.0,1,1,0,-1,-1,-1,5,0,519,819,933
585,1,103,333,913,580,5,9,333,412,79,0.0,0.0002042275094455223,1,562,561,4,6,5,5,1,667,781,645
586,0,102,1,946,945,0,4,1,410,409,0.0,0.00030634126416828345,1,646,645,4,-1,5,2,0,928,808,212
587,2,208,355,953,598,11,38,375,594,219,3.4037918240920386e-05,0.0014636304843595766,404,852,448,3,5,4,7,1,296,543,73
588,58,159,897,971,74,22,22,848,848,0,0.0010211375472276116,0.001055175465468532,817,821,4,6,3,3,2,20,946,189,547
589,5,107,441,921,480,8,8,415,415,0,3.4037918240920386e-05,0.0006807583648184077,409,760,351,4,5,5,4,5,558,570,207
590,0,616,1,994,993,0,40,1,629,628,0.0,0.002382654276864427,1,901,900,2,-1,3,7,0,321,938,82
591,0,616,1,995,994,0,34,1,655,654,0.0,0.0028591851322373124,1,919,918,2,-1,3,6,1,295,573,74
592,74,280,856,972,116,62,62,774,774,0,0.0012253650566731338,0.001497668402600497,831,856,25,3,3,3,7,12,221,179,480
593,0,101,1,902,901,0,9,1,332,331,0.0,0.0,1,1,0,5,-1,6,9,1,119,913,807
594,29,235,728,970,242,36,36,698,698,0,0.00037441710065012424,0.0007488342013002485,662,762,100,3,3,3,5,5,701,241,272
595,76,76,877,877,0,60,60,892,892,0,0.0013615167296368155,0.0013615167296368155,847,847,0,-1,3,3,5,12,502,99,954
596,59,265,830,970,140,64,64,759,759,0,0.0007828721195411688,0.0011913271384322134,773,826,53,3,3,3,8,14,260,175,283
597,12,12,534,534,0,14,14,441,441,0,6.807583648184077e-05,6.807583648184077e-05,448,448,0,-1,4,4,5,2,719,576,728
598,133,133,912,912,0,124,124,922,922,0,0.0020763130126961434,0.0020763130126961434,879,879,0,-1,3,3,9,18,140,55,649
599,0,101,1,921,920,0,5,1,332,331,0.0,6.807583648184077e-05,1,451,450,5,-1,6,5,0,691,834,627
600,23,23,689,689,0,70,70,892,892,0,0.0009190237925048504,0.0009190237925048504,804,804,0,-1,3,3,5,3,408,438,752
601,0,0,1,1,0,0,0,1,1,0,0.0,0.0,1,1,0,-1,-1,-1,3,0,861,903,400
602,561,561,992,992,0,136,136,983,983,0,0.010347527145239796,0.010347527145239796,984,984,0,-1,2,2,7,92,637,30,971
603,0,102,1,900,899,0,13,1,394,393,0.0,0.00013615167296368154,1,502,501,4,-1,5,8,0,270,987,666
604,2,208,364,978,614,5,10,392,508,116,0.0,0.000442492937131965,1,688,687,3,5,4,3,1,676,853,340
605,0,0,1,1,0,0,0,1,1,0,0.0,0.0,1,1,0,-1,-1,-1,2,0,967,457,643
606,1,103,333,935,602,4,6,333,391,58,0.0,0.00034037918240920387,1,656,655,4,8,5,4,3,610,626,245
607,16,16,507,507,0,94,94,580,580,0,0.00010211375472276115,0.00010211375472276115,479,479,0,-1,3,3,20,1,88,666,330
608,127,228,952,978,26,38,38,902,902,0,0.002995336805200994,0.0030974505599237552,931,931,0,5,3,3,3,33,845,15,311
609,32,1672,703,1000,297,74,108,642,794,152,0.0006126825283365669,0.008237176214302734,730,968,238,1,4,2,13,8,160,250,262
610,0,101,1,943,942,0,2,1,331,330,0.0,0.0,1,1,0,5,-1,6,2,0,929,803,555
611,913,1119,1000,1000,0,112,112,997,997,0,0.023213860240307704,0.02365635317743967,994,994,0,3,2,2,4,157,539,2,480
612,136,136,939,939,0,90,90,953,953,0,0.0053099152455835805,0.0053099152455835805,959,959,0,-1,2,2,6,22,251,128,888
613,24,24,763,763,0,22,22,806,806,0,0.00088498587426393,0.00088498587426393,802,802,0,-1,3,3,2,4,713,156,330
614,0,0,1,1,0,0,0,1,1,0,0.0,0.0,1,1,0,-1,-1,-1,7,0,265,942,641
615,17,119,659,932,273,38,38,745,745,0,0.00034037918240920387,0.0005446066918547262,646,718,72,4,3,3,6,4,399,270,121
616,45,146,796,929,133,50,50,776,776,0,0.0006807583648184077,0.0006807583648184077,763,763,0,5,3,3,5,9,238,211,320
617,0,102,1,880,879,0,16,1,383,382,0.0,0.00017018959120460194,1,531,530,4,-1,5,10,2,105,684,310
618,34,136,752,936,184,52,52,742,742,0,0.0009870996289866913,0.001157289220191293,798,824,26,4,3,3,7,8,400,264,420
619,37,37,808,808,0,20,20,626,626,0,0.0007488342013002485,0.0007488342013002485,761,761,0,-1,4,4,4,14,597,175,546
620,0,0,1,1,0,0,0,1,1,0,0.0,0.0,1,1,0,-1,-1,-1,16,0,134,786,955
621,1,103,332,917,585,4,6,332,374,42,0.0,0.00013615167296368154,1,516,515,4,6,5,4,3,542,484,248
622,16,118,632,936,304,34,34,742,742,0,0.0007828721195411688,0.0008169100377820892,774,782,8,4,3,3,4,1,558,439,891
623,1,1,332,332,0,4,4,332,332,0,0.0,0.0,1,1,0,-1,8,8,4,1,858,857,920
624,16,632,615,996,381,23,46,618,817,199,6.807583648184077e-05,0.002314578440382586,439,902,463,2,3,3,5,1,290,463,26
625,0,0,1,1,0,0,0,1,1,0,0.0,0.0,1,1,0,-1,-1,-1,8,0,431,740,986
626,2,208,365,972,607,3,8,367,527,160,3.4037918240920386e-05,0.0005446066918547262,406,733,327,3,5,4,2,1,932,530,497
627,22,22,697,697,0,30,30,674,674,0,0.0005105687736138058,0.0005105687736138058,716,716,0,-1,4,4,5,8,724,521,835
628,0,101,1,874,873,0,14,1,331,330,0.0,0.0002382654276864427,1,580,579,5,-1,6,14,3,181,882,398
629,16,222,605,962,357,36,44,602,681,79,0.00010211375472276115,0.0011232513019503727,487,821,334,3,3,3,7,2,466,714,62
630,0,102,1,964,963,0,5,1,454,453,0.0,0.00030634126416828345,1,645,644,4,-1,5,3,0,812,985,253
631,77,178,879,960,81,60,60,869,869,0,0.0017018959120460194,0.0018040096667687805,869,873,4,5,3,3,5,15,616,62,762
632,0,101,1,902,901,0,8,1,332,331,0.0,0.0,1,1,0,8,-1,9,8,0,301,542,857
633,260,466,967,985,18,148,148,960,960,0,0.005854521937438306,0.00704584907587052,960,967,7,3,2,2,9,37,202,74,84
634,28,234,669,950,281,100,100,698,698,0,0.00037441710065012424,0.001055175465468532,654,809,155,3,3,3,14,3,332,280,67
635,0,206,1,960,959,0,16,1,456,455,0.0,0.0005105687736138058,1,707,706,3,-1,4,6,0,393,997,194
636,14,220,629,976,347,20,24,626,701,75,0.0006126825283365669,0.003914360597705844,737,942,205,3,4,4,4,4,597,407,34
637,0,206,1,980,979,0,7,1,538,537,0.0,0.0002382654276864427,1,602,601,3,-1,4,2,0,469,848,719
638,4,620,433,997,564,6,34,390,785,395,0.00010211375472276115,0.005888559855679227,482,967,485,2,5,3,4,2,655,602,32
639,6,212,427,963,536,18,30,453,563,110,0.00010211375472276115,0.0014636304843595766,484,845,361,3,4,4,7,1,505,152,397
640,22,124,685,931,246,30,30,704,704,0,0.0005105687736138058,0.0009530617107457708,711,806,95,4,3,3,4,2,711,700,154
641,8,8,502,502,0,40,40,610,610,0,0.00037441710065012424,0.00037441710065012424,667,667,0,-1,4,4,8,2,365,700,814
642,0,102,1,903,902,0,12,1,390,389,0.0,0.00010211375472276115,1,483,482,4,-1,5,7,0,170,358,584
643,54,54,829,829,0,26,26,595,595,0,0.0008169100377820892,0.0008169100377820892,785,785,0,-1,4,4,5,15,392,138,731
644,0,0,1,1,0,0,0,1,1,0,0.0,0.0,1,1,0,-1,-1,-1,7,0,214,712,348
645,0,0,1,1,0,0,0,1,1,0,0.0,0.0,1,1,0,-1,-1,-1,5,2,677,431,478
646,6,108,528,963,435,8,8,567,567,0,0.00013615167296368154,0.0002723033459273631,524,617,93,4,4,4,2,2,982,419,247
647,10,112,517,888,371,34,34,470,470,0,6.807583648184077e-05,0.00010211375472276115,445,486,41,4,4,4,11,4,279,332,931
648,0,0,1,1,0,0,0,1,1,0,0.0,0.0,1,1,0,-1,-1,-1,2,3,643,478,650
649,44,44,782,782,0,54,54,714,714,0,0.0004765308553728854,0.0004765308553728854,694,694,0,-1,3,3,7,4,296,380,793
650,0,206,1,977,976,0,14,1,625,624,0.0,0.0019741992579733825,1,890,889,3,-1,4,3,0,785,760,261
651,2,208,368,975,607,4,10,369,477,108,0.0,0.002280540522141666,1,898,897,3,5,4,3,3,829,676,88
652,6,212,407,958,551,46,50,617,650,33,0.00030634126416828345,0.0006807583648184077,631,745,114,3,4,4,9,1,126,553,485
653,0,0,1,1,0,0,0,1,1,0,0.0,0.0,1,1,0,-1,-1,-1,3,0,835,803,916
654,80,182,901,970,69,22,22,750,750,0,0.0026889955410327104,0.0028591851322373124,919,925,6,4,3,3,2,19,966,59,282
655,14,14,634,634,0,12,12,518,518,0,0.00017018959120460194,0.00017018959120460194,558,558,0,-1,4,4,4,3,423,704,915
656,41,143,845,964,119,24,24,821,821,0,0.0010211375472276116,0.0011232513019503727,817,834,17,4,3,3,3,11,569,52,370
657,158,260,951,975,24,84,84,964,964,0,0.004152626025392287,0.004220701861874128,949,949,0,4,2,2,5,24,524,119,369
658,1,102,333,945,612,3,3,333,333,0,0.0,0.0,1,1,0,7,9,8,3,1,654,857,448
659,0,101,1,927,926,0,4,1,332,331,0.0,0.0,1,1,0,5,-1,6,4,0,597,927,654
660,7,213,474,955,481,35,35,499,499,0,3.4037918240920386e-05,0.00013615167296368154,396,501,105,3,4,4,10,3,105,434,667
661,98,304,935,991,56,32,32,907,907,0,0.0031314884781646754,0.0035739814152966403,933,941,8,3,3,3,2,25,924,47,593
662,2,104,366,941,575,6,6,418,418,0,0.00010211375472276115,0.000442492937131965,495,696,201,4,5,5,3,1,699,592,266
663,20,20,688,688,0,24,24,654,654,0,0.0007828721195411688,0.0007828721195411688,767,767,0,-1,4,4,4,4,741,333,997
664,12,114,628,944,316,14,14,638,638,0,0.0006467204465774873,0.0007147962830593281,755,767,12,4,4,4,3,5,899,535,528
665,0,0,1,1,0,0,0,1,1,0,0.0,0.0,1,1,0,-1,-1,-1,9,0,140,843,716
666,67,169,901,970,69,32,32,923,923,0,0.0016678579938050988,0.0020422750944552232,881,899,18,4,3,3,2,18,779,54,80
667,73,175,867,955,88,40,40,729,729,0,0.001055175465468532,0.0012594029749140542,817,838,21,4,3,3,5,18,396,64,499
668,96,302,906,977,71,60,60,881,881,0,0.0013615167296368155,0.005105687736138058,854,963,109,3,3,3,5,19,766,144,16
669,10,112,575,935,360,20,20,548,548,0,0.00034037918240920387,0.00088498587426393,651,800,149,4,4,4,6,6,486,447,216
670,0,0,1,1,0,0,0,1,1,0,0.0,0.0,1,1,0,-1,-1,-1,2,1,469,706,821
671,6,108,470,939,469,8,8,485,485,0,0.00010211375472276115,0.00034037918240920387,484,660,176,4,4,4,2,1,904,594,312
672,6,6,435,435,0,10,10,443,443,0,0.0,0.0,1,1,0,-1,4,4,3,1,892,807,844
673,0,206,1,965,964,0,18,1,456,455,0.0,0.0005446066918547262,1,719,718,3,-1,4,7,0,141,946,289
674,94,300,858,972,114,116,116,832,832,0,0.0013615167296368155,0.001497668402600497,840,855,15,3,3,3,11,11,227,166,362
675,0,0,1,1,0,0,0,1,1,0,0.0,0.0,1,1,0,-1,-1,-1,5,0,656,228,356
676,76,178,881,966,85,56,56,880,880,0,0.00176997174852786,0.0022465026039007454,877,900,23,4,3,3,6,15,594,53,340
677,26,127,714,933,219,44,44,706,706,0,0.0002382654276864427,0.0002382654276864427,607,607,0,5,3,3,7,5,342,510,924
678,26,232,695,968,273,46,50,670,700,30,0.0002382654276864427,0.0012594029749140542,587,823,236,3,3,3,8,5,468,252,147
679,84,84,833,833,0,168,168,862,862,0,0.00176997174852786,0.00176997174852786,865,865,0,-1,3,3,17,13,210,183,926
680,6,212,392,954,562,44,48,558,582,24,0.00013615167296368154,0.0005105687736138058,503,697,194,3,4,4,10,1,205,797,700
681,0,0,1,1,0,0,0,1,1,0,0.0,0.0,1,1,0,-1,-1,-1,5,0,685,916,886
682,0,206,1,934,933,0,62,1,425,424,0.0,0.00013615167296368154,1,502,501,3,-1,4,23,1,15,738,450
683,12,114,577,926,349,14,14,517,517,0,0.0002723033459273631,0.000442492937131965,612,687,75,4,4,4,3,3,490,197,519
684,40,656,804,997,193,36,66,707,887,180,0.001055175465468532,0.01579359406378706,804,990,186,2,4,3,6,12,322,67,2
685,24,126,733,938,205,24,24,734,734,0,0.0006467204465774873,0.0007147962830593281,758,773,15,4,3,3,3,4,672,230,391
686,0,102,1,939,938,0,4,1,377,376,0.0,0.0002723033459273631,1,635,634,4,-1,5,3,2,845,684,562
687,7,7,490,490,0,60,60,660,660,0,0.00034037918240920387,0.00034037918240920387,645,645,0,-1,4,4,10,3,125,354,819
688,22,22,676,676,0,32,32,641,641,0,0.0005105687736138058,0.0005105687736138058,706,706,0,-1,4,4,6,6,606,486,820
689,2,104,370,928,558,6,6,418,418,0,6.807583648184077e-05,0.00013615167296368154,448,520,72,4,5,5,3,2,588,419,791
690,1,102,333,924,591,5,5,333,333,0,0.0,0.00017018959120460194,1,533,532,5,6,6,5,2,430,663,791
691,50,256,871,985,114,14,18,640,728,88,0.0018720855032506212,0.0034037918240920387,883,935,52,3,4,4,3,23,576,122,557
692,232,232,970,970,0,60,60,888,888,0,0.004186663943633207,0.004186663943633207,950,950,0,-1,3,3,5,35,396,57,919
693,16,16,624,624,0,36,36,734,734,0,0.0005105687736138058,0.0005105687736138058,709,709,0,-1,3,3,5,1,561,759,989
694,0,101,1,954,953,0,2,1,330,329,0.0,0.0,1,1,0,9,-1,10,2,1,946,852,765
695,24,125,672,924,252,50,50,660,660,0,0.000442492937131965,0.0004765308553728854,681,690,9,5,4,4,9,7,395,389,662
696,0,0,1,1,0,0,0,1,1,0,0.0,0.0,1,1,0,-1,-1,-1,5,0,467,488,445
697,6,6,440,440,0,12,12,460,460,0,3.4037918240920386e-05,3.4037918240920386e-05,410,410,0,-1,4,4,4,1,460,531,777
698,2,2,360,360,0,4,4,333,333,0,0.0,0.0,1,1,0,-1,6,6,4,5,444,605,865
699,2,2,361,361,0,4,4,362,362,0,0.0,0.0,1,1,0,-1,5,5,3,2,471,764,588
700,2,103,369,938,569,4,4,372,372,0,3.4037918240920386e-05,6.807583648184077e-05,407,462,55,5,5,5,3,1,899,771,748
701,8,109,502,901,399,48,48,653,653,0,0.0006807583648184077,0.0006807583648184077,755,755,0,5,4,4,8,2,223,101,748
702,0,0,1,1,0,0,0,1,1,0,0.0,0.0,1,1,0,-1,-1,-1,4,0,516,754,803
703,119,325,947,989,42,38,38,909,909,0,0.004118588107151367,0.005684332346233704,946,962,16,3,3,3,3,28,710,41,35
704,2,104,386,956,570,3,4,388,425,37,3.4037918240920386e-05,0.00017018959120460194,402,566,164,4,5,5,2,2,792,885,389
705,0,0,1,1,0,0,0,1,1,0,0.0,0.0,1,1,0,-1,-1,-1,8,0,371,349,841
706,25,231,699,969,270,60,64,769,793,24,0.00037441710065012424,0.0015657442390823377,662,859,197,3,3,3,8,4,146,557,144
707,20,226,648,968,320,29,33,563,602,39,0.00013615167296368154,0.0004765308553728854,502,695,193,3,4,4,7,4,416,210,567
708,0,101,1,942,941,0,2,1,331,330,0.0,0.0,1,1,0,5,-1,6,2,1,771,685,552
709,21,21,721,721,0,18,18,673,673,0,0.0008169100377820892,0.0008169100377820892,783,783,0,-1,4,4,3,8,844,161,950
710,0,102,1,882,881,0,13,1,365,364,0.0,0.00013615167296368154,1,513,512,4,-1,5,10,0,285,952,499
711,0,101,1,892,891,0,8,1,331,330,0.0,0.0,1,1,0,9,-1,10,8,0,186,587,647
712,13,629,649,999,350,14,38,597,909,312,0.0002723033459273631,0.010415602981721638,626,983,357,2,4,3,3,4,774,339,304
713,18,18,567,567,0,61,61,504,504,0,0.00013615167296368154,0.00013615167296368154,513,513,0,-1,4,4,17,3,23,485,511
714,0,101,1,870,869,0,14,1,331,330,0.0,3.4037918240920386e-05,1,401,400,5,-1,6,14,0,122,856,547
715,4,106,446,939,493,4,4,394,394,0,6.807583648184077e-05,6.807583648184077e-05,442,442,0,4,5,5,2,2,972,694,430
716,6,6,432,432,0,30,30,626,626,0,0.00013615167296368154,0.00013615167296368154,512,512,0,-1,4,4,5,1,492,556,880
717,0,206,1,945,944,0,60,1,557,556,0.0,0.0014636304843595766,1,846,845,3,-1,4,14,0,181,938,119
718,5,106,483,938,455,4,4,405,405,0,0.00010211375472276115,0.00010211375472276115,502,502,0,6,5,5,2,3,907,311,484
719,141,243,942,976,34,40,40,738,738,0,0.002757071377514551,0.0028932230504782326,920,923,3,4,3,3,5,30,382,65,452
720,6,6,401,401,0,33,33,417,417,0,6.807583648184077e-05,6.807583648184077e-05,456,456,0,-1,4,4,15,1,32,762,644
721,0,206,1,973,972,0,14,1,495,494,0.0,0.00034037918240920387,1,649,648,3,-1,4,5,1,435,841,169
722,50,152,813,945,132,52,52,743,743,0,0.0011232513019503727,0.0013615167296368155,815,841,26,4,3,3,7,10,505,405,328
723,6,108,465,934,469,12,12,485,485,0,0.00010211375472276115,0.00010211375472276115,487,487,0,4,4,4,4,2,648,492,416
724,0,616,1,989,988,0,40,1,451,450,0.0,0.0006126825283365669,1,725,724,2,-1,3,16,0,60,790,666
725,40,141,798,940,142,34,34,738,738,0,0.0008509479560230097,0.0008509479560230097,789,789,0,5,3,3,4,7,623,218,411
726,18,224,717,983,266,32,32,941,941,0,0.0010211375472276116,0.004322815616596889,823,953,130,3,3,3,2,4,874,551,57
727,3,209,430,972,542,5,11,368,468,100,0.0,0.0002382654276864427,1,607,606,3,5,4,4,2,543,694,346
728,0,101,1,881,880,0,9,1,331,330,0.0,0.0,1,1,0,5,-1,6,9,0,101,916,861
729,6,622,467,999,532,18,28,663,799,136,0.0004084550188910446,0.004493005207801491,667,947,280,2,4,3,3,1,912,480,116
730,10,111,602,939,337,16,16,582,582,0,0.00017018959120460194,0.0002382654276864427,551,603,52,5,4,4,4,4,721,501,575
731,33,239,780,975,195,24,24,669,669,0,0.0006807583648184077,0.0008169100377820892,749,784,35,3,4,4,4,9,655,130,149
732,0,102,1,921,920,0,6,1,366,365,0.0,3.4037918240920386e-05,1,404,403,4,-1,5,5,0,421,766,718
733,52,153,856,963,107,24,24,779,779,0,0.001157289220191293,0.001157289220191293,833,833,0,6,3,3,3,14,433,139,593
734,4,106,478,951,473,4,4,492,492,0,0.00010211375472276115,0.0006126825283365669,487,753,266,4,5,5,2,2,821,682,387
735,51,257,834,975,141,20,20,633,633,0,0.001055175465468532,0.0021784267674189047,828,897,69,3,4,4,4,16,949,113,193
736,0,102,1,891,890,0,12,1,370,369,0.0,6.807583648184077e-05,1,443,442,4,-1,5,9,0,306,890,360
737,135,237,916,963,47,134,134,923,923,0,0.0021784267674189047,0.0024507301133462676,892,902,10,4,2,2,10,18,99,148,417
738,0,102,1,886,885,0,8,1,350,349,0.0,6.807583648184077e-05,1,440,439,4,-1,5,7,0,591,906,156
739,0,0,1,1,0,0,0,1,1,0,0.0,0.0,1,1,0,-1,-1,-1,12,0,58,608,823
740,16,118,544,899,355,76,76,723,723,0,0.00037441710065012424,0.0004084550188910446,670,680,10,4,3,3,10,1,75,404,734
741,18,18,679,679,0,20,20,602,602,0,0.0005446066918547262,0.0005446066918547262,728,728,0,-1,4,4,4,6,462,194,941
742,30,30,744,744,0,46,46,745,745,0,0.0002723033459273631,0.0002723033459273631,608,608,0,-1,3,3,6,10,489,266,782
743,0,101,1,916,915,0,4,1,332,331,0.0,3.4037918240920386e-05,1,400,399,5,-1,6,4,3,700,753,603
744,6,108,494,950,456,4,4,422,422,0,3.4037918240920386e-05,6.807583648184077e-05,409,457,48,4,5,5,2,4,986,156,599
745,0,102,1,944,943,0,4,1,374,373,0.0,0.0002042275094455223,1,583,582,4,-1,5,3,0,674,867,279
746,0,101,1,916,915,0,4,1,331,330,0.0,0.0,1,1,0,5,-1,6,4,0,736,446,485
747,24,24,715,715,0,48,48,820,820,0,0.0009870996289866913,0.0009870996289866913,809,809,0,-1,3,3,6,4,582,479,877
748,0,102,1,957,956,0,5,1,419,418,0.0,0.0002382654276864427,1,609,608,4,-1,5,3,0,922,668,378
749,6,212,394,953,559,42,50,512,550,38,0.00010211375472276115,0.0011232513019503727,476,814,338,3,4,4,11,2,307,785,255
750,0,102,1,903,902,0,16,1,415,414,0.0,0.0006807583648184077,1,735,734,4,-1,5,8,0,146,911,114
751,27,27,717,717,0,46,46,699,699,0,0.000442492937131965,0.000442492937131965,688,688,0,-1,3,3,7,6,118,199,858
752,0,101,1,917,916,0,4,1,332,331,0.0,6.807583648184077e-05,1,456,455,5,-1,6,4,0,690,946,788
753,1,102,333,934,601,4,4,333,333,0,3.4037918240920386e-05,3.4037918240920386e-05,389,389,0,5,6,6,4,3,721,484,401
754,0,101,1,936,935,0,3,1,332,331,0.0,3.4037918240920386e-05,1,404,403,5,-1,6,3,0,756,678,646
755,0,101,1,922,921,0,3,1,331,330,0.0,0.0,1,1,0,5,-1,6,3,1,620,705,603
756,0,102,1,926,925,0,6,1,419,418,0.0,0.0,1,1,0,4,-1,5,3,0,923,457,553
757,0,102,1,914,913,0,9,1,408,407,0.0,0.00030634126416828345,1,638,637,4,-1,5,5,0,538,542,134
758,13,13,694,694,0,14,14,682,682,0,0.0004084550188910446,0.0004084550188910446,690,690,0,-1,4,4,3,3,668,507,695
759,81,81,899,899,0,44,44,861,861,0,0.0022465026039007454,0.0022465026039007454,901,901,0,-1,3,3,4,17,969,85,820
760,26,232,674,964,290,42,50,598,644,46,0.0002382654276864427,0.0007147962830593281,581,755,174,3,3,3,8,4,358,164,435
761,0,0,1,1,0,0,0,1,1,0,0.0,0.0,1,1,0,-1,-1,-1,4,0,641,993,901
762,15,15,637,637,0,20,20,587,587,0,0.00037441710065012424,0.00037441710065012424,670,670,0,-1,4,4,4,5,495,510,757
763,0,102,1,879,878,0,13,1,354,353,0.0,0.0,1,1,0,4,-1,5,11,0,66,777,623
764,0,616,1,995,994,0,52,1,729,728,0.0,0.007488342013002485,1,971,970,2,-1,3,7,0,299,668,0
765,0,102,1,893,892,0,12,1,392,391,0.0,6.807583648184077e-05,1,455,454,4,-1,5,7,0,714,943,434
766,0,616,1,989,988,0,74,1,597,596,0.0,0.002212464685659825,1,897,896,2,-1,3,14,0,203,723,74
767,4,210,420,964,544,9,18,401,511,110,0.0,0.0011913271384322134,1,830,829,3,5,4,5,5,479,401,352
768,50,151,774,924,150,96,96,764,764,0,0.0007828721195411688,0.0008169100377820892,766,771,5,6,3,3,11,9,167,145,437
769,449,655,991,998,7,110,110,987,987,0,0.011028285510058205,0.011300588855985567,984,984,0,3,2,2,6,92,399,30,270
770,2,2,370,370,0,4,4,371,371,0,6.807583648184077e-05,6.807583648184077e-05,445,445,0,-1,5,5,3,2,670,692,877
771,0,101,1,941,940,0,3,1,331,330,0.0,0.0,1,1,0,6,-1,7,3,0,814,981,590
772,37,37,787,787,0,48,48,738,738,0,0.0004765308553728854,0.0004765308553728854,697,697,0,-1,3,3,7,9,305,211,953
773,169,270,933,966,33,182,182,935,935,0,0.003880322679464924,0.003880322679464924,940,940,0,8,2,2,13,18,120,141,857
774,0,0,1,1,0,0,0,1,1,0,0.0,0.0,1,1,0,-1,-1,-1,11,0,307,822,824
775,765,971,996,998,2,176,176,985,985,0,0.014908608189523128,0.015112835698968652,989,989,0,3,2,2,8,98,434,23,591
776,178,280,973,987,14,56,56,989,989,0,0.017801831240001363,0.017937982912965042,996,996,0,4,2,2,2,48,947,56,797
777,2,103,358,915,557,9,9,395,395,0,6.807583648184077e-05,6.807583648184077e-05,437,437,0,6,5,5,5,1,457,899,764
778,0,102,1,918,917,0,5,1,365,364,0.0,0.00013615167296368154,1,522,521,4,-1,5,4,0,690,801,749
779,0,206,1,973,972,0,28,1,657,656,0.0,0.0021784267674189047,1,898,897,3,-1,4,6,0,594,600,26
780,28,234,703,968,265,62,62,760,760,0,0.000442492937131965,0.0004765308553728854,679,694,15,3,3,3,7,4,366,637,662
781,2,2,352,352,0,10,10,360,360,0,3.4037918240920386e-05,3.4037918240920386e-05,395,395,0,-1,5,5,8,1,201,893,948
782,0,0,1,1,0,0,0,1,1,0,0.0,0.0,1,1,0,-1,-1,-1,3,0,433,778,903
783,1,1641,331,1000,669,6,45,331,735,404,0.0,0.017052997038701112,1,991,990,1,8,2,6,1,498,857,746
784,0,102,1,907,906,0,16,1,404,403,0.0,0.0006126825283365669,1,729,728,4,-1,5,9,0,278,933,413
785,2,208,360,967,607,8,12,405,451,46,0.0,0.0004765308553728854,1,699,698,3,5,4,4,1,567,449,177
786,310,516,981,996,15,100,100,974,974,0,0.007862759113652609,0.008237176214302734,974,976,2,3,2,2,6,59,764,5,525
787,16,222,572,961,389,23,46,477,639,162,0.0005105687736138058,0.0016678579938050988,696,858,162,3,3,3,8,1,236,603,43
788,0,206,1,977,976,0,14,1,587,586,0.0,0.001157289220191293,1,825,824,3,-1,4,3,0,770,790,335
789,0,0,1,1,0,0,0,1,1,0,0.0,0.0,1,1,0,-1,-1,-1,10,1,272,730,997
790,6,107,483,938,455,10,10,508,508,0,0.00017018959120460194,0.0002382654276864427,550,599,49,5,4,4,3,1,615,322,555
791,23,23,751,751,0,18,18,679,679,0,0.001055175465468532,0.001055175465468532,812,812,0,-1,4,4,3,6,716,397,874
792,62,678,772,992,220,146,156,729,759,30,0.000442492937131965,0.005207801490860819,667,955,288,2,3,3,21,9,13,154,16
793,2,104,382,958,576,3,3,386,386,0,0.00017018959120460194,0.0002382654276864427,546,606,60,4,5,5,2,2,965,648,310
794,0,0,1,1,0,0,0,1,1,0,0.0,0.0,1,1,0,-1,-1,-1,2,0,964,960,542
795,0,0,1,1,0,0,0,1,1,0,0.0,0.0,1,1,0,-1,-1,-1,3,0,680,716,994
796,16,117,691,955,264,28,28,846,846,0,0.0006126825283365669,0.0006807583648184077,741,759,18,5,3,3,3,1,535,404,452
797,395,497,992,996,4,32,32,903,903,0,0.011164437183021887,0.011368664692467409,985,986,1,4,3,3,2,85,966,0,557
798,18,224,672,973,301,14,18,545,622,77,0.00034037918240920387,0.001157289220191293,649,833,184,3,4,4,3,7,900,303,117
799,9,109,490,887,397,31,31,458,458,0,6.807583648184077e-05,0.00010211375472276115,443,476,33,4,4,4,12,3,184,311,580
800,28,129,747,942,195,18,18,605,605,0,0.0007147962830593281,0.0007828721195411688,768,775,7,5,4,4,3,8,836,250,593
801,6,212,377,936,559,36,52,382,421,39,3.4037918240920386e-05,0.0002042275094455223,400,550,150,3,4,4,23,2,57,495,230
802,0,101,1,931,930,0,5,1,331,330,0.0,0.0,1,1,0,5,-1,6,5,0,695,548,578
803,6,6,442,442,0,12,12,494,494,0,0.00013615167296368154,0.00013615167296368154,512,512,0,-1,4,4,4,2,511,785,758
804,0,101,1,980,979,0,2,1,328,327,0.0,3.4037918240920386e-05,1,407,406,6,-1,7,2,1,955,685,869
805,77,283,891,978,87,22,22,710,710,0,0.0012253650566731338,0.0017359338302869397,840,879,39,3,3,3,2,18,893,82,658
806,0,0,1,1,0,0,0,1,1,0,0.0,0.0,1,1,0,-1,-1,-1,2,1,907,685,814
807,7,109,517,919,402,16,16,547,547,0,0.00017018959120460194,0.0002723033459273631,545,608,63,4,4,4,4,4,783,305,447
808,2,2,346,346,0,20,20,386,386,0,0.0,0.0,1,1,0,-1,5,5,12,1,62,265,993
809,0,0,1,1,0,0,0,1,1,0,0.0,0.0,1,1,0,-1,-1,-1,10,2,135,709,992
810,2,208,349,956,607,13,42,375,589,214,3.4037918240920386e-05,0.002723033459273631,397,916,519,3,5,4,9,1,330,687,105
811,34,240,796,977,181,20,20,626,626,0,0.0007147962830593281,0.0012594029749140542,757,839,82,3,4,4,4,9,597,154,192
812,22,22,649,649,0,58,58,700,700,0,0.0005786446100956465,0.0005786446100956465,727,727,0,-1,3,3,9,3,200,209,445
813,30,131,778,946,168,24,24,681,681,0,0.00037441710065012424,0.00037441710065012424,664,664,0,6,4,4,4,11,617,316,484
814,18,634,609,994,385,40,68,581,764,183,0.00010211375472276115,0.009326389598012186,483,980,497,2,4,3,8,3,218,704,23
815,0,101,1,940,939,0,3,1,332,331,0.0,0.0,1,1,0,6,-1,7,3,0,879,723,736
816,194,296,957,976,19,120,120,976,976,0,0.005786446100956465,0.005820484019197386,965,965,0,4,2,2,6,25,630,105,476
817,0,102,1,948,947,0,5,1,416,415,0.0,0.00017018959120460194,1,536,535,4,-1,5,3,0,768,638,385
818,6,108,422,911,489,27,27,543,543,0,0.0004084550188910446,0.0004084550188910446,673,673,0,4,4,4,8,1,442,500,419
819,10,112,578,934,356,20,20,625,625,0,0.00030634126416828345,0.0004084550188910446,629,677,48,4,4,4,4,4,635,545,286
820,88,189,902,968,66,28,28,764,764,0,0.002723033459273631,0.002723033459273631,920,920,0,6,3,3,3,22,621,128,640
821,24,230,688,966,278,60,60,740,740,0,0.0005446066918547262,0.0012594029749140542,715,833,118,3,3,3,9,4,168,336,412
822,6,212,443,971,528,15,15,496,496,0,3.4037918240920386e-05,0.0007147962830593281,404,766,362,3,4,4,4,1,544,799,195
823,0,102,1,929,928,0,4,1,412,411,0.0,0.0002723033459273631,1,616,615,4,-1,5,2,0,880,511,101
824,2,2,370,370,0,4,4,394,394,0,0.0,0.0,1,1,0,-1,5,5,2,1,752,878,778
825,26,232,672,958,286,82,82,659,659,0,0.0005446066918547262,0.0009190237925048504,717,787,70,3,4,4,15,6,138,494,80
826,0,102,1,895,894,0,12,1,378,377,0.0,0.00010211375472276115,1,483,482,4,-1,5,8,0,297,367,504
827,0,206,1,940,939,0,29,1,393,392,0.0,6.807583648184077e-05,1,443,442,3,-1,4,15,0,77,918,220
828,100,100,863,863,0,122,122,834,834,0,0.0015317063208414173,0.0015317063208414173,847,847,0,-1,3,3,12,15,52,62,778
829,81,183,865,953,88,72,72,823,823,0,0.0016678579938050988,0.0016678579938050988,863,863,0,4,3,3,7,15,265,206,416
830,267,368,981,991,10,38,38,899,899,0,0.007692569522448007,0.007726607440688927,971,971,0,5,3,3,3,70,732,18,807
831,15,116,566,906,340,30,30,512,512,0,0.0002042275094455223,0.00030634126416828345,570,631,61,5,4,4,9,5,315,241,537
832,31,132,845,976,131,22,22,897,897,0,0.00176997174852786,0.001940161339732462,880,889,9,5,3,3,2,5,749,393,519
833,52,52,813,813,0,58,58,744,744,0,0.0007488342013002485,0.0007488342013002485,758,758,0,-1,3,3,7,6,436,136,817
834,0,0,1,1,0,0,0,1,1,0,0.0,0.0,1,1,0,-1,-1,-1,2,0,993,813,936
835,3,3,406,406,0,11,11,385,385,0,0.00010211375472276115,0.00010211375472276115,484,484,0,-1,5,5,7,5,362,225,729
836,0,101,1,969,968,0,2,1,331,330,0.0,0.00010211375472276115,1,500,499,5,-1,6,2,0,884,205,380
837,46,1686,830,1000,170,24,62,729,970,241,0.0010892133837094523,0.03652268627250757,827,997,170,1,3,2,3,10,620,405,545
838,13,13,709,709,0,8,8,596,596,0,0.00037441710065012424,0.00037441710065012424,686,686,0,-1,4,4,2,3,749,280,926
839,6,212,402,948,546,35,41,428,455,27,6.807583648184077e-05,0.00030634126416828345,446,627,181,3,4,4,15,2,68,560,551
840,19,19,698,698,0,22,22,757,757,0,0.0009870996289866913,0.0009870996289866913,819,819,0,-1,3,3,2,3,763,390,729
841,285,491,974,991,17,82,82,882,882,0,0.004595118962524252,0.004901460226692535,952,957,5,3,3,3,7,57,324,50,289
842,0,206,1,964,963,0,28,1,563,562,0.0,0.0013274788113958951,1,834,833,3,-1,4,6,3,549,882,94
843,0,0,1,1,0,0,0,1,1,0,0.0,0.0,1,1,0,-1,-1,-1,10,1,114,767,938
844,0,0,1,1,0,0,0,1,1,0,0.0,0.0,1,1,0,-1,-1,-1,3,0,737,729,970
845,6,6,399,399,0,43,43,462,462,0,3.4037918240920386e-05,3.4037918240920386e-05,399,399,0,-1,4,4,16,1,78,334,988
846,16,16,533,533,0,56,56,543,543,0,0.00037441710065012424,0.00037441710065012424,654,654,0,-1,3,3,13,1,120,500,774
847,48,48,826,826,0,28,28,688,688,0,0.00017018959120460194,0.00017018959120460194,537,537,0,-1,3,3,5,8,519,132,664
848,79,285,880,979,99,34,34,742,742,0,0.0011913271384322134,0.004493005207801491,828,957,129,3,3,3,4,17,445,79,34
849,0,616,1,987,986,0,130,1,663,662,0.0,0.0021784267674189047,1,889,888,2,-1,3,22,0,22,511,117
850,26,128,763,956,193,22,22,800,800,0,0.0009190237925048504,0.0015657442390823377,796,862,66,4,3,3,2,4,733,185,155
851,0,206,1,967,966,0,18,1,602,601,0.0,0.0012594029749140542,1,838,837,3,-1,4,3,0,687,665,69
852,0,102,1,953,952,0,4,1,425,424,0.0,0.002825147213996392,1,927,926,4,-1,5,2,0,792,998,48
853,0,0,1,1,0,0,0,1,1,0,0.0,0.0,1,1,0,-1,-1,-1,4,0,700,672,696
854,1,102,333,879,546,14,14,333,333,0,3.4037918240920386e-05,3.4037918240920386e-05,394,394,0,5,6,6,14,2,332,656,543
855,92,193,898,963,65,50,50,846,846,0,0.0024507301133462676,0.0024507301133462676,903,903,0,6,3,3,5,18,552,171,763
856,0,206,1,948,947,0,22,1,414,413,0.0,0.00010211375472276115,1,471,470,3,-1,4,10,0,240,665,434
857,4,106,555,979,424,3,4,443,544,101,0.00013615167296368154,0.00707988699411144,542,978,436,4,5,5,2,3,775,653,19
858,16,118,629,932,303,30,30,724,724,0,0.00017018959120460194,0.00017018959120460194,541,542,1,4,3,3,4,1,384,282,770
859,2,2,371,371,0,6,6,429,429,0,3.4037918240920386e-05,3.4037918240920386e-05,399,399,0,-1,5,5,3,2,590,313,472
860,14,116,586,915,329,26,26,598,598,0,0.00010211375472276115,0.0002382654276864427,488,586,98,4,4,4,5,3,599,222,527
861,8,8,498,498,0,18,18,458,458,0,6.807583648184077e-05,6.807583648184077e-05,443,443,0,-1,4,4,6,5,157,401,200
862,541,643,986,991,5,300,300,994,994,0,0.006773545729943157,0.0068075836481840775,967,967,0,4,2,2,14,57,133,50,592
863,0,102,1,879,878,0,18,1,358,357,0.0,0.0,1,1,0,4,-1,5,15,0,65,803,623
864,24,230,617,948,331,104,104,628,628,0,0.0002382654276864427,0.0009190237925048504,591,782,191,3,4,4,20,6,88,424,345
865,0,102,1,919,918,0,5,1,362,361,0.0,6.807583648184077e-05,1,440,439,4,-1,5,4,0,709,436,244
866,12,114,604,941,337,14,14,564,564,0,0.00037441710065012424,0.0007488342013002485,667,772,105,4,4,4,3,3,627,795,516
867,22,228,659,962,303,54,54,677,677,0,0.0006467204465774873,0.002110350930937064,754,896,142,3,3,3,8,3,186,610,81
868,0,102,1,898,897,0,12,1,381,380,0.0,6.807583648184077e-05,1,461,460,4,-1,5,8,0,499,956,385
869,0,206,1,976,975,0,10,1,514,513,0.0,0.0008169100377820892,1,786,785,3,-1,4,3,0,732,941,97
870,0,0,1,1,0,0,0,1,1,0,0.0,0.0,1,1,0,-1,-1,-1,10,1,114,792,600
871,0,616,1,994,993,0,24,1,575,574,0.0,0.0009190237925048504,1,791,790,2,-1,3,5,0,546,733,634
872,0,0,1,1,0,0,0,1,1,0,0.0,0.0,1,1,0,-1,-1,-1,12,0,239,978,793
873,22,22,685,685,0,42,42,716,716,0,0.0002723033459273631,0.0002723033459273631,623,623,0,-1,3,3,6,4,345,551,716
874,24,126,684,921,237,35,35,609,609,0,0.0002042275094455223,0.0002382654276864427,568,583,15,4,3,3,7,3,273,534,879
875,195,297,947,972,25,142,142,885,885,0,0.002110350930937064,0.002212464685659825,886,894,8,4,3,3,12,34,87,89,416
876,0,206,1,960,959,0,15,1,397,396,0.0,0.00017018959120460194,1,538,537,3,-1,4,8,0,231,356,586
877,0,0,1,1,0,0,0,1,1,0,0.0,0.0,1,1,0,-1,-1,-1,3,0,840,912,737
878,2,2,374,374,0,5,5,410,410,0,3.4037918240920386e-05,3.4037918240920386e-05,404,404,0,-1,5,5,3,3,856,460,818
879,13,115,634,945,311,10,10,491,491,0,0.000442492937131965,0.00088498587426393,698,808,110,4,4,4,3,4,825,479,306
880,135,236,948,975,27,58,58,944,944,0,0.005037611899656217,0.0051397256543789785,958,961,3,5,2,2,4,28,617,44,398
881,1,103,333,907,574,6,10,333,396,63,0.0,0.0002723033459273631,1,610,609,4,6,5,6,1,281,469,459
882,16,16,647,647,0,26,26,760,760,0,0.0004084550188910446,0.0004084550188910446,680,680,0,-1,3,3,4,3,507,260,750
883,379,995,981,998,17,294,294,986,986,0,0.007250076585316042,0.014466115252391163,967,988,21,2,2,2,16,34,50,20,7
884,0,0,1,1,0,0,0,1,1,0,0.0,0.0,1,1,0,-1,-1,-1,4,0,717,934,868
885,34,240,768,972,204,42,42,678,678,0,0.0007828721195411688,0.002280540522141666,772,895,123,3,4,4,7,9,342,294,151
886,12,218,533,961,428,42,42,632,632,0,0.00010211375472276115,0.00037441710065012424,479,667,188,3,4,4,7,2,417,453,646
887,6,6,428,428,0,18,18,466,466,0,0.00010211375472276115,0.00010211375472276115,485,485,0,-1,4,4,7,2,497,714,823
888,22,228,627,958,331,54,54,592,592,0,0.00034037918240920387,0.00088498587426393,627,783,156,3,4,4,11,6,360,368,616
889,86,292,855,970,115,106,106,867,867,0,0.003267640151128357,0.0045270431260424114,929,952,23,3,2,2,10,8,298,186,403
890,1,102,333,894,561,9,9,333,333,0,0.0,3.4037918240920386e-05,1,401,400,5,7,6,9,2,245,448,603
891,0,206,1,964,963,0,20,1,466,465,0.0,0.00013615167296368154,1,521,520,3,-1,4,7,0,525,769,667
892,67,273,866,979,113,68,68,962,962,0,0.00439089145307873,0.004969536063174376,949,957,8,3,2,2,4,7,384,399,382
893,2,1642,385,1000,615,4,48,391,977,586,0.0,0.03580788998944825,1,997,996,1,5,2,3,2,915,654,180
894,2,103,362,913,551,10,10,416,416,0,6.807583648184077e-05,6.807583648184077e-05,449,449,0,5,5,5,5,1,363,552,623
895,48,149,829,945,116,40,40,760,760,0,0.0009870996289866913,0.001055175465468532,813,824,11,5,3,3,5,9,766,154,749
896,7,213,542,978,436,9,14,475,606,131,0.00010211375472276115,0.0012934408931549745,492,846,354,3,4,4,3,2,676,602,113
897,0,0,1,1,0,0,0,1,1,0,0.0,0.0,1,1,0,-1,-1,-1,2,0,283,699,737
898,101,101,956,956,0,52,52,983,983,0,0.009905034208107831,0.009905034208107831,981,981,0,-1,2,2,3,27,883,304,974
899,20,122,726,955,229,10,10,518,518,0,0.0006126825283365669,0.0013274788113958951,739,845,106,4,4,4,3,4,902,40,207
900,128,228,954,977,23,38,38,880,880,0,0.0048674223084516155,0.005105687736138058,951,953,2,4,3,3,3,31,861,102,482
901,6,6,422,422,0,24,24,466,466,0,0.00034037918240920387,0.00034037918240920387,655,655,0,-1,4,4,8,1,225,420,707
902,0,0,1,1,0,0,0,1,1,0,0.0,0.0,1,1,0,-1,-1,-1,2,0,929,737,962
903,4,106,483,958,475,3,3,390,390,0,6.807583648184077e-05,0.00034037918240920387,456,664,208,4,5,5,2,3,889,411,524
904,21,21,710,710,0,18,18,635,635,0,0.0002723033459273631,0.0002723033459273631,614,614,0,-1,4,4,3,6,627,368,796
905,8,8,538,538,0,12,12,494,494,0,0.00010211375472276115,0.00010211375472276115,477,477,0,-1,4,4,4,3,550,496,583
906,181,387,949,984,35,120,120,915,915,0,0.002382654276864427,0.0026209197045508697,900,909,9,3,3,3,10,20,211,95,810
907,0,0,1,1,0,0,0,1,1,0,0.0,0.0,1,1,0,-1,-1,-1,6,0,425,715,457
908,0,102,1,908,907,0,12,1,418,417,0.0,0.0007488342013002485,1,761,760,4,-1,5,6,0,518,863,243
909,0,0,1,1,0,0,0,1,1,0,0.0,0.0,1,1,0,-1,-1,-1,2,0,978,993,462
910,0,206,1,975,974,0,12,1,491,490,0.0,0.001497668402600497,1,860,859,3,-1,4,4,0,462,849,122
911,40,40,848,848,0,14,14,638,638,0,0.0010892133837094523,0.0010892133837094523,833,833,0,-1,4,4,3,18,840,147,838
912,64,166,884,968,84,18,18,649,649,0,0.0013955546478777359,0.0015657442390823377,846,860,14,4,4,4,3,16,903,78,759
913,0,101,1,932,931,0,3,1,332,331,0.0,3.4037918240920386e-05,1,400,399,5,-1,6,3,0,748,804,430
914,174,174,924,924,0,212,212,949,949,0,0.0020763130126961434,0.0020763130126961434,888,888,0,-1,2,2,14,14,203,146,673
915,0,101,1,945,944,0,2,1,331,330,0.0,0.0,1,1,0,6,-1,7,2,0,951,982,605
916,0,0,1,1,0,0,0,1,1,0,0.0,0.0,1,1,0,-1,-1,-1,3,0,642,876,456
917,0,616,1,997,996,0,22,1,580,579,0.0,0.0013274788113958951,1,837,836,2,-1,3,5,1,692,767,454
918,11,113,554,915,361,20,20,486,486,0,0.00017018959120460194,0.00034037918240920387,534,650,116,4,4,4,6,4,356,380,252
919,12,218,555,968,413,20,24,563,608,45,0.0004084550188910446,0.003437829742332959,683,925,242,3,4,4,4,2,300,473,75
920,59,675,861,999,138,34,34,801,801,0,0.0012594029749140542,0.003608019333537561,832,935,103,2,3,3,4,12,767,99,15
921,0,102,1,943,942,0,4,1,426,425,0.0,0.0005786446100956465,1,736,735,4,-1,5,2,0,896,856,232
922,22,124,673,924,251,38,38,799,799,0,0.0013955546478777359,0.0014636304843595766,849,852,3,4,3,3,3,3,837,559,499
923,0,102,1,890,889,0,18,1,393,392,0.0,0.0002042275094455223,1,554,553,4,-1,5,10,0,355,715,453
924,66,168,851,952,101,62,62,815,815,0,0.0009190237925048504,0.0012594029749140542,781,836,55,4,3,3,7,14,207,190,351
925,6,6,398,398,0,46,46,479,479,0,0.0,0.0,1,1,0,-1,4,4,16,2,60,662,839
926,78,78,807,807,0,222,222,871,871,0,0.001157289220191293,0.001157289220191293,814,814,0,-1,2,2,22,4,55,470,732
927,28,234,641,951,310,102,102,648,648,0,0.0002382654276864427,0.0005786446100956465,584,715,131,3,4,4,19,7,148,237,286
928,1,207,332,980,648,2,8,332,518,186,0.0,0.0005105687736138058,1,722,721,3,7,4,2,1,977,621,616
929,16,632,610,997,387,16,30,523,706,183,0.0005446066918547262,0.003165526396405596,736,920,184,2,4,3,4,5,547,562,35
930,8,8,530,530,0,14,14,475,475,0,0.00017018959120460194,0.00017018959120460194,545,545,0,-1,4,4,5,3,551,496,372
931,44,660,761,992,231,98,112,739,798,59,0.0008509479560230097,0.0016678579938050988,780,867,87,2,2,2,13,5,97,722,288
932,24,230,718,973,255,20,20,597,597,0,0.0007488342013002485,0.001055175465468532,767,816,49,3,4,4,4,10,755,272,165
933,0,102,1,915,914,0,10,1,436,435,0.0,0.0002382654276864427,1,594,593,4,-1,5,5,0,692,963,422
934,0,0,1,1,0,0,0,1,1,0,0.0,0.0,1,1,0,-1,-1,-1,13,0,160,802,367
935,1,102,330,980,650,2,2,330,330,0,0.0,0.0,1,1,0,6,7,7,2,1,955,765,690
936,2,2,375,375,0,3,3,376,376,0,6.807583648184077e-05,6.807583648184077e-05,448,448,0,-1,5,5,2,1,760,639,564
937,0,206,1,988,987,0,8,1,637,636,0.0,0.006773545729943157,1,968,967,3,-1,4,2,0,933,515,7
938,2,2,370,370,0,3,3,371,371,0,6.807583648184077e-05,6.807583648184077e-05,454,454,0,-1,5,5,2,4,804,512,865
939,24,126,700,930,230,30,30,591,591,0,0.000442492937131965,0.0005105687736138058,689,704,15,4,4,4,7,9,482,343,481
940,8,8,489,489,0,24,24,483,483,0,3.4037918240920386e-05,3.4037918240920386e-05,406,406,0,-1,4,4,7,3,246,441,772
941,98,98,892,892,0,64,64,939,939,0,0.0013955546478777359,0.0013955546478777359,851,851,0,-1,2,2,4,17,547,327,831
942,36,138,891,983,92,8,8,684,684,0,0.0018040096667687805,0.002314578440382586,887,909,22,4,4,4,2,21,973,157,658
943,6,6,407,407,0,34,34,466,466,0,6.807583648184077e-05,6.807583648184077e-05,440,440,0,-1,4,4,11,2,188,714,923
944,0,0,1,1,0,0,0,1,1,0,0.0,0.0,1,1,0,-1,-1,-1,6,0,560,649,942
945,0,101,1,905,904,0,6,1,332,331,0.0,0.0,1,1,0,6,-1,7,6,0,328,359,663
946,2,2,355,355,0,10,10,333,333,0,3.4037918240920386e-05,3.4037918240920386e-05,410,410,0,-1,6,6,10,5,109,605,849
947,6,108,476,942,466,8,8,489,489,0,0.00013615167296368154,0.0004765308553728854,516,697,181,4,4,4,2,2,596,492,252
948,20,122,644,924,280,32,32,577,577,0,0.00017018959120460194,0.0004765308553728854,545,708,163,4,3,3,7,3,320,385,519
949,6,6,497,497,0,6,6,441,441,0,6.807583648184077e-05,6.807583648184077e-05,454,454,0,-1,5,5,3,3,654,526,794
950,0,102,1,926,925,0,4,1,439,438,0.0,0.0009870996289866913,1,823,822,4,-1,5,2,0,932,963,100
951,63,165,884,969,85,20,20,793,793,0,0.0013955546478777359,0.0026209197045508697,853,917,64,4,3,3,3,19,879,184,71
952,25,127,779,962,183,18,18,799,799,0,0.0007488342013002485,0.0007488342013002485,779,779,0,4,3,3,2,4,910,267,885
953,0,0,1,1,0,0,0,1,1,0,0.0,0.0,1,1,0,-1,-1,-1,11,0,234,728,747
954,50,152,781,927,146,68,68,710,710,0,0.0014636304843595766,0.0016678579938050988,849,861,12,4,2,2,9,4,351,315,121
955,218,424,949,981,32,292,292,969,969,0,0.003199564314646516,0.0035739814152966403,928,935,7,3,2,2,18,20,64,38,480
956,31,132,785,948,163,24,24,675,675,0,0.0005105687736138058,0.0005446066918547262,708,715,7,6,4,4,4,8,787,284,509
957,1,207,333,972,639,4,20,333,556,223,0.0,0.0004084550188910446,1,681,680,3,6,4,4,1,558,640,404
958,0,206,1,954,953,0,32,1,537,536,0.0,0.0010211375472276116,1,804,803,3,-1,4,8,0,282,906,58
959,114,114,932,932,0,66,66,923,923,0,0.0026889955410327104,0.0026889955410327104,914,914,0,-1,3,3,6,17,594,81,942
960,0,0,1,1,0,0,0,1,1,0,0.0,0.0,1,1,0,-1,-1,-1,4,0,495,758,716
961,0,206,1,977,976,0,8,1,499,498,0.0,0.0017359338302869397,1,885,884,3,-1,4,2,0,779,945,119
962,2,2,363,363,0,7,7,405,405,0,6.807583648184077e-05,6.807583648184077e-05,449,449,0,-1,5,5,4,1,401,756,638
963,15,117,591,915,324,34,34,586,586,0,0.0002723033459273631,0.0004084550188910446,619,677,58,4,4,4,7,4,329,365,115
964,36,242,801,977,176,42,42,769,769,0,0.0008509479560230097,0.0013274788113958951,792,847,55,3,3,3,6,6,657,46,273
965,16,118,645,936,291,24,24,725,725,0,0.00017018959120460194,0.00017018959120460194,549,549,0,4,3,3,3,1,836,152,449
966,55,261,827,974,147,72,72,862,862,0,0.0008169100377820892,0.0013615167296368155,779,842,63,3,3,3,7,6,413,232,355
967,66,168,811,930,119,120,120,760,760,0,0.001940161339732462,0.001940161339732462,883,883,0,4,2,2,15,7,40,396,873
968,14,14,630,630,0,22,22,633,633,0,3.4037918240920386e-05,3.4037918240920386e-05,397,397,0,-1,4,4,5,5,557,688,478
969,16,222,633,971,338,40,40,826,826,0,0.0006467204465774873,0.0015317063208414173,746,863,117,3,3,3,4,1,304,404,139
970,242,344,984,992,8,22,22,820,820,0,0.006535280302256714,0.0068075836481840775,968,970,2,4,3,3,2,81,723,32,40
971,222,428,970,990,20,48,48,913,913,0,0.004186663943633207,0.005207801490860819,948,961,13,3,3,3,3,48,778,56,106
972,83,185,915,974,59,22,22,815,815,0,0.002212464685659825,0.0033016780693692774,906,935,29,4,3,3,2,22,776,203,304
973,36,36,662,662,0,126,126,632,632,0,0.00013615167296368154,0.00013615167296368154,503,503,0,-1,3,3,22,8,18,302,992
974,3,103,414,922,508,5,5,358,358,0,3.4037918240920386e-05,0.00010211375472276115,391,486,95,4,5,5,4,2,384,694,314
975,0,0,1,1,0,0,0,1,1,0,0.0,0.0,1,1,0,-1,-1,-1,5,0,492,973,856
976,42,42,856,856,0,14,14,638,638,0,0.0016338200755641784,0.0016338200755641784,872,872,0,-1,4,4,3,13,840,183,866
977,0,206,1,952,951,0,38,1,539,538,0.0,0.0007488342013002485,1,763,762,3,-1,4,9,0,191,644,148
978,0,102,1,922,921,0,6,1,418,417,0.0,0.0002042275094455223,1,591,590,4,-1,5,3,3,672,746,199
979,24,24,758,758,0,14,14,558,558,0,0.000442492937131965,0.000442492937131965,698,698,0,-1,4,4,3,9,825,29,933
980,22,22,597,597,0,84,84,564,564,0,0.0002042275094455223,0.0002042275094455223,559,559,0,-1,3,3,19,4,48,239,565
981,23,639,679,996,317,32,56,582,762,180,0.0006467204465774873,0.008203138296061813,755,976,221,2,4,3,6,7,368,329,70
982,12,114,517,897,380,48,48,576,576,0,0.0002042275094455223,0.0002382654276864427,561,583,22,4,4,4,10,2,310,468,394
983,1,617,333,997,664,5,40,333,756,423,0.0,0.007454304094761564,1,975,974,2,6,3,5,3,464,748,24
984,0,206,1,980,979,0,14,1,624,623,0.0,0.0012934408931549745,1,849,848,3,-1,4,3,0,654,930,174
985,0,101,1,894,893,0,8,1,332,331,0.0,6.807583648184077e-05,1,451,450,5,-1,6,8,0,365,565,931
986,3,3,451,451,0,6,6,453,453,0,3.4037918240920386e-05,3.4037918240920386e-05,399,399,0,-1,5,5,3,2,953,566,887
987,0,102,1,909,908,0,6,1,357,356,0.0,0.00017018959120460194,1,555,554,4,-1,5,5,0,669,925,646
988,113,215,943,976,33,22,22,806,806,0,0.003948398515946765,0.004220701861874128,941,949,8,4,3,3,2,29,993,17,389
989,0,0,1,1,0,0,0,1,1,0,0.0,0.0,1,1,0,-1,-1,-1,4,0,559,847,502
990,16,16,498,498,0,84,84,542,542,0,0.0002042275094455223,0.0002042275094455223,554,554,0,-1,3,3,19,1,46,810,793
991,24,640,768,1000,232,12,30,538,824,286,0.0005105687736138058,0.007862759113652609,716,973,257,2,4,3,4,10,754,366,18
992,73,174,911,975,64,46,46,977,977,0,0.0051397256543789785,0.00527587732734266,957,959,2,5,2,2,2,14,960,387,500
993,0,102,1,917,916,0,4,1,358,357,0.0,3.4037918240920386e-05,1,396,395,4,-1,5,3,0,645,910,577
994,8,110,697,981,284,4,4,561,561,0,0.00017018959120460194,0.0007828721195411688,576,796,220,4,5,5,2,10,955,266,465
995,0,0,1,1,0,0,0,1,1,0,0.0,0.0,1,1,0,-1,-1,-1,10,0,285,925,942
996,8,624,466,991,525,47,96,433,604,171,3.4037918240920386e-05,0.0023486163586235067,397,901,504,2,4,3,19,2,38,244,85
997,0,102,1,882,881,0,16,1,387,386,0.0,6.807583648184077e-05,1,443,442,4,-1,5,10,0,109,970,362
998,0,102,1,925,924,0,5,1,395,394,0.0,0.0007828721195411688,1,784,783,4,-1,5,3,0,583,996,227
999,19,225,616,955,339,41,54,539,621,82,0.00010211375472276115,0.0010892133837094523,467,814,347,3,3,3,10,3,310,580,118
