,FreeNet_pre_score,FreeNet_post_score,FreeNet_pre_rank,FreeNet_post_rank,FreeNet_delta_ranks,Reversed_pre_score,Reversed_post_score,Reversed_pre_rank,Reversed_post_rank,Reversed_delta_ranks,Random_pre_score,Random_post_score,Random_pre_rank,Random_post_rank,Random_delta_ranks,dist_victim_relayer,dist_victim_vilain_pre,dist_victim_vilain_post,out_deg_victim,in_deg_villain,victim,villain,relayer
0,18,224,631,968,337,30,30,622,622,0,0.0006126825283365669,0.0031314884781646754,743,925,182,3,4,4,5,4,818,336,27
1,0,0,1,1,0,0,0,1,1,0,0.0,0.0,1,1,0,-1,-1,-1,16,0,26,608,456
2,26,26,679,679,0,54,54,655,655,0,0.00037441710065012424,0.00037441710065012424,645,645,0,-1,3,3,10,9,437,29,923
3,12,218,487,945,458,90,94,579,598,19,0.0005446066918547262,0.001055175465468532,709,801,92,3,4,4,19,5,148,535,221
4,0,206,1,985,984,0,8,1,598,597,0.0,0.00037441710065012424,1,685,684,3,-1,4,2,0,805,638,169
5,6,107,440,925,485,10,10,420,420,0,0.0002382654276864427,0.0002382654276864427,597,597,0,5,5,5,5,4,294,567,615
6,6,108,437,911,474,14,14,478,478,0,3.4037918240920386e-05,0.00017018959120460194,407,537,130,4,4,4,5,4,519,512,891
7,79,79,903,903,0,22,22,775,775,0,0.002552843868069029,0.002552843868069029,912,912,0,-1,3,3,2,18,931,141,778
8,13,219,523,948,425,84,84,648,648,0,0.0004765308553728854,0.0005105687736138058,689,699,10,3,4,4,14,5,332,619,495
9,139,240,945,978,33,112,112,999,999,0,0.006909697402906838,0.006909697402906838,970,970,0,7,2,2,4,15,344,36,972
10,0,102,1,887,886,0,9,1,375,374,0.0,0.00013615167296368154,1,520,519,4,-1,5,6,0,378,574,350
11,0,206,1,964,963,0,21,1,483,482,0.0,0.0006807583648184077,1,749,748,3,-1,4,7,1,273,949,535
12,0,101,1,939,938,0,3,1,332,331,0.0,0.0,1,1,0,5,-1,6,3,0,628,925,896
13,0,101,1,940,939,0,3,1,332,331,0.0,0.0,1,1,0,5,-1,6,3,0,879,707,680
14,28,130,669,907,238,70,70,688,688,0,0.0006126825283365669,0.0006126825283365669,729,729,0,4,3,3,10,4,206,336,870
15,88,88,890,890,0,40,40,747,747,0,0.0012253650566731338,0.0012253650566731338,846,846,0,-1,3,3,5,19,665,59,672
16,0,206,1,944,943,0,31,1,408,407,0.0,0.00010211375472276115,1,471,470,3,-1,4,13,0,115,624,259
17,0,0,1,1,0,0,0,1,1,0,0.0,0.0,1,1,0,-1,-1,-1,9,0,389,812,923
18,110,110,938,938,0,30,30,762,762,0,0.0020422750944552232,0.0020422750944552232,894,894,0,-1,3,3,4,27,573,61,903
19,17,119,662,933,271,20,20,706,706,0,0.000442492937131965,0.000442492937131965,688,688,0,4,3,3,3,3,490,373,555
20,1,1,332,332,0,3,3,332,332,0,0.0,0.0,1,1,0,-1,9,9,3,1,608,647,735
21,29,131,738,935,197,30,30,698,698,0,0.0006126825283365669,0.0007147962830593281,741,761,20,4,3,3,4,7,671,371,320
22,12,218,615,977,362,14,14,579,579,0,0.0002382654276864427,0.0004765308553728854,584,693,109,3,4,4,3,6,903,435,545
23,0,206,1,974,973,0,15,1,569,568,0.0,0.0015317063208414173,1,864,863,3,-1,4,4,0,777,942,65
24,0,206,1,968,967,0,26,1,532,531,0.0,0.0004765308553728854,1,701,700,3,-1,4,7,0,497,892,221
25,0,0,1,1,0,0,0,1,1,0,0.0,0.0,1,1,0,-1,-1,-1,3,0,842,517,843
26,0,616,1,996,995,0,22,1,543,542,0.0,0.001157289220191293,1,816,815,2,-1,3,5,0,407,883,389
27,0,206,1,985,984,0,8,1,548,547,0.0,0.0011913271384322134,1,834,833,3,-1,4,2,0,878,713,83
28,59,160,851,956,105,52,52,943,943,0,0.002144388849177984,0.002144388849177984,895,895,0,6,2,2,3,4,703,328,861
29,12,114,599,939,340,26,26,687,687,0,0.0004765308553728854,0.0005446066918547262,698,711,13,4,4,4,5,2,574,827,550
30,6,6,384,384,0,66,66,519,519,0,0.0005786446100956465,0.0005786446100956465,717,717,0,-1,4,4,17,1,56,500,925
31,0,616,1,993,992,0,110,1,683,682,0.0,0.003369753905851118,1,936,935,2,-1,3,18,0,34,940,13
32,1,103,333,923,590,4,7,333,404,71,0.0,0.00010211375472276115,1,491,490,4,7,5,4,1,631,703,465
33,75,75,862,862,0,64,64,772,772,0,0.002144388849177984,0.002144388849177984,894,894,0,-1,3,3,8,17,418,180,845
34,2,2,356,356,0,11,11,373,373,0,3.4037918240920386e-05,3.4037918240920386e-05,397,397,0,-1,5,5,8,2,440,518,992
35,0,101,1,909,908,0,7,1,327,326,0.0,3.4037918240920386e-05,1,397,396,5,-1,6,7,0,196,877,743
36,0,101,1,942,941,0,2,1,331,330,0.0,3.4037918240920386e-05,1,417,416,5,-1,6,2,0,802,773,555
37,0,206,1,972,971,0,16,1,516,515,0.0,0.0016338200755641784,1,864,863,3,-1,4,4,0,558,912,85
38,6,108,440,915,475,18,18,471,471,0,0.00013615167296368154,0.0002382654276864427,520,584,64,4,4,4,7,3,698,309,719
39,0,0,1,1,0,0,0,1,1,0,0.0,0.0,1,1,0,-1,-1,-1,5,0,688,782,768
40,40,246,765,967,202,48,68,646,777,131,0.0037441710065012424,0.0048674223084516155,934,954,20,3,2,2,9,1,315,861,68
41,4,105,461,940,479,5,5,400,400,0,0.00013615167296368154,0.0002042275094455223,527,584,57,5,5,5,3,3,770,585,756
42,35,137,765,936,171,26,26,576,576,0,0.0006126825283365669,0.0007147962830593281,744,770,26,4,4,4,5,8,408,284,741
43,66,272,818,964,146,142,142,841,841,0,0.0016338200755641784,0.004118588107151367,859,938,79,3,3,3,16,10,134,227,76
44,101,101,883,883,0,106,106,805,805,0,0.0011232513019503727,0.0011232513019503727,813,813,0,-1,3,3,11,17,167,226,813
45,229,229,949,949,0,258,258,945,945,0,0.0024166921951053475,0.0024166921951053475,900,900,0,-1,2,2,19,27,148,61,836
46,99,99,892,892,0,50,50,807,807,0,0.0017018959120460194,0.0017018959120460194,864,864,0,-1,3,3,5,18,571,147,635
47,28,644,747,997,250,24,34,655,751,96,0.0006126825283365669,0.0068075836481840775,743,972,229,2,4,3,4,6,512,136,24
48,0,0,1,1,0,0,0,1,1,0,0.0,0.0,1,1,0,-1,-1,-1,8,1,383,779,665
49,0,0,1,1,0,0,0,1,1,0,0.0,0.0,1,1,0,-1,-1,-1,11,0,220,883,901
50,120,120,934,934,0,54,54,918,918,0,0.002757071377514551,0.002757071377514551,916,916,0,-1,3,3,4,22,969,203,684
51,0,102,1,940,939,0,4,1,404,403,0.0,0.0002382654276864427,1,607,606,4,-1,5,2,0,894,922,553
52,166,782,944,997,53,72,72,835,835,0,0.0026889955410327104,0.004765308553728854,907,954,47,2,3,3,7,28,299,98,146
53,0,101,1,950,949,0,2,1,331,330,0.0,0.0,1,1,0,8,-1,9,2,0,686,699,857
54,2,208,365,971,606,8,20,412,566,154,3.4037918240920386e-05,0.0007488342013002485,410,770,360,3,5,4,4,2,460,597,352
55,60,60,877,877,0,28,28,811,811,0,0.0011913271384322134,0.0011913271384322134,840,840,0,-1,3,3,3,17,800,45,706
56,0,206,1,945,944,0,23,1,377,376,0.0,0.00013615167296368154,1,510,509,3,-1,4,14,1,122,779,361
57,28,130,661,906,245,80,80,622,622,0,0.0002723033459273631,0.0004084550188910446,603,668,65,4,3,3,15,4,45,637,622
58,7,1647,593,1000,407,5,44,439,978,539,3.4037918240920386e-05,0.036794989618434935,407,997,590,1,5,2,3,5,853,362,438
59,30,236,776,977,201,28,28,771,771,0,0.0007488342013002485,0.002723033459273631,763,912,149,3,3,3,3,6,839,377,104
60,16,118,500,876,376,83,83,525,525,0,6.807583648184077e-05,6.807583648184077e-05,446,446,0,4,3,3,21,1,13,659,935
61,8,109,586,952,366,8,8,527,527,0,0.00010211375472276115,0.0002042275094455223,489,582,93,5,4,4,2,2,625,586,958
62,0,102,1,948,947,0,6,1,448,447,0.0,0.0007488342013002485,1,763,762,4,-1,5,3,1,854,235,54
63,16,117,519,890,371,120,120,716,716,0,0.00034037918240920387,0.00034037918240920387,636,636,0,8,3,3,18,2,111,493,448
64,62,163,905,975,70,22,22,863,863,0,0.002144388849177984,0.002144388849177984,900,900,0,5,3,3,2,19,715,297,577
65,0,0,1,1,0,0,0,1,1,0,0.0,0.0,1,1,0,-1,-1,-1,2,0,681,611,546
66,30,132,779,948,169,20,20,624,624,0,0.0006467204465774873,0.0007828721195411688,748,778,30,4,4,4,4,7,633,422,557
67,0,0,1,1,0,0,0,1,1,0,0.0,0.0,1,1,0,-1,-1,-1,3,0,839,942,548
68,86,187,878,958,80,76,76,894,894,0,0.002280540522141666,0.002280540522141666,894,894,0,5,2,2,7,14,342,243,755
69,0,102,1,922,921,0,8,1,393,392,0.0,0.00013615167296368154,1,510,509,4,-1,5,5,0,291,863,230
70,12,114,564,923,359,39,39,628,628,0,0.00010211375472276115,0.00017018959120460194,475,543,68,4,4,4,8,4,323,149,196
71,0,206,1,964,963,0,36,1,598,597,0.0,0.0028932230504782326,1,917,916,3,-1,4,8,0,323,754,33
72,0,0,1,1,0,0,0,1,1,0,0.0,0.0,1,1,0,-1,-1,-1,3,0,852,898,693
73,1,207,333,951,618,11,18,333,389,56,0.0,0.00017018959120460194,1,547,546,3,7,4,11,3,333,626,248
74,6,108,459,932,473,8,8,438,438,0,6.807583648184077e-05,0.0006467204465774873,453,757,304,4,5,5,4,3,543,214,272
75,0,0,1,1,0,0,0,1,1,0,0.0,0.0,1,1,0,-1,-1,-1,8,0,131,855,664
76,0,102,1,898,897,0,12,1,387,386,0.0,0.00034037918240920387,1,650,649,4,-1,5,7,0,216,433,115
77,10,10,515,515,0,24,24,450,450,0,0.00017018959120460194,0.00017018959120460194,533,533,0,-1,4,4,8,3,244,596,574
78,0,102,1,924,923,0,7,1,380,379,0.0,3.4037918240920386e-05,1,395,394,4,-1,5,5,0,430,533,314
79,0,0,1,1,0,0,0,1,1,0,0.0,0.0,1,1,0,-1,-1,-1,5,0,719,988,565
80,1,207,331,979,648,3,9,331,533,202,0.0,0.0012934408931549745,1,839,838,3,6,4,3,3,796,708,82
81,82,288,843,973,130,114,118,848,853,5,0.0011913271384322134,0.0015657442390823377,820,855,35,3,2,2,12,7,96,422,52
82,0,0,1,1,0,0,0,1,1,0,0.0,0.0,1,1,0,-1,-1,-1,12,1,183,895,823
83,0,206,1,963,962,0,16,1,430,429,0.0,0.0004084550188910446,1,668,667,3,-1,4,7,0,359,936,250
84,0,206,1,976,975,0,7,1,485,484,0.0,0.000442492937131965,1,703,702,3,-1,4,2,0,750,635,339
85,100,306,877,973,96,116,116,867,867,0,0.0019061234214915416,0.001940161339732462,871,875,4,3,3,3,11,19,233,144,244
86,6,212,427,963,536,22,26,498,533,35,0.00010211375472276115,0.0005105687736138058,484,709,225,3,4,4,7,1,505,718,92
87,60,676,834,997,163,38,52,687,781,94,0.0009190237925048504,0.008237176214302734,788,977,189,2,3,3,6,15,536,138,10
88,0,616,1,988,987,0,88,1,554,553,0.0,0.001940161339732462,1,885,884,2,-1,3,19,0,83,932,119
89,24,126,646,906,260,36,36,505,505,0,0.0002042275094455223,0.00034037918240920387,565,644,79,4,4,4,10,4,125,208,652
90,92,194,878,960,82,78,78,860,860,0,0.002110350930937064,0.0021784267674189047,885,892,7,4,3,3,8,17,454,81,493
91,19,225,641,970,329,48,52,773,777,4,0.000442492937131965,0.001599782157323258,684,865,181,3,3,3,6,5,470,710,129
92,10,10,553,553,0,18,18,515,515,0,0.0002723033459273631,0.0002723033459273631,623,623,0,-1,4,4,5,4,290,637,611
93,0,0,1,1,0,0,0,1,1,0,0.0,0.0,1,1,0,-1,-1,-1,4,1,520,513,991
94,8,8,497,497,0,24,24,529,529,0,0.0002723033459273631,0.0002723033459273631,614,614,0,-1,4,4,6,2,498,425,565
95,28,129,782,949,167,12,12,588,588,0,0.0005786446100956465,0.0005786446100956465,728,728,0,8,4,4,2,13,598,217,765
96,100,100,916,916,0,100,100,984,984,0,0.03012355764321454,0.030191633479696382,996,996,0,5,1,1,5,10,435,405,829
97,0,616,1,991,990,0,50,1,586,585,0.0,0.002212464685659825,1,894,893,2,-1,3,10,0,310,900,243
98,2,2,354,354,0,14,14,387,387,0,0.0,0.0,1,1,0,-1,5,5,9,1,395,265,538
99,18,1658,673,1000,327,22,56,594,903,309,0.0002382654276864427,0.020524864699274992,599,994,395,1,4,2,5,3,720,301,658
100,9,111,627,950,323,8,8,540,540,0,0.00013615167296368154,0.0017018959120460194,530,883,353,4,4,4,2,3,469,353,8
101,52,154,777,921,144,108,108,748,748,0,0.0007488342013002485,0.0009530617107457708,757,790,33,4,3,3,13,9,165,343,528
102,0,0,1,1,0,0,0,1,1,0,0.0,0.0,1,1,0,-1,-1,-1,5,0,284,446,909
103,22,638,684,996,312,34,34,722,722,0,0.0009190237925048504,0.0025188059498281084,799,908,109,2,3,3,4,4,516,143,148
104,102,102,906,906,0,60,60,861,861,0,0.0019061234214915416,0.0019061234214915416,880,880,0,-1,3,3,5,17,377,96,684
105,22,124,601,882,281,88,88,590,590,0,0.0002042275094455223,0.000442492937131965,557,682,125,4,4,4,18,5,69,362,365
106,28,234,777,974,197,26,26,679,679,0,0.0007147962830593281,0.002552843868069029,767,915,148,3,4,4,5,8,685,386,13
107,28,234,791,979,188,26,30,796,811,15,0.0004765308553728854,0.002723033459273631,707,914,207,3,3,3,4,4,794,220,141
108,12,114,628,938,310,10,10,504,504,0,0.0002723033459273631,0.0007147962830593281,619,760,141,4,4,4,3,6,745,275,295
109,0,206,1,971,970,0,22,1,622,621,0.0,0.003165526396405596,1,931,930,3,-1,4,5,0,685,961,126
110,6,108,461,932,471,8,8,427,427,0,0.0002723033459273631,0.0004084550188910446,617,678,61,4,5,5,4,6,563,447,697
111,6,6,460,460,0,18,18,613,613,0,0.00010211375472276115,0.00010211375472276115,495,495,0,-1,4,4,3,1,651,474,792
112,40,40,701,701,0,98,98,602,602,0,0.00017018959120460194,0.00017018959120460194,542,542,0,-1,3,3,19,6,48,435,349
113,23,23,670,670,0,48,48,619,619,0,0.0005105687736138058,0.0005105687736138058,704,704,0,-1,4,4,10,9,243,212,564
114,0,102,1,902,901,0,10,1,369,368,0.0,0.0,1,1,0,4,-1,5,8,0,371,824,419
115,0,0,1,1,0,0,0,1,1,0,0.0,0.0,1,1,0,-1,-1,-1,5,0,724,943,863
116,16,16,612,612,0,38,38,705,705,0,0.00030634126416828345,0.00030634126416828345,630,630,0,-1,3,3,6,1,606,655,808
117,26,127,738,943,205,32,32,749,749,0,0.0005105687736138058,0.0006467204465774873,714,751,37,5,3,3,5,6,795,467,384
118,4,106,471,954,483,6,6,444,444,0,0.0,0.00013615167296368154,1,527,526,4,5,5,3,2,584,602,354
119,0,0,1,1,0,0,0,1,1,0,0.0,0.0,1,1,0,-1,-1,-1,2,0,779,614,985
120,2,2,389,389,0,3,3,397,397,0,0.0002042275094455223,0.0002042275094455223,591,591,0,-1,5,5,2,2,933,357,917
121,0,102,1,936,935,0,4,1,364,363,0.0,3.4037918240920386e-05,1,397,396,4,-1,5,3,0,676,876,301
122,2,104,395,962,567,3,3,404,404,0,3.4037918240920386e-05,0.0005446066918547262,403,729,326,4,5,5,2,2,481,342,264
123,1,103,333,939,606,3,4,333,367,34,0.0,3.4037918240920386e-05,1,404,403,4,6,5,3,2,756,331,534
124,78,284,915,984,69,22,22,825,825,0,0.0018380475850097008,0.003267640151128357,889,931,42,3,3,3,2,16,817,78,63
125,0,102,1,907,906,0,8,1,403,402,0.0,0.0002382654276864427,1,593,592,4,-1,5,4,0,500,883,134
126,32,32,732,732,0,64,64,743,743,0,0.0007488342013002485,0.0007488342013002485,763,763,0,-1,3,3,9,9,190,145,844
127,100,100,919,919,0,100,100,997,997,0,0.05473297253139998,0.05582218591510943,1000,1000,0,2,1,1,3,48,621,56,266
128,0,102,1,961,960,0,5,1,428,427,0.0,0.00037441710065012424,1,664,663,4,-1,5,3,0,730,846,470
129,17,17,701,701,0,12,12,608,608,0,0.001055175465468532,0.001055175465468532,820,820,0,-1,4,4,2,6,924,114,684
130,39,140,832,962,130,12,12,640,640,0,0.0009190237925048504,0.0009190237925048504,798,798,0,5,4,4,2,10,816,405,679
131,0,102,1,958,957,0,4,1,435,434,0.0,0.00010211375472276115,1,483,482,4,-1,5,2,0,751,823,553
132,24,24,699,699,0,30,30,658,658,0,0.0005786446100956465,0.0005786446100956465,719,719,0,-1,4,4,5,7,605,150,744
133,0,0,1,1,0,0,0,1,1,0,0.0,0.0,1,1,0,-1,-1,-1,8,0,350,945,779
134,0,616,1,990,989,0,100,1,684,683,0.0,0.0030974505599237552,1,919,918,2,-1,3,15,0,65,990,25
135,0,102,1,930,929,0,8,1,426,425,0.0,0.0002382654276864427,1,575,574,4,-1,5,4,0,562,978,541
136,0,206,1,967,966,0,11,1,418,417,0.0,0.00030634126416828345,1,623,622,3,-1,4,6,0,575,571,164
137,22,124,763,962,199,8,8,512,512,0,0.00037441710065012424,0.0005105687736138058,672,713,41,4,4,4,2,9,910,240,230
138,160,1800,929,1000,71,150,204,927,972,45,0.003437829742332959,0.024166921951053473,932,997,65,1,2,2,11,17,66,45,2
139,0,101,1,911,910,0,4,1,331,330,0.0,3.4037918240920386e-05,1,402,401,5,-1,6,4,0,917,548,523
140,0,0,1,1,0,0,0,1,1,0,0.0,0.0,1,1,0,-1,-1,-1,4,1,493,539,934
141,36,242,697,954,257,96,100,627,645,18,0.0005446066918547262,0.0006467204465774873,709,729,20,3,3,3,17,6,6,4,552
142,0,206,1,950,949,0,23,1,421,420,0.0,0.0002042275094455223,1,566,565,3,-1,4,11,0,155,888,266
143,0,102,1,958,957,0,3,1,396,395,0.0,6.807583648184077e-05,1,450,449,4,-1,5,2,0,751,919,263
144,44,146,855,965,110,22,22,820,820,0,0.001599782157323258,0.0018040096667687805,872,881,9,4,3,3,2,7,977,630,389
145,0,102,1,965,964,0,4,1,470,469,0.0,0.0005786446100956465,1,755,754,4,-1,5,2,0,873,801,327
146,0,206,1,964,963,0,13,1,430,429,0.0,0.0002382654276864427,1,583,582,3,-1,4,5,0,506,991,346
147,18,618,650,998,348,34,34,752,752,0,0.0004765308553728854,0.0068075836481840775,698,974,276,2,3,3,4,3,762,525,30
148,16,222,491,944,453,92,108,570,631,61,0.0002042275094455223,0.0011913271384322134,559,825,266,3,3,3,19,1,19,797,122
149,16,16,624,624,0,42,42,810,810,0,0.0004084550188910446,0.0004084550188910446,671,671,0,-1,3,3,5,1,724,667,738
150,0,0,1,1,0,0,0,1,1,0,0.0,0.0,1,1,0,-1,-1,-1,6,1,624,650,644
151,12,218,507,948,441,64,64,562,562,0,0.00017018959120460194,0.00037441710065012424,533,652,119,3,4,4,14,3,332,505,556
152,22,22,661,661,0,37,37,585,585,0,0.00010211375472276115,0.00010211375472276115,487,487,0,-1,3,3,8,2,223,576,643
153,32,32,653,653,0,130,130,692,692,0,0.0002723033459273631,0.0002723033459273631,608,608,0,-1,3,3,19,2,14,628,882
154,9,110,545,912,367,12,12,444,444,0,6.807583648184077e-05,6.807583648184077e-05,448,448,0,5,4,4,5,4,599,581,449
155,0,206,1,958,957,0,42,1,651,650,0.0,0.0031314884781646754,1,931,930,3,-1,4,7,0,374,838,102
156,0,206,1,949,948,0,20,1,384,383,0.0,0.00017018959120460194,1,533,532,3,-1,4,12,1,184,789,599
157,38,140,755,929,174,78,78,819,819,0,0.0006126825283365669,0.00088498587426393,733,778,45,4,3,3,8,3,131,173,379
158,24,230,750,976,226,8,12,481,603,122,0.000442492937131965,0.001055175465468532,697,830,133,3,4,4,2,11,589,316,172
159,102,102,917,917,0,44,44,867,867,0,0.002280540522141666,0.002280540522141666,902,902,0,-1,3,3,4,19,513,59,433
160,30,132,799,956,157,12,12,651,651,0,0.0007488342013002485,0.001055175465468532,776,825,49,4,4,4,2,9,881,414,677
161,21,122,712,940,228,18,18,631,631,0,0.0008169100377820892,0.0008509479560230097,775,779,4,5,4,4,3,6,923,471,442
162,837,1043,1000,1000,0,120,120,987,987,0,0.02028659927158855,0.020695054290479593,992,992,0,3,2,2,6,157,465,2,208
163,33,135,794,950,156,38,38,881,881,0,0.001599782157323258,0.0018040096667687805,871,886,15,4,3,3,3,3,864,438,134
164,10,112,506,890,384,36,36,444,444,0,0.0,0.00017018959120460194,1,538,537,4,4,4,14,3,144,526,230
165,0,0,1,1,0,0,0,1,1,0,0.0,0.0,1,1,0,-1,-1,-1,4,0,493,918,511
166,0,102,1,921,920,0,7,1,412,411,0.0,6.807583648184077e-05,1,444,443,4,-1,5,4,3,787,348,384
167,46,252,735,955,220,186,186,806,806,0,0.0009870996289866913,0.0012934408931549745,806,834,28,3,2,2,21,3,3,610,240
168,0,0,1,1,0,0,0,1,1,0,0.0,0.0,1,1,0,-1,-1,-1,2,0,980,832,949
169,8,214,532,972,440,28,28,607,607,0,0.00013615167296368154,0.0006126825283365669,512,726,214,3,4,4,6,2,664,323,418
170,50,50,818,818,0,82,82,861,861,0,0.0007147962830593281,0.0007147962830593281,762,762,0,-1,3,3,7,7,320,389,650
171,24,24,657,657,0,36,36,543,543,0,0.00017018959120460194,0.00017018959120460194,547,547,0,-1,4,4,10,9,527,191,629
172,37,139,776,937,161,46,46,746,746,0,0.0005105687736138058,0.0011913271384322134,703,827,124,4,3,3,6,8,353,90,216
173,36,138,833,964,131,28,28,839,839,0,0.0008169100377820892,0.0008169100377820892,784,784,0,4,3,3,3,11,902,249,364
174,0,102,1,960,959,0,4,1,464,463,0.0,0.0006126825283365669,1,749,748,4,-1,5,2,0,950,614,272
175,0,102,1,908,907,0,11,1,402,401,0.0,0.0002723033459273631,1,608,607,4,-1,5,6,0,489,943,178
176,6,212,430,969,539,22,22,544,544,0,0.00013615167296368154,0.0002382654276864427,513,600,87,3,4,4,5,1,392,689,494
177,156,156,931,931,0,124,124,920,920,0,0.002995336805200994,0.002995336805200994,919,919,0,-1,2,2,10,17,259,45,738
178,0,206,1,939,938,0,55,1,395,394,0.0,0.00010211375472276115,1,479,478,3,-1,4,30,0,7,707,450
179,56,157,865,963,98,34,34,840,840,0,0.0014295925661186562,0.0014295925661186562,854,854,0,5,3,3,4,13,811,335,558
180,28,644,742,998,256,30,40,674,762,88,0.0011913271384322134,0.0031314884781646754,832,928,96,2,4,3,5,6,724,397,245
181,19,225,697,976,279,26,26,742,742,0,0.000442492937131965,0.001055175465468532,680,817,137,3,3,3,4,5,648,619,289
182,25,127,849,979,130,12,12,833,833,0,0.0010211375472276116,0.0012594029749140542,827,854,27,4,4,4,2,12,920,155,414
183,0,101,1,944,943,0,2,1,331,330,0.0,3.4037918240920386e-05,1,408,407,5,-1,6,2,0,986,940,319
184,20,636,646,994,348,36,50,671,777,106,0.0002723033459273631,0.0014295925661186562,607,841,234,2,3,3,5,5,546,722,82
185,86,292,895,982,87,46,46,797,797,0,0.0016678579938050988,0.003812246842983083,863,941,78,3,3,3,6,21,494,157,94
186,0,1640,1,1000,999,0,106,1,735,734,0.0,0.009632730862180468,1,972,971,1,-1,2,14,0,122,520,135
187,9,215,524,959,435,24,35,464,537,73,0.00010211375472276115,0.0007147962830593281,476,757,281,3,4,4,10,3,243,572,240
188,2,208,369,976,607,5,9,412,494,82,0.00013615167296368154,0.000442492937131965,531,699,168,3,5,4,3,1,899,370,259
189,134,134,957,957,0,38,38,909,909,0,0.003608019333537561,0.003608019333537561,934,934,0,-1,3,3,3,30,710,75,725
190,42,248,805,975,170,34,34,731,731,0,0.0004084550188910446,0.0010211375472276116,683,818,135,3,3,3,4,11,759,52,387
191,26,128,773,956,183,14,14,626,626,0,0.0008509479560230097,0.001497668402600497,787,856,69,4,4,4,3,5,785,418,67
192,108,724,910,997,87,66,66,823,823,0,0.0022465026039007454,0.003437829742332959,900,936,36,2,3,3,6,19,624,184,257
193,0,206,1,949,948,0,26,1,448,447,0.0,0.0007828721195411688,1,761,760,3,-1,4,9,1,100,814,269
194,31,133,663,893,230,75,76,577,581,4,0.00017018959120460194,0.0002042275094455223,524,547,23,4,3,3,16,5,132,274,567
195,0,102,1,913,912,0,6,1,357,356,0.0,0.00010211375472276115,1,489,488,4,-1,5,5,0,247,488,550
196,0,0,1,1,0,0,0,1,1,0,0.0,0.0,1,1,0,-1,-1,-1,4,0,759,936,834
197,12,12,464,464,0,51,51,441,441,0,0.00013615167296368154,0.00013615167296368154,516,516,0,-1,4,4,19,3,31,646,783
198,365,571,980,990,10,182,182,985,985,0,0.010755982164130842,0.010960209673576363,980,981,1,3,2,2,9,54,123,28,697
199,14,116,620,939,319,18,18,646,646,0,0.0004084550188910446,0.0005105687736138058,677,716,39,4,4,4,3,3,626,507,704
200,22,228,580,951,371,100,100,593,593,0,0.0004765308553728854,0.0006126825283365669,686,717,31,3,3,3,19,2,46,697,380
201,6,212,388,944,556,33,50,402,478,76,0.00013615167296368154,0.0007488342013002485,512,756,244,3,4,4,17,1,210,606,294
202,0,0,1,1,0,0,0,1,1,0,0.0,0.0,1,1,0,-1,-1,-1,2,0,734,740,456
203,106,208,885,949,64,122,122,831,831,0,0.001497668402600497,0.0015317063208414173,849,852,3,4,3,3,12,18,175,148,566
204,163,265,951,974,23,100,100,968,968,0,0.0042547397801150485,0.004356853534837809,940,940,0,4,2,2,6,24,582,119,500
205,24,230,624,955,331,100,100,734,734,0,0.0002042275094455223,0.001157289220191293,555,813,258,3,3,3,13,3,92,222,387
206,0,101,1,936,935,0,2,1,331,330,0.0,3.4037918240920386e-05,1,405,404,5,-1,6,2,0,948,823,22
207,22,1662,611,1000,389,98,132,753,865,112,0.0004084550188910446,0.009088124170325743,666,973,307,1,3,2,13,2,91,101,243
208,0,206,1,967,966,0,10,1,431,430,0.0,0.00013615167296368154,1,520,519,3,-1,4,5,0,464,388,659
209,0,0,1,1,0,0,0,1,1,0,0.0,0.0,1,1,0,-1,-1,-1,9,0,213,960,990
210,16,16,629,629,0,24,24,640,640,0,0.0004765308553728854,0.0004765308553728854,701,701,0,-1,3,3,5,2,533,648,867
211,28,130,686,923,237,52,52,650,650,0,0.0002382654276864427,0.0002723033459273631,585,601,16,4,3,3,9,6,249,247,576
212,6,6,444,444,0,9,9,453,453,0,0.00010211375472276115,0.00010211375472276115,501,501,0,-1,4,4,3,2,620,560,725
213,158,364,967,992,25,72,72,984,984,0,0.007113924912352361,0.008101024541339052,971,975,4,3,2,2,3,24,530,13,84
214,48,150,826,953,127,34,34,769,769,0,0.0012934408931549745,0.0013615167296368155,843,852,9,4,3,3,4,14,921,190,807
215,0,101,1,935,934,0,2,1,331,330,0.0,0.00013615167296368154,1,523,522,5,-1,6,2,0,993,851,527
216,100,100,915,915,0,100,100,991,991,0,0.037543823819735186,0.03938187140474489,997,997,0,2,1,1,4,3,313,93,143
217,0,616,1,989,988,0,71,1,574,573,0.0,0.0013615167296368155,1,834,833,2,-1,3,14,1,133,792,120
218,20,636,735,1000,265,18,18,809,809,0,0.00030634126416828345,0.007182000748834201,659,977,318,2,3,3,2,3,283,301,6
219,71,172,854,957,103,76,76,933,933,0,0.0018720855032506212,0.0019061234214915416,868,868,0,5,2,2,6,9,446,277,238
220,1,1,332,332,0,4,4,332,332,0,0.0,0.0,1,1,0,-1,6,6,4,1,822,402,830
221,18,634,634,996,362,72,72,854,854,0,0.0006807583648184077,0.0014295925661186562,742,846,104,2,3,3,7,3,207,525,93
222,0,101,1,930,929,0,3,1,329,328,0.0,3.4037918240920386e-05,1,405,404,5,-1,6,3,0,882,941,690
223,0,0,1,1,0,0,0,1,1,0,0.0,0.0,1,1,0,-1,-1,-1,6,0,369,974,620
224,0,102,1,946,945,0,5,1,414,413,0.0,0.0002723033459273631,1,626,625,4,-1,5,3,0,796,773,505
225,12,218,534,960,426,72,72,664,664,0,0.0002382654276864427,0.0007828721195411688,585,767,182,3,4,4,12,6,106,107,245
226,1158,1260,1000,1000,0,216,216,992,992,0,0.02209060893835733,0.022226760611321013,996,996,0,4,2,2,9,157,269,2,958
227,33,1673,762,1000,238,44,68,839,954,115,0.0006467204465774873,0.023724429013921508,746,995,249,1,3,2,4,5,623,619,28
228,0,0,1,1,0,0,0,1,1,0,0.0,0.0,1,1,0,-1,-1,-1,5,0,392,429,583
229,6,212,405,961,556,14,20,406,454,48,6.807583648184077e-05,0.0002723033459273631,447,609,162,3,4,4,7,2,246,615,233
230,0,101,1,897,896,0,7,1,329,328,0.0,0.0,1,1,0,5,-1,6,7,0,413,952,401
231,32,238,767,974,207,24,24,647,647,0,0.0006467204465774873,0.0033357159876101976,758,935,177,3,4,4,4,6,444,658,50
232,34,34,756,756,0,52,52,733,733,0,0.0005446066918547262,0.0005446066918547262,711,711,0,-1,3,3,7,5,658,178,716
233,73,73,917,917,0,18,18,714,714,0,0.0018040096667687805,0.0018040096667687805,886,886,0,-1,4,4,3,27,707,61,738
234,12,114,614,937,323,8,8,497,497,0,6.807583648184077e-05,0.00017018959120460194,448,551,103,4,4,4,2,2,750,468,290
235,24,230,639,953,314,146,150,784,795,11,0.0009530617107457708,0.0029612988869600733,789,929,140,3,3,3,18,3,34,103,203
236,2,103,377,945,568,3,3,378,378,0,0.0,3.4037918240920386e-05,1,404,403,5,5,5,2,1,960,734,509
237,6,212,382,949,567,20,52,377,526,149,0.00013615167296368154,0.0006807583648184077,513,751,238,3,5,4,12,4,239,398,137
238,4,620,401,995,594,12,42,403,651,248,0.00010211375472276115,0.0018380475850097008,488,875,387,2,5,3,6,5,378,464,630
239,6,6,433,433,0,10,10,431,431,0,0.00013615167296368154,0.00013615167296368154,519,519,0,-1,5,5,5,3,538,378,907
240,27,129,789,956,167,18,18,668,668,0,0.0008169100377820892,0.0010211375472276116,785,809,24,4,4,4,3,14,814,387,636
241,0,0,1,1,0,0,0,1,1,0,0.0,0.0,1,1,0,-1,-1,-1,2,0,942,372,912
242,0,102,1,874,873,0,15,1,349,348,0.0,0.0,1,1,0,4,-1,5,14,0,181,881,594
243,45,146,847,958,111,56,56,975,975,0,0.005105687736138058,0.0051397256543789785,959,959,0,5,2,2,2,4,689,312,781
244,6,6,385,385,0,39,39,425,425,0,0.00010211375472276115,0.00010211375472276115,460,460,0,-1,4,4,16,2,132,419,895
245,0,206,1,965,964,0,14,1,465,464,0.0,0.0005446066918547262,1,722,721,3,-1,4,5,0,311,569,240
246,0,102,1,942,941,0,4,1,410,409,0.0,0.000442492937131965,1,693,692,4,-1,5,2,0,937,959,159
247,51,51,874,874,0,46,46,970,970,0,0.003608019333537561,0.003608019333537561,936,936,0,-1,2,2,2,7,929,224,952
248,0,0,1,1,0,0,0,1,1,0,0.0,0.0,1,1,0,-1,-1,-1,5,0,392,957,608
249,24,640,616,991,375,92,102,581,641,60,0.0004765308553728854,0.0012594029749140542,684,818,134,2,3,3,19,4,38,479,390
250,53,155,826,943,117,68,68,849,849,0,0.002382654276864427,0.0025188059498281084,902,907,5,4,2,2,7,5,658,487,505
251,116,322,916,979,63,78,78,864,864,0,0.0020082371762143027,0.0026209197045508697,882,908,26,3,3,3,8,16,431,78,243
252,32,238,735,971,236,40,40,698,698,0,0.0008169100377820892,0.0010892133837094523,782,820,38,3,3,3,5,6,349,192,328
253,201,201,964,964,0,130,130,976,976,0,0.006501242384015794,0.006501242384015794,968,968,0,-1,2,2,7,31,658,102,760
254,0,0,1,1,0,0,0,1,1,0,0.0,0.0,1,1,0,-1,-1,-1,3,0,785,934,400
255,0,616,1,989,988,0,76,1,514,513,0.0,0.0007828721195411688,1,763,762,2,-1,3,19,0,31,228,338
256,0,206,1,964,963,0,24,1,536,535,0.0,0.0008169100377820892,1,778,777,3,-1,4,6,0,549,702,137
257,0,0,1,1,0,0,0,1,1,0,0.0,0.0,1,1,0,-1,-1,-1,3,0,855,871,709
258,408,509,986,992,6,126,126,970,970,0,0.008747744987916539,0.008747744987916539,979,979,0,5,2,2,7,69,714,12,885
259,2,208,351,958,607,19,24,395,430,35,3.4037918240920386e-05,0.00037441710065012424,391,654,263,3,5,4,11,1,248,537,391
260,0,616,1,999,998,0,28,1,848,847,0.0,0.00704584907587052,1,964,963,2,-1,3,3,0,569,979,111
261,0,0,1,1,0,0,0,1,1,0,0.0,0.0,1,1,0,-1,-1,-1,5,0,534,838,867
262,21,21,837,837,0,8,8,687,687,0,0.00037441710065012424,0.00037441710065012424,671,671,0,-1,4,4,2,10,956,262,772
263,182,284,937,970,33,166,166,935,935,0,0.004050512270669526,0.004288777698355968,942,944,2,4,2,2,12,20,44,95,406
264,2,2,355,355,0,9,9,379,379,0,0.0,0.0,1,1,0,-1,5,5,6,1,353,265,808
265,0,102,1,940,939,0,4,1,413,412,0.0,0.00010211375472276115,1,492,491,4,-1,5,2,0,820,886,508
266,26,26,710,710,0,33,33,595,595,0,0.00017018959120460194,0.00017018959120460194,541,541,0,-1,3,3,8,4,371,164,920
267,197,403,953,985,32,86,86,894,894,0,0.003948398515946765,0.004561081044283332,946,953,7,3,3,3,6,24,157,8,461
268,2,2,364,364,0,5,5,365,365,0,0.0,0.0,1,1,0,-1,5,5,4,1,458,743,976
269,0,0,1,1,0,0,0,1,1,0,0.0,0.0,1,1,0,-1,-1,-1,16,0,60,892,831
270,657,759,993,997,4,172,172,978,978,0,0.013138636440995268,0.01320671227747711,986,986,0,4,2,2,9,85,274,0,627
271,3,619,411,996,585,10,24,411,595,184,3.4037918240920386e-05,0.0020082371762143027,401,881,480,2,5,3,5,5,701,225,237
272,61,61,851,851,0,24,24,599,599,0,0.0011913271384322134,0.0011913271384322134,830,830,0,-1,4,4,4,18,385,147,927
273,6,212,503,984,481,7,8,528,554,26,0.00017018959120460194,0.0029612988869600733,561,926,365,3,4,4,2,1,806,840,50
274,15,116,654,939,285,22,22,629,629,0,0.0005786446100956465,0.0006126825283365669,728,738,10,5,4,4,5,5,629,591,748
275,0,206,1,957,956,0,17,1,414,413,0.0,0.00037441710065012424,1,667,666,3,-1,4,8,0,142,801,93
276,0,0,1,1,0,0,0,1,1,0,0.0,0.0,1,1,0,-1,-1,-1,5,0,574,483,784
277,11,112,680,965,285,8,8,592,592,0,0.00037441710065012424,0.0005446066918547262,681,730,49,5,4,4,2,4,997,86,266
278,283,283,976,976,0,140,140,988,988,0,0.007726607440688927,0.007726607440688927,974,974,0,-1,2,2,7,31,329,76,778
279,24,24,677,677,0,54,54,712,712,0,0.0002042275094455223,0.0002042275094455223,561,561,0,-1,3,3,8,3,201,280,660
280,54,54,766,766,0,158,158,826,826,0,0.0012934408931549745,0.0012934408931549745,829,829,0,-1,2,2,17,6,23,490,901
281,2,208,357,970,613,7,14,382,472,90,0.0,0.00030634126416828345,1,637,636,3,5,4,5,1,452,606,720
282,0,206,1,962,961,0,30,1,557,556,0.0,0.00030634126416828345,1,620,619,3,-1,4,7,0,264,967,101
283,2,2,362,362,0,5,5,363,363,0,0.0,0.0,1,1,0,-1,5,5,4,1,649,402,900
284,0,0,1,1,0,0,0,1,1,0,0.0,0.0,1,1,0,-1,-1,-1,6,1,594,789,330
285,16,222,498,952,454,130,130,678,678,0,0.00010211375472276115,0.0007147962830593281,481,750,269,3,3,3,21,2,1,493,240
286,0,0,1,1,0,0,0,1,1,0,0.0,0.0,1,1,0,-1,-1,-1,3,0,729,959,733
287,19,225,603,955,352,54,58,531,551,20,0.0004084550188910446,0.0004765308553728854,670,690,20,3,4,4,13,6,120,459,634
288,4,4,420,420,0,13,13,412,412,0,6.807583648184077e-05,6.807583648184077e-05,452,452,0,-1,5,5,7,2,336,547,359
289,0,206,1,947,946,0,60,1,507,506,0.0,0.001599782157323258,1,865,864,3,-1,4,16,0,59,966,157
290,171,787,948,998,50,112,122,952,965,13,0.003812246842983083,0.01324075019571803,940,985,45,2,2,2,8,27,595,69,18
291,40,656,730,994,264,56,81,569,705,136,0.0009190237925048504,0.0017359338302869397,779,863,84,2,2,2,13,1,113,402,266
292,0,0,1,1,0,0,0,1,1,0,0.0,0.0,1,1,0,-1,-1,-1,16,0,151,372,910
293,1,1,333,333,0,10,10,333,333,0,0.0,0.0,1,1,0,-1,6,6,10,3,258,626,954
294,34,650,779,998,219,44,54,838,898,60,0.0017359338302869397,0.0036760951700194017,875,940,65,2,3,3,4,4,675,281,227
295,6,212,433,966,533,18,26,487,591,104,0.0,0.0014295925661186562,1,846,845,3,4,4,5,2,501,419,100
296,73,73,860,860,0,96,96,955,955,0,0.0028591851322373124,0.0028591851322373124,917,917,0,-1,2,2,6,11,266,193,882
297,1,103,333,894,561,9,10,333,354,21,0.0,6.807583648184077e-05,1,449,448,4,6,5,9,3,289,748,710
298,0,0,1,1,0,0,0,1,1,0,0.0,0.0,1,1,0,-1,-1,-1,14,0,79,919,757
299,12,114,590,934,344,8,8,528,528,0,0.00010211375472276115,0.0005105687736138058,485,725,240,4,4,4,2,4,932,346,194
300,2,2,370,370,0,4,4,371,371,0,0.0,0.0,1,1,0,-1,5,5,3,2,670,320,738
301,5,5,484,484,0,4,4,403,403,0,0.00013615167296368154,0.00013615167296368154,536,536,0,-1,5,5,2,4,924,567,649
302,0,101,1,916,915,0,4,1,332,331,0.0,0.0,1,1,0,5,-1,6,4,0,558,571,597
303,0,0,1,1,0,0,0,1,1,0,0.0,0.0,1,1,0,-1,-1,-1,2,0,705,205,945
304,6,212,407,958,551,18,26,419,482,63,0.0,0.0002723033459273631,1,615,614,3,4,4,9,1,126,558,470
305,336,542,976,991,15,180,180,967,967,0,0.006501242384015794,0.007454304094761564,966,969,3,3,2,2,11,49,220,31,45
306,1,617,333,994,661,8,34,333,542,209,0.0,0.001157289220191293,1,820,819,2,7,3,8,2,218,344,137
307,2,2,353,353,0,16,16,380,380,0,0.0,0.0,1,1,0,-1,5,5,11,1,379,771,914
308,7,213,477,954,477,25,58,398,560,162,0.0,0.0017018959120460194,1,862,861,3,4,4,15,2,110,694,73
309,34,240,802,975,173,28,28,772,772,0,0.0006807583648184077,0.0012253650566731338,753,835,82,3,3,3,3,8,592,250,246
310,8,109,593,951,358,8,8,551,551,0,0.0005446066918547262,0.0007147962830593281,730,766,36,5,4,4,2,2,940,465,262
311,2,208,364,971,607,6,11,366,465,99,6.807583648184077e-05,0.0002382654276864427,452,591,139,3,5,4,5,1,601,771,342
312,0,102,1,907,906,0,6,1,374,373,0.0,0.00013615167296368154,1,514,513,4,-1,5,4,0,500,844,378
313,93,299,847,967,120,138,138,775,775,0,0.0012594029749140542,0.0016338200755641784,820,850,30,3,2,2,17,10,94,366,461
314,9,111,623,962,339,8,8,564,564,0,0.0002382654276864427,0.0014295925661186562,605,854,249,4,4,4,2,4,890,450,96
315,408,614,989,996,7,64,64,943,943,0,0.010109261717553355,0.011845195547840293,985,989,4,3,3,3,4,78,822,9,36
316,0,102,1,947,946,0,3,1,372,371,0.0,0.00010211375472276115,1,478,477,4,-1,5,2,0,841,845,810
317,228,1868,950,1000,50,262,296,977,988,11,0.0034718676605738795,0.016882807447496512,933,990,57,1,2,2,15,15,49,153,1
318,181,387,941,980,39,136,136,899,899,0,0.002927260968719153,0.0031314884781646754,922,931,9,3,2,2,12,23,212,117,268
319,0,616,1,989,988,0,190,1,846,845,0.0,0.010075223799312433,1,981,980,2,-1,3,20,0,70,816,11
320,0,0,1,1,0,0,0,1,1,0,0.0,0.0,1,1,0,-1,-1,-1,13,0,67,926,433
321,103,719,915,997,82,84,84,952,952,0,0.002382654276864427,0.008679669151434699,905,979,74,2,2,2,5,15,555,53,24
322,2,208,356,971,615,7,36,356,697,341,0.0,0.004322815616596889,1,951,950,3,5,4,6,1,515,893,21
323,10,10,588,588,0,18,18,663,663,0,0.00013615167296368154,0.00013615167296368154,512,512,0,-1,4,4,3,4,912,557,836
324,0,0,1,1,0,0,0,1,1,0,0.0,0.0,1,1,0,-1,-1,-1,4,0,509,798,674
325,2,2,360,360,0,5,5,382,382,0,6.807583648184077e-05,6.807583648184077e-05,453,453,0,-1,5,5,3,1,743,558,910
326,6,6,448,448,0,12,12,444,444,0,6.807583648184077e-05,6.807583648184077e-05,452,452,0,-1,5,5,6,3,494,596,801
327,0,0,1,1,0,0,0,1,1,0,0.0,0.0,1,1,0,-1,-1,-1,5,0,604,768,775
328,15,221,628,974,346,19,20,535,547,12,0.00010211375472276115,0.001055175465468532,488,815,327,3,4,4,6,4,486,380,113
329,0,101,1,942,941,0,2,1,330,329,0.0,0.0,1,1,0,5,-1,6,2,0,919,916,238
330,67,273,856,973,117,50,50,794,794,0,0.0009870996289866913,0.0013615167296368155,810,843,33,3,3,3,5,14,818,387,195
331,0,206,1,967,966,0,14,1,522,521,0.0,0.0010892133837094523,1,819,818,3,-1,4,3,0,927,938,82
332,0,206,1,951,950,0,35,1,457,456,0.0,0.00017018959120460194,1,533,532,3,-1,4,13,0,160,564,432
333,45,45,820,820,0,32,32,705,705,0,0.00030634126416828345,0.00030634126416828345,634,634,0,-1,3,3,5,11,669,162,673
334,6,212,398,953,555,27,31,442,476,34,0.0,0.00013615167296368154,1,509,508,3,4,4,10,1,206,555,593
335,0,102,1,911,910,0,6,1,361,360,0.0,0.0,1,1,0,4,-1,5,5,0,724,638,598
336,93,195,959,985,26,18,18,781,781,0,0.0027911092957554717,0.003982436434187685,932,950,18,4,4,4,3,30,853,75,352
337,2,104,384,951,567,4,4,420,420,0,0.0002723033459273631,0.0005786446100956465,630,737,107,4,5,5,2,1,686,759,414
338,64,270,793,960,167,174,174,781,781,0,0.0007147962830593281,0.0009530617107457708,754,800,46,3,3,3,21,6,3,377,891
339,74,175,907,972,65,22,22,820,820,0,0.0026209197045508697,0.0026549576227917903,919,921,2,6,3,3,2,21,977,123,893
340,0,0,1,1,0,0,0,1,1,0,0.0,0.0,1,1,0,-1,-1,-1,3,0,672,786,883
341,0,0,1,1,0,0,0,1,1,0,0.0,0.0,1,1,0,-1,-1,-1,3,0,726,777,979
342,0,616,1,995,994,0,36,1,567,566,0.0,0.0017359338302869397,1,861,860,2,-1,3,9,2,190,462,68
343,6,108,417,903,486,16,16,433,433,0,0.00010211375472276115,0.000442492937131965,491,698,207,4,4,4,6,1,368,552,209
344,6,212,456,972,516,20,20,583,583,0,0.00017018959120460194,0.0002382654276864427,538,592,54,3,4,4,4,1,650,666,458
345,4,106,483,955,472,4,4,428,428,0,0.00017018959120460194,0.0004084550188910446,556,667,111,4,5,5,2,4,946,319,473
346,34,240,728,962,234,64,64,719,719,0,0.0007147962830593281,0.001497668402600497,749,851,102,3,3,3,9,8,276,264,387
347,34,240,762,970,208,38,38,670,670,0,0.0004765308553728854,0.0017018959120460194,708,860,152,3,4,4,7,9,722,154,183
348,6,6,400,400,0,19,19,388,388,0,3.4037918240920386e-05,3.4037918240920386e-05,400,400,0,-1,5,5,11,4,229,398,962
349,0,101,1,910,909,0,5,1,330,329,0.0,0.0,1,1,0,8,-1,9,5,0,667,860,647
350,0,102,1,952,951,0,3,1,390,389,0.0,0.00017018959120460194,1,567,566,4,-1,5,2,0,994,919,259
351,16,16,703,703,0,22,22,820,820,0,0.0002382654276864427,0.0002382654276864427,605,605,0,-1,3,3,2,1,928,681,669
352,14,220,564,961,397,35,36,532,532,0,0.00010211375472276115,0.001157289220191293,492,822,330,3,4,4,8,4,186,625,60
353,111,111,904,904,0,78,78,801,801,0,0.0019061234214915416,0.0019061234214915416,886,886,0,-1,3,3,8,22,231,203,868
354,12,12,483,483,0,40,40,450,450,0,0.0,0.0,1,1,0,-1,4,4,14,2,203,576,780
355,0,101,1,868,867,0,20,1,332,331,0.0,0.0,1,1,0,5,-1,6,20,0,61,433,540
356,88,294,886,977,91,50,50,855,855,0,0.0028932230504782326,0.0033016780693692774,922,932,10,3,3,3,5,18,284,55,192
357,154,255,955,976,21,60,60,870,870,0,0.00439089145307873,0.00439089145307873,954,954,0,6,3,3,5,24,407,8,656
358,12,114,521,893,372,58,58,580,580,0,0.0002382654276864427,0.0005105687736138058,581,705,124,4,4,4,13,2,113,584,424
359,9,215,652,989,337,8,8,638,638,0,0.0002042275094455223,0.0025188059498281084,591,920,329,3,4,4,2,3,933,653,105
360,0,206,1,969,968,0,12,1,464,463,0.0,0.0010892133837094523,1,827,826,3,-1,4,4,0,641,629,109
361,0,101,1,937,936,0,3,1,329,328,0.0,3.4037918240920386e-05,1,405,404,5,-1,6,3,0,871,754,878
362,16,118,679,952,273,14,14,651,651,0,0.00037441710065012424,0.0008509479560230097,670,784,114,4,4,4,3,6,674,424,224
363,156,258,964,983,19,62,62,975,975,0,0.006297014874570271,0.006501242384015794,968,969,1,4,2,2,3,31,530,102,510
364,6,107,533,963,430,8,8,581,581,0,0.0002042275094455223,0.0002723033459273631,569,615,46,5,4,4,2,1,985,404,22
365,0,102,1,913,912,0,9,1,394,393,0.0,0.0002042275094455223,1,563,562,4,-1,5,5,0,247,426,368
366,113,215,930,972,42,88,88,973,973,0,0.0035739814152966403,0.003608019333537561,939,942,3,4,2,2,4,12,445,58,690
367,0,206,1,969,968,0,16,1,495,494,0.0,0.0014636304843595766,1,854,853,3,-1,4,4,0,572,938,95
368,12,218,555,963,408,22,26,476,504,28,0.00013615167296368154,0.0007488342013002485,507,772,265,3,4,4,7,2,320,491,83
369,0,101,1,912,911,0,4,1,332,331,0.0,0.0,1,1,0,5,-1,6,4,0,759,483,748
370,371,472,984,989,5,86,86,936,936,0,0.009224275843289425,0.009224275843289425,978,978,0,8,3,3,6,59,518,6,857
371,24,125,752,953,201,20,20,781,781,0,0.0004084550188910446,0.0005105687736138058,681,713,32,5,3,3,3,3,674,173,196
372,0,101,1,974,973,0,2,1,330,329,0.0,0.00017018959120460194,1,558,557,5,-1,6,2,0,978,815,519
373,0,102,1,872,871,0,17,1,344,343,0.0,0.0,1,1,0,4,-1,5,16,1,134,685,582
374,2,104,350,896,546,11,13,350,371,21,0.0,0.0,1,1,0,4,5,5,10,1,527,590,627
375,0,0,1,1,0,0,0,1,1,0,0.0,0.0,1,1,0,-1,-1,-1,3,0,984,674,517
376,6,6,394,394,0,33,33,422,422,0,0.0,0.0,1,1,0,-1,4,4,14,1,154,743,445
377,0,0,1,1,0,0,0,1,1,0,0.0,0.0,1,1,0,-1,-1,-1,23,0,15,624,887
378,0,616,1,995,994,0,27,1,550,549,0.0,0.0005105687736138058,1,708,707,2,-1,3,7,0,362,638,101
379,6,108,382,876,494,53,53,432,432,0,0.0,0.0002042275094455223,1,547,546,4,4,4,22,3,22,466,646
380,64,680,850,998,148,40,50,769,849,80,0.002552843868069029,0.004629156880765172,910,947,37,2,3,3,5,10,457,296,106
381,46,46,831,831,0,30,30,755,755,0,0.0006807583648184077,0.0006807583648184077,758,758,0,-1,3,3,4,12,767,155,919
382,109,210,959,983,24,38,38,949,949,0,0.002586881786309949,0.0026209197045508697,917,919,2,6,3,3,3,28,875,44,320
383,42,42,756,756,0,70,70,648,648,0,0.0006126825283365669,0.0006126825283365669,727,727,0,-1,3,3,12,7,96,115,992
384,16,16,573,573,0,44,44,585,585,0,0.00010211375472276115,0.00010211375472276115,487,487,0,-1,3,3,9,1,217,718,574
385,2,2,368,368,0,3,3,369,369,0,3.4037918240920386e-05,3.4037918240920386e-05,394,394,0,-1,5,5,2,1,589,503,517
386,0,0,1,1,0,0,0,1,1,0,0.0,0.0,1,1,0,-1,-1,-1,2,0,931,457,952
387,36,36,800,800,0,34,34,790,790,0,0.0010211375472276116,0.0010211375472276116,800,800,0,-1,3,3,4,5,660,418,946
388,110,316,886,973,87,154,154,865,865,0,0.0021784267674189047,0.002314578440382586,888,896,8,3,3,3,14,15,198,151,454
389,16,16,550,550,0,92,92,706,706,0,0.00017018959120460194,0.00017018959120460194,538,538,0,-1,3,3,14,1,172,681,752
390,14,116,616,938,322,12,12,623,623,0,0.0005105687736138058,0.0007147962830593281,717,766,49,4,4,4,2,5,990,306,278
391,0,0,1,1,0,0,0,1,1,0,0.0,0.0,1,1,0,-1,-1,-1,8,0,325,794,445
392,2,104,398,970,572,3,4,409,451,42,0.0,0.0002042275094455223,1,586,585,4,5,5,2,1,782,506,165
393,0,0,1,1,0,0,0,1,1,0,0.0,0.0,1,1,0,-1,-1,-1,6,1,253,828,863
394,148,148,954,954,0,38,38,852,852,0,0.0030974505599237552,0.0030974505599237552,926,926,0,-1,3,3,3,34,554,89,963
395,15,117,653,946,293,12,12,582,582,0,0.0002042275094455223,0.0002382654276864427,564,593,29,4,4,4,2,6,643,435,762
396,8,214,521,969,448,16,24,478,556,78,3.4037918240920386e-05,0.0018040096667687805,392,863,471,3,4,4,6,2,575,584,98
397,56,262,840,971,131,58,58,767,767,0,0.0013955546478777359,0.0018380475850097008,852,877,25,3,3,3,8,9,318,277,516
398,0,0,1,1,0,0,0,1,1,0,0.0,0.0,1,1,0,-1,-1,-1,4,0,969,833,712
399,6,107,501,953,452,12,12,530,530,0,0.0002382654276864427,0.00037441710065012424,587,662,75,5,4,4,4,1,738,556,607
400,0,101,1,960,959,0,2,1,332,331,0.0,3.4037918240920386e-05,1,413,412,5,-1,6,2,0,788,330,580
401,379,481,980,986,6,132,132,960,960,0,0.006467204465774873,0.007182000748834201,965,968,3,4,2,2,8,61,260,14,219
402,2,2,382,382,0,3,3,385,385,0,3.4037918240920386e-05,3.4037918240920386e-05,416,416,0,-1,5,5,2,2,951,575,877
403,0,0,1,1,0,0,0,1,1,0,0.0,0.0,1,1,0,-1,-1,-1,2,0,813,965,821
404,41,41,812,812,0,76,76,924,924,0,0.0015657442390823377,0.0015657442390823377,854,854,0,-1,3,3,6,5,664,393,833
405,124,124,927,927,0,108,108,940,940,0,0.002927260968719153,0.002927260968719153,919,919,0,-1,2,2,8,15,158,206,356
406,6,212,400,951,551,34,42,426,464,38,0.0,0.00034037918240920387,1,637,636,3,4,4,15,2,102,575,115
407,0,0,1,1,0,0,0,1,1,0,0.0,0.0,1,1,0,-1,-1,-1,9,1,277,947,833
408,33,239,823,980,157,22,22,838,838,0,0.0009530617107457708,0.002552843868069029,812,917,105,3,3,3,2,11,988,162,15
409,38,244,755,962,207,48,48,677,677,0,0.00030634126416828345,0.0006126825283365669,621,732,111,3,3,3,7,8,447,286,198
410,0,0,1,1,0,0,0,1,1,0,0.0,0.0,1,1,0,-1,-1,-1,7,0,637,881,897
411,30,131,684,912,228,112,112,823,823,0,0.0013955546478777359,0.0014636304843595766,843,848,5,5,3,3,12,4,348,207,411
412,0,102,1,900,899,0,10,1,361,360,0.0,3.4037918240920386e-05,1,392,391,4,-1,5,8,0,270,372,676
413,12,12,513,513,0,34,34,532,532,0,0.00017018959120460194,0.00017018959120460194,543,543,0,-1,4,4,9,3,178,496,832
414,100,100,883,883,0,100,100,895,895,0,0.017427414139351238,0.017427414139351238,991,991,0,-1,1,1,8,9,223,391,726
415,16,222,536,953,417,76,80,621,638,17,0.00010211375472276115,0.0007828721195411688,480,760,280,3,3,3,15,1,102,689,54
416,16,16,553,553,0,58,58,657,657,0,0.00034037918240920387,0.00034037918240920387,643,643,0,-1,3,3,10,1,272,452,835
417,6,6,465,465,0,12,12,518,518,0,3.4037918240920386e-05,3.4037918240920386e-05,400,400,0,-1,4,4,4,1,603,762,914
418,40,246,802,975,173,45,60,837,893,56,0.006705469893461316,0.007318152421797883,968,971,3,3,2,2,5,3,662,676,169
419,0,101,1,954,953,0,4,1,329,328,0.0,3.4037918240920386e-05,1,403,402,5,-1,6,4,0,860,922,364
420,2,2,368,368,0,4,4,401,401,0,0.0,0.0,1,1,0,-1,5,5,2,1,653,558,930
421,88,88,855,855,0,156,156,935,935,0,0.002110350930937064,0.002110350930937064,890,890,0,-1,2,2,12,8,212,352,850
422,0,102,1,883,882,0,15,1,353,352,0.0,0.0,1,1,0,4,-1,5,14,0,144,608,225
423,24,125,621,891,270,106,106,731,731,0,0.0002723033459273631,0.0002723033459273631,603,603,0,7,3,3,14,4,133,545,703
424,18,18,604,604,0,54,54,612,612,0,0.00017018959120460194,0.00017018959120460194,545,545,0,-1,3,3,10,3,189,300,787
425,6,622,433,997,564,14,40,477,779,302,0.00010211375472276115,0.007522379931243405,474,973,499,2,4,3,5,2,284,532,10
426,0,0,1,1,0,0,0,1,1,0,0.0,0.0,1,1,0,-1,-1,-1,8,1,380,830,632
427,14,14,635,635,0,18,18,631,631,0,0.0002723033459273631,0.0002723033459273631,625,625,0,-1,4,4,3,7,923,237,706
428,16,118,648,940,292,30,30,760,760,0,0.000442492937131965,0.0006467204465774873,697,752,55,4,3,3,4,1,891,474,424
429,0,206,1,986,985,0,8,1,594,593,0.0,0.0007828721195411688,1,792,791,3,-1,4,3,0,812,723,383
430,122,328,929,983,54,90,90,948,948,0,0.003948398515946765,0.003982436434187685,939,939,0,3,2,2,6,18,522,141,655
431,0,206,1,968,967,0,12,1,456,455,0.0,0.0006807583648184077,1,758,757,3,-1,4,4,0,694,892,399
432,16,118,549,906,357,54,54,572,572,0,0.00010211375472276115,0.00037441710065012424,473,659,186,4,3,3,12,3,58,285,241
433,0,206,1,940,939,0,25,1,390,389,0.0,0.00010211375472276115,1,481,480,3,-1,4,14,1,203,706,270
434,51,51,903,903,0,12,12,713,713,0,0.001157289220191293,0.001157289220191293,838,838,0,-1,4,4,2,20,963,109,431
435,0,0,1,1,0,0,0,1,1,0,0.0,0.0,1,1,0,-1,-1,-1,3,0,912,546,911
436,111,213,909,961,52,96,96,892,892,0,0.0020763130126961434,0.002314578440382586,885,891,6,4,2,2,9,11,339,166,237
437,6,6,432,432,0,16,16,445,445,0,0.0,0.0,1,1,0,-1,4,4,7,1,305,935,894
438,5,5,424,424,0,12,12,415,415,0,0.0,0.0,1,1,0,-1,5,5,6,3,419,526,372
439,2,103,353,901,548,6,6,353,353,0,0.0,0.0,1,1,0,5,5,5,5,2,349,331,606
440,6,108,426,916,490,16,16,475,475,0,6.807583648184077e-05,0.00010211375472276115,444,485,41,4,4,4,6,2,582,384,435
441,2,2,367,367,0,5,5,368,368,0,6.807583648184077e-05,6.807583648184077e-05,449,449,0,-1,5,5,4,1,397,687,951
442,2,104,356,909,553,9,15,357,422,65,3.4037918240920386e-05,0.0002723033459273631,401,612,211,4,5,5,8,3,442,484,658
443,38,38,808,808,0,30,30,743,743,0,0.0005786446100956465,0.0005786446100956465,736,736,0,-1,3,3,4,3,559,519,866
444,28,28,659,659,0,72,72,599,599,0,0.00030634126416828345,0.00030634126416828345,630,630,0,-1,3,3,13,5,165,362,934
445,4,105,471,944,473,6,6,444,444,0,0.00010211375472276115,0.0002042275094455223,494,581,87,5,5,5,3,3,862,434,394
446,20,121,698,940,242,18,18,638,638,0,0.0006807583648184077,0.0006807583648184077,760,760,0,5,4,4,3,4,935,470,896
447,0,102,1,906,905,0,9,1,390,389,0.0,0.00010211375472276115,1,488,487,4,-1,5,5,0,392,538,222
448,51,257,827,975,148,44,44,818,818,0,0.0010211375472276116,0.0012253650566731338,813,837,24,3,3,3,4,6,516,397,722
449,0,101,1,939,938,0,2,1,330,329,0.0,3.4037918240920386e-05,1,393,392,6,-1,7,2,0,938,941,503
450,0,102,1,937,936,0,3,1,374,373,0.0,0.00010211375472276115,1,503,502,4,-1,5,2,0,907,987,474
451,27,233,843,991,148,8,8,615,615,0,0.0007488342013002485,0.0015657442390823377,782,867,85,3,4,4,2,12,866,99,101
452,7,108,565,957,392,8,8,503,503,0,0.00037441710065012424,0.00037441710065012424,677,677,0,5,5,5,4,4,860,315,679
453,9,9,590,590,0,8,8,492,492,0,0.00034037918240920387,0.00034037918240920387,653,653,0,-1,4,4,2,4,926,287,813
454,201,407,977,995,18,32,32,946,946,0,0.007658531604207087,0.007828721195411689,978,980,2,3,3,3,2,54,906,19,333
455,19,121,752,963,211,8,8,537,537,0,0.0009530617107457708,0.0011913271384322134,803,835,32,4,4,4,2,10,686,366,197
456,513,719,991,997,6,136,136,984,984,0,0.010687906327649,0.011164437183021887,982,982,0,3,2,2,7,92,329,30,294
457,6,212,375,944,569,35,41,378,394,16,0.0,0.00013615167296368154,1,489,488,3,4,4,22,1,33,530,550
458,0,206,1,947,946,0,54,1,483,482,0.0,0.0007488342013002485,1,747,746,3,-1,4,17,0,71,945,97
459,11,11,626,626,0,18,18,665,665,0,0.0002382654276864427,0.0002382654276864427,614,614,0,-1,4,4,3,6,732,379,900
460,0,206,1,951,950,0,25,1,451,450,0.0,0.00030634126416828345,1,627,626,3,-1,4,9,0,123,872,510
461,19,225,689,974,285,22,22,593,593,0,0.0004084550188910446,0.0026209197045508697,673,912,239,3,4,4,5,6,601,613,38
462,16,222,526,951,425,68,76,585,612,27,0.0002382654276864427,0.0008169100377820892,580,767,187,3,3,3,13,1,115,420,264
463,0,0,1,1,0,0,0,1,1,0,0.0,0.0,1,1,0,-1,-1,-1,9,3,147,882,735
464,0,0,1,1,0,0,0,1,1,0,0.0,0.0,1,1,0,-1,-1,-1,3,0,879,712,825
465,111,111,934,934,0,44,44,874,874,0,0.003165526396405596,0.003165526396405596,922,922,0,-1,3,3,4,26,706,108,816
466,8,8,489,489,0,26,26,491,491,0,6.807583648184077e-05,6.807583648184077e-05,447,447,0,-1,4,4,7,2,246,22,941
467,0,102,1,948,947,0,6,1,448,447,0.0,0.0004084550188910446,1,675,674,4,-1,5,3,1,854,730,306
468,1,103,333,883,550,14,22,333,383,50,0.0,0.00013615167296368154,1,512,511,4,8,5,14,1,144,647,722
469,0,206,1,983,982,0,8,1,571,570,0.0,0.0015657442390823377,1,865,864,3,-1,4,2,0,799,520,44
470,0,102,1,945,944,0,4,1,377,376,0.0,3.4037918240920386e-05,1,408,407,4,-1,5,3,1,485,814,342
471,28,28,749,749,0,24,24,652,652,0,0.0004084550188910446,0.0004084550188910446,684,684,0,-1,4,4,4,9,566,343,977
472,0,0,1,1,0,0,0,1,1,0,0.0,0.0,1,1,0,-1,-1,-1,3,0,844,934,984
473,16,222,613,969,356,18,18,529,529,0,0.0002723033459273631,0.0006807583648184077,615,755,140,3,4,4,5,4,284,315,759
474,40,656,782,995,213,62,76,818,889,71,0.0008169100377820892,0.0033016780693692774,777,924,147,2,2,2,6,1,630,553,123
475,2,103,361,914,553,10,10,412,412,0,3.4037918240920386e-05,3.4037918240920386e-05,402,402,0,8,5,5,5,3,390,755,647
476,2,104,369,934,565,4,5,371,391,20,6.807583648184077e-05,0.00017018959120460194,445,551,106,4,5,5,3,3,615,578,829
477,0,0,1,1,0,0,0,1,1,0,0.0,0.0,1,1,0,-1,-1,-1,5,0,695,932,705
478,60,266,778,964,186,116,120,713,729,16,0.001157289220191293,0.002382654276864427,824,902,78,3,3,3,18,10,86,195,281
479,46,46,800,800,0,48,48,693,693,0,0.0010892133837094523,0.0010892133837094523,815,815,0,-1,4,4,8,12,371,67,835
480,3,105,468,961,493,6,6,497,497,0,0.0002042275094455223,0.0018380475850097008,583,887,304,4,5,5,3,2,852,697,63
481,6,108,432,912,480,11,11,433,433,0,0.0,0.00010211375472276115,1,485,484,4,4,4,4,1,638,623,248
482,18,120,662,933,271,25,25,600,600,0,0.00034037918240920387,0.000442492937131965,656,694,38,4,3,3,6,2,237,566,512
483,30,132,750,938,188,34,34,705,705,0,0.0007488342013002485,0.0008509479560230097,775,789,14,4,3,3,4,5,870,338,332
484,0,102,1,890,889,0,11,1,358,357,0.0,6.807583648184077e-05,1,461,460,4,-1,5,10,0,427,818,680
485,28,28,729,729,0,18,18,566,566,0,0.0008169100377820892,0.0008169100377820892,783,783,0,-1,4,4,3,7,634,150,877
486,9,9,560,560,0,14,14,509,509,0,0.00013615167296368154,0.00013615167296368154,516,516,0,-1,4,4,3,4,459,287,574
487,1,102,332,940,608,3,3,332,332,0,3.4037918240920386e-05,3.4037918240920386e-05,402,402,0,7,6,6,3,1,800,924,663
488,31,237,727,971,244,40,40,698,698,0,0.0005446066918547262,0.0006467204465774873,712,742,30,3,3,3,5,6,349,232,720
489,0,206,1,955,954,0,34,1,507,506,0.0,0.001055175465468532,1,806,805,3,-1,4,9,0,351,483,403
490,440,541,995,998,3,80,80,994,994,0,0.019129310051397258,0.019197385887879097,994,994,0,5,2,2,2,91,992,7,688
491,18,18,675,675,0,16,16,529,529,0,0.00017018959120460194,0.00017018959120460194,551,551,0,-1,4,4,4,4,495,617,822
492,0,101,1,956,955,0,2,1,330,329,0.0,0.0,1,1,0,5,-1,6,2,0,974,944,298
493,20,226,652,966,314,38,38,643,643,0,0.0009190237925048504,0.00353994349705572,793,932,139,3,4,4,7,4,335,207,88
494,0,102,1,942,941,0,3,1,372,371,0.0,6.807583648184077e-05,1,450,449,4,-1,5,2,0,964,836,659
495,19,635,582,990,408,98,112,640,697,57,0.00013615167296368154,0.0013274788113958951,499,838,339,2,3,3,15,3,77,508,261
496,11,113,554,917,363,20,20,548,548,0,0.0002382654276864427,0.0002382654276864427,584,584,0,4,4,4,4,7,540,427,762
497,8,214,524,973,449,16,24,522,651,129,6.807583648184077e-05,0.0030974505599237552,452,928,476,3,4,4,4,2,566,770,57
498,8,109,582,949,367,6,6,486,486,0,0.00030634126416828345,0.00030634126416828345,640,640,0,6,5,5,3,5,796,124,509
499,8,110,502,908,406,22,22,523,523,0,0.0002382654276864427,0.000442492937131965,585,686,101,4,4,4,5,2,426,770,307
500,6,108,460,929,469,12,12,494,494,0,0.00013615167296368154,0.00017018959120460194,528,562,34,4,4,4,4,1,619,481,360
501,2,2,356,356,0,10,10,377,377,0,0.0,0.0,1,1,0,-1,5,5,7,1,510,893,917
502,0,102,1,936,935,0,4,1,396,395,0.0,0.00013615167296368154,1,514,513,4,-1,5,2,0,849,813,263
503,4,210,410,968,558,10,32,392,639,247,3.4037918240920386e-05,0.005003573981415297,392,957,565,3,5,4,6,2,556,298,24
504,1,1,333,333,0,16,16,333,333,0,0.0,0.0,1,1,0,-1,6,6,16,1,50,640,738
505,100,100,864,864,0,100,100,795,795,0,0.014874570271282209,0.014874570271282209,991,991,0,-1,1,1,12,3,184,438,600
506,20,122,573,882,309,74,74,493,493,0,0.00017018959120460194,0.00017018959120460194,527,527,0,4,4,4,21,4,54,380,311
507,6,212,493,978,485,12,12,645,645,0,0.0002382654276864427,0.0009870996289866913,615,807,192,3,4,4,2,2,999,223,206
508,1,207,333,970,637,3,14,333,541,208,0.0,0.0024507301133462676,1,906,905,3,8,4,3,3,471,626,88
509,16,117,671,947,276,12,12,606,606,0,0.0006126825283365669,0.0006126825283365669,739,739,0,5,4,4,2,4,970,333,279
510,17,118,705,951,246,28,28,837,837,0,0.0008169100377820892,0.0008509479560230097,790,796,6,5,3,3,3,4,888,440,829
511,106,208,901,960,59,62,62,703,703,0,0.001497668402600497,0.0016338200755641784,851,861,10,4,3,3,10,21,527,157,711
512,0,0,1,1,0,0,0,1,1,0,0.0,0.0,1,1,0,-1,-1,-1,3,1,627,641,228
513,0,0,1,1,0,0,0,1,1,0,0.0,0.0,1,1,0,-1,-1,-1,2,1,932,742,632
514,6,107,396,892,496,23,23,433,433,0,6.807583648184077e-05,0.00010211375472276115,442,480,38,6,4,4,10,1,355,862,739
515,209,809,981,1000,19,32,32,920,920,0,0.008271214132543654,0.010721944245889922,977,987,10,2,3,3,2,59,913,5,192
516,2,104,371,929,558,4,5,371,389,18,0.0,0.00013615167296368154,1,523,522,4,5,5,3,2,861,739,248
517,0,0,1,1,0,0,0,1,1,0,0.0,0.0,1,1,0,-1,-1,-1,8,0,201,574,973
518,0,206,1,959,958,0,34,1,568,567,0.0,0.0009190237925048504,1,795,794,3,-1,4,7,0,265,816,174
519,0,102,1,886,885,0,13,1,385,384,0.0,0.00017018959120460194,1,533,532,4,-1,5,8,0,358,864,637
520,0,206,1,967,966,0,20,1,531,530,0.0,0.0015657442390823377,1,861,860,3,-1,4,4,0,385,872,82
521,98,304,895,978,83,46,46,737,737,0,0.0021784267674189047,0.0031314884781646754,898,928,30,3,3,3,6,20,345,94,116
522,0,102,1,879,878,0,14,1,353,352,0.0,0.0,1,1,0,4,-1,5,13,0,113,777,598
523,52,52,844,844,0,34,34,763,763,0,0.0008509479560230097,0.0008509479560230097,782,782,0,-1,3,3,4,9,969,242,542
524,0,206,1,961,960,0,21,1,485,484,0.0,0.00017018959120460194,1,552,551,3,-1,4,7,3,364,478,551
525,52,154,770,918,148,120,120,734,734,0,0.0005446066918547262,0.0005446066918547262,704,704,0,4,2,2,17,4,63,450,861
526,1,102,333,938,605,2,2,333,333,0,0.0,0.0,1,1,0,5,6,6,2,1,283,861,690
527,0,102,1,967,966,0,3,1,404,403,0.0,0.0002723033459273631,1,622,621,4,-1,5,2,0,807,963,351
528,0,616,1,992,991,0,90,1,729,728,0.0,0.004629156880765172,1,950,949,2,-1,3,12,0,44,969,41
529,0,0,1,1,0,0,0,1,1,0,0.0,0.0,1,1,0,-1,-1,-1,2,0,909,732,684
530,186,802,934,996,62,260,290,921,949,28,0.003437829742332959,0.014636304843595765,932,992,60,2,2,2,21,22,13,128,37
531,81,697,846,994,148,72,86,678,748,70,0.0007147962830593281,0.0036760951700194017,758,938,180,2,3,3,11,12,150,159,75
532,2,104,353,884,531,16,17,353,358,5,0.0,3.4037918240920386e-05,1,405,404,4,5,5,15,1,95,603,575
533,0,102,1,907,906,0,5,1,357,356,0.0,3.4037918240920386e-05,1,401,400,4,-1,5,4,1,516,529,419
534,0,0,1,1,0,0,0,1,1,0,0.0,0.0,1,1,0,-1,-1,-1,2,0,895,866,830
535,12,12,675,675,0,14,14,684,684,0,0.000442492937131965,0.000442492937131965,690,690,0,-1,4,4,3,3,730,610,657
536,0,102,1,929,928,0,4,1,394,393,0.0,0.00030634126416828345,1,625,624,4,-1,5,2,0,643,973,381
537,0,206,1,964,963,0,18,1,483,482,0.0,0.0004765308553728854,1,699,698,3,-1,4,5,0,506,548,480
538,0,0,1,1,0,0,0,1,1,0,0.0,0.0,1,1,0,-1,-1,-1,2,0,886,917,737
539,0,102,1,933,932,0,4,1,400,399,0.0,0.0004084550188910446,1,688,687,4,-1,5,2,0,653,804,160
540,8,8,510,510,0,16,16,457,457,0,6.807583648184077e-05,6.807583648184077e-05,445,445,0,-1,4,4,6,2,587,499,880
541,0,101,1,965,964,0,2,1,331,330,0.0,0.0,1,1,0,6,-1,7,2,0,968,793,566
542,14,14,628,628,0,20,20,602,602,0,0.0002042275094455223,0.0002042275094455223,568,568,0,-1,4,4,4,4,462,501,650
543,172,172,954,954,0,38,38,814,814,0,0.0028591851322373124,0.0028591851322373124,923,923,0,-1,3,3,3,38,731,111,959
544,6,6,404,404,0,28,28,461,461,0,3.4037918240920386e-05,3.4037918240920386e-05,393,393,0,-1,4,4,10,1,75,718,359
545,0,102,1,916,915,0,5,1,359,358,0.0,6.807583648184077e-05,1,452,451,4,-1,5,4,0,783,624,229
546,120,120,923,923,0,60,60,880,880,0,0.0018040096667687805,0.0018040096667687805,874,874,0,-1,3,3,5,23,392,106,431
547,2,103,370,944,574,4,4,373,373,0,3.4037918240920386e-05,6.807583648184077e-05,399,450,51,6,5,5,3,3,797,748,692
548,156,258,951,977,26,90,90,960,960,0,0.006705469893461316,0.006875659484665918,970,970,0,4,2,2,6,28,399,41,499
549,574,676,988,991,3,420,420,989,989,0,0.008475441641989176,0.008679669151434699,974,974,0,4,2,2,23,54,57,19,401
550,1,1,333,333,0,13,13,333,333,0,0.0,0.0,1,1,0,-1,6,6,13,1,113,861,946
551,38,244,707,957,250,84,84,653,653,0,0.0002382654276864427,0.0005446066918547262,580,706,126,3,3,3,13,8,115,132,494
552,0,0,1,1,0,0,0,1,1,0,0.0,0.0,1,1,0,-1,-1,-1,14,0,332,651,800
553,38,38,830,830,0,22,22,806,806,0,0.0011232513019503727,0.0011232513019503727,828,828,0,-1,3,3,2,9,713,375,887
554,43,249,744,961,217,122,122,853,853,0,0.0014636304843595766,0.0018720855032506212,842,867,25,3,3,3,12,8,44,497,516
555,81,183,880,962,82,44,44,844,844,0,0.0014295925661186562,0.001497668402600497,857,860,3,4,3,3,4,15,711,62,220
556,2,208,351,950,599,19,34,365,414,49,0.0,0.0002042275094455223,1,559,558,3,5,4,15,2,0,692,711
557,0,101,1,906,905,0,4,1,332,331,0.0,6.807583648184077e-05,1,439,438,5,-1,6,4,1,516,472,492
558,233,233,955,955,0,280,280,969,969,0,0.0037441710065012424,0.0037441710065012424,936,936,0,-1,2,2,17,21,71,123,436
559,0,206,1,976,975,0,10,1,518,517,0.0,0.0007488342013002485,1,769,768,3,-1,4,3,0,708,665,186
560,2,2,384,384,0,4,4,388,388,0,0.0,0.0,1,1,0,-1,5,5,3,1,730,837,925
561,22,124,673,935,262,30,30,677,677,0,0.0005105687736138058,0.0005446066918547262,716,723,7,4,3,3,4,4,500,312,734
562,0,0,1,1,0,0,0,1,1,0,0.0,0.0,1,1,0,-1,-1,-1,9,0,262,542,831
563,2,103,349,871,522,27,27,380,380,0,0.0,0.0,1,1,0,6,5,5,17,1,10,771,469
564,6,108,428,908,480,20,20,501,501,0,0.00030634126416828345,0.0005105687736138058,641,702,61,4,4,4,6,1,353,500,220
565,34,34,777,777,0,32,32,720,720,0,0.0005105687736138058,0.0005105687736138058,711,711,0,-1,3,3,5,6,476,275,846
566,174,276,936,969,33,162,162,935,935,0,0.0028932230504782326,0.003437829742332959,920,932,12,4,3,3,12,19,292,133,284
567,0,101,1,939,938,0,2,1,331,330,0.0,0.0,1,1,0,6,-1,7,2,0,938,533,590
568,1,103,333,918,585,3,6,333,405,72,0.0,0.000442492937131965,1,695,694,4,6,5,3,2,703,374,293
569,0,102,1,877,876,0,24,1,385,384,0.0,0.00017018959120460194,1,527,526,4,-1,5,15,0,45,865,427
570,16,117,606,918,312,28,28,690,690,0,0.00017018959120460194,0.00017018959120460194,537,537,0,7,3,3,3,1,634,561,469
571,16,16,770,770,0,8,8,645,645,0,0.0005105687736138058,0.0005105687736138058,725,725,0,-1,4,4,2,4,941,246,992
572,0,206,1,948,947,0,60,1,521,520,0.0,0.0015317063208414173,1,855,854,3,-1,4,16,0,60,934,151
573,0,206,1,964,963,0,18,1,445,444,0.0,0.00017018959120460194,1,538,537,3,-1,4,8,0,270,953,263
574,80,182,936,981,45,18,18,798,798,0,0.0032336022328874367,0.003437829742332959,933,936,3,4,4,4,3,32,668,26,551
575,19,225,655,968,313,22,22,528,528,0,0.00010211375472276115,0.000442492937131965,483,687,204,3,4,4,5,6,492,229,29
576,6,108,545,965,420,8,8,599,599,0,6.807583648184077e-05,0.00034037918240920387,452,664,212,4,4,4,2,2,981,648,256
577,16,118,576,913,337,46,46,615,615,0,0.00010211375472276115,0.0002042275094455223,476,567,91,4,3,3,10,1,243,958,840
578,2,104,397,970,573,3,4,406,465,59,0.0,0.003812246842983083,1,947,946,4,5,5,2,1,959,543,12
579,0,0,1,1,0,0,0,1,1,0,0.0,0.0,1,1,0,-1,-1,-1,10,0,204,673,975
580,56,56,825,825,0,78,78,811,811,0,0.0013955546478777359,0.0013955546478777359,836,836,0,-1,3,3,8,9,199,277,890
581,24,230,695,967,272,46,50,671,698,27,0.0004765308553728854,0.0010211375472276116,695,803,108,3,3,3,8,4,286,450,497
582,0,616,1,990,989,0,142,1,719,718,0.0,0.0034718676605738795,1,931,930,2,-1,3,21,0,3,733,41
583,33,33,764,764,0,54,54,897,897,0,0.0011913271384322134,0.0011913271384322134,834,834,0,-1,3,3,4,3,547,438,367
584,3,105,443,936,493,4,4,372,372,0,3.4037918240920386e-05,0.00017018959120460194,413,557,144,4,5,5,3,3,823,761,459
585,2,104,353,910,557,12,14,381,398,17,3.4037918240920386e-05,0.00017018959120460194,400,540,140,4,5,5,8,1,350,931,346
586,40,142,729,908,179,124,124,777,777,0,0.0009870996289866913,0.001055175465468532,798,808,10,4,3,3,14,4,127,207,334
587,0,206,1,973,972,0,14,1,484,483,0.0,0.0013955546478777359,1,837,836,3,-1,4,5,1,421,513,65
588,0,101,1,874,873,0,15,1,332,331,0.0,0.0,1,1,0,7,-1,8,15,1,102,539,469
589,24,24,744,744,0,22,22,764,764,0,0.0012934408931549745,0.0012934408931549745,844,844,0,-1,3,3,2,4,934,281,846
590,0,101,1,948,947,0,3,1,330,329,0.0,3.4037918240920386e-05,1,396,395,5,-1,6,3,0,608,984,570
591,110,316,947,988,41,28,28,830,830,0,0.003778208924742163,0.00439089145307873,940,947,7,3,3,3,3,28,862,41,351
592,0,0,1,1,0,0,0,1,1,0,0.0,0.0,1,1,0,-1,-1,-1,4,1,789,529,684
593,31,647,729,995,266,60,80,728,830,102,0.001157289220191293,0.008237176214302734,824,971,147,2,3,3,9,6,388,295,70
594,20,122,670,933,263,30,30,694,694,0,0.0004084550188910446,0.0005105687736138058,676,709,33,4,4,4,5,4,284,470,233
595,7,7,535,535,0,7,7,428,428,0,0.00013615167296368154,0.00013615167296368154,519,519,0,-1,5,5,4,4,507,208,813
596,0,206,1,956,955,0,34,1,467,466,0.0,0.0008169100377820892,1,774,773,3,-1,4,12,0,106,941,293
597,2,104,350,884,534,10,12,351,366,15,0.0,3.4037918240920386e-05,1,402,401,4,5,5,9,1,100,924,401
598,6,108,440,926,486,22,22,543,543,0,6.807583648184077e-05,0.00013615167296368154,452,525,73,4,4,4,5,1,294,756,537
599,115,115,927,927,0,36,36,760,760,0,0.002484768031587188,0.002484768031587188,906,906,0,-1,3,3,5,24,570,129,546
600,40,246,805,974,169,54,58,918,943,25,0.0024507301133462676,0.01065386840940808,908,984,76,3,2,2,4,1,969,360,37
601,28,234,733,972,239,22,22,707,707,0,0.00037441710065012424,0.0008509479560230097,656,788,132,3,3,3,2,3,769,369,589
602,8,8,485,485,0,17,17,389,389,0,6.807583648184077e-05,6.807583648184077e-05,442,442,0,-1,4,4,10,2,355,694,744
603,2,104,381,956,575,5,5,444,444,0,3.4037918240920386e-05,0.00030634126416828345,403,643,240,4,5,5,3,2,918,544,525
604,0,0,1,1,0,0,0,1,1,0,0.0,0.0,1,1,0,-1,-1,-1,5,0,517,624,735
605,14,220,552,965,413,38,42,571,599,28,0.00017018959120460194,0.0008169100377820892,538,768,230,3,4,4,9,3,389,458,521
606,0,206,1,976,975,0,7,1,477,476,0.0,0.0002382654276864427,1,585,584,3,-1,4,2,0,733,987,210
607,8,110,565,944,379,5,6,403,453,50,0.00013615167296368154,0.0006126825283365669,513,750,237,4,5,5,3,6,888,279,185
608,21,123,706,942,236,28,28,776,776,0,0.001157289220191293,0.0013615167296368155,837,858,21,4,3,3,3,5,935,412,154
609,0,102,1,931,930,0,4,1,395,394,0.0,0.0005786446100956465,1,729,728,4,-1,5,2,0,966,967,118
610,38,38,810,810,0,38,38,885,885,0,0.0011232513019503727,0.0011232513019503727,824,824,0,-1,3,3,3,4,337,281,925
611,0,101,1,885,884,0,9,1,332,331,0.0,0.0,1,1,0,5,-1,6,9,0,414,909,590
612,124,226,931,972,41,70,70,931,931,0,0.0030974505599237552,0.003369753905851118,923,928,5,4,3,3,5,19,290,133,40
613,1,103,332,936,604,3,5,332,395,63,0.0,0.00017018959120460194,1,550,549,4,7,5,3,1,863,703,319
614,2,208,368,975,607,6,10,422,477,55,6.807583648184077e-05,0.000442492937131965,436,679,243,3,5,4,3,1,829,935,507
615,0,101,1,925,924,0,5,1,332,331,0.0,0.0,1,1,0,6,-1,7,5,1,376,539,924
616,34,34,716,716,0,80,80,690,690,0,0.0005105687736138058,0.0005105687736138058,701,701,0,-1,3,3,12,4,58,40,867
617,173,789,951,999,48,86,86,916,916,0,0.0038462847612240037,0.00527587732734266,944,958,14,2,3,3,6,24,432,13,450
618,25,25,737,737,0,22,22,603,603,0,0.000442492937131965,0.000442492937131965,694,694,0,-1,4,4,5,7,843,389,847
619,20,20,733,733,0,28,28,829,829,0,0.0007828721195411688,0.0007828721195411688,788,788,0,-1,3,3,3,5,683,355,674
620,2,2,371,371,0,5,5,372,372,0,0.0,0.0,1,1,0,-1,5,5,4,3,480,748,847
621,0,0,1,1,0,0,0,1,1,0,0.0,0.0,1,1,0,-1,-1,-1,2,0,897,812,813
622,22,123,723,948,225,25,25,769,769,0,0.0005105687736138058,0.0005105687736138058,708,708,0,5,3,3,4,3,696,585,788
623,6,212,491,974,483,18,18,699,699,0,0.0002042275094455223,0.004050512270669526,583,944,361,3,4,4,3,1,800,904,21
624,0,206,1,968,967,0,12,1,471,470,0.0,0.00010211375472276115,1,497,496,3,-1,4,4,0,675,926,395
625,0,101,1,911,910,0,6,1,330,329,0.0,3.4037918240920386e-05,1,404,403,5,-1,6,6,0,764,898,602
626,0,102,1,874,873,0,20,1,371,370,0.0,6.807583648184077e-05,1,439,438,4,-1,5,16,0,72,987,749
627,0,616,1,999,998,0,28,1,852,851,0.0,0.01317267435923619,1,990,989,2,-1,3,3,0,879,664,2
628,68,68,891,891,0,52,52,966,966,0,0.008645631233193778,0.008645631233193778,976,976,0,-1,2,2,3,8,530,352,863
629,16,118,640,941,301,30,30,735,735,0,0.00017018959120460194,0.000442492937131965,535,684,149,4,3,3,4,1,424,711,182
630,14,116,717,968,251,8,8,599,599,0,0.0008169100377820892,0.0009870996289866913,790,818,28,4,4,4,2,7,981,399,268
631,14,116,618,939,321,26,26,654,654,0,0.0002382654276864427,0.00030634126416828345,594,636,42,4,4,4,5,5,421,589,251
632,0,0,1,1,0,0,0,1,1,0,0.0,0.0,1,1,0,-1,-1,-1,4,0,511,946,772
633,30,132,774,947,173,34,34,790,790,0,0.0007828721195411688,0.0008509479560230097,765,784,19,4,3,3,4,4,611,470,659
634,2,2,349,349,0,13,13,378,378,0,3.4037918240920386e-05,3.4037918240920386e-05,413,413,0,-1,5,5,8,1,434,503,731
635,26,1666,693,1000,307,46,98,645,898,253,0.0002382654276864427,0.020592940535756832,597,996,399,1,3,2,8,4,142,86,11
636,0,102,1,927,926,0,6,1,406,405,0.0,0.0,1,1,0,4,-1,5,3,0,680,965,627
637,60,60,796,796,0,110,110,735,735,0,0.0007147962830593281,0.0007147962830593281,750,750,0,-1,3,3,16,6,134,194,738
638,0,206,1,969,968,0,16,1,529,528,0.0,0.0006807583648184077,1,753,752,3,-1,4,4,0,755,992,114
639,20,121,712,945,233,18,18,663,663,0,0.00037441710065012424,0.0004765308553728854,655,691,36,5,4,4,3,7,912,188,523
640,6,107,423,913,490,22,22,527,527,0,0.00013615167296368154,0.00017018959120460194,497,532,35,5,4,4,5,1,506,797,755
641,0,102,1,945,944,0,6,1,453,452,0.0,0.0006126825283365669,1,748,747,4,-1,5,3,0,642,965,193
642,28,28,752,752,0,44,44,916,916,0,0.0010211375472276116,0.0010211375472276116,814,814,0,-1,3,3,4,4,777,288,701
643,16,118,614,929,315,21,21,573,573,0,0.0002042275094455223,0.00030634126416828345,572,627,55,4,3,3,5,1,692,337,691
644,58,58,810,810,0,94,94,815,815,0,0.00088498587426393,0.00088498587426393,784,784,0,-1,3,3,9,7,159,150,358
645,0,102,1,886,885,0,10,1,353,352,0.0,0.0,1,1,0,4,-1,5,9,2,217,431,885
646,22,228,659,962,303,52,52,713,713,0,0.0004084550188910446,0.0017359338302869397,675,873,198,3,3,3,7,3,118,610,269
647,0,102,1,933,932,0,4,1,393,392,0.0,0.0005446066918547262,1,715,714,4,-1,5,2,1,429,539,177
648,0,206,1,945,944,0,38,1,444,443,0.0,0.0004084550188910446,1,668,667,3,-1,4,14,0,332,956,479
649,0,0,1,1,0,0,0,1,1,0,0.0,0.0,1,1,0,-1,-1,-1,2,0,950,502,934
650,6,107,458,927,469,12,12,492,492,0,0.00017018959120460194,0.0002042275094455223,537,558,21,5,4,4,4,1,767,809,606
651,53,53,828,828,0,30,30,635,635,0,0.0006467204465774873,0.0006467204465774873,751,751,0,-1,4,4,5,12,392,159,991
652,6,108,450,928,478,10,11,437,457,20,0.0002042275094455223,0.0002723033459273631,579,613,34,4,4,4,5,2,765,663,370
653,174,790,939,997,58,116,126,866,891,25,0.00353994349705572,0.005377991082065421,932,960,28,2,3,3,11,26,229,112,137
654,0,616,1,989,988,0,104,1,720,719,0.0,0.004935498144933456,1,958,957,2,-1,3,14,0,133,673,6
655,27,27,723,723,0,26,26,557,557,0,0.0002723033459273631,0.0002723033459273631,604,604,0,-1,4,4,7,9,482,391,905
656,397,397,984,984,0,240,240,978,978,0,0.005956635692161067,0.005956635692161067,965,965,0,-1,2,2,12,57,239,50,945
657,2,104,360,906,546,10,12,379,399,20,0.0,6.807583648184077e-05,1,450,449,4,5,5,7,1,658,717,410
658,94,710,854,993,139,152,162,894,909,15,0.0010892133837094523,0.002382654276864427,817,900,83,2,2,2,13,11,41,83,64
659,101,203,869,937,68,214,214,873,873,0,0.0012253650566731338,0.0012934408931549745,823,829,6,4,2,2,20,15,61,137,570
660,0,0,1,1,0,0,0,1,1,0,0.0,0.0,1,1,0,-1,-1,-1,6,0,526,871,846
661,170,376,973,993,20,38,38,929,929,0,0.0042547397801150485,0.005616256509751864,949,962,13,3,3,3,3,54,523,28,55
662,11,113,621,954,333,8,8,519,519,0,0.00030634126416828345,0.0006807583648184077,646,758,112,4,4,4,2,6,938,459,525
663,71,173,890,971,81,22,22,769,769,0,0.0020082371762143027,0.0024166921951053475,898,912,14,4,3,3,2,19,653,91,204
664,0,0,1,1,0,0,0,1,1,0,0.0,0.0,1,1,0,-1,-1,-1,23,0,30,735,926
665,10,216,573,973,400,18,22,563,621,58,0.0002382654276864427,0.0009190237925048504,597,805,208,3,4,4,5,3,574,301,450
666,2,2,360,360,0,7,7,397,397,0,0.00010211375472276115,0.00010211375472276115,477,477,0,-1,5,5,4,1,815,527,900
667,6,108,397,892,495,38,38,537,537,0,6.807583648184077e-05,0.0002042275094455223,436,565,129,4,4,4,9,1,276,958,260
668,0,206,1,953,952,0,23,1,407,406,0.0,0.0002382654276864427,1,591,590,3,-1,4,11,0,227,522,688
669,32,133,638,886,248,132,132,669,669,0,0.00013615167296368154,0.00017018959120460194,506,542,36,5,3,3,21,2,74,634,357
670,34,240,747,972,225,46,46,732,732,0,0.0007488342013002485,0.0009530617107457708,765,801,36,3,3,3,6,4,328,40,494
671,0,0,1,1,0,0,0,1,1,0,0.0,0.0,1,1,0,-1,-1,-1,17,0,80,388,822
672,12,114,585,927,342,18,18,579,579,0,0.00017018959120460194,0.0002723033459273631,547,623,76,4,4,4,3,2,808,425,260
673,54,156,822,938,116,80,80,830,830,0,0.0006126825283365669,0.0008509479560230097,732,776,44,4,3,3,9,4,190,246,176
674,23,124,834,975,141,12,12,812,812,0,0.0007147962830593281,0.0007488342013002485,784,790,6,5,4,4,2,14,813,175,598
675,6,6,451,451,0,12,12,567,567,0,6.807583648184077e-05,6.807583648184077e-05,445,445,0,-1,4,4,2,1,905,681,745
676,2,208,354,959,605,9,18,366,436,70,0.0,0.0004084550188910446,1,674,673,3,5,4,7,2,221,320,90
677,208,414,957,983,26,150,150,949,949,0,0.0042547397801150485,0.004969536063174376,949,956,7,3,3,3,10,25,99,105,377
678,49,255,844,979,135,34,34,790,790,0,0.0008169100377820892,0.003165526396405596,777,930,153,3,3,3,4,15,611,219,13
679,0,101,1,902,901,0,5,1,332,331,0.0,0.0,1,1,0,5,-1,6,5,0,377,937,578
680,2,2,346,346,0,19,19,372,372,0,3.4037918240920386e-05,3.4037918240920386e-05,395,395,0,-1,5,5,14,1,85,593,514
681,0,0,1,1,0,0,0,1,1,0,0.0,0.0,1,1,0,-1,-1,-1,10,0,169,982,235
682,2,104,366,929,563,5,8,367,440,73,3.4037918240920386e-05,0.00034037918240920387,412,651,239,4,5,5,4,1,597,734,165
683,2,104,363,920,557,5,7,363,394,31,0.0,0.0,1,1,0,4,5,5,4,3,453,484,791
684,168,374,942,980,38,118,118,920,920,0,0.0037441710065012424,0.004186663943633207,934,944,10,3,2,2,9,22,262,128,160
685,179,179,946,946,0,144,144,959,959,0,0.003199564314646516,0.003199564314646516,928,928,0,-1,2,2,10,19,241,133,865
686,9,215,586,976,390,10,10,533,533,0,0.00013615167296368154,0.0007147962830593281,531,767,236,3,4,4,3,4,899,567,97
687,30,131,702,906,204,44,44,588,588,0,0.0002723033459273631,0.0002723033459273631,608,608,0,6,3,3,9,4,274,504,972
688,2,208,380,980,600,5,10,405,533,128,3.4037918240920386e-05,0.0007488342013002485,409,780,371,3,5,4,3,1,654,416,612
689,114,216,968,988,20,12,12,769,769,0,0.003880322679464924,0.005105687736138058,948,960,12,4,4,4,2,54,981,28,49
690,0,102,1,933,932,0,3,1,368,367,0.0,0.00017018959120460194,1,560,559,4,-1,5,2,0,589,542,301
691,6,212,418,969,551,20,24,485,515,30,0.00013615167296368154,0.0005105687736138058,506,704,198,3,4,4,6,1,470,659,410
692,0,0,1,1,0,0,0,1,1,0,0.0,0.0,1,1,0,-1,-1,-1,16,0,151,953,936
693,84,84,924,924,0,28,28,839,839,0,0.002552843868069029,0.002552843868069029,913,913,0,-1,3,3,3,18,902,141,875
694,8,214,550,977,427,10,18,493,672,179,0.00017018959120460194,0.002484768031587188,557,909,352,3,4,4,3,3,844,263,74
695,0,0,1,1,0,0,0,1,1,0,0.0,0.0,1,1,0,-1,-1,-1,11,0,150,783,433
696,0,102,1,886,885,0,12,1,369,368,0.0,0.00013615167296368154,1,506,505,4,-1,5,9,0,262,488,278
697,2,208,360,968,608,7,12,386,457,71,6.807583648184077e-05,0.00088498587426393,444,802,358,3,5,4,4,1,444,421,82
698,567,1183,987,999,12,310,310,992,992,0,0.009836958371625992,0.013581129378127233,976,987,11,2,2,2,14,55,127,21,33
699,40,246,746,968,222,76,80,818,826,8,0.0004765308553728854,0.0010211375472276116,697,799,102,3,2,2,9,1,249,282,418
700,0,102,1,894,893,0,11,1,360,359,0.0,3.4037918240920386e-05,1,406,405,4,-1,5,9,0,136,611,734
701,0,102,1,915,914,0,9,1,412,411,0.0,0.0004765308553728854,1,705,704,4,-1,5,5,0,692,825,120
702,36,36,738,738,0,76,76,739,739,0,0.00034037918240920387,0.00034037918240920387,638,638,0,-1,3,3,11,6,333,192,635
703,0,101,1,935,934,0,2,1,331,330,0.0,0.00010211375472276115,1,491,490,5,-1,6,2,1,970,428,451
704,26,128,700,930,230,42,42,675,675,0,0.0004765308553728854,0.0005105687736138058,691,700,9,4,4,4,7,7,364,253,361
705,19,19,668,668,0,28,28,725,725,0,0.0002382654276864427,0.0002382654276864427,591,591,0,-1,3,3,3,5,459,395,800
706,29,29,812,812,0,24,24,814,814,0,0.0004084550188910446,0.0004084550188910446,683,683,0,-1,3,3,3,7,523,134,707
707,16,16,599,599,0,46,46,786,786,0,0.00034037918240920387,0.00034037918240920387,643,643,0,-1,3,3,5,2,347,532,483
708,28,234,681,959,278,62,62,664,664,0,0.00034037918240920387,0.0005786446100956465,640,721,81,3,3,3,10,4,82,202,346
709,4,106,438,927,489,8,8,414,414,0,6.807583648184077e-05,6.807583648184077e-05,439,439,0,4,5,5,4,2,495,634,337
710,0,0,1,1,0,0,0,1,1,0,0.0,0.0,1,1,0,-1,-1,-1,4,1,304,685,772
711,0,101,1,887,886,0,12,1,332,331,0.0,0.0,1,1,0,7,-1,8,12,1,222,920,765
712,42,144,842,962,120,12,12,616,616,0,0.0009870996289866913,0.0010211375472276116,822,828,6,4,4,4,2,15,804,138,449
713,16,117,581,912,331,27,27,536,536,0,3.4037918240920386e-05,3.4037918240920386e-05,405,405,0,6,3,3,7,1,265,360,374
714,0,0,1,1,0,0,0,1,1,0,0.0,0.0,1,1,0,-1,-1,-1,6,0,470,991,898
715,9,215,539,970,431,6,10,401,456,55,3.4037918240920386e-05,0.0009530617107457708,406,810,404,3,5,4,3,5,687,274,96
716,6,108,432,923,491,12,12,465,465,0,3.4037918240920386e-05,0.00017018959120460194,408,560,152,4,4,4,4,1,641,661,202
717,0,102,1,967,966,0,4,1,466,465,0.0,0.00037441710065012424,1,673,672,4,-1,5,2,0,807,649,637
718,0,0,1,1,0,0,0,1,1,0,0.0,0.0,1,1,0,-1,-1,-1,16,0,50,916,324
719,54,156,871,964,93,38,38,888,888,0,0.0010211375472276116,0.0012253650566731338,819,852,33,4,3,3,3,9,958,375,759
720,0,102,1,896,895,0,13,1,395,394,0.0,3.4037918240920386e-05,1,396,395,4,-1,5,7,0,118,979,711
721,24,640,621,990,369,70,84,542,587,45,0.00010211375472276115,0.0002723033459273631,477,603,126,2,3,3,18,3,86,248,720
722,65,65,833,833,0,58,58,747,747,0,0.0005446066918547262,0.0005446066918547262,722,722,0,-1,3,3,8,15,646,219,984
723,138,239,920,960,40,160,160,946,946,0,0.0034037918240920387,0.0034037918240920387,938,938,0,6,2,2,11,15,150,158,621
724,8,110,519,939,420,11,11,468,468,0,6.807583648184077e-05,0.00030634126416828345,441,616,175,4,4,4,4,2,562,694,368
725,0,206,1,948,947,0,32,1,386,385,0.0,3.4037918240920386e-05,1,395,394,3,-1,4,19,1,38,962,434
726,0,102,1,937,936,0,3,1,369,368,0.0,0.00034037918240920387,1,646,645,4,-1,5,2,1,596,779,519
727,125,331,911,977,66,150,150,957,957,0,0.003710133088260322,0.0051397256543789785,937,958,21,3,2,2,10,14,256,84,38
728,39,141,710,911,201,100,100,655,655,0,0.0005446066918547262,0.0005786446100956465,698,711,13,4,3,3,17,7,210,389,661
729,19,120,740,960,220,8,8,550,550,0,0.0004084550188910446,0.0006126825283365669,669,739,70,5,4,4,2,11,946,316,447
730,120,120,918,918,0,84,84,851,851,0,0.0020082371762143027,0.0020082371762143027,880,880,0,-1,3,3,9,17,395,96,890
731,10,10,617,617,0,12,12,682,682,0,0.0002382654276864427,0.0002382654276864427,600,600,0,-1,4,4,2,4,702,617,839
732,52,668,809,995,186,68,78,768,818,50,0.0009870996289866913,0.0020422750944552232,799,886,87,2,3,3,8,7,358,169,532
733,64,1704,800,1000,200,96,130,681,797,116,0.0005446066918547262,0.00707988699411144,709,965,256,1,3,2,14,8,122,204,46
734,0,206,1,958,957,0,19,1,444,443,0.0,0.00010211375472276115,1,478,477,3,-1,4,8,0,146,872,541
735,108,108,876,876,0,148,148,811,811,0,0.00088498587426393,0.00088498587426393,778,778,0,-1,3,3,17,15,10,138,943
736,0,102,1,880,879,0,17,1,374,373,0.0,6.807583648184077e-05,1,444,443,4,-1,5,12,1,175,920,496
737,58,159,857,959,102,34,34,778,778,0,0.0009530617107457708,0.001055175465468532,801,812,11,5,3,3,4,12,617,179,398
738,34,240,727,968,241,60,60,717,717,0,0.0006467204465774873,0.0011232513019503727,750,821,71,3,3,3,9,4,422,333,326
739,14,14,623,623,0,18,18,633,633,0,0.0006467204465774873,0.0006467204465774873,759,759,0,-1,4,4,3,3,801,103,716
740,25,25,700,700,0,24,24,602,602,0,0.0006467204465774873,0.0006467204465774873,744,744,0,-1,4,4,4,6,448,232,752
741,46,252,805,974,169,80,80,925,925,0,0.0021784267674189047,0.004935498144933456,882,956,74,3,2,2,6,4,98,143,77
742,10,112,554,924,370,17,17,512,512,0,0.0002723033459273631,0.00030634126416828345,615,636,21,4,4,4,5,3,284,704,566
743,0,102,1,869,868,0,18,1,344,343,0.0,0.0,1,1,0,4,-1,5,17,0,94,817,298
744,0,101,1,869,868,0,19,1,332,331,0.0,0.0,1,1,0,5,-1,6,19,1,148,641,292
745,13,13,664,664,0,8,8,539,539,0,0.00037441710065012424,0.00037441710065012424,675,675,0,-1,4,4,2,3,760,291,731
746,6,108,523,955,432,8,8,548,548,0,0.00037441710065012424,0.0016338200755641784,664,874,210,4,4,4,2,2,830,805,58
747,0,0,1,1,0,0,0,1,1,0,0.0,0.0,1,1,0,-1,-1,-1,2,0,873,686,846
748,2,104,347,878,531,18,26,364,396,32,0.0,0.00013615167296368154,1,519,518,4,5,5,14,1,198,736,259
749,0,101,1,883,882,0,11,1,331,330,0.0,0.0,1,1,0,5,-1,6,11,0,139,916,853
750,86,86,875,875,0,52,52,710,710,0,0.0013955546478777359,0.0013955546478777359,849,849,0,-1,3,3,7,17,340,96,664
751,16,16,589,589,0,32,32,663,663,0,0.0002042275094455223,0.0002042275094455223,558,558,0,-1,3,3,5,1,793,810,968
752,97,303,926,983,57,32,32,900,900,0,0.0020082371762143027,0.0026549576227917903,889,916,27,3,3,3,2,22,589,116,264
753,0,0,1,1,0,0,0,1,1,0,0.0,0.0,1,1,0,-1,-1,-1,19,1,11,913,876
754,183,799,933,996,63,246,270,898,932,34,0.0022465026039007454,0.0061949011198475104,894,962,68,2,2,2,21,27,13,304,77
755,0,0,1,1,0,0,0,1,1,0,0.0,0.0,1,1,0,-1,-1,-1,17,0,23,961,981
756,0,0,1,1,0,0,0,1,1,0,0.0,0.0,1,1,0,-1,-1,-1,5,3,474,753,725
757,0,0,1,1,0,0,0,1,1,0,0.0,0.0,1,1,0,-1,-1,-1,3,0,877,608,814
758,41,41,813,813,0,34,34,775,775,0,0.0008509479560230097,0.0008509479560230097,792,792,0,-1,3,3,4,6,397,295,901
759,42,143,807,939,132,48,48,878,878,0,0.0017018959120460194,0.0017018959120460194,867,866,-1,5,3,3,3,5,704,393,476
760,517,517,993,993,0,200,200,995,995,0,0.011640968038394772,0.011640968038394772,987,987,0,-1,2,2,8,75,350,24,874
761,0,0,1,1,0,0,0,1,1,0,0.0,0.0,1,1,0,-1,-1,-1,7,1,156,554,830
762,0,616,1,992,991,0,82,1,803,802,0.0,0.005207801490860819,1,957,956,2,-1,3,9,0,262,766,31
763,56,262,882,986,104,22,22,814,814,0,0.0018380475850097008,0.004663194799006093,888,949,61,3,3,3,2,14,771,84,111
764,394,394,988,988,0,88,88,971,971,0,0.009360427516253106,0.009360427516253106,979,979,0,-1,2,2,4,69,917,12,664
765,0,0,1,1,0,0,0,1,1,0,0.0,0.0,1,1,0,-1,-1,-1,5,0,744,909,911
766,16,16,553,553,0,34,34,496,496,0,0.00017018959120460194,0.00017018959120460194,531,531,0,-1,3,3,10,2,105,550,649
767,0,102,1,916,915,0,6,1,373,372,0.0,3.4037918240920386e-05,1,396,395,4,-1,5,4,0,762,973,347
768,0,0,1,1,0,0,0,1,1,0,0.0,0.0,1,1,0,-1,-1,-1,4,1,391,693,849
769,0,102,1,944,943,0,4,1,374,373,0.0,0.00010211375472276115,1,492,491,4,-1,5,3,0,674,483,580
770,0,206,1,935,934,0,46,1,426,425,0.0,0.0002382654276864427,1,594,593,3,-1,4,19,0,31,614,371
771,7,109,606,969,363,8,8,615,615,0,0.00017018959120460194,0.001055175465468532,564,821,257,4,4,4,2,4,866,305,42
772,0,101,1,928,927,0,4,1,332,331,0.0,0.0,1,1,0,5,-1,6,4,0,562,665,788
773,12,628,589,996,407,10,20,457,711,254,0.0002723033459273631,0.0018380475850097008,612,873,261,2,4,3,3,5,989,350,557
774,58,264,796,966,170,100,108,792,818,26,0.00616086320160659,0.007011811157629599,964,967,3,3,2,2,12,4,62,230,281
775,7,109,518,927,409,17,17,519,519,0,0.0,0.00017018959120460194,1,545,544,4,4,4,5,3,691,373,149
776,29,645,754,997,243,20,34,575,751,176,0.000442492937131965,0.002757071377514551,691,920,229,2,4,3,4,9,453,294,63
777,12,114,515,902,387,48,48,602,602,0,0.0002042275094455223,0.00030634126416828345,555,629,74,4,4,4,10,2,355,682,704
778,0,0,1,1,0,0,0,1,1,0,0.0,0.0,1,1,0,-1,-1,-1,5,0,601,808,961
779,0,0,1,1,0,0,0,1,1,0,0.0,0.0,1,1,0,-1,-1,-1,30,0,7,498,643
780,18,224,598,951,353,108,108,816,816,0,0.00013615167296368154,0.00037441710065012424,507,661,154,3,3,3,12,3,222,541,303
781,6,107,514,959,445,4,4,455,455,0,0.0002042275094455223,0.0002382654276864427,581,607,26,5,5,5,2,4,889,443,579
782,3,3,457,457,0,6,6,490,490,0,0.00013615167296368154,0.00013615167296368154,520,520,0,-1,5,5,3,2,984,323,529
783,1,207,333,970,637,4,12,333,486,153,0.0,0.0009870996289866913,1,812,811,3,8,4,4,1,401,765,118
784,0,0,1,1,0,0,0,1,1,0,0.0,0.0,1,1,0,-1,-1,-1,6,0,369,632,780
785,0,206,1,976,975,0,18,1,694,693,0.0,0.002995336805200994,1,929,928,3,-1,4,3,0,862,977,102
786,0,0,1,1,0,0,0,1,1,0,0.0,0.0,1,1,0,-1,-1,-1,7,0,366,758,632
787,0,206,1,969,968,0,26,1,630,629,0.0,0.0023486163586235067,1,898,897,3,-1,4,5,0,478,997,41
788,0,102,1,928,927,0,4,1,405,404,0.0,0.00017018959120460194,1,550,549,4,-1,5,2,1,750,779,197
789,69,69,874,874,0,28,28,725,725,0,0.002280540522141666,0.002280540522141666,899,899,0,-1,3,3,3,15,687,151,716
790,1,207,331,956,625,9,18,331,413,82,3.4037918240920386e-05,0.00013615167296368154,403,528,125,3,6,4,9,2,200,656,384
791,41,247,808,976,168,36,36,744,744,0,0.00034037918240920387,0.0005786446100956465,651,730,79,3,3,3,5,9,538,198,541
792,36,137,805,948,143,28,28,771,771,0,0.0006807583648184077,0.0007147962830593281,746,759,13,5,3,3,3,10,839,195,646
793,0,616,1,989,988,0,53,1,497,496,0.0,0.001599782157323258,1,850,849,2,-1,3,16,0,78,668,619
794,0,616,1,991,990,0,44,1,542,541,0.0,0.001497668402600497,1,845,844,2,-1,3,11,0,360,845,352
795,12,114,595,934,339,20,20,608,608,0,0.0002042275094455223,0.0006126825283365669,559,737,178,4,4,4,4,2,458,827,211
796,0,0,1,1,0,0,0,1,1,0,0.0,0.0,1,1,0,-1,-1,-1,2,0,990,511,953
797,11,113,584,938,354,24,24,669,669,0,0.0004084550188910446,0.0006807583648184077,666,752,86,4,4,4,4,4,650,557,516
798,6,212,460,972,512,20,24,609,688,79,0.00017018959120460194,0.0006126825283365669,549,745,196,3,4,4,4,1,631,655,470
799,0,616,1,997,996,0,26,1,711,710,0.0,0.0024166921951053475,1,905,904,2,-1,3,4,0,815,205,147
800,4,106,481,955,474,4,4,447,447,0,0.0002382654276864427,0.0004084550188910446,619,697,78,4,5,5,2,3,914,536,510
801,5,107,498,947,449,6,6,468,468,0,0.00010211375472276115,0.00013615167296368154,503,535,32,4,5,5,3,4,790,567,749
802,12,12,614,614,0,8,8,497,497,0,0.0002382654276864427,0.0002382654276864427,604,604,0,-1,4,4,2,5,750,636,883
803,0,102,1,909,908,0,10,1,385,384,0.0,0.00034037918240920387,1,639,638,4,-1,5,6,0,369,675,683
804,200,200,956,956,0,108,108,921,921,0,0.0030974505599237552,0.0030974505599237552,924,924,0,-1,3,3,8,25,358,105,632
805,21,122,713,949,236,24,24,713,713,0,0.0007147962830593281,0.0007147962830593281,765,765,0,7,4,4,4,8,673,257,703
806,25,127,731,940,209,18,18,542,542,0,0.00017018959120460194,0.00034037918240920387,555,646,91,4,4,4,5,7,612,176,285
807,199,199,961,961,0,54,54,881,881,0,0.0035739814152966403,0.0035739814152966403,934,934,0,-1,3,3,4,38,509,111,731
808,28,28,670,670,0,76,76,723,723,0,0.0005786446100956465,0.0005786446100956465,712,712,0,-1,3,3,10,3,153,318,909
809,56,56,815,815,0,88,88,881,881,0,0.001157289220191293,0.001157289220191293,817,817,0,-1,2,2,8,2,308,363,498
810,0,102,1,904,903,0,12,1,370,369,0.0,0.0,1,1,0,4,-1,5,9,0,180,979,618
811,22,22,653,653,0,44,44,648,648,0,0.0005786446100956465,0.0005786446100956465,729,729,0,-1,3,3,7,3,417,795,706
812,5,5,496,496,0,4,4,456,456,0,0.00034037918240920387,0.00034037918240920387,659,659,0,-1,5,5,2,4,851,450,910
813,6,6,403,403,0,56,56,629,629,0,6.807583648184077e-05,6.807583648184077e-05,448,448,0,-1,4,4,10,1,99,282,811
814,6,6,482,482,0,8,8,507,507,0,0.0,0.0,1,1,0,-1,4,4,2,3,816,321,445
815,0,0,1,1,0,0,0,1,1,0,0.0,0.0,1,1,0,-1,-1,-1,3,0,958,981,984
816,217,217,978,978,0,64,64,961,961,0,0.005990673610401988,0.005990673610401988,965,965,0,-1,3,3,4,54,462,28,808
817,0,102,1,923,922,0,5,1,380,379,0.0,0.00013615167296368154,1,530,529,4,-1,5,3,0,620,912,584
818,22,228,673,970,297,68,68,836,836,0,0.00030634126416828345,0.0005446066918547262,631,714,83,3,3,3,8,2,323,827,493
819,0,0,1,1,0,0,0,1,1,0,0.0,0.0,1,1,0,-1,-1,-1,5,0,435,778,804
820,71,277,902,986,84,38,38,923,923,0,0.002723033459273631,0.003710133088260322,918,942,24,3,3,3,3,17,871,85,63
821,0,101,1,902,901,0,7,1,329,328,0.0,0.0,1,1,0,7,-1,8,7,0,722,514,972
822,6,6,414,414,0,16,16,454,454,0,3.4037918240920386e-05,3.4037918240920386e-05,404,404,0,-1,4,4,6,1,624,463,520
823,6,622,477,1000,523,10,28,500,799,299,6.807583648184077e-05,0.003812246842983083,461,942,481,2,4,3,3,2,579,575,126
824,88,88,905,905,0,34,34,782,782,0,0.002314578440382586,0.002314578440382586,898,898,0,-1,3,3,4,18,545,171,629
825,0,0,1,1,0,0,0,1,1,0,0.0,0.0,1,1,0,-1,-1,-1,5,2,537,775,978
826,6,108,385,884,499,47,47,470,470,0,6.807583648184077e-05,0.00013615167296368154,445,515,70,4,4,4,16,1,26,527,373
827,0,0,1,1,0,0,0,1,1,0,0.0,0.0,1,1,0,-1,-1,-1,3,0,640,929,713
828,79,79,869,869,0,52,52,771,771,0,0.0018720855032506212,0.0018720855032506212,878,878,0,-1,3,3,7,18,416,63,902
829,62,164,903,974,71,22,22,845,845,0,0.002144388849177984,0.002280540522141666,902,908,6,4,3,3,2,17,548,85,279
830,6,212,413,964,551,16,20,428,463,35,6.807583648184077e-05,0.0002042275094455223,449,573,124,3,4,4,6,1,378,873,891
831,0,101,1,901,900,0,8,1,332,331,0.0,0.0,1,1,0,5,-1,6,8,0,137,489,313
832,106,306,928,982,54,54,54,887,887,0,0.0030293747234419145,0.00353994349705572,926,940,14,3,3,3,4,19,652,135,148
833,2,2,363,363,0,10,10,434,434,0,0.0,0.0,1,1,0,-1,5,5,5,1,795,594,571
834,0,0,1,1,0,0,0,1,1,0,0.0,0.0,1,1,0,-1,-1,-1,3,0,620,201,587
835,0,101,1,971,970,0,2,1,330,329,0.0,0.0,1,1,0,6,-1,7,2,2,941,462,893
836,0,102,1,878,877,0,16,1,370,369,0.0,0.00010211375472276115,1,479,478,4,-1,5,11,1,227,685,319
837,2,208,366,974,608,4,8,395,491,96,0.0,0.0007828721195411688,1,781,780,3,5,4,2,2,598,518,113
838,49,49,845,845,0,34,34,832,832,0,0.001055175465468532,0.001055175465468532,817,817,0,-1,3,3,4,11,824,83,664
839,0,0,1,1,0,0,0,1,1,0,0.0,0.0,1,1,0,-1,-1,-1,4,0,671,782,738
840,0,0,1,1,0,0,0,1,1,0,0.0,0.0,1,1,0,-1,-1,-1,7,0,472,445,817
841,0,206,1,965,964,0,22,1,570,569,0.0,0.0011232513019503727,1,822,821,3,-1,4,5,0,338,959,64
842,36,137,914,988,74,12,12,869,869,0,0.0012594029749140542,0.0014636304843595766,855,873,18,5,4,4,2,17,955,79,700
843,101,101,915,915,0,34,34,797,797,0,0.002212464685659825,0.002212464685659825,900,900,0,-1,3,3,4,23,401,106,971
844,0,0,1,1,0,0,0,1,1,0,0.0,0.0,1,1,0,-1,-1,-1,4,0,709,758,812
845,0,102,1,913,912,0,4,1,354,353,0.0,0.00017018959120460194,1,553,552,4,-1,5,3,0,737,698,310
846,160,360,936,981,45,126,126,917,917,0,0.0025188059498281084,0.002825147213996392,905,915,10,3,3,3,11,20,379,43,86
847,103,103,866,866,0,136,136,794,794,0,0.001497668402600497,0.001497668402600497,840,840,0,-1,2,2,16,10,132,366,948
848,32,238,711,961,250,132,132,880,880,0,0.0010211375472276116,0.001055175465468532,802,809,7,3,3,3,12,6,187,471,602
849,0,102,1,884,883,0,14,1,378,377,0.0,0.00013615167296368154,1,506,505,4,-1,5,9,0,202,917,124
850,0,0,1,1,0,0,0,1,1,0,0.0,0.0,1,1,0,-1,-1,-1,5,0,476,832,651
851,0,206,1,964,963,0,12,1,463,462,0.0,0.0009530617107457708,1,804,803,3,-1,4,4,0,858,455,96
852,0,616,1,998,997,0,20,1,576,575,0.0,0.0015317063208414173,1,858,857,2,-1,3,5,0,795,923,239
853,0,0,1,1,0,0,0,1,1,0,0.0,0.0,1,1,0,-1,-1,-1,9,0,315,912,828
854,0,0,1,1,0,0,0,1,1,0,0.0,0.0,1,1,0,-1,-1,-1,7,1,416,554,929
855,118,324,910,979,69,88,88,879,879,0,0.002586881786309949,0.003199564314646516,907,925,18,3,3,3,8,13,325,42,295
856,0,102,1,945,944,0,6,1,439,438,0.0,0.0002382654276864427,1,611,610,4,-1,5,3,0,485,686,727
857,18,18,583,583,0,82,82,693,693,0,0.0002042275094455223,0.0002042275094455223,562,562,0,-1,3,3,13,2,228,628,573
858,0,616,1,1000,999,0,28,1,832,831,0.0,0.005820484019197386,1,965,964,2,-1,3,3,0,600,498,111
859,110,316,945,988,43,12,12,602,602,0,0.003437829742332959,0.003710133088260322,938,946,8,3,4,4,2,31,954,102,870
860,0,0,1,1,0,0,0,1,1,0,0.0,0.0,1,1,0,-1,-1,-1,23,3,4,753,814
861,20,20,745,745,0,22,22,748,748,0,0.00037441710065012424,0.00037441710065012424,663,663,0,-1,3,3,4,4,738,443,779
862,153,359,928,980,52,124,124,926,926,0,0.0026889955410327104,0.005037611899656217,917,958,41,3,3,3,9,20,381,94,74
863,2,103,370,940,570,4,4,371,371,0,3.4037918240920386e-05,6.807583648184077e-05,402,443,41,5,5,5,3,1,903,639,509
864,6,107,508,956,448,8,8,539,539,0,0.0002042275094455223,0.0002382654276864427,567,596,29,5,4,4,2,2,809,223,409
865,24,125,750,952,202,18,18,658,658,0,0.0004084550188910446,0.0004084550188910446,686,686,0,6,4,4,3,10,588,272,656
866,0,0,1,1,0,0,0,1,1,0,0.0,0.0,1,1,0,-1,-1,-1,15,0,77,986,684
867,6,107,538,966,428,10,10,592,592,0,0.00010211375472276115,0.00010211375472276115,504,504,0,6,4,4,3,1,853,474,931
868,0,0,1,1,0,0,0,1,1,0,0.0,0.0,1,1,0,-1,-1,-1,18,0,34,943,644
869,66,168,882,966,84,34,34,844,844,0,0.0012253650566731338,0.0012934408931549745,839,843,4,4,3,3,4,17,679,226,314
870,0,0,1,1,0,0,0,1,1,0,0.0,0.0,1,1,0,-1,-1,-1,14,0,332,571,890
871,0,102,1,888,887,0,10,1,350,349,0.0,3.4037918240920386e-05,1,399,398,4,-1,5,9,0,208,911,231
872,133,133,966,966,0,32,32,943,943,0,0.005003573981415297,0.005003573981415297,960,960,0,-1,3,3,2,27,702,88,903
873,0,0,1,1,0,0,0,1,1,0,0.0,0.0,1,1,0,-1,-1,-1,4,0,652,999,742
874,123,225,926,971,45,86,86,924,924,0,0.002144388849177984,0.002314578440382586,898,906,8,4,3,3,6,20,526,94,332
875,24,24,756,756,0,28,28,791,791,0,0.0010211375472276116,0.0010211375472276116,819,819,0,-1,3,3,3,4,958,479,915
876,6,108,409,886,477,38,38,535,535,0,0.00010211375472276115,0.0004084550188910446,481,673,192,4,4,4,9,1,263,958,354
877,6,6,429,429,0,12,12,457,457,0,0.00010211375472276115,0.00010211375472276115,491,491,0,-1,4,4,4,3,694,309,975
878,0,0,1,1,0,0,0,1,1,0,0.0,0.0,1,1,0,-1,-1,-1,2,0,895,900,431
879,0,206,1,951,950,0,26,1,412,411,0.0,0.0002382654276864427,1,582,581,3,-1,4,13,0,160,981,378
880,40,40,734,734,0,182,182,938,938,0,0.0015317063208414173,0.0015317063208414173,850,850,0,-1,2,2,13,1,67,612,750
881,0,616,1,996,995,0,44,1,828,827,0.0,0.008543517478471017,1,975,974,2,-1,3,4,0,504,988,0
882,78,78,864,864,0,60,60,853,853,0,0.001940161339732462,0.001940161339732462,877,877,0,-1,3,3,5,18,349,63,985
883,0,102,1,911,910,0,4,1,357,356,0.0,0.00010211375472276115,1,474,473,4,-1,5,3,0,778,890,383
884,59,675,824,995,171,56,74,669,766,97,0.0005105687736138058,0.0046972327172470135,705,944,239,2,3,3,9,12,202,159,14
885,0,0,1,1,0,0,0,1,1,0,0.0,0.0,1,1,0,-1,-1,-1,4,0,540,926,933
886,32,134,709,916,207,48,48,598,598,0,0.0002723033459273631,0.00034037918240920387,598,634,36,4,3,3,9,6,164,368,430
887,9,9,626,626,0,8,8,572,572,0,0.0002382654276864427,0.0002382654276864427,615,615,0,-1,4,4,2,3,996,307,894
888,13,115,638,941,303,26,26,659,659,0,0.00030634126416828345,0.0007147962830593281,633,768,135,4,4,4,5,3,602,291,240
889,0,206,1,966,965,0,17,1,447,446,0.0,0.0005105687736138058,1,706,705,3,-1,4,7,0,416,673,414
890,22,228,637,967,330,80,80,788,788,0,0.00088498587426393,0.0009870996289866913,773,792,19,3,3,3,10,4,437,143,323
891,0,0,1,1,0,0,0,1,1,0,0.0,0.0,1,1,0,-1,-1,-1,35,0,20,205,978
892,199,300,949,973,24,192,192,947,947,0,0.0025188059498281084,0.0025188059498281084,909,909,0,5,2,2,13,20,67,95,931
893,8,110,544,933,389,11,12,478,488,10,0.00017018959120460194,0.0016678579938050988,556,874,318,4,4,4,4,5,578,464,94
894,14,116,678,957,279,18,18,718,718,0,0.00037441710065012424,0.000442492937131965,674,699,25,4,4,4,3,4,654,557,332
895,153,769,948,999,51,76,86,895,913,18,0.0037441710065012424,0.006126825283365669,941,965,24,2,3,3,6,24,281,13,405
896,1,207,332,982,650,2,8,332,536,204,0.0,0.0030634126416828346,1,938,937,3,7,4,2,1,686,621,105
897,15,221,660,978,318,14,14,589,589,0,0.0002723033459273631,0.0007147962830593281,612,768,156,3,4,4,3,6,433,424,306
898,50,666,753,992,239,138,148,776,799,23,0.0005446066918547262,0.0035739814152966403,707,930,223,2,3,3,18,6,111,192,28
899,124,124,915,915,0,110,110,964,964,0,0.0030974505599237552,0.0030974505599237552,924,924,0,-1,2,2,6,17,514,60,650
900,0,102,1,902,901,0,12,1,358,357,0.0,0.0,1,1,0,4,-1,5,11,0,261,881,862
901,30,236,746,973,227,26,26,615,615,0,0.0004084550188910446,0.002314578440382586,666,904,238,3,4,4,5,9,691,240,95
902,0,0,1,1,0,0,0,1,1,0,0.0,0.0,1,1,0,-1,-1,-1,3,0,708,754,949
903,29,29,810,810,0,8,8,589,589,0,0.0012253650566731338,0.0012253650566731338,841,841,0,-1,4,4,2,9,821,294,372
904,40,142,827,958,131,52,52,967,967,0,0.002927260968719153,0.0030974505599237552,920,924,4,4,2,2,3,1,628,612,165
905,0,102,1,926,925,0,3,1,366,365,0.0,0.0006126825283365669,1,746,745,4,-1,5,2,0,932,588,177
906,1,207,332,975,643,3,10,332,512,180,0.0,0.0013955546478777359,1,857,856,3,6,4,3,2,845,331,127
907,249,455,977,990,13,54,54,891,891,0,0.005888559855679227,0.006671431975220395,968,975,7,3,3,3,4,34,736,20,352
908,2,2,353,353,0,10,10,366,366,0,0.00010211375472276115,0.00010211375472276115,480,480,0,-1,5,5,8,1,282,687,489
909,1,207,333,972,639,4,16,333,545,212,3.4037918240920386e-05,0.001497668402600497,404,851,447,3,6,4,4,1,550,603,133
910,16,222,510,943,433,158,162,740,752,12,0.0005446066918547262,0.0012934408931549745,693,832,139,3,3,3,22,1,55,759,326
911,100,100,912,912,0,100,100,980,980,0,0.04200279110929576,0.04203682902753668,1000,1000,0,4,1,1,5,96,688,1,627
912,10,10,536,536,0,23,23,471,471,0,0.00017018959120460194,0.00017018959120460194,540,540,0,-1,4,4,8,3,365,536,668
913,0,102,1,927,926,0,4,1,361,360,0.0,0.00010211375472276115,1,485,484,4,-1,5,3,0,839,923,214
914,63,269,861,977,116,56,56,819,819,0,0.0015317063208414173,0.0016338200755641784,861,870,9,3,3,3,6,13,253,335,666
915,15,116,641,935,294,24,24,675,675,0,0.0002042275094455223,0.0002042275094455223,565,565,0,5,4,4,4,6,787,459,410
916,0,102,1,902,901,0,12,1,358,357,0.0,0.00010211375472276115,1,495,494,4,-1,5,11,0,261,445,631
917,2,2,352,352,0,5,5,352,352,0,0.0,0.0,1,1,0,-1,5,5,4,4,503,595,633
918,33,239,807,983,176,22,22,792,792,0,0.000442492937131965,0.007216038667075122,686,970,284,3,3,3,2,7,894,329,10
919,0,206,1,967,966,0,14,1,468,467,0.0,0.00030634126416828345,1,648,647,3,-1,4,5,0,677,994,535
920,27,129,775,951,176,44,44,887,887,0,0.0009870996289866913,0.0012934408931549745,812,847,35,4,3,3,4,7,581,224,253
921,92,194,891,959,68,66,66,859,859,0,0.001497668402600497,0.0017018959120460194,849,866,17,4,3,3,6,17,489,96,223
922,8,110,525,929,404,9,10,453,486,33,6.807583648184077e-05,0.00034037918240920387,452,651,199,4,4,4,3,3,620,646,194
923,168,168,959,959,0,90,90,965,965,0,0.00793083495013445,0.00793083495013445,976,976,0,-1,2,2,6,24,764,8,772
924,0,102,1,909,908,0,8,1,386,385,0.0,0.0002042275094455223,1,578,577,4,-1,5,5,0,669,933,308
925,12,12,638,638,0,7,7,494,494,0,0.00010211375472276115,0.00010211375472276115,503,503,0,-1,4,4,2,4,283,164,963
926,0,206,1,972,971,0,12,1,455,454,0.0,0.00037441710065012424,1,658,657,3,-1,4,5,1,430,806,40
927,16,118,628,931,303,30,30,734,734,0,0.00037441710065012424,0.0005446066918547262,671,727,56,4,3,3,4,1,401,741,262
928,24,230,664,967,303,32,32,542,542,0,0.00037441710065012424,0.0011913271384322134,651,813,162,3,4,4,8,4,443,167,352
929,16,632,525,992,467,92,138,616,760,144,0.0004084550188910446,0.004833384390210695,668,952,284,2,3,3,17,1,56,869,77
930,6,108,417,902,485,14,17,406,437,31,0.0,0.0004084550188910446,1,674,673,4,4,4,8,1,440,788,240
931,16,222,586,967,381,18,22,479,531,52,0.00010211375472276115,0.00034037918240920387,480,656,176,3,4,4,5,4,818,164,504
932,0,101,1,940,939,0,2,1,331,330,0.0,0.00017018959120460194,1,550,549,5,-1,6,2,0,977,772,241
933,46,252,775,968,193,56,56,643,643,0,0.0004765308553728854,0.0014295925661186562,685,851,166,3,3,3,9,9,269,391,179
934,0,102,1,917,916,0,8,1,387,386,0.0,0.00017018959120460194,1,539,538,4,-1,5,5,0,616,900,282
935,28,130,658,910,252,94,94,611,611,0,0.00030634126416828345,0.00034037918240920387,624,643,19,4,3,3,18,4,34,479,208
936,2,103,392,970,578,4,4,482,482,0,6.807583648184077e-05,0.00010211375472276115,460,498,38,5,5,5,2,2,936,223,654
937,38,244,679,951,272,222,222,861,861,0,0.0007828721195411688,0.0010892133837094523,748,812,64,3,3,3,21,4,54,407,197
938,211,313,989,997,8,32,32,966,966,0,0.011198475101262807,0.011504816365431091,987,987,0,4,3,3,2,78,941,9,326
939,23,639,722,998,276,24,34,647,772,125,0.0005786446100956465,0.003710133088260322,742,942,200,2,4,3,4,7,495,329,69
940,11,11,596,596,0,8,8,469,469,0,0.00017018959120460194,0.00017018959120460194,535,535,0,-1,4,4,2,4,966,380,568
941,142,142,922,922,0,104,104,898,898,0,0.0026889955410327104,0.0026889955410327104,907,907,0,-1,3,3,9,22,414,128,772
942,2,2,368,368,0,4,4,419,419,0,0.00017018959120460194,0.00017018959120460194,557,557,0,-1,5,5,2,1,980,394,877
943,6,6,463,463,0,12,12,511,511,0,0.0002042275094455223,0.0002042275094455223,574,574,0,-1,4,4,4,2,824,691,367
944,18,18,722,722,0,17,17,804,804,0,0.00037441710065012424,0.00037441710065012424,682,682,0,-1,3,3,2,4,977,581,632
945,22,22,632,632,0,64,64,642,642,0,0.0002042275094455223,0.0002042275094455223,561,561,0,-1,3,3,11,3,139,197,995
946,22,123,595,901,306,82,82,570,570,0,0.00037441710065012424,0.0004084550188910446,650,662,12,5,3,3,17,2,71,680,878
947,30,132,777,952,175,40,40,829,829,0,0.0005105687736138058,0.0013615167296368155,703,843,140,4,3,3,5,4,557,470,125
948,123,123,971,971,0,22,22,888,888,0,0.006058749446883829,0.006058749446883829,966,966,0,-1,3,3,2,49,481,51,754
949,100,100,860,860,0,100,100,700,700,0,0.01317267435923619,0.013683243132849994,985,987,2,3,1,1,14,17,121,79,494
950,95,95,872,872,0,90,90,779,779,0,0.0010211375472276116,0.0010211375472276116,804,804,0,-1,3,3,10,20,135,189,446
951,6,107,460,934,474,8,8,469,469,0,0.0,0.0,1,1,0,5,4,4,2,2,966,691,721
952,16,16,611,611,0,36,36,698,698,0,0.00034037918240920387,0.00034037918240920387,648,648,0,-1,3,3,5,1,701,655,975
953,0,206,1,975,974,0,12,1,482,481,0.0,0.0007488342013002485,1,766,765,3,-1,4,4,0,660,929,139
954,6,622,407,991,584,18,46,402,587,185,0.0,0.002110350930937064,1,895,894,2,4,3,10,1,409,337,172
955,0,0,1,1,0,0,0,1,1,0,0.0,0.0,1,1,0,-1,-1,-1,3,0,862,898,985
956,19,225,655,971,316,24,24,698,698,0,0.0002723033459273631,0.0006467204465774873,604,745,141,3,3,3,3,5,778,710,407
957,37,37,733,733,0,84,84,697,697,0,0.0004084550188910446,0.0004084550188910446,673,673,0,-1,3,3,13,9,242,212,965
958,0,0,1,1,0,0,0,1,1,0,0.0,0.0,1,1,0,-1,-1,-1,6,0,498,546,942
959,0,0,1,1,0,0,0,1,1,0,0.0,0.0,1,1,0,-1,-1,-1,3,0,459,910,513
960,0,206,1,970,969,0,24,1,654,653,0.0,0.003369753905851118,1,930,929,3,-1,4,4,0,512,976,77
961,1,207,332,991,659,2,8,332,679,347,0.0,0.0038462847612240037,1,950,949,3,7,4,2,1,920,603,88
962,0,206,1,975,974,0,9,1,499,498,0.0,0.000442492937131965,1,700,699,3,-1,4,3,0,845,910,414
963,0,101,1,901,900,0,6,1,332,331,0.0,0.0,1,1,0,5,-1,6,6,0,536,801,743
964,0,0,1,1,0,0,0,1,1,0,0.0,0.0,1,1,0,-1,-1,-1,6,0,514,608,947
965,0,102,1,895,894,0,8,1,355,354,0.0,0.0002723033459273631,1,617,616,4,-1,5,7,0,466,938,805
966,0,102,1,932,931,0,6,1,371,370,0.0,0.00013615167296368154,1,514,513,4,-1,5,5,2,580,709,625
967,16,118,604,917,313,32,32,618,618,0,0.0005105687736138058,0.0008509479560230097,717,787,70,4,4,4,6,7,387,170,562
968,99,99,885,885,0,118,118,947,947,0,0.002586881786309949,0.002586881786309949,909,909,0,-1,2,2,9,18,177,63,790
969,0,102,1,942,941,0,4,1,424,423,0.0,0.00088498587426393,1,805,804,4,-1,5,2,0,964,939,118
970,102,203,902,963,61,122,122,958,958,0,0.003642057251778481,0.003642057251778481,940,940,0,6,2,2,8,15,137,158,374
971,26,26,769,769,0,24,24,796,796,0,0.0004084550188910446,0.0004084550188910446,692,692,0,-1,3,3,3,4,845,167,985
972,9,215,558,971,413,10,18,453,541,88,0.00010211375472276115,0.002586881786309949,493,910,417,3,5,4,5,5,601,274,41
973,6,6,403,403,0,26,26,478,478,0,0.00017018959120460194,0.00017018959120460194,538,538,0,-1,4,4,9,1,389,904,674
974,27,27,811,811,0,12,12,696,696,0,0.00088498587426393,0.00088498587426393,802,802,0,-1,4,4,2,10,982,366,356
975,0,206,1,947,946,0,42,1,442,441,0.0,0.00037441710065012424,1,651,650,3,-1,4,16,0,59,826,432
976,72,72,807,807,0,172,172,790,790,0,0.0006807583648184077,0.0006807583648184077,750,750,0,-1,2,2,19,4,14,622,235
977,2,2,367,367,0,8,8,444,444,0,0.00013615167296368154,0.00013615167296368154,528,528,0,-1,5,5,4,1,721,869,959
978,480,686,986,996,10,234,234,979,979,0,0.007624493685966166,0.007862759113652609,968,969,1,3,2,2,15,69,138,12,521
979,0,206,1,968,967,0,11,1,461,460,0.0,0.00034037918240920387,1,652,651,3,-1,4,4,0,740,801,308
980,41,41,790,790,0,54,54,774,774,0,0.0006467204465774873,0.0006467204465774873,747,747,0,-1,3,3,7,6,320,467,934
981,16,222,554,959,405,35,48,530,589,59,3.4037918240920386e-05,0.0020422750944552232,399,883,484,3,3,3,9,1,381,592,38
982,0,102,1,896,895,0,8,1,366,365,0.0,3.4037918240920386e-05,1,405,404,4,-1,5,6,0,393,914,353
983,699,699,999,999,0,56,56,976,976,0,0.02188638142891181,0.02188638142891181,998,998,0,-1,2,2,2,157,925,2,808
984,6,212,403,957,554,22,28,418,462,44,0.00013615167296368154,0.0007147962830593281,511,755,244,3,4,4,11,1,379,687,219
985,0,206,1,942,941,0,32,1,396,395,0.0,0.0002042275094455223,1,568,567,3,-1,4,16,1,117,828,510
986,698,904,994,1000,6,264,264,999,999,0,0.01497668402600497,0.015283025290173252,989,989,0,3,2,2,9,85,101,0,363
987,24,230,677,966,289,34,46,565,668,103,0.0005446066918547262,0.0019061234214915416,711,883,172,3,3,3,8,4,201,319,297
988,0,206,1,955,954,0,23,1,466,465,0.0,0.0004765308553728854,1,692,691,3,-1,4,8,0,334,892,150
989,0,101,1,935,934,0,2,1,332,331,0.0,6.807583648184077e-05,1,463,462,5,-1,6,2,0,283,881,231
990,19,225,636,960,324,46,50,647,686,39,0.0002382654276864427,0.0004765308553728854,584,698,114,3,3,3,8,5,508,722,501
991,0,101,1,892,891,0,10,1,332,331,0.0,0.0,1,1,0,5,-1,6,10,0,409,564,721
992,16,222,576,962,386,62,62,701,701,0,0.00030634126416828345,0.0006126825283365669,621,731,110,3,3,3,10,1,243,404,107
993,283,384,982,991,9,48,48,915,915,0,0.007011811157629599,0.007011811157629599,975,975,0,5,3,3,3,49,585,16,607
994,0,206,1,963,962,0,20,1,467,466,0.0,0.0011913271384322134,1,823,822,3,-1,4,8,0,318,629,89
995,0,206,1,970,969,0,20,1,567,566,0.0,0.0018040096667687805,1,878,877,3,-1,4,4,0,304,201,158
996,0,0,1,1,0,0,0,1,1,0,0.0,0.0,1,1,0,-1,-1,-1,6,0,549,998,569
997,1,1,333,333,0,3,3,333,333,0,0.0,0.0,1,1,0,-1,7,7,3,2,530,582,568
998,6,212,430,969,539,18,22,497,543,46,0.00030634126416828345,0.0015317063208414173,635,858,223,3,4,4,5,1,392,420,106
999,16,118,523,890,367,124,124,735,735,0,0.00037441710065012424,0.0004084550188910446,658,668,10,4,3,3,17,2,73,223,592
