,FreeNet_pre_score,FreeNet_post_score,FreeNet_pre_rank,FreeNet_post_rank,FreeNet_delta_ranks,Reversed_pre_score,Reversed_post_score,Reversed_pre_rank,Reversed_post_rank,Reversed_delta_ranks,Random_pre_score,Random_post_score,Random_pre_rank,Random_post_rank,Random_delta_ranks,dist_victim_relayer,dist_victim_vilain_pre,dist_victim_vilain_post,out_deg_victim,in_deg_villain,victim,villain,relayer
0,0,206,1,976,975,0,10,1,532,531,0.0,0.0009190237925048504,1,806,805,3,-1,4,3,1,899,920,261
1,29,131,722,917,195,22,22,532,532,0,0.0002723033459273631,0.000442492937131965,606,689,83,4,4,4,5,7,793,176,653
2,0,0,1,1,0,0,0,1,1,0,0.0,0.0,1,1,0,-1,-1,-1,5,0,463,728,740
3,3,209,458,981,523,5,18,412,695,283,3.4037918240920386e-05,0.005377991082065421,402,961,559,3,5,4,3,2,718,549,12
4,0,102,1,910,909,0,10,1,393,392,0.0,0.00010211375472276115,1,486,485,4,-1,5,6,0,295,865,420
5,26,232,678,961,283,70,70,730,730,0,0.00034037918240920387,0.00037441710065012424,642,660,18,3,3,3,9,4,123,86,477
6,8,110,518,923,405,26,26,638,638,0,0.00017018959120460194,0.0004765308553728854,533,696,163,4,4,4,5,2,656,700,212
7,0,206,1,963,962,0,18,1,502,501,0.0,0.0015317063208414173,1,850,849,3,-1,4,5,0,531,678,72
8,206,206,944,944,0,204,204,926,926,0,0.002757071377514551,0.002757071377514551,915,915,0,-1,2,2,15,20,37,49,910
9,595,801,992,997,5,200,200,993,993,0,0.011777119711358454,0.011981347220803976,983,983,0,3,2,2,8,81,357,32,465
10,0,102,1,911,910,0,6,1,372,371,0.0,0.00010211375472276115,1,480,479,4,-1,5,4,0,917,483,451
11,13,115,602,926,324,12,12,472,472,0,6.807583648184077e-05,0.00013615167296368154,449,529,80,4,4,4,4,5,675,274,496
12,0,0,1,1,0,0,0,1,1,0,0.0,0.0,1,1,0,-1,-1,-1,15,1,95,685,705
13,30,236,673,952,279,88,96,651,672,21,0.000442492937131965,0.002757071377514551,677,916,239,3,3,3,14,5,127,124,8
14,0,206,1,965,964,0,17,1,503,502,0.0,0.00088498587426393,1,781,780,3,-1,4,5,0,667,963,92
15,76,282,888,981,93,40,40,779,779,0,0.0014636304843595766,0.0018040096667687805,852,871,19,3,3,3,5,17,534,45,350
16,8,110,538,938,400,10,10,502,502,0,0.0002042275094455223,0.00030634126416828345,566,625,59,4,4,4,3,2,912,22,691
17,0,206,1,959,958,0,17,1,425,424,0.0,0.000442492937131965,1,691,690,3,-1,4,7,1,417,874,245
18,0,102,1,957,956,0,3,1,388,387,0.0,0.00034037918240920387,1,665,664,4,-1,5,2,0,995,732,447
19,2,104,362,913,551,10,10,413,413,0,3.4037918240920386e-05,0.00013615167296368154,404,509,105,4,5,5,5,1,407,607,231
20,16,16,588,588,0,52,52,656,656,0,0.00010211375472276115,0.00010211375472276115,475,475,0,-1,3,3,9,1,319,110,665
21,16,222,645,976,331,36,36,792,792,0,0.000442492937131965,0.0032336022328874367,701,927,226,3,3,3,5,1,744,404,28
22,22,638,546,990,444,96,110,518,571,53,0.0002723033459273631,0.0006467204465774873,583,720,137,2,3,3,23,2,15,524,341
23,2,104,363,923,560,4,6,364,409,45,0.0,6.807583648184077e-05,1,460,459,4,5,5,3,1,836,781,655
24,6,108,429,918,489,16,16,519,519,0,0.00013615167296368154,0.00034037918240920387,515,656,141,4,4,4,4,3,694,285,149
25,6,6,417,417,0,28,28,613,613,0,0.00017018959120460194,0.00017018959120460194,539,539,0,-1,4,4,6,4,446,409,564
26,0,102,1,927,926,0,6,1,385,384,0.0,0.00017018959120460194,1,553,552,4,-1,5,4,0,777,866,107
27,151,357,942,982,40,72,72,837,837,0,0.003199564314646516,0.003437829742332959,935,938,3,3,3,3,7,32,170,26,29
28,0,102,1,934,933,0,6,1,391,390,0.0,0.0002723033459273631,1,624,623,4,-1,5,4,0,728,820,396
29,2,208,366,978,612,4,12,395,579,184,0.00010211375472276115,0.0009530617107457708,489,813,324,3,5,4,2,2,586,532,64
30,28,28,780,780,0,30,30,811,811,0,0.0006807583648184077,0.0006807583648184077,762,762,0,-1,3,3,4,3,827,616,808
31,31,31,726,726,0,68,68,799,799,0,0.0007828721195411688,0.0007828721195411688,764,764,0,-1,3,3,8,5,415,216,513
32,6,108,447,926,479,10,11,453,457,4,3.4037918240920386e-05,0.0002723033459273631,404,613,209,4,4,4,4,2,313,654,266
33,16,118,676,954,278,8,8,520,520,0,0.0006467204465774873,0.0008509479560230097,739,786,47,4,4,4,2,8,999,186,223
34,53,53,875,875,0,12,12,628,628,0,0.0009190237925048504,0.0009190237925048504,810,810,0,-1,4,4,2,19,939,184,871
35,2,104,359,913,554,10,10,420,420,0,6.807583648184077e-05,0.00013615167296368154,445,520,75,4,5,5,5,1,604,152,392
36,8,110,563,941,378,10,10,517,517,0,0.00034037918240920387,0.0009870996289866913,665,818,153,4,4,4,3,4,683,239,139
37,149,149,960,960,0,28,28,794,794,0,0.0030634126416828346,0.0030634126416828346,929,929,0,-1,3,3,3,38,337,111,963
38,90,192,899,965,66,70,70,934,934,0,0.001599782157323258,0.001599782157323258,858,858,0,4,3,3,5,14,386,146,402
39,2,103,359,903,544,11,11,392,392,0,3.4037918240920386e-05,3.4037918240920386e-05,413,413,0,5,5,5,7,2,342,885,581
40,14,14,658,658,0,18,18,692,692,0,0.0006807583648184077,0.0006807583648184077,759,759,0,-1,4,4,3,3,845,382,977
41,19,225,621,957,336,82,82,721,721,0,0.0002723033459273631,0.00088498587426393,607,778,171,3,3,3,11,4,220,287,268
42,0,0,1,1,0,0,0,1,1,0,0.0,0.0,1,1,0,-1,-1,-1,2,0,942,930,624
43,0,0,1,1,0,0,0,1,1,0,0.0,0.0,1,1,0,-1,-1,-1,15,0,77,446,538
44,2,2,356,356,0,6,6,376,376,0,3.4037918240920386e-05,3.4037918240920386e-05,406,406,0,-1,5,5,4,1,539,543,933
45,0,0,1,1,0,0,0,1,1,0,0.0,0.0,1,1,0,-1,-1,-1,2,0,841,514,358
46,0,206,1,969,968,0,16,1,494,493,0.0,0.0004084550188910446,1,671,670,3,-1,4,5,1,326,738,263
47,2,103,386,959,573,5,5,439,439,0,0.0002382654276864427,0.00034037918240920387,608,659,51,5,5,5,3,1,852,904,931
48,0,206,1,972,971,0,11,1,486,485,0.0,0.0004765308553728854,1,701,700,3,-1,4,4,0,706,834,351
49,16,16,505,505,0,71,71,501,501,0,6.807583648184077e-05,6.807583648184077e-05,438,438,0,-1,3,3,21,1,25,870,973
50,28,130,756,944,188,32,32,877,877,0,0.0011913271384322134,0.0012253650566731338,827,830,3,4,3,3,2,7,905,224,904
51,12,12,498,498,0,60,60,542,542,0,0.0002042275094455223,0.0002042275094455223,569,569,0,-1,4,4,14,2,121,468,742
52,4,106,426,915,489,9,10,399,418,19,3.4037918240920386e-05,0.0004084550188910446,410,673,263,4,5,5,5,3,724,411,591
53,2,208,359,961,602,8,22,359,487,128,0.0,0.00176997174852786,1,875,874,3,5,4,7,2,171,374,61
54,20,636,697,999,302,18,28,635,798,163,0.0002042275094455223,0.009394465434494027,568,982,414,2,4,3,3,7,627,134,11
55,90,192,923,975,52,28,28,835,835,0,0.0026209197045508697,0.0030974505599237552,911,924,13,4,3,3,3,18,628,141,386
56,12,12,538,538,0,36,36,629,629,0,0.0005446066918547262,0.0005446066918547262,715,715,0,-1,4,4,6,2,432,473,951
57,0,0,1,1,0,0,0,1,1,0,0.0,0.0,1,1,0,-1,-1,-1,7,0,182,999,633
58,76,178,857,948,91,64,64,782,782,0,0.0013274788113958951,0.0013955546478777359,832,840,8,4,3,3,8,13,308,42,444
59,0,206,1,966,965,0,14,1,487,486,0.0,0.00088498587426393,1,792,791,3,-1,4,3,0,837,825,415
60,16,117,523,883,360,62,62,536,536,0,0.0006126825283365669,0.0006126825283365669,720,720,0,5,3,3,16,2,151,805,374
61,32,133,734,922,188,38,38,687,687,0,0.0005786446100956465,0.0005786446100956465,726,726,0,5,3,3,6,7,536,170,788
62,6,212,477,973,496,14,14,568,568,0,0.0002042275094455223,0.0011913271384322134,575,845,270,3,4,4,3,1,583,711,403
63,14,220,645,976,331,12,12,609,609,0,0.0005786446100956465,0.011096361346540046,723,989,266,3,4,4,2,4,733,336,3
64,27,128,764,941,177,22,22,746,746,0,0.0013615167296368155,0.0013615167296368155,857,857,0,5,3,3,2,5,971,393,743
65,40,40,771,771,0,56,56,794,794,0,0.001157289220191293,0.001157289220191293,819,819,0,-1,3,3,6,4,255,185,709
66,28,28,740,740,0,42,42,705,705,0,0.0005105687736138058,0.0005105687736138058,719,719,0,-1,3,3,6,3,526,616,705
67,0,0,1,1,0,0,0,1,1,0,0.0,0.0,1,1,0,-1,-1,-1,2,0,747,774,982
68,0,101,1,936,935,0,3,1,332,331,0.0,0.0,1,1,0,5,-1,6,3,0,756,991,509
69,328,429,986,992,6,96,96,996,996,0,0.011845195547840293,0.011845195547840293,989,989,0,7,2,2,3,55,829,21,448
70,8,624,485,991,506,44,58,491,546,55,0.0002042275094455223,0.0012594029749140542,566,830,264,2,4,3,14,2,172,408,518
71,166,268,953,977,24,76,76,901,901,0,0.0033357159876101976,0.0034037918240920387,931,935,4,4,3,3,6,31,526,35,342
72,0,1640,1,1000,999,0,53,1,742,741,0.0,0.011913271384322134,1,984,983,1,-1,2,8,1,541,852,683
73,9,111,608,954,346,7,8,517,535,18,0.0002723033459273631,0.0007828721195411688,622,789,167,4,4,4,2,4,876,332,413
74,36,138,784,944,160,46,46,781,781,0,0.0009870996289866913,0.0010211375472276116,815,819,4,4,3,3,6,5,373,403,385
75,28,644,671,991,320,100,100,803,803,0,0.0006467204465774873,0.0014295925661186562,735,846,111,2,3,3,10,4,240,326,154
76,110,212,914,960,46,104,104,886,886,0,0.0018720855032506212,0.0019741992579733825,883,885,2,4,3,3,9,19,119,144,315
77,0,101,1,899,898,0,8,1,331,330,0.0,0.00010211375472276115,1,475,474,5,-1,6,8,1,270,573,694
78,6,108,384,878,494,56,56,520,520,0,0.00010211375472276115,0.00017018959120460194,472,533,61,4,4,4,16,1,134,797,560
79,12,114,643,952,309,14,14,624,624,0,0.00030634126416828345,0.00088498587426393,650,801,151,4,4,4,3,2,569,827,114
80,18,18,700,700,0,14,14,628,628,0,0.0008169100377820892,0.0008169100377820892,796,796,0,-1,4,4,3,6,879,192,651
81,16,117,687,945,258,22,22,792,792,0,0.00017018959120460194,0.00017018959120460194,565,565,0,7,3,3,2,2,894,719,663
82,66,66,851,851,0,72,72,843,843,0,0.0012934408931549745,0.0012934408931549745,832,832,0,-1,3,3,7,14,364,190,205
83,0,0,1,1,0,0,0,1,1,0,0.0,0.0,1,1,0,-1,-1,-1,3,0,471,876,798
84,17,223,650,972,322,46,46,807,807,0,0.0005786446100956465,0.0009530617107457708,728,806,78,3,3,3,5,2,326,101,263
85,4,4,485,485,0,4,4,451,451,0,0.00013615167296368154,0.00013615167296368154,514,514,0,-1,5,5,2,2,890,586,731
86,0,0,1,1,0,0,0,1,1,0,0.0,0.0,1,1,0,-1,-1,-1,3,0,592,905,716
87,0,102,1,949,948,0,4,1,429,428,0.0,0.00010211375472276115,1,505,504,4,-1,5,2,0,781,732,622
88,0,102,1,898,897,0,9,1,368,367,0.0,3.4037918240920386e-05,1,398,397,4,-1,5,7,0,450,766,509
89,0,616,1,992,991,0,60,1,576,575,0.0,0.002314578440382586,1,903,902,2,-1,3,13,1,129,539,128
90,0,101,1,931,930,0,3,1,332,331,0.0,3.4037918240920386e-05,1,410,409,5,-1,6,3,0,579,228,567
91,6,6,433,433,0,26,26,624,624,0,0.00013615167296368154,0.00013615167296368154,511,511,0,-1,4,4,5,1,290,681,254
92,12,12,644,644,0,14,14,594,594,0,0.00013615167296368154,0.00013615167296368154,522,522,0,-1,4,4,3,5,708,362,820
93,103,103,884,884,0,184,184,862,862,0,0.0012253650566731338,0.0012253650566731338,821,821,0,-1,3,3,18,15,34,62,644
94,0,0,1,1,0,0,0,1,1,0,0.0,0.0,1,1,0,-1,-1,-1,4,0,650,716,588
95,108,210,933,970,37,44,44,869,869,0,0.0033357159876101976,0.0034037918240920387,935,937,2,4,3,3,4,27,578,69,191
96,18,120,650,926,276,20,20,617,617,0,0.0004084550188910446,0.0010211375472276116,664,804,140,4,4,4,4,6,783,494,264
97,18,120,699,949,250,24,24,711,711,0,0.0008169100377820892,0.0010211375472276116,774,816,42,4,4,4,4,3,607,382,510
98,50,256,794,966,172,74,74,758,758,0,0.0008509479560230097,0.0012594029749140542,785,830,45,3,3,3,9,10,263,296,249
99,22,22,685,685,0,26,26,628,628,0,0.00034037918240920387,0.00034037918240920387,647,647,0,-1,4,4,5,5,669,182,952
100,6,108,480,938,458,12,12,583,583,0,0.00030634126416828345,0.00034037918240920387,633,655,22,4,4,4,2,4,689,409,508
101,16,222,556,957,401,88,92,734,753,19,0.0002723033459273631,0.0006807583648184077,608,743,135,3,3,3,12,1,96,655,221
102,0,101,1,923,922,0,4,1,332,331,0.0,0.0,1,1,0,5,-1,6,4,0,403,845,662
103,256,462,964,985,21,114,114,903,903,0,0.005514142755029102,0.006433166547533953,957,965,8,3,3,3,9,50,202,33,193
104,140,242,935,970,35,108,108,925,925,0,0.0024507301133462676,0.0024507301133462676,909,909,0,4,3,3,8,17,499,81,829
105,142,142,946,946,0,48,48,925,925,0,0.003710133088260322,0.003710133088260322,940,940,0,-1,3,3,3,25,471,105,446
106,2,2,365,365,0,11,11,425,425,0,0.0,0.0,1,1,0,-1,5,5,6,2,494,575,950
107,0,0,1,1,0,0,0,1,1,0,0.0,0.0,1,1,0,-1,-1,-1,10,1,437,913,982
108,0,0,1,1,0,0,0,1,1,0,0.0,0.0,1,1,0,-1,-1,-1,6,0,451,699,695
109,10,216,610,979,369,8,8,508,508,0,0.00010211375472276115,0.0005786446100956465,502,739,237,3,4,4,2,3,776,369,637
110,45,251,717,960,243,122,130,666,684,18,0.0004084550188910446,0.0019741992579733825,657,881,224,3,3,3,21,5,13,310,108
111,1120,1326,1000,1000,0,176,176,987,987,0,0.02042275094455223,0.021035433472888797,994,995,1,3,2,2,8,157,483,2,289
112,21,123,648,912,264,44,44,659,659,0,0.0002723033459273631,0.000442492937131965,595,673,78,4,3,3,7,5,182,241,536
113,61,267,833,975,142,58,58,747,747,0,0.0010892133837094523,0.001497668402600497,815,851,36,3,3,3,8,14,371,84,381
114,4,4,505,505,0,4,4,470,470,0,0.00017018959120460194,0.00017018959120460194,564,564,0,-1,5,5,2,2,866,770,948
115,0,102,1,905,904,0,7,1,372,371,0.0,3.4037918240920386e-05,1,398,397,4,-1,5,5,0,501,604,662
116,2,104,381,940,559,3,4,384,413,29,0.0,0.0002042275094455223,1,589,588,4,5,5,2,2,820,679,467
117,0,206,1,956,955,0,40,1,519,518,0.0,0.0019741992579733825,1,883,882,3,-1,4,11,0,234,860,79
118,14,14,556,556,0,38,38,551,551,0,0.00030634126416828345,0.00030634126416828345,631,631,0,-1,4,4,9,4,126,220,643
119,1,1,333,333,0,2,2,333,333,0,0.0,0.0,1,1,0,-1,6,6,2,1,771,671,930
120,78,78,885,885,0,34,34,757,757,0,0.001599782157323258,0.001599782157323258,864,864,0,-1,3,3,4,17,753,96,969
121,0,0,1,1,0,0,0,1,1,0,0.0,0.0,1,1,0,-1,-1,-1,3,0,918,804,949
122,110,212,954,981,27,44,44,929,929,0,0.004288777698355968,0.004493005207801491,943,948,5,4,3,3,4,31,738,102,317
123,0,101,1,902,901,0,8,1,332,331,0.0,0.0,1,1,0,7,-1,8,8,1,371,913,765
124,0,102,1,887,886,0,10,1,356,355,0.0,0.0,1,1,0,4,-1,5,9,0,192,986,592
125,24,24,785,785,0,28,28,833,833,0,0.0008509479560230097,0.0008509479560230097,793,793,0,-1,3,3,3,5,600,283,963
126,88,88,929,929,0,22,22,833,833,0,0.002552843868069029,0.002552843868069029,914,914,0,-1,3,3,2,20,929,38,969
127,0,102,1,894,893,0,12,1,391,390,0.0,0.00017018959120460194,1,542,541,4,-1,5,7,0,417,546,501
128,1,207,333,939,606,30,74,333,430,97,0.0,0.00030634126416828345,1,614,613,3,7,4,30,1,7,765,107
129,16,632,590,996,406,36,50,684,788,104,0.0002723033459273631,0.0048674223084516155,604,959,355,2,3,3,5,1,426,727,20
130,0,0,1,1,0,0,0,1,1,0,0.0,0.0,1,1,0,-1,-1,-1,13,1,160,685,897
131,6,212,390,952,562,19,52,379,542,163,0.0,0.00176997174852786,1,866,865,3,4,4,12,2,87,721,85
132,10,112,648,964,316,8,8,572,572,0,0.0005786446100956465,0.0007488342013002485,743,783,40,4,4,4,2,4,799,288,610
133,0,0,1,1,0,0,0,1,1,0,0.0,0.0,1,1,0,-1,-1,-1,7,0,678,940,961
134,174,275,939,967,28,182,182,942,942,0,0.004016474352428605,0.004016474352428605,942,942,0,6,2,2,13,22,90,128,893
135,1,1,332,332,0,3,3,332,332,0,3.4037918240920386e-05,3.4037918240920386e-05,403,403,0,-1,6,6,3,3,844,708,750
136,77,179,854,943,89,130,130,934,934,0,0.0015657442390823377,0.0017359338302869397,851,864,13,4,3,3,10,15,409,137,121
137,2,103,366,930,564,6,6,421,421,0,3.4037918240920386e-05,0.00010211375472276115,405,493,88,5,5,5,3,1,712,531,615
138,2,208,350,947,597,10,42,350,537,187,0.0,0.001157289220191293,1,814,813,3,5,4,9,1,101,861,148
139,118,118,954,954,0,22,22,792,792,0,0.002280540522141666,0.002280540522141666,901,901,0,-1,3,3,2,33,937,15,966
140,12,218,661,983,322,12,12,658,658,0,0.0006467204465774873,0.001497668402600497,762,869,107,3,4,4,2,2,897,475,216
141,38,139,857,973,116,22,22,869,869,0,0.0024507301133462676,0.0026209197045508697,914,920,6,5,3,3,2,6,751,658,319
142,0,616,1,994,993,0,42,1,641,640,0.0,0.0015317063208414173,1,848,847,2,-1,3,6,0,157,644,227
143,0,0,1,1,0,0,0,1,1,0,0.0,0.0,1,1,0,-1,-1,-1,7,0,193,939,856
144,12,218,515,955,440,31,36,465,496,31,0.00010211375472276115,0.00037441710065012424,496,654,158,3,4,4,10,3,114,585,262
145,2,104,385,960,575,5,6,426,505,79,3.4037918240920386e-05,0.0002382654276864427,399,605,206,4,5,5,3,3,915,755,282
146,14,14,575,575,0,34,34,597,597,0,0.00030634126416828345,0.00030634126416828345,623,623,0,-1,4,4,7,4,141,479,908
147,6,212,397,952,555,21,46,391,506,115,3.4037918240920386e-05,0.0008169100377820892,403,766,363,3,4,4,13,2,129,292,79
148,16,632,633,998,365,34,44,738,828,90,0.00030634126416828345,0.002314578440382586,637,896,259,2,3,3,4,1,304,655,642
149,10,10,546,546,0,12,12,463,463,0,0.0002042275094455223,0.0002042275094455223,573,573,0,-1,4,4,4,4,632,156,783
150,6,212,419,959,540,34,42,551,614,63,0.00030634126416828345,0.0012934408931549745,629,834,205,3,4,4,9,2,168,670,113
151,10,216,527,960,433,24,28,504,535,31,0.0002382654276864427,0.0007828721195411688,590,775,185,3,4,4,6,3,157,536,294
152,3,104,511,980,469,4,4,561,561,0,0.0002382654276864427,0.0002382654276864427,627,627,0,5,5,5,2,2,955,700,555
153,0,0,1,1,0,0,0,1,1,0,0.0,0.0,1,1,0,-1,-1,-1,10,0,206,400,987
154,0,0,1,1,0,0,0,1,1,0,0.0,0.0,1,1,0,-1,-1,-1,3,1,693,428,793
155,14,14,639,639,0,14,14,558,558,0,0.0006126825283365669,0.0006126825283365669,750,750,0,-1,4,4,3,3,825,103,573
156,29,235,825,988,163,20,20,846,846,0,0.0008169100377820892,0.0011232513019503727,790,834,44,3,3,3,3,7,883,329,328
157,498,498,989,989,0,208,208,989,989,0,0.009292351679771264,0.009292351679771264,977,977,0,-1,2,2,10,59,99,5,773
158,1,102,329,979,650,2,2,329,329,0,0.0,0.0002042275094455223,1,599,598,5,7,6,2,1,952,671,500
159,76,76,855,855,0,114,114,929,929,0,0.0019061234214915416,0.0019061234214915416,878,878,0,-1,2,2,9,7,315,630,729
160,17,119,663,936,273,20,20,597,597,0,0.0007828721195411688,0.00088498587426393,766,789,23,4,4,4,4,9,735,145,528
161,19,120,607,898,291,58,58,530,530,0,0.00013615167296368154,0.00013615167296368154,512,512,0,5,4,4,15,9,32,317,690
162,28,644,729,998,269,50,60,809,860,51,0.00088498587426393,0.011232513019503728,801,987,186,2,3,3,5,4,382,288,23
163,6,107,457,928,471,18,18,530,530,0,0.00013615167296368154,0.0002042275094455223,522,570,48,5,4,4,5,2,517,532,274
164,14,14,621,621,0,15,15,537,537,0,3.4037918240920386e-05,3.4037918240920386e-05,404,404,0,-1,4,4,4,3,550,526,588
165,2,208,369,973,604,6,14,433,567,134,3.4037918240920386e-05,0.001497668402600497,403,865,462,3,5,4,3,2,583,714,335
166,14,220,574,965,391,34,34,579,579,0,0.00017018959120460194,0.00037441710065012424,544,662,118,3,4,4,7,3,273,93,501
167,0,101,1,924,923,0,5,1,332,331,0.0,0.0,1,1,0,6,-1,7,5,0,765,643,603
168,0,101,1,921,920,0,3,1,331,330,0.0,6.807583648184077e-05,1,447,446,5,-1,6,3,0,927,751,499
169,0,0,1,1,0,0,0,1,1,0,0.0,0.0,1,1,0,-1,-1,-1,5,0,247,457,665
170,0,102,1,900,899,0,16,1,403,402,0.0,0.0002723033459273631,1,595,594,4,-1,5,9,3,395,478,256
171,1,617,330,1000,670,2,17,330,953,623,3.4037918240920386e-05,0.014704380680077607,409,990,581,2,6,3,2,2,955,648,521
172,66,168,865,963,98,28,28,778,778,0,0.0013615167296368155,0.001497668402600497,847,861,14,4,3,3,3,15,855,53,132
173,0,206,1,967,966,0,10,1,452,451,0.0,0.0010211375472276116,1,814,813,3,-1,4,4,0,504,907,646
174,20,122,795,972,177,14,14,736,736,0,0.001055175465468532,0.0012253650566731338,826,839,13,4,4,4,3,12,812,67,107
175,22,228,666,963,297,72,72,826,826,0,0.0007828721195411688,0.00176997174852786,780,871,91,3,3,3,7,4,466,440,277
176,0,0,1,1,0,0,0,1,1,0,0.0,0.0,1,1,0,-1,-1,-1,3,0,732,520,933
177,15,15,680,680,0,12,12,635,635,0,0.0004765308553728854,0.0004765308553728854,701,701,0,-1,4,4,2,9,723,341,913
178,151,253,930,968,38,164,164,956,956,0,0.002586881786309949,0.002757071377514551,912,920,8,4,2,2,10,27,114,304,315
179,2,2,376,376,0,4,4,443,443,0,6.807583648184077e-05,6.807583648184077e-05,455,455,0,-1,5,5,2,1,876,334,643
180,6,212,418,965,547,22,26,494,525,31,0.00017018959120460194,0.0007828721195411688,537,762,225,3,4,4,7,1,207,720,184
181,42,248,839,979,140,24,24,775,775,0,0.0005786446100956465,0.0009870996289866913,741,820,79,3,3,3,3,11,861,52,296
182,0,102,1,889,888,0,12,1,388,387,0.0,0.00010211375472276115,1,481,480,4,-1,5,7,0,193,522,241
183,16,117,572,912,340,48,48,610,610,0,0.00030634126416828345,0.00030634126416828345,637,637,0,5,3,3,9,1,367,420,357
184,17,119,726,962,236,8,8,536,536,0,0.00037441710065012424,0.000442492937131965,677,698,21,4,4,4,2,6,876,516,301
185,633,733,999,1000,1,112,112,1000,1000,0,0.022567139793730217,0.022669253548452978,995,995,0,4,2,2,4,130,679,3,266
186,121,121,930,930,0,78,78,898,898,0,0.0031314884781646754,0.0031314884781646754,928,928,0,-1,3,3,8,22,442,128,793
187,0,102,1,892,891,0,10,1,360,359,0.0,6.807583648184077e-05,1,450,449,4,-1,5,8,0,357,890,648
188,0,0,1,1,0,0,0,1,1,0,0.0,0.0,1,1,0,-1,-1,-1,3,0,746,937,820
189,38,244,752,967,215,72,72,807,807,0,0.0006807583648184077,0.0011913271384322134,751,830,79,3,3,3,7,4,331,407,591
190,0,0,1,1,0,0,0,1,1,0,0.0,0.0,1,1,0,-1,-1,-1,4,0,475,569,824
191,0,0,1,1,0,0,0,1,1,0,0.0,0.0,1,1,0,-1,-1,-1,12,0,87,664,848
192,0,101,1,916,915,0,5,1,331,330,0.0,3.4037918240920386e-05,1,409,408,5,-1,6,5,0,766,880,572
193,0,101,1,937,936,0,2,1,332,331,0.0,0.0,1,1,0,5,-1,6,2,0,734,520,560
194,0,0,1,1,0,0,0,1,1,0,0.0,0.0,1,1,0,-1,-1,-1,33,0,9,608,446
195,0,0,1,1,0,0,0,1,1,0,0.0,0.0,1,1,0,-1,-1,-1,10,0,128,991,825
196,0,0,1,1,0,0,0,1,1,0,0.0,0.0,1,1,0,-1,-1,-1,15,0,32,923,965
197,6,107,463,933,470,19,19,620,620,0,0.00013615167296368154,0.00013615167296368154,527,527,0,6,4,4,4,1,423,420,692
198,0,0,1,1,0,0,0,1,1,0,0.0,0.0,1,1,0,-1,-1,-1,3,0,869,800,811
199,109,315,878,969,91,216,216,893,893,0,0.0020082371762143027,0.0029612988869600733,878,917,39,3,3,3,21,15,2,151,64
200,100,100,917,917,0,100,100,986,986,0,0.03516116954287076,0.03516116954287076,1000,1000,0,5,1,1,5,45,848,77,708
201,69,69,881,881,0,40,40,795,795,0,0.0016678579938050988,0.0016678579938050988,866,866,0,-1,3,3,5,15,795,36,548
202,18,120,628,917,289,70,70,897,897,0,0.0007488342013002485,0.0009530617107457708,757,800,43,4,3,3,5,4,426,440,80
203,22,22,716,716,0,44,44,829,829,0,0.0007488342013002485,0.0007488342013002485,770,770,0,-1,3,3,4,3,304,610,702
204,56,56,830,830,0,84,84,881,881,0,0.0012253650566731338,0.0012253650566731338,822,822,0,-1,2,2,8,2,286,425,843
205,0,102,1,913,912,0,10,1,367,366,0.0,0.00013615167296368154,1,514,513,4,-1,5,8,0,468,998,677
206,30,236,709,968,259,52,52,696,696,0,0.00034037918240920387,0.0007488342013002485,653,758,105,3,3,3,7,6,193,381,253
207,6,212,480,979,499,12,12,583,583,0,0.0002723033459273631,0.00088498587426393,614,798,184,3,4,4,2,1,689,809,377
208,71,277,896,983,87,28,28,798,798,0,0.0018380475850097008,0.002212464685659825,878,897,19,3,3,3,3,15,903,206,52
209,24,24,684,684,0,35,35,609,609,0,0.0002042275094455223,0.0002042275094455223,568,568,0,-1,3,3,7,3,273,534,916
210,1,1,332,332,0,10,10,332,332,0,0.0,0.0,1,1,0,-1,6,6,10,3,254,181,650
211,34,1674,751,1000,249,42,76,738,932,194,0.001157289220191293,0.023996732359848873,821,994,173,1,3,2,6,8,446,186,23
212,2,208,368,970,602,5,20,369,643,274,0.0,0.0025188059498281084,1,912,911,3,5,4,4,1,728,924,8
213,9,110,632,958,326,4,4,416,416,0,0.0002723033459273631,0.0002723033459273631,631,631,0,5,5,5,2,8,913,521,265
214,0,101,1,961,960,0,3,1,331,330,0.0,0.0002723033459273631,1,623,622,5,-1,6,3,0,730,864,217
215,1,1,333,333,0,2,2,333,333,0,0.0,0.0,1,1,0,-1,6,6,2,1,653,437,669
216,16,16,592,592,0,50,50,704,704,0,0.00010211375472276115,0.00010211375472276115,476,476,0,-1,3,3,8,3,431,260,608
217,0,206,1,972,971,0,16,1,516,515,0.0,0.0012934408931549745,1,834,833,3,-1,4,4,0,558,783,206
218,12,218,520,960,440,58,58,591,591,0,0.0005446066918547262,0.0007147962830593281,715,751,36,3,4,4,11,2,188,473,501
219,45,146,816,952,136,30,30,685,685,0,0.0014295925661186562,0.0014295925661186562,844,844,0,5,4,4,5,11,644,166,402
220,1,102,333,893,560,7,7,333,333,0,0.0,0.0,1,1,0,5,6,6,7,2,335,357,885
221,16,118,680,952,272,20,22,654,711,57,0.00017018959120460194,0.0007488342013002485,541,765,224,4,3,3,4,3,794,321,224
222,56,156,865,962,97,12,12,600,600,0,0.001055175465468532,0.0014636304843595766,831,863,32,4,4,4,2,20,925,189,90
223,1,1,333,333,0,4,4,333,333,0,3.4037918240920386e-05,3.4037918240920386e-05,410,410,0,-1,6,6,4,1,622,763,684
224,88,88,864,864,0,114,114,894,894,0,0.00176997174852786,0.00176997174852786,873,873,0,-1,3,3,9,17,213,60,927
225,8,8,506,506,0,12,12,443,443,0,0.00030634126416828345,0.00030634126416828345,632,632,0,-1,4,4,4,5,300,464,539
226,58,264,838,972,134,80,80,915,915,0,0.0013615167296368155,0.002552843868069029,834,911,77,3,2,2,6,4,498,407,116
227,43,43,829,829,0,18,18,653,653,0,0.0006126825283365669,0.0006126825283365669,751,751,0,-1,4,4,3,13,833,120,973
228,223,325,951,975,24,224,224,959,959,0,0.004152626025392287,0.004186663943633207,944,944,0,4,2,2,15,27,45,69,791
229,32,238,663,952,289,88,124,544,686,142,0.00013615167296368154,0.0023486163586235067,511,901,390,3,3,3,21,5,25,310,57
230,0,102,1,918,917,0,7,1,374,373,0.0,0.0,1,1,0,4,-1,5,5,0,688,938,544
231,0,0,1,1,0,0,0,1,1,0,0.0,0.0,1,1,0,-1,-1,-1,14,0,79,804,960
232,45,45,827,827,0,46,46,844,844,0,0.0011232513019503727,0.0011232513019503727,823,823,0,-1,3,3,5,11,430,118,205
233,30,236,750,974,224,46,46,760,760,0,0.0009870996289866913,0.0011913271384322134,810,825,15,3,3,3,6,8,515,264,132
234,22,123,663,928,265,40,40,670,670,0,0.00017018959120460194,0.00017018959120460194,544,544,0,8,3,3,7,2,400,634,765
235,0,0,1,1,0,0,0,1,1,0,0.0,0.0,1,1,0,-1,-1,-1,4,3,385,478,966
236,16,222,696,979,283,12,12,653,653,0,0.00030634126416828345,0.0015317063208414173,650,872,222,3,4,4,2,6,975,107,136
237,0,101,1,949,948,0,2,1,331,330,0.0,0.0,1,1,0,5,-1,6,2,0,991,900,599
238,214,214,962,962,0,82,82,879,879,0,0.004493005207801491,0.004493005207801491,949,949,0,-1,3,3,7,31,335,76,994
239,0,102,1,931,930,0,5,1,393,392,0.0,0.0006807583648184077,1,766,765,4,-1,5,3,0,710,880,97
240,0,206,1,976,975,0,12,1,607,606,0.0,0.0017359338302869397,1,880,879,3,-1,4,2,1,713,828,98
241,22,124,774,968,194,19,19,839,839,0,0.0006126825283365669,0.0006467204465774873,750,759,9,4,3,3,3,2,918,491,347
242,47,47,876,876,0,22,22,863,863,0,0.0009190237925048504,0.0009190237925048504,808,808,0,-1,3,3,2,13,715,120,740
243,8,110,546,935,389,20,20,614,614,0,0.00037441710065012424,0.0008509479560230097,658,782,124,4,4,4,4,3,648,121,482
244,1,103,332,927,595,4,5,332,365,33,0.0,0.0,1,1,0,4,8,5,4,2,633,448,623
245,130,130,956,956,0,32,32,899,899,0,0.00439089145307873,0.00439089145307873,952,952,0,-1,3,3,2,27,653,88,784
246,0,0,1,1,0,0,0,1,1,0,0.0,0.0,1,1,0,-1,-1,-1,5,0,629,883,429
247,34,34,809,809,0,22,22,777,777,0,0.00088498587426393,0.00088498587426393,799,799,0,-1,3,3,2,7,926,630,959
248,2,2,363,363,0,8,8,428,428,0,3.4037918240920386e-05,3.4037918240920386e-05,403,403,0,-1,5,5,4,2,401,690,478
249,253,354,970,981,11,120,120,973,973,0,0.005582218591510943,0.005718370264474625,961,963,2,5,2,2,6,35,560,57,314
250,0,206,1,937,936,0,36,1,381,380,0.0,0.00013615167296368154,1,496,495,3,-1,4,21,0,54,981,124
251,1,207,333,976,643,3,10,333,507,174,3.4037918240920386e-05,0.0005446066918547262,386,717,331,3,6,4,3,1,615,590,159
252,0,0,1,1,0,0,0,1,1,0,0.0,0.0,1,1,0,-1,-1,-1,4,0,424,794,910
253,0,0,1,1,0,0,0,1,1,0,0.0,0.0,1,1,0,-1,-1,-1,5,0,502,699,968
254,0,206,1,947,946,0,22,1,407,406,0.0,6.807583648184077e-05,1,444,443,3,-1,4,11,0,279,848,508
255,0,206,1,952,951,0,17,1,372,371,0.0,3.4037918240920386e-05,1,393,392,3,-1,4,12,0,212,993,842
256,12,12,520,520,0,29,29,482,482,0,0.0,0.0,1,1,0,-1,4,4,9,4,803,444,542
257,46,46,752,752,0,76,76,603,603,0,0.0002723033459273631,0.0002723033459273631,606,606,0,-1,3,3,15,9,124,317,779
258,43,43,809,809,0,40,40,780,780,0,0.001055175465468532,0.001055175465468532,817,817,0,-1,3,3,5,8,524,161,750
259,18,18,772,772,0,12,12,718,718,0,0.0007488342013002485,0.0007488342013002485,779,779,0,-1,4,4,2,4,810,326,728
260,1,207,333,977,644,2,7,333,492,159,0.0,0.0002723033459273631,1,631,630,3,6,4,2,1,761,402,496
261,25,25,779,779,0,24,24,801,801,0,0.0005105687736138058,0.0005105687736138058,723,723,0,-1,3,3,3,5,871,591,874
262,0,102,1,895,894,0,16,1,414,413,0.0,0.00017018959120460194,1,540,539,4,-1,5,8,0,257,707,655
263,0,206,1,971,970,0,22,1,563,562,0.0,0.006535280302256714,1,972,971,3,-1,4,5,1,534,539,1
264,102,718,882,995,113,158,168,828,857,29,0.0009870996289866913,0.0020082371762143027,786,881,95,2,3,3,17,12,71,172,224
265,0,102,1,904,903,0,9,1,378,377,0.0,6.807583648184077e-05,1,443,442,4,-1,5,6,0,353,731,504
266,0,102,1,915,914,0,7,1,376,375,0.0,3.4037918240920386e-05,1,418,417,4,-1,5,5,0,565,388,210
267,13,115,554,903,349,50,50,638,638,0,0.0002723033459273631,0.00030634126416828345,616,635,19,4,4,4,9,5,136,619,704
268,469,675,999,1000,1,38,38,954,954,0,0.01841451376833793,0.020252561353347628,994,994,0,3,3,3,3,130,915,3,85
269,3,105,463,950,487,3,4,385,431,46,0.0,3.4037918240920386e-05,1,415,414,4,5,5,2,2,951,298,191
270,15,221,586,965,379,44,44,640,640,0,0.000442492937131965,0.0007488342013002485,690,769,79,3,4,4,8,6,420,432,169
271,2,104,376,937,561,4,5,378,397,19,0.0,0.00013615167296368154,1,542,541,4,5,5,3,2,732,495,362
272,105,105,902,902,0,92,92,892,892,0,0.0012934408931549745,0.0012934408931549745,837,837,0,-1,3,3,7,18,221,147,638
273,9,215,586,976,390,14,14,638,638,0,0.00034037918240920387,0.0011913271384322134,660,841,181,3,4,4,3,5,899,619,397
274,0,102,1,907,906,0,6,1,357,356,0.0,0.0,1,1,0,4,-1,5,5,2,519,775,512
275,6,212,397,948,551,35,44,479,510,31,0.00013615167296368154,0.000442492937131965,514,680,166,3,4,4,12,2,292,215,407
276,0,206,1,975,974,0,9,1,499,498,0.0,0.0006126825283365669,1,744,743,3,-1,4,3,0,845,886,658
277,5,5,429,429,0,9,9,412,412,0,3.4037918240920386e-05,3.4037918240920386e-05,404,404,0,-1,5,5,5,3,476,526,872
278,216,216,958,958,0,160,160,965,965,0,0.005173763572619898,0.005173763572619898,957,957,0,-1,2,2,11,28,379,44,784
279,0,0,1,1,0,0,0,1,1,0,0.0,0.0,1,1,0,-1,-1,-1,6,0,560,514,867
280,56,56,821,821,0,52,52,689,689,0,0.0009530617107457708,0.0009530617107457708,794,794,0,-1,3,3,7,9,179,375,778
281,2,208,350,947,597,18,52,365,514,149,0.0,0.0007488342013002485,1,750,749,3,5,4,14,1,268,896,92
282,6,6,406,406,0,36,36,496,496,0,3.4037918240920386e-05,3.4037918240920386e-05,400,400,0,-1,4,4,10,1,153,152,969
283,22,124,740,949,209,24,24,779,779,0,0.00037441710065012424,0.00037441710065012424,670,670,0,4,3,3,3,4,639,551,313
284,197,197,962,962,0,100,100,965,965,0,0.004765308553728854,0.004765308553728854,954,954,0,-1,2,2,6,24,606,8,348
285,13,114,632,939,307,18,18,669,669,0,0.0004765308553728854,0.0006126825283365669,710,750,40,5,4,4,3,3,861,291,279
286,0,206,1,966,965,0,24,1,510,509,0.0,0.0013274788113958951,1,845,844,3,-1,4,6,1,514,529,122
287,0,616,1,993,992,0,56,1,614,613,0.0,0.0019061234214915416,1,877,876,2,-1,3,11,0,229,483,129
288,8,109,597,966,369,8,8,572,572,0,0.0002382654276864427,0.0002382654276864427,615,615,0,5,4,4,2,2,996,453,623
289,100,202,872,948,76,90,90,789,789,0,0.0013615167296368155,0.0013955546478777359,843,848,5,4,3,3,10,17,205,60,285
290,24,24,684,684,0,34,34,699,699,0,0.0006126825283365669,0.0006126825283365669,737,737,0,-1,3,3,4,4,448,479,884
291,70,172,867,957,90,40,40,844,844,0,0.00176997174852786,0.0019061234214915416,875,883,8,4,3,3,4,12,949,100,508
292,14,14,538,538,0,44,44,503,503,0,6.807583648184077e-05,6.807583648184077e-05,444,444,0,-1,4,4,12,3,143,369,892
293,14,116,591,926,335,30,30,684,684,0,0.0004765308553728854,0.0005786446100956465,694,718,24,4,4,4,5,3,487,236,341
294,0,206,1,978,977,0,10,1,513,512,0.0,0.0012934408931549745,1,839,838,3,-1,4,3,1,628,835,68
295,106,312,894,976,82,106,106,845,845,0,0.0022465026039007454,0.0024166921951053475,901,904,3,3,3,3,11,18,224,171,263
296,100,100,907,907,0,100,100,987,987,0,0.029817216379046257,0.0300554818067327,997,997,0,3,1,1,5,3,476,534,323
297,0,0,1,1,0,0,0,1,1,0,0.0,0.0,1,1,0,-1,-1,-1,2,0,952,848,793
298,0,102,1,901,900,0,10,1,376,375,0.0,0.0,1,1,0,4,-1,5,7,0,362,855,506
299,6,108,409,886,477,34,34,519,519,0,0.00017018959120460194,0.0005446066918547262,545,721,176,4,4,4,9,1,263,420,329
300,0,206,1,959,958,0,20,1,445,444,0.0,0.0002042275094455223,1,571,570,3,-1,4,6,0,312,856,107
301,6,6,444,444,0,10,10,458,458,0,6.807583648184077e-05,6.807583648184077e-05,443,443,0,-1,4,4,3,4,490,512,705
302,1,207,333,967,634,7,18,333,487,154,0.0,0.0005105687736138058,1,717,716,3,6,4,7,1,697,140,131
303,0,0,1,1,0,0,0,1,1,0,0.0,0.0,1,1,0,-1,-1,-1,14,0,122,483,709
304,6,622,396,991,595,19,56,407,637,230,3.4037918240920386e-05,0.0024507301133462676,399,910,511,2,4,3,9,2,381,842,55
305,0,0,1,1,0,0,0,1,1,0,0.0,0.0,1,1,0,-1,-1,-1,3,0,842,942,844
306,0,102,1,876,875,0,20,1,376,375,0.0,0.00013615167296368154,1,514,513,4,-1,5,12,0,239,665,258
307,28,130,810,955,145,12,12,631,631,0,0.00037441710065012424,0.0005105687736138058,679,728,49,4,4,4,2,11,776,316,667
308,51,51,786,786,0,108,108,806,806,0,0.0005446066918547262,0.0005446066918547262,708,708,0,-1,3,3,13,8,185,417,564
309,0,0,1,1,0,0,0,1,1,0,0.0,0.0,1,1,0,-1,-1,-1,2,0,751,952,665
310,44,250,826,978,152,58,58,948,948,0,0.0024166921951053475,0.0045270431260424114,904,951,47,3,2,2,4,3,550,438,8
311,20,20,675,675,0,18,18,623,623,0,0.0005786446100956465,0.0005786446100956465,729,729,0,-1,4,4,3,4,645,40,698
312,41,247,736,958,222,66,70,627,641,14,0.00034037918240920387,0.0011913271384322134,642,825,183,3,3,3,12,6,252,229,185
313,27,27,725,725,0,24,24,612,612,0,0.00088498587426393,0.00088498587426393,793,793,0,-1,4,4,4,7,567,399,910
314,0,206,1,964,963,0,19,1,429,428,0.0,0.00088498587426393,1,791,790,3,-1,4,8,0,499,664,131
315,0,102,1,945,944,0,6,1,467,466,0.0,0.0010211375472276116,1,825,824,4,-1,5,3,1,790,428,43
316,16,222,665,977,312,34,34,894,894,0,0.00037441710065012424,0.002825147213996392,671,926,255,3,3,3,3,1,748,720,74
317,0,0,1,1,0,0,0,1,1,0,0.0,0.0,1,1,0,-1,-1,-1,5,0,421,849,201
318,0,206,1,971,970,0,11,1,465,464,0.0,0.0005105687736138058,1,712,711,3,-1,4,4,0,945,836,167
319,0,102,1,962,961,0,3,1,403,402,0.0,0.00013615167296368154,1,528,527,4,-1,5,2,0,788,942,617
320,10,216,536,965,429,14,18,448,477,29,0.00010211375472276115,0.0006807583648184077,485,751,266,3,4,4,5,3,793,485,150
321,2,208,346,937,591,29,54,364,415,51,6.807583648184077e-05,0.0002382654276864427,437,574,137,3,5,4,23,2,8,764,86
322,2,2,367,367,0,4,4,368,368,0,3.4037918240920386e-05,3.4037918240920386e-05,407,407,0,-1,5,5,3,1,621,734,483
323,0,0,1,1,0,0,0,1,1,0,0.0,0.0,1,1,0,-1,-1,-1,6,3,529,854,478
324,30,236,664,955,291,116,116,758,758,0,0.0007147962830593281,0.0009530617107457708,743,784,41,3,3,3,16,4,145,207,561
325,16,222,518,952,434,66,74,550,584,34,0.00013615167296368154,0.0005786446100956465,515,709,194,3,3,3,14,1,133,958,268
326,0,206,1,946,945,0,24,1,409,408,0.0,0.0002382654276864427,1,597,596,3,-1,4,11,0,66,889,262
327,0,101,1,904,903,0,5,1,332,331,0.0,3.4037918240920386e-05,1,403,402,5,-1,6,5,0,599,359,265
328,101,717,895,996,101,58,68,883,925,42,0.0016338200755641784,0.0035059055788147996,862,941,79,2,2,2,4,17,503,327,45
329,0,0,1,1,0,0,0,1,1,0,0.0,0.0,1,1,0,-1,-1,-1,2,0,934,515,767
330,12,12,543,543,0,36,36,562,562,0,0.0002042275094455223,0.0002042275094455223,566,566,0,-1,4,4,8,2,223,244,976
331,89,295,865,971,106,84,84,806,806,0,0.0011232513019503727,0.0018040096667687805,815,872,57,3,3,3,9,20,306,189,139
332,17,633,700,999,299,12,22,586,783,197,0.0006807583648184077,0.003880322679464924,756,946,190,2,4,3,2,8,596,257,174
333,0,0,1,1,0,0,0,1,1,0,0.0,0.0,1,1,0,-1,-1,-1,10,3,259,753,709
334,3,105,449,945,496,4,4,443,443,0,3.4037918240920386e-05,0.00030634126416828345,399,644,245,4,5,5,2,3,876,761,683
335,32,238,719,961,242,50,50,656,656,0,0.0005446066918547262,0.0006126825283365669,714,729,15,3,3,3,8,7,317,170,598
336,6,622,447,997,550,14,40,477,782,305,0.0002723033459273631,0.008101024541339052,612,975,363,2,4,3,5,1,478,420,30
337,18,119,696,947,251,12,12,583,583,0,0.00034037918240920387,0.00037441710065012424,656,670,14,5,4,4,2,4,689,233,615
338,0,101,1,877,876,0,15,1,332,331,0.0,0.0,1,1,0,5,-1,6,15,0,107,712,331
339,96,712,869,994,125,86,96,769,804,35,0.0018040096667687805,0.003642057251778481,873,933,60,2,3,3,11,18,229,54,60
340,0,206,1,946,945,0,37,1,455,454,0.0,0.00037441710065012424,1,647,646,3,-1,4,13,0,92,745,439
341,6,108,430,912,482,15,16,454,466,12,0.0,0.0002042275094455223,1,580,579,4,4,4,6,1,402,807,309
342,42,143,827,950,123,30,30,748,748,0,0.0010211375472276116,0.001055175465468532,814,821,7,5,3,3,4,6,593,289,552
343,4,4,445,445,0,8,8,398,398,0,3.4037918240920386e-05,3.4037918240920386e-05,402,402,0,-1,5,5,5,2,843,547,821
344,2,2,352,352,0,13,13,352,352,0,3.4037918240920386e-05,3.4037918240920386e-05,403,403,0,-1,5,5,12,1,44,763,817
345,0,101,1,919,918,0,5,1,332,331,0.0,3.4037918240920386e-05,1,405,404,5,-1,6,5,0,294,228,577
346,40,246,789,975,186,44,52,704,752,48,0.0004765308553728854,0.0035739814152966403,694,931,237,3,3,3,7,7,336,134,57
347,116,116,935,935,0,44,44,876,876,0,0.0028932230504782326,0.0028932230504782326,919,919,0,-1,3,3,4,27,659,69,814
348,6,6,412,412,0,17,17,429,429,0,0.0,0.0,1,1,0,-1,4,4,7,2,209,654,922
349,4,4,471,471,0,6,6,444,444,0,0.00017018959120460194,0.00017018959120460194,555,555,0,-1,5,5,3,2,862,770,934
350,0,206,1,961,960,0,13,1,408,407,0.0,0.0002382654276864427,1,582,581,3,-1,4,7,3,214,478,307
351,18,224,725,983,258,12,12,682,682,0,0.0002723033459273631,0.0014636304843595766,613,858,245,3,4,4,2,3,702,519,157
352,26,127,783,958,175,14,14,614,614,0,0.0006126825283365669,0.0006807583648184077,741,758,17,5,4,4,3,9,535,245,380
353,0,101,1,881,880,0,13,1,332,331,0.0,0.0,1,1,0,6,-1,7,13,0,67,919,181
354,13,13,631,631,0,8,8,483,483,0,0.0002042275094455223,0.0002042275094455223,583,583,0,-1,4,4,2,5,925,528,901
355,74,176,830,932,102,146,146,898,898,0,0.0012594029749140542,0.0012594029749140542,831,831,0,4,2,2,12,4,175,267,466
356,6,108,456,930,474,20,20,609,609,0,0.00017018959120460194,0.0004084550188910446,543,681,138,4,4,4,4,1,403,869,610
357,100,100,947,947,0,100,100,998,998,0,0.07498553388474762,0.07505360972122944,999,999,0,5,1,1,2,5,991,487,332
358,0,206,1,970,969,0,12,1,437,436,0.0,0.0005446066918547262,1,729,728,3,-1,4,5,0,247,986,516
359,48,149,819,942,123,30,30,689,689,0,0.0007488342013002485,0.0007488342013002485,765,765,0,6,3,3,4,7,567,396,590
360,16,118,700,960,260,10,10,536,536,0,0.00017018959120460194,0.0006807583648184077,563,764,201,4,4,4,3,7,718,188,218
361,0,206,1,967,966,0,14,1,488,487,0.0,0.0007147962830593281,1,762,761,3,-1,4,5,1,552,835,138
362,2,2,350,350,0,17,17,358,358,0,0.0,0.0,1,1,0,-1,5,5,15,2,81,721,852
363,16,16,525,525,0,60,60,501,501,0,0.00010211375472276115,0.00010211375472276115,477,477,0,-1,3,3,17,1,56,873,830
364,0,206,1,961,960,0,17,1,424,423,0.0,0.0006126825283365669,1,735,734,3,-1,4,7,1,714,730,535
365,11,11,566,566,0,16,16,496,496,0,0.00013615167296368154,0.00013615167296368154,525,525,0,-1,4,4,4,5,572,454,914
366,7,7,528,528,0,24,24,597,597,0,0.00013615167296368154,0.00013615167296368154,522,522,0,-1,4,4,6,4,529,305,988
367,0,206,1,977,976,0,10,1,497,496,0.0,0.00013615167296368154,1,527,526,3,-1,4,4,0,607,400,683
368,13,13,632,632,0,18,18,669,669,0,0.0004765308553728854,0.0004765308553728854,710,710,0,-1,4,4,3,3,861,291,915
369,20,226,723,976,253,12,12,612,612,0,0.00037441710065012424,0.0018720855032506212,670,884,214,3,4,4,2,6,849,381,104
370,18,224,589,958,369,112,116,861,865,4,0.0011232513019503727,0.004288777698355968,804,949,145,3,3,3,11,4,163,440,77
371,6,107,427,917,490,12,12,543,543,0,0.0005105687736138058,0.0005105687736138058,695,695,0,7,4,4,2,2,769,160,181
372,0,102,1,929,928,0,3,1,366,365,0.0,0.00010211375472276115,1,489,488,4,-1,5,2,0,880,745,958
373,0,0,1,1,0,0,0,1,1,0,0.0,0.0,1,1,0,-1,-1,-1,2,0,878,712,880
374,2,618,347,989,642,23,104,351,610,259,6.807583648184077e-05,0.0009870996289866913,446,787,341,2,5,3,21,3,13,708,255
375,97,303,923,984,61,32,32,907,907,0,0.0029612988869600733,0.008066986623098132,926,975,49,3,3,3,2,22,880,128,9
376,0,0,1,1,0,0,0,1,1,0,0.0,0.0,1,1,0,-1,-1,-1,5,0,314,773,978
377,0,206,1,968,967,0,16,1,515,514,0.0,0.0007147962830593281,1,762,761,3,-1,4,4,0,623,844,294
378,0,206,1,981,980,0,10,1,563,562,0.0,0.0008509479560230097,1,788,787,3,-1,4,3,0,850,971,642
379,27,27,762,762,0,40,40,798,798,0,0.0010211375472276116,0.0010211375472276116,815,815,0,-1,3,3,5,5,435,216,895
380,22,124,692,926,234,24,24,537,537,0,0.0002042275094455223,0.000442492937131965,581,694,113,4,4,4,6,5,402,636,229
381,60,266,838,974,136,62,62,815,815,0,0.0019061234214915416,0.0026889955410327104,875,911,36,3,3,3,7,12,207,100,97
382,0,101,1,900,899,0,7,1,332,331,0.0,0.0,1,1,0,6,-1,7,7,2,273,633,595
383,2,618,357,996,639,6,42,358,777,419,0.0,0.003267640151128357,1,929,928,2,5,3,5,2,818,615,43
384,12,114,521,899,378,36,36,504,504,0,0.0002382654276864427,0.0002723033459273631,579,602,23,4,4,4,10,2,105,584,799
385,0,102,1,936,935,0,4,1,393,392,0.0,0.0004765308553728854,1,709,708,4,-1,5,2,0,972,914,189
386,0,206,1,949,948,0,49,1,464,463,0.0,0.0004765308553728854,1,688,687,3,-1,4,17,0,23,798,212
387,16,222,641,976,335,24,24,669,669,0,0.0009870996289866913,0.0012934408931549745,816,837,21,3,4,4,4,6,650,234,80
388,0,0,1,1,0,0,0,1,1,0,0.0,0.0,1,1,0,-1,-1,-1,2,0,747,926,728
389,1,1,333,333,0,10,10,333,333,0,0.0,0.0,1,1,0,-1,7,7,10,3,204,626,820
390,126,227,955,975,20,38,38,887,887,0,0.0022465026039007454,0.002280540522141666,906,907,1,5,3,3,3,33,800,15,799
391,48,254,765,965,200,70,70,664,664,0,0.0005105687736138058,0.0008169100377820892,698,763,65,3,3,3,12,10,62,262,263
392,4,210,444,974,530,8,12,463,509,46,3.4037918240920386e-05,0.001497668402600497,404,856,452,3,5,4,4,3,573,196,89
393,0,0,1,1,0,0,0,1,1,0,0.0,0.0,1,1,0,-1,-1,-1,5,0,766,707,604
394,16,16,560,560,0,56,56,643,643,0,3.4037918240920386e-05,3.4037918240920386e-05,400,400,0,-1,3,3,9,1,269,689,902
395,0,0,1,1,0,0,0,1,1,0,0.0,0.0,1,1,0,-1,-1,-1,11,0,220,548,828
396,0,0,1,1,0,0,0,1,1,0,0.0,0.0,1,1,0,-1,-1,-1,7,0,299,866,932
397,16,16,640,640,0,23,23,629,629,0,0.00034037918240920387,0.00034037918240920387,645,645,0,-1,3,3,5,2,291,719,511
398,0,0,1,1,0,0,0,1,1,0,0.0,0.0,1,1,0,-1,-1,-1,2,1,713,235,685
399,4,105,502,960,458,4,4,448,448,0,0.0002042275094455223,0.00030634126416828345,586,656,70,5,5,5,2,5,963,710,285
400,6,212,375,945,570,44,52,422,454,32,3.4037918240920386e-05,0.00030634126416828345,405,631,226,3,4,4,19,1,36,862,275
401,0,102,1,895,894,0,6,1,367,366,0.0,6.807583648184077e-05,1,442,441,4,-1,5,4,0,503,624,322
402,546,546,986,986,0,394,394,981,981,0,0.005412029000306341,0.005412029000306341,957,957,0,-1,2,2,22,57,18,50,731
403,0,0,1,1,0,0,0,1,1,0,0.0,0.0,1,1,0,-1,-1,-1,2,0,983,955,941
404,37,243,770,974,204,62,62,818,818,0,0.0010892133837094523,0.00176997174852786,807,861,54,3,3,3,7,7,359,630,404
405,16,16,562,562,0,114,114,813,813,0,0.0004765308553728854,0.0004765308553728854,685,685,0,-1,3,3,14,1,84,439,909
406,21,227,734,976,242,18,18,669,669,0,0.00030634126416828345,0.0005446066918547262,640,728,88,3,4,4,3,5,861,216,236
407,0,102,1,887,886,0,11,1,359,358,0.0,0.0,1,1,0,4,-1,5,9,0,208,952,572
408,53,669,852,998,146,18,38,603,841,238,0.0007488342013002485,0.013819394805813677,773,989,216,2,4,3,3,12,484,172,2
409,26,127,639,901,262,68,68,573,573,0,0.00037441710065012424,0.0004084550188910446,653,667,14,5,4,4,14,6,85,516,292
410,0,0,1,1,0,0,0,1,1,0,0.0,0.0,1,1,0,-1,-1,-1,2,0,469,890,511
411,14,14,656,656,0,12,12,586,586,0,0.0007488342013002485,0.0007488342013002485,776,776,0,-1,4,4,2,3,596,616,511
412,13,114,685,964,279,12,12,661,661,0,0.00037441710065012424,0.0005105687736138058,680,716,36,5,4,4,2,6,742,368,809
413,0,0,1,1,0,0,0,1,1,0,0.0,0.0,1,1,0,-1,-1,-1,8,0,431,330,973
414,0,0,1,1,0,0,0,1,1,0,0.0,0.0,1,1,0,-1,-1,-1,10,0,243,936,695
415,12,114,699,967,268,8,8,599,599,0,0.00013615167296368154,0.0002723033459273631,523,628,105,4,4,4,2,5,805,350,282
416,64,680,874,998,124,18,28,625,753,128,0.001497668402600497,0.004629156880765172,863,952,89,2,4,3,3,17,869,96,158
417,0,101,1,885,884,0,7,1,332,331,0.0,0.0,1,1,0,5,-1,6,7,1,182,779,265
418,0,102,1,931,930,0,4,1,392,391,0.0,0.0002723033459273631,1,630,629,4,-1,5,2,0,763,455,459
419,0,206,1,968,967,0,15,1,536,535,0.0,0.0004084550188910446,1,686,685,3,-1,4,4,1,740,792,291
420,6,212,490,977,487,8,12,500,614,114,6.807583648184077e-05,0.0008509479560230097,449,793,344,3,4,4,2,1,983,797,125
421,0,101,1,898,897,0,6,1,332,331,0.0,0.0,1,1,0,5,-1,6,6,0,255,832,687
422,0,0,1,1,0,0,0,1,1,0,0.0,0.0,1,1,0,-1,-1,-1,4,0,567,974,796
423,21,21,824,824,0,8,8,652,652,0,0.001157289220191293,0.001157289220191293,838,838,0,-1,4,4,2,11,872,193,757
424,35,136,812,959,147,20,20,780,780,0,0.0007147962830593281,0.0007147962830593281,767,767,0,5,3,3,3,10,856,296,563
425,0,206,1,971,970,0,24,1,554,553,0.0,0.001157289220191293,1,827,826,3,-1,4,6,1,405,949,130
426,0,0,1,1,0,0,0,1,1,0,0.0,0.0,1,1,0,-1,-1,-1,9,0,316,825,276
427,4,4,393,393,0,20,20,389,389,0,0.0,0.0,1,1,0,-1,5,5,11,2,150,430,701
428,54,156,840,961,121,64,64,938,938,0,0.002484768031587188,0.0026889955410327104,911,919,8,4,2,2,5,4,421,207,124
429,0,102,1,893,892,0,11,1,349,348,0.0,6.807583648184077e-05,1,451,450,4,-1,5,10,0,527,994,572
430,0,0,1,1,0,0,0,1,1,0,0.0,0.0,1,1,0,-1,-1,-1,7,0,697,824,881
431,0,102,1,946,945,0,3,1,367,366,0.0,6.807583648184077e-05,1,443,442,4,-1,5,2,0,979,569,659
432,29,29,688,688,0,64,64,568,568,0,0.0004765308553728854,0.0004765308553728854,691,691,0,-1,3,3,15,9,138,317,428
433,132,338,897,974,77,154,154,857,857,0,0.0018380475850097008,0.002280540522141666,879,898,19,3,3,3,14,19,133,91,250
434,0,102,1,926,925,0,5,1,390,389,0.0,0.0,1,1,0,4,-1,5,3,1,831,835,718
435,8,624,462,993,531,47,98,460,680,220,0.00013615167296368154,0.0020422750944552232,503,880,377,2,4,3,16,3,195,441,158
436,0,101,1,899,898,0,8,1,331,330,0.0,0.0,1,1,0,5,-1,6,8,1,440,573,896
437,54,54,805,805,0,60,60,666,666,0,0.0005786446100956465,0.0005786446100956465,717,717,0,-1,3,3,9,13,381,217,429
438,18,119,696,947,251,12,12,583,583,0,0.0010892133837094523,0.0010892133837094523,822,822,0,5,4,4,2,4,689,281,896
439,129,231,934,975,41,46,46,844,844,0,0.002212464685659825,0.0026549576227917903,906,917,11,4,3,3,5,23,476,66,386
440,63,63,877,877,0,12,12,581,581,0,0.0017018959120460194,0.0017018959120460194,882,882,0,-1,4,4,2,20,752,49,446
441,6,212,447,970,523,18,18,592,592,0,0.0002382654276864427,0.00030634126416828345,606,637,31,3,4,4,3,1,737,474,477
442,0,102,1,927,926,0,5,1,362,361,0.0,0.00010211375472276115,1,492,491,4,-1,5,4,0,824,871,579
443,0,102,1,937,936,0,4,1,371,370,0.0,0.00017018959120460194,1,564,563,4,-1,5,3,0,899,678,505
444,0,206,1,995,994,0,8,1,752,751,0.0,0.002586881786309949,1,923,922,3,-1,4,2,1,955,529,17
445,6,108,508,963,455,9,9,543,543,0,0.00010211375472276115,0.0009530617107457708,468,815,347,4,4,4,3,2,877,292,78
446,132,338,953,990,37,44,44,902,902,0,0.0042547397801150485,0.004629156880765172,944,948,4,3,3,3,4,24,811,13,114
447,0,0,1,1,0,0,0,1,1,0,0.0,0.0,1,1,0,-1,-1,-1,5,0,677,991,813
448,0,101,1,878,877,0,11,1,331,330,0.0,0.0,1,1,0,6,-1,7,11,0,162,956,861
449,14,14,632,632,0,16,16,569,569,0,0.00013615167296368154,0.00013615167296368154,520,520,0,-1,4,4,4,9,543,317,816
450,2,208,356,967,611,8,20,415,587,172,6.807583648184077e-05,0.0014295925661186562,453,847,394,3,5,4,4,1,632,463,68
451,63,165,853,954,101,44,44,828,828,0,0.0012253650566731338,0.0014636304843595766,838,853,15,4,3,3,4,11,354,97,156
452,30,131,800,959,159,22,22,822,822,0,0.0005446066918547262,0.0005446066918547262,724,724,0,5,3,3,2,4,960,259,853
453,16,117,667,942,275,10,10,484,484,0,0.0004765308553728854,0.0004765308553728854,709,709,0,5,4,4,3,10,831,296,331
454,0,0,1,1,0,0,0,1,1,0,0.0,0.0,1,1,0,-1,-1,-1,7,0,170,604,944
455,216,832,967,998,31,64,64,914,914,0,0.003437829742332959,0.011606930120153852,938,987,49,2,3,3,4,30,448,75,10
456,31,237,769,978,209,18,18,623,623,0,0.0008509479560230097,0.0010892133837094523,790,826,36,3,4,4,3,14,900,139,134
457,13,219,605,971,366,14,19,465,520,55,0.0002382654276864427,0.00034037918240920387,604,656,52,3,4,4,6,5,764,274,711
458,0,0,1,1,0,0,0,1,1,0,0.0,0.0,1,1,0,-1,-1,-1,2,0,909,950,978
459,25,25,693,693,0,50,50,690,690,0,0.00017018959120460194,0.00017018959120460194,538,538,0,-1,3,3,8,4,595,557,997
460,0,206,1,948,947,0,36,1,471,470,0.0,0.00037441710065012424,1,672,671,3,-1,4,12,0,116,349,336
461,0,0,1,1,0,0,0,1,1,0,0.0,0.0,1,1,0,-1,-1,-1,15,0,49,571,865
462,8,110,582,955,373,8,8,546,546,0,0.00013615167296368154,0.00037441710065012424,530,674,144,4,4,4,2,4,998,239,233
463,0,616,1,991,990,0,52,1,652,651,0.0,0.0035059055788147996,1,938,937,2,-1,3,9,0,136,986,102
464,1,1,332,332,0,2,2,332,332,0,0.0,0.0,1,1,0,-1,6,6,2,1,890,763,752
465,0,101,1,974,973,0,2,1,330,329,0.0,0.00013615167296368154,1,516,515,5,-1,6,2,0,973,766,409
466,50,151,812,932,120,62,62,786,786,0,0.0016338200755641784,0.0016338200755641784,853,853,0,7,3,3,7,8,525,174,765
467,31,647,773,998,225,26,36,643,760,117,0.0005786446100956465,0.004288777698355968,727,941,214,2,4,3,5,8,720,187,157
468,2,104,368,942,574,4,5,370,406,36,0.0,0.00030634126416828345,1,626,625,4,5,5,3,1,693,503,479
469,270,476,980,994,14,84,84,972,972,0,0.007726607440688927,0.008986010415602982,972,977,5,3,2,2,5,54,908,28,277
470,6,212,424,965,541,24,32,524,602,78,0.0002042275094455223,0.002995336805200994,576,925,349,3,4,4,6,1,328,840,74
471,46,46,900,900,0,12,12,755,755,0,0.002144388849177984,0.002144388849177984,916,916,0,-1,4,4,2,23,987,122,950
472,2,2,371,371,0,7,7,416,416,0,6.807583648184077e-05,6.807583648184077e-05,455,455,0,-1,5,5,4,2,607,313,644
473,0,206,1,944,943,0,66,1,521,520,0.0,0.001157289220191293,1,816,815,3,-1,4,17,1,10,779,281
474,0,616,1,1000,999,0,22,1,851,850,0.0,0.011743081793117532,1,989,988,2,-1,3,2,0,940,997,37
475,64,64,858,858,0,36,36,751,751,0,0.001157289220191293,0.001157289220191293,828,828,0,-1,3,3,5,18,476,148,822
476,11,112,666,963,297,14,14,684,684,0,0.0002382654276864427,0.0002382654276864427,602,602,0,6,4,4,3,5,730,487,374
477,65,65,872,872,0,60,60,890,890,0,0.0020763130126961434,0.0020763130126961434,878,878,0,-1,2,2,5,14,291,387,909
478,1,1,331,331,0,4,4,331,331,0,0.0,0.0,1,1,0,-1,6,6,4,3,783,484,968
479,88,88,876,876,0,52,52,752,752,0,0.0016338200755641784,0.0016338200755641784,864,864,0,-1,3,3,7,19,335,59,698
480,0,102,1,877,876,0,40,1,396,395,0.0,0.0004765308553728854,1,688,687,4,-1,5,21,0,12,784,366
481,16,16,569,569,0,40,40,554,554,0,0.00010211375472276115,0.00010211375472276115,476,476,0,-1,3,3,9,1,274,958,910
482,0,102,1,944,943,0,4,1,400,399,0.0,0.000442492937131965,1,695,694,4,-1,5,2,0,992,996,216
483,94,300,897,977,80,62,62,819,819,0,0.0018380475850097008,0.0023486163586235067,873,898,25,3,3,3,7,17,482,79,114
484,0,0,1,1,0,0,0,1,1,0,0.0,0.0,1,1,0,-1,-1,-1,5,0,765,822,583
485,0,0,1,1,0,0,0,1,1,0,0.0,0.0,1,1,0,-1,-1,-1,14,1,85,806,793
486,0,101,1,950,949,0,3,1,330,329,0.0,0.0,1,1,0,6,-1,7,3,0,984,651,298
487,3,209,445,975,530,3,8,372,491,119,3.4037918240920386e-05,0.001157289220191293,402,839,437,3,5,4,2,2,926,364,148
488,78,694,832,992,160,156,156,823,823,0,0.0004765308553728854,0.0007828721195411688,692,764,72,2,2,2,16,5,42,178,168
489,79,695,818,991,173,164,174,801,818,17,0.0013274788113958951,0.0018720855032506212,830,874,44,2,2,2,20,6,70,4,316
490,16,117,689,949,260,22,22,798,798,0,0.0004084550188910446,0.000442492937131965,691,696,5,5,3,3,2,1,881,282,531
491,0,102,1,942,941,0,5,1,415,414,0.0,0.0002042275094455223,1,578,577,4,-1,5,3,0,953,457,391
492,0,206,1,966,965,0,16,1,473,472,0.0,0.0005105687736138058,1,711,710,3,-1,4,6,0,267,817,130
493,0,0,1,1,0,0,0,1,1,0,0.0,0.0,1,1,0,-1,-1,-1,8,0,325,908,826
494,0,102,1,896,895,0,9,1,358,357,0.0,0.00013615167296368154,1,508,507,4,-1,5,8,1,508,650,290
495,10,10,532,532,0,26,26,497,497,0,6.807583648184077e-05,6.807583648184077e-05,441,441,0,-1,4,4,7,3,366,704,757
496,0,0,1,1,0,0,0,1,1,0,0.0,0.0,1,1,0,-1,-1,-1,7,1,216,913,998
497,22,22,671,671,0,46,46,807,807,0,0.0009530617107457708,0.0009530617107457708,805,805,0,-1,3,3,5,4,406,312,817
498,12,628,541,993,452,14,40,424,663,239,3.4037918240920386e-05,0.002757071377514551,403,918,515,2,4,3,5,3,238,290,57
499,0,0,1,1,0,0,0,1,1,0,0.0,0.0,1,1,0,-1,-1,-1,5,1,538,852,735
500,0,206,1,935,934,0,57,1,464,463,0.0,0.0008509479560230097,1,783,782,3,-1,4,19,1,31,705,399
501,0,0,1,1,0,0,0,1,1,0,0.0,0.0,1,1,0,-1,-1,-1,2,0,954,388,965
502,0,0,1,1,0,0,0,1,1,0,0.0,0.0,1,1,0,-1,-1,-1,36,1,16,472,945
503,223,324,962,976,14,118,118,941,941,0,0.004322815616596889,0.004356853534837809,948,948,0,5,2,2,9,29,250,17,692
504,0,206,1,977,976,0,8,1,502,501,0.0,0.0026889955410327104,1,923,922,3,-1,4,2,0,761,922,28
505,14,220,498,945,447,72,76,509,515,6,0.00030634126416828345,0.0004765308553728854,628,686,58,3,4,4,20,3,88,653,124
506,546,648,994,997,3,88,88,979,979,0,0.01334286395044079,0.013717281051090916,988,989,1,4,2,2,4,83,753,10,653
507,90,296,877,978,101,56,56,796,796,0,0.0013955546478777359,0.0019061234214915416,844,882,38,3,3,3,6,17,624,269,375
508,0,0,1,1,0,0,0,1,1,0,0.0,0.0,1,1,0,-1,-1,-1,8,0,301,638,698
509,0,102,1,922,921,0,5,1,388,387,0.0,0.0002042275094455223,1,582,581,4,-1,5,3,0,585,900,231
510,0,101,1,915,914,0,5,1,331,330,0.0,0.0,1,1,0,6,-1,7,5,0,552,916,540
511,0,206,1,977,976,0,10,1,531,530,0.0,0.0015317063208414173,1,861,860,3,-1,4,3,1,854,568,65
512,120,736,904,996,92,134,144,931,945,14,0.0025188059498281084,0.004969536063174376,907,955,48,2,2,2,10,14,125,84,13
513,0,102,1,896,895,0,9,1,365,364,0.0,0.00010211375472276115,1,488,487,4,-1,5,7,0,221,946,325
514,325,427,983,987,4,96,96,919,919,0,0.006603356138738555,0.006637394056979475,975,975,0,4,3,3,6,49,378,31,599
515,0,102,1,913,912,0,8,1,374,373,0.0,0.00010211375472276115,1,495,494,4,-1,5,6,0,405,919,251
516,0,102,1,922,921,0,6,1,397,396,0.0,0.000442492937131965,1,697,696,4,-1,5,3,0,834,571,131
517,6,108,422,912,490,18,18,458,458,0,0.00034037918240920387,0.0004084550188910446,639,668,29,4,4,4,7,1,359,420,581
518,0,101,1,879,878,0,17,1,330,329,0.0,0.0,1,1,0,5,-1,6,17,2,24,271,593
519,1,102,332,920,588,3,3,332,332,0,0.0,0.0,1,1,0,7,7,7,3,1,836,765,448
520,1,103,333,962,629,2,4,333,467,134,6.807583648184077e-05,0.0013955546478777359,454,865,411,4,6,5,2,2,805,320,73
521,6,212,468,972,504,14,14,548,548,0,6.807583648184077e-05,0.0002382654276864427,446,614,168,3,4,4,3,1,923,152,199
522,0,102,1,921,920,0,5,1,361,360,0.0,0.00013615167296368154,1,505,504,4,-1,5,4,1,659,787,156
523,0,102,1,907,906,0,6,1,357,356,0.0,0.0002382654276864427,1,578,577,4,-1,5,5,0,519,760,236
524,124,330,888,973,85,228,228,903,903,0,0.0016678579938050988,0.002110350930937064,858,889,31,3,2,2,19,9,89,277,154
525,0,0,1,1,0,0,0,1,1,0,0.0,0.0,1,1,0,-1,-1,-1,3,0,826,436,882
526,455,455,983,983,0,218,218,983,983,0,0.008577555396711936,0.008577555396711936,974,974,0,-1,2,2,11,49,162,31,737
527,15,15,622,622,0,14,14,473,473,0,0.00030634126416828345,0.00030634126416828345,632,632,0,-1,4,4,5,9,524,191,927
528,76,76,854,854,0,82,82,877,877,0,0.0008509479560230097,0.0008509479560230097,777,777,0,-1,3,3,7,11,472,52,863
529,0,102,1,908,907,0,11,1,400,399,0.0,0.00030634126416828345,1,630,629,4,-1,5,6,0,518,860,610
530,0,206,1,948,947,0,37,1,484,483,0.0,0.0004765308553728854,1,687,686,3,-1,4,11,0,163,922,165
531,0,616,1,991,990,0,76,1,615,614,0.0,0.0025188059498281084,1,905,904,2,-1,3,14,0,181,838,36
532,19,19,659,659,0,50,50,839,839,0,0.0010892133837094523,0.0010892133837094523,815,815,0,-1,3,3,5,3,667,268,941
533,0,0,1,1,0,0,0,1,1,0,0.0,0.0,1,1,0,-1,-1,-1,2,0,779,868,881
534,0,206,1,952,951,0,42,1,521,520,0.0,0.0008509479560230097,1,782,781,3,-1,4,11,0,230,889,131
535,32,238,757,973,216,44,44,828,828,0,0.0005105687736138058,0.0006467204465774873,716,749,33,3,3,3,4,4,354,143,168
536,0,101,1,884,883,0,8,1,331,330,0.0,0.0,1,1,0,7,-1,8,8,0,218,201,765
537,2,2,368,368,0,5,5,369,369,0,6.807583648184077e-05,6.807583648184077e-05,452,452,0,-1,5,5,4,1,794,771,650
538,14,220,618,975,357,16,16,562,562,0,0.0002382654276864427,0.00037441710065012424,585,664,79,3,4,4,4,4,511,637,222
539,2,104,354,916,562,6,6,390,390,0,6.807583648184077e-05,0.00013615167296368154,449,515,66,4,5,5,3,1,459,807,481
540,14,220,656,979,323,12,12,635,635,0,0.00037441710065012424,0.0028591851322373124,673,930,257,3,4,4,2,5,747,306,74
541,0,102,1,916,915,0,8,1,414,413,0.0,0.0008169100377820892,1,786,785,4,-1,5,4,0,558,713,497
542,0,0,1,1,0,0,0,1,1,0,0.0,0.0,1,1,0,-1,-1,-1,2,0,866,777,976
543,6,108,424,910,486,19,20,480,482,2,0.00010211375472276115,0.0004084550188910446,484,681,197,4,4,4,6,1,328,601,221
544,74,280,821,967,146,144,144,838,838,0,0.0008509479560230097,0.001157289220191293,767,816,49,3,2,2,14,4,133,267,459
545,6,108,483,939,456,14,14,571,571,0,0.00017018959120460194,0.00037441710065012424,550,667,117,4,4,4,3,1,615,681,107
546,17,119,657,930,273,34,34,755,755,0,0.0005105687736138058,0.0006126825283365669,717,745,28,4,3,3,4,2,736,101,173
547,0,0,1,1,0,0,0,1,1,0,0.0,0.0,1,1,0,-1,-1,-1,9,0,388,916,890
548,26,232,625,948,323,102,110,618,640,22,0.00030634126416828345,0.001055175465468532,617,803,186,3,4,4,19,8,35,417,355
549,15,15,560,560,0,44,44,553,553,0,0.000442492937131965,0.000442492937131965,683,683,0,-1,4,4,10,6,99,459,866
550,64,270,867,980,113,34,34,790,790,0,0.0012594029749140542,0.0040845501889104465,839,947,108,3,3,3,4,15,611,138,41
551,7,623,428,989,561,68,164,398,599,201,0.00013615167296368154,0.0012934408931549745,499,833,334,2,4,3,33,3,9,761,393
552,0,102,1,942,941,0,4,1,417,416,0.0,0.0002042275094455223,1,582,581,4,-1,5,2,0,874,890,381
553,28,28,682,682,0,58,58,587,587,0,0.00017018959120460194,0.00017018959120460194,541,541,0,-1,4,4,13,9,242,191,760
554,0,0,1,1,0,0,0,1,1,0,0.0,0.0,1,1,0,-1,-1,-1,3,1,288,529,729
555,0,206,1,952,951,0,23,1,418,417,0.0,0.00017018959120460194,1,542,541,3,-1,4,10,0,204,976,501
556,0,0,1,1,0,0,0,1,1,0,0.0,0.0,1,1,0,-1,-1,-1,2,0,893,511,876
557,8,214,511,958,447,26,30,518,554,36,3.4037918240920386e-05,0.00030634126416828345,404,641,237,3,4,4,7,2,637,724,305
558,0,616,1,994,993,0,72,1,830,829,0.0,0.010041185881071514,1,983,982,2,-1,3,7,0,472,890,11
559,6,212,441,970,529,12,22,452,543,91,0.00010211375472276115,0.0017018959120460194,482,860,378,3,4,4,5,2,407,575,304
560,6,107,456,928,472,9,9,467,467,0,0.0002382654276864427,0.0002382654276864427,586,586,0,5,4,4,3,1,592,601,690
561,22,228,592,947,355,90,98,597,620,23,0.00017018959120460194,0.0009530617107457708,541,788,247,3,3,3,18,2,111,491,467
562,0,0,1,1,0,0,0,1,1,0,0.0,0.0,1,1,0,-1,-1,-1,14,0,108,774,472
563,0,102,1,925,924,0,8,1,435,434,0.0,0.0002723033459273631,1,616,615,4,-1,5,4,0,740,977,432
564,100,100,844,844,0,100,100,585,585,0,0.017291262466387555,0.017325300384628477,992,992,0,4,1,1,21,75,1,24,229
565,0,206,1,985,984,0,12,1,696,695,0.0,0.004288777698355968,1,954,953,3,-1,4,2,0,878,446,12
566,64,64,882,882,0,34,34,799,799,0,0.001497668402600497,0.001497668402600497,861,861,0,-1,3,3,4,15,462,138,600
567,19,19,721,721,0,14,14,623,623,0,0.0005446066918547262,0.0005446066918547262,731,731,0,-1,4,4,3,5,888,591,436
568,50,152,829,958,129,40,40,869,869,0,0.0009870996289866913,0.0010211375472276116,803,809,6,4,3,3,4,7,659,422,555
569,2,104,363,926,563,8,8,424,424,0,3.4037918240920386e-05,0.00010211375472276115,403,481,78,4,5,5,4,2,403,654,710
570,0,101,1,955,954,0,3,1,331,330,0.0,3.4037918240920386e-05,1,399,398,5,-1,6,3,1,883,747,463
571,42,42,761,761,0,114,114,870,870,0,0.0012594029749140542,0.0012594029749140542,828,828,0,-1,2,2,12,3,375,299,573
572,0,0,1,1,0,0,0,1,1,0,0.0,0.0,1,1,0,-1,-1,-1,5,0,533,897,841
573,1,1,333,333,0,3,3,333,333,0,0.0,0.0,1,1,0,-1,8,8,3,3,585,626,431
574,36,138,830,962,132,16,16,607,607,0,0.0007488342013002485,0.0007488342013002485,774,774,0,4,4,4,4,17,480,131,544
575,2,208,368,976,608,4,8,401,478,77,0.0,0.00034037918240920387,1,661,660,3,5,4,2,1,653,337,221
576,12,218,636,978,342,8,12,500,615,115,6.807583648184077e-05,0.0006467204465774873,453,745,292,3,4,4,2,5,779,314,645
577,2,104,347,881,534,15,21,366,391,25,0.0,0.00010211375472276115,1,484,483,4,5,5,11,2,66,292,617
578,2,104,366,928,562,8,9,397,414,17,0.0,6.807583648184077e-05,1,451,450,4,5,5,5,1,848,788,319
579,3,3,468,468,0,4,4,391,391,0,0.00010211375472276115,0.00010211375472276115,493,493,0,-1,5,5,3,3,852,196,916
580,0,206,1,947,946,0,31,1,453,452,0.0,0.0002382654276864427,1,585,584,3,-1,4,12,1,292,841,482
581,6,6,498,498,0,8,8,536,536,0,0.00013615167296368154,0.00013615167296368154,528,528,0,-1,4,4,2,1,876,667,200
582,10,1650,534,1000,466,36,82,574,856,282,0.00030634126416828345,0.014261887742945642,637,985,348,1,4,2,8,4,137,230,56
583,17,223,633,967,334,20,20,531,531,0,0.0002723033459273631,0.0005446066918547262,610,720,110,3,4,4,4,5,448,528,504
584,0,0,1,1,0,0,0,1,1,0,0.0,0.0,1,1,0,-1,-1,-1,5,1,408,641,620
585,6,107,501,943,442,4,4,404,404,0,0.00013615167296368154,0.00013615167296368154,519,520,1,5,5,5,2,3,977,596,749
586,28,644,694,992,298,52,70,641,725,84,0.00030634126416828345,0.0026889955410327104,626,912,286,2,3,3,9,5,316,688,44
587,0,0,1,1,0,0,0,1,1,0,0.0,0.0,1,1,0,-1,-1,-1,3,0,716,750,778
588,12,218,511,957,446,44,44,547,547,0,6.807583648184077e-05,0.0005446066918547262,449,715,266,3,4,4,10,3,135,598,29
589,126,332,937,981,44,70,70,907,907,0,0.0034037918240920387,0.005922597773920147,933,967,34,3,3,3,5,19,665,135,56
590,6,212,427,964,537,10,10,433,433,0,3.4037918240920386e-05,0.0009190237925048504,398,801,403,3,4,4,3,2,731,597,60
591,0,206,1,948,947,0,35,1,431,430,0.0,3.4037918240920386e-05,1,410,409,3,-1,4,15,0,40,959,711
592,170,170,924,924,0,198,198,939,939,0,0.002995336805200994,0.002995336805200994,916,916,0,-1,2,2,15,18,102,82,970
593,2,208,361,968,607,7,12,389,450,61,0.00010211375472276115,0.00034037918240920387,481,647,166,3,5,4,4,1,354,899,191
594,0,102,1,905,904,0,9,1,397,396,0.0,6.807583648184077e-05,1,454,453,4,-1,5,5,0,501,608,424
595,0,206,1,972,971,0,14,1,551,550,0.0,0.0013615167296368155,1,852,851,3,-1,4,3,0,842,725,38
596,0,206,1,973,972,0,7,1,483,482,0.0,0.00034037918240920387,1,648,647,3,-1,4,2,0,596,979,958
597,228,844,954,996,42,300,300,940,940,0,0.0029612988869600733,0.0045270431260424114,924,949,25,2,2,2,22,27,33,61,183
598,0,206,1,971,970,0,15,1,455,454,0.0,0.0004084550188910446,1,680,679,3,-1,4,6,0,405,905,159
599,0,206,1,971,970,0,10,1,469,468,0.0,0.0004765308553728854,1,702,701,3,-1,4,3,0,621,968,253
600,29,131,792,955,163,12,12,600,600,0,0.001055175465468532,0.001157289220191293,831,842,11,4,4,4,2,7,925,218,378
601,114,730,935,998,63,50,60,850,894,44,0.0035059055788147996,0.013479015623404473,936,987,51,2,3,3,5,26,688,112,3
602,0,0,1,1,0,0,0,1,1,0,0.0,0.0,1,1,0,-1,-1,-1,2,0,884,856,984
603,6,212,415,968,553,28,32,551,591,40,0.00013615167296368154,0.0020082371762143027,501,881,380,3,4,4,6,1,514,869,135
604,159,159,956,956,0,54,54,911,911,0,0.004561081044283332,0.004561081044283332,954,954,0,-1,3,3,4,27,649,25,715
605,6,108,432,917,485,14,14,457,457,0,6.807583648184077e-05,0.00010211375472276115,453,495,42,4,4,4,5,1,467,537,606
606,0,0,1,1,0,0,0,1,1,0,0.0,0.0,1,1,0,-1,-1,-1,16,0,72,928,933
607,8,110,567,940,373,12,12,671,671,0,0.00034037918240920387,0.00088498587426393,655,796,141,4,4,4,2,2,739,700,175
608,0,0,1,1,0,0,0,1,1,0,0.0,0.0,1,1,0,-1,-1,-1,8,1,380,767,517
609,0,101,1,923,922,0,4,1,332,331,0.0,0.00010211375472276115,1,481,480,5,-1,6,4,0,403,758,537
610,0,102,1,916,915,0,5,1,384,383,0.0,0.00017018959120460194,1,554,553,4,-1,5,3,0,726,728,636
611,7,109,553,942,389,12,12,631,631,0,0.0009870996289866913,0.0010211375472276116,810,815,5,4,4,4,2,3,894,299,896
612,8,110,574,947,373,7,8,512,518,6,6.807583648184077e-05,0.0002382654276864427,460,604,144,4,4,4,2,2,992,430,182
613,2,208,360,963,603,17,21,410,440,30,3.4037918240920386e-05,0.00034037918240920387,400,637,237,3,5,4,9,1,394,756,667
614,11,217,566,970,404,16,16,523,523,0,0.0002042275094455223,0.0009870996289866913,562,813,251,3,4,4,4,5,711,241,190
615,3,209,414,961,547,11,26,389,521,132,0.0,0.0008509479560230097,1,775,774,3,5,4,7,5,364,225,206
616,0,101,1,916,915,0,2,1,331,330,0.0,3.4037918240920386e-05,1,406,405,5,-1,6,2,1,859,830,313
617,6,6,451,451,0,10,10,435,435,0,6.807583648184077e-05,6.807583648184077e-05,459,459,0,-1,5,5,5,3,688,347,455
618,12,12,594,594,0,16,16,541,541,0,0.0002382654276864427,0.0002382654276864427,581,581,0,-1,4,4,4,3,545,121,910
619,15,15,697,697,0,12,12,633,633,0,0.0004765308553728854,0.0004765308553728854,712,712,0,-1,4,4,2,7,469,396,426
620,0,101,1,896,895,0,6,1,332,331,0.0,6.807583648184077e-05,1,447,446,5,-1,6,6,0,473,745,526
621,0,0,1,1,0,0,0,1,1,0,0.0,0.0,1,1,0,-1,-1,-1,5,0,412,483,979
622,18,634,578,993,415,54,92,506,658,152,0.00013615167296368154,0.002212464685659825,503,893,390,2,4,3,15,3,104,353,26
623,0,206,1,949,948,0,38,1,460,459,0.0,0.0006467204465774873,1,733,732,3,-1,4,13,0,41,588,340
624,10,112,582,930,348,10,10,472,472,0,0.0002042275094455223,0.0002723033459273631,572,619,47,4,4,4,3,3,900,653,347
625,13,13,569,569,0,28,28,549,549,0,0.0002723033459273631,0.0002723033459273631,613,613,0,-1,4,4,6,4,356,339,752
626,24,125,708,938,230,28,28,661,661,0,0.0005446066918547262,0.0006467204465774873,716,741,25,5,3,3,5,3,534,653,315
627,4,4,428,428,0,7,7,397,397,0,0.00010211375472276115,0.00010211375472276115,489,489,0,-1,5,5,4,2,649,523,955
628,1,1,332,332,0,2,2,332,332,0,0.0,0.0,1,1,0,-1,7,7,2,1,907,972,672
629,0,206,1,969,968,0,10,1,474,473,0.0,0.0002723033459273631,1,615,614,3,-1,4,3,1,636,235,333
630,340,546,973,985,12,350,350,987,987,0,0.004663194799006093,0.004799346471969774,944,947,3,3,2,2,19,31,48,35,840
631,518,718,996,999,3,78,78,978,978,0,0.016133973246196264,0.018686817114265293,992,993,1,3,2,2,4,98,543,23,17
632,148,148,906,906,0,236,236,941,941,0,0.0029612988869600733,0.0029612988869600733,925,925,0,-1,2,2,17,15,103,158,657
633,0,101,1,937,936,0,2,1,331,330,0.0,0.0,1,1,0,5,-1,6,2,0,596,201,560
634,13,219,721,989,268,12,12,752,752,0,0.0006807583648184077,0.005105687736138058,776,962,186,3,4,4,2,5,788,283,12
635,0,102,1,933,932,0,5,1,391,390,0.0,0.00017018959120460194,1,550,549,4,-1,5,3,0,615,611,223
636,6,108,479,941,462,18,18,654,654,0,0.00037441710065012424,0.0005786446100956465,672,726,54,4,4,4,3,1,670,404,101
637,6,107,389,873,484,33,33,392,392,0,3.4037918240920386e-05,3.4037918240920386e-05,397,397,0,5,4,4,19,2,148,885,402
638,127,229,938,970,32,50,50,828,828,0,0.002586881786309949,0.002825147213996392,910,916,6,4,3,3,5,26,464,108,827
639,0,101,1,908,907,0,5,1,330,329,0.0,0.0,1,1,0,6,-1,7,5,0,604,963,344
640,16,16,640,640,0,30,30,708,708,0,0.0011913271384322134,0.0011913271384322134,829,829,0,-1,4,4,5,5,456,412,632
641,18,224,681,978,297,10,18,489,657,168,0.0006126825283365669,0.0019741992579733825,746,885,139,3,4,4,3,6,756,376,53
642,0,206,1,965,964,0,28,1,612,611,0.0,0.0023486163586235067,1,896,895,3,-1,4,6,0,446,813,119
643,3,104,458,940,482,4,4,414,414,0,0.00013615167296368154,0.00017018959120460194,521,554,33,5,5,5,2,3,820,761,762
644,0,616,1,995,994,0,34,1,727,726,0.0,0.003710133088260322,1,935,934,2,-1,3,4,1,622,852,142
645,725,1341,999,1000,1,222,222,996,996,0,0.01674665577453283,0.022533101875489295,994,996,2,2,2,2,10,98,211,23,6
646,48,48,809,809,0,48,48,795,795,0,0.0006126825283365669,0.0006126825283365669,729,729,0,-1,3,3,6,6,441,229,825
647,6,6,396,396,0,30,30,501,501,0,0.0002042275094455223,0.0002042275094455223,563,563,0,-1,4,4,9,2,330,691,913
648,141,757,918,995,77,124,124,913,913,0,0.002144388849177984,0.0033016780693692774,886,925,39,2,2,2,10,19,310,91,99
649,19,121,719,947,228,18,18,665,665,0,0.0004765308553728854,0.0005786446100956465,708,736,28,4,4,4,3,11,732,52,247
650,11,217,619,976,357,10,10,498,498,0,0.00017018959120460194,0.001599782157323258,551,873,322,3,4,4,3,4,814,208,89
651,12,218,584,973,389,14,14,546,546,0,0.0005105687736138058,0.0007488342013002485,717,782,65,3,4,4,3,3,864,610,323
652,40,40,752,752,0,78,78,740,740,0,0.0013615167296368155,0.0013615167296368155,836,836,0,-1,2,2,11,1,155,756,742
653,112,112,952,952,0,28,28,853,853,0,0.0028591851322373124,0.0028591851322373124,926,926,0,-1,3,3,3,28,879,44,960
654,438,438,986,986,0,180,180,974,974,0,0.0088498587426393,0.0088498587426393,974,974,0,-1,2,2,11,69,176,12,920
655,8,8,452,452,0,41,41,414,414,0,0.0,0.0,1,1,0,-1,4,4,19,2,11,364,548
656,0,206,1,966,965,0,15,1,424,423,0.0,0.0002382654276864427,1,594,593,3,-1,4,7,0,361,768,795
657,0,102,1,926,925,0,5,1,390,389,0.0,0.0004765308553728854,1,707,706,4,-1,5,3,3,831,746,622
658,214,830,946,993,47,234,234,943,943,0,0.0023486163586235067,0.0028591851322373124,901,912,11,2,2,2,16,19,27,59,494
659,0,206,1,976,975,0,7,1,477,476,0.0,0.000442492937131965,1,680,679,3,-1,4,2,1,733,962,178
660,52,52,818,818,0,52,52,713,713,0,0.0007147962830593281,0.0007147962830593281,759,759,0,-1,3,3,7,9,118,375,908
661,0,102,1,941,940,0,4,1,406,405,0.0,0.0004084550188910446,1,680,679,4,-1,5,2,0,713,777,59
662,106,106,912,912,0,86,86,906,906,0,0.0022465026039007454,0.0022465026039007454,892,892,0,-1,2,2,7,17,156,269,980
663,28,28,670,670,0,104,104,860,860,0,0.0011232513019503727,0.0011232513019503727,814,814,0,-1,3,3,9,3,100,642,538
664,34,240,726,967,241,48,48,647,647,0,0.00030634126416828345,0.0013615167296368155,619,839,220,3,4,4,8,13,236,256,183
665,0,0,1,1,0,0,0,1,1,0,0.0,0.0,1,1,0,-1,-1,-1,7,0,207,728,780
666,27,129,781,952,171,28,28,801,801,0,0.0007828721195411688,0.0011913271384322134,779,843,64,4,3,3,3,5,568,216,258
667,212,212,945,945,0,230,230,949,949,0,0.0035059055788147996,0.0035059055788147996,933,933,0,-1,2,2,16,19,151,133,446
668,0,0,1,1,0,0,0,1,1,0,0.0,0.0,1,1,0,-1,-1,-1,2,0,975,888,789
669,65,167,856,956,100,84,84,955,955,0,0.0020082371762143027,0.0023486163586235067,886,907,21,4,2,2,5,7,773,224,268
670,12,12,593,593,0,20,20,548,548,0,0.0004765308553728854,0.0004765308553728854,709,709,0,-1,4,4,6,2,486,473,980
671,0,206,1,973,972,0,11,1,467,466,0.0,3.4037918240920386e-05,1,408,407,3,-1,4,5,0,574,564,762
672,0,101,1,959,958,0,3,1,330,329,0.0,6.807583648184077e-05,1,453,452,5,-1,6,3,0,915,678,714
673,18,119,655,923,268,36,36,691,691,0,0.00030634126416828345,0.00034037918240920387,641,650,9,6,4,4,6,3,402,519,437
674,6,6,412,412,0,19,19,429,429,0,0.00010211375472276115,0.00010211375472276115,485,485,0,-1,4,4,8,1,350,552,367
675,8,110,582,952,370,8,8,525,525,0,0.0006126825283365669,0.00088498587426393,748,801,53,4,4,4,2,3,975,209,521
676,0,0,1,1,0,0,0,1,1,0,0.0,0.0,1,1,0,-1,-1,-1,3,0,854,881,916
677,20,20,681,681,0,30,30,674,674,0,0.0004084550188910446,0.0004084550188910446,671,671,0,-1,4,4,5,6,724,199,436
678,0,102,1,917,916,0,6,1,356,355,0.0,0.00010211375472276115,1,484,483,4,-1,5,5,3,662,854,785
679,2,104,380,964,584,6,6,459,459,0,0.0002382654276864427,0.0011232513019503727,591,826,235,4,5,5,3,4,786,409,62
680,24,230,706,972,266,38,38,820,820,0,0.0006807583648184077,0.0011913271384322134,751,819,68,3,3,3,3,3,778,268,471
681,0,0,1,1,0,0,0,1,1,0,0.0,0.0,1,1,0,-1,-1,-1,2,0,830,943,881
682,140,140,921,921,0,118,118,945,945,0,0.0030293747234419145,0.0030293747234419145,921,921,0,-1,3,3,8,17,358,81,638
683,6,6,395,395,0,35,35,430,430,0,3.4037918240920386e-05,3.4037918240920386e-05,407,407,0,-1,4,4,14,1,198,463,517
684,0,206,1,978,977,0,9,1,494,493,0.0,0.0004084550188910446,1,666,665,3,-1,4,3,0,628,804,677
685,0,102,1,874,873,0,21,1,375,374,0.0,6.807583648184077e-05,1,447,446,4,-1,5,15,0,0,699,239
686,92,193,924,972,48,12,12,593,593,0,0.0018380475850097008,0.001940161339732462,884,893,9,5,4,4,2,26,653,127,152
687,0,102,1,865,864,0,22,1,350,349,0.0,0.0,1,1,0,4,-1,5,20,0,5,836,606
688,13,219,563,963,400,20,24,452,473,21,0.00034037918240920387,0.0007488342013002485,638,754,116,3,4,4,8,6,334,279,387
689,18,120,731,962,231,12,12,631,631,0,0.0010892133837094523,0.0019061234214915416,822,883,61,4,4,4,2,5,625,403,143
690,52,153,753,907,154,150,150,803,803,0,0.0011913271384322134,0.0011913271384322134,828,828,0,5,3,3,15,7,77,630,748
691,145,761,924,994,70,114,134,888,925,37,0.002280540522141666,0.01153885428367201,899,981,82,2,2,2,10,14,153,146,11
692,0,0,1,1,0,0,0,1,1,0,0.0,0.0,1,1,0,-1,-1,-1,4,0,659,987,983
693,6,107,456,931,475,12,12,499,499,0,0.00013615167296368154,0.00013615167296368154,523,523,0,6,4,4,4,2,461,325,656
694,20,226,650,968,318,44,44,661,661,0,0.0004765308553728854,0.0008509479560230097,698,778,80,3,4,4,8,6,431,275,376
695,64,64,821,821,0,96,96,757,757,0,0.0011232513019503727,0.0011232513019503727,818,818,0,-1,3,3,11,4,162,470,686
696,109,211,909,966,57,64,64,910,910,0,0.0022465026039007454,0.0022465026039007454,906,906,0,4,3,3,4,20,493,94,661
697,120,326,913,979,66,76,76,890,890,0,0.0019061234214915416,0.0024166921951053475,877,903,26,3,3,3,6,15,536,36,273
698,0,206,1,973,972,0,8,1,468,467,0.0,0.00030634126416828345,1,634,633,3,-1,4,3,1,882,583,197
699,4,620,403,994,591,16,54,416,716,300,0.0,0.007011811157629599,1,967,966,2,5,3,8,2,146,576,6
700,0,616,1,991,990,0,76,1,573,572,0.0,0.0012594029749140542,1,830,829,2,-1,3,17,0,210,918,393
701,2,618,353,996,643,11,40,381,664,283,3.4037918240920386e-05,0.0022465026039007454,392,895,503,2,5,3,7,2,207,679,122
702,48,149,808,938,130,76,76,856,856,0,0.0021784267674189047,0.0021784267674189047,892,892,0,5,2,2,7,4,324,339,337
703,0,0,1,1,0,0,0,1,1,0,0.0,0.0,1,1,0,-1,-1,-1,7,0,179,898,920
704,42,144,849,967,118,22,22,824,824,0,0.0018380475850097008,0.001940161339732462,882,888,6,4,3,3,2,9,910,375,369
705,2,104,368,943,575,7,8,415,444,29,0.00013615167296368154,0.0004084550188910446,511,682,171,4,5,5,4,1,794,360,507
706,0,0,1,1,0,0,0,1,1,0,0.0,0.0,1,1,0,-1,-1,-1,4,1,759,779,604
707,12,12,533,533,0,26,26,459,459,0,0.0,0.0,1,1,0,-1,4,4,9,3,306,829,723
708,216,422,964,986,22,142,142,972,972,0,0.004016474352428605,0.00439089145307873,942,951,9,3,2,2,8,32,218,26,461
709,0,0,1,1,0,0,0,1,1,0,0.0,0.0,1,1,0,-1,-1,-1,4,0,617,868,746
710,2,103,384,961,577,6,6,475,475,0,0.0002042275094455223,0.0005786446100956465,581,739,158,5,5,5,3,1,730,720,507
711,0,102,1,919,918,0,5,1,362,361,0.0,0.0,1,1,0,4,-1,5,4,0,709,445,596
712,168,268,969,982,13,38,38,891,891,0,0.003199564314646516,0.0032336022328874367,928,928,0,5,3,3,3,44,903,27,307
713,58,58,845,845,0,58,58,909,909,0,0.002144388849177984,0.002144388849177984,894,894,0,-1,2,2,4,7,870,237,929
714,0,0,1,1,0,0,0,1,1,0,0.0,0.0,1,1,0,-1,-1,-1,12,0,239,871,782
715,8,8,520,520,0,11,11,457,457,0,6.807583648184077e-05,6.807583648184077e-05,442,442,0,-1,4,4,4,3,762,761,983
716,0,206,1,968,967,0,34,1,624,623,0.0,0.002212464685659825,1,891,890,3,-1,4,7,0,305,894,8
717,1,207,333,975,642,3,14,333,576,243,0.0,0.0018380475850097008,1,887,886,3,6,4,3,1,670,788,129
718,209,209,949,949,0,198,198,942,942,0,0.0026209197045508697,0.0026209197045508697,905,905,0,-1,2,2,14,23,172,106,348
719,16,16,642,642,0,40,40,791,791,0,0.0004084550188910446,0.0004084550188910446,672,672,0,-1,3,3,5,3,463,260,568
720,0,1640,1,1000,999,0,92,1,720,719,0.0,0.010824058000612683,1,977,976,1,-1,2,13,0,160,824,76
721,0,0,1,1,0,0,0,1,1,0,0.0,0.0,1,1,0,-1,-1,-1,6,0,419,998,877
722,101,307,925,982,57,50,50,866,866,0,0.002484768031587188,0.0026209197045508697,906,910,4,3,3,3,5,22,908,116,263
723,10,112,561,922,361,18,18,503,503,0,0.00017018959120460194,0.0004765308553728854,546,705,159,4,4,4,5,3,665,378,282
724,32,238,743,974,231,62,62,804,804,0,0.0006126825283365669,0.0008169100377820892,728,772,44,3,3,3,7,2,264,827,167
725,7,109,521,925,404,11,11,462,462,0,0.00013615167296368154,0.00017018959120460194,517,554,37,4,4,4,4,2,593,566,449
726,6,108,448,923,475,16,16,519,519,0,0.00013615167296368154,0.00034037918240920387,530,661,131,4,4,4,4,2,675,215,454
727,53,53,820,820,0,50,50,682,682,0,0.0009870996289866913,0.0009870996289866913,804,804,0,-1,3,3,8,14,415,387,715
728,13,629,562,995,433,32,50,540,678,138,0.0002382654276864427,0.00176997174852786,594,869,275,2,4,3,8,5,499,722,213
729,22,22,599,599,0,76,76,620,620,0,0.00013615167296368154,0.00013615167296368154,499,499,0,-1,3,3,14,2,268,468,753
730,50,1690,767,1000,233,114,208,769,951,182,0.0007488342013002485,0.018822968787228972,763,997,234,1,3,2,14,8,154,345,2
731,0,0,1,1,0,0,0,1,1,0,0.0,0.0,1,1,0,-1,-1,-1,2,0,999,897,725
732,13,115,625,937,312,16,16,552,552,0,0.00017018959120460194,0.0010892133837094523,544,825,281,4,4,4,4,6,635,199,172
733,0,0,1,1,0,0,0,1,1,0,0.0,0.0,1,1,0,-1,-1,-1,9,0,315,930,201
734,440,542,985,992,7,202,202,987,987,0,0.009598692943939549,0.009734844616903231,975,975,0,4,2,2,10,69,293,12,486
735,0,0,1,1,0,0,0,1,1,0,0.0,0.0,1,1,0,-1,-1,-1,3,0,855,804,845
736,6,107,401,891,490,30,30,491,491,0,0.0,0.0,1,1,0,5,4,4,9,1,277,555,781
737,34,650,717,995,278,102,112,832,854,22,0.0010892133837094523,0.002995336805200994,812,920,108,2,3,3,12,4,375,336,73
738,17,118,677,939,262,19,19,742,742,0,0.00030634126416828345,0.00030634126416828345,639,639,0,5,3,3,3,5,337,225,364
739,358,974,979,999,20,220,220,972,972,0,0.006433166547533953,0.012049423057285817,968,981,13,2,2,2,12,49,239,51,5
740,0,206,1,974,973,0,10,1,505,504,0.0,0.000442492937131965,1,696,695,3,-1,4,3,0,640,533,169
741,12,113,593,933,340,22,22,594,594,0,0.00017018959120460194,0.00017018959120460194,550,550,0,5,4,4,5,4,765,346,639
742,0,206,1,953,952,0,42,1,519,518,0.0,0.0012934408931549745,1,835,834,3,-1,4,11,3,233,746,206
743,0,206,1,936,935,0,44,1,408,407,0.0,0.0002382654276864427,1,566,565,3,-1,4,22,0,55,228,567
744,10,111,590,941,351,14,14,553,553,0,0.0002042275094455223,0.0002723033459273631,571,612,41,5,4,4,3,3,791,173,481
745,14,116,508,884,376,82,82,590,590,0,0.0005446066918547262,0.0005786446100956465,698,710,12,4,4,4,17,3,210,236,442
746,32,238,708,966,258,64,68,699,712,13,0.0002723033459273631,0.000442492937131965,596,665,69,3,3,3,10,3,256,197,286
747,0,0,1,1,0,0,0,1,1,0,0.0,0.0,1,1,0,-1,-1,-1,2,1,849,660,522
748,11,113,552,916,364,20,20,565,565,0,0.0002723033459273631,0.000442492937131965,604,677,73,4,4,4,4,4,391,645,899
749,1,1,333,333,0,4,4,333,333,0,3.4037918240920386e-05,3.4037918240920386e-05,392,392,0,-1,6,6,4,1,493,603,728
750,0,0,1,1,0,0,0,1,1,0,0.0,0.0,1,1,0,-1,-1,-1,16,0,195,969,929
751,12,114,592,939,347,20,20,636,636,0,0.00030634126416828345,0.0020422750944552232,633,882,249,4,4,4,4,2,660,827,13
752,100,100,877,877,0,100,100,903,903,0,0.029647026787841656,0.02978317846080534,1000,1000,0,4,1,1,8,54,358,19,805
753,0,102,1,951,950,0,8,1,464,463,0.0,0.0014295925661186562,1,854,853,4,-1,5,4,0,738,388,69
754,8,110,560,949,389,12,12,654,654,0,0.00017018959120460194,0.00017018959120460194,562,562,0,4,4,4,2,2,964,101,290
755,27,233,786,981,195,18,18,733,733,0,0.001157289220191293,0.0014636304843595766,832,855,23,3,4,4,3,6,879,397,339
756,8,109,558,936,378,8,8,481,481,0,0.00017018959120460194,0.00017018959120460194,561,561,0,5,4,4,2,2,589,770,623
757,24,230,720,978,258,32,32,663,663,0,0.0006467204465774873,0.0015657442390823377,740,856,116,3,4,4,6,6,322,461,125
758,0,0,1,1,0,0,0,1,1,0,0.0,0.0,1,1,0,-1,-1,-1,3,0,833,850,254
759,1,103,332,947,615,2,3,332,372,40,0.0,0.0,1,1,0,4,6,5,2,2,841,692,244
760,30,132,752,940,188,14,14,536,536,0,0.000442492937131965,0.0005446066918547262,681,717,36,4,4,4,3,9,645,240,383
761,0,102,1,933,932,0,4,1,363,362,0.0,0.00017018959120460194,1,550,549,4,-1,5,3,0,640,919,666
762,16,16,667,667,0,28,28,781,781,0,0.0002042275094455223,0.0002042275094455223,578,578,0,-1,3,3,3,1,831,681,205
763,34,240,743,970,227,74,74,812,812,0,0.0005786446100956465,0.0007488342013002485,730,761,31,3,3,3,9,5,388,338,302
764,13,114,579,930,351,18,18,613,613,0,0.00013615167296368154,0.00013615167296368154,517,517,0,7,4,4,3,3,725,485,469
765,0,206,1,971,970,0,10,1,483,482,0.0,0.0006126825283365669,1,751,750,3,-1,4,3,0,831,604,295
766,32,32,677,677,0,108,108,725,725,0,0.0002723033459273631,0.0002723033459273631,612,612,0,-1,3,3,15,4,40,149,875
767,0,102,1,946,945,0,4,1,405,404,0.0,6.807583648184077e-05,1,448,447,4,-1,5,2,0,232,959,711
768,0,101,1,952,951,0,2,1,330,329,0.0,6.807583648184077e-05,1,456,455,5,-1,6,2,0,792,629,550
769,2,104,356,914,558,7,10,356,394,38,0.0,0.00013615167296368154,1,519,518,4,5,5,6,3,515,484,689
770,9,110,534,905,371,26,26,497,497,0,0.0002042275094455223,0.0002042275094455223,579,579,0,5,4,4,9,3,190,347,631
771,18,224,674,973,299,24,24,725,725,0,0.00017018959120460194,0.0004765308553728854,549,706,157,3,3,3,3,3,836,434,80
772,171,273,924,963,39,200,200,934,934,0,0.0040845501889104465,0.004152626025392287,939,941,2,4,2,2,16,19,72,91,274
773,57,158,899,974,75,28,28,872,872,0,0.0012934408931549745,0.0012934408931549745,854,854,0,7,3,3,3,15,850,92,765
774,13,114,652,958,306,8,8,522,522,0,0.00013615167296368154,0.0002042275094455223,523,574,51,5,4,4,2,6,702,229,720
775,6,212,427,968,541,9,14,437,498,61,0.0,0.0005446066918547262,1,718,717,3,4,4,3,1,778,717,293
776,0,102,1,881,880,0,16,1,358,357,0.0,0.00010211375472276115,1,488,487,4,-1,5,14,0,21,981,322
777,16,632,530,992,462,124,138,748,785,37,0.0002042275094455223,0.0020422750944552232,571,881,310,2,3,3,17,2,112,493,151
778,5,211,421,954,533,14,19,401,451,50,0.0,0.0002723033459273631,1,606,605,3,5,4,8,3,508,572,382
779,8,109,566,944,378,8,8,514,514,0,3.4037918240920386e-05,0.00017018959120460194,401,562,161,5,4,4,2,3,976,829,442
780,0,101,1,945,944,0,2,1,331,330,0.0,0.0,1,1,0,6,-1,7,2,0,940,713,764
781,16,118,692,958,266,12,12,657,657,0,0.00037441710065012424,0.0008509479560230097,664,794,130,4,4,4,2,5,942,165,195
782,0,101,1,924,923,0,5,1,330,329,0.0,3.4037918240920386e-05,1,410,409,5,-1,6,5,0,629,996,434
783,24,125,724,940,216,34,34,773,773,0,0.0007828721195411688,0.0008169100377820892,782,786,4,5,3,3,4,4,495,407,634
784,280,280,962,962,0,350,350,962,962,0,0.0037441710065012424,0.0037441710065012424,938,938,0,-1,2,2,22,30,18,39,669
785,0,206,1,956,955,0,18,1,424,423,0.0,3.4037918240920386e-05,1,396,395,3,-1,4,9,0,339,956,363
786,2,208,367,971,604,4,14,368,537,169,0.00010211375472276115,0.0009870996289866913,492,813,321,3,5,4,3,3,621,755,343
787,8,110,515,914,399,16,16,464,464,0,6.807583648184077e-05,0.0002382654276864427,449,599,150,4,4,4,6,2,266,22,347
788,0,102,1,876,875,0,16,1,356,355,0.0,3.4037918240920386e-05,1,393,392,4,-1,5,14,0,121,803,631
789,3,105,423,921,498,7,7,401,401,0,0.0,0.0002382654276864427,1,597,596,4,5,5,4,5,513,225,252
790,30,236,799,979,180,44,44,881,881,0,0.0004765308553728854,0.004186663943633207,705,940,235,3,3,3,4,6,721,377,21
791,0,102,1,931,930,0,3,1,367,366,0.0,0.0002723033459273631,1,602,601,4,-1,5,2,0,966,859,245
792,6,6,400,400,0,25,25,438,438,0,0.0,0.0,1,1,0,-1,4,4,11,1,229,449,705
793,0,206,1,935,934,0,63,1,495,494,0.0,0.0013615167296368155,1,837,836,3,-1,4,18,1,69,583,157
794,2,208,362,969,607,6,12,363,448,85,0.0,0.0002042275094455223,1,577,576,3,5,4,5,1,363,543,532
795,36,36,829,829,0,22,22,795,795,0,0.001157289220191293,0.001157289220191293,836,836,0,-1,3,3,2,8,747,174,775
796,13,13,639,639,0,10,10,508,508,0,0.0002042275094455223,0.0002042275094455223,581,581,0,-1,4,4,3,5,615,528,651
797,10,216,507,955,448,32,40,499,548,49,6.807583648184077e-05,0.00017018959120460194,449,533,84,3,4,4,8,6,370,392,222
798,0,101,1,928,927,0,4,1,332,331,0.0,0.0,1,1,0,6,-1,7,4,0,562,511,739
799,112,112,915,915,0,48,48,903,903,0,0.0025188059498281084,0.0025188059498281084,908,908,0,-1,3,3,3,20,731,43,737
800,0,616,1,994,993,0,30,1,565,564,0.0,0.0012253650566731338,1,823,822,2,-1,3,8,0,309,912,759
801,0,102,1,878,877,0,20,1,371,370,0.0,0.00010211375472276115,1,477,476,4,-1,5,15,0,81,511,370
802,0,0,1,1,0,0,0,1,1,0,0.0,0.0,1,1,0,-1,-1,-1,3,2,854,271,644
803,2,208,352,953,601,16,23,380,422,42,0.0,0.00037441710065012424,1,670,669,3,5,4,10,3,189,460,670
804,0,206,1,966,965,0,16,1,449,448,0.0,0.00030634126416828345,1,627,626,3,-1,4,6,0,470,744,101
805,0,0,1,1,0,0,0,1,1,0,0.0,0.0,1,1,0,-1,-1,-1,4,0,397,815,772
806,1,1,333,333,0,21,21,333,333,0,0.0,0.0,1,1,0,-1,6,6,21,2,12,582,787
807,18,120,705,949,244,10,10,533,533,0,0.0006807583648184077,0.0007488342013002485,764,771,7,4,4,4,3,6,899,192,317
808,0,0,1,1,0,0,0,1,1,0,0.0,0.0,1,1,0,-1,-1,-1,8,1,415,828,608
809,144,245,959,978,19,44,44,874,874,0,0.0034037918240920387,0.0034037918240920387,931,931,0,6,3,3,4,30,945,65,374
810,1,1,333,333,0,15,15,333,333,0,0.0,0.0,1,1,0,-1,7,7,15,1,37,857,664
811,12,114,626,942,316,10,10,505,505,0,0.00017018959120460194,0.00037441710065012424,549,679,130,4,4,4,3,3,774,505,293
812,19,19,637,637,0,34,34,581,581,0,0.00030634126416828345,0.00030634126416828345,616,616,0,-1,4,4,7,4,366,504,949
813,20,226,619,959,340,44,52,574,625,51,0.00013615167296368154,0.0007488342013002485,499,757,258,3,3,3,9,3,123,347,113
814,166,372,943,982,39,104,104,950,950,0,0.005105687736138058,0.005207801490860819,957,960,3,3,2,2,5,18,238,141,689
815,0,102,1,918,917,0,5,1,361,360,0.0,0.0002042275094455223,1,562,561,4,-1,5,4,0,832,205,562
816,25,127,735,939,204,36,36,745,745,0,0.0007147962830593281,0.0008169100377820892,775,788,13,4,3,3,5,4,412,185,317
817,2,1642,353,1000,647,17,55,379,605,226,3.4037918240920386e-05,0.009564655025698629,400,977,577,1,5,2,11,2,360,518,196
818,0,101,1,948,947,0,3,1,331,330,0.0,3.4037918240920386e-05,1,396,395,6,-1,7,3,0,768,901,679
819,14,220,533,955,422,58,66,569,608,39,6.807583648184077e-05,0.0010892133837094523,450,801,351,3,4,4,13,5,129,362,559
820,41,247,789,972,183,48,48,711,711,0,0.0006807583648184077,0.0010892133837094523,740,810,70,3,3,3,7,7,505,329,295
821,6,622,401,990,589,19,41,422,590,168,6.807583648184077e-05,0.0010892133837094523,440,802,362,2,4,3,8,2,303,575,234
822,7,108,494,900,406,18,18,439,439,0,3.4037918240920386e-05,3.4037918240920386e-05,415,415,0,6,4,4,7,3,714,373,437
823,2,2,353,353,0,10,10,354,354,0,0.0,0.0,1,1,0,-1,5,5,9,1,245,540,723
824,9,9,590,590,0,8,8,497,497,0,0.00010211375472276115,0.00010211375472276115,488,488,0,-1,4,4,2,4,993,339,939
825,0,102,1,888,887,0,11,1,347,346,0.0,3.4037918240920386e-05,1,389,388,4,-1,5,10,0,259,819,506
826,10,10,652,652,0,10,10,588,588,0,0.00037441710065012424,0.00037441710065012424,677,677,0,-1,4,4,3,3,915,507,822
827,34,34,746,746,0,48,48,711,711,0,0.00037441710065012424,0.00037441710065012424,669,669,0,-1,3,3,7,4,413,246,983
828,0,0,1,1,0,0,0,1,1,0,0.0,0.0,1,1,0,-1,-1,-1,7,0,400,276,882
829,0,0,1,1,0,0,0,1,1,0,0.0,0.0,1,1,0,-1,-1,-1,5,0,173,796,462
830,18,18,610,610,0,34,34,516,516,0,0.00017018959120460194,0.00017018959120460194,532,532,0,-1,4,4,9,3,140,677,830
831,8,8,557,557,0,8,8,486,486,0,0.0002042275094455223,0.0002042275094455223,577,577,0,-1,4,4,2,2,752,682,887
832,0,0,1,1,0,0,0,1,1,0,0.0,0.0,1,1,0,-1,-1,-1,2,0,982,793,488
833,0,0,1,1,0,0,0,1,1,0,0.0,0.0,1,1,0,-1,-1,-1,11,0,333,638,895
834,0,616,1,992,991,0,41,1,590,589,0.0,0.0026209197045508697,1,908,907,2,-1,3,10,1,527,693,111
835,0,616,1,998,997,0,24,1,793,792,0.0,0.004322815616596889,1,951,950,2,-1,3,3,0,683,766,50
836,221,221,988,988,0,56,56,994,994,0,0.016372238673882704,0.016372238673882704,991,991,0,-1,2,2,2,69,810,12,872
837,1,207,332,975,643,3,10,332,512,180,0.0,0.00034037918240920387,1,671,670,3,6,4,3,2,845,344,609
838,47,149,833,955,122,30,30,696,696,0,0.0013955546478777359,0.00176997174852786,848,870,22,4,4,4,5,13,551,261,52
839,0,102,1,912,911,0,7,1,385,384,0.0,0.00010211375472276115,1,476,475,4,-1,5,4,1,717,895,636
840,2,2,354,354,0,13,13,383,383,0,6.807583648184077e-05,6.807583648184077e-05,453,453,0,-1,5,5,9,1,249,687,922
841,1,1,332,332,0,2,2,332,332,0,3.4037918240920386e-05,3.4037918240920386e-05,408,408,0,-1,6,6,2,2,847,739,573
842,0,206,1,977,976,0,10,1,507,506,0.0,0.0007488342013002485,1,770,769,3,-1,4,3,0,288,839,264
843,2,2,360,360,0,8,8,410,410,0,6.807583648184077e-05,6.807583648184077e-05,448,448,0,-1,5,5,4,1,572,862,514
844,14,14,660,660,0,10,10,542,542,0,0.0005786446100956465,0.0005786446100956465,729,729,0,-1,4,4,3,3,674,653,783
845,6,108,511,955,444,10,10,548,548,0,0.00017018959120460194,0.0002723033459273631,551,631,80,4,4,4,3,1,584,561,550
846,8,214,557,975,418,8,12,492,587,95,6.807583648184077e-05,0.0020082371762143027,452,897,445,3,4,4,2,2,598,586,112
847,33,135,783,945,162,12,12,549,549,0,0.0007828721195411688,0.0008169100377820892,771,777,6,4,4,4,2,9,909,294,749
848,0,0,1,1,0,0,0,1,1,0,0.0,0.0,1,1,0,-1,-1,-1,2,0,625,951,839
849,200,301,957,976,19,132,132,965,965,0,0.0045270431260424114,0.0045270431260424114,951,951,0,5,2,2,8,27,646,69,842
850,2,2,363,363,0,6,6,387,387,0,0.0,0.0,1,1,0,-1,5,5,4,2,520,495,846
851,0,0,1,1,0,0,0,1,1,0,0.0,0.0,1,1,0,-1,-1,-1,15,0,104,866,693
852,16,1656,643,1000,357,30,68,699,939,240,0.0002723033459273631,0.018686817114265293,615,992,377,1,3,2,6,1,594,891,504
853,1,102,333,904,571,6,6,333,333,0,0.0,0.0,1,1,0,5,6,6,6,2,281,357,402
854,0,206,1,951,950,0,33,1,416,415,0.0,0.0004765308553728854,1,693,692,3,-1,4,15,0,32,902,195
855,0,0,1,1,0,0,0,1,1,0,0.0,0.0,1,1,0,-1,-1,-1,2,1,771,456,882
856,1,103,332,946,614,2,4,332,421,89,3.4037918240920386e-05,0.00030634126416828345,409,645,236,4,6,5,2,2,986,739,553
857,50,152,900,980,80,12,12,713,713,0,0.001599782157323258,0.0023486163586235067,876,910,34,4,4,4,2,20,963,43,109
858,4,106,431,918,487,10,12,406,424,18,3.4037918240920386e-05,0.00017018959120460194,403,547,144,4,5,5,6,2,253,694,350
859,0,0,1,1,0,0,0,1,1,0,0.0,0.0,1,1,0,-1,-1,-1,13,0,120,821,564
860,2,104,386,960,574,6,6,497,497,0,0.00013615167296368154,0.0006126825283365669,524,739,215,4,5,5,3,1,852,527,120
861,0,0,1,1,0,0,0,1,1,0,0.0,0.0,1,1,0,-1,-1,-1,19,0,19,758,675
862,2,104,378,943,565,3,4,380,410,30,0.00010211375472276115,0.0005446066918547262,486,719,233,4,5,5,2,3,937,708,294
863,100,100,961,961,0,100,100,998,998,0,0.07716396065216652,0.0776404915075394,1000,1000,0,4,1,1,2,3,810,646,240
864,115,321,887,971,84,152,152,812,812,0,0.001497668402600497,0.0019061234214915416,852,874,22,3,3,3,17,18,39,54,237
865,159,261,955,977,22,54,54,900,900,0,0.00353994349705572,0.0036760951700194017,940,942,2,4,3,3,4,24,755,8,332
866,1,1,333,333,0,5,5,333,333,0,0.0,0.0,1,1,0,-1,7,7,5,2,616,344,974
867,0,102,1,899,898,0,10,1,399,398,0.0,0.0006126825283365669,1,731,730,4,-1,5,5,0,349,992,366
868,14,115,591,914,323,33,33,531,531,0,0.00017018959120460194,0.00017018959120460194,546,546,0,6,4,4,11,4,261,230,603
869,7,7,561,561,0,14,14,638,638,0,0.00017018959120460194,0.00017018959120460194,551,551,0,-1,4,4,3,2,796,323,513
870,0,101,1,926,925,0,4,1,331,330,0.0,0.0,1,1,0,7,-1,8,4,0,648,744,469
871,2,104,359,914,555,6,6,399,399,0,6.807583648184077e-05,0.0002382654276864427,445,595,150,4,5,5,3,1,930,899,365
872,8,110,515,915,400,14,14,460,460,0,6.807583648184077e-05,0.0006807583648184077,465,758,293,4,4,4,5,2,479,627,184
873,14,220,607,972,365,23,32,564,662,98,0.0002042275094455223,0.002927260968719153,561,917,356,3,4,4,6,3,399,378,48
874,0,102,1,892,891,0,15,1,388,387,0.0,3.4037918240920386e-05,1,403,402,4,-1,5,9,0,147,276,197
875,26,127,735,937,202,24,24,651,651,0,0.0004765308553728854,0.0005105687736138058,706,716,10,5,4,4,4,6,736,494,466
876,17,17,603,603,0,61,61,679,679,0,0.00034037918240920387,0.00034037918240920387,627,627,0,-1,3,3,10,4,259,305,852
877,0,0,1,1,0,0,0,1,1,0,0.0,0.0,1,1,0,-1,-1,-1,10,1,128,747,624
878,0,206,1,951,950,0,34,1,481,480,0.0,0.0007828721195411688,1,764,763,3,-1,4,11,0,360,205,390
879,0,102,1,912,911,0,6,1,359,358,0.0,0.00013615167296368154,1,515,514,4,-1,5,5,1,284,830,156
880,0,206,1,939,938,0,54,1,383,382,0.0,0.0002723033459273631,1,596,595,3,-1,4,35,1,20,920,805
881,0,206,1,968,967,0,16,1,518,517,0.0,0.0008509479560230097,1,799,798,3,-1,4,4,0,694,254,207
882,0,0,1,1,0,0,0,1,1,0,0.0,0.0,1,1,0,-1,-1,-1,2,0,792,975,941
883,8,110,591,962,371,6,6,457,457,0,3.4037918240920386e-05,0.00037441710065012424,400,666,266,4,5,5,3,5,922,274,197
884,0,101,1,918,917,0,4,1,332,331,0.0,0.0,1,1,0,6,-1,7,4,0,655,723,469
885,0,206,1,945,944,0,54,1,474,473,0.0,0.0012253650566731338,1,822,821,3,-1,4,18,0,34,600,217
886,0,102,1,914,913,0,4,1,360,359,0.0,0.00013615167296368154,1,520,519,4,-1,5,3,0,743,571,247
887,0,102,1,942,941,0,4,1,392,391,0.0,0.0,1,1,0,4,-1,5,2,0,771,629,323
888,86,86,851,851,0,90,90,783,783,0,0.0012594029749140542,0.0012594029749140542,828,828,0,-1,3,3,10,9,206,130,980
889,33,135,779,945,166,40,40,835,835,0,0.0005786446100956465,0.0006807583648184077,725,744,19,4,3,3,4,8,741,286,485
890,12,12,603,603,0,15,15,555,555,0,0.00010211375472276115,0.00010211375472276115,500,500,0,-1,4,4,4,2,423,383,945
891,0,101,1,882,881,0,15,1,332,331,0.0,0.0,1,1,0,8,-1,9,15,0,68,981,857
892,0,616,1,989,988,0,61,1,557,556,0.0,0.0012934408931549745,1,843,842,2,-1,3,14,0,332,858,193
893,0,206,1,948,947,0,20,1,403,402,0.0,0.0002042275094455223,1,567,566,3,-1,4,10,0,128,713,810
894,0,206,1,945,944,0,40,1,416,415,0.0,0.00013615167296368154,1,510,509,3,-1,4,18,0,64,826,697
895,1,617,333,987,654,14,45,333,480,147,0.0,0.0004765308553728854,1,691,690,2,6,3,14,1,122,640,280
896,141,141,934,934,0,108,108,921,921,0,0.0029612988869600733,0.0029612988869600733,922,922,0,-1,3,3,8,20,350,43,814
897,2,2,365,365,0,9,9,422,422,0,0.00010211375472276115,0.00010211375472276115,491,491,0,-1,5,5,5,1,612,481,966
898,0,206,1,964,963,0,34,1,587,586,0.0,0.0002723033459273631,1,608,607,3,-1,4,7,0,324,614,212
899,4,4,386,386,0,22,22,374,374,0,0.0,0.0,1,1,0,-1,5,5,14,2,108,298,943
900,564,564,986,986,0,288,288,984,984,0,0.009870996289866912,0.009870996289866912,975,975,0,-1,2,2,16,59,132,5,633
901,0,0,1,1,0,0,0,1,1,0,0.0,0.0,1,1,0,-1,-1,-1,3,1,674,428,775
902,6,108,407,889,482,42,42,510,510,0,6.807583648184077e-05,0.00013615167296368154,440,513,73,4,4,4,11,1,188,958,585
903,0,102,1,944,943,0,4,1,412,411,0.0,0.0004084550188910446,1,672,671,4,-1,5,2,1,960,913,559
904,0,102,1,933,932,0,6,1,390,389,0.0,0.0008169100377820892,1,785,784,4,-1,5,4,0,679,889,396
905,1,102,333,899,566,7,7,333,333,0,0.0,0.0,1,1,0,6,6,6,7,2,346,344,736
906,0,0,1,1,0,0,0,1,1,0,0.0,0.0,1,1,0,-1,-1,-1,22,0,18,643,960
907,0,0,1,1,0,0,0,1,1,0,0.0,0.0,1,1,0,-1,-1,-1,9,0,192,888,831
908,24,230,759,979,220,8,8,503,503,0,0.0004765308553728854,0.001157289220191293,713,836,123,3,4,4,2,13,747,256,242
909,6,6,391,391,0,40,40,443,443,0,0.0,0.0,1,1,0,-1,4,4,16,1,50,878,732
910,60,676,856,998,142,50,60,830,883,53,0.0014295925661186562,0.0027911092957554717,854,912,58,2,3,3,5,13,604,255,59
911,30,30,820,820,0,8,8,513,513,0,0.0007828721195411688,0.0007828721195411688,777,777,0,-1,4,4,2,13,874,120,833
912,6,6,439,439,0,11,11,452,452,0,0.0,0.0,1,1,0,-1,4,4,4,1,755,639,348
913,136,238,939,972,33,72,72,866,866,0,0.0020763130126961434,0.0021784267674189047,886,889,3,4,3,3,7,23,342,117,531
914,2,103,401,970,569,3,3,416,416,0,0.0,0.0,1,1,0,7,5,5,2,1,884,878,603
915,2,208,355,953,598,13,32,369,477,108,0.0,0.0009530617107457708,1,801,800,3,5,4,10,3,149,748,190
916,13,115,674,956,282,8,8,544,544,0,0.0005446066918547262,0.00088498587426393,739,804,65,4,4,4,2,6,781,516,422
917,0,206,1,954,953,0,17,1,400,399,0.0,0.0002042275094455223,1,569,568,3,-1,4,9,0,178,927,487
918,0,206,1,952,951,0,16,1,379,378,0.0,0.0,1,1,0,3,-1,4,10,0,135,863,623
919,0,0,1,1,0,0,0,1,1,0,0.0,0.0,1,1,0,-1,-1,-1,8,0,442,967,757
920,20,20,630,630,0,44,44,593,593,0,0.00030634126416828345,0.00030634126416828345,624,624,0,-1,3,3,9,4,276,332,889
921,16,117,583,909,326,28,28,563,563,0,0.00037441710065012424,0.00037441710065012424,659,659,0,5,4,4,6,6,630,424,597
922,8,624,458,988,530,57,156,445,715,270,6.807583648184077e-05,0.0034718676605738795,446,930,484,2,4,3,23,2,43,680,51
923,31,132,713,913,200,88,88,859,859,0,0.0006467204465774873,0.0006467204465774873,734,734,0,6,3,3,8,6,236,114,374
924,0,616,1,998,997,0,22,1,763,762,0.0,0.003948398515946765,1,939,938,2,-1,3,2,0,934,620,141
925,2,2,353,353,0,13,13,359,359,0,0.0,0.0,1,1,0,-1,5,5,11,2,279,692,806
926,2,104,371,937,566,4,5,372,389,17,0.0,3.4037918240920386e-05,1,403,402,4,5,5,3,2,568,509,492
927,22,228,624,958,334,54,70,559,630,71,0.00013615167296368154,0.0007828721195411688,520,771,251,3,3,3,12,2,226,791,125
928,6,108,420,913,493,19,19,481,481,0,0.0,0.0002723033459273631,1,607,606,4,4,4,6,1,556,506,452
929,78,284,856,976,120,80,80,771,771,0,0.0009190237925048504,0.0012594029749140542,784,828,44,3,3,3,10,15,293,138,473
930,0,0,1,1,0,0,0,1,1,0,0.0,0.0,1,1,0,-1,-1,-1,16,0,132,643,959
931,41,143,819,947,128,28,28,731,731,0,0.0005446066918547262,0.0006467204465774873,728,750,22,4,3,3,3,8,819,284,667
932,0,102,1,964,963,0,6,1,458,457,0.0,0.000442492937131965,1,690,689,4,-1,5,3,1,786,568,192
933,6,107,487,946,459,10,10,524,524,0,0.00010211375472276115,0.00010211375472276115,489,489,0,5,4,4,3,2,523,550,506
934,13,13,658,658,0,18,18,716,716,0,0.0005446066918547262,0.0005446066918547262,720,720,0,-1,4,4,3,4,768,407,946
935,4,4,476,476,0,4,4,461,461,0,0.0002042275094455223,0.0002042275094455223,588,588,0,-1,5,5,2,4,760,398,922
936,85,187,906,966,60,44,44,844,844,0,0.0019741992579733825,0.0023486163586235067,884,899,15,4,3,3,4,15,424,53,250
937,0,616,1,988,987,0,108,1,564,563,0.0,0.0012253650566731338,1,826,825,2,-1,3,25,0,17,228,54
938,36,36,796,796,0,46,46,860,860,0,0.0008509479560230097,0.0008509479560230097,782,782,0,-1,3,3,5,6,908,376,939
939,58,58,782,782,0,142,142,810,810,0,0.00088498587426393,0.00088498587426393,778,778,0,-1,2,2,15,4,51,167,649
940,6,6,396,396,0,35,35,495,495,0,0.00010211375472276115,0.00010211375472276115,485,485,0,-1,4,4,10,2,128,575,913
941,362,568,986,995,9,88,88,974,974,0,0.009088124170325743,0.009428503352734947,978,980,2,3,2,2,4,59,504,5,467
942,27,129,794,959,165,12,12,654,654,0,0.00034037918240920387,0.0006807583648184077,665,761,96,4,4,4,2,13,964,256,432
943,6,107,457,928,471,22,22,576,576,0,0.00010211375472276115,0.00013615167296368154,491,521,30,5,4,4,5,1,517,720,924
944,0,206,1,981,980,0,8,1,522,521,0.0,0.0002042275094455223,1,573,572,3,-1,4,2,0,929,985,741
945,9,111,588,940,352,14,14,589,589,0,0.0008169100377820892,0.0008509479560230097,784,791,7,4,4,4,3,3,433,438,534
946,3,104,426,926,500,6,6,382,382,0,0.0,0.0,1,1,0,5,5,5,4,2,403,627,598
947,223,325,971,980,9,110,110,962,962,0,0.003812246842983083,0.003812246842983083,943,943,0,4,2,2,6,32,526,26,618
948,0,102,1,942,941,0,4,1,423,422,0.0,0.0006467204465774873,1,750,749,4,-1,5,2,0,938,200,226
949,164,266,945,977,32,88,88,872,872,0,0.0025188059498281084,0.0025188059498281084,910,910,0,4,3,3,8,27,257,61,879
950,115,217,927,967,40,80,80,949,949,0,0.003982436434187685,0.004118588107151367,947,950,3,4,3,3,5,19,338,135,759
951,0,0,1,1,0,0,0,1,1,0,0.0,0.0,1,1,0,-1,-1,-1,6,0,624,923,794
952,148,250,938,969,31,104,104,890,890,0,0.0026549576227917903,0.0026889955410327104,907,907,0,4,3,3,9,19,394,133,581
953,17,118,703,945,242,12,12,631,631,0,0.00034037918240920387,0.00034037918240920387,656,656,0,5,4,4,2,5,894,636,878
954,70,276,847,975,128,106,106,930,930,0,0.0014295925661186562,0.0015657442390823377,847,858,11,3,2,2,7,5,179,283,132
955,0,0,1,1,0,0,0,1,1,0,0.0,0.0,1,1,0,-1,-1,-1,3,0,585,932,707
956,0,0,1,1,0,0,0,1,1,0,0.0,0.0,1,1,0,-1,-1,-1,4,0,794,950,753
957,9,9,536,536,0,22,22,571,571,0,6.807583648184077e-05,6.807583648184077e-05,450,450,0,-1,4,4,5,3,338,508,400
958,35,651,778,997,219,30,30,690,690,0,0.001055175465468532,0.0022465026039007454,824,896,72,2,3,3,4,10,759,272,394
959,0,102,1,913,912,0,7,1,360,359,0.0,0.00017018959120460194,1,536,535,4,-1,5,6,0,664,732,424
960,0,206,1,964,963,0,18,1,445,444,0.0,0.0006807583648184077,1,743,742,3,-1,4,8,0,270,995,216
961,28,130,662,912,250,66,66,623,623,0,0.0005105687736138058,0.0007488342013002485,703,755,52,4,3,3,12,3,292,519,229
962,0,206,1,958,957,0,26,1,514,513,0.0,0.0011913271384322134,1,829,828,3,-1,4,7,1,466,738,151
963,40,141,836,960,124,12,12,588,588,0,0.0008509479560230097,0.0008509479560230097,798,798,0,8,4,4,2,12,598,179,626
964,146,146,924,924,0,104,104,895,895,0,0.00176997174852786,0.00176997174852786,859,859,0,-1,3,3,9,19,208,59,792
965,18,18,678,678,0,30,30,766,766,0,0.00017018959120460194,0.00017018959120460194,550,550,0,-1,3,3,4,5,461,722,745
966,0,1640,1,1000,999,0,69,1,878,877,0.0,0.015487252799618776,1,990,989,1,-1,2,7,0,305,967,470
967,64,680,793,990,197,164,174,830,849,19,0.0004084550188910446,0.0011232513019503727,673,817,144,2,3,3,18,7,86,134,306
968,209,209,982,982,0,32,32,943,943,0,0.008747744987916539,0.008747744987916539,974,974,0,-1,3,3,2,49,742,16,271
969,2,2,348,348,0,14,14,348,348,0,0.0,0.0,1,1,0,-1,5,5,13,1,120,861,929
970,0,0,1,1,0,0,0,1,1,0,0.0,0.0,1,1,0,-1,-1,-1,7,0,324,808,965
971,5,105,507,956,449,4,4,440,440,0,6.807583648184077e-05,0.0002042275094455223,452,582,130,4,5,5,2,3,991,526,86
972,6,212,479,976,497,10,18,525,729,204,0.00010211375472276115,0.007794683277170768,481,970,489,3,4,4,3,2,888,518,0
973,373,475,990,994,4,72,72,985,985,0,0.010858095918853602,0.010892133837094524,987,987,0,4,2,2,3,75,855,24,570
974,73,73,888,888,0,30,30,745,745,0,0.0018380475850097008,0.0018380475850097008,878,878,0,-1,4,4,5,24,695,129,792
975,0,101,1,962,961,0,3,1,331,330,0.0,0.0,1,1,0,6,-1,7,3,0,812,774,764
976,2,104,370,933,563,6,6,425,425,0,6.807583648184077e-05,0.0002042275094455223,445,566,121,4,5,5,3,1,670,762,385
977,73,279,888,980,92,38,38,869,869,0,0.0022465026039007454,0.002382654276864427,895,905,10,3,3,3,3,17,923,180,394
978,48,48,834,834,0,40,40,776,776,0,0.0009870996289866913,0.0009870996289866913,810,810,0,-1,3,3,5,13,551,120,871
979,0,0,1,1,0,0,0,1,1,0,0.0,0.0,1,1,0,-1,-1,-1,10,0,75,968,941
980,0,102,1,890,889,0,11,1,390,389,0.0,0.0002042275094455223,1,562,561,4,-1,5,6,0,157,776,840
981,72,72,907,907,0,22,22,833,833,0,0.002552843868069029,0.002552843868069029,914,914,0,-1,3,3,2,22,929,128,498
982,65,167,819,930,111,92,92,704,704,0,0.0007488342013002485,0.0007488342013002485,753,753,0,4,3,3,14,10,47,366,434
983,0,616,1,997,996,0,30,1,672,671,0.0,0.0018380475850097008,1,882,881,2,-1,3,6,0,657,757,190
984,0,616,1,992,991,0,96,1,638,637,0.0,0.0013274788113958951,1,833,832,2,-1,3,16,0,53,994,179
985,0,101,1,940,939,0,2,1,331,330,0.0,3.4037918240920386e-05,1,402,401,6,-1,7,2,1,977,835,437
986,40,40,742,742,0,59,59,640,640,0,0.0014295925661186562,0.0014295925661186562,853,853,0,-1,2,2,10,1,153,503,981
987,16,16,582,582,0,25,25,505,505,0,0.00034037918240920387,0.00034037918240920387,645,645,0,-1,3,3,8,1,308,687,433
988,18,634,573,988,415,102,112,683,712,29,0.0005786446100956465,0.0022465026039007454,708,891,183,2,4,3,17,3,80,616,157
989,0,206,1,967,966,0,24,1,535,534,0.0,0.0009870996289866913,1,795,794,3,-1,4,6,0,556,698,393
990,2,104,347,878,531,18,25,357,378,21,0.0,0.0002042275094455223,1,558,557,4,5,5,16,2,26,739,670
991,50,256,834,976,142,68,72,892,896,4,0.0010892133837094523,0.0028932230504782326,818,919,101,3,3,3,7,6,439,46,119
992,0,0,1,1,0,0,0,1,1,0,0.0,0.0,1,1,0,-1,-1,-1,7,0,193,963,632
993,34,34,775,775,0,22,22,559,559,0,0.00017018959120460194,0.00017018959120460194,547,547,0,-1,4,4,5,10,326,262,881
994,22,22,608,608,0,71,71,550,550,0,0.00010211375472276115,0.00010211375472276115,479,479,0,-1,3,3,17,2,24,491,808
995,24,125,716,939,223,30,30,727,727,0,0.0005786446100956465,0.0005786446100956465,722,722,0,6,3,3,4,3,815,307,469
996,47,47,814,814,0,40,40,725,725,0,0.001157289220191293,0.001157289220191293,829,829,0,-1,3,3,5,13,793,255,538
997,18,18,653,653,0,31,31,719,719,0,0.00030634126416828345,0.00030634126416828345,630,630,0,-1,3,3,5,2,662,584,880
998,0,206,1,952,951,0,19,1,395,394,0.0,0.00013615167296368154,1,501,500,3,-1,4,10,0,205,569,406
999,31,133,734,931,197,56,56,693,693,0,0.00034037918240920387,0.00034037918240920387,645,645,0,4,3,3,11,6,261,4,526
