,FreeNet_pre_score,FreeNet_post_score,FreeNet_pre_rank,FreeNet_post_rank,FreeNet_delta_ranks,Reversed_pre_score,Reversed_post_score,Reversed_pre_rank,Reversed_post_rank,Reversed_delta_ranks,Random_pre_score,Random_post_score,Random_pre_rank,Random_post_rank,Random_delta_ranks,dist_victim_relayer,dist_victim_vilain_pre,dist_victim_vilain_post,out_deg_victim,in_deg_villain,victim,villain,relayer
0,0,102,1,951,950,0,3,1,369,368,0.0,0.00010211375472276115,1,487,486,4,-1,5,2,0,702,488,622
1,35,35,767,767,0,56,56,726,726,0,0.0007488342013002485,0.0007488342013002485,761,761,0,-1,3,3,8,6,137,467,271
2,0,101,1,937,936,0,2,1,331,330,0.0,0.0,1,1,0,5,-1,6,2,0,598,668,437
3,0,102,1,922,921,0,6,1,397,396,0.0,0.0002723033459273631,1,618,617,4,-1,5,3,0,834,446,407
4,5,106,512,962,450,4,4,465,465,0,0.00013615167296368154,0.00017018959120460194,523,557,34,5,5,5,2,3,799,596,631
5,0,102,1,912,911,0,8,1,377,376,0.0,0.00013615167296368154,1,521,520,4,-1,5,6,0,237,977,350
6,32,32,800,800,0,24,24,797,797,0,0.0004765308553728854,0.0004765308553728854,702,702,0,-1,3,3,3,10,856,266,871
7,48,150,827,952,125,34,34,750,750,0,0.0015317063208414173,0.0015317063208414173,862,862,0,4,3,3,4,9,815,130,442
8,14,14,588,588,0,14,14,502,502,0,0.00034037918240920387,0.00034037918240920387,660,660,0,-1,4,4,3,4,725,637,892
9,134,235,949,978,29,66,66,927,927,0,0.003778208924742163,0.003812246842983083,939,939,0,5,3,3,6,24,486,8,761
10,8,8,530,530,0,13,13,462,462,0,3.4037918240920386e-05,3.4037918240920386e-05,399,399,0,-1,4,4,5,2,691,549,945
11,18,224,592,958,366,41,46,528,552,24,0.00030634126416828345,0.0006467204465774873,614,724,110,3,3,3,11,2,271,383,295
12,7,109,552,948,396,8,8,502,502,0,0.0002382654276864427,0.0007828721195411688,605,781,176,4,4,4,2,3,980,434,482
13,0,206,1,936,935,0,38,1,396,395,0.0,0.00030634126416828345,1,616,615,3,-1,4,19,0,35,919,188
14,2,2,379,379,0,3,3,383,383,0,0.0,0.0,1,1,0,-1,5,5,2,1,742,601,927
15,2,2,370,370,0,3,3,372,372,0,3.4037918240920386e-05,3.4037918240920386e-05,406,406,0,-1,5,5,2,2,874,662,838
16,0,0,1,1,0,0,0,1,1,0,0.0,0.0,1,1,0,-1,-1,-1,2,0,895,871,995
17,27,233,756,973,217,16,16,528,528,0,0.0005105687736138058,0.0010892133837094523,720,830,110,3,4,4,4,9,649,391,138
18,200,200,961,961,0,60,60,847,847,0,0.0034718676605738795,0.0034718676605738795,933,933,0,-1,3,3,5,37,426,74,919
19,5,5,438,438,0,13,13,427,427,0,3.4037918240920386e-05,3.4037918240920386e-05,407,407,0,-1,5,5,7,4,722,332,819
20,2,104,359,912,553,11,12,412,420,8,0.00010211375472276115,0.0002042275094455223,484,578,94,4,5,5,6,1,251,807,958
21,0,0,1,1,0,0,0,1,1,0,0.0,0.0,1,1,0,-1,-1,-1,2,2,779,633,766
22,0,206,1,954,953,0,34,1,507,506,0.0,0.001599782157323258,1,855,854,3,-1,4,9,0,381,793,82
23,0,206,1,967,966,0,12,1,442,441,0.0,6.807583648184077e-05,1,453,452,3,-1,4,5,0,665,816,363
24,23,229,702,972,270,18,18,609,609,0,0.0010211375472276116,0.002757071377514551,796,919,123,3,4,4,3,7,778,399,73
25,52,154,874,967,93,12,12,632,632,0,0.0011913271384322134,0.0014636304843595766,840,862,22,4,4,4,2,18,919,147,233
26,38,38,822,822,0,22,22,760,760,0,0.0007488342013002485,0.0007488342013002485,776,776,0,-1,3,3,2,8,589,161,798
27,244,346,949,972,23,284,284,937,937,0,0.002995336805200994,0.0030634126416828346,913,913,0,4,2,2,21,21,74,157,444
28,0,206,1,976,975,0,8,1,499,498,0.0,0.001055175465468532,1,820,819,3,-1,4,2,0,880,723,273
29,30,131,738,931,193,50,50,740,740,0,0.000442492937131965,0.0005446066918547262,689,717,28,5,3,3,7,6,505,435,694
30,34,34,807,807,0,28,28,799,799,0,0.0008509479560230097,0.0008509479560230097,795,795,0,-1,3,3,3,8,627,264,977
31,0,102,1,914,913,0,7,1,359,358,0.0,6.807583648184077e-05,1,435,434,4,-1,5,6,0,322,998,313
32,2,104,358,910,552,6,6,374,374,0,0.0,6.807583648184077e-05,1,449,448,4,5,5,4,2,638,509,441
33,0,206,1,963,962,0,16,1,430,429,0.0,0.00037441710065012424,1,657,656,3,-1,4,7,0,359,894,236
34,1,207,333,966,633,5,17,333,505,172,0.00010211375472276115,0.00030634126416828345,481,629,148,3,6,4,5,1,311,603,339
35,0,206,1,946,945,0,44,1,451,450,0.0,0.0004084550188910446,1,650,649,3,-1,4,17,0,63,954,510
36,15,116,676,946,270,14,14,612,612,0,0.0004084550188910446,0.0004084550188910446,694,694,0,5,4,4,3,7,961,371,265
37,29,645,749,996,247,18,28,574,724,150,0.0005446066918547262,0.00176997174852786,726,867,141,2,4,3,3,9,459,294,134
38,8,214,504,960,456,23,23,468,468,0,3.4037918240920386e-05,0.0005786446100956465,401,735,334,3,4,4,8,5,428,476,610
39,6,6,402,402,0,28,28,518,518,0,0.00013615167296368154,0.00013615167296368154,515,515,0,-1,4,4,6,1,312,110,604
40,18,119,677,943,266,24,24,677,677,0,0.0006807583648184077,0.0006807583648184077,762,762,0,5,4,4,4,3,648,382,964
41,6,212,402,961,559,18,22,431,464,33,3.4037918240920386e-05,0.00030634126416828345,396,628,232,3,4,4,7,1,591,607,316
42,32,238,726,969,243,62,62,677,677,0,0.00088498587426393,0.0012594029749140542,791,835,44,3,3,3,10,7,427,170,303
43,0,102,1,900,899,0,11,1,363,362,0.0,0.00010211375472276115,1,480,479,4,-1,5,9,0,395,932,627
44,6,212,390,954,564,34,40,472,504,32,0.00013615167296368154,0.0002723033459273631,507,604,97,3,4,4,12,1,212,360,681
45,0,102,1,927,926,0,6,1,359,358,0.0,0.0,1,1,0,4,-1,5,5,1,574,472,764
46,0,206,1,975,974,0,8,1,458,457,0.0,0.00013615167296368154,1,512,511,3,-1,4,3,0,901,600,598
47,0,206,1,968,967,0,20,1,564,563,0.0,0.00176997174852786,1,874,873,3,-1,4,4,2,354,775,104
48,1,103,333,899,566,6,12,333,407,74,0.0,0.000442492937131965,1,686,685,4,6,5,6,3,432,181,535
49,0,0,1,1,0,0,0,1,1,0,0.0,0.0,1,1,0,-1,-1,-1,8,0,308,777,970
50,0,0,1,1,0,0,0,1,1,0,0.0,0.0,1,1,0,-1,-1,-1,3,3,626,882,757
51,24,126,640,895,255,78,78,616,616,0,0.00037441710065012424,0.0004765308553728854,663,699,36,4,3,3,14,4,198,479,369
52,0,102,1,875,874,0,24,1,375,374,0.0,0.00010211375472276115,1,480,479,4,-1,5,16,0,53,744,285
53,3,105,432,927,495,6,6,407,407,0,6.807583648184077e-05,0.00017018959120460194,455,550,95,4,5,5,3,5,585,464,300
54,6,622,372,990,618,47,176,377,669,292,0.0,0.0031314884781646754,1,926,925,2,4,3,30,2,7,764,13
55,7,109,523,933,410,14,14,569,569,0,0.00010211375472276115,0.0007488342013002485,481,767,286,4,4,4,3,3,337,631,195
56,100,100,893,893,0,100,100,940,940,0,0.021477926410020762,0.021648116001225366,993,993,0,3,1,1,7,6,525,275,586
57,0,0,1,1,0,0,0,1,1,0,0.0,0.0,1,1,0,-1,-1,-1,7,0,417,897,388
58,12,114,651,953,302,14,14,638,638,0,0.000442492937131965,0.0005446066918547262,695,721,26,4,4,4,3,3,911,197,561
59,0,206,1,969,968,0,16,1,491,490,0.0,0.0012934408931549745,1,839,838,3,-1,4,4,0,445,968,171
60,8,214,518,966,448,10,14,424,462,38,6.807583648184077e-05,0.0012594029749140542,465,830,365,3,5,4,5,4,531,444,146
61,4,4,444,444,0,7,7,410,410,0,0.00010211375472276115,0.00010211375472276115,476,476,0,-1,5,5,4,2,633,430,902
62,0,206,1,958,957,0,18,1,431,430,0.0,0.00017018959120460194,1,529,528,3,-1,4,7,0,182,846,107
63,6,107,538,965,427,8,8,596,596,0,0.0002042275094455223,0.0002382654276864427,577,605,28,5,4,4,2,1,749,655,325
64,22,123,794,969,175,18,18,863,863,0,0.00088498587426393,0.00088498587426393,796,796,0,6,3,3,2,6,985,258,460
65,0,0,1,1,0,0,0,1,1,0,0.0,0.0,1,1,0,-1,-1,-1,3,0,628,928,943
66,190,190,953,953,0,82,82,864,864,0,0.0037441710065012424,0.0037441710065012424,943,943,0,-1,3,3,7,30,366,75,992
67,4,210,389,957,568,15,26,384,464,80,6.807583648184077e-05,0.0002723033459273631,449,598,149,3,5,4,9,5,381,401,339
68,2,104,355,916,561,6,9,355,389,34,3.4037918240920386e-05,6.807583648184077e-05,407,453,46,4,5,5,5,1,555,640,285
69,1,103,333,963,630,2,3,333,397,64,0.0,0.00030634126416828345,1,652,651,4,8,5,2,1,749,857,683
70,18,120,642,921,279,20,20,532,532,0,0.0002042275094455223,0.00037441710065012424,566,656,90,4,4,4,4,3,385,677,527
71,190,396,960,987,27,72,72,852,852,0,0.0038462847612240037,0.0040845501889104465,940,945,5,3,3,3,7,30,141,75,93
72,0,0,1,1,0,0,0,1,1,0,0.0,0.0,1,1,0,-1,-1,-1,4,0,553,986,874
73,100,100,865,865,0,100,100,727,727,0,0.020014295925661188,0.020014295925661188,997,997,0,4,1,1,14,81,268,32,319
74,2,208,359,970,611,4,10,359,445,86,3.4037918240920386e-05,0.001497668402600497,397,854,457,3,5,4,3,2,645,518,91
75,6,6,489,489,0,8,8,508,508,0,6.807583648184077e-05,6.807583648184077e-05,457,457,0,-1,4,4,2,1,939,420,822
76,17,118,702,947,245,14,14,612,612,0,0.00037441710065012424,0.00037441710065012424,673,673,0,5,4,4,3,8,961,417,879
77,6,108,457,930,473,15,16,472,490,18,0.0,0.00088498587426393,1,794,793,4,4,4,6,1,661,837,184
78,22,228,649,966,317,60,60,703,703,0,0.0004765308553728854,0.0006467204465774873,693,743,50,3,3,3,9,5,200,535,341
79,0,102,1,917,916,0,4,1,387,386,0.0,0.00010211375472276115,1,484,483,4,-1,5,2,0,859,228,531
80,6,212,399,949,550,64,68,541,553,12,0.00013615167296368154,0.0002723033459273631,506,604,98,3,4,4,16,1,78,394,541
81,0,206,1,973,972,0,10,1,516,515,0.0,0.0011913271384322134,1,838,837,3,-1,4,3,0,683,745,471
82,0,206,1,975,974,0,8,1,491,490,0.0,0.0005105687736138058,1,710,709,3,-1,4,2,0,926,954,226
83,16,222,519,947,428,88,88,571,571,0,0.00017018959120460194,0.0005446066918547262,533,709,176,3,3,3,19,3,148,260,192
84,0,206,1,967,966,0,14,1,454,453,0.0,0.0002723033459273631,1,611,610,3,-1,4,7,0,697,786,385
85,8,214,529,970,441,11,15,461,546,85,3.4037918240920386e-05,0.0008169100377820892,398,787,389,3,4,4,4,2,885,408,59
86,0,101,1,898,897,0,6,1,332,331,0.0,0.0,1,1,0,6,-1,7,6,2,630,709,595
87,1,103,329,979,650,2,3,329,457,128,6.807583648184077e-05,0.0007488342013002485,463,791,328,4,6,5,2,3,952,578,296
88,6,212,474,980,506,12,12,604,604,0,0.0002723033459273631,0.0008169100377820892,629,785,156,3,4,4,2,1,943,891,470
89,2,103,375,946,571,3,3,376,376,0,3.4037918240920386e-05,3.4037918240920386e-05,401,401,0,6,5,5,2,1,760,592,734
90,0,0,1,1,0,0,0,1,1,0,0.0,0.0,1,1,0,-1,-1,-1,4,0,539,970,673
91,16,222,649,976,327,30,30,773,773,0,0.00037441710065012424,0.001157289220191293,667,826,159,3,3,3,4,1,597,404,166
92,2,103,372,954,582,3,3,374,374,0,3.4037918240920386e-05,6.807583648184077e-05,404,463,59,5,5,5,2,1,806,788,512
93,8,109,547,940,393,15,15,556,556,0,0.0002723033459273631,0.00037441710065012424,618,663,45,5,4,4,4,2,507,523,550
94,1,102,330,886,556,9,9,330,330,0,0.0,3.4037918240920386e-05,1,396,395,5,6,6,9,1,276,640,885
95,10,111,699,972,273,8,8,641,641,0,0.0005446066918547262,0.0005446066918547262,738,738,0,6,4,4,2,3,936,382,595
96,16,16,721,721,0,12,12,707,707,0,0.0005446066918547262,0.0005446066918547262,738,738,0,-1,4,4,2,6,994,377,660
97,6,108,480,940,460,18,18,731,731,0,0.0002723033459273631,0.00034037918240920387,623,664,41,4,4,4,3,1,683,404,270
98,16,118,544,899,355,94,94,659,659,0,3.4037918240920386e-05,6.807583648184077e-05,399,444,45,4,3,3,16,1,78,718,530
99,0,206,1,971,970,0,8,1,463,462,0.0,0.0006126825283365669,1,735,734,3,-1,4,2,0,909,808,114
100,42,42,776,776,0,80,80,835,835,0,0.0005446066918547262,0.0005446066918547262,719,719,0,-1,3,3,9,6,422,192,483
101,165,165,929,929,0,178,178,917,917,0,0.0019061234214915416,0.0019061234214915416,879,879,0,-1,2,2,14,23,108,117,632
102,28,130,688,914,226,46,46,591,591,0,0.0006467204465774873,0.0006807583648184077,740,747,7,4,3,3,10,3,211,307,592
103,6,212,398,959,561,19,28,395,457,62,0.0,0.00037441710065012424,1,655,654,3,4,4,11,1,248,734,333
104,12,113,638,950,312,8,8,510,510,0,0.00037441710065012424,0.000442492937131965,676,707,31,5,4,4,2,3,964,121,310
105,0,616,1,991,990,0,50,1,624,623,0.0,0.0014295925661186562,1,844,843,2,-1,3,8,0,370,455,153
106,12,114,520,893,373,38,38,497,497,0,0.0002382654276864427,0.0004765308553728854,587,699,112,4,4,4,11,2,230,524,229
107,2,2,357,357,0,7,7,408,408,0,0.00013615167296368154,0.00013615167296368154,517,517,0,-1,5,5,4,1,593,899,735
108,52,258,770,954,184,96,96,636,636,0,0.0007488342013002485,0.0020763130126961434,750,884,134,3,3,3,17,11,80,316,166
109,2,618,350,990,640,13,42,378,610,232,0.0,0.002144388849177984,1,895,894,2,5,3,8,1,317,601,243
110,0,206,1,967,966,0,16,1,510,509,0.0,0.0018040096667687805,1,865,864,3,-1,4,4,0,887,695,117
111,0,0,1,1,0,0,0,1,1,0,0.0,0.0,1,1,0,-1,-1,-1,3,0,850,967,568
112,0,101,1,880,879,0,14,1,332,331,0.0,3.4037918240920386e-05,1,399,398,5,-1,6,14,0,21,996,692
113,9,9,588,588,0,8,8,500,500,0,3.4037918240920386e-05,3.4037918240920386e-05,402,402,0,-1,4,4,2,3,983,580,818
114,2,208,362,968,606,6,12,374,470,96,0.0,0.0006467204465774873,1,746,745,3,5,4,4,1,762,606,390
115,54,670,819,996,177,68,78,779,810,31,0.0014636304843595766,0.005377991082065421,842,964,122,2,3,3,8,12,199,100,14
116,2,2,371,371,0,3,3,373,373,0,3.4037918240920386e-05,3.4037918240920386e-05,400,400,0,-1,5,5,2,1,841,421,758
117,0,0,1,1,0,0,0,1,1,0,0.0,0.0,1,1,0,-1,-1,-1,7,0,439,620,820
118,2,2,370,370,0,2,2,332,332,0,3.4037918240920386e-05,3.4037918240920386e-05,411,411,0,-1,6,6,2,5,804,605,854
119,0,0,1,1,0,0,0,1,1,0,0.0,0.0,1,1,0,-1,-1,-1,2,0,868,969,921
120,24,24,666,666,0,66,66,705,705,0,0.0004765308553728854,0.0004765308553728854,694,694,0,-1,3,3,10,3,355,351,633
121,2,104,368,930,562,5,6,369,392,23,0.0,0.00034037918240920387,1,656,655,4,5,5,4,2,491,615,519
122,96,197,892,962,70,94,94,936,936,0,0.0022465026039007454,0.0022465026039007454,897,897,0,6,2,2,8,17,442,213,663
123,18,120,654,923,269,20,20,572,572,0,0.0005105687736138058,0.0007147962830593281,704,758,54,4,4,4,4,7,623,170,252
124,25,231,721,974,253,28,28,731,731,0,0.00017018959120460194,0.001497668402600497,535,850,315,3,3,3,3,10,927,266,42
125,0,0,1,1,0,0,0,1,1,0,0.0,0.0,1,1,0,-1,-1,-1,16,0,59,733,726
126,4,105,507,964,457,4,4,406,406,0,3.4037918240920386e-05,0.00010211375472276115,399,510,111,5,5,5,3,4,812,398,628
127,0,0,1,1,0,0,0,1,1,0,0.0,0.0,1,1,0,-1,-1,-1,12,0,348,905,751
128,0,0,1,1,0,0,0,1,1,0,0.0,0.0,1,1,0,-1,-1,-1,4,1,516,852,932
129,2,2,353,353,0,16,16,395,395,0,0.0002042275094455223,0.0002042275094455223,563,563,0,-1,5,5,9,1,389,899,685
130,56,158,867,966,99,28,28,815,815,0,0.0013274788113958951,0.0015317063208414173,846,861,15,4,3,3,3,12,774,99,249
131,2,103,372,944,572,3,3,374,374,0,3.4037918240920386e-05,3.4037918240920386e-05,395,395,0,5,5,5,2,3,938,466,935
132,0,0,1,1,0,0,0,1,1,0,0.0,0.0,1,1,0,-1,-1,-1,9,0,202,723,367
133,0,0,1,1,0,0,0,1,1,0,0.0,0.0,1,1,0,-1,-1,-1,12,0,62,934,836
134,31,237,655,951,296,68,72,491,500,9,0.0,0.00013615167296368154,1,516,515,3,3,3,19,5,31,274,149
135,7,108,504,920,416,20,20,507,507,0,0.00017018959120460194,0.0002042275094455223,543,568,25,5,4,4,6,2,587,566,503
136,1,1,333,333,0,2,2,333,333,0,0.0,0.0,1,1,0,-1,7,7,2,2,924,582,820
137,196,196,973,973,0,32,32,899,899,0,0.005616256509751864,0.005616256509751864,966,966,0,-1,3,3,2,36,653,48,517
138,42,248,789,969,180,52,52,739,739,0,0.0008169100377820892,0.002484768031587188,771,905,134,3,3,3,7,6,398,192,81
139,8,110,546,935,389,16,16,562,562,0,0.00013615167296368154,0.00017018959120460194,519,550,31,4,4,4,4,4,648,239,718
140,60,162,810,932,122,104,104,787,787,0,0.0009190237925048504,0.0009530617107457708,789,793,4,4,3,3,13,6,160,194,842
141,3,3,431,431,0,5,5,382,382,0,0.0,0.0,1,1,0,-1,5,5,3,3,680,563,702
142,14,116,611,927,316,18,18,544,544,0,0.0002042275094455223,0.00037441710065012424,583,655,72,4,4,4,5,3,570,596,187
143,136,237,929,968,39,122,122,949,949,0,0.003267640151128357,0.003267640151128357,929,929,0,5,2,2,8,20,223,43,788
144,14,14,541,541,0,40,40,522,522,0,0.00013615167296368154,0.00013615167296368154,504,504,0,-1,4,4,10,4,105,567,511
145,0,206,1,966,965,0,18,1,560,559,0.0,0.0009190237925048504,1,796,795,3,-1,4,3,1,837,738,147
146,264,366,975,981,6,102,102,920,920,0,0.003812246842983083,0.003880322679464924,941,942,1,4,3,3,7,44,179,27,220
147,22,22,809,809,0,12,12,718,718,0,0.0006126825283365669,0.0006126825283365669,750,750,0,-1,4,4,2,8,810,497,698
148,0,0,1,1,0,0,0,1,1,0,0.0,0.0,1,1,0,-1,-1,-1,4,1,344,747,823
149,3,104,481,963,482,4,4,468,468,0,6.807583648184077e-05,0.00013615167296368154,454,522,68,5,5,5,2,2,805,566,873
150,0,206,1,971,970,0,16,1,545,544,0.0,0.002212464685659825,1,892,891,3,-1,4,4,0,550,983,106
151,66,167,881,965,84,22,22,851,851,0,0.0016678579938050988,0.0016678579938050988,873,873,0,8,3,3,2,17,932,96,626
152,0,101,1,878,877,0,13,1,332,331,0.0,0.0,1,1,0,5,-1,6,13,0,129,979,582
153,18,120,554,878,324,102,102,592,592,0,0.00017018959120460194,0.00017018959120460194,528,528,0,4,4,4,23,3,57,301,434
154,0,206,1,958,957,0,22,1,468,467,0.0,0.0004084550188910446,1,678,677,3,-1,4,8,0,365,912,80
155,0,616,1,997,996,0,19,1,719,718,0.0,0.0020763130126961434,1,886,885,2,-1,3,3,0,836,820,499
156,0,206,1,951,950,0,26,1,481,480,0.0,0.0009190237925048504,1,784,783,3,-1,4,9,0,249,433,130
157,0,0,1,1,0,0,0,1,1,0,0.0,0.0,1,1,0,-1,-1,-1,3,0,861,980,890
158,0,0,1,1,0,0,0,1,1,0,0.0,0.0,1,1,0,-1,-1,-1,4,0,460,638,919
159,1,102,333,964,631,2,2,333,333,0,3.4037918240920386e-05,3.4037918240920386e-05,411,411,0,7,6,6,2,2,810,550,626
160,34,240,729,963,234,58,62,684,699,15,0.0002382654276864427,0.0008169100377820892,585,768,183,3,3,3,9,6,136,447,303
161,0,102,1,936,935,0,3,1,377,376,0.0,0.00013615167296368154,1,525,524,4,-1,5,2,0,779,823,425
162,0,102,1,915,914,0,8,1,389,388,0.0,0.0002382654276864427,1,601,600,4,-1,5,5,0,314,668,266
163,0,0,1,1,0,0,0,1,1,0,0.0,0.0,1,1,0,-1,-1,-1,11,0,248,808,426
164,0,0,1,1,0,0,0,1,1,0,0.0,0.0,1,1,0,-1,-1,-1,20,0,70,880,994
165,42,143,745,918,173,92,92,712,712,0,0.00030634126416828345,0.00034037918240920387,630,644,14,5,3,3,14,6,79,432,484
166,0,0,1,1,0,0,0,1,1,0,0.0,0.0,1,1,0,-1,-1,-1,2,0,996,871,729
167,0,206,1,970,969,0,14,1,523,522,0.0,0.0015657442390823377,1,865,864,3,-1,4,3,0,808,675,153
168,4,620,405,992,587,12,38,375,594,219,3.4037918240920386e-05,0.0014636304843595766,395,852,457,2,5,3,8,2,201,547,161
169,0,616,1,993,992,0,50,1,583,582,0.0,0.0022465026039007454,1,896,895,2,-1,3,10,0,105,955,94
170,2,2,408,408,0,4,4,498,498,0,0.00017018959120460194,0.00017018959120460194,552,552,0,-1,5,5,2,1,813,404,684
171,56,158,909,979,70,12,12,737,737,0,0.0014295925661186562,0.0016678579938050988,855,871,16,4,4,4,2,17,749,96,165
172,16,118,610,919,309,40,40,676,676,0,0.0004765308553728854,0.00088498587426393,694,793,99,4,3,3,7,1,336,452,414
173,77,283,864,977,113,30,30,626,626,0,0.002144388849177984,0.0023486163586235067,901,906,5,3,4,4,5,22,408,203,247
174,0,102,1,879,878,0,12,1,353,352,0.0,3.4037918240920386e-05,1,399,398,4,-1,5,11,1,360,650,419
175,105,311,906,978,72,78,78,830,830,0,0.0018040096667687805,0.0027911092957554717,870,918,48,3,3,3,8,18,301,64,213
176,11,11,574,574,0,12,12,466,466,0,0.0002723033459273631,0.0002723033459273631,616,616,0,-1,4,4,4,4,753,208,957
177,28,28,727,727,0,34,34,680,680,0,0.0004765308553728854,0.0004765308553728854,701,701,0,-1,3,3,6,8,606,521,783
178,15,15,612,612,0,36,36,711,711,0,0.0008169100377820892,0.0008169100377820892,784,784,0,-1,4,4,6,4,582,125,838
179,16,632,544,990,446,86,134,627,812,185,0.0004765308553728854,0.0033016780693692774,691,925,234,2,3,3,16,1,78,420,55
180,0,206,1,956,955,0,18,1,429,428,0.0,0.00034037918240920387,1,637,636,3,-1,4,7,3,321,882,216
181,0,102,1,970,969,0,3,1,415,414,0.0,0.00037441710065012424,1,679,678,4,-1,5,2,0,884,944,561
182,70,276,864,978,114,50,50,828,828,0,0.001599782157323258,0.0016338200755641784,851,853,2,3,3,3,5,18,464,148,512
183,6,6,461,461,0,4,4,394,394,0,0.00013615167296368154,0.00013615167296368154,524,524,0,-1,5,5,2,4,429,443,994
184,93,195,908,965,57,54,54,909,909,0,0.0020082371762143027,0.0021784267674189047,890,897,7,4,3,3,4,14,753,146,474
185,2,2,396,396,0,3,3,404,404,0,3.4037918240920386e-05,3.4037918240920386e-05,394,394,0,-1,5,5,2,1,805,577,456
186,128,230,916,965,49,78,78,847,847,0,0.0020422750944552232,0.0022465026039007454,882,893,11,4,3,3,8,22,488,203,528
187,18,634,568,993,425,82,108,648,781,133,0.0002723033459273631,0.004561081044283332,597,952,355,2,3,3,13,4,92,270,31
188,0,206,1,968,967,0,11,1,456,455,0.0,0.00017018959120460194,1,548,547,3,-1,4,4,0,762,678,493
189,22,638,646,996,350,39,54,638,758,120,0.0002042275094455223,0.0016678579938050988,560,861,301,2,3,3,7,5,472,350,154
190,1,1,331,331,0,5,5,331,331,0,0.0,0.0,1,1,0,-1,8,8,5,1,629,857,838
191,44,250,777,966,189,40,40,704,704,0,0.0007828721195411688,0.00088498587426393,772,788,16,3,3,3,5,9,496,154,666
192,95,197,903,967,64,44,44,845,845,0,0.0027911092957554717,0.003267640151128357,917,928,11,4,3,3,4,21,690,123,272
193,19,225,695,976,281,16,16,571,571,0,0.0007488342013002485,0.0019741992579733825,777,888,111,3,4,4,4,7,824,396,84
194,108,209,921,970,49,90,90,948,948,0,0.002757071377514551,0.002825147213996392,912,915,3,5,2,2,6,12,253,179,441
195,16,16,632,632,0,20,20,726,726,0,0.00030634126416828345,0.00030634126416828345,638,638,0,-1,3,3,3,2,484,419,874
196,2,2,376,376,0,4,4,423,423,0,6.807583648184077e-05,6.807583648184077e-05,459,459,0,-1,5,5,2,2,723,384,538
197,0,102,1,979,978,0,3,1,457,456,0.0,0.0006467204465774873,1,771,770,4,-1,5,2,0,952,629,204
198,0,101,1,932,931,0,3,1,331,330,0.0,3.4037918240920386e-05,1,412,411,5,-1,6,3,0,823,651,552
199,2,103,362,928,566,6,6,382,382,0,3.4037918240920386e-05,6.807583648184077e-05,403,458,55,5,5,5,4,1,824,238,550
200,5,211,463,976,513,6,10,421,491,70,6.807583648184077e-05,0.0010211375472276116,455,814,359,3,5,4,3,6,712,392,113
201,0,206,1,953,952,0,36,1,504,503,0.0,0.0004084550188910446,1,675,674,3,-1,4,10,0,82,713,612
202,0,206,1,957,956,0,34,1,598,597,0.0,0.0014636304843595766,1,845,844,3,-1,4,7,0,637,906,158
203,0,206,1,960,959,0,14,1,409,408,0.0,0.00013615167296368154,1,513,512,3,-1,4,7,0,450,880,238
204,0,0,1,1,0,0,0,1,1,0,0.0,0.0,1,1,0,-1,-1,-1,6,0,526,883,665
205,0,0,1,1,0,0,0,1,1,0,0.0,0.0,1,1,0,-1,-1,-1,7,0,214,917,922
206,0,0,1,1,0,0,0,1,1,0,0.0,0.0,1,1,0,-1,-1,-1,2,0,991,686,948
207,12,113,659,957,298,18,18,707,707,0,0.000442492937131965,0.000442492937131965,695,695,0,5,4,4,3,9,798,29,225
208,0,206,1,951,950,0,22,1,412,411,0.0,0.00013615167296368154,1,508,507,3,-1,4,11,0,215,990,369
209,46,1686,822,1000,178,58,92,950,991,41,0.002212464685659825,0.029578950951359814,891,996,105,1,2,2,4,2,740,453,33
210,0,206,1,933,932,0,30,1,372,371,0.0,0.00010211375472276115,1,468,467,3,-1,4,21,1,74,573,552
211,0,102,1,885,884,0,10,1,349,348,0.0,0.00010211375472276115,1,472,471,4,-1,5,9,1,414,767,648
212,98,98,904,904,0,44,44,838,838,0,0.002552843868069029,0.002552843868069029,908,908,0,-1,3,3,4,22,675,128,737
213,17,119,686,950,264,8,8,488,488,0,0.0006126825283365669,0.001055175465468532,743,815,72,4,4,4,2,10,705,296,159
214,0,102,1,885,884,0,14,1,378,377,0.0,0.00010211375472276115,1,490,489,4,-1,5,9,1,381,428,406
215,40,40,838,838,0,22,22,787,787,0,0.001157289220191293,0.001157289220191293,844,844,0,-1,3,3,2,6,804,194,880
216,29,131,732,930,198,28,28,683,683,0,0.000442492937131965,0.0004765308553728854,679,694,15,4,3,3,3,5,731,510,508
217,12,218,586,972,386,24,24,650,650,0,0.0002723033459273631,0.0012934408931549745,609,839,230,3,4,4,4,4,815,239,64
218,167,167,940,940,0,128,128,934,934,0,0.003880322679464924,0.003880322679464924,938,938,0,-1,2,2,9,27,262,69,455
219,12,628,522,992,470,24,50,461,644,183,0.00010211375472276115,0.002280540522141666,476,895,419,2,4,3,8,3,358,496,109
220,2,103,367,932,565,6,6,425,425,0,0.00010211375472276115,0.00017018959120460194,493,556,63,5,5,5,3,1,844,659,419
221,18,224,603,956,353,62,62,640,640,0,0.00037441710065012424,0.0006126825283365669,654,731,77,3,3,3,10,3,105,354,211
222,130,130,922,922,0,78,78,834,834,0,0.0034718676605738795,0.0034718676605738795,935,935,0,-1,3,3,8,19,142,135,962
223,47,149,863,970,107,12,12,715,715,0,0.0016678579938050988,0.003369753905851118,878,944,66,4,4,4,2,14,684,84,108
224,0,206,1,964,963,0,13,1,444,443,0.0,0.00017018959120460194,1,528,527,3,-1,4,5,0,501,907,628
225,45,251,800,973,173,46,46,693,693,0,0.0008169100377820892,0.0010211375472276116,786,815,29,3,3,3,6,8,368,284,476
226,14,115,632,945,313,18,18,646,646,0,0.00037441710065012424,0.000442492937131965,670,699,29,5,4,4,3,4,579,233,931
227,32,134,720,919,199,106,106,869,869,0,0.00088498587426393,0.0010211375472276116,782,801,19,4,3,3,11,7,174,224,443
228,0,102,1,904,903,0,11,1,397,396,0.0,3.4037918240920386e-05,1,403,402,4,-1,5,7,1,305,235,958
229,242,448,963,986,23,126,126,893,893,0,0.003914360597705844,0.004186663943633207,941,945,4,3,3,3,11,31,224,76,589
230,19,225,741,979,238,12,12,653,653,0,0.0005786446100956465,0.0009870996289866913,744,823,79,3,4,4,2,7,975,329,525
231,8,214,558,979,421,8,8,490,490,0,3.4037918240920386e-05,0.0012594029749140542,408,839,431,3,4,4,2,3,689,508,109
232,0,102,1,911,910,0,5,1,370,369,0.0,0.00013615167296368154,1,512,511,4,-1,5,3,0,778,960,215
233,0,0,1,1,0,0,0,1,1,0,0.0,0.0,1,1,0,-1,-1,-1,3,0,808,635,455
234,141,347,938,980,42,86,86,931,931,0,0.004356853534837809,0.00439089145307873,947,947,0,3,3,3,6,31,419,126,309
235,2,104,360,920,560,6,9,361,407,46,0.0,0.00010211375472276115,1,481,480,4,5,5,5,1,565,337,178
236,0,206,1,975,974,0,14,1,578,577,0.0,0.006092787365124749,1,969,968,3,-1,4,3,0,903,946,10
237,222,324,986,996,10,38,38,972,972,0,0.007726607440688927,0.007828721195411689,977,977,0,4,3,3,3,69,877,12,258
238,59,59,819,819,0,74,74,785,785,0,0.0007147962830593281,0.0007147962830593281,753,753,0,-1,3,3,8,10,411,195,926
239,139,345,931,981,50,78,78,830,830,0,0.002382654276864427,0.002825147213996392,899,913,14,3,3,3,8,21,223,157,29
240,0,0,1,1,0,0,0,1,1,0,0.0,0.0,1,1,0,-1,-1,-1,4,0,794,489,587
241,0,102,1,914,913,0,4,1,380,379,0.0,6.807583648184077e-05,1,459,458,4,-1,5,2,0,769,614,510
242,23,229,756,979,223,12,12,609,609,0,0.0007147962830593281,0.00088498587426393,772,803,31,3,4,4,2,9,976,343,132
243,6,108,523,955,432,8,8,548,548,0,0.0002042275094455223,0.00030634126416828345,573,637,64,4,4,4,2,1,830,756,22
244,12,218,549,962,413,20,28,477,556,79,0.00010211375472276115,0.0009190237925048504,489,792,303,3,4,4,6,5,255,231,269
245,7,109,508,917,409,19,19,505,505,0,3.4037918240920386e-05,3.4037918240920386e-05,397,397,0,4,4,4,6,2,295,599,364
246,23,23,693,693,0,38,38,799,799,0,0.0009870996289866913,0.0009870996289866913,805,805,0,-1,3,3,3,3,837,438,992
247,40,246,702,958,256,104,104,622,622,0,0.00037441710065012424,0.00037441710065012424,644,644,0,3,3,3,19,8,46,417,964
248,12,114,599,932,333,22,22,582,582,0,0.0002382654276864427,0.00034037918240920387,590,646,56,4,4,4,5,4,430,551,840
249,12,218,494,948,454,46,64,458,526,68,6.807583648184077e-05,0.0009190237925048504,447,787,340,3,4,4,16,3,117,598,612
250,2,2,378,378,0,6,6,453,453,0,6.807583648184077e-05,6.807583648184077e-05,463,463,0,-1,5,5,3,1,871,110,782
251,14,116,565,918,353,22,22,488,488,0,0.0002723033459273631,0.00037441710065012424,600,650,50,4,4,4,7,3,171,653,761
252,0,616,1,993,992,0,47,1,602,601,0.0,0.0011232513019503727,1,814,813,2,-1,3,11,0,248,725,415
253,6,212,390,951,561,24,50,382,485,103,3.4037918240920386e-05,0.0007488342013002485,399,758,359,3,4,4,15,3,104,460,642
254,1,102,332,956,624,2,2,332,332,0,0.0,0.00010211375472276115,1,482,481,5,7,6,2,1,890,972,697
255,0,206,1,977,976,0,8,1,502,501,0.0,0.0020082371762143027,1,888,887,3,-1,4,2,0,761,514,35
256,10,10,521,521,0,26,26,455,455,0,0.0002042275094455223,0.0002042275094455223,559,559,0,-1,4,4,9,3,140,353,735
257,0,616,1,991,990,0,56,1,604,603,0.0,0.0014295925661186562,1,841,840,2,-1,3,11,0,215,921,261
258,0,206,1,974,973,0,12,1,506,505,0.0,0.0010211375472276116,1,814,813,3,-1,4,4,0,721,908,559
259,8,109,505,905,400,42,42,656,656,0,0.00013615167296368154,0.00017018959120460194,518,546,28,5,4,4,7,2,118,697,743
260,118,118,895,895,0,126,126,892,892,0,0.0018040096667687805,0.0018040096667687805,868,868,0,-1,2,2,11,15,163,138,650
261,0,0,1,1,0,0,0,1,1,0,0.0,0.0,1,1,0,-1,-1,-1,2,1,689,947,867
262,83,289,877,981,104,36,36,746,746,0,0.001055175465468532,0.0020082371762143027,822,888,66,3,3,3,5,14,519,243,96
263,0,1640,1,1000,999,0,44,1,928,927,0.0,0.02569862827189489,1,996,995,1,-1,2,4,0,738,520,309
264,12,218,588,976,388,14,14,524,524,0,0.00017018959120460194,0.00037441710065012424,546,668,122,3,4,4,3,4,484,149,904
265,6,1646,376,1000,624,27,95,379,606,227,0.00010211375472276115,0.005684332346233704,466,956,490,1,4,2,17,2,103,692,138
266,104,206,922,969,47,38,38,845,845,0,0.001599782157323258,0.0016678579938050988,856,862,6,4,3,3,3,19,989,59,411
267,6,6,394,394,0,47,47,444,444,0,6.807583648184077e-05,6.807583648184077e-05,449,449,0,-1,4,4,19,1,48,592,902
268,15,15,563,563,0,33,33,474,474,0,0.00030634126416828345,0.00030634126416828345,635,635,0,-1,4,4,11,4,224,208,716
269,0,101,1,947,946,0,2,1,331,330,0.0,0.0,1,1,0,5,-1,6,2,0,999,569,739
270,0,206,1,954,953,0,24,1,451,450,0.0,0.00017018959120460194,1,539,538,3,-1,4,9,0,381,725,176
271,1,102,330,970,640,2,2,330,330,0,3.4037918240920386e-05,0.00010211375472276115,406,491,85,5,6,6,2,2,898,575,659
272,162,778,931,998,67,136,136,874,874,0,0.003199564314646516,0.005616256509751864,931,961,30,2,3,3,11,20,227,94,128
273,2,104,385,952,567,4,4,415,415,0,0.0002042275094455223,0.0002723033459273631,567,616,49,4,5,5,2,1,809,452,425
274,275,376,972,981,9,168,168,983,983,0,0.005582218591510943,0.005616256509751864,956,956,0,5,2,2,9,35,200,57,771
275,6,107,537,958,421,4,4,416,416,0,0.0002042275094455223,0.0002723033459273631,591,629,38,5,5,5,2,6,913,279,373
276,17,119,610,915,305,38,38,546,546,0,0.00013615167296368154,0.00017018959120460194,507,535,28,4,3,3,9,2,367,566,244
277,0,102,1,912,911,0,5,1,359,358,0.0,0.00013615167296368154,1,524,523,4,-1,5,4,0,759,359,452
278,52,153,746,912,166,126,126,683,683,0,0.000442492937131965,0.000442492937131965,674,674,0,5,3,3,19,11,89,249,924
279,18,119,586,889,303,54,54,532,532,0,6.807583648184077e-05,6.807583648184077e-05,442,442,0,5,4,4,13,3,41,369,374
280,6,6,438,438,0,32,32,574,574,0,6.807583648184077e-05,6.807583648184077e-05,449,449,0,-1,4,4,8,2,318,419,660
281,0,0,1,1,0,0,0,1,1,0,0.0,0.0,1,1,0,-1,-1,-1,3,2,627,709,909
282,1,102,333,911,578,6,6,333,333,0,0.0,3.4037918240920386e-05,1,399,398,5,6,6,6,2,266,374,602
283,5,106,453,922,469,10,10,428,428,0,0.0,0.0,1,1,0,5,5,5,5,4,720,625,785
284,0,0,1,1,0,0,0,1,1,0,0.0,0.0,1,1,0,-1,-1,-1,4,0,553,498,965
285,0,101,1,915,914,0,4,1,331,330,0.0,0.0,1,1,0,5,-1,6,4,0,354,875,140
286,1,1,332,332,0,5,5,332,332,0,0.0,0.0,1,1,0,-1,6,6,5,1,571,540,583
287,10,10,653,653,0,8,8,575,575,0,0.00034037918240920387,0.00034037918240920387,661,661,0,-1,4,4,3,4,852,208,867
288,13,219,598,971,373,18,26,505,615,110,0.00017018959120460194,0.0012934408931549745,542,836,294,3,4,4,5,5,605,395,144
289,6,6,523,523,0,8,8,548,548,0,0.0004084550188910446,0.0004084550188910446,672,672,0,-1,4,4,2,1,830,500,787
290,0,0,1,1,0,0,0,1,1,0,0.0,0.0,1,1,0,-1,-1,-1,5,0,908,455,987
291,11,11,619,619,0,18,18,668,668,0,0.00017018959120460194,0.00017018959120460194,551,551,0,-1,4,4,3,9,814,29,571
292,19,19,615,615,0,66,66,668,668,0,0.0002382654276864427,0.0002382654276864427,597,597,0,-1,3,3,10,5,206,395,997
293,0,102,1,913,912,0,7,1,360,359,0.0,3.4037918240920386e-05,1,397,396,4,-1,5,6,0,664,847,870
294,2,2,362,362,0,7,7,397,397,0,3.4037918240920386e-05,3.4037918240920386e-05,412,412,0,-1,5,5,4,1,649,807,669
295,60,266,770,960,190,140,140,673,673,0,0.0006467204465774873,0.0009190237925048504,732,777,45,3,3,3,22,10,33,296,704
296,13,13,598,598,0,24,24,647,647,0,0.00013615167296368154,0.00013615167296368154,519,519,0,-1,4,4,4,4,504,339,823
297,0,206,1,971,970,0,13,1,481,480,0.0,0.0004084550188910446,1,671,670,3,-1,4,5,0,376,864,90
298,7,108,535,930,395,12,12,498,498,0,0.00010211375472276115,0.00010211375472276115,491,491,0,5,4,4,4,2,597,383,964
299,14,220,553,957,404,26,30,492,522,30,0.00013615167296368154,0.00037441710065012424,511,660,149,3,4,4,7,3,296,307,503
300,0,102,1,944,943,0,4,1,400,399,0.0,0.0002042275094455223,1,584,583,4,-1,5,2,0,992,489,262
301,0,102,1,875,874,0,14,1,361,360,0.0,3.4037918240920386e-05,1,405,404,4,-1,5,12,0,96,776,879
302,546,2186,986,1000,14,394,418,981,986,5,0.005412029000306341,0.013104598522754349,957,990,33,1,2,2,22,57,18,50,33
303,0,102,1,941,940,0,5,1,414,413,0.0,0.00034037918240920387,1,655,654,4,-1,5,3,0,916,980,40
304,33,33,783,783,0,24,24,668,668,0,0.0012253650566731338,0.0012253650566731338,838,838,0,-1,4,4,4,8,401,177,750
305,0,101,1,889,888,0,10,1,332,331,0.0,0.0,1,1,0,7,-1,8,10,1,135,814,448
306,0,0,1,1,0,0,0,1,1,0,0.0,0.0,1,1,0,-1,-1,-1,7,0,413,898,760
307,67,67,893,893,0,12,12,604,604,0,0.002757071377514551,0.002757071377514551,927,927,0,-1,4,4,2,25,761,47,847
308,2,103,401,970,569,3,3,416,416,0,3.4037918240920386e-05,6.807583648184077e-05,410,454,44,5,5,5,2,1,884,593,334
309,42,42,748,748,0,94,94,715,715,0,0.0002723033459273631,0.0002723033459273631,607,607,0,-1,3,3,13,5,67,636,367
310,0,102,1,899,898,0,11,1,381,380,0.0,0.00017018959120460194,1,542,541,4,-1,5,7,0,346,998,210
311,0,0,1,1,0,0,0,1,1,0,0.0,0.0,1,1,0,-1,-1,-1,8,0,365,794,920
312,62,164,792,921,129,188,188,914,914,0,0.0013615167296368155,0.0013955546478777359,835,841,6,4,2,2,14,3,133,642,225
313,10,216,548,959,411,30,38,555,633,78,0.00013615167296368154,0.0007488342013002485,510,772,262,3,4,4,7,3,637,536,440
314,0,101,1,959,958,0,3,1,328,327,0.0,0.0,1,1,0,6,-1,7,3,0,915,955,265
315,18,18,594,594,0,52,52,607,607,0,0.0002042275094455223,0.0002042275094455223,562,562,0,-1,3,3,9,2,100,724,950
316,0,102,1,881,880,0,14,1,353,352,0.0,3.4037918240920386e-05,1,411,410,4,-1,5,13,0,67,858,492
317,2,208,359,972,613,6,11,385,461,76,0.0,0.00013615167296368154,1,511,510,3,5,4,4,2,511,885,404
318,186,186,947,947,0,142,142,930,930,0,0.004731270635487933,0.004731270635487933,947,947,0,-1,3,3,12,31,219,126,980
319,20,121,733,944,211,14,14,627,627,0,0.00034037918240920387,0.00034037918240920387,655,655,0,5,4,4,3,5,856,178,714
320,0,206,1,968,967,0,20,1,572,571,0.0,0.0029612988869600733,1,925,924,3,-1,4,4,2,444,462,34
321,22,22,687,687,0,22,22,640,640,0,0.00034037918240920387,0.00034037918240920387,652,652,0,-1,3,3,4,2,917,491,740
322,13,13,647,647,0,10,10,533,533,0,0.00037441710065012424,0.00037441710065012424,674,674,0,-1,4,4,3,3,899,301,733
323,28,129,659,901,242,116,116,750,750,0,0.0004084550188910446,0.0004084550188910446,662,662,0,5,3,3,16,4,195,326,654
324,0,102,1,922,921,0,5,1,361,360,0.0,6.807583648184077e-05,1,443,442,4,-1,5,4,1,313,948,566
325,12,114,564,929,365,14,14,448,448,0,0.00010211375472276115,0.00017018959120460194,486,548,62,4,4,4,5,4,555,380,572
326,0,206,1,947,946,0,40,1,587,586,0.0,0.0026209197045508697,1,913,912,3,-1,4,8,0,411,818,17
327,302,403,975,981,6,154,154,969,969,0,0.006262976956329351,0.006262976956329351,962,962,0,5,2,2,10,49,241,31,708
328,50,152,800,934,134,64,64,752,752,0,0.0007147962830593281,0.001055175465468532,749,803,54,4,3,3,8,10,131,272,160
329,261,362,984,992,8,32,32,936,936,0,0.008203138296061813,0.008305252050784574,979,979,0,5,3,3,2,62,739,70,646
330,54,260,851,976,125,40,40,781,781,0,0.0007147962830593281,0.0009190237925048504,763,804,41,3,3,3,5,14,517,243,453
331,0,101,1,915,914,0,4,1,330,329,0.0,0.0,1,1,0,5,-1,6,4,0,675,911,606
332,0,0,1,1,0,0,0,1,1,0,0.0,0.0,1,1,0,-1,-1,-1,2,0,948,367,539
333,31,31,699,699,0,62,62,631,631,0,0.000442492937131965,0.000442492937131965,692,692,0,-1,3,3,10,6,285,4,933
334,53,155,753,914,161,100,100,609,609,0,0.0005105687736138058,0.0006126825283365669,694,723,29,4,3,3,19,8,48,284,313
335,0,0,1,1,0,0,0,1,1,0,0.0,0.0,1,1,0,-1,-1,-1,7,0,246,794,462
336,0,101,1,896,895,0,8,1,331,330,0.0,0.00010211375472276115,1,472,471,5,-1,6,8,0,595,936,357
337,2,2,366,366,0,4,4,426,426,0,0.0,0.0,1,1,0,-1,5,5,2,2,609,654,856
338,38,139,794,945,151,34,34,805,805,0,0.0007488342013002485,0.0007488342013002485,754,754,0,5,3,3,4,8,520,161,676
339,0,102,1,954,953,0,4,1,446,445,0.0,0.00034037918240920387,1,679,678,4,-1,5,2,0,914,696,516
340,0,0,1,1,0,0,0,1,1,0,0.0,0.0,1,1,0,-1,-1,-1,3,0,839,987,988
341,0,206,1,978,977,0,8,1,524,523,0.0,0.002212464685659825,1,905,904,3,-1,4,2,0,895,548,158
342,0,0,1,1,0,0,0,1,1,0,0.0,0.0,1,1,0,-1,-1,-1,4,0,354,804,839
343,0,206,1,972,971,0,12,1,468,467,0.0,0.0010211375472276116,1,821,820,3,-1,4,4,0,649,517,352
344,1,1,333,333,0,7,7,333,333,0,0.0,0.0,1,1,0,-1,7,7,7,2,335,448,917
345,16,117,719,960,241,12,12,661,661,0,0.0005786446100956465,0.0005786446100956465,734,734,0,5,4,4,2,5,940,308,560
346,0,206,1,979,978,0,8,1,568,567,0.0,0.0034037918240920387,1,939,938,3,-1,4,2,0,913,952,21
347,0,102,1,898,897,0,14,1,410,409,0.0,0.00030634126416828345,1,637,636,4,-1,5,7,2,216,431,40
348,12,628,500,991,491,35,66,440,576,136,0.00010211375472276115,0.0017359338302869397,479,861,382,2,4,3,14,2,181,749,89
349,34,34,784,784,0,34,34,751,751,0,0.0011913271384322134,0.0011913271384322134,838,838,0,-1,3,3,4,8,694,264,533
350,6,6,466,466,0,10,10,506,506,0,0.00010211375472276115,0.00010211375472276115,491,491,0,-1,4,4,3,1,640,840,678
351,23,124,747,952,205,22,22,793,793,0,0.0002382654276864427,0.0002382654276864427,595,595,0,8,3,3,2,4,954,339,857
352,0,0,1,1,0,0,0,1,1,0,0.0,0.0,1,1,0,-1,-1,-1,5,0,685,959,874
353,94,196,929,974,45,28,28,811,811,0,0.002280540522141666,0.0024166921951053475,907,911,4,4,3,3,3,23,732,117,223
354,6,6,541,541,0,8,8,599,599,0,6.807583648184077e-05,6.807583648184077e-05,454,454,0,-1,4,4,2,1,805,666,858
355,41,247,811,976,165,46,46,854,854,0,0.0006467204465774873,0.0011232513019503727,745,830,85,3,3,3,5,8,570,257,250
356,0,101,1,900,899,0,4,1,332,331,0.0,0.0,1,1,0,5,-1,6,4,0,547,808,485
357,2,104,357,898,541,12,16,380,418,38,3.4037918240920386e-05,0.00034037918240920387,396,632,236,4,5,5,8,1,302,421,217
358,0,0,1,1,0,0,0,1,1,0,0.0,0.0,1,1,0,-1,-1,-1,8,0,323,757,894
359,0,101,1,934,933,0,2,1,331,330,0.0,0.0002723033459273631,1,612,611,5,-1,6,2,1,733,539,500
360,2,104,371,939,568,4,4,406,406,0,6.807583648184077e-05,0.00034037918240920387,450,656,206,4,5,5,2,1,734,592,90
361,100,100,840,840,0,100,100,497,497,0,0.019197385887879097,0.019265461724360937,997,997,0,3,1,1,30,96,7,1,648
362,20,121,688,937,249,18,18,589,589,0,0.0004084550188910446,0.000442492937131965,688,702,14,5,4,4,3,6,819,275,332
363,2,208,355,968,613,5,11,355,433,78,0.0,0.00034037918240920387,1,657,656,3,5,4,4,2,694,331,93
364,38,654,712,991,279,94,104,668,722,54,0.0005446066918547262,0.002382654276864427,707,903,196,2,3,3,14,9,203,343,44
365,60,60,814,814,0,96,96,795,795,0,0.0005786446100956465,0.0005786446100956465,716,716,0,-1,3,3,11,6,215,194,542
366,0,1640,1,1000,999,0,108,1,689,688,0.0,0.008169100377820893,1,969,968,1,-1,2,17,0,23,324,28
367,8,8,499,499,0,21,21,484,484,0,0.0002042275094455223,0.0002042275094455223,568,568,0,-1,4,4,7,3,273,585,813
368,98,200,900,963,63,46,46,760,760,0,0.002144388849177984,0.002212464685659825,892,894,2,4,3,3,6,19,295,72,363
369,0,0,1,1,0,0,0,1,1,0,0.0,0.0,1,1,0,-1,-1,-1,13,0,90,672,254
370,65,167,893,967,74,32,32,916,916,0,0.002314578440382586,0.002927260968719153,902,918,16,4,3,3,2,19,993,144,97
371,2,2,364,364,0,8,8,422,422,0,0.0,0.0,1,1,0,-1,5,5,4,2,424,719,948
372,35,241,804,977,173,22,22,746,746,0,0.0009870996289866913,0.0029612988869600733,821,924,103,3,3,3,2,11,971,118,69
373,18,119,620,915,295,32,32,600,600,0,0.00034037918240920387,0.00034037918240920387,646,646,0,5,4,4,6,5,255,636,430
374,0,0,1,1,0,0,0,1,1,0,0.0,0.0,1,1,0,-1,-1,-1,10,0,409,517,502
375,22,124,615,907,292,100,100,737,737,0,0.0002382654276864427,0.0004084550188910446,583,666,83,4,3,3,14,2,79,453,247
376,0,206,1,965,964,0,19,1,418,417,0.0,0.0002042275094455223,1,567,566,3,-1,4,11,0,261,635,220
377,12,113,638,947,309,7,7,494,494,0,0.00010211375472276115,0.00010211375472276115,503,503,0,5,4,4,2,4,283,164,547
378,0,0,1,1,0,0,0,1,1,0,0.0,0.0,1,1,0,-1,-1,-1,6,1,402,685,571
379,6,107,423,913,490,26,26,570,570,0,0.00010211375472276115,0.00017018959120460194,472,532,60,5,4,4,5,1,506,110,679
380,0,206,1,974,973,0,10,1,504,503,0.0,0.0009190237925048504,1,800,799,3,-1,4,3,0,774,989,84
381,2,103,380,946,566,3,3,383,383,0,0.0,0.00010211375472276115,1,484,483,5,5,5,2,1,940,449,785
382,0,0,1,1,0,0,0,1,1,0,0.0,0.0,1,1,0,-1,-1,-1,5,0,347,819,792
383,10,10,543,543,0,12,12,436,436,0,3.4037918240920386e-05,3.4037918240920386e-05,395,395,0,-1,4,4,4,3,385,534,696
384,1,103,332,931,599,2,4,332,394,62,0.0,0.0,1,1,0,4,6,5,2,4,643,595,300
385,74,1714,862,1000,138,58,86,857,943,86,0.0009870996289866913,0.017087034956942034,790,992,202,1,3,2,6,13,556,217,185
386,52,52,844,844,0,28,28,733,733,0,0.0011232513019503727,0.0011232513019503727,819,819,0,-1,3,3,3,9,645,414,963
387,0,0,1,1,0,0,0,1,1,0,0.0,0.0,1,1,0,-1,-1,-1,8,0,488,538,868
388,2,2,368,368,0,8,8,434,434,0,3.4037918240920386e-05,3.4037918240920386e-05,408,408,0,-1,5,5,4,2,631,342,872
389,0,0,1,1,0,0,0,1,1,0,0.0,0.0,1,1,0,-1,-1,-1,7,0,698,800,999
390,4,4,482,482,0,6,6,478,478,0,6.807583648184077e-05,6.807583648184077e-05,455,455,0,-1,5,5,3,4,875,220,953
391,40,40,787,787,0,54,54,876,876,0,0.0016338200755641784,0.0016338200755641784,862,862,0,-1,2,2,4,1,822,667,974
392,6,6,390,390,0,26,26,474,474,0,3.4037918240920386e-05,3.4037918240920386e-05,400,400,0,-1,4,4,8,2,370,495,814
393,0,102,1,903,902,0,7,1,359,358,0.0,6.807583648184077e-05,1,441,440,4,-1,5,6,0,387,796,749
394,20,226,679,973,294,18,22,517,586,69,0.00013615167296368154,0.0006467204465774873,517,740,223,3,4,4,5,7,487,188,224
395,72,173,897,969,72,32,32,897,897,0,0.0018720855032506212,0.0018720855032506212,890,890,0,6,3,3,2,13,752,42,357
396,1,102,333,897,564,9,9,333,333,0,0.0,0.0,1,1,0,5,6,6,9,1,168,140,421
397,0,0,1,1,0,0,0,1,1,0,0.0,0.0,1,1,0,-1,-1,-1,11,0,307,686,999
398,0,206,1,952,951,0,30,1,452,451,0.0,0.0005446066918547262,1,702,701,3,-1,4,11,0,220,783,283
399,0,206,1,968,967,0,13,1,458,457,0.0,0.0005105687736138058,1,706,705,3,-1,4,5,0,669,912,209
400,36,36,795,795,0,44,44,859,859,0,0.0014295925661186562,0.0014295925661186562,842,842,0,-1,3,3,4,5,740,412,757
401,0,101,1,877,876,0,15,1,332,331,0.0,0.0,1,1,0,5,-1,6,15,0,107,772,503
402,50,50,783,783,0,102,102,770,770,0,0.0007147962830593281,0.0007147962830593281,740,740,0,-1,3,3,15,6,110,46,796
403,14,14,541,541,0,62,62,642,642,0,0.0004084550188910446,0.0004084550188910446,665,665,0,-1,4,4,11,3,220,507,926
404,4,105,556,980,424,4,4,561,561,0,0.0,0.0,1,1,0,6,5,5,2,4,955,442,679
405,0,0,1,1,0,0,0,1,1,0,0.0,0.0,1,1,0,-1,-1,-1,4,0,509,881,502
406,0,0,1,1,0,0,0,1,1,0,0.0,0.0,1,1,0,-1,-1,-1,10,0,293,436,766
407,17,633,617,996,379,38,52,619,721,102,0.0002042275094455223,0.0011232513019503727,564,812,248,2,3,3,8,2,468,408,251
408,0,616,1,994,993,0,30,1,609,608,0.0,0.0016338200755641784,1,865,864,2,-1,3,6,0,473,533,193
409,52,154,854,964,110,22,22,767,767,0,0.0014636304843595766,0.0014636304843595766,864,864,0,4,3,3,2,9,828,130,935
410,284,385,972,978,6,120,120,913,913,0,0.0045270431260424114,0.0045270431260424114,950,950,0,5,3,3,10,45,254,77,734
411,0,101,1,945,944,0,2,1,331,330,0.0,0.0,1,1,0,6,-1,7,2,0,760,959,739
412,0,616,1,990,989,0,46,1,575,574,0.0,0.0019741992579733825,1,888,887,2,-1,3,10,3,205,854,98
413,0,206,1,964,963,0,24,1,589,588,0.0,0.0014295925661186562,1,851,850,3,-1,4,4,0,493,359,94
414,56,262,850,982,132,38,38,831,831,0,0.0009530617107457708,0.0027911092957554717,810,919,109,3,3,3,3,15,680,219,104
415,99,99,878,878,0,100,100,843,843,0,0.0024507301133462676,0.0024507301133462676,903,903,0,-1,3,3,10,18,211,63,693
416,0,102,1,959,958,0,5,1,438,437,0.0,0.0005446066918547262,1,718,717,4,-1,5,3,0,852,608,114
417,0,206,1,953,952,0,34,1,502,501,0.0,0.00013615167296368154,1,506,505,3,-1,4,9,0,213,794,493
418,12,12,544,544,0,27,27,505,505,0,0.00017018959120460194,0.00017018959120460194,533,533,0,-1,4,4,8,4,201,239,851
419,16,222,636,971,335,34,34,763,763,0,0.0005446066918547262,0.0008509479560230097,728,783,55,3,3,3,4,2,969,160,532
420,0,101,1,922,921,0,5,1,330,329,0.0,0.00017018959120460194,1,547,546,5,-1,6,5,0,517,821,797
421,0,206,1,982,981,0,8,1,582,581,0.0,0.0013615167296368155,1,860,859,3,-1,4,2,1,751,568,272
422,100,100,855,855,0,100,100,690,690,0,0.008986010415602982,0.008986010415602982,970,970,0,-1,1,1,16,3,134,596,732
423,102,102,873,873,0,168,168,756,756,0,0.0012253650566731338,0.0012253650566731338,825,825,0,-1,3,3,22,15,33,138,979
424,0,101,1,964,963,0,2,1,331,330,0.0,0.0,1,1,0,6,-1,7,2,0,987,565,265
425,74,280,850,975,125,84,84,828,828,0,0.001157289220191293,0.0025188059498281084,818,906,88,3,3,3,9,15,166,138,129
426,6,212,405,956,551,20,30,414,474,60,3.4037918240920386e-05,0.0004084550188910446,395,680,285,3,4,4,9,1,213,879,610
427,16,117,642,944,302,18,18,545,545,0,0.0002382654276864427,0.00030634126416828345,587,618,31,5,4,4,5,6,580,258,530
428,25,25,829,829,0,12,12,759,759,0,0.0009190237925048504,0.0009190237925048504,800,800,0,-1,4,4,2,10,782,405,984
429,100,202,933,976,43,56,56,975,975,0,0.0051397256543789785,0.0053439531638245,953,954,1,4,2,2,2,14,976,146,288
430,10,10,625,625,0,12,12,603,603,0,0.00017018959120460194,0.00017018959120460194,562,562,0,-1,4,4,2,3,992,307,897
431,1,103,333,933,600,3,6,333,423,90,3.4037918240920386e-05,0.0008169100377820892,386,788,402,4,6,5,3,2,615,656,393
432,0,0,1,1,0,0,0,1,1,0,0.0,0.0,1,1,0,-1,-1,-1,13,0,228,838,887
433,4,106,424,910,486,11,11,403,403,0,6.807583648184077e-05,0.00010211375472276115,450,483,33,4,5,5,6,5,489,476,762
434,0,102,1,957,956,0,6,1,456,455,0.0,0.0013615167296368155,1,849,848,4,-1,5,3,1,922,706,89
435,27,129,823,971,148,24,24,881,881,0,0.0013274788113958951,0.0031314884781646754,855,930,75,4,3,3,3,13,668,256,35
436,2,2,353,353,0,18,18,411,411,0,0.00010211375472276115,0.00010211375472276115,472,472,0,-1,5,5,9,1,422,594,883
437,0,206,1,946,945,0,45,1,471,470,0.0,0.000442492937131965,1,675,674,3,-1,4,15,1,65,747,293
438,6,108,452,929,477,14,14,495,495,0,0.0002042275094455223,0.0002382654276864427,582,605,23,4,4,4,5,1,908,840,697
439,0,102,1,925,924,0,6,1,432,431,0.0,0.000442492937131965,1,685,684,4,-1,5,3,0,583,967,329
440,7,7,526,526,0,18,18,537,537,0,6.807583648184077e-05,6.807583648184077e-05,459,459,0,-1,4,4,5,2,688,566,884
441,0,102,1,955,954,0,3,1,388,387,0.0,0.00010211375472276115,1,502,501,4,-1,5,2,1,967,685,697
442,0,0,1,1,0,0,0,1,1,0,0.0,0.0,1,1,0,-1,-1,-1,9,0,367,871,738
443,0,102,1,889,888,0,8,1,352,351,0.0,0.0,1,1,0,4,-1,5,7,0,447,881,623
444,10,10,594,594,0,10,10,494,494,0,0.0002042275094455223,0.0002042275094455223,584,584,0,-1,4,4,3,4,861,230,872
445,20,636,600,990,390,94,104,682,730,48,0.00037441710065012424,0.0009530617107457708,652,788,136,2,3,3,15,4,81,287,361
446,29,235,802,981,179,22,22,816,816,0,0.0004084550188910446,0.0022465026039007454,683,898,215,3,3,3,2,8,986,132,104
447,0,0,1,1,0,0,0,1,1,0,0.0,0.0,1,1,0,-1,-1,-1,7,0,591,565,872
448,0,102,1,938,937,0,3,1,371,370,0.0,0.00030634126416828345,1,650,649,4,-1,5,2,0,886,848,164
449,81,287,854,973,119,124,124,924,924,0,0.0019061234214915416,0.0031314884781646754,867,927,60,3,2,2,10,9,272,415,297
450,13,219,505,951,446,72,72,536,536,0,0.00013615167296368154,0.0002042275094455223,507,565,58,3,4,4,18,6,34,392,652
451,6,212,415,961,546,33,33,534,534,0,3.4037918240920386e-05,0.0002042275094455223,397,566,169,3,4,4,9,1,339,152,628
452,28,644,769,998,229,12,22,586,756,170,0.0007147962830593281,0.006262976956329351,771,968,197,2,4,3,2,6,763,658,21
453,0,0,1,1,0,0,0,1,1,0,0.0,0.0,1,1,0,-1,-1,-1,13,0,113,768,649
454,683,1299,991,1000,9,334,334,998,998,0,0.012015385139044895,0.01324075019571803,983,985,2,2,2,2,14,78,122,9,179
455,7,213,478,947,469,44,72,480,601,121,6.807583648184077e-05,0.0022465026039007454,444,892,448,3,4,4,14,3,144,631,35
456,0,102,1,906,905,0,4,1,361,360,0.0,0.0,1,1,0,4,-1,5,3,0,471,987,576
457,12,12,628,628,0,14,14,623,623,0,0.00034037918240920387,0.00034037918240920387,660,660,0,-1,4,4,3,2,888,468,745
458,70,276,814,966,152,120,120,734,734,0,0.0006467204465774873,0.00088498587426393,728,776,48,3,3,3,17,5,210,418,354
459,6,212,397,949,552,40,44,514,530,16,0.00010211375472276115,0.0016678579938050988,472,864,392,3,4,4,10,1,240,904,58
460,139,241,899,953,54,186,186,877,877,0,0.0018720855032506212,0.0018720855032506212,872,872,0,4,2,2,17,17,94,226,592
461,2,208,355,950,595,13,21,363,413,50,0.0,3.4037918240920386e-05,1,406,405,3,5,4,11,1,155,736,719
462,14,14,657,657,0,18,18,678,678,0,0.0004084550188910446,0.0004084550188910446,691,691,0,-1,4,4,3,3,530,268,546
463,20,20,633,633,0,32,32,518,518,0,0.0002042275094455223,0.0002042275094455223,573,573,0,-1,4,4,8,6,218,424,716
464,0,101,1,920,919,0,4,1,332,331,0.0,0.0,1,1,0,5,-1,6,4,0,652,571,694
465,77,178,891,965,74,28,28,749,749,0,0.0017018959120460194,0.0017359338302869397,874,874,0,5,3,3,3,19,900,144,244
466,0,0,1,1,0,0,0,1,1,0,0.0,0.0,1,1,0,-1,-1,-1,9,0,202,751,852
467,102,204,881,949,68,138,138,873,873,0,0.0022465026039007454,0.0022465026039007454,900,900,0,4,3,3,13,19,129,297,720
468,0,0,1,1,0,0,0,1,1,0,0.0,0.0,1,1,0,-1,-1,-1,3,0,875,907,600
469,0,206,1,954,953,0,20,1,400,399,0.0,0.0002382654276864427,1,592,591,3,-1,4,10,0,298,696,617
470,2,103,355,910,555,7,7,369,369,0,0.0,0.0,1,1,0,5,5,5,5,2,506,292,879
471,15,15,586,586,0,22,22,523,523,0,0.00037441710065012424,0.00037441710065012424,661,661,0,-1,4,4,5,5,426,510,866
472,0,0,1,1,0,0,0,1,1,0,0.0,0.0,1,1,0,-1,-1,-1,6,0,582,674,976
473,68,68,896,896,0,22,22,772,772,0,0.0012594029749140542,0.0012594029749140542,837,837,0,-1,3,3,2,19,689,59,488
474,22,124,766,961,195,22,22,840,840,0,0.00030634126416828345,0.0006467204465774873,643,758,115,4,3,3,2,3,998,434,249
475,2,2,352,352,0,10,10,352,352,0,3.4037918240920386e-05,3.4037918240920386e-05,400,400,0,-1,5,5,9,3,126,676,716
476,8,110,547,927,380,16,16,545,545,0,0.00037441710065012424,0.0006467204465774873,665,748,83,4,4,4,4,3,344,795,173
477,0,0,1,1,0,0,0,1,1,0,0.0,0.0,1,1,0,-1,-1,-1,2,0,881,812,201
478,16,16,504,504,0,116,116,646,646,0,0.00017018959120460194,0.00017018959120460194,543,543,0,-1,3,3,19,1,14,711,782
479,31,237,772,974,202,34,34,777,777,0,0.0006807583648184077,0.0013615167296368155,760,853,93,3,3,3,4,6,513,471,216
480,0,0,1,1,0,0,0,1,1,0,0.0,0.0,1,1,0,-1,-1,-1,2,0,895,867,428
481,18,224,597,960,363,56,60,638,665,27,0.00010211375472276115,0.00030634126416828345,490,617,127,3,3,3,9,2,381,697,270
482,247,349,965,978,13,152,152,927,927,0,0.004356853534837809,0.004356853534837809,947,947,0,4,3,3,12,24,183,8,878
483,72,278,876,981,105,40,40,778,778,0,0.0010892133837094523,0.0017359338302869397,813,864,51,3,3,3,5,17,421,269,163
484,0,206,1,957,956,0,22,1,443,442,0.0,0.0002723033459273631,1,627,626,3,-1,4,9,0,263,959,319
485,42,658,808,997,189,56,56,819,819,0,0.0012253650566731338,0.0033016780693692774,837,929,92,2,3,3,6,6,253,397,413
486,13,219,607,974,367,9,10,465,487,22,3.4037918240920386e-05,0.0006467204465774873,407,757,350,3,4,4,3,5,672,314,154
487,0,0,1,1,0,0,0,1,1,0,0.0,0.0,1,1,0,-1,-1,-1,2,0,820,883,672
488,6,108,441,910,469,22,22,507,507,0,0.00010211375472276115,0.0006467204465774873,486,748,262,4,4,4,7,2,722,691,283
489,40,246,848,986,138,8,8,589,589,0,0.0017018959120460194,0.0020082371762143027,881,893,12,3,4,4,2,15,821,151,350
490,0,0,1,1,0,0,0,1,1,0,0.0,0.0,1,1,0,-1,-1,-1,15,0,124,651,773
491,40,142,825,956,131,24,24,730,730,0,0.00088498587426393,0.0011913271384322134,798,831,33,4,4,4,4,12,772,99,480
492,27,129,663,905,242,56,56,562,562,0,0.00017018959120460194,0.00030634126416828345,538,636,98,4,3,3,13,5,228,314,585
493,8,214,516,971,455,20,24,530,569,39,0.00017018959120460194,0.0008169100377820892,547,782,235,3,4,4,6,4,237,239,261
494,15,117,625,929,304,22,22,560,560,0,0.00013615167296368154,0.00017018959120460194,520,549,29,4,4,4,5,5,464,350,416
495,50,50,872,872,0,32,32,893,893,0,0.0016678579938050988,0.0016678579938050988,875,875,0,-1,3,3,2,14,992,190,953
496,0,206,1,982,981,0,12,1,691,690,0.0,0.0026549576227917903,1,922,921,3,-1,4,2,1,751,767,82
497,0,0,1,1,0,0,0,1,1,0,0.0,0.0,1,1,0,-1,-1,-1,21,0,25,664,973
498,16,222,644,974,330,18,22,542,592,50,0.0002382654276864427,0.0008509479560230097,591,777,186,3,4,4,5,4,601,86,184
499,61,267,873,982,109,52,52,969,969,0,0.003642057251778481,0.0040845501889104465,934,947,13,3,2,2,3,6,774,73,273
500,0,0,1,1,0,0,0,1,1,0,0.0,0.0,1,1,0,-1,-1,-1,5,0,744,976,539
501,0,206,1,970,969,0,24,1,664,663,0.0,0.005616256509751864,1,966,965,3,-1,4,4,0,539,674,70
502,33,135,733,921,188,78,78,815,815,0,0.0004084550188910446,0.0006467204465774873,672,737,65,4,3,3,8,5,317,619,487
503,65,167,891,968,77,18,18,664,664,0,0.0020763130126961434,0.002212464685659825,894,899,5,4,4,4,3,20,568,87,202
504,0,206,1,972,971,0,10,1,472,471,0.0,0.00034037918240920387,1,653,652,3,-1,4,3,0,585,698,199
505,15,116,618,933,315,16,16,512,512,0,6.807583648184077e-05,0.00010211375472276115,458,493,35,5,4,4,4,4,504,156,357
506,38,38,751,751,0,72,72,810,810,0,0.0012594029749140542,0.0012594029749140542,836,836,0,-1,3,3,7,4,296,336,995
507,30,30,752,752,0,38,38,687,687,0,0.00017018959120460194,0.00017018959120460194,557,557,0,-1,3,3,6,4,526,259,854
508,0,206,1,937,936,0,51,1,433,432,0.0,0.0002723033459273631,1,606,605,3,-1,4,19,0,14,702,727
509,106,312,892,979,87,84,84,828,828,0,0.002110350930937064,0.0027911092957554717,881,912,31,3,3,3,9,18,166,171,471
510,0,0,1,1,0,0,0,1,1,0,0.0,0.0,1,1,0,-1,-1,-1,8,2,317,752,698
511,17,17,660,660,0,22,22,695,695,0,6.807583648184077e-05,6.807583648184077e-05,449,449,0,-1,3,3,4,3,511,434,947
512,22,124,581,883,302,59,60,472,472,0,0.00010211375472276115,0.0002382654276864427,477,588,111,4,3,3,19,2,35,602,761
513,0,206,1,952,951,0,22,1,424,423,0.0,0.0009190237925048504,1,789,788,3,-1,4,9,0,164,967,138
514,180,386,957,988,31,44,44,841,841,0,0.00353994349705572,0.006399128629293032,940,971,31,3,3,3,4,31,858,76,77
515,0,0,1,1,0,0,0,1,1,0,0.0,0.0,1,1,0,-1,-1,-1,3,0,608,426,956
516,147,353,918,978,60,142,142,888,888,0,0.0027911092957554717,0.0035059055788147996,919,932,13,3,3,3,12,19,44,91,299
517,16,117,588,902,314,58,58,699,699,0,0.0002382654276864427,0.0002382654276864427,590,590,0,5,3,3,9,1,319,609,703
518,0,0,1,1,0,0,0,1,1,0,0.0,0.0,1,1,0,-1,-1,-1,2,0,686,489,898
519,6,212,408,963,555,44,44,580,580,0,0.00030634126416828345,0.0005105687736138058,628,706,78,3,4,4,10,1,211,891,795
520,6,212,411,960,549,13,28,417,553,136,0.00013615167296368154,0.00088498587426393,515,793,278,3,4,4,6,1,560,736,120
521,31,237,759,971,212,26,26,597,597,0,0.0006467204465774873,0.0019061234214915416,751,880,129,3,4,4,5,7,773,399,94
522,210,312,949,975,26,204,204,953,953,0,0.0046972327172470135,0.0046972327172470135,951,951,0,4,3,3,14,25,121,105,334
523,1,617,332,999,667,4,26,332,770,438,0.0,0.003369753905851118,1,928,927,2,6,3,4,1,811,924,91
524,0,102,1,904,903,0,10,1,409,408,0.0,0.00030634126416828345,1,641,640,4,-1,5,5,0,474,774,450
525,46,148,820,945,125,48,48,751,751,0,0.0011913271384322134,0.0016678579938050988,834,880,46,4,3,3,7,6,477,289,159
526,0,206,1,972,971,0,9,1,461,460,0.0,0.00010211375472276115,1,497,496,3,-1,4,3,0,585,975,485
527,2,2,361,361,0,8,8,410,410,0,0.0,0.0,1,1,0,-1,5,5,4,2,235,885,828
528,30,236,637,945,308,132,136,651,661,10,0.0002723033459273631,0.00030634126416828345,605,627,22,3,3,3,23,6,4,107,593
529,6,212,421,961,540,22,26,488,534,46,6.807583648184077e-05,0.00034037918240920387,457,652,195,3,4,4,7,1,335,661,450
530,6,6,422,422,0,40,40,581,581,0,0.00010211375472276115,0.00010211375472276115,490,490,0,-1,4,4,8,1,225,394,423
531,0,206,1,973,972,0,12,1,507,506,0.0,0.0027911092957554717,1,923,922,3,-1,4,4,0,581,725,56
532,100,100,903,903,0,100,100,984,984,0,0.032948704857210936,0.03444637325981143,999,1000,1,3,1,1,5,2,284,579,144
533,0,101,1,937,936,0,2,1,332,331,0.0,0.0,1,1,0,5,-1,6,2,0,734,750,373
534,516,618,998,998,0,72,72,982,982,0,0.017291262466387555,0.017325300384628477,994,994,0,4,2,2,3,127,732,11,555
535,8,214,486,955,469,46,54,511,548,37,3.4037918240920386e-05,0.0010211375472276116,390,806,416,3,4,4,13,2,97,244,261
536,277,483,964,981,17,228,228,965,965,0,0.005514142755029102,0.008441403723748256,956,967,11,3,2,2,15,24,124,8,25
537,18,18,753,753,0,8,8,571,571,0,0.0004084550188910446,0.0004084550188910446,689,689,0,-1,4,4,2,8,950,90,892
538,1,1,332,332,0,2,2,332,332,0,0.0,0.0,1,1,0,-1,6,6,2,2,968,764,982
539,0,0,1,1,0,0,0,1,1,0,0.0,0.0,1,1,0,-1,-1,-1,2,0,977,794,457
540,14,14,552,552,0,30,30,501,501,0,0.00010211375472276115,0.00010211375472276115,479,479,0,-1,4,4,9,4,330,567,698
541,32,133,705,918,213,70,70,748,748,0,0.0009870996289866913,0.0009870996289866913,799,799,0,5,3,3,9,3,178,525,721
542,8,110,524,928,404,24,24,635,635,0,0.0007147962830593281,0.0007828721195411688,759,776,17,4,4,4,4,3,709,299,425
543,20,121,712,947,235,12,12,599,599,0,0.0004765308553728854,0.0005446066918547262,699,724,25,5,4,4,2,7,926,389,537
544,1,1,333,333,0,4,4,333,333,0,0.0,0.0,1,1,0,-1,7,7,4,3,480,626,968
545,0,206,1,954,953,0,19,1,421,420,0.0,0.0005786446100956465,1,723,722,3,-1,4,8,0,303,929,46
546,74,176,886,967,81,28,28,769,769,0,0.001497668402600497,0.00176997174852786,861,879,18,4,3,3,3,17,829,96,209
547,11,217,589,973,384,16,20,571,628,57,0.0006126825283365669,0.0010892133837094523,745,828,83,3,4,4,4,5,461,355,293
548,9,111,502,894,392,28,28,438,438,0,0.0,0.0,1,1,0,4,4,4,12,3,292,580,300
549,20,20,725,725,0,28,28,847,847,0,0.0010892133837094523,0.0010892133837094523,835,835,0,-1,3,3,3,4,823,288,686
550,0,0,1,1,0,0,0,1,1,0,0.0,0.0,1,1,0,-1,-1,-1,2,0,909,953,348
551,0,102,1,900,899,0,10,1,394,393,0.0,3.4037918240920386e-05,1,408,407,4,-1,5,6,0,98,969,682
552,73,73,872,872,0,56,56,860,860,0,0.001055175465468532,0.001055175465468532,822,822,0,-1,3,3,6,18,764,148,996
553,14,115,727,967,240,8,8,599,599,0,0.0006467204465774873,0.0007828721195411688,766,792,26,5,4,4,2,6,805,461,532
554,24,230,671,964,293,38,38,598,598,0,6.807583648184077e-05,0.00037441710065012424,450,665,215,3,4,4,7,4,372,380,376
555,1,102,332,945,613,2,2,332,332,0,0.0,0.00010211375472276115,1,497,496,5,7,6,2,2,951,344,585
556,10,10,642,642,0,8,8,549,549,0,6.807583648184077e-05,6.807583648184077e-05,447,447,0,-1,4,4,2,4,878,567,969
557,0,0,1,1,0,0,0,1,1,0,0.0,0.0,1,1,0,-1,-1,-1,2,0,589,944,517
558,0,101,1,913,912,0,4,1,331,330,0.0,0.0,1,1,0,5,-1,6,4,0,614,715,421
559,0,206,1,968,967,0,12,1,463,462,0.0,0.00037441710065012424,1,670,669,3,-1,4,4,0,917,984,336
560,32,134,829,968,139,12,12,631,631,0,0.0013274788113958951,0.0014295925661186562,846,855,9,4,4,4,2,12,625,100,510
561,263,365,988,993,5,22,22,820,820,0,0.007862759113652609,0.00796487286837537,974,975,1,4,3,3,2,81,928,32,162
562,0,0,1,1,0,0,0,1,1,0,0.0,0.0,1,1,0,-1,-1,-1,4,0,632,938,941
563,1,1,333,333,0,11,11,333,333,0,0.0,0.0,1,1,0,-1,9,9,11,1,261,647,587
564,305,921,964,997,33,352,352,960,960,0,0.0046972327172470135,0.0051397256543789785,945,948,3,2,2,2,23,29,4,17,267
565,0,0,1,1,0,0,0,1,1,0,0.0,0.0,1,1,0,-1,-1,-1,2,0,653,668,514
566,90,90,912,912,0,38,38,887,887,0,0.002927260968719153,0.002927260968719153,922,922,0,-1,3,3,3,15,829,36,600
567,6,6,444,444,0,9,9,450,450,0,0.0,0.0,1,1,0,-1,4,4,3,2,490,662,786
568,0,102,1,893,892,0,15,1,398,397,0.0,0.00034037918240920387,1,647,646,4,-1,5,8,0,428,877,162
569,0,206,1,952,951,0,22,1,423,422,0.0,0.0005446066918547262,1,702,701,3,-1,4,10,0,259,784,700
570,0,206,1,941,940,0,34,1,421,420,0.0,0.0004084550188910446,1,650,649,3,-1,4,16,0,134,696,295
571,21,123,782,965,183,28,28,902,902,0,0.0011913271384322134,0.0015317063208414173,838,864,26,4,3,3,3,5,915,412,507
572,18,120,624,920,296,46,46,672,672,0,0.0004765308553728854,0.0010211375472276116,700,809,109,4,3,3,8,3,365,354,396
573,2,2,381,381,0,3,3,384,384,0,0.0,0.0,1,1,0,-1,5,5,2,1,820,558,854
574,20,226,597,952,355,55,60,522,549,27,0.0002042275094455223,0.0005446066918547262,553,710,157,3,3,3,15,4,45,332,545
575,2,104,348,874,526,25,32,369,383,14,0.0,3.4037918240920386e-05,1,396,395,4,5,5,19,2,83,764,188
576,12,12,681,681,0,12,12,682,682,0,0.0008169100377820892,0.0008169100377820892,788,788,0,-1,4,4,2,6,996,114,348
577,53,53,891,891,0,8,8,552,552,0,0.0011913271384322134,0.0011913271384322134,836,836,0,-1,4,4,2,18,889,82,665
578,19,121,669,935,266,12,12,466,466,0,0.00030634126416828345,0.00037441710065012424,632,664,32,4,4,4,4,9,753,341,435
579,44,250,817,977,160,34,34,784,784,0,0.0007828721195411688,0.003165526396405596,765,929,164,3,3,3,4,9,659,212,76
580,192,398,958,985,27,54,54,848,848,0,0.0034718676605738795,0.004050512270669526,941,951,10,3,3,3,4,28,410,98,407
581,6,622,400,992,592,38,76,480,643,163,0.00017018959120460194,0.002144388849177984,539,886,347,2,4,3,13,1,91,659,65
582,22,228,619,956,337,102,106,683,690,7,0.00017018959120460194,0.0006467204465774873,544,733,189,3,3,3,17,3,112,263,115
583,14,14,628,628,0,20,20,594,594,0,0.0002723033459273631,0.0002723033459273631,624,624,0,-1,4,4,4,3,649,653,897
584,2,104,361,913,552,10,10,419,419,0,3.4037918240920386e-05,0.00017018959120460194,410,538,128,4,5,5,5,2,724,714,829
585,4,106,512,961,449,4,4,453,453,0,0.00030634126416828345,0.0014636304843595766,648,869,221,4,5,5,2,3,847,209,106
586,44,250,725,958,233,100,100,684,684,0,0.0008169100377820892,0.0009530617107457708,766,780,14,3,3,3,16,5,72,308,652
587,154,256,923,967,44,132,132,892,892,0,0.002586881786309949,0.0026549576227917903,908,911,3,4,3,3,12,22,183,128,441
588,0,206,1,952,951,0,32,1,460,459,0.0,0.0005105687736138058,1,712,711,3,-1,4,12,0,187,744,264
589,24,24,649,649,0,48,48,589,589,0,0.000442492937131965,0.000442492937131965,684,684,0,-1,3,3,9,3,262,369,946
590,0,206,1,957,956,0,38,1,618,617,0.0,0.0030634126416828346,1,928,927,3,-1,4,7,0,343,804,105
591,28,28,707,707,0,34,34,656,656,0,0.00017018959120460194,0.00017018959120460194,542,542,0,-1,3,3,6,4,536,625,948
592,0,0,1,1,0,0,0,1,1,0,0.0,0.0,1,1,0,-1,-1,-1,3,0,801,995,902
593,6,6,443,443,0,12,12,464,464,0,0.0,0.0,1,1,0,-1,4,4,4,1,917,799,789
594,571,777,994,998,4,112,112,995,995,0,0.014466115252391163,0.01501072194424589,990,990,0,3,2,2,4,85,917,0,114
595,0,206,1,982,981,0,12,1,657,656,0.0,0.002552843868069029,1,919,918,3,-1,4,2,0,686,800,171
596,2,103,372,936,564,4,4,372,372,0,0.0,0.0,1,1,0,6,5,5,3,1,579,606,739
597,16,118,667,948,281,28,28,792,792,0,0.0005446066918547262,0.001055175465468532,731,829,98,4,3,3,3,2,825,493,589
598,82,184,918,972,54,32,32,931,931,0,0.003642057251778481,0.004152626025392287,941,952,11,4,3,3,2,19,910,72,355
599,1,207,333,964,631,8,24,333,476,143,0.0,0.0007147962830593281,1,750,749,3,6,4,8,3,137,181,272
600,0,206,1,958,957,0,32,1,521,520,0.0,0.0009870996289866913,1,799,798,3,-1,4,8,1,358,949,92
601,86,292,890,982,92,34,34,838,838,0,0.0021784267674189047,0.002484768031587188,899,907,8,3,3,3,3,20,471,87,494
602,136,136,951,951,0,40,40,778,778,0,0.0030634126416828346,0.0030634126416828346,929,929,0,-1,3,3,5,30,421,39,920
603,29,29,703,703,0,50,50,674,674,0,0.0004084550188910446,0.0004084550188910446,663,663,0,-1,3,3,8,7,443,371,973
604,0,206,1,956,955,0,26,1,490,489,0.0,0.0005786446100956465,1,717,716,3,-1,4,9,0,339,966,612
605,8,110,551,944,393,8,8,489,489,0,6.807583648184077e-05,0.00017018959120460194,440,537,97,4,4,4,2,2,733,363,680
606,54,155,896,976,80,24,24,883,883,0,0.0020763130126961434,0.002110350930937064,897,898,1,6,3,3,3,19,877,59,484
607,33,134,833,966,133,12,12,682,682,0,0.0006467204465774873,0.0006807583648184077,746,753,7,5,4,4,2,15,715,219,661
608,25,25,734,734,0,34,34,763,763,0,0.00034037918240920387,0.00034037918240920387,662,662,0,-1,3,3,4,4,969,557,705
609,24,24,659,659,0,58,58,707,707,0,0.00037441710065012424,0.00037441710065012424,656,656,0,-1,3,3,8,3,317,351,901
610,6,212,452,972,520,14,18,545,622,77,0.0002042275094455223,0.0013274788113958951,572,845,273,3,4,4,3,1,900,899,127
611,0,616,1,998,997,0,34,1,767,766,0.0,0.012185574730249497,1,988,987,2,-1,3,4,0,641,927,2
612,177,383,939,981,42,116,116,850,850,0,0.0020082371762143027,0.002110350930937064,879,882,3,3,3,3,11,23,220,106,420
613,6,108,422,911,489,16,16,433,433,0,0.0,0.00010211375472276115,1,471,470,4,4,4,8,1,442,322,648
614,0,0,1,1,0,0,0,1,1,0,0.0,0.0,1,1,0,-1,-1,-1,15,0,77,758,698
615,6,212,427,964,537,18,23,441,489,48,3.4037918240920386e-05,0.00030634126416828345,406,625,219,3,4,4,8,1,431,558,616
616,36,242,704,960,256,68,72,640,656,16,0.0004084550188910446,0.0022465026039007454,673,899,226,3,3,3,11,7,66,389,171
617,3,3,429,429,0,5,5,388,388,0,0.0,0.0,1,1,0,-1,5,5,3,2,869,547,684
618,16,117,634,937,303,38,38,770,770,0,0.0005105687736138058,0.0005105687736138058,723,723,0,7,3,3,6,1,486,759,663
619,38,244,705,958,253,126,126,788,788,0,0.0006126825283365669,0.0008509479560230097,719,756,37,3,3,3,15,4,65,288,596
620,0,102,1,898,897,0,9,1,368,367,0.0,0.00013615167296368154,1,518,517,4,-1,5,6,3,368,478,315
621,7,7,440,440,0,61,61,440,440,0,3.4037918240920386e-05,3.4037918240920386e-05,397,397,0,-1,4,4,23,2,4,627,429
622,0,206,1,949,948,0,35,1,457,456,0.0,0.000442492937131965,1,678,677,3,-1,4,14,0,79,811,178
623,30,646,719,996,277,45,60,647,751,104,0.00034037918240920387,0.0018040096667687805,646,869,223,2,3,3,8,6,297,258,403
624,0,0,1,1,0,0,0,1,1,0,0.0,0.0,1,1,0,-1,-1,-1,7,0,141,794,989
625,24,126,666,913,247,64,64,701,701,0,0.0009190237925048504,0.0009870996289866913,787,799,12,4,3,3,9,3,136,103,419
626,2,2,357,357,0,9,9,366,366,0,0.0,0.0,1,1,0,-1,5,5,7,2,335,320,907
627,0,0,1,1,0,0,0,1,1,0,0.0,0.0,1,1,0,-1,-1,-1,12,2,348,709,488
628,16,16,627,627,0,46,46,818,818,0,0.0005446066918547262,0.0005446066918547262,717,717,0,-1,3,3,5,1,604,759,725
629,0,0,1,1,0,0,0,1,1,0,0.0,0.0,1,1,0,-1,-1,-1,2,0,998,733,751
630,16,118,517,887,370,46,46,475,475,0,3.4037918240920386e-05,3.4037918240920386e-05,403,403,0,4,3,3,16,1,134,592,585
631,0,0,1,1,0,0,0,1,1,0,0.0,0.0,1,1,0,-1,-1,-1,8,0,303,699,790
632,24,230,662,959,297,44,48,546,574,28,0.000442492937131965,0.0010892133837094523,684,812,128,3,4,4,12,7,219,115,116
633,0,206,1,978,977,0,8,1,518,517,0.0,0.0006126825283365669,1,747,746,3,-1,4,2,0,979,446,630
634,28,234,681,964,283,88,88,756,756,0,0.0005105687736138058,0.0009870996289866913,698,798,100,3,3,3,12,4,375,407,399
635,0,616,1,1000,999,0,18,1,821,820,0.0,0.00527587732734266,1,962,961,2,-1,3,2,0,951,665,91
636,4,4,507,507,0,4,4,406,406,0,3.4037918240920386e-05,3.4037918240920386e-05,399,399,0,-1,5,5,3,5,812,231,908
637,46,252,825,978,153,52,52,951,951,0,0.002723033459273631,0.0032336022328874367,908,931,23,3,2,2,3,3,554,525,275
638,0,102,1,926,925,0,5,1,380,379,0.0,0.00013615167296368154,1,506,505,4,-1,5,3,0,864,520,370
639,62,62,843,843,0,46,46,703,703,0,0.0009530617107457708,0.0009530617107457708,805,805,0,-1,3,3,6,11,560,97,864
640,16,222,572,961,389,54,54,682,682,0,0.0005786446100956465,0.0007488342013002485,717,757,40,3,3,3,8,2,236,160,173
641,595,697,995,997,2,104,104,971,971,0,0.012049423057285817,0.012117498893767658,986,986,0,4,2,2,5,92,408,30,259
642,8,8,488,488,0,21,21,430,430,0,3.4037918240920386e-05,3.4037918240920386e-05,390,390,0,-1,4,4,9,2,316,364,981
643,0,616,1,992,991,0,38,1,476,475,0.0,0.0005446066918547262,1,709,708,2,-1,3,12,0,175,632,891
644,0,101,1,913,912,0,4,1,331,330,0.0,0.0,1,1,0,8,-1,9,4,0,512,629,857
645,0,0,1,1,0,0,0,1,1,0,0.0,0.0,1,1,0,-1,-1,-1,3,0,984,911,201
646,6,107,509,951,442,9,9,534,534,0,6.807583648184077e-05,6.807583648184077e-05,449,449,0,6,4,4,3,1,984,720,621
647,32,238,700,961,261,74,78,628,649,21,0.001055175465468532,0.002212464685659825,802,890,88,3,4,4,15,7,110,399,180
648,16,118,535,894,359,56,56,567,567,0,0.00013615167296368154,0.00013615167296368154,516,516,0,4,3,3,11,2,227,714,430
649,64,166,822,938,116,128,128,933,933,0,0.0012594029749140542,0.0012934408931549745,837,837,0,4,2,2,9,6,269,234,156
650,16,16,536,536,0,60,60,565,565,0,0.000442492937131965,0.000442492937131965,682,682,0,-1,4,4,12,4,239,645,982
651,0,0,1,1,0,0,0,1,1,0,0.0,0.0,1,1,0,-1,-1,-1,5,0,396,978,819
652,1,103,331,942,611,3,6,331,481,150,6.807583648184077e-05,0.0005786446100956465,454,733,279,4,6,5,3,1,916,743,759
653,236,442,958,983,25,152,152,906,906,0,0.0037441710065012424,0.003982436434187685,937,943,6,3,3,3,12,38,175,111,710
654,312,414,988,993,5,54,54,944,944,0,0.008951972497362062,0.010007147962830594,978,984,6,4,3,3,4,78,491,9,49
655,19,120,735,958,223,12,12,627,627,0,0.0004765308553728854,0.0004765308553728854,714,714,0,5,4,4,2,8,820,286,679
656,0,616,1,994,993,0,38,1,673,672,0.0,0.0022465026039007454,1,894,893,2,-1,3,6,1,473,787,119
657,0,102,1,917,916,0,6,1,361,360,0.0,6.807583648184077e-05,1,450,449,4,-1,5,5,0,616,737,570
658,87,87,856,856,0,80,80,746,746,0,0.0016338200755641784,0.0016338200755641784,861,861,0,-1,3,3,10,18,75,54,989
659,58,160,870,966,96,28,28,815,815,0,0.0020082371762143027,0.0021784267674189047,892,895,3,4,3,3,3,17,774,180,339
660,0,0,1,1,0,0,0,1,1,0,0.0,0.0,1,1,0,-1,-1,-1,2,0,750,608,914
661,44,145,816,942,126,42,42,738,738,0,0.00037441710065012424,0.00037441710065012424,669,669,0,5,3,3,6,7,253,422,292
662,0,206,1,975,974,0,14,1,529,528,0.0,0.0006126825283365669,1,742,741,3,-1,4,5,0,695,668,97
663,1,102,331,959,628,3,3,331,331,0,6.807583648184077e-05,0.00010211375472276115,455,492,37,5,6,6,3,1,852,837,110
664,0,0,1,1,0,0,0,1,1,0,0.0,0.0,1,1,0,-1,-1,-1,5,0,795,757,773
665,117,323,931,985,54,54,54,916,916,0,0.003267640151128357,0.0034718676605738795,926,928,2,3,3,3,4,20,344,43,178
666,0,0,1,1,0,0,0,1,1,0,0.0,0.0,1,1,0,-1,-1,-1,12,0,87,937,976
667,0,101,1,888,887,0,13,1,332,331,0.0,0.0,1,1,0,5,-1,6,13,0,242,897,656
668,0,206,1,960,959,0,19,1,441,440,0.0,0.00030634126416828345,1,625,624,3,-1,4,8,3,308,348,619
669,16,16,599,599,0,48,48,700,700,0,0.00010211375472276115,0.00010211375472276115,482,482,0,-1,3,3,7,1,637,168,794
670,6,6,427,427,0,13,13,440,440,0,6.807583648184077e-05,6.807583648184077e-05,453,453,0,-1,4,4,5,1,537,265,608
671,27,128,743,939,196,30,30,719,719,0,0.0005786446100956465,0.0005786446100956465,732,732,0,5,3,3,4,6,504,467,842
672,19,19,813,813,0,8,8,652,652,0,0.0004765308553728854,0.0004765308553728854,727,727,0,-1,4,4,2,10,872,405,731
673,2,2,382,382,0,4,4,432,432,0,0.0,0.0,1,1,0,-1,5,5,2,1,951,531,835
674,0,0,1,1,0,0,0,1,1,0,0.0,0.0,1,1,0,-1,-1,-1,8,1,488,962,641
675,82,183,846,937,91,114,114,878,878,0,0.0014295925661186562,0.0014295925661186562,839,839,0,5,3,3,9,13,101,255,743
676,2,2,355,355,0,9,9,368,368,0,6.807583648184077e-05,6.807583648184077e-05,456,456,0,-1,5,5,7,2,714,842,927
677,15,15,593,593,0,24,24,530,530,0,0.0002382654276864427,0.0002382654276864427,594,594,0,-1,4,4,6,5,518,487,895
678,100,201,938,976,38,22,22,794,794,0,0.0028591851322373124,0.0028591851322373124,921,921,0,5,3,3,2,19,983,133,721
679,22,124,777,967,190,22,22,847,847,0,0.0011232513019503727,0.0014295925661186562,832,855,23,4,3,3,2,4,830,143,487
680,44,44,740,740,0,104,104,681,681,0,0.0004765308553728854,0.0004765308553728854,690,690,0,-1,3,3,16,5,59,308,889
681,373,373,980,980,0,182,182,988,988,0,0.006705469893461316,0.006705469893461316,967,967,0,-1,2,2,9,57,388,50,701
682,0,616,1,990,989,0,72,1,505,504,0.0,0.0005446066918547262,1,704,703,2,-1,3,19,0,14,782,246
683,9,111,548,926,378,16,16,534,534,0,0.0002042275094455223,0.0004084550188910446,565,687,122,4,4,4,4,4,969,332,427
684,0,0,1,1,0,0,0,1,1,0,0.0,0.0,1,1,0,-1,-1,-1,23,0,30,955,808
685,8,8,595,595,0,18,18,738,738,0,0.0006807583648184077,0.0006807583648184077,754,754,0,-1,4,4,3,4,850,440,836
686,304,406,979,985,6,48,48,878,878,0,0.007113924912352361,0.007284114503556962,976,977,1,4,3,3,3,49,704,16,380
687,0,0,1,1,0,0,0,1,1,0,0.0,0.0,1,1,0,-1,-1,-1,3,0,732,773,709
688,63,269,797,959,162,138,142,802,806,4,0.0009870996289866913,0.0012594029749140542,803,821,18,3,3,3,16,10,53,272,246
689,0,101,1,911,910,0,6,1,332,331,0.0,0.0,1,1,0,5,-1,6,6,0,352,726,671
690,20,20,768,768,0,17,17,841,841,0,0.0005105687736138058,0.0005105687736138058,730,730,0,-1,3,3,2,4,889,208,828
691,87,87,874,874,0,66,66,823,823,0,0.001497668402600497,0.001497668402600497,845,845,0,-1,3,3,6,14,157,243,752
692,20,226,705,978,273,12,12,586,586,0,0.00037441710065012424,0.0006126825283365669,673,751,78,3,4,4,2,4,934,328,667
693,0,0,1,1,0,0,0,1,1,0,0.0,0.0,1,1,0,-1,-1,-1,17,0,71,819,976
694,357,459,989,995,6,70,70,952,952,0,0.009020048333843901,0.009564655025698629,979,980,1,4,3,3,5,78,685,9,218
695,0,0,1,1,0,0,0,1,1,0,0.0,0.0,1,1,0,-1,-1,-1,6,0,560,930,835
696,6,6,470,470,0,8,8,485,485,0,0.00013615167296368154,0.00013615167296368154,515,515,0,-1,4,4,2,2,904,575,832
697,12,12,667,667,0,14,14,652,652,0,0.00013615167296368154,0.00013615167296368154,536,536,0,-1,4,4,3,2,850,579,426
698,6,108,407,895,488,26,26,485,485,0,0.00013615167296368154,0.0004084550188910446,515,670,155,4,4,4,7,1,436,527,424
699,70,70,821,821,0,120,120,764,764,0,0.0005446066918547262,0.0005446066918547262,702,702,0,-1,3,3,15,8,65,187,975
700,2,618,357,997,640,7,25,394,681,287,6.807583648184077e-05,0.002110350930937064,452,887,435,2,5,3,4,1,547,879,155
701,6,622,395,994,599,31,62,436,564,128,0.0,0.001599782157323258,1,857,856,2,4,3,14,1,47,606,213
702,0,0,1,1,0,0,0,1,1,0,0.0,0.0,1,1,0,-1,-1,-1,21,0,2,864,778
703,0,102,1,894,893,0,12,1,373,372,0.0,0.00017018959120460194,1,542,541,4,-1,5,8,0,380,939,408
704,0,0,1,1,0,0,0,1,1,0,0.0,0.0,1,1,0,-1,-1,-1,7,0,336,713,823
705,46,252,783,966,183,82,86,803,832,29,0.0005446066918547262,0.0011232513019503727,709,815,106,3,3,3,9,6,306,376,212
706,1,102,333,888,555,7,7,333,333,0,0.0,3.4037918240920386e-05,1,406,405,5,6,6,7,2,299,764,853
707,0,0,1,1,0,0,0,1,1,0,0.0,0.0,1,1,0,-1,-1,-1,4,0,280,367,986
708,13,13,589,589,0,20,20,553,553,0,0.00034037918240920387,0.00034037918240920387,655,655,0,-1,4,4,4,3,572,291,705
709,16,222,509,944,435,194,194,841,841,0,0.001157289220191293,0.0012253650566731338,821,827,6,3,3,3,19,1,89,612,223
710,20,121,713,948,235,14,14,587,587,0,0.0005105687736138058,0.0005105687736138058,703,703,0,8,4,4,3,4,628,167,857
711,22,22,697,697,0,20,20,587,587,0,0.00034037918240920387,0.00034037918240920387,644,644,0,-1,4,4,4,10,424,262,954
712,0,616,1,992,991,0,49,1,653,652,0.0,0.0014636304843595766,1,847,846,2,-1,3,9,0,250,675,418
713,134,340,950,990,40,44,44,906,906,0,0.0033357159876101976,0.003642057251778481,935,941,6,3,3,3,4,24,507,8,219
714,2,104,376,946,570,4,4,432,432,0,0.0,0.00034037918240920387,1,659,658,4,5,5,2,2,957,885,169
715,70,172,863,952,89,88,88,896,896,0,0.0018720855032506212,0.0018720855032506212,879,879,0,4,2,2,8,8,318,90,549
716,67,169,856,947,91,50,50,808,808,0,0.00088498587426393,0.00088498587426393,799,799,0,4,3,3,5,11,396,97,468
717,0,206,1,978,977,0,12,1,661,660,0.0,0.001497668402600497,1,861,860,3,-1,4,2,1,979,874,63
718,0,206,1,950,949,0,31,1,478,477,0.0,0.00010211375472276115,1,466,465,3,-1,4,10,0,310,836,202
719,6,108,463,933,470,20,20,621,621,0,0.0002042275094455223,0.00030634126416828345,583,644,61,4,4,4,4,1,423,681,797
720,30,646,750,997,247,64,64,912,912,0,0.0011913271384322134,0.002586881786309949,835,916,81,2,3,3,4,7,870,630,727
721,43,145,793,934,141,42,42,681,681,0,0.0007488342013002485,0.0007488342013002485,764,764,0,4,3,3,6,9,560,294,618
722,0,0,1,1,0,0,0,1,1,0,0.0,0.0,1,1,0,-1,-1,-1,3,0,716,906,740
723,91,192,920,976,56,34,34,915,915,0,0.003437829742332959,0.0034718676605738795,932,933,1,5,3,3,3,19,676,72,567
724,18,18,725,725,0,12,12,640,640,0,0.0005105687736138058,0.0005105687736138058,706,706,0,-1,4,4,2,3,809,507,760
725,1,207,333,986,653,2,8,333,595,262,3.4037918240920386e-05,0.0006126825283365669,402,752,350,3,6,4,2,1,749,618,125
726,0,616,1,991,990,0,64,1,693,692,0.0,0.006773545729943157,1,971,970,2,-1,3,9,0,381,991,7
727,4,4,432,432,0,6,6,419,419,0,6.807583648184077e-05,6.807583648184077e-05,451,451,0,-1,5,5,3,2,672,584,511
728,0,616,1,991,990,0,39,1,541,540,0.0,0.0012934408931549745,1,838,837,2,-1,3,10,0,241,820,414
729,131,131,928,928,0,82,82,891,891,0,0.002995336805200994,0.002995336805200994,921,921,0,-1,3,3,7,27,658,69,959
730,0,206,1,942,941,0,30,1,393,392,0.0,0.00017018959120460194,1,533,532,3,-1,4,17,0,56,254,528
731,70,686,827,994,167,120,130,865,892,27,0.0018380475850097008,0.0027911092957554717,873,918,45,2,2,2,11,7,167,224,572
732,0,102,1,916,915,0,8,1,414,413,0.0,6.807583648184077e-05,1,456,455,4,-1,5,4,0,558,957,222
733,6,6,417,417,0,16,16,434,434,0,6.807583648184077e-05,6.807583648184077e-05,450,450,0,-1,4,4,6,4,432,512,772
734,24,24,638,638,0,68,68,609,609,0,0.000442492937131965,0.000442492937131965,680,680,0,-1,3,3,13,3,91,653,923
735,0,206,1,977,976,0,8,1,490,489,0.0,0.0004765308553728854,1,692,691,3,-1,4,2,2,970,271,186
736,0,206,1,947,946,0,32,1,420,419,0.0,0.0002042275094455223,1,558,557,3,-1,4,15,0,102,910,162
737,0,0,1,1,0,0,0,1,1,0,0.0,0.0,1,1,0,-1,-1,-1,11,0,230,956,889
738,8,8,490,490,0,24,24,450,450,0,0.00013615167296368154,0.00013615167296368154,507,507,0,-1,4,4,10,5,241,231,712
739,0,0,1,1,0,0,0,1,1,0,0.0,0.0,1,1,0,-1,-1,-1,5,0,719,959,723
740,13,219,669,980,311,12,12,633,633,0,0.0002382654276864427,0.0015657442390823377,603,876,273,3,4,4,2,5,469,528,158
741,1,102,331,959,628,3,3,331,331,0,0.0,3.4037918240920386e-05,1,404,403,5,7,6,3,1,852,621,761
742,23,639,692,996,304,46,56,746,808,62,0.0008509479560230097,0.005037611899656217,779,956,177,2,3,3,6,3,353,438,76
743,0,206,1,958,957,0,18,1,449,448,0.0,0.0002382654276864427,1,589,588,3,-1,4,7,0,374,643,134
744,0,102,1,938,937,0,3,1,371,370,0.0,0.0,1,1,0,4,-1,5,2,0,886,498,724
745,16,118,595,918,323,26,26,517,517,0,0.0002382654276864427,0.0009530617107457708,591,782,191,4,4,4,7,5,525,487,642
746,2,208,373,977,604,4,9,375,503,128,0.0,0.0002723033459273631,1,624,623,3,5,4,3,2,785,679,329
747,83,289,865,976,111,74,74,831,831,0,0.0019061234214915416,0.003369753905851118,874,932,58,3,2,2,8,12,415,159,213
748,0,0,1,1,0,0,0,1,1,0,0.0,0.0,1,1,0,-1,-1,-1,5,1,663,806,914
749,6,212,435,967,532,18,22,512,563,51,0.0002723033459273631,0.0016678579938050988,597,867,270,3,4,4,5,2,457,384,135
750,0,206,1,956,955,0,23,1,421,420,0.0,0.0005786446100956465,1,716,715,3,-1,4,11,0,234,916,232
751,0,102,1,923,922,0,4,1,359,358,0.0,0.0,1,1,0,4,-1,5,3,0,620,901,164
752,2,208,369,976,607,4,8,372,493,121,0.00010211375472276115,0.0004084550188910446,499,688,189,3,5,4,3,1,899,238,450
753,15,221,571,964,393,16,20,465,517,52,0.0002042275094455223,0.0005446066918547262,566,714,148,3,4,4,4,4,503,156,107
754,38,38,683,683,0,148,148,719,719,0,0.0004765308553728854,0.0004765308553728854,674,674,0,-1,3,3,22,3,55,280,962
755,13,115,752,973,221,8,8,646,646,0,0.00034037918240920387,0.0008509479560230097,673,796,123,4,4,4,2,9,962,191,162
756,0,616,1,998,997,0,21,1,642,641,0.0,0.001599782157323258,1,858,857,2,-1,3,4,0,641,938,341
757,0,206,1,990,989,0,12,1,730,729,0.0,0.0015317063208414173,1,864,863,3,-1,4,2,0,959,330,393
758,0,206,1,949,948,0,26,1,395,394,0.0,0.00037441710065012424,1,655,654,3,-1,4,14,1,21,841,427
759,119,325,929,983,54,56,56,841,841,0,0.0019741992579733825,0.004901460226692535,881,955,74,3,3,3,6,23,455,66,34
760,62,163,853,955,102,50,50,846,846,0,0.0010892133837094523,0.0010892133837094523,818,818,0,5,3,3,5,13,487,340,373
761,0,102,1,968,967,0,4,1,469,468,0.0,0.0006467204465774873,1,763,762,4,-1,5,2,0,866,881,97
762,0,102,1,938,937,0,3,1,376,375,0.0,0.00037441710065012424,1,673,672,4,-1,5,2,1,906,948,284
763,2,208,362,973,611,3,8,362,481,119,0.00010211375472276115,0.00034037918240920387,498,651,153,3,5,4,2,2,429,842,407
764,10,216,490,946,456,44,52,468,501,33,0.0002042275094455223,0.0005105687736138058,563,699,136,3,4,4,14,3,122,458,494
765,0,102,1,945,944,0,5,1,422,421,0.0,0.00034037918240920387,1,663,662,4,-1,5,3,0,790,356,525
766,6,108,417,895,478,26,26,466,466,0,0.0002723033459273631,0.0007488342013002485,597,747,150,4,4,4,9,1,166,904,338
767,32,32,789,789,0,18,18,637,637,0,0.0008169100377820892,0.0008169100377820892,783,783,0,-1,4,4,3,11,577,193,798
768,0,616,1,990,989,0,66,1,668,667,0.0,0.006058749446883829,1,960,959,2,-1,3,10,0,153,695,19
769,44,660,758,994,236,64,102,632,804,172,0.0006807583648184077,0.004186663943633207,745,950,205,2,3,3,11,9,188,245,50
770,0,0,1,1,0,0,0,1,1,0,0.0,0.0,1,1,0,-1,-1,-1,3,0,844,838,446
771,4,210,425,969,544,8,14,384,461,77,6.807583648184077e-05,0.000442492937131965,453,684,231,3,5,4,5,3,528,585,475
772,12,114,655,964,309,10,10,656,656,0,0.00017018959120460194,0.0006126825283365669,550,741,191,4,4,4,3,5,877,314,414
773,16,16,647,647,0,20,20,662,662,0,0.00034037918240920387,0.00034037918240920387,657,657,0,-1,4,4,4,9,824,29,846
774,72,72,804,804,0,126,126,654,654,0,0.0006807583648184077,0.0006807583648184077,727,727,0,-1,2,2,23,3,30,369,515
775,3,3,474,474,0,3,3,398,398,0,3.4037918240920386e-05,3.4037918240920386e-05,411,411,0,-1,5,5,2,5,810,231,921
776,102,204,915,969,54,34,34,778,778,0,0.002382654276864427,0.0025188059498281084,903,908,5,4,3,3,4,26,539,127,248
777,0,206,1,976,975,0,8,1,514,513,0.0,0.0015657442390823377,1,864,863,3,-1,4,2,1,713,539,55
778,32,238,795,975,180,24,24,748,748,0,0.00030634126416828345,0.0018720855032506212,635,872,237,3,3,3,3,7,592,253,304
779,16,118,708,962,254,12,12,714,714,0,0.00034037918240920387,0.0005786446100956465,664,738,74,4,4,4,2,6,876,199,351
780,8,110,507,910,403,17,18,426,434,8,0.00010211375472276115,0.00037441710065012424,486,666,180,4,4,4,7,2,216,383,101
781,2,618,345,990,645,24,178,345,778,433,0.0,0.004595118962524252,1,942,941,2,5,3,23,2,30,663,28
782,22,123,663,912,249,38,38,667,667,0,0.0002382654276864427,0.0002382654276864427,591,591,0,5,3,3,6,2,425,465,639
783,8,110,524,924,400,12,12,483,483,0,0.00030634126416828345,0.001055175465468532,640,816,176,4,4,4,4,2,544,383,174
784,0,0,1,1,0,0,0,1,1,0,0.0,0.0,1,1,0,-1,-1,-1,6,0,266,489,986
785,16,222,581,964,383,62,62,770,770,0,0.0004084550188910446,0.0007147962830593281,682,764,82,3,3,3,7,1,265,168,521
786,82,184,887,962,75,50,50,837,837,0,0.0014636304843595766,0.0014636304843595766,858,858,0,4,3,3,5,18,290,64,394
787,2,104,372,947,575,6,6,444,444,0,3.4037918240920386e-05,0.00017018959120460194,406,552,146,4,5,5,3,1,902,659,465
788,0,0,1,1,0,0,0,1,1,0,0.0,0.0,1,1,0,-1,-1,-1,5,0,496,909,908
789,1,207,332,971,639,4,12,332,470,138,3.4037918240920386e-05,0.0004084550188910446,397,670,273,3,6,4,4,1,815,781,622
790,0,101,1,936,935,0,3,1,331,330,0.0,3.4037918240920386e-05,1,403,402,5,-1,6,3,1,568,554,862
791,4,106,478,951,473,4,4,432,432,0,0.0002382654276864427,0.000442492937131965,609,693,84,4,5,5,2,2,951,634,486
792,9,9,648,648,0,8,8,611,611,0,0.0002042275094455223,0.0002042275094455223,572,572,0,-1,4,4,2,4,959,501,997
793,18,120,652,936,284,44,44,837,837,0,0.0005446066918547262,0.0006467204465774873,724,749,25,4,3,3,4,2,700,101,212
794,0,101,1,877,876,0,9,1,331,330,0.0,3.4037918240920386e-05,1,404,403,5,-1,6,9,0,274,587,676
795,867,967,1000,1000,0,88,88,975,975,0,0.020082371762143027,0.020354675108070392,994,994,0,4,2,2,4,157,444,2,417
796,6,212,377,941,564,91,116,446,527,81,0.00010211375472276115,0.0005105687736138058,476,683,207,3,4,4,35,4,20,512,288
797,6,6,401,401,0,20,20,397,397,0,3.4037918240920386e-05,3.4037918240920386e-05,401,401,0,-1,4,4,11,1,139,687,946
798,22,22,650,650,0,30,30,535,535,0,0.00017018959120460194,0.00017018959120460194,530,530,0,-1,4,4,7,6,182,516,925
799,0,102,1,926,925,0,7,1,395,394,0.0,0.00010211375472276115,1,498,497,4,-1,5,4,0,619,847,688
800,0,206,1,977,976,0,9,1,499,498,0.0,0.00088498587426393,1,780,779,3,-1,4,3,0,716,982,352
801,0,0,1,1,0,0,0,1,1,0,0.0,0.0,1,1,0,-1,-1,-1,2,0,910,808,388
802,0,0,1,1,0,0,0,1,1,0,0.0,0.0,1,1,0,-1,-1,-1,3,0,748,446,866
803,54,260,788,962,174,130,130,803,803,0,0.0006126825283365669,0.0008509479560230097,717,777,60,3,3,3,14,4,127,40,256
804,8,8,510,510,0,16,16,454,454,0,0.0002723033459273631,0.0002723033459273631,622,622,0,-1,4,4,6,4,387,239,832
805,0,206,1,949,948,0,26,1,396,395,0.0,0.0002042275094455223,1,558,557,3,-1,4,12,0,239,423,591
806,14,14,551,551,0,34,34,508,508,0,0.00017018959120460194,0.00017018959120460194,533,533,0,-1,4,4,11,3,248,596,866
807,57,673,836,997,161,48,58,739,803,64,0.0019741992579733825,0.002825147213996392,884,918,34,2,4,3,8,18,442,63,700
808,0,101,1,942,941,0,2,1,330,329,0.0,0.00010211375472276115,1,506,505,5,-1,6,2,0,919,944,353
809,0,102,1,904,903,0,10,1,409,408,0.0,0.00010211375472276115,1,485,484,4,-1,5,5,0,474,966,263
810,6,6,444,444,0,22,22,577,577,0,0.00010211375472276115,0.00010211375472276115,482,482,0,-1,4,4,5,1,565,891,433
811,5,5,476,476,0,4,4,414,414,0,0.00013615167296368154,0.00013615167296368154,530,530,0,-1,5,5,2,3,881,385,455
812,1,207,333,939,606,17,28,333,384,51,0.0,0.00034037918240920387,1,633,632,3,6,4,17,1,80,703,613
813,58,58,823,823,0,72,72,802,802,0,0.0009870996289866913,0.0009870996289866913,798,798,0,-1,2,2,7,8,436,286,489
814,0,206,1,976,975,0,12,1,711,710,0.0,0.0053099152455835805,1,962,961,3,-1,4,2,1,988,814,24
815,22,123,731,942,211,18,18,756,756,0,0.0002382654276864427,0.0002382654276864427,604,604,0,6,3,3,2,2,750,491,466
816,20,226,657,968,311,26,30,565,615,50,0.0002382654276864427,0.0007828721195411688,582,780,198,3,4,4,5,8,347,302,382
817,9,625,588,999,411,12,22,615,793,178,0.00013615167296368154,0.003948398515946765,534,944,410,2,4,3,2,4,983,230,559
818,7,109,462,876,414,31,31,408,408,0,0.0,3.4037918240920386e-05,1,395,394,4,4,4,15,5,37,225,964
819,0,102,1,939,938,0,4,1,413,412,0.0,0.00017018959120460194,1,561,560,4,-1,5,2,0,881,921,645
820,20,121,649,919,270,30,30,539,539,0,0.00034037918240920387,0.00037441710065012424,647,661,14,5,4,4,7,6,221,258,873
821,0,101,1,956,955,0,2,1,331,330,0.0,0.00013615167296368154,1,530,529,5,-1,6,2,0,996,436,634
822,0,102,1,939,938,0,5,1,402,401,0.0,0.00017018959120460194,1,549,548,4,-1,5,3,0,708,921,697
823,6,212,434,964,530,22,30,560,652,92,0.0002723033459273631,0.0006807583648184077,619,754,135,3,4,4,5,1,406,809,377
824,297,297,981,981,0,68,68,937,937,0,0.007794683277170768,0.007794683277170768,975,975,0,-1,2,2,4,49,516,16,914
825,1,102,332,970,638,2,2,332,332,0,0.0,0.0,1,1,0,6,6,6,2,3,884,460,373
826,6,212,439,971,532,20,20,560,560,0,0.00030634126416828345,0.0010892133837094523,638,821,183,3,4,4,4,1,445,689,440
827,42,42,805,805,0,60,60,897,897,0,0.0017359338302869397,0.0017359338302869397,867,867,0,-1,3,3,5,5,284,393,812
828,0,0,1,1,0,0,0,1,1,0,0.0,0.0,1,1,0,-1,-1,-1,10,0,206,707,600
829,6,6,480,480,0,8,8,492,492,0,0.00010211375472276115,0.00010211375472276115,487,487,0,-1,4,4,2,2,598,492,738
830,100,100,830,830,0,100,100,471,471,0,0.017937982912965042,0.018686817114265293,996,996,0,2,1,1,35,83,20,10,299
831,18,18,673,673,0,30,30,755,755,0,0.0007828721195411688,0.0007828721195411688,778,778,0,-1,3,3,4,3,767,559,819
832,6,108,444,927,483,20,20,596,596,0,0.00030634126416828345,0.00037441710065012424,637,668,31,4,4,4,4,1,740,741,599
833,6,622,440,998,558,14,24,524,720,196,6.807583648184077e-05,0.0035739814152966403,450,941,491,2,4,3,3,1,808,797,123
834,0,0,1,1,0,0,0,1,1,0,0.0,0.0,1,1,0,-1,-1,-1,6,0,536,927,675
835,0,0,1,1,0,0,0,1,1,0,0.0,0.0,1,1,0,-1,-1,-1,5,0,406,668,753
836,0,0,1,1,0,0,0,1,1,0,0.0,0.0,1,1,0,-1,-1,-1,14,1,172,650,928
837,14,116,600,933,333,22,22,568,568,0,0.0002382654276864427,0.0002382654276864427,593,593,0,4,4,4,5,3,561,653,300
838,82,82,884,884,0,38,38,822,822,0,0.0015657442390823377,0.0015657442390823377,868,868,0,-1,3,3,3,13,892,261,929
839,0,616,1,991,990,0,86,1,631,630,0.0,0.0031314884781646754,1,928,927,2,-1,3,15,0,107,754,75
840,0,0,1,1,0,0,0,1,1,0,0.0,0.0,1,1,0,-1,-1,-1,6,0,582,699,735
841,10,216,483,947,464,49,53,460,471,11,0.00010211375472276115,0.0002723033459273631,473,606,133,3,4,4,17,3,94,311,197
842,28,130,820,965,145,12,12,685,685,0,0.00088498587426393,0.001497668402600497,802,868,66,4,4,4,2,14,792,190,116
843,0,616,1,993,992,0,128,1,709,708,0.0,0.0048674223084516155,1,950,949,2,-1,3,19,0,36,754,12
844,2,104,366,928,562,9,10,415,441,26,3.4037918240920386e-05,0.00034037918240920387,402,657,255,4,5,5,5,1,848,463,308
845,247,348,980,989,9,62,62,968,968,0,0.00803294870485721,0.00803294870485721,975,975,0,6,2,2,3,55,729,21,708
846,26,127,747,943,196,38,38,846,846,0,0.0005446066918547262,0.0005446066918547262,728,728,0,7,3,3,3,6,819,379,663
847,108,209,914,969,55,54,54,872,872,0,0.0021784267674189047,0.0022465026039007454,894,897,3,5,3,3,4,15,572,153,441
848,24,126,677,927,250,50,50,692,692,0,0.000442492937131965,0.0004765308553728854,696,699,3,4,3,3,8,5,365,589,552
849,14,115,554,904,350,28,28,466,466,0,6.807583648184077e-05,6.807583648184077e-05,446,446,0,5,4,4,10,3,204,526,694
850,54,54,821,821,0,62,62,801,801,0,0.0009190237925048504,0.0009190237925048504,792,792,0,-1,3,3,7,8,505,264,695
851,106,208,892,963,71,74,74,787,787,0,0.001497668402600497,0.0018040096667687805,851,865,14,4,3,3,9,18,166,82,371
852,56,158,837,955,118,70,70,930,930,0,0.0026209197045508697,0.0028932230504782326,910,923,13,4,2,2,5,7,502,170,266
853,30,131,719,928,209,64,64,761,761,0,0.000442492937131965,0.0004765308553728854,685,696,11,5,3,3,8,6,297,107,734
854,21,227,650,966,316,32,36,540,584,44,0.0002382654276864427,0.001157289220191293,594,825,231,3,4,4,8,5,365,310,397
855,0,206,1,952,951,0,20,1,404,403,0.0,0.0002723033459273631,1,608,607,3,-1,4,10,0,109,934,645
856,40,141,775,938,163,62,62,790,790,0,0.0015317063208414173,0.0015317063208414173,854,854,0,6,3,3,7,8,400,174,739
857,18,224,658,972,314,46,46,833,833,0,0.0005105687736138058,0.0018040096667687805,722,874,152,3,3,3,5,3,565,197,119
858,6,212,447,972,525,16,20,477,526,49,0.00010211375472276115,0.00017018959120460194,503,558,55,3,4,4,6,1,657,420,222
859,9,9,626,626,0,12,12,658,658,0,0.0002042275094455223,0.0002042275094455223,595,595,0,-1,4,4,2,4,897,501,848
860,0,101,1,904,903,0,5,1,332,331,0.0,0.0,1,1,0,6,-1,7,5,0,599,930,853
861,0,102,1,927,926,0,4,1,360,359,0.0,0.00013615167296368154,1,514,513,4,-1,5,3,0,626,850,532
862,47,47,842,842,0,26,26,752,752,0,0.0014295925661186562,0.0014295925661186562,861,861,0,-1,3,3,4,12,423,159,816
863,0,616,1,991,990,0,37,1,475,474,0.0,0.0010892133837094523,1,814,813,2,-1,3,12,1,252,539,186
864,0,616,1,994,993,0,62,1,564,563,0.0,0.0005446066918547262,1,716,715,2,-1,3,14,1,47,852,234
865,6,107,453,928,475,18,18,589,589,0,3.4037918240920386e-05,3.4037918240920386e-05,409,409,0,6,4,4,3,2,819,384,861
866,2,2,361,361,0,6,6,398,398,0,6.807583648184077e-05,6.807583648184077e-05,449,449,0,-1,5,5,3,2,834,325,702
867,0,101,1,944,943,0,2,1,331,330,0.0,0.0,1,1,0,6,-1,7,2,0,986,900,861
868,0,206,1,970,969,0,10,1,447,446,0.0,0.00037441710065012424,1,654,653,3,-1,4,4,0,741,923,366
869,1,207,332,978,646,2,7,332,511,179,3.4037918240920386e-05,0.0004084550188910446,409,676,267,3,6,4,2,3,723,484,454
870,0,206,1,952,951,0,26,1,458,457,0.0,0.0006126825283365669,1,729,728,3,-1,4,9,0,316,702,407
871,2,2,365,365,0,7,7,392,392,0,0.0,0.0,1,1,0,-1,5,5,4,3,460,748,803
872,16,222,607,968,361,40,40,729,729,0,0.00017018959120460194,0.0007828721195411688,543,781,238,3,3,3,5,1,396,168,391
873,2,618,352,993,641,20,44,393,528,135,3.4037918240920386e-05,0.0012934408931549745,403,838,435,2,5,3,11,1,76,530,345
874,2,103,359,915,556,6,6,371,371,0,3.4037918240920386e-05,0.00013615167296368154,404,505,101,5,5,5,4,1,544,593,958
875,6,6,420,420,0,26,26,523,523,0,6.807583648184077e-05,6.807583648184077e-05,444,444,0,-1,4,4,7,1,340,958,533
876,2,208,366,974,608,7,16,407,549,142,3.4037918240920386e-05,0.0004084550188910446,408,687,279,3,5,4,4,2,891,654,326
877,22,638,595,993,398,58,78,489,560,71,0.00013615167296368154,0.00088498587426393,510,789,279,2,3,3,17,3,56,290,224
878,0,0,1,1,0,0,0,1,1,0,0.0,0.0,1,1,0,-1,-1,-1,11,0,176,665,760
879,0,102,1,882,881,0,14,1,350,349,0.0,6.807583648184077e-05,1,440,439,4,-1,5,13,0,185,665,756
880,0,206,1,970,969,0,16,1,516,515,0.0,0.0009870996289866913,1,815,814,3,-1,4,4,0,652,960,206
881,6,107,429,913,484,14,14,460,460,0,0.00010211375472276115,0.00013615167296368154,499,522,23,5,4,4,5,2,479,492,558
882,460,460,994,994,0,72,72,974,974,0,0.014636304843595765,0.014636304843595765,991,991,0,-1,2,2,3,91,869,7,730
883,6,6,436,436,0,11,11,445,445,0,0.0,0.0,1,1,0,-1,4,4,4,1,717,592,934
884,6,6,382,382,0,43,43,452,452,0,0.00017018959120460194,0.00017018959120460194,540,540,0,-1,4,4,16,2,195,532,883
885,5,211,450,974,524,7,14,389,504,115,3.4037918240920386e-05,0.00017018959120460194,397,535,138,3,5,4,5,3,557,572,168
886,2,2,351,351,0,11,11,383,383,0,0.0,0.0,1,1,0,-1,5,5,7,1,320,734,954
887,6,622,398,990,592,36,78,444,620,176,0.0,0.0015657442390823377,1,863,862,2,4,3,14,1,144,238,68
888,67,273,867,981,114,50,50,832,832,0,0.0011913271384322134,0.0022465026039007454,835,894,59,3,3,3,5,15,363,137,62
889,26,232,610,941,331,88,96,531,551,20,0.00017018959120460194,0.000442492937131965,537,677,140,3,4,4,20,5,5,310,417
890,40,40,828,828,0,24,24,740,740,0,0.0005105687736138058,0.0005105687736138058,717,717,0,-1,3,3,3,9,864,154,201
891,0,616,1,998,997,0,22,1,740,739,0.0,0.0048674223084516155,1,956,955,2,-1,3,2,0,905,520,5
892,6,6,509,509,0,8,8,528,528,0,3.4037918240920386e-05,3.4037918240920386e-05,396,396,0,-1,4,4,3,1,984,606,949
893,0,101,1,943,942,0,3,1,331,330,0.0,0.0,1,1,0,5,-1,6,3,0,485,984,357
894,14,220,551,961,410,38,42,546,568,22,0.0002042275094455223,0.00037441710065012424,566,655,89,3,4,4,11,4,248,637,667
895,6,108,395,884,489,29,30,407,409,2,0.0,3.4037918240920386e-05,1,405,404,4,4,4,14,1,198,853,311
896,95,197,912,972,60,28,28,754,754,0,0.0018720855032506212,0.002280540522141666,878,895,17,4,3,3,3,19,585,72,521
897,89,89,837,837,0,188,188,894,894,0,0.002144388849177984,0.002144388849177984,887,887,0,-1,2,2,17,11,10,118,981
898,6,107,420,901,481,22,22,485,485,0,0.00013615167296368154,0.00013615167296368154,516,516,0,6,4,4,7,2,340,691,595
899,100,100,913,913,0,100,100,980,980,0,0.033833690731474866,0.033833690731474866,998,998,0,5,1,1,5,57,294,50,530
900,2,2,365,365,0,7,7,391,391,0,0.00010211375472276115,0.00010211375472276115,486,486,0,-1,5,5,4,2,304,690,863
901,269,475,966,985,19,220,220,963,963,0,0.004595118962524252,0.0051397256543789785,952,956,4,3,3,3,15,27,81,88,250
902,0,206,1,961,960,0,34,1,525,524,0.0,0.001157289220191293,1,821,820,3,-1,4,9,1,367,693,67
903,6,6,444,444,0,20,20,596,596,0,0.00017018959120460194,0.00017018959120460194,543,543,0,-1,4,4,4,2,740,223,709
904,18,224,598,953,355,68,68,578,578,0,0.00010211375472276115,0.00010211375472276115,487,487,0,3,4,4,14,4,198,625,762
905,100,100,878,878,0,100,100,896,896,0,0.017529527894074,0.017529527894074,991,991,0,-1,1,1,9,8,166,352,948
906,8,109,551,941,390,8,8,489,489,0,0.00013615167296368154,0.0002382654276864427,508,584,76,5,4,4,2,2,733,468,829
907,2,2,359,359,0,9,9,401,401,0,0.00010211375472276115,0.00010211375472276115,486,486,0,-1,5,5,5,1,604,879,833
908,12,114,669,963,294,10,10,567,567,0,0.00037441710065012424,0.0006126825283365669,667,747,80,4,4,4,3,5,922,165,167
909,9,215,581,978,397,7,8,470,472,2,3.4037918240920386e-05,0.0006807583648184077,418,759,341,3,4,4,2,3,643,572,184
910,6,108,493,950,457,12,12,625,625,0,0.0002382654276864427,0.0008169100377820892,600,781,181,4,4,4,2,1,960,474,195
911,14,630,561,996,435,28,42,551,677,126,0.00010211375472276115,0.0018720855032506212,468,873,405,2,4,3,6,3,514,378,288
912,2,2,364,364,0,7,7,397,397,0,0.0,0.0,1,1,0,-1,5,5,4,2,675,662,843
913,0,616,1,992,991,0,66,1,664,663,0.0,0.00176997174852786,1,873,872,2,-1,3,11,0,220,815,61
914,32,648,761,996,235,28,38,696,808,112,0.0006126825283365669,0.0034037918240920387,739,936,197,2,3,3,3,9,704,293,95
915,165,165,965,965,0,70,70,964,964,0,0.00439089145307873,0.00439089145307873,950,950,0,-1,3,3,5,32,727,26,824
916,81,287,873,976,103,46,46,731,731,0,0.0009870996289866913,0.002757071377514551,808,917,109,3,3,3,6,19,356,184,108
917,7,7,617,617,0,4,4,496,496,0,0.0002042275094455223,0.0002042275094455223,578,578,0,-1,5,5,2,5,872,314,813
918,26,26,748,748,0,28,28,722,722,0,0.00030634126416828345,0.00030634126416828345,633,633,0,-1,3,3,5,5,601,350,787
919,15,221,659,977,318,12,16,497,582,85,0.00010211375472276115,0.0017359338302869397,485,868,383,3,4,4,4,9,491,317,55
920,24,126,688,932,244,28,28,584,584,0,0.00030634126416828345,0.000442492937131965,623,684,61,4,4,4,6,7,556,115,231
921,6,6,407,407,0,54,54,574,574,0,0.00013615167296368154,0.00013615167296368154,515,515,0,-1,4,4,11,1,188,609,372
922,0,101,1,912,911,0,5,1,331,330,0.0,6.807583648184077e-05,1,444,443,5,-1,6,5,1,701,792,592
923,0,0,1,1,0,0,0,1,1,0,0.0,0.0,1,1,0,-1,-1,-1,3,0,862,367,744
924,0,102,1,918,917,0,6,1,375,374,0.0,6.807583648184077e-05,1,439,438,4,-1,5,4,0,832,988,22
925,16,118,688,956,268,12,12,625,625,0,0.00034037918240920387,0.0004765308553728854,649,695,46,4,4,4,2,6,960,379,4
926,0,206,1,974,973,0,12,1,471,470,0.0,0.0009190237925048504,1,791,790,3,-1,4,4,0,659,732,53
927,1,1,332,332,0,5,5,332,332,0,3.4037918240920386e-05,3.4037918240920386e-05,405,405,0,-1,6,6,5,2,456,656,918
928,58,58,884,884,0,22,22,820,820,0,0.0017018959120460194,0.0017018959120460194,880,880,0,-1,3,3,2,12,232,163,548
929,0,102,1,913,912,0,9,1,385,384,0.0,0.00017018959120460194,1,545,544,4,-1,5,6,0,522,201,391
930,0,101,1,944,943,0,2,1,331,330,0.0,0.0,1,1,0,5,-1,6,2,0,979,894,292
931,0,0,1,1,0,0,0,1,1,0,0.0,0.0,1,1,0,-1,-1,-1,4,0,532,967,751
932,0,206,1,976,975,0,8,1,488,487,0.0,0.000442492937131965,1,699,698,3,-1,4,2,0,934,974,346
933,91,91,908,908,0,38,38,861,861,0,0.002382654276864427,0.002382654276864427,907,907,0,-1,3,3,3,18,621,63,832
934,0,102,1,895,894,0,12,1,382,381,0.0,0.0,1,1,0,4,-1,5,8,0,334,349,409
935,14,14,649,649,0,16,16,578,578,0,0.0002723033459273631,0.0002723033459273631,613,613,0,-1,4,4,4,6,794,376,868
936,42,248,750,965,215,120,120,857,857,0,0.0007147962830593281,0.001157289220191293,753,815,62,3,2,2,11,3,188,541,336
937,6,1646,444,1000,556,12,64,451,905,454,0.0,0.026039007454304094,1,995,994,1,4,2,5,2,724,597,11
938,0,206,1,971,970,0,16,1,522,521,0.0,0.0015657442390823377,1,864,863,3,-1,4,4,0,815,905,44
939,0,0,1,1,0,0,0,1,1,0,0.0,0.0,1,1,0,-1,-1,-1,4,0,632,968,881
940,0,0,1,1,0,0,0,1,1,0,0.0,0.0,1,1,0,-1,-1,-1,11,0,261,991,864
941,0,616,1,989,988,0,108,1,707,706,0.0,0.003267640151128357,1,935,934,2,-1,3,16,0,26,669,88
942,76,282,859,977,118,62,62,789,789,0,0.0013615167296368155,0.0015317063208414173,834,852,18,3,3,3,7,13,171,261,350
943,21,637,641,994,353,32,46,518,627,109,3.4037918240920386e-05,0.0013955546478777359,400,839,439,2,4,3,8,6,218,486,163
944,18,18,679,679,0,28,28,699,699,0,0.0004765308553728854,0.0004765308553728854,704,704,0,-1,3,3,5,2,848,491,952
945,2,2,352,352,0,5,5,352,352,0,0.0,0.0,1,1,0,-1,5,5,4,2,503,292,483
946,308,410,981,987,6,76,76,895,895,0,0.006058749446883829,0.006058749446883829,965,965,0,4,3,3,6,55,281,21,425
947,3,105,458,949,491,5,6,412,438,26,0.00010211375472276115,0.0004765308553728854,498,712,214,4,5,5,3,3,718,441,246
948,0,0,1,1,0,0,0,1,1,0,0.0,0.0,1,1,0,-1,-1,-1,3,0,615,953,927
949,36,36,795,795,0,24,24,729,729,0,0.0007147962830593281,0.0007147962830593281,772,772,0,-1,3,3,3,9,620,245,324
950,0,101,1,924,923,0,4,1,331,330,0.0,0.0,1,1,0,6,-1,7,4,0,633,804,543
951,4,4,426,426,0,9,9,394,394,0,3.4037918240920386e-05,3.4037918240920386e-05,411,411,0,-1,5,5,5,3,406,761,664
952,0,102,1,932,931,0,6,1,424,423,0.0,0.0006467204465774873,1,750,749,4,-1,5,3,3,844,348,150
953,36,36,819,819,0,12,12,604,604,0,0.0009190237925048504,0.0009190237925048504,798,798,0,-1,4,4,2,12,943,159,522
954,2,2,359,359,0,10,10,421,421,0,3.4037918240920386e-05,3.4037918240920386e-05,399,399,0,-1,5,5,5,2,528,544,971
955,0,102,1,936,935,0,4,1,364,363,0.0,0.0,1,1,0,4,-1,5,3,0,676,978,555
956,2,2,406,406,0,3,3,425,425,0,3.4037918240920386e-05,3.4037918240920386e-05,408,408,0,-1,5,5,2,1,920,935,400
957,26,642,839,1000,161,12,22,755,915,160,0.0008509479560230097,0.024473263215221756,799,996,197,2,4,3,2,14,987,175,12
958,135,236,916,968,52,100,100,862,862,0,0.0018040096667687805,0.0018040096667687805,867,867,0,5,3,3,10,23,241,117,374
959,11,11,627,627,0,8,8,517,517,0,0.0002042275094455223,0.0002042275094455223,584,584,0,-1,4,4,2,9,771,341,897
960,53,259,836,975,139,30,30,702,702,0,0.0009190237925048504,0.00176997174852786,795,876,81,3,3,3,4,14,572,387,281
961,0,102,1,915,914,0,8,1,386,385,0.0,6.807583648184077e-05,1,453,452,4,-1,5,5,0,773,867,724
962,10,112,476,874,398,80,80,603,603,0,0.00013615167296368154,0.0004084550188910446,500,652,152,4,4,4,16,5,132,395,704
963,0,101,1,970,969,0,2,1,331,330,0.0,0.00010211375472276115,1,489,488,5,-1,6,2,0,920,993,602
964,0,102,1,892,891,0,8,1,356,355,0.0,0.0,1,1,0,4,-1,5,7,0,331,502,463
965,31,237,750,973,223,28,28,584,584,0,0.0006467204465774873,0.0007488342013002485,744,765,21,3,4,4,6,8,451,204,346
966,0,102,1,928,927,0,7,1,399,398,0.0,0.00010211375472276115,1,495,494,4,-1,5,4,1,462,428,245
967,148,354,931,981,50,84,84,863,863,0,0.002280540522141666,0.0032336022328874367,893,927,34,3,3,3,8,20,508,109,193
968,0,0,1,1,0,0,0,1,1,0,0.0,0.0,1,1,0,-1,-1,-1,9,0,262,855,915
969,0,0,1,1,0,0,0,1,1,0,0.0,0.0,1,1,0,-1,-1,-1,4,0,700,987,975
970,24,24,691,691,0,52,52,734,734,0,0.00017018959120460194,0.00017018959120460194,545,545,0,-1,3,3,7,4,637,545,967
971,0,616,1,994,993,0,23,1,517,516,0.0,0.0007488342013002485,1,756,755,2,-1,3,6,0,473,832,714
972,0,206,1,962,961,0,18,1,464,463,0.0,0.0005446066918547262,1,709,708,3,-1,4,7,1,207,685,193
973,33,134,830,961,131,12,12,653,653,0,0.0007147962830593281,0.0007488342013002485,765,769,4,5,4,4,2,13,975,120,680
974,0,0,1,1,0,0,0,1,1,0,0.0,0.0,1,1,0,-1,-1,-1,5,2,677,775,820
975,0,0,1,1,0,0,0,1,1,0,0.0,0.0,1,1,0,-1,-1,-1,21,0,3,825,886
976,0,206,1,947,946,0,36,1,443,442,0.0,0.0005786446100956465,1,726,725,3,-1,4,15,1,95,779,396
977,0,102,1,954,953,0,4,1,381,380,0.0,3.4037918240920386e-05,1,399,398,4,-1,5,3,0,875,372,362
978,1,1,332,332,0,5,5,332,332,0,0.0,0.0,1,1,0,-1,8,8,5,2,571,448,863
979,0,206,1,957,956,0,24,1,506,505,0.0,0.0008169100377820892,1,779,778,3,-1,4,6,0,378,674,269
980,44,44,842,842,0,24,24,796,796,0,0.00088498587426393,0.00088498587426393,792,792,0,-1,3,3,3,9,845,414,934
981,0,102,1,913,912,0,11,1,408,407,0.0,0.0004084550188910446,1,673,672,4,-1,5,6,0,664,984,351
982,4,106,500,962,462,4,4,439,439,0,0.0004084550188910446,0.0009530617107457708,695,814,119,4,5,5,2,2,997,475,405
983,27,643,689,993,304,64,74,751,801,50,0.0002042275094455223,0.002995336805200994,564,924,360,2,3,3,8,6,197,199,69
984,0,102,1,912,911,0,8,1,399,398,0.0,0.00034037918240920387,1,648,647,4,-1,5,4,0,622,844,165
985,15,221,628,976,348,26,30,603,680,77,0.000442492937131965,0.0018040096667687805,700,871,171,3,4,4,5,5,616,454,42
986,0,206,1,950,949,0,49,1,516,515,0.0,0.0007828721195411688,1,761,760,3,-1,4,13,0,228,760,216
987,34,34,751,751,0,36,36,701,701,0,0.00013615167296368154,0.00013615167296368154,517,517,0,-1,3,3,5,4,377,259,533
988,0,0,1,1,0,0,0,1,1,0,0.0,0.0,1,1,0,-1,-1,-1,14,0,122,967,669
989,6,107,462,929,467,13,13,482,482,0,0.00010211375472276115,0.0002382654276864427,489,599,110,5,4,4,5,1,376,531,319
990,6,212,427,968,541,12,12,543,543,0,0.00010211375472276115,0.0015657442390823377,497,859,362,3,4,4,2,1,769,452,158
991,6,6,399,399,0,19,19,411,411,0,0.0,0.0,1,1,0,-1,4,4,9,2,327,662,835
992,30,646,691,993,302,50,60,625,699,74,0.00037441710065012424,0.001055175465468532,649,817,168,2,3,3,8,9,370,341,167
993,11,112,598,945,347,10,10,489,489,0,0.00017018959120460194,0.0002042275094455223,561,582,21,5,4,4,3,7,756,427,687
994,47,149,876,972,96,44,44,965,965,0,0.009054086252084823,0.009156200006807584,980,980,0,4,2,2,3,8,850,417,361
995,0,616,1,994,993,0,48,1,692,691,0.0,0.005446066918547262,1,961,960,2,-1,3,7,0,329,349,6
996,45,45,827,827,0,24,24,626,626,0,0.0007147962830593281,0.0007147962830593281,768,768,0,-1,4,4,4,12,445,159,782
997,39,39,687,687,0,142,142,745,745,0,0.0004084550188910446,0.0004084550188910446,656,656,0,-1,3,3,19,5,83,591,942
998,71,277,889,983,94,22,22,760,760,0,0.0014636304843595766,0.0032336022328874367,859,926,67,3,3,3,2,16,643,113,44
999,22,228,611,952,341,64,68,592,620,28,0.0002382654276864427,0.0004765308553728854,585,696,111,3,4,4,12,6,52,376,178
