,FreeNet_pre_score,FreeNet_post_score,FreeNet_pre_rank,FreeNet_post_rank,FreeNet_delta_ranks,Reversed_pre_score,Reversed_post_score,Reversed_pre_rank,Reversed_post_rank,Reversed_delta_ranks,Random_pre_score,Random_post_score,Random_pre_rank,Random_post_rank,Random_delta_ranks,dist_victim_relayer,dist_victim_vilain_pre,dist_victim_vilain_post,out_deg_victim,in_deg_villain,victim,villain,relayer
0,38,654,779,995,216,44,44,832,832,0,0.0012594029749140542,0.003267640151128357,834,932,98,2,3,3,4,4,614,326,90
1,0,102,1,914,913,0,4,1,380,379,0.0,0.0004084550188910446,1,665,664,4,-1,5,2,0,769,423,333
2,106,312,877,975,98,138,138,858,858,0,0.002212464685659825,0.002757071377514551,895,920,25,3,3,3,13,14,92,84,195
3,8,110,471,888,417,35,35,408,408,0,6.807583648184077e-05,0.00013615167296368154,441,508,67,4,4,4,17,3,56,585,464
4,6,6,369,369,0,34,34,373,373,0,6.807583648184077e-05,6.807583648184077e-05,439,439,0,-1,4,4,23,1,4,402,502
5,24,126,776,964,188,12,12,668,668,0,0.0005786446100956465,0.0006807583648184077,725,751,26,4,4,4,2,6,618,275,380
6,20,220,693,977,284,24,24,646,646,0,0.0007828721195411688,0.002552843868069029,771,911,140,3,4,4,4,5,397,338,73
7,284,284,973,973,0,104,104,979,979,0,0.005922597773920147,0.005922597773920147,965,965,0,-1,2,2,5,35,496,57,846
8,2,2,346,346,0,18,18,365,365,0,0.0,0.0,1,1,0,-1,5,5,14,1,85,781,792
9,6,108,468,935,467,18,18,545,545,0,0.00017018959120460194,0.0002042275094455223,540,569,29,4,4,4,5,2,580,691,210
10,22,638,583,990,407,67,106,492,628,136,0.0002382654276864427,0.0015317063208414173,576,852,276,2,3,3,21,2,25,244,49
11,12,114,541,906,365,28,28,502,502,0,0.00030634126416828345,0.0005446066918547262,624,713,89,4,4,4,8,2,443,584,379
12,9,215,652,989,337,8,12,638,824,186,0.0015317063208414173,0.004493005207801491,869,957,88,3,4,4,2,3,933,596,41
13,50,50,882,882,0,18,18,844,844,0,0.0018040096667687805,0.0018040096667687805,883,883,0,-1,3,3,2,18,715,171,867
14,0,616,1,996,995,0,46,1,692,691,0.0,0.002280540522141666,1,899,898,2,-1,3,6,0,368,777,63
15,2,2,364,364,0,8,8,376,376,0,0.0,0.0,1,1,0,-1,5,5,6,2,594,885,959
16,6,108,405,901,496,16,19,374,397,23,6.807583648184077e-05,0.0002723033459273631,441,613,172,4,4,4,11,2,176,448,279
17,10,216,501,948,447,28,32,430,449,19,0.00017018959120460194,0.0004765308553728854,557,689,132,3,4,4,12,4,44,332,501
18,16,222,549,956,407,62,62,641,641,0,0.00017018959120460194,0.0006126825283365669,540,733,193,3,3,3,10,1,128,681,336
19,0,102,1,944,943,0,3,1,369,368,0.0,0.0002723033459273631,1,634,633,4,-1,5,2,0,947,911,422
20,0,101,1,927,926,0,3,1,332,331,0.0,0.0,1,1,0,5,-1,6,3,0,288,800,575
21,16,222,496,941,445,170,170,798,798,0,0.0007828721195411688,0.0012594029749140542,764,830,66,3,3,3,19,1,11,439,246
22,0,1640,1,1000,999,0,72,1,887,886,0.0,0.01858470335954253,1,992,991,1,-1,2,6,0,630,967,33
23,2,618,360,997,637,7,26,405,743,338,0.0,0.003710133088260322,1,934,933,2,5,3,4,1,461,879,57
24,0,0,1,1,0,0,0,1,1,0,0.0,0.0,1,1,0,-1,-1,-1,2,0,981,838,961
25,0,0,1,1,0,0,0,1,1,0,0.0,0.0,1,1,0,-1,-1,-1,3,0,826,643,815
26,0,206,1,967,966,0,16,1,487,486,0.0,0.0007488342013002485,1,771,770,3,-1,4,4,0,385,732,172
27,15,116,615,930,315,30,30,674,674,0,0.00030634126416828345,0.00030634126416828345,647,647,0,7,4,4,5,6,363,379,448
28,105,207,917,968,51,44,44,841,841,0,0.0022465026039007454,0.002552843868069029,895,911,16,4,3,3,4,19,694,91,389
29,18,18,645,645,0,26,26,628,628,0,0.0002723033459273631,0.0002723033459273631,616,616,0,-1,4,4,5,6,669,683,812
30,5,5,512,512,0,4,4,447,447,0,0.00037441710065012424,0.00037441710065012424,690,690,0,-1,5,5,2,4,914,479,515
31,6,107,426,910,484,22,22,554,554,0,0.0002382654276864427,0.0002382654276864427,580,580,0,5,4,4,5,2,173,785,225
32,6,6,388,388,0,72,72,599,599,0,0.00034037918240920387,0.00034037918240920387,637,637,0,-1,4,4,14,1,181,891,754
33,4,4,417,417,0,8,8,403,403,0,0.00013615167296368154,0.00013615167296368154,514,514,0,-1,5,5,4,5,638,401,963
34,2,104,357,903,546,7,7,394,394,0,3.4037918240920386e-05,0.00013615167296368154,403,515,112,4,5,5,4,2,547,615,719
35,0,206,1,947,946,0,36,1,431,430,0.0,0.0002042275094455223,1,555,554,3,-1,4,15,0,45,954,115
36,16,16,592,592,0,38,38,678,678,0,0.00013615167296368154,0.00013615167296368154,516,516,0,-1,3,3,6,1,498,609,801
37,27,233,669,956,287,78,78,672,672,0,0.0005105687736138058,0.0007828721195411688,696,756,60,3,3,3,12,6,143,467,165
38,10,111,550,921,371,14,14,473,473,0,0.00013615167296368154,0.00013615167296368154,525,525,0,6,4,4,5,3,338,677,460
39,8,110,502,904,402,24,24,476,476,0,0.00010211375472276115,0.0002723033459273631,476,607,131,4,4,4,8,2,380,749,435
40,2,104,358,921,563,7,7,396,396,0,3.4037918240920386e-05,0.00017018959120460194,405,546,141,4,5,5,4,1,504,592,107
41,0,0,1,1,0,0,0,1,1,0,0.0,0.0,1,1,0,-1,-1,-1,4,0,493,975,864
42,46,148,747,915,168,138,138,786,786,0,0.0006467204465774873,0.0008509479560230097,735,769,34,4,3,3,17,6,112,192,562
43,2,104,362,936,574,4,4,394,394,0,6.807583648184077e-05,0.00013615167296368154,462,524,62,4,5,5,2,1,429,555,807
44,183,183,954,954,0,54,54,883,883,0,0.002927260968719153,0.002927260968719153,917,917,0,-1,3,3,4,30,300,65,539
45,1,1,333,333,0,8,8,333,333,0,0.0,0.0,1,1,0,-1,6,6,8,1,257,736,513
46,0,616,1,993,992,0,38,1,638,637,0.0,0.0019741992579733825,1,893,892,2,-1,3,6,0,312,675,39
47,20,226,632,957,325,44,44,560,560,0,0.00017018959120460194,0.0002723033459273631,534,603,69,3,4,4,10,8,82,477,628
48,105,105,934,934,0,58,58,960,960,0,0.002927260968719153,0.002927260968719153,918,918,0,-1,2,2,4,20,607,71,901
49,2,2,352,352,0,17,17,356,356,0,3.4037918240920386e-05,3.4037918240920386e-05,411,411,0,-1,5,5,15,1,40,437,927
50,28,28,673,673,0,80,80,693,693,0,0.0005446066918547262,0.0005446066918547262,718,718,0,-1,3,3,10,5,285,306,205
51,1,103,331,974,643,2,3,331,436,105,3.4037918240920386e-05,0.0009530617107457708,412,822,410,4,6,5,2,1,978,592,84
52,118,734,902,994,92,140,140,936,936,0,0.003199564314646516,0.004833384390210695,922,954,32,2,2,2,10,10,310,227,171
53,100,100,860,860,0,100,100,760,760,0,0.01143674052894925,0.011845195547840293,983,983,0,3,1,1,13,2,120,244,303
54,0,0,1,1,0,0,0,1,1,0,0.0,0.0,1,1,0,-1,-1,-1,4,0,759,330,456
55,15,116,637,944,307,18,18,545,545,0,0.00034037918240920387,0.0004084550188910446,635,661,26,5,4,4,5,5,580,562,419
56,497,599,994,998,4,78,78,969,969,0,0.012866333095067906,0.013070560604513427,989,989,0,4,2,2,4,85,641,0,417
57,2,208,357,959,602,12,18,378,426,48,0.0,0.0002382654276864427,1,607,606,3,5,4,8,1,186,687,508
58,16,222,619,971,352,36,36,746,746,0,6.807583648184077e-05,0.002212464685659825,459,903,444,3,3,3,5,1,519,689,85
59,6,108,467,932,465,11,12,483,501,18,0.00010211375472276115,0.0002042275094455223,484,567,83,4,4,4,4,1,891,527,510
60,20,122,701,940,239,24,24,681,681,0,0.0005105687736138058,0.0007828721195411688,716,774,58,4,4,4,4,6,617,377,241
61,22,22,566,566,0,136,136,593,593,0,0.00017018959120460194,0.00017018959120460194,538,538,0,-1,3,3,30,2,7,425,865
62,70,70,903,903,0,22,22,805,805,0,0.0014295925661186562,0.0014295925661186562,862,862,0,-1,3,3,2,18,939,82,228
63,2,2,367,367,0,8,8,418,418,0,0.0,0.0,1,1,0,-1,5,5,4,1,397,592,880
64,0,102,1,912,911,0,8,1,391,390,0.0,0.00010211375472276115,1,484,483,4,-1,5,5,0,524,954,809
65,0,206,1,954,953,0,34,1,531,530,0.0,0.002110350930937064,1,883,882,3,-1,4,9,0,178,898,112
66,0,102,1,945,944,0,3,1,380,379,0.0,0.00017018959120460194,1,552,551,4,-1,5,2,0,998,982,168
67,19,121,675,935,260,30,30,685,685,0,0.0002382654276864427,0.0002723033459273631,595,620,25,4,4,4,5,7,644,371,325
68,7,109,526,932,406,10,10,470,470,0,3.4037918240920386e-05,0.00013615167296368154,407,523,116,4,4,4,3,2,484,566,310
69,22,228,623,959,336,72,72,693,693,0,0.00034037918240920387,0.0011232513019503727,635,802,167,3,3,3,11,2,163,634,175
70,40,246,736,962,226,94,94,821,821,0,0.001157289220191293,0.0013615167296368155,818,835,17,3,3,3,9,8,351,174,202
71,243,243,954,954,0,310,310,977,977,0,0.004663194799006093,0.004663194799006093,949,949,0,-1,2,2,19,17,148,180,975
72,0,206,1,969,968,0,11,1,448,447,0.0,0.00037441710065012424,1,666,665,3,-1,4,5,0,478,889,586
73,369,2009,980,1000,20,152,176,985,994,9,0.009598692943939549,0.020865243881684196,979,997,18,1,2,2,8,59,325,6,148
74,0,0,1,1,0,0,0,1,1,0,0.0,0.0,1,1,0,-1,-1,-1,17,2,6,462,735
75,30,646,788,998,210,38,38,847,847,0,0.0012594029749140542,0.0035739814152966403,840,937,97,2,3,3,3,4,592,185,47
76,144,144,935,935,0,122,122,954,954,0,0.002995336805200994,0.002995336805200994,926,926,0,-1,2,2,8,20,350,49,822
77,0,0,1,1,0,0,0,1,1,0,0.0,0.0,1,1,0,-1,-1,-1,3,0,600,937,715
78,0,0,1,1,0,0,0,1,1,0,0.0,0.0,1,1,0,-1,-1,-1,2,0,749,372,400
79,10,10,612,612,0,12,12,530,530,0,0.00010211375472276115,0.00010211375472276115,488,488,0,-1,4,4,4,5,738,241,713
80,1,103,333,949,616,2,3,333,385,52,0.0,0.00030634126416828345,1,655,654,4,6,5,2,3,781,578,22
81,22,22,699,699,0,40,40,858,858,0,0.0012253650566731338,0.0012253650566731338,824,824,0,-1,3,3,4,4,655,143,973
82,72,278,876,978,102,44,44,839,839,0,0.0017018959120460194,0.003267640151128357,872,928,56,3,3,3,4,13,623,261,73
83,12,113,659,957,298,14,14,615,615,0,0.00030634126416828345,0.00037441710065012424,647,673,26,5,4,4,3,6,798,199,449
84,6,6,459,459,0,24,24,647,647,0,0.0002382654276864427,0.0002382654276864427,606,606,0,-1,4,4,4,2,495,223,668
85,0,206,1,970,969,0,11,1,455,454,0.0,0.0002042275094455223,1,566,565,3,-1,4,5,0,452,968,741
86,108,314,926,982,56,44,44,848,848,0,0.002825147213996392,0.0030293747234419145,923,927,4,3,3,3,4,22,753,203,134
87,0,206,1,956,955,0,23,1,425,424,0.0,0.0002723033459273631,1,621,620,3,-1,4,11,0,379,811,616
88,24,230,661,966,305,44,52,558,602,44,0.00034037918240920387,0.004731270635487933,627,952,325,3,4,4,10,9,259,191,12
89,0,0,1,1,0,0,0,1,1,0,0.0,0.0,1,1,0,-1,-1,-1,4,0,410,517,668
90,14,14,587,587,0,26,26,582,582,0,0.0002382654276864427,0.0002382654276864427,586,586,0,-1,4,4,5,6,531,447,996
91,1,617,331,1000,669,3,20,331,822,491,0.0,0.006058749446883829,1,965,964,2,9,3,3,1,790,647,38
92,6,107,484,938,454,14,14,589,589,0,0.00010211375472276115,0.00010211375472276115,491,491,0,5,4,4,3,2,433,492,592
93,139,345,928,978,50,88,88,869,869,0,0.0019061234214915416,0.0022465026039007454,875,896,21,3,3,3,8,22,142,203,246
94,90,706,901,998,97,44,54,840,894,54,0.00176997174852786,0.006433166547533953,875,969,94,2,3,3,4,27,832,304,5
95,0,206,1,981,980,0,8,1,521,520,0.0,0.0004765308553728854,1,717,716,3,-1,4,2,0,957,980,103
96,50,50,862,862,0,18,18,672,672,0,0.0008509479560230097,0.0008509479560230097,791,791,0,-1,4,4,3,12,863,172,349
97,0,0,1,1,0,0,0,1,1,0,0.0,0.0,1,1,0,-1,-1,-1,8,0,358,569,753
98,221,322,972,984,12,102,102,988,988,0,0.007590455767725246,0.007692569522448007,979,979,0,5,2,2,4,27,762,88,607
99,0,101,1,925,924,0,4,1,331,330,0.0,0.0,1,1,0,5,-1,6,4,0,424,936,419
100,12,114,570,922,352,24,24,638,638,0,0.001157289220191293,0.001157289220191293,836,836,0,4,4,4,4,3,694,559,231
101,86,702,843,992,149,154,164,875,900,25,0.002586881786309949,0.004288777698355968,906,947,41,2,3,3,14,12,332,104,79
102,0,0,1,1,0,0,0,1,1,0,0.0,0.0,1,1,0,-1,-1,-1,2,0,997,989,793
103,2,2,430,430,0,4,4,546,546,0,0.0002042275094455223,0.0002042275094455223,600,600,0,-1,5,5,2,1,952,711,456
104,0,102,1,914,913,0,7,1,375,374,0.0,0.0002042275094455223,1,566,565,4,-1,5,5,0,290,843,191
105,0,206,1,960,959,0,27,1,518,517,0.0,0.001599782157323258,1,859,858,3,-1,4,8,0,521,324,65
106,2,104,392,964,572,4,4,452,452,0,3.4037918240920386e-05,0.0013274788113958951,411,849,438,4,5,5,2,1,810,799,141
107,2,104,352,899,547,9,11,352,375,23,3.4037918240920386e-05,6.807583648184077e-05,403,453,50,4,5,5,8,2,142,357,241
108,30,131,833,971,138,28,28,924,924,0,0.0007828721195411688,0.0007828721195411688,769,769,0,5,3,3,3,4,852,328,829
109,6,107,462,933,471,8,8,473,473,0,6.807583648184077e-05,0.00010211375472276115,438,480,42,5,4,4,2,1,828,360,690
110,0,206,1,965,964,0,18,1,456,455,0.0,0.001599782157323258,1,850,849,3,-1,4,7,0,141,863,158
111,0,616,1,992,991,0,76,1,636,635,0.0,0.0021784267674189047,1,885,884,2,-1,3,15,0,110,918,141
112,0,0,1,1,0,0,0,1,1,0,0.0,0.0,1,1,0,-1,-1,-1,9,0,178,715,843
113,0,102,1,914,913,0,9,1,401,400,0.0,0.000442492937131965,1,694,693,4,-1,5,5,0,290,911,266
114,12,113,638,948,310,12,12,608,608,0,0.00013615167296368154,0.00017018959120460194,518,543,25,5,4,4,2,5,713,528,935
115,76,282,915,988,73,12,12,634,634,0,0.003267640151128357,0.006262976956329351,939,969,30,3,4,4,2,26,681,112,25
116,16,118,563,904,341,29,29,502,502,0,6.807583648184077e-05,0.00013615167296368154,440,507,67,4,3,3,8,1,303,607,893
117,6,212,397,958,561,29,34,472,506,34,3.4037918240920386e-05,0.0005786446100956465,397,706,309,3,4,4,9,2,276,419,366
118,6,212,418,965,547,19,21,482,488,6,6.807583648184077e-05,0.00030634126416828345,432,637,205,3,4,4,7,1,207,618,610
119,0,0,1,1,0,0,0,1,1,0,0.0,0.0,1,1,0,-1,-1,-1,7,2,466,271,919
120,2,2,370,370,0,4,4,371,371,0,0.00010211375472276115,0.00010211375472276115,479,479,0,-1,5,5,3,2,670,615,478
121,35,35,759,759,0,42,42,660,660,0,0.0005786446100956465,0.0005786446100956465,728,728,0,-1,4,4,7,10,320,296,787
122,6,212,403,953,550,28,32,469,489,20,0.00010211375472276115,0.00030634126416828345,481,618,137,3,4,4,10,1,256,935,648
123,12,218,508,950,442,48,48,561,561,0,0.00037441710065012424,0.0004765308553728854,650,682,32,3,4,4,10,3,240,795,873
124,57,57,859,859,0,54,54,918,918,0,0.001940161339732462,0.001940161339732462,882,882,0,-1,3,3,4,13,891,255,766
125,16,118,650,935,285,30,30,769,769,0,0.00017018959120460194,0.00030634126416828345,538,632,94,4,3,3,4,1,787,655,290
126,0,0,1,1,0,0,0,1,1,0,0.0,0.0,1,1,0,-1,-1,-1,2,0,970,769,948
127,0,0,1,1,0,0,0,1,1,0,0.0,0.0,1,1,0,-1,-1,-1,3,0,800,624,428
128,0,0,1,1,0,0,0,1,1,0,0.0,0.0,1,1,0,-1,-1,-1,2,1,954,583,838
129,22,124,698,939,241,16,16,492,492,0,0.0004084550188910446,0.0005446066918547262,684,726,42,4,4,4,4,13,445,256,682
130,6,212,400,953,553,24,42,418,515,97,6.807583648184077e-05,0.0007828721195411688,439,749,310,3,4,4,11,2,163,575,195
131,164,164,975,975,0,18,18,756,756,0,0.005377991082065421,0.005377991082065421,965,965,0,-1,4,4,3,49,911,31,587
132,91,91,843,843,0,146,146,806,806,0,0.0013615167296368155,0.0013615167296368155,837,837,0,-1,3,3,16,12,117,99,569
133,0,102,1,966,965,0,3,1,401,400,0.0,0.00010211375472276115,1,481,480,4,-1,5,2,0,968,429,252
134,0,206,1,951,950,0,24,1,405,404,0.0,0.00017018959120460194,1,541,540,3,-1,4,12,0,252,939,378
135,51,153,835,946,111,40,40,821,821,0,0.0012253650566731338,0.0012594029749140542,839,843,4,4,3,3,4,8,717,352,313
136,0,102,1,925,924,0,10,1,431,430,0.0,0.00030634126416828345,1,637,636,4,-1,5,5,0,533,922,216
137,24,24,636,636,0,112,112,785,785,0,0.0009870996289866913,0.0009870996289866913,803,803,0,-1,3,3,12,3,239,438,983
138,58,58,851,851,0,50,50,865,865,0,0.0008509479560230097,0.0008509479560230097,794,794,0,-1,3,3,5,6,412,658,433
139,0,616,1,992,991,0,70,1,714,713,0.0,0.003642057251778481,1,936,935,2,-1,3,11,0,379,967,48
140,0,102,1,935,934,0,3,1,367,366,0.0,6.807583648184077e-05,1,439,438,4,-1,5,2,0,733,978,156
141,15,116,681,948,267,18,18,711,711,0,0.0007488342013002485,0.0007488342013002485,770,770,0,6,4,4,3,4,693,267,331
142,36,36,839,839,0,12,12,654,654,0,0.0009190237925048504,0.0009190237925048504,814,814,0,-1,4,4,2,17,964,226,723
143,52,153,836,954,118,30,30,685,685,0,0.0019741992579733825,0.0020082371762143027,882,883,1,5,4,4,5,13,644,261,313
144,6,107,555,971,416,7,7,600,600,0,6.807583648184077e-05,0.00017018959120460194,449,543,94,5,4,4,2,2,959,419,370
145,2,104,370,931,561,3,4,370,397,27,3.4037918240920386e-05,0.00030634126416828345,411,647,236,4,5,5,2,2,925,842,536
146,1099,1099,1000,1000,0,248,248,1000,1000,0,0.024234997787535316,0.024234997787535316,995,995,0,-1,2,2,8,157,297,2,641
147,0,102,1,947,946,0,4,1,416,415,0.0,0.0005786446100956465,1,725,724,4,-1,5,2,0,999,868,399
148,258,359,982,989,7,28,28,800,800,0,0.006637394056979475,0.006637394056979475,969,969,0,5,3,3,3,69,912,12,484
149,44,660,728,992,264,118,132,710,752,42,0.0009190237925048504,0.0020763130126961434,786,886,100,2,3,3,18,4,111,333,387
150,631,837,989,996,7,168,168,974,974,0,0.012525953912658701,0.012662105585622384,982,982,0,3,2,2,9,83,269,10,385
151,142,348,953,991,38,48,48,907,907,0,0.004493005207801491,0.004901460226692535,957,958,1,3,3,3,3,27,651,25,182
152,22,228,717,974,257,22,26,616,652,36,0.0005105687736138058,0.0008509479560230097,709,799,90,3,4,4,5,5,376,418,283
153,0,102,1,926,925,0,10,1,447,446,0.0,0.0006467204465774873,1,746,745,4,-1,5,5,0,843,875,190
154,1,1,333,333,0,16,16,333,333,0,0.0,0.0,1,1,0,-1,6,6,16,1,42,861,912
155,0,102,1,893,892,0,12,1,358,357,0.0,3.4037918240920386e-05,1,411,410,4,-1,5,10,0,161,929,558
156,37,37,844,844,0,12,12,682,682,0,0.0012594029749140542,0.0012594029749140542,845,845,0,-1,4,4,2,17,715,226,754
157,32,134,796,956,160,24,24,759,759,0,0.0004084550188910446,0.0012934408931549745,681,847,166,4,3,3,3,8,710,286,130
158,249,351,961,977,16,196,196,957,957,0,0.003608019333537561,0.003608019333537561,936,936,0,4,2,2,12,28,175,98,577
159,20,122,693,938,245,18,18,637,637,0,0.00030634126416828345,0.0006467204465774873,621,744,123,4,4,4,3,4,577,210,382
160,28,28,752,752,0,16,16,517,517,0,0.0004084550188910446,0.0004084550188910446,680,680,0,-1,4,4,4,9,652,191,947
161,8,214,573,980,407,14,14,608,608,0,0.00013615167296368154,0.0012253650566731338,519,837,318,3,4,4,3,4,902,270,171
162,0,206,1,964,963,0,24,1,638,637,0.0,0.00445896728956057,1,950,949,3,-1,4,4,0,391,921,12
163,14,116,676,946,270,12,12,631,631,0,0.00030634126416828345,0.0005786446100956465,644,739,95,4,4,4,2,6,776,494,591
164,8,8,516,516,0,20,20,508,508,0,6.807583648184077e-05,6.807583648184077e-05,456,456,0,-1,4,4,6,3,267,441,822
165,50,152,769,912,143,134,134,774,774,0,0.0006467204465774873,0.0007488342013002485,736,759,23,4,3,3,17,7,24,253,409
166,7,213,504,963,459,22,26,496,534,38,6.807583648184077e-05,0.0004084550188910446,443,676,233,3,4,4,7,2,214,599,461
167,16,16,630,630,0,20,20,591,591,0,0.00010211375472276115,0.00010211375472276115,493,493,0,-1,4,4,4,9,566,341,874
168,0,616,1,990,989,0,40,1,483,482,0.0,0.0010892133837094523,1,809,808,2,-1,3,13,0,185,793,170
169,2,618,355,992,637,13,50,386,644,258,3.4037918240920386e-05,0.005071649817897137,405,952,547,2,5,3,8,1,358,879,70
170,1,103,333,930,597,3,4,333,371,38,0.0,6.807583648184077e-05,1,453,452,4,6,5,3,2,935,656,477
171,6,6,396,396,0,53,53,472,472,0,3.4037918240920386e-05,3.4037918240920386e-05,397,397,0,-1,4,4,17,2,112,714,707
172,0,102,1,922,921,0,5,1,382,381,0.0,0.0002723033459273631,1,600,599,4,-1,5,3,1,577,792,486
173,24,125,799,969,170,12,12,725,725,0,0.001157289220191293,0.001157289220191293,832,832,0,6,4,4,2,14,890,190,763
174,74,74,853,853,0,98,98,896,896,0,0.0014295925661186562,0.0014295925661186562,852,852,0,-1,3,3,8,13,260,255,574
175,0,102,1,913,912,0,6,1,362,361,0.0,0.0,1,1,0,4,-1,5,5,0,476,938,618
176,0,101,1,893,892,0,7,1,332,331,0.0,6.807583648184077e-05,1,454,453,5,-1,6,7,0,714,773,615
177,8,214,523,970,447,18,18,592,592,0,0.00030634126416828345,0.0014295925661186562,639,860,221,3,4,4,3,2,737,770,397
178,18,120,705,949,244,12,12,606,606,0,0.00034037918240920387,0.0009530617107457708,641,807,166,4,4,4,2,7,970,303,97
179,0,206,1,959,958,0,24,1,449,448,0.0,0.000442492937131965,1,687,686,3,-1,4,8,0,244,511,145
180,75,177,862,952,90,68,68,780,780,0,0.0020763130126961434,0.0020763130126961434,890,890,0,4,3,3,8,18,223,63,392
181,0,0,1,1,0,0,0,1,1,0,0.0,0.0,1,1,0,-1,-1,-1,3,0,918,729,940
182,114,714,911,998,87,68,68,931,931,0,0.0024507301133462676,0.003199564314646516,902,922,20,2,2,2,4,20,300,189,165
183,6,6,392,392,0,17,17,387,387,0,0.0,0.0,1,1,0,-1,4,4,10,1,272,924,713
184,6,6,416,416,0,18,18,443,443,0,6.807583648184077e-05,6.807583648184077e-05,451,451,0,-1,4,4,7,2,118,654,852
185,0,206,1,977,976,0,9,1,497,496,0.0,0.0002723033459273631,1,619,618,3,-1,4,3,0,770,803,318
186,196,402,960,986,26,86,86,923,923,0,0.004050512270669526,0.004765308553728854,945,955,10,3,3,3,6,31,489,76,264
187,2,208,351,959,608,11,30,383,543,160,0.0,0.0006126825283365669,1,742,741,3,5,4,7,1,320,734,389
188,32,238,734,968,234,64,64,769,769,0,0.0007488342013002485,0.0009870996289866913,754,798,44,3,3,3,8,7,325,170,519
189,30,132,724,929,205,48,48,666,666,0,0.00030634126416828345,0.0004084550188910446,631,666,35,4,3,3,9,4,278,259,681
190,2,2,366,366,0,6,6,393,393,0,3.4037918240920386e-05,3.4037918240920386e-05,392,392,0,-1,5,5,4,1,648,879,768
191,0,101,1,912,911,0,5,1,331,330,0.0,0.0,1,1,0,6,-1,7,5,0,701,886,924
192,34,34,784,784,0,34,34,737,737,0,0.0009190237925048504,0.0009190237925048504,806,806,0,-1,3,3,4,7,566,399,271
193,24,24,715,715,0,32,32,718,718,0,0.00034037918240920387,0.00034037918240920387,658,658,0,-1,3,3,5,4,363,622,962
194,178,278,966,980,14,52,52,959,959,0,0.008101024541339052,0.008645631233193778,975,979,4,4,2,2,3,38,923,111,97
195,0,101,1,952,951,0,2,1,331,330,0.0,0.00010211375472276115,1,492,491,5,-1,6,2,0,792,725,485
196,8,8,462,462,0,40,40,450,450,0,3.4037918240920386e-05,3.4037918240920386e-05,401,401,0,-1,4,4,14,2,203,599,821
197,16,632,522,992,470,54,78,526,623,97,0.0002042275094455223,0.0035739814152966403,549,934,385,2,3,3,14,2,268,691,77
198,0,102,1,948,947,0,6,1,455,454,0.0,0.0002042275094455223,1,589,588,4,-1,5,3,0,608,758,233
199,18,18,702,702,0,16,16,575,575,0,0.00030634126416828345,0.00030634126416828345,629,629,0,-1,4,4,4,6,553,376,848
200,0,0,1,1,0,0,0,1,1,0,0.0,0.0,1,1,0,-1,-1,-1,7,0,214,716,834
201,8,8,534,534,0,18,18,551,551,0,0.00034037918240920387,0.00034037918240920387,652,652,0,-1,4,4,5,3,908,505,789
202,272,888,966,996,30,244,244,927,927,0,0.0040845501889104465,0.005173763572619898,937,956,19,2,3,3,19,30,148,75,143
203,6,108,498,953,455,10,10,532,532,0,6.807583648184077e-05,0.00010211375472276115,454,488,34,4,4,4,3,2,854,492,394
204,0,102,1,908,907,0,11,1,400,399,0.0,0.00030634126416828345,1,630,629,4,-1,5,6,0,518,824,417
205,0,206,1,972,971,0,10,1,449,448,0.0,0.0002723033459273631,1,617,616,3,-1,4,4,3,558,746,386
206,0,102,1,937,936,0,3,1,379,378,0.0,0.00010211375472276115,1,488,487,4,-1,5,2,0,723,611,869
207,0,102,1,950,949,0,6,1,446,445,0.0,0.0002382654276864427,1,602,601,4,-1,5,3,0,707,989,338
208,0,101,1,941,940,0,2,1,328,327,0.0,3.4037918240920386e-05,1,405,404,5,-1,6,2,0,874,514,279
209,0,101,1,953,952,0,3,1,330,329,0.0,3.4037918240920386e-05,1,399,398,5,-1,6,3,0,875,758,842
210,12,113,563,919,356,44,44,646,646,0,0.00030634126416828345,0.00030634126416828345,623,623,0,5,4,4,8,2,286,465,623
211,2,2,347,347,0,16,16,357,357,0,0.0,0.0,1,1,0,-1,5,5,14,2,121,721,802
212,6,622,414,997,583,15,44,387,602,215,3.4037918240920386e-05,0.002484768031587188,400,901,501,2,4,3,9,2,394,292,128
213,120,222,898,955,57,116,116,832,832,0,0.0018720855032506212,0.0018720855032506212,881,881,0,4,3,3,11,17,227,269,156
214,0,102,1,909,908,0,7,1,389,388,0.0,0.00013615167296368154,1,526,525,4,-1,5,4,0,572,850,252
215,31,237,747,967,220,54,54,730,730,0,0.0006807583648184077,0.0008169100377820892,753,782,29,3,3,3,8,8,158,257,310
216,0,102,1,940,939,0,4,1,411,410,0.0,0.00017018959120460194,1,553,552,4,-1,5,2,0,804,359,259
217,52,154,848,958,110,42,42,777,777,0,0.001157289220191293,0.0012594029749140542,832,849,17,4,3,3,6,15,661,219,594
218,140,140,930,930,0,104,104,914,914,0,0.0031314884781646754,0.0031314884781646754,925,925,0,-1,3,3,9,24,395,13,950
219,0,102,1,932,931,0,7,1,409,408,0.0,0.0004084550188910446,1,682,681,4,-1,5,4,0,772,978,399
220,95,197,900,967,67,56,56,860,860,0,0.0025188059498281084,0.002586881786309949,904,905,1,4,3,3,6,20,764,94,149
221,0,102,1,927,926,0,5,1,383,382,0.0,0.0,1,1,0,4,-1,5,3,0,626,954,659
222,16,118,573,903,330,58,58,675,675,0,0.00037441710065012424,0.0005105687736138058,665,712,47,4,3,3,9,1,217,904,697
223,3,104,506,975,469,2,2,331,331,0,0.0,0.0002382654276864427,1,618,617,5,6,6,2,3,956,572,221
224,30,30,702,702,0,44,44,588,588,0,0.0002723033459273631,0.0002723033459273631,608,608,0,-1,3,3,9,4,274,504,929
225,6,108,487,947,460,10,10,547,547,0,0.0002723033459273631,0.0004084550188910446,627,688,61,4,4,4,3,1,867,452,704
226,0,206,1,961,960,0,40,1,625,624,0.0,0.0027911092957554717,1,915,914,3,-1,4,8,0,158,848,126
227,16,222,524,946,422,72,80,554,589,35,0.00013615167296368154,0.0010892133837094523,507,801,294,3,3,3,17,2,80,384,299
228,18,18,701,701,0,18,18,660,660,0,0.0008169100377820892,0.0008169100377820892,786,786,0,-1,4,4,3,8,958,345,900
229,157,157,923,923,0,192,192,888,888,0,0.0015317063208414173,0.0015317063208414173,851,851,0,-1,2,2,17,15,23,219,811
230,0,102,1,939,938,0,3,1,374,373,0.0,0.00010211375472276115,1,499,498,4,-1,5,2,0,976,638,311
231,0,102,1,948,947,0,5,1,415,414,0.0,0.0002382654276864427,1,614,613,4,-1,5,3,0,911,657,637
232,0,0,1,1,0,0,0,1,1,0,0.0,0.0,1,1,0,-1,-1,-1,5,1,407,235,918
233,36,136,833,964,131,14,14,631,631,0,0.0007828721195411688,0.0016678579938050988,776,872,96,4,4,4,3,12,916,67,79
234,2,104,357,917,560,6,7,358,378,20,0.0,0.00030634126416828345,1,631,630,4,5,5,5,1,247,763,258
235,0,0,1,1,0,0,0,1,1,0,0.0,0.0,1,1,0,-1,-1,-1,4,3,543,753,775
236,23,125,734,948,214,12,12,586,586,0,0.0002723033459273631,0.000442492937131965,631,694,63,4,4,4,2,9,763,191,343
237,100,100,855,855,0,100,100,667,667,0,0.012083460975526737,0.012083460975526737,987,987,0,-1,1,1,16,19,145,297,511
238,0,0,1,1,0,0,0,1,1,0,0.0,0.0,1,1,0,-1,-1,-1,4,0,885,836,517
239,0,102,1,904,903,0,10,1,388,387,0.0,0.00010211375472276115,1,491,490,4,-1,5,6,0,402,983,617
240,17,17,611,611,0,40,40,594,594,0,6.807583648184077e-05,6.807583648184077e-05,443,443,0,-1,4,4,8,5,131,528,478
241,49,255,806,969,163,48,48,657,657,0,0.0006126825283365669,0.0014295925661186562,743,853,110,3,4,4,8,12,186,159,471
242,2,104,357,903,546,10,12,379,395,16,0.0,0.0006807583648184077,1,752,751,4,5,5,7,1,497,743,296
243,0,102,1,909,908,0,10,1,414,413,0.0,0.00013615167296368154,1,522,521,4,-1,5,5,0,677,359,410
244,2,2,353,353,0,6,6,354,354,0,0.0,0.0,1,1,0,-1,5,5,5,2,438,721,643
245,6,108,443,919,476,15,16,551,562,11,0.00017018959120460194,0.00030634126416828345,545,622,77,4,4,4,4,2,520,532,869
246,0,102,1,917,916,0,5,1,364,363,0.0,6.807583648184077e-05,1,448,447,4,-1,5,4,1,675,706,691
247,18,224,628,968,340,50,50,717,717,0,0.0005446066918547262,0.0007488342013002485,716,757,41,3,3,3,8,3,309,197,287
248,9,9,573,573,0,4,4,404,404,0,6.807583648184077e-05,6.807583648184077e-05,451,451,0,-1,5,5,2,5,904,274,657
249,1,1,333,333,0,4,4,333,333,0,0.0,0.0,1,1,0,-1,6,6,4,1,304,763,847
250,18,18,577,577,0,106,106,690,690,0,0.0008509479560230097,0.0008509479560230097,779,779,0,-1,3,3,16,3,53,299,943
251,0,206,1,952,951,0,26,1,463,462,0.0,0.0005786446100956465,1,722,721,3,-1,4,9,0,191,960,351
252,21,21,640,640,0,56,56,619,619,0,0.0004765308553728854,0.0004765308553728854,702,702,0,-1,4,4,10,7,204,170,794
253,1,207,332,976,644,2,12,332,607,275,0.0,0.003982436434187685,1,936,935,3,7,4,2,2,713,448,34
254,55,157,895,971,76,22,22,826,826,0,0.0017018959120460194,0.0017359338302869397,881,885,4,4,3,3,2,20,851,87,156
255,6,212,433,969,536,28,32,583,626,43,0.00010211375472276115,0.0012594029749140542,488,833,345,3,4,4,6,1,266,282,61
256,125,125,943,943,0,60,60,919,919,0,0.0035059055788147996,0.0035059055788147996,934,934,0,-1,3,3,5,20,601,43,950
257,9,215,609,982,373,18,18,718,718,0,0.0004084550188910446,0.00088498587426393,688,805,117,3,4,4,3,5,654,589,103
258,0,101,1,880,879,0,13,1,332,331,0.0,0.0,1,1,0,5,-1,6,13,1,97,828,601
259,798,899,996,998,2,382,382,996,996,0,0.013138636440995268,0.013138636440995268,989,989,0,5,2,2,17,83,112,10,721
260,25,25,698,698,0,34,34,635,635,0,0.0007147962830593281,0.0007147962830593281,752,752,0,-1,3,3,6,7,393,427,784
261,17,17,581,581,0,40,40,442,442,0,0.00010211375472276115,0.00010211375472276115,479,479,0,-1,4,4,14,5,127,274,669
262,278,484,980,995,15,54,54,915,915,0,0.008407365805507334,0.009156200006807584,976,977,1,3,3,3,4,49,706,16,131
263,6,108,471,949,478,10,10,519,519,0,0.00017018959120460194,0.00030634126416828345,551,643,92,4,4,4,3,1,879,689,317
264,11,11,623,623,0,12,12,638,638,0,0.0007488342013002485,0.0007488342013002485,786,786,0,-1,4,4,2,4,232,125,918
265,7,109,483,893,410,22,22,471,471,0,3.4037918240920386e-05,0.00013615167296368154,396,505,109,4,4,4,7,2,182,566,354
266,0,616,1,993,992,0,62,1,778,777,0.0,0.007216038667075122,1,972,971,2,-1,3,7,0,340,890,30
267,0,0,1,1,0,0,0,1,1,0,0.0,0.0,1,1,0,-1,-1,-1,3,0,863,864,423
268,16,16,605,605,0,44,44,688,688,0,0.00013615167296368154,0.00013615167296368154,521,521,0,-1,3,3,7,1,364,667,828
269,0,102,1,960,959,0,4,1,452,451,0.0,0.0020422750944552232,1,900,899,4,-1,5,2,1,847,780,142
270,0,102,1,946,945,0,6,1,485,484,0.0,0.0006807583648184077,1,753,752,4,-1,5,3,0,796,388,100
271,0,0,1,1,0,0,0,1,1,0,0.0,0.0,1,1,0,-1,-1,-1,6,0,237,843,880
272,16,16,666,666,0,20,20,760,760,0,0.00017018959120460194,0.00017018959120460194,543,543,0,-1,3,3,3,2,903,493,934
273,6,108,408,896,488,28,28,467,467,0,6.807583648184077e-05,0.00010211375472276115,443,485,42,4,4,4,10,1,211,555,152
274,0,101,1,941,940,0,2,1,331,330,0.0,0.0,1,1,0,5,-1,6,2,0,817,511,369
275,71,277,896,984,88,38,38,903,903,0,0.002314578440382586,0.007420266176520644,907,972,65,3,3,3,3,18,530,63,30
276,27,233,734,973,239,32,32,711,711,0,0.00010211375472276115,0.0002382654276864427,482,591,109,3,3,3,5,6,561,199,29
277,6,6,413,413,0,16,16,428,428,0,6.807583648184077e-05,6.807583648184077e-05,449,449,0,-1,4,4,6,2,378,325,782
278,1,1,332,332,0,2,2,332,332,0,0.0,0.0,1,1,0,-1,6,6,2,1,997,896,808
279,62,268,913,993,80,12,12,746,746,0,0.002110350930937064,0.01242384015793594,898,990,92,3,4,4,2,22,799,128,11
280,41,143,877,978,101,12,12,737,737,0,0.001055175465468532,0.0015657442390823377,830,865,35,4,4,4,2,15,749,92,283
281,144,760,956,999,43,72,72,977,977,0,0.005003573981415297,0.007216038667075122,960,972,12,2,2,2,3,15,636,153,78
282,38,140,783,940,157,24,24,628,628,0,0.0008169100377820892,0.002382654276864427,786,907,121,4,4,4,4,14,623,175,129
283,0,0,1,1,0,0,0,1,1,0,0.0,0.0,1,1,0,-1,-1,-1,10,0,99,876,892
284,0,206,1,948,947,0,27,1,422,421,0.0,0.0002723033459273631,1,610,609,3,-1,4,12,0,116,446,507
285,2,103,371,938,567,4,4,372,372,0,0.0,3.4037918240920386e-05,1,403,402,5,5,5,3,2,683,292,231
286,0,101,1,948,947,0,3,1,330,329,0.0,0.0,1,1,0,6,-1,7,3,0,911,943,676
287,32,134,683,909,226,124,124,800,800,0,0.0011913271384322134,0.0011913271384322134,821,821,0,4,3,3,14,6,21,114,606
288,0,101,1,967,966,0,2,1,329,328,0.0,0.00010211375472276115,1,503,502,5,-1,6,2,0,866,324,575
289,6,108,515,952,437,8,9,544,547,3,3.4037918240920386e-05,0.00017018959120460194,398,556,158,4,4,4,3,1,707,337,617
290,30,236,742,972,230,44,44,836,836,0,0.0006126825283365669,0.00176997174852786,736,877,141,3,3,3,4,9,717,29,122
291,25,127,737,947,210,14,14,563,563,0,0.0005105687736138058,0.0005446066918547262,702,717,15,4,4,4,3,10,829,413,22
292,0,0,1,1,0,0,0,1,1,0,0.0,0.0,1,1,0,-1,-1,-1,5,0,843,926,863
293,392,493,982,988,6,170,170,957,957,0,0.007386228258279724,0.007420266176520644,970,971,1,5,2,2,11,49,279,16,781
294,104,310,901,976,75,102,102,917,917,0,0.0020082371762143027,0.004220701861874128,875,947,72,3,2,2,8,12,199,163,8
295,13,114,657,947,290,8,8,590,590,0,0.00030634126416828345,0.00034037918240920387,659,674,15,5,4,4,2,3,283,291,761
296,16,16,589,589,0,23,23,562,562,0,0.00034037918240920387,0.00034037918240920387,646,646,0,-1,3,3,5,1,793,607,588
297,0,0,1,1,0,0,0,1,1,0,0.0,0.0,1,1,0,-1,-1,-1,4,0,610,844,922
298,24,125,766,958,192,12,12,641,641,0,0.0002723033459273631,0.00030634126416828345,629,646,17,5,4,4,2,6,986,381,337
299,6,6,430,430,0,10,10,446,446,0,3.4037918240920386e-05,3.4037918240920386e-05,397,397,0,-1,4,4,3,1,645,558,699
300,0,206,1,971,970,0,14,1,497,496,0.0,0.0011232513019503727,1,815,814,3,-1,4,5,0,612,429,45
301,42,42,786,786,0,44,44,692,692,0,0.0008509479560230097,0.0008509479560230097,773,773,0,-1,3,3,7,8,400,386,912
302,24,230,637,953,316,52,70,480,553,73,0.00017018959120460194,0.0007147962830593281,536,744,208,3,3,3,16,4,151,581,351
303,0,616,1,996,995,0,26,1,714,713,0.0,0.0022465026039007454,1,898,897,2,-1,3,4,1,539,693,122
304,142,142,902,902,0,204,204,865,865,0,0.0024507301133462676,0.0024507301133462676,905,905,0,-1,3,3,19,20,46,87,913
305,12,218,544,967,423,26,30,518,552,34,6.807583648184077e-05,0.0004765308553728854,443,697,254,3,4,4,7,2,324,566,204
306,16,16,521,521,0,90,90,602,602,0,6.807583648184077e-05,6.807583648184077e-05,435,435,0,-1,3,3,17,1,71,891,865
307,0,102,1,892,891,0,12,1,367,366,0.0,3.4037918240920386e-05,1,394,393,4,-1,5,9,0,213,620,342
308,6,6,421,421,0,34,34,522,522,0,0.00013615167296368154,0.00013615167296368154,518,518,0,-1,4,4,9,1,250,152,949
309,6,6,398,398,0,38,38,462,462,0,0.0,0.0,1,1,0,-1,4,4,14,3,172,321,934
310,0,0,1,1,0,0,0,1,1,0,0.0,0.0,1,1,0,-1,-1,-1,7,0,336,940,789
311,0,101,1,947,946,0,2,1,331,330,0.0,6.807583648184077e-05,1,450,449,5,-1,6,2,1,999,747,618
312,14,14,681,681,0,14,14,638,638,0,0.00010211375472276115,0.00010211375472276115,493,493,0,-1,4,4,3,3,840,222,911
313,0,616,1,998,997,0,34,1,756,755,0.0,0.002927260968719153,1,924,923,2,-1,3,4,0,741,846,43
314,1,103,332,957,625,2,3,332,392,60,0.0,0.0,1,1,0,4,6,5,2,1,890,590,718
315,10,111,594,946,352,10,10,514,514,0,0.00010211375472276115,0.00010211375472276115,483,483,0,5,4,4,3,4,628,332,460
316,28,234,779,979,200,38,38,887,887,0,0.0009530617107457708,0.0013615167296368155,817,855,38,3,3,3,3,7,583,224,368
317,0,102,1,929,928,0,3,1,364,363,0.0,0.0,1,1,0,4,-1,5,2,0,643,860,879
318,24,640,615,990,375,150,174,722,781,59,0.00030634126416828345,0.0018380475850097008,613,873,260,2,3,3,22,3,55,222,131
319,28,130,696,920,224,40,40,631,631,0,0.00013615167296368154,0.0002723033459273631,514,619,105,4,3,3,7,3,193,307,391
320,6,212,406,955,549,22,26,439,471,32,0.00010211375472276115,0.00010211375472276115,479,479,0,3,4,4,9,1,262,762,652
321,28,130,613,889,276,86,86,526,526,0,0.00010211375472276115,0.00010211375472276115,471,471,0,4,3,3,20,3,5,347,518
322,1,1,333,333,0,8,8,333,333,0,3.4037918240920386e-05,3.4037918240920386e-05,395,395,0,-1,6,6,8,2,260,344,831
323,98,98,904,904,0,44,44,838,838,0,0.002552843868069029,0.002552843868069029,908,908,0,-1,3,3,4,22,675,128,846
324,69,275,871,978,107,24,24,628,628,0,0.0020422750944552232,0.003812246842983083,890,936,46,3,4,4,4,24,623,129,35
325,22,124,777,963,186,32,32,917,917,0,0.0009870996289866913,0.0016678579938050988,815,876,61,4,3,3,2,5,625,412,473
326,6,107,439,910,471,16,16,455,455,0,3.4037918240920386e-05,0.00013615167296368154,412,512,100,5,4,4,6,2,281,325,443
327,59,59,900,900,0,48,48,952,952,0,0.0028932230504782326,0.0028932230504782326,921,921,0,-1,3,3,3,17,798,85,276
328,0,0,1,1,0,0,0,1,1,0,0.0,0.0,1,1,0,-1,-1,-1,7,0,591,740,992
329,72,174,910,975,65,22,22,857,857,0,0.0027911092957554717,0.003199564314646516,924,932,8,4,3,3,2,19,760,133,160
330,6,108,433,922,489,14,14,453,453,0,0.00010211375472276115,0.000442492937131965,485,676,191,4,4,4,5,2,390,690,494
331,79,285,885,978,93,38,38,865,865,0,0.0015317063208414173,0.0018040096667687805,857,875,18,3,3,3,3,17,645,180,589
332,0,102,1,928,927,0,7,1,405,404,0.0,0.00030634126416828345,1,627,626,4,-1,5,4,0,611,359,280
333,28,234,736,975,239,16,16,526,526,0,0.00034037918240920387,0.0006126825283365669,648,741,93,3,4,4,4,8,700,386,301
334,69,69,897,897,0,38,38,895,895,0,0.002382654276864427,0.002382654276864427,915,915,0,-1,3,3,3,15,862,158,388
335,1,103,333,923,590,5,7,333,377,44,0.0,0.0002723033459273631,1,612,611,4,6,5,5,1,421,896,467
336,78,78,855,855,0,126,126,961,961,0,0.002382654276864427,0.002382654276864427,911,911,0,-1,2,2,7,4,193,185,889
337,10,10,595,595,0,18,18,638,638,0,6.807583648184077e-05,6.807583648184077e-05,455,455,0,-1,4,4,3,3,935,485,684
338,0,206,1,983,982,0,8,1,545,544,0.0,0.0018040096667687805,1,883,882,3,-1,4,2,1,965,235,111
339,48,48,809,809,0,58,58,774,774,0,0.0008169100377820892,0.0008169100377820892,779,779,0,-1,3,3,7,8,413,250,789
340,0,0,1,1,0,0,0,1,1,0,0.0,0.0,1,1,0,-1,-1,-1,15,0,65,845,946
341,0,102,1,917,916,0,10,1,416,415,0.0,0.0006467204465774873,1,738,737,4,-1,5,5,0,766,954,186
342,13,13,597,597,0,20,20,579,579,0,0.00013615167296368154,0.00013615167296368154,520,520,0,-1,4,4,4,5,512,710,919
343,13,219,576,969,393,26,30,548,587,39,0.00030634126416828345,0.002144388849177984,638,887,249,3,4,4,7,3,305,385,85
344,44,44,745,745,0,114,114,810,810,0,0.001157289220191293,0.001157289220191293,813,813,0,-1,3,3,13,4,228,185,965
345,0,102,1,954,953,0,3,1,373,372,0.0,0.0005446066918547262,1,729,728,4,-1,5,2,0,806,910,83
346,0,0,1,1,0,0,0,1,1,0,0.0,0.0,1,1,0,-1,-1,-1,4,0,475,912,600
347,364,466,982,988,6,132,132,969,969,0,0.008373327887266415,0.008543517478471017,974,974,0,4,2,2,8,62,201,70,317
348,113,113,952,952,0,22,22,820,820,0,0.003710133088260322,0.003710133088260322,945,945,0,-1,3,3,2,29,896,17,774
349,0,101,1,891,890,0,11,1,332,331,0.0,0.0,1,1,0,5,-1,6,11,0,76,825,837
350,12,113,643,953,310,12,12,680,680,0,0.000442492937131965,0.000442492937131965,710,710,0,6,4,4,2,9,957,29,540
351,22,228,624,956,332,50,54,576,599,23,0.0002723033459273631,0.00034037918240920387,603,633,30,3,3,3,10,3,153,795,369
352,7,213,470,956,486,26,31,444,471,27,3.4037918240920386e-05,0.0006126825283365669,400,724,324,3,4,4,10,3,153,563,376
353,14,14,517,517,0,73,73,561,561,0,0.0002382654276864427,0.0002382654276864427,586,586,0,-1,4,4,17,3,112,385,514
354,16,118,698,954,256,19,20,809,812,3,0.0014636304843595766,0.00176997174852786,859,882,23,4,3,3,3,1,916,879,637
355,17,223,604,960,356,44,56,589,660,71,0.00013615167296368154,0.002144388849177984,515,897,382,3,3,3,9,2,147,599,13
356,74,280,881,979,98,66,70,948,948,0,0.002552843868069029,0.003880322679464924,912,944,32,3,3,3,5,18,612,63,87
357,26,128,756,943,187,40,40,798,798,0,0.0006126825283365669,0.0007147962830593281,740,762,22,4,3,3,5,7,435,169,121
358,3,209,448,976,528,6,10,429,508,79,3.4037918240920386e-05,0.00037441710065012424,409,668,259,3,5,4,3,3,835,373,165
359,232,334,973,983,10,84,84,970,970,0,0.00622893903808843,0.006535280302256714,966,968,2,4,2,2,5,36,691,48,293
360,18,18,604,604,0,70,70,692,692,0,0.0002042275094455223,0.0002042275094455223,572,572,0,-1,3,3,10,2,189,323,806
361,8,110,527,922,395,10,12,450,469,19,6.807583648184077e-05,0.0006467204465774873,459,750,291,4,4,4,4,3,512,761,209
362,16,16,540,540,0,56,56,534,534,0,0.00017018959120460194,0.00017018959120460194,532,532,0,-1,3,3,15,2,124,215,760
363,24,125,687,927,240,40,40,611,611,0,0.0006467204465774873,0.0006467204465774873,739,739,0,5,4,4,8,7,137,150,484
364,82,288,828,966,138,190,190,895,895,0,0.002280540522141666,0.002723033459273631,894,914,20,3,2,2,17,3,10,390,418
365,41,142,814,951,137,36,36,767,767,0,0.0013615167296368155,0.0014295925661186562,840,850,10,5,3,3,5,8,795,284,687
366,0,101,1,960,959,0,2,1,331,330,0.0,0.0,1,1,0,5,-1,6,2,0,997,745,717
367,0,101,1,919,918,0,4,1,331,330,0.0,0.0,1,1,0,5,-1,6,4,1,550,685,265
368,6,6,387,387,0,36,36,457,457,0,3.4037918240920386e-05,3.4037918240920386e-05,399,399,0,-1,4,4,12,1,52,152,511
369,22,124,587,881,294,94,94,580,580,0,0.00017018959120460194,0.00017018959120460194,540,540,0,4,3,3,20,2,88,586,466
370,0,206,1,980,979,0,8,1,539,538,0.0,0.0012594029749140542,1,853,852,3,-1,4,2,1,469,693,117
371,41,657,786,997,211,30,40,639,733,94,0.0011232513019503727,0.009530617107457708,821,982,161,2,4,3,5,12,377,67,23
372,55,55,793,793,0,88,88,763,763,0,0.0006807583648184077,0.0006807583648184077,736,736,0,-1,3,3,12,9,183,293,737
373,0,101,1,943,942,0,2,1,332,331,0.0,0.0,1,1,0,8,-1,9,2,2,761,709,647
374,164,164,920,920,0,260,260,956,956,0,0.002825147213996392,0.002825147213996392,912,912,0,-1,2,2,17,19,24,297,889
375,16,117,646,944,298,20,20,624,624,0,0.0004084550188910446,0.000442492937131965,682,699,17,5,4,4,4,6,633,424,597
376,16,118,691,953,262,7,7,494,494,0,0.0005105687736138058,0.0007147962830593281,738,783,45,4,4,4,2,8,283,250,465
377,0,101,1,961,960,0,2,1,330,329,0.0,0.00013615167296368154,1,531,530,5,-1,6,2,0,981,936,458
378,12,12,551,551,0,22,22,478,478,0,0.00013615167296368154,0.00013615167296368154,520,520,0,-1,4,4,8,4,158,315,488
379,0,0,1,1,0,0,0,1,1,0,0.0,0.0,1,1,0,-1,-1,-1,15,0,37,751,874
380,0,0,1,1,0,0,0,1,1,0,0.0,0.0,1,1,0,-1,-1,-1,15,0,77,990,533
381,22,22,603,603,0,78,78,621,621,0,0.00034037918240920387,0.00034037918240920387,636,636,0,-1,3,3,14,2,108,465,911
382,35,241,769,972,203,40,40,714,714,0,0.0009190237925048504,0.001940161339732462,797,877,80,3,3,3,5,6,571,295,217
383,0,101,1,918,917,0,4,1,331,330,0.0,0.0,1,1,0,5,-1,6,4,0,969,886,734
384,28,28,646,646,0,90,90,678,678,0,0.0009530617107457708,0.0009530617107457708,785,785,0,-1,3,3,14,4,181,326,725
385,0,0,1,1,0,0,0,1,1,0,0.0,0.0,1,1,0,-1,-1,-1,13,0,113,865,976
386,6,212,389,944,555,39,63,437,540,103,0.00013615167296368154,0.0004765308553728854,509,687,178,3,4,4,16,1,151,931,280
387,2,208,357,964,607,7,14,357,437,80,3.4037918240920386e-05,0.0002382654276864427,404,597,193,3,5,4,6,2,549,656,704
388,0,102,1,968,967,0,3,1,401,400,0.0,0.0008509479560230097,1,801,800,4,-1,5,2,1,936,792,147
389,42,658,691,994,303,190,218,693,744,51,0.00034037918240920387,0.001940161339732462,628,884,256,2,2,2,30,2,7,363,60
390,0,102,1,935,934,0,5,1,395,394,0.0,0.00034037918240920387,1,643,642,4,-1,5,3,0,433,887,136
391,0,206,1,961,960,0,15,1,440,439,0.0,0.0005105687736138058,1,711,710,3,-1,4,6,0,356,867,636
392,16,118,724,963,239,22,22,847,847,0,0.001055175465468532,0.0010892133837094523,823,826,3,4,3,3,2,1,830,759,508
393,0,206,1,956,955,0,22,1,523,522,0.0,0.00088498587426393,1,799,798,3,-1,4,5,0,238,965,273
394,63,165,864,953,89,40,40,776,776,0,0.0019741992579733825,0.0020763130126961434,890,893,3,4,3,3,5,15,412,151,719
395,0,206,1,955,954,0,18,1,429,428,0.0,0.0006126825283365669,1,728,727,3,-1,4,8,0,334,877,390
396,0,102,1,936,935,0,3,1,365,364,0.0,0.00017018959120460194,1,537,536,4,-1,5,2,0,816,632,617
397,10,112,567,927,360,14,14,539,539,0,0.00034037918240920387,0.0004765308553728854,645,690,45,4,4,4,3,4,989,202,474
398,0,0,1,1,0,0,0,1,1,0,0.0,0.0,1,1,0,-1,-1,-1,6,0,764,588,949
399,120,120,896,896,0,84,84,783,783,0,0.001599782157323258,0.001599782157323258,861,861,0,-1,3,3,9,18,100,171,989
400,281,382,977,986,9,134,134,994,994,0,0.006637394056979475,0.006637394056979475,964,964,0,5,2,2,6,44,587,27,518
401,6,6,516,516,0,11,11,549,549,0,0.00013615167296368154,0.00013615167296368154,527,527,0,-1,4,4,4,2,860,719,998
402,22,22,698,698,0,30,30,690,690,0,0.00030634126416828345,0.00030634126416828345,634,634,0,-1,3,3,4,2,759,453,423
403,20,121,675,927,252,30,30,701,701,0,0.0005446066918547262,0.0005786446100956465,717,729,12,5,4,4,5,5,519,178,577
404,0,102,1,932,931,0,5,1,367,366,0.0,0.0,1,1,0,4,-1,5,4,0,772,989,599
405,0,206,1,974,973,0,9,1,477,476,0.0,0.0002723033459273631,1,615,614,3,-1,4,4,0,772,838,458
406,43,144,814,948,134,48,48,843,843,0,0.0031314884781646754,0.0031314884781646754,926,926,0,5,2,2,5,3,534,347,313
407,0,206,1,951,950,0,35,1,463,462,0.0,0.00013615167296368154,1,517,516,3,-1,4,12,0,58,649,493
408,13,13,674,674,0,12,12,623,623,0,0.0002382654276864427,0.0002382654276864427,605,605,0,-1,4,4,2,5,928,528,745
409,0,1640,1,1000,999,0,143,1,565,564,0.0,0.0027911092957554717,1,907,906,1,-1,2,36,0,16,732,83
410,2,103,366,931,565,8,8,444,444,0,3.4037918240920386e-05,3.4037918240920386e-05,407,407,0,7,5,5,4,2,696,575,448
411,23,125,669,926,257,40,40,698,698,0,0.0004765308553728854,0.0008509479560230097,693,790,97,4,3,3,5,3,349,291,386
412,48,254,825,974,149,30,30,702,702,0,0.0009190237925048504,0.0024507301133462676,807,901,94,3,3,3,4,9,717,242,100
413,0,102,1,935,934,0,4,1,404,403,0.0,0.0012253650566731338,1,843,842,4,-1,5,2,1,926,583,183
414,71,173,840,945,105,104,104,867,867,0,0.0012594029749140542,0.0015317063208414173,831,850,19,4,3,3,9,13,262,255,107
415,39,39,763,763,0,56,56,689,689,0,0.0005446066918547262,0.0005446066918547262,718,718,0,-1,3,3,9,8,315,177,706
416,0,101,1,979,978,0,2,1,328,327,0.0,0.0,1,1,0,6,-1,7,2,0,952,489,763
417,0,206,1,976,975,0,12,1,585,584,0.0,0.006501242384015794,1,970,969,3,-1,4,2,0,934,997,30
418,0,102,1,940,939,0,5,1,408,407,0.0,0.0002042275094455223,1,583,582,4,-1,5,3,0,879,978,159
419,20,20,692,692,0,18,18,611,611,0,0.00030634126416828345,0.00030634126416828345,644,644,0,-1,4,4,3,6,746,275,820
420,14,116,549,905,356,38,38,512,512,0,0.00010211375472276115,0.00030634126416828345,480,634,154,4,4,4,11,4,224,332,523
421,19,635,583,990,407,82,130,535,699,164,0.0002723033459273631,0.004186663943633207,600,944,344,2,4,3,19,4,89,645,31
422,0,0,1,1,0,0,0,1,1,0,0.0,0.0,1,1,0,-1,-1,-1,10,1,256,828,698
423,86,86,866,866,0,96,96,909,909,0,0.002586881786309949,0.002586881786309949,913,913,0,-1,2,2,7,6,321,397,794
424,36,36,819,819,0,22,22,805,805,0,0.0012253650566731338,0.0012253650566731338,840,840,0,-1,3,3,2,10,924,195,587
425,6,107,414,905,491,12,12,425,425,0,0.0,0.0,1,1,0,6,4,4,5,1,426,743,893
426,2,2,363,363,0,4,4,413,413,0,3.4037918240920386e-05,3.4037918240920386e-05,404,404,0,-1,5,5,2,1,816,837,633
427,0,0,1,1,0,0,0,1,1,0,0.0,0.0,1,1,0,-1,-1,-1,10,0,75,990,937
428,3,105,451,947,496,6,6,441,441,0,0.0,0.00010211375472276115,1,496,495,4,5,5,3,2,654,599,424
429,6,622,482,999,517,18,28,671,814,143,0.000442492937131965,0.003267640151128357,695,934,239,2,4,3,3,1,590,474,435
430,2,104,362,931,569,7,8,421,458,37,0.0,0.0007147962830593281,1,771,770,4,5,5,4,1,824,878,166
431,36,652,773,995,222,44,54,718,798,80,0.0008169100377820892,0.00176997174852786,776,868,92,2,3,3,7,5,722,418,381
432,7,623,535,998,463,10,50,454,888,434,0.0,0.012151536812008578,1,988,987,2,5,3,5,4,695,156,11
433,6,6,422,422,0,27,27,543,543,0,6.807583648184077e-05,6.807583648184077e-05,443,443,0,-1,4,4,8,1,442,720,632
434,4,106,457,937,480,6,6,440,440,0,0.00010211375472276115,0.00037441710065012424,491,663,172,4,5,5,3,2,433,791,504
435,19,225,671,965,294,32,36,626,665,39,0.0005786446100956465,0.0008169100377820892,717,774,57,3,4,4,6,5,353,487,323
436,14,14,590,590,0,36,36,655,655,0,0.0004765308553728854,0.0004765308553728854,705,705,0,-1,4,4,6,3,328,653,884
437,3,105,419,923,504,7,8,389,413,24,3.4037918240920386e-05,0.00010211375472276115,399,483,84,4,5,5,4,2,758,364,309
438,0,0,1,1,0,0,0,1,1,0,0.0,0.0,1,1,0,-1,-1,-1,10,0,169,877,356
439,36,242,697,952,255,72,80,554,589,35,0.00030634126416828345,0.0014295925661186562,616,843,227,3,3,3,17,6,80,4,297
440,0,0,1,1,0,0,0,1,1,0,0.0,0.0,1,1,0,-1,-1,-1,4,0,675,856,542
441,6,108,412,903,491,15,15,425,425,0,0.0,0.00010211375472276115,1,474,473,4,4,4,7,2,366,320,314
442,0,102,1,905,904,0,9,1,369,368,0.0,0.00010211375472276115,1,477,476,4,-1,5,7,0,214,664,229
443,6,6,404,404,0,32,32,527,527,0,0.0006467204465774873,0.0006467204465774873,751,751,0,-1,4,4,8,1,197,500,990
444,9,111,558,933,375,8,8,528,528,0,0.00013615167296368154,0.0005446066918547262,519,733,214,4,4,4,2,5,932,722,194
445,13,115,716,967,251,12,12,757,757,0,0.0005446066918547262,0.0024166921951053475,725,910,185,4,4,4,2,6,807,471,85
446,0,206,1,951,950,0,34,1,420,419,0.0,0.000442492937131965,1,684,683,3,-1,4,15,0,32,608,467
447,57,159,852,966,114,28,28,780,780,0,0.0012594029749140542,0.0013274788113958951,837,844,7,4,3,3,3,13,588,335,238
448,0,206,1,964,963,0,28,1,502,501,0.0,0.00030634126416828345,1,638,637,3,-1,4,8,0,137,926,246
449,0,206,1,934,933,0,55,1,425,424,0.0,0.00034037918240920387,1,637,636,3,-1,4,22,0,18,786,616
450,0,102,1,933,932,0,3,1,368,367,0.0,0.00010211375472276115,1,490,489,4,-1,5,2,0,589,388,270
451,2,103,392,959,567,3,3,399,399,0,0.0,3.4037918240920386e-05,1,405,404,7,5,5,2,1,963,736,640
452,0,0,1,1,0,0,0,1,1,0,0.0,0.0,1,1,0,-1,-1,-1,4,0,511,514,942
453,32,134,687,908,221,84,84,687,687,0,0.0004765308553728854,0.0005446066918547262,693,708,15,4,3,3,12,2,175,465,360
454,30,132,752,944,192,12,12,559,559,0,0.0005786446100956465,0.0009530617107457708,733,804,71,4,4,4,2,8,893,204,351
455,19,225,707,977,270,22,22,805,805,0,0.0010211375472276116,0.0036760951700194017,813,950,137,3,3,3,2,3,609,438,13
456,0,102,1,901,900,0,10,1,404,403,0.0,0.00010211375472276115,1,489,488,4,-1,5,5,0,408,725,291
457,0,102,1,897,896,0,9,1,357,356,0.0,6.807583648184077e-05,1,444,443,4,-1,5,8,0,383,436,594
458,5,107,473,942,469,4,4,412,412,0,3.4037918240920386e-05,0.0024507301133462676,409,916,507,4,5,5,2,3,747,572,126
459,0,206,1,956,955,0,22,1,461,460,0.0,0.0006126825283365669,1,744,743,3,-1,4,8,0,428,372,407
460,1,1,333,333,0,8,8,333,333,0,0.0,0.0,1,1,0,-1,6,6,8,2,418,721,806
461,0,102,1,924,923,0,7,1,397,396,0.0,0.0002723033459273631,1,612,611,4,-1,5,4,0,735,276,350
462,9,625,526,994,468,21,48,439,620,181,3.4037918240920386e-05,0.002110350930937064,407,881,474,2,4,3,9,5,319,570,89
463,24,230,722,977,255,14,14,563,563,0,0.0005105687736138058,0.002825147213996392,702,915,213,3,4,4,3,6,829,258,88
464,8,8,504,504,0,32,32,527,527,0,0.00013615167296368154,0.00013615167296368154,518,518,0,-1,4,4,8,2,428,251,388
465,0,0,1,1,0,0,0,1,1,0,0.0,0.0,1,1,0,-1,-1,-1,4,0,611,838,985
466,0,0,1,1,0,0,0,1,1,0,0.0,0.0,1,1,0,-1,-1,-1,7,0,466,514,643
467,8,8,520,520,0,18,18,610,610,0,0.00017018959120460194,0.00017018959120460194,535,535,0,-1,4,4,3,2,930,468,488
468,6,6,400,400,0,42,42,516,516,0,0.00030634126416828345,0.00030634126416828345,617,617,0,-1,4,4,11,2,163,670,996
469,18,119,622,911,289,46,46,646,646,0,0.00034037918240920387,0.00034037918240920387,638,638,0,5,3,3,8,2,443,408,639
470,1,1,333,333,0,2,2,333,333,0,0.0,0.0,1,1,0,-1,7,7,2,2,873,344,860
471,0,0,1,1,0,0,0,1,1,0,0.0,0.0,1,1,0,-1,-1,-1,3,0,774,635,818
472,0,206,1,961,960,0,24,1,491,490,0.0,0.0013274788113958951,1,835,834,3,-1,4,8,0,286,813,166
473,1,103,333,888,555,14,15,333,348,15,0.0,0.0,1,1,0,4,7,5,14,1,79,765,598
474,10,111,504,891,387,38,38,433,433,0,6.807583648184077e-05,6.807583648184077e-05,445,445,0,5,4,4,16,4,78,442,601
475,46,252,726,959,233,130,130,752,752,0,0.0008169100377820892,0.0009190237925048504,765,796,31,3,3,3,15,6,77,114,762
476,2,2,363,363,0,5,5,364,364,0,0.0,0.0,1,1,0,-1,5,5,4,1,280,896,903
477,38,244,692,958,266,138,138,761,761,0,0.0007828721195411688,0.0010211375472276116,768,810,42,3,3,3,17,3,56,616,46
478,0,102,1,874,873,0,15,1,357,356,0.0,3.4037918240920386e-05,1,398,397,4,-1,5,13,1,91,747,718
479,0,102,1,964,963,0,3,1,410,409,0.0,0.00010211375472276115,1,500,499,4,-1,5,2,0,865,844,384
480,2,208,366,976,610,5,14,397,576,179,3.4037918240920386e-05,0.0012594029749140542,405,839,434,3,5,4,3,1,712,639,304
481,10,10,632,632,0,12,12,631,631,0,0.0006126825283365669,0.0006126825283365669,738,738,0,-1,4,4,2,4,625,326,848
482,0,102,1,898,897,0,11,1,387,386,0.0,3.4037918240920386e-05,1,404,403,4,-1,5,6,0,368,856,419
483,18,119,647,926,279,28,28,585,585,0,0.0002382654276864427,0.0002382654276864427,602,602,0,5,4,4,6,6,341,247,717
484,0,0,1,1,0,0,0,1,1,0,0.0,0.0,1,1,0,-1,-1,-1,6,0,295,902,436
485,77,178,890,965,75,34,34,782,782,0,0.002280540522141666,0.002280540522141666,896,896,0,5,3,3,4,19,545,72,416
486,0,206,1,981,980,0,8,1,529,528,0.0,0.0009530617107457708,1,812,811,3,-1,4,2,0,928,973,54
487,6,107,489,947,458,4,4,425,425,0,0.00013615167296368154,0.00030634126416828345,529,645,116,5,5,5,2,4,964,567,406
488,0,102,1,927,926,0,4,1,397,396,0.0,0.00017018959120460194,1,552,551,4,-1,5,2,0,925,784,493
489,46,46,770,770,0,110,110,851,851,0,0.0009870996289866913,0.0009870996289866913,803,803,0,-1,3,3,10,9,240,145,455
490,13,13,605,605,0,28,28,639,639,0,0.0002382654276864427,0.0002382654276864427,604,604,0,-1,4,4,6,4,764,450,751
491,18,18,594,594,0,56,56,608,608,0,0.0006467204465774873,0.0006467204465774873,728,728,0,-1,4,4,10,3,153,507,359
492,0,102,1,899,898,0,12,1,382,381,0.0,0.00034037918240920387,1,645,644,4,-1,5,8,0,418,702,809
493,0,206,1,961,960,0,24,1,523,522,0.0,0.0013274788113958951,1,832,831,3,-1,4,6,1,328,830,118
494,34,240,792,977,185,34,34,790,790,0,0.0011913271384322134,0.002723033459273631,833,918,85,3,3,3,4,10,611,272,122
495,0,206,1,970,969,0,12,1,452,451,0.0,0.00017018959120460194,1,532,531,3,-1,4,5,0,656,821,697
496,14,220,584,967,383,20,24,480,529,49,6.807583648184077e-05,0.0007828721195411688,442,769,327,3,4,4,6,4,369,625,333
497,0,0,1,1,0,0,0,1,1,0,0.0,0.0,1,1,0,-1,-1,-1,16,0,59,324,975
498,6,6,380,380,0,62,62,555,555,0,0.00010211375472276115,0.00010211375472276115,472,472,0,-1,4,4,13,4,115,409,812
499,0,102,1,925,924,0,7,1,399,398,0.0,0.0002382654276864427,1,577,576,4,-1,5,4,0,424,740,584
500,116,322,876,973,97,208,212,860,865,5,0.0013955546478777359,0.0017359338302869397,836,862,26,3,3,3,21,13,1,261,406
501,26,128,760,954,194,18,18,658,658,0,0.0007488342013002485,0.0009870996289866913,771,814,43,4,4,4,3,10,588,296,214
502,33,239,813,984,171,20,20,797,797,0,0.0005446066918547262,0.0007147962830593281,733,760,27,3,3,3,3,7,867,329,681
503,31,133,819,960,141,18,18,721,721,0,0.0010892133837094523,0.0017359338302869397,828,874,46,4,4,4,3,13,569,340,390
504,4,4,453,453,0,4,4,414,414,0,0.0,0.0,1,1,0,-1,5,5,2,3,881,761,573
505,170,376,931,980,49,178,178,929,929,0,0.003608019333537561,0.004220701861874128,931,938,7,3,2,2,14,15,47,153,189
506,0,102,1,881,880,0,15,1,367,366,0.0,0.0,1,1,0,4,-1,5,11,0,279,699,935
507,6,107,486,938,452,14,14,627,627,0,0.0002042275094455223,0.0002723033459273631,572,620,48,5,4,4,3,1,856,552,361
508,16,16,649,649,0,20,20,609,609,0,0.00034037918240920387,0.00034037918240920387,645,645,0,-1,4,4,4,5,344,252,698
509,64,64,840,840,0,104,104,920,920,0,0.0014295925661186562,0.0014295925661186562,848,848,0,-1,2,2,9,6,389,234,835
510,2,208,355,959,604,13,22,403,478,75,0.00010211375472276115,0.00017018959120460194,479,542,63,3,5,4,7,1,417,577,132
511,6,622,400,991,591,50,76,520,660,140,0.00010211375472276115,0.005480104836788182,483,956,473,2,4,3,13,2,228,714,9
512,16,222,582,962,380,38,38,610,610,0,0.0005105687736138058,0.001940161339732462,698,876,178,3,4,4,7,4,346,333,91
513,89,191,928,974,46,28,28,876,876,0,0.002110350930937064,0.0024166921951053475,897,908,11,4,3,3,3,18,916,82,52
514,6,212,395,954,559,54,58,592,623,31,0.00013615167296368154,0.00030634126416828345,509,616,107,3,4,4,11,1,360,609,561
515,0,101,1,952,951,0,2,1,331,330,0.0,0.0,1,1,0,5,-1,6,2,0,715,423,476
516,3,104,435,922,487,7,7,413,413,0,6.807583648184077e-05,0.00010211375472276115,444,476,32,5,5,5,4,2,787,749,896
517,1,102,331,975,644,2,2,331,331,0,0.0,3.4037918240920386e-05,1,418,417,6,6,6,2,2,956,679,466
518,41,247,810,974,164,40,40,747,747,0,0.0010211375472276116,0.0035739814152966403,819,938,119,3,3,3,5,8,665,204,88
519,27,27,777,777,0,18,18,776,776,0,0.0004084550188910446,0.0004084550188910446,682,682,0,-1,3,3,2,6,609,368,574
520,0,102,1,894,893,0,11,1,371,370,0.0,0.00010211375472276115,1,484,483,4,-1,5,8,2,415,431,385
521,0,206,1,967,966,0,18,1,538,537,0.0,0.0005786446100956465,1,740,739,3,-1,4,5,0,412,801,510
522,232,232,971,971,0,100,100,951,951,0,0.005377991082065421,0.005377991082065421,963,963,0,-1,2,2,6,30,514,75,936
523,0,102,1,925,924,0,6,1,362,361,0.0,6.807583648184077e-05,1,453,452,4,-1,5,5,0,629,914,314
524,28,130,712,931,219,34,34,712,712,0,0.0005786446100956465,0.0006126825283365669,728,732,4,4,3,3,4,5,509,306,384
525,0,0,1,1,0,0,0,1,1,0,0.0,0.0,1,1,0,-1,-1,-1,3,0,584,802,798
526,0,0,1,1,0,0,0,1,1,0,0.0,0.0,1,1,0,-1,-1,-1,3,0,703,446,826
527,28,130,686,916,230,58,58,650,650,0,0.0002723033459273631,0.0002723033459273631,592,592,0,4,3,3,10,3,259,222,607
528,1,103,332,903,571,7,8,332,360,28,6.807583648184077e-05,0.00010211375472276115,448,483,35,4,6,5,7,2,400,764,526
529,0,102,1,950,949,0,4,1,381,380,0.0,0.00010211375472276115,1,492,491,4,-1,5,3,0,798,950,310
530,0,101,1,924,923,0,5,1,332,331,0.0,0.00010211375472276115,1,477,476,5,-1,6,5,0,765,946,607
531,6,622,410,993,583,19,38,429,588,159,6.807583648184077e-05,0.0012934408931549745,446,832,386,2,4,3,8,2,236,550,273
532,8,110,558,941,383,8,8,497,497,0,0.00013615167296368154,0.0002042275094455223,533,591,58,4,4,4,2,2,907,682,840
533,104,104,886,886,0,100,100,848,848,0,0.0015317063208414173,0.0015317063208414173,849,849,0,-1,3,3,10,18,272,148,999
534,168,270,965,980,15,32,32,894,894,0,0.004731270635487933,0.0053099152455835805,954,964,10,4,3,3,2,31,763,76,192
535,0,102,1,949,948,0,3,1,380,379,0.0,0.0002382654276864427,1,602,601,4,-1,5,2,0,625,564,494
536,0,206,1,946,945,0,31,1,414,413,0.0,0.0002042275094455223,1,552,551,3,-1,4,15,0,65,921,409
537,35,35,825,825,0,26,26,818,818,0,0.0009870996289866913,0.0009870996289866913,813,813,0,-1,3,3,4,9,480,415,832
538,77,179,891,961,70,38,38,818,818,0,0.0016338200755641784,0.0018040096667687805,866,877,11,4,3,3,3,17,834,269,722
539,34,34,775,775,0,28,28,727,727,0,0.0006807583648184077,0.0006807583648184077,758,758,0,-1,3,3,3,4,930,40,989
540,34,240,614,943,329,140,148,562,573,11,0.0002042275094455223,0.00034037918240920387,549,627,78,3,3,3,33,5,9,124,241
541,78,179,910,972,62,32,32,955,955,0,0.002586881786309949,0.002586881786309949,920,920,0,7,3,3,2,18,896,54,582
542,19,120,679,940,261,30,30,771,771,0,0.0002723033459273631,0.00030634126416828345,605,634,29,5,3,3,4,3,511,222,862
543,0,206,1,968,967,0,18,1,470,469,0.0,0.0006467204465774873,1,747,746,3,-1,4,7,1,305,513,207
544,0,616,1,990,989,0,62,1,535,534,0.0,0.0009190237925048504,1,790,789,2,-1,3,16,0,151,773,216
545,6,6,417,417,0,15,15,433,433,0,3.4037918240920386e-05,3.4037918240920386e-05,409,409,0,-1,4,4,6,1,98,592,850
546,16,117,622,924,302,22,22,707,707,0,0.0006467204465774873,0.0006807583648184077,741,753,12,5,3,3,2,2,769,482,196
547,4,210,437,974,537,6,18,361,575,214,0.00017018959120460194,0.0010892133837094523,535,812,277,3,5,4,5,4,557,398,49
548,36,36,796,796,0,48,48,899,899,0,0.0019741992579733825,0.0019741992579733825,890,890,0,-1,3,3,3,8,819,174,811
549,12,113,599,941,342,20,20,652,652,0,0.000442492937131965,0.0004765308553728854,691,701,10,5,4,4,4,2,507,524,676
550,16,16,702,702,0,18,18,819,819,0,0.00034037918240920387,0.00034037918240920387,663,663,0,-1,3,3,2,1,760,474,942
551,143,243,941,973,32,78,78,964,964,0,0.002757071377514551,0.0027911092957554717,915,919,4,5,2,2,4,27,717,61,298
552,11,217,528,958,430,30,42,488,562,74,0.00030634126416828345,0.0010211375472276116,630,795,165,3,4,4,9,4,327,645,438
553,22,124,646,909,263,78,78,832,832,0,0.00034037918240920387,0.0006467204465774873,641,735,94,4,3,3,8,4,236,149,420
554,0,616,1,997,996,0,22,1,706,705,0.0,0.0024166921951053475,1,905,904,2,-1,3,2,0,769,729,206
555,8,110,518,923,405,26,26,582,582,0,0.00034037918240920387,0.0005446066918547262,646,721,75,4,4,4,5,2,531,628,107
556,8,109,565,947,382,12,12,599,599,0,0.00017018959120460194,0.00017018959120460194,563,563,0,6,4,4,2,4,886,346,734
557,0,102,1,880,879,0,20,1,375,374,0.0,0.00010211375472276115,1,477,476,4,-1,5,15,0,138,987,719
558,0,0,1,1,0,0,0,1,1,0,0.0,0.0,1,1,0,-1,-1,-1,10,0,211,836,228
559,0,102,1,877,876,0,18,1,353,352,0.0,0.0,1,1,0,4,-1,5,16,0,195,644,749
560,7,7,562,562,0,12,12,653,653,0,0.0005786446100956465,0.0005786446100956465,738,738,0,-1,4,4,2,3,841,299,780
561,21,122,659,922,263,32,32,573,573,0,0.00017018959120460194,0.0002042275094455223,541,568,27,7,4,4,8,5,371,528,626
562,0,102,1,893,892,0,11,1,349,348,0.0,0.0,1,1,0,4,-1,5,10,0,527,946,578
563,0,206,1,950,949,0,41,1,475,474,0.0,0.0006126825283365669,1,722,721,3,-1,4,13,0,120,731,242
564,16,16,624,624,0,30,30,736,736,0,0.00034037918240920387,0.00034037918240920387,654,654,0,-1,3,3,4,1,740,480,960
565,1,1,332,332,0,2,2,332,332,0,0.0,0.0,1,1,0,-1,6,6,2,4,897,595,877
566,0,0,1,1,0,0,0,1,1,0,0.0,0.0,1,1,0,-1,-1,-1,3,0,829,723,774
567,16,118,544,899,355,58,58,631,631,0,0.0006467204465774873,0.0006807583648184077,746,752,6,4,3,3,10,4,75,409,718
568,9,9,502,502,0,42,42,468,468,0,6.807583648184077e-05,6.807583648184077e-05,455,455,0,-1,4,4,14,3,198,534,892
569,8,109,498,904,406,22,22,473,473,0,0.00010211375472276115,0.0002042275094455223,489,573,84,5,4,4,7,3,678,196,756
570,100,100,874,874,0,100,100,775,775,0,0.02209060893835733,0.022226760611321013,998,998,0,3,1,1,12,81,222,32,770
571,36,242,824,982,158,18,18,780,780,0,0.0006467204465774873,0.0026889955410327104,753,923,170,3,3,3,2,7,939,399,111
572,16,222,599,960,361,48,52,700,733,33,0.00010211375472276115,0.0006807583648184077,482,757,275,3,3,3,7,1,637,904,283
573,26,127,750,943,193,18,18,617,617,0,0.0006807583648184077,0.0006807583648184077,757,757,0,5,4,4,3,6,621,46,842
574,7,108,518,920,402,20,20,509,509,0,0.00013615167296368154,0.00013615167296368154,512,512,0,5,4,4,6,2,455,724,885
575,169,271,935,969,34,164,164,951,951,0,0.002314578440382586,0.002484768031587188,900,904,4,4,2,2,10,20,285,95,447
576,32,134,724,927,203,70,70,774,774,0,0.0005105687736138058,0.0005105687736138058,699,699,0,4,3,3,9,7,395,237,598
577,0,102,1,927,926,0,8,1,401,400,0.0,6.807583648184077e-05,1,445,444,4,-1,5,5,0,602,838,406
578,2,103,366,930,564,4,4,413,413,0,6.807583648184077e-05,0.00010211375472276115,455,487,32,6,5,5,2,1,880,797,781
579,0,0,1,1,0,0,0,1,1,0,0.0,0.0,1,1,0,-1,-1,-1,4,0,344,822,814
580,0,0,1,1,0,0,0,1,1,0,0.0,0.0,1,1,0,-1,-1,-1,7,0,265,793,635
581,1063,1269,999,1000,1,312,312,999,999,0,0.018822968787228972,0.01923142380612002,997,997,0,3,2,2,12,127,44,11,387
582,28,130,797,957,160,12,12,603,603,0,0.00088498587426393,0.0010892133837094523,791,822,31,4,4,4,2,8,992,177,711
583,0,206,1,976,975,0,8,1,511,510,0.0,0.002144388849177984,1,899,898,3,-1,4,2,0,948,737,111
584,0,0,1,1,0,0,0,1,1,0,0.0,0.0,1,1,0,-1,-1,-1,15,0,102,951,520
585,8,214,540,972,432,18,18,617,617,0,0.0002723033459273631,0.005377991082065421,622,960,338,3,4,4,3,4,621,287,24
586,4,106,433,929,496,5,6,361,382,21,3.4037918240920386e-05,6.807583648184077e-05,407,453,46,4,5,5,4,4,461,398,506
587,16,118,632,941,309,26,26,740,740,0,0.00037441710065012424,0.0004084550188910446,661,672,11,4,3,3,4,1,562,797,718
588,6,107,457,934,477,14,14,523,523,0,0.0002042275094455223,0.0002042275094455223,583,583,0,5,4,4,3,1,680,809,430
589,25,25,749,749,0,20,20,735,735,0,0.0002723033459273631,0.0002723033459273631,615,615,0,-1,3,3,3,6,592,107,974
590,1307,1307,1000,1000,0,758,758,999,999,0,0.016610504101569147,0.016610504101569147,994,994,0,-1,2,2,33,118,9,37,747
591,0,0,1,1,0,0,0,1,1,0,0.0,0.0,1,1,0,-1,-1,-1,4,0,300,907,936
592,16,16,644,644,0,20,20,591,591,0,0.00013615167296368154,0.00013615167296368154,526,526,0,-1,3,3,5,3,601,578,934
593,2,2,358,358,0,8,8,376,376,0,0.0,0.0,1,1,0,-1,5,5,5,1,496,853,955
594,26,127,750,947,197,26,26,744,744,0,0.00030634126416828345,0.00034037918240920387,640,658,18,5,3,3,4,8,891,417,781
595,0,102,1,942,941,0,6,1,444,443,0.0,0.000442492937131965,1,685,684,4,-1,5,3,0,693,817,405
596,0,206,1,974,973,0,16,1,581,580,0.0,0.00034037918240920387,1,655,654,3,-1,4,4,0,721,918,377
597,6,622,399,992,593,52,70,538,633,95,0.00013615167296368154,0.002280540522141666,511,900,389,2,4,3,12,1,116,394,127
598,14,14,654,654,0,12,12,581,581,0,0.0006807583648184077,0.0006807583648184077,760,760,0,-1,4,4,2,3,752,351,858
599,66,682,884,999,115,12,22,586,763,177,0.0017018959120460194,0.0061949011198475104,872,966,94,2,4,3,2,19,934,72,57
600,0,102,1,940,939,0,5,1,368,367,0.0,0.00010211375472276115,1,476,475,4,-1,5,4,0,794,786,532
601,0,101,1,945,944,0,3,1,331,330,0.0,0.0,1,1,0,5,-1,6,3,0,535,813,710
602,6,212,485,977,492,11,24,504,717,213,3.4037918240920386e-05,0.0036760951700194017,400,936,536,3,4,4,4,2,794,575,21
603,7,7,566,566,0,12,12,714,714,0,0.0002382654276864427,0.0002382654276864427,605,605,0,-1,4,4,2,3,876,263,702
604,6,6,382,382,0,46,46,451,451,0,0.00030634126416828345,0.00030634126416828345,623,623,0,-1,4,4,15,2,77,805,783
605,2,2,367,367,0,6,6,391,391,0,0.0,0.0,1,1,0,-1,5,5,4,1,679,639,994
606,0,101,1,950,949,0,2,1,331,330,0.0,3.4037918240920386e-05,1,411,410,6,-1,7,2,0,897,969,842
607,0,102,1,917,916,0,8,1,391,390,0.0,0.0002382654276864427,1,591,590,4,-1,5,5,0,662,546,500
608,0,101,1,916,915,0,5,1,332,331,0.0,0.0,1,1,0,5,-1,6,5,0,662,967,931
609,2,2,367,367,0,8,8,418,418,0,0.0,0.0,1,1,0,-1,5,5,4,1,397,592,918
610,2,2,372,372,0,5,5,418,418,0,0.00017018959120460194,0.00017018959120460194,558,558,0,-1,5,5,3,1,674,322,349
611,6,6,379,379,0,34,34,405,405,0,3.4037918240920386e-05,3.4037918240920386e-05,401,401,0,-1,4,4,16,2,27,313,930
612,16,222,555,949,394,54,70,573,645,72,0.00010211375472276115,0.0015317063208414173,479,853,374,3,3,3,12,1,222,720,55
613,0,0,1,1,0,0,0,1,1,0,0.0,0.0,1,1,0,-1,-1,-1,3,0,915,772,954
614,43,144,877,976,99,28,28,905,905,0,0.0018720855032506212,0.002314578440382586,885,908,23,5,3,3,3,13,853,335,296
615,100,100,882,882,0,100,100,919,919,0,0.025902855781340415,0.02723033459273631,997,997,0,3,1,1,7,34,296,89,174
616,0,0,1,1,0,0,0,1,1,0,0.0,0.0,1,1,0,-1,-1,-1,4,0,424,564,649
617,135,237,926,965,39,94,94,871,871,0,0.002484768031587188,0.0031314884781646754,910,926,16,4,3,3,9,20,330,95,399
618,32,238,725,970,245,34,34,663,663,0,0.0007828721195411688,0.0009530617107457708,775,803,28,3,3,3,4,6,503,289,667
619,16,118,624,927,303,18,18,520,520,0,0.0002042275094455223,0.0002723033459273631,584,622,38,4,4,4,5,4,314,380,406
620,35,35,796,796,0,30,30,770,770,0,0.001497668402600497,0.001497668402600497,852,852,0,-1,3,3,4,10,945,296,824
621,2,618,358,996,638,8,25,369,577,208,0.0,0.0012594029749140542,1,827,826,2,5,3,6,2,441,692,341
622,0,101,1,901,900,0,7,1,332,331,0.0,0.0,1,1,0,5,-1,6,7,0,320,970,692
623,14,220,581,965,384,28,28,541,541,0,0.0002042275094455223,0.0006126825283365669,569,741,172,3,4,4,8,3,158,301,470
624,421,523,982,986,4,290,290,975,975,0,0.00616086320160659,0.006331052792811192,960,961,1,4,2,2,17,57,73,50,670
625,36,242,796,976,180,18,18,634,634,0,0.0007488342013002485,0.0010211375472276116,777,823,46,3,4,4,3,8,726,186,178
626,0,206,1,952,951,0,48,1,574,573,0.0,0.003267640151128357,1,929,928,3,-1,4,10,2,204,752,28
627,10,10,481,481,0,68,68,531,531,0,0.0002042275094455223,0.0002042275094455223,559,559,0,-1,4,4,16,7,27,451,713
628,144,246,922,965,43,128,128,933,933,0,0.0017018959120460194,0.00176997174852786,862,864,2,4,2,2,9,17,277,60,494
629,143,143,934,934,0,84,84,840,840,0,0.002552843868069029,0.002552843868069029,906,906,0,-1,3,3,9,21,177,123,872
630,6,622,388,991,603,45,90,448,599,151,3.4037918240920386e-05,0.0015317063208414173,404,856,452,2,4,3,17,2,39,575,92
631,4,106,414,905,491,6,6,395,395,0,6.807583648184077e-05,0.00017018959120460194,457,538,81,4,5,5,3,2,634,499,350
632,6,622,411,993,582,36,90,474,743,269,0.00013615167296368154,0.005956635692161067,515,964,449,2,4,3,12,1,106,360,24
633,8,8,514,514,0,26,26,522,522,0,3.4037918240920386e-05,3.4037918240920386e-05,396,396,0,-1,4,4,7,4,264,239,902
634,0,102,1,969,968,0,3,1,405,404,0.0,6.807583648184077e-05,1,448,447,4,-1,5,2,0,959,946,278
635,14,116,554,902,348,32,32,542,542,0,0.0002042275094455223,0.0002723033459273631,565,602,37,4,4,4,8,3,236,677,532
636,29,131,756,944,188,24,24,702,702,0,0.0004084550188910446,0.0005786446100956465,678,728,50,4,4,4,4,11,550,316,251
637,6,108,469,940,471,9,9,475,475,0,3.4037918240920386e-05,6.807583648184077e-05,399,449,50,4,4,4,3,2,676,597,506
638,0,0,1,1,0,0,0,1,1,0,0.0,0.0,1,1,0,-1,-1,-1,2,0,905,200,669
639,2,104,378,946,568,3,3,381,381,0,0.0,0.00017018959120460194,1,548,547,4,5,5,2,3,929,484,562
640,0,206,1,976,975,0,10,1,532,531,0.0,0.002144388849177984,1,902,901,3,-1,4,3,0,899,812,171
641,25,25,707,707,0,46,46,679,679,0,0.0009530617107457708,0.0009530617107457708,791,791,0,-1,3,3,8,7,371,427,990
642,0,616,1,990,989,0,76,1,509,508,0.0,0.0005105687736138058,1,690,689,2,-1,3,21,0,25,902,470
643,0,206,1,945,944,0,52,1,517,516,0.0,0.0010211375472276116,1,800,799,3,-1,4,14,1,144,779,71
644,16,222,526,953,427,59,68,535,569,34,3.4037918240920386e-05,0.0006807583648184077,405,752,347,3,3,3,15,2,68,719,387
645,365,365,973,973,0,402,402,986,986,0,0.006262976956329351,0.006262976956329351,961,961,0,-1,2,2,21,27,74,88,975
646,21,123,756,956,200,18,18,810,810,0,0.0005446066918547262,0.0006807583648184077,722,752,30,4,3,3,2,5,874,124,22
647,19,225,690,975,285,18,18,615,615,0,0.0007488342013002485,0.0037441710065012424,766,938,172,3,4,4,3,4,592,207,126
648,6,108,483,948,465,12,12,694,694,0,0.00034037918240920387,0.0005786446100956465,654,733,79,4,4,4,2,3,896,410,453
649,8,109,566,948,382,10,10,524,524,0,0.0002723033459273631,0.00034037918240920387,613,656,43,6,4,4,3,2,523,465,484
650,12,12,555,555,0,15,15,480,480,0,0.00010211375472276115,0.00010211375472276115,492,492,0,-1,4,4,4,2,671,579,356
651,0,206,1,970,969,0,12,1,450,449,0.0,0.00013615167296368154,1,511,510,3,-1,4,5,1,724,738,305
652,0,616,1,998,997,0,34,1,772,771,0.0,0.005173763572619898,1,958,957,2,-1,3,4,0,495,859,5
653,6,6,431,431,0,13,13,441,441,0,3.4037918240920386e-05,3.4037918240920386e-05,394,394,0,-1,4,4,6,2,606,509,786
654,17,223,641,970,329,34,34,744,744,0,0.00030634126416828345,0.0015317063208414173,621,859,238,3,3,3,4,2,832,101,68
655,23,23,754,754,0,18,18,669,669,0,0.0006807583648184077,0.0006807583648184077,771,771,0,-1,4,4,3,7,861,329,774
656,41,143,765,916,151,70,70,737,737,0,0.000442492937131965,0.0005786446100956465,684,731,47,4,3,3,9,11,274,249,311
657,0,0,1,1,0,0,0,1,1,0,0.0,0.0,1,1,0,-1,-1,-1,4,0,509,987,629
658,0,206,1,966,965,0,20,1,547,546,0.0,0.001497668402600497,1,851,850,3,-1,4,4,0,540,973,72
659,34,240,743,968,225,54,54,708,708,0,0.0004765308553728854,0.0006807583648184077,695,745,50,3,3,3,8,4,415,40,182
660,18,120,629,924,295,40,40,657,657,0,3.4037918240920386e-05,0.0005105687736138058,399,708,309,4,3,3,7,3,196,300,306
661,1,103,333,912,579,4,8,333,414,81,0.0,0.0008509479560230097,1,789,788,4,6,5,4,4,717,595,49
662,0,0,1,1,0,0,0,1,1,0,0.0,0.0,1,1,0,-1,-1,-1,2,0,733,975,611
663,22,22,670,670,0,28,28,614,614,0,0.0004765308553728854,0.0004765308553728854,698,698,0,-1,3,3,5,2,506,524,822
664,0,206,1,952,951,0,24,1,429,428,0.0,0.0005446066918547262,1,719,718,3,-1,4,11,0,229,936,138
665,6,6,409,409,0,15,15,393,393,0,3.4037918240920386e-05,3.4037918240920386e-05,400,400,0,-1,4,4,9,2,422,495,668
666,0,102,1,918,917,0,8,1,411,410,0.0,0.000442492937131965,1,692,691,4,-1,5,4,0,460,952,461
667,6,6,467,467,0,12,12,600,600,0,0.0005105687736138058,0.0005105687736138058,711,711,0,-1,4,4,2,1,925,759,429
668,122,122,902,902,0,102,102,786,786,0,0.0024507301133462676,0.0024507301133462676,910,910,0,-1,3,3,12,26,44,127,629
669,24,640,688,996,308,58,72,773,826,53,0.00037441710065012424,0.002382654276864427,652,901,249,2,3,3,7,4,450,622,73
670,12,12,497,497,0,37,37,422,422,0,0.00010211375472276115,0.00010211375472276115,486,486,0,-1,4,4,17,3,63,585,906
671,0,102,1,944,943,0,4,1,376,375,0.0,0.00010211375472276115,1,488,487,4,-1,5,3,0,902,846,710
672,0,616,1,993,992,0,52,1,646,645,0.0,0.00176997174852786,1,874,873,2,-1,3,9,0,147,851,61
673,0,0,1,1,0,0,0,1,1,0,0.0,0.0,1,1,0,-1,-1,-1,10,0,205,774,660
674,7,213,504,968,464,13,18,437,492,55,3.4037918240920386e-05,0.0006807583648184077,407,761,354,3,4,4,5,3,474,761,186
675,65,271,817,965,148,166,166,838,838,0,0.0007147962830593281,0.0012934408931549745,748,846,98,3,2,2,17,5,56,165,345
676,73,73,869,869,0,60,60,892,892,0,0.0033357159876101976,0.0033357159876101976,929,929,0,-1,3,3,5,12,502,104,839
677,34,240,685,957,272,106,106,734,734,0,0.0006126825283365669,0.0012594029749140542,725,830,105,3,3,3,15,4,124,326,163
678,0,101,1,935,934,0,2,1,331,330,0.0,0.0,1,1,0,5,-1,6,2,0,886,859,495
679,8,110,593,960,367,8,8,546,546,0,0.0002382654276864427,0.0013955546478777359,606,853,247,4,4,4,2,4,965,239,116
680,12,113,518,903,385,38,38,514,514,0,6.807583648184077e-05,6.807583648184077e-05,447,447,0,5,4,4,11,3,271,290,419
681,0,0,1,1,0,0,0,1,1,0,0.0,0.0,1,1,0,-1,-1,-1,7,0,207,860,715
682,0,206,1,976,975,0,7,1,477,476,0.0,0.0002723033459273631,1,611,610,3,-1,4,2,1,733,573,681
683,0,102,1,884,883,0,18,1,391,390,0.0,0.0002042275094455223,1,563,562,4,-1,5,10,0,205,822,432
684,26,26,715,715,0,42,42,693,693,0,0.00034037918240920387,0.00034037918240920387,639,639,0,-1,3,3,6,4,369,86,914
685,14,116,553,909,356,54,54,689,689,0,0.0004084550188910446,0.0006467204465774873,672,737,65,4,4,4,9,4,250,545,510
686,16,222,679,982,303,22,22,831,831,0,0.001157289220191293,0.0030974505599237552,838,938,100,3,3,3,2,1,957,612,63
687,36,138,683,900,217,86,86,568,568,0,0.00030634126416828345,0.00034037918240920387,616,633,17,4,3,3,18,6,64,368,421
688,9,9,558,558,0,16,16,548,548,0,0.00030634126416828345,0.00030634126416828345,627,627,0,-1,4,4,4,4,655,287,895
689,164,266,929,961,32,310,310,977,977,0,0.0036760951700194017,0.003710133088260322,936,936,0,4,2,2,18,12,64,104,495
690,0,0,1,1,0,0,0,1,1,0,0.0,0.0,1,1,0,-1,-1,-1,5,0,338,744,752
691,312,412,989,994,5,48,48,937,937,0,0.008237176214302734,0.008203138296061813,979,979,0,5,3,3,3,75,579,24,721
692,16,16,641,641,0,14,14,530,530,0,0.0002723033459273631,0.0002723033459273631,628,628,0,-1,4,4,3,6,819,368,713
693,0,102,1,908,907,0,10,1,395,394,0.0,0.0002042275094455223,1,565,564,4,-1,5,6,0,489,981,302
694,2,103,359,908,549,12,12,399,399,0,3.4037918240920386e-05,6.807583648184077e-05,399,450,51,5,5,5,7,1,336,555,292
695,2,2,373,373,0,3,3,374,374,0,3.4037918240920386e-05,3.4037918240920386e-05,411,411,0,-1,5,5,2,1,919,558,860
696,0,101,1,940,939,0,4,1,331,330,0.0,3.4037918240920386e-05,1,403,402,7,-1,8,4,0,789,546,640
697,0,0,1,1,0,0,0,1,1,0,0.0,0.0,1,1,0,-1,-1,-1,9,0,168,881,800
698,2,2,357,357,0,12,12,396,396,0,0.0,0.0,1,1,0,-1,5,5,7,3,637,466,881
699,8,8,518,518,0,18,18,595,595,0,0.0002723033459273631,0.0002723033459273631,620,620,0,-1,4,4,3,3,892,354,529
700,120,221,901,955,54,136,136,910,910,0,0.003199564314646516,0.0033016780693692774,919,926,7,5,3,3,11,12,229,104,411
701,102,204,884,950,66,122,122,831,831,0,0.0014295925661186562,0.0014636304843595766,842,843,1,4,3,3,12,17,143,60,523
702,10,10,549,549,0,18,18,554,554,0,0.0002042275094455223,0.0002042275094455223,562,562,0,-1,4,4,3,4,704,617,733
703,0,101,1,894,893,0,9,1,332,331,0.0,0.0,1,1,0,5,-1,6,9,1,136,529,292
704,0,206,1,977,976,0,12,1,614,613,0.0,0.0018720855032506212,1,887,886,3,-1,4,2,0,983,548,15
705,2,2,411,411,0,4,4,526,526,0,0.00017018959120460194,0.00017018959120460194,548,548,0,-1,5,5,2,2,973,493,733
706,0,206,1,956,955,0,42,1,582,581,0.0,0.0009530617107457708,1,799,798,3,-1,4,9,0,803,892,53
707,49,49,787,787,0,72,72,729,729,0,0.0006126825283365669,0.0006126825283365669,725,725,0,-1,3,3,10,8,254,177,835
708,0,206,1,967,966,0,13,1,454,453,0.0,0.0004765308553728854,1,702,701,3,-1,4,5,0,524,945,288
709,2,208,355,965,610,3,8,355,437,82,0.0,0.0008169100377820892,1,782,781,3,5,4,2,2,769,764,242
710,15,117,672,942,270,10,10,535,535,0,0.00034037918240920387,0.0007488342013002485,655,773,118,4,4,4,3,7,856,371,473
711,52,258,792,970,178,114,114,883,883,0,0.0013615167296368155,0.001497668402600497,840,847,7,3,2,2,10,7,99,224,202
712,0,102,1,891,890,0,14,1,388,387,0.0,0.00010211375472276115,1,478,477,4,-1,5,9,1,249,814,420
713,219,425,968,990,22,94,94,960,960,0,0.004288777698355968,0.009020048333843901,952,982,30,3,2,2,5,32,396,26,70
714,24,24,710,710,0,34,34,768,768,0,0.0005786446100956465,0.0005786446100956465,735,735,0,-1,3,3,4,3,641,268,611
715,22,124,750,957,207,18,18,798,798,0,0.0006126825283365669,0.0008169100377820892,745,793,48,4,3,3,2,3,906,525,301
716,206,822,952,996,44,140,160,831,878,47,0.0031314884781646754,0.006603356138738555,928,962,34,2,3,3,15,26,32,108,56
717,50,50,732,732,0,130,130,695,695,0,0.0009190237925048504,0.0009190237925048504,778,778,0,-1,3,3,19,10,19,272,814
718,12,218,525,958,433,28,36,456,506,50,0.0002042275094455223,0.000442492937131965,574,681,107,3,4,4,10,5,99,401,392
719,26,26,694,694,0,38,38,597,597,0,0.00013615167296368154,0.00013615167296368154,525,525,0,-1,4,4,7,6,265,683,789
720,45,251,859,986,127,12,12,631,631,0,0.001497668402600497,0.00176997174852786,861,877,16,3,4,4,2,18,625,54,589
721,9,9,588,588,0,8,8,488,488,0,0.00034037918240920387,0.00034037918240920387,664,664,0,-1,4,4,2,3,586,93,733
722,44,250,836,977,141,28,28,792,792,0,0.0012934408931549745,0.001497668402600497,850,864,14,3,3,3,3,9,864,415,249
723,16,16,517,517,0,106,106,657,657,0,0.00017018959120460194,0.00017018959120460194,542,542,0,-1,3,3,19,1,48,711,731
724,8,214,462,941,479,28,33,400,418,18,0.0,0.00030634126416828345,1,618,617,3,4,4,14,2,203,430,562
725,37,139,717,913,196,90,90,698,698,0,0.0004765308553728854,0.0005105687736138058,691,704,13,4,3,3,13,7,120,329,618
726,16,117,627,930,303,26,26,615,615,0,0.00010211375472276115,0.00010211375472276115,485,485,0,9,3,3,5,1,691,530,647
727,4,105,445,941,496,3,3,365,365,0,6.807583648184077e-05,0.00017018959120460194,442,554,112,5,5,5,2,3,705,441,659
728,17,119,705,955,250,22,22,828,828,0,0.0009530617107457708,0.0011232513019503727,813,836,23,4,3,3,2,4,874,305,371
729,13,114,653,947,294,8,8,502,502,0,0.0002042275094455223,0.0002382654276864427,574,599,25,5,4,4,2,3,739,291,626
730,2,2,369,369,0,5,5,393,393,0,3.4037918240920386e-05,3.4037918240920386e-05,409,409,0,-1,5,5,3,1,835,360,517
731,21,227,659,969,310,32,36,577,606,29,0.00037441710065012424,0.0014636304843595766,666,849,183,3,4,4,6,5,378,636,82
732,28,28,743,743,0,40,40,766,766,0,0.0004765308553728854,0.0004765308553728854,714,714,0,-1,3,3,5,6,565,494,744
733,16,117,607,918,311,28,28,700,700,0,0.0002382654276864427,0.0002382654276864427,595,595,0,5,3,3,3,1,837,282,578
734,70,70,847,847,0,96,96,903,903,0,0.002212464685659825,0.002212464685659825,894,894,0,-1,2,2,7,5,179,273,780
735,0,102,1,945,944,0,5,1,378,377,0.0,0.00017018959120460194,1,540,539,4,-1,5,4,0,754,915,115
736,78,284,877,981,104,40,40,800,800,0,0.001497668402600497,0.0019741992579733825,847,877,30,3,3,3,5,17,692,96,165
737,245,347,980,990,10,38,38,897,897,0,0.006603356138738555,0.007182000748834201,971,972,1,4,3,3,3,49,288,16,92
738,0,101,1,913,912,0,8,1,332,331,0.0,0.00013615167296368154,1,514,513,5,-1,6,8,0,468,614,761
739,130,336,946,988,42,48,48,920,920,0,0.002927260968719153,0.005037611899656217,916,954,38,3,3,3,3,20,855,38,69
740,0,0,1,1,0,0,0,1,1,0,0.0,0.0,1,1,0,-1,-1,-1,2,0,960,892,816
741,20,20,724,724,0,12,12,606,606,0,0.00037441710065012424,0.00037441710065012424,670,670,0,-1,4,4,2,5,907,178,462
742,24,126,657,908,251,60,60,669,669,0,0.00030634126416828345,0.0004765308553728854,627,684,57,4,3,3,9,4,269,501,287
743,0,0,1,1,0,0,0,1,1,0,0.0,0.0,1,1,0,-1,-1,-1,6,0,378,372,783
744,6,622,378,990,612,27,68,373,501,128,0.0,0.0006807583648184077,1,738,737,2,4,3,19,2,11,374,216
745,0,0,1,1,0,0,0,1,1,0,0.0,0.0,1,1,0,-1,-1,-1,10,2,243,684,916
746,0,206,1,965,964,0,21,1,482,481,0.0,0.0005786446100956465,1,727,726,3,-1,4,7,0,362,973,219
747,2,2,359,359,0,13,13,396,396,0,6.807583648184077e-05,6.807583648184077e-05,451,451,0,-1,5,5,7,1,118,879,715
748,1,102,332,940,608,2,2,332,332,0,3.4037918240920386e-05,0.00013615167296368154,403,516,113,5,6,6,2,2,977,764,870
749,0,0,1,1,0,0,0,1,1,0,0.0,0.0,1,1,0,-1,-1,-1,12,0,58,971,922
750,0,0,1,1,0,0,0,1,1,0,0.0,0.0,1,1,0,-1,-1,-1,10,0,135,635,930
751,55,261,883,986,103,24,24,757,757,0,0.0018380475850097008,0.002723033459273631,879,916,37,3,4,4,4,15,738,36,243
752,0,102,1,932,931,0,4,1,366,365,0.0,3.4037918240920386e-05,1,402,401,4,-1,5,3,0,844,833,599
753,378,480,983,989,6,208,208,986,986,0,0.008747744987916539,0.0088498587426393,975,976,1,4,2,2,10,50,204,33,552
754,0,101,1,941,940,0,2,1,326,325,0.0,0.0,1,1,0,5,-1,6,2,0,817,877,899
755,0,206,1,956,955,0,34,1,522,521,0.0,0.0005105687736138058,1,709,708,3,-1,4,9,0,200,944,103
756,2,104,345,860,515,30,33,376,386,10,3.4037918240920386e-05,0.00010211375472276115,392,464,72,4,5,5,19,2,11,842,536
757,0,102,1,913,912,0,6,1,365,364,0.0,0.0,1,1,0,4,-1,5,5,0,464,455,449
758,0,102,1,940,939,0,3,1,375,374,0.0,0.00017018959120460194,1,547,546,4,-1,5,2,1,977,554,310
759,0,102,1,953,952,0,4,1,425,424,0.0,0.0007488342013002485,1,775,774,4,-1,5,2,0,792,624,179
760,1,103,332,945,613,2,4,332,431,99,0.0,0.0004084550188910446,1,675,674,4,6,5,2,1,951,590,143
761,49,665,805,996,191,48,58,705,777,72,0.0005105687736138058,0.004356853534837809,707,948,241,2,3,3,7,11,170,83,14
762,46,148,766,922,156,72,72,698,698,0,0.0002723033459273631,0.0005105687736138058,610,708,98,4,3,3,10,5,135,182,354
763,0,102,1,928,927,0,8,1,438,437,0.0,0.0008169100377820892,1,788,787,4,-1,5,4,0,635,887,207
764,348,554,982,993,11,78,78,954,954,0,0.00888389666088022,0.009292351679771264,977,980,3,3,2,2,4,54,567,19,167
765,12,114,534,906,372,36,36,543,543,0,0.00013615167296368154,0.00034037918240920387,512,642,130,4,4,4,10,2,527,682,40
766,18,120,626,911,285,38,38,607,607,0,0.00017018959120460194,0.0008169100377820892,535,767,232,4,3,3,8,2,325,251,195
767,0,101,1,936,935,0,3,1,331,330,0.0,0.00010211375472276115,1,487,486,5,-1,6,3,0,568,822,231
768,22,124,710,941,231,30,30,731,731,0,0.001055175465468532,0.0013274788113958951,817,835,18,4,3,3,4,3,558,795,527
769,52,52,875,875,0,12,12,671,671,0,0.001055175465468532,0.001055175465468532,823,823,0,-1,4,4,2,20,929,189,963
770,0,102,1,905,904,0,6,1,353,352,0.0,0.0,1,1,0,4,-1,5,5,0,438,813,555
771,1,1,333,333,0,5,5,333,333,0,0.0,0.0,1,1,0,-1,7,7,5,2,382,663,604
772,6,212,440,972,532,12,16,460,522,62,6.807583648184077e-05,0.0007828721195411688,453,776,323,3,4,4,4,1,460,238,83
773,22,22,641,641,0,56,56,646,646,0,0.0005446066918547262,0.0005446066918547262,715,715,0,-1,3,3,11,2,379,473,860
774,2,103,346,888,542,14,14,361,361,0,0.0,0.0,1,1,0,5,5,5,12,2,226,692,595
775,0,206,1,954,953,0,18,1,432,431,0.0,0.00010211375472276115,1,480,479,3,-1,4,8,0,282,907,722
776,36,137,801,954,153,34,34,870,870,0,0.0013955546478777359,0.0014636304843595766,857,859,2,6,3,3,4,9,777,245,357
777,1,1,331,331,0,2,2,331,331,0,0.0,0.0,1,1,0,-1,7,7,2,2,849,582,769
778,25,25,768,768,0,18,18,660,660,0,0.0005786446100956465,0.0005786446100956465,736,736,0,-1,4,4,3,9,958,198,916
779,5,106,579,975,396,2,2,331,331,0,0.00013615167296368154,0.0002042275094455223,527,582,55,6,6,6,2,5,978,350,499
780,0,102,1,970,969,0,3,1,424,423,0.0,0.0004765308553728854,1,718,717,4,-1,5,2,0,920,716,234
781,147,353,934,981,47,134,134,986,986,0,0.0053439531638245,0.006467204465774873,960,968,8,3,2,2,6,17,630,327,45
782,28,28,761,761,0,24,24,745,745,0,0.0008169100377820892,0.0008169100377820892,789,789,0,-1,3,3,3,7,627,303,887
783,14,14,617,617,0,26,26,637,637,0,0.00017018959120460194,0.00017018959120460194,541,541,0,-1,4,4,5,4,452,501,974
784,42,144,800,942,142,46,46,810,810,0,0.0006467204465774873,0.0007828721195411688,740,768,28,4,3,3,5,6,173,376,607
785,39,39,839,839,0,12,12,625,625,0,0.0012934408931549745,0.0012934408931549745,844,844,0,-1,4,4,2,16,960,113,514
786,0,206,1,965,964,0,22,1,522,521,0.0,0.0002042275094455223,1,567,566,3,-1,4,5,0,571,588,107
787,50,151,872,968,96,18,18,750,750,0,0.0013274788113958951,0.0015657442390823377,856,870,14,5,4,4,3,15,840,62,132
788,0,206,1,964,963,0,20,1,513,512,0.0,0.0005786446100956465,1,729,728,3,-1,4,6,0,606,961,355
789,59,59,881,881,0,12,12,610,610,0,0.0014295925661186562,0.0014295925661186562,867,867,0,-1,4,4,2,22,948,116,818
790,6,6,418,418,0,24,24,460,460,0,6.807583648184077e-05,6.807583648184077e-05,443,443,0,-1,4,4,9,1,395,552,587
791,0,102,1,908,907,0,8,1,385,384,0.0,0.00013615167296368154,1,522,521,4,-1,5,5,0,479,993,487
792,6,108,419,900,481,32,32,554,554,0,0.00017018959120460194,0.00017018959120460194,547,547,0,4,4,4,8,1,488,869,509
793,0,101,1,933,932,0,3,1,331,330,0.0,0.0,1,1,0,6,-1,7,3,0,912,696,595
794,2,618,350,992,642,27,116,375,703,328,0.0,0.0034037918240920387,1,936,935,2,5,3,18,1,34,503,88
795,1,103,332,949,617,2,4,332,428,96,0.0,0.0,1,1,0,4,8,5,2,2,895,448,346
796,24,24,771,771,0,18,18,808,808,0,0.0005105687736138058,0.0005105687736138058,716,716,0,-1,3,3,2,7,895,253,859
797,1,207,332,978,646,2,8,332,505,173,0.0,0.0007828721195411688,1,778,777,3,7,4,2,1,937,703,438
798,0,206,1,943,942,0,47,1,418,417,0.0,0.0002723033459273631,1,599,598,3,-1,4,21,0,1,276,501
799,14,630,593,998,405,19,34,511,691,180,0.0002382654276864427,0.002825147213996392,594,910,316,2,4,3,6,4,373,581,273
800,0,206,1,968,967,0,9,1,437,436,0.0,0.0002042275094455223,1,576,575,3,-1,4,4,0,354,804,408
801,82,184,869,955,86,88,88,904,904,0,0.002144388849177984,0.002144388849177984,887,887,0,4,2,2,8,11,541,52,305
802,1,103,332,957,625,2,3,332,388,56,0.0,0.0004765308553728854,1,709,708,4,6,5,2,1,967,640,283
803,16,118,629,932,303,16,16,534,534,0,0.00017018959120460194,0.0002042275094455223,541,564,23,4,4,4,4,9,384,341,434
804,58,159,841,947,106,46,46,813,813,0,0.0009870996289866913,0.0009870996289866913,801,801,0,6,3,3,5,14,599,243,181
805,0,206,1,956,955,0,20,1,415,414,0.0,0.000442492937131965,1,676,675,3,-1,4,9,0,330,946,296
806,52,258,765,962,197,182,182,785,785,0,0.0007828721195411688,0.001055175465468532,762,805,43,3,3,3,21,6,12,295,136
807,26,232,757,975,218,20,24,625,683,58,0.0007147962830593281,0.0011913271384322134,755,843,88,3,4,4,4,9,706,414,176
808,0,206,1,963,962,0,10,1,413,412,0.0,0.0004084550188910446,1,663,662,3,-1,4,4,0,410,900,465
809,0,101,1,919,918,0,5,1,331,330,0.0,0.0,1,1,0,5,-1,6,5,0,644,533,853
810,0,0,1,1,0,0,0,1,1,0,0.0,0.0,1,1,0,-1,-1,-1,14,0,127,822,919
811,0,102,1,896,895,0,11,1,399,398,0.0,0.00017018959120460194,1,533,532,4,-1,5,6,0,393,548,521
812,12,218,516,959,443,44,44,549,549,0,0.0002723033459273631,0.0004084550188910446,613,680,67,3,4,4,10,5,75,124,121
813,0,0,1,1,0,0,0,1,1,0,0.0,0.0,1,1,0,-1,-1,-1,16,0,53,910,205
814,0,616,1,992,991,0,68,1,774,773,0.0,0.005003573981415297,1,956,955,2,-1,3,8,0,260,502,142
815,65,166,934,986,52,18,18,904,904,0,0.002144388849177984,0.002144388849177984,896,896,0,5,3,3,2,20,936,71,788
816,6,212,392,954,562,40,44,530,557,27,6.807583648184077e-05,0.0006467204465774873,438,738,300,3,4,4,10,2,205,532,243
817,6,6,391,391,0,30,30,423,423,0,3.4037918240920386e-05,3.4037918240920386e-05,393,393,0,-1,4,4,13,1,41,935,802
818,0,0,1,1,0,0,0,1,1,0,0.0,0.0,1,1,0,-1,-1,-1,8,0,357,359,983
819,100,100,885,885,0,100,100,925,925,0,0.022669253548452978,0.022669253548452978,994,994,0,5,1,1,7,15,209,206,878
820,3,3,447,447,0,4,4,406,406,0,0.00010211375472276115,0.00010211375472276115,484,484,0,-1,5,5,2,3,232,373,892
821,0,206,1,953,952,0,36,1,511,510,0.0,0.0015657442390823377,1,849,848,3,-1,4,10,0,272,922,128
822,0,0,1,1,0,0,0,1,1,0,0.0,0.0,1,1,0,-1,-1,-1,4,0,949,993,855
823,163,163,960,960,0,54,54,873,873,0,0.003778208924742163,0.003778208924742163,945,945,0,-1,3,3,4,37,558,74,851
824,143,143,946,946,0,64,64,948,948,0,0.00353994349705572,0.00353994349705572,937,937,0,-1,3,3,4,30,885,39,992
825,6,107,419,899,480,18,18,419,419,0,6.807583648184077e-05,6.807583648184077e-05,450,450,0,5,4,4,9,1,168,337,558
826,0,206,1,969,968,0,10,1,442,441,0.0,0.00034037918240920387,1,655,654,3,-1,4,3,0,892,758,345
827,7,108,522,919,397,8,8,439,439,0,3.4037918240920386e-05,6.807583648184077e-05,406,448,42,5,4,4,3,3,459,563,506
828,189,395,951,980,29,88,88,849,849,0,0.00442492937131965,0.005514142755029102,947,962,15,3,3,3,8,31,197,76,277
829,0,206,1,950,949,0,23,1,406,405,0.0,0.00010211375472276115,1,481,480,3,-1,4,12,1,96,913,270
830,0,101,1,922,921,0,3,1,331,330,0.0,3.4037918240920386e-05,1,406,405,5,-1,6,3,0,588,998,682
831,32,1672,741,1000,259,40,74,723,921,198,0.0009530617107457708,0.026039007454304094,801,995,194,1,3,2,5,6,390,471,1
832,81,81,923,923,0,18,18,695,695,0,0.0026209197045508697,0.0026209197045508697,923,923,0,-1,4,4,3,30,862,39,388
833,0,206,1,951,950,0,28,1,454,453,0.0,0.0004765308553728854,1,704,703,3,-1,4,11,1,333,706,264
834,14,220,586,969,383,27,32,532,573,41,0.00017018959120460194,0.0014636304843595766,544,842,298,3,4,4,8,3,323,677,183
835,10,10,631,631,0,12,12,720,720,0,0.0004084550188910446,0.0004084550188910446,690,690,0,-1,4,4,2,3,851,704,744
836,0,616,1,995,994,0,56,1,660,659,0.0,0.0034718676605738795,1,935,934,2,-1,3,9,3,803,753,34
837,0,616,1,993,992,0,42,1,632,631,0.0,0.0026549576227917903,1,915,914,2,-1,3,8,0,137,620,69
838,4,4,459,459,0,4,4,417,417,0,0.0002723033459273631,0.0002723033459273631,618,618,0,-1,5,5,2,5,618,722,330
839,0,206,1,959,958,0,36,1,602,601,0.0,0.0026889955410327104,1,915,914,3,-1,4,6,0,312,766,76
840,0,0,1,1,0,0,0,1,1,0,0.0,0.0,1,1,0,-1,-1,-1,4,0,495,699,872
841,0,0,1,1,0,0,0,1,1,0,0.0,0.0,1,1,0,-1,-1,-1,7,0,346,774,859
842,2,2,351,351,0,18,18,382,382,0,3.4037918240920386e-05,3.4037918240920386e-05,399,399,0,-1,5,5,11,3,162,466,644
843,6,108,433,910,477,26,26,573,573,0,0.00017018959120460194,0.0002042275094455223,545,569,24,4,4,4,5,1,377,891,618
844,2,104,357,910,553,7,10,372,425,53,3.4037918240920386e-05,0.00030634126416828345,403,631,228,4,5,5,5,1,669,924,450
845,0,0,1,1,0,0,0,1,1,0,0.0,0.0,1,1,0,-1,-1,-1,2,1,684,835,644
846,52,153,859,958,99,28,28,810,810,0,0.0018380475850097008,0.0018720855032506212,876,876,0,5,3,3,3,12,712,58,464
847,16,222,695,979,284,12,12,715,715,0,0.001055175465468532,0.0013274788113958951,825,847,22,3,4,4,2,4,684,185,52
848,42,144,727,915,188,84,84,648,648,0,0.0005105687736138058,0.0006467204465774873,701,736,35,4,3,3,13,8,165,250,198
849,2,208,355,968,613,9,22,391,543,152,0.00013615167296368154,0.0034037918240920387,513,929,416,3,5,4,5,1,392,537,126
850,0,102,1,916,915,0,6,1,400,399,0.0,0.000442492937131965,1,691,690,4,-1,5,3,0,687,938,159
851,2,103,373,940,567,4,4,405,405,0,0.0,0.00013615167296368154,1,533,532,5,5,5,2,2,894,654,230
852,10,10,623,623,0,10,10,547,547,0,0.00030634126416828345,0.00030634126416828345,642,642,0,-1,4,4,3,4,867,557,751
853,2,103,349,892,543,18,18,386,386,0,3.4037918240920386e-05,3.4037918240920386e-05,384,384,0,5,5,5,12,3,219,708,506
854,0,0,1,1,0,0,0,1,1,0,0.0,0.0,1,1,0,-1,-1,-1,4,0,423,965,200
855,17,17,710,710,0,8,8,523,523,0,0.00034037918240920387,0.00034037918240920387,651,651,0,-1,4,4,2,5,942,636,865
856,5,107,466,942,476,3,3,368,368,0,0.0,0.00017018959120460194,1,555,554,4,5,5,2,3,609,572,810
857,4,4,409,409,0,8,8,365,365,0,3.4037918240920386e-05,3.4037918240920386e-05,407,407,0,-1,5,5,6,5,425,605,644
858,0,0,1,1,0,0,0,1,1,0,0.0,0.0,1,1,0,-1,-1,-1,3,0,725,940,772
859,45,147,869,975,106,18,18,775,775,0,0.001055175465468532,0.0011232513019503727,826,835,9,4,4,4,3,19,875,59,958
860,0,102,1,927,926,0,5,1,383,382,0.0,0.0004084550188910446,1,676,675,4,-1,5,3,0,839,426,245
861,0,0,1,1,0,0,0,1,1,0,0.0,0.0,1,1,0,-1,-1,-1,2,0,995,808,897
862,51,51,770,770,0,108,108,769,769,0,0.0004084550188910446,0.0004084550188910446,670,670,0,-1,3,3,14,8,121,417,757
863,22,228,652,967,315,46,46,670,670,0,0.00034037918240920387,0.0009190237925048504,650,789,139,3,3,3,8,3,468,525,390
864,0,206,1,976,975,0,14,1,591,590,0.0,0.002382654276864427,1,912,911,3,-1,4,3,0,732,801,105
865,51,51,793,793,0,64,64,721,721,0,0.001599782157323258,0.001599782157323258,859,859,0,-1,3,3,8,14,357,175,445
866,6,6,390,390,0,29,29,410,410,0,6.807583648184077e-05,6.807583648184077e-05,443,443,0,-1,4,4,14,3,79,755,939
867,166,166,931,931,0,144,144,935,935,0,0.002110350930937064,0.002110350930937064,887,887,0,-1,2,2,10,17,240,45,834
868,0,102,1,929,928,0,5,1,363,362,0.0,6.807583648184077e-05,1,446,445,4,-1,5,4,0,660,887,292
869,0,206,1,952,951,0,50,1,517,516,0.0,0.0012594029749140542,1,821,820,3,-1,4,15,0,138,821,45
870,22,123,816,976,160,12,12,779,779,0,0.0006467204465774873,0.0012594029749140542,756,841,85,5,4,4,2,9,884,293,396
871,7,7,531,531,0,4,4,396,396,0,0.0002382654276864427,0.0002382654276864427,585,585,0,-1,5,5,2,5,966,487,731
872,22,22,606,606,0,176,176,869,869,0,0.0009530617107457708,0.0009530617107457708,796,796,0,-1,3,3,16,4,27,440,707
873,50,152,831,953,122,34,34,742,742,0,0.0009190237925048504,0.0010211375472276116,800,813,13,4,3,3,4,14,558,175,313
874,16,632,590,994,404,70,70,770,770,0,0.00017018959120460194,0.0019741992579733825,552,879,327,2,3,3,9,1,388,553,63
875,100,100,886,886,0,100,100,913,913,0,0.025902855781340415,0.026209197045508698,996,996,0,3,1,1,7,48,678,56,336
876,139,241,974,992,18,56,56,994,994,0,0.02569862827189489,0.025936893699581333,997,997,0,4,2,2,2,27,788,88,168
877,13,219,651,980,329,12,12,649,649,0,0.00037441710065012424,0.003165526396405596,654,936,282,3,4,4,2,3,838,653,126
878,28,130,696,917,221,70,70,707,707,0,0.0006126825283365669,0.0007488342013002485,727,756,29,4,3,3,11,6,174,494,353
879,8,8,515,515,0,13,13,444,444,0,0.00010211375472276115,0.00010211375472276115,482,482,0,-1,4,4,5,5,561,401,804
880,136,136,937,937,0,52,52,787,787,0,0.002212464685659825,0.002212464685659825,893,893,0,-1,3,3,7,34,697,89,831
881,6,108,390,896,506,51,51,523,523,0,0.00030634126416828345,0.00030634126416828345,630,630,0,4,4,4,14,1,79,500,623
882,0,101,1,901,900,0,7,1,332,331,0.0,0.0,1,1,0,5,-1,6,7,0,171,695,509
883,12,113,682,964,282,8,8,564,564,0,0.00010211375472276115,0.0004084550188910446,482,691,209,5,4,4,2,4,890,259,461
884,0,616,1,999,998,0,20,1,631,630,0.0,0.0013274788113958951,1,839,838,2,-1,3,4,0,550,906,622
885,0,0,1,1,0,0,0,1,1,0,0.0,0.0,1,1,0,-1,-1,-1,3,0,989,388,856
886,23,1663,768,1000,232,18,56,816,988,172,0.0002723033459273631,0.051499370298512544,616,998,382,1,3,2,2,6,809,683,126
887,0,0,1,1,0,0,0,1,1,0,0.0,0.0,1,1,0,-1,-1,-1,15,0,45,488,901
888,47,47,895,895,0,8,8,602,602,0,0.0018040096667687805,0.0018040096667687805,885,885,0,-1,4,4,2,19,898,91,604
889,0,206,1,976,975,0,10,1,493,492,0.0,0.00030634126416828345,1,628,627,3,-1,4,4,0,553,892,891
890,0,0,1,1,0,0,0,1,1,0,0.0,0.0,1,1,0,-1,-1,-1,14,0,122,429,780
891,4,106,416,908,492,10,10,410,410,0,6.807583648184077e-05,0.00013615167296368154,453,517,64,4,5,5,5,2,474,680,505
892,0,0,1,1,0,0,0,1,1,0,0.0,0.0,1,1,0,-1,-1,-1,3,0,798,886,747
893,0,102,1,892,891,0,16,1,398,397,0.0,0.00034037918240920387,1,645,644,4,-1,5,8,0,357,898,700
894,34,135,724,922,198,48,48,615,615,0,0.0005446066918547262,0.0005446066918547262,713,713,0,6,4,4,10,9,437,245,595
895,2,103,360,917,557,6,6,405,405,0,0.0,3.4037918240920386e-05,1,396,395,5,5,5,3,1,725,463,862
896,0,0,1,1,0,0,0,1,1,0,0.0,0.0,1,1,0,-1,-1,-1,4,0,562,955,816
897,6,6,452,452,0,20,20,597,597,0,0.0,0.0,1,1,0,-1,4,4,4,1,735,152,824
898,187,393,969,990,21,112,112,996,996,0,0.008305252050784574,0.00891793457912114,978,978,0,3,2,2,4,28,475,41,293
899,78,78,880,880,0,50,50,832,832,0,0.001599782157323258,0.001599782157323258,865,865,0,-1,3,3,5,14,363,146,830
900,0,0,1,1,0,0,0,1,1,0,0.0,0.0,1,1,0,-1,-1,-1,30,0,7,716,472
901,94,196,847,940,93,202,202,895,895,0,0.0018720855032506212,0.001940161339732462,876,878,2,4,2,2,18,9,34,277,570
902,2,104,377,950,573,6,6,490,490,0,3.4037918240920386e-05,0.00017018959120460194,396,548,152,4,5,5,3,1,984,873,891
903,523,624,993,997,4,118,118,994,994,0,0.01405766023350012,0.01405766023350012,989,989,0,9,2,2,5,83,438,10,647
904,22,123,665,919,254,44,44,692,692,0,0.0002382654276864427,0.0002382654276864427,591,591,0,7,3,3,7,2,525,634,972
905,26,26,702,702,0,36,36,684,684,0,0.0005786446100956465,0.0005786446100956465,721,721,0,-1,3,3,5,6,426,379,669
906,24,640,694,998,304,46,46,737,737,0,0.0005105687736138058,0.0026889955410327104,709,919,210,2,3,3,6,5,549,619,129
907,7,7,498,498,0,12,12,440,440,0,3.4037918240920386e-05,3.4037918240920386e-05,396,396,0,-1,4,4,5,5,377,225,917
908,228,844,962,998,36,132,132,955,955,0,0.0053099152455835805,0.006501242384015794,957,967,10,2,2,2,8,27,357,88,163
909,6,6,405,405,0,33,33,442,442,0,6.807583648184077e-05,6.807583648184077e-05,446,446,0,-1,4,4,13,1,90,416,867
910,14,14,611,611,0,16,16,547,547,0,0.00010211375472276115,0.00010211375472276115,483,483,0,-1,4,4,4,4,401,501,825
911,0,0,1,1,0,0,0,1,1,0,0.0,0.0,1,1,0,-1,-1,-1,4,0,313,604,867
912,5,211,507,983,476,6,18,478,774,296,0.0002382654276864427,0.0042547397801150485,598,946,348,3,5,4,3,3,875,385,21
913,15,15,690,690,0,14,14,624,624,0,0.000442492937131965,0.000442492937131965,702,702,0,-1,4,4,3,5,569,487,871
914,0,0,1,1,0,0,0,1,1,0,0.0,0.0,1,1,0,-1,-1,-1,10,0,272,433,271
915,60,161,858,959,101,46,46,839,839,0,0.001497668402600497,0.001497668402600497,860,860,0,5,3,3,6,12,529,172,690
916,6,212,545,988,443,7,8,581,598,17,0.00017018959120460194,0.0007488342013002485,568,780,212,3,4,4,2,1,981,797,159
917,118,118,947,947,0,28,28,812,812,0,0.004220701861874128,0.004220701861874128,946,946,0,-1,3,3,3,25,857,105,776
918,2,2,350,350,0,13,13,379,379,0,0.0,0.0,1,1,0,-1,5,5,9,2,319,320,712
919,97,97,862,862,0,102,102,799,799,0,0.001055175465468532,0.001055175465468532,811,811,0,-1,3,3,11,17,227,327,825
920,15,15,705,705,0,13,13,702,702,0,0.00030634126416828345,0.00030634126416828345,642,642,0,-1,4,4,3,5,918,350,709
921,6,108,412,903,491,26,26,497,497,0,0.0002042275094455223,0.00030634126416828345,561,616,55,4,4,4,7,1,366,869,491
922,22,22,716,716,0,40,40,791,791,0,0.0004765308553728854,0.0004765308553728854,697,697,0,-1,3,3,5,4,463,551,819
923,16,117,654,941,287,18,18,673,673,0,0.0005446066918547262,0.0005786446100956465,718,725,7,5,4,4,3,6,901,490,140
924,68,170,893,970,77,34,34,905,905,0,0.002144388849177984,0.002314578440382586,898,903,5,4,3,3,3,13,716,42,720
925,50,151,867,968,101,48,48,965,965,0,0.005990673610401988,0.00616086320160659,959,960,1,5,2,2,3,4,569,86,332
926,2,2,359,359,0,7,7,372,372,0,0.0,0.0,1,1,0,-1,5,5,5,2,528,679,705
927,19,19,685,685,0,24,24,746,746,0,0.00034037918240920387,0.00034037918240920387,650,650,0,-1,3,3,3,4,842,501,629
928,123,123,949,949,0,38,38,884,884,0,0.00439089145307873,0.00439089145307873,953,953,0,-1,3,3,3,31,831,126,793
929,40,246,696,955,259,190,190,805,805,0,0.0006807583648184077,0.0008509479560230097,727,760,33,3,3,3,23,5,30,165,756
930,0,616,1,997,996,0,26,1,780,779,0.0,0.0026209197045508697,1,911,910,2,-1,3,4,0,721,849,98
931,0,206,1,972,971,0,7,1,455,454,0.0,0.00017018959120460194,1,556,555,3,-1,4,2,0,905,702,256
932,0,206,1,943,942,0,37,1,427,426,0.0,0.0010211375472276116,1,805,804,3,-1,4,15,1,37,428,166
933,149,355,931,979,48,102,102,918,918,0,0.0023486163586235067,0.0035059055788147996,902,933,31,3,2,2,8,22,317,116,171
934,36,36,852,852,0,12,12,692,692,0,0.0012934408931549745,0.0012934408931549745,854,854,0,-1,4,4,2,18,751,63,877
935,0,101,1,934,933,0,3,1,332,331,0.0,3.4037918240920386e-05,1,412,411,6,-1,7,3,0,530,836,781
936,16,16,554,554,0,36,36,536,536,0,0.0002382654276864427,0.0002382654276864427,580,580,0,-1,3,3,9,1,277,756,979
937,0,0,1,1,0,0,0,1,1,0,0.0,0.0,1,1,0,-1,-1,-1,6,0,489,960,934
938,19,121,640,917,277,24,24,475,475,0,0.0002382654276864427,0.000442492937131965,577,683,106,4,4,4,8,6,302,229,634
939,52,52,866,866,0,12,12,638,638,0,0.0024166921951053475,0.0024166921951053475,913,913,0,-1,4,4,2,19,232,91,778
940,0,102,1,956,955,0,5,1,444,443,0.0,0.0007828721195411688,1,779,778,4,-1,5,3,1,877,767,281
941,4,106,449,929,480,6,6,433,433,0,0.00010211375472276115,0.00034037918240920387,487,648,161,4,5,5,3,2,583,549,424
942,12,12,539,539,0,38,38,607,607,0,0.00034037918240920387,0.00034037918240920387,638,638,0,-1,4,4,7,3,321,121,766
943,50,152,828,954,126,50,50,825,825,0,0.0008169100377820892,0.001497668402600497,781,855,74,4,3,3,5,6,326,194,497
944,23,23,664,664,0,52,52,647,647,0,0.00034037918240920387,0.00034037918240920387,642,642,0,-1,3,3,9,4,147,339,629
945,165,266,970,985,15,38,38,892,892,0,0.0045270431260424114,0.004595118962524252,952,954,2,5,3,3,3,49,814,51,290
946,11,113,596,929,333,12,12,567,567,0,0.000442492937131965,0.0007488342013002485,690,770,80,4,4,4,2,4,905,315,22
947,94,300,840,969,129,170,170,826,826,0,0.0007828721195411688,0.00088498587426393,754,767,13,3,2,2,19,11,48,249,541
948,80,182,880,963,83,34,34,734,734,0,0.0014295925661186562,0.0015657442390823377,843,853,10,4,3,3,4,14,822,146,210
949,0,102,1,885,884,0,11,1,350,349,0.0,0.0,1,1,0,4,-1,5,10,0,82,740,748
950,32,238,753,973,220,42,46,710,734,24,0.0007828721195411688,0.002586881786309949,775,904,129,3,3,3,6,6,387,494,35
951,9,111,536,914,378,20,20,483,483,0,0.0002723033459273631,0.00037441710065012424,621,665,44,4,4,4,6,6,328,392,368
952,18,18,613,613,0,52,52,630,630,0,0.00010211375472276115,0.00010211375472276115,485,485,0,-1,3,3,9,2,245,408,522
953,0,206,1,943,942,0,49,1,472,471,0.0,0.0005446066918547262,1,701,700,3,-1,4,17,0,210,898,497
954,0,102,1,892,891,0,16,1,387,386,0.0,6.807583648184077e-05,1,448,447,4,-1,5,10,0,153,916,870
955,0,0,1,1,0,0,0,1,1,0,0.0,0.0,1,1,0,-1,-1,-1,2,0,896,847,478
956,24,24,690,690,0,26,26,572,572,0,0.0004084550188910446,0.0004084550188910446,677,677,0,-1,4,4,5,10,571,266,998
957,1,102,333,936,603,2,2,333,333,0,0.0,0.0,1,1,0,5,6,6,2,2,972,663,466
958,40,142,797,947,150,36,36,722,722,0,0.0006807583648184077,0.0008509479560230097,766,792,26,4,3,3,5,9,294,154,447
959,74,74,893,893,0,52,52,963,963,0,0.003948398515946765,0.003948398515946765,942,942,0,-1,2,2,3,8,831,174,910
960,0,0,1,1,0,0,0,1,1,0,0.0,0.0,1,1,0,-1,-1,-1,7,0,342,903,517
961,0,101,1,933,932,0,2,1,332,331,0.0,0.0,1,1,0,5,-1,6,2,1,653,787,879
962,0,101,1,899,898,0,7,1,332,331,0.0,3.4037918240920386e-05,1,391,390,5,-1,6,7,0,207,910,748
963,175,175,918,918,0,244,244,897,897,0,0.002757071377514551,0.002757071377514551,911,911,0,-1,2,2,20,23,5,122,998
964,12,114,643,949,306,10,10,519,519,0,0.0002042275094455223,0.001157289220191293,580,835,255,4,4,4,3,5,642,636,166
965,0,206,1,988,987,0,8,1,645,644,0.0,0.0024166921951053475,1,908,907,3,-1,4,2,0,962,971,98
966,1,1,333,333,0,3,3,333,333,0,0.0,0.0,1,1,0,-1,8,8,3,1,471,765,811
967,5,5,452,452,0,5,5,395,395,0,0.0,0.0,1,1,0,-1,5,5,3,3,636,572,883
968,0,0,1,1,0,0,0,1,1,0,0.0,0.0,1,1,0,-1,-1,-1,4,0,617,728,926
969,2,618,358,995,637,5,21,358,595,237,0.0,0.0014636304843595766,1,849,848,2,5,3,4,2,638,615,722
970,35,136,798,946,148,20,20,605,605,0,0.0006467204465774873,0.0006467204465774873,748,748,0,5,4,4,4,14,767,139,623
971,0,0,1,1,0,0,0,1,1,0,0.0,0.0,1,1,0,-1,-1,-1,7,0,447,976,733
972,82,698,881,998,117,42,46,816,843,27,0.0013274788113958951,0.0046972327172470135,846,954,108,2,3,3,5,13,476,42,126
973,8,8,576,576,0,10,10,531,531,0,0.00010211375472276115,0.00010211375472276115,488,488,0,-1,4,4,3,3,569,541,792
974,39,39,801,801,0,30,30,715,715,0,0.0005786446100956465,0.0005786446100956465,731,731,0,-1,3,3,4,8,512,177,825
975,4,4,455,455,0,8,8,445,445,0,0.0005105687736138058,0.0005105687736138058,717,717,0,-1,5,5,4,3,794,209,982
976,1,103,333,961,628,2,4,333,454,121,0.0,3.4037918240920386e-05,1,402,401,4,6,5,2,3,481,748,689
977,190,190,932,932,0,326,326,902,902,0,0.0021784267674189047,0.0021784267674189047,892,892,0,-1,3,3,30,18,7,171,818
978,38,139,726,914,188,88,88,759,759,0,0.0004765308553728854,0.0004765308553728854,694,694,0,6,3,3,12,5,194,221,640
979,8,8,506,506,0,21,21,479,479,0,0.00010211375472276115,0.00010211375472276115,481,481,0,-1,4,4,7,3,340,290,955
980,0,206,1,965,964,0,8,1,437,436,0.0,0.0004765308553728854,1,685,684,3,-1,4,2,0,769,782,589
981,0,102,1,883,882,0,11,1,350,349,0.0,3.4037918240920386e-05,1,399,398,4,-1,5,10,0,125,228,580
982,35,137,740,922,182,52,52,693,693,0,0.0009870996289866913,0.0011232513019503727,800,823,23,4,3,3,7,6,331,232,670
983,0,102,1,897,896,0,8,1,358,357,0.0,0.0002723033459273631,1,610,609,4,-1,5,6,0,312,919,258
984,6,212,400,946,546,27,33,420,445,25,0.0,0.000442492937131965,1,676,675,3,4,4,13,1,91,837,616
985,34,240,702,959,257,44,48,519,538,19,0.00030634126416828345,0.0005786446100956465,625,723,98,3,4,4,12,7,184,188,482
986,16,16,770,770,0,8,8,641,641,0,0.0009190237925048504,0.0009190237925048504,800,800,0,-1,4,4,2,9,782,414,815
987,24,24,705,705,0,32,32,717,717,0,0.0004084550188910446,0.0004084550188910446,682,682,0,-1,3,3,5,3,290,93,745
988,37,37,730,730,0,76,76,649,649,0,6.807583648184077e-05,6.807583648184077e-05,437,437,0,-1,3,3,13,8,160,477,436
989,38,139,805,947,142,24,24,699,699,0,0.0006807583648184077,0.0006807583648184077,758,758,0,5,4,4,4,13,767,120,853
990,23,23,728,728,0,36,36,797,797,0,0.0010892133837094523,0.0010892133837094523,815,815,0,-1,3,3,5,6,695,471,855
991,18,18,619,619,0,44,44,635,635,0,0.0006126825283365669,0.0006126825283365669,723,723,0,-1,4,4,8,3,380,507,205
992,0,0,1,1,0,0,0,1,1,0,0.0,0.0,1,1,0,-1,-1,-1,11,1,76,948,633
993,6,6,442,442,0,10,10,467,467,0,0.0002042275094455223,0.0002042275094455223,571,571,0,-1,4,4,3,1,703,556,884
994,44,44,837,837,0,34,34,792,792,0,0.0009530617107457708,0.0009530617107457708,811,811,0,-1,3,3,4,12,563,163,750
995,0,101,1,889,888,0,12,1,330,329,0.0,0.0,1,1,0,5,-1,6,12,0,106,918,781
996,14,220,587,970,383,18,22,513,552,39,0.0002723033459273631,0.000442492937131965,621,690,69,3,4,4,5,3,438,236,655
997,14,115,600,928,328,14,14,541,541,0,6.807583648184077e-05,0.00010211375472276115,445,482,37,5,4,4,3,4,930,443,364
998,6,108,410,891,481,22,22,434,434,0,3.4037918240920386e-05,6.807583648184077e-05,393,444,51,4,4,4,9,2,192,550,485
999,2,2,349,349,0,11,11,393,393,0,0.00013615167296368154,0.00013615167296368154,516,516,0,-1,5,5,6,2,498,805,388
