,FreeNet_pre_score,FreeNet_post_score,FreeNet_pre_rank,FreeNet_post_rank,FreeNet_delta_ranks,Reversed_pre_score,Reversed_post_score,Reversed_pre_rank,Reversed_post_rank,Reversed_delta_ranks,Random_pre_score,Random_post_score,Random_pre_rank,Random_post_rank,Random_delta_ranks,dist_victim_relayer,dist_victim_vilain_pre,dist_victim_vilain_post,out_deg_victim,in_deg_villain,victim,villain,relayer
0,178,794,952,998,46,64,64,926,926,0,0.004663194799006093,0.007318152421797883,955,973,18,2,3,3,4,31,516,126,26
1,100,100,943,943,0,100,100,997,997,0,0.04966132271350284,0.04966132271350284,999,999,0,4,1,1,3,1,796,738,270
2,6,6,422,422,0,28,28,489,489,0,6.807583648184077e-05,6.807583648184077e-05,453,453,0,-1,4,4,8,1,225,416,818
3,2,208,357,968,611,7,11,387,421,34,3.4037918240920386e-05,0.00013615167296368154,394,521,127,3,5,4,4,3,509,755,655
4,8,8,470,470,0,54,54,523,523,0,0.00017018959120460194,0.00017018959120460194,529,529,0,-1,4,4,13,2,115,22,984
5,16,118,565,903,338,64,64,753,753,0,0.000442492937131965,0.0004765308553728854,687,699,12,4,3,3,8,1,218,404,287
6,6,212,400,954,554,40,48,496,538,42,0.00010211375472276115,0.0007147962830593281,473,751,278,3,4,4,12,1,58,152,616
7,13,115,660,946,286,12,12,631,631,0,0.0002042275094455223,0.0005105687736138058,587,727,140,4,4,4,2,3,776,653,303
8,17,17,669,669,0,32,32,764,764,0,0.00034037918240920387,0.00034037918240920387,647,647,0,-1,3,3,5,2,663,566,513
9,0,206,1,947,946,0,36,1,431,430,0.0,0.0004765308553728854,1,690,689,3,-1,4,15,0,45,983,333
10,2,2,359,359,0,9,9,371,371,0,0.0,0.0,1,1,0,-1,5,5,7,1,698,687,388
11,52,258,805,971,166,90,90,833,833,0,0.0011913271384322134,0.002484768031587188,828,903,75,3,3,3,10,6,241,397,58
12,297,297,977,977,0,108,108,930,930,0,0.004595118962524252,0.004595118962524252,952,952,0,-1,3,3,8,57,301,50,983
13,38,38,669,669,0,120,120,719,719,0,0.0005786446100956465,0.0005786446100956465,706,706,0,-1,3,3,17,3,103,301,758
14,133,339,948,985,37,64,64,955,955,0,0.003369753905851118,0.008986010415602982,932,975,43,3,3,3,4,28,593,98,19
15,8,214,487,952,465,42,50,489,525,36,0.0002042275094455223,0.0004084550188910446,563,658,95,3,4,4,13,2,90,680,339
16,16,632,529,991,462,80,98,587,675,88,0.00010211375472276115,0.0012253650566731338,481,823,342,2,3,3,15,1,40,904,312
17,34,136,704,910,206,45,45,581,581,0,0.00030634126416828345,0.0004084550188910446,629,670,41,4,3,3,10,4,272,380,682
18,66,266,823,969,146,80,80,692,692,0,0.0008169100377820892,0.0021784267674189047,766,886,120,3,3,3,12,10,348,413,66
19,0,206,1,949,948,0,24,1,454,453,0.0,0.0004084550188910446,1,675,674,3,-1,4,8,0,483,919,232
20,89,89,919,919,0,28,28,815,815,0,0.0026889955410327104,0.0026889955410327104,918,918,0,-1,3,3,3,20,530,94,880
21,75,691,896,999,103,20,30,694,794,100,0.0018720855032506212,0.006092787365124749,880,962,82,2,4,3,4,21,777,157,74
22,2,208,367,976,609,6,11,395,496,101,0.0,0.0007147962830593281,1,767,766,3,5,4,4,1,553,337,189
23,18,120,687,943,256,14,14,577,577,0,0.0005786446100956465,0.0007147962830593281,720,752,32,4,4,4,3,5,912,221,491
24,26,26,721,721,0,36,36,696,696,0,0.0005446066918547262,0.0005446066918547262,710,710,0,-1,4,4,6,5,575,418,777
25,24,640,673,995,322,30,60,612,852,240,0.0005786446100956465,0.008135062459579971,728,976,248,2,4,3,5,4,496,40,9
26,0,206,1,963,962,0,34,1,543,542,0.0,0.0007488342013002485,1,760,759,3,-1,4,9,0,388,973,82
27,38,244,706,956,250,164,164,895,895,0,0.0010211375472276116,0.0018040096667687805,802,872,70,3,3,3,14,3,85,642,103
28,0,206,1,965,964,0,22,1,564,563,0.0,0.0017018959120460194,1,871,870,3,-1,4,5,1,311,830,146
29,0,0,1,1,0,0,0,1,1,0,0.0,0.0,1,1,0,-1,-1,-1,4,0,458,992,793
30,0,0,1,1,0,0,0,1,1,0,0.0,0.0,1,1,0,-1,-1,-1,9,0,306,542,529
31,0,0,1,1,0,0,0,1,1,0,0.0,0.0,1,1,0,-1,-1,-1,5,0,565,971,850
32,6,6,438,438,0,10,10,448,448,0,3.4037918240920386e-05,3.4037918240920386e-05,405,405,0,-1,4,4,4,1,783,593,818
33,183,389,951,983,32,118,118,945,945,0,0.0048674223084516155,0.005105687736138058,953,957,4,3,3,3,8,31,131,126,124
34,6,6,573,573,0,8,8,641,641,0,0.00037441710065012424,0.00037441710065012424,679,679,0,-1,4,4,2,2,936,482,965
35,2,104,392,964,572,3,4,398,451,53,0.0,0.0004084550188910446,1,690,689,4,5,5,2,1,810,337,412
36,0,0,1,1,0,0,0,1,1,0,0.0,0.0,1,1,0,-1,-1,-1,12,0,62,769,887
37,0,206,1,971,970,0,12,1,469,468,0.0,0.000442492937131965,1,684,683,3,-1,4,5,1,456,828,191
38,617,617,990,990,0,380,380,992,992,0,0.010143299635794275,0.010143299635794275,979,979,0,-1,2,2,19,70,38,18,769
39,44,145,730,905,175,74,74,586,586,0,0.0002382654276864427,0.0002382654276864427,580,580,0,6,4,4,15,9,0,391,663
40,119,119,890,890,0,194,194,937,937,0,0.0020763130126961434,0.0020763130126961434,884,884,0,-1,3,3,14,20,121,87,963
41,2,104,366,930,564,6,6,366,366,0,0.0,0.00010211375472276115,1,490,489,4,5,5,5,1,685,639,579
42,4,620,382,988,606,34,130,393,697,304,3.4037918240920386e-05,0.006297014874570271,397,962,565,2,5,3,19,2,83,430,24
43,16,118,556,904,348,66,66,667,667,0,0.00013615167296368154,0.00017018959120460194,514,544,30,4,3,3,10,1,189,282,274
44,91,297,840,964,124,150,150,772,772,0,0.0013955546478777359,0.002280540522141666,838,890,52,3,3,3,19,14,36,387,204
45,8,8,551,551,0,8,8,489,489,0,0.00037441710065012424,0.00037441710065012424,657,657,0,-1,4,4,2,2,733,465,973
46,6,212,404,949,545,30,34,449,469,20,3.4037918240920386e-05,0.0002382654276864427,404,600,196,3,4,4,11,1,279,799,637
47,0,206,1,959,958,0,28,1,488,487,0.0,0.0006807583648184077,1,748,747,3,-1,4,8,0,225,498,161
48,0,206,1,966,965,0,12,1,433,432,0.0,0.0002382654276864427,1,588,587,3,-1,4,4,0,448,984,239
49,2,104,373,936,563,6,6,441,441,0,0.00010211375472276115,0.00034037918240920387,490,656,166,4,5,5,3,2,716,532,683
50,12,12,488,488,0,92,92,547,547,0,0.00013615167296368154,0.00013615167296368154,502,502,0,-1,4,4,22,2,55,791,852
51,0,0,1,1,0,0,0,1,1,0,0.0,0.0,1,1,0,-1,-1,-1,2,0,905,919,981
52,12,113,617,937,320,14,14,578,578,0,0.0002382654276864427,0.0002382654276864427,585,585,0,6,4,4,3,4,288,551,590
53,161,367,967,992,25,32,32,906,906,0,0.005105687736138058,0.005786446100956465,964,966,2,3,3,3,2,36,954,48,136
54,0,0,1,1,0,0,0,1,1,0,0.0,0.0,1,1,0,-1,-1,-1,4,0,633,890,548
55,47,253,759,953,194,182,182,880,880,0,0.001157289220191293,0.0011913271384322134,824,827,3,3,3,3,17,8,63,497,697
56,0,206,1,952,951,0,20,1,404,403,0.0,0.0002723033459273631,1,609,608,3,-1,4,10,1,109,650,458
57,2,104,360,893,533,15,15,387,387,0,3.4037918240920386e-05,3.4037918240920386e-05,400,400,0,4,5,5,9,2,394,550,577
58,35,651,723,993,270,48,62,600,685,85,0.0004084550188910446,0.0012934408931549745,676,833,157,2,3,3,9,5,287,528,204
59,36,36,800,800,0,30,30,745,745,0,0.0004765308553728854,0.0004765308553728854,696,696,0,-1,3,3,4,8,650,345,975
60,0,102,1,942,941,0,4,1,392,391,0.0,0.00017018959120460194,1,554,553,4,-1,5,2,1,771,835,248
61,14,14,667,667,0,14,14,625,625,0,0.00037441710065012424,0.00037441710065012424,660,660,0,-1,4,4,3,5,693,636,953
62,0,0,1,1,0,0,0,1,1,0,0.0,0.0,1,1,0,-1,-1,-1,6,0,328,726,834
63,0,616,1,998,997,0,20,1,773,772,0.0,0.0032336022328874367,1,931,930,2,-1,3,3,0,770,939,227
64,6,622,401,994,593,29,48,487,603,116,3.4037918240920386e-05,0.00037441710065012424,405,661,256,2,4,3,9,1,277,531,493
65,0,206,1,976,975,0,10,1,524,523,0.0,0.0013955546478777359,1,859,858,3,-1,4,3,1,888,789,73
66,0,102,1,911,910,0,9,1,396,395,0.0,0.00017018959120460194,1,539,538,4,-1,5,5,0,390,608,301
67,2,2,355,355,0,12,12,391,391,0,3.4037918240920386e-05,3.4037918240920386e-05,403,403,0,-1,5,5,7,2,170,690,569
68,0,0,1,1,0,0,0,1,1,0,0.0,0.0,1,1,0,-1,-1,-1,6,0,255,822,455
69,104,206,949,980,31,22,22,843,843,0,0.003608019333537561,0.0036760951700194017,938,939,1,4,3,3,2,27,841,25,430
70,14,116,603,931,328,24,24,650,650,0,0.0004765308553728854,0.0005446066918547262,692,722,30,4,4,4,4,4,641,637,244
71,221,323,972,983,11,80,80,943,943,0,0.005105687736138058,0.005173763572619898,956,957,1,4,3,3,5,50,294,33,305
72,28,28,705,705,0,48,48,666,666,0,0.001055175465468532,0.001055175465468532,814,814,0,-1,3,3,9,8,278,521,912
73,12,12,527,527,0,33,33,496,496,0,6.807583648184077e-05,6.807583648184077e-05,431,431,0,-1,4,4,11,3,248,441,844
74,6,212,406,954,548,26,30,459,495,36,3.4037918240920386e-05,0.0005105687736138058,390,707,317,3,4,4,9,2,316,648,377
75,440,542,993,996,3,80,80,955,955,0,0.013819394805813677,0.013853432724054596,989,989,0,4,3,3,5,85,314,0,503
76,0,616,1,992,991,0,60,1,667,666,0.0,0.002723033459273631,1,912,911,2,-1,3,11,0,379,638,135
77,0,616,1,988,987,0,63,1,517,516,0.0,0.0013615167296368155,1,833,832,2,-1,3,17,0,6,201,272
78,0,102,1,891,890,0,17,1,363,362,0.0,0.0,1,1,0,4,-1,5,14,0,84,732,661
79,0,102,1,950,949,0,3,1,387,386,0.0,0.0004084550188910446,1,675,674,4,-1,5,2,0,809,824,473
80,2,208,351,954,603,11,16,351,384,33,3.4037918240920386e-05,3.4037918240920386e-05,393,393,0,3,5,4,10,1,169,671,654
81,35,137,787,939,152,30,30,715,715,0,0.0007488342013002485,0.0009530617107457708,775,804,29,4,3,3,4,6,512,4,634
82,0,0,1,1,0,0,0,1,1,0,0.0,0.0,1,1,0,-1,-1,-1,6,1,489,835,863
83,12,113,583,925,342,26,26,628,628,0,0.00030634126416828345,0.00030634126416828345,631,631,0,6,4,4,5,2,552,634,708
84,0,102,1,956,955,0,4,1,450,449,0.0,0.0023486163586235067,1,902,901,4,-1,5,2,0,890,954,111
85,473,1089,989,1000,11,168,168,999,999,0,0.012049423057285817,0.013444977705163553,985,987,2,2,2,2,6,81,341,32,430
86,0,206,1,967,966,0,15,1,422,421,0.0,0.00010211375472276115,1,493,492,3,-1,4,8,0,449,856,319
87,27,128,797,958,161,22,22,833,833,0,0.0007828721195411688,0.0008509479560230097,784,797,13,5,3,3,2,9,929,212,523
88,1,1,332,332,0,2,2,332,332,0,3.4037918240920386e-05,3.4037918240920386e-05,395,395,0,-1,6,6,2,2,938,656,673
89,22,228,661,970,309,56,56,797,797,0,0.0005105687736138058,0.0006467204465774873,704,737,33,3,3,3,6,3,470,610,452
90,353,559,984,995,11,128,128,994,994,0,0.012389802239695021,0.01317267435923619,985,988,3,3,2,2,5,54,407,19,264
91,0,102,1,940,939,0,4,1,406,405,0.0,0.0008509479560230097,1,790,789,4,-1,5,2,0,943,989,67
92,3,105,453,945,492,4,4,393,393,0,0.00010211375472276115,0.0007488342013002485,495,781,286,4,5,5,2,3,771,441,131
93,108,210,911,960,49,104,104,886,886,0,0.0015657442390823377,0.0019741992579733825,856,885,29,4,3,3,9,18,119,148,250
94,0,0,1,1,0,0,0,1,1,0,0.0,0.0,1,1,0,-1,-1,-1,19,0,83,927,568
95,3,3,422,422,0,6,6,374,374,0,3.4037918240920386e-05,3.4037918240920386e-05,400,400,0,-1,5,5,4,2,921,430,877
96,0,616,1,993,992,0,48,1,676,675,0.0,0.006909697402906838,1,966,965,2,-1,3,7,0,447,928,0
97,0,616,1,995,994,0,44,1,670,669,0.0,0.0022465026039007454,1,892,891,2,-1,3,7,0,299,772,104
98,2,2,353,353,0,13,13,379,379,0,0.0,0.0,1,1,0,-1,5,5,9,1,389,503,201
99,0,206,1,953,952,0,29,1,438,437,0.0,0.0004765308553728854,1,705,704,3,-1,4,11,0,227,205,101
100,0,206,1,945,944,0,29,1,408,407,0.0,0.00010211375472276115,1,477,476,3,-1,4,14,0,181,953,474
101,0,206,1,970,969,0,26,1,637,636,0.0,0.0020763130126961434,1,888,887,3,-1,4,5,0,656,923,144
102,14,630,512,989,477,56,86,497,597,100,0.00030634126416828345,0.0012934408931549745,630,826,196,2,4,3,16,4,117,220,267
103,163,163,943,943,0,50,50,778,778,0,0.0040845501889104465,0.0040845501889104465,947,947,0,-1,3,3,5,31,546,102,988
104,0,102,1,912,911,0,9,1,386,385,0.0,0.0002382654276864427,1,597,596,4,-1,5,6,0,237,358,479
105,52,52,761,761,0,128,128,758,758,0,0.0004765308553728854,0.0004765308553728854,692,692,0,-1,2,2,16,5,42,362,514
106,12,114,570,918,348,34,34,609,609,0,0.000442492937131965,0.0006467204465774873,689,736,47,4,4,4,7,4,505,312,212
107,4,106,441,922,481,10,10,428,428,0,0.00017018959120460194,0.0002382654276864427,542,597,55,4,5,5,5,2,720,791,636
108,0,101,1,926,925,0,5,1,331,330,0.0,0.0,1,1,0,5,-1,6,5,0,843,836,572
109,12,12,524,524,0,44,44,519,519,0,6.807583648184077e-05,6.807583648184077e-05,441,441,0,-1,4,4,12,2,187,468,944
110,0,101,1,919,918,0,3,1,331,330,0.0,3.4037918240920386e-05,1,412,411,6,-1,7,3,0,780,651,605
111,2,104,370,939,569,3,3,371,371,0,0.0,0.0002042275094455223,1,591,590,4,5,5,2,1,283,734,516
112,14,14,635,635,0,14,14,505,505,0,0.00030634126416828345,0.00030634126416828345,643,643,0,-1,4,4,5,5,629,418,859
113,0,0,1,1,0,0,0,1,1,0,0.0,0.0,1,1,0,-1,-1,-1,9,0,394,774,911
114,0,0,1,1,0,0,0,1,1,0,0.0,0.0,1,1,0,-1,-1,-1,6,0,345,960,604
115,0,102,1,921,920,0,5,1,363,362,0.0,3.4037918240920386e-05,1,402,401,4,-1,5,4,2,280,709,238
116,6,107,468,930,462,10,10,484,484,0,0.00010211375472276115,0.00010211375472276115,482,482,0,5,4,4,3,1,923,561,771
117,6,212,409,962,553,20,24,422,468,46,3.4037918240920386e-05,0.0006467204465774873,400,749,349,3,4,4,9,3,422,321,381
118,78,694,847,993,146,104,104,872,872,0,0.002552843868069029,0.005616256509751864,911,963,52,2,3,3,9,12,269,100,105
119,0,206,1,971,970,0,9,1,462,461,0.0,0.00030634126416828345,1,624,623,3,-1,4,4,1,424,962,210
120,11,11,650,650,0,4,4,456,456,0,0.0004765308553728854,0.0004765308553728854,715,715,0,-1,5,5,2,9,851,343,963
121,0,0,1,1,0,0,0,1,1,0,0.0,0.0,1,1,0,-1,-1,-1,2,0,966,802,983
122,32,32,672,672,0,108,108,741,741,0,0.00034037918240920387,0.00034037918240920387,631,631,0,-1,3,3,15,4,37,346,867
123,0,102,1,944,943,0,4,1,411,410,0.0,0.0002723033459273631,1,631,630,4,-1,5,2,0,983,845,333
124,0,0,1,1,0,0,0,1,1,0,0.0,0.0,1,1,0,-1,-1,-1,2,1,598,792,672
125,0,0,1,1,0,0,0,1,1,0,0.0,0.0,1,1,0,-1,-1,-1,23,1,43,948,747
126,2,104,359,913,554,10,10,420,420,0,6.807583648184077e-05,0.00013615167296368154,445,520,75,4,5,5,5,2,604,714,290
127,0,101,1,911,910,0,6,1,332,331,0.0,0.0,1,1,0,5,-1,6,6,2,405,431,495
128,116,322,885,970,85,196,196,906,906,0,0.0023486163586235067,0.0028591851322373124,901,911,10,3,3,3,16,15,27,158,125
129,223,223,964,964,0,86,86,894,894,0,0.0029612988869600733,0.0029612988869600733,924,924,0,-1,3,3,6,44,157,27,775
130,0,102,1,888,887,0,22,1,416,415,0.0,0.0006126825283365669,1,731,730,4,-1,5,11,0,333,782,338
131,12,12,628,628,0,10,10,525,525,0,6.807583648184077e-05,6.807583648184077e-05,446,446,0,-1,4,4,3,2,888,770,926
132,8,109,544,931,387,22,22,601,601,0,0.00034037918240920387,0.00034037918240920387,652,652,0,5,4,4,5,2,435,323,862
133,17,17,694,694,0,24,24,777,777,0,0.0007488342013002485,0.0007488342013002485,774,774,0,-1,3,3,3,2,748,101,356
134,0,206,1,972,971,0,14,1,542,541,0.0,0.0016338200755641784,1,866,865,3,-1,4,3,0,585,588,89
135,0,101,1,956,955,0,2,1,331,330,0.0,0.0,1,1,0,7,-1,8,2,0,974,620,972
136,0,102,1,942,941,0,6,1,444,443,0.0,0.0008169100377820892,1,781,780,4,-1,5,3,0,693,542,630
137,0,0,1,1,0,0,0,1,1,0,0.0,0.0,1,1,0,-1,-1,-1,4,0,567,698,920
138,58,58,800,800,0,124,124,814,814,0,0.0012934408931549745,0.0012934408931549745,831,831,0,-1,2,2,14,8,172,264,673
139,0,102,1,891,890,0,11,1,363,362,0.0,0.00013615167296368154,1,508,507,4,-1,5,9,1,249,660,315
140,0,102,1,913,912,0,8,1,382,381,0.0,6.807583648184077e-05,1,443,442,4,-1,5,5,0,701,993,447
141,53,53,815,815,0,98,98,876,876,0,0.0017359338302869397,0.0017359338302869397,867,867,0,-1,3,3,8,11,225,193,235
142,13,13,619,619,0,14,14,519,519,0,3.4037918240920386e-05,3.4037918240920386e-05,405,405,0,-1,4,4,5,3,744,248,768
143,16,16,522,522,0,86,86,670,670,0,0.00017018959120460194,0.00017018959120460194,533,533,0,-1,3,3,13,1,92,556,844
144,12,12,630,630,0,12,12,615,615,0,0.00013615167296368154,0.00013615167296368154,534,534,0,-1,4,4,2,4,983,149,678
145,0,616,1,996,995,0,26,1,680,679,0.0,0.0030293747234419145,1,925,924,2,-1,3,4,0,385,960,8
146,40,142,807,946,139,42,42,840,840,0,0.0008169100377820892,0.0008169100377820892,781,781,0,4,3,3,5,9,456,245,518
147,0,101,1,905,904,0,4,1,331,330,0.0,0.00013615167296368154,1,517,516,5,-1,6,4,0,858,643,879
148,19,225,635,964,329,33,38,553,580,27,0.00013615167296368154,0.0006126825283365669,518,741,223,3,3,3,8,3,428,580,343
149,0,206,1,942,941,0,58,1,490,489,0.0,0.0009870996289866913,1,787,786,3,-1,4,17,0,94,793,415
150,113,113,921,921,0,50,50,820,820,0,0.002110350930937064,0.002110350930937064,889,889,0,-1,3,3,5,24,724,119,514
151,24,24,647,647,0,60,60,644,644,0,0.00010211375472276115,0.00010211375472276115,474,474,0,-1,3,3,11,5,271,241,953
152,563,665,993,996,3,166,166,998,998,0,0.014295925661186561,0.014295925661186561,987,987,0,4,2,2,8,83,309,10,623
153,0,0,1,1,0,0,0,1,1,0,0.0,0.0,1,1,0,-1,-1,-1,3,0,882,867,950
154,16,16,537,537,0,33,33,446,446,0,0.00013615167296368154,0.00013615167296368154,506,506,0,-1,3,3,13,1,91,337,934
155,2,104,384,950,566,5,6,411,446,35,3.4037918240920386e-05,0.0005105687736138058,398,711,313,4,5,5,3,1,707,530,159
156,0,101,1,928,927,0,4,1,330,329,0.0,0.0,1,1,0,5,-1,6,4,0,611,872,577
157,0,0,1,1,0,0,0,1,1,0,0.0,0.0,1,1,0,-1,-1,-1,2,0,968,793,828
158,2,2,358,358,0,7,7,382,382,0,0.0,0.0,1,1,0,-1,5,5,4,2,493,842,808
159,41,41,799,799,0,24,24,623,623,0,0.0006467204465774873,0.0006467204465774873,743,743,0,-1,4,4,4,12,887,159,898
160,35,137,844,970,126,18,18,742,742,0,0.0012253650566731338,0.0012594029749140542,838,840,2,4,4,4,3,15,922,92,523
161,0,102,1,912,911,0,8,1,377,376,0.0,6.807583648184077e-05,1,448,447,4,-1,5,6,1,237,693,215
162,192,294,953,976,23,122,122,956,956,0,0.0030634126416828346,0.0030974505599237552,923,923,0,4,2,2,8,27,418,61,378
163,2,2,406,406,0,2,2,332,332,0,6.807583648184077e-05,6.807583648184077e-05,459,459,0,-1,6,6,2,3,920,441,937
164,64,270,862,974,112,44,44,813,813,0,0.001055175465468532,0.0018040096667687805,820,888,68,3,3,3,4,17,532,327,92
165,92,194,890,962,72,62,62,836,836,0,0.0016338200755641784,0.0022465026039007454,859,902,43,4,3,3,6,22,345,116,209
166,12,12,594,594,0,15,15,559,559,0,0.0,0.0,1,1,0,-1,4,4,4,3,461,598,276
167,19,19,688,688,0,22,22,605,605,0,0.0002723033459273631,0.0002723033459273631,619,619,0,-1,4,4,5,5,908,510,844
168,0,0,1,1,0,0,0,1,1,0,0.0,0.0,1,1,0,-1,-1,-1,7,0,273,916,201
169,2,104,359,897,538,13,13,392,392,0,3.4037918240920386e-05,6.807583648184077e-05,396,452,56,4,5,5,8,3,508,578,313
170,0,101,1,918,917,0,4,1,331,330,0.0,3.4037918240920386e-05,1,394,393,5,-1,6,4,0,709,983,585
171,6,108,508,963,455,9,9,543,543,0,0.0002382654276864427,0.0007147962830593281,599,766,167,4,4,4,3,1,877,809,185
172,0,102,1,886,885,0,14,1,384,383,0.0,0.00010211375472276115,1,486,485,4,-1,5,9,0,217,635,188
173,0,206,1,949,948,0,36,1,480,479,0.0,0.0005446066918547262,1,716,715,3,-1,4,12,0,184,960,559
174,83,83,909,909,0,34,34,840,840,0,0.002723033459273631,0.002723033459273631,927,927,0,-1,3,3,4,25,610,47,702
175,0,206,1,956,955,0,20,1,466,465,0.0,0.0008509479560230097,1,789,788,3,-1,4,6,0,157,668,630
176,99,201,905,967,62,42,42,758,758,0,0.0018040096667687805,0.002110350930937064,871,888,17,4,3,3,6,21,322,157,323
177,104,310,932,987,55,38,38,910,910,0,0.003267640151128357,0.008135062459579971,926,977,51,3,3,3,3,23,774,117,18
178,7,213,575,982,407,4,12,419,657,238,0.00034037918240920387,0.0012934408931549745,670,850,180,3,5,4,2,6,897,199,146
179,12,113,727,973,246,4,4,510,510,0,0.0004084550188910446,0.000442492937131965,697,709,12,5,5,5,2,11,962,249,931
180,22,123,788,967,179,18,18,738,738,0,0.0014295925661186562,0.0015317063208414173,870,878,8,5,4,4,3,8,850,352,432
181,22,22,670,670,0,46,46,736,736,0,0.0005105687736138058,0.0005105687736138058,712,712,0,-1,3,3,6,2,498,473,995
182,0,101,1,871,870,0,16,1,332,331,0.0,6.807583648184077e-05,1,438,437,5,-1,6,16,1,145,472,662
183,264,264,964,964,0,212,212,955,955,0,0.006671431975220395,0.006671431975220395,970,970,0,-1,2,2,13,31,115,34,423
184,2,104,349,871,522,18,21,349,365,16,0.0,3.4037918240920386e-05,1,400,399,4,5,5,17,1,10,621,594
185,28,28,738,738,0,38,38,687,687,0,0.0004084550188910446,0.0004084550188910446,679,679,0,-1,4,4,7,11,439,52,919
186,2,104,357,917,560,6,6,389,389,0,3.4037918240920386e-05,0.0002042275094455223,395,571,176,4,5,5,3,1,490,935,310
187,8,8,498,498,0,28,28,501,501,0,0.00013615167296368154,0.00013615167296368154,509,509,0,-1,4,4,8,2,302,491,782
188,0,0,1,1,0,0,0,1,1,0,0.0,0.0,1,1,0,-1,-1,-1,16,1,117,738,843
189,12,218,629,980,351,8,12,502,630,128,0.0002042275094455223,0.00176997174852786,589,888,299,3,4,4,2,4,894,210,78
190,54,54,876,876,0,12,12,682,682,0,0.0013615167296368155,0.0013615167296368155,851,851,0,-1,4,4,2,19,702,59,909
191,4,4,471,471,0,6,6,444,444,0,0.00017018959120460194,0.00017018959120460194,555,555,0,-1,5,5,3,2,862,770,916
192,14,14,618,618,0,28,28,621,621,0,0.00034037918240920387,0.00034037918240920387,647,647,0,-1,4,4,6,3,322,318,872
193,4,105,526,972,446,4,4,467,467,0,0.0002382654276864427,0.0004765308553728854,619,717,98,5,5,5,2,3,941,458,556
194,20,121,720,950,230,18,18,651,651,0,0.000442492937131965,0.000442492937131965,694,694,0,6,4,4,3,10,699,272,495
195,33,33,690,690,0,57,57,566,566,0,0.00037441710065012424,0.00037441710065012424,646,646,0,-1,4,4,13,7,91,176,991
196,2,104,362,917,555,6,8,374,427,53,0.0,0.00010211375472276115,1,496,495,4,5,5,4,2,921,509,493
197,10,112,625,948,323,8,8,519,519,0,0.00017018959120460194,0.002314578440382586,562,908,346,4,4,4,2,3,992,677,102
198,36,138,756,927,171,64,64,784,784,0,0.0009870996289866913,0.0011232513019503727,796,813,17,4,3,3,8,6,302,114,505
199,1,1,333,333,0,4,4,333,333,0,0.0,0.0,1,1,0,-1,9,9,4,1,827,647,514
200,8,8,492,492,0,15,15,397,397,0,6.807583648184077e-05,6.807583648184077e-05,445,445,0,-1,4,4,8,2,197,694,813
201,100,306,876,976,100,84,84,814,814,0,0.0016678579938050988,0.0024507301133462676,853,905,52,3,3,3,9,19,208,144,227
202,0,0,1,1,0,0,0,1,1,0,0.0,0.0,1,1,0,-1,-1,-1,2,0,886,651,969
203,2,104,359,905,546,9,14,372,432,60,0.0,0.00017018959120460194,1,549,548,4,5,5,7,3,342,466,465
204,21,21,593,593,0,82,82,548,548,0,0.0002042275094455223,0.0002042275094455223,553,553,0,-1,4,4,19,5,38,528,730
205,89,89,879,879,0,64,64,815,815,0,0.0013955546478777359,0.0013955546478777359,840,840,0,-1,3,3,8,18,309,147,709
206,42,42,789,789,0,48,48,711,711,0,0.0004084550188910446,0.0004084550188910446,680,680,0,-1,3,3,7,6,413,136,994
207,22,228,746,980,234,12,12,604,604,0,0.0005446066918547262,0.0016678579938050988,728,866,138,3,4,4,2,8,761,90,58
208,10,10,576,576,0,18,18,653,653,0,0.00017018959120460194,0.00017018959120460194,559,559,0,-1,4,4,3,4,672,617,941
209,2,2,355,355,0,8,8,403,403,0,0.0,0.0,1,1,0,-1,5,5,4,1,694,238,729
210,6,108,456,933,477,20,20,629,629,0,0.0002382654276864427,0.00030634126416828345,613,636,23,4,4,4,4,3,461,285,771
211,58,58,730,730,0,216,216,683,683,0,0.0006126825283365669,0.0006126825283365669,715,715,0,-1,2,2,33,5,9,688,998
212,1,1,333,333,0,8,8,333,333,0,0.0,0.0,1,1,0,-1,6,6,8,2,282,344,678
213,26,26,674,674,0,52,52,650,650,0,0.0002723033459273631,0.0002723033459273631,603,603,0,-1,3,3,9,9,249,29,733
214,22,124,755,958,203,34,34,921,921,0,0.0006467204465774873,0.0007828721195411688,750,772,22,4,3,3,3,2,867,682,149
215,106,312,914,979,65,94,94,909,909,0,0.0014636304843595766,0.0025188059498281084,844,908,64,3,3,3,8,18,323,82,64
216,0,0,1,1,0,0,0,1,1,0,0.0,0.0,1,1,0,-1,-1,-1,2,0,941,963,693
217,60,60,828,828,0,62,62,768,768,0,0.0011913271384322134,0.0011913271384322134,818,818,0,-1,3,3,7,10,436,195,871
218,0,102,1,927,926,0,4,1,369,368,0.0,6.807583648184077e-05,1,452,451,4,-1,5,3,0,288,950,592
219,6,108,404,886,482,50,50,561,561,0,0.0002042275094455223,0.0002382654276864427,581,601,20,4,4,4,11,1,279,741,566
220,2,103,356,916,560,9,9,398,398,0,0.0,0.0,1,1,0,5,5,5,5,1,773,964,717
221,2,104,392,970,578,4,4,482,482,0,3.4037918240920386e-05,0.000442492937131965,417,703,286,4,5,5,2,2,936,764,194
222,0,1640,1,1000,999,0,60,1,574,573,0.0,0.008339289969025495,1,969,968,1,-1,2,13,1,160,685,486
223,4,106,480,954,474,4,4,428,428,0,6.807583648184077e-05,0.00034037918240920387,462,660,198,4,5,5,2,4,715,270,177
224,0,206,1,970,969,0,11,1,461,460,0.0,0.0005446066918547262,1,721,720,3,-1,4,4,0,539,926,131
225,13,114,607,930,323,9,9,465,465,0,3.4037918240920386e-05,3.4037918240920386e-05,407,407,0,5,4,4,3,5,672,314,509
226,57,263,883,986,103,12,12,625,625,0,0.001599782157323258,0.002144388849177984,866,898,32,3,4,4,2,18,960,82,172
227,12,114,527,898,371,41,41,558,558,0,0.0004084550188910446,0.0004084550188910446,669,669,0,4,4,4,11,2,248,475,347
228,0,0,1,1,0,0,0,1,1,0,0.0,0.0,1,1,0,-1,-1,-1,2,0,909,772,669
229,37,139,774,940,166,38,38,690,690,0,0.001157289220191293,0.00176997174852786,825,868,43,4,3,3,6,7,266,399,413
230,10,216,707,994,287,8,12,684,836,152,0.0005105687736138058,0.005241839409101739,726,961,235,3,4,4,2,5,973,252,24
231,140,242,981,991,10,12,12,785,785,0,0.005207801490860819,0.005786446100956465,964,968,4,4,4,4,2,55,936,21,413
232,0,0,1,1,0,0,0,1,1,0,0.0,0.0,1,1,0,-1,-1,-1,4,0,741,433,982
233,24,230,776,980,204,12,12,655,655,0,0.00034037918240920387,0.0009870996289866913,664,816,152,3,4,4,2,7,817,115,306
234,18,634,590,993,403,60,74,584,645,61,0.00010211375472276115,0.0008509479560230097,487,778,291,2,4,3,12,5,226,362,439
235,1,103,332,941,609,3,4,332,366,34,0.0,0.0002042275094455223,1,580,579,4,6,5,3,2,699,495,214
236,33,239,821,981,160,8,8,508,508,0,0.0005446066918547262,0.003880322679464924,728,944,216,3,4,4,2,12,939,159,20
237,2,2,349,349,0,20,20,397,397,0,3.4037918240920386e-05,3.4037918240920386e-05,401,401,0,-1,5,5,11,1,139,639,910
238,8,110,535,931,396,12,12,435,435,0,0.00017018959120460194,0.0002042275094455223,559,583,24,4,5,5,6,4,657,380,499
239,24,230,760,980,220,28,28,809,809,0,0.0002042275094455223,0.001157289220191293,583,831,248,3,3,3,3,3,863,173,67
240,46,148,743,913,170,186,186,896,896,0,0.00176997174852786,0.0018040096667687805,871,873,2,4,3,3,16,5,26,393,964
241,119,325,916,979,63,70,70,899,899,0,0.001599782157323258,0.0028932230504782326,855,918,63,3,3,3,5,12,546,58,133
242,6,108,501,946,445,4,4,393,393,0,0.00017018959120460194,0.000442492937131965,555,687,132,4,5,5,2,4,771,625,252
243,0,206,1,978,977,0,8,1,507,506,0.0,0.0009870996289866913,1,818,817,3,-1,4,2,0,939,952,89
244,7,108,478,899,421,36,36,521,521,0,0.00017018959120460194,0.0002382654276864427,541,578,37,5,4,4,10,2,254,566,755
245,53,154,795,929,134,86,86,752,752,0,0.0012934408931549745,0.0012934408931549745,835,835,0,7,3,3,10,10,285,272,972
246,12,218,549,964,415,36,36,583,583,0,0.0002723033459273631,0.001157289220191293,608,815,207,3,4,4,8,6,488,107,193
247,18,18,658,658,0,18,18,580,580,0,0.0007828721195411688,0.0007828721195411688,783,783,0,-1,4,4,3,3,834,382,997
248,0,102,1,887,886,0,17,1,385,384,0.0,0.00010211375472276115,1,467,466,4,-1,5,11,0,248,356,215
249,6,212,445,970,525,11,12,448,452,4,0.0,0.0007488342013002485,1,769,768,3,4,4,4,1,304,931,113
250,591,797,998,1000,2,72,72,982,982,0,0.01766567956703768,0.018754892950747133,995,995,0,3,2,2,3,127,839,11,54
251,5,107,507,958,451,5,6,433,477,44,0.00017018959120460194,0.00030634126416828345,550,638,88,4,5,5,3,3,875,311,101
252,23,23,731,731,0,22,22,708,708,0,0.000442492937131965,0.000442492937131965,688,688,0,-1,3,3,4,8,635,302,633
253,31,237,732,967,235,46,50,672,691,19,0.0013274788113958951,0.002280540522141666,844,898,54,3,3,3,8,6,365,368,397
254,0,101,1,917,916,0,4,1,331,330,0.0,0.0,1,1,0,5,-1,6,4,0,822,926,743
255,0,206,1,966,965,0,16,1,428,427,0.0,3.4037918240920386e-05,1,398,397,3,-1,4,7,0,361,611,655
256,136,342,939,985,46,44,44,838,838,0,0.002552843868069029,0.0034718676605738795,908,938,30,3,3,3,4,30,675,39,218
257,0,206,1,968,967,0,17,1,516,515,0.0,0.001157289220191293,1,822,821,3,-1,4,5,0,692,205,297
258,1,103,333,879,546,13,22,333,395,62,0.0,0.00013615167296368154,1,509,508,4,6,5,13,1,90,140,904
259,22,123,629,906,277,112,112,828,828,0,0.0010211375472276116,0.0010211375472276116,799,799,0,5,3,3,12,4,212,440,603
260,0,0,1,1,0,0,0,1,1,0,0.0,0.0,1,1,0,-1,-1,-1,2,0,992,620,228
261,0,0,1,1,0,0,0,1,1,0,0.0,0.0,1,1,0,-1,-1,-1,7,0,336,846,948
262,8,109,572,950,378,4,4,417,417,0,0.0002042275094455223,0.0002382654276864427,581,602,21,5,5,5,2,6,979,424,512
263,6,108,405,901,496,45,45,557,557,0,0.0002042275094455223,0.00030634126416828345,562,632,70,4,4,4,11,2,176,215,931
264,442,544,995,997,2,80,80,995,995,0,0.020933319718166036,0.02209060893835733,996,997,1,4,2,2,2,85,761,0,91
265,58,264,865,981,116,58,58,965,965,0,0.0023486163586235067,0.003369753905851118,910,938,28,3,2,2,4,6,610,234,151
266,30,30,755,755,0,38,38,726,726,0,0.00030634126416828345,0.00030634126416828345,629,629,0,-1,3,3,6,4,582,167,699
267,56,56,797,797,0,94,94,733,733,0,0.0009530617107457708,0.0009530617107457708,787,787,0,-1,3,3,13,8,91,186,517
268,20,20,726,726,0,12,12,616,616,0,0.0002723033459273631,0.0002723033459273631,622,622,0,-1,4,4,2,7,734,115,632
269,5,107,416,902,486,11,11,400,400,0,0.0,0.0002042275094455223,1,554,553,4,5,5,6,3,393,580,452
270,27,233,725,969,244,44,44,789,789,0,0.0011913271384322134,0.0014636304843595766,833,848,15,3,3,3,4,6,567,114,80
271,6,212,411,965,554,24,24,476,476,0,0.00013615167296368154,0.00030634126416828345,507,624,117,3,4,4,8,1,199,870,439
272,11,217,594,976,382,14,14,588,588,0,0.00034037918240920387,0.0005786446100956465,645,742,97,3,4,4,3,6,710,459,309
273,16,16,604,604,0,30,30,593,593,0,6.807583648184077e-05,6.807583648184077e-05,447,447,0,-1,3,3,6,2,328,492,600
274,0,0,1,1,0,0,0,1,1,0,0.0,0.0,1,1,0,-1,-1,-1,6,0,498,934,963
275,19,19,735,735,0,12,12,611,611,0,0.0004084550188910446,0.0004084550188910446,689,689,0,-1,4,4,2,6,977,424,705
276,0,102,1,911,910,0,8,1,380,379,0.0,0.00010211375472276115,1,486,485,4,-1,5,5,0,555,823,378
277,13,13,652,652,0,16,16,618,618,0,0.0002382654276864427,0.0002382654276864427,607,607,0,-1,4,4,4,4,827,479,783
278,11,11,560,560,0,12,12,451,451,0,0.00037441710065012424,0.00037441710065012424,665,665,0,-1,4,4,4,4,354,208,944
279,8,109,535,935,400,7,7,398,398,0,0.00010211375472276115,0.00010211375472276115,488,488,0,5,5,5,4,4,650,444,717
280,3,105,438,929,491,5,6,368,389,21,0.00013615167296368154,0.00017018959120460194,528,548,20,4,5,5,4,3,706,761,580
281,7,109,619,974,355,8,8,657,657,0,0.0002723033459273631,0.00037441710065012424,632,684,52,4,4,4,2,2,813,628,891
282,7,7,571,571,0,8,8,548,548,0,6.807583648184077e-05,6.807583648184077e-05,456,456,0,-1,4,4,2,2,792,599,455
283,0,102,1,956,955,0,3,1,385,384,0.0,0.00017018959120460194,1,544,543,4,-1,5,2,2,965,684,556
284,0,206,1,984,983,0,8,1,547,546,0.0,0.0026889955410327104,1,925,924,3,-1,4,2,0,830,927,26
285,31,237,769,978,209,24,28,728,748,20,0.000442492937131965,0.005105687736138058,700,958,258,3,3,3,3,9,900,198,31
286,0,102,1,936,935,0,4,1,425,424,0.0,0.0002042275094455223,1,577,576,4,-1,5,2,0,609,436,307
287,0,206,1,949,948,0,28,1,401,400,0.0,3.4037918240920386e-05,1,397,396,3,-1,4,15,0,81,846,385
288,2,103,374,942,568,4,4,376,376,0,0.0,3.4037918240920386e-05,1,403,402,5,5,5,3,3,916,676,654
289,0,102,1,898,897,0,13,1,366,365,0.0,3.4037918240920386e-05,1,397,396,4,-1,5,10,1,293,573,666
290,0,0,1,1,0,0,0,1,1,0,0.0,0.0,1,1,0,-1,-1,-1,5,1,908,554,358
291,89,705,903,999,96,56,56,880,880,0,0.0021784267674189047,0.012866333095067906,899,986,87,2,3,3,6,12,594,58,23
292,0,0,1,1,0,0,0,1,1,0,0.0,0.0,1,1,0,-1,-1,-1,3,1,984,828,789
293,304,406,979,985,6,110,110,950,950,0,0.00704584907587052,0.007488342013002485,976,977,1,4,2,2,6,54,378,28,159
294,58,58,897,897,0,28,28,859,859,0,0.003369753905851118,0.003369753905851118,935,935,0,-1,3,3,3,12,576,104,769
295,539,539,995,995,0,70,70,913,913,0,0.01058579257292624,0.01058579257292624,985,985,0,-1,3,3,5,96,599,1,914
296,24,230,654,958,304,52,60,578,611,33,0.0002723033459273631,0.0007147962830593281,617,751,134,3,3,3,11,5,279,710,103
297,49,255,881,987,106,18,18,775,775,0,0.0014636304843595766,0.01147077844719017,864,985,121,3,4,4,3,18,875,64,23
298,0,101,1,926,925,0,4,1,332,331,0.0,0.0,1,1,0,5,-1,6,4,0,648,520,781
299,37,243,740,963,223,58,58,695,695,0,0.0004084550188910446,0.0012253650566731338,665,831,166,3,3,3,8,7,411,329,397
300,143,143,914,914,0,194,194,933,933,0,0.0029612988869600733,0.0029612988869600733,918,918,0,-1,2,2,15,17,68,85,940
301,16,118,684,947,263,14,14,612,612,0,0.0006126825283365669,0.0010211375472276116,739,827,88,4,4,4,3,6,961,494,312
302,100,100,876,876,0,100,100,821,821,0,0.029340685523673374,0.029442799278396135,999,999,0,4,1,1,10,127,135,11,799
303,0,206,1,945,944,0,54,1,474,473,0.0,0.0012253650566731338,1,824,823,3,-1,4,18,0,34,932,217
304,0,206,1,945,944,0,17,1,392,391,0.0,0.0002723033459273631,1,609,608,3,-1,4,9,0,101,356,350
305,89,89,854,854,0,130,130,815,815,0,0.001157289220191293,0.001157289220191293,818,818,0,-1,3,3,14,15,21,219,472
306,18,119,638,920,282,44,44,704,704,0,0.00013615167296368154,0.0002382654276864427,514,587,73,5,3,3,7,2,336,628,401
307,16,632,526,989,463,70,92,505,580,75,0.00010211375472276115,0.0007828721195411688,464,744,280,2,3,3,20,2,70,313,197
308,6,107,520,950,430,12,12,661,661,0,0.0002042275094455223,0.0002723033459273631,595,637,42,5,4,4,2,1,940,553,4
309,0,0,1,1,0,0,0,1,1,0,0.0,0.0,1,1,0,-1,-1,-1,2,0,771,794,868
310,24,640,772,1000,228,22,22,820,820,0,0.0015657442390823377,0.008066986623098132,867,975,108,2,3,3,2,4,896,281,32
311,0,206,1,965,964,0,32,1,602,601,0.0,0.0018380475850097008,1,878,877,3,-1,4,6,0,470,356,104
312,0,0,1,1,0,0,0,1,1,0,0.0,0.0,1,1,0,-1,-1,-1,16,0,50,918,349
313,1,1,333,333,0,9,9,333,333,0,0.0,0.0,1,1,0,-1,6,6,9,1,287,437,986
314,98,304,866,972,106,132,132,866,866,0,0.0015317063208414173,0.0026889955410327104,855,914,59,3,3,3,12,13,143,261,68
315,18,18,641,641,0,30,30,620,620,0,0.0002042275094455223,0.0002042275094455223,564,564,0,-1,3,3,6,2,441,425,974
316,0,1640,1,1000,999,0,226,1,701,700,0.0,0.006126825283365669,1,958,957,1,-1,2,33,0,9,888,50
317,6,622,411,993,582,31,78,451,696,245,3.4037918240920386e-05,0.0036760951700194017,401,941,540,2,4,3,12,2,106,560,126
318,6,108,395,883,488,44,44,451,451,0,6.807583648184077e-05,0.00017018959120460194,437,537,100,4,4,4,16,1,59,594,625
319,50,256,808,963,155,52,52,671,671,0,0.0011232513019503727,0.0012934408931549745,819,838,19,3,3,3,7,10,296,405,519
320,0,101,1,891,890,0,7,1,331,330,0.0,0.0,1,1,0,5,-1,6,7,0,436,588,717
321,594,594,996,996,0,104,104,991,991,0,0.01606589740971442,0.01606589740971442,991,991,0,-1,2,2,5,96,519,1,864
322,66,168,847,948,101,58,58,780,780,0,0.00088498587426393,0.0013615167296368155,792,833,41,4,3,3,7,12,320,67,219
323,16,16,649,649,0,46,46,843,843,0,0.0008509479560230097,0.0008509479560230097,783,783,0,-1,3,3,5,1,848,480,868
324,213,213,963,963,0,132,132,962,962,0,0.0040845501889104465,0.0040845501889104465,945,945,0,-1,2,2,8,28,223,98,959
325,2,208,371,977,606,5,11,372,503,131,0.0,0.0004765308553728854,1,703,702,3,5,4,4,1,607,606,338
326,0,0,1,1,0,0,0,1,1,0,0.0,0.0,1,1,0,-1,-1,-1,2,2,880,271,783
327,0,102,1,886,885,0,14,1,368,367,0.0,0.00010211375472276115,1,481,480,4,-1,5,11,0,215,643,496
328,56,56,910,910,0,24,24,905,905,0,0.0018720855032506212,0.0018720855032506212,890,890,0,-1,3,3,3,17,812,269,872
329,0,0,1,1,0,0,0,1,1,0,0.0,0.0,1,1,0,-1,-1,-1,17,0,73,514,747
330,2,208,356,960,604,14,18,406,434,28,0.0002723033459273631,0.0006807583648184077,621,740,119,3,5,4,7,1,193,527,177
331,15,221,570,961,391,34,42,569,631,62,0.00010211375472276115,0.0019061234214915416,479,877,398,3,4,4,7,8,417,477,85
332,106,312,927,985,58,48,48,917,917,0,0.002212464685659825,0.002586881786309949,893,905,12,3,3,3,3,15,592,53,326
333,235,235,969,969,0,114,114,933,933,0,0.005105687736138058,0.005105687736138058,956,956,0,-1,3,3,9,49,278,51,948
334,0,0,1,1,0,0,0,1,1,0,0.0,0.0,1,1,0,-1,-1,-1,21,0,3,574,960
335,345,345,992,992,0,72,72,991,991,0,0.01330882603219987,0.01330882603219987,989,989,0,-1,2,2,3,81,796,32,744
336,23,124,785,966,181,12,12,697,697,0,0.00034037918240920387,0.0004084550188910446,653,686,33,5,4,4,2,11,878,162,509
337,6,622,431,996,565,15,26,507,679,172,3.4037918240920386e-05,0.002144388849177984,399,903,504,2,4,3,4,2,858,654,95
338,146,352,953,987,34,60,60,911,911,0,0.005377991082065421,0.005582218591510943,964,966,2,3,3,3,5,31,848,34,341
339,9,110,571,934,363,8,8,427,427,0,0.0002042275094455223,0.0002382654276864427,570,596,26,6,5,5,4,6,633,199,484
340,0,0,1,1,0,0,0,1,1,0,0.0,0.0,1,1,0,-1,-1,-1,9,0,269,696,994
341,6,108,509,952,443,9,9,534,534,0,6.807583648184077e-05,0.00030634126416828345,449,640,191,4,4,4,3,2,984,662,425
342,0,102,1,890,889,0,10,1,354,353,0.0,0.0002042275094455223,1,564,563,4,-1,5,9,0,306,426,464
343,66,66,865,865,0,40,40,778,778,0,0.0010211375472276116,0.0010211375472276116,806,806,0,-1,3,3,5,12,421,179,564
344,0,102,1,885,884,0,11,1,348,347,0.0,6.807583648184077e-05,1,454,453,4,-1,5,10,0,114,863,690
345,2,103,363,917,554,7,7,390,390,0,0.00010211375472276115,0.00010211375472276115,487,487,0,5,5,5,4,3,542,755,736
346,9,9,572,572,0,6,6,410,410,0,0.00017018959120460194,0.00017018959120460194,547,547,0,-1,5,5,3,6,900,279,802
347,0,102,1,934,933,0,4,1,376,375,0.0,0.0002042275094455223,1,586,585,4,-1,5,3,1,716,554,272
348,18,119,702,954,252,24,24,794,794,0,0.0006807583648184077,0.0007488342013002485,761,774,13,5,3,3,3,3,953,209,442
349,60,266,887,987,100,34,34,863,863,0,0.0020082371762143027,0.005173763572619898,887,955,68,3,3,3,4,14,480,146,77
350,2,2,358,358,0,9,9,370,370,0,3.4037918240920386e-05,3.4037918240920386e-05,399,399,0,-1,5,5,7,1,361,788,917
351,33,134,778,944,166,28,28,731,731,0,0.0006126825283365669,0.0006126825283365669,740,740,0,5,3,3,3,9,834,343,534
352,0,102,1,938,937,0,5,1,402,401,0.0,0.00037441710065012424,1,674,673,4,-1,5,3,1,888,792,339
353,0,206,1,967,966,0,26,1,567,566,0.0,0.0009870996289866913,1,805,804,3,-1,4,7,0,439,793,387
354,12,113,534,906,372,36,36,543,543,0,0.0002042275094455223,0.0002042275094455223,574,574,0,6,4,4,10,2,527,425,374
355,0,0,1,1,0,0,0,1,1,0,0.0,0.0,1,1,0,-1,-1,-1,3,1,588,472,969
356,0,102,1,945,944,0,5,1,422,421,0.0,0.0006126825283365669,1,750,749,4,-1,5,3,0,790,436,131
357,6,108,438,923,485,16,16,482,482,0,0.00010211375472276115,0.0004084550188910446,482,678,196,4,4,4,6,2,322,652,341
358,408,510,993,997,4,56,56,984,984,0,0.013921508560536438,0.01409169815174104,991,992,1,4,2,2,2,91,980,7,223
359,62,268,803,963,160,94,94,740,740,0,0.0007147962830593281,0.0008169100377820892,744,758,14,3,3,3,12,8,87,286,305
360,0,0,1,1,0,0,0,1,1,0,0.0,0.0,1,1,0,-1,-1,-1,8,0,483,834,462
361,0,206,1,968,967,0,18,1,518,517,0.0,0.0002723033459273631,1,617,616,3,-1,4,6,0,664,877,168
362,0,0,1,1,0,0,0,1,1,0,0.0,0.0,1,1,0,-1,-1,-1,6,1,341,947,783
363,0,102,1,913,912,0,7,1,396,395,0.0,0.00030634126416828345,1,638,637,4,-1,5,4,0,632,716,413
364,0,206,1,971,970,0,18,1,528,527,0.0,0.0020422750944552232,1,884,883,3,-1,4,5,0,534,888,108
365,108,108,939,939,0,28,28,797,797,0,0.003608019333537561,0.003608019333537561,939,939,0,-1,3,3,3,25,901,47,778
366,0,0,1,1,0,0,0,1,1,0,0.0,0.0,1,1,0,-1,-1,-1,4,0,572,786,583
367,6,6,435,435,0,20,20,496,496,0,0.0002382654276864427,0.0002382654276864427,592,592,0,-1,4,4,6,1,515,420,728
368,0,0,1,1,0,0,0,1,1,0,0.0,0.0,1,1,0,-1,-1,-1,3,0,732,941,513
369,0,616,1,994,993,0,46,1,800,799,0.0,0.007522379931243405,1,974,973,2,-1,3,5,0,479,888,32
370,0,102,1,917,916,0,12,1,401,400,0.0,0.0002723033459273631,1,624,623,4,-1,5,7,0,439,872,510
371,0,102,1,911,910,0,10,1,386,385,0.0,0.00013615167296368154,1,509,508,4,-1,5,7,0,482,876,385
372,0,0,1,1,0,0,0,1,1,0,0.0,0.0,1,1,0,-1,-1,-1,3,0,829,995,608
373,11,113,656,956,300,8,8,551,551,0,0.0002042275094455223,0.001157289220191293,595,837,242,4,4,4,2,4,940,156,203
374,1,1,332,332,0,2,2,332,332,0,6.807583648184077e-05,6.807583648184077e-05,443,443,0,-1,6,6,2,3,943,676,934
375,52,154,838,953,115,24,24,650,650,0,0.0024166921951053475,0.0024166921951053475,905,905,0,4,4,4,4,20,815,87,322
376,0,206,1,978,977,0,10,1,555,554,0.0,0.0018720855032506212,1,886,885,3,-1,4,3,0,916,649,27
377,24,24,799,799,0,22,22,864,864,0,0.0007147962830593281,0.0007147962830593281,775,775,0,-1,3,3,2,7,913,237,894
378,30,131,733,928,195,92,92,893,893,0,0.001497668402600497,0.001497668402600497,858,858,0,5,3,3,7,4,118,207,781
379,4,210,478,979,501,4,8,424,541,117,0.00013615167296368154,0.0009870996289866913,517,814,297,3,5,4,2,2,548,576,312
380,0,206,1,988,987,0,8,1,591,590,0.0,0.0015317063208414173,1,865,864,3,-1,4,2,0,997,702,193
381,19,19,706,706,0,14,14,568,568,0,0.001055175465468532,0.001055175465468532,834,834,0,-1,4,4,3,4,583,207,897
382,13,114,696,965,269,8,8,566,566,0,0.00017018959120460194,0.0002382654276864427,556,611,55,5,4,4,2,9,666,317,617
383,12,218,544,965,421,20,24,468,495,27,0.00010211375472276115,0.0006126825283365669,476,727,251,3,4,4,8,5,431,231,217
384,22,638,607,990,383,46,108,516,783,267,3.4037918240920386e-05,0.010211375472276116,400,976,576,2,3,3,12,3,87,361,37
385,2,2,355,355,0,10,10,355,355,0,3.4037918240920386e-05,3.4037918240920386e-05,397,397,0,-1,5,5,9,2,289,739,587
386,6,212,434,966,532,34,34,606,606,0,0.00037441710065012424,0.0008509479560230097,658,776,118,3,4,4,7,1,658,741,250
387,0,0,1,1,0,0,0,1,1,0,0.0,0.0,1,1,0,-1,-1,-1,3,0,676,773,975
388,35,137,783,939,156,30,30,718,718,0,0.0008509479560230097,0.0009530617107457708,796,809,13,4,3,3,4,10,675,296,524
389,262,364,952,975,23,340,340,963,963,0,0.0045270431260424114,0.0045270431260424114,944,944,0,4,2,2,22,20,55,38,799
390,6,108,400,894,494,24,24,430,430,0,0.0,0.00017018959120460194,1,536,535,4,4,4,11,2,229,575,208
391,76,76,920,920,0,12,12,653,653,0,0.002586881786309949,0.002586881786309949,916,916,0,-1,4,4,2,27,841,69,994
392,0,102,1,881,880,0,20,1,391,390,0.0,0.00017018959120460194,1,542,541,4,-1,5,11,0,279,433,688
393,5,107,500,961,461,4,4,436,436,0,0.00010211375472276115,0.0005105687736138058,490,718,228,4,5,5,2,4,878,443,143
394,0,0,1,1,0,0,0,1,1,0,0.0,0.0,1,1,0,-1,-1,-1,2,0,937,737,884
395,2,208,362,969,607,9,14,398,470,72,0.0,0.00037441710065012424,1,677,676,3,5,4,5,2,363,885,405
396,8,214,467,947,480,36,41,423,450,27,0.00013615167296368154,0.0002042275094455223,518,562,44,3,4,4,15,2,37,430,362
397,7,7,619,619,0,12,12,759,759,0,0.00037441710065012424,0.00037441710065012424,681,681,0,-1,4,4,2,2,782,101,747
398,10,10,516,516,0,29,29,498,498,0,0.0002042275094455223,0.0002042275094455223,566,566,0,-1,4,4,9,4,245,319,836
399,0,102,1,883,882,0,13,1,364,363,0.0,3.4037918240920386e-05,1,400,399,4,-1,5,10,0,125,833,631
400,6,212,469,974,505,11,11,487,487,0,0.00013615167296368154,0.0005446066918547262,514,725,211,3,4,4,4,1,772,607,170
401,56,262,810,968,158,86,90,829,832,3,0.0009870996289866913,0.0012253650566731338,800,832,32,3,2,2,9,2,164,682,622
402,1,1,332,332,0,2,2,332,332,0,0.0,0.0,1,1,0,-1,6,6,2,1,987,924,833
403,169,375,938,979,41,102,102,925,925,0,0.0018380475850097008,0.002280540522141666,876,901,25,3,3,3,7,17,447,79,591
404,64,680,868,998,130,50,60,858,900,42,0.002144388849177984,0.005582218591510943,895,961,66,2,3,3,5,12,795,100,74
405,11,113,598,936,338,12,12,518,518,0,0.00010211375472276115,0.00010211375472276115,500,500,0,4,4,4,4,6,423,459,491
406,63,269,825,971,146,92,92,744,744,0,0.0007147962830593281,0.0013955546478777359,755,845,90,3,3,3,12,11,222,83,366
407,0,206,1,976,975,0,12,1,626,625,0.0,0.003982436434187685,1,943,942,3,-1,4,2,1,993,874,34
408,0,206,1,966,965,0,23,1,550,549,0.0,0.000442492937131965,1,678,677,3,-1,4,6,0,575,849,810
409,100,100,867,867,0,100,100,788,788,0,0.01664454201981007,0.01681473161101467,989,990,1,4,1,1,11,44,279,27,417
410,89,295,914,985,71,48,48,937,937,0,0.002212464685659825,0.002382654276864427,896,901,5,3,3,3,3,18,579,54,741
411,0,0,1,1,0,0,0,1,1,0,0.0,0.0,1,1,0,-1,-1,-1,7,0,404,906,942
412,67,67,829,829,0,106,106,770,770,0,0.0009190237925048504,0.0009190237925048504,782,782,0,-1,3,3,14,10,84,272,201
413,97,713,871,995,124,102,102,832,832,0,0.0012253650566731338,0.0019741992579733825,834,881,47,2,3,3,11,17,234,226,221
414,1,103,333,907,574,4,8,333,413,80,0.0,0.0006467204465774873,1,746,745,4,6,5,4,2,391,582,150
415,90,90,827,827,0,188,188,801,801,0,0.0006807583648184077,0.0006807583648184077,733,733,0,-1,2,2,21,11,74,249,856
416,6,6,426,426,0,14,14,457,457,0,0.00017018959120460194,0.00017018959120460194,526,526,0,-1,4,4,5,1,173,360,740
417,233,233,963,963,0,104,104,874,874,0,0.0033016780693692774,0.0033016780693692774,932,932,0,-1,3,3,9,38,123,111,868
418,104,104,885,885,0,158,158,909,909,0,0.0014295925661186562,0.0014295925661186562,850,850,0,-1,2,2,13,11,97,83,428
419,0,206,1,968,967,0,20,1,514,513,0.0,0.0004765308553728854,1,702,701,3,-1,4,6,0,465,844,267
420,30,132,741,939,198,32,32,649,649,0,0.0004765308553728854,0.0005105687736138058,696,703,7,4,4,4,6,6,455,46,566
421,6,108,423,902,479,26,26,512,512,0,0.00010211375472276115,0.0002723033459273631,489,614,125,4,4,4,7,1,678,594,425
422,102,308,905,977,72,94,94,949,949,0,0.0033357159876101976,0.0035739814152966403,932,937,5,3,2,2,5,15,474,151,249
423,24,125,732,944,212,18,18,658,658,0,0.0005446066918547262,0.0005446066918547262,733,733,0,5,4,4,3,8,864,264,543
424,0,206,1,970,969,0,13,1,454,453,0.0,0.00037441710065012424,1,660,659,3,-1,4,5,0,407,945,418
425,16,222,603,964,361,24,40,492,603,111,0.0002382654276864427,0.0036760951700194017,584,936,352,3,4,4,8,9,286,317,20
426,66,272,828,970,142,94,94,834,834,0,0.0012594029749140542,0.0014636304843595766,830,852,22,3,3,3,9,12,123,67,631
427,16,222,574,962,388,58,58,763,763,0,0.0002382654276864427,0.0007828721195411688,577,767,190,3,3,3,7,1,182,609,392
428,0,0,1,1,0,0,0,1,1,0,0.0,0.0,1,1,0,-1,-1,-1,17,0,10,929,859
429,35,137,766,931,165,32,32,674,674,0,0.000442492937131965,0.0005105687736138058,692,717,25,4,3,3,5,6,537,516,265
430,214,214,976,976,0,48,48,933,933,0,0.005037611899656217,0.005037611899656217,956,956,0,-1,3,3,3,57,699,50,276
431,6,212,428,969,541,21,42,495,676,181,0.0002042275094455223,0.0029612988869600733,572,922,350,3,4,4,7,1,497,394,88
432,16,16,560,560,0,70,70,748,748,0,0.0002042275094455223,0.0002042275094455223,573,573,0,-1,3,3,9,2,178,493,456
433,58,264,816,971,155,108,108,914,914,0,0.0025188059498281084,0.004799346471969774,903,953,50,3,2,2,9,3,178,438,76
434,18,119,672,933,261,20,20,588,588,0,0.000442492937131965,0.000442492937131965,696,696,0,8,4,4,4,8,397,521,765
435,61,61,877,877,0,22,22,793,793,0,0.0013274788113958951,0.0013274788113958951,848,848,0,-1,3,3,2,13,954,335,920
436,0,101,1,918,917,0,4,1,328,327,0.0,0.00010211375472276115,1,473,472,5,-1,6,4,0,832,664,398
437,4,4,417,417,0,10,10,417,417,0,0.0,0.0,1,1,0,-1,5,5,5,2,766,576,271
438,0,206,1,975,974,0,9,1,471,470,0.0,0.0008509479560230097,1,793,792,3,-1,4,3,0,710,790,224
439,0,0,1,1,0,0,0,1,1,0,0.0,0.0,1,1,0,-1,-1,-1,4,0,607,999,787
440,20,20,617,617,0,32,32,481,481,0,0.0002382654276864427,0.0002382654276864427,590,590,0,-1,4,4,10,4,128,210,760
441,63,63,868,868,0,54,54,914,914,0,0.0011232513019503727,0.0011232513019503727,820,820,0,-1,3,3,4,12,424,155,833
442,0,0,1,1,0,0,0,1,1,0,0.0,0.0,1,1,0,-1,-1,-1,3,0,523,800,457
443,0,102,1,882,881,0,20,1,384,383,0.0,3.4037918240920386e-05,1,401,400,4,-1,5,12,0,194,702,508
444,1,207,333,977,644,3,14,333,577,244,3.4037918240920386e-05,0.0021784267674189047,399,891,492,3,6,4,3,1,288,781,44
445,18,224,609,955,346,78,82,723,739,16,0.00030634126416828345,0.0016678579938050988,625,861,236,3,3,3,11,2,230,323,100
446,38,654,736,991,255,66,80,663,716,53,0.0007828721195411688,0.0016678579938050988,760,865,105,2,3,3,10,7,240,399,137
447,0,102,1,925,924,0,7,1,386,385,0.0,6.807583648184077e-05,1,445,444,4,-1,5,5,1,765,583,670
448,0,101,1,924,923,0,4,1,331,330,0.0,6.807583648184077e-05,1,437,436,5,-1,6,4,0,578,200,899
449,6,212,431,968,537,14,26,476,607,131,0.0,0.0030974505599237552,1,929,928,3,4,4,5,2,438,885,102
450,34,136,829,961,132,12,12,631,631,0,0.0016678579938050988,0.0017359338302869397,877,881,4,4,4,4,2,9,776,277,93
451,10,111,571,920,349,16,16,475,475,0,0.00010211375472276115,0.00010211375472276115,492,492,0,8,4,4,6,4,522,567,626
452,0,102,1,922,921,0,8,1,393,392,0.0,0.0002723033459273631,1,605,604,4,-1,5,5,0,291,733,252
453,16,16,531,531,0,138,138,781,781,0,0.0005786446100956465,0.0005786446100956465,716,716,0,-1,3,3,17,1,39,80,936
454,86,86,886,886,0,22,22,707,707,0,0.001599782157323258,0.001599782157323258,859,859,0,-1,3,3,2,18,769,82,426
455,0,0,1,1,0,0,0,1,1,0,0.0,0.0,1,1,0,-1,-1,-1,3,0,800,990,940
456,0,0,1,1,0,0,0,1,1,0,0.0,0.0,1,1,0,-1,-1,-1,5,0,695,868,866
457,0,102,1,943,942,0,4,1,426,425,0.0,0.00037441710065012424,1,671,670,4,-1,5,2,0,896,833,391
458,14,116,761,975,214,12,12,812,812,0,0.0002042275094455223,0.0002382654276864427,583,605,22,4,4,4,2,3,813,677,434
459,38,244,688,954,266,132,132,760,760,0,0.0005446066918547262,0.001157289220191293,700,823,123,3,3,3,18,3,86,507,475
460,6,107,456,934,478,22,22,631,631,0,0.00010211375472276115,0.00013615167296368154,485,519,34,5,4,4,5,1,727,891,680
461,123,123,894,894,0,160,160,858,858,0,0.0013274788113958951,0.0013274788113958951,833,833,0,-1,2,2,15,15,49,219,830
462,16,16,616,616,0,18,18,554,554,0,0.0002382654276864427,0.0002382654276864427,584,584,0,-1,4,4,3,5,704,252,814
463,8,214,562,975,413,10,14,498,577,79,0.00010211375472276115,0.002382654276864427,484,902,418,3,4,4,3,2,814,491,111
464,57,57,930,930,0,22,22,920,920,0,0.002110350930937064,0.002110350930937064,905,905,0,-1,3,3,2,18,941,82,903
465,0,102,1,946,945,0,4,1,405,404,0.0,0.00037441710065012424,1,678,677,4,-1,5,2,0,232,907,589
466,8,110,498,902,404,21,21,447,447,0,6.807583648184077e-05,0.00013615167296368154,453,508,55,4,4,4,9,3,249,290,477
467,36,636,722,994,272,54,54,568,568,0,0.00034037918240920387,0.0018380475850097008,649,860,211,2,3,3,12,5,183,310,190
468,0,102,1,918,917,0,5,1,359,358,0.0,3.4037918240920386e-05,1,399,398,4,-1,5,4,1,736,806,526
469,0,101,1,942,941,0,2,1,331,330,0.0,3.4037918240920386e-05,1,409,408,5,-1,6,2,1,975,742,567
470,8,8,502,502,0,17,17,426,426,0,3.4037918240920386e-05,3.4037918240920386e-05,403,403,0,-1,4,4,8,3,365,585,981
471,16,118,616,926,310,26,26,696,696,0,6.807583648184077e-05,0.0005446066918547262,444,728,284,4,3,3,4,1,444,689,177
472,54,54,825,825,0,72,72,780,780,0,0.0009870996289866913,0.0009870996289866913,793,793,0,-1,3,3,11,13,261,340,783
473,2,2,358,358,0,8,8,409,409,0,3.4037918240920386e-05,3.4037918240920386e-05,395,395,0,-1,5,5,4,1,623,837,913
474,0,206,1,978,977,0,14,1,592,591,0.0,0.0006807583648184077,1,761,760,3,-1,4,4,0,827,608,293
475,40,246,778,971,193,68,68,847,847,0,0.0005786446100956465,0.0006807583648184077,722,751,29,3,2,2,7,1,214,667,504
476,0,0,1,1,0,0,0,1,1,0,0.0,0.0,1,1,0,-1,-1,-1,5,0,396,798,751
477,0,0,1,1,0,0,0,1,1,0,0.0,0.0,1,1,0,-1,-1,-1,3,3,835,348,228
478,14,116,647,945,298,14,14,574,574,0,0.00037441710065012424,0.000442492937131965,668,693,25,4,4,4,3,3,729,507,755
479,42,143,803,941,138,36,36,718,718,0,0.0006126825283365669,0.0006807583648184077,742,757,15,5,3,3,5,5,338,283,481
480,0,206,1,972,971,0,16,1,570,569,0.0,0.0040845501889104465,1,943,942,3,-1,4,4,0,461,919,31
481,57,159,867,966,99,24,24,785,785,0,0.0009530617107457708,0.0011232513019503727,815,837,22,4,3,3,3,15,823,219,474
482,0,616,1,997,996,0,32,1,728,727,0.0,0.002212464685659825,1,892,891,2,-1,3,5,1,552,780,67
483,0,102,1,946,945,0,3,1,368,367,0.0,0.00017018959120460194,1,560,559,4,-1,5,2,0,988,632,451
484,64,64,828,828,0,102,102,868,868,0,0.0009530617107457708,0.0009530617107457708,783,783,0,-1,3,3,10,8,109,264,962
485,22,22,628,628,0,57,57,597,597,0,3.4037918240920386e-05,3.4037918240920386e-05,402,402,0,-1,3,3,12,2,194,586,746
486,4,105,456,946,490,4,4,400,400,0,6.807583648184077e-05,6.807583648184077e-05,445,445,0,6,5,5,2,3,761,572,402
487,202,202,947,947,0,150,150,941,941,0,0.005412029000306341,0.005412029000306341,961,961,0,-1,2,2,11,25,163,105,542
488,1,103,333,928,595,5,9,333,425,92,0.0,0.0002723033459273631,1,611,610,4,6,5,5,3,601,676,134
489,6,212,452,972,520,13,14,478,494,16,6.807583648184077e-05,0.0016678579938050988,449,874,425,3,4,4,5,2,908,325,108
490,442,543,988,994,6,118,118,965,965,0,0.00966676878042139,0.00966676878042139,978,978,0,5,3,3,8,75,158,24,736
491,0,206,1,958,957,0,26,1,530,529,0.0,0.0015657442390823377,1,862,861,3,-1,4,7,0,196,916,100
492,0,206,1,968,967,0,12,1,456,455,0.0,0.0014295925661186562,1,855,854,3,-1,4,4,0,694,834,38
493,0,102,1,900,899,0,8,1,367,366,0.0,0.0,1,1,0,4,-1,5,6,0,98,794,506
494,3,3,467,467,0,3,3,404,404,0,0.0,0.0,1,1,0,-1,5,5,2,2,481,364,989
495,0,1640,1,1000,999,0,81,1,638,637,0.0,0.009360427516253106,1,976,975,1,-1,2,14,0,181,793,213
496,28,234,744,973,229,20,24,698,714,16,0.0002042275094455223,0.0005446066918547262,571,728,157,3,3,3,3,6,703,486,555
497,7,213,549,979,430,10,14,531,622,91,6.807583648184077e-05,0.002144388849177984,443,900,457,3,4,4,3,2,953,749,102
498,0,102,1,881,880,0,13,1,358,357,0.0,3.4037918240920386e-05,1,403,402,4,-1,5,11,0,279,971,577
499,6,6,452,452,0,6,6,410,410,0,0.00010211375472276115,0.00010211375472276115,490,490,0,-1,5,5,3,4,900,332,813
500,0,206,1,981,980,0,8,1,551,550,0.0,0.001055175465468532,1,826,825,3,-1,4,2,0,715,833,174
501,0,101,1,942,941,0,3,1,332,331,0.0,3.4037918240920386e-05,1,396,395,5,-1,6,3,0,862,644,648
502,0,102,1,943,942,0,3,1,376,375,0.0,0.00017018959120460194,1,557,556,4,-1,5,2,0,896,952,486
503,0,102,1,938,937,0,3,1,376,375,0.0,0.00037441710065012424,1,674,673,4,-1,5,2,0,906,844,284
504,210,312,949,975,26,204,204,953,953,0,0.0046972327172470135,0.004935498144933456,951,952,1,4,3,3,14,25,121,105,369
505,24,230,688,963,275,34,38,647,671,24,0.0005446066918547262,0.0014295925661186562,718,853,135,3,3,3,6,3,630,236,264
506,6,108,455,936,481,14,14,494,494,0,6.807583648184077e-05,0.00034037918240920387,453,655,202,4,4,4,5,3,848,285,365
507,4,105,505,968,463,4,4,470,470,0,6.807583648184077e-05,6.807583648184077e-05,464,464,0,7,5,5,2,5,866,722,739
508,30,30,795,795,0,24,24,794,794,0,0.0016338200755641784,0.0016338200755641784,870,870,0,-1,3,3,3,5,961,252,949
509,107,107,899,899,0,84,84,841,841,0,0.002723033459273631,0.002723033459273631,914,914,0,-1,3,3,9,22,249,128,997
510,6,6,436,436,0,20,20,554,554,0,0.00013615167296368154,0.00013615167296368154,515,515,0,-1,4,4,4,3,717,410,991
511,7,109,527,934,407,18,18,625,625,0,0.00010211375472276115,0.0007488342013002485,490,769,279,4,4,4,3,2,869,724,272
512,0,206,1,956,955,0,38,1,527,526,0.0,0.0015317063208414173,1,860,859,3,-1,4,9,0,287,966,158
513,6,108,436,916,480,12,12,465,465,0,0.00013615167296368154,0.0005105687736138058,515,704,189,4,4,4,4,4,717,409,795
514,4,210,417,969,552,7,16,397,512,115,3.4037918240920386e-05,0.0012253650566731338,400,829,429,3,5,4,4,2,632,244,146
515,33,33,815,815,0,24,24,783,783,0,0.00088498587426393,0.00088498587426393,798,798,0,-1,3,3,3,8,568,386,657
516,0,102,1,887,886,0,10,1,353,352,0.0,0.0,1,1,0,4,-1,5,9,0,269,664,449
517,6,6,417,417,0,15,15,452,452,0,0.00017018959120460194,0.00017018959120460194,539,539,0,-1,4,4,6,1,446,810,902
518,106,207,898,958,60,88,88,881,881,0,0.0020082371762143027,0.0020082371762143027,880,880,0,5,3,3,8,19,488,144,896
519,2,2,357,357,0,7,7,391,391,0,6.807583648184077e-05,6.807583648184077e-05,455,455,0,-1,5,5,4,1,755,931,843
520,7,7,515,515,0,16,16,522,522,0,6.807583648184077e-05,6.807583648184077e-05,452,452,0,-1,4,4,4,3,566,434,902
521,53,53,873,873,0,52,52,974,974,0,0.0032336022328874367,0.0032336022328874367,934,934,0,-1,2,2,3,4,871,267,571
522,0,0,1,1,0,0,0,1,1,0,0.0,0.0,1,1,0,-1,-1,-1,3,0,672,820,324
523,23,124,688,925,237,26,26,539,539,0,0.0002042275094455223,0.0002382654276864427,567,599,32,5,4,4,7,6,722,229,639
524,2,2,368,368,0,5,5,370,370,0,0.0,0.0,1,1,0,-1,5,5,4,1,617,788,726
525,11,113,592,935,343,14,14,500,500,0,0.00034037918240920387,0.0004084550188910446,647,674,27,4,4,4,5,4,663,645,363
526,10,112,515,900,385,18,18,431,431,0,0.00010211375472276115,0.00034037918240920387,488,643,155,4,4,4,7,3,591,596,368
527,16,117,602,927,325,52,52,776,776,0,0.00017018959120460194,0.00017018959120460194,545,545,0,6,3,3,8,1,442,741,721
528,0,206,1,988,987,0,8,1,645,644,0.0,0.009496579189216788,1,982,981,3,-1,4,2,0,962,732,2
529,128,334,954,989,35,78,78,976,976,0,0.006297014874570271,0.006603356138738555,964,965,1,3,2,2,4,18,673,171,700
530,0,0,1,1,0,0,0,1,1,0,0.0,0.0,1,1,0,-1,-1,-1,5,1,677,456,673
531,10,10,671,671,0,12,12,766,766,0,0.0007147962830593281,0.0007147962830593281,777,777,0,-1,4,4,2,3,866,642,821
532,97,199,954,987,33,32,32,961,961,0,0.006092787365124749,0.006569318220497634,965,967,2,4,3,3,2,29,963,142,49
533,0,0,1,1,0,0,0,1,1,0,0.0,0.0,1,1,0,-1,-1,-1,6,1,549,835,768
534,6,108,425,908,483,28,28,525,525,0,0.00010211375472276115,0.00013615167296368154,479,507,28,4,4,4,8,2,454,492,572
535,6,107,436,912,476,19,19,496,496,0,0.00013615167296368154,0.00013615167296368154,520,520,0,5,4,4,6,2,526,419,530
536,24,125,799,969,170,12,12,725,725,0,0.0006807583648184077,0.0007488342013002485,754,771,17,5,4,4,2,7,890,115,485
537,6,212,375,945,570,45,56,426,479,53,6.807583648184077e-05,0.0004765308553728854,444,694,250,3,4,4,19,1,36,771,266
538,0,101,1,900,899,0,7,1,332,331,0.0,0.00010211375472276115,1,494,493,5,-1,6,7,0,342,768,523
539,57,263,858,979,121,24,24,669,669,0,0.0013955546478777359,0.002314578440382586,842,897,55,3,4,4,4,18,650,64,67
540,6,6,410,410,0,15,15,418,418,0,3.4037918240920386e-05,3.4037918240920386e-05,403,403,0,-1,4,4,6,1,157,265,801
541,6,212,459,971,512,18,22,551,602,51,0.00010211375472276115,0.00030634126416828345,490,640,150,3,4,4,5,2,843,215,528
542,0,0,1,1,0,0,0,1,1,0,0.0,0.0,1,1,0,-1,-1,-1,35,0,20,966,922
543,75,75,902,902,0,22,22,780,780,0,0.002110350930937064,0.002110350930937064,891,891,0,-1,3,3,2,18,429,82,745
544,6,212,442,967,525,22,22,548,548,0,0.00010211375472276115,0.002110350930937064,492,887,395,3,4,4,5,1,382,891,108
545,95,197,913,970,57,50,50,860,860,0,0.002212464685659825,0.002586881786309949,900,913,13,4,3,3,5,18,517,82,245
546,0,0,1,1,0,0,0,1,1,0,0.0,0.0,1,1,0,-1,-1,-1,2,1,944,835,678
547,16,16,586,586,0,40,40,704,704,0,0.00017018959120460194,0.00017018959120460194,539,539,0,-1,3,3,5,1,818,681,971
548,0,101,1,914,913,0,5,1,330,329,0.0,3.4037918240920386e-05,1,401,400,5,-1,6,5,0,314,889,799
549,0,0,1,1,0,0,0,1,1,0,0.0,0.0,1,1,0,-1,-1,-1,2,0,760,981,349
550,6,108,598,973,375,8,8,680,680,0,0.0002723033459273631,0.0030293747234419145,639,933,294,4,4,4,2,1,920,609,48
551,5,107,454,926,472,5,6,383,409,26,3.4037918240920386e-05,0.0008509479560230097,409,791,382,4,5,5,3,3,577,572,161
552,96,197,887,957,70,56,56,810,810,0,0.00176997174852786,0.00176997174852786,871,871,0,6,3,3,6,18,536,171,676
553,16,222,680,976,296,28,28,829,829,0,0.0009190237925048504,0.005480104836788182,811,960,149,3,3,3,3,1,683,612,24
554,54,156,914,979,65,32,32,971,971,0,0.003369753905851118,0.003608019333537561,940,943,3,4,3,3,2,9,807,277,619
555,35,137,815,955,140,24,24,768,768,0,0.0014636304843595766,0.0016338200755641784,850,860,10,4,4,4,4,15,827,137,29
556,23,125,669,916,247,38,38,520,520,0,0.0002723033459273631,0.00034037918240920387,614,647,33,4,4,4,11,6,176,229,654
557,0,206,1,954,953,0,60,1,640,639,0.0,0.004050512270669526,1,945,944,3,-1,4,10,0,153,877,21
558,30,30,702,702,0,54,54,630,630,0,0.00017018959120460194,0.00017018959120460194,534,534,0,-1,3,3,10,6,259,107,831
559,0,101,1,953,952,0,3,1,329,328,0.0,0.0,1,1,0,6,-1,7,3,0,918,750,563
560,0,102,1,903,902,0,10,1,387,386,0.0,0.00017018959120460194,1,533,532,4,-1,5,6,0,451,804,263
561,0,0,1,1,0,0,0,1,1,0,0.0,0.0,1,1,0,-1,-1,-1,5,0,492,728,963
562,17,118,673,944,271,18,18,545,545,0,0.0005105687736138058,0.0006126825283365669,700,729,29,5,4,4,5,6,580,4,215
563,29,131,738,933,195,46,46,745,745,0,0.0004765308553728854,0.0005105687736138058,703,716,13,4,3,3,6,4,489,267,958
564,389,490,996,998,2,72,72,993,993,0,0.015657442390823378,0.015657442390823378,993,993,0,6,2,2,3,98,911,23,292
565,38,1678,758,1000,242,66,100,731,868,137,0.0004765308553728854,0.011334626774226489,697,981,284,1,3,2,10,7,243,150,131
566,8,214,513,966,453,14,22,450,526,76,0.00010211375472276115,0.0010211375472276116,490,817,327,3,4,4,5,2,408,251,335
567,0,101,1,945,944,0,2,1,332,331,0.0,0.0,1,1,0,6,-1,7,2,0,469,969,292
568,0,206,1,979,978,0,8,1,510,509,0.0,0.00439089145307873,1,951,950,3,-1,4,2,0,838,989,32
569,268,884,969,998,29,188,188,960,960,0,0.004833384390210695,0.008441403723748256,949,971,22,2,3,3,13,32,113,26,48
570,0,0,1,1,0,0,0,1,1,0,0.0,0.0,1,1,0,-1,-1,-1,4,0,758,754,823
571,6,212,477,975,498,14,14,579,579,0,0.00017018959120460194,0.0016338200755641784,553,873,320,3,4,4,3,2,826,785,15
572,6,212,407,961,554,44,44,561,561,0,0.00010211375472276115,0.0009870996289866913,477,794,317,3,4,4,10,1,409,718,190
573,0,102,1,919,918,0,4,1,362,361,0.0,0.0,1,1,0,4,-1,5,3,0,780,839,756
574,17,118,693,947,254,25,25,786,786,0,0.0016678579938050988,0.0016678579938050988,863,863,0,5,3,3,4,5,553,401,694
575,30,30,642,642,0,92,92,533,533,0,0.00034037918240920387,0.00034037918240920387,646,646,0,-1,3,3,22,5,22,124,568
576,2,208,362,966,604,6,18,392,560,168,6.807583648184077e-05,0.002927260968719153,450,926,476,3,5,4,3,1,837,577,142
577,2,2,392,392,0,4,4,452,452,0,6.807583648184077e-05,6.807583648184077e-05,463,463,0,-1,5,5,2,2,810,492,684
578,0,206,1,966,965,0,28,1,583,582,0.0,0.0008169100377820892,1,776,775,3,-1,4,6,1,267,828,268
579,0,206,1,948,947,0,25,1,419,418,0.0,0.0002042275094455223,1,551,550,3,-1,4,11,3,163,478,351
580,10,10,660,660,0,8,8,576,576,0,0.00030634126416828345,0.00030634126416828345,650,650,0,-1,4,4,2,3,974,677,787
581,0,0,1,1,0,0,0,1,1,0,0.0,0.0,1,1,0,-1,-1,-1,4,0,738,866,898
582,0,102,1,877,876,0,22,1,395,394,0.0,0.00017018959120460194,1,538,537,4,-1,5,13,0,90,864,584
583,2,208,358,964,606,6,12,375,463,88,3.4037918240920386e-05,0.0007147962830593281,399,768,369,3,5,4,4,2,858,509,143
584,24,230,726,975,249,30,30,743,743,0,0.000442492937131965,0.0011913271384322134,684,835,151,3,3,3,4,4,559,501,482
585,6,1646,417,1000,583,38,100,562,895,333,6.807583648184077e-05,0.012628067667381462,439,984,545,1,4,2,9,2,166,719,49
586,31,237,787,976,189,18,18,647,647,0,0.0007488342013002485,0.0010211375472276116,772,822,50,3,4,4,3,8,842,284,770
587,0,101,1,914,913,0,4,1,331,330,0.0,0.0,1,1,0,5,-1,6,4,0,539,542,807
588,17,223,714,982,268,28,28,840,840,0,0.0013274788113958951,0.003948398515946765,850,943,93,3,3,3,3,3,654,559,75
589,5,107,513,960,447,5,5,426,426,0,0.0,0.00030634126416828345,1,648,647,4,5,5,3,3,915,526,646
590,10,112,544,921,377,19,19,447,447,0,0.00010211375472276115,0.0004084550188910446,475,677,202,4,4,4,8,3,323,596,124
591,6,6,590,590,0,4,4,526,526,0,0.00037441710065012424,0.00037441710065012424,675,675,0,-1,5,5,2,7,973,371,574
592,16,16,666,666,0,26,26,665,665,0,0.00034037918240920387,0.00034037918240920387,652,652,0,-1,4,4,5,6,435,199,866
593,166,372,947,983,36,104,104,887,887,0,0.0026549576227917903,0.003914360597705844,911,943,32,3,3,3,9,28,367,98,179
594,16,632,555,992,437,74,102,660,790,130,0.00030634126416828345,0.004493005207801491,637,947,310,2,3,3,12,1,222,869,126
595,6,6,424,424,0,16,16,432,432,0,0.00013615167296368154,0.00013615167296368154,511,511,0,-1,4,4,8,1,323,337,887
596,18,119,711,957,246,8,8,518,518,0,0.0005446066918547262,0.0005446066918547262,736,736,0,5,4,4,2,6,988,376,749
597,0,0,1,1,0,0,0,1,1,0,0.0,0.0,1,1,0,-1,-1,-1,2,0,952,848,571
598,0,101,1,945,944,0,2,1,331,330,0.0,6.807583648184077e-05,1,450,449,5,-1,6,2,0,838,735,419
599,1,207,333,953,620,13,42,333,493,160,0.0,0.0012934408931549745,1,830,829,3,8,4,13,2,242,448,171
600,0,0,1,1,0,0,0,1,1,0,0.0,0.0,1,1,0,-1,-1,-1,19,0,48,483,917
601,0,0,1,1,0,0,0,1,1,0,0.0,0.0,1,1,0,-1,-1,-1,9,1,119,472,802
602,14,630,593,997,404,16,30,513,701,188,0.0002723033459273631,0.003812246842983083,608,945,337,2,4,3,4,6,717,247,28
603,6,6,428,428,0,20,20,477,477,0,6.807583648184077e-05,6.807583648184077e-05,453,453,0,-1,4,4,6,2,352,714,783
604,1,103,332,920,588,4,6,332,381,49,3.4037918240920386e-05,0.00010211375472276115,401,493,92,4,6,5,4,1,969,640,384
605,0,102,1,915,914,0,6,1,360,359,0.0,3.4037918240920386e-05,1,403,402,4,-1,5,5,0,314,546,214
606,158,260,945,975,30,88,88,888,888,0,0.0021784267674189047,0.002314578440382586,885,889,4,4,3,3,8,27,449,61,222
607,16,118,690,950,260,24,24,809,809,0,0.0002723033459273631,0.0007828721195411688,624,772,148,4,3,3,3,1,785,609,418
608,0,0,1,1,0,0,0,1,1,0,0.0,0.0,1,1,0,-1,-1,-1,2,0,924,817,907
609,108,314,877,971,94,180,180,886,886,0,0.002280540522141666,0.002382654276864427,893,896,3,3,2,2,16,13,145,183,749
610,28,129,822,969,147,8,8,571,571,0,0.0006467204465774873,0.0006467204465774873,761,761,0,5,4,4,2,12,995,159,292
611,6,212,460,976,516,9,14,470,591,121,0.0,0.003982436434187685,1,952,951,3,4,4,3,1,882,878,5
612,2,2,368,368,0,7,7,403,403,0,3.4037918240920386e-05,3.4037918240920386e-05,419,419,0,-1,5,5,4,2,344,509,944
613,2,618,351,994,643,12,62,394,792,398,6.807583648184077e-05,0.007420266176520644,451,969,518,2,5,3,7,1,472,618,7
614,34,34,724,724,0,52,52,629,629,0,0.00034037918240920387,0.00034037918240920387,636,636,0,-1,4,4,10,10,409,262,985
615,31,31,732,732,0,46,46,709,709,0,0.0006467204465774873,0.0006467204465774873,735,735,0,-1,3,3,6,8,514,257,776
616,8,8,521,521,0,19,19,519,519,0,0.00010211375472276115,0.00010211375472276115,472,472,0,-1,4,4,6,3,575,829,985
617,6,212,376,941,565,70,82,522,558,36,0.0002042275094455223,0.000442492937131965,558,669,111,3,4,4,17,4,103,409,541
618,0,102,1,926,925,0,5,1,380,379,0.0,0.0006807583648184077,1,770,769,4,-1,5,3,0,864,959,403
619,88,189,906,970,64,38,38,885,885,0,0.0024166921951053475,0.002552843868069029,908,912,4,5,3,3,3,18,337,171,384
620,79,79,882,882,0,50,50,829,829,0,0.0015317063208414173,0.0015317063208414173,867,867,0,-1,3,3,5,20,766,49,838
621,138,344,888,970,82,248,252,875,880,5,0.0018040096667687805,0.0018720855032506212,859,867,8,3,2,2,23,12,43,67,662
622,2,2,370,370,0,3,3,333,333,0,0.0,0.0,1,1,0,-1,6,6,3,2,797,694,792
623,1,617,333,994,661,8,54,333,712,379,0.0,0.0019741992579733825,1,876,875,2,7,3,8,3,325,626,85
624,0,102,1,939,938,0,6,1,437,436,0.0,0.0006126825283365669,1,743,742,4,-1,5,3,0,845,611,326
625,6,6,463,463,0,16,16,563,563,0,0.00010211375472276115,0.00010211375472276115,476,476,0,-1,4,4,4,3,633,260,967
626,0,206,1,946,945,0,37,1,478,477,0.0,0.0004765308553728854,1,686,685,3,-1,4,11,1,162,568,40
627,0,0,1,1,0,0,0,1,1,0,0.0,0.0,1,1,0,-1,-1,-1,2,3,810,746,429
628,348,449,988,994,6,48,48,936,936,0,0.008305252050784574,0.008407365805507334,977,977,0,5,3,3,3,78,839,9,648
629,0,101,1,883,882,0,9,1,332,331,0.0,0.0,1,1,0,6,-1,7,9,0,263,976,590
630,0,0,1,1,0,0,0,1,1,0,0.0,0.0,1,1,0,-1,-1,-1,5,0,795,777,608
631,0,102,1,923,922,0,8,1,420,419,0.0,0.0012253650566731338,1,838,837,4,-1,5,4,0,559,498,100
632,9,111,548,919,371,16,16,516,516,0,0.0002042275094455223,0.000442492937131965,577,687,110,4,4,4,4,3,623,485,521
633,16,222,649,976,327,24,24,677,677,0,0.0005105687736138058,0.0012253650566731338,704,845,141,3,4,4,4,4,648,333,206
634,0,206,1,970,969,0,16,1,520,519,0.0,0.0008509479560230097,1,789,788,3,-1,4,4,0,539,875,397
635,6,6,463,463,0,10,10,516,516,0,6.807583648184077e-05,6.807583648184077e-05,448,448,0,-1,4,4,3,1,710,661,565
636,23,229,737,979,242,22,22,764,764,0,0.0007147962830593281,0.002314578440382586,769,906,137,3,3,3,2,3,934,653,158
637,26,26,657,657,0,52,52,560,560,0,0.0002723033459273631,0.0002723033459273631,605,605,0,-1,4,4,12,6,212,683,890
638,0,206,1,944,943,0,106,1,628,627,0.0,0.002212464685659825,1,894,893,3,-1,4,21,0,25,571,57
639,16,16,484,484,0,100,100,542,542,0,0.0002723033459273631,0.0002723033459273631,605,605,0,-1,3,3,23,1,4,840,911
640,0,616,1,1000,999,0,22,1,833,832,0.0,0.004322815616596889,1,952,951,2,-1,3,2,1,895,814,255
641,315,416,980,988,8,94,94,973,973,0,0.008509479560230097,0.008577555396711936,977,977,0,5,2,2,5,55,464,21,499
642,0,206,1,948,947,0,72,1,595,594,0.0,0.0015657442390823377,1,851,850,3,-1,4,14,0,172,750,81
643,13,115,674,962,288,12,12,658,658,0,0.0004084550188910446,0.0004084550188910446,695,695,0,4,4,4,2,3,686,485,576
644,0,0,1,1,0,0,0,1,1,0,0.0,0.0,1,1,0,-1,-1,-1,4,0,885,922,926
645,8,109,575,958,383,10,10,538,538,0,0.00010211375472276115,0.00017018959120460194,480,543,63,5,4,4,3,3,576,434,370
646,0,206,1,967,966,0,17,1,499,498,0.0,0.00088498587426393,1,804,803,3,-1,4,5,0,665,984,113
647,40,40,738,738,0,116,116,832,832,0,0.0009190237925048504,0.0009190237925048504,793,793,0,-1,3,3,11,4,227,185,866
648,0,102,1,920,919,0,7,1,388,387,0.0,6.807583648184077e-05,1,445,444,4,-1,5,4,0,758,834,645
649,8,110,517,916,399,16,16,467,467,0,0.0002042275094455223,0.0002723033459273631,581,623,42,4,4,4,6,4,402,442,680
650,7,213,595,987,392,8,12,604,756,152,0.00030634126416828345,0.00176997174852786,643,880,237,3,4,4,2,2,807,566,38
651,0,0,1,1,0,0,0,1,1,0,0.0,0.0,1,1,0,-1,-1,-1,2,0,429,974,635
652,34,240,748,972,224,36,36,635,635,0,0.0008169100377820892,0.0013955546478777359,774,847,73,3,4,4,6,10,514,296,185
653,0,0,1,1,0,0,0,1,1,0,0.0,0.0,1,1,0,-1,-1,-1,6,0,368,638,841
654,42,143,864,971,107,12,12,746,746,0,0.0013274788113958951,0.0013615167296368155,847,847,0,5,4,4,2,17,799,60,311
655,0,102,1,956,955,0,4,1,454,453,0.0,0.0004084550188910446,1,691,690,4,-1,5,2,1,889,235,187
656,0,206,1,962,961,0,17,1,434,433,0.0,0.00030634126416828345,1,629,628,3,-1,4,7,0,156,916,249
657,6,108,464,927,463,20,20,609,609,0,0.00013615167296368154,0.0002042275094455223,527,578,51,4,4,4,4,1,344,553,443
658,0,206,1,952,951,0,19,1,397,396,0.0,6.807583648184077e-05,1,433,432,3,-1,4,10,0,259,740,810
659,6,212,464,976,512,10,14,494,558,64,0.00013615167296368154,0.0006467204465774873,530,754,224,3,4,4,3,1,833,531,189
660,0,0,1,1,0,0,0,1,1,0,0.0,0.0,1,1,0,-1,-1,-1,3,0,852,992,472
661,0,101,1,964,963,0,2,1,330,329,0.0,0.00013615167296368154,1,533,532,5,-1,6,2,0,865,725,270
662,226,432,952,979,27,250,250,948,948,0,0.0029612988869600733,0.003369753905851118,918,932,14,3,2,2,17,20,24,43,160
663,0,616,1,994,993,0,76,1,812,811,0.0,0.007216038667075122,1,969,968,2,-1,3,9,0,166,587,18
664,22,123,751,956,205,18,18,797,797,0,0.00030634126416828345,0.00034037918240920387,629,641,12,5,3,3,2,4,838,551,771
665,4,106,381,874,493,33,34,391,391,0,0.0,0.0,1,1,0,4,5,5,19,2,46,364,290
666,0,101,1,945,944,0,2,1,329,328,0.0,0.0,1,1,0,5,-1,6,2,0,928,906,736
667,0,0,1,1,0,0,0,1,1,0,0.0,0.0,1,1,0,-1,-1,-1,5,0,773,975,780
668,24,125,767,955,188,14,14,623,623,0,0.0008169100377820892,0.00088498587426393,790,801,11,5,4,4,3,7,888,396,690
669,124,225,964,982,18,22,22,844,844,0,0.003642057251778481,0.003642057251778481,932,932,0,7,3,3,2,48,625,56,582
670,40,246,739,963,224,88,88,749,749,0,0.0007147962830593281,0.00088498587426393,749,779,30,3,3,3,11,4,139,267,211
671,119,119,905,905,0,102,102,900,900,0,0.0013274788113958951,0.0013274788113958951,846,846,0,-1,2,2,8,17,483,327,568
672,106,106,916,916,0,50,50,820,820,0,0.0017018959120460194,0.0017018959120460194,868,868,0,-1,3,3,5,20,724,109,970
673,44,250,821,976,155,52,52,948,948,0,0.002110350930937064,0.0027911092957554717,883,910,27,3,2,2,3,4,989,557,219
674,0,616,1,996,995,0,36,1,687,686,0.0,0.003880322679464924,1,945,944,2,-1,3,5,2,571,462,51
675,18,224,648,969,321,24,24,612,612,0,0.000442492937131965,0.0009530617107457708,689,806,117,3,4,4,4,4,567,479,387
676,124,124,921,921,0,116,116,951,951,0,0.0028591851322373124,0.0028591851322373124,920,920,0,-1,2,2,7,17,466,269,529
677,140,346,943,986,43,54,54,899,899,0,0.002723033459273631,0.0029612988869600733,918,927,9,3,3,3,4,23,675,66,508
678,42,658,803,998,195,50,50,830,830,0,0.0019741992579733825,0.006637394056979475,877,970,93,2,3,3,5,6,438,114,584
679,16,16,552,552,0,70,70,634,634,0,0.00010211375472276115,0.00010211375472276115,484,484,0,-1,3,3,12,1,143,420,614
680,16,632,599,997,398,28,42,556,691,135,0.0004765308553728854,0.0042547397801150485,701,944,243,2,3,3,7,1,362,810,534
681,2,2,358,358,0,6,6,358,358,0,6.807583648184077e-05,6.807583648184077e-05,437,437,0,-1,5,5,5,2,457,292,920
682,329,535,992,999,7,32,32,926,926,0,0.01065386840940808,0.011028285510058205,986,988,2,3,3,3,2,85,723,0,172
683,7,7,577,577,0,9,9,561,561,0,0.00017018959120460194,0.00017018959120460194,559,559,0,-1,4,4,3,3,915,263,940
684,0,206,1,963,962,0,17,1,424,423,0.0,0.00034037918240920387,1,637,636,3,-1,4,8,0,325,729,365
685,0,101,1,872,871,0,16,1,332,331,0.0,3.4037918240920386e-05,1,402,401,5,-1,6,16,0,134,588,781
686,110,726,876,994,118,224,224,858,858,0,0.0017359338302869397,0.002484768031587188,865,899,34,2,3,3,23,13,30,42,630
687,200,200,975,975,0,38,38,888,888,0,0.005616256509751864,0.005616256509751864,960,960,0,-1,3,3,3,49,699,51,696
688,0,0,1,1,0,0,0,1,1,0,0.0,0.0,1,1,0,-1,-1,-1,17,1,112,792,754
689,42,144,739,918,179,78,78,673,673,0,0.0008169100377820892,0.00088498587426393,773,783,10,4,3,3,12,8,252,386,152
690,8,8,452,452,0,43,43,419,419,0,0.00017018959120460194,0.00017018959120460194,526,526,0,-1,4,4,19,3,11,761,989
691,0,206,1,939,938,0,31,1,377,376,0.0,6.807583648184077e-05,1,449,448,3,-1,4,20,3,88,746,416
692,29,131,715,919,204,58,58,660,660,0,0.0005105687736138058,0.0005786446100956465,704,729,25,4,3,3,10,5,427,591,152
693,0,206,1,972,971,0,20,1,581,580,0.0,0.0018720855032506212,1,883,882,3,-1,4,4,0,784,502,95
694,0,102,1,905,904,0,10,1,378,377,0.0,0.0,1,1,0,4,-1,5,7,0,637,901,718
695,28,28,778,778,0,8,8,489,489,0,0.0002382654276864427,0.0002382654276864427,586,586,0,-1,4,4,2,11,733,316,760
696,2,208,360,972,612,6,24,384,701,317,3.4037918240920386e-05,0.004833384390210695,404,955,551,3,5,4,4,1,550,601,32
697,16,222,509,944,435,144,144,766,766,0,0.0006467204465774873,0.0007147962830593281,725,742,17,3,3,3,18,2,69,482,756
698,29,29,760,760,0,26,26,645,645,0,0.0004084550188910446,0.0004084550188910446,674,674,0,-1,4,4,5,13,430,256,930
699,18,18,723,723,0,12,12,627,627,0,0.0015317063208414173,0.0015317063208414173,865,865,0,-1,4,4,2,4,820,281,929
700,4,4,468,468,0,5,5,405,405,0,0.00010211375472276115,0.00010211375472276115,498,498,0,-1,5,5,3,3,654,311,886
701,8,110,533,926,393,8,8,466,466,0,0.00013615167296368154,0.00017018959120460194,521,560,39,4,4,4,2,2,905,584,380
702,94,94,888,888,0,34,34,706,706,0,0.0015657442390823377,0.0015657442390823377,863,863,0,-1,3,3,4,20,300,49,744
703,14,14,599,599,0,18,18,503,503,0,0.00030634126416828345,0.00030634126416828345,648,648,0,-1,4,4,5,6,665,229,956
704,0,616,1,990,989,0,97,1,449,448,0.0,0.00034037918240920387,1,625,624,2,-1,3,36,0,16,358,474
705,30,236,693,959,266,64,64,688,688,0,0.0006126825283365669,0.0009870996289866913,734,802,68,3,3,3,9,6,159,381,187
706,13,114,669,957,288,8,8,550,550,0,0.0004084550188910446,0.0004084550188910446,669,669,0,5,4,4,2,8,946,286,196
707,0,0,1,1,0,0,0,1,1,0,0.0,0.0,1,1,0,-1,-1,-1,4,1,547,767,533
708,18,18,663,663,0,50,50,842,842,0,0.0007488342013002485,0.0007488342013002485,776,776,0,-1,3,3,5,4,314,440,918
709,0,616,1,994,993,0,66,1,740,739,0.0,0.003642057251778481,1,939,938,2,-1,3,9,0,367,632,17
710,102,204,914,969,55,38,38,845,845,0,0.002144388849177984,0.002280540522141666,898,902,4,4,3,3,3,18,737,171,385
711,9,215,565,972,407,18,18,538,538,0,6.807583648184077e-05,0.001055175465468532,458,816,358,3,4,4,5,4,795,319,116
712,0,0,1,1,0,0,0,1,1,0,0.0,0.0,1,1,0,-1,-1,-1,2,0,429,887,920
713,0,206,1,951,950,0,23,1,453,452,0.0,0.0005105687736138058,1,711,710,3,-1,4,9,0,208,910,296
714,11,217,634,979,345,12,16,522,588,66,0.0002042275094455223,0.003778208924742163,570,937,367,3,4,4,4,5,789,350,33
715,0,101,1,912,911,0,3,1,331,330,0.0,0.00010211375472276115,1,493,492,5,-1,6,3,1,737,787,408
716,0,616,1,991,990,0,42,1,555,554,0.0,0.0011913271384322134,1,818,817,2,-1,3,10,1,204,693,185
717,28,130,810,966,156,14,14,628,628,0,0.00037441710065012424,0.0007488342013002485,661,767,106,4,4,4,3,8,768,177,418
718,171,377,937,978,41,130,130,913,913,0,0.002723033459273631,0.002757071377514551,912,916,4,3,3,3,10,20,206,95,756
719,0,616,1,995,994,0,16,1,439,438,0.0,0.0016678579938050988,1,860,859,2,-1,3,6,0,514,542,431
720,6,6,442,442,0,16,16,517,517,0,0.00013615167296368154,0.00013615167296368154,514,514,0,-1,4,4,4,2,652,384,851
721,22,638,651,992,341,29,78,530,842,312,0.0002723033459273631,0.007284114503556962,611,968,357,2,3,3,8,2,201,244,9
722,2,208,364,978,614,5,10,392,508,116,3.4037918240920386e-05,0.0002382654276864427,399,593,194,3,5,4,3,3,676,466,182
723,6,108,410,901,491,17,17,419,419,0,3.4037918240920386e-05,0.00010211375472276115,402,489,87,4,4,4,7,1,331,594,370
724,0,101,1,967,966,0,2,1,329,328,0.0,0.0002042275094455223,1,590,589,5,-1,6,2,0,933,969,154
725,107,107,888,888,0,90,90,786,786,0,0.0015317063208414173,0.0015317063208414173,850,850,0,-1,3,3,10,17,99,269,961
726,0,0,1,1,0,0,0,1,1,0,0.0,0.0,1,1,0,-1,-1,-1,2,0,893,750,643
727,18,18,706,706,0,12,12,610,610,0,0.00037441710065012424,0.00037441710065012424,684,684,0,-1,4,4,2,3,948,616,767
728,7,108,566,953,387,6,6,439,439,0,0.00017018959120460194,0.00017018959120460194,551,551,0,7,5,5,3,4,798,315,640
729,68,170,876,959,83,18,18,580,580,0,0.0011913271384322134,0.0018720855032506212,830,882,52,4,4,4,3,17,834,96,161
730,0,102,1,886,885,0,19,1,389,388,0.0,0.00013615167296368154,1,511,510,4,-1,5,11,0,139,620,410
731,0,101,1,881,880,0,10,1,332,331,0.0,0.0,1,1,0,5,-1,6,10,1,99,780,543
732,0,0,1,1,0,0,0,1,1,0,0.0,0.0,1,1,0,-1,-1,-1,4,0,448,822,914
733,0,102,1,921,920,0,7,1,377,376,0.0,6.807583648184077e-05,1,452,451,4,-1,5,5,0,421,955,300
734,192,294,942,967,25,206,206,925,925,0,0.003199564314646516,0.0033016780693692774,933,934,1,4,3,3,16,30,60,39,319
735,0,102,1,926,925,0,6,1,389,388,0.0,0.00010211375472276115,1,488,487,4,-1,5,4,0,706,991,791
736,41,41,846,846,0,47,47,962,962,0,0.006092787365124749,0.006092787365124749,964,964,0,-1,2,2,3,3,854,585,828
737,3,209,423,972,549,4,8,407,472,65,3.4037918240920386e-05,0.0004084550188910446,397,678,281,3,5,4,2,2,990,627,688
738,66,168,855,958,103,56,56,816,816,0,0.0009530617107457708,0.001157289220191293,802,827,25,4,3,3,6,17,251,226,479
739,7,109,548,942,394,18,18,710,710,0,0.0006126825283365669,0.0006807583648184077,739,757,18,4,4,4,3,3,961,299,683
740,0,102,1,888,887,0,13,1,345,344,0.0,0.0,1,1,0,4,-1,5,12,0,226,571,935
741,10,216,490,955,465,54,54,552,552,0,0.0002723033459273631,0.00037441710065012424,615,661,46,3,4,4,11,5,227,722,468
742,0,102,1,891,890,0,13,1,368,367,0.0,3.4037918240920386e-05,1,406,405,4,-1,5,10,0,149,488,512
743,0,101,1,957,956,0,2,1,331,330,0.0,0.0002042275094455223,1,567,566,5,-1,6,2,0,985,917,809
744,2,2,367,367,0,6,6,419,419,0,0.0,0.0,1,1,0,-1,5,5,3,1,627,334,979
745,0,0,1,1,0,0,0,1,1,0,0.0,0.0,1,1,0,-1,-1,-1,4,0,717,855,986
746,0,0,1,1,0,0,0,1,1,0,0.0,0.0,1,1,0,-1,-1,-1,6,0,582,957,811
747,8,8,554,554,0,14,14,597,597,0,0.00013615167296368154,0.00013615167296368154,522,522,0,-1,4,4,3,2,774,697,643
748,30,30,734,734,0,44,44,699,699,0,0.00034037918240920387,0.00034037918240920387,655,655,0,-1,3,3,7,5,335,252,611
749,8,8,661,661,0,8,8,687,687,0,0.0006126825283365669,0.0006126825283365669,761,761,0,-1,4,4,2,3,956,121,546
750,6,6,399,399,0,80,80,607,607,0,0.00010211375472276115,0.00010211375472276115,474,474,0,-1,4,4,18,1,29,711,520
751,2,104,366,928,562,8,10,397,441,44,0.00010211375472276115,0.00037441710065012424,490,669,179,4,5,5,5,2,848,313,167
752,72,72,837,837,0,86,86,718,718,0,0.0010211375472276116,0.0010211375472276116,800,800,0,-1,3,3,11,11,188,97,546
753,0,0,1,1,0,0,0,1,1,0,0.0,0.0,1,1,0,-1,-1,-1,3,0,927,980,643
754,0,616,1,995,994,0,36,1,714,713,0.0,0.0020082371762143027,1,884,883,2,-1,3,5,2,677,633,297
755,6,107,526,960,434,18,18,742,742,0,0.0005105687736138058,0.0005105687736138058,714,714,0,7,4,4,3,1,922,439,671
756,6,108,476,942,466,8,8,489,489,0,0.0,0.00017018959120460194,1,548,547,4,4,4,2,1,596,964,176
757,2,2,355,355,0,16,16,388,388,0,6.807583648184077e-05,6.807583648184077e-05,449,449,0,-1,5,5,10,1,243,594,489
758,17,223,607,957,350,32,44,476,546,70,6.807583648184077e-05,0.0010892133837094523,448,808,360,3,4,4,10,5,152,274,190
759,0,102,1,928,927,0,4,1,393,392,0.0,0.0004084550188910446,1,691,690,4,-1,5,2,0,752,707,328
760,0,0,1,1,0,0,0,1,1,0,0.0,0.0,1,1,0,-1,-1,-1,4,0,885,973,489
761,24,126,714,928,214,46,46,758,758,0,0.0010892133837094523,0.0012594029749140542,819,827,8,4,3,3,6,3,402,616,202
762,1,103,332,931,599,4,6,332,388,56,3.4037918240920386e-05,6.807583648184077e-05,407,451,44,4,6,5,4,1,696,543,441
763,0,0,1,1,0,0,0,1,1,0,0.0,0.0,1,1,0,-1,-1,-1,16,0,78,664,657
764,8,109,583,959,376,8,8,552,552,0,0.0004084550188910446,0.0004084550188910446,691,691,0,6,4,4,2,2,889,473,676
765,0,102,1,940,939,0,3,1,368,367,0.0,0.0002042275094455223,1,583,582,4,-1,5,2,0,980,483,677
766,0,101,1,943,942,0,2,1,331,330,0.0,0.0,1,1,0,5,-1,6,2,1,992,806,879
767,16,632,529,990,461,126,136,751,785,34,0.0004084550188910446,0.002280540522141666,667,901,234,2,3,3,16,2,59,160,213
768,115,217,876,947,71,186,186,877,877,0,0.00176997174852786,0.00176997174852786,862,862,0,4,2,2,17,15,94,137,893
769,8,214,544,976,432,14,14,564,564,0,6.807583648184077e-05,0.00037441710065012424,461,673,212,3,4,4,3,3,579,300,691
770,120,222,938,973,35,78,78,978,978,0,0.008339289969025495,0.008441403723748256,979,979,0,4,2,2,4,19,619,297,282
771,0,0,1,1,0,0,0,1,1,0,0.0,0.0,1,1,0,-1,-1,-1,7,1,417,650,794
772,0,101,1,948,947,0,2,1,331,330,0.0,0.00010211375472276115,1,496,495,5,-1,6,2,0,895,359,188
773,2,104,360,906,546,6,6,370,370,0,3.4037918240920386e-05,3.4037918240920386e-05,399,399,0,4,5,5,4,2,567,764,631
774,13,115,600,932,332,22,22,559,559,0,0.0002042275094455223,0.0002042275094455223,571,571,0,4,4,4,5,3,326,385,577
775,30,132,677,912,235,90,90,698,698,0,0.00034037918240920387,0.00034037918240920387,631,631,0,4,3,3,13,4,90,86,598
776,6,6,412,412,0,15,15,428,428,0,3.4037918240920386e-05,3.4037918240920386e-05,395,395,0,-1,4,4,6,1,255,594,489
777,108,210,931,971,40,60,60,895,895,0,0.0035059055788147996,0.003608019333537561,936,937,1,4,3,3,5,19,688,135,492
778,0,616,1,995,994,0,29,1,527,526,0.0,0.001055175465468532,1,805,804,2,-1,3,8,0,443,969,376
779,0,206,1,967,966,0,22,1,573,572,0.0,0.001497668402600497,1,854,853,3,-1,4,5,0,524,961,117
780,59,265,840,976,136,68,68,937,937,0,0.002110350930937064,0.0028591851322373124,891,923,32,3,2,2,4,8,540,257,172
781,75,691,835,993,158,132,142,866,892,26,0.0013955546478777359,0.002280540522141666,837,891,54,2,2,2,15,8,110,417,67
782,18,18,616,616,0,34,34,590,590,0,0.0002042275094455223,0.0002042275094455223,565,565,0,-1,4,4,7,4,170,443,838
783,97,198,939,977,38,18,18,710,710,0,0.003369753905851118,0.003369753905851118,934,934,0,5,4,4,3,30,600,75,749
784,0,102,1,922,921,0,4,1,363,362,0.0,6.807583648184077e-05,1,450,449,4,-1,5,3,0,672,859,528
785,6,107,456,921,465,17,17,540,540,0,3.4037918240920386e-05,3.4037918240920386e-05,408,408,0,5,4,4,5,1,570,878,484
786,38,38,799,799,0,32,32,744,744,0,0.0007488342013002485,0.0007488342013002485,769,769,0,-1,3,3,5,10,456,195,919
787,22,638,650,993,343,47,66,662,763,101,0.00037441710065012424,0.002927260968719153,652,915,263,2,3,3,9,2,389,491,15
788,66,66,841,841,0,56,56,753,753,0,0.0010892133837094523,0.0010892133837094523,816,816,0,-1,3,3,6,14,157,190,900
789,128,230,929,967,38,76,76,877,877,0,0.0026889955410327104,0.003199564314646516,912,929,17,4,3,3,6,20,356,38,399
790,183,183,948,948,0,162,162,974,974,0,0.0030634126416828346,0.0030634126416828346,927,927,0,-1,2,2,9,27,306,304,356
791,38,140,849,970,121,22,22,890,890,0,0.0007488342013002485,0.0009870996289866913,784,812,28,4,3,3,2,7,799,169,221
792,0,102,1,974,973,0,3,1,436,435,0.0,0.00037441710065012424,1,691,690,4,-1,5,2,0,978,758,283
793,0,206,1,967,966,0,18,1,487,486,0.0,0.0004765308553728854,1,703,702,3,-1,4,7,0,697,926,221
794,0,0,1,1,0,0,0,1,1,0,0.0,0.0,1,1,0,-1,-1,-1,15,0,0,940,644
795,166,166,962,962,0,44,44,830,830,0,0.0033357159876101976,0.0033357159876101976,928,928,0,-1,3,3,4,48,558,56,614
796,30,131,790,953,163,24,24,780,780,0,0.0007828721195411688,0.0007828721195411688,790,790,0,5,3,3,3,4,857,470,639
797,36,242,803,975,172,26,30,756,769,13,0.0005446066918547262,0.002110350930937064,726,887,161,3,3,3,4,8,617,90,206
798,74,175,860,951,91,70,70,892,892,0,0.0012594029749140542,0.0012594029749140542,842,842,0,5,3,3,5,12,408,179,466
799,8,110,548,936,388,6,6,421,421,0,0.0002042275094455223,0.0006467204465774873,576,744,168,4,5,5,3,4,712,365,103
800,0,206,1,975,974,0,9,1,468,467,0.0,0.0013955546478777359,1,855,854,3,-1,4,3,0,337,938,117
801,22,123,595,896,301,53,53,478,478,0,0.00010211375472276115,0.00010211375472276115,477,477,0,5,4,4,17,5,56,314,484
802,68,170,849,950,101,78,78,789,789,0,0.0009530617107457708,0.001157289220191293,792,816,24,4,3,3,8,12,225,179,557
803,0,102,1,896,895,0,9,1,350,349,0.0,0.00013615167296368154,1,507,506,4,-1,5,8,0,317,961,687
804,18,224,602,954,352,30,34,476,511,35,0.00037441710065012424,0.0010211375472276116,670,810,140,3,4,4,9,5,159,636,138
805,28,130,704,929,225,44,44,787,787,0,0.0005105687736138058,0.0005446066918547262,697,708,11,4,3,3,4,3,410,519,931
806,28,644,661,992,331,140,150,834,860,26,0.0008509479560230097,0.0018380475850097008,780,877,97,2,3,3,15,3,45,103,114
807,0,0,1,1,0,0,0,1,1,0,0.0,0.0,1,1,0,-1,-1,-1,7,0,417,865,400
808,16,222,555,958,403,74,74,758,758,0,0.0005446066918547262,0.00088498587426393,722,792,70,3,3,3,9,1,263,439,382
809,215,316,942,969,27,320,320,977,977,0,0.0033016780693692774,0.0033016780693692774,923,923,0,5,2,2,18,17,69,85,896
810,8,8,535,535,0,11,11,452,452,0,0.00013615167296368154,0.00013615167296368154,526,526,0,-1,4,4,4,5,755,476,886
811,197,197,966,966,0,60,60,909,909,0,0.004561081044283332,0.004561081044283332,953,953,0,-1,3,3,5,49,765,51,929
812,0,616,1,990,989,0,46,1,568,567,0.0,0.001599782157323258,1,861,860,2,-1,3,10,0,206,446,219
813,2,104,363,918,555,5,8,364,422,58,6.807583648184077e-05,0.0002723033459273631,449,620,171,4,5,5,4,1,784,530,80
814,560,1176,987,1000,13,260,260,969,969,0,0.008645631233193778,0.012559991830899623,972,988,16,2,2,2,16,70,53,18,126
815,0,102,1,925,924,0,7,1,382,381,0.0,0.00013615167296368154,1,512,511,4,-1,5,5,0,533,643,710
816,6,6,372,372,0,71,71,426,426,0,6.807583648184077e-05,6.807583648184077e-05,439,439,0,-1,4,4,30,2,7,597,929
817,89,89,860,860,0,84,84,774,774,0,0.0008509479560230097,0.0008509479560230097,780,780,0,-1,3,3,9,15,351,219,400
818,6,108,439,917,478,12,12,459,459,0,3.4037918240920386e-05,6.807583648184077e-05,410,452,42,4,4,4,4,1,622,334,580
819,106,208,930,972,42,50,50,858,858,0,0.002314578440382586,0.0026549576227917903,903,913,10,4,3,3,5,20,795,95,475
820,62,268,877,984,107,28,28,794,794,0,0.002110350930937064,0.002825147213996392,893,921,28,3,3,3,3,15,791,151,499
821,50,256,764,958,194,84,88,655,674,19,0.00037441710065012424,0.0008509479560230097,650,766,116,3,3,3,14,5,181,636,40
822,1,207,332,978,646,2,8,332,524,192,3.4037918240920386e-05,0.0025188059498281084,403,916,513,3,6,4,2,1,895,781,13
823,6,6,438,438,0,22,22,568,568,0,0.0002382654276864427,0.0002382654276864427,605,605,0,-1,4,4,5,1,363,556,686
824,1,1,333,333,0,5,5,333,333,0,6.807583648184077e-05,6.807583648184077e-05,446,446,0,-1,6,6,5,1,377,603,855
825,23,23,759,759,0,24,24,759,759,0,0.000442492937131965,0.000442492937131965,697,697,0,-1,4,4,4,11,480,52,433
826,0,102,1,935,934,0,4,1,368,367,0.0,0.0007488342013002485,1,774,773,4,-1,5,3,0,433,548,113
827,12,114,568,925,357,20,20,633,633,0,0.0002042275094455223,0.00030634126416828345,573,637,64,4,4,4,4,4,949,346,809
828,134,236,924,969,45,72,72,853,853,0,0.0034718676605738795,0.00353994349705572,930,932,2,4,3,3,7,29,510,142,581
829,0,101,1,930,929,0,4,1,331,330,0.0,0.00010211375472276115,1,486,485,5,-1,6,4,0,696,816,749
830,100,100,948,948,0,100,100,998,998,0,0.07723203648864835,0.07723203648864835,1000,1000,0,-1,1,1,2,9,897,245,852
831,100,100,904,904,0,100,100,982,982,0,0.031314884781646755,0.031314884781646755,998,998,0,-1,1,1,5,13,407,261,863
832,0,616,1,990,989,0,108,1,587,586,0.0,0.001599782157323258,1,859,858,2,-1,3,23,0,4,821,393
833,0,206,1,952,951,0,25,1,432,431,0.0,0.00010211375472276115,1,479,478,3,-1,4,10,0,135,538,486
834,234,440,954,985,31,182,182,926,926,0,0.003914360597705844,0.005446066918547262,943,961,18,3,2,2,13,28,165,41,43
835,0,616,1,1000,999,0,22,1,836,835,0.0,0.006331052792811192,1,965,964,2,-1,3,2,0,951,571,61
836,0,0,1,1,0,0,0,1,1,0,0.0,0.0,1,1,0,-1,-1,-1,5,0,599,643,944
837,24,230,630,955,325,70,74,585,598,13,0.00017018959120460194,0.00088498587426393,535,778,243,3,4,4,15,9,81,191,475
838,6,6,449,449,0,20,20,558,558,0,0.0002382654276864427,0.0002382654276864427,600,600,0,-1,4,4,4,1,542,667,744
839,456,456,989,989,0,110,110,975,975,0,0.00881582082439838,0.00881582082439838,977,977,0,-1,2,2,6,75,353,24,794
840,61,61,866,866,0,34,34,771,771,0,0.0017018959120460194,0.0017018959120460194,866,866,0,-1,3,3,4,16,424,113,858
841,29,29,733,733,0,40,40,706,706,0,0.000442492937131965,0.000442492937131965,694,694,0,-1,3,3,5,4,408,504,817
842,6,108,447,922,475,16,16,526,526,0,0.0,0.00010211375472276115,1,488,487,4,4,4,4,1,512,661,840
843,234,440,971,989,18,124,124,990,990,0,0.004595118962524252,0.005446066918547262,950,959,9,3,2,2,6,30,518,39,267
844,6,107,449,926,477,22,22,564,564,0,0.00013615167296368154,0.00013615167296368154,517,517,0,5,4,4,5,1,534,667,717
845,367,573,983,994,11,92,92,931,931,0,0.007488342013002485,0.007726607440688927,971,972,1,3,3,3,7,62,698,70,840
846,18,18,612,612,0,38,38,600,600,0,0.0002382654276864427,0.0002382654276864427,597,597,0,-1,3,3,8,2,142,22,629
847,14,14,600,600,0,18,18,574,574,0,0.0004765308553728854,0.0004765308553728854,704,704,0,-1,4,4,3,3,459,653,889
848,4,210,406,960,554,15,36,401,532,131,6.807583648184077e-05,0.0013615167296368155,452,846,394,3,5,4,8,3,186,761,153
849,0,101,1,881,880,0,11,1,332,331,0.0,0.0,1,1,0,5,-1,6,11,2,220,775,621
850,0,206,1,971,970,0,14,1,456,455,0.0,0.00017018959120460194,1,546,545,3,-1,4,6,0,237,969,178
851,39,141,805,945,140,36,36,769,769,0,0.000442492937131965,0.0009530617107457708,687,802,115,4,3,3,5,5,456,591,275
852,0,0,1,1,0,0,0,1,1,0,0.0,0.0,1,1,0,-1,-1,-1,21,0,12,740,564
853,0,616,1,998,997,0,22,1,745,744,0.0,0.012764219340345145,1,989,988,2,-1,3,2,1,971,828,2
854,2,103,348,873,525,16,16,364,364,0,0.0,0.0,1,1,0,5,5,5,13,3,120,676,484
855,10,112,647,961,314,14,14,669,669,0,0.0004084550188910446,0.001055175465468532,691,829,138,4,4,4,3,4,883,336,366
856,76,76,840,840,0,120,120,883,883,0,0.0011913271384322134,0.0011913271384322134,820,820,0,-1,2,2,11,6,139,114,730
857,263,879,954,996,42,446,456,944,950,6,0.0028932230504782326,0.0033016780693692774,917,924,7,2,2,2,33,22,9,203,338
858,7,7,580,580,0,12,12,683,683,0,0.0002042275094455223,0.0002042275094455223,580,580,0,-1,4,4,2,4,965,305,520
859,15,117,688,960,272,6,6,453,453,0,0.0007828721195411688,0.0009530617107457708,773,811,38,4,5,5,3,8,768,284,494
860,16,16,544,544,0,34,34,496,496,0,3.4037918240920386e-05,3.4037918240920386e-05,393,393,0,-1,3,3,10,1,75,878,731
861,4,106,489,960,471,6,6,506,506,0,0.00013615167296368154,0.0011232513019503727,529,831,302,4,5,5,3,2,915,586,183
862,34,34,695,695,0,76,76,630,630,0,0.0004084550188910446,0.0004084550188910446,662,662,0,-1,3,3,12,3,239,93,955
863,51,51,759,759,0,96,96,657,657,0,0.0006807583648184077,0.0006807583648184077,738,738,0,-1,3,3,16,9,132,212,849
864,14,115,641,945,304,18,18,708,708,0,0.0011232513019503727,0.0012594029749140542,838,849,11,5,4,4,3,3,826,103,410
865,0,616,1,992,991,0,70,1,724,723,0.0,0.011028285510058205,1,983,982,2,-1,3,9,0,164,564,3
866,2,618,361,997,636,10,36,419,739,320,6.807583648184077e-05,0.004050512270669526,451,946,495,2,5,3,5,1,724,899,25
867,256,462,954,982,28,320,320,958,958,0,0.0046972327172470135,0.004833384390210695,947,949,2,3,2,2,21,31,54,102,435
868,16,222,581,962,381,78,78,843,843,0,0.0009530617107457708,0.0012934408931549745,794,835,41,3,3,3,8,1,201,612,221
869,46,252,787,970,183,86,86,818,818,0,0.0016338200755641784,0.0026209197045508697,855,905,50,3,2,2,10,3,427,209,166
870,2,104,356,914,558,7,11,356,407,51,6.807583648184077e-05,0.0006126825283365669,449,735,286,4,5,5,6,2,515,495,396
871,15,221,628,976,348,22,22,557,557,0,0.0002042275094455223,0.0004765308553728854,572,709,137,3,4,4,5,7,616,427,610
872,152,768,932,998,66,88,88,859,859,0,0.002484768031587188,0.0032336022328874367,901,929,28,2,3,3,8,20,236,109,189
873,9,110,719,979,260,4,4,546,546,0,3.4037918240920386e-05,0.00010211375472276115,406,508,102,5,5,5,2,6,952,229,720
874,6,6,397,397,0,24,24,434,434,0,0.0,0.0,1,1,0,-1,4,4,10,2,310,842,614
875,6,212,444,968,524,14,14,473,473,0,0.00010211375472276115,0.0004084550188910446,482,689,207,3,4,4,5,2,565,492,275
876,6,6,429,429,0,14,14,454,454,0,0.0002042275094455223,0.0002042275094455223,564,564,0,-1,4,4,5,4,247,512,709
877,0,102,1,923,922,0,7,1,362,361,0.0,0.0002382654276864427,1,606,605,4,-1,5,6,0,657,999,474
878,0,102,1,916,915,0,7,1,375,374,0.0,0.0,1,1,0,4,-1,5,5,0,561,932,558
879,44,44,735,735,0,82,82,631,631,0,0.00037441710065012424,0.00037441710065012424,653,653,0,-1,3,3,14,7,154,422,925
880,0,102,1,937,936,0,4,1,404,403,0.0,0.00030634126416828345,1,639,638,4,-1,5,2,0,907,356,465
881,0,101,1,931,930,0,6,1,330,329,0.0,0.0,1,1,0,5,-1,6,6,0,529,915,718
882,2,104,360,917,557,6,9,360,406,46,0.0,0.00010211375472276115,1,496,495,4,5,5,5,3,478,708,233
883,9,111,709,980,271,3,4,443,544,101,0.00037441710065012424,0.0033016780693692774,686,929,243,4,5,5,2,6,775,516,75
884,0,206,1,971,970,0,16,1,526,525,0.0,0.00034037918240920387,1,657,656,3,-1,4,4,1,280,529,120
885,12,12,563,563,0,22,22,544,544,0,0.0002723033459273631,0.0002723033459273631,620,620,0,-1,4,4,5,3,392,290,604
886,16,222,634,973,339,34,34,765,765,0,0.0002723033459273631,0.0024507301133462676,625,904,279,3,3,3,4,1,675,394,88
887,8,110,557,941,384,8,8,492,492,0,0.0,3.4037918240920386e-05,1,399,398,4,4,4,2,2,598,549,904
888,2,618,353,994,641,14,60,392,768,376,0.0,0.0048674223084516155,1,953,952,2,5,3,8,2,146,679,16
889,6,6,440,440,0,16,16,466,466,0,0.00017018959120460194,0.00017018959120460194,543,543,0,-1,4,4,6,2,489,550,979
890,0,0,1,1,0,0,0,1,1,0,0.0,0.0,1,1,0,-1,-1,-1,5,0,552,205,877
891,10,10,582,582,0,14,14,491,491,0,0.00010211375472276115,0.00010211375472276115,488,488,0,-1,4,4,5,3,291,526,789
892,65,65,853,853,0,46,46,838,838,0,0.0011913271384322134,0.0011913271384322134,823,823,0,-1,3,3,5,17,284,327,826
893,2,208,364,978,614,3,8,365,472,107,0.0,0.0008169100377820892,1,790,789,3,5,4,2,2,643,374,281
894,0,102,1,924,923,0,6,1,384,383,0.0,0.0002042275094455223,1,553,552,4,-1,5,4,0,511,816,272
895,0,102,1,899,898,0,8,1,353,352,0.0,0.00010211375472276115,1,473,472,4,-1,5,7,0,207,699,652
896,17,17,770,770,0,22,22,893,893,0,0.0010211375472276116,0.0010211375472276116,823,823,0,-1,3,3,2,4,788,440,816
897,0,0,1,1,0,0,0,1,1,0,0.0,0.0,1,1,0,-1,-1,-1,8,0,309,678,455
898,66,168,917,975,58,46,46,987,987,0,0.005854521937438306,0.00622893903808843,964,968,4,4,2,2,2,14,889,243,242
899,40,40,821,821,0,28,28,737,737,0,0.000442492937131965,0.000442492937131965,696,696,0,-1,3,3,3,9,680,212,815
900,123,329,900,975,75,120,120,792,792,0,0.0012934408931549745,0.0028591851322373124,834,919,85,3,3,3,14,18,108,64,82
901,65,681,792,994,202,142,152,721,760,39,0.0007147962830593281,0.002484768031587188,737,900,163,2,3,3,19,9,19,240,109
902,90,192,863,949,86,110,110,857,857,0,0.0011232513019503727,0.0011232513019503727,813,813,0,4,3,3,10,12,105,163,577
903,0,102,1,921,920,0,6,1,371,370,0.0,0.0,1,1,0,4,-1,5,4,0,504,859,392
904,0,102,1,939,938,0,6,1,437,436,0.0,0.0004084550188910446,1,691,690,4,-1,5,3,1,845,660,273
905,19,635,624,993,369,42,60,618,753,135,0.0002042275094455223,0.0027911092957554717,565,915,350,2,3,3,8,6,236,406,87
906,6,6,408,408,0,38,38,529,529,0,0.00010211375472276115,0.00010211375472276115,479,479,0,-1,4,4,9,1,269,810,909
907,0,206,1,970,969,0,14,1,523,522,0.0,0.000442492937131965,1,677,676,3,-1,4,3,0,808,608,328
908,46,46,776,776,0,96,96,804,804,0,0.0012594029749140542,0.0012594029749140542,832,832,0,-1,3,3,11,6,224,114,514
909,28,129,655,902,247,78,78,636,636,0,0.00034037918240920387,0.00034037918240920387,635,635,0,5,3,3,12,4,239,202,558
910,100,100,877,877,0,100,100,874,874,0,0.015555328636100617,0.015555328636100617,991,991,0,-1,1,1,10,6,437,229,733
911,24,24,663,663,0,84,84,810,810,0,0.0010892133837094523,0.0010892133837094523,817,817,0,-1,3,3,9,3,274,390,944
912,18,18,609,609,0,44,44,622,622,0,0.0002382654276864427,0.0002382654276864427,583,583,0,-1,4,4,8,3,317,369,856
913,0,102,1,912,911,0,6,1,389,388,0.0,0.00013615167296368154,1,516,515,4,-1,5,3,0,459,918,711
914,12,113,707,967,260,8,8,614,614,0,0.0002042275094455223,0.0002382654276864427,592,610,18,5,4,4,2,6,987,486,421
915,6,108,382,876,494,29,30,392,394,2,3.4037918240920386e-05,0.00010211375472276115,393,465,72,4,4,4,16,1,145,537,464
916,0,206,1,976,975,0,12,1,653,652,0.0,0.0061949011198475104,1,964,963,3,-1,4,2,0,964,976,32
917,17,17,699,699,0,18,18,788,788,0,0.0002382654276864427,0.0002382654276864427,589,589,0,-1,3,3,2,2,993,101,783
918,44,250,846,983,137,28,28,844,844,0,0.001497668402600497,0.0024166921951053475,862,906,44,3,3,3,3,9,871,130,179
919,0,0,1,1,0,0,0,1,1,0,0.0,0.0,1,1,0,-1,-1,-1,2,0,686,657,728
920,6,6,420,420,0,34,34,599,599,0,0.0002042275094455223,0.0002042275094455223,571,571,0,-1,4,4,7,1,637,711,803
921,12,114,596,932,336,18,18,617,617,0,0.0002042275094455223,0.0004084550188910446,576,683,107,4,4,4,3,4,621,149,521
922,6,108,525,961,436,12,12,721,721,0,0.00088498587426393,0.0012253650566731338,799,838,39,4,4,4,2,1,666,612,115
923,19,121,733,954,221,14,14,629,629,0,0.00034037918240920387,0.0006807583648184077,658,757,99,4,4,4,3,11,867,162,249
924,2,104,365,913,548,8,8,415,415,0,0.00017018959120460194,0.00034037918240920387,543,638,95,4,5,5,4,1,717,840,341
925,16,16,680,680,0,34,34,835,835,0,0.00088498587426393,0.00088498587426393,785,785,0,-1,3,3,4,1,794,759,790
926,0,206,1,954,953,0,48,1,520,519,0.0,0.0014295925661186562,1,849,848,3,-1,4,12,0,226,649,42
927,6,108,464,936,472,8,8,456,456,0,0.00017018959120460194,0.0002382654276864427,553,606,53,4,5,5,4,3,728,353,364
928,66,682,825,995,170,118,118,911,911,0,0.00176997174852786,0.002995336805200994,873,921,48,2,2,2,9,6,327,397,218
929,0,102,1,873,872,0,22,1,357,356,0.0,0.0,1,1,0,4,-1,5,19,0,46,514,618
930,0,206,1,948,947,0,33,1,417,416,0.0,0.00010211375472276115,1,469,468,3,-1,4,16,1,60,835,727
931,2,2,355,355,0,8,8,403,403,0,0.00013615167296368154,0.00013615167296368154,515,515,0,-1,5,5,4,1,694,799,731
932,74,74,913,913,0,22,22,833,833,0,0.0017018959120460194,0.0017018959120460194,877,877,0,-1,3,3,2,18,929,82,808
933,0,102,1,921,920,0,5,1,368,367,0.0,0.00017018959120460194,1,552,551,4,-1,5,4,0,344,889,584
934,98,98,911,911,0,50,50,868,868,0,0.0029612988869600733,0.0029612988869600733,926,926,0,-1,3,3,5,21,612,123,766
935,45,661,818,998,180,46,46,781,781,0,0.001157289220191293,0.0034037918240920387,832,923,91,2,3,3,6,13,373,120,171
936,24,126,619,895,276,148,148,732,732,0,0.000442492937131965,0.0005446066918547262,675,699,24,4,3,3,21,5,25,619,549
937,4,105,416,907,491,10,10,390,390,0,6.807583648184077e-05,6.807583648184077e-05,441,441,0,5,5,5,6,2,419,579,873
938,31,133,759,941,182,40,40,804,804,0,0.0005105687736138058,0.0005786446100956465,704,724,20,4,3,3,4,5,572,310,300
939,0,0,1,1,0,0,0,1,1,0,0.0,0.0,1,1,0,-1,-1,-1,7,0,714,909,649
940,25,127,740,943,203,44,44,879,879,0,0.0011913271384322134,0.0012253650566731338,829,833,4,4,3,3,4,6,597,490,260
941,2,104,381,956,575,3,3,390,390,0,3.4037918240920386e-05,0.0002382654276864427,409,608,199,4,5,5,2,1,889,334,212
942,32,32,647,647,0,132,132,699,699,0,0.0005446066918547262,0.0005446066918547262,692,692,0,-1,3,3,19,2,35,475,884
943,36,242,692,961,269,66,74,544,585,41,0.00030634126416828345,0.0007147962830593281,625,752,127,3,4,4,15,9,0,198,266
944,0,206,1,956,955,0,23,1,476,475,0.0,0.000442492937131965,1,681,680,3,-1,4,8,0,236,847,338
945,135,135,938,938,0,56,56,821,821,0,0.002825147213996392,0.002825147213996392,909,909,0,-1,3,3,6,30,275,39,874
946,63,165,871,964,93,40,40,836,836,0,0.0010892133837094523,0.0011913271384322134,815,829,14,4,3,3,5,18,695,148,384
947,164,370,942,983,41,128,128,954,954,0,0.0036760951700194017,0.004016474352428605,938,944,6,3,2,2,9,26,190,112,211
948,2,104,404,965,561,3,3,413,413,0,3.4037918240920386e-05,0.00017018959120460194,408,568,160,4,5,5,2,1,987,879,655
949,0,102,1,924,923,0,6,1,409,408,0.0,0.00030634126416828345,1,633,632,4,-1,5,3,0,592,716,336
950,0,0,1,1,0,0,0,1,1,0,0.0,0.0,1,1,0,-1,-1,-1,5,1,546,806,818
951,29,235,791,981,190,24,24,798,798,0,0.001055175465468532,0.00439089145307873,820,954,134,3,3,3,3,4,674,125,14
952,107,209,966,986,20,22,22,897,897,0,0.005888559855679227,0.006501242384015794,966,970,4,4,3,3,2,31,749,34,161
953,43,144,783,932,149,102,102,936,936,0,0.0020763130126961434,0.0020763130126961434,888,888,0,5,2,2,7,3,472,438,601
954,6,212,448,973,525,20,20,579,579,0,0.00013615167296368154,0.0005786446100956465,519,731,212,3,4,4,4,1,504,609,52
955,0,206,1,964,963,0,23,1,498,497,0.0,0.0002042275094455223,1,570,569,3,-1,4,8,0,323,843,381
956,0,101,1,910,909,0,5,1,332,331,0.0,3.4037918240920386e-05,1,398,397,5,-1,6,5,1,284,738,347
957,2,208,355,967,612,8,12,408,449,41,3.4037918240920386e-05,0.00034037918240920387,398,631,233,3,5,4,4,3,887,321,278
958,23,229,700,972,272,18,26,522,612,90,0.0008509479560230097,0.00176997174852786,773,873,100,3,4,4,5,8,561,284,261
959,2,103,368,949,581,4,4,417,417,0,6.807583648184077e-05,0.0002382654276864427,444,604,160,5,5,5,2,1,979,394,459
960,0,206,1,948,947,0,31,1,433,432,0.0,0.0005786446100956465,1,719,718,3,-1,4,14,1,130,706,340
961,28,130,694,922,228,80,80,783,783,0,0.00037441710065012424,0.0004765308553728854,660,691,31,4,3,3,9,3,147,222,167
962,0,0,1,1,0,0,0,1,1,0,0.0,0.0,1,1,0,-1,-1,-1,12,1,239,828,916
963,0,102,1,911,910,0,5,1,356,355,0.0,6.807583648184077e-05,1,442,441,4,-1,5,4,0,917,796,518
964,363,363,980,980,0,220,220,972,972,0,0.00878178290615746,0.00878178290615746,974,974,0,-1,2,2,12,34,239,20,974
965,68,68,803,803,0,136,136,740,740,0,0.00037441710065012424,0.00037441710065012424,653,653,0,-1,3,3,19,7,148,422,678
966,12,113,582,923,341,23,23,558,558,0,0.00010211375472276115,0.00010211375472276115,488,488,0,5,4,4,6,3,237,434,460
967,0,206,1,973,972,0,9,1,497,496,0.0,0.0005786446100956465,1,744,743,3,-1,4,3,1,800,779,387
968,95,95,923,923,0,28,28,797,797,0,0.002144388849177984,0.002144388849177984,898,898,0,-1,3,3,3,20,901,43,436
969,42,143,852,965,113,32,32,914,914,0,0.0024166921951053475,0.0024166921951053475,898,898,0,7,3,3,2,6,820,289,582
970,0,0,1,1,0,0,0,1,1,0,0.0,0.0,1,1,0,-1,-1,-1,3,0,683,546,877
971,26,232,733,974,241,24,24,690,690,0,0.0006467204465774873,0.0016678579938050988,740,866,126,3,4,4,4,8,783,345,261
972,0,0,1,1,0,0,0,1,1,0,0.0,0.0,1,1,0,-1,-1,-1,2,0,747,608,200
973,0,0,1,1,0,0,0,1,1,0,0.0,0.0,1,1,0,-1,-1,-1,8,0,225,359,729
974,12,12,592,592,0,24,24,675,675,0,0.0012594029749140542,0.0012594029749140542,837,837,0,-1,4,4,4,5,787,535,801
975,23,23,750,750,0,22,22,773,773,0,0.000442492937131965,0.000442492937131965,692,692,0,-1,3,3,2,4,598,339,728
976,6,212,444,971,527,16,20,482,524,42,0.00013615167296368154,0.0002042275094455223,512,556,44,3,4,4,6,2,664,550,581
977,27,129,761,948,187,30,30,771,771,0,0.0007828721195411688,0.0008509479560230097,780,790,10,4,3,3,4,6,824,192,392
978,73,175,840,948,108,96,96,754,754,0,0.001055175465468532,0.0015317063208414173,805,855,50,4,3,3,11,14,188,175,250
979,4,210,460,976,516,4,8,425,509,84,0.00013615167296368154,0.0006467204465774873,529,754,225,3,5,4,2,2,964,697,532
980,71,71,847,847,0,64,64,782,782,0,0.0008509479560230097,0.0008509479560230097,777,777,0,-1,3,3,8,14,308,387,811
981,0,206,1,948,947,0,52,1,523,522,0.0,0.0010892133837094523,1,807,806,3,-1,4,14,3,172,348,61
982,0,0,1,1,0,0,0,1,1,0,0.0,0.0,1,1,0,-1,-1,-1,6,0,353,938,913
983,0,102,1,959,958,0,4,1,390,389,0.0,0.000442492937131965,1,704,703,4,-1,5,3,3,915,753,299
984,9,215,501,956,455,46,50,553,572,19,0.00013615167296368154,0.0012253650566731338,500,816,316,3,4,4,11,5,271,722,109
985,0,102,1,970,969,0,4,1,485,484,0.0,0.002280540522141666,1,908,907,4,-1,5,2,0,884,784,8
986,0,0,1,1,0,0,0,1,1,0,0.0,0.0,1,1,0,-1,-1,-1,15,0,104,276,668
987,0,102,1,866,865,0,42,1,388,387,0.0,0.0002042275094455223,1,551,550,4,-1,5,22,0,18,983,475
988,1,207,331,974,643,5,18,331,577,246,0.0,0.0020763130126961434,1,881,880,3,6,4,5,2,629,344,47
989,6,6,411,411,0,38,38,566,566,0,0.0004084550188910446,0.0004084550188910446,674,674,0,-1,4,4,9,1,315,809,930
990,58,264,845,978,133,74,74,932,932,0,0.003437829742332959,0.00445896728956057,937,948,11,3,2,2,5,3,382,351,193
991,0,101,1,931,930,0,3,1,330,329,0.0,0.0,1,1,0,5,-1,6,3,0,745,629,225
992,12,12,529,529,0,34,34,508,508,0,0.00030634126416828345,0.00030634126416828345,635,635,0,-1,4,4,9,2,147,524,428
993,16,16,640,640,0,46,46,848,848,0,0.0006467204465774873,0.0006467204465774873,739,739,0,-1,3,3,5,1,456,80,884
994,0,206,1,970,969,0,12,1,466,465,0.0,0.0006467204465774873,1,743,742,3,-1,4,4,0,690,620,375
995,28,129,689,915,226,64,64,669,669,0,0.0002382654276864427,0.0002382654276864427,589,589,0,5,3,3,11,4,333,202,402
996,0,206,1,944,943,0,41,1,432,431,0.0,0.00030634126416828345,1,625,624,3,-1,4,17,0,10,956,551
997,0,102,1,906,905,0,7,1,394,393,0.0,0.00017018959120460194,1,538,537,4,-1,5,4,1,391,841,191
998,6,622,426,996,570,15,38,453,725,272,0.0,0.004118588107151367,1,940,939,2,4,3,6,1,582,449,16
999,12,12,575,575,0,22,22,556,556,0,0.0002382654276864427,0.0002382654276864427,596,596,0,-1,4,4,5,2,724,524,751
