,FreeNet_pre_score,FreeNet_post_score,FreeNet_pre_rank,FreeNet_post_rank,FreeNet_delta_ranks,Reversed_pre_score,Reversed_post_score,Reversed_pre_rank,Reversed_post_rank,Reversed_delta_ranks,Random_pre_score,Random_post_score,Random_pre_rank,Random_post_rank,Random_delta_ranks,dist_victim_relayer,dist_victim_vilain_pre,dist_victim_vilain_post,out_deg_victim,in_deg_villain,victim,villain,relayer
0,0,0,1,1,0,0,0,1,1,0,0.0,0.0,1,1,0,-1,-1,-1,2,0,933,811,856
1,0,0,1,1,0,0,0,1,1,0,0.0,0.0,1,1,0,-1,-1,-1,2,0,897,758,831
2,0,102,1,952,951,0,4,1,427,426,0.0,0.0009190237925048504,1,810,809,4,-1,5,2,0,715,894,129
3,46,148,764,918,154,90,90,721,721,0,0.0008509479560230097,0.0009530617107457708,772,790,18,4,2,2,12,2,116,634,251
4,0,102,1,895,894,0,12,1,364,363,0.0,3.4037918240920386e-05,1,403,402,4,-1,5,10,1,243,780,607
5,0,102,1,956,955,0,3,1,392,391,0.0,0.000442492937131965,1,700,699,4,-1,5,2,0,890,811,299
6,180,180,941,941,0,138,138,952,952,0,0.0030974505599237552,0.0030974505599237552,923,923,0,-1,2,2,9,20,263,94,967
7,0,0,1,1,0,0,0,1,1,0,0.0,0.0,1,1,0,-1,-1,-1,4,1,860,705,965
8,8,8,621,621,0,7,7,593,593,0,0.00010211375472276115,0.00010211375472276115,482,482,0,-1,4,4,2,3,933,290,864
9,0,0,1,1,0,0,0,1,1,0,0.0,0.0,1,1,0,-1,-1,-1,8,0,323,733,804
10,20,20,635,635,0,39,39,568,568,0,0.00013615167296368154,0.00013615167296368154,512,512,0,-1,3,3,9,3,306,596,943
11,0,101,1,953,952,0,2,1,331,330,0.0,0.00013615167296368154,1,533,532,5,-1,6,2,0,806,358,378
12,5,211,471,979,508,4,8,417,518,101,0.00013615167296368154,0.0008169100377820892,523,782,259,3,5,4,2,3,979,311,497
13,190,190,954,954,0,124,124,946,946,0,0.003778208924742163,0.003778208924742163,935,935,0,-1,3,3,9,27,168,25,488
14,0,101,1,940,939,0,3,1,331,330,0.0,3.4037918240920386e-05,1,401,400,5,-1,6,3,0,800,488,373
15,11,217,589,972,383,16,20,544,614,70,0.0002723033459273631,0.002757071377514551,615,918,303,3,4,4,4,5,593,241,27
16,1,102,333,966,633,2,2,333,333,0,0.0,0.0,1,1,0,5,6,6,2,1,873,590,690
17,0,101,1,969,968,0,2,1,330,329,0.0,0.00013615167296368154,1,513,512,5,-1,6,2,0,959,865,303
18,0,102,1,938,937,0,3,1,369,368,0.0,0.0002042275094455223,1,578,577,4,-1,5,2,0,596,922,371
19,20,121,604,888,284,58,58,528,528,0,0.00013615167296368154,0.00013615167296368154,516,516,0,6,3,3,14,4,127,319,640
20,0,0,1,1,0,0,0,1,1,0,0.0,0.0,1,1,0,-1,-1,-1,11,0,220,423,852
21,34,34,802,802,0,18,18,631,631,0,0.0012934408931549745,0.0012934408931549745,844,844,0,-1,4,4,3,8,923,352,937
22,0,206,1,973,972,0,8,1,459,458,0.0,0.000442492937131965,1,700,699,3,-1,4,2,0,846,731,170
23,699,699,998,998,0,134,134,987,987,0,0.01746145205759216,0.01746145205759216,992,992,0,-1,2,2,6,98,281,23,911
24,0,616,1,990,989,0,140,1,603,602,0.0,0.0011232513019503727,1,819,818,2,-1,3,30,0,7,928,49
25,2,2,360,360,0,9,9,407,407,0,0.0,0.0,1,1,0,-1,5,5,5,1,478,449,699
26,0,206,1,947,946,0,22,1,407,406,0.0,0.00034037918240920387,1,650,649,3,-1,4,11,0,279,564,365
27,0,102,1,920,919,0,9,1,420,419,0.0,0.00034037918240920387,1,653,652,4,-1,5,5,0,456,673,525
28,0,102,1,893,892,0,13,1,407,406,0.0,0.00030634126416828345,1,633,632,4,-1,5,7,0,335,800,278
29,185,185,943,943,0,104,104,882,882,0,0.00353994349705572,0.00353994349705572,935,935,0,-1,3,3,9,31,316,35,707
30,40,40,708,708,0,92,92,698,698,0,0.0007488342013002485,0.0007488342013002485,743,743,0,-1,2,2,13,3,92,285,832
31,0,206,1,975,974,0,8,1,487,486,0.0,0.0002382654276864427,1,587,586,3,-1,4,3,0,564,919,371
32,31,133,752,946,194,30,30,703,703,0,0.00037441710065012424,0.0005105687736138058,650,700,50,4,3,3,4,6,822,486,681
33,0,0,1,1,0,0,0,1,1,0,0.0,0.0,1,1,0,-1,-1,-1,10,0,298,910,979
34,24,230,803,987,184,8,8,572,572,0,0.0007147962830593281,0.0012594029749140542,781,842,61,3,4,4,2,8,799,250,658
35,6,6,413,413,0,21,21,435,435,0,6.807583648184077e-05,6.807583648184077e-05,443,443,0,-1,4,4,9,2,147,313,774
36,0,102,1,907,906,0,8,1,368,367,0.0,0.0002382654276864427,1,590,589,4,-1,5,6,1,441,948,444
37,0,102,1,899,898,0,14,1,403,402,0.0,0.00017018959120460194,1,533,532,4,-1,5,7,1,366,573,465
38,24,230,611,949,338,120,124,674,689,15,0.00013615167296368154,0.0002382654276864427,502,580,78,3,3,3,20,4,61,617,653
39,7,213,550,976,426,10,10,504,504,0,0.0002723033459273631,0.0006807583648184077,619,755,136,3,4,4,3,2,745,408,387
40,282,384,976,983,7,118,118,960,960,0,0.006739507811702236,0.0068075836481840775,970,970,0,4,3,3,8,34,454,20,680
41,0,102,1,868,867,0,22,1,369,368,0.0,3.4037918240920386e-05,1,396,395,4,-1,5,15,0,77,817,870
42,127,743,918,998,80,112,122,943,959,16,0.0031314884781646754,0.004288777698355968,925,946,21,2,2,2,8,20,415,87,189
43,6,212,434,964,530,25,25,514,514,0,0.0,3.4037918240920386e-05,1,398,397,3,4,4,7,1,336,322,661
44,0,0,1,1,0,0,0,1,1,0,0.0,0.0,1,1,0,-1,-1,-1,4,1,623,747,916
45,10,10,489,489,0,44,44,492,492,0,0.0002382654276864427,0.0002382654276864427,585,585,0,-1,4,4,12,7,52,451,782
46,17,119,662,929,267,22,22,711,711,0,0.0004084550188910446,0.0004765308553728854,697,713,16,4,3,3,2,2,859,101,364
47,0,0,1,1,0,0,0,1,1,0,0.0,0.0,1,1,0,-1,-1,-1,5,0,724,945,968
48,18,120,698,939,241,12,12,619,619,0,0.0004765308553728854,0.0009190237925048504,710,807,97,4,4,4,2,6,750,494,192
49,449,655,982,991,9,178,178,939,939,0,0.006126825283365669,0.00707988699411144,962,966,4,3,3,3,13,55,160,21,99
50,21,123,814,975,161,8,8,645,645,0,0.0005446066918547262,0.0012934408931549745,737,850,113,4,4,4,2,13,941,340,207
51,0,0,1,1,0,0,0,1,1,0,0.0,0.0,1,1,0,-1,-1,-1,6,0,253,993,868
52,0,0,1,1,0,0,0,1,1,0,0.0,0.0,1,1,0,-1,-1,-1,7,0,658,954,665
53,1,102,333,936,603,3,3,333,333,0,3.4037918240920386e-05,3.4037918240920386e-05,404,404,0,8,6,6,3,1,683,543,857
54,0,0,1,1,0,0,0,1,1,0,0.0,0.0,1,1,0,-1,-1,-1,14,1,332,830,574
55,0,102,1,926,925,0,9,1,432,431,0.0,0.0002723033459273631,1,613,612,4,-1,5,5,0,557,844,182
56,0,0,1,1,0,0,0,1,1,0,0.0,0.0,1,1,0,-1,-1,-1,2,0,941,927,821
57,16,16,634,634,0,56,56,878,878,0,0.0011232513019503727,0.0011232513019503727,824,824,0,-1,3,3,6,1,486,612,858
58,40,40,788,788,0,56,56,797,797,0,0.0012934408931549745,0.0012934408931549745,840,840,0,-1,3,3,6,5,387,403,942
59,56,158,877,968,91,12,12,675,675,0,0.0013615167296368155,0.0016338200755641784,855,871,16,4,4,4,2,12,757,179,229
60,12,113,671,964,293,4,4,442,442,0,0.0002723033459273631,0.00034037918240920387,618,659,41,5,5,5,2,7,982,176,425
61,0,0,1,1,0,0,0,1,1,0,0.0,0.0,1,1,0,-1,-1,-1,7,0,170,976,201
62,34,34,703,703,0,86,86,726,726,0,0.00037441710065012424,0.00037441710065012424,663,663,0,-1,3,3,11,6,227,379,787
63,65,167,917,978,61,12,12,721,721,0,0.0016338200755641784,0.0017359338302869397,869,874,5,4,4,4,2,23,666,66,688
64,12,114,552,910,358,26,26,526,526,0,0.0005105687736138058,0.0005446066918547262,699,707,8,4,4,4,7,2,207,425,837
65,2,618,355,990,635,13,48,392,647,255,3.4037918240920386e-05,0.003199564314646516,404,929,525,2,5,3,7,1,296,878,27
66,0,206,1,960,959,0,30,1,540,539,0.0,0.001599782157323258,1,858,857,3,-1,4,7,0,171,672,127
67,46,46,765,765,0,73,73,729,729,0,0.001497668402600497,0.001497668402600497,851,851,0,-1,2,2,10,2,125,749,856
68,94,94,950,950,0,32,32,962,962,0,0.003812246842983083,0.003812246842983083,942,942,0,-1,3,3,2,28,974,44,819
69,60,161,899,975,76,12,12,709,709,0,0.0014636304843595766,0.0018040096667687805,868,887,19,5,4,4,2,17,806,96,424
70,26,26,675,675,0,54,54,578,578,0,0.0005105687736138058,0.0005105687736138058,704,704,0,-1,4,4,11,6,76,516,488
71,157,258,964,981,17,38,38,886,886,0,0.004799346471969774,0.004799346471969774,951,951,0,5,3,3,3,31,670,76,460
72,0,102,1,896,895,0,12,1,384,383,0.0,0.0002042275094455223,1,568,567,4,-1,5,8,0,257,758,458
73,2,208,357,956,599,9,18,385,478,93,0.0,0.00030634126416828345,1,635,634,3,5,4,5,1,238,853,287
74,16,117,712,956,244,22,22,826,826,0,0.000442492937131965,0.000442492937131965,705,705,0,5,3,3,2,1,851,480,238
75,45,45,847,847,0,32,32,906,906,0,0.001157289220191293,0.001157289220191293,828,828,0,-1,3,3,2,9,954,294,423
76,10,10,531,531,0,34,34,527,527,0,0.00017018959120460194,0.00017018959120460194,542,542,0,-1,4,4,9,5,166,395,934
77,8,110,505,910,405,25,25,523,523,0,0.00013615167296368154,0.00017018959120460194,502,535,33,4,4,4,7,2,416,566,682
78,0,102,1,870,869,0,20,1,343,342,0.0,0.0,1,1,0,4,-1,5,19,0,36,732,509
79,79,79,842,842,0,132,132,889,889,0,0.00088498587426393,0.00088498587426393,777,777,0,-1,2,2,12,8,194,257,565
80,14,14,611,611,0,22,22,599,599,0,0.00037441710065012424,0.00037441710065012424,656,656,0,-1,4,4,5,4,570,622,970
81,0,616,1,992,991,0,50,1,581,580,0.0,0.00176997174852786,1,865,864,2,-1,3,12,1,219,747,183
82,85,85,911,911,0,32,32,883,883,0,0.0019061234214915416,0.0019061234214915416,885,885,0,-1,3,3,2,15,828,53,830
83,17,119,660,935,275,16,16,539,539,0,0.0004084550188910446,0.0007488342013002485,680,769,89,4,4,4,4,6,513,368,391
84,87,293,884,977,93,70,70,935,935,0,0.0020763130126961434,0.0025188059498281084,885,908,23,3,3,3,5,15,457,92,616
85,8,214,483,950,467,23,27,420,444,24,0.00010211375472276115,0.00017018959120460194,472,535,63,3,4,4,10,2,240,599,182
86,38,244,818,980,162,48,48,943,943,0,0.0016678579938050988,0.00707988699411144,871,972,101,3,3,3,3,5,844,393,9
87,0,0,1,1,0,0,0,1,1,0,0.0,0.0,1,1,0,-1,-1,-1,7,0,156,712,892
88,12,218,614,978,364,18,18,692,692,0,0.0004084550188910446,0.00442492937131965,685,950,265,3,4,4,3,3,770,610,12
89,0,206,1,950,949,0,36,1,486,485,0.0,0.0002382654276864427,1,583,582,3,-1,4,11,0,307,455,493
90,0,0,1,1,0,0,0,1,1,0,0.0,0.0,1,1,0,-1,-1,-1,8,0,442,701,941
91,16,16,567,567,0,48,48,685,685,0,0.0007828721195411688,0.0007828721195411688,775,775,0,-1,3,3,7,2,374,160,358
92,22,124,674,926,252,30,30,616,616,0,0.0004084550188910446,0.000442492937131965,669,683,14,4,4,4,5,5,347,283,870
93,36,137,780,942,162,34,34,744,744,0,0.0008509479560230097,0.0009190237925048504,788,798,10,5,3,3,4,5,832,273,771
94,2,2,357,357,0,9,9,404,404,0,0.0,0.0,1,1,0,-1,5,5,5,2,396,662,483
95,0,1640,1,1000,999,0,64,1,533,532,0.0,0.005582218591510943,1,957,956,1,-1,2,16,0,132,961,198
96,8,109,612,960,348,8,8,583,583,0,0.00017018959120460194,0.0002723033459273631,553,637,84,5,4,4,2,2,751,491,443
97,0,102,1,920,919,0,7,1,388,387,0.0,0.00037441710065012424,1,661,660,4,-1,5,4,0,758,515,177
98,23,639,618,987,369,138,148,775,799,24,0.0004765308553728854,0.0017359338302869397,682,858,176,2,3,3,17,5,94,619,43
99,0,206,1,956,955,0,20,1,395,394,0.0,6.807583648184077e-05,1,439,438,3,-1,4,11,0,188,978,659
100,0,0,1,1,0,0,0,1,1,0,0.0,0.0,1,1,0,-1,-1,-1,4,0,559,850,348
101,1,1,333,333,0,7,7,333,333,0,0.0,0.0,1,1,0,-1,6,6,7,4,525,595,834
102,0,0,1,1,0,0,0,1,1,0,0.0,0.0,1,1,0,-1,-1,-1,2,0,978,883,877
103,2,2,379,379,0,4,4,411,411,0,6.807583648184077e-05,6.807583648184077e-05,461,461,0,-1,5,5,2,1,928,904,568
104,0,0,1,1,0,0,0,1,1,0,0.0,0.0,1,1,0,-1,-1,-1,3,0,984,877,784
105,18,119,618,916,298,66,66,762,762,0,0.0002382654276864427,0.0002382654276864427,582,582,0,6,3,3,9,2,395,700,640
106,20,636,695,998,303,18,28,542,721,179,0.00013615167296368154,0.0011913271384322134,526,826,300,2,4,3,5,13,601,256,719
107,33,239,704,960,256,64,64,611,611,0,0.0008509479560230097,0.0013274788113958951,775,836,61,3,4,4,12,10,348,272,389
108,0,0,1,1,0,0,0,1,1,0,0.0,0.0,1,1,0,-1,-1,-1,2,0,936,953,836
109,0,0,1,1,0,0,0,1,1,0,0.0,0.0,1,1,0,-1,-1,-1,3,0,433,816,546
110,135,341,920,978,58,126,126,917,917,0,0.002314578440382586,0.003642057251778481,897,933,36,3,3,3,11,19,379,297,42
111,6,622,400,992,592,42,60,493,575,82,3.4037918240920386e-05,0.0008169100377820892,399,765,366,2,4,3,13,2,91,325,312
112,73,73,905,905,0,22,22,850,850,0,0.002382654276864427,0.002382654276864427,906,906,0,-1,3,3,2,20,938,94,854
113,0,102,1,943,942,0,3,1,373,372,0.0,0.000442492937131965,1,703,702,4,-1,5,2,0,802,769,159
114,19,225,722,979,257,14,14,594,594,0,0.00030634126416828345,0.0007147962830593281,642,762,120,3,4,4,3,9,590,191,535
115,335,436,984,989,5,94,94,972,972,0,0.008135062459579971,0.008169100377820893,974,974,0,5,2,2,5,55,552,21,596
116,3,105,477,960,483,4,4,453,453,0,0.0,0.00030634126416828345,1,645,644,4,5,5,2,2,847,244,217
117,0,0,1,1,0,0,0,1,1,0,0.0,0.0,1,1,0,-1,-1,-1,2,0,964,941,539
118,12,114,489,875,386,70,70,531,531,0,0.00010211375472276115,0.00013615167296368154,473,503,30,4,4,4,17,4,94,239,935
119,0,0,1,1,0,0,0,1,1,0,0.0,0.0,1,1,0,-1,-1,-1,22,0,33,946,686
120,18,18,658,658,0,16,16,519,519,0,0.0002723033459273631,0.0002723033459273631,625,625,0,-1,4,4,4,10,675,266,832
121,0,0,1,1,0,0,0,1,1,0,0.0,0.0,1,1,0,-1,-1,-1,2,0,851,989,276
122,6,6,435,435,0,10,10,420,420,0,0.00034037918240920387,0.00034037918240920387,634,634,0,-1,5,5,5,6,457,392,498
123,0,102,1,922,921,0,6,1,406,405,0.0,0.0004765308553728854,1,702,701,4,-1,5,3,0,585,871,242
124,0,0,1,1,0,0,0,1,1,0,0.0,0.0,1,1,0,-1,-1,-1,4,1,887,949,926
125,12,218,628,976,348,10,14,525,622,97,0.0002042275094455223,0.005650294427992784,572,962,390,3,4,4,3,4,888,210,30
126,0,102,1,914,913,0,4,1,380,379,0.0,0.0002042275094455223,1,575,574,4,-1,5,2,0,769,838,688
127,91,297,900,980,80,38,38,877,877,0,0.0026209197045508697,0.0029612988869600733,918,923,5,3,3,3,3,17,726,180,221
128,18,224,664,975,311,34,34,788,788,0,0.00034037918240920387,0.0026209197045508697,660,915,255,3,3,3,4,2,313,323,74
129,11,627,587,998,411,7,18,457,733,276,0.0002382654276864427,0.0020422750944552232,599,900,301,2,4,3,2,4,932,208,165
130,86,187,891,959,68,50,50,821,821,0,0.0022465026039007454,0.0022465026039007454,894,894,0,6,3,3,5,13,528,42,788
131,0,206,1,960,959,0,16,1,428,427,0.0,0.00034037918240920387,1,646,645,3,-1,4,7,0,678,672,350
132,22,228,705,975,270,26,26,616,616,0,0.0002723033459273631,0.0004084550188910446,621,695,74,3,3,3,6,6,657,424,253
133,0,616,1,990,989,0,188,1,649,648,0.0,0.0026209197045508697,1,905,904,2,-1,3,36,0,16,796,112
134,0,0,1,1,0,0,0,1,1,0,0.0,0.0,1,1,0,-1,-1,-1,15,1,65,780,729
135,6,6,521,521,0,12,12,706,706,0,0.0005446066918547262,0.0005446066918547262,739,739,0,-1,4,4,2,1,914,759,821
136,0,102,1,883,882,0,13,1,352,351,0.0,0.0,1,1,0,4,-1,5,12,0,143,774,320
137,6,212,416,958,542,16,32,418,512,94,0.0,6.807583648184077e-05,1,442,441,3,4,4,8,1,131,771,541
138,2,208,368,972,604,5,11,368,470,102,0.0,0.0005786446100956465,1,734,733,3,5,4,4,1,631,736,245
139,0,1640,1,1000,999,0,44,1,947,946,0.0,0.033833690731474866,1,997,996,1,-1,2,3,0,716,887,91
140,26,232,763,979,216,30,34,796,843,47,0.0015657442390823377,0.00445896728956057,863,948,85,3,3,3,4,5,679,252,142
141,28,130,710,932,222,20,20,531,531,0,0.0007828721195411688,0.0008169100377820892,775,779,4,4,4,4,4,6,448,136,292
142,24,230,659,958,299,58,58,635,635,0,0.00034037918240920387,0.0008509479560230097,640,782,142,3,3,3,10,5,82,362,267
143,0,101,1,938,937,0,3,1,332,331,0.0,3.4037918240920386e-05,1,409,408,5,-1,6,3,0,785,954,755
144,2,103,351,881,530,14,14,351,351,0,3.4037918240920386e-05,3.4037918240920386e-05,406,406,0,5,5,5,13,2,228,739,543
145,0,0,1,1,0,0,0,1,1,0,0.0,0.0,1,1,0,-1,-1,-1,12,0,226,488,548
146,0,0,1,1,0,0,0,1,1,0,0.0,0.0,1,1,0,-1,-1,-1,2,0,963,768,672
147,6,6,439,439,0,22,22,549,549,0,0.0002723033459273631,0.0002723033459273631,606,606,0,-1,4,4,5,1,773,474,989
148,16,118,595,919,324,32,33,573,594,21,3.4037918240920386e-05,0.0002723033459273631,395,612,217,4,3,3,8,1,371,577,253
149,0,102,1,921,920,0,8,1,414,413,0.0,0.00037441710065012424,1,667,666,4,-1,5,4,1,384,706,327
150,0,102,1,881,880,0,12,1,352,351,0.0,0.0,1,1,0,4,-1,5,11,0,279,695,421
151,0,206,1,955,954,0,29,1,486,485,0.0,0.00034037918240920387,1,642,641,3,-1,4,9,0,274,803,328
152,0,0,1,1,0,0,0,1,1,0,0.0,0.0,1,1,0,-1,-1,-1,22,1,18,650,808
153,8,214,498,958,460,35,56,470,571,101,0.00010211375472276115,0.0022465026039007454,484,895,411,3,4,4,12,5,106,464,39
154,20,226,614,959,345,50,62,493,540,47,0.0002042275094455223,0.0006807583648184077,563,751,188,3,4,4,15,4,32,208,134
155,2,208,371,973,602,6,10,425,493,68,0.00017018959120460194,0.0011913271384322134,550,842,292,3,5,4,3,1,861,334,100
156,20,226,678,971,293,14,18,541,609,68,0.000442492937131965,0.0005446066918547262,702,727,25,3,4,4,3,4,930,167,222
157,0,206,1,956,955,0,42,1,509,508,0.0,0.0012594029749140542,1,825,824,3,-1,4,11,0,188,933,304
158,0,102,1,898,897,0,13,1,373,372,0.0,3.4037918240920386e-05,1,395,394,4,-1,5,9,0,339,927,527
159,8,214,511,962,451,29,30,565,566,1,6.807583648184077e-05,0.0004084550188910446,452,680,228,3,4,4,7,4,196,270,245
160,0,0,1,1,0,0,0,1,1,0,0.0,0.0,1,1,0,-1,-1,-1,11,0,233,826,974
161,2,618,348,992,644,20,86,382,714,332,0.0,0.00353994349705572,1,938,937,2,5,3,12,1,52,717,213
162,42,144,784,934,150,48,48,657,657,0,0.0006126825283365669,0.0006807583648184077,737,747,10,4,3,3,9,6,177,467,714
163,32,134,782,943,161,34,34,755,755,0,0.0007488342013002485,0.0008509479560230097,770,789,19,4,3,3,4,5,709,182,430
164,0,0,1,1,0,0,0,1,1,0,0.0,0.0,1,1,0,-1,-1,-1,20,0,70,848,970
165,14,220,596,972,376,20,20,573,573,0,0.00030634126416828345,0.0005446066918547262,645,728,83,3,4,4,4,5,444,688,263
166,6,6,414,414,0,27,27,487,487,0,3.4037918240920386e-05,3.4037918240920386e-05,407,407,0,-1,4,4,10,3,427,321,814
167,8,8,554,554,0,18,18,703,703,0,0.000442492937131965,0.000442492937131965,700,700,0,-1,4,4,3,2,774,453,876
168,0,206,1,971,970,0,16,1,565,564,0.0,0.0014636304843595766,1,854,853,3,-1,4,4,0,563,937,153
169,0,206,1,952,951,0,34,1,446,445,0.0,0.0002723033459273631,1,599,598,3,-1,4,15,0,138,818,253
170,52,52,857,857,0,48,48,947,947,0,0.003608019333537561,0.003608019333537561,935,935,0,-1,2,2,3,9,903,198,388
171,0,101,1,891,890,0,8,1,332,331,0.0,0.0,1,1,0,6,-1,7,8,1,223,428,595
172,91,91,901,901,0,34,34,738,738,0,0.001157289220191293,0.001157289220191293,837,837,0,-1,3,3,4,17,304,79,784
173,0,206,1,964,963,0,23,1,464,463,0.0,0.0005105687736138058,1,705,704,3,-1,4,8,1,302,806,187
174,60,161,790,923,133,134,134,752,752,0,0.0007488342013002485,0.0007488342013002485,755,755,0,7,3,3,18,8,34,345,857
175,430,531,987,992,5,126,126,979,979,0,0.00970080669866231,0.009734844616903231,980,980,0,5,2,2,7,69,196,12,639
176,0,101,1,910,909,0,4,1,331,330,0.0,0.0,1,1,0,5,-1,6,4,0,235,632,885
177,8,214,498,956,458,24,34,469,533,64,0.00013615167296368154,0.0008169100377820892,509,771,262,3,4,4,9,3,249,196,64
178,0,0,1,1,0,0,0,1,1,0,0.0,0.0,1,1,0,-1,-1,-1,2,0,881,644,752
179,0,206,1,965,964,0,18,1,519,518,0.0,0.0006126825283365669,1,740,739,3,-1,4,5,0,338,980,143
180,104,310,943,989,46,38,38,930,930,0,0.0029612988869600733,0.005956635692161067,925,962,37,3,3,3,3,20,916,43,76
181,2,104,356,907,551,6,9,358,394,36,0.0,0.00017018959120460194,1,544,543,4,5,5,5,1,599,861,301
182,0,206,1,949,948,0,34,1,462,461,0.0,0.00034037918240920387,1,647,646,3,-1,4,11,0,167,511,535
183,6,212,439,959,520,16,20,455,494,39,0.0,0.00013615167296368154,1,513,512,3,4,4,6,2,281,654,486
184,0,102,1,898,897,0,8,1,351,350,0.0,3.4037918240920386e-05,1,403,402,4,-1,5,7,0,472,498,879
185,16,16,602,602,0,36,36,627,627,0,0.0002723033459273631,0.0002723033459273631,621,621,0,-1,3,3,7,1,335,561,695
186,18,120,709,949,240,8,8,507,507,0,0.0006467204465774873,0.0007828721195411688,753,780,27,4,4,4,2,7,816,224,553
187,167,373,934,980,46,174,174,957,957,0,0.002927260968719153,0.0033357159876101976,923,933,10,3,2,2,11,19,167,144,377
188,16,222,633,973,340,8,12,446,562,116,0.00017018959120460194,0.0007828721195411688,546,779,233,3,4,4,2,7,859,115,217
189,0,102,1,916,915,0,5,1,384,383,0.0,0.00010211375472276115,1,486,485,4,-1,5,3,0,726,823,370
190,60,161,902,976,74,12,12,637,637,0,0.002144388849177984,0.0021784267674189047,899,899,0,6,4,4,2,23,913,66,690
191,0,0,1,1,0,0,0,1,1,0,0.0,0.0,1,1,0,-1,-1,-1,11,0,139,880,949
192,0,102,1,938,937,0,3,1,371,370,0.0,0.0,1,1,0,4,-1,5,2,0,886,923,313
193,10,216,592,978,386,10,10,493,493,0,0.00017018959120460194,0.0004765308553728854,557,702,145,3,4,4,3,3,844,369,504
194,6,212,397,949,552,56,56,604,604,0,0.00017018959120460194,0.00037441710065012424,535,648,113,3,4,4,10,3,240,260,681
195,12,218,635,975,340,12,12,616,616,0,0.000442492937131965,0.0010892133837094523,702,836,134,3,4,4,2,5,804,535,412
196,165,267,965,980,15,70,70,964,964,0,0.00439089145307873,0.0045270431260424114,950,953,3,4,3,3,5,32,727,26,346
197,0,0,1,1,0,0,0,1,1,0,0.0,0.0,1,1,0,-1,-1,-1,4,0,567,782,841
198,2,104,383,945,562,4,4,387,387,0,6.807583648184077e-05,0.00013615167296368154,465,535,70,4,5,5,3,1,790,449,689
199,7,7,604,604,0,4,4,471,471,0,0.00013615167296368154,0.00013615167296368154,524,524,0,-1,5,5,2,4,873,164,942
200,22,124,702,945,243,46,46,855,855,0,0.0005105687736138058,0.0005786446100956465,717,727,10,4,3,3,5,3,843,525,585
201,77,77,865,865,0,64,64,784,784,0,0.002110350930937064,0.002110350930937064,887,887,0,-1,3,3,8,11,521,166,533
202,0,206,1,976,975,0,14,1,611,610,0.0,0.005173763572619898,1,958,957,3,-1,4,3,0,961,959,6
203,0,0,1,1,0,0,0,1,1,0,0.0,0.0,1,1,0,-1,-1,-1,3,0,718,824,871
204,2,2,356,356,0,9,9,366,366,0,0.0,0.0,1,1,0,-1,5,5,7,1,329,763,742
205,21,227,730,978,248,12,12,602,602,0,0.0006126825283365669,0.0018720855032506212,739,884,145,3,4,4,2,6,954,232,153
206,0,102,1,940,939,0,4,1,402,401,0.0,0.0002042275094455223,1,588,587,4,-1,5,2,0,924,849,29
207,17,223,650,973,323,48,48,758,758,0,0.00088498587426393,0.001599782157323258,788,859,71,3,3,3,7,3,697,299,163
208,80,286,890,979,89,54,54,873,873,0,0.0025188059498281084,0.003267640151128357,912,927,15,3,3,3,4,15,558,153,345
209,55,671,793,993,200,82,92,684,735,51,0.0007828721195411688,0.002825147213996392,763,919,156,2,3,3,12,13,44,340,158
210,26,128,703,923,220,38,38,607,607,0,0.00034037918240920387,0.000442492937131965,657,697,40,4,4,4,7,5,466,418,110
211,19,120,726,947,221,14,14,598,598,0,0.0002042275094455223,0.0002042275094455223,600,600,0,6,4,4,3,5,530,487,739
212,0,616,1,998,997,0,44,1,868,867,0.0,0.011845195547840293,1,985,984,2,-1,3,4,0,578,850,2
213,33,135,813,959,146,22,22,795,795,0,0.0010892133837094523,0.0011232513019503727,832,834,2,4,3,3,2,7,747,630,339
214,0,102,1,942,941,0,4,1,369,368,0.0,0.0002382654276864427,1,582,581,4,-1,5,3,0,693,423,613
215,22,228,643,965,322,58,58,691,691,0,0.00030634126416828345,0.0004765308553728854,628,699,71,3,3,3,8,2,231,827,419
216,0,0,1,1,0,0,0,1,1,0,0.0,0.0,1,1,0,-1,-1,-1,6,0,560,866,431
217,0,206,1,962,961,0,16,1,446,445,0.0,0.00037441710065012424,1,655,654,3,-1,4,6,0,352,726,211
218,9,9,608,608,0,12,12,714,714,0,0.0007147962830593281,0.0007147962830593281,777,777,0,-1,4,4,2,5,876,589,740
219,8,8,505,505,0,36,36,554,554,0,0.00013615167296368154,0.00013615167296368154,519,519,0,-1,4,4,8,2,225,251,922
220,75,75,887,887,0,34,34,763,763,0,0.0013615167296368155,0.0013615167296368155,851,851,0,-1,3,3,4,15,969,206,483
221,98,200,923,973,50,60,60,931,931,0,0.002995336805200994,0.0034718676605738795,923,934,11,4,3,3,5,18,695,55,333
222,0,206,1,979,978,0,8,1,530,529,0.0,0.0008169100377820892,1,781,780,3,-1,4,2,0,851,985,303
223,0,102,1,906,905,0,10,1,405,404,0.0,0.0002042275094455223,1,574,573,4,-1,5,5,0,392,855,333
224,75,177,920,977,57,28,28,858,858,0,0.001940161339732462,0.0021784267674189047,888,901,13,4,3,3,3,17,911,81,404
225,24,125,745,945,200,18,18,664,664,0,0.0006126825283365669,0.0006807583648184077,733,746,13,5,4,4,3,4,712,333,496
226,0,0,1,1,0,0,0,1,1,0,0.0,0.0,1,1,0,-1,-1,-1,4,1,741,472,436
227,6,212,462,973,511,22,26,616,652,36,0.00017018959120460194,0.0013274788113958951,551,852,301,3,4,4,5,1,376,741,125
228,1,207,332,976,644,3,18,332,729,397,0.0,0.002280540522141666,1,908,907,3,6,4,3,1,888,640,87
229,82,698,871,998,127,92,106,910,957,47,0.00353994349705572,0.005582218591510943,933,961,28,2,2,2,7,9,214,242,642
230,0,206,1,951,950,0,26,1,417,416,0.0,0.0002723033459273631,1,620,619,3,-1,4,12,0,58,723,209
231,0,0,1,1,0,0,0,1,1,0,0.0,0.0,1,1,0,-1,-1,-1,2,1,878,835,488
232,0,101,1,935,934,0,2,1,330,329,0.0,0.0,1,1,0,5,-1,6,2,0,970,629,337
233,23,23,720,720,0,24,24,740,740,0,0.0009190237925048504,0.0009190237925048504,803,803,0,-1,3,3,3,4,864,220,917
234,2,2,348,348,0,21,21,388,388,0,0.0,0.0,1,1,0,-1,5,5,12,1,184,807,928
235,0,101,1,896,895,0,6,1,332,331,0.0,0.0,1,1,0,5,-1,6,6,3,473,753,518
236,8,214,558,975,417,12,12,604,604,0,0.0006126825283365669,0.0010211375472276116,746,823,77,3,4,4,2,3,589,209,391
237,2,618,357,996,639,12,52,412,790,378,6.807583648184077e-05,0.00439089145307873,447,952,505,2,5,3,6,1,549,935,88
238,0,0,1,1,0,0,0,1,1,0,0.0,0.0,1,1,0,-1,-1,-1,2,0,904,651,608
239,0,0,1,1,0,0,0,1,1,0,0.0,0.0,1,1,0,-1,-1,-1,4,0,969,815,818
240,0,102,1,879,878,0,15,1,360,359,0.0,0.0,1,1,0,4,-1,5,13,0,113,200,580
241,2,2,384,384,0,4,4,430,430,0,0.0,0.0,1,1,0,-1,5,5,2,2,781,492,919
242,2,104,357,906,549,8,9,370,380,10,3.4037918240920386e-05,3.4037918240920386e-05,400,400,0,4,5,5,6,1,356,503,274
243,166,372,958,987,29,50,50,841,841,0,0.003369753905851118,0.004016474352428605,933,944,11,3,3,3,5,31,565,76,243
244,0,0,1,1,0,0,0,1,1,0,0.0,0.0,1,1,0,-1,-1,-1,16,0,78,784,565
245,0,102,1,949,948,0,4,1,415,414,0.0,0.00037441710065012424,1,674,673,4,-1,5,2,0,625,790,162
246,0,101,1,874,873,0,17,1,332,331,0.0,0.0,1,1,0,5,-1,6,17,0,112,565,763
247,12,113,632,945,313,9,9,494,494,0,0.00010211375472276115,0.00010211375472276115,485,485,0,5,4,4,3,2,590,298,708
248,0,0,1,1,0,0,0,1,1,0,0.0,0.0,1,1,0,-1,-1,-1,3,0,930,967,744
249,135,237,932,968,36,82,82,889,889,0,0.002586881786309949,0.0026549576227917903,908,910,2,4,3,3,7,18,398,141,93
250,0,206,1,973,972,0,16,1,538,537,0.0,0.0010211375472276116,1,818,817,3,-1,4,4,0,513,517,60
251,0,0,1,1,0,0,0,1,1,0,0.0,0.0,1,1,0,-1,-1,-1,17,0,24,726,478
252,6,212,438,969,531,11,22,441,545,104,0.0,0.0005105687736138058,1,725,724,3,4,4,5,1,665,893,412
253,10,10,607,607,0,18,18,704,704,0,0.00013615167296368154,0.00013615167296368154,527,527,0,-1,4,4,3,4,953,545,833
254,0,0,1,1,0,0,0,1,1,0,0.0,0.0,1,1,0,-1,-1,-1,4,1,887,583,568
255,43,43,767,767,0,58,58,670,670,0,0.0007147962830593281,0.0007147962830593281,742,742,0,-1,3,3,8,10,370,296,817
256,100,100,909,909,0,100,100,980,980,0,0.029544913033118896,0.029544913033118896,996,996,0,-1,1,1,5,10,314,296,811
257,18,224,662,973,311,16,16,548,548,0,0.0002723033459273631,0.0018040096667687805,615,868,253,3,4,4,4,5,655,182,87
258,8,109,534,930,396,13,13,478,478,0,6.807583648184077e-05,6.807583648184077e-05,449,449,0,5,4,4,5,3,908,361,771
259,155,256,953,978,25,64,64,956,956,0,0.0038462847612240037,0.0038462847612240037,937,937,0,5,3,3,4,28,655,41,374
260,18,120,604,909,305,56,56,602,602,0,0.0007147962830593281,0.0007147962830593281,759,759,0,4,4,4,12,8,93,521,466
261,8,109,541,935,394,14,14,505,505,0,0.00013615167296368154,0.00013615167296368154,500,500,0,5,4,4,5,2,557,425,344
262,12,218,486,950,464,61,61,510,510,0,0.00010211375472276115,0.0002042275094455223,484,561,77,3,4,4,17,3,10,361,493
263,2,2,346,346,0,17,17,369,369,0,0.0,0.0,1,1,0,-1,5,5,12,1,183,788,709
264,6,108,456,931,475,10,10,469,469,0,0.0,0.0,1,1,0,4,4,4,3,1,869,463,518
265,0,0,1,1,0,0,0,1,1,0,0.0,0.0,1,1,0,-1,-1,-1,2,0,828,858,915
266,6,108,438,922,484,14,14,484,484,0,0.0,0.0002723033459273631,1,615,614,4,4,4,5,2,692,325,683
267,1,207,333,964,631,8,36,333,616,283,0.0,0.0015317063208414173,1,861,860,3,6,4,8,2,318,721,47
268,0,102,1,911,910,0,9,1,396,395,0.0,0.0002042275094455223,1,560,559,4,-1,5,5,0,390,908,809
269,691,897,992,995,3,462,462,993,993,0,0.00970080669866231,0.009836958371625992,981,981,0,3,2,2,22,70,22,18,90
270,6,6,428,428,0,17,17,497,497,0,3.4037918240920386e-05,3.4037918240920386e-05,407,407,0,-1,4,4,5,1,555,238,539
271,41,657,805,997,192,44,54,828,890,62,0.0007147962830593281,0.002586881786309949,765,909,144,2,3,3,4,6,354,232,192
272,6,108,426,914,488,12,12,439,439,0,0.0002042275094455223,0.00030634126416828345,559,627,68,4,4,4,4,1,540,840,810
273,0,101,1,925,924,0,3,1,331,330,0.0,0.0,1,1,0,6,-1,7,3,2,583,684,924
274,18,120,636,929,293,22,22,539,539,0,3.4037918240920386e-05,0.0002723033459273631,410,611,201,4,4,4,5,5,531,314,240
275,12,218,592,974,382,12,20,490,612,122,0.00017018959120460194,0.0018720855032506212,538,872,334,3,4,4,4,4,787,239,43
276,0,206,1,978,977,0,16,1,588,587,0.0,0.002586881786309949,1,911,910,3,-1,4,4,2,789,462,34
277,6,212,468,975,507,8,12,490,611,121,0.0002042275094455223,0.0005446066918547262,572,724,152,3,4,4,2,2,849,384,662
278,105,105,957,957,0,48,48,983,983,0,0.006024711528642908,0.006024711528642908,965,965,0,-1,2,2,3,24,918,13,478
279,16,118,539,896,357,78,78,693,693,0,3.4037918240920386e-05,0.00030634126416828345,407,631,224,4,3,3,11,2,66,223,458
280,14,116,601,926,325,18,18,573,573,0,0.0006807583648184077,0.0007488342013002485,754,766,12,4,4,4,3,3,613,103,572
281,0,102,1,929,928,0,4,1,412,411,0.0,0.00010211375472276115,1,490,489,4,-1,5,2,0,880,855,710
282,8,109,468,888,420,58,58,501,501,0,0.00037441710065012424,0.00037441710065012424,650,650,0,5,4,4,17,2,71,22,671
283,7,213,504,967,463,18,18,520,520,0,3.4037918240920386e-05,0.0008169100377820892,411,778,367,3,4,4,5,2,338,244,273
284,8,110,561,943,382,10,10,509,509,0,6.807583648184077e-05,0.0004084550188910446,456,686,230,4,4,4,3,5,835,395,524
285,0,206,1,978,977,0,12,1,615,614,0.0,0.001940161339732462,1,888,887,3,-1,4,2,0,937,986,41
286,0,206,1,949,948,0,46,1,502,501,0.0,0.0009190237925048504,1,789,788,3,-1,4,13,0,67,758,137
287,0,206,1,965,964,0,16,1,480,479,0.0,0.0007147962830593281,1,755,754,3,-1,4,6,1,446,472,377
288,0,0,1,1,0,0,0,1,1,0,0.0,0.0,1,1,0,-1,-1,-1,11,0,188,635,938
289,0,206,1,948,947,0,45,1,429,428,0.0,0.0004084550188910446,1,664,663,3,-1,4,19,2,38,775,80
290,6,622,423,996,573,18,36,482,687,205,0.0002382654276864427,0.002314578440382586,592,894,302,2,4,3,5,2,571,785,85
291,0,0,1,1,0,0,0,1,1,0,0.0,0.0,1,1,0,-1,-1,-1,3,0,877,254,985
292,21,227,740,979,239,24,24,711,711,0,0.00088498587426393,0.0016678579938050988,791,871,80,3,4,4,4,6,607,232,184
293,100,100,892,892,0,100,100,939,939,0,0.034820790360461554,0.034854828278702475,999,999,0,4,1,1,7,69,637,12,597
294,14,630,552,992,440,34,48,510,607,97,0.00034037918240920387,0.0014295925661186562,643,842,199,2,4,3,9,3,274,307,207
295,22,124,809,972,163,22,22,901,901,0,0.0009190237925048504,0.0011913271384322134,811,837,26,4,3,3,2,5,810,535,688
296,21,21,707,707,0,30,30,681,681,0,0.0008169100377820892,0.0008169100377820892,783,783,0,-1,4,4,5,5,616,216,235
297,0,616,1,992,991,0,54,1,627,626,0.0,0.0030634126416828346,1,922,921,2,-1,3,10,0,272,587,25
298,0,102,1,939,938,0,4,1,366,365,0.0,0.00010211375472276115,1,493,492,4,-1,5,3,0,699,959,410
299,6,108,396,887,491,38,38,535,535,0,0.00010211375472276115,0.00013615167296368154,490,511,21,4,4,4,9,1,381,756,411
300,1,1,332,332,0,2,2,332,332,0,0.0,0.0,1,1,0,-1,7,7,2,1,997,590,574
301,3,105,452,944,492,4,4,423,423,0,0.00030634126416828345,0.000442492937131965,634,689,55,4,5,5,2,4,723,305,561
302,6,622,399,992,593,29,82,446,736,290,3.4037918240920386e-05,0.006126825283365669,387,965,578,2,4,3,11,1,233,555,70
303,6,6,450,450,0,7,7,457,457,0,0.00013615167296368154,0.00013615167296368154,519,519,0,-1,4,4,2,1,932,394,828
304,81,182,916,973,57,22,22,781,781,0,0.0016678579938050988,0.00176997174852786,873,881,8,5,3,3,2,15,907,206,749
305,12,113,735,974,239,12,12,809,809,0,0.001055175465468532,0.001055175465468532,826,826,0,8,4,4,2,5,872,393,469
306,155,155,918,918,0,174,174,881,881,0,0.002314578440382586,0.002314578440382586,895,895,0,-1,2,2,15,20,0,71,902
307,0,0,1,1,0,0,0,1,1,0,0.0,0.0,1,1,0,-1,-1,-1,2,0,761,426,839
308,38,140,754,923,169,62,62,780,780,0,0.0007488342013002485,0.0008169100377820892,762,772,10,4,3,3,7,4,182,407,697
309,0,206,1,956,955,0,36,1,594,593,0.0,0.0033357159876101976,1,932,931,3,-1,4,6,0,157,330,14
310,6,6,469,469,0,12,12,490,490,0,6.807583648184077e-05,6.807583648184077e-05,444,444,0,-1,4,4,4,2,787,652,817
311,0,206,1,952,951,0,22,1,436,435,0.0,0.0,1,1,0,3,-1,4,9,0,316,644,720
312,10,10,534,534,0,20,20,530,530,0,0.00010211375472276115,0.00010211375472276115,472,472,0,-1,4,4,4,4,493,220,638
313,0,206,1,981,980,0,9,1,522,521,0.0,0.0009530617107457708,1,801,800,3,-1,4,3,1,576,962,352
314,32,134,741,936,195,50,50,705,705,0,0.00037441710065012424,0.0006807583648184077,660,750,90,4,3,3,8,5,323,182,132
315,16,16,623,623,0,14,14,475,475,0,0.0002382654276864427,0.0002382654276864427,583,583,0,-1,4,4,5,7,656,188,908
316,25,25,808,808,0,12,12,725,725,0,0.00088498587426393,0.00088498587426393,789,789,0,-1,4,4,2,13,890,120,740
317,0,206,1,950,949,0,23,1,395,394,0.0,0.0,1,1,0,3,-1,4,13,0,129,798,410
318,391,391,986,986,0,110,110,979,979,0,0.009088124170325743,0.009088124170325743,979,979,0,-1,2,2,6,70,402,18,696
319,67,169,875,961,86,36,36,754,754,0,0.0019741992579733825,0.0023486163586235067,882,899,17,4,4,4,6,21,529,123,52
320,1,207,331,988,657,2,8,331,644,313,6.807583648184077e-05,0.0013955546478777359,466,865,399,3,6,4,2,2,941,313,146
321,157,259,951,976,25,48,48,894,894,0,0.0027911092957554717,0.0029612988869600733,914,919,5,4,3,3,3,27,459,61,274
322,6,108,449,918,469,10,14,430,483,53,0.0,0.0005446066918547262,1,725,724,4,4,4,5,1,412,734,387
323,6,107,456,928,472,10,10,473,473,0,0.00010211375472276115,0.0002042275094455223,491,571,80,5,4,4,3,2,592,575,466
324,0,0,1,1,0,0,0,1,1,0,0.0,0.0,1,1,0,-1,-1,-1,3,1,808,814,745
325,2,2,387,387,0,3,3,396,396,0,0.0,0.0,1,1,0,-1,5,5,2,3,847,755,832
326,40,141,780,925,145,50,50,776,776,0,0.0005786446100956465,0.0006126825283365669,738,750,12,5,3,3,5,7,238,253,749
327,94,196,935,979,44,22,22,850,850,0,0.002825147213996392,0.0031314884781646754,926,935,9,4,3,3,2,26,938,108,418
328,0,0,1,1,0,0,0,1,1,0,0.0,0.0,1,1,0,-1,-1,-1,7,0,439,811,428
329,24,24,695,695,0,36,36,716,716,0,0.0002042275094455223,0.0002042275094455223,568,568,0,-1,3,3,5,3,528,248,817
330,6,212,427,967,540,14,26,461,595,134,0.0002382654276864427,0.0018040096667687805,591,869,278,3,4,4,5,4,537,409,38
331,6,622,397,992,595,34,48,507,614,107,6.807583648184077e-05,0.00088498587426393,436,776,340,2,4,3,9,2,276,652,188
332,8,110,520,918,398,12,12,459,459,0,0.00013615167296368154,0.00030634126416828345,514,641,127,4,4,4,4,3,623,585,425
333,50,250,836,974,138,36,36,761,761,0,0.0011913271384322134,0.0018380475850097008,829,880,51,3,3,3,5,13,533,217,242
334,6,108,487,946,459,9,10,503,523,20,6.807583648184077e-05,0.0007488342013002485,446,769,323,4,4,4,3,2,523,575,471
335,6,108,432,909,477,16,17,445,459,14,6.807583648184077e-05,0.0002723033459273631,443,607,164,4,4,4,7,1,305,607,827
336,70,686,827,992,165,122,132,753,772,19,0.0007828721195411688,0.004731270635487933,759,945,186,2,3,3,16,9,151,375,77
337,6,108,510,955,445,8,8,546,546,0,3.4037918240920386e-05,0.0005446066918547262,399,726,327,4,4,4,2,2,998,492,355
338,245,347,968,980,12,116,116,959,959,0,0.0033016780693692774,0.0033357159876101976,936,936,0,4,2,2,7,30,374,65,680
339,6,6,526,526,0,6,6,457,457,0,0.0002382654276864427,0.0002382654276864427,610,610,0,-1,5,5,3,6,922,447,831
340,0,206,1,971,970,0,10,1,469,468,0.0,0.0013955546478777359,1,854,853,3,-1,4,3,0,621,858,39
341,28,28,637,637,0,98,98,582,582,0,0.0002382654276864427,0.0002382654276864427,580,580,0,-1,3,3,20,4,61,220,915
342,7,109,549,951,402,4,4,424,424,0,0.0002042275094455223,0.000442492937131965,568,706,138,4,5,5,2,5,938,362,252
343,428,634,983,990,7,222,222,992,992,0,0.007454304094761564,0.008679669151434699,969,975,6,3,2,2,10,57,205,50,129
344,0,101,1,869,868,0,15,1,332,331,0.0,0.0,1,1,0,5,-1,6,15,0,37,851,577
345,0,0,1,1,0,0,0,1,1,0,0.0,0.0,1,1,0,-1,-1,-1,6,0,281,945,845
346,16,118,709,963,254,24,24,857,857,0,0.0005105687736138058,0.0009870996289866913,710,818,108,4,3,3,3,1,707,741,159
347,2,2,347,347,0,24,24,387,387,0,0.00010211375472276115,0.00010211375472276115,477,477,0,-1,5,5,14,1,121,899,614
348,49,150,823,944,121,42,42,716,716,0,0.0009530617107457708,0.0009530617107457708,799,799,0,5,3,3,6,9,345,198,924
349,6,212,456,974,518,18,18,579,579,0,0.00017018959120460194,0.0005446066918547262,550,709,159,3,4,4,5,2,727,532,191
350,0,206,1,971,970,0,14,1,481,480,0.0,0.0007147962830593281,1,762,761,3,-1,4,5,0,517,970,397
351,0,0,1,1,0,0,0,1,1,0,0.0,0.0,1,1,0,-1,-1,-1,10,0,243,944,629
352,144,350,923,982,59,150,150,943,943,0,0.002723033459273631,0.0030634126416828346,913,925,12,3,3,3,10,17,204,81,496
353,0,0,1,1,0,0,0,1,1,0,0.0,0.0,1,1,0,-1,-1,-1,4,2,578,684,672
354,0,0,1,1,0,0,0,1,1,0,0.0,0.0,1,1,0,-1,-1,-1,3,0,699,776,726
355,58,160,823,936,113,62,62,753,753,0,0.0008509479560230097,0.0011913271384322134,780,830,50,4,3,3,7,9,331,375,173
356,0,102,1,904,903,0,7,1,374,373,0.0,0.00017018959120460194,1,558,557,4,-1,5,5,0,474,849,22
357,0,206,1,929,928,0,107,1,513,512,0.0,0.0004084550188910446,1,648,647,3,-1,4,36,0,16,664,589
358,214,420,946,980,34,242,242,949,949,0,0.005480104836788182,0.00622893903808843,956,961,5,3,2,2,18,31,86,126,475
359,22,124,787,967,180,8,8,572,572,0,0.0006126825283365669,0.0007828721195411688,751,786,35,4,4,4,2,9,799,343,636
360,24,230,758,977,219,18,18,651,651,0,0.0004765308553728854,0.006058749446883829,712,966,254,3,4,4,3,11,699,52,5
361,60,676,813,994,181,96,110,820,857,37,0.0007828721195411688,0.0029612988869600733,767,919,152,2,3,3,10,6,125,194,104
362,0,0,1,1,0,0,0,1,1,0,0.0,0.0,1,1,0,-1,-1,-1,3,0,801,669,457
363,34,136,713,912,199,68,68,628,628,0,0.00037441710065012424,0.0006467204465774873,662,738,76,4,3,3,13,4,242,167,458
364,0,206,1,950,949,0,25,1,439,438,0.0,0.00010211375472276115,1,481,480,3,-1,4,11,1,155,841,501
365,13,115,590,928,338,18,18,498,498,0,0.0002723033459273631,0.0006467204465774873,606,737,131,4,4,4,5,6,407,516,475
366,34,34,798,798,0,12,12,586,586,0,0.0006807583648184077,0.0006807583648184077,761,761,0,-1,4,4,2,9,763,154,989
367,0,102,1,924,923,0,8,1,423,422,0.0,0.000442492937131965,1,680,679,4,-1,5,4,0,650,825,219
368,0,206,1,963,962,0,17,1,455,454,0.0,0.0009530617107457708,1,805,804,3,-1,4,7,2,477,684,269
369,14,116,674,956,282,12,12,530,530,0,0.0002723033459273631,0.0004084550188910446,611,674,63,4,4,4,4,9,738,317,229
370,62,162,838,948,110,52,52,729,729,0,0.0009870996289866913,0.001055175465468532,808,814,6,4,3,3,7,14,320,139,301
371,0,206,1,969,968,0,10,1,453,452,0.0,0.0005786446100956465,1,734,733,3,-1,4,3,0,930,786,283
372,0,102,1,924,923,0,5,1,365,364,0.0,0.0,1,1,0,4,-1,5,4,0,578,850,599
373,25,127,836,971,135,8,8,614,614,0,0.0009870996289866913,0.0012934408931549745,823,857,34,4,4,4,2,12,987,179,759
374,6,6,420,420,0,16,16,401,401,0,3.4037918240920386e-05,3.4037918240920386e-05,414,414,0,-1,4,4,9,2,180,739,969
375,20,122,590,888,298,62,62,508,508,0,6.807583648184077e-05,0.00013615167296368154,441,513,72,4,3,3,17,4,23,581,719
376,16,118,586,917,331,36,36,571,571,0,0.0002042275094455223,0.0002382654276864427,561,589,28,4,4,4,8,4,301,380,761
377,93,194,909,973,64,90,90,971,971,0,0.0026889955410327104,0.0026889955410327104,914,914,0,5,2,2,6,15,594,92,749
378,43,145,791,934,143,60,60,757,757,0,0.00030634126416828345,0.0005105687736138058,645,716,71,4,3,3,8,7,646,237,132
379,56,158,829,945,116,64,64,791,791,0,0.0009530617107457708,0.0010211375472276116,792,809,17,4,3,3,8,7,454,150,441
380,0,102,1,900,899,0,11,1,372,371,0.0,0.00013615167296368154,1,502,501,4,-1,5,8,0,270,984,447
381,320,526,992,998,6,56,56,989,989,0,0.016406276592123625,0.017291262466387555,995,995,0,3,2,2,2,92,960,30,413
382,109,109,931,931,0,66,66,922,922,0,0.002280540522141666,0.002280540522141666,905,905,0,-1,3,3,6,18,661,141,969
383,12,12,530,530,0,34,34,496,496,0,0.0002042275094455223,0.0002042275094455223,560,560,0,-1,4,4,11,2,229,468,777
384,6,6,426,426,0,15,15,453,453,0,0.00010211375472276115,0.00010211375472276115,486,486,0,-1,4,4,6,1,582,334,902
385,2,2,355,355,0,8,8,408,408,0,0.0,0.0,1,1,0,-1,5,5,4,2,887,575,833
386,1,207,333,960,627,6,14,333,430,97,0.0,0.0002382654276864427,1,578,577,3,6,4,6,2,393,692,365
387,6,6,487,487,0,5,5,405,405,0,3.4037918240920386e-05,3.4037918240920386e-05,406,406,0,-1,5,5,3,4,902,581,872
388,1,1,333,333,0,5,5,333,333,0,0.0,0.0,1,1,0,-1,6,6,5,1,412,540,483
389,24,230,766,979,213,12,12,609,609,0,0.0010211375472276116,0.0017359338302869397,826,882,56,3,4,4,2,6,976,377,207
390,0,206,1,947,946,0,29,1,409,408,0.0,6.807583648184077e-05,1,441,440,3,-1,4,14,0,121,836,251
391,101,307,926,981,55,40,40,817,817,0,0.002484768031587188,0.0029612988869600733,907,923,16,3,3,3,5,21,376,157,159
392,11,11,647,647,0,10,10,561,561,0,0.0002382654276864427,0.0002382654276864427,604,604,0,-1,4,4,3,6,796,107,871
393,6,622,465,998,533,16,26,562,741,179,0.00017018959120460194,0.0013615167296368155,551,852,301,2,4,3,4,3,648,260,454
394,8,214,495,955,460,24,36,427,502,75,0.00017018959120460194,0.0006807583648184077,544,733,189,3,4,4,10,3,152,585,612
395,22,22,628,628,0,70,70,723,723,0,0.0007828721195411688,0.0007828721195411688,770,770,0,-1,3,3,10,3,272,299,513
396,15,117,550,895,345,34,34,476,476,0,0.0002382654276864427,0.0005446066918547262,587,713,126,4,4,4,11,6,230,229,368
397,29,130,687,905,218,36,36,512,512,0,0.0002382654276864427,0.0002382654276864427,585,585,0,5,4,4,10,7,272,176,292
398,0,206,1,952,951,0,40,1,527,526,0.0,0.0013615167296368155,1,831,830,3,-1,4,10,0,152,975,45
399,0,206,1,969,968,0,12,1,471,470,0.0,0.000442492937131965,1,688,687,3,-1,4,4,0,755,768,727
400,0,102,1,944,943,0,3,1,376,375,0.0,0.00013615167296368154,1,521,520,4,-1,5,2,1,942,841,487
401,18,224,594,956,362,49,58,574,624,50,0.0002042275094455223,0.0009530617107457708,562,789,227,3,3,3,10,3,153,441,166
402,12,12,584,584,0,20,20,566,566,0,0.00013615167296368154,0.00013615167296368154,533,533,0,-1,4,4,4,2,641,468,793
403,0,0,1,1,0,0,0,1,1,0,0.0,0.0,1,1,0,-1,-1,-1,2,0,986,826,927
404,0,206,1,972,971,0,12,1,461,460,0.0,0.0005446066918547262,1,720,719,3,-1,4,4,0,700,858,242
405,2,104,349,868,519,22,33,354,387,33,0.0,0.0002042275094455223,1,562,561,4,5,5,19,2,35,292,521
406,86,86,837,837,0,154,154,863,863,0,0.0017018959120460194,0.0017018959120460194,862,862,0,-1,3,3,14,13,122,255,946
407,0,616,1,997,996,0,30,1,769,768,0.0,0.005650294427992784,1,962,961,2,-1,3,4,0,633,768,102
408,24,24,664,664,0,56,56,651,651,0,3.4037918240920386e-05,3.4037918240920386e-05,395,395,0,-1,3,3,9,4,213,202,538
409,0,0,1,1,0,0,0,1,1,0,0.0,0.0,1,1,0,-1,-1,-1,4,0,384,889,841
410,0,616,1,992,991,0,72,1,621,620,0.0,0.003437829742332959,1,928,927,2,-1,3,15,0,110,911,31
411,18,120,614,902,288,46,46,588,588,0,0.0005105687736138058,0.0005446066918547262,711,720,9,4,4,4,9,3,192,507,499
412,4,4,469,469,0,4,4,429,429,0,3.4037918240920386e-05,3.4037918240920386e-05,403,403,0,-1,5,5,2,2,895,791,633
413,0,0,1,1,0,0,0,1,1,0,0.0,0.0,1,1,0,-1,-1,-1,4,0,313,981,912
414,28,644,673,994,321,80,90,693,757,64,0.00037441710065012424,0.0020422750944552232,670,890,220,2,3,3,10,3,285,173,281
415,12,218,546,965,419,38,42,628,671,43,0.0004084550188910446,0.0006467204465774873,678,746,68,3,4,4,7,2,156,363,504
416,2,2,351,351,0,16,16,383,383,0,0.00010211375472276115,0.00010211375472276115,473,473,0,-1,5,5,10,2,241,842,235
417,0,206,1,955,954,0,24,1,449,448,0.0,0.0008169100377820892,1,771,770,3,-1,4,10,0,293,839,234
418,0,101,1,950,949,0,3,1,329,328,0.0,0.0,1,1,0,5,-1,6,3,0,707,898,441
419,2,2,367,367,0,8,8,444,444,0,0.00010211375472276115,0.00010211375472276115,483,483,0,-1,5,5,4,2,721,575,991
420,66,168,810,929,119,134,134,737,737,0,0.0009530617107457708,0.0009530617107457708,784,784,0,4,3,3,18,8,64,250,121
421,0,0,1,1,0,0,0,1,1,0,0.0,0.0,1,1,0,-1,-1,-1,2,0,880,587,886
422,1,207,332,968,636,3,10,332,460,128,0.0,0.0004084550188910446,1,678,677,3,6,4,3,2,725,663,177
423,0,101,1,932,931,0,2,1,332,331,0.0,6.807583648184077e-05,1,449,448,5,-1,6,2,0,931,815,656
424,0,101,1,895,894,0,8,1,332,331,0.0,0.0,1,1,0,5,-1,6,8,0,308,823,893
425,78,180,855,944,89,90,90,808,808,0,0.0016338200755641784,0.0016678579938050988,856,859,3,4,3,3,10,15,409,206,592
426,0,102,1,914,913,0,4,1,360,359,0.0,6.807583648184077e-05,1,452,451,4,-1,5,3,0,743,801,458
427,0,206,1,974,973,0,8,1,498,497,0.0,0.0004084550188910446,1,690,689,3,-1,4,2,0,881,813,525
428,12,12,562,562,0,20,20,514,514,0,0.00013615167296368154,0.00013615167296368154,523,523,0,-1,4,4,6,5,606,231,200
429,100,100,863,863,0,100,100,743,743,0,0.010790020082371761,0.010790020082371761,981,981,0,-1,1,1,15,3,138,173,804
430,61,61,901,901,0,22,22,864,864,0,0.0018380475850097008,0.0018380475850097008,888,888,0,-1,3,3,2,16,742,78,538
431,75,176,897,969,72,22,22,794,794,0,0.0022465026039007454,0.0022465026039007454,905,905,0,5,3,3,2,19,983,297,736
432,10,10,536,536,0,32,32,577,577,0,0.0002382654276864427,0.0002382654276864427,600,600,0,-1,4,4,8,7,541,451,959
433,0,206,1,971,970,0,24,1,534,533,0.0,0.001055175465468532,1,814,813,3,-1,4,6,1,515,779,190
434,131,232,901,956,55,120,120,800,800,0,0.00088498587426393,0.0009530617107457708,777,784,7,5,3,3,14,19,172,184,708
435,100,100,903,903,0,100,100,958,958,0,0.03134892269988768,0.03196160522822424,999,999,0,3,1,1,6,36,352,48,525
436,0,206,1,971,970,0,18,1,528,527,0.0,0.0005105687736138058,1,702,701,3,-1,4,5,0,534,905,351
437,100,100,847,847,0,100,100,582,582,0,0.02573266619013581,0.025766704108376733,998,998,0,4,1,1,19,118,31,37,361
438,16,632,526,990,464,44,66,478,576,98,0.0,0.0014295925661186562,1,845,844,2,3,3,13,1,115,873,130
439,6,212,428,970,542,11,23,406,525,119,0.0,0.0004765308553728854,1,700,699,3,4,4,6,2,451,357,293
440,6,108,439,916,477,18,18,511,511,0,6.807583648184077e-05,0.00017018959120460194,445,540,95,4,4,4,5,2,667,544,365
441,6,212,417,965,548,15,28,433,595,162,3.4037918240920386e-05,0.002586881786309949,409,909,500,3,4,4,6,2,98,320,142
442,16,118,562,904,342,46,46,582,582,0,0.00034037918240920387,0.0004084550188910446,646,675,29,4,4,4,9,4,287,557,298
443,16,222,643,977,334,30,30,766,766,0,0.0007488342013002485,0.0015317063208414173,770,864,94,3,3,3,4,1,461,759,163
444,2,104,372,939,567,5,6,403,438,35,3.4037918240920386e-05,0.00010211375472276115,411,495,84,4,5,5,3,2,708,492,286
445,6,212,435,967,532,14,14,468,468,0,0.0,0.00034037918240920387,1,633,632,3,4,4,5,2,457,419,427
446,6,212,372,931,559,67,96,460,539,79,3.4037918240920386e-05,0.0005446066918547262,395,697,302,3,4,4,24,1,28,592,150
447,18,120,650,931,281,24,24,683,683,0,0.0005786446100956465,0.0014295925661186562,714,848,134,4,4,4,4,4,520,407,403
448,34,240,718,965,247,82,82,788,788,0,0.0007147962830593281,0.0010892133837094523,752,808,56,3,3,3,11,4,248,407,145
449,0,101,1,914,913,0,2,1,331,330,0.0,0.0,1,1,0,5,-1,6,2,0,769,489,870
450,62,268,811,966,155,144,144,847,847,0,0.0012934408931549745,0.00176997174852786,837,868,31,3,3,3,14,11,198,193,299
451,0,206,1,981,980,0,8,1,527,526,0.0,0.0016678579938050988,1,873,872,3,-1,4,2,0,618,926,304
452,2,208,365,970,605,8,14,375,460,85,0.0,0.00034037918240920387,1,640,639,3,5,4,6,2,494,518,584
453,0,206,1,979,978,0,8,1,535,534,0.0,0.00030634126416828345,1,643,642,3,-1,4,2,0,876,925,169
454,2,2,353,353,0,15,15,387,387,0,3.4037918240920386e-05,3.4037918240920386e-05,407,407,0,-1,5,5,9,3,136,755,728
455,0,206,1,960,959,0,19,1,432,431,0.0,3.4037918240920386e-05,1,404,403,3,-1,4,8,0,231,359,720
456,62,62,801,801,0,124,124,744,744,0,0.0009870996289866913,0.0009870996289866913,789,789,0,-1,2,2,17,9,63,343,987
457,1,207,332,963,631,7,38,332,640,308,0.0,0.0040845501889104465,1,950,949,3,6,4,7,2,359,656,21
458,24,230,668,967,299,30,34,632,662,30,0.00030634126416828345,0.0007828721195411688,624,775,151,3,3,3,4,3,503,677,268
459,2,2,382,382,0,4,4,386,386,0,0.00010211375472276115,0.00010211375472276115,468,468,0,-1,5,5,3,1,877,537,834
460,0,616,1,994,993,0,58,1,761,760,0.0,0.0031314884781646754,1,926,925,2,-1,3,7,0,118,997,13
461,54,54,835,835,0,50,50,821,821,0,0.0013274788113958951,0.0013274788113958951,839,839,0,-1,3,3,5,11,528,118,571
462,0,102,1,919,918,0,10,1,391,390,0.0,0.00010211375472276115,1,492,491,4,-1,5,7,0,697,864,222
463,2,104,368,943,575,8,8,445,445,0,3.4037918240920386e-05,0.00030634126416828345,400,629,229,4,5,5,4,2,794,419,145
464,6,107,482,948,466,8,8,512,512,0,3.4037918240920386e-05,3.4037918240920386e-05,406,406,0,6,4,4,2,1,910,481,692
465,75,176,888,962,74,44,44,844,844,0,0.002212464685659825,0.002212464685659825,893,893,0,6,3,3,4,13,424,183,543
466,0,0,1,1,0,0,0,1,1,0,0.0,0.0,1,1,0,-1,-1,-1,11,0,162,942,793
467,6,6,399,399,0,54,54,589,589,0,0.00017018959120460194,0.00017018959120460194,533,533,0,-1,4,4,11,1,233,741,747
468,29,131,763,952,189,20,20,648,648,0,0.00034037918240920387,0.000442492937131965,640,692,52,4,4,4,4,11,945,316,339
469,19,225,630,961,331,39,39,544,544,0,0.0002382654276864427,0.00037441710065012424,578,647,69,3,4,4,10,6,254,459,655
470,8,214,499,959,460,21,34,453,550,97,0.00017018959120460194,0.0019741992579733825,544,876,332,3,4,4,9,2,168,22,69
471,39,239,766,968,202,74,74,799,799,0,0.0005446066918547262,0.0028932230504782326,719,915,196,3,3,3,9,4,177,267,39
472,426,632,990,994,4,86,86,924,924,0,0.00707988699411144,0.009530617107457708,971,985,14,3,3,3,6,81,624,32,26
473,6,108,477,937,460,12,12,586,586,0,0.0002382654276864427,0.0002382654276864427,594,593,-1,4,4,4,2,1,934,474,341
474,169,169,927,927,0,186,186,912,912,0,0.0016338200755641784,0.0016338200755641784,853,853,0,-1,3,3,16,20,78,71,705
475,0,0,1,1,0,0,0,1,1,0,0.0,0.0,1,1,0,-1,-1,-1,17,1,112,573,235
476,45,147,740,909,169,90,90,623,623,0,0.00088498587426393,0.00088498587426393,779,780,1,4,4,4,17,10,73,413,486
477,0,0,1,1,0,0,0,1,1,0,0.0,0.0,1,1,0,-1,-1,-1,2,1,941,742,903
478,100,100,922,922,0,100,100,990,990,0,0.031178733108683073,0.032029681064706085,999,999,0,3,1,1,5,1,663,765,161
479,30,132,836,965,129,12,12,685,685,0,0.0007828721195411688,0.0008509479560230097,783,794,11,4,4,4,2,17,792,131,677
480,0,102,1,912,911,0,5,1,369,368,0.0,3.4037918240920386e-05,1,398,397,4,-1,5,3,0,725,834,315
481,2,2,373,373,0,3,3,374,374,0,0.00013615167296368154,0.00013615167296368154,537,537,0,-1,5,5,2,2,919,615,884
482,0,102,1,959,958,0,5,1,438,437,0.0,0.0011913271384322134,1,840,839,4,-1,5,3,1,852,787,281
483,18,634,694,999,305,12,22,671,804,133,0.0006126825283365669,0.0024166921951053475,739,911,172,2,4,3,2,6,609,376,173
484,44,250,729,958,229,86,86,644,644,0,0.00088498587426393,0.00176997174852786,775,865,90,3,3,3,14,10,122,272,146
485,0,102,1,902,901,0,11,1,366,365,0.0,0.00017018959120460194,1,547,546,4,-1,5,9,0,119,758,653
486,18,224,635,962,327,46,46,733,733,0,0.0012253650566731338,0.0038462847612240037,819,940,121,3,3,3,6,3,419,559,26
487,2,2,377,377,0,3,3,381,381,0,0.00013615167296368154,0.00013615167296368154,527,527,0,-1,5,5,2,2,817,550,775
488,40,656,729,991,262,124,124,777,777,0,0.0007488342013002485,0.0012253650566731338,757,832,75,2,3,3,14,4,127,246,722
489,0,102,1,921,920,0,7,1,412,411,0.0,0.00017018959120460194,1,537,536,4,-1,5,4,0,787,966,567
490,0,0,1,1,0,0,0,1,1,0,0.0,0.0,1,1,0,-1,-1,-1,5,0,463,851,868
491,0,101,1,948,947,0,3,1,329,328,0.0,0.0,1,1,0,6,-1,7,3,0,911,754,331
492,0,206,1,956,955,0,25,1,503,502,0.0,0.0006467204465774873,1,734,733,3,-1,4,7,0,321,778,250
493,0,0,1,1,0,0,0,1,1,0,0.0,0.0,1,1,0,-1,-1,-1,2,0,972,611,349
494,12,114,543,908,365,20,20,469,469,0,3.4037918240920386e-05,0.00030634126416828345,405,628,223,4,4,4,6,2,368,549,500
495,30,236,754,976,222,32,36,715,734,19,0.0002042275094455223,0.0014295925661186562,566,854,288,3,3,3,5,6,565,107,397
496,52,52,811,811,0,68,68,817,817,0,0.0008169100377820892,0.0008169100377820892,776,776,0,-1,3,3,8,11,468,193,846
497,0,0,1,1,0,0,0,1,1,0,0.0,0.0,1,1,0,-1,-1,-1,11,0,167,638,445
498,2,103,386,959,573,4,4,391,391,0,0.0,0.0,1,1,0,6,5,5,3,2,852,509,606
499,0,102,1,927,926,0,7,1,384,383,0.0,0.00010211375472276115,1,482,481,4,-1,5,5,0,463,969,406
500,0,0,1,1,0,0,0,1,1,0,0.0,0.0,1,1,0,-1,-1,-1,3,0,485,423,738
501,6,108,453,928,475,10,10,461,461,0,6.807583648184077e-05,0.000442492937131965,457,702,245,4,4,4,3,4,819,512,613
502,70,70,848,848,0,94,94,856,856,0,0.0018040096667687805,0.0018040096667687805,869,869,0,-1,3,3,9,11,180,166,848
503,23,23,669,669,0,38,38,639,639,0,0.00030634126416828345,0.00030634126416828345,635,635,0,-1,3,3,6,3,312,458,674
504,13,115,688,964,276,4,4,468,468,0,0.0005786446100956465,0.0018040096667687805,748,888,140,4,5,5,2,9,995,198,13
505,142,348,900,976,76,214,214,893,893,0,0.0023486163586235067,0.0026549576227917903,894,903,9,3,3,3,19,17,11,45,704
506,8,8,507,507,0,23,23,478,478,0,0.00010211375472276115,0.00010211375472276115,480,480,0,-1,4,4,8,3,282,829,946
507,0,206,1,954,953,0,22,1,415,414,0.0,0.0006126825283365669,1,734,733,3,-1,4,10,0,298,997,413
508,12,113,575,918,343,28,28,595,595,0,0.0006126825283365669,0.0006126825283365669,731,731,0,5,4,4,6,2,575,475,771
509,104,104,883,883,0,128,128,837,837,0,0.002110350930937064,0.002110350930937064,895,895,0,-1,3,3,13,17,67,45,800
510,0,616,1,993,992,0,40,1,476,475,0.0,0.0008509479560230097,1,768,767,2,-1,3,13,1,92,806,645
511,8,110,551,944,393,8,8,489,489,0,0.0,6.807583648184077e-05,1,439,438,4,4,4,2,4,733,581,270
512,0,0,1,1,0,0,0,1,1,0,0.0,0.0,1,1,0,-1,-1,-1,7,0,170,608,674
513,20,122,734,955,221,12,12,645,645,0,0.0006467204465774873,0.0010892133837094523,739,825,86,4,4,4,2,6,999,377,187
514,430,532,997,998,1,72,72,986,986,0,0.01773375540351952,0.018074134585928724,993,993,0,4,2,2,3,118,600,37,115
515,0,101,1,887,886,0,10,1,332,331,0.0,0.0,1,1,0,6,-1,7,10,0,437,773,469
516,12,12,503,503,0,28,28,429,429,0,3.4037918240920386e-05,3.4037918240920386e-05,406,406,0,-1,4,4,12,4,348,444,674
517,0,102,1,888,887,0,12,1,351,350,0.0,0.0,1,1,0,4,-1,5,11,0,224,826,749
518,16,222,614,973,359,24,24,634,634,0,0.00030634126416828345,0.0016338200755641784,632,859,227,3,4,4,4,6,762,368,87
519,0,102,1,932,931,0,4,1,405,404,0.0,0.0005105687736138058,1,711,710,4,-1,5,2,1,931,814,143
520,28,28,681,681,0,66,66,677,677,0,0.00034037918240920387,0.00034037918240920387,640,640,0,-1,3,3,10,3,82,519,608
521,20,226,617,955,338,52,52,537,537,0,0.00030634126416828345,0.0006467204465774873,622,732,110,3,3,3,13,3,90,214,610
522,7,109,500,911,411,22,22,476,476,0,6.807583648184077e-05,0.0002042275094455223,450,569,119,4,4,4,7,5,320,464,259
523,203,305,976,986,10,48,48,940,940,0,0.0053099152455835805,0.0053099152455835805,960,960,0,4,3,3,3,45,530,77,346
524,0,616,1,992,991,0,26,1,460,459,0.0,0.0011913271384322134,1,821,820,2,-1,3,10,0,527,940,526
525,0,0,1,1,0,0,0,1,1,0,0.0,0.0,1,1,0,-1,-1,-1,4,0,495,856,539
526,41,41,810,810,0,46,46,847,847,0,0.00088498587426393,0.00088498587426393,792,792,0,-1,3,3,5,6,386,232,971
527,2,103,349,888,539,11,11,349,349,0,0.0,0.0,1,1,0,6,5,5,10,1,114,540,765
528,0,101,1,872,871,0,15,1,330,329,0.0,3.4037918240920386e-05,1,396,395,5,-1,6,15,0,124,674,605
529,0,0,1,1,0,0,0,1,1,0,0.0,0.0,1,1,0,-1,-1,-1,7,0,221,445,954
530,38,38,692,692,0,182,182,870,870,0,0.0012253650566731338,0.0012253650566731338,838,838,0,-1,3,3,17,3,56,642,701
531,28,234,769,977,208,22,22,746,746,0,0.0013274788113958951,0.004288777698355968,855,946,91,3,3,3,2,4,971,281,74
532,36,242,784,975,191,56,56,833,833,0,0.0013955546478777359,0.002110350930937064,850,891,41,3,3,3,6,5,465,273,630
533,44,660,730,992,262,120,130,768,790,22,0.000442492937131965,0.0026549576227917903,680,910,230,2,3,3,15,4,0,470,65
534,0,0,1,1,0,0,0,1,1,0,0.0,0.0,1,1,0,-1,-1,-1,2,0,910,542,254
535,25,127,765,953,188,24,24,787,787,0,0.0006467204465774873,0.0013955546478777359,747,853,106,4,3,3,3,4,770,645,497
536,32,238,824,988,164,14,18,615,706,91,0.001055175465468532,0.006705469893461316,815,971,156,3,4,4,3,12,798,179,6
537,0,0,1,1,0,0,0,1,1,0,0.0,0.0,1,1,0,-1,-1,-1,9,1,126,660,967
538,0,101,1,891,890,0,14,1,332,331,0.0,3.4037918240920386e-05,1,405,404,5,-1,6,14,0,84,735,598
539,30,132,712,919,207,40,40,629,629,0,0.00034037918240920387,0.0007147962830593281,634,752,118,4,3,3,7,6,182,424,562
540,277,277,988,988,0,48,48,975,975,0,0.009939072126348753,0.009939072126348753,984,984,0,-1,3,3,3,78,576,9,906
541,25,127,698,924,226,40,40,634,634,0,0.0005105687736138058,0.0006467204465774873,701,749,48,4,3,3,7,5,216,562,521
542,0,0,1,1,0,0,0,1,1,0,0.0,0.0,1,1,0,-1,-1,-1,3,1,585,235,980
543,539,640,993,995,2,128,128,994,994,0,0.013479015623404473,0.013479015623404473,989,989,0,5,2,2,5,83,396,10,606
544,8,110,494,897,403,38,38,601,601,0,0.00013615167296368154,0.00017018959120460194,515,534,19,4,4,4,7,2,436,363,503
545,27,233,660,957,297,72,72,656,656,0,0.0004765308553728854,0.0006467204465774873,681,729,48,3,4,4,12,11,348,249,545
546,0,0,1,1,0,0,0,1,1,0,0.0,0.0,1,1,0,-1,-1,-1,3,0,718,588,985
547,0,0,1,1,0,0,0,1,1,0,0.0,0.0,1,1,0,-1,-1,-1,4,0,511,695,906
548,185,287,968,980,12,94,94,982,982,0,0.005854521937438306,0.006467204465774873,968,971,3,4,2,2,5,37,848,74,293
549,0,1640,1,1000,999,0,50,1,906,905,0.0,0.024269035705776234,1,996,995,1,-1,2,4,0,758,635,122
550,19,225,646,966,320,24,32,510,581,71,0.0005105687736138058,0.0008169100377820892,720,785,65,3,4,4,6,6,368,459,704
551,32,238,692,960,268,116,116,772,772,0,0.0004765308553728854,0.0005786446100956465,700,730,30,3,3,3,14,4,198,551,741
552,0,102,1,920,919,0,8,1,420,419,0.0,0.00013615167296368154,1,525,524,4,-1,5,4,0,755,889,339
553,7,7,509,509,0,18,18,503,503,0,3.4037918240920386e-05,3.4037918240920386e-05,410,410,0,-1,4,4,5,2,531,549,921
554,0,0,1,1,0,0,0,1,1,0,0.0,0.0,1,1,0,-1,-1,-1,14,1,172,456,914
555,20,122,761,963,202,12,12,661,661,0,0.001055175465468532,0.0014295925661186562,823,864,41,4,4,4,2,6,940,658,242
556,6,622,369,990,621,84,196,424,665,241,0.0,0.0018380475850097008,1,859,858,2,4,3,36,1,16,878,15
557,0,0,1,1,0,0,0,1,1,0,0.0,0.0,1,1,0,-1,-1,-1,3,0,808,367,725
558,0,616,1,998,997,0,34,1,803,802,0.0,0.013649205214609075,1,988,987,2,-1,3,4,3,597,746,2
559,0,0,1,1,0,0,0,1,1,0,0.0,0.0,1,1,0,-1,-1,-1,2,0,684,960,324
560,0,0,1,1,0,0,0,1,1,0,0.0,0.0,1,1,0,-1,-1,-1,7,0,359,723,979
561,57,159,792,917,125,120,120,787,787,0,0.0006467204465774873,0.0006807583648184077,724,728,4,4,2,2,15,3,102,291,435
562,84,186,864,951,87,140,140,926,926,0,0.0020422750944552232,0.002314578440382586,884,896,12,4,2,2,11,8,176,174,562
563,8,8,498,498,0,34,34,526,526,0,6.807583648184077e-05,6.807583648184077e-05,440,440,0,-1,4,4,9,3,367,300,916
564,0,206,1,962,961,0,32,1,613,612,0.0,0.003948398515946765,1,942,941,3,-1,4,6,3,352,882,31
565,3,104,416,907,491,9,9,392,392,0,0.0,0.00010211375472276115,1,482,481,5,5,5,5,3,377,563,662
566,0,206,1,979,978,0,7,1,493,492,0.0,0.0002723033459273631,1,640,639,3,-1,4,2,0,283,790,346
567,76,282,871,976,105,66,66,858,858,0,0.0011232513019503727,0.0018040096667687805,816,867,51,3,3,3,6,12,369,179,413
568,0,0,1,1,0,0,0,1,1,0,0.0,0.0,1,1,0,-1,-1,-1,10,0,355,678,358
569,0,0,1,1,0,0,0,1,1,0,0.0,0.0,1,1,0,-1,-1,-1,6,0,518,996,843
570,122,328,950,989,39,48,48,954,954,0,0.003982436434187685,0.004595118962524252,947,956,9,3,3,3,3,20,564,38,303
571,45,45,883,883,0,24,24,878,878,0,0.0013615167296368155,0.0013615167296368155,852,852,0,-1,3,3,3,15,730,137,776
572,17,17,755,755,0,12,12,728,728,0,0.0007147962830593281,0.0007147962830593281,774,774,0,-1,4,4,2,8,974,497,767
573,290,490,978,993,15,76,76,914,914,0,0.005684332346233704,0.008237176214302734,963,972,9,3,3,3,6,49,251,31,51
574,19,19,633,633,0,20,20,471,471,0,0.0002382654276864427,0.0002382654276864427,581,581,0,-1,4,4,6,6,514,229,643
575,2,104,373,950,577,4,5,374,406,32,3.4037918240920386e-05,0.0002042275094455223,400,587,187,4,5,5,3,2,854,615,683
576,9,215,552,970,418,8,8,438,438,0,0.00030634126416828345,0.0005105687736138058,621,693,72,3,4,4,2,4,769,278,249
577,52,153,847,957,110,58,58,939,939,0,0.0035739814152966403,0.0035739814152966403,930,930,0,5,2,2,4,5,787,306,899
578,2,104,347,882,535,21,21,375,375,0,3.4037918240920386e-05,0.00010211375472276115,394,475,81,4,5,5,14,1,332,734,627
579,172,274,944,969,25,118,118,944,944,0,0.0037441710065012424,0.003778208924742163,941,941,0,4,2,2,9,19,414,133,421
580,95,301,866,975,109,84,84,810,810,0,0.0013615167296368155,0.0018720855032506212,837,872,35,3,3,3,9,17,263,131,221
581,12,218,558,966,408,22,30,496,565,69,0.00017018959120460194,0.0006807583648184077,538,750,212,3,4,4,7,3,214,585,414
582,6,6,449,449,0,20,20,558,558,0,0.00034037918240920387,0.00034037918240920387,654,654,0,-1,4,4,4,2,542,670,693
583,1,1,333,333,0,10,10,333,333,0,0.0,0.0,1,1,0,-1,7,7,10,1,204,972,883
584,2,103,363,927,564,6,6,365,365,0,0.0,0.0,1,1,0,5,5,5,5,1,435,736,518
585,108,314,929,982,53,62,62,956,956,0,0.006773545729943157,0.008271214132543654,970,975,5,3,2,2,3,18,780,148,69
586,0,102,1,913,912,0,10,1,395,394,0.0,0.0002042275094455223,1,559,558,4,-1,5,6,0,575,638,182
587,0,206,1,970,969,0,12,1,435,434,0.0,6.807583648184077e-05,1,449,448,3,-1,4,5,0,561,921,305
588,2,208,362,966,604,5,10,362,448,86,0.0,0.00010211375472276115,1,473,472,3,5,4,4,1,832,763,791
589,128,230,914,960,46,120,120,881,881,0,0.0017018959120460194,0.0017359338302869397,870,870,0,4,2,2,11,15,224,92,575
590,0,0,1,1,0,0,0,1,1,0,0.0,0.0,1,1,0,-1,-1,-1,6,1,432,830,773
591,0,206,1,959,958,0,16,1,432,431,0.0,3.4037918240920386e-05,1,404,403,3,-1,4,6,0,368,987,454
592,118,220,894,956,62,118,118,832,832,0,0.0019061234214915416,0.0020082371762143027,872,880,8,4,3,3,13,20,113,49,694
593,22,22,646,646,0,80,80,766,766,0,0.0002723033459273631,0.0002723033459273631,608,608,0,-1,3,3,10,3,211,525,358
594,21,21,720,720,0,16,16,543,543,0,0.00034037918240920387,0.00034037918240920387,652,652,0,-1,4,4,4,8,619,417,742
595,14,14,564,564,0,32,32,508,508,0,0.0002042275094455223,0.0002042275094455223,562,562,0,-1,4,4,10,3,437,704,828
596,6,6,444,444,0,15,15,478,478,0,0.0,0.0,1,1,0,-1,4,4,6,1,764,623,887
597,16,222,595,964,369,36,36,609,609,0,0.00017018959120460194,0.0005105687736138058,548,703,155,3,3,3,7,1,216,666,328
598,6,108,456,935,479,8,8,473,473,0,0.00010211375472276115,0.0005786446100956465,496,735,239,4,4,4,2,1,643,334,217
599,26,26,733,733,0,24,24,638,638,0,0.0008169100377820892,0.0008169100377820892,791,791,0,-1,4,4,4,7,694,218,201
600,6,6,417,417,0,24,24,567,567,0,0.00010211375472276115,0.00010211375472276115,488,488,0,-1,4,4,6,2,446,384,897
601,206,822,953,997,44,134,134,937,937,0,0.00445896728956057,0.006535280302256714,945,964,19,2,3,3,9,24,164,8,68
602,44,250,768,966,198,52,52,623,623,0,0.0004084550188910446,0.0005105687736138058,676,703,27,3,3,3,9,7,287,422,182
603,23,23,722,722,0,34,34,773,773,0,0.00030634126416828345,0.00030634126416828345,637,637,0,-1,3,3,4,4,495,339,733
604,11,113,566,920,354,16,16,496,496,0,0.00013615167296368154,0.00013615167296368154,525,526,1,4,4,4,4,5,572,454,463
605,2,104,357,921,564,6,7,380,390,10,0.0,0.00017018959120460194,1,554,553,4,5,5,4,3,755,484,453
606,0,0,1,1,0,0,0,1,1,0,0.0,0.0,1,1,0,-1,-1,-1,2,0,760,858,969
607,0,206,1,975,974,0,10,1,499,498,0.0,0.0014295925661186562,1,861,860,3,-1,4,3,0,568,932,63
608,51,51,840,840,0,46,46,851,851,0,0.0007488342013002485,0.0007488342013002485,782,782,0,-1,3,3,5,9,412,198,529
609,6,212,427,968,541,14,18,499,608,109,0.0005786446100956465,0.002757071377514551,726,918,192,3,4,4,3,1,778,500,74
610,44,146,833,951,118,30,30,759,759,0,0.0008169100377820892,0.0014636304843595766,794,857,63,4,3,3,4,8,682,264,376
611,9,215,521,962,441,30,30,540,540,0,6.807583648184077e-05,0.00013615167296368154,452,525,73,3,4,4,7,4,678,220,395
612,8,8,570,570,0,9,9,511,511,0,6.807583648184077e-05,6.807583648184077e-05,446,446,0,-1,4,4,3,2,642,430,650
613,0,206,1,943,942,0,45,1,460,459,0.0,0.00010211375472276115,1,481,480,3,-1,4,15,1,37,693,132
614,2,2,355,355,0,11,11,381,381,0,0.0,0.0,1,1,0,-1,5,5,7,1,417,896,426
615,0,0,1,1,0,0,0,1,1,0,0.0,0.0,1,1,0,-1,-1,-1,5,3,663,348,747
616,2,2,355,355,0,11,11,355,355,0,0.0,0.0,1,1,0,-1,5,5,10,1,149,763,832
617,0,0,1,1,0,0,0,1,1,0,0.0,0.0,1,1,0,-1,-1,-1,10,3,437,348,569
618,22,123,739,949,210,22,22,775,775,0,0.0005105687736138058,0.0005446066918547262,710,725,15,5,3,3,2,3,931,795,602
619,0,102,1,922,921,0,7,1,392,391,0.0,6.807583648184077e-05,1,446,445,4,-1,5,4,0,532,574,710
620,0,0,1,1,0,0,0,1,1,0,0.0,0.0,1,1,0,-1,-1,-1,2,0,942,698,880
621,7,213,536,972,436,10,18,484,630,146,3.4037918240920386e-05,0.003778208924742163,403,940,537,3,4,4,3,3,923,373,16
622,2,104,360,918,558,4,6,361,393,32,0.00010211375472276115,0.0007828721195411688,485,773,288,4,5,5,3,1,808,781,120
623,42,248,788,970,182,52,52,723,723,0,0.0007828721195411688,0.0017359338302869397,775,870,95,3,3,3,7,6,273,192,397
624,48,48,749,749,0,134,134,773,773,0,0.0005105687736138058,0.0005105687736138058,699,699,0,-1,3,3,17,5,73,619,921
625,1,1,333,333,0,11,11,333,333,0,0.0,0.0,1,1,0,-1,7,7,11,3,162,626,936
626,6,108,411,899,488,32,32,500,500,0,0.0002042275094455223,0.0002042275094455223,573,573,0,4,4,4,10,2,258,648,449
627,100,100,885,885,0,100,100,925,925,0,0.023690391095680587,0.023894618605126112,996,996,0,3,1,1,7,18,209,63,149
628,2,103,369,925,556,5,5,395,395,0,0.0,0.0,1,1,0,6,5,5,3,1,636,421,595
629,0,102,1,938,937,0,5,1,399,398,0.0,0.0002382654276864427,1,604,603,4,-1,5,3,0,590,825,727
630,0,102,1,966,965,0,4,1,443,442,0.0,0.00017018959120460194,1,551,550,4,-1,5,2,0,968,985,80
631,6,212,418,960,542,20,36,445,537,92,3.4037918240920386e-05,0.0007488342013002485,405,756,351,3,4,4,8,2,231,575,161
632,0,102,1,912,911,0,8,1,399,398,0.0,0.0002042275094455223,1,583,582,4,-1,5,4,0,622,635,328
633,0,0,1,1,0,0,0,1,1,0,0.0,0.0,1,1,0,-1,-1,-1,6,0,405,855,538
634,6,212,444,969,525,16,20,544,595,51,0.00013615167296368154,0.0016678579938050988,516,858,342,3,4,4,4,2,740,670,147
635,64,680,854,997,143,68,68,910,910,0,0.0019741992579733825,0.0031314884781646754,882,927,45,2,2,2,6,7,606,115,178
636,0,102,1,883,882,0,13,1,350,349,0.0,0.0,1,1,0,4,-1,5,12,0,116,565,598
637,488,488,997,997,0,80,80,997,997,0,0.027843017121072875,0.027843017121072875,998,998,0,-1,2,2,2,118,802,37,772
638,0,206,1,934,933,0,64,1,429,428,0.0,0.00034037918240920387,1,620,619,3,-1,4,23,2,15,431,162
639,42,143,760,922,162,126,126,903,903,0,0.0015317063208414173,0.0015317063208414173,861,861,0,5,3,3,11,5,234,393,676
640,29,645,708,996,288,46,56,673,752,79,0.00037441710065012424,0.002110350930937064,662,891,229,2,3,3,6,7,157,371,146
641,10,10,602,602,0,18,18,668,668,0,0.0005786446100956465,0.0005786446100956465,735,735,0,-1,4,4,3,3,814,351,745
642,0,101,1,893,892,0,9,1,332,331,0.0,0.0,1,1,0,5,-1,6,9,0,319,932,265
643,0,101,1,958,957,0,2,1,331,330,0.0,0.00034037918240920387,1,668,667,5,-1,6,2,0,963,998,465
644,20,121,663,936,273,20,20,553,553,0,0.0002723033459273631,0.0002723033459273631,603,603,0,7,4,4,4,6,822,258,344
645,0,101,1,933,932,0,2,1,332,331,0.0,0.0,1,1,0,6,-1,7,2,0,589,766,656
646,0,0,1,1,0,0,0,1,1,0,0.0,0.0,1,1,0,-1,-1,-1,6,0,470,702,815
647,1,1,333,333,0,3,3,333,333,0,3.4037918240920386e-05,3.4037918240920386e-05,396,396,0,-1,6,6,3,1,592,861,910
648,6,212,453,973,520,12,16,487,546,59,0.00017018959120460194,0.0004084550188910446,543,681,138,3,4,4,4,1,401,958,212
649,0,0,1,1,0,0,0,1,1,0,0.0,0.0,1,1,0,-1,-1,-1,10,0,128,367,715
650,49,49,796,796,0,78,78,697,697,0,0.0008169100377820892,0.0008169100377820892,776,776,0,-1,3,3,12,13,106,120,668
651,0,0,1,1,0,0,0,1,1,0,0.0,0.0,1,1,0,-1,-1,-1,8,0,317,813,974
652,0,0,1,1,0,0,0,1,1,0,0.0,0.0,1,1,0,-1,-1,-1,6,0,455,850,830
653,1,1,332,332,0,3,3,332,332,0,0.0,0.0,1,1,0,-1,6,6,3,1,927,140,965
654,6,108,417,909,492,13,13,424,424,0,3.4037918240920386e-05,6.807583648184077e-05,393,444,51,4,4,4,5,1,818,463,534
655,2,104,362,920,558,6,7,377,384,7,0.0,0.000442492937131965,1,696,695,4,5,5,4,1,709,763,473
656,0,102,1,928,927,0,5,1,366,365,0.0,6.807583648184077e-05,1,459,458,4,-1,5,4,1,462,705,563
657,0,206,1,978,977,0,8,1,507,506,0.0,0.0005105687736138058,1,721,720,3,-1,4,2,0,939,604,375
658,73,279,872,979,107,52,52,835,835,0,0.0009190237925048504,0.001157289220191293,802,829,27,3,3,3,6,17,522,131,236
659,2,104,355,915,560,3,4,355,380,25,0.0,0.0002042275094455223,1,577,576,4,5,5,2,1,769,337,263
660,0,102,1,915,914,0,5,1,360,359,0.0,3.4037918240920386e-05,1,400,399,4,-1,5,4,0,444,973,575
661,6,212,412,961,549,18,26,439,496,57,0.00010211375472276115,0.0005446066918547262,475,712,237,3,4,4,7,1,366,607,295
662,8,8,513,513,0,46,46,616,616,0,0.0002723033459273631,0.0002723033459273631,618,618,0,-1,4,4,9,3,119,263,953
663,0,206,1,969,968,0,10,1,460,459,0.0,0.0006807583648184077,1,755,754,3,-1,4,3,0,819,542,139
664,6,212,410,958,548,21,26,439,488,49,0.00017018959120460194,0.0010211375472276116,538,802,264,3,4,4,9,2,319,805,62
665,0,102,1,941,940,0,4,1,423,422,0.0,0.0010892133837094523,1,832,831,4,-1,5,2,0,817,839,129
666,0,0,1,1,0,0,0,1,1,0,0.0,0.0,1,1,0,-1,-1,-1,9,1,217,513,806
667,4,106,439,927,488,5,5,384,384,0,0.00017018959120460194,0.0002382654276864427,556,601,45,4,5,5,3,2,621,579,260
668,0,102,1,943,942,0,4,1,427,426,0.0,0.00010211375472276115,1,509,508,4,-1,5,2,0,802,944,420
669,0,102,1,885,884,0,17,1,384,383,0.0,0.0002723033459273631,1,607,606,4,-1,5,10,0,189,571,795
670,16,16,617,617,0,20,20,695,695,0,0.0002382654276864427,0.0002382654276864427,585,585,0,-1,3,3,3,1,927,609,730
671,0,102,1,888,887,0,14,1,380,379,0.0,0.00013615167296368154,1,517,516,4,-1,5,9,1,208,742,220
672,2,104,355,907,552,9,9,386,386,0,0.0,6.807583648184077e-05,1,451,450,4,5,5,6,3,275,466,443
673,6,6,456,456,0,20,20,625,625,0,0.00017018959120460194,0.00017018959120460194,544,544,0,-1,4,4,4,1,635,904,856
674,43,659,725,991,266,88,122,571,713,142,0.0002723033459273631,0.0023486163586235067,603,898,295,2,3,3,19,7,148,188,387
675,0,1640,1,1000,999,0,72,1,921,920,0.0,0.019912182170938427,1,994,993,1,-1,2,6,0,399,611,75
676,30,236,810,984,174,12,12,678,678,0,0.0009870996289866913,0.0011913271384322134,823,843,20,3,4,4,2,6,895,194,381
677,1,103,333,919,586,5,9,333,400,67,0.0,0.0008509479560230097,1,789,788,4,6,5,5,1,616,703,184
678,0,0,1,1,0,0,0,1,1,0,0.0,0.0,1,1,0,-1,-1,-1,13,0,113,923,773
679,32,238,732,968,236,42,46,602,646,44,0.0004084550188910446,0.001055175465468532,672,808,136,3,4,4,9,9,339,211,131
680,6,108,493,950,457,8,8,520,520,0,0.00013615167296368154,0.0007828721195411688,520,778,258,4,4,4,2,1,999,420,113
681,6,622,374,990,616,35,96,387,582,195,0.0,0.0005446066918547262,1,700,699,2,4,3,19,1,89,687,642
682,18,634,636,994,358,78,78,868,868,0,0.0009190237925048504,0.0017359338302869397,796,871,75,2,3,3,8,3,158,559,616
683,84,84,851,851,0,110,110,883,883,0,0.0013274788113958951,0.0013274788113958951,833,833,0,-1,2,2,10,8,109,187,356
684,264,264,968,968,0,190,190,984,984,0,0.00616086320160659,0.00616086320160659,963,963,0,-1,2,2,11,31,271,34,950
685,0,102,1,894,893,0,14,1,382,381,0.0,3.4037918240920386e-05,1,408,407,4,-1,5,9,0,803,834,434
686,0,0,1,1,0,0,0,1,1,0,0.0,0.0,1,1,0,-1,-1,-1,2,2,999,775,712
687,1,617,333,994,661,10,35,333,520,187,0.0,0.0011232513019503727,1,807,806,2,6,3,10,1,258,924,378
688,21,227,681,967,286,76,76,881,881,0,0.0010211375472276116,0.0011913271384322134,808,824,16,3,3,3,6,5,345,355,149
689,54,54,781,781,0,134,134,811,811,0,0.0009870996289866913,0.0009870996289866913,794,794,0,-1,3,3,14,8,85,264,548
690,0,101,1,957,956,0,2,1,331,330,0.0,0.0,1,1,0,5,-1,6,2,0,666,978,320
691,41,142,808,948,140,28,28,731,731,0,0.002586881786309949,0.002586881786309949,911,911,0,6,3,3,3,6,927,73,344
692,3,104,458,950,492,6,6,447,447,0,0.0,0.0,1,1,0,5,5,5,3,2,707,724,373
693,28,129,707,924,217,46,46,651,651,0,0.0002382654276864427,0.0002382654276864427,590,590,0,5,3,3,8,6,301,447,703
694,6,107,433,916,483,32,32,640,640,0,0.00037441710065012424,0.00037441710065012424,673,673,0,5,4,4,6,1,295,741,597
695,10,112,552,918,366,18,18,511,511,0,0.0002042275094455223,0.0004084550188910446,563,675,112,4,4,4,5,3,667,536,622
696,32,32,744,744,0,32,32,640,640,0,0.0004084550188910446,0.0004084550188910446,669,669,0,-1,4,4,6,8,556,286,802
697,22,124,673,924,251,52,52,753,753,0,0.0002382654276864427,0.0004765308553728854,588,692,104,4,3,3,7,2,336,634,636
698,0,0,1,1,0,0,0,1,1,0,0.0,0.0,1,1,0,-1,-1,-1,5,0,557,514,851
699,30,30,747,747,0,24,24,620,620,0,0.0006467204465774873,0.0006467204465774873,747,747,0,-1,4,4,4,7,622,422,324
700,23,639,671,996,325,46,84,616,805,189,0.00037441710065012424,0.010245413390517035,671,982,311,2,4,3,9,11,119,249,11
701,12,114,513,900,387,24,24,450,450,0,3.4037918240920386e-05,6.807583648184077e-05,401,443,42,4,4,4,9,3,178,761,563
702,0,102,1,904,903,0,12,1,406,405,0.0,0.0005105687736138058,1,708,707,4,-1,5,7,0,305,881,284
703,0,102,1,898,897,0,12,1,381,380,0.0,0.00010211375472276115,1,493,492,4,-1,5,8,1,499,787,809
704,0,101,1,931,930,0,3,1,331,330,0.0,0.0,1,1,0,5,-1,6,3,2,745,752,430
705,46,147,894,980,86,42,42,985,985,0,0.0061949011198475104,0.0061949011198475104,970,970,0,5,2,2,2,5,884,283,593
706,37,139,837,957,120,18,18,731,731,0,0.0013955546478777359,0.0015317063208414173,863,865,2,4,4,4,3,12,683,163,553
707,8,110,611,960,349,12,12,728,728,0,0.00030634126416828345,0.0009190237925048504,650,812,162,4,4,4,2,5,974,722,116
708,0,0,1,1,0,0,0,1,1,0,0.0,0.0,1,1,0,-1,-1,-1,6,1,514,852,750
709,1,103,332,935,603,4,8,332,455,123,3.4037918240920386e-05,0.0004084550188910446,404,693,289,4,6,5,4,1,728,788,103
710,16,118,544,899,355,63,63,538,538,0,3.4037918240920386e-05,3.4037918240920386e-05,399,399,0,4,4,4,16,5,78,350,357
711,0,102,1,917,916,0,8,1,407,406,0.0,0.0005446066918547262,1,723,722,4,-1,5,4,0,700,986,99
712,1,1,333,333,0,4,4,333,333,0,0.0,0.0,1,1,0,-1,6,6,4,1,410,640,702
713,8,214,541,973,432,10,14,484,555,71,0.00017018959120460194,0.0007488342013002485,550,773,223,3,4,4,3,3,831,121,216
714,60,60,832,832,0,64,64,764,764,0,0.0007488342013002485,0.0007488342013002485,765,765,0,-1,3,3,8,6,499,194,702
715,0,206,1,954,953,0,29,1,466,465,0.0,0.0006467204465774873,1,725,724,3,-1,4,11,0,271,851,161
716,6,6,440,440,0,30,30,583,583,0,0.00013615167296368154,0.00013615167296368154,520,520,0,-1,4,4,7,2,698,493,888
717,46,252,772,966,194,76,76,714,714,0,0.0006807583648184077,0.0009530617107457708,730,780,50,3,3,3,11,6,163,136,482
718,0,1640,1,1000,999,0,75,1,697,696,0.0,0.009462541270975866,1,977,976,1,-1,2,11,0,279,745,211
719,9,111,595,949,354,6,6,453,453,0,0.00010211375472276115,0.0004084550188910446,500,685,185,4,5,5,3,5,871,362,610
720,0,206,1,966,965,0,15,1,433,432,0.0,0.0004765308553728854,1,696,695,3,-1,4,6,1,470,767,302
721,3,105,468,961,493,4,4,391,391,0,3.4037918240920386e-05,0.00034037918240920387,405,660,255,4,5,5,3,3,852,761,177
722,0,206,1,963,962,0,16,1,471,470,0.0,0.0005105687736138058,1,717,716,3,-1,4,5,0,818,675,138
723,12,114,655,953,298,14,14,638,638,0,0.0006807583648184077,0.0008509479560230097,755,787,32,4,4,4,3,3,796,795,237
724,6,108,470,936,466,18,18,548,548,0,0.00013615167296368154,0.00034037918240920387,520,651,131,4,4,4,5,4,602,512,404
725,48,48,810,810,0,42,42,670,670,0,0.0006807583648184077,0.0006807583648184077,761,761,0,-1,3,3,6,9,368,245,906
726,254,356,959,977,18,278,278,960,960,0,0.004833384390210695,0.005105687736138058,952,956,4,4,2,2,19,29,148,142,279
727,405,507,996,997,1,48,48,950,950,0,0.013581129378127233,0.013649205214609075,990,990,0,4,3,3,3,118,708,37,443
728,0,616,1,990,989,0,88,1,558,557,0.0,0.0012594029749140542,1,828,827,2,-1,3,19,0,89,998,71
729,0,0,1,1,0,0,0,1,1,0,0.0,0.0,1,1,0,-1,-1,-1,9,0,367,997,554
730,88,294,854,971,117,90,90,783,783,0,0.001599782157323258,0.002110350930937064,861,888,27,3,3,3,10,13,206,183,150
731,7,108,519,925,406,26,26,631,631,0,0.00010211375472276115,0.00010211375472276115,482,482,0,6,4,4,5,4,551,305,924
732,22,638,656,994,338,34,48,527,639,112,0.00010211375472276115,0.0012253650566731338,479,825,346,2,4,3,9,6,166,486,290
733,96,96,884,884,0,72,72,852,852,0,0.002110350930937064,0.002110350930937064,891,891,0,-1,3,3,7,14,335,84,886
734,16,16,569,569,0,35,35,517,517,0,6.807583648184077e-05,6.807583648184077e-05,431,431,0,-1,3,3,11,1,248,661,587
735,30,30,705,705,0,50,50,596,596,0,0.0004765308553728854,0.0004765308553728854,691,691,0,-1,4,4,11,8,379,345,502
736,118,219,876,941,65,190,190,807,807,0,0.0017359338302869397,0.0017359338302869397,859,859,0,8,2,2,23,11,57,316,647
737,0,0,1,1,0,0,0,1,1,0,0.0,0.0,1,1,0,-1,-1,-1,4,0,558,735,753
738,0,101,1,930,929,0,3,1,331,330,0.0,0.0,1,1,0,5,-1,6,3,0,833,831,764
739,0,102,1,970,969,0,4,1,470,469,0.0,0.0006126825283365669,1,743,742,4,-1,5,2,0,898,957,78
740,0,616,1,991,990,0,45,1,448,447,0.0,0.0018720855032506212,1,875,874,2,-1,3,17,0,112,941,500
741,12,114,675,963,288,14,14,684,684,0,0.0002042275094455223,0.0002723033459273631,581,625,44,4,4,4,3,6,730,275,599
742,1,102,332,951,619,2,2,332,332,0,3.4037918240920386e-05,0.00013615167296368154,402,523,121,5,6,6,2,2,702,495,420
743,0,206,1,946,945,0,52,1,487,486,0.0,0.0002723033459273631,1,601,600,3,-1,4,16,1,145,235,407
744,1,103,333,933,600,3,4,333,370,37,0.0,0.0,1,1,0,4,7,5,3,1,615,765,534
745,0,0,1,1,0,0,0,1,1,0,0.0,0.0,1,1,0,-1,-1,-1,9,0,330,520,751
746,24,230,645,954,309,48,52,527,542,15,0.0002723033459273631,0.00034037918240920387,613,635,22,3,4,4,12,6,44,258,509
747,87,87,888,888,0,44,44,828,828,0,0.0026209197045508697,0.0026209197045508697,910,910,0,-1,3,3,4,17,391,85,852
748,0,206,1,964,963,0,20,1,564,563,0.0,0.0026209197045508697,1,908,907,3,-1,4,4,0,391,944,102
749,68,274,851,976,125,46,46,748,748,0,0.001055175465468532,0.0025188059498281084,818,906,88,3,3,3,6,12,266,155,261
750,0,101,1,944,943,0,2,1,331,330,0.0,0.0,1,1,0,5,-1,6,2,3,910,746,421
751,0,102,1,900,899,0,11,1,378,377,0.0,0.00010211375472276115,1,475,474,4,-1,5,8,0,454,695,223
752,0,0,1,1,0,0,0,1,1,0,0.0,0.0,1,1,0,-1,-1,-1,5,0,843,985,918
753,6,108,458,932,474,18,18,603,603,0,0.0002723033459273631,0.00037441710065012424,623,667,44,4,4,4,3,1,484,474,380
754,0,206,1,949,948,0,27,1,383,382,0.0,6.807583648184077e-05,1,444,443,3,-1,4,16,1,26,456,361
755,83,83,889,889,0,50,50,917,917,0,0.0011913271384322134,0.0011913271384322134,822,822,0,-1,3,3,4,12,520,159,910
756,8,110,523,928,405,12,12,462,462,0,3.4037918240920386e-05,6.807583648184077e-05,401,440,39,4,4,4,4,3,700,585,321
757,15,15,695,695,0,13,13,656,656,0,6.807583648184077e-05,6.807583648184077e-05,449,449,0,-1,4,4,3,4,984,164,947
758,2,103,357,896,539,11,11,371,371,0,0.0,0.0,1,1,0,5,5,5,8,3,297,748,526
759,8,110,510,914,404,28,28,559,559,0,0.00010211375472276115,0.0002382654276864427,481,602,121,4,4,4,6,2,345,791,86
760,2,104,353,912,559,6,7,333,353,20,0.0,6.807583648184077e-05,1,452,451,4,6,5,6,5,352,605,799
761,78,179,839,934,95,88,88,687,687,0,0.0007488342013002485,0.0007488342013002485,766,766,0,5,3,3,12,9,239,294,337
762,6,212,411,960,549,15,24,430,503,73,0.0,0.00088498587426393,1,791,790,3,4,4,6,3,560,578,355
763,12,12,603,603,0,15,15,570,570,0,0.0002042275094455223,0.0002042275094455223,592,592,0,-1,4,4,4,6,777,107,957
764,9,111,561,931,370,18,18,528,528,0,0.00013615167296368154,0.0002382654276864427,512,594,82,4,4,4,5,3,533,301,239
765,7,109,491,901,410,44,44,583,583,0,0.0002042275094455223,0.0002723033459273631,561,609,48,4,4,4,8,4,231,305,755
766,18,120,637,929,292,32,32,638,638,0,0.00034037918240920387,0.0005446066918547262,632,719,87,4,4,4,6,6,515,247,315
767,6,107,430,912,482,20,20,497,497,0,0.0,3.4037918240920386e-05,1,406,405,5,4,4,6,1,402,873,781
768,0,206,1,959,958,0,17,1,443,442,0.0,0.0002382654276864427,1,591,590,3,-1,4,7,1,320,539,178
769,4,4,444,444,0,8,8,441,441,0,3.4037918240920386e-05,3.4037918240920386e-05,412,412,0,-1,5,5,4,3,597,361,947
770,6,108,537,962,425,12,12,732,732,0,0.0004765308553728854,0.0007488342013002485,708,779,71,4,4,4,2,1,481,480,52
771,78,78,825,825,0,150,150,819,819,0,0.001157289220191293,0.001157289220191293,816,816,0,-1,2,2,15,5,51,178,957
772,26,128,707,926,219,52,52,730,730,0,0.00030634126416828345,0.0007147962830593281,612,747,135,4,3,3,7,4,450,328,296
773,6,212,426,965,539,18,22,447,476,29,0.00010211375472276115,0.0007828721195411688,480,764,284,3,4,4,7,2,398,384,92
774,0,101,1,942,941,0,2,1,331,330,0.0,0.0,1,1,0,5,-1,6,2,0,919,855,320
775,0,102,1,957,956,0,5,1,419,418,0.0,0.00034037918240920387,1,653,652,4,-1,5,3,0,922,921,519
776,14,116,572,914,342,34,34,588,588,0,0.00010211375472276115,0.00034037918240920387,474,647,173,4,4,4,7,3,324,248,202
777,3,209,413,968,555,7,22,375,580,205,3.4037918240920386e-05,0.003948398515946765,406,947,541,3,5,4,5,2,692,430,16
778,0,102,1,901,900,0,10,1,362,361,0.0,6.807583648184077e-05,1,428,427,4,-1,5,8,1,521,513,468
779,66,168,832,944,112,94,94,838,838,0,0.001157289220191293,0.0011913271384322134,815,818,3,4,2,2,9,6,147,658,799
780,6,212,379,946,567,44,59,408,473,65,3.4037918240920386e-05,0.000442492937131965,394,673,279,3,4,4,21,2,1,662,187
781,16,118,573,905,332,74,74,763,763,0,0.0004765308553728854,0.0005446066918547262,706,722,16,4,3,3,9,1,208,452,719
782,1,102,333,940,607,2,2,333,333,0,3.4037918240920386e-05,0.00010211375472276115,403,495,92,5,6,6,2,2,924,292,464
783,42,42,795,795,0,34,34,699,699,0,0.00034037918240920387,0.00034037918240920387,648,648,0,-1,3,3,4,8,448,286,701
784,0,0,1,1,0,0,0,1,1,0,0.0,0.0,1,1,0,-1,-1,-1,5,0,421,985,751
785,0,102,1,905,904,0,8,1,372,371,0.0,3.4037918240920386e-05,1,404,403,4,-1,5,6,0,526,976,313
786,55,157,840,959,119,24,24,661,661,0,0.0011913271384322134,0.0011913271384322134,834,834,0,4,4,4,4,18,453,148,334
787,0,0,1,1,0,0,0,1,1,0,0.0,0.0,1,1,0,-1,-1,-1,2,0,609,951,944
788,0,206,1,954,953,0,32,1,474,473,0.0,0.0007147962830593281,1,749,748,3,-1,4,10,0,298,604,59
789,2,2,359,359,0,8,8,414,414,0,3.4037918240920386e-05,3.4037918240920386e-05,400,400,0,-1,5,5,4,2,736,215,604
790,68,170,871,961,90,22,22,741,741,0,0.002382654276864427,0.002552843868069029,911,916,5,4,3,3,2,12,905,104,413
791,0,616,1,992,991,0,76,1,636,635,0.0,0.004016474352428605,1,935,934,2,-1,3,15,0,110,754,57
792,26,127,823,972,149,12,12,713,713,0,0.0005786446100956465,0.0006467204465774873,736,747,11,5,4,4,2,8,963,204,342
793,0,0,1,1,0,0,0,1,1,0,0.0,0.0,1,1,0,-1,-1,-1,2,0,813,982,372
794,0,0,1,1,0,0,0,1,1,0,0.0,0.0,1,1,0,-1,-1,-1,5,0,496,960,542
795,18,120,745,965,220,12,12,661,661,0,0.00034037918240920387,0.0007147962830593281,667,765,98,4,4,4,2,6,742,494,46
796,4,105,483,952,469,4,4,434,434,0,0.0005105687736138058,0.0005786446100956465,713,730,17,5,5,5,2,3,830,209,460
797,6,212,418,960,542,17,18,425,430,5,3.4037918240920386e-05,0.00030634126416828345,390,632,242,3,4,4,8,2,301,597,795
798,0,0,1,1,0,0,0,1,1,0,0.0,0.0,1,1,0,-1,-1,-1,8,0,350,867,730
799,2,2,360,360,0,9,9,369,369,0,0.00010211375472276115,0.00010211375472276115,484,484,0,-1,5,5,7,1,400,931,944
800,2,2,349,349,0,7,7,350,350,0,0.00010211375472276115,0.00010211375472276115,477,477,0,-1,5,5,6,1,341,543,882
801,0,101,1,942,941,0,2,1,328,327,0.0,3.4037918240920386e-05,1,410,409,5,-1,6,2,0,919,664,530
802,16,222,618,971,353,26,26,604,604,0,0.00037441710065012424,0.0020082371762143027,652,877,225,3,4,4,5,9,528,29,94
803,265,471,984,997,13,32,32,912,912,0,0.006875659484665918,0.007794683277170768,972,974,2,3,3,3,2,61,976,14,335
804,2,2,359,359,0,4,4,393,393,0,6.807583648184077e-05,6.807583648184077e-05,438,438,0,-1,5,5,2,1,828,265,568
805,152,358,926,976,50,106,106,834,834,0,0.001599782157323258,0.0022465026039007454,854,887,33,3,3,3,11,20,215,71,216
806,24,230,649,963,314,58,58,591,591,0,0.0007828721195411688,0.0009870996289866913,767,798,31,3,4,4,11,5,188,308,453
807,14,116,617,934,317,18,18,545,545,0,6.807583648184077e-05,0.00010211375472276115,446,478,32,4,4,4,5,6,765,447,561
808,0,0,1,1,0,0,0,1,1,0,0.0,0.0,1,1,0,-1,-1,-1,2,0,609,986,445
809,86,86,866,866,0,70,70,745,745,0,0.0015657442390823377,0.0015657442390823377,845,845,0,-1,3,3,10,17,437,96,426
810,0,206,1,971,970,0,14,1,537,536,0.0,0.0011913271384322134,1,835,834,3,-1,4,3,0,621,980,84
811,86,86,880,880,0,34,34,703,703,0,0.0015317063208414173,0.0015317063208414173,855,855,0,-1,3,3,4,17,540,96,678
812,0,0,1,1,0,0,0,1,1,0,0.0,0.0,1,1,0,-1,-1,-1,11,1,66,583,814
813,24,126,724,943,219,32,32,749,749,0,0.00013615167296368154,0.0007828721195411688,531,782,251,4,3,3,5,3,795,385,143
814,19,19,797,797,0,8,8,589,589,0,0.0004765308553728854,0.0004765308553728854,726,726,0,-1,4,4,2,7,788,150,888
815,0,206,1,960,959,0,28,1,497,496,0.0,0.0004765308553728854,1,694,693,3,-1,4,10,0,427,867,589
816,43,145,831,955,124,44,44,869,869,0,0.002552843868069029,0.0026549576227917903,907,912,5,4,3,3,4,6,578,73,305
817,41,41,874,874,0,14,14,682,682,0,0.001497668402600497,0.001497668402600497,869,869,0,-1,4,4,3,18,668,82,883
818,15,116,705,965,260,14,14,676,676,0,0.0005105687736138058,0.0005105687736138058,709,709,0,9,4,4,3,6,875,490,857
819,16,118,544,899,355,84,84,663,663,0,0.0002042275094455223,0.0002042275094455223,560,560,0,4,3,3,14,1,47,110,225
820,32,32,778,778,0,50,50,859,859,0,0.0009190237925048504,0.0009190237925048504,794,794,0,-1,3,3,5,4,720,143,834
821,145,345,956,991,35,22,22,777,777,0,0.0038462847612240037,0.009190237925048503,932,984,52,3,3,3,2,35,926,57,18
822,0,102,1,967,966,0,4,1,522,521,0.0,0.0002723033459273631,1,635,634,4,-1,5,2,0,933,994,253
823,6,6,382,382,0,60,60,454,454,0,0.0,0.0,1,1,0,-1,4,4,22,1,22,618,729
824,0,101,1,942,941,0,2,1,332,331,0.0,0.0,1,1,0,6,-1,7,2,1,964,513,344
825,2,208,375,976,601,5,18,401,694,293,0.0,0.006569318220497634,1,971,970,3,5,4,3,1,862,506,7
826,13,13,612,612,0,26,26,673,673,0,0.00030634126416828345,0.00030634126416828345,624,624,0,-1,4,4,5,4,463,339,844
827,0,616,1,986,985,0,124,1,549,548,0.0,0.0009870996289866913,1,795,794,2,-1,3,35,0,20,205,147
828,1,103,333,923,590,4,6,333,386,53,0.0,0.00010211375472276115,1,491,490,4,6,5,4,3,631,460,584
829,61,267,845,976,131,46,46,737,737,0,0.0008169100377820892,0.0008509479560230097,781,782,1,3,3,3,6,15,345,219,259
830,0,206,1,972,971,0,9,1,473,472,0.0,0.00030634126416828345,1,632,631,3,-1,4,3,0,842,201,283
831,1,103,332,960,628,2,3,332,390,58,3.4037918240920386e-05,0.0002042275094455223,413,585,172,4,6,5,2,2,996,495,285
832,100,100,873,873,0,100,100,865,865,0,0.014568229007113924,0.014568229007113924,989,989,0,-1,1,1,11,3,248,563,828
833,104,310,889,977,88,70,70,769,769,0,0.0020082371762143027,0.003710133088260322,880,940,60,3,3,3,9,17,414,60,69
834,0,102,1,926,925,0,5,1,386,385,0.0,0.0005786446100956465,1,732,731,4,-1,5,3,0,923,902,172
835,52,258,701,952,251,314,314,831,831,0,0.0007828721195411688,0.0008509479560230097,754,769,15,3,2,2,33,4,9,288,258
836,2,2,354,354,0,6,6,390,390,0,6.807583648184077e-05,6.807583648184077e-05,449,449,0,-1,5,5,3,2,459,419,808
837,0,0,1,1,0,0,0,1,1,0,0.0,0.0,1,1,0,-1,-1,-1,23,0,57,821,554
838,0,101,1,892,891,0,9,1,331,330,0.0,0.0,1,1,0,6,-1,7,9,0,147,515,448
839,98,304,872,973,101,122,122,914,914,0,0.0018380475850097008,0.0020082371762143027,870,879,9,3,2,2,11,11,333,83,268
840,260,260,965,965,0,148,148,951,951,0,0.004901460226692535,0.004901460226692535,960,960,0,-1,2,2,9,24,159,8,945
841,100,202,908,967,59,34,34,729,729,0,0.002995336805200994,0.0030974505599237552,928,929,1,4,3,3,4,26,614,108,550
842,10,112,575,934,359,14,14,549,549,0,0.0002723033459273631,0.0004765308553728854,616,704,88,4,4,4,3,3,869,704,556
843,90,90,885,885,0,66,66,869,869,0,0.0021784267674189047,0.0021784267674189047,882,882,0,-1,3,3,6,12,98,58,358
844,18,120,681,941,260,18,18,673,673,0,0.0004084550188910446,0.0006807583648184077,670,756,86,4,4,4,3,4,901,545,52
845,28,234,700,970,270,46,46,676,676,0,0.0002723033459273631,0.0011232513019503727,613,821,208,3,3,3,6,3,378,318,415
846,8,8,498,498,0,26,26,476,476,0,0.00013615167296368154,0.00013615167296368154,507,507,0,-1,4,4,9,3,367,829,573
847,48,48,872,872,0,44,44,960,960,0,0.005514142755029102,0.005514142755029102,961,961,0,-1,2,2,3,3,718,307,975
848,0,0,1,1,0,0,0,1,1,0,0.0,0.0,1,1,0,-1,-1,-1,12,0,58,824,886
849,42,42,699,699,0,196,196,816,816,0,0.0006467204465774873,0.0006467204465774873,726,726,0,-1,2,2,21,2,74,101,201
850,0,0,1,1,0,0,0,1,1,0,0.0,0.0,1,1,0,-1,-1,-1,2,1,804,895,817
851,53,155,834,954,120,56,56,843,843,0,0.0012594029749140542,0.0013955546478777359,841,850,9,4,3,3,6,11,237,118,408
852,8,8,515,515,0,16,16,499,499,0,0.00013615167296368154,0.00013615167296368154,513,513,0,-1,4,4,4,2,822,724,883
853,16,117,594,917,323,26,26,657,657,0,0.0002723033459273631,0.0002723033459273631,608,608,0,5,3,3,4,2,493,575,374
854,0,0,1,1,0,0,0,1,1,0,0.0,0.0,1,1,0,-1,-1,-1,5,1,506,962,813
855,49,151,845,958,113,18,18,658,658,0,0.0007147962830593281,0.0009190237925048504,778,800,22,4,4,4,3,14,864,190,332
856,60,162,836,940,104,82,82,846,846,0,0.001055175465468532,0.0010892133837094523,811,816,5,4,2,2,7,5,591,283,552
857,24,126,648,902,254,80,80,744,744,0,0.0007828721195411688,0.0007828721195411688,756,756,0,4,3,3,10,4,298,407,364
858,50,50,841,841,0,44,44,877,877,0,0.0016678579938050988,0.0016678579938050988,863,863,0,-1,3,3,4,5,660,403,372
859,0,206,1,968,967,0,9,1,436,435,0.0,0.0002042275094455223,1,559,558,3,-1,4,3,0,778,796,700
860,6,212,433,970,537,13,18,452,514,62,0.00010211375472276115,0.00037441710065012424,477,666,189,3,4,4,5,2,290,518,80
861,0,206,1,941,940,0,33,1,390,389,0.0,0.00013615167296368154,1,504,503,3,-1,4,19,0,46,908,258
862,0,0,1,1,0,0,0,1,1,0,0.0,0.0,1,1,0,-1,-1,-1,3,0,791,588,957
863,0,101,1,938,937,0,3,1,331,330,0.0,0.0,1,1,0,5,-1,6,3,1,888,472,893
864,0,102,1,970,969,0,3,1,424,423,0.0,0.0004084550188910446,1,700,699,4,-1,5,2,0,920,726,589
865,1,1,332,332,0,2,2,332,332,0,0.0,0.0,1,1,0,-1,6,6,2,1,747,781,614
866,0,102,1,895,894,0,11,1,370,369,0.0,3.4037918240920386e-05,1,394,393,4,-1,5,8,0,260,483,935
867,230,230,948,948,0,272,272,945,945,0,0.0029612988869600733,0.0029612988869600733,923,923,0,-1,2,2,19,19,89,72,429
868,4,210,382,945,563,32,41,378,408,30,3.4037918240920386e-05,0.0005105687736138058,395,690,295,3,5,4,21,2,25,694,365
869,28,28,680,680,0,92,92,724,724,0,0.0007828721195411688,0.0007828721195411688,761,761,0,-1,3,3,12,6,116,114,833
870,185,287,969,981,12,44,44,895,895,0,0.005003573981415297,0.005582218591510943,957,962,5,4,3,3,4,31,824,34,294
871,6,6,411,411,0,18,18,440,440,0,3.4037918240920386e-05,3.4037918240920386e-05,417,417,0,-1,4,4,8,1,309,878,358
872,0,102,1,912,911,0,8,1,369,368,0.0,3.4037918240920386e-05,1,386,385,4,-1,5,6,0,515,968,607
873,0,0,1,1,0,0,0,1,1,0,0.0,0.0,1,1,0,-1,-1,-1,4,0,635,987,517
874,1,103,332,943,611,2,3,332,379,47,0.0,0.0002042275094455223,1,572,571,4,6,5,2,1,937,540,510
875,32,134,776,944,168,34,34,773,773,0,0.001055175465468532,0.0012934408931549745,818,843,25,4,3,3,4,5,495,403,134
876,8,214,534,976,442,16,20,566,628,62,0.00010211375472276115,0.003199564314646516,476,932,456,3,4,4,4,2,563,724,51
877,0,0,1,1,0,0,0,1,1,0,0.0,0.0,1,1,0,-1,-1,-1,7,0,320,330,888
878,6,6,442,442,0,22,22,548,548,0,0.0002042275094455223,0.0002042275094455223,567,567,0,-1,4,4,5,3,382,309,685
879,0,0,1,1,0,0,0,1,1,0,0.0,0.0,1,1,0,-1,-1,-1,17,0,10,511,372
880,29,235,769,979,210,20,24,603,694,91,0.0007147962830593281,0.0035739814152966403,768,941,173,3,4,4,4,8,313,177,17
881,28,129,669,906,237,54,54,608,608,0,0.0004084550188910446,0.0004084550188910446,664,664,0,6,3,3,10,6,206,247,140
882,14,115,651,945,294,8,8,488,488,0,0.0002723033459273631,0.0002723033459273631,625,625,0,5,4,4,2,4,705,637,421
883,6,6,469,469,0,8,8,474,474,0,6.807583648184077e-05,6.807583648184077e-05,450,450,0,-1,4,4,3,2,676,320,673
884,10,112,535,909,374,19,19,405,405,0,6.807583648184077e-05,0.00013615167296368154,446,508,62,4,4,4,10,4,293,398,690
885,16,1656,584,1000,416,26,88,507,873,366,0.0002382654276864427,0.015725518227305217,584,988,404,1,3,2,8,2,415,320,56
886,1,1,333,333,0,10,10,333,333,0,0.0,0.0,1,1,0,-1,6,6,10,1,258,590,583
887,0,0,1,1,0,0,0,1,1,0,0.0,0.0,1,1,0,-1,-1,-1,4,0,762,910,969
888,8,109,553,941,388,8,8,488,488,0,0.00013615167296368154,0.0002042275094455223,527,574,47,5,4,4,2,2,705,408,419
889,34,34,729,729,0,88,88,845,845,0,0.001055175465468532,0.001055175465468532,809,809,0,-1,3,3,8,6,411,377,864
890,2,2,352,352,0,19,19,364,364,0,0.0,0.0,1,1,0,-1,5,5,16,2,60,374,923
891,29,235,756,975,219,24,24,669,669,0,0.00030634126416828345,0.0030293747234419145,627,926,299,3,4,4,4,13,655,256,57
892,2,2,366,366,0,5,5,368,368,0,3.4037918240920386e-05,3.4037918240920386e-05,392,392,0,-1,5,5,4,1,772,743,696
893,0,206,1,964,963,0,21,1,472,471,0.0,0.00017018959120460194,1,530,529,3,-1,4,7,0,324,978,318
894,34,136,730,920,190,64,64,702,702,0,0.0007147962830593281,0.0008509479560230097,752,769,17,4,3,3,9,6,316,377,958
895,12,218,623,977,354,13,13,574,574,0,0.0,0.0007828721195411688,1,780,779,3,4,4,3,2,699,298,240
896,0,101,1,961,960,0,3,1,331,330,0.0,3.4037918240920386e-05,1,398,397,5,-1,6,3,0,730,815,724
897,6,6,433,433,0,14,14,457,457,0,6.807583648184077e-05,6.807583648184077e-05,445,445,0,-1,4,4,5,2,701,679,502
898,0,102,1,886,885,0,16,1,391,390,0.0,0.0007147962830593281,1,748,747,4,-1,5,9,0,276,938,399
899,0,102,1,923,922,0,10,1,408,407,0.0,0.00010211375472276115,1,491,490,4,-1,5,6,1,494,235,86
900,0,616,1,995,994,0,52,1,692,691,0.0,0.0034037918240920387,1,930,929,2,-1,3,7,0,331,426,142
901,2,104,366,933,567,5,5,398,398,0,0.0,3.4037918240920386e-05,1,405,404,4,5,5,3,2,882,575,870
902,0,101,1,916,915,0,7,1,332,331,0.0,0.00013615167296368154,1,514,513,5,-1,6,7,0,439,564,210
903,0,206,1,959,958,0,42,1,644,643,0.0,0.003437829742332959,1,940,939,3,-1,4,7,1,265,568,25
904,0,206,1,971,970,0,24,1,635,634,0.0,0.0019061234214915416,1,883,882,3,-1,4,4,0,542,784,104
905,0,102,1,888,887,0,12,1,351,350,0.0,0.0,1,1,0,4,-1,5,11,0,333,921,606
906,0,102,1,907,906,0,5,1,357,356,0.0,0.00013615167296368154,1,512,511,4,-1,5,4,1,516,874,931
907,0,206,1,976,975,0,10,1,499,498,0.0,0.0007828721195411688,1,785,784,3,-1,4,3,0,729,996,150
908,16,222,654,976,322,20,24,745,765,20,0.0002723033459273631,0.001940161339732462,606,887,281,3,3,3,3,1,901,474,81
909,21,21,696,696,0,18,18,586,586,0,0.0002723033459273631,0.0002723033459273631,612,612,0,-1,4,4,3,6,490,4,945
910,62,268,790,962,172,120,120,727,727,0,0.0005446066918547262,0.0008169100377820892,709,770,61,3,3,3,15,8,77,132,86
911,0,206,1,939,938,0,53,1,389,388,0.0,0.0,1,1,0,3,-1,4,30,0,7,955,384
912,24,230,677,966,289,48,48,684,684,0,0.0002382654276864427,0.00030634126416828345,604,646,42,3,3,3,7,5,714,362,770
913,81,183,905,968,63,32,32,903,903,0,0.0027911092957554717,0.002927260968719153,926,927,1,4,3,3,2,17,598,85,681
914,17,119,608,904,296,84,84,832,832,0,0.00037441710065012424,0.000442492937131965,655,677,22,4,3,3,8,2,303,101,411
915,16,117,714,958,244,8,8,544,544,0,0.00034037918240920387,0.00034037918240920387,675,675,0,5,4,4,2,6,781,136,481
916,14,116,651,948,297,10,10,514,514,0,0.00030634126416828345,0.0004765308553728854,624,694,70,4,4,4,3,4,628,637,222
917,6,622,436,997,561,8,22,439,709,270,6.807583648184077e-05,0.0030293747234419145,438,923,485,2,4,3,2,2,893,384,137
918,16,222,595,968,373,44,48,692,706,14,3.4037918240920386e-05,0.0026209197045508697,407,912,505,3,3,3,7,1,525,609,142
919,11,113,682,967,285,12,12,737,737,0,0.0005105687736138058,0.0006467204465774873,732,759,27,4,4,4,2,6,749,494,392
920,84,184,883,959,76,50,50,791,791,0,0.001599782157323258,0.0017359338302869397,856,862,6,4,3,3,5,17,492,45,379
921,4,4,457,457,0,4,4,406,406,0,0.00013615167296368154,0.00013615167296368154,520,520,0,-1,5,5,2,2,970,499,742
922,0,206,1,971,970,0,11,1,470,469,0.0,0.0002723033459273631,1,614,613,3,-1,4,5,0,685,745,465
923,0,101,1,897,896,0,7,1,332,331,0.0,0.0,1,1,0,5,-1,6,7,0,413,698,320
924,0,102,1,936,935,0,3,1,367,366,0.0,0.00017018959120460194,1,553,552,4,-1,5,2,0,609,664,236
925,0,206,1,958,957,0,54,1,619,618,0.0,0.002995336805200994,1,925,924,3,-1,4,11,0,176,995,25
926,8,110,524,933,409,12,12,458,458,0,0.0002042275094455223,0.00030634126416828345,572,640,68,4,4,4,4,2,566,579,121
927,24,230,699,972,273,22,22,558,558,0,0.0007488342013002485,0.0007828721195411688,759,764,5,3,4,4,5,8,605,250,807
928,599,599,996,996,0,136,136,987,987,0,0.015997821573232582,0.015997821573232582,989,989,0,-1,2,2,7,118,342,37,852
929,27,27,762,762,0,24,24,748,748,0,0.0005446066918547262,0.0005446066918547262,730,730,0,-1,3,3,3,6,855,494,986
930,18,18,590,590,0,108,108,729,729,0,0.0004084550188910446,0.0004084550188910446,671,671,0,-1,3,3,16,2,78,101,675
931,0,102,1,960,959,0,3,1,392,391,0.0,3.4037918240920386e-05,1,415,414,4,-1,5,2,0,997,901,93
932,40,246,795,975,180,34,34,736,736,0,0.0004765308553728854,0.0008169100377820892,691,778,87,3,3,3,4,8,887,345,241
933,26,127,854,979,125,8,8,680,680,0,0.0009190237925048504,0.0012594029749140542,811,852,41,5,4,4,2,14,920,387,268
934,0,0,1,1,0,0,0,1,1,0,0.0,0.0,1,1,0,-1,-1,-1,12,0,375,732,529
935,0,102,1,914,913,0,4,1,380,379,0.0,3.4037918240920386e-05,1,414,413,4,-1,5,2,0,769,867,581
936,6,107,448,925,477,15,15,471,471,0,3.4037918240920386e-05,0.0002382654276864427,402,583,181,5,4,4,6,1,399,527,749
937,2,208,375,980,605,3,8,377,522,145,3.4037918240920386e-05,0.0024507301133462676,403,918,515,3,5,4,2,2,942,615,26
938,10,216,581,972,391,12,16,491,562,71,0.0002382654276864427,0.0016338200755641784,597,867,270,3,4,4,4,3,633,214,43
939,0,102,1,933,932,0,5,1,395,394,0.0,0.00013615167296368154,1,519,518,4,-1,5,3,0,826,569,666
940,22,123,697,933,236,50,50,820,820,0,0.001055175465468532,0.001055175465468532,817,817,0,5,3,3,5,4,724,440,717
941,8,214,519,967,448,34,34,606,606,0,0.0002382654276864427,0.00037441710065012424,580,656,76,3,4,4,7,2,658,584,305
942,36,138,781,938,157,34,34,653,653,0,0.0012934408931549745,0.0015317063208414173,838,863,25,4,3,3,6,8,518,345,316
943,6,107,480,938,458,8,8,492,492,0,0.00013615167296368154,0.0002723033459273631,520,615,95,5,4,4,2,1,598,756,369
944,9,9,553,553,0,16,16,552,552,0,0.00017018959120460194,0.00017018959120460194,559,559,0,-1,4,4,4,4,885,319,696
945,6,107,492,943,451,8,8,508,508,0,0.0002382654276864427,0.00034037918240920387,612,660,48,5,4,4,2,1,776,681,599
946,40,40,915,915,0,12,12,859,859,0,0.0024507301133462676,0.0024507301133462676,918,918,0,-1,4,4,2,20,952,87,905
947,26,232,657,957,300,112,112,828,828,0,0.0012594029749140542,0.001599782157323258,825,860,35,3,3,3,12,5,212,355,187
948,230,1870,950,1000,50,202,236,913,946,33,0.003710133088260322,0.015555328636100617,933,993,60,1,3,2,17,30,210,39,7
949,0,0,1,1,0,0,0,1,1,0,0.0,0.0,1,1,0,-1,-1,-1,11,0,167,696,604
950,41,657,782,995,213,78,78,938,938,0,0.0018720855032506212,0.002995336805200994,873,926,53,2,2,2,4,2,503,101,165
951,61,163,847,955,108,58,58,920,920,0,0.0028591851322373124,0.0029612988869600733,915,916,1,4,2,2,4,5,887,393,690
952,8,8,529,529,0,16,16,468,468,0,0.0002042275094455223,0.0002042275094455223,576,576,0,-1,4,4,6,2,253,579,905
953,75,281,857,977,120,64,72,836,847,11,0.0017018959120460194,0.006126825283365669,858,966,108,3,2,2,7,12,359,159,14
954,34,34,775,775,0,28,28,727,727,0,0.00030634126416828345,0.00030634126416828345,637,637,0,-1,3,3,3,8,930,286,431
955,0,102,1,941,940,0,3,1,377,376,0.0,0.0,1,1,0,4,-1,5,2,0,713,858,244
956,0,0,1,1,0,0,0,1,1,0,0.0,0.0,1,1,0,-1,-1,-1,2,0,981,728,472
957,7,7,526,526,0,22,22,605,605,0,0.00013615167296368154,0.00013615167296368154,506,506,0,-1,4,4,5,4,663,305,715
958,0,102,1,895,894,0,15,1,404,403,0.0,0.00017018959120460194,1,549,548,4,-1,5,8,1,646,789,418
959,61,163,862,961,99,34,34,832,832,0,0.00176997174852786,0.0018720855032506212,878,883,5,4,3,3,4,16,824,113,314
960,0,102,1,927,926,0,5,1,360,359,0.0,3.4037918240920386e-05,1,406,405,4,-1,5,4,1,461,513,807
961,28,130,812,961,149,22,22,844,844,0,0.000442492937131965,0.0007828721195411688,714,792,78,4,3,3,2,3,684,318,242
962,1,617,333,996,663,8,69,333,793,460,0.0,0.0027911092957554717,1,920,919,2,7,3,8,3,297,626,68
963,49,255,803,971,168,74,74,798,798,0,0.0010892133837094523,0.0013615167296368155,814,837,23,3,3,3,8,10,428,272,253
964,29,131,696,912,216,64,64,719,719,0,0.000442492937131965,0.0005786446100956465,684,721,37,4,3,3,9,5,262,241,353
965,3,105,414,908,494,7,7,375,375,0,0.0,0.0,1,1,0,4,5,5,5,3,519,563,837
966,6,212,463,976,513,12,12,609,609,0,6.807583648184077e-05,0.00088498587426393,440,788,348,3,4,4,2,1,733,322,387
967,51,257,836,979,143,40,40,800,800,0,0.00088498587426393,0.002757071377514551,792,915,123,3,3,3,5,12,765,172,98
968,6,622,470,998,528,10,28,489,797,308,0.00034037918240920387,0.009292351679771264,647,980,333,2,4,3,3,1,903,370,1
969,3,3,439,439,0,5,5,403,403,0,3.4037918240920386e-05,3.4037918240920386e-05,405,405,0,-1,5,5,3,2,888,602,701
970,0,0,1,1,0,0,0,1,1,0,0.0,0.0,1,1,0,-1,-1,-1,2,0,586,863,330
971,0,0,1,1,0,0,0,1,1,0,0.0,0.0,1,1,0,-1,-1,-1,21,0,74,515,843
972,4,106,430,927,497,6,8,381,427,46,0.00010211375472276115,0.00037441710065012424,486,657,171,4,5,5,4,3,545,411,616
973,6,6,443,443,0,12,12,464,464,0,0.00010211375472276115,0.00010211375472276115,481,481,0,-1,4,4,4,2,917,215,847
974,0,0,1,1,0,0,0,1,1,0,0.0,0.0,1,1,0,-1,-1,-1,7,0,264,330,977
975,164,164,949,949,0,108,108,913,913,0,0.0033016780693692774,0.0033016780693692774,937,937,0,-1,3,3,8,25,186,47,752
976,10,10,501,501,0,20,20,412,412,0,0.00010211375472276115,0.00010211375472276115,476,476,0,-1,4,4,9,4,101,398,923
977,96,198,886,955,69,78,78,847,847,0,0.0015317063208414173,0.0015317063208414173,850,850,0,4,3,3,8,17,418,96,597
978,0,102,1,911,910,0,4,1,357,356,0.0,3.4037918240920386e-05,1,390,389,4,-1,5,3,1,778,780,662
979,0,0,1,1,0,0,0,1,1,0,0.0,0.0,1,1,0,-1,-1,-1,8,2,454,752,989
980,27,129,802,961,159,22,22,822,822,0,0.0012253650566731338,0.00176997174852786,855,887,32,4,3,3,2,6,975,289,413
981,62,62,892,892,0,22,22,850,850,0,0.0019741992579733825,0.0019741992579733825,889,889,0,-1,3,3,2,18,938,141,962
982,48,664,819,995,176,62,72,819,875,56,0.0020082371762143027,0.005003573981415297,886,952,66,2,3,3,7,6,482,73,39
983,249,351,974,981,7,64,64,917,917,0,0.0048674223084516155,0.0051397256543789785,959,961,2,4,3,3,4,45,385,77,467
984,20,20,695,695,0,24,24,708,708,0,0.0009190237925048504,0.0009190237925048504,798,798,0,-1,4,4,4,4,611,207,957
985,6,107,431,915,484,14,14,430,430,0,0.0,0.0,1,1,0,5,4,4,7,2,477,292,721
986,23,125,808,974,166,6,6,480,480,0,0.0009870996289866913,0.001055175465468532,810,817,7,4,5,5,3,17,853,226,809
987,2,208,352,954,602,19,24,409,442,33,0.0,0.000442492937131965,1,681,680,3,5,4,10,2,258,654,234
988,0,101,1,916,915,0,5,1,331,330,0.0,0.0,1,1,0,6,-1,7,5,2,766,684,708
989,48,149,819,943,124,36,36,652,652,0,0.0013274788113958951,0.0013274788113958951,835,835,0,5,4,4,6,15,345,62,590
990,1,207,332,969,637,3,10,332,453,121,0.0,0.0017359338302869397,1,876,875,3,8,4,3,1,930,857,44
991,427,633,980,987,7,382,382,981,981,0,0.005786446100956465,0.005820484019197386,958,958,0,3,2,2,21,44,54,27,168
992,0,0,1,1,0,0,0,1,1,0,0.0,0.0,1,1,0,-1,-1,-1,6,0,378,657,884
993,6,108,414,905,491,32,32,551,551,0,0.0002382654276864427,0.00034037918240920387,585,643,58,4,4,4,8,3,308,285,537
994,112,112,941,941,0,40,40,878,878,0,0.0020763130126961434,0.0020763130126961434,885,885,0,-1,3,3,4,22,507,128,569
995,14,116,528,888,360,42,42,493,493,0,0.0002042275094455223,0.00034037918240920387,565,633,68,4,4,4,13,5,91,710,869
996,0,206,1,968,967,0,11,1,451,450,0.0,0.0004084550188910446,1,666,665,3,-1,4,5,1,551,583,307
997,6,212,461,974,513,12,16,475,553,78,0.00010211375472276115,0.0018720855032506212,485,873,388,3,4,4,4,4,617,512,81
998,100,100,887,887,0,100,100,922,922,0,0.025256135334762925,0.04278566322883692,996,1000,4,1,1,1,7,29,118,142,1
999,162,162,955,955,0,58,58,939,939,0,0.003642057251778481,0.003642057251778481,936,936,0,-1,2,2,4,33,690,15,925
