,FreeNet_pre_score,FreeNet_post_score,FreeNet_pre_rank,FreeNet_post_rank,FreeNet_delta_ranks,Reversed_pre_score,Reversed_post_score,Reversed_pre_rank,Reversed_post_rank,Reversed_delta_ranks,Random_pre_score,Random_post_score,Random_pre_rank,Random_post_rank,Random_delta_ranks,dist_victim_relayer,dist_victim_vilain_pre,dist_victim_vilain_post,out_deg_victim,in_deg_villain,victim,villain,relayer
0,9,111,623,951,328,12,12,623,623,0,0.0002723033459273631,0.0004765308553728854,626,706,80,4,4,4,2,4,928,501,280
1,0,101,1,955,954,0,3,1,330,329,0.0,0.00010211375472276115,1,496,495,5,-1,6,3,0,883,744,279
2,339,339,989,989,0,48,48,953,953,0,0.009496579189216788,0.009496579189216788,982,982,0,-1,3,3,3,75,770,24,794
3,42,144,821,953,132,36,36,771,771,0,0.0007828721195411688,0.0007828721195411688,771,771,0,4,3,3,5,7,612,115,552
4,0,102,1,896,895,0,11,1,374,373,0.0,0.0002042275094455223,1,560,559,4,-1,5,8,0,308,793,586
5,166,166,944,944,0,72,72,835,835,0,0.0026889955410327104,0.0026889955410327104,907,907,0,-1,3,3,7,28,299,98,978
6,14,14,639,639,0,14,14,558,558,0,0.0002723033459273631,0.0002723033459273631,632,632,0,-1,4,4,3,8,825,521,976
7,6,212,447,971,524,10,16,460,540,80,0.0,0.0009190237925048504,1,801,800,3,4,4,4,3,545,755,62
8,1,1,331,331,0,3,3,331,331,0,0.0,0.0,1,1,0,-1,7,7,3,1,856,703,950
9,0,102,1,927,926,0,6,1,359,358,0.0,3.4037918240920386e-05,1,408,407,4,-1,5,5,0,574,907,244
10,0,101,1,935,934,0,3,1,331,330,0.0,0.0,1,1,0,6,-1,7,3,0,770,777,331
11,0,0,1,1,0,0,0,1,1,0,0.0,0.0,1,1,0,-1,-1,-1,3,0,875,773,745
12,1,102,331,929,598,5,5,331,331,0,0.0,6.807583648184077e-05,1,447,446,5,6,6,5,1,685,861,398
13,15,117,661,940,279,18,18,669,669,0,0.0005105687736138058,0.0009530617107457708,719,815,96,4,4,4,3,6,861,432,289
14,5,107,470,933,463,6,6,432,432,0,0.0,0.0005786446100956465,1,732,731,4,5,5,3,3,288,580,67
15,4,106,433,920,487,8,9,397,412,15,6.807583648184077e-05,0.00037441710065012424,452,656,204,4,5,5,5,2,570,298,741
16,10,10,571,571,0,18,18,543,543,0,6.807583648184077e-05,6.807583648184077e-05,456,456,0,-1,4,4,5,3,456,526,426
17,385,591,987,995,8,102,102,964,964,0,0.00803294870485721,0.00976888253514415,974,979,5,3,3,3,7,78,305,9,141
18,0,0,1,1,0,0,0,1,1,0,0.0,0.0,1,1,0,-1,-1,-1,8,0,365,740,997
19,1,1,333,333,0,4,4,333,333,0,0.0,0.0,1,1,0,-1,7,7,4,1,563,765,657
20,2,104,375,949,574,6,6,456,456,0,6.807583648184077e-05,0.00034037918240920387,450,660,210,4,5,5,3,2,608,550,470
21,6,622,505,1000,495,8,18,525,812,287,3.4037918240920386e-05,0.003642057251778481,410,939,529,2,4,3,2,1,975,661,109
22,0,0,1,1,0,0,0,1,1,0,0.0,0.0,1,1,0,-1,-1,-1,10,0,105,675,715
23,40,656,701,992,291,146,156,771,798,27,0.001157289220191293,0.0014636304843595766,812,845,33,2,2,2,19,4,48,409,667
24,22,228,781,986,205,12,12,658,658,0,0.0005446066918547262,0.0018040096667687805,731,885,154,3,4,4,2,9,686,414,206
25,18,120,665,931,266,18,18,592,592,0,0.0014295925661186562,0.0016338200755641784,860,874,14,4,4,4,3,5,737,393,115
26,6,6,555,555,0,8,8,609,609,0,0.0002723033459273631,0.0002723033459273631,637,637,0,-1,4,4,2,1,873,840,942
27,2,103,362,940,578,4,4,427,427,0,0.0,3.4037918240920386e-05,1,401,400,5,5,5,2,1,705,561,496
28,0,616,1,995,994,0,66,1,834,833,0.0,0.007624493685966166,1,971,970,2,-1,3,6,0,630,932,9
29,18,119,753,967,214,12,12,745,745,0,0.0011913271384322134,0.0013274788113958951,845,858,13,5,4,4,2,6,950,471,363
30,49,49,887,887,0,22,22,877,877,0,0.0018720855032506212,0.0018720855032506212,887,887,0,-1,3,3,2,13,996,261,774
31,4,4,424,424,0,12,12,416,416,0,3.4037918240920386e-05,3.4037918240920386e-05,403,403,0,-1,5,5,6,2,489,430,787
32,13,219,584,968,384,15,19,434,480,46,0.00017018959120460194,0.0002042275094455223,523,566,43,3,4,4,6,6,556,279,609
33,0,0,1,1,0,0,0,1,1,0,0.0,0.0,1,1,0,-1,-1,-1,3,0,835,731,979
34,0,102,1,939,938,0,4,1,413,412,0.0,0.0005786446100956465,1,737,736,4,-1,5,2,0,881,915,414
35,112,214,876,943,67,240,240,887,887,0,0.001157289220191293,0.001157289220191293,819,819,0,4,2,2,21,4,54,246,576
36,14,115,597,922,325,24,24,537,537,0,0.00010211375472276115,0.00013615167296368154,493,524,31,5,4,4,6,3,402,93,739
37,0,102,1,928,927,0,7,1,411,410,0.0,0.0007488342013002485,1,768,767,4,-1,5,4,2,673,271,67
38,6,212,427,965,538,20,20,498,498,0,0.00010211375472276115,0.0007828721195411688,484,774,290,3,4,4,6,1,251,394,658
39,2,208,354,969,615,6,14,394,531,137,3.4037918240920386e-05,0.0022465026039007454,410,901,491,3,5,4,3,1,737,639,56
40,6,108,415,906,491,20,21,437,452,15,0.00013615167296368154,0.0002382654276864427,514,588,74,4,4,4,9,2,339,313,424
41,0,0,1,1,0,0,0,1,1,0,0.0,0.0,1,1,0,-1,-1,-1,4,0,313,875,960
42,6,6,425,425,0,12,12,449,449,0,0.00010211375472276115,0.00010211375472276115,486,486,0,-1,4,4,4,1,391,555,804
43,1,1,333,333,0,12,12,333,333,0,0.0,0.0,1,1,0,-1,6,6,12,1,292,621,669
44,6,6,396,396,0,15,15,390,390,0,0.00013615167296368154,0.00013615167296368154,514,514,0,-1,5,5,8,4,483,398,674
45,2,103,357,922,565,7,7,396,396,0,3.4037918240920386e-05,3.4037918240920386e-05,391,391,0,5,5,5,4,1,384,618,690
46,0,0,1,1,0,0,0,1,1,0,0.0,0.0,1,1,0,-1,-1,-1,9,0,123,786,515
47,0,101,1,901,900,0,8,1,332,331,0.0,6.807583648184077e-05,1,433,432,5,-1,6,8,1,146,747,485
48,0,206,1,969,968,0,18,1,522,521,0.0,0.0006807583648184077,1,756,755,3,-1,4,5,0,538,865,700
49,2,2,357,357,0,5,5,377,377,0,3.4037918240920386e-05,3.4037918240920386e-05,405,405,0,-1,5,5,3,1,554,870,871
50,4,106,435,926,491,10,10,419,419,0,6.807583648184077e-05,6.807583648184077e-05,450,450,0,4,5,5,6,3,594,829,526
51,0,102,1,885,884,0,12,1,360,359,0.0,3.4037918240920386e-05,1,396,395,4,-1,5,10,0,189,632,592
52,44,250,731,956,225,128,132,752,767,15,0.0006467204465774873,0.0007828721195411688,728,767,39,3,3,3,17,4,210,328,410
53,62,268,795,961,166,136,136,821,821,0,0.0008509479560230097,0.0010892133837094523,772,803,31,3,2,2,14,3,203,519,182
54,2,208,376,980,604,4,10,378,533,155,0.0,0.0013615167296368155,1,853,852,3,5,4,3,1,485,530,89
55,0,0,1,1,0,0,0,1,1,0,0.0,0.0,1,1,0,-1,-1,-1,10,0,152,976,568
56,9,111,605,945,340,8,8,519,519,0,0.0002042275094455223,0.0004765308553728854,577,714,137,4,4,4,2,4,977,450,521
57,0,0,1,1,0,0,0,1,1,0,0.0,0.0,1,1,0,-1,-1,-1,9,0,274,858,445
58,86,86,889,889,0,70,70,894,894,0,0.0018040096667687805,0.0018040096667687805,871,871,0,-1,3,3,5,13,555,42,996
59,0,0,1,1,0,0,0,1,1,0,0.0,0.0,1,1,0,-1,-1,-1,5,0,629,912,833
60,6,6,404,404,0,25,25,427,427,0,6.807583648184077e-05,6.807583648184077e-05,449,449,0,-1,4,4,11,1,76,360,735
61,0,102,1,960,959,0,4,1,464,463,0.0,0.0005446066918547262,1,736,735,4,-1,5,2,0,950,937,295
62,0,101,1,893,892,0,9,1,332,331,0.0,0.0,1,1,0,5,-1,6,9,0,319,983,484
63,45,251,744,954,210,142,142,803,803,0,0.0005786446100956465,0.0007828721195411688,708,754,46,3,3,3,17,5,80,216,149
64,6,108,390,878,488,70,70,611,611,0,6.807583648184077e-05,6.807583648184077e-05,436,436,0,4,4,4,13,1,120,689,298
65,30,132,699,915,216,53,53,601,601,0,0.0005105687736138058,0.0005446066918547262,702,720,18,4,3,3,10,6,128,613,788
66,0,206,1,964,963,0,34,1,604,603,0.0,0.0019061234214915416,1,871,870,3,-1,4,7,1,336,568,38
67,10,112,622,954,332,14,14,623,623,0,0.0002723033459273631,0.0006807583648184077,622,758,136,4,4,4,3,6,600,447,114
68,37,139,864,975,111,12,12,720,720,0,0.001157289220191293,0.0012594029749140542,836,851,15,4,4,4,2,17,847,269,220
69,0,101,1,960,959,0,2,1,331,330,0.0,0.0,1,1,0,6,-1,7,2,0,847,890,857
70,0,206,1,964,963,0,20,1,513,512,0.0,0.0012594029749140542,1,829,828,3,-1,4,6,0,606,831,190
71,163,265,970,982,12,38,38,903,903,0,0.0030293747234419145,0.0030634126416828346,923,924,1,4,3,3,3,44,770,27,425
72,0,101,1,911,910,0,3,1,331,330,0.0,3.4037918240920386e-05,1,390,389,5,-1,6,3,0,778,905,578
73,6,108,438,919,481,14,14,471,471,0,0.0002723033459273631,0.0005786446100956465,631,737,106,4,4,4,5,3,363,285,209
74,288,390,984,992,8,48,48,937,937,0,0.007556417849484326,0.007794683277170768,972,973,1,4,3,3,3,55,615,21,167
75,22,123,757,956,199,24,24,822,822,0,0.0002723033459273631,0.0002723033459273631,626,626,0,5,3,3,3,2,797,465,639
76,0,102,1,901,900,0,13,1,408,407,0.0,0.00010211375472276115,1,487,486,4,-1,5,7,0,525,802,278
77,5,1645,435,1000,565,9,47,399,850,451,3.4037918240920386e-05,0.02226079852956193,399,995,596,1,5,2,5,3,386,572,537
78,0,102,1,942,941,0,4,1,369,368,0.0,6.807583648184077e-05,1,447,446,4,-1,5,3,1,693,949,634
79,6,108,455,926,471,18,18,637,637,0,0.000442492937131965,0.0004765308553728854,685,697,12,4,4,4,3,1,577,404,756
80,0,0,1,1,0,0,0,1,1,0,0.0,0.0,1,1,0,-1,-1,-1,8,0,131,511,608
81,41,143,834,968,134,12,12,662,662,0,0.0006126825283365669,0.0006807583648184077,744,758,14,4,4,4,2,9,938,375,609
82,2,103,366,929,563,6,6,382,382,0,3.4037918240920386e-05,3.4037918240920386e-05,408,408,0,5,5,5,4,1,423,421,964
83,22,228,638,956,318,44,44,622,622,0,0.0002382654276864427,0.0007488342013002485,583,751,168,3,4,4,8,6,317,683,217
84,12,12,703,703,0,8,8,589,589,0,0.00030634126416828345,0.00030634126416828345,660,660,0,-1,4,4,2,6,788,4,976
85,270,371,964,977,13,220,220,939,939,0,0.002552843868069029,0.002552843868069029,905,905,0,5,2,2,16,33,26,15,781
86,596,697,998,998,0,32,32,875,875,0,0.01678069369277375,0.01681473161101467,995,995,0,5,3,3,2,127,971,11,585
87,0,0,1,1,0,0,0,1,1,0,0.0,0.0,1,1,0,-1,-1,-1,9,0,274,825,201
88,10,112,582,936,354,16,16,574,574,0,0.00030634126416828345,0.00030634126416828345,645,645,0,4,4,4,4,3,423,173,223
89,2,104,357,919,562,8,9,389,401,12,0.0,0.0002723033459273631,1,598,597,4,5,5,5,1,656,771,208
90,6,6,467,467,0,8,8,502,502,0,0.0002042275094455223,0.0002042275094455223,584,584,0,-1,4,4,2,2,980,670,818
91,6,622,400,991,591,40,67,476,608,132,0.0,0.0005446066918547262,1,716,715,2,4,3,13,1,228,506,246
92,0,206,1,940,939,0,41,1,423,422,0.0,0.00017018959120460194,1,532,531,3,-1,4,17,2,103,709,493
93,20,20,638,638,0,46,46,647,647,0,0.00037441710065012424,0.00037441710065012424,662,662,0,-1,4,4,9,6,339,379,650
94,11,113,590,937,347,12,12,481,481,0,0.00013615167296368154,0.0008509479560230097,514,785,271,4,4,4,4,4,424,380,390
95,14,220,579,973,394,24,24,535,535,0,0.00034037918240920387,0.0017018959120460194,632,861,229,3,4,4,6,3,515,236,147
96,0,102,1,927,926,0,3,1,359,358,0.0,0.0002042275094455223,1,572,571,4,-1,5,2,1,828,428,444
97,0,0,1,1,0,0,0,1,1,0,0.0,0.0,1,1,0,-1,-1,-1,9,0,315,932,205
98,10,10,525,525,0,19,19,475,475,0,0.0002382654276864427,0.0002382654276864427,593,593,0,-1,4,4,6,3,498,307,726
99,80,286,861,973,112,56,56,753,753,0,0.0006126825283365669,0.0016678579938050988,743,861,118,3,3,3,6,12,157,179,174
100,40,246,647,945,298,142,142,566,566,0,0.00030634126416828345,0.00037441710065012424,608,638,30,3,3,3,33,6,9,459,791
101,0,102,1,959,958,0,4,1,390,389,0.0,3.4037918240920386e-05,1,397,396,4,-1,5,3,0,915,514,639
102,0,102,1,877,876,0,26,1,391,390,0.0,0.00030634126416828345,1,618,617,4,-1,5,15,1,45,529,240
103,14,14,520,520,0,58,58,520,520,0,0.00017018959120460194,0.00017018959120460194,536,536,0,-1,4,4,15,3,107,704,548
104,1,102,330,938,608,2,2,330,330,0,0.0,0.0,1,1,0,6,6,6,2,1,906,603,466
105,33,135,811,958,147,22,22,779,779,0,0.0008509479560230097,0.001055175465468532,790,825,35,4,3,3,2,8,752,386,727
106,0,101,1,938,937,0,3,1,331,330,0.0,3.4037918240920386e-05,1,401,400,5,-1,6,3,0,903,713,509
107,2,104,362,914,552,6,8,362,396,34,0.00010211375472276115,0.0002042275094455223,481,563,82,4,5,5,5,1,667,593,561
108,0,0,1,1,0,0,0,1,1,0,0.0,0.0,1,1,0,-1,-1,-1,5,0,685,863,825
109,0,101,1,980,979,0,2,1,329,328,0.0,0.00010211375472276115,1,509,508,5,-1,6,2,0,955,822,256
110,0,0,1,1,0,0,0,1,1,0,0.0,0.0,1,1,0,-1,-1,-1,4,0,516,919,982
111,50,256,835,976,141,62,62,871,871,0,0.0007488342013002485,0.0007828721195411688,776,781,5,3,3,3,6,6,253,194,434
112,0,102,1,927,926,0,3,1,362,361,0.0,0.0,1,1,0,4,-1,5,2,0,846,713,572
113,17,119,760,970,210,14,14,691,691,0,0.00034037918240920387,0.0007828721195411688,676,784,108,4,4,4,3,8,853,257,268
114,18,224,603,960,357,24,28,452,485,33,0.0,0.00030634126416828345,1,628,627,3,4,4,8,5,357,314,208
115,6,6,470,470,0,12,12,597,597,0,6.807583648184077e-05,6.807583648184077e-05,442,442,0,-1,4,4,2,1,972,720,800
116,6,6,454,454,0,8,8,462,462,0,0.00017018959120460194,0.00017018959120460194,555,555,0,-1,4,4,2,2,763,670,426
117,115,731,890,995,105,128,138,843,862,19,0.0023486163586235067,0.0026889955410327104,905,915,10,2,3,3,13,20,120,87,505
118,38,139,696,902,206,98,98,670,670,0,0.0002382654276864427,0.0002382654276864427,580,580,0,5,3,3,15,4,0,202,687
119,65,65,926,926,0,22,22,888,888,0,0.0024166921951053475,0.0024166921951053475,920,920,0,-1,3,3,2,20,481,95,693
120,0,102,1,879,878,0,17,1,386,385,0.0,0.0004084550188910446,1,680,679,4,-1,5,10,0,298,643,447
121,0,0,1,1,0,0,0,1,1,0,0.0,0.0,1,1,0,-1,-1,-1,4,0,500,620,808
122,32,32,707,707,0,56,56,607,607,0,0.0002723033459273631,0.0002723033459273631,601,601,0,-1,3,3,11,5,360,636,698
123,0,101,1,915,914,0,4,1,331,330,0.0,0.0,1,1,0,6,-1,7,4,0,675,907,721
124,81,81,888,888,0,50,50,809,809,0,0.0018380475850097008,0.0018380475850097008,870,870,0,-1,3,3,5,27,382,304,564
125,0,0,1,1,0,0,0,1,1,0,0.0,0.0,1,1,0,-1,-1,-1,9,0,367,604,914
126,121,121,922,922,0,98,98,896,896,0,0.0021784267674189047,0.0021784267674189047,900,900,0,-1,3,3,8,18,350,63,847
127,0,0,1,1,0,0,0,1,1,0,0.0,0.0,1,1,0,-1,-1,-1,3,0,786,488,513
128,23,23,635,635,0,56,56,508,508,0,0.0002042275094455223,0.0002042275094455223,563,563,0,-1,4,4,16,6,60,229,973
129,8,110,528,927,399,14,14,465,465,0,0.00010211375472276115,0.00017018959120460194,489,550,61,4,4,4,5,4,464,239,544
130,8,109,575,958,383,14,14,640,640,0,0.0008509479560230097,0.0008509479560230097,785,785,0,7,4,4,3,3,576,209,582
131,37,37,754,754,0,32,32,537,537,0,0.001055175465468532,0.001055175465468532,809,809,0,-1,4,4,8,10,142,413,933
132,0,102,1,945,944,0,6,1,467,466,0.0,0.0012594029749140542,1,851,850,4,-1,5,3,0,790,889,71
133,8,214,555,977,422,20,20,659,659,0,6.807583648184077e-05,0.0006467204465774873,456,747,291,3,4,4,4,3,679,222,134
134,0,616,1,987,986,0,88,1,525,524,0.0,0.0009530617107457708,1,784,783,2,-1,3,22,0,22,715,340
135,16,16,524,524,0,64,64,546,546,0,0.00013615167296368154,0.00013615167296368154,502,502,0,-1,3,3,15,1,49,370,841
136,0,206,1,979,978,0,10,1,534,533,0.0,0.0028591851322373124,1,912,911,3,-1,4,3,0,856,838,33
137,3,209,442,978,536,4,8,400,502,102,3.4037918240920386e-05,0.0010211375472276116,406,821,415,3,5,4,2,3,761,434,272
138,22,22,662,662,0,62,62,774,774,0,0.0002723033459273631,0.0002723033459273631,613,613,0,-1,3,3,7,4,221,551,942
139,0,206,1,968,967,0,12,1,483,482,0.0,0.0010892133837094523,1,815,814,3,-1,4,4,0,655,818,45
140,0,0,1,1,0,0,0,1,1,0,0.0,0.0,1,1,0,-1,-1,-1,5,0,457,973,358
141,180,180,949,949,0,114,114,930,930,0,0.003982436434187685,0.003982436434187685,937,937,0,-1,3,3,9,31,250,102,699
142,6,6,416,416,0,13,13,390,390,0,0.0002382654276864427,0.0002382654276864427,582,582,0,-1,5,5,8,4,521,398,981
143,2,2,354,354,0,5,5,375,375,0,0.0,0.0,1,1,0,-1,5,5,3,1,459,781,732
144,8,214,512,963,451,15,20,441,485,44,3.4037918240920386e-05,0.00013615167296368154,400,504,104,3,4,4,6,2,356,298,251
145,59,161,834,941,107,70,70,877,877,0,0.0013274788113958951,0.0013955546478777359,843,850,7,4,3,3,5,8,719,161,486
146,0,0,1,1,0,0,0,1,1,0,0.0,0.0,1,1,0,-1,-1,-1,3,0,730,889,517
147,38,140,796,946,150,30,30,737,737,0,0.0006807583648184077,0.0007828721195411688,759,777,18,4,3,3,4,6,539,136,625
148,8,109,621,968,347,7,7,593,593,0,0.00010211375472276115,0.00010211375472276115,482,482,0,6,4,4,2,3,933,290,736
149,339,339,987,987,0,88,88,978,978,0,0.009122162088566664,0.009122162088566664,980,980,0,-1,2,2,4,59,475,5,984
150,20,220,660,968,308,24,24,530,530,0,0.0002382654276864427,0.0012253650566731338,594,834,240,3,4,4,6,6,518,424,42
151,0,616,1,991,990,0,72,1,622,621,0.0,0.003369753905851118,1,930,929,2,-1,3,13,0,67,712,50
152,0,0,1,1,0,0,0,1,1,0,0.0,0.0,1,1,0,-1,-1,-1,5,0,612,943,974
153,14,630,541,992,451,48,58,628,680,52,0.000442492937131965,0.001599782157323258,689,859,170,2,4,3,8,3,357,351,207
154,0,0,1,1,0,0,0,1,1,0,0.0,0.0,1,1,0,-1,-1,-1,10,1,125,685,728
155,0,206,1,968,967,0,16,1,522,521,0.0,0.001599782157323258,1,866,865,3,-1,4,4,0,547,998,94
156,6,212,466,974,508,20,20,642,642,0,0.0002723033459273631,0.0012934408931549745,623,839,216,3,4,4,4,2,696,223,180
157,0,102,1,927,926,0,6,1,359,358,0.0,6.807583648184077e-05,1,454,453,4,-1,5,5,0,574,754,274
158,0,101,1,879,878,0,11,1,331,330,0.0,0.0,1,1,0,5,-1,6,11,0,360,786,560
159,6,6,388,388,0,36,36,448,448,0,0.0,0.0,1,1,0,-1,4,4,14,1,181,558,880
160,0,206,1,962,961,0,12,1,396,395,0.0,0.00013615167296368154,1,518,517,3,-1,4,7,0,156,906,512
161,21,21,695,695,0,26,26,628,628,0,0.0002723033459273631,0.0002723033459273631,610,610,0,-1,4,4,5,6,502,516,635
162,0,101,1,946,945,0,4,1,332,331,0.0,0.0,1,1,0,6,-1,7,4,1,480,235,357
163,12,114,613,943,330,14,14,553,553,0,0.0004765308553728854,0.0006807583648184077,705,756,51,4,4,4,3,3,791,209,121
164,16,16,561,561,0,114,114,899,899,0,0.00088498587426393,0.00088498587426393,786,786,0,-1,3,3,9,1,164,612,951
165,27,129,699,917,218,46,46,622,622,0,0.0006126825283365669,0.0009190237925048504,731,787,56,4,4,4,9,7,250,396,263
166,0,101,1,944,943,0,2,1,331,330,0.0,3.4037918240920386e-05,1,405,404,5,-1,6,2,0,910,839,870
167,8,110,578,951,373,18,18,710,710,0,0.0009530617107457708,0.0010892133837094523,807,817,10,4,4,4,3,4,600,143,241
168,12,12,517,517,0,31,31,479,479,0,0.00013615167296368154,0.00013615167296368154,510,510,0,-1,4,4,10,4,310,315,858
169,0,102,1,927,926,0,6,1,359,358,0.0,0.00010211375472276115,1,489,488,4,-1,5,5,0,574,945,238
170,32,32,852,852,0,12,12,713,713,0,0.0015317063208414173,0.0015317063208414173,870,870,0,-1,4,4,2,10,963,227,949
171,16,16,572,572,0,84,84,787,787,0,0.0004765308553728854,0.0004765308553728854,700,700,0,-1,3,3,9,1,192,80,533
172,2,208,354,960,606,14,22,410,477,67,0.00010211375472276115,0.0005786446100956465,496,735,239,3,5,4,7,2,265,342,414
173,0,0,1,1,0,0,0,1,1,0,0.0,0.0,1,1,0,-1,-1,-1,14,0,172,733,768
174,1,102,332,945,613,2,2,332,332,0,0.0,0.00034037918240920387,1,642,641,5,7,6,2,3,838,181,288
175,216,422,958,984,26,144,144,965,965,0,0.0036760951700194017,0.004186663943633207,939,945,6,3,3,3,9,28,327,41,114
176,0,0,1,1,0,0,0,1,1,0,0.0,0.0,1,1,0,-1,-1,-1,5,0,561,768,915
177,0,0,1,1,0,0,0,1,1,0,0.0,0.0,1,1,0,-1,-1,-1,3,0,288,994,565
178,101,202,915,968,53,64,64,931,931,0,0.003880322679464924,0.003880322679464924,940,940,0,6,2,2,5,15,478,151,331
179,0,0,1,1,0,0,0,1,1,0,0.0,0.0,1,1,0,-1,-1,-1,6,0,373,826,483
180,8,109,573,950,377,16,16,611,611,0,0.0002723033459273631,0.0002723033459273631,622,622,0,5,4,4,4,5,754,722,402
181,0,616,1,992,991,0,54,1,559,558,0.0,0.0010211375472276116,1,796,795,2,-1,3,12,0,52,649,179
182,15,116,740,970,230,8,8,591,591,0,0.0007828721195411688,0.0007828721195411688,779,779,0,7,4,4,2,8,968,250,181
183,0,0,1,1,0,0,0,1,1,0,0.0,0.0,1,1,0,-1,-1,-1,4,1,784,685,978
184,16,118,617,924,307,40,40,821,821,0,0.00037441710065012424,0.00037441710065012424,654,654,0,4,3,3,4,1,717,168,411
185,0,206,1,963,962,0,22,1,495,494,0.0,0.0007488342013002485,1,764,763,3,-1,4,7,0,510,793,414
186,6,6,403,403,0,19,19,407,407,0,3.4037918240920386e-05,3.4037918240920386e-05,402,402,0,-1,4,4,10,3,256,748,824
187,60,60,858,858,0,30,30,766,766,0,0.0011913271384322134,0.0011913271384322134,822,822,0,-1,3,3,4,15,660,138,902
188,177,279,971,988,17,56,56,981,981,0,0.00789679703189353,0.008066986623098132,978,978,0,4,2,2,2,31,771,76,385
189,2,208,351,955,604,13,38,370,534,164,6.807583648184077e-05,0.0020082371762143027,448,885,437,3,5,4,9,1,351,781,72
190,60,266,831,973,142,84,84,846,846,0,0.002484768031587188,0.0031314884781646754,901,924,23,3,2,2,9,5,388,182,352
191,1,207,333,972,639,4,11,333,478,145,0.0,0.00034037918240920387,1,660,659,3,6,4,4,3,461,748,198
192,3,105,497,970,473,3,3,416,416,0,0.0,0.0005786446100956465,1,746,745,4,5,5,2,2,884,364,471
193,16,222,576,965,389,39,44,598,619,21,0.0002723033459273631,0.0004765308553728854,597,688,91,3,3,3,9,1,395,561,266
194,0,206,1,985,984,0,14,1,683,682,0.0,0.005071649817897137,1,958,957,3,-1,4,3,0,730,445,32
195,14,14,733,733,0,14,14,736,736,0,0.00037441710065012424,0.00037441710065012424,679,679,0,-1,4,4,3,3,812,318,698
196,0,206,1,984,983,0,10,1,547,546,0.0,0.0030974505599237552,1,933,932,3,-1,4,3,0,584,784,126
197,20,20,735,735,0,12,12,616,616,0,0.0009530617107457708,0.0009530617107457708,807,807,0,-1,4,4,2,8,779,386,774
198,12,12,552,552,0,26,26,526,526,0,0.0002042275094455223,0.0002042275094455223,571,571,0,-1,4,4,7,3,207,496,954
199,6,6,406,406,0,35,35,545,545,0,0.0002723033459273631,0.0002723033459273631,606,606,0,-1,4,4,8,1,218,452,726
200,6,6,419,419,0,22,22,477,477,0,3.4037918240920386e-05,3.4037918240920386e-05,408,408,0,-1,4,4,8,2,468,575,705
201,55,156,808,936,128,80,80,770,770,0,0.0008509479560230097,0.00088498587426393,774,778,4,5,3,3,10,10,258,366,602
202,0,616,1,993,992,0,30,1,615,614,0.0,0.0012253650566731338,1,834,833,2,-1,3,6,3,536,746,120
203,6,107,449,922,473,12,12,464,464,0,0.0,0.0,1,1,0,6,4,4,4,2,542,654,708
204,51,51,842,842,0,24,24,666,666,0,0.0008509479560230097,0.0008509479560230097,798,798,0,-1,4,4,4,14,649,387,991
205,6,108,519,955,436,8,8,550,550,0,0.00010211375472276115,0.000442492937131965,488,681,193,4,4,4,2,2,946,215,343
206,18,224,638,966,328,30,30,554,554,0,0.0002382654276864427,0.001157289220191293,592,817,225,3,4,4,7,3,364,519,399
207,72,174,926,974,48,32,32,943,943,0,0.0028591851322373124,0.0028932230504782326,934,936,2,4,3,3,2,14,781,68,149
208,0,206,1,946,945,0,40,1,435,434,0.0,0.00013615167296368154,1,508,507,3,-1,4,17,0,63,769,493
209,0,0,1,1,0,0,0,1,1,0,0.0,0.0,1,1,0,-1,-1,-1,12,0,252,940,780
210,0,101,1,922,921,0,4,1,332,331,0.0,0.0,1,1,0,5,-1,6,4,0,566,372,837
211,24,126,656,908,252,40,40,561,561,0,0.00037441710065012424,0.00037441710065012424,661,661,0,4,3,3,9,3,277,653,606
212,64,680,807,992,185,174,174,881,881,0,0.0006467204465774873,0.0013955546478777359,740,845,105,2,2,2,15,6,0,107,40
213,412,412,991,991,0,64,64,930,930,0,0.011266550937744648,0.011266550937744648,985,985,0,-1,3,3,4,85,558,0,915
214,0,101,1,969,968,0,2,1,329,328,0.0,6.807583648184077e-05,1,452,451,5,-1,6,2,0,898,992,319
215,13,13,582,582,0,32,32,641,641,0,0.00034037918240920387,0.00034037918240920387,653,653,0,-1,4,4,6,3,606,291,962
216,16,16,565,565,0,94,94,830,830,0,0.0010211375472276116,0.0010211375472276116,797,797,0,-1,3,3,9,1,327,612,864
217,0,102,1,946,945,0,4,1,410,409,0.0,0.0005105687736138058,1,721,720,4,-1,5,2,0,928,995,273
218,12,12,476,476,0,65,65,483,483,0,0.0,0.0,1,1,0,-1,4,4,21,3,25,361,820
219,59,161,829,939,110,112,112,953,953,0,0.0019061234214915416,0.0021784267674189047,869,889,20,4,2,2,8,4,488,125,237
220,18,120,649,928,279,28,28,598,598,0,0.00088498587426393,0.0014636304843595766,789,843,54,4,4,4,6,6,606,192,294
221,0,102,1,948,947,0,7,1,415,414,0.0,0.00034037918240920387,1,657,656,4,-1,5,4,0,480,815,467
222,6,108,439,922,483,26,26,582,582,0,0.0002042275094455223,0.00037441710065012424,569,660,91,4,4,4,5,2,531,648,869
223,0,102,1,954,953,0,8,1,502,501,0.0,0.0012253650566731338,1,843,842,4,-1,5,4,0,860,903,297
224,6,108,459,929,470,10,10,448,448,0,6.807583648184077e-05,0.00010211375472276115,458,490,32,4,5,5,5,4,843,319,313
225,24,24,604,604,0,98,98,549,549,0,0.00013615167296368154,0.00013615167296368154,490,490,0,-1,3,3,22,4,33,567,455
226,0,206,1,967,966,0,14,1,477,476,0.0,0.0004084550188910446,1,681,680,3,-1,4,5,1,519,705,312
227,0,206,1,950,949,0,23,1,421,420,0.0,0.0004084550188910446,1,668,667,3,-1,4,10,0,310,933,268
228,42,248,859,989,130,18,22,844,868,24,0.001497668402600497,0.0031314884781646754,866,933,67,3,3,3,2,17,889,269,96
229,7,213,483,956,473,21,22,419,433,14,3.4037918240920386e-05,0.0002382654276864427,395,593,198,3,4,4,9,3,213,631,519
230,0,616,1,989,988,0,58,1,472,471,0.0,0.0006807583648184077,1,724,723,2,-1,3,20,0,70,715,197
231,0,101,1,912,911,0,5,1,332,331,0.0,0.0,1,1,0,5,-1,6,5,0,524,702,442
232,0,206,1,958,957,0,34,1,570,569,0.0,0.0024166921951053475,1,910,909,3,-1,4,7,0,374,808,127
233,8,109,572,944,372,10,10,523,523,0,0.0002042275094455223,0.0002723033459273631,576,625,49,5,4,4,3,2,785,576,662
234,0,102,1,889,888,0,16,1,387,386,0.0,0.0005786446100956465,1,723,722,4,-1,5,9,0,287,914,138
235,0,102,1,924,923,0,9,1,407,406,0.0,0.0006467204465774873,1,740,739,4,-1,5,5,1,534,660,245
236,0,102,1,902,901,0,13,1,370,369,0.0,0.00013615167296368154,1,520,519,4,-1,5,11,0,261,803,398
237,16,16,642,642,0,26,26,745,745,0,0.0002042275094455223,0.0002042275094455223,554,554,0,-1,3,3,4,1,550,168,942
238,0,0,1,1,0,0,0,1,1,0,0.0,0.0,1,1,0,-1,-1,-1,2,0,904,892,696
239,18,120,722,958,236,22,22,818,818,0,0.0005786446100956465,0.0007488342013002485,735,769,34,4,3,3,2,2,919,586,315
240,8,110,492,905,413,20,20,444,444,0,3.4037918240920386e-05,0.0002042275094455223,407,573,166,4,4,4,8,2,499,749,262
241,8,8,566,566,0,12,12,609,609,0,0.0002382654276864427,0.0002382654276864427,608,608,0,-1,4,4,2,3,976,263,716
242,0,206,1,964,963,0,32,1,603,602,0.0,0.0033357159876101976,1,929,928,3,-1,4,6,0,369,937,126
243,10,112,643,961,318,12,12,686,686,0,0.0005105687736138058,0.0006126825283365669,721,739,18,4,4,4,2,4,991,288,362
244,28,128,736,940,204,30,30,674,674,0,0.0004765308553728854,0.0006126825283365669,709,746,37,4,4,4,5,9,363,212,315
245,117,323,937,983,46,84,84,952,952,0,0.0031314884781646754,0.0034718676605738795,928,937,9,3,2,2,5,17,294,180,785
246,0,102,1,874,873,0,17,1,359,358,0.0,0.0,1,1,0,4,-1,5,15,0,0,937,598
247,100,100,873,873,0,100,100,811,811,0,0.015112835698968652,0.015351101126655093,989,989,0,3,1,1,11,10,230,366,404
248,28,130,696,917,221,80,80,746,746,0,0.0002042275094455223,0.00034037918240920387,576,653,77,4,3,3,11,5,174,182,797
249,8,214,512,969,457,18,18,493,493,0,3.4037918240920386e-05,0.00034037918240920387,407,659,252,3,4,4,5,2,474,549,199
250,8,109,558,936,378,8,8,481,481,0,0.00013615167296368154,0.00013615167296368154,528,528,0,5,4,4,2,4,589,270,781
251,0,206,1,952,951,0,24,1,421,420,0.0,0.00010211375472276115,1,472,471,3,-1,4,11,0,230,772,389
252,104,720,861,991,130,212,212,890,890,0,0.0018720855032506212,0.0057524081827155455,870,959,89,2,2,2,19,6,11,295,77
253,28,28,651,651,0,92,92,627,627,0,0.0002723033459273631,0.0002723033459273631,614,614,0,-1,3,3,17,5,210,688,987
254,2,208,362,974,612,9,14,435,504,69,6.807583648184077e-05,0.0013615167296368155,454,844,390,3,5,4,5,1,629,718,129
255,0,206,1,972,971,0,10,1,472,471,0.0,0.0006467204465774873,1,749,748,3,-1,4,3,0,585,664,479
256,12,12,563,563,0,18,18,566,566,0,0.0002723033459273631,0.0002723033459273631,614,614,0,-1,4,4,3,2,634,465,784
257,2,103,369,933,564,5,5,392,392,0,6.807583648184077e-05,0.00017018959120460194,445,550,105,5,5,5,3,2,615,679,314
258,0,0,1,1,0,0,0,1,1,0,0.0,0.0,1,1,0,-1,-1,-1,7,0,361,800,950
259,64,166,893,972,79,32,32,938,938,0,0.0030634126416828346,0.0038462847612240037,926,947,21,4,3,3,2,12,979,104,79
260,19,120,703,943,240,12,12,604,604,0,0.0004765308553728854,0.0005105687736138058,708,721,13,5,4,4,2,5,589,591,499
261,54,54,807,807,0,84,84,793,793,0,0.0008509479560230097,0.0008509479560230097,777,777,0,-1,3,3,9,8,136,264,898
262,8,214,498,963,465,24,24,571,571,0,0.00013615167296368154,0.00017018959120460194,517,542,25,3,4,4,4,2,503,724,553
263,0,102,1,913,912,0,5,1,355,354,0.0,3.4037918240920386e-05,1,399,398,4,-1,5,4,0,632,989,935
264,24,126,661,900,239,66,66,654,654,0,0.00034037918240920387,0.0005105687736138058,642,709,67,4,4,4,11,4,230,86,239
265,0,102,1,958,957,0,5,1,431,430,0.0,0.0002723033459273631,1,623,622,4,-1,5,3,0,668,349,299
266,6,6,429,429,0,15,15,441,441,0,0.0,0.0,1,1,0,-1,4,4,6,1,356,935,977
267,67,67,915,915,0,12,12,664,664,0,0.0030974505599237552,0.0030974505599237552,939,939,0,-1,4,4,2,24,781,119,823
268,19,121,665,929,264,39,39,836,836,0,0.00030634126416828345,0.00037441710065012424,638,665,27,4,3,3,4,4,949,339,570
269,0,102,1,933,932,0,4,1,371,370,0.0,3.4037918240920386e-05,1,412,411,4,-1,5,3,0,823,533,4
270,22,124,594,891,297,80,80,552,552,0,6.807583648184077e-05,0.00013615167296368154,442,502,60,4,3,3,19,3,148,300,347
271,12,12,495,495,0,60,60,509,509,0,0.00010211375472276115,0.00010211375472276115,479,479,0,-1,4,4,17,3,24,290,965
272,2,104,377,948,571,3,4,379,421,42,6.807583648184077e-05,0.0002382654276864427,458,609,151,4,5,5,2,1,986,899,258
273,70,171,819,925,106,164,164,831,831,0,0.0009870996289866913,0.0009870996289866913,792,792,0,5,3,3,18,10,111,195,558
274,56,672,821,998,177,94,94,857,857,0,0.0012934408931549745,0.0026889955410327104,829,910,81,2,3,3,9,5,394,403,79
275,45,45,786,786,0,70,70,737,737,0,0.0007828721195411688,0.0007828721195411688,773,773,0,-1,3,3,9,6,803,4,358
276,0,0,1,1,0,0,0,1,1,0,0.0,0.0,1,1,0,-1,-1,-1,3,0,911,883,909
277,0,616,1,995,994,0,38,1,551,550,0.0,0.0014636304843595766,1,845,844,2,-1,3,9,0,119,571,475
278,0,102,1,942,941,0,3,1,379,378,0.0,0.00013615167296368154,1,509,508,4,-1,5,2,1,937,693,444
279,6,622,434,996,562,25,58,518,786,268,0.0,0.004935498144933456,1,958,957,2,4,3,7,2,658,654,25
280,79,79,886,886,0,44,44,830,830,0,0.0018720855032506212,0.0018720855032506212,884,884,0,-1,3,3,4,27,558,304,997
281,26,232,699,969,270,38,38,614,614,0,0.00037441710065012424,0.0022465026039007454,672,895,223,3,4,4,7,7,320,253,112
282,209,311,950,974,24,132,132,956,956,0,0.004322815616596889,0.004561081044283332,949,954,5,4,2,2,8,27,411,69,452
283,6,6,453,453,0,11,11,466,466,0,3.4037918240920386e-05,3.4037918240920386e-05,405,405,0,-1,4,4,4,2,945,313,685
284,90,90,904,904,0,60,60,913,913,0,0.0019061234214915416,0.0019061234214915416,881,881,0,-1,3,3,5,17,570,79,588
285,0,206,1,944,943,0,33,1,381,380,0.0,0.00030634126416828345,1,617,616,3,-1,4,21,0,25,990,670
286,6,108,407,895,488,44,44,561,561,0,0.00010211375472276115,0.0007488342013002485,477,762,285,4,4,4,10,1,409,718,630
287,6,6,443,443,0,12,12,472,472,0,3.4037918240920386e-05,3.4037918240920386e-05,395,395,0,-1,4,4,4,1,659,577,846
288,24,230,655,958,303,96,96,775,775,0,0.0002723033459273631,0.0004765308553728854,613,693,80,3,3,3,11,5,76,589,391
289,0,101,1,896,895,0,11,1,332,331,0.0,0.0,1,1,0,5,-1,6,11,1,176,835,506
290,112,214,953,979,26,22,22,820,820,0,0.003642057251778481,0.004493005207801491,938,953,15,4,3,3,2,32,232,26,147
291,8,214,529,971,442,11,24,447,649,202,0.00013615167296368154,0.004901460226692535,533,959,426,3,4,4,4,5,641,231,18
292,65,271,843,973,130,60,60,715,715,0,0.0008169100377820892,0.0012934408931549745,773,831,58,3,3,3,9,15,190,219,194
293,6,6,417,417,0,16,16,434,434,0,0.00010211375472276115,0.00010211375472276115,486,486,0,-1,4,4,6,1,432,531,633
294,30,132,738,935,197,30,30,637,637,0,0.0002042275094455223,0.00034037918240920387,572,658,86,4,3,3,6,4,451,210,93
295,224,430,974,993,19,64,64,951,951,0,0.005820484019197386,0.00622893903808843,967,967,0,3,3,3,4,49,619,31,494
296,227,843,971,999,28,66,66,864,864,0,0.005446066918547262,0.0176997174852786,962,989,27,2,3,3,6,49,451,51,2
297,0,101,1,955,954,0,2,1,331,330,0.0,6.807583648184077e-05,1,464,463,5,-1,6,2,1,913,513,285
298,8,8,556,556,0,10,10,501,501,0,3.4037918240920386e-05,3.4037918240920386e-05,405,405,0,-1,4,4,3,2,699,602,201
299,0,102,1,913,912,0,5,1,360,359,0.0,0.00010211375472276115,1,477,476,4,-1,5,4,0,711,889,442
300,40,40,805,805,0,52,52,941,941,0,0.001157289220191293,0.001157289220191293,833,833,0,-1,2,2,3,2,613,493,672
301,0,0,1,1,0,0,0,1,1,0,0.0,0.0,1,1,0,-1,-1,-1,2,0,972,772,922
302,40,246,706,958,252,146,146,829,829,0,0.0002723033459273631,0.0007488342013002485,600,753,153,3,2,2,15,1,49,681,336
303,17,119,677,942,265,14,14,569,569,0,0.000442492937131965,0.0007147962830593281,683,760,77,4,4,4,3,7,337,170,475
304,10,626,501,992,491,26,102,417,785,368,0.00010211375472276115,0.005718370264474625,487,960,473,2,4,3,12,3,44,534,70
305,0,102,1,917,916,0,10,1,427,426,0.0,0.00017018959120460194,1,541,540,4,-1,5,5,0,720,875,328
306,40,142,774,927,153,64,64,795,795,0,0.0007828721195411688,0.0009190237925048504,772,797,25,4,3,3,8,6,488,377,360
307,0,102,1,923,922,0,5,1,380,379,0.0,0.0005786446100956465,1,733,732,4,-1,5,3,0,620,740,377
308,0,206,1,960,959,0,30,1,525,524,0.0,0.0012253650566731338,1,829,828,3,-1,4,7,0,591,588,144
309,0,206,1,972,971,0,10,1,472,471,0.0,0.00010211375472276115,1,497,496,3,-1,4,3,1,585,573,362
310,12,218,630,977,347,11,16,504,579,75,0.0,0.00037441710065012424,1,675,674,3,4,4,4,5,607,274,318
311,16,16,571,571,0,48,48,646,646,0,0.00010211375472276115,0.00010211375472276115,480,480,0,-1,3,3,9,1,315,689,583
312,17,17,686,686,0,14,14,498,498,0,0.0002382654276864427,0.0002382654276864427,598,598,0,-1,4,4,5,6,647,368,483
313,10,216,552,970,418,14,14,477,477,0,0.00013615167296368154,0.0007828721195411688,517,776,259,3,4,4,5,4,487,443,218
314,8,8,505,505,0,20,20,445,445,0,0.00013615167296368154,0.00013615167296368154,520,520,0,-1,4,4,9,3,278,585,554
315,12,12,598,598,0,30,30,733,733,0,0.0002382654276864427,0.0002382654276864427,590,590,0,-1,4,4,5,2,663,827,358
316,12,114,635,949,314,12,12,609,609,0,0.00017018959120460194,0.0005105687736138058,563,723,160,4,4,4,2,5,976,528,376
317,0,206,1,954,953,0,29,1,466,465,0.0,0.00013615167296368154,1,497,496,3,-1,4,11,0,271,429,339
318,0,0,1,1,0,0,0,1,1,0,0.0,0.0,1,1,0,-1,-1,-1,3,0,856,600,963
319,9,9,633,633,0,18,18,798,798,0,0.0002723033459273631,0.0002723033459273631,624,624,0,-1,4,4,3,3,668,268,838
320,228,228,969,969,0,126,126,972,972,0,0.005684332346233704,0.005684332346233704,965,965,0,-1,2,2,7,27,329,88,926
321,6,622,436,997,561,8,22,439,709,270,0.0002042275094455223,0.0028932230504782326,567,918,351,2,4,3,2,2,893,785,257
322,20,636,630,994,364,46,60,553,634,81,0.0002723033459273631,0.0011232513019503727,613,818,205,2,4,3,11,9,224,341,636
323,0,0,1,1,0,0,0,1,1,0,0.0,0.0,1,1,0,-1,-1,-1,17,0,24,884,706
324,6,212,402,955,553,31,46,466,547,81,0.0002382654276864427,0.0009870996289866913,585,796,211,3,4,4,11,1,150,537,438
325,100,100,875,875,0,100,100,844,844,0,0.03012355764321454,0.03012355764321454,999,999,0,-1,1,1,9,85,192,0,678
326,50,50,760,760,0,110,110,691,691,0,0.000442492937131965,0.000442492937131965,677,677,0,-1,3,3,17,6,71,199,529
327,90,296,863,972,109,100,100,797,797,0,0.0015657442390823377,0.0021784267674189047,856,893,37,3,3,3,10,13,285,335,184
328,10,10,559,559,0,20,20,563,563,0,0.0002042275094455223,0.0002042275094455223,562,562,0,-1,4,4,4,4,759,625,796
329,46,148,787,929,142,52,52,735,735,0,0.0007828721195411688,0.00088498587426393,770,785,15,4,3,3,6,7,312,170,537
330,114,215,941,973,32,40,40,805,805,0,0.003165526396405596,0.003165526396405596,926,926,0,5,3,3,5,19,580,133,885
331,203,304,954,974,20,124,124,914,914,0,0.003199564314646516,0.003199564314646516,926,926,0,5,3,3,9,31,287,35,692
332,2,104,370,943,573,7,7,419,419,0,3.4037918240920386e-05,0.0002042275094455223,404,568,164,4,5,5,4,1,789,537,634
333,0,0,1,1,0,0,0,1,1,0,0.0,0.0,1,1,0,-1,-1,-1,7,0,196,914,254
334,6,212,453,971,518,14,14,542,542,0,0.00034037918240920387,0.001055175465468532,658,829,171,3,4,4,3,2,780,215,269
335,16,16,532,532,0,50,50,486,486,0,3.4037918240920386e-05,3.4037918240920386e-05,399,399,0,-1,3,3,15,1,104,506,950
336,48,664,770,994,224,84,94,712,742,30,0.00034037918240920387,0.0011913271384322134,643,815,172,2,3,3,13,10,113,262,196
337,71,173,863,953,90,46,46,734,734,0,0.0011232513019503727,0.0013274788113958951,818,841,23,4,3,3,6,18,470,147,40
338,0,101,1,944,943,0,2,1,331,330,0.0,6.807583648184077e-05,1,445,444,5,-1,6,2,0,942,894,214
339,14,115,576,921,345,26,26,482,482,0,0.0002382654276864427,0.0002382654276864427,597,597,0,5,4,4,9,3,119,653,853
340,18,120,627,919,292,44,44,643,643,0,0.00030634126416828345,0.0005786446100956465,630,729,99,4,4,4,8,3,418,519,622
341,6,6,393,393,0,38,38,442,442,0,0.00010211375472276115,0.00010211375472276115,487,487,0,-1,4,4,15,2,107,662,650
342,14,116,569,913,344,30,30,622,622,0,0.00017018959120460194,0.0002723033459273631,539,615,76,4,4,4,5,4,818,501,263
343,58,160,754,912,158,212,212,817,817,0,0.0006807583648184077,0.0007147962830593281,738,742,4,4,2,2,22,5,18,619,662
344,49,665,793,994,201,66,70,709,740,31,0.0007147962830593281,0.005105687736138058,759,957,198,2,3,3,10,10,259,296,50
345,0,206,1,952,951,0,29,1,477,476,0.0,0.0004765308553728854,1,688,687,3,-1,4,10,0,109,696,519
346,0,616,1,997,996,0,58,1,766,765,0.0,0.008577555396711936,1,976,975,2,-1,3,8,0,318,941,11
347,6,6,459,459,0,12,12,496,496,0,0.0004084550188910446,0.0004084550188910446,685,685,0,-1,4,4,4,2,543,670,880
348,0,0,1,1,0,0,0,1,1,0,0.0,0.0,1,1,0,-1,-1,-1,2,0,980,938,844
349,6,212,413,957,544,20,28,449,509,60,0.0,0.0010892133837094523,1,817,816,3,4,4,8,2,142,492,277
350,0,0,1,1,0,0,0,1,1,0,0.0,0.0,1,1,0,-1,-1,-1,8,0,334,826,984
351,0,0,1,1,0,0,0,1,1,0,0.0,0.0,1,1,0,-1,-1,-1,9,0,164,750,358
352,0,0,1,1,0,0,0,1,1,0,0.0,0.0,1,1,0,-1,-1,-1,2,0,859,936,568
353,6,108,405,893,488,18,18,426,426,0,3.4037918240920386e-05,6.807583648184077e-05,404,450,46,4,4,4,7,1,296,837,935
354,24,24,729,729,0,28,28,771,771,0,0.00034037918240920387,0.00034037918240920387,644,644,0,-1,3,3,3,6,839,447,995
355,0,0,1,1,0,0,0,1,1,0,0.0,0.0,1,1,0,-1,-1,-1,5,0,528,511,569
356,24,126,649,906,257,68,68,646,646,0,0.0005446066918547262,0.0006467204465774873,715,736,21,4,3,3,11,4,188,622,215
357,443,545,993,997,4,56,56,989,989,0,0.013581129378127233,0.013921508560536438,990,990,0,4,2,2,2,83,932,10,591
358,2,2,347,347,0,15,15,366,366,0,0.0,0.0,1,1,0,-1,5,5,11,2,66,292,358
359,0,101,1,905,904,0,7,1,331,330,0.0,6.807583648184077e-05,1,459,458,5,-1,6,7,0,510,498,401
360,2,2,361,361,0,9,9,416,416,0,0.00010211375472276115,0.00010211375472276115,483,483,0,-1,5,5,5,2,463,654,548
361,5,211,430,967,537,10,14,409,452,43,3.4037918240920386e-05,0.00010211375472276115,396,482,86,3,5,4,5,5,377,570,369
362,16,16,633,633,0,20,20,558,558,0,0.00017018959120460194,0.00017018959120460194,553,553,0,-1,4,4,4,4,542,164,970
363,0,0,1,1,0,0,0,1,1,0,0.0,0.0,1,1,0,-1,-1,-1,2,0,596,744,976
364,16,632,530,989,459,82,108,596,707,111,6.807583648184077e-05,0.0020422750944552232,445,886,441,2,3,3,16,1,26,718,39
365,26,232,755,975,220,24,24,681,681,0,0.0006126825283365669,0.0015317063208414173,744,859,115,3,4,4,4,6,617,376,180
366,0,616,1,993,992,0,50,1,689,688,0.0,0.002995336805200994,1,919,918,2,-1,3,8,0,595,205,128
367,0,0,1,1,0,0,0,1,1,0,0.0,0.0,1,1,0,-1,-1,-1,3,1,892,705,912
368,306,306,983,983,0,76,76,943,943,0,0.008066986623098132,0.008066986623098132,973,973,0,-1,3,3,6,75,594,24,803
369,48,149,836,947,111,44,44,852,852,0,0.0011913271384322134,0.0012594029749140542,841,852,11,5,3,3,4,6,709,658,572
370,25,25,744,744,0,22,22,616,616,0,0.00030634126416828345,0.00030634126416828345,631,631,0,-1,4,4,5,7,376,176,961
371,0,0,1,1,0,0,0,1,1,0,0.0,0.0,1,1,0,-1,-1,-1,10,0,437,436,669
372,57,158,870,967,97,18,18,692,692,0,0.0015317063208414173,0.0015657442390823377,864,864,0,5,4,4,3,17,770,180,756
373,14,14,568,568,0,54,54,713,713,0,0.0006467204465774873,0.0006467204465774873,742,742,0,-1,4,4,9,5,168,589,776
374,32,238,782,977,195,24,24,736,736,0,0.0007147962830593281,0.0010892133837094523,765,829,64,3,3,3,3,7,743,253,809
375,94,94,906,906,0,48,48,904,904,0,0.002212464685659825,0.002212464685659825,899,899,0,-1,3,3,3,20,490,71,431
376,6,107,498,947,449,8,8,520,520,0,0.00034037918240920387,0.00034037918240920387,664,664,0,5,4,4,2,2,817,652,597
377,29,29,681,681,0,74,74,612,612,0,0.0002042275094455223,0.0002042275094455223,560,560,0,-1,3,3,14,7,47,371,614
378,94,94,918,918,0,38,38,897,897,0,0.002757071377514551,0.002757071377514551,917,917,0,-1,3,3,3,19,288,133,400
379,0,206,1,955,954,0,36,1,504,503,0.0,0.0013274788113958951,1,835,834,3,-1,4,10,0,125,929,100
380,97,713,900,998,98,66,66,880,880,0,0.002484768031587188,0.00353994349705572,897,929,32,2,3,3,6,19,522,144,80
381,0,0,1,1,0,0,0,1,1,0,0.0,0.0,1,1,0,-1,-1,-1,6,1,98,947,539
382,0,102,1,921,920,0,7,1,402,401,0.0,0.000442492937131965,1,696,695,4,-1,5,4,0,885,359,591
383,37,37,811,811,0,40,40,806,806,0,0.0007828721195411688,0.0007828721195411688,778,778,0,-1,3,3,5,9,647,293,733
384,1,207,333,966,633,6,13,333,434,101,0.0,0.0002042275094455223,1,565,564,3,6,4,6,1,518,540,622
385,88,704,881,998,117,56,56,814,814,0,0.0017359338302869397,0.003437829742332959,875,936,61,2,3,3,6,15,526,53,38
386,0,102,1,935,934,0,4,1,410,409,0.0,0.000442492937131965,1,678,677,4,-1,5,2,0,733,522,80
387,2,2,384,384,0,3,3,389,389,0,0.0,0.0,1,1,0,-1,5,5,2,1,967,896,922
388,44,146,873,970,97,12,12,685,685,0,0.001157289220191293,0.0016338200755641784,840,876,36,4,4,4,2,12,792,179,417
389,5,211,469,977,508,5,18,415,732,317,3.4037918240920386e-05,0.008475441641989176,409,979,570,3,5,4,3,4,785,581,23
390,0,102,1,936,935,0,3,1,374,373,0.0,0.00010211375472276115,1,501,500,4,-1,5,2,0,907,918,862
391,0,206,1,941,940,0,39,1,424,423,0.0,0.0007828721195411688,1,762,761,3,-1,4,16,1,132,852,138
392,0,102,1,922,921,0,10,1,408,407,0.0,0.0004765308553728854,1,704,703,4,-1,5,6,0,494,849,295
393,6,6,450,450,0,18,18,522,522,0,0.0002042275094455223,0.0002042275094455223,576,576,0,-1,4,4,5,2,644,670,977
394,183,799,939,996,57,202,202,958,958,0,0.004050512270669526,0.0046972327172470135,946,951,5,2,2,2,13,19,120,135,275
395,74,74,866,866,0,76,76,913,913,0,0.003812246842983083,0.003812246842983083,937,937,0,-1,2,2,6,10,575,195,948
396,6,6,410,410,0,20,20,467,467,0,0.00017018959120460194,0.00017018959120460194,537,537,0,-1,4,4,6,2,157,714,838
397,4,4,496,496,0,4,4,416,416,0,0.0002042275094455223,0.0002042275094455223,591,591,0,-1,5,5,2,2,913,524,686
398,0,0,1,1,0,0,0,1,1,0,0.0,0.0,1,1,0,-1,-1,-1,6,0,661,987,678
399,14,116,569,914,345,16,16,450,450,0,6.807583648184077e-05,0.00013615167296368154,446,505,59,4,4,4,6,3,470,353,248
400,16,117,624,930,306,26,26,715,715,0,0.00013615167296368154,0.0002042275094455223,513,568,55,5,3,3,4,1,539,474,124
401,0,101,1,936,935,0,2,1,331,330,0.0,0.00010211375472276115,1,495,494,5,-1,6,2,0,939,740,547
402,0,0,1,1,0,0,0,1,1,0,0.0,0.0,1,1,0,-1,-1,-1,2,3,994,753,324
403,22,228,682,967,285,46,46,735,735,0,0.00034037918240920387,0.0007828721195411688,655,774,119,3,3,3,6,4,387,346,154
404,34,136,803,956,153,12,12,586,586,0,0.0005105687736138058,0.0007828721195411688,719,776,57,4,4,4,2,9,934,245,770
405,572,572,995,995,0,144,144,996,996,0,0.014738418598318526,0.014738418598318526,989,989,0,-1,2,2,6,91,266,7,271
406,14,14,590,590,0,28,28,567,567,0,0.00017018959120460194,0.00017018959120460194,542,542,0,-1,4,4,6,3,328,677,843
407,24,230,595,943,348,98,106,561,603,42,0.00010211375472276115,0.0002042275094455223,469,564,95,3,3,3,21,3,74,214,425
408,19,225,622,961,339,38,42,566,589,23,0.00030634126416828345,0.0009870996289866913,616,794,178,3,4,4,9,7,330,371,616
409,119,119,916,916,0,68,68,792,792,0,0.0026889955410327104,0.0026889955410327104,913,913,0,-1,3,3,8,19,201,72,744
410,30,131,753,936,183,34,34,765,765,0,0.00013615167296368154,0.00017018959120460194,530,556,26,5,3,3,4,5,675,165,781
411,6,622,386,989,603,54,96,459,580,121,0.00010211375472276115,0.0016678579938050988,481,868,387,2,4,3,19,1,83,416,122
412,22,228,595,952,357,122,122,714,714,0,0.0004084550188910446,0.00088498587426393,668,790,122,3,3,3,17,3,56,610,118
413,6,6,457,457,0,16,16,491,491,0,3.4037918240920386e-05,3.4037918240920386e-05,403,403,0,-1,4,4,6,2,661,544,784
414,13,115,611,932,321,20,20,539,539,0,0.0002042275094455223,0.00034037918240920387,572,644,72,4,4,4,6,3,594,214,697
415,0,616,1,995,994,0,35,1,635,634,0.0,0.0009190237925048504,1,790,789,2,-1,3,7,0,505,902,616
416,0,102,1,925,924,0,7,1,399,398,0.0,0.0004765308553728854,1,696,695,4,-1,5,4,0,424,228,381
417,13,219,659,979,320,18,18,721,721,0,0.0002382654276864427,0.001940161339732462,602,884,282,3,4,4,3,6,569,447,119
418,0,206,1,961,960,0,24,1,523,522,0.0,0.00034037918240920387,1,650,649,3,-1,4,6,0,356,960,482
419,0,206,1,979,978,0,7,1,536,535,0.0,0.0002382654276864427,1,605,604,3,-1,4,2,2,951,431,447
420,8,8,547,547,0,11,11,485,485,0,0.00030634126416828345,0.00030634126416828345,633,633,0,-1,4,4,4,3,507,214,962
421,2,2,363,363,0,3,3,366,366,0,6.807583648184077e-05,6.807583648184077e-05,456,456,0,-1,5,5,2,1,816,601,793
422,0,101,1,939,938,0,3,1,331,330,0.0,0.0,1,1,0,5,-1,6,3,0,953,844,555
423,345,551,978,992,14,174,174,967,967,0,0.007113924912352361,0.008169100377820893,972,975,3,3,2,2,10,34,105,20,79
424,2,104,349,885,536,12,13,355,369,14,0.0,3.4037918240920386e-05,1,402,401,4,5,5,10,2,205,721,416
425,20,226,686,969,283,14,18,517,585,68,0.0002042275094455223,0.0012253650566731338,572,846,274,3,4,4,3,4,490,210,84
426,0,101,1,911,910,0,6,1,332,331,0.0,0.0,1,1,0,8,-1,9,6,0,405,974,448
427,91,193,955,986,31,18,18,895,895,0,0.0020763130126961434,0.0038462847612240037,902,947,45,4,3,3,2,23,933,66,74
428,0,616,1,995,994,0,78,1,828,827,0.0,0.007284114503556962,1,970,969,2,-1,3,8,1,420,789,19
429,67,67,856,856,0,50,50,797,797,0,0.0015657442390823377,0.0015657442390823377,851,851,0,-1,3,3,5,13,390,261,455
430,45,147,768,920,152,116,116,856,856,0,0.0008169100377820892,0.001055175465468532,781,809,28,4,3,3,11,6,307,232,121
431,32,32,726,726,0,64,64,788,788,0,0.00088498587426393,0.00088498587426393,783,783,0,-1,3,3,8,6,468,114,701
432,22,228,680,974,294,42,46,732,759,27,0.00013615167296368154,0.0011232513019503727,518,818,300,3,3,3,6,4,515,551,148
433,0,0,1,1,0,0,0,1,1,0,0.0,0.0,1,1,0,-1,-1,-1,8,0,303,990,816
434,85,701,842,993,151,158,158,828,828,0,0.0013274788113958951,0.0042547397801150485,844,943,99,2,3,3,17,11,39,97,76
435,0,0,1,1,0,0,0,1,1,0,0.0,0.0,1,1,0,-1,-1,-1,8,0,541,812,624
436,6,6,394,394,0,25,25,433,433,0,3.4037918240920386e-05,3.4037918240920386e-05,409,409,0,-1,4,4,10,2,135,320,489
437,18,120,680,943,263,30,30,760,760,0,0.0004765308553728854,0.0005105687736138058,701,711,10,4,3,3,4,2,891,465,618
438,123,225,902,956,54,124,124,850,850,0,0.002144388849177984,0.0021784267674189047,886,887,1,4,3,3,13,19,160,91,442
439,100,100,844,844,0,100,100,597,597,0,0.010824058000612683,0.010824058000612683,984,984,0,4,1,1,19,15,19,36,320
440,28,1668,670,1000,330,70,94,721,819,98,0.0007147962830593281,0.010892133837094524,752,982,230,1,3,2,9,3,100,351,90
441,16,118,586,913,327,38,38,673,673,0,0.00034037918240920387,0.00034037918240920387,649,649,0,4,3,3,6,1,393,741,402
442,0,206,1,971,970,0,20,1,614,613,0.0,0.0012253650566731338,1,836,835,3,-1,4,4,0,593,867,120
443,0,102,1,967,966,0,3,1,404,403,0.0,0.00017018959120460194,1,552,551,4,-1,5,2,0,807,927,625
444,19,121,653,929,276,32,32,638,638,0,0.0004084550188910446,0.000442492937131965,664,682,18,4,4,4,6,7,515,237,434
445,87,87,896,896,0,44,44,835,835,0,0.002280540522141666,0.002280540522141666,901,901,0,-1,3,3,4,23,444,122,940
446,0,102,1,940,939,0,4,1,404,403,0.0,0.0007488342013002485,1,772,771,4,-1,5,2,0,894,903,148
447,0,102,1,912,911,0,6,1,360,359,0.0,6.807583648184077e-05,1,444,443,4,-1,5,5,0,406,664,442
448,0,0,1,1,0,0,0,1,1,0,0.0,0.0,1,1,0,-1,-1,-1,3,1,484,730,929
449,72,278,886,984,98,42,42,806,806,0,0.0013955546478777359,0.002927260968719153,847,924,77,3,3,3,6,17,529,45,151
450,0,0,1,1,0,0,0,1,1,0,0.0,0.0,1,1,0,-1,-1,-1,2,0,841,498,798
451,0,102,1,894,893,0,13,1,345,344,0.0,3.4037918240920386e-05,1,389,388,4,-1,5,12,0,93,994,290
452,6,212,379,946,567,38,70,393,490,97,6.807583648184077e-05,0.0006126825283365669,451,720,269,3,4,4,21,1,1,503,295
453,15,221,667,977,310,14,14,577,577,0,0.00017018959120460194,0.0014636304843595766,552,859,307,3,4,4,3,4,712,380,82
454,6,6,390,390,0,34,34,452,452,0,0.00010211375472276115,0.00010211375472276115,479,479,0,-1,4,4,14,1,79,552,903
455,12,113,597,936,339,12,12,567,567,0,0.0002382654276864427,0.0002723033459273631,597,615,18,5,4,4,2,2,846,682,931
456,40,246,752,966,214,86,86,757,757,0,0.0016338200755641784,0.0020422750944552232,859,887,28,3,2,2,10,4,114,409,500
457,63,63,825,825,0,78,78,703,703,0,0.0007488342013002485,0.0007488342013002485,765,765,0,-1,3,3,12,17,375,131,850
458,0,0,1,1,0,0,0,1,1,0,0.0,0.0,1,1,0,-1,-1,-1,7,1,273,641,923
459,1,103,333,882,549,10,19,333,399,66,0.0,0.00037441710065012424,1,656,655,4,6,5,10,2,99,739,296
460,0,102,1,961,960,0,3,1,383,382,0.0,0.0005786446100956465,1,744,743,4,-1,5,2,0,799,638,189
461,0,102,1,911,910,0,6,1,359,358,0.0,0.0,1,1,0,4,-1,5,5,1,604,841,364
462,0,102,1,893,892,0,14,1,392,391,0.0,0.0004765308553728854,1,696,695,4,-1,5,8,0,428,956,46
463,1,207,333,963,630,8,48,333,693,360,0.0,0.006671431975220395,1,969,968,3,6,4,8,1,454,861,7
464,20,121,593,890,297,44,44,470,470,0,0.000442492937131965,0.000442492937131965,673,673,0,5,4,4,14,6,85,613,552
465,0,102,1,904,903,0,9,1,379,378,0.0,0.0002042275094455223,1,578,577,4,-1,5,6,0,402,511,121
466,6,108,424,911,487,30,30,562,562,0,3.4037918240920386e-05,6.807583648184077e-05,408,459,51,4,4,4,7,1,510,718,337
467,1,1,333,333,0,5,5,333,333,0,3.4037918240920386e-05,3.4037918240920386e-05,415,415,0,-1,6,6,5,2,326,615,776
468,0,101,1,969,968,0,2,1,330,329,0.0,0.00010211375472276115,1,498,497,5,-1,6,2,0,962,963,173
469,49,255,800,969,169,66,66,741,741,0,0.0008509479560230097,0.001157289220191293,780,823,43,3,3,3,9,8,367,177,432
470,0,206,1,937,936,0,70,1,496,495,0.0,0.0004084550188910446,1,654,653,3,-1,4,19,0,14,971,62
471,0,206,1,957,956,0,16,1,437,436,0.0,0.0002723033459273631,1,611,610,3,-1,4,6,0,560,942,29
472,3,104,415,910,495,6,6,357,357,0,6.807583648184077e-05,0.00010211375472276115,465,498,33,5,5,5,5,5,479,605,274
473,13,13,648,648,0,12,12,604,604,0,0.000442492937131965,0.000442492937131965,687,687,0,-1,4,4,2,3,761,291,433
474,22,638,685,997,312,44,54,789,868,79,0.0004084550188910446,0.010109261717553355,674,983,309,2,3,3,4,3,567,525,37
475,75,177,866,954,88,62,62,812,812,0,0.0008509479560230097,0.00088498587426393,787,790,3,4,3,3,7,12,510,99,566
476,0,101,1,969,968,0,2,1,331,330,0.0,3.4037918240920386e-05,1,402,401,5,-1,6,2,0,959,801,873
477,212,418,967,987,20,84,84,886,886,0,0.004356853534837809,0.004629156880765172,952,954,2,3,3,3,8,48,323,56,392
478,12,628,593,997,404,30,40,700,799,99,0.0006126825283365669,0.005718370264474625,723,964,241,2,4,3,5,5,765,535,5
479,0,0,1,1,0,0,0,1,1,0,0.0,0.0,1,1,0,-1,-1,-1,2,0,807,843,984
480,80,80,906,906,0,62,62,965,965,0,0.003778208924742163,0.003778208924742163,948,948,0,-1,2,2,3,9,756,130,565
481,0,206,1,948,947,0,33,1,441,440,0.0,0.0002723033459273631,1,609,608,3,-1,4,14,0,130,940,741
482,3,105,436,935,499,4,5,367,392,25,0.0,6.807583648184077e-05,1,450,449,4,5,5,3,3,844,563,231
483,2,104,363,939,576,4,4,413,413,0,0.00013615167296368154,0.00017018959120460194,512,538,26,4,5,5,2,1,816,718,567
484,18,119,734,954,220,12,12,633,633,0,0.0005446066918547262,0.0006126825283365669,731,749,18,5,4,4,2,5,469,306,724
485,236,337,959,975,16,182,182,940,940,0,0.003369753905851118,0.003369753905851118,931,931,0,5,2,2,14,27,268,61,640
486,5,5,421,421,0,8,8,397,397,0,0.0,0.0,1,1,0,-1,5,5,4,3,385,580,429
487,0,102,1,896,895,0,10,1,366,365,0.0,6.807583648184077e-05,1,454,453,4,-1,5,8,1,142,529,577
488,8,8,532,532,0,32,32,699,699,0,0.0002382654276864427,0.0002382654276864427,595,595,0,-1,4,4,6,2,661,628,735
489,0,0,1,1,0,0,0,1,1,0,0.0,0.0,1,1,0,-1,-1,-1,8,0,146,766,754
490,172,372,966,988,22,54,54,880,880,0,0.004663194799006093,0.006603356138738555,961,972,11,3,3,3,4,36,445,48,74
491,0,102,1,882,881,0,13,1,369,368,0.0,3.4037918240920386e-05,1,396,395,4,-1,5,10,0,310,871,652
492,10,10,551,551,0,22,22,560,560,0,0.0002042275094455223,0.0002042275094455223,562,562,0,-1,4,4,5,4,406,287,767
493,21,123,751,955,204,12,12,654,654,0,0.00037441710065012424,0.0010211375472276116,676,821,145,4,4,4,2,7,964,176,306
494,76,178,942,982,40,12,12,737,737,0,0.002757071377514551,0.003369753905851118,921,939,18,4,4,4,2,30,749,39,295
495,16,222,687,979,292,12,12,638,638,0,0.00037441710065012424,0.0030293747234419145,677,932,255,3,4,4,2,5,232,165,39
496,25,231,708,971,263,20,20,563,563,0,0.0005105687736138058,0.0006467204465774873,703,743,40,3,4,4,4,7,887,389,238
497,64,166,862,960,98,64,64,924,924,0,0.0019741992579733825,0.0021784267674189047,883,887,4,4,2,2,5,4,534,267,262
498,15,117,649,939,290,18,18,577,577,0,0.0002723033459273631,0.0005446066918547262,619,723,104,4,4,4,5,4,695,557,167
499,6,212,529,985,456,8,12,564,724,160,0.00017018959120460194,0.009190237925048503,551,977,426,3,4,4,2,2,890,785,3
500,8,109,572,947,375,5,5,407,407,0,3.4037918240920386e-05,3.4037918240920386e-05,398,398,0,5,5,5,3,5,867,274,718
501,100,100,856,856,0,176,176,877,877,0,0.0018720855032506212,0.0018720855032506212,878,878,0,-1,3,3,16,9,26,277,707
502,66,272,854,974,120,56,56,797,797,0,0.0013274788113958951,0.001599782157323258,842,866,24,3,3,3,6,14,470,84,191
503,0,101,1,919,918,0,3,1,331,330,0.0,0.0,1,1,0,8,-1,9,3,0,780,905,448
504,169,375,953,988,35,100,100,965,965,0,0.0045270431260424114,0.0046972327172470135,948,949,1,3,2,2,6,21,465,157,628
505,0,0,1,1,0,0,0,1,1,0,0.0,0.0,1,1,0,-1,-1,-1,6,1,549,472,716
506,0,0,1,1,0,0,0,1,1,0,0.0,0.0,1,1,0,-1,-1,-1,2,0,925,871,747
507,0,0,1,1,0,0,0,1,1,0,0.0,0.0,1,1,0,-1,-1,-1,4,0,509,808,874
508,0,101,1,939,938,0,3,1,332,331,0.0,0.0,1,1,0,6,-1,7,3,0,628,620,853
509,14,14,582,582,0,22,22,477,477,0,0.00010211375472276115,0.00010211375472276115,479,479,0,-1,4,4,7,4,118,443,685
510,0,206,1,948,947,0,25,1,397,396,0.0,0.00010211375472276115,1,474,473,3,-1,4,15,0,110,833,309
511,0,101,1,916,915,0,5,1,331,330,0.0,3.4037918240920386e-05,1,409,408,5,-1,6,5,0,766,966,265
512,6,212,428,969,541,38,38,636,636,0,0.0002382654276864427,0.0009190237925048504,598,795,197,3,4,4,7,2,497,785,412
513,157,259,966,978,12,32,32,883,883,0,0.003982436434187685,0.004152626025392287,946,949,3,4,3,3,2,30,828,75,333
514,0,206,1,945,944,0,68,1,553,552,0.0,0.0016678579938050988,1,859,858,3,-1,4,16,0,78,901,304
515,68,274,860,979,119,40,40,738,738,0,0.0011232513019503727,0.0014636304843595766,816,838,22,3,3,3,5,15,701,62,450
516,34,34,741,741,0,74,74,826,826,0,0.0004765308553728854,0.0004765308553728854,696,696,0,-1,3,3,8,4,257,339,445
517,0,206,1,971,970,0,9,1,457,456,0.0,0.00030634126416828345,1,638,637,3,-1,4,3,0,834,712,392
518,6,6,391,391,0,31,31,418,418,0,0.00013615167296368154,0.00013615167296368154,499,499,0,-1,4,4,14,1,268,334,772
519,214,420,977,994,17,32,32,942,942,0,0.006875659484665918,0.007556417849484326,969,972,3,3,3,3,2,49,881,31,218
520,19,19,719,719,0,22,22,850,850,0,0.0002723033459273631,0.0002723033459273631,627,627,0,-1,3,3,2,4,938,339,965
521,89,191,893,958,65,66,66,858,858,0,0.002110350930937064,0.0025188059498281084,893,909,16,4,3,3,6,18,369,141,371
522,19,225,660,970,310,24,24,531,531,0,0.000442492937131965,0.0016338200755641784,688,864,176,3,4,4,6,5,451,591,61
523,0,0,1,1,0,0,0,1,1,0,0.0,0.0,1,1,0,-1,-1,-1,23,0,8,611,793
524,2,618,357,995,638,10,44,381,698,317,0.0,0.0028932230504782326,1,919,918,2,5,3,7,1,335,736,35
525,0,616,1,993,992,0,34,1,591,590,0.0,0.0008169100377820892,1,775,774,2,-1,3,6,0,312,803,525
526,3,105,444,942,498,4,4,412,412,0,3.4037918240920386e-05,0.0002042275094455223,409,582,173,4,5,5,2,2,747,749,212
527,0,206,1,972,971,0,8,1,477,476,0.0,0.0013615167296368155,1,856,855,3,-1,4,2,0,931,735,144
528,2,104,380,945,565,4,4,420,420,0,3.4037918240920386e-05,0.0005786446100956465,410,741,331,4,5,5,2,1,975,718,154
529,20,121,791,968,177,22,22,909,909,0,0.001055175465468532,0.0010892133837094523,830,832,2,5,3,3,2,4,981,288,718
530,0,0,1,1,0,0,0,1,1,0,0.0,0.0,1,1,0,-1,-1,-1,11,0,167,906,746
531,2,2,359,359,0,11,11,367,367,0,3.4037918240920386e-05,3.4037918240920386e-05,399,399,0,-1,5,5,9,1,250,717,932
532,26,127,766,948,182,20,20,647,647,0,0.0007488342013002485,0.0007488342013002485,766,766,0,5,4,4,4,9,811,293,321
533,0,616,1,993,992,0,66,1,564,563,0.0,0.0018380475850097008,1,873,872,2,-1,3,14,0,154,921,117
534,34,240,796,976,180,28,28,776,776,0,0.0012253650566731338,0.0019741992579733825,844,885,41,3,3,3,3,7,935,399,145
535,90,192,947,978,31,22,22,864,864,0,0.0028932230504782326,0.0030974505599237552,924,930,6,4,3,3,2,28,913,41,239
536,6,6,555,555,0,7,7,600,600,0,0.0002042275094455223,0.0002042275094455223,584,584,0,-1,4,4,2,1,873,594,960
537,2,104,355,899,544,15,15,412,412,0,0.0,3.4037918240920386e-05,1,393,392,4,5,5,8,1,443,592,873
538,6,108,440,915,475,18,18,471,471,0,0.0,0.0,1,1,0,4,4,4,7,2,698,325,662
539,0,101,1,944,943,0,2,1,331,330,0.0,0.0002723033459273631,1,622,621,5,-1,6,2,0,548,433,500
540,0,102,1,884,883,0,12,1,365,364,0.0,3.4037918240920386e-05,1,394,393,4,-1,5,9,0,351,515,577
541,2,103,404,965,561,3,3,413,413,0,0.0,0.0,1,1,0,5,5,5,2,2,987,654,581
542,2,104,353,904,551,5,6,353,366,13,0.0,0.0,1,1,0,4,5,5,4,2,410,331,342
543,158,260,941,973,32,78,78,938,938,0,0.003914360597705844,0.004050512270669526,948,950,2,4,2,2,4,20,503,94,666
544,37,243,747,964,217,60,60,682,682,0,0.0005446066918547262,0.0013955546478777359,716,833,117,3,3,3,9,6,147,467,193
545,4,105,456,938,482,4,4,395,395,0,0.00017018959120460194,0.00017018959120460194,543,543,0,5,5,5,2,4,598,442,781
546,17,223,693,977,284,14,14,597,597,0,0.0004765308553728854,0.0007488342013002485,712,768,56,3,4,4,3,6,774,376,759
547,0,206,1,981,980,0,8,1,522,521,0.0,0.0019061234214915416,1,892,891,3,-1,4,2,0,929,876,141
548,6,108,458,928,470,14,14,538,538,0,0.00013615167296368154,0.0009870996289866913,530,814,284,4,4,4,3,1,621,809,148
549,6,107,440,925,485,26,26,595,595,0,0.00010211375472276115,0.00013615167296368154,495,525,30,5,4,4,5,1,294,370,602
550,0,102,1,913,912,0,10,1,367,366,0.0,0.00013615167296368154,1,515,514,4,-1,5,8,0,468,604,829
551,18,119,664,939,275,22,22,710,710,0,0.00034037918240920387,0.00034037918240920387,638,638,0,5,3,3,2,2,893,468,555
552,262,468,982,994,12,86,86,992,992,0,0.011028285510058205,0.011606930120153852,983,985,2,3,2,2,3,61,564,14,220
553,328,328,978,978,0,122,122,964,964,0,0.006977773239388679,0.006977773239388679,967,967,0,-1,2,2,8,49,521,31,974
554,0,102,1,952,951,0,4,1,376,375,0.0,0.0002042275094455223,1,570,569,4,-1,5,3,0,576,967,353
555,70,171,862,957,95,68,68,951,951,0,0.0026889955410327104,0.002723033459273631,913,913,0,5,2,2,4,10,622,195,526
556,129,129,925,925,0,90,90,917,917,0,0.0026549576227917903,0.0026549576227917903,909,909,0,-1,2,2,6,19,368,144,942
557,0,102,1,931,930,0,5,1,369,368,0.0,0.0,1,1,0,4,-1,5,4,0,617,975,321
558,0,0,1,1,0,0,0,1,1,0,0.0,0.0,1,1,0,-1,-1,-1,5,0,517,782,483
559,78,78,915,915,0,28,28,847,847,0,0.0021784267674189047,0.0021784267674189047,896,896,0,-1,3,3,3,12,797,58,812
560,1,207,333,977,644,2,12,333,633,300,0.0,0.004935498144933456,1,957,956,3,6,4,2,1,681,896,70
561,26,127,805,968,163,14,14,736,736,0,0.0011913271384322134,0.0011913271384322134,836,836,0,7,4,4,3,10,918,227,663
562,6,108,432,912,480,16,16,493,493,0,6.807583648184077e-05,0.00030634126416828345,450,639,189,4,4,4,4,1,638,421,465
563,34,650,670,992,322,124,142,649,703,54,0.000442492937131965,0.0013955546478777359,671,841,170,2,3,3,23,4,30,504,194
564,6,6,453,453,0,17,17,523,523,0,0.00034037918240920387,0.00034037918240920387,651,651,0,-1,4,4,5,2,795,805,985
565,6,212,441,970,529,10,18,413,497,84,0.00010211375472276115,0.0006126825283365669,482,731,249,3,5,4,5,3,407,596,467
566,110,316,893,978,85,62,62,792,792,0,0.0017359338302869397,0.0019741992579733825,870,880,10,3,3,3,7,22,374,203,432
567,1,1,333,333,0,7,7,333,333,0,3.4037918240920386e-05,3.4037918240920386e-05,399,399,0,-1,6,6,7,1,336,893,867
568,9,110,603,951,348,6,6,444,444,0,0.00013615167296368154,0.00013615167296368154,519,519,0,5,5,5,3,5,902,310,244
569,6,212,401,954,553,46,46,549,549,0,0.0002382654276864427,0.0004765308553728854,581,698,117,3,4,4,11,1,139,370,315
570,8,8,526,526,0,15,15,448,448,0,6.807583648184077e-05,6.807583648184077e-05,450,450,0,-1,4,4,6,2,489,602,517
571,0,206,1,955,954,0,18,1,392,391,0.0,0.0002382654276864427,1,598,597,3,-1,4,10,0,125,574,570
572,16,222,504,948,444,76,80,516,532,16,0.00017018959120460194,0.00030634126416828345,543,620,77,3,3,3,19,2,14,550,532
573,68,684,861,998,137,80,90,925,936,11,0.0013955546478777359,0.0045270431260424114,848,948,100,2,2,2,6,6,295,377,352
574,0,102,1,920,919,0,5,1,379,378,0.0,0.0004084550188910446,1,677,676,4,-1,5,3,0,836,614,427
575,81,287,906,985,79,12,12,602,602,0,0.001497668402600497,0.00176997174852786,865,878,13,3,4,4,2,21,954,157,286
576,0,0,1,1,0,0,0,1,1,0,0.0,0.0,1,1,0,-1,-1,-1,3,0,716,987,937
577,0,102,1,915,914,0,7,1,360,359,0.0,0.00010211375472276115,1,482,481,4,-1,5,6,3,399,348,196
578,0,206,1,971,970,0,12,1,457,456,0.0,0.0007828721195411688,1,775,774,3,-1,4,4,0,709,728,240
579,599,700,999,1000,1,48,48,951,951,0,0.018278362095374246,0.01834643793185609,995,995,0,5,3,3,3,130,433,3,512
580,30,30,793,793,0,22,22,773,773,0,0.0007488342013002485,0.0007488342013002485,773,773,0,-1,3,3,2,7,598,150,445
581,6,6,390,390,0,45,45,461,461,0,0.00013615167296368154,0.00013615167296368154,518,518,0,-1,4,4,15,1,37,756,635
582,0,206,1,964,963,0,36,1,600,599,0.0,0.0022465026039007454,1,887,886,3,-1,4,8,0,371,843,25
583,0,102,1,864,863,0,20,1,364,363,0.0,3.4037918240920386e-05,1,395,394,4,-1,5,16,0,132,818,244
584,2,103,375,941,566,6,6,442,442,0,3.4037918240920386e-05,3.4037918240920386e-05,402,402,0,6,5,5,3,1,800,577,721
585,21,21,716,716,0,16,16,561,561,0,0.00017018959120460194,0.00017018959120460194,548,548,0,-1,4,4,4,5,682,528,271
586,6,6,443,443,0,16,16,517,517,0,0.00010211375472276115,0.00010211375472276115,481,481,0,-1,4,4,4,1,917,958,925
587,6,6,413,413,0,22,22,485,485,0,6.807583648184077e-05,6.807583648184077e-05,452,452,0,-1,4,4,7,1,346,238,511
588,7,108,560,951,391,6,6,441,441,0,6.807583648184077e-05,6.807583648184077e-05,454,454,0,7,5,5,3,5,654,124,469
589,3,105,402,899,497,14,15,399,420,21,3.4037918240920386e-05,0.0002382654276864427,411,599,188,4,5,5,8,2,541,364,168
590,0,0,1,1,0,0,0,1,1,0,0.0,0.0,1,1,0,-1,-1,-1,2,0,990,892,833
591,48,48,831,831,0,40,40,779,779,0,0.001157289220191293,0.001157289220191293,819,819,0,-1,3,3,5,9,534,242,738
592,6,6,493,493,0,6,6,440,440,0,0.0002382654276864427,0.0002382654276864427,612,612,0,-1,5,5,3,5,485,688,787
593,6,6,491,491,0,8,8,497,497,0,0.0002723033459273631,0.0002723033459273631,627,627,0,-1,4,4,2,4,907,512,948
594,0,101,1,886,885,0,11,1,332,331,0.0,0.0,1,1,0,5,-1,6,11,0,248,942,331
595,118,220,906,957,51,72,72,810,810,0,0.0019061234214915416,0.0019061234214915416,877,877,0,4,3,3,7,18,296,55,799
596,0,206,1,968,967,0,12,1,450,449,0.0,0.0007147962830593281,1,765,764,3,-1,4,4,2,354,709,185
597,2,2,354,354,0,19,19,394,394,0,0.00010211375472276115,0.00010211375472276115,483,483,0,-1,5,5,11,3,215,755,737
598,6,212,424,954,530,28,32,518,547,29,0.0,0.0002382654276864427,1,583,582,3,4,4,8,2,508,544,211
599,216,316,965,979,14,152,152,983,983,0,0.006671431975220395,0.00704584907587052,967,968,1,4,2,2,9,26,395,112,379
600,2,2,367,367,0,6,6,396,396,0,0.00010211375472276115,0.00010211375472276115,483,483,0,-1,5,5,4,2,721,550,696
601,79,79,903,903,0,50,50,890,890,0,0.0018720855032506212,0.0018720855032506212,876,876,0,-1,3,3,5,18,557,54,539
602,0,102,1,904,903,0,7,1,361,360,0.0,6.807583648184077e-05,1,461,460,4,-1,5,6,1,281,660,661
603,38,38,782,782,0,44,44,806,806,0,0.0008509479560230097,0.0008509479560230097,773,773,0,-1,3,3,4,6,822,461,989
604,6,107,421,898,477,30,30,503,503,0,6.807583648184077e-05,6.807583648184077e-05,440,440,0,5,4,4,9,1,367,322,807
605,0,102,1,961,960,0,3,1,383,382,0.0,0.0004084550188910446,1,687,686,4,-1,5,2,0,799,957,138
606,0,102,1,913,912,0,7,1,360,359,0.0,6.807583648184077e-05,1,451,450,4,-1,5,6,0,522,672,410
607,21,21,692,692,0,23,23,558,558,0,0.0004084550188910446,0.0004084550188910446,683,683,0,-1,4,4,6,6,237,4,546
608,272,478,981,994,13,120,120,990,990,0,0.009496579189216788,0.00980292045338507,980,980,0,3,2,2,6,49,664,31,341
609,12,12,565,565,0,24,24,532,532,0,0.0002723033459273631,0.0002723033459273631,611,611,0,-1,4,4,6,2,281,584,932
610,16,222,590,966,376,52,52,677,677,0,0.0002042275094455223,0.00037441710065012424,564,648,84,3,3,3,9,1,166,869,362
611,6,108,394,884,490,35,35,429,429,0,3.4037918240920386e-05,0.00017018959120460194,394,530,136,4,4,4,14,2,154,342,637
612,74,176,866,953,87,62,62,828,828,0,0.001599782157323258,0.00176997174852786,861,872,11,4,3,3,7,9,698,277,241
613,16,222,504,948,444,73,78,507,519,12,0.00010211375472276115,0.00034037918240920387,472,642,170,3,3,3,20,2,61,492,339
614,9,9,639,639,0,10,10,641,641,0,0.0004084550188910446,0.0004084550188910446,698,698,0,-1,4,4,3,3,812,704,726
615,6,212,449,972,523,15,20,542,633,91,0.00010211375472276115,0.0005105687736138058,481,711,230,3,4,4,4,1,562,799,610
616,23,23,790,790,0,22,22,863,863,0,0.0009530617107457708,0.0009530617107457708,816,816,0,-1,3,3,2,3,715,291,966
617,20,122,686,929,243,20,20,579,579,0,0.0002382654276864427,0.000442492937131965,608,698,90,4,4,4,4,9,512,29,93
618,34,240,786,978,192,34,34,802,802,0,0.0006807583648184077,0.0011913271384322134,756,827,71,3,3,3,4,4,945,246,167
619,35,137,799,950,151,30,30,769,769,0,0.0006467204465774873,0.0009530617107457708,745,800,55,4,3,3,4,9,787,294,424
620,6,107,414,898,484,33,33,530,530,0,0.00013615167296368154,0.00013615167296368154,509,509,0,6,4,4,9,1,249,797,671
621,104,310,902,980,78,58,58,769,769,0,0.0020422750944552232,0.0025188059498281084,876,899,23,3,3,3,8,26,449,127,182
622,0,206,1,969,968,0,18,1,591,590,0.0,0.001055175465468532,1,825,824,3,-1,4,3,0,737,977,269
623,0,616,1,997,996,0,30,1,706,705,0.0,0.003778208924742163,1,937,936,2,-1,3,4,1,547,830,180
624,0,206,1,979,978,0,7,1,543,542,0.0,0.00034037918240920387,1,658,657,3,-1,4,2,0,967,726,476
625,0,102,1,948,947,0,5,1,422,421,0.0,0.00088498587426393,1,799,798,4,-1,5,3,0,608,733,166
626,7,109,520,930,410,22,22,588,588,0,0.00013615167296368154,0.0002042275094455223,512,569,57,4,4,4,5,4,533,305,434
627,36,652,817,998,181,34,44,839,890,51,0.0013955546478777359,0.004288777698355968,857,944,87,2,3,3,4,8,728,174,120
628,62,62,846,846,0,74,74,935,935,0,0.0042547397801150485,0.0042547397801150485,952,952,0,-1,2,2,5,4,506,288,569
629,0,206,1,976,975,0,14,1,622,621,0.0,0.0007147962830593281,1,769,768,3,-1,4,3,2,888,271,407
630,0,206,1,965,964,0,18,1,510,509,0.0,0.0010211375472276116,1,802,801,3,-1,4,5,0,667,445,174
631,0,102,1,930,929,0,5,1,354,353,0.0,6.807583648184077e-05,1,441,440,4,-1,5,4,0,562,934,781
632,16,118,544,899,355,52,52,491,491,0,3.4037918240920386e-05,0.00010211375472276115,399,475,76,4,3,3,16,1,78,878,487
633,2,104,354,885,531,12,16,362,387,25,0.0,0.00010211375472276115,1,481,480,4,5,5,10,2,75,721,487
634,0,206,1,995,994,0,7,1,740,739,0.0,0.0018720855032506212,1,891,890,3,-1,4,2,3,955,746,169
635,0,206,1,949,948,0,48,1,497,496,0.0,0.0005446066918547262,1,717,716,3,-1,4,14,0,198,276,327
636,0,102,1,912,911,0,8,1,391,390,0.0,0.00013615167296368154,1,507,506,4,-1,5,5,0,524,740,347
637,6,108,469,940,471,14,14,607,607,0,0.00013615167296368154,0.0004084550188910446,515,675,160,4,4,4,3,1,676,553,430
638,14,116,574,919,345,16,16,479,479,0,0.00013615167296368154,0.0002723033459273631,514,608,94,4,4,4,4,4,448,450,365
639,0,102,1,912,911,0,5,1,379,378,0.0,0.0005105687736138058,1,708,707,4,-1,5,3,0,613,564,473
640,2,103,356,895,539,11,11,375,375,0,0.0,3.4037918240920386e-05,1,401,400,5,5,5,8,2,428,292,771
641,0,206,1,976,975,0,10,1,488,487,0.0,0.00034037918240920387,1,656,655,3,-1,4,3,1,756,456,257
642,24,230,704,970,266,30,30,700,700,0,0.0002723033459273631,0.0026889955410327104,610,924,314,3,3,3,4,4,858,202,56
643,6,6,415,415,0,26,26,565,565,0,0.00017018959120460194,0.00017018959120460194,531,531,0,-1,4,4,5,1,349,420,779
644,0,206,1,950,949,0,26,1,414,413,0.0,0.00013615167296368154,1,514,513,3,-1,4,13,0,228,624,278
645,7,109,513,922,409,10,10,424,424,0,0.00017018959120460194,0.0002042275094455223,544,561,17,4,5,5,5,4,552,315,485
646,0,102,1,920,919,0,8,1,448,447,0.0,0.0002723033459273631,1,618,617,4,-1,5,4,0,344,911,80
647,16,222,654,976,322,34,34,867,867,0,0.0002723033459273631,0.0008169100377820892,606,791,185,3,3,3,3,1,901,168,224
648,22,22,619,619,0,68,68,633,633,0,0.00010211375472276115,0.00010211375472276115,480,480,0,-1,3,3,11,2,227,468,963
649,100,100,919,919,0,100,100,991,991,0,0.029919330133769018,0.031246808945164913,996,998,2,3,1,1,5,1,629,706,55
650,20,636,592,992,400,48,122,460,732,272,0.00034037918240920387,0.004152626025392287,637,946,309,2,4,3,16,4,42,208,77
651,15,15,659,659,0,16,16,583,583,0,0.00017018959120460194,0.00017018959120460194,557,557,0,-1,4,4,4,4,491,504,732
652,53,154,783,922,139,112,112,735,735,0,0.0009530617107457708,0.0009530617107457708,782,782,0,5,3,3,18,8,29,177,530
653,186,392,953,980,27,114,114,929,929,0,0.003165526396405596,0.003880322679464924,922,936,14,3,3,3,9,28,315,98,269
654,6,212,388,944,556,33,54,402,492,90,0.00013615167296368154,0.0005105687736138058,512,693,181,3,4,4,17,1,210,606,216
655,0,102,1,896,895,0,10,1,370,369,0.0,3.4037918240920386e-05,1,395,394,4,-1,5,8,0,508,514,631
656,87,703,864,997,133,78,88,807,846,39,0.0017018959120460194,0.0030293747234419145,860,920,60,2,3,3,8,27,428,304,440
657,2,2,360,360,0,12,12,387,387,0,3.4037918240920386e-05,3.4037918240920386e-05,392,392,0,-1,5,5,8,1,325,771,868
658,6,6,392,392,0,35,35,415,415,0,0.0,0.0,1,1,0,-1,4,4,17,1,63,265,949
659,0,616,1,993,992,0,27,1,518,517,0.0,0.0012594029749140542,1,830,829,2,-1,3,8,0,236,937,301
660,6,108,390,886,496,28,28,438,438,0,0.0,0.0,1,1,0,4,4,4,10,1,285,623,577
661,328,1968,973,1000,27,212,236,969,981,12,0.00616086320160659,0.01681473161101467,963,993,30,1,2,2,13,45,160,77,27
662,6,6,400,400,0,49,49,534,534,0,3.4037918240920386e-05,3.4037918240920386e-05,399,399,0,-1,4,4,13,1,91,370,988
663,126,126,920,920,0,104,104,880,880,0,0.0018720855032506212,0.0018720855032506212,881,881,0,-1,3,3,9,17,147,45,698
664,17,119,660,935,275,16,16,539,539,0,0.00017018959120460194,0.00030634126416828345,549,632,83,4,4,4,4,5,513,274,317
665,0,101,1,910,909,0,5,1,332,331,0.0,6.807583648184077e-05,1,452,451,5,-1,6,5,1,537,660,607
666,6,212,483,977,494,8,14,497,589,92,0.00010211375472276115,0.001055175465468532,490,813,323,3,4,4,3,3,716,460,125
667,0,102,1,915,914,0,6,1,368,367,0.0,0.0002382654276864427,1,604,603,4,-1,5,4,0,444,400,278
668,35,35,737,737,0,52,52,629,629,0,0.0004084550188910446,0.0004084550188910446,672,672,0,-1,3,3,9,5,274,310,686
669,16,16,596,596,0,41,41,674,674,0,0.00034037918240920387,0.00034037918240920387,645,645,0,-1,3,3,8,4,440,512,574
670,0,206,1,971,970,0,9,1,464,463,0.0,6.807583648184077e-05,1,450,449,3,-1,4,3,0,672,778,222
671,0,616,1,988,987,0,168,1,737,736,0.0,0.00439089145307873,1,949,948,2,-1,3,22,0,18,875,51
672,1,207,332,981,649,3,10,332,536,204,0.0,0.000442492937131965,1,693,692,3,6,4,3,1,798,781,521
673,11,217,578,972,394,14,18,524,578,54,0.00030634126416828345,0.004663194799006093,634,952,318,3,4,4,3,4,808,365,5
674,0,101,1,917,916,0,4,1,332,331,0.0,0.0,1,1,0,8,-1,9,4,0,460,994,448
675,2,104,355,897,542,15,16,413,420,7,0.0,0.0005786446100956465,1,712,711,4,5,5,8,1,380,935,616
676,16,118,753,970,217,8,8,599,599,0,0.000442492937131965,0.0013615167296368155,697,861,164,4,4,4,2,9,865,391,58
677,1,207,332,987,655,2,8,332,613,281,0.0,0.0014636304843595766,1,869,868,3,6,4,2,1,987,140,628
678,16,16,485,485,0,91,91,543,543,0,6.807583648184077e-05,6.807583648184077e-05,436,436,0,-1,3,3,21,1,74,659,914
679,0,206,1,978,977,0,12,1,697,696,0.0,0.0018040096667687805,1,887,886,3,-1,4,2,0,906,864,69
680,0,0,1,1,0,0,0,1,1,0,0.0,0.0,1,1,0,-1,-1,-1,9,0,126,956,813
681,54,1694,756,1000,244,172,206,777,847,70,0.0012594029749140542,0.006705469893461316,828,962,134,1,3,2,22,8,55,264,269
682,24,24,707,707,0,34,34,718,718,0,0.0002382654276864427,0.0002382654276864427,598,598,0,-1,3,3,4,4,638,622,678
683,8,214,533,973,440,12,16,460,522,62,3.4037918240920386e-05,0.0012253650566731338,410,835,425,3,4,4,4,2,460,364,66
684,6,212,460,973,513,16,20,543,597,54,3.4037918240920386e-05,0.0006467204465774873,412,754,342,3,4,4,4,1,619,718,366
685,2,104,352,893,541,10,13,352,378,26,3.4037918240920386e-05,0.00010211375472276115,400,476,76,4,5,5,9,3,126,676,491
686,0,616,1,998,997,0,30,1,759,758,0.0,0.0028932230504782326,1,920,919,2,-1,3,4,0,891,695,68
687,56,56,885,885,0,28,28,832,832,0,0.0018380475850097008,0.0018380475850097008,894,894,0,-1,3,3,3,15,708,158,205
688,100,100,866,866,0,100,100,752,752,0,0.020524864699274992,0.020933319718166036,994,995,1,4,1,1,13,92,97,30,303
689,24,230,701,973,272,20,20,560,560,0,0.0004765308553728854,0.0007147962830593281,698,759,61,3,4,4,4,7,762,115,785
690,12,113,594,929,335,18,18,624,624,0,3.4037918240920386e-05,3.4037918240920386e-05,396,396,0,6,4,4,3,3,855,300,357
691,6,108,443,919,476,12,12,496,496,0,3.4037918240920386e-05,0.0002382654276864427,412,580,168,4,4,4,4,2,520,544,258
692,104,1744,874,1000,126,252,310,894,950,56,0.0011913271384322134,0.012185574730249497,820,985,165,1,2,2,22,14,33,190,1
693,0,206,1,974,973,0,16,1,554,553,0.0,0.0014636304843595766,1,854,853,3,-1,4,4,2,787,271,62
694,0,102,1,934,933,0,5,1,371,370,0.0,3.4037918240920386e-05,1,401,400,4,-1,5,4,0,610,614,321
695,24,126,688,916,228,38,38,672,672,0,0.00013615167296368154,0.00013615167296368154,508,508,0,4,3,3,6,3,630,93,416
696,309,925,968,994,26,242,242,951,951,0,0.004833384390210695,0.006126825283365669,949,958,9,2,3,3,17,35,63,57,630
697,30,30,719,719,0,45,45,647,647,0,0.00034037918240920387,0.00034037918240920387,646,646,0,-1,3,3,8,6,297,258,760
698,101,101,870,870,0,138,138,772,772,0,0.0012253650566731338,0.0012253650566731338,823,823,0,-1,2,2,17,12,103,159,200
699,0,101,1,870,869,0,14,1,332,331,0.0,0.0,1,1,0,5,-1,6,14,0,122,961,671
700,10,112,671,971,300,8,8,611,611,0,0.0004084550188910446,0.0015317063208414173,682,865,183,4,4,4,2,4,959,326,66
701,0,206,1,985,984,0,7,1,558,557,0.0,0.0005105687736138058,1,720,719,3,-1,4,2,0,890,969,505
702,0,0,1,1,0,0,0,1,1,0,0.0,0.0,1,1,0,-1,-1,-1,14,0,121,604,990
703,49,255,835,977,142,28,28,737,737,0,0.001157289220191293,0.0012594029749140542,831,839,8,3,3,3,3,14,808,387,718
704,0,0,1,1,0,0,0,1,1,0,0.0,0.0,1,1,0,-1,-1,-1,23,0,8,816,991
705,0,206,1,982,981,0,10,1,567,566,0.0,0.001599782157323258,1,878,877,3,-1,4,3,0,875,760,66
706,0,0,1,1,0,0,0,1,1,0,0.0,0.0,1,1,0,-1,-1,-1,2,0,589,804,356
707,203,203,949,949,0,164,164,951,951,0,0.004322815616596889,0.004322815616596889,949,949,0,-1,2,2,10,21,149,123,859
708,27,233,749,974,225,24,24,705,705,0,0.0006467204465774873,0.0008169100377820892,753,792,39,3,3,3,3,6,726,232,318
709,0,102,1,918,917,0,10,1,434,433,0.0,0.0004084550188910446,1,682,681,4,-1,5,5,0,688,433,131
710,6,6,514,514,0,8,8,543,543,0,0.0,0.0,1,1,0,-1,4,4,3,1,918,555,498
711,0,102,1,912,911,0,9,1,366,365,0.0,0.0002042275094455223,1,559,558,4,-1,5,7,0,264,620,809
712,1,1,333,333,0,4,4,333,333,0,0.0,0.0,1,1,0,-1,6,6,4,1,622,972,925
713,0,101,1,900,899,0,8,1,329,328,0.0,0.0,1,1,0,6,-1,7,8,0,201,786,621
714,2,104,365,926,561,5,7,366,396,30,0.0,0.0002382654276864427,1,588,587,4,5,5,4,1,475,763,262
715,0,206,1,974,973,0,11,1,469,468,0.0,0.0006126825283365669,1,741,740,3,-1,4,4,0,673,987,267
716,2,2,373,373,0,7,7,433,433,0,0.00030634126416828345,0.00030634126416828345,635,635,0,-1,5,5,4,1,738,452,815
717,22,124,695,937,242,50,50,851,851,0,0.0012594029749140542,0.001497668402600497,836,853,17,4,3,3,5,4,386,143,323
718,0,206,1,951,950,0,34,1,496,495,0.0,0.0005446066918547262,1,719,718,3,-1,4,11,0,333,978,246
719,6,212,412,966,554,20,20,563,563,0,6.807583648184077e-05,0.00030634126416828345,439,631,192,3,4,4,4,1,300,577,329
720,0,102,1,932,931,0,4,1,405,404,0.0,0.0002382654276864427,1,603,602,4,-1,5,2,0,931,941,741
721,0,0,1,1,0,0,0,1,1,0,0.0,0.0,1,1,0,-1,-1,-1,9,0,389,889,880
722,24,24,733,733,0,8,8,528,528,0,0.0004765308553728854,0.0004765308553728854,710,710,0,-1,4,4,2,4,932,470,548
723,6,108,449,930,481,20,20,608,608,0,0.00010211375472276115,0.00010211375472276115,476,476,0,4,4,4,4,2,458,493,364
724,2,618,406,1000,594,3,18,425,924,499,3.4037918240920386e-05,0.009394465434494027,408,978,570,2,5,3,2,2,920,560,75
725,0,102,1,929,928,0,4,1,394,393,0.0,0.0005446066918547262,1,726,725,4,-1,5,2,0,643,815,340
726,1,1641,332,1000,668,2,46,332,982,650,0.0,0.04915075393988903,1,998,997,1,6,2,2,1,742,893,381
727,6,622,452,997,545,9,32,424,747,323,0.00010211375472276115,0.0020082371762143027,479,892,413,2,5,3,5,3,908,526,82
728,0,206,1,976,975,0,10,1,491,490,0.0,0.001599782157323258,1,865,864,3,-1,4,3,1,712,539,36
729,875,875,1000,1000,0,142,142,973,973,0,0.01844855168657885,0.01844855168657885,992,992,0,-1,2,2,8,130,443,3,633
730,0,206,1,954,953,0,32,1,442,441,0.0,0.0004084550188910446,1,673,672,3,-1,4,13,0,97,701,132
731,0,206,1,961,960,0,20,1,485,484,0.0,0.0009190237925048504,1,797,796,3,-1,4,6,0,356,982,99
732,6,108,478,943,465,12,12,698,698,0,0.0,6.807583648184077e-05,1,441,440,4,4,4,2,2,906,532,609
733,56,157,855,960,105,30,30,745,745,0,0.0014295925661186562,0.001497668402600497,849,856,7,5,4,4,5,12,695,179,580
734,61,163,905,975,70,12,12,709,709,0,0.0021784267674189047,0.0024507301133462676,910,915,5,4,4,4,2,22,806,203,376
735,0,616,1,993,992,0,63,1,521,520,0.0,0.0010211375472276116,1,795,794,2,-1,3,17,0,73,831,246
736,6,206,440,965,525,28,28,569,569,0,0.00010211375472276115,0.0009190237925048504,484,802,318,3,4,4,6,1,489,370,206
737,243,859,971,999,28,104,104,950,950,0,0.005412029000306341,0.007522379931243405,963,975,12,2,2,2,5,27,238,25,206
738,6,107,438,920,482,20,20,573,573,0,0.0002382654276864427,0.0002723033459273631,606,623,17,5,4,4,4,2,444,785,964
739,40,141,784,943,159,56,56,810,810,0,0.00088498587426393,0.0009190237925048504,775,781,6,6,3,3,6,5,556,273,656
740,0,102,1,892,891,0,14,1,373,372,0.0,3.4037918240920386e-05,1,400,399,4,-1,5,10,1,153,660,361
741,8,110,507,913,406,18,19,474,475,1,0.00013615167296368154,0.00017018959120460194,514,542,28,4,4,4,6,2,624,547,476
742,116,218,902,955,53,102,102,799,799,0,0.001497668402600497,0.0016338200755641784,850,862,12,4,3,3,12,22,212,116,341
743,0,102,1,937,936,0,4,1,371,370,0.0,0.0002042275094455223,1,584,583,4,-1,5,3,1,899,947,383
744,7,213,552,977,425,6,10,455,522,67,0.00013615167296368154,0.0015657442390823377,517,868,351,3,5,4,3,4,785,164,157
745,10,10,561,561,0,20,20,513,513,0,0.00010211375472276115,0.00010211375472276115,495,495,0,-1,4,4,6,3,405,378,968
746,0,0,1,1,0,0,0,1,1,0,0.0,0.0,1,1,0,-1,-1,-1,4,0,391,906,971
747,0,206,1,948,947,0,32,1,412,411,0.0,0.00037441710065012424,1,658,657,3,-1,4,15,0,40,672,480
748,8,110,661,978,317,4,4,515,515,0,0.0002382654276864427,0.0019061234214915416,619,893,274,4,5,5,2,4,956,259,39
749,0,102,1,940,939,0,4,1,411,410,0.0,0.0005105687736138058,1,719,718,4,-1,5,2,0,747,897,440
750,100,100,922,922,0,100,100,997,997,0,0.05721774056298717,0.05721774056298717,999,999,0,5,1,1,3,59,729,6,421
751,106,106,912,912,0,66,66,872,872,0,0.002144388849177984,0.002144388849177984,889,889,0,-1,3,3,6,15,441,158,349
752,8,110,510,917,407,25,26,528,529,1,0.00013615167296368154,0.0004084550188910446,520,677,157,4,4,4,7,2,698,523,653
753,12,113,603,936,333,15,15,555,555,0,0.00017018959120460194,0.0002382654276864427,558,603,45,5,4,4,4,4,423,444,687
754,728,728,999,999,0,136,136,1000,1000,0,0.01929949964260186,0.01929949964260186,995,995,0,-1,2,2,4,127,832,11,906
755,21,21,718,718,0,28,28,757,757,0,0.00088498587426393,0.00088498587426393,793,793,0,-1,3,3,3,4,626,312,928
756,65,681,808,989,181,122,132,753,782,29,0.0010892133837094523,0.0016678579938050988,810,855,45,2,3,3,16,14,132,139,688
757,0,102,1,919,918,0,8,1,363,362,0.0,3.4037918240920386e-05,1,402,401,4,-1,5,7,0,697,455,714
758,14,220,619,973,354,8,8,528,528,0,0.0005105687736138058,0.0006807583648184077,724,764,40,3,4,4,2,5,932,306,110
759,16,16,589,589,0,33,33,603,603,0,0.00037441710065012424,0.00037441710065012424,663,663,0,-1,4,4,7,4,416,645,901
760,0,102,1,903,902,0,8,1,390,389,0.0,0.00013615167296368154,1,500,499,4,-1,5,5,0,173,864,536
761,0,206,1,952,951,0,26,1,404,403,0.0,0.0,1,1,0,3,-1,4,15,0,138,498,718
762,9,110,600,947,347,8,8,511,511,0,0.0002042275094455223,0.0002042275094455223,578,578,0,7,4,4,2,3,838,385,640
763,11,11,747,747,0,8,8,730,730,0,0.000442492937131965,0.000442492937131965,709,709,0,-1,4,4,2,5,775,178,920
764,8,110,571,953,382,12,12,530,530,0,0.00017018959120460194,0.0013274788113958951,543,844,301,4,4,4,4,2,738,468,60
765,0,616,1,994,993,0,91,1,563,562,0.0,0.0014295925661186562,1,836,835,2,-1,3,21,0,1,933,144
766,33,33,862,862,0,22,22,924,924,0,0.0018040096667687805,0.0018040096667687805,882,882,0,-1,3,3,2,8,936,186,934
767,2,103,360,922,562,6,6,384,384,0,3.4037918240920386e-05,0.00013615167296368154,404,513,109,5,5,5,4,2,550,320,537
768,6,212,440,967,527,20,24,542,611,69,3.4037918240920386e-05,0.0006467204465774873,399,746,347,3,4,4,4,1,567,152,869
769,0,0,1,1,0,0,0,1,1,0,0.0,0.0,1,1,0,-1,-1,-1,4,0,520,388,909
770,45,45,863,863,0,22,22,828,828,0,0.0019741992579733825,0.0019741992579733825,893,893,0,-1,3,3,2,15,874,137,772
771,22,228,627,958,331,44,52,543,585,42,0.0002382654276864427,0.001055175465468532,586,813,227,3,3,3,11,2,360,586,67
772,39,655,765,993,228,44,54,611,664,53,0.0007488342013002485,0.0022465026039007454,761,896,135,2,4,3,8,8,197,284,82
773,25,231,788,988,200,18,18,707,707,0,0.0005105687736138058,0.001599782157323258,710,869,159,3,4,4,3,11,798,249,393
774,2,2,362,362,0,6,6,363,363,0,6.807583648184077e-05,6.807583648184077e-05,454,454,0,-1,5,5,5,2,476,739,838
775,301,402,982,988,6,64,64,947,947,0,0.009598692943939549,0.009598692943939549,981,981,0,5,3,3,4,62,969,70,449
776,6,108,386,876,490,102,102,613,613,0,0.00030634126416828345,0.0004084550188910446,623,655,32,4,4,4,19,4,83,409,547
777,36,138,776,937,161,46,46,737,737,0,0.0014295925661186562,0.0015657442390823377,843,854,11,4,3,3,6,6,345,494,395
778,1,103,331,959,628,3,5,331,438,107,6.807583648184077e-05,0.001599782157323258,455,879,424,4,6,5,3,1,852,837,81
779,22,124,670,925,255,34,34,651,651,0,6.807583648184077e-05,0.00010211375472276115,444,478,34,4,3,3,6,3,498,434,596
780,97,199,950,984,34,12,12,696,696,0,0.003880322679464924,0.004152626025392287,940,948,8,4,4,4,2,27,982,25,138
781,22,228,641,959,318,74,74,758,758,0,0.00088498587426393,0.0012253650566731338,791,828,37,3,3,3,9,4,263,143,80
782,26,1666,629,1000,371,114,148,644,731,87,0.000442492937131965,0.005514142755029102,667,958,291,1,4,2,21,6,13,683,184
783,8,110,579,955,376,4,4,432,432,0,0.0004084550188910446,0.0004765308553728854,676,707,31,4,5,5,2,6,951,494,493
784,0,102,1,914,913,0,6,1,360,359,0.0,0.0,1,1,0,4,-1,5,5,0,467,887,547
785,0,0,1,1,0,0,0,1,1,0,0.0,0.0,1,1,0,-1,-1,-1,6,0,312,988,349
786,0,206,1,954,953,0,14,1,378,377,0.0,0.00010211375472276115,1,489,488,3,-1,4,9,1,381,583,762
787,100,100,839,839,0,100,100,542,542,0,0.026107083290785937,0.026107083290785937,999,999,0,-1,1,1,22,118,18,37,792
788,26,232,685,965,280,64,68,694,726,32,0.00037441710065012424,0.001497668402600497,659,842,183,3,3,3,10,5,211,252,157
789,0,101,1,947,946,0,4,1,332,331,0.0,3.4037918240920386e-05,1,409,408,6,-1,7,4,1,480,920,265
790,0,0,1,1,0,0,0,1,1,0,0.0,0.0,1,1,0,-1,-1,-1,16,0,78,921,793
791,4,105,461,943,482,6,6,445,445,0,6.807583648184077e-05,0.00013615167296368154,449,518,69,5,5,5,3,2,693,627,464
792,11,113,548,912,364,18,18,447,447,0,0.00030634126416828345,0.0004084550188910446,612,666,54,4,4,4,7,6,450,459,323
793,10,10,542,542,0,18,18,467,467,0,0.0002042275094455223,0.0002042275094455223,560,560,0,-1,4,4,7,4,264,332,803
794,16,118,582,918,336,29,29,540,540,0,0.00010211375472276115,0.0002382654276864427,474,585,111,4,3,3,8,1,308,360,722
795,0,206,1,950,949,0,40,1,480,479,0.0,0.0012594029749140542,1,829,828,3,-1,4,12,3,87,746,352
796,0,102,1,959,958,0,4,1,390,389,0.0,0.0002042275094455223,1,581,580,4,-1,5,3,0,852,446,616
797,0,206,1,948,947,0,45,1,429,428,0.0,0.0004084550188910446,1,664,663,3,-1,4,19,0,38,445,343
798,11,112,578,925,347,10,10,450,450,0,0.00017018959120460194,0.0002042275094455223,547,572,25,5,4,4,3,5,808,241,495
799,37,37,802,802,0,18,18,618,618,0,0.0005786446100956465,0.0005786446100956465,735,735,0,-1,4,4,3,17,585,131,974
800,2,104,363,925,562,4,4,407,407,0,3.4037918240920386e-05,0.0002042275094455223,397,564,167,4,5,5,2,2,990,313,645
801,0,101,1,893,892,0,8,1,332,331,0.0,0.0,1,1,0,7,-1,8,8,0,415,976,703
802,697,903,993,1000,7,264,264,999,999,0,0.011981347220803976,0.012219612648490419,983,984,1,3,2,2,9,81,101,32,479
803,197,299,966,981,15,60,60,909,909,0,0.004561081044283332,0.004629156880765172,953,953,0,4,3,3,5,49,765,51,476
804,50,50,764,764,0,150,150,840,840,0,0.0010211375472276116,0.0010211375472276116,806,806,0,-1,2,2,15,4,37,312,960
805,0,206,1,967,966,0,11,1,436,435,0.0,0.0002723033459273631,1,619,618,3,-1,4,5,0,476,984,639
806,2,2,347,347,0,39,39,398,398,0,3.4037918240920386e-05,3.4037918240920386e-05,398,398,0,-1,5,5,22,1,55,879,954
807,42,144,840,966,126,12,12,609,609,0,0.0006126825283365669,0.0007828721195411688,733,771,38,4,4,4,2,15,733,219,285
808,55,55,832,832,0,40,40,725,725,0,0.0007147962830593281,0.0007147962830593281,759,759,0,-1,3,3,5,10,793,195,657
809,10,10,568,568,0,26,26,625,625,0,0.0006807583648184077,0.0006807583648184077,751,751,0,-1,4,4,5,3,688,351,835
810,12,12,563,563,0,26,26,586,586,0,0.00013615167296368154,0.00013615167296368154,520,520,0,-1,4,4,5,2,247,363,660
811,0,0,1,1,0,0,0,1,1,0,0.0,0.0,1,1,0,-1,-1,-1,6,0,98,643,513
812,14,630,555,995,440,26,44,475,601,126,0.00010211375472276115,0.003608019333537561,491,936,445,2,4,3,9,3,200,369,111
813,55,157,850,959,109,58,58,944,944,0,0.0034718676605738795,0.0035739814152966403,928,929,1,4,2,2,4,6,617,683,492
814,22,124,696,934,238,30,30,718,718,0,0.00030634126416828345,0.0004084550188910446,645,687,42,4,3,3,4,4,675,346,93
815,0,102,1,974,973,0,4,1,506,505,0.0,0.00034037918240920387,1,680,679,4,-1,5,2,0,978,946,199
816,0,101,1,889,888,0,7,1,332,331,0.0,0.0,1,1,0,7,-1,8,7,0,447,620,765
817,100,100,864,864,0,100,100,759,759,0,0.01327478811395895,0.013410939786922631,985,985,0,4,1,1,13,10,228,405,677
818,0,101,1,945,944,0,2,1,332,331,0.0,3.4037918240920386e-05,1,407,406,5,-1,6,2,0,232,939,394
819,361,361,978,978,0,346,346,982,982,0,0.004901460226692535,0.004901460226692535,953,953,0,-1,2,2,19,37,89,74,790
820,40,142,734,921,187,84,84,691,691,0,0.0009870996289866913,0.0009870996289866913,801,801,0,4,2,2,13,4,185,409,931
821,2,2,388,388,0,2,2,332,332,0,0.0,0.0,1,1,0,-1,6,6,2,3,985,563,433
822,2,208,366,976,610,3,8,368,493,125,0.0,0.0009530617107457708,1,802,801,3,5,4,2,2,609,662,92
823,2,208,355,957,602,11,31,355,510,155,3.4037918240920386e-05,0.00034037918240920387,404,638,234,3,5,4,10,3,243,484,169
824,6,212,439,971,532,16,16,539,539,0,0.0002042275094455223,0.0026209197045508697,568,918,350,3,4,4,4,2,753,223,108
825,13,114,611,938,327,20,20,583,583,0,0.0002042275094455223,0.0002723033459273631,560,601,41,5,4,4,4,3,650,347,503
826,0,101,1,932,931,0,3,1,332,331,0.0,3.4037918240920386e-05,1,401,400,5,-1,6,3,0,748,961,298
827,0,101,1,902,901,0,4,1,331,330,0.0,0.0,1,1,0,5,-1,6,4,0,410,875,374
828,18,224,672,973,301,28,28,749,749,0,0.0002382654276864427,0.0020422750944552232,601,891,290,3,3,3,3,3,900,541,95
829,68,684,871,997,126,12,22,559,709,150,0.0014636304843595766,0.005446066918547262,864,963,99,2,4,3,2,17,893,96,75
830,0,102,1,903,902,0,9,1,381,380,0.0,0.0002042275094455223,1,566,565,4,-1,5,6,0,387,669,256
831,11,217,684,987,303,4,8,467,603,136,0.0006467204465774873,0.003982436434187685,757,949,192,3,5,4,2,8,807,386,20
832,0,102,1,908,907,0,8,1,374,373,0.0,6.807583648184077e-05,1,455,454,4,-1,5,6,0,267,881,383
833,0,102,1,928,927,0,8,1,425,424,0.0,0.0007147962830593281,1,759,758,4,-1,5,4,0,462,848,114
834,6,107,429,908,479,16,16,459,459,0,0.00013615167296368154,0.0002042275094455223,505,558,53,5,4,4,6,3,356,309,337
835,1,207,332,976,644,3,14,332,576,244,0.0,0.0011913271384322134,1,832,831,3,6,4,3,3,712,748,68
836,0,102,1,940,939,0,4,1,411,410,0.0,0.0010211375472276116,1,831,830,4,-1,5,2,0,804,991,193
837,34,34,794,794,0,26,26,696,696,0,0.001497668402600497,0.001497668402600497,857,857,0,-1,4,4,5,10,557,227,875
838,6,6,411,411,0,24,24,443,443,0,3.4037918240920386e-05,3.4037918240920386e-05,405,405,0,-1,4,4,10,2,258,509,633
839,52,52,871,871,0,22,22,805,805,0,0.0015657442390823377,0.0015657442390823377,870,870,0,-1,3,3,2,10,939,227,914
840,8,8,552,552,0,10,10,484,484,0,0.00013615167296368154,0.00013615167296368154,518,518,0,-1,4,4,3,2,923,425,866
841,11,113,595,937,342,13,13,478,478,0,0.0002042275094455223,0.0006467204465774873,578,753,175,4,4,4,5,4,685,380,396
842,0,206,1,953,952,0,25,1,422,421,0.0,0.0002382654276864427,1,590,589,3,-1,4,12,0,375,986,759
843,8,109,523,919,396,9,9,450,450,0,3.4037918240920386e-05,0.00013615167296368154,395,519,124,5,4,4,3,5,490,401,523
844,497,497,988,988,0,334,334,973,973,0,0.0053099152455835805,0.0053099152455835805,954,954,0,-1,2,2,21,57,1,50,826
845,0,0,1,1,0,0,0,1,1,0,0.0,0.0,1,1,0,-1,-1,-1,11,0,66,782,400
846,40,246,783,969,186,76,76,862,862,0,0.0017018959120460194,0.0018040096667687805,867,873,6,3,2,2,7,2,466,482,487
847,1,102,332,927,595,3,3,332,332,0,0.0,3.4037918240920386e-05,1,396,395,5,6,6,3,1,839,781,807
848,21,123,803,974,171,8,8,611,611,0,0.0007488342013002485,0.0009530617107457708,777,813,36,4,4,4,2,9,959,240,210
849,16,118,642,934,292,22,22,690,690,0,0.0004084550188910446,0.000442492937131965,678,690,12,4,3,3,4,2,550,785,152
850,6,108,411,895,484,52,52,558,558,0,3.4037918240920386e-05,3.4037918240920386e-05,401,401,0,4,4,4,12,1,106,718,885
851,28,28,797,797,0,22,22,834,834,0,0.00088498587426393,0.00088498587426393,806,806,0,-1,3,3,2,3,895,642,426
852,8,8,536,536,0,18,18,544,544,0,0.0002042275094455223,0.0002042275094455223,570,570,0,-1,4,4,5,2,663,363,849
853,0,101,1,917,916,0,4,1,332,331,0.0,0.0,1,1,0,8,-1,9,4,0,460,850,448
854,62,268,778,958,180,248,248,923,923,0,0.0019741992579733825,0.0024507301133462676,878,896,18,3,2,2,19,3,19,642,154
855,12,114,523,896,373,22,22,423,423,0,0.00010211375472276115,0.0002042275094455223,483,566,83,4,4,4,9,6,351,279,210
856,51,153,851,958,107,44,44,885,885,0,0.0008169100377820892,0.0009190237925048504,786,803,17,4,3,3,4,5,673,216,809
857,12,12,491,491,0,64,64,549,549,0,0.0002723033459273631,0.0002723033459273631,612,612,0,-1,4,4,14,2,127,682,836
858,0,206,1,933,932,0,50,1,413,412,0.0,0.0002042275094455223,1,549,548,3,-1,4,23,0,57,707,302
859,0,616,1,996,995,0,64,1,742,741,0.0,0.007556417849484326,1,972,971,2,-1,3,9,0,395,983,7
860,0,206,1,956,955,0,42,1,579,578,0.0,0.0013955546478777359,1,841,840,3,-1,4,9,0,200,975,55
861,0,101,1,942,941,0,2,1,330,329,0.0,3.4037918240920386e-05,1,401,400,5,-1,6,2,0,937,522,238
862,245,347,968,980,12,126,126,973,973,0,0.004663194799006093,0.005071649817897137,953,959,6,4,2,2,7,44,335,27,262
863,2,103,369,926,557,6,6,433,433,0,0.00010211375472276115,0.00017018959120460194,487,545,58,5,5,5,3,2,583,342,627
864,23,23,633,633,0,62,62,514,514,0,0.00013615167296368154,0.00013615167296368154,509,509,0,-1,3,3,17,3,63,580,674
865,1,207,333,958,625,11,29,333,464,131,0.0,0.0006467204465774873,1,737,736,3,6,4,11,2,248,344,407
866,27,128,786,962,176,20,20,793,793,0,0.00034037918240920387,0.00034037918240920387,660,660,0,5,3,3,3,5,879,636,585
867,0,102,1,911,910,0,10,1,395,394,0.0,6.807583648184077e-05,1,444,443,4,-1,5,6,0,587,980,425
868,0,0,1,1,0,0,0,1,1,0,0.0,0.0,1,1,0,-1,-1,-1,18,0,34,836,860
869,58,264,768,964,196,148,152,752,761,9,0.0007828721195411688,0.0009530617107457708,754,785,31,3,2,2,19,3,46,301,505
870,8,8,510,510,0,24,24,526,526,0,0.00030634126416828345,0.00030634126416828345,637,637,0,-1,4,4,6,3,387,434,752
871,1,102,332,960,628,2,2,332,332,0,3.4037918240920386e-05,0.0002382654276864427,417,605,188,5,6,6,2,3,997,578,505
872,1,1,332,332,0,2,2,332,332,0,3.4037918240920386e-05,3.4037918240920386e-05,395,395,0,-1,6,6,2,2,938,320,988
873,2,618,360,998,638,6,27,360,730,370,0.0,0.0026889955410327104,1,914,913,2,5,3,5,2,744,679,141
874,2,618,352,991,639,18,68,363,545,182,0.0,0.0010211375472276116,1,800,799,2,5,3,15,3,40,484,97
875,0,206,1,971,970,0,8,1,472,471,0.0,0.0005786446100956465,1,736,735,3,-1,4,2,1,990,660,190
876,37,1677,781,1000,219,37,66,777,939,162,0.0007828721195411688,0.021035433472888797,760,995,235,1,3,2,5,6,667,486,249
877,108,314,905,977,72,100,100,941,941,0,0.002995336805200994,0.0034718676605738795,925,934,9,3,2,2,6,13,312,183,759
878,350,350,981,981,0,142,142,969,969,0,0.0048674223084516155,0.0048674223084516155,953,953,0,-1,2,2,8,57,131,50,963
879,0,0,1,1,0,0,0,1,1,0,0.0,0.0,1,1,0,-1,-1,-1,2,0,481,542,604
880,20,226,696,976,280,20,20,626,626,0,0.00030634126416828345,0.000442492937131965,638,690,52,3,4,4,4,5,597,178,132
881,56,56,790,790,0,148,148,794,794,0,0.001055175465468532,0.001055175465468532,813,813,0,-1,3,3,17,8,56,186,828
882,0,102,1,938,937,0,5,1,394,393,0.0,0.0002042275094455223,1,585,584,4,-1,5,3,0,756,858,375
883,48,150,772,931,159,68,68,688,688,0,0.000442492937131965,0.0004765308553728854,666,676,10,4,3,3,11,9,271,154,282
884,25,231,656,956,300,62,62,578,578,0,0.00034037918240920387,0.0008169100377820892,631,774,143,3,4,4,13,5,90,310,257
885,28,644,694,992,298,46,86,578,823,245,0.00034037918240920387,0.009326389598012186,634,976,342,2,3,3,10,3,241,704,11
886,6,108,390,893,503,40,40,505,505,0,0.0,0.0,1,1,0,4,4,4,12,4,212,409,719
887,98,304,848,965,117,152,156,802,813,11,0.0013955546478777359,0.0018380475850097008,838,872,34,3,2,2,17,7,103,389,267
888,6,212,377,947,570,56,56,444,444,0,0.00010211375472276115,0.00034037918240920387,485,638,153,3,4,4,21,2,12,648,208
889,9,110,554,918,364,18,18,503,503,0,6.807583648184077e-05,0.00010211375472276115,454,485,31,5,4,4,5,4,665,442,593
890,28,130,745,940,195,24,24,647,647,0,0.00034037918240920387,0.0005105687736138058,658,714,56,4,4,4,4,6,504,461,287
891,0,206,1,967,966,0,23,1,531,530,0.0,0.0005446066918547262,1,703,702,3,-1,4,6,0,556,205,249
892,26,26,667,667,0,70,70,723,723,0,0.00017018959120460194,0.00017018959120460194,527,527,0,-1,3,3,10,4,272,557,372
893,6,6,427,427,0,24,24,599,599,0,0.0002382654276864427,0.0002382654276864427,592,592,0,-1,4,4,4,2,385,785,850
894,0,101,1,965,964,0,2,1,331,330,0.0,0.00010211375472276115,1,481,480,5,-1,6,2,0,968,729,454
895,0,102,1,939,938,0,4,1,416,415,0.0,0.00037441710065012424,1,666,665,4,-1,5,2,0,939,731,136
896,30,236,783,980,197,12,12,582,582,0,0.0007488342013002485,0.0018040096667687805,775,875,100,3,4,4,2,8,643,345,147
897,400,400,985,985,0,104,104,967,967,0,0.010721944245889922,0.010721944245889922,984,984,0,-1,2,2,5,54,474,19,943
898,6,108,443,919,476,15,16,515,516,1,3.4037918240920386e-05,0.0004765308553728854,403,710,307,4,4,4,4,2,917,842,289
899,23,23,754,754,0,14,14,565,565,0,0.0007147962830593281,0.0007147962830593281,778,778,0,-1,4,4,3,8,861,284,915
900,4,105,398,896,498,17,17,393,393,0,0.0,0.0,1,1,0,5,5,5,10,3,254,585,781
901,60,60,908,908,0,22,22,869,869,0,0.0020082371762143027,0.0020082371762143027,892,892,0,-1,3,3,2,17,751,96,895
902,12,12,581,581,0,18,18,580,580,0,0.0002382654276864427,0.0002382654276864427,596,596,0,-1,4,4,3,2,834,770,945
903,7,7,529,529,0,18,18,673,673,0,0.0005786446100956465,0.0005786446100956465,726,726,0,-1,4,4,3,2,901,101,877
904,0,102,1,891,890,0,8,1,355,354,0.0,0.0,1,1,0,4,-1,5,7,0,296,945,444
905,0,206,1,973,972,0,8,1,481,480,0.0,0.001055175465468532,1,829,828,3,-1,4,2,0,429,725,264
906,20,226,700,977,277,14,18,588,704,116,0.00034037918240920387,0.001940161339732462,645,889,244,3,4,4,3,5,710,178,128
907,16,118,658,946,288,22,22,760,760,0,0.00030634126416828345,0.00030634126416828345,625,625,0,4,3,3,2,3,643,260,662
908,88,294,899,979,80,40,40,766,766,0,0.0012934408931549745,0.0024166921951053475,846,908,62,3,3,3,5,19,565,59,155
909,0,206,1,933,932,0,48,1,415,414,0.0,0.00017018959120460194,1,542,541,3,-1,4,21,0,74,715,435
910,22,228,699,973,274,28,28,722,722,0,0.00034037918240920387,0.0009190237925048504,650,799,149,3,3,3,3,2,613,827,414
911,229,435,975,991,16,64,64,940,940,0,0.005480104836788182,0.006262976956329351,962,968,6,3,3,3,4,45,453,77,490
912,0,206,1,950,949,0,58,1,551,550,0.0,0.0020763130126961434,1,889,888,3,-1,4,13,0,120,644,112
913,0,206,1,976,975,0,16,1,577,576,0.0,0.0023486163586235067,1,902,901,3,-1,4,4,0,794,546,108
914,0,206,1,965,964,0,14,1,471,470,0.0,0.0006467204465774873,1,747,746,3,-1,4,5,0,599,638,336
915,2,208,353,959,606,13,18,407,447,40,0.00010211375472276115,0.0005105687736138058,475,698,223,3,5,4,7,1,209,421,275
916,72,72,887,887,0,34,34,817,817,0,0.0018040096667687805,0.0018040096667687805,871,871,0,-1,3,3,4,17,491,60,905
917,1,207,332,973,641,4,12,332,491,159,0.0,0.0009870996289866913,1,810,809,3,6,4,4,1,767,621,122
918,0,206,1,967,966,0,22,1,576,575,0.0,0.001157289220191293,1,832,831,3,-1,4,5,0,565,571,62
919,0,0,1,1,0,0,0,1,1,0,0.0,0.0,1,1,0,-1,-1,-1,5,0,506,777,977
920,9,111,641,968,327,10,10,592,592,0,0.00010211375472276115,0.0014636304843595766,504,860,356,4,4,4,3,3,853,222,203
921,36,242,698,953,255,100,104,642,675,33,0.00030634126416828345,0.0013615167296368155,624,835,211,3,3,3,17,6,94,494,91
922,78,180,861,951,90,88,88,843,843,0,0.0012253650566731338,0.0013274788113958951,828,834,6,4,3,3,8,12,225,155,311
923,0,0,1,1,0,0,0,1,1,0,0.0,0.0,1,1,0,-1,-1,-1,6,0,251,977,844
924,19,635,687,998,311,16,40,536,809,273,0.00030634126416828345,0.005616256509751864,640,965,325,2,4,3,4,7,544,371,75
925,8,110,502,908,406,14,14,450,450,0,0.00010211375472276115,0.00013615167296368154,483,513,30,4,4,4,5,5,426,231,512
926,16,118,579,911,332,24,24,507,507,0,0.0002042275094455223,0.0002042275094455223,575,575,0,4,4,4,6,5,378,350,549
927,53,53,860,860,0,28,28,847,847,0,0.0012934408931549745,0.0012934408931549745,850,850,0,-1,3,3,3,15,710,206,990
928,25,25,715,715,0,20,20,633,633,0,0.0002042275094455223,0.0002042275094455223,573,573,0,-1,4,4,4,7,949,188,845
929,12,1652,562,1000,438,16,72,478,911,433,0.00034037918240920387,0.018857006705469893,653,993,340,1,4,2,6,4,606,645,48
930,8,624,477,990,513,28,96,409,665,256,3.4037918240920386e-05,0.0033016780693692774,399,931,532,2,4,3,15,2,65,602,126
931,3,105,440,943,503,7,8,415,444,29,6.807583648184077e-05,0.00030634126416828345,452,631,179,4,5,5,4,3,794,631,291
932,0,102,1,900,899,0,8,1,367,366,0.0,0.0,1,1,0,4,-1,5,6,0,98,511,384
933,34,135,789,945,156,30,30,770,770,0,0.0004084550188910446,0.0004084550188910446,681,681,0,5,3,3,4,3,403,93,691
934,24,24,652,652,0,84,84,729,729,0,0.0009530617107457708,0.0009530617107457708,791,791,0,-1,3,3,12,4,194,326,919
935,3,105,464,958,494,6,6,457,457,0,3.4037918240920386e-05,0.00010211375472276115,418,507,89,4,5,5,3,2,850,251,797
936,6,6,389,389,0,42,42,419,419,0,6.807583648184077e-05,6.807583648184077e-05,442,442,0,-1,4,4,19,2,148,518,731
937,0,101,1,969,968,0,2,1,330,329,0.0,0.0002042275094455223,1,596,595,5,-1,6,2,0,962,983,521
938,0,0,1,1,0,0,0,1,1,0,0.0,0.0,1,1,0,-1,-1,-1,2,0,838,929,587
939,26,26,719,719,0,18,18,554,554,0,0.000442492937131965,0.000442492937131965,683,683,0,-1,4,4,3,13,704,256,828
940,1,1,332,332,0,2,2,332,332,0,0.0,0.0,1,1,0,-1,6,6,2,1,982,437,816
941,3,3,522,522,0,4,4,546,546,0,3.4037918240920386e-05,3.4037918240920386e-05,406,406,0,-1,5,5,2,4,952,149,919
942,2,103,403,974,571,3,3,414,414,0,0.0,3.4037918240920386e-05,1,408,407,5,5,5,2,1,872,481,350
943,361,361,986,986,0,78,78,958,958,0,0.010858095918853602,0.010858095918853602,984,984,0,-1,2,2,4,59,921,6,276
944,6,622,407,993,586,30,52,506,654,148,6.807583648184077e-05,0.0015317063208414173,443,846,403,2,4,3,9,2,126,550,45
945,0,206,1,983,982,0,10,1,578,577,0.0,0.0020763130126961434,1,895,894,3,-1,4,3,0,786,917,75
946,53,155,853,963,110,54,54,931,931,0,0.003165526396405596,0.003608019333537561,925,930,5,4,2,2,4,8,543,90,131
947,5,107,499,952,453,6,6,439,439,0,3.4037918240920386e-05,0.0002723033459273631,396,624,228,4,5,5,3,3,798,534,504
948,0,102,1,904,903,0,10,1,396,395,0.0,0.0002042275094455223,1,566,565,4,-1,5,6,0,606,872,785
949,8,8,484,484,0,31,31,417,417,0,6.807583648184077e-05,6.807583648184077e-05,444,444,0,-1,4,4,14,3,144,585,548
950,6,108,427,902,475,26,26,515,515,0,0.0002042275094455223,0.00034037918240920387,573,655,82,4,4,4,7,1,466,810,516
951,25,25,716,716,0,30,30,613,613,0,0.00034037918240920387,0.00034037918240920387,651,651,0,-1,3,3,6,4,275,208,643
952,0,0,1,1,0,0,0,1,1,0,0.0,0.0,1,1,0,-1,-1,-1,2,0,931,950,892
953,56,56,729,729,0,280,280,789,789,0,0.0005105687736138058,0.0005105687736138058,680,680,0,-1,2,2,36,2,16,465,933
954,0,206,1,968,967,0,17,1,500,499,0.0,0.000442492937131965,1,696,695,3,-1,4,5,0,294,635,275
955,0,206,1,977,976,0,12,1,614,613,0.0,0.004288777698355968,1,945,944,3,-1,4,2,1,983,472,14
956,0,206,1,976,975,0,16,1,580,579,0.0,0.0020082371762143027,1,884,883,3,-1,4,4,0,811,201,106
957,0,0,1,1,0,0,0,1,1,0,0.0,0.0,1,1,0,-1,-1,-1,5,0,314,909,686
958,0,0,1,1,0,0,0,1,1,0,0.0,0.0,1,1,0,-1,-1,-1,3,2,668,462,426
959,52,154,861,970,109,24,24,745,745,0,0.0010892133837094523,0.0013615167296368155,820,846,26,4,4,4,4,12,789,179,343
960,0,102,1,946,945,0,4,1,375,374,0.0,0.00030634126416828345,1,639,638,4,-1,5,3,0,796,980,314
961,12,628,476,991,515,74,130,509,691,182,0.00013615167296368154,0.003369753905851118,510,930,420,2,4,3,19,2,14,408,102
962,24,230,687,967,280,38,38,645,645,0,0.0005786446100956465,0.0023486163586235067,723,896,173,3,4,4,7,5,336,308,158
963,382,482,990,992,2,88,88,975,975,0,0.00878178290615746,0.00891793457912114,982,982,0,4,2,2,4,75,460,24,22
964,10,216,567,973,406,14,14,539,539,0,0.00017018959120460194,0.00088498587426393,540,794,254,3,4,4,3,3,989,677,174
965,0,206,1,963,962,0,24,1,506,505,0.0,0.0005446066918547262,1,714,713,3,-1,4,6,0,432,733,114
966,0,0,1,1,0,0,0,1,1,0,0.0,0.0,1,1,0,-1,-1,-1,7,0,246,614,744
967,32,238,717,964,247,84,84,748,748,0,0.0008169100377820892,0.001157289220191293,772,821,49,3,3,3,11,5,233,535,150
968,2,2,354,354,0,5,5,355,355,0,0.0,0.0,1,1,0,-1,5,5,4,1,562,337,358
969,6,212,432,966,534,14,30,457,656,199,6.807583648184077e-05,0.005071649817897137,453,951,498,3,4,4,5,1,467,416,5
970,6,212,420,964,544,32,40,540,609,69,6.807583648184077e-05,0.0007828721195411688,452,768,316,3,4,4,8,2,365,714,326
971,30,131,722,923,201,46,46,659,659,0,0.0004765308553728854,0.0004765308553728854,711,711,0,5,3,3,8,6,646,258,292
972,0,102,1,906,905,0,14,1,398,397,0.0,0.00017018959120460194,1,539,538,4,-1,5,8,0,350,986,305
973,2,103,350,878,528,13,13,360,360,0,0.0,0.0,1,1,0,6,5,5,11,3,227,676,582
974,32,648,773,997,224,44,54,831,892,61,0.0006807583648184077,0.00442492937131965,757,947,190,2,3,3,4,9,512,145,43
975,2,2,373,373,0,6,6,442,442,0,0.00010211375472276115,0.00010211375472276115,488,488,0,-1,5,5,3,4,600,409,954
976,319,319,986,986,0,80,80,964,964,0,0.007998910786616291,0.007998910786616291,976,976,0,-1,3,3,5,69,602,12,802
977,0,102,1,879,878,0,18,1,364,363,0.0,6.807583648184077e-05,1,440,439,4,-1,5,14,0,332,988,361
978,36,242,741,965,224,70,70,743,743,0,0.0006807583648184077,0.001157289220191293,754,824,70,3,3,3,9,9,263,29,114
979,34,135,678,905,227,104,104,717,717,0,0.0005446066918547262,0.0005446066918547262,697,697,0,6,3,3,16,6,134,432,647
980,89,89,924,924,0,38,38,895,895,0,0.0026209197045508697,0.0026209197045508697,919,919,0,-1,3,3,3,19,835,133,957
981,10,216,559,971,412,12,16,453,507,54,0.00010211375472276115,0.0011232513019503727,491,830,339,3,4,4,4,3,759,214,109
982,0,0,1,1,0,0,0,1,1,0,0.0,0.0,1,1,0,-1,-1,-1,2,1,987,852,709
983,226,226,961,961,0,142,142,963,963,0,0.004731270635487933,0.004731270635487933,948,948,0,-1,2,2,8,31,357,102,854
984,43,145,832,952,120,40,40,871,871,0,0.0008169100377820892,0.0009870996289866913,785,804,19,4,3,3,4,8,423,90,247
985,0,616,1,997,996,0,39,1,824,823,0.0,0.0045270431260424114,1,955,954,2,-1,3,4,0,711,994,123
986,40,40,802,802,0,44,44,845,845,0,0.0008169100377820892,0.0008169100377820892,783,783,0,-1,3,3,4,7,690,422,488
987,0,0,1,1,0,0,0,1,1,0,0.0,0.0,1,1,0,-1,-1,-1,3,0,636,276,854
988,171,171,964,964,0,50,50,870,870,0,0.004799346471969774,0.004799346471969774,954,954,0,-1,3,3,5,27,601,25,985
989,74,280,836,972,136,120,120,894,894,0,0.002110350930937064,0.0024166921951053475,886,900,14,3,2,2,11,8,360,352,385
990,74,690,874,998,124,66,76,876,914,38,0.0020422750944552232,0.0030293747234419145,888,926,38,2,3,3,6,17,253,60,360
991,0,0,1,1,0,0,0,1,1,0,0.0,0.0,1,1,0,-1,-1,-1,14,1,181,806,843
992,162,162,909,909,0,292,292,932,932,0,0.0024166921951053475,0.0024166921951053475,891,891,0,-1,2,2,23,14,43,68,546
993,4,106,471,948,477,4,4,420,420,0,0.00010211375472276115,0.0015317063208414173,493,875,382,4,5,5,2,3,975,361,157
994,1,207,333,969,636,6,14,333,464,131,0.0,0.0004765308553728854,1,702,701,3,7,4,6,2,764,344,616
995,58,58,858,858,0,28,28,780,780,0,0.0009190237925048504,0.0009190237925048504,805,805,0,-1,3,3,3,11,588,97,965
996,0,101,1,930,929,0,3,1,330,329,0.0,0.0,1,1,0,6,-1,7,3,3,882,478,484
997,127,743,918,997,79,90,100,936,952,16,0.002314578440382586,0.004050512270669526,896,948,52,2,2,2,6,27,536,304,136
998,173,379,949,983,34,96,96,936,936,0,0.004050512270669526,0.0042547397801150485,945,947,2,3,2,2,7,24,196,119,260
999,0,101,1,920,919,0,5,1,332,331,0.0,0.0,1,1,0,7,-1,8,5,3,421,478,972
