,FreeNet_pre_score,FreeNet_post_score,FreeNet_pre_rank,FreeNet_post_rank,FreeNet_delta_ranks,Reversed_pre_score,Reversed_post_score,Reversed_pre_rank,Reversed_post_rank,Reversed_delta_ranks,Random_pre_score,Random_post_score,Random_pre_rank,Random_post_rank,Random_delta_ranks,dist_victim_relayer,dist_victim_vilain_pre,dist_victim_vilain_post,out_deg_victim,in_deg_villain,victim,villain,relayer
0,78,694,833,992,159,110,110,755,755,0,0.0007147962830593281,0.0019741992579733825,758,880,122,2,3,3,14,9,198,294,386
1,1,1,333,333,0,9,9,333,333,0,3.4037918240920386e-05,3.4037918240920386e-05,403,403,0,-1,6,6,9,1,191,893,833
2,8,214,536,971,435,17,26,517,636,119,3.4037918240920386e-05,0.0029612988869600733,396,924,528,3,4,4,5,2,644,499,31
3,33,135,677,898,221,72,72,554,554,0,0.0002723033459273631,0.00034037918240920387,596,633,37,4,3,3,17,6,80,229,347
4,10,10,508,508,0,44,44,565,565,0,0.00010211375472276115,0.00010211375472276115,478,478,0,-1,4,4,10,4,254,617,981
5,2,208,356,963,607,13,17,400,438,38,3.4037918240920386e-05,0.0002382654276864427,408,597,189,3,5,4,7,1,510,639,282
6,0,206,1,958,957,0,29,1,460,459,0.0,0.0004084550188910446,1,680,679,3,-1,4,11,0,176,588,376
7,9,111,496,893,397,58,58,600,600,0,3.4037918240920386e-05,0.00010211375472276115,398,480,82,4,4,4,11,3,167,508,761
8,0,206,1,976,975,0,12,1,582,581,0.0,0.006705469893461316,1,973,972,3,-1,4,2,1,689,554,30
9,4,620,408,996,588,10,30,366,512,146,6.807583648184077e-05,0.00088498587426393,451,783,332,2,5,3,8,2,231,694,160
10,0,102,1,908,907,0,8,1,371,370,0.0,0.00013615167296368154,1,514,513,4,-1,5,6,0,518,831,332
11,2,208,356,965,609,8,14,387,469,82,0.0,0.000442492937131965,1,696,695,3,5,4,5,1,773,265,221
12,0,0,1,1,0,0,0,1,1,0,0.0,0.0,1,1,0,-1,-1,-1,14,0,154,894,876
13,0,101,1,947,946,0,2,1,330,329,0.0,3.4037918240920386e-05,1,407,406,5,-1,6,2,0,999,950,598
14,0,0,1,1,0,0,0,1,1,0,0.0,0.0,1,1,0,-1,-1,-1,9,0,178,866,942
15,8,109,558,943,385,10,10,500,500,0,6.807583648184077e-05,6.807583648184077e-05,450,450,0,5,4,4,3,3,568,361,694
16,0,0,1,1,0,0,0,1,1,0,0.0,0.0,1,1,0,-1,-1,-1,9,1,245,814,657
17,0,102,1,944,943,0,3,1,369,368,0.0,0.00030634126416828345,1,648,647,4,-1,5,2,0,947,975,240
18,21,122,723,946,223,12,12,604,604,0,0.0002723033459273631,0.00034037918240920387,627,652,25,5,4,4,2,10,589,272,534
19,0,102,1,883,882,0,10,1,350,349,0.0,3.4037918240920386e-05,1,401,400,4,-1,5,9,0,100,969,631
20,0,206,1,980,979,0,7,1,527,526,0.0,0.0005446066918547262,1,730,729,3,-1,4,2,0,806,864,336
21,1,617,333,996,663,5,28,333,660,327,0.0,0.0034718676605738795,1,933,932,2,7,3,5,1,534,703,153
22,1,103,333,888,555,12,13,333,353,20,0.0,0.0,1,1,0,4,6,5,12,1,58,540,679
23,20,20,716,716,0,50,50,856,856,0,0.0004084550188910446,0.0004084550188910446,677,677,0,-1,3,3,5,3,602,222,675
24,0,0,1,1,0,0,0,1,1,0,0.0,0.0,1,1,0,-1,-1,-1,8,1,411,747,753
25,8,110,514,915,401,24,24,636,636,0,0.0005786446100956465,0.0007488342013002485,733,770,37,4,4,4,4,3,759,209,199
26,65,65,895,895,0,12,12,635,635,0,0.0018380475850097008,0.0018380475850097008,889,889,0,-1,4,4,2,17,723,45,774
27,1,103,333,875,542,15,25,333,389,56,0.0,3.4037918240920386e-05,1,405,404,4,6,5,15,1,0,671,720
28,12,12,527,527,0,22,22,469,469,0,0.00010211375472276115,0.00010211375472276115,485,485,0,-1,4,4,7,2,447,491,433
29,0,0,1,1,0,0,0,1,1,0,0.0,0.0,1,1,0,-1,-1,-1,4,0,891,916,429
30,0,101,1,958,957,0,2,1,331,330,0.0,6.807583648184077e-05,1,455,454,5,-1,6,2,0,963,939,260
31,25,231,675,959,284,32,32,524,524,0,0.0002723033459273631,0.00034037918240920387,606,640,34,3,4,4,8,7,317,188,958
32,0,0,1,1,0,0,0,1,1,0,0.0,0.0,1,1,0,-1,-1,-1,10,0,125,672,779
33,0,616,1,999,998,0,20,1,787,786,0.0,0.002144388849177984,1,897,896,2,-1,3,3,0,871,754,318
34,99,201,895,962,67,62,62,797,797,0,0.0018380475850097008,0.0018380475850097008,884,884,0,4,3,3,7,19,324,72,719
35,22,638,649,995,346,32,50,557,685,128,0.00013615167296368154,0.0017018959120460194,529,865,336,2,3,3,7,3,179,290,137
36,0,206,1,951,950,0,34,1,503,502,0.0,0.0015657442390823377,1,860,859,3,-1,4,9,0,123,488,153
37,1,102,333,966,633,3,3,333,333,0,0.0,0.0,1,1,0,5,6,6,3,2,853,374,743
38,184,184,924,924,0,282,282,940,940,0,0.002280540522141666,0.002280540522141666,887,887,0,-1,2,2,19,17,14,45,716
39,80,182,856,949,93,90,90,818,818,0,0.0009870996289866913,0.0010211375472276116,803,807,4,4,3,3,10,12,211,179,523
40,0,102,1,879,878,0,16,1,381,380,0.0,6.807583648184077e-05,1,437,436,4,-1,5,10,0,298,745,544
41,0,0,1,1,0,0,0,1,1,0,0.0,0.0,1,1,0,-1,-1,-1,9,0,315,798,998
42,6,6,503,503,0,8,8,555,555,0,6.807583648184077e-05,6.807583648184077e-05,465,465,0,-1,4,4,2,1,806,555,515
43,2,208,356,965,609,7,13,373,452,79,6.807583648184077e-05,0.0006126825283365669,454,744,290,3,5,4,5,1,773,540,351
44,8,8,565,565,0,8,8,517,517,0,0.00013615167296368154,0.00013615167296368154,529,529,0,-1,4,4,2,3,771,496,747
45,0,101,1,902,901,0,8,1,330,329,0.0,3.4037918240920386e-05,1,394,393,5,-1,6,8,0,371,898,374
46,18,18,707,707,0,16,16,588,588,0,0.000442492937131965,0.000442492937131965,696,696,0,-1,4,4,4,7,679,303,847
47,62,62,880,880,0,22,22,816,816,0,0.0016338200755641784,0.0016338200755641784,868,868,0,-1,3,3,2,19,739,91,884
48,14,630,510,990,480,71,102,522,650,128,0.0002042275094455223,0.0016678579938050988,566,860,294,2,4,3,18,3,64,677,193
49,2,2,404,404,0,4,4,479,479,0,3.4037918240920386e-05,3.4037918240920386e-05,408,408,0,-1,5,5,2,2,987,714,993
50,0,206,1,960,959,0,12,1,434,433,0.0,0.0004765308553728854,1,706,705,3,-1,4,5,2,408,462,241
51,0,206,1,946,945,0,31,1,451,450,0.0,0.0002723033459273631,1,620,619,3,-1,4,12,1,222,583,162
52,24,640,669,993,324,44,62,645,756,111,0.00017018959120460194,0.0027911092957554717,538,915,377,2,3,3,7,5,246,688,113
53,150,356,923,979,56,160,160,912,912,0,0.002757071377514551,0.0028591851322373124,915,920,5,3,2,2,11,19,227,297,809
54,348,449,985,991,6,96,96,993,993,0,0.012832295176826986,0.012832295176826986,990,990,0,5,2,2,3,49,927,16,676
55,16,222,586,964,378,58,58,728,728,0,0.0006467204465774873,0.0008509479560230097,745,789,44,3,3,3,8,2,301,160,493
56,2,104,368,953,585,4,4,430,430,0,3.4037918240920386e-05,0.0013615167296368155,402,851,449,4,5,5,2,1,702,964,100
57,0,102,1,965,964,0,4,1,478,477,0.0,0.0004084550188910446,1,704,703,4,-1,5,2,0,987,985,162
58,2,2,354,354,0,6,6,355,355,0,0.0,0.0,1,1,0,-1,5,5,5,1,677,640,685
59,0,0,1,1,0,0,0,1,1,0,0.0,0.0,1,1,0,-1,-1,-1,2,0,977,986,948
60,0,616,1,990,989,0,63,1,500,499,0.0,0.0007828721195411688,1,754,753,2,-1,3,19,0,48,926,145
61,40,142,806,943,137,42,42,824,824,0,0.000442492937131965,0.0006126825283365669,688,739,51,4,3,3,5,8,552,302,567
62,0,0,1,1,0,0,0,1,1,0,0.0,0.0,1,1,0,-1,-1,-1,2,0,898,909,359
63,41,41,808,808,0,28,28,731,731,0,0.002586881786309949,0.002586881786309949,911,911,0,-1,3,3,3,6,927,73,901
64,424,526,985,991,6,168,168,984,984,0,0.009326389598012186,0.009394465434494027,981,981,0,4,2,2,9,54,327,19,258
65,17,119,694,948,254,12,12,606,606,0,0.0005446066918547262,0.0011232513019503727,713,834,121,4,4,4,2,8,970,257,399
66,63,63,862,862,0,48,48,900,900,0,0.0017359338302869397,0.0017359338302869397,880,880,0,-1,3,3,3,13,737,255,673
67,18,120,643,928,285,40,40,706,706,0,0.00037441710065012424,0.0005446066918547262,656,723,67,4,3,3,7,3,404,354,211
68,2,2,346,346,0,19,19,380,380,0,0.00010211375472276115,0.00010211375472276115,484,484,0,-1,5,5,12,2,93,690,330
69,6,212,546,990,444,8,12,599,762,163,0.00013615167296368154,0.0034037918240920387,535,941,406,3,4,4,2,2,865,652,88
70,45,251,781,969,188,70,74,762,775,13,0.0005105687736138058,0.0017359338302869397,696,855,159,3,3,3,9,8,394,257,163
71,4,210,479,983,504,6,10,439,536,97,0.0002723033459273631,0.0010892133837094523,628,821,193,3,5,4,3,4,798,545,612
72,54,155,908,980,72,22,22,898,898,0,0.0019741992579733825,0.0019741992579733825,893,893,0,5,3,3,2,18,963,171,791
73,122,224,881,952,71,212,212,866,866,0,0.0016338200755641784,0.0016338200755641784,852,852,0,4,2,2,21,13,1,120,734
74,2,103,377,946,569,4,4,422,422,0,0.0,0.0,1,1,0,5,5,5,2,1,986,623,679
75,2,2,359,359,0,13,13,415,415,0,0.0,0.0,1,1,0,-1,5,5,7,1,342,837,777
76,0,0,1,1,0,0,0,1,1,0,0.0,0.0,1,1,0,-1,-1,-1,14,0,198,801,876
77,22,228,673,970,297,30,34,667,678,11,0.0002382654276864427,0.0006126825283365669,586,741,155,3,3,3,4,4,493,149,658
78,0,0,1,1,0,0,0,1,1,0,0.0,0.0,1,1,0,-1,-1,-1,2,0,809,978,665
79,22,123,719,945,226,16,16,571,571,0,0.0005446066918547262,0.0005446066918547262,740,740,0,5,4,4,4,6,824,376,736
80,2,208,349,952,603,16,66,364,600,236,0.0,0.0013274788113958951,1,831,830,3,5,4,13,4,160,595,69
81,6,108,445,920,475,16,16,468,468,0,3.4037918240920386e-05,0.00010211375472276115,403,478,75,4,4,4,6,2,253,325,370
82,0,206,1,972,971,0,8,1,465,464,0.0,0.0005446066918547262,1,726,725,3,-1,4,2,0,905,713,535
83,2,2,389,389,0,3,3,397,397,0,0.00010211375472276115,0.00010211375472276115,482,482,0,-1,5,5,2,1,933,807,980
84,0,616,1,997,996,0,32,1,719,718,0.0,0.003369753905851118,1,934,933,2,-1,3,5,1,476,874,126
85,48,254,857,986,129,12,12,682,682,0,0.0014636304843595766,0.0024507301133462676,857,913,56,3,4,4,2,18,702,82,637
86,0,101,1,873,872,0,18,1,332,331,0.0,0.0,1,1,0,5,-1,6,18,0,64,769,763
87,4,106,477,948,471,4,4,409,409,0,3.4037918240920386e-05,0.00013615167296368154,414,529,115,4,5,5,2,3,469,290,333
88,0,206,1,940,939,0,38,1,439,438,0.0,0.0007488342013002485,1,747,746,3,-1,4,14,0,203,994,204
89,0,102,1,877,876,0,28,1,366,365,0.0,0.0,1,1,0,4,-1,5,21,2,12,775,485
90,11,217,563,973,410,10,18,446,604,158,0.00017018959120460194,0.0005786446100956465,535,719,184,3,4,4,3,4,927,380,134
91,67,169,870,957,87,54,54,881,881,0,0.0016678579938050988,0.0020422750944552232,878,895,17,4,3,3,4,18,532,147,115
92,6,108,392,890,498,23,23,416,416,0,0.00010211375472276115,0.00013615167296368154,479,502,23,4,4,4,10,1,205,552,680
93,17,118,704,954,250,17,17,794,794,0,0.000442492937131965,0.0004765308553728854,696,709,13,5,3,3,2,2,906,549,509
94,219,321,955,974,19,158,158,963,963,0,0.005105687736138058,0.005105687736138058,954,954,0,4,2,2,9,37,100,74,580
95,356,458,979,982,3,318,318,971,971,0,0.006058749446883829,0.00616086320160659,964,964,0,4,2,2,20,30,61,75,384
96,2,2,349,349,0,8,8,371,371,0,0.0,0.0,1,1,0,-1,5,5,6,1,341,736,821
97,0,616,1,991,990,0,80,1,661,660,0.0,0.004152626025392287,1,945,944,2,-1,3,13,0,97,992,51
98,0,102,1,954,953,0,7,1,458,457,0.0,0.0006807583648184077,1,764,763,4,-1,5,4,0,860,675,185
99,12,218,492,950,458,56,60,505,534,29,6.807583648184077e-05,0.0002042275094455223,437,562,125,3,4,4,14,3,133,829,353
100,1,1,332,332,0,2,2,332,332,0,0.0,0.0,1,1,0,-1,7,7,2,1,757,621,793
101,2,104,370,939,569,4,4,417,417,0,3.4037918240920386e-05,0.00013615167296368154,403,522,119,4,5,5,2,3,939,309,263
102,84,186,903,966,63,34,34,771,771,0,0.002723033459273631,0.0030293747234419145,919,930,11,4,3,3,4,21,424,123,404
103,0,102,1,935,934,0,4,1,404,403,0.0,0.0004084550188910446,1,675,674,4,-1,5,2,0,926,786,658
104,34,634,707,992,285,70,70,646,646,0,0.0002382654276864427,0.0020763130126961434,598,889,291,2,3,3,12,8,222,132,35
105,245,451,958,985,27,224,224,945,945,0,0.0030634126416828346,0.003812246842983083,924,944,20,3,2,2,15,24,37,119,284
106,6,108,477,943,466,10,10,523,523,0,0.00017018959120460194,0.0010892133837094523,545,827,282,4,4,4,3,1,785,661,269
107,21,227,652,967,315,74,74,809,809,0,0.0011232513019503727,0.0034718676605738795,819,934,115,3,3,3,8,5,420,355,69
108,20,20,687,687,0,50,50,829,829,0,0.0011232513019503727,0.0011232513019503727,833,833,0,-1,3,3,5,5,766,355,954
109,24,125,744,953,209,18,18,673,673,0,0.00034037918240920387,0.00037441710065012424,658,671,13,5,4,4,3,11,844,162,594
110,6,1646,460,1000,540,18,56,563,928,365,0.00030634126416828345,0.021443888491779844,628,994,366,1,4,2,5,1,574,891,406
111,2,2,373,373,0,6,6,430,430,0,0.00013615167296368154,0.00013615167296368154,510,510,0,-1,5,5,3,1,628,360,767
112,6,6,438,438,0,28,28,621,621,0,0.00017018959120460194,0.00017018959120460194,546,546,0,-1,4,4,6,2,322,550,738
113,15,221,638,974,336,18,22,579,630,51,0.00017018959120460194,0.0005105687736138058,550,702,152,3,4,4,5,5,727,454,619
114,0,616,1,995,994,0,20,1,679,678,0.0,0.0015317063208414173,1,857,856,2,-1,3,3,1,704,742,305
115,0,102,1,930,929,0,3,1,374,373,0.0,0.00010211375472276115,1,482,481,4,-1,5,2,0,934,820,579
116,0,0,1,1,0,0,0,1,1,0,0.0,0.0,1,1,0,-1,-1,-1,30,0,7,611,945
117,0,0,1,1,0,0,0,1,1,0,0.0,0.0,1,1,0,-1,-1,-1,2,0,998,423,925
118,36,242,792,975,183,34,34,750,750,0,0.0008509479560230097,0.001157289220191293,797,845,48,3,3,3,4,5,444,273,167
119,33,135,736,921,185,34,34,572,572,0,0.0005786446100956465,0.0005786446100956465,716,716,0,4,4,4,7,10,340,366,711
120,6,6,442,442,0,10,10,457,457,0,0.00010211375472276115,0.00010211375472276115,475,475,0,-1,4,4,3,1,989,809,943
121,27,129,773,948,175,30,30,794,794,0,0.0009530617107457708,0.0010892133837094523,801,819,18,4,3,3,4,5,721,216,467
122,3,3,463,463,0,3,3,389,389,0,0.00010211375472276115,0.00010211375472276115,503,503,0,-1,5,5,2,2,967,694,877
123,6,6,392,392,0,24,24,438,438,0,3.4037918240920386e-05,3.4037918240920386e-05,406,406,0,-1,4,4,10,1,272,639,789
124,68,169,867,959,92,40,40,767,767,0,0.0010211375472276116,0.0010211375472276116,823,823,0,5,3,3,5,14,314,243,331
125,0,206,1,950,949,0,22,1,396,395,0.0,0.0002723033459273631,1,602,601,3,-1,4,12,0,143,826,229
126,0,102,1,878,877,0,19,1,365,364,0.0,0.0,1,1,0,4,-1,5,15,0,81,664,599
127,187,289,947,970,23,160,160,953,953,0,0.0033357159876101976,0.003369753905851118,934,934,0,4,2,2,11,20,215,43,531
128,34,650,697,993,296,82,102,690,787,97,0.0004084550188910446,0.0033016780693692774,668,933,265,2,3,3,12,8,52,286,123
129,4,105,502,964,462,4,4,470,470,0,0.00013615167296368154,0.00013615167296368154,529,529,0,6,5,5,2,2,788,468,734
130,2,2,355,355,0,13,13,363,363,0,3.4037918240920386e-05,3.4037918240920386e-05,407,407,0,-1,5,5,11,2,155,764,789
131,53,53,853,853,0,34,34,813,813,0,0.0010892133837094523,0.0010892133837094523,822,822,0,-1,3,3,4,15,543,62,643
132,0,101,1,928,927,0,5,1,331,330,0.0,0.00010211375472276115,1,484,483,5,-1,6,5,0,663,498,499
133,0,102,1,948,947,0,4,1,380,379,0.0,3.4037918240920386e-05,1,396,395,4,-1,5,3,1,768,554,530
134,18,224,610,963,353,36,48,524,584,60,0.0002382654276864427,0.001055175465468532,588,812,224,3,4,4,10,3,241,677,189
135,0,102,1,974,973,0,4,1,507,506,0.0,0.0005786446100956465,1,746,745,4,-1,5,2,0,944,200,219
136,0,101,1,891,890,0,9,1,332,331,0.0,0.0,1,1,0,5,-1,6,9,0,249,812,606
137,10,111,634,959,325,16,16,678,678,0,0.00030634126416828345,0.00030634126416828345,648,648,0,5,4,4,4,5,860,241,771
138,8,214,495,959,464,34,42,522,594,72,0.00013615167296368154,0.0006467204465774873,518,741,223,3,4,4,9,2,250,408,482
139,122,224,940,976,36,44,44,879,879,0,0.0026209197045508697,0.002723033459273631,910,912,2,4,3,3,4,20,597,43,248
140,60,60,855,855,0,44,44,824,824,0,0.0009530617107457708,0.0009530617107457708,803,803,0,-1,3,3,4,12,762,155,786
141,20,122,733,947,214,14,14,601,601,0,0.0005105687736138058,0.0005446066918547262,723,735,12,4,4,4,3,6,683,275,322
142,0,101,1,881,880,0,9,1,332,331,0.0,3.4037918240920386e-05,1,402,401,5,-1,6,9,0,100,400,656
143,346,962,985,1000,15,104,104,979,979,0,0.010211375472276116,0.01409169815174104,983,990,7,2,2,2,5,59,531,6,166
144,27,129,766,956,190,12,12,586,586,0,0.0005446066918547262,0.0006126825283365669,730,752,22,4,4,4,2,8,934,284,421
145,0,102,1,900,899,0,12,1,376,375,0.0,3.4037918240920386e-05,1,401,400,4,-1,5,8,0,131,905,347
146,2,103,371,939,568,4,4,373,373,0,0.0,0.00010211375472276115,1,480,479,5,5,5,3,2,888,885,592
147,8,214,464,952,488,39,58,422,491,69,0.00010211375472276115,0.00030634126416828345,492,626,134,3,4,4,17,5,23,464,379
148,6,6,380,380,0,54,54,443,443,0,3.4037918240920386e-05,3.4037918240920386e-05,391,391,0,-1,4,4,21,1,3,618,941
149,0,0,1,1,0,0,0,1,1,0,0.0,0.0,1,1,0,-1,-1,-1,3,0,856,926,945
150,0,206,1,965,964,0,20,1,508,507,0.0,0.000442492937131965,1,691,690,3,-1,4,6,0,455,813,286
151,0,101,1,900,899,0,7,1,332,331,0.0,0.0,1,1,0,5,-1,6,7,0,329,608,687
152,17,17,673,673,0,22,22,595,595,0,0.0002042275094455223,0.0002042275094455223,576,576,0,-1,4,4,5,6,456,486,515
153,0,102,1,914,913,0,5,1,355,354,0.0,6.807583648184077e-05,1,450,449,4,-1,5,4,0,887,802,652
154,0,206,1,968,967,0,14,1,482,481,0.0,0.00030634126416828345,1,634,633,3,-1,4,5,0,669,918,545
155,6,212,468,972,504,10,10,484,484,0,6.807583648184077e-05,0.0004765308553728854,446,702,256,3,4,4,3,1,923,840,377
156,16,118,621,930,309,28,28,752,752,0,0.0006807583648184077,0.0006807583648184077,757,757,0,4,3,3,3,1,703,480,756
157,7,109,521,921,400,24,24,639,639,0,0.0007828721195411688,0.00088498587426393,774,794,20,4,4,4,4,3,558,299,319
158,6,6,409,409,0,22,22,442,442,0,3.4037918240920386e-05,3.4037918240920386e-05,396,396,0,-1,4,4,9,1,202,873,372
159,0,0,1,1,0,0,0,1,1,0,0.0,0.0,1,1,0,-1,-1,-1,19,0,36,925,517
160,30,646,759,998,239,30,40,694,779,85,0.0007488342013002485,0.006535280302256714,767,968,201,2,4,3,5,9,524,245,5
161,147,147,953,953,0,60,60,899,899,0,0.002110350930937064,0.002110350930937064,892,892,0,-1,3,3,5,34,644,89,685
162,17,223,659,973,314,16,20,515,557,42,0.0002042275094455223,0.0002723033459273631,580,621,41,3,4,4,4,5,542,314,720
163,9,111,553,921,368,18,18,573,573,0,0.0004084550188910446,0.0005786446100956465,673,732,59,4,4,4,3,6,613,392,645
164,12,218,564,967,403,28,28,583,583,0,0.0005446066918547262,0.0005786446100956465,710,718,8,3,4,4,6,3,441,795,202
165,0,102,1,915,914,0,7,1,374,373,0.0,0.00037441710065012424,1,664,663,4,-1,5,5,0,692,716,284
166,36,36,763,763,0,46,46,756,756,0,0.0011913271384322134,0.0011913271384322134,830,830,0,-1,3,3,6,9,624,240,783
167,1,207,333,956,623,9,38,333,541,208,0.0,0.0012253650566731338,1,827,826,3,6,4,9,2,306,344,87
168,0,206,1,952,951,0,32,1,489,488,0.0,0.0007147962830593281,1,742,741,3,-1,4,10,0,256,974,497
169,36,36,769,769,0,50,50,686,686,0,0.0004765308553728854,0.0004765308553728854,698,698,0,-1,3,3,8,10,137,296,852
170,12,628,514,990,476,64,90,554,662,108,6.807583648184077e-05,0.002995336805200994,455,925,470,2,4,3,14,2,198,425,74
171,34,240,699,960,261,130,130,817,817,0,0.0005446066918547262,0.0007147962830593281,717,758,41,3,3,3,14,4,198,545,310
172,0,101,1,916,915,0,4,1,331,330,0.0,6.807583648184077e-05,1,447,446,5,-1,6,4,0,445,905,577
173,82,82,910,910,0,58,58,964,964,0,0.007556417849484326,0.007556417849484326,971,971,0,-1,2,2,4,17,794,180,511
174,0,206,1,955,954,0,32,1,530,529,0.0,0.0010211375472276116,1,812,811,3,-1,4,8,0,334,388,49
175,0,616,1,1000,999,0,18,1,843,842,0.0,0.005718370264474625,1,956,955,2,-1,3,2,0,715,801,104
176,100,100,875,875,0,100,100,887,887,0,0.022703291466693896,0.022703291466693896,995,995,0,-1,1,1,8,44,434,27,772
177,12,12,567,567,0,24,24,636,636,0,0.00010211375472276115,0.00010211375472276115,480,480,0,-1,4,4,4,3,614,263,735
178,3,104,430,931,501,4,4,396,396,0,0.00010211375472276115,0.00010211375472276115,483,483,0,5,5,5,2,3,966,373,225
179,6,6,417,417,0,21,21,443,443,0,3.4037918240920386e-05,3.4037918240920386e-05,402,402,0,-1,4,4,9,2,177,313,672
180,6,107,431,915,484,7,7,393,393,0,0.00017018959120460194,0.00017018959120460194,548,548,0,7,5,5,4,4,858,319,344
181,40,246,855,987,132,8,8,555,555,0,0.0014636304843595766,0.0018040096667687805,868,887,19,3,4,4,2,17,806,60,637
182,34,240,683,956,273,108,108,708,708,0,0.0004084550188910446,0.0004765308553728854,668,689,21,3,3,3,16,10,26,266,347
183,14,14,616,616,0,12,12,549,549,0,0.00010211375472276115,0.00010211375472276115,491,491,0,-1,4,4,2,3,909,677,943
184,18,18,603,603,0,37,37,531,531,0,0.0005446066918547262,0.0005446066918547262,709,709,0,-1,3,3,9,3,164,646,823
185,87,87,895,895,0,54,54,909,909,0,0.0019741992579733825,0.0019741992579733825,883,883,0,-1,3,3,4,18,384,148,571
186,63,269,881,985,104,18,18,706,706,0,0.00176997174852786,0.0026889955410327104,876,911,35,3,4,4,3,23,676,122,294
187,316,316,986,986,0,68,68,971,971,0,0.008441403723748256,0.008441403723748256,980,980,0,-1,2,2,4,59,550,5,994
188,0,0,1,1,0,0,0,1,1,0,0.0,0.0,1,1,0,-1,-1,-1,4,0,462,649,919
189,0,616,1,997,996,0,30,1,770,769,0.0,0.008271214132543654,1,974,973,2,-1,3,4,0,824,429,0
190,968,1070,1000,1000,0,158,158,982,982,0,0.01872085503250621,0.01872085503250621,996,996,0,4,2,2,9,157,315,2,558
191,16,118,683,952,269,8,8,511,511,0,0.0004765308553728854,0.0007828721195411688,689,775,86,4,4,4,2,7,838,188,236
192,0,0,1,1,0,0,0,1,1,0,0.0,0.0,1,1,0,-1,-1,-1,5,0,719,973,786
193,107,107,901,901,0,72,72,831,831,0,0.0020082371762143027,0.0020082371762143027,884,884,0,-1,3,3,7,15,472,36,936
194,0,102,1,883,882,0,16,1,385,384,0.0,6.807583648184077e-05,1,443,442,4,-1,5,10,0,256,546,609
195,0,0,1,1,0,0,0,1,1,0,0.0,0.0,1,1,0,-1,-1,-1,2,0,232,942,888
196,20,20,599,599,0,82,82,581,581,0,0.0002382654276864427,0.0002382654276864427,589,589,0,-1,4,4,17,4,24,504,738
197,0,0,1,1,0,0,0,1,1,0,0.0,0.0,1,1,0,-1,-1,-1,7,0,171,849,778
198,17,119,622,913,291,36,36,607,607,0,0.0004765308553728854,0.0005446066918547262,702,719,17,4,4,4,6,6,378,467,248
199,0,0,1,1,0,0,0,1,1,0,0.0,0.0,1,1,0,-1,-1,-1,3,0,922,778,996
200,22,228,668,967,299,62,62,807,807,0,0.0006126825283365669,0.0021784267674189047,736,892,156,3,3,3,7,2,335,827,15
201,16,117,636,939,303,24,24,740,740,0,0.00037441710065012424,0.0004084550188910446,670,683,13,5,3,3,3,1,864,282,466
202,0,0,1,1,0,0,0,1,1,0,0.0,0.0,1,1,0,-1,-1,-1,3,0,613,674,887
203,0,102,1,909,908,0,9,1,390,389,0.0,6.807583648184077e-05,1,436,435,4,-1,5,5,0,506,934,307
204,52,668,855,999,144,24,24,764,764,0,0.0009530617107457708,0.003608019333537561,801,934,133,2,3,3,3,9,912,294,203
205,22,228,620,959,339,154,154,844,844,0,0.001055175465468532,0.0012253650566731338,800,821,21,3,3,3,18,4,29,440,310
206,27,129,782,953,171,22,22,789,789,0,0.0008169100377820892,0.0010211375472276116,784,822,38,4,3,3,2,9,761,145,346
207,21,21,805,805,0,12,12,718,718,0,0.0006807583648184077,0.0006807583648184077,764,764,0,-1,4,4,2,9,810,154,423
208,110,316,942,988,46,48,48,907,907,0,0.0026549576227917903,0.003948398515946765,910,947,37,3,3,3,3,20,651,87,158
209,16,222,530,955,425,59,68,574,610,36,0.00017018959120460194,0.0004084550188910446,538,677,139,3,3,3,13,2,228,652,286
210,39,140,796,938,142,24,24,698,698,0,0.0006126825283365669,0.0006467204465774873,735,747,12,5,3,3,3,13,778,256,495
211,208,208,972,972,0,68,68,971,971,0,0.008271214132543654,0.008271214132543654,975,975,0,-1,2,2,4,50,563,33,330
212,0,102,1,950,949,0,4,1,412,411,0.0,0.00013615167296368154,1,526,525,4,-1,5,2,0,681,822,282
213,0,206,1,960,959,0,22,1,428,427,0.0,0.0005105687736138058,1,708,707,3,-1,4,10,0,161,801,296
214,12,12,607,607,0,24,24,714,714,0,0.000442492937131965,0.000442492937131965,702,702,0,-1,4,4,4,3,682,505,635
215,46,252,747,956,209,132,132,762,762,0,0.0009190237925048504,0.001157289220191293,797,823,26,3,3,3,17,10,24,195,303
216,98,304,919,984,65,34,34,829,829,0,0.0022465026039007454,0.0026889955410327104,899,917,18,3,3,3,4,28,682,44,246
217,20,20,653,653,0,24,24,476,476,0,0.0002042275094455223,0.0002042275094455223,566,566,0,-1,4,4,8,7,418,188,892
218,16,222,589,963,374,66,66,700,700,0,0.00010211375472276115,0.00013615167296368154,483,508,25,3,3,3,10,1,293,741,553
219,24,126,709,933,224,16,16,505,505,0,0.000442492937131965,0.0006126825283365669,695,742,47,4,4,4,4,8,235,386,252
220,0,616,1,997,996,0,22,1,706,705,0.0,0.004901460226692535,1,960,959,2,-1,3,2,3,769,882,51
221,0,0,1,1,0,0,0,1,1,0,0.0,0.0,1,1,0,-1,-1,-1,4,0,887,372,903
222,5,107,550,970,420,4,4,482,482,0,6.807583648184077e-05,0.0013955546478777359,460,853,393,4,5,5,2,3,936,214,58
223,12,12,640,640,0,12,12,655,655,0,0.0005446066918547262,0.0005446066918547262,722,722,0,-1,4,4,2,3,874,610,961
224,16,16,590,590,0,29,29,557,557,0,0.00017018959120460194,0.00017018959120460194,533,533,0,-1,3,3,8,1,521,322,864
225,86,188,845,935,90,170,170,880,880,0,0.0007488342013002485,0.0007828721195411688,752,758,6,4,2,2,16,7,151,169,558
226,14,116,629,942,313,14,14,588,588,0,0.0005105687736138058,0.0006126825283365669,726,756,30,4,4,4,3,4,710,336,444
227,0,616,1,995,994,0,52,1,789,788,0.0,0.004288777698355968,1,950,949,2,-1,3,6,0,402,784,20
228,0,0,1,1,0,0,0,1,1,0,0.0,0.0,1,1,0,-1,-1,-1,3,0,825,871,998
229,0,101,1,896,895,0,11,1,332,331,0.0,0.0,1,1,0,5,-1,6,11,1,176,513,893
230,25,127,721,926,205,40,40,635,635,0,0.000442492937131965,0.0004765308553728854,689,699,10,4,4,4,8,9,270,198,720
231,2,2,383,383,0,4,4,442,442,0,0.00013615167296368154,0.00013615167296368154,524,524,0,-1,5,5,2,1,982,360,706
232,0,0,1,1,0,0,0,1,1,0,0.0,0.0,1,1,0,-1,-1,-1,13,0,120,939,735
233,41,247,792,970,178,62,62,779,779,0,0.0006807583648184077,0.0008509479560230097,753,786,33,3,3,3,7,7,714,329,432
234,0,102,1,929,928,0,8,1,439,438,0.0,0.0004765308553728854,1,707,706,4,-1,5,4,0,660,673,120
235,273,273,998,998,0,22,22,936,936,0,0.013410939786922631,0.013410939786922631,988,988,0,-1,3,3,2,127,813,11,792
236,0,206,1,958,957,0,18,1,434,433,0.0,0.00030634126416828345,1,635,634,3,-1,4,7,0,193,940,257
237,14,220,567,963,396,40,40,604,604,0,0.0004765308553728854,0.0005786446100956465,688,712,24,3,4,4,8,4,380,622,553
238,5,107,433,919,486,10,12,400,427,27,0.0,0.00030634126416828345,1,636,635,4,5,5,6,3,455,580,450
239,0,206,1,957,956,0,32,1,512,511,0.0,0.0016338200755641784,1,850,849,3,-1,4,8,0,131,876,97
240,4,210,448,977,529,4,8,413,499,86,0.00017018959120460194,0.0010892133837094523,554,827,273,3,5,4,2,4,880,398,147
241,2,2,368,368,0,7,7,427,427,0,0.0,0.0,1,1,0,-1,5,5,4,1,491,530,946
242,0,102,1,906,905,0,14,1,398,397,0.0,0.0004084550188910446,1,666,665,4,-1,5,8,0,350,965,303
243,44,145,853,961,108,12,12,609,609,0,0.00088498587426393,0.0009530617107457708,804,814,10,5,4,4,2,12,976,155,576
244,2,104,370,939,569,3,3,371,371,0,3.4037918240920386e-05,6.807583648184077e-05,412,463,51,4,5,5,2,1,283,879,561
245,22,22,605,605,0,160,160,872,872,0,0.0007147962830593281,0.0007147962830593281,750,750,0,-1,3,3,15,4,104,440,930
246,0,616,1,998,997,0,28,1,754,753,0.0,0.0088498587426393,1,981,980,2,-1,3,3,0,869,802,10
247,9,111,546,927,381,8,8,439,439,0,6.807583648184077e-05,0.00017018959120460194,438,536,98,4,4,4,2,5,893,570,544
248,2,104,362,913,551,7,7,375,375,0,0.0,0.00013615167296368154,1,509,508,4,5,5,5,1,407,743,427
249,0,0,1,1,0,0,0,1,1,0,0.0,0.0,1,1,0,-1,-1,-1,2,0,876,951,903
250,0,0,1,1,0,0,0,1,1,0,0.0,0.0,1,1,0,-1,-1,-1,4,0,391,994,903
251,0,616,1,997,996,0,22,1,571,570,0.0,0.0026549576227917903,1,913,912,2,-1,3,5,0,478,887,159
252,52,668,817,998,181,92,102,904,931,27,0.001940161339732462,0.010755982164130842,880,978,98,2,2,2,8,3,302,642,0
253,24,230,640,959,319,124,124,775,775,0,0.0007147962830593281,0.0009870996289866913,738,788,50,3,3,3,18,3,29,268,278
254,22,1662,556,999,443,91,198,446,675,229,6.807583648184077e-05,0.005173763572619898,437,947,510,1,3,2,35,5,20,476,72
255,14,115,584,916,332,34,34,625,625,0,0.0004084550188910446,0.0004084550188910446,677,677,0,5,4,4,7,4,305,501,679
256,0,102,1,974,973,0,4,1,506,505,0.0,0.003267640151128357,1,942,941,4,-1,5,2,0,978,777,31
257,469,570,998,1000,2,48,48,968,968,0,0.015146873617209572,0.015146873617209572,993,993,0,6,3,3,3,127,916,11,437
258,22,228,716,976,260,20,24,591,672,81,0.00034037918240920387,0.00088498587426393,654,798,144,3,4,4,4,7,475,253,480
259,47,47,787,787,0,64,64,735,735,0,0.0004765308553728854,0.0004765308553728854,696,696,0,-1,3,3,8,6,317,432,937
260,2,2,350,350,0,9,9,351,351,0,0.0,0.0,1,1,0,-1,5,5,8,1,499,437,539
261,9,9,637,637,0,10,10,624,624,0,0.0002042275094455223,0.0002042275094455223,583,583,0,-1,4,4,3,3,852,536,778
262,0,101,1,939,938,0,3,1,332,331,0.0,0.0,1,1,0,6,-1,7,3,0,628,665,357
263,14,14,614,614,0,22,22,574,574,0,0.00037441710065012424,0.00037441710065012424,666,666,0,-1,4,4,5,3,552,93,903
264,0,206,1,968,967,0,13,1,458,457,0.0,0.0010211375472276116,1,814,813,3,-1,4,5,2,669,752,315
265,295,295,988,988,0,28,28,849,849,0,0.006943735321147759,0.006943735321147759,969,969,0,-1,3,3,3,81,899,32,846
266,0,0,1,1,0,0,0,1,1,0,0.0,0.0,1,1,0,-1,-1,-1,8,0,308,907,994
267,51,153,791,929,138,72,72,723,723,0,0.0004765308553728854,0.0005446066918547262,702,716,14,4,3,3,10,7,204,329,710
268,16,16,642,642,0,36,36,678,678,0,0.00017018959120460194,0.00017018959120460194,546,546,0,-1,4,4,6,5,253,252,855
269,90,296,843,972,129,134,134,811,811,0,0.0006126825283365669,0.00176997174852786,727,873,146,3,3,3,14,11,85,83,174
270,443,443,987,987,0,126,126,979,979,0,0.00878178290615746,0.00878178290615746,975,975,0,-1,2,2,7,59,324,5,716
271,0,101,1,961,960,0,3,1,331,330,0.0,0.00010211375472276115,1,487,486,5,-1,6,3,0,730,886,785
272,0,101,1,940,939,0,4,1,330,329,0.0,0.0,1,1,0,6,-1,7,4,0,789,744,344
273,0,0,1,1,0,0,0,1,1,0,0.0,0.0,1,1,0,-1,-1,-1,12,0,375,483,546
274,54,156,813,933,120,74,74,806,806,0,0.0014636304843595766,0.001599782157323258,841,850,9,4,3,3,8,7,383,218,562
275,136,238,914,960,46,144,144,904,904,0,0.0019741992579733825,0.0020763130126961434,878,883,5,4,2,2,13,18,113,148,599
276,4,4,453,453,0,6,6,424,424,0,0.00013615167296368154,0.00013615167296368154,523,523,0,-1,5,5,3,4,756,567,821
277,18,224,675,976,301,44,44,847,847,0,0.001055175465468532,0.0031314884781646754,818,931,113,3,3,3,4,3,495,559,133
278,0,0,1,1,0,0,0,1,1,0,0.0,0.0,1,1,0,-1,-1,-1,2,0,804,966,792
279,0,206,1,961,960,0,17,1,468,467,0.0,0.0004084550188910446,1,681,680,3,-1,4,7,0,722,740,145
280,24,24,848,848,0,4,4,508,508,0,0.0011913271384322134,0.0011913271384322134,850,850,0,-1,5,5,2,17,944,96,568
281,22,22,735,735,0,18,18,703,703,0,0.0015657442390823377,0.0015657442390823377,860,860,0,-1,4,4,3,8,857,497,818
282,1,1,332,332,0,3,3,332,332,0,0.0,0.0,1,1,0,-1,7,7,3,3,845,708,565
283,0,0,1,1,0,0,0,1,1,0,0.0,0.0,1,1,0,-1,-1,-1,4,0,740,800,824
284,6,6,505,505,0,14,14,626,626,0,6.807583648184077e-05,6.807583648184077e-05,456,456,0,-1,4,4,3,2,718,215,819
285,114,320,909,980,71,100,100,938,938,0,0.002927260968719153,0.004493005207801491,917,957,40,3,2,2,6,12,368,58,153
286,0,0,1,1,0,0,0,1,1,0,0.0,0.0,1,1,0,-1,-1,-1,2,2,723,709,864
287,278,380,982,988,6,60,60,906,906,0,0.007828721195411689,0.008271214132543654,975,977,2,4,3,3,5,70,720,18,217
288,57,263,915,992,77,22,22,898,898,0,0.0025188059498281084,0.0033357159876101976,917,936,19,3,3,3,2,19,963,144,130
289,8,214,470,945,475,44,48,458,470,12,0.00017018959120460194,0.00037441710065012424,533,652,119,3,4,4,17,2,210,251,680
290,6,6,412,412,0,14,14,419,419,0,3.4037918240920386e-05,3.4037918240920386e-05,395,395,0,-1,4,4,6,1,255,334,431
291,99,99,839,839,0,186,186,793,793,0,0.0010211375472276116,0.0010211375472276116,797,797,0,-1,3,3,21,14,74,243,968
292,0,616,1,997,996,0,40,1,789,788,0.0,0.011709043874876613,1,986,985,2,-1,3,5,2,476,775,2
293,0,206,1,966,965,0,18,1,560,559,0.0,0.0017359338302869397,1,872,871,3,-1,4,3,0,837,877,27
294,44,146,806,944,138,44,44,812,812,0,0.0005786446100956465,0.0006467204465774873,738,755,17,4,3,3,4,6,638,381,361
295,0,616,1,992,991,0,72,1,692,691,0.0,0.0063650907110521125,1,969,968,2,-1,3,11,0,163,999,24
296,0,206,1,955,954,0,25,1,505,504,0.0,0.0002723033459273631,1,616,615,3,-1,4,7,1,331,947,318
297,0,206,1,941,940,0,30,1,399,398,0.0,0.00013615167296368154,1,498,497,3,-1,4,16,0,132,863,891
298,19,635,641,996,355,36,50,574,672,98,0.000442492937131965,0.002280540522141666,680,901,221,2,4,3,8,4,350,645,158
299,25,25,751,751,0,36,36,772,772,0,0.0004084550188910446,0.0004084550188910446,687,687,0,-1,3,3,5,6,435,107,974
300,0,0,1,1,0,0,0,1,1,0,0.0,0.0,1,1,0,-1,-1,-1,3,0,756,712,905
301,64,680,774,991,217,180,190,800,818,18,0.0009530617107457708,0.0015657442390823377,794,853,59,2,3,3,20,8,5,161,80
302,141,243,962,980,18,32,32,897,897,0,0.004220701861874128,0.004322815616596889,946,946,0,4,3,3,2,31,752,102,505
303,35,651,761,997,236,42,62,679,808,129,0.0006807583648184077,0.008577555396711936,741,976,235,2,4,3,7,8,658,187,0
304,4,4,404,404,0,14,14,409,409,0,6.807583648184077e-05,6.807583648184077e-05,452,452,0,-1,5,5,7,2,346,749,858
305,0,0,1,1,0,0,0,1,1,0,0.0,0.0,1,1,0,-1,-1,-1,4,0,558,358,511
306,0,206,1,982,981,0,10,1,559,558,0.0,0.0013955546478777359,1,864,863,3,-1,4,3,0,707,844,74
307,0,102,1,929,928,0,6,1,413,412,0.0,0.00034037918240920387,1,650,649,4,-1,5,3,0,801,859,333
308,0,0,1,1,0,0,0,1,1,0,0.0,0.0,1,1,0,-1,-1,-1,13,1,41,573,784
309,0,206,1,959,958,0,28,1,491,490,0.0,0.0015317063208414173,1,851,850,3,-1,4,10,0,527,959,100
310,24,230,639,955,316,79,83,616,632,16,0.00017018959120460194,0.0004084550188910446,532,664,132,3,3,3,15,4,124,230,501
311,24,24,727,727,0,22,22,622,622,0,0.0004084550188910446,0.0004084550188910446,675,675,0,-1,4,4,5,4,574,470,747
312,2,2,351,351,0,18,18,411,411,0,3.4037918240920386e-05,3.4037918240920386e-05,403,403,0,-1,5,5,9,2,191,662,629
313,0,101,1,965,964,0,2,1,331,330,0.0,0.00013615167296368154,1,513,512,5,-1,6,2,0,968,921,711
314,6,108,419,916,497,23,23,485,485,0,0.0,0.00013615167296368154,1,514,513,4,4,4,8,2,468,325,584
315,0,206,1,953,952,0,23,1,411,410,0.0,0.0004084550188910446,1,673,672,3,-1,4,11,3,233,348,198
316,46,46,749,749,0,134,134,757,757,0,0.0005105687736138058,0.0005105687736138058,698,698,0,-1,3,3,17,7,71,237,940
317,18,1658,574,1000,426,44,86,484,663,179,0.00030634126416828345,0.009939072126348753,616,977,361,1,3,2,14,3,181,761,213
318,17,17,627,627,0,44,44,685,685,0,0.00030634126416828345,0.00030634126416828345,627,627,0,-1,3,3,7,2,343,724,686
319,7,109,539,936,397,6,6,421,421,0,0.00010211375472276115,0.00013615167296368154,494,528,34,4,5,5,3,4,712,444,468
320,10,111,589,938,349,8,8,462,462,0,0.0002042275094455223,0.0002042275094455223,589,589,0,5,4,4,2,3,763,378,518
321,0,616,1,989,988,0,81,1,489,488,0.0,0.0008169100377820892,1,762,761,2,-1,3,24,0,28,954,412
322,14,115,712,966,254,18,18,800,800,0,0.0009870996289866913,0.001055175465468532,815,823,8,6,4,4,3,4,852,185,842
323,16,222,562,960,398,66,66,684,684,0,0.0005446066918547262,0.00088498587426393,711,779,68,3,3,3,10,1,254,404,683
324,25,25,744,744,0,22,22,616,616,0,0.00030634126416828345,0.00030634126416828345,631,631,0,-1,4,4,5,7,376,176,868
325,9,110,674,974,300,12,12,812,812,0,0.000442492937131965,0.0005446066918547262,717,748,31,5,4,4,2,4,813,557,404
326,3,104,441,938,497,3,3,377,377,0,0.0,0.0,1,1,0,5,5,5,2,3,906,585,597
327,0,102,1,911,910,0,5,1,356,355,0.0,0.0,1,1,0,4,-1,5,4,0,917,517,577
328,252,354,967,978,11,172,172,983,983,0,0.006569318220497634,0.006569318220497634,968,968,0,4,2,2,9,29,262,17,615
329,33,135,816,957,141,8,8,502,502,0,0.001055175465468532,0.0011913271384322134,820,836,16,4,4,4,2,11,739,193,354
330,2,2,362,362,0,4,4,364,364,0,3.4037918240920386e-05,3.4037918240920386e-05,405,405,0,-1,5,5,3,1,814,558,205
331,10,111,562,920,358,22,22,506,506,0,0.0002723033459273631,0.00030634126416828345,604,618,14,5,4,4,7,4,482,230,292
332,0,102,1,895,894,0,19,1,418,417,0.0,0.0005105687736138058,1,705,704,4,-1,5,10,0,243,847,232
333,0,0,1,1,0,0,0,1,1,0,0.0,0.0,1,1,0,-1,-1,-1,3,1,645,913,624
334,24,640,648,991,343,74,96,610,697,87,0.0002382654276864427,0.0018720855032506212,589,882,293,2,3,3,14,3,21,378,73
335,6,212,419,961,542,18,34,447,564,117,3.4037918240920386e-05,0.0010892133837094523,399,814,415,3,4,4,7,1,450,421,327
336,26,127,688,918,230,88,88,876,876,0,0.0009190237925048504,0.0009190237925048504,791,791,0,5,3,3,8,6,508,490,606
337,18,18,751,751,0,22,22,864,864,0,0.00037441710065012424,0.00037441710065012424,682,682,0,-1,3,3,2,5,913,395,456
338,198,198,975,975,0,56,56,986,986,0,0.009190237925048503,0.009190237925048503,980,980,0,-1,2,2,2,50,681,33,760
339,0,616,1,993,992,0,37,1,529,528,0.0,0.0012253650566731338,1,811,810,2,-1,3,10,2,169,684,482
340,0,206,1,941,940,0,31,1,403,402,0.0,0.00013615167296368154,1,501,500,3,-1,4,15,0,49,511,666
341,65,271,878,979,101,34,34,792,792,0,0.001055175465468532,0.001940161339732462,822,888,66,3,3,3,4,15,563,219,630
342,77,77,860,860,0,84,84,815,815,0,0.0010211375472276116,0.0010211375472276116,802,802,0,-1,3,3,9,17,180,226,705
343,0,101,1,899,898,0,7,1,332,331,0.0,3.4037918240920386e-05,1,394,393,5,-1,6,7,0,346,766,593
344,57,158,896,974,78,22,22,863,863,0,0.0019061234214915416,0.001940161339732462,889,890,1,6,3,3,2,14,715,84,788
345,2,2,430,430,0,4,4,546,546,0,6.807583648184077e-05,6.807583648184077e-05,463,463,0,-1,5,5,2,3,952,285,657
346,42,144,831,958,127,28,28,794,794,0,0.0008509479560230097,0.0009870996289866913,778,805,27,4,3,3,3,6,791,232,425
347,158,260,943,975,32,110,110,964,964,0,0.0036760951700194017,0.003914360597705844,941,942,1,4,2,2,6,19,514,91,424
348,25,641,668,993,325,48,58,567,630,63,0.00010211375472276115,0.001497668402600497,486,853,367,2,4,3,10,5,152,528,227
349,0,0,1,1,0,0,0,1,1,0,0.0,0.0,1,1,0,-1,-1,-1,8,0,443,728,725
350,3,3,441,441,0,6,6,424,424,0,0.00013615167296368154,0.00013615167296368154,523,523,0,-1,5,5,3,2,756,566,738
351,92,298,890,978,88,62,62,836,836,0,0.0016338200755641784,0.0017359338302869397,859,864,5,3,3,3,6,22,345,116,720
352,2,2,354,354,0,6,6,394,394,0,0.0,0.0,1,1,0,-1,5,5,3,1,737,623,871
353,39,245,821,978,157,40,44,878,893,15,0.0009870996289866913,0.009292351679771264,814,980,166,3,3,3,4,7,772,237,10
354,0,206,1,968,967,0,15,1,449,448,0.0,0.0004765308553728854,1,698,697,3,-1,4,6,0,275,875,186
355,0,0,1,1,0,0,0,1,1,0,0.0,0.0,1,1,0,-1,-1,-1,9,0,394,816,996
356,98,200,858,941,83,142,142,766,766,0,0.0011232513019503727,0.0013955546478777359,824,854,30,4,3,3,17,12,56,172,625
357,49,151,887,974,87,12,12,682,682,0,0.0026209197045508697,0.004220701861874128,917,951,34,4,4,4,2,22,996,128,119
358,1,1,333,333,0,3,3,333,333,0,0.0,0.0,1,1,0,-1,6,6,3,2,756,656,542
359,14,115,545,902,357,40,40,589,589,0,0.0002382654276864427,0.0002382654276864427,581,581,0,5,4,4,8,3,358,378,558
360,0,0,1,1,0,0,0,1,1,0,0.0,0.0,1,1,0,-1,-1,-1,19,0,19,968,611
361,146,146,945,945,0,68,68,948,948,0,0.004833384390210695,0.004833384390210695,959,959,0,-1,2,2,4,27,711,69,868
362,8,214,494,959,465,42,50,591,634,43,0.00037441710065012424,0.0006126825283365669,656,731,75,3,4,4,9,3,319,197,453
363,2,2,389,389,0,3,3,397,397,0,6.807583648184077e-05,6.807583648184077e-05,443,443,0,-1,5,5,2,1,933,238,815
364,38,140,788,944,156,54,54,872,872,0,0.0007147962830593281,0.0008169100377820892,759,779,20,4,3,3,4,5,572,221,599
365,2,208,357,964,607,7,26,373,591,218,0.0,0.001055175465468532,1,816,815,3,5,4,5,3,501,466,54
366,6,622,439,996,557,9,28,399,644,245,6.807583648184077e-05,0.0022465026039007454,465,900,435,2,5,3,5,4,531,332,36
367,0,0,1,1,0,0,0,1,1,0,0.0,0.0,1,1,0,-1,-1,-1,9,0,213,974,696
368,18,224,618,967,349,38,50,596,673,77,0.0002042275094455223,0.003642057251778481,569,938,369,3,3,3,8,2,646,425,77
369,98,298,896,977,81,40,40,746,746,0,0.0018380475850097008,0.00353994349705572,874,934,60,3,3,3,5,19,173,59,8
370,32,32,820,820,0,12,12,682,682,0,0.000442492937131965,0.000442492937131965,699,699,0,-1,4,4,2,17,702,327,571
371,6,622,407,991,584,40,76,525,740,215,0.0002723033459273631,0.008679669151434699,605,973,368,2,4,3,10,1,409,741,1
372,4,106,470,949,479,6,6,450,450,0,0.00013615167296368154,0.0002723033459273631,523,627,104,4,5,5,3,2,569,697,162
373,0,206,1,966,965,0,14,1,437,436,0.0,0.0005446066918547262,1,714,713,3,-1,4,6,0,518,941,869
374,12,218,531,955,424,36,41,507,542,35,6.807583648184077e-05,0.00017018959120460194,444,532,88,3,4,4,11,5,174,401,285
375,20,20,772,772,0,12,12,658,658,0,0.0010892133837094523,0.0010892133837094523,831,831,0,-1,4,4,2,8,897,264,651
376,6,6,411,411,0,24,24,504,504,0,6.807583648184077e-05,6.807583648184077e-05,443,443,0,-1,4,4,6,1,560,797,790
377,0,102,1,930,929,0,5,1,367,366,0.0,6.807583648184077e-05,1,463,462,4,-1,5,4,0,573,941,401
378,12,113,626,937,311,18,18,664,664,0,0.00030634126416828345,0.00034037918240920387,636,649,13,5,4,4,3,2,712,628,466
379,48,664,783,991,208,100,114,763,810,47,0.0005786446100956465,0.004629156880765172,717,949,232,2,3,3,13,3,160,173,88
380,98,714,864,995,131,120,130,807,829,22,0.0010892133837094523,0.0019741992579733825,810,879,69,2,3,3,14,11,47,166,160
381,0,0,1,1,0,0,0,1,1,0,0.0,0.0,1,1,0,-1,-1,-1,5,0,349,712,819
382,40,40,727,727,0,110,110,743,743,0,0.0009530617107457708,0.0009530617107457708,784,784,0,-1,3,3,15,6,107,295,478
383,0,0,1,1,0,0,0,1,1,0,0.0,0.0,1,1,0,-1,-1,-1,5,1,793,554,971
384,0,0,1,1,0,0,0,1,1,0,0.0,0.0,1,1,0,-1,-1,-1,3,0,613,632,693
385,6,6,501,501,0,12,12,597,597,0,0.00010211375472276115,0.00010211375472276115,495,495,0,-1,4,4,2,2,771,223,985
386,0,101,1,888,887,0,9,1,332,331,0.0,0.0,1,1,0,8,-1,9,9,0,164,946,857
387,0,101,1,969,968,0,2,1,331,330,0.0,0.0002382654276864427,1,615,614,5,-1,6,2,0,782,735,727
388,34,240,754,969,215,40,44,678,703,25,0.0004084550188910446,0.0011913271384322134,674,820,146,3,3,3,7,7,141,115,335
389,12,114,525,901,376,38,38,589,589,0,0.00010211375472276115,0.0002042275094455223,488,573,85,4,4,4,7,2,591,363,682
390,0,0,1,1,0,0,0,1,1,0,0.0,0.0,1,1,0,-1,-1,-1,2,0,686,855,907
391,48,664,771,992,221,68,82,628,694,66,0.0007488342013002485,0.0016678579938050988,749,865,116,2,4,3,12,12,143,159,352
392,3,209,433,974,541,5,11,363,470,107,3.4037918240920386e-05,6.807583648184077e-05,403,459,56,3,5,4,4,5,824,605,541
393,2,2,360,360,0,15,15,415,415,0,3.4037918240920386e-05,3.4037918240920386e-05,395,395,0,-1,5,5,8,2,260,575,917
394,12,218,517,951,434,48,48,520,520,0,6.807583648184077e-05,0.00010211375472276115,444,483,39,3,4,4,12,2,143,770,476
395,40,141,830,953,123,50,50,856,856,0,0.0008509479560230097,0.00088498587426393,789,795,6,5,3,3,5,9,602,211,322
396,0,616,1,997,996,0,24,1,707,706,0.0,0.003982436434187685,1,947,946,2,-1,3,3,0,471,359,31
397,0,102,1,932,931,0,6,1,390,389,0.0,0.00037441710065012424,1,676,675,4,-1,5,4,1,603,789,316
398,2,104,353,877,524,26,26,390,390,0,3.4037918240920386e-05,0.00010211375472276115,390,466,76,4,5,5,15,1,49,618,373
399,16,16,518,518,0,82,82,593,593,0,6.807583648184077e-05,6.807583648184077e-05,438,438,0,-1,3,3,16,1,53,561,913
400,220,322,951,973,22,226,226,884,884,0,0.0030634126416828346,0.003165526396405596,923,924,1,4,2,2,21,26,1,108,687
401,0,206,1,945,944,0,55,1,479,478,0.0,0.0006126825283365669,1,720,719,3,-1,4,18,0,34,643,293
402,0,102,1,880,879,0,19,1,378,377,0.0,3.4037918240920386e-05,1,397,396,4,-1,5,12,0,175,871,840
403,6,212,444,974,530,13,13,455,455,0,6.807583648184077e-05,0.00030634126416828345,449,647,198,3,4,4,5,2,616,325,465
404,0,102,1,890,889,0,9,1,351,350,0.0,6.807583648184077e-05,1,436,435,4,-1,5,8,0,411,546,771
405,16,118,597,919,322,36,36,610,610,0,0.0002382654276864427,0.00034037918240920387,593,653,60,4,3,3,7,2,320,785,134
406,50,152,883,974,91,12,12,754,754,0,0.0022465026039007454,0.0023486163586235067,911,915,4,4,4,4,2,22,995,128,230
407,6,108,482,948,466,7,8,498,511,13,0.0002042275094455223,0.0004084550188910446,590,687,97,4,4,4,2,1,910,924,475
408,0,0,1,1,0,0,0,1,1,0,0.0,0.0,1,1,0,-1,-1,-1,4,1,354,472,773
409,15,221,619,970,351,22,26,548,602,54,0.00010211375472276115,0.00034037918240920387,492,657,165,3,4,4,5,4,382,156,704
410,0,102,1,916,915,0,6,1,400,399,0.0,0.00037441710065012424,1,659,658,4,-1,5,3,1,687,554,366
411,603,809,998,999,1,72,72,968,968,0,0.01575955614554614,0.016099935327955343,992,993,1,3,2,2,3,127,746,11,616
412,9,111,553,925,372,16,16,515,515,0,0.0002382654276864427,0.00034037918240920387,600,652,52,4,4,4,4,6,542,406,810
413,100,100,856,856,0,100,100,690,690,0,0.013853432724054596,0.0195377650702883,986,996,10,2,1,1,14,19,122,135,19
414,0,206,1,973,972,0,14,1,504,503,0.0,0.0005786446100956465,1,725,724,3,-1,4,5,1,557,949,642
415,129,335,939,982,43,50,50,846,846,0,0.002110350930937064,0.005888559855679227,890,963,73,3,3,3,5,27,487,61,33
416,0,206,1,944,943,0,35,1,384,383,0.0,0.00010211375472276115,1,466,465,3,-1,4,21,0,13,802,408
417,47,253,808,975,167,42,42,689,689,0,0.0006126825283365669,0.0008509479560230097,732,785,53,3,4,4,7,15,336,219,221
418,38,244,726,960,234,70,70,666,666,0,0.0005446066918547262,0.00088498587426393,715,776,61,3,3,3,12,6,194,432,616
419,79,79,931,931,0,12,12,725,725,0,0.0036760951700194017,0.0036760951700194017,944,944,0,-1,4,4,2,25,890,105,854
420,1,1,332,332,0,3,3,332,332,0,0.0,0.0,1,1,0,-1,7,7,3,1,819,972,779
421,4,4,419,419,0,14,14,430,430,0,3.4037918240920386e-05,3.4037918240920386e-05,396,396,0,-1,5,5,7,3,264,441,956
422,12,113,632,944,312,10,10,515,515,0,0.00030634126416828345,0.00037441710065012424,644,670,26,5,4,4,3,6,732,435,718
423,6,107,426,910,484,14,14,542,542,0,0.00013615167296368154,0.00017018959120460194,522,556,34,5,4,4,3,2,471,785,509
424,6,212,440,972,532,16,24,523,636,113,0.00013615167296368154,0.0012934408931549745,517,840,323,3,4,4,4,1,460,762,106
425,1,207,332,974,642,3,14,332,567,235,0.0,0.0006467204465774873,1,755,754,3,6,4,3,1,588,603,163
426,1,1,331,331,0,6,6,331,331,0,0.0,0.0,1,1,0,-1,6,6,6,2,522,344,713
427,8,8,600,600,0,12,12,721,721,0,0.00017018959120460194,0.00017018959120460194,556,556,0,-1,4,4,2,2,666,584,665
428,0,101,1,915,914,0,4,1,332,331,0.0,0.0,1,1,0,6,-1,7,4,0,762,968,540
429,2,103,359,912,553,7,7,372,372,0,0.0,3.4037918240920386e-05,1,398,397,5,5,5,5,1,528,807,781
430,6,108,478,939,461,9,10,494,505,11,3.4037918240920386e-05,0.00017018959120460194,402,550,148,4,4,4,3,1,748,531,493
431,12,218,579,971,392,18,22,530,588,58,0.00017018959120460194,0.0010892133837094523,537,828,291,3,4,4,5,4,519,315,438
432,311,511,981,995,14,88,88,979,979,0,0.007488342013002485,0.008747744987916539,974,979,5,3,2,2,4,61,453,14,94
433,0,102,1,901,900,0,8,1,357,356,0.0,0.00010211375472276115,1,475,474,4,-1,5,7,0,416,886,719
434,20,121,675,924,249,52,52,790,790,0,0.0002042275094455223,0.0002382654276864427,581,601,20,5,3,3,6,3,402,222,739
435,0,0,1,1,0,0,0,1,1,0,0.0,0.0,1,1,0,-1,-1,-1,5,0,677,517,611
436,0,102,1,930,929,0,5,1,371,370,0.0,0.00034037918240920387,1,658,657,4,-1,5,4,0,607,798,653
437,0,206,1,943,942,0,90,1,568,567,0.0,0.0019741992579733825,1,874,873,3,-1,4,21,0,2,744,203
438,102,308,896,978,82,112,112,939,939,0,0.0030634126416828346,0.003165526396405596,932,935,3,3,2,2,8,12,297,100,202
439,227,227,984,984,0,56,56,989,989,0,0.010926171755335444,0.010926171755335444,984,984,0,-1,2,2,2,61,792,14,959
440,2,2,356,356,0,5,5,356,356,0,0.0,0.0,1,1,0,-1,5,5,4,1,632,606,916
441,0,0,1,1,0,0,0,1,1,0,0.0,0.0,1,1,0,-1,-1,-1,5,0,396,901,716
442,37,37,798,798,0,26,26,717,717,0,0.0008509479560230097,0.0008509479560230097,786,786,0,-1,3,3,4,8,741,284,356
443,0,206,1,966,965,0,11,1,424,423,0.0,0.0002723033459273631,1,611,610,3,-1,4,4,0,448,996,417
444,0,102,1,932,931,0,3,1,370,369,0.0,0.0,1,1,0,4,-1,5,2,0,931,200,623
445,19,120,739,956,217,10,10,532,532,0,0.00013615167296368154,0.00013615167296368154,526,526,0,5,4,4,3,9,854,391,434
446,14,220,599,970,371,30,30,645,645,0,0.00030634126416828345,0.002484768031587188,635,910,275,3,4,4,5,3,294,280,111
447,16,16,665,665,0,20,20,766,766,0,0.0002382654276864427,0.0002382654276864427,593,593,0,-1,3,3,3,1,748,689,675
448,8,214,504,965,461,32,44,534,638,104,6.807583648184077e-05,0.001599782157323258,445,875,430,3,4,4,8,2,137,791,15
449,7,108,571,958,387,4,4,387,387,0,0.00010211375472276115,0.00037441710065012424,493,682,189,5,5,5,3,4,918,444,284
450,20,1660,593,1000,407,70,134,572,791,219,0.0005105687736138058,0.009190237925048503,697,972,275,1,4,2,15,5,49,562,16
451,0,616,1,988,987,0,60,1,508,507,0.0,0.0008509479560230097,1,776,775,2,-1,3,16,1,50,787,470
452,0,102,1,903,902,0,8,1,365,364,0.0,6.807583648184077e-05,1,439,438,4,-1,5,6,0,624,991,687
453,6,6,438,438,0,18,18,514,514,0,0.00010211375472276115,0.00010211375472276115,481,481,0,-1,4,4,5,1,311,659,832
454,149,251,955,978,23,54,54,891,891,0,0.0040845501889104465,0.004152626025392287,946,948,2,4,3,3,4,27,453,88,580
455,419,419,996,996,0,56,56,985,985,0,0.014840532353041287,0.014840532353041287,993,993,0,-1,2,2,2,96,232,1,927
456,16,118,694,958,264,28,28,851,851,0,0.0007147962830593281,0.0009530617107457708,769,804,35,4,3,3,3,1,485,80,727
457,0,102,1,958,957,0,5,1,431,430,0.0,0.0002382654276864427,1,603,602,4,-1,5,3,0,668,777,827
458,35,137,862,974,112,12,12,759,759,0,0.0018040096667687805,0.0024507301133462676,889,916,27,4,4,4,2,15,805,151,336
459,6,622,400,988,588,23,66,384,576,192,0.0,0.001599782157323258,1,847,846,2,4,3,15,1,102,503,179
460,0,101,1,974,973,0,2,1,330,329,0.0,0.00010211375472276115,1,495,494,5,-1,6,2,0,944,977,279
461,6,6,471,471,0,9,9,479,479,0,0.0002042275094455223,0.0002042275094455223,577,577,0,-1,4,4,3,2,825,805,712
462,0,0,1,1,0,0,0,1,1,0,0.0,0.0,1,1,0,-1,-1,-1,8,0,371,324,997
463,7,109,487,903,416,22,22,522,522,0,0.00017018959120460194,0.0002042275094455223,525,552,27,4,4,4,5,2,496,566,567
464,253,355,969,977,8,164,164,975,975,0,0.0051397256543789785,0.005446066918547262,957,959,2,4,2,2,10,27,259,25,591
465,10,112,558,913,355,42,42,706,706,0,0.0006467204465774873,0.0007488342013002485,748,763,15,4,4,4,7,4,722,326,29
466,30,132,786,951,165,24,24,761,761,0,0.0006467204465774873,0.0009870996289866913,757,824,67,4,3,3,3,6,833,275,805
467,152,358,944,981,37,98,98,901,901,0,0.0034718676605738795,0.004050512270669526,936,946,10,3,3,3,8,26,137,108,211
468,1,1,333,333,0,15,15,333,333,0,0.0,0.0,1,1,0,-1,6,6,15,1,65,621,644
469,0,206,1,950,949,0,19,1,410,409,0.0,0.00037441710065012424,1,664,663,3,-1,4,9,1,123,895,170
470,0,0,1,1,0,0,0,1,1,0,0.0,0.0,1,1,0,-1,-1,-1,12,0,62,707,956
471,0,102,1,860,859,0,33,1,379,378,0.0,6.807583648184077e-05,1,445,444,4,-1,5,21,2,13,271,156
472,1,207,333,968,635,5,14,333,472,139,0.0,0.000442492937131965,1,695,694,3,6,4,5,1,294,861,289
473,0,0,1,1,0,0,0,1,1,0,0.0,0.0,1,1,0,-1,-1,-1,8,0,365,546,916
474,0,616,1,993,992,0,110,1,736,735,0.0,0.0029612988869600733,1,920,919,2,-1,3,16,0,145,769,39
475,132,132,911,911,0,130,130,916,916,0,0.002825147213996392,0.002825147213996392,917,917,0,-1,3,3,10,15,99,153,773
476,0,206,1,956,955,0,16,1,412,411,0.0,0.0002723033459273631,1,602,601,3,-1,4,8,0,236,868,458
477,0,101,1,930,929,0,3,1,330,329,0.0,3.4037918240920386e-05,1,413,412,5,-1,6,3,0,833,856,601
478,4,210,520,990,470,4,8,482,640,158,0.00017018959120460194,0.005888559855679227,566,970,404,3,5,4,2,4,936,278,6
479,7,7,509,509,0,16,16,526,526,0,0.0002042275094455223,0.0002042275094455223,576,576,0,-1,4,4,4,2,700,251,999
480,9,111,573,941,368,8,8,485,485,0,0.0002723033459273631,0.00037441710065012424,629,678,49,4,4,4,2,5,904,395,314
481,72,278,879,980,101,64,64,884,884,0,0.001157289220191293,0.0014636304843595766,823,845,22,3,3,3,7,17,697,226,691
482,0,206,1,963,962,0,18,1,511,510,0.0,0.001055175465468532,1,809,808,3,-1,4,5,0,701,324,92
483,0,102,1,911,910,0,9,1,402,401,0.0,0.00034037918240920387,1,642,641,4,-1,5,5,0,407,445,759
484,100,100,883,883,0,100,100,835,835,0,0.01415977398822288,0.014329963579427483,988,988,0,3,1,1,11,18,271,147,416
485,6,6,436,436,0,9,9,442,442,0,0.00010211375472276115,0.00010211375472276115,477,477,0,-1,4,4,3,1,725,807,943
486,1,103,332,915,583,2,4,332,392,60,0.0,0.0007147962830593281,1,763,762,4,6,5,2,3,905,181,184
487,0,102,1,923,922,0,7,1,362,361,0.0,0.00010211375472276115,1,501,500,4,-1,5,6,0,657,906,444
488,40,141,728,912,184,84,84,687,687,0,0.0007488342013002485,0.0007488342013002485,748,748,0,6,2,2,12,2,175,384,861
489,0,206,1,969,968,0,12,1,454,453,0.0,0.0002042275094455223,1,562,561,3,-1,4,4,0,445,998,652
490,0,0,1,1,0,0,0,1,1,0,0.0,0.0,1,1,0,-1,-1,-1,4,0,603,914,815
491,79,79,925,925,0,46,46,977,977,0,0.005650294427992784,0.005650294427992784,967,967,0,-1,2,2,2,19,841,184,847
492,0,616,1,989,988,0,52,1,517,516,0.0,0.0006807583648184077,1,736,735,2,-1,3,15,0,124,729,192
493,224,430,965,985,20,132,132,963,963,0,0.006092787365124749,0.00704584907587052,967,971,4,3,2,2,8,31,350,102,125
494,0,102,1,926,925,0,5,1,364,363,0.0,6.807583648184077e-05,1,447,446,4,-1,5,4,1,682,767,596
495,18,224,562,948,386,188,188,811,811,0,0.0004084550188910446,0.0008169100377820892,660,777,117,3,3,3,21,2,3,101,237
496,2,2,360,360,0,10,10,375,375,0,3.4037918240920386e-05,3.4037918240920386e-05,396,396,0,-1,5,5,7,2,400,615,936
497,0,0,1,1,0,0,0,1,1,0,0.0,0.0,1,1,0,-1,-1,-1,3,0,989,769,588
498,28,28,639,639,0,96,96,589,589,0,0.00034037918240920387,0.00034037918240920387,634,634,0,-1,3,3,21,6,2,247,963
499,6,6,463,463,0,20,20,624,624,0,0.00017018959120460194,0.00017018959120460194,542,542,0,-1,4,4,4,1,633,689,423
500,731,731,993,993,0,308,308,988,988,0,0.010824058000612683,0.010824058000612683,984,984,0,-1,2,2,16,92,134,30,228
501,192,192,947,947,0,180,180,916,916,0,0.0018720855032506212,0.0018720855032506212,876,876,0,-1,3,3,14,20,198,109,583
502,10,10,622,622,0,14,14,623,623,0,0.0002723033459273631,0.0002723033459273631,622,622,0,-1,4,4,3,4,600,230,542
503,0,101,1,868,867,0,19,1,332,331,0.0,3.4037918240920386e-05,1,396,395,5,-1,6,19,0,38,330,543
504,0,102,1,933,932,0,4,1,363,362,0.0,0.0002042275094455223,1,578,577,4,-1,5,3,0,826,998,188
505,2,208,356,965,609,6,12,358,443,85,0.0,0.00037441710065012424,1,670,669,3,5,4,5,1,599,781,809
506,20,20,614,614,0,64,64,604,604,0,0.00017018959120460194,0.00017018959120460194,534,534,0,-1,3,3,13,4,185,617,876
507,28,28,797,797,0,22,22,834,834,0,0.0006126825283365669,0.0006126825283365669,739,739,0,-1,3,3,2,6,895,471,751
508,6,6,469,469,0,9,9,488,488,0,0.0,0.0,1,1,0,-1,4,4,3,2,699,597,205
509,26,232,702,967,265,22,26,523,577,54,0.0005786446100956465,0.0012934408931549745,721,840,119,3,4,4,5,9,426,198,243
510,22,228,620,958,338,60,60,604,604,0,0.00030634126416828345,0.0006807583648184077,626,730,104,3,3,3,11,2,162,682,293
511,24,126,740,943,203,20,20,618,618,0,0.0002723033459273631,0.00030634126416828345,606,627,21,4,4,4,4,8,617,132,682
512,6,6,440,440,0,20,20,567,567,0,0.00013615167296368154,0.00013615167296368154,517,517,0,-1,4,4,4,4,460,409,790
513,18,120,746,962,216,8,8,567,567,0,0.00037441710065012424,0.0004765308553728854,683,720,37,4,4,4,2,6,868,376,602
514,0,0,1,1,0,0,0,1,1,0,0.0,0.0,1,1,0,-1,-1,-1,5,0,538,848,919
515,38,139,777,937,160,56,56,809,809,0,0.0010211375472276116,0.0010211375472276116,798,798,0,6,3,3,6,3,353,642,739
516,6,212,388,943,555,40,44,457,469,12,3.4037918240920386e-05,0.0002382654276864427,395,590,195,3,4,4,14,1,85,238,521
517,0,206,1,974,973,0,10,1,477,476,0.0,0.0008169100377820892,1,784,783,3,-1,4,3,1,829,456,67
518,6,6,453,453,0,16,16,560,560,0,0.00017018959120460194,0.00017018959120460194,536,536,0,-1,4,4,4,1,945,869,920
519,0,102,1,933,932,0,6,1,448,447,0.0,0.0005786446100956465,1,743,742,4,-1,5,3,0,826,903,147
520,242,344,983,990,7,56,56,980,980,0,0.008066986623098132,0.008747744987916539,977,981,4,4,2,2,2,57,937,50,67
521,28,28,728,728,0,30,30,715,715,0,0.0004084550188910446,0.0004084550188910446,669,669,0,-1,3,3,4,6,887,486,778
522,24,24,663,663,0,48,48,596,596,0,0.00034037918240920387,0.00034037918240920387,652,652,0,-1,3,3,9,3,263,677,940
523,6,212,475,977,502,12,20,522,646,124,0.00010211375472276115,0.0011913271384322134,498,836,338,3,4,4,4,2,811,691,89
524,1,1,331,331,0,3,3,331,331,0,0.0,0.0,1,1,0,-1,6,6,3,1,852,421,726
525,0,0,1,1,0,0,0,1,1,0,0.0,0.0,1,1,0,-1,-1,-1,6,0,399,999,569
526,0,102,1,939,938,0,3,1,371,370,0.0,3.4037918240920386e-05,1,397,396,4,-1,5,2,0,734,890,837
527,66,272,845,976,131,54,54,745,745,0,0.001055175465468532,0.002723033459273631,813,910,97,3,3,3,8,12,309,155,85
528,24,24,701,701,0,42,42,745,745,0,0.0009870996289866913,0.0009870996289866913,801,801,0,-1,3,3,6,3,575,438,522
529,0,101,1,968,967,0,2,1,328,327,0.0,6.807583648184077e-05,1,459,458,5,-1,6,2,0,962,276,156
530,217,319,969,980,11,112,112,963,963,0,0.004663194799006093,0.004765308553728854,957,957,0,4,2,2,8,38,449,111,305
531,16,222,543,953,410,132,132,875,875,0,0.0005786446100956465,0.0007488342013002485,718,762,44,3,3,3,12,2,252,160,310
532,3,3,497,497,0,3,3,416,416,0,0.0002042275094455223,0.0002042275094455223,590,590,0,-1,5,5,2,3,884,646,917
533,9,111,522,905,383,20,20,469,469,0,0.0,3.4037918240920386e-05,1,404,403,4,4,4,6,3,368,580,222
534,0,101,1,871,870,0,22,1,332,331,0.0,0.0,1,1,0,5,-1,6,22,0,22,489,605
535,362,362,994,994,0,64,64,978,978,0,0.011913271384322134,0.011913271384322134,987,987,0,-1,3,3,4,91,738,7,574
536,0,101,1,927,926,0,2,1,331,330,0.0,3.4037918240920386e-05,1,398,397,5,-1,6,2,0,828,757,885
537,24,230,583,947,364,138,150,574,600,26,0.00017018959120460194,0.001055175465468532,533,804,271,3,3,3,35,4,20,332,138
538,14,116,632,938,306,20,20,627,627,0,0.0005786446100956465,0.0007147962830593281,739,768,29,4,4,4,4,5,543,306,468
539,0,101,1,912,911,0,7,1,332,331,0.0,0.0,1,1,0,6,-1,7,7,0,361,698,861
540,0,0,1,1,0,0,0,1,1,0,0.0,0.0,1,1,0,-1,-1,-1,10,0,105,768,826
541,0,0,1,1,0,0,0,1,1,0,0.0,0.0,1,1,0,-1,-1,-1,9,0,100,751,923
542,18,120,626,914,288,32,32,577,577,0,0.0004765308553728854,0.0004765308553728854,702,702,0,4,4,4,6,4,378,202,718
543,3,619,431,998,567,7,44,399,846,447,6.807583648184077e-05,0.011266550937744648,439,986,547,2,5,3,4,2,495,364,37
544,6,212,434,966,532,21,38,485,649,164,0.0,0.0019061234214915416,1,876,875,3,4,4,7,3,658,321,65
545,55,156,905,979,74,12,12,718,718,0,0.00176997174852786,0.0018380475850097008,883,887,4,5,4,4,2,23,810,66,248
546,151,151,955,955,0,52,52,955,955,0,0.006024711528642908,0.006024711528642908,969,969,0,-1,2,2,3,30,808,65,733
547,76,178,841,943,102,110,110,844,844,0,0.0014636304843595766,0.001497668402600497,844,847,3,4,2,2,10,8,114,132,526
548,8,624,479,994,515,35,70,448,602,154,0.0,0.0018040096667687805,1,878,877,2,4,3,14,3,130,761,158
549,59,59,868,868,0,24,24,779,779,0,0.0014295925661186562,0.0014295925661186562,857,857,0,-1,3,3,3,11,433,166,629
550,2,2,398,398,0,4,4,452,452,0,0.00010211375472276115,0.00010211375472276115,500,500,0,-1,5,5,2,2,782,215,945
551,0,206,1,947,946,0,30,1,453,452,0.0,0.00034037918240920387,1,646,645,3,-1,4,11,0,76,839,318
552,16,16,575,575,0,22,22,479,479,0,0.00030634126416828345,0.00030634126416828345,627,627,0,-1,4,4,7,5,417,562,798
553,0,0,1,1,0,0,0,1,1,0,0.0,0.0,1,1,0,-1,-1,-1,6,1,328,779,388
554,20,121,687,930,243,30,30,651,651,0,0.000442492937131965,0.000442492937131965,696,696,0,5,4,4,5,4,766,246,679
555,0,0,1,1,0,0,0,1,1,0,0.0,0.0,1,1,0,-1,-1,-1,4,0,783,675,548
556,0,616,1,995,994,0,34,1,564,563,0.0,0.001055175465468532,1,809,808,2,-1,3,8,0,142,644,338
557,0,102,1,911,910,0,12,1,412,411,0.0,0.00017018959120460194,1,551,550,4,-1,5,6,0,352,356,328
558,0,206,1,976,975,0,7,1,480,479,0.0,0.0002042275094455223,1,577,576,3,-1,4,2,0,609,864,586
559,22,638,674,996,322,58,58,799,799,0,0.0009530617107457708,0.0030974505599237552,801,921,120,2,3,3,7,5,497,535,193
560,4,106,404,909,505,12,13,386,397,11,0.0,0.00010211375472276115,1,484,483,4,5,5,8,2,309,749,512
561,0,0,1,1,0,0,0,1,1,0,0.0,0.0,1,1,0,-1,-1,-1,22,0,22,729,991
562,0,206,1,951,950,0,19,1,424,423,0.0,3.4037918240920386e-05,1,399,398,3,-1,4,9,1,249,685,718
563,83,184,916,970,54,32,32,889,889,0,0.0020763130126961434,0.002110350930937064,900,901,1,5,3,3,2,19,586,144,862
564,1,617,333,989,656,21,100,333,573,240,0.0,0.0019061234214915416,1,874,873,2,6,3,21,1,13,861,43
565,6,107,404,893,489,34,34,514,514,0,3.4037918240920386e-05,3.4037918240920386e-05,403,403,0,5,4,4,9,2,191,719,605
566,6,622,439,996,557,17,32,492,689,197,0.00013615167296368154,0.0018720855032506212,525,876,351,2,4,3,5,1,531,481,397
567,46,147,857,968,111,18,18,710,710,0,0.0012253650566731338,0.0012934408931549745,836,844,8,5,4,4,3,19,600,59,244
568,0,0,1,1,0,0,0,1,1,0,0.0,0.0,1,1,0,-1,-1,-1,5,0,667,864,455
569,70,686,814,991,177,132,150,783,822,39,0.001055175465468532,0.004595118962524252,811,943,132,2,2,2,16,7,27,253,34
570,0,0,1,1,0,0,0,1,1,0,0.0,0.0,1,1,0,-1,-1,-1,2,0,779,811,934
571,0,616,1,987,986,0,122,1,640,639,0.0,0.0016338200755641784,1,856,855,2,-1,3,22,0,22,937,106
572,18,224,620,965,345,29,34,539,565,26,0.0002042275094455223,0.0016338200755641784,558,859,301,3,4,4,7,4,171,625,297
573,0,0,1,1,0,0,0,1,1,0,0.0,0.0,1,1,0,-1,-1,-1,4,0,547,744,674
574,20,226,626,959,333,46,50,549,573,24,0.00010211375472276115,0.001940161339732462,474,875,401,3,4,4,11,6,139,258,15
575,0,102,1,936,935,0,6,1,424,423,0.0,0.0010211375472276116,1,808,807,4,-1,5,3,0,863,993,49
576,124,226,937,973,36,74,74,949,949,0,0.005888559855679227,0.005990673610401988,961,962,1,4,2,2,5,27,552,304,689
577,0,0,1,1,0,0,0,1,1,0,0.0,0.0,1,1,0,-1,-1,-1,3,0,490,848,428
578,0,0,1,1,0,0,0,1,1,0,0.0,0.0,1,1,0,-1,-1,-1,19,0,19,686,851
579,10,216,543,963,420,28,40,489,580,91,6.807583648184077e-05,0.001157289220191293,453,813,360,3,4,4,8,3,225,580,180
580,0,102,1,946,945,0,3,1,368,367,0.0,3.4037918240920386e-05,1,401,400,4,-1,5,2,0,988,429,408
581,12,113,632,945,313,8,8,502,502,0,0.00013615167296368154,0.00017018959120460194,508,548,40,5,4,4,2,4,739,149,555
582,1,103,333,903,570,6,8,333,365,32,0.0,0.00013615167296368154,1,507,506,4,6,5,6,1,451,621,505
583,213,829,962,998,36,114,114,930,930,0,0.004152626025392287,0.005684332346233704,941,962,21,2,3,3,9,24,339,8,151
584,100,100,909,909,0,100,100,995,995,0,0.05820484019197386,0.06208516287143878,1000,1000,0,2,1,1,3,69,737,12,48
585,1,207,333,954,621,12,27,333,443,110,0.0,0.0005446066918547262,1,715,714,3,7,4,12,1,219,469,390
586,1,207,333,952,619,10,18,333,390,57,0.0,0.00010211375472276115,1,485,484,3,6,4,10,1,189,140,873
587,2,2,352,352,0,13,13,372,372,0,0.0,0.0,1,1,0,-1,5,5,9,1,287,717,665
588,16,118,709,963,254,12,12,683,683,0,0.0004765308553728854,0.0018040096667687805,711,885,174,4,4,4,2,4,965,40,36
589,64,270,868,977,109,30,30,668,668,0,0.0016678579938050988,0.0018380475850097008,861,870,9,3,4,4,5,19,386,144,434
590,0,0,1,1,0,0,0,1,1,0,0.0,0.0,1,1,0,-1,-1,-1,6,0,373,372,985
591,13,114,566,911,345,38,38,649,649,0,0.0002382654276864427,0.0002723033459273631,584,613,29,5,4,4,7,4,413,339,552
592,7,7,526,526,0,14,14,530,530,0,0.00017018959120460194,0.00017018959120460194,565,565,0,-1,4,4,3,2,819,724,979
593,0,0,1,1,0,0,0,1,1,0,0.0,0.0,1,1,0,-1,-1,-1,3,0,748,946,880
594,0,101,1,920,919,0,3,1,331,330,0.0,0.0,1,1,0,5,-1,6,3,0,819,356,639
595,0,206,1,960,959,0,52,1,630,629,0.0,0.0026209197045508697,1,912,911,3,-1,4,10,0,161,858,57
596,71,173,853,946,93,68,68,776,776,0,0.0013615167296368155,0.0013955546478777359,847,850,3,4,3,3,8,17,334,226,223
597,37,37,747,747,0,64,64,715,715,0,0.0005446066918547262,0.0005446066918547262,716,716,0,-1,3,3,9,9,147,212,918
598,4,210,444,974,530,7,12,411,497,86,0.00013615167296368154,0.0011913271384322134,527,831,304,3,5,4,4,2,597,523,53
599,110,110,926,926,0,94,94,972,972,0,0.004901460226692535,0.004901460226692535,960,960,0,-1,2,2,5,13,326,42,735
600,52,153,839,961,122,34,34,774,774,0,0.001940161339732462,0.0019741992579733825,880,881,1,5,3,3,4,15,280,137,870
601,20,122,675,936,261,30,30,668,668,0,0.0009190237925048504,0.0010211375472276116,803,815,12,4,4,4,5,4,386,185,500
602,112,214,943,977,34,32,32,906,906,0,0.0028591851322373124,0.003642057251778481,921,945,24,4,3,3,2,20,904,43,97
603,129,335,906,978,72,176,176,949,949,0,0.002314578440382586,0.002484768031587188,894,902,8,3,2,2,12,15,96,151,458
604,2,104,367,926,559,5,5,384,384,0,0.0,3.4037918240920386e-05,1,406,405,4,5,5,3,2,621,679,364
605,12,114,547,920,373,20,20,500,500,0,0.00010211375472276115,0.0002382654276864427,477,602,125,4,4,4,6,3,341,290,526
606,16,118,671,945,274,18,18,697,697,0,0.00037441710065012424,0.0008509479560230097,666,791,125,4,4,4,3,5,433,562,470
607,2,2,361,361,0,5,5,361,361,0,0.0,0.0,1,1,0,-1,5,5,4,4,945,595,968
608,0,101,1,980,979,0,2,1,329,328,0.0,6.807583648184077e-05,1,457,456,5,-1,6,2,1,955,730,528
609,0,0,1,1,0,0,0,1,1,0,0.0,0.0,1,1,0,-1,-1,-1,9,1,168,529,713
610,0,0,1,1,0,0,0,1,1,0,0.0,0.0,1,1,0,-1,-1,-1,11,0,188,930,843
611,0,206,1,947,946,0,30,1,388,387,0.0,0.00010211375472276115,1,475,474,3,-1,4,17,0,71,735,584
612,8,8,566,566,0,12,12,616,616,0,0.00013615167296368154,0.00013615167296368154,524,524,0,-1,4,4,2,2,734,770,803
613,14,116,530,896,366,34,34,484,484,0,0.0002042275094455223,0.00030634126416828345,565,628,63,4,4,4,9,4,101,625,505
614,0,206,1,946,945,0,23,1,381,380,0.0,0.0002723033459273631,1,594,593,3,-1,4,13,0,92,808,251
615,1,1,332,332,0,2,2,332,332,0,0.0,0.0,1,1,0,-1,6,6,2,2,948,656,852
616,2,103,359,903,544,14,14,433,433,0,0.0,0.0,1,1,0,6,5,5,7,1,342,862,676
617,6,212,385,943,558,35,68,392,502,110,3.4037918240920386e-05,0.0009190237925048504,399,783,384,3,4,4,20,1,88,593,163
618,0,0,1,1,0,0,0,1,1,0,0.0,0.0,1,1,0,-1,-1,-1,8,0,434,890,695
619,0,206,1,980,979,0,9,1,533,532,0.0,0.0006807583648184077,1,769,768,3,-1,4,3,0,984,923,154
620,8,214,562,976,414,10,14,504,588,84,0.00013615167296368154,0.0010892133837094523,534,830,296,3,4,4,3,3,745,646,403
621,28,234,750,975,225,26,26,721,721,0,0.0004084550188910446,0.0011913271384322134,682,831,149,3,3,3,4,4,401,479,193
622,44,250,836,977,141,50,58,914,944,30,0.0032336022328874367,0.00803294870485721,925,975,50,3,2,2,4,4,706,315,32
623,17,17,635,635,0,26,26,609,609,0,0.00037441710065012424,0.00037441710065012424,666,666,0,-1,4,4,5,7,479,188,872
624,0,0,1,1,0,0,0,1,1,0,0.0,0.0,1,1,0,-1,-1,-1,3,0,856,786,999
625,0,206,1,936,935,0,42,1,406,405,0.0,0.0004765308553728854,1,678,677,3,-1,4,19,0,35,892,336
626,6,108,407,897,490,29,29,503,503,0,0.00010211375472276115,0.00017018959120460194,477,546,69,4,4,4,9,1,126,762,532
627,6,108,492,940,448,12,12,610,610,0,0.00017018959120460194,0.00030634126416828345,559,646,87,4,4,4,2,1,948,553,341
628,86,702,856,994,138,118,128,901,921,20,0.0018720855032506212,0.003199564314646516,880,931,51,2,2,2,9,12,100,67,68
629,5,107,402,893,491,16,16,395,395,0,3.4037918240920386e-05,0.00010211375472276115,391,470,79,4,5,5,9,3,389,572,680
630,2,208,366,976,610,6,10,421,491,70,6.807583648184077e-05,0.0008169100377820892,455,779,324,3,5,4,3,1,712,592,559
631,0,102,1,927,926,0,5,1,367,366,0.0,6.807583648184077e-05,1,458,457,4,-1,5,4,0,423,786,244
632,0,0,1,1,0,0,0,1,1,0,0.0,0.0,1,1,0,-1,-1,-1,8,1,201,742,905
633,9,215,595,978,383,12,12,616,616,0,0.00013615167296368154,0.000442492937131965,510,697,187,3,4,4,2,3,937,596,155
634,182,182,950,950,0,118,118,948,948,0,0.0045270431260424114,0.0045270431260424114,953,953,0,-1,3,3,8,25,236,105,423
635,62,268,817,972,155,70,70,748,748,0,0.001157289220191293,0.0015317063208414173,816,850,34,3,3,3,9,7,277,218,450
636,138,344,919,976,57,160,160,953,953,0,0.0031314884781646754,0.003369753905851118,927,934,7,3,2,2,11,15,215,92,253
637,14,14,570,570,0,36,36,574,574,0,0.00013615167296368154,0.00013615167296368154,518,518,0,-1,4,4,8,3,137,369,699
638,30,646,771,998,227,14,38,552,877,325,0.0004765308553728854,0.011266550937744648,701,984,283,2,4,3,3,6,842,46,0
639,6,212,417,963,546,22,38,458,570,112,0.0,0.0007147962830593281,1,754,753,3,4,4,9,1,190,449,642
640,0,0,1,1,0,0,0,1,1,0,0.0,0.0,1,1,0,-1,-1,-1,3,0,592,522,635
641,6,622,389,991,602,28,108,396,707,311,0.0,0.003608019333537561,1,936,935,2,4,3,16,1,151,265,57
642,18,18,609,609,0,30,30,493,493,0,6.807583648184077e-05,6.807583648184077e-05,454,454,0,-1,4,4,9,3,803,596,367
643,0,206,1,962,961,0,15,1,438,437,0.0,0.0004084550188910446,1,673,672,3,-1,4,6,0,352,866,414
644,0,616,1,995,994,0,50,1,869,868,0.0,0.011913271384322134,1,990,989,2,-1,3,4,1,671,573,37
645,0,0,1,1,0,0,0,1,1,0,0.0,0.0,1,1,0,-1,-1,-1,2,0,776,943,953
646,6,6,422,422,0,24,24,466,466,0,0.0,0.0,1,1,0,-1,4,4,8,1,225,152,746
647,12,12,606,606,0,8,8,484,484,0,0.0004765308553728854,0.0004765308553728854,711,711,0,-1,4,4,2,5,972,252,927
648,2,104,360,926,566,6,6,397,397,0,3.4037918240920386e-05,0.0006126825283365669,409,747,338,4,5,5,3,1,819,878,195
649,32,133,779,944,165,34,34,786,786,0,0.0013615167296368155,0.0013615167296368155,838,838,0,6,3,3,4,5,740,393,540
650,24,230,688,970,282,34,34,712,712,0,0.0006467204465774873,0.0012594029749140542,742,829,87,3,3,3,4,3,509,268,264
651,9,215,587,976,389,14,14,615,615,0,0.00013615167296368154,0.0002723033459273631,534,623,89,3,4,4,3,5,823,395,677
652,18,18,646,646,0,36,36,713,713,0,0.0006467204465774873,0.0006467204465774873,748,748,0,-1,3,3,5,3,599,209,456
653,0,0,1,1,0,0,0,1,1,0,0.0,0.0,1,1,0,-1,-1,-1,4,0,700,937,826
654,0,101,1,925,924,0,5,1,332,331,0.0,0.0,1,1,0,5,-1,6,5,2,557,709,531
655,8,110,537,933,396,19,19,535,535,0,3.4037918240920386e-05,0.0002382654276864427,401,602,201,4,4,4,6,2,486,770,392
656,28,28,754,754,0,40,40,781,781,0,0.0005786446100956465,0.0005786446100956465,732,732,0,-1,3,3,5,4,538,622,668
657,0,206,1,981,980,0,10,1,566,565,0.0,0.0020082371762143027,1,893,892,3,-1,4,3,1,922,738,35
658,0,102,1,896,895,0,13,1,395,394,0.0,0.00010211375472276115,1,477,476,4,-1,5,7,3,118,348,222
659,0,206,1,970,969,0,12,1,467,466,0.0,0.0009870996289866913,1,810,809,3,-1,4,4,0,652,732,146
660,0,206,1,976,975,0,12,1,596,595,0.0,0.002110350930937064,1,897,896,3,-1,4,2,0,771,644,122
661,0,101,1,907,906,0,5,1,332,331,0.0,3.4037918240920386e-05,1,399,398,5,-1,6,5,0,412,967,530
662,0,0,1,1,0,0,0,1,1,0,0.0,0.0,1,1,0,-1,-1,-1,2,0,942,832,651
663,0,206,1,947,946,0,56,1,582,581,0.0,0.0014295925661186562,1,839,838,3,-1,4,12,0,292,967,43
664,17,119,650,931,281,28,28,725,725,0,0.0002042275094455223,0.00034037918240920387,566,648,82,4,3,3,3,4,687,305,362
665,1,103,332,915,583,5,8,332,387,55,0.0,0.00010211375472276115,1,494,493,4,6,5,5,3,538,708,93
666,0,0,1,1,0,0,0,1,1,0,0.0,0.0,1,1,0,-1,-1,-1,4,0,860,970,911
667,0,102,1,885,884,0,13,1,367,366,0.0,0.00010211375472276115,1,495,494,4,-1,5,10,0,114,983,444
668,86,188,888,960,72,60,60,882,882,0,0.0027911092957554717,0.003267640151128357,913,931,18,4,3,3,5,15,406,153,40
669,0,0,1,1,0,0,0,1,1,0,0.0,0.0,1,1,0,-1,-1,-1,2,0,986,976,457
670,12,218,682,986,304,8,12,564,724,160,0.00010211375472276115,0.0015657442390823377,482,862,380,3,4,4,2,8,890,477,293
671,78,180,891,967,76,32,32,888,888,0,0.0018380475850097008,0.0020763130126961434,882,901,19,4,3,3,2,17,846,269,272
672,2,2,367,367,0,7,7,382,382,0,6.807583648184077e-05,6.807583648184077e-05,454,454,0,-1,5,5,5,1,291,592,997
673,0,206,1,969,968,0,10,1,456,455,0.0,0.0007488342013002485,1,764,763,3,-1,4,3,1,989,787,148
674,6,622,447,997,550,18,28,592,736,144,0.00010211375472276115,0.0018040096667687805,495,885,390,2,4,3,3,1,737,689,195
675,0,0,1,1,0,0,0,1,1,0,0.0,0.0,1,1,0,-1,-1,-1,5,1,533,920,431
676,0,206,1,978,977,0,12,1,521,520,0.0,0.0009530617107457708,1,802,801,3,-1,4,4,1,789,767,352
677,28,234,688,964,276,66,66,667,667,0,0.0002382654276864427,0.000442492937131965,591,699,108,3,3,3,10,5,189,362,528
678,1,1,333,333,0,5,5,333,333,0,0.0,0.0,1,1,0,-1,9,9,5,1,412,647,751
679,22,22,622,622,0,60,60,576,576,0,0.00030634126416828345,0.00030634126416828345,622,622,0,-1,3,3,13,2,160,586,943
680,0,0,1,1,0,0,0,1,1,0,0.0,0.0,1,1,0,-1,-1,-1,8,0,325,635,706
681,32,238,631,949,318,108,140,590,662,72,0.00013615167296368154,0.0013274788113958951,503,838,335,3,3,3,22,3,18,496,393
682,18,634,687,998,311,20,34,749,857,108,0.0002042275094455223,0.007998910786616291,588,979,391,2,3,3,3,3,833,290,30
683,0,0,1,1,0,0,0,1,1,0,0.0,0.0,1,1,0,-1,-1,-1,6,0,451,921,349
684,22,124,648,911,263,50,50,611,611,0,0.0007488342013002485,0.0008509479560230097,761,775,14,4,3,3,10,2,355,524,666
685,34,240,818,981,163,22,22,800,800,0,0.0005786446100956465,0.002212464685659825,736,901,165,3,3,3,2,7,976,169,65
686,41,247,737,958,221,80,92,639,676,37,0.00034037918240920387,0.0010892133837094523,639,806,167,3,3,3,15,9,102,212,155
687,24,126,766,959,193,22,22,816,816,0,0.001497668402600497,0.0023486163586235067,860,904,44,4,3,3,2,4,986,281,206
688,0,102,1,941,940,0,4,1,375,374,0.0,6.807583648184077e-05,1,453,452,4,-1,5,3,1,916,738,485
689,157,157,964,964,0,32,32,903,903,0,0.0036760951700194017,0.0036760951700194017,939,939,0,-1,3,3,2,38,966,111,871
690,0,206,1,970,969,0,14,1,459,458,0.0,0.0007488342013002485,1,773,772,3,-1,4,6,0,657,823,118
691,16,222,646,977,331,28,28,769,769,0,0.0002042275094455223,0.0010892133837094523,563,819,256,3,3,3,3,1,829,553,42
692,0,206,1,971,970,0,9,1,445,444,0.0,0.00034037918240920387,1,643,642,3,-1,4,3,0,554,745,259
693,42,42,766,766,0,84,84,819,819,0,0.001055175465468532,0.001055175465468532,807,807,0,-1,3,3,9,8,394,186,953
694,0,102,1,893,892,0,16,1,396,395,0.0,0.0002723033459273631,1,609,608,4,-1,5,9,1,319,456,622
695,25,231,699,969,270,40,40,646,646,0,0.0004084550188910446,0.0009190237925048504,681,798,117,3,3,3,7,4,510,645,637
696,729,935,999,1000,1,412,412,998,998,0,0.011130399264780965,0.012253650566731339,984,987,3,3,2,2,21,70,1,18,78
697,6,6,439,439,0,20,20,580,580,0,0.00017018959120460194,0.00017018959120460194,543,543,0,-1,4,4,4,1,711,561,968
698,43,144,842,966,124,12,12,609,609,0,0.0013615167296368155,0.0013615167296368155,847,847,0,5,4,4,2,16,733,113,719
699,124,226,904,958,54,142,142,886,886,0,0.0023486163586235067,0.0024166921951053475,900,902,2,4,3,3,12,12,226,58,797
700,22,228,649,958,309,62,62,729,729,0,0.00034037918240920387,0.0006467204465774873,645,746,101,3,3,3,7,2,296,453,326
701,14,116,676,959,283,18,18,696,696,0,0.0002382654276864427,0.0002382654276864427,611,611,0,4,4,4,3,3,718,280,670
702,487,487,991,991,0,132,132,976,976,0,0.00789679703189353,0.00789679703189353,973,973,0,-1,2,2,8,81,521,32,937
703,2,103,382,945,563,4,4,432,432,0,3.4037918240920386e-05,3.4037918240920386e-05,416,416,0,5,5,5,2,4,951,512,558
704,17,119,749,963,214,10,10,588,588,0,0.00030634126416828345,0.00088498587426393,648,808,160,4,4,4,3,5,915,283,397
705,16,118,624,927,303,50,50,842,842,0,0.0007828721195411688,0.0009190237925048504,784,810,26,4,3,3,5,1,314,80,447
706,28,28,703,703,0,62,62,760,760,0,0.00034037918240920387,0.00034037918240920387,633,633,0,-1,3,3,7,6,366,494,372
707,0,206,1,953,952,0,36,1,498,497,0.0,0.0013274788113958951,1,828,827,3,-1,4,10,1,75,852,151
708,18,18,661,661,0,28,28,681,681,0,0.00034037918240920387,0.00034037918240920387,651,651,0,-1,3,3,5,2,524,700,205
709,0,0,1,1,0,0,0,1,1,0,0.0,0.0,1,1,0,-1,-1,-1,10,0,152,960,696
710,45,45,773,773,0,76,76,704,704,0,0.001055175465468532,0.001055175465468532,809,809,0,-1,3,3,10,10,114,272,948
711,445,445,994,994,0,72,72,986,986,0,0.013717281051090916,0.013717281051090916,991,991,0,-1,2,2,3,91,901,7,502
712,62,268,887,986,99,22,22,837,837,0,0.002825147213996392,0.00439089145307873,917,953,36,3,3,3,2,18,979,171,377
713,25,127,784,955,171,8,8,590,590,0,0.0006467204465774873,0.0012594029749140542,769,849,80,4,4,4,2,9,283,198,190
714,32,238,655,954,299,110,110,694,694,0,0.0006126825283365669,0.0015657442390823377,727,861,134,3,3,3,15,2,77,473,166
715,207,207,980,980,0,32,32,959,959,0,0.00803294870485721,0.00803294870485721,980,980,0,-1,3,3,2,49,876,16,841
716,82,183,868,951,83,78,78,836,836,0,0.0017359338302869397,0.00176997174852786,870,873,3,5,3,3,8,18,282,147,437
717,0,0,1,1,0,0,0,1,1,0,0.0,0.0,1,1,0,-1,-1,-1,3,2,854,709,902
718,224,224,953,953,0,170,170,947,947,0,0.0048674223084516155,0.0048674223084516155,951,951,0,-1,2,2,11,27,66,61,455
719,0,0,1,1,0,0,0,1,1,0,0.0,0.0,1,1,0,-1,-1,-1,5,0,452,939,920
720,95,95,944,944,0,22,22,833,833,0,0.002757071377514551,0.002757071377514551,919,919,0,-1,3,3,2,30,809,65,431
721,10,10,518,518,0,36,36,505,505,0,0.00010211375472276115,0.00010211375472276115,475,475,0,-1,4,4,10,4,82,230,923
722,4,106,459,948,489,3,4,373,416,43,0.0,0.0004765308553728854,1,694,693,4,5,5,2,3,618,572,612
723,0,0,1,1,0,0,0,1,1,0,0.0,0.0,1,1,0,-1,-1,-1,21,1,54,650,936
724,30,30,762,762,0,40,40,783,783,0,0.0007828721195411688,0.0007828721195411688,771,771,0,-1,3,3,5,5,478,338,802
725,0,206,1,983,982,0,10,1,587,586,0.0,0.0007828721195411688,1,789,788,3,-1,4,3,0,915,790,440
726,0,0,1,1,0,0,0,1,1,0,0.0,0.0,1,1,0,-1,-1,-1,3,0,892,813,786
727,0,0,1,1,0,0,0,1,1,0,0.0,0.0,1,1,0,-1,-1,-1,4,0,635,968,638
728,11,627,536,994,458,28,42,546,667,121,0.00034037918240920387,0.0020763130126961434,637,890,253,2,4,3,6,5,432,124,630
729,0,0,1,1,0,0,0,1,1,0,0.0,0.0,1,1,0,-1,-1,-1,5,0,501,522,828
730,1,1,333,333,0,9,9,333,333,0,0.0,0.0,1,1,0,-1,7,7,9,3,351,626,728
731,34,650,784,998,214,30,40,707,790,83,0.0010211375472276116,0.004663194799006093,803,955,152,2,4,3,5,10,463,227,65
732,0,102,1,938,937,0,5,1,402,401,0.0,0.0002382654276864427,1,602,601,4,-1,5,3,0,888,937,468
733,36,242,707,957,250,142,142,901,901,0,0.0012934408931549745,0.0019741992579733825,835,881,46,3,3,3,12,4,252,185,175
734,58,58,830,830,0,92,92,920,920,0,0.0026889955410327104,0.0026889955410327104,915,915,0,-1,3,3,7,6,324,73,702
735,6,212,395,951,556,28,60,414,554,140,0.0,0.0013955546478777359,1,845,844,3,4,4,14,2,47,518,304
736,792,894,999,1000,1,104,104,989,989,0,0.018380475850097007,0.018380475850097007,994,994,0,4,2,2,5,157,765,2,878
737,24,24,669,669,0,52,52,707,707,0,0.00034037918240920387,0.00034037918240920387,641,641,0,-1,3,3,7,3,246,280,740
738,8,8,519,519,0,26,26,521,521,0,0.00013615167296368154,0.00013615167296368154,511,511,0,-1,4,4,7,4,658,270,897
739,38,244,748,965,217,70,70,694,694,0,0.0004084550188910446,0.0008509479560230097,683,789,106,3,3,3,10,8,149,286,345
740,0,102,1,887,886,0,9,1,348,347,0.0,0.0,1,1,0,4,-1,5,8,0,434,959,578
741,12,114,519,903,384,44,44,599,599,0,0.00037441710065012424,0.0004084550188910446,659,674,15,4,4,4,8,2,357,473,260
742,440,541,995,998,3,80,80,994,994,0,0.019129310051397258,0.019163347969638176,994,994,0,5,2,2,2,91,992,7,320
743,0,102,1,901,900,0,12,1,389,388,0.0,0.0002042275094455223,1,556,555,4,-1,5,7,1,171,706,524
744,0,206,1,956,955,0,14,1,402,401,0.0,3.4037918240920386e-05,1,402,401,3,-1,4,8,1,418,428,576
745,74,74,908,908,0,52,52,978,978,0,0.0038462847612240037,0.0038462847612240037,946,946,0,-1,2,2,3,15,797,206,940
746,608,708,997,998,1,78,78,975,975,0,0.0158616699002689,0.01596378365499166,992,992,0,5,2,2,4,127,562,11,659
747,290,496,963,983,20,292,292,956,956,0,0.003880322679464924,0.00442492937131965,936,941,5,3,2,2,19,28,83,44,343
748,18,1658,677,1000,323,20,58,539,918,379,0.0002042275094455223,0.017359338302869398,572,992,420,1,4,2,6,5,594,636,694
749,0,0,1,1,0,0,0,1,1,0,0.0,0.0,1,1,0,-1,-1,-1,3,0,912,372,669
750,0,102,1,934,933,0,4,1,376,375,0.0,0.0002042275094455223,1,586,585,4,-1,5,3,0,716,839,252
751,293,293,974,974,0,182,182,985,985,0,0.006637394056979475,0.006637394056979475,971,971,0,-1,2,2,9,35,245,57,649
752,30,131,691,902,211,88,88,691,691,0,0.0007828721195411688,0.0008169100377820892,763,769,6,5,3,3,15,6,138,234,416
753,36,138,791,946,155,36,36,746,746,0,0.0009190237925048504,0.0010892133837094523,798,824,26,4,3,3,5,6,688,376,427
754,0,102,1,942,941,0,3,1,375,374,0.0,0.0,1,1,0,4,-1,5,2,1,771,650,878
755,0,102,1,946,945,0,6,1,441,440,0.0,0.0002723033459273631,1,620,619,4,-1,5,3,0,600,911,306
756,2,104,391,967,576,2,3,333,395,62,6.807583648184077e-05,0.0002723033459273631,450,635,185,4,6,5,2,2,873,298,291
757,0,102,1,911,910,0,11,1,408,407,0.0,0.0002723033459273631,1,617,616,4,-1,5,6,0,266,777,194
758,6,108,497,952,455,8,8,527,527,0,6.807583648184077e-05,0.00037441710065012424,444,671,227,4,4,4,2,2,625,342,439
759,0,616,1,998,997,0,28,1,768,767,0.0,0.004186663943633207,1,944,943,2,-1,3,3,0,829,867,123
760,16,222,579,965,386,52,52,709,709,0,0.0002723033459273631,0.0007488342013002485,615,771,156,3,3,3,7,2,678,223,145
761,16,118,555,896,341,74,74,758,758,0,0.0005105687736138058,0.0005105687736138058,712,712,0,4,3,3,9,1,263,80,463
762,16,117,524,886,362,124,124,754,754,0,0.00017018959120460194,0.0002042275094455223,527,550,23,5,3,3,17,1,80,553,292
763,15,221,621,972,351,30,30,700,700,0,0.00088498587426393,0.001497668402600497,804,866,62,3,4,4,5,6,314,490,163
764,6,212,389,944,555,38,60,428,518,90,0.0,0.0005786446100956465,1,714,713,3,4,4,16,1,151,623,160
765,0,616,1,992,991,0,82,1,610,609,0.0,0.0024507301133462676,1,901,900,2,-1,3,15,0,0,673,72
766,96,198,859,943,84,112,112,828,828,0,0.00176997174852786,0.00176997174852786,876,876,0,4,3,3,12,27,292,304,598
767,9,110,592,941,349,8,8,492,492,0,0.0002382654276864427,0.0002382654276864427,583,583,0,5,4,4,2,3,598,93,593
768,16,1656,645,1000,355,18,56,731,979,248,0.00017018959120460194,0.049763436468225605,538,998,460,1,3,2,2,2,990,544,341
769,100,100,856,856,0,100,100,636,636,0,0.011096361346540046,0.012491915994417782,983,987,4,2,1,1,18,24,34,119,277
770,30,30,834,834,0,18,18,824,824,0,0.0010892133837094523,0.0010892133837094523,829,829,0,-1,4,4,3,15,915,206,811
771,0,616,1,997,996,0,30,1,730,729,0.0,0.006058749446883829,1,969,968,2,-1,3,4,0,558,511,24
772,340,442,987,992,5,72,72,984,984,0,0.012798257258586064,0.013070560604513427,989,989,0,4,2,2,3,54,592,19,194
773,100,100,854,854,0,100,100,579,579,0,0.010790020082371761,0.010790020082371761,981,981,0,-1,1,1,19,33,14,15,726
774,33,135,824,965,141,28,28,833,833,0,0.0016678579938050988,0.0026209197045508697,873,915,42,4,3,3,3,8,600,352,226
775,2,104,368,935,567,4,5,370,386,16,0.0,3.4037918240920386e-05,1,402,401,4,5,5,3,1,651,140,615
776,62,62,820,820,0,106,106,834,834,0,0.001055175465468532,0.001055175465468532,806,806,0,-1,3,3,11,14,215,190,811
777,100,100,874,874,0,100,100,791,791,0,0.02297559481262126,0.02324789815854862,995,995,0,4,1,1,11,81,188,32,150
778,31,31,823,823,0,12,12,686,686,0,0.0006467204465774873,0.0006467204465774873,749,749,0,-1,4,4,2,12,991,155,874
779,30,236,790,974,184,22,26,623,678,55,0.0007147962830593281,0.003778208924742163,767,940,173,3,4,4,5,7,685,422,126
780,22,123,703,938,235,26,26,645,645,0,0.0012934408931549745,0.0013615167296368155,843,849,6,5,4,4,5,5,430,393,899
781,0,0,1,1,0,0,0,1,1,0,0.0,0.0,1,1,0,-1,-1,-1,4,3,635,882,996
782,6,212,377,947,570,65,86,471,535,64,3.4037918240920386e-05,0.0008169100377820892,403,767,364,3,4,4,21,1,12,481,137
783,0,102,1,934,933,0,6,1,391,390,0.0,0.00013615167296368154,1,521,520,4,-1,5,4,0,610,867,557
784,0,102,1,926,925,0,6,1,417,416,0.0,0.0013274788113958951,1,842,841,4,-1,5,3,0,588,871,304
785,14,116,761,973,212,8,8,646,646,0,0.0005105687736138058,0.0010892133837094523,736,840,104,4,4,4,2,4,962,557,125
786,0,206,1,938,937,0,46,1,426,425,0.0,0.0002382654276864427,1,578,577,3,-1,4,20,1,61,806,389
787,0,0,1,1,0,0,0,1,1,0,0.0,0.0,1,1,0,-1,-1,-1,20,0,61,801,696
788,8,214,530,967,437,26,26,615,615,0,0.0002042275094455223,0.0005786446100956465,566,725,159,3,4,4,5,2,691,363,376
789,121,223,924,970,46,54,54,881,881,0,0.001940161339732462,0.0020082371762143027,874,878,4,4,3,3,4,23,509,122,829
790,100,716,885,996,111,102,112,917,943,26,0.002484768031587188,0.004288777698355968,900,947,47,2,2,2,8,15,199,92,422
791,238,340,973,984,11,94,94,971,971,0,0.0068075836481840775,0.006943735321147759,972,972,0,4,2,2,5,27,724,25,394
792,0,101,1,934,933,0,2,1,331,330,0.0,3.4037918240920386e-05,1,401,400,5,-1,6,2,2,926,709,964
793,42,658,807,998,191,18,28,595,709,114,0.0007488342013002485,0.003199564314646516,774,929,155,2,4,3,3,14,892,387,44
794,22,22,682,682,0,26,26,565,565,0,0.0004084550188910446,0.0004084550188910446,671,671,0,-1,4,4,7,6,404,683,951
795,0,1640,1,1000,999,0,112,1,598,597,0.0,0.005480104836788182,1,953,952,1,-1,2,23,0,8,735,66
796,2,104,363,918,555,6,6,380,380,0,6.807583648184077e-05,0.00010211375472276115,449,489,40,4,5,5,4,1,784,771,596
797,57,159,866,963,97,28,28,755,755,0,0.0012594029749140542,0.0014636304843595766,843,863,20,4,3,3,3,13,577,217,683
798,2,2,388,388,0,3,3,394,394,0,3.4037918240920386e-05,3.4037918240920386e-05,409,409,0,-1,5,5,2,1,913,558,982
799,6,212,421,969,548,16,20,501,566,65,6.807583648184077e-05,0.0007828721195411688,443,778,335,3,4,4,4,1,614,334,83
800,0,101,1,924,923,0,4,1,332,331,0.0,3.4037918240920386e-05,1,401,400,5,-1,6,4,1,578,835,460
801,13,13,496,496,0,65,65,471,471,0,0.0002042275094455223,0.0002042275094455223,561,561,0,-1,4,4,21,5,12,710,456
802,8,110,513,913,400,42,42,594,594,0,0.00010211375472276115,0.00017018959120460194,494,547,53,4,4,4,9,2,119,724,274
803,6,622,453,998,545,10,21,434,576,142,0.0,0.0009530617107457708,1,801,800,2,4,3,5,2,795,374,434
804,0,101,1,924,923,0,4,1,331,330,0.0,0.0,1,1,0,6,-1,7,4,0,511,976,357
805,8,110,579,949,370,10,10,539,539,0,0.0002382654276864427,0.0004765308553728854,602,710,108,4,4,4,3,2,535,425,891
806,6,212,408,955,547,34,50,524,637,113,0.00010211375472276115,0.0020763130126961434,483,891,408,3,4,4,9,4,136,512,36
807,62,268,783,963,180,142,142,752,752,0,0.0011232513019503727,0.0013274788113958951,815,837,22,3,3,3,19,7,31,218,628
808,100,100,919,919,0,100,100,997,997,0,0.064127437965894,0.064127437965894,1000,1000,0,-1,1,1,3,118,588,37,698
809,16,222,519,950,431,106,106,673,673,0,0.0002723033459273631,0.0006807583648184077,603,735,132,3,3,3,17,1,10,609,404
810,401,503,989,993,4,48,48,884,884,0,0.00803294870485721,0.008237176214302734,978,980,2,4,3,3,3,92,613,30,160
811,240,342,962,980,18,158,158,970,970,0,0.005446066918547262,0.005650294427992784,958,960,2,4,2,2,9,31,208,126,259
812,16,118,651,945,294,38,38,868,868,0,0.0004084550188910446,0.0007147962830593281,684,770,86,4,3,3,3,1,833,480,170
813,24,24,758,758,0,18,18,651,651,0,0.0004765308553728854,0.0004765308553728854,712,712,0,-1,4,4,3,11,699,52,271
814,66,272,792,962,170,134,134,704,704,0,0.0008169100377820892,0.001157289220191293,764,812,48,3,3,3,20,13,61,217,303
815,6,6,449,449,0,12,12,457,457,0,0.0,0.0,1,1,0,-1,4,4,5,3,412,755,649
816,183,389,961,987,26,100,100,968,968,0,0.008101024541339052,0.00888389666088022,970,976,6,3,2,2,6,31,582,126,155
817,9,215,569,974,405,16,16,580,580,0,0.00030634126416828345,0.002280540522141666,633,895,262,3,4,4,4,4,507,230,27
818,293,395,971,982,11,182,182,936,936,0,0.0042547397801150485,0.004322815616596889,947,948,1,4,2,2,13,44,97,27,935
819,0,0,1,1,0,0,0,1,1,0,0.0,0.0,1,1,0,-1,-1,-1,5,1,492,779,760
820,0,102,1,916,915,0,10,1,432,431,0.0,0.0008169100377820892,1,780,779,4,-1,5,5,0,478,897,218
821,0,0,1,1,0,0,0,1,1,0,0.0,0.0,1,1,0,-1,-1,-1,5,0,766,951,780
822,0,102,1,872,871,0,33,1,388,387,0.0,0.0002723033459273631,1,604,603,4,-1,5,19,0,83,938,524
823,30,132,721,921,200,70,70,877,877,0,0.0015317063208414173,0.0017018959120460194,861,867,6,4,3,3,5,5,719,412,427
824,12,218,553,966,413,23,28,472,533,61,0.0002042275094455223,0.0005105687736138058,568,694,126,3,4,4,8,4,371,315,507
825,0,206,1,964,963,0,13,1,452,451,0.0,0.0002382654276864427,1,591,590,3,-1,4,5,0,773,838,494
826,308,410,987,994,7,48,48,940,940,0,0.00891793457912114,0.009088124170325743,977,979,2,4,3,3,3,70,530,18,278
827,0,616,1,998,997,0,19,1,759,758,0.0,0.0018380475850097008,1,882,881,2,-1,3,3,0,583,644,376
828,0,0,1,1,0,0,0,1,1,0,0.0,0.0,1,1,0,-1,-1,-1,4,0,280,699,852
829,0,101,1,921,920,0,3,1,332,331,0.0,0.0,1,1,0,5,-1,6,3,1,636,787,495
830,0,206,1,961,960,0,23,1,483,482,0.0,0.0005105687736138058,1,706,705,3,-1,4,8,0,158,608,326
831,7,109,548,944,396,14,14,594,594,0,0.0002042275094455223,0.0005105687736138058,582,715,133,4,4,4,3,2,590,363,267
832,6,212,439,969,530,16,24,523,635,112,6.807583648184077e-05,0.003812246842983083,449,946,497,3,4,4,4,4,711,512,16
833,6,6,447,447,0,10,10,462,462,0,0.00013615167296368154,0.00013615167296368154,520,520,0,-1,4,4,3,2,737,670,939
834,6,622,424,996,572,22,45,489,688,199,3.4037918240920386e-05,0.001599782157323258,396,853,457,2,4,3,8,1,323,555,393
835,0,206,1,961,960,0,24,1,490,489,0.0,0.0004084550188910446,1,688,687,3,-1,4,8,0,646,883,389
836,16,16,555,555,0,42,42,558,558,0,0.00030634126416828345,0.00030634126416828345,642,642,0,-1,4,4,9,5,263,124,830
837,0,102,1,912,911,0,6,1,389,388,0.0,6.807583648184077e-05,1,448,447,4,-1,5,3,0,459,936,609
838,0,0,1,1,0,0,0,1,1,0,0.0,0.0,1,1,0,-1,-1,-1,9,1,277,828,539
839,89,191,889,962,73,60,60,884,884,0,0.0019061234214915416,0.0019741992579733825,875,881,6,4,3,3,5,18,604,54,829
840,90,191,916,973,57,38,38,909,909,0,0.001599782157323258,0.001599782157323258,873,873,0,6,3,3,3,23,882,117,736
841,0,206,1,978,977,0,12,1,602,601,0.0,0.0009530617107457708,1,799,798,3,-1,4,2,0,992,997,68
842,6,212,417,963,546,18,21,421,442,21,0.00017018959120460194,0.0006467204465774873,545,743,198,3,4,4,9,1,177,899,240
843,63,165,886,965,79,22,22,772,772,0,0.0013615167296368155,0.0016338200755641784,850,877,27,4,3,3,2,19,689,184,371
844,192,192,966,966,0,90,90,961,961,0,0.005105687736138058,0.005105687736138058,957,957,0,-1,2,2,6,36,664,48,356
845,82,698,850,996,146,98,108,855,886,31,0.0018040096667687805,0.0033357159876101976,872,927,55,2,2,2,9,11,274,52,139
846,2,208,366,974,608,5,10,398,514,116,0.0,0.0012934408931549745,1,848,847,3,5,4,3,1,882,449,72
847,111,317,950,990,40,28,28,849,849,0,0.0033357159876101976,0.004322815616596889,936,949,13,3,3,3,3,31,523,102,82
848,43,145,846,962,116,22,22,787,787,0,0.0012934408931549745,0.0016338200755641784,856,873,17,4,3,3,2,9,804,375,432
849,4,106,401,892,491,17,18,395,403,8,0.0,6.807583648184077e-05,1,437,436,4,5,5,9,5,262,464,434
850,97,97,921,921,0,28,28,800,800,0,0.002382654276864427,0.002382654276864427,900,900,0,-1,3,3,3,24,912,119,830
851,166,267,945,973,28,114,114,935,935,0,0.004152626025392287,0.004152626025392287,948,948,0,5,3,3,9,28,190,41,225
852,215,831,956,996,40,140,140,930,930,0,0.0035739814152966403,0.00796487286837537,941,971,30,2,3,3,10,32,189,26,50
853,34,34,798,798,0,30,30,713,713,0,0.0013274788113958951,0.0013274788113958951,846,846,0,-1,4,4,5,8,602,352,436
854,0,206,1,965,964,0,12,1,462,461,0.0,0.0008169100377820892,1,780,779,3,-1,4,4,0,832,944,226
855,0,206,1,940,939,0,25,1,371,370,0.0,0.00010211375472276115,1,475,474,3,-1,4,19,0,48,498,896
856,364,466,988,993,5,60,60,933,933,0,0.011232513019503728,0.01157289220191293,984,984,0,4,3,3,5,78,574,9,386
857,12,12,564,564,0,26,26,576,576,0,0.0,0.0,1,1,0,-1,4,4,5,2,408,791,726
858,98,200,891,966,75,66,66,823,823,0,0.0017359338302869397,0.0020422750944552232,867,891,24,4,3,3,6,18,624,171,302
859,21,123,814,975,161,22,22,920,920,0,0.0012934408931549745,0.0017359338302869397,852,888,36,4,3,3,2,6,941,471,390
860,15,15,578,578,0,44,44,626,626,0,0.0002723033459273631,0.0002723033459273631,617,617,0,-1,4,4,8,5,142,510,887
861,0,0,1,1,0,0,0,1,1,0,0.0,0.0,1,1,0,-1,-1,-1,15,2,95,271,730
862,32,134,757,936,179,26,26,628,628,0,0.0007488342013002485,0.0007488342013002485,771,771,0,4,4,4,5,6,669,461,935
863,100,100,906,906,0,100,100,963,963,0,0.025494400762449368,0.02573266619013581,995,996,1,4,1,1,6,21,253,157,613
864,224,224,967,967,0,126,126,961,961,0,0.0035059055788147996,0.0035059055788147996,937,937,0,-1,2,2,7,31,193,35,436
865,1,207,333,974,641,3,8,333,488,155,0.0,0.00013615167296368154,1,516,515,3,6,4,3,3,748,484,468
866,2,2,362,362,0,6,6,422,422,0,0.00013615167296368154,0.00013615167296368154,525,525,0,-1,5,5,3,1,814,862,802
867,0,0,1,1,0,0,0,1,1,0,0.0,0.0,1,1,0,-1,-1,-1,2,0,975,754,752
868,28,644,687,992,305,66,66,665,665,0,0.0004765308553728854,0.002212464685659825,695,897,202,2,3,3,12,3,219,519,43
869,83,184,918,974,56,22,22,781,781,0,0.0026889955410327104,0.0028932230504782326,920,928,8,5,3,3,2,26,907,112,383
870,0,0,1,1,0,0,0,1,1,0,0.0,0.0,1,1,0,-1,-1,-1,3,0,554,760,715
871,48,150,853,966,113,22,22,792,792,0,0.0004084550188910446,0.0006467204465774873,680,753,73,4,3,3,2,12,937,155,382
872,20,122,775,969,194,20,20,868,868,0,0.00030634126416828345,0.0008169100377820892,640,788,148,4,3,3,3,3,668,173,658
873,30,236,771,975,204,30,30,765,765,0,0.00037441710065012424,0.0010892133837094523,672,820,148,3,3,3,4,6,543,379,224
874,2,2,392,392,0,3,3,402,402,0,0.0,0.0,1,1,0,-1,5,5,2,1,936,964,801
875,66,272,914,989,75,12,12,686,686,0,0.0020763130126961434,0.006705469893461316,897,969,72,3,4,4,2,27,991,61,19
876,100,306,915,982,67,40,40,812,812,0,0.0028932230504782326,0.0035059055788147996,924,937,13,3,3,3,5,20,908,38,413
877,0,0,1,1,0,0,0,1,1,0,0.0,0.0,1,1,0,-1,-1,-1,2,0,973,834,959
878,0,0,1,1,0,0,0,1,1,0,0.0,0.0,1,1,0,-1,-1,-1,4,0,822,429,851
879,11,11,673,673,0,10,10,588,588,0,0.00017018959120460194,0.00017018959120460194,559,559,0,-1,4,4,3,6,915,424,757
880,30,236,690,961,271,56,56,638,638,0,0.0005446066918547262,0.0007488342013002485,708,764,56,3,3,3,9,6,381,275,619
881,0,0,1,1,0,0,0,1,1,0,0.0,0.0,1,1,0,-1,-1,-1,5,3,534,348,930
882,0,102,1,885,884,0,14,1,370,369,0.0,0.0,1,1,0,4,-1,5,10,1,82,835,691
883,77,77,900,900,0,34,34,834,834,0,0.0018720855032506212,0.0018720855032506212,880,880,0,-1,3,3,4,21,772,157,956
884,0,0,1,1,0,0,0,1,1,0,0.0,0.0,1,1,0,-1,-1,-1,6,0,536,457,949
885,0,0,1,1,0,0,0,1,1,0,0.0,0.0,1,1,0,-1,-1,-1,5,0,452,786,782
886,209,209,963,963,0,216,216,996,996,0,0.007250076585316042,0.007250076585316042,971,971,0,-1,2,2,9,18,180,141,949
887,2,208,345,957,612,10,34,345,506,161,0.0,0.0012594029749140542,1,831,830,3,5,4,9,1,276,896,213
888,2,104,366,937,571,4,4,411,411,0,3.4037918240920386e-05,0.00017018959120460194,393,538,145,4,5,5,2,1,733,592,724
889,32,32,688,688,0,122,122,841,841,0,0.0008509479560230097,0.0008509479560230097,765,765,0,-1,3,3,12,6,87,471,968
890,12,113,543,905,362,24,24,479,479,0,0.0002382654276864427,0.00030634126416828345,589,629,40,5,4,4,8,2,223,584,466
891,0,206,1,954,953,0,52,1,585,584,0.0,0.002280540522141666,1,900,899,3,-1,4,10,0,105,956,27
892,2,104,371,941,570,5,6,400,428,28,3.4037918240920386e-05,0.00017018959120460194,399,556,157,4,5,5,3,3,590,460,262
893,0,101,1,961,960,0,2,1,332,331,0.0,0.00010211375472276115,1,494,493,5,-1,6,2,1,805,895,481
894,0,206,1,974,973,0,14,1,523,522,0.0,0.0004765308553728854,1,703,702,3,-1,4,3,0,484,850,318
895,71,71,863,863,0,34,34,736,736,0,0.0012594029749140542,0.0012594029749140542,827,827,0,-1,3,3,4,20,887,189,515
896,30,630,803,999,196,28,28,806,806,0,0.0007488342013002485,0.009190237925048503,768,980,212,2,3,3,3,6,814,490,1
897,108,210,901,953,52,102,102,827,827,0,0.0018380475850097008,0.002110350930937064,873,887,14,4,3,3,12,19,93,144,795
898,0,0,1,1,0,0,0,1,1,0,0.0,0.0,1,1,0,-1,-1,-1,2,0,705,445,975
899,0,0,1,1,0,0,0,1,1,0,0.0,0.0,1,1,0,-1,-1,-1,6,0,295,604,520
900,55,156,824,946,122,68,68,836,836,0,0.0007828721195411688,0.0008509479560230097,770,787,17,5,3,3,7,6,505,232,577
901,100,100,839,839,0,100,100,542,542,0,0.008986010415602982,0.008986010415602982,973,973,0,-1,1,1,22,24,18,129,917
902,134,235,958,979,21,32,32,916,916,0,0.004493005207801491,0.004561081044283332,952,953,1,5,3,3,2,24,993,8,491
903,226,432,978,996,18,48,48,950,950,0,0.008747744987916539,0.009836958371625992,977,979,2,3,3,3,3,59,708,6,516
904,1,102,333,886,553,11,11,333,333,0,0.0,0.0,1,1,0,5,6,6,11,2,215,582,325
905,99,201,897,962,65,40,40,717,717,0,0.001497668402600497,0.001497668402600497,854,854,0,4,3,3,5,22,347,116,466
906,10,216,531,964,433,23,38,449,561,112,0.00013615167296368154,0.00088498587426393,517,777,260,3,4,4,9,4,166,398,138
907,100,100,862,862,0,100,100,645,645,0,0.014568229007113924,0.014568229007113924,990,990,0,-1,1,1,17,31,71,126,995
908,0,0,1,1,0,0,0,1,1,0,0.0,0.0,1,1,0,-1,-1,-1,3,0,930,698,945
909,0,101,1,929,928,0,2,1,331,330,0.0,3.4037918240920386e-05,1,408,407,5,-1,6,2,0,880,750,402
910,0,101,1,949,948,0,2,1,332,331,0.0,0.00013615167296368154,1,518,517,5,-1,6,2,0,809,511,724
911,1,103,333,913,580,5,10,333,423,90,0.0,0.00034037918240920387,1,657,656,4,7,5,5,2,382,663,167
912,100,100,868,868,0,100,100,828,828,0,0.026787841655604345,0.026787841655604345,998,998,0,-1,1,1,10,92,125,30,489
913,0,101,1,945,944,0,4,1,330,329,0.0,0.0,1,1,0,5,-1,6,4,3,754,348,853
914,0,206,1,953,952,0,48,1,573,572,0.0,0.0013955546478777359,1,837,836,3,-1,4,10,0,82,783,73
915,1,1,332,332,0,3,3,332,332,0,0.0,0.0,1,1,0,-1,7,7,3,4,812,595,980
916,6,212,426,969,543,14,18,488,553,65,0.0,0.0020082371762143027,1,884,883,3,4,4,3,1,704,463,13
917,3,3,410,410,0,13,13,397,397,0,0.0,0.0,1,1,0,-1,5,5,8,3,323,761,349
918,51,51,842,842,0,34,34,775,775,0,0.0009530617107457708,0.0009530617107457708,805,805,0,-1,3,3,4,13,397,340,638
919,0,101,1,944,943,0,2,1,331,330,0.0,0.0,1,1,0,7,-1,8,2,1,960,554,181
920,20,121,663,936,273,30,30,703,703,0,0.0004765308553728854,0.0004765308553728854,690,690,0,6,3,3,4,5,822,688,605
921,79,79,884,884,0,30,30,703,703,0,0.002212464685659825,0.002212464685659825,895,895,0,-1,4,4,5,23,656,122,641
922,374,476,981,989,8,152,152,985,985,0,0.009462541270975866,0.009496579189216788,978,978,0,4,2,2,8,62,325,70,534
923,15,15,578,578,0,26,26,497,497,0,0.0002723033459273631,0.0002723033459273631,599,599,0,-1,4,4,7,6,366,459,271
924,6,6,396,396,0,17,17,393,393,0,3.4037918240920386e-05,3.4037918240920386e-05,401,401,0,-1,5,5,9,4,208,398,776
925,6,108,443,932,489,11,11,449,449,0,6.807583648184077e-05,0.00017018959120460194,452,543,91,4,4,4,4,2,566,419,416
926,33,33,768,768,0,40,40,746,746,0,0.0007488342013002485,0.0007488342013002485,765,765,0,-1,3,3,5,9,173,293,845
927,0,102,1,914,913,0,6,1,357,356,0.0,6.807583648184077e-05,1,447,446,4,-1,5,5,0,538,511,870
928,0,102,1,891,890,0,17,1,360,359,0.0,6.807583648184077e-05,1,441,440,4,-1,5,15,0,110,786,398
929,0,206,1,965,964,0,24,1,611,610,0.0,0.0012253650566731338,1,837,836,3,-1,4,4,0,567,996,54
930,588,788,997,999,2,126,126,1000,1000,0,0.024098846114571634,0.024779604479390042,996,996,0,3,2,2,4,98,545,23,559
931,0,101,1,924,923,0,4,1,331,330,0.0,0.00013615167296368154,1,516,515,5,-1,6,4,0,633,669,625
932,34,34,715,715,0,58,58,647,647,0,0.00037441710065012424,0.00037441710065012424,648,648,0,-1,3,3,10,4,254,167,600
933,825,925,1000,1000,0,112,112,998,998,0,0.025290173253003846,0.02542632492596753,996,996,0,5,2,2,4,157,682,2,230
934,0,102,1,962,961,0,3,1,403,402,0.0,0.0009190237925048504,1,813,812,4,-1,5,2,1,788,780,60
935,6,6,401,401,0,22,22,408,408,0,0.0,0.0,1,1,0,-1,4,4,11,1,139,265,947
936,0,0,1,1,0,0,0,1,1,0,0.0,0.0,1,1,0,-1,-1,-1,4,0,721,988,993
937,0,206,1,958,957,0,34,1,580,579,0.0,0.001055175465468532,1,808,807,3,-1,4,7,0,366,900,203
938,16,117,601,924,323,26,26,679,679,0,0.00034037918240920387,0.0005786446100956465,644,724,80,5,3,3,4,1,567,809,523
939,96,96,885,885,0,82,82,853,853,0,0.0016338200755641784,0.0016338200755641784,858,858,0,-1,3,3,7,17,216,60,839
940,3,105,461,958,497,4,5,393,426,33,0.00010211375472276115,0.0006126825283365669,497,746,249,4,5,5,3,2,883,383,170
941,48,48,772,772,0,64,64,663,663,0,0.0007147962830593281,0.0007147962830593281,741,741,0,-1,3,3,11,9,271,245,942
942,36,242,704,956,252,94,94,688,688,0,0.0009190237925048504,0.001497668402600497,792,854,62,3,3,3,14,6,21,289,113
943,0,101,1,893,892,0,6,1,332,331,0.0,0.0,1,1,0,5,-1,6,6,0,432,825,374
944,0,206,1,951,950,0,32,1,444,443,0.0,0.0008169100377820892,1,771,770,3,-1,4,12,0,58,569,113
945,22,638,643,992,349,78,108,787,912,125,0.0009190237925048504,0.00980292045338507,787,980,193,2,3,3,8,3,357,559,10
946,95,95,895,895,0,88,88,896,896,0,0.002382654276864427,0.002382654276864427,900,900,0,-1,3,3,8,18,158,63,889
947,24,125,702,931,229,25,25,682,682,0,0.00030634126416828345,0.00034037918240920387,626,643,17,5,3,3,4,3,711,536,274
948,0,102,1,914,913,0,7,1,362,361,0.0,3.4037918240920386e-05,1,404,403,4,-1,5,6,0,764,980,756
949,16,632,542,992,450,51,96,506,682,176,0.00010211375472276115,0.0028591851322373124,476,917,441,2,3,3,14,1,332,552,81
950,0,616,1,992,991,0,68,1,619,618,0.0,0.003199564314646516,1,928,927,2,-1,3,13,1,129,920,69
951,0,616,1,986,985,0,92,1,521,520,0.0,0.0013615167296368155,1,844,843,2,-1,3,23,0,8,975,122
952,51,51,826,826,0,44,44,732,732,0,0.0008509479560230097,0.0008509479560230097,782,782,0,-1,3,3,6,9,341,391,848
953,0,101,1,919,918,0,2,1,331,330,0.0,3.4037918240920386e-05,1,387,386,5,-1,6,2,0,893,973,662
954,0,0,1,1,0,0,0,1,1,0,0.0,0.0,1,1,0,-1,-1,-1,7,0,591,832,706
955,22,124,566,890,324,98,98,492,492,0,0.0002382654276864427,0.0002382654276864427,579,579,0,4,3,3,30,3,7,196,755
956,12,218,513,955,442,29,50,445,555,110,3.4037918240920386e-05,0.0006807583648184077,397,727,330,3,4,4,11,2,163,602,438
957,0,616,1,997,996,0,24,1,725,724,0.0,0.0020422750944552232,1,888,887,2,-1,3,3,0,636,839,327
958,11,11,696,696,0,8,8,609,609,0,0.000442492937131965,0.000442492937131965,722,722,0,-1,4,4,2,5,873,591,472
959,0,101,1,967,966,0,2,1,330,329,0.0,3.4037918240920386e-05,1,416,415,6,-1,7,2,0,936,836,755
960,0,206,1,971,970,0,12,1,558,557,0.0,0.001497668402600497,1,864,863,3,-1,4,2,0,893,672,180
961,60,266,819,970,151,64,64,715,715,0,0.00088498587426393,0.0010892133837094523,787,809,22,3,3,3,9,12,147,99,711
962,146,146,939,939,0,60,60,860,860,0,0.0020763130126961434,0.0020763130126961434,887,887,0,-1,3,3,5,33,492,15,651
963,12,114,618,940,322,20,20,651,651,0,0.0002723033459273631,0.00037441710065012424,626,675,49,4,4,4,4,6,603,379,323
964,0,0,1,1,0,0,0,1,1,0,0.0,0.0,1,1,0,-1,-1,-1,2,0,952,483,890
965,0,206,1,976,975,0,12,1,516,515,0.0,0.0032336022328874367,1,926,925,3,-1,4,4,0,794,436,34
966,6,212,438,969,531,18,22,514,564,50,6.807583648184077e-05,0.0009870996289866913,449,803,354,3,4,4,5,2,311,648,224
967,206,412,968,987,19,78,78,953,953,0,0.006297014874570271,0.007318152421797883,972,974,2,3,2,2,4,31,500,76,36
968,6,108,448,928,480,11,12,425,443,18,3.4037918240920386e-05,0.0002723033459273631,410,604,194,4,5,5,6,3,494,534,461
969,0,101,1,974,973,0,2,1,330,329,0.0,0.0002382654276864427,1,600,599,5,-1,6,2,0,944,968,167
970,123,329,950,988,38,38,38,903,903,0,0.003267640151128357,0.005548180673270023,931,962,31,3,3,3,3,27,770,69,135
971,54,260,796,970,174,82,82,778,778,0,0.0009530617107457708,0.0012934408931549745,783,828,45,3,3,3,10,5,109,338,482
972,32,133,734,925,191,52,52,773,773,0,0.0011913271384322134,0.0011913271384322134,826,826,0,5,3,3,6,4,255,143,676
973,0,0,1,1,0,0,0,1,1,0,0.0,0.0,1,1,0,-1,-1,-1,4,0,822,946,745
974,25,25,874,874,0,4,4,561,561,0,0.0013615167296368155,0.0013615167296368155,865,865,0,-1,5,5,2,17,955,96,882
975,0,102,1,891,890,0,14,1,384,383,0.0,0.00013615167296368154,1,510,509,4,-1,5,9,0,126,796,380
976,56,262,847,977,130,24,24,651,651,0,0.0008509479560230097,0.0014295925661186562,794,851,57,3,4,4,4,15,736,62,175
977,0,206,1,967,966,0,14,1,453,452,0.0,0.0002382654276864427,1,599,598,3,-1,4,6,0,322,844,328
978,6,212,388,945,557,50,82,478,580,102,6.807583648184077e-05,0.0019741992579733825,444,877,433,3,4,4,17,2,24,492,82
979,6,6,394,394,0,30,30,457,457,0,6.807583648184077e-05,6.807583648184077e-05,445,445,0,-1,4,4,11,2,307,325,928
980,36,242,736,965,229,46,50,580,611,31,0.0004084550188910446,0.001599782157323258,675,863,188,3,4,4,9,9,123,391,183
981,102,102,890,890,0,152,152,968,968,0,0.002552843868069029,0.002552843868069029,910,910,0,-1,2,2,9,8,123,264,573
982,104,205,909,965,56,56,56,808,808,0,0.00176997174852786,0.00176997174852786,867,867,0,6,3,3,6,23,441,117,181
983,0,206,1,983,982,0,7,1,528,527,0.0,0.0005105687736138058,1,723,722,3,-1,4,2,0,821,876,616
984,38,140,826,960,134,28,28,849,849,0,0.001055175465468532,0.0012253650566731338,821,837,16,4,3,3,3,8,856,186,182
985,6,107,494,948,454,4,4,421,421,0,0.00017018959120460194,0.00037441710065012424,564,675,111,5,5,5,2,4,919,625,383
986,0,206,1,980,979,0,8,1,524,523,0.0,0.0014295925661186562,1,855,854,3,-1,4,2,0,841,919,58
987,6,6,382,382,0,31,31,428,428,0,0.0,0.0,1,1,0,-1,4,4,12,1,239,506,906
988,145,351,954,984,30,66,66,922,922,0,0.0040845501889104465,0.004663194799006093,945,952,7,3,3,3,6,27,661,88,407
989,14,14,567,567,0,44,44,640,640,0,0.0002042275094455223,0.0002042275094455223,566,566,0,-1,4,4,8,3,420,248,833
990,4,4,444,444,0,5,5,394,394,0,3.4037918240920386e-05,3.4037918240920386e-05,393,393,0,-1,5,5,3,3,710,290,930
991,6,107,480,943,463,11,11,497,497,0,0.0,0.0,1,1,0,6,4,4,4,1,553,964,265
992,0,0,1,1,0,0,0,1,1,0,0.0,0.0,1,1,0,-1,-1,-1,2,0,684,740,324
993,28,129,680,913,233,38,38,580,580,0,0.0006467204465774873,0.0006807583648184077,743,748,5,5,3,3,8,6,358,447,466
994,1,207,333,975,642,4,16,333,582,249,3.4037918240920386e-05,0.0007488342013002485,410,769,359,3,6,4,4,3,491,708,83
995,0,0,1,1,0,0,0,1,1,0,0.0,0.0,1,1,0,-1,-1,-1,3,0,703,664,728
996,7,213,574,984,410,9,18,538,718,180,6.807583648184077e-05,0.009156200006807584,463,977,514,3,4,4,3,2,584,566,0
997,2,2,366,366,0,7,7,392,392,0,3.4037918240920386e-05,3.4037918240920386e-05,402,402,0,-1,5,5,5,2,727,679,565
998,0,0,1,1,0,0,0,1,1,0,0.0,0.0,1,1,0,-1,-1,-1,3,1,797,828,871
999,24,230,758,976,218,18,18,715,715,0,0.0011913271384322134,0.001940161339732462,835,884,49,3,4,4,3,8,639,161,195
