,FreeNet_pre_score,FreeNet_post_score,FreeNet_pre_rank,FreeNet_post_rank,FreeNet_delta_ranks,Reversed_pre_score,Reversed_post_score,Reversed_pre_rank,Reversed_post_rank,Reversed_delta_ranks,Random_pre_score,Random_post_score,Random_pre_rank,Random_post_rank,Random_delta_ranks,dist_victim_relayer,dist_victim_vilain_pre,dist_victim_vilain_post,out_deg_victim,in_deg_villain,victim,villain,relayer
0,108,210,914,965,51,66,66,883,883,0,0.0019741992579733825,0.002314578440382586,882,893,11,4,3,3,6,20,606,71,386
1,23,23,814,814,0,8,8,589,589,0,0.0006467204465774873,0.0006467204465774873,755,755,0,-1,4,4,2,10,481,272,782
2,38,654,689,992,303,190,204,840,864,24,0.0009530617107457708,0.0030974505599237552,786,921,135,2,3,3,19,3,46,382,39
3,0,206,1,980,979,0,8,1,539,538,0.0,0.00037441710065012424,1,675,674,3,-1,4,2,1,469,806,525
4,72,72,842,842,0,104,104,880,880,0,0.0007488342013002485,0.0007488342013002485,769,769,0,-1,3,3,9,9,147,343,774
5,702,1318,994,1000,6,200,200,993,993,0,0.01504475986248681,0.0158616699002689,986,987,1,2,2,2,8,83,357,10,178
6,0,102,1,939,938,0,3,1,371,370,0.0,0.0004084550188910446,1,679,678,4,-1,5,2,0,939,731,805
7,8,110,566,956,390,16,16,607,607,0,0.0004765308553728854,0.0011232513019503727,706,825,119,4,4,4,4,2,480,524,211
8,98,199,903,965,62,54,54,891,891,0,0.002484768031587188,0.002757071377514551,902,911,9,5,3,3,4,22,887,203,500
9,106,106,913,913,0,50,50,806,806,0,0.0015317063208414173,0.0015317063208414173,852,852,0,-1,3,3,5,20,501,71,844
10,66,66,906,906,0,28,28,867,867,0,0.0025188059498281084,0.0025188059498281084,915,915,0,-1,3,3,3,17,790,81,548
11,19,225,618,957,339,78,82,638,658,20,0.00030634126416828345,0.0009870996289866913,632,797,165,3,4,4,15,5,138,510,97
12,64,166,868,958,90,52,52,902,902,0,0.0030974505599237552,0.0033357159876101976,921,926,5,4,2,2,5,9,456,391,424
13,0,0,1,1,0,0,0,1,1,0,0.0,0.0,1,1,0,-1,-1,-1,8,0,286,925,920
14,65,681,812,992,180,100,110,698,755,57,0.00088498587426393,0.005071649817897137,778,954,176,2,3,3,14,10,332,366,14
15,0,0,1,1,0,0,0,1,1,0,0.0,0.0,1,1,0,-1,-1,-1,2,0,625,955,472
16,0,0,1,1,0,0,0,1,1,0,0.0,0.0,1,1,0,-1,-1,-1,5,1,407,835,876
17,30,132,728,927,199,36,36,633,633,0,0.00034037918240920387,0.0004084550188910446,649,680,31,4,3,3,7,6,413,435,354
18,0,0,1,1,0,0,0,1,1,0,0.0,0.0,1,1,0,-1,-1,-1,9,1,277,814,847
19,14,115,595,932,337,24,24,632,632,0,0.00037441710065012424,0.00037441710065012424,669,669,0,5,4,4,4,4,700,233,331
20,0,0,1,1,0,0,0,1,1,0,0.0,0.0,1,1,0,-1,-1,-1,16,0,134,901,649
21,7,213,603,989,386,4,8,471,601,130,0.00017018959120460194,0.0008509479560230097,559,798,239,3,5,4,2,6,898,107,688
22,0,206,1,964,963,0,16,1,462,461,0.0,0.0006126825283365669,1,726,725,3,-1,4,6,0,353,349,143
23,14,630,542,994,452,78,88,686,725,39,0.00034037918240920387,0.0006807583648184077,643,737,94,2,4,3,13,4,113,545,309
24,0,101,1,960,959,0,2,1,330,329,0.0,0.00010211375472276115,1,484,483,5,-1,6,2,0,950,815,380
25,0,0,1,1,0,0,0,1,1,0,0.0,0.0,1,1,0,-1,-1,-1,2,0,909,880,849
26,0,206,1,959,958,0,18,1,408,407,0.0,0.0002382654276864427,1,581,580,3,-1,4,8,0,244,769,545
27,6,6,437,437,0,18,18,504,504,0,3.4037918240920386e-05,3.4037918240920386e-05,415,415,0,-1,4,4,5,2,326,342,730
28,28,228,639,952,313,144,144,747,747,0,0.00030634126416828345,0.0004084550188910446,620,657,37,3,3,3,21,4,2,545,536
29,6,212,404,959,555,17,40,408,588,180,0.0,0.00176997174852786,1,866,865,3,4,4,8,2,358,509,87
30,2,2,355,355,0,6,6,373,373,0,0.0,0.0,1,1,0,-1,5,5,4,1,300,590,812
31,26,232,630,949,319,82,86,530,544,14,0.0002723033459273631,0.0005105687736138058,607,695,88,3,3,3,20,6,61,613,202
32,2,104,360,906,546,9,14,370,416,46,0.0,0.000442492937131965,1,688,687,4,5,5,7,1,214,530,303
33,62,164,857,955,98,62,62,956,956,0,0.004220701861874128,0.00439089145307873,945,949,4,4,2,2,3,11,613,193,316
34,6,212,390,954,564,27,41,404,475,71,0.0,0.0002382654276864427,1,569,568,3,4,4,13,1,120,592,827
35,0,0,1,1,0,0,0,1,1,0,0.0,0.0,1,1,0,-1,-1,-1,4,0,632,833,860
36,6,108,414,908,494,19,20,470,470,0,6.807583648184077e-05,0.0004084550188910446,443,674,231,4,4,4,7,1,324,899,136
37,26,128,734,941,207,28,28,607,607,0,0.00037441710065012424,0.0008169100377820892,660,778,118,4,4,4,6,6,664,376,293
38,3,105,425,924,499,5,6,380,409,29,0.00013615167296368154,0.0002382654276864427,523,600,77,4,5,5,3,3,836,761,557
39,0,0,1,1,0,0,0,1,1,0,0.0,0.0,1,1,0,-1,-1,-1,3,0,523,649,824
40,28,234,626,950,324,100,108,582,637,55,0.0004765308553728854,0.0009190237925048504,701,792,91,3,3,3,19,3,31,653,103
41,34,34,721,721,0,106,106,830,830,0,0.0016338200755641784,0.0016338200755641784,859,859,0,-1,3,3,11,4,360,281,836
42,193,295,944,967,23,224,224,948,948,0,0.003165526396405596,0.003267640151128357,931,934,3,4,2,2,16,22,60,128,762
43,0,101,1,974,973,0,2,1,329,328,0.0,0.00013615167296368154,1,517,516,5,-1,6,2,0,973,446,545
44,15,15,667,667,0,12,12,586,586,0,0.00034037918240920387,0.00034037918240920387,648,648,0,-1,4,4,2,4,596,504,941
45,22,124,668,920,252,34,34,563,563,0,0.00030634126416828345,0.0005105687736138058,637,701,64,4,4,4,7,6,216,494,332
46,0,101,1,940,939,0,2,1,329,328,0.0,0.0,1,1,0,6,-1,7,2,0,894,906,364
47,2,2,376,376,0,3,3,378,378,0,0.0,0.0,1,1,0,-1,5,5,2,2,779,679,911
48,16,16,724,724,0,34,34,885,885,0,0.0010892133837094523,0.0010892133837094523,832,832,0,-1,3,3,4,1,860,612,588
49,85,85,860,860,0,90,90,777,777,0,0.0014295925661186562,0.0014295925661186562,853,853,0,-1,3,3,10,15,153,206,877
50,0,101,1,960,959,0,2,1,332,331,0.0,6.807583648184077e-05,1,449,448,5,-1,6,2,0,799,715,829
51,8,8,549,549,0,18,18,613,613,0,0.00013615167296368154,0.00013615167296368154,519,519,0,-1,4,4,3,2,651,524,822
52,2,104,361,917,556,12,12,440,440,0,6.807583648184077e-05,0.00013615167296368154,449,521,72,4,5,5,6,1,237,799,727
53,302,302,976,976,0,174,174,987,987,0,0.01055175465468532,0.01055175465468532,979,979,0,-1,2,2,10,34,437,20,358
54,32,238,696,960,264,84,84,768,768,0,0.00030634126416828345,0.00034037918240920387,615,634,19,3,3,3,10,2,153,634,449
55,8,110,576,950,374,9,9,517,517,0,0.00030634126416828345,0.0004084550188910446,650,690,40,4,4,4,3,5,569,464,491
56,0,206,1,966,965,0,16,1,439,438,0.0,0.0002382654276864427,1,576,575,3,-1,4,6,0,514,678,519
57,39,245,786,976,190,32,36,713,735,22,0.0009190237925048504,0.002382654276864427,790,906,116,3,3,3,5,9,692,240,36
58,0,102,1,954,953,0,3,1,391,390,0.0,0.00017018959120460194,1,571,570,4,-1,5,2,0,868,886,303
59,6,6,442,442,0,12,12,468,468,0,0.0002042275094455223,0.0002042275094455223,578,578,0,-1,4,4,4,1,652,899,875
60,41,247,808,976,168,40,40,781,781,0,0.0013615167296368155,0.0018720855032506212,846,867,21,3,3,3,5,5,538,216,343
61,6,212,378,939,561,33,44,387,421,34,0.0,0.00013615167296368154,1,494,493,3,4,4,19,1,11,717,749
62,0,206,1,977,976,0,14,1,589,588,0.0,0.0019061234214915416,1,887,886,3,-1,4,3,0,716,909,151
63,0,101,1,974,973,0,2,1,330,329,0.0,6.807583648184077e-05,1,457,456,5,-1,6,2,1,978,539,300
64,54,155,889,972,83,46,46,980,980,0,0.010109261717553355,0.010721944245889922,978,983,5,5,2,2,2,6,951,490,136
65,2,2,378,378,0,3,3,380,380,0,3.4037918240920386e-05,3.4037918240920386e-05,402,402,0,-1,5,5,2,1,937,788,511
66,6,107,492,943,451,12,12,631,631,0,0.0002382654276864427,0.0002382654276864427,612,612,0,5,4,4,2,1,776,720,896
67,20,121,696,943,247,18,18,647,647,0,0.0005786446100956465,0.0006807583648184077,736,758,22,5,4,4,3,4,842,328,523
68,86,86,868,868,0,62,62,760,760,0,0.0011913271384322134,0.0011913271384322134,831,831,0,-1,3,3,9,15,389,138,823
69,0,0,1,1,0,0,0,1,1,0,0.0,0.0,1,1,0,-1,-1,-1,3,0,590,816,912
70,0,206,1,951,950,0,23,1,442,441,0.0,0.0002042275094455223,1,561,560,3,-1,4,8,0,317,769,417
71,0,102,1,904,903,0,14,1,384,383,0.0,0.0002042275094455223,1,560,559,4,-1,5,9,0,180,502,368
72,519,621,997,998,1,62,62,971,971,0,0.013444977705163553,0.013513053541645392,990,990,0,4,2,2,3,96,620,1,220
73,100,100,850,850,0,100,100,621,621,0,0.021716191837707205,0.021716191837707205,997,997,0,-1,1,1,17,83,103,10,819
74,20,20,694,694,0,20,20,609,609,0,0.00037441710065012424,0.00037441710065012424,671,671,0,-1,4,4,4,5,631,178,968
75,0,616,1,1000,999,0,22,1,836,835,0.0,0.015385139044896015,1,994,993,2,-1,3,2,2,951,684,2
76,0,102,1,886,885,0,20,1,375,374,0.0,0.0002382654276864427,1,583,582,4,-1,5,14,0,79,502,314
77,0,102,1,947,946,0,3,1,375,374,0.0,0.00010211375472276115,1,483,482,4,-1,5,2,0,999,901,346
78,2,208,362,968,606,4,20,333,559,226,0.0,0.0018380475850097008,1,873,872,3,6,4,4,5,762,605,104
79,1,102,331,932,601,3,3,331,331,0,3.4037918240920386e-05,3.4037918240920386e-05,404,404,0,6,6,6,3,1,856,603,595
80,18,18,591,591,0,69,69,564,564,0,6.807583648184077e-05,6.807583648184077e-05,442,442,0,-1,3,3,18,2,29,251,423
81,100,100,900,900,0,100,100,977,977,0,0.039824364341876854,0.0405731985431771,999,999,0,3,1,1,5,70,438,18,376
82,1,1,333,333,0,5,5,333,333,0,0.0,0.0,1,1,0,-1,8,8,5,2,552,448,817
83,38,244,723,958,235,70,70,648,648,0,0.00037441710065012424,0.0005446066918547262,658,708,50,3,3,3,12,10,87,266,362
84,0,206,1,943,942,0,50,1,443,442,0.0,0.0002723033459273631,1,598,597,3,-1,4,21,2,2,775,288
85,0,0,1,1,0,0,0,1,1,0,0.0,0.0,1,1,0,-1,-1,-1,6,0,549,651,546
86,67,67,887,887,0,22,22,778,778,0,0.001497668402600497,0.001497668402600497,868,868,0,-1,3,3,2,18,925,147,988
87,0,102,1,872,871,0,27,1,362,361,0.0,3.4037918240920386e-05,1,392,391,4,-1,5,22,1,33,554,531
88,13,115,687,964,277,10,10,567,567,0,0.00030634126416828345,0.0004765308553728854,642,698,56,4,4,4,3,9,922,317,468
89,6,107,454,924,470,19,19,512,512,0,0.00013615167296368154,0.0002723033459273631,526,613,87,5,4,4,7,1,697,552,317
90,0,102,1,938,937,0,4,1,370,369,0.0,3.4037918240920386e-05,1,408,407,4,-1,5,3,0,835,918,416
91,3,209,444,978,534,4,12,411,615,204,0.0,0.0015657442390823377,1,861,860,3,5,4,2,5,937,225,146
92,0,206,1,966,965,0,20,1,507,506,0.0,0.0010892133837094523,1,822,821,3,-1,4,6,0,267,868,116
93,0,101,1,911,910,0,3,1,332,331,0.0,3.4037918240920386e-05,1,405,404,5,-1,6,3,0,459,820,692
94,133,133,900,900,0,192,192,888,888,0,0.002212464685659825,0.002212464685659825,899,899,0,-1,3,3,17,19,23,297,944
95,14,14,563,563,0,30,30,509,509,0,0.0002723033459273631,0.0002723033459273631,610,610,0,-1,4,4,9,4,319,220,235
96,66,272,872,983,111,40,40,863,863,0,0.0007488342013002485,0.00176997174852786,776,880,104,3,3,3,4,12,573,163,224
97,52,52,841,841,0,58,58,944,944,0,0.0040845501889104465,0.0040845501889104465,943,943,0,-1,2,2,4,4,617,450,738
98,24,126,751,942,191,22,22,790,790,0,0.0007147962830593281,0.0009190237925048504,764,802,38,4,3,3,2,3,880,616,268
99,18,120,709,949,240,28,28,811,811,0,0.0004084550188910446,0.0006467204465774873,688,760,72,4,3,3,3,2,800,700,115
100,6,108,406,899,493,29,29,487,487,0,3.4037918240920386e-05,0.00010211375472276115,390,480,90,4,4,4,9,2,316,550,208
101,1,102,333,951,618,2,2,333,333,0,0.0,0.0,1,1,0,5,7,6,2,1,681,703,885
102,1,207,332,979,647,2,12,332,706,374,0.0,0.006262976956329351,1,967,966,3,6,4,2,1,994,893,0
103,1,103,331,959,628,3,4,331,390,59,0.0,3.4037918240920386e-05,1,405,404,4,6,5,3,1,852,140,410
104,16,118,615,927,312,28,28,710,710,0,0.0005786446100956465,0.001157289220191293,727,831,104,4,3,3,3,1,892,404,184
105,171,273,932,965,33,130,130,818,818,0,0.002484768031587188,0.002927260968719153,899,913,14,4,3,3,15,23,95,106,516
106,0,0,1,1,0,0,0,1,1,0,0.0,0.0,1,1,0,-1,-1,-1,13,0,165,886,945
107,0,206,1,981,980,0,7,1,520,519,0.0,0.0005786446100956465,1,731,730,3,-1,4,2,0,625,987,398
108,6,6,418,418,0,24,24,516,516,0,0.00013615167296368154,0.00013615167296368154,506,506,0,-1,4,4,6,1,470,720,970
109,228,228,966,966,0,118,118,944,944,0,0.004731270635487933,0.004731270635487933,957,957,0,-1,3,3,8,37,428,74,803
110,1,1,333,333,0,3,3,333,333,0,0.0,0.0,1,1,0,-1,8,8,3,3,485,626,847
111,36,36,784,784,0,30,30,676,676,0,0.0007488342013002485,0.0007488342013002485,767,767,0,-1,4,4,5,14,326,175,834
112,124,226,953,980,27,32,32,909,909,0,0.004799346471969774,0.0053439531638245,947,952,5,4,3,3,2,27,948,88,145
113,0,206,1,966,965,0,32,1,629,628,0.0,0.002212464685659825,1,900,899,3,-1,4,6,0,526,901,56
114,526,628,999,1000,1,72,72,992,992,0,0.022294836447802852,0.02236291228428469,997,997,0,4,2,2,3,130,922,3,545
115,0,0,1,1,0,0,0,1,1,0,0.0,0.0,1,1,0,-1,-1,-1,7,0,398,778,715
116,2,618,360,997,637,7,22,383,604,221,0.00013615167296368154,0.002144388849177984,518,895,377,2,5,3,5,2,908,842,128
117,27,643,709,997,288,34,72,608,853,245,0.0002723033459273631,0.01405766023350012,616,987,371,2,4,3,7,9,207,212,2
118,418,518,998,999,1,32,32,938,938,0,0.015589366554341537,0.0156914803090643,990,990,0,5,3,3,2,118,897,37,579
119,74,74,841,841,0,98,98,847,847,0,0.0008509479560230097,0.0008509479560230097,777,777,0,-1,2,2,9,9,269,145,783
120,1,1,333,333,0,3,3,333,333,0,0.0,0.0,1,1,0,-1,6,6,3,2,703,663,783
121,24,126,742,951,209,18,18,658,658,0,0.0006126825283365669,0.0006467204465774873,746,754,8,4,4,4,3,7,756,150,202
122,0,0,1,1,0,0,0,1,1,0,0.0,0.0,1,1,0,-1,-1,-1,12,0,348,514,944
123,0,102,1,922,921,0,7,1,392,391,0.0,0.00017018959120460194,1,559,558,4,-1,5,4,0,532,624,551
124,48,48,757,757,0,174,174,905,905,0,0.0012934408931549745,0.0012934408931549745,829,829,0,-1,2,2,15,3,104,390,564
125,0,102,1,925,924,0,10,1,431,430,0.0,0.0004084550188910446,1,675,674,4,-1,5,5,0,533,773,422
126,4,105,477,947,470,4,4,415,415,0,0.00013615167296368154,0.0002382654276864427,525,614,89,5,5,5,2,2,940,682,202
127,33,239,818,981,163,24,24,822,822,0,0.002212464685659825,0.003778208924742163,904,943,39,3,3,3,3,8,796,386,35
128,2,2,356,356,0,13,13,392,392,0,0.00010211375472276115,0.00010211375472276115,483,483,0,-1,5,5,8,2,440,690,773
129,2,208,352,946,594,20,56,368,516,148,3.4037918240920386e-05,0.0005786446100956465,399,711,312,3,5,4,15,1,65,687,120
130,8,110,593,952,359,8,8,551,551,0,0.00013615167296368154,0.0004084550188910446,525,688,163,4,4,4,2,2,940,491,80
131,373,474,983,989,6,174,174,986,986,0,0.008135062459579971,0.008135062459579971,972,972,0,6,2,2,10,49,243,16,640
132,0,102,1,901,900,0,12,1,375,374,0.0,0.00010211375472276115,1,479,478,4,-1,5,8,0,420,817,809
133,2,208,356,965,609,8,18,387,518,131,0.0,0.0006807583648184077,1,761,760,3,5,4,5,1,773,337,264
134,58,160,825,936,111,120,120,917,917,0,0.002757071377514551,0.0028932230504782326,914,919,5,4,3,3,10,6,241,73,411
135,0,102,1,873,872,0,19,1,349,348,0.0,0.00010211375472276115,1,472,471,4,-1,5,18,0,64,915,761
136,22,124,677,921,244,46,46,755,755,0,0.0005786446100956465,0.0008169100377820892,737,781,44,4,3,3,6,3,98,525,424
137,58,674,799,992,193,154,154,865,865,0,0.0024507301133462676,0.00793083495013445,905,972,67,2,3,3,14,6,198,73,70
138,6,6,421,421,0,28,28,556,556,0,6.807583648184077e-05,6.807583648184077e-05,447,447,0,-1,4,4,7,1,362,607,489
139,2,104,359,913,554,7,7,374,374,0,3.4037918240920386e-05,0.00010211375472276115,391,484,93,4,5,5,5,1,604,717,523
140,0,0,1,1,0,0,0,1,1,0,0.0,0.0,1,1,0,-1,-1,-1,6,0,489,968,498
141,6,107,445,917,472,18,18,520,520,0,6.807583648184077e-05,0.00013615167296368154,455,530,75,5,4,4,5,2,314,544,430
142,16,118,649,941,292,36,36,763,763,0,0.0002042275094455223,0.0005105687736138058,576,715,139,4,3,3,5,1,848,420,362
143,3,3,461,461,0,3,3,384,384,0,6.807583648184077e-05,6.807583648184077e-05,450,450,0,-1,5,5,2,3,799,829,573
144,84,684,868,994,126,52,52,770,770,0,0.0012594029749140542,0.00707988699411144,836,969,133,2,3,3,6,14,473,243,7
145,126,227,926,970,44,100,100,959,959,0,0.0029612988869600733,0.0029612988869600733,923,923,0,5,2,2,6,15,98,53,676
146,9,9,569,569,0,8,8,482,482,0,0.0,0.0,1,1,0,-1,4,4,2,3,954,508,986
147,22,123,693,930,237,30,30,737,737,0,0.00034037918240920387,0.00034037918240920387,636,636,0,5,3,3,4,2,783,453,298
148,6,108,417,890,473,24,24,506,506,0,0.0,3.4037918240920386e-05,1,406,405,4,4,4,6,2,425,342,634
149,140,346,927,976,49,126,126,973,973,0,0.0026209197045508697,0.002757071377514551,905,909,4,3,2,2,7,13,299,261,149
150,6,107,477,939,462,10,10,501,501,0,6.807583648184077e-05,6.807583648184077e-05,451,451,0,5,4,4,3,2,826,532,265
151,0,616,1,994,993,0,66,1,740,739,0.0,0.004016474352428605,1,946,945,2,-1,3,9,0,367,941,102
152,10,112,525,920,395,31,31,552,552,0,0.00017018959120460194,0.0006126825283365669,538,738,200,4,4,4,8,3,468,536,245
153,6,108,508,963,455,9,9,543,543,0,0.0002723033459273631,0.00037441710065012424,624,671,47,4,4,4,3,1,877,667,594
154,18,224,612,961,349,22,30,479,535,56,0.0002042275094455223,0.001157289220191293,568,828,260,3,4,4,7,3,417,704,213
155,50,152,809,929,120,56,56,697,697,0,0.0007828721195411688,0.0007828721195411688,767,767,0,4,3,3,9,8,289,204,578
156,26,232,795,984,189,22,22,820,820,0,0.0018720855032506212,0.006262976956329351,878,967,89,3,3,3,2,5,928,412,70
157,6,108,444,927,483,16,16,528,528,0,0.0,0.0002723033459273631,1,623,622,4,4,4,4,3,649,321,795
158,0,102,1,980,979,0,3,1,465,464,0.0,0.00037441710065012424,1,687,686,4,-1,5,2,0,955,986,589
159,4,620,461,998,537,5,24,400,786,386,0.0,0.003880322679464924,1,941,940,2,5,3,3,5,770,464,123
160,6,107,374,871,497,44,44,397,397,0,0.0002042275094455223,0.0002382654276864427,556,584,28,5,4,4,23,1,30,537,924
161,0,101,1,905,904,0,6,1,332,331,0.0,0.0,1,1,0,7,-1,8,6,0,526,815,469
162,6,212,417,966,549,16,26,472,579,107,0.0,0.00030634126416828345,1,638,637,3,4,4,5,2,818,560,439
163,1,207,332,973,641,3,10,332,492,160,0.0,0.00037441710065012424,1,665,664,3,8,4,3,1,583,972,80
164,0,102,1,921,920,0,6,1,382,381,0.0,0.0002042275094455223,1,577,576,4,-1,5,4,1,495,641,652
165,16,118,613,928,315,32,32,717,717,0,0.0004765308553728854,0.0005105687736138058,698,708,10,4,3,3,5,1,284,797,809
166,63,63,891,891,0,32,32,914,914,0,0.0020082371762143027,0.0020082371762143027,896,896,0,-1,3,3,2,10,713,405,800
167,116,116,917,917,0,28,28,683,683,0,0.0017359338302869397,0.0017359338302869397,876,876,0,-1,3,3,3,17,731,79,324
168,41,41,833,833,0,32,32,900,900,0,0.0007147962830593281,0.0007147962830593281,767,767,0,-1,3,3,2,5,589,216,960
169,32,134,715,918,203,76,76,730,730,0,0.0004765308553728854,0.0005105687736138058,702,710,8,4,3,3,10,4,204,346,560
170,28,130,647,899,252,94,94,701,701,0,0.0012934408931549745,0.0012934408931549745,826,826,0,4,3,3,13,4,92,281,687
171,10,112,513,889,376,27,27,429,429,0,0.0,0.0,1,1,0,4,4,4,12,3,194,526,762
172,67,169,865,957,92,34,34,751,751,0,0.00088498587426393,0.0011913271384322134,800,837,37,4,3,3,4,14,694,243,584
173,1,1,333,333,0,2,2,333,333,0,3.4037918240920386e-05,3.4037918240920386e-05,408,408,0,-1,6,6,2,2,232,842,921
174,16,16,566,566,0,84,84,718,718,0,6.807583648184077e-05,6.807583648184077e-05,450,450,0,-1,3,3,12,1,106,556,792
175,93,1733,906,1000,94,60,84,910,965,55,0.0026549576227917903,0.02277136730317574,910,995,85,1,3,2,5,17,452,180,144
176,23,125,821,974,153,22,22,913,913,0,0.0007828721195411688,0.0018720855032506212,781,895,114,4,3,3,2,3,959,291,281
177,0,0,1,1,0,0,0,1,1,0,0.0,0.0,1,1,0,-1,-1,-1,11,0,379,798,588
178,20,122,629,908,279,56,56,701,701,0,0.000442492937131965,0.0006807583648184077,674,733,59,4,3,3,9,3,389,268,591
179,12,218,641,980,339,12,12,655,655,0,0.0002382654276864427,0.0013955546478777359,612,861,249,3,4,4,2,6,817,368,255
180,2,104,354,900,546,12,13,388,398,10,3.4037918240920386e-05,6.807583648184077e-05,406,448,42,4,5,5,7,2,221,597,617
181,12,114,539,906,367,22,22,464,464,0,0.00010211375472276115,0.00030634126416828345,481,623,142,4,4,4,7,2,321,244,369
182,0,616,1,990,989,0,87,1,522,521,0.0,0.0013274788113958951,1,827,826,2,-1,3,23,0,30,980,275
183,6,6,499,499,0,12,12,655,655,0,0.00030634126416828345,0.00030634126416828345,642,642,0,-1,4,4,2,1,874,667,883
184,123,123,909,909,0,154,154,962,962,0,0.0034718676605738795,0.0034718676605738795,930,930,0,-1,2,2,10,17,427,85,511
185,16,222,549,956,407,37,50,521,585,64,0.00013615167296368154,0.0010892133837094523,505,813,308,3,3,3,10,1,128,899,184
186,0,206,1,965,964,0,10,1,448,447,0.0,0.00017018959120460194,1,535,534,3,-1,4,4,0,832,546,785
187,83,185,899,966,67,34,34,802,802,0,0.0022465026039007454,0.002757071377514551,887,906,19,4,3,3,4,15,787,153,439
188,16,118,650,935,285,30,30,769,769,0,0.00017018959120460194,0.0004084550188910446,538,678,140,4,3,3,4,2,787,493,221
189,16,222,518,951,433,76,84,581,605,24,0.00010211375472276115,0.00037441710065012424,482,651,169,3,3,3,15,1,51,904,132
190,320,526,982,992,10,94,94,955,955,0,0.006671431975220395,0.007454304094761564,972,973,1,3,2,2,5,57,347,50,207
191,190,190,950,950,0,108,108,853,853,0,0.00353994349705572,0.00353994349705572,934,934,0,-1,3,3,12,30,219,75,760
192,12,12,602,602,0,14,14,491,491,0,0.0002042275094455223,0.0002042275094455223,562,562,0,-1,4,4,5,6,291,424,812
193,0,101,1,936,935,0,2,1,332,331,0.0,3.4037918240920386e-05,1,402,401,6,-1,7,2,0,609,942,694
194,0,0,1,1,0,0,0,1,1,0,0.0,0.0,1,1,0,-1,-1,-1,3,0,845,276,856
195,21,637,663,993,330,72,82,812,852,40,0.0012594029749140542,0.0026889955410327104,838,921,83,2,3,3,7,5,216,355,185
196,0,0,1,1,0,0,0,1,1,0,0.0,0.0,1,1,0,-1,-1,-1,3,0,833,977,894
197,29,131,759,940,181,34,34,744,744,0,0.0004084550188910446,0.0007147962830593281,685,766,81,4,3,3,4,5,504,510,418
198,0,102,1,937,936,0,3,1,370,369,0.0,0.000442492937131965,1,696,695,4,-1,5,2,0,689,673,414
199,6,108,396,897,501,29,30,472,480,8,6.807583648184077e-05,0.00010211375472276115,438,474,36,4,4,4,9,1,287,607,512
200,8,109,541,936,395,12,12,586,586,0,0.00030634126416828345,0.00030634126416828345,643,643,0,5,4,4,2,2,763,628,563
201,15,631,630,998,368,22,36,577,740,163,0.0002382654276864427,0.0018720855032506212,595,873,278,2,4,3,5,5,644,124,470
202,121,121,893,893,0,216,216,875,875,0,0.0018720855032506212,0.0018720855032506212,868,868,0,-1,3,3,21,15,25,53,865
203,16,118,544,897,353,66,66,613,613,0,0.00013615167296368154,0.00013615167296368154,518,518,0,4,3,3,12,1,44,609,434
204,56,56,832,832,0,58,58,915,915,0,0.0017359338302869397,0.0017359338302869397,861,861,0,-1,2,2,4,5,509,283,912
205,0,102,1,875,874,0,15,1,345,344,0.0,0.0,1,1,0,4,-1,5,14,0,85,996,495
206,2,2,350,350,0,16,16,411,411,0,0.00013615167296368154,0.00013615167296368154,507,507,0,-1,5,5,8,2,199,648,745
207,6,6,391,391,0,34,34,442,442,0,3.4037918240920386e-05,3.4037918240920386e-05,393,393,0,-1,4,4,13,2,41,342,511
208,46,147,802,935,133,46,46,693,693,0,0.0006807583648184077,0.0007488342013002485,761,775,14,5,3,3,6,13,368,120,694
209,0,206,1,979,978,0,8,1,545,544,0.0,0.0005105687736138058,1,718,717,3,-1,4,2,0,998,514,432
210,31,237,745,973,228,30,30,698,698,0,0.0004084550188910446,0.00088498587426393,674,794,120,3,3,3,4,8,671,417,382
211,1,102,332,954,622,2,2,332,332,0,0.0,3.4037918240920386e-05,1,410,409,5,6,6,2,1,868,540,332
212,62,164,772,918,146,236,236,887,887,0,0.0015657442390823377,0.001599782157323258,846,853,7,4,2,2,21,3,13,268,290
213,16,16,696,696,0,12,12,653,653,0,0.00034037918240920387,0.00034037918240920387,667,667,0,-1,4,4,2,7,975,134,358
214,0,206,1,978,977,0,8,1,518,517,0.0,0.0006126825283365669,1,749,748,3,-1,4,2,0,979,423,310
215,0,206,1,979,978,0,9,1,533,532,0.0,0.0008169100377820892,1,780,779,3,-1,4,3,0,796,993,130
216,35,241,765,972,207,62,62,801,801,0,0.0005105687736138058,0.0030293747234419145,709,924,215,3,3,3,7,8,505,257,76
217,22,124,583,895,312,78,78,514,514,0,0.0002382654276864427,0.0002382654276864427,576,576,0,4,3,3,21,2,25,680,449
218,40,40,779,779,0,60,60,740,740,0,0.0011232513019503727,0.0011232513019503727,815,815,0,-1,3,3,9,5,168,403,947
219,78,284,798,962,164,232,232,839,839,0,0.0009190237925048504,0.0015657442390823377,775,858,83,3,2,2,23,4,15,470,243
220,6,108,459,933,474,14,14,505,505,0,0.0002382654276864427,0.00037441710065012424,590,658,68,4,4,4,5,2,557,652,667
221,0,101,1,891,890,0,7,1,331,330,0.0,0.0,1,1,0,5,-1,6,7,0,436,967,692
222,4,4,427,427,0,8,8,425,425,0,0.00010211375472276115,0.00010211375472276115,485,485,0,-1,5,5,4,3,593,646,624
223,0,102,1,887,886,0,12,1,354,353,0.0,0.0,1,1,0,4,-1,5,11,1,174,830,618
224,152,254,952,975,23,70,70,914,914,0,0.0038462847612240037,0.003914360597705844,942,942,0,4,3,3,5,31,294,102,300
225,10,112,579,937,358,11,11,469,469,0,0.00013615167296368154,0.0002042275094455223,520,581,61,4,4,4,4,3,543,653,420
226,0,102,1,951,950,0,3,1,382,381,0.0,0.0011232513019503727,1,833,832,4,-1,5,2,0,821,815,157
227,0,616,1,989,988,0,130,1,709,708,0.0,0.00622893903808843,1,962,961,2,-1,3,19,0,11,856,19
228,2,208,359,968,609,12,28,428,620,192,0.0,0.0020422750944552232,1,882,881,3,5,4,6,1,322,762,81
229,100,100,942,942,0,100,100,997,997,0,0.05303107661935396,0.05303107661935396,1000,1000,0,-1,1,1,3,1,790,568,927
230,0,616,1,992,991,0,122,1,836,835,0.0,0.008271214132543654,1,976,975,2,-1,3,12,1,226,568,6
231,39,655,731,992,261,68,100,611,758,147,0.0004084550188910446,0.004152626025392287,677,946,269,2,3,3,13,7,228,188,142
232,0,206,1,964,963,0,15,1,432,431,0.0,3.4037918240920386e-05,1,393,392,3,-1,4,6,3,369,882,508
233,31,132,774,945,171,40,40,776,776,0,0.0007147962830593281,0.0007147962830593281,768,768,0,5,3,3,5,8,551,257,935
234,0,0,1,1,0,0,0,1,1,0,0.0,0.0,1,1,0,-1,-1,-1,3,0,796,798,822
235,0,102,1,956,955,0,4,1,426,425,0.0,0.001497668402600497,1,866,865,4,-1,5,2,0,742,934,39
236,30,30,721,721,0,24,24,602,602,0,0.0004084550188910446,0.0004084550188910446,679,679,0,-1,4,4,4,8,448,177,554
237,0,0,1,1,0,0,0,1,1,0,0.0,0.0,1,1,0,-1,-1,-1,3,1,837,554,787
238,0,102,1,902,901,0,14,1,432,431,0.0,0.00017018959120460194,1,548,547,4,-1,5,7,0,342,953,474
239,0,102,1,929,928,0,5,1,363,362,0.0,6.807583648184077e-05,1,445,444,4,-1,5,4,2,660,633,369
240,128,128,912,912,0,144,144,893,893,0,0.0019741992579733825,0.0019741992579733825,878,878,0,-1,2,2,15,20,110,49,970
241,64,270,860,979,119,58,58,932,932,0,0.0048674223084516155,0.005105687736138058,959,959,0,3,2,2,4,10,700,195,291
242,32,648,714,993,279,72,82,759,819,60,0.0007488342013002485,0.002212464685659825,756,890,134,2,3,3,10,3,527,610,148
243,48,150,887,975,88,44,44,975,975,0,0.004799346471969774,0.005003573981415297,953,955,2,4,2,2,3,5,786,636,245
244,0,102,1,960,959,0,3,1,395,394,0.0,0.0002723033459273631,1,627,626,4,-1,5,2,0,847,856,219
245,0,0,1,1,0,0,0,1,1,0,0.0,0.0,1,1,0,-1,-1,-1,2,0,884,696,897
246,14,220,521,952,431,50,58,517,555,38,0.00017018959120460194,0.0006467204465774873,540,735,195,3,4,4,13,3,41,347,159
247,6,108,379,880,501,41,41,434,434,0,3.4037918240920386e-05,0.00013615167296368154,401,512,111,4,4,4,16,1,27,837,749
248,0,101,1,949,948,0,2,1,332,331,0.0,0.0,1,1,0,6,-1,7,2,0,681,967,495
249,12,12,538,538,0,28,28,497,497,0,0.00013615167296368154,0.00013615167296368154,507,507,0,-1,4,4,8,2,199,425,542
250,0,616,1,992,991,0,42,1,622,621,0.0,0.002144388849177984,1,886,885,2,-1,3,8,0,508,900,127
251,35,35,740,740,0,42,42,634,634,0,0.0005105687736138058,0.0005105687736138058,696,696,0,-1,4,4,7,8,209,284,324
252,0,102,1,913,912,0,6,1,372,371,0.0,3.4037918240920386e-05,1,387,386,4,-1,5,4,0,614,778,202
253,2,2,366,366,0,9,9,408,408,0,0.0,0.0,1,1,0,-1,5,5,5,1,534,506,852
254,6,212,482,975,493,14,18,578,667,89,0.00017018959120460194,0.0018720855032506212,551,883,332,3,4,4,3,2,814,384,58
255,4,105,440,928,488,8,8,422,422,0,0.0002382654276864427,0.00030634126416828345,576,625,49,5,5,5,4,2,424,579,416
256,0,102,1,965,964,0,4,1,478,477,0.0,0.0002042275094455223,1,591,590,4,-1,5,2,0,987,968,510
257,3,105,446,949,503,4,5,375,410,35,0.0,0.00010211375472276115,1,487,486,4,5,5,3,3,600,563,532
258,0,101,1,927,926,0,3,1,332,331,0.0,3.4037918240920386e-05,1,409,408,6,-1,7,3,0,680,887,736
259,6,212,443,974,531,16,20,542,609,67,3.4037918240920386e-05,0.002382654276864427,395,897,502,3,4,4,4,1,659,720,8
260,222,324,980,990,10,34,34,834,834,0,0.006092787365124749,0.006603356138738555,964,968,4,4,3,3,4,55,789,21,182
261,142,348,958,991,33,92,92,991,991,0,0.006603356138738555,0.008543517478471017,973,978,5,3,2,2,4,23,721,117,87
262,0,0,1,1,0,0,0,1,1,0,0.0,0.0,1,1,0,-1,-1,-1,8,0,541,909,871
263,0,206,1,975,974,0,14,1,578,577,0.0,0.0009870996289866913,1,817,816,3,-1,4,3,3,826,746,71
264,0,102,1,915,914,0,9,1,407,406,0.0,0.0002042275094455223,1,565,564,4,-1,5,5,0,565,921,182
265,43,249,791,969,178,62,62,776,776,0,0.001055175465468532,0.0014295925661186562,821,845,24,3,3,3,7,8,417,161,267
266,21,21,686,686,0,26,26,635,635,0,0.0006126825283365669,0.0006126825283365669,749,749,0,-1,4,4,5,6,412,232,804
267,4,4,428,428,0,8,8,390,390,0,0.00013615167296368154,0.00013615167296368154,520,520,0,-1,5,5,5,3,464,761,934
268,0,102,1,942,941,0,4,1,424,423,0.0,0.00088498587426393,1,803,802,4,-1,5,2,0,964,999,206
269,65,65,873,873,0,14,14,592,592,0,0.0007828721195411688,0.0007828721195411688,781,781,0,-1,4,4,3,18,882,147,632
270,0,0,1,1,0,0,0,1,1,0,0.0,0.0,1,1,0,-1,-1,-1,8,0,197,698,796
271,63,63,935,935,0,12,12,766,766,0,0.0024166921951053475,0.0024166921951053475,918,918,0,-1,4,4,2,24,866,119,858
272,21,227,706,972,266,28,28,776,776,0,0.001157289220191293,0.0014295925661186562,837,862,25,3,3,3,3,5,935,412,191
273,0,102,1,891,890,0,13,1,386,385,0.0,3.4037918240920386e-05,1,400,399,4,-1,5,8,0,223,976,229
274,6,212,412,960,548,19,27,429,499,70,0.0,0.00037441710065012424,1,657,656,3,4,4,8,1,350,873,252
275,75,691,802,991,189,140,144,695,711,16,0.000442492937131965,0.0012934408931549745,670,834,164,2,3,3,21,13,74,256,172
276,0,616,1,991,990,0,36,1,455,454,0.0,0.00088498587426393,1,774,773,2,-1,3,14,0,84,871,176
277,100,100,852,852,0,100,100,593,593,0,0.018312400013615168,0.02219272269308009,995,997,2,2,1,1,19,78,46,9,126
278,0,102,1,907,906,0,8,1,403,402,0.0,0.00010211375472276115,1,482,481,4,-1,5,4,0,500,995,252
279,8,8,499,499,0,30,30,551,551,0,0.00034037918240920387,0.00034037918240920387,642,642,0,-1,4,4,7,2,361,770,877
280,5,5,484,484,0,5,5,409,409,0,6.807583648184077e-05,6.807583648184077e-05,463,463,0,-1,5,5,3,4,840,332,976
281,6,1646,402,1000,598,17,76,417,828,411,6.807583648184077e-05,0.017325300384628477,440,991,551,1,4,2,7,1,591,592,9
282,0,0,1,1,0,0,0,1,1,0,0.0,0.0,1,1,0,-1,-1,-1,6,0,405,429,696
283,16,16,586,586,0,20,20,469,469,0,0.0004084550188910446,0.0004084550188910446,682,682,0,-1,4,4,6,5,368,562,707
284,0,206,1,980,979,0,16,1,621,620,0.0,0.002723033459273631,1,917,916,3,-1,4,4,0,738,858,76
285,0,206,1,942,941,0,42,1,440,439,0.0,0.0004084550188910446,1,670,669,3,-1,4,16,0,117,908,413
286,118,324,876,968,92,374,374,895,895,0,0.0014295925661186562,0.0016338200755641784,844,856,12,3,2,2,33,10,9,405,617
287,202,303,954,975,21,126,126,951,951,0,0.004016474352428605,0.004050512270669526,947,949,2,5,2,2,7,30,331,65,593
288,0,0,1,1,0,0,0,1,1,0,0.0,0.0,1,1,0,-1,-1,-1,6,0,498,905,804
289,60,60,847,847,0,30,30,698,698,0,0.0009190237925048504,0.0009190237925048504,804,804,0,-1,3,3,4,10,671,405,608
290,6,212,406,963,557,17,28,417,494,77,3.4037918240920386e-05,0.0005446066918547262,400,717,317,3,4,4,8,3,218,460,382
291,9,9,564,564,0,6,6,418,418,0,0.00017018959120460194,0.00017018959120460194,536,536,0,-1,5,5,3,6,855,279,988
292,0,616,1,996,995,0,56,1,798,797,0.0,0.006297014874570271,1,966,965,2,-1,3,6,0,281,205,19
293,20,636,673,997,324,26,40,635,775,140,0.0005446066918547262,0.005854521937438306,726,957,231,2,4,3,5,4,412,470,8
294,6,6,398,398,0,34,34,423,423,0,6.807583648184077e-05,6.807583648184077e-05,435,435,0,-1,4,4,16,1,60,837,923
295,42,42,856,856,0,48,48,968,968,0,0.00442492937131965,0.00442492937131965,948,948,0,-1,2,2,3,4,840,239,649
296,0,0,1,1,0,0,0,1,1,0,0.0,0.0,1,1,0,-1,-1,-1,3,0,592,574,883
297,0,0,1,1,0,0,0,1,1,0,0.0,0.0,1,1,0,-1,-1,-1,5,0,311,773,522
298,8,8,535,535,0,14,14,569,569,0,0.00037441710065012424,0.00037441710065012424,662,662,0,-1,4,4,3,2,337,475,806
299,0,206,1,953,952,0,17,1,393,392,0.0,0.00010211375472276115,1,471,470,3,-1,4,11,0,174,815,444
300,2,103,385,952,567,3,3,391,391,0,3.4037918240920386e-05,3.4037918240920386e-05,407,407,0,6,5,5,2,1,994,577,181
301,15,221,629,974,345,14,14,546,546,0,0.0002382654276864427,0.0009870996289866913,586,811,225,3,4,4,3,5,864,487,97
302,1,103,332,939,607,2,4,332,404,72,0.0,0.0002042275094455223,1,586,585,4,8,5,2,1,976,857,333
303,111,317,890,974,84,144,144,935,935,0,0.003710133088260322,0.004629156880765172,935,953,18,3,2,2,11,9,163,415,58
304,0,0,1,1,0,0,0,1,1,0,0.0,0.0,1,1,0,-1,-1,-1,7,1,265,641,843
305,6,107,521,955,434,8,8,551,551,0,0.0002382654276864427,0.00037441710065012424,619,689,70,5,4,4,2,1,914,420,309
306,4,106,447,935,488,5,5,398,398,0,6.807583648184077e-05,0.0009190237925048504,448,809,361,4,5,5,3,2,857,749,106
307,2,2,358,358,0,18,18,423,423,0,3.4037918240920386e-05,3.4037918240920386e-05,404,404,0,-1,5,5,9,2,190,550,513
308,17,17,630,630,0,58,58,775,775,0,0.000442492937131965,0.000442492937131965,669,669,0,-1,3,3,7,2,398,101,962
309,7,7,517,517,0,11,11,458,458,0,0.00013615167296368154,0.00013615167296368154,518,518,0,-1,4,4,4,3,783,373,367
310,79,79,862,862,0,68,68,775,775,0,0.0017018959120460194,0.0017018959120460194,868,868,0,-1,3,3,8,14,260,68,685
311,0,206,1,953,952,0,35,1,511,510,0.0,0.0009870996289866913,1,798,797,3,-1,4,10,0,355,926,227
312,40,246,808,974,166,60,60,881,881,0,0.0006467204465774873,0.002723033459273631,739,915,176,3,3,3,5,7,766,169,123
313,12,114,607,936,329,14,14,569,569,0,0.00017018959120460194,0.0002042275094455223,546,576,30,4,4,4,3,2,337,491,607
314,0,0,1,1,0,0,0,1,1,0,0.0,0.0,1,1,0,-1,-1,-1,8,1,318,852,767
315,0,0,1,1,0,0,0,1,1,0,0.0,0.0,1,1,0,-1,-1,-1,13,1,228,806,760
316,0,206,1,964,963,0,28,1,563,562,0.0,0.0026889955410327104,1,919,918,3,-1,4,6,0,549,876,75
317,24,24,773,773,0,12,12,648,648,0,0.0004084550188910446,0.0004084550188910446,687,687,0,-1,4,4,2,6,910,136,731
318,18,120,634,918,284,78,78,899,899,0,0.0006807583648184077,0.00088498587426393,742,777,35,4,3,3,7,2,207,700,4
319,393,393,994,994,0,80,80,997,997,0,0.018822968787228972,0.018822968787228972,994,994,0,-1,2,2,2,85,986,0,802
320,0,102,1,927,926,0,4,1,382,381,0.0,0.00013615167296368154,1,530,529,4,-1,5,2,0,846,651,576
321,99,201,869,944,75,104,104,835,835,0,0.0019061234214915416,0.0019741992579733825,886,896,10,4,3,3,9,18,101,63,301
322,2,208,358,963,605,6,18,358,495,137,0.0,0.0004084550188910446,1,676,675,3,5,4,5,1,426,687,328
323,9,215,505,956,451,24,28,435,458,23,3.4037918240920386e-05,0.0002042275094455223,400,559,159,3,4,4,10,4,254,442,518
324,0,0,1,1,0,0,0,1,1,0,0.0,0.0,1,1,0,-1,-1,-1,2,0,960,992,766
325,1,103,331,974,643,2,4,331,506,175,0.0,0.0002042275094455223,1,583,582,4,6,5,2,1,978,540,545
326,9,110,572,932,360,8,8,471,471,0,6.807583648184077e-05,0.00010211375472276115,448,484,36,5,4,4,2,4,971,567,581
327,8,8,570,570,0,10,10,516,516,0,6.807583648184077e-05,6.807583648184077e-05,466,466,0,-1,4,4,3,4,530,346,942
328,0,102,1,922,921,0,5,1,361,360,0.0,6.807583648184077e-05,1,443,442,4,-1,5,4,1,313,828,646
329,217,423,946,979,33,194,194,881,881,0,0.0018040096667687805,0.0019741992579733825,877,884,7,3,3,3,18,23,111,66,319
330,0,101,1,887,886,0,12,1,332,331,0.0,3.4037918240920386e-05,1,391,390,5,-1,6,12,0,222,937,509
331,22,124,786,967,181,22,22,887,887,0,0.0006126825283365669,0.0007828721195411688,757,796,39,4,3,3,2,3,995,610,385
332,2,103,361,917,556,8,8,361,361,0,0.0,0.00010211375472276115,1,484,483,5,5,5,7,2,404,721,526
333,2,104,362,936,574,3,4,362,393,31,3.4037918240920386e-05,0.00017018959120460194,408,556,148,4,5,5,2,2,429,764,505
334,0,102,1,926,925,0,5,1,364,363,0.0,3.4037918240920386e-05,1,400,399,4,-1,5,4,0,682,864,319
335,138,344,913,976,63,164,164,901,901,0,0.00176997174852786,0.002212464685659825,867,888,21,3,3,3,14,17,332,45,240
336,0,206,1,949,948,0,39,1,446,445,0.0,0.00030634126416828345,1,619,618,3,-1,4,15,0,81,728,473
337,0,0,1,1,0,0,0,1,1,0,0.0,0.0,1,1,0,-1,-1,-1,4,0,811,815,959
338,2,103,370,935,565,4,4,405,405,0,0.0,6.807583648184077e-05,1,452,451,5,5,5,2,2,926,342,311
339,116,116,912,912,0,112,112,952,952,0,0.0025188059498281084,0.0025188059498281084,906,906,0,-1,2,2,8,15,282,158,917
340,213,213,954,954,0,164,164,971,971,0,0.003982436434187685,0.003982436434187685,942,942,0,-1,2,2,10,28,256,44,987
341,789,789,999,999,0,128,128,996,996,0,0.02209060893835733,0.02209060893835733,994,994,0,-1,2,2,5,130,363,3,790
342,16,16,562,562,0,42,42,590,590,0,0.0002042275094455223,0.0002042275094455223,561,561,0,-1,3,3,8,2,357,215,983
343,66,272,820,967,147,86,102,693,786,93,0.001940161339732462,0.002757071377514551,872,919,47,3,2,2,13,5,160,314,206
344,26,26,723,723,0,26,26,615,615,0,0.0007147962830593281,0.0007147962830593281,756,756,0,-1,4,4,5,6,691,194,673
345,0,206,1,971,970,0,18,1,550,549,0.0,0.0006807583648184077,1,753,752,3,-1,4,5,1,843,685,340
346,82,288,859,971,112,92,92,836,836,0,0.0013615167296368155,0.002110350930937064,842,887,45,3,3,3,10,17,259,269,273
347,18,224,664,975,311,24,24,695,695,0,0.0002382654276864427,0.0021784267674189047,594,896,302,3,4,4,4,7,313,253,13
348,14,14,628,628,0,30,30,687,687,0,0.0006807583648184077,0.0006807583648184077,749,749,0,-1,4,4,5,3,720,390,780
349,0,206,1,968,967,0,13,1,464,463,0.0,0.00030634126416828345,1,625,624,3,-1,4,5,0,551,712,589
350,0,0,1,1,0,0,0,1,1,0,0.0,0.0,1,1,0,-1,-1,-1,15,0,40,859,849
351,24,126,723,944,221,24,24,729,729,0,0.00017018959120460194,0.00017018959120460194,553,553,0,4,3,3,3,4,620,443,572
352,32,238,688,959,271,114,114,785,785,0,0.0006126825283365669,0.00088498587426393,728,776,48,3,3,3,14,3,172,610,427
353,0,101,1,933,932,0,3,1,331,330,0.0,3.4037918240920386e-05,1,385,384,5,-1,6,3,0,615,777,601
354,19,225,669,974,305,26,26,612,612,0,0.0002382654276864427,0.0008169100377820892,586,784,198,3,4,4,5,7,386,188,351
355,36,36,696,696,0,100,100,727,727,0,0.0009530617107457708,0.0009530617107457708,785,785,0,-1,3,3,14,5,181,403,859
356,0,206,1,961,960,0,13,1,384,383,0.0,3.4037918240920386e-05,1,394,393,3,-1,4,8,0,646,782,320
357,0,206,1,975,974,0,14,1,557,556,0.0,0.002552843868069029,1,919,918,3,-1,4,3,0,825,520,41
358,63,165,853,948,95,40,40,752,752,0,0.0014295925661186562,0.0014636304843595766,848,848,0,4,3,3,5,17,406,226,506
359,0,0,1,1,0,0,0,1,1,0,0.0,0.0,1,1,0,-1,-1,-1,9,0,164,986,793
360,0,101,1,944,943,0,3,1,331,330,0.0,0.0,1,1,0,5,-1,6,3,0,902,845,314
361,207,413,962,985,23,116,116,975,975,0,0.005003573981415297,0.005582218591510943,958,961,3,3,2,2,7,29,214,17,453
362,0,102,1,939,938,0,6,1,438,437,0.0,0.0006126825283365669,1,741,740,4,-1,5,3,0,708,911,559
363,127,127,902,902,0,134,134,837,837,0,0.0017018959120460194,0.0017018959120460194,863,863,0,-1,2,2,15,19,124,184,946
364,15,15,601,601,0,24,24,552,552,0,0.00010211375472276115,0.00010211375472276115,485,485,0,-1,4,4,6,4,98,156,359
365,20,121,713,945,232,24,24,735,735,0,0.0007488342013002485,0.0008509479560230097,766,787,21,5,4,4,4,5,811,165,370
366,6,6,487,487,0,8,8,501,501,0,0.0004765308553728854,0.0004765308553728854,701,701,0,-1,4,4,3,3,523,708,726
367,0,0,1,1,0,0,0,1,1,0,0.0,0.0,1,1,0,-1,-1,-1,22,0,33,429,994
368,0,0,1,1,0,0,0,1,1,0,0.0,0.0,1,1,0,-1,-1,-1,2,0,919,731,955
369,6,212,402,959,557,15,36,410,602,192,6.807583648184077e-05,0.0020763130126961434,439,899,460,3,4,4,6,1,312,265,81
370,6,212,430,969,539,16,16,505,505,0,0.00013615167296368154,0.0006126825283365669,520,741,221,3,4,4,4,2,235,714,338
371,10,216,525,962,437,38,50,573,682,109,0.0002382654276864427,0.005854521937438306,589,963,374,3,4,4,9,3,339,704,6
372,24,624,667,993,326,54,54,694,694,0,0.00017018959120460194,0.00439089145307873,541,946,405,2,3,3,8,4,334,545,16
373,0,102,1,916,915,0,5,1,362,361,0.0,0.0,1,1,0,4,-1,5,4,0,921,976,837
374,25,231,751,977,226,28,32,658,709,51,0.0004084550188910446,0.0013274788113958951,673,848,175,3,4,4,6,10,594,262,335
375,0,0,1,1,0,0,0,1,1,0,0.0,0.0,1,1,0,-1,-1,-1,15,0,104,915,766
376,0,0,1,1,0,0,0,1,1,0,0.0,0.0,1,1,0,-1,-1,-1,5,0,463,674,910
377,0,0,1,1,0,0,0,1,1,0,0.0,0.0,1,1,0,-1,-1,-1,4,0,682,979,860
378,0,0,1,1,0,0,0,1,1,0,0.0,0.0,1,1,0,-1,-1,-1,13,1,115,895,852
379,13,13,585,585,0,24,24,626,626,0,0.00013615167296368154,0.00013615167296368154,517,517,0,-1,4,4,4,3,354,222,960
380,18,119,707,943,236,20,20,659,659,0,0.00037441710065012424,0.0005105687736138058,665,719,54,5,4,4,4,3,679,318,398
381,18,18,594,594,0,68,68,684,684,0,0.00017018959120460194,0.00017018959120460194,537,537,0,-1,3,3,10,2,153,363,779
382,8,8,510,510,0,24,24,553,553,0,6.807583648184077e-05,6.807583648184077e-05,450,450,0,-1,4,4,6,2,251,680,826
383,109,211,941,974,33,18,18,644,644,0,0.0030293747234419145,0.0032336022328874367,926,927,1,4,4,4,3,37,791,74,134
384,2,208,355,967,612,7,20,356,496,140,0.0,0.0007488342013002485,1,746,745,3,5,4,6,1,556,861,189
385,35,137,705,910,205,80,80,631,631,0,0.0004084550188910446,0.0005786446100956465,674,722,48,4,3,3,13,5,165,310,425
386,21,123,748,952,204,22,22,796,796,0,0.00088498587426393,0.001497668402600497,792,868,76,4,3,3,2,5,779,355,245
387,0,102,1,957,956,0,3,1,392,391,0.0,0.0006807583648184077,1,761,760,4,-1,5,2,0,666,758,125
388,107,723,885,993,108,204,204,928,928,0,0.0018720855032506212,0.0030293747234419145,882,923,41,2,2,2,15,8,51,352,79
389,10,111,720,978,258,12,12,819,819,0,0.0005786446100956465,0.0007488342013002485,749,782,33,5,4,4,2,5,956,510,167
390,6,212,401,954,553,39,39,531,531,0,3.4037918240920386e-05,3.4037918240920386e-05,410,410,0,3,4,4,10,2,109,719,530
391,50,50,800,800,0,60,60,747,747,0,0.0006126825283365669,0.0006126825283365669,733,733,0,-1,3,3,8,9,131,154,858
392,9,110,600,950,350,12,12,680,680,0,0.0004765308553728854,0.0004765308553728854,722,722,0,5,4,4,2,3,957,280,290
393,60,676,777,991,214,180,180,829,829,0,0.0010211375472276116,0.001599782157323258,789,852,63,2,2,2,20,9,70,145,199
394,0,206,1,959,958,0,30,1,543,542,0.0,0.0016338200755641784,1,856,855,3,-1,4,7,0,320,886,42
395,40,656,746,993,247,52,78,637,770,133,0.0007488342013002485,0.005207801490860819,759,953,194,2,3,3,11,9,248,154,25
396,40,246,761,969,208,58,71,741,799,58,0.001157289220191293,0.0032336022328874367,827,925,98,3,2,2,9,2,389,384,112
397,14,630,489,987,498,82,96,517,548,31,0.00010211375472276115,0.0007828721195411688,468,748,280,2,4,3,21,6,54,392,490
398,40,40,860,860,0,28,28,877,877,0,0.0011232513019503727,0.0011232513019503727,834,834,0,-1,3,3,3,13,883,217,200
399,43,145,823,953,130,40,40,799,799,0,0.0011913271384322134,0.0017018959120460194,821,872,51,4,3,3,5,14,612,190,250
400,21,637,747,1000,253,8,18,590,808,218,0.0010211375472276116,0.004356853534837809,829,953,124,2,4,3,2,6,283,295,95
401,0,0,1,1,0,0,0,1,1,0,0.0,0.0,1,1,0,-1,-1,-1,11,0,279,989,800
402,300,300,981,981,0,80,80,960,960,0,0.009088124170325743,0.009088124170325743,977,977,0,-1,3,3,5,62,647,70,979
403,22,124,731,949,218,28,28,835,835,0,0.0007147962830593281,0.00088498587426393,761,794,33,4,3,3,3,4,628,551,519
404,0,0,1,1,0,0,0,1,1,0,0.0,0.0,1,1,0,-1,-1,-1,4,0,453,966,633
405,0,0,1,1,0,0,0,1,1,0,0.0,0.0,1,1,0,-1,-1,-1,14,0,144,498,699
406,29,235,775,977,202,22,22,633,633,0,0.0007147962830593281,0.002723033459273631,754,910,156,3,4,4,5,10,557,296,102
407,23,125,768,957,189,10,10,528,528,0,0.0007147962830593281,0.0008169100377820892,763,779,16,4,4,4,3,10,693,195,697
408,6,108,460,935,475,9,12,468,491,23,0.0,0.000442492937131965,1,690,689,4,4,4,4,1,462,402,470
409,26,128,715,939,224,24,24,629,629,0,0.0002723033459273631,0.0002723033459273631,603,603,0,4,4,4,4,13,832,256,512
410,8,214,532,971,439,20,20,553,553,0,6.807583648184077e-05,0.001157289220191293,443,829,386,3,4,4,6,2,661,770,180
411,2,2,380,380,0,3,3,383,383,0,0.0,0.0,1,1,0,-1,5,5,2,3,821,578,932
412,29,29,808,808,0,18,18,803,803,0,0.0014636304843595766,0.0014636304843595766,861,861,0,-1,3,3,2,7,957,396,723
413,4,210,403,966,563,10,14,405,436,31,6.807583648184077e-05,0.0002042275094455223,445,561,116,3,5,4,5,2,818,430,149
414,0,0,1,1,0,0,0,1,1,0,0.0,0.0,1,1,0,-1,-1,-1,12,1,93,641,835
415,6,6,426,426,0,15,15,419,419,0,0.0,0.0,1,1,0,-1,4,4,8,1,270,593,806
416,8,8,495,495,0,26,26,503,503,0,0.00017018959120460194,0.00017018959120460194,543,543,0,-1,4,4,7,2,346,22,752
417,14,14,588,588,0,14,14,501,501,0,0.00013615167296368154,0.00013615167296368154,520,520,0,-1,4,4,3,3,634,353,515
418,4,210,483,979,496,6,12,426,569,143,0.00010211375472276115,0.0027911092957554717,494,925,431,3,5,4,4,3,860,585,76
419,2,104,364,931,567,4,5,366,383,17,3.4037918240920386e-05,0.00013615167296368154,411,520,109,4,5,5,3,2,842,509,491
420,0,206,1,959,958,0,21,1,458,457,0.0,0.00030634126416828345,1,628,627,3,-1,4,8,0,380,909,645
421,270,371,978,987,9,74,74,962,962,0,0.007147962830593281,0.007147962830593281,971,971,0,6,2,2,5,55,463,21,861
422,30,132,723,930,207,46,46,672,672,0,0.0002042275094455223,0.0002382654276864427,567,593,26,4,3,3,8,7,365,188,631
423,24,24,702,702,0,26,26,693,693,0,0.0002723033459273631,0.0002723033459273631,617,617,0,-1,3,3,4,4,632,233,987
424,18,18,641,641,0,44,44,742,742,0,0.0002723033459273631,0.0002723033459273631,613,613,0,-1,3,3,6,2,518,363,571
425,0,206,1,972,971,0,18,1,630,629,0.0,0.003778208924742163,1,941,940,3,-1,4,3,0,923,811,31
426,0,0,1,1,0,0,0,1,1,0,0.0,0.0,1,1,0,-1,-1,-1,2,0,788,672,254
427,144,350,933,981,48,100,100,948,948,0,0.0040845501889104465,0.004152626025392287,949,949,0,3,2,2,6,19,560,135,544
428,2,104,359,917,558,4,5,359,384,25,0.0,0.0002382654276864427,1,591,590,4,5,5,3,1,645,590,458
429,21,123,741,946,205,24,24,746,746,0,0.0006126825283365669,0.0008509479560230097,748,800,52,4,4,4,4,6,728,232,246
430,10,216,506,951,445,36,48,471,519,48,6.807583648184077e-05,0.0005786446100956465,444,714,270,3,4,4,12,3,143,248,480
431,6,6,386,386,0,46,46,429,429,0,6.807583648184077e-05,6.807583648184077e-05,446,446,0,-1,4,4,19,1,83,577,632
432,124,330,942,985,43,38,38,847,847,0,0.0035739814152966403,0.0038462847612240037,936,941,5,3,3,3,3,24,592,8,318
433,26,26,634,634,0,140,140,821,821,0,0.0007828721195411688,0.0007828721195411688,772,772,0,-1,3,3,15,6,37,490,828
434,26,232,692,965,273,32,36,561,603,42,0.00088498587426393,0.0016678579938050988,797,864,67,3,3,3,7,4,374,380,193
435,103,719,913,997,84,64,74,931,951,20,0.0026889955410327104,0.010858095918853602,913,985,72,2,2,2,5,15,284,53,6
436,0,102,1,925,924,0,5,1,383,382,0.0,0.00010211375472276115,1,490,489,4,-1,5,3,0,621,330,164
437,26,128,724,934,210,52,52,814,814,0,0.0007488342013002485,0.0008169100377820892,766,781,15,4,3,3,6,6,587,490,637
438,0,206,1,967,966,0,10,1,456,455,0.0,0.0009530617107457708,1,812,811,3,-1,4,3,3,687,854,146
439,22,124,746,951,205,22,22,792,792,0,0.0004765308553728854,0.0006807583648184077,694,755,61,4,3,3,2,2,970,827,212
440,3,105,511,980,469,3,4,466,560,94,0.0002042275094455223,0.0004084550188910446,605,695,90,4,5,5,2,3,955,121,791
441,0,1640,1,1000,999,0,65,1,782,781,0.0,0.012628067667381462,1,986,985,1,-1,2,8,0,297,802,264
442,0,102,1,918,917,0,6,1,365,364,0.0,0.0,1,1,0,4,-1,5,5,0,688,804,225
443,0,102,1,871,870,0,26,1,382,381,0.0,0.00017018959120460194,1,536,535,4,-1,5,16,0,151,834,785
444,6,622,388,991,603,41,92,432,608,176,6.807583648184077e-05,0.002927260968719153,442,920,478,2,4,3,17,1,39,555,48
445,0,206,1,966,965,0,18,1,572,571,0.0,0.0018720855032506212,1,885,884,3,-1,4,3,0,613,372,36
446,143,349,969,992,23,22,22,840,840,0,0.0032336022328874367,0.0035059055788147996,938,940,2,3,3,3,2,44,998,27,382
447,0,206,1,968,967,0,14,1,474,473,0.0,0.0004765308553728854,1,701,700,3,-1,4,5,0,386,678,154
448,12,12,625,625,0,14,14,589,589,0,0.0002382654276864427,0.0002382654276864427,596,596,0,-1,4,4,3,9,433,341,849
449,21,122,665,929,264,34,34,588,588,0,0.000442492937131965,0.000442492937131965,682,682,0,5,4,4,7,6,361,467,736
450,278,894,975,1000,25,122,122,952,952,0,0.0045270431260424114,0.005446066918547262,954,960,6,2,2,2,8,44,443,27,652
451,26,26,667,667,0,70,70,723,723,0,0.00017018959120460194,0.00017018959120460194,527,527,0,-1,3,3,10,4,272,557,794
452,22,124,769,961,192,9,9,534,534,0,0.0005105687736138058,0.0008169100377820892,718,798,80,4,4,4,3,8,984,521,336
453,48,48,799,799,0,46,46,677,677,0,0.0009870996289866913,0.0009870996289866913,797,797,0,-1,3,3,8,10,308,296,624
454,0,0,1,1,0,0,0,1,1,0,0.0,0.0,1,1,0,-1,-1,-1,17,0,71,992,974
455,25,127,770,952,182,22,22,784,784,0,0.0009530617107457708,0.0012594029749140542,810,846,36,4,3,3,2,4,596,267,246
456,33,239,737,970,233,52,52,730,730,0,0.0009530617107457708,0.003710133088260322,801,940,139,3,3,3,7,8,299,497,142
457,6,212,386,946,560,25,34,419,466,47,0.0,0.00030634126416828345,1,632,631,3,4,4,11,1,66,449,167
458,16,117,692,957,265,12,12,657,657,0,0.00037441710065012424,0.00037441710065012424,664,664,0,10,4,4,2,5,942,165,647
459,0,0,1,1,0,0,0,1,1,0,0.0,0.0,1,1,0,-1,-1,-1,13,1,120,650,546
460,0,616,1,986,985,0,88,1,608,607,0.0,0.00176997174852786,1,863,862,2,-1,3,17,0,94,674,122
461,24,24,739,739,0,30,30,759,759,0,0.00176997174852786,0.00176997174852786,868,868,0,-1,3,3,4,3,611,580,673
462,2,2,381,381,0,4,4,419,419,0,0.0,0.0,1,1,0,-1,5,5,2,1,897,878,488
463,21,122,757,955,198,14,14,631,631,0,0.0002382654276864427,0.0002382654276864427,609,609,0,5,4,4,3,6,916,494,862
464,0,101,1,883,882,0,12,1,332,331,0.0,0.0,1,1,0,5,-1,6,12,0,252,960,337
465,47,47,785,785,0,68,68,727,727,0,0.0005786446100956465,0.0005786446100956465,719,719,0,-1,3,3,10,8,355,90,948
466,72,72,844,844,0,74,74,767,767,0,0.0013955546478777359,0.0013955546478777359,847,847,0,-1,3,3,9,15,202,138,436
467,0,102,1,893,892,0,8,1,356,355,0.0,3.4037918240920386e-05,1,401,400,4,-1,5,7,0,331,772,265
468,0,102,1,925,924,0,7,1,398,397,0.0,0.00013615167296368154,1,515,514,4,-1,5,4,1,740,779,350
469,0,616,1,996,995,0,30,1,666,665,0.0,0.003880322679464924,1,950,949,2,-1,3,4,0,493,786,105
470,0,0,1,1,0,0,0,1,1,0,0.0,0.0,1,1,0,-1,-1,-1,8,0,270,928,833
471,0,616,1,990,989,0,122,1,674,673,0.0,0.002825147213996392,1,919,918,2,-1,3,19,0,89,974,26
472,11,113,573,916,343,24,24,636,636,0,0.0008509479560230097,0.0009870996289866913,800,815,15,4,4,4,4,5,759,355,617
473,6,6,434,434,0,17,17,514,514,0,0.00010211375472276115,0.00010211375472276115,485,485,0,-1,4,4,5,1,524,607,843
474,80,286,818,965,147,132,136,692,713,21,0.0006807583648184077,0.0020082371762143027,743,881,138,3,3,3,21,10,1,413,71
475,0,101,1,921,920,0,4,1,332,331,0.0,0.0,1,1,0,6,-1,7,4,0,559,665,671
476,6,212,378,942,564,49,54,422,435,13,0.0,0.00013615167296368154,1,497,496,3,4,4,21,1,54,577,337
477,0,206,1,972,971,0,16,1,561,560,0.0,0.0030293747234419145,1,925,924,3,-1,4,4,0,511,937,33
478,0,0,1,1,0,0,0,1,1,0,0.0,0.0,1,1,0,-1,-1,-1,17,0,56,774,792
479,1,102,332,960,628,2,2,332,332,0,0.0,0.0,1,1,0,7,6,6,2,3,997,676,374
480,14,115,596,933,337,18,18,605,605,0,0.0002382654276864427,0.0002723033459273631,585,597,12,5,4,4,3,4,927,622,298
481,0,101,1,889,888,0,10,1,332,331,0.0,0.0,1,1,0,5,-1,6,10,0,135,901,140
482,13,115,595,923,328,14,14,536,536,0,0.00010211375472276115,0.00010211375472276115,479,479,0,4,4,4,3,3,645,385,555
483,0,206,1,975,974,0,8,1,468,467,0.0,0.0009870996289866913,1,807,806,3,-1,4,2,0,966,276,67
484,29,131,798,959,161,22,22,794,794,0,0.0006807583648184077,0.00088498587426393,764,801,37,4,3,3,2,4,983,504,246
485,56,56,874,874,0,52,52,965,965,0,0.003165526396405596,0.003165526396405596,931,931,0,-1,2,2,3,9,670,293,751
486,32,32,798,798,0,30,30,796,796,0,0.0008509479560230097,0.0008509479560230097,789,789,0,-1,3,3,4,6,679,194,686
487,42,42,769,769,0,90,90,812,812,0,0.0011913271384322134,0.0011913271384322134,807,807,0,-1,3,3,10,7,169,630,709
488,0,0,1,1,0,0,0,1,1,0,0.0,0.0,1,1,0,-1,-1,-1,12,1,106,895,937
489,6,1646,399,1000,601,33,89,409,634,225,0.0,0.0057524081827155455,1,954,953,1,4,2,18,1,29,618,127
490,40,40,789,789,0,56,56,807,807,0,0.0030293747234419145,0.0030293747234419145,925,925,0,-1,2,2,7,2,482,648,706
491,5,106,482,945,463,3,3,373,373,0,3.4037918240920386e-05,3.4037918240920386e-05,400,400,0,8,5,5,2,3,992,572,972
492,0,206,1,962,961,0,18,1,511,510,0.0,0.0006126825283365669,1,738,737,3,-1,4,5,0,479,875,327
493,16,222,572,958,386,48,52,611,635,24,0.00030634126416828345,0.0005446066918547262,634,718,84,3,3,3,9,4,192,409,333
494,100,100,839,839,0,100,100,527,527,0,0.007658531604207087,0.007658531604207087,969,969,0,-1,1,1,23,5,15,178,744
495,29,29,663,663,0,84,84,655,655,0,0.0004765308553728854,0.0004765308553728854,687,687,0,-1,3,3,14,7,181,371,554
496,58,58,851,851,0,40,40,779,779,0,0.0020422750944552232,0.0020422750944552232,884,884,0,-1,3,3,5,14,534,68,400
497,0,206,1,979,978,0,12,1,693,692,0.0,0.0015317063208414173,1,870,869,3,-1,4,2,0,947,657,151
498,68,170,867,961,94,76,76,926,926,0,0.002927260968719153,0.0030634126416828346,914,918,4,4,2,2,6,6,373,377,223
499,6,212,458,971,513,14,22,505,622,117,3.4037918240920386e-05,0.0030974505599237552,402,929,527,3,4,4,5,1,685,862,28
500,6,212,402,955,553,25,46,424,547,123,0.00010211375472276115,0.00088498587426393,478,785,307,3,4,4,11,1,150,558,195
501,0,102,1,932,931,0,3,1,370,369,0.0,3.4037918240920386e-05,1,410,409,4,-1,5,2,0,931,940,463
502,30,646,774,998,224,30,40,784,883,99,0.0006467204465774873,0.0034037918240920387,734,925,191,2,3,3,4,5,696,178,206
503,0,0,1,1,0,0,0,1,1,0,0.0,0.0,1,1,0,-1,-1,-1,8,0,309,858,742
504,62,62,795,795,0,110,110,693,693,0,0.00037441710065012424,0.00037441710065012424,658,658,0,-1,3,3,17,9,73,154,664
505,6,212,429,971,542,26,30,586,644,58,0.00037441710065012424,0.0010892133837094523,662,819,157,3,4,4,5,1,247,474,377
506,0,206,1,951,950,0,42,1,555,554,0.0,0.0006807583648184077,1,746,745,3,-1,4,9,1,123,660,234
507,1,103,332,929,597,3,4,332,361,29,0.0,0.00010211375472276115,1,485,484,4,7,5,3,1,839,469,214
508,6,212,378,942,564,51,61,427,451,24,0.00010211375472276115,0.0002382654276864427,468,585,117,3,4,4,21,2,54,654,362
509,2,208,353,959,606,14,22,385,433,48,6.807583648184077e-05,0.000442492937131965,452,691,239,3,5,4,9,1,217,687,562
510,8,214,532,973,441,12,16,467,524,57,6.807583648184077e-05,0.0006126825283365669,457,737,280,3,4,4,4,2,690,599,242
511,148,249,947,976,29,68,68,955,955,0,0.004356853534837809,0.00439089145307873,949,949,0,5,2,2,4,21,623,123,512
512,6,212,461,973,512,10,14,494,551,57,6.807583648184077e-05,0.0013955546478777359,459,852,393,3,4,4,3,3,842,410,158
513,19,120,694,949,255,18,18,705,705,0,0.0004084550188910446,0.000442492937131965,681,697,16,5,4,4,3,5,710,591,578
514,6,6,399,399,0,40,40,441,441,0,3.4037918240920386e-05,3.4037918240920386e-05,393,393,0,-1,4,4,18,1,29,152,983
515,1,102,332,941,609,2,2,332,332,0,0.0,0.0,1,1,0,5,6,6,2,1,713,893,597
516,14,220,509,950,441,78,78,563,563,0,0.00013615167296368154,0.00037441710065012424,512,652,140,3,4,4,17,3,10,347,199
517,23,124,712,946,234,30,30,735,735,0,0.00013615167296368154,0.0002042275094455223,514,558,44,5,3,3,4,4,424,339,964
518,105,105,886,886,0,138,138,874,874,0,0.0013615167296368155,0.0013615167296368155,848,848,0,-1,2,2,13,12,97,99,502
519,22,22,661,661,0,50,50,687,687,0,0.0002723033459273631,0.0002723033459273631,607,607,0,-1,3,3,8,3,325,263,824
520,0,0,1,1,0,0,0,1,1,0,0.0,0.0,1,1,0,-1,-1,-1,4,0,631,867,725
521,14,1654,572,1000,428,36,112,554,933,379,0.00017018959120460194,0.020933319718166036,549,993,444,1,4,2,8,4,225,567,37
522,41,143,910,982,72,12,12,808,808,0,0.0014636304843595766,0.002552843868069029,873,925,52,4,4,4,2,19,978,144,174
523,45,45,886,886,0,24,24,874,874,0,0.0009870996289866913,0.0009870996289866913,817,817,0,-1,3,3,3,19,915,184,715
524,0,101,1,913,912,0,5,1,332,331,0.0,0.0,1,1,0,5,-1,6,5,1,290,705,321
525,28,28,786,786,0,24,24,779,779,0,0.0010211375472276116,0.0010211375472276116,811,811,0,-1,3,3,3,4,639,281,921
526,53,669,802,994,192,74,84,741,768,27,0.0011232513019503727,0.00439089145307873,822,953,131,2,3,3,9,8,159,177,51
527,0,101,1,917,916,0,4,1,332,331,0.0,0.0,1,1,0,6,-1,7,4,0,460,839,357
528,0,206,1,965,964,0,26,1,556,555,0.0,0.001157289220191293,1,817,816,3,-1,4,7,0,482,822,277
529,6,108,388,880,492,29,29,399,399,0,3.4037918240920386e-05,0.00013615167296368154,390,499,109,4,4,4,15,2,49,679,931
530,0,0,1,1,0,0,0,1,1,0,0.0,0.0,1,1,0,-1,-1,-1,36,0,16,907,784
531,0,0,1,1,0,0,0,1,1,0,0.0,0.0,1,1,0,-1,-1,-1,17,0,6,989,850
532,0,616,1,998,997,0,52,1,901,900,0.0,0.008101024541339052,1,972,971,2,-1,3,5,2,570,431,28
533,28,28,683,683,0,74,74,784,784,0,0.0005786446100956465,0.0005786446100956465,723,723,0,-1,3,3,8,4,303,326,651
534,0,102,1,914,913,0,11,1,409,408,0.0,0.0002382654276864427,1,600,599,4,-1,5,6,0,322,836,501
535,0,0,1,1,0,0,0,1,1,0,0.0,0.0,1,1,0,-1,-1,-1,8,0,488,864,965
536,0,0,1,1,0,0,0,1,1,0,0.0,0.0,1,1,0,-1,-1,-1,2,0,618,614,881
537,0,102,1,889,888,0,11,1,382,381,0.0,6.807583648184077e-05,1,448,447,4,-1,5,7,0,447,877,670
538,0,616,1,998,997,0,22,1,689,688,0.0,0.002484768031587188,1,908,907,2,-1,3,4,0,313,201,150
539,0,102,1,907,906,0,10,1,366,365,0.0,3.4037918240920386e-05,1,404,403,4,-1,5,8,0,286,699,410
540,124,124,938,938,0,48,48,929,929,0,0.002825147213996392,0.002825147213996392,916,916,0,-1,3,3,3,20,900,43,913
541,66,66,879,879,0,40,40,836,836,0,0.0014636304843595766,0.0014636304843595766,851,851,0,-1,3,3,5,16,695,113,962
542,0,206,1,976,975,0,10,1,514,513,0.0,0.0013955546478777359,1,859,858,3,-1,4,3,0,732,254,95
543,0,616,1,998,997,0,26,1,736,735,0.0,0.0020763130126961434,1,889,888,2,-1,3,4,0,650,850,281
544,6,212,425,960,535,30,34,503,529,26,0.00017018959120460194,0.0006467204465774873,548,741,193,3,4,4,9,4,119,409,390
545,0,206,1,954,953,0,22,1,443,442,0.0,0.0004084550188910446,1,664,663,3,-1,4,9,0,178,989,333
546,84,186,833,927,94,238,238,915,915,0,0.0020082371762143027,0.0022465026039007454,885,895,10,4,2,2,19,8,46,174,722
547,151,151,914,914,0,162,162,883,883,0,0.0015657442390823377,0.0015657442390823377,854,854,0,-1,3,3,16,22,72,116,746
548,0,206,1,968,967,0,24,1,688,687,0.0,0.0026889955410327104,1,915,914,3,-1,4,4,0,740,455,65
549,81,182,824,926,102,116,116,669,669,0,0.0005786446100956465,0.0005786446100956465,713,713,0,6,3,3,19,12,36,159,582
550,106,106,950,950,0,32,32,926,926,0,0.002927260968719153,0.002927260968719153,921,921,0,-1,3,3,2,20,986,95,843
551,2,2,378,378,0,3,3,331,331,0,6.807583648184077e-05,6.807583648184077e-05,463,463,0,-1,6,6,3,2,871,547,776
552,52,52,760,760,0,118,118,750,750,0,0.0005446066918547262,0.0005446066918547262,709,709,0,-1,3,3,15,6,49,192,446
553,0,102,1,935,934,0,4,1,381,380,0.0,3.4037918240920386e-05,1,412,411,4,-1,5,3,0,530,902,334
554,0,206,1,973,972,0,18,1,614,613,0.0,0.0042547397801150485,1,946,945,3,-1,4,3,0,592,520,32
555,0,101,1,900,899,0,8,1,332,331,0.0,0.0,1,1,0,5,-1,6,8,0,282,881,374
556,0,0,1,1,0,0,0,1,1,0,0.0,0.0,1,1,0,-1,-1,-1,19,0,48,858,674
557,0,101,1,914,913,0,4,1,331,330,0.0,3.4037918240920386e-05,1,402,401,5,-1,6,4,0,401,446,601
558,8,214,527,970,443,10,14,468,554,86,0.00013615167296368154,0.0013955546478777359,523,851,328,3,4,4,3,2,839,576,67
559,0,0,1,1,0,0,0,1,1,0,0.0,0.0,1,1,0,-1,-1,-1,4,0,706,800,902
560,6,622,430,996,566,20,30,560,701,141,0.00013615167296368154,0.0026889955410327104,520,912,392,2,4,3,4,1,235,661,171
561,0,101,1,912,911,0,6,1,330,329,0.0,0.0,1,1,0,5,-1,6,6,0,515,997,593
562,0,0,1,1,0,0,0,1,1,0,0.0,0.0,1,1,0,-1,-1,-1,5,0,565,758,702
563,0,206,1,967,966,0,20,1,531,530,0.0,0.0017018959120460194,1,867,866,3,-1,4,4,0,385,816,153
564,6,108,400,895,495,28,28,466,466,0,0.00010211375472276115,0.0002382654276864427,484,593,109,4,4,4,10,1,204,594,371
565,0,101,1,912,911,0,5,1,332,331,0.0,3.4037918240920386e-05,1,399,398,5,-1,6,5,1,524,706,679
566,0,101,1,911,910,0,6,1,332,331,0.0,0.00010211375472276115,1,483,482,5,-1,6,6,0,764,993,799
567,6,212,420,961,541,30,38,543,608,65,0.00013615167296368154,0.0018040096667687805,516,877,361,3,4,4,7,1,340,797,141
568,16,16,549,549,0,116,116,748,748,0,0.00034037918240920387,0.00034037918240920387,635,635,0,-1,3,3,15,1,32,474,428
569,6,6,479,479,0,12,12,604,604,0,0.00030634126416828345,0.00030634126416828345,652,652,0,-1,4,4,2,1,761,810,608
570,0,206,1,960,959,0,28,1,531,530,0.0,0.0012934408931549745,1,839,838,3,-1,4,8,0,521,457,171
571,73,175,921,978,57,22,22,859,859,0,0.002757071377514551,0.003710133088260322,926,943,17,4,3,3,2,14,792,84,183
572,2,103,365,925,560,5,5,366,366,0,6.807583648184077e-05,6.807583648184077e-05,454,454,0,5,5,5,4,1,475,717,601
573,0,101,1,888,887,0,11,1,332,331,0.0,0.0,1,1,0,5,-1,6,11,0,379,954,734
574,44,146,851,960,109,24,24,789,789,0,0.0007828721195411688,0.0013955546478777359,787,860,73,4,3,3,3,6,800,377,143
575,18,18,625,625,0,62,62,786,786,0,0.0005105687736138058,0.0005105687736138058,701,701,0,-1,3,3,7,2,525,700,629
576,2,2,355,355,0,7,7,357,357,0,0.0,0.0,1,1,0,-1,5,5,6,1,353,437,669
577,9,209,580,970,390,16,16,566,566,0,0.00030634126416828345,0.001940161339732462,643,886,243,3,4,4,4,4,728,479,61
578,0,101,1,925,924,0,3,1,330,329,0.0,0.0,1,1,0,5,-1,6,3,0,583,388,764
579,0,0,1,1,0,0,0,1,1,0,0.0,0.0,1,1,0,-1,-1,-1,2,1,896,693,515
580,2,104,370,943,573,4,4,400,400,0,0.0,0.0002382654276864427,1,612,611,4,5,5,2,2,761,885,354
581,43,249,787,971,184,68,68,815,815,0,0.0010211375472276116,0.002212464685659825,801,896,95,3,3,3,8,8,146,497,91
582,17,118,745,966,221,22,22,874,874,0,0.0006467204465774873,0.0006467204465774873,749,749,0,6,3,3,2,2,666,101,292
583,17,223,681,978,297,24,24,754,754,0,0.0004765308553728854,0.0015317063208414173,710,854,144,3,3,3,3,2,579,408,255
584,68,169,903,975,72,12,12,623,623,0,0.0018720855032506212,0.0018720855032506212,878,878,0,8,4,4,2,20,928,109,703
585,77,178,891,965,74,38,38,866,866,0,0.0016678579938050988,0.0016678579938050988,872,872,0,5,3,3,3,18,900,148,590
586,40,40,796,796,0,54,54,891,891,0,0.00176997174852786,0.00176997174852786,870,870,0,-1,3,3,4,7,453,630,974
587,43,144,809,948,139,52,52,943,943,0,0.0015317063208414173,0.0015657442390823377,864,866,2,5,2,2,3,3,703,222,755
588,0,102,1,920,919,0,8,1,413,412,0.0,0.00030634126416828345,1,633,632,4,-1,5,4,0,758,548,125
589,0,0,1,1,0,0,0,1,1,0,0.0,0.0,1,1,0,-1,-1,-1,35,0,20,914,651
590,6,108,468,941,473,12,12,612,612,0,0.0002723033459273631,0.00037441710065012424,619,669,50,4,4,4,2,1,849,168,149
591,14,220,581,961,380,50,50,659,659,0,0.00034037918240920387,0.0006126825283365669,646,727,81,3,4,4,9,6,289,247,525
592,1,103,332,948,616,3,6,332,455,123,0.0,0.001599782157323258,1,882,881,4,6,5,3,1,608,861,38
593,42,143,833,960,127,38,38,888,888,0,0.0013955546478777359,0.0013955546478777359,864,864,0,7,3,3,3,13,958,255,663
594,6,212,446,969,523,12,20,471,559,88,6.807583648184077e-05,0.0010892133837094523,442,823,381,3,4,4,4,1,762,555,79
595,12,114,522,907,385,34,34,533,533,0,6.807583648184077e-05,0.00017018959120460194,446,529,83,4,4,4,9,2,422,425,805
596,29,131,790,956,166,12,12,658,658,0,0.0011913271384322134,0.001497668402600497,827,856,29,4,4,4,2,11,705,118,741
597,48,48,809,809,0,52,52,707,707,0,0.0006807583648184077,0.0006807583648184077,757,757,0,-1,3,3,7,9,417,414,997
598,49,49,856,856,0,24,24,747,747,0,0.0017359338302869397,0.0017359338302869397,869,869,0,-1,4,4,4,17,553,85,513
599,4,106,411,900,489,14,14,401,401,0,6.807583648184077e-05,0.00010211375472276115,447,475,28,4,5,5,8,3,380,411,799
600,0,102,1,921,920,0,7,1,402,401,0.0,0.00017018959120460194,1,559,558,4,-1,5,4,1,885,779,628
601,32,32,757,757,0,30,30,699,699,0,0.000442492937131965,0.000442492937131965,690,690,0,-1,3,3,4,8,354,521,858
602,0,206,1,970,969,0,12,1,444,443,0.0,0.00037441710065012424,1,658,657,3,-1,4,4,0,671,848,291
603,0,0,1,1,0,0,0,1,1,0,0.0,0.0,1,1,0,-1,-1,-1,9,0,250,944,802
604,0,0,1,1,0,0,0,1,1,0,0.0,0.0,1,1,0,-1,-1,-1,33,0,9,712,948
605,2,104,380,946,566,6,6,441,441,0,0.0,0.0002723033459273631,1,615,614,4,5,5,3,1,654,756,256
606,2,104,370,939,569,3,3,372,372,0,6.807583648184077e-05,0.00030634126416828345,457,639,182,4,5,5,2,1,939,601,328
607,0,0,1,1,0,0,0,1,1,0,0.0,0.0,1,1,0,-1,-1,-1,3,0,899,569,538
608,1,617,333,993,660,12,62,333,621,288,0.0,0.0026889955410327104,1,910,909,2,6,3,12,1,194,703,142
609,90,191,897,964,67,54,54,926,926,0,0.0028932230504782326,0.0028932230504782326,913,913,0,5,3,3,4,17,520,85,676
610,2,104,363,938,575,4,4,397,397,0,0.00010211375472276115,0.0005446066918547262,480,719,239,4,5,5,2,1,954,238,125
611,0,102,1,964,963,0,4,1,384,383,0.0,0.0002382654276864427,1,590,589,4,-1,5,3,0,786,774,395
612,0,0,1,1,0,0,0,1,1,0,0.0,0.0,1,1,0,-1,-1,-1,4,0,652,673,995
613,351,557,980,991,11,126,126,979,979,0,0.008271214132543654,0.00891793457912114,977,979,2,3,2,2,7,49,346,31,295
614,2,208,370,980,610,3,7,371,493,122,0.00013615167296368154,0.00030634126416828345,534,657,123,3,5,4,2,1,283,537,86
615,18,224,638,970,332,21,26,623,680,57,0.0005446066918547262,0.0011232513019503727,718,821,103,3,3,3,4,3,391,196,306
616,0,102,1,941,940,0,8,1,455,454,0.0,0.00010211375472276115,1,489,488,4,-1,5,4,0,789,757,346
617,58,264,807,966,159,108,108,856,856,0,0.0012934408931549745,0.00176997174852786,821,880,59,3,2,2,9,5,101,306,120
618,17,223,602,955,353,82,82,740,740,0,0.0007488342013002485,0.0012934408931549745,761,833,72,3,3,3,11,3,230,299,296
619,1,1,332,332,0,2,2,332,332,0,3.4037918240920386e-05,3.4037918240920386e-05,407,407,0,-1,6,6,2,1,751,781,707
620,44,146,795,934,139,62,62,777,777,0,0.001599782157323258,0.001599782157323258,860,860,0,4,3,3,7,7,466,218,290
621,6,212,417,963,546,20,28,465,545,80,3.4037918240920386e-05,0.0018720855032506212,397,881,484,3,4,4,6,2,432,342,91
622,2,104,375,938,563,3,4,377,435,58,0.0,0.0017359338302869397,1,884,883,4,5,5,2,1,906,964,111
623,155,256,965,981,16,62,62,979,979,0,0.006977773239388679,0.007011811157629599,969,970,1,5,2,2,3,30,699,39,552
624,0,0,1,1,0,0,0,1,1,0,0.0,0.0,1,1,0,-1,-1,-1,16,0,50,905,945
625,0,101,1,956,955,0,3,1,331,330,0.0,3.4037918240920386e-05,1,398,397,5,-1,6,3,2,922,633,623
626,8,8,553,553,0,14,14,603,603,0,0.0002723033459273631,0.0002723033459273631,626,626,0,-1,4,4,3,2,857,791,852
627,0,206,1,936,935,0,36,1,392,391,0.0,0.0002723033459273631,1,607,606,3,-1,4,19,0,35,808,447
628,19,121,707,946,239,18,18,681,681,0,0.0002382654276864427,0.0006807583648184077,585,753,168,4,4,4,3,5,288,178,143
629,7,623,493,995,502,20,46,467,672,205,0.0,0.004969536063174376,1,957,956,2,4,3,6,5,157,225,30
630,21,123,694,930,236,34,34,752,752,0,0.0007488342013002485,0.0009870996289866913,775,808,33,4,3,3,4,5,512,355,700
631,2,104,395,968,573,2,4,331,469,138,3.4037918240920386e-05,0.00030634126416828345,412,654,242,4,6,5,2,3,866,761,475
632,0,0,1,1,0,0,0,1,1,0,0.0,0.0,1,1,0,-1,-1,-1,2,0,954,932,669
633,18,18,682,682,0,24,24,681,681,0,0.00030634126416828345,0.00030634126416828345,629,629,0,-1,4,4,4,6,617,494,957
634,152,358,944,982,38,66,66,885,885,0,0.002552843868069029,0.003778208924742163,910,941,31,3,3,3,6,28,587,44,59
635,97,199,898,965,67,66,66,865,865,0,0.0022465026039007454,0.0025188059498281084,895,905,10,4,3,3,6,23,266,122,194
636,0,0,1,1,0,0,0,1,1,0,0.0,0.0,1,1,0,-1,-1,-1,2,0,999,839,880
637,106,207,966,986,20,28,28,931,931,0,0.004356853534837809,0.00442492937131965,953,953,0,5,3,3,3,29,812,17,182
638,19,225,692,974,282,20,24,547,596,49,0.0002382654276864427,0.0011913271384322134,601,827,226,3,4,4,6,4,529,86,438
639,15,221,660,975,315,16,16,582,582,0,0.00034037918240920387,0.0025188059498281084,651,907,256,3,4,4,4,4,772,645,135
640,0,206,1,978,977,0,8,1,512,511,0.0,0.0006807583648184077,1,768,767,3,-1,4,2,0,757,675,327
641,2,103,351,882,531,11,11,351,351,0,3.4037918240920386e-05,3.4037918240920386e-05,401,401,0,6,5,5,10,3,99,484,344
642,30,30,813,813,0,22,22,820,820,0,0.0005105687736138058,0.0005105687736138058,714,714,0,-1,3,3,2,6,896,381,974
643,0,102,1,934,933,0,6,1,440,439,0.0,6.807583648184077e-05,1,451,450,4,-1,5,3,0,716,984,247
644,22,22,614,614,0,52,52,603,603,0,0.0005446066918547262,0.0005446066918547262,704,704,0,-1,3,3,9,3,101,121,772
645,0,101,1,889,888,0,8,1,332,331,0.0,0.0,1,1,0,7,-1,8,8,0,197,823,972
646,0,0,1,1,0,0,0,1,1,0,0.0,0.0,1,1,0,-1,-1,-1,2,0,889,813,565
647,0,102,1,946,945,0,3,1,372,371,0.0,0.00013615167296368154,1,515,514,4,-1,5,2,0,618,728,487
648,204,410,954,982,28,140,140,924,924,0,0.0042547397801150485,0.005071649817897137,945,958,13,3,3,3,10,28,105,41,261
649,32,32,707,707,0,70,70,692,692,0,0.00030634126416828345,0.00030634126416828345,625,625,0,-1,3,3,10,5,189,182,348
650,11,217,634,979,345,12,16,522,588,66,0.0002042275094455223,0.0010211375472276116,570,811,241,3,4,4,4,5,789,350,415
651,0,0,1,1,0,0,0,1,1,0,0.0,0.0,1,1,0,-1,-1,-1,8,0,357,946,729
652,6,6,375,375,0,37,37,402,402,0,0.0,0.0,1,1,0,-1,4,4,19,1,36,618,913
653,0,102,1,967,966,0,3,1,396,395,0.0,0.0005105687736138058,1,726,725,4,-1,5,2,1,933,806,184
654,8,214,501,959,458,24,32,515,610,95,0.0002723033459273631,0.0007828721195411688,603,768,165,3,4,4,6,2,630,408,413
655,6,108,429,925,496,14,14,462,462,0,0.00010211375472276115,0.0002723033459273631,482,614,132,4,4,4,5,1,561,594,156
656,0,0,1,1,0,0,0,1,1,0,0.0,0.0,1,1,0,-1,-1,-1,9,0,276,564,754
657,18,120,663,935,272,20,20,593,593,0,0.0004765308553728854,0.0005105687736138058,702,714,12,4,4,4,4,7,280,170,609
658,214,830,943,996,53,244,254,891,903,12,0.0028932230504782326,0.005514142755029102,913,951,38,2,3,3,23,26,30,108,75
659,73,174,925,977,52,18,18,738,738,0,0.0019061234214915416,0.0019741992579733825,895,900,5,5,4,4,3,26,850,127,309
660,49,151,797,927,130,84,84,798,798,0,0.0007147962830593281,0.0007488342013002485,756,764,8,4,3,3,9,11,277,118,596
661,6,6,537,537,0,8,8,572,572,0,0.00010211375472276115,0.00010211375472276115,495,495,0,-1,4,4,2,4,996,409,875
662,2,208,357,970,613,6,13,358,444,86,3.4037918240920386e-05,0.00017018959120460194,396,540,144,3,5,4,5,1,247,540,655
663,28,130,790,958,168,12,12,616,616,0,0.0013274788113958951,0.0014295925661186562,857,862,5,4,4,4,2,6,804,397,298
664,0,102,1,939,938,0,4,1,404,403,0.0,0.0002042275094455223,1,583,582,4,-1,5,2,2,976,775,770
665,70,276,793,962,169,138,146,724,734,10,0.0007147962830593281,0.002144388849177984,746,885,139,3,2,2,19,7,11,303,180
666,26,232,741,973,232,26,30,641,693,52,0.0002382654276864427,0.004220701861874128,605,945,340,3,4,4,5,7,538,253,34
667,111,111,904,904,0,78,78,801,801,0,0.0017359338302869397,0.0017359338302869397,875,875,0,-1,3,3,8,21,231,157,568
668,6,6,498,498,0,12,12,657,657,0,0.0005105687736138058,0.0005105687736138058,713,713,0,-1,4,4,2,1,942,759,664
669,925,925,998,998,0,208,208,1000,1000,0,0.01834643793185609,0.01834643793185609,991,991,0,-1,2,2,7,127,466,11,638
670,2,208,368,974,606,6,10,409,474,65,6.807583648184077e-05,6.807583648184077e-05,447,447,0,3,5,4,3,3,651,309,870
671,18,224,694,976,282,24,24,730,730,0,0.000442492937131965,0.0013615167296368155,690,844,154,3,4,4,4,9,772,145,83
672,96,96,906,906,0,28,28,737,737,0,0.0015317063208414173,0.0015317063208414173,865,865,0,-1,3,3,3,18,737,64,992
673,2,2,363,363,0,8,8,450,450,0,3.4037918240920386e-05,3.4037918240920386e-05,401,401,0,-1,5,5,4,2,682,313,429
674,0,102,1,930,929,0,4,1,361,360,0.0,0.00010211375472276115,1,493,492,4,-1,5,3,1,833,841,718
675,0,0,1,1,0,0,0,1,1,0,0.0,0.0,1,1,0,-1,-1,-1,2,0,799,940,813
676,138,754,899,995,96,240,250,902,914,12,0.001599782157323258,0.004016474352428605,863,940,77,2,2,2,21,13,3,335,397
677,6,108,518,955,437,12,12,664,664,0,0.00030634126416828345,0.0005786446100956465,656,744,88,4,4,4,2,1,781,80,362
678,0,0,1,1,0,0,0,1,1,0,0.0,0.0,1,1,0,-1,-1,-1,3,0,833,801,886
679,3,3,448,448,0,6,6,429,429,0,0.0,0.0,1,1,0,-1,5,5,3,2,835,364,696
680,34,136,802,950,148,26,26,743,743,0,0.0008509479560230097,0.001599782157323258,792,871,79,4,3,3,4,8,824,186,92
681,0,102,1,906,905,0,8,1,402,401,0.0,0.0002382654276864427,1,594,593,4,-1,5,4,0,638,839,354
682,270,886,968,997,29,216,216,928,928,0,0.003914360597705844,0.0048674223084516155,942,954,12,2,2,2,17,30,23,75,287
683,18,119,672,938,266,34,34,787,787,0,0.0006126825283365669,0.0006126825283365669,743,743,0,9,3,3,4,2,458,634,647
684,0,102,1,938,937,0,4,1,435,434,0.0,0.0005446066918547262,1,724,723,4,-1,5,2,1,906,428,186
685,0,206,1,943,942,0,34,1,412,411,0.0,0.0002382654276864427,1,592,591,3,-1,4,16,0,195,620,170
686,0,102,1,899,898,0,10,1,400,399,0.0,0.00017018959120460194,1,536,535,4,-1,5,5,0,426,960,301
687,0,0,1,1,0,0,0,1,1,0,0.0,0.0,1,1,0,-1,-1,-1,9,0,213,850,388
688,5,107,502,950,448,4,4,424,424,0,3.4037918240920386e-05,0.0002382654276864427,400,610,210,4,5,5,2,3,548,385,90
689,4,620,483,1000,517,4,22,455,868,413,0.00017018959120460194,0.009836958371625992,561,983,422,2,5,3,2,4,889,287,10
690,2,208,358,957,599,17,24,393,449,56,0.0,0.00030634126416828345,1,635,634,3,5,4,10,1,293,606,480
691,0,0,1,1,0,0,0,1,1,0,0.0,0.0,1,1,0,-1,-1,-1,2,0,957,823,513
692,0,0,1,1,0,0,0,1,1,0,0.0,0.0,1,1,0,-1,-1,-1,4,1,384,948,892
693,24,24,690,690,0,44,44,697,697,0,0.0002723033459273631,0.0002723033459273631,616,616,0,-1,3,3,7,3,207,280,693
694,16,222,563,958,395,70,70,710,710,0,0.0006807583648184077,0.0009530617107457708,747,796,49,3,3,3,10,2,99,160,432
695,9,110,628,956,328,8,8,551,551,0,6.807583648184077e-05,6.807583648184077e-05,472,472,0,6,4,4,2,3,914,369,374
696,0,102,1,917,916,0,7,1,384,383,0.0,0.00017018959120460194,1,543,542,4,-1,5,5,0,720,782,239
697,0,0,1,1,0,0,0,1,1,0,0.0,0.0,1,1,0,-1,-1,-1,16,0,53,702,971
698,22,22,729,729,0,18,18,766,766,0,0.0005446066918547262,0.0005446066918547262,725,725,0,-1,3,3,2,5,926,274,872
699,20,20,653,653,0,36,36,594,594,0,0.00030634126416828345,0.00030634126416828345,616,616,0,-1,4,4,8,6,521,381,773
700,2,2,362,362,0,6,6,422,422,0,0.00010211375472276115,0.00010211375472276115,484,484,0,-1,5,5,3,1,814,420,821
701,0,616,1,997,996,0,38,1,830,829,0.0,0.006262976956329351,1,970,969,2,-1,3,3,0,680,894,30
702,0,0,1,1,0,0,0,1,1,0,0.0,0.0,1,1,0,-1,-1,-1,2,0,750,923,813
703,0,206,1,943,942,0,52,1,506,505,0.0,0.00088498587426393,1,775,774,3,-1,4,16,0,72,624,397
704,0,206,1,952,951,0,44,1,564,563,0.0,0.0012253650566731338,1,827,826,3,-1,4,10,0,254,798,129
705,0,0,1,1,0,0,0,1,1,0,0.0,0.0,1,1,0,-1,-1,-1,7,0,342,614,784
706,28,130,688,911,223,54,54,682,682,0,0.0005786446100956465,0.0007147962830593281,717,746,29,4,3,3,8,4,236,326,491
707,0,0,1,1,0,0,0,1,1,0,0.0,0.0,1,1,0,-1,-1,-1,15,0,40,872,787
708,2,2,346,346,0,31,31,393,393,0,3.4037918240920386e-05,3.4037918240920386e-05,393,393,0,-1,5,5,17,1,23,837,816
709,6,6,412,412,0,44,44,630,630,0,0.0004765308553728854,0.0004765308553728854,693,693,0,-1,4,4,8,1,334,168,754
710,0,101,1,943,942,0,2,1,329,328,0.0,6.807583648184077e-05,1,449,448,5,-1,6,2,0,947,956,196
711,18,120,634,919,285,37,37,600,600,0,0.0005786446100956465,0.0007828721195411688,731,774,43,4,3,3,8,3,301,585,362
712,1,618,332,1000,668,2,18,332,822,490,0.0,0.00445896728956057,1,953,952,2,6,3,2,4,548,595,43
713,1,207,331,974,643,4,11,331,473,142,0.0,0.00088498587426393,1,788,787,3,6,4,4,1,777,621,386
714,7,109,560,948,388,6,6,482,482,0,0.0002042275094455223,0.0005446066918547262,587,725,138,4,5,5,3,4,916,504,516
715,77,283,891,982,91,38,38,870,870,0,0.0019741992579733825,0.002484768031587188,892,910,18,3,3,3,3,14,672,84,312
716,6,622,435,995,560,14,32,464,680,216,3.4037918240920386e-05,0.0026889955410327104,407,904,497,2,4,3,5,2,396,575,177
717,0,0,1,1,0,0,0,1,1,0,0.0,0.0,1,1,0,-1,-1,-1,7,0,372,843,633
718,1,102,333,882,549,10,10,333,333,0,0.0,0.0,1,1,0,5,6,6,10,4,285,595,603
719,18,18,704,704,0,12,12,675,675,0,0.0006807583648184077,0.0006807583648184077,766,766,0,-1,4,4,2,5,757,273,798
720,33,33,850,850,0,8,8,599,599,0,0.0012253650566731338,0.0012253650566731338,847,847,0,-1,4,4,2,18,981,54,564
721,32,32,714,714,0,70,70,754,754,0,0.0005786446100956465,0.0005786446100956465,717,717,0,-1,3,3,9,3,330,610,783
722,0,206,1,949,948,0,40,1,438,437,0.0,0.00013615167296368154,1,515,514,3,-1,4,16,0,26,908,259
723,146,146,906,906,0,236,236,859,859,0,0.0017359338302869397,0.0017359338302869397,870,870,0,-1,2,2,22,11,18,166,811
724,0,0,1,1,0,0,0,1,1,0,0.0,0.0,1,1,0,-1,-1,-1,4,1,822,948,205
725,16,117,691,954,263,20,20,797,797,0,0.0004765308553728854,0.0004765308553728854,709,709,0,5,3,3,3,1,867,420,238
726,16,632,506,993,487,83,146,551,759,208,0.00010211375472276115,0.003437829742332959,476,931,455,2,3,3,19,2,36,691,28
727,2,104,364,930,566,4,4,406,406,0,0.0002042275094455223,0.0002382654276864427,580,604,24,4,5,5,2,2,750,670,797
728,0,0,1,1,0,0,0,1,1,0,0.0,0.0,1,1,0,-1,-1,-1,19,0,83,959,845
729,52,258,822,973,151,42,42,699,699,0,0.0012253650566731338,0.001497668402600497,835,854,19,3,3,3,6,13,470,120,525
730,7,109,539,935,396,18,18,669,669,0,0.00017018959120460194,0.00037441710065012424,550,670,120,4,4,4,3,2,861,323,252
731,62,62,803,803,0,108,108,748,748,0,0.0008509479560230097,0.0008509479560230097,767,767,0,-1,2,2,15,8,124,286,686
732,2,104,348,880,532,18,23,348,366,18,0.0,6.807583648184077e-05,1,446,445,4,5,5,17,1,63,621,661
733,6,212,409,962,553,20,34,422,532,110,3.4037918240920386e-05,0.0010211375472276116,400,813,413,3,4,4,9,3,422,578,64
734,0,0,1,1,0,0,0,1,1,0,0.0,0.0,1,1,0,-1,-1,-1,24,0,28,790,955
735,162,264,953,982,29,80,80,960,960,0,0.005548180673270023,0.005582218591510943,959,959,0,4,3,3,5,31,452,126,419
736,0,206,1,929,928,0,45,1,363,362,0.0,6.807583648184077e-05,1,441,440,3,-1,4,36,0,16,356,555
737,42,144,779,935,156,60,60,783,783,0,0.0011913271384322134,0.0012934408931549745,821,838,17,4,3,3,8,6,541,397,266
738,36,236,861,988,127,18,18,785,785,0,0.001497668402600497,0.0020422750944552232,863,896,33,3,4,4,3,12,730,163,165
739,0,0,1,1,0,0,0,1,1,0,0.0,0.0,1,1,0,-1,-1,-1,2,1,817,828,918
740,0,0,1,1,0,0,0,1,1,0,0.0,0.0,1,1,0,-1,-1,-1,8,0,225,698,855
741,6,108,438,924,486,20,20,573,573,0,0.00013615167296368154,0.0004765308553728854,521,704,183,4,4,4,4,1,736,553,328
742,29,29,638,638,0,88,88,518,518,0,0.0004084550188910446,0.0004084550188910446,653,653,0,-1,3,3,23,6,43,459,725
743,0,206,1,976,975,0,20,1,669,668,0.0,0.004969536063174376,1,960,959,3,-1,4,4,0,553,940,12
744,0,102,1,962,961,0,4,1,469,468,0.0,0.001157289220191293,1,837,836,4,-1,5,2,0,788,983,112
745,6,6,420,420,0,12,12,430,430,0,3.4037918240920386e-05,3.4037918240920386e-05,392,392,0,-1,4,4,4,1,493,878,766
746,24,126,755,950,195,12,12,608,608,0,0.00034037918240920387,0.0007147962830593281,657,769,112,4,4,4,2,13,931,256,439
747,6,6,448,448,0,10,10,461,461,0,6.807583648184077e-05,6.807583648184077e-05,451,451,0,-1,4,4,3,2,801,670,812
748,0,102,1,945,944,0,4,1,377,376,0.0,0.00017018959120460194,1,557,556,4,-1,5,3,0,485,517,487
749,3,105,467,962,495,3,3,404,404,0,3.4037918240920386e-05,0.00017018959120460194,403,565,162,4,5,5,2,2,481,749,369
750,449,449,985,985,0,188,188,987,987,0,0.00878178290615746,0.00878178290615746,972,972,0,-1,2,2,10,70,527,18,588
751,2,208,369,978,609,6,18,453,735,282,3.4037918240920386e-05,0.002995336805200994,406,931,525,3,5,4,3,1,535,558,17
752,0,102,1,875,874,0,18,1,355,354,0.0,3.4037918240920386e-05,1,399,398,4,-1,5,16,0,53,940,654
753,87,293,907,987,80,28,28,801,801,0,0.0018380475850097008,0.01065386840940808,882,987,105,3,3,3,3,20,583,109,37
754,100,100,858,858,0,100,100,646,646,0,0.0123557643214541,0.012491915994417782,989,989,0,3,1,1,17,20,63,43,443
755,0,101,1,886,885,0,8,1,331,330,0.0,0.0,1,1,0,5,-1,6,8,2,358,775,530
756,301,403,980,989,9,72,72,970,970,0,0.008203138296061813,0.008271214132543654,978,979,1,4,2,2,3,49,459,31,840
757,100,100,844,844,0,100,100,565,565,0,0.006637394056979475,0.009054086252084823,959,978,19,2,1,1,23,4,30,336,26
758,13,13,653,653,0,14,14,629,629,0,0.00034037918240920387,0.00034037918240920387,657,657,0,-1,4,4,3,6,871,295,801
759,68,668,872,997,125,62,62,952,952,0,0.0033357159876101976,0.006909697402906838,935,977,42,2,2,2,3,6,819,377,17
760,2,2,359,359,0,10,10,396,396,0,0.0,0.0,1,1,0,-1,5,5,6,2,251,842,483
761,4,106,450,941,491,4,4,413,413,0,0.0002382654276864427,0.0005105687736138058,596,717,121,4,5,5,2,3,816,505,467
762,18,18,573,573,0,58,58,499,499,0,0.00017018959120460194,0.00017018959120460194,537,537,0,-1,4,4,17,3,10,353,992
763,106,106,963,963,0,22,22,877,877,0,0.0035739814152966403,0.0035739814152966403,942,942,0,-1,3,3,2,37,996,74,970
764,53,155,779,927,148,100,100,689,689,0,0.0006126825283365669,0.0007147962830593281,727,748,21,4,2,2,15,8,104,477,636
765,0,101,1,916,915,0,5,1,332,331,0.0,0.0,1,1,0,5,-1,6,5,0,662,798,463
766,0,102,1,930,929,0,4,1,366,365,0.0,3.4037918240920386e-05,1,404,403,4,-1,5,3,0,712,768,238
767,2,2,366,366,0,6,6,367,367,0,0.0,0.0,1,1,0,-1,5,5,5,1,517,763,568
768,0,206,1,963,962,0,18,1,430,429,0.0,0.0004084550188910446,1,676,675,3,-1,4,8,0,199,445,154
769,2,208,348,950,602,14,30,355,445,90,0.0,0.00030634126416828345,1,622,621,3,5,4,12,3,184,484,46
770,0,0,1,1,0,0,0,1,1,0,0.0,0.0,1,1,0,-1,-1,-1,3,0,584,918,976
771,0,206,1,969,968,0,16,1,491,490,0.0,0.0014295925661186562,1,850,849,3,-1,4,4,0,445,517,65
772,20,226,618,956,338,50,54,587,621,34,0.0002723033459273631,0.0013274788113958951,600,839,239,3,3,3,10,3,310,704,60
773,0,206,1,948,947,0,29,1,417,416,0.0,0.0002382654276864427,1,576,575,3,-1,4,15,1,110,660,465
774,130,130,921,921,0,64,64,890,890,0,0.002927260968719153,0.002927260968719153,925,925,0,-1,3,3,4,18,503,55,571
775,8,110,578,953,375,8,8,589,589,0,0.0002382654276864427,0.0005446066918547262,604,730,126,4,4,4,2,4,821,346,619
776,27,233,694,966,272,54,54,646,646,0,0.0004765308553728854,0.0006807583648184077,701,749,48,3,4,4,9,9,217,240,363
777,0,206,1,972,971,0,10,1,488,487,0.0,0.0006807583648184077,1,760,759,3,-1,4,3,1,935,841,232
778,0,206,1,980,979,0,8,1,554,553,0.0,0.005616256509751864,1,965,964,3,-1,4,2,0,806,897,19
779,38,244,799,973,174,34,34,738,738,0,0.00088498587426393,0.002757071377514551,798,913,115,3,3,3,4,3,304,382,69
780,52,668,760,993,233,184,194,909,924,15,0.001157289220191293,0.0036760951700194017,816,935,119,2,2,2,15,4,49,326,55
781,4,4,435,435,0,7,7,392,392,0,0.0,0.0,1,1,0,-1,5,5,4,2,784,602,635
782,1,103,332,965,633,2,3,332,412,80,0.0,0.0002382654276864427,1,610,609,4,6,5,2,1,987,924,216
783,4,105,555,978,423,3,3,443,443,0,0.00010211375472276115,0.00010211375472276115,506,506,0,5,5,5,2,3,775,580,152
784,0,1640,1,1000,999,0,48,1,918,917,0.0,0.031655263964055956,1,997,996,1,-1,2,3,0,927,769,29
785,8,109,584,961,377,12,12,754,754,0,0.0002723033459273631,0.0002723033459273631,621,621,0,5,4,4,2,3,995,263,364
786,0,0,1,1,0,0,0,1,1,0,0.0,0.0,1,1,0,-1,-1,-1,10,0,243,997,841
787,20,226,680,971,291,32,32,653,653,0,0.0004084550188910446,0.0014636304843595766,680,857,177,3,4,4,6,4,522,246,106
788,2,2,349,349,0,25,25,364,364,0,3.4037918240920386e-05,3.4037918240920386e-05,404,404,0,-1,5,5,21,2,2,739,844
789,9,9,569,569,0,8,8,484,484,0,6.807583648184077e-05,6.807583648184077e-05,442,442,0,-1,4,4,2,4,972,581,750
790,40,40,813,813,0,28,28,737,737,0,0.0009530617107457708,0.0009530617107457708,810,810,0,-1,3,3,3,5,737,403,947
791,18,224,695,975,280,22,22,760,760,0,0.00013615167296368154,0.0019741992579733825,528,887,359,3,3,3,2,2,589,700,119
792,0,102,1,898,897,0,12,1,382,381,0.0,3.4037918240920386e-05,1,398,397,4,-1,5,7,0,450,845,567
793,0,0,1,1,0,0,0,1,1,0,0.0,0.0,1,1,0,-1,-1,-1,5,0,406,831,996
794,6,108,441,913,472,16,16,475,475,0,0.0002382654276864427,0.0007828721195411688,603,779,176,4,4,4,6,1,522,809,490
795,1,103,333,889,556,9,12,333,366,33,0.0,0.00010211375472276115,1,487,486,4,7,5,9,1,277,972,704
796,0,102,1,922,921,0,7,1,381,380,0.0,6.807583648184077e-05,1,453,452,4,-1,5,5,0,291,897,477
797,59,161,787,920,133,162,162,910,910,0,0.002484768031587188,0.002484768031587188,908,908,0,4,2,2,13,4,41,125,755
798,185,287,964,978,14,54,54,891,891,0,0.004118588107151367,0.004118588107151367,942,942,0,4,3,3,4,37,736,74,618
799,0,0,1,1,0,0,0,1,1,0,0.0,0.0,1,1,0,-1,-1,-1,4,0,458,983,961
800,0,206,1,976,975,0,8,1,499,498,0.0,0.0006467204465774873,1,752,751,3,-1,4,2,3,880,478,301
801,130,336,889,975,86,228,228,854,854,0,0.0013615167296368155,0.002212464685659825,843,890,47,3,3,3,22,18,18,148,185
802,2,1642,353,1000,647,19,102,395,857,462,0.0,0.01412573606998196,1,984,983,1,5,2,11,1,379,506,19
803,124,124,885,885,0,258,258,910,910,0,0.002280540522141666,0.002280540522141666,893,893,0,-1,3,3,23,15,30,158,916
804,18,224,633,970,337,22,26,497,524,27,0.00013615167296368154,0.0006467204465774873,507,730,223,3,4,4,7,6,359,229,232
805,0,616,1,995,994,0,50,1,823,822,0.0,0.00881582082439838,1,980,979,2,-1,3,5,0,311,564,1
806,0,0,1,1,0,0,0,1,1,0,0.0,0.0,1,1,0,-1,-1,-1,4,0,917,533,205
807,0,206,1,966,965,0,10,1,453,452,0.0,0.0013615167296368155,1,856,855,3,-1,4,3,0,613,946,203
808,100,716,906,997,91,40,50,733,819,86,0.0021784267674189047,0.008645631233193778,895,982,87,2,3,3,5,22,247,128,19
809,20,226,649,967,318,66,66,701,701,0,0.0002382654276864427,0.002280540522141666,586,899,313,3,3,3,10,3,161,222,47
810,13,219,624,974,350,11,12,475,509,34,0.0002723033459273631,0.0006807583648184077,631,762,131,3,4,4,4,5,573,314,166
811,0,102,1,905,904,0,7,1,349,348,0.0,0.0,1,1,0,4,-1,5,6,0,498,760,373
812,6,212,385,944,559,33,55,404,497,93,3.4037918240920386e-05,0.0015317063208414173,396,843,447,3,4,4,16,1,132,265,109
813,0,206,1,981,980,0,8,1,518,517,0.0,0.0006467204465774873,1,748,747,3,-1,4,2,0,938,200,333
814,6,6,452,452,0,10,10,485,485,0,3.4037918240920386e-05,3.4037918240920386e-05,400,400,0,-1,4,4,3,2,337,532,883
815,118,220,942,972,30,34,34,808,808,0,0.002723033459273631,0.0038462847612240037,923,948,25,4,3,3,4,28,562,44,180
816,23,124,728,939,211,12,12,499,499,0,0.00017018959120460194,0.0002382654276864427,550,612,62,5,4,4,4,9,461,317,380
817,0,102,1,961,960,0,4,1,454,453,0.0,0.0002382654276864427,1,617,616,4,-1,5,2,0,481,952,682
818,2,104,354,907,553,12,12,386,386,0,0.0,3.4037918240920386e-05,1,393,392,4,5,5,7,1,324,853,555
819,0,0,1,1,0,0,0,1,1,0,0.0,0.0,1,1,0,-1,-1,-1,6,0,353,713,796
820,8,110,510,918,408,20,20,498,498,0,0.00010211375472276115,0.00013615167296368154,484,527,43,4,4,4,6,2,251,791,334
821,2,2,351,351,0,23,23,386,386,0,0.0,0.0,1,1,0,-1,5,5,15,2,110,320,330
822,24,24,723,723,0,40,40,810,810,0,0.0007147962830593281,0.0007147962830593281,768,768,0,-1,3,3,4,4,544,336,955
823,25,231,692,965,273,54,54,710,710,0,0.00034037918240920387,0.002144388849177984,650,891,241,3,3,3,8,5,282,510,123
824,12,12,604,604,0,14,14,564,564,0,0.00037441710065012424,0.00037441710065012424,667,667,0,-1,4,4,3,3,627,795,431
825,30,30,726,726,0,64,64,815,815,0,0.0008509479560230097,0.0008509479560230097,773,773,0,-1,3,3,7,4,400,333,489
826,16,118,558,897,339,60,60,633,633,0,0.0002382654276864427,0.0002382654276864427,586,586,0,4,3,3,11,1,360,561,342
827,31,133,756,940,184,24,24,623,623,0,0.0005786446100956465,0.0008169100377820892,725,774,49,4,4,4,4,9,887,211,477
828,213,213,974,974,0,78,78,983,983,0,0.006433166547533953,0.006433166547533953,967,967,0,-1,2,2,4,27,511,25,999
829,112,112,878,878,0,218,218,790,790,0,0.0012934408931549745,0.0012934408931549745,840,840,0,-1,3,3,25,11,17,166,834
830,66,168,917,975,58,46,46,987,987,0,0.005854521937438306,0.006331052792811192,964,968,4,4,2,2,2,14,889,243,178
831,6,622,405,995,590,42,56,583,660,77,0.0002042275094455223,0.002552843868069029,578,909,331,2,4,3,9,2,803,785,47
832,4,105,487,961,474,4,4,442,442,0,3.4037918240920386e-05,0.00013615167296368154,401,523,122,5,5,5,2,3,982,534,631
833,0,0,1,1,0,0,0,1,1,0,0.0,0.0,1,1,0,-1,-1,-1,3,0,600,820,777
834,12,114,633,947,314,8,8,490,490,0,0.00017018959120460194,0.0002382654276864427,539,598,59,4,4,4,2,4,849,164,80
835,0,616,1,988,987,0,104,1,615,614,0.0,0.0018720855032506212,1,880,879,2,-1,3,19,1,83,706,158
836,28,234,651,958,307,144,144,860,860,0,0.0008509479560230097,0.00088498587426393,767,773,6,3,3,3,14,4,268,326,394
837,0,0,1,1,0,0,0,1,1,0,0.0,0.0,1,1,0,-1,-1,-1,6,0,606,946,907
838,339,439,985,990,5,72,72,974,974,0,0.010449640899962559,0.010824058000612683,984,986,2,4,2,2,3,59,645,6,131
839,16,118,552,894,342,46,46,598,598,0,6.807583648184077e-05,0.00010211375472276115,449,477,28,4,3,3,8,1,370,452,468
840,0,101,1,886,885,0,8,1,330,329,0.0,0.0,1,1,0,6,-1,7,8,0,483,673,708
841,81,183,829,923,94,198,198,834,834,0,0.0018380475850097008,0.0019061234214915416,872,873,1,4,2,2,19,7,14,399,398
842,0,206,1,946,945,0,32,1,419,418,0.0,0.0002382654276864427,1,581,580,3,-1,4,15,0,65,940,636
843,22,228,606,948,342,92,96,609,628,19,0.0002723033459273631,0.0005786446100956465,604,712,108,3,3,3,16,4,27,149,521
844,0,102,1,935,934,0,4,1,394,393,0.0,6.807583648184077e-05,1,453,452,4,-1,5,2,1,586,789,220
845,778,778,999,999,0,144,144,991,991,0,0.016712617856291908,0.016712617856291908,993,993,0,-1,2,2,6,118,432,37,730
846,72,174,879,963,84,44,44,847,847,0,0.001055175465468532,0.0012253650566731338,818,835,17,4,3,3,4,17,495,226,427
847,6,212,460,976,516,8,13,469,580,111,3.4037918240920386e-05,0.0010211375472276116,406,818,412,3,4,4,3,1,882,337,97
848,0,102,1,888,887,0,11,1,347,346,0.0,0.00010211375472276115,1,469,468,4,-1,5,10,0,259,696,279
849,39,39,722,722,0,150,150,856,856,0,0.0009870996289866913,0.0009870996289866913,794,794,0,-1,3,3,15,4,81,125,774
850,0,206,1,971,970,0,14,1,481,480,0.0,0.0007488342013002485,1,767,766,3,-1,4,5,0,517,820,413
851,6,622,453,997,544,12,22,487,660,173,0.00013615167296368154,0.001157289220191293,520,826,306,2,4,3,4,1,401,904,169
852,0,102,1,927,926,0,7,1,380,379,0.0,0.0002042275094455223,1,574,573,4,-1,5,5,0,574,998,504
853,23,639,645,991,346,82,92,692,723,31,0.00030634126416828345,0.0034037918240920387,622,935,313,2,3,3,12,3,252,291,75
854,198,198,963,963,0,92,92,925,925,0,0.004322815616596889,0.004322815616596889,948,948,0,-1,3,3,7,24,416,8,638
855,8,8,591,591,0,4,4,427,427,0,0.00013615167296368154,0.00013615167296368154,539,539,0,-1,5,5,2,5,742,528,568
856,24,230,704,975,271,42,42,707,707,0,0.00030634126416828345,0.0006807583648184077,635,761,126,3,3,3,6,3,266,507,40
857,6,622,403,994,591,12,34,416,662,246,0.00010211375472276115,0.0035059055788147996,485,941,456,2,4,3,4,1,503,463,26
858,28,28,777,777,0,8,8,500,500,0,0.00034037918240920387,0.00034037918240920387,659,659,0,-1,4,4,2,11,880,316,960
859,0,0,1,1,0,0,0,1,1,0,0.0,0.0,1,1,0,-1,-1,-1,8,1,371,780,750
860,14,220,725,987,262,10,18,592,780,188,0.000442492937131965,0.005888559855679227,711,968,257,3,4,4,3,5,853,182,24
861,10,216,598,976,378,12,12,581,581,0,0.0002042275094455223,0.0013615167296368155,577,858,281,3,4,4,2,4,752,230,45
862,0,206,1,973,972,0,7,1,474,473,0.0,0.0004765308553728854,1,698,697,3,-1,4,2,0,429,760,622
863,49,665,774,992,218,148,148,897,897,0,0.0012253650566731338,0.001940161339732462,818,876,58,2,3,3,13,4,91,125,482
864,33,135,757,936,179,44,44,789,789,0,0.00088498587426393,0.001055175465468532,793,815,22,4,3,3,4,3,567,438,486
865,0,101,1,921,920,0,5,1,332,331,0.0,0.0,1,1,0,5,-1,6,5,1,551,583,509
866,0,102,1,980,979,0,3,1,465,464,0.0,0.0012253650566731338,1,852,851,4,-1,5,2,0,955,867,106
867,0,0,1,1,0,0,0,1,1,0,0.0,0.0,1,1,0,-1,-1,-1,4,1,544,780,959
868,2,104,364,914,550,6,8,365,395,30,0.0,0.00013615167296368154,1,517,516,4,5,5,5,2,487,656,829
869,80,80,865,865,0,84,84,815,815,0,0.0014636304843595766,0.0014636304843595766,845,845,0,-1,3,3,9,9,180,277,205
870,123,225,902,956,54,124,124,850,850,0,0.002144388849177984,0.002212464685659825,886,888,2,4,3,3,13,19,160,91,215
871,92,194,909,971,62,54,54,902,902,0,0.0026549576227917903,0.002723033459273631,919,922,3,4,3,3,4,17,619,81,392
872,0,0,1,1,0,0,0,1,1,0,0.0,0.0,1,1,0,-1,-1,-1,10,0,105,951,922
873,17,17,663,663,0,10,10,469,469,0,0.0006126825283365669,0.0006126825283365669,739,739,0,-1,4,4,3,7,869,170,686
874,119,325,908,977,69,144,144,933,933,0,0.002484768031587188,0.0029612988869600733,909,922,13,3,2,2,10,18,149,63,343
875,0,206,1,968,967,0,12,1,457,456,0.0,0.00013615167296368154,1,512,511,3,-1,4,4,0,444,429,553
876,0,616,1,995,994,0,32,1,683,682,0.0,0.0016678579938050988,1,862,861,2,-1,3,5,0,406,498,630
877,25,127,803,970,167,12,12,735,735,0,0.0010892133837094523,0.0012934408931549745,826,846,20,4,4,4,2,13,889,340,115
878,0,0,1,1,0,0,0,1,1,0,0.0,0.0,1,1,0,-1,-1,-1,4,0,755,982,895
879,6,108,461,934,473,16,16,583,583,0,0.0,0.0005446066918547262,1,717,716,4,4,4,4,2,491,325,130
880,30,30,783,783,0,22,22,780,780,0,0.0017018959120460194,0.0017018959120460194,871,871,0,-1,3,3,2,8,429,264,758
881,16,632,576,995,419,68,78,798,852,54,0.0002042275094455223,0.0025188059498281084,583,913,330,2,3,3,7,2,331,493,38
882,0,101,1,917,916,0,3,1,332,331,0.0,0.0,1,1,0,7,-1,8,3,1,703,456,448
883,22,228,608,952,344,96,104,620,669,49,0.00034037918240920387,0.0007147962830593281,640,751,111,3,3,3,17,4,24,346,187
884,115,115,890,890,0,202,202,949,949,0,0.0024166921951053475,0.0024166921951053475,911,911,0,-1,2,2,13,15,165,151,564
885,3,105,427,926,499,8,8,434,434,0,3.4037918240920386e-05,0.00017018959120460194,408,548,140,4,5,5,4,2,631,244,385
886,0,101,1,904,903,0,6,1,332,331,0.0,0.0,1,1,0,7,-1,8,6,0,281,982,857
887,6,212,443,972,529,12,16,458,521,63,3.4037918240920386e-05,0.0013274788113958951,407,845,438,3,4,4,4,2,566,575,255
888,0,206,1,962,961,0,18,1,427,426,0.0,0.0002723033459273631,1,618,617,3,-1,4,8,0,420,914,759
889,6,6,462,462,0,20,20,652,652,0,0.00010211375472276115,0.00010211375472276115,481,481,0,-1,4,4,4,1,507,720,919
890,2,104,349,907,558,8,8,364,364,0,0.0,3.4037918240920386e-05,1,402,401,4,5,5,6,1,498,924,311
891,0,0,1,1,0,0,0,1,1,0,0.0,0.0,1,1,0,-1,-1,-1,4,0,313,823,614
892,0,0,1,1,0,0,0,1,1,0,0.0,0.0,1,1,0,-1,-1,-1,12,0,222,574,943
893,0,102,1,865,864,0,28,1,361,360,0.0,0.0,1,1,0,4,-1,5,23,2,8,684,225
894,145,246,945,972,27,66,66,884,884,0,0.0030293747234419145,0.0030293747234419145,925,925,0,6,3,3,6,30,405,65,676
895,0,206,1,962,961,0,17,1,484,483,0.0,0.0002382654276864427,1,585,584,3,-1,4,5,0,426,732,556
896,61,163,865,966,101,24,24,712,712,0,0.0013615167296368155,0.0014636304843595766,840,848,8,4,4,4,4,18,511,147,532
897,0,0,1,1,0,0,0,1,1,0,0.0,0.0,1,1,0,-1,-1,-1,6,2,322,752,824
898,0,206,1,971,970,0,9,1,448,447,0.0,0.00013615167296368154,1,513,512,3,-1,4,4,2,520,684,164
899,0,102,1,934,933,0,4,1,426,425,0.0,0.00010211375472276115,1,485,484,4,-1,5,2,0,739,674,666
900,0,0,1,1,0,0,0,1,1,0,0.0,0.0,1,1,0,-1,-1,-1,5,1,474,573,696
901,16,118,642,938,296,26,26,739,739,0,0.0002382654276864427,0.0004765308553728854,583,693,110,4,3,3,4,1,458,659,287
902,6,108,444,927,483,10,10,487,487,0,6.807583648184077e-05,0.00034037918240920387,452,650,198,4,4,4,3,1,620,718,534
903,0,102,1,903,902,0,7,1,355,354,0.0,0.0,1,1,0,4,-1,5,6,0,451,674,509
904,8,214,525,970,445,22,22,580,580,0,0.00017018959120460194,0.0005105687736138058,548,708,160,3,4,4,5,2,538,584,280
905,164,370,953,985,32,80,80,952,952,0,0.0025188059498281084,0.002927260968719153,906,925,19,3,3,3,5,33,386,15,242
906,0,206,1,939,938,0,34,1,390,389,0.0,0.0002382654276864427,1,578,577,3,-1,4,19,0,11,816,711
907,6,6,417,417,0,16,16,433,433,0,0.00017018959120460194,0.00017018959120460194,544,544,0,-1,4,4,6,1,425,607,820
908,6,6,411,411,0,43,43,589,589,0,0.0002042275094455223,0.0002042275094455223,568,568,0,-1,4,4,10,2,243,670,929
909,318,318,971,971,0,334,334,988,988,0,0.004901460226692535,0.004901460226692535,951,951,0,-1,2,2,17,25,39,105,814
910,103,103,960,960,0,22,22,886,886,0,0.005037611899656217,0.005037611899656217,956,956,0,-1,3,3,2,29,985,17,912
911,126,742,921,998,77,100,110,870,907,37,0.0020763130126961434,0.0037441710065012424,885,931,46,2,3,3,10,19,243,144,297
912,15,117,610,920,310,28,28,595,595,0,0.0002042275094455223,0.00030634126416828345,568,640,72,4,4,4,6,4,295,557,899
913,168,784,962,999,37,66,76,899,933,34,0.003982436434187685,0.007284114503556962,944,971,27,2,3,3,6,36,494,48,537
914,0,101,1,915,914,0,4,1,332,331,0.0,3.4037918240920386e-05,1,399,398,5,-1,6,4,0,444,433,509
915,108,1748,905,1000,95,52,76,782,888,106,0.0023486163586235067,0.019027196296674494,901,992,91,1,3,2,6,19,536,59,545
916,250,456,978,992,14,38,38,853,853,0,0.007250076585316042,0.00789679703189353,975,977,2,3,3,3,3,49,687,31,130
917,10,10,586,586,0,14,14,505,505,0,0.00013615167296368154,0.00013615167296368154,519,519,0,-1,4,4,5,3,629,485,956
918,0,0,1,1,0,0,0,1,1,0,0.0,0.0,1,1,0,-1,-1,-1,19,0,48,934,758
919,0,101,1,941,940,0,3,1,331,330,0.0,0.0,1,1,0,5,-1,6,3,1,814,789,763
920,0,0,1,1,0,0,0,1,1,0,0.0,0.0,1,1,0,-1,-1,-1,4,0,885,836,426
921,54,156,776,917,141,116,116,758,758,0,0.001055175465468532,0.0011232513019503727,797,810,13,4,3,3,16,11,145,118,309
922,1,617,332,996,664,5,32,332,703,371,0.0,0.0032336022328874367,1,937,936,2,6,3,5,1,773,736,128
923,81,81,837,837,0,128,128,782,782,0,0.0008169100377820892,0.0008169100377820892,774,774,0,-1,3,3,16,14,50,387,833
924,2,208,373,977,604,4,8,404,488,84,3.4037918240920386e-05,0.0014636304843595766,413,855,442,3,5,4,2,1,934,717,297
925,49,255,812,972,160,40,40,706,706,0,0.0009190237925048504,0.003608019333537561,794,938,144,3,3,3,5,10,719,405,56
926,89,295,860,973,113,84,84,661,661,0,0.0008509479560230097,0.001157289220191293,781,813,32,3,3,3,13,19,67,184,389
927,0,0,1,1,0,0,0,1,1,0,0.0,0.0,1,1,0,-1,-1,-1,2,1,715,428,731
928,6,212,414,963,549,46,46,609,609,0,0.00017018959120460194,0.0018720855032506212,542,863,321,3,4,4,9,1,394,370,122
929,0,206,1,944,943,0,64,1,467,466,0.0,0.0002042275094455223,1,560,559,3,-1,4,21,0,12,276,107
930,11,113,677,964,287,8,8,583,583,0,0.0002723033459273631,0.00034037918240920387,637,671,34,4,4,4,2,5,751,510,697
931,0,206,1,956,955,0,34,1,541,540,0.0,0.0004084550188910446,1,671,670,3,-1,4,9,0,319,884,169
932,15,221,625,972,347,26,26,641,641,0,0.0004084550188910446,0.0010892133837094523,679,822,143,3,4,4,5,7,538,329,193
933,341,957,978,998,20,126,126,971,971,0,0.006705469893461316,0.007250076585316042,968,970,2,2,2,2,7,55,340,21,810
934,0,102,1,937,936,0,3,1,379,378,0.0,0.00010211375472276115,1,488,487,4,-1,5,2,0,723,600,416
935,0,102,1,937,936,0,4,1,404,403,0.0,0.00017018959120460194,1,562,561,4,-1,5,2,0,907,457,379
936,44,145,818,947,129,36,36,734,734,0,0.0006807583648184077,0.0007828721195411688,757,774,17,5,3,3,5,10,616,413,931
937,20,20,731,731,0,8,8,497,497,0,0.0004765308553728854,0.0004765308553728854,708,708,0,-1,4,4,2,6,993,275,971
938,0,206,1,960,959,0,21,1,454,453,0.0,0.0007147962830593281,1,758,757,3,-1,4,7,0,591,930,204
939,0,206,1,943,942,0,39,1,396,395,0.0,0.0002042275094455223,1,557,556,3,-1,4,21,0,1,614,317
940,31,132,794,957,163,24,24,775,775,0,0.0007828721195411688,0.0007828721195411688,783,783,0,8,3,3,3,6,564,295,626
941,0,101,1,974,973,0,2,1,329,328,0.0,0.00013615167296368154,1,525,524,5,-1,6,2,0,944,587,557
942,0,102,1,903,902,0,6,1,359,358,0.0,3.4037918240920386e-05,1,400,399,4,-1,5,5,0,173,632,499
943,6,6,465,465,0,18,18,673,673,0,0.0002723033459273631,0.0002723033459273631,629,629,0,-1,4,4,3,2,844,785,517
944,106,207,907,965,58,92,92,928,928,0,0.0027911092957554717,0.0027911092957554717,912,912,0,5,3,3,7,17,342,81,807
945,6,108,439,921,482,20,20,583,583,0,6.807583648184077e-05,0.0002042275094455223,445,566,121,4,4,4,4,1,921,711,659
946,0,206,1,967,966,0,18,1,502,501,0.0,0.0008169100377820892,1,797,796,3,-1,4,5,0,665,542,185
947,18,18,570,570,0,142,142,766,766,0,0.0007828721195411688,0.0007828721195411688,768,768,0,-1,3,3,17,3,56,299,944
948,14,14,608,608,0,18,18,579,579,0,0.00030634126416828345,0.00030634126416828345,634,634,0,-1,4,4,3,4,808,557,846
949,137,137,946,946,0,30,30,682,682,0,0.0035739814152966403,0.0035739814152966403,933,933,0,-1,4,4,5,31,502,76,792
950,18,120,672,940,268,20,20,553,553,0,0.00030634126416828345,0.001055175465468532,637,818,181,4,4,4,6,7,661,303,166
951,6,6,411,411,0,26,26,479,479,0,0.0,0.0,1,1,0,-1,4,4,10,1,243,577,967
952,673,673,997,997,0,128,128,993,993,0,0.015487252799618776,0.015487252799618776,989,989,0,-1,2,2,5,96,501,1,564
953,62,678,832,997,165,62,82,753,839,86,0.0008509479560230097,0.012049423057285817,780,987,207,2,3,3,7,9,193,375,37
954,1,103,332,952,620,2,4,332,433,101,0.0,0.004969536063174376,1,960,959,4,9,5,2,1,830,647,19
955,0,101,1,957,956,0,2,1,331,330,0.0,3.4037918240920386e-05,1,406,405,5,-1,6,2,1,985,789,904
956,8,624,489,992,503,26,92,434,790,356,0.0,0.010687906327649,1,977,976,2,4,3,12,3,219,829,3
957,0,102,1,891,890,0,11,1,374,373,0.0,3.4037918240920386e-05,1,403,402,4,-1,5,7,0,296,928,534
958,0,0,1,1,0,0,0,1,1,0,0.0,0.0,1,1,0,-1,-1,-1,8,0,297,649,916
959,0,616,1,992,991,0,64,1,720,719,0.0,0.0035059055788147996,1,937,936,2,-1,3,8,0,357,367,33
960,229,331,961,975,14,166,166,929,929,0,0.003812246842983083,0.003812246842983083,945,945,0,4,2,2,12,24,116,13,373
961,4,620,460,999,539,6,24,425,782,357,3.4037918240920386e-05,0.00353994349705572,405,937,532,2,5,3,3,3,863,196,98
962,962,1562,998,1000,2,264,264,988,988,0,0.01766567956703768,0.01872085503250621,995,995,0,2,2,2,12,127,116,11,198
963,27,129,769,952,183,14,14,587,587,0,0.0005786446100956465,0.0011232513019503727,724,824,100,4,4,4,3,8,628,186,289
964,0,0,1,1,0,0,0,1,1,0,0.0,0.0,1,1,0,-1,-1,-1,8,0,308,921,786
965,6,107,402,885,483,47,47,483,483,0,6.807583648184077e-05,6.807583648184077e-05,446,446,0,5,4,4,15,1,68,607,402
966,2,208,365,974,609,7,11,413,473,60,6.807583648184077e-05,0.0007488342013002485,447,761,314,3,5,4,4,2,777,719,306
967,4,106,442,939,497,5,6,392,434,42,0.00010211375472276115,0.00037441710065012424,492,664,172,4,5,5,3,2,676,364,519
968,1,103,333,930,597,4,5,333,368,35,0.0,0.00010211375472276115,1,483,482,4,6,5,4,1,491,540,298
969,0,0,1,1,0,0,0,1,1,0,0.0,0.0,1,1,0,-1,-1,-1,9,0,276,608,811
970,6,108,430,923,493,24,24,624,624,0,0.0002042275094455223,0.0002382654276864427,560,587,27,4,4,4,4,1,822,681,369
971,6,212,444,974,530,10,14,487,556,69,6.807583648184077e-05,0.001599782157323258,452,859,407,3,4,4,3,1,620,577,113
972,0,616,1,998,997,0,24,1,755,754,0.0,0.003369753905851118,1,938,937,2,-1,3,3,0,337,784,123
973,6,108,425,909,484,28,28,512,512,0,0.00030634126416828345,0.0009530617107457708,631,800,169,4,4,4,9,2,278,805,184
974,6,212,427,967,540,13,18,440,504,64,3.4037918240920386e-05,0.00017018959120460194,405,536,131,3,4,4,5,2,537,575,504
975,0,0,1,1,0,0,0,1,1,0,0.0,0.0,1,1,0,-1,-1,-1,4,0,969,925,629
976,0,0,1,1,0,0,0,1,1,0,0.0,0.0,1,1,0,-1,-1,-1,5,0,457,796,967
977,0,102,1,954,953,0,5,1,386,385,0.0,0.00034037918240920387,1,668,667,4,-1,5,4,0,860,367,308
978,2,2,378,378,0,3,3,381,381,0,0.0,0.0,1,1,0,-1,5,5,2,1,929,807,845
979,0,101,1,936,935,0,2,1,332,331,0.0,0.0,1,1,0,5,-1,6,2,0,609,776,430
980,413,413,980,980,0,160,160,959,959,0,0.0068075836481840775,0.0068075836481840775,966,966,0,-1,3,3,10,55,153,21,777
981,0,206,1,963,962,0,34,1,543,542,0.0,0.0009870996289866913,1,800,799,3,-1,4,9,0,388,960,163
982,2,104,369,927,558,4,6,370,419,49,0.0,0.00037441710065012424,1,662,661,4,5,5,3,1,923,893,299
983,7,213,546,979,433,8,8,509,509,0,0.00013615167296368154,0.0013615167296368155,526,852,326,3,4,4,2,2,232,251,63
984,16,118,544,900,356,37,39,464,473,9,3.4037918240920386e-05,6.807583648184077e-05,412,446,34,4,3,3,13,1,67,606,373
985,21,21,743,743,0,12,12,608,608,0,0.000442492937131965,0.000442492937131965,694,694,0,-1,4,4,2,11,713,249,908
986,0,0,1,1,0,0,0,1,1,0,0.0,0.0,1,1,0,-1,-1,-1,2,0,849,457,569
987,99,305,879,977,98,168,168,979,979,0,0.0027911092957554717,0.0030974505599237552,911,921,10,3,2,2,10,5,427,216,169
988,0,206,1,961,960,0,17,1,443,442,0.0,0.0002723033459273631,1,608,607,3,-1,4,7,1,170,693,80
989,52,154,797,930,133,174,174,931,931,0,0.002484768031587188,0.0025188059498281084,908,908,0,4,3,3,14,6,84,73,552
990,10,10,514,514,0,22,22,435,435,0,0.00017018959120460194,0.00017018959120460194,528,528,0,-1,4,4,9,3,123,353,777
991,98,98,932,932,0,38,38,914,914,0,0.002586881786309949,0.002586881786309949,910,910,0,-1,3,3,3,21,628,123,705
992,0,0,1,1,0,0,0,1,1,0,0.0,0.0,1,1,0,-1,-1,-1,2,0,733,989,858
993,9,215,563,974,411,16,20,555,612,57,6.807583648184077e-05,0.0017018959120460194,444,867,423,3,4,4,4,5,787,722,128
994,24,24,710,710,0,22,22,564,564,0,0.0002042275094455223,0.0002042275094455223,568,568,0,-1,4,4,5,9,467,191,201
995,0,206,1,952,951,0,34,1,507,506,0.0,0.0020082371762143027,1,884,883,3,-1,4,9,0,164,845,119
996,18,120,672,941,269,18,18,625,625,0,0.0004084550188910446,0.0005786446100956465,678,727,49,4,4,4,3,5,869,362,619
997,24,230,610,946,336,100,108,621,662,41,0.00037441710065012424,0.0014636304843595766,641,849,208,3,3,3,17,4,103,450,203
998,2,104,368,930,562,7,7,427,427,0,0.0,0.0002382654276864427,1,601,600,4,5,5,4,1,491,530,427
999,47,253,878,989,111,22,22,860,860,0,0.002212464685659825,0.002484768031587188,911,918,7,3,3,3,2,17,994,180,566
