,FreeNet_pre_score,FreeNet_post_score,FreeNet_pre_rank,FreeNet_post_rank,FreeNet_delta_ranks,Reversed_pre_score,Reversed_post_score,Reversed_pre_rank,Reversed_post_rank,Reversed_delta_ranks,Random_pre_score,Random_post_score,Random_pre_rank,Random_post_rank,Random_delta_ranks,dist_victim_relayer,dist_victim_vilain_pre,dist_victim_vilain_post,out_deg_victim,in_deg_villain,victim,villain,relayer
0,243,449,963,984,21,256,256,961,961,0,0.005820484019197386,0.006705469893461316,960,964,4,3,2,2,17,31,112,126,412
1,0,102,1,893,892,0,9,1,365,364,0.0,3.4037918240920386e-05,1,400,399,4,-1,5,7,0,335,678,805
2,6,6,417,417,0,20,20,447,447,0,3.4037918240920386e-05,3.4037918240920386e-05,401,401,0,-1,4,4,8,2,186,313,712
3,6,212,386,946,560,37,38,477,483,6,6.807583648184077e-05,0.0002723033459273631,448,609,161,3,4,4,11,2,66,313,245
4,433,433,994,994,0,50,50,901,901,0,0.010858095918853602,0.010858095918853602,979,979,0,-1,3,3,5,96,727,1,948
5,49,49,825,825,0,74,74,947,947,0,0.0026889955410327104,0.0026889955410327104,916,916,0,-1,2,2,5,4,487,125,940
6,0,206,1,966,965,0,15,1,476,475,0.0,0.0002382654276864427,1,585,584,3,-1,4,4,0,448,963,371
7,142,142,939,939,0,86,86,937,937,0,0.0033016780693692774,0.0033016780693692774,928,928,0,-1,3,3,6,26,353,112,901
8,0,206,1,967,966,0,18,1,529,528,0.0,0.0008509479560230097,1,790,789,3,-1,4,5,0,519,994,185
9,0,206,1,960,959,0,14,1,447,446,0.0,0.0005446066918547262,1,722,721,3,-1,4,5,0,793,818,136
10,18,120,678,942,264,40,40,822,822,0,0.0010211375472276116,0.0017359338302869397,813,875,62,4,3,3,5,4,685,143,130
11,40,40,769,769,0,50,50,682,682,0,0.0007828721195411688,0.0007828721195411688,764,764,0,-1,3,3,8,6,415,46,940
12,48,150,842,961,119,38,38,884,884,0,0.0010892133837094523,0.001157289220191293,828,836,8,4,3,3,3,11,831,52,214
13,0,1640,1,1000,999,0,88,1,713,712,0.0,0.009734844616903231,1,976,975,1,-1,2,12,3,143,348,277
14,0,1640,1,1000,999,0,58,1,939,938,0.0,0.027843017121072875,1,996,995,1,-1,2,4,0,401,796,7
15,0,0,1,1,0,0,0,1,1,0,0.0,0.0,1,1,0,-1,-1,-1,2,0,873,429,793
16,6,107,427,907,480,24,24,599,599,0,0.000442492937131965,0.0005105687736138058,693,706,13,5,4,4,4,1,385,741,755
17,6,622,384,989,605,48,62,423,459,36,0.0,0.0004765308553728854,1,674,673,2,4,3,22,1,55,618,307
18,6,212,516,979,463,8,12,503,569,66,0.0002042275094455223,0.0016678579938050988,588,877,289,3,5,4,4,4,860,365,390
19,56,262,777,962,185,118,118,737,737,0,0.0008509479560230097,0.0014636304843595766,772,842,70,3,3,3,16,9,26,211,473
20,16,16,646,646,0,28,28,755,755,0,0.00010211375472276115,0.00010211375472276115,482,482,0,-1,3,3,3,1,577,152,514
21,9,9,568,568,0,9,9,460,460,0,0.00010211375472276115,0.00010211375472276115,479,479,0,-1,4,4,3,3,901,485,696
22,6,108,456,932,476,18,18,615,615,0,0.000442492937131965,0.0013274788113958951,701,844,143,4,4,4,3,4,592,409,281
23,0,206,1,974,973,0,10,1,481,480,0.0,0.0002723033459273631,1,615,614,3,-1,4,4,0,772,744,340
24,45,661,744,992,248,130,140,791,825,34,0.0010211375472276116,0.0016678579938050988,794,865,71,2,3,3,15,6,107,114,145
25,0,101,1,936,935,0,2,1,331,330,0.0,0.0,1,1,0,7,-1,8,2,1,907,705,972
26,2,104,392,971,579,4,4,471,471,0,0.00010211375472276115,0.0002723033459273631,492,627,135,4,5,5,2,1,898,904,165
27,525,625,998,1000,2,32,32,948,948,0,0.019129310051397258,0.019741992579733823,994,994,0,4,3,3,2,130,998,3,96
28,0,0,1,1,0,0,0,1,1,0,0.0,0.0,1,1,0,-1,-1,-1,4,0,458,834,649
29,166,372,956,985,29,106,106,972,972,0,0.003880322679464924,0.0045270431260424114,943,951,8,3,2,2,7,19,697,133,390
30,162,368,948,983,35,92,92,921,921,0,0.0025188059498281084,0.0028932230504782326,908,917,9,3,3,3,7,23,658,106,242
31,0,206,1,972,971,0,12,1,497,496,0.0,0.0002042275094455223,1,564,563,3,-1,4,4,0,597,936,101
32,0,0,1,1,0,0,0,1,1,0,0.0,0.0,1,1,0,-1,-1,-1,3,0,674,916,276
33,0,0,1,1,0,0,0,1,1,0,0.0,0.0,1,1,0,-1,-1,-1,5,0,408,938,856
34,0,101,1,885,884,0,9,1,332,331,0.0,0.0,1,1,0,5,-1,6,9,0,381,910,692
35,16,222,567,954,387,84,84,789,789,0,0.0008509479560230097,0.0014295925661186562,788,846,58,3,3,3,9,2,191,482,308
36,26,127,702,920,218,50,50,674,674,0,0.0002723033459273631,0.0002723033459273631,622,622,0,7,3,3,8,4,225,164,972
37,0,0,1,1,0,0,0,1,1,0,0.0,0.0,1,1,0,-1,-1,-1,4,0,563,859,982
38,24,24,710,710,0,36,36,735,735,0,0.0006467204465774873,0.0006467204465774873,749,749,0,-1,3,3,5,3,565,351,834
39,0,206,1,965,964,0,16,1,459,458,0.0,0.0004765308553728854,1,708,707,3,-1,4,6,0,345,776,340
40,38,140,886,979,93,12,12,749,749,0,0.0014295925661186562,0.0014636304843595766,868,870,2,4,4,4,2,18,941,171,655
41,0,101,1,945,944,0,2,1,331,330,0.0,0.00013615167296368154,1,522,521,5,-1,6,2,0,838,803,523
42,164,164,930,930,0,140,140,883,883,0,0.0029612988869600733,0.0029612988869600733,913,913,0,-1,3,3,15,26,110,112,744
43,2,208,353,947,594,13,18,359,383,24,0.0,0.0002382654276864427,1,602,601,3,5,4,11,1,279,893,862
44,0,0,1,1,0,0,0,1,1,0,0.0,0.0,1,1,0,-1,-1,-1,19,0,148,900,928
45,0,0,1,1,0,0,0,1,1,0,0.0,0.0,1,1,0,-1,-1,-1,7,1,591,913,824
46,30,30,721,721,0,80,80,806,806,0,0.0009530617107457708,0.0009530617107457708,792,792,0,-1,3,3,9,6,200,490,902
47,20,122,674,937,263,26,26,615,615,0,0.0002723033459273631,0.0004765308553728854,611,693,82,4,4,4,5,5,691,308,420
48,37,37,762,762,0,42,42,607,607,0,0.0008509479560230097,0.0008509479560230097,774,774,0,-1,4,4,9,10,278,366,726
49,0,206,1,946,945,0,29,1,401,400,0.0,0.0004084550188910446,1,664,663,3,-1,4,15,0,51,400,459
50,6,212,462,973,511,13,30,481,702,221,0.0,0.0020422750944552232,1,890,889,3,4,4,5,2,647,419,104
51,30,30,732,732,0,60,60,860,860,0,0.001157289220191293,0.001157289220191293,821,821,0,-1,3,3,5,5,492,412,798
52,23,125,730,944,214,14,14,592,592,0,0.00034037918240920387,0.00037441710065012424,655,669,14,4,4,4,3,9,882,212,325
53,22,22,660,660,0,42,42,689,689,0,0.0007147962830593281,0.0007147962830593281,753,753,0,-1,3,3,6,3,630,197,907
54,10,112,544,921,377,19,19,447,447,0,6.807583648184077e-05,0.00010211375472276115,441,474,33,4,4,4,8,3,323,653,561
55,15,117,665,945,280,14,14,590,590,0,0.0004084550188910446,0.0014636304843595766,681,857,176,4,4,4,3,5,716,510,53
56,8,110,533,924,391,14,14,470,470,0,0.00013615167296368154,0.00013615167296368154,521,521,0,4,4,4,5,5,616,401,631
57,6,212,419,961,542,20,24,449,475,26,0.0002723033459273631,0.0009190237925048504,608,793,185,3,4,4,8,2,380,805,204
58,2,2,376,376,0,5,5,417,417,0,0.0,0.0,1,1,0,-1,5,5,3,1,850,421,707
59,0,616,1,990,989,0,35,1,536,535,0.0,0.0006126825283365669,1,725,724,2,-1,3,9,0,140,927,249
60,0,0,1,1,0,0,0,1,1,0,0.0,0.0,1,1,0,-1,-1,-1,13,0,242,865,228
61,15,15,579,579,0,32,32,535,535,0,0.0006126825283365669,0.0006126825283365669,723,723,0,-1,4,4,8,6,380,459,587
62,40,40,766,766,0,62,62,775,775,0,0.0012934408931549745,0.0012934408931549745,845,845,0,-1,3,3,7,5,447,403,828
63,2,103,375,948,573,4,4,376,376,0,0.0,0.0,1,1,0,6,5,5,3,1,608,771,896
64,2,2,360,360,0,6,6,361,361,0,3.4037918240920386e-05,3.4037918240920386e-05,398,398,0,-1,5,5,5,2,467,739,367
65,24,640,681,992,311,40,68,560,727,167,0.00030634126416828345,0.002280540522141666,625,899,274,2,4,3,10,5,161,308,190
66,0,206,1,974,973,0,8,1,498,497,0.0,0.004356853534837809,1,953,952,3,-1,4,2,0,881,980,51
67,0,102,1,899,898,0,15,1,398,397,0.0,0.0002723033459273631,1,606,605,4,-1,5,8,0,199,426,453
68,1,103,333,961,628,2,3,333,383,50,0.0,0.0002382654276864427,1,606,605,4,6,5,2,1,799,771,603
69,2,208,359,966,607,8,12,390,445,55,0.0,0.00030634126416828345,1,636,635,3,5,4,5,1,284,606,869
70,0,0,1,1,0,0,0,1,1,0,0.0,0.0,1,1,0,-1,-1,-1,15,0,110,802,733
71,145,351,933,983,50,88,88,876,876,0,0.002110350930937064,0.0030974505599237552,891,925,34,3,3,3,8,20,418,95,166
72,0,0,1,1,0,0,0,1,1,0,0.0,0.0,1,1,0,-1,-1,-1,8,0,282,928,934
73,0,616,1,994,993,0,52,1,729,728,0.0,0.004050512270669526,1,944,943,2,-1,3,7,1,450,641,26
74,1,1,333,333,0,6,6,333,333,0,0.0,0.0,1,1,0,-1,6,6,6,2,281,739,865
75,0,102,1,897,896,0,10,1,386,385,0.0,0.00013615167296368154,1,514,513,4,-1,5,6,3,473,854,317
76,62,62,875,875,0,28,28,800,800,0,0.0020082371762143027,0.0020082371762143027,887,887,0,-1,3,3,3,17,579,213,776
77,30,30,713,713,0,68,68,742,742,0,0.0007488342013002485,0.0007488342013002485,763,763,0,-1,3,3,8,4,434,267,902
78,11,11,568,568,0,12,12,446,446,0,0.00013615167296368154,0.00013615167296368154,520,520,0,-1,4,4,4,4,235,208,701
79,65,271,861,977,116,44,44,859,859,0,0.002314578440382586,0.003437829742332959,897,930,33,3,3,3,4,10,740,227,71
80,0,0,1,1,0,0,0,1,1,0,0.0,0.0,1,1,0,-1,-1,-1,3,0,953,758,735
81,136,238,911,959,48,138,138,906,906,0,0.0026209197045508697,0.002723033459273631,910,911,1,4,2,2,12,18,194,147,552
82,16,16,554,554,0,64,64,694,694,0,0.00030634126416828345,0.00030634126416828345,617,617,0,-1,3,3,9,3,381,309,588
83,113,113,891,891,0,108,108,834,834,0,0.0013274788113958951,0.0013274788113958951,829,829,0,-1,3,3,12,15,184,62,359
84,6,108,487,946,459,18,18,693,693,0,0.0005105687736138058,0.0006126825283365669,710,739,29,4,4,4,3,2,523,482,434
85,18,120,718,954,236,18,18,736,736,0,0.00034037918240920387,0.0009870996289866913,658,804,146,4,4,4,3,4,867,443,155
86,0,206,1,971,970,0,10,1,459,458,0.0,0.0025188059498281084,1,911,910,3,-1,4,3,0,577,429,50
87,2,1642,364,1000,636,6,44,418,942,524,3.4037918240920386e-05,0.034718676605738796,402,997,595,1,5,2,3,1,748,935,477
88,157,363,912,975,63,246,246,952,952,0,0.002723033459273631,0.002723033459273631,905,905,0,3,2,2,17,17,80,85,512
89,0,0,1,1,0,0,0,1,1,0,0.0,0.0,1,1,0,-1,-1,-1,10,0,205,976,796
90,34,240,711,960,249,66,70,670,698,28,0.0005105687736138058,0.0009530617107457708,702,794,92,3,3,3,10,4,128,167,211
91,3,619,438,998,560,6,24,433,772,339,0.0,0.0029612988869600733,1,918,917,2,5,3,3,3,583,761,99
92,0,101,1,925,924,0,2,1,331,330,0.0,0.0,1,1,0,6,-1,7,2,0,932,995,605
93,29,29,763,763,0,12,12,549,549,0,0.001055175465468532,0.001055175465468532,816,816,0,-1,4,4,2,9,909,130,730
94,23,639,607,989,382,67,86,471,512,41,0.00017018959120460194,0.0008509479560230097,528,763,235,2,3,3,23,3,43,572,360
95,1,207,332,977,645,3,9,332,469,137,0.0,0.00034037918240920387,1,657,656,3,6,4,3,1,844,861,465
96,38,1678,719,1000,281,86,152,671,893,222,0.0005105687736138058,0.01327478811395895,704,984,280,1,3,2,13,6,41,432,32
97,2,208,349,950,601,15,28,370,436,66,3.4037918240920386e-05,0.00030634126416828345,398,629,231,3,5,4,11,1,167,402,80
98,7,213,499,967,468,32,32,605,605,0,0.00030634126416828345,0.0004084550188910446,628,670,42,3,4,4,6,3,624,354,508
99,35,35,733,733,0,80,80,750,750,0,0.0009530617107457708,0.0009530617107457708,793,793,0,-1,3,3,10,8,204,257,514
100,45,45,745,745,0,106,106,720,720,0,0.0005446066918547262,0.0005446066918547262,700,700,0,-1,3,3,16,6,195,4,780
101,24,640,628,989,361,80,148,548,774,226,0.00017018959120460194,0.00803294870485721,533,967,434,2,4,3,18,9,69,191,10
102,10,111,506,887,381,25,25,395,395,0,0.0002042275094455223,0.0002042275094455223,581,581,0,7,4,4,14,4,198,398,857
103,55,671,843,998,155,28,38,752,851,99,0.0009870996289866913,0.0034718676605738795,813,938,125,2,3,3,3,14,703,175,213
104,18,18,772,772,0,18,18,889,889,0,0.0011232513019503727,0.0011232513019503727,833,833,0,-1,3,3,2,4,898,143,533
105,36,36,690,690,0,72,72,605,605,0,0.0002382654276864427,0.0002382654276864427,577,577,0,-1,3,3,13,6,92,683,923
106,0,206,1,934,933,0,40,1,384,383,0.0,0.00010211375472276115,1,479,478,3,-1,4,22,0,18,849,210
107,2,2,375,375,0,4,4,393,393,0,6.807583648184077e-05,6.807583648184077e-05,458,458,0,-1,5,5,2,1,771,552,436
108,0,0,1,1,0,0,0,1,1,0,0.0,0.0,1,1,0,-1,-1,-1,16,2,60,684,423
109,0,101,1,943,942,0,2,1,331,330,0.0,3.4037918240920386e-05,1,406,405,5,-1,6,2,0,761,849,570
110,23,23,730,730,0,26,26,653,653,0,0.0005105687736138058,0.0005105687736138058,709,709,0,-1,4,4,5,7,376,399,960
111,2,2,368,368,0,5,5,368,368,0,3.4037918240920386e-05,3.4037918240920386e-05,408,408,0,-1,5,5,4,1,631,503,990
112,2,2,371,371,0,6,6,441,441,0,0.00010211375472276115,0.00010211375472276115,496,496,0,-1,5,5,3,1,564,899,205
113,326,326,969,969,0,334,334,960,960,0,0.0038462847612240037,0.0038462847612240037,933,933,0,-1,2,2,22,30,55,65,806
114,16,16,647,647,0,24,24,736,736,0,0.0002723033459273631,0.0002723033459273631,615,615,0,-1,3,3,3,2,780,493,919
115,8,1648,552,1000,448,12,46,586,966,380,0.000442492937131965,0.05534565505973655,688,998,310,1,4,2,2,3,596,209,3
116,31,237,778,978,200,34,34,732,732,0,0.00037441710065012424,0.0013955546478777359,668,847,179,3,3,3,6,13,486,256,335
117,0,102,1,908,907,0,12,1,418,417,0.0,0.0008509479560230097,1,776,775,4,-1,5,6,0,518,729,335
118,0,101,1,944,943,0,2,1,331,330,0.0,0.0,1,1,0,8,-1,9,2,1,986,706,972
119,2,2,355,355,0,22,22,401,401,0,0.0,0.0,1,1,0,-1,5,5,12,1,106,878,650
120,16,16,576,576,0,36,36,568,568,0,0.00017018959120460194,0.00017018959120460194,531,531,0,-1,3,3,9,1,395,322,954
121,9,109,625,953,328,14,14,630,630,0,0.00013615167296368154,0.0002723033459273631,522,614,92,4,4,4,3,3,707,704,447
122,24,230,714,974,260,26,30,719,735,16,0.0002723033459273631,0.00088498587426393,615,791,176,3,3,3,4,5,740,688,440
123,0,0,1,1,0,0,0,1,1,0,0.0,0.0,1,1,0,-1,-1,-1,8,0,137,793,517
124,2,2,364,364,0,8,8,427,427,0,0.00013615167296368154,0.00013615167296368154,505,505,0,-1,5,5,4,1,458,527,980
125,8,110,503,909,406,14,14,396,396,0,0.00010211375472276115,0.00017018959120460194,488,546,58,4,5,5,8,6,646,279,378
126,6,212,440,972,532,16,20,525,592,67,3.4037918240920386e-05,0.002757071377514551,411,918,507,3,4,4,4,1,690,958,56
127,0,101,1,915,914,0,4,1,329,328,0.0,0.0,1,1,0,6,-1,7,4,0,949,643,181
128,53,259,834,975,141,56,56,843,843,0,0.0012594029749140542,0.0022465026039007454,841,898,57,3,3,3,6,11,237,118,68
129,0,0,1,1,0,0,0,1,1,0,0.0,0.0,1,1,0,-1,-1,-1,2,0,830,668,699
130,12,12,620,620,0,24,24,746,746,0,0.000442492937131965,0.000442492937131965,707,707,0,-1,4,4,4,2,728,475,201
131,5,211,510,985,475,6,10,459,578,119,0.00017018959120460194,0.0015317063208414173,537,870,333,3,5,4,3,4,786,319,58
132,0,206,1,960,959,0,24,1,478,477,0.0,0.0004084550188910446,1,680,679,3,-1,4,8,0,223,815,439
133,8,214,548,974,426,14,14,565,565,0,6.807583648184077e-05,0.0009530617107457708,456,815,359,3,4,4,3,2,861,491,67
134,0,102,1,963,962,0,4,1,457,456,0.0,0.0004084550188910446,1,702,701,4,-1,5,2,0,749,725,339
135,0,101,1,914,913,0,5,1,331,330,0.0,0.0,1,1,0,5,-1,6,5,0,565,702,853
136,36,36,762,762,0,42,42,698,698,0,0.000442492937131965,0.000442492937131965,690,690,0,-1,3,3,6,7,98,303,446
137,3,3,484,484,0,3,3,402,402,0,3.4037918240920386e-05,3.4037918240920386e-05,417,417,0,-1,5,5,2,3,936,434,929
138,6,622,399,991,592,19,64,410,672,262,0.0,0.0051397256543789785,1,957,956,2,4,3,9,1,100,639,21
139,18,18,634,634,0,42,42,644,644,0,0.0002382654276864427,0.0002382654276864427,591,591,0,-1,3,3,8,2,371,628,786
140,6,108,481,940,459,12,12,606,606,0,0.00013615167296368154,0.0002382654276864427,520,597,77,4,4,4,2,1,970,553,371
141,0,0,1,1,0,0,0,1,1,0,0.0,0.0,1,1,0,-1,-1,-1,11,0,248,669,981
142,21,21,669,669,0,18,18,491,491,0,0.00034037918240920387,0.00034037918240920387,638,638,0,-1,4,4,5,5,390,528,820
143,24,24,633,633,0,130,130,760,760,0,0.00034037918240920387,0.00034037918240920387,640,640,0,-1,3,3,17,5,24,619,909
144,4,4,400,400,0,20,20,400,400,0,0.00010211375472276115,0.00010211375472276115,474,474,0,-1,5,5,11,5,379,464,989
145,16,222,570,957,387,92,96,785,803,18,0.00030634126416828345,0.0020422750944552232,627,878,251,3,3,3,11,1,155,80,151
146,0,101,1,905,904,0,3,1,331,330,0.0,6.807583648184077e-05,1,449,448,5,-1,6,3,0,837,790,555
147,8,214,479,952,473,40,47,441,469,28,0.00013615167296368154,0.00034037918240920387,505,633,128,3,4,4,18,2,29,547,486
148,8,8,466,466,0,30,30,411,411,0,0.00013615167296368154,0.00013615167296368154,516,516,0,-1,4,4,14,2,127,599,987
149,8,110,605,958,353,12,12,637,637,0,0.00030634126416828345,0.001599782157323258,651,878,227,4,4,4,2,3,913,610,87
150,112,112,890,890,0,170,170,940,940,0,0.002825147213996392,0.002825147213996392,919,919,0,-1,2,2,11,15,227,151,783
151,31,133,776,943,167,20,20,558,558,0,0.0006126825283365669,0.002212464685659825,752,890,138,4,4,4,4,7,542,396,66
152,0,206,1,970,969,0,14,1,554,553,0.0,0.0015317063208414173,1,856,855,3,-1,4,3,0,839,808,144
153,10,10,571,571,0,12,12,499,499,0,0.00010211375472276115,0.00010211375472276115,492,492,0,-1,4,4,4,4,461,567,633
154,0,206,1,954,953,0,20,1,417,416,0.0,0.00010211375472276115,1,467,466,3,-1,4,10,0,258,707,501
155,0,0,1,1,0,0,0,1,1,0,0.0,0.0,1,1,0,-1,-1,-1,2,0,981,863,984
156,2,103,371,938,567,6,6,453,453,0,3.4037918240920386e-05,3.4037918240920386e-05,404,404,0,7,5,5,3,2,683,342,640
157,0,102,1,944,943,0,4,1,435,434,0.0,0.001157289220191293,1,838,837,4,-1,5,2,1,929,513,117
158,27,27,746,746,0,24,24,755,755,0,0.0004084550188910446,0.0004084550188910446,678,678,0,-1,3,3,3,5,935,528,946
159,0,101,1,922,921,0,4,1,332,331,0.0,3.4037918240920386e-05,1,404,403,6,-1,7,4,0,543,942,503
160,6,6,611,611,0,8,8,687,687,0,0.0004765308553728854,0.0004765308553728854,712,712,0,-1,4,4,2,1,944,612,445
161,0,616,1,997,996,0,30,1,761,760,0.0,0.010109261717553355,1,985,984,2,-1,3,4,0,573,977,24
162,72,72,873,873,0,54,54,891,891,0,0.0012594029749140542,0.0012594029749140542,849,849,0,-1,3,3,4,12,444,163,456
163,0,206,1,963,962,0,27,1,508,507,0.0,0.00088498587426393,1,779,778,3,-1,4,8,0,325,668,630
164,166,166,917,917,0,198,198,858,858,0,0.0020763130126961434,0.0020763130126961434,889,889,0,-1,2,2,19,20,89,49,946
165,0,206,1,966,965,0,18,1,465,464,0.0,0.00013615167296368154,1,506,505,3,-1,4,7,0,413,979,718
166,6,107,405,903,498,25,25,455,455,0,3.4037918240920386e-05,3.4037918240920386e-05,409,409,0,5,4,4,9,1,803,416,690
167,0,616,1,996,995,0,36,1,644,643,0.0,0.0021784267674189047,1,889,888,2,-1,3,7,0,658,324,96
168,0,101,1,956,955,0,2,1,330,329,0.0,0.0002042275094455223,1,594,593,5,-1,6,2,0,974,813,652
169,100,100,924,924,0,100,100,997,997,0,0.050069777732393884,0.05037611899656217,998,998,0,4,1,1,3,9,627,341,22
170,24,24,656,656,0,38,38,524,524,0,0.0002382654276864427,0.0002382654276864427,575,575,0,-1,4,4,9,4,123,210,695
171,0,206,1,955,954,0,16,1,416,415,0.0,0.00010211375472276115,1,490,489,3,-1,4,7,0,331,954,785
172,24,24,764,764,0,38,38,903,903,0,0.0012934408931549745,0.0012934408931549745,850,850,0,-1,3,3,3,4,530,281,228
173,86,292,887,979,92,54,54,902,902,0,0.001497668402600497,0.0051397256543789785,857,959,102,3,3,3,4,15,694,62,21
174,475,681,991,998,7,56,56,954,954,0,0.015487252799618776,0.016168011164437182,994,996,2,3,2,2,2,91,859,7,471
175,36,138,773,938,165,44,44,718,718,0,0.0008169100377820892,0.0012594029749140542,776,824,48,4,3,3,7,5,722,418,396
176,164,164,948,948,0,62,62,809,809,0,0.003642057251778481,0.003642057251778481,940,940,0,-1,3,3,7,28,214,41,979
177,226,432,986,998,12,48,48,974,974,0,0.00803294870485721,0.009462541270975866,975,980,5,3,3,3,3,59,883,6,94
178,9,111,542,916,374,26,26,570,570,0,0.00017018959120460194,0.0004084550188910446,542,676,134,4,4,4,5,5,492,395,711
179,2,2,370,370,0,4,4,394,394,0,0.0,0.0,1,1,0,-1,5,5,2,1,752,402,894
180,9,625,483,991,508,44,82,467,616,149,0.0,0.0009870996289866913,1,797,796,2,4,3,14,4,127,442,179
181,0,206,1,940,939,0,42,1,431,430,0.0,6.807583648184077e-05,1,442,441,3,-1,4,17,0,103,777,628
182,51,667,830,999,169,26,36,603,712,109,0.0009190237925048504,0.0022465026039007454,807,894,87,2,4,3,5,16,382,113,355
183,0,101,1,937,936,0,2,1,331,330,0.0,3.4037918240920386e-05,1,408,407,5,-1,6,2,0,747,801,791
184,0,206,1,964,963,0,16,1,449,448,0.0,0.0007828721195411688,1,769,768,3,-1,4,6,0,369,881,193
185,0,0,1,1,0,0,0,1,1,0,0.0,0.0,1,1,0,-1,-1,-1,5,0,396,768,483
186,346,552,977,990,13,196,196,970,970,0,0.006535280302256714,0.006671431975220395,965,966,1,3,2,2,12,49,212,51,214
187,0,206,1,949,948,0,38,1,470,469,0.0,0.0002042275094455223,1,559,558,3,-1,4,14,0,47,971,655
188,30,646,640,996,356,78,172,518,804,286,0.00017018959120460194,0.00622893903808843,529,966,437,2,3,3,21,4,1,380,18
189,0,102,1,884,883,0,15,1,384,383,0.0,0.0002382654276864427,1,593,592,4,-1,5,9,1,202,747,391
190,2,208,362,969,607,11,20,412,500,88,0.0,0.0009870996289866913,1,812,811,3,5,4,6,1,253,449,227
191,5,5,443,443,0,6,6,400,400,0,0.0002042275094455223,0.0002042275094455223,583,583,0,-1,5,5,3,3,746,485,588
192,0,616,1,998,997,0,30,1,761,760,0.0,0.007658531604207087,1,975,974,2,-1,3,4,0,610,276,10
193,0,0,1,1,0,0,0,1,1,0,0.0,0.0,1,1,0,-1,-1,-1,6,0,560,903,950
194,0,206,1,957,956,0,20,1,444,443,0.0,0.00010211375472276115,1,475,474,3,-1,4,8,0,131,608,134
195,0,102,1,909,908,0,13,1,396,395,0.0,0.0002382654276864427,1,589,588,4,-1,5,8,0,323,757,770
196,16,16,629,629,0,44,44,854,854,0,0.0007828721195411688,0.0007828721195411688,767,767,0,-1,3,3,4,2,384,482,372
197,0,206,1,947,946,0,37,1,439,438,0.0,0.00017018959120460194,1,526,525,3,-1,4,15,0,45,942,525
198,0,206,1,964,963,0,12,1,429,428,0.0,0.0002382654276864427,1,582,581,3,-1,4,5,1,506,948,453
199,43,249,934,998,64,42,46,993,996,3,0.021716191837707205,0.02723033459273631,993,996,3,3,2,2,2,5,955,225,102
200,0,102,1,924,923,0,10,1,443,442,0.0,0.0005105687736138058,1,713,712,4,-1,5,5,0,435,902,92
201,50,50,789,789,0,104,104,882,882,0,0.0014295925661186562,0.0014295925661186562,845,845,0,-1,3,3,9,8,276,174,844
202,16,632,495,987,492,158,172,733,762,29,0.0005105687736138058,0.004050512270669526,688,939,251,2,3,3,21,1,54,759,51
203,3,3,458,458,0,5,5,412,412,0,3.4037918240920386e-05,3.4037918240920386e-05,402,402,0,-1,5,5,3,2,718,602,498
204,42,144,823,957,134,46,47,883,889,6,0.005548180673270023,0.005684332346233704,964,964,0,4,2,2,5,5,557,476,223
205,22,123,808,968,160,18,18,877,877,0,0.0006807583648184077,0.0007828721195411688,766,784,18,5,3,3,2,10,981,266,579
206,2,2,354,354,0,9,9,355,355,0,0.0,0.0,1,1,0,-1,5,5,8,3,303,676,989
207,8,214,483,955,472,22,50,439,606,167,6.807583648184077e-05,0.001497668402600497,438,852,414,3,4,4,9,2,262,566,47
208,2,103,392,970,578,4,4,482,482,0,3.4037918240920386e-05,3.4037918240920386e-05,417,417,0,7,5,5,2,2,936,764,181
209,0,102,1,877,876,0,16,1,351,350,0.0,0.0,1,1,0,4,-1,5,14,0,198,751,552
210,43,249,804,975,171,32,32,632,632,0,0.0009190237925048504,0.0019741992579733825,799,886,87,3,4,4,6,13,587,120,226
211,33,135,741,934,193,18,18,477,477,0,0.0005105687736138058,0.0007147962830593281,702,762,60,4,4,4,5,10,349,413,504
212,12,12,583,583,0,16,16,520,520,0,3.4037918240920386e-05,3.4037918240920386e-05,402,402,0,-1,4,4,4,5,741,350,952
213,0,206,1,951,950,0,24,1,453,452,0.0,0.0007488342013002485,1,757,756,3,-1,4,9,0,414,865,243
214,6,212,497,981,484,12,12,631,631,0,0.0002382654276864427,0.0018720855032506212,604,882,278,3,4,4,2,1,625,168,72
215,16,118,504,885,381,102,102,606,606,0,0.00010211375472276115,0.00010211375472276115,486,486,0,4,3,3,19,2,14,544,563
216,203,203,970,970,0,56,56,953,953,0,0.008169100377820893,0.008169100377820893,982,982,0,-1,2,2,2,31,909,102,436
217,0,0,1,1,0,0,0,1,1,0,0.0,0.0,1,1,0,-1,-1,-1,9,1,213,641,938
218,12,12,464,464,0,53,53,446,446,0,0.00034037918240920387,0.00034037918240920387,654,654,0,-1,4,4,19,2,31,579,881
219,30,30,733,733,0,62,62,772,772,0,0.0004765308553728854,0.0004765308553728854,700,700,0,-1,3,3,7,10,118,266,992
220,6,212,466,975,509,14,18,564,634,70,0.0002382654276864427,0.001055175465468532,596,825,229,3,4,4,3,1,627,370,364
221,31,237,727,965,238,54,54,685,685,0,0.0006126825283365669,0.001497668402600497,734,856,122,3,3,3,8,5,260,216,79
222,6,6,447,447,0,12,12,470,470,0,0.00013615167296368154,0.00013615167296368154,520,520,0,-1,4,4,4,2,512,325,995
223,6,212,448,972,524,10,14,461,553,92,0.0,0.0013955546478777359,1,856,855,3,4,4,3,1,801,837,60
224,124,124,965,965,0,28,28,877,877,0,0.004186663943633207,0.004186663943633207,951,951,0,-1,3,3,3,45,883,77,751
225,7,108,533,932,399,14,14,556,556,0,0.00013615167296368154,0.0002042275094455223,523,577,54,5,4,4,3,2,831,251,762
226,22,123,680,925,245,30,30,659,659,0,0.00030634126416828345,0.00030634126416828345,636,636,0,6,4,4,5,7,599,237,331
227,2,208,365,977,612,6,11,367,485,118,3.4037918240920386e-05,0.000442492937131965,397,693,296,3,5,4,5,1,695,687,282
228,0,206,1,970,969,0,22,1,576,575,0.0,0.0017018959120460194,1,861,860,3,-1,4,5,0,644,880,38
229,50,152,777,926,149,90,90,715,715,0,0.0009870996289866913,0.0010892133837094523,792,805,13,4,3,3,13,9,91,240,739
230,4,4,393,393,0,26,26,413,413,0,0.00010211375472276115,0.00010211375472276115,480,480,0,-1,5,5,13,2,160,602,695
231,0,102,1,874,873,0,20,1,361,360,0.0,3.4037918240920386e-05,1,396,395,4,-1,5,17,0,112,624,485
232,147,1787,927,1000,73,134,178,867,942,75,0.003982436434187685,0.01242384015793594,940,985,45,1,2,2,14,24,84,119,97
233,60,60,826,826,0,102,102,931,931,0,0.0014295925661186562,0.0014295925661186562,838,838,0,-1,3,3,7,8,193,174,897
234,89,89,866,866,0,104,104,869,869,0,0.001055175465468532,0.001055175465468532,800,800,0,-1,3,3,9,17,213,327,678
235,12,218,632,978,346,18,18,710,710,0,0.00013615167296368154,0.0006126825283365669,519,738,219,3,4,4,3,2,961,586,414
236,140,346,954,991,37,32,32,907,907,0,0.002723033459273631,0.0034718676605738795,916,926,10,3,3,3,2,33,926,15,352
237,26,128,788,960,172,28,28,846,846,0,0.0005446066918547262,0.0011232513019503727,726,826,100,4,3,3,3,4,854,267,186
238,43,144,902,983,81,12,12,833,833,0,0.001940161339732462,0.0020763130126961434,894,897,3,5,4,4,2,18,920,64,904
239,12,628,553,995,442,24,34,609,711,102,0.0002382654276864427,0.002757071377514551,594,917,323,2,4,3,4,4,509,346,98
240,0,206,1,949,948,0,38,1,479,478,0.0,0.00034037918240920387,1,646,645,3,-1,4,11,0,167,960,165
241,2,2,359,359,0,9,9,401,401,0,3.4037918240920386e-05,3.4037918240920386e-05,391,391,0,-1,5,5,5,2,604,662,910
242,6,6,454,454,0,8,8,462,462,0,0.00010211375472276115,0.00010211375472276115,485,485,0,-1,4,4,2,1,763,810,860
243,2,104,366,941,575,6,6,418,418,0,0.0,0.00030634126416828345,1,645,644,4,5,5,3,1,699,530,115
244,0,206,1,964,963,0,15,1,441,440,0.0,0.00037441710065012424,1,652,651,3,-1,4,7,0,336,849,452
245,0,206,1,958,957,0,20,1,470,469,0.0,0.0004084550188910446,1,675,674,3,-1,4,6,0,425,651,510
246,0,102,1,889,888,0,14,1,405,404,0.0,0.0006126825283365669,1,726,725,4,-1,5,7,0,193,735,390
247,27,128,726,937,211,60,60,897,897,0,0.001055175465468532,0.001055175465468532,815,815,0,5,3,3,5,6,487,114,563
248,0,0,1,1,0,0,0,1,1,0,0.0,0.0,1,1,0,-1,-1,-1,3,0,471,831,446
249,6,108,438,919,481,14,14,509,509,0,0.00010211375472276115,0.0008169100377820892,485,782,297,4,4,4,3,1,459,561,226
250,40,40,825,825,0,22,22,746,746,0,0.0007488342013002485,0.0007488342013002485,774,774,0,-1,3,3,2,7,971,253,984
251,0,0,1,1,0,0,0,1,1,0,0.0,0.0,1,1,0,-1,-1,-1,7,0,118,565,793
252,38,38,790,790,0,40,40,780,780,0,0.0011913271384322134,0.0011913271384322134,823,823,0,-1,3,3,5,6,284,397,276
253,16,118,623,934,311,26,26,707,707,0,0.00030634126416828345,0.0006467204465774873,639,755,116,4,3,3,4,1,504,360,121
254,0,0,1,1,0,0,0,1,1,0,0.0,0.0,1,1,0,-1,-1,-1,9,1,192,428,940
255,0,102,1,883,882,0,12,1,361,360,0.0,0.0,1,1,0,4,-1,5,10,0,240,850,594
256,0,102,1,926,925,0,7,1,395,394,0.0,0.0004084550188910446,1,680,679,4,-1,5,4,0,619,228,406
257,0,0,1,1,0,0,0,1,1,0,0.0,0.0,1,1,0,-1,-1,-1,8,0,454,839,715
258,8,109,513,911,398,28,28,570,570,0,0.0002042275094455223,0.0002042275094455223,572,572,0,6,4,4,6,2,369,251,469
259,0,0,1,1,0,0,0,1,1,0,0.0,0.0,1,1,0,-1,-1,-1,11,0,248,818,201
260,24,24,752,752,0,10,10,542,542,0,0.00037441710065012424,0.00037441710065012424,670,670,0,-1,4,4,3,6,674,136,996
261,1,103,333,917,584,4,7,333,385,52,0.0,0.0002723033459273631,1,619,618,4,7,5,4,2,558,582,683
262,2,104,352,892,540,11,11,379,379,0,3.4037918240920386e-05,3.4037918240920386e-05,405,405,0,4,5,5,7,1,372,594,627
263,6,108,449,926,477,30,30,675,675,0,0.0002382654276864427,0.00034037918240920387,593,646,53,4,4,4,5,1,534,655,353
264,98,98,918,918,0,48,48,945,945,0,0.0028932230504782326,0.0028932230504782326,924,924,0,-1,2,2,3,19,864,184,200
265,0,0,1,1,0,0,0,1,1,0,0.0,0.0,1,1,0,-1,-1,-1,18,0,29,587,973
266,0,102,1,906,905,0,12,1,399,398,0.0,0.0002042275094455223,1,567,566,4,-1,5,7,0,658,816,251
267,100,100,887,887,0,100,100,918,918,0,0.021477926410020762,0.021477926410020762,996,996,0,-1,1,1,8,15,443,36,854
268,0,102,1,964,963,0,5,1,454,453,0.0,0.0007828721195411688,1,789,788,4,-1,5,3,0,812,778,117
269,8,214,543,970,427,12,30,467,703,236,3.4037918240920386e-05,0.00353994349705572,400,933,533,3,4,4,5,2,291,749,14
270,35,35,746,746,0,54,54,721,721,0,0.0006467204465774873,0.0006467204465774873,740,740,0,-1,3,3,8,8,508,257,747
271,99,99,907,907,0,50,50,859,859,0,0.002314578440382586,0.002314578440382586,905,905,0,-1,3,3,5,18,692,141,928
272,2,208,360,970,610,5,14,384,554,170,6.807583648184077e-05,0.0007828721195411688,445,771,326,3,5,4,3,1,839,879,52
273,10,112,608,944,336,10,10,513,513,0,0.00030634126416828345,0.0009190237925048504,649,805,156,4,4,4,3,4,845,622,630
274,0,206,1,969,968,0,11,1,446,445,0.0,0.00030634126416828345,1,641,640,3,-1,4,4,0,736,887,395
275,4,4,457,457,0,6,6,440,440,0,0.00017018959120460194,0.00017018959120460194,547,547,0,-1,5,5,3,2,433,724,779
276,2,103,373,949,576,6,6,449,449,0,0.0,0.0,1,1,0,6,5,5,3,2,854,597,781
277,0,102,1,938,937,0,5,1,413,412,0.0,0.00017018959120460194,1,563,562,4,-1,5,3,0,871,657,168
278,38,654,753,995,242,62,62,785,785,0,0.0012934408931549745,0.0024507301133462676,834,905,71,2,3,3,7,7,209,630,700
279,331,947,984,1000,16,104,104,990,990,0,0.008713707069675619,0.010755982164130842,979,986,7,2,2,2,5,61,524,14,71
280,22,638,580,992,412,74,105,495,620,125,0.00013615167296368154,0.001157289220191293,494,810,316,2,3,3,21,2,13,549,403
281,22,22,649,649,0,62,62,729,729,0,0.00034037918240920387,0.00034037918240920387,645,645,0,-1,3,3,7,2,296,453,573
282,16,632,557,994,437,74,88,692,748,56,0.00030634126416828345,0.002825147213996392,632,916,284,2,3,3,11,2,139,493,39
283,22,124,612,904,292,86,86,619,619,0,0.00013615167296368154,0.0002042275094455223,504,562,58,4,3,3,16,2,60,791,575
284,2,2,398,398,0,4,4,452,452,0,0.00013615167296368154,0.00013615167296368154,525,525,0,-1,5,5,2,1,782,238,927
285,0,102,1,903,902,0,11,1,375,374,0.0,3.4037918240920386e-05,1,389,388,4,-1,5,8,0,301,695,434
286,88,294,871,973,102,76,76,891,891,0,0.002382654276864427,0.0051397256543789785,905,963,58,3,3,3,6,12,473,104,111
287,16,222,495,945,450,92,96,541,548,7,0.00010211375472276115,0.0002382654276864427,468,585,117,3,3,3,21,2,54,714,627
288,12,12,560,560,0,20,20,585,585,0,3.4037918240920386e-05,3.4037918240920386e-05,399,399,0,-1,4,4,4,2,858,586,913
289,24,24,669,669,0,56,56,645,645,0,0.0007488342013002485,0.0007488342013002485,763,763,0,-1,4,4,10,6,211,377,629
290,16,16,647,647,0,40,40,878,878,0,0.0006807583648184077,0.0006807583648184077,764,764,0,-1,3,3,4,1,563,480,698
291,98,304,838,963,125,190,190,850,850,0,0.00176997174852786,0.0019061234214915416,865,871,6,3,3,3,20,17,88,213,443
292,276,378,975,985,10,78,78,945,945,0,0.007692569522448007,0.007726607440688927,978,978,0,4,2,2,4,34,300,20,508
293,40,142,843,963,120,42,42,975,975,0,0.009088124170325743,0.009326389598012186,981,981,0,4,2,2,2,1,838,421,291
294,0,206,1,958,957,0,22,1,463,462,0.0,0.0005786446100956465,1,722,721,3,-1,4,7,0,193,632,219
295,0,0,1,1,0,0,0,1,1,0,0.0,0.0,1,1,0,-1,-1,-1,2,0,925,938,426
296,0,206,1,962,961,0,20,1,450,449,0.0,0.00030634126416828345,1,637,636,3,-1,4,7,0,216,620,197
297,0,0,1,1,0,0,0,1,1,0,0.0,0.0,1,1,0,-1,-1,-1,12,0,58,772,939
298,14,220,584,967,383,18,18,493,493,0,0.0002723033459273631,0.0005446066918547262,610,715,105,3,4,4,5,4,492,625,339
299,54,54,865,865,0,42,42,963,963,0,0.0021784267674189047,0.0021784267674189047,905,905,0,-1,2,2,2,7,880,169,600
300,15,221,641,977,336,18,18,647,647,0,0.0005786446100956465,0.0013955546478777359,730,849,119,3,4,4,3,6,829,490,422
301,103,204,936,977,41,12,12,606,606,0,0.0035739814152966403,0.0035739814152966403,936,936,0,5,4,4,2,25,970,105,547
302,0,102,1,925,924,0,9,1,412,411,0.0,0.00034037918240920387,1,644,643,4,-1,5,5,0,765,801,422
303,71,687,856,998,142,52,66,783,864,81,0.0018380475850097008,0.004731270635487933,876,958,82,2,3,3,6,17,266,180,47
304,16,118,599,914,315,36,36,594,594,0,6.807583648184077e-05,0.00034037918240920387,451,648,197,4,3,3,7,2,118,544,346
305,2,2,347,347,0,13,13,373,373,0,0.0,0.0,1,1,0,-1,5,5,9,1,178,687,758
306,54,54,783,783,0,122,122,818,818,0,0.0005105687736138058,0.0005105687736138058,710,710,0,-1,3,3,12,4,239,40,456
307,0,0,1,1,0,0,0,1,1,0,0.0,0.0,1,1,0,-1,-1,-1,24,0,28,712,472
308,1,1,333,333,0,24,24,333,333,0,0.0,0.0,1,1,0,-1,6,6,24,1,28,703,758
309,2,2,349,349,0,16,16,370,370,0,0.0,0.0,1,1,0,-1,5,5,12,1,175,593,889
310,2,2,359,359,0,12,12,359,359,0,3.4037918240920386e-05,3.4037918240920386e-05,410,410,0,-1,5,5,11,1,261,717,400
311,13,13,548,548,0,21,21,455,455,0,0.00013615167296368154,0.00013615167296368154,520,520,0,-1,4,4,7,6,591,279,744
312,22,124,706,943,237,18,18,620,620,0,0.0004765308553728854,0.0005786446100956465,704,737,33,4,4,4,3,5,636,182,302
313,0,0,1,1,0,0,0,1,1,0,0.0,0.0,1,1,0,-1,-1,-1,2,2,955,633,841
314,0,0,1,1,0,0,0,1,1,0,0.0,0.0,1,1,0,-1,-1,-1,7,0,472,737,916
315,30,132,706,924,218,54,54,676,676,0,0.0010211375472276116,0.0011232513019503727,801,815,14,4,3,3,10,9,527,29,361
316,2,104,373,942,569,3,4,333,374,41,3.4037918240920386e-05,3.4037918240920386e-05,409,409,0,4,6,5,3,5,785,605,873
317,16,118,693,958,265,10,10,534,534,0,0.0002723033459273631,0.0005446066918547262,617,720,103,4,4,4,3,8,654,132,368
318,55,55,818,818,0,46,46,668,668,0,0.0005446066918547262,0.0005446066918547262,716,716,0,-1,3,3,8,10,325,366,978
319,0,0,1,1,0,0,0,1,1,0,0.0,0.0,1,1,0,-1,-1,-1,3,0,883,673,967
320,100,100,860,860,0,100,100,726,726,0,0.01232172640321318,0.01232172640321318,984,984,0,-1,1,1,14,1,108,810,348
321,0,206,1,945,944,0,40,1,463,462,0.0,0.0005446066918547262,1,712,711,3,-1,4,14,0,144,813,413
322,6,108,417,907,490,24,24,552,552,0,0.00017018959120460194,0.0002382654276864427,546,600,54,4,4,4,6,2,98,532,392
323,46,252,821,970,149,68,68,949,949,0,0.0015657442390823377,0.002144388849177984,861,889,28,3,2,2,4,2,614,827,138
324,0,101,1,960,959,0,2,1,331,330,0.0,0.0002382654276864427,1,606,605,5,-1,6,2,0,997,769,625
325,0,616,1,991,990,0,150,1,752,751,0.0,0.005888559855679227,1,958,957,2,-1,3,19,0,46,944,18
326,0,0,1,1,0,0,0,1,1,0,0.0,0.0,1,1,0,-1,-1,-1,2,0,983,922,872
327,0,0,1,1,0,0,0,1,1,0,0.0,0.0,1,1,0,-1,-1,-1,6,0,253,848,932
328,6,6,396,396,0,37,37,424,424,0,6.807583648184077e-05,6.807583648184077e-05,447,447,0,-1,4,4,17,2,112,560,608
329,4,106,481,953,472,4,4,420,420,0,3.4037918240920386e-05,0.0002042275094455223,414,586,172,4,5,5,2,2,686,599,791
330,18,120,614,910,296,56,56,670,670,0,0.0002382654276864427,0.00034037918240920387,585,652,67,4,3,3,9,3,136,263,354
331,115,217,920,967,47,60,60,841,841,0,0.0018380475850097008,0.0019741992579733825,883,892,9,4,3,3,5,19,408,91,689
332,6,108,430,923,493,20,20,553,553,0,0.00010211375472276115,0.0002042275094455223,479,559,80,4,4,4,4,1,822,110,550
333,24,230,746,977,231,22,22,784,784,0,0.0006467204465774873,0.0009530617107457708,754,810,56,3,3,3,2,3,750,616,291
334,0,206,1,974,973,0,16,1,528,527,0.0,0.0005446066918547262,1,731,730,3,-1,4,4,0,495,483,242
335,2,104,366,933,567,3,6,331,445,114,0.0,0.0011232513019503727,1,826,825,4,6,5,3,5,882,605,87
336,1,103,333,936,603,4,8,333,443,110,0.0,0.0006126825283365669,1,743,742,4,8,5,4,2,721,582,163
337,0,101,1,895,894,0,6,1,332,331,0.0,6.807583648184077e-05,1,441,440,5,-1,6,6,1,393,874,893
338,2,103,373,940,567,3,3,375,375,0,0.0,0.0,1,1,0,5,5,5,2,1,757,530,878
339,0,206,1,957,956,0,28,1,495,494,0.0,0.00088498587426393,1,777,776,3,-1,4,8,0,131,548,171
340,78,78,910,910,0,68,68,980,980,0,0.004186663943633207,0.004186663943633207,947,947,0,-1,2,2,4,9,553,415,846
341,53,53,919,919,0,12,12,731,731,0,0.002110350930937064,0.002110350930937064,908,908,0,-1,4,4,2,24,959,119,498
342,6,108,449,923,474,14,14,488,488,0,6.807583648184077e-05,0.00013615167296368154,452,512,60,4,4,4,5,1,662,904,223
343,0,0,1,1,0,0,0,1,1,0,0.0,0.0,1,1,0,-1,-1,-1,2,1,643,828,863
344,427,633,984,993,9,234,234,983,983,0,0.006909697402906838,0.007182000748834201,968,968,0,3,2,2,12,61,106,14,338
345,18,224,635,964,329,42,42,657,657,0,0.00017018959120460194,0.0002723033459273631,534,599,65,3,4,4,7,4,450,233,756
346,124,124,949,949,0,44,44,890,890,0,0.0028591851322373124,0.0028591851322373124,911,911,0,-1,3,3,4,17,696,81,980
347,9,111,534,918,384,28,28,564,564,0,0.00017018959120460194,0.0004084550188910446,543,674,131,4,4,4,6,4,549,230,545
348,24,230,662,964,302,66,66,693,693,0,0.0006126825283365669,0.0009530617107457708,724,785,61,3,3,3,10,4,169,336,178
349,100,100,877,877,0,100,100,932,932,0,0.02365635317743967,0.02825147213996392,998,999,1,3,1,1,7,8,182,174,19
350,53,53,830,830,0,48,48,788,788,0,0.0007488342013002485,0.0007488342013002485,764,764,0,-1,3,3,6,10,251,262,901
351,8,110,571,951,380,12,12,625,625,0,0.000442492937131965,0.0011913271384322134,682,831,149,4,4,4,2,2,960,453,218
352,43,249,800,973,173,56,56,789,789,0,0.0011913271384322134,0.001599782157323258,826,860,34,3,3,3,6,7,369,218,90
353,0,0,1,1,0,0,0,1,1,0,0.0,0.0,1,1,0,-1,-1,-1,16,0,53,696,847
354,18,634,591,994,403,64,78,645,724,79,0.0002723033459273631,0.0029612988869600733,597,922,325,2,3,3,11,3,233,354,213
355,6,108,453,931,478,26,26,658,658,0,0.00013615167296368154,0.0007147962830593281,531,768,237,4,4,4,5,1,795,561,175
356,0,0,1,1,0,0,0,1,1,0,0.0,0.0,1,1,0,-1,-1,-1,24,0,28,996,917
357,93,195,936,977,41,22,22,818,818,0,0.002552843868069029,0.0026889955410327104,918,919,1,4,3,3,2,28,999,98,408
358,0,616,1,994,993,0,45,1,535,534,0.0,0.0011913271384322134,1,822,821,2,-1,3,12,2,58,775,190
359,2,103,371,927,556,8,8,424,424,0,0.0,0.0,1,1,0,6,5,5,4,2,619,597,292
360,1,1,333,333,0,7,7,333,333,0,0.0,0.0,1,1,0,-1,8,8,7,1,591,857,826
361,24,24,668,668,0,24,24,571,571,0,0.0007147962830593281,0.0007147962830593281,765,765,0,-1,4,4,4,4,503,470,946
362,0,206,1,963,962,0,30,1,567,566,0.0,0.0005446066918547262,1,712,711,3,-1,4,7,0,359,715,482
363,34,34,708,708,0,84,84,695,695,0,0.00037441710065012424,0.00037441710065012424,663,663,0,-1,3,3,12,4,226,450,890
364,20,20,674,674,0,30,30,666,666,0,0.0009190237925048504,0.0009190237925048504,795,795,0,-1,4,4,5,4,561,207,936
365,45,251,845,980,135,32,32,915,915,0,0.0016678579938050988,0.00176997174852786,871,880,9,3,3,3,2,7,972,218,566
366,2,104,368,935,567,6,6,427,427,0,0.0,0.000442492937131965,1,701,700,4,5,5,3,3,958,321,236
367,22,22,650,650,0,50,50,676,676,0,0.0005105687736138058,0.0005105687736138058,710,710,0,-1,3,3,8,3,428,209,201
368,58,160,836,951,115,44,44,828,828,0,0.002382654276864427,0.002484768031587188,898,900,2,4,3,3,4,6,391,73,167
369,24,230,627,950,323,69,74,556,574,18,0.0002042275094455223,0.00037441710065012424,557,641,84,3,3,3,16,5,134,710,309
370,519,725,990,995,5,216,216,996,996,0,0.013649205214609075,0.01412573606998196,986,986,0,3,2,2,9,62,192,70,172
371,0,206,1,980,979,0,8,1,522,521,0.0,0.0012594029749140542,1,846,845,3,-1,4,2,0,942,649,175
372,28,28,675,675,0,76,76,715,715,0,0.0005446066918547262,0.0005446066918547262,714,714,0,-1,3,3,10,3,105,351,819
373,71,71,904,904,0,18,18,757,757,0,0.0014636304843595766,0.0014636304843595766,859,859,0,-1,4,4,3,17,916,79,324
374,6,6,416,416,0,38,38,606,606,0,6.807583648184077e-05,6.807583648184077e-05,451,451,0,-1,4,4,7,1,118,711,539
375,65,65,819,819,0,96,96,714,714,0,0.0009530617107457708,0.0009530617107457708,785,785,0,-1,3,3,14,14,130,175,895
376,0,101,1,882,881,0,11,1,332,331,0.0,0.0,1,1,0,5,-1,6,11,0,150,850,842
377,105,311,957,994,37,24,24,805,805,0,0.004016474352428605,0.005173763572619898,949,962,13,3,4,4,4,35,860,57,213
378,14,14,577,577,0,30,30,639,639,0,0.0005786446100956465,0.0005786446100956465,717,717,0,-1,4,4,5,4,377,622,865
379,13,13,619,619,0,16,16,545,545,0,0.00017018959120460194,0.00017018959120460194,552,552,0,-1,4,4,4,6,344,392,780
380,4,105,413,906,493,12,12,396,396,0,0.0002042275094455223,0.0002042275094455223,572,572,0,5,5,5,7,3,497,761,337
381,1,1,331,331,0,2,2,331,331,0,0.0,0.0,1,1,0,-1,9,9,2,1,978,857,643
382,88,190,941,978,37,32,32,946,946,0,0.0021784267674189047,0.002382654276864427,901,906,5,4,3,3,2,20,715,43,115
383,94,195,871,944,73,120,120,882,882,0,0.001497668402600497,0.001497668402600497,854,854,0,6,3,3,10,13,149,42,582
384,0,616,1,993,992,0,42,1,542,541,0.0,0.0008169100377820892,1,765,764,2,-1,3,10,0,105,751,312
385,16,632,639,997,358,32,42,733,857,124,0.0007488342013002485,0.0020082371762143027,768,887,119,2,3,3,5,1,765,500,700
386,6,107,389,875,486,44,44,420,420,0,0.0,0.0,1,1,0,6,4,4,21,1,2,807,603
387,2,103,355,900,545,18,18,422,422,0,0.0,0.0,1,1,0,5,5,5,9,1,388,618,743
388,24,230,759,977,218,24,28,789,810,21,0.0005786446100956465,0.002144388849177984,744,902,158,3,3,3,3,3,800,351,151
389,0,0,1,1,0,0,0,1,1,0,0.0,0.0,1,1,0,-1,-1,-1,5,0,457,542,775
390,103,309,907,978,71,60,60,861,861,0,0.001940161339732462,0.002927260968719153,882,919,37,3,3,3,5,12,377,58,137
391,30,132,733,920,187,38,38,672,672,0,0.00037441710065012424,0.0004765308553728854,659,691,32,4,3,3,6,5,630,124,799
392,24,125,707,940,233,36,36,734,734,0,0.0002042275094455223,0.0002042275094455223,569,569,0,6,3,3,5,5,561,688,924
393,0,0,1,1,0,0,0,1,1,0,0.0,0.0,1,1,0,-1,-1,-1,3,0,808,990,890
394,9,215,540,969,429,28,28,584,584,0,3.4037918240920386e-05,0.0002723033459273631,406,630,224,3,4,4,6,3,267,508,291
395,0,206,1,972,971,0,10,1,493,492,0.0,0.0006467204465774873,1,756,755,3,-1,4,3,0,842,914,160
396,188,188,974,974,0,56,56,967,967,0,0.008407365805507334,0.008407365805507334,981,981,0,-1,2,2,2,31,643,34,483
397,0,0,1,1,0,0,0,1,1,0,0.0,0.0,1,1,0,-1,-1,-1,3,0,712,783,753
398,16,16,517,517,0,62,62,535,535,0,0.00013615167296368154,0.00013615167296368154,498,498,0,-1,3,3,16,2,134,492,778
399,56,56,763,763,0,190,190,814,814,0,0.00088498587426393,0.00088498587426393,771,771,0,-1,2,2,22,2,22,475,649
400,0,616,1,996,995,0,70,1,856,855,0.0,0.008951972497362062,1,976,975,2,-1,3,8,0,431,624,6
401,16,118,661,945,284,12,12,597,597,0,0.0002042275094455223,0.00034037918240920387,575,662,87,4,4,4,2,4,972,259,260
402,4,210,404,959,555,15,34,393,515,122,0.00013615167296368154,0.0009530617107457708,526,799,273,3,5,4,9,2,217,694,139
403,36,138,805,951,146,22,22,740,740,0,0.0011913271384322134,0.0013615167296368155,838,847,9,4,3,3,2,9,846,245,579
404,0,102,1,931,930,0,4,1,392,391,0.0,0.00034037918240920387,1,655,654,4,-1,5,2,0,763,979,422
405,0,102,1,915,914,0,8,1,384,383,0.0,0.0004084550188910446,1,679,678,4,-1,5,5,0,531,867,795
406,179,281,951,973,22,72,72,822,822,0,0.0026889955410327104,0.002723033459273631,918,918,0,4,3,3,7,31,321,35,509
407,0,101,1,894,893,0,12,1,332,331,0.0,0.0,1,1,0,5,-1,6,12,0,93,533,763
408,88,88,865,865,0,60,60,702,702,0,0.0014636304843595766,0.0014636304843595766,844,844,0,-1,3,3,9,15,249,92,845
409,16,118,504,885,381,78,78,521,521,0,0.00013615167296368154,0.00034037918240920387,510,632,122,4,4,4,19,5,14,350,613
410,103,103,883,883,0,110,110,857,857,0,0.0020422750944552232,0.0020422750944552232,883,883,0,-1,3,3,10,18,105,63,816
411,0,0,1,1,0,0,0,1,1,0,0.0,0.0,1,1,0,-1,-1,-1,7,0,372,533,936
412,1,103,333,949,616,2,4,333,429,96,0.0,0.0018040096667687805,1,888,887,4,7,5,2,1,781,861,35
413,0,0,1,1,0,0,0,1,1,0,0.0,0.0,1,1,0,-1,-1,-1,2,1,926,568,685
414,1,207,332,981,649,2,7,332,509,177,0.0,0.0002723033459273631,1,630,629,3,7,4,2,1,957,469,379
415,31,31,760,760,0,28,28,589,589,0,0.00030634126416828345,0.00030634126416828345,637,637,0,-1,4,4,6,9,526,191,731
416,46,148,758,923,165,80,80,670,670,0,0.0008509479560230097,0.0008509479560230097,767,767,0,4,2,2,13,2,91,491,325
417,20,20,693,693,0,44,44,834,834,0,0.0011232513019503727,0.0011232513019503727,835,835,0,-1,3,3,4,6,542,247,675
418,2,208,351,960,609,18,28,399,477,78,3.4037918240920386e-05,0.0007828721195411688,412,772,360,3,5,4,10,1,161,743,264
419,0,206,1,970,969,0,13,1,454,453,0.0,0.0009190237925048504,1,797,796,3,-1,4,5,1,724,472,535
420,265,367,994,998,4,46,46,991,991,0,0.021852343510670887,0.022124646856598252,994,995,1,4,2,2,2,96,941,1,246
421,0,0,1,1,0,0,0,1,1,0,0.0,0.0,1,1,0,-1,-1,-1,15,1,51,828,850
422,115,115,889,889,0,140,140,853,853,0,0.001599782157323258,0.001599782157323258,857,857,0,-1,2,2,14,14,154,387,520
423,0,0,1,1,0,0,0,1,1,0,0.0,0.0,1,1,0,-1,-1,-1,8,0,223,846,568
424,0,102,1,915,914,0,7,1,376,375,0.0,0.00034037918240920387,1,660,659,4,-1,5,5,0,565,881,115
425,0,206,1,976,975,0,12,1,585,584,0.0,0.0011232513019503727,1,831,830,3,-1,4,2,0,934,774,184
426,90,296,856,973,117,142,142,889,889,0,0.0017359338302869397,0.0019061234214915416,867,877,10,3,3,3,12,13,116,183,683
427,104,720,883,992,109,216,226,924,928,4,0.0029612988869600733,0.003437829742332959,918,934,16,2,2,2,17,12,24,100,278
428,2,103,385,952,567,4,4,449,449,0,0.00030634126416828345,0.00034037918240920387,655,673,18,6,5,5,2,1,994,452,694
429,107,107,919,919,0,62,62,956,956,0,0.003437829742332959,0.003437829742332959,932,932,0,-1,2,2,3,15,778,153,941
430,58,58,788,788,0,114,114,716,716,0,0.0005446066918547262,0.0005446066918547262,701,701,0,-1,3,3,16,8,53,132,502
431,15,117,704,961,257,8,8,544,544,0,0.0002042275094455223,0.00030634126416828345,595,652,57,4,4,4,2,5,897,487,666
432,0,206,1,951,950,0,24,1,453,452,0.0,0.0009190237925048504,1,787,786,3,-1,4,9,0,414,938,218
433,227,227,975,975,0,64,64,932,932,0,0.006331052792811192,0.006331052792811192,972,972,0,-1,3,3,4,34,512,20,783
434,34,240,836,985,149,8,8,589,589,0,0.0009190237925048504,0.0026209197045508697,802,911,109,3,4,4,2,16,821,113,15
435,100,100,854,854,0,100,100,626,626,0,0.014636304843595765,0.01507879778072773,989,989,0,3,1,1,18,29,64,17,371
436,0,0,1,1,0,0,0,1,1,0,0.0,0.0,1,1,0,-1,-1,-1,13,1,242,835,954
437,0,0,1,1,0,0,0,1,1,0,0.0,0.0,1,1,0,-1,-1,-1,9,0,269,732,778
438,6,6,429,429,0,20,20,546,546,0,3.4037918240920386e-05,3.4037918240920386e-05,402,402,0,-1,4,4,4,2,500,575,766
439,56,262,865,982,117,24,24,711,711,0,0.0020422750944552232,0.00445896728956057,889,951,62,3,4,4,4,18,607,63,102
440,436,537,991,993,2,54,54,919,919,0,0.01232172640321318,0.01242384015793594,987,987,0,5,3,3,4,85,544,0,231
441,3,209,393,954,561,20,37,373,431,58,0.0,0.0002382654276864427,1,590,589,3,5,4,15,3,32,563,86
442,0,102,1,905,904,0,11,1,386,385,0.0,6.807583648184077e-05,1,459,458,4,-1,5,7,1,510,573,350
443,34,650,688,992,304,88,98,682,725,43,0.00017018959120460194,0.0006807583648184077,522,737,215,2,3,3,14,6,268,432,362
444,0,0,1,1,0,0,0,1,1,0,0.0,0.0,1,1,0,-1,-1,-1,9,0,315,672,985
445,0,616,1,997,996,0,24,1,707,706,0.0,0.0016338200755641784,1,871,870,2,-1,3,3,0,613,702,60
446,136,342,921,979,58,116,116,961,961,0,0.0028932230504782326,0.0031314884781646754,919,927,8,3,2,2,7,18,182,54,609
447,16,222,489,945,456,120,124,633,637,4,0.00037441710065012424,0.0005786446100956465,640,711,71,3,3,3,23,1,43,711,541
448,0,0,1,1,0,0,0,1,1,0,0.0,0.0,1,1,0,-1,-1,-1,22,1,22,568,768
449,14,116,601,927,326,14,14,532,532,0,0.0002382654276864427,0.001055175465468532,597,825,228,4,4,4,3,4,687,450,185
450,11,113,655,958,303,8,8,551,551,0,0.0005446066918547262,0.0013955546478777359,739,866,127,4,4,4,2,5,914,591,150
451,2,208,363,973,610,5,11,364,470,106,3.4037918240920386e-05,0.00030634126416828345,396,638,242,3,5,4,4,1,767,543,585
452,132,234,960,984,24,22,22,833,833,0,0.003608019333537561,0.00442492937131965,936,951,15,4,3,3,2,32,929,26,296
453,414,620,986,995,9,136,136,974,974,0,0.009462541270975866,0.010687906327649,981,982,1,3,2,2,7,62,417,70,62
454,16,16,569,569,0,26,26,447,447,0,0.00030634126416828345,0.00030634126416828345,622,622,0,-1,3,3,11,1,248,972,922
455,15,117,553,893,340,54,54,558,558,0,0.0002042275094455223,0.0004765308553728854,556,697,141,4,4,4,13,7,113,427,479
456,129,231,927,969,42,74,74,835,835,0,0.0026889955410327104,0.00353994349705572,912,934,22,4,3,3,8,23,146,117,218
457,46,46,746,746,0,88,88,646,646,0,0.0005786446100956465,0.0005786446100956465,720,720,0,-1,3,3,15,6,104,658,852
458,0,0,1,1,0,0,0,1,1,0,0.0,0.0,1,1,0,-1,-1,-1,8,0,142,997,569
459,0,206,1,973,972,0,11,1,470,469,0.0,0.0004084550188910446,1,683,682,3,-1,4,4,0,824,968,299
460,12,628,459,989,530,75,108,457,564,107,0.00017018959120460194,0.0009190237925048504,528,783,255,2,4,3,25,5,17,231,189
461,16,632,649,998,349,36,50,782,888,106,0.00034037918240920387,0.005446066918547262,645,955,310,2,3,3,5,3,574,309,471
462,96,302,878,973,95,90,90,808,808,0,0.0013274788113958951,0.0013955546478777359,832,837,5,3,3,3,10,17,409,269,958
463,39,39,661,661,0,150,150,674,674,0,0.00034037918240920387,0.00034037918240920387,621,621,0,-1,3,3,23,5,15,510,918
464,4,4,541,541,0,4,4,508,508,0,0.00010211375472276115,0.00010211375472276115,496,496,0,-1,5,5,2,3,944,508,583
465,1,617,332,1000,668,2,22,332,819,487,0.0,0.0033357159876101976,1,931,930,2,8,3,2,1,928,857,295
466,24,230,649,954,305,58,58,581,581,0,0.00017018959120460194,0.0007147962830593281,541,750,209,3,3,3,12,3,252,369,386
467,18,120,640,920,280,32,32,559,559,0,0.00030634126416828345,0.0008509479560230097,625,781,156,4,4,4,8,10,449,266,195
468,1,102,333,904,571,7,7,333,333,0,3.4037918240920386e-05,6.807583648184077e-05,404,442,38,5,6,6,7,2,305,692,601
469,58,674,844,996,152,30,40,663,750,87,0.00088498587426393,0.002212464685659825,795,896,101,2,4,3,5,15,677,138,195
470,55,55,854,854,0,44,44,841,841,0,0.0008509479560230097,0.0008509479560230097,790,790,0,-1,3,3,4,14,619,243,846
471,0,0,1,1,0,0,0,1,1,0,0.0,0.0,1,1,0,-1,-1,-1,16,0,27,533,967
472,7,108,617,974,357,4,4,496,496,0,0.0002723033459273631,0.0004084550188910446,633,699,66,5,5,5,2,7,872,170,188
473,134,235,937,970,33,100,100,955,955,0,0.0034718676605738795,0.0035739814152966403,935,937,2,5,2,2,6,12,489,58,383
474,0,206,1,959,958,0,24,1,490,489,0.0,0.0007828721195411688,1,764,763,3,-1,4,8,0,415,489,397
475,2,104,430,980,550,2,3,330,465,135,6.807583648184077e-05,0.00030634126416828345,458,654,196,4,6,5,2,2,955,364,40
476,14,220,573,967,394,36,36,592,592,0,0.0002042275094455223,0.0007488342013002485,558,763,205,3,4,4,8,3,454,485,412
477,2,103,359,929,570,3,3,360,360,0,3.4037918240920386e-05,3.4037918240920386e-05,399,399,0,5,5,5,2,1,828,639,530
478,0,0,1,1,0,0,0,1,1,0,0.0,0.0,1,1,0,-1,-1,-1,4,0,544,515,713
479,4,106,468,947,479,5,5,404,404,0,3.4037918240920386e-05,0.00013615167296368154,409,521,112,4,5,5,3,2,485,364,837
480,1,103,333,881,548,16,23,333,378,45,0.0,3.4037918240920386e-05,1,399,398,4,6,5,16,2,78,582,797
481,18,119,679,943,264,16,16,545,545,0,0.00030634126416828345,0.00030634126416828345,637,637,0,6,4,4,4,4,462,202,437
482,30,30,679,679,0,66,66,698,698,0,0.00013615167296368154,0.00013615167296368154,509,509,0,-1,3,3,10,4,109,259,787
483,314,314,986,986,0,64,64,965,965,0,0.008305252050784574,0.008305252050784574,975,975,0,-1,3,3,4,69,772,12,846
484,38,38,736,736,0,88,88,779,779,0,0.0009530617107457708,0.0009530617107457708,802,802,0,-1,3,3,11,4,234,326,929
485,24,126,774,955,181,8,8,590,590,0,0.00037441710065012424,0.0005105687736138058,690,737,47,4,4,4,2,5,283,308,659
486,0,101,1,914,913,0,5,1,332,331,0.0,3.4037918240920386e-05,1,403,402,5,-1,6,5,0,314,975,870
487,12,114,600,941,341,12,12,484,484,0,0.00010211375472276115,0.00010211375472276115,475,475,0,4,4,4,4,4,945,315,477
488,86,86,886,886,0,110,110,976,976,0,0.004050512270669526,0.004050512270669526,945,945,0,-1,2,2,6,6,549,73,349
489,14,220,530,950,420,35,39,444,462,18,0.00013615167296368154,0.0002723033459273631,515,616,101,3,4,4,14,3,21,485,749
490,16,222,550,958,408,28,64,459,662,203,0.00013615167296368154,0.0048674223084516155,500,954,454,3,3,3,11,1,271,788,70
491,0,102,1,945,944,0,5,1,395,394,0.0,0.0002042275094455223,1,577,576,4,-1,5,3,0,535,884,224
492,67,273,852,975,123,72,72,843,843,0,0.0013955546478777359,0.0021784267674189047,841,890,49,3,3,3,7,14,364,387,516
493,189,291,965,981,16,60,60,893,893,0,0.003165526396405596,0.003165526396405596,930,930,0,4,3,3,5,38,386,111,576
494,32,648,665,991,326,128,138,723,746,23,0.0002042275094455223,0.0006807583648184077,562,740,178,2,3,3,19,2,148,682,530
495,2,103,384,961,577,6,6,475,475,0,0.0,0.0,1,1,0,5,5,5,3,1,730,756,763
496,0,206,1,940,939,0,66,1,513,512,0.0,0.0011913271384322134,1,824,823,3,-1,4,18,1,111,235,79
497,22,638,734,998,264,18,28,652,793,141,0.0011913271384322134,0.011879233466081215,834,987,153,2,4,3,3,6,729,471,11
498,29,29,752,752,0,24,24,550,550,0,0.0005105687736138058,0.0005105687736138058,708,708,0,-1,4,4,6,9,465,212,693
499,0,206,1,978,977,0,10,1,554,553,0.0,0.00176997174852786,1,873,872,3,-1,4,3,0,911,847,141
500,60,676,797,994,197,150,150,844,844,0,0.0013274788113958951,0.006909697402906838,833,967,134,2,3,3,15,8,104,174,19
501,42,42,859,859,0,18,18,844,844,0,0.001497668402600497,0.001497668402600497,866,866,0,-1,3,3,2,17,889,269,641
502,114,216,879,945,66,276,276,885,885,0,0.001157289220191293,0.001157289220191293,813,813,0,4,3,3,25,17,17,60,679
503,2,103,384,961,577,4,4,388,388,0,0.0,0.0002382654276864427,1,606,605,5,5,5,3,1,730,763,521
504,8,624,553,998,445,10,24,508,779,271,0.00010211375472276115,0.002825147213996392,485,921,436,2,4,3,3,3,615,829,206
505,45,147,759,916,157,130,130,801,801,0,0.0006467204465774873,0.0007488342013002485,744,766,22,4,3,3,15,7,32,134,585
506,48,48,806,806,0,48,48,722,722,0,0.00034037918240920387,0.00034037918240920387,639,639,0,-1,3,3,7,10,359,262,815
507,12,12,647,647,0,8,8,523,523,0,0.00034037918240920387,0.00034037918240920387,651,651,0,-1,4,4,2,6,942,379,789
508,346,962,975,997,22,320,320,979,979,0,0.004356853534837809,0.005377991082065421,947,958,11,2,2,2,18,32,64,26,497
509,162,162,955,955,0,60,60,884,884,0,0.003437829742332959,0.003437829742332959,934,934,0,-1,3,3,5,24,604,13,633
510,1,103,333,926,593,3,6,333,424,91,0.0,0.00034037918240920387,1,650,649,4,6,5,3,1,337,640,232
511,14,220,583,967,384,23,27,487,525,38,0.0002042275094455223,0.0013955546478777359,564,837,273,3,4,4,8,5,270,710,166
512,0,102,1,899,898,0,10,1,389,388,0.0,0.00017018959120460194,1,551,550,4,-1,5,6,0,255,922,86
513,16,222,604,966,362,28,28,567,567,0,0.00013615167296368154,0.0004084550188910446,509,682,173,3,4,4,6,5,328,350,40
514,9,111,586,941,355,10,10,507,507,0,0.0002042275094455223,0.0002042275094455223,583,583,0,4,4,4,3,4,863,278,300
515,19,225,627,965,338,20,20,518,518,0,0.0002723033459273631,0.0005786446100956465,606,726,120,3,4,4,4,7,503,427,29
516,22,22,699,699,0,28,28,694,694,0,0.0005105687736138058,0.0005105687736138058,709,709,0,-1,3,3,5,2,570,453,620
517,20,20,771,771,0,12,12,746,746,0,0.000442492937131965,0.000442492937131965,707,707,0,-1,4,4,2,5,799,178,789
518,22,638,666,995,329,48,58,711,773,62,0.00034037918240920387,0.001940161339732462,649,884,235,2,3,3,7,3,413,525,139
519,0,0,1,1,0,0,0,1,1,0,0.0,0.0,1,1,0,-1,-1,-1,12,0,219,423,884
520,0,101,1,916,915,0,5,1,327,326,0.0,6.807583648184077e-05,1,437,436,5,-1,6,5,0,720,877,292
521,554,655,995,997,2,70,70,915,915,0,0.014636304843595765,0.014636304843595765,990,990,0,5,3,3,5,118,467,37,692
522,0,0,1,1,0,0,0,1,1,0,0.0,0.0,1,1,0,-1,-1,-1,2,0,806,943,967
523,16,16,666,666,0,50,50,868,868,0,0.00088498587426393,0.00088498587426393,793,793,0,-1,3,3,5,2,435,160,936
524,6,212,390,942,552,42,50,466,500,34,0.00010211375472276115,0.0005446066918547262,466,706,240,3,4,4,15,1,124,870,616
525,16,16,536,536,0,34,34,495,495,0,6.807583648184077e-05,6.807583648184077e-05,446,446,0,-1,4,4,9,4,100,156,565
526,1,1,333,333,0,10,10,333,333,0,0.0,0.0,1,1,0,-1,6,6,10,1,272,703,685
527,2,208,364,972,608,6,10,410,471,61,3.4037918240920386e-05,0.0005446066918547262,402,719,317,3,5,4,3,1,900,618,187
528,0,101,1,901,900,0,9,1,332,331,0.0,0.0,1,1,0,5,-1,6,9,0,180,961,708
529,2,104,366,931,565,9,9,436,436,0,3.4037918240920386e-05,0.0005446066918547262,402,710,308,4,5,5,5,2,727,313,114
530,0,102,1,916,915,0,11,1,419,418,0.0,0.00013615167296368154,1,518,517,4,-1,5,6,0,373,565,688
531,1,617,333,993,660,7,22,333,481,148,0.0,0.0010211375472276116,1,811,810,2,8,3,7,3,637,626,756
532,0,1640,1,1000,999,0,102,1,898,897,0.0,0.016133973246196264,1,988,987,1,-1,2,8,0,231,989,50
533,0,102,1,922,921,0,10,1,431,430,0.0,0.0002723033459273631,1,602,601,4,-1,5,5,0,291,917,192
534,0,0,1,1,0,0,0,1,1,0,0.0,0.0,1,1,0,-1,-1,-1,8,0,197,643,533
535,8,109,542,934,392,18,18,590,590,0,0.00034037918240920387,0.00034037918240920387,659,659,0,5,4,4,3,2,680,524,592
536,0,206,1,964,963,0,16,1,428,427,0.0,0.0004084550188910446,1,680,679,3,-1,4,7,0,299,933,204
537,310,412,985,994,9,64,64,940,940,0,0.007250076585316042,0.007318152421797883,974,974,0,4,3,3,4,55,650,21,468
538,40,40,814,814,0,40,40,862,862,0,0.0008509479560230097,0.0008509479560230097,792,792,0,-1,3,3,4,6,885,234,864
539,0,206,1,967,966,0,13,1,457,456,0.0,0.00037441710065012424,1,663,662,3,-1,4,5,0,604,635,610
540,0,206,1,954,953,0,38,1,554,553,0.0,0.0015317063208414173,1,858,857,3,-1,4,9,0,178,675,55
541,2,2,376,376,0,4,4,381,381,0,0.0,0.0,1,1,0,-1,5,5,3,1,718,540,967
542,0,616,1,996,995,0,54,1,660,659,0.0,0.001599782157323258,1,868,867,2,-1,3,8,0,231,433,95
543,0,102,1,939,938,0,4,1,413,412,0.0,0.0002042275094455223,1,588,587,4,-1,5,2,3,881,746,609
544,22,124,787,967,180,18,18,863,863,0,0.0006467204465774873,0.0016678579938050988,767,872,105,4,3,3,2,4,799,470,87
545,2,208,348,942,594,21,35,348,393,45,0.0,0.00010211375472276115,1,463,462,3,5,4,20,1,70,621,561
546,0,102,1,897,896,0,7,1,381,380,0.0,0.0002042275094455223,1,554,553,4,-1,5,4,0,493,938,637
547,8,8,547,547,0,20,20,602,602,0,0.00017018959120460194,0.00017018959120460194,542,542,0,-1,4,4,4,2,462,700,860
548,15,15,559,559,0,38,38,528,528,0,0.0002042275094455223,0.0002042275094455223,567,567,0,-1,4,4,9,7,287,427,774
549,18,18,581,581,0,90,90,624,624,0,0.00013615167296368154,0.00013615167296368154,515,515,0,-1,3,3,17,2,112,724,754
550,11,113,657,962,305,6,6,457,457,0,0.0002042275094455223,0.0004084550188910446,583,689,106,4,5,5,3,6,850,432,501
551,8,8,552,552,0,10,10,493,493,0,0.00013615167296368154,0.00013615167296368154,531,531,0,-1,4,4,3,3,958,496,620
552,0,206,1,948,947,0,44,1,486,485,0.0,0.00037441710065012424,1,655,654,3,-1,4,14,0,130,629,381
553,6,107,398,890,492,44,44,471,471,0,0.0004084550188910446,0.0004084550188910446,666,666,0,6,4,4,16,1,60,500,671
554,101,307,912,981,69,44,44,831,831,0,0.002552843868069029,0.0032336022328874367,905,926,21,3,3,3,4,18,887,141,67
555,6,107,389,873,484,30,30,384,384,0,0.00010211375472276115,0.00010211375472276115,473,473,0,5,5,5,19,4,148,398,402
556,0,616,1,991,990,0,56,1,527,526,0.0,0.0010211375472276116,1,797,796,2,-1,3,13,0,165,867,264
557,0,102,1,939,938,0,6,1,417,416,0.0,0.0002723033459273631,1,626,625,4,-1,5,3,0,699,674,316
558,6,107,425,906,481,28,28,525,525,0,0.0002382654276864427,0.0002382654276864427,578,578,0,5,4,4,8,1,454,282,578
559,19,19,613,613,0,62,62,607,607,0,3.4037918240920386e-05,3.4037918240920386e-05,392,392,0,-1,3,3,12,5,222,710,916
560,31,132,820,962,142,22,22,843,843,0,0.0005105687736138058,0.0005105687736138058,714,714,0,6,3,3,2,6,841,486,708
561,2,2,357,357,0,14,14,419,419,0,0.0,0.0,1,1,0,-1,5,5,7,1,497,862,834
562,100,100,899,899,0,100,100,954,954,0,0.029578950951359814,0.029715102624323496,998,998,0,4,1,1,6,4,275,440,230
563,0,206,1,982,981,0,14,1,629,628,0.0,0.0013955546478777359,1,860,859,3,-1,4,3,1,707,920,390
564,8,110,558,939,381,8,8,497,497,0,0.00013615167296368154,0.0002382654276864427,523,589,66,4,4,4,2,3,993,496,551
565,0,102,1,957,956,0,4,1,392,391,0.0,0.00013615167296368154,1,531,530,4,-1,5,3,3,883,746,607
566,3,104,458,958,500,3,3,382,382,0,3.4037918240920386e-05,6.807583648184077e-05,397,446,49,5,5,5,2,2,878,579,607
567,7,109,568,958,390,12,12,686,686,0,0.0007828721195411688,0.0012594029749140542,779,845,66,4,4,4,2,3,991,559,217
568,6,212,428,967,539,20,24,491,536,45,0.00010211375472276115,0.0010211375472276116,486,805,319,3,4,4,6,1,549,463,327
569,12,12,535,535,0,54,54,653,653,0,0.0002382654276864427,0.0002382654276864427,592,592,0,-1,4,4,9,4,367,149,960
570,22,22,814,814,0,18,18,895,895,0,0.0005786446100956465,0.0005786446100956465,740,740,0,-1,3,3,2,6,959,368,753
571,6,212,439,965,526,26,26,597,597,0,0.0006467204465774873,0.001055175465468532,751,823,72,3,4,4,5,1,773,404,432
572,353,353,981,981,0,120,120,982,982,0,0.009020048333843901,0.009020048333843901,977,977,0,-1,2,2,6,62,419,70,983
573,6,108,409,886,477,24,24,462,462,0,3.4037918240920386e-05,3.4037918240920386e-05,398,398,0,4,4,4,9,2,263,560,506
574,2,2,375,375,0,4,4,377,377,0,6.807583648184077e-05,6.807583648184077e-05,443,443,0,-1,5,5,3,1,953,537,569
575,6,108,409,901,492,13,14,433,447,14,0.00013615167296368154,0.0004084550188910446,508,677,169,4,4,4,5,1,793,899,365
576,6,108,429,919,490,16,16,486,486,0,3.4037918240920386e-05,6.807583648184077e-05,406,453,47,4,4,4,4,1,671,853,631
577,2,208,352,953,601,13,28,366,452,86,3.4037918240920386e-05,0.0010892133837094523,396,815,419,3,5,4,10,3,189,676,49
578,0,0,1,1,0,0,0,1,1,0,0.0,0.0,1,1,0,-1,-1,-1,5,0,338,707,979
579,13,219,547,962,415,52,56,616,662,46,0.00034037918240920387,0.0009530617107457708,634,794,160,3,4,4,10,5,241,619,234
580,0,0,1,1,0,0,0,1,1,0,0.0,0.0,1,1,0,-1,-1,-1,7,0,477,489,522
581,148,354,943,983,40,38,38,820,820,0,0.0032336022328874367,0.004220701861874128,928,950,22,3,3,3,3,26,778,112,393
582,6,107,475,941,466,14,14,581,581,0,0.0002723033459273631,0.00034037918240920387,612,645,33,5,4,4,3,2,564,785,526
583,0,102,1,888,887,0,10,1,349,348,0.0,3.4037918240920386e-05,1,403,402,4,-1,5,9,0,200,966,592
584,0,102,1,964,963,0,4,1,405,404,0.0,0.0002723033459273631,1,627,626,4,-1,5,3,1,812,789,482
585,38,654,826,1000,174,22,22,850,850,0,0.001157289220191293,0.003812246842983083,832,942,110,2,3,3,2,5,938,221,497
586,0,0,1,1,0,0,0,1,1,0,0.0,0.0,1,1,0,-1,-1,-1,10,0,169,993,849
587,466,567,993,994,1,88,88,984,984,0,0.013649205214609075,0.013649205214609075,990,990,0,5,2,2,4,83,539,10,370
588,11,113,584,929,345,12,12,455,455,0,0.00017018959120460194,0.0006126825283365669,542,750,208,4,4,4,4,4,445,156,198
589,0,206,1,978,977,0,8,1,534,533,0.0,0.00037441710065012424,1,673,672,3,-1,4,3,1,911,685,704
590,2,104,357,910,553,8,8,387,387,0,0.0,6.807583648184077e-05,1,451,450,4,5,5,5,1,669,592,594
591,128,334,903,977,74,140,140,838,838,0,0.0015317063208414173,0.0018380475850097008,856,875,19,3,3,3,14,18,108,54,173
592,20,636,687,997,310,28,38,741,852,111,0.00017018959120460194,0.0022465026039007454,549,892,343,2,3,3,3,3,836,222,499
593,0,101,1,915,914,0,4,1,331,330,0.0,6.807583648184077e-05,1,448,447,5,-1,6,4,0,675,961,313
594,112,318,897,979,82,98,98,860,860,0,0.002144388849177984,0.002484768031587188,889,904,15,3,3,3,8,23,434,122,169
595,12,114,617,939,322,18,18,577,577,0,0.00017018959120460194,0.0002042275094455223,552,581,29,4,4,4,5,6,695,435,501
596,0,102,1,872,871,0,20,1,363,362,0.0,3.4037918240920386e-05,1,401,400,4,-1,5,16,0,42,649,550
597,20,121,695,943,248,14,14,524,524,0,0.0005786446100956465,0.0005786446100956465,733,733,0,5,4,4,3,7,484,389,605
598,19,121,672,923,251,32,32,630,630,0,0.00030634126416828345,0.0005446066918547262,637,733,96,4,4,4,6,5,526,241,622
599,12,218,518,956,438,40,60,516,649,133,0.0002042275094455223,0.0028932230504782326,572,922,350,3,4,4,10,3,189,121,88
600,26,127,758,949,191,24,24,730,730,0,0.0007147962830593281,0.0008169100377820892,769,783,14,5,4,4,4,6,772,46,499
601,50,50,800,800,0,78,78,814,814,0,0.0007828721195411688,0.0007828721195411688,770,770,0,-1,3,3,8,4,383,40,953
602,25,25,684,684,0,60,60,647,647,0,0.00037441710065012424,0.00037441710065012424,658,658,0,-1,3,3,11,4,234,557,914
603,0,102,1,897,896,0,14,1,406,405,0.0,0.0002042275094455223,1,568,567,4,-1,5,8,1,449,830,551
604,0,0,1,1,0,0,0,1,1,0,0.0,0.0,1,1,0,-1,-1,-1,5,0,478,702,483
605,0,102,1,928,927,0,5,1,365,364,0.0,6.807583648184077e-05,1,450,449,4,-1,5,4,0,673,569,791
606,26,26,735,735,0,40,40,822,822,0,0.0005446066918547262,0.0005446066918547262,724,724,0,-1,3,3,4,4,453,259,638
607,0,0,1,1,0,0,0,1,1,0,0.0,0.0,1,1,0,-1,-1,-1,7,0,221,632,542
608,2,208,351,948,597,18,26,379,426,47,0.0,0.0002723033459273631,1,598,597,3,5,4,11,1,163,743,291
609,0,616,1,989,988,0,70,1,594,593,0.0,0.0014295925661186562,1,853,852,2,-1,3,14,0,332,925,82
610,56,262,782,958,176,132,132,769,769,0,0.0010211375472276116,0.0011232513019503727,800,820,20,3,3,3,17,10,63,413,258
611,0,206,1,951,950,0,34,1,503,502,0.0,0.00037441710065012424,1,660,659,3,-1,4,9,0,123,546,470
612,14,630,532,994,462,44,62,516,613,97,0.00013615167296368154,0.0017018959120460194,518,872,354,2,4,3,12,4,58,332,154
613,0,102,1,907,906,0,12,1,418,417,0.0,0.0002382654276864427,1,581,580,4,-1,5,6,0,275,901,323
614,40,246,677,951,274,202,202,789,789,0,0.0008509479560230097,0.0013955546478777359,770,848,78,3,2,2,22,1,18,480,414
615,82,82,837,837,0,168,168,884,884,0,0.0009190237925048504,0.0009190237925048504,782,782,0,-1,2,2,15,3,49,280,917
616,0,206,1,970,969,0,17,1,511,510,0.0,0.0006126825283365669,1,735,734,3,-1,4,5,0,656,836,294
617,0,0,1,1,0,0,0,1,1,0,0.0,0.0,1,1,0,-1,-1,-1,3,0,927,533,235
618,14,116,591,926,335,22,22,587,587,0,0.00013615167296368154,0.00017018959120460194,517,551,34,4,4,4,5,4,487,625,401
619,2,208,358,971,613,9,13,389,443,54,0.0,6.807583648184077e-05,1,457,456,3,5,4,6,1,405,743,337
620,49,49,858,858,0,12,12,615,615,0,0.0009190237925048504,0.0009190237925048504,811,811,0,-1,4,4,2,18,983,148,772
621,0,206,1,964,963,0,36,1,568,567,0.0,0.0013274788113958951,1,837,836,3,-1,4,8,0,499,729,71
622,16,118,562,908,346,54,54,662,662,0,6.807583648184077e-05,0.0002382654276864427,451,586,135,4,3,3,8,2,357,544,645
623,8,1648,521,1000,479,16,54,563,925,362,0.00017018959120460194,0.02542632492596753,545,996,451,1,4,2,4,2,520,634,748
624,0,616,1,997,996,0,20,1,737,736,0.0,0.002110350930937064,1,892,891,2,-1,3,3,0,626,908,535
625,35,1675,816,1000,184,12,46,658,967,309,0.0007147962830593281,0.05371183498417237,760,998,238,1,4,2,2,14,705,175,497
626,0,206,1,979,978,0,8,1,589,588,0.0,0.0013955546478777359,1,866,865,3,-1,4,2,0,283,498,15
627,75,75,856,856,0,62,62,825,825,0,0.0018720855032506212,0.0018720855032506212,877,877,0,-1,3,3,7,13,722,183,851
628,2,104,359,925,566,5,5,361,361,0,6.807583648184077e-05,6.807583648184077e-05,453,453,0,4,5,5,4,4,885,595,597
629,0,102,1,882,881,0,22,1,397,396,0.0,0.00010211375472276115,1,488,487,4,-1,5,12,0,194,330,305
630,38,654,703,994,291,76,94,611,676,65,0.00037441710065012424,0.0013274788113958951,653,834,181,2,3,3,14,4,121,443,642
631,50,152,891,975,84,22,22,875,875,0,0.002280540522141666,0.002825147213996392,902,919,17,4,3,3,2,11,982,166,413
632,59,265,921,992,71,12,12,757,757,0,0.0033357159876101976,0.0053439531638245,944,966,22,3,4,4,2,19,873,135,128
633,0,101,1,899,898,0,5,1,332,331,0.0,3.4037918240920386e-05,1,404,403,5,-1,6,5,0,408,971,337
634,40,142,768,933,165,56,56,772,772,0,0.0006807583648184077,0.0007147962830593281,750,761,11,4,3,3,6,4,432,40,666
635,47,253,829,976,147,28,28,727,727,0,0.00034037918240920387,0.0007488342013002485,663,772,109,3,3,3,3,11,930,52,440
636,2,208,369,973,604,6,10,433,492,59,0.0,0.00088498587426393,1,799,798,3,5,4,3,1,583,506,79
637,2,2,382,382,0,3,3,385,385,0,6.807583648184077e-05,6.807583648184077e-05,463,463,0,-1,5,5,2,2,951,764,600
638,0,102,1,921,920,0,7,1,377,376,0.0,0.00017018959120460194,1,559,558,4,-1,5,5,1,421,841,683
639,0,206,1,950,949,0,24,1,427,426,0.0,0.000442492937131965,1,672,671,3,-1,4,10,0,206,600,340
640,2,2,360,360,0,7,7,383,383,0,0.00013615167296368154,0.00013615167296368154,518,518,0,-1,5,5,5,2,908,842,832
641,4,4,426,426,0,8,8,407,407,0,3.4037918240920386e-05,3.4037918240920386e-05,405,405,0,-1,5,5,4,2,304,599,796
642,34,240,803,981,178,14,14,603,603,0,0.0006467204465774873,0.0007488342013002485,760,779,19,3,4,4,3,8,857,187,182
643,0,0,1,1,0,0,0,1,1,0,0.0,0.0,1,1,0,-1,-1,-1,3,1,710,920,751
644,18,18,602,602,0,42,42,558,558,0,0.00017018959120460194,0.00017018959120460194,545,545,0,-1,3,3,9,2,263,749,814
645,0,0,1,1,0,0,0,1,1,0,0.0,0.0,1,1,0,-1,-1,-1,5,1,818,705,976
646,16,118,564,901,337,80,80,752,752,0,0.0002382654276864427,0.0002382654276864427,588,588,0,4,3,3,10,1,82,681,671
647,16,222,556,955,399,54,58,594,626,32,6.807583648184077e-05,0.0007488342013002485,456,762,306,3,3,3,10,2,114,719,396
648,0,102,1,877,876,0,25,1,400,399,0.0,0.0002042275094455223,1,564,563,4,-1,5,13,0,41,892,551
649,0,102,1,913,912,0,5,1,378,377,0.0,0.00010211375472276115,1,482,481,4,-1,5,3,1,930,573,341
650,0,0,1,1,0,0,0,1,1,0,0.0,0.0,1,1,0,-1,-1,-1,10,0,254,673,839
651,204,410,949,981,32,160,160,946,946,0,0.0038462847612240037,0.003982436434187685,943,946,3,3,2,2,11,26,167,112,496
652,1,103,333,933,600,4,6,333,374,41,0.0,0.00010211375472276115,1,480,479,4,6,5,4,2,562,692,121
653,0,616,1,995,994,0,52,1,729,728,0.0,0.005684332346233704,1,967,966,2,-1,3,7,0,299,864,32
654,2,104,359,909,550,8,9,373,384,11,0.0,6.807583648184077e-05,1,449,448,4,5,5,6,1,489,763,532
655,30,131,788,956,168,28,28,798,798,0,0.0012594029749140542,0.0012594029749140542,837,837,0,6,3,3,3,6,903,490,656
656,2,104,357,921,564,5,6,377,402,25,6.807583648184077e-05,0.00017018959120460194,456,541,85,4,5,5,3,1,554,593,214
657,0,0,1,1,0,0,0,1,1,0,0.0,0.0,1,1,0,-1,-1,-1,13,2,228,775,675
658,6,6,411,411,0,24,24,504,504,0,6.807583648184077e-05,6.807583648184077e-05,443,443,0,-1,4,4,6,4,560,512,699
659,26,642,741,997,256,34,52,667,813,146,0.0002042275094455223,0.004833384390210695,576,954,378,2,3,3,6,4,253,167,38
660,2,208,366,974,608,4,10,367,514,147,3.4037918240920386e-05,0.0018040096667687805,406,882,476,3,5,4,3,3,882,755,171
661,2,104,361,919,558,6,8,362,387,25,3.4037918240920386e-05,0.00017018959120460194,408,539,131,4,5,5,5,2,616,357,236
662,0,0,1,1,0,0,0,1,1,0,0.0,0.0,1,1,0,-1,-1,-1,4,0,887,952,876
663,30,132,770,951,181,30,30,795,795,0,0.001157289220191293,0.0011913271384322134,838,840,2,4,3,3,4,6,777,234,704
664,20,121,633,906,273,44,44,609,609,0,0.00030634126416828345,0.00030634126416828345,622,622,0,5,4,4,8,4,218,259,679
665,14,220,591,969,378,28,28,613,613,0,0.00013615167296368154,0.0007828721195411688,511,768,257,3,4,4,6,5,446,688,386
666,7,213,492,964,472,17,26,439,529,90,0.0,0.0008169100377820892,1,783,782,3,4,4,7,3,510,373,497
667,0,616,1,991,990,0,60,1,603,602,0.0,0.001599782157323258,1,858,857,2,-1,3,11,0,162,986,91
668,0,206,1,968,967,0,9,1,441,440,0.0,0.00013615167296368154,1,516,515,3,-1,4,3,0,725,754,666
669,0,102,1,893,892,0,10,1,354,353,0.0,3.4037918240920386e-05,1,396,395,4,-1,5,9,0,289,565,654
670,0,102,1,936,935,0,4,1,425,424,0.0,0.0002382654276864427,1,599,598,4,-1,5,2,0,609,897,299
671,24,24,725,725,0,20,20,610,610,0,0.0005786446100956465,0.0005786446100956465,725,725,0,-1,4,4,4,5,659,308,970
672,0,206,1,966,965,0,8,1,437,436,0.0,6.807583648184077e-05,1,449,448,3,-1,4,3,0,837,997,449
673,120,120,935,935,0,50,50,851,851,0,0.0018040096667687805,0.0018040096667687805,875,875,0,-1,3,3,5,27,662,61,901
674,122,328,954,990,36,28,28,837,837,0,0.0030974505599237552,0.008135062459579971,936,973,37,3,3,3,3,24,888,8,32
675,71,173,897,972,75,12,12,675,675,0,0.0020422750944552232,0.0020422750944552232,895,895,0,4,4,4,2,20,757,95,337
676,46,252,733,957,224,100,116,653,730,77,0.0002723033459273631,0.0021784267674189047,602,899,297,3,2,2,15,3,51,434,95
677,72,72,867,867,0,54,54,876,876,0,0.0015317063208414173,0.0015317063208414173,851,851,0,-1,3,3,4,15,822,92,940
678,0,102,1,938,937,0,5,1,413,412,0.0,0.0,1,1,0,4,-1,5,3,0,871,686,434
679,6,107,417,903,486,31,31,524,524,0,3.4037918240920386e-05,3.4037918240920386e-05,402,402,0,6,4,4,8,1,420,531,437
680,3,209,392,948,556,15,20,368,391,23,0.0,3.4037918240920386e-05,1,403,402,3,5,4,11,5,279,605,580
681,0,616,1,996,995,0,60,1,798,797,0.0,0.00622893903808843,1,968,967,2,-1,3,8,0,449,488,9
682,6,6,495,495,0,4,4,414,414,0,3.4037918240920386e-05,3.4037918240920386e-05,400,400,0,-1,5,5,2,3,841,248,961
683,0,102,1,916,915,0,6,1,379,378,0.0,0.00030634126416828345,1,635,634,4,-1,5,4,0,513,769,198
684,0,101,1,918,917,0,3,1,331,330,0.0,0.0,1,1,0,7,-1,8,3,0,554,548,703
685,119,735,889,992,103,212,212,922,922,0,0.002825147213996392,0.004152626025392287,908,944,36,2,3,3,17,17,210,85,109
686,6,6,423,423,0,16,16,429,429,0,0.00013615167296368154,0.00013615167296368154,526,526,0,-1,4,4,7,1,678,360,973
687,2,208,349,952,603,14,28,349,422,73,0.0,0.00030634126416828345,1,618,617,3,5,4,13,1,160,640,306
688,0,102,1,940,939,0,4,1,403,402,0.0,0.00030634126416828345,1,649,648,4,-1,5,2,0,977,907,257
689,0,206,1,977,976,0,14,1,578,577,0.0,0.002110350930937064,1,896,895,3,-1,4,3,0,844,897,111
690,28,130,733,936,203,34,34,728,728,0,0.001157289220191293,0.0012934408931549745,828,842,14,4,3,3,4,3,622,642,307
691,5,107,457,936,479,7,7,412,412,0,6.807583648184077e-05,0.00034037918240920387,452,665,213,4,5,5,4,3,728,311,307
692,12,113,541,910,369,22,22,477,477,0,6.807583648184077e-05,0.00010211375472276115,450,488,38,5,4,4,7,3,221,290,879
693,0,616,1,996,995,0,37,1,588,587,0.0,0.002110350930937064,1,889,888,2,-1,3,8,0,297,998,591
694,0,206,1,974,973,0,14,1,567,566,0.0,0.0005446066918547262,1,740,739,3,-1,4,3,0,588,930,289
695,0,206,1,955,954,0,28,1,453,452,0.0,0.0004084550188910446,1,665,664,3,-1,4,10,1,125,962,154
696,0,102,1,905,904,0,6,1,364,363,0.0,0.00013615167296368154,1,516,515,4,-1,5,5,0,377,818,368
697,41,247,775,970,195,40,48,623,693,70,0.0005786446100956465,0.004799346471969774,718,956,238,3,4,4,8,10,308,366,31
698,2,104,381,940,559,4,4,414,414,0,6.807583648184077e-05,6.807583648184077e-05,449,449,0,4,5,5,2,1,820,659,720
699,163,163,959,959,0,84,84,960,960,0,0.005854521937438306,0.005854521937438306,966,966,0,-1,2,2,5,24,502,13,812
700,28,234,690,961,271,70,74,715,734,19,0.0002042275094455223,0.001599782157323258,564,851,287,3,3,3,11,5,379,636,128
701,77,283,848,973,125,60,60,666,666,0,0.0011232513019503727,0.002552843868069029,807,914,107,3,3,3,9,17,381,131,144
702,0,101,1,886,885,0,12,1,332,331,0.0,3.4037918240920386e-05,1,404,403,5,-1,6,12,0,226,564,602
703,0,206,1,964,963,0,18,1,576,575,0.0,0.0014636304843595766,1,860,859,3,-1,4,3,1,731,792,73
704,0,102,1,919,918,0,10,1,429,428,0.0,0.00037441710065012424,1,655,654,4,-1,5,5,0,656,925,351
705,2,208,350,960,610,16,20,397,423,26,0.00013615167296368154,0.000442492937131965,508,688,180,3,5,4,8,1,244,592,613
706,1,1,332,332,0,4,4,332,332,0,0.00010211375472276115,0.00010211375472276115,481,481,0,-1,6,6,4,3,917,708,766
707,0,206,1,949,948,0,28,1,409,408,0.0,0.00017018959120460194,1,539,538,3,-1,4,13,0,41,845,107
708,0,0,1,1,0,0,0,1,1,0,0.0,0.0,1,1,0,-1,-1,-1,5,0,765,956,930
709,120,222,929,968,39,50,50,829,829,0,0.0021784267674189047,0.0026889955410327104,898,920,22,4,3,3,5,28,773,44,40
710,6,6,396,396,0,21,21,395,395,0,3.4037918240920386e-05,3.4037918240920386e-05,399,399,0,-1,4,4,11,1,162,896,984
711,0,102,1,860,859,0,28,1,367,366,0.0,0.0002723033459273631,1,595,594,4,-1,5,21,0,13,909,653
712,85,187,910,973,63,38,38,897,897,0,0.0026209197045508697,0.0027911092957554717,908,917,9,4,3,3,3,15,288,36,453
713,0,206,1,969,968,0,11,1,454,453,0.0,0.00030634126416828345,1,631,630,3,-1,4,4,0,753,773,287
714,6,107,426,915,489,18,18,554,554,0,0.0002042275094455223,0.0002042275094455223,562,562,0,5,4,4,3,1,704,762,578
715,0,102,1,927,926,0,10,1,443,442,0.0,0.0002382654276864427,1,587,586,4,-1,5,5,1,602,792,759
716,1,1,332,332,0,2,2,332,332,0,6.807583648184077e-05,6.807583648184077e-05,456,456,0,-1,6,6,2,3,995,466,938
717,0,102,1,936,935,0,4,1,370,369,0.0,0.00013615167296368154,1,524,523,4,-1,5,3,0,863,686,215
718,0,616,1,993,992,0,48,1,548,547,0.0,0.001157289220191293,1,825,824,2,-1,3,11,0,76,957,139
719,86,86,918,918,0,52,52,969,969,0,0.003982436434187685,0.003982436434187685,945,945,0,-1,2,2,3,18,568,147,855
720,30,131,803,957,154,18,18,668,668,0,0.0004084550188910446,0.0004084550188910446,675,675,0,6,4,4,3,10,814,262,924
721,0,616,1,997,996,0,28,1,754,753,0.0,0.004731270635487933,1,954,953,2,-1,3,3,1,577,828,48
722,0,102,1,957,956,0,4,1,467,466,0.0,0.001497668402600497,1,870,869,4,-1,5,2,0,995,897,39
723,8,110,545,937,392,10,10,494,494,0,3.4037918240920386e-05,6.807583648184077e-05,414,461,47,4,4,4,3,4,833,239,618
724,8,214,528,971,443,18,22,525,573,48,0.0002042275094455223,0.0007147962830593281,564,762,198,3,4,4,5,2,524,468,377
725,39,245,798,977,179,22,26,641,708,67,0.0004084550188910446,0.0009530617107457708,671,807,136,3,3,3,4,9,690,317,182
726,0,0,1,1,0,0,0,1,1,0,0.0,0.0,1,1,0,-1,-1,-1,5,1,665,747,330
727,2,104,366,930,564,10,10,436,436,0,6.807583648184077e-05,0.00030634126416828345,448,629,181,4,5,5,5,2,685,492,385
728,0,0,1,1,0,0,0,1,1,0,0.0,0.0,1,1,0,-1,-1,-1,8,0,131,737,983
729,20,20,661,661,0,20,20,660,660,0,0.00013615167296368154,0.00013615167296368154,516,516,0,-1,3,3,3,4,731,156,620
730,81,182,882,957,75,64,64,936,936,0,0.002110350930937064,0.002110350930937064,889,889,0,6,3,3,4,13,717,335,344
731,0,0,1,1,0,0,0,1,1,0,0.0,0.0,1,1,0,-1,-1,-1,4,0,673,898,894
732,3,209,446,976,530,4,8,425,509,84,0.0,0.0005105687736138058,1,726,725,3,5,4,2,2,964,749,312
733,0,616,1,996,995,0,34,1,730,729,0.0,0.0042547397801150485,1,950,949,2,-1,3,4,0,759,977,108
734,6,212,517,984,467,12,12,686,686,0,0.0002723033459273631,0.0018040096667687805,623,880,257,3,4,4,2,1,991,168,122
735,1,207,332,985,653,2,7,332,585,253,0.0,0.0012594029749140542,1,851,850,3,6,4,2,1,968,853,364
736,12,218,511,951,440,66,74,564,591,27,0.0002382654276864427,0.0005105687736138058,582,689,107,3,4,4,15,2,65,770,178
737,7,213,534,972,438,9,18,479,637,158,3.4037918240920386e-05,0.005003573981415297,409,954,545,3,4,4,3,2,935,694,6
738,116,316,939,984,45,62,62,960,960,0,0.003948398515946765,0.005003573981415297,947,960,13,3,2,2,3,16,636,78,203
739,11,217,689,987,298,12,12,720,720,0,0.0007488342013002485,0.0021784267674189047,781,907,126,3,4,4,2,4,847,207,255
740,0,206,1,956,955,0,18,1,408,407,0.0,0.00017018959120460194,1,559,558,3,-1,4,9,0,803,994,346
741,22,638,592,987,395,84,98,590,637,47,0.0002723033459273631,0.0012934408931549745,607,826,219,2,3,3,17,2,94,251,562
742,0,102,1,882,881,0,14,1,348,347,0.0,6.807583648184077e-05,1,445,444,4,-1,5,13,0,97,838,788
743,132,748,907,996,89,104,114,868,893,25,0.002552843868069029,0.00353994349705572,903,939,36,2,3,3,9,17,159,45,240
744,0,101,1,916,915,0,6,1,331,330,0.0,3.4037918240920386e-05,1,392,391,5,-1,6,6,0,373,498,492
745,0,102,1,899,898,0,12,1,410,409,0.0,0.0002382654276864427,1,591,590,4,-1,5,6,0,255,872,197
746,0,0,1,1,0,0,0,1,1,0,0.0,0.0,1,1,0,-1,-1,-1,6,0,425,982,766
747,24,640,648,991,343,92,102,678,739,61,0.00037441710065012424,0.0013615167296368155,654,839,185,2,3,3,14,3,21,280,179
748,0,616,1,991,990,0,28,1,454,453,0.0,0.0008169100377820892,1,763,762,2,-1,3,11,0,333,782,443
749,6,622,452,998,546,9,28,469,793,324,0.00013615167296368154,0.006637394056979475,518,965,447,2,4,3,3,1,337,666,6
750,0,0,1,1,0,0,0,1,1,0,0.0,0.0,1,1,0,-1,-1,-1,4,0,754,953,975
751,0,102,1,945,944,0,4,1,377,376,0.0,0.00010211375472276115,1,487,486,4,-1,5,3,0,642,358,499
752,39,245,726,962,236,82,86,655,679,24,0.00030634126416828345,0.0006807583648184077,624,737,113,3,3,3,14,7,130,134,233
753,0,0,1,1,0,0,0,1,1,0,0.0,0.0,1,1,0,-1,-1,-1,2,0,805,649,934
754,0,206,1,963,962,0,14,1,462,461,0.0,0.0004084550188910446,1,684,683,3,-1,4,5,0,531,975,589
755,0,206,1,965,964,0,30,1,562,561,0.0,0.0012934408931549745,1,840,839,3,-1,4,7,1,658,947,144
756,0,0,1,1,0,0,0,1,1,0,0.0,0.0,1,1,0,-1,-1,-1,4,0,566,228,921
757,0,616,1,998,997,0,28,1,775,774,0.0,0.006841621566424997,1,968,967,2,-1,3,3,1,935,660,30
758,6,6,418,418,0,18,18,429,429,0,0.0,0.0,1,1,0,-1,4,4,8,2,325,690,951
759,0,616,1,998,997,0,26,1,733,732,0.0,0.0032336022328874367,1,934,933,2,-1,3,4,0,593,515,95
760,2,103,379,947,568,4,4,411,411,0,0.0,0.0,1,1,0,6,5,5,2,1,928,609,421
761,23,23,679,679,0,60,60,766,766,0,0.000442492937131965,0.000442492937131965,675,675,0,-1,3,3,8,3,371,291,963
762,209,415,944,979,35,230,230,936,936,0,0.0028591851322373124,0.003165526396405596,912,921,9,3,2,2,16,17,27,79,176
763,2,104,376,957,581,6,6,457,457,0,0.00013615167296368154,0.0007147962830593281,536,764,228,4,5,5,3,1,850,592,113
764,0,206,1,966,965,0,15,1,431,430,0.0,0.0005786446100956465,1,726,725,3,-1,4,6,0,624,649,154
765,1,102,333,884,551,6,6,333,333,0,0.0,0.0,1,1,0,5,6,6,6,2,425,344,853
766,18,18,604,604,0,46,46,544,544,0,0.0002382654276864427,0.0002382654276864427,587,587,0,-1,4,4,11,5,220,636,641
767,0,102,1,970,969,0,4,1,470,469,0.0,0.0007828721195411688,1,786,785,4,-1,5,2,0,898,894,630
768,36,137,733,923,190,58,58,706,706,0,0.0005786446100956465,0.0006126825283365669,725,731,6,5,3,3,8,6,218,192,676
769,54,54,824,824,0,32,32,620,620,0,0.0006126825283365669,0.0006126825283365669,737,737,0,-1,4,4,6,9,419,375,478
770,36,242,726,964,238,66,66,678,678,0,0.0010211375472276116,0.001599782157323258,805,853,48,3,3,3,10,5,310,403,138
771,0,0,1,1,0,0,0,1,1,0,0.0,0.0,1,1,0,-1,-1,-1,11,0,227,832,707
772,16,222,555,949,394,74,82,660,698,38,0.00030634126416828345,0.0011913271384322134,637,827,190,3,3,3,12,1,222,869,175
773,66,168,865,957,92,34,34,757,757,0,0.0014636304843595766,0.001497668402600497,857,859,2,4,3,3,4,15,753,206,618
774,0,101,1,893,892,0,9,1,332,331,0.0,0.0,1,1,0,6,-1,7,9,0,319,804,374
775,183,285,962,978,16,78,78,958,958,0,0.003710133088260322,0.003778208924742163,939,942,3,4,2,2,4,30,921,65,286
776,7,7,503,503,0,22,22,488,488,0,0.00017018959120460194,0.00017018959120460194,551,551,0,-1,4,4,7,3,335,631,815
777,16,222,558,959,401,70,70,737,737,0,0.00017018959120460194,0.0011232513019503727,560,824,264,3,3,3,9,1,803,655,166
778,0,102,1,922,921,0,3,1,364,363,0.0,0.0004084550188910446,1,675,674,4,-1,5,2,0,990,349,535
779,20,121,803,975,172,18,18,899,899,0,0.0006807583648184077,0.0007147962830593281,766,770,4,5,3,3,2,4,884,365,552
780,0,616,1,990,989,0,100,1,714,713,0.0,0.004663194799006093,1,948,947,2,-1,3,14,1,21,814,5
781,6,6,374,374,0,35,35,387,387,0,3.4037918240920386e-05,3.4037918240920386e-05,395,395,0,-1,4,4,19,1,89,530,915
782,0,206,1,936,935,0,50,1,437,436,0.0,0.00017018959120460194,1,542,541,3,-1,4,19,0,35,973,282
783,0,0,1,1,0,0,0,1,1,0,0.0,0.0,1,1,0,-1,-1,-1,2,0,952,228,939
784,17,633,604,995,391,25,39,491,642,151,3.4037918240920386e-05,0.0013274788113958951,408,833,425,2,4,3,7,5,374,274,120
785,32,32,735,735,0,54,54,793,793,0,0.0007828721195411688,0.0007828721195411688,777,777,0,-1,3,3,7,2,214,453,793
786,6,6,423,423,0,26,26,570,570,0,0.00010211375472276115,0.00010211375472276115,472,472,0,-1,4,4,5,3,506,260,611
787,504,504,993,993,0,72,72,970,970,0,0.016508390346846386,0.016508390346846386,992,992,0,-1,2,2,3,85,930,0,892
788,0,206,1,941,940,0,61,1,525,524,0.0,0.0007147962830593281,1,746,745,3,-1,4,16,0,132,433,114
789,0,206,1,964,963,0,13,1,435,434,0.0,0.00017018959120460194,1,542,541,3,-1,4,6,0,587,784,711
790,6,107,417,906,489,13,13,402,402,0,6.807583648184077e-05,6.807583648184077e-05,444,444,0,5,4,4,7,3,216,484,238
791,0,0,1,1,0,0,0,1,1,0,0.0,0.0,1,1,0,-1,-1,-1,3,0,961,768,916
792,0,102,1,917,916,0,9,1,400,399,0.0,3.4037918240920386e-05,1,407,406,4,-1,5,5,0,616,517,215
793,85,701,892,997,105,34,44,797,865,68,0.0020082371762143027,0.00704584907587052,893,967,74,2,3,3,4,27,401,304,112
794,16,16,578,578,0,36,36,569,569,0,0.0002382654276864427,0.0002382654276864427,577,577,0,-1,3,3,8,3,302,321,946
795,6,212,413,964,551,28,32,541,576,35,0.00017018959120460194,0.0004084550188910446,553,685,132,3,4,4,6,1,378,904,301
796,0,0,1,1,0,0,0,1,1,0,0.0,0.0,1,1,0,-1,-1,-1,11,2,163,752,483
797,18,18,618,618,0,50,50,674,674,0,0.00030634126416828345,0.00030634126416828345,645,645,0,-1,3,3,8,2,646,700,684
798,0,102,1,891,890,0,16,1,410,409,0.0,0.0006126825283365669,1,741,740,4,-1,5,8,1,223,789,97
799,132,338,931,980,49,94,94,886,886,0,0.0033016780693692774,0.0046972327172470135,927,945,18,3,3,3,9,20,168,94,66
800,898,1514,998,1000,2,320,320,998,998,0,0.01872085503250621,0.019265461724360937,996,997,1,2,2,2,14,118,84,37,259
801,18,119,700,947,247,18,18,654,654,0,0.00088498587426393,0.0009190237925048504,797,802,5,5,4,4,3,4,670,326,579
802,6,107,416,904,488,40,40,594,594,0,0.0002723033459273631,0.00030634126416828345,620,634,14,5,4,4,8,1,131,556,687
803,0,206,1,977,976,0,8,1,495,494,0.0,0.00013615167296368154,1,514,513,3,-1,4,3,0,785,731,107
804,2,618,371,998,627,8,22,424,674,250,0.00013615167296368154,0.0018380475850097008,528,877,349,2,5,3,4,1,619,840,453
805,0,0,1,1,0,0,0,1,1,0,0.0,0.0,1,1,0,-1,-1,-1,3,0,576,910,426
806,25,25,767,767,0,12,12,671,671,0,0.0011232513019503727,0.0011232513019503727,826,826,0,-1,4,4,2,8,609,161,886
807,25,25,741,741,0,28,28,754,754,0,0.0006126825283365669,0.0006126825283365669,742,742,0,-1,3,3,3,5,585,591,824
808,100,100,867,867,0,100,100,751,751,0,0.013513053541645392,0.013513053541645392,983,983,0,5,1,1,13,34,67,89,717
809,48,150,845,960,115,38,38,909,909,0,0.0016678579938050988,0.0016678579938050988,875,875,0,4,3,3,3,6,882,397,506
810,2,103,411,976,565,4,4,526,526,0,0.0002382654276864427,0.0004765308553728854,607,718,111,5,5,5,2,1,973,420,209
811,0,0,1,1,0,0,0,1,1,0,0.0,0.0,1,1,0,-1,-1,-1,3,0,579,848,800
812,69,69,835,835,0,112,112,886,886,0,0.0013615167296368155,0.0013615167296368155,839,839,0,-1,2,2,11,9,333,293,918
813,1,102,332,957,625,2,2,332,332,0,0.0,3.4037918240920386e-05,1,408,407,5,6,6,2,2,995,692,558
814,0,206,1,966,965,0,8,1,437,436,0.0,6.807583648184077e-05,1,449,448,3,-1,4,3,0,837,839,607
815,34,34,781,781,0,56,56,892,892,0,0.0006126825283365669,0.0006126825283365669,745,745,0,-1,3,3,5,5,386,454,939
816,0,0,1,1,0,0,0,1,1,0,0.0,0.0,1,1,0,-1,-1,-1,6,0,98,228,928
817,0,102,1,913,912,0,8,1,408,407,0.0,0.0011913271384322134,1,835,834,4,-1,5,4,0,623,750,100
818,0,0,1,1,0,0,0,1,1,0,0.0,0.0,1,1,0,-1,-1,-1,4,0,858,502,684
819,0,102,1,921,920,0,5,1,382,381,0.0,3.4037918240920386e-05,1,407,406,4,-1,5,3,1,927,841,164
820,9,9,522,522,0,32,32,513,513,0,0.00010211375472276115,0.00010211375472276115,477,477,0,-1,4,4,8,4,131,278,744
821,0,0,1,1,0,0,0,1,1,0,0.0,0.0,1,1,0,-1,-1,-1,3,0,699,957,542
822,78,179,941,981,40,48,48,979,979,0,0.006603356138738555,0.006569318220497634,969,969,0,6,2,2,3,19,852,297,575
823,0,206,1,960,959,0,15,1,415,414,0.0,0.00013615167296368154,1,501,500,3,-1,4,8,3,308,348,314
824,1,1,333,333,0,2,2,333,333,0,0.0,0.0,1,1,0,-1,6,6,2,2,232,679,693
825,70,70,881,881,0,20,20,603,603,0,0.0013955546478777359,0.0013955546478777359,851,851,0,-1,4,4,4,19,313,59,276
826,0,0,1,1,0,0,0,1,1,0,0.0,0.0,1,1,0,-1,-1,-1,2,3,586,753,742
827,34,136,695,904,209,102,102,707,707,0,0.0006807583648184077,0.0007828721195411688,722,742,20,4,3,3,16,5,195,308,549
828,0,102,1,928,927,0,5,1,366,365,0.0,3.4037918240920386e-05,1,404,403,4,-1,5,4,0,462,815,421
829,39,245,828,981,153,12,12,593,593,0,0.0008509479560230097,0.0018720855032506212,798,888,90,3,4,4,2,11,653,83,438
830,23,23,742,742,0,14,14,577,577,0,0.00013615167296368154,0.00013615167296368154,512,512,0,-1,4,4,3,8,912,286,845
831,26,26,651,651,0,88,88,724,724,0,0.0007147962830593281,0.0007147962830593281,747,747,0,-1,3,3,12,4,348,312,776
832,6,6,503,503,0,8,8,530,530,0,6.807583648184077e-05,6.807583648184077e-05,461,461,0,-1,4,4,2,1,928,935,898
833,16,222,525,947,422,130,130,803,803,0,0.0005105687736138058,0.0006807583648184077,694,739,45,3,3,3,14,1,127,404,310
834,84,185,937,978,41,12,12,682,682,0,0.003880322679464924,0.003880322679464924,941,941,0,5,4,4,2,31,715,126,466
835,66,168,893,971,78,22,22,828,828,0,0.0016678579938050988,0.001940161339732462,875,891,16,4,3,3,2,17,757,180,310
836,0,206,1,961,960,0,18,1,438,437,0.0,0.00034037918240920387,1,661,660,3,-1,4,7,0,714,511,249
837,21,637,656,994,338,82,92,855,892,37,0.0009190237925048504,0.003165526396405596,795,928,133,2,3,3,7,5,118,412,218
838,8,8,448,448,0,66,66,480,480,0,6.807583648184077e-05,6.807583648184077e-05,432,432,0,-1,4,4,19,2,19,549,735
839,13,219,632,972,340,14,14,561,561,0,0.0002382654276864427,0.0005105687736138058,595,711,116,3,4,4,3,3,935,385,314
840,37,37,725,725,0,86,86,774,774,0,0.00088498587426393,0.00088498587426393,784,784,0,-1,3,3,10,5,125,216,695
841,72,278,843,972,129,124,124,911,911,0,0.0013955546478777359,0.001940161339732462,841,881,40,3,2,2,10,5,125,306,217
842,0,616,1,994,993,0,58,1,630,629,0.0,0.0030293747234419145,1,919,918,2,-1,3,10,0,75,489,153
843,0,101,1,974,973,0,2,1,330,329,0.0,6.807583648184077e-05,1,460,459,5,-1,6,2,0,956,564,239
844,15,116,678,948,270,12,12,522,522,0,0.00037441710065012424,0.00037441710065012424,665,665,0,5,4,4,4,9,789,341,582
845,6,6,432,432,0,22,22,528,528,0,0.00017018959120460194,0.00017018959120460194,542,542,0,-1,4,4,5,1,492,394,359
846,128,334,905,973,68,154,154,948,948,0,0.00353994349705572,0.004152626025392287,934,947,13,3,2,2,10,15,240,151,234
847,0,102,1,916,915,0,7,1,404,403,0.0,0.00013615167296368154,1,518,517,4,-1,5,4,0,401,760,700
848,0,0,1,1,0,0,0,1,1,0,0.0,0.0,1,1,0,-1,-1,-1,3,0,834,855,944
849,54,670,812,996,184,62,80,699,793,94,0.0007147962830593281,0.003880322679464924,759,943,184,2,3,3,9,7,803,422,102
850,6,108,430,912,482,20,20,497,497,0,0.0,0.00017018959120460194,1,552,551,4,4,4,6,1,402,964,52
851,16,117,642,936,294,26,26,739,739,0,0.00034037918240920387,0.00034037918240920387,643,643,0,5,3,3,4,1,458,711,842
852,0,0,1,1,0,0,0,1,1,0,0.0,0.0,1,1,0,-1,-1,-1,16,0,134,498,786
853,0,101,1,883,882,0,10,1,332,331,0.0,0.0,1,1,0,6,-1,7,10,0,114,773,861
854,0,102,1,879,878,0,15,1,371,370,0.0,0.00013615167296368154,1,509,508,4,-1,5,11,3,360,882,722
855,3,3,484,484,0,3,3,402,402,0,3.4037918240920386e-05,3.4037918240920386e-05,417,417,0,-1,5,5,2,2,936,547,511
856,0,616,1,998,997,0,28,1,793,792,0.0,0.006092787365124749,1,964,963,2,-1,3,3,0,337,620,9
857,126,227,954,978,24,46,46,975,975,0,0.010892133837094524,0.010892133837094524,987,987,0,5,2,2,2,20,816,38,679
858,0,616,1,992,991,0,50,1,775,774,0.0,0.00803294870485721,1,977,976,2,-1,3,5,0,238,400,10
859,1,207,333,966,633,7,16,333,436,103,0.0,0.00030634126416828345,1,632,631,3,7,4,7,2,362,448,90
860,6,108,439,917,478,10,10,442,442,0,0.0,0.00013615167296368154,1,523,522,4,4,4,4,2,622,764,625
861,23,229,666,964,298,37,41,588,616,28,0.00010211375472276115,0.00013615167296368154,474,511,37,3,3,3,8,3,236,580,544
862,0,0,1,1,0,0,0,1,1,0,0.0,0.0,1,1,0,-1,-1,-1,13,0,160,928,963
863,8,109,577,951,374,8,8,525,525,0,0.00034037918240920387,0.00034037918240920387,648,648,0,5,4,4,2,3,841,121,140
864,0,102,1,942,941,0,3,1,372,371,0.0,0.00030634126416828345,1,647,646,4,-1,5,2,0,964,726,329
865,388,490,983,990,7,152,152,985,985,0,0.009428503352734947,0.009496579189216788,977,978,1,4,2,2,8,54,325,19,215
866,9,110,564,925,361,13,13,462,462,0,3.4037918240920386e-05,6.807583648184077e-05,392,443,51,5,4,4,5,3,452,214,654
867,165,266,959,979,20,48,48,900,900,0,0.004799346471969774,0.004799346471969774,952,952,0,5,3,3,3,31,737,34,337
868,0,101,1,898,897,0,5,1,331,330,0.0,3.4037918240920386e-05,1,403,402,5,-1,6,5,0,546,823,585
869,42,658,795,995,200,52,52,800,800,0,0.0005786446100956465,0.00176997174852786,723,863,140,2,3,3,6,6,393,494,762
870,22,638,688,996,308,42,42,731,731,0,0.0002382654276864427,0.0008509479560230097,594,791,197,2,3,3,6,2,251,586,282
871,24,24,663,663,0,54,54,661,661,0,0.00037441710065012424,0.00037441710065012424,666,666,0,-1,3,3,8,6,231,447,772
872,78,694,810,989,179,208,238,814,858,44,0.0012934408931549745,0.006058749446883829,836,956,120,2,2,2,23,8,8,264,12
873,2,104,373,942,569,4,4,375,375,0,6.807583648184077e-05,0.00013615167296368154,456,517,61,4,5,5,3,1,785,618,652
874,191,397,966,989,23,72,72,977,977,0,0.006875659484665918,0.008475441641989176,970,978,8,3,2,2,3,31,726,126,144
875,0,102,1,924,923,0,6,1,409,408,0.0,0.00034037918240920387,1,648,647,4,-1,5,3,0,592,859,610
876,0,0,1,1,0,0,0,1,1,0,0.0,0.0,1,1,0,-1,-1,-1,4,0,540,744,685
877,16,16,616,616,0,26,26,696,696,0,6.807583648184077e-05,6.807583648184077e-05,444,444,0,-1,3,3,4,1,444,689,901
878,0,0,1,1,0,0,0,1,1,0,0.0,0.0,1,1,0,-1,-1,-1,2,0,937,871,750
879,138,240,960,980,20,56,56,970,970,0,0.0063650907110521125,0.006399128629293032,971,971,0,4,2,2,2,27,653,69,342
880,101,101,914,914,0,74,74,948,948,0,0.005718370264474625,0.005718370264474625,962,962,0,-1,2,2,5,15,290,92,735
881,106,312,949,991,42,62,62,981,981,0,0.0053439531638245,0.007216038667075122,962,974,12,3,2,2,3,20,654,71,141
882,8,8,498,498,0,12,12,416,416,0,3.4037918240920386e-05,3.4037918240920386e-05,403,403,0,-1,4,4,4,5,503,401,400
883,22,228,581,953,372,100,108,579,627,48,0.00013615167296368154,0.00088498587426393,510,792,282,3,3,3,19,2,14,586,440
884,0,102,1,938,937,0,4,1,371,370,0.0,6.807583648184077e-05,1,444,443,4,-1,5,3,0,590,989,550
885,0,0,1,1,0,0,0,1,1,0,0.0,0.0,1,1,0,-1,-1,-1,9,0,159,565,880
886,29,130,720,920,200,48,48,698,698,0,0.000442492937131965,0.000442492937131965,692,692,0,5,3,3,7,5,299,591,402
887,0,206,1,952,951,0,40,1,537,536,0.0,0.0008509479560230097,1,774,773,3,-1,4,10,0,204,426,327
888,0,0,1,1,0,0,0,1,1,0,0.0,0.0,1,1,0,-1,-1,-1,12,0,194,702,752
889,11,11,644,644,0,8,8,519,519,0,0.0002723033459273631,0.0002723033459273631,641,641,0,-1,4,4,2,5,802,241,731
890,14,630,600,998,398,20,34,566,743,177,0.0002382654276864427,0.0028932230504782326,586,920,334,2,4,3,4,5,832,710,73
891,0,206,1,970,969,0,20,1,562,561,0.0,0.0012934408931549745,1,848,847,3,-1,4,4,0,759,522,397
892,30,236,781,981,200,24,28,759,846,87,0.0006467204465774873,0.0035739814152966403,761,934,173,3,3,3,3,9,710,29,135
893,0,206,1,973,972,0,13,1,468,467,0.0,0.0002042275094455223,1,582,581,3,-1,4,5,0,570,760,700
894,0,102,1,904,903,0,7,1,356,355,0.0,3.4037918240920386e-05,1,401,400,4,-1,5,6,0,353,968,575
895,32,238,762,973,211,14,18,536,622,86,0.0006126825283365669,0.0009190237925048504,747,798,51,3,4,4,3,6,645,658,343
896,0,206,1,969,968,0,14,1,547,546,0.0,0.001497668402600497,1,859,858,3,-1,4,3,0,743,600,153
897,22,123,627,902,275,58,58,626,626,0,0.00037441710065012424,0.00037441710065012424,652,652,0,6,3,3,10,2,206,465,603
898,0,206,1,949,948,0,20,1,384,383,0.0,0.00010211375472276115,1,475,474,3,-1,4,12,0,184,713,214
899,0,101,1,974,973,0,2,1,329,328,0.0,0.00017018959120460194,1,557,556,5,-1,6,2,0,944,866,809
900,46,46,817,817,0,100,100,950,950,0,0.002110350930937064,0.002110350930937064,893,893,0,-1,2,2,6,2,356,700,488
901,39,39,852,852,0,24,24,805,805,0,0.0013615167296368155,0.0013615167296368155,850,850,0,-1,4,4,4,17,860,96,828
902,15,117,705,965,260,9,9,564,564,0,0.0006807583648184077,0.0012594029749140542,768,842,74,4,4,4,3,7,918,396,375
903,446,548,991,996,5,160,160,999,999,0,0.013070560604513427,0.013444977705163553,986,986,0,4,2,2,7,59,404,6,346
904,59,160,847,960,113,34,34,752,752,0,0.0016678579938050988,0.00176997174852786,862,869,7,5,3,3,4,11,453,166,761
905,78,694,818,992,174,216,226,852,863,11,0.0007828721195411688,0.002723033459273631,750,910,160,2,2,2,22,6,22,381,73
906,0,206,1,941,940,0,31,1,404,403,0.0,0.0005105687736138058,1,693,692,3,-1,4,16,0,151,571,236
907,17,118,717,955,238,8,8,542,542,0,0.000442492937131965,0.0005446066918547262,699,727,28,5,4,4,2,6,548,376,829
908,0,206,1,968,967,0,11,1,454,453,0.0,0.0002382654276864427,1,591,590,3,-1,4,4,0,917,254,496
909,245,347,970,979,9,144,144,959,959,0,0.004322815616596889,0.00442492937131965,945,946,1,4,2,2,10,38,241,111,239
910,2,2,353,353,0,5,5,353,353,0,3.4037918240920386e-05,3.4037918240920386e-05,405,405,0,-1,5,5,4,2,448,721,823
911,121,327,952,988,36,38,38,869,869,0,0.0033016780693692774,0.004016474352428605,937,945,8,3,3,3,3,30,825,65,440
912,6,212,520,977,457,12,12,661,661,0,0.00010211375472276115,0.0017359338302869397,486,882,396,3,4,4,2,1,940,720,91
913,26,26,805,805,0,9,9,543,543,0,0.0009190237925048504,0.0009190237925048504,808,808,0,-1,4,4,3,15,877,62,876
914,0,206,1,963,962,0,13,1,444,443,0.0,0.00017018959120460194,1,535,534,3,-1,4,5,0,701,821,252
915,63,164,899,972,73,28,28,831,831,0,0.001599782157323258,0.0016338200755641784,866,869,3,5,3,3,3,19,642,184,549
916,1,102,333,924,591,3,3,333,333,0,0.0,3.4037918240920386e-05,1,399,398,5,6,6,3,1,337,469,749
917,24,230,685,967,282,54,54,754,754,0,0.0007828721195411688,0.0012934408931549745,777,839,62,3,3,3,7,4,216,326,403
918,201,303,947,971,24,150,150,933,933,0,0.002723033459273631,0.002757071377514551,912,915,3,4,2,2,11,28,167,98,481
919,15,631,667,999,332,14,24,597,777,180,0.00017018959120460194,0.002552843868069029,549,913,364,2,4,3,3,4,774,156,73
920,16,16,625,625,0,36,36,743,743,0,0.0006467204465774873,0.0006467204465774873,746,746,0,-1,3,3,5,1,478,480,633
921,0,102,1,875,874,0,15,1,368,367,0.0,6.807583648184077e-05,1,455,454,4,-1,5,12,0,96,890,380
922,0,0,1,1,0,0,0,1,1,0,0.0,0.0,1,1,0,-1,-1,-1,4,0,491,863,875
923,8,214,448,942,494,66,70,419,424,5,6.807583648184077e-05,0.00010211375472276115,439,479,40,3,4,4,30,2,7,602,618
924,1,207,327,984,657,3,9,327,542,215,0.0,0.001055175465468532,1,829,828,3,7,4,3,3,877,181,227
925,0,102,1,902,901,0,5,1,352,351,0.0,0.00017018959120460194,1,534,533,4,-1,5,4,0,410,777,524
926,8,8,501,501,0,18,18,439,439,0,0.0002042275094455223,0.0002042275094455223,581,581,0,-1,4,4,7,5,714,231,423
927,0,206,1,973,972,0,14,1,558,557,0.0,0.0002042275094455223,1,587,586,3,-1,4,3,0,833,820,480
928,16,632,641,997,356,24,46,566,787,221,0.0002382654276864427,0.008951972497362062,607,977,370,2,4,3,6,4,657,164,10
929,257,463,954,983,29,272,272,952,952,0,0.0032336022328874367,0.004186663943633207,928,945,17,3,2,2,19,24,11,129,130
930,6,212,421,961,540,18,30,415,502,87,3.4037918240920386e-05,0.0006807583648184077,399,742,343,3,4,4,9,2,367,679,206
931,0,616,1,997,996,0,36,1,704,703,0.0,0.0030293747234419145,1,929,928,2,-1,3,5,0,438,821,36
932,19,121,603,890,287,70,70,577,577,0,0.0002042275094455223,0.0005786446100956465,569,715,146,4,3,3,14,6,121,392,473
933,0,0,1,1,0,0,0,1,1,0,0.0,0.0,1,1,0,-1,-1,-1,11,0,174,981,918
934,0,102,1,927,926,0,4,1,392,391,0.0,0.00013615167296368154,1,524,523,4,-1,5,2,0,828,934,363
935,0,102,1,940,939,0,4,1,365,364,0.0,6.807583648184077e-05,1,454,453,4,-1,5,3,0,879,813,263
936,0,101,1,934,933,0,4,1,331,330,0.0,0.0,1,1,0,6,-1,7,4,0,721,865,374
937,6,6,411,411,0,19,19,431,431,0,3.4037918240920386e-05,3.4037918240920386e-05,401,401,0,-1,4,4,8,2,223,492,713
938,21,21,661,661,0,44,44,643,643,0,0.00030634126416828345,0.00030634126416828345,630,630,0,-1,4,4,8,8,418,417,954
939,81,183,892,963,71,32,32,877,877,0,0.0017018959120460194,0.0017359338302869397,869,871,2,4,3,3,2,18,905,147,904
940,12,628,549,996,447,50,60,645,714,69,0.0006126825283365669,0.0024507301133462676,732,905,173,2,4,3,9,3,190,525,91
941,34,136,671,897,226,84,84,542,542,0,0.00013615167296368154,0.00017018959120460194,516,549,33,4,3,3,19,6,31,258,761
942,0,0,1,1,0,0,0,1,1,0,0.0,0.0,1,1,0,-1,-1,-1,7,0,207,976,733
943,232,333,987,996,9,32,32,962,962,0,0.010041185881071514,0.010211375472276116,982,982,0,5,3,3,2,78,974,9,458
944,16,16,615,615,0,34,34,705,705,0,0.0002382654276864427,0.0002382654276864427,593,593,0,-1,3,3,4,2,870,493,942
945,0,0,1,1,0,0,0,1,1,0,0.0,0.0,1,1,0,-1,-1,-1,6,0,446,801,852
946,22,124,818,973,155,12,12,759,759,0,0.0008509479560230097,0.0020082371762143027,788,897,109,4,4,4,2,6,782,194,64
947,100,100,840,840,0,100,100,569,569,0,0.019639878825011062,0.019639878825011062,998,998,0,-1,1,1,21,96,74,1,701
948,0,101,1,912,911,0,6,1,328,327,0.0,0.0,1,1,0,5,-1,6,6,0,664,455,530
949,16,632,489,987,498,198,208,793,813,20,0.00034037918240920387,0.0005446066918547262,633,699,66,2,3,3,23,1,8,168,346
950,9,110,542,909,367,24,24,528,528,0,3.4037918240920386e-05,3.4037918240920386e-05,397,397,0,5,4,4,6,4,419,319,181
951,1,101,332,941,609,3,3,332,332,0,0.0,0.0,1,1,0,5,6,6,3,2,814,448,663
952,0,101,1,954,953,0,2,1,329,328,0.0,0.0,1,1,0,5,-1,6,2,0,946,933,586
953,0,0,1,1,0,0,0,1,1,0,0.0,0.0,1,1,0,-1,-1,-1,8,0,137,699,916
954,14,14,669,669,0,12,12,657,657,0,0.0004084550188910446,0.0004084550188910446,679,679,0,-1,4,4,2,3,942,385,735
955,0,0,1,1,0,0,0,1,1,0,0.0,0.0,1,1,0,-1,-1,-1,8,0,244,542,802
956,107,313,903,977,74,78,78,829,829,0,0.0011232513019503727,0.0013274788113958951,820,836,16,3,3,3,8,22,499,116,263
957,0,101,1,960,959,0,2,1,332,331,0.0,0.0002042275094455223,1,596,595,5,-1,6,2,0,481,847,262
958,1,207,332,980,648,2,8,332,570,238,0.0,0.002280540522141666,1,913,912,3,7,4,2,1,995,621,27
959,0,0,1,1,0,0,0,1,1,0,0.0,0.0,1,1,0,-1,-1,-1,3,0,770,574,987
960,0,0,1,1,0,0,0,1,1,0,0.0,0.0,1,1,0,-1,-1,-1,5,0,557,992,860
961,1,103,332,954,622,2,3,332,387,55,0.0,3.4037918240920386e-05,1,401,400,4,6,5,2,1,792,402,549
962,6,212,417,962,545,14,20,422,468,46,6.807583648184077e-05,0.001055175465468532,448,819,371,3,4,4,6,2,368,764,97
963,92,92,949,949,0,12,12,682,682,0,0.003982436434187685,0.003982436434187685,947,947,0,-1,4,4,2,29,996,17,839
964,22,228,618,959,341,64,68,593,610,17,0.00034037918240920387,0.0004084550188910446,630,649,19,3,3,3,15,2,110,251,248
965,104,206,921,968,47,66,66,892,892,0,0.0035739814152966403,0.003778208924742163,929,934,5,4,3,3,6,21,399,123,424
966,2,104,385,952,567,2,4,333,414,81,0.0,0.0004084550188910446,1,677,676,4,6,5,2,5,809,605,240
967,22,228,693,971,278,14,14,541,541,0,0.0002382654276864427,0.0006126825283365669,595,739,144,3,4,4,3,8,930,521,487
968,41,657,770,996,226,56,66,753,822,69,0.0012594029749140542,0.003710133088260322,833,943,110,2,3,3,6,7,157,630,104
969,0,101,1,946,945,0,2,1,332,331,0.0,6.807583648184077e-05,1,444,443,5,-1,6,2,0,618,205,320
970,14,14,535,535,0,31,31,485,485,0,0.0002382654276864427,0.0002382654276864427,584,584,0,-1,4,4,10,4,109,332,992
971,8,109,513,919,406,18,18,531,531,0,0.0002042275094455223,0.0002042275094455223,579,579,0,5,4,4,5,4,669,270,623
972,227,433,975,990,15,84,84,967,967,0,0.005412029000306341,0.005718370264474625,962,964,2,3,2,2,5,35,476,57,160
973,18,224,684,976,292,19,24,628,712,84,6.807583648184077e-05,0.005003573981415297,451,959,508,3,4,4,4,8,673,477,30
974,18,119,606,908,302,70,70,741,741,0,0.00030634126416828345,0.00034037918240920387,608,628,20,5,3,3,10,2,259,101,654
975,52,52,860,860,0,22,22,806,806,0,0.0016338200755641784,0.0016338200755641784,865,865,0,-1,3,3,2,9,993,375,881
976,0,0,1,1,0,0,0,1,1,0,0.0,0.0,1,1,0,-1,-1,-1,2,0,878,922,713
977,42,248,731,955,224,124,128,735,746,11,0.0005786446100956465,0.0006807583648184077,717,744,27,3,3,3,17,7,24,170,659
978,0,206,1,951,950,0,18,1,406,405,0.0,0.00017018959120460194,1,534,533,3,-1,4,9,0,414,433,362
979,16,117,637,930,293,32,32,724,724,0,0.00030634126416828345,0.000442492937131965,648,699,51,5,3,3,5,1,616,809,238
980,0,101,1,866,865,0,19,1,332,331,0.0,0.0,1,1,0,5,-1,6,19,0,31,769,763
981,0,206,1,965,964,0,17,1,460,459,0.0,0.0007147962830593281,1,750,749,3,-1,4,7,0,482,955,62
982,12,218,488,948,460,66,66,546,546,0,0.0002042275094455223,0.0004765308553728854,561,686,125,3,4,4,15,2,37,491,677
983,0,0,1,1,0,0,0,1,1,0,0.0,0.0,1,1,0,-1,-1,-1,5,0,534,906,712
984,0,102,1,907,906,0,13,1,411,410,0.0,0.0002382654276864427,1,586,585,4,-1,5,7,1,336,641,341
985,0,0,1,1,0,0,0,1,1,0,0.0,0.0,1,1,0,-1,-1,-1,7,1,714,874,573
986,154,360,941,983,42,96,96,929,929,0,0.0030634126416828346,0.0034037918240920387,923,932,9,3,2,2,7,22,637,203,507
987,25,127,726,935,209,26,26,711,711,0,0.0002723033459273631,0.0004084550188910446,609,662,53,4,3,3,4,4,783,164,86
988,12,628,516,994,478,28,46,461,561,100,0.0002382654276864427,0.0011913271384322134,588,818,230,2,4,3,10,4,75,444,306
989,2,208,351,964,613,10,16,368,427,59,6.807583648184077e-05,0.00034037918240920387,456,654,198,3,5,4,8,1,541,781,670
990,115,115,888,888,0,182,182,895,895,0,0.0012253650566731338,0.0012253650566731338,821,821,0,-1,3,3,16,15,50,137,888
991,168,269,959,978,19,54,54,891,891,0,0.0024507301133462676,0.0025188059498281084,906,909,3,5,3,3,4,33,444,15,534
992,2,208,354,951,597,17,23,369,399,30,3.4037918240920386e-05,0.00013615167296368154,401,509,108,3,5,4,13,2,90,615,309
993,0,0,1,1,0,0,0,1,1,0,0.0,0.0,1,1,0,-1,-1,-1,5,0,605,205,773
994,1,1,333,333,0,2,2,333,333,0,6.807583648184077e-05,6.807583648184077e-05,454,454,0,-1,6,6,2,1,807,577,276
995,93,299,899,981,82,18,18,610,610,0,0.0018040096667687805,0.002552843868069029,877,912,35,3,4,4,3,26,930,127,471
996,0,0,1,1,0,0,0,1,1,0,0.0,0.0,1,1,0,-1,-1,-1,7,0,179,846,898
997,0,102,1,912,911,0,10,1,415,414,0.0,6.807583648184077e-05,1,448,447,4,-1,5,5,0,363,880,655
998,15,15,572,572,0,30,30,500,500,0,0.00010211375472276115,0.00010211375472276115,491,491,0,-1,4,4,9,5,200,241,989
999,0,206,1,970,969,0,12,1,467,466,0.0,0.000442492937131965,1,690,689,3,-1,4,4,0,652,992,184
