,FreeNet_pre_score,FreeNet_post_score,FreeNet_pre_rank,FreeNet_post_rank,FreeNet_delta_ranks,Reversed_pre_score,Reversed_post_score,Reversed_pre_rank,Reversed_post_rank,Reversed_delta_ranks,Random_pre_score,Random_post_score,Random_pre_rank,Random_post_rank,Random_delta_ranks,dist_victim_relayer,dist_victim_vilain_pre,dist_victim_vilain_post,out_deg_victim,in_deg_villain,victim,villain,relayer
0,7,109,509,927,418,12,12,462,462,0,0.0,0.0002723033459273631,1,612,611,4,4,4,4,2,700,627,294
1,80,182,829,937,108,124,124,741,741,0,0.0013274788113958951,0.0013615167296368155,836,841,5,4,3,3,17,16,23,113,300
2,0,102,1,912,911,0,7,1,360,359,0.0,6.807583648184077e-05,1,454,453,4,-1,5,6,0,465,737,607
3,64,64,849,849,0,62,62,812,812,0,0.0016338200755641784,0.0016338200755641784,867,867,0,-1,3,3,7,13,510,255,984
4,7,108,604,969,365,12,12,757,757,0,0.0002723033459273631,0.00030634126416828345,637,656,19,6,4,4,2,2,873,101,631
5,123,123,893,893,0,156,156,841,841,0,0.0020082371762143027,0.0020082371762143027,881,881,0,-1,2,2,16,15,53,219,957
6,276,376,993,998,5,32,32,967,967,0,0.01055175465468532,0.011062323428299126,982,983,1,4,3,3,2,92,481,30,195
7,0,102,1,925,924,0,8,1,391,390,0.0,0.00017018959120460194,1,546,545,4,-1,5,5,0,533,838,259
8,6,212,388,946,558,29,51,408,501,93,0.0,0.00037441710065012424,1,654,653,3,4,4,14,1,108,402,143
9,65,681,895,1000,105,28,28,876,876,0,0.003199564314646516,0.006603356138738555,931,969,38,2,3,3,3,18,916,55,38
10,0,0,1,1,0,0,0,1,1,0,0.0,0.0,1,1,0,-1,-1,-1,6,0,312,817,715
11,388,490,989,995,6,102,102,995,995,0,0.011811157629599374,0.011811157629599374,988,988,0,4,2,2,4,62,453,70,531
12,3,104,468,960,492,6,6,506,506,0,0.00010211375472276115,0.00017018959120460194,494,558,64,5,5,5,3,2,915,628,499
13,0,0,1,1,0,0,0,1,1,0,0.0,0.0,1,1,0,-1,-1,-1,3,1,989,583,614
14,9,9,541,541,0,22,22,539,539,0,0.0002382654276864427,0.0002382654276864427,586,586,0,-1,4,4,5,4,531,287,950
15,2,208,376,976,600,6,10,427,514,87,3.4037918240920386e-05,0.0006807583648184077,412,757,345,3,5,4,3,1,732,530,306
16,2,2,372,372,0,5,5,405,405,0,3.4037918240920386e-05,3.4037918240920386e-05,406,406,0,-1,5,5,3,1,902,743,457
17,6,212,390,954,564,35,40,474,504,30,3.4037918240920386e-05,0.00017018959120460194,394,536,142,3,4,4,12,1,212,964,609
18,24,640,699,996,297,38,48,669,737,68,0.0004765308553728854,0.0022465026039007454,697,891,194,2,4,3,7,5,305,178,78
19,0,102,1,873,872,0,14,1,344,343,0.0,3.4037918240920386e-05,1,393,392,4,-1,5,13,0,92,790,464
20,28,234,685,959,274,50,50,609,609,0,0.0002723033459273631,0.0008169100377820892,612,773,161,3,4,4,9,8,287,132,414
21,100,100,898,898,0,100,100,955,955,0,0.020729092208720514,0.020831205963443275,995,995,0,5,1,1,8,9,442,391,430
22,86,188,867,953,86,72,72,811,811,0,0.0008509479560230097,0.0008509479560230097,782,782,0,4,3,3,7,11,246,97,578
23,97,97,886,886,0,66,66,835,835,0,0.001599782157323258,0.001599782157323258,865,865,0,-1,3,3,6,18,630,54,876
24,89,295,884,979,95,56,56,821,821,0,0.0023486163586235067,0.0023486163586235067,903,903,0,3,3,3,6,18,267,82,662
25,0,206,1,972,971,0,16,1,551,550,0.0,0.001157289220191293,1,830,829,3,-1,4,4,0,635,750,393
26,0,206,1,970,969,0,14,1,459,458,0.0,0.0005446066918547262,1,720,719,3,-1,4,5,0,766,511,216
27,4,4,445,445,0,4,4,394,394,0,0.0002382654276864427,0.0002382654276864427,600,600,0,-1,5,5,2,3,752,795,839
28,13,629,585,997,412,20,30,565,698,133,0.0002042275094455223,0.0017359338302869397,578,872,294,2,4,3,4,6,354,199,355
29,13,115,600,932,332,30,30,676,676,0,0.0007147962830593281,0.0008169100377820892,757,780,23,4,4,4,5,5,326,589,756
30,12,218,498,950,452,62,70,533,564,31,6.807583648184077e-05,0.00037441710065012424,452,665,213,3,4,4,15,2,107,491,288
31,0,0,1,1,0,0,0,1,1,0,0.0,0.0,1,1,0,-1,-1,-1,13,0,41,732,574
32,70,686,820,993,173,136,146,812,840,28,0.0004765308553728854,0.0018040096667687805,695,872,177,2,3,3,15,8,107,187,475
33,6,107,403,886,483,20,20,391,391,0,3.4037918240920386e-05,3.4037918240920386e-05,404,404,0,5,4,4,12,1,143,763,593
34,0,0,1,1,0,0,0,1,1,0,0.0,0.0,1,1,0,-1,-1,-1,9,0,250,887,932
35,48,149,833,952,119,48,48,907,907,0,0.002586881786309949,0.002586881786309949,905,905,0,5,2,2,3,4,989,625,885
36,0,1640,1,1000,999,0,52,1,966,965,0.0,0.033935804486197624,1,997,996,1,-1,2,3,0,857,793,74
37,24,125,778,953,175,18,18,802,802,0,0.00037441710065012424,0.0004084550188910446,679,696,17,5,3,3,2,6,776,447,430
38,278,484,982,996,14,78,78,985,985,0,0.008271214132543654,0.012117498893767658,978,990,12,3,2,2,4,61,550,14,76
39,133,749,901,996,95,166,176,932,938,6,0.002552843868069029,0.00442492937131965,911,944,33,2,2,2,12,15,52,151,81
40,0,102,1,899,898,0,9,1,366,365,0.0,6.807583648184077e-05,1,432,431,4,-1,5,7,0,207,973,347
41,0,206,1,978,977,0,15,1,593,592,0.0,0.0009530617107457708,1,807,806,3,-1,4,4,0,827,546,192
42,14,220,646,978,332,10,14,493,565,72,0.0002382654276864427,0.0013955546478777359,596,866,270,3,4,4,3,5,958,314,116
43,0,206,1,972,971,0,20,1,624,623,0.0,0.00176997174852786,1,879,878,3,-1,4,4,0,706,844,58
44,66,272,897,986,89,12,12,662,662,0,0.0017359338302869397,0.004186663943633207,875,950,75,3,4,4,2,19,938,59,142
45,52,154,865,965,100,18,18,679,679,0,0.0013955546478777359,0.0013955546478777359,847,847,0,4,4,4,3,18,716,148,756
46,0,101,1,936,935,0,2,1,332,331,0.0,0.0,1,1,0,5,-1,6,2,0,689,834,592
47,6,6,436,436,0,12,12,465,465,0,0.00010211375472276115,0.00010211375472276115,477,477,0,-1,4,4,4,2,717,691,754
48,7,7,519,519,0,16,16,502,502,0,0.00010211375472276115,0.00010211375472276115,490,490,0,-1,4,4,5,2,724,749,789
49,24,125,643,905,262,94,94,722,722,0,0.00034037918240920387,0.00034037918240920387,634,634,0,5,3,3,13,4,160,501,885
50,373,373,992,992,0,32,32,899,899,0,0.010109261717553355,0.010109261717553355,984,984,0,-1,3,3,2,83,653,10,698
51,1,103,333,925,592,4,8,333,413,80,0.0,0.00034037918240920387,1,650,649,4,6,5,4,1,495,140,333
52,4,4,464,464,0,6,6,444,444,0,0.0002382654276864427,0.0002382654276864427,606,606,0,-1,5,5,3,5,902,395,669
53,22,638,613,991,378,154,164,847,875,28,0.0010211375472276116,0.002144388849177984,801,892,91,2,3,3,14,4,127,440,226
54,10,216,485,949,464,48,52,463,482,19,0.00010211375472276115,0.0008169100377820892,476,753,277,3,4,4,16,3,195,307,209
55,0,616,1,991,990,0,52,1,583,582,0.0,0.0015317063208414173,1,850,849,2,-1,3,11,0,215,945,243
56,155,155,916,916,0,186,186,892,892,0,0.0015657442390823377,0.0015657442390823377,858,858,0,-1,3,3,16,17,53,79,973
57,10,10,555,555,0,22,22,571,571,0,0.0002723033459273631,0.0002723033459273631,599,599,0,-1,4,4,5,3,656,458,790
58,0,102,1,906,905,0,9,1,352,351,0.0,0.0,1,1,0,4,-1,5,8,1,350,738,320
59,22,22,777,777,0,22,22,844,844,0,0.0008509479560230097,0.0008509479560230097,791,791,0,-1,3,3,2,3,625,610,834
60,1,1,333,333,0,5,5,333,333,0,0.0,0.0,1,1,0,-1,7,7,5,1,430,765,951
61,36,242,869,992,123,12,12,763,763,0,0.0012253650566731338,0.001940161339732462,850,902,52,3,4,4,2,18,865,54,264
62,12,114,544,908,364,44,44,656,656,0,0.0007828721195411688,0.0009870996289866913,768,812,44,4,4,4,8,3,595,209,162
63,11,11,633,633,0,8,8,512,512,0,0.0002382654276864427,0.0002382654276864427,609,609,0,-1,4,4,2,5,948,124,887
64,1,1,332,332,0,2,2,332,332,0,0.0,0.0,1,1,0,-1,6,6,2,1,928,140,801
65,135,135,895,895,0,312,312,847,847,0,0.0012934408931549745,0.0012934408931549745,833,833,0,-1,2,2,35,14,20,387,975
66,0,101,1,912,911,0,2,1,331,330,0.0,0.00013615167296368154,1,520,519,5,-1,6,2,2,905,775,231
67,2,2,383,383,0,3,3,390,390,0,0.0,0.0,1,1,0,-1,5,5,2,2,946,518,456
68,24,24,671,671,0,44,44,602,602,0,0.00013615167296368154,0.00013615167296368154,529,529,0,-1,3,3,9,3,200,248,818
69,29,29,760,760,0,34,34,788,788,0,0.00037441710065012424,0.00037441710065012424,676,676,0,-1,3,3,4,9,885,341,876
70,84,186,916,976,60,22,22,828,828,0,0.004833384390210695,0.004969536063174376,954,954,0,4,3,3,2,22,757,128,220
71,63,269,824,970,146,84,84,793,793,0,0.0009530617107457708,0.0020422750944552232,790,886,96,3,3,3,9,13,123,340,213
72,0,206,1,958,957,0,18,1,429,428,0.0,0.00013615167296368154,1,512,511,3,-1,4,8,1,146,641,173
73,100,100,837,837,0,100,100,574,574,0,0.012559991830899623,0.012559991830899623,989,989,0,4,1,1,21,48,13,56,646
74,197,403,955,982,27,114,114,930,930,0,0.003267640151128357,0.003982436434187685,923,939,16,3,3,3,9,31,339,35,139
75,0,206,1,976,975,0,12,1,596,595,0.0,0.003608019333537561,1,941,940,3,-1,4,2,0,972,254,21
76,0,102,1,925,924,0,7,1,383,382,0.0,0.00017018959120460194,1,546,545,4,-1,5,5,0,848,769,391
77,0,0,1,1,0,0,0,1,1,0,0.0,0.0,1,1,0,-1,-1,-1,10,0,109,538,882
78,12,218,576,972,396,12,12,559,559,0,0.0002723033459273631,0.0004765308553728854,602,701,99,3,4,4,2,3,893,610,451
79,65,271,842,976,134,77,77,820,820,0,0.0026209197045508697,0.0028932230504782326,913,922,9,3,2,2,8,8,297,284,417
80,0,0,1,1,0,0,0,1,1,0,0.0,0.0,1,1,0,-1,-1,-1,2,0,895,816,806
81,22,228,774,984,210,19,20,839,855,16,0.00037441710065012424,0.004561081044283332,684,946,262,3,3,3,3,6,918,275,18
82,120,326,895,972,77,164,164,869,869,0,0.0021784267674189047,0.002314578440382586,884,891,7,3,3,3,18,20,29,95,188
83,44,44,729,729,0,118,118,725,725,0,0.0002042275094455223,0.0002042275094455223,558,558,0,-1,3,3,16,4,42,259,779
84,22,124,668,926,258,30,30,626,626,0,0.00030634126416828345,0.00034037918240920387,637,655,18,4,4,4,5,5,408,636,680
85,38,654,689,991,302,188,188,811,811,0,0.0006467204465774873,0.002382654276864427,740,895,155,2,3,3,21,3,3,103,153
86,72,174,878,959,81,50,50,851,851,0,0.0016678579938050988,0.0017359338302869397,861,866,5,4,3,3,5,13,386,42,682
87,24,125,714,934,220,34,34,740,740,0,0.0007828721195411688,0.0007828721195411688,779,779,0,5,3,3,4,3,917,103,879
88,0,102,1,929,928,0,6,1,392,391,0.0,0.0004084550188910446,1,680,679,4,-1,5,4,1,491,529,90
89,8,110,500,914,414,30,30,562,562,0,6.807583648184077e-05,0.00010211375472276115,460,501,41,4,4,4,7,2,510,628,369
90,12,218,541,967,426,44,48,643,684,41,0.0002042275094455223,0.0009190237925048504,557,785,228,3,4,4,8,2,302,827,172
91,0,206,1,977,976,0,14,1,628,627,0.0,0.004152626025392287,1,945,944,3,-1,4,3,0,854,766,57
92,0,0,1,1,0,0,0,1,1,0,0.0,0.0,1,1,0,-1,-1,-1,4,0,649,900,780
93,2,208,359,972,613,8,12,431,493,62,0.00017018959120460194,0.0004084550188910446,532,676,144,3,5,4,4,1,511,452,229
94,0,0,1,1,0,0,0,1,1,0,0.0,0.0,1,1,0,-1,-1,-1,7,0,207,953,820
95,50,152,901,977,76,22,22,906,906,0,0.0011913271384322134,0.0013615167296368155,843,864,21,4,3,3,2,17,865,327,486
96,312,414,968,982,14,278,278,946,946,0,0.0031314884781646754,0.0031314884781646754,924,924,0,4,2,2,20,33,61,15,585
97,22,124,651,918,267,29,29,530,530,0,0.0002723033459273631,0.00037441710065012424,611,665,54,4,3,3,8,2,201,244,661
98,38,38,754,754,0,82,82,877,877,0,0.0007828721195411688,0.0007828721195411688,768,768,0,-1,3,3,7,6,472,192,779
99,52,52,822,822,0,30,30,593,593,0,0.0007147962830593281,0.0007147962830593281,756,756,0,-1,4,4,5,13,719,217,772
100,54,260,781,960,179,116,116,771,771,0,0.0005446066918547262,0.00088498587426393,712,778,66,3,3,3,14,6,85,275,132
101,0,206,1,931,930,0,66,1,474,473,0.0,0.0002382654276864427,1,580,579,3,-1,4,20,0,5,968,494
102,0,616,1,998,997,0,24,1,780,779,0.0,0.0031314884781646754,1,927,926,2,-1,3,3,0,791,723,158
103,2,104,375,944,569,6,6,444,444,0,0.00013615167296368154,0.00034037918240920387,530,660,130,4,5,5,3,1,862,552,288
104,15,15,638,638,0,18,18,618,618,0,0.0002723033459273631,0.0002723033459273631,618,618,0,-1,4,4,3,5,585,454,881
105,2,2,354,354,0,15,15,405,405,0,0.0,0.0,1,1,0,-1,5,5,8,1,646,837,986
106,0,102,1,876,875,0,17,1,352,351,0.0,0.0,1,1,0,4,-1,5,16,0,59,517,225
107,239,445,973,990,17,54,54,864,864,0,0.0051397256543789785,0.005888559855679227,963,971,8,3,3,3,4,54,638,28,195
108,14,14,558,558,0,28,28,498,498,0,0.00034037918240920387,0.00034037918240920387,652,652,0,-1,4,4,8,3,383,536,940
109,16,117,735,966,231,18,18,800,800,0,0.0005446066918547262,0.0006467204465774873,721,742,21,5,3,3,3,1,852,734,285
110,18,119,577,888,311,70,70,593,593,0,0.0002042275094455223,0.0002042275094455223,558,558,0,5,4,4,13,3,115,369,331
111,35,651,719,993,274,54,76,628,741,113,0.00010211375472276115,0.004629156880765172,472,956,484,2,3,3,10,5,272,528,21
112,96,96,936,936,0,32,32,933,933,0,0.002110350930937064,0.002110350930937064,903,903,0,-1,3,3,2,28,802,44,723
113,0,101,1,904,903,0,6,1,332,331,0.0,0.0,1,1,0,5,-1,6,6,0,353,611,540
114,81,181,887,962,75,64,64,920,920,0,0.0028591851322373124,0.002995336805200994,923,928,5,5,2,2,5,14,386,243,214
115,0,206,1,967,966,0,14,1,468,467,0.0,0.0005105687736138058,1,724,723,3,-1,4,5,0,677,533,293
116,6,108,433,927,494,12,12,462,462,0,0.00013615167296368154,0.00017018959120460194,520,549,29,4,4,4,4,2,700,384,528
117,0,206,1,974,973,0,18,1,577,576,0.0,0.0016678579938050988,1,859,858,3,-1,4,5,1,629,693,61
118,5,106,454,928,474,8,8,424,424,0,0.0002382654276864427,0.0002723033459273631,595,614,19,5,5,5,4,3,619,385,592
119,6,108,407,895,488,44,44,561,561,0,0.00010211375472276115,0.0002382654276864427,477,586,109,4,4,4,10,1,409,718,398
120,6,107,555,969,414,12,12,757,757,0,0.0004765308553728854,0.0004765308553728854,734,734,0,5,4,4,2,2,873,160,885
121,0,102,1,913,912,0,4,1,361,360,0.0,6.807583648184077e-05,1,442,441,4,-1,5,3,0,892,951,579
122,2,104,363,920,557,4,8,332,410,78,0.0,0.0006467204465774873,1,758,757,4,6,5,4,5,542,605,296
123,464,565,994,997,3,46,46,962,962,0,0.012253650566731339,0.012253650566731339,986,986,0,6,2,2,2,92,990,30,605
124,0,0,1,1,0,0,0,1,1,0,0.0,0.0,1,1,0,-1,-1,-1,3,0,716,847,423
125,0,0,1,1,0,0,0,1,1,0,0.0,0.0,1,1,0,-1,-1,-1,2,2,992,271,817
126,26,642,682,991,309,36,54,543,668,125,0.00017018959120460194,0.0036760951700194017,548,936,388,2,4,3,8,6,483,229,14
127,0,616,1,990,989,0,90,1,645,644,0.0,0.002314578440382586,1,893,892,2,-1,3,15,0,65,665,141
128,16,118,632,936,304,20,20,575,575,0,0.00034037918240920387,0.0004765308553728854,645,699,54,4,4,4,4,5,758,165,124
129,0,206,1,972,971,0,10,1,462,461,0.0,0.0002042275094455223,1,583,582,3,-1,4,3,1,746,539,659
130,0,102,1,934,933,0,4,1,396,395,0.0,0.00013615167296368154,1,509,508,4,-1,5,2,0,954,832,362
131,4,4,413,413,0,8,8,405,405,0,6.807583648184077e-05,6.807583648184077e-05,440,440,0,-1,5,5,4,3,516,829,766
132,0,102,1,966,965,0,4,1,470,469,0.0,0.00017018959120460194,1,556,555,4,-1,5,2,0,873,883,302
133,2,104,343,874,531,19,20,359,362,3,3.4037918240920386e-05,0.00010211375472276115,393,465,72,4,5,5,16,2,145,692,464
134,4,105,411,903,492,13,13,400,400,0,3.4037918240920386e-05,0.00017018959120460194,402,543,141,5,5,5,7,2,273,549,398
135,2,2,366,366,0,7,7,398,398,0,6.807583648184077e-05,6.807583648184077e-05,447,447,0,-1,5,5,4,1,545,555,848
136,56,262,852,981,129,34,34,787,787,0,0.002314578440382586,0.002825147213996392,903,920,17,3,3,3,4,20,648,87,179
137,37,37,823,823,0,12,12,658,658,0,0.0013955546478777359,0.0013955546478777359,847,847,0,-1,4,4,2,11,705,166,859
138,36,36,743,743,0,56,56,747,747,0,0.0012594029749140542,0.0012594029749140542,834,834,0,-1,3,3,6,4,312,185,962
139,16,118,595,918,323,44,44,692,692,0,3.4037918240920386e-05,3.4037918240920386e-05,407,407,0,4,3,3,7,2,525,532,244
140,275,377,967,978,11,200,200,943,943,0,0.0038462847612240037,0.004118588107151367,934,942,8,4,3,3,15,48,81,56,302
141,37,654,782,997,215,36,46,655,744,89,0.0007828721195411688,0.002110350930937064,779,891,112,2,4,3,6,10,489,413,612
142,615,717,996,998,2,88,88,969,969,0,0.015997821573232582,0.01606589740971442,994,994,0,4,2,2,4,118,516,37,654
143,47,253,838,976,138,40,40,781,781,0,0.0013615167296368155,0.00704584907587052,848,969,121,3,3,3,5,13,517,255,18
144,6,6,402,402,0,29,29,440,440,0,6.807583648184077e-05,6.807583648184077e-05,442,442,0,-1,4,4,12,2,222,679,792
145,67,168,904,974,70,52,52,978,978,0,0.004969536063174376,0.004969536063174376,956,956,0,5,2,2,3,9,840,294,662
146,677,1277,997,1000,3,112,112,947,947,0,0.014329963579427483,0.01861874127778345,989,991,2,2,3,3,7,98,193,23,31
147,124,330,888,973,85,166,166,792,792,0,0.0010211375472276116,0.0015657442390823377,797,850,53,3,3,3,19,19,89,184,415
148,1,617,333,991,658,13,39,333,470,137,0.0,0.0008509479560230097,1,773,772,2,7,3,13,2,120,582,248
149,0,206,1,942,941,0,35,1,409,408,0.0,0.0006126825283365669,1,715,714,3,-1,4,18,0,86,358,475
150,0,0,1,1,0,0,0,1,1,0,0.0,0.0,1,1,0,-1,-1,-1,10,0,241,446,754
151,54,156,860,962,102,22,22,778,778,0,0.0014295925661186562,0.001599782157323258,863,878,15,4,3,3,2,13,925,42,176
152,2,208,362,966,604,9,14,413,477,64,3.4037918240920386e-05,0.0005446066918547262,404,718,314,3,5,4,5,1,667,530,336
153,141,141,939,939,0,84,84,886,886,0,0.002825147213996392,0.002825147213996392,914,914,0,-1,3,3,8,24,323,13,629
154,18,224,544,947,403,116,120,552,563,11,0.00017018959120460194,0.0004084550188910446,538,664,126,3,4,4,30,3,7,307,229
155,26,26,729,729,0,28,28,737,737,0,0.0006467204465774873,0.0006467204465774873,740,740,0,-1,3,3,3,4,808,185,923
156,0,206,1,964,963,0,13,1,452,451,0.0,0.0002382654276864427,1,591,590,3,-1,4,5,0,773,796,494
157,2,2,349,349,0,26,26,372,372,0,0.0,0.0,1,1,0,-1,5,5,19,1,46,896,725
158,27,129,817,966,149,12,12,658,658,0,0.00088498587426393,0.0009530617107457708,806,814,8,4,4,4,2,10,897,405,771
159,71,173,882,962,80,70,70,956,956,0,0.0040845501889104465,0.004186663943633207,948,949,1,4,2,2,5,10,843,195,341
160,6,6,538,538,0,6,6,480,480,0,0.0002723033459273631,0.0002723033459273631,636,636,0,-1,5,5,3,4,853,315,944
161,13,115,627,938,311,14,14,505,505,0,0.00010211375472276115,0.00010211375472276115,471,471,0,4,4,4,5,6,557,486,563
162,0,0,1,1,0,0,0,1,1,0,0.0,0.0,1,1,0,-1,-1,-1,5,0,290,517,933
163,84,185,926,974,48,32,32,893,893,0,0.0020082371762143027,0.0024166921951053475,893,910,17,5,3,3,2,19,992,59,170
164,22,638,596,990,394,86,104,568,659,91,0.0002042275094455223,0.0007828721195411688,566,754,188,2,3,3,18,2,64,425,258
165,7,7,551,551,0,10,10,529,529,0,0.0002382654276864427,0.0002382654276864427,605,605,0,-1,4,4,3,3,871,196,846
166,0,0,1,1,0,0,0,1,1,0,0.0,0.0,1,1,0,-1,-1,-1,2,1,924,779,462
167,69,69,913,913,0,32,32,945,945,0,0.0034037918240920387,0.0034037918240920387,936,936,0,-1,3,3,2,17,946,85,513
168,44,250,744,959,215,94,98,715,737,22,0.0004765308553728854,0.0018720855032506212,682,884,202,3,3,3,13,5,90,178,146
169,6,107,459,930,471,16,16,569,569,0,0.00010211375472276115,0.00017018959120460194,487,551,64,5,4,4,4,2,543,691,547
170,55,261,825,973,148,34,34,733,733,0,0.0013615167296368155,0.002382654276864427,842,894,52,3,3,3,4,9,391,277,130
171,0,101,1,922,921,0,3,1,331,330,0.0,3.4037918240920386e-05,1,400,399,6,-1,7,3,0,834,816,739
172,6,107,437,909,472,22,22,589,589,0,0.00037441710065012424,0.00037441710065012424,666,666,0,5,4,4,5,1,519,667,518
173,2,104,357,922,565,6,6,384,384,0,3.4037918240920386e-05,0.00034037918240920387,398,653,255,4,5,5,4,3,593,578,301
174,0,0,1,1,0,0,0,1,1,0,0.0,0.0,1,1,0,-1,-1,-1,10,0,355,939,844
175,2,2,371,371,0,4,4,371,371,0,3.4037918240920386e-05,3.4037918240920386e-05,410,410,0,-1,5,5,3,1,564,931,990
176,28,234,668,959,291,70,70,660,660,0,0.0002382654276864427,0.00034037918240920387,599,649,50,3,3,3,12,4,183,622,241
177,0,206,1,960,959,0,11,1,432,431,0.0,6.807583648184077e-05,1,449,448,3,-1,4,5,1,408,806,443
178,12,628,573,996,423,18,32,522,710,188,0.00034037918240920387,0.003948398515946765,650,938,288,2,4,3,5,2,561,524,49
179,6,212,426,965,539,22,26,477,515,38,3.4037918240920386e-05,0.0007828721195411688,400,766,366,3,4,4,7,2,398,691,207
180,19,121,688,932,244,26,26,638,638,0,0.0007488342013002485,0.0007828721195411688,768,772,4,4,4,4,5,4,656,125,691
181,14,630,509,991,482,78,156,536,776,240,0.00017018959120460194,0.007386228258279724,531,965,434,2,4,3,19,6,38,392,30
182,0,101,1,954,953,0,4,1,328,327,0.0,6.807583648184077e-05,1,452,451,5,-1,6,4,0,860,388,298
183,0,101,1,929,928,0,3,1,331,330,0.0,3.4037918240920386e-05,1,404,403,5,-1,6,3,0,712,254,342
184,22,22,639,639,0,56,56,673,673,0,0.00034037918240920387,0.00034037918240920387,641,641,0,-1,3,3,9,4,249,551,889
185,56,56,754,754,0,138,138,717,717,0,0.0015317063208414173,0.0015317063208414173,855,855,0,-1,2,2,19,3,35,121,571
186,0,102,1,883,882,0,15,1,387,386,0.0,6.807583648184077e-05,1,448,447,4,-1,5,9,0,263,643,532
187,1,102,333,936,603,3,3,333,333,0,0.0,0.0,1,1,0,5,6,6,3,3,683,708,298
188,14,14,624,624,0,18,18,579,579,0,0.00030634126416828345,0.00030634126416828345,631,631,0,-1,4,4,5,4,727,622,600
189,20,226,659,967,308,38,46,678,735,57,0.00037441710065012424,0.0025188059498281084,665,906,241,3,3,3,6,4,498,326,65
190,6,212,427,960,533,22,30,481,550,69,0.00017018959120460194,0.0002723033459273631,550,618,68,3,4,4,7,4,466,512,541
191,0,616,1,993,992,0,88,1,741,740,0.0,0.0034718676605738795,1,935,934,2,-1,3,11,0,167,614,88
192,0,102,1,936,935,0,3,1,377,376,0.0,0.00010211375472276115,1,488,487,4,-1,5,2,0,779,926,240
193,299,299,986,986,0,38,38,903,903,0,0.009054086252084823,0.009054086252084823,980,980,0,-1,3,3,3,78,857,9,707
194,0,102,1,915,914,0,6,1,388,387,0.0,0.0002042275094455223,1,571,570,4,-1,5,3,0,490,798,262
195,0,206,1,964,963,0,16,1,452,451,0.0,0.0004765308553728854,1,696,695,3,-1,4,6,0,549,926,306
196,0,0,1,1,0,0,0,1,1,0,0.0,0.0,1,1,0,-1,-1,-1,20,1,61,780,753
197,0,0,1,1,0,0,0,1,1,0,0.0,0.0,1,1,0,-1,-1,-1,7,1,296,554,588
198,8,624,488,994,506,58,86,608,740,132,0.00037441710065012424,0.005854521937438306,656,963,307,2,4,3,11,2,139,700,32
199,0,0,1,1,0,0,0,1,1,0,0.0,0.0,1,1,0,-1,-1,-1,20,0,61,925,517
200,58,264,792,964,172,120,120,772,772,0,0.0005786446100956465,0.0007828721195411688,719,772,53,3,3,3,15,8,37,286,869
201,12,218,568,965,397,26,30,599,645,46,0.0002042275094455223,0.0004765308553728854,561,696,135,3,4,4,5,2,701,770,241
202,0,0,1,1,0,0,0,1,1,0,0.0,0.0,1,1,0,-1,-1,-1,15,0,102,993,772
203,0,101,1,887,886,0,7,1,332,331,0.0,0.0,1,1,0,6,-1,7,7,1,299,738,764
204,0,0,1,1,0,0,0,1,1,0,0.0,0.0,1,1,0,-1,-1,-1,2,0,960,987,750
205,4,4,476,476,0,3,3,376,376,0,0.0002723033459273631,0.0002723033459273631,626,626,0,-1,5,5,2,3,760,646,673
206,6,108,449,918,469,14,14,484,484,0,0.0,3.4037918240920386e-05,1,399,398,4,4,4,5,1,412,873,697
207,22,22,695,695,0,34,34,744,744,0,0.00088498587426393,0.00088498587426393,795,795,0,-1,3,3,4,4,504,143,975
208,16,16,522,522,0,106,106,718,718,0,0.0006807583648184077,0.0006807583648184077,747,747,0,-1,3,3,15,1,37,759,729
209,0,0,1,1,0,0,0,1,1,0,0.0,0.0,1,1,0,-1,-1,-1,2,0,686,940,943
210,0,102,1,969,968,0,3,1,408,407,0.0,6.807583648184077e-05,1,456,455,4,-1,5,2,1,782,706,755
211,0,0,1,1,0,0,0,1,1,0,0.0,0.0,1,1,0,-1,-1,-1,2,1,809,554,901
212,6,6,421,421,0,16,16,501,501,0,6.807583648184077e-05,6.807583648184077e-05,443,443,0,-1,4,4,4,1,614,561,629
213,0,206,1,962,961,0,14,1,434,433,0.0,0.0004765308553728854,1,694,693,3,-1,4,5,0,349,643,186
214,23,125,719,939,220,20,20,622,622,0,0.00034037918240920387,0.00034037918240920387,660,660,0,4,4,4,4,8,885,286,609
215,33,33,708,708,0,54,54,600,600,0,0.00037441710065012424,0.00037441710065012424,656,656,0,-1,3,3,10,8,153,477,699
216,88,190,831,934,103,220,220,897,897,0,0.0011913271384322134,0.0011913271384322134,815,814,-1,4,2,2,20,4,70,246,771
217,4,106,449,938,489,4,4,404,404,0,6.807583648184077e-05,0.0006126825283365669,451,748,297,4,5,5,2,2,904,694,155
218,22,124,650,911,261,86,86,818,818,0,0.0010211375472276116,0.0011232513019503727,806,823,17,4,3,3,10,5,427,535,964
219,8,8,520,520,0,18,18,530,530,0,0.0002042275094455223,0.0002042275094455223,557,557,0,-1,4,4,5,4,519,270,753
220,46,46,770,770,0,100,100,803,803,0,0.0008509479560230097,0.0008509479560230097,776,776,0,-1,2,2,10,4,240,149,953
221,100,716,882,997,115,40,50,706,770,64,0.0019061234214915416,0.0040845501889104465,878,947,69,2,3,3,5,22,719,128,55
222,2,208,355,961,606,9,16,382,442,60,0.0,0.0014636304843595766,1,854,853,3,5,4,6,1,255,924,116
223,78,284,853,975,122,78,78,832,832,0,0.001157289220191293,0.0016338200755641784,814,860,46,3,3,3,8,14,236,175,143
224,0,206,1,956,955,0,26,1,488,487,0.0,0.0006126825283365669,1,731,730,3,-1,4,9,0,319,957,185
225,100,100,857,857,0,100,100,684,684,0,0.012662105585622384,0.012662105585622384,989,989,0,-1,1,1,16,23,195,66,954
226,6,107,477,939,462,18,18,708,708,0,0.0005786446100956465,0.0006126825283365669,744,751,7,5,4,4,3,1,826,439,325
227,6,212,417,964,547,22,42,439,598,159,3.4037918240920386e-05,0.0016678579938050988,399,864,465,3,4,4,9,1,166,265,108
228,280,280,990,990,0,78,78,986,986,0,0.01245787807617686,0.01245787807617686,984,984,0,-1,2,2,4,70,754,18,675
229,0,0,1,1,0,0,0,1,1,0,0.0,0.0,1,1,0,-1,-1,-1,3,0,433,951,890
230,33,135,764,929,165,16,16,523,523,0,0.0007147962830593281,0.0007147962830593281,775,775,0,4,4,4,4,10,547,366,495
231,3,209,434,975,541,5,18,387,612,225,3.4037918240920386e-05,0.002484768031587188,404,902,498,3,5,4,3,5,651,225,35
232,29,131,777,958,181,22,22,780,780,0,0.0005446066918547262,0.0012253650566731338,710,842,132,4,3,3,2,7,429,329,352
233,22,124,690,936,246,42,42,753,753,0,0.0007147962830593281,0.0009190237925048504,757,804,47,4,3,3,6,2,373,475,376
234,18,120,720,957,237,12,12,597,597,0,0.0002723033459273631,0.0005105687736138058,622,713,91,4,4,4,2,5,771,182,610
235,16,222,597,969,372,25,30,677,700,23,0.00010211375472276115,0.0027911092957554717,486,912,426,3,3,3,4,1,391,935,48
236,13,13,583,583,0,23,23,495,495,0,0.00017018959120460194,0.00017018959120460194,550,550,0,-1,4,4,8,3,449,214,205
237,68,274,829,966,137,126,126,851,851,0,0.0011232513019503727,0.0013615167296368155,812,842,30,3,2,2,12,5,226,178,252
238,0,0,1,1,0,0,0,1,1,0,0.0,0.0,1,1,0,-1,-1,-1,4,0,513,833,835
239,49,151,803,933,130,54,54,710,710,0,0.0008509479560230097,0.0010892133837094523,786,808,22,4,3,3,8,10,282,195,617
240,2,208,354,945,591,20,34,375,437,62,3.4037918240920386e-05,0.0004084550188910446,407,670,263,3,5,4,14,3,144,578,240
241,6,212,403,959,556,42,42,600,600,0,6.807583648184077e-05,0.0006467204465774873,435,727,292,3,4,4,9,1,389,689,83
242,2,2,355,355,0,7,7,355,355,0,0.0,0.0,1,1,0,-1,5,5,6,1,425,736,723
243,0,1640,1,1000,999,0,52,1,969,968,0.0,0.034310221586847746,1,997,996,1,-1,2,3,0,814,802,206
244,0,0,1,1,0,0,0,1,1,0,0.0,0.0,1,1,0,-1,-1,-1,7,0,497,990,767
245,0,0,1,1,0,0,0,1,1,0,0.0,0.0,1,1,0,-1,-1,-1,2,0,804,489,776
246,0,0,1,1,0,0,0,1,1,0,0.0,0.0,1,1,0,-1,-1,-1,8,0,334,875,938
247,56,262,753,958,205,216,216,848,848,0,0.00088498587426393,0.0016338200755641784,767,858,91,3,3,3,23,6,30,295,130
248,12,12,546,546,0,22,22,471,471,0,3.4037918240920386e-05,3.4037918240920386e-05,415,415,0,-1,4,4,7,2,714,576,992
249,0,206,1,957,956,0,16,1,398,397,0.0,3.4037918240920386e-05,1,399,398,3,-1,4,9,0,126,672,317
250,6,6,460,460,0,12,12,520,520,0,0.0002042275094455223,0.0002042275094455223,576,576,0,-1,4,4,4,1,682,420,890
251,80,80,845,845,0,112,112,878,878,0,0.0015317063208414173,0.0015317063208414173,852,852,0,-1,3,3,11,9,155,130,455
252,19,121,665,937,272,26,26,615,615,0,0.00030634126416828345,0.0006467204465774873,628,743,115,4,4,4,5,6,691,379,329
253,12,12,570,570,0,18,18,529,529,0,0.0004084550188910446,0.0004084550188910446,677,677,0,-1,4,4,5,3,502,505,802
254,0,0,1,1,0,0,0,1,1,0,0.0,0.0,1,1,0,-1,-1,-1,17,0,71,574,445
255,0,101,1,922,921,0,4,1,332,331,0.0,0.0,1,1,0,5,-1,6,4,0,543,643,694
256,0,616,1,992,991,0,98,1,758,757,0.0,0.005480104836788182,1,962,961,2,-1,3,12,0,106,794,18
257,2,104,366,932,566,8,8,453,453,0,6.807583648184077e-05,0.00013615167296368154,445,512,67,4,5,5,4,1,772,531,592
258,6,212,456,973,517,12,16,491,536,45,0.0002723033459273631,0.0010211375472276116,611,810,199,3,4,4,4,3,403,260,272
259,0,206,1,961,960,0,20,1,485,484,0.0,0.00037441710065012424,1,660,659,3,-1,4,6,0,356,907,212
260,0,206,1,959,958,0,22,1,475,474,0.0,0.00037441710065012424,1,667,666,3,-1,4,7,0,320,963,177
261,10,111,629,952,323,12,12,627,627,0,0.00017018959120460194,0.0002382654276864427,555,614,59,5,4,4,2,6,820,247,313
262,61,267,830,971,141,82,82,849,849,0,0.0027911092957554717,0.0034037918240920387,917,933,16,3,3,3,7,6,436,73,390
263,0,0,1,1,0,0,0,1,1,0,0.0,0.0,1,1,0,-1,-1,-1,6,0,341,790,927
264,0,102,1,916,915,0,5,1,362,361,0.0,0.00010211375472276115,1,495,494,4,-1,5,4,0,921,457,722
265,6,108,436,922,486,9,10,442,460,18,0.00010211375472276115,0.00013615167296368154,477,516,39,4,4,4,3,2,725,325,110
266,100,716,903,998,95,84,94,947,955,8,0.003812246842983083,0.007760645358929848,947,977,30,2,2,2,5,14,390,190,17
267,6,212,439,969,530,14,22,477,586,109,6.807583648184077e-05,0.0007488342013002485,451,769,318,3,4,4,5,1,487,870,148
268,0,102,1,936,935,0,3,1,367,366,0.0,0.00010211375472276115,1,493,492,4,-1,5,2,0,609,514,722
269,0,0,1,1,0,0,0,1,1,0,0.0,0.0,1,1,0,-1,-1,-1,8,0,301,632,872
270,2,2,348,348,0,11,11,349,349,0,0.0,0.0,1,1,0,-1,5,5,10,2,355,582,513
271,24,125,649,903,254,116,116,860,860,0,0.0009530617107457708,0.0010211375472276116,795,808,13,5,3,3,11,3,360,438,717
272,6,6,398,398,0,24,24,431,431,0,3.4037918240920386e-05,3.4037918240920386e-05,391,391,0,-1,4,4,11,3,248,321,665
273,0,101,1,909,908,0,5,1,332,331,0.0,3.4037918240920386e-05,1,404,403,5,-1,6,5,0,407,483,430
274,48,149,831,947,116,24,24,708,708,0,0.0008169100377820892,0.00088498587426393,796,806,10,5,3,3,3,9,471,130,537
275,16,222,626,969,343,52,52,786,786,0,0.0009190237925048504,0.002110350930937064,800,887,87,3,3,3,7,1,439,612,213
276,91,91,862,862,0,96,96,804,804,0,0.001940161339732462,0.001940161339732462,882,882,0,-1,3,3,11,18,224,63,745
277,10,10,552,552,0,13,13,453,453,0,0.00013615167296368154,0.00013615167296368154,519,519,0,-1,4,4,5,4,599,398,726
278,0,206,1,943,942,0,47,1,482,481,0.0,0.0006126825283365669,1,722,721,3,-1,4,16,0,72,848,414
279,399,1015,996,1000,4,32,32,920,920,0,0.012049423057285817,0.01766567956703768,989,994,5,2,3,3,2,96,681,1,50
280,8,8,514,514,0,24,24,636,636,0,0.00017018959120460194,0.00017018959120460194,543,543,0,-1,4,4,4,4,759,551,574
281,70,171,898,970,72,22,22,787,787,0,0.0020082371762143027,0.002144388849177984,892,899,7,5,3,3,2,27,804,304,562
282,0,0,1,1,0,0,0,1,1,0,0.0,0.0,1,1,0,-1,-1,-1,8,1,297,949,693
283,0,616,1,999,998,0,18,1,775,774,0.0,0.0033016780693692774,1,942,941,2,-1,3,2,0,609,980,38
284,24,24,668,668,0,34,34,663,663,0,0.0005446066918547262,0.0005446066918547262,715,715,0,-1,3,3,4,5,503,589,649
285,2,208,355,966,611,11,20,397,484,87,0.00013615167296368154,0.0015657442390823377,506,860,354,3,5,4,6,3,470,755,119
286,54,155,831,949,118,64,64,900,900,0,0.003267640151128357,0.003267640151128357,931,931,0,5,2,2,5,6,247,107,853
287,0,206,1,981,980,0,12,1,630,629,0.0,0.0007488342013002485,1,773,772,3,-1,4,2,0,625,723,169
288,6,212,446,972,526,18,26,529,644,115,0.00010211375472276115,0.0010211375472276116,479,812,333,3,4,4,5,1,430,555,327
289,0,0,1,1,0,0,0,1,1,0,0.0,0.0,1,1,0,-1,-1,-1,2,0,972,902,456
290,22,124,655,916,261,38,38,661,661,0,0.00010211375472276115,0.00013615167296368154,487,514,27,4,3,3,6,4,560,149,384
291,0,206,1,934,933,0,30,1,361,360,0.0,6.807583648184077e-05,1,435,434,3,-1,4,23,0,15,457,398
292,28,234,680,961,281,68,68,650,650,0,0.0004765308553728854,0.0008509479560230097,702,776,74,3,4,4,12,8,187,132,467
293,100,100,911,911,0,100,100,982,982,0,0.02913645801422785,0.02913645801422785,996,996,0,4,1,1,5,4,644,617,463
294,0,0,1,1,0,0,0,1,1,0,0.0,0.0,1,1,0,-1,-1,-1,13,0,228,940,768
295,0,206,1,950,949,0,17,1,387,386,0.0,0.00013615167296368154,1,510,509,3,-1,4,10,0,310,963,677
296,0,102,1,944,943,0,4,1,415,414,0.0,0.00030634126416828345,1,647,646,4,-1,5,2,0,910,849,461
297,0,0,1,1,0,0,0,1,1,0,0.0,0.0,1,1,0,-1,-1,-1,6,0,275,423,987
298,73,73,936,936,0,18,18,880,880,0,0.0018040096667687805,0.0018040096667687805,889,889,0,-1,3,3,2,23,805,66,975
299,18,224,658,965,307,32,32,626,626,0,0.000442492937131965,0.0011232513019503727,685,818,133,3,4,4,6,6,353,683,179
300,16,222,567,954,387,35,56,536,658,122,6.807583648184077e-05,0.0015317063208414173,444,852,408,3,3,3,9,1,191,799,146
301,19,120,624,905,281,44,44,607,607,0,0.00013615167296368154,0.00013615167296368154,514,514,0,6,4,4,8,5,483,510,765
302,0,102,1,923,922,0,9,1,388,387,0.0,3.4037918240920386e-05,1,406,405,4,-1,5,6,2,657,633,298
303,1,102,333,923,590,4,4,333,333,0,0.0,0.0,1,1,0,5,6,6,4,2,559,692,853
304,11,11,548,548,0,19,19,448,448,0,0.0002723033459273631,0.0002723033459273631,608,608,0,-1,4,4,8,6,488,613,821
305,0,0,1,1,0,0,0,1,1,0,0.0,0.0,1,1,0,-1,-1,-1,3,0,812,851,446
306,0,102,1,974,973,0,4,1,506,505,0.0,0.0006807583648184077,1,782,781,4,-1,5,2,0,978,934,234
307,2,2,360,360,0,8,8,405,405,0,3.4037918240920386e-05,3.4037918240920386e-05,405,405,0,-1,5,5,5,1,744,558,948
308,0,102,1,913,912,0,4,1,354,353,0.0,6.807583648184077e-05,1,454,453,4,-1,5,3,1,737,841,319
309,44,250,779,964,185,62,62,673,673,0,0.0006467204465774873,0.0012594029749140542,737,818,81,3,3,3,10,9,258,245,377
310,8,8,515,515,0,26,26,533,533,0,0.00013615167296368154,0.00013615167296368154,522,522,0,-1,4,4,7,2,342,724,953
311,1,207,333,972,639,4,11,333,475,142,3.4037918240920386e-05,0.0002042275094455223,401,578,177,3,6,4,4,1,397,893,124
312,6,108,428,921,493,13,14,439,447,8,0.0,0.0009190237925048504,1,806,805,4,4,4,5,1,555,879,148
313,0,206,1,973,972,0,14,1,591,590,0.0,0.0008509479560230097,1,792,791,3,-1,4,3,0,882,723,180
314,0,0,1,1,0,0,0,1,1,0,0.0,0.0,1,1,0,-1,-1,-1,2,0,986,614,348
315,12,218,497,955,458,50,50,536,536,0,3.4037918240920386e-05,0.0005105687736138058,401,710,309,3,4,4,11,3,227,361,303
316,0,206,1,975,974,0,16,1,544,543,0.0,0.003165526396405596,1,924,923,3,-1,4,4,1,462,573,48
317,0,101,1,876,875,0,12,1,332,331,0.0,3.4037918240920386e-05,1,399,398,5,-1,6,12,0,87,769,601
318,24,24,678,678,0,42,42,608,608,0,0.00030634126416828345,0.00030634126416828345,626,626,0,-1,3,3,8,4,428,479,854
319,17,119,583,898,315,32,32,463,463,0,3.4037918240920386e-05,0.00010211375472276115,397,486,89,4,4,4,12,5,292,274,239
320,44,44,771,771,0,82,82,722,722,0,0.0013274788113958951,0.0013274788113958951,838,838,0,-1,3,3,12,8,375,264,737
321,96,302,913,983,70,44,44,875,875,0,0.0031314884781646754,0.005480104836788182,922,957,35,3,3,3,4,27,767,69,8
322,0,206,1,976,975,0,8,1,489,488,0.0,0.00037441710065012424,1,669,668,3,-1,4,2,0,689,520,230
323,30,646,652,991,339,88,106,573,656,83,0.0002042275094455223,0.0005446066918547262,559,705,146,2,3,3,19,9,48,341,622
324,0,0,1,1,0,0,0,1,1,0,0.0,0.0,1,1,0,-1,-1,-1,13,0,185,669,856
325,281,487,976,988,12,104,104,908,908,0,0.005786446100956465,0.005888559855679227,965,965,0,3,3,3,9,54,166,28,493
326,12,218,603,972,369,22,26,623,678,55,0.00034037918240920387,0.001599782157323258,649,869,220,3,4,4,5,5,685,510,79
327,77,178,939,982,43,22,22,896,896,0,0.0051397256543789785,0.0053099152455835805,960,961,1,5,3,3,2,18,968,141,251
328,82,82,862,862,0,142,142,962,962,0,0.003642057251778481,0.003642057251778481,940,940,0,-1,2,2,8,6,231,73,701
329,0,102,1,905,904,0,11,1,385,384,0.0,0.0002382654276864427,1,593,592,4,-1,5,7,0,505,823,368
330,32,238,611,948,337,168,172,709,713,4,0.0006126825283365669,0.0006467204465774873,714,722,8,3,3,3,23,2,15,453,904
331,14,116,665,952,287,14,14,631,631,0,3.4037918240920386e-05,0.00017018959120460194,399,544,145,4,4,4,3,3,797,385,566
332,0,0,1,1,0,0,0,1,1,0,0.0,0.0,1,1,0,-1,-1,-1,4,0,917,701,922
333,146,762,901,994,93,170,170,868,868,0,0.0020763130126961434,0.002723033459273631,881,918,37,2,2,2,16,11,117,166,308
334,4,4,424,424,0,11,11,403,403,0,3.4037918240920386e-05,3.4037918240920386e-05,403,403,0,-1,5,5,6,3,489,598,641
335,0,206,1,946,945,0,25,1,413,412,0.0,0.0002723033459273631,1,619,618,3,-1,4,12,0,222,782,296
336,4,4,435,435,0,6,6,397,397,0,3.4037918240920386e-05,3.4037918240920386e-05,409,409,0,-1,5,5,3,2,819,547,514
337,2,104,366,924,558,4,4,366,366,0,3.4037918240920386e-05,6.807583648184077e-05,396,447,51,4,5,5,3,2,855,679,788
338,6,212,417,966,549,13,18,424,478,54,3.4037918240920386e-05,0.0002382654276864427,393,592,199,3,4,4,5,1,818,463,301
339,124,226,926,968,42,72,72,849,849,0,0.002280540522141666,0.002280540522141666,894,894,0,4,3,3,7,20,505,43,526
340,18,120,623,916,293,46,46,666,666,0,0.0002723033459273631,0.0005786446100956465,600,723,123,4,3,3,8,2,302,770,275
341,24,126,688,928,240,18,18,577,577,0,0.00030634126416828345,0.00034037918240920387,631,642,11,4,4,4,3,8,731,286,623
342,6,6,446,446,0,14,14,543,543,0,0.0,0.0,1,1,0,-1,4,4,3,4,746,512,970
343,6,108,463,933,470,12,12,491,491,0,0.0002382654276864427,0.0012253650566731338,597,839,242,4,4,4,4,2,633,691,96
344,2,2,345,345,0,24,24,363,363,0,0.0,0.0,1,1,0,-1,5,5,19,2,19,374,611
345,13,629,516,991,475,43,98,466,657,191,0.00010211375472276115,0.005820484019197386,470,958,488,2,4,3,16,5,60,570,18
346,324,426,976,984,8,150,150,988,988,0,0.006671431975220395,0.006671431975220395,968,968,0,4,2,2,7,45,472,77,761
347,0,101,1,910,909,0,4,1,331,330,0.0,3.4037918240920386e-05,1,390,389,5,-1,6,4,0,235,851,639
348,2,2,377,377,0,5,5,379,379,0,3.4037918240920386e-05,3.4037918240920386e-05,406,406,0,-1,5,5,4,1,754,537,502
349,24,230,739,978,239,18,18,653,653,0,0.0005446066918547262,0.001940161339732462,731,887,156,3,4,4,3,11,833,52,64
350,0,101,1,881,880,0,12,1,332,331,0.0,6.807583648184077e-05,1,444,443,5,-1,6,12,0,194,330,437
351,0,102,1,925,924,0,6,1,361,360,0.0,6.807583648184077e-05,1,448,447,4,-1,5,5,0,908,985,618
352,0,102,1,875,874,0,16,1,355,354,0.0,0.00010211375472276115,1,476,475,4,-1,5,14,0,85,979,618
353,46,662,774,991,217,90,104,708,767,59,0.0014636304843595766,0.001940161339732462,853,880,27,2,2,2,14,3,84,795,680
354,1,1,332,332,0,2,2,332,332,0,0.0,0.0,1,1,0,-1,7,7,2,2,992,448,632
355,0,616,1,990,989,0,132,1,665,664,0.0,0.0032336022328874367,1,923,922,2,-1,3,23,0,30,649,88
356,34,34,746,746,0,50,50,735,735,0,0.0017018959120460194,0.0017018959120460194,858,858,0,-1,3,3,7,4,398,230,858
357,46,148,812,940,128,48,48,742,742,0,0.0007488342013002485,0.0008509479560230097,758,773,15,4,3,3,7,10,482,296,241
358,6,6,423,423,0,12,12,411,411,0,0.0,0.0,1,1,0,-1,4,4,6,1,369,437,900
359,12,218,593,974,381,20,20,539,539,0,0.0004084550188910446,0.0009530617107457708,673,809,136,3,4,4,6,2,594,473,759
360,0,102,1,902,901,0,9,1,371,370,0.0,0.00034037918240920387,1,661,660,4,-1,5,7,0,342,934,653
361,14,14,588,588,0,30,30,645,645,0,0.000442492937131965,0.000442492937131965,703,703,0,-1,4,4,5,4,247,288,817
362,54,155,825,941,116,62,62,812,812,0,0.001055175465468532,0.001055175465468532,812,812,0,6,3,3,7,9,413,414,140
363,2,103,358,899,541,9,9,365,365,0,6.807583648184077e-05,0.00013615167296368154,441,506,65,5,5,5,7,3,413,460,464
364,100,100,844,844,0,100,100,565,565,0,0.008611593314952858,0.008611593314952858,976,976,0,-1,1,1,23,13,30,183,753
365,42,658,761,993,232,80,80,804,804,0,0.0012594029749140542,0.004152626025392287,832,946,114,2,3,3,10,7,527,630,105
366,119,221,936,972,36,54,54,900,900,0,0.0028932230504782326,0.003165526396405596,927,932,5,4,3,3,4,21,755,123,231
367,0,206,1,973,972,0,10,1,472,471,0.0,0.00037441710065012424,1,663,662,3,-1,4,3,0,592,916,250
368,7,109,557,947,390,12,12,603,603,0,3.4037918240920386e-05,0.0007147962830593281,400,757,357,4,4,4,2,3,992,300,387
369,104,104,927,927,0,22,22,851,851,0,0.002314578440382586,0.002314578440382586,910,910,0,-1,3,3,2,20,932,94,993
370,16,118,680,948,268,22,22,816,816,0,0.0002042275094455223,0.00034037918240920387,574,653,79,4,3,3,2,1,739,168,339
371,206,206,958,958,0,120,120,965,965,0,0.005820484019197386,0.005820484019197386,966,966,0,-1,2,2,6,24,378,8,498
372,16,117,483,880,397,190,190,819,819,0,0.0006467204465774873,0.0006467204465774873,734,734,0,6,3,3,20,1,5,439,621
373,0,0,1,1,0,0,0,1,1,0,0.0,0.0,1,1,0,-1,-1,-1,8,1,483,814,775
374,221,221,988,988,0,56,56,994,994,0,0.016372238673882704,0.016372238673882704,991,991,0,-1,2,2,2,69,810,12,674
375,115,115,974,974,0,12,12,785,785,0,0.004935498144933456,0.004935498144933456,961,961,0,-1,4,4,2,45,936,77,462
376,0,206,1,951,950,0,17,1,413,412,0.0,3.4037918240920386e-05,1,397,396,3,-1,4,8,0,317,819,434
377,18,224,613,961,348,26,30,568,611,43,6.807583648184077e-05,0.002484768031587188,446,904,458,3,4,4,5,3,496,677,102
378,14,220,573,963,390,34,42,579,649,70,0.00013615167296368154,0.0005786446100956465,522,725,203,3,4,4,7,3,714,301,173
379,6,6,377,377,0,46,46,418,418,0,6.807583648184077e-05,6.807583648184077e-05,443,443,0,-1,4,4,21,1,12,899,522
380,2,103,379,957,578,4,4,427,427,0,0.0,0.0,1,1,0,5,5,5,2,1,742,870,661
381,1,1,333,333,0,3,3,333,333,0,0.0,0.0,1,1,0,-1,6,6,3,1,797,621,455
382,0,206,1,972,971,0,12,1,461,460,0.0,0.0009530617107457708,1,813,812,3,-1,4,4,0,700,588,250
383,0,0,1,1,0,0,0,1,1,0,0.0,0.0,1,1,0,-1,-1,-1,4,0,860,863,882
384,0,0,1,1,0,0,0,1,1,0,0.0,0.0,1,1,0,-1,-1,-1,6,0,399,887,455
385,0,102,1,886,885,0,13,1,350,349,0.0,3.4037918240920386e-05,1,393,392,4,-1,5,12,1,212,949,671
386,0,206,1,971,970,0,15,1,458,457,0.0,0.0005786446100956465,1,722,721,3,-1,4,6,0,373,732,232
387,5,106,561,971,410,4,4,510,510,0,0.00017018959120460194,0.0002042275094455223,566,596,30,5,5,5,2,4,962,339,829
388,0,0,1,1,0,0,0,1,1,0,0.0,0.0,1,1,0,-1,-1,-1,20,0,70,908,695
389,16,118,608,922,314,35,36,663,664,1,0.0002042275094455223,0.00037441710065012424,577,662,85,4,3,3,7,2,477,313,208
390,2,2,352,352,0,13,13,360,360,0,0.0,0.0,1,1,0,-1,5,5,11,3,333,484,600
391,1,1,333,333,0,13,13,333,333,0,3.4037918240920386e-05,3.4037918240920386e-05,393,393,0,-1,6,6,13,2,41,656,669
392,7,7,587,587,0,8,8,571,571,0,0.0002723033459273631,0.0002723033459273631,615,615,0,-1,4,4,2,2,950,323,699
393,0,206,1,953,952,0,27,1,461,460,0.0,0.0007147962830593281,1,753,752,3,-1,4,10,0,355,675,172
394,22,22,718,718,0,28,28,764,764,0,0.0006807583648184077,0.0006807583648184077,757,757,0,-1,3,3,3,3,621,610,737
395,10,111,481,876,395,50,50,465,465,0,3.4037918240920386e-05,3.4037918240920386e-05,397,397,0,5,4,4,15,3,77,347,656
396,0,0,1,1,0,0,0,1,1,0,0.0,0.0,1,1,0,-1,-1,-1,4,0,567,672,816
397,12,114,479,883,404,52,52,473,473,0,0.0,3.4037918240920386e-05,1,399,398,4,4,4,16,3,42,361,572
398,30,30,838,838,0,14,14,682,682,0,0.0009870996289866913,0.0009870996289866913,809,809,0,-1,4,4,3,11,668,97,664
399,0,206,1,976,975,0,12,1,624,623,0.0,0.003437829742332959,1,937,936,3,-1,4,2,1,880,767,50
400,0,0,1,1,0,0,0,1,1,0,0.0,0.0,1,1,0,-1,-1,-1,21,0,12,971,786
401,0,102,1,951,950,0,4,1,429,428,0.0,0.0005786446100956465,1,736,735,4,-1,5,2,0,702,699,194
402,2,208,364,968,604,5,20,365,587,222,0.0,0.0009530617107457708,1,806,805,3,5,4,4,2,675,374,193
403,50,151,827,949,122,44,44,804,804,0,0.0005446066918547262,0.0006126825283365669,713,738,25,5,3,3,4,7,385,253,320
404,16,118,518,889,371,47,47,464,464,0,0.00010211375472276115,0.0002042275094455223,480,565,85,4,3,3,16,2,53,560,425
405,43,43,760,760,0,66,66,642,642,0,0.0004084550188910446,0.0004084550188910446,668,668,0,-1,3,3,12,7,194,176,880
406,24,125,726,943,217,40,40,792,792,0,0.0009190237925048504,0.0009190237925048504,794,794,0,5,3,3,5,4,720,326,585
407,6,108,437,926,489,10,10,462,462,0,0.00013615167296368154,0.0002382654276864427,522,591,69,4,4,4,3,2,554,714,609
408,8,109,552,938,386,10,10,493,493,0,0.00013615167296368154,0.00013615167296368154,531,531,0,5,4,4,3,2,958,579,364
409,0,0,1,1,0,0,0,1,1,0,0.0,0.0,1,1,0,-1,-1,-1,8,0,131,846,977
410,0,102,1,880,879,0,23,1,369,368,0.0,6.807583648184077e-05,1,443,442,4,-1,5,17,0,24,946,315
411,4,106,480,957,477,4,4,468,468,0,0.00013615167296368154,0.0002382654276864427,521,607,86,4,5,5,2,5,995,395,378
412,32,238,761,974,213,36,40,716,737,21,0.00030634126416828345,0.0020082371762143027,634,880,246,3,3,3,5,6,528,486,106
413,0,102,1,883,882,0,12,1,361,360,0.0,6.807583648184077e-05,1,436,435,4,-1,5,10,1,240,573,313
414,389,389,987,987,0,144,144,999,999,0,0.012083460975526737,0.012083460975526737,985,985,0,-1,2,2,6,49,405,16,983
415,0,0,1,1,0,0,0,1,1,0,0.0,0.0,1,1,0,-1,-1,-1,2,0,757,838,965
416,0,102,1,881,880,0,26,1,402,401,0.0,0.0002382654276864427,1,584,583,4,-1,5,14,0,47,932,453
417,0,0,1,1,0,0,0,1,1,0,0.0,0.0,1,1,0,-1,-1,-1,6,0,514,914,917
418,168,374,935,978,43,184,184,972,972,0,0.0037441710065012424,0.0040845501889104465,938,945,7,3,2,2,10,19,240,135,326
419,173,275,935,971,36,114,114,888,888,0,0.0026549576227917903,0.0026549576227917903,908,908,0,4,2,2,10,22,310,203,606
420,0,0,1,1,0,0,0,1,1,0,0.0,0.0,1,1,0,-1,-1,-1,12,0,62,768,723
421,0,0,1,1,0,0,0,1,1,0,0.0,0.0,1,1,0,-1,-1,-1,3,0,850,953,583
422,126,332,905,977,72,138,138,952,952,0,0.002927260968719153,0.003778208924742163,917,939,22,3,2,2,9,14,263,146,175
423,30,131,794,954,160,40,40,896,896,0,0.0010211375472276116,0.001055175465468532,816,820,4,5,3,3,4,6,603,490,334
424,8,8,551,551,0,14,14,574,574,0,0.000442492937131965,0.000442492937131965,693,693,0,-1,4,4,3,2,729,465,928
425,0,0,1,1,0,0,0,1,1,0,0.0,0.0,1,1,0,-1,-1,-1,8,0,236,349,782
426,155,257,921,967,46,210,210,937,937,0,0.003199564314646516,0.003267640151128357,921,925,4,4,2,2,16,18,78,141,110
427,14,116,602,931,329,16,16,539,539,0,0.0005446066918547262,0.0006467204465774873,723,743,20,4,4,4,4,3,753,653,80
428,0,102,1,962,961,0,3,1,403,402,0.0,0.00034037918240920387,1,671,670,4,-1,5,2,0,805,971,381
429,6,108,412,903,491,13,13,393,393,0,0.00010211375472276115,0.00017018959120460194,475,535,60,4,4,4,7,1,366,781,274
430,0,101,1,899,898,0,8,1,332,331,0.0,0.0,1,1,0,5,-1,6,8,0,440,986,585
431,4,4,413,413,0,14,14,401,401,0,3.4037918240920386e-05,3.4037918240920386e-05,396,396,0,-1,5,5,8,2,508,244,271
432,0,206,1,975,974,0,18,1,576,575,0.0,0.0019741992579733825,1,881,880,3,-1,4,5,0,695,936,141
433,0,0,1,1,0,0,0,1,1,0,0.0,0.0,1,1,0,-1,-1,-1,3,0,842,992,921
434,0,616,1,993,992,0,62,1,639,638,0.0,0.0032336022328874367,1,930,929,2,-1,3,10,0,105,908,77
435,0,101,1,953,952,0,3,1,329,328,0.0,0.0002723033459273631,1,625,624,5,-1,6,3,0,918,455,284
436,93,194,952,986,34,46,46,988,988,0,0.008645631233193778,0.008679669151434699,978,978,0,5,2,2,2,26,997,127,755
437,1,103,333,914,581,4,7,333,381,48,0.0,3.4037918240920386e-05,1,410,409,4,6,5,4,1,870,924,392
438,12,12,655,655,0,14,14,638,638,0,0.00030634126416828345,0.00030634126416828345,640,640,0,-1,4,4,3,3,796,610,400
439,40,40,810,810,0,50,50,858,858,0,0.0011232513019503727,0.0011232513019503727,823,823,0,-1,3,3,5,4,795,470,358
440,0,102,1,913,912,0,3,1,363,362,0.0,6.807583648184077e-05,1,445,444,4,-1,5,2,3,905,478,476
441,0,206,1,954,953,0,21,1,411,410,0.0,0.0002382654276864427,1,582,581,3,-1,4,10,0,153,871,474
442,572,778,991,996,5,152,152,981,981,0,0.01157289220191293,0.012151536812008578,983,983,0,3,2,2,8,92,380,30,184
443,52,52,808,808,0,60,60,677,677,0,0.0009530617107457708,0.0009530617107457708,802,802,0,-1,3,3,9,7,803,396,751
444,22,228,654,965,311,40,44,631,654,23,0.00010211375472276115,0.0004084550188910446,479,665,186,3,3,3,7,2,171,634,694
445,0,0,1,1,0,0,0,1,1,0,0.0,0.0,1,1,0,-1,-1,-1,6,0,341,750,638
446,0,0,1,1,0,0,0,1,1,0,0.0,0.0,1,1,0,-1,-1,-1,3,0,826,731,977
447,154,360,963,992,29,48,48,940,940,0,0.005241839409101739,0.01327478811395895,959,992,33,3,3,3,3,27,530,25,23
448,38,139,702,898,196,68,68,526,526,0,0.0005105687736138058,0.0005105687736138058,694,694,0,5,3,3,17,3,94,596,748
449,0,206,1,969,968,0,10,1,453,452,0.0,0.001157289220191293,1,837,836,3,-1,4,3,0,930,732,60
450,0,102,1,897,896,0,10,1,348,347,0.0,3.4037918240920386e-05,1,401,400,4,-1,5,9,0,177,546,563
451,0,102,1,871,870,0,38,1,390,389,0.0,0.00013615167296368154,1,496,495,4,-1,5,22,0,22,696,435
452,28,234,806,983,177,12,12,673,673,0,0.0008169100377820892,0.0016678579938050988,791,886,95,3,4,4,2,6,951,658,269
453,33,239,722,968,246,52,52,655,655,0,0.00037441710065012424,0.0005786446100956465,661,726,65,3,3,3,9,10,422,266,378
454,6,212,399,949,550,60,64,526,540,14,6.807583648184077e-05,0.0005446066918547262,445,710,265,3,4,4,16,1,78,797,316
455,58,264,814,970,156,94,94,836,836,0,0.0012253650566731338,0.0015317063208414173,829,857,28,3,3,3,9,11,136,193,318
456,41,247,770,963,193,58,58,692,692,0,0.0002723033459273631,0.0004084550188910446,613,676,63,3,3,3,8,7,483,329,214
457,0,206,1,963,962,0,50,1,644,643,0.0,0.002723033459273631,1,912,911,3,-1,4,9,0,190,367,102
458,0,102,1,909,908,0,9,1,355,354,0.0,3.4037918240920386e-05,1,407,406,4,-1,5,8,0,158,846,739
459,14,14,607,607,0,26,26,616,616,0,0.0002723033459273631,0.0002723033459273631,623,623,0,-1,4,4,5,4,314,450,906
460,30,30,783,783,0,18,18,544,544,0,0.00034037918240920387,0.00034037918240920387,661,661,0,-1,4,4,5,7,647,253,963
461,16,222,544,953,409,82,82,614,614,0,0.00017018959120460194,0.0002382654276864427,534,586,52,3,3,3,16,1,78,891,353
462,6,6,398,398,0,28,28,396,396,0,0.0,0.0,1,1,0,-1,4,4,16,1,60,717,747
463,0,102,1,966,965,0,4,1,470,469,0.0,0.00088498587426393,1,800,799,4,-1,5,2,2,873,271,213
464,0,102,1,927,926,0,7,1,384,383,0.0,0.00037441710065012424,1,657,656,4,-1,5,5,0,463,937,516
465,0,206,1,931,930,0,25,1,362,361,0.0,3.4037918240920386e-05,1,399,398,3,-1,4,20,1,5,650,558
466,32,32,806,806,0,26,26,788,788,0,0.0006126825283365669,0.0006126825283365669,748,748,0,-1,3,3,4,9,553,317,641
467,6,212,378,942,564,61,61,452,452,0,3.4037918240920386e-05,0.0004765308553728854,400,679,279,3,4,4,21,1,54,416,333
468,0,101,1,902,901,0,9,1,331,330,0.0,3.4037918240920386e-05,1,413,412,5,-1,6,9,0,119,786,594
469,16,118,522,891,369,50,50,516,516,0,6.807583648184077e-05,0.00010211375472276115,443,475,32,4,3,3,13,1,92,964,325
470,38,654,762,995,233,48,68,672,793,121,0.0005786446100956465,0.004833384390210695,732,960,228,2,4,3,8,9,420,294,94
471,110,211,889,948,59,160,160,869,869,0,0.0018720855032506212,0.0018720855032506212,881,881,0,5,3,3,15,13,68,335,357
472,83,185,899,964,65,34,34,801,801,0,0.0019741992579733825,0.0020082371762143027,882,884,2,4,3,3,4,21,767,157,199
473,56,262,826,968,142,80,80,859,859,0,0.0005105687736138058,0.0006126825283365669,704,729,25,3,3,3,8,7,334,169,596
474,165,165,962,962,0,64,64,948,948,0,0.0037441710065012424,0.0037441710065012424,935,935,0,-1,3,3,4,28,787,98,436
475,8,110,521,921,400,20,20,574,574,0,6.807583648184077e-05,0.0004084550188910446,443,683,240,4,4,4,4,2,917,586,279
476,40,141,766,927,161,64,64,729,729,0,0.0005105687736138058,0.0005105687736138058,710,710,0,5,3,3,9,8,200,345,763
477,6,622,397,991,594,44,58,531,619,88,0.0002042275094455223,0.003165526396405596,563,929,366,2,4,3,10,1,240,452,74
478,0,102,1,941,940,0,3,1,380,379,0.0,6.807583648184077e-05,1,457,456,4,-1,5,2,0,817,587,689
479,0,101,1,921,920,0,3,1,331,330,0.0,0.0,1,1,0,6,-1,7,3,0,900,588,357
480,14,220,671,979,308,20,20,695,695,0,0.0005786446100956465,0.0012253650566731338,732,831,99,3,4,4,4,3,754,616,131
481,0,102,1,889,888,0,13,1,372,371,0.0,0.0002042275094455223,1,554,553,4,-1,5,8,3,244,478,191
482,6,212,472,976,504,9,9,479,479,0,0.00010211375472276115,0.0004765308553728854,485,702,217,3,4,4,3,1,756,771,154
483,81,287,866,973,107,70,70,902,902,0,0.0016678579938050988,0.002314578440382586,862,899,37,3,3,3,5,15,496,137,482
484,24,24,699,699,0,26,26,702,702,0,0.0006126825283365669,0.0006126825283365669,732,732,0,-1,3,3,4,4,832,332,733
485,8,214,475,948,473,31,66,413,556,143,0.0,0.0009190237925048504,1,789,788,3,4,4,15,2,68,602,45
486,84,186,858,947,89,156,156,922,922,0,0.002314578440382586,0.002382654276864427,899,902,3,4,2,2,12,5,106,403,290
487,18,224,646,970,324,44,44,811,811,0,0.0002042275094455223,0.00088498587426393,572,797,225,3,3,3,4,3,870,541,221
488,20,226,695,976,281,18,18,603,603,0,0.00030634126416828345,0.0009530617107457708,638,816,178,3,4,4,3,6,484,368,312
489,0,206,1,958,957,0,22,1,470,469,0.0,0.0007147962830593281,1,749,748,3,-1,4,7,0,182,919,273
490,0,0,1,1,0,0,0,1,1,0,0.0,0.0,1,1,0,-1,-1,-1,2,0,618,901,757
491,1,1,332,332,0,5,5,332,332,0,0.0,0.0,1,1,0,-1,6,6,5,1,843,893,934
492,2,103,351,890,539,13,13,367,367,0,0.0,0.0,1,1,0,6,5,5,10,2,204,721,181
493,0,102,1,938,937,0,3,1,371,370,0.0,0.0002042275094455223,1,574,573,4,-1,5,2,1,939,641,107
494,0,102,1,921,920,0,6,1,384,383,0.0,0.00017018959120460194,1,536,535,4,-1,5,4,0,659,620,378
495,22,22,627,627,0,50,50,579,579,0,0.0002382654276864427,0.0002382654276864427,597,597,0,-1,3,3,10,3,206,361,994
496,17,17,648,648,0,12,12,464,464,0,0.0002382654276864427,0.0002382654276864427,590,590,0,-1,4,4,4,5,917,528,515
497,52,258,874,983,109,22,22,844,844,0,0.0017359338302869397,0.0020763130126961434,888,905,17,3,3,3,2,15,684,206,318
498,2,208,356,970,614,8,12,428,478,50,0.0,0.0002382654276864427,1,590,589,3,5,4,4,1,539,370,198
499,24,126,715,935,220,24,24,677,677,0,0.0009530617107457708,0.0011232513019503727,810,831,21,4,4,4,4,7,675,169,406
500,17,223,673,974,301,20,20,613,613,0,0.0002042275094455223,0.00030634126416828345,565,633,68,3,4,4,4,5,787,528,493
501,6,6,456,456,0,10,10,465,465,0,0.0,0.0,1,1,0,-1,4,4,4,1,650,639,804
502,6,212,439,967,528,18,18,511,511,0,0.00010211375472276115,0.0002723033459273631,481,610,129,3,4,4,5,1,667,958,453
503,0,0,1,1,0,0,0,1,1,0,0.0,0.0,1,1,0,-1,-1,-1,6,0,356,890,571
504,0,616,1,992,991,0,78,1,775,774,0.0,0.004050512270669526,1,948,947,2,-1,3,10,1,272,948,135
505,2,2,356,356,0,16,16,394,394,0,0.0,0.0,1,1,0,-1,5,5,9,1,123,623,750
506,72,72,868,868,0,56,56,847,847,0,0.002314578440382586,0.002314578440382586,891,891,0,-1,3,3,6,13,522,42,925
507,0,0,1,1,0,0,0,1,1,0,0.0,0.0,1,1,0,-1,-1,-1,3,0,725,696,665
508,178,280,958,977,19,88,88,970,970,0,0.004833384390210695,0.005173763572619898,959,963,4,4,2,2,4,30,759,39,368
509,0,101,1,956,955,0,2,1,331,330,0.0,3.4037918240920386e-05,1,413,412,5,-1,6,2,1,996,568,749
510,204,410,958,984,26,182,182,986,986,0,0.005412029000306341,0.005480104836788182,961,962,1,3,2,2,9,20,217,43,655
511,55,157,857,963,106,30,30,795,795,0,0.0012253650566731338,0.0018720855032506212,843,880,37,4,3,3,4,9,777,277,273
512,0,101,1,958,957,0,2,1,331,330,0.0,0.0,1,1,0,8,-1,9,2,0,963,939,626
513,0,0,1,1,0,0,0,1,1,0,0.0,0.0,1,1,0,-1,-1,-1,7,1,343,693,632
514,77,77,950,950,0,12,12,779,779,0,0.0034718676605738795,0.0034718676605738795,938,938,0,-1,4,4,2,32,884,26,831
515,2,104,349,887,538,9,13,363,393,30,0.0,0.0004084550188910446,1,675,674,4,5,5,7,1,374,893,653
516,0,206,1,971,970,0,24,1,727,726,0.0,0.008475441641989176,1,977,976,3,-1,4,4,0,507,845,1
517,18,18,593,593,0,50,50,561,561,0,0.0002723033459273631,0.0002723033459273631,617,617,0,-1,4,4,11,3,279,704,820
518,0,616,1,993,992,0,26,1,493,492,0.0,0.0008509479560230097,1,778,777,2,-1,3,8,3,302,753,248
519,12,218,643,980,337,14,14,630,630,0,0.00034037918240920387,0.0013615167296368155,663,850,187,3,4,4,3,2,642,473,61
520,52,258,892,989,97,18,18,714,714,0,0.0016338200755641784,0.004629156880765172,877,943,66,3,4,4,3,17,707,45,28
521,0,101,1,933,932,0,3,1,331,330,0.0,0.00013615167296368154,1,512,511,5,-1,6,3,0,912,773,648
522,156,156,925,925,0,168,168,912,912,0,0.0020082371762143027,0.0020082371762143027,880,880,0,-1,2,2,14,20,79,49,984
523,8,8,575,575,0,14,14,640,640,0,0.00037441710065012424,0.00037441710065012424,661,661,0,-1,4,4,3,4,576,346,324
524,0,206,1,941,940,0,38,1,416,415,0.0,0.0002723033459273631,1,590,589,3,-1,4,16,0,132,731,417
525,0,206,1,960,959,0,20,1,441,440,0.0,0.0002382654276864427,1,598,597,3,-1,4,8,0,383,696,524
526,0,206,1,935,934,0,53,1,425,424,0.0,0.00034037918240920387,1,637,636,3,-1,4,23,0,4,966,197
527,68,68,876,876,0,34,34,812,812,0,0.002144388849177984,0.002144388849177984,900,900,0,-1,3,3,4,20,573,87,669
528,0,0,1,1,0,0,0,1,1,0,0.0,0.0,1,1,0,-1,-1,-1,5,0,314,674,915
529,1,1,333,333,0,10,10,333,333,0,3.4037918240920386e-05,3.4037918240920386e-05,391,391,0,-1,6,6,10,1,82,640,821
530,0,206,1,970,969,0,10,1,457,456,0.0,0.0009190237925048504,1,797,796,3,-1,4,3,0,836,824,96
531,1,1,331,331,0,5,5,331,331,0,0.0,0.0,1,1,0,-1,6,6,5,3,685,676,517
532,24,126,709,932,223,38,38,720,720,0,0.0002723033459273631,0.0004084550188910446,612,678,66,4,3,3,6,5,465,688,354
533,20,121,726,954,228,12,12,604,604,0,0.0002382654276864427,0.0002382654276864427,599,599,0,6,4,4,2,4,943,210,861
534,50,256,816,973,157,62,62,774,774,0,0.0005105687736138058,0.0011232513019503727,701,825,124,3,3,3,7,7,216,134,204
535,52,258,790,964,174,84,84,765,765,0,0.0008169100377820892,0.0013274788113958951,779,826,47,3,3,3,9,7,101,237,192
536,10,111,598,946,348,8,8,494,494,0,0.00010211375472276115,0.00013615167296368154,494,525,31,5,4,4,2,3,609,353,441
537,0,616,1,998,997,0,26,1,781,780,0.0,0.002552843868069029,1,913,912,2,-1,3,4,0,679,732,255
538,0,102,1,932,931,0,6,1,366,365,0.0,6.807583648184077e-05,1,444,443,4,-1,5,5,0,695,961,625
539,100,100,915,915,0,100,100,996,996,0,0.05561795840566391,0.05561795840566391,999,999,0,-1,1,1,3,36,636,48,889
540,2,103,363,925,562,8,8,414,414,0,0.0,6.807583648184077e-05,1,438,437,6,5,5,4,1,495,807,771
541,1,207,333,952,619,10,44,333,550,217,0.0,0.0011232513019503727,1,809,808,3,8,4,10,1,256,857,106
542,0,0,1,1,0,0,0,1,1,0,0.0,0.0,1,1,0,-1,-1,-1,3,0,912,984,802
543,21,123,770,966,196,14,14,676,676,0,0.0006126825283365669,0.0008169100377820892,736,782,46,4,4,4,3,9,875,293,329
544,16,222,569,959,390,52,52,614,614,0,0.00013615167296368154,0.00030634126416828345,510,619,109,3,3,3,10,1,256,394,617
545,125,331,943,988,45,54,54,935,935,0,0.0030293747234419145,0.0030634126416828346,930,930,0,3,3,3,4,24,597,13,199
546,0,616,1,992,991,0,76,1,548,547,0.0,0.0013274788113958951,1,831,830,2,-1,3,17,0,103,942,84
547,56,157,787,915,128,81,81,613,613,0,0.0006467204465774873,0.0006467204465774873,727,727,0,5,2,2,16,2,134,549,896
548,100,100,848,848,0,100,100,592,592,0,0.023894618605126112,0.023894618605126112,1000,1000,0,-1,1,1,20,98,61,23,895
549,17,17,685,685,0,28,28,805,805,0,0.0009530617107457708,0.0009530617107457708,807,807,0,-1,3,3,3,3,844,299,740
550,0,0,1,1,0,0,0,1,1,0,0.0,0.0,1,1,0,-1,-1,-1,4,0,827,880,948
551,37,243,733,962,229,84,84,697,697,0,0.0004084550188910446,0.0013274788113958951,673,833,160,3,3,3,13,9,242,212,147
552,0,102,1,945,944,0,5,1,406,405,0.0,0.00010211375472276115,1,486,485,4,-1,5,3,0,867,728,199
553,1,1,333,333,0,12,12,333,333,0,0.0,0.0,1,1,0,-1,7,7,12,2,222,582,732
554,1,1,332,332,0,2,2,332,332,0,3.4037918240920386e-05,3.4037918240920386e-05,402,402,0,-1,6,6,2,1,983,763,854
555,63,63,826,826,0,116,116,890,890,0,0.0013615167296368155,0.0013615167296368155,844,844,0,-1,3,3,10,11,128,118,729
556,0,0,1,1,0,0,0,1,1,0,0.0,0.0,1,1,0,-1,-1,-1,5,1,773,554,753
557,0,102,1,924,923,0,8,1,430,429,0.0,0.0005786446100956465,1,727,726,4,-1,5,4,0,511,943,163
558,8,8,508,508,0,18,18,453,453,0,0.0002042275094455223,0.0002042275094455223,568,568,0,-1,4,4,7,2,505,791,796
559,0,102,1,914,913,0,12,1,427,426,0.0,0.0008169100377820892,1,771,770,4,-1,5,6,0,322,635,190
560,0,0,1,1,0,0,0,1,1,0,0.0,0.0,1,1,0,-1,-1,-1,2,1,924,456,814
561,0,0,1,1,0,0,0,1,1,0,0.0,0.0,1,1,0,-1,-1,-1,4,1,572,705,917
562,757,757,1000,1000,0,62,62,977,977,0,0.020729092208720514,0.020729092208720514,997,997,0,-1,2,2,3,157,710,2,731
563,29,29,796,796,0,18,18,781,781,0,0.0007488342013002485,0.0007488342013002485,772,772,0,-1,3,3,2,5,970,591,996
564,28,129,834,976,142,12,12,760,760,0,0.0007828721195411688,0.0007828721195411688,785,785,0,5,4,4,2,9,898,375,321
565,0,616,1,996,995,0,21,1,613,612,0.0,0.0011913271384322134,1,827,826,2,-1,3,4,0,822,985,667
566,0,616,1,987,986,0,82,1,613,612,0.0,0.0014636304843595766,1,841,840,2,-1,3,16,0,132,925,100
567,0,101,1,915,914,0,4,1,331,330,0.0,3.4037918240920386e-05,1,397,396,5,-1,6,4,0,675,897,492
568,4,106,464,948,484,4,4,443,443,0,0.0,0.000442492937131965,1,697,696,4,5,5,2,4,876,319,336
569,63,165,890,969,79,46,46,972,972,0,0.005514142755029102,0.00616086320160659,959,965,6,4,2,2,2,14,734,387,67
570,6,6,444,444,0,16,16,534,534,0,0.00013615167296368154,0.00013615167296368154,517,517,0,-1,4,4,4,1,969,958,956
571,18,634,612,992,380,74,84,776,832,56,0.0005786446100956465,0.0015317063208414173,732,851,119,2,3,3,8,2,434,101,407
572,1,617,333,993,660,8,38,333,614,281,0.0,0.003778208924742163,1,941,940,2,6,3,8,1,595,603,122
573,105,311,920,983,63,28,28,725,725,0,0.0026889955410327104,0.0030634126416828346,911,926,15,3,3,3,3,26,687,112,260
574,16,222,676,981,305,18,22,804,817,13,0.0008169100377820892,0.0057524081827155455,784,968,184,3,3,3,2,2,999,532,6
575,0,101,1,917,916,0,5,1,331,330,0.0,0.0,1,1,0,5,-1,6,5,0,688,324,853
576,3,104,423,925,502,4,4,407,407,0,0.00013615167296368154,0.00013615167296368154,511,511,0,5,5,5,2,2,990,383,526
577,6,6,397,397,0,39,39,442,442,0,0.0,0.0,1,1,0,-1,4,4,15,2,65,662,912
578,5,107,436,921,485,8,8,428,428,0,3.4037918240920386e-05,6.807583648184077e-05,400,444,44,4,5,5,4,3,921,572,274
579,129,745,939,998,59,60,70,898,935,37,0.002552843868069029,0.014636304843595765,912,989,77,2,3,3,5,28,565,98,3
580,10,216,574,973,399,14,14,482,482,0,0.0002042275094455223,0.0008509479560230097,571,789,218,3,4,4,5,4,517,567,295
581,16,1656,509,1000,491,62,112,490,674,184,3.4037918240920386e-05,0.005990673610401988,400,959,559,1,3,2,18,1,69,463,64
582,90,192,957,983,26,22,22,897,897,0,0.004833384390210695,0.006433166547533953,955,968,13,4,3,3,2,26,749,108,13
583,100,100,892,892,0,100,100,948,948,0,0.022226760611321013,0.022226760611321013,996,996,0,5,1,1,7,17,400,131,623
584,166,166,932,932,0,158,158,958,958,0,0.004016474352428605,0.004016474352428605,946,946,0,-1,2,2,9,19,101,135,836
585,0,101,1,956,955,0,2,1,329,328,0.0,0.0,1,1,0,6,-1,7,2,0,974,457,656
586,0,102,1,926,925,0,11,1,431,430,0.0,0.00037441710065012424,1,657,656,4,-1,5,6,0,661,875,562
587,20,122,677,935,258,26,26,612,612,0,0.0004084550188910446,0.0005786446100956465,688,739,51,4,4,4,5,6,363,258,212
588,118,118,914,914,0,74,74,922,922,0,0.002757071377514551,0.002757071377514551,914,914,0,-1,2,2,5,18,546,64,457
589,34,240,708,956,248,82,86,657,671,14,0.00013615167296368154,0.0002382654276864427,517,584,67,3,3,3,14,4,47,259,305
590,23,125,698,931,233,52,52,814,814,0,0.00034037918240920387,0.0008509479560230097,643,786,143,4,3,3,6,3,587,280,390
591,375,375,984,984,0,80,80,941,941,0,0.008441403723748256,0.008441403723748256,978,978,0,-1,3,3,5,62,377,70,880
592,18,224,582,947,365,90,90,619,619,0,0.0004765308553728854,0.0006126825283365669,684,719,35,3,4,4,17,4,210,233,420
593,16,16,568,568,0,56,56,672,672,0,0.00030634126416828345,0.00030634126416828345,625,625,0,-1,3,3,9,1,306,741,787
594,0,0,1,1,0,0,0,1,1,0,0.0,0.0,1,1,0,-1,-1,-1,8,0,428,850,955
595,0,101,1,953,952,0,2,1,331,330,0.0,3.4037918240920386e-05,1,417,416,6,-1,7,2,0,914,695,692
596,15,117,640,931,291,18,18,542,542,0,0.00013615167296368154,0.0005786446100956465,523,735,212,4,4,4,5,4,612,380,246
597,0,102,1,901,900,0,9,1,358,357,0.0,3.4037918240920386e-05,1,403,402,4,-1,5,8,0,137,388,958
598,0,206,1,975,974,0,8,1,482,481,0.0,0.0004765308553728854,1,700,699,3,-1,4,2,1,925,947,224
599,0,206,1,947,946,0,52,1,514,513,0.0,0.0014295925661186562,1,848,847,3,-1,4,14,0,268,803,63
600,22,228,654,970,316,32,40,657,697,40,0.0002723033459273631,0.001497668402600497,610,851,241,3,3,3,5,2,349,363,45
601,0,102,1,956,955,0,4,1,436,435,0.0,0.00030634126416828345,1,640,639,4,-1,5,2,0,965,715,343
602,235,235,971,971,0,78,78,963,963,0,0.005820484019197386,0.005820484019197386,966,966,0,-1,2,2,4,50,622,33,446
603,83,83,875,875,0,82,82,855,855,0,0.0018380475850097008,0.0018380475850097008,875,875,0,-1,3,3,7,17,118,213,276
604,29,235,808,984,176,24,24,759,759,0,0.0009870996289866913,0.0022465026039007454,813,904,91,3,4,4,4,8,480,177,352
605,18,18,716,716,0,10,10,534,534,0,0.0005105687736138058,0.0005105687736138058,726,726,0,-1,4,4,3,8,485,284,455
606,0,102,1,935,934,0,4,1,403,402,0.0,0.0008169100377820892,1,792,791,4,-1,5,2,0,904,356,97
607,2,104,354,890,536,12,16,354,376,22,0.0,0.00017018959120460194,1,536,535,4,5,5,11,1,229,671,208
608,16,632,487,989,502,83,138,480,640,160,0.00013615167296368154,0.0010211375472276116,503,798,295,2,3,3,25,1,17,322,559
609,62,62,775,775,0,210,210,862,862,0,0.0008169100377820892,0.0008169100377820892,768,768,0,-1,2,2,21,5,1,306,426
610,34,135,776,945,169,34,34,750,750,0,0.0008509479560230097,0.00088498587426393,796,800,4,5,3,3,4,10,700,272,603
611,74,74,871,871,0,34,34,736,736,0,0.001599782157323258,0.001599782157323258,852,852,0,-1,3,3,4,17,887,96,970
612,159,159,944,944,0,98,98,928,928,0,0.0034718676605738795,0.0034718676605738795,930,930,0,-1,2,2,8,22,541,203,865
613,52,258,792,964,172,134,134,918,918,0,0.0010892133837094523,0.0017359338302869397,802,861,59,3,2,2,10,4,298,336,189
614,24,24,654,654,0,72,72,677,677,0,0.0004765308553728854,0.0004765308553728854,690,690,0,-1,3,3,11,3,279,268,882
615,0,0,1,1,0,0,0,1,1,0,0.0,0.0,1,1,0,-1,-1,-1,9,0,166,886,787
616,0,0,1,1,0,0,0,1,1,0,0.0,0.0,1,1,0,-1,-1,-1,7,1,472,539,900
617,2,2,344,344,0,28,28,357,357,0,0.0,0.0,1,1,0,-1,5,5,25,2,17,739,871
618,8,8,510,510,0,16,16,464,464,0,0.00010211375472276115,0.00010211375472276115,484,484,0,-1,4,4,6,2,251,697,994
619,6,108,425,907,482,30,30,544,544,0,6.807583648184077e-05,0.00010211375472276115,450,486,36,4,4,4,7,1,320,891,463
620,0,102,1,873,872,0,29,1,388,387,0.0,0.00013615167296368154,1,504,503,4,-1,5,18,0,86,849,458
621,23,124,760,955,195,14,14,623,623,0,0.0002723033459273631,0.0004084550188910446,622,682,60,5,4,4,3,7,888,237,380
622,0,102,1,946,945,0,4,1,405,404,0.0,0.0002723033459273631,1,626,625,4,-1,5,2,0,232,696,115
623,0,102,1,882,881,0,14,1,348,347,0.0,0.0,1,1,0,4,-1,5,13,0,97,702,337
624,1,207,333,957,624,7,22,333,464,131,0.0,0.0009530617107457708,1,794,793,3,6,4,7,2,179,374,185
625,72,174,890,967,77,22,22,851,851,0,0.0013955546478777359,0.0013955546478777359,861,861,0,4,3,3,2,13,932,42,492
626,18,224,571,951,380,51,56,475,496,21,0.00017018959120460194,0.0004765308553728854,537,690,153,3,3,3,17,3,71,441,477
627,12,218,558,966,408,30,30,628,628,0,0.0004765308553728854,0.001497668402600497,698,854,156,3,4,4,5,2,506,473,146
628,6,212,450,970,520,9,14,455,533,78,0.0,0.0004084550188910446,1,676,675,3,4,4,3,1,836,265,338
629,0,616,1,996,995,0,25,1,676,675,0.0,0.0014636304843595766,1,848,847,2,-1,3,4,0,391,925,172
630,111,317,926,985,59,40,40,824,824,0,0.002314578440382586,0.002586881786309949,897,914,17,3,3,3,4,26,641,127,115
631,6,107,493,948,455,12,12,625,625,0,0.000442492937131965,0.000442492937131965,682,682,0,5,4,4,2,2,960,785,555
632,2,103,364,934,570,6,6,422,422,0,3.4037918240920386e-05,3.4037918240920386e-05,416,416,0,7,5,5,3,1,640,964,590
633,12,114,599,939,340,14,14,503,503,0,0.0002723033459273631,0.0006126825283365669,614,732,118,4,4,4,5,3,574,505,253
634,2,2,403,403,0,4,4,467,467,0,3.4037918240920386e-05,3.4037918240920386e-05,409,409,0,-1,5,5,2,2,941,575,994
635,0,616,1,986,985,0,86,1,432,431,0.0,0.0007147962830593281,1,735,734,2,-1,3,35,0,20,276,366
636,7,213,478,956,478,28,36,459,520,61,0.0,0.0005446066918547262,1,710,709,3,4,4,10,5,254,225,138
637,0,0,1,1,0,0,0,1,1,0,0.0,0.0,1,1,0,-1,-1,-1,10,0,258,956,686
638,22,123,666,919,253,58,58,774,774,0,0.0010211375472276116,0.0010211375472276116,811,811,0,6,3,3,7,4,413,143,540
639,18,18,611,611,0,62,62,785,785,0,0.00088498587426393,0.00088498587426393,793,793,0,-1,3,3,7,3,209,559,702
640,6,212,401,955,554,62,66,541,557,16,0.0002382654276864427,0.0006807583648184077,591,749,158,3,4,4,15,1,32,500,296
641,34,135,802,953,151,34,34,801,801,0,0.0009870996289866913,0.0010211375472276116,814,818,4,6,3,3,4,8,633,161,484
642,15,221,622,973,351,32,32,649,649,0,0.0002723033459273631,0.0005786446100956465,619,717,98,3,4,4,6,4,664,86,211
643,0,0,1,1,0,0,0,1,1,0,0.0,0.0,1,1,0,-1,-1,-1,4,1,462,949,201
644,6,6,483,483,0,8,8,505,505,0,0.00013615167296368154,0.00013615167296368154,531,531,0,-1,4,4,2,2,896,215,804
645,29,235,785,974,189,40,40,822,822,0,0.0009870996289866913,0.0011913271384322134,810,831,21,3,3,3,5,4,685,125,727
646,143,143,926,926,0,104,104,877,877,0,0.002382654276864427,0.002382654276864427,901,901,0,-1,3,3,9,19,306,144,745
647,2,104,349,887,538,8,13,349,393,44,0.0,0.0002382654276864427,1,587,586,4,5,5,7,1,374,924,591
648,75,75,813,813,0,174,174,804,804,0,0.0013274788113958951,0.0013274788113958951,837,837,0,-1,2,2,19,7,19,329,844
649,6,622,372,988,616,75,174,457,714,257,0.00017018959120460194,0.0033357159876101976,528,927,399,2,4,3,25,2,17,805,41
650,78,78,875,875,0,40,40,816,816,0,0.001055175465468532,0.001055175465468532,816,816,0,-1,3,3,4,17,391,269,811
651,227,433,967,988,21,150,150,986,986,0,0.007147962830593281,0.007216038667075122,972,973,1,3,2,2,7,31,265,126,380
652,134,134,910,910,0,166,166,935,935,0,0.0026549576227917903,0.0026549576227917903,915,915,0,-1,2,2,12,15,44,62,804
653,0,102,1,927,926,0,4,1,392,391,0.0,0.0005105687736138058,1,727,726,4,-1,5,2,0,828,798,40
654,51,51,858,858,0,12,12,584,584,0,0.0009870996289866913,0.0009870996289866913,825,825,0,-1,4,4,2,14,429,139,502
655,38,38,701,701,0,120,120,736,736,0,0.0005105687736138058,0.0005105687736138058,688,688,0,-1,3,3,17,4,80,622,835
656,33,239,759,970,211,58,58,729,729,0,0.00034037918240920387,0.0007488342013002485,649,759,110,3,3,3,8,7,137,237,827
657,2,208,351,952,601,18,23,373,395,22,0.0,0.0002723033459273631,1,600,599,3,5,4,13,3,129,460,523
658,4,106,401,893,492,18,18,390,390,0,3.4037918240920386e-05,3.4037918240920386e-05,400,400,0,4,5,5,10,3,153,761,581
659,7,109,619,970,351,4,4,452,452,0,0.00017018959120460194,0.0002723033459273631,560,632,72,4,5,5,2,5,782,510,492
660,0,102,1,917,916,0,5,1,358,357,0.0,0.00017018959120460194,1,539,538,4,-1,5,4,0,822,574,459
661,79,181,892,966,74,28,28,781,781,0,0.0012253650566731338,0.0014295925661186562,844,861,17,4,3,3,3,16,672,113,376
662,2,104,373,936,563,4,4,418,418,0,0.00017018959120460194,0.0004084550188910446,563,693,130,4,5,5,2,1,776,481,101
663,157,157,969,969,0,28,28,849,849,0,0.004493005207801491,0.004493005207801491,950,950,0,-1,3,3,3,50,856,33,604
664,27,233,783,978,195,32,32,921,921,0,0.001157289220191293,0.0018720855032506212,844,889,45,3,3,3,2,5,804,216,163
665,0,0,1,1,0,0,0,1,1,0,0.0,0.0,1,1,0,-1,-1,-1,2,0,893,838,620
666,0,616,1,999,998,0,22,1,804,803,0.0,0.010245413390517035,1,988,987,2,-1,3,2,0,924,875,23
667,0,0,1,1,0,0,0,1,1,0,0.0,0.0,1,1,0,-1,-1,-1,6,0,556,624,423
668,22,124,671,930,259,36,36,703,703,0,0.000442492937131965,0.0005786446100956465,685,729,44,4,3,3,5,2,406,586,637
669,40,656,734,992,258,120,120,827,827,0,0.0004084550188910446,0.0013274788113958951,667,833,166,2,3,3,13,4,67,86,187
670,38,38,803,803,0,40,40,770,770,0,0.00088498587426393,0.00088498587426393,792,792,0,-1,3,3,5,3,452,382,993
671,36,36,738,738,0,106,106,869,869,0,0.0011232513019503727,0.0011232513019503727,812,812,0,-1,3,3,11,8,333,174,902
672,8,8,566,566,0,9,9,504,504,0,0.00010211375472276115,0.00010211375472276115,494,494,0,-1,4,4,4,4,480,442,913
673,0,206,1,943,942,0,28,1,397,396,0.0,3.4037918240920386e-05,1,395,394,3,-1,4,15,0,37,819,666
674,0,0,1,1,0,0,0,1,1,0,0.0,0.0,1,1,0,-1,-1,-1,17,0,73,330,372
675,33,33,770,770,0,52,52,841,841,0,0.0005446066918547262,0.0005446066918547262,710,710,0,-1,3,3,6,7,575,237,712
676,38,140,801,948,147,34,34,793,793,0,0.0012934408931549745,0.00176997174852786,842,871,29,4,3,3,4,8,403,186,438
677,2,104,401,970,569,2,4,332,485,153,6.807583648184077e-05,0.002314578440382586,455,909,454,4,6,5,2,2,884,694,8
678,0,102,1,914,913,0,9,1,408,407,0.0,0.0002042275094455223,1,579,578,4,-1,5,5,3,538,348,328
679,0,0,1,1,0,0,0,1,1,0,0.0,0.0,1,1,0,-1,-1,-1,5,0,517,773,668
680,1,207,332,957,625,8,24,332,478,146,0.0,0.0002382654276864427,1,586,585,3,6,4,8,3,428,181,470
681,6,108,425,914,489,21,21,470,470,0,3.4037918240920386e-05,0.0002723033459273631,396,613,217,4,4,4,7,1,400,577,191
682,100,100,892,892,0,100,100,939,939,0,0.024098846114571634,0.024098846114571634,996,996,0,-1,1,1,7,16,170,113,923
683,8,110,536,932,396,13,13,484,484,0,0.00010211375472276115,0.00034037918240920387,494,667,173,4,4,4,5,2,744,491,316
684,4,106,442,932,490,7,8,427,453,26,3.4037918240920386e-05,0.00037441710065012424,410,667,257,4,5,5,4,3,491,290,312
685,20,636,665,995,330,28,46,566,734,168,0.00013615167296368154,0.0020082371762143027,511,882,371,2,4,3,6,4,387,164,81
686,6,622,408,993,585,26,122,441,887,446,0.0,0.01232172640321318,1,982,981,2,4,3,11,2,224,885,11
687,28,28,804,804,0,24,24,842,842,0,0.0012594029749140542,0.0012594029749140542,844,844,0,-1,3,3,3,7,584,115,995
688,55,157,791,923,132,112,112,735,735,0,0.0004765308553728854,0.0005786446100956465,685,710,25,4,3,3,18,9,29,240,425
689,22,22,620,620,0,106,106,804,804,0,0.0010211375472276116,0.0010211375472276116,804,804,0,-1,3,3,11,4,66,143,735
690,2,2,352,352,0,8,8,387,387,0,3.4037918240920386e-05,3.4037918240920386e-05,403,403,0,-1,5,5,4,3,503,755,995
691,81,183,872,955,83,72,72,843,843,0,0.002314578440382586,0.0026549576227917903,895,909,14,4,3,3,7,15,364,151,199
692,1,103,333,924,591,6,7,333,363,30,0.0,3.4037918240920386e-05,1,397,396,4,7,5,6,3,594,181,251
693,0,0,1,1,0,0,0,1,1,0,0.0,0.0,1,1,0,-1,-1,-1,5,0,691,918,794
694,17,119,604,905,301,27,27,480,480,0,0.0002723033459273631,0.000442492937131965,603,680,77,4,4,4,8,6,358,279,22
695,18,119,636,919,283,24,24,529,529,0,0.00017018959120460194,0.00017018959120460194,545,545,0,5,4,4,6,4,498,501,549
696,14,14,661,661,0,10,10,538,538,0,0.0002042275094455223,0.0002042275094455223,570,570,0,-1,4,4,3,8,576,132,955
697,6,6,389,389,0,60,60,519,519,0,0.00010211375472276115,0.00010211375472276115,478,478,0,-1,4,4,16,3,151,309,941
698,7,7,484,484,0,40,40,572,572,0,0.00013615167296368154,0.00013615167296368154,508,508,0,-1,4,4,8,2,244,724,709
699,0,0,1,1,0,0,0,1,1,0,0.0,0.0,1,1,0,-1,-1,-1,10,0,293,927,928
700,9,110,599,949,350,12,12,648,648,0,0.0004765308553728854,0.0005105687736138058,707,717,10,5,4,4,2,4,910,312,464
701,24,230,688,968,280,38,38,637,637,0,0.0002382654276864427,0.00176997174852786,595,873,278,3,4,4,7,4,361,504,119
702,228,434,957,979,22,212,212,966,966,0,0.004629156880765172,0.004833384390210695,949,951,2,3,2,2,14,29,268,142,628
703,6,108,490,950,460,8,8,500,500,0,6.807583648184077e-05,0.00013615167296368154,449,533,84,4,4,4,2,3,983,309,567
704,3,3,413,413,0,5,5,385,385,0,3.4037918240920386e-05,3.4037918240920386e-05,397,397,0,-1,5,5,3,2,645,364,651
705,24,126,671,918,247,62,62,760,760,0,0.0005105687736138058,0.0007147962830593281,703,749,46,4,3,3,7,5,366,589,194
706,0,0,1,1,0,0,0,1,1,0,0.0,0.0,1,1,0,-1,-1,-1,11,0,220,445,936
707,0,102,1,958,957,0,4,1,435,434,0.0,0.0009530617107457708,1,812,811,4,-1,5,2,0,751,483,53
708,26,26,736,736,0,24,24,647,647,0,0.0007147962830593281,0.0007147962830593281,768,768,0,-1,4,4,4,8,495,204,787
709,0,101,1,871,870,0,21,1,332,331,0.0,0.0,1,1,0,5,-1,6,21,1,3,641,437
710,29,29,785,785,0,18,18,653,653,0,0.0002723033459273631,0.0002723033459273631,621,621,0,-1,4,4,3,13,833,256,643
711,0,616,1,992,991,0,46,1,653,652,0.0,0.0020082371762143027,1,886,885,2,-1,3,8,1,260,660,117
712,451,657,988,995,7,136,136,985,985,0,0.01405766023350012,0.014738418598318526,987,988,1,3,2,2,7,70,196,18,166
713,0,0,1,1,0,0,0,1,1,0,0.0,0.0,1,1,0,-1,-1,-1,3,0,958,651,836
714,144,760,905,993,88,174,184,896,908,12,0.004288777698355968,0.006501242384015794,946,968,22,2,2,2,15,18,49,171,41
715,13,219,633,977,344,14,14,579,579,0,0.0004765308553728854,0.0012253650566731338,700,844,144,3,4,4,3,3,568,268,642
716,17,17,637,637,0,26,26,681,681,0,0.0002382654276864427,0.0002382654276864427,592,592,0,-1,3,3,4,5,385,225,571
717,4,106,420,906,486,14,14,433,433,0,0.0,0.0004084550188910446,1,686,685,4,5,5,7,3,342,829,461
718,0,101,1,891,890,0,14,1,332,331,0.0,0.0,1,1,0,5,-1,6,14,0,84,808,896
719,100,100,885,885,0,100,100,916,916,0,0.036760951700194014,0.03682902753667586,999,999,0,5,1,1,8,127,257,11,862
720,40,40,738,738,0,64,64,673,673,0,0.0004084550188910446,0.0004084550188910446,665,665,0,-1,3,3,9,7,100,303,779
721,0,616,1,1000,999,0,18,1,864,863,0.0,0.007250076585316042,1,969,968,2,-1,3,2,0,996,725,113
722,0,102,1,961,960,0,3,1,383,382,0.0,0.00010211375472276115,1,495,494,4,-1,5,2,3,799,854,485
723,119,119,956,956,0,32,32,902,902,0,0.0030974505599237552,0.0030974505599237552,929,929,0,-1,3,3,2,21,771,123,937
724,326,326,986,986,0,78,78,978,978,0,0.010721944245889922,0.010721944245889922,984,984,0,-1,2,2,4,54,581,19,847
725,13,219,522,950,428,30,34,452,466,14,0.00010211375472276115,0.0005105687736138058,485,703,218,3,4,4,11,5,66,274,329
726,5,5,445,445,0,6,6,398,398,0,0.00010211375472276115,0.00010211375472276115,488,488,0,-1,5,5,3,3,834,311,909
727,15,116,617,935,318,16,16,522,522,0,0.0005105687736138058,0.0005446066918547262,718,727,9,5,4,4,4,5,566,591,506
728,0,102,1,905,904,0,7,1,355,354,0.0,6.807583648184077e-05,1,436,435,4,-1,5,6,0,556,851,597
729,0,101,1,942,941,0,2,1,331,330,0.0,3.4037918240920386e-05,1,417,416,5,-1,6,2,0,802,864,878
730,249,351,954,973,19,242,242,940,940,0,0.004152626025392287,0.004220701861874128,937,938,1,4,2,2,18,24,111,13,512
731,0,0,1,1,0,0,0,1,1,0,0.0,0.0,1,1,0,-1,-1,-1,11,1,248,787,887
732,44,44,789,789,0,66,66,774,774,0,0.001599782157323258,0.001599782157323258,856,856,0,-1,2,2,8,3,301,214,832
733,11,627,568,994,426,29,64,504,733,229,3.4037918240920386e-05,0.0034718676605738795,410,929,519,2,4,3,11,5,261,241,88
734,6,107,432,921,489,11,11,441,441,0,6.807583648184077e-05,6.807583648184077e-05,451,451,0,5,4,4,4,2,887,320,460
735,6,6,442,442,0,8,8,431,431,0,0.0002382654276864427,0.0002382654276864427,585,585,0,-1,5,5,4,4,511,230,772
736,0,206,1,958,957,0,22,1,510,509,0.0,0.00088498587426393,1,785,784,3,-1,4,5,0,719,889,185
737,0,102,1,954,953,0,4,1,427,426,0.0,0.0002382654276864427,1,605,604,4,-1,5,2,0,946,744,246
738,0,102,1,896,895,0,14,1,408,407,0.0,0.0004084550188910446,1,677,676,4,-1,5,7,0,118,657,381
739,226,328,947,970,23,234,234,913,913,0,0.004050512270669526,0.004050512270669526,936,936,0,4,2,2,20,28,88,41,853
740,0,206,1,951,950,0,14,1,381,380,0.0,0.0002042275094455223,1,557,556,3,-1,4,9,1,414,852,743
741,0,0,1,1,0,0,0,1,1,0,0.0,0.0,1,1,0,-1,-1,-1,4,0,822,571,709
742,0,206,1,977,976,0,8,1,502,501,0.0,0.0032336022328874367,1,936,935,3,-1,4,2,0,761,950,51
743,0,102,1,936,935,0,4,1,371,370,0.0,3.4037918240920386e-05,1,403,402,4,-1,5,3,0,568,372,244
744,12,218,517,956,439,44,44,545,545,0,0.0002382654276864427,0.0005105687736138058,584,700,116,3,4,4,10,3,153,496,120
745,2,103,370,934,564,4,4,372,372,0,3.4037918240920386e-05,0.00030634126416828345,413,636,223,5,5,5,3,1,823,593,500
746,61,267,843,975,132,50,50,790,790,0,0.0020422750944552232,0.0024166921951053475,880,900,20,3,3,3,5,13,347,183,145
747,6,108,449,922,473,10,11,452,453,1,0.0,0.0,1,1,0,4,4,4,4,1,542,421,618
748,0,0,1,1,0,0,0,1,1,0,0.0,0.0,1,1,0,-1,-1,-1,4,0,573,901,848
749,8,8,510,510,0,13,13,443,443,0,0.00010211375472276115,0.00010211375472276115,495,495,0,-1,4,4,5,3,438,646,750
750,106,106,913,913,0,60,60,870,870,0,0.0029612988869600733,0.0029612988869600733,922,922,0,-1,3,3,5,25,665,47,881
751,0,0,1,1,0,0,0,1,1,0,0.0,0.0,1,1,0,-1,-1,-1,15,0,40,546,348
752,62,164,789,925,136,118,118,718,718,0,0.0007488342013002485,0.0007828721195411688,750,757,7,4,2,2,17,6,10,247,460
753,13,115,588,932,344,24,24,632,632,0,0.0004084550188910446,0.00088498587426393,684,800,116,4,4,4,4,3,700,280,284
754,16,16,615,615,0,26,26,693,693,0,0.0002042275094455223,0.0002042275094455223,576,576,0,-1,3,3,4,1,700,689,864
755,151,357,932,980,48,124,124,935,935,0,0.0023486163586235067,0.002995336805200994,902,925,23,3,3,3,9,27,803,61,161
756,55,157,801,928,127,90,90,725,725,0,0.002212464685659825,0.002484768031587188,894,910,16,4,2,2,12,6,58,368,307
757,0,616,1,995,994,0,56,1,758,757,0.0,0.003608019333537561,1,936,935,2,-1,3,6,0,378,934,26
758,27,27,712,712,0,42,42,636,636,0,0.000442492937131965,0.000442492937131965,677,677,0,-1,3,3,8,6,454,516,696
759,0,0,1,1,0,0,0,1,1,0,0.0,0.0,1,1,0,-1,-1,-1,10,0,240,849,388
760,6,107,417,894,477,28,28,487,487,0,6.807583648184077e-05,6.807583648184077e-05,439,439,0,6,4,4,9,2,166,325,344
761,0,0,1,1,0,0,0,1,1,0,0.0,0.0,1,1,0,-1,-1,-1,11,2,261,752,987
762,16,632,680,999,319,34,34,901,901,0,0.000442492937131965,0.01245787807617686,698,990,292,2,3,3,3,1,683,659,11
763,165,267,971,983,12,38,38,923,923,0,0.0046972327172470135,0.005173763572619898,952,955,3,4,3,3,3,35,785,57,262
764,0,206,1,980,979,0,8,1,485,484,0.0,0.0007488342013002485,1,769,768,3,-1,4,2,0,943,707,438
765,0,101,1,904,903,0,7,1,331,330,0.0,0.0,1,1,0,6,-1,7,7,0,359,966,647
766,0,0,1,1,0,0,0,1,1,0,0.0,0.0,1,1,0,-1,-1,-1,4,0,623,669,974
767,0,0,1,1,0,0,0,1,1,0,0.0,0.0,1,1,0,-1,-1,-1,4,0,511,715,712
768,8,624,546,998,452,12,26,487,746,259,0.00034037918240920387,0.0019061234214915416,647,877,230,2,4,3,4,2,611,453,447
769,0,102,1,934,933,0,5,1,368,367,0.0,6.807583648184077e-05,1,443,442,4,-1,5,4,0,721,875,797
770,4,4,485,485,0,4,4,451,451,0,6.807583648184077e-05,6.807583648184077e-05,450,450,0,-1,5,5,2,3,890,508,757
771,0,102,1,914,913,0,8,1,377,376,0.0,0.00017018959120460194,1,544,543,4,-1,5,6,0,322,926,197
772,16,222,605,973,368,50,50,794,794,0,0.00030634126416828345,0.0005105687736138058,637,718,81,3,3,3,5,1,408,168,222
773,15,15,662,662,0,10,10,504,504,0,0.00010211375472276115,0.00010211375472276115,495,495,0,-1,4,4,3,4,745,380,707
774,138,240,963,980,17,42,42,976,976,0,0.005582218591510943,0.005718370264474625,966,966,0,4,2,2,2,24,283,119,486
775,618,720,991,994,3,288,288,987,987,0,0.009054086252084823,0.009088124170325743,971,971,0,4,2,2,16,75,72,24,421
776,0,0,1,1,0,0,0,1,1,0,0.0,0.0,1,1,0,-1,-1,-1,7,0,374,665,970
777,30,30,714,714,0,58,58,720,720,0,0.0007147962830593281,0.0007147962830593281,765,765,0,-1,3,3,8,4,260,333,752
778,6,622,369,990,621,47,216,369,690,321,0.0,0.0030634126416828346,1,916,915,2,4,3,36,1,16,736,13
779,6,108,410,891,481,42,42,559,559,0,3.4037918240920386e-05,0.00034037918240920387,393,655,262,4,4,4,9,2,192,384,557
780,6,107,468,941,473,8,8,488,488,0,6.807583648184077e-05,6.807583648184077e-05,442,442,0,5,4,4,2,2,705,691,503
781,0,0,1,1,0,0,0,1,1,0,0.0,0.0,1,1,0,-1,-1,-1,4,0,754,571,934
782,0,0,1,1,0,0,0,1,1,0,0.0,0.0,1,1,0,-1,-1,-1,2,1,924,852,790
783,14,115,630,940,310,22,22,594,594,0,0.0002723033459273631,0.00030634126416828345,619,640,21,5,4,4,5,6,848,392,527
784,0,102,1,932,931,0,7,1,386,385,0.0,3.4037918240920386e-05,1,396,395,4,-1,5,5,1,695,828,406
785,0,0,1,1,0,0,0,1,1,0,0.0,0.0,1,1,0,-1,-1,-1,4,0,815,608,868
786,6,622,497,999,502,12,22,631,843,212,0.0002723033459273631,0.005207801490860819,626,954,328,2,4,3,2,1,625,480,45
787,0,206,1,973,972,0,16,1,538,537,0.0,0.00176997174852786,1,877,876,3,-1,4,4,0,513,890,94
788,7,623,496,995,499,15,42,408,628,220,6.807583648184077e-05,0.0026209197045508697,450,911,461,2,4,3,8,5,257,225,66
789,14,14,576,576,0,26,26,482,482,0,6.807583648184077e-05,6.807583648184077e-05,463,463,0,-1,4,4,9,4,119,220,909
790,0,102,1,886,885,0,10,1,355,354,0.0,6.807583648184077e-05,1,447,446,4,-1,5,9,0,327,850,756
791,0,102,1,918,917,0,6,1,374,373,0.0,3.4037918240920386e-05,1,409,408,4,-1,5,4,0,460,858,627
792,162,778,919,994,75,184,194,849,873,24,0.001599782157323258,0.0026209197045508697,856,905,49,2,3,3,19,19,48,59,355
793,0,206,1,951,950,0,19,1,410,409,0.0,0.00017018959120460194,1,526,525,3,-1,4,9,0,123,798,380
794,4,4,446,446,0,4,4,426,426,0,0.0002382654276864427,0.0002382654276864427,601,601,0,-1,5,5,2,2,609,524,895
795,48,48,789,789,0,84,84,797,797,0,0.0015317063208414173,0.0015317063208414173,846,846,0,-1,2,2,10,4,409,332,845
796,0,102,1,921,920,0,7,1,378,377,0.0,3.4037918240920386e-05,1,404,403,4,-1,5,5,0,456,436,419
797,6,108,387,878,491,76,76,527,527,0,3.4037918240920386e-05,0.0002042275094455223,384,558,174,4,4,4,20,1,70,904,496
798,1,103,332,932,600,4,5,332,367,35,0.0,0.00013615167296368154,1,513,512,4,6,5,4,2,772,331,477
799,0,206,1,945,944,0,36,1,434,433,0.0,0.0002042275094455223,1,561,560,3,-1,4,14,0,332,978,501
800,0,616,1,993,992,0,32,1,453,452,0.0,0.0006126825283365669,1,723,722,2,-1,3,12,0,62,969,341
801,0,0,1,1,0,0,0,1,1,0,0.0,0.0,1,1,0,-1,-1,-1,4,0,453,943,685
802,0,206,1,969,968,0,18,1,613,612,0.0,0.00353994349705572,1,938,937,3,-1,4,3,0,743,845,25
803,0,102,1,927,926,0,7,1,409,408,0.0,0.0005105687736138058,1,704,703,4,-1,5,4,0,648,946,345
804,78,78,859,859,0,98,98,913,913,0,0.0015317063208414173,0.0015317063208414173,856,856,0,-1,2,2,8,4,365,246,792
805,21,21,665,665,0,22,22,563,563,0,0.0002382654276864427,0.0002382654276864427,602,602,0,-1,4,4,5,6,396,516,971
806,0,206,1,976,975,0,8,1,489,488,0.0,0.0006126825283365669,1,746,745,3,-1,4,2,0,689,979,186
807,0,102,1,900,899,0,14,1,386,385,0.0,0.0002042275094455223,1,548,547,4,-1,5,9,0,395,758,156
808,0,102,1,967,966,0,3,1,396,395,0.0,0.0002042275094455223,1,590,589,4,-1,5,2,0,933,587,187
809,23,23,692,692,0,46,46,746,746,0,0.0009530617107457708,0.0009530617107457708,793,793,0,-1,3,3,6,3,353,390,773
810,0,102,1,943,942,0,3,1,371,370,0.0,0.00010211375472276115,1,485,484,4,-1,5,2,0,761,665,167
811,0,102,1,944,943,0,3,1,371,370,0.0,0.00030634126416828345,1,647,646,4,-1,5,2,0,548,911,266
812,2,104,353,909,556,5,6,353,368,15,6.807583648184077e-05,0.00010211375472276115,435,480,45,4,5,5,4,1,540,924,625
813,136,136,905,905,0,178,178,891,891,0,0.00176997174852786,0.00176997174852786,863,863,0,-1,3,3,17,17,112,96,669
814,34,135,786,943,157,30,30,749,749,0,0.0005786446100956465,0.0006807583648184077,733,753,20,5,3,3,4,13,344,256,594
815,84,290,941,990,49,32,32,920,920,0,0.0033357159876101976,0.004016474352428605,937,945,8,3,3,3,2,26,913,127,177
816,22,124,614,899,285,84,84,633,633,0,0.0002382654276864427,0.00034037918240920387,581,635,54,4,3,3,15,2,124,628,566
817,0,102,1,889,888,0,19,1,394,393,0.0,0.00030634126416828345,1,643,642,4,-1,5,11,0,379,737,371
818,24,230,751,978,227,18,22,763,789,26,0.0011913271384322134,0.002382654276864427,841,910,69,3,3,3,2,7,880,188,261
819,76,282,890,982,92,18,18,653,653,0,0.001599782157323258,0.0019741992579733825,871,892,21,3,4,4,3,18,672,171,189
820,38,140,737,920,183,84,84,787,787,0,0.0006467204465774873,0.0007147962830593281,731,753,22,4,3,3,9,5,164,283,199
821,6,6,410,410,0,54,54,646,646,0,0.0002723033459273631,0.0002723033459273631,611,611,0,-1,4,4,9,1,217,891,517
822,0,101,1,881,880,0,11,1,332,331,0.0,0.0,1,1,0,6,-1,7,11,1,220,428,605
823,112,112,914,914,0,78,78,860,860,0,0.0022465026039007454,0.0022465026039007454,888,888,0,-1,3,3,8,19,371,297,800
824,0,206,1,973,972,0,14,1,504,503,0.0,0.0013274788113958951,1,842,841,3,-1,4,5,0,580,833,66
825,2,103,373,940,567,4,4,420,420,0,0.00030634126416828345,0.00030634126416828345,638,638,0,5,5,5,2,1,757,500,495
826,7,213,510,965,455,15,15,507,507,0,3.4037918240920386e-05,0.00030634126416828345,399,633,234,3,4,4,4,3,858,631,450
827,45,146,719,905,186,202,202,789,789,0,0.0006467204465774873,0.0006467204465774873,730,730,0,5,3,3,22,8,18,257,605
828,100,100,875,875,0,100,100,864,864,0,0.019163347969638176,0.020014295925661188,993,993,0,3,1,1,9,22,327,203,630
829,6,107,493,947,454,10,10,534,534,0,0.00010211375472276115,0.00010211375472276115,478,478,0,5,4,4,3,1,485,661,580
830,36,36,734,734,0,54,54,671,671,0,0.0006126825283365669,0.0006126825283365669,728,728,0,-1,4,4,9,13,126,340,699
831,0,0,1,1,0,0,0,1,1,0,0.0,0.0,1,1,0,-1,-1,-1,5,0,629,735,324
832,12,218,557,972,415,20,24,548,610,62,0.00030634126416828345,0.002757071377514551,627,920,293,3,4,4,4,3,540,795,74
833,83,289,836,972,136,108,108,724,724,0,0.0009530617107457708,0.001055175465468532,783,796,13,3,3,3,16,12,195,159,107
834,12,12,536,536,0,29,29,557,557,0,0.00010211375472276115,0.00010211375472276115,464,464,0,-1,4,4,8,3,521,598,803
835,0,206,1,952,951,0,32,1,480,479,0.0,0.0005105687736138058,1,710,709,3,-1,4,10,1,204,693,194
836,16,118,671,945,274,18,18,697,697,0,0.0005446066918547262,0.0007147962830593281,730,770,40,4,4,4,3,5,433,165,182
837,0,0,1,1,0,0,0,1,1,0,0.0,0.0,1,1,0,-1,-1,-1,2,0,909,776,569
838,4,106,496,958,462,4,4,416,416,0,0.0,0.000442492937131965,1,708,707,4,5,5,2,2,913,549,185
839,400,502,981,988,7,186,186,995,995,0,0.00789679703189353,0.00796487286837537,972,972,0,4,2,2,9,61,339,14,231
840,391,391,992,992,0,136,136,1000,1000,0,0.013581129378127233,0.013581129378127233,991,991,0,-1,2,2,4,62,313,70,859
841,0,101,1,912,911,0,6,1,330,329,0.0,0.0,1,1,0,7,-1,8,6,0,515,940,344
842,0,101,1,962,961,0,3,1,330,329,0.0,0.0002382654276864427,1,611,610,5,-1,6,3,0,812,587,473
843,0,0,1,1,0,0,0,1,1,0,0.0,0.0,1,1,0,-1,-1,-1,9,0,249,890,583
844,16,222,588,970,382,34,42,638,698,60,0.0002042275094455223,0.0023486163586235067,552,901,349,3,3,3,6,2,470,714,47
845,64,270,887,984,97,22,22,796,796,0,0.0035059055788147996,0.004016474352428605,931,936,5,3,3,3,2,15,948,158,795
846,10,112,506,899,393,38,38,470,470,0,0.00010211375472276115,0.00013615167296368154,475,503,28,4,4,4,15,3,110,347,464
847,0,206,1,975,974,0,10,1,466,465,0.0,0.0002382654276864427,1,601,600,3,-1,4,4,0,610,445,212
848,0,102,1,896,895,0,9,1,356,355,0.0,6.807583648184077e-05,1,443,442,4,-1,5,8,0,302,997,443
849,9,9,575,575,0,18,18,613,613,0,0.0002723033459273631,0.0002723033459273631,619,619,0,-1,4,4,3,6,651,392,919
850,0,0,1,1,0,0,0,1,1,0,0.0,0.0,1,1,0,-1,-1,-1,2,0,429,372,871
851,0,616,1,990,989,0,36,1,587,586,0.0,0.0028932230504782326,1,922,921,2,-1,3,7,0,296,423,108
852,177,177,967,967,0,72,72,966,966,0,0.006262976956329351,0.006262976956329351,969,969,0,-1,2,2,3,27,680,88,808
853,0,0,1,1,0,0,0,1,1,0,0.0,0.0,1,1,0,-1,-1,-1,8,0,508,940,733
854,91,193,890,962,72,44,44,841,841,0,0.0030634126416828346,0.0032336022328874367,931,933,2,4,3,3,4,20,858,87,354
855,2,2,392,392,0,3,3,399,399,0,0.00010211375472276115,0.00010211375472276115,499,499,0,-1,5,5,2,2,963,342,400
856,18,18,666,666,0,18,18,723,723,0,0.0004084550188910446,0.0004084550188910446,677,677,0,-1,3,3,2,2,905,491,908
857,986,986,999,999,0,200,200,980,980,0,0.01855066544130161,0.01855066544130161,997,997,0,-1,2,2,11,130,233,3,702
858,2,2,354,354,0,17,17,409,409,0,3.4037918240920386e-05,3.4037918240920386e-05,406,406,0,-1,5,5,9,2,395,654,565
859,2,103,382,945,563,3,3,385,385,0,3.4037918240920386e-05,3.4037918240920386e-05,416,416,0,5,5,5,2,2,951,842,893
860,4,106,402,890,488,16,18,395,406,11,0.0,0.0002042275094455223,1,559,558,4,5,5,9,3,140,585,450
861,48,150,793,931,138,72,72,807,807,0,0.0006467204465774873,0.0011232513019503727,746,823,77,4,3,3,7,11,331,52,172
862,2,103,366,922,556,6,6,418,418,0,6.807583648184077e-05,0.00013615167296368154,448,514,66,5,5,5,3,2,855,518,878
863,0,206,1,958,957,0,38,1,577,576,0.0,0.0012253650566731338,1,832,831,3,-1,4,9,0,278,254,45
864,0,206,1,950,949,0,25,1,415,414,0.0,0.00010211375472276115,1,483,482,3,-1,4,12,0,143,546,420
865,2,2,359,359,0,13,13,412,412,0,6.807583648184077e-05,6.807583648184077e-05,452,452,0,-1,5,5,7,1,336,862,937
866,0,102,1,883,882,0,12,1,360,359,0.0,3.4037918240920386e-05,1,398,397,4,-1,5,10,1,125,730,719
867,0,0,1,1,0,0,0,1,1,0,0.0,0.0,1,1,0,-1,-1,-1,5,0,551,926,573
868,44,146,744,919,175,100,100,712,712,0,0.0006467204465774873,0.0007828721195411688,739,767,28,4,3,3,14,4,144,40,315
869,289,495,968,986,18,218,218,955,955,0,0.004629156880765172,0.00527587732734266,948,954,6,3,2,2,14,28,21,41,148
870,0,0,1,1,0,0,0,1,1,0,0.0,0.0,1,1,0,-1,-1,-1,10,0,105,768,674
871,6,108,414,900,486,42,42,580,580,0,0.0002382654276864427,0.00034037918240920387,581,637,56,4,4,4,9,2,394,160,536
872,16,16,478,478,0,53,53,417,417,0,0.00013615167296368154,0.00013615167296368154,496,496,0,-1,4,4,24,4,28,444,934
873,100,100,908,908,0,100,100,973,973,0,0.04261547363763232,0.04288777698355969,999,999,0,4,1,1,5,96,531,1,557
874,912,1118,1000,1000,0,160,160,994,994,0,0.020729092208720514,0.021035433472888797,992,992,0,3,2,2,7,157,335,2,589
875,0,0,1,1,0,0,0,1,1,0,0.0,0.0,1,1,0,-1,-1,-1,6,0,486,929,941
876,1,617,331,997,666,5,28,331,662,331,3.4037918240920386e-05,0.0026889955410327104,391,910,519,2,6,3,5,2,604,656,85
877,206,206,964,964,0,124,124,992,992,0,0.009156200006807584,0.009156200006807584,979,979,0,-1,2,2,6,25,295,105,600
878,0,206,1,984,983,0,14,1,634,633,0.0,0.0020082371762143027,1,895,894,3,-1,4,3,0,584,957,69
879,8,110,554,938,384,8,8,483,483,0,0.00013615167296368154,0.0004084550188910446,524,683,159,4,4,4,2,3,925,361,143
880,13,13,640,640,0,8,8,508,508,0,0.0002723033459273631,0.0002723033459273631,614,614,0,-1,4,4,2,3,939,93,794
881,18,224,597,956,359,54,58,570,587,17,0.00010211375472276115,0.0006467204465774873,480,734,254,3,3,3,12,2,212,549,224
882,0,206,1,971,970,0,20,1,609,608,0.0,0.00176997174852786,1,871,870,3,-1,4,4,0,544,988,89
883,0,206,1,970,969,0,16,1,520,519,0.0,0.0011232513019503727,1,823,822,3,-1,4,4,0,539,571,174
884,6,212,385,947,562,38,42,438,451,13,3.4037918240920386e-05,6.807583648184077e-05,392,443,51,3,4,4,15,2,51,662,290
885,0,102,1,947,946,0,4,1,416,415,0.0,0.0002382654276864427,1,612,611,4,-1,5,2,1,999,874,354
886,0,0,1,1,0,0,0,1,1,0,0.0,0.0,1,1,0,-1,-1,-1,2,0,990,400,967
887,26,128,671,907,236,60,60,623,623,0,0.0004765308553728854,0.0005446066918547262,686,704,18,4,3,3,11,6,220,435,862
888,50,50,805,805,0,68,68,815,815,0,0.0018720855032506212,0.0018720855032506212,875,875,0,-1,3,3,8,12,146,100,779
889,0,206,1,955,954,0,18,1,440,439,0.0,0.0002723033459273631,1,607,606,3,-1,4,7,0,436,883,610
890,1,103,333,915,582,5,8,333,388,55,0.0,0.0002042275094455223,1,565,564,4,6,5,5,2,290,663,417
891,0,101,1,928,927,0,4,1,331,330,0.0,0.0,1,1,0,8,-1,9,4,0,611,455,448
892,0,206,1,942,941,0,34,1,404,403,0.0,0.00017018959120460194,1,533,532,3,-1,4,17,1,56,814,362
893,0,0,1,1,0,0,0,1,1,0,0.0,0.0,1,1,0,-1,-1,-1,5,0,479,905,644
894,0,616,1,993,992,0,78,1,850,849,0.0,0.009054086252084823,1,976,975,2,-1,3,8,0,595,938,10
895,0,0,1,1,0,0,0,1,1,0,0.0,0.0,1,1,0,-1,-1,-1,3,0,864,903,793
896,120,326,930,980,50,54,54,884,884,0,0.0035059055788147996,0.0053099152455835805,934,964,30,3,3,3,4,19,235,135,133
897,46,662,762,994,232,74,88,693,762,69,0.0005786446100956465,0.0029612988869600733,721,917,196,2,3,3,12,6,183,461,687
898,56,262,797,968,171,122,122,831,831,0,0.001055175465468532,0.0011913271384322134,803,816,13,3,3,3,12,6,143,192,370
899,346,552,980,991,11,156,156,979,979,0,0.007454304094761564,0.007658531604207087,968,970,2,3,2,2,8,49,428,51,536
900,0,0,1,1,0,0,0,1,1,0,0.0,0.0,1,1,0,-1,-1,-1,3,0,628,201,573
901,56,56,749,749,0,154,154,742,742,0,0.0007488342013002485,0.0007488342013002485,756,756,0,-1,3,3,20,7,5,303,943
902,2,103,358,913,555,6,6,378,378,0,6.807583648184077e-05,6.807583648184077e-05,435,435,0,5,5,5,4,2,623,292,896
903,603,603,991,991,0,342,342,992,992,0,0.008611593314952858,0.008611593314952858,971,971,0,-1,2,2,16,59,53,5,872
904,0,101,1,940,939,0,4,1,330,329,0.0,3.4037918240920386e-05,1,402,401,5,-1,6,4,0,789,978,904
905,2,208,348,940,592,21,50,374,500,126,3.4037918240920386e-05,0.0007147962830593281,396,741,345,3,5,4,15,1,124,687,438
906,0,102,1,943,942,0,4,1,382,381,0.0,0.00010211375472276115,1,492,491,4,-1,5,3,0,840,856,724
907,46,46,743,743,0,152,152,868,868,0,0.001157289220191293,0.001157289220191293,818,818,0,-1,2,2,13,5,165,355,539
908,0,102,1,941,940,0,6,1,421,420,0.0,0.0005446066918547262,1,720,719,4,-1,5,3,1,814,730,616
909,9,9,565,565,0,12,12,464,464,0,0.0,0.0,1,1,0,-1,4,4,5,3,795,580,986
910,8,8,565,565,0,14,14,593,593,0,0.0004084550188910446,0.0004084550188910446,682,682,0,-1,4,4,3,3,639,496,789
911,8,8,474,474,0,55,55,495,495,0,6.807583648184077e-05,6.807583648184077e-05,445,445,0,-1,4,4,16,2,50,499,906
912,6,212,480,977,497,11,20,497,669,172,0.00017018959120460194,0.0021784267674189047,544,894,350,3,4,4,4,2,553,215,81
913,8,109,510,919,409,14,14,469,469,0,0.00010211375472276115,0.00010211375472276115,497,497,0,5,4,4,5,4,677,442,896
914,0,102,1,925,924,0,10,1,457,456,0.0,0.0004084550188910446,1,680,679,4,-1,5,5,0,629,686,177
915,6,107,488,945,457,12,12,616,616,0,0.0002382654276864427,0.00034037918240920387,598,643,45,5,4,4,2,2,937,532,309
916,0,206,1,964,963,0,17,1,443,442,0.0,0.0007488342013002485,1,751,750,3,-1,4,8,1,442,235,591
917,67,273,848,975,127,62,62,786,786,0,0.0009870996289866913,0.0023486163586235067,792,898,106,3,3,3,7,17,525,327,393
918,274,375,977,986,9,72,72,970,970,0,0.011130399264780965,0.011164437183021887,985,985,0,5,2,2,3,34,930,20,580
919,0,0,1,1,0,0,0,1,1,0,0.0,0.0,1,1,0,-1,-1,-1,2,0,609,624,330
920,0,102,1,900,899,0,15,1,409,408,0.0,0.0002723033459273631,1,605,604,4,-1,5,8,0,454,511,40
921,76,178,857,949,92,64,64,790,790,0,0.0008169100377820892,0.0008509479560230097,773,782,9,4,3,3,8,12,595,155,762
922,1,207,333,950,617,12,23,333,399,66,0.0,0.0002042275094455223,1,553,552,3,6,4,12,4,87,595,247
923,0,102,1,938,937,0,4,1,372,371,0.0,0.00010211375472276115,1,480,479,4,-1,5,3,0,888,514,162
924,18,224,552,952,400,120,120,653,653,0,0.00030634126416828345,0.000442492937131965,626,674,48,3,3,3,21,2,1,628,176
925,6,108,401,891,490,46,46,589,589,0,0.00017018959120460194,0.0002723033459273631,544,603,59,4,4,4,9,3,277,285,527
926,0,0,1,1,0,0,0,1,1,0,0.0,0.0,1,1,0,-1,-1,-1,2,0,859,866,707
927,0,206,1,968,967,0,13,1,465,464,0.0,0.0008509479560230097,1,787,786,3,-1,4,5,0,765,860,185
928,52,153,820,941,121,58,58,753,753,0,0.0012594029749140542,0.0012594029749140542,825,825,0,6,3,3,8,9,431,154,140
929,14,116,602,931,329,16,16,539,539,0,0.00013615167296368154,0.0005446066918547262,517,723,206,4,4,4,4,3,753,677,209
930,0,0,1,1,0,0,0,1,1,0,0.0,0.0,1,1,0,-1,-1,-1,2,0,985,803,483
931,0,102,1,948,947,0,6,1,452,451,0.0,0.00030634126416828345,1,623,622,4,-1,5,3,1,768,792,328
932,0,206,1,954,953,0,23,1,429,428,0.0,0.0002382654276864427,1,573,572,3,-1,4,11,0,271,987,251
933,34,240,692,957,265,98,98,658,658,0,0.0002382654276864427,0.00037441710065012424,587,661,74,3,3,3,16,4,60,167,241
934,38,38,904,904,0,12,12,808,808,0,0.0018380475850097008,0.0018380475850097008,901,901,0,-1,4,4,2,12,978,58,894
935,24,24,598,598,0,78,78,510,510,0,0.0002042275094455223,0.0002042275094455223,563,563,0,-1,3,3,20,4,5,332,702
936,25,126,826,974,148,12,12,710,710,0,0.0007828721195411688,0.0009870996289866913,777,818,41,5,4,4,2,9,997,294,521
937,146,248,952,974,22,74,74,958,958,0,0.006433166547533953,0.006501242384015794,967,967,0,4,2,2,5,26,551,108,452
938,14,220,618,973,355,32,32,681,681,0,0.0002042275094455223,0.001497668402600497,584,862,278,3,4,4,6,3,657,507,15
939,2,103,360,925,565,10,10,444,444,0,0.00013615167296368154,0.0002042275094455223,518,581,63,5,5,5,5,1,908,809,615
940,0,0,1,1,0,0,0,1,1,0,0.0,0.0,1,1,0,-1,-1,-1,2,0,957,897,811
941,6,108,497,951,454,10,10,534,534,0,6.807583648184077e-05,0.0005446066918547262,454,721,267,4,4,4,3,1,654,862,150
942,76,76,853,853,0,64,64,770,770,0,0.0013274788113958951,0.0013274788113958951,835,835,0,-1,3,3,8,12,282,179,993
943,198,300,975,986,11,72,72,981,981,0,0.007318152421797883,0.00891793457912114,975,982,7,4,2,2,3,35,756,57,119
944,6,6,416,416,0,28,28,534,534,0,0.0002042275094455223,0.0002042275094455223,568,568,0,-1,4,4,8,3,371,260,587
945,2,104,386,959,573,2,3,333,392,59,0.0,6.807583648184077e-05,1,458,457,4,6,5,2,3,666,829,809
946,7,7,584,584,0,8,8,572,572,0,0.0006126825283365669,0.0006126825283365669,751,751,0,-1,4,4,2,3,799,209,947
947,943,1045,996,997,1,286,286,987,987,0,0.016508390346846386,0.016542428265087308,991,991,0,4,2,2,14,98,108,23,719
948,24,24,663,663,0,88,88,840,840,0,0.0006126825283365669,0.0006126825283365669,731,731,0,-1,3,3,8,3,231,103,855
949,0,0,1,1,0,0,0,1,1,0,0.0,0.0,1,1,0,-1,-1,-1,14,0,268,715,875
950,0,0,1,1,0,0,0,1,1,0,0.0,0.0,1,1,0,-1,-1,-1,2,0,751,907,569
951,20,226,713,977,264,22,22,731,731,0,0.00010211375472276115,0.0010892133837094523,498,820,322,3,3,3,4,3,811,526,255
952,13,219,664,980,316,14,14,631,631,0,0.0004765308553728854,0.0016338200755641784,713,869,156,3,4,4,3,7,916,224,304
953,2,208,370,975,605,3,8,372,491,119,3.4037918240920386e-05,0.00030634126416828345,402,637,235,3,5,4,2,2,926,615,52
954,99,201,908,967,59,74,74,947,947,0,0.003369753905851118,0.0034037918240920387,933,935,2,4,2,2,5,17,565,213,468
955,26,127,735,942,207,36,36,737,737,0,0.0006126825283365669,0.0006126825283365669,739,739,0,7,3,3,5,4,326,333,344
956,0,1640,1,1000,999,0,119,1,590,589,0.0,0.00439089145307873,1,942,941,1,-1,2,25,0,17,744,827
957,275,275,974,974,0,134,134,964,964,0,0.005854521937438306,0.005854521937438306,963,963,0,-1,2,2,10,35,527,57,796
958,102,102,905,905,0,90,90,927,927,0,0.0030293747234419145,0.0030293747234419145,923,923,0,-1,2,2,6,18,345,148,775
959,6,107,460,934,474,9,9,470,470,0,0.0,0.0,1,1,0,5,4,4,3,3,882,321,873
960,6,108,461,934,473,16,16,583,583,0,0.00010211375472276115,0.0002382654276864427,485,603,118,4,4,4,4,1,491,667,287
961,171,171,951,951,0,78,78,864,864,0,0.0026209197045508697,0.0026209197045508697,910,910,0,-1,3,3,8,31,431,35,483
962,13,219,763,995,232,4,12,508,801,293,0.0006126825283365669,0.0051397256543789785,756,962,206,3,5,4,2,10,944,413,383
963,1,1,333,333,0,7,7,333,333,0,0.0,0.0,1,1,0,-1,7,7,7,1,299,640,977
964,10,112,533,917,384,38,38,631,631,0,0.00034037918240920387,0.0005786446100956465,656,725,69,4,4,4,7,5,510,395,682
965,0,0,1,1,0,0,0,1,1,0,0.0,0.0,1,1,0,-1,-1,-1,4,0,870,975,971
966,0,616,1,993,992,0,32,1,565,564,0.0,0.0019061234214915416,1,883,882,2,-1,3,7,0,221,754,183
967,194,296,936,966,30,198,198,857,857,0,0.0020422750944552232,0.0021784267674189047,887,894,7,4,2,2,19,20,46,109,680
968,73,689,846,997,151,82,96,840,913,73,0.001157289220191293,0.006262976956329351,817,968,151,2,2,2,7,11,193,83,6
969,48,48,756,756,0,98,98,641,641,0,0.0005105687736138058,0.0005105687736138058,701,701,0,-1,3,3,16,10,59,262,973
970,46,252,775,969,194,112,112,928,928,0,0.0018720855032506212,0.003369753905851118,876,935,59,3,2,2,8,4,357,143,397
971,14,14,584,584,0,36,36,643,643,0,0.0002042275094455223,0.0002042275094455223,572,572,0,-1,4,4,6,3,352,222,813
972,2,2,355,355,0,9,9,355,355,0,3.4037918240920386e-05,3.4037918240920386e-05,406,406,0,-1,5,5,8,1,380,437,777
973,2,208,359,970,611,5,15,360,503,143,3.4037918240920386e-05,0.0002382654276864427,401,592,191,3,5,4,4,1,759,896,222
974,2,208,360,969,609,6,10,404,445,41,0.0,0.001497668402600497,1,852,851,3,5,4,3,1,927,555,109
975,0,616,1,993,992,0,46,1,728,727,0.0,0.004629156880765172,1,951,950,2,-1,3,6,0,393,867,5
976,20,121,816,975,159,18,18,913,913,0,0.0014636304843595766,0.00176997174852786,856,873,17,5,3,3,2,5,813,306,284
977,8,214,516,971,455,24,24,570,570,0,0.0002723033459273631,0.0008169100377820892,612,778,166,3,4,4,6,2,237,363,500
978,100,100,851,851,0,100,100,614,614,0,0.017495489975833077,0.017495489975833077,993,993,0,-1,1,1,19,92,36,30,725
979,0,206,1,971,970,0,14,1,535,534,0.0,0.0006126825283365669,1,729,728,3,-1,4,4,0,550,848,308
980,0,0,1,1,0,0,0,1,1,0,0.0,0.0,1,1,0,-1,-1,-1,5,0,457,818,823
981,76,76,847,847,0,108,108,912,912,0,0.0022465026039007454,0.0022465026039007454,896,896,0,-1,2,2,9,9,200,415,632
982,15,116,607,927,320,14,14,512,512,0,0.0002382654276864427,0.00030634126416828345,602,645,43,5,4,4,3,7,892,427,771
983,0,0,1,1,0,0,0,1,1,0,0.0,0.0,1,1,0,-1,-1,-1,13,0,92,774,835
984,432,534,996,998,2,62,62,983,983,0,0.014602266925354846,0.014704380680077607,993,993,0,4,2,2,3,98,879,23,576
985,0,0,1,1,0,0,0,1,1,0,0.0,0.0,1,1,0,-1,-1,-1,5,0,691,801,356
986,16,16,617,617,0,20,20,563,563,0,0.00013615167296368154,0.00013615167296368154,507,507,0,-1,4,4,4,4,887,365,668
987,85,85,896,896,0,54,54,909,909,0,0.0017359338302869397,0.0017359338302869397,871,871,0,-1,3,3,4,12,753,58,573
988,2,104,396,966,570,3,4,402,443,41,0.0,6.807583648184077e-05,1,446,445,4,5,5,2,1,968,421,870
989,1,207,332,982,650,3,10,332,559,227,0.0,0.0010892133837094523,1,834,833,3,8,4,3,1,707,857,79
990,0,0,1,1,0,0,0,1,1,0,0.0,0.0,1,1,0,-1,-1,-1,10,1,427,789,882
991,0,616,1,1000,999,0,22,1,873,872,0.0,0.013138636440995268,1,988,987,2,-1,3,2,0,666,978,51
992,2,208,365,970,605,6,12,380,452,72,3.4037918240920386e-05,0.0005786446100956465,405,726,321,3,5,4,4,1,304,601,143
993,671,877,997,999,2,184,184,1000,1000,0,0.021409850573538922,0.021580040164743523,994,995,1,3,2,2,7,98,305,23,637
994,326,326,973,973,0,300,300,978,978,0,0.006262976956329351,0.006262976956329351,962,962,0,-1,2,2,17,27,73,25,856
995,0,102,1,868,867,0,25,1,376,375,0.0,0.00010211375472276115,1,469,468,4,-1,5,15,0,77,938,156
996,22,22,572,572,0,124,124,653,653,0,3.4037918240920386e-05,3.4037918240920386e-05,400,400,0,-1,3,3,20,3,5,300,983
997,6,108,508,963,455,9,9,543,543,0,0.0002382654276864427,0.0026549576227917903,599,923,324,4,4,4,3,1,877,741,76
998,13,115,648,952,304,12,12,698,698,0,0.0005105687736138058,0.0008509479560230097,719,798,79,4,4,4,2,5,906,589,378
999,24,125,727,940,213,18,18,618,618,0,0.000442492937131965,0.0004765308553728854,692,703,11,5,4,4,3,8,585,132,862
