,FreeNet_pre_score,FreeNet_post_score,FreeNet_pre_rank,FreeNet_post_rank,FreeNet_delta_ranks,Reversed_pre_score,Reversed_post_score,Reversed_pre_rank,Reversed_post_rank,Reversed_delta_ranks,Random_pre_score,Random_post_score,Random_pre_rank,Random_post_rank,Random_delta_ranks,dist_victim_relayer,dist_victim_vilain_pre,dist_victim_vilain_post,out_deg_victim,in_deg_villain,victim,villain,relayer
0,6,1646,400,1000,600,30,74,414,609,195,0.0,0.007590455767725246,1,965,964,1,4,2,15,2,102,509,170
1,20,122,673,940,267,30,30,696,696,0,0.0002723033459273631,0.002110350930937064,613,886,273,4,4,4,5,8,551,132,111
2,0,102,1,940,939,0,5,1,368,367,0.0,6.807583648184077e-05,1,451,450,4,-1,5,4,0,794,520,501
3,60,60,872,872,0,30,30,793,793,0,0.0013615167296368155,0.0013615167296368155,851,851,0,-1,3,3,4,17,811,269,632
4,6,108,463,935,472,8,8,478,478,0,0.00010211375472276115,0.0006126825283365669,487,738,251,4,4,4,2,2,931,532,99
5,2,2,374,374,0,3,3,377,377,0,3.4037918240920386e-05,3.4037918240920386e-05,403,403,0,-1,5,5,2,2,895,662,747
6,0,102,1,907,906,0,9,1,383,382,0.0,6.807583648184077e-05,1,441,440,4,-1,5,6,0,441,946,799
7,0,102,1,877,876,0,23,1,351,350,0.0,0.00013615167296368154,1,509,508,4,-1,5,21,0,12,942,464
8,6,622,433,997,564,22,40,529,722,193,0.0002382654276864427,0.0032336022328874367,586,929,343,2,4,3,5,1,390,474,8
9,12,113,544,911,367,36,36,572,572,0,0.00017018959120460194,0.0002382654276864427,533,588,55,5,4,4,8,4,201,149,398
10,12,113,533,909,376,34,34,569,569,0,0.00037441710065012424,0.00037441710065012424,668,668,0,5,4,4,7,2,417,473,807
11,18,18,628,628,0,36,36,592,592,0,0.0005105687736138058,0.0005105687736138058,705,705,0,-1,4,4,8,3,454,507,960
12,0,102,1,881,880,0,15,1,367,366,0.0,0.0,1,1,0,4,-1,5,11,0,279,890,873
13,0,102,1,957,956,0,3,1,392,391,0.0,0.0002042275094455223,1,589,588,4,-1,5,2,0,666,651,450
14,86,292,893,982,89,74,74,963,963,0,0.005241839409101739,0.005718370264474625,961,964,3,3,2,2,4,10,949,227,209
15,1,1,333,333,0,13,13,333,333,0,0.0,0.0,1,1,0,-1,7,7,13,1,113,972,388
16,4,106,456,948,492,4,4,424,424,0,0.00010211375472276115,0.00017018959120460194,489,543,54,4,5,5,2,2,938,724,631
17,0,102,1,969,968,0,3,1,416,415,0.0,0.0009190237925048504,1,812,811,4,-1,5,2,1,962,568,147
18,2,2,374,374,0,4,4,417,417,0,0.0,0.0,1,1,0,-1,5,5,2,1,999,322,941
19,0,101,1,943,942,0,2,1,330,329,0.0,0.0,1,1,0,5,-1,6,2,1,876,738,337
20,8,214,524,971,447,12,16,458,530,72,0.00010211375472276115,0.0002042275094455223,476,562,86,3,4,4,4,2,709,549,681
21,100,100,852,852,0,100,100,592,592,0,0.010960209673576363,0.010960209673576363,983,983,0,-1,1,1,19,26,83,108,906
22,30,30,778,778,0,18,18,631,631,0,0.0007488342013002485,0.0007488342013002485,762,762,0,-1,4,4,3,7,923,422,942
23,2,2,364,364,0,7,7,397,397,0,0.0,0.0,1,1,0,-1,5,5,4,1,675,601,629
24,0,206,1,946,945,0,25,1,404,403,0.0,0.0002723033459273631,1,606,605,3,-1,4,13,0,185,932,389
25,0,101,1,905,904,0,6,1,332,331,0.0,0.0,1,1,0,5,-1,6,6,0,419,429,893
26,52,52,733,733,0,140,140,644,644,0,0.0002382654276864427,0.0002382654276864427,584,584,0,-1,3,3,25,5,17,310,643
27,300,300,979,979,0,150,150,987,987,0,0.005922597773920147,0.005922597773920147,962,962,0,-1,2,2,7,45,273,77,675
28,0,206,1,939,938,0,36,1,399,398,0.0,0.00013615167296368154,1,494,493,3,-1,4,19,1,11,583,380
29,0,206,1,957,956,0,20,1,426,425,0.0,0.0004084550188910446,1,674,673,3,-1,4,9,0,147,356,351
30,0,101,1,907,906,0,3,1,332,331,0.0,0.0,1,1,0,7,-1,8,3,0,704,940,765
31,40,246,716,956,240,114,114,754,754,0,0.0006807583648184077,0.0007828721195411688,731,759,28,3,2,2,16,2,145,652,958
32,100,100,868,868,0,100,100,816,816,0,0.01834643793185609,0.019197385887879097,994,995,1,3,1,1,10,26,310,108,209
33,24,640,658,994,336,102,102,796,796,0,0.0004084550188910446,0.004050512270669526,667,941,274,2,3,3,12,3,58,280,77
34,0,616,1,992,991,0,50,1,557,556,0.0,0.0016678579938050988,1,862,861,2,-1,3,12,0,187,999,397
35,0,0,1,1,0,0,0,1,1,0,0.0,0.0,1,1,0,-1,-1,-1,5,0,574,890,865
36,40,40,787,787,0,66,66,913,913,0,0.0018720855032506212,0.0018720855032506212,875,875,0,-1,2,2,5,1,406,609,782
37,40,142,810,946,136,34,34,742,742,0,0.001055175465468532,0.0012934408931549745,822,840,18,4,3,3,4,8,460,345,173
38,0,102,1,951,950,0,4,1,379,378,0.0,0.0002723033459273631,1,629,628,4,-1,5,3,0,584,798,479
39,241,241,978,978,0,54,54,936,936,0,0.005514142755029102,0.005514142755029102,965,965,0,-1,3,3,4,49,573,51,949
40,0,206,1,990,989,0,7,1,631,630,0.0,0.0011232513019503727,1,825,824,3,-1,4,2,1,936,814,264
41,74,175,904,969,65,32,32,912,912,0,0.002382654276864427,0.002382654276864427,913,913,0,5,3,3,2,23,747,122,495
42,6,212,403,955,552,24,38,439,532,93,6.807583648184077e-05,0.0006807583648184077,443,746,303,3,4,4,9,1,164,594,610
43,222,428,963,987,24,92,92,893,893,0,0.0033016780693692774,0.0035739814152966403,929,936,7,3,3,3,7,48,436,56,40
44,0,101,1,889,888,0,10,1,332,331,0.0,0.0,1,1,0,6,-1,7,10,0,204,991,181
45,20,636,636,993,357,66,76,731,793,62,0.00030634126416828345,0.0010892133837094523,621,814,193,2,3,3,10,5,243,619,299
46,67,168,876,965,89,44,44,841,841,0,0.0018720855032506212,0.0019741992579733825,880,888,8,5,3,3,4,20,619,87,659
47,6,6,471,471,0,9,9,491,491,0,0.00010211375472276115,0.00010211375472276115,487,487,0,-1,4,4,3,1,879,555,890
48,0,101,1,914,913,0,6,1,331,330,0.0,0.0,1,1,0,5,-1,6,6,0,399,915,606
49,100,100,830,830,0,100,100,471,471,0,0.008237176214302734,0.008237176214302734,974,974,0,-1,1,1,35,24,20,119,872
50,24,230,733,977,244,8,8,528,528,0,0.00030634126416828345,0.0016678579938050988,641,872,231,3,4,4,2,8,932,286,43
51,0,206,1,975,974,0,8,1,478,477,0.0,0.00030634126416828345,1,645,644,3,-1,4,2,0,653,912,233
52,0,102,1,887,886,0,21,1,371,370,0.0,6.807583648184077e-05,1,434,433,4,-1,5,16,0,60,975,307
53,7,109,517,923,406,24,24,650,650,0,0.0002042275094455223,0.0002723033459273631,580,615,35,4,4,4,4,4,641,305,411
54,39,245,781,972,191,36,40,696,742,46,0.0006126825283365669,0.0006467204465774873,746,757,11,3,3,3,5,8,537,177,541
55,67,67,862,862,0,50,50,846,846,0,0.0016338200755641784,0.0016338200755641784,863,863,0,-1,3,3,5,13,487,183,890
56,6,622,433,997,564,10,24,458,704,246,0.0002382654276864427,0.0013955546478777359,595,855,260,2,4,3,3,2,726,652,64
57,0,206,1,961,960,0,36,1,644,643,0.0,0.0015317063208414173,1,862,861,3,-1,4,6,0,356,866,43
58,8,8,506,506,0,15,15,411,411,0,3.4037918240920386e-05,3.4037918240920386e-05,398,398,0,-1,4,4,8,5,488,605,754
59,44,250,846,980,134,30,30,796,796,0,0.0009530617107457708,0.002110350930937064,803,898,95,3,3,3,4,15,679,219,66
60,58,264,855,975,120,50,50,887,887,0,0.0013274788113958951,0.0015317063208414173,843,854,11,3,3,3,4,9,544,415,557
61,1,207,332,977,645,2,8,332,524,192,3.4037918240920386e-05,0.002110350930937064,410,901,491,3,7,4,2,1,975,640,53
62,16,16,573,573,0,54,54,647,647,0,0.00010211375472276115,0.00010211375472276115,482,482,0,-1,3,3,9,2,202,492,865
63,2,103,353,889,536,15,15,386,386,0,6.807583648184077e-05,0.00010211375472276115,448,484,36,5,5,5,10,1,437,594,879
64,0,206,1,971,970,0,18,1,547,546,0.0,0.0009870996289866913,1,807,806,3,-1,4,5,0,720,673,73
65,0,0,1,1,0,0,0,1,1,0,0.0,0.0,1,1,0,-1,-1,-1,4,0,885,892,847
66,6,6,453,453,0,10,10,470,470,0,0.00017018959120460194,0.00017018959120460194,544,544,0,-1,4,4,3,1,743,552,908
67,36,36,789,789,0,40,40,789,789,0,0.001157289220191293,0.001157289220191293,831,831,0,-1,3,3,5,11,552,118,529
68,1,102,333,940,607,3,3,333,333,0,0.0,3.4037918240920386e-05,1,393,392,5,7,6,3,2,523,582,292
69,0,0,1,1,0,0,0,1,1,0,0.0,0.0,1,1,0,-1,-1,-1,2,0,929,574,502
70,92,298,907,983,76,68,68,962,962,0,0.0046972327172470135,0.007794683277170768,949,974,25,3,2,2,4,10,344,227,14
71,53,669,754,989,235,114,128,660,691,31,0.0005105687736138058,0.0033357159876101976,694,923,229,2,3,3,20,8,88,284,48
72,0,206,1,958,957,0,34,1,550,549,0.0,0.0024507301133462676,1,903,902,3,-1,4,9,1,168,539,28
73,0,101,1,887,886,0,12,1,332,331,0.0,0.0,1,1,0,6,-1,7,12,0,222,760,344
74,6,6,408,408,0,40,40,477,477,0,0.0002042275094455223,0.0002042275094455223,557,557,0,-1,4,4,14,2,84,550,548
75,0,0,1,1,0,0,0,1,1,0,0.0,0.0,1,1,0,-1,-1,-1,15,0,110,834,975
76,6,107,457,934,477,18,18,590,590,0,0.00017018959120460194,0.00017018959120460194,545,545,0,5,4,4,3,1,680,481,599
77,0,101,1,906,905,0,3,1,329,328,0.0,0.00010211375472276115,1,489,488,5,-1,6,3,0,471,664,476
78,2,618,350,989,639,24,94,366,598,232,0.0,0.002110350930937064,1,886,885,2,5,3,19,1,148,402,38
79,2,618,362,996,634,4,20,363,665,302,0.0,0.0011913271384322134,1,826,825,2,5,3,3,1,837,763,253
80,33,135,749,933,184,52,52,685,685,0,0.0005446066918547262,0.0006467204465774873,715,742,27,4,3,3,9,3,168,280,718
81,111,212,926,971,45,34,34,774,774,0,0.0028591851322373124,0.0028591851322373124,923,923,0,5,3,3,4,19,280,135,292
82,24,230,724,974,250,24,24,705,705,0,0.00030634126416828345,0.0009870996289866913,634,818,184,3,3,3,3,4,726,202,338
83,14,220,606,973,367,20,20,525,525,0,0.00017018959120460194,0.0009870996289866913,536,801,265,3,4,4,6,3,664,369,630
84,26,128,808,967,159,12,12,746,746,0,0.0010211375472276116,0.0011913271384322134,816,834,18,4,4,4,2,10,799,195,354
85,74,74,869,869,0,50,50,815,815,0,0.0016338200755641784,0.0016338200755641784,858,858,0,-1,3,3,5,11,407,166,745
86,125,331,939,984,45,40,40,799,799,0,0.0025188059498281084,0.0033357159876101976,908,932,24,3,3,3,5,30,612,65,630
87,0,0,1,1,0,0,0,1,1,0,0.0,0.0,1,1,0,-1,-1,-1,16,0,78,980,900
88,18,120,649,933,284,30,30,708,708,0,0.00034037918240920387,0.00034037918240920387,649,649,0,4,3,3,4,2,453,724,631
89,6,108,438,919,481,18,18,574,574,0,0.0002382654276864427,0.0002723033459273631,591,620,29,4,4,4,3,1,459,667,320
90,12,628,618,998,380,10,20,491,765,274,0.0006126825283365669,0.0048674223084516155,750,960,210,2,4,3,3,2,825,473,33
91,0,616,1,989,988,0,72,1,470,469,0.0,0.000442492937131965,1,671,670,2,-1,3,24,0,28,876,407
92,288,904,969,997,28,190,190,915,915,0,0.0042547397801150485,0.005854521937438306,948,962,14,2,3,3,15,38,65,111,43
93,0,0,1,1,0,0,0,1,1,0,0.0,0.0,1,1,0,-1,-1,-1,23,0,8,886,910
94,23,125,700,930,230,38,38,712,712,0,0.00037441710065012424,0.0005105687736138058,661,706,45,4,3,3,6,4,251,339,450
95,16,16,572,572,0,60,60,687,687,0,0.0004084550188910446,0.0004084550188910446,678,678,0,-1,3,3,9,1,367,480,753
96,26,127,743,943,200,24,24,712,712,0,0.00017018959120460194,0.00017018959120460194,532,532,0,5,4,4,4,6,511,46,518
97,1,207,333,958,625,7,16,333,437,104,0.0,0.00010211375472276115,1,486,485,3,6,4,7,1,466,140,697
98,0,101,1,942,941,0,2,1,331,330,0.0,6.807583648184077e-05,1,445,444,5,-1,6,2,0,937,766,661
99,0,0,1,1,0,0,0,1,1,0,0.0,0.0,1,1,0,-1,-1,-1,2,0,960,959,780
100,0,0,1,1,0,0,0,1,1,0,0.0,0.0,1,1,0,-1,-1,-1,9,2,159,684,638
101,1,102,332,906,574,7,7,332,332,0,0.0,3.4037918240920386e-05,1,411,410,5,7,6,7,2,698,448,321
102,1,617,333,990,657,13,52,333,517,184,0.0,0.0007488342013002485,1,750,749,2,6,3,13,2,115,448,470
103,2,208,368,972,604,5,10,382,466,84,3.4037918240920386e-05,0.0007488342013002485,410,772,362,3,5,4,3,3,680,578,382
104,0,616,1,996,995,0,34,1,751,750,0.0,0.006637394056979475,1,970,969,2,-1,3,4,1,542,472,7
105,0,0,1,1,0,0,0,1,1,0,0.0,0.0,1,1,0,-1,-1,-1,10,0,153,796,962
106,6,108,441,918,477,18,18,489,489,0,0.00017018959120460194,0.0005446066918547262,548,722,174,4,4,4,7,2,404,532,283
107,54,260,874,983,109,22,22,805,805,0,0.0018380475850097008,0.006433166547533953,891,969,78,3,3,3,2,14,924,139,32
108,0,102,1,970,969,0,3,1,401,400,0.0,3.4037918240920386e-05,1,405,404,4,-1,5,2,3,898,478,463
109,6,212,433,970,537,26,30,641,693,52,0.0002723033459273631,0.0007147962830593281,622,763,141,3,4,4,5,1,538,681,197
110,26,26,693,693,0,40,40,594,594,0,0.0002723033459273631,0.0002723033459273631,608,608,0,-1,4,4,8,7,199,303,831
111,0,0,1,1,0,0,0,1,1,0,0.0,0.0,1,1,0,-1,-1,-1,12,0,222,910,462
112,36,36,797,797,0,44,44,852,852,0,0.0012253650566731338,0.0012253650566731338,844,844,0,-1,3,3,4,6,709,377,951
113,0,101,1,955,954,0,2,1,330,329,0.0,0.00010211375472276115,1,489,488,5,-1,6,2,0,965,629,93
114,208,310,953,977,24,114,114,904,904,0,0.0026889955410327104,0.0027911092957554717,908,914,6,4,3,3,9,33,277,15,654
115,0,206,1,963,962,0,19,1,453,452,0.0,0.0007488342013002485,1,756,755,3,-1,4,8,0,309,813,155
116,63,63,858,858,0,40,40,784,784,0,0.0011913271384322134,0.0011913271384322134,826,826,0,-1,3,3,5,12,656,172,716
117,20,20,743,743,0,10,10,534,534,0,0.0006126825283365669,0.0006126825283365669,745,745,0,-1,4,4,3,13,654,120,855
118,0,0,1,1,0,0,0,1,1,0,0.0,0.0,1,1,0,-1,-1,-1,6,1,266,835,936
119,1,1,333,333,0,4,4,333,333,0,0.0,0.0,1,1,0,-1,6,6,4,1,631,621,917
120,0,0,1,1,0,0,0,1,1,0,0.0,0.0,1,1,0,-1,-1,-1,8,1,146,780,887
121,0,206,1,948,947,0,46,1,540,539,0.0,0.0014636304843595766,1,846,845,3,-1,4,11,0,163,865,61
122,92,298,972,999,27,12,12,867,867,0,0.00442492937131965,0.012559991830899623,961,986,25,3,4,4,2,50,775,33,37
123,3,105,421,922,501,6,7,380,401,21,6.807583648184077e-05,0.0002042275094455223,445,567,122,4,5,5,4,5,280,476,248
124,0,101,1,964,963,0,2,1,330,329,0.0,0.0002723033459273631,1,632,631,5,-1,6,2,0,865,957,610
125,34,136,750,932,182,44,44,689,689,0,0.00037441710065012424,0.0004084550188910446,663,674,11,4,3,3,7,6,118,432,639
126,18,18,577,577,0,108,108,694,694,0,0.00034037918240920387,0.00034037918240920387,642,642,0,-1,3,3,16,2,53,323,740
127,0,101,1,974,973,0,2,1,330,329,0.0,0.00013615167296368154,1,517,516,5,-1,6,2,0,973,808,545
128,0,0,1,1,0,0,0,1,1,0,0.0,0.0,1,1,0,-1,-1,-1,11,0,333,911,975
129,10,10,563,563,0,16,16,521,521,0,0.0002042275094455223,0.0002042275094455223,567,567,0,-1,4,4,4,3,539,378,859
130,6,108,479,947,468,8,8,503,503,0,0.000442492937131965,0.0007488342013002485,687,768,81,4,4,4,2,1,761,727,389
131,24,230,710,973,263,44,44,835,835,0,0.0004765308553728854,0.0013274788113958951,692,838,146,3,3,3,4,4,641,407,114
132,0,206,1,961,960,0,17,1,443,442,0.0,0.00030634126416828345,1,620,619,3,-1,4,7,0,170,871,245
133,6,107,404,898,494,24,24,452,452,0,0.00013615167296368154,0.00013615167296368154,514,514,0,5,4,4,8,1,357,756,402
134,0,206,1,972,971,0,11,1,486,485,0.0,0.0004084550188910446,1,684,683,3,-1,4,4,1,706,641,159
135,42,42,823,823,0,40,40,791,791,0,0.0009870996289866913,0.0009870996289866913,796,796,0,-1,3,3,5,8,463,161,934
136,0,206,1,950,949,0,22,1,398,397,0.0,0.00010211375472276115,1,471,470,3,-1,4,13,0,113,324,251
137,2,618,361,997,636,10,32,420,698,278,0.0,0.0028591851322373124,1,922,921,2,5,3,5,1,294,878,91
138,10,112,617,951,334,8,8,519,519,0,0.00030634126416828345,0.0004765308553728854,642,714,72,4,4,4,2,3,919,458,681
139,1,207,332,957,625,8,18,332,432,100,0.0,0.0002382654276864427,1,586,585,3,7,4,8,2,428,344,591
140,0,0,1,1,0,0,0,1,1,0,0.0,0.0,1,1,0,-1,-1,-1,5,1,435,747,513
141,38,1678,799,1000,201,36,74,743,946,203,0.0005786446100956465,0.021954457265393648,727,995,268,1,3,2,5,6,552,658,477
142,0,101,1,909,908,0,4,1,332,331,0.0,3.4037918240920386e-05,1,400,399,5,-1,6,4,0,694,934,534
143,6,107,439,910,471,16,16,455,455,0,6.807583648184077e-05,0.00017018959120460194,461,544,83,5,4,4,6,1,281,607,492
144,0,0,1,1,0,0,0,1,1,0,0.0,0.0,1,1,0,-1,-1,-1,4,0,696,909,984
145,24,125,765,954,189,18,18,704,704,0,0.0008509479560230097,0.0009530617107457708,790,806,16,5,4,4,3,9,953,375,682
146,28,28,675,675,0,80,80,662,662,0,0.0004765308553728854,0.0004765308553728854,682,682,0,-1,3,3,13,3,160,519,738
147,0,101,1,956,955,0,2,1,331,330,0.0,6.807583648184077e-05,1,454,453,6,-1,7,2,0,974,678,676
148,102,204,921,970,49,56,56,953,953,0,0.004561081044283332,0.0046972327172470135,953,955,2,4,2,2,2,15,909,153,536
149,0,0,1,1,0,0,0,1,1,0,0.0,0.0,1,1,0,-1,-1,-1,15,0,95,967,276
150,0,0,1,1,0,0,0,1,1,0,0.0,0.0,1,1,0,-1,-1,-1,23,0,43,932,624
151,101,203,899,961,62,74,74,809,809,0,0.0020763130126961434,0.002110350930937064,885,890,5,4,3,3,8,22,420,116,325
152,0,0,1,1,0,0,0,1,1,0,0.0,0.0,1,1,0,-1,-1,-1,3,0,708,849,511
153,13,115,726,969,243,8,8,614,614,0,0.00034037918240920387,0.0006807583648184077,669,769,100,4,4,4,2,8,987,257,189
154,76,282,829,969,140,120,120,760,760,0,0.0006807583648184077,0.00088498587426393,746,780,34,3,3,3,15,9,40,375,285
155,2,104,359,917,558,5,6,360,376,16,0.0,0.00030634126416828345,1,623,622,4,5,5,4,3,783,676,516
156,19,19,605,605,0,78,78,631,631,0,0.00030634126416828345,0.00030634126416828345,631,631,0,-1,4,4,15,5,102,510,927
157,0,101,1,952,951,0,3,1,332,331,0.0,0.00017018959120460194,1,541,540,5,-1,6,3,1,576,693,302
158,8,109,600,962,362,12,12,721,721,0,0.0002042275094455223,0.00030634126416828345,588,646,58,5,4,4,2,2,666,363,220
159,236,442,963,984,21,196,196,966,966,0,0.0046972327172470135,0.005003573981415297,954,955,1,3,2,2,12,31,106,102,379
160,48,149,812,939,127,48,48,718,718,0,0.000442492937131965,0.000442492937131965,694,694,0,5,3,3,7,8,335,132,578
161,143,349,932,979,47,60,60,847,847,0,0.0034037918240920387,0.004595118962524252,931,953,22,3,3,3,5,21,426,123,261
162,0,102,1,902,901,0,9,1,368,367,0.0,0.00010211375472276115,1,483,482,4,-1,5,7,0,400,657,307
163,118,734,928,998,70,62,62,952,952,0,0.004016474352428605,0.006024711528642908,944,969,25,2,2,2,3,18,892,141,125
164,22,123,721,948,227,16,16,557,557,0,0.00037441710065012424,0.00037441710065012424,668,668,0,5,4,4,4,7,581,253,342
165,0,206,1,966,965,0,20,1,503,502,0.0,0.0009870996289866913,1,822,821,3,-1,4,6,0,526,588,393
166,203,409,956,981,25,130,130,957,957,0,0.0030634126416828346,0.0030634126416828346,922,922,0,3,3,3,10,34,527,89,369
167,30,30,779,779,0,34,34,802,802,0,0.0005105687736138058,0.0005105687736138058,708,708,0,-1,3,3,4,7,787,169,959
168,0,102,1,942,941,0,4,1,410,409,0.0,0.0005786446100956465,1,738,737,4,-1,5,2,0,937,983,136
169,0,0,1,1,0,0,0,1,1,0,0.0,0.0,1,1,0,-1,-1,-1,5,0,818,887,974
170,0,0,1,1,0,0,0,1,1,0,0.0,0.0,1,1,0,-1,-1,-1,8,0,142,961,446
171,0,1640,1,1000,999,0,82,1,892,891,0.0,0.017121072875182955,1,990,989,1,-1,2,7,0,362,745,21
172,55,157,858,958,100,24,24,714,714,0,0.0007488342013002485,0.0012934408931549745,774,840,66,4,4,4,4,12,635,99,145
173,32,32,767,767,0,32,32,728,728,0,0.0002042275094455223,0.0002042275094455223,564,564,0,-1,3,3,5,6,524,683,372
174,42,144,836,960,124,18,18,760,760,0,0.0007147962830593281,0.0008509479560230097,764,792,28,4,3,3,2,13,972,217,628
175,5,107,484,947,463,6,6,468,468,0,0.00030634126416828345,0.000442492937131965,636,700,64,4,5,5,3,3,840,653,795
176,0,616,1,997,996,0,21,1,676,675,0.0,0.005684332346233704,1,968,967,2,-1,3,4,0,280,783,22
177,2,2,371,371,0,5,5,391,391,0,3.4037918240920386e-05,3.4037918240920386e-05,410,410,0,-1,5,5,3,1,831,265,472
178,0,616,1,992,991,0,48,1,515,514,0.0,0.0006467204465774873,1,722,721,2,-1,3,15,0,110,489,302
179,0,102,1,888,887,0,10,1,351,350,0.0,0.0,1,1,0,4,-1,5,9,0,164,816,607
180,29,645,689,994,305,74,88,654,714,60,0.0004084550188910446,0.002586881786309949,667,912,245,2,3,3,12,7,58,371,65
181,50,151,790,925,135,136,136,909,909,0,0.001599782157323258,0.001599782157323258,859,859,0,5,3,3,11,8,150,174,374
182,0,0,1,1,0,0,0,1,1,0,0.0,0.0,1,1,0,-1,-1,-1,3,0,636,675,776
183,0,0,1,1,0,0,0,1,1,0,0.0,0.0,1,1,0,-1,-1,-1,3,0,743,863,587
184,64,64,816,816,0,98,98,838,838,0,0.0008169100377820892,0.0008169100377820892,776,776,0,-1,2,2,9,4,100,328,959
185,16,117,676,954,278,10,10,519,519,0,0.0005105687736138058,0.0005105687736138058,712,712,0,6,4,4,3,7,879,115,595
186,0,0,1,1,0,0,0,1,1,0,0.0,0.0,1,1,0,-1,-1,-1,5,1,396,920,760
187,55,55,823,823,0,64,64,760,760,0,0.0010211375472276116,0.0010211375472276116,801,801,0,-1,3,3,8,6,443,471,863
188,0,616,1,991,990,0,60,1,500,499,0.0,0.0004084550188910446,1,668,667,2,-1,3,17,0,56,875,165
189,90,296,922,986,64,38,38,896,896,0,0.0019061234214915416,0.002314578440382586,892,904,12,3,3,3,3,20,863,71,257
190,8,110,509,905,396,20,20,585,585,0,0.00034037918240920387,0.00037441710065012424,644,662,18,4,4,4,4,3,547,354,152
191,16,632,576,990,414,36,58,541,680,139,0.0002042275094455223,0.0027911092957554717,572,916,344,2,3,3,9,4,316,512,123
192,65,166,913,977,64,12,12,681,681,0,0.00176997174852786,0.002484768031587188,883,922,39,5,4,4,2,23,830,106,264
193,0,0,1,1,0,0,0,1,1,0,0.0,0.0,1,1,0,-1,-1,-1,2,0,933,574,993
194,2,2,363,363,0,7,7,391,391,0,3.4037918240920386e-05,3.4037918240920386e-05,402,402,0,-1,5,5,5,1,435,771,851
195,4,106,447,939,492,6,6,449,449,0,0.00010211375472276115,0.0005105687736138058,481,713,232,4,5,5,3,2,639,791,267
196,0,102,1,879,878,0,26,1,372,371,0.0,0.0002042275094455223,1,565,564,4,-1,5,18,0,34,813,406
197,26,642,602,988,386,104,118,577,614,37,0.0002042275094455223,0.0008509479560230097,553,770,217,2,4,3,22,5,18,636,391
198,12,12,543,543,0,36,36,532,532,0,0.00013615167296368154,0.00013615167296368154,513,513,0,-1,4,4,10,2,427,584,962
199,0,102,1,916,915,0,9,1,406,405,0.0,0.0,1,1,0,4,-1,5,5,1,478,874,667
200,0,0,1,1,0,0,0,1,1,0,0.0,0.0,1,1,0,-1,-1,-1,4,0,682,564,993
201,7,213,552,975,423,8,12,502,644,142,0.0002382654276864427,0.0006807583648184077,605,758,153,3,4,4,2,3,980,434,328
202,0,102,1,873,872,0,22,1,375,374,0.0,0.0002042275094455223,1,557,556,4,-1,5,15,0,124,433,524
203,0,206,1,948,947,0,40,1,528,527,0.0,0.00176997174852786,1,871,870,3,-1,4,10,0,128,970,66
204,0,102,1,909,908,0,13,1,407,406,0.0,0.00030634126416828345,1,628,627,4,-1,5,7,0,196,423,204
205,2,103,348,881,533,13,13,348,348,0,0.0,0.0,1,1,0,5,5,5,12,1,184,603,466
206,0,0,1,1,0,0,0,1,1,0,0.0,0.0,1,1,0,-1,-1,-1,5,0,848,844,498
207,0,0,1,1,0,0,0,1,1,0,0.0,0.0,1,1,0,-1,-1,-1,7,0,324,695,866
208,25,127,786,957,171,28,28,849,849,0,0.000442492937131965,0.0005446066918547262,702,729,27,4,3,3,3,5,569,510,720
209,2,1642,353,1000,647,12,88,380,884,504,0.0,0.01657646618332823,1,990,989,1,5,2,8,3,595,466,21
210,190,396,969,989,20,56,56,973,973,0,0.007522379931243405,0.00793083495013445,977,977,0,3,2,2,2,31,905,34,208
211,0,102,1,887,886,0,13,1,353,352,0.0,0.0,1,1,0,4,-1,5,12,0,58,976,837
212,17,119,626,914,288,44,44,646,646,0,0.00034037918240920387,0.0005786446100956465,651,728,77,4,4,4,8,6,257,199,124
213,0,0,1,1,0,0,0,1,1,0,0.0,0.0,1,1,0,-1,-1,-1,3,0,768,489,574
214,0,206,1,949,948,0,18,1,406,405,0.0,0.00013615167296368154,1,508,507,3,-1,4,9,0,202,489,152
215,16,117,577,917,340,52,52,704,704,0,0.00034037918240920387,0.00034037918240920387,645,645,0,6,3,3,8,1,418,891,708
216,38,38,735,735,0,112,112,831,831,0,0.0002382654276864427,0.0002382654276864427,596,596,0,-1,3,3,12,3,58,318,792
217,2,104,344,868,524,20,24,350,368,18,0.0,0.0002042275094455223,1,555,554,4,5,5,18,1,69,763,408
218,0,102,1,928,927,0,7,1,411,410,0.0,0.00017018959120460194,1,546,545,4,-1,5,4,1,673,693,362
219,21,122,692,931,239,38,38,823,823,0,0.0007488342013002485,0.0007828721195411688,766,779,13,5,3,3,3,4,613,312,601
220,26,642,765,998,233,18,28,653,795,142,0.0005446066918547262,0.0033357159876101976,731,934,203,2,4,3,3,8,833,345,66
221,40,40,709,709,0,128,128,749,749,0,0.0008169100377820892,0.0008169100377820892,765,765,0,-1,2,2,17,3,10,260,455
222,600,701,998,999,1,80,80,996,996,0,0.02403077027808979,0.024166921951053473,998,998,0,5,2,2,2,127,904,11,791
223,2,2,353,353,0,10,10,368,368,0,3.4037918240920386e-05,3.4037918240920386e-05,408,408,0,-1,5,5,8,3,468,748,961
224,9,9,545,545,0,10,10,454,454,0,3.4037918240920386e-05,3.4037918240920386e-05,404,404,0,-1,4,4,3,5,930,570,804
225,0,0,1,1,0,0,0,1,1,0,0.0,0.0,1,1,0,-1,-1,-1,2,0,705,933,864
226,21,122,682,929,247,15,15,526,526,0,0.00017018959120460194,0.0002042275094455223,548,572,24,5,4,4,4,6,949,368,547
227,6,107,468,939,471,8,8,490,490,0,0.0,0.0,1,1,0,8,4,4,2,1,849,506,857
228,0,206,1,937,936,0,49,1,421,420,0.0,0.00030634126416828345,1,630,629,3,-1,4,21,0,54,849,432
229,0,0,1,1,0,0,0,1,1,0,0.0,0.0,1,1,0,-1,-1,-1,4,0,736,849,957
230,3,3,466,466,0,3,3,391,391,0,6.807583648184077e-05,6.807583648184077e-05,454,454,0,-1,5,5,2,3,994,563,754
231,42,42,785,785,0,90,90,835,835,0,0.0004765308553728854,0.0004765308553728854,693,693,0,-1,3,3,9,7,202,253,898
232,81,81,904,904,0,28,28,847,847,0,0.003437829742332959,0.003437829742332959,936,936,0,-1,3,3,3,19,823,135,709
233,29,29,713,713,0,88,88,853,853,0,0.0008169100377820892,0.0008169100377820892,774,774,0,-1,3,3,8,4,380,125,838
234,0,102,1,940,939,0,6,1,389,388,0.0,0.00010211375472276115,1,480,479,4,-1,5,4,0,794,823,722
235,168,374,941,982,41,136,136,969,969,0,0.0045270431260424114,0.006705469893461316,953,971,18,3,2,2,8,19,236,135,17
236,8,8,552,552,0,18,18,660,660,0,0.00010211375472276115,0.00010211375472276115,501,501,0,-1,4,4,3,3,958,263,672
237,46,46,757,757,0,104,104,820,820,0,0.0016678579938050988,0.0016678579938050988,864,864,0,-1,2,2,12,2,292,425,854
238,0,0,1,1,0,0,0,1,1,0,0.0,0.0,1,1,0,-1,-1,-1,5,0,765,574,730
239,50,666,836,997,161,64,64,933,933,0,0.0025188059498281084,0.003778208924742163,909,940,31,2,2,2,5,4,533,185,289
240,0,102,1,913,912,0,7,1,385,384,0.0,6.807583648184077e-05,1,442,441,4,-1,5,4,0,614,723,310
241,16,118,655,941,286,24,24,653,653,0,0.00010211375472276115,0.0002723033459273631,493,619,126,4,3,3,5,2,647,714,252
242,61,163,845,947,102,46,46,745,745,0,0.0014295925661186562,0.0015317063208414173,853,861,8,4,3,3,6,12,518,99,659
243,12,114,548,909,361,22,22,523,523,0,0.0002042275094455223,0.0002382654276864427,560,584,24,4,4,4,5,2,426,584,683
244,6,212,415,968,553,11,16,422,495,73,3.4037918240920386e-05,0.00017018959120460194,394,553,159,3,4,4,4,1,509,639,700
245,13,115,636,938,302,20,20,654,654,0,0.00037441710065012424,0.0006467204465774873,667,743,76,4,4,4,4,6,491,199,316
246,0,0,1,1,0,0,0,1,1,0,0.0,0.0,1,1,0,-1,-1,-1,9,0,395,629,835
247,40,40,762,762,0,78,78,743,743,0,0.0005786446100956465,0.0005786446100956465,730,730,0,-1,3,3,11,4,176,40,894
248,0,0,1,1,0,0,0,1,1,0,0.0,0.0,1,1,0,-1,-1,-1,5,0,546,644,587
249,0,616,1,993,992,0,38,1,592,591,0.0,0.0017018959120460194,1,860,859,2,-1,3,8,0,302,849,304
250,94,196,878,961,83,74,74,816,816,0,0.001940161339732462,0.001940161339732462,882,882,0,4,3,3,8,12,499,163,265
251,40,142,801,946,145,46,46,781,781,0,0.0008509479560230097,0.0009530617107457708,793,806,13,4,3,3,6,5,373,418,749
252,0,0,1,1,0,0,0,1,1,0,0.0,0.0,1,1,0,-1,-1,-1,9,3,101,348,790
253,8,110,565,951,386,10,10,519,519,0,0.00034037918240920387,0.0004084550188910446,660,683,23,4,4,4,3,2,879,465,394
254,16,632,582,995,413,43,58,631,732,101,0.00017018959120460194,0.0013274788113958951,545,838,293,2,3,3,9,1,278,659,243
255,44,660,823,998,175,40,50,770,855,85,0.0007488342013002485,0.0026209197045508697,762,906,144,2,3,3,5,9,452,414,138
256,28,644,682,989,307,114,114,818,818,0,0.001055175465468532,0.0021784267674189047,808,885,77,2,3,3,13,4,242,326,189
257,154,256,923,959,36,204,204,943,943,0,0.0030634126416828346,0.003267640151128357,925,928,3,4,2,2,15,19,45,297,536
258,0,616,1,991,990,0,54,1,483,482,0.0,0.0006467204465774873,1,732,731,2,-1,3,17,0,71,812,759
259,30,236,706,963,257,72,72,687,687,0,0.00037441710065012424,0.0011913271384322134,653,824,171,3,3,3,11,9,233,29,415
260,6,212,456,972,516,16,16,552,552,0,0.0004084550188910446,0.0007147962830593281,677,764,87,3,4,4,4,1,635,500,4
261,135,1775,928,1000,72,78,112,829,944,115,0.0029612988869600733,0.01657646618332823,922,989,67,1,3,2,8,26,499,108,386
262,54,155,885,974,89,18,18,729,729,0,0.0013615167296368155,0.0014636304843595766,848,857,9,5,4,4,3,16,576,78,869
263,30,132,786,957,171,30,30,784,784,0,0.0007488342013002485,0.0008509479560230097,768,790,22,4,3,3,4,9,491,341,840
264,36,36,799,799,0,46,46,845,845,0,0.0008509479560230097,0.0008509479560230097,790,790,0,-1,3,3,5,11,533,249,542
265,16,16,646,646,0,24,24,735,735,0,0.00030634126416828345,0.00030634126416828345,621,621,0,-1,3,3,3,3,577,285,882
266,67,683,866,997,131,40,40,847,847,0,0.0018380475850097008,0.005820484019197386,868,963,95,2,3,3,4,13,740,335,20
267,40,40,741,741,0,106,106,816,816,0,0.0004765308553728854,0.0004765308553728854,692,692,0,-1,3,3,11,6,150,107,707
268,38,244,848,985,137,22,22,837,837,0,0.0008509479560230097,0.0020763130126961434,796,908,112,3,3,3,2,8,951,132,71
269,0,102,1,941,940,0,4,1,406,405,0.0,0.00037441710065012424,1,665,664,4,-1,5,2,1,713,738,165
270,6,212,395,950,555,30,34,446,476,30,3.4037918240920386e-05,0.00013615167296368154,402,507,105,3,4,4,12,1,184,964,360
271,16,118,553,902,349,44,44,529,529,0,0.00010211375472276115,0.00013615167296368154,479,514,35,4,3,3,11,1,188,873,714
272,2,2,360,360,0,11,11,411,411,0,3.4037918240920386e-05,3.4037918240920386e-05,390,390,0,-1,5,5,6,1,536,238,993
273,21,123,694,936,242,18,18,579,579,0,0.000442492937131965,0.0006126825283365669,675,728,53,4,4,4,3,6,808,232,584
274,2,2,350,350,0,12,12,367,367,0,0.0,0.0,1,1,0,-1,5,5,8,1,244,788,865
275,0,102,1,936,935,0,6,1,424,423,0.0,0.0008169100377820892,1,782,781,4,-1,5,3,1,863,730,296
276,13,13,568,568,0,38,38,636,636,0,0.00013615167296368154,0.00013615167296368154,516,516,0,-1,4,4,7,3,400,291,835
277,16,118,560,903,343,60,60,692,692,0,0.00037441710065012424,0.0004765308553728854,659,684,25,4,3,3,9,1,178,168,670
278,123,223,942,976,34,34,34,804,804,0,0.00176997174852786,0.0025188059498281084,875,907,32,4,3,3,4,34,597,89,67
279,22,22,798,798,0,24,24,888,888,0,0.0012934408931549745,0.0012934408931549745,844,844,0,-1,3,3,3,6,853,471,780
280,288,494,974,990,16,184,184,978,978,0,0.004901460226692535,0.0051397256543789785,959,960,1,3,2,2,10,29,135,17,368
281,0,102,1,903,902,0,10,1,375,374,0.0,0.00013615167296368154,1,518,517,4,-1,5,7,0,156,783,353
282,1,103,333,896,563,9,18,333,420,87,0.0,0.0002723033459273631,1,613,612,4,8,5,9,2,250,448,187
283,100,100,879,879,0,100,100,895,895,0,0.02277136730317574,0.022839443139657578,997,997,0,4,1,1,8,33,357,15,576
284,1,1,332,332,0,2,2,332,332,0,0.0,0.0,1,1,0,-1,6,6,2,2,948,331,888
285,715,816,999,999,0,144,144,998,998,0,0.01858470335954253,0.01861874127778345,993,993,0,5,2,2,6,130,664,3,646
286,0,101,1,945,944,0,3,1,332,331,0.0,0.0,1,1,0,6,-1,7,3,1,654,841,896
287,22,228,650,965,315,43,43,634,634,0,0.0008169100377820892,0.0009870996289866913,768,799,31,3,3,3,9,3,339,121,191
288,5,5,601,601,0,4,4,561,561,0,0.00034037918240920387,0.00034037918240920387,667,667,0,-1,5,5,2,4,955,622,858
289,13,13,652,652,0,12,12,655,655,0,0.0002723033459273631,0.0002723033459273631,623,623,0,-1,4,4,2,8,874,477,927
290,0,101,1,888,887,0,8,1,332,331,0.0,0.0,1,1,0,5,-1,6,8,0,244,974,331
291,46,46,829,829,0,34,34,775,775,0,0.0012253650566731338,0.0012253650566731338,834,834,0,-1,3,3,4,10,397,195,726
292,12,113,577,923,346,24,24,555,555,0,0.0002723033459273631,0.0002723033459273631,620,620,0,5,4,4,6,3,405,496,924
293,106,106,885,885,0,164,164,907,907,0,0.0018040096667687805,0.0018040096667687805,871,871,0,-1,2,2,14,13,47,335,695
294,0,0,1,1,0,0,0,1,1,0,0.0,0.0,1,1,0,-1,-1,-1,2,0,999,855,798
295,14,14,546,546,0,40,40,526,526,0,0.00010211375472276115,0.00010211375472276115,484,484,0,-1,4,4,10,7,99,451,920
296,6,108,450,925,475,13,14,464,479,15,3.4037918240920386e-05,0.0004765308553728854,396,698,302,4,4,4,5,1,644,862,328
297,1,1,327,327,0,3,3,327,327,0,0.00010211375472276115,0.00010211375472276115,468,468,0,-1,6,6,3,1,877,463,963
298,100,100,870,870,0,100,100,669,669,0,0.011709043874876613,0.013138636440995268,985,988,3,2,1,1,16,13,60,261,61
299,12,218,537,956,419,54,54,611,611,0,0.0004084550188910446,0.0017359338302869397,671,868,197,3,4,4,11,2,155,473,171
300,2,2,348,348,0,18,18,371,371,0,6.807583648184077e-05,6.807583648184077e-05,436,436,0,-1,5,5,13,1,120,781,898
301,0,206,1,979,978,0,8,1,510,509,0.0,0.0007147962830593281,1,757,756,3,-1,4,2,0,838,731,83
302,356,458,977,986,9,364,364,977,977,0,0.005480104836788182,0.005616256509751864,955,958,3,4,2,2,21,48,12,56,586
303,0,616,1,995,994,0,30,1,611,610,0.0,0.001599782157323258,1,856,855,2,-1,3,6,1,402,472,148
304,9,9,499,499,0,62,62,581,581,0,0.0002042275094455223,0.0002042275094455223,566,566,0,-1,4,4,13,3,129,458,620
305,0,101,1,945,944,0,3,1,332,331,0.0,0.00010211375472276115,1,494,493,5,-1,6,3,1,535,841,409
306,6,107,485,941,456,8,8,500,500,0,0.00010211375472276115,0.00013615167296368154,488,526,38,6,4,4,2,2,779,215,708
307,23,223,664,964,300,88,88,867,867,0,0.0011913271384322134,0.0017359338302869397,836,869,33,3,3,3,8,3,334,438,184
308,6,107,446,930,484,13,13,463,463,0,0.0,0.0,1,1,0,6,4,4,5,1,430,853,721
309,0,0,1,1,0,0,0,1,1,0,0.0,0.0,1,1,0,-1,-1,-1,8,0,454,205,974
310,2,103,366,933,567,6,6,417,417,0,3.4037918240920386e-05,3.4037918240920386e-05,402,402,0,5,5,5,3,2,791,215,298
311,6,212,422,966,544,38,42,637,681,44,0.00013615167296368154,0.000442492937131965,518,682,164,3,4,4,7,3,361,260,252
312,19,635,611,993,382,39,62,505,617,112,0.00010211375472276115,0.0018040096667687805,481,872,391,2,3,3,11,5,167,570,99
313,102,102,935,935,0,62,62,975,975,0,0.006943735321147759,0.006943735321147759,970,970,0,-1,2,2,3,17,748,45,965
314,44,146,850,961,111,22,22,806,806,0,0.0014636304843595766,0.0017018959120460194,859,875,16,4,3,3,2,14,713,190,168
315,26,232,714,973,259,24,24,626,626,0,0.0002382654276864427,0.0004765308553728854,595,700,105,3,4,4,4,7,354,389,677
316,0,206,1,934,933,0,61,1,423,422,0.0,0.0004765308553728854,1,674,673,3,-1,4,23,0,15,359,616
317,0,206,1,969,968,0,18,1,594,593,0.0,0.007011811157629599,1,974,973,3,-1,4,3,0,892,614,30
318,0,206,1,971,970,0,24,1,554,553,0.0,0.0018720855032506212,1,873,872,3,-1,4,6,0,405,825,65
319,0,102,1,904,903,0,11,1,408,407,0.0,0.0002382654276864427,1,593,592,4,-1,5,6,0,606,542,86
320,1,103,333,923,590,5,10,333,431,98,0.0,0.00037441710065012424,1,671,670,4,6,5,5,1,421,861,226
321,2,103,380,964,584,5,5,417,417,0,3.4037918240920386e-05,6.807583648184077e-05,394,446,52,5,5,5,3,1,786,762,842
322,0,101,1,903,902,0,4,1,332,331,0.0,0.0,1,1,0,6,-1,7,4,0,567,766,739
323,30,30,698,698,0,56,56,659,659,0,0.00037441710065012424,0.00037441710065012424,661,661,0,-1,3,3,9,4,277,504,877
324,50,666,768,991,223,104,104,717,717,0,0.0006126825283365669,0.0009530617107457708,719,792,73,2,3,3,16,6,134,46,589
325,0,101,1,912,911,0,6,1,330,329,0.0,0.0,1,1,0,7,-1,8,6,0,515,881,765
326,318,420,982,990,8,110,110,982,982,0,0.007454304094761564,0.007454304094761564,975,975,0,4,2,2,6,49,515,31,935
327,6,6,437,437,0,18,18,463,463,0,6.807583648184077e-05,6.807583648184077e-05,455,455,0,-1,4,4,7,3,342,321,804
328,17,223,606,955,349,68,68,693,693,0,0.0002723033459273631,0.0009190237925048504,606,775,169,3,3,3,11,3,333,541,327
329,23,125,750,948,198,22,22,773,773,0,0.000442492937131965,0.0006807583648184077,692,761,69,4,3,3,2,4,598,339,504
330,0,101,1,919,918,0,5,1,332,331,0.0,0.0,1,1,0,5,-1,6,5,0,294,881,578
331,33,135,745,926,181,32,32,592,592,0,0.0005105687736138058,0.0006807583648184077,697,742,45,4,4,4,6,10,514,366,704
332,0,0,1,1,0,0,0,1,1,0,0.0,0.0,1,1,0,-1,-1,-1,16,0,134,819,657
333,1,103,333,933,600,3,5,333,397,64,0.0,0.0006467204465774873,1,761,760,4,6,5,3,2,857,764,193
334,0,206,1,967,966,0,22,1,588,587,0.0,0.0005105687736138058,1,713,712,3,-1,4,5,0,519,600,440
335,6,6,426,426,0,30,30,547,547,0,0.00013615167296368154,0.00013615167296368154,512,512,0,-1,4,4,7,1,398,720,855
336,12,12,467,467,0,73,73,507,507,0,0.00017018959120460194,0.00017018959120460194,541,541,0,-1,4,4,21,4,3,239,778
337,20,121,795,971,176,12,12,737,737,0,0.0006807583648184077,0.0006807583648184077,765,765,0,5,4,4,2,9,749,240,627
338,28,130,753,946,193,40,40,792,792,0,0.0002382654276864427,0.00030634126416828345,599,625,26,4,3,3,5,3,720,173,241
339,0,206,1,943,942,0,39,1,440,439,0.0,0.0002723033459273631,1,599,598,3,-1,4,15,0,37,970,167
340,0,616,1,990,989,0,37,1,463,462,0.0,0.0007147962830593281,1,753,752,2,-1,3,13,1,160,920,536
341,0,0,1,1,0,0,0,1,1,0,0.0,0.0,1,1,0,-1,-1,-1,5,0,557,522,962
342,0,0,1,1,0,0,0,1,1,0,0.0,0.0,1,1,0,-1,-1,-1,9,0,394,515,796
343,130,336,912,977,65,100,100,816,816,0,0.0017359338302869397,0.003165526396405596,865,921,56,3,3,3,10,16,310,78,38
344,0,0,1,1,0,0,0,1,1,0,0.0,0.0,1,1,0,-1,-1,-1,11,0,150,372,446
345,0,102,1,912,911,0,4,1,360,359,0.0,6.807583648184077e-05,1,442,441,4,-1,5,3,0,725,675,325
346,0,0,1,1,0,0,0,1,1,0,0.0,0.0,1,1,0,-1,-1,-1,9,0,192,946,750
347,8,8,517,517,0,18,18,511,511,0,0.0002042275094455223,0.0002042275094455223,563,563,0,-1,4,4,5,5,667,395,817
348,0,616,1,999,998,0,20,1,796,795,0.0,0.007726607440688927,1,977,976,2,-1,3,3,0,867,921,293
349,29,235,760,978,218,30,30,687,687,0,0.00088498587426393,0.0011232513019503727,786,827,41,3,4,4,5,14,720,190,479
350,32,32,753,753,0,20,20,546,546,0,0.0004084550188910446,0.0004084550188910446,681,681,0,-1,4,4,4,8,500,386,856
351,159,365,951,986,35,86,86,949,949,0,0.002552843868069029,0.002586881786309949,899,901,2,3,3,3,6,23,575,66,298
352,0,102,1,941,940,0,6,1,421,420,0.0,0.0016338200755641784,1,874,873,4,-1,5,3,0,814,778,112
353,0,0,1,1,0,0,0,1,1,0,0.0,0.0,1,1,0,-1,-1,-1,6,0,522,565,831
354,13,13,665,665,0,14,14,618,618,0,0.0002723033459273631,0.0002723033459273631,633,633,0,-1,4,4,3,5,485,619,921
355,0,0,1,1,0,0,0,1,1,0,0.0,0.0,1,1,0,-1,-1,-1,3,0,953,838,921
356,0,206,1,947,946,0,31,1,419,418,0.0,0.0006126825283365669,1,727,726,3,-1,4,14,3,121,882,175
357,0,102,1,953,952,0,4,1,386,385,0.0,0.00010211375472276115,1,492,491,4,-1,5,3,0,918,620,553
358,0,102,1,928,927,0,6,1,383,382,0.0,0.0,1,1,0,4,-1,5,4,0,462,883,719
359,29,131,726,934,208,50,50,705,705,0,0.0002042275094455223,0.0002723033459273631,571,608,37,4,3,3,8,5,323,454,248
360,0,206,1,957,956,0,22,1,481,480,0.0,0.00088498587426393,1,792,791,3,-1,4,7,0,637,916,269
361,13,115,584,918,334,28,28,567,567,0,0.00013615167296368154,0.0002723033459273631,509,620,111,4,4,4,6,3,328,385,584
362,62,164,906,973,67,12,12,658,658,0,0.0022465026039007454,0.0024507301133462676,908,917,9,4,4,4,2,16,897,78,52
363,156,362,959,988,29,44,44,870,870,0,0.0033016780693692774,0.003778208924742163,929,934,5,3,3,3,4,30,648,75,637
364,0,206,1,979,978,0,8,1,530,529,0.0,0.0005786446100956465,1,749,748,3,-1,4,2,0,851,664,218
365,47,149,862,968,106,28,28,849,849,0,0.00088498587426393,0.0017018959120460194,798,872,74,4,3,3,3,13,523,340,99
366,108,108,885,885,0,166,166,935,935,0,0.0017018959120460194,0.0017018959120460194,860,860,0,-1,2,2,12,12,96,179,968
367,0,0,1,1,0,0,0,1,1,0,0.0,0.0,1,1,0,-1,-1,-1,10,0,161,733,573
368,0,0,1,1,0,0,0,1,1,0,0.0,0.0,1,1,0,-1,-1,-1,11,0,220,992,882
369,8,8,566,566,0,12,12,604,604,0,0.0002042275094455223,0.0002042275094455223,582,582,0,-1,4,4,2,4,761,278,709
370,66,66,879,879,0,24,24,696,696,0,0.0019741992579733825,0.0019741992579733825,892,892,0,-1,4,4,4,19,563,297,936
371,0,206,1,962,961,0,17,1,484,483,0.0,0.00017018959120460194,1,536,535,3,-1,4,5,0,426,664,134
372,0,102,1,938,937,0,5,1,392,391,0.0,0.00017018959120460194,1,544,543,4,-1,5,3,0,835,698,282
373,2,103,396,967,571,3,3,405,405,0,6.807583648184077e-05,0.00013615167296368154,454,528,74,5,5,5,2,1,807,449,532
374,0,101,1,934,933,0,2,1,331,330,0.0,0.00010211375472276115,1,479,478,5,-1,6,2,0,954,696,550
375,1,207,332,956,624,7,26,332,496,164,0.0,0.0009190237925048504,1,791,790,3,6,4,7,2,372,344,335
376,24,640,655,993,338,58,76,599,689,90,0.00013615167296368154,0.0015317063208414173,525,859,334,2,4,3,11,8,76,286,71
377,0,101,1,919,918,0,4,1,331,330,0.0,3.4037918240920386e-05,1,407,406,5,-1,6,4,0,641,757,315
378,0,206,1,965,964,0,14,1,456,455,0.0,0.0006467204465774873,1,742,741,3,-1,4,5,0,173,702,294
379,0,616,1,987,986,0,69,1,482,481,0.0,0.0014295925661186562,1,845,844,2,-1,3,22,0,55,973,403
380,0,1640,1,1000,999,0,64,1,925,924,0.0,0.027094182919772627,1,995,994,1,-1,2,5,0,457,520,11
381,252,252,981,981,0,44,44,902,902,0,0.007522379931243405,0.007522379931243405,973,973,0,-1,3,3,4,54,811,19,914
382,0,0,1,1,0,0,0,1,1,0,0.0,0.0,1,1,0,-1,-1,-1,2,1,934,738,800
383,25,25,715,715,0,42,42,712,712,0,0.0005786446100956465,0.0005786446100956465,735,735,0,-1,3,3,6,5,489,241,707
384,7,108,550,934,384,6,6,424,424,0,0.00037441710065012424,0.0004084550188910446,671,679,8,6,5,5,3,4,745,365,601
385,13,115,716,969,253,8,8,615,615,0,0.00034037918240920387,0.00037441710065012424,672,688,16,4,4,4,2,6,866,376,508
386,6,212,430,969,539,22,30,544,634,90,0.0002382654276864427,0.0007147962830593281,602,764,162,3,4,4,5,2,392,785,155
387,0,206,1,951,950,0,44,1,515,514,0.0,0.0009190237925048504,1,784,783,3,-1,4,12,0,58,349,174
388,160,366,934,980,46,110,110,898,898,0,0.0018380475850097008,0.0028591851322373124,877,920,43,3,3,3,9,16,123,78,148
389,13,114,658,951,293,10,10,547,547,0,0.0004084550188910446,0.0004765308553728854,688,708,20,5,4,4,3,6,867,4,560
390,48,48,761,761,0,108,108,741,741,0,0.0006807583648184077,0.0006807583648184077,737,737,0,-1,3,3,15,6,81,658,778
391,24,125,762,960,198,12,12,662,662,0,0.0009190237925048504,0.0009530617107457708,799,800,1,5,4,4,2,9,979,375,870
392,18,18,709,709,0,8,8,519,519,0,0.00030634126416828345,0.00030634126416828345,646,646,0,-1,4,4,2,3,938,519,715
393,88,88,919,919,0,32,32,902,902,0,0.0029612988869600733,0.0029612988869600733,921,921,0,-1,3,3,2,24,771,119,643
394,6,6,448,448,0,20,20,588,588,0,0.00010211375472276115,0.00010211375472276115,496,496,0,-1,4,4,4,1,675,810,811
395,0,101,1,913,912,0,4,1,331,330,0.0,3.4037918240920386e-05,1,387,386,5,-1,6,4,0,614,740,842
396,0,0,1,1,0,0,0,1,1,0,0.0,0.0,1,1,0,-1,-1,-1,4,0,520,997,905
397,126,228,956,979,23,22,22,798,798,0,0.0034718676605738795,0.003642057251778481,939,941,2,4,3,3,2,28,881,41,263
398,6,6,410,410,0,26,26,489,489,0,6.807583648184077e-05,6.807583648184077e-05,450,450,0,-1,4,4,9,2,319,342,675
399,546,746,984,991,7,404,404,978,978,0,0.0051397256543789785,0.005480104836788182,949,953,4,3,2,2,23,57,43,50,381
400,1,103,333,892,559,10,16,333,385,52,0.0,0.00010211375472276115,1,467,466,4,6,5,10,1,258,469,229
401,6,622,429,996,567,16,34,499,703,204,0.0002723033459273631,0.005514142755029102,614,964,350,2,4,3,4,1,500,809,12
402,6,622,438,997,559,16,26,547,710,163,0.0002042275094455223,0.002552843868069029,568,907,339,2,4,3,4,1,783,452,133
403,0,101,1,897,896,0,9,1,331,330,0.0,3.4037918240920386e-05,1,403,402,6,-1,7,9,0,190,201,647
404,0,206,1,952,951,0,38,1,546,545,0.0,0.0016678579938050988,1,866,865,3,-1,4,9,0,316,674,58
405,79,181,897,970,73,44,44,890,890,0,0.003369753905851118,0.0035059055788147996,924,929,5,4,3,3,4,19,696,135,247
406,0,0,1,1,0,0,0,1,1,0,0.0,0.0,1,1,0,-1,-1,-1,22,0,22,782,733
407,22,22,660,660,0,76,76,770,770,0,0.0013274788113958951,0.0013274788113958951,843,843,0,-1,3,3,10,3,161,559,994
408,187,187,965,965,0,62,62,964,964,0,0.006671431975220395,0.006671431975220395,964,964,0,-1,2,2,3,36,490,48,830
409,15,117,663,945,282,14,14,577,577,0,6.807583648184077e-05,0.0007488342013002485,445,763,318,4,4,4,3,5,670,487,226
410,47,47,844,844,0,22,22,750,750,0,0.0026209197045508697,0.0026209197045508697,917,917,0,-1,3,3,2,6,966,73,915
411,18,120,567,883,316,80,80,548,548,0,3.4037918240920386e-05,3.4037918240920386e-05,401,401,0,4,3,3,19,3,48,434,592
412,13,115,674,960,286,12,12,671,671,0,0.000442492937131965,0.0004765308553728854,696,705,9,4,4,4,2,3,998,236,492
413,10,10,532,532,0,20,20,469,469,0,6.807583648184077e-05,6.807583648184077e-05,448,448,0,-1,4,4,6,3,368,369,974
414,0,206,1,965,964,0,20,1,558,557,0.0,0.0013274788113958951,1,854,853,3,-1,4,4,3,532,348,153
415,86,86,933,933,0,28,28,919,919,0,0.0026889955410327104,0.0026889955410327104,915,915,0,-1,3,3,3,30,918,39,844
416,0,101,1,952,951,0,3,1,331,330,0.0,0.0,1,1,0,5,-1,6,3,0,576,875,714
417,24,126,702,926,224,30,30,591,591,0,0.00030634126416828345,0.00030634126416828345,630,630,0,4,4,4,7,5,477,308,152
418,1,1,332,332,0,2,2,332,332,0,0.0,0.0,1,1,0,-1,6,6,2,1,977,603,903
419,4,106,422,924,502,4,4,385,385,0,3.4037918240920386e-05,0.0002042275094455223,388,566,178,4,5,5,2,2,893,364,958
420,178,178,922,922,0,270,270,928,928,0,0.0023486163586235067,0.0023486163586235067,894,894,0,-1,2,2,21,14,3,146,850
421,10,112,618,949,331,8,8,514,514,0,0.0002382654276864427,0.0007828721195411688,617,775,158,4,4,4,2,7,924,427,245
422,33,33,753,753,0,36,36,652,652,0,0.0007147962830593281,0.0007147962830593281,751,751,0,-1,3,3,7,5,482,722,818
423,0,206,1,974,973,0,12,1,611,610,0.0,0.009836958371625992,1,985,984,3,-1,4,2,0,849,632,3
424,0,102,1,897,896,0,10,1,403,402,0.0,0.0002382654276864427,1,584,583,4,-1,5,5,0,793,961,266
425,0,102,1,927,926,0,4,1,361,360,0.0,3.4037918240920386e-05,1,396,395,4,-1,5,3,0,839,517,667
426,0,0,1,1,0,0,0,1,1,0,0.0,0.0,1,1,0,-1,-1,-1,5,0,290,867,235
427,127,333,916,978,62,156,156,940,940,0,0.0035739814152966403,0.0037441710065012424,933,934,1,3,2,2,12,18,93,63,4
428,188,289,953,975,22,92,92,906,906,0,0.002927260968719153,0.002927260968719153,923,923,0,6,3,3,7,33,182,15,703
429,0,0,1,1,0,0,0,1,1,0,0.0,0.0,1,1,0,-1,-1,-1,2,1,681,779,783
430,32,238,742,967,225,72,72,815,815,0,0.0011913271384322134,0.002110350930937064,828,889,61,3,3,3,7,5,118,535,53
431,24,24,758,758,0,8,8,485,485,0,0.00030634126416828345,0.00030634126416828345,647,647,0,-1,4,4,2,4,804,167,953
432,0,102,1,875,874,0,22,1,369,368,0.0,3.4037918240920386e-05,1,399,398,4,-1,5,16,1,53,568,215
433,6,212,397,952,555,21,52,407,603,196,0.00010211375472276115,0.0013615167296368155,467,840,373,3,4,4,10,1,310,879,147
434,0,206,1,973,972,0,14,1,614,613,0.0,0.0023486163586235067,1,909,908,3,-1,4,3,2,823,462,111
435,3,209,422,966,544,9,18,401,501,100,0.00010211375472276115,0.0004765308553728854,492,706,214,3,5,4,5,3,382,373,162
436,2,618,348,988,640,18,53,364,508,144,0.0,0.0004765308553728854,1,689,688,2,5,3,14,1,122,763,212
437,0,0,1,1,0,0,0,1,1,0,0.0,0.0,1,1,0,-1,-1,-1,6,1,281,583,808
438,22,638,625,992,367,56,56,559,559,0,0.0002723033459273631,0.0007828721195411688,603,767,164,2,3,3,13,3,90,121,628
439,0,0,1,1,0,0,0,1,1,0,0.0,0.0,1,1,0,-1,-1,-1,3,0,819,740,841
440,0,616,1,990,989,0,66,1,676,675,0.0,0.003608019333537561,1,941,940,2,-1,3,10,0,82,867,76
441,0,206,1,961,960,0,20,1,485,484,0.0,0.0012253650566731338,1,840,839,3,-1,4,6,0,356,686,127
442,0,101,1,879,878,0,11,1,332,331,0.0,0.0,1,1,0,5,-1,6,11,0,66,836,788
443,0,0,1,1,0,0,0,1,1,0,0.0,0.0,1,1,0,-1,-1,-1,14,0,154,942,976
444,16,117,599,916,317,26,26,526,526,0,0.00010211375472276115,0.00013615167296368154,484,516,32,5,4,4,7,5,362,124,788
445,13,219,565,961,396,32,40,543,596,53,0.00013615167296368154,0.0017018959120460194,515,871,356,3,4,4,8,5,260,710,73
446,27,27,797,797,0,18,18,669,669,0,0.0005446066918547262,0.0005446066918547262,725,725,0,-1,4,4,3,8,835,187,804
447,0,102,1,936,935,0,4,1,368,367,0.0,6.807583648184077e-05,1,463,462,4,-1,5,3,0,825,929,485
448,0,102,1,919,918,0,10,1,427,426,0.0,0.0007488342013002485,1,763,762,4,-1,5,5,1,644,792,375
449,2,208,360,967,607,6,16,370,486,116,0.0,0.0008169100377820892,1,780,779,3,5,4,4,1,567,593,137
450,16,118,603,920,317,28,28,683,683,0,0.00017018959120460194,0.0002042275094455223,537,562,25,4,3,3,3,2,731,223,572
451,43,659,760,992,232,90,100,703,751,48,0.0005105687736138058,0.001497668402600497,713,852,139,2,3,3,13,9,97,212,377
452,0,101,1,933,932,0,3,1,329,328,0.0,0.0,1,1,0,5,-1,6,3,0,826,919,748
453,6,212,411,961,550,36,36,572,572,0,0.00010211375472276115,0.000442492937131965,476,681,205,3,4,4,8,1,201,661,519
454,29,235,709,967,258,38,38,610,610,0,0.0005105687736138058,0.0009870996289866913,708,804,96,3,4,4,7,10,221,366,382
455,21,21,686,686,0,30,30,656,656,0,0.00030634126416828345,0.00030634126416828345,628,628,0,-1,4,4,5,6,311,4,883
456,0,102,1,921,920,0,6,1,379,378,0.0,0.00017018959120460194,1,546,545,4,-1,5,4,0,280,961,406
457,24,230,674,970,296,48,48,685,685,0,0.0006467204465774873,0.0007147962830593281,747,760,13,3,4,4,8,8,302,250,586
458,2,103,379,949,570,4,4,381,381,0,3.4037918240920386e-05,3.4037918240920386e-05,397,398,1,5,5,5,3,1,768,964,491
459,0,0,1,1,0,0,0,1,1,0,0.0,0.0,1,1,0,-1,-1,-1,2,0,734,996,806
460,2,103,368,941,573,7,7,415,415,0,0.0,3.4037918240920386e-05,1,399,398,5,5,5,4,2,794,654,416
461,6,108,417,909,492,22,22,532,532,0,3.4037918240920386e-05,6.807583648184077e-05,393,444,51,4,4,4,5,2,818,714,599
462,6,108,458,929,471,26,26,659,659,0,0.0004765308553728854,0.0005446066918547262,709,727,18,4,4,4,5,1,612,80,442
463,42,144,842,960,118,8,8,491,491,0,0.0010211375472276116,0.001055175465468532,825,830,5,4,4,4,2,15,970,138,394
464,7,109,579,962,383,8,8,552,552,0,0.00010211375472276115,0.001599782157323258,495,871,376,4,4,4,2,2,742,749,91
465,6,6,421,421,0,20,20,451,451,0,0.00017018959120460194,0.00017018959120460194,545,545,0,-1,4,4,8,2,428,805,974
466,20,226,631,959,328,50,50,609,609,0,0.0002382654276864427,0.0009530617107457708,590,798,208,3,4,4,9,6,287,379,240
467,73,175,861,953,92,54,54,763,763,0,0.0009870996289866913,0.0010892133837094523,792,806,14,4,3,3,7,9,525,294,437
468,359,359,991,991,0,72,72,974,974,0,0.0123557643214541,0.0123557643214541,989,989,0,-1,2,2,3,75,869,24,629
469,4,4,404,404,0,13,13,397,397,0,3.4037918240920386e-05,3.4037918240920386e-05,395,395,0,-1,5,5,7,5,346,464,665
470,10,112,609,950,341,8,8,505,505,0,0.00030634126416828345,0.00034037918240920387,642,653,11,4,4,4,2,5,896,454,152
471,0,0,1,1,0,0,0,1,1,0,0.0,0.0,1,1,0,-1,-1,-1,7,0,436,860,907
472,79,79,880,880,0,44,44,828,828,0,0.0015657442390823377,0.0015657442390823377,862,862,0,-1,3,3,4,14,354,243,745
473,0,102,1,951,950,0,3,1,386,385,0.0,0.0002723033459273631,1,629,628,4,-1,5,2,0,686,483,417
474,62,62,815,815,0,110,110,833,833,0,0.0014295925661186562,0.0014295925661186562,845,845,0,-1,2,2,11,3,188,616,826
475,75,75,838,838,0,158,158,815,815,0,0.0009530617107457708,0.0009530617107457708,800,800,0,-1,3,3,17,11,56,118,715
476,414,515,983,988,5,114,114,930,930,0,0.009564655025698629,0.009564655025698629,976,976,0,5,3,3,9,59,339,6,581
477,3,3,440,440,0,4,4,364,364,0,0.0,0.0,1,1,0,-1,5,5,3,2,826,430,836
478,4,4,464,464,0,4,4,443,443,0,0.0002723033459273631,0.0002723033459273631,622,622,0,-1,5,5,2,2,876,22,760
479,6,6,448,448,0,20,20,535,535,0,0.0002723033459273631,0.0002723033459273631,606,606,0,-1,4,4,6,1,399,840,988
480,49,151,806,932,126,50,50,776,776,0,0.0010892133837094523,0.0012594029749140542,817,834,17,4,3,3,5,10,238,272,797
481,7,109,449,873,424,42,42,405,405,0,0.0,0.0,1,1,0,4,4,4,21,5,54,225,652
482,0,102,1,908,907,0,7,1,358,357,0.0,3.4037918240920386e-05,1,402,401,4,-1,5,6,0,489,860,878
483,0,101,1,908,907,0,8,1,329,328,0.0,3.4037918240920386e-05,1,395,394,5,-1,6,8,0,323,514,654
484,107,723,888,997,109,76,80,871,898,27,0.0030634126416828346,0.009428503352734947,926,980,54,2,2,2,6,12,425,159,12
485,7,7,550,550,0,14,14,601,601,0,0.00013615167296368154,0.00013615167296368154,520,520,0,-1,4,4,3,2,640,628,824
486,0,0,1,1,0,0,0,1,1,0,0.0,0.0,1,1,0,-1,-1,-1,3,0,484,965,953
487,0,616,1,994,993,0,52,1,611,610,0.0,0.002552843868069029,1,908,907,2,-1,3,11,0,176,939,141
488,6,212,447,972,525,19,28,522,620,98,0.00010211375472276115,0.001497668402600497,503,861,358,3,4,4,6,1,657,394,45
489,25,231,777,980,203,12,12,616,616,0,0.0006467204465774873,0.0011913271384322134,750,838,88,3,4,4,2,6,734,295,253
490,661,763,991,994,3,256,256,978,978,0,0.00878178290615746,0.009088124170325743,975,975,0,4,2,2,13,81,115,32,645
491,29,235,703,965,262,56,56,668,668,0,0.0002723033459273631,0.0004765308553728854,615,694,79,3,3,3,9,4,367,504,653
492,0,0,1,1,0,0,0,1,1,0,0.0,0.0,1,1,0,-1,-1,-1,2,0,589,996,786
493,0,616,1,991,990,0,112,1,717,716,0.0,0.004016474352428605,1,945,944,2,-1,3,15,0,51,777,142
494,6,6,418,418,0,13,13,388,388,0,3.4037918240920386e-05,3.4037918240920386e-05,390,390,0,-1,4,4,8,3,301,676,388
495,2,103,350,896,546,13,13,378,378,0,0.0,0.0,1,1,0,5,5,5,8,1,317,601,484
496,26,128,747,943,196,18,18,637,637,0,0.0002723033459273631,0.00034037918240920387,601,642,41,4,4,4,3,10,577,262,597
497,12,12,589,589,0,8,8,473,473,0,0.00013615167296368154,0.00013615167296368154,511,511,0,-1,4,4,2,4,990,346,965
498,0,206,1,972,971,0,10,1,472,471,0.0,0.0008509479560230097,1,786,785,3,-1,4,3,0,585,894,413
499,115,115,925,925,0,56,56,841,841,0,0.0018040096667687805,0.0018040096667687805,875,875,0,-1,3,3,6,16,455,78,520
500,0,101,1,897,896,0,7,1,330,329,0.0,6.807583648184077e-05,1,439,438,5,-1,6,7,0,413,918,464
501,75,75,897,897,0,32,32,917,917,0,0.0025188059498281084,0.0025188059498281084,912,912,0,-1,3,3,2,12,983,58,834
502,18,224,617,963,346,52,52,689,689,0,6.807583648184077e-05,0.0006807583648184077,467,755,288,3,3,3,7,3,179,263,288
503,54,670,823,998,175,74,74,852,852,0,0.002586881786309949,0.004118588107151367,909,948,39,2,2,2,8,6,323,379,217
504,0,0,1,1,0,0,0,1,1,0,0.0,0.0,1,1,0,-1,-1,-1,2,0,884,968,921
505,142,243,967,983,16,44,44,913,913,0,0.005377991082065421,0.005377991082065421,960,960,0,6,3,3,4,31,754,34,421
506,0,0,1,1,0,0,0,1,1,0,0.0,0.0,1,1,0,-1,-1,-1,3,0,704,851,844
507,73,73,915,915,0,20,20,683,683,0,0.002382654276864427,0.002382654276864427,907,907,0,-1,4,4,4,20,738,109,772
508,41,142,812,947,135,56,56,853,853,0,0.0010211375472276116,0.0011232513019503727,804,817,13,5,3,3,6,6,664,471,755
509,2,208,356,962,606,9,23,357,479,122,0.0,0.0006126825283365669,1,740,739,3,5,4,8,3,440,484,306
510,1,103,333,910,577,8,10,333,367,34,0.0,6.807583648184077e-05,1,440,439,4,8,5,8,1,323,857,682
511,0,0,1,1,0,0,0,1,1,0,0.0,0.0,1,1,0,-1,-1,-1,9,1,263,456,782
512,9,9,600,600,0,12,12,680,680,0,0.0002042275094455223,0.0002042275094455223,588,588,0,-1,4,4,2,5,957,722,915
513,316,316,972,972,0,264,264,975,975,0,0.005718370264474625,0.005718370264474625,956,956,0,-1,2,2,16,30,78,75,953
514,6,108,398,893,495,22,25,417,440,23,0.0,0.0002382654276864427,1,589,588,4,4,4,11,1,248,623,212
515,0,0,1,1,0,0,0,1,1,0,0.0,0.0,1,1,0,-1,-1,-1,6,0,295,953,726
516,0,102,1,935,934,0,4,1,381,380,0.0,0.0,1,1,0,4,-1,5,3,0,530,696,369
517,0,102,1,888,887,0,10,1,380,379,0.0,0.00013615167296368154,1,507,506,4,-1,5,7,0,299,953,435
518,6,108,406,897,491,22,23,417,424,7,3.4037918240920386e-05,0.00013615167296368154,400,508,108,4,4,4,10,2,153,679,346
519,0,0,1,1,0,0,0,1,1,0,0.0,0.0,1,1,0,-1,-1,-1,2,0,805,808,954
520,6,212,508,980,472,8,12,540,632,92,6.807583648184077e-05,0.000442492937131965,462,706,244,3,4,4,2,1,469,623,525
521,3,105,456,952,496,3,4,388,414,26,3.4037918240920386e-05,0.0002042275094455223,405,566,161,4,5,5,2,3,809,585,370
522,4,106,485,958,473,4,4,451,451,0,0.00013615167296368154,0.000442492937131965,514,702,188,4,5,5,2,5,890,395,150
523,6,622,419,995,576,26,44,524,703,179,0.00017018959120460194,0.0020422750944552232,529,881,352,2,4,3,7,2,141,652,475
524,379,379,980,980,0,236,236,978,978,0,0.006126825283365669,0.006126825283365669,965,965,0,-1,2,2,13,54,41,28,514
525,20,20,723,723,0,12,12,612,612,0,0.0005446066918547262,0.0005446066918547262,725,725,0,-1,4,4,2,5,849,562,324
526,30,132,794,950,156,28,28,819,819,0,0.0007828721195411688,0.001157289220191293,768,828,60,4,3,3,3,4,716,246,404
527,24,230,714,974,260,32,40,697,746,49,0.00037441710065012424,0.0019061234214915416,671,885,214,3,3,3,5,3,665,301,109
528,27,129,860,980,120,8,8,687,687,0,0.0013274788113958951,0.004322815616596889,862,956,94,4,4,4,2,11,944,166,21
529,80,182,861,954,93,88,88,862,862,0,0.0012594029749140542,0.0013274788113958951,832,841,9,4,3,3,8,9,420,130,244
530,1,103,332,944,612,2,4,332,435,103,0.0,0.00030634126416828345,1,631,630,4,7,5,2,2,929,582,312
531,9,215,600,980,380,8,8,511,511,0,6.807583648184077e-05,0.0012934408931549745,451,849,398,3,4,4,2,6,838,392,99
532,0,206,1,942,941,0,43,1,417,416,0.0,0.00034037918240920387,1,644,643,3,-1,4,19,0,36,715,422
533,16,16,509,509,0,69,69,518,518,0,0.0,0.0,1,1,0,-1,3,3,18,1,69,506,431
534,86,292,922,986,64,22,22,798,798,0,0.003880322679464924,0.004595118962524252,945,955,10,3,3,3,2,29,881,142,399
535,0,102,1,886,885,0,11,1,364,363,0.0,6.807583648184077e-05,1,450,449,4,-1,5,9,0,327,817,597
536,0,102,1,889,888,0,15,1,373,372,0.0,0.0002382654276864427,1,587,586,4,-1,5,11,0,379,855,409
537,795,795,997,997,0,198,198,984,984,0,0.013104598522754349,0.013104598522754349,984,984,0,-1,2,2,10,96,310,1,956
538,12,114,521,902,381,33,33,488,488,0,0.00034037918240920387,0.0006126825283365669,638,728,90,4,4,4,11,3,333,496,286
539,0,102,1,908,907,0,9,1,363,362,0.0,0.0,1,1,0,4,-1,5,7,0,398,808,463
540,17,17,617,617,0,38,38,599,599,0,0.0002042275094455223,0.0002042275094455223,574,574,0,-1,4,4,7,6,678,486,892
541,1,207,333,961,628,7,17,333,468,135,0.00010211375472276115,0.0004765308553728854,486,706,220,3,6,4,7,2,722,292,217
542,0,102,1,939,938,0,5,1,402,401,0.0,0.00010211375472276115,1,494,493,4,-1,5,3,1,708,962,468
543,0,101,1,926,925,0,4,1,332,331,0.0,3.4037918240920386e-05,1,406,405,6,-1,7,4,1,461,539,603
544,63,269,853,977,124,38,38,820,820,0,0.0013615167296368155,0.001497668402600497,841,850,9,3,3,3,3,20,778,189,609
545,37,139,754,922,168,64,64,738,738,0,0.0004765308553728854,0.0004765308553728854,691,691,0,4,3,3,9,9,250,293,214
546,0,102,1,940,939,0,4,1,418,417,0.0,0.00088498587426393,1,796,795,4,-1,5,2,1,980,962,148
547,0,0,1,1,0,0,0,1,1,0,0.0,0.0,1,1,0,-1,-1,-1,5,0,552,894,672
548,0,0,1,1,0,0,0,1,1,0,0.0,0.0,1,1,0,-1,-1,-1,5,0,602,951,778
549,0,102,1,894,893,0,10,1,365,364,0.0,3.4037918240920386e-05,1,404,403,4,-1,5,8,0,231,847,463
550,16,117,544,898,354,35,35,454,454,0,0.00013615167296368154,0.00013615167296368154,517,517,0,6,4,4,14,4,47,210,861
551,0,0,1,1,0,0,0,1,1,0,0.0,0.0,1,1,0,-1,-1,-1,5,0,347,804,588
552,5,5,531,531,0,4,4,487,487,0,0.0002382654276864427,0.0002382654276864427,614,614,0,-1,5,5,2,6,981,447,865
553,0,0,1,1,0,0,0,1,1,0,0.0,0.0,1,1,0,-1,-1,-1,4,0,493,965,488
554,8,8,536,536,0,22,22,618,618,0,6.807583648184077e-05,6.807583648184077e-05,460,460,0,-1,4,4,5,3,744,300,978
555,66,66,903,903,0,28,28,846,846,0,0.0015657442390823377,0.0015657442390823377,876,876,0,-1,3,3,3,17,535,96,940
556,23,23,853,853,0,8,8,730,730,0,0.001055175465468532,0.001055175465468532,841,841,0,-1,4,4,2,17,952,213,973
557,76,178,859,953,94,62,62,790,790,0,0.0013955546478777359,0.0016338200755641784,842,859,17,4,3,3,7,12,400,179,191
558,6,6,400,400,0,21,21,377,377,0,0.0,0.0,1,1,0,-1,4,4,15,2,102,331,997
559,6,108,457,930,473,14,14,482,482,0,6.807583648184077e-05,0.00030634126416828345,445,636,191,4,4,4,5,1,517,322,677
560,0,101,1,980,979,0,2,1,329,328,0.0,0.00010211375472276115,1,509,508,5,-1,6,2,0,955,696,556
561,0,206,1,975,974,0,12,1,598,597,0.0,0.0015317063208414173,1,865,864,3,-1,4,2,0,926,824,42
562,6,622,414,994,580,14,38,404,613,209,0.00013615167296368154,0.0018720855032506212,503,871,368,2,5,3,8,4,308,398,89
563,58,674,799,991,192,74,114,613,810,197,0.0013274788113958951,0.0035739814152966403,846,940,94,2,2,2,12,4,239,210,151
564,8,109,576,950,374,10,10,531,531,0,6.807583648184077e-05,6.807583648184077e-05,454,454,0,5,4,4,3,3,569,536,460
565,6,6,430,430,0,16,16,505,505,0,0.0002042275094455223,0.0002042275094455223,570,570,0,-1,4,4,4,3,235,309,742
566,25,25,669,669,0,100,100,816,816,0,0.0009190237925048504,0.0009190237925048504,792,792,0,-1,3,3,10,5,310,355,723
567,72,278,895,985,90,22,22,778,778,0,0.001497668402600497,0.003369753905851118,868,935,67,3,3,3,2,13,925,261,153
568,0,206,1,967,966,0,16,1,506,505,0.0,0.00013615167296368154,1,512,511,3,-1,4,5,1,476,693,101
569,0,0,1,1,0,0,0,1,1,0,0.0,0.0,1,1,0,-1,-1,-1,5,0,765,614,539
570,10,112,598,942,344,8,8,492,492,0,0.00030634126416828345,0.0007147962830593281,638,766,128,4,4,4,2,3,926,307,83
571,1,102,331,958,627,3,3,331,331,0,0.0,3.4037918240920386e-05,1,402,401,6,9,7,3,1,668,647,781
572,1,1,330,330,0,9,9,330,330,0,0.0,0.0,1,1,0,-1,6,6,9,1,276,437,898
573,19,120,735,952,217,12,12,611,611,0,0.0004765308553728854,0.0004765308553728854,712,712,0,5,4,4,2,10,977,266,560
574,12,114,625,944,319,12,12,658,658,0,0.0002382654276864427,0.00037441710065012424,603,669,66,4,4,4,2,6,705,379,188
575,0,0,1,1,0,0,0,1,1,0,0.0,0.0,1,1,0,-1,-1,-1,3,0,634,200,823
576,0,102,1,960,959,0,4,1,438,437,0.0,0.00034037918240920387,1,664,663,4,-1,5,2,0,997,635,759
577,12,114,471,872,401,118,118,630,630,0,0.0004084550188910446,0.0005786446100956465,655,709,54,4,4,4,23,3,57,197,862
578,0,206,1,970,969,0,10,1,435,434,0.0,6.807583648184077e-05,1,443,442,3,-1,4,5,0,452,910,361
579,0,616,1,997,996,0,24,1,505,504,0.0,0.0005105687736138058,1,707,706,2,-1,3,8,0,270,851,531
580,362,362,990,990,0,84,84,976,976,0,0.010790020082371761,0.010790020082371761,984,984,0,-1,2,2,5,75,629,24,790
581,0,0,1,1,0,0,0,1,1,0,0.0,0.0,1,1,0,-1,-1,-1,2,0,895,707,685
582,0,102,1,939,938,0,5,1,402,401,0.0,0.00013615167296368154,1,521,520,4,-1,5,3,1,708,789,424
583,62,268,799,959,160,100,100,727,727,0,0.001055175465468532,0.001157289220191293,800,813,13,3,3,3,14,10,181,195,410
584,8,214,487,955,468,21,27,408,445,37,0.00010211375472276115,0.00030634126416828345,478,628,150,3,4,4,10,2,298,602,302
585,0,206,1,951,950,0,32,1,444,443,0.0,0.0005446066918547262,1,706,705,3,-1,4,12,0,58,359,216
586,0,0,1,1,0,0,0,1,1,0,0.0,0.0,1,1,0,-1,-1,-1,7,0,214,845,780
587,22,124,650,909,259,39,39,589,589,0,0.0002042275094455223,0.0002723033459273631,563,603,40,4,3,3,9,2,389,586,599
588,12,114,526,906,380,32,32,510,510,0,3.4037918240920386e-05,0.00010211375472276115,402,468,66,4,4,4,8,3,244,361,704
589,13,219,549,961,412,23,28,432,464,32,0.00010211375472276115,0.00034037918240920387,477,634,157,3,4,4,10,5,409,274,199
590,0,206,1,948,947,0,36,1,450,449,0.0,0.0002723033459273631,1,598,597,3,-1,4,14,0,172,859,422
591,0,101,1,912,911,0,3,1,331,330,0.0,0.0,1,1,0,8,-1,9,3,0,892,970,857
592,20,20,736,736,0,12,12,586,586,0,0.00013615167296368154,0.00013615167296368154,516,516,0,-1,4,4,2,4,596,259,685
593,0,616,1,997,996,0,32,1,697,696,0.0,0.002382654276864427,1,900,899,2,-1,3,5,0,467,349,133
594,0,102,1,916,915,0,6,1,379,378,0.0,0.00010211375472276115,1,484,483,4,-1,5,4,1,304,835,214
595,24,24,707,707,0,26,26,613,613,0,0.0002042275094455223,0.0002042275094455223,569,569,0,-1,4,4,5,4,561,259,892
596,17,119,654,935,281,36,36,734,734,0,0.00013615167296368154,0.00037441710065012424,519,661,142,4,3,3,5,3,561,541,391
597,6,108,444,927,483,16,16,528,528,0,0.00013615167296368154,0.0005105687736138058,520,718,198,4,4,4,4,4,649,409,447
598,16,222,552,952,400,102,102,789,789,0,0.0005105687736138058,0.0005786446100956465,696,712,16,3,3,3,12,1,143,759,581
599,1,1,332,332,0,5,5,332,332,0,0.0,0.0,1,1,0,-1,6,6,5,2,695,331,825
600,84,700,877,996,119,90,90,864,864,0,0.0024507301133462676,0.004152626025392287,903,943,40,2,2,2,9,13,278,217,58
601,16,118,671,941,270,18,18,662,662,0,0.0002723033459273631,0.0006467204465774873,619,749,130,4,4,4,3,6,745,494,432
602,23,23,640,640,0,86,86,670,670,0,0.00030634126416828345,0.00030634126416828345,630,630,0,-1,3,3,14,3,79,291,980
603,4,210,448,977,529,4,8,413,499,86,0.00017018959120460194,0.0010211375472276116,554,823,269,3,5,4,2,4,880,398,207
604,6,212,377,947,570,74,110,507,634,127,3.4037918240920386e-05,0.0016338200755641784,403,862,459,3,4,4,21,2,12,325,153
605,0,102,1,893,892,0,8,1,364,363,0.0,0.00013615167296368154,1,524,523,4,-1,5,6,0,432,638,279
606,6,108,441,917,476,14,14,467,467,0,0.00013615167296368154,0.00030634126416828345,510,624,114,4,4,4,5,3,407,410,214
607,1,102,333,931,598,2,2,333,333,0,0.0,0.00013615167296368154,1,518,517,5,6,6,2,1,763,640,307
608,28,234,659,950,291,70,74,569,576,7,0.00017018959120460194,0.0004765308553728854,540,683,143,3,3,3,16,6,195,447,476
609,538,1138,994,1000,6,96,96,967,967,0,0.012594029749140543,0.014500153170632085,987,988,1,2,3,3,6,91,575,7,139
610,1,102,331,974,643,2,2,331,331,0,6.807583648184077e-05,0.00010211375472276115,453,484,31,5,6,6,2,2,973,575,321
611,9,111,544,926,382,14,14,454,454,0,3.4037918240920386e-05,6.807583648184077e-05,396,456,60,4,4,4,5,3,247,526,441
612,20,20,726,726,0,48,48,949,949,0,0.0012934408931549745,0.0012934408931549745,844,844,0,-1,3,3,3,5,902,355,706
613,0,206,1,940,939,0,60,1,492,491,0.0,0.00034037918240920387,1,641,640,3,-1,4,19,0,48,872,194
614,1,207,333,950,617,11,25,333,428,95,0.0,0.0004084550188910446,1,673,672,3,7,4,11,2,307,582,435
615,1,207,333,970,637,4,11,333,451,118,0.0,0.00013615167296368154,1,520,519,3,6,4,4,1,741,140,666
616,245,861,977,999,22,60,70,902,928,26,0.007147962830593281,0.010960209673576363,974,984,10,2,3,3,5,34,669,20,312
617,41,143,838,959,121,18,18,710,710,0,0.0009190237925048504,0.001055175465468532,803,829,26,4,4,4,3,9,961,130,248
618,49,151,813,941,128,50,50,739,739,0,0.00088498587426393,0.001055175465468532,784,811,27,4,3,3,7,9,196,198,208
619,0,206,1,954,953,0,36,1,515,514,0.0,0.00088498587426393,1,776,775,3,-1,4,10,1,169,428,54
620,12,12,562,562,0,24,24,634,634,0,0.00010211375472276115,0.00010211375472276115,486,486,0,-1,4,4,4,3,762,505,921
621,14,116,532,904,372,35,36,464,477,13,0.00010211375472276115,0.0002042275094455223,473,576,103,4,4,4,12,3,58,596,313
622,6,107,553,968,415,8,8,638,638,0,0.00010211375472276115,0.00013615167296368154,482,527,45,6,4,4,2,1,933,870,543
623,22,228,628,960,332,44,48,573,589,16,0.00037441710065012424,0.0006126825283365669,649,723,74,3,3,3,9,3,381,196,368
624,0,102,1,959,958,0,4,1,390,389,0.0,0.00017018959120460194,1,553,552,4,-1,5,3,0,852,750,500
625,8,624,576,999,423,8,18,514,790,276,6.807583648184077e-05,0.0032336022328874367,441,934,493,2,4,3,2,3,924,585,352
626,6,6,402,402,0,42,42,515,515,0,3.4037918240920386e-05,3.4037918240920386e-05,405,405,0,-1,4,4,11,1,150,531,844
627,20,121,632,916,284,52,52,724,724,0,0.0004084550188910446,0.0004084550188910446,661,661,0,5,3,3,7,5,209,619,721
628,78,284,864,973,109,78,78,843,843,0,0.00176997174852786,0.0018380475850097008,876,879,3,3,2,2,8,13,201,120,300
629,6,6,512,512,0,8,8,549,549,0,0.0002042275094455223,0.0002042275094455223,572,572,0,-1,4,4,2,1,878,727,855
630,0,101,1,911,910,0,4,1,332,331,0.0,0.0,1,1,0,5,-1,6,4,0,622,713,861
631,173,273,960,978,18,112,112,993,993,0,0.007250076585316042,0.007420266176520644,974,974,0,4,2,2,4,22,512,116,677
632,10,216,497,951,454,36,56,481,582,101,0.00034037918240920387,0.0019061234214915416,644,875,231,3,4,4,12,3,184,353,15
633,1,1,332,332,0,2,2,332,332,0,0.0,0.0,1,1,0,-1,6,6,2,1,723,603,786
634,18,224,624,965,341,44,44,660,660,0,0.00013615167296368154,0.0002723033459273631,526,614,88,3,3,3,7,3,678,300,454
635,10,626,486,990,504,58,76,539,612,73,0.00017018959120460194,0.001497668402600497,529,850,321,2,4,3,13,5,115,710,84
636,0,0,1,1,0,0,0,1,1,0,0.0,0.0,1,1,0,-1,-1,-1,19,0,19,812,747
637,0,0,1,1,0,0,0,1,1,0,0.0,0.0,1,1,0,-1,-1,-1,7,1,171,513,994
638,0,0,1,1,0,0,0,1,1,0,0.0,0.0,1,1,0,-1,-1,-1,7,0,321,901,944
639,0,206,1,975,974,0,12,1,585,584,0.0,0.0009190237925048504,1,815,814,3,-1,4,2,0,763,952,64
640,14,14,590,590,0,28,28,531,531,0,0.00013615167296368154,0.00013615167296368154,520,520,0,-1,4,4,8,3,449,307,254
641,0,0,1,1,0,0,0,1,1,0,0.0,0.0,1,1,0,-1,-1,-1,4,0,304,883,875
642,2,104,358,913,555,9,9,379,379,0,0.0,0.0002042275094455223,1,568,567,4,5,5,6,1,587,896,409
643,0,101,1,911,910,0,6,1,332,331,0.0,0.0,1,1,0,8,-1,9,6,0,405,887,765
644,0,206,1,988,987,0,8,1,599,598,0.0,0.0014295925661186562,1,862,861,3,-1,4,2,0,963,914,171
645,21,21,737,737,0,12,12,615,615,0,0.00017018959120460194,0.00017018959120460194,566,566,0,-1,4,4,2,5,983,274,834
646,14,14,640,640,0,12,12,600,600,0,0.0007147962830593281,0.0007147962830593281,771,771,0,-1,4,4,2,3,925,103,841
647,0,101,1,942,941,0,2,1,330,329,0.0,0.0,1,1,0,5,-1,6,2,1,983,947,292
648,6,108,380,869,489,39,39,396,396,0,0.00013615167296368154,0.00013615167296368154,506,506,0,4,4,4,21,1,74,899,509
649,2,104,362,920,558,5,7,362,385,23,3.4037918240920386e-05,0.00030634126416828345,408,633,225,4,5,5,4,4,641,595,427
650,6,108,436,918,482,14,14,473,473,0,6.807583648184077e-05,0.00010211375472276115,450,495,45,4,4,4,5,1,338,592,659
651,0,102,1,935,934,0,4,1,371,370,0.0,0.00010211375472276115,1,480,479,4,-1,5,3,0,639,859,567
652,8,624,556,999,443,4,28,367,813,446,6.807583648184077e-05,0.00881582082439838,456,979,523,2,5,3,3,4,699,444,31
653,22,123,666,919,253,52,52,722,722,0,0.0009870996289866913,0.0009870996289866913,806,806,0,5,3,3,7,3,466,559,547
654,40,142,843,964,121,12,12,641,641,0,0.0009870996289866913,0.0017018959120460194,811,873,62,4,4,4,2,12,986,99,277
655,75,176,954,987,33,46,46,992,992,0,0.022465026039007456,0.02294155689438034,997,998,1,5,2,2,2,15,872,206,46
656,6,108,429,909,480,16,16,459,459,0,0.00013615167296368154,0.0002042275094455223,505,558,53,4,4,4,6,3,356,309,419
657,0,101,1,924,923,0,5,1,329,328,0.0,3.4037918240920386e-05,1,410,409,5,-1,6,5,0,629,754,437
658,8,109,533,927,394,16,16,492,492,0,0.0002723033459273631,0.0002723033459273631,616,616,0,6,4,4,4,2,445,383,357
659,16,632,586,993,407,29,66,535,773,238,6.807583648184077e-05,0.002484768031587188,448,910,462,2,3,3,8,1,301,558,109
660,9,111,586,933,347,16,16,554,554,0,0.00017018959120460194,0.0005786446100956465,549,726,177,4,4,4,4,3,706,536,170
661,100,201,897,963,66,38,38,806,806,0,0.0015317063208414173,0.0015317063208414173,857,857,0,7,3,3,3,15,634,92,469
662,0,0,1,1,0,0,0,1,1,0,0.0,0.0,1,1,0,-1,-1,-1,13,0,41,716,539
663,1,102,331,974,643,2,2,331,331,0,0.0,3.4037918240920386e-05,1,410,409,5,9,6,2,2,944,448,935
664,27,129,728,938,210,25,26,685,704,19,0.0002382654276864427,0.0007828721195411688,595,790,195,4,3,3,4,5,949,528,759
665,63,679,849,997,148,82,92,871,898,27,0.001497668402600497,0.00439089145307873,850,952,102,2,3,3,7,15,171,151,126
666,288,390,969,979,10,190,190,915,915,0,0.0042547397801150485,0.004322815616596889,948,948,0,4,3,3,15,38,65,111,401
667,0,206,1,972,971,0,12,1,566,565,0.0,0.0026209197045508697,1,918,917,3,-1,4,2,3,905,753,56
668,85,85,868,868,0,68,68,776,776,0,0.001497668402600497,0.001497668402600497,844,844,0,-1,3,3,8,15,383,206,818
669,28,234,803,984,181,12,12,780,780,0,0.0012253650566731338,0.0017359338302869397,841,883,42,3,4,4,2,11,821,249,150
670,6,107,381,877,496,50,50,516,516,0,0.0002382654276864427,0.0002382654276864427,577,577,0,6,4,4,13,1,92,500,469
671,0,206,1,960,959,0,22,1,425,424,0.0,0.0004765308553728854,1,696,695,3,-1,4,10,0,427,201,249
672,2,2,347,347,0,25,25,380,380,0,0.0,0.0,1,1,0,-1,5,5,16,2,151,885,912
673,14,14,587,587,0,17,17,512,512,0,3.4037918240920386e-05,3.4037918240920386e-05,411,411,0,-1,4,4,5,3,338,311,696
674,547,648,1000,1000,0,56,56,987,987,0,0.026141121209026855,0.026141121209026855,998,998,0,5,2,2,2,157,951,2,560
675,28,130,825,967,142,34,34,946,946,0,0.00176997174852786,0.0019741992579733825,885,897,12,4,3,3,3,10,915,366,328
676,0,102,1,911,910,0,6,1,361,360,0.0,3.4037918240920386e-05,1,403,402,4,-1,5,5,0,667,620,592
677,164,266,935,970,35,100,100,824,824,0,0.0025188059498281084,0.002586881786309949,908,910,2,4,3,3,10,27,75,61,755
678,58,58,839,839,0,60,60,852,852,0,0.0020763130126961434,0.0020763130126961434,882,882,0,-1,2,2,5,8,571,132,905
679,0,206,1,949,948,0,20,1,384,383,0.0,0.00010211375472276115,1,475,474,3,-1,4,12,0,184,669,791
680,0,206,1,965,964,0,11,1,402,401,0.0,0.0002382654276864427,1,588,587,3,-1,4,6,0,441,974,703
681,0,206,1,971,970,0,12,1,480,479,0.0,0.0009530617107457708,1,807,806,3,-1,4,4,0,424,426,399
682,0,206,1,960,959,0,32,1,503,502,0.0,0.0004084550188910446,1,678,677,3,-1,4,10,0,161,979,490
683,0,206,1,952,951,0,28,1,481,480,0.0,0.0002723033459273631,1,601,600,3,-1,4,9,0,316,751,619
684,0,102,1,943,942,0,4,1,420,419,0.0,6.807583648184077e-05,1,458,457,4,-1,5,2,0,919,941,553
685,10,10,624,624,0,4,4,414,414,0,0.0005446066918547262,0.0005446066918547262,729,729,0,-1,5,5,2,7,841,303,358
686,2,2,364,364,0,3,3,365,365,0,6.807583648184077e-05,6.807583648184077e-05,462,462,0,-1,5,5,2,1,747,607,784
687,1,103,333,921,588,5,6,333,364,31,0.0,3.4037918240920386e-05,1,398,397,4,6,5,5,1,691,540,579
688,6,6,411,411,0,18,18,440,440,0,0.0,0.0,1,1,0,-1,4,4,8,1,309,552,884
689,0,0,1,1,0,0,0,1,1,0,0.0,0.0,1,1,0,-1,-1,-1,5,0,487,783,669
690,0,0,1,1,0,0,0,1,1,0,0.0,0.0,1,1,0,-1,-1,-1,6,3,369,753,790
691,0,206,1,947,946,0,29,1,407,406,0.0,0.0005446066918547262,1,702,701,3,-1,4,15,0,102,812,467
692,18,120,718,952,234,20,20,806,806,0,0.0010892133837094523,0.0020763130126961434,830,890,60,4,3,3,3,2,693,576,193
693,44,44,777,777,0,74,74,768,768,0,0.00037441710065012424,0.00037441710065012424,661,661,0,-1,3,3,9,7,274,134,822
694,20,20,805,805,0,8,8,615,615,0,0.0006467204465774873,0.0006467204465774873,764,764,0,-1,4,4,2,14,866,175,783
695,0,616,1,997,996,0,44,1,827,826,0.0,0.005071649817897137,1,959,958,2,-1,3,4,0,354,701,75
696,40,40,746,746,0,64,64,694,694,0,0.0007828721195411688,0.0007828721195411688,768,768,0,-1,3,3,9,8,381,345,686
697,122,224,901,960,59,128,128,930,930,0,0.0028591851322373124,0.002927260968719153,923,925,2,4,2,2,9,11,381,166,527
698,6,108,466,935,469,20,20,642,642,0,0.00034037918240920387,0.0004084550188910446,654,678,24,4,4,4,4,1,696,282,722
699,31,133,860,977,117,12,12,759,759,0,0.0023486163586235067,0.0025188059498281084,913,918,5,4,4,4,2,12,782,104,541
700,0,206,1,975,974,0,8,1,458,457,0.0,6.807583648184077e-05,1,448,447,3,-1,4,3,1,901,568,718
701,6,6,434,434,0,26,26,657,657,0,0.0005105687736138058,0.0005105687736138058,711,711,0,-1,4,4,5,1,476,404,624
702,0,206,1,967,966,0,11,1,433,432,0.0,0.00010211375472276115,1,494,493,3,-1,4,5,0,438,488,544
703,0,102,1,962,961,0,3,1,403,402,0.0,6.807583648184077e-05,1,461,460,4,-1,5,2,0,788,863,378
704,4,106,468,946,478,3,4,381,435,54,0.00010211375472276115,0.0012934408931549745,487,853,366,4,5,5,2,4,929,398,72
705,68,169,868,958,90,50,50,841,841,0,0.002382654276864427,0.002382654276864427,908,908,0,8,3,3,5,15,565,151,647
706,0,206,1,971,970,0,8,1,472,471,0.0,0.00088498587426393,1,804,803,3,-1,4,2,0,990,963,59
707,358,564,989,996,7,64,64,962,962,0,0.010211375472276116,0.011266550937744648,982,986,4,3,3,3,4,78,543,9,137
708,0,0,1,1,0,0,0,1,1,0,0.0,0.0,1,1,0,-1,-1,-1,3,0,530,635,903
709,30,131,726,933,207,26,26,522,522,0,0.00034037918240920387,0.00034037918240920387,643,643,0,5,4,4,7,8,364,417,734
710,152,768,907,992,85,198,208,863,881,18,0.0019061234214915416,0.004220701861874128,873,948,75,2,2,2,19,15,11,62,123
711,36,138,780,939,159,38,38,771,771,0,0.00030634126416828345,0.0004765308553728854,634,698,64,4,3,3,5,4,669,259,107
712,2,103,361,918,557,4,4,388,388,0,0.00010211375472276115,0.00010211375472276115,485,485,0,7,5,5,2,1,859,360,972
713,2,2,362,362,0,7,7,397,397,0,0.00010211375472276115,0.00010211375472276115,489,489,0,-1,5,5,4,2,649,597,715
714,591,693,993,994,1,120,120,973,973,0,0.011947309302563056,0.011947309302563056,986,986,0,4,2,2,6,83,312,10,595
715,298,399,971,981,10,150,150,949,949,0,0.004833384390210695,0.004833384390210695,948,948,0,5,2,2,11,49,174,51,771
716,0,102,1,927,926,0,7,1,404,403,0.0,0.0002382654276864427,1,604,603,4,-1,5,4,0,423,651,619
717,14,220,548,958,410,30,34,488,506,18,0.00030634126416828345,0.0004084550188910446,630,675,45,3,4,4,9,3,327,353,259
718,0,0,1,1,0,0,0,1,1,0,0.0,0.0,1,1,0,-1,-1,-1,19,0,46,571,898
719,16,222,549,955,406,54,54,572,572,0,0.0002042275094455223,0.0005105687736138058,577,702,125,3,3,3,12,1,58,810,316
720,28,130,751,947,196,44,44,805,805,0,0.0009530617107457708,0.0013615167296368155,808,847,39,4,3,3,4,7,445,224,131
721,85,291,935,991,56,12,12,691,691,0,0.003437829742332959,0.0042547397801150485,937,954,17,3,4,4,2,25,967,105,179
722,0,206,1,958,957,0,15,1,410,409,0.0,0.00013615167296368154,1,515,514,3,-1,4,8,0,488,919,492
723,211,211,956,956,0,152,152,930,930,0,0.0030634126416828346,0.0030634126416828346,922,922,0,-1,3,3,12,28,375,44,822
724,429,629,999,1000,1,32,32,965,965,0,0.01746145205759216,0.02188638142891181,993,995,2,3,3,3,2,130,997,3,5
725,30,236,709,961,252,36,40,588,614,26,0.0005105687736138058,0.0009530617107457708,705,799,94,3,3,3,7,5,296,124,169
726,12,12,485,485,0,74,74,545,545,0,0.0002042275094455223,0.0002042275094455223,556,556,0,-1,4,4,15,2,77,682,436
727,0,0,1,1,0,0,0,1,1,0,0.0,0.0,1,1,0,-1,-1,-1,4,0,619,489,874
728,32,238,729,968,239,62,62,760,760,0,0.00037441710065012424,0.000442492937131965,649,677,28,3,3,3,7,2,366,827,339
729,123,329,916,977,61,98,98,892,892,0,0.002552843868069029,0.0033357159876101976,906,928,22,3,3,3,8,20,199,94,130
730,7,213,496,962,466,17,24,420,478,58,6.807583648184077e-05,0.0007147962830593281,445,752,307,3,4,4,8,3,383,761,414
731,152,254,949,974,25,54,54,889,889,0,0.0030293747234419145,0.003199564314646516,921,923,2,4,3,3,4,28,622,44,741
732,2,2,350,350,0,11,11,371,371,0,0.0,0.0,1,1,0,-1,5,5,8,3,199,748,428
733,1,103,330,916,586,4,5,330,359,29,3.4037918240920386e-05,0.00010211375472276115,399,494,95,4,6,5,4,1,949,893,325
734,0,102,1,925,924,0,8,1,423,422,0.0,0.000442492937131965,1,694,693,4,-1,5,4,0,403,951,175
735,0,206,1,965,964,0,18,1,503,502,0.0,0.0009530617107457708,1,795,794,3,-1,4,6,0,455,960,186
736,0,206,1,954,953,0,22,1,429,428,0.0,0.00037441710065012424,1,661,660,3,-1,4,10,0,258,983,233
737,6,212,429,968,539,20,20,546,546,0,0.00013615167296368154,0.0006467204465774873,515,747,232,3,4,4,4,3,500,309,169
738,0,0,1,1,0,0,0,1,1,0,0.0,0.0,1,1,0,-1,-1,-1,2,0,987,817,911
739,6,6,475,475,0,12,12,522,522,0,3.4037918240920386e-05,3.4037918240920386e-05,401,401,0,-1,4,4,4,1,811,904,850
740,47,47,800,800,0,60,60,835,835,0,0.0012253650566731338,0.0012253650566731338,833,833,0,-1,3,3,5,7,238,399,849
741,30,30,748,748,0,30,30,652,652,0,0.0010211375472276116,0.0010211375472276116,806,806,0,-1,4,4,5,7,479,218,980
742,6,6,396,396,0,27,27,430,430,0,0.0,0.0,1,1,0,-1,4,4,12,1,93,577,867
743,0,101,1,908,907,0,5,1,332,331,0.0,6.807583648184077e-05,1,435,434,5,-1,6,5,0,506,864,441
744,0,102,1,919,918,0,6,1,376,375,0.0,0.0002042275094455223,1,562,561,4,-1,5,4,0,709,820,368
745,0,102,1,920,919,0,6,1,409,408,0.0,0.0002723033459273631,1,621,620,4,-1,5,3,0,836,777,610
746,0,0,1,1,0,0,0,1,1,0,0.0,0.0,1,1,0,-1,-1,-1,2,0,881,976,583
747,0,102,1,898,897,0,8,1,351,350,0.0,3.4037918240920386e-05,1,402,401,4,-1,5,7,0,472,883,523
748,12,12,726,726,0,8,8,641,641,0,0.00037441710065012424,0.00037441710065012424,681,681,0,-1,4,4,2,6,782,368,914
749,52,52,848,848,0,56,56,886,886,0,0.001055175465468532,0.001055175465468532,821,821,0,-1,3,3,6,12,661,163,779
750,1,207,332,978,646,3,10,332,530,198,0.0,0.0028932230504782326,1,922,921,3,6,4,3,1,600,896,76
751,2,208,352,954,602,12,28,358,462,104,0.0,0.00034037918240920387,1,639,638,3,5,4,10,2,105,692,178
752,0,101,1,943,942,0,3,1,332,331,0.0,0.00010211375472276115,1,492,491,5,-1,6,3,2,840,752,319
753,0,0,1,1,0,0,0,1,1,0,0.0,0.0,1,1,0,-1,-1,-1,17,0,39,991,915
754,0,102,1,913,912,0,9,1,379,378,0.0,0.00017018959120460194,1,544,543,4,-1,5,6,0,575,200,869
755,0,101,1,937,936,0,2,1,331,330,0.0,3.4037918240920386e-05,1,400,399,5,-1,6,2,0,976,994,654
756,0,101,1,953,952,0,2,1,331,330,0.0,3.4037918240920386e-05,1,409,408,5,-1,6,2,3,967,753,512
757,11,113,639,953,314,9,9,542,542,0,0.00034037918240920387,0.0008509479560230097,661,788,127,4,4,4,3,6,911,613,412
758,1,207,333,969,636,4,11,333,446,113,0.0,0.0002042275094455223,1,570,569,3,6,4,4,1,736,603,363
759,0,206,1,973,972,0,11,1,487,486,0.0,0.000442492937131965,1,690,689,3,-1,4,4,0,696,548,211
760,1,102,332,928,596,2,2,332,332,0,0.0,0.0,1,1,0,5,6,6,2,1,752,606,639
761,51,51,832,832,0,56,56,873,873,0,0.0008509479560230097,0.0008509479560230097,782,782,0,-1,3,3,5,8,605,187,844
762,126,126,921,921,0,134,134,955,955,0,0.0026889955410327104,0.0026889955410327104,904,904,0,-1,2,2,10,19,243,297,483
763,0,206,1,943,942,0,55,1,470,469,0.0,0.0006467204465774873,1,733,732,3,-1,4,21,0,2,423,377
764,2,2,370,370,0,4,4,400,400,0,0.00017018959120460194,0.00017018959120460194,546,546,0,-1,5,5,2,1,761,891,926
765,6,212,387,948,561,66,74,522,547,25,6.807583648184077e-05,6.807583648184077e-05,451,451,0,3,4,4,17,2,10,714,168
766,47,47,795,795,0,62,62,729,729,0,0.0004084550188910446,0.0004084550188910446,667,667,0,-1,3,3,7,11,296,52,695
767,66,168,845,947,102,98,98,894,894,0,0.0014295925661186562,0.0014636304843595766,848,850,2,4,2,2,9,7,278,169,743
768,276,276,977,977,0,88,88,958,958,0,0.0068075836481840775,0.0068075836481840775,975,975,0,-1,2,2,4,35,493,57,814
769,65,271,887,987,100,22,22,792,792,0,0.00176997174852786,0.002280540522141666,878,900,22,3,3,3,2,12,937,58,288
770,123,123,932,932,0,38,38,823,823,0,0.003267640151128357,0.003267640151128357,931,931,0,-1,3,3,3,20,613,94,515
771,73,73,867,867,0,54,54,911,911,0,0.002382654276864427,0.002382654276864427,899,899,0,-1,3,3,4,14,783,68,701
772,0,102,1,913,912,0,7,1,395,394,0.0,0.000442492937131965,1,687,686,4,-1,5,4,0,623,649,249
773,24,640,592,990,398,90,108,525,586,61,0.0002382654276864427,0.0007828721195411688,581,754,173,2,3,3,24,3,28,369,368
774,6,6,457,457,0,16,16,614,614,0,0.00010211375472276115,0.00010211375472276115,487,487,0,-1,4,4,4,1,777,810,959
775,122,224,894,953,59,132,132,841,841,0,0.0019061234214915416,0.0019061234214915416,881,881,0,4,3,3,12,19,239,59,807
776,0,0,1,1,0,0,0,1,1,0,0.0,0.0,1,1,0,-1,-1,-1,3,0,922,956,678
777,48,254,783,967,184,64,64,719,719,0,0.0007828721195411688,0.0018380475850097008,763,871,108,3,3,3,9,9,276,130,403
778,6,108,476,944,468,18,18,675,675,0,0.0005105687736138058,0.0006807583648184077,703,752,49,4,4,4,3,1,628,759,197
779,0,616,1,993,992,0,58,1,773,772,0.0,0.006024711528642908,1,966,965,2,-1,3,7,0,413,740,12
780,8,110,515,926,411,16,16,499,499,0,0.00013615167296368154,0.00017018959120460194,513,539,26,4,4,4,4,2,822,791,677
781,131,233,971,985,14,24,24,878,878,0,0.00445896728956057,0.00445896728956057,944,944,0,4,3,3,3,54,918,28,570
782,23,229,629,956,327,98,98,680,680,0,0.0002042275094455223,0.0004765308553728854,557,682,125,3,3,3,15,5,104,395,447
783,74,175,880,961,81,68,68,961,961,0,0.004322815616596889,0.004356853534837809,952,952,0,5,2,2,4,14,690,190,601
784,56,158,848,958,110,54,54,916,916,0,0.0006467204465774873,0.0010211375472276116,749,810,61,4,3,3,4,7,545,253,379
785,1,207,331,985,654,3,10,331,590,259,0.0,0.0011232513019503727,1,828,827,3,8,4,3,3,668,626,393
786,71,71,850,850,0,62,62,774,774,0,0.0013955546478777359,0.0013955546478777359,842,842,0,-1,3,3,7,11,221,97,970
787,2,103,389,966,577,5,5,439,439,0,6.807583648184077e-05,0.00010211375472276115,469,503,34,5,5,5,3,1,853,799,791
788,6,108,465,936,471,12,12,510,510,0,6.807583648184077e-05,0.0002723033459273631,464,629,165,4,4,4,4,1,573,666,634
789,2,208,369,976,607,6,10,424,507,83,6.807583648184077e-05,0.0007147962830593281,445,763,318,3,5,4,3,1,615,463,296
790,25,25,707,707,0,18,18,577,577,0,0.00017018959120460194,0.00017018959120460194,537,537,0,-1,4,4,3,6,731,486,539
791,2,104,348,894,546,15,15,389,389,0,0.0,0.0,1,1,0,4,5,5,9,1,147,788,547
792,20,1660,634,1000,366,42,84,561,802,241,0.0005446066918547262,0.0123557643214541,725,984,259,1,4,2,9,4,245,504,68
793,0,206,1,957,956,0,25,1,470,469,0.0,0.00017018959120460194,1,545,544,3,-1,4,10,0,243,901,285
794,11,11,608,608,0,10,10,494,494,0,0.00034037918240920387,0.00034037918240920387,656,656,0,-1,4,4,3,4,861,208,912
795,35,137,795,936,141,30,30,676,676,0,0.0006807583648184077,0.001055175465468532,757,822,65,4,4,4,5,9,604,293,221
796,7,108,526,928,402,8,8,414,414,0,0.0,0.00010211375472276115,1,486,485,5,5,5,4,4,495,208,534
797,4,4,433,433,0,7,7,392,392,0,6.807583648184077e-05,6.807583648184077e-05,447,447,0,-1,5,5,5,3,727,585,542
798,6,108,468,931,463,14,14,568,568,0,0.00010211375472276115,0.0002723033459273631,493,626,133,4,4,4,3,1,588,711,266
799,24,126,690,923,233,32,32,668,668,0,0.00034037918240920387,0.0008509479560230097,649,789,140,4,3,3,5,4,571,479,473
800,2,208,354,952,598,22,46,413,544,131,0.00010211375472276115,0.0012253650566731338,483,826,343,3,5,4,11,1,215,481,179
801,0,0,1,1,0,0,0,1,1,0,0.0,0.0,1,1,0,-1,-1,-1,7,0,170,804,698
802,0,0,1,1,0,0,0,1,1,0,0.0,0.0,1,1,0,-1,-1,-1,16,0,132,963,733
803,9,215,544,970,426,24,24,606,606,0,0.00010211375472276115,0.000442492937131965,500,690,190,3,4,4,4,6,870,406,212
804,24,230,786,980,194,8,8,534,534,0,0.00037441710065012424,0.0033357159876101976,679,943,264,3,4,4,2,11,684,316,126
805,93,709,873,997,124,86,96,893,911,18,0.0021784267674189047,0.002927260968719153,893,919,26,2,2,2,7,14,417,175,202
806,68,68,841,841,0,92,92,806,806,0,0.001055175465468532,0.001055175465468532,817,817,0,-1,2,2,11,9,176,375,912
807,26,128,791,962,171,24,24,825,825,0,0.0016678579938050988,0.00176997174852786,873,881,8,4,3,3,3,9,485,240,420
808,2,2,376,376,0,3,3,377,377,0,0.0,0.0,1,1,0,-1,5,5,2,1,957,717,955
809,0,206,1,970,969,0,14,1,472,471,0.0,0.0006467204465774873,1,741,740,3,-1,4,5,0,452,858,375
810,14,220,601,969,368,14,14,517,517,0,0.00017018959120460194,0.0008509479560230097,547,790,243,3,4,4,3,3,613,677,92
811,0,206,1,961,960,0,27,1,502,501,0.0,0.0015317063208414173,1,850,849,3,-1,4,8,1,646,920,127
812,20,20,621,621,0,98,98,749,749,0,0.0002382654276864427,0.0002382654276864427,596,596,0,-1,3,3,12,3,58,222,894
813,114,320,907,976,69,84,84,809,809,0,0.0021784267674189047,0.002995336805200994,898,925,27,3,3,3,9,17,803,96,261
814,38,244,733,960,227,96,100,729,739,10,0.00037441710065012424,0.0040845501889104465,653,940,287,3,3,3,14,3,84,507,126
815,6,6,458,458,0,10,10,470,470,0,0.0,0.0,1,1,0,-1,4,4,3,1,621,878,573
816,18,119,626,908,282,52,52,631,631,0,0.0006126825283365669,0.0006807583648184077,739,750,11,5,4,4,10,7,161,170,530
817,39,39,789,789,0,40,40,738,738,0,0.0011232513019503727,0.0011232513019503727,831,831,0,-1,3,3,5,10,382,296,934
818,6,6,421,421,0,30,30,560,560,0,0.00013615167296368154,0.00013615167296368154,518,518,0,-1,4,4,7,2,335,652,783
819,0,206,1,988,987,0,8,1,591,590,0.0,0.0007828721195411688,1,775,774,3,-1,4,2,0,997,668,283
820,0,0,1,1,0,0,0,1,1,0,0.0,0.0,1,1,0,-1,-1,-1,2,1,752,693,817
821,13,219,581,967,386,26,26,533,533,0,0.00010211375472276115,0.000442492937131965,495,694,199,3,4,4,7,3,342,572,616
822,0,101,1,924,923,0,4,1,331,330,0.0,6.807583648184077e-05,1,449,448,5,-1,6,4,0,706,758,771
823,110,211,947,978,31,56,56,990,990,0,0.005207801490860819,0.005241839409101739,957,957,0,6,2,2,2,17,757,60,503
824,2,2,361,361,0,9,9,385,385,0,0.0,0.0,1,1,0,-1,5,5,6,1,281,592,898
825,0,102,1,943,942,0,4,1,419,418,0.0,0.00017018959120460194,1,551,550,4,-1,5,2,0,975,939,759
826,7,7,545,545,0,8,8,513,513,0,3.4037918240920386e-05,3.4037918240920386e-05,405,405,0,-1,4,4,2,2,757,323,538
827,13,114,613,930,317,18,18,624,624,0,0.0007147962830593281,0.0007147962830593281,765,765,0,5,4,4,3,5,855,619,799
828,0,0,1,1,0,0,0,1,1,0,0.0,0.0,1,1,0,-1,-1,-1,9,0,389,426,668
829,80,80,871,871,0,62,62,800,800,0,0.00088498587426393,0.00088498587426393,780,780,0,-1,3,3,7,16,398,113,608
830,4,620,441,998,557,6,24,422,747,325,0.00010211375472276115,0.0025188059498281084,478,908,430,2,5,3,3,5,829,231,213
831,0,102,1,879,878,0,11,1,349,348,0.0,3.4037918240920386e-05,1,394,393,4,-1,5,10,0,298,760,558
832,835,835,999,999,0,152,152,1000,1000,0,0.026651689982640663,0.026651689982640663,995,995,0,-1,2,2,5,130,476,3,839
833,258,360,979,988,9,64,64,953,953,0,0.005377991082065421,0.005650294427992784,961,965,4,4,3,3,4,45,631,77,182
834,14,220,515,952,437,39,48,437,478,41,0.00017018959120460194,0.0004084550188910446,541,657,116,3,4,4,16,3,50,353,477
835,0,102,1,886,885,0,13,1,343,342,0.0,0.00010211375472276115,1,473,472,4,-1,5,12,0,187,989,398
836,12,114,644,954,310,14,14,629,629,0,0.0005786446100956465,0.0013274788113958951,733,847,114,4,4,4,3,4,854,333,438
837,1,207,331,968,637,6,16,331,474,143,0.0,0.0009530617107457708,1,806,805,3,6,4,6,2,522,331,45
838,54,54,812,812,0,60,60,677,677,0,0.001055175465468532,0.001055175465468532,813,813,0,-1,3,3,9,14,803,175,948
839,8,8,551,551,0,8,8,489,489,0,0.000442492937131965,0.000442492937131965,681,681,0,-1,4,4,2,2,733,425,790
840,10,112,632,962,330,12,12,685,685,0,0.00034037918240920387,0.00088498587426393,653,802,149,4,4,4,2,4,792,557,219
841,2,208,366,973,607,10,14,439,481,42,0.00010211375472276115,0.0010892133837094523,491,825,334,3,5,4,5,1,517,360,45
842,6,212,409,965,556,11,24,417,572,155,0.0,0.001599782157323258,1,861,860,3,4,4,4,1,410,788,122
843,72,72,836,836,0,114,114,877,877,0,0.0015657442390823377,0.0015657442390823377,853,853,0,-1,2,2,10,9,240,343,542
844,0,206,1,973,972,0,14,1,576,575,0.0,0.0009870996289866913,1,807,806,3,-1,4,3,0,912,999,393
845,0,0,1,1,0,0,0,1,1,0,0.0,0.0,1,1,0,-1,-1,-1,8,0,158,939,960
846,0,0,1,1,0,0,0,1,1,0,0.0,0.0,1,1,0,-1,-1,-1,2,0,643,969,706
847,7,623,518,997,479,20,46,468,697,229,6.807583648184077e-05,0.002757071377514551,449,916,467,2,4,3,8,2,318,566,133
848,121,121,940,940,0,78,78,978,978,0,0.003982436434187685,0.003982436434187685,942,942,0,-1,2,2,4,17,619,85,976
849,117,117,928,928,0,44,44,829,829,0,0.0018040096667687805,0.0018040096667687805,872,872,0,-1,3,3,4,23,736,117,693
850,8,214,521,969,448,12,16,460,495,35,3.4037918240920386e-05,0.0005786446100956465,401,725,324,3,4,4,4,3,572,361,338
851,82,82,871,871,0,52,52,754,754,0,0.0017359338302869397,0.0017359338302869397,865,865,0,-1,3,3,7,16,214,78,988
852,17,1657,607,1000,393,34,108,518,893,375,6.807583648184077e-05,0.019469689233806462,454,991,537,1,4,2,9,5,245,528,23
853,83,289,903,981,78,44,44,872,872,0,0.002757071377514551,0.0034037918240920387,919,935,16,3,3,3,4,18,611,147,137
854,102,308,907,980,73,64,64,912,912,0,0.0018720855032506212,0.0026889955410327104,873,910,37,3,3,3,4,17,638,60,224
855,71,172,844,943,99,70,70,722,722,0,0.00088498587426393,0.00088498587426393,779,779,0,5,3,3,10,17,409,131,421
856,131,232,960,983,23,22,22,818,818,0,0.003608019333537561,0.003608019333537561,941,941,0,6,3,3,2,30,838,75,924
857,0,0,1,1,0,0,0,1,1,0,0.0,0.0,1,1,0,-1,-1,-1,2,0,805,965,808
858,1,1,332,332,0,2,2,332,332,0,0.0,0.0,1,1,0,-1,8,8,2,3,643,626,638
859,12,628,605,999,394,22,36,629,791,162,0.0002382654276864427,0.005514142755029102,600,956,356,2,4,3,5,2,629,827,142
860,2,103,375,938,563,3,3,377,377,0,0.0,3.4037918240920386e-05,1,403,402,5,5,5,2,1,906,530,421
861,0,0,1,1,0,0,0,1,1,0,0.0,0.0,1,1,0,-1,-1,-1,21,0,2,975,962
862,6,212,438,969,531,12,20,459,572,113,0.0,0.0013274788113958951,1,847,846,3,4,4,4,2,736,690,63
863,0,206,1,975,974,0,14,1,568,567,0.0,0.0013955546478777359,1,856,855,3,-1,4,3,0,337,520,180
864,23,125,719,939,220,20,20,622,622,0,0.00034037918240920387,0.0007828721195411688,660,779,119,4,4,4,4,8,885,286,177
865,108,108,923,923,0,58,58,940,940,0,0.002586881786309949,0.002586881786309949,909,909,0,-1,2,2,4,19,401,144,945
866,35,651,746,997,251,60,70,736,797,61,0.0005446066918547262,0.004118588107151367,720,948,228,2,3,3,8,7,428,134,112
867,2,2,351,351,0,10,10,371,371,0,0.0,0.0,1,1,0,-1,5,5,7,2,320,495,836
868,0,101,1,875,874,0,14,1,331,330,0.0,0.0,1,1,0,5,-1,6,14,1,121,947,595
869,6,6,420,420,0,21,21,479,479,0,3.4037918240920386e-05,3.4037918240920386e-05,396,396,0,-1,4,4,7,2,340,662,998
870,210,312,962,978,16,98,98,904,904,0,0.004799346471969774,0.0051397256543789785,955,956,1,4,3,3,8,31,595,34,236
871,1223,1429,1000,1000,0,246,246,997,997,0,0.020661016372238675,0.020831205963443275,995,995,0,3,2,2,10,157,128,2,316
872,18,224,647,968,321,52,52,783,783,0,0.000442492937131965,0.0018380475850097008,685,864,179,3,3,3,6,2,556,323,59
873,0,206,1,979,978,0,10,1,517,516,0.0,0.0005786446100956465,1,728,727,3,-1,4,3,0,902,624,417
874,0,102,1,927,926,0,6,1,418,417,0.0,0.00017018959120460194,1,548,547,4,-1,5,3,0,627,930,80
875,157,773,915,993,78,234,234,954,954,0,0.0029612988869600733,0.004969536063174376,924,955,31,2,2,2,16,15,50,151,43
876,0,102,1,890,889,0,13,1,372,371,0.0,0.0,1,1,0,4,-1,5,10,1,211,529,885
877,91,297,879,976,97,78,78,829,829,0,0.0012594029749140542,0.00176997174852786,832,870,38,3,3,3,8,15,420,206,232
878,37,243,811,976,165,40,40,805,805,0,0.0014295925661186562,0.0020763130126961434,850,888,38,3,3,3,5,6,580,397,131
879,6,6,400,400,0,25,25,438,438,0,0.0,0.0,1,1,0,-1,4,4,11,1,229,878,952
880,0,206,1,963,962,0,18,1,502,501,0.0,0.0018040096667687805,1,870,869,3,-1,4,5,0,531,228,61
881,6,212,413,962,549,32,32,534,534,0,0.0002382654276864427,0.0013955546478777359,598,837,239,3,4,4,8,3,383,285,106
882,0,616,1,990,989,0,58,1,625,624,0.0,0.0017018959120460194,1,865,864,2,-1,3,10,0,206,981,153
883,8,8,548,548,0,10,10,494,494,0,0.00017018959120460194,0.00017018959120460194,550,550,0,-1,4,4,3,2,861,724,793
884,32,133,836,962,126,22,22,832,832,0,0.0010892133837094523,0.0011232513019503727,831,834,3,5,3,3,2,5,681,273,761
885,6,107,417,907,490,50,50,672,672,0,0.00010211375472276115,0.00010211375472276115,491,491,0,5,4,4,9,1,177,681,298
886,164,164,920,920,0,212,212,921,921,0,0.0020422750944552232,0.0020422750944552232,880,880,0,-1,3,3,17,18,24,64,729
887,0,101,1,904,903,0,7,1,331,330,0.0,0.0,1,1,0,5,-1,6,7,1,359,874,676
888,2,2,368,368,0,5,5,393,393,0,3.4037918240920386e-05,3.4037918240920386e-05,415,415,0,-1,5,5,3,3,825,578,520
889,63,63,875,875,0,28,28,777,777,0,0.0012594029749140542,0.0012594029749140542,846,846,0,-1,3,3,3,17,756,269,787
890,12,114,629,946,317,14,14,625,625,0,0.0006807583648184077,0.0007147962830593281,756,762,6,4,4,4,3,5,693,535,580
891,18,120,759,963,204,14,14,689,689,0,0.00030634126416828345,0.00088498587426393,648,805,157,4,4,4,3,3,915,318,242
892,0,206,1,954,953,0,19,1,451,450,0.0,0.0005446066918547262,1,718,717,3,-1,4,8,0,508,824,195
893,6,108,474,946,472,12,12,604,604,0,0.00013615167296368154,0.00034037918240920387,520,669,149,4,4,4,2,1,943,265,160
894,0,0,1,1,0,0,0,1,1,0,0.0,0.0,1,1,0,-1,-1,-1,8,0,158,665,929
895,1,1,331,331,0,2,2,331,331,0,3.4037918240920386e-05,3.4037918240920386e-05,411,411,0,-1,6,6,2,1,944,687,808
896,33,239,738,970,232,38,38,636,636,0,0.0005446066918547262,0.0009530617107457708,715,798,83,3,4,4,7,11,196,52,207
897,15,116,612,928,316,24,24,636,636,0,0.0002382654276864427,0.0002382654276864427,591,591,0,5,4,4,4,5,711,454,572
898,0,102,1,943,942,0,3,1,373,372,0.0,3.4037918240920386e-05,1,415,414,4,-1,5,2,0,802,860,282
899,42,144,750,918,168,74,74,646,646,0,0.0005446066918547262,0.0005786446100956465,716,723,7,4,3,3,12,8,226,132,829
900,1,103,332,918,586,4,7,332,400,68,0.0,0.00013615167296368154,1,519,518,4,6,5,4,1,513,671,797
901,8,8,552,552,0,14,14,566,566,0,0.0004084550188910446,0.0004084550188910446,685,685,0,-1,4,4,3,4,958,287,814
902,3,209,468,983,515,5,14,426,688,262,6.807583648184077e-05,0.0012594029749140542,454,847,393,3,5,4,3,2,915,499,122
903,0,0,1,1,0,0,0,1,1,0,0.0,0.0,1,1,0,-1,-1,-1,6,0,575,884,966
904,6,622,393,991,598,42,60,458,526,68,0.00010211375472276115,0.0011232513019503727,487,807,320,2,4,3,15,1,107,152,316
905,0,0,1,1,0,0,0,1,1,0,0.0,0.0,1,1,0,-1,-1,-1,2,0,889,324,953
906,0,0,1,1,0,0,0,1,1,0,0.0,0.0,1,1,0,-1,-1,-1,9,0,100,804,855
907,76,178,860,952,92,58,58,753,753,0,0.0015317063208414173,0.0015317063208414173,850,850,0,4,3,3,8,17,454,60,764
908,30,132,780,948,168,30,30,771,771,0,0.000442492937131965,0.0007488342013002485,699,776,77,4,3,3,4,5,824,165,275
909,100,100,856,856,0,100,100,636,636,0,0.02910242009598693,0.0352292453793526,1000,1000,0,1,1,1,18,130,34,3,84
910,40,40,782,782,0,72,72,857,857,0,0.0009870996289866913,0.0009870996289866913,806,806,0,-1,3,3,7,8,329,264,777
911,22,124,635,902,267,78,78,676,676,0,0.0004765308553728854,0.0004765308553728854,695,695,0,4,3,3,12,2,116,475,526
912,23,229,674,964,290,54,54,710,710,0,0.0002723033459273631,0.0005446066918547262,610,731,121,3,3,3,8,4,282,339,510
913,2,103,388,961,573,3,3,393,393,0,0.0,3.4037918240920386e-05,1,416,415,5,5,5,2,1,997,449,756
914,0,102,1,935,934,0,3,1,367,366,0.0,3.4037918240920386e-05,1,392,391,4,-1,5,2,0,733,715,202
915,20,226,713,979,266,24,24,798,798,0,0.0007828721195411688,0.0009190237925048504,770,797,27,3,3,3,3,3,674,103,233
916,12,628,577,997,420,24,34,645,739,94,0.0002723033459273631,0.0018380475850097008,622,880,258,2,4,3,4,2,917,453,335
917,6,6,398,398,0,32,32,414,414,0,0.00010211375472276115,0.00010211375472276115,470,470,0,-1,4,4,16,1,60,899,660
918,1,1,332,332,0,2,2,332,332,0,3.4037918240920386e-05,3.4037918240920386e-05,406,406,0,-1,6,6,2,1,910,437,730
919,0,0,1,1,0,0,0,1,1,0,0.0,0.0,1,1,0,-1,-1,-1,4,1,787,583,705
920,0,206,1,971,970,0,20,1,512,511,0.0,0.0002042275094455223,1,575,574,3,-1,4,6,0,405,715,655
921,41,657,792,997,205,42,56,712,809,97,0.0008169100377820892,0.010347527145239796,758,981,223,2,3,3,6,9,556,212,10
922,0,102,1,950,949,0,4,1,439,438,0.0,0.0005446066918547262,1,725,724,4,-1,5,2,0,991,994,267
923,0,102,1,924,923,0,5,1,363,362,0.0,0.0,1,1,0,4,-1,5,4,0,650,941,463
924,0,0,1,1,0,0,0,1,1,0,0.0,0.0,1,1,0,-1,-1,-1,2,0,548,942,818
925,0,616,1,996,995,0,30,1,666,665,0.0,0.004118588107151367,1,944,943,2,-1,3,6,0,494,883,75
926,56,56,921,921,0,12,12,755,755,0,0.001599782157323258,0.001599782157323258,884,884,0,-1,4,4,2,23,987,66,815
927,0,101,1,921,920,0,4,1,332,331,0.0,3.4037918240920386e-05,1,402,401,5,-1,6,4,0,280,929,679
928,0,101,1,938,937,0,2,1,331,330,0.0,6.807583648184077e-05,1,441,440,5,-1,6,2,0,705,909,842
929,10,626,550,996,446,12,26,447,686,239,0.0002382654276864427,0.0020763130126961434,588,886,298,2,4,3,4,3,822,704,580
930,29,131,614,885,271,186,186,647,647,0,0.00030634126416828345,0.00030634126416828345,610,610,0,4,3,3,36,5,16,591,292
931,589,795,991,996,5,214,214,989,989,0,0.011062323428299126,0.011334626774226489,979,979,0,3,2,2,11,78,163,9,301
932,8,8,515,515,0,22,22,549,549,0,0.00034037918240920387,0.00034037918240920387,642,642,0,-1,4,4,5,4,773,346,751
933,3,3,435,435,0,5,5,394,394,0,0.0,0.0,1,1,0,-1,5,5,3,2,710,364,900
934,96,302,875,976,101,124,124,940,940,0,0.0019741992579733825,0.002144388849177984,882,891,9,3,3,3,9,17,200,60,591
935,0,101,1,965,964,0,2,1,332,331,0.0,3.4037918240920386e-05,1,395,394,5,-1,6,2,2,873,462,392
936,17,17,651,651,0,26,26,624,624,0,0.0005446066918547262,0.0005446066918547262,722,722,0,-1,4,4,5,10,290,266,678
937,0,0,1,1,0,0,0,1,1,0,0.0,0.0,1,1,0,-1,-1,-1,2,0,752,995,923
938,2,2,346,346,0,19,19,372,372,0,3.4037918240920386e-05,3.4037918240920386e-05,395,395,0,-1,5,5,14,1,85,593,701
939,16,632,533,991,458,70,110,565,742,177,0.00010211375472276115,0.0028591851322373124,487,924,437,2,3,3,15,1,107,873,25
940,54,260,829,974,145,80,80,925,925,0,0.0020082371762143027,0.003608019333537561,883,934,51,3,2,2,6,4,369,207,68
941,108,314,890,972,82,118,118,835,835,0,0.0020763130126961434,0.0023486163586235067,880,893,13,3,2,2,13,17,185,226,278
942,0,0,1,1,0,0,0,1,1,0,0.0,0.0,1,1,0,-1,-1,-1,7,0,525,818,835
943,0,616,1,993,992,0,30,1,615,614,0.0,0.0005105687736138058,1,706,705,2,-1,3,6,0,536,358,222
944,0,101,1,912,911,0,2,1,331,330,0.0,3.4037918240920386e-05,1,397,396,5,-1,6,2,1,905,874,334
945,0,0,1,1,0,0,0,1,1,0,0.0,0.0,1,1,0,-1,-1,-1,5,0,656,716,675
946,6,212,538,987,449,10,10,592,592,0,0.0002042275094455223,0.0014636304843595766,590,858,268,3,4,4,3,1,853,891,183
947,0,0,1,1,0,0,0,1,1,0,0.0,0.0,1,1,0,-1,-1,-1,12,0,212,953,955
948,14,116,536,894,358,34,34,467,467,0,6.807583648184077e-05,0.0002382654276864427,439,578,139,4,4,4,11,3,163,526,459
949,0,0,1,1,0,0,0,1,1,0,0.0,0.0,1,1,0,-1,-1,-1,7,0,497,957,769
950,117,323,926,979,53,90,90,954,954,0,0.003982436434187685,0.004016474352428605,944,944,0,3,2,2,6,18,441,63,724
951,6,212,396,950,554,20,52,404,595,191,6.807583648184077e-05,0.0030974505599237552,447,929,482,3,4,4,10,1,128,337,14
952,106,312,909,982,73,50,50,850,850,0,0.003608019333537561,0.004050512270669526,936,942,6,3,3,3,5,25,519,47,414
953,10,112,535,911,376,16,16,479,479,0,0.0002042275094455223,0.0004084550188910446,562,661,99,4,4,4,4,3,410,311,904
954,0,206,1,954,953,0,22,1,437,436,0.0,0.0008509479560230097,1,779,778,3,-1,4,9,0,327,918,118
955,0,0,1,1,0,0,0,1,1,0,0.0,0.0,1,1,0,-1,-1,-1,4,1,755,947,600
956,17,118,660,939,279,20,20,591,591,0,0.00013615167296368154,0.00013615167296368154,519,519,0,5,4,4,4,5,475,310,885
957,0,0,1,1,0,0,0,1,1,0,0.0,0.0,1,1,0,-1,-1,-1,4,0,753,987,983
958,26,26,659,659,0,154,154,844,844,0,0.0011913271384322134,0.0011913271384322134,819,819,0,-1,3,3,18,5,29,412,429
959,16,222,553,958,405,66,66,701,701,0,0.0008169100377820892,0.0014636304843595766,774,839,65,3,3,3,10,1,272,612,497
960,6,107,442,928,486,16,16,562,562,0,0.0002042275094455223,0.0002042275094455223,554,554,0,5,4,4,4,1,511,474,578
961,0,206,1,938,937,0,44,1,413,412,0.0,0.0002723033459273631,1,609,608,3,-1,4,20,0,61,588,683
962,72,278,865,978,113,50,50,843,843,0,0.0014636304843595766,0.0019061234214915416,854,868,14,3,3,3,5,13,538,261,610
963,8,8,568,568,0,10,10,530,530,0,6.807583648184077e-05,6.807583648184077e-05,451,451,0,-1,4,4,3,3,797,534,608
964,0,206,1,961,960,0,13,1,408,407,0.0,0.00013615167296368154,1,508,507,3,-1,4,7,0,214,997,625
965,0,102,1,886,885,0,14,1,362,361,0.0,0.00010211375472276115,1,472,471,4,-1,5,11,0,230,644,309
966,0,102,1,928,927,0,7,1,410,409,0.0,0.0004765308553728854,1,700,699,4,-1,5,4,0,597,902,175
967,189,395,957,985,28,108,108,938,938,0,0.0033016780693692774,0.003880322679464924,927,941,14,3,3,3,8,31,286,76,114
968,2,103,357,910,553,9,9,364,364,0,0.0,0.0,1,1,0,8,5,5,7,2,398,679,626
969,21,21,692,692,0,38,38,726,726,0,0.000442492937131965,0.000442492937131965,681,681,0,-1,3,3,6,4,582,645,638
970,507,507,997,997,0,32,32,907,907,0,0.014023622315259198,0.014023622315259198,991,991,0,-1,3,3,2,127,907,11,855
971,42,42,810,810,0,50,50,844,844,0,0.0010892133837094523,0.0010892133837094523,806,806,0,-1,3,3,5,5,534,273,955
972,2,103,403,971,568,4,4,467,467,0,6.807583648184077e-05,0.0002042275094455223,466,595,129,5,5,5,2,1,941,964,617
973,2,104,379,957,578,3,4,383,426,43,3.4037918240920386e-05,0.00176997174852786,397,881,484,4,5,5,2,3,742,578,108
974,0,616,1,997,996,0,40,1,786,785,0.0,0.0061949011198475104,1,967,966,2,-1,3,5,0,519,996,18
975,6,212,497,976,479,4,8,454,533,79,0.0002042275094455223,0.0012253650566731338,589,841,252,3,5,4,2,4,684,443,377
976,100,100,926,926,0,100,100,997,997,0,0.06685047142516763,0.06685047142516763,1000,1000,0,-1,1,1,3,130,774,3,472
977,2,208,364,976,612,3,8,365,496,131,0.0,0.000442492937131965,1,700,699,3,5,4,2,1,750,924,714
978,6,212,412,953,541,27,29,450,461,11,0.0,0.0002382654276864427,1,564,563,3,4,4,11,2,215,662,389
979,0,102,1,924,923,0,8,1,428,427,0.0,0.0011232513019503727,1,838,837,4,-1,5,4,0,578,745,144
980,46,46,806,806,0,58,58,807,807,0,0.0006807583648184077,0.0006807583648184077,752,752,0,-1,3,3,7,7,722,169,793
981,0,101,1,940,939,0,4,1,332,331,0.0,0.0,1,1,0,5,-1,6,4,0,553,400,437
982,75,281,838,973,135,92,92,780,780,0,0.0010892133837094523,0.0013615167296368155,808,838,30,3,3,3,12,14,194,139,541
983,0,616,1,993,992,0,66,1,638,637,0.0,0.0024507301133462676,1,900,899,2,-1,3,11,0,167,766,335
984,0,0,1,1,0,0,0,1,1,0,0.0,0.0,1,1,0,-1,-1,-1,5,2,701,271,446
985,1,1,333,333,0,6,6,333,333,0,3.4037918240920386e-05,3.4037918240920386e-05,412,412,0,-1,6,6,6,1,281,671,787
986,51,153,870,971,101,28,28,844,844,0,0.0017018959120460194,0.0018040096667687805,873,879,6,4,3,3,3,17,693,213,215
987,1,103,333,866,533,19,20,333,345,12,0.0,3.4037918240920386e-05,1,399,398,4,6,5,19,1,31,469,484
988,22,124,646,912,266,58,58,654,654,0,0.0006126825283365669,0.0007147962830593281,730,755,25,4,3,3,10,2,211,524,394
989,0,206,1,946,945,0,26,1,416,415,0.0,0.0002723033459273631,1,613,612,3,-1,4,12,0,44,520,519
990,86,292,881,978,97,56,56,819,819,0,0.0016338200755641784,0.002552843868069029,861,908,47,3,3,3,6,15,266,92,422
991,30,236,732,969,237,46,46,750,750,0,0.0005446066918547262,0.0021784267674189047,702,889,187,3,3,3,6,4,556,328,85
992,8,214,558,977,419,10,10,500,500,0,0.00017018959120460194,0.001497668402600497,552,865,313,3,4,4,3,2,568,697,133
993,14,220,519,955,436,38,42,479,501,22,0.00017018959120460194,0.0004084550188910446,541,683,142,3,4,4,11,5,227,710,4
994,6,212,463,973,510,8,8,478,478,0,6.807583648184077e-05,0.0008169100377820892,453,796,343,3,4,4,2,1,931,152,327
995,2,104,381,960,579,3,3,383,383,0,6.807583648184077e-05,0.0010892133837094523,448,829,381,4,5,5,2,1,950,558,397
996,22,228,640,959,319,64,64,669,669,0,0.0004084550188910446,0.0008169100377820892,678,763,85,3,3,3,11,2,333,634,336
997,8,109,572,954,382,4,4,413,413,0,3.4037918240920386e-05,3.4037918240920386e-05,408,408,0,5,5,5,2,8,681,477,530
998,54,260,725,955,230,154,166,680,706,26,0.0002723033459273631,0.0010892133837094523,583,803,220,3,3,3,23,6,15,435,559
999,0,0,1,1,0,0,0,1,1,0,0.0,0.0,1,1,0,-1,-1,-1,5,1,464,949,892
