,FreeNet_pre_score,FreeNet_post_score,FreeNet_pre_rank,FreeNet_post_rank,FreeNet_delta_ranks,Reversed_pre_score,Reversed_post_score,Reversed_pre_rank,Reversed_post_rank,Reversed_delta_ranks,Random_pre_score,Random_post_score,Random_pre_rank,Random_post_rank,Random_delta_ranks,dist_victim_relayer,dist_victim_vilain_pre,dist_victim_vilain_post,out_deg_victim,in_deg_villain,victim,villain,relayer
0,0,206,1,954,953,0,48,1,596,595,0.0,0.00353994349705572,1,928,927,3,-1,4,10,0,169,820,51
1,19,19,755,755,0,10,10,656,656,0,0.0004765308553728854,0.0004765308553728854,695,695,0,-1,4,4,3,8,877,386,894
2,13,219,549,960,411,30,34,531,564,33,0.00017018959120460194,0.0011232513019503727,542,826,284,3,4,4,7,3,447,378,131
3,56,56,885,885,0,28,28,832,832,0,0.0018380475850097008,0.0018380475850097008,894,894,0,-1,3,3,3,15,708,158,624
4,6,108,431,916,485,16,16,517,517,0,0.00013615167296368154,0.00013615167296368154,519,519,0,4,4,4,4,2,858,785,576
5,0,0,1,1,0,0,0,1,1,0,0.0,0.0,1,1,0,-1,-1,-1,5,0,238,733,554
6,35,136,807,948,141,22,22,784,784,0,0.0010211375472276116,0.0010211375472276116,820,820,0,5,3,3,2,11,750,118,534
7,6,108,418,907,489,20,20,485,485,0,3.4037918240920386e-05,0.0002382654276864427,398,579,181,4,4,4,6,1,470,661,556
8,0,102,1,922,921,0,4,1,365,364,0.0,0.00013615167296368154,1,514,513,4,-1,5,3,0,577,988,634
9,0,0,1,1,0,0,0,1,1,0,0.0,0.0,1,1,0,-1,-1,-1,4,0,493,515,693
10,0,102,1,893,892,0,17,1,396,395,0.0,3.4037918240920386e-05,1,411,410,4,-1,5,10,1,161,685,230
11,12,218,577,971,394,16,20,508,562,54,0.00034037918240920387,0.0012253650566731338,654,839,185,3,4,4,4,3,759,505,113
12,0,616,1,992,991,0,29,1,504,503,0.0,0.0005786446100956465,1,735,734,2,-1,3,9,0,315,488,536
13,12,12,593,593,0,23,23,605,605,0,0.00010211375472276115,0.00010211375472276115,488,488,0,-1,4,4,6,4,486,149,841
14,6,6,555,555,0,8,8,611,611,0,0.00017018959120460194,0.00017018959120460194,544,544,0,-1,4,4,2,1,959,527,848
15,16,222,627,970,343,28,28,663,663,0,0.00013615167296368154,0.0002723033459273631,521,606,85,3,3,3,5,2,604,384,404
16,0,0,1,1,0,0,0,1,1,0,0.0,0.0,1,1,0,-1,-1,-1,9,0,217,925,725
17,0,0,1,1,0,0,0,1,1,0,0.0,0.0,1,1,0,-1,-1,-1,22,0,18,819,826
18,0,102,1,885,884,0,18,1,393,392,0.0,0.00013615167296368154,1,506,505,4,-1,5,10,1,82,742,223
19,20,20,736,736,0,18,18,730,730,0,0.0008169100377820892,0.0008169100377820892,796,796,0,-1,4,4,3,6,642,377,573
20,0,206,1,967,966,0,16,1,522,521,0.0,0.0010892133837094523,1,825,824,3,-1,4,4,0,711,751,146
21,6,6,527,527,0,14,14,672,672,0,0.00017018959120460194,0.00017018959120460194,537,537,0,-1,4,4,3,1,786,711,951
22,74,280,871,977,106,44,44,831,831,0,0.00176997174852786,0.0025188059498281084,860,902,42,3,3,3,4,13,887,261,120
23,0,206,1,970,969,0,10,1,445,444,0.0,0.0005786446100956465,1,730,729,3,-1,4,3,3,645,882,172
24,0,102,1,962,961,0,3,1,403,402,0.0,0.00037441710065012424,1,695,694,4,-1,5,2,0,788,908,267
25,17,119,626,912,286,24,24,535,535,0,0.00013615167296368154,0.00017018959120460194,515,541,26,4,4,4,6,5,536,528,594
26,0,0,1,1,0,0,0,1,1,0,0.0,0.0,1,1,0,-1,-1,-1,5,0,524,774,835
27,28,28,685,685,0,58,58,657,657,0,0.0005105687736138058,0.0005105687736138058,705,705,0,-1,3,3,10,5,355,362,825
28,17,223,644,969,325,14,22,477,568,91,0.00017018959120460194,0.0012253650566731338,540,830,290,3,4,4,5,6,284,486,122
29,0,101,1,921,920,0,4,1,330,329,0.0,0.0,1,1,0,5,-1,6,4,0,787,916,679
30,18,18,731,731,0,14,14,638,638,0,0.0014295925661186562,0.0014295925661186562,863,863,0,-1,4,4,3,5,840,403,733
31,0,0,1,1,0,0,0,1,1,0,0.0,0.0,1,1,0,-1,-1,-1,17,0,94,902,571
32,128,128,902,902,0,114,114,900,900,0,0.0017359338302869397,0.0017359338302869397,866,866,0,-1,3,3,9,18,274,54,760
33,0,0,1,1,0,0,0,1,1,0,0.0,0.0,1,1,0,-1,-1,-1,36,0,16,731,205
34,0,102,1,942,941,0,4,1,376,375,0.0,0.00013615167296368154,1,527,526,4,-1,5,3,0,953,446,239
35,12,113,568,921,353,22,22,574,574,0,0.0002723033459273631,0.00034037918240920387,616,646,30,5,4,4,5,4,669,346,231
36,2,208,350,949,599,13,38,373,518,145,0.0,0.0006807583648184077,1,741,740,3,5,4,9,1,100,543,186
37,0,102,1,886,885,0,15,1,365,364,0.0,6.807583648184077e-05,1,440,439,4,-1,5,11,0,139,975,443
38,0,102,1,909,908,0,8,1,362,361,0.0,0.00010211375472276115,1,476,475,4,-1,5,6,0,369,981,631
39,64,64,811,811,0,150,150,840,840,0,0.0005786446100956465,0.0005786446100956465,719,719,0,-1,3,3,15,5,37,338,957
40,1,1,333,333,0,8,8,333,333,0,0.0,0.0,1,1,0,-1,7,7,8,1,371,765,372
41,24,640,690,996,306,40,50,714,806,92,0.00030634126416828345,0.002757071377514551,625,916,291,2,3,3,5,3,571,173,94
42,0,0,1,1,0,0,0,1,1,0,0.0,0.0,1,1,0,-1,-1,-1,4,0,815,488,641
43,0,0,1,1,0,0,0,1,1,0,0.0,0.0,1,1,0,-1,-1,-1,19,0,48,938,349
44,0,0,1,1,0,0,0,1,1,0,0.0,0.0,1,1,0,-1,-1,-1,2,1,686,660,235
45,2,103,361,937,576,4,4,394,394,0,0.0,3.4037918240920386e-05,1,400,399,5,5,5,2,1,972,449,615
46,1,102,332,956,624,2,2,332,332,0,3.4037918240920386e-05,3.4037918240920386e-05,404,404,0,5,6,6,2,2,890,292,885
47,0,102,1,929,928,0,4,1,394,393,0.0,0.00017018959120460194,1,536,535,4,-1,5,2,0,643,915,278
48,0,102,1,917,916,0,7,1,374,373,0.0,6.807583648184077e-05,1,458,457,4,-1,5,5,0,688,276,442
49,0,102,1,908,907,0,12,1,418,417,0.0,0.0006126825283365669,1,731,730,4,-1,5,6,1,518,913,161
50,0,206,1,967,966,0,20,1,475,474,0.0,0.0005786446100956465,1,718,717,3,-1,4,8,0,449,699,224
51,6,212,405,959,554,42,42,536,536,0,0.00017018959120460194,0.000442492937131965,531,692,161,3,4,4,11,1,176,720,368
52,15,221,618,967,349,24,24,631,631,0,0.00017018959120460194,0.0005105687736138058,560,709,149,3,4,4,4,5,532,487,132
53,16,16,700,700,0,12,12,640,640,0,0.0007488342013002485,0.0007488342013002485,758,758,0,-1,4,4,2,4,809,470,750
54,4,4,461,461,0,4,4,412,412,0,6.807583648184077e-05,6.807583648184077e-05,449,449,0,-1,5,5,2,3,983,598,388
55,0,0,1,1,0,0,0,1,1,0,0.0,0.0,1,1,0,-1,-1,-1,12,0,292,776,456
56,2,208,349,952,603,15,44,376,546,170,3.4037918240920386e-05,0.0010892133837094523,409,813,404,3,5,4,10,3,135,460,64
57,2,208,359,970,611,4,10,359,445,86,0.0,0.0008509479560230097,1,786,785,3,5,4,3,1,645,781,67
58,6,622,503,1000,497,12,22,623,819,196,0.00017018959120460194,0.005854521937438306,559,965,406,2,4,3,2,1,928,553,20
59,92,194,888,962,74,34,34,703,703,0,0.002586881786309949,0.002586881786309949,914,914,0,4,3,3,4,22,540,128,321
60,26,232,687,961,274,60,60,688,688,0,0.00034037918240920387,0.0004765308553728854,634,679,45,3,3,3,9,4,276,86,681
61,0,206,1,957,956,0,19,1,436,435,0.0,0.0004084550188910446,1,677,676,3,-1,4,8,0,301,768,376
62,0,206,1,938,937,0,29,1,371,370,0.0,0.0,1,1,0,3,-1,4,19,0,89,855,607
63,6,6,433,433,0,14,14,441,441,0,0.0,0.0,1,1,0,-1,4,4,6,1,266,552,725
64,8,109,591,962,371,8,8,552,552,0,0.00013615167296368154,0.00013615167296368154,539,539,0,5,4,4,2,2,742,586,578
65,0,0,1,1,0,0,0,1,1,0,0.0,0.0,1,1,0,-1,-1,-1,5,1,408,235,856
66,2,208,356,970,614,6,16,371,491,120,3.4037918240920386e-05,0.0012253650566731338,394,832,438,3,5,4,4,3,445,460,116
67,59,675,810,993,183,76,86,742,802,60,0.0007488342013002485,0.0017018959120460194,759,855,96,2,3,3,10,10,272,405,288
68,24,24,760,760,0,24,24,783,783,0,0.00030634126416828345,0.00030634126416828345,645,645,0,-1,3,3,3,3,863,378,754
69,0,206,1,949,948,0,18,1,409,408,0.0,0.0002382654276864427,1,594,593,3,-1,4,8,0,483,940,653
70,46,147,826,952,126,54,54,873,873,0,0.00176997174852786,0.00176997174852786,879,879,0,6,3,3,4,8,558,174,331
71,6,6,479,479,0,8,8,490,490,0,3.4037918240920386e-05,3.4037918240920386e-05,403,403,0,-1,4,4,3,1,670,606,784
72,34,240,744,969,225,34,34,579,579,0,0.00037441710065012424,0.0018380475850097008,676,879,203,3,4,4,7,7,714,422,98
73,0,0,1,1,0,0,0,1,1,0,0.0,0.0,1,1,0,-1,-1,-1,2,0,686,517,348
74,0,616,1,997,996,0,36,1,745,744,0.0,0.004935498144933456,1,955,954,2,-1,3,5,0,604,696,70
75,6,6,406,406,0,36,36,509,509,0,0.00010211375472276115,0.00010211375472276115,482,482,0,-1,4,4,12,2,219,384,520
76,0,102,1,894,893,0,10,1,366,365,0.0,0.0,1,1,0,4,-1,5,8,3,415,753,491
77,2,2,364,364,0,6,6,391,391,0,0.0,0.0,1,1,0,-1,5,5,4,3,458,466,462
78,57,159,844,953,109,44,44,807,807,0,0.0009870996289866913,0.0012253650566731338,807,837,30,4,3,3,4,9,572,375,465
79,0,0,1,1,0,0,0,1,1,0,0.0,0.0,1,1,0,-1,-1,-1,8,0,646,766,643
80,20,122,644,924,280,38,38,614,614,0,0.0006807583648184077,0.0007828721195411688,756,778,22,4,4,4,7,4,320,267,244
81,0,102,1,927,926,0,6,1,412,411,0.0,0.0002382654276864427,1,585,584,4,-1,5,3,1,839,779,256
82,12,12,552,552,0,34,34,585,585,0,0.0002723033459273631,0.0002723033459273631,602,602,0,-1,4,4,7,2,398,724,348
83,8,110,532,922,390,18,18,579,579,0,0.00013615167296368154,0.00030634126416828345,514,634,120,4,4,4,3,2,808,323,287
84,16,118,585,917,332,74,74,798,798,0,0.0005105687736138058,0.0005786446100956465,705,723,18,4,3,3,8,1,297,80,363
85,14,14,637,637,0,12,12,602,602,0,0.0006126825283365669,0.0006126825283365669,739,739,0,-1,4,4,2,4,954,336,975
86,270,270,976,976,0,94,94,960,960,0,0.007624493685966166,0.007624493685966166,975,975,0,-1,2,2,5,36,396,48,462
87,35,35,758,758,0,34,34,712,712,0,0.0008169100377820892,0.0008169100377820892,780,780,0,-1,3,3,4,6,509,295,980
88,27,27,766,766,0,12,12,586,586,0,0.00037441710065012424,0.00037441710065012424,673,673,0,-1,4,4,2,11,934,162,802
89,55,55,873,873,0,28,28,814,814,0,0.0020422750944552232,0.0020422750944552232,894,894,0,-1,3,3,3,15,699,151,643
90,4,4,414,414,0,12,12,402,402,0,6.807583648184077e-05,6.807583648184077e-05,439,439,0,-1,5,5,7,2,359,576,757
91,6,212,371,940,569,122,122,612,612,0,0.0002042275094455223,0.00037441710065012424,545,637,92,3,4,4,23,1,15,809,704
92,6,108,485,947,462,14,14,630,630,0,3.4037918240920386e-05,0.001055175465468532,396,824,428,4,4,4,3,2,642,223,53
93,31,31,818,818,0,18,18,716,716,0,0.0005786446100956465,0.0005786446100956465,731,731,0,-1,4,4,3,11,768,83,987
94,0,206,1,976,975,0,16,1,574,573,0.0,0.001157289220191293,1,825,824,3,-1,4,4,0,553,889,335
95,365,466,987,991,4,56,56,953,953,0,0.010279451308757957,0.010313489226998877,985,985,0,5,2,2,2,55,909,21,547
96,167,373,944,983,39,134,134,942,942,0,0.0033016780693692774,0.003778208924742163,936,941,5,3,3,3,9,27,213,69,612
97,148,354,935,981,46,108,108,941,941,0,0.0033016780693692774,0.003880322679464924,927,941,14,3,3,3,8,20,302,38,413
98,151,751,934,998,64,84,84,816,816,0,0.0021784267674189047,0.003437829742332959,888,936,48,2,3,3,9,26,367,108,158
99,76,178,874,962,88,44,44,840,840,0,0.002280540522141666,0.0023486163586235067,900,903,3,4,3,3,4,20,632,87,307
100,10,10,633,633,0,9,9,524,524,0,0.00010211375472276115,0.00010211375472276115,493,493,0,-1,4,4,3,3,840,248,564
101,22,124,711,943,232,30,30,771,771,0,0.0006807583648184077,0.0006807583648184077,760,760,0,4,3,3,4,3,511,610,560
102,273,374,987,992,5,32,32,909,909,0,0.007113924912352361,0.007113924912352361,973,973,0,6,3,3,2,61,948,14,734
103,0,102,1,893,892,0,12,1,398,397,0.0,0.00030634126416828345,1,633,632,4,-1,5,7,0,335,546,343
104,6,212,476,977,501,9,18,488,680,192,0.00013615167296368154,0.0015657442390823377,524,861,337,3,4,4,3,3,288,755,133
105,0,102,1,921,920,0,8,1,401,400,0.0,0.00017018959120460194,1,552,551,4,-1,5,5,0,456,889,504
106,2,2,354,354,0,10,10,371,371,0,0.0,0.0,1,1,0,-1,5,5,7,2,179,764,758
107,0,0,1,1,0,0,0,1,1,0,0.0,0.0,1,1,0,-1,-1,-1,13,0,41,517,960
108,15,117,656,946,290,12,12,586,586,0,3.4037918240920386e-05,0.0002723033459273631,413,618,205,4,4,4,2,9,934,341,305
109,0,101,1,928,927,0,4,1,331,330,0.0,0.0,1,1,0,8,-1,9,4,0,945,843,857
110,0,0,1,1,0,0,0,1,1,0,0.0,0.0,1,1,0,-1,-1,-1,3,0,535,502,782
111,60,676,875,998,123,38,38,880,880,0,0.002314578440382586,0.005718370264474625,901,959,58,2,3,3,3,13,861,42,98
112,525,627,996,998,2,48,48,920,920,0,0.015112835698968652,0.015283025290173252,994,994,0,4,3,3,3,98,855,23,451
113,0,102,1,925,924,0,5,1,363,362,0.0,3.4037918240920386e-05,1,404,403,4,-1,5,4,2,424,633,476
114,7,213,552,975,423,4,8,419,501,82,6.807583648184077e-05,0.0007488342013002485,457,774,317,3,5,4,2,4,980,210,185
115,0,102,1,894,893,0,16,1,407,406,0.0,0.0002723033459273631,1,594,593,4,-1,5,8,0,415,942,681
116,6,6,428,428,0,36,36,646,646,0,0.0005786446100956465,0.0005786446100956465,730,730,0,-1,4,4,6,1,549,439,564
117,1,1,331,331,0,2,2,331,331,0,0.0,0.0,1,1,0,-1,6,6,2,1,988,896,740
118,108,209,904,964,60,94,94,896,896,0,0.0020763130126961434,0.002110350930937064,892,894,2,5,3,3,8,18,499,171,899
119,0,102,1,936,935,0,5,1,389,388,0.0,0.00034037918240920387,1,647,646,4,-1,5,3,0,568,695,90
120,0,102,1,969,968,0,3,1,405,404,0.0,0.0002042275094455223,1,571,570,4,-1,5,2,0,959,825,667
121,14,220,539,960,421,48,48,578,578,0,0.0004084550188910446,0.0011913271384322134,663,820,157,3,4,4,10,4,259,450,326
122,17,17,704,704,0,19,19,786,786,0,0.0010211375472276116,0.0010211375472276116,818,818,0,-1,3,3,3,3,590,761,835
123,0,102,1,908,907,0,10,1,395,394,0.0,0.0002042275094455223,1,564,563,4,-1,5,6,0,489,695,302
124,384,590,980,992,12,150,150,962,962,0,0.006637394056979475,0.00704584907587052,965,967,2,3,2,2,10,49,259,31,504
125,245,245,976,976,0,54,54,918,918,0,0.005956635692161067,0.005956635692161067,966,966,0,-1,3,3,4,54,403,28,941
126,2,208,358,963,605,10,16,373,428,55,0.0,0.00017018959120460194,1,538,537,3,5,4,8,1,454,853,93
127,0,206,1,988,987,0,8,1,601,600,0.0,0.0018720855032506212,1,888,887,3,-1,4,2,0,898,757,304
128,182,283,959,977,18,100,100,961,961,0,0.00881582082439838,0.00881582082439838,976,976,0,5,2,2,6,24,587,119,543
129,6,108,385,870,485,31,34,402,404,2,3.4037918240920386e-05,0.00010211375472276115,396,459,63,4,4,4,16,1,132,771,791
130,6,212,439,969,530,20,20,583,583,0,0.00013615167296368154,0.0008169100377820892,522,795,273,3,4,4,4,1,921,904,186
131,12,12,568,568,0,22,22,574,574,0,0.0002042275094455223,0.0002042275094455223,579,579,0,-1,4,4,5,4,669,551,429
132,0,101,1,927,926,0,3,1,332,331,0.0,6.807583648184077e-05,1,455,454,5,-1,6,3,0,861,961,694
133,15,15,571,571,0,46,46,632,632,0,0.00030634126416828345,0.00030634126416828345,618,618,0,-1,4,4,9,5,395,510,919
134,0,0,1,1,0,0,0,1,1,0,0.0,0.0,1,1,0,-1,-1,-1,16,0,134,372,674
135,39,39,796,796,0,26,26,628,628,0,0.0008169100377820892,0.0008169100377820892,787,787,0,-1,4,4,5,14,669,387,872
136,0,0,1,1,0,0,0,1,1,0,0.0,0.0,1,1,0,-1,-1,-1,12,0,222,845,960
137,64,166,801,925,124,112,112,694,694,0,0.0004084550188910446,0.0006467204465774873,670,728,58,4,3,3,18,9,34,391,170
138,16,222,557,960,403,52,52,635,635,0,0.0002042275094455223,0.0002723033459273631,555,600,45,3,3,3,9,2,262,670,282
139,0,0,1,1,0,0,0,1,1,0,0.0,0.0,1,1,0,-1,-1,-1,4,0,969,926,542
140,51,51,827,827,0,68,68,848,848,0,0.0018040096667687805,0.0018040096667687805,876,876,0,-1,3,3,7,10,510,296,672
141,46,252,803,969,166,86,86,892,892,0,0.0015657442390823377,0.001599782157323258,856,859,3,3,2,2,7,5,466,535,714
142,0,206,1,960,959,0,24,1,463,462,0.0,0.00030634126416828345,1,629,628,3,-1,4,8,0,231,790,101
143,2,103,372,941,569,4,4,407,407,0,3.4037918240920386e-05,3.4037918240920386e-05,399,399,0,5,5,5,2,1,943,152,837
144,1,102,333,962,629,2,2,333,333,0,3.4037918240920386e-05,0.0002382654276864427,394,610,216,5,6,6,2,3,805,181,176
145,0,0,1,1,0,0,0,1,1,0,0.0,0.0,1,1,0,-1,-1,-1,20,0,61,565,664
146,2,104,373,948,575,6,6,442,442,0,3.4037918240920386e-05,0.00010211375472276115,401,487,86,4,5,5,3,1,600,718,419
147,34,34,781,781,0,30,30,692,692,0,0.0005446066918547262,0.0005446066918547262,727,727,0,-1,4,4,5,9,565,154,998
148,0,206,1,960,959,0,24,1,531,530,0.0,0.00088498587426393,1,782,781,3,-1,4,6,0,393,635,79
149,9,215,655,986,331,12,12,737,737,0,0.0010211375472276116,0.0020082371762143027,826,894,68,3,4,4,2,3,749,390,67
150,0,0,1,1,0,0,0,1,1,0,0.0,0.0,1,1,0,-1,-1,-1,4,1,462,747,660
151,0,206,1,951,950,0,19,1,420,419,0.0,0.0002042275094455223,1,561,560,3,-1,4,8,0,317,757,507
152,2,103,355,901,546,6,6,373,373,0,0.0,3.4037918240920386e-05,1,393,392,5,5,5,4,2,300,320,676
153,0,101,1,878,877,0,16,1,332,331,0.0,0.0,1,1,0,6,-1,7,16,0,78,832,656
154,0,101,1,924,923,0,4,1,330,329,0.0,3.4037918240920386e-05,1,403,402,6,-1,7,4,0,706,574,437
155,181,387,943,982,39,104,104,871,871,0,0.0019061234214915416,0.0023486163586235067,882,903,21,3,3,3,9,34,287,89,194
156,74,176,853,957,104,78,78,821,821,0,0.0013955546478777359,0.0013955546478777359,841,841,0,4,3,3,8,15,297,92,411
157,0,616,1,989,988,0,100,1,594,593,0.0,0.001599782157323258,1,855,854,2,-1,3,21,0,2,702,85
158,18,120,626,910,284,22,22,479,479,0,0.00013615167296368154,0.0005446066918547262,510,716,206,4,4,4,7,5,299,310,209
159,47,47,814,814,0,42,42,732,732,0,0.0008169100377820892,0.0008169100377820892,777,777,0,-1,3,3,6,13,515,340,705
160,2,2,353,353,0,22,22,392,392,0,3.4037918240920386e-05,3.4037918240920386e-05,412,412,0,-1,5,5,13,1,67,931,833
161,6,108,425,903,478,11,12,440,471,31,3.4037918240920386e-05,0.00034037918240920387,403,644,241,4,4,4,4,4,547,512,124
162,0,206,1,971,970,0,12,1,463,462,0.0,0.0011913271384322134,1,840,839,3,-1,4,4,0,542,911,183
163,197,299,965,983,18,50,50,816,816,0,0.004186663943633207,0.004322815616596889,946,947,1,4,3,3,5,48,294,56,527
164,81,182,857,951,94,74,74,783,783,0,0.001497668402600497,0.001497668402600497,852,852,0,6,3,3,9,15,289,206,764
165,2,103,374,947,573,4,4,417,417,0,6.807583648184077e-05,6.807583648184077e-05,452,452,0,5,5,5,2,1,999,807,631
166,0,206,1,959,958,0,11,1,400,399,0.0,0.00010211375472276115,1,479,478,3,-1,4,6,0,419,757,576
167,0,206,1,958,957,0,16,1,419,418,0.0,0.0002723033459273631,1,594,593,3,-1,4,7,0,182,638,683
168,0,101,1,933,932,0,3,1,332,331,0.0,0.0,1,1,0,5,-1,6,3,0,615,922,437
169,1,1,333,333,0,7,7,333,333,0,0.0,0.0,1,1,0,-1,7,7,7,2,413,582,832
170,16,118,632,930,298,22,22,574,574,0,0.0004084550188910446,0.0004084550188910446,681,681,0,4,4,4,5,7,552,115,225
171,108,108,920,920,0,54,54,926,926,0,0.003914360597705844,0.003914360597705844,942,942,0,-1,3,3,4,27,520,304,583
172,6,6,480,480,0,8,8,500,500,0,3.4037918240920386e-05,3.4037918240920386e-05,408,408,0,-1,4,4,2,1,880,762,864
173,27,129,691,910,219,48,48,585,585,0,0.0006467204465774873,0.0006807583648184077,740,748,8,4,4,4,10,8,241,284,167
174,28,28,763,763,0,50,50,842,842,0,0.0013274788113958951,0.0013274788113958951,851,851,0,-1,3,3,5,3,314,642,650
175,0,206,1,979,978,0,8,1,518,517,0.0,0.0005105687736138058,1,720,719,3,-1,4,2,0,977,985,616
176,6,6,429,429,0,11,11,431,431,0,3.4037918240920386e-05,3.4037918240920386e-05,402,402,0,-1,4,4,4,2,500,518,758
177,16,222,556,955,399,66,66,661,661,0,0.00037441710065012424,0.0005105687736138058,654,711,57,3,3,3,10,1,114,741,655
178,8,8,518,518,0,16,16,451,451,0,0.0,0.0,1,1,0,-1,4,4,7,2,482,602,883
179,199,300,992,997,5,32,32,986,986,0,0.013002484768031588,0.013138636440995268,988,988,0,6,3,3,2,81,973,32,279
180,8,8,493,493,0,22,22,406,406,0,6.807583648184077e-05,6.807583648184077e-05,433,433,0,-1,4,4,11,2,233,547,635
181,16,16,624,624,0,30,30,736,736,0,0.0002382654276864427,0.0002382654276864427,593,593,0,-1,3,3,4,1,740,561,644
182,74,74,862,862,0,36,36,664,664,0,0.0019061234214915416,0.0019061234214915416,871,871,0,-1,4,4,6,17,275,45,941
183,0,0,1,1,0,0,0,1,1,0,0.0,0.0,1,1,0,-1,-1,-1,4,0,891,686,992
184,0,101,1,957,956,0,2,1,332,331,0.0,0.00010211375472276115,1,491,490,5,-1,6,2,1,666,738,311
185,22,228,663,967,304,29,33,559,584,25,0.0,0.00034037918240920387,1,642,641,3,3,3,8,5,595,231,479
186,67,67,923,923,0,28,28,924,924,0,0.0028591851322373124,0.0028591851322373124,929,929,0,-1,3,3,3,26,852,127,948
187,94,710,865,995,130,124,134,919,934,15,0.006535280302256714,0.009360427516253106,967,981,14,2,2,2,10,10,109,227,33
188,0,102,1,916,915,0,5,1,364,363,0.0,6.807583648184077e-05,1,448,447,4,-1,5,4,0,304,955,459
189,23,125,701,935,234,46,46,743,743,0,0.00034037918240920387,0.0005786446100956465,651,731,80,4,3,3,6,3,275,280,198
190,50,256,841,978,137,24,24,677,677,0,0.001055175465468532,0.0015657442390823377,817,864,47,3,4,4,4,15,648,62,390
191,0,101,1,956,955,0,2,1,329,328,0.0,0.00013615167296368154,1,529,528,5,-1,6,2,0,996,906,392
192,8,109,488,890,402,29,29,445,445,0,3.4037918240920386e-05,3.4037918240920386e-05,401,401,0,5,4,4,11,2,139,244,763
193,16,632,550,991,441,86,100,642,711,69,0.00013615167296368154,0.0009190237925048504,512,787,275,2,3,3,14,1,144,282,173
194,2,104,418,978,560,3,3,443,443,0,3.4037918240920386e-05,0.0005446066918547262,407,746,339,4,5,5,2,2,775,615,610
195,19,19,652,652,0,24,24,639,639,0,0.0006126825283365669,0.0006126825283365669,736,736,0,-1,4,4,4,4,391,557,989
196,0,0,1,1,0,0,0,1,1,0,0.0,0.0,1,1,0,-1,-1,-1,2,0,734,794,844
197,29,29,638,638,0,116,116,624,624,0,0.0002723033459273631,0.0002723033459273631,598,598,0,-1,3,3,23,7,57,371,928
198,0,102,1,911,910,0,11,1,411,410,0.0,0.00010211375472276115,1,484,483,4,-1,5,6,0,251,522,252
199,24,126,734,937,203,34,34,794,794,0,0.0005105687736138058,0.0006807583648184077,715,753,38,4,3,3,4,3,344,318,532
200,6,212,483,977,494,8,8,505,505,0,0.00010211375472276115,0.0002042275094455223,492,588,96,3,4,4,2,1,896,904,561
201,6,212,398,957,559,30,36,458,488,30,0.0002382654276864427,0.0008509479560230097,587,772,185,3,4,4,12,1,375,899,130
202,62,164,852,949,97,48,48,738,738,0,0.00088498587426393,0.0014636304843595766,801,858,57,4,3,3,7,13,305,217,131
203,26,26,738,738,0,12,12,549,549,0,0.0005446066918547262,0.0005446066918547262,718,718,0,-1,4,4,2,8,909,284,905
204,108,724,919,998,79,34,44,757,839,82,0.0016338200755641784,0.004220701861874128,862,951,89,2,3,3,4,23,632,117,35
205,15,117,660,945,285,14,14,589,589,0,0.0002042275094455223,0.0010892133837094523,571,824,253,4,4,4,3,5,433,241,147
206,0,102,1,875,874,0,16,1,355,354,0.0,0.0,1,1,0,4,-1,5,14,0,85,822,627
207,0,101,1,913,912,0,3,1,331,330,0.0,0.0,1,1,0,5,-1,6,3,0,930,436,676
208,6,107,423,910,487,32,32,604,604,0,0.00034037918240920387,0.00034037918240920387,639,639,0,5,4,4,6,1,369,711,321
209,0,206,1,956,955,0,19,1,404,403,0.0,6.807583648184077e-05,1,445,444,3,-1,4,10,0,293,957,241
210,6,6,399,399,0,54,54,652,652,0,0.0005105687736138058,0.0005105687736138058,700,700,0,-1,4,4,9,1,327,759,820
211,25,125,708,935,227,30,30,715,715,0,0.0006807583648184077,0.0007828721195411688,751,767,16,4,3,3,4,5,887,241,215
212,0,102,1,908,907,0,7,1,360,359,0.0,0.00010211375472276115,1,484,483,4,-1,5,6,0,518,811,724
213,0,102,1,938,937,0,4,1,371,370,0.0,6.807583648184077e-05,1,443,442,4,-1,5,3,1,590,948,598
214,0,206,1,971,970,0,12,1,483,482,0.0,0.0005786446100956465,1,731,730,3,-1,4,4,0,945,784,249
215,29,645,757,998,241,36,50,740,819,79,0.00088498587426393,0.0048674223084516155,794,955,161,2,3,3,5,5,724,562,31
216,66,66,805,805,0,114,114,751,751,0,0.0008169100377820892,0.0008169100377820892,763,763,0,-1,3,3,14,6,122,461,944
217,161,367,958,987,29,84,84,965,965,0,0.005003573981415297,0.006637394056979475,956,969,13,3,2,2,5,31,517,102,49
218,14,14,601,601,0,14,14,532,532,0,0.00017018959120460194,0.00017018959120460194,544,544,0,-1,4,4,3,3,687,677,976
219,0,206,1,967,966,0,24,1,535,534,0.0,0.0006807583648184077,1,740,739,3,-1,4,6,0,556,820,193
220,28,234,658,954,296,90,90,635,635,0,0.0002382654276864427,0.000442492937131965,580,683,103,3,3,3,16,5,151,688,134
221,16,117,559,905,346,64,64,664,664,0,0.0002382654276864427,0.00030634126416828345,585,639,54,5,3,3,10,1,149,810,607
222,0,0,1,1,0,0,0,1,1,0,0.0,0.0,1,1,0,-1,-1,-1,5,0,744,330,367
223,0,206,1,955,954,0,26,1,448,447,0.0,0.0006126825283365669,1,726,725,3,-1,4,9,1,351,787,295
224,6,212,497,982,485,8,12,523,670,147,0.0002042275094455223,0.001599782157323258,574,873,299,3,4,4,2,2,929,223,65
225,89,191,905,969,64,70,70,940,940,0,0.0024507301133462676,0.0025188059498281084,910,911,1,4,3,3,5,17,517,85,862
226,1,1,333,333,0,2,2,333,333,0,0.0,0.0,1,1,0,-1,9,9,2,1,609,647,940
227,0,206,1,969,968,0,18,1,588,587,0.0,0.001157289220191293,1,833,832,3,-1,4,3,1,819,835,89
228,0,0,1,1,0,0,0,1,1,0,0.0,0.0,1,1,0,-1,-1,-1,6,0,253,745,858
229,48,150,788,928,140,78,78,819,819,0,0.0010892133837094523,0.0011232513019503727,813,817,4,4,2,2,8,5,358,362,873
230,0,206,1,966,965,0,16,1,458,457,0.0,0.0013274788113958951,1,846,845,3,-1,4,6,0,518,969,58
231,0,206,1,971,970,0,10,1,459,458,0.0,0.0002042275094455223,1,580,579,3,-1,4,3,0,834,930,510
232,26,128,789,960,171,18,18,693,693,0,0.0020082371762143027,0.0026889955410327104,892,917,25,4,4,4,3,6,523,73,209
233,15,221,593,967,374,24,24,602,602,0,0.0002723033459273631,0.0004765308553728854,610,695,85,3,4,4,4,5,448,454,178
234,16,118,649,940,291,18,18,563,563,0,0.00030634126416828345,0.00037441710065012424,628,663,35,4,4,4,5,6,574,424,110
235,20,20,662,662,0,18,18,512,512,0,0.00030634126416828345,0.00030634126416828345,628,628,0,-1,4,4,5,5,701,562,982
236,3,209,406,960,554,14,18,414,446,32,3.4037918240920386e-05,0.0007147962830593281,407,769,362,3,5,4,7,2,466,627,283
237,28,130,690,912,222,102,102,858,858,0,0.0008509479560230097,0.001055175465468532,773,804,31,4,3,3,11,7,379,224,210
238,69,69,906,906,0,22,22,825,825,0,0.002382654276864427,0.002382654276864427,915,915,0,-1,3,3,2,18,817,141,929
239,0,0,1,1,0,0,0,1,1,0,0.0,0.0,1,1,0,-1,-1,-1,14,0,47,994,950
240,522,624,994,997,3,72,72,976,976,0,0.015453214881377854,0.015521290717859695,993,993,0,4,2,2,3,91,743,7,499
241,1,102,332,953,621,2,2,332,332,0,0.0,0.0,1,1,0,5,6,6,2,2,792,331,602
242,1,207,333,950,617,15,25,333,389,56,0.0,0.00013615167296368154,1,504,503,3,6,4,15,1,0,703,680
243,73,175,869,962,93,50,50,851,851,0,0.0020082371762143027,0.002552843868069029,884,906,22,4,3,3,5,17,502,85,283
244,12,218,544,967,423,38,38,642,642,0,0.000442492937131965,0.0006126825283365669,685,732,47,3,4,4,7,3,362,610,160
245,4,105,421,921,500,8,8,390,390,0,0.00010211375472276115,0.00010211375472276115,479,479,0,6,5,5,5,3,386,411,437
246,0,1640,1,1000,999,0,80,1,789,788,0.0,0.011743081793117532,1,984,983,1,-1,2,9,0,277,957,112
247,46,148,798,938,140,58,58,756,756,0,0.0006807583648184077,0.0007828721195411688,738,769,31,4,3,3,7,9,366,212,285
248,0,206,1,973,972,0,9,1,459,458,0.0,0.0002382654276864427,1,593,592,3,-1,4,4,0,735,483,563
249,6,6,466,466,0,16,16,568,568,0,3.4037918240920386e-05,3.4037918240920386e-05,407,407,0,-1,4,4,4,1,696,810,929
250,0,102,1,923,922,0,6,1,382,381,0.0,6.807583648184077e-05,1,445,444,4,-1,5,4,0,767,886,110
251,0,102,1,901,900,0,10,1,404,403,0.0,0.00034037918240920387,1,654,653,4,-1,5,5,1,408,962,293
252,34,136,828,959,131,12,12,616,616,0,0.0008169100377820892,0.0009530617107457708,777,806,29,4,4,4,2,11,779,83,346
253,0,0,1,1,0,0,0,1,1,0,0.0,0.0,1,1,0,-1,-1,-1,5,0,580,846,542
254,6,107,417,903,486,32,32,531,531,0,0.0002382654276864427,0.00034037918240920387,595,653,58,5,4,4,8,1,420,711,615
255,16,222,552,952,400,74,74,656,656,0,0.00030634126416828345,0.00037441710065012424,623,649,26,3,3,3,12,1,143,667,935
256,0,102,1,932,931,0,5,1,392,391,0.0,0.00030634126416828345,1,646,645,4,-1,5,3,0,844,821,280
257,22,22,704,704,0,18,18,634,634,0,0.0004084550188910446,0.0004084550188910446,675,675,0,-1,4,4,3,8,726,417,872
258,122,328,941,988,47,50,50,895,895,0,0.002552843868069029,0.0027911092957554717,910,917,7,3,3,3,5,21,744,123,655
259,27,233,746,976,230,20,20,591,591,0,0.0007147962830593281,0.0009190237925048504,766,805,39,3,4,4,4,9,566,212,173
260,15,115,664,951,287,10,10,531,531,0,0.00030634126416828345,0.0006807583648184077,633,763,130,4,4,4,3,6,953,432,418
261,29,131,804,963,159,22,22,833,833,0,0.00037441710065012424,0.0010892133837094523,664,817,153,4,3,3,2,6,809,107,138
262,0,101,1,964,963,0,2,1,331,330,0.0,0.0,1,1,0,5,-1,6,2,0,987,867,627
263,0,101,1,969,968,0,2,1,331,330,0.0,0.0006467204465774873,1,756,755,5,-1,6,2,2,884,431,396
264,74,280,825,969,144,186,186,903,903,0,0.001055175465468532,0.0016338200755641784,804,856,52,3,2,2,17,6,112,490,303
265,8,8,549,549,0,26,26,659,659,0,0.0002723033459273631,0.0002723033459273631,614,614,0,-1,4,4,5,4,602,149,684
266,18,119,696,940,244,12,12,567,567,0,0.000442492937131965,0.000442492937131965,704,704,0,5,4,4,2,3,828,382,743
267,8,8,538,538,0,15,15,537,537,0,0.0002723033459273631,0.0002723033459273631,610,610,0,-1,4,4,4,3,550,290,798
268,9,215,541,966,425,22,26,539,581,42,0.0002042275094455223,0.0009870996289866913,569,806,237,3,4,4,5,3,531,214,155
269,0,0,1,1,0,0,0,1,1,0,0.0,0.0,1,1,0,-1,-1,-1,16,0,53,733,847
270,0,206,1,940,939,0,64,1,509,508,0.0,0.0015317063208414173,1,857,856,3,-1,4,18,0,111,757,117
271,1,1,333,333,0,9,9,333,333,0,0.0,0.0,1,1,0,-1,7,7,9,1,422,972,817
272,2,1642,361,1000,639,10,48,448,887,439,0.00013615167296368154,0.021750229755948126,500,995,495,1,5,2,5,2,557,215,594
273,0,0,1,1,0,0,0,1,1,0,0.0,0.0,1,1,0,-1,-1,-1,3,0,918,876,944
274,0,0,1,1,0,0,0,1,1,0,0.0,0.0,1,1,0,-1,-1,-1,4,0,511,963,941
275,0,101,1,927,926,0,2,1,330,329,0.0,0.0,1,1,0,5,-1,6,2,0,828,574,547
276,44,146,798,936,138,48,48,695,695,0,0.00088498587426393,0.0009190237925048504,789,792,3,4,3,3,7,9,273,240,762
277,0,206,1,971,970,0,8,1,438,437,0.0,0.0004084550188910446,1,674,673,3,-1,4,2,0,893,864,480
278,0,101,1,945,944,0,2,1,331,330,0.0,6.807583648184077e-05,1,447,446,5,-1,6,2,0,760,423,708
279,18,18,568,568,0,60,60,556,556,0,0.00013615167296368154,0.00013615167296368154,501,501,0,-1,3,3,13,2,92,791,276
280,6,212,434,969,535,16,20,478,532,54,6.807583648184077e-05,0.0006807583648184077,438,750,312,3,4,4,6,1,575,797,326
281,16,222,500,950,450,76,84,504,528,24,0.00030634126416828345,0.0006467204465774873,611,723,112,3,3,3,21,1,13,500,465
282,0,101,1,925,924,0,3,1,331,330,0.0,0.0,1,1,0,5,-1,6,3,1,923,828,853
283,19,19,775,775,0,22,22,896,896,0,0.0008169100377820892,0.0008169100377820892,786,786,0,-1,3,3,2,3,968,268,854
284,13,114,637,948,311,12,12,609,609,0,0.0002723033459273631,0.0002723033459273631,613,613,0,5,4,4,2,3,733,291,238
285,42,248,762,962,200,66,66,679,679,0,0.0004765308553728854,0.0006807583648184077,709,753,44,3,3,3,10,9,75,391,586
286,56,1696,800,1000,200,96,130,781,904,123,0.0009530617107457708,0.00980292045338507,787,976,189,1,3,2,11,11,139,83,214
287,74,176,905,971,66,32,32,920,920,0,0.003437829742332959,0.0035059055788147996,936,937,1,4,3,3,2,15,919,153,259
288,4,4,443,443,0,6,6,419,419,0,0.00017018959120460194,0.00017018959120460194,550,550,0,-1,5,5,3,2,627,579,909
289,28,28,700,700,0,68,68,792,792,0,0.0005786446100956465,0.0005786446100956465,736,736,0,-1,3,3,8,4,282,288,730
290,6,212,400,955,555,70,74,614,640,26,0.0002382654276864427,0.00088498587426393,592,783,191,3,4,4,13,1,97,727,234
291,6,6,398,398,0,24,24,437,437,0,3.4037918240920386e-05,3.4037918240920386e-05,401,401,0,-1,4,4,9,2,159,654,200
292,1,102,333,912,579,4,4,333,333,0,3.4037918240920386e-05,3.4037918240920386e-05,402,402,0,5,6,6,4,1,717,437,509
293,126,332,902,976,74,166,166,951,951,0,0.0029612988869600733,0.002995336805200994,923,923,0,3,2,2,12,12,184,104,309
294,0,616,1,993,992,0,42,1,697,696,0.0,0.00616086320160659,1,970,969,2,-1,3,6,0,498,974,127
295,124,124,932,932,0,40,40,777,777,0,0.0020763130126961434,0.0020763130126961434,886,886,0,-1,3,3,5,34,487,89,990
296,0,0,1,1,0,0,0,1,1,0,0.0,0.0,1,1,0,-1,-1,-1,11,0,307,955,922
297,0,101,1,869,868,0,17,1,332,331,0.0,0.0,1,1,0,5,-1,6,17,0,10,926,495
298,23,229,747,978,231,12,12,612,612,0,0.0007147962830593281,0.0012594029749140542,760,841,81,3,4,4,2,8,849,161,795
299,6,212,401,957,556,26,34,467,509,42,3.4037918240920386e-05,0.00037441710065012424,405,661,256,3,4,4,9,4,274,512,299
300,30,132,728,925,197,30,30,555,555,0,0.0002042275094455223,0.000442492937131965,571,690,119,4,4,4,7,10,637,262,645
301,6,622,406,994,588,32,46,518,627,109,6.807583648184077e-05,0.0017359338302869397,451,868,417,2,4,3,8,3,218,309,106
302,25,231,693,963,270,26,42,509,631,122,0.0002042275094455223,0.0033357159876101976,568,933,365,3,4,4,7,7,417,176,50
303,0,0,1,1,0,0,0,1,1,0,0.0,0.0,1,1,0,-1,-1,-1,17,0,73,751,685
304,6,212,493,977,484,12,12,616,616,0,0.0002382654276864427,0.0035059055788147996,595,934,339,3,4,4,2,2,734,805,31
305,224,430,956,984,28,172,172,934,934,0,0.0046972327172470135,0.004765308553728854,953,953,0,3,2,2,13,28,129,98,313
306,6,108,448,926,478,13,16,455,488,33,0.0002382654276864427,0.000442492937131965,584,688,104,4,4,4,6,1,399,334,202
307,143,759,916,994,78,204,204,943,943,0,0.0026549576227917903,0.003778208924742163,913,937,24,2,2,2,15,17,45,85,206
308,6,107,456,924,468,8,8,397,397,0,3.4037918240920386e-05,6.807583648184077e-05,390,437,47,5,5,5,5,3,720,311,566
309,65,65,866,866,0,28,28,741,741,0,0.001055175465468532,0.001055175465468532,813,813,0,-1,3,3,3,16,836,113,604
310,0,206,1,956,955,0,34,1,522,521,0.0,0.0011232513019503727,1,814,813,3,-1,4,9,0,200,517,203
311,6,6,388,388,0,29,29,408,408,0,0.0,0.0,1,1,0,-1,4,4,14,1,108,862,674
312,0,206,1,959,958,0,32,1,494,493,0.0,0.0006807583648184077,1,743,742,3,-1,4,10,0,211,715,179
313,44,250,770,966,196,74,74,748,748,0,0.0004084550188910446,0.0005446066918547262,669,706,37,3,3,3,9,4,381,328,315
314,48,48,835,835,0,58,58,940,940,0,0.0013615167296368155,0.0013615167296368155,856,856,0,-1,2,2,4,5,401,589,574
315,8,109,505,917,412,12,12,439,439,0,0.00017018959120460194,0.00017018959120460194,537,537,0,6,4,4,4,2,500,499,344
316,8,8,515,515,0,26,26,597,597,0,0.00034037918240920387,0.00034037918240920387,642,642,0,-1,4,4,5,2,773,628,754
317,38,38,794,794,0,46,46,762,762,0,0.0004084550188910446,0.0004084550188910446,679,679,0,-1,3,3,6,8,465,132,953
318,100,100,843,843,0,100,100,593,593,0,0.027877055039313797,0.027877055039313797,1000,1000,0,-1,1,1,19,130,89,3,665
319,0,0,1,1,0,0,0,1,1,0,0.0,0.0,1,1,0,-1,-1,-1,13,0,90,847,921
320,0,0,1,1,0,0,0,1,1,0,0.0,0.0,1,1,0,-1,-1,-1,4,0,547,957,735
321,0,206,1,958,957,0,29,1,515,514,0.0,0.0004765308553728854,1,693,692,3,-1,4,9,0,278,880,103
322,154,154,923,923,0,134,134,929,929,0,0.002825147213996392,0.002825147213996392,915,915,0,-1,2,2,10,18,310,171,569
323,67,168,835,935,100,90,90,790,790,0,0.001055175465468532,0.001055175465468532,807,807,0,5,3,3,10,13,125,120,755
324,16,222,614,970,356,28,28,624,624,0,0.0002042275094455223,0.0010892133837094523,582,830,248,3,3,3,5,1,474,958,71
325,24,24,677,677,0,40,40,633,633,0,0.0006807583648184077,0.0006807583648184077,753,753,0,-1,3,3,7,4,714,479,903
326,0,101,1,903,902,0,5,1,331,330,0.0,6.807583648184077e-05,1,443,442,5,-1,6,5,0,818,823,441
327,57,57,834,834,0,66,66,864,864,0,0.0026889955410327104,0.0026889955410327104,917,917,0,-1,3,3,6,6,267,73,624
328,0,0,1,1,0,0,0,1,1,0,0.0,0.0,1,1,0,-1,-1,-1,9,0,100,786,850
329,0,616,1,989,988,0,98,1,752,751,0.0,0.006909697402906838,1,966,965,2,-1,3,13,0,242,832,6
330,0,0,1,1,0,0,0,1,1,0,0.0,0.0,1,1,0,-1,-1,-1,7,1,637,913,832
331,2,103,363,917,554,7,7,392,392,0,3.4037918240920386e-05,0.00017018959120460194,412,559,147,5,5,5,4,2,784,560,691
332,0,206,1,972,971,0,9,1,473,472,0.0,0.0007488342013002485,1,770,769,3,-1,4,3,2,842,709,642
333,0,0,1,1,0,0,0,1,1,0,0.0,0.0,1,1,0,-1,-1,-1,9,1,126,529,583
334,270,470,964,984,20,250,250,970,970,0,0.005446066918547262,0.006024711528642908,959,962,3,3,2,2,16,31,195,34,352
335,12,12,561,561,0,28,28,559,559,0,0.00017018959120460194,0.00017018959120460194,539,539,0,-1,4,4,6,2,345,697,831
336,31,31,676,676,0,80,80,548,548,0,0.0002042275094455223,0.0002042275094455223,557,557,0,-1,4,4,18,6,69,229,823
337,6,212,493,979,486,18,18,704,704,0,0.0006126825283365669,0.0015657442390823377,744,865,121,3,4,4,3,2,953,482,161
338,6,6,459,459,0,12,12,496,496,0,0.00010211375472276115,0.00010211375472276115,487,487,0,-1,4,4,4,1,543,531,859
339,0,0,1,1,0,0,0,1,1,0,0.0,0.0,1,1,0,-1,-1,-1,6,0,402,445,925
340,0,206,1,970,969,0,14,1,494,493,0.0,0.0010892133837094523,1,818,817,3,-1,4,5,0,908,483,227
341,0,101,1,929,928,0,4,1,331,330,0.0,0.00010211375472276115,1,483,482,5,-1,6,4,0,891,908,416
342,24,230,660,958,298,78,82,655,663,8,0.00037441710065012424,0.001055175465468532,653,808,155,3,3,3,14,4,84,479,501
343,16,118,645,936,291,28,28,733,733,0,0.00037441710065012424,0.0005446066918547262,683,728,45,4,3,3,5,1,744,741,666
344,10,216,515,957,442,36,36,485,485,0,0.00013615167296368154,0.00017018959120460194,508,530,22,3,4,4,12,5,187,710,691
345,85,701,872,997,125,86,96,917,936,19,0.0026889955410327104,0.003914360597705844,913,939,26,2,2,2,7,14,362,84,155
346,20,20,722,722,0,12,12,628,628,0,0.0006126825283365669,0.0006126825283365669,746,746,0,-1,4,4,2,8,939,250,925
347,2,618,372,999,627,4,22,406,791,385,0.0,0.007216038667075122,1,974,973,2,5,3,2,1,970,506,28
348,2,618,350,991,641,15,52,377,602,225,0.00017018959120460194,0.0012934408931549745,541,823,282,2,5,3,9,1,101,601,174
349,40,40,827,827,0,48,48,947,947,0,0.0036760951700194017,0.0036760951700194017,938,938,0,-1,2,2,3,1,903,360,767
350,54,260,817,976,159,82,82,835,835,0,0.0011913271384322134,0.0014636304843595766,820,842,22,3,2,2,8,4,225,267,168
351,2,2,362,362,0,3,3,362,362,0,0.0,0.0,1,1,0,-1,5,5,2,2,429,292,846
352,6,6,548,548,0,12,12,720,720,0,0.00017018959120460194,0.00017018959120460194,552,552,0,-1,4,4,2,1,968,553,675
353,20,636,633,993,360,54,58,732,737,5,0.000442492937131965,0.0019061234214915416,682,886,204,2,3,3,7,4,246,287,64
354,0,0,1,1,0,0,0,1,1,0,0.0,0.0,1,1,0,-1,-1,-1,7,0,246,542,633
355,0,0,1,1,0,0,0,1,1,0,0.0,0.0,1,1,0,-1,-1,-1,15,0,0,669,705
356,0,0,1,1,0,0,0,1,1,0,0.0,0.0,1,1,0,-1,-1,-1,3,0,855,990,806
357,41,41,839,839,0,52,52,965,965,0,0.0028932230504782326,0.0028932230504782326,930,930,0,-1,2,2,3,3,800,299,729
358,66,168,840,949,109,58,58,738,738,0,0.0010211375472276116,0.0010211375472276116,811,811,0,4,3,3,8,11,418,97,495
359,2,2,350,350,0,24,24,380,380,0,3.4037918240920386e-05,3.4037918240920386e-05,399,399,0,-1,5,5,15,1,107,265,838
360,115,216,908,959,51,116,116,923,923,0,0.0014295925661186562,0.0014636304843595766,843,844,1,5,3,3,10,18,243,64,862
361,0,206,1,976,975,0,18,1,696,695,0.0,0.0030293747234419145,1,925,924,3,-1,4,3,0,433,992,105
362,20,122,612,903,291,72,72,658,658,0,0.0002382654276864427,0.00034037918240920387,585,637,52,4,3,3,11,3,188,222,208
363,0,206,1,959,958,0,18,1,447,446,0.0,0.0010211375472276116,1,808,807,3,-1,4,7,1,265,660,163
364,13,219,640,977,337,14,14,587,587,0,0.0006467204465774873,0.0018040096667687805,752,887,135,3,4,4,3,7,748,170,78
365,28,28,716,716,0,56,56,827,827,0,0.0006126825283365669,0.0006126825283365669,745,745,0,-1,3,3,6,4,98,326,881
366,11,11,689,689,0,4,4,453,453,0,0.0005786446100956465,0.0005786446100956465,736,736,0,-1,5,5,2,7,847,396,845
367,70,70,829,829,0,114,114,842,842,0,0.0013955546478777359,0.0013955546478777359,843,843,0,-1,2,2,12,6,194,658,568
368,3,105,477,960,483,4,4,453,453,0,0.0,3.4037918240920386e-05,1,407,406,4,5,5,2,2,847,749,152
369,32,648,697,992,295,118,128,835,865,30,0.0008169100377820892,0.001599782157323258,769,852,83,2,3,3,13,7,185,224,519
370,17,223,645,972,327,8,8,438,438,0,0.0002723033459273631,0.0007828721195411688,604,775,171,3,4,4,2,6,769,486,353
371,78,180,871,955,84,66,66,863,863,0,0.002110350930937064,0.0024507301133462676,893,908,15,4,3,3,6,17,526,60,467
372,82,82,896,896,0,22,22,722,722,0,0.0019741992579733825,0.0019741992579733825,892,892,0,-1,3,3,2,17,909,60,738
373,28,644,765,998,233,34,34,812,812,0,0.0007488342013002485,0.011402702610708328,776,986,210,2,3,3,4,7,573,253,3
374,152,152,902,902,0,292,292,950,950,0,0.002280540522141666,0.002280540522141666,887,887,0,-1,2,2,19,13,14,183,985
375,21,637,761,1000,239,12,22,673,836,163,0.0007488342013002485,0.00707988699411144,777,966,189,2,4,3,2,5,951,216,430
376,36,137,848,970,122,24,24,866,866,0,0.0007828721195411688,0.0009190237925048504,780,806,26,5,3,3,3,9,922,145,785
377,0,0,1,1,0,0,0,1,1,0,0.0,0.0,1,1,0,-1,-1,-1,3,0,829,894,200
378,16,16,613,613,0,32,32,717,717,0,0.0004084550188910446,0.0004084550188910446,676,676,0,-1,3,3,5,1,284,869,565
379,49,151,836,946,110,28,28,729,729,0,0.0012253650566731338,0.0012594029749140542,837,840,3,4,3,3,3,8,725,352,679
380,6,108,439,918,479,26,26,597,597,0,0.0006467204465774873,0.00088498587426393,751,796,45,4,4,4,5,1,773,404,229
381,16,222,551,955,404,114,114,808,808,0,0.00030634126416828345,0.0015657442390823377,619,849,230,3,3,3,13,1,129,681,36
382,6,212,437,971,534,9,18,446,623,177,0.0,0.0011913271384322134,1,832,831,3,4,4,3,1,554,606,255
383,0,101,1,956,955,0,2,1,331,330,0.0,0.00010211375472276115,1,497,496,5,-1,6,2,0,974,800,899
384,6,6,463,463,0,14,14,588,588,0,0.00030634126416828345,0.00030634126416828345,627,627,0,-1,4,4,3,1,710,609,849
385,6,212,409,957,548,26,30,455,494,39,0.0,0.0004765308553728854,1,701,700,3,4,4,9,1,140,623,438
386,21,21,646,646,0,37,37,616,616,0,0.00034037918240920387,0.00034037918240920387,650,650,0,-1,3,3,8,4,468,557,715
387,2,103,430,980,550,4,4,561,561,0,0.00010211375472276115,0.00010211375472276115,512,512,0,6,5,5,2,4,955,409,441
388,38,140,776,941,165,44,44,796,796,0,0.0007147962830593281,0.0009190237925048504,763,805,42,4,3,3,4,6,671,461,233
389,2,2,368,368,0,7,7,413,413,0,0.0002042275094455223,0.0002042275094455223,581,581,0,-1,5,5,4,2,543,648,871
390,0,0,1,1,0,0,0,1,1,0,0.0,0.0,1,1,0,-1,-1,-1,7,0,305,985,843
391,0,0,1,1,0,0,0,1,1,0,0.0,0.0,1,1,0,-1,-1,-1,16,0,151,723,994
392,7,108,557,950,393,8,8,509,509,0,6.807583648184077e-05,6.807583648184077e-05,458,458,0,6,4,4,2,3,986,434,563
393,58,58,865,865,0,28,28,799,799,0,0.001940161339732462,0.001940161339732462,891,891,0,-1,3,3,3,13,627,42,951
394,0,0,1,1,0,0,0,1,1,0,0.0,0.0,1,1,0,-1,-1,-1,8,0,521,818,778
395,72,174,877,962,85,22,22,741,741,0,0.00088498587426393,0.0009190237925048504,795,800,5,4,3,3,2,12,905,159,904
396,6,6,435,435,0,11,11,440,440,0,0.0,0.0,1,1,0,-1,4,4,5,1,457,807,892
397,0,616,1,995,994,0,56,1,855,854,0.0,0.009020048333843901,1,980,979,2,-1,3,5,1,506,660,7
398,0,206,1,972,971,0,8,1,477,476,0.0,0.0004765308553728854,1,701,700,3,-1,4,2,0,931,608,329
399,43,145,817,953,136,50,50,861,861,0,0.0006126825283365669,0.0007828721195411688,730,776,46,4,3,3,5,6,430,461,317
400,209,311,971,982,11,44,44,848,848,0,0.00439089145307873,0.004629156880765172,948,951,3,4,3,3,4,44,753,27,810
401,6,212,423,970,547,15,24,441,547,106,0.00010211375472276115,0.0002723033459273631,477,620,143,3,4,4,6,1,341,756,168
402,8,8,514,514,0,26,26,595,595,0,0.00017018959120460194,0.00017018959120460194,550,550,0,-1,4,4,5,2,392,363,965
403,7,109,548,944,396,13,14,622,622,0,0.0002042275094455223,0.0004765308553728854,572,711,139,4,4,4,3,2,888,724,177
404,16,222,669,976,307,18,24,654,786,132,0.00030634126416828345,0.0005786446100956465,642,726,84,3,3,3,3,1,670,593,480
405,45,251,789,972,183,54,58,713,735,22,0.0007828721195411688,0.0020082371762143027,772,883,111,3,3,3,8,9,257,293,89
406,6,6,413,413,0,19,19,443,443,0,3.4037918240920386e-05,3.4037918240920386e-05,399,399,0,-1,4,4,8,1,282,639,731
407,267,267,968,968,0,118,118,913,913,0,0.0035739814152966403,0.0035739814152966403,940,940,0,-1,3,3,8,31,370,76,806
408,0,101,1,905,904,0,7,1,332,331,0.0,0.0,1,1,0,7,-1,8,7,0,510,864,469
409,102,308,890,973,83,72,72,831,831,0,0.002825147213996392,0.00439089145307873,917,950,33,3,3,3,7,15,447,158,128
410,0,102,1,898,897,0,10,1,352,351,0.0,0.00010211375472276115,1,481,480,4,-1,5,9,0,339,696,931
411,6,212,465,976,511,20,24,614,676,62,0.0004084550188910446,0.0012594029749140542,668,846,178,3,4,4,4,1,648,439,114
412,0,0,1,1,0,0,0,1,1,0,0.0,0.0,1,1,0,-1,-1,-1,22,0,33,826,738
413,6,108,438,923,485,20,20,593,593,0,0.0002723033459273631,0.0002723033459273631,616,616,0,4,4,4,4,1,280,480,602
414,17,119,633,928,295,20,20,546,546,0,0.00030634126416828345,0.000442492937131965,639,691,52,4,4,4,4,6,500,516,532
415,16,118,656,940,284,12,12,567,567,0,0.00037441710065012424,0.00088498587426393,675,797,122,4,4,4,2,6,828,275,40
416,0,206,1,972,971,0,15,1,558,557,0.0,0.0005105687736138058,1,715,714,3,-1,4,4,0,461,713,480
417,0,102,1,927,926,0,6,1,362,361,0.0,3.4037918240920386e-05,1,401,400,4,-1,5,5,0,647,564,931
418,0,206,1,942,941,0,34,1,405,404,0.0,0.00017018959120460194,1,529,528,3,-1,4,17,1,94,235,197
419,0,0,1,1,0,0,0,1,1,0,0.0,0.0,1,1,0,-1,-1,-1,8,0,418,846,746
420,177,177,972,972,0,32,32,916,916,0,0.006569318220497634,0.006569318220497634,970,970,0,-1,3,3,2,34,993,20,753
421,290,391,969,979,10,248,248,967,967,0,0.002995336805200994,0.0030974505599237552,922,926,4,5,2,2,15,33,0,15,594
422,0,206,1,975,974,0,14,1,529,528,0.0,0.0018040096667687805,1,876,875,3,-1,4,5,0,695,900,119
423,2,208,359,964,605,9,14,390,442,52,0.0,0.000442492937131965,1,684,683,3,5,4,5,1,347,503,288
424,26,128,696,928,232,48,48,689,689,0,0.0010892133837094523,0.0012934408931549745,814,826,12,4,4,4,8,6,431,289,371
425,0,206,1,978,977,0,12,1,581,580,0.0,0.0006126825283365669,1,740,739,3,-1,4,2,0,643,817,343
426,347,449,996,998,2,72,72,993,993,0,0.017495489975833077,0.017529527894074,992,992,0,4,2,2,3,96,883,1,379
427,28,28,682,682,0,76,76,729,729,0,0.0006807583648184077,0.0006807583648184077,761,761,0,-1,3,3,10,3,149,616,959
428,0,206,1,972,971,0,24,1,683,682,0.0,0.00353994349705572,1,930,929,3,-1,4,4,0,706,726,34
429,16,16,560,560,0,46,46,589,589,0,0.00010211375472276115,0.00010211375472276115,479,479,0,-1,4,4,9,4,269,380,774
430,10,111,554,921,367,22,22,552,552,0,0.0002042275094455223,0.0002042275094455223,575,575,0,6,4,4,5,3,677,301,748
431,102,203,908,962,54,44,44,818,818,0,0.002212464685659825,0.0022465026039007454,894,895,1,5,3,3,4,23,516,122,671
432,28,28,731,731,0,66,66,865,865,0,0.0005446066918547262,0.0005446066918547262,709,709,0,-1,3,3,6,5,353,283,400
433,40,246,780,972,192,50,50,794,794,0,0.0012934408931549745,0.0020082371762143027,836,882,46,3,3,3,5,5,818,412,53
434,0,101,1,948,947,0,3,1,329,328,0.0,0.00010211375472276115,1,499,498,5,-1,6,3,0,911,973,392
435,0,0,1,1,0,0,0,1,1,0,0.0,0.0,1,1,0,-1,-1,-1,10,0,125,925,982
436,40,246,737,960,223,112,112,839,839,0,0.0010892133837094523,0.0018380475850097008,803,873,70,3,2,2,12,1,184,404,163
437,0,0,1,1,0,0,0,1,1,0,0.0,0.0,1,1,0,-1,-1,-1,2,0,750,975,800
438,22,22,586,586,0,124,124,693,693,0,0.0004765308553728854,0.0004765308553728854,694,694,0,-1,3,3,19,3,36,197,753
439,143,143,909,909,0,170,170,880,880,0,0.0015317063208414173,0.0015317063208414173,845,845,0,-1,2,2,16,20,151,189,953
440,0,0,1,1,0,0,0,1,1,0,0.0,0.0,1,1,0,-1,-1,-1,7,0,209,772,940
441,0,206,1,973,972,0,13,1,466,465,0.0,0.0002723033459273631,1,614,613,3,-1,4,6,3,594,854,253
442,6,622,440,998,558,10,28,457,724,267,0.00013615167296368154,0.002484768031587188,514,904,390,2,4,3,3,2,687,670,135
443,40,246,783,970,187,62,62,779,779,0,0.0007828721195411688,0.0011232513019503727,771,826,55,3,3,3,7,6,714,490,637
444,22,22,603,603,0,92,92,624,624,0,0.00013615167296368154,0.00013615167296368154,517,517,0,-1,3,3,16,3,42,300,728
445,0,102,1,936,935,0,3,1,362,361,0.0,0.00013615167296368154,1,515,514,4,-1,5,2,1,972,693,188
446,21,123,684,929,245,26,26,561,561,0,0.0004765308553728854,0.0005786446100956465,703,733,30,4,4,4,7,6,697,4,314
447,0,102,1,926,925,0,6,1,417,416,0.0,0.0009190237925048504,1,806,805,4,-1,5,3,0,588,426,166
448,68,274,788,959,171,206,206,834,834,0,0.0010211375472276116,0.0015657442390823377,807,854,47,3,2,2,21,4,54,185,145
449,0,616,1,988,987,0,84,1,523,522,0.0,0.001497668402600497,1,851,850,2,-1,3,20,3,5,854,658
450,0,102,1,970,969,0,3,1,401,400,0.0,0.00010211375472276115,1,490,489,4,-1,5,2,0,898,611,677
451,0,0,1,1,0,0,0,1,1,0,0.0,0.0,1,1,0,-1,-1,-1,5,0,294,971,668
452,169,270,936,970,34,160,160,946,946,0,0.0024166921951053475,0.0024166921951053475,901,901,0,6,2,2,11,20,360,95,972
453,4,105,480,956,476,6,6,517,517,0,0.00010211375472276115,0.00013615167296368154,493,525,32,5,5,5,3,3,918,508,152
454,0,101,1,899,898,0,8,1,332,331,0.0,0.0,1,1,0,5,-1,6,8,1,282,814,671
455,6,6,551,551,0,8,8,604,604,0,0.0,0.0,1,1,0,-1,4,4,2,1,810,416,835
456,20,226,621,954,333,38,46,540,585,45,0.0005446066918547262,0.0011232513019503727,718,821,103,3,4,4,9,5,159,562,139
457,31,31,719,719,0,46,46,629,629,0,0.0006467204465774873,0.0006467204465774873,751,751,0,-1,3,3,8,6,197,4,973
458,12,628,562,995,433,28,42,598,730,132,0.00030634126416828345,0.0053099152455835805,630,958,328,2,4,3,6,2,606,475,16
459,124,330,943,986,43,32,32,919,919,0,0.003199564314646516,0.003710133088260322,931,940,9,3,3,3,2,23,750,117,490
460,16,16,589,589,0,44,44,697,697,0,0.0005786446100956465,0.0005786446100956465,729,729,0,-1,3,3,7,2,416,160,945
461,0,0,1,1,0,0,0,1,1,0,0.0,0.0,1,1,0,-1,-1,-1,4,0,717,725,271
462,0,616,1,995,994,0,24,1,514,513,0.0,0.0006807583648184077,1,750,749,2,-1,3,6,0,630,910,619
463,6,6,401,401,0,27,27,425,425,0,3.4037918240920386e-05,3.4037918240920386e-05,401,401,0,-1,4,4,11,1,139,618,715
464,0,0,1,1,0,0,0,1,1,0,0.0,0.0,1,1,0,-1,-1,-1,4,0,815,892,835
465,1111,1711,999,1000,1,416,416,998,998,0,0.019912182170938427,0.02277136730317574,998,999,1,2,2,2,17,127,63,11,88
466,0,616,1,996,995,0,36,1,724,723,0.0,0.002995336805200994,1,925,924,2,-1,3,5,0,766,930,68
467,0,0,1,1,0,0,0,1,1,0,0.0,0.0,1,1,0,-1,-1,-1,8,0,454,991,907
468,0,101,1,904,903,0,7,1,331,330,0.0,3.4037918240920386e-05,1,411,410,5,-1,6,7,2,698,633,690
469,24,230,728,976,248,18,18,611,611,0,0.0008509479560230097,0.004901460226692535,798,956,158,3,4,4,3,7,746,150,31
470,4,4,433,433,0,7,7,392,392,0,0.00010211375472276115,0.00010211375472276115,485,485,0,-1,5,5,5,2,727,547,693
471,10,10,573,573,0,10,10,461,461,0,0.0002042275094455223,0.0002042275094455223,582,582,0,-1,4,4,3,3,819,596,918
472,34,240,775,973,198,22,22,707,707,0,0.000442492937131965,0.0007828721195411688,680,773,93,3,3,3,2,7,769,237,579
473,84,84,921,921,0,12,12,662,662,0,0.001599782157323258,0.001599782157323258,869,869,0,-1,4,4,2,34,979,89,794
474,9,9,504,504,0,29,29,482,482,0,3.4037918240920386e-05,3.4037918240920386e-05,409,409,0,-1,4,4,9,3,803,534,367
475,37,37,814,814,0,36,36,780,780,0,0.0005786446100956465,0.0005786446100956465,737,737,0,-1,3,3,5,7,685,329,969
476,8,8,486,486,0,16,16,422,422,0,6.807583648184077e-05,6.807583648184077e-05,439,439,0,-1,4,4,6,2,312,599,538
477,50,256,755,958,203,152,152,754,754,0,0.0004765308553728854,0.0005786446100956465,685,707,22,3,3,3,21,6,25,376,534
478,36,137,834,965,131,28,28,851,851,0,0.0009530617107457708,0.0009870996289866913,807,813,6,5,3,3,3,6,485,46,885
479,0,0,1,1,0,0,0,1,1,0,0.0,0.0,1,1,0,-1,-1,-1,8,0,218,973,934
480,0,206,1,950,949,0,29,1,459,458,0.0,0.0007147962830593281,1,746,745,3,-1,4,11,1,155,641,148
481,6,107,522,958,436,14,14,676,676,0,0.0002042275094455223,0.0002382654276864427,573,597,24,6,4,4,3,2,875,493,543
482,56,56,903,903,0,42,42,983,983,0,0.005922597773920147,0.005922597773920147,962,962,0,-1,2,2,2,10,982,262,821
483,6,108,491,950,459,8,8,528,528,0,6.807583648184077e-05,0.0002042275094455223,445,571,126,4,4,4,2,1,618,862,263
484,36,138,734,920,186,58,58,681,681,0,0.0006126825283365669,0.0006807583648184077,728,742,14,4,3,3,8,6,357,46,485
485,2,208,369,978,609,4,8,401,489,88,3.4037918240920386e-05,0.00030634126416828345,408,630,222,3,5,4,2,3,689,410,124
486,2,2,373,373,0,6,6,449,449,0,6.807583648184077e-05,6.807583648184077e-05,441,441,0,-1,5,5,3,1,576,873,800
487,6,107,470,935,465,16,16,588,588,0,0.00017018959120460194,0.00017018959120460194,555,555,0,5,4,4,4,1,679,553,601
488,0,206,1,958,957,0,25,1,489,488,0.0,0.00037441710065012424,1,665,664,3,-1,4,7,0,193,772,465
489,8,8,589,589,0,12,12,640,640,0,0.00017018959120460194,0.00017018959120460194,549,549,0,-1,4,4,2,4,809,149,976
490,22,123,646,919,273,40,40,646,646,0,0.0004084550188910446,0.0004084550188910446,660,660,0,5,3,3,7,2,472,453,781
491,6,107,410,901,491,18,18,479,479,0,0.0,0.0,1,1,0,5,4,4,5,1,238,531,781
492,6,107,590,976,386,4,4,526,526,0,0.0002382654276864427,0.0002382654276864427,607,607,0,5,5,5,2,5,973,562,421
493,62,678,803,994,191,158,158,883,883,0,0.0013615167296368155,0.004663194799006093,840,950,110,2,2,2,14,5,130,306,51
494,0,206,1,978,977,0,9,1,474,473,0.0,0.00034037918240920387,1,652,651,3,-1,4,3,0,676,751,325
495,0,616,1,1000,999,0,24,1,787,786,0.0,0.004765308553728854,1,956,955,2,-1,3,3,1,628,789,64
496,22,124,819,974,155,8,8,646,646,0,0.0009530617107457708,0.0021784267674189047,820,901,81,4,4,4,2,7,962,399,44
497,0,0,1,1,0,0,0,1,1,0,0.0,0.0,1,1,0,-1,-1,-1,2,0,821,488,961
498,132,338,892,969,77,230,230,882,882,0,0.0018040096667687805,0.0027911092957554717,867,914,47,3,3,3,20,13,5,42,387
499,1,1,333,333,0,5,5,333,333,0,0.0,0.0,1,1,0,-1,6,6,5,1,311,437,686
500,0,101,1,922,921,0,5,1,331,330,0.0,0.0,1,1,0,5,-1,6,5,1,517,787,601
501,36,242,801,977,176,28,28,768,768,0,0.0004084550188910446,0.0007147962830593281,682,758,76,3,3,3,3,5,651,283,452
502,6,622,384,990,606,52,100,441,585,144,3.4037918240920386e-05,0.0013955546478777359,395,838,443,2,4,3,21,1,25,964,84
503,268,268,974,974,0,118,118,945,945,0,0.0046972327172470135,0.0046972327172470135,952,952,0,-1,3,3,8,49,131,51,792
504,1324,1530,999,999,0,486,486,997,997,0,0.018925082541951733,0.019571802988529223,995,995,0,3,2,2,22,130,55,3,612
505,20,20,728,728,0,16,16,575,575,0,0.00037441710065012424,0.00037441710065012424,658,658,0,-1,4,4,4,6,553,136,914
506,0,102,1,919,918,0,5,1,362,361,0.0,3.4037918240920386e-05,1,411,410,4,-1,5,4,2,649,271,441
507,48,48,820,820,0,40,40,785,785,0,0.0010892133837094523,0.0010892133837094523,819,819,0,-1,3,3,5,9,502,242,866
508,4,4,518,518,0,3,3,409,409,0,3.4037918240920386e-05,3.4037918240920386e-05,403,403,0,-1,5,5,2,4,782,220,905
509,29,235,784,977,193,22,22,767,767,0,0.0006126825283365669,0.0018380475850097008,749,883,134,3,3,3,2,4,828,207,58
510,0,206,1,972,971,0,20,1,582,581,0.0,0.0008509479560230097,1,790,789,3,-1,4,4,1,650,947,261
511,0,206,1,953,952,0,20,1,414,413,0.0,6.807583648184077e-05,1,443,442,3,-1,4,11,0,174,254,238
512,3,3,511,511,0,3,3,466,466,0,0.0002042275094455223,0.0002042275094455223,605,605,0,-1,5,5,2,3,955,121,672
513,0,616,1,998,997,0,21,1,630,629,0.0,0.0012594029749140542,1,838,837,2,-1,3,4,0,460,811,439
514,39,39,726,726,0,68,68,588,588,0,0.0005786446100956465,0.0005786446100956465,725,725,0,-1,4,4,14,8,79,284,775
515,0,102,1,951,950,0,4,1,419,418,0.0,0.0002723033459273631,1,629,628,4,-1,5,2,0,686,967,785
516,0,0,1,1,0,0,0,1,1,0,0.0,0.0,1,1,0,-1,-1,-1,14,0,130,883,969
517,86,187,857,941,84,138,138,936,936,0,0.0016338200755641784,0.0016678579938050988,864,866,2,5,2,2,10,4,135,407,484
518,0,0,1,1,0,0,0,1,1,0,0.0,0.0,1,1,0,-1,-1,-1,7,0,265,565,825
519,6,6,454,454,0,12,12,483,483,0,0.0002042275094455223,0.0002042275094455223,564,564,0,-1,4,4,4,3,660,285,971
520,60,676,823,994,171,78,88,771,816,45,0.0008169100377820892,0.003437829742332959,772,925,153,2,3,3,11,13,248,340,123
521,8,8,484,484,0,25,25,431,431,0,0.0,0.0,1,1,0,-1,4,4,11,2,230,244,348
522,0,616,1,990,989,0,27,1,486,485,0.0,0.00176997174852786,1,864,863,2,-1,3,9,0,140,908,350
523,0,102,1,871,870,0,18,1,354,353,0.0,3.4037918240920386e-05,1,400,399,4,-1,5,16,0,151,359,593
524,0,206,1,973,972,0,14,1,558,557,0.0,0.0011913271384322134,1,837,836,3,-1,4,3,0,833,778,84
525,0,102,1,923,922,0,7,1,363,362,0.0,0.00013615167296368154,1,523,522,4,-1,5,6,0,594,542,239
526,0,102,1,926,925,0,10,1,447,446,0.0,0.0007488342013002485,1,763,762,4,-1,5,5,0,557,790,155
527,74,175,906,973,67,18,18,796,796,0,0.0020422750944552232,0.0020763130126961434,892,893,1,5,3,3,2,18,938,171,321
528,54,260,814,971,157,68,68,756,756,0,0.0005786446100956465,0.001157289220191293,736,822,86,3,3,3,8,7,186,389,195
529,1,102,333,912,579,4,4,333,333,0,0.0,0.0,1,1,0,5,6,6,4,1,622,140,321
530,73,73,882,882,0,38,38,861,861,0,0.001497668402600497,0.001497668402600497,858,858,0,-1,3,3,3,20,621,189,849
531,133,235,968,986,18,46,46,979,979,0,0.022533101875489295,0.022635215630212056,998,998,0,4,2,2,2,27,868,88,223
532,0,102,1,911,910,0,6,1,396,395,0.0,0.00030634126416828345,1,624,623,4,-1,5,3,0,778,929,473
533,6,6,400,400,0,64,64,579,579,0,0.00010211375472276115,0.00010211375472276115,467,467,0,-1,4,4,14,1,130,609,786
534,29,235,804,977,173,38,38,869,869,0,0.0005786446100956465,0.0012594029749140542,739,845,106,3,3,3,3,6,825,107,64
535,0,206,1,967,966,0,20,1,552,551,0.0,0.0012934408931549745,1,851,850,3,-1,4,6,0,661,880,61
536,14,14,549,549,0,29,29,451,451,0,0.00017018959120460194,0.00017018959120460194,537,537,0,-1,4,4,11,5,224,314,834
537,2,104,363,914,551,10,10,424,424,0,0.0,3.4037918240920386e-05,1,409,408,4,5,5,5,3,382,321,300
538,6,6,397,397,0,78,78,609,609,0,0.0002042275094455223,0.0002042275094455223,552,552,0,-1,4,4,15,1,65,282,583
539,0,206,1,974,973,0,10,1,505,504,0.0,0.00034037918240920387,1,659,658,3,-1,4,3,0,748,980,192
540,423,423,987,987,0,98,98,928,928,0,0.008237176214302734,0.008237176214302734,973,973,0,-1,3,3,8,75,541,24,436
541,4,620,442,998,556,8,34,454,816,362,0.0,0.013819394805813677,1,989,988,2,5,3,4,5,491,464,3
542,0,102,1,881,880,0,13,1,345,344,0.0,0.0,1,1,0,4,-1,5,12,0,62,973,575
543,52,52,891,891,0,24,24,878,878,0,0.0012594029749140542,0.0012594029749140542,843,843,0,-1,3,3,3,15,918,219,431
544,40,40,799,799,0,36,36,744,744,0,0.0006807583648184077,0.0006807583648184077,757,757,0,-1,3,3,5,6,538,46,985
545,4,106,434,928,494,9,9,424,424,0,3.4037918240920386e-05,0.000442492937131965,407,689,282,4,5,5,5,2,908,602,396
546,649,751,993,994,1,208,208,991,991,0,0.01412573606998196,0.014295925661186561,987,987,0,4,2,2,10,85,355,0,370
547,100,100,879,879,0,100,100,929,929,0,0.03424214575036591,0.03693114129139862,996,996,0,2,1,1,6,62,378,70,144
548,19,120,693,941,248,18,18,590,590,0,0.00037441710065012424,0.0005105687736138058,675,712,37,5,4,4,3,5,680,591,598
549,6,6,369,369,0,38,38,354,354,0,3.4037918240920386e-05,3.4037918240920386e-05,383,383,0,-1,4,4,33,1,9,621,814
550,0,206,1,967,966,0,26,1,600,599,0.0,0.0031314884781646754,1,927,926,3,-1,4,5,0,665,974,57
551,28,28,650,650,0,82,82,599,599,0,0.00010211375472276115,0.00010211375472276115,466,466,0,-1,3,3,16,3,145,378,674
552,0,0,1,1,0,0,0,1,1,0,0.0,0.0,1,1,0,-1,-1,-1,3,0,676,970,868
553,0,0,1,1,0,0,0,1,1,0,0.0,0.0,1,1,0,-1,-1,-1,5,3,290,348,863
554,2,104,374,946,572,4,4,412,412,0,0.0,0.00030634126416828345,1,657,656,4,5,5,2,1,983,265,176
555,17,119,598,903,305,30,30,454,454,0,0.0002723033459273631,0.00034037918240920387,608,645,37,4,4,4,11,6,139,279,576
556,2,208,358,971,613,7,12,396,484,88,0.0,0.001599782157323258,1,863,862,3,5,4,4,2,559,509,82
557,6,6,463,463,0,12,12,609,609,0,0.0005446066918547262,0.0005446066918547262,713,713,0,-1,4,4,2,1,733,480,802
558,7,109,510,917,407,12,12,464,464,0,6.807583648184077e-05,0.00013615167296368154,442,518,76,4,4,4,4,3,858,196,220
559,25,127,757,947,190,30,30,794,794,0,0.001055175465468532,0.001599782157323258,816,868,52,4,3,3,4,5,721,562,355
560,0,101,1,878,877,0,11,1,332,331,0.0,0.0,1,1,0,7,-1,8,11,0,162,782,448
561,28,234,627,952,325,104,104,622,622,0,0.00010211375472276115,0.0002382654276864427,472,573,101,3,3,3,19,4,46,202,380
562,179,385,945,978,33,178,178,974,974,0,0.0042547397801150485,0.00442492937131965,948,953,5,3,2,2,10,19,189,91,434
563,2,103,385,960,575,5,5,426,426,0,6.807583648184077e-05,0.00010211375472276115,454,493,39,5,5,5,3,1,915,561,829
564,5,106,560,972,412,4,4,467,467,0,0.0002382654276864427,0.0002382654276864427,619,619,0,6,5,5,2,4,941,617,506
565,20,226,675,972,297,22,28,589,687,98,0.0002382654276864427,0.0009190237925048504,578,803,225,3,3,3,5,3,519,311,79
566,54,54,861,861,0,28,28,797,797,0,0.0013274788113958951,0.0013274788113958951,846,846,0,-1,3,3,3,14,901,84,886
567,30,646,816,1000,184,22,32,822,934,112,0.0008169100377820892,0.007386228258279724,785,973,188,2,3,3,2,7,975,169,347
568,1,207,333,945,612,18,59,333,490,157,0.0,0.00034037918240920387,1,642,641,3,6,4,18,2,34,448,162
569,13,13,563,563,0,28,28,557,557,0,0.0002723033459273631,0.0002723033459273631,609,609,0,-1,4,4,6,5,470,395,985
570,161,263,925,963,38,166,166,873,873,0,0.0015317063208414173,0.0015317063208414173,850,850,0,4,3,3,16,24,195,129,560
571,0,206,1,968,967,0,24,1,644,643,0.0,0.0026889955410327104,1,916,915,3,-1,4,4,1,758,539,17
572,155,155,924,924,0,198,198,944,944,0,0.002280540522141666,0.002280540522141666,898,898,0,-1,2,2,14,17,154,180,995
573,0,102,1,925,924,0,6,1,361,360,0.0,3.4037918240920386e-05,1,406,405,4,-1,5,5,0,908,624,449
574,41,142,871,973,102,24,24,878,878,0,0.0016338200755641784,0.0017359338302869397,877,882,5,5,3,3,3,13,852,340,931
575,74,176,841,944,103,104,104,884,884,0,0.0014295925661186562,0.0014295925661186562,849,849,0,4,2,2,10,5,254,418,749
576,0,206,1,983,982,0,8,1,545,544,0.0,0.002382654276864427,1,906,905,3,-1,4,2,0,965,740,88
577,6,6,442,442,0,26,26,603,603,0,6.807583648184077e-05,6.807583648184077e-05,451,451,0,-1,4,4,5,1,382,718,769
578,6,6,408,408,0,22,22,464,464,0,0.00013615167296368154,0.00013615167296368154,513,513,0,-1,4,4,7,1,321,958,917
579,6,6,390,390,0,47,47,488,488,0,0.00017018959120460194,0.00017018959120460194,533,533,0,-1,4,4,14,2,332,719,436
580,0,101,1,892,891,0,10,1,332,331,0.0,3.4037918240920386e-05,1,411,410,5,-1,6,10,0,161,976,648
581,72,72,869,869,0,40,40,754,754,0,0.0015317063208414173,0.0015317063208414173,860,860,0,-1,3,3,5,17,773,269,917
582,0,206,1,964,963,0,20,1,492,491,0.0,0.0006126825283365669,1,741,740,3,-1,4,6,0,387,712,246
583,6,6,465,465,0,18,18,673,673,0,0.0002042275094455223,0.0002042275094455223,582,582,0,-1,4,4,3,1,844,556,815
584,9,9,565,565,0,16,16,556,556,0,0.0002723033459273631,0.0002723033459273631,614,614,0,-1,4,4,4,4,660,278,747
585,0,616,1,996,995,0,28,1,737,736,0.0,0.002586881786309949,1,904,903,2,-1,3,3,0,989,973,61
586,20,122,643,924,281,50,50,779,779,0,0.0006467204465774873,0.0007147962830593281,742,763,21,4,3,3,5,4,349,326,599
587,0,0,1,1,0,0,0,1,1,0,0.0,0.0,1,1,0,-1,-1,-1,3,0,568,858,649
588,22,124,628,902,274,56,56,638,638,0,0.0002382654276864427,0.0002723033459273631,584,599,15,4,3,3,9,2,381,468,526
589,24,24,753,753,0,28,28,809,809,0,0.0010211375472276116,0.0010211375472276116,815,815,0,-1,3,3,3,3,748,390,783
590,6,212,409,957,548,15,26,388,470,82,0.00010211375472276115,0.0002723033459273631,481,628,147,3,5,4,9,4,263,398,655
591,0,101,1,931,930,0,6,1,331,330,0.0,0.0,1,1,0,5,-1,6,6,0,529,987,878
592,30,132,845,971,126,18,18,878,878,0,0.0007828721195411688,0.0013274788113958951,790,859,69,4,3,3,2,6,481,136,218
593,14,116,593,930,337,26,26,574,574,0,0.0005786446100956465,0.0009530617107457708,731,804,73,4,4,4,5,6,555,447,262
594,12,114,589,935,346,8,8,473,473,0,0.00017018959120460194,0.0002723033459273631,538,620,82,4,4,4,2,4,990,164,401
595,4,106,416,917,501,10,10,406,406,0,3.4037918240920386e-05,0.00017018959120460194,396,540,144,4,5,5,5,2,247,749,409
596,0,0,1,1,0,0,0,1,1,0,0.0,0.0,1,1,0,-1,-1,-1,22,0,33,845,866
597,47,149,848,963,115,18,18,679,679,0,0.0015657442390823377,0.001599782157323258,867,868,1,4,4,4,3,13,716,261,231
598,52,153,814,930,116,62,62,775,775,0,0.001157289220191293,0.001157289220191293,829,829,0,5,3,3,7,14,447,190,842
599,114,216,889,947,58,162,162,818,818,0,0.0009190237925048504,0.0010892133837094523,796,817,21,4,2,2,17,13,56,217,361
600,111,317,917,979,62,72,72,848,848,0,0.0030293747234419145,0.00442492937131965,926,954,28,3,3,3,7,23,359,122,55
601,21,227,777,986,209,8,8,569,569,0,0.0002723033459273631,0.0006126825283365669,631,751,120,3,4,4,2,13,913,256,795
602,6,6,432,432,0,18,18,493,493,0,0.00010211375472276115,0.00010211375472276115,483,483,0,-1,4,4,5,1,492,870,864
603,0,102,1,974,973,0,4,1,525,524,0.0,0.00037441710065012424,1,677,676,4,-1,5,2,0,973,982,759
604,0,101,1,939,938,0,2,1,330,329,0.0,3.4037918240920386e-05,1,393,392,6,-1,7,2,0,938,911,503
605,1,103,333,952,619,2,4,333,412,79,0.0,0.0006807583648184077,1,773,772,4,7,5,2,1,681,972,480
606,18,634,570,993,423,60,140,501,765,264,0.0,0.0037441710065012424,1,935,934,2,3,3,17,2,56,791,13
607,0,206,1,978,977,0,7,1,505,504,0.0,0.0004084550188910446,1,682,681,3,-1,4,2,0,937,674,40
608,17,223,671,976,305,24,24,647,647,0,0.0010211375472276116,0.0013615167296368155,809,848,39,3,4,4,4,6,495,289,636
609,0,102,1,923,922,0,4,1,363,362,0.0,0.0,1,1,0,4,-1,5,3,0,746,944,441
610,0,101,1,938,937,0,3,1,331,330,0.0,3.4037918240920386e-05,1,404,403,5,-1,6,3,0,888,996,676
611,23,124,769,960,191,18,18,808,808,0,0.0005105687736138058,0.0005105687736138058,718,718,0,5,3,3,2,6,702,471,503
612,2,104,353,889,536,12,15,366,387,21,0.0,0.00010211375472276115,1,479,478,4,5,5,9,1,269,402,797
613,50,256,836,977,141,58,58,940,940,0,0.002110350930937064,0.002552843868069029,891,912,21,3,2,2,4,5,755,338,97
614,61,163,857,959,102,34,34,767,767,0,0.0013274788113958951,0.0017018959120460194,853,873,20,4,3,3,4,13,649,183,312
615,6,6,463,463,0,10,10,484,484,0,6.807583648184077e-05,6.807583648184077e-05,446,446,0,-1,4,4,3,1,791,717,806
616,54,54,814,814,0,68,68,756,756,0,0.0005786446100956465,0.0005786446100956465,736,736,0,-1,3,3,8,7,186,389,632
617,0,0,1,1,0,0,0,1,1,0,0.0,0.0,1,1,0,-1,-1,-1,10,0,240,858,977
618,12,12,577,577,0,14,14,517,517,0,0.00013615167296368154,0.00013615167296368154,520,520,0,-1,4,4,3,2,490,251,774
619,146,146,947,947,0,44,44,861,861,0,0.0030634126416828346,0.0030634126416828346,926,926,0,-1,3,3,4,28,969,44,775
620,6,107,462,934,472,11,11,485,485,0,0.00010211375472276115,0.0002042275094455223,481,576,95,5,4,4,4,2,507,492,410
621,1,102,333,952,619,3,3,333,333,0,0.0,6.807583648184077e-05,1,440,439,5,7,6,3,1,576,621,537
622,19,120,647,918,271,52,52,685,685,0,0.0002042275094455223,0.0002042275094455223,572,572,0,5,3,3,9,5,168,619,449
623,0,0,1,1,0,0,0,1,1,0,0.0,0.0,1,1,0,-1,-1,-1,2,0,807,824,900
624,48,254,830,976,146,32,32,866,866,0,0.00088498587426393,0.006126825283365669,795,969,174,3,3,3,2,6,769,461,6
625,8,109,548,936,388,10,10,492,492,0,0.00010211375472276115,0.00013615167296368154,494,527,33,5,4,4,3,3,712,646,639
626,2,103,374,945,571,4,4,412,412,0,0.00017018959120460194,0.0002042275094455223,566,587,21,5,5,5,2,1,983,594,618
627,0,101,1,945,944,0,2,1,331,330,0.0,3.4037918240920386e-05,1,400,399,5,-1,6,2,3,760,854,829
628,100,100,872,872,0,100,100,806,806,0,0.023554239422716908,0.0247115286429082,996,997,1,3,1,1,10,59,114,6,92
629,137,137,923,923,0,100,100,870,870,0,0.0018720855032506212,0.0018720855032506212,872,872,0,-1,3,3,10,26,427,127,709
630,14,116,686,963,277,12,12,658,658,0,0.0004084550188910446,0.0005446066918547262,695,731,36,4,4,4,2,4,686,233,549
631,0,0,1,1,0,0,0,1,1,0,0.0,0.0,1,1,0,-1,-1,-1,3,0,786,981,985
632,0,101,1,914,913,0,5,1,332,331,0.0,0.0,1,1,0,5,-1,6,5,2,531,709,761
633,179,279,957,978,21,106,106,968,968,0,0.007420266176520644,0.007454304094761564,970,969,-1,5,2,2,7,28,305,98,694
634,26,127,699,923,224,46,46,693,693,0,0.0007828721195411688,0.0008169100377820892,782,786,4,5,3,3,6,5,368,412,537
635,9,215,490,951,461,31,35,458,479,21,6.807583648184077e-05,0.0004084550188910446,443,673,230,3,4,4,12,3,184,311,191
636,66,682,848,995,147,44,44,760,760,0,0.0011913271384322134,0.002552843868069029,831,909,78,2,3,3,4,7,503,169,101
637,0,1640,1,1000,999,0,104,1,874,873,0.0,0.013547091459886314,1,988,987,1,-1,2,9,0,381,649,27
638,102,203,902,964,62,72,72,843,843,0,0.0022465026039007454,0.002280540522141666,893,893,0,6,3,3,7,18,525,171,656
639,0,101,1,974,973,0,2,1,330,329,0.0,0.00030634126416828345,1,654,653,5,-1,6,2,0,956,772,46
640,141,141,941,941,0,88,88,977,977,0,0.0053439531638245,0.0053439531638245,963,963,0,-1,2,2,4,15,623,36,894
641,18,120,691,951,260,12,12,609,609,0,0.0005105687736138058,0.0007828721195411688,699,771,72,4,4,4,2,6,733,516,683
642,68,170,843,946,103,74,74,797,797,0,0.0014636304843595766,0.001599782157323258,840,854,14,4,3,3,9,12,395,100,363
643,0,102,1,954,953,0,4,1,454,453,0.0,0.0005786446100956465,1,752,751,4,-1,5,2,0,868,737,243
644,57,263,861,981,120,30,34,783,831,48,0.0016338200755641784,0.0035739814152966403,858,940,82,3,3,3,4,15,507,137,295
645,30,30,801,801,0,22,22,792,792,0,0.0011232513019503727,0.0011232513019503727,826,826,0,-1,3,3,2,9,937,415,944
646,99,200,907,968,61,40,40,822,822,0,0.0013615167296368155,0.0013615167296368155,843,843,0,5,3,3,4,18,453,54,592
647,0,206,1,957,956,0,20,1,494,493,0.0,0.00037441710065012424,1,665,664,3,-1,4,6,0,281,446,257
648,0,101,1,914,913,0,3,1,332,331,0.0,6.807583648184077e-05,1,442,441,5,-1,6,3,0,490,819,313
649,0,0,1,1,0,0,0,1,1,0,0.0,0.0,1,1,0,-1,-1,-1,2,0,849,832,330
650,9,9,585,585,0,8,8,486,486,0,0.0002382654276864427,0.0002382654276864427,599,599,0,-1,4,4,2,3,943,536,894
651,74,280,866,977,111,68,68,952,952,0,0.002382654276864427,0.0028932230504782326,896,913,17,3,2,2,4,5,547,418,257
652,2,2,362,362,0,6,6,363,363,0,0.0,0.0,1,1,0,-1,5,5,5,2,531,739,977
653,16,222,644,976,332,28,28,737,737,0,0.00013615167296368154,0.0014636304843595766,519,859,340,3,3,3,3,1,680,870,43
654,0,206,1,960,959,0,22,1,482,481,0.0,0.0012253650566731338,1,824,823,3,-1,4,7,0,450,927,166
655,6,108,439,918,479,18,18,519,519,0,0.00013615167296368154,0.00013615167296368154,527,527,0,4,4,4,5,1,773,420,560
656,145,351,953,988,35,38,38,882,882,0,0.004799346471969774,0.005446066918547262,961,963,2,3,3,3,3,27,620,88,352
657,0,0,1,1,0,0,0,1,1,0,0.0,0.0,1,1,0,-1,-1,-1,11,0,279,960,738
658,212,812,970,999,29,74,74,954,954,0,0.006058749446883829,0.012594029749140543,970,987,17,2,2,2,5,31,692,34,0
659,0,102,1,916,915,0,4,1,359,358,0.0,0.00034037918240920387,1,651,650,4,-1,5,3,0,726,836,500
660,14,14,552,552,0,44,44,546,546,0,0.00030634126416828345,0.00030634126416828345,625,625,0,-1,4,4,12,4,219,637,907
661,0,206,1,941,940,0,33,1,417,416,0.0,0.00037441710065012424,1,642,641,3,-1,4,16,0,134,927,343
662,0,102,1,909,908,0,7,1,349,348,0.0,3.4037918240920386e-05,1,403,402,4,-1,5,6,1,341,235,460
663,13,13,636,636,0,16,16,566,566,0,0.00034037918240920387,0.00034037918240920387,666,666,0,-1,4,4,4,7,728,170,730
664,56,56,788,788,0,128,128,811,811,0,0.0008169100377820892,0.0008169100377820892,767,767,0,-1,3,3,13,6,115,114,367
665,0,102,1,867,866,0,34,1,383,382,0.0,0.0,1,1,0,4,-1,5,21,0,1,695,420
666,0,0,1,1,0,0,0,1,1,0,0.0,0.0,1,1,0,-1,-1,-1,2,0,981,675,794
667,0,0,1,1,0,0,0,1,1,0,0.0,0.0,1,1,0,-1,-1,-1,3,0,710,798,783
668,25,126,765,957,192,18,18,776,776,0,0.0006807583648184077,0.0009530617107457708,752,801,49,5,3,3,2,5,849,487,507
669,12,114,576,922,346,22,22,574,574,0,0.00034037918240920387,0.0004765308553728854,651,700,49,4,4,4,5,2,524,465,173
670,9,110,709,980,271,4,4,545,545,0,0.0002723033459273631,0.0009530617107457708,640,821,181,5,5,5,2,10,775,266,264
671,30,236,706,964,258,88,88,859,859,0,0.0009530617107457708,0.001157289220191293,791,815,24,3,3,3,8,4,236,207,202
672,14,14,552,552,0,34,34,510,510,0,6.807583648184077e-05,6.807583648184077e-05,450,450,0,-1,4,4,9,3,274,596,989
673,22,22,783,783,0,24,24,857,857,0,0.0007147962830593281,0.0007147962830593281,761,761,0,-1,3,3,3,2,707,682,423
674,0,0,1,1,0,0,0,1,1,0,0.0,0.0,1,1,0,-1,-1,-1,4,0,593,911,908
675,12,114,579,927,348,20,20,525,525,0,0.0004084550188910446,0.0004084550188910446,674,674,0,4,4,4,6,3,664,121,596
676,0,102,1,948,947,0,6,1,396,395,0.0,0.0002723033459273631,1,614,613,4,-1,5,4,0,480,796,519
677,18,18,653,653,0,18,18,527,527,0,0.0005105687736138058,0.0005105687736138058,712,712,0,-1,4,4,5,4,386,443,865
678,2,208,355,960,605,10,15,373,425,52,6.807583648184077e-05,0.0002042275094455223,445,558,113,3,5,4,7,2,450,320,444
679,0,101,1,911,910,0,6,1,332,331,0.0,0.0,1,1,0,5,-1,6,6,0,405,773,292
680,72,174,865,954,89,68,68,937,937,0,0.0024507301133462676,0.002552843868069029,910,912,2,4,2,2,4,9,540,415,719
681,19,120,661,922,261,48,48,711,711,0,0.0009870996289866913,0.0010211375472276116,804,806,2,5,4,4,8,4,270,207,788
682,172,274,948,970,22,92,92,900,900,0,0.0026549576227917903,0.0028591851322373124,908,913,5,4,3,3,7,33,472,15,427
683,2,104,357,909,552,10,10,397,397,0,6.807583648184077e-05,0.00013615167296368154,448,522,74,4,5,5,6,1,606,837,121
684,100,100,865,865,0,100,100,702,702,0,0.0160318594914735,0.0160318594914735,992,992,0,-1,1,1,15,35,68,57,888
685,179,281,959,977,18,72,72,860,860,0,0.0034718676605738795,0.003608019333537561,934,938,4,4,3,3,7,28,497,98,645
686,2,618,351,990,639,21,54,354,470,116,3.4037918240920386e-05,0.00034037918240920387,401,642,241,2,5,3,19,1,48,540,553
687,100,100,874,874,0,100,100,775,775,0,0.019027196296674494,0.019639878825011062,992,993,1,3,1,1,12,57,222,50,386
688,0,206,1,974,973,0,11,1,482,481,0.0,0.00010211375472276115,1,483,482,3,-1,4,4,0,891,969,689
689,30,236,721,969,248,30,30,676,676,0,0.000442492937131965,0.0018380475850097008,688,869,181,3,3,3,4,4,448,504,60
690,2,2,363,363,0,10,10,423,423,0,0.00013615167296368154,0.00013615167296368154,520,520,0,-1,5,5,5,1,326,840,511
691,1,103,332,933,601,3,4,332,374,42,3.4037918240920386e-05,0.00010211375472276115,406,494,88,4,6,5,3,1,745,743,799
692,37,37,836,836,0,8,8,522,522,0,0.00034037918240920387,0.00034037918240920387,660,660,0,-1,4,4,2,12,957,159,864
693,65,271,853,980,127,50,50,814,814,0,0.0011913271384322134,0.004288777698355968,826,954,128,3,3,3,5,12,531,67,14
694,4,4,455,455,0,8,8,445,445,0,3.4037918240920386e-05,3.4037918240920386e-05,400,400,0,-1,5,5,4,3,794,829,821
695,0,0,1,1,0,0,0,1,1,0,0.0,0.0,1,1,0,-1,-1,-1,2,0,951,999,921
696,6,108,390,881,491,24,25,403,410,7,0.0,0.0005446066918547262,1,707,706,4,4,4,12,1,87,506,245
697,37,37,721,721,0,62,62,575,575,0,0.0004084550188910446,0.0004084550188910446,667,667,0,-1,4,4,13,13,67,256,698
698,29,235,665,958,293,74,74,611,611,0,0.00088498587426393,0.0011913271384322134,774,818,44,3,3,3,14,5,268,591,4
699,0,0,1,1,0,0,0,1,1,0,0.0,0.0,1,1,0,-1,-1,-1,5,0,561,826,855
700,16,118,654,936,282,22,22,715,715,0,0.00010211375472276115,0.0006807583648184077,500,757,257,4,3,3,4,1,423,659,399
701,38,139,792,939,147,34,34,740,740,0,0.0004084550188910446,0.000442492937131965,687,698,11,5,3,3,4,8,917,132,601
702,6,108,403,889,486,20,21,406,413,7,0.0,0.00013615167296368154,1,509,508,4,4,4,10,1,99,853,231
703,16,16,576,576,0,28,28,482,482,0,0.00010211375472276115,0.00010211375472276115,481,481,0,-1,3,3,9,2,316,495,871
704,34,240,750,968,218,44,52,689,712,23,0.00037441710065012424,0.0015657442390823377,663,862,199,3,3,3,7,6,118,432,227
705,26,26,721,721,0,30,30,650,650,0,0.0004084550188910446,0.0004084550188910446,667,667,0,-1,3,3,6,7,575,188,445
706,0,206,1,962,961,0,18,1,511,510,0.0,0.0012934408931549745,1,837,836,3,-1,4,5,0,479,816,94
707,16,117,671,945,274,34,34,917,917,0,0.00088498587426393,0.00088498587426393,807,807,0,5,3,3,3,1,823,840,690
708,0,101,1,886,885,0,11,1,330,329,0.0,0.0,1,1,0,6,-1,7,11,0,215,906,590
709,24,126,667,921,254,40,40,646,646,0,0.0002723033459273631,0.00037441710065012424,606,653,47,4,3,3,7,4,472,479,704
710,0,102,1,916,915,0,5,1,363,362,0.0,0.00010211375472276115,1,482,481,4,-1,5,4,0,401,826,586
711,2,103,392,959,567,4,4,448,448,0,0.00013615167296368154,0.00017018959120460194,535,563,28,5,5,5,2,1,963,681,476
712,81,183,887,963,76,50,50,851,851,0,0.002825147213996392,0.003267640151128357,922,931,9,4,3,3,5,18,386,63,759
713,62,164,811,927,116,144,144,847,847,0,0.0012934408931549745,0.0016678579938050988,837,863,26,4,3,3,14,11,198,193,343
714,0,102,1,899,898,0,6,1,358,357,0.0,0.00013615167296368154,1,501,500,4,-1,5,5,0,496,848,196
715,0,0,1,1,0,0,0,1,1,0,0.0,0.0,1,1,0,-1,-1,-1,4,0,280,698,573
716,0,102,1,920,919,0,5,1,359,358,0.0,0.00010211375472276115,1,487,486,4,-1,5,4,0,741,798,704
717,80,286,846,971,125,121,125,825,840,15,0.001157289220191293,0.001599782157323258,817,860,43,3,2,2,14,6,79,516,150
718,18,224,629,964,335,54,54,682,682,0,0.0002382654276864427,0.0018040096667687805,597,874,277,3,4,4,9,3,119,519,15
719,179,179,968,968,0,84,84,976,976,0,0.004799346471969774,0.004799346471969774,956,956,0,-1,2,2,5,20,430,38,776
720,0,616,1,986,985,0,67,1,470,469,0.0,0.00034037918240920387,1,629,628,2,-1,3,23,1,43,513,619
721,0,206,1,968,967,0,12,1,457,456,0.0,0.0002382654276864427,1,595,594,3,-1,4,5,0,765,916,677
722,46,148,839,959,120,46,46,960,960,0,0.004288777698355968,0.004356853534837809,948,948,0,4,2,2,2,3,763,610,298
723,2,104,365,921,556,3,4,366,382,16,3.4037918240920386e-05,0.0005786446100956465,401,730,329,4,5,5,2,3,909,708,267
724,0,206,1,953,952,0,17,1,413,412,0.0,0.00037441710065012424,1,659,658,3,-1,4,7,0,296,890,487
725,19,120,613,901,288,50,50,559,559,0,0.0002042275094455223,0.0002042275094455223,564,564,0,5,4,4,11,4,150,645,595
726,10,10,600,600,0,8,8,489,489,0,0.00010211375472276115,0.00010211375472276115,485,485,0,-1,4,4,2,4,733,617,986
727,6,6,398,398,0,22,22,417,417,0,3.4037918240920386e-05,3.4037918240920386e-05,391,391,0,-1,4,4,11,1,248,334,998
728,9,215,626,984,358,9,9,561,561,0,6.807583648184077e-05,0.0006807583648184077,454,768,314,3,4,4,3,3,915,347,557
729,16,118,506,883,377,98,98,607,607,0,0.0002382654276864427,0.0002723033459273631,584,607,23,4,3,3,19,1,36,370,534
730,0,0,1,1,0,0,0,1,1,0,0.0,0.0,1,1,0,-1,-1,-1,4,1,572,472,949
731,114,320,910,978,68,86,86,874,874,0,0.0030293747234419145,0.003369753905851118,928,934,6,3,2,2,7,13,179,42,191
732,50,151,765,920,155,112,112,785,785,0,0.001157289220191293,0.001157289220191293,824,824,0,5,3,3,12,5,239,403,788
733,0,0,1,1,0,0,0,1,1,0,0.0,0.0,1,1,0,-1,-1,-1,20,0,88,643,844
734,116,217,922,969,47,68,68,945,945,0,0.0027911092957554717,0.0027911092957554717,921,921,0,7,2,2,4,19,567,297,663
735,500,602,994,997,3,110,110,989,989,0,0.013104598522754349,0.013376901868681712,989,989,0,4,2,2,6,91,764,7,417
736,0,0,1,1,0,0,0,1,1,0,0.0,0.0,1,1,0,-1,-1,-1,6,0,281,919,426
737,0,0,1,1,0,0,0,1,1,0,0.0,0.0,1,1,0,-1,-1,-1,3,1,857,787,821
738,131,233,929,967,38,122,122,967,967,0,0.0030293747234419145,0.0030974505599237552,922,926,4,4,2,2,8,17,158,226,581
739,0,102,1,883,882,0,10,1,347,346,0.0,0.00010211375472276115,1,480,479,4,-1,5,9,0,140,871,788
740,8,110,572,951,379,8,8,519,519,0,0.00010211375472276115,0.0015657442390823377,506,867,361,4,4,4,2,4,919,278,106
741,99,201,912,967,55,44,44,819,819,0,0.0023486163586235067,0.0024507301133462676,903,903,0,4,3,3,4,23,652,106,540
742,18,18,626,626,0,44,44,639,639,0,0.0002382654276864427,0.0002382654276864427,601,601,0,-1,4,4,8,4,137,622,864
743,0,206,1,964,963,0,18,1,456,455,0.0,0.0009190237925048504,1,795,794,3,-1,4,7,0,299,731,213
744,140,242,906,958,52,192,192,882,882,0,0.0020422750944552232,0.0020422750944552232,881,881,0,4,3,3,17,18,39,64,518
745,2,618,366,996,630,9,24,408,621,213,0.0,0.00176997174852786,1,868,867,2,5,3,5,3,534,321,185
746,42,144,872,975,103,18,18,771,771,0,0.0023486163586235067,0.0024166921951053475,902,907,5,4,4,4,3,17,786,85,410
747,12,12,557,557,0,36,36,592,592,0,0.0002042275094455223,0.0002042275094455223,558,558,0,-1,4,4,8,2,454,468,790
748,6,107,487,946,459,9,9,503,503,0,0.00010211375472276115,0.00010211375472276115,489,489,0,7,4,4,3,1,523,481,582
749,6,107,445,933,488,10,10,468,468,0,0.0002723033459273631,0.0002723033459273631,605,605,0,5,4,4,3,2,839,691,298
750,8,8,562,562,0,18,18,662,662,0,0.0002723033459273631,0.0002723033459273631,619,619,0,-1,4,4,3,4,745,346,834
751,0,206,1,975,974,0,8,1,481,480,0.0,0.00707988699411144,1,973,972,3,-1,4,2,0,954,941,0
752,30,131,744,935,191,34,34,680,680,0,0.0006807583648184077,0.0006807583648184077,752,752,0,5,3,3,6,6,606,229,292
753,2,104,358,902,544,6,6,358,358,0,0.0,0.0,1,1,0,4,5,5,5,2,426,374,313
754,0,102,1,890,889,0,13,1,362,361,0.0,0.0,1,1,0,4,-1,5,11,0,155,976,964
755,224,430,942,982,40,332,332,954,954,0,0.004493005207801491,0.004663194799006093,949,951,2,3,3,3,22,31,18,126,536
756,18,120,724,956,232,18,18,812,812,0,0.00030634126416828345,0.0005446066918547262,652,738,86,4,3,3,2,5,684,722,115
757,18,119,732,960,228,14,14,615,615,0,0.0002382654276864427,0.0004084550188910446,602,683,81,5,4,4,3,8,798,132,557
758,6,6,480,480,0,8,8,492,492,0,0.00034037918240920387,0.00034037918240920387,653,653,0,-1,4,4,2,1,926,500,819
759,8,8,517,517,0,15,15,452,452,0,0.00010211375472276115,0.00010211375472276115,488,488,0,-1,4,4,6,5,446,476,908
760,18,18,658,658,0,44,44,838,838,0,0.0010211375472276116,0.0010211375472276116,819,819,0,-1,3,3,4,3,675,559,836
761,73,1713,898,1000,102,34,78,840,979,139,0.00176997174852786,0.0313829606181286,884,996,112,1,3,2,4,19,610,297,153
762,44,44,818,818,0,24,24,698,698,0,0.0006467204465774873,0.0006467204465774873,746,746,0,-1,3,3,3,9,778,211,751
763,0,102,1,946,945,0,5,1,414,413,0.0,0.00010211375472276115,1,494,493,4,-1,5,3,0,796,845,286
764,6,1646,461,1000,539,24,58,696,952,256,0.00017018959120460194,0.026787841655604345,544,996,452,1,4,2,4,1,563,681,65
765,0,0,1,1,0,0,0,1,1,0,0.0,0.0,1,1,0,-1,-1,-1,2,0,975,941,672
766,42,42,807,807,0,28,28,696,696,0,0.00088498587426393,0.00088498587426393,797,797,0,-1,3,3,3,8,704,386,911
767,0,0,1,1,0,0,0,1,1,0,0.0,0.0,1,1,0,-1,-1,-1,3,0,778,863,744
768,1,102,332,947,615,2,2,332,332,0,0.0,6.807583648184077e-05,1,454,453,5,7,6,2,2,684,663,615
769,87,1727,914,1000,86,38,62,869,970,101,0.0025188059498281084,0.03526328329759352,917,997,80,1,3,2,3,20,825,95,31
770,36,137,723,915,192,76,76,626,626,0,0.0005105687736138058,0.0005446066918547262,700,716,16,5,3,3,15,6,138,516,518
771,73,175,873,957,84,34,34,751,751,0,0.0020082371762143027,0.0026209197045508697,886,914,28,4,3,3,4,20,694,87,120
772,19,19,837,837,0,4,4,561,561,0,0.0005105687736138058,0.0005105687736138058,729,729,0,-1,5,5,2,17,955,327,423
773,146,346,925,978,53,100,100,826,826,0,0.0012934408931549745,0.001599782157323258,838,862,24,3,3,3,10,19,128,59,637
774,1,103,332,932,600,3,4,332,366,34,3.4037918240920386e-05,0.00013615167296368154,403,535,132,4,6,5,3,2,844,357,481
775,2,208,358,966,608,11,20,403,487,84,6.807583648184077e-05,0.001157289220191293,442,819,377,3,5,4,6,1,441,577,148
776,0,102,1,923,922,0,8,1,416,415,0.0,0.0004084550188910446,1,683,682,4,-1,5,4,1,566,554,303
777,0,0,1,1,0,0,0,1,1,0,0.0,0.0,1,1,0,-1,-1,-1,9,0,168,875,923
778,0,0,1,1,0,0,0,1,1,0,0.0,0.0,1,1,0,-1,-1,-1,3,0,882,887,839
779,24,126,680,924,244,38,38,631,631,0,0.0004765308553728854,0.0005105687736138058,679,693,14,4,4,4,7,10,398,266,652
780,0,102,1,948,947,0,5,1,415,414,0.0,0.000442492937131965,1,694,693,4,-1,5,3,0,911,803,194
781,4,4,421,421,0,9,9,413,413,0,0.0,0.0,1,1,0,-1,5,5,5,2,692,602,916
782,6,6,417,417,0,34,34,539,539,0,0.00034037918240920387,0.00034037918240920387,634,634,0,-1,4,4,9,2,190,785,977
783,0,101,1,921,920,0,3,1,331,330,0.0,0.00010211375472276115,1,487,486,5,-1,6,3,0,927,804,444
784,2,2,352,352,0,5,5,352,352,0,0.0,0.0,1,1,0,-1,5,5,4,4,503,595,546
785,23,23,742,742,0,20,20,765,765,0,0.00037441710065012424,0.00037441710065012424,668,668,0,-1,3,3,3,5,729,314,811
786,2,2,347,347,0,17,17,347,347,0,0.0,0.0,1,1,0,-1,5,5,16,2,151,663,750
787,4,4,502,502,0,4,4,448,448,0,0.0002042275094455223,0.0002042275094455223,586,586,0,-1,5,5,2,4,963,239,330
788,8,8,558,558,0,12,12,604,604,0,0.0002723033459273631,0.0002723033459273631,627,627,0,-1,4,4,2,3,589,525,975
789,46,252,756,960,204,76,84,620,659,39,0.0005446066918547262,0.0015317063208414173,710,853,143,3,3,3,14,7,268,188,109
790,0,0,1,1,0,0,0,1,1,0,0.0,0.0,1,1,0,-1,-1,-1,6,0,98,942,846
791,0,101,1,978,977,0,2,1,331,330,0.0,0.00037441710065012424,1,686,685,5,-1,6,2,0,775,778,177
792,25,25,746,746,0,30,30,762,762,0,0.00034037918240920387,0.00034037918240920387,662,662,0,-1,3,3,4,5,573,454,699
793,42,144,831,955,124,24,24,756,756,0,0.0005446066918547262,0.00088498587426393,714,790,76,4,3,3,3,6,337,136,232
794,6,6,466,466,0,10,10,475,475,0,0.0,0.0,1,1,0,-1,4,4,4,2,597,690,980
795,25,25,669,669,0,36,36,551,551,0,0.00017018959120460194,0.00017018959120460194,530,530,0,-1,4,4,8,5,303,528,920
796,0,206,1,957,956,0,24,1,503,502,0.0,0.0026549576227917903,1,918,917,3,-1,4,6,0,560,786,75
797,0,102,1,937,936,0,4,1,422,421,0.0,0.00010211375472276115,1,488,487,4,-1,5,2,0,723,999,519
798,0,206,1,963,962,0,16,1,410,409,0.0,0.0002382654276864427,1,583,582,3,-1,4,8,0,199,798,688
799,47,47,784,784,0,60,60,687,687,0,0.0004084550188910446,0.0004084550188910446,674,674,0,-1,3,3,9,11,277,316,777
800,8,8,561,561,0,8,8,488,488,0,0.00013615167296368154,0.00013615167296368154,521,521,0,-1,4,4,2,2,586,468,200
801,25,231,749,979,230,20,20,602,602,0,0.00037441710065012424,0.0012594029749140542,667,839,172,3,4,4,4,7,462,188,137
802,0,0,1,1,0,0,0,1,1,0,0.0,0.0,1,1,0,-1,-1,-1,10,0,114,986,792
803,12,218,615,972,357,10,10,489,489,0,0.00010211375472276115,0.0007147962830593281,485,763,278,3,4,4,3,4,935,380,245
804,14,220,654,975,321,8,8,481,481,0,0.00037441710065012424,0.001599782157323258,666,864,198,3,4,4,2,8,589,521,49
805,0,0,1,1,0,0,0,1,1,0,0.0,0.0,1,1,0,-1,-1,-1,8,0,371,883,860
806,141,347,918,981,63,136,136,907,907,0,0.002382654276864427,0.0024166921951053475,900,904,4,3,3,3,11,22,230,128,363
807,30,132,754,937,183,52,52,786,786,0,0.0005105687736138058,0.0007488342013002485,718,771,53,4,3,3,7,5,439,338,317
808,14,116,579,913,334,20,20,563,563,0,0.0005446066918547262,0.0005786446100956465,720,733,13,4,4,4,4,3,300,507,476
809,0,206,1,958,957,0,15,1,404,403,0.0,0.0002723033459273631,1,606,605,3,-1,4,8,0,146,600,452
810,0,102,1,933,932,0,5,1,398,397,0.0,0.00010211375472276115,1,489,488,4,-1,5,3,0,640,569,586
811,0,101,1,944,943,0,3,1,331,330,0.0,3.4037918240920386e-05,1,395,394,5,-1,6,3,0,642,988,543
812,0,101,1,894,893,0,8,1,331,330,0.0,0.0,1,1,0,5,-1,6,8,0,541,604,484
813,6,107,578,972,394,8,8,646,646,0,0.00010211375472276115,0.00037441710065012424,499,687,188,5,4,4,2,1,962,553,475
814,97,198,892,963,71,90,90,949,949,0,0.003267640151128357,0.003369753905851118,933,937,4,5,2,2,6,17,98,213,279
815,0,102,1,887,886,0,14,1,358,357,0.0,3.4037918240920386e-05,1,403,402,4,-1,5,12,0,58,686,771
816,0,102,1,950,949,0,6,1,489,488,0.0,0.0005786446100956465,1,741,740,4,-1,5,3,1,984,948,184
817,26,128,762,951,189,26,26,769,769,0,0.0004765308553728854,0.0005786446100956465,694,724,30,4,3,3,4,9,491,29,536
818,0,0,1,1,0,0,0,1,1,0,0.0,0.0,1,1,0,-1,-1,-1,5,0,656,713,913
819,0,102,1,936,935,0,6,1,425,424,0.0,0.0005446066918547262,1,725,724,4,-1,5,3,0,568,999,387
820,86,292,871,975,104,56,56,795,795,0,0.001497668402600497,0.004629156880765172,858,954,96,3,3,3,6,13,630,335,48
821,140,140,946,946,0,62,62,956,956,0,0.00442492937131965,0.00442492937131965,948,948,0,-1,2,2,3,19,780,133,789
822,0,0,1,1,0,0,0,1,1,0,0.0,0.0,1,1,0,-1,-1,-1,9,0,191,701,917
823,128,230,944,974,30,54,54,902,902,0,0.003948398515946765,0.004152626025392287,941,945,4,4,3,3,4,25,619,105,223
824,40,142,790,934,144,68,68,821,821,0,0.0006467204465774873,0.0006807583648184077,736,748,12,4,3,3,8,6,449,381,704
825,88,189,922,974,52,22,22,800,800,0,0.0022465026039007454,0.0022465026039007454,904,904,0,5,3,3,2,23,976,66,563
826,0,0,1,1,0,0,0,1,1,0,0.0,0.0,1,1,0,-1,-1,-1,3,0,826,848,629
827,72,72,822,822,0,108,108,687,687,0,0.00088498587426393,0.00088498587426393,772,772,0,-1,3,3,17,7,71,396,936
828,13,13,618,618,0,26,26,659,659,0,0.0002382654276864427,0.0002382654276864427,595,595,0,-1,4,4,5,4,612,287,974
829,0,102,1,916,915,0,6,1,359,358,0.0,6.807583648184077e-05,1,460,459,4,-1,5,5,0,478,995,602
830,0,101,1,961,960,0,2,1,332,331,0.0,0.00010211375472276115,1,493,492,5,-1,6,2,0,805,844,241
831,0,206,1,971,970,0,14,1,522,521,0.0,0.0013615167296368155,1,850,849,3,-1,4,3,0,680,367,183
832,34,136,829,958,129,12,12,694,694,0,0.0013615167296368155,0.001497668402600497,855,866,11,4,4,4,2,10,947,227,756
833,130,231,930,972,42,96,96,947,947,0,0.0033016780693692774,0.0033016780693692774,926,926,0,5,2,2,7,16,305,78,748
834,8,214,510,965,455,24,36,522,651,129,0.00013615167296368154,0.0034718676605738795,508,937,429,3,4,4,6,4,345,270,51
835,0,0,1,1,0,0,0,1,1,0,0.0,0.0,1,1,0,-1,-1,-1,9,0,277,698,673
836,1,1,332,332,0,4,4,332,332,0,3.4037918240920386e-05,3.4037918240920386e-05,399,399,0,-1,6,6,4,3,758,708,426
837,21,123,657,919,262,38,38,607,607,0,0.0006467204465774873,0.0007488342013002485,752,774,22,4,4,4,7,7,466,170,196
838,16,118,652,934,282,18,18,673,673,0,0.00030634126416828345,0.00037441710065012424,635,664,29,4,4,4,3,8,583,417,799
839,20,122,620,902,282,48,48,589,589,0,0.00037441710065012424,0.0006807583648184077,649,741,92,4,3,3,9,3,262,236,209
840,24,24,642,642,0,68,68,570,570,0,0.0002042275094455223,0.0002042275094455223,555,555,0,-1,3,3,15,4,68,617,918
841,66,66,856,856,0,64,64,916,916,0,0.0033357159876101976,0.0033357159876101976,933,933,0,-1,2,2,5,7,438,399,774
842,6,212,498,980,482,7,7,517,517,0,0.00013615167296368154,0.0004765308553728854,528,708,180,3,4,4,2,2,876,714,4
843,0,102,1,956,955,0,3,1,385,384,0.0,0.0,1,1,0,4,-1,5,2,0,965,812,468
844,14,220,527,953,426,46,47,532,533,1,0.00017018959120460194,0.0005786446100956465,541,720,179,3,4,4,12,6,183,447,172
845,6,212,433,968,535,13,17,460,511,51,0.00010211375472276115,0.0015317063208414173,474,856,382,3,4,4,5,3,284,309,203
846,0,101,1,912,911,0,6,1,331,330,0.0,3.4037918240920386e-05,1,402,401,5,-1,6,6,1,253,852,311
847,25,125,695,919,224,46,46,653,653,0,0.0006467204465774873,0.0006467204465774873,737,737,0,4,3,3,8,7,383,427,419
848,39,140,837,959,122,22,22,796,796,0,0.0016678579938050988,0.0017018959120460194,879,879,0,6,3,3,2,14,948,190,543
849,0,206,1,951,950,0,28,1,415,414,0.0,0.0002042275094455223,1,563,562,3,-1,4,13,0,90,989,741
850,0,0,1,1,0,0,0,1,1,0,0.0,0.0,1,1,0,-1,-1,-1,6,0,498,702,915
851,0,0,1,1,0,0,0,1,1,0,0.0,0.0,1,1,0,-1,-1,-1,5,0,662,817,723
852,0,0,1,1,0,0,0,1,1,0,0.0,0.0,1,1,0,-1,-1,-1,8,0,358,600,669
853,16,118,583,913,330,54,54,696,696,0,0.0006126825283365669,0.0008169100377820892,723,774,51,4,3,3,8,1,380,80,762
854,0,102,1,934,933,0,8,1,374,373,0.0,0.00017018959120460194,1,559,558,4,-1,5,6,0,529,978,350
855,6,622,374,990,616,70,104,499,622,123,3.4037918240920386e-05,0.0006467204465774873,395,730,335,2,4,3,19,1,89,718,327
856,0,0,1,1,0,0,0,1,1,0,0.0,0.0,1,1,0,-1,-1,-1,10,0,189,908,978
857,56,262,881,980,99,52,52,970,970,0,0.005480104836788182,0.005888559855679227,963,965,2,3,2,2,3,5,732,273,314
858,0,102,1,906,905,0,7,1,361,360,0.0,3.4037918240920386e-05,1,405,404,4,-1,5,6,0,328,921,411
859,0,0,1,1,0,0,0,1,1,0,0.0,0.0,1,1,0,-1,-1,-1,10,0,211,859,620
860,24,126,718,940,222,20,20,575,575,0,0.00017018959120460194,0.0005105687736138058,550,717,167,4,4,4,4,4,453,167,245
861,42,144,760,915,155,94,94,736,736,0,0.0006807583648184077,0.0007488342013002485,742,756,14,4,3,3,13,7,242,169,523
862,28,644,633,991,358,64,154,493,770,277,0.00034037918240920387,0.008271214132543654,635,966,331,2,3,3,19,3,83,353,23
863,210,210,971,971,0,50,50,856,856,0,0.004220701861874128,0.004220701861874128,950,950,0,-1,3,3,5,57,452,50,733
864,0,0,1,1,0,0,0,1,1,0,0.0,0.0,1,1,0,-1,-1,-1,5,1,377,660,874
865,26,128,710,935,225,30,30,668,668,0,0.0004765308553728854,0.0005105687736138058,700,710,10,4,4,4,5,6,528,494,527
866,58,674,766,997,231,218,238,875,906,31,0.0013615167296368155,0.005446066918547262,833,956,123,2,2,2,21,3,1,390,20
867,84,290,833,964,131,162,162,824,824,0,0.002110350930937064,0.0030974505599237552,885,922,37,3,3,3,17,12,94,100,642
868,56,158,881,970,89,44,44,965,965,0,0.0027911092957554717,0.0037441710065012424,922,941,19,4,2,2,3,9,916,293,179
869,0,102,1,913,912,0,4,1,354,353,0.0,0.00013615167296368154,1,519,518,4,-1,5,3,0,737,953,368
870,8,110,525,922,397,22,22,580,580,0,6.807583648184077e-05,0.00034037918240920387,448,650,202,4,4,4,5,3,538,441,262
871,132,748,928,998,70,110,110,965,965,0,0.00445896728956057,0.00704584907587052,947,973,26,2,2,2,6,19,369,297,55
872,20,122,711,948,237,18,18,646,646,0,0.00017018959120460194,0.0002042275094455223,557,574,17,4,4,4,3,4,579,167,361
873,1,103,333,875,542,18,25,333,372,39,0.0,6.807583648184077e-05,1,437,436,4,6,5,18,1,86,972,718
874,86,86,891,891,0,40,40,785,785,0,0.0013274788113958951,0.0013274788113958951,842,842,0,-1,3,3,5,17,502,79,757
875,0,0,1,1,0,0,0,1,1,0,0.0,0.0,1,1,0,-1,-1,-1,6,1,486,806,726
876,34,650,677,993,316,102,112,677,708,31,0.0006126825283365669,0.0018040096667687805,715,871,156,2,3,3,16,5,53,178,559
877,16,16,586,586,0,26,26,580,580,0,0.0002382654276864427,0.0002382654276864427,590,590,0,-1,4,4,5,6,818,379,961
878,0,0,1,1,0,0,0,1,1,0,0.0,0.0,1,1,0,-1,-1,-1,4,0,738,608,600
879,0,206,1,968,967,0,16,1,488,487,0.0,0.0005446066918547262,1,719,718,3,-1,4,6,0,399,750,559
880,0,206,1,948,947,0,27,1,437,436,0.0,0.0002042275094455223,1,565,564,3,-1,4,12,1,183,852,318
881,0,0,1,1,0,0,0,1,1,0,0.0,0.0,1,1,0,-1,-1,-1,2,0,859,918,699
882,15,116,660,948,288,12,12,628,628,0,0.00017018959120460194,0.00017018959120460194,548,548,0,6,4,4,2,6,939,379,344
883,3,105,453,944,491,6,6,444,444,0,6.807583648184077e-05,0.00010211375472276115,449,493,44,4,5,5,3,2,862,724,904
884,0,206,1,951,950,0,34,1,511,510,0.0,0.0004765308553728854,1,700,699,3,-1,4,9,3,159,746,299
885,1,1641,333,1000,667,21,246,333,897,564,0.0,0.01667857993805099,1,993,992,1,7,2,21,1,13,765,2
886,59,265,838,970,132,46,46,703,703,0,0.0004765308553728854,0.0005446066918547262,702,717,15,3,3,3,6,14,560,175,316
887,45,45,734,734,0,96,96,681,681,0,0.00034037918240920387,0.00034037918240920387,636,636,0,-1,3,3,14,6,122,4,933
888,5,107,455,928,473,8,8,414,414,0,0.00013615167296368154,0.00034037918240920387,524,649,125,4,5,5,4,3,495,214,194
889,7,108,566,953,387,14,14,615,615,0,0.0002042275094455223,0.0002382654276864427,575,604,29,5,4,4,3,3,798,631,527
890,10,10,608,608,0,10,10,517,517,0,0.00010211375472276115,0.00010211375472276115,481,481,0,-1,4,4,3,4,639,567,774
891,0,616,1,992,991,0,42,1,613,612,0.0,0.0025188059498281084,1,906,905,2,-1,3,8,0,199,819,109
892,57,57,784,784,0,80,80,603,603,0,0.0007828721195411688,0.0007828721195411688,755,755,0,-1,3,3,15,10,107,366,892
893,34,34,733,733,0,44,44,655,655,0,0.00037441710065012424,0.00037441710065012424,651,651,0,-1,3,3,7,6,171,275,936
894,37,37,844,844,0,22,22,863,863,0,0.0019061234214915416,0.0019061234214915416,889,889,0,-1,3,3,2,9,715,212,633
895,42,248,766,969,203,78,82,809,817,8,0.0013274788113958951,0.0016678579938050988,832,853,21,3,2,2,9,2,394,599,177
896,24,126,664,919,255,44,44,646,646,0,0.0005446066918547262,0.0005446066918547262,710,710,0,4,3,3,7,4,209,450,558
897,0,616,1,992,991,0,46,1,558,557,0.0,0.0004765308553728854,1,711,710,2,-1,3,10,0,189,925,168
898,28,129,658,896,238,90,90,633,633,0,0.00034037918240920387,0.00034037918240920387,648,648,0,5,3,3,15,8,0,302,781
899,105,207,897,960,63,124,124,921,921,0,0.002280540522141666,0.002586881786309949,899,912,13,4,2,2,10,20,161,189,398
900,2,2,365,365,0,5,5,381,381,0,0.0,0.0,1,1,0,-1,5,5,3,3,864,578,533
901,19,19,649,649,0,35,35,652,652,0,0.0004765308553728854,0.0004765308553728854,697,697,0,-1,3,3,7,4,305,332,818
902,0,102,1,945,944,0,7,1,438,437,0.0,0.00037441710065012424,1,668,667,4,-1,5,4,0,754,517,482
903,20,226,670,970,300,24,24,629,629,0,0.0012594029749140542,0.0022465026039007454,830,899,69,3,4,4,4,4,832,185,172
904,2,104,370,934,564,4,4,372,372,0,0.0,6.807583648184077e-05,1,452,451,4,5,5,3,1,823,896,410
905,179,280,947,971,24,148,148,976,976,0,0.0048674223084516155,0.004901460226692535,954,954,0,5,2,2,9,20,250,94,748
906,0,101,1,908,907,0,5,1,331,330,0.0,0.0,1,1,0,8,-1,9,5,0,669,932,857
907,0,206,1,967,966,0,9,1,442,441,0.0,0.00030634126416828345,1,640,639,3,-1,4,3,0,459,426,188
908,0,206,1,942,941,0,74,1,525,524,0.0,0.0011232513019503727,1,813,812,3,-1,4,19,0,36,822,63
909,34,650,728,994,266,60,84,672,773,101,0.0004084550188910446,0.007454304094761564,681,971,290,2,3,3,9,10,213,266,19
910,6,212,464,972,508,10,10,489,489,0,0.00010211375472276115,0.0004084550188910446,485,677,192,3,4,4,3,1,935,862,382
911,2,2,344,344,0,17,17,345,345,0,0.0,0.0,1,1,0,-1,5,5,16,4,134,595,429
912,2,2,352,352,0,20,20,368,368,0,0.0,0.0,1,1,0,-1,5,5,16,1,59,896,746
913,0,0,1,1,0,0,0,1,1,0,0.0,0.0,1,1,0,-1,-1,-1,6,3,441,746,915
914,0,101,1,923,922,0,4,1,332,331,0.0,6.807583648184077e-05,1,450,449,5,-1,6,4,0,403,707,870
915,74,176,861,950,89,40,40,704,704,0,0.0014295925661186562,0.0014295925661186562,849,849,0,4,3,3,5,17,818,226,807
916,0,101,1,970,969,0,2,1,331,330,0.0,0.00013615167296368154,1,518,517,5,-1,6,2,0,920,965,904
917,6,212,396,951,555,13,28,374,481,107,3.4037918240920386e-05,0.0004765308553728854,396,702,306,3,4,4,8,4,483,595,232
918,30,132,699,911,212,70,70,719,719,0,0.00030634126416828345,0.00037441710065012424,630,664,34,4,3,3,9,6,287,107,315
919,225,225,959,959,0,120,120,887,887,0,0.003267640151128357,0.003267640151128357,929,929,0,-1,3,3,10,38,298,111,887
920,0,0,1,1,0,0,0,1,1,0,0.0,0.0,1,1,0,-1,-1,-1,3,0,615,956,925
921,0,206,1,972,971,0,16,1,536,535,0.0,0.0007147962830593281,1,763,762,3,-1,4,4,0,403,802,243
922,0,616,1,997,996,0,22,1,514,513,0.0,0.0018720855032506212,1,874,873,2,-1,3,7,0,439,635,279
923,15,117,631,927,296,22,22,599,599,0,0.0002042275094455223,0.0005105687736138058,583,707,124,4,4,4,5,6,570,229,318
924,1,207,331,966,635,6,16,331,480,149,0.0,0.0005446066918547262,1,707,706,3,6,4,6,1,446,437,143
925,12,218,637,979,342,14,18,629,707,78,0.0002723033459273631,0.0008169100377820892,626,780,154,3,4,4,3,2,871,827,234
926,61,677,859,998,139,38,38,869,869,0,0.0030293747234419145,0.005854521937438306,921,968,47,2,3,3,3,6,626,73,63
927,80,1720,828,1000,172,176,210,873,920,47,0.0011232513019503727,0.00704584907587052,811,963,152,1,2,2,17,7,210,169,435
928,88,88,877,877,0,50,50,776,776,0,0.00176997174852786,0.00176997174852786,871,871,0,-1,3,3,5,16,238,78,426
929,6,108,451,929,478,12,12,457,457,0,0.0,3.4037918240920386e-05,1,404,403,4,4,4,5,1,421,506,229
930,0,206,1,969,968,0,16,1,519,518,0.0,0.0007488342013002485,1,773,772,3,-1,4,4,0,453,957,138
931,0,0,1,1,0,0,0,1,1,0,0.0,0.0,1,1,0,-1,-1,-1,6,0,536,820,675
932,8,110,488,888,400,33,33,417,417,0,0.00017018959120460194,0.0002723033459273631,544,611,67,4,4,4,15,2,32,523,585
933,0,206,1,971,970,0,9,1,451,450,0.0,0.0004765308553728854,1,698,697,3,-1,4,4,0,562,542,639
934,0,102,1,904,903,0,11,1,410,409,0.0,0.0002042275094455223,1,566,565,4,-1,5,6,1,281,747,505
935,0,0,1,1,0,0,0,1,1,0,0.0,0.0,1,1,0,-1,-1,-1,3,0,737,723,858
936,23,23,797,797,0,18,18,863,863,0,0.0012934408931549745,0.0012934408931549745,847,847,0,-1,3,3,2,6,985,4,898
937,85,85,882,882,0,60,60,896,896,0,0.0020082371762143027,0.0020082371762143027,883,883,0,-1,3,3,5,14,457,84,987
938,66,66,868,868,0,18,18,617,617,0,0.00176997174852786,0.00176997174852786,873,873,0,-1,4,4,3,17,621,60,786
939,0,0,1,1,0,0,0,1,1,0,0.0,0.0,1,1,0,-1,-1,-1,9,0,200,773,889
940,0,0,1,1,0,0,0,1,1,0,0.0,0.0,1,1,0,-1,-1,-1,3,0,867,912,930
941,4,210,422,968,546,8,17,391,515,124,0.00017018959120460194,0.0009870996289866913,540,807,267,3,5,4,5,2,476,499,261
942,0,0,1,1,0,0,0,1,1,0,0.0,0.0,1,1,0,-1,-1,-1,7,0,366,839,796
943,38,140,783,938,155,44,44,789,789,0,0.001055175465468532,0.0012934408931549745,815,844,29,4,3,3,4,5,567,283,414
944,92,194,860,944,84,126,126,899,899,0,0.0016338200755641784,0.0016678579938050988,859,863,4,4,3,3,11,13,360,261,526
945,79,181,837,934,97,118,118,818,818,0,0.00088498587426393,0.001055175465468532,773,803,30,4,3,3,13,11,91,83,680
946,119,220,951,979,28,22,22,828,828,0,0.0028932230504782326,0.0029612988869600733,924,924,0,5,3,3,2,28,757,44,615
947,0,0,1,1,0,0,0,1,1,0,0.0,0.0,1,1,0,-1,-1,-1,15,0,45,624,976
948,0,0,1,1,0,0,0,1,1,0,0.0,0.0,1,1,0,-1,-1,-1,3,0,716,731,999
949,1,1,333,333,0,4,4,333,333,0,0.0,0.0,1,1,0,-1,7,7,4,2,509,448,732
950,0,0,1,1,0,0,0,1,1,0,0.0,0.0,1,1,0,-1,-1,-1,5,0,537,927,910
951,22,228,736,978,242,18,18,644,644,0,0.00037441710065012424,0.0010211375472276116,665,812,147,3,4,4,3,6,791,494,687
952,2,208,379,979,600,5,10,416,554,138,3.4037918240920386e-05,0.0006807583648184077,405,758,353,3,5,4,3,2,911,495,453
953,0,102,1,903,902,0,11,1,384,383,0.0,0.00034037918240920387,1,645,644,4,-1,5,7,0,156,254,308
954,0,0,1,1,0,0,0,1,1,0,0.0,0.0,1,1,0,-1,-1,-1,7,0,472,836,777
955,16,16,569,569,0,66,66,715,715,0,0.00017018959120460194,0.00017018959120460194,527,527,0,-1,3,3,9,2,274,223,733
956,20,122,693,938,245,20,20,568,568,0,0.00030634126416828345,0.00034037918240920387,637,652,15,4,4,4,4,5,304,308,592
957,0,206,1,980,979,0,7,1,512,511,0.0,6.807583648184077e-05,1,444,443,3,-1,4,2,0,841,907,321
958,83,185,871,949,78,46,46,673,673,0,0.0009530617107457708,0.0009870996289866913,796,803,7,4,3,3,6,16,157,113,285
959,22,22,612,612,0,102,102,755,755,0,0.0004084550188910446,0.0004084550188910446,666,666,0,-1,3,3,14,3,130,505,588
960,21,21,656,656,0,38,38,522,522,0,0.00017018959120460194,0.00017018959120460194,532,532,0,-1,4,4,11,5,174,310,906
961,6,212,425,960,535,46,46,616,616,0,0.00010211375472276115,0.0006467204465774873,494,745,251,3,4,4,9,1,119,110,327
962,24,125,741,948,207,24,24,754,754,0,0.00013615167296368154,0.00013615167296368154,522,522,0,7,3,3,3,5,579,454,621
963,0,0,1,1,0,0,0,1,1,0,0.0,0.0,1,1,0,-1,-1,-1,2,0,897,367,901
964,146,146,964,964,0,38,38,920,920,0,0.0038462847612240037,0.0038462847612240037,940,940,0,-1,3,3,3,31,676,35,201
965,24,230,709,970,261,36,36,725,725,0,0.00037441710065012424,0.0009190237925048504,662,788,126,3,3,3,5,3,464,351,172
966,0,206,1,959,958,0,20,1,468,467,0.0,0.00013615167296368154,1,518,517,3,-1,4,6,0,368,954,101
967,6,108,400,884,484,20,25,391,419,28,0.0002042275094455223,0.0004084550188910446,552,664,112,4,4,4,11,1,163,771,507
968,0,102,1,889,888,0,9,1,357,356,0.0,0.00010211375472276115,1,474,473,4,-1,5,8,0,236,445,607
969,0,101,1,930,929,0,4,1,330,329,0.0,0.0,1,1,0,8,-1,9,4,0,573,987,765
970,11,11,581,581,0,16,16,542,542,0,0.0002042275094455223,0.0002042275094455223,567,567,0,-1,4,4,4,4,659,557,462
971,0,102,1,939,938,0,4,1,404,403,0.0,6.807583648184077e-05,1,446,445,4,-1,5,2,0,976,735,381
972,0,206,1,966,965,0,12,1,438,437,0.0,0.0002723033459273631,1,610,609,3,-1,4,4,0,540,849,252
973,0,101,1,950,949,0,2,1,330,329,0.0,0.00010211375472276115,1,486,485,5,-1,6,2,0,821,883,596
974,0,616,1,989,988,0,174,1,811,810,0.0,0.007828721195411689,1,971,970,2,-1,3,19,1,31,787,10
975,130,746,912,995,83,120,124,898,912,14,0.003369753905851118,0.006773545729943157,929,967,38,2,2,2,10,14,310,84,102
976,0,102,1,905,904,0,9,1,355,354,0.0,0.0,1,1,0,4,-1,5,8,0,431,744,549
977,0,616,1,988,987,0,152,1,576,575,0.0,0.001497668402600497,1,845,844,2,-1,3,33,0,9,951,129
978,6,6,525,525,0,4,4,446,446,0,0.00017018959120460194,0.00017018959120460194,556,556,0,-1,5,5,2,4,666,86,907
979,0,102,1,922,921,0,4,1,369,368,0.0,0.0005105687736138058,1,713,712,4,-1,5,3,0,636,812,386
980,1,1,331,331,0,2,2,331,331,0,0.0,0.0,1,1,0,-1,6,6,2,1,876,437,608
981,6,108,429,914,485,18,18,512,512,0,3.4037918240920386e-05,0.0002042275094455223,414,578,164,4,4,4,5,1,479,958,208
982,23,125,706,935,229,25,25,712,712,0,0.0005105687736138058,0.0006807583648184077,703,738,35,4,3,3,4,3,520,311,266
983,37,138,836,970,134,22,22,837,837,0,0.0006126825283365669,0.0006807583648184077,740,749,9,5,3,3,2,11,618,249,320
984,62,164,868,962,94,68,68,972,972,0,0.012730181422104225,0.012764219340345145,988,988,0,4,2,2,4,3,423,351,809
985,56,56,919,919,0,8,8,638,638,0,0.0011232513019503727,0.0011232513019503727,830,830,0,-1,4,4,2,22,933,203,976
986,6,6,437,437,0,13,13,462,462,0,3.4037918240920386e-05,3.4037918240920386e-05,407,407,0,-1,4,4,5,1,519,797,830
987,10,10,567,567,0,12,12,464,464,0,0.0002042275094455223,0.0002042275094455223,580,580,0,-1,4,4,4,3,542,214,462
988,4,4,500,500,0,6,6,475,475,0,0.00017018959120460194,0.00017018959120460194,548,548,0,-1,5,5,3,5,730,722,428
989,7,213,525,972,447,10,14,472,544,72,3.4037918240920386e-05,0.00034037918240920387,402,649,247,3,4,4,3,3,900,196,722
990,2,104,382,959,577,4,4,386,386,0,0.0,6.807583648184077e-05,1,438,437,4,5,5,3,1,877,879,402
991,0,206,1,969,968,0,20,1,500,499,0.0,0.0015317063208414173,1,860,859,3,-1,4,6,0,253,774,122
992,0,0,1,1,0,0,0,1,1,0,0.0,0.0,1,1,0,-1,-1,-1,3,0,640,695,587
993,0,206,1,957,956,0,23,1,467,466,0.0,0.0005786446100956465,1,735,734,3,-1,4,8,0,142,951,195
994,0,206,1,970,969,0,11,1,465,464,0.0,0.00034037918240920387,1,644,643,3,-1,4,5,0,291,686,214
995,12,12,516,516,0,36,36,499,499,0,0.00017018959120460194,0.00017018959120460194,537,537,0,-1,4,4,10,4,75,239,668
996,44,250,709,960,251,104,104,611,611,0,0.00030634126416828345,0.00037441710065012424,611,645,34,3,3,3,21,4,13,210,870
997,19,19,708,708,0,22,22,601,601,0,0.00030634126416828345,0.00030634126416828345,636,636,0,-1,4,4,5,7,435,371,638
998,9,111,538,921,383,22,23,489,498,9,0.00010211375472276115,0.00017018959120460194,475,543,68,4,4,4,8,3,323,311,720
999,6,108,448,928,480,15,16,467,483,16,0.00017018959120460194,0.0004084550188910446,545,681,136,4,4,4,6,2,494,544,280
