,FreeNet_pre_score,FreeNet_post_score,FreeNet_pre_rank,FreeNet_post_rank,FreeNet_delta_ranks,Reversed_pre_score,Reversed_post_score,Reversed_pre_rank,Reversed_post_rank,Reversed_delta_ranks,Random_pre_score,Random_post_score,Random_pre_rank,Random_post_rank,Random_delta_ranks,dist_victim_relayer,dist_victim_vilain_pre,dist_victim_vilain_post,out_deg_victim,in_deg_villain,victim,villain,relayer
0,0,206,1,958,957,0,20,1,478,477,0.0,0.0005446066918547262,1,708,707,3,-1,4,7,0,209,737,308
1,2,618,345,986,641,22,68,363,525,162,0.0,0.0012253650566731338,1,814,813,2,5,3,17,1,94,896,150
2,41,143,808,944,136,34,34,719,719,0,0.0012594029749140542,0.0013615167296368155,835,844,9,4,3,3,4,8,385,204,279
3,12,113,568,932,364,18,18,605,605,0,0.0010211375472276116,0.0010211375472276116,812,812,0,5,4,4,3,3,927,559,755
4,42,144,855,964,109,22,22,828,828,0,0.002484768031587188,0.0028932230504782326,916,926,10,4,3,3,2,6,874,73,467
5,24,230,805,988,183,12,12,692,692,0,0.0012594029749140542,0.0036760951700194017,851,943,92,3,4,4,2,10,751,227,56
6,93,299,908,981,73,50,50,870,870,0,0.0026889955410327104,0.003914360597705844,913,939,26,3,3,3,5,28,765,44,269
7,6,212,408,959,551,30,34,520,553,33,0.00013615167296368154,0.0006467204465774873,516,748,232,3,4,4,7,1,372,797,192
8,70,276,841,973,132,52,52,696,696,0,0.0011913271384322134,0.00176997174852786,820,865,45,3,3,3,7,14,193,243,579
9,0,0,1,1,0,0,0,1,1,0,0.0,0.0,1,1,0,-1,-1,-1,5,1,533,780,875
10,100,100,926,926,0,100,100,994,994,0,0.0617788216072705,0.0617788216072705,1000,1000,0,-1,1,1,3,96,651,1,462
11,8,214,504,966,462,23,28,469,496,27,0.00013615167296368154,0.0006126825283365669,507,740,233,3,4,4,8,2,199,566,473
12,184,390,938,983,45,168,168,907,907,0,0.002757071377514551,0.003165526396405596,912,926,14,3,2,2,14,16,172,78,242
13,30,132,807,957,150,22,22,819,819,0,0.0006126825283365669,0.0006126825283365669,737,737,0,4,3,3,2,5,992,178,300
14,0,616,1,986,985,0,118,1,657,656,0.0,0.0033016780693692774,1,932,931,2,-1,3,19,0,35,436,141
15,2,208,370,979,609,4,8,418,512,94,0.0,0.002757071377514551,1,924,923,3,5,4,2,1,874,421,34
16,17,17,667,667,0,9,9,477,477,0,0.0002042275094455223,0.0002042275094455223,568,568,0,-1,4,4,3,6,627,279,818
17,0,0,1,1,0,0,0,1,1,0,0.0,0.0,1,1,0,-1,-1,-1,2,0,976,914,909
18,15,15,651,651,0,18,18,544,544,0,0.0002042275094455223,0.0002042275094455223,572,572,0,-1,4,4,5,5,647,487,200
19,84,185,915,976,61,22,22,805,805,0,0.0030293747234419145,0.0030634126416828346,931,932,1,5,3,3,2,20,939,38,899
20,2,103,371,935,564,7,7,421,421,0,0.0,6.807583648184077e-05,1,445,444,5,5,5,4,1,610,577,319
21,19,120,608,905,297,61,61,650,650,0,0.0004084550188910446,0.000442492937131965,652,665,13,5,4,4,11,5,271,591,342
22,73,175,880,960,80,40,40,776,776,0,0.0018720855032506212,0.0022465026039007454,875,892,17,4,3,3,5,18,551,54,386
23,190,190,952,952,0,104,104,892,892,0,0.002552843868069029,0.002552843868069029,904,904,0,-1,3,3,9,30,126,39,367
24,4,105,480,956,476,5,5,444,444,0,6.807583648184077e-05,6.807583648184077e-05,456,456,0,5,5,5,3,5,918,401,549
25,100,100,862,862,0,100,100,688,688,0,0.01157289220191293,0.011640968038394772,984,984,0,4,1,1,16,19,78,135,491
26,6,212,399,949,550,54,68,502,553,51,0.00013615167296368154,0.0020082371762143027,506,884,378,3,4,4,16,2,78,325,157
27,0,0,1,1,0,0,0,1,1,0,0.0,0.0,1,1,0,-1,-1,-1,17,0,80,838,587
28,6,1646,372,1000,628,81,140,473,643,170,0.00013615167296368154,0.0038462847612240037,503,934,431,1,4,2,25,4,17,512,551
29,24,24,628,628,0,124,124,708,708,0,0.0002723033459273631,0.0002723033459273631,602,602,0,-1,3,3,18,3,69,222,455
30,55,156,842,953,111,30,30,737,737,0,0.0008169100377820892,0.0009190237925048504,782,798,16,5,3,3,4,17,539,131,444
31,0,101,1,906,905,0,6,1,332,331,0.0,0.0,1,1,0,5,-1,6,6,1,441,828,862
32,2,103,361,914,553,11,11,407,407,0,3.4037918240920386e-05,3.4037918240920386e-05,402,402,0,5,5,5,6,1,465,463,879
33,0,102,1,932,931,0,7,1,409,408,0.0,0.0005446066918547262,1,723,722,4,-1,5,4,0,772,359,148
34,95,197,912,972,60,44,44,876,876,0,0.002144388849177984,0.0022465026039007454,888,893,5,4,3,3,4,20,659,71,247
35,68,68,859,859,0,64,64,920,920,0,0.004220701861874128,0.004220701861874128,945,945,0,-1,2,2,5,8,464,352,796
36,3,105,400,901,501,8,8,399,399,0,0.00017018959120460194,0.0002723033459273631,547,612,65,4,5,5,4,2,300,566,434
37,75,176,872,958,86,70,70,927,927,0,0.005650294427992784,0.005650294427992784,959,959,0,5,2,2,5,9,487,211,743
38,2,104,357,897,540,11,13,374,386,12,0.0,3.4037918240920386e-05,1,400,399,4,5,5,8,1,186,736,531
39,55,1695,776,1000,224,126,194,762,912,150,0.0009530617107457708,0.011913271384322134,787,981,194,1,3,2,15,5,51,216,18
40,0,0,1,1,0,0,0,1,1,0,0.0,0.0,1,1,0,-1,-1,-1,17,0,73,965,789
41,90,90,852,852,0,132,132,857,857,0,0.0018720855032506212,0.0018720855032506212,871,871,0,-1,2,2,13,6,228,232,774
42,0,0,1,1,0,0,0,1,1,0,0.0,0.0,1,1,0,-1,-1,-1,3,0,877,919,865
43,12,114,563,913,350,36,36,663,663,0,0.001055175465468532,0.0012594029749140542,802,824,22,4,4,4,6,5,419,535,156
44,2,208,350,945,595,23,64,372,522,150,0.0,0.001157289220191293,1,815,814,3,5,4,16,2,50,764,183
45,0,102,1,874,873,0,18,1,347,346,0.0,0.0,1,1,0,4,-1,5,17,0,112,955,853
46,0,0,1,1,0,0,0,1,1,0,0.0,0.0,1,1,0,-1,-1,-1,2,0,876,926,800
47,74,74,893,893,0,28,28,800,800,0,0.00176997174852786,0.00176997174852786,877,877,0,-1,3,3,3,17,912,79,735
48,31,133,846,972,126,12,12,720,720,0,0.0023486163586235067,0.005446066918547262,915,961,46,4,4,4,2,6,968,73,5
49,13,13,641,641,0,12,12,658,658,0,0.00010211375472276115,0.00010211375472276115,492,492,0,-1,4,4,2,3,705,508,706
50,1,103,330,956,626,2,3,330,389,59,3.4037918240920386e-05,3.4037918240920386e-05,409,407,-2,4,6,5,2,1,889,861,244
51,102,308,887,975,88,94,94,832,832,0,0.0017359338302869397,0.0019741992579733825,866,888,22,3,3,3,9,17,262,269,869
52,0,102,1,887,886,0,17,1,396,395,0.0,0.00034037918240920387,1,642,641,4,-1,5,9,0,269,649,247
53,0,0,1,1,0,0,0,1,1,0,0.0,0.0,1,1,0,-1,-1,-1,3,0,530,254,828
54,0,206,1,982,981,0,14,1,664,663,0.0,0.0030293747234419145,1,934,933,3,-1,4,3,0,608,911,128
55,10,111,533,909,376,40,40,604,604,0,0.00010211375472276115,0.00010211375472276115,487,487,0,5,4,4,8,4,142,220,320
56,8,110,592,955,363,8,8,544,544,0,0.0002723033459273631,0.0004765308553728854,640,720,80,4,4,4,2,2,781,473,389
57,26,128,801,966,165,18,18,839,839,0,0.0010211375472276116,0.001157289220191293,818,833,15,4,3,3,2,8,967,264,425
58,0,206,1,959,958,0,17,1,394,393,0.0,0.00030634126416828345,1,627,626,3,-1,4,10,0,527,644,536
59,0,0,1,1,0,0,0,1,1,0,0.0,0.0,1,1,0,-1,-1,-1,9,0,262,542,911
60,22,124,618,892,274,70,70,554,554,0,0.0002723033459273631,0.0005786446100956465,604,712,108,4,3,3,16,2,151,491,199
61,60,266,875,981,106,44,44,872,872,0,0.0017018959120460194,0.001940161339732462,876,887,11,3,3,3,4,13,462,335,360
62,6,6,392,392,0,54,54,479,479,0,6.807583648184077e-05,6.807583648184077e-05,448,448,0,-1,4,4,17,1,63,661,276
63,16,118,568,906,338,64,64,715,715,0,0.00088498587426393,0.0010892133837094523,780,811,31,4,3,3,9,1,306,612,487
64,12,114,599,935,336,18,18,625,625,0,0.0005786446100956465,0.0006126825283365669,730,739,9,4,4,4,3,3,869,121,762
65,2,208,353,957,604,10,16,354,391,37,3.4037918240920386e-05,0.0002042275094455223,402,564,162,3,5,4,9,1,245,603,771
66,96,302,946,993,47,22,22,869,869,0,0.0030293747234419145,0.004765308553728854,931,955,24,3,3,3,2,26,889,112,100
67,31,133,749,927,178,38,38,636,636,0,0.0005786446100956465,0.0007488342013002485,731,763,32,4,4,4,7,9,497,343,425
68,96,302,898,982,84,60,60,858,858,0,0.002212464685659825,0.003710133088260322,893,941,48,3,3,3,5,15,390,153,227
69,6,6,425,425,0,12,12,449,449,0,3.4037918240920386e-05,3.4037918240920386e-05,401,401,0,-1,4,4,4,2,391,662,699
70,0,206,1,975,974,0,10,1,503,502,0.0,0.0011232513019503727,1,831,830,3,-1,4,3,1,745,456,42
71,0,0,1,1,0,0,0,1,1,0,0.0,0.0,1,1,0,-1,-1,-1,11,0,379,888,783
72,0,0,1,1,0,0,0,1,1,0,0.0,0.0,1,1,0,-1,-1,-1,5,0,719,804,707
73,16,1656,569,1000,431,90,114,780,888,108,0.0002042275094455223,0.011028285510058205,568,980,412,1,3,2,10,1,204,553,630
74,3,209,432,974,542,4,10,370,492,122,0.0,0.0005105687736138058,1,725,724,3,5,4,3,3,588,563,407
75,0,206,1,963,962,0,25,1,580,579,0.0,0.001157289220191293,1,822,821,3,-1,4,5,0,531,825,218
76,60,266,847,976,129,46,46,739,739,0,0.0009530617107457708,0.0012253650566731338,803,831,28,3,3,3,6,17,281,327,550
77,0,206,1,957,956,0,20,1,463,462,0.0,0.00010211375472276115,1,486,485,3,-1,4,6,0,378,875,260
78,2,208,355,963,608,11,29,363,506,143,0.0,0.0012253650566731338,1,828,827,3,5,4,9,2,388,721,62
79,0,0,1,1,0,0,0,1,1,0,0.0,0.0,1,1,0,-1,-1,-1,11,1,248,830,520
80,130,130,901,901,0,112,112,851,851,0,0.001599782157323258,0.001599782157323258,853,853,0,-1,3,3,11,17,307,96,951
81,0,206,1,934,933,0,53,1,410,409,0.0,0.0002042275094455223,1,545,544,3,-1,4,23,0,15,514,637
82,0,206,1,963,962,0,16,1,508,507,0.0,0.00176997174852786,1,872,871,3,-1,4,4,0,516,916,94
83,8,8,518,518,0,18,18,509,509,0,0.00010211375472276115,0.00010211375472276115,473,473,0,-1,4,4,5,2,396,408,985
84,64,64,818,818,0,134,134,830,830,0,0.0010892133837094523,0.0010892133837094523,807,807,0,-1,3,3,14,11,144,118,938
85,2,104,369,927,558,5,6,387,419,32,0.0,0.00010211375472276115,1,481,480,4,5,5,3,2,923,885,617
86,2,208,357,960,603,8,17,358,435,77,0.0,0.00034037918240920387,1,635,634,3,5,4,7,1,340,437,447
87,2,208,365,971,606,4,8,383,463,80,0.00010211375472276115,0.0004084550188910446,491,674,183,3,5,4,2,4,909,512,308
88,0,0,1,1,0,0,0,1,1,0,0.0,0.0,1,1,0,-1,-1,-1,12,0,184,757,987
89,0,206,1,964,963,0,32,1,628,627,0.0,0.003710133088260322,1,946,945,3,-1,4,6,0,98,511,14
90,0,102,1,880,879,0,23,1,395,394,0.0,3.4037918240920386e-05,1,402,401,4,-1,5,13,0,129,790,223
91,2,104,353,902,549,14,16,385,410,25,0.0,0.0002042275094455223,1,564,563,4,5,5,9,2,339,885,341
92,2,2,354,354,0,8,8,354,354,0,0.0,0.0,1,1,0,-1,5,5,7,2,221,721,571
93,42,42,704,704,0,142,142,703,703,0,0.0004084550188910446,0.0004084550188910446,668,668,0,-1,3,3,20,6,5,432,914
94,24,24,720,720,0,32,32,727,727,0,0.00034037918240920387,0.00034037918240920387,648,648,0,-1,3,3,5,4,688,450,847
95,2,208,346,946,600,24,32,374,411,37,0.0,0.0002042275094455223,1,557,556,3,5,4,15,3,51,578,247
96,1,618,333,989,656,16,90,333,649,316,3.4037918240920386e-05,0.0024166921951053475,399,896,497,2,6,3,16,4,78,595,98
97,0,206,1,965,964,0,12,1,462,461,0.0,0.00034037918240920387,1,632,631,3,-1,4,4,1,832,787,184
98,66,66,861,861,0,24,24,688,688,0,0.001157289220191293,0.001157289220191293,833,833,0,-1,3,3,3,17,725,226,951
99,75,75,887,887,0,54,54,939,939,0,0.0024166921951053475,0.0024166921951053475,908,908,0,-1,3,3,4,13,511,335,872
100,36,36,741,741,0,70,70,743,743,0,0.0006807583648184077,0.0006807583648184077,754,754,0,-1,3,3,9,9,263,29,839
101,6,6,401,401,0,38,38,493,493,0,6.807583648184077e-05,6.807583648184077e-05,441,441,0,-1,4,4,11,1,139,152,819
102,22,22,748,748,0,10,10,525,525,0,0.0002382654276864427,0.0002382654276864427,603,603,0,-1,4,4,3,11,888,162,832
103,0,0,1,1,0,0,0,1,1,0,0.0,0.0,1,1,0,-1,-1,-1,21,0,74,707,571
104,133,339,939,985,46,72,72,892,892,0,0.0027911092957554717,0.003880322679464924,917,941,24,3,3,3,7,27,404,69,352
105,23,23,673,673,0,40,40,714,714,0,0.001157289220191293,0.001157289220191293,815,815,0,-1,3,3,5,3,546,438,917
106,23,124,688,923,235,32,32,604,604,0,0.0004084550188910446,0.0004084550188910446,669,669,0,5,4,4,6,9,369,191,756
107,0,0,1,1,0,0,0,1,1,0,0.0,0.0,1,1,0,-1,-1,-1,6,0,489,786,923
108,9,9,582,582,0,12,12,586,586,0,0.0005786446100956465,0.0005786446100956465,745,745,0,-1,4,4,2,3,934,351,834
109,6,6,377,377,0,92,92,455,455,0,3.4037918240920386e-05,3.4037918240920386e-05,401,401,0,-1,4,4,35,1,20,463,784
110,16,118,616,928,312,42,42,712,712,0,0.0004765308553728854,0.0004765308553728854,703,703,0,4,3,3,6,4,489,409,623
111,6,622,414,994,580,22,54,485,757,272,6.807583648184077e-05,0.00622893903808843,443,966,523,2,4,3,7,2,324,492,18
112,8,8,583,583,0,8,8,539,539,0,6.807583648184077e-05,6.807583648184077e-05,448,448,0,-1,4,4,2,6,760,406,638
113,16,118,695,950,255,12,12,603,603,0,0.0008169100377820892,0.0009870996289866913,779,808,29,4,4,4,2,5,992,412,525
114,0,102,1,905,904,0,9,1,384,383,0.0,0.0002042275094455223,1,569,568,4,-1,5,6,0,526,985,409
115,299,505,982,996,14,72,72,976,976,0,0.007522379931243405,0.009156200006807584,977,982,5,3,2,2,3,61,626,14,36
116,56,262,832,973,141,66,66,825,825,0,0.0008509479560230097,0.0010211375472276116,784,806,22,3,3,3,8,8,270,345,263
117,9,9,623,623,0,8,8,549,549,0,0.0007488342013002485,0.0007488342013002485,770,770,0,-1,4,4,2,4,878,407,974
118,1,207,332,991,659,2,8,332,679,347,3.4037918240920386e-05,0.002212464685659825,408,903,495,3,6,4,2,2,920,885,122
119,0,206,1,978,977,0,14,1,593,592,0.0,0.002314578440382586,1,906,905,3,-1,4,3,0,590,989,35
120,0,616,1,992,991,0,39,1,486,485,0.0,0.0004765308553728854,1,680,679,2,-1,3,12,0,348,620,628
121,156,362,920,979,59,220,220,933,933,0,0.0026209197045508697,0.0028591851322373124,910,916,6,3,2,2,17,11,6,166,323
122,0,206,1,970,969,0,18,1,624,623,0.0,0.004118588107151367,1,946,945,3,-1,4,3,0,869,975,50
123,23,23,737,737,0,30,30,703,703,0,0.0006126825283365669,0.0006126825283365669,748,748,0,-1,4,4,5,8,647,386,960
124,0,0,1,1,0,0,0,1,1,0,0.0,0.0,1,1,0,-1,-1,-1,11,0,176,977,851
125,12,12,565,565,0,30,30,652,652,0,0.00017018959120460194,0.00017018959120460194,544,544,0,-1,4,4,5,2,479,827,818
126,41,142,928,989,61,8,8,753,753,0,0.002586881786309949,0.00353994349705572,922,949,27,5,4,4,2,26,955,112,60
127,0,206,1,940,939,0,54,1,458,457,0.0,0.0007147962830593281,1,744,743,3,-1,4,19,1,148,738,120
128,0,616,1,992,991,0,76,1,643,642,0.0,0.0030974505599237552,1,920,919,2,-1,3,13,0,91,998,50
129,0,102,1,893,892,0,11,1,386,385,0.0,0.00010211375472276115,1,493,492,4,-1,5,7,0,714,822,369
130,0,0,1,1,0,0,0,1,1,0,0.0,0.0,1,1,0,-1,-1,-1,5,0,467,968,426
131,3,3,450,450,0,6,6,450,450,0,0.00013615167296368154,0.00013615167296368154,523,523,0,-1,5,5,3,2,569,383,998
132,0,102,1,941,940,0,5,1,414,413,0.0,0.00030634126416828345,1,639,638,4,-1,5,3,1,916,747,387
133,14,14,572,572,0,24,24,496,496,0,0.00017018959120460194,0.00017018959120460194,529,529,0,-1,4,4,8,4,431,332,698
134,0,102,1,936,935,0,4,1,396,395,0.0,0.00017018959120460194,1,540,539,4,-1,5,2,1,849,529,199
135,40,246,695,951,256,172,172,763,763,0,0.0005786446100956465,0.0009530617107457708,701,792,91,3,2,2,21,1,54,480,494
136,8,110,505,910,405,16,17,430,447,17,0.0002042275094455223,0.0006126825283365669,559,733,174,4,4,4,7,2,416,579,351
137,0,0,1,1,0,0,0,1,1,0,0.0,0.0,1,1,0,-1,-1,-1,5,0,574,657,912
138,114,215,945,976,31,28,28,849,849,0,0.002144388849177984,0.002144388849177984,903,903,0,5,3,3,3,30,899,65,639
139,2,103,374,942,568,6,6,482,482,0,0.0,0.0,1,1,0,6,5,5,3,1,916,594,484
140,0,0,1,1,0,0,0,1,1,0,0.0,0.0,1,1,0,-1,-1,-1,2,0,998,908,833
141,0,0,1,1,0,0,0,1,1,0,0.0,0.0,1,1,0,-1,-1,-1,5,0,667,983,330
142,24,126,702,926,224,62,62,836,836,0,0.0012934408931549745,0.001497668402600497,848,870,22,4,3,3,7,3,477,390,333
143,6,212,388,945,557,31,48,421,503,82,0.00010211375472276115,0.0007147962830593281,479,745,266,3,4,4,14,1,181,555,295
144,335,541,976,991,15,182,182,986,986,0,0.005854521937438306,0.006058749446883829,961,962,1,3,2,2,9,35,274,57,504
145,0,102,1,950,949,0,4,1,439,438,0.0,0.0002042275094455223,1,584,583,4,-1,5,2,0,991,872,239
146,6,108,385,884,499,59,59,500,500,0,0.00017018959120460194,0.0002382654276864427,539,587,48,4,4,4,16,1,26,452,761
147,0,102,1,891,890,0,22,1,388,387,0.0,3.4037918240920386e-05,1,405,404,4,-1,5,14,0,84,820,248
148,69,170,935,982,47,14,14,736,736,0,0.002280540522141666,0.0023486163586235067,914,916,2,6,4,4,3,34,812,89,537
149,0,206,1,971,970,0,10,1,458,457,0.0,0.0002382654276864427,1,588,587,3,-1,4,4,0,945,538,353
150,6,6,481,481,0,18,18,713,713,0,0.0006126825283365669,0.0006126825283365669,739,739,0,-1,4,4,3,1,674,480,723
151,5,106,601,980,379,4,4,561,561,0,0.00017018959120460194,0.00030634126416828345,576,653,77,5,5,5,2,3,955,280,459
152,0,0,1,1,0,0,0,1,1,0,0.0,0.0,1,1,0,-1,-1,-1,2,1,681,913,914
153,20,122,633,916,283,50,50,642,642,0,0.0008509479560230097,0.0008509479560230097,783,783,0,4,4,4,9,6,394,490,661
154,0,616,1,995,994,0,52,1,784,783,0.0,0.0037441710065012424,1,939,938,2,-1,3,6,0,387,429,25
155,0,102,1,919,918,0,7,1,373,372,0.0,3.4037918240920386e-05,1,395,394,4,-1,5,5,0,644,729,534
156,0,206,1,959,958,0,17,1,424,423,0.0,0.0002042275094455223,1,564,563,3,-1,4,7,1,246,792,223
157,0,0,1,1,0,0,0,1,1,0,0.0,0.0,1,1,0,-1,-1,-1,3,0,911,740,939
158,0,616,1,995,994,0,32,1,590,589,0.0,0.002757071377514551,1,915,914,2,-1,3,7,0,196,990,65
159,0,0,1,1,0,0,0,1,1,0,0.0,0.0,1,1,0,-1,-1,-1,6,2,157,633,774
160,0,102,1,918,917,0,8,1,413,412,0.0,0.0006467204465774873,1,753,752,4,-1,5,4,0,736,898,97
161,0,0,1,1,0,0,0,1,1,0,0.0,0.0,1,1,0,-1,-1,-1,2,3,804,854,866
162,21,122,638,912,274,60,60,682,682,0,0.0004765308553728854,0.0004765308553728854,692,692,0,5,3,3,9,5,147,454,543
163,0,616,1,991,990,0,68,1,608,607,0.0,0.002552843868069029,1,910,909,2,-1,3,13,3,97,746,27
164,0,206,1,956,955,0,44,1,566,565,0.0,0.00088498587426393,1,781,780,3,-1,4,10,0,293,985,497
165,149,250,946,973,27,62,62,955,955,0,0.004595118962524252,0.004629156880765172,957,957,0,5,2,2,3,19,459,133,526
166,6,6,388,388,0,72,72,599,599,0,0.00030634126416828345,0.00030634126416828345,616,616,0,-1,4,4,14,3,181,285,686
167,18,224,674,972,298,38,42,732,737,5,0.00013615167296368154,0.0010892133837094523,509,827,318,3,3,3,6,5,253,231,559
168,0,0,1,1,0,0,0,1,1,0,0.0,0.0,1,1,0,-1,-1,-1,2,0,684,863,529
169,16,222,590,971,381,40,40,743,743,0,0.000442492937131965,0.0007488342013002485,692,773,81,3,3,3,5,1,537,480,343
170,6,6,460,460,0,11,11,478,478,0,0.0,0.0,1,1,0,-1,4,4,4,1,682,449,898
171,0,101,1,950,949,0,3,1,331,330,0.0,3.4037918240920386e-05,1,398,397,5,-1,6,3,0,707,665,755
172,0,206,1,958,957,0,26,1,498,497,0.0,0.0005786446100956465,1,710,709,3,-1,4,7,0,182,565,387
173,42,144,785,936,151,46,46,725,725,0,0.0009190237925048504,0.0012253650566731338,790,829,39,4,3,3,6,8,255,250,302
174,6,212,437,966,529,26,30,533,570,37,6.807583648184077e-05,0.0017018959120460194,455,868,413,3,4,4,7,1,342,370,129
175,399,399,983,983,0,182,182,976,976,0,0.005377991082065421,0.005377991082065421,962,962,0,-1,2,2,9,57,101,50,702
176,0,102,1,934,933,0,4,1,426,425,0.0,0.00017018959120460194,1,544,543,4,-1,5,2,0,739,993,468
177,0,102,1,898,897,0,10,1,374,373,0.0,0.0002042275094455223,1,559,558,4,-1,5,7,0,472,356,697
178,68,68,852,852,0,64,64,802,802,0,0.0011232513019503727,0.0011232513019503727,818,818,0,-1,3,3,8,12,323,155,780
179,2,618,353,993,640,20,88,376,690,314,0.0,0.007794683277170768,1,968,967,2,5,3,15,3,138,748,1
180,609,815,997,1000,3,96,96,992,992,0,0.01855066544130161,0.021716191837707205,995,996,1,3,2,2,3,98,819,23,50
181,0,101,1,963,962,0,2,1,332,331,0.0,0.0,1,1,0,6,-1,7,2,0,749,608,449
182,0,206,1,970,969,0,14,1,490,489,0.0,0.0010892133837094523,1,812,811,3,-1,4,5,3,291,753,63
183,94,196,902,970,68,44,44,834,834,0,0.0028932230504782326,0.0030634126416828346,918,922,4,4,3,3,4,22,542,128,770
184,30,30,731,731,0,32,32,605,605,0,0.0006126825283365669,0.0006126825283365669,736,736,0,-1,4,4,6,9,624,198,918
185,0,0,1,1,0,0,0,1,1,0,0.0,0.0,1,1,0,-1,-1,-1,4,0,493,802,915
186,14,116,579,917,338,30,30,566,566,0,0.0002723033459273631,0.0005105687736138058,599,701,102,4,4,4,7,6,214,247,210
187,0,102,1,948,947,0,5,1,422,421,0.0,0.0002042275094455223,1,589,588,4,-1,5,3,0,608,994,453
188,34,34,770,770,0,40,40,757,757,0,0.0007147962830593281,0.0007147962830593281,749,749,0,-1,3,3,5,4,605,246,675
189,115,115,880,880,0,208,208,850,850,0,0.0014295925661186562,0.0014295925661186562,845,845,0,-1,2,2,22,13,55,120,472
190,0,206,1,968,967,0,14,1,432,431,0.0,0.00037441710065012424,1,665,664,3,-1,4,7,0,305,929,596
191,1,102,333,904,571,4,4,333,333,0,0.0,6.807583648184077e-05,1,442,441,5,6,6,4,2,567,739,862
192,0,101,1,871,870,0,16,1,331,330,0.0,6.807583648184077e-05,1,441,440,5,-1,6,16,3,151,882,627
193,0,102,1,944,943,0,5,1,404,403,0.0,0.0002382654276864427,1,606,605,4,-1,5,3,0,902,832,169
194,30,30,790,790,0,36,36,780,780,0,0.0006126825283365669,0.0006126825283365669,745,745,0,-1,3,3,5,6,685,381,794
195,40,141,815,946,131,20,20,609,609,0,0.0012253650566731338,0.0012594029749140542,840,840,0,5,4,4,4,12,344,67,298
196,0,0,1,1,0,0,0,1,1,0,0.0,0.0,1,1,0,-1,-1,-1,15,0,0,944,961
197,68,68,863,863,0,60,60,861,861,0,0.0013274788113958951,0.0013274788113958951,843,843,0,-1,3,3,5,9,382,242,515
198,16,16,558,558,0,74,74,765,765,0,0.0008169100377820892,0.0008169100377820892,780,780,0,-1,3,3,9,1,803,612,854
199,38,140,823,958,135,34,34,824,824,0,0.0018040096667687805,0.001940161339732462,880,885,5,4,3,3,4,11,607,193,659
200,0,102,1,957,956,0,5,1,416,415,0.0,6.807583648184077e-05,1,456,455,4,-1,5,3,0,850,903,287
201,34,136,698,917,219,58,58,551,551,0,0.00034037918240920387,0.000442492937131965,644,678,34,4,3,3,14,3,79,248,552
202,0,101,1,926,925,0,5,1,332,331,0.0,0.0,1,1,0,5,-1,6,5,0,601,776,374
203,9,110,582,945,363,11,11,497,497,0,0.0,6.807583648184077e-05,1,452,451,5,4,4,4,4,553,581,466
204,1,103,333,908,575,4,8,333,404,71,0.0,0.0,1,1,0,4,6,5,4,1,516,540,531
205,35,136,804,958,154,24,24,759,759,0,0.0011913271384322134,0.0011913271384322134,837,837,0,8,3,3,3,5,710,355,448
206,36,137,778,934,156,40,40,729,729,0,0.0010892133837094523,0.0010892133837094523,822,822,0,6,3,3,5,5,396,403,703
207,6,212,403,954,551,28,28,431,431,0,3.4037918240920386e-05,0.0002042275094455223,406,554,148,3,4,4,12,2,96,419,252
208,21,21,724,724,0,18,18,652,652,0,0.0006126825283365669,0.0006126825283365669,754,754,0,-1,4,4,3,8,729,257,920
209,0,0,1,1,0,0,0,1,1,0,0.0,0.0,1,1,0,-1,-1,-1,2,0,807,915,776
210,94,196,948,981,33,22,22,878,878,0,0.0035059055788147996,0.0038462847612240037,941,947,6,4,3,3,2,28,890,41,272
211,131,131,944,944,0,54,54,891,891,0,0.002723033459273631,0.002723033459273631,919,919,0,-1,3,3,4,26,453,108,821
212,22,123,631,905,274,46,46,562,562,0,3.4037918240920386e-05,0.00010211375472276115,393,481,88,5,3,3,10,2,75,244,279
213,19,19,624,624,0,34,34,503,503,0,0.0002382654276864427,0.0002382654276864427,593,593,0,-1,4,4,9,9,213,317,773
214,14,220,579,968,389,32,32,598,598,0,0.0002042275094455223,0.0015657442390823377,571,851,280,3,4,4,6,4,549,450,66
215,10,112,515,903,388,28,28,487,487,0,0.0002723033459273631,0.0004084550188910446,600,671,71,4,4,4,8,3,244,536,795
216,0,102,1,869,868,0,25,1,390,389,0.0,0.00017018959120460194,1,533,532,4,-1,5,14,0,203,875,521
217,57,159,822,940,118,68,68,768,768,0,0.0004765308553728854,0.0008169100377820892,695,766,71,4,3,3,8,11,131,52,524
218,0,101,1,944,943,0,2,1,331,330,0.0,0.0,1,1,0,7,-1,8,2,1,960,920,861
219,6,107,445,917,472,18,18,520,520,0,6.807583648184077e-05,6.807583648184077e-05,455,455,0,8,4,4,5,2,314,691,857
220,0,101,1,939,938,0,3,1,331,330,0.0,0.0,1,1,0,8,-1,9,3,0,953,695,857
221,14,116,689,962,273,12,12,683,683,0,0.00037441710065012424,0.0006467204465774873,666,749,83,4,4,4,2,4,965,288,333
222,14,115,635,937,302,22,22,601,601,0,0.00037441710065012424,0.00037441710065012424,668,668,0,6,4,4,5,3,435,236,344
223,20,226,749,980,231,8,8,542,542,0,0.0008509479560230097,0.001497668402600497,795,866,71,3,4,4,2,10,548,413,206
224,0,206,1,949,948,0,36,1,465,464,0.0,0.0002723033459273631,1,613,612,3,-1,4,14,0,79,817,465
225,0,0,1,1,0,0,0,1,1,0,0.0,0.0,1,1,0,-1,-1,-1,5,0,647,875,800
226,38,140,814,955,141,32,32,774,774,0,0.0008509479560230097,0.0011232513019503727,783,819,36,4,3,3,5,10,557,366,278
227,16,117,749,973,224,18,18,895,895,0,0.00088498587426393,0.00088498587426393,800,800,0,5,3,3,2,1,959,439,558
228,18,119,687,939,252,32,32,754,754,0,0.0002382654276864427,0.0002723033459273631,600,617,17,5,3,3,5,5,376,395,756
229,1,1,333,333,0,7,7,333,333,0,0.0,0.0,1,1,0,-1,6,6,7,2,525,344,533
230,40,40,835,835,0,34,34,911,911,0,0.0007147962830593281,0.0007147962830593281,769,769,0,-1,3,3,3,6,961,381,472
231,8,110,513,908,395,18,18,566,566,0,0.0002382654276864427,0.0004084550188910446,589,679,90,4,4,4,3,2,634,697,191
232,9,110,504,887,383,34,34,482,482,0,6.807583648184077e-05,6.807583648184077e-05,446,446,0,7,4,4,11,3,360,534,703
233,63,164,868,961,93,28,28,779,779,0,0.0014636304843595766,0.0014636304843595766,861,861,0,6,3,3,3,14,923,175,896
234,25,225,716,968,252,24,24,620,620,0,0.0009530617107457708,0.0011232513019503727,799,822,23,3,4,4,4,6,622,289,263
235,2,2,376,376,0,3,3,380,380,0,3.4037918240920386e-05,3.4037918240920386e-05,409,409,0,-1,5,5,2,2,723,679,902
236,181,181,966,966,0,78,78,970,970,0,0.006467204465774873,0.006467204465774873,968,968,0,-1,2,2,4,31,495,126,943
237,0,1640,1,1000,999,0,106,1,939,938,0.0,0.021546002246502605,1,993,992,1,-1,2,7,0,193,446,0
238,38,38,755,755,0,64,64,757,757,0,0.0005786446100956465,0.0005786446100956465,713,713,0,-1,3,3,8,9,380,343,457
239,16,222,628,974,346,44,44,805,805,0,0.00088498587426393,0.0021784267674189047,797,892,95,3,3,3,4,1,445,612,397
240,0,101,1,906,905,0,6,1,332,331,0.0,0.0,1,1,0,5,-1,6,6,0,441,349,543
241,50,151,831,952,121,44,44,837,837,0,0.0019061234214915416,0.001940161339732462,884,885,1,5,3,3,4,12,815,100,527
242,102,308,902,978,76,72,72,843,843,0,0.0022465026039007454,0.0037441710065012424,893,942,49,3,3,3,7,18,525,171,157
243,2,208,370,975,605,3,8,371,485,114,3.4037918240920386e-05,0.0004084550188910446,391,688,297,3,5,4,2,3,752,460,160
244,28,28,718,718,0,58,58,771,771,0,0.0009870996289866913,0.0009870996289866913,803,803,0,-1,3,3,7,3,273,351,825
245,0,206,1,964,963,0,16,1,490,489,0.0,0.0010211375472276116,1,812,811,3,-1,4,4,2,493,752,226
246,0,0,1,1,0,0,0,1,1,0,0.0,0.0,1,1,0,-1,-1,-1,7,0,296,991,946
247,0,102,1,906,905,0,8,1,380,379,0.0,0.00017018959120460194,1,549,548,4,-1,5,5,0,392,917,435
248,0,0,1,1,0,0,0,1,1,0,0.0,0.0,1,1,0,-1,-1,-1,8,1,257,806,478
249,231,231,961,961,0,170,170,960,960,0,0.0037441710065012424,0.0037441710065012424,937,937,0,-1,2,2,11,31,139,102,937
250,6,6,396,396,0,42,42,553,553,0,0.00034037918240920387,0.00034037918240920387,629,629,0,-1,4,4,9,1,381,500,542
251,40,141,875,977,102,12,12,760,760,0,0.0019741992579733825,0.0019741992579733825,895,895,0,6,4,4,2,18,898,141,181
252,28,28,759,759,0,36,36,768,768,0,0.0016338200755641784,0.0016338200755641784,862,862,0,-1,3,3,5,3,601,390,998
253,2,104,363,938,575,2,4,332,396,64,6.807583648184077e-05,0.00017018959120460194,446,543,97,4,6,5,2,5,954,605,689
254,18,18,692,692,0,14,14,558,558,0,0.0002042275094455223,0.0002042275094455223,577,577,0,-1,4,4,3,6,825,516,981
255,0,206,1,968,967,0,12,1,463,462,0.0,0.0007488342013002485,1,772,771,3,-1,4,4,1,758,789,272
256,0,0,1,1,0,0,0,1,1,0,0.0,0.0,1,1,0,-1,-1,-1,2,0,771,876,571
257,79,79,856,856,0,90,90,838,838,0,0.0014295925661186562,0.0014295925661186562,848,848,0,-1,3,3,9,12,316,99,574
258,0,102,1,931,930,0,7,1,412,411,0.0,0.0006467204465774873,1,756,755,4,-1,5,4,0,581,825,184
259,42,42,840,840,0,22,22,806,806,0,0.0016678579938050988,0.0016678579938050988,881,881,0,-1,3,3,2,17,816,213,884
260,220,220,996,996,0,22,22,969,969,0,0.01409169815174104,0.01409169815174104,990,990,0,-1,3,3,2,127,955,11,961
261,10,112,607,949,342,10,10,531,531,0,6.807583648184077e-05,0.00010211375472276115,443,485,42,4,4,4,3,7,953,451,541
262,17,119,634,930,296,36,36,736,736,0,0.0005105687736138058,0.0007147962830593281,714,763,49,4,3,3,5,3,692,299,527
263,29,29,745,745,0,22,22,707,707,0,0.0002042275094455223,0.0002042275094455223,578,578,0,-1,3,3,2,4,769,164,668
264,30,30,743,743,0,36,36,725,725,0,0.0009190237925048504,0.0009190237925048504,788,788,0,-1,3,3,5,6,464,377,923
265,26,26,714,714,0,50,50,686,686,0,0.0005446066918547262,0.0005446066918547262,714,714,0,-1,3,3,8,5,137,252,933
266,26,232,794,982,188,8,12,523,656,133,0.001157289220191293,0.0028591851322373124,840,925,85,3,4,4,2,11,942,118,87
267,430,531,983,987,4,204,204,977,977,0,0.005990673610401988,0.006126825283365669,964,964,0,5,2,2,11,57,167,50,596
268,15,116,561,903,342,32,32,522,522,0,0.00034037918240920387,0.00034037918240920387,634,634,0,5,4,4,8,7,358,427,763
269,16,118,632,930,298,36,36,743,743,0,0.00034037918240920387,0.0014636304843595766,648,855,207,4,3,3,5,1,552,655,78
270,102,204,886,950,64,90,90,765,765,0,0.001497668402600497,0.001497668402600497,848,848,0,4,3,3,10,19,114,59,298
271,8,214,539,974,435,16,16,573,573,0,0.0002042275094455223,0.0008509479560230097,591,790,199,3,4,4,4,4,573,287,318
272,56,56,887,887,0,22,22,840,840,0,0.002484768031587188,0.002484768031587188,913,913,0,-1,3,3,2,13,998,183,965
273,6,6,371,371,0,31,31,365,365,0,0.0,0.0,1,1,0,-1,4,4,23,2,15,721,820
274,0,206,1,973,972,0,11,1,467,466,0.0,0.00034037918240920387,1,651,650,3,-1,4,5,0,435,611,810
275,0,101,1,892,891,0,10,1,331,330,0.0,0.0,1,1,0,5,-1,6,10,0,241,515,743
276,0,0,1,1,0,0,0,1,1,0,0.0,0.0,1,1,0,-1,-1,-1,2,0,898,498,820
277,0,102,1,926,925,0,6,1,363,362,0.0,6.807583648184077e-05,1,456,455,4,-1,5,5,0,795,815,862
278,0,206,1,971,970,0,14,1,519,518,0.0,0.0009870996289866913,1,810,809,3,-1,4,3,1,834,583,146
279,0,0,1,1,0,0,0,1,1,0,0.0,0.0,1,1,0,-1,-1,-1,11,1,307,835,833
280,6,6,480,480,0,11,11,497,497,0,0.00017018959120460194,0.00017018959120460194,544,544,0,-1,4,4,4,2,553,215,918
281,18,224,637,973,336,24,28,535,585,50,0.0002382654276864427,0.0005105687736138058,592,708,116,3,4,4,6,4,515,202,404
282,0,0,1,1,0,0,0,1,1,0,0.0,0.0,1,1,0,-1,-1,-1,8,1,318,685,962
283,351,452,983,990,7,48,48,913,913,0,0.006841621566424997,0.007011811157629599,973,974,1,5,3,3,3,55,778,21,353
284,10,10,662,662,0,8,8,591,591,0,0.00017018959120460194,0.00017018959120460194,552,552,0,-1,4,4,2,4,968,210,803
285,20,226,630,961,331,42,42,586,586,0,0.00034037918240920387,0.0004765308553728854,644,690,46,3,4,4,9,10,414,266,618
286,0,0,1,1,0,0,0,1,1,0,0.0,0.0,1,1,0,-1,-1,-1,4,1,403,947,941
287,5,107,410,895,485,12,12,403,403,0,0.00010211375472276115,0.00030634126416828345,488,638,150,4,5,5,6,4,378,442,353
288,0,206,1,972,971,0,24,1,638,637,0.0,0.002314578440382586,1,900,899,3,-1,4,4,1,558,948,50
289,9,215,565,973,408,12,16,487,558,71,0.0002382654276864427,0.00034037918240920387,595,646,51,3,4,4,4,4,611,278,360
290,6,6,409,409,0,19,19,423,423,0,3.4037918240920386e-05,3.4037918240920386e-05,396,396,0,-1,4,4,9,2,202,615,819
291,310,310,981,981,0,110,110,973,973,0,0.007488342013002485,0.007488342013002485,972,972,0,-1,2,2,6,49,266,31,823
292,15,15,662,662,0,24,24,732,732,0,0.0004084550188910446,0.0004084550188910446,679,679,0,-1,4,4,4,6,679,107,784
293,148,148,913,913,0,176,176,878,878,0,0.0022465026039007454,0.0022465026039007454,895,895,0,-1,3,3,16,25,53,47,890
294,0,0,1,1,0,0,0,1,1,0,0.0,0.0,1,1,0,-1,-1,-1,21,0,74,517,825
295,158,158,934,934,0,122,122,949,949,0,0.006705469893461316,0.006705469893461316,971,971,0,-1,2,2,8,19,317,72,932
296,49,255,844,979,135,34,34,788,788,0,0.0016338200755641784,0.003437829742332959,874,936,62,3,3,3,4,11,885,193,89
297,0,206,1,956,955,0,30,1,449,448,0.0,0.00030634126416828345,1,618,617,3,-1,4,11,0,188,686,551
298,105,207,907,968,61,52,52,752,752,0,0.0020082371762143027,0.002144388849177984,884,889,5,4,3,3,7,21,497,157,435
299,63,679,813,991,178,146,146,858,858,0,0.0007828721195411688,0.0036760951700194017,768,928,160,2,3,3,16,8,134,161,41
300,65,165,870,961,91,44,44,857,857,0,0.00176997174852786,0.0018720855032506212,872,877,5,4,3,3,4,18,545,148,474
301,60,266,831,974,143,78,78,811,811,0,0.0006467204465774873,0.0027911092957554717,748,917,169,3,3,3,8,7,199,253,65
302,9,215,549,960,411,34,38,581,606,25,0.00010211375472276115,0.0007147962830593281,487,767,280,3,4,4,7,6,466,406,612
303,30,132,723,926,203,42,42,646,646,0,0.0008509479560230097,0.001055175465468532,789,818,29,4,4,4,7,8,216,345,266
304,30,132,747,935,188,48,48,720,720,0,0.0002382654276864427,0.0002382654276864427,607,607,0,4,3,3,7,6,342,107,449
305,28,28,727,727,0,40,40,733,733,0,0.000442492937131965,0.000442492937131965,703,703,0,-1,3,3,5,5,247,306,963
306,0,102,1,893,892,0,12,1,390,389,0.0,0.00013615167296368154,1,513,512,4,-1,5,7,1,340,835,637
307,0,206,1,951,950,0,20,1,413,412,0.0,0.00010211375472276115,1,473,472,3,-1,4,9,0,123,813,556
308,39,141,805,944,139,40,40,783,783,0,0.0007828721195411688,0.0008509479560230097,771,789,18,4,3,3,5,8,478,177,791
309,12,114,698,969,271,12,12,737,737,0,0.00017018959120460194,0.0005446066918547262,548,739,191,4,4,4,2,8,749,477,439
310,94,94,833,833,0,300,300,947,947,0,0.0014295925661186562,0.0014295925661186562,846,846,0,-1,2,2,21,8,74,174,912
311,0,0,1,1,0,0,0,1,1,0,0.0,0.0,1,1,0,-1,-1,-1,14,0,198,856,905
312,0,0,1,1,0,0,0,1,1,0,0.0,0.0,1,1,0,-1,-1,-1,11,0,163,542,854
313,0,616,1,999,998,0,32,1,928,927,0.0,0.0156914803090643,1,994,993,2,-1,3,2,3,232,348,3
314,0,101,1,911,910,0,5,1,332,331,0.0,0.0,1,1,0,5,-1,6,5,0,326,985,743
315,0,102,1,939,938,0,5,1,400,399,0.0,0.00017018959120460194,1,543,542,4,-1,5,3,0,628,649,585
316,74,74,860,860,0,70,70,892,892,0,0.0012594029749140542,0.0012594029749140542,842,842,0,-1,3,3,5,12,408,179,324
317,34,136,655,896,241,128,128,748,748,0,0.00030634126416828345,0.00030634126416828345,614,614,0,4,3,3,17,4,103,339,873
318,17,118,637,924,287,22,22,527,527,0,0.00034037918240920387,0.00034037918240920387,651,651,0,5,4,4,5,8,506,302,357
319,120,222,930,969,39,70,70,905,905,0,0.0027911092957554717,0.0029612988869600733,918,924,6,4,3,3,5,23,390,122,646
320,28,234,698,971,273,50,50,779,779,0,0.0006126825283365669,0.005003573981415297,733,959,226,3,3,3,5,4,349,288,12
321,67,67,879,879,0,28,28,771,771,0,0.0010211375472276116,0.0010211375472276116,819,819,0,-1,3,3,3,18,839,147,604
322,100,100,898,898,0,100,100,961,961,0,0.030532012662105586,0.030532012662105586,996,996,0,-1,1,1,5,17,474,226,835
323,0,206,1,972,971,0,24,1,645,644,0.0,0.002995336805200994,1,926,925,3,-1,4,4,0,397,678,31
324,32,133,809,954,145,28,28,819,819,0,0.002723033459273631,0.002757071377514551,921,923,2,5,3,3,3,6,845,73,597
325,0,0,1,1,0,0,0,1,1,0,0.0,0.0,1,1,0,-1,-1,-1,6,0,356,643,766
326,0,206,1,987,986,0,8,1,603,602,0.0,0.0012594029749140542,1,837,836,3,-1,4,2,0,807,766,193
327,6,6,493,493,0,18,18,708,708,0,0.0002042275094455223,0.0002042275094455223,586,586,0,-1,4,4,3,1,485,168,922
328,1,103,332,934,602,3,6,332,408,76,0.0,0.0013274788113958951,1,844,843,4,6,5,3,2,651,656,61
329,44,660,747,991,244,98,108,736,780,44,0.0002723033459273631,0.001940161339732462,606,885,279,2,3,3,12,4,239,328,47
330,95,95,939,939,0,38,38,946,946,0,0.004050512270669526,0.004050512270669526,948,948,0,-1,3,3,3,21,608,123,489
331,135,135,937,937,0,80,80,923,923,0,0.0030293747234419145,0.0030293747234419145,924,924,0,-1,2,2,6,18,266,141,992
332,6,107,424,896,472,15,15,392,392,0,0.0,3.4037918240920386e-05,1,396,395,6,4,4,9,1,289,924,595
333,53,259,825,978,153,42,46,745,796,51,0.001055175465468532,0.0029612988869600733,811,916,105,3,3,3,6,8,575,177,117
334,2,104,367,934,567,7,7,419,419,0,3.4037918240920386e-05,0.0005786446100956465,405,736,331,4,5,5,4,1,679,623,184
335,6,108,494,942,448,18,18,669,669,0,0.00013615167296368154,0.0002382654276864427,519,597,78,4,4,4,3,3,835,260,556
336,0,102,1,925,924,0,7,1,399,398,0.0,0.00037441710065012424,1,659,658,4,-1,5,4,1,424,913,236
337,6,6,504,504,0,8,8,521,521,0,0.0002042275094455223,0.0002042275094455223,587,587,0,-1,4,4,2,1,681,809,644
338,2,2,351,351,0,10,10,371,371,0,3.4037918240920386e-05,3.4037918240920386e-05,404,404,0,-1,5,5,7,1,320,337,774
339,20,636,611,992,381,62,84,553,639,86,0.0002382654276864427,0.0026209197045508697,602,907,305,2,4,3,15,9,95,341,171
340,0,0,1,1,0,0,0,1,1,0,0.0,0.0,1,1,0,-1,-1,-1,3,0,725,979,777
341,0,102,1,940,939,0,4,1,413,412,0.0,0.000442492937131965,1,702,701,4,-1,5,2,0,820,758,622
342,0,101,1,930,929,0,4,1,331,330,0.0,0.00010211375472276115,1,485,484,5,-1,6,4,0,696,798,704
343,0,0,1,1,0,0,0,1,1,0,0.0,0.0,1,1,0,-1,-1,-1,5,0,663,930,793
344,2,208,346,934,588,28,58,368,448,80,0.0,0.0004765308553728854,1,678,677,3,5,4,21,2,74,292,345
345,50,666,765,991,226,100,132,641,782,141,0.0002723033459273631,0.0026549576227917903,604,910,306,2,3,3,16,5,27,310,65
346,24,126,673,919,246,30,30,612,612,0,0.00017018959120460194,0.00017018959120460194,525,525,0,4,4,4,5,4,496,259,690
347,16,118,570,907,337,42,42,556,556,0,0.00017018959120460194,0.0005105687736138058,531,696,165,4,3,3,10,1,241,659,504
348,12,218,535,957,422,25,30,447,478,31,3.4037918240920386e-05,0.00030634126416828345,402,618,216,3,4,4,10,2,256,364,444
349,6,6,424,424,0,19,19,445,445,0,3.4037918240920386e-05,3.4037918240920386e-05,408,408,0,-1,4,4,8,1,158,873,928
350,6,107,480,942,462,12,12,635,635,0,0.00013615167296368154,0.0002042275094455223,535,583,48,5,4,4,2,1,747,370,442
351,0,206,1,945,944,0,43,1,464,463,0.0,0.0004084550188910446,1,669,668,3,-1,4,14,0,332,846,283
352,97,303,858,971,113,136,136,812,812,0,0.0011913271384322134,0.0013615167296368155,815,833,18,3,3,3,15,17,107,131,262
353,6,212,426,965,539,14,14,457,457,0,3.4037918240920386e-05,0.0006467204465774873,401,741,340,3,4,4,5,1,173,322,407
354,16,117,690,953,263,12,12,632,632,0,0.0005446066918547262,0.0005446066918547262,730,730,0,5,4,4,2,6,919,381,578
355,0,206,1,970,969,0,18,1,550,549,0.0,0.001940161339732462,1,891,890,3,-1,4,5,0,908,400,48
356,40,246,710,959,249,126,130,761,772,11,0.0008509479560230097,0.001599782157323258,772,856,84,3,2,2,16,1,26,891,59
357,51,257,791,967,176,86,86,739,739,0,0.00030634126416828345,0.0007147962830593281,624,748,124,3,3,3,11,11,220,52,329
358,0,0,1,1,0,0,0,1,1,0,0.0,0.0,1,1,0,-1,-1,-1,3,3,768,854,955
359,19,121,665,937,272,26,26,615,615,0,0.00030634126416828345,0.00034037918240920387,628,640,12,4,4,4,5,6,691,379,599
360,179,281,942,969,27,174,174,962,962,0,0.002995336805200994,0.002995336805200994,922,922,0,4,2,2,11,18,220,82,606
361,6,6,429,429,0,11,11,434,434,0,3.4037918240920386e-05,3.4037918240920386e-05,401,401,0,-1,4,4,4,2,694,615,801
362,540,641,995,996,1,78,78,972,972,0,0.013002484768031588,0.013036522686272508,990,990,0,5,2,2,4,96,632,1,476
363,100,100,893,893,0,100,100,914,914,0,0.02110350930937064,0.02110350930937064,995,995,0,-1,1,1,8,5,301,216,847
364,1,102,333,964,631,2,2,333,333,0,0.0,3.4037918240920386e-05,1,411,410,5,7,6,2,1,810,671,873
365,89,295,908,983,75,44,44,878,878,0,0.0020082371762143027,0.0028932230504782326,879,912,33,3,3,3,4,21,617,157,390
366,110,110,932,932,0,48,48,900,900,0,0.002757071377514551,0.002757071377514551,922,922,0,-1,3,3,3,20,834,38,728
367,6,107,466,940,474,10,10,506,506,0,0.00010211375472276115,0.00010211375472276115,491,491,0,5,4,4,3,3,640,260,530
368,0,102,1,968,967,0,4,1,481,480,0.0,0.0002382654276864427,1,609,608,4,-1,5,2,0,936,900,165
369,12,12,563,563,0,30,30,645,645,0,0.0002042275094455223,0.0002042275094455223,564,564,0,-1,4,4,5,3,247,541,664
370,27,129,741,940,199,40,40,791,791,0,0.0008169100377820892,0.0009530617107457708,780,803,23,4,3,3,5,6,570,114,332
371,10,112,567,928,361,12,12,464,464,0,0.00037441710065012424,0.00037441710065012424,659,659,0,4,4,4,4,3,758,307,842
372,22,124,706,943,237,38,38,864,864,0,0.0009530617107457708,0.0015657442390823377,806,865,59,4,3,3,3,5,636,535,177
373,0,102,1,914,913,0,7,1,359,358,0.0,0.00017018959120460194,1,544,543,4,-1,5,6,0,322,965,677
374,18,224,748,984,236,14,18,652,737,85,0.0002382654276864427,0.001157289220191293,606,838,232,3,4,4,3,5,850,182,193
375,128,128,975,975,0,22,22,913,913,0,0.005412029000306341,0.005412029000306341,966,966,0,-1,3,3,2,50,959,33,483
376,0,206,1,950,949,0,25,1,406,405,0.0,0.00017018959120460194,1,532,531,3,-1,4,13,0,129,731,409
377,0,0,1,1,0,0,0,1,1,0,0.0,0.0,1,1,0,-1,-1,-1,6,0,630,794,713
378,76,177,839,932,93,124,124,806,806,0,0.00088498587426393,0.0009190237925048504,775,783,8,5,3,3,13,8,115,204,763
379,6,622,382,988,606,42,126,438,767,329,0.0002042275094455223,0.007318152421797883,551,964,413,2,4,3,17,1,80,322,24
380,34,136,798,949,151,26,26,659,659,0,0.0010211375472276116,0.0012253650566731338,817,836,19,4,4,4,5,9,602,242,447
381,6,6,416,416,0,13,13,387,387,0,0.00017018959120460194,0.00017018959120460194,535,535,0,-1,4,4,8,3,131,708,841
382,79,285,866,977,111,78,78,849,849,0,0.0015657442390823377,0.002144388849177984,861,891,30,3,3,3,8,9,440,277,172
383,8,214,486,951,465,31,35,465,481,16,3.4037918240920386e-05,0.00013615167296368154,402,510,108,3,4,4,12,3,194,829,628
384,0,0,1,1,0,0,0,1,1,0,0.0,0.0,1,1,0,-1,-1,-1,5,0,487,984,996
385,8,110,558,942,384,8,8,490,490,0,0.00034037918240920387,0.0005446066918547262,652,723,71,4,4,4,2,3,849,121,310
386,22,22,641,641,0,40,40,554,554,0,3.4037918240920386e-05,3.4037918240920386e-05,405,405,0,-1,3,3,9,4,274,239,825
387,0,0,1,1,0,0,0,1,1,0,0.0,0.0,1,1,0,-1,-1,-1,9,0,177,990,894
388,31,133,773,947,174,34,34,784,784,0,0.0009870996289866913,0.001157289220191293,803,821,18,4,3,3,4,8,659,257,214
389,0,102,1,889,888,0,10,1,373,372,0.0,0.00010211375472276115,1,481,480,4,-1,5,7,0,193,769,285
390,2,2,354,354,0,7,7,408,408,0,6.807583648184077e-05,6.807583648184077e-05,441,441,0,-1,5,5,4,3,562,466,883
391,15,15,662,662,0,18,18,708,708,0,0.0008169100377820892,0.0008169100377820892,801,801,0,-1,4,4,3,4,826,125,867
392,6,6,444,444,0,32,32,649,649,0,6.807583648184077e-05,6.807583648184077e-05,440,440,0,-1,4,4,6,1,664,553,356
393,29,29,705,705,0,28,28,502,502,0,0.0002042275094455223,0.0002042275094455223,562,562,0,-1,4,4,8,7,350,176,757
394,57,57,842,842,0,40,40,733,733,0,0.001055175465468532,0.001055175465468532,815,815,0,-1,3,3,5,11,247,97,776
395,0,101,1,908,907,0,5,1,331,330,0.0,3.4037918240920386e-05,1,413,412,5,-1,6,5,0,479,673,605
396,2,104,356,895,539,14,14,406,406,0,0.00013615167296368154,0.00030634126416828345,522,634,112,4,5,5,7,2,331,654,229
397,9,215,536,965,429,22,26,498,533,35,0.00010211375472276115,0.0002723033459273631,484,608,124,3,4,4,7,4,505,278,443
398,0,0,1,1,0,0,0,1,1,0,0.0,0.0,1,1,0,-1,-1,-1,4,1,313,573,665
399,30,131,802,963,161,12,12,635,635,0,0.00088498587426393,0.00088498587426393,791,791,0,6,4,4,2,10,723,195,595
400,1,103,333,870,537,20,23,333,355,22,0.0,6.807583648184077e-05,1,443,442,4,7,5,20,1,61,765,648
401,6,6,453,453,0,10,10,461,461,0,0.0,0.0,1,1,0,-1,4,4,3,1,819,799,867
402,22,124,674,927,253,30,30,646,646,0,0.0005105687736138058,0.0005446066918547262,704,713,9,4,4,4,5,5,701,283,585
403,3,3,404,404,0,8,8,401,401,0,3.4037918240920386e-05,3.4037918240920386e-05,394,394,0,-1,5,5,4,2,509,599,839
404,2,2,355,355,0,6,6,377,377,0,3.4037918240920386e-05,3.4037918240920386e-05,398,398,0,-1,5,5,4,2,887,518,867
405,4,4,434,434,0,9,9,408,408,0,0.00013615167296368154,0.00013615167296368154,529,529,0,-1,5,5,5,2,688,523,529
406,2,2,372,372,0,3,3,374,374,0,3.4037918240920386e-05,3.4037918240920386e-05,404,404,0,-1,5,5,2,1,806,896,999
407,12,114,543,897,354,34,34,527,527,0,3.4037918240920386e-05,6.807583648184077e-05,399,438,39,4,4,4,9,2,166,586,788
408,12,113,622,938,316,8,8,481,481,0,0.0002382654276864427,0.0002382654276864427,608,608,0,5,4,4,2,2,589,791,466
409,0,206,1,975,974,0,8,1,481,480,0.0,0.0004765308553728854,1,696,695,3,-1,4,2,1,954,730,332
410,0,0,1,1,0,0,0,1,1,0,0.0,0.0,1,1,0,-1,-1,-1,10,0,527,228,638
411,204,410,955,983,28,138,138,942,942,0,0.003982436434187685,0.0046972327172470135,942,953,11,3,2,2,9,26,287,108,49
412,0,102,1,920,919,0,10,1,435,434,0.0,0.0004084550188910446,1,677,676,4,-1,5,5,0,452,933,169
413,0,0,1,1,0,0,0,1,1,0,0.0,0.0,1,1,0,-1,-1,-1,4,1,633,792,542
414,0,206,1,967,966,0,22,1,545,544,0.0,0.0013274788113958951,1,853,852,3,-1,4,5,0,665,832,38
415,76,76,831,831,0,108,108,796,796,0,0.0012934408931549745,0.0012934408931549745,827,827,0,-1,3,3,13,14,160,243,955
416,16,222,604,969,365,42,42,714,714,0,0.00034037918240920387,0.001599782157323258,643,862,219,3,3,3,6,1,587,474,109
417,3,209,392,954,562,14,35,362,469,107,3.4037918240920386e-05,0.0005105687736138058,406,708,302,3,5,4,12,5,96,605,178
418,0,0,1,1,0,0,0,1,1,0,0.0,0.0,1,1,0,-1,-1,-1,8,0,325,860,831
419,10,112,605,943,338,12,12,580,580,0,0.00037441710065012424,0.0005786446100956465,683,734,51,4,4,4,2,5,586,619,256
420,13,13,638,638,0,14,14,576,576,0,0.0002382654276864427,0.0002382654276864427,616,616,0,-1,4,4,3,3,699,458,968
421,0,101,1,920,919,0,4,1,331,330,0.0,0.0,1,1,0,5,-1,6,4,0,753,657,298
422,29,130,808,958,150,8,8,522,522,0,0.0007828721195411688,0.0008509479560230097,788,800,12,5,4,4,2,10,957,413,899
423,12,218,578,973,395,24,24,637,637,0,0.00013615167296368154,0.0012253650566731338,517,839,322,3,4,4,4,4,460,380,218
424,22,638,655,994,339,54,64,672,728,56,0.000442492937131965,0.0018720855032506212,689,877,188,2,4,3,9,5,180,283,192
425,96,198,929,975,46,28,28,837,837,0,0.0030293747234419145,0.003165526396405596,933,936,3,4,3,3,3,30,888,39,406
426,0,206,1,951,950,0,19,1,424,423,0.0,0.00030634126416828345,1,621,620,3,-1,4,9,0,249,445,450
427,3,3,468,468,0,4,4,391,391,0,3.4037918240920386e-05,3.4037918240920386e-05,405,405,0,-1,5,5,3,3,852,585,859
428,0,616,1,998,997,0,30,1,742,741,0.0,0.0036760951700194017,1,943,942,2,-1,3,4,0,397,937,17
429,14,116,602,931,329,20,20,608,608,0,0.0004084550188910446,0.0007828721195411688,683,778,95,4,4,4,4,4,753,479,29
430,3,3,443,443,0,4,4,395,395,0,0.0,0.0,1,1,0,-1,5,5,2,2,586,298,732
431,6,108,423,910,487,26,26,565,565,0,0.0004084550188910446,0.0005446066918547262,669,718,49,4,4,4,5,4,347,409,263
432,40,246,667,952,285,142,146,609,619,10,0.00037441710065012424,0.0005105687736138058,646,696,50,3,2,2,30,1,7,322,110
433,39,39,763,763,0,42,42,644,644,0,0.00088498587426393,0.00088498587426393,788,788,0,-1,4,4,7,8,221,352,998
434,0,0,1,1,0,0,0,1,1,0,0.0,0.0,1,1,0,-1,-1,-1,4,0,659,498,695
435,0,102,1,926,925,0,7,1,372,371,0.0,0.0002723033459273631,1,622,621,4,-1,5,5,0,795,959,683
436,0,102,1,916,915,0,10,1,399,398,0.0,0.0002042275094455223,1,573,572,4,-1,5,6,0,373,975,107
437,2,208,371,972,601,8,16,424,542,118,0.00017018959120460194,0.0018040096667687805,563,875,312,3,5,4,4,1,619,452,128
438,16,222,524,946,422,44,49,455,472,17,0.0,0.00010211375472276115,1,466,465,3,3,3,15,1,49,558,325
439,10,216,608,977,369,8,12,479,592,113,0.00017018959120460194,0.0017359338302869397,549,877,328,3,4,4,2,4,653,220,151
440,18,120,597,899,302,74,74,748,748,0,0.0004084550188910446,0.000442492937131965,669,681,12,4,3,3,9,3,381,541,691
441,121,327,955,987,32,32,32,921,921,0,0.0038462847612240037,0.005650294427992784,943,962,19,3,3,3,2,25,804,105,81
442,5,211,565,991,426,3,8,416,643,227,0.00017018959120460194,0.0016338200755641784,554,869,315,3,5,4,2,4,884,332,304
443,6,212,425,961,536,21,22,475,475,0,0.0,0.0002723033459273631,1,609,608,3,4,4,7,1,320,762,312
444,6,108,388,880,492,53,53,478,478,0,6.807583648184077e-05,0.00013615167296368154,442,518,76,4,4,4,17,1,39,935,581
445,16,118,685,947,262,22,22,796,796,0,0.000442492937131965,0.0005786446100956465,709,742,33,4,3,3,2,1,948,727,599
446,0,0,1,1,0,0,0,1,1,0,0.0,0.0,1,1,0,-1,-1,-1,12,0,292,957,991
447,44,146,801,938,137,50,50,718,718,0,0.0008509479560230097,0.0008509479560230097,784,784,0,4,3,3,8,10,270,413,549
448,0,206,1,969,968,0,26,1,611,610,0.0,0.0053439531638245,1,960,959,3,-1,4,5,0,363,604,18
449,18,18,718,718,0,12,12,657,657,0,0.0008169100377820892,0.0008169100377820892,788,788,0,-1,4,4,2,7,942,399,574
450,13,115,645,944,299,12,12,631,631,0,0.00034037918240920387,0.0004765308553728854,656,703,47,4,4,4,2,5,894,619,380
451,125,331,890,971,81,188,188,846,846,0,0.001497668402600497,0.002144388849177984,848,891,43,3,2,2,19,17,83,327,414
452,63,63,832,832,0,72,72,802,802,0,0.001055175465468532,0.001055175465468532,806,806,0,-1,3,3,7,13,436,120,778
453,6,6,505,505,0,8,8,531,531,0,6.807583648184077e-05,6.807583648184077e-05,462,462,0,-1,4,4,2,1,851,334,348
454,54,156,838,959,121,24,24,674,674,0,0.0005786446100956465,0.0006807583648184077,725,751,26,4,4,4,4,19,659,184,689
455,0,102,1,890,889,0,12,1,355,354,0.0,0.0,1,1,0,4,-1,5,11,0,155,929,530
456,32,648,703,992,289,70,84,731,791,60,0.0007828721195411688,0.0035739814152966403,768,940,172,2,3,3,9,6,381,467,133
457,55,55,835,835,0,52,52,814,814,0,0.0009870996289866913,0.0009870996289866913,812,812,0,-1,3,3,6,10,587,405,478
458,0,0,1,1,0,0,0,1,1,0,0.0,0.0,1,1,0,-1,-1,-1,3,0,863,898,731
459,104,206,897,959,62,114,114,935,935,0,0.0024166921951053475,0.002552843868069029,901,905,4,4,2,2,10,13,527,183,424
460,3,105,426,926,500,8,8,424,424,0,0.0,0.00017018959120460194,1,542,541,4,5,5,4,2,403,244,507
461,62,62,864,864,0,62,62,921,921,0,0.0013955546478777359,0.0013955546478777359,854,854,0,-1,3,3,6,8,594,186,986
462,6,108,408,900,492,15,16,411,415,4,0.0,0.0,1,1,0,4,4,4,7,1,372,853,313
463,2,208,392,988,596,3,8,402,601,199,0.00010211375472276115,0.002212464685659825,492,904,412,3,5,4,2,1,898,837,43
464,34,135,776,945,169,34,34,750,750,0,0.0005105687736138058,0.0005105687736138058,715,715,0,7,3,3,4,6,700,381,857
465,18,224,699,977,278,12,12,606,606,0,0.0007488342013002485,0.0011232513019503727,781,837,56,3,4,4,2,5,907,273,291
466,2,208,388,986,598,4,8,446,580,134,3.4037918240920386e-05,0.0011232513019503727,407,825,418,3,5,4,2,1,985,561,144
467,60,60,885,885,0,12,12,662,662,0,0.0014295925661186562,0.0014295925661186562,855,855,0,-1,4,4,2,22,979,203,821
468,6,6,404,404,0,48,48,628,628,0,0.0002723033459273631,0.0002723033459273631,609,609,0,-1,4,4,8,3,357,309,999
469,32,32,777,777,0,62,62,847,847,0,0.0011232513019503727,0.0011232513019503727,820,820,0,-1,3,3,7,8,439,497,462
470,7,109,507,922,415,6,6,405,405,0,0.00017018959120460194,0.00030634126416828345,546,633,87,4,5,5,3,7,725,427,562
471,0,101,1,924,923,0,5,1,330,329,0.0,0.0,1,1,0,6,-1,7,5,0,629,839,590
472,207,207,973,973,0,56,56,973,973,0,0.006024711528642908,0.006024711528642908,966,966,0,-1,2,2,2,31,905,102,632
473,2,2,364,364,0,4,4,395,395,0,0.0,0.0,1,1,0,-1,5,5,2,1,643,639,604
474,2,2,363,363,0,7,7,402,402,0,0.0,0.0,1,1,0,-1,5,5,4,1,280,837,538
475,2,208,371,977,606,6,11,396,503,107,0.0,0.00010211375472276115,1,492,491,3,5,4,4,2,607,654,722
476,0,102,1,900,899,0,9,1,352,351,0.0,3.4037918240920386e-05,1,398,397,4,-1,5,8,0,282,502,421
477,1,617,333,996,663,8,64,333,809,476,3.4037918240920386e-05,0.00891793457912114,408,976,568,2,6,3,8,1,449,603,23
478,8,624,486,990,504,37,55,464,555,91,0.00013615167296368154,0.0010211375472276116,517,801,284,2,4,3,13,2,160,22,622
479,26,26,699,699,0,32,32,582,582,0,0.00037441710065012424,0.00037441710065012424,665,665,0,-1,4,4,6,8,368,90,866
480,6,212,480,977,497,20,20,670,670,0,0.00037441710065012424,0.0007828721195411688,658,783,125,3,4,4,4,1,553,439,101
481,0,101,1,913,912,0,5,1,332,331,0.0,0.0,1,1,0,6,-1,7,5,0,476,669,140
482,0,0,1,1,0,0,0,1,1,0,0.0,0.0,1,1,0,-1,-1,-1,10,0,114,881,737
483,0,0,1,1,0,0,0,1,1,0,0.0,0.0,1,1,0,-1,-1,-1,4,0,622,876,611
484,13,13,672,672,0,8,8,542,542,0,0.0002042275094455223,0.0002042275094455223,582,582,0,-1,4,4,2,3,548,301,428
485,2,208,369,976,607,6,10,424,507,83,3.4037918240920386e-05,0.0002382654276864427,386,599,213,3,5,4,3,1,615,639,323
486,43,249,779,968,189,54,58,661,690,29,0.0007488342013002485,0.0018720855032506212,758,884,126,3,3,3,8,7,231,176,84
487,34,34,794,794,0,16,16,536,536,0,0.00034037918240920387,0.00034037918240920387,649,649,0,-1,4,4,4,10,397,262,951
488,6,6,377,377,0,40,40,394,394,0,6.807583648184077e-05,6.807583648184077e-05,438,438,0,-1,4,4,23,3,57,466,564
489,132,338,952,986,34,34,34,788,788,0,0.0026549576227917903,0.006092787365124749,915,968,53,3,3,3,4,33,313,15,77
490,136,342,899,973,74,148,148,784,784,0,0.001599782157323258,0.002586881786309949,859,908,49,3,3,3,18,19,64,59,255
491,75,691,868,997,129,34,54,703,874,171,0.0018040096667687805,0.008407365805507334,871,977,106,2,3,3,4,18,540,63,14
492,100,100,897,897,0,100,100,947,947,0,0.019980258007420267,0.019980258007420267,993,993,0,-1,1,1,7,3,658,496,712
493,0,206,1,970,969,0,13,1,462,461,0.0,0.00034037918240920387,1,637,636,3,-1,4,5,0,656,977,493
494,52,154,785,932,147,88,88,749,749,0,0.0004765308553728854,0.0005105687736138058,696,705,9,4,3,3,11,7,139,170,526
495,0,102,1,936,935,0,3,1,362,361,0.0,0.00013615167296368154,1,516,515,4,-1,5,2,1,972,814,536
496,0,102,1,940,939,0,8,1,444,443,0.0,0.0008169100377820892,1,777,776,4,-1,5,4,0,794,520,630
497,30,236,685,960,275,88,88,753,753,0,0.00030634126416828345,0.0004765308553728854,624,685,61,3,3,3,11,6,220,107,681
498,0,0,1,1,0,0,0,1,1,0,0.0,0.0,1,1,0,-1,-1,-1,3,0,835,929,978
499,0,101,1,931,930,0,3,1,331,330,0.0,6.807583648184077e-05,1,449,448,5,-1,6,3,0,844,205,687
500,167,269,976,986,10,22,22,844,844,0,0.004731270635487933,0.005548180673270023,960,967,7,4,3,3,2,54,684,28,161
501,118,220,938,974,36,48,48,917,917,0,0.0030634126416828346,0.0030974505599237552,918,918,0,4,3,3,3,27,592,61,260
502,0,0,1,1,0,0,0,1,1,0,0.0,0.0,1,1,0,-1,-1,-1,5,1,456,513,784
503,16,16,571,571,0,64,64,751,751,0,0.0005786446100956465,0.0005786446100956465,734,734,0,-1,3,3,8,1,197,80,813
504,153,254,972,987,15,38,38,919,919,0,0.003982436434187685,0.004016474352428605,945,945,0,5,3,3,3,45,693,77,451
505,14,630,600,997,397,21,42,599,815,216,0.0002723033459273631,0.009088124170325743,620,980,360,2,4,3,5,3,476,301,1
506,0,206,1,954,953,0,17,1,393,392,0.0,0.00017018959120460194,1,524,523,3,-1,4,10,0,169,498,430
507,2,2,363,363,0,6,6,365,365,0,0.0,0.0,1,1,0,-1,5,5,5,1,435,593,813
508,100,716,908,998,90,48,48,884,884,0,0.003642057251778481,0.010109261717553355,936,983,47,2,3,3,3,19,613,135,24
509,143,349,893,974,81,248,248,887,887,0,0.002212464685659825,0.003880322679464924,886,936,50,3,2,2,24,18,28,148,151
510,220,220,959,959,0,114,114,928,928,0,0.004288777698355968,0.004288777698355968,948,948,0,-1,3,3,9,27,414,88,587
511,2,103,373,941,568,4,4,375,375,0,3.4037918240920386e-05,0.00013615167296368154,409,517,108,5,5,5,3,1,785,543,164
512,0,0,1,1,0,0,0,1,1,0,0.0,0.0,1,1,0,-1,-1,-1,6,0,498,808,757
513,6,6,436,436,0,19,19,506,506,0,0.00013615167296368154,0.00013615167296368154,512,512,0,-1,4,4,6,1,455,360,330
514,17,119,626,914,288,34,34,568,568,0,0.00030634126416828345,0.0005786446100956465,630,726,96,4,4,4,7,8,118,302,391
515,6,622,389,989,600,51,65,449,497,48,0.0,0.0006807583648184077,1,737,736,2,4,3,21,2,2,342,392
516,8,214,492,954,462,30,42,491,567,76,0.00013615167296368154,0.0015657442390823377,510,855,345,3,4,4,9,2,191,724,85
517,106,207,909,966,57,80,80,922,922,0,0.003948398515946765,0.003948398515946765,946,946,0,7,2,2,6,18,526,64,972
518,6,212,414,963,549,42,46,580,608,28,0.000442492937131965,0.0008509479560230097,671,781,110,3,4,4,9,1,394,480,636
519,16,222,522,950,428,72,72,561,561,0,3.4037918240920386e-05,0.0002382654276864427,396,582,186,3,3,3,15,2,37,691,124
520,6,212,467,974,507,11,16,483,549,66,3.4037918240920386e-05,0.0007828721195411688,408,777,369,3,4,4,4,1,891,506,161
521,8,110,515,926,411,16,16,499,499,0,0.00010211375472276115,0.0002723033459273631,479,602,123,4,4,4,4,3,822,505,368
522,0,616,1,997,996,0,38,1,708,707,0.0,0.0024166921951053475,1,905,904,2,-1,3,6,0,515,850,104
523,2,208,363,969,606,4,10,333,452,119,0.0,0.0002382654276864427,1,593,592,3,6,4,4,5,655,605,637
524,0,102,1,897,896,0,9,1,352,351,0.0,0.00013615167296368154,1,502,501,4,-1,5,8,0,595,975,648
525,2,103,366,930,564,6,6,389,389,0,3.4037918240920386e-05,3.4037918240920386e-05,408,408,0,5,5,5,4,3,891,460,543
526,2,2,355,355,0,8,8,356,356,0,0.0,0.0,1,1,0,-1,5,5,7,3,170,460,845
527,15,117,681,957,276,8,8,523,523,0,0.0002382654276864427,0.0006467204465774873,606,751,145,4,4,4,2,9,942,191,40
528,0,206,1,968,967,0,18,1,504,503,0.0,0.0011913271384322134,1,826,825,3,-1,4,5,0,605,897,183
529,50,152,817,945,128,50,50,883,883,0,0.001599782157323258,0.0016338200755641784,856,859,3,4,2,2,4,9,391,29,442
530,168,374,912,976,64,264,264,922,922,0,0.002723033459273631,0.0028932230504782326,907,917,10,3,2,2,20,15,5,153,634
531,0,0,1,1,0,0,0,1,1,0,0.0,0.0,1,1,0,-1,-1,-1,11,0,163,201,705
532,0,0,1,1,0,0,0,1,1,0,0.0,0.0,1,1,0,-1,-1,-1,5,0,677,695,754
533,0,102,1,900,899,0,7,1,393,392,0.0,0.0002382654276864427,1,589,588,4,-1,5,4,0,547,915,386
534,0,206,1,974,973,0,10,1,506,505,0.0,0.0007488342013002485,1,770,769,3,-1,4,3,3,863,746,155
535,21,227,696,967,271,20,20,559,559,0,0.0004084550188910446,0.0006807583648184077,681,755,74,3,4,4,4,6,532,199,29
536,7,109,524,930,406,22,22,605,605,0,0.00013615167296368154,0.0004084550188910446,518,675,157,4,4,4,5,2,908,749,278
537,0,206,1,961,960,0,23,1,483,482,0.0,0.0002042275094455223,1,568,567,3,-1,4,8,0,158,498,167
538,6,6,463,463,0,10,10,505,505,0,0.00030634126416828345,0.00030634126416828345,643,643,0,-1,4,4,3,2,774,785,929
539,0,0,1,1,0,0,0,1,1,0,0.0,0.0,1,1,0,-1,-1,-1,2,0,940,515,693
540,12,218,564,972,408,16,20,464,509,45,6.807583648184077e-05,0.0009530617107457708,449,805,356,3,4,4,6,3,266,290,109
541,2,104,360,930,570,7,7,381,381,0,0.0,0.0,1,1,0,4,5,5,5,1,574,879,442
542,0,101,1,916,915,0,5,1,332,331,0.0,0.0,1,1,0,5,-1,6,5,0,662,359,764
543,94,94,857,857,0,142,142,901,901,0,0.0019061234214915416,0.0019061234214915416,866,866,0,-1,2,2,13,8,160,352,462
544,0,0,1,1,0,0,0,1,1,0,0.0,0.0,1,1,0,-1,-1,-1,11,0,248,858,889
545,0,206,1,963,962,0,22,1,496,495,0.0,0.000442492937131965,1,691,690,3,-1,4,7,0,329,372,283
546,349,965,974,997,23,286,286,985,985,0,0.007590455767725246,0.009292351679771264,962,977,15,2,2,2,18,54,29,28,122
547,22,22,724,724,0,24,24,736,736,0,0.00030634126416828345,0.00030634126416828345,641,641,0,-1,3,3,3,8,780,302,806
548,31,31,784,784,0,20,20,625,625,0,0.0005446066918547262,0.0005446066918547262,726,726,0,-1,4,4,4,8,635,187,725
549,0,102,1,908,907,0,6,1,360,359,0.0,0.0,1,1,0,4,-1,5,5,1,665,792,829
550,77,179,865,955,90,82,82,875,875,0,0.0033016780693692774,0.003608019333537561,927,936,9,4,2,2,8,15,286,137,173
551,0,206,1,974,973,0,8,1,488,487,0.0,0.0006467204465774873,1,759,758,3,-1,4,2,0,886,735,192
552,41,41,793,793,0,30,30,630,630,0,0.0010892133837094523,0.0010892133837094523,817,817,0,-1,4,4,5,9,571,130,822
553,1158,1158,999,999,0,248,248,992,992,0,0.020014295925661188,0.020014295925661188,996,996,0,-1,2,2,11,157,279,2,786
554,82,288,830,965,135,142,142,804,804,0,0.0012934408931549745,0.0017359338302869397,828,864,36,3,3,3,16,9,117,242,399
555,1,1,332,332,0,2,2,332,332,0,0.0,0.0,1,1,0,-1,6,6,2,1,963,781,889
556,24,126,716,939,223,30,30,727,727,0,0.0005786446100956465,0.0008169100377820892,722,775,53,4,3,3,4,3,815,307,507
557,0,0,1,1,0,0,0,1,1,0,0.0,0.0,1,1,0,-1,-1,-1,9,0,177,910,713
558,95,95,866,866,0,114,114,900,900,0,0.0018720855032506212,0.0018720855032506212,870,870,0,-1,2,2,10,17,109,226,713
559,24,230,660,968,308,60,60,683,683,0,0.0006807583648184077,0.0024166921951053475,736,903,167,3,4,4,10,4,437,470,38
560,2,2,351,351,0,14,14,374,374,0,0.0,0.0,1,1,0,-1,5,5,9,2,159,885,981
561,20,121,613,905,292,42,42,533,533,0,0.0002042275094455223,0.0002723033459273631,558,594,36,5,4,4,11,4,271,504,598
562,52,52,799,799,0,92,92,775,775,0,0.001157289220191293,0.001157289220191293,820,820,0,-1,3,3,11,6,233,397,629
563,1,103,332,951,619,3,4,332,381,49,6.807583648184077e-05,0.000442492937131965,453,694,241,4,6,5,3,2,798,764,636
564,0,102,1,966,965,0,6,1,479,478,0.0,0.0005786446100956465,1,742,741,4,-1,5,3,0,853,908,46
565,0,206,1,978,977,0,8,1,507,506,0.0,0.0008509479560230097,1,798,797,3,-1,4,2,0,776,981,501
566,6,6,432,432,0,14,14,457,457,0,3.4037918240920386e-05,3.4037918240920386e-05,402,402,0,-1,4,4,5,1,492,958,804
567,0,102,1,925,924,0,7,1,409,408,0.0,0.00017018959120460194,1,541,540,4,-1,5,4,0,633,400,197
568,2,2,362,362,0,7,7,385,385,0,6.807583648184077e-05,6.807583648184077e-05,441,441,0,-1,5,5,4,1,709,606,965
569,46,46,746,746,0,150,150,844,844,0,0.0005446066918547262,0.0005446066918547262,708,708,0,-1,3,3,15,8,104,257,712
570,545,751,993,998,5,128,128,992,992,0,0.012525953912658701,0.013002484768031588,988,988,0,3,2,2,5,75,818,24,490
571,0,102,1,952,951,0,3,1,390,389,0.0,0.0002042275094455223,1,592,591,4,-1,5,2,1,715,913,496
572,2,208,349,956,607,10,34,349,528,179,0.0,0.0009530617107457708,1,791,790,3,5,4,9,1,330,590,79
573,45,661,708,987,279,158,184,700,760,60,0.0005446066918547262,0.0030634126416828346,700,920,220,2,3,3,23,6,8,467,39
574,0,206,1,956,955,0,23,1,421,420,0.0,0.0,1,1,0,3,-1,4,11,0,234,910,251
575,4,106,440,935,495,4,4,406,406,0,6.807583648184077e-05,0.0004765308553728854,453,699,246,4,5,5,2,2,931,499,177
576,0,0,1,1,0,0,0,1,1,0,0.0,0.0,1,1,0,-1,-1,-1,17,0,63,942,849
577,0,102,1,903,902,0,10,1,415,414,0.0,0.0005446066918547262,1,707,706,4,-1,5,5,0,173,826,616
578,22,228,669,968,299,28,28,621,621,0,0.00017018959120460194,0.002382654276864427,536,897,361,3,3,3,5,2,793,425,27
579,0,0,1,1,0,0,0,1,1,0,0.0,0.0,1,1,0,-1,-1,-1,2,0,283,668,992
580,14,14,542,542,0,46,46,518,518,0,0.0002382654276864427,0.0002382654276864427,581,581,0,-1,4,4,13,3,113,353,905
581,23,23,689,689,0,24,24,530,530,0,0.00030634126416828345,0.00030634126416828345,630,630,0,-1,4,4,6,6,518,229,926
582,0,102,1,939,938,0,3,1,372,371,0.0,3.4037918240920386e-05,1,406,405,4,-1,5,2,2,881,431,598
583,117,1757,927,1000,73,50,84,820,964,144,0.0016338200755641784,0.022635215630212056,864,994,130,1,3,2,5,24,724,129,56
584,0,206,1,972,971,0,14,1,542,541,0.0,0.0005446066918547262,1,727,726,3,-1,4,3,3,585,746,642
585,7,109,535,939,404,10,10,501,501,0,0.0002382654276864427,0.0007828721195411688,596,793,197,4,4,4,3,2,826,523,480
586,0,206,1,957,956,0,28,1,477,476,0.0,0.001497668402600497,1,852,851,3,-1,4,10,1,241,789,53
587,32,32,735,735,0,34,34,681,681,0,0.00088498587426393,0.00088498587426393,787,787,0,-1,3,3,4,7,410,170,819
588,6,212,444,969,525,18,22,525,573,48,3.4037918240920386e-05,0.0002042275094455223,413,560,147,3,4,4,5,2,552,325,541
589,18,18,651,651,0,42,42,705,705,0,0.00034037918240920387,0.00034037918240920387,653,653,0,-1,3,3,6,3,526,354,649
590,24,24,627,627,0,66,66,519,519,0,0.00030634126416828345,0.00030634126416828345,634,634,0,-1,4,4,17,5,6,124,750
591,17,17,525,525,0,119,119,530,530,0,0.00010211375472276115,0.00010211375472276115,466,466,0,-1,3,3,33,3,9,631,811
592,94,300,854,969,115,154,154,857,857,0,0.0017359338302869397,0.0018380475850097008,871,878,7,3,3,3,14,13,133,335,625
593,0,0,1,1,0,0,0,1,1,0,0.0,0.0,1,1,0,-1,-1,-1,2,2,986,684,875
594,0,102,1,946,945,0,3,1,383,382,0.0,0.00017018959120460194,1,555,554,4,-1,5,2,0,469,880,350
595,6,108,461,934,473,16,16,583,583,0,0.0005446066918547262,0.0009530617107457708,714,807,93,4,4,4,4,2,491,785,221
596,0,102,1,974,973,0,3,1,436,435,0.0,0.0004765308553728854,1,730,729,4,-1,5,2,0,978,778,303
597,0,102,1,942,941,0,4,1,410,409,0.0,0.00010211375472276115,1,485,484,4,-1,5,2,0,937,502,935
598,0,102,1,967,966,0,4,1,466,465,0.0,0.00034037918240920387,1,663,662,4,-1,5,2,0,807,892,368
599,32,238,795,979,184,24,24,745,745,0,0.0009870996289866913,0.0029612988869600733,818,916,98,3,3,3,3,3,627,525,57
600,0,0,1,1,0,0,0,1,1,0,0.0,0.0,1,1,0,-1,-1,-1,3,0,825,773,730
601,0,0,1,1,0,0,0,1,1,0,0.0,0.0,1,1,0,-1,-1,-1,23,0,8,860,669
602,54,260,790,964,174,102,102,797,797,0,0.0007147962830593281,0.0008169100377820892,751,771,20,3,3,3,11,4,167,246,318
603,2,104,356,902,546,8,10,357,375,18,6.807583648184077e-05,0.00010211375472276115,445,489,44,4,5,5,7,3,329,708,347
604,0,102,1,922,921,0,6,1,418,417,0.0,0.0004084550188910446,1,686,685,4,-1,5,3,0,672,997,415
605,6,212,444,968,524,22,22,577,577,0,0.00010211375472276115,0.0006126825283365669,482,744,262,3,4,4,5,1,565,891,375
606,17,118,681,943,262,18,18,681,681,0,0.0007828721195411688,0.0008169100377820892,777,785,8,6,4,4,3,6,288,192,593
607,171,272,979,990,11,12,12,697,697,0,0.004322815616596889,0.004322815616596889,956,956,0,6,4,4,2,61,878,14,518
608,0,0,1,1,0,0,0,1,1,0,0.0,0.0,1,1,0,-1,-1,-1,3,1,797,685,965
609,0,101,1,945,944,0,3,1,330,329,0.0,0.0,1,1,0,5,-1,6,3,2,790,431,552
610,0,1640,1,1000,999,0,166,1,703,702,0.0,0.006841621566424997,1,963,962,1,-1,2,25,0,17,923,76
611,12,218,560,967,407,12,12,464,464,0,0.00013615167296368154,0.0006467204465774873,519,749,230,3,4,4,4,2,858,491,412
612,44,146,809,942,133,40,40,759,759,0,0.00088498587426393,0.0009530617107457708,789,792,3,4,3,3,5,8,338,264,370
613,16,16,533,533,0,102,102,721,721,0,0.0002042275094455223,0.0002042275094455223,560,560,0,-1,3,3,15,1,81,553,732
614,13,115,585,924,339,24,24,626,626,0,0.00013615167296368154,0.00013615167296368154,517,517,0,4,4,4,4,3,354,222,837
615,0,206,1,961,960,0,36,1,598,597,0.0,0.001940161339732462,1,881,880,3,-1,4,8,1,158,780,153
616,16,118,606,921,315,30,30,628,628,0,0.0002723033459273631,0.0004084550188910446,616,683,67,4,3,3,6,2,526,544,501
617,0,0,1,1,0,0,0,1,1,0,0.0,0.0,1,1,0,-1,-1,-1,9,1,147,573,730
618,57,57,739,739,0,262,262,783,783,0,0.0008509479560230097,0.0008509479560230097,769,769,0,-1,2,2,35,3,20,291,828
619,22,124,601,896,295,100,100,636,636,0,0.0002382654276864427,0.0005105687736138058,590,700,110,4,3,3,17,4,39,149,523
620,0,206,1,963,962,0,12,1,407,406,0.0,0.0005105687736138058,1,707,706,3,-1,4,6,0,432,808,524
621,20,636,681,997,316,32,46,724,843,119,0.000442492937131965,0.002757071377514551,687,914,227,2,3,3,5,4,478,230,49
622,14,115,659,946,287,14,14,594,594,0,0.0006126825283365669,0.0006467204465774873,742,749,7,5,4,4,3,4,590,336,879
623,2,208,361,971,610,9,14,405,467,62,3.4037918240920386e-05,0.0002382654276864427,404,599,195,3,5,4,5,2,314,325,394
624,0,0,1,1,0,0,0,1,1,0,0.0,0.0,1,1,0,-1,-1,-1,2,0,920,922,845
625,57,158,880,968,88,12,12,631,631,0,0.0009190237925048504,0.0010211375472276116,811,825,14,5,4,4,2,17,776,45,566
626,32,32,668,668,0,130,130,749,749,0,0.0004084550188910446,0.0004084550188910446,670,670,0,-1,3,3,17,5,6,535,912
627,0,0,1,1,0,0,0,1,1,0,0.0,0.0,1,1,0,-1,-1,-1,5,1,430,828,852
628,2,2,401,401,0,3,3,416,416,0,0.00017018959120460194,0.00017018959120460194,554,554,0,-1,5,5,2,1,884,500,729
629,24,125,725,939,214,30,30,743,743,0,0.00034037918240920387,0.00034037918240920387,642,643,1,5,3,3,4,7,735,451,964
630,4,210,458,979,521,6,11,397,526,129,0.00013615167296368154,0.00037441710065012424,519,669,150,3,5,4,4,5,480,401,268
631,16,222,504,948,444,92,96,558,565,7,0.00010211375472276115,0.0002382654276864427,486,582,96,3,3,3,19,3,14,285,282
632,0,616,1,995,994,0,43,1,676,675,0.0,0.003437829742332959,1,937,936,2,-1,3,7,0,170,926,28
633,6,212,412,956,544,44,44,630,630,0,0.00017018959120460194,0.0010211375472276116,541,808,267,3,4,4,8,1,334,689,642
634,41,143,791,944,153,40,40,752,752,0,0.0011913271384322134,0.0013274788113958951,830,839,9,4,3,3,5,10,406,296,341
635,104,104,926,926,0,22,22,779,779,0,0.0026549576227917903,0.0026549576227917903,916,916,0,-1,3,3,2,20,990,94,356
636,0,206,1,963,962,0,12,1,443,442,0.0,0.0004084550188910446,1,687,686,3,-1,4,4,0,516,917,381
637,6,212,452,973,521,20,24,597,675,78,0.00013615167296368154,0.0048674223084516155,511,960,449,3,4,4,4,1,735,689,9
638,86,86,918,918,0,18,18,679,679,0,0.001940161339732462,0.001940161339732462,890,890,0,-1,4,4,3,27,716,61,740
639,0,206,1,969,968,0,10,1,457,456,0.0,0.0002042275094455223,1,573,572,3,-1,4,3,0,726,978,339
640,22,22,643,643,0,44,44,553,553,0,0.0002382654276864427,0.0002382654276864427,592,592,0,-1,3,3,11,3,234,505,753
641,176,176,980,980,0,28,28,895,895,0,0.0068075836481840775,0.0068075836481840775,968,968,0,-1,3,3,3,55,730,21,948
642,2,208,353,959,606,12,17,380,417,37,0.0,0.00017018959120460194,1,539,538,3,5,4,8,2,595,885,301
643,19,121,738,955,217,14,14,620,620,0,0.0007828721195411688,0.0009870996289866913,778,818,40,4,4,4,3,7,523,399,870
644,0,0,1,1,0,0,0,1,1,0,0.0,0.0,1,1,0,-1,-1,-1,17,1,39,874,533
645,6,107,528,963,435,8,8,567,567,0,3.4037918240920386e-05,0.00013615167296368154,401,523,122,5,4,4,2,2,982,550,392
646,61,163,883,966,83,38,38,886,886,0,0.0020422750944552232,0.0020763130126961434,895,896,1,4,3,3,3,12,670,58,313
647,24,125,777,957,180,12,12,654,654,0,0.0007828721195411688,0.00088498587426393,782,807,25,5,4,4,2,9,964,415,799
648,356,356,985,985,0,70,70,927,927,0,0.007352190340038803,0.007352190340038803,974,974,0,-1,3,3,5,70,487,18,633
649,2,103,351,895,544,12,12,359,359,0,0.0,0.0,1,1,0,6,5,5,10,2,161,357,344
650,20,122,697,942,245,24,24,745,745,0,0.0002382654276864427,0.0006807583648184077,596,756,160,4,3,3,3,6,627,247,382
651,0,101,1,937,936,0,3,1,332,331,0.0,0.0,1,1,0,5,-1,6,3,0,899,330,627
652,0,102,1,936,935,0,4,1,405,404,0.0,0.00013615167296368154,1,527,526,4,-1,5,2,0,779,732,385
653,0,102,1,958,957,0,3,1,387,386,0.0,0.00034037918240920387,1,659,658,4,-1,5,2,0,982,675,404
654,5,5,447,447,0,6,6,425,425,0,3.4037918240920386e-05,3.4037918240920386e-05,400,400,0,-1,5,5,3,3,337,580,483
655,2,104,355,899,544,7,8,371,375,4,3.4037918240920386e-05,0.00034037918240920387,397,645,248,4,5,5,5,1,793,503,562
656,100,100,927,927,0,100,100,998,998,0,0.07730011232513019,0.07753837775281663,999,999,0,4,1,1,2,20,966,87,182
657,18,119,700,947,247,18,18,703,703,0,0.00017018959120460194,0.00034037918240920387,561,660,99,5,4,4,3,3,857,248,891
658,36,36,756,756,0,48,48,685,685,0,0.0005446066918547262,0.0005446066918547262,711,711,0,-1,4,4,8,13,302,217,674
659,6,6,504,504,0,4,4,413,413,0,0.00013615167296368154,0.00013615167296368154,526,526,0,-1,5,5,2,3,681,596,668
660,0,206,1,958,957,0,26,1,547,546,0.0,0.0010211375472276116,1,810,809,3,-1,4,5,1,719,787,261
661,23,23,699,699,0,40,40,649,649,0,0.0005786446100956465,0.0005786446100956465,726,726,0,-1,4,4,8,8,318,386,895
662,0,102,1,896,895,0,9,1,365,364,0.0,6.807583648184077e-05,1,449,448,4,-1,5,7,2,221,431,441
663,2,103,353,881,528,13,13,359,359,0,0.0,6.807583648184077e-05,1,444,443,5,5,5,11,1,279,893,788
664,0,206,1,941,940,0,61,1,481,480,0.0,0.0009190237925048504,1,783,782,3,-1,4,19,0,46,856,559
665,8,214,559,980,421,10,14,535,626,91,0.00037441710065012424,0.0022465026039007454,674,898,224,3,4,4,3,2,856,634,60
666,0,206,1,962,961,0,30,1,572,571,0.0,0.005377991082065421,1,962,961,3,-1,4,7,2,207,775,18
667,3,105,462,960,498,4,4,465,465,0,0.00013615167296368154,0.0004765308553728854,519,718,199,4,5,5,2,3,950,300,386
668,0,0,1,1,0,0,0,1,1,0,0.0,0.0,1,1,0,-1,-1,-1,2,0,873,372,705
669,649,649,995,995,0,182,182,989,989,0,0.011062323428299126,0.011062323428299126,984,984,0,-1,2,2,9,92,327,30,974
670,0,101,1,895,894,0,6,1,332,331,0.0,3.4037918240920386e-05,1,405,404,5,-1,6,6,0,393,733,885
671,0,101,1,891,890,0,9,1,332,331,0.0,0.0,1,1,0,6,-1,7,9,0,394,926,739
672,0,206,1,970,969,0,26,1,636,635,0.0,0.004050512270669526,1,945,944,3,-1,4,5,0,452,988,12
673,2,104,344,888,544,16,19,370,382,12,0.0,0.00017018959120460194,1,530,529,4,5,5,12,1,187,734,215
674,0,102,1,900,899,0,9,1,369,368,0.0,0.00030634126416828345,1,632,631,4,-1,5,7,0,497,943,424
675,0,206,1,974,973,0,24,1,706,705,0.0,0.0040845501889104465,1,941,940,3,-1,4,4,0,721,856,31
676,56,56,814,814,0,54,54,675,675,0,0.0007147962830593281,0.0007147962830593281,757,757,0,-1,3,3,8,10,358,413,819
677,0,101,1,913,912,0,4,1,330,329,0.0,0.0,1,1,0,5,-1,6,4,1,520,685,577
678,0,102,1,883,882,0,16,1,369,368,0.0,6.807583648184077e-05,1,450,449,4,-1,5,12,0,252,992,350
679,12,114,544,914,370,24,24,477,477,0,0.00010211375472276115,0.00010211375472276115,480,480,0,4,4,4,8,3,137,829,530
680,0,0,1,1,0,0,0,1,1,0,0.0,0.0,1,1,0,-1,-1,-1,2,0,952,784,699
681,3,104,440,943,503,4,4,407,407,0,0.0002042275094455223,0.0002382654276864427,575,599,24,5,5,5,2,2,943,383,618
682,16,16,522,522,0,82,82,582,582,0,0.00010211375472276115,0.00010211375472276115,483,483,0,-1,3,3,18,1,34,958,548
683,24,230,702,971,269,40,44,826,843,17,0.0007828721195411688,0.0016338200755641784,778,872,94,3,3,3,4,4,711,326,137
684,100,100,901,901,0,100,100,955,955,0,0.04836788182034787,0.04836788182034787,1000,1000,0,-1,1,1,6,157,489,2,856
685,0,0,1,1,0,0,0,1,1,0,0.0,0.0,1,1,0,-1,-1,-1,5,1,571,513,729
686,0,101,1,974,973,0,2,1,330,329,0.0,0.00013615167296368154,1,514,513,5,-1,6,2,0,973,999,121
687,17,223,682,975,293,16,20,557,631,74,0.0002382654276864427,0.0006126825283365669,598,749,151,3,4,4,4,5,581,310,267
688,3,105,426,925,499,9,9,405,405,0,0.0,0.00013615167296368154,1,514,513,4,5,5,5,3,551,761,631
689,4,210,409,959,550,16,20,417,455,38,0.0002042275094455223,0.0006467204465774873,571,748,177,3,5,4,8,2,488,524,316
690,6,212,497,981,484,9,14,521,624,103,0.00013615167296368154,0.0022465026039007454,531,905,374,3,4,4,3,1,654,592,8
691,6,6,506,506,0,7,7,529,529,0,0.00017018959120460194,0.00017018959120460194,555,555,0,-1,4,4,2,1,821,762,235
692,6,108,450,928,478,22,22,594,594,0,0.0002382654276864427,0.00034037918240920387,597,645,48,4,4,4,5,1,765,474,231
693,24,24,741,741,0,32,32,756,756,0,0.000442492937131965,0.000442492937131965,693,693,0,-1,3,3,5,6,647,683,716
694,0,616,1,989,988,0,150,1,673,672,0.0,0.002723033459273631,1,921,920,2,-1,3,23,0,15,901,55
695,40,40,748,748,0,62,62,684,684,0,0.0005105687736138058,0.0005105687736138058,696,696,0,-1,3,3,10,7,259,253,446
696,18,119,670,936,266,22,22,576,576,0,0.0002723033459273631,0.0004084550188910446,618,682,64,5,4,4,5,4,517,637,442
697,18,224,619,964,345,50,50,674,674,0,0.0002382654276864427,0.0008169100377820892,590,771,181,3,3,3,8,2,380,323,405
698,16,117,532,897,365,59,59,534,534,0,0.00017018959120460194,0.00017018959120460194,529,529,0,5,3,3,15,1,104,799,374
699,162,162,927,927,0,212,212,951,951,0,0.002723033459273631,0.002723033459273631,916,916,0,-1,2,2,14,18,21,64,969
700,8,110,596,950,354,12,12,633,633,0,0.0002723033459273631,0.0007828721195411688,634,788,154,4,4,4,2,4,469,270,184
701,0,101,1,948,947,0,2,1,331,330,0.0,0.0002042275094455223,1,587,586,5,-1,6,2,0,895,686,247
702,4,4,454,454,0,4,4,405,405,0,0.0002723033459273631,0.0002723033459273631,622,622,0,-1,5,5,2,3,894,496,816
703,138,138,984,984,0,22,22,946,946,0,0.009496579189216788,0.009496579189216788,979,979,0,-1,3,3,2,54,944,19,938
704,0,0,1,1,0,0,0,1,1,0,0.0,0.0,1,1,0,-1,-1,-1,10,1,211,513,860
705,0,102,1,923,922,0,6,1,377,376,0.0,6.807583648184077e-05,1,451,450,4,-1,5,4,0,566,850,666
706,12,12,546,546,0,36,36,652,652,0,0.0005446066918547262,0.0005446066918547262,716,716,0,-1,4,4,6,2,470,475,489
707,0,102,1,911,910,0,7,1,368,367,0.0,3.4037918240920386e-05,1,402,401,4,-1,5,5,0,390,894,508
708,152,152,935,935,0,94,94,950,950,0,0.0040845501889104465,0.0040845501889104465,947,947,0,-1,2,2,5,19,719,135,712
709,0,102,1,940,939,0,4,1,403,402,0.0,3.4037918240920386e-05,1,402,401,4,-1,5,2,1,977,235,384
710,12,114,599,943,344,14,14,564,564,0,3.4037918240920386e-05,0.0004765308553728854,411,710,299,4,4,4,3,3,579,361,589
711,8,214,501,962,461,20,24,442,478,36,0.00010211375472276115,0.00013615167296368154,482,512,30,3,4,4,8,2,383,599,508
712,42,42,808,808,0,22,22,606,606,0,0.0006126825283365669,0.0006126825283365669,743,743,0,-1,4,4,5,9,476,242,462
713,45,146,770,920,150,96,96,780,780,0,0.0007488342013002485,0.0007488342013002485,758,758,0,5,3,3,11,8,220,257,748
714,25,25,794,794,0,22,22,828,828,0,0.0009870996289866913,0.0009870996289866913,819,819,0,-1,3,3,2,5,874,510,939
715,6,108,474,934,460,7,8,486,496,10,3.4037918240920386e-05,0.0002042275094455223,401,579,178,4,4,4,2,3,750,460,570
716,24,126,758,954,196,14,14,558,558,0,0.000442492937131965,0.0014295925661186562,698,860,162,4,4,4,3,9,825,29,128
717,0,206,1,960,959,0,15,1,402,401,0.0,0.00017018959120460194,1,540,539,3,-1,4,8,0,223,649,648
718,2,2,353,353,0,14,14,416,416,0,3.4037918240920386e-05,3.4037918240920386e-05,398,398,0,-1,5,5,7,1,209,416,643
719,8,624,500,994,494,32,58,500,656,156,0.00010211375472276115,0.0017359338302869397,468,863,395,2,4,3,10,3,258,196,189
720,4,4,424,424,0,6,6,406,406,0,3.4037918240920386e-05,3.4037918240920386e-05,402,402,0,-1,5,5,3,3,703,361,664
721,55,156,919,978,59,12,12,755,755,0,0.002110350930937064,0.0023486163586235067,911,921,10,5,4,4,2,28,987,44,29
722,0,0,1,1,0,0,0,1,1,0,0.0,0.0,1,1,0,-1,-1,-1,2,0,980,533,725
723,11,113,647,956,309,8,8,544,544,0,0.00030634126416828345,0.0004765308553728854,656,720,64,4,4,4,2,5,781,562,617
724,8,110,495,905,410,18,18,453,453,0,0.0,0.0002042275094455223,1,562,561,4,4,4,7,3,346,434,617
725,61,267,859,979,120,34,34,786,786,0,0.0018040096667687805,0.0051397256543789785,868,961,93,3,3,3,4,17,655,213,14
726,8,8,563,563,0,8,8,508,508,0,6.807583648184077e-05,6.807583648184077e-05,463,463,0,-1,4,4,2,2,776,791,358
727,0,206,1,972,971,0,11,1,470,469,0.0,0.00017018959120460194,1,547,546,3,-1,4,4,1,631,568,395
728,513,719,994,998,4,88,88,983,983,0,0.015657442390823378,0.016338200755641786,993,993,0,3,2,2,4,91,969,7,295
729,0,101,1,914,913,0,7,1,332,331,0.0,0.0,1,1,0,7,-1,8,7,0,404,823,972
730,10,10,595,595,0,7,7,486,486,0,0.00010211375472276115,0.00010211375472276115,481,481,0,-1,4,4,2,3,750,347,769
731,7,109,539,940,401,18,18,657,657,0,0.0007147962830593281,0.0008509479560230097,763,796,33,4,4,4,3,3,615,299,86
732,0,102,1,934,933,0,3,1,365,364,0.0,0.00030634126416828345,1,639,638,4,-1,5,2,0,739,960,170
733,14,14,624,624,0,18,18,579,579,0,0.00030634126416828345,0.00030634126416828345,631,631,0,-1,4,4,5,4,727,637,866
734,0,206,1,962,961,0,26,1,564,563,0.0,0.002586881786309949,1,909,908,3,-1,4,5,0,349,966,111
735,9,111,600,952,352,12,12,657,657,0,0.00034037918240920387,0.0005446066918547262,651,725,74,4,4,4,2,4,942,339,519
736,30,30,752,752,0,16,16,525,525,0,0.00030634126416828345,0.00030634126416828345,634,634,0,-1,4,4,4,13,690,256,520
737,4,210,406,960,554,19,24,410,447,37,6.807583648184077e-05,0.00034037918240920387,453,649,196,3,5,4,10,2,161,749,525
738,27,129,782,955,173,10,10,537,537,0,0.0006807583648184077,0.0008509479560230097,757,794,37,4,4,4,3,9,961,240,280
739,24,24,805,805,0,8,8,571,571,0,0.0007147962830593281,0.0007147962830593281,782,782,0,-1,4,4,2,6,995,136,758
740,41,657,815,998,183,30,40,742,840,98,0.0006807583648184077,0.003812246842983083,761,943,182,2,3,3,4,8,495,187,44
741,6,108,489,945,456,10,10,528,528,0,6.807583648184077e-05,0.0002382654276864427,449,584,135,4,4,4,3,1,693,870,287
742,6,212,395,954,559,42,46,517,548,31,0.0002042275094455223,0.00088498587426393,562,780,218,3,4,4,11,1,360,958,40
743,0,206,1,959,958,0,16,1,449,448,0.0,0.00030634126416828345,1,622,621,3,-1,4,6,1,419,742,187
744,0,102,1,906,905,0,6,1,374,373,0.0,6.807583648184077e-05,1,441,440,4,-1,5,4,0,858,455,719
745,118,220,958,982,24,22,22,844,844,0,0.005037611899656217,0.005684332346233704,953,959,6,4,3,3,2,25,625,105,281
746,36,242,852,988,136,18,18,738,738,0,0.0011232513019503727,0.002314578440382586,833,911,78,3,4,4,3,14,850,243,66
747,21,21,714,714,0,20,20,618,618,0,0.00034037918240920387,0.00034037918240920387,650,650,0,-1,4,4,4,5,617,310,629
748,6,212,397,952,555,30,38,432,472,40,6.807583648184077e-05,0.000442492937131965,450,674,224,3,4,4,13,1,129,481,212
749,0,206,1,974,973,0,14,1,504,503,0.0,0.0009190237925048504,1,799,798,3,-1,4,5,0,629,611,151
750,0,102,1,876,875,0,23,1,375,374,0.0,6.807583648184077e-05,1,436,435,4,-1,5,16,0,59,276,567
751,0,0,1,1,0,0,0,1,1,0,0.0,0.0,1,1,0,-1,-1,-1,14,1,268,235,953
752,8,8,530,530,0,18,18,574,574,0,0.00010211375472276115,0.00010211375472276115,485,485,0,-1,4,4,3,2,459,468,823
753,22,123,625,903,278,80,80,647,647,0,0.00034037918240920387,0.00034037918240920387,646,646,0,5,3,3,13,2,67,473,402
754,0,0,1,1,0,0,0,1,1,0,0.0,0.0,1,1,0,-1,-1,-1,5,1,338,895,793
755,0,206,1,969,968,0,10,1,460,459,0.0,0.00030634126416828345,1,643,642,3,-1,4,3,0,819,880,770
756,0,0,1,1,0,0,0,1,1,0,0.0,0.0,1,1,0,-1,-1,-1,16,0,60,954,983
757,0,0,1,1,0,0,0,1,1,0,0.0,0.0,1,1,0,-1,-1,-1,3,0,707,916,986
758,17,17,731,731,0,12,12,697,697,0,0.000442492937131965,0.000442492937131965,700,700,0,-1,4,4,2,5,878,636,611
759,6,622,438,995,557,32,52,602,793,191,6.807583648184077e-05,0.0028591851322373124,448,921,473,2,4,3,6,1,345,394,36
760,0,0,1,1,0,0,0,1,1,0,0.0,0.0,1,1,0,-1,-1,-1,5,0,604,632,803
761,0,0,1,1,0,0,0,1,1,0,0.0,0.0,1,1,0,-1,-1,-1,4,0,462,993,871
762,320,936,968,995,27,346,346,967,967,0,0.006603356138738555,0.007692569522448007,959,968,9,2,2,2,22,31,55,34,163
763,0,102,1,969,968,0,4,1,465,464,0.0,0.00034037918240920387,1,648,647,4,-1,5,2,0,959,638,195
764,6,622,426,994,568,25,39,476,591,115,0.00010211375472276115,0.0012934408931549745,484,836,352,2,4,3,9,1,388,481,350
765,0,101,1,946,945,0,2,1,331,330,0.0,3.4037918240920386e-05,1,395,394,6,-1,7,2,0,618,574,739
766,2,103,359,924,565,5,5,381,381,0,0.0,3.4037918240920386e-05,1,410,409,5,5,5,3,1,620,788,924
767,252,252,971,971,0,150,150,982,982,0,0.005446066918547262,0.005446066918547262,966,966,0,-1,2,2,7,24,216,8,638
768,4,4,408,408,0,15,15,405,405,0,0.00010211375472276115,0.00010211375472276115,480,480,0,-1,5,5,8,2,301,602,684
769,22,124,612,900,288,56,56,536,536,0,0.00030634126416828345,0.0006467204465774873,624,733,109,4,4,4,14,5,130,314,795
770,0,0,1,1,0,0,0,1,1,0,0.0,0.0,1,1,0,-1,-1,-1,2,1,625,913,929
771,0,102,1,924,923,0,6,1,383,382,0.0,0.00010211375472276115,1,490,489,4,-1,5,4,0,475,858,208
772,0,102,1,940,939,0,4,1,373,372,0.0,0.0,1,1,0,4,-1,5,3,1,523,841,593
773,2,2,361,361,0,5,5,383,383,0,0.0,0.0,1,1,0,-1,5,5,3,1,780,594,985
774,0,0,1,1,0,0,0,1,1,0,0.0,0.0,1,1,0,-1,-1,-1,4,0,632,942,740
775,20,122,661,917,256,36,36,612,612,0,0.0002042275094455223,0.0002042275094455223,568,568,0,4,4,4,8,9,541,29,550
776,0,102,1,906,905,0,7,1,358,357,0.0,0.0,1,1,0,4,-1,5,6,0,419,943,563
777,16,118,571,909,338,46,46,629,629,0,0.0002382654276864427,0.0004765308553728854,586,698,112,4,3,3,8,1,197,322,432
778,32,648,718,996,278,56,56,753,753,0,0.00037441710065012424,0.004016474352428605,662,946,284,2,3,3,6,2,157,770,16
779,0,102,1,905,904,0,8,1,357,356,0.0,6.807583648184077e-05,1,448,447,4,-1,5,7,0,637,200,526
780,0,206,1,965,964,0,18,1,508,507,0.0,0.0009530617107457708,1,797,796,3,-1,4,5,0,599,702,340
781,0,0,1,1,0,0,0,1,1,0,0.0,0.0,1,1,0,-1,-1,-1,2,0,992,624,914
782,0,101,1,960,959,0,2,1,332,331,0.0,0.00010211375472276115,1,499,498,5,-1,6,2,1,788,913,524
783,0,0,1,1,0,0,0,1,1,0,0.0,0.0,1,1,0,-1,-1,-1,7,0,273,867,808
784,0,102,1,957,956,0,4,1,445,444,0.0,0.0002723033459273631,1,627,626,4,-1,5,2,0,666,768,168
785,0,206,1,974,973,0,18,1,612,611,0.0,0.0018380475850097008,1,871,870,3,-1,4,3,1,651,641,73
786,0,0,1,1,0,0,0,1,1,0,0.0,0.0,1,1,0,-1,-1,-1,5,0,294,985,696
787,0,102,1,918,917,0,7,1,398,397,0.0,0.00034037918240920387,1,648,647,4,-1,5,4,0,690,821,439
788,0,0,1,1,0,0,0,1,1,0,0.0,0.0,1,1,0,-1,-1,-1,33,0,9,358,962
789,96,96,930,930,0,46,46,972,972,0,0.005037611899656217,0.005037611899656217,953,953,0,-1,2,2,2,18,734,147,932
790,11,217,566,970,404,20,24,580,635,55,0.0002042275094455223,0.0020082371762143027,562,888,326,3,4,4,4,7,711,427,153
791,235,337,951,975,24,208,208,950,950,0,0.0029612988869600733,0.0031314884781646754,919,925,6,4,2,2,14,33,332,15,655
792,0,616,1,990,989,0,62,1,647,646,0.0,0.005888559855679227,1,959,958,2,-1,3,10,0,153,446,18
793,0,206,1,978,977,0,10,1,555,554,0.0,0.0030634126416828346,1,931,930,3,-1,4,3,0,916,457,77
794,1,617,333,989,656,14,106,333,724,391,0.0,0.0028932230504782326,1,921,920,2,6,3,14,1,203,469,47
795,0,0,1,1,0,0,0,1,1,0,0.0,0.0,1,1,0,-1,-1,-1,3,0,676,936,907
796,22,123,814,974,160,18,18,895,895,0,0.0005786446100956465,0.0006467204465774873,740,755,15,6,3,3,2,6,959,368,374
797,10,112,584,935,351,12,12,485,485,0,0.0002042275094455223,0.0002382654276864427,573,605,32,4,4,4,4,3,648,536,580
798,0,0,1,1,0,0,0,1,1,0,0.0,0.0,1,1,0,-1,-1,-1,5,0,533,847,988
799,7,7,552,552,0,8,8,590,590,0,0.0004084550188910446,0.0004084550188910446,703,703,0,-1,4,4,2,2,283,101,948
800,49,151,854,963,109,28,28,814,814,0,0.0012253650566731338,0.0017359338302869397,841,877,36,4,3,3,3,13,699,261,387
801,95,196,879,961,82,108,108,953,953,0,0.002757071377514551,0.002825147213996392,913,916,3,5,3,3,8,20,541,87,585
802,0,0,1,1,0,0,0,1,1,0,0.0,0.0,1,1,0,-1,-1,-1,7,0,591,725,909
803,0,102,1,922,921,0,9,1,399,398,0.0,0.00010211375472276115,1,493,492,4,-1,5,5,0,294,751,346
804,39,141,754,925,171,94,94,837,837,0,0.0010211375472276116,0.0010211375472276116,803,803,0,4,3,3,9,6,306,490,570
805,0,206,1,978,977,0,7,1,497,496,0.0,0.00017018959120460194,1,554,553,3,-1,4,2,0,979,816,501
806,20,121,716,939,223,28,28,733,733,0,0.0002723033459273631,0.0002723033459273631,636,636,0,5,3,3,5,4,744,617,899
807,7,7,497,497,0,18,18,470,470,0,0.00010211375472276115,0.00010211375472276115,484,484,0,-1,4,4,6,2,473,430,766
808,240,856,969,998,29,98,108,917,945,28,0.00442492937131965,0.009598692943939549,950,980,30,2,3,3,8,35,308,57,5
809,16,16,610,610,0,22,22,650,650,0,0.00034037918240920387,0.00034037918240920387,644,644,0,-1,3,3,4,1,547,282,800
810,0,102,1,886,885,0,13,1,390,389,0.0,0.0002042275094455223,1,572,571,4,-1,5,7,2,591,633,711
811,30,236,758,976,218,30,30,700,700,0,0.0006807583648184077,0.001497668402600497,747,852,105,3,4,4,5,8,765,204,243
812,9,9,524,524,0,18,18,453,453,0,0.0,0.0,1,1,0,-1,4,4,7,4,510,442,909
813,50,256,858,979,121,18,18,664,664,0,0.0008169100377820892,0.003267640151128357,775,928,153,3,4,4,3,19,712,184,105
814,2,103,361,926,565,8,8,411,411,0,6.807583648184077e-05,6.807583648184077e-05,436,436,0,6,5,5,5,2,557,690,140
815,0,0,1,1,0,0,0,1,1,0,0.0,0.0,1,1,0,-1,-1,-1,5,0,546,674,779
816,0,206,1,959,958,0,16,1,399,398,0.0,0.0002042275094455223,1,566,565,3,-1,4,8,0,197,941,452
817,17,119,659,938,279,19,20,732,734,2,0.0002382654276864427,0.0004084550188910446,586,681,95,4,3,3,3,2,592,749,637
818,16,632,475,987,512,107,125,516,549,33,6.807583648184077e-05,0.000442492937131965,437,665,228,2,3,3,35,2,20,313,410
819,40,40,753,753,0,60,60,670,670,0,0.001599782157323258,0.001599782157323258,854,854,0,-1,2,2,10,2,409,509,866
820,0,102,1,931,930,0,7,1,420,419,0.0,0.0006126825283365669,1,737,736,4,-1,5,4,0,811,925,242
821,8,8,504,504,0,36,36,571,571,0,0.0002723033459273631,0.0002723033459273631,618,618,0,-1,4,4,8,4,301,270,921
822,300,916,967,996,29,280,300,937,952,15,0.003812246842983083,0.005990673610401988,934,961,27,2,2,2,21,30,3,65,95
823,6,6,413,413,0,11,11,393,393,0,3.4037918240920386e-05,3.4037918240920386e-05,403,403,0,-1,4,4,6,2,498,764,706
824,16,222,635,972,337,20,24,593,668,75,0.00034037918240920387,0.0008509479560230097,644,787,143,3,4,4,4,6,655,258,368
825,12,112,627,942,315,14,14,615,615,0,0.00037441710065012424,0.0012253650566731338,670,845,175,4,4,4,3,5,823,124,96
826,22,638,715,998,283,26,40,764,879,115,0.00013615167296368154,0.0026209197045508697,527,917,390,2,3,3,4,4,777,149,82
827,20,122,645,916,271,40,40,602,602,0,0.0007147962830593281,0.00088498587426393,764,795,31,4,4,4,8,4,420,333,523
828,149,251,921,965,44,154,154,955,955,0,0.0028591851322373124,0.0028591851322373124,915,915,0,4,2,2,10,15,125,53,576
829,6,212,397,948,551,30,42,469,537,68,6.807583648184077e-05,0.0013615167296368155,447,830,383,3,4,4,9,2,101,719,129
830,0,0,1,1,0,0,0,1,1,0,0.0,0.0,1,1,0,-1,-1,-1,3,1,867,830,863
831,303,405,968,981,13,232,232,946,946,0,0.003710133088260322,0.003710133088260322,935,935,0,4,3,3,17,38,10,111,581
832,665,766,992,994,2,334,334,995,995,0,0.009836958371625992,0.009836958371625992,975,975,0,6,2,2,14,75,108,24,603
833,6,622,416,992,576,24,68,435,692,257,3.4037918240920386e-05,0.0030293747234419145,395,922,527,2,4,3,11,1,174,618,38
834,15,221,608,965,357,20,28,501,576,75,0.00017018959120460194,0.001157289220191293,530,823,293,3,4,4,6,5,353,350,234
835,77,77,891,891,0,22,22,710,710,0,0.0012253650566731338,0.0012253650566731338,840,840,0,-1,3,3,2,18,893,82,542
836,100,100,934,934,0,100,100,998,998,0,0.07627897477790259,0.07791279485346676,999,999,0,3,1,1,2,5,747,225,61
837,16,16,641,641,0,40,40,778,778,0,0.0009190237925048504,0.0009190237925048504,789,789,0,-1,3,3,5,1,421,612,349
838,0,0,1,1,0,0,0,1,1,0,0.0,0.0,1,1,0,-1,-1,-1,15,0,45,669,751
839,91,192,916,973,57,28,28,799,799,0,0.0017018959120460194,0.0017018959120460194,876,876,0,6,3,3,3,20,627,109,924
840,26,232,671,958,287,86,86,773,773,0,0.0008169100377820892,0.0009190237925048504,767,791,24,3,3,3,10,4,310,312,282
841,7,109,581,966,385,12,12,682,682,0,0.00010211375472276115,0.0002723033459273631,495,634,139,4,4,4,2,4,996,305,222
842,0,0,1,1,0,0,0,1,1,0,0.0,0.0,1,1,0,-1,-1,-1,4,0,572,925,858
843,1,207,333,961,628,8,40,333,580,247,0.0,0.0016678579938050988,1,859,858,3,7,4,8,1,225,765,89
844,208,208,952,952,0,232,232,957,957,0,0.0045270431260424114,0.0045270431260424114,945,945,0,-1,2,2,18,25,29,105,732
845,0,0,1,1,0,0,0,1,1,0,0.0,0.0,1,1,0,-1,-1,-1,7,0,714,672,514
846,30,132,735,927,192,34,34,706,706,0,0.00030634126416828345,0.00034037918240920387,632,647,15,4,3,3,4,4,300,267,481
847,0,0,1,1,0,0,0,1,1,0,0.0,0.0,1,1,0,-1,-1,-1,4,0,696,457,695
848,79,181,879,963,84,40,40,800,800,0,0.0012253650566731338,0.0012594029749140542,827,830,3,4,3,3,5,17,692,79,662
849,16,222,571,957,386,34,40,559,614,55,0.0,0.0005105687736138058,1,705,704,3,3,3,7,1,296,964,211
850,40,142,766,935,169,53,53,744,744,0,0.005514142755029102,0.005616256509751864,959,959,0,4,2,2,8,1,541,931,500
851,0,0,1,1,0,0,0,1,1,0,0.0,0.0,1,1,0,-1,-1,-1,9,0,316,993,945
852,0,206,1,939,938,0,82,1,457,456,0.0,0.00034037918240920387,1,626,625,3,-1,4,30,0,7,735,610
853,2,103,372,933,561,7,7,384,384,0,3.4037918240920386e-05,6.807583648184077e-05,406,446,40,5,5,5,5,2,580,679,337
854,0,0,1,1,0,0,0,1,1,0,0.0,0.0,1,1,0,-1,-1,-1,9,0,200,358,367
855,107,209,935,971,36,44,44,906,906,0,0.0021784267674189047,0.0024507301133462676,891,904,13,4,3,3,4,30,507,39,256
856,34,136,747,924,177,40,40,664,664,0,0.0004084550188910446,0.0006126825283365669,680,748,68,4,3,3,5,5,238,178,167
857,414,514,995,997,2,32,32,896,896,0,0.011164437183021887,0.01157289220191293,992,992,0,4,3,3,2,96,934,1,264
858,6,108,447,922,475,20,20,579,579,0,0.00017018959120460194,0.00034037918240920387,551,668,117,4,4,4,4,3,512,260,452
859,6,108,404,898,494,16,16,399,399,0,3.4037918240920386e-05,3.4037918240920386e-05,407,407,0,4,4,4,8,1,357,337,244
860,83,185,945,984,39,24,24,888,888,0,0.002825147213996392,0.0030634126416828346,935,939,4,4,3,3,3,30,853,39,283
861,9,111,536,916,380,26,26,534,534,0,6.807583648184077e-05,0.00010211375472276115,444,483,39,4,4,4,7,3,505,485,434
862,0,0,1,1,0,0,0,1,1,0,0.0,0.0,1,1,0,-1,-1,-1,2,3,996,753,845
863,21,122,741,953,212,14,14,623,623,0,0.000442492937131965,0.000442492937131965,696,696,0,5,4,4,3,6,888,4,320
864,17,223,744,986,242,32,32,920,920,0,0.0014636304843595766,0.005786446100956465,868,966,98,3,3,3,2,3,913,299,70
865,2,104,379,947,568,4,4,411,411,0,0.00010211375472276115,0.0005446066918547262,497,735,238,4,5,5,2,1,928,931,272
866,30,131,796,957,161,12,12,608,608,0,0.0002382654276864427,0.00030634126416828345,603,647,44,5,4,4,2,11,904,162,334
867,0,206,1,954,953,0,33,1,524,523,0.0,0.0009190237925048504,1,791,790,3,-1,4,9,0,178,988,147
868,6,212,403,963,560,11,16,407,464,57,6.807583648184077e-05,0.0008169100377820892,444,778,334,3,4,4,4,2,503,615,377
869,18,224,622,966,344,28,32,553,598,45,0.00030634126416828345,0.0005105687736138058,625,696,71,3,4,4,6,4,425,625,291
870,0,206,1,955,954,0,18,1,420,419,0.0,0.00030634126416828345,1,626,625,3,-1,4,9,0,250,836,700
871,0,206,1,971,970,0,24,1,534,533,0.0,0.002995336805200994,1,925,924,3,-1,4,6,0,515,848,57
872,7,108,571,958,387,8,8,543,543,0,0.0002723033459273631,0.00037441710065012424,625,684,59,5,4,4,3,2,918,364,613
873,60,161,858,959,101,56,56,880,880,0,0.0016338200755641784,0.0016338200755641784,869,869,0,8,3,3,6,12,529,155,647
874,0,616,1,991,990,0,40,1,510,509,0.0,0.0006126825283365669,1,727,726,2,-1,3,11,0,360,629,168
875,0,101,1,887,886,0,11,1,332,331,0.0,0.0,1,1,0,5,-1,6,11,0,234,910,639
876,37,243,822,980,158,28,28,819,819,0,0.0008169100377820892,0.0013274788113958951,783,854,71,3,3,3,3,8,845,187,535
877,0,206,1,941,940,0,54,1,425,424,0.0,0.0007828721195411688,1,746,745,3,-1,4,23,0,30,502,303
878,16,222,735,987,252,28,28,895,895,0,0.0006126825283365669,0.002110350930937064,751,902,151,3,3,3,3,1,730,282,106
879,1,1,333,333,0,9,9,333,333,0,0.0,0.0,1,1,0,-1,8,8,9,1,147,647,271
880,0,102,1,924,923,0,6,1,409,408,0.0,0.0005446066918547262,1,726,725,4,-1,5,3,0,592,887,272
881,6,622,403,992,589,23,48,426,592,166,0.0,0.0011232513019503727,1,809,808,2,4,3,11,1,379,558,327
882,22,638,583,990,407,92,134,560,704,144,3.4037918240920386e-05,0.0035059055788147996,395,933,538,2,3,3,21,2,25,586,51
883,6,6,479,479,0,8,8,503,503,0,0.00017018959120460194,0.00017018959120460194,546,546,0,-1,4,4,2,2,761,652,746
884,2,618,360,998,638,9,28,431,721,290,0.00010211375472276115,0.006841621566424997,490,968,478,2,5,3,5,1,574,555,94
885,0,0,1,1,0,0,0,1,1,0,0.0,0.0,1,1,0,-1,-1,-1,5,0,551,808,665
886,48,254,756,962,206,150,150,838,838,0,0.0008169100377820892,0.0011232513019503727,768,817,49,3,3,3,15,4,0,288,634
887,6,108,488,946,458,12,12,616,616,0,0.00010211375472276115,0.00017018959120460194,486,539,53,4,4,4,2,3,937,321,592
888,9,9,561,561,0,22,22,576,576,0,0.00010211375472276115,0.00010211375472276115,491,491,0,-1,4,4,5,6,517,392,436
889,72,278,845,973,128,64,64,705,705,0,0.0006467204465774873,0.0009190237925048504,743,798,55,3,3,3,9,19,803,184,287
890,66,66,873,873,0,32,32,860,860,0,0.0010892133837094523,0.0010892133837094523,822,822,0,-1,3,3,2,15,909,62,649
891,28,644,696,995,299,52,82,693,852,159,0.0009530617107457708,0.011198475101262807,794,987,193,2,3,3,7,4,331,326,0
892,0,102,1,916,915,0,8,1,438,437,0.0,0.00034037918240920387,1,639,638,4,-1,5,4,0,783,884,382
893,16,632,658,998,340,12,22,619,783,164,0.0005446066918547262,0.008611593314952858,728,977,249,2,4,3,2,5,750,308,0
894,6,6,466,466,0,16,16,568,568,0,0.00017018959120460194,0.00017018959120460194,546,546,0,-1,4,4,4,1,696,689,909
895,8,214,495,964,469,20,24,464,506,42,6.807583648184077e-05,0.0004765308553728854,449,702,253,3,4,4,6,2,378,791,262
896,42,42,736,736,0,76,76,602,602,0,0.002484768031587188,0.002484768031587188,902,902,0,-1,2,2,15,5,65,464,906
897,125,227,911,960,49,130,130,905,905,0,0.0021784267674189047,0.0024166921951053475,895,904,9,4,2,2,11,18,224,82,230
898,16,222,635,972,337,34,34,786,786,0,0.0005786446100956465,0.002927260968719153,720,925,205,3,3,3,4,1,655,80,27
899,6,6,424,424,0,17,17,441,441,0,3.4037918240920386e-05,3.4037918240920386e-05,402,402,0,-1,4,4,7,1,329,862,742
900,15,117,716,964,248,18,18,742,742,0,0.0006126825283365669,0.0006807583648184077,748,762,14,4,4,4,3,4,922,267,124
901,2,103,384,949,565,3,3,386,386,0,0.0,3.4037918240920386e-05,1,400,399,5,5,5,2,2,781,885,576
902,18,120,691,942,251,22,22,629,629,0,0.0006467204465774873,0.0007147962830593281,751,766,15,4,4,4,5,9,629,145,536
903,294,395,990,995,5,32,32,945,945,0,0.009836958371625992,0.009836958371625992,984,984,0,6,3,3,2,92,946,30,924
904,37,37,690,690,0,132,132,771,771,0,0.00037441710065012424,0.00037441710065012424,655,655,0,-1,3,3,16,7,53,237,573
905,22,228,702,969,267,18,18,586,586,0,0.00037441710065012424,0.000442492937131965,665,687,22,3,4,4,3,6,490,229,762
906,0,0,1,1,0,0,0,1,1,0,0.0,0.0,1,1,0,-1,-1,-1,2,0,851,908,934
907,14,14,654,654,0,12,12,604,604,0,0.0002042275094455223,0.0002042275094455223,582,582,0,-1,4,4,2,6,589,247,754
908,0,206,1,979,978,0,9,1,515,514,0.0,0.00037441710065012424,1,668,667,3,-1,4,3,0,867,847,221
909,6,108,437,914,477,12,12,453,453,0,0.0,0.0002042275094455223,1,562,561,4,4,4,4,1,759,552,307
910,100,100,856,856,0,100,100,659,659,0,0.010381565063480718,0.010381565063480718,980,980,0,-1,1,1,16,4,26,246,808
911,0,102,1,942,941,0,3,1,371,370,0.0,0.0002723033459273631,1,624,623,4,-1,5,2,0,874,871,443
912,14,14,593,593,0,20,20,513,513,0,0.0002042275094455223,0.0002042275094455223,571,571,0,-1,4,4,6,3,373,378,850
913,20,226,678,971,293,66,66,863,863,0,0.0006467204465774873,0.0011913271384322134,756,842,86,3,3,3,6,4,526,326,294
914,38,38,738,738,0,74,74,688,688,0,0.0006467204465774873,0.0006467204465774873,747,747,0,-1,3,3,12,7,375,399,852
915,12,218,636,979,343,12,12,631,631,0,0.0005105687736138058,0.0028932230504782326,728,925,197,3,4,4,2,9,776,29,48
916,48,150,847,962,115,48,48,955,955,0,0.0045270431260424114,0.005071649817897137,953,959,6,4,2,2,3,4,774,288,216
917,12,12,537,537,0,26,26,483,483,0,0.00010211375472276115,0.00010211375472276115,477,477,0,-1,4,4,9,2,126,576,983
918,6,108,429,914,485,21,21,556,556,0,0.00010211375472276115,0.0004084550188910446,499,682,183,4,4,4,5,1,479,552,341
919,16,222,614,972,358,44,44,828,828,0,0.0005105687736138058,0.001055175465468532,716,823,107,3,3,3,4,1,354,741,516
920,48,48,772,772,0,64,64,663,663,0,0.0007147962830593281,0.0007147962830593281,741,741,0,-1,3,3,11,9,271,245,782
921,29,29,733,733,0,36,36,628,628,0,0.00034037918240920387,0.00034037918240920387,651,651,0,-1,3,3,7,9,497,317,738
922,63,165,902,974,72,12,12,671,671,0,0.002825147213996392,0.0030974505599237552,926,934,8,4,4,4,2,26,998,108,229
923,0,101,1,944,943,0,3,1,332,331,0.0,3.4037918240920386e-05,1,395,394,5,-1,6,3,0,642,851,434
924,85,291,842,967,125,156,156,835,835,0,0.001599782157323258,0.0017018959120460194,863,871,8,3,3,3,15,15,51,137,447
925,0,0,1,1,0,0,0,1,1,0,0.0,0.0,1,1,0,-1,-1,-1,36,1,16,962,358
926,0,0,1,1,0,0,0,1,1,0,0.0,0.0,1,1,0,-1,-1,-1,4,0,566,758,915
927,0,0,1,1,0,0,0,1,1,0,0.0,0.0,1,1,0,-1,-1,-1,6,0,356,967,902
928,30,30,739,739,0,26,26,586,586,0,0.0006807583648184077,0.0006807583648184077,756,756,0,-1,4,4,5,7,247,422,980
929,2,618,347,989,642,28,88,368,538,170,0.0,0.0008509479560230097,1,770,769,2,5,3,21,2,13,692,92
930,85,187,932,977,45,12,12,666,666,0,0.0016338200755641784,0.0017018959120460194,874,879,5,4,4,4,2,20,548,109,361
931,421,521,992,997,5,54,54,917,917,0,0.01055175465468532,0.01058579257292624,981,981,0,4,3,3,4,85,423,0,332
932,23,125,814,972,158,18,18,891,891,0,0.0007488342013002485,0.0012934408931549745,776,857,81,4,3,3,2,7,865,237,54
933,114,320,934,989,55,28,28,801,801,0,0.003267640151128357,0.0038462847612240037,924,939,15,3,3,3,3,25,583,105,163
934,100,100,846,846,0,100,100,542,542,0,0.007318152421797883,0.007454304094761564,967,968,1,3,1,1,23,6,4,114,450
935,27,128,792,962,170,12,12,678,678,0,0.0009190237925048504,0.0009190237925048504,814,814,0,7,4,4,2,6,895,397,357
936,0,0,1,1,0,0,0,1,1,0,0.0,0.0,1,1,0,-1,-1,-1,2,0,589,940,978
937,0,0,1,1,0,0,0,1,1,0,0.0,0.0,1,1,0,-1,-1,-1,4,0,572,991,709
938,62,62,820,820,0,104,104,879,879,0,0.0020422750944552232,0.0020422750944552232,890,890,0,-1,2,2,10,3,258,382,515
939,17,1657,722,1000,278,18,52,707,979,272,0.000442492937131965,0.035569624561761805,695,997,302,1,4,2,3,10,798,266,257
940,0,0,1,1,0,0,0,1,1,0,0.0,0.0,1,1,0,-1,-1,-1,8,0,236,845,927
941,20,20,748,748,0,14,14,638,638,0,0.0007488342013002485,0.0007488342013002485,764,764,0,-1,4,4,3,7,796,170,737
942,0,206,1,971,970,0,12,1,479,478,0.0,0.0012253650566731338,1,834,833,3,-1,4,4,0,280,813,61
943,9,215,596,979,383,8,8,502,502,0,0.0002723033459273631,0.0015657442390823377,617,867,250,3,4,4,2,6,739,406,203
944,119,325,917,980,63,104,104,914,914,0,0.0028932230504782326,0.00353994349705572,919,932,13,3,2,2,9,15,395,151,250
945,77,179,929,977,48,46,46,982,982,0,0.005854521937438306,0.007352190340038803,967,979,12,4,2,2,2,12,995,104,128
946,7,108,464,881,417,27,27,398,398,0,0.0,0.0,1,1,0,8,4,4,13,3,115,563,647
947,7,213,528,974,446,11,16,435,513,78,0.00013615167296368154,0.0005105687736138058,522,703,181,3,5,4,6,4,529,444,519
948,12,218,577,970,393,20,20,574,574,0,0.0002382654276864427,0.001055175465468532,590,818,228,3,4,4,4,2,917,682,482
949,1,103,332,953,621,4,5,332,374,42,0.0,0.0,1,1,0,4,6,5,4,1,738,861,544
950,0,102,1,930,929,0,6,1,385,384,0.0,0.0002382654276864427,1,590,589,4,-1,5,4,0,945,925,343
951,4,620,472,1000,528,6,20,453,810,357,3.4037918240920386e-05,0.0028932230504782326,406,929,523,2,5,3,3,3,535,290,159
952,0,101,1,939,938,0,3,1,329,328,0.0,3.4037918240920386e-05,1,397,396,5,-1,6,3,0,953,860,313
953,0,102,1,867,866,0,41,1,357,356,0.0,6.807583648184077e-05,1,441,440,4,-1,5,36,0,16,436,442
954,4,105,497,968,471,3,3,397,397,0,0.00013615167296368154,0.00030634126416828345,528,655,127,5,5,5,2,3,933,505,805
955,35,35,683,683,0,86,86,589,589,0,0.00013615167296368154,0.00013615167296368154,511,511,0,-1,3,3,18,6,111,486,600
956,2,103,361,931,570,5,5,388,388,0,0.0,0.0,1,1,0,5,5,5,3,1,801,853,298
957,4,210,424,966,542,12,16,416,465,49,0.00010211375472276115,0.0005446066918547262,484,730,246,3,5,4,6,2,489,383,29
958,89,705,891,997,106,62,76,875,912,37,0.0013615167296368155,0.004663194799006093,847,956,109,2,3,3,6,16,405,113,55
959,856,1062,998,1000,2,144,144,993,993,0,0.016712617856291908,0.017427414139351238,990,991,1,3,2,2,6,127,473,11,204
960,126,228,946,976,30,98,98,994,994,0,0.006297014874570271,0.006739507811702236,965,969,4,4,2,2,4,12,824,104,130
961,31,31,759,759,0,36,36,717,717,0,0.0008509479560230097,0.0008509479560230097,792,792,0,-1,3,3,5,6,773,295,911
962,27,129,744,937,193,24,24,632,632,0,0.0006467204465774873,0.0007147962830593281,743,765,22,4,3,3,5,6,284,368,694
963,24,24,679,679,0,66,66,777,777,0,0.00037441710065012424,0.00037441710065012424,664,664,0,-1,3,3,8,4,380,545,897
964,0,206,1,942,941,0,64,1,523,522,0.0,0.0020082371762143027,1,883,882,3,-1,4,16,0,53,735,98
965,32,134,715,918,203,70,70,700,700,0,0.0008169100377820892,0.0009530617107457708,768,793,25,4,3,3,10,6,204,295,392
966,2,2,360,360,0,7,7,382,382,0,0.0,0.0,1,1,0,-1,5,5,4,1,870,639,858
967,0,102,1,919,918,0,8,1,404,403,0.0,0.00030634126416828345,1,633,632,4,-1,5,4,0,641,760,232
968,220,426,963,984,21,98,98,879,879,0,0.004322815616596889,0.004595118962524252,949,953,4,3,3,3,8,31,428,76,474
969,2,618,351,993,642,10,36,351,538,187,0.0,0.001497668402600497,1,843,842,2,5,3,9,1,208,861,116
970,0,102,1,934,933,0,6,1,418,417,0.0,0.0006126825283365669,1,745,744,4,-1,5,3,0,579,777,399
971,0,0,1,1,0,0,0,1,1,0,0.0,0.0,1,1,0,-1,-1,-1,4,0,755,866,546
972,34,134,792,949,157,30,30,735,735,0,0.001055175465468532,0.0014636304843595766,807,853,46,4,4,4,5,14,601,387,212
973,16,632,520,990,470,84,122,589,740,151,0.00010211375472276115,0.0038462847612240037,477,943,466,2,3,3,18,1,86,474,88
974,111,111,908,908,0,108,108,926,926,0,0.002757071377514551,0.002757071377514551,915,915,0,-1,3,3,8,15,420,151,850
975,2,103,375,944,569,5,5,401,401,0,6.807583648184077e-05,0.00010211375472276115,449,494,45,5,5,5,3,1,862,607,597
976,0,206,1,972,971,0,16,1,535,534,0.0,0.0024166921951053475,1,905,904,3,-1,4,4,2,397,684,123
977,34,34,698,698,0,90,90,698,698,0,0.0005105687736138058,0.0005105687736138058,705,705,0,-1,3,3,13,4,120,167,517
978,127,229,944,972,28,48,48,922,922,0,0.0037441710065012424,0.004118588107151367,937,942,5,4,3,3,3,21,621,123,490
979,26,26,700,700,0,62,62,795,795,0,0.0006807583648184077,0.0006807583648184077,745,745,0,-1,3,3,7,4,364,125,900
980,30,30,811,811,0,8,8,512,512,0,0.0005446066918547262,0.0005446066918547262,731,731,0,-1,4,4,2,9,910,154,600
981,0,0,1,1,0,0,0,1,1,0,0.0,0.0,1,1,0,-1,-1,-1,19,0,148,802,997
982,58,264,772,957,185,168,168,820,820,0,0.0006126825283365669,0.00088498587426393,720,780,60,3,2,2,19,3,36,280,470
983,55,55,826,826,0,52,52,681,681,0,0.0008509479560230097,0.0008509479560230097,788,788,0,-1,3,3,9,9,177,375,388
984,6,108,412,903,491,11,11,423,423,0,3.4037918240920386e-05,3.4037918240920386e-05,395,395,0,4,4,4,4,2,300,313,799
985,164,164,966,966,0,56,56,977,977,0,0.0068075836481840775,0.0068075836481840775,974,974,0,-1,2,2,2,25,429,105,793
986,6,212,506,977,471,12,12,627,627,0,0.0005446066918547262,0.0011232513019503727,735,829,94,3,4,4,2,1,820,840,163
987,159,365,972,995,23,46,46,970,970,0,0.007284114503556962,0.008475441641989176,968,976,8,3,2,2,2,45,929,77,146
988,0,0,1,1,0,0,0,1,1,0,0.0,0.0,1,1,0,-1,-1,-1,6,0,764,783,968
989,30,30,689,689,0,86,86,704,704,0,0.0005105687736138058,0.0005105687736138058,701,701,0,-1,3,3,13,5,185,165,774
990,0,0,1,1,0,0,0,1,1,0,0.0,0.0,1,1,0,-1,-1,-1,4,0,740,936,624
991,48,149,768,921,153,94,94,736,736,0,0.00030634126416828345,0.00030634126416828345,619,619,0,5,3,3,13,8,129,132,606
992,8,110,510,913,403,24,24,526,526,0,0.00030634126416828345,0.00034037918240920387,637,654,17,4,4,4,6,3,387,434,441
993,46,46,805,805,0,64,64,888,888,0,0.003948398515946765,0.003948398515946765,941,941,0,-1,2,2,5,2,377,473,975
994,0,0,1,1,0,0,0,1,1,0,0.0,0.0,1,1,0,-1,-1,-1,3,0,670,952,751
995,0,0,1,1,0,0,0,1,1,0,0.0,0.0,1,1,0,-1,-1,-1,16,0,50,859,852
996,0,0,1,1,0,0,0,1,1,0,0.0,0.0,1,1,0,-1,-1,-1,13,0,67,664,733
997,34,650,703,991,288,72,94,668,739,71,0.0004765308553728854,0.001599782157323258,692,851,159,2,3,3,12,3,87,536,281
998,76,178,844,943,99,108,108,781,781,0,0.0013615167296368155,0.0013615167296368155,837,837,0,4,3,3,13,12,67,163,749
999,2,208,363,969,606,6,13,363,453,90,0.0,0.0006126825283365669,1,735,734,3,5,4,5,3,326,181,683
