,FreeNet_pre_score,FreeNet_post_score,FreeNet_pre_rank,FreeNet_post_rank,FreeNet_delta_ranks,Reversed_pre_score,Reversed_post_score,Reversed_pre_rank,Reversed_post_rank,Reversed_delta_ranks,Random_pre_score,Random_post_score,Random_pre_rank,Random_post_rank,Random_delta_ranks,dist_victim_relayer,dist_victim_vilain_pre,dist_victim_vilain_post,out_deg_victim,in_deg_villain,victim,villain,relayer
0,6,622,376,989,613,50,64,438,481,43,3.4037918240920386e-05,0.00088498587426393,400,787,387,2,4,3,19,1,31,416,332
1,0,102,1,865,864,0,20,1,347,346,0.0,0.0,1,1,0,4,-1,5,19,0,89,871,460
2,3,105,446,946,500,4,4,425,425,0,0.0,0.0002382654276864427,1,609,608,4,5,5,2,2,964,749,424
3,0,206,1,957,956,0,17,1,396,395,0.0,0.00010211375472276115,1,480,479,3,-1,4,9,0,263,716,749
4,8,110,520,918,398,12,13,438,445,7,3.4037918240920386e-05,3.4037918240920386e-05,398,398,0,4,4,4,5,3,467,411,964
5,77,179,860,945,85,52,52,710,710,0,0.0012594029749140542,0.0013274788113958951,838,847,9,4,3,3,7,18,340,64,579
6,6,212,412,961,549,22,22,465,465,0,3.4037918240920386e-05,0.0007147962830593281,396,751,355,3,4,4,7,1,366,481,172
7,0,0,1,1,0,0,0,1,1,0,0.0,0.0,1,1,0,-1,-1,-1,13,0,41,455,660
8,6,107,434,919,485,12,12,446,446,0,0.0,0.0,1,1,0,5,4,4,5,1,476,756,590
9,1,1,332,332,0,2,2,332,332,0,0.0,0.0,1,1,0,-1,6,6,2,1,897,503,620
10,1,103,333,933,600,4,7,333,412,79,3.4037918240920386e-05,0.0008509479560230097,397,786,389,4,6,5,4,2,581,739,118
11,14,14,657,657,0,8,8,489,489,0,0.0004765308553728854,0.0004765308553728854,720,720,0,-1,4,4,2,8,886,521,705
12,0,0,1,1,0,0,0,1,1,0,0.0,0.0,1,1,0,-1,-1,-1,8,0,146,975,669
13,71,173,897,970,73,12,12,604,604,0,0.0018380475850097008,0.0020082371762143027,881,894,13,4,4,4,2,21,943,157,230
14,6,6,390,390,0,28,28,418,418,0,0.00010211375472276115,0.00010211375472276115,476,476,0,-1,4,4,13,1,185,899,726
15,0,0,1,1,0,0,0,1,1,0,0.0,0.0,1,1,0,-1,-1,-1,6,2,356,462,968
16,18,18,690,690,0,26,26,665,665,0,0.0006126825283365669,0.0006126825283365669,740,740,0,-1,4,4,5,6,435,192,778
17,6,212,459,972,513,16,20,569,626,57,0.00013615167296368154,0.0006467204465774873,520,756,236,3,4,4,4,3,543,309,175
18,26,128,752,946,194,22,22,779,779,0,0.00088498587426393,0.001157289220191293,801,839,38,4,3,3,2,5,990,412,677
19,0,0,1,1,0,0,0,1,1,0,0.0,0.0,1,1,0,-1,-1,-1,3,0,639,803,986
20,14,116,507,885,378,62,62,513,513,0,6.807583648184077e-05,0.00017018959120460194,442,527,85,4,4,4,17,4,80,220,477
21,3,105,429,930,501,6,7,386,412,26,6.807583648184077e-05,0.00037441710065012424,447,687,240,4,5,5,4,5,777,476,507
22,76,76,847,847,0,100,100,826,826,0,0.003948398515946765,0.003948398515946765,940,940,0,-1,2,2,10,8,128,250,925
23,2,2,373,373,0,6,6,424,424,0,0.00010211375472276115,0.00010211375472276115,495,495,0,-1,5,5,3,2,745,550,845
24,47,253,853,983,130,22,22,856,856,0,0.0009870996289866913,0.0018720855032506212,821,887,66,3,3,3,2,12,876,172,163
25,0,206,1,956,955,0,38,1,565,564,0.0,0.002995336805200994,1,922,921,3,-1,4,9,0,330,489,126
26,2,618,357,996,639,7,38,357,681,324,0.0,0.0018040096667687805,1,870,869,2,5,3,6,1,549,437,440
27,0,206,1,958,957,0,32,1,539,538,0.0,0.0009530617107457708,1,800,799,3,-1,4,8,1,365,747,157
28,0,0,1,1,0,0,0,1,1,0,0.0,0.0,1,1,0,-1,-1,-1,33,0,9,974,916
29,212,314,985,993,8,32,32,947,947,0,0.007386228258279724,0.007828721195411689,972,974,2,4,3,3,2,70,830,18,148
30,2,208,346,942,596,25,40,391,456,65,3.4037918240920386e-05,0.0006467204465774873,395,736,341,3,5,4,14,1,85,421,289
31,12,114,562,928,366,19,20,555,559,4,0.00034037918240920387,0.0006807583648184077,650,751,101,4,4,4,4,2,762,425,387
32,0,101,1,911,910,0,6,1,330,329,0.0,3.4037918240920386e-05,1,403,402,6,-1,7,6,2,587,431,781
33,73,174,867,960,93,50,50,815,815,0,0.0012253650566731338,0.0012594029749140542,826,828,2,5,3,3,5,17,407,226,879
34,214,214,986,986,0,32,32,967,967,0,0.009292351679771264,0.009292351679771264,983,983,0,-1,3,3,2,69,889,12,955
35,27,27,797,797,0,10,10,532,532,0,0.0005105687736138058,0.0005105687736138058,715,715,0,-1,4,4,3,8,854,187,947
36,65,167,872,964,92,40,40,823,823,0,0.0018040096667687805,0.0020422750944552232,873,891,18,4,3,3,5,17,663,180,287
37,0,0,1,1,0,0,0,1,1,0,0.0,0.0,1,1,0,-1,-1,-1,16,0,117,635,940
38,0,206,1,947,946,0,19,1,422,421,0.0,0.0002382654276864427,1,573,572,3,-1,4,8,0,411,457,586
39,12,218,477,941,464,58,86,465,544,79,0.00017018959120460194,0.0013955546478777359,542,840,298,3,4,4,19,2,35,22,84
40,2,208,364,971,607,6,26,365,654,289,0.0,0.005003573981415297,1,957,956,3,5,4,5,2,456,764,9
41,0,0,1,1,0,0,0,1,1,0,0.0,0.0,1,1,0,-1,-1,-1,13,1,92,780,962
42,2,103,371,939,568,4,4,406,406,0,6.807583648184077e-05,0.00010211375472276115,450,497,47,5,5,5,2,1,734,152,873
43,1,207,329,966,637,6,20,329,470,141,0.0,0.0011913271384322134,1,826,825,3,6,4,6,1,514,543,153
44,6,6,443,443,0,20,20,610,610,0,0.00017018959120460194,0.00017018959120460194,528,528,0,-1,4,4,4,1,544,110,783
45,16,117,678,952,274,22,22,792,792,0,0.0005446066918547262,0.0005446066918547262,719,719,0,5,3,3,2,1,937,80,320
46,29,131,745,936,191,35,35,671,671,0,0.0004084550188910446,0.0004765308553728854,671,697,26,4,3,3,7,5,404,487,799
47,6,6,420,420,0,11,11,425,425,0,0.0,0.0,1,1,0,-1,4,4,4,1,448,743,520
48,6,212,453,972,519,9,10,464,469,5,3.4037918240920386e-05,0.0002723033459273631,397,614,217,3,4,4,3,1,743,788,425
49,0,0,1,1,0,0,0,1,1,0,0.0,0.0,1,1,0,-1,-1,-1,6,0,594,992,907
50,1,1,332,332,0,3,3,332,332,0,0.0,0.0,1,1,0,-1,6,6,3,1,961,671,993
51,8,8,568,568,0,10,10,530,530,0,0.00037441710065012424,0.00037441710065012424,678,678,0,-1,4,4,3,3,797,704,925
52,24,640,759,999,240,12,22,604,788,184,0.0009530617107457708,0.006705469893461316,809,972,163,2,4,3,2,8,761,250,41
53,0,0,1,1,0,0,0,1,1,0,0.0,0.0,1,1,0,-1,-1,-1,4,2,671,431,881
54,57,673,855,998,143,60,60,901,901,0,0.0013615167296368155,0.0024166921951053475,840,907,67,2,3,3,5,13,795,335,286
55,2,104,366,925,559,6,7,367,377,10,0.0,0.00017018959120460194,1,562,561,4,5,5,5,2,421,679,196
56,0,0,1,1,0,0,0,1,1,0,0.0,0.0,1,1,0,-1,-1,-1,2,0,954,966,858
57,24,230,775,978,203,28,28,832,832,0,0.001055175465468532,0.002382654276864427,823,916,93,3,3,3,3,4,708,281,95
58,67,67,900,900,0,32,32,960,960,0,0.0028932230504782326,0.0028932230504782326,929,929,0,-1,3,3,2,12,760,155,874
59,0,206,1,963,962,0,28,1,514,513,0.0,0.0005446066918547262,1,716,715,3,-1,4,8,0,325,940,216
60,0,0,1,1,0,0,0,1,1,0,0.0,0.0,1,1,0,-1,-1,-1,3,0,780,745,994
61,100,100,848,848,0,100,100,574,574,0,0.020729092208720514,0.020729092208720514,996,996,0,-1,1,1,21,85,3,0,872
62,0,0,1,1,0,0,0,1,1,0,0.0,0.0,1,1,0,-1,-1,-1,14,0,108,330,803
63,0,206,1,930,929,0,52,1,377,376,0.0,6.807583648184077e-05,1,432,431,3,-1,4,33,0,9,733,652
64,22,228,649,964,315,56,56,687,687,0,0.0006467204465774873,0.0008509479560230097,750,789,39,3,3,3,9,3,422,209,527
65,6,6,430,430,0,14,14,536,536,0,0.00010211375472276115,0.00010211375472276115,479,479,0,-1,4,4,3,1,645,797,996
66,59,265,828,974,146,82,86,849,865,16,0.005071649817897137,0.005514142755029102,955,960,5,3,2,2,9,4,395,557,219
67,0,206,1,956,955,0,17,1,402,401,0.0,6.807583648184077e-05,1,451,450,3,-1,4,9,0,803,938,215
68,97,199,902,963,61,50,50,839,839,0,0.00176997174852786,0.0018380475850097008,868,872,4,4,3,3,5,15,667,53,958
69,0,0,1,1,0,0,0,1,1,0,0.0,0.0,1,1,0,-1,-1,-1,3,0,833,751,971
70,12,113,677,968,291,18,18,771,771,0,0.00037441710065012424,0.00037441710065012424,661,661,0,6,4,4,3,2,786,425,374
71,0,206,1,960,959,0,24,1,480,479,0.0,0.0008169100377820892,1,777,776,3,-1,4,8,0,257,919,189
72,11,11,630,630,0,8,8,511,511,0,0.0002723033459273631,0.0002723033459273631,616,616,0,-1,4,4,2,4,838,164,517
73,3,3,483,483,0,3,3,413,413,0,0.0,0.0,1,1,0,-1,5,5,2,2,987,430,633
74,16,16,577,577,0,28,28,486,486,0,3.4037918240920386e-05,3.4037918240920386e-05,399,399,0,-1,3,3,9,1,250,449,433
75,310,310,975,975,0,154,154,964,964,0,0.004561081044283332,0.004561081044283332,949,949,0,-1,2,2,10,50,109,33,875
76,47,253,797,970,173,106,106,926,926,0,0.0018380475850097008,0.0023486163586235067,868,904,36,3,2,2,7,3,678,438,288
77,11,113,573,928,355,14,14,488,488,0,0.00030634126416828345,0.00034037918240920387,630,643,13,4,4,4,5,6,662,459,862
78,4,4,408,408,0,17,17,408,408,0,0.00013615167296368154,0.00013615167296368154,507,507,0,-1,5,5,9,2,367,523,871
79,4,106,442,936,494,6,8,396,446,50,6.807583648184077e-05,0.00037441710065012424,451,680,229,4,5,5,4,3,673,585,336
80,32,238,762,974,212,56,56,814,814,0,0.0011913271384322134,0.002552843868069029,841,909,68,3,3,3,6,6,526,289,180
81,16,118,614,931,317,25,26,687,689,2,0.0006467204465774873,0.0010211375472276116,745,811,66,4,3,3,4,2,762,550,387
82,47,253,728,960,232,128,128,683,683,0,0.000442492937131965,0.0005446066918547262,667,699,32,3,3,3,21,11,13,249,196
83,20,226,629,965,336,38,38,571,571,0,0.00037441710065012424,0.0006807583648184077,652,733,81,3,4,4,9,6,389,275,653
84,0,102,1,916,915,0,7,1,400,399,0.0,0.0004084550188910446,1,679,678,4,-1,5,4,3,513,753,418
85,394,496,988,993,5,72,72,974,974,0,0.011198475101262807,0.011675005956635693,988,989,1,4,2,2,3,75,490,24,336
86,74,175,934,980,46,28,28,924,924,0,0.0023486163586235067,0.0024507301133462676,916,916,0,5,3,3,3,27,852,61,285
87,0,101,1,881,880,0,9,1,332,331,0.0,0.0,1,1,0,6,-1,7,9,1,100,828,181
88,0,616,1,993,992,0,79,1,539,538,0.0,0.0007488342013002485,1,754,753,2,-1,3,19,0,36,672,207
89,76,692,873,998,125,50,50,829,829,0,0.0018040096667687805,0.003914360597705844,876,947,71,2,3,3,5,13,773,183,129
90,0,206,1,981,980,0,8,1,529,528,0.0,0.00034037918240920387,1,657,656,3,-1,4,2,1,928,742,233
91,0,0,1,1,0,0,0,1,1,0,0.0,0.0,1,1,0,-1,-1,-1,3,0,902,988,800
92,0,102,1,908,907,0,6,1,391,390,0.0,0.00010211375472276115,1,481,480,4,-1,5,3,0,837,713,121
93,359,565,988,998,10,94,94,985,985,0,0.010041185881071514,0.01409169815174104,981,991,10,3,2,2,5,75,557,24,14
94,224,224,973,973,0,70,70,936,936,0,0.004935498144933456,0.004935498144933456,957,957,0,-1,3,3,5,45,565,77,455
95,142,244,951,976,25,94,94,976,976,0,0.00966676878042139,0.00980292045338507,979,980,1,4,2,2,5,19,570,72,284
96,242,448,961,983,22,192,192,984,984,0,0.006535280302256714,0.006739507811702236,969,970,1,3,2,2,9,31,101,126,465
97,0,102,1,935,934,0,3,1,371,370,0.0,0.0002382654276864427,1,598,597,4,-1,5,2,0,926,515,341
98,0,0,1,1,0,0,0,1,1,0,0.0,0.0,1,1,0,-1,-1,-1,8,0,499,906,957
99,1,207,331,974,643,4,12,331,510,179,0.0,0.00030634126416828345,1,641,640,3,7,4,4,1,824,640,288
100,3,3,485,485,0,3,3,405,405,0,0.0,0.0,1,1,0,-1,5,5,2,2,866,430,895
101,22,228,625,955,330,80,80,643,643,0,0.00013615167296368154,0.00088498587426393,510,782,272,3,3,3,13,4,90,346,82
102,79,695,831,992,161,144,144,858,858,0,0.0007488342013002485,0.002280540522141666,756,893,137,2,3,3,14,10,181,405,100
103,4,106,491,961,470,4,4,465,465,0,6.807583648184077e-05,0.00017018959120460194,448,541,93,4,5,5,2,3,950,496,596
104,8,109,621,968,347,7,7,593,593,0,0.00017018959120460194,0.0002042275094455223,565,590,25,6,4,4,2,5,933,231,717
105,6,212,480,977,497,10,14,537,611,74,3.4037918240920386e-05,0.0016338200755641784,395,869,474,3,4,4,3,2,961,215,89
106,35,651,707,994,287,62,88,607,732,125,0.0006467204465774873,0.00353994349705572,732,933,201,2,3,3,12,6,292,4,25
107,0,102,1,927,926,0,6,1,418,417,0.0,0.0006807583648184077,1,759,758,4,-1,5,3,0,627,961,97
108,163,369,954,984,30,48,48,881,881,0,0.0032336022328874367,0.004118588107151367,936,954,18,3,3,3,3,31,837,35,257
109,0,0,1,1,0,0,0,1,1,0,0.0,0.0,1,1,0,-1,-1,-1,3,0,699,968,877
110,0,206,1,976,975,0,10,1,514,513,0.0,0.0010892133837094523,1,827,826,3,-1,4,3,0,732,790,157
111,30,30,795,795,0,24,24,778,778,0,0.0004084550188910446,0.0004084550188910446,679,679,0,-1,3,3,3,4,745,328,773
112,0,0,1,1,0,0,0,1,1,0,0.0,0.0,1,1,0,-1,-1,-1,3,0,554,588,522
113,6,6,480,480,0,12,12,583,583,0,0.00013615167296368154,0.00013615167296368154,523,523,0,-1,4,4,2,2,689,544,330
114,8,8,532,532,0,11,11,462,462,0,3.4037918240920386e-05,3.4037918240920386e-05,402,402,0,-1,4,4,4,2,511,576,686
115,0,0,1,1,0,0,0,1,1,0,0.0,0.0,1,1,0,-1,-1,-1,2,0,933,664,806
116,13,13,586,586,0,24,24,641,641,0,0.00037441710065012424,0.00037441710065012424,654,654,0,-1,4,4,4,3,717,291,695
117,0,206,1,935,934,0,47,1,439,438,0.0,0.0002042275094455223,1,554,553,3,-1,4,18,0,69,956,510
118,0,0,1,1,0,0,0,1,1,0,0.0,0.0,1,1,0,-1,-1,-1,2,0,931,737,635
119,0,616,1,993,992,0,62,1,708,707,0.0,0.003642057251778481,1,939,938,2,-1,3,9,0,327,201,105
120,34,136,727,924,197,42,42,634,634,0,0.0012253650566731338,0.0013955546478777359,828,841,13,4,4,4,7,11,209,193,458
121,57,263,862,982,120,24,24,767,767,0,0.0018720855032506212,0.0024166921951053475,882,907,25,3,3,3,3,16,844,113,288
122,0,206,1,971,970,0,28,1,605,604,0.0,0.003608019333537561,1,930,929,3,-1,4,6,1,237,472,28
123,0,206,1,945,944,0,52,1,507,506,0.0,0.001157289220191293,1,823,822,3,-1,4,14,0,332,901,122
124,0,102,1,913,912,0,6,1,377,376,0.0,0.00017018959120460194,1,542,541,4,-1,5,4,0,623,849,485
125,2,2,377,377,0,6,6,405,405,0,3.4037918240920386e-05,3.4037918240920386e-05,406,406,0,-1,5,5,4,1,754,623,910
126,0,102,1,953,952,0,6,1,516,515,0.0,0.0002382654276864427,1,607,606,4,-1,5,3,0,918,991,371
127,30,30,717,717,0,68,68,690,690,0,0.0004084550188910446,0.0004084550188910446,681,681,0,-1,3,3,11,5,176,178,446
128,35,241,823,981,158,22,22,806,806,0,0.0009190237925048504,0.0015317063208414173,798,866,68,3,3,3,2,6,816,471,630
129,7,108,577,953,376,12,12,707,707,0,0.00034037918240920387,0.00034037918240920387,674,674,0,8,4,4,2,2,994,101,857
130,38,38,747,747,0,70,70,737,737,0,0.0008169100377820892,0.0008169100377820892,780,780,0,-1,3,3,9,7,803,150,877
131,0,101,1,971,970,0,2,1,328,327,0.0,0.0,1,1,0,5,-1,6,2,0,941,906,416
132,0,102,1,914,913,0,5,1,355,354,0.0,0.00010211375472276115,1,483,482,4,-1,5,4,1,887,779,762
133,58,160,857,957,100,44,44,832,832,0,0.0015657442390823377,0.0015657442390823377,862,862,0,4,3,3,4,9,758,277,837
134,0,1640,1,1000,999,0,128,1,757,756,0.0,0.006569318220497634,1,964,963,1,-1,2,16,0,42,774,15
135,28,234,703,965,262,72,72,718,718,0,0.0007147962830593281,0.0008169100377820892,754,771,17,3,3,3,11,3,176,616,318
136,15,15,659,659,0,14,14,556,556,0,0.0004084550188910446,0.0004084550188910446,679,679,0,-1,4,4,3,6,831,490,971
137,14,220,618,974,356,18,22,542,592,50,0.0002723033459273631,0.0004084550188910446,613,672,59,3,4,4,5,4,601,622,432
138,3,105,444,944,500,3,4,380,410,30,0.0,0.0002042275094455223,1,573,572,4,5,5,2,2,937,364,93
139,0,0,1,1,0,0,0,1,1,0,0.0,0.0,1,1,0,-1,-1,-1,8,0,370,330,953
140,0,102,1,901,900,0,12,1,374,373,0.0,3.4037918240920386e-05,1,394,393,4,-1,5,8,1,201,705,410
141,61,61,832,832,0,58,58,718,718,0,0.001055175465468532,0.001055175465468532,804,804,0,-1,3,3,8,15,131,137,922
142,2,104,361,918,557,8,9,361,381,20,6.807583648184077e-05,0.00030634126416828345,454,622,168,4,5,5,7,1,404,593,229
143,16,16,642,642,0,21,21,708,708,0,0.00013615167296368154,0.00013615167296368154,505,505,0,-1,3,3,4,2,544,492,845
144,14,115,595,921,326,22,22,564,564,0,0.00010211375472276115,0.00013615167296368154,477,510,33,5,4,4,5,5,290,636,605
145,67,168,886,965,79,68,68,977,977,0,0.0042547397801150485,0.0042547397801150485,950,950,0,5,2,2,4,6,507,73,736
146,22,22,684,684,0,44,44,820,820,0,0.0014295925661186562,0.0014295925661186562,845,845,0,-1,3,3,4,3,235,559,678
147,0,0,1,1,0,0,0,1,1,0,0.0,0.0,1,1,0,-1,-1,-1,2,1,548,947,632
148,0,616,1,993,992,0,36,1,527,526,0.0,0.001157289220191293,1,820,819,2,-1,3,9,0,213,955,175
149,0,0,1,1,0,0,0,1,1,0,0.0,0.0,1,1,0,-1,-1,-1,2,0,980,800,367
150,0,102,1,887,886,0,12,1,366,365,0.0,0.0002723033459273631,1,603,602,4,-1,5,9,1,277,529,317
151,0,206,1,964,963,0,24,1,528,527,0.0,0.0014636304843595766,1,844,843,3,-1,4,6,1,498,738,43
152,0,102,1,895,894,0,10,1,365,364,0.0,0.0,1,1,0,4,-1,5,8,0,297,538,623
153,100,100,915,915,0,100,100,986,986,0,0.03965417475067225,0.03965417475067225,997,997,0,-1,1,1,4,25,652,47,800
154,4,4,435,435,0,7,7,392,392,0,3.4037918240920386e-05,3.4037918240920386e-05,412,412,0,-1,5,5,4,2,784,298,624
155,13,13,593,593,0,22,22,546,546,0,0.00013615167296368154,0.00013615167296368154,523,523,0,-1,4,4,5,3,665,248,872
156,0,0,1,1,0,0,0,1,1,0,0.0,0.0,1,1,0,-1,-1,-1,7,0,321,686,608
157,86,292,868,978,110,108,108,913,913,0,0.0017018959120460194,0.0026549576227917903,868,919,51,3,3,3,8,13,186,261,269
158,0,0,1,1,0,0,0,1,1,0,0.0,0.0,1,1,0,-1,-1,-1,2,0,898,993,611
159,31,133,732,932,200,56,56,717,717,0,0.0005105687736138058,0.0010892133837094523,705,811,106,4,3,3,9,6,168,232,207
160,0,0,1,1,0,0,0,1,1,0,0.0,0.0,1,1,0,-1,-1,-1,15,0,138,956,515
161,0,0,1,1,0,0,0,1,1,0,0.0,0.0,1,1,0,-1,-1,-1,2,1,609,779,649
162,439,439,990,990,0,120,120,985,985,0,0.013887470642295518,0.013887470642295518,989,989,0,-1,2,2,6,62,549,70,970
163,42,42,818,818,0,44,44,846,846,0,0.0008509479560230097,0.0008509479560230097,786,786,0,-1,3,3,4,5,741,283,908
164,6,108,541,966,425,12,12,759,759,0,0.00017018959120460194,0.0007828721195411688,559,791,232,4,4,4,2,1,805,659,155
165,13,115,545,909,364,30,30,507,507,0,0.00017018959120460194,0.0002723033459273631,530,605,75,4,4,4,9,4,422,442,465
166,31,647,708,994,286,58,86,604,752,148,0.0005446066918547262,0.00353994349705572,716,930,214,2,4,3,11,7,230,329,47
167,132,234,959,986,27,28,28,858,858,0,0.004220701861874128,0.004595118962524252,951,957,6,4,3,3,3,36,911,48,101
168,0,102,1,946,945,0,3,1,383,382,0.0,6.807583648184077e-05,1,461,460,4,-1,5,2,2,469,775,408
169,16,118,559,903,344,80,80,815,815,0,0.0005105687736138058,0.0006807583648184077,704,739,35,4,3,3,9,1,414,404,287
170,0,102,1,883,882,0,23,1,395,394,0.0,0.00034037918240920387,1,636,635,4,-1,5,12,0,44,993,345
171,0,102,1,913,912,0,7,1,358,357,0.0,0.00013615167296368154,1,505,504,4,-1,5,6,0,575,520,659
172,24,24,642,642,0,96,96,757,757,0,0.000442492937131965,0.000442492937131965,675,675,0,-1,3,3,11,5,162,589,705
173,1,103,333,941,608,3,5,333,408,75,0.0,0.0002042275094455223,1,584,583,4,8,5,3,2,879,448,287
174,0,206,1,967,966,0,20,1,545,544,0.0,0.0014295925661186562,1,856,855,3,-1,4,4,0,500,674,73
175,225,431,946,980,34,234,234,913,913,0,0.002723033459273631,0.0032336022328874367,910,921,11,3,2,2,20,28,88,44,211
176,0,101,1,859,858,0,19,1,332,331,0.0,0.0,1,1,0,5,-1,6,19,0,11,966,842
177,16,16,641,641,0,28,28,749,749,0,0.0002723033459273631,0.0002723033459273631,620,620,0,-1,3,3,3,1,900,556,641
178,26,232,655,958,303,70,86,600,669,69,0.0002042275094455223,0.0012594029749140542,561,828,267,3,3,3,14,5,79,350,352
179,218,834,977,1000,23,22,22,793,793,0,0.00445896728956057,0.009156200006807584,955,979,24,2,3,3,2,61,954,14,25
180,0,101,1,927,926,0,3,1,332,331,0.0,3.4037918240920386e-05,1,398,397,5,-1,6,3,0,288,888,311
181,0,101,1,933,932,0,2,1,332,331,0.0,0.0,1,1,0,5,-1,6,2,0,739,707,781
182,0,0,1,1,0,0,0,1,1,0,0.0,0.0,1,1,0,-1,-1,-1,9,2,277,775,815
183,52,154,774,924,150,120,120,806,806,0,0.0004765308553728854,0.0006126825283365669,692,725,33,4,3,3,14,9,268,212,771
184,504,605,992,995,3,208,208,998,998,0,0.012900371013308825,0.012900371013308825,986,986,0,5,2,2,7,81,361,32,885
185,48,254,847,981,134,38,38,886,886,0,0.0009530617107457708,0.0014636304843595766,801,861,60,3,3,3,3,9,564,415,642
186,67,169,815,927,112,120,120,770,770,0,0.001055175465468532,0.001157289220191293,804,816,12,4,3,3,14,8,122,161,646
187,44,146,896,975,79,8,8,614,614,0,0.00088498587426393,0.0011913271384322134,805,846,41,4,4,4,2,19,987,59,249
188,6,212,403,957,554,22,38,418,524,106,3.4037918240920386e-05,0.00088498587426393,400,780,380,3,4,4,11,1,379,618,125
189,0,102,1,911,910,0,8,1,384,383,0.0,6.807583648184077e-05,1,444,443,4,-1,5,5,0,604,803,223
190,0,102,1,905,904,0,9,1,368,367,0.0,3.4037918240920386e-05,1,403,402,4,-1,5,7,0,637,426,627
191,18,119,641,922,281,52,52,783,783,0,0.0004765308553728854,0.0006807583648184077,707,761,54,5,3,3,6,3,266,354,566
192,0,206,1,950,949,0,25,1,414,413,0.0,0.00010211375472276115,1,481,480,3,-1,4,12,1,96,554,149
193,6,212,391,949,558,45,49,494,514,20,0.00010211375472276115,0.0004765308553728854,478,698,220,3,4,4,13,1,41,958,341
194,4,106,498,962,464,4,4,432,432,0,6.807583648184077e-05,0.0002382654276864427,458,614,156,4,5,5,2,3,996,311,239
195,0,0,1,1,0,0,0,1,1,0,0.0,0.0,1,1,0,-1,-1,-1,3,0,839,888,276
196,176,176,928,928,0,202,202,896,896,0,0.002110350930937064,0.002110350930937064,884,884,0,-1,3,3,17,20,103,49,358
197,27,129,709,922,213,48,48,649,649,0,0.0006126825283365669,0.0007147962830593281,733,756,23,4,4,4,8,9,225,211,958
198,38,140,797,942,145,34,34,744,744,0,0.0004765308553728854,0.00088498587426393,707,794,87,4,3,3,4,7,504,169,178
199,44,250,833,981,148,22,22,764,764,0,0.0012934408931549745,0.003880322679464924,844,937,93,3,3,3,2,9,934,375,8
200,70,70,801,801,0,192,192,803,803,0,0.001157289220191293,0.001157289220191293,814,814,0,-1,2,2,23,5,43,283,686
201,0,206,1,951,950,0,45,1,507,506,0.0,0.0007147962830593281,1,739,738,3,-1,4,14,1,84,730,501
202,0,616,1,993,992,0,66,1,682,681,0.0,0.002110350930937064,1,889,888,2,-1,3,10,0,125,629,85
203,19,19,766,766,0,20,20,871,871,0,0.001497668402600497,0.001497668402600497,865,865,0,-1,3,3,3,3,786,596,522
204,12,114,614,936,322,20,20,618,618,0,0.0005446066918547262,0.001055175465468532,726,813,87,4,4,4,4,3,617,209,340
205,0,0,1,1,0,0,0,1,1,0,0.0,0.0,1,1,0,-1,-1,-1,5,0,412,546,854
206,0,206,1,973,972,0,9,1,487,486,0.0,0.00088498587426393,1,800,799,3,-1,4,3,2,583,775,345
207,0,616,1,990,989,0,118,1,834,833,0.0,0.01409169815174104,1,991,990,2,-1,3,13,0,185,777,2
208,10,10,592,592,0,12,12,625,625,0,0.00037441710065012424,0.00037441710065012424,675,675,0,-1,4,4,2,3,880,507,821
209,0,102,1,895,894,0,20,1,422,421,0.0,0.0005446066918547262,1,714,713,4,-1,5,10,0,243,502,461
210,4,106,415,908,493,10,10,404,404,0,6.807583648184077e-05,0.00030634126416828345,450,627,177,4,5,5,5,2,492,680,259
211,98,304,905,981,76,60,60,891,891,0,0.0022465026039007454,0.0023486163586235067,890,892,2,3,3,3,5,12,524,58,596
212,0,0,1,1,0,0,0,1,1,0,0.0,0.0,1,1,0,-1,-1,-1,10,0,298,922,971
213,0,102,1,903,902,0,7,1,372,371,0.0,0.0002042275094455223,1,552,551,4,-1,5,5,0,173,356,579
214,0,102,1,902,901,0,8,1,360,359,0.0,0.00017018959120460194,1,543,542,4,-1,5,7,1,400,792,805
215,0,616,1,997,996,0,26,1,712,711,0.0,0.003982436434187685,1,943,942,2,-1,3,4,0,969,944,28
216,27,27,787,787,0,8,8,508,508,0,0.0002723033459273631,0.0002723033459273631,614,614,0,-1,4,4,2,9,939,391,901
217,6,212,390,946,556,47,72,488,606,118,0.00010211375472276115,0.0019741992579733825,476,877,401,3,4,4,14,1,332,756,26
218,10,112,573,939,366,18,18,563,563,0,0.00030634126416828345,0.0004765308553728854,628,698,70,4,4,4,5,4,574,479,505
219,99,200,898,966,68,42,42,705,705,0,0.0017018959120460194,0.0017359338302869397,872,874,2,5,3,3,6,20,526,109,621
220,6,6,430,430,0,23,23,525,525,0,6.807583648184077e-05,6.807583648184077e-05,449,449,0,-1,4,4,6,1,402,334,937
221,14,116,568,911,343,38,38,564,564,0,0.0002382654276864427,0.00030634126416828345,599,635,36,4,4,4,9,3,388,369,532
222,6,6,408,408,0,30,30,474,474,0,0.0002382654276864427,0.0002382654276864427,590,590,0,-1,4,4,9,2,269,691,932
223,59,161,843,945,102,46,46,716,716,0,0.0016338200755641784,0.0019741992579733825,856,886,30,4,3,3,6,17,352,180,427
224,8,214,476,951,475,30,30,446,446,0,0.00010211375472276115,0.0004084550188910446,476,672,196,3,4,4,12,3,184,829,700
225,374,476,987,989,2,72,72,966,966,0,0.009836958371625992,0.010041185881071514,982,982,0,4,2,2,3,59,737,5,214
226,178,178,966,966,0,46,46,831,831,0,0.003880322679464924,0.003880322679464924,941,941,0,-1,3,3,6,38,486,111,698
227,6,108,410,901,491,30,30,535,535,0,0.00017018959120460194,0.00017018959120460194,545,545,0,4,4,4,7,1,331,904,964
228,32,133,737,933,196,44,44,806,806,0,0.0009870996289866913,0.0009870996289866913,805,805,0,6,3,3,4,5,509,535,344
229,20,226,663,971,308,18,18,609,609,0,0.0005446066918547262,0.0007828721195411688,719,769,50,3,4,4,3,4,778,267,541
230,22,22,711,711,0,34,34,734,734,0,0.0004765308553728854,0.0004765308553728854,698,698,0,-1,3,3,6,2,529,475,767
231,52,52,790,790,0,110,110,860,860,0,0.0011232513019503727,0.0011232513019503727,819,819,0,-1,2,2,10,3,135,103,608
232,0,102,1,940,939,0,3,1,375,374,0.0,0.00010211375472276115,1,496,495,4,-1,5,2,0,977,816,637
233,10,10,603,603,0,8,8,513,513,0,6.807583648184077e-05,6.807583648184077e-05,459,459,0,-1,4,4,2,3,757,369,696
234,0,102,1,892,891,0,18,1,398,397,0.0,0.00013615167296368154,1,499,498,4,-1,5,10,0,169,889,619
235,53,155,820,940,120,94,94,873,873,0,0.0015657442390823377,0.001599782157323258,858,861,3,4,3,3,9,9,278,415,332
236,14,220,588,970,382,22,22,544,544,0,0.000442492937131965,0.0009190237925048504,695,804,109,3,4,4,5,3,392,307,382
237,6,212,457,973,516,14,18,482,529,47,3.4037918240920386e-05,0.0007488342013002485,410,768,358,3,4,4,5,1,517,661,71
238,28,28,633,633,0,76,76,549,549,0,0.00013615167296368154,0.00013615167296368154,503,503,0,-1,3,3,17,3,103,369,367
239,0,206,1,973,972,0,8,1,488,487,0.0,0.00013615167296368154,1,516,515,3,-1,4,2,0,596,848,541
240,6,108,417,904,487,36,36,566,566,0,0.00034037918240920387,0.000442492937131965,653,688,35,4,4,4,8,1,420,452,770
241,14,220,645,977,332,30,30,713,713,0,0.0007828721195411688,0.0020763130126961434,780,885,105,3,4,4,5,5,602,306,297
242,6,212,411,961,550,16,22,412,455,43,0.0,0.0006467204465774873,1,734,733,3,4,4,8,2,201,560,386
243,6,108,483,942,459,8,8,513,513,0,0.0002382654276864427,0.0002723033459273631,592,612,20,4,4,4,2,3,757,285,164
244,93,299,847,968,121,138,142,830,837,7,0.0007488342013002485,0.0009530617107457708,750,782,32,3,3,3,16,17,72,327,167
245,0,0,1,1,0,0,0,1,1,0,0.0,0.0,1,1,0,-1,-1,-1,10,0,409,766,587
246,155,361,940,980,40,98,98,899,899,0,0.005071649817897137,0.005956635692161067,956,962,6,3,3,3,8,31,142,126,190
247,0,0,1,1,0,0,0,1,1,0,0.0,0.0,1,1,0,-1,-1,-1,2,0,978,800,936
248,0,102,1,921,920,0,7,1,395,394,0.0,0.0004084550188910446,1,688,687,4,-1,5,4,1,504,792,376
249,0,206,1,964,963,0,16,1,452,451,0.0,0.000442492937131965,1,688,687,3,-1,4,6,0,549,388,177
250,99,99,896,896,0,36,36,663,663,0,0.0016338200755641784,0.0016338200755641784,852,852,0,-1,4,4,6,23,419,106,568
251,0,206,1,934,933,0,56,1,416,415,0.0,0.0002042275094455223,1,544,543,3,-1,4,23,0,15,712,413
252,8,8,499,499,0,22,22,496,496,0,0.00010211375472276115,0.00010211375472276115,471,471,0,-1,4,4,7,3,361,434,472
253,6,6,459,459,0,30,30,735,735,0,0.0002042275094455223,0.0002042275094455223,572,572,0,-1,4,4,5,1,601,404,742
254,12,628,517,991,474,56,94,582,764,182,0.0004084550188910446,0.003982436434187685,664,943,279,2,4,3,12,3,143,795,112
255,2,2,367,367,0,5,5,400,400,0,0.0,0.0,1,1,0,-1,5,5,3,1,770,862,915
256,0,102,1,901,900,0,11,1,410,409,0.0,0.000442492937131965,1,690,689,4,-1,5,6,0,536,965,177
257,12,114,622,938,316,12,12,604,604,0,0.00030634126416828345,0.00088498587426393,639,797,158,4,4,4,2,9,589,29,185
258,2,208,346,944,598,24,35,357,384,27,3.4037918240920386e-05,0.00013615167296368154,403,509,106,3,5,4,21,1,12,590,434
259,129,745,945,999,54,60,70,907,946,39,0.0034718676605738795,0.006262976956329351,932,965,33,2,3,3,5,28,435,41,648
260,16,117,565,902,337,58,58,706,706,0,0.0005105687736138058,0.0005105687736138058,711,711,0,5,3,3,8,1,218,759,374
261,10,10,568,568,0,16,16,528,528,0,0.0002382654276864427,0.0002382654276864427,604,604,0,-1,4,4,4,4,649,230,922
262,0,0,1,1,0,0,0,1,1,0,0.0,0.0,1,1,0,-1,-1,-1,4,0,675,400,932
263,136,1776,919,1000,81,104,138,872,944,72,0.001940161339732462,0.014364001497668403,884,985,101,1,3,2,9,18,269,171,128
264,49,665,784,993,209,76,88,740,800,60,0.0005786446100956465,0.003608019333537561,703,935,232,2,3,3,11,7,271,176,57
265,4,4,427,427,0,9,9,408,408,0,6.807583648184077e-05,6.807583648184077e-05,460,460,0,-1,5,5,5,3,565,290,892
266,23,124,757,952,195,18,18,710,710,0,0.0006807583648184077,0.0006807583648184077,757,757,0,8,4,4,3,7,961,329,857
267,0,616,1,996,995,0,50,1,717,716,0.0,0.0053439531638245,1,963,962,2,-1,3,7,0,171,725,98
268,118,118,896,896,0,188,188,934,934,0,0.002382654276864427,0.002382654276864427,898,898,0,-1,2,2,14,13,144,183,854
269,0,206,1,958,957,0,42,1,676,675,0.0,0.006297014874570271,1,965,964,3,-1,4,7,0,196,919,70
270,20,20,646,646,0,60,60,722,722,0,0.0002042275094455223,0.0002042275094455223,571,571,0,-1,3,3,8,4,225,617,990
271,0,206,1,945,944,0,23,1,385,384,0.0,3.4037918240920386e-05,1,393,392,3,-1,4,14,0,181,965,691
272,0,0,1,1,0,0,0,1,1,0,0.0,0.0,1,1,0,-1,-1,-1,7,0,193,932,664
273,0,206,1,971,970,0,16,1,530,529,0.0,0.0008509479560230097,1,792,791,3,-1,4,4,1,709,913,99
274,43,144,781,926,145,48,48,649,649,0,0.0005105687736138058,0.0005786446100956465,715,731,16,5,3,3,7,13,331,256,755
275,8,8,544,544,0,20,20,547,547,0,3.4037918240920386e-05,3.4037918240920386e-05,416,416,0,-1,4,4,6,2,529,791,746
276,22,22,679,679,0,46,46,771,771,0,0.000442492937131965,0.000442492937131965,688,688,0,-1,3,3,6,4,451,312,574
277,0,102,1,922,921,0,5,1,392,391,0.0,0.00010211375472276115,1,484,483,4,-1,5,3,0,855,858,22
278,0,102,1,881,880,0,21,1,367,366,0.0,6.807583648184077e-05,1,447,446,4,-1,5,15,1,104,787,353
279,48,150,858,963,105,12,12,608,608,0,0.00176997174852786,0.002144388849177984,886,899,13,4,4,4,2,13,713,42,29
280,0,0,1,1,0,0,0,1,1,0,0.0,0.0,1,1,0,-1,-1,-1,6,0,312,712,744
281,0,102,1,933,932,0,8,1,478,477,0.0,0.000442492937131965,1,695,694,4,-1,5,4,1,827,814,303
282,10,112,574,934,360,12,12,494,494,0,0.00037441710065012424,0.0005105687736138058,665,705,40,4,4,4,4,3,511,353,162
283,0,616,1,991,990,0,92,1,618,617,0.0,0.0018380475850097008,1,875,874,2,-1,3,17,1,10,235,141
284,185,391,960,986,26,54,54,871,871,0,0.00442492937131965,0.004663194799006093,952,956,4,3,3,3,4,48,759,56,545
285,6,6,428,428,0,14,14,501,501,0,0.00017018959120460194,0.00017018959120460194,537,537,0,-1,4,4,3,1,634,797,826
286,0,206,1,967,966,0,11,1,453,452,0.0,0.0002723033459273631,1,616,615,3,-1,4,5,0,412,940,724
287,0,102,1,911,910,0,7,1,374,373,0.0,0.00013615167296368154,1,510,509,4,-1,5,5,0,724,987,486
288,48,48,835,835,0,34,34,746,746,0,0.0008169100377820892,0.0008169100377820892,783,783,0,-1,3,3,4,13,758,120,903
289,50,152,870,970,100,52,52,979,979,0,0.011198475101262807,0.01143674052894925,985,985,0,4,2,2,3,4,796,622,328
290,0,101,1,902,901,0,9,1,332,331,0.0,6.807583648184077e-05,1,462,461,5,-1,6,9,0,119,925,756
291,0,0,1,1,0,0,0,1,1,0,0.0,0.0,1,1,0,-1,-1,-1,11,0,163,423,811
292,6,108,411,901,490,28,28,554,554,0,0.00017018959120460194,0.0002042275094455223,545,568,23,4,4,4,6,1,560,561,896
293,0,102,1,952,951,0,4,1,448,447,0.0,0.0009870996289866913,1,815,814,4,-1,5,2,0,994,941,67
294,72,72,819,819,0,154,154,847,847,0,0.0012253650566731338,0.0012253650566731338,832,832,0,-1,3,3,14,9,127,415,892
295,6,6,404,404,0,18,18,412,412,0,0.0,0.0,1,1,0,-1,4,4,8,2,357,662,330
296,0,0,1,1,0,0,0,1,1,0,0.0,0.0,1,1,0,-1,-1,-1,2,0,813,665,766
297,268,268,980,980,0,50,50,791,791,0,0.005480104836788182,0.005480104836788182,963,963,0,-1,3,3,5,61,492,14,806
298,43,144,881,977,96,12,12,713,713,0,0.0020082371762143027,0.0019741992579733825,895,893,-2,5,4,4,2,16,963,78,394
299,8,8,532,532,0,10,10,473,473,0,6.807583648184077e-05,6.807583648184077e-05,447,447,0,-1,4,4,3,2,592,602,882
300,9,110,590,948,358,8,8,485,485,0,0.00010211375472276115,0.0002042275094455223,499,579,80,5,4,4,2,3,804,485,466
301,1,1,331,331,0,3,3,331,331,0,0.0,0.0,1,1,0,-1,7,7,3,2,911,374,400
302,2,104,357,919,562,7,7,380,380,0,3.4037918240920386e-05,0.00010211375472276115,399,478,79,4,5,5,5,1,386,601,528
303,0,616,1,993,992,0,74,1,562,561,0.0,0.0015657442390823377,1,849,848,2,-1,3,16,1,145,789,213
304,30,30,733,733,0,34,34,729,729,0,0.00088498587426393,0.00088498587426393,790,790,0,-1,3,3,4,6,614,234,641
305,33,239,771,974,203,18,18,610,610,0,0.0006126825283365669,0.0018380475850097008,738,877,139,3,4,4,3,9,930,294,129
306,6,108,427,910,483,24,24,496,496,0,3.4037918240920386e-05,6.807583648184077e-05,406,446,40,4,4,4,8,3,431,410,659
307,9,111,537,918,381,12,12,464,464,0,3.4037918240920386e-05,6.807583648184077e-05,399,441,42,4,4,4,4,4,858,442,570
308,0,0,1,1,0,0,0,1,1,0,0.0,0.0,1,1,0,-1,-1,-1,7,0,413,954,513
309,28,28,671,671,0,106,106,805,805,0,0.0006467204465774873,0.0006467204465774873,736,736,0,-1,3,3,11,4,167,336,529
310,16,222,621,972,351,18,18,624,624,0,0.0004084550188910446,0.002382654276864427,683,905,222,3,4,4,3,5,703,165,27
311,24,230,656,960,304,72,72,696,696,0,0.00013615167296368154,0.0005446066918547262,515,720,205,3,3,3,11,4,229,545,145
312,12,113,610,930,320,16,16,545,545,0,0.0002382654276864427,0.00034037918240920387,599,644,45,5,4,4,4,3,344,121,904
313,0,616,1,995,994,0,24,1,514,513,0.0,0.0006807583648184077,1,749,748,2,-1,3,6,2,630,684,619
314,7,7,496,496,0,19,19,428,428,0,3.4037918240920386e-05,3.4037918240920386e-05,400,400,0,-1,4,4,8,3,383,631,901
315,20,20,718,718,0,12,12,583,583,0,0.0004084550188910446,0.0004084550188910446,683,683,0,-1,4,4,2,7,689,329,614
316,0,102,1,880,879,0,18,1,367,366,0.0,0.0002042275094455223,1,562,561,4,-1,5,15,0,138,843,93
317,1,1,332,332,0,3,3,332,332,0,3.4037918240920386e-05,3.4037918240920386e-05,397,397,0,-1,6,6,3,1,839,687,997
318,3,619,429,997,568,6,26,383,743,360,3.4037918240920386e-05,0.0033357159876101976,407,928,521,2,5,3,4,3,461,631,219
319,1,1,332,332,0,3,3,332,332,0,0.0,0.0,1,1,0,-1,7,7,3,1,716,703,750
320,22,1662,576,1000,424,146,242,677,862,185,0.0004765308553728854,0.01861874127778345,684,995,311,1,3,2,23,3,8,209,2
321,6,108,435,922,487,10,10,443,443,0,0.00017018959120460194,0.0007488342013002485,554,772,218,4,4,4,3,1,892,555,338
322,1,617,333,987,654,17,57,333,492,159,0.0,0.000442492937131965,1,665,664,2,6,3,17,1,63,590,167
323,0,0,1,1,0,0,0,1,1,0,0.0,0.0,1,1,0,-1,-1,-1,5,1,457,962,436
324,62,268,894,987,93,12,12,678,678,0,0.0016678579938050988,0.0038462847612240037,881,948,67,3,4,4,2,23,895,122,111
325,34,34,750,750,0,58,58,780,780,0,0.0005446066918547262,0.0005446066918547262,716,716,0,-1,3,3,8,5,309,178,456
326,24,230,722,977,255,18,18,647,647,0,0.0009870996289866913,0.003267640151128357,813,929,116,3,4,4,3,7,829,399,111
327,0,206,1,961,960,0,44,1,638,637,0.0,0.0035739814152966403,1,935,934,3,-1,4,8,0,201,966,28
328,0,0,1,1,0,0,0,1,1,0,0.0,0.0,1,1,0,-1,-1,-1,2,0,932,426,542
329,0,102,1,937,936,0,4,1,394,393,0.0,0.0004084550188910446,1,679,678,4,-1,5,2,1,598,705,250
330,18,18,559,559,0,146,146,715,715,0,0.00030634126416828345,0.00030634126416828345,629,629,0,-1,3,3,22,3,22,354,949
331,0,0,1,1,0,0,0,1,1,0,0.0,0.0,1,1,0,-1,-1,-1,2,0,981,859,945
332,407,508,986,990,4,124,124,937,937,0,0.008203138296061813,0.008271214132543654,974,975,1,5,3,3,9,70,319,18,842
333,1,207,333,951,618,9,38,333,543,210,0.0,0.00088498587426393,1,792,791,3,6,4,9,1,202,671,193
334,0,206,1,963,962,0,14,1,462,461,0.0,0.00034037918240920387,1,644,643,3,-1,4,5,0,531,522,80
335,0,206,1,951,950,0,18,1,406,405,0.0,0.0004765308553728854,1,691,690,3,-1,4,9,0,414,877,198
336,0,1640,1,1000,999,0,182,1,879,878,0.0,0.010926171755335444,1,984,983,1,-1,2,17,0,80,565,9
337,0,206,1,946,945,0,54,1,478,477,0.0,0.0012253650566731338,1,833,832,3,-1,4,17,0,63,716,166
338,0,102,1,946,945,0,4,1,405,404,0.0,0.0010211375472276116,1,822,821,4,-1,5,2,0,232,686,179
339,2,2,388,388,0,3,3,393,393,0,0.00010211375472276115,0.00010211375472276115,501,501,0,-1,5,5,2,1,997,931,400
340,88,88,844,844,0,114,114,795,795,0,0.0008509479560230097,0.0008509479560230097,767,767,0,-1,3,3,13,13,92,120,349
341,16,117,649,940,291,28,28,699,699,0,0.0002042275094455223,0.0002042275094455223,576,576,0,5,3,3,5,2,848,714,896
342,0,206,1,952,951,0,17,1,406,405,0.0,0.0002382654276864427,1,586,585,3,-1,4,8,0,357,324,369
343,9,215,596,979,383,12,12,671,671,0,0.0004765308553728854,0.0013274788113958951,705,853,148,3,4,4,2,7,739,451,677
344,37,243,785,975,190,46,46,765,765,0,0.0009190237925048504,0.0011913271384322134,812,840,28,3,3,3,6,6,526,192,107
345,36,652,788,997,209,22,22,707,707,0,0.00088498587426393,0.005718370264474625,795,967,172,2,3,3,2,5,769,273,12
346,0,616,1,993,992,0,68,1,774,773,0.0,0.007420266176520644,1,971,970,2,-1,3,8,0,301,515,70
347,3,104,410,903,493,6,6,395,395,0,0.0,3.4037918240920386e-05,1,403,402,5,5,5,3,2,634,364,384
348,0,0,1,1,0,0,0,1,1,0,0.0,0.0,1,1,0,-1,-1,-1,12,0,175,429,890
349,55,261,834,975,141,40,40,757,757,0,0.0016338200755641784,0.0019061234214915416,854,878,24,3,3,3,5,17,464,213,759
350,134,340,907,972,65,142,142,795,795,0,0.0018040096667687805,0.0030634126416828346,867,917,50,3,3,3,17,18,210,171,277
351,12,114,544,912,368,26,27,503,504,1,0.0002723033459273631,0.000442492937131965,611,686,75,4,4,4,8,3,201,646,248
352,2,2,345,345,0,32,32,349,349,0,3.4037918240920386e-05,3.4037918240920386e-05,396,396,0,-1,5,5,30,3,7,181,867
353,47,253,753,962,209,174,174,881,881,0,0.0011913271384322134,0.0011913271384322134,828,828,0,3,2,2,15,3,0,438,260
354,15,15,587,587,0,28,28,531,531,0,0.00037441710065012424,0.00037441710065012424,662,662,0,-1,4,4,8,9,431,341,783
355,16,118,564,900,336,32,32,521,521,0,0.00013615167296368154,0.0002723033459273631,507,602,95,4,4,4,8,4,411,156,458
356,8,110,586,953,367,8,8,527,527,0,0.00013615167296368154,0.0005786446100956465,527,734,207,4,4,4,2,2,625,634,333
357,0,102,1,933,932,0,6,1,418,417,0.0,0.00017018959120460194,1,557,556,4,-1,5,3,3,579,746,541
358,48,664,765,994,229,88,102,733,804,71,0.0006126825283365669,0.0017018959120460194,725,869,144,2,3,3,12,7,292,422,139
359,98,98,897,897,0,56,56,863,863,0,0.002212464685659825,0.002212464685659825,883,883,0,-1,3,3,6,22,575,128,792
360,2,104,350,879,529,19,26,352,376,24,0.0,0.00010211375472276115,1,479,478,4,5,5,17,1,6,590,394
361,30,30,760,760,0,24,24,661,661,0,0.0007488342013002485,0.0007488342013002485,774,774,0,-1,4,4,4,9,453,240,515
362,21,21,747,747,0,18,18,809,809,0,0.001157289220191293,0.001157289220191293,842,842,0,-1,3,3,2,5,283,412,746
363,10,216,607,976,369,12,12,654,654,0,0.0002042275094455223,0.0037441710065012424,587,943,356,3,4,4,2,4,964,220,50
364,0,206,1,966,965,0,28,1,556,555,0.0,0.0013274788113958951,1,843,842,3,-1,4,6,0,470,786,63
365,2,103,355,897,542,10,10,386,386,0,6.807583648184077e-05,6.807583648184077e-05,442,442,0,5,5,5,6,1,393,449,763
366,29,131,734,932,198,36,36,652,652,0,0.0008509479560230097,0.0009530617107457708,784,798,14,4,4,4,6,8,345,177,319
367,0,206,1,969,968,0,12,1,475,474,0.0,0.0006126825283365669,1,731,730,3,-1,4,4,0,783,205,355
368,0,206,1,970,969,0,16,1,546,545,0.0,0.001055175465468532,1,819,818,3,-1,4,4,0,401,934,352
369,0,206,1,956,955,0,46,1,609,608,0.0,0.0013615167296368155,1,844,843,3,-1,4,9,0,803,330,61
370,6,212,379,946,567,42,49,405,433,28,0.0002042275094455223,0.0002723033459273631,556,600,44,3,4,4,21,1,1,931,648
371,0,102,1,927,926,0,6,1,359,358,0.0,0.0,1,1,0,4,-1,5,5,0,574,886,225
372,105,311,877,971,94,158,158,834,834,0,0.0014636304843595766,0.003199564314646516,843,922,79,3,3,3,17,15,210,53,100
373,113,113,925,925,0,48,48,884,884,0,0.0027911092957554717,0.0027911092957554717,918,918,0,-1,3,3,3,15,613,36,806
374,19,121,725,950,225,18,18,699,699,0,0.0010892133837094523,0.001497668402600497,833,865,32,4,4,4,3,4,800,207,83
375,34,136,775,941,166,24,24,620,620,0,0.00017018959120460194,0.0009530617107457708,559,797,238,4,4,4,4,11,622,316,193
376,147,249,926,962,36,96,96,826,826,0,0.002382654276864427,0.0025188059498281084,902,907,5,4,3,3,11,23,174,66,248
377,14,116,661,940,279,16,16,618,618,0,0.00037441710065012424,0.0008509479560230097,682,787,105,4,4,4,4,3,827,378,232
378,0,102,1,869,868,0,24,1,344,343,0.0,0.0,1,1,0,4,-1,5,23,0,30,845,460
379,0,102,1,959,958,0,3,1,390,389,0.0,0.00030634126416828345,1,650,649,4,-1,5,2,0,996,965,115
380,6,212,425,965,540,19,24,451,480,29,3.4037918240920386e-05,0.00030634126416828345,401,621,220,3,4,4,8,2,454,325,178
381,0,0,1,1,0,0,0,1,1,0,0.0,0.0,1,1,0,-1,-1,-1,4,0,638,824,801
382,24,24,657,657,0,38,38,546,546,0,0.000442492937131965,0.000442492937131965,689,689,0,-1,4,4,9,4,367,167,970
383,0,616,1,993,992,0,24,1,534,533,0.0,0.001055175465468532,1,811,810,2,-1,3,6,0,536,737,667
384,100,100,840,840,0,100,100,569,569,0,0.029647026787841656,0.029647026787841656,1000,1000,0,-1,1,1,21,157,74,2,997
385,100,100,854,854,0,100,100,689,689,0,0.01405766023350012,0.01405766023350012,988,988,0,3,1,1,14,20,203,38,322
386,56,158,837,952,115,38,38,826,826,0,0.0012594029749140542,0.0013955546478777359,840,850,10,4,3,3,3,14,459,175,164
387,74,280,861,977,116,40,40,704,704,0,0.0014295925661186562,0.0015657442390823377,849,862,13,3,3,3,5,17,818,226,124
388,92,193,913,973,60,50,50,901,901,0,0.002586881786309949,0.0026889955410327104,918,920,2,5,3,3,5,20,727,43,761
389,2,104,381,955,574,6,7,426,458,32,3.4037918240920386e-05,3.4037918240920386e-05,404,404,0,4,5,5,4,2,860,662,434
390,100,100,943,943,0,100,100,998,998,0,0.07879778072773069,0.07879778072773069,1000,1000,0,-1,1,1,2,11,999,193,960
391,3,3,477,477,0,4,4,453,453,0,0.00010211375472276115,0.00010211375472276115,503,503,0,-1,5,5,2,2,847,523,843
392,0,0,1,1,0,0,0,1,1,0,0.0,0.0,1,1,0,-1,-1,-1,11,0,174,922,706
393,6,108,471,949,478,14,14,628,628,0,0.00013615167296368154,0.00037441710065012424,522,670,148,4,4,4,3,1,879,561,386
394,0,0,1,1,0,0,0,1,1,0,0.0,0.0,1,1,0,-1,-1,-1,8,0,318,912,511
395,6,6,440,440,0,14,14,473,473,0,0.0,0.0,1,1,0,-1,4,4,5,2,294,313,774
396,18,634,691,998,307,32,42,776,852,76,0.0002723033459273631,0.003880322679464924,614,938,324,2,3,3,5,5,602,722,147
397,18,18,708,708,0,22,22,806,806,0,0.001157289220191293,0.001157289220191293,831,831,0,-1,3,3,2,4,713,143,488
398,34,34,854,854,0,32,32,963,963,0,0.0018720855032506212,0.0018720855032506212,895,895,0,-1,3,3,2,4,847,281,569
399,6,622,417,995,578,30,44,539,670,131,0.00013615167296368154,0.0013615167296368155,510,847,337,2,4,3,7,2,299,384,263
400,18,224,706,980,274,12,12,610,610,0,0.0006807583648184077,0.0011232513019503727,770,829,59,3,4,4,2,9,948,145,194
401,20,122,664,931,267,22,22,558,558,0,0.00030634126416828345,0.0004084550188910446,625,670,45,4,4,4,5,8,605,132,442
402,1,103,333,906,573,7,12,333,395,62,0.0,0.00013615167296368154,1,515,514,4,6,5,7,1,343,671,628
403,0,101,1,883,882,0,12,1,332,331,0.0,3.4037918240920386e-05,1,403,402,6,-1,7,12,0,143,998,708
404,24,126,759,949,190,18,18,664,664,0,0.0005786446100956465,0.0006126825283365669,731,740,9,4,4,4,3,4,568,470,536
405,7,623,576,1000,424,4,22,436,863,427,0.0002042275094455223,0.008305252050784574,572,977,405,2,5,3,2,6,878,459,9
406,377,377,987,987,0,80,80,935,935,0,0.007420266176520644,0.007420266176520644,975,975,0,-1,3,3,5,70,546,18,673
407,7,108,567,951,384,12,12,720,720,0,0.0002723033459273631,0.0002723033459273631,621,621,0,6,4,4,2,3,851,541,656
408,32,32,734,734,0,56,56,789,789,0,0.0004084550188910446,0.0004084550188910446,667,667,0,-1,3,3,6,4,514,149,943
409,0,0,1,1,0,0,0,1,1,0,0.0,0.0,1,1,0,-1,-1,-1,4,0,783,674,980
410,1,1,333,333,0,2,2,333,333,0,0.0,0.0,1,1,0,-1,6,6,2,1,873,590,970
411,0,102,1,877,876,0,10,1,350,349,0.0,0.0,1,1,0,4,-1,5,9,0,159,587,837
412,0,206,1,963,962,0,19,1,436,435,0.0,0.0002042275094455223,1,562,561,3,-1,4,8,0,199,864,556
413,457,1057,994,1000,6,80,80,952,952,0,0.013887470642295518,0.01844855168657885,990,994,4,2,3,3,5,85,386,0,20
414,0,101,1,889,888,0,10,1,330,329,0.0,6.807583648184077e-05,1,448,447,5,-1,6,10,0,135,457,530
415,16,222,594,968,374,34,34,679,679,0,0.00010211375472276115,0.001055175465468532,472,819,347,3,3,3,4,1,493,718,399
416,0,0,1,1,0,0,0,1,1,0,0.0,0.0,1,1,0,-1,-1,-1,7,0,179,819,520
417,0,616,1,992,991,0,60,1,626,625,0.0,0.0016338200755641784,1,861,860,2,-1,3,11,0,233,802,68
418,130,336,912,976,64,130,130,911,911,0,0.0030974505599237552,0.0032336022328874367,928,931,3,3,2,2,10,17,128,269,282
419,88,88,897,897,0,44,44,851,851,0,0.0023486163586235067,0.0023486163586235067,899,899,0,-1,3,3,4,18,755,171,456
420,22,22,703,703,0,30,30,732,732,0,0.00030634126416828345,0.00030634126416828345,635,635,0,-1,3,3,4,2,758,634,644
421,16,118,770,972,202,12,12,759,759,0,0.00088498587426393,0.0014295925661186562,797,861,64,4,4,4,2,8,782,264,471
422,6,6,404,404,0,23,23,434,434,0,3.4037918240920386e-05,3.4037918240920386e-05,404,404,0,-1,4,4,10,2,241,492,824
423,0,0,1,1,0,0,0,1,1,0,0.0,0.0,1,1,0,-1,-1,-1,7,0,170,760,358
424,148,250,955,976,21,54,54,912,912,0,0.004663194799006093,0.004799346471969774,953,955,2,4,3,3,4,25,280,105,528
425,0,206,1,972,971,0,16,1,542,541,0.0,0.0011913271384322134,1,835,834,3,-1,4,4,0,619,871,144
426,0,0,1,1,0,0,0,1,1,0,0.0,0.0,1,1,0,-1,-1,-1,4,0,300,914,624
427,30,236,828,985,157,22,22,847,847,0,0.0006467204465774873,0.0016678579938050988,750,875,125,3,3,3,2,9,830,212,382
428,28,130,748,939,191,34,34,755,755,0,0.0007488342013002485,0.0008169100377820892,773,787,14,4,3,3,4,3,736,382,463
429,13,13,571,571,0,30,30,639,639,0,0.00037441710065012424,0.00037441710065012424,647,647,0,-1,4,4,5,5,377,619,868
430,17,17,673,673,0,30,30,766,766,0,0.0002042275094455223,0.0002042275094455223,579,579,0,-1,3,3,4,3,563,263,947
431,0,102,1,956,955,0,3,1,392,391,0.0,0.00017018959120460194,1,549,548,4,-1,5,2,0,890,824,392
432,0,0,1,1,0,0,0,1,1,0,0.0,0.0,1,1,0,-1,-1,-1,3,2,856,431,706
433,38,38,808,808,0,34,34,734,734,0,0.00088498587426393,0.00088498587426393,793,793,0,-1,3,3,6,8,529,250,673
434,0,616,1,993,992,0,48,1,672,671,0.0,0.005990673610401988,1,967,966,2,-1,3,7,0,193,744,6
435,128,334,923,978,55,150,150,953,953,0,0.0027911092957554717,0.003267640151128357,918,933,15,3,3,3,10,18,293,55,257
436,6,107,390,892,502,35,35,474,474,0,0.00010211375472276115,0.00013615167296368154,480,506,26,5,4,4,12,2,212,492,466
437,17,118,650,921,271,40,40,800,800,0,0.0006807583648184077,0.0006807583648184077,759,759,0,6,3,3,4,3,759,299,181
438,0,102,1,922,921,0,6,1,357,356,0.0,3.4037918240920386e-05,1,411,410,4,-1,5,5,0,551,707,718
439,30,132,844,974,130,22,22,906,906,0,0.0011232513019503727,0.0013274788113958951,833,860,27,4,3,3,2,8,865,264,176
440,32,238,735,970,235,58,58,799,799,0,0.0006126825283365669,0.0009530617107457708,734,797,63,3,3,3,7,6,214,683,211
441,24,640,636,991,355,58,76,561,629,68,0.0002042275094455223,0.0017359338302869397,558,872,314,2,3,3,12,4,239,220,60
442,36,242,768,972,204,62,62,801,801,0,0.0006467204465774873,0.0016338200755641784,736,864,128,3,3,3,7,5,505,273,180
443,7,108,529,937,408,9,9,477,477,0,3.4037918240920386e-05,6.807583648184077e-05,406,452,46,5,4,4,3,5,627,225,862
444,0,0,1,1,0,0,0,1,1,0,0.0,0.0,1,1,0,-1,-1,-1,4,1,815,705,859
445,0,101,1,906,905,0,3,1,331,330,0.0,0.0,1,1,0,8,-1,9,3,0,471,944,448
446,0,102,1,893,892,0,13,1,378,377,0.0,0.00010211375472276115,1,474,473,4,-1,5,9,0,319,515,408
447,38,244,742,961,219,88,88,776,776,0,0.0008169100377820892,0.0010892133837094523,769,805,36,3,3,3,11,4,155,288,645
448,38,654,687,993,306,134,134,704,704,0,0.000442492937131965,0.0011232513019503727,678,807,129,2,3,3,20,4,61,202,159
449,0,102,1,905,904,0,11,1,405,404,0.0,0.0007147962830593281,1,743,742,4,-1,5,6,0,556,936,399
450,24,126,654,901,247,72,72,677,677,0,0.00017018959120460194,0.0002723033459273631,543,616,73,4,3,3,11,4,279,501,958
451,36,137,821,961,140,18,18,764,764,0,0.0009530617107457708,0.001055175465468532,813,826,13,5,3,3,2,8,931,345,566
452,2,2,372,372,0,4,4,372,372,0,0.0,0.0,1,1,0,-1,5,5,3,2,935,842,660
453,2,104,380,951,571,3,4,383,491,108,0.0,0.0005446066918547262,1,731,730,4,5,5,2,1,821,421,340
454,0,102,1,909,908,0,12,1,387,386,0.0,0.0002042275094455223,1,570,569,4,-1,5,8,0,323,816,427
455,0,102,1,916,915,0,7,1,400,399,0.0,0.0005446066918547262,1,713,712,4,-1,5,4,0,783,845,399
456,0,0,1,1,0,0,0,1,1,0,0.0,0.0,1,1,0,-1,-1,-1,8,0,431,782,436
457,29,29,672,672,0,88,88,716,716,0,0.00013615167296368154,0.00013615167296368154,511,511,0,-1,3,3,12,5,52,454,733
458,0,102,1,906,905,0,4,1,361,360,0.0,3.4037918240920386e-05,1,406,405,4,-1,5,3,0,471,950,555
459,16,118,639,929,290,22,22,722,722,0,0.0005446066918547262,0.0006807583648184077,718,748,30,4,3,3,2,1,909,168,156
460,0,0,1,1,0,0,0,1,1,0,0.0,0.0,1,1,0,-1,-1,-1,3,0,840,819,802
461,114,320,948,989,41,28,28,835,835,0,0.003199564314646516,0.0036760951700194017,929,940,11,3,3,3,3,30,628,65,377
462,6,6,369,369,0,77,77,412,412,0,0.0,0.0,1,1,0,-1,4,4,36,1,16,558,672
463,8,1648,461,1000,539,49,202,428,840,412,3.4037918240920386e-05,0.013887470642295518,403,988,585,1,4,2,21,5,12,476,37
464,0,206,1,954,953,0,60,1,583,582,0.0,0.00176997174852786,1,877,876,3,-1,4,12,0,226,811,47
465,9,9,597,597,0,14,14,628,628,0,0.0002042275094455223,0.0002042275094455223,565,565,0,-1,4,4,3,4,768,501,349
466,6,6,399,399,0,26,26,456,456,0,6.807583648184077e-05,6.807583648184077e-05,434,434,0,-1,4,4,10,1,259,878,863
467,12,218,533,958,425,28,32,478,509,31,0.0002042275094455223,0.0002042275094455223,569,569,0,3,4,4,8,3,434,196,274
468,20,122,602,894,292,66,66,577,577,0,0.00037441710065012424,0.00037441710065012424,660,660,0,4,4,4,13,5,165,124,337
469,26,128,614,883,269,72,72,484,484,0,0.0004084550188910446,0.0005446066918547262,655,700,45,4,3,3,23,4,57,315,523
470,6,107,399,895,496,17,17,400,400,0,0.0,6.807583648184077e-05,1,441,440,5,4,4,9,2,414,509,761
471,18,18,615,615,0,66,66,703,703,0,0.0004084550188910446,0.0004084550188910446,679,679,0,-1,3,3,10,2,211,700,955
472,4,105,504,964,460,3,3,395,395,0,0.00017018959120460194,0.00017018959120460194,568,568,0,7,5,5,2,4,981,332,640
473,6,6,386,386,0,33,33,400,400,0,3.4037918240920386e-05,3.4037918240920386e-05,406,406,0,-1,4,4,18,3,111,460,938
474,2,104,358,912,554,5,8,359,413,54,0.0,0.0006467204465774873,1,750,749,4,5,5,4,2,858,331,113
475,0,206,1,957,956,0,18,1,418,417,0.0,3.4037918240920386e-05,1,399,398,3,-1,4,9,0,126,971,425
476,0,206,1,934,933,0,64,1,452,451,0.0,0.0006126825283365669,1,725,724,3,-1,4,22,0,18,707,377
477,0,206,1,973,972,0,22,1,595,594,0.0,0.002280540522141666,1,899,898,3,-1,4,5,0,647,919,72
478,2,208,360,960,600,7,14,361,432,71,0.0,0.00017018959120460194,1,541,540,3,5,4,6,1,536,924,215
479,0,101,1,949,948,0,2,1,332,331,0.0,6.807583648184077e-05,1,455,454,5,-1,6,2,0,681,845,661
480,30,132,652,899,247,88,88,573,573,0,0.0002042275094455223,0.0002042275094455223,559,559,0,4,3,3,19,9,48,341,485
481,9,9,625,625,0,8,8,552,552,0,0.00034037918240920387,0.00034037918240920387,660,660,0,-1,4,4,2,4,715,287,514
482,0,102,1,909,908,0,6,1,354,353,0.0,0.0,1,1,0,4,-1,5,5,0,506,916,581
483,27,27,782,782,0,22,22,796,796,0,0.0005446066918547262,0.0005446066918547262,735,735,0,-1,3,3,2,8,948,417,573
484,18,224,588,953,365,58,62,551,574,23,0.00017018959120460194,0.00034037918240920387,535,644,109,3,4,4,13,3,67,307,266
485,0,0,1,1,0,0,0,1,1,0,0.0,0.0,1,1,0,-1,-1,-1,3,0,636,668,780
486,2,618,357,995,638,6,33,333,669,336,0.0,0.002280540522141666,1,893,892,2,6,3,6,5,606,605,55
487,78,284,884,978,94,60,60,893,893,0,0.0029612988869600733,0.0031314884781646754,926,929,3,3,3,3,5,12,386,104,392
488,77,283,903,984,81,38,38,903,903,0,0.002110350930937064,0.003778208924742163,899,941,42,3,3,3,3,20,530,87,111
489,6,6,468,468,0,14,14,577,577,0,0.0,0.0,1,1,0,-1,4,4,3,1,712,558,937
490,6,212,389,945,556,33,54,388,467,79,0.0,0.0002723033459273631,1,599,598,3,4,4,21,3,2,578,288
491,155,155,942,942,0,116,116,957,957,0,0.003165526396405596,0.003165526396405596,934,934,0,-1,2,2,7,17,366,79,372
492,0,0,1,1,0,0,0,1,1,0,0.0,0.0,1,1,0,-1,-1,-1,2,0,643,855,511
493,4,106,471,943,472,4,4,404,404,0,6.807583648184077e-05,0.0005105687736138058,452,722,270,4,5,5,2,4,977,442,80
494,13,115,583,928,345,12,12,442,442,0,0.0002382654276864427,0.0002382654276864427,593,593,0,4,4,4,4,5,870,314,322
495,0,102,1,908,907,0,7,1,360,359,0.0,3.4037918240920386e-05,1,397,396,4,-1,5,6,0,518,914,762
496,5,5,523,523,0,4,4,455,455,0,6.807583648184077e-05,6.807583648184077e-05,452,452,0,-1,5,5,2,3,481,485,569
497,6,107,454,924,470,16,16,523,523,0,0.00013615167296368154,0.00013615167296368154,509,509,0,9,4,4,4,1,815,711,647
498,24,1664,752,1000,248,22,46,805,977,172,0.0017359338302869397,0.05425644167602709,872,998,126,1,3,2,2,3,609,351,459
499,6,108,398,885,487,44,45,481,484,3,0.00013615167296368154,0.0002382654276864427,523,601,78,4,4,4,15,2,95,419,334
500,36,36,827,827,0,32,32,929,929,0,0.0017018959120460194,0.0017018959120460194,880,880,0,-1,3,3,2,8,232,174,880
501,0,0,1,1,0,0,0,1,1,0,0.0,0.0,1,1,0,-1,-1,-1,5,0,773,884,462
502,0,0,1,1,0,0,0,1,1,0,0.0,0.0,1,1,0,-1,-1,-1,7,0,246,959,665
503,22,22,696,696,0,36,36,744,744,0,0.0004765308553728854,0.0004765308553728854,699,699,0,-1,3,3,5,8,538,302,568
504,922,1024,1000,1000,0,128,128,999,999,0,0.021920419347152727,0.021920419347152727,995,995,0,4,2,2,5,157,669,2,607
505,24,230,712,975,263,34,34,756,756,0,0.0011913271384322134,0.002552843868069029,834,912,78,3,3,3,4,3,690,390,180
506,16,222,579,965,386,52,52,709,709,0,0.0002723033459273631,0.0008509479560230097,615,784,169,3,3,3,7,2,678,223,475
507,100,100,948,948,0,100,100,997,997,0,0.049729398549984684,0.049933626059430206,998,998,0,4,1,1,3,1,918,920,333
508,0,206,1,975,974,0,14,1,529,528,0.0,0.0013615167296368155,1,845,844,3,-1,4,5,0,695,800,53
509,0,206,1,985,984,0,18,1,780,779,0.0,0.0024507301133462676,1,915,914,3,-1,4,3,0,853,701,129
510,0,206,1,974,973,0,24,1,712,711,0.0,0.00445896728956057,1,955,954,3,-1,4,4,0,673,838,21
511,0,102,1,943,942,0,3,1,382,381,0.0,0.00017018959120460194,1,552,551,4,-1,5,2,0,975,981,491
512,8,110,500,886,386,29,29,487,487,0,6.807583648184077e-05,0.00017018959120460194,449,546,97,4,4,4,9,2,263,408,711
513,39,245,773,973,200,64,64,802,802,0,0.0013955546478777359,0.001940161339732462,831,875,44,3,3,3,8,4,431,557,336
514,0,0,1,1,0,0,0,1,1,0,0.0,0.0,1,1,0,-1,-1,-1,8,0,318,565,836
515,0,0,1,1,0,0,0,1,1,0,0.0,0.0,1,1,0,-1,-1,-1,4,0,728,564,723
516,0,206,1,980,979,0,12,1,529,528,0.0,0.0019061234214915416,1,886,885,3,-1,4,4,0,738,356,393
517,2,208,373,977,604,4,12,405,630,225,3.4037918240920386e-05,0.0013615167296368155,404,853,449,3,5,4,2,1,894,720,95
518,48,150,727,899,172,186,186,815,815,0,0.00037441710065012424,0.0005105687736138058,655,698,43,4,3,3,20,3,5,318,342
519,0,101,1,912,911,0,6,1,329,328,0.0,0.00010211375472276115,1,486,485,5,-1,6,6,0,515,522,411
520,79,695,842,993,151,162,182,818,869,51,0.00088498587426393,0.002927260968719153,791,924,133,2,3,3,17,15,56,219,127
521,6,212,451,975,524,10,18,460,579,119,0.00017018959120460194,0.0014636304843595766,551,855,304,3,4,4,3,1,834,891,15
522,227,227,947,947,0,286,286,913,913,0,0.003710133088260322,0.003710133088260322,937,937,0,-1,2,2,22,26,18,108,850
523,0,0,1,1,0,0,0,1,1,0,0.0,0.0,1,1,0,-1,-1,-1,3,0,801,565,760
524,6,108,447,930,483,18,20,512,526,14,0.00010211375472276115,0.0002723033459273631,503,621,118,4,4,4,6,1,657,594,168
525,102,102,934,934,0,32,32,900,900,0,0.0020422750944552232,0.0020422750944552232,887,887,0,-1,3,3,2,23,429,106,348
526,1,102,333,910,577,5,5,333,333,0,0.0,0.0,1,1,0,7,6,6,5,2,382,331,663
527,0,102,1,922,921,0,4,1,365,364,0.0,0.0,1,1,0,4,-1,5,3,0,577,538,602
528,2,104,355,901,546,7,8,386,398,12,0.0,6.807583648184077e-05,1,438,437,4,5,5,4,3,300,466,661
529,0,0,1,1,0,0,0,1,1,0,0.0,0.0,1,1,0,-1,-1,-1,4,0,542,800,960
530,4,210,502,988,486,4,8,448,599,151,3.4037918240920386e-05,0.0026209197045508697,406,919,513,3,5,4,2,3,963,572,126
531,2,104,386,956,570,4,4,426,426,0,0.0,0.0006467204465774873,1,758,757,4,5,5,2,2,792,560,250
532,18,120,555,885,330,74,74,526,526,0,0.00010211375472276115,0.00017018959120460194,476,533,57,4,4,4,19,4,36,443,931
533,0,0,1,1,0,0,0,1,1,0,0.0,0.0,1,1,0,-1,-1,-1,5,1,644,738,574
534,48,150,810,937,127,42,42,670,670,0,0.0006807583648184077,0.0008169100377820892,761,786,25,4,3,3,6,9,368,245,378
535,106,312,918,981,63,38,38,851,851,0,0.002586881786309949,0.0030634126416828346,913,927,14,3,3,3,3,23,930,117,253
536,13,115,626,937,311,18,18,554,554,0,0.0002723033459273631,0.0007147962830593281,620,762,142,4,4,4,5,5,435,395,245
537,12,12,555,555,0,38,38,614,614,0,0.00017018959120460194,0.00017018959120460194,545,545,0,-1,4,4,7,2,320,697,660
538,2,104,353,902,549,9,10,388,399,11,0.0,6.807583648184077e-05,1,441,440,4,5,5,5,1,349,878,476
539,2,2,385,385,0,4,4,449,449,0,0.0,0.0,1,1,0,-1,5,5,2,2,994,560,982
540,0,102,1,934,933,0,3,1,365,364,0.0,0.0,1,1,0,4,-1,5,2,1,739,828,491
541,16,16,633,633,0,24,24,748,748,0,0.0002042275094455223,0.0002042275094455223,572,572,0,-1,3,3,3,1,592,720,783
542,19,121,675,934,259,18,18,592,592,0,0.0002382654276864427,0.0007828721195411688,606,784,178,4,4,4,3,9,737,191,40
543,0,0,1,1,0,0,0,1,1,0,0.0,0.0,1,1,0,-1,-1,-1,3,0,958,933,660
544,0,101,1,873,872,0,16,1,332,331,0.0,6.807583648184077e-05,1,448,447,5,-1,6,16,0,27,900,594
545,68,274,868,978,110,40,40,799,799,0,0.0012934408931549745,0.0020422750944552232,833,887,54,3,3,3,5,17,612,269,179
546,421,1037,984,998,14,196,196,972,972,0,0.007182000748834201,0.00881582082439838,968,975,7,2,2,2,12,55,62,21,261
547,0,101,1,877,876,0,14,1,332,331,0.0,0.0,1,1,0,5,-1,6,14,0,332,611,543
548,0,101,1,896,895,0,8,1,332,331,0.0,0.0,1,1,0,5,-1,6,8,1,317,920,676
549,6,212,484,977,493,14,14,589,589,0,6.807583648184077e-05,0.002110350930937064,461,892,431,3,4,4,3,2,433,493,38
550,6,108,492,950,458,24,24,757,757,0,0.0006467204465774873,0.0008169100377820892,750,780,30,4,4,4,4,1,754,439,371
551,0,0,1,1,0,0,0,1,1,0,0.0,0.0,1,1,0,-1,-1,-1,9,0,100,796,917
552,2,104,349,885,536,19,20,378,384,6,0.0,0.00010211375472276115,1,487,486,4,5,5,12,1,194,879,931
553,0,102,1,933,932,0,3,1,368,367,0.0,0.0002723033459273631,1,627,626,4,-1,5,2,0,653,839,368
554,0,0,1,1,0,0,0,1,1,0,0.0,0.0,1,1,0,-1,-1,-1,4,0,891,783,884
555,16,16,595,595,0,23,23,534,534,0,0.00013615167296368154,0.00013615167296368154,514,514,0,-1,3,3,6,1,549,853,733
556,28,234,765,976,211,18,22,544,604,60,0.00034037918240920387,0.0033016780693692774,647,932,285,3,4,4,5,8,663,132,102
557,0,101,1,885,884,0,9,1,332,331,0.0,3.4037918240920386e-05,1,406,405,5,-1,6,9,0,217,847,265
558,24,126,789,961,172,8,8,544,544,0,0.0006467204465774873,0.0007488342013002485,757,777,20,4,4,4,2,8,781,177,681
559,2,2,355,355,0,7,7,368,368,0,3.4037918240920386e-05,3.4037918240920386e-05,404,404,0,-1,5,5,5,2,392,518,673
560,138,138,917,917,0,212,212,911,911,0,0.002484768031587188,0.002484768031587188,903,903,0,-1,2,2,18,14,34,68,713
561,34,136,769,941,172,48,48,804,804,0,0.0009530617107457708,0.001157289220191293,802,829,27,4,3,3,6,6,237,136,236
562,0,0,1,1,0,0,0,1,1,0,0.0,0.0,1,1,0,-1,-1,-1,5,0,435,832,814
563,0,206,1,985,984,0,7,1,558,557,0.0,0.0004084550188910446,1,691,690,3,-1,4,2,0,890,713,381
564,2,618,365,998,633,7,32,387,775,388,3.4037918240920386e-05,0.004152626025392287,397,945,548,2,5,3,5,3,695,578,77
565,14,220,726,988,262,8,8,591,591,0,0.0005446066918547262,0.0020422750944552232,724,897,173,3,4,4,2,6,968,376,87
566,702,702,998,998,0,184,184,998,998,0,0.01783586915824228,0.01783586915824228,992,992,0,-1,2,2,7,118,472,37,936
567,0,206,1,979,978,0,10,1,546,545,0.0,0.0010211375472276116,1,811,810,3,-1,4,3,0,867,574,146
568,234,234,964,964,0,158,158,966,966,0,0.003642057251778481,0.003642057251778481,938,938,0,-1,2,2,9,32,245,26,701
569,0,101,1,880,879,0,12,1,332,331,0.0,0.0,1,1,0,5,-1,6,12,0,62,696,878
570,16,16,671,671,0,22,22,723,723,0,0.0008509479560230097,0.0008509479560230097,789,789,0,-1,3,3,4,1,679,452,522
571,2,208,359,968,609,6,14,383,487,104,0.00013615167296368154,0.0005446066918547262,515,722,207,3,5,4,3,1,704,899,404
572,10,10,534,534,0,12,12,430,430,0,0.00030634126416828345,0.00030634126416828345,631,631,0,-1,4,4,4,3,493,353,977
573,7,7,496,496,0,46,46,617,617,0,0.00010211375472276115,0.00010211375472276115,477,477,0,-1,4,4,9,4,126,305,348
574,10,626,564,997,433,14,40,465,756,291,0.0002382654276864427,0.004288777698355968,608,948,340,2,4,3,5,3,464,458,20
575,0,101,1,933,932,0,2,1,332,331,0.0,3.4037918240920386e-05,1,412,411,5,-1,6,2,0,653,716,842
576,0,206,1,979,978,0,10,1,529,528,0.0,0.0002382654276864427,1,602,601,3,-1,4,3,1,797,841,494
577,0,206,1,955,954,0,22,1,414,413,0.0,0.000442492937131965,1,673,672,3,-1,4,10,0,125,729,232
578,64,270,826,971,145,122,122,859,859,0,0.0018380475850097008,0.003199564314646516,877,929,52,3,2,2,12,5,222,273,180
579,4,106,479,952,473,4,6,382,438,56,3.4037918240920386e-05,0.0009870996289866913,396,802,406,4,5,5,3,2,798,298,269
580,0,0,1,1,0,0,0,1,1,0,0.0,0.0,1,1,0,-1,-1,-1,4,0,544,989,548
581,69,170,901,970,69,12,12,698,698,0,0.0014636304843595766,0.0015657442390823377,861,867,6,5,4,4,2,23,906,106,231
582,36,242,733,961,228,126,126,904,904,0,0.0012934408931549745,0.0019741992579733825,828,876,48,3,3,3,11,8,155,174,535
583,24,230,641,959,318,54,62,571,618,47,0.00013615167296368154,0.0012594029749140542,509,827,318,3,3,3,12,3,62,704,106
584,0,0,1,1,0,0,0,1,1,0,0.0,0.0,1,1,0,-1,-1,-1,14,0,144,514,859
585,22,22,693,693,0,16,16,547,547,0,0.0002723033459273631,0.0002723033459273631,609,609,0,-1,4,4,4,10,783,262,573
586,0,101,1,908,907,0,5,1,330,329,0.0,3.4037918240920386e-05,1,390,389,5,-1,6,5,0,604,769,298
587,0,1640,1,1000,999,0,154,1,733,732,0.0,0.006603356138738555,1,958,957,1,-1,2,22,0,22,906,98
588,345,551,977,988,11,190,190,996,996,0,0.008747744987916539,0.009564655025698629,976,979,3,3,2,2,8,35,358,57,340
589,114,216,939,974,35,40,40,878,878,0,0.0028932230504782326,0.002995336805200994,918,921,3,4,3,3,4,30,772,39,770
590,0,206,1,949,948,0,64,1,564,563,0.0,0.0015657442390823377,1,859,858,3,-1,4,14,0,21,844,94
591,6,6,493,493,0,8,8,520,520,0,3.4037918240920386e-05,3.4037918240920386e-05,409,409,0,-1,4,4,2,1,999,481,611
592,10,112,509,893,384,48,48,583,583,0,0.0002042275094455223,0.0002723033459273631,565,602,37,4,4,4,10,3,205,704,485
593,6,108,408,897,489,21,21,408,408,0,3.4037918240920386e-05,0.00010211375472276115,413,478,65,4,5,5,11,3,224,534,560
594,14,214,542,956,414,32,32,467,467,0,6.807583648184077e-05,0.0005105687736138058,443,708,265,3,4,4,12,3,93,485,194
595,0,0,1,1,0,0,0,1,1,0,0.0,0.0,1,1,0,-1,-1,-1,2,0,994,803,887
596,100,100,873,873,0,100,100,854,854,0,0.018278362095374246,0.018754892950747133,991,991,0,3,1,1,9,20,351,38,375
597,0,102,1,893,892,0,12,1,372,371,0.0,0.00013615167296368154,1,513,512,4,-1,5,9,0,319,783,451
598,123,123,953,953,0,32,32,912,912,0,0.004288777698355968,0.004288777698355968,957,957,0,-1,3,3,2,29,747,17,707
599,18,224,551,948,397,67,80,442,468,26,0.0002042275094455223,0.00034037918240920387,558,634,76,3,3,3,25,5,17,401,556
600,0,102,1,931,930,0,6,1,382,381,0.0,0.0004084550188910446,1,677,676,4,-1,5,4,0,617,498,507
601,16,16,584,584,0,34,34,565,565,0,6.807583648184077e-05,6.807583648184077e-05,445,445,0,-1,3,3,8,1,383,360,902
602,22,228,748,982,234,12,12,611,611,0,0.0005105687736138058,0.002825147213996392,721,925,204,3,4,4,2,9,977,211,111
603,0,102,1,923,922,0,7,1,393,392,0.0,0.00017018959120460194,1,544,543,4,-1,5,4,1,566,779,209
604,7,108,492,886,394,22,22,444,444,0,0.0,0.0,1,1,0,6,4,4,9,3,263,373,972
605,18,18,601,601,0,50,50,574,574,0,0.0002042275094455223,0.0002042275094455223,561,561,0,-1,4,4,11,4,139,202,895
606,100,100,889,889,0,100,100,937,937,0,0.018074134585928724,0.019639878825011062,991,995,4,2,1,1,8,5,449,362,144
607,6,107,584,972,388,7,7,641,641,0,0.0002042275094455223,0.0002382654276864427,595,618,23,5,4,4,2,1,941,870,581
608,69,69,832,832,0,124,124,910,910,0,0.0025188059498281084,0.0025188059498281084,911,911,0,-1,2,2,10,6,240,114,890
609,359,460,993,996,3,38,38,929,929,0,0.008339289969025495,0.008407365805507334,977,977,0,5,3,3,3,92,867,30,560
610,6,108,397,888,491,30,30,469,469,0,0.00013615167296368154,0.00013615167296368154,506,506,0,4,4,4,9,2,101,805,623
611,8,109,525,929,404,20,20,570,570,0,0.0004084550188910446,0.0004084550188910446,680,680,0,5,4,4,4,2,652,453,509
612,0,206,1,968,967,0,32,1,635,634,0.0,0.0020422750944552232,1,888,887,3,-1,4,6,0,465,672,13
613,104,104,900,900,0,128,128,961,961,0,0.0027911092957554717,0.0027911092957554717,921,921,0,-1,3,3,8,14,142,68,571
614,6,108,480,933,453,14,14,565,565,0,0.00017018959120460194,0.00034037918240920387,550,655,105,4,4,4,3,1,861,681,710
615,0,0,1,1,0,0,0,1,1,0,0.0,0.0,1,1,0,-1,-1,-1,16,0,132,489,843
616,0,206,1,972,971,0,14,1,542,541,0.0,0.0017359338302869397,1,870,869,3,-1,4,3,0,585,903,87
617,32,648,687,989,302,114,118,707,728,21,0.0002042275094455223,0.0018040096667687805,564,870,306,2,3,3,17,2,63,453,117
618,30,646,731,996,265,54,54,853,853,0,0.00088498587426393,0.0030293747234419145,797,926,129,2,3,3,4,5,493,412,35
619,6,107,477,942,465,9,9,504,504,0,0.00017018959120460194,0.00017018959120460194,545,545,0,5,4,4,3,1,785,743,430
620,0,0,1,1,0,0,0,1,1,0,0.0,0.0,1,1,0,-1,-1,-1,3,3,930,478,877
621,3,209,438,977,539,4,8,413,506,93,3.4037918240920386e-05,0.0002723033459273631,404,616,212,3,5,4,2,5,816,225,211
622,24,640,731,998,267,24,38,748,885,137,0.00017018959120460194,0.004016474352428605,536,938,402,2,3,3,3,3,855,173,33
623,10,216,534,969,435,19,24,469,515,46,0.0,0.0006467204465774873,1,739,738,3,4,4,6,4,470,581,355
624,133,133,909,909,0,170,170,893,893,0,0.002280540522141666,0.002280540522141666,897,897,0,-1,2,2,15,16,104,113,847
625,4,210,431,972,541,4,18,362,632,270,0.0,0.005548180673270023,1,962,961,3,5,4,3,3,801,411,30
626,0,101,1,921,920,0,3,1,329,328,0.0,3.4037918240920386e-05,1,393,392,5,-1,6,3,0,855,860,526
627,4,105,407,902,495,9,9,392,392,0,3.4037918240920386e-05,0.00013615167296368154,404,502,98,5,5,5,5,3,546,585,444
628,118,118,882,882,0,182,182,875,875,0,0.0018720855032506212,0.0018720855032506212,874,874,0,-1,3,3,17,13,10,42,745
629,30,236,745,970,225,24,24,599,599,0,0.0005446066918547262,0.002927260968719153,713,922,209,3,4,4,4,5,385,418,56
630,0,102,1,883,882,0,12,1,359,358,0.0,0.00017018959120460194,1,530,529,4,-1,5,10,0,256,728,347
631,0,102,1,927,926,0,10,1,443,442,0.0,0.0012594029749140542,1,836,835,4,-1,5,5,0,602,987,84
632,30,132,691,907,216,70,70,648,648,0,0.0002382654276864427,0.0002723033459273631,576,607,31,4,3,3,12,4,96,86,508
633,14,14,657,657,0,12,12,599,599,0,0.0002042275094455223,0.0002042275094455223,586,586,0,-1,4,4,2,4,886,220,902
634,2,104,363,921,558,5,8,365,421,56,0.0,0.00017018959120460194,1,544,543,4,5,5,4,3,655,460,422
635,0,102,1,859,858,0,21,1,352,351,0.0,0.0,1,1,0,4,-1,5,19,0,11,723,364
636,8,8,473,473,0,23,23,418,418,0,6.807583648184077e-05,6.807583648184077e-05,445,445,0,-1,4,4,10,2,285,523,830
637,34,240,724,961,237,88,88,777,777,0,0.00034037918240920387,0.00176997174852786,643,868,225,3,3,3,12,3,219,616,66
638,773,979,998,998,0,176,176,992,992,0,0.01579359406378706,0.01606589740971442,989,989,0,3,2,2,8,127,301,11,405
639,273,273,976,976,0,166,166,992,992,0,0.006603356138738555,0.006603356138738555,970,970,0,-1,2,2,8,36,158,48,905
640,4,4,436,436,0,4,4,368,368,0,0.00010211375472276115,0.00010211375472276115,490,490,0,-1,5,5,3,3,869,572,644
641,0,0,1,1,0,0,0,1,1,0,0.0,0.0,1,1,0,-1,-1,-1,14,0,133,970,431
642,54,260,811,970,159,54,54,757,757,0,0.0007828721195411688,0.00088498587426393,775,796,21,3,3,3,7,10,374,262,904
643,0,101,1,953,952,0,2,1,331,330,0.0,3.4037918240920386e-05,1,416,415,5,-1,6,2,0,914,942,575
644,24,24,726,726,0,26,26,725,725,0,0.0002042275094455223,0.0002042275094455223,582,582,0,-1,3,3,4,4,559,637,830
645,0,0,1,1,0,0,0,1,1,0,0.0,0.0,1,1,0,-1,-1,-1,3,0,687,944,962
646,6,108,510,955,445,12,12,671,671,0,0.00037441710065012424,0.0007828721195411688,676,790,114,4,4,4,2,1,998,80,467
647,65,167,872,960,88,80,80,943,943,0,0.0020082371762143027,0.0020763130126961434,890,891,1,4,2,2,6,6,494,397,749
648,16,16,647,647,0,26,26,760,760,0,0.0002382654276864427,0.0002382654276864427,598,598,0,-1,3,3,4,1,507,711,651
649,100,100,904,904,0,100,100,965,965,0,0.02920453385070969,0.02920453385070969,999,999,0,-1,1,1,6,28,465,41,849
650,113,113,955,955,0,28,28,833,833,0,0.00442492937131965,0.00442492937131965,949,949,0,-1,3,3,3,27,600,25,520
651,141,243,950,977,27,76,76,943,943,0,0.0036760951700194017,0.003778208924742163,937,939,2,4,2,2,6,34,594,89,380
652,0,102,1,913,912,0,8,1,382,381,0.0,0.0004084550188910446,1,673,672,4,-1,5,5,0,701,952,209
653,22,22,698,698,0,20,20,587,587,0,0.0005786446100956465,0.0005786446100956465,735,735,0,-1,4,4,4,8,539,90,903
654,1,617,333,995,662,8,38,333,631,298,3.4037918240920386e-05,0.002825147213996392,397,917,520,2,6,3,8,1,440,437,44
655,8,8,545,545,0,14,14,579,579,0,0.00017018959120460194,0.00017018959120460194,543,543,0,-1,4,4,3,3,903,263,865
656,99,305,896,977,81,52,52,731,731,0,0.0013615167296368155,0.005003573981415297,838,954,116,3,3,3,7,22,364,116,20
657,6,6,396,396,0,21,21,395,395,0,3.4037918240920386e-05,3.4037918240920386e-05,399,399,0,-1,4,4,11,1,162,896,825
658,6,6,442,442,0,26,26,603,603,0,0.00013615167296368154,0.00013615167296368154,524,524,0,-1,4,4,5,1,382,655,733
659,120,222,923,973,50,70,70,892,892,0,0.002927260968719153,0.002927260968719153,917,917,0,4,3,3,5,18,408,55,544
660,8,214,544,973,429,30,30,721,721,0,0.00017018959120460194,0.0004765308553728854,551,701,150,3,4,4,5,3,376,541,700
661,137,137,946,946,0,56,56,843,843,0,0.0031314884781646754,0.0031314884781646754,929,929,0,-1,3,3,6,19,322,135,533
662,34,34,708,708,0,102,102,773,773,0,0.00037441710065012424,0.00037441710065012424,663,663,0,-1,3,3,12,6,226,379,824
663,44,146,849,965,116,46,46,968,968,0,0.0029612988869600733,0.0030634126416828346,927,933,6,4,2,2,2,3,705,173,667
664,33,134,817,961,144,22,22,816,816,0,0.0014295925661186562,0.001599782157323258,854,866,12,5,3,3,2,7,986,630,384
665,116,217,934,972,38,44,44,859,859,0,0.0024166921951053475,0.0024166921951053475,904,904,0,5,3,3,4,20,313,95,495
666,0,0,1,1,0,0,0,1,1,0,0.0,0.0,1,1,0,-1,-1,-1,6,0,606,976,423
667,125,331,914,978,64,76,76,773,773,0,0.0017359338302869397,0.002212464685659825,860,895,35,3,3,3,10,22,427,116,328
668,0,206,1,963,962,0,19,1,460,459,0.0,0.0002042275094455223,1,588,587,3,-1,4,8,0,318,651,510
669,6,212,426,971,545,16,20,492,547,55,0.0,0.0018380475850097008,1,872,871,3,4,4,4,1,540,449,35
670,0,206,1,971,970,0,14,1,532,531,0.0,0.0019741992579733825,1,871,870,3,-1,4,3,0,554,934,111
671,2,104,370,947,577,3,4,373,416,43,0.0,0.0002042275094455223,1,571,570,4,5,5,2,2,618,690,194
672,4,4,432,432,0,8,8,425,425,0,6.807583648184077e-05,6.807583648184077e-05,449,449,0,-1,5,5,4,2,675,547,502
673,22,228,668,973,305,40,40,706,706,0,0.0007147962830593281,0.0013615167296368155,771,849,78,3,3,3,5,4,408,143,327
674,0,206,1,965,964,0,10,1,439,438,0.0,0.0008169100377820892,1,783,782,3,-1,4,3,0,634,921,139
675,14,220,535,957,422,30,34,480,511,31,3.4037918240920386e-05,6.807583648184077e-05,410,443,33,3,4,4,10,4,109,581,121
676,1,103,330,954,624,3,4,330,386,56,0.0,0.0009530617107457708,1,813,812,4,6,5,3,3,918,676,174
677,6,212,449,972,523,18,22,529,563,34,0.0002382654276864427,0.0009190237925048504,593,786,193,3,4,4,5,1,534,527,440
678,0,0,1,1,0,0,0,1,1,0,0.0,0.0,1,1,0,-1,-1,-1,8,0,415,686,852
679,0,102,1,937,936,0,4,1,394,393,0.0,0.00010211375472276115,1,486,485,4,-1,5,2,0,598,839,274
680,30,131,742,928,186,46,46,690,690,0,0.00030634126416828345,0.00030634126416828345,622,622,0,6,3,3,8,5,158,252,344
681,5,5,381,381,0,28,28,389,389,0,0.00017018959120460194,0.00017018959120460194,532,532,0,-1,5,5,16,3,145,411,446
682,12,218,584,971,387,16,20,489,534,45,0.0002723033459273631,0.0006126825283365669,606,739,133,3,4,4,6,5,399,562,505
683,30,236,774,979,205,10,10,494,494,0,0.0004765308553728854,0.0012253650566731338,699,844,145,3,4,4,3,9,627,198,92
684,27,27,813,813,0,19,19,842,842,0,0.0010892133837094523,0.0010892133837094523,832,832,0,-1,3,3,3,9,877,391,228
685,0,0,1,1,0,0,0,1,1,0,0.0,0.0,1,1,0,-1,-1,-1,3,0,674,798,918
686,0,0,1,1,0,0,0,1,1,0,0.0,0.0,1,1,0,-1,-1,-1,5,0,552,956,843
687,1,1,333,333,0,8,8,333,333,0,0.0,0.0,1,1,0,-1,7,7,8,1,380,469,909
688,14,220,554,959,405,42,42,568,568,0,0.0002382654276864427,0.0009870996289866913,590,796,206,3,4,4,9,3,276,301,387
689,6,6,419,419,0,22,22,477,477,0,0.00010211375472276115,0.00010211375472276115,490,490,0,-1,4,4,8,1,468,799,871
690,40,141,855,970,115,8,8,555,555,0,0.0014636304843595766,0.0015657442390823377,868,875,7,5,4,4,2,17,806,60,689
691,0,102,1,930,929,0,6,1,411,410,0.0,0.00034037918240920387,1,652,651,4,-1,5,3,0,833,845,667
692,0,206,1,975,974,0,12,1,482,481,0.0,0.0007828721195411688,1,773,772,3,-1,4,4,0,660,445,366
693,0,616,1,993,992,0,72,1,748,747,0.0,0.003608019333537561,1,940,939,2,-1,3,10,0,293,520,111
694,0,101,1,946,945,0,2,1,331,330,0.0,6.807583648184077e-05,1,458,457,5,-1,6,2,0,957,926,891
695,4,4,394,394,0,23,23,386,386,0,3.4037918240920386e-05,3.4037918240920386e-05,396,396,0,-1,5,5,15,2,32,694,254
696,0,102,1,893,892,0,12,1,377,376,0.0,6.807583648184077e-05,1,451,450,4,-1,5,8,3,186,478,317
697,0,616,1,986,985,0,96,1,534,533,0.0,0.001497668402600497,1,853,852,2,-1,3,23,0,8,844,117
698,269,269,955,955,0,302,302,949,949,0,0.002757071377514551,0.002757071377514551,911,911,0,-1,2,2,20,23,5,117,872
699,34,136,866,977,111,12,12,759,759,0,0.0010211375472276116,0.0016338200755641784,824,873,49,4,4,4,2,12,782,172,243
700,0,206,1,979,978,0,8,1,589,588,0.0,0.00176997174852786,1,889,888,3,-1,4,2,0,283,800,98
701,0,101,1,906,905,0,6,1,332,331,0.0,0.0,1,1,0,6,-1,7,6,0,441,977,663
702,49,151,799,933,134,52,52,707,707,0,0.0006467204465774873,0.0006467204465774873,745,745,0,4,3,3,7,10,246,272,518
703,484,484,999,999,0,48,48,960,960,0,0.016712617856291908,0.016712617856291908,994,994,0,-1,3,3,3,130,707,3,947
704,32,238,821,980,159,32,32,911,911,0,0.0012253650566731338,0.0020422750944552232,841,896,55,3,3,3,2,3,734,525,79
705,133,749,917,997,80,114,114,894,894,0,0.002382654276864427,0.0029612988869600733,902,922,20,2,3,3,9,18,192,82,407
706,16,117,590,926,336,30,30,551,551,0,0.00034037918240920387,0.00037441710065012424,642,651,9,5,4,4,7,4,361,365,593
707,6,212,409,962,553,26,30,571,630,59,0.00013615167296368154,0.00030634126416828345,508,627,119,3,4,4,5,1,793,474,389
708,6,107,424,908,484,26,26,517,517,0,0.0002723033459273631,0.0002723033459273631,610,610,0,5,4,4,7,1,343,810,743
709,12,114,576,922,346,14,14,473,473,0,0.00010211375472276115,0.00037441710065012424,485,668,183,4,4,4,5,5,524,350,124
710,32,32,799,799,0,24,24,696,696,0,0.0014295925661186562,0.0014295925661186562,853,853,0,-1,4,4,4,14,563,190,766
711,38,38,741,741,0,60,60,669,669,0,0.0011232513019503727,0.0011232513019503727,819,819,0,-1,3,3,9,10,269,272,907
712,0,0,1,1,0,0,0,1,1,0,0.0,0.0,1,1,0,-1,-1,-1,4,0,461,571,733
713,0,616,1,997,996,0,24,1,693,692,0.0,0.002757071377514551,1,919,918,2,-1,3,3,0,892,976,141
714,0,206,1,978,977,0,7,1,505,504,0.0,0.00030634126416828345,1,628,627,3,-1,4,2,0,937,951,453
715,3,3,427,427,0,10,10,435,435,0,6.807583648184077e-05,6.807583648184077e-05,459,459,0,-1,5,5,5,3,688,761,900
716,24,126,758,956,198,8,8,513,513,0,0.00037441710065012424,0.0005105687736138058,675,721,46,4,4,4,2,11,757,316,504
717,17,17,673,673,0,8,8,528,528,0,0.0002723033459273631,0.0002723033459273631,623,623,0,-1,4,4,2,6,932,368,774
718,2,208,356,963,607,14,22,409,495,86,6.807583648184077e-05,0.0007147962830593281,460,759,299,3,5,4,7,2,510,654,273
719,6,212,408,963,555,27,48,458,598,140,0.0,0.0026889955410327104,1,912,911,3,4,4,10,1,211,878,17
720,140,242,940,969,29,82,82,881,881,0,0.002484768031587188,0.002586881786309949,910,914,4,4,3,3,7,20,156,38,625
721,4,4,451,451,0,4,4,439,439,0,6.807583648184077e-05,6.807583648184077e-05,455,455,0,-1,5,5,2,3,988,585,819
722,0,101,1,945,944,0,2,1,332,331,0.0,0.0002042275094455223,1,577,576,5,-1,6,2,0,232,702,474
723,21,21,778,778,0,18,18,742,742,0,0.0007147962830593281,0.0007147962830593281,771,771,0,-1,4,4,3,11,922,118,978
724,2,2,351,351,0,22,22,362,362,0,3.4037918240920386e-05,3.4037918240920386e-05,401,401,0,-1,5,5,19,1,48,543,611
725,0,0,1,1,0,0,0,1,1,0,0.0,0.0,1,1,0,-1,-1,-1,5,0,843,731,548
726,22,228,629,959,330,64,64,634,634,0,0.0002042275094455223,0.0006126825283365669,564,728,164,3,3,3,11,2,150,697,240
727,142,244,956,982,26,28,28,809,809,0,0.003778208924742163,0.00445896728956057,941,950,9,4,3,3,3,48,863,56,277
728,0,616,1,990,989,0,121,1,535,534,0.0,0.0005446066918547262,1,686,685,2,-1,3,36,0,16,915,338
729,307,307,977,977,0,160,160,991,991,0,0.00793083495013445,0.00793083495013445,976,976,0,-1,2,2,7,34,246,20,778
730,28,28,760,760,0,34,34,704,704,0,0.00034037918240920387,0.00034037918240920387,662,662,0,-1,3,3,6,3,657,519,916
731,350,452,974,980,6,298,298,981,981,0,0.005956635692161067,0.006024711528642908,962,962,0,4,2,2,17,25,80,105,152
732,10,10,618,618,0,8,8,514,514,0,0.0002042275094455223,0.0002042275094455223,591,591,0,-1,4,4,2,6,924,392,753
733,0,0,1,1,0,0,0,1,1,0,0.0,0.0,1,1,0,-1,-1,-1,3,0,839,754,963
734,100,201,938,977,39,64,64,978,978,0,0.0030293747234419145,0.0030634126416828346,926,928,2,5,3,3,4,17,754,81,714
735,14,220,604,973,369,18,18,634,634,0,0.0005446066918547262,0.0034037918240920387,730,931,201,3,4,4,3,5,726,589,76
736,20,20,682,682,0,26,26,619,619,0,0.0002382654276864427,0.0002382654276864427,608,608,0,-1,4,4,5,6,464,379,814
737,6,6,529,529,0,8,8,564,564,0,3.4037918240920386e-05,3.4037918240920386e-05,404,404,0,-1,4,4,2,1,890,577,735
738,0,206,1,964,963,0,24,1,552,551,0.0,0.0012594029749140542,1,836,835,3,-1,4,6,0,251,822,62
739,99,201,888,967,79,88,88,888,888,0,0.0017018959120460194,0.0019061234214915416,855,868,13,4,3,3,8,12,449,58,391
740,0,616,1,992,991,0,52,1,568,567,0.0,0.0027911092957554717,1,913,912,2,-1,3,11,0,150,542,65
741,16,118,686,941,255,26,26,787,787,0,0.0002042275094455223,0.00034037918240920387,576,670,94,4,3,3,4,2,827,544,840
742,0,102,1,894,893,0,10,1,353,352,0.0,3.4037918240920386e-05,1,389,388,4,-1,5,9,1,316,641,763
743,26,26,718,718,0,36,36,644,644,0,0.0005446066918547262,0.0005446066918547262,725,725,0,-1,4,4,6,5,387,418,816
744,23,125,682,928,246,28,28,683,683,0,0.000442492937131965,0.0004765308553728854,679,695,16,4,3,3,3,3,731,291,829
745,0,102,1,931,930,0,4,1,361,360,0.0,6.807583648184077e-05,1,448,447,4,-1,5,3,2,901,709,648
746,0,102,1,961,960,0,3,1,383,382,0.0,0.00010211375472276115,1,496,495,4,-1,5,2,0,799,988,149
747,20,20,686,686,0,18,18,525,525,0,0.0006807583648184077,0.0006807583648184077,753,753,0,-1,4,4,5,4,524,333,884
748,419,625,983,994,11,254,254,990,990,0,0.008271214132543654,0.008271214132543654,971,971,0,3,2,2,12,57,58,50,503
749,0,0,1,1,0,0,0,1,1,0,0.0,0.0,1,1,0,-1,-1,-1,3,1,668,472,905
750,0,102,1,887,886,0,13,1,353,352,0.0,0.0,1,1,0,4,-1,5,12,0,58,864,615
751,6,107,463,935,472,10,10,516,516,0,6.807583648184077e-05,6.807583648184077e-05,448,448,0,6,4,4,3,1,710,481,764
752,0,616,1,997,996,0,26,1,735,734,0.0,0.0028591851322373124,1,915,914,2,-1,3,4,3,545,854,68
753,0,0,1,1,0,0,0,1,1,0,0.0,0.0,1,1,0,-1,-1,-1,3,0,911,766,877
754,6,108,390,886,496,24,24,424,424,0,0.00017018959120460194,0.00017018959120460194,535,535,0,4,4,4,10,1,285,360,530
755,44,145,840,961,121,22,22,792,792,0,0.0013955546478777359,0.0013955546478777359,848,848,0,5,3,3,2,6,937,377,274
756,84,700,843,993,150,126,126,786,786,0,0.0006807583648184077,0.0012253650566731338,750,831,81,2,3,3,15,8,32,187,700
757,20,636,768,1000,232,12,22,664,843,179,0.0006467204465774873,0.004833384390210695,757,957,200,2,4,3,2,8,781,186,413
758,2,2,387,387,0,3,3,392,392,0,0.0,0.0,1,1,0,-1,5,5,2,2,868,342,979
759,2,2,355,355,0,11,11,388,388,0,0.0,0.0,1,1,0,-1,5,5,6,1,368,449,852
760,28,234,736,975,239,28,28,725,725,0,0.0009190237925048504,0.001497668402600497,809,860,51,3,3,3,3,3,687,507,272
761,0,101,1,869,868,0,17,1,331,330,0.0,0.0,1,1,0,5,-1,6,17,0,103,988,781
762,6,212,414,961,547,18,22,442,478,36,3.4037918240920386e-05,0.0004084550188910446,406,681,275,3,4,4,7,1,417,661,233
763,63,165,817,930,113,96,96,716,716,0,0.0005786446100956465,0.0006467204465774873,717,729,12,4,3,3,14,8,268,187,648
764,22,124,703,944,241,24,24,689,689,0,0.0009530617107457708,0.0009530617107457708,808,808,0,4,4,4,4,6,562,114,361
765,0,0,1,1,0,0,0,1,1,0,0.0,0.0,1,1,0,-1,-1,-1,7,0,141,977,979
766,24,24,633,633,0,55,55,494,494,0,0.00017018959120460194,0.00017018959120460194,550,550,0,-1,3,3,17,3,24,534,852
767,8,624,539,997,458,12,30,497,755,258,0.00013615167296368154,0.005786446100956465,517,962,445,2,4,3,4,2,673,244,25
768,0,101,1,893,892,0,9,1,332,331,0.0,0.0,1,1,0,5,-1,6,9,0,245,987,748
769,6,108,433,917,484,20,20,511,511,0,0.00013615167296368154,0.0002382654276864427,520,596,76,4,4,4,6,1,295,899,791
770,2,104,363,920,557,7,8,395,423,28,0.00013615167296368154,0.0002042275094455223,517,576,59,4,5,5,4,1,453,537,504
771,1,1,332,332,0,2,2,332,332,0,0.0,0.0,1,1,0,-1,7,7,2,3,909,181,808
772,0,0,1,1,0,0,0,1,1,0,0.0,0.0,1,1,0,-1,-1,-1,15,0,124,673,858
773,0,102,1,924,923,0,8,1,406,405,0.0,0.00037441710065012424,1,667,666,4,-1,5,5,0,435,812,46
774,0,0,1,1,0,0,0,1,1,0,0.0,0.0,1,1,0,-1,-1,-1,4,0,550,944,845
775,0,206,1,955,954,0,20,1,412,411,0.0,0.0002382654276864427,1,588,587,3,-1,4,9,1,274,641,609
776,8,214,533,973,440,20,20,567,567,0,0.0002723033459273631,0.0013955546478777359,618,850,232,3,4,4,4,4,460,551,66
777,0,101,1,928,927,0,5,1,332,331,0.0,0.0,1,1,0,5,-1,6,5,0,727,946,560
778,2,208,350,947,597,16,49,350,489,139,0.0,0.0007147962830593281,1,740,739,3,5,4,15,3,107,708,405
779,12,114,568,922,354,32,32,630,630,0,0.0006807583648184077,0.0011232513019503727,761,820,59,4,4,4,6,2,402,475,482
780,0,206,1,929,928,0,67,1,393,392,0.0,0.0002042275094455223,1,543,542,3,-1,4,36,1,16,835,309
781,0,102,1,900,899,0,5,1,354,353,0.0,3.4037918240920386e-05,1,394,393,4,-1,5,4,0,300,923,476
782,125,125,931,931,0,80,80,932,932,0,0.003369753905851118,0.003369753905851118,933,933,0,-1,2,2,6,17,515,85,830
783,30,30,679,679,0,62,62,663,663,0,0.0005786446100956465,0.0005786446100956465,706,706,0,-1,3,3,10,4,109,333,843
784,0,101,1,944,943,0,2,1,331,330,0.0,0.00010211375472276115,1,498,497,5,-1,6,2,0,986,922,576
785,0,616,1,997,996,0,21,1,672,671,0.0,0.00176997174852786,1,875,874,2,-1,3,4,0,520,994,153
786,0,206,1,962,961,0,10,1,399,398,0.0,0.0002723033459273631,1,609,608,3,-1,4,5,0,349,880,509
787,35,35,755,755,0,38,38,573,573,0,0.0007147962830593281,0.0007147962830593281,743,743,0,-1,4,4,9,8,339,284,882
788,6,212,404,953,549,42,42,556,556,0,6.807583648184077e-05,0.00010211375472276115,445,474,29,3,4,4,9,1,123,561,609
789,0,102,1,961,960,0,4,1,454,453,0.0,0.0010211375472276116,1,827,826,4,-1,5,2,0,481,894,180
790,0,206,1,973,972,0,11,1,465,464,0.0,0.00030634126416828345,1,626,625,3,-1,4,4,0,735,673,86
791,0,0,1,1,0,0,0,1,1,0,0.0,0.0,1,1,0,-1,-1,-1,4,0,822,784,685
792,0,206,1,961,960,0,22,1,470,469,0.0,0.0006467204465774873,1,737,736,3,-1,4,7,0,714,675,497
793,0,102,1,902,901,0,21,1,433,432,0.0,0.0004765308553728854,1,695,694,4,-1,5,11,0,261,872,273
794,7,1647,494,1000,506,26,68,523,822,299,6.807583648184077e-05,0.016202049082678104,446,989,543,1,4,2,7,2,170,680,113
795,41,247,741,958,217,98,98,686,686,0,0.00030634126416828345,0.0010211375472276116,627,802,175,3,3,3,14,9,127,240,190
796,66,168,846,952,106,52,52,739,739,0,0.0014636304843595766,0.0018040096667687805,844,869,25,4,3,3,7,15,398,206,507
797,3,105,422,923,501,9,10,389,403,14,0.0,3.4037918240920386e-05,1,406,405,4,5,5,6,2,657,430,547
798,0,206,1,963,962,0,14,1,436,435,0.0,0.0005105687736138058,1,719,718,3,-1,4,5,0,818,538,289
799,6,212,414,966,552,13,18,419,473,54,0.0,6.807583648184077e-05,1,440,439,3,4,4,6,1,624,717,325
800,0,102,1,945,944,0,6,1,439,438,0.0,6.807583648184077e-05,1,455,454,4,-1,5,3,0,485,848,354
801,16,16,586,586,0,24,24,475,475,0,0.0002723033459273631,0.0002723033459273631,606,606,0,-1,4,4,8,4,499,164,874
802,0,0,1,1,0,0,0,1,1,0,0.0,0.0,1,1,0,-1,-1,-1,7,0,472,754,808
803,6,6,481,481,0,10,10,493,493,0,0.00017018959120460194,0.00017018959120460194,559,559,0,-1,4,4,3,1,958,394,864
804,29,129,799,953,154,14,14,598,598,0,0.0006807583648184077,0.0008169100377820892,771,793,22,4,4,4,3,10,530,366,291
805,28,130,802,962,160,8,8,525,525,0,0.00037441710065012424,0.0005786446100956465,660,738,78,4,4,4,2,8,841,286,159
806,0,0,1,1,0,0,0,1,1,0,0.0,0.0,1,1,0,-1,-1,-1,4,1,597,693,620
807,143,143,934,934,0,92,92,906,906,0,0.003165526396405596,0.003165526396405596,928,928,0,-1,3,3,7,24,346,13,980
808,164,370,962,992,30,54,54,905,905,0,0.0037441710065012424,0.005514142755029102,938,962,24,3,3,3,4,30,650,75,65
809,16,222,644,974,330,24,28,674,721,47,0.00034037918240920387,0.0006467204465774873,652,737,85,3,3,3,5,1,601,463,52
810,52,154,882,974,92,22,22,837,837,0,0.002110350930937064,0.0026209197045508697,897,914,17,4,3,3,2,12,618,179,440
811,0,102,1,891,890,0,11,1,378,377,0.0,6.807583648184077e-05,1,452,451,4,-1,5,8,0,223,925,829
812,461,563,990,994,4,102,102,936,936,0,0.008066986623098132,0.008101024541339052,976,976,0,4,3,3,7,59,374,5,274
813,29,131,774,944,170,28,28,779,779,0,0.0008509479560230097,0.0009870996289866913,780,806,26,4,3,3,3,6,923,379,681
814,6,6,403,403,0,16,16,465,465,0,0.00013615167296368154,0.00013615167296368154,517,517,0,-1,4,4,4,1,503,661,839
815,16,118,671,945,274,24,24,779,779,0,0.0005446066918547262,0.0006126825283365669,730,743,13,4,3,3,3,1,433,404,719
816,0,206,1,983,982,0,10,1,587,586,0.0,0.004220701861874128,1,952,951,3,-1,4,3,0,915,974,21
817,28,1668,680,1000,320,58,112,568,802,234,0.00013615167296368154,0.009360427516253106,511,972,461,1,3,2,12,3,116,677,8
818,0,0,1,1,0,0,0,1,1,0,0.0,0.0,1,1,0,-1,-1,-1,11,1,215,948,814
819,5,211,419,961,542,14,38,405,598,193,3.4037918240920386e-05,0.0024166921951053475,403,907,504,3,5,4,7,3,678,534,39
820,20,20,650,650,0,32,32,569,569,0,0.0002042275094455223,0.0002042275094455223,571,571,0,-1,4,4,8,6,595,424,777
821,0,206,1,954,953,0,22,1,429,428,0.0,0.00017018959120460194,1,545,544,3,-1,4,10,0,258,960,689
822,0,102,1,905,904,0,8,1,380,379,0.0,0.0,1,1,0,4,-1,5,5,0,347,934,935
823,4,106,417,903,486,14,16,386,398,12,0.0,0.00010211375472276115,1,495,494,4,5,5,11,2,261,547,410
824,0,0,1,1,0,0,0,1,1,0,0.0,0.0,1,1,0,-1,-1,-1,12,0,143,847,794
825,0,102,1,945,944,0,5,1,378,377,0.0,6.807583648184077e-05,1,454,453,4,-1,5,4,0,754,565,810
826,8,110,527,927,400,20,20,575,575,0,0.0002723033459273631,0.00037441710065012424,616,658,42,4,4,4,4,3,758,541,697
827,31,132,777,944,167,20,20,609,609,0,0.0005446066918547262,0.0005446066918547262,718,718,0,5,4,4,4,8,403,187,460
828,0,206,1,970,969,0,10,1,467,466,0.0,0.002484768031587188,1,906,905,3,-1,4,3,1,839,852,76
829,1,1,333,333,0,17,17,333,333,0,0.0,0.0,1,1,0,-1,7,7,17,2,39,448,514
830,2,2,353,353,0,11,11,353,353,0,0.0,0.0,1,1,0,-1,5,5,10,1,153,924,792
831,0,0,1,1,0,0,0,1,1,0,0.0,0.0,1,1,0,-1,-1,-1,9,0,245,638,731
832,12,218,566,967,401,14,26,473,618,145,0.00010211375472276115,0.001157289220191293,495,825,330,3,4,4,5,4,338,645,180
833,6,6,389,389,0,35,35,472,472,0,3.4037918240920386e-05,3.4037918240920386e-05,399,399,0,-1,4,4,12,1,62,463,830
834,2,104,359,905,546,9,12,372,399,27,0.00013615167296368154,0.00030634126416828345,522,649,127,4,5,5,7,1,342,687,392
835,2,104,361,931,570,6,6,412,412,0,0.00010211375472276115,0.00017018959120460194,494,561,67,4,5,5,3,2,833,714,270
836,0,616,1,990,989,0,76,1,648,647,0.0,0.002144388849177984,1,887,886,2,-1,3,13,0,160,774,119
837,0,206,1,950,949,0,30,1,490,489,0.0,0.0015657442390823377,1,851,850,3,-1,4,9,0,277,800,72
838,24,24,661,661,0,60,60,644,644,0,0.0005786446100956465,0.0005786446100956465,718,718,0,-1,3,3,11,3,155,351,912
839,63,165,868,962,94,54,54,914,914,0,0.0011232513019503727,0.0013274788113958951,820,837,17,4,3,3,4,12,424,155,899
840,8,8,527,527,0,16,16,526,526,0,0.0,0.0,1,1,0,-1,4,4,4,3,512,434,367
841,0,206,1,964,963,0,13,1,452,451,0.0,0.0002382654276864427,1,591,590,3,-1,4,5,1,773,852,494
842,54,54,799,799,0,76,76,744,744,0,0.001055175465468532,0.001055175465468532,810,810,0,-1,3,3,10,8,254,264,542
843,41,142,911,985,74,12,12,819,819,0,0.0024507301133462676,0.002552843868069029,927,929,2,5,4,4,2,15,956,36,512
844,16,16,637,637,0,22,22,557,557,0,0.00034037918240920387,0.00034037918240920387,668,668,0,-1,4,4,5,6,616,424,235
845,0,0,1,1,0,0,0,1,1,0,0.0,0.0,1,1,0,-1,-1,-1,4,1,566,529,962
846,108,724,937,1000,63,40,50,806,855,49,0.004050512270669526,0.005956635692161067,940,964,24,2,3,3,5,29,602,142,131
847,2,104,383,955,572,3,4,390,427,37,6.807583648184077e-05,0.0002042275094455223,445,580,135,4,5,5,2,1,946,360,202
848,74,74,834,834,0,100,100,712,712,0,0.00088498587426393,0.00088498587426393,781,781,0,-1,2,2,14,5,144,314,977
849,2,2,349,349,0,13,13,378,378,0,0.0,0.0,1,1,0,-1,5,5,8,1,434,265,773
850,0,102,1,886,885,0,15,1,385,384,0.0,0.00013615167296368154,1,506,505,4,-1,5,9,3,262,746,385
851,9,9,526,526,0,24,24,519,519,0,6.807583648184077e-05,6.807583648184077e-05,453,453,0,-1,4,4,6,3,352,508,953
852,0,206,1,977,976,0,10,1,531,530,0.0,0.0010211375472276116,1,809,808,3,-1,4,3,0,854,822,389
853,2,104,352,878,526,22,26,384,395,11,0.0,0.0002042275094455223,1,559,558,4,5,5,14,1,154,896,810
854,59,59,852,852,0,30,30,746,746,0,0.001157289220191293,0.001157289220191293,822,822,0,-1,3,3,4,17,659,131,970
855,20,122,612,903,291,50,50,550,550,0,0.0002382654276864427,0.000442492937131965,585,678,93,4,4,4,11,6,188,258,392
856,14,116,572,918,346,22,22,521,521,0,0.00030634126416828345,0.00030634126416828345,627,627,0,4,4,4,5,4,349,450,231
857,41,41,858,858,0,14,14,736,736,0,0.0011913271384322134,0.0011913271384322134,836,836,0,-1,4,4,3,18,918,148,729
858,106,106,911,911,0,64,64,925,925,0,0.002757071377514551,0.002757071377514551,918,918,0,-1,3,3,4,12,509,104,455
859,2,618,355,994,639,8,24,371,520,149,0.0,0.0009530617107457708,1,793,792,2,5,3,6,1,255,736,420
860,98,199,870,952,82,112,112,904,904,0,0.0020082371762143027,0.0020422750944552232,877,879,2,5,3,3,11,18,248,54,603
861,6,622,434,997,563,17,42,516,815,299,0.00013615167296368154,0.003608019333537561,514,938,424,2,4,3,5,1,476,891,74
862,70,172,874,961,87,54,54,910,910,0,0.0028932230504782326,0.003982436434187685,924,939,15,4,2,2,4,12,655,159,71
863,0,206,1,958,957,0,26,1,482,481,0.0,0.0004765308553728854,1,698,697,3,-1,4,9,1,289,554,80
864,0,206,1,976,975,0,14,1,572,571,0.0,0.0007147962830593281,1,765,764,3,-1,4,3,0,756,880,296
865,47,663,815,997,182,50,60,830,866,36,0.0012253650566731338,0.0034037918240920387,825,936,111,2,3,3,5,12,701,67,352
866,2,2,357,357,0,9,9,391,391,0,0.0,0.0,1,1,0,-1,5,5,5,2,818,662,820
867,6,108,508,956,448,8,8,539,539,0,3.4037918240920386e-05,0.0004084550188910446,405,673,268,4,4,4,2,1,809,935,160
868,16,16,645,645,0,24,24,725,725,0,0.00034037918240920387,0.00034037918240920387,647,647,0,-1,3,3,3,1,836,666,850
869,47,47,874,874,0,14,14,736,736,0,0.0015657442390823377,0.0015657442390823377,863,863,0,-1,4,4,3,15,918,92,445
870,6,212,408,956,548,41,45,529,552,23,0.0002382654276864427,0.000442492937131965,593,684,91,3,4,4,11,1,224,840,263
871,3,105,413,907,494,10,10,410,410,0,0.0,0.00017018959120460194,1,558,557,4,5,5,5,2,474,364,317
872,0,102,1,920,919,0,6,1,357,356,0.0,0.00010211375472276115,1,478,477,4,-1,5,5,0,452,888,724
873,0,206,1,969,968,0,12,1,475,474,0.0,0.0006467204465774873,1,739,738,3,-1,4,4,0,783,918,207
874,0,102,1,901,900,0,10,1,372,371,0.0,3.4037918240920386e-05,1,399,398,4,-1,5,7,0,416,740,370
875,16,117,475,880,405,146,146,594,594,0,3.4037918240920386e-05,3.4037918240920386e-05,401,401,0,7,3,3,35,1,20,718,765
876,15,15,666,666,0,20,20,675,675,0,0.0002723033459273631,0.0002723033459273631,615,615,0,-1,4,4,4,5,480,454,948
877,2,208,366,971,605,10,18,427,528,101,0.00010211375472276115,0.000442492937131965,485,680,195,3,5,4,5,2,534,532,173
878,11,112,585,932,347,8,8,426,426,0,0.0002382654276864427,0.0002382654276864427,598,598,0,7,5,5,4,9,787,317,469
879,16,222,544,952,408,78,78,667,667,0,0.00013615167296368154,0.0006126825283365669,518,725,207,3,3,3,12,1,44,168,169
880,0,102,1,940,939,0,4,1,411,410,0.0,0.00010211375472276115,1,498,497,4,-1,5,2,1,804,949,164
881,135,237,931,970,39,68,68,856,856,0,0.0027911092957554717,0.002995336805200994,919,923,4,4,3,3,7,26,416,112,236
882,6,6,400,400,0,22,22,387,387,0,3.4037918240920386e-05,3.4037918240920386e-05,404,404,0,-1,4,4,14,1,130,543,871
883,48,149,795,931,136,108,108,904,904,0,0.00176997174852786,0.0018040096667687805,870,872,2,5,2,2,9,4,217,288,543
884,0,0,1,1,0,0,0,1,1,0,0.0,0.0,1,1,0,-1,-1,-1,10,0,355,517,772
885,2,103,358,897,539,12,12,373,373,0,0.0,0.0,1,1,0,5,5,5,9,1,190,788,736
886,1,1,332,332,0,2,2,332,332,0,0.0,0.0,1,1,0,-1,6,6,2,1,775,837,995
887,0,101,1,953,952,0,3,1,329,328,0.0,6.807583648184077e-05,1,455,454,5,-1,6,3,0,918,886,749
888,0,102,1,957,956,0,4,1,445,444,0.0,0.0004084550188910446,1,679,678,4,-1,5,2,0,985,725,234
889,68,169,844,948,104,96,96,929,929,0,0.002280540522141666,0.0023486163586235067,896,901,5,5,2,2,7,11,637,118,476
890,0,616,1,996,995,0,42,1,664,663,0.0,0.001497668402600497,1,849,848,2,-1,3,8,0,449,821,92
891,19,121,655,930,275,26,26,582,582,0,0.0005446066918547262,0.0006467204465774873,722,747,25,4,4,4,5,7,531,427,661
892,1,103,333,917,584,5,7,333,379,46,0.0,0.0002042275094455223,1,578,577,4,6,5,5,3,464,748,609
893,0,1640,1,1000,999,0,50,1,899,898,0.0,0.027808979202831954,1,996,995,1,-1,2,4,1,694,767,98
894,18,224,670,973,303,30,30,751,751,0,0.0004765308553728854,0.0015317063208414173,703,863,160,3,3,3,4,2,631,363,234
895,15,117,681,952,271,8,8,514,514,0,0.00013615167296368154,0.0010892133837094523,533,835,302,4,4,4,2,7,976,115,59
896,0,101,1,929,928,0,4,1,331,330,0.0,0.0,1,1,0,5,-1,6,4,1,811,641,885
897,14,115,659,940,281,13,13,620,620,0,0.0002723033459273631,0.000442492937131965,621,690,69,5,4,4,3,5,856,688,646
898,15,15,715,715,0,20,20,741,741,0,0.001157289220191293,0.001157289220191293,839,839,0,-1,4,4,4,4,860,185,546
899,82,82,842,842,0,124,124,792,792,0,0.0006807583648184077,0.0006807583648184077,756,756,0,-1,3,3,14,9,198,154,926
900,0,0,1,1,0,0,0,1,1,0,0.0,0.0,1,1,0,-1,-1,-1,3,0,651,925,998
901,0,206,1,963,962,0,22,1,538,537,0.0,0.0026209197045508697,1,914,913,3,-1,4,5,0,531,860,28
902,2,2,374,374,0,4,4,429,429,0,3.4037918240920386e-05,3.4037918240920386e-05,403,403,0,-1,5,5,2,2,895,648,569
903,0,102,1,883,882,0,13,1,365,364,0.0,0.00013615167296368154,1,505,504,4,-1,5,10,0,240,644,592
904,0,0,1,1,0,0,0,1,1,0,0.0,0.0,1,1,0,-1,-1,-1,13,0,228,758,445
905,267,267,962,962,0,218,218,952,952,0,0.003642057251778481,0.003642057251778481,939,939,0,-1,2,2,14,24,122,13,629
906,31,132,811,958,147,28,28,831,831,0,0.0015657442390823377,0.0017359338302869397,862,877,15,5,3,3,3,6,642,289,398
907,56,157,869,966,97,12,12,602,602,0,0.001497668402600497,0.0015657442390823377,865,869,4,5,4,4,2,16,954,78,495
908,0,206,1,958,957,0,37,1,557,556,0.0,0.0009530617107457708,1,795,794,3,-1,4,9,1,389,830,67
909,2,208,368,975,607,5,14,391,562,171,0.0,0.0026889955410327104,1,911,910,3,5,4,3,1,829,639,39
910,18,224,614,964,350,48,48,630,630,0,0.00030634126416828345,0.0011913271384322134,624,817,193,3,3,3,9,2,394,323,171
911,0,102,1,916,915,0,5,1,359,358,0.0,6.807583648184077e-05,1,452,451,4,-1,5,4,0,783,889,531
912,2,2,362,362,0,13,13,397,397,0,6.807583648184077e-05,6.807583648184077e-05,452,452,0,-1,5,5,7,1,346,594,813
913,0,101,1,922,921,0,4,1,331,330,0.0,0.0002382654276864427,1,590,589,5,-1,6,4,0,767,737,121
914,113,214,937,974,37,52,52,964,964,0,0.003710133088260322,0.003710133088260322,940,940,0,5,2,2,3,23,588,117,592
915,0,206,1,964,963,0,15,1,429,428,0.0,0.0,1,1,0,3,-1,4,7,0,525,356,434
916,29,235,769,976,207,34,34,742,742,0,0.00088498587426393,0.0009190237925048504,795,800,5,3,3,3,4,6,558,432,680
917,0,102,1,889,888,0,14,1,380,379,0.0,0.00010211375472276115,1,468,467,4,-1,5,8,0,244,358,491
918,25,231,773,977,204,16,20,566,643,77,0.000442492937131965,0.0028591851322373124,707,922,215,3,4,4,4,9,728,198,8
919,1,102,332,947,615,2,2,332,332,0,0.0,0.00030634126416828345,1,651,650,5,6,6,2,3,684,181,670
920,96,96,881,881,0,104,104,906,906,0,0.0026209197045508697,0.0026209197045508697,904,904,0,-1,3,3,9,19,388,297,798
921,57,57,850,850,0,28,28,710,710,0,0.0010892133837094523,0.0010892133837094523,824,824,0,-1,3,3,3,11,892,97,539
922,0,206,1,952,951,0,31,1,471,470,0.0,0.0002382654276864427,1,591,590,3,-1,4,10,0,189,723,389
923,0,102,1,919,918,0,8,1,363,362,0.0,6.807583648184077e-05,1,441,440,4,-1,5,7,0,697,702,319
924,6,6,453,453,0,18,18,630,630,0,0.0002042275094455223,0.0002042275094455223,581,581,0,-1,4,4,3,3,780,285,915
925,2,104,363,937,574,4,4,404,404,0,6.807583648184077e-05,0.0004765308553728854,451,718,267,4,5,5,2,1,904,607,795
926,14,116,585,920,335,30,30,569,569,0,0.0002042275094455223,0.0002382654276864427,572,597,25,4,4,4,7,5,497,395,899
927,22,124,662,919,257,30,30,539,539,0,0.00030634126416828345,0.00030634126416828345,625,625,0,4,4,4,7,6,221,516,687
928,6,212,422,960,538,36,36,510,510,0,0.00010211375472276115,0.0004084550188910446,483,680,197,3,4,4,10,1,293,322,452
929,30,132,781,950,169,36,36,797,797,0,0.0010211375472276116,0.0010211375472276116,807,807,0,4,3,3,5,6,695,377,419
930,0,0,1,1,0,0,0,1,1,0,0.0,0.0,1,1,0,-1,-1,-1,9,0,367,983,746
931,0,206,1,955,954,0,16,1,421,420,0.0,0.00017018959120460194,1,535,534,3,-1,4,7,0,436,388,791
932,0,101,1,931,930,0,3,1,331,330,0.0,0.0002042275094455223,1,575,574,5,-1,6,3,0,745,959,365
933,111,212,944,976,32,18,18,658,658,0,0.002995336805200994,0.002995336805200994,935,935,0,5,4,4,3,30,756,75,585
934,2,2,368,368,0,8,8,427,427,0,0.00010211375472276115,0.00010211375472276115,476,476,0,-1,5,5,4,1,563,334,914
935,0,101,1,946,945,0,2,1,331,330,0.0,3.4037918240920386e-05,1,414,413,5,-1,6,2,0,957,928,829
936,66,66,855,855,0,68,68,937,937,0,0.002484768031587188,0.002484768031587188,912,912,0,-1,2,2,4,6,540,289,779
937,206,822,936,995,59,292,302,922,935,13,0.002723033459273631,0.00353994349705572,908,930,22,2,2,2,23,20,4,95,204
938,2,2,356,356,0,7,7,356,356,0,0.0,0.0,1,1,0,-1,5,5,6,1,515,893,947
939,6,6,399,399,0,36,36,429,429,0,3.4037918240920386e-05,3.4037918240920386e-05,399,399,0,-1,4,4,16,1,78,238,746
940,73,279,899,985,86,56,56,976,976,0,0.003165526396405596,0.006467204465774873,928,968,40,3,2,2,2,6,925,490,50
941,0,206,1,953,952,0,22,1,400,399,0.0,0.00030634126416828345,1,617,616,3,-1,4,12,0,375,912,809
942,0,206,1,976,975,0,10,1,541,540,0.0,0.0013274788113958951,1,846,845,3,-1,4,3,0,674,737,133
943,16,1656,475,999,524,161,260,622,781,159,0.0002382654276864427,0.005377991082065421,581,951,370,1,3,2,35,1,20,810,261
944,223,429,969,990,21,70,70,933,933,0,0.005105687736138058,0.00527587732734266,953,955,2,3,3,3,5,50,691,33,493
945,1,102,330,980,650,2,2,330,330,0,0.0,0.00017018959120460194,1,575,574,5,6,6,2,2,955,575,266
946,126,332,920,977,57,104,104,880,880,0,0.0018720855032506212,0.0024507301133462676,881,906,25,3,3,3,9,17,147,45,187
947,0,101,1,929,928,0,2,1,331,330,0.0,0.00017018959120460194,1,553,552,5,-1,6,2,0,880,766,208
948,0,206,1,966,965,0,28,1,588,587,0.0,0.00088498587426393,1,804,803,3,-1,4,6,0,526,860,185
949,0,206,1,949,948,0,52,1,513,512,0.0,0.0007488342013002485,1,761,760,3,-1,4,14,0,198,769,92
950,0,206,1,977,976,0,12,1,626,625,0.0,0.0006126825283365669,1,751,750,3,-1,4,2,1,820,789,161
951,0,616,1,991,990,0,108,1,747,746,0.0,0.007624493685966166,1,972,971,2,-1,3,13,0,165,446,10
952,36,138,726,914,188,66,66,663,663,0,0.0004084550188910446,0.0004765308553728854,664,683,19,4,3,3,10,8,240,521,334
953,88,294,900,982,82,30,30,704,704,0,0.00176997174852786,0.002757071377514551,861,909,48,3,4,4,5,26,291,127,267
954,34,135,683,903,220,96,96,638,638,0,0.00037441710065012424,0.00037441710065012424,658,658,0,6,3,3,17,9,73,341,344
955,56,56,871,871,0,20,20,651,651,0,0.0016338200755641784,0.0016338200755641784,865,865,0,-1,4,4,4,16,603,78,860
956,0,102,1,891,890,0,17,1,360,359,0.0,0.00013615167296368154,1,505,504,4,-1,5,15,0,110,981,598
957,0,102,1,933,932,0,4,1,370,369,0.0,0.00013615167296368154,1,515,514,4,-1,5,3,0,615,731,444
958,0,206,1,964,963,0,19,1,489,488,0.0,0.00030634126416828345,1,638,637,3,-1,4,6,0,387,737,458
959,127,229,955,979,24,22,22,805,805,0,0.004118588107151367,0.004493005207801491,944,948,4,4,3,3,2,31,924,102,232
960,12,114,525,900,375,48,48,574,574,0,0.0002382654276864427,0.0002723033459273631,585,615,30,4,4,4,10,4,149,239,360
961,0,0,1,1,0,0,0,1,1,0,0.0,0.0,1,1,0,-1,-1,-1,6,1,98,789,865
962,8,110,592,957,365,12,12,682,682,0,0.0010892133837094523,0.0021784267674189047,830,901,71,4,4,4,2,3,715,559,71
963,26,128,659,902,243,106,106,713,713,0,0.00034037918240920387,0.00034037918240920387,634,634,0,4,3,3,18,4,29,86,878
964,75,75,939,939,0,8,8,638,638,0,0.0024507301133462676,0.0024507301133462676,917,917,0,-1,4,4,2,31,933,35,881
965,0,206,1,978,977,0,8,1,518,517,0.0,0.0015657442390823377,1,871,870,3,-1,4,2,1,992,814,95
966,6,6,421,421,0,15,15,399,399,0,0.0,0.0,1,1,0,-1,4,4,8,2,428,721,723
967,0,0,1,1,0,0,0,1,1,0,0.0,0.0,1,1,0,-1,-1,-1,4,0,453,956,990
968,311,517,978,991,13,78,78,968,968,0,0.008713707069675619,0.009360427516253106,978,980,2,3,2,2,4,45,391,77,138
969,0,0,1,1,0,0,0,1,1,0,0.0,0.0,1,1,0,-1,-1,-1,4,1,553,456,428
970,0,102,1,922,921,0,6,1,417,416,0.0,0.00034037918240920387,1,649,648,4,-1,5,3,0,855,812,308
971,5,211,459,973,514,7,15,405,554,149,0.00010211375472276115,0.0008509479560230097,500,789,289,3,5,4,4,3,423,311,471
972,14,115,626,939,313,20,20,662,662,0,0.00030634126416828345,0.00034037918240920387,641,657,16,5,4,4,4,4,824,315,739
973,0,102,1,906,905,0,9,1,377,376,0.0,0.00017018959120460194,1,541,540,4,-1,5,6,0,328,388,229
974,2,2,348,348,0,17,17,390,390,0,3.4037918240920386e-05,3.4037918240920386e-05,390,390,0,-1,5,5,10,2,259,654,955
975,9,110,643,965,322,4,4,439,439,0,0.000442492937131965,0.0005786446100956465,704,735,31,5,5,5,2,7,997,170,247
976,6,108,417,907,490,32,32,629,629,0,0.00013615167296368154,0.00013615167296368154,516,516,0,4,4,4,6,1,98,609,549
977,2,208,360,961,601,9,22,369,480,111,3.4037918240920386e-05,0.0010892133837094523,396,817,421,3,5,4,7,2,400,842,60
978,0,0,1,1,0,0,0,1,1,0,0.0,0.0,1,1,0,-1,-1,-1,4,0,755,744,823
979,8,214,495,955,460,24,44,431,559,128,0.00017018959120460194,0.0015317063208414173,545,856,311,3,4,4,10,3,125,646,297
980,0,102,1,886,885,0,10,1,355,354,0.0,0.0,1,1,0,4,-1,5,9,0,327,686,599
981,0,101,1,945,944,0,2,1,331,330,0.0,0.0,1,1,0,5,-1,6,2,0,998,548,392
982,94,300,835,961,126,226,226,879,879,0,0.0017018959120460194,0.0021784267674189047,865,885,20,3,2,2,22,11,55,193,192
983,0,206,1,961,960,0,15,1,430,429,0.0,3.4037918240920386e-05,1,399,398,3,-1,4,7,0,214,502,711
984,0,206,1,953,952,0,40,1,530,529,0.0,0.0013955546478777359,1,841,840,3,-1,4,12,0,219,939,117
985,0,102,1,892,891,0,13,1,371,370,0.0,0.00010211375472276115,1,473,472,4,-1,5,9,3,213,478,661
986,77,283,869,977,108,60,60,893,893,0,0.002825147213996392,0.0032336022328874367,916,925,9,3,3,3,5,12,667,172,312
987,0,102,1,979,978,0,3,1,457,456,0.0,0.0006467204465774873,1,771,770,4,-1,5,2,0,952,982,403
988,10,216,603,978,375,8,12,513,674,161,0.0002042275094455223,0.001157289220191293,572,834,262,3,4,4,2,4,757,398,92
989,1,207,333,966,633,6,13,333,434,101,3.4037918240920386e-05,0.00034037918240920387,397,648,251,3,7,4,6,3,518,181,121
990,0,102,1,909,908,0,12,1,386,385,0.0,0.0002723033459273631,1,608,607,4,-1,5,8,0,158,974,93
991,0,616,1,999,998,0,22,1,799,798,0.0,0.004663194799006093,1,948,947,2,-1,3,2,1,976,730,123
992,0,102,1,927,926,0,7,1,380,379,0.0,0.00017018959120460194,1,552,551,4,-1,5,5,0,574,620,677
993,0,0,1,1,0,0,0,1,1,0,0.0,0.0,1,1,0,-1,-1,-1,7,0,591,954,428
994,25,25,690,690,0,50,50,613,613,0,0.00013615167296368154,0.00013615167296368154,509,509,0,-1,3,3,10,5,293,241,725
995,0,0,1,1,0,0,0,1,1,0,0.0,0.0,1,1,0,-1,-1,-1,2,0,876,858,864
996,28,28,708,708,0,56,56,792,792,0,0.0015657442390823377,0.0015657442390823377,853,853,0,-1,3,3,6,4,498,281,740
997,0,0,1,1,0,0,0,1,1,0,0.0,0.0,1,1,0,-1,-1,-1,4,0,503,715,830
998,0,206,1,955,954,0,36,1,558,557,0.0,0.0018720855032506212,1,875,874,3,-1,4,8,0,334,867,157
999,1,1,333,333,0,5,5,333,333,0,0.0,0.0,1,1,0,-1,7,7,5,1,386,703,330
