,FreeNet_pre_score,FreeNet_post_score,FreeNet_pre_rank,FreeNet_post_rank,FreeNet_delta_ranks,Reversed_pre_score,Reversed_post_score,Reversed_pre_rank,Reversed_post_rank,Reversed_delta_ranks,Random_pre_score,Random_post_score,Random_pre_rank,Random_post_rank,Random_delta_ranks,dist_victim_relayer,dist_victim_vilain_pre,dist_victim_vilain_post,out_deg_victim,in_deg_villain,victim,villain,relayer
0,22,638,618,992,374,84,94,676,726,50,0.0002382654276864427,0.0022465026039007454,578,892,314,2,3,3,15,2,110,453,69
1,2,104,411,976,565,2,3,331,432,101,6.807583648184077e-05,0.0009870996289866913,453,815,362,4,6,5,2,2,973,408,213
2,9,215,535,969,434,12,16,472,522,50,0.00010211375472276115,0.0005446066918547262,482,736,254,3,4,4,4,5,547,710,237
3,0,0,1,1,0,0,0,1,1,0,0.0,0.0,1,1,0,-1,-1,-1,7,0,182,773,838
4,22,124,663,930,267,48,48,714,714,0,0.00088498587426393,0.0010211375472276116,783,804,21,4,3,3,7,2,400,475,613
5,32,238,724,969,245,70,70,774,774,0,0.0005105687736138058,0.0057524081827155455,699,961,262,3,3,3,9,7,395,237,24
6,31,31,816,816,0,12,12,671,671,0,0.0004084550188910446,0.0004084550188910446,683,683,0,-1,4,4,2,12,929,159,514
7,268,268,977,977,0,86,86,920,920,0,0.005990673610401988,0.005990673610401988,969,969,0,-1,3,3,6,34,514,20,911
8,6,622,395,994,599,42,110,486,783,297,0.0,0.005650294427992784,1,956,955,2,4,3,14,1,47,964,19
9,48,150,857,967,110,18,18,783,783,0,0.0013274788113958951,0.001940161339732462,847,890,43,4,3,3,2,15,816,137,138
10,2,2,370,370,0,3,3,371,371,0,0.0,0.0,1,1,0,-1,5,5,2,1,283,734,587
11,16,222,615,968,353,46,46,800,800,0,0.000442492937131965,0.002757071377514551,703,921,218,3,3,3,5,1,677,655,123
12,0,101,1,927,926,0,3,1,331,330,0.0,0.0,1,1,0,7,-1,8,3,0,626,821,640
13,60,266,836,974,138,52,52,761,761,0,0.0007147962830593281,0.0011913271384322134,758,826,68,3,3,3,7,13,413,340,415
14,60,162,868,959,91,52,52,960,960,0,0.003199564314646516,0.0033357159876101976,923,926,3,4,2,2,3,7,592,422,700
15,9,215,611,978,367,8,12,525,652,127,0.00010211375472276115,0.003369753905851118,493,934,441,3,4,4,2,3,975,214,33
16,23,639,674,995,321,50,64,686,769,83,0.00037441710065012424,0.002280540522141666,664,897,233,2,3,3,8,3,282,291,316
17,6,108,400,889,489,27,28,417,422,5,3.4037918240920386e-05,3.4037918240920386e-05,404,404,0,4,4,4,13,1,160,878,935
18,2,104,365,919,554,9,9,410,410,0,6.807583648184077e-05,0.0002723033459273631,450,622,172,4,5,5,5,1,464,862,287
19,6,6,406,406,0,19,19,383,383,0,0.0,0.0,1,1,0,-1,4,4,13,1,113,540,929
20,0,206,1,967,966,0,22,1,551,550,0.0,0.0010211375472276116,1,818,817,3,-1,4,5,0,677,778,151
21,0,101,1,901,900,0,7,1,331,330,0.0,0.0,1,1,0,5,-1,6,7,1,400,428,623
22,0,102,1,917,916,0,7,1,374,373,0.0,0.00017018959120460194,1,544,543,4,-1,5,5,0,766,847,121
23,20,121,725,947,222,18,18,692,692,0,0.000442492937131965,0.0004765308553728854,702,708,6,5,4,4,3,5,845,338,597
24,27,27,797,797,0,22,22,838,838,0,0.0019061234214915416,0.0019061234214915416,889,889,0,-1,3,3,2,5,702,393,889
25,8,110,572,947,375,7,8,507,514,7,3.4037918240920386e-05,0.0002723033459273631,399,611,212,4,4,4,2,3,713,580,655
26,77,179,881,960,79,44,44,820,820,0,0.0020422750944552232,0.0024166921951053475,886,903,17,4,3,3,4,14,235,84,284
27,0,616,1,994,993,0,44,1,574,573,0.0,0.0021784267674189047,1,887,886,2,-1,3,9,0,277,228,87
28,1,102,332,926,594,3,3,332,332,0,0.0,3.4037918240920386e-05,1,409,408,5,8,6,3,2,831,448,383
29,6,107,506,951,445,8,8,539,539,0,0.00013615167296368154,0.00013615167296368154,524,524,0,7,4,4,2,1,760,810,181
30,0,616,1,990,989,0,144,1,567,566,0.0,0.0017018959120460194,1,855,854,2,-1,3,36,0,16,918,91
31,58,264,808,966,158,88,88,691,691,0,0.0008169100377820892,0.0009870996289866913,770,797,27,3,3,3,15,7,138,218,222
32,16,16,644,644,0,28,28,796,796,0,0.0007488342013002485,0.0007488342013002485,772,772,0,-1,3,3,3,1,842,439,583
33,0,0,1,1,0,0,0,1,1,0,0.0,0.0,1,1,0,-1,-1,-1,4,1,633,641,983
34,4,106,461,955,494,4,4,430,430,0,0.0,0.0002042275094455223,1,574,573,4,5,5,2,3,702,300,278
35,22,124,728,944,216,30,30,746,746,0,0.0009530617107457708,0.0011232513019503727,807,825,18,4,4,4,5,8,744,497,188
36,0,206,1,958,957,0,26,1,506,505,0.0,0.0002723033459273631,1,613,612,3,-1,4,7,0,118,608,312
37,29,29,784,784,0,28,28,798,798,0,0.0006126825283365669,0.0006126825283365669,738,738,0,-1,3,3,3,5,903,510,976
38,290,290,983,983,0,80,80,943,943,0,0.006024711528642908,0.006024711528642908,967,967,0,-1,3,3,5,61,294,14,859
39,10,111,645,962,317,8,8,564,564,0,0.0004084550188910446,0.0004084550188910446,692,692,0,6,4,4,2,5,890,589,896
40,0,206,1,965,964,0,13,1,444,443,0.0,0.000442492937131965,1,677,676,3,-1,4,5,0,173,758,333
41,0,0,1,1,0,0,0,1,1,0,0.0,0.0,1,1,0,-1,-1,-1,3,0,585,871,856
42,10,216,552,970,418,22,22,578,578,0,0.0002382654276864427,0.0009190237925048504,584,797,213,3,4,4,5,3,502,704,49
43,110,726,879,992,113,210,220,888,899,11,0.0019061234214915416,0.00439089145307873,867,942,75,2,2,2,21,14,2,190,112
44,29,235,691,961,270,80,92,718,754,36,0.00034037918240920387,0.001599782157323258,652,856,204,3,3,3,12,5,187,454,68
45,357,357,991,991,0,48,48,942,942,0,0.013547091459886314,0.013547091459886314,990,990,0,-1,3,3,3,85,712,0,907
46,56,157,931,986,55,12,12,809,809,0,0.0018040096667687805,0.0024166921951053475,882,912,30,5,4,4,2,23,872,106,413
47,0,0,1,1,0,0,0,1,1,0,0.0,0.0,1,1,0,-1,-1,-1,4,0,597,981,745
48,0,0,1,1,0,0,0,1,1,0,0.0,0.0,1,1,0,-1,-1,-1,5,0,524,990,961
49,8,214,583,984,401,10,18,537,706,169,0.00010211375472276115,0.002280540522141666,492,901,409,3,4,4,3,2,798,251,94
50,26,26,752,752,0,8,8,528,528,0,0.0008169100377820892,0.0008169100377820892,794,794,0,-1,4,4,2,5,932,273,819
51,28,644,644,994,350,108,122,741,778,37,0.00037441710065012424,0.0015317063208414173,654,850,196,2,3,3,15,4,37,233,183
52,22,228,603,949,346,76,88,616,674,58,0.0004084550188910446,0.00088498587426393,670,773,103,3,3,3,14,2,181,584,212
53,6,6,463,463,0,12,12,609,609,0,0.0005446066918547262,0.0005446066918547262,713,713,0,-1,4,4,2,1,733,797,426
54,30,132,827,971,144,26,26,852,852,0,0.0005446066918547262,0.0010211375472276116,734,821,87,4,3,3,4,7,860,150,288
55,8,110,582,959,377,12,12,570,570,0,0.0006467204465774873,0.001055175465468532,755,825,70,4,4,4,4,2,860,475,194
56,74,74,875,875,0,72,72,897,897,0,0.0032336022328874367,0.0032336022328874367,928,928,0,-1,2,2,7,17,439,131,865
57,0,616,1,997,996,0,21,1,560,559,0.0,0.0019061234214915416,1,875,874,2,-1,3,6,0,399,939,585
58,51,257,832,975,143,44,44,843,843,0,0.00176997174852786,0.002212464685659825,881,891,10,3,3,3,4,11,921,249,386
59,1217,1318,1000,1000,0,358,358,999,999,0,0.022226760611321013,0.02236291228428469,999,999,0,5,2,2,14,157,84,2,721
60,0,206,1,975,974,0,12,1,598,597,0.0,0.005173763572619898,1,959,958,3,-1,4,2,0,926,608,9
61,2,208,368,973,605,5,11,370,468,98,3.4037918240920386e-05,0.0002042275094455223,398,576,178,3,5,4,4,2,617,764,350
62,14,116,530,887,357,45,45,534,534,0,0.0005786446100956465,0.0008169100377820892,729,780,51,4,4,4,11,3,307,653,500
63,16,118,494,880,386,88,88,557,557,0,0.0002382654276864427,0.0002382654276864427,595,595,0,4,3,3,19,1,31,527,419
64,7,7,569,569,0,12,12,666,666,0,0.00013615167296368154,0.00013615167296368154,517,517,0,-1,4,4,2,2,548,724,895
65,11,217,532,958,426,38,42,542,582,40,0.00030634126416828345,0.00088498587426393,625,780,155,3,4,4,9,7,306,427,160
66,36,138,778,941,163,40,40,738,738,0,0.0010211375472276116,0.0015657442390823377,808,853,45,4,3,3,5,9,528,245,64
67,4,210,434,973,539,5,18,381,661,280,6.807583648184077e-05,0.0017359338302869397,452,867,415,3,5,4,3,2,620,430,109
68,0,102,1,932,931,0,6,1,408,407,0.0,0.0007828721195411688,1,774,773,4,-1,5,3,0,651,675,99
69,0,102,1,890,889,0,12,1,376,375,0.0,0.0002382654276864427,1,572,571,4,-1,5,8,0,411,832,477
70,0,0,1,1,0,0,0,1,1,0,0.0,0.0,1,1,0,-1,-1,-1,4,3,675,753,709
71,86,187,874,956,82,78,78,874,874,0,0.001497668402600497,0.001497668402600497,851,851,0,6,3,3,8,15,309,62,924
72,0,0,1,1,0,0,0,1,1,0,0.0,0.0,1,1,0,-1,-1,-1,6,0,295,970,657
73,51,152,866,969,103,18,18,796,796,0,0.0007828721195411688,0.0008169100377820892,781,786,5,5,3,3,2,12,938,172,666
74,12,12,497,497,0,38,38,479,479,0,0.00013615167296368154,0.00013615167296368154,516,516,0,-1,4,4,11,3,227,290,571
75,3,3,512,512,0,4,4,545,545,0,0.0,0.0,1,1,0,-1,5,5,2,2,775,791,709
76,30,30,747,747,0,48,48,720,720,0,0.0002382654276864427,0.0002382654276864427,607,607,0,-1,3,3,7,6,342,107,949
77,40,246,726,956,230,128,128,829,829,0,0.0007488342013002485,0.0013955546478777359,759,844,85,3,3,3,13,4,41,185,340
78,29,29,736,736,0,20,20,554,554,0,0.0007147962830593281,0.0007147962830593281,759,759,0,-1,4,4,4,10,717,366,517
79,30,30,684,684,0,90,90,698,698,0,0.0002042275094455223,0.0002042275094455223,552,552,0,-1,3,3,13,6,120,107,784
80,97,198,906,968,62,78,78,963,963,0,0.004152626025392287,0.004152626025392287,953,953,0,5,2,2,4,18,445,64,885
81,13,115,613,936,323,12,12,562,562,0,0.00030634126416828345,0.0009530617107457708,638,815,177,4,4,4,2,6,971,683,219
82,15,116,742,973,231,12,12,825,825,0,0.0010892133837094523,0.0010892133837094523,828,828,0,6,4,4,2,8,933,264,748
83,2,103,406,973,567,4,4,522,522,0,3.4037918240920386e-05,6.807583648184077e-05,408,458,50,6,5,5,2,2,920,691,466
84,142,348,939,980,41,86,86,931,931,0,0.002757071377514551,0.007624493685966166,919,972,53,3,3,3,6,20,419,43,18
85,42,248,742,960,218,130,130,809,809,0,0.0007147962830593281,0.0008509479560230097,760,784,24,3,3,3,15,6,68,192,370
86,0,0,1,1,0,0,0,1,1,0,0.0,0.0,1,1,0,-1,-1,-1,4,0,344,643,816
87,72,72,822,822,0,146,146,829,829,0,0.0011913271384322134,0.0011913271384322134,819,819,0,-1,2,2,18,7,29,150,926
88,6,108,441,921,480,15,16,470,496,26,0.00030634126416828345,0.0005446066918547262,633,723,90,4,4,4,6,1,237,452,315
89,42,248,822,977,155,40,40,822,822,0,0.0013274788113958951,0.0021784267674189047,850,896,46,3,3,3,5,8,574,497,59
90,0,0,1,1,0,0,0,1,1,0,0.0,0.0,1,1,0,-1,-1,-1,9,0,381,856,949
91,16,117,691,948,257,22,22,796,796,0,0.00088498587426393,0.00088498587426393,792,792,0,6,3,3,2,1,779,759,590
92,0,102,1,893,892,0,16,1,398,397,0.0,0.0004084550188910446,1,674,673,4,-1,5,9,0,422,987,159
93,0,0,1,1,0,0,0,1,1,0,0.0,0.0,1,1,0,-1,-1,-1,3,1,459,962,725
94,32,32,734,734,0,86,86,916,916,0,0.0016338200755641784,0.0016338200755641784,866,866,0,-1,3,3,6,4,255,440,811
95,30,30,702,702,0,54,54,630,630,0,0.00017018959120460194,0.00017018959120460194,534,534,0,-1,3,3,10,6,259,107,324
96,0,206,1,944,943,0,34,1,427,426,0.0,6.807583648184077e-05,1,438,437,3,-1,4,13,0,115,773,681
97,92,298,867,973,106,78,78,795,795,0,0.0013274788113958951,0.00176997174852786,838,867,29,3,3,3,8,17,411,131,143
98,6,212,412,956,544,24,36,437,504,67,0.0,0.0009190237925048504,1,798,797,3,4,4,10,2,149,885,139
99,50,256,787,968,181,160,160,912,912,0,0.0012934408931549745,0.0013955546478777359,837,843,6,3,2,2,11,5,227,412,360
100,0,0,1,1,0,0,0,1,1,0,0.0,0.0,1,1,0,-1,-1,-1,3,1,831,947,568
101,2,2,353,353,0,15,15,412,412,0,0.00013615167296368154,0.00013615167296368154,506,506,0,-1,5,5,8,1,286,935,910
102,56,158,879,974,95,48,48,969,969,0,0.007862759113652609,0.00793083495013445,975,975,0,4,2,2,3,8,984,345,613
103,0,0,1,1,0,0,0,1,1,0,0.0,0.0,1,1,0,-1,-1,-1,9,0,262,750,872
104,18,120,613,901,288,42,42,569,569,0,0.0002382654276864427,0.00030634126416828345,594,632,38,4,4,4,9,6,202,247,639
105,1176,1382,999,999,0,560,560,998,998,0,0.019810068416215663,0.019980258007420267,994,994,0,3,2,2,23,118,4,37,556
106,33,239,712,966,254,52,52,592,592,0,0.00017018959120460194,0.00034037918240920387,545,650,105,3,4,4,10,7,189,176,107
107,14,116,632,939,307,14,14,569,569,0,0.000442492937131965,0.000442492937131965,683,683,0,4,4,4,3,4,337,479,416
108,40,142,823,948,125,28,28,773,773,0,0.0006126825283365669,0.001157289220191293,753,837,84,4,3,3,3,4,780,470,326
109,6,6,518,518,0,12,12,664,664,0,0.00013615167296368154,0.00013615167296368154,541,541,0,-1,4,4,2,1,781,474,841
110,0,616,1,995,994,0,60,1,583,582,0.0,0.0013274788113958951,1,838,837,2,-1,3,11,0,227,855,630
111,7,108,527,931,404,18,18,625,625,0,0.00010211375472276115,0.0002723033459273631,490,617,127,5,4,4,3,2,869,724,899
112,0,616,1,991,990,0,80,1,707,706,0.0,0.003369753905851118,1,930,929,2,-1,3,12,1,184,828,73
113,0,0,1,1,0,0,0,1,1,0,0.0,0.0,1,1,0,-1,-1,-1,16,0,132,716,912
114,0,102,1,926,925,0,4,1,369,368,0.0,6.807583648184077e-05,1,447,446,4,-1,5,3,0,588,992,311
115,80,696,845,994,149,122,132,853,877,24,0.0018040096667687805,0.007556417849484326,864,971,107,2,3,3,12,9,44,277,6
116,0,102,1,930,929,0,7,1,427,426,0.0,0.00013615167296368154,1,520,519,4,-1,5,4,0,507,992,259
117,0,102,1,874,873,0,16,1,363,362,0.0,0.0,1,1,0,4,-1,5,13,0,91,423,596
118,0,101,1,892,891,0,9,1,332,331,0.0,6.807583648184077e-05,1,442,441,5,-1,6,9,0,147,776,687
119,8,8,535,535,0,14,14,503,503,0,0.00017018959120460194,0.00017018959120460194,553,553,0,-1,4,4,5,2,574,22,973
120,0,0,1,1,0,0,0,1,1,0,0.0,0.0,1,1,0,-1,-1,-1,2,0,904,847,573
121,30,132,762,937,175,32,32,724,724,0,0.0004084550188910446,0.00088498587426393,679,797,118,4,3,3,5,4,478,210,275
122,199,199,958,958,0,102,102,939,939,0,0.003778208924742163,0.003778208924742163,941,941,0,-1,3,3,7,27,299,69,978
123,0,0,1,1,0,0,0,1,1,0,0.0,0.0,1,1,0,-1,-1,-1,5,0,691,929,803
124,0,101,1,929,928,0,2,1,331,330,0.0,3.4037918240920386e-05,1,416,415,5,-1,6,2,0,643,910,558
125,102,308,879,973,94,134,134,810,810,0,0.0016678579938050988,0.0020763130126961434,864,884,20,3,2,2,15,15,107,138,376
126,198,299,944,972,28,260,260,957,957,0,0.003369753905851118,0.0034037918240920387,937,937,0,6,2,2,16,19,59,133,640
127,10,112,554,924,370,18,18,529,529,0,0.0002382654276864427,0.00034037918240920387,595,647,52,4,4,4,5,3,284,369,648
128,6,108,439,925,486,12,12,455,455,0,6.807583648184077e-05,0.00030634126416828345,447,637,190,4,4,4,4,1,445,416,136
129,6,6,511,511,0,10,10,548,548,0,0.00010211375472276115,0.00010211375472276115,508,508,0,-1,4,4,3,3,584,410,943
130,0,616,1,992,991,0,40,1,487,486,0.0,0.0007488342013002485,1,751,750,2,-1,3,13,0,91,922,591
131,12,218,492,947,455,44,48,456,468,12,0.0,6.807583648184077e-05,1,441,440,3,4,4,16,3,151,829,442
132,2,208,366,976,610,5,16,368,561,193,3.4037918240920386e-05,0.0007488342013002485,392,768,376,3,5,4,4,1,648,593,288
133,0,101,1,925,924,0,4,1,330,329,0.0,6.807583648184077e-05,1,439,438,5,-1,6,4,0,424,898,311
134,22,22,652,652,0,52,52,679,679,0,0.0006126825283365669,0.0006126825283365669,726,726,0,-1,3,3,9,2,395,453,520
135,92,193,904,972,68,78,78,968,968,0,0.004935498144933456,0.004935498144933456,961,961,0,5,2,2,4,20,475,87,842
136,93,93,857,857,0,96,96,765,765,0,0.0009530617107457708,0.0009530617107457708,796,796,0,-1,3,3,11,17,66,327,968
137,0,102,1,969,968,0,3,1,416,415,0.0,0.00017018959120460194,1,564,563,4,-1,5,2,0,962,945,202
138,108,210,908,960,52,72,72,816,816,0,0.002144388849177984,0.002586881786309949,890,909,19,4,3,3,7,23,320,117,376
139,145,145,940,940,0,92,92,921,921,0,0.0035059055788147996,0.0035059055788147996,934,934,0,-1,3,3,7,26,658,108,715
140,22,228,605,952,347,92,92,619,619,0,0.00010211375472276115,0.0002382654276864427,484,583,99,3,3,3,17,2,10,491,237
141,49,255,820,974,154,34,34,706,706,0,0.0006807583648184077,0.0008169100377820892,755,788,33,3,3,3,4,8,300,187,86
142,0,206,1,968,967,0,24,1,611,610,0.0,0.0026209197045508697,1,910,909,3,-1,4,4,1,235,828,94
143,8,8,462,462,0,35,35,393,393,0,0.00010211375472276115,0.00010211375472276115,476,476,0,-1,4,4,19,2,36,547,991
144,0,101,1,912,911,0,5,1,331,330,0.0,0.0,1,1,0,5,-1,6,5,0,701,632,743
145,65,65,908,908,0,22,22,845,845,0,0.0018040096667687805,0.0018040096667687805,886,886,0,-1,3,3,2,18,548,171,977
146,20,122,753,958,205,8,8,540,540,0,0.0002382654276864427,0.00037441710065012424,603,673,70,4,4,4,2,4,469,167,262
147,16,222,559,959,400,51,51,650,650,0,0.0004765308553728854,0.0005105687736138058,691,703,12,3,3,3,9,1,414,420,222
148,0,206,1,968,967,0,14,1,474,473,0.0,0.001940161339732462,1,879,878,3,-1,4,5,0,551,960,36
149,30,131,682,908,226,65,65,641,641,0,0.00034037918240920387,0.0004084550188910446,644,673,29,5,3,3,12,5,184,124,537
150,58,159,925,981,56,12,12,731,731,0,0.0021784267674189047,0.0024166921951053475,910,919,9,5,4,4,2,19,959,133,697
151,8,110,539,937,398,10,10,471,471,0,0.00010211375472276115,0.0002723033459273631,506,629,123,4,4,4,4,2,573,579,418
152,0,0,1,1,0,0,0,1,1,0,0.0,0.0,1,1,0,-1,-1,-1,3,0,883,367,638
153,0,102,1,974,973,0,4,1,506,505,0.0,0.0006807583648184077,1,783,782,4,-1,5,2,0,978,912,335
154,0,0,1,1,0,0,0,1,1,0,0.0,0.0,1,1,0,-1,-1,-1,10,1,109,529,875
155,13,219,704,986,282,12,12,692,692,0,0.0010211375472276116,0.00176997174852786,819,878,59,3,4,4,2,3,751,616,412
156,2,2,356,356,0,9,9,379,379,0,0.0,0.0,1,1,0,-1,5,5,6,1,515,601,668
157,67,67,867,867,0,40,40,799,799,0,0.001497668402600497,0.001497668402600497,851,851,0,-1,3,3,5,17,612,180,738
158,2,104,355,890,535,14,15,361,364,3,0.0,0.0,1,1,0,4,5,5,12,2,106,692,694
159,3,104,443,947,504,3,3,377,377,0,0.0,0.0,1,1,0,6,5,5,2,2,838,749,656
160,47,149,887,979,92,18,18,781,781,0,0.00176997174852786,0.0020763130126961434,878,900,22,4,4,4,3,17,853,96,432
161,6,107,438,918,480,14,14,466,466,0,3.4037918240920386e-05,6.807583648184077e-05,401,448,47,5,4,4,5,1,311,873,694
162,0,0,1,1,0,0,0,1,1,0,0.0,0.0,1,1,0,-1,-1,-1,7,2,497,462,843
163,0,102,1,897,896,0,12,1,400,399,0.0,0.00037441710065012424,1,668,667,4,-1,5,7,1,413,738,177
164,4,210,480,982,502,4,8,419,543,124,0.00010211375472276115,0.0010211375472276116,492,824,332,3,5,4,2,2,897,425,203
165,6,108,411,899,488,21,21,438,438,0,0.00013615167296368154,0.0002723033459273631,509,611,102,4,4,4,9,1,315,463,310
166,6,6,394,394,0,22,22,390,390,0,3.4037918240920386e-05,3.4037918240920386e-05,406,406,0,-1,4,4,12,2,348,615,548
167,35,241,811,977,166,18,18,646,646,0,0.0006467204465774873,0.003710133088260322,754,939,185,3,4,4,3,8,626,284,34
168,6,6,523,523,0,18,18,738,738,0,0.000442492937131965,0.000442492937131965,700,700,0,-1,4,4,3,1,850,727,564
169,0,102,1,956,955,0,3,1,382,381,0.0,0.0002042275094455223,1,588,587,4,-1,5,2,1,742,685,319
170,2,2,370,370,0,4,4,394,394,0,3.4037918240920386e-05,3.4037918240920386e-05,391,391,0,-1,5,5,2,2,752,575,751
171,10,112,578,935,357,14,14,500,500,0,0.0002042275094455223,0.0002042275094455223,570,570,0,4,4,4,5,3,663,353,873
172,0,206,1,971,970,0,13,1,465,464,0.0,0.00030634126416828345,1,639,638,3,-1,4,5,0,533,695,346
173,0,0,1,1,0,0,0,1,1,0,0.0,0.0,1,1,0,-1,-1,-1,4,0,403,955,483
174,102,308,907,977,70,68,68,774,774,0,0.001497668402600497,0.002212464685659825,851,899,48,3,3,3,8,18,350,148,159
175,24,24,714,714,0,34,34,683,683,0,0.0002723033459273631,0.0002723033459273631,624,624,0,-1,3,3,6,3,402,653,738
176,92,194,863,946,83,86,86,769,769,0,0.0012934408931549745,0.0014295925661186562,833,844,11,4,3,3,11,13,229,261,176
177,28,28,795,795,0,12,12,628,628,0,0.000442492937131965,0.000442492937131965,692,692,0,-1,4,4,2,8,939,386,867
178,24,126,777,958,181,18,18,757,757,0,0.0010211375472276116,0.001497668402600497,815,861,46,4,4,4,3,9,916,415,340
179,53,154,831,946,115,34,34,679,679,0,0.0006126825283365669,0.0006126825283365669,742,742,0,6,3,3,4,13,493,120,437
180,11,113,539,909,370,18,18,445,445,0,0.00010211375472276115,0.00013615167296368154,489,525,36,4,4,4,7,4,678,444,666
181,0,206,1,975,974,0,8,1,468,467,0.0,0.0006807583648184077,1,752,751,3,-1,4,2,2,966,431,353
182,16,222,632,973,341,34,34,808,808,0,0.000442492937131965,0.0006126825283365669,685,735,50,3,3,3,4,1,562,404,432
183,64,166,924,981,57,12,12,713,713,0,0.002314578440382586,0.002382654276864427,908,912,4,4,4,4,2,25,963,47,373
184,178,279,953,975,22,88,88,835,835,0,0.002995336805200994,0.002995336805200994,932,932,0,5,3,3,8,30,186,65,593
185,0,101,1,896,895,0,7,1,332,331,0.0,0.0,1,1,0,5,-1,6,7,0,366,884,829
186,642,742,995,995,0,224,224,987,987,0,0.011879233466081215,0.011879233466081215,983,983,0,4,2,2,11,85,139,0,251
187,82,184,865,948,83,96,96,903,903,0,0.0018040096667687805,0.0019741992579733825,868,876,8,4,2,2,7,9,179,242,496
188,0,206,1,945,944,0,42,1,475,474,0.0,0.0004084550188910446,1,668,667,3,-1,4,14,0,181,564,160
189,0,206,1,950,949,0,70,1,610,609,0.0,0.0023486163586235067,1,904,903,3,-1,4,13,0,120,865,81
190,16,16,710,710,0,22,22,869,869,0,0.0006807583648184077,0.0006807583648184077,770,770,0,-1,3,3,2,1,889,612,996
191,0,0,1,1,0,0,0,1,1,0,0.0,0.0,1,1,0,-1,-1,-1,4,0,794,907,348
192,6,107,580,972,392,8,8,657,657,0,0.00010211375472276115,0.00017018959120460194,493,551,58,5,4,4,2,2,813,719,505
193,3,3,432,432,0,3,3,369,369,0,0.0,0.0,1,1,0,-1,5,5,2,2,980,364,742
194,0,102,1,950,949,0,4,1,381,380,0.0,0.00013615167296368154,1,519,518,4,-1,5,3,0,798,846,704
195,126,332,945,986,41,22,22,779,779,0,0.002825147213996392,0.004799346471969774,923,957,34,3,3,3,2,28,990,98,27
196,14,220,642,976,334,12,12,619,619,0,0.000442492937131965,0.0007147962830593281,703,763,60,3,4,4,2,4,750,479,827
197,16,16,483,483,0,86,86,526,526,0,6.807583648184077e-05,6.807583648184077e-05,439,439,0,-1,3,3,20,1,5,659,994
198,0,0,1,1,0,0,0,1,1,0,0.0,0.0,1,1,0,-1,-1,-1,2,0,739,638,548
199,12,218,538,963,425,42,42,638,638,0,0.00013615167296368154,0.001157289220191293,506,818,312,3,4,4,7,2,171,628,179
200,0,206,1,981,980,0,7,1,513,512,0.0,0.0007147962830593281,1,759,758,3,-1,4,2,1,929,568,242
201,5,107,451,931,480,7,8,405,439,34,0.00013615167296368154,0.0011913271384322134,523,840,317,4,5,5,4,6,461,392,146
202,24,230,731,977,246,22,22,593,593,0,0.0005446066918547262,0.0011913271384322134,715,824,109,3,4,4,5,4,601,40,412
203,16,222,680,977,297,20,20,654,654,0,0.000442492937131965,0.00088498587426393,695,784,89,3,4,4,4,9,794,29,52
204,52,154,791,926,135,110,110,851,851,0,0.0016338200755641784,0.0016678579938050988,859,864,5,4,3,3,10,6,240,397,496
205,0,101,1,958,957,0,2,1,332,331,0.0,0.0,1,1,0,6,-1,7,2,0,878,811,466
206,1,1,332,332,0,3,3,332,332,0,0.0,0.0,1,1,0,-1,6,6,3,1,901,540,802
207,45,251,888,990,102,12,12,769,769,0,0.0026889955410327104,0.0032336022328874367,924,936,12,3,4,4,2,15,981,153,266
208,0,0,1,1,0,0,0,1,1,0,0.0,0.0,1,1,0,-1,-1,-1,9,0,319,800,669
209,109,211,910,966,56,82,82,891,891,0,0.002280540522141666,0.002484768031587188,889,905,16,4,3,3,7,19,658,72,274
210,55,261,842,978,136,34,34,727,727,0,0.0011232513019503727,0.001497668402600497,825,856,31,3,3,3,4,10,354,405,610
211,26,642,739,998,259,22,36,605,769,164,0.0007147962830593281,0.0040845501889104465,757,945,188,2,4,3,5,6,908,46,14
212,58,674,856,998,142,52,66,839,898,59,0.0009870996289866913,0.0032336022328874367,809,930,121,2,3,3,6,9,494,242,391
213,12,114,488,884,396,72,72,551,551,0,6.807583648184077e-05,0.0002042275094455223,449,559,110,4,4,4,16,2,27,491,286
214,4,4,488,488,0,4,4,465,465,0,6.807583648184077e-05,6.807583648184077e-05,450,450,0,-1,5,5,2,2,799,425,901
215,153,359,937,980,43,86,86,895,895,0,0.005105687736138058,0.005412029000306341,955,960,5,3,2,2,7,26,714,127,252
216,2,208,359,960,601,11,21,359,422,63,0.0,0.0002382654276864427,1,587,586,3,5,4,10,1,427,590,519
217,2,2,357,357,0,9,9,383,383,0,3.4037918240920386e-05,3.4037918240920386e-05,404,404,0,-1,5,5,6,2,549,518,643
218,152,254,933,972,39,96,96,934,934,0,0.004663194799006093,0.004663194799006093,956,956,0,4,2,2,7,19,525,135,896
219,0,206,1,968,967,0,11,1,456,455,0.0,0.00013615167296368154,1,517,516,3,-1,4,4,0,655,903,149
220,11,112,718,975,257,4,4,498,498,0,0.000442492937131965,0.0005786446100956465,717,761,44,5,5,5,2,9,813,212,869
221,155,257,924,966,42,186,186,953,953,0,0.0031314884781646754,0.0032336022328874367,926,928,2,4,2,2,12,15,292,151,680
222,0,102,1,943,942,0,3,1,382,381,0.0,0.0002723033459273631,1,631,630,4,-1,5,2,0,975,446,453
223,0,206,1,959,958,0,22,1,517,516,0.0,0.0009870996289866913,1,801,800,3,-1,4,6,0,536,877,189
224,2,104,386,959,573,4,4,446,446,0,0.0,0.0006807583648184077,1,760,759,4,5,5,2,2,666,342,125
225,54,155,870,962,92,28,28,809,809,0,0.0011232513019503727,0.0011232513019503727,823,823,0,5,3,3,3,17,863,327,152
226,0,101,1,900,899,0,8,1,332,331,0.0,0.0,1,1,0,5,-1,6,8,0,282,766,748
227,6,212,424,961,537,13,22,408,493,85,3.4037918240920386e-05,0.0006126825283365669,399,730,331,3,4,4,7,1,196,734,195
228,16,118,639,929,290,32,32,860,860,0,0.00088498587426393,0.0009530617107457708,787,800,13,4,3,3,2,1,909,480,110
229,0,0,1,1,0,0,0,1,1,0,0.0,0.0,1,1,0,-1,-1,-1,13,0,113,228,859
230,9,110,588,951,363,8,8,500,500,0,0.00010211375472276115,0.00010211375472276115,503,503,0,5,4,4,2,5,983,710,581
231,99,200,928,972,44,28,28,830,830,0,0.002110350930937064,0.002144388849177984,894,894,0,5,3,3,3,28,639,44,231
232,8,109,576,947,371,8,8,514,514,0,6.807583648184077e-05,6.807583648184077e-05,441,441,0,6,4,4,2,3,924,585,671
233,8,624,489,992,503,29,74,480,766,286,0.00017018959120460194,0.006501242384015794,538,968,430,2,4,3,9,2,306,523,31
234,59,265,829,971,142,68,68,784,784,0,0.0008509479560230097,0.0016338200755641784,781,853,72,3,3,3,8,8,443,187,163
235,23,125,751,948,197,20,20,775,775,0,0.0002382654276864427,0.0009190237925048504,612,796,184,4,3,3,3,5,863,528,204
236,8,8,506,506,0,16,16,510,510,0,3.4037918240920386e-05,3.4037918240920386e-05,401,401,0,-1,4,4,4,5,391,476,864
237,0,616,1,992,991,0,42,1,448,447,0.0,0.0002723033459273631,1,611,610,2,-1,3,18,0,29,957,722
238,58,160,889,968,79,22,22,834,834,0,0.0015657442390823377,0.0020422750944552232,872,900,28,4,3,3,2,17,895,226,245
239,4,105,450,942,492,6,6,395,395,0,0.0,0.0,1,1,0,6,5,5,4,5,553,570,543
240,0,102,1,906,905,0,4,1,361,360,0.0,0.00013615167296368154,1,521,520,4,-1,5,3,1,471,747,241
241,0,102,1,909,908,0,9,1,375,374,0.0,6.807583648184077e-05,1,455,454,4,-1,5,7,0,477,638,512
242,8,110,487,896,409,36,36,553,553,0,0.0002042275094455223,0.00030634126416828345,556,617,61,4,4,4,8,2,358,697,652
243,155,155,968,968,0,48,48,942,942,0,0.0030634126416828346,0.0030634126416828346,924,924,0,-1,3,3,3,30,814,65,693
244,1,102,333,916,583,4,4,333,333,0,0.0,0.0,1,1,0,5,7,6,4,1,558,703,402
245,0,0,1,1,0,0,0,1,1,0,0.0,0.0,1,1,0,-1,-1,-1,7,0,362,733,772
246,50,50,749,749,0,122,122,755,755,0,0.000442492937131965,0.000442492937131965,670,670,0,-1,3,3,16,7,50,253,522
247,0,206,1,956,955,0,31,1,487,486,0.0,0.0005105687736138058,1,703,702,3,-1,4,10,0,293,871,257
248,82,288,847,974,127,136,136,853,853,0,0.0019061234214915416,0.001940161339732462,871,872,1,3,2,2,15,11,138,193,434
249,5,5,421,421,0,10,10,401,401,0,6.807583648184077e-05,6.807583648184077e-05,448,448,0,-1,5,5,5,3,347,311,620
250,0,102,1,917,916,0,6,1,360,359,0.0,6.807583648184077e-05,1,450,449,4,-1,5,5,0,766,330,279
251,12,12,589,589,0,18,18,506,506,0,0.000442492937131965,0.000442492937131965,700,700,0,-1,4,4,5,2,616,473,971
252,8,214,535,970,435,12,16,472,518,46,3.4037918240920386e-05,0.0006807583648184077,398,760,362,3,4,4,4,3,675,441,216
253,14,220,588,970,382,14,14,502,502,0,0.0002382654276864427,0.0016338200755641784,595,874,279,3,4,4,3,3,725,507,68
254,4,210,391,951,560,20,26,389,433,44,6.807583648184077e-05,0.000442492937131965,445,686,241,3,5,4,11,5,307,476,272
255,0,206,1,965,964,0,16,1,451,450,0.0,0.00030634126416828345,1,625,624,3,-1,4,6,0,441,745,477
256,2,208,364,972,608,5,12,364,477,113,3.4037918240920386e-05,0.0009870996289866913,409,814,405,3,5,4,4,2,650,764,218
257,0,101,1,889,888,0,11,1,332,331,0.0,0.0,1,1,0,5,-1,6,11,0,155,782,639
258,6,108,470,936,466,26,26,659,659,0,0.0005105687736138058,0.0006126825283365669,712,746,34,4,4,4,5,2,602,160,512
259,68,169,818,926,108,156,156,845,845,0,0.0012934408931549745,0.0012934408931549745,832,832,0,5,2,2,16,6,50,377,734
260,0,102,1,941,940,0,5,1,414,413,0.0,0.0005446066918547262,1,726,725,4,-1,5,3,0,916,483,67
261,0,0,1,1,0,0,0,1,1,0,0.0,0.0,1,1,0,-1,-1,-1,3,0,737,716,960
262,0,0,1,1,0,0,0,1,1,0,0.0,0.0,1,1,0,-1,-1,-1,5,0,396,973,792
263,281,487,975,989,14,116,116,967,967,0,0.00704584907587052,0.007454304094761564,969,970,1,3,2,2,7,36,361,48,253
264,14,116,498,883,385,44,45,419,425,6,3.4037918240920386e-05,3.4037918240920386e-05,397,397,0,4,4,4,19,3,83,311,601
265,0,0,1,1,0,0,0,1,1,0,0.0,0.0,1,1,0,-1,-1,-1,5,0,644,915,624
266,0,206,1,968,967,0,28,1,611,610,0.0,0.003369753905851118,1,927,926,3,-1,4,6,0,399,800,14
267,6,212,382,937,555,33,80,379,504,125,3.4037918240920386e-05,0.0004765308553728854,393,688,295,3,4,4,22,1,22,593,150
268,0,102,1,925,924,0,6,1,384,383,0.0,0.00017018959120460194,1,540,539,4,-1,5,4,1,633,787,176
269,0,102,1,870,869,0,23,1,358,357,0.0,0.0002382654276864427,1,582,581,4,-1,5,19,0,36,728,444
270,1,103,332,949,617,2,3,332,377,45,0.0,0.00017018959120460194,1,551,550,4,6,5,2,3,851,578,287
271,2,208,362,974,612,4,10,364,497,133,3.4037918240920386e-05,0.0008169100377820892,405,784,379,3,5,4,3,1,814,337,148
272,16,117,569,903,334,72,72,800,800,0,6.807583648184077e-05,6.807583648184077e-05,435,435,0,5,3,3,9,1,389,681,896
273,6,212,429,968,539,24,24,610,610,0,0.00034037918240920387,0.0004765308553728854,654,705,51,3,4,4,4,1,500,681,727
274,97,97,929,929,0,34,34,835,835,0,0.0046972327172470135,0.0046972327172470135,949,949,0,-1,3,3,4,31,794,126,698
275,0,0,1,1,0,0,0,1,1,0,0.0,0.0,1,1,0,-1,-1,-1,4,0,759,942,808
276,128,230,925,971,46,54,54,897,897,0,0.003165526396405596,0.0033357159876101976,919,926,7,4,2,2,4,20,547,95,691
277,0,0,1,1,0,0,0,1,1,0,0.0,0.0,1,1,0,-1,-1,-1,11,0,224,937,803
278,0,206,1,958,957,0,26,1,500,499,0.0,0.0006807583648184077,1,753,752,3,-1,4,7,0,374,817,355
279,6,6,417,417,0,14,14,436,436,0,0.0,0.0,1,1,0,-1,4,4,6,1,446,558,324
280,6,212,449,972,523,12,20,490,633,143,0.00013615167296368154,0.002757071377514551,505,926,421,3,4,4,4,2,562,215,47
281,89,191,862,948,86,118,118,860,860,0,0.0011232513019503727,0.0012594029749140542,813,834,21,4,2,2,12,9,58,198,418
282,8,109,551,941,390,8,8,489,489,0,0.0005786446100956465,0.0006126825283365669,723,732,9,5,4,4,2,3,733,290,320
283,169,375,942,980,38,148,148,961,961,0,0.0024166921951053475,0.0027911092957554717,905,919,14,3,2,2,9,15,381,53,234
284,0,102,1,954,953,0,3,1,373,372,0.0,0.0005105687736138058,1,723,722,4,-1,5,2,0,806,698,308
285,68,170,898,971,73,32,32,903,903,0,0.002144388849177984,0.0024166921951053475,896,909,13,4,3,3,2,15,761,151,435
286,0,0,1,1,0,0,0,1,1,0,0.0,0.0,1,1,0,-1,-1,-1,12,0,58,968,928
287,0,0,1,1,0,0,0,1,1,0,0.0,0.0,1,1,0,-1,-1,-1,5,3,376,746,812
288,2,2,365,365,0,5,5,365,365,0,0.0,0.0,1,1,0,-1,5,5,4,1,304,853,902
289,106,106,931,931,0,40,40,832,832,0,0.002212464685659825,0.002212464685659825,899,899,0,-1,3,3,5,26,744,127,707
290,0,102,1,879,878,0,17,1,378,377,0.0,6.807583648184077e-05,1,445,444,4,-1,5,11,1,360,685,156
291,10,216,513,951,438,36,40,488,503,15,0.00017018959120460194,0.0002723033459273631,533,600,67,3,4,4,12,3,194,385,519
292,160,160,975,975,0,32,32,942,942,0,0.005207801490860819,0.005207801490860819,959,959,0,-1,3,3,2,35,999,57,918
293,2,208,356,961,605,11,27,378,529,151,6.807583648184077e-05,0.0011913271384322134,445,829,384,3,5,4,8,1,158,734,166
294,0,101,1,938,937,0,3,1,332,331,0.0,3.4037918240920386e-05,1,407,406,5,-1,6,3,0,785,740,196
295,0,206,1,967,966,0,12,1,429,428,0.0,0.00034037918240920387,1,640,639,3,-1,4,6,0,575,928,416
296,0,0,1,1,0,0,0,1,1,0,0.0,0.0,1,1,0,-1,-1,-1,2,1,715,660,571
297,0,102,1,916,915,0,4,1,359,358,0.0,3.4037918240920386e-05,1,392,391,4,-1,5,3,1,726,583,602
298,8,8,531,531,0,20,20,515,515,0,6.807583648184077e-05,6.807583648184077e-05,454,454,0,-1,4,4,6,3,465,496,941
299,86,86,928,928,0,28,28,843,843,0,0.0020082371762143027,0.0020082371762143027,896,896,0,-1,3,3,3,22,718,116,651
300,433,639,988,995,7,112,112,949,949,0,0.00793083495013445,0.008203138296061813,976,976,0,3,3,3,7,59,179,5,143
301,16,16,680,680,0,14,14,578,578,0,0.0005786446100956465,0.0005786446100956465,735,735,0,-1,4,4,3,6,814,258,943
302,164,164,948,948,0,54,54,848,848,0,0.002212464685659825,0.002212464685659825,900,900,0,-1,3,3,4,34,410,89,866
303,24,24,737,737,0,14,14,579,579,0,0.00030634126416828345,0.00030634126416828345,632,632,0,-1,4,4,3,4,903,167,926
304,25,25,690,690,0,48,48,688,688,0,0.0002042275094455223,0.0002042275094455223,560,560,0,-1,3,3,7,5,472,454,919
305,0,0,1,1,0,0,0,1,1,0,0.0,0.0,1,1,0,-1,-1,-1,9,0,119,956,991
306,6,6,469,469,0,8,8,453,453,0,0.00013615167296368154,0.00013615167296368154,514,514,0,-1,5,5,4,4,772,625,914
307,18,119,790,974,184,12,12,749,749,0,0.0005786446100956465,0.0006126825283365669,746,756,10,5,4,4,2,6,941,46,596
308,52,52,823,823,0,72,72,850,850,0,0.001157289220191293,0.001157289220191293,824,824,0,-1,2,2,7,4,361,233,856
309,0,0,1,1,0,0,0,1,1,0,0.0,0.0,1,1,0,-1,-1,-1,2,0,906,819,818
310,22,22,632,632,0,62,62,646,646,0,0.0005105687736138058,0.0005105687736138058,710,710,0,-1,3,3,10,2,135,475,731
311,0,102,1,940,939,0,6,1,441,440,0.0,0.0002382654276864427,1,609,608,4,-1,5,3,1,800,513,619
312,110,211,897,953,56,84,84,793,793,0,0.0011913271384322134,0.0011913271384322134,823,823,0,5,3,3,9,17,123,96,853
313,13,114,571,912,341,21,21,482,482,0,0.00017018959120460194,0.00017018959120460194,549,549,0,5,4,4,7,5,329,570,781
314,10,10,549,549,0,14,14,488,488,0,3.4037918240920386e-05,3.4037918240920386e-05,400,400,0,-1,4,4,3,3,704,347,488
315,64,165,790,918,128,176,176,857,857,0,0.0008169100377820892,0.0009190237925048504,765,779,14,5,2,2,17,6,103,234,495
316,1,1,333,333,0,2,2,333,333,0,0.0,0.0,1,1,0,-1,6,6,2,1,788,861,715
317,0,616,1,994,993,0,74,1,602,601,0.0,0.002110350930937064,1,886,885,2,-1,3,14,0,121,968,297
318,2,208,369,978,609,4,12,401,582,181,6.807583648184077e-05,0.006058749446883829,461,970,509,3,5,4,2,2,689,419,0
319,36,137,757,934,177,64,64,750,750,0,0.0011913271384322134,0.0011913271384322134,829,829,0,5,3,3,9,7,278,224,558
320,0,0,1,1,0,0,0,1,1,0,0.0,0.0,1,1,0,-1,-1,-1,8,0,350,672,514
321,6,6,409,409,0,25,25,467,467,0,3.4037918240920386e-05,3.4037918240920386e-05,403,403,0,-1,4,4,9,2,200,719,388
322,0,206,1,976,975,0,20,1,650,649,0.0,0.0051397256543789785,1,961,960,3,-1,4,4,0,603,912,9
323,0,0,1,1,0,0,0,1,1,0,0.0,0.0,1,1,0,-1,-1,-1,8,1,186,792,886
324,19,225,712,979,267,12,12,580,580,0,0.0006467204465774873,0.0012253650566731338,749,842,93,3,4,4,2,7,586,329,154
325,15,15,586,586,0,36,36,583,583,0,0.0004765308553728854,0.0004765308553728854,694,694,0,-1,4,4,8,4,488,557,235
326,0,0,1,1,0,0,0,1,1,0,0.0,0.0,1,1,0,-1,-1,-1,3,3,613,882,614
327,24,230,659,958,299,42,46,543,570,27,0.0002042275094455223,0.0006807583648184077,561,738,177,3,3,3,10,3,310,677,490
328,24,24,776,776,0,12,12,668,668,0,0.0012253650566731338,0.0012253650566731338,837,837,0,-1,4,4,2,7,618,218,388
329,32,134,806,960,154,34,34,842,842,0,0.0009530617107457708,0.001055175465468532,798,810,12,4,3,3,4,5,553,273,667
330,11,627,556,996,440,20,42,501,708,207,0.0002723033459273631,0.004833384390210695,618,952,334,2,4,3,6,6,353,613,16
331,0,102,1,942,941,0,4,1,376,375,0.0,0.00017018959120460194,1,555,554,4,-1,5,3,0,953,778,282
332,337,953,979,999,20,204,204,980,980,0,0.006501242384015794,0.008101024541339052,967,971,4,2,2,2,11,35,230,57,58
333,0,616,1,996,995,0,38,1,698,697,0.0,0.0024166921951053475,1,899,898,2,-1,3,6,0,489,723,58
334,315,416,983,989,6,62,62,956,956,0,0.009870996289866912,0.009870996289866912,983,983,0,5,2,2,3,49,780,16,679
335,0,101,1,875,874,0,16,1,332,331,0.0,3.4037918240920386e-05,1,394,393,5,-1,6,16,0,59,766,543
336,98,98,908,908,0,54,54,887,887,0,0.0015317063208414173,0.0015317063208414173,861,861,0,-1,3,3,4,20,304,71,872
337,0,0,1,1,0,0,0,1,1,0,0.0,0.0,1,1,0,-1,-1,-1,5,0,517,664,886
338,488,488,998,998,0,80,80,994,994,0,0.01933353756084278,0.01933353756084278,995,995,0,-1,2,2,2,96,992,1,800
339,370,472,986,991,5,72,72,977,977,0,0.009088124170325743,0.009122162088566664,980,980,0,4,2,2,3,55,703,21,251
340,19,225,672,973,301,30,30,735,735,0,0.0006126825283365669,0.0008169100377820892,741,779,38,3,3,3,4,6,424,392,385
341,60,162,849,957,108,46,46,833,833,0,0.001940161339732462,0.0019741992579733825,879,881,2,4,3,3,5,13,502,42,430
342,0,0,1,1,0,0,0,1,1,0,0.0,0.0,1,1,0,-1,-1,-1,6,0,281,569,916
343,10,626,579,998,419,24,34,703,812,109,0.0005105687736138058,0.012594029749140543,719,988,269,2,4,3,4,3,543,351,3
344,0,0,1,1,0,0,0,1,1,0,0.0,0.0,1,1,0,-1,-1,-1,9,0,367,991,831
345,16,118,729,965,236,14,14,644,644,0,0.0005446066918547262,0.0005446066918547262,728,728,0,4,4,4,3,6,922,381,534
346,1,102,333,924,591,5,5,333,333,0,0.0,0.0,1,1,0,6,7,7,5,2,435,663,595
347,6,212,454,975,521,12,12,586,586,0,0.00017018959120460194,0.0016678579938050988,555,869,314,3,4,4,2,2,763,384,157
348,0,101,1,940,939,0,4,1,332,331,0.0,3.4037918240920386e-05,1,406,405,5,-1,6,4,0,553,712,842
349,43,249,770,968,198,52,52,603,603,0,0.0007147962830593281,0.0009190237925048504,759,798,39,3,4,4,10,14,259,387,247
350,0,0,1,1,0,0,0,1,1,0,0.0,0.0,1,1,0,-1,-1,-1,7,1,343,787,863
351,6,6,433,433,0,26,26,641,641,0,0.0008169100377820892,0.0008169100377820892,782,782,0,-1,4,4,5,1,538,612,854
352,1,1,333,333,0,5,5,333,333,0,0.0,0.0,1,1,0,-1,6,6,5,1,435,590,388
353,2,208,378,983,605,4,10,382,567,185,0.0,0.0006467204465774873,1,746,745,3,5,4,3,3,875,578,155
354,12,12,481,481,0,60,60,454,454,0,6.807583648184077e-05,6.807583648184077e-05,438,438,0,-1,4,4,22,2,22,576,709
355,0,206,1,956,955,0,34,1,503,502,0.0,0.0007147962830593281,1,752,751,3,-1,4,9,0,287,967,219
356,0,206,1,959,958,0,16,1,411,410,0.0,0.0004084550188910446,1,674,673,3,-1,4,7,0,246,778,178
357,20,226,675,969,294,52,52,790,790,0,0.0002042275094455223,0.0004765308553728854,581,704,123,3,3,3,6,3,402,222,301
358,8,624,552,999,447,10,28,493,790,297,3.4037918240920386e-05,0.010313489226998877,408,986,578,2,4,3,3,2,958,791,3
359,0,206,1,970,969,0,18,1,604,603,0.0,0.0035059055788147996,1,933,932,3,-1,4,3,1,836,705,77
360,0,206,1,974,973,0,14,1,511,510,0.0,0.00034037918240920387,1,646,645,3,-1,4,5,0,727,932,619
361,0,0,1,1,0,0,0,1,1,0,0.0,0.0,1,1,0,-1,-1,-1,6,0,312,744,833
362,58,264,830,973,143,60,60,835,835,0,0.001157289220191293,0.0013955546478777359,829,847,18,3,3,3,5,12,238,155,341
363,0,616,1,993,992,0,42,1,598,597,0.0,0.0026209197045508697,1,912,911,2,-1,3,8,0,197,608,42
364,0,616,1,986,985,0,71,1,465,464,0.0,0.00088498587426393,1,778,777,2,-1,3,23,1,8,650,317
365,14,220,521,954,433,43,51,466,496,30,0.00010211375472276115,0.0007488342013002485,470,746,276,3,4,4,16,3,60,596,413
366,101,203,893,956,63,106,106,939,939,0,0.0020763130126961434,0.0020763130126961434,881,881,0,4,2,2,7,17,321,131,661
367,114,320,915,980,65,66,66,858,858,0,0.0015657442390823377,0.0024166921951053475,859,907,48,3,3,3,6,18,369,64,264
368,0,206,1,951,950,0,22,1,392,391,0.0,0.00017018959120460194,1,536,535,3,-1,4,12,0,93,725,420
369,62,164,857,963,106,50,50,855,855,0,0.0018720855032506212,0.0020422750944552232,875,883,8,4,3,3,5,14,421,84,637
370,22,22,601,601,0,90,90,621,621,0,0.0002723033459273631,0.0002723033459273631,596,596,0,-1,3,3,17,4,80,270,957
371,0,102,1,944,943,0,4,1,411,410,0.0,0.00030634126416828345,1,656,655,4,-1,5,2,0,983,604,366
372,35,35,752,752,0,56,56,772,772,0,0.0002382654276864427,0.0002382654276864427,595,595,0,-1,3,3,6,7,432,134,794
373,24,126,667,919,252,50,50,629,629,0,0.0005446066918547262,0.0005786446100956465,716,728,12,4,4,4,9,6,147,275,549
374,78,284,911,984,73,22,22,815,815,0,0.0025188059498281084,0.003199564314646516,919,932,13,3,3,3,2,15,776,36,92
375,0,206,1,960,959,0,20,1,488,487,0.0,0.0005786446100956465,1,722,721,3,-1,4,6,0,393,600,143
376,16,117,523,883,360,88,88,629,629,0,0.0002382654276864427,0.0002382654276864427,580,580,0,5,3,3,16,2,151,670,743
377,127,333,951,989,38,32,32,900,900,0,0.004050512270669526,0.009939072126348753,947,987,40,3,3,3,2,28,429,41,24
378,7,109,561,958,397,18,18,729,729,0,0.0002042275094455223,0.00034037918240920387,570,643,73,4,4,4,3,3,576,541,176
379,28,28,815,815,0,22,22,842,842,0,0.0010211375472276116,0.0010211375472276116,814,814,0,-1,3,3,2,5,686,306,753
380,30,132,796,957,161,12,12,593,593,0,0.0007147962830593281,0.0008169100377820892,776,792,16,4,4,4,2,9,653,245,504
381,0,206,1,953,952,0,29,1,438,437,0.0,0.00030634126416828345,1,634,633,3,-1,4,11,0,227,731,759
382,62,163,865,966,101,30,30,795,795,0,0.0010211375472276116,0.0010211375472276116,814,814,0,6,3,3,4,14,777,139,621
383,0,206,1,969,968,0,30,1,667,666,0.0,0.005412029000306341,1,965,964,3,-1,4,5,1,528,913,18
384,288,390,964,976,12,206,206,912,912,0,0.0035059055788147996,0.003710133088260322,933,938,5,4,2,2,17,38,94,111,505
385,7,109,600,962,362,7,8,582,588,6,0.00010211375472276115,0.0009870996289866913,492,823,331,4,4,4,2,2,481,244,174
386,54,54,780,780,0,140,140,827,827,0,0.0006467204465774873,0.0006467204465774873,725,725,0,-1,3,3,15,5,65,338,977
387,2,208,362,964,602,8,14,385,462,77,0.00010211375472276115,0.0005105687736138058,496,712,216,3,5,4,5,3,531,755,189
388,6,212,403,952,549,12,28,374,488,114,0.00010211375472276115,0.0012594029749140542,477,832,355,3,5,4,8,4,317,398,269
389,0,102,1,939,938,0,4,1,366,365,0.0,0.00010211375472276115,1,494,493,4,-1,5,3,0,699,903,500
390,1,1,331,331,0,2,2,331,331,0,0.0,0.0,1,1,0,-1,6,6,2,1,936,337,716
391,36,242,712,961,249,88,88,733,733,0,0.0005786446100956465,0.0006807583648184077,720,739,19,3,3,3,12,5,292,283,408
392,0,206,1,952,951,0,26,1,435,434,0.0,0.0002042275094455223,1,566,565,3,-1,4,10,0,135,940,182
393,2,208,358,968,610,8,18,390,532,142,0.0,0.00176997174852786,1,871,870,3,5,4,5,1,551,593,44
394,0,102,1,923,922,0,6,1,386,385,0.0,0.00013615167296368154,1,525,524,4,-1,5,4,0,631,902,385
395,0,0,1,1,0,0,0,1,1,0,0.0,0.0,1,1,0,-1,-1,-1,11,0,234,994,664
396,20,226,663,969,306,28,28,596,596,0,0.00037441710065012424,0.0004765308553728854,664,707,43,3,4,4,6,5,98,308,323
397,44,644,781,994,213,80,80,798,798,0,0.0004765308553728854,0.002995336805200994,697,917,220,2,3,3,10,4,427,246,112
398,0,206,1,946,945,0,23,1,400,399,0.0,0.0,1,1,0,3,-1,4,12,0,175,433,935
399,0,206,1,962,961,0,11,1,419,418,0.0,0.00037441710065012424,1,653,652,3,-1,4,5,0,546,588,378
400,35,136,719,910,191,70,70,723,723,0,0.0004765308553728854,0.0004765308553728854,695,695,0,5,3,3,10,7,272,371,484
401,32,133,742,932,190,32,32,689,689,0,0.0005105687736138058,0.0006807583648184077,706,743,37,5,3,3,5,7,492,303,755
402,7,213,524,970,446,20,32,528,674,146,6.807583648184077e-05,0.005786446100956465,452,961,509,3,4,4,6,2,494,323,9
403,1,207,333,968,635,4,15,333,508,175,0.0,0.0005446066918547262,1,736,735,3,6,4,4,1,547,703,177
404,8,110,467,885,418,48,49,457,461,4,6.807583648184077e-05,0.0002382654276864427,434,592,158,4,4,4,17,3,73,196,770
405,26,232,758,979,221,18,18,649,649,0,0.0009530617107457708,0.002212464685659825,801,898,97,3,4,4,3,5,903,273,166
406,150,150,913,913,0,232,232,926,926,0,0.0015657442390823377,0.0015657442390823377,857,857,0,-1,2,2,18,17,64,60,660
407,8,8,514,514,0,18,18,554,554,0,0.0005105687736138058,0.0005105687736138058,712,712,0,-1,4,4,3,3,704,209,538
408,52,153,782,921,139,88,88,716,716,0,0.0006126825283365669,0.0006126825283365669,739,739,0,6,3,3,12,11,52,249,703
409,27,128,681,912,231,40,40,520,520,0,6.807583648184077e-05,6.807583648184077e-05,444,444,0,5,4,4,10,9,256,191,540
410,2,104,366,934,568,5,6,369,388,19,0.0,6.807583648184077e-05,1,451,450,4,5,5,4,3,696,676,251
411,42,42,802,802,0,76,76,901,901,0,0.001599782157323258,0.001599782157323258,860,860,0,-1,3,3,6,6,295,471,789
412,20,122,583,884,301,56,56,497,497,0,6.807583648184077e-05,0.00010211375472276115,445,469,24,4,3,3,15,3,77,311,342
413,0,616,1,1000,999,0,20,1,797,796,0.0,0.0028932230504782326,1,928,927,2,-1,3,3,0,862,790,176
414,15,117,636,932,296,15,15,496,496,0,0.0002042275094455223,0.000442492937131965,560,693,133,4,4,4,4,6,544,459,683
415,0,206,1,963,962,0,14,1,407,406,0.0,0.00013615167296368154,1,519,518,3,-1,4,8,1,309,685,584
416,0,102,1,946,945,0,3,1,368,367,0.0,0.00013615167296368154,1,529,528,4,-1,5,2,0,988,520,362
417,6,6,438,438,0,40,40,641,641,0,0.00030634126416828345,0.00030634126416828345,625,625,0,-1,4,4,8,1,449,474,426
418,8,109,571,951,380,4,4,413,413,0,0.00017018959120460194,0.00017018959120460194,549,549,0,5,5,5,2,4,960,210,320
419,0,206,1,959,958,0,17,1,425,424,0.0,0.00013615167296368154,1,514,513,3,-1,4,7,0,417,961,263
420,0,102,1,970,969,0,3,1,415,414,0.0,0.00010211375472276115,1,499,498,4,-1,5,2,0,884,847,256
421,12,113,572,924,352,20,20,580,580,0,0.00017018959120460194,0.0002382654276864427,543,590,47,5,4,4,4,2,711,682,607
422,90,90,930,930,0,32,32,940,940,0,0.003267640151128357,0.003267640151128357,939,939,0,-1,3,3,2,15,838,153,976
423,30,132,814,966,152,28,28,859,859,0,0.0007488342013002485,0.0009530617107457708,768,797,29,4,3,3,3,6,576,379,291
424,31,31,786,786,0,36,36,782,782,0,0.0009530617107457708,0.0009530617107457708,808,808,0,-1,3,3,5,5,574,216,969
425,0,0,1,1,0,0,0,1,1,0,0.0,0.0,1,1,0,-1,-1,-1,7,0,324,954,816
426,0,206,1,954,953,0,35,1,457,456,0.0,0.0004084550188910446,1,660,659,3,-1,4,12,0,348,502,329
427,117,219,929,971,42,28,28,737,737,0,0.0018040096667687805,0.0020082371762143027,886,893,7,4,3,3,3,23,737,66,653
428,34,650,674,989,315,122,140,688,740,52,0.000442492937131965,0.0034037918240920387,669,929,260,2,3,3,20,9,70,29,88
429,6,212,420,968,548,20,20,497,497,0,0.0002382654276864427,0.00088498587426393,588,776,188,3,4,4,6,3,556,285,268
430,0,101,1,924,923,0,3,1,332,331,0.0,3.4037918240920386e-05,1,395,394,5,-1,6,3,1,592,456,496
431,1,207,332,967,635,4,16,332,510,178,0.0,0.0020082371762143027,1,881,880,3,7,4,4,2,887,448,123
432,1,207,333,959,626,7,15,333,417,84,3.4037918240920386e-05,0.0002042275094455223,406,567,161,3,6,4,7,1,417,437,810
433,0,206,1,971,970,0,12,1,490,489,0.0,0.0006467204465774873,1,746,745,3,-1,4,4,0,633,800,189
434,6,6,444,444,0,16,16,544,544,0,0.00017018959120460194,0.00017018959120460194,543,543,0,-1,4,4,4,1,740,404,583
435,0,102,1,934,933,0,6,1,391,390,0.0,6.807583648184077e-05,1,445,444,4,-1,5,4,0,610,740,370
436,0,206,1,975,974,0,18,1,702,701,0.0,0.0026549576227917903,1,916,915,3,-1,4,3,0,857,201,88
437,0,102,1,936,935,0,6,1,425,424,0.0,0.0006807583648184077,1,753,752,4,-1,5,3,2,568,431,412
438,18,120,729,954,225,10,10,531,531,0,0.0002042275094455223,0.0002382654276864427,577,601,24,4,4,4,3,8,569,286,576
439,0,616,1,995,994,0,44,1,693,692,0.0,0.002314578440382586,1,898,897,2,-1,3,7,0,505,989,36
440,71,173,865,952,87,70,70,915,915,0,0.002280540522141666,0.002280540522141666,898,898,0,4,2,2,5,9,406,293,639
441,6,212,480,977,497,10,14,537,611,74,0.0002042275094455223,0.003778208924742163,580,941,361,3,4,4,3,1,961,797,20
442,4,106,498,966,468,6,6,480,480,0,0.0002042275094455223,0.00034037918240920387,590,675,85,4,5,5,3,4,853,270,628
443,6,6,432,432,0,18,18,610,610,0,0.0005786446100956465,0.0005786446100956465,733,733,0,-1,4,4,3,1,930,404,349
444,16,632,525,991,466,54,108,493,700,207,0.00017018959120460194,0.0018040096667687805,533,866,333,2,3,3,17,1,210,837,58
445,40,656,695,988,293,116,150,630,719,89,0.00030634126416828345,0.0020422750944552232,630,884,254,2,3,3,21,8,54,521,39
446,0,0,1,1,0,0,0,1,1,0,0.0,0.0,1,1,0,-1,-1,-1,4,0,424,836,228
447,0,0,1,1,0,0,0,1,1,0,0.0,0.0,1,1,0,-1,-1,-1,8,0,186,923,930
448,18,634,626,994,368,42,56,599,698,99,0.00037441710065012424,0.0028591851322373124,649,912,263,2,4,3,9,3,166,173,43
449,0,102,1,936,935,0,4,1,377,376,0.0,0.00030634126416828345,1,644,643,4,-1,5,3,0,732,205,427
450,0,616,1,990,989,0,69,1,534,533,0.0,0.0012253650566731338,1,826,825,2,-1,3,18,0,86,675,99
451,6,6,410,410,0,18,18,437,437,0,0.00010211375472276115,0.00010211375472276115,489,489,0,-1,4,4,7,2,221,342,898
452,12,218,503,952,449,44,70,464,574,110,6.807583648184077e-05,0.0013955546478777359,448,843,395,3,4,4,15,3,104,598,117
453,22,22,603,603,0,80,80,578,578,0,0.00030634126416828345,0.00030634126416828345,614,614,0,-1,4,4,16,6,42,199,587
454,0,0,1,1,0,0,0,1,1,0,0.0,0.0,1,1,0,-1,-1,-1,3,0,797,990,778
455,0,206,1,960,959,0,16,1,428,427,0.0,0.00013615167296368154,1,514,513,3,-1,4,7,0,450,665,891
456,0,102,1,944,943,0,3,1,371,370,0.0,0.0002723033459273631,1,622,621,4,-1,5,2,0,548,737,519
457,10,112,575,926,351,20,20,615,615,0,0.0002042275094455223,0.0002723033459273631,576,614,38,4,4,4,4,4,593,622,661
458,0,206,1,974,973,0,18,1,612,611,0.0,0.00442492937131965,1,956,955,3,-1,4,3,0,651,993,5
459,1,102,333,967,634,2,2,333,333,0,6.807583648184077e-05,6.807583648184077e-05,454,454,0,5,6,6,2,1,807,603,558
460,0,206,1,943,942,0,25,1,379,378,0.0,6.807583648184077e-05,1,447,446,3,-1,4,17,0,210,943,238
461,22,124,738,944,206,24,24,778,778,0,0.001157289220191293,0.001497668402600497,837,864,27,4,3,3,3,5,745,535,366
462,12,12,563,563,0,26,26,586,586,0,0.00013615167296368154,0.00013615167296368154,520,520,0,-1,4,4,5,2,247,363,796
463,14,116,558,910,352,40,40,603,603,0,0.00017018959120460194,0.00030634126416828345,546,639,93,4,4,4,8,3,383,248,318
464,0,206,1,973,972,0,20,1,641,640,0.0,0.004731270635487933,1,950,949,3,-1,4,4,0,696,953,32
465,8,110,529,931,402,22,22,611,611,0,0.0,0.00030634126416828345,1,622,621,4,4,4,5,2,463,791,653
466,14,14,566,566,0,35,35,580,580,0,0.00034037918240920387,0.00034037918240920387,642,642,0,-1,4,4,8,3,146,653,821
467,38,140,695,898,203,108,108,708,708,0,0.000442492937131965,0.0004765308553728854,667,677,10,4,3,3,16,4,132,479,485
468,72,72,903,903,0,22,22,806,806,0,0.002586881786309949,0.002586881786309949,911,911,0,-1,3,3,2,17,993,85,674
469,2,208,358,971,613,5,12,359,457,98,3.4037918240920386e-05,0.0006126825283365669,407,743,336,3,5,4,4,1,566,437,340
470,82,82,886,886,0,18,18,608,608,0,0.002280540522141666,0.002280540522141666,891,891,0,-1,4,4,3,22,989,128,874
471,41,247,827,978,151,34,34,834,834,0,0.0014295925661186562,0.0018720855032506212,849,879,30,3,3,3,4,11,772,83,253
472,6,108,447,930,483,12,12,435,435,0,0.000442492937131965,0.0005105687736138058,703,717,14,4,5,5,6,3,657,307,420
473,0,206,1,945,944,0,56,1,504,503,0.0,0.0011232513019503727,1,814,813,3,-1,4,14,0,133,716,54
474,0,206,1,960,959,0,32,1,517,516,0.0,0.00030634126416828345,1,622,621,3,-1,4,8,0,218,812,551
475,0,616,1,995,994,0,54,1,693,692,0.0,0.003165526396405596,1,925,924,2,-1,3,8,0,499,436,142
476,0,0,1,1,0,0,0,1,1,0,0.0,0.0,1,1,0,-1,-1,-1,9,0,381,978,702
477,0,0,1,1,0,0,0,1,1,0,0.0,0.0,1,1,0,-1,-1,-1,3,0,484,796,429
478,324,324,981,981,0,94,94,972,972,0,0.008305252050784574,0.008305252050784574,976,976,0,-1,2,2,5,70,552,18,976
479,2,208,357,965,608,9,15,383,452,69,0.0,0.0005105687736138058,1,704,703,3,5,4,6,1,582,879,418
480,2,104,375,945,570,4,4,393,393,0,0.0,0.0010892133837094523,1,831,830,4,5,5,2,1,771,558,630
481,6,6,433,433,0,13,13,445,445,0,3.4037918240920386e-05,3.4037918240920386e-05,401,401,0,-1,4,4,5,2,701,690,715
482,1,1,333,333,0,7,7,333,333,0,0.0,0.0,1,1,0,-1,6,6,7,3,722,748,638
483,0,0,1,1,0,0,0,1,1,0,0.0,0.0,1,1,0,-1,-1,-1,4,0,631,735,828
484,73,175,841,933,92,102,102,791,791,0,0.0012253650566731338,0.0012934408931549745,831,836,5,4,3,3,12,13,222,340,334
485,160,160,942,942,0,118,118,952,952,0,0.003710133088260322,0.003710133088260322,936,936,0,-1,2,2,9,17,278,81,574
486,94,300,828,961,133,228,228,766,766,0,0.0009530617107457708,0.0016678579938050988,787,860,73,3,2,2,30,8,7,345,103
487,2,618,347,992,645,17,59,378,625,247,3.4037918240920386e-05,0.0018720855032506212,387,870,483,2,5,3,11,1,233,601,281
488,0,0,1,1,0,0,0,1,1,0,0.0,0.0,1,1,0,-1,-1,-1,4,0,448,820,367
489,651,651,994,994,0,216,216,993,993,0,0.013036522686272508,0.013036522686272508,985,985,0,-1,2,2,9,83,191,10,917
490,24,24,662,662,0,88,88,835,835,0,0.0009530617107457708,0.0009530617107457708,792,792,0,-1,3,3,8,4,244,288,882
491,0,206,1,967,966,0,26,1,607,606,0.0,0.002927260968719153,1,926,925,3,-1,4,5,0,438,254,14
492,0,0,1,1,0,0,0,1,1,0,0.0,0.0,1,1,0,-1,-1,-1,3,0,800,976,737
493,0,616,1,996,995,0,28,1,644,643,0.0,0.0008169100377820892,1,779,778,2,-1,3,5,1,531,895,439
494,0,101,1,940,939,0,2,1,331,330,0.0,3.4037918240920386e-05,1,403,402,5,-1,6,2,0,980,970,265
495,0,0,1,1,0,0,0,1,1,0,0.0,0.0,1,1,0,-1,-1,-1,14,0,268,824,514
496,12,114,677,968,291,10,10,579,579,0,0.00017018959120460194,0.0010211375472276116,537,812,275,4,4,4,3,6,786,199,67
497,0,102,1,911,910,0,6,1,354,353,0.0,0.0,1,1,0,4,-1,5,5,0,555,902,837
498,0,101,1,940,939,0,3,1,331,330,0.0,0.00013615167296368154,1,530,529,5,-1,6,3,0,800,884,523
499,188,188,948,948,0,180,180,975,975,0,0.006399128629293032,0.006399128629293032,967,967,0,-1,2,2,11,31,215,126,604
500,81,81,902,902,0,34,34,787,787,0,0.0020082371762143027,0.0020082371762143027,886,886,0,-1,3,3,4,19,648,72,701
501,6,622,482,999,517,9,24,494,792,298,6.807583648184077e-05,0.002927260968719153,444,929,485,2,4,3,3,2,590,550,435
502,44,250,821,975,154,30,30,748,748,0,0.0009190237925048504,0.0012934408931549745,798,841,43,3,3,3,4,7,544,218,136
503,6,212,390,953,563,36,40,466,481,15,0.0002042275094455223,0.0005786446100956465,561,723,162,3,4,4,14,3,79,309,107
504,44,44,772,772,0,86,86,777,777,0,0.0006467204465774873,0.0006467204465774873,736,736,0,-1,3,3,10,4,99,246,801
505,78,78,921,921,0,14,14,654,654,0,0.0012594029749140542,0.0012594029749140542,850,850,0,-1,4,4,3,34,790,89,921
506,8,8,565,565,0,14,14,593,593,0,0.00037441710065012424,0.00037441710065012424,670,670,0,-1,4,4,3,3,639,263,774
507,6,6,441,441,0,16,16,520,520,0,3.4037918240920386e-05,3.4037918240920386e-05,409,409,0,-1,4,4,4,2,453,544,436
508,8,8,522,522,0,22,22,495,495,0,0.0002042275094455223,0.0002042275094455223,570,570,0,-1,4,4,7,4,336,270,514
509,87,87,957,957,0,46,46,992,992,0,0.01242384015793594,0.01242384015793594,986,986,0,-1,2,2,2,22,782,203,554
510,6,212,453,971,518,10,14,481,541,60,0.00013615167296368154,0.0010892133837094523,524,832,308,3,4,4,3,1,780,810,64
511,2,208,351,955,604,15,21,378,415,37,6.807583648184077e-05,0.00030634126416828345,448,624,176,3,5,4,9,1,351,771,107
512,0,206,1,942,941,0,56,1,516,515,0.0,0.000442492937131965,1,673,672,3,-1,4,14,0,85,886,161
513,158,260,916,960,44,254,254,915,915,0,0.0015657442390823377,0.0015657442390823377,846,846,0,4,2,2,21,12,13,163,687
514,4,210,436,972,536,6,10,410,471,61,0.00010211375472276115,0.0005105687736138058,490,717,227,3,5,4,3,5,900,401,204
515,122,122,909,909,0,98,98,860,860,0,0.0020082371762143027,0.0020082371762143027,882,882,0,-1,3,3,8,16,434,78,769
516,0,206,1,966,965,0,12,1,438,437,0.0,0.00030634126416828345,1,631,630,3,-1,4,4,0,540,821,136
517,0,0,1,1,0,0,0,1,1,0,0.0,0.0,1,1,0,-1,-1,-1,6,0,157,514,768
518,0,0,1,1,0,0,0,1,1,0,0.0,0.0,1,1,0,-1,-1,-1,9,0,278,750,693
519,1,102,333,924,591,4,4,333,333,0,0.0,0.0,1,1,0,5,6,6,4,1,475,861,935
520,22,228,746,977,231,8,12,489,598,109,0.00030634126416828345,0.001157289220191293,651,844,193,3,4,4,2,11,886,316,67
521,6,6,428,428,0,36,36,646,646,0,0.0005105687736138058,0.0005105687736138058,709,709,0,-1,4,4,6,2,549,160,808
522,0,616,1,994,993,0,28,1,469,468,0.0,0.0006126825283365669,1,712,711,2,-1,3,10,1,109,472,241
523,2,104,348,894,546,10,12,349,367,18,0.0,0.0,1,1,0,4,5,5,9,2,147,663,420
524,110,110,923,923,0,62,62,954,954,0,0.003437829742332959,0.003437829742332959,938,938,0,-1,2,2,3,19,930,91,686
525,175,277,944,973,29,104,104,875,875,0,0.0024507301133462676,0.0026549576227917903,905,911,6,4,3,3,9,26,327,127,637
526,0,206,1,975,974,0,12,1,593,592,0.0,0.0008169100377820892,1,780,779,3,-1,4,2,1,966,705,375
527,0,0,1,1,0,0,0,1,1,0,0.0,0.0,1,1,0,-1,-1,-1,18,0,69,986,587
528,20,226,683,973,290,20,20,593,593,0,0.0002382654276864427,0.0005446066918547262,593,722,129,3,4,4,4,6,280,379,381
529,16,118,516,887,371,130,130,758,758,0,6.807583648184077e-05,6.807583648184077e-05,441,441,0,4,3,3,17,1,23,655,873
530,19,19,707,707,0,16,16,582,582,0,0.0005446066918547262,0.0005446066918547262,726,726,0,-1,4,4,4,7,772,389,514
531,0,101,1,900,899,0,7,1,332,331,0.0,0.0,1,1,0,5,-1,6,7,1,156,456,357
532,0,0,1,1,0,0,0,1,1,0,0.0,0.0,1,1,0,-1,-1,-1,9,0,168,715,747
533,0,206,1,979,978,0,20,1,740,739,0.0,0.005241839409101739,1,959,958,3,-1,4,4,2,860,752,18
534,14,116,604,929,325,18,18,505,505,0,0.0002723033459273631,0.0007147962830593281,623,754,131,4,4,4,5,3,464,93,391
535,6,6,424,424,0,18,18,433,433,0,0.00013615167296368154,0.00013615167296368154,506,506,0,-1,4,4,8,2,286,313,826
536,0,0,1,1,0,0,0,1,1,0,0.0,0.0,1,1,0,-1,-1,-1,9,0,140,574,990
537,32,32,719,719,0,40,40,704,704,0,0.0006467204465774873,0.0006467204465774873,740,740,0,-1,3,3,5,6,496,192,969
538,6,108,442,928,486,20,20,601,601,0,0.00017018959120460194,0.0002042275094455223,547,571,24,4,4,4,4,1,741,667,567
539,0,102,1,948,947,0,6,1,452,451,0.0,0.000442492937131965,1,688,687,4,-1,5,3,0,768,971,103
540,6,108,506,952,446,4,4,461,461,0,6.807583648184077e-05,0.0005786446100956465,448,739,291,4,5,5,2,3,760,526,184
541,1,1,333,333,0,5,5,333,333,0,0.0,0.0,1,1,0,-1,6,6,5,2,688,582,939
542,2,103,366,923,557,9,9,417,417,0,0.00010211375472276115,0.00010211375472276115,501,501,0,5,5,5,5,2,421,575,140
543,40,142,766,932,166,44,44,760,760,0,0.0012934408931549745,0.0013615167296368155,837,843,6,4,3,3,4,4,503,185,617
544,13,115,572,918,346,11,12,436,448,12,0.0002042275094455223,0.00088498587426393,569,784,215,4,4,4,4,6,391,279,186
545,0,0,1,1,0,0,0,1,1,0,0.0,0.0,1,1,0,-1,-1,-1,11,0,76,994,839
546,0,102,1,925,924,0,4,1,368,367,0.0,0.0,1,1,0,4,-1,5,3,0,829,898,491
547,8,110,507,913,406,24,24,499,499,0,6.807583648184077e-05,0.0002042275094455223,440,567,127,4,4,4,6,3,624,441,521
548,2,104,358,914,556,8,8,403,403,0,3.4037918240920386e-05,0.0005446066918547262,388,709,321,4,5,5,4,1,614,601,470
549,6,622,399,992,593,18,37,378,492,114,6.807583648184077e-05,0.001055175465468532,450,800,350,2,4,3,12,1,44,590,319
550,2,104,364,928,564,10,10,453,453,0,3.4037918240920386e-05,0.0002382654276864427,415,591,176,4,5,5,5,1,601,555,210
551,0,102,1,907,906,0,12,1,392,391,0.0,0.00013615167296368154,1,508,507,4,-1,5,8,0,442,429,637
552,132,132,928,928,0,68,68,931,931,0,0.002552843868069029,0.002552843868069029,906,906,0,-1,2,2,4,20,300,71,847
553,0,102,1,961,960,0,3,1,383,382,0.0,0.00013615167296368154,1,522,521,4,-1,5,2,0,799,986,262
554,51,51,813,813,0,58,58,765,765,0,0.0010892133837094523,0.0010892133837094523,819,819,0,-1,3,3,7,10,678,296,818
555,8,214,527,970,443,12,16,453,518,65,6.807583648184077e-05,0.0013274788113958951,449,846,397,3,4,4,4,3,304,496,183
556,128,128,896,896,0,280,280,840,840,0,0.0013615167296368155,0.0013615167296368155,835,835,0,-1,3,3,30,15,7,92,701
557,0,206,1,935,934,0,48,1,412,411,0.0,0.00017018959120460194,1,527,526,3,-1,4,23,0,43,839,501
558,162,368,940,980,40,78,78,854,854,0,0.0021784267674189047,0.0028932230504782326,891,914,23,3,3,3,8,34,146,89,179
559,40,142,696,906,210,176,176,804,804,0,0.0004084550188910446,0.0004084550188910446,657,657,0,4,2,2,19,1,89,681,899
560,30,236,762,972,210,34,34,757,757,0,0.00037441710065012424,0.0005446066918547262,667,722,55,3,3,3,4,5,753,308,248
561,0,206,1,983,982,0,8,1,571,570,0.0,0.002757071377514551,1,921,920,3,-1,4,2,0,799,728,25
562,2,2,369,369,0,6,6,424,424,0,0.0002042275094455223,0.0002042275094455223,581,581,0,-1,5,5,3,1,615,799,880
563,2,2,371,371,0,6,6,453,453,0,3.4037918240920386e-05,3.4037918240920386e-05,404,404,0,-1,5,5,3,1,683,899,538
564,0,0,1,1,0,0,0,1,1,0,0.0,0.0,1,1,0,-1,-1,-1,3,0,823,515,228
565,0,206,1,973,972,0,18,1,544,543,0.0,0.00088498587426393,1,785,784,3,-1,4,5,0,580,865,440
566,0,0,1,1,0,0,0,1,1,0,0.0,0.0,1,1,0,-1,-1,-1,4,0,578,888,991
567,0,102,1,903,902,0,10,1,372,371,0.0,0.0002723033459273631,1,607,606,4,-1,5,7,0,170,737,229
568,22,22,711,711,0,18,18,637,637,0,0.0006807583648184077,0.0006807583648184077,751,751,0,-1,4,4,3,9,577,293,832
569,329,431,980,986,6,118,118,933,933,0,0.005922597773920147,0.00616086320160659,970,971,1,4,3,3,8,49,244,31,350
570,36,138,833,961,128,28,28,832,832,0,0.0014636304843595766,0.001599782157323258,858,871,13,4,3,3,3,9,708,293,93
571,28,28,704,704,0,72,72,832,832,0,0.00088498587426393,0.00088498587426393,787,787,0,-1,3,3,7,4,171,326,881
572,0,206,1,956,955,0,10,1,405,404,0.0,0.00030634126416828345,1,625,624,3,-1,4,4,1,503,747,238
573,0,206,1,942,941,0,72,1,592,591,0.0,0.0020082371762143027,1,885,884,3,-1,4,14,0,85,987,158
574,0,0,1,1,0,0,0,1,1,0,0.0,0.0,1,1,0,-1,-1,-1,6,0,529,608,789
575,0,206,1,984,983,0,7,1,559,558,0.0,0.0010892133837094523,1,831,830,3,-1,4,2,0,950,574,646
576,0,101,1,921,920,0,3,1,331,330,0.0,0.0,1,1,0,6,-1,7,3,0,900,205,402
577,7,7,576,576,0,4,4,436,436,0,0.0002382654276864427,0.0002382654276864427,605,605,0,-1,5,5,2,6,878,424,986
578,120,120,934,934,0,70,70,922,922,0,0.002586881786309949,0.002586881786309949,907,907,0,-1,3,3,5,20,407,38,769
579,162,264,958,981,23,54,54,911,911,0,0.003948398515946765,0.00439089145307873,947,951,4,4,3,3,4,31,649,35,473
580,16,118,619,929,310,26,26,715,715,0,0.00017018959120460194,0.00030634126416828345,545,622,77,4,3,3,4,1,520,556,410
581,0,206,1,941,940,0,52,1,479,478,0.0,0.00088498587426393,1,779,778,3,-1,4,16,1,151,472,497
582,11,217,664,988,324,8,12,581,715,134,0.0002382654276864427,0.0013274788113958951,588,848,260,3,4,4,2,4,985,315,645
583,6,212,438,970,532,16,16,517,517,0,0.0002042275094455223,0.00030634126416828345,578,639,61,3,4,4,4,1,444,666,420
584,0,0,1,1,0,0,0,1,1,0,0.0,0.0,1,1,0,-1,-1,-1,7,0,447,713,573
585,0,102,1,945,944,0,4,1,431,430,0.0,0.0002042275094455223,1,579,578,4,-1,5,2,0,951,423,376
586,0,0,1,1,0,0,0,1,1,0,0.0,0.0,1,1,0,-1,-1,-1,2,0,739,565,674
587,1,1,333,333,0,4,4,333,333,0,0.0,0.0,1,1,0,-1,6,6,4,1,659,543,650
588,0,0,1,1,0,0,0,1,1,0,0.0,0.0,1,1,0,-1,-1,-1,3,0,731,804,849
589,0,102,1,916,915,0,5,1,359,358,0.0,0.0,1,1,0,4,-1,5,4,0,783,515,552
590,18,119,733,963,230,8,8,546,546,0,0.0008169100377820892,0.0008169100377820892,781,781,0,6,4,4,2,6,965,46,374
591,9,215,605,979,374,14,14,623,623,0,0.00034037918240920387,0.001157289220191293,664,826,162,3,4,4,3,4,600,287,83
592,25,126,813,968,155,8,8,571,571,0,0.0007828721195411688,0.0007828721195411688,795,795,0,5,4,4,2,10,995,195,325
593,6,6,424,424,0,40,40,604,604,0,0.00013615167296368154,0.00013615167296368154,506,506,0,-1,4,4,8,2,286,223,882
594,0,206,1,976,975,0,9,1,498,497,0.0,0.0002382654276864427,1,599,598,3,-1,4,3,0,615,875,370
595,12,12,525,525,0,34,34,518,518,0,0.00017018959120460194,0.00017018959120460194,544,544,0,-1,4,4,9,2,245,425,948
596,0,101,1,970,969,0,2,1,330,329,0.0,0.0002042275094455223,1,577,576,5,-1,6,2,0,920,936,280
597,0,0,1,1,0,0,0,1,1,0,0.0,0.0,1,1,0,-1,-1,-1,2,0,868,651,753
598,6,622,424,994,570,21,35,482,623,141,6.807583648184077e-05,0.0018040096667687805,445,878,433,2,4,3,7,1,329,935,391
599,1,103,333,910,577,5,8,333,384,51,0.0,0.00030634126416828345,1,627,626,4,6,5,5,2,537,292,521
600,6,107,464,934,470,9,9,479,479,0,3.4037918240920386e-05,6.807583648184077e-05,409,454,45,5,4,4,3,1,935,717,526
601,0,206,1,965,964,0,14,1,472,471,0.0,0.0012594029749140542,1,833,832,3,-1,4,5,0,338,604,397
602,6,212,402,956,554,22,26,412,435,23,0.00013615167296368154,0.00034037918240920387,512,645,133,3,4,4,11,1,234,899,121
603,2,208,360,967,607,6,13,361,454,93,0.0,0.0009530617107457708,1,803,802,3,5,4,5,1,565,601,296
604,0,0,1,1,0,0,0,1,1,0,0.0,0.0,1,1,0,-1,-1,-1,2,0,723,994,997
605,0,0,1,1,0,0,0,1,1,0,0.0,0.0,1,1,0,-1,-1,-1,15,1,102,650,938
606,26,642,698,997,299,38,52,626,753,127,0.0005786446100956465,0.006603356138738555,722,970,248,2,4,3,7,7,214,303,12
607,484,684,991,996,5,64,64,917,917,0,0.008986010415602982,0.01065386840940808,982,985,3,3,3,3,4,92,385,30,39
608,3,209,436,974,538,4,8,397,488,91,0.00010211375472276115,0.001497668402600497,494,860,366,3,5,4,2,3,886,761,227
609,27,129,763,945,182,24,24,681,681,0,0.0007828721195411688,0.0007828721195411688,773,773,0,4,4,4,4,9,617,293,406
610,40,40,696,696,0,194,194,841,841,0,0.001157289220191293,0.001157289220191293,821,821,0,-1,2,2,19,1,89,439,925
611,0,102,1,897,896,0,15,1,369,368,0.0,3.4037918240920386e-05,1,398,397,4,-1,5,11,0,176,917,230
612,8,8,515,515,0,18,18,519,519,0,3.4037918240920386e-05,3.4037918240920386e-05,413,413,0,-1,4,4,5,4,773,270,358
613,24,230,753,977,224,28,28,809,809,0,0.0010211375472276116,0.0017018959120460194,815,879,64,3,3,3,3,3,748,390,267
614,0,206,1,983,982,0,10,1,536,535,0.0,0.006671431975220395,1,965,964,3,-1,4,3,0,768,517,1
615,14,14,593,593,0,18,18,512,512,0,0.00030634126416828345,0.00030634126416828345,628,628,0,-1,4,4,5,3,701,378,445
616,80,182,876,957,81,54,54,866,866,0,0.0014295925661186562,0.0014636304843595766,855,856,1,4,3,3,4,9,500,277,719
617,34,136,802,948,146,28,28,772,772,0,0.0011232513019503727,0.0012253650566731338,827,836,9,4,3,3,3,8,592,264,492
618,9,111,491,882,391,76,76,579,579,0,0.0002042275094455223,0.0002042275094455223,568,568,0,4,4,4,16,5,50,395,896
619,331,433,993,997,4,48,48,955,955,0,0.011164437183021887,0.012491915994417782,990,991,1,4,3,3,3,83,953,10,129
620,16,222,631,969,338,28,28,732,732,0,0.0007147962830593281,0.0013274788113958951,761,854,93,3,3,3,3,1,490,612,204
621,4,210,438,974,536,8,20,414,586,172,0.0002042275094455223,0.0020422750944552232,578,889,311,3,5,4,4,2,495,682,212
622,242,344,970,980,10,142,142,979,979,0,0.006262976956329351,0.006331052792811192,967,968,1,4,2,2,8,27,286,25,229
623,35,241,752,970,218,70,70,877,877,0,0.0006807583648184077,0.0008509479560230097,751,780,29,3,3,3,5,4,719,312,339
624,18,224,569,953,384,56,60,533,552,19,0.0002382654276864427,0.0005105687736138058,567,699,132,3,4,4,14,4,268,625,212
625,0,206,1,963,962,0,12,1,443,442,0.0,0.0008169100377820892,1,783,782,3,-1,4,4,0,516,669,137
626,28,28,596,596,0,151,151,604,604,0,0.00034037918240920387,0.00034037918240920387,625,625,0,-1,3,3,35,3,20,307,978
627,36,36,705,705,0,110,110,684,684,0,0.0004084550188910446,0.0004084550188910446,670,670,0,-1,3,3,18,7,34,134,942
628,13,115,535,895,360,70,70,619,619,0,0.00017018959120460194,0.00030634126416828345,533,620,87,4,4,4,13,4,160,339,247
629,2,618,360,998,638,6,24,418,739,321,6.807583648184077e-05,0.002723033459273631,457,915,458,2,5,3,3,1,626,837,559
630,56,158,782,910,128,126,126,800,800,0,0.0008509479560230097,0.0008509479560230097,772,772,0,4,3,3,14,6,203,295,661
631,54,260,764,957,193,138,138,810,810,0,0.0007147962830593281,0.0008169100377820892,749,769,20,3,3,3,16,4,132,246,609
632,30,132,803,955,152,22,22,781,781,0,0.0006467204465774873,0.0007488342013002485,751,778,27,4,3,3,2,4,907,167,785
633,6,6,442,442,0,20,20,633,633,0,0.0005105687736138058,0.0005105687736138058,707,707,0,-1,4,4,4,1,511,439,990
634,18,120,668,936,268,22,22,582,582,0,0.00017018959120460194,0.0002723033459273631,534,611,77,4,4,4,5,8,430,477,508
635,0,616,1,997,996,0,34,1,754,753,0.0,0.0061949011198475104,1,971,970,2,-1,3,4,1,736,767,30
636,0,206,1,975,974,0,9,1,496,495,0.0,6.807583648184077e-05,1,459,458,3,-1,4,3,0,745,871,720
637,14,220,598,973,375,24,24,661,661,0,0.0007828721195411688,0.0009190237925048504,782,806,24,3,4,4,4,3,453,351,506
638,106,208,928,975,47,54,54,908,908,0,0.003437829742332959,0.0034718676605738795,932,933,1,4,3,3,4,19,475,135,301
639,0,0,1,1,0,0,0,1,1,0,0.0,0.0,1,1,0,-1,-1,-1,5,0,406,974,977
640,0,101,1,967,966,0,2,1,329,328,0.0,3.4037918240920386e-05,1,416,415,5,-1,6,2,0,936,856,799
641,6,6,480,480,0,8,8,492,492,0,3.4037918240920386e-05,3.4037918240920386e-05,401,401,0,-1,4,4,2,1,598,840,920
642,16,16,597,597,0,16,16,479,479,0,0.00030634126416828345,0.00030634126416828345,631,631,0,-1,4,4,4,4,448,315,823
643,0,0,1,1,0,0,0,1,1,0,0.0,0.0,1,1,0,-1,-1,-1,3,0,768,429,969
644,0,206,1,950,949,0,58,1,551,550,0.0,0.001055175465468532,1,802,801,3,-1,4,13,0,120,324,393
645,22,124,667,919,252,46,46,680,680,0,0.0004765308553728854,0.0006807583648184077,685,743,58,4,3,3,8,2,521,473,659
646,26,26,723,723,0,40,40,759,759,0,0.0009870996289866913,0.0009870996289866913,797,797,0,-1,3,3,5,4,338,333,965
647,2,104,377,945,568,4,4,407,407,0,0.0,0.00010211375472276115,1,484,483,4,5,5,2,1,713,506,258
648,38,38,710,710,0,78,78,693,693,0,0.00017018959120460194,0.00017018959120460194,553,553,0,-1,3,3,11,6,66,247,760
649,1,1,333,333,0,3,3,333,333,0,0.0,0.0,1,1,0,-1,7,7,3,3,797,626,649
650,6,108,514,959,445,8,8,552,552,0,0.00010211375472276115,0.0002042275094455223,504,580,76,4,4,4,2,1,889,553,586
651,43,249,811,974,163,22,26,576,631,55,0.0006807583648184077,0.002280540522141666,739,897,158,3,4,4,5,14,667,387,15
652,0,101,1,964,963,0,3,1,330,329,0.0,0.0,1,1,0,5,-1,6,3,0,786,520,734
653,0,0,1,1,0,0,0,1,1,0,0.0,0.0,1,1,0,-1,-1,-1,2,0,684,848,953
654,0,102,1,932,931,0,5,1,384,383,0.0,3.4037918240920386e-05,1,400,399,4,-1,5,3,0,791,782,86
655,0,0,1,1,0,0,0,1,1,0,0.0,0.0,1,1,0,-1,-1,-1,5,3,570,882,875
656,6,212,419,959,540,38,46,586,632,46,0.00010211375472276115,0.0016338200755641784,482,858,376,3,4,4,9,1,168,609,171
657,6,108,384,878,494,41,43,448,462,14,0.0,0.00010211375472276115,1,472,471,4,4,4,16,1,134,873,453
658,23,23,613,613,0,72,72,491,491,0,3.4037918240920386e-05,3.4037918240920386e-05,398,398,0,-1,3,3,22,3,55,526,826
659,0,102,1,918,917,0,5,1,360,359,0.0,3.4037918240920386e-05,1,400,399,4,-1,5,4,1,969,583,549
660,113,214,950,978,28,32,32,919,919,0,0.0029612988869600733,0.002995336805200994,922,922,0,6,3,3,2,24,937,13,265
661,21,21,704,704,0,32,32,727,727,0,0.0006126825283365669,0.0006126825283365669,740,740,0,-1,3,3,5,4,314,645,804
662,477,477,992,992,0,32,32,875,875,0,0.011266550937744648,0.011266550937744648,988,988,0,-1,3,3,2,85,859,0,542
663,0,0,1,1,0,0,0,1,1,0,0.0,0.0,1,1,0,-1,-1,-1,3,1,903,641,200
664,23,23,677,677,0,82,82,889,889,0,0.0012934408931549745,0.0012934408931549745,833,833,0,-1,3,3,7,3,398,390,472
665,70,70,905,905,0,38,38,895,895,0,0.002212464685659825,0.002212464685659825,907,907,0,-1,3,3,3,21,862,123,635
666,9,111,569,934,365,12,12,487,487,0,6.807583648184077e-05,0.0004765308553728854,448,701,253,4,4,4,4,3,635,485,159
667,0,206,1,975,974,0,8,1,484,483,0.0,0.0008509479560230097,1,794,793,3,-1,4,2,0,904,772,137
668,8,214,508,960,452,21,50,445,658,213,3.4037918240920386e-05,0.0016338200755641784,397,860,463,3,4,4,9,5,289,464,297
669,92,193,914,970,56,28,28,742,742,0,0.0019061234214915416,0.0020763130126961434,885,895,10,5,3,3,3,18,746,54,485
670,60,676,859,998,139,40,50,778,835,57,0.0006126825283365669,0.006977773239388679,733,972,239,2,3,3,5,17,644,327,24
671,2,104,348,866,518,33,33,379,379,0,0.0,0.0,1,1,0,4,5,5,19,3,89,755,594
672,0,206,1,959,958,0,12,1,425,424,0.0,0.00030634126416828345,1,637,636,3,-1,4,6,0,536,644,653
673,9,9,511,511,0,26,26,445,445,0,3.4037918240920386e-05,3.4037918240920386e-05,400,400,0,-1,4,4,11,3,379,347,900
674,14,116,644,941,297,16,16,554,554,0,0.000442492937131965,0.0006807583648184077,694,753,59,4,4,4,4,7,706,237,248
675,12,218,592,974,382,18,18,615,615,0,0.00013615167296368154,0.0007828721195411688,519,775,256,3,4,4,3,2,592,468,345
676,0,102,1,929,928,0,5,1,368,367,0.0,3.4037918240920386e-05,1,410,409,4,-1,5,4,0,491,887,549
677,14,14,651,651,0,10,10,501,501,0,0.0002042275094455223,0.0002042275094455223,582,582,0,-1,4,4,3,3,699,353,725
678,317,317,979,979,0,88,88,960,960,0,0.0057524081827155455,0.0057524081827155455,971,971,0,-1,2,2,4,49,503,31,620
679,0,206,1,967,966,0,14,1,453,452,0.0,0.0006467204465774873,1,740,739,3,-1,4,6,1,322,554,345
680,0,0,1,1,0,0,0,1,1,0,0.0,0.0,1,1,0,-1,-1,-1,3,0,627,740,706
681,0,206,1,959,958,0,24,1,468,467,0.0,0.0002382654276864427,1,585,584,3,-1,4,8,0,197,832,145
682,0,0,1,1,0,0,0,1,1,0,0.0,0.0,1,1,0,-1,-1,-1,3,0,459,860,789
683,10,111,550,913,363,22,22,495,495,0,0.00013615167296368154,0.00013615167296368154,514,514,0,6,4,4,7,5,336,722,344
684,28,129,718,931,213,40,40,735,735,0,0.00037441710065012424,0.0004084550188910446,663,674,11,5,3,3,5,3,492,318,578
685,0,206,1,958,957,0,24,1,423,422,0.0,0.0005786446100956465,1,728,727,3,-1,4,11,0,176,798,97
686,0,102,1,945,944,0,6,1,439,438,0.0,0.0004084550188910446,1,683,682,4,-1,5,3,0,485,796,340
687,45,45,851,851,0,28,28,815,815,0,0.00088498587426393,0.00088498587426393,803,803,0,-1,3,3,3,14,530,175,947
688,32,32,763,763,0,44,44,840,840,0,0.00037441710065012424,0.00037441710065012424,650,650,0,-1,3,3,4,2,832,827,977
689,0,0,1,1,0,0,0,1,1,0,0.0,0.0,1,1,0,-1,-1,-1,8,0,218,520,912
690,48,150,823,938,115,44,44,811,811,0,0.0006807583648184077,0.0007828721195411688,759,779,20,4,3,3,4,9,759,242,176
691,54,54,781,781,0,130,130,809,809,0,0.0007147962830593281,0.0007147962830593281,760,760,0,-1,3,3,15,4,68,267,927
692,0,0,1,1,0,0,0,1,1,0,0.0,0.0,1,1,0,-1,-1,-1,5,0,629,987,423
693,0,0,1,1,0,0,0,1,1,0,0.0,0.0,1,1,0,-1,-1,-1,3,0,888,832,330
694,58,58,770,770,0,152,152,744,744,0,0.0008509479560230097,0.0008509479560230097,772,772,0,-1,2,2,20,6,61,379,564
695,16,632,591,994,403,40,50,673,759,86,0.0002382654276864427,0.0015317063208414173,584,857,273,2,3,3,7,1,413,869,289
696,8,8,539,539,0,13,13,472,472,0,3.4037918240920386e-05,3.4037918240920386e-05,410,410,0,-1,4,4,5,5,517,231,705
697,60,266,846,974,128,60,60,882,882,0,0.0016678579938050988,0.002144388849177984,864,887,23,3,3,3,5,7,406,218,382
698,8,109,527,929,402,24,24,654,654,0,0.0004084550188910446,0.0004084550188910446,665,665,0,7,4,4,4,2,741,101,448
699,8,110,548,935,387,11,12,483,496,13,0.0002382654276864427,0.00037441710065012424,604,666,62,4,4,4,4,2,491,523,287
700,48,150,826,945,119,40,40,690,690,0,0.00037441710065012424,0.000442492937131965,663,684,21,4,3,3,7,10,477,262,810
701,52,258,800,968,168,98,98,759,759,0,0.0009530617107457708,0.001497668402600497,798,847,49,3,3,3,12,10,106,195,178
702,28,234,695,966,271,44,48,651,669,18,0.0005446066918547262,0.0008169100377820892,725,781,56,3,3,3,7,3,179,653,480
703,2,2,375,375,0,3,3,377,377,0,3.4037918240920386e-05,3.4037918240920386e-05,403,403,0,-1,5,5,2,1,942,878,887
704,41,247,822,976,154,48,60,858,894,36,0.0034037918240920387,0.005548180673270023,930,961,31,3,2,2,5,2,517,364,26
705,0,101,1,937,936,0,3,1,331,330,0.0,0.0,1,1,0,6,-1,7,3,1,899,947,603
706,8,8,582,582,0,10,10,544,544,0,0.0002042275094455223,0.0002042275094455223,590,590,0,-1,4,4,3,4,608,551,611
707,0,102,1,940,939,0,3,1,383,382,0.0,0.0002723033459273631,1,632,631,4,-1,5,2,0,820,823,266
708,9,111,527,911,384,11,11,397,397,0,3.4037918240920386e-05,0.0002382654276864427,398,578,180,4,5,5,6,6,470,279,458
709,0,0,1,1,0,0,0,1,1,0,0.0,0.0,1,1,0,-1,-1,-1,14,1,268,828,723
710,4,4,384,384,0,22,22,365,365,0,3.4037918240920386e-05,3.4037918240920386e-05,400,400,0,-1,5,5,18,2,86,694,783
711,0,0,1,1,0,0,0,1,1,0,0.0,0.0,1,1,0,-1,-1,-1,7,0,207,423,872
712,6,212,369,934,565,92,105,433,509,76,6.807583648184077e-05,0.0002042275094455223,442,543,101,3,4,4,36,2,16,419,704
713,2,208,354,959,605,8,26,354,508,154,0.0,0.00037441710065012424,1,660,659,3,5,4,7,1,221,671,328
714,0,0,1,1,0,0,0,1,1,0,0.0,0.0,1,1,0,-1,-1,-1,9,1,330,841,954
715,0,102,1,917,916,0,6,1,405,404,0.0,0.000442492937131965,1,695,694,4,-1,5,3,1,703,513,591
716,39,245,738,960,222,94,94,722,722,0,0.0007828721195411688,0.0008169100377820892,763,769,6,3,3,3,13,5,160,454,369
717,0,0,1,1,0,0,0,1,1,0,0.0,0.0,1,1,0,-1,-1,-1,7,1,296,780,866
718,10,10,639,639,0,12,12,683,683,0,0.0004084550188910446,0.0004084550188910446,688,688,0,-1,4,4,2,4,965,326,823
719,35,241,747,967,220,68,68,768,768,0,0.0005446066918547262,0.0012594029749140542,715,823,108,3,3,3,8,6,131,232,79
720,8,109,563,947,384,12,12,522,522,0,6.807583648184077e-05,0.00013615167296368154,452,514,62,5,4,4,4,3,789,536,627
721,0,206,1,973,972,0,26,1,653,652,0.0,0.0028591851322373124,1,922,921,3,-1,4,5,1,421,472,135
722,20,20,610,610,0,40,40,522,522,0,0.0002042275094455223,0.0002042275094455223,562,562,0,-1,4,4,10,4,153,380,968
723,0,0,1,1,0,0,0,1,1,0,0.0,0.0,1,1,0,-1,-1,-1,2,1,752,539,955
724,4,4,526,526,0,4,4,467,467,0,0.00010211375472276115,0.00010211375472276115,514,514,0,-1,5,5,2,5,941,570,672
725,24,125,676,919,243,58,58,728,728,0,0.00030634126416828345,0.00034037918240920387,634,653,19,5,3,3,8,3,142,318,484
726,6,107,508,962,454,9,9,543,543,0,0.00013615167296368154,0.0004084550188910446,513,679,166,5,4,4,3,1,877,594,840
727,0,206,1,971,970,0,11,1,457,456,0.0,0.0004765308553728854,1,708,707,3,-1,4,4,0,313,907,461
728,0,0,1,1,0,0,0,1,1,0,0.0,0.0,1,1,0,-1,-1,-1,9,0,306,514,822
729,0,0,1,1,0,0,0,1,1,0,0.0,0.0,1,1,0,-1,-1,-1,3,0,774,831,921
730,49,255,812,970,158,96,96,936,936,0,0.0019061234214915416,0.0020763130126961434,885,895,10,3,2,2,7,4,400,207,149
731,6,212,428,967,539,15,20,444,490,46,3.4037918240920386e-05,0.0004765308553728854,404,697,293,3,4,4,6,1,549,879,132
732,0,102,1,942,941,0,6,1,452,451,0.0,0.0006126825283365669,1,743,742,4,-1,5,3,0,953,937,145
733,0,0,1,1,0,0,0,1,1,0,0.0,0.0,1,1,0,-1,-1,-1,7,0,193,937,514
734,18,634,634,996,362,29,44,568,664,96,0.00030634126416828345,0.0011913271384322134,629,828,199,2,3,3,8,2,371,576,172
735,0,206,1,978,977,0,10,1,518,517,0.0,0.0009190237925048504,1,811,810,3,-1,4,3,0,642,808,194
736,0,616,1,989,988,0,48,1,432,431,0.0,0.0004084550188910446,1,657,656,2,-1,3,21,0,2,994,711
737,2,104,362,941,579,6,6,422,422,0,0.0,0.0008509479560230097,1,789,788,4,5,5,3,1,814,807,174
738,344,550,973,984,11,338,338,978,978,0,0.006909697402906838,0.007182000748834201,960,960,0,3,2,2,20,31,88,34,333
739,15,116,731,968,237,8,8,592,592,0,0.00034037918240920387,0.00037441710065012424,664,680,16,5,4,4,2,6,997,381,492
740,0,102,1,884,883,0,13,1,380,379,0.0,3.4037918240920386e-05,1,399,398,4,-1,5,8,0,218,980,156
741,0,0,1,1,0,0,0,1,1,0,0.0,0.0,1,1,0,-1,-1,-1,21,0,3,751,961
742,0,102,1,946,945,0,5,1,410,409,0.0,0.0002042275094455223,1,575,574,4,-1,5,3,0,600,715,115
743,0,206,1,970,969,0,11,1,436,435,0.0,0.0002723033459273631,1,610,609,3,-1,4,4,0,671,651,199
744,6,212,408,958,550,22,26,464,507,43,0.00010211375472276115,0.0004765308553728854,481,685,204,3,4,4,7,2,321,532,159
745,16,16,652,652,0,20,20,762,762,0,0.00017018959120460194,0.00017018959120460194,546,546,0,-1,3,3,3,1,583,891,974
746,16,222,542,949,407,70,74,595,612,17,0.0002723033459273631,0.00037441710065012424,599,653,54,3,3,3,14,1,332,110,527
747,251,457,978,995,17,52,52,967,967,0,0.007182000748834201,0.007828721195411689,972,975,3,3,2,2,3,50,825,33,186
748,6,6,427,427,0,14,14,499,499,0,0.0005786446100956465,0.0005786446100956465,726,726,0,-1,4,4,3,1,778,500,760
749,62,678,809,992,183,154,154,861,861,0,0.0016678579938050988,0.005514142755029102,864,960,96,2,3,3,14,6,85,397,16
750,18,120,758,969,211,10,10,591,591,0,0.00034037918240920387,0.0006467204465774873,658,759,101,4,4,4,3,6,668,432,487
751,0,206,1,939,938,0,82,1,619,618,0.0,0.001940161339732462,1,879,878,3,-1,4,15,0,124,963,135
752,0,206,1,976,975,0,12,1,596,595,0.0,0.0014295925661186562,1,860,859,3,-1,4,2,0,972,847,55
753,15,117,618,930,312,16,16,521,521,0,0.00034037918240920387,0.0006807583648184077,641,759,118,4,4,4,4,4,539,504,525
754,188,804,946,994,48,188,188,949,949,0,0.0032336022328874367,0.004152626025392287,929,941,12,2,2,2,14,19,84,133,46
755,30,30,773,773,0,14,14,546,546,0,0.0006126825283365669,0.0006126825283365669,755,755,0,-1,4,4,3,9,864,414,859
756,18,18,733,733,0,12,12,714,714,0,0.0005446066918547262,0.0005446066918547262,732,732,0,-1,4,4,2,5,876,221,975
757,30,132,788,953,165,22,22,760,760,0,0.0006126825283365669,0.0006467204465774873,746,753,7,4,3,3,2,6,589,258,458
758,0,0,1,1,0,0,0,1,1,0,0.0,0.0,1,1,0,-1,-1,-1,17,0,103,877,906
759,0,616,1,998,997,0,28,1,741,740,0.0,0.0048674223084516155,1,954,953,2,-1,3,3,0,746,511,126
760,29,29,741,741,0,32,32,621,621,0,0.0006126825283365669,0.0006126825283365669,739,739,0,-1,4,4,6,10,275,296,638
761,0,206,1,945,944,0,60,1,544,543,0.0,0.0010211375472276116,1,801,800,3,-1,4,14,0,144,877,281
762,12,218,569,967,398,24,24,526,526,0,0.0002042275094455223,0.00034037918240920387,567,654,87,3,4,4,6,2,387,468,365
763,52,52,778,778,0,106,106,743,743,0,0.0008169100377820892,0.0008169100377820892,765,765,0,-1,3,3,15,6,102,658,776
764,0,206,1,970,969,0,12,1,484,483,0.0,0.00010211375472276115,1,492,491,3,-1,4,4,1,885,568,541
765,0,102,1,938,937,0,3,1,369,368,0.0,0.00013615167296368154,1,515,514,4,-1,5,2,1,596,913,93
766,0,0,1,1,0,0,0,1,1,0,0.0,0.0,1,1,0,-1,-1,-1,5,0,744,356,982
767,2,104,353,910,557,8,8,388,388,0,0.0,0.00030634126416828345,1,638,637,4,5,5,5,1,438,618,237
768,66,168,941,983,42,22,22,920,920,0,0.0035059055788147996,0.004220701861874128,947,956,9,4,3,3,2,26,941,112,261
769,17,119,593,898,305,52,52,538,538,0,0.00010211375472276115,0.0002042275094455223,482,563,81,4,4,4,12,5,116,528,761
770,11,217,583,971,388,18,18,637,637,0,0.0004084550188910446,0.0014295925661186562,672,861,189,3,4,4,3,4,577,557,151
771,49,49,810,810,0,86,86,899,899,0,0.0018380475850097008,0.0018380475850097008,872,872,0,-1,2,2,7,4,525,125,825
772,0,102,1,940,939,0,3,1,370,369,0.0,0.0004084550188910446,1,684,683,4,-1,5,2,0,804,967,90
773,18,18,658,658,0,26,26,707,707,0,0.0002723033459273631,0.0002723033459273631,616,616,0,-1,3,3,4,2,753,468,778
774,0,102,1,926,925,0,6,1,422,421,0.0,0.0002723033459273631,1,625,624,4,-1,5,3,3,831,753,645
775,12,218,605,974,369,26,26,701,701,0,0.0002723033459273631,0.0007147962830593281,613,754,141,3,4,4,5,4,727,551,295
776,7,213,494,962,468,40,40,604,604,0,0.0004084550188910446,0.0007828721195411688,675,762,87,3,4,4,8,3,201,354,221
777,186,392,939,980,41,220,220,946,946,0,0.0027911092957554717,0.002825147213996392,919,919,0,3,3,3,15,19,51,133,719
778,0,206,1,964,963,0,18,1,518,517,0.0,0.0004765308553728854,1,710,709,3,-1,4,5,1,773,948,382
779,0,102,1,901,900,0,10,1,376,375,0.0,0.00013615167296368154,1,514,513,4,-1,5,7,1,273,747,648
780,2,2,350,350,0,13,13,373,373,0,0.0,0.0,1,1,0,-1,5,5,9,3,100,676,629
781,1,1,333,333,0,6,6,333,333,0,0.0,0.0,1,1,0,-1,7,7,6,2,630,448,554
782,0,0,1,1,0,0,0,1,1,0,0.0,0.0,1,1,0,-1,-1,-1,6,0,441,881,911
783,0,102,1,924,923,0,6,1,363,362,0.0,0.0,1,1,0,4,-1,5,5,0,430,254,756
784,111,317,874,969,95,144,152,766,788,22,0.0014636304843595766,0.0028932230504782326,848,909,61,3,2,2,18,12,69,159,72
785,45,147,886,973,87,28,28,898,898,0,0.0011913271384322134,0.0015657442390823377,839,872,33,4,3,3,3,17,668,327,487
786,6,1646,457,1000,543,19,58,629,970,341,0.00013615167296368154,0.027945130875795636,527,996,469,1,4,2,4,1,777,168,116
787,0,206,1,958,957,0,17,1,425,424,0.0,3.4037918240920386e-05,1,404,403,3,-1,4,7,0,193,887,661
788,16,222,529,948,419,54,84,472,587,115,0.00010211375472276115,0.0015317063208414173,480,851,371,3,3,3,17,1,6,594,129
789,26,232,767,980,213,22,22,769,769,0,0.0004765308553728854,0.001157289220191293,712,832,120,3,3,3,2,4,653,328,293
790,16,16,602,602,0,66,66,843,843,0,0.0005786446100956465,0.0005786446100956465,739,739,0,-1,3,3,6,2,352,160,851
791,24,126,742,949,207,22,22,760,760,0,0.0008169100377820892,0.0011913271384322134,788,837,49,4,3,3,2,5,643,306,535
792,10,112,604,947,343,8,8,503,503,0,0.0002382654276864427,0.00030634126416828345,613,649,36,4,4,4,2,3,761,353,549
793,18,18,678,678,0,18,18,630,630,0,0.0008509479560230097,0.0008509479560230097,799,799,0,-1,4,4,3,3,780,382,632
794,0,0,1,1,0,0,0,1,1,0,0.0,0.0,1,1,0,-1,-1,-1,2,0,884,632,913
795,190,190,949,949,0,122,122,948,948,0,0.005173763572619898,0.005173763572619898,955,955,0,-1,2,2,8,29,358,142,867
796,25,126,751,946,195,16,16,559,559,0,0.0002382654276864427,0.0002723033459273631,595,616,21,5,4,4,4,7,611,176,885
797,9,9,582,582,0,16,16,554,554,0,0.00013615167296368154,0.00013615167296368154,520,520,0,-1,4,4,4,4,617,339,817
798,10,112,568,934,366,26,26,625,625,0,0.0002042275094455223,0.00030634126416828345,582,630,48,4,4,4,5,3,688,222,795
799,6,6,425,425,0,38,38,578,578,0,0.00037441710065012424,0.00037441710065012424,653,653,0,-1,4,4,9,1,278,869,859
800,22,638,637,991,354,88,108,847,916,69,0.0008509479560230097,0.01055175465468532,767,981,214,2,3,3,8,5,303,412,11
801,6,6,526,526,0,5,5,420,420,0,3.4037918240920386e-05,3.4037918240920386e-05,400,400,0,-1,5,5,3,5,922,487,981
802,0,0,1,1,0,0,0,1,1,0,0.0,0.0,1,1,0,-1,-1,-1,8,0,449,955,871
803,0,0,1,1,0,0,0,1,1,0,0.0,0.0,1,1,0,-1,-1,-1,16,1,26,650,737
804,52,154,837,951,114,40,40,747,747,0,0.0007488342013002485,0.00088498587426393,781,804,23,4,3,3,5,9,665,414,29
805,1,1,333,333,0,10,10,333,333,0,0.0,0.0,1,1,0,-1,6,6,10,1,355,603,775
806,0,102,1,890,889,0,11,1,354,353,0.0,3.4037918240920386e-05,1,401,400,4,-1,5,10,0,211,916,523
807,191,397,936,977,41,202,202,937,937,0,0.002280540522141666,0.0024507301133462676,899,907,8,3,2,2,14,27,133,304,557
808,28,130,704,910,206,94,94,836,836,0,0.0011232513019503727,0.0011232513019503727,822,822,0,4,3,3,9,3,202,103,319
809,16,222,533,955,422,108,108,794,794,0,0.00037441710065012424,0.0007828721195411688,654,762,108,3,3,3,13,1,120,404,439
810,2,2,356,356,0,10,10,376,376,0,6.807583648184077e-05,6.807583648184077e-05,447,447,0,-1,5,5,7,1,466,687,943
811,0,206,1,968,967,0,18,1,526,525,0.0,0.0009190237925048504,1,802,801,3,-1,4,5,1,386,814,118
812,2,618,350,990,640,13,46,378,637,259,3.4037918240920386e-05,0.0017018959120460194,398,866,468,2,5,3,8,1,317,717,60
813,0,206,1,961,960,0,22,1,480,479,0.0,0.0007147962830593281,1,748,747,3,-1,4,7,0,400,644,630
814,12,218,561,965,404,36,36,652,652,0,0.0007488342013002485,0.0012253650566731338,766,828,62,3,4,4,6,5,345,535,192
815,8,214,533,974,441,14,22,494,593,99,3.4037918240920386e-05,0.0002382654276864427,402,600,198,3,4,4,5,3,848,361,541
816,0,616,1,994,993,0,42,1,646,645,0.0,0.0018040096667687805,1,869,868,2,-1,3,8,0,521,922,43
817,39,245,819,977,158,25,25,742,742,0,0.0004084550188910446,0.0012934408931549745,686,848,162,3,3,3,4,10,610,262,415
818,18,120,672,938,266,16,16,554,554,0,0.00030634126416828345,0.00034037918240920387,624,642,18,4,4,4,4,4,458,443,282
819,0,206,1,976,975,0,20,1,653,652,0.0,0.0028591851322373124,1,919,918,3,-1,4,4,0,794,488,75
820,0,206,1,968,967,0,16,1,543,542,0.0,0.003982436434187685,1,941,940,3,-1,4,4,0,740,977,5
821,34,34,788,788,0,18,18,605,605,0,0.0005786446100956465,0.0005786446100956465,738,738,0,-1,4,4,3,9,836,414,839
822,14,14,675,675,0,12,12,603,603,0,0.00034037918240920387,0.00034037918240920387,662,662,0,-1,4,4,2,3,992,318,802
823,0,102,1,913,912,0,7,1,373,372,0.0,0.0002382654276864427,1,586,585,4,-1,5,5,0,701,423,869
824,20,122,678,925,247,28,28,589,589,0,0.0005105687736138058,0.0005105687736138058,719,719,0,4,4,4,6,5,526,308,373
825,0,102,1,932,931,0,4,1,405,404,0.0,0.0012594029749140542,1,847,846,4,-1,5,2,0,931,798,66
826,0,206,1,977,976,0,10,1,507,506,0.0,0.0007828721195411688,1,781,780,3,-1,4,3,0,770,918,160
827,1,102,333,930,597,4,4,333,333,0,3.4037918240920386e-05,3.4037918240920386e-05,402,402,0,5,6,6,4,2,507,357,597
828,15,15,678,678,0,16,16,589,589,0,0.0004765308553728854,0.0004765308553728854,702,702,0,-1,4,4,4,4,789,267,672
829,128,128,917,917,0,142,142,918,918,0,0.0022465026039007454,0.0022465026039007454,895,895,0,-1,3,3,12,15,93,36,942
830,18,224,600,960,360,36,40,505,523,18,0.00013615167296368154,0.0006467204465774873,507,736,229,3,4,4,10,3,125,536,262
831,0,102,1,938,937,0,3,1,370,369,0.0,0.0002042275094455223,1,592,591,4,-1,5,2,1,283,949,420
832,2,208,364,975,611,5,10,396,500,104,0.0,0.0004084550188910446,1,691,690,3,5,4,3,1,826,618,381
833,9,111,581,946,365,8,8,494,494,0,0.00013615167296368154,0.0002042275094455223,526,576,50,4,4,4,2,3,609,508,528
834,539,745,995,999,4,70,70,913,913,0,0.01058579257292624,0.010824058000612683,985,985,0,3,3,3,5,96,599,1,192
835,6,108,482,943,461,10,10,504,504,0,0.00010211375472276115,0.0002042275094455223,485,582,97,4,4,4,3,4,590,409,339
836,18,119,606,907,301,54,54,730,730,0,0.0002042275094455223,0.0002042275094455223,565,565,0,5,3,3,7,2,436,323,140
837,1,1,331,331,0,2,2,331,331,0,0.0,0.0,1,1,0,-1,6,6,2,2,973,292,733
838,4,210,419,964,545,13,18,403,454,51,3.4037918240920386e-05,0.0002042275094455223,408,587,179,3,5,4,8,5,318,476,958
839,154,360,972,994,22,32,32,945,945,0,0.007828721195411689,0.008577555396711936,971,977,6,3,3,3,2,50,942,33,438
840,0,102,1,912,911,0,8,1,357,356,0.0,6.807583648184077e-05,1,438,437,4,-1,5,7,1,361,428,607
841,255,357,978,988,10,70,70,952,952,0,0.0053099152455835805,0.005548180673270023,956,962,6,4,3,3,5,61,580,14,562
842,0,102,1,955,954,0,3,1,393,392,0.0,0.00013615167296368154,1,541,540,4,-1,5,2,0,913,988,452
843,0,206,1,937,936,0,59,1,447,446,0.0,0.00013615167296368154,1,496,495,3,-1,4,21,0,54,766,107
844,0,101,1,930,929,0,4,1,330,329,0.0,0.0,1,1,0,5,-1,6,4,0,573,928,837
845,15,117,570,900,330,54,54,646,646,0,0.00017018959120460194,0.0002042275094455223,542,576,34,4,4,4,9,5,192,510,441
846,6,6,433,433,0,14,14,558,558,0,6.807583648184077e-05,6.807583648184077e-05,448,448,0,-1,4,4,3,1,726,958,800
847,0,206,1,969,968,0,10,1,453,452,0.0,0.00030634126416828345,1,636,635,3,-1,4,3,0,930,979,52
848,0,0,1,1,0,0,0,1,1,0,0.0,0.0,1,1,0,-1,-1,-1,8,0,411,976,699
849,0,616,1,1000,999,0,22,1,824,823,0.0,0.0038462847612240037,1,943,942,2,-1,3,2,0,817,987,203
850,0,0,1,1,0,0,0,1,1,0,0.0,0.0,1,1,0,-1,-1,-1,5,0,669,546,698
851,9,625,515,993,478,29,43,465,586,121,3.4037918240920386e-05,0.0007488342013002485,391,762,371,2,4,3,11,3,248,485,351
852,0,206,1,943,942,0,35,1,416,415,0.0,0.00034037918240920387,1,640,639,3,-1,4,17,0,210,957,240
853,0,0,1,1,0,0,0,1,1,0,0.0,0.0,1,1,0,-1,-1,-1,15,0,37,900,643
854,7,109,486,899,413,26,27,461,467,6,3.4037918240920386e-05,0.000442492937131965,404,676,272,4,4,4,10,3,241,373,308
855,0,0,1,1,0,0,0,1,1,0,0.0,0.0,1,1,0,-1,-1,-1,2,0,874,851,936
856,166,268,949,974,25,100,100,957,957,0,0.0045270431260424114,0.004629156880765172,953,954,1,4,2,2,6,25,341,47,247
857,0,0,1,1,0,0,0,1,1,0,0.0,0.0,1,1,0,-1,-1,-1,5,0,571,985,455
858,97,1737,857,1000,143,116,150,856,931,75,0.0016678579938050988,0.013002484768031588,856,982,126,1,2,2,11,14,307,175,27
859,2,618,351,991,640,19,72,398,722,324,0.0,0.003267640151128357,1,928,927,2,5,3,10,1,204,618,69
860,6,212,411,965,554,18,23,440,495,55,0.0,0.0002042275094455223,1,569,568,3,4,4,8,1,309,552,637
861,0,0,1,1,0,0,0,1,1,0,0.0,0.0,1,1,0,-1,-1,-1,3,0,337,816,919
862,6,108,493,946,453,14,14,623,623,0,0.0004084550188910446,0.000442492937131965,681,691,10,4,4,4,3,1,953,404,714
863,0,101,1,938,937,0,2,1,327,326,0.0,0.00010211375472276115,1,490,489,5,-1,6,2,0,906,674,537
864,2,208,366,976,610,3,8,368,493,125,3.4037918240920386e-05,0.0016338200755641784,404,866,462,3,5,4,2,1,609,421,47
865,134,236,926,968,42,86,86,916,916,0,0.002927260968719153,0.002927260968719153,922,922,0,4,3,3,6,17,432,81,556
866,14,220,618,974,356,18,18,658,658,0,0.00013615167296368154,0.0007828721195411688,508,786,278,3,4,4,3,4,864,567,510
867,192,398,957,985,28,100,100,953,953,0,0.0028932230504782326,0.003437829742332959,920,934,14,3,2,2,6,33,536,15,185
868,22,22,608,608,0,74,74,599,599,0,0.0004765308553728854,0.0004765308553728854,692,692,0,-1,4,4,15,8,81,521,723
869,0,206,1,941,940,0,43,1,448,447,0.0,0.0004765308553728854,1,676,675,3,-1,4,16,1,132,814,407
870,0,101,1,922,921,0,6,1,332,331,0.0,0.0,1,1,0,6,-1,7,6,0,594,963,972
871,213,314,966,979,13,108,108,948,948,0,0.00442492937131965,0.00442492937131965,949,949,0,5,3,3,8,36,325,48,484
872,40,142,812,953,141,54,54,916,916,0,0.002212464685659825,0.0023486163586235067,895,905,10,4,2,2,4,1,611,727,385
873,10,10,511,511,0,36,36,482,482,0,0.00017018959120460194,0.00017018959120460194,541,541,0,-1,4,4,12,4,222,332,914
874,36,137,746,927,181,62,62,793,793,0,0.0007147962830593281,0.0007147962830593281,755,755,0,5,3,3,7,7,472,134,807
875,0,206,1,950,949,0,21,1,390,389,0.0,0.00010211375472276115,1,484,483,3,-1,4,13,0,129,848,408
876,19,121,755,965,210,20,20,855,855,0,0.00888389666088022,0.009088124170325743,979,980,1,4,3,3,3,4,877,230,432
877,42,42,788,788,0,48,48,666,666,0,0.0004084550188910446,0.0004084550188910446,666,666,0,-1,3,3,9,8,278,386,925
878,0,102,1,940,939,0,4,1,404,403,0.0,0.00030634126416828345,1,644,643,4,-1,5,2,0,894,833,312
879,1,617,332,994,662,3,28,332,682,350,0.0,0.0038462847612240037,1,944,943,2,6,3,3,2,731,344,17
880,6,212,404,949,545,42,46,518,537,19,0.00017018959120460194,0.0007147962830593281,543,750,207,3,4,4,11,3,279,309,308
881,6,107,438,924,486,12,12,459,459,0,3.4037918240920386e-05,0.00010211375472276115,400,487,87,5,4,4,4,1,736,899,631
882,40,40,784,784,0,58,58,873,873,0,0.0008509479560230097,0.0008509479560230097,782,782,0,-1,2,2,6,2,341,223,699
883,6,212,436,965,529,16,20,462,508,46,6.807583648184077e-05,0.00034037918240920387,448,650,202,3,4,4,6,1,455,531,410
884,5,107,445,930,485,6,6,398,398,0,0.00010211375472276115,0.000442492937131965,488,695,207,4,5,5,3,3,834,311,516
885,2,2,371,371,0,4,4,397,397,0,0.0,0.0,1,1,0,-1,5,5,2,1,886,837,903
886,0,0,1,1,0,0,0,1,1,0,0.0,0.0,1,1,0,-1,-1,-1,2,0,799,998,254
887,6,6,429,429,0,12,12,457,457,0,0.0,0.0,1,1,0,-1,4,4,4,1,694,762,894
888,16,16,552,552,0,106,106,809,809,0,0.0006467204465774873,0.0006467204465774873,740,740,0,-1,3,3,11,2,279,482,866
889,0,102,1,944,943,0,4,1,435,434,0.0,0.0004084550188910446,1,681,680,4,-1,5,2,2,929,775,382
890,22,22,671,671,0,38,38,663,663,0,0.00034037918240920387,0.00034037918240920387,641,641,0,-1,4,4,7,5,264,182,669
891,2,2,355,355,0,9,9,385,385,0,3.4037918240920386e-05,3.4037918240920386e-05,397,397,0,-1,5,5,5,1,793,935,772
892,0,102,1,924,923,0,6,1,409,408,0.0,0.0002723033459273631,1,615,614,4,-1,5,3,0,592,997,191
893,279,381,981,987,6,44,44,859,859,0,0.006841621566424997,0.007147962830593281,970,970,0,4,3,3,4,59,740,5,187
894,6,108,470,939,469,8,8,484,484,0,6.807583648184077e-05,0.00017018959120460194,442,547,105,4,4,4,2,1,972,416,424
895,34,240,759,966,207,56,56,795,795,0,0.0009190237925048504,0.0012594029749140542,799,838,39,3,3,3,6,6,630,377,275
896,0,0,1,1,0,0,0,1,1,0,0.0,0.0,1,1,0,-1,-1,-1,5,1,311,747,359
897,34,135,817,954,137,28,28,798,798,0,0.00088498587426393,0.00088498587426393,805,805,0,5,3,3,3,8,861,161,599
898,34,650,662,988,326,124,138,660,691,31,0.000442492937131965,0.0010211375472276116,673,806,133,2,3,3,21,5,54,252,308
899,32,238,805,980,175,18,18,654,654,0,0.0011232513019503727,0.0013615167296368155,830,856,26,3,4,4,3,12,670,172,593
900,69,171,880,963,83,68,68,961,961,0,0.0035739814152966403,0.004663194799006093,937,957,20,4,2,2,4,8,741,161,100
901,0,101,1,901,900,0,7,1,332,331,0.0,0.0,1,1,0,5,-1,6,7,0,525,600,842
902,0,0,1,1,0,0,0,1,1,0,0.0,0.0,1,1,0,-1,-1,-1,3,0,745,707,746
903,2,104,346,872,526,26,30,357,370,13,3.4037918240920386e-05,6.807583648184077e-05,393,437,44,4,5,5,22,2,22,692,623
904,0,0,1,1,0,0,0,1,1,0,0.0,0.0,1,1,0,-1,-1,-1,3,0,837,649,732
905,266,368,957,978,21,306,306,968,968,0,0.004663194799006093,0.004765308553728854,948,950,2,4,2,2,19,26,89,112,239
906,6,6,388,388,0,64,64,558,558,0,0.00013615167296368154,0.00013615167296368154,511,511,0,-1,4,4,14,1,85,561,883
907,44,250,845,984,139,12,12,635,635,0,0.0007488342013002485,0.0017359338302869397,770,880,110,3,4,4,2,17,723,226,326
908,14,14,542,542,0,33,33,525,525,0,0.00013615167296368154,0.00013615167296368154,504,504,0,-1,4,4,9,5,414,688,921
909,128,229,940,973,33,38,38,852,852,0,0.003710133088260322,0.004050512270669526,941,946,5,5,3,3,3,24,703,13,527
910,19,225,632,969,337,44,44,628,628,0,0.00034037918240920387,0.0006126825283365669,648,740,92,3,4,4,8,5,199,510,576
911,2,618,347,989,642,17,146,347,805,458,6.807583648184077e-05,0.0088498587426393,447,973,526,2,5,3,16,2,117,656,10
912,40,142,812,953,141,20,20,612,612,0,0.0004084550188910446,0.001055175465468532,671,819,148,4,4,4,4,13,611,340,193
913,0,0,1,1,0,0,0,1,1,0,0.0,0.0,1,1,0,-1,-1,-1,4,0,614,992,965
914,37,138,772,942,170,32,32,640,640,0,0.0008509479560230097,0.0009190237925048504,766,782,16,5,4,4,6,10,556,413,615
915,6,6,428,428,0,15,15,444,444,0,0.0,0.0,1,1,0,-1,4,4,6,2,549,885,583
916,54,155,851,955,104,24,24,702,702,0,0.0017018959120460194,0.00176997174852786,860,861,1,5,4,4,4,17,550,45,558
917,0,102,1,893,892,0,12,1,368,367,0.0,0.00013615167296368154,1,502,501,4,-1,5,9,0,422,571,653
918,6,6,456,456,0,20,20,629,629,0,0.00010211375472276115,0.00010211375472276115,492,492,0,-1,4,4,4,1,461,958,839
919,0,101,1,915,914,0,3,1,331,330,0.0,0.0,1,1,0,5,-1,6,3,0,726,919,466
920,64,166,793,929,136,118,118,721,721,0,0.0005105687736138058,0.0007828721195411688,694,751,57,4,3,3,18,10,86,262,432
921,0,206,1,976,975,0,9,1,485,484,0.0,6.807583648184077e-05,1,460,459,3,-1,4,3,1,579,554,378
922,0,206,1,965,964,0,14,1,463,462,0.0,3.4037918240920386e-05,1,408,407,3,-1,4,5,0,396,546,655
923,6,108,438,924,486,16,16,507,507,0,0.00030634126416828345,0.0006126825283365669,643,746,103,4,4,4,4,1,736,527,521
924,0,206,1,949,948,0,39,1,437,436,0.0,0.0005446066918547262,1,704,703,3,-1,4,16,0,26,772,366
925,4,4,401,401,0,20,20,396,396,0,0.00013615167296368154,0.00013615167296368154,515,515,0,-1,5,5,11,3,188,646,966
926,16,16,523,523,0,84,84,610,610,0,3.4037918240920386e-05,3.4037918240920386e-05,400,400,0,-1,3,3,16,1,151,452,847
927,0,102,1,942,941,0,4,1,392,391,0.0,0.00017018959120460194,1,554,553,4,-1,5,2,0,771,929,722
928,20,122,702,949,247,28,28,777,777,0,0.0008169100377820892,0.00088498587426393,778,796,18,4,3,3,3,3,756,268,829
929,209,415,966,987,21,96,96,944,944,0,0.004901460226692535,0.005514142755029102,957,959,2,3,3,3,6,35,549,57,103
930,40,246,767,968,201,48,48,682,682,0,0.000442492937131965,0.0005446066918547262,698,730,32,3,3,3,7,7,678,422,191
931,0,206,1,949,948,0,52,1,562,561,0.0,0.0012934408931549745,1,835,834,3,-1,4,12,0,194,400,53
932,0,102,1,927,926,0,3,1,362,361,0.0,3.4037918240920386e-05,1,404,403,4,-1,5,2,0,846,952,763
933,6,6,445,445,0,20,20,557,557,0,0.0002382654276864427,0.0002382654276864427,603,603,0,-1,4,4,4,4,558,409,823
934,0,101,1,954,953,0,2,1,331,330,0.0,0.0,1,1,0,5,-1,6,2,0,946,834,495
935,0,206,1,958,957,0,31,1,484,483,0.0,0.0006467204465774873,1,737,736,3,-1,4,10,0,409,723,658
936,0,0,1,1,0,0,0,1,1,0,0.0,0.0,1,1,0,-1,-1,-1,2,0,232,974,515
937,16,117,694,949,255,14,14,583,583,0,0.00037441710065012424,0.0005786446100956465,666,735,69,5,4,4,3,4,835,167,229
938,8,110,512,911,399,14,14,444,444,0,0.0,0.00010211375472276115,1,485,484,4,4,4,5,4,474,442,648
939,25,127,765,947,182,12,12,599,599,0,0.0006467204465774873,0.00088498587426393,746,795,49,4,4,4,2,6,926,295,480
940,2,208,353,954,601,12,26,368,462,94,0.0,0.00034037918240920387,1,658,657,3,5,4,9,1,213,853,115
941,14,14,639,639,0,14,14,558,558,0,0.00030634126416828345,0.00030634126416828345,650,650,0,-1,4,4,3,4,825,202,983
942,28,234,639,953,314,90,90,586,586,0,0.0002723033459273631,0.0005446066918547262,605,700,95,3,3,3,18,6,64,247,275
943,0,616,1,990,989,0,96,1,551,550,0.0,0.0015657442390823377,1,856,855,2,-1,3,23,0,30,898,297
944,33,33,810,810,0,28,28,805,805,0,0.00034037918240920387,0.00034037918240920387,645,645,0,-1,3,3,3,13,564,256,730
945,13,115,558,914,356,28,28,514,514,0,0.00017018959120460194,0.0002382654276864427,530,584,54,4,4,4,8,3,308,458,764
946,42,42,834,834,0,32,32,898,898,0,0.00176997174852786,0.00176997174852786,883,883,0,-1,3,3,2,13,689,255,864
947,26,26,757,757,0,25,25,740,740,0,0.0005786446100956465,0.0005786446100956465,747,747,0,-1,3,3,4,6,824,258,981
948,2,103,371,941,570,4,4,397,397,0,0.00013615167296368154,0.00017018959120460194,527,561,34,5,5,5,2,1,886,958,570
949,0,206,1,972,971,0,24,1,680,679,0.0,0.0024166921951053475,1,914,913,3,-1,4,4,0,619,611,25
950,6,212,403,958,555,20,27,406,447,41,0.0,0.00030634126416828345,1,621,620,3,4,4,10,1,99,853,504
951,0,101,1,953,952,0,3,1,329,328,0.0,6.807583648184077e-05,1,455,454,5,-1,6,3,0,918,937,464
952,18,18,690,690,0,28,28,739,739,0,0.00017018959120460194,0.00017018959120460194,535,535,0,-1,3,3,5,2,557,628,548
953,18,18,565,565,0,68,68,513,513,0,0.00017018959120460194,0.00017018959120460194,533,533,0,-1,3,3,19,2,148,408,866
954,37,243,803,979,176,30,30,755,755,0,0.0007828721195411688,0.0010892133837094523,778,817,39,3,3,3,4,6,767,467,454
955,1,207,333,970,637,5,18,333,507,174,0.0,0.0006126825283365669,1,739,738,3,6,4,5,2,724,509,192
956,0,0,1,1,0,0,0,1,1,0,0.0,0.0,1,1,0,-1,-1,-1,4,0,512,925,819
957,5,211,444,972,528,5,9,388,452,64,0.00013615167296368154,0.00037441710065012424,528,665,137,3,5,4,3,4,801,398,718
958,8,8,468,468,0,38,38,423,423,0,3.4037918240920386e-05,3.4037918240920386e-05,392,392,0,-1,4,4,17,2,71,749,844
959,0,102,1,913,912,0,7,1,385,384,0.0,0.00017018959120460194,1,543,542,4,-1,5,4,0,614,707,256
960,2,208,361,971,610,9,14,416,479,63,0.0,0.00176997174852786,1,874,873,3,5,4,5,1,463,807,69
961,0,206,1,973,972,0,14,1,495,494,0.0,0.0008509479560230097,1,787,786,3,-1,4,5,0,435,980,53
962,0,102,1,889,888,0,17,1,386,385,0.0,0.00013615167296368154,1,519,518,4,-1,5,10,3,204,478,363
963,18,120,666,943,277,14,14,524,524,0,0.0002382654276864427,0.0002723033459273631,592,621,29,4,4,4,3,5,484,314,214
964,37,243,730,960,230,110,110,864,864,0,0.0009870996289866913,0.001157289220191293,802,821,19,3,3,3,10,7,128,630,263
965,0,206,1,955,954,0,34,1,507,506,0.0,0.0006467204465774873,1,741,740,3,-1,4,9,0,192,934,355
966,44,44,753,753,0,84,84,700,700,0,0.00037441710065012424,0.00037441710065012424,656,656,0,-1,3,3,12,9,52,341,920
967,0,0,1,1,0,0,0,1,1,0,0.0,0.0,1,1,0,-1,-1,-1,5,0,604,564,783
968,0,206,1,946,945,0,29,1,432,431,0.0,0.00017018959120460194,1,540,539,3,-1,4,12,0,175,574,202
969,0,206,1,939,938,0,51,1,378,377,0.0,0.0002042275094455223,1,556,555,3,-1,4,35,0,20,944,383
970,131,131,948,948,0,62,62,967,967,0,0.005412029000306341,0.005412029000306341,963,963,0,-1,2,2,3,18,864,141,554
971,286,387,972,982,10,204,204,980,980,0,0.007011811157629599,0.007011811157629599,970,970,0,5,2,2,11,31,230,34,466
972,34,34,771,771,0,34,34,718,718,0,0.0006807583648184077,0.0006807583648184077,763,763,0,-1,3,3,4,5,638,338,794
973,0,101,1,896,895,0,7,1,331,330,0.0,0.0,1,1,0,5,-1,6,7,0,472,961,603
974,54,54,854,854,0,18,18,658,658,0,0.00088498587426393,0.00088498587426393,797,797,0,-1,4,4,3,15,864,219,604
975,24,125,667,917,250,80,80,794,794,0,0.0008169100377820892,0.0008509479560230097,780,786,6,5,3,3,9,3,803,351,503
976,39,140,838,966,128,34,34,834,834,0,0.0012594029749140542,0.0012934408931549745,840,841,1,5,3,3,4,11,789,166,756
977,16,632,679,999,320,24,38,785,902,117,0.0002382654276864427,0.007692569522448007,622,974,352,2,3,3,3,1,530,474,50
978,56,262,796,964,168,100,100,702,702,0,0.0005446066918547262,0.0010211375472276116,720,804,84,3,3,3,15,11,95,52,382
979,0,616,1,994,993,0,86,1,645,644,0.0,0.0026549576227917903,1,916,915,2,-1,3,14,0,121,839,57
980,50,256,838,974,136,40,40,776,776,0,0.0009530617107457708,0.005684332346233704,810,959,149,3,3,3,5,14,412,175,5
981,8,8,516,516,0,26,26,565,565,0,0.0002723033459273631,0.0002723033459273631,610,610,0,-1,4,4,7,2,404,634,520
982,1,1,333,333,0,2,2,333,333,0,0.0,0.0,1,1,0,-1,6,6,2,3,586,676,846
983,0,102,1,903,902,0,10,1,367,366,0.0,6.807583648184077e-05,1,447,446,4,-1,5,8,0,301,994,411
984,0,616,1,994,993,0,30,1,672,671,0.0,0.0026549576227917903,1,914,913,2,-1,3,4,0,509,674,47
985,55,157,900,977,77,18,18,785,785,0,0.0016678579938050988,0.0022465026039007454,877,907,30,4,4,4,3,19,730,144,289
986,41,41,772,772,0,32,32,558,558,0,0.0008169100377820892,0.0008169100377820892,776,776,0,-1,4,4,8,10,468,413,882
987,50,151,816,940,124,42,42,778,778,0,0.0008509479560230097,0.0008509479560230097,784,784,0,5,3,3,5,9,818,245,615
988,85,85,873,873,0,72,72,858,858,0,0.0021784267674189047,0.0021784267674189047,888,888,0,-1,3,3,7,14,658,84,568
989,97,97,925,925,0,38,38,879,879,0,0.0017359338302869397,0.0017359338302869397,874,874,0,-1,3,3,3,20,791,71,981
990,10,111,602,943,341,8,8,488,488,0,0.00017018959120460194,0.00017018959120460194,558,558,0,5,4,4,2,4,705,625,748
991,2,208,352,957,605,13,21,372,413,41,0.00010211375472276115,0.00010211375472276115,475,475,0,3,5,4,9,3,287,708,434
992,0,0,1,1,0,0,0,1,1,0,0.0,0.0,1,1,0,-1,-1,-1,5,0,773,979,483
993,12,218,643,982,339,8,8,523,523,0,0.0002042275094455223,0.0013615167296368155,574,853,279,3,4,4,2,2,929,425,190
994,0,616,1,997,996,0,40,1,789,788,0.0,0.013683243132849994,1,989,988,2,-1,3,5,0,476,928,37
995,0,102,1,876,875,0,20,1,383,382,0.0,3.4037918240920386e-05,1,399,398,4,-1,5,12,0,87,844,363
996,2,618,366,997,631,8,26,415,720,305,6.807583648184077e-05,0.002314578440382586,457,900,443,2,5,3,4,1,558,334,281
997,2,618,348,988,640,19,106,353,688,335,0.0,0.0017359338302869397,1,863,862,2,5,3,17,1,80,590,81
998,0,616,1,997,996,0,24,1,599,598,0.0,0.0012594029749140542,1,837,836,2,-1,3,5,0,386,877,224
999,0,206,1,952,951,0,32,1,460,459,0.0,0.00088498587426393,1,782,781,3,-1,4,12,2,187,752,163
