,FreeNet_pre_score,FreeNet_post_score,FreeNet_pre_rank,FreeNet_post_rank,FreeNet_delta_ranks,Reversed_pre_score,Reversed_post_score,Reversed_pre_rank,Reversed_post_rank,Reversed_delta_ranks,Random_pre_score,Random_post_score,Random_pre_rank,Random_post_rank,Random_delta_ranks,dist_victim_relayer,dist_victim_vilain_pre,dist_victim_vilain_post,out_deg_victim,in_deg_villain,victim,villain,relayer
0,24,125,773,958,185,24,24,817,817,0,0.0008169100377820892,0.0008169100377820892,784,784,0,6,3,3,3,6,902,471,736
1,48,254,839,979,140,34,34,817,817,0,0.0012594029749140542,0.001599782157323258,831,858,27,3,3,3,4,12,511,67,381
2,53,53,846,846,0,54,54,917,917,0,0.002212464685659825,0.002212464685659825,897,897,0,-1,3,3,4,17,513,213,985
3,100,100,934,934,0,100,100,998,998,0,0.07627897477790259,0.07627897477790259,999,999,0,-1,1,1,2,5,747,225,276
4,2,103,358,902,544,16,16,429,429,0,0.00010211375472276115,0.00010211375472276115,479,479,0,5,5,5,8,1,454,870,885
5,53,154,882,967,85,22,22,832,832,0,0.0014295925661186562,0.0014295925661186562,867,867,0,5,3,3,2,13,681,261,225
6,22,228,606,948,342,66,66,524,524,0,6.807583648184077e-05,0.00010211375472276115,449,479,30,3,3,3,16,3,27,361,578
7,0,101,1,958,957,0,2,1,332,331,0.0,0.0,1,1,0,8,-1,9,2,0,878,919,765
8,6,6,477,477,0,24,24,707,707,0,0.0007828721195411688,0.0007828721195411688,778,778,0,-1,4,4,4,1,721,612,856
9,2,103,396,967,571,2,2,333,333,0,0.00017018959120460194,0.0002723033459273631,554,621,67,5,6,6,2,3,807,646,496
10,50,152,830,951,121,40,40,754,754,0,0.001055175465468532,0.0011913271384322134,824,837,13,4,3,3,5,5,773,403,447
11,0,101,1,938,937,0,3,1,332,331,0.0,0.0,1,1,0,5,-1,6,3,0,708,934,484
12,16,632,535,990,455,118,128,796,828,32,0.00017018959120460194,0.002484768031587188,540,909,369,2,3,3,13,1,41,168,396
13,8,214,513,970,457,12,24,442,605,163,0.00010211375472276115,0.0026889955410327104,500,919,419,3,4,4,4,2,870,579,142
14,0,0,1,1,0,0,0,1,1,0,0.0,0.0,1,1,0,-1,-1,-1,9,0,414,786,573
15,287,389,981,991,10,54,54,916,916,0,0.009530617107457708,0.009598692943939549,983,983,0,4,3,3,4,75,611,24,791
16,6,212,402,955,553,46,50,548,558,10,0.00034037918240920387,0.00037441710065012424,638,656,18,3,4,4,11,2,150,670,770
17,0,0,1,1,0,0,0,1,1,0,0.0,0.0,1,1,0,-1,-1,-1,12,0,58,969,588
18,0,0,1,1,0,0,0,1,1,0,0.0,0.0,1,1,0,-1,-1,-1,4,0,721,725,644
19,180,796,929,999,70,232,236,898,900,2,0.002212464685659825,0.006467204465774873,892,967,75,2,2,2,21,20,1,49,16
20,0,0,1,1,0,0,0,1,1,0,0.0,0.0,1,1,0,-1,-1,-1,12,0,252,349,733
21,80,80,866,866,0,52,52,743,743,0,0.0013274788113958951,0.0013274788113958951,838,838,0,-1,3,3,7,18,505,148,693
22,16,118,533,893,360,76,76,634,634,0,0.0002382654276864427,0.0004084550188910446,570,668,98,4,3,3,13,1,120,727,486
23,80,286,838,969,131,158,158,882,882,0,0.00088498587426393,0.0012594029749140542,776,830,54,3,2,2,14,7,85,169,591
24,18,18,635,635,0,21,21,484,484,0,0.00017018959120460194,0.00017018959120460194,544,544,0,-1,4,4,7,3,273,485,488
25,38,244,808,974,166,38,38,864,864,0,0.0004765308553728854,0.0015657442390823377,704,866,162,3,3,3,3,5,636,221,137
26,1,207,331,989,658,2,8,331,614,283,0.0,0.0024507301133462676,1,919,918,3,6,4,2,1,866,540,81
27,6,107,388,877,489,32,32,431,431,0,0.0,0.0,1,1,0,5,4,4,14,1,181,506,331
28,0,206,1,953,952,0,24,1,411,410,0.0,0.00013615167296368154,1,515,514,3,-1,4,11,0,227,843,182
29,67,169,803,920,117,130,130,713,713,0,0.0002723033459273631,0.0002723033459273631,608,608,0,4,3,3,19,7,36,176,899
30,2,2,370,370,0,6,6,425,425,0,0.0002723033459273631,0.0002723033459273631,619,619,0,-1,5,5,3,1,670,869,949
31,40,40,766,766,0,54,54,747,747,0,0.0011913271384322134,0.0011913271384322134,821,821,0,-1,3,3,8,8,541,174,971
32,1,207,332,982,650,2,8,332,518,186,0.0,0.0013274788113958951,1,850,849,3,8,4,2,1,938,765,94
33,243,345,965,976,11,120,120,909,909,0,0.004322815616596889,0.00442492937131965,946,947,1,4,3,3,10,36,409,48,251
34,36,36,805,805,0,22,22,740,740,0,0.00088498587426393,0.00088498587426393,799,799,0,-1,3,3,2,9,846,145,608
35,2,104,375,946,571,5,6,407,453,46,6.807583648184077e-05,0.0006126825283365669,446,747,301,4,5,5,3,2,642,518,352
36,0,616,1,995,994,0,46,1,812,811,0.0,0.008339289969025495,1,979,978,2,-1,3,5,0,599,804,7
37,40,656,741,993,252,106,116,809,846,37,0.0006126825283365669,0.004322815616596889,728,947,219,2,3,3,11,4,279,267,16
38,235,336,985,995,10,46,46,982,982,0,0.009939072126348753,0.009939072126348753,983,983,0,6,2,2,2,49,995,31,460
39,22,124,657,912,255,62,62,779,779,0,0.0009870996289866913,0.0011913271384322134,811,836,25,4,3,3,7,2,714,475,891
40,0,206,1,976,975,0,8,1,509,508,0.0,0.0005786446100956465,1,743,742,3,-1,4,2,0,964,911,628
41,20,122,650,915,265,28,28,533,533,0,0.0002723033459273631,0.00030634126416828345,607,624,17,4,4,4,8,6,595,258,248
42,12,114,486,879,393,54,54,475,475,0,0.00010211375472276115,0.00013615167296368154,466,502,36,4,4,4,17,3,103,361,416
43,0,0,1,1,0,0,0,1,1,0,0.0,0.0,1,1,0,-1,-1,-1,21,0,1,515,665
44,42,144,753,918,165,84,84,729,729,0,0.0005446066918547262,0.0007147962830593281,715,750,35,4,3,3,12,6,194,376,435
45,30,132,828,970,142,18,18,850,850,0,0.0005446066918547262,0.0011913271384322134,728,836,108,4,3,3,2,8,878,132,296
46,0,102,1,897,896,0,13,1,388,387,0.0,6.807583648184077e-05,1,444,443,4,-1,5,8,0,383,864,309
47,6,107,449,917,468,18,18,539,539,0,0.00013615167296368154,0.00013615167296368154,523,523,0,6,4,4,5,1,412,659,595
48,8,208,496,959,463,26,26,469,469,0,6.807583648184077e-05,0.0006126825283365669,448,726,278,3,4,4,10,3,437,441,184
49,0,0,1,1,0,0,0,1,1,0,0.0,0.0,1,1,0,-1,-1,-1,9,0,803,902,945
50,2,103,351,885,534,13,13,366,366,0,0.0,0.0,1,1,0,6,5,5,10,1,256,743,595
51,0,101,1,884,883,0,9,1,332,331,0.0,0.0,1,1,0,5,-1,6,9,0,269,546,357
52,19,19,681,681,0,46,46,823,823,0,0.0004084550188910446,0.0004084550188910446,677,677,0,-1,3,3,5,3,524,222,892
53,0,0,1,1,0,0,0,1,1,0,0.0,0.0,1,1,0,-1,-1,-1,7,0,346,751,783
54,28,129,766,946,180,18,18,706,706,0,0.0009530617107457708,0.0009530617107457708,810,810,0,5,4,4,3,9,882,415,577
55,635,737,995,997,2,116,116,969,969,0,0.01497668402600497,0.01507879778072773,989,989,0,4,2,2,7,118,413,37,551
56,13,115,513,887,374,76,76,579,579,0,0.0002382654276864427,0.0002723033459273631,586,599,13,4,4,4,16,4,50,278,223
57,177,383,965,989,24,50,50,853,853,0,0.004493005207801491,0.011845195547840293,953,985,32,3,3,3,5,35,291,57,0
58,1,102,333,933,600,3,3,333,333,0,0.0,0.0,1,1,0,6,6,6,3,2,640,663,621
59,0,616,1,993,992,0,81,1,580,579,0.0,0.001055175465468532,1,805,804,2,-1,3,18,0,34,635,630
60,34,34,726,726,0,64,64,741,741,0,0.0007828721195411688,0.0007828721195411688,762,762,0,-1,3,3,9,7,249,169,852
61,88,88,895,895,0,40,40,754,754,0,0.0025188059498281084,0.0025188059498281084,914,914,0,-1,3,3,5,19,773,91,969
62,2,104,356,907,551,9,10,395,419,24,0.0,0.0004084550188910446,1,678,677,4,5,5,5,1,599,807,256
63,0,102,1,922,921,0,6,1,361,360,0.0,3.4037918240920386e-05,1,404,403,4,-1,5,5,1,294,513,560
64,2,208,371,975,604,4,9,374,502,128,3.4037918240920386e-05,0.0002042275094455223,394,567,173,3,5,4,3,1,523,601,315
65,0,0,1,1,0,0,0,1,1,0,0.0,0.0,1,1,0,-1,-1,-1,19,1,19,583,880
66,274,274,977,977,0,116,116,976,976,0,0.007522379931243405,0.007522379931243405,972,972,0,-1,2,2,7,34,305,20,925
67,106,312,923,984,61,48,48,918,918,0,0.0020763130126961434,0.002552843868069029,878,899,21,3,3,3,3,20,554,109,134
68,44,145,731,915,184,132,132,768,768,0,0.0008509479560230097,0.0008509479560230097,775,775,0,5,3,3,17,6,210,377,357
69,24,24,732,732,0,18,18,603,603,0,0.0004765308553728854,0.0004765308553728854,701,701,0,-1,4,4,3,7,484,150,932
70,104,310,939,990,51,46,46,979,979,0,0.004731270635487933,0.009598692943939549,951,984,33,3,2,2,2,16,906,78,6
71,0,0,1,1,0,0,0,1,1,0,0.0,0.0,1,1,0,-1,-1,-1,14,0,203,604,779
72,5,5,451,451,0,6,6,407,407,0,0.00013615167296368154,0.00013615167296368154,524,524,0,-1,5,5,3,4,869,319,731
73,52,668,814,995,181,70,74,825,827,2,0.0011232513019503727,0.002552843868069029,823,909,86,2,2,2,8,6,646,486,120
74,0,102,1,893,892,0,14,1,385,384,0.0,6.807583648184077e-05,1,450,449,4,-1,5,9,0,289,992,380
75,8,8,494,494,0,32,32,479,479,0,6.807583648184077e-05,6.807583648184077e-05,441,441,0,-1,4,4,11,2,176,680,973
76,10,112,578,939,361,10,10,494,494,0,0.0002723033459273631,0.0004084550188910446,614,676,62,4,4,4,3,3,627,307,248
77,6,212,457,971,514,8,8,464,464,0,0.00017018959120460194,0.00037441710065012424,544,664,120,3,4,4,2,1,909,527,479
78,0,206,1,968,967,0,16,1,456,455,0.0,0.0005786446100956465,1,723,722,3,-1,4,6,0,341,356,163
79,19,19,717,717,0,20,20,766,766,0,0.00030634126416828345,0.00030634126416828345,639,639,0,-1,3,3,3,7,748,451,695
80,5,106,447,924,477,9,9,407,407,0,6.807583648184077e-05,6.807583648184077e-05,441,441,0,7,5,5,5,3,644,485,703
81,20,20,700,700,0,10,10,516,516,0,0.0006807583648184077,0.0006807583648184077,768,768,0,-1,4,4,3,8,710,250,933
82,22,123,618,898,280,86,86,645,645,0,0.0006467204465774873,0.0006467204465774873,734,734,0,9,3,3,14,5,154,535,647
83,1,103,332,957,625,2,4,332,467,135,0.00010211375472276115,0.0005446066918547262,484,742,258,4,6,5,2,2,995,654,382
84,20,226,645,971,326,36,36,674,674,0,0.0004084550188910446,0.0005446066918547262,670,722,52,3,4,4,6,5,624,165,720
85,0,101,1,893,892,0,9,1,332,331,0.0,0.0,1,1,0,5,-1,6,9,0,289,782,885
86,0,206,1,973,972,0,20,1,631,630,0.0,0.005650294427992784,1,957,956,3,-1,4,4,0,581,941,24
87,117,117,970,970,0,22,22,893,893,0,0.005037611899656217,0.005037611899656217,961,961,0,-1,3,3,2,31,788,34,843
88,0,0,1,1,0,0,0,1,1,0,0.0,0.0,1,1,0,-1,-1,-1,4,0,675,517,801
89,26,128,702,924,222,32,32,670,670,0,0.0002723033459273631,0.0005446066918547262,604,717,113,4,3,3,5,4,426,156,232
90,336,438,977,983,6,190,190,978,978,0,0.004901460226692535,0.004969536063174376,956,956,0,4,2,2,12,48,183,56,309
91,92,708,916,999,83,28,28,797,797,0,0.002552843868069029,0.0040845501889104465,919,948,29,2,3,3,3,19,901,133,173
92,33,33,757,757,0,36,36,627,627,0,0.0002382654276864427,0.0002382654276864427,595,595,0,-1,3,3,7,9,335,191,574
93,0,102,1,940,939,0,3,1,370,369,0.0,0.00013615167296368154,1,525,524,4,-1,5,2,1,804,806,115
94,54,54,869,869,0,28,28,801,801,0,0.0011913271384322134,0.0011913271384322134,845,845,0,-1,3,3,3,18,583,147,522
95,14,14,688,688,0,18,18,738,738,0,0.0006467204465774873,0.0006467204465774873,761,761,0,-1,4,4,3,3,608,103,892
96,2,2,358,358,0,9,9,384,384,0,0.0,0.0,1,1,0,-1,5,5,6,1,441,853,769
97,105,207,925,971,46,56,56,890,890,0,0.0021784267674189047,0.002314578440382586,896,903,7,4,3,3,5,20,688,87,220
98,251,457,960,979,19,214,214,951,951,0,0.003778208924742163,0.003880322679464924,937,938,1,3,2,2,15,32,124,26,337
99,35,35,791,791,0,24,24,638,638,0,0.000442492937131965,0.000442492937131965,692,692,0,-1,4,4,4,11,694,162,934
100,26,26,878,878,0,8,8,753,753,0,0.0009190237925048504,0.0009190237925048504,817,817,0,-1,4,4,2,18,955,54,651
101,0,0,1,1,0,0,0,1,1,0,0.0,0.0,1,1,0,-1,-1,-1,4,1,649,428,624
102,364,570,984,993,9,96,96,986,986,0,0.011743081793117532,0.01245787807617686,988,989,1,3,2,2,3,70,704,18,645
103,28,129,790,961,171,12,12,662,662,0,0.0013274788113958951,0.0013615167296368155,847,851,4,5,4,4,2,14,938,190,666
104,0,0,1,1,0,0,0,1,1,0,0.0,0.0,1,1,0,-1,-1,-1,14,0,181,611,569
105,16,117,573,903,330,56,56,655,655,0,0.0002382654276864427,0.0002382654276864427,592,592,0,5,3,3,9,1,217,958,578
106,6,108,482,934,452,9,10,497,503,6,0.0002723033459273631,0.000442492937131965,619,693,74,4,4,4,3,1,745,537,168
107,35,241,801,977,176,30,30,760,760,0,0.0011232513019503727,0.0024166921951053475,829,902,73,3,3,3,4,10,891,296,158
108,6,108,418,904,486,16,16,457,457,0,0.0,3.4037918240920386e-05,1,405,404,4,4,4,6,2,393,419,577
109,6,212,416,967,551,21,40,459,603,144,6.807583648184077e-05,0.0026209197045508697,444,909,465,3,4,4,8,2,302,342,17
110,0,206,1,943,942,0,27,1,393,392,0.0,0.00013615167296368154,1,517,516,3,-1,4,15,0,37,968,613
111,101,307,954,992,38,32,32,955,955,0,0.003778208924742163,0.004288777698355968,948,954,6,3,3,3,2,32,967,26,333
112,0,102,1,935,934,0,5,1,395,394,0.0,0.0005786446100956465,1,733,732,4,-1,5,3,0,564,611,113
113,67,169,944,986,42,12,12,809,809,0,0.0035059055788147996,0.0045270431260424114,943,957,14,4,4,4,2,31,872,102,109
114,17,118,638,925,287,26,26,679,679,0,0.00010211375472276115,0.00010211375472276115,475,475,0,5,3,3,4,3,567,441,743
115,13,219,667,981,314,12,12,678,678,0,0.00017018959120460194,0.0006807583648184077,555,754,199,3,4,4,2,4,895,339,221
116,12,12,493,493,0,36,36,432,432,0,0.0002042275094455223,0.0002042275094455223,560,560,0,-1,4,4,15,2,81,576,998
117,0,0,1,1,0,0,0,1,1,0,0.0,0.0,1,1,0,-1,-1,-1,2,0,799,649,954
118,0,101,1,958,957,0,3,1,330,329,0.0,0.0,1,1,0,7,-1,8,3,0,668,798,640
119,86,86,944,944,0,12,12,728,728,0,0.003165526396405596,0.003165526396405596,936,936,0,-1,4,4,2,24,974,13,990
120,14,220,616,973,357,18,18,620,620,0,0.0002382654276864427,0.0007147962830593281,594,763,169,3,4,4,3,3,636,378,131
121,0,102,1,914,913,0,3,1,354,353,0.0,0.00013615167296368154,1,523,522,4,-1,5,2,0,769,624,532
122,0,102,1,913,912,0,7,1,385,384,0.0,0.00013615167296368154,1,515,514,4,-1,5,4,1,614,895,545
123,18,120,648,923,275,32,32,679,679,0,0.00010211375472276115,0.00013615167296368154,486,517,31,4,3,3,5,2,474,425,323
124,0,102,1,874,873,0,17,1,347,346,0.0,3.4037918240920386e-05,1,400,399,4,-1,5,16,0,27,356,639
125,6,107,439,922,483,13,13,453,453,0,3.4037918240920386e-05,3.4037918240920386e-05,410,410,0,5,4,4,5,2,531,885,662
126,6,6,490,490,0,12,12,615,615,0,0.00017018959120460194,0.00017018959120460194,566,566,0,-1,4,4,2,1,983,667,877
127,16,222,589,963,374,82,86,792,800,8,0.0004084550188910446,0.0014295925661186562,680,844,164,3,3,3,10,1,293,655,95
128,117,117,936,936,0,34,34,801,801,0,0.004186663943633207,0.004186663943633207,947,947,0,-1,3,3,4,28,767,41,859
129,14,116,604,929,325,10,10,458,458,0,6.807583648184077e-05,0.00013615167296368154,448,518,70,4,4,4,3,3,726,458,468
130,42,42,838,838,0,28,28,809,809,0,0.0007828721195411688,0.0007828721195411688,778,778,0,-1,3,3,3,9,748,375,611
131,24,24,627,627,0,66,66,519,519,0,0.00030634126416828345,0.00030634126416828345,634,634,0,-1,4,4,17,5,6,124,817
132,0,101,1,914,913,0,6,1,332,331,0.0,0.00010211375472276115,1,482,481,5,-1,6,6,1,399,235,468
133,12,12,612,612,0,15,15,541,541,0,0.0002042275094455223,0.0002042275094455223,578,578,0,-1,4,4,4,2,581,468,928
134,0,616,1,997,996,0,22,1,568,567,0.0,0.0015657442390823377,1,858,857,2,-1,3,5,0,284,901,366
135,0,0,1,1,0,0,0,1,1,0,0.0,0.0,1,1,0,-1,-1,-1,16,0,117,922,919
136,55,157,858,956,98,34,34,798,798,0,0.0013274788113958951,0.0014636304843595766,854,861,7,4,3,3,4,15,578,92,310
137,100,100,902,902,0,100,100,974,974,0,0.045746962115797,0.045746962115797,999,999,0,-1,1,1,5,157,382,2,951
138,0,102,1,934,933,0,4,1,426,425,0.0,0.0002042275094455223,1,573,572,4,-1,5,2,0,739,851,176
139,0,101,1,945,944,0,2,1,331,330,0.0,0.00013615167296368154,1,525,524,5,-1,6,2,0,940,847,350
140,1,102,332,947,615,2,2,332,332,0,3.4037918240920386e-05,3.4037918240920386e-05,400,400,0,5,6,6,2,1,841,601,592
141,1,102,332,951,619,2,2,332,332,0,0.0,3.4037918240920386e-05,1,412,411,5,6,6,2,3,897,748,547
142,131,747,928,998,70,56,66,863,883,20,0.0018040096667687805,0.005548180673270023,863,961,98,2,3,3,6,21,575,157,131
143,0,0,1,1,0,0,0,1,1,0,0.0,0.0,1,1,0,-1,-1,-1,7,0,182,751,892
144,139,240,984,997,13,22,22,942,942,0,0.007420266176520644,0.007488342013002485,972,972,0,5,3,3,2,59,973,5,441
145,597,803,996,999,3,102,102,992,992,0,0.01746145205759216,0.022703291466693896,994,996,2,3,2,2,4,98,544,23,88
146,6,6,463,463,0,10,10,505,505,0,3.4037918240920386e-05,3.4037918240920386e-05,402,402,0,-1,4,4,3,1,774,152,990
147,0,206,1,957,956,0,17,1,406,405,0.0,0.00037441710065012424,1,666,665,3,-1,4,9,1,315,747,795
148,19,19,713,713,0,14,14,581,581,0,0.0005786446100956465,0.0005786446100956465,735,735,0,-1,4,4,3,7,564,396,959
149,0,206,1,988,987,0,12,1,748,747,0.0,0.0017359338302869397,1,885,884,3,-1,4,2,0,941,715,193
150,14,115,540,900,360,44,44,538,538,0,6.807583648184077e-05,0.00010211375472276115,437,485,48,5,4,4,10,3,189,485,603
151,6,108,456,924,468,18,18,548,548,0,0.0,3.4037918240920386e-05,1,391,390,4,4,4,5,2,720,719,661
152,126,227,918,956,38,128,128,940,940,0,0.0030974505599237552,0.0030974505599237552,923,923,0,5,2,2,9,15,191,158,662
153,124,330,902,974,72,142,142,901,901,0,0.0017018959120460194,0.002314578440382586,865,893,28,3,2,2,12,12,348,163,407
154,1,102,333,951,618,3,3,333,333,0,0.0,6.807583648184077e-05,1,462,461,5,6,6,3,3,584,755,164
155,5,211,481,981,500,3,12,373,667,294,0.0002382654276864427,0.00445896728956057,595,952,357,3,5,4,2,4,618,278,12
156,0,0,1,1,0,0,0,1,1,0,0.0,0.0,1,1,0,-1,-1,-1,6,0,237,433,851
157,24,24,708,708,0,46,46,805,805,0,0.00088498587426393,0.00088498587426393,796,796,0,-1,3,3,5,4,392,637,886
158,7,108,589,960,371,8,8,576,576,0,0.00017018959120460194,0.00017018959120460194,567,567,0,5,4,4,2,2,974,697,563
159,0,616,1,991,990,0,61,1,647,646,0.0,0.0017359338302869397,1,865,864,2,-1,3,11,0,215,784,66
160,115,115,959,959,0,12,12,707,707,0,0.005718370264474625,0.005718370264474625,962,962,0,-1,4,4,2,34,994,20,890
161,42,248,794,973,179,40,40,716,716,0,0.0009530617107457708,0.002723033459273631,807,919,112,3,3,3,5,6,555,136,43
162,66,272,824,967,143,88,88,749,749,0,0.0008169100377820892,0.0010211375472276116,771,800,29,3,2,2,11,8,139,132,552
163,19,19,563,563,0,67,67,469,469,0,3.4037918240920386e-05,3.4037918240920386e-05,397,397,0,-1,3,3,21,5,74,570,794
164,0,0,1,1,0,0,0,1,1,0,0.0,0.0,1,1,0,-1,-1,-1,2,1,970,852,205
165,57,57,802,802,0,68,68,642,642,0,0.0009530617107457708,0.0009530617107457708,787,787,0,-1,4,4,12,17,96,131,949
166,0,0,1,1,0,0,0,1,1,0,0.0,0.0,1,1,0,-1,-1,-1,8,0,146,757,846
167,15,117,599,922,323,22,22,554,554,0,3.4037918240920386e-05,6.807583648184077e-05,401,445,44,4,4,4,5,4,173,156,334
168,0,0,1,1,0,0,0,1,1,0,0.0,0.0,1,1,0,-1,-1,-1,2,0,846,668,745
169,0,101,1,874,873,0,14,1,332,331,0.0,0.0,1,1,0,5,-1,6,14,2,181,775,421
170,0,206,1,956,955,0,16,1,417,416,0.0,0.00013615167296368154,1,514,513,3,-1,4,7,0,321,701,628
171,0,102,1,878,877,0,14,1,383,382,0.0,0.00013615167296368154,1,501,500,4,-1,5,9,2,274,633,247
172,0,102,1,878,877,0,21,1,388,387,0.0,0.00010211375472276115,1,473,472,4,-1,5,12,0,183,729,491
173,15,221,551,957,406,48,52,521,537,16,6.807583648184077e-05,0.0002382654276864427,448,591,143,3,4,4,12,4,116,156,458
174,1,103,332,927,595,4,5,332,367,35,6.807583648184077e-05,0.00013615167296368154,450,527,77,4,6,5,4,1,706,603,322
175,2,208,347,937,590,39,49,398,424,26,3.4037918240920386e-05,0.0002042275094455223,398,549,151,3,5,4,22,2,55,662,149
176,46,46,697,697,0,284,284,812,812,0,0.0007828721195411688,0.0007828721195411688,754,754,0,-1,2,2,35,3,20,525,651
177,138,344,924,980,56,72,72,807,807,0,0.0024507301133462676,0.002552843868069029,909,914,5,3,3,3,7,19,331,72,689
178,0,206,1,975,974,0,8,1,478,477,0.0,0.0008509479560230097,1,799,798,3,-1,4,2,0,653,956,206
179,49,49,814,814,0,46,46,742,742,0,0.0007828721195411688,0.0007828721195411688,765,765,0,-1,3,3,6,15,441,137,890
180,0,616,1,991,990,0,57,1,461,460,0.0,0.0007488342013002485,1,746,745,2,-1,3,19,0,46,973,519
181,47,47,840,840,0,28,28,742,742,0,0.0013274788113958951,0.0013274788113958951,849,849,0,-1,3,3,3,14,746,190,960
182,40,656,764,994,230,56,80,712,839,127,0.0037441710065012424,0.005616256509751864,941,960,19,2,2,2,8,1,131,601,129
183,0,0,1,1,0,0,0,1,1,0,0.0,0.0,1,1,0,-1,-1,-1,3,1,584,742,925
184,0,102,1,912,911,0,8,1,357,356,0.0,0.0,1,1,0,4,-1,5,7,0,361,979,829
185,6,6,471,471,0,8,8,502,502,0,0.00013615167296368154,0.00013615167296368154,508,508,0,-1,4,4,2,1,739,553,800
186,0,0,1,1,0,0,0,1,1,0,0.0,0.0,1,1,0,-1,-1,-1,3,0,703,423,957
187,0,616,1,1000,999,0,28,1,836,835,0.0,0.008509479560230097,1,979,978,2,-1,3,3,0,798,673,10
188,0,102,1,870,869,0,30,1,372,371,0.0,3.4037918240920386e-05,1,397,396,4,-1,5,22,2,55,775,870
189,15,117,706,958,252,10,10,544,544,0,0.0002042275094455223,0.0004084550188910446,590,690,100,4,4,4,3,9,608,191,270
190,0,206,1,961,960,0,22,1,446,445,0.0,0.0005105687736138058,1,712,711,3,-1,4,9,0,180,944,240
191,0,102,1,882,881,0,19,1,376,375,0.0,6.807583648184077e-05,1,435,434,4,-1,5,13,0,160,832,958
192,15,15,637,637,0,14,14,539,539,0,0.0002382654276864427,0.0002382654276864427,587,587,0,-1,4,4,3,4,989,156,863
193,22,22,711,711,0,22,22,596,596,0,0.0,0.0,1,1,0,-1,4,4,5,5,452,310,772
194,30,236,740,973,233,40,40,779,779,0,0.0008169100377820892,0.0011913271384322134,770,829,59,3,3,3,5,6,667,381,80
195,0,0,1,1,0,0,0,1,1,0,0.0,0.0,1,1,0,-1,-1,-1,14,0,85,511,916
196,67,67,877,877,0,24,24,713,713,0,0.0014636304843595766,0.0014636304843595766,860,860,0,-1,4,4,4,16,673,78,456
197,13,115,608,932,324,16,16,539,539,0,0.00030634126416828345,0.0005446066918547262,634,718,84,4,4,4,4,8,513,521,46
198,0,0,1,1,0,0,0,1,1,0,0.0,0.0,1,1,0,-1,-1,-1,9,0,164,941,863
199,51,51,826,826,0,78,78,857,857,0,0.0011913271384322134,0.0011913271384322134,825,825,0,-1,3,3,8,7,449,630,917
200,16,222,583,965,382,30,30,616,616,0,0.00010211375472276115,0.0002042275094455223,488,570,82,3,3,3,6,1,536,623,453
201,65,65,819,819,0,108,108,782,782,0,0.0007147962830593281,0.0007147962830593281,748,748,0,-1,3,3,14,9,47,198,664
202,1,103,333,905,572,7,9,333,365,32,0.0,0.0002723033459273631,1,608,607,4,6,5,7,2,525,721,317
203,0,0,1,1,0,0,0,1,1,0,0.0,0.0,1,1,0,-1,-1,-1,6,0,556,982,678
204,16,118,617,924,307,34,34,753,753,0,0.0007488342013002485,0.0009190237925048504,768,804,36,4,3,3,4,2,717,160,557
205,0,616,1,989,988,0,90,1,575,574,0.0,0.0013615167296368155,1,832,831,2,-1,3,20,0,70,898,180
206,100,100,874,874,0,100,100,775,775,0,0.012900371013308825,0.012900371013308825,982,982,0,-1,1,1,12,1,222,623,745
207,6,6,538,538,0,8,8,596,596,0,0.0002382654276864427,0.0002382654276864427,605,605,0,-1,4,4,2,1,749,797,731
208,21,21,712,712,0,14,14,552,552,0,0.00034037918240920387,0.00034037918240920387,666,666,0,-1,4,4,3,6,672,4,712
209,12,114,571,922,351,26,26,604,604,0,0.0002723033459273631,0.00088498587426393,614,788,174,4,4,4,5,4,528,239,97
210,0,102,1,945,944,0,3,1,376,375,0.0,0.0002042275094455223,1,577,576,4,-1,5,2,0,838,994,365
211,12,12,550,550,0,38,38,604,604,0,0.00037441710065012424,0.00037441710065012424,652,652,0,-1,4,4,7,4,450,270,489
212,38,244,704,956,252,126,126,760,760,0,0.0005105687736138058,0.0007147962830593281,694,745,51,3,3,3,16,4,151,407,493
213,1,103,331,937,606,2,3,331,368,37,0.00010211375472276115,0.00017018959120460194,473,538,65,4,6,5,2,1,849,879,411
214,154,256,942,972,30,72,72,829,829,0,0.002144388849177984,0.002212464685659825,897,898,1,4,3,3,7,28,343,98,499
215,0,206,1,973,972,0,18,1,525,524,0.0,0.0009870996289866913,1,798,797,3,-1,4,5,3,421,753,393
216,6,108,446,930,484,26,26,645,645,0,0.00037441710065012424,0.0005105687736138058,657,706,49,4,4,4,5,1,430,891,486
217,0,101,1,951,950,0,2,1,328,327,0.0,0.00013615167296368154,1,516,515,5,-1,6,2,0,830,664,309
218,8,109,477,887,410,78,78,609,609,0,0.00017018959120460194,0.00017018959120460194,531,531,0,6,4,4,15,4,65,305,893
219,2,104,355,897,542,10,16,356,408,52,6.807583648184077e-05,0.000442492937131965,450,675,225,4,5,5,9,1,168,781,294
220,0,206,1,964,963,0,12,1,448,447,0.0,0.0006807583648184077,1,750,749,3,-1,4,4,0,391,989,355
221,19,19,610,610,0,52,52,596,596,0,0.0005105687736138058,0.0005105687736138058,702,702,0,-1,4,4,10,10,128,266,908
222,0,0,1,1,0,0,0,1,1,0,0.0,0.0,1,1,0,-1,-1,-1,4,0,659,880,943
223,10,111,645,963,318,10,10,567,567,0,0.0002042275094455223,0.0002042275094455223,590,590,0,6,4,4,3,7,922,427,590
224,18,18,626,626,0,42,42,618,618,0,0.00017018959120460194,0.00017018959120460194,546,546,0,-1,3,3,8,2,383,468,974
225,6,108,490,947,457,18,18,708,708,0,0.00013615167296368154,0.0002723033459273631,532,624,92,4,4,4,3,1,871,394,339
226,84,186,846,935,89,142,142,863,863,0,0.0010211375472276116,0.0010211375472276116,802,802,0,4,2,2,15,5,102,418,761
227,0,0,1,1,0,0,0,1,1,0,0.0,0.0,1,1,0,-1,-1,-1,4,2,870,684,955
228,82,82,903,903,0,29,29,773,773,0,0.0017018959120460194,0.0017018959120460194,872,872,0,-1,3,3,4,17,777,96,728
229,0,0,1,1,0,0,0,1,1,0,0.0,0.0,1,1,0,-1,-1,-1,12,0,184,483,533
230,61,162,850,956,106,34,34,757,757,0,0.0012594029749140542,0.0012594029749140542,832,832,0,5,3,3,4,16,632,113,530
231,0,0,1,1,0,0,0,1,1,0,0.0,0.0,1,1,0,-1,-1,-1,14,1,84,814,816
232,140,756,938,997,59,126,126,983,983,0,0.002927260968719153,0.006092787365124749,916,965,49,2,2,2,7,19,207,91,13
233,45,45,780,780,0,50,50,656,656,0,0.0004765308553728854,0.0004765308553728854,696,696,0,-1,3,3,8,8,317,284,705
234,47,47,776,776,0,184,184,930,930,0,0.0014636304843595766,0.0014636304843595766,837,837,0,-1,2,2,15,3,138,438,600
235,0,102,1,898,897,0,8,1,366,365,0.0,0.00010211375472276115,1,480,479,4,-1,5,6,1,630,660,491
236,0,0,1,1,0,0,0,1,1,0,0.0,0.0,1,1,0,-1,-1,-1,5,0,692,696,883
237,0,0,1,1,0,0,0,1,1,0,0.0,0.0,1,1,0,-1,-1,-1,5,1,667,472,954
238,6,212,418,969,551,12,28,409,556,147,6.807583648184077e-05,0.0008509479560230097,446,783,337,3,4,4,6,1,470,337,642
239,13,115,581,921,340,18,18,463,463,0,6.807583648184077e-05,0.00030634126416828345,455,648,193,4,4,4,7,5,342,274,432
240,270,886,973,998,25,94,94,871,871,0,0.004969536063174376,0.008441403723748256,956,970,14,2,3,3,9,45,315,77,105
241,357,357,985,985,0,48,48,884,884,0,0.00803294870485721,0.00803294870485721,978,978,0,-1,3,3,3,70,613,18,918
242,2,208,350,965,615,10,28,364,496,132,0.0,6.807583648184077e-05,1,446,445,3,5,4,8,2,199,764,168
243,56,158,809,925,116,74,74,758,758,0,0.0008169100377820892,0.0009870996289866913,778,806,28,4,3,3,9,6,263,658,609
244,0,206,1,974,973,0,11,1,454,453,0.0,0.0002723033459273631,1,611,610,3,-1,4,4,0,659,921,688
245,10,216,608,976,368,9,10,500,512,12,0.0002042275094455223,0.0012594029749140542,587,847,260,3,4,4,3,4,845,443,53
246,14,220,598,972,374,22,22,581,581,0,0.0002042275094455223,0.0018720855032506212,572,871,299,3,4,4,5,3,692,236,85
247,5,211,408,957,549,17,22,397,443,46,0.0,0.0002723033459273631,1,629,628,3,5,4,9,3,263,572,368
248,0,206,1,960,959,0,23,1,462,461,0.0,0.00030634126416828345,1,621,620,3,-1,4,8,0,218,571,688
249,19,121,719,955,236,8,8,506,506,0,0.0002723033459273631,0.0010211375472276116,613,813,200,4,4,4,2,9,937,191,255
250,2,104,359,910,551,8,10,375,395,20,0.00017018959120460194,0.00017018959120460194,547,547,0,4,5,5,6,1,267,931,527
251,20,121,669,927,258,22,22,632,632,0,0.00030634126416828345,0.00030634126416828345,634,634,0,5,3,3,4,3,614,353,862
252,7,109,552,942,390,12,12,616,616,0,0.00030634126416828345,0.00037441710065012424,639,669,30,4,4,4,2,3,734,541,196
253,20,20,737,737,0,10,10,528,528,0,0.0008509479560230097,0.0008509479560230097,789,789,0,-1,4,4,3,6,693,136,934
254,0,0,1,1,0,0,0,1,1,0,0.0,0.0,1,1,0,-1,-1,-1,4,1,659,685,910
255,0,206,1,970,969,0,16,1,476,475,0.0,0.0005446066918547262,1,722,721,3,-1,4,6,0,405,849,338
256,0,0,1,1,0,0,0,1,1,0,0.0,0.0,1,1,0,-1,-1,-1,3,0,716,489,800
257,0,101,1,910,909,0,5,1,332,331,0.0,0.0,1,1,0,5,-1,6,5,0,406,784,623
258,200,406,934,982,48,278,278,951,951,0,0.0035059055788147996,0.003710133088260322,933,936,3,3,2,2,19,18,31,55,450
259,18,119,609,895,286,112,112,853,853,0,0.001055175465468532,0.001055175465468532,812,812,0,6,3,3,11,3,230,559,140
260,72,174,881,966,85,60,60,933,933,0,0.0016338200755641784,0.0020082371762143027,869,884,15,4,3,3,5,12,574,163,414
261,25,25,652,652,0,124,124,814,814,0,0.0008509479560230097,0.0008509479560230097,770,770,0,-1,3,3,14,5,172,355,900
262,592,592,986,986,0,410,410,981,981,0,0.008475441641989176,0.008475441641989176,974,974,0,-1,2,2,23,54,43,19,959
263,0,616,1,996,995,0,30,1,736,735,0.0,0.0033357159876101976,1,932,931,2,-1,3,4,0,539,632,48
264,0,102,1,932,931,0,7,1,409,408,0.0,0.0002723033459273631,1,616,615,4,-1,5,4,0,772,672,197
265,273,374,969,980,11,230,230,988,988,0,0.006501242384015794,0.006535280302256714,967,968,1,5,2,2,12,31,187,34,605
266,6,206,462,972,510,12,12,567,567,0,0.0002382654276864427,0.002484768031587188,600,914,314,3,4,4,2,1,828,474,102
267,0,206,1,970,969,0,15,1,466,465,0.0,0.00037441710065012424,1,662,661,3,-1,4,6,0,494,635,306
268,0,0,1,1,0,0,0,1,1,0,0.0,0.0,1,1,0,-1,-1,-1,2,0,920,856,678
269,0,0,1,1,0,0,0,1,1,0,0.0,0.0,1,1,0,-1,-1,-1,2,1,813,641,973
270,179,795,964,999,35,60,60,899,899,0,0.004220701861874128,0.008611593314952858,947,977,30,2,3,3,5,44,644,27,77
271,132,233,894,952,58,148,148,853,853,0,0.0019741992579733825,0.0019741992579733825,885,885,0,6,2,2,14,11,122,166,582
272,2,208,361,971,610,10,18,430,544,114,6.807583648184077e-05,0.0015317063208414173,451,860,409,3,5,4,5,1,463,870,104
273,32,134,701,909,208,70,70,769,769,0,0.0007828721195411688,0.0009190237925048504,758,790,32,4,3,3,8,5,370,535,220
274,24,24,660,660,0,56,56,683,683,0,0.0002042275094455223,0.0002042275094455223,571,571,0,-1,3,3,9,3,126,222,657
275,8,110,555,942,387,18,18,746,746,0,0.00037441710065012424,0.0004084550188910446,674,686,12,4,4,4,3,3,899,197,653
276,0,0,1,1,0,0,0,1,1,0,0.0,0.0,1,1,0,-1,-1,-1,5,0,464,863,875
277,22,228,678,965,287,46,46,746,746,0,0.0010211375472276116,0.001157289220191293,798,823,25,3,3,3,6,4,353,143,107
278,0,0,1,1,0,0,0,1,1,0,0.0,0.0,1,1,0,-1,-1,-1,2,0,925,851,235
279,0,206,1,959,958,0,30,1,538,537,0.0,0.0009190237925048504,1,786,785,3,-1,4,7,1,472,841,148
280,619,825,990,995,5,326,326,995,995,0,0.010892133837094524,0.011232513019503728,977,978,1,3,2,2,15,78,81,9,120
281,0,206,1,964,963,0,17,1,483,482,0.0,0.00013615167296368154,1,515,514,3,-1,4,6,0,98,911,453
282,0,616,1,993,992,0,52,1,649,648,0.0,0.002995336805200994,1,919,918,2,-1,3,9,0,249,823,112
283,2,618,351,992,641,12,68,361,703,342,0.0,0.003165526396405596,1,930,929,2,5,3,10,1,99,437,88
284,16,222,525,953,428,64,68,523,537,14,6.807583648184077e-05,0.0002723033459273631,445,600,155,3,3,3,16,1,50,756,4
285,0,206,1,945,944,0,30,1,468,467,0.0,0.0009190237925048504,1,795,794,3,-1,4,9,0,101,614,403
286,0,0,1,1,0,0,0,1,1,0,0.0,0.0,1,1,0,-1,-1,-1,6,0,764,489,822
287,2,104,346,872,526,26,30,357,370,13,6.807583648184077e-05,0.00010211375472276115,438,468,30,4,5,5,22,2,22,739,627
288,18,224,630,967,337,40,40,643,643,0,0.000442492937131965,0.00088498587426393,688,789,101,3,3,3,7,3,214,290,187
289,2,104,354,900,546,9,12,366,387,21,3.4037918240920386e-05,0.00010211375472276115,406,488,82,4,5,5,7,2,221,764,458
290,24,24,724,724,0,42,42,738,738,0,0.0004765308553728854,0.0004765308553728854,703,703,0,-1,3,3,6,4,253,557,611
291,70,172,874,963,89,70,70,949,949,0,0.0025188059498281084,0.002723033459273631,908,916,8,4,3,3,5,14,612,68,523
292,0,0,1,1,0,0,0,1,1,0,0.0,0.0,1,1,0,-1,-1,-1,4,0,648,611,513
293,3,3,443,443,0,3,3,377,377,0,3.4037918240920386e-05,3.4037918240920386e-05,406,406,0,-1,5,5,2,2,838,244,911
294,0,102,1,919,918,0,8,1,412,411,0.0,0.000442492937131965,1,694,693,4,-1,5,4,0,709,803,46
295,2,208,348,950,602,13,52,348,542,194,0.0,0.0012594029749140542,1,826,825,3,5,4,12,1,87,437,297
296,427,427,984,984,0,240,240,990,990,0,0.007726607440688927,0.007726607440688927,969,969,0,-1,2,2,13,50,129,33,641
297,13,1653,532,1000,468,31,70,452,643,191,0.0,0.009020048333843901,1,974,973,1,4,2,12,3,222,580,623
298,0,0,1,1,0,0,0,1,1,0,0.0,0.0,1,1,0,-1,-1,-1,3,1,770,583,902
299,2,2,358,358,0,7,7,382,382,0,0.0,0.0,1,1,0,-1,5,5,4,1,493,639,707
300,27,128,814,962,148,12,12,664,664,0,0.0010211375472276116,0.0010211375472276116,821,821,0,5,4,4,2,10,781,405,879
301,36,242,803,977,174,22,22,741,741,0,0.0006807583648184077,0.0011913271384322134,757,826,69,3,3,3,2,5,905,418,490
302,34,136,685,899,214,84,84,625,625,0,0.0004084550188910446,0.0004765308553728854,659,683,24,4,3,3,14,5,133,722,532
303,0,102,1,913,912,0,8,1,376,375,0.0,3.4037918240920386e-05,1,391,390,4,-1,5,6,1,575,428,385
304,4,105,430,926,496,4,4,407,407,0,3.4037918240920386e-05,6.807583648184077e-05,397,442,45,5,5,5,2,3,990,585,924
305,0,101,1,892,891,0,10,1,332,331,0.0,0.0,1,1,0,6,-1,7,10,1,161,706,181
306,6,622,414,995,581,22,52,479,706,227,0.0002723033459273631,0.0063650907110521125,609,968,359,2,4,3,7,1,417,527,9
307,0,0,1,1,0,0,0,1,1,0,0.0,0.0,1,1,0,-1,-1,-1,2,0,904,977,565
308,16,16,603,603,0,42,42,719,719,0,0.00030634126416828345,0.00030634126416828345,629,629,0,-1,3,3,6,2,275,223,643
309,100,100,871,871,0,100,100,776,776,0,0.02018448551686579,0.020797168045202357,995,996,1,3,1,1,12,55,143,21,516
310,0,102,1,933,932,0,4,1,370,369,0.0,3.4037918240920386e-05,1,385,384,4,-1,5,3,0,615,977,661
311,16,16,592,592,0,28,28,531,531,0,3.4037918240920386e-05,3.4037918240920386e-05,406,406,0,-1,4,4,8,4,431,164,784
312,0,0,1,1,0,0,0,1,1,0,0.0,0.0,1,1,0,-1,-1,-1,2,0,851,969,995
313,1,1,333,333,0,5,5,333,333,0,0.0,0.0,1,1,0,-1,9,9,5,1,612,647,400
314,6,6,503,503,0,12,12,709,709,0,0.00010211375472276115,0.00010211375472276115,502,502,0,-1,4,4,2,1,806,681,604
315,30,132,721,928,207,80,80,771,771,0,0.0006807583648184077,0.0007147962830593281,745,749,4,4,3,3,10,4,293,470,526
316,0,616,1,991,990,0,29,1,481,480,0.0,0.0006126825283365669,1,721,720,2,-1,3,9,0,381,956,425
317,14,116,671,953,282,12,12,694,694,0,0.0002723033459273631,0.0009190237925048504,628,812,184,4,4,4,2,4,896,233,113
318,4,4,397,397,0,10,10,363,363,0,0.0,0.0,1,1,0,-1,5,5,8,5,218,605,502
319,2,2,370,370,0,3,3,372,372,0,0.0,0.0,1,1,0,-1,5,5,2,1,761,506,433
320,8,109,620,968,348,8,8,599,599,0,0.0005446066918547262,0.0005446066918547262,727,727,0,5,4,4,2,5,865,535,531
321,8,8,550,550,0,8,8,473,473,0,0.0002723033459273631,0.0002723033459273631,606,606,0,-1,4,4,2,3,643,646,472
322,47,148,822,943,121,72,72,866,866,0,0.0013615167296368155,0.0013615167296368155,846,846,0,5,2,2,7,6,342,406,679
323,1,207,333,961,628,7,18,333,448,115,6.807583648184077e-05,0.000442492937131965,448,680,232,3,6,4,7,2,171,357,169
324,13,115,628,941,313,16,16,569,569,0,0.0002382654276864427,0.0006126825283365669,606,740,134,4,4,4,4,6,673,486,475
325,9,9,517,517,0,34,34,545,545,0,0.0002042275094455223,0.0002042275094455223,549,549,0,-1,4,4,9,3,395,458,569
326,0,0,1,1,0,0,0,1,1,0,0.0,0.0,1,1,0,-1,-1,-1,2,0,760,889,867
327,0,0,1,1,0,0,0,1,1,0,0.0,0.0,1,1,0,-1,-1,-1,3,1,651,780,693
328,16,222,587,955,368,42,46,548,572,24,0.0002382654276864427,0.0018380475850097008,600,878,278,3,4,4,11,4,174,315,66
329,17,17,742,742,0,12,12,746,746,0,0.0009870996289866913,0.0009870996289866913,813,813,0,-1,4,4,2,6,799,471,939
330,85,85,890,890,0,44,44,868,868,0,0.0016678579938050988,0.0016678579938050988,864,864,0,-1,3,3,4,27,783,304,372
331,28,28,662,662,0,78,78,688,688,0,0.0004765308553728854,0.0004765308553728854,693,693,0,-1,3,3,12,4,292,479,987
332,0,206,1,972,971,0,12,1,498,497,0.0,0.0011913271384322134,1,841,840,3,-1,4,4,0,461,502,183
333,16,222,621,972,351,20,20,698,698,0,0.00034037918240920387,0.0007488342013002485,659,773,114,3,3,3,3,2,703,670,461
334,9,9,617,617,0,8,8,571,571,0,0.0006126825283365669,0.0006126825283365669,757,757,0,-1,4,4,2,5,995,589,745
335,44,146,789,931,142,74,74,792,792,0,0.0006467204465774873,0.0007828721195411688,740,763,23,4,3,3,9,6,319,377,346
336,75,177,904,972,68,28,28,806,806,0,0.0021784267674189047,0.0024166921951053475,896,903,7,4,3,3,3,18,814,82,294
337,175,277,948,972,24,82,82,872,872,0,0.0028932230504782326,0.002927260968719153,919,922,3,4,3,3,7,31,182,35,570
338,542,542,998,998,0,56,56,990,990,0,0.025051907825317403,0.025051907825317403,998,998,0,-1,2,2,2,127,757,11,833
339,18,120,581,887,306,84,84,613,613,0,0.0005446066918547262,0.0006807583648184077,698,730,32,4,4,4,16,3,145,519,487
340,62,164,844,950,106,62,62,815,815,0,0.0009190237925048504,0.0009190237925048504,781,781,0,4,3,3,7,9,207,242,595
341,7,213,490,956,466,32,44,510,602,92,0.00030634126416828345,0.0025188059498281084,626,905,279,3,4,4,8,2,434,724,75
342,514,616,988,991,3,224,224,997,997,0,0.011232513019503728,0.011266550937744648,982,982,0,4,2,2,8,55,483,21,409
343,34,135,817,959,142,22,22,806,806,0,0.0013955546478777359,0.0013955546478777359,856,856,0,5,3,3,2,8,816,161,499
344,44,250,731,956,225,124,124,742,742,0,0.0004765308553728854,0.003165526396405596,684,921,237,3,3,3,17,4,210,333,105
345,2,208,362,966,604,7,12,392,462,70,0.0,0.00034037918240920387,1,634,633,3,5,4,4,1,832,577,184
346,0,206,1,972,971,0,8,1,472,471,0.0,0.0010211375472276116,1,821,820,3,-1,4,2,0,828,713,45
347,0,102,1,913,912,0,5,1,357,356,0.0,0.00013615167296368154,1,513,512,4,-1,5,4,0,623,483,384
348,6,622,398,990,592,27,42,406,476,70,0.0,0.0004084550188910446,1,671,670,2,4,3,14,1,144,337,577
349,0,0,1,1,0,0,0,1,1,0,0.0,0.0,1,1,0,-1,-1,-1,8,0,415,635,472
350,74,176,802,925,123,284,284,897,897,0,0.0012594029749140542,0.0012594029749140542,831,831,0,4,2,2,25,6,17,490,755
351,0,0,1,1,0,0,0,1,1,0,0.0,0.0,1,1,0,-1,-1,-1,4,0,787,812,732
352,0,102,1,894,893,0,13,1,379,378,0.0,0.0004084550188910446,1,671,670,4,-1,5,9,0,250,884,239
353,2,618,349,994,645,20,60,397,620,223,0.0,0.002757071377514551,1,915,914,2,5,3,11,1,139,592,56
354,463,669,982,991,9,308,308,985,985,0,0.005650294427992784,0.005684332346233704,958,958,0,3,2,2,16,57,27,50,964
355,0,0,1,1,0,0,0,1,1,0,0.0,0.0,1,1,0,-1,-1,-1,10,0,169,957,426
356,9,9,587,587,0,10,10,537,537,0,0.00034037918240920387,0.00034037918240920387,658,658,0,-1,4,4,3,4,961,287,816
357,92,194,836,933,97,154,154,732,732,0,0.0010892133837094523,0.001157289220191293,802,809,7,4,2,2,23,9,30,391,741
358,9,110,535,908,373,18,18,566,566,0,0.0002382654276864427,0.00030634126416828345,589,635,46,5,4,4,3,7,634,451,464
359,0,0,1,1,0,0,0,1,1,0,0.0,0.0,1,1,0,-1,-1,-1,17,0,24,859,858
360,0,0,1,1,0,0,0,1,1,0,0.0,0.0,1,1,0,-1,-1,-1,10,1,272,828,825
361,90,191,871,950,79,104,104,907,907,0,0.0019741992579733825,0.0019741992579733825,877,877,0,5,3,3,9,17,250,180,736
362,12,12,509,509,0,31,31,470,470,0,6.807583648184077e-05,6.807583648184077e-05,438,438,0,-1,4,4,10,3,298,196,858
363,0,0,1,1,0,0,0,1,1,0,0.0,0.0,1,1,0,-1,-1,-1,2,0,904,808,716
364,0,0,1,1,0,0,0,1,1,0,0.0,0.0,1,1,0,-1,-1,-1,4,1,444,529,815
365,1,103,333,912,579,3,6,333,392,59,0.0,0.0005786446100956465,1,730,729,4,6,5,3,1,613,640,340
366,124,225,950,976,26,28,28,830,830,0,0.004595118962524252,0.0046972327172470135,952,953,1,6,3,3,3,31,639,34,781
367,0,616,1,994,993,0,42,1,605,604,0.0,0.003914360597705844,1,944,943,2,-1,3,8,3,186,478,108
368,6,622,400,991,591,21,90,409,779,370,0.0,0.003608019333537561,1,935,934,2,4,3,10,1,204,558,144
369,0,0,1,1,0,0,0,1,1,0,0.0,0.0,1,1,0,-1,-1,-1,10,0,254,866,833
370,6,108,394,889,495,20,24,390,413,23,6.807583648184077e-05,0.0004084550188910446,442,672,230,4,4,4,11,2,167,885,263
371,32,238,668,955,287,104,104,681,681,0,0.0002382654276864427,0.00037441710065012424,583,652,69,3,3,3,16,6,59,683,545
372,0,206,1,949,948,0,22,1,422,421,0.0,0.0002723033459273631,1,607,606,3,-1,4,9,0,100,917,268
373,0,206,1,964,963,0,9,1,428,427,0.0,0.0005786446100956465,1,727,726,3,-1,4,4,0,391,860,924
374,0,0,1,1,0,0,0,1,1,0,0.0,0.0,1,1,0,-1,-1,-1,4,0,696,957,699
375,0,102,1,894,893,0,11,1,357,356,0.0,6.807583648184077e-05,1,446,445,4,-1,5,9,0,330,517,550
376,100,100,855,855,0,100,100,645,645,0,0.020831205963443275,0.020831205963443275,995,995,0,3,1,1,17,92,23,30,553
377,0,102,1,926,925,0,6,1,361,360,0.0,0.00017018959120460194,1,544,543,4,-1,5,5,0,843,701,315
378,0,0,1,1,0,0,0,1,1,0,0.0,0.0,1,1,0,-1,-1,-1,5,0,452,921,818
379,58,58,848,848,0,72,72,897,897,0,0.002552843868069029,0.002552843868069029,905,905,0,-1,2,2,7,4,439,333,999
380,44,146,834,959,125,28,28,799,799,0,0.0014295925661186562,0.0019741992579733825,859,892,33,4,3,3,3,9,627,130,131
381,189,395,957,985,28,112,112,956,956,0,0.0045270431260424114,0.004901460226692535,952,955,3,3,2,2,8,32,371,26,585
382,821,923,999,999,0,144,144,996,996,0,0.020967357636406957,0.020967357636406957,993,993,0,4,2,2,6,130,556,3,419
383,0,206,1,959,958,0,30,1,535,534,0.0,0.001157289220191293,1,829,828,3,-1,4,7,0,417,696,304
384,0,206,1,954,953,0,19,1,415,414,0.0,0.00010211375472276115,1,473,472,3,-1,4,9,0,178,832,323
385,27,129,758,944,186,28,28,754,754,0,0.0008169100377820892,0.00088498587426393,781,793,12,4,3,3,3,5,585,165,720
386,0,206,1,965,964,0,19,1,487,486,0.0,0.0004084550188910446,1,672,671,3,-1,4,7,0,141,672,450
387,14,630,519,995,476,42,64,502,610,108,0.00030634126416828345,0.0014636304843595766,635,850,215,2,4,3,11,3,227,653,67
388,13,219,585,972,387,16,20,517,564,47,0.00017018959120460194,0.0009870996289866913,546,812,266,3,4,4,4,3,354,93,327
389,38,244,669,950,281,118,122,703,728,25,0.0002382654276864427,0.0005105687736138058,583,691,108,3,3,3,17,6,103,199,519
390,6,6,404,404,0,18,18,384,384,0,6.807583648184077e-05,6.807583648184077e-05,445,445,0,-1,4,4,11,2,279,615,894
391,88,88,925,925,0,28,28,806,806,0,0.0022465026039007454,0.0022465026039007454,898,898,0,-1,3,3,3,23,814,66,932
392,12,218,604,972,368,20,20,624,624,0,0.0002042275094455223,0.0051397256543789785,570,954,384,3,4,4,4,4,633,346,24
393,0,102,1,915,914,0,6,1,353,352,0.0,6.807583648184077e-05,1,439,438,4,-1,5,5,0,502,674,310
394,1,207,333,983,650,2,7,333,551,218,0.0,0.0007488342013002485,1,782,781,3,6,4,2,1,799,893,79
395,0,102,1,906,905,0,10,1,379,378,0.0,3.4037918240920386e-05,1,411,410,4,-1,5,7,0,698,986,718
396,0,101,1,888,887,0,9,1,332,331,0.0,3.4037918240920386e-05,1,391,390,5,-1,6,9,0,287,644,402
397,119,220,927,971,44,50,50,850,850,0,0.002144388849177984,0.002144388849177984,895,895,0,5,3,3,5,20,519,71,687
398,36,138,731,921,190,80,80,766,766,0,0.0005105687736138058,0.0006126825283365669,706,732,26,4,3,3,10,7,211,253,215
399,0,0,1,1,0,0,0,1,1,0,0.0,0.0,1,1,0,-1,-1,-1,2,0,881,856,548
400,0,102,1,906,905,0,4,1,361,360,0.0,0.00010211375472276115,1,489,488,4,-1,5,3,1,471,706,410
401,1,102,331,975,644,2,2,331,331,0,0.0,0.0,1,1,0,8,6,6,2,1,956,639,181
402,0,0,1,1,0,0,0,1,1,0,0.0,0.0,1,1,0,-1,-1,-1,7,0,436,665,778
403,0,206,1,965,964,0,13,1,435,434,0.0,0.00017018959120460194,1,549,548,3,-1,4,6,0,582,483,528
404,31,31,734,734,0,42,42,699,699,0,0.0007147962830593281,0.0007147962830593281,753,753,0,-1,3,3,6,8,470,302,823
405,122,738,902,994,92,106,106,816,816,0,0.002484768031587188,0.003778208924742163,902,942,40,2,3,3,11,20,150,94,109
406,9,111,674,975,301,4,4,498,498,0,0.0005446066918547262,0.0012253650566731338,749,840,91,4,5,5,2,7,813,396,207
407,0,206,1,962,961,0,23,1,472,471,0.0,0.0006807583648184077,1,756,755,3,-1,4,8,0,420,205,211
408,9,9,675,675,0,8,8,652,652,0,0.00037441710065012424,0.00037441710065012424,685,685,0,-1,4,4,2,4,872,288,254
409,38,38,694,694,0,172,172,879,879,0,0.0012594029749140542,0.0012594029749140542,823,823,0,-1,3,3,16,4,50,281,731
410,139,139,941,941,0,70,70,913,913,0,0.002927260968719153,0.002927260968719153,918,918,0,-1,3,3,5,20,701,95,887
411,0,0,1,1,0,0,0,1,1,0,0.0,0.0,1,1,0,-1,-1,-1,2,0,689,909,793
412,0,0,1,1,0,0,0,1,1,0,0.0,0.0,1,1,0,-1,-1,-1,17,1,24,780,965
413,0,616,1,997,996,0,22,1,710,709,0.0,0.0057524081827155455,1,960,959,2,-1,3,2,1,859,947,33
414,16,118,534,892,358,60,60,546,546,0,6.807583648184077e-05,0.0002042275094455223,444,566,122,4,3,3,13,1,165,322,749
415,0,101,1,940,939,0,2,1,331,330,0.0,0.0,1,1,0,5,-1,6,2,0,977,921,298
416,10,10,562,562,0,12,12,459,459,0,0.00017018959120460194,0.00017018959120460194,550,550,0,-1,4,4,4,5,736,710,908
417,0,616,1,999,998,0,18,1,783,782,0.0,0.002144388849177984,1,899,898,2,-1,3,2,0,943,571,103
418,12,218,509,955,446,45,68,461,558,97,6.807583648184077e-05,0.001157289220191293,442,813,371,3,4,4,18,2,29,499,179
419,0,616,1,989,988,0,114,1,713,712,0.0,0.004152626025392287,1,942,941,2,-1,3,16,0,59,620,88
420,0,102,1,946,945,0,6,1,441,440,0.0,0.0004765308553728854,1,711,710,4,-1,5,3,0,600,201,412
421,24,126,766,956,190,12,12,625,625,0,0.0010211375472276116,0.0011232513019503727,814,823,9,4,4,4,2,10,960,195,220
422,144,144,937,937,0,88,88,888,888,0,0.0030974505599237552,0.0030974505599237552,918,918,0,-1,3,3,8,28,449,44,922
423,0,206,1,977,976,0,12,1,603,602,0.0,0.0024166921951053475,1,906,905,3,-1,4,2,0,761,758,94
424,32,238,655,954,299,160,160,828,828,0,0.0007147962830593281,0.0016678579938050988,749,866,117,3,3,3,15,3,77,610,71
425,50,152,812,933,121,102,102,940,940,0,0.0019741992579733825,0.0020422750944552232,874,881,7,4,2,2,8,4,488,207,411
426,40,40,862,862,0,8,8,562,562,0,0.0009870996289866913,0.0009870996289866913,816,816,0,-1,4,4,2,17,994,327,779
427,450,656,981,991,10,194,194,981,981,0,0.005582218591510943,0.005684332346233704,959,960,1,3,2,2,11,61,215,14,536
428,2,2,359,359,0,8,8,360,360,0,3.4037918240920386e-05,3.4037918240920386e-05,397,397,0,-1,5,5,7,2,118,692,918
429,43,249,773,964,191,118,118,842,842,0,0.0010892133837094523,0.002110350930937064,816,891,75,3,3,3,12,7,106,630,64
430,0,206,1,946,945,0,33,1,405,404,0.0,0.0005105687736138058,1,695,694,3,-1,4,16,0,145,860,399
431,0,101,1,943,942,0,3,1,329,328,0.0,3.4037918240920386e-05,1,403,402,5,-1,6,3,0,674,971,575
432,6,6,440,440,0,15,15,516,516,0,0.0,0.0,1,1,0,-1,4,4,4,2,690,560,456
433,0,102,1,949,948,0,4,1,382,381,0.0,0.0002382654276864427,1,601,600,4,-1,5,3,0,569,483,285
434,570,672,994,994,0,110,110,973,973,0,0.012015385139044895,0.012015385139044895,987,987,0,4,2,2,6,91,473,7,537
435,0,102,1,922,921,0,8,1,386,385,0.0,0.00013615167296368154,1,525,524,4,-1,5,5,1,294,841,697
436,28,234,656,953,297,68,76,566,592,26,0.0002042275094455223,0.0002723033459273631,560,600,40,3,3,3,15,4,49,625,156
437,0,102,1,879,878,0,14,1,372,371,0.0,0.00013615167296368154,1,513,512,4,-1,5,10,0,298,836,229
438,0,101,1,916,915,0,4,1,331,330,0.0,3.4037918240920386e-05,1,393,392,5,-1,6,4,0,445,992,580
439,16,632,533,992,459,46,72,501,622,121,0.0002382654276864427,0.002110350930937064,570,891,321,2,4,3,13,5,120,562,157
440,54,54,785,785,0,128,128,815,815,0,0.0010211375472276116,0.0010211375472276116,798,798,0,-1,2,2,14,4,121,312,792
441,28,644,727,995,268,76,86,895,925,30,0.00088498587426393,0.006569318220497634,794,970,176,2,3,3,6,4,387,326,51
442,6,107,477,937,460,8,8,444,444,0,0.00010211375472276115,0.00013615167296368154,483,527,44,5,5,5,4,3,721,93,648
443,0,206,1,959,958,0,16,1,425,424,0.0,0.00017018959120460194,1,546,545,3,-1,4,8,0,260,892,567
444,95,301,893,978,85,46,46,764,764,0,0.0019061234214915416,0.0021784267674189047,882,896,14,3,3,3,6,19,251,144,160
445,16,16,518,518,0,110,110,748,748,0,0.00013615167296368154,0.00013615167296368154,515,515,0,-1,3,3,14,1,133,282,910
446,0,206,1,958,957,0,18,1,442,441,0.0,0.0004765308553728854,1,696,695,3,-1,4,7,3,118,854,162
447,1,103,332,957,625,3,6,332,478,146,0.0,0.0008169100377820892,1,789,788,4,6,5,3,1,883,402,147
448,0,0,1,1,0,0,0,1,1,0,0.0,0.0,1,1,0,-1,-1,-1,6,0,494,644,228
449,0,616,1,993,992,0,34,1,386,385,0.0,0.000442492937131965,1,682,681,2,-1,3,19,0,36,997,606
450,6,212,490,978,488,14,14,629,629,0,0.00010211375472276115,0.0005105687736138058,500,722,222,3,4,4,3,1,871,561,326
451,54,670,833,998,165,60,70,883,912,29,0.0008169100377820892,0.0029612988869600733,779,923,144,2,3,3,5,8,599,264,108
452,0,0,1,1,0,0,0,1,1,0,0.0,0.0,1,1,0,-1,-1,-1,3,0,577,894,998
453,30,30,705,705,0,54,54,655,655,0,0.0004765308553728854,0.0004765308553728854,686,686,0,-1,3,3,10,9,437,341,973
454,0,0,1,1,0,0,0,1,1,0,0.0,0.0,1,1,0,-1,-1,-1,5,0,766,937,967
455,2,103,368,935,567,4,4,369,369,0,0.0,0.0,1,1,0,6,5,5,3,1,433,503,663
456,0,1640,1,1000,999,0,74,1,727,726,0.0,0.010892133837094524,1,980,979,1,-1,2,10,0,204,954,630
457,95,301,866,971,105,104,104,856,856,0,0.001157289220191293,0.0015657442390823377,816,856,40,3,2,2,10,13,206,120,795
458,0,0,1,1,0,0,0,1,1,0,0.0,0.0,1,1,0,-1,-1,-1,3,0,554,944,841
459,0,206,1,938,937,0,40,1,403,402,0.0,0.0006467204465774873,1,719,718,3,-1,4,19,0,19,254,366
460,15,117,605,930,325,22,22,542,542,0,0.00034037918240920387,0.00037441710065012424,650,667,17,4,4,4,5,4,555,645,662
461,96,198,903,965,62,78,78,963,963,0,0.0035059055788147996,0.003608019333537561,937,939,2,4,2,2,4,13,614,183,619
462,0,102,1,875,874,0,17,1,346,345,0.0,0.0,1,1,0,4,-1,5,16,2,53,462,530
463,54,54,725,725,0,134,134,643,643,0,0.0002723033459273631,0.0002723033459273631,583,583,0,-1,3,3,23,7,15,188,533
464,181,387,940,978,38,208,208,943,943,0,0.004118588107151367,0.004935498144933456,942,950,8,3,2,2,14,21,198,123,109
465,102,204,947,978,31,56,56,991,991,0,0.01327478811395895,0.0156914803090643,991,995,4,4,2,2,2,14,979,190,112
466,68,170,886,967,81,28,28,812,812,0,0.0013955546478777359,0.0014295925661186562,852,853,1,4,3,3,3,13,857,261,659
467,0,102,1,896,895,0,14,1,365,364,0.0,0.00013615167296368154,1,499,498,4,-1,5,11,1,271,573,164
468,6,108,431,916,485,11,11,445,445,0,6.807583648184077e-05,6.807583648184077e-05,442,442,0,4,4,4,4,1,858,594,609
469,2,208,361,972,611,8,12,427,483,56,3.4037918240920386e-05,0.0009530617107457708,405,803,398,3,5,4,4,1,945,481,277
470,6,108,454,934,480,12,12,586,586,0,0.00010211375472276115,0.0002042275094455223,485,588,103,4,4,4,2,1,763,718,385
471,6,108,390,879,489,32,32,423,423,0,6.807583648184077e-05,6.807583648184077e-05,442,442,0,4,4,4,14,2,121,560,572
472,20,20,695,695,0,24,24,708,708,0,0.0008169100377820892,0.0008169100377820892,777,777,0,-1,4,4,4,5,611,338,730
473,2,104,381,956,575,5,6,444,516,72,6.807583648184077e-05,0.0018720855032506212,456,883,427,4,5,5,3,2,918,384,38
474,24,230,654,955,301,48,52,595,618,23,0.0002382654276864427,0.0009870996289866913,593,802,209,3,3,3,9,4,159,332,272
475,1,207,333,961,628,7,22,333,470,137,0.0,0.00034037918240920387,1,661,660,3,7,4,7,3,714,626,329
476,0,0,1,1,0,0,0,1,1,0,0.0,0.0,1,1,0,-1,-1,-1,9,0,250,894,888
477,21,227,744,981,237,12,12,631,631,0,0.0008169100377820892,0.0024166921951053475,784,915,131,3,4,4,2,5,894,216,78
478,28,28,703,703,0,72,72,718,718,0,0.00034037918240920387,0.00034037918240920387,648,648,0,-1,3,3,11,4,176,233,886
479,38,244,809,978,169,44,44,877,877,0,0.0006126825283365669,0.00088498587426393,732,781,49,3,3,3,4,4,660,545,370
480,0,206,1,945,944,0,42,1,465,464,0.0,0.0006126825283365669,1,724,723,3,-1,4,13,0,165,851,221
481,0,0,1,1,0,0,0,1,1,0,0.0,0.0,1,1,0,-1,-1,-1,16,3,27,478,846
482,6,6,382,382,0,32,32,403,403,0,6.807583648184077e-05,6.807583648184077e-05,441,441,0,-1,4,4,16,2,195,885,462
483,0,0,1,1,0,0,0,1,1,0,0.0,0.0,1,1,0,-1,-1,-1,3,0,892,902,974
484,40,141,835,959,124,28,28,847,847,0,0.0016338200755641784,0.0016338200755641784,870,870,0,5,3,3,3,10,961,227,555
485,83,185,855,949,94,80,80,771,771,0,0.00088498587426393,0.0009190237925048504,781,787,6,4,3,3,10,17,355,327,549
486,0,101,1,963,962,0,2,1,332,331,0.0,0.0,1,1,0,6,-1,7,2,1,749,913,788
487,22,124,680,927,247,32,32,689,689,0,0.00017018959120460194,0.0004084550188910446,545,680,135,4,3,3,5,2,599,425,516
488,443,649,986,992,6,384,384,985,985,0,0.006467204465774873,0.006841621566424997,965,966,1,3,2,2,21,49,12,51,296
489,6,107,457,931,474,16,16,530,530,0,6.807583648184077e-05,6.807583648184077e-05,441,441,0,7,4,4,4,1,424,799,703
490,0,0,1,1,0,0,0,1,1,0,0.0,0.0,1,1,0,-1,-1,-1,3,0,645,838,970
491,0,206,1,970,969,0,14,1,479,478,0.0,0.0008169100377820892,1,767,766,3,-1,4,5,0,463,926,99
492,38,140,685,899,214,150,150,772,772,0,0.0005105687736138058,0.0007488342013002485,703,752,49,4,3,3,19,3,36,616,258
493,0,0,1,1,0,0,0,1,1,0,0.0,0.0,1,1,0,-1,-1,-1,2,0,752,359,705
494,6,212,410,958,548,20,26,426,488,62,0.0,0.00017018959120460194,1,538,537,3,4,4,9,1,319,639,762
495,44,44,700,700,0,128,128,577,577,0,0.00010211375472276115,0.00010211375472276115,480,480,0,-1,3,3,30,4,7,164,726
496,6,108,490,956,466,3,3,370,370,0,0.00013615167296368154,0.0002042275094455223,523,574,51,4,5,5,2,4,702,319,476
497,44,250,791,970,179,44,48,675,688,13,0.0005786446100956465,0.003369753905851118,730,936,206,3,3,3,7,7,216,422,51
498,102,204,901,965,64,78,78,965,965,0,0.008577555396711936,0.008747744987916539,980,981,1,4,2,2,4,14,547,243,332
499,20,226,731,976,245,22,22,787,787,0,0.0004765308553728854,0.0008169100377820892,707,800,93,3,3,3,2,3,804,173,557
500,188,788,953,998,45,154,154,962,962,0,0.003608019333537561,0.010041185881071514,932,978,46,2,2,2,10,20,427,95,5
501,24,230,612,953,341,114,114,623,623,0,0.00013615167296368154,0.0002723033459273631,501,603,102,3,3,3,23,7,30,451,727
502,0,0,1,1,0,0,0,1,1,0,0.0,0.0,1,1,0,-1,-1,-1,14,1,85,949,707
503,0,206,1,977,976,0,12,1,519,518,0.0,0.0007828721195411688,1,767,766,3,-1,4,4,0,607,933,189
504,0,0,1,1,0,0,0,1,1,0,0.0,0.0,1,1,0,-1,-1,-1,5,0,492,769,989
505,5,5,550,550,0,3,3,402,402,0,0.00017018959120460194,0.00017018959120460194,566,566,0,-1,5,5,2,4,936,210,757
506,0,206,1,957,956,0,22,1,481,480,0.0,0.0005105687736138058,1,709,708,3,-1,4,7,0,637,839,40
507,8,8,494,494,0,18,18,430,430,0,0.0,0.0,1,1,0,-1,4,4,8,5,146,225,992
508,362,568,984,994,10,80,80,925,925,0,0.00980292045338507,0.011777119711358454,981,988,7,3,3,3,5,59,474,6,94
509,0,206,1,966,965,0,30,1,572,571,0.0,0.0009530617107457708,1,800,799,3,-1,4,7,0,416,372,64
510,13,13,590,590,0,30,30,627,627,0,0.00017018959120460194,0.00017018959120460194,558,558,0,-1,4,4,5,4,474,339,919
511,0,206,1,941,940,0,41,1,413,412,0.0,0.00017018959120460194,1,531,530,3,-1,4,19,0,46,533,636
512,31,237,776,972,196,40,40,763,763,0,0.00088498587426393,0.0018720855032506212,794,875,81,3,3,3,5,6,724,289,224
513,14,630,558,993,435,40,54,603,690,87,0.00017018959120460194,0.0030293747234419145,546,924,378,2,4,3,8,3,383,248,157
514,36,138,832,966,134,18,18,718,718,0,0.001055175465468532,0.001497668402600497,816,862,46,4,4,4,3,12,854,67,482
515,102,204,917,969,52,40,40,767,767,0,0.002382654276864427,0.002382654276864427,905,905,0,4,3,3,5,19,561,133,298
516,13,13,670,670,0,12,12,673,673,0,0.00034037918240920387,0.00034037918240920387,655,655,0,-1,4,4,2,3,951,93,875
517,359,565,984,993,9,120,120,980,980,0,0.007420266176520644,0.007862759113652609,973,973,0,3,2,2,6,55,387,21,535
518,38,244,753,966,213,62,62,785,785,0,0.0012934408931549745,0.002212464685659825,834,897,63,3,3,3,7,7,209,630,100
519,43,145,846,963,117,38,38,922,922,0,0.0017018959120460194,0.00176997174852786,874,881,7,4,3,3,3,6,642,397,555
520,1,103,331,945,614,2,3,331,369,38,0.0,0.00013615167296368154,1,526,525,4,7,5,2,1,947,972,280
521,0,206,1,955,954,0,17,1,422,421,0.0,0.0005786446100956465,1,719,718,3,-1,4,8,0,334,569,245
522,2,2,377,377,0,4,4,416,416,0,0.0,0.0,1,1,0,-1,5,5,2,1,625,837,860
523,32,648,709,993,284,100,100,821,821,0,0.0007828721195411688,0.00176997174852786,759,869,110,2,3,3,10,7,152,224,145
524,42,143,891,975,84,8,8,609,609,0,0.001940161339732462,0.001940161339732462,894,894,0,6,4,4,2,19,873,72,597
525,22,22,710,710,0,18,18,603,603,0,0.0007488342013002485,0.0007488342013002485,773,773,0,-1,4,4,3,11,484,249,826
526,10,216,526,966,440,36,48,558,662,104,0.0002382654276864427,0.001055175465468532,584,802,218,3,4,4,8,4,199,287,612
527,0,0,1,1,0,0,0,1,1,0,0.0,0.0,1,1,0,-1,-1,-1,7,0,336,522,890
528,0,102,1,946,945,0,3,1,375,374,0.0,3.4037918240920386e-05,1,400,399,4,-1,5,2,0,760,940,690
529,0,102,1,921,920,0,9,1,421,420,0.0,0.00030634126416828345,1,628,627,4,-1,5,5,0,612,564,724
530,24,230,642,949,307,70,70,595,595,0,0.0004084550188910446,0.0007828721195411688,670,758,88,3,3,3,14,3,332,93,308
531,47,148,798,934,136,58,58,774,774,0,0.0008169100377820892,0.0009190237925048504,776,795,19,5,3,3,7,10,299,366,537
532,0,0,1,1,0,0,0,1,1,0,0.0,0.0,1,1,0,-1,-1,-1,3,1,712,792,945
533,99,99,906,906,0,78,78,976,976,0,0.004969536063174376,0.004969536063174376,962,962,0,-1,2,2,4,14,520,175,428
534,108,210,949,977,28,22,22,818,818,0,0.0028932230504782326,0.0030293747234419145,917,925,8,4,3,3,2,33,919,15,317
535,71,687,859,997,138,34,34,699,699,0,0.0014295925661186562,0.003267640151128357,846,936,90,2,3,3,4,18,448,147,137
536,0,102,1,919,918,0,5,1,361,360,0.0,0.0,1,1,0,4,-1,5,4,0,641,657,799
537,1,1,333,333,0,6,6,333,333,0,0.0,0.0,1,1,0,-1,6,6,6,2,432,344,568
538,4,4,444,444,0,6,6,382,382,0,3.4037918240920386e-05,3.4037918240920386e-05,408,408,0,-1,5,5,4,3,423,598,830
539,0,102,1,910,909,0,7,1,373,372,0.0,0.0002382654276864427,1,594,593,4,-1,5,5,0,382,875,459
540,66,682,825,995,170,100,100,864,864,0,0.001599782157323258,0.0030293747234419145,857,921,64,2,2,2,9,7,327,170,227
541,0,206,1,975,974,0,9,1,487,486,0.0,0.000442492937131965,1,695,694,3,-1,4,3,0,699,918,134
542,0,101,1,939,938,0,3,1,331,330,0.0,3.4037918240920386e-05,1,398,397,5,-1,6,3,0,953,996,325
543,0,0,1,1,0,0,0,1,1,0,0.0,0.0,1,1,0,-1,-1,-1,4,0,741,938,973
544,8,110,474,883,409,31,31,407,407,0,0.00010211375472276115,0.0002723033459273631,473,602,129,4,4,4,15,5,45,401,499
545,2,618,358,996,638,7,34,359,664,305,0.0,0.002382654276864427,1,897,896,2,5,3,6,1,98,736,203
546,8,110,465,877,412,32,33,395,401,6,6.807583648184077e-05,0.00013615167296368154,451,511,60,4,4,4,17,2,10,364,334
547,0,101,1,911,910,0,3,1,329,328,0.0,3.4037918240920386e-05,1,404,403,5,-1,6,3,0,459,952,437
548,11,11,544,544,0,22,22,496,496,0,0.0002723033459273631,0.0002723033459273631,613,613,0,-1,4,4,7,4,510,208,502
549,0,206,1,955,954,0,19,1,440,439,0.0,0.00017018959120460194,1,539,538,3,-1,4,8,2,443,633,162
550,484,586,994,998,4,48,48,941,941,0,0.012389802239695021,0.012525953912658701,990,990,0,4,3,3,3,96,583,1,500
551,0,206,1,950,949,0,39,1,522,521,0.0,0.0011913271384322134,1,826,825,3,-1,4,10,0,310,817,269
552,124,226,942,976,34,60,60,906,906,0,0.00439089145307873,0.00442492937131965,944,945,1,4,3,3,5,28,720,41,676
553,58,160,830,939,109,84,84,924,924,0,0.0018040096667687805,0.0018380475850097008,873,875,2,4,2,2,5,3,238,280,697
554,56,672,785,994,209,96,110,654,736,82,0.0006807583648184077,0.0015317063208414173,731,847,116,2,3,3,16,7,145,115,440
555,373,474,993,996,3,56,56,972,972,0,0.014738418598318526,0.014738418598318526,993,993,0,6,2,2,2,92,779,30,590
556,0,616,1,993,992,0,62,1,565,564,0.0,0.0010211375472276116,1,797,796,2,-1,3,14,0,130,565,289
557,3,104,455,948,493,4,4,461,461,0,0.00017018959120460194,0.0002723033459273631,563,624,61,5,5,5,2,2,760,628,691
558,29,235,740,970,230,32,32,692,692,0,0.0002042275094455223,0.0004084550188910446,580,674,94,3,3,3,5,9,338,317,173
559,16,222,632,971,339,18,18,574,574,0,0.0004084550188910446,0.001055175465468532,675,813,138,3,4,4,3,9,459,29,242
560,10,626,548,993,445,44,54,646,717,71,0.0008169100377820892,0.0024507301133462676,777,904,127,2,4,3,8,4,286,336,129
561,0,102,1,929,928,0,7,1,426,425,0.0,0.0004765308553728854,1,695,694,4,-1,5,4,1,491,472,399
562,86,86,900,900,0,44,44,877,877,0,0.002212464685659825,0.002212464685659825,897,897,0,-1,3,3,4,20,682,95,957
563,4,210,429,971,542,7,12,398,478,80,6.807583648184077e-05,0.0008169100377820892,444,787,343,3,5,4,4,3,313,441,240
564,24,230,760,980,220,14,14,626,626,0,0.0007147962830593281,0.0012934408931549745,759,844,85,3,4,4,3,10,785,272,208
565,1,103,332,916,584,5,9,332,406,74,0.0,0.0002042275094455223,1,566,565,4,6,5,5,2,478,374,519
566,10,112,590,941,351,10,10,484,484,0,0.0002042275094455223,0.0002382654276864427,571,597,26,4,4,4,3,3,791,653,523
567,2,104,356,915,559,8,8,415,415,0,0.0,3.4037918240920386e-05,1,399,398,4,5,5,4,1,632,837,313
568,9,111,613,951,338,10,10,555,555,0,0.0002042275094455223,0.0009190237925048504,592,796,204,4,4,4,3,3,911,307,92
569,67,168,887,963,76,20,20,663,663,0,0.002110350930937064,0.002110350930937064,897,897,0,6,4,4,4,18,610,171,640
570,18,18,740,740,0,12,12,706,706,0,0.0004084550188910446,0.0004084550188910446,699,699,0,-1,4,4,2,3,914,318,778
571,82,288,900,981,81,44,44,872,872,0,0.0026549576227917903,0.002927260968719153,915,926,11,3,3,3,4,15,611,158,256
572,6,108,399,893,494,26,26,419,419,0,0.0,0.00017018959120460194,1,546,545,4,4,4,12,1,226,837,534
573,23,229,785,988,203,24,24,883,883,0,0.0010892133837094523,0.002927260968719153,832,925,93,3,3,3,3,7,877,224,85
574,0,102,1,951,950,0,3,1,382,381,0.0,0.0002723033459273631,1,624,623,4,-1,5,2,0,821,936,323
575,42,658,775,993,218,76,90,815,864,49,0.0008169100377820892,0.0026549576227917903,771,906,135,2,2,2,9,3,289,508,117
576,0,102,1,897,896,0,11,1,367,366,0.0,0.0002723033459273631,1,609,608,4,-1,5,9,0,177,897,805
577,2,618,346,990,644,22,80,346,508,162,0.0,0.0013615167296368155,1,840,839,2,5,3,21,1,74,540,96
578,60,162,850,954,104,50,50,846,846,0,0.0013615167296368155,0.001497668402600497,847,857,10,4,3,3,5,5,487,273,505
579,8,8,641,641,0,8,8,652,652,0,0.0007488342013002485,0.0007488342013002485,786,786,0,-1,4,4,2,3,872,209,981
580,0,102,1,904,903,0,6,1,369,368,0.0,6.807583648184077e-05,1,442,441,4,-1,5,4,0,567,990,598
581,0,206,1,976,975,0,10,1,509,508,0.0,0.0009870996289866913,1,807,806,3,-1,4,3,0,433,990,82
582,24,126,718,938,220,54,54,882,882,0,0.0006126825283365669,0.0007147962830593281,740,761,21,4,3,3,4,5,709,589,809
583,54,260,826,970,144,74,78,827,840,13,0.002144388849177984,0.0026209197045508697,892,911,19,3,2,2,8,10,365,272,182
584,502,603,991,995,4,104,104,975,975,0,0.011334626774226489,0.011334626774226489,985,985,0,8,2,2,5,78,571,9,448
585,0,102,1,904,903,0,8,1,370,369,0.0,0.00017018959120460194,1,555,554,4,-1,5,6,1,402,730,477
586,6,6,418,418,0,20,20,445,445,0,3.4037918240920386e-05,3.4037918240920386e-05,405,405,0,-1,4,4,8,1,231,531,936
587,0,616,1,991,990,0,76,1,618,617,0.0,0.0019061234214915416,1,879,878,2,-1,3,13,0,165,388,100
588,0,101,1,914,913,0,3,1,332,331,0.0,0.0,1,1,0,5,-1,6,3,0,490,963,495
589,0,616,1,994,993,0,64,1,658,657,0.0,0.0029612988869600733,1,924,923,2,-1,3,11,0,155,860,48
590,0,616,1,993,992,0,48,1,610,609,0.0,0.0016678579938050988,1,858,857,2,-1,3,9,1,192,573,94
591,20,122,726,954,228,14,14,623,623,0,0.0004765308553728854,0.001599782157323258,702,869,167,4,4,4,3,7,953,134,53
592,6,212,459,974,515,8,12,414,481,67,3.4037918240920386e-05,0.0002382654276864427,398,604,206,3,5,4,4,3,495,596,655
593,116,322,929,981,52,34,34,778,778,0,0.0020082371762143027,0.002552843868069029,883,909,26,3,3,3,4,23,539,66,278
594,12,114,547,920,373,20,20,500,500,0,0.00013615167296368154,0.0002042275094455223,511,571,60,4,4,4,6,2,341,579,561
595,2,104,349,881,532,24,25,375,381,6,3.4037918240920386e-05,6.807583648184077e-05,393,441,48,4,5,5,18,2,29,679,572
596,7,7,489,489,0,29,29,501,501,0,0.00013615167296368154,0.00013615167296368154,516,516,0,-1,4,4,10,5,437,225,614
597,2,2,397,397,0,3,3,406,406,0,0.0,0.0,1,1,0,-1,5,5,2,1,959,577,455
598,0,0,1,1,0,0,0,1,1,0,0.0,0.0,1,1,0,-1,-1,-1,6,0,522,967,959
599,82,184,849,945,96,98,98,739,739,0,0.0011232513019503727,0.0013274788113958951,822,839,17,4,3,3,13,15,97,138,420
600,0,206,1,953,952,0,29,1,432,431,0.0,0.0002382654276864427,1,590,589,3,-1,4,13,0,242,651,827
601,186,802,947,997,50,130,130,925,925,0,0.003608019333537561,0.004152626025392287,934,944,10,2,3,3,10,24,256,13,454
602,6,6,392,392,0,31,31,434,434,0,0.00010211375472276115,0.00010211375472276115,485,485,0,-1,4,4,12,1,252,531,816
603,6,6,428,428,0,10,10,440,440,0,6.807583648184077e-05,6.807583648184077e-05,457,457,0,-1,4,4,3,2,634,342,883
604,0,102,1,897,896,0,17,1,417,416,0.0,0.0004084550188910446,1,666,665,4,-1,5,9,1,168,841,186
605,0,0,1,1,0,0,0,1,1,0,0.0,0.0,1,1,0,-1,-1,-1,12,0,375,887,849
606,24,230,700,971,271,20,24,679,687,8,0.0004084550188910446,0.001157289220191293,680,831,151,3,3,3,3,6,725,447,226
607,70,1710,799,1000,201,146,184,729,825,96,0.0005105687736138058,0.005820484019197386,697,961,264,1,3,2,20,9,61,375,280
608,34,34,787,787,0,28,28,745,745,0,0.0007147962830593281,0.0007147962830593281,769,769,0,-1,3,3,3,4,726,333,986
609,0,0,1,1,0,0,0,1,1,0,0.0,0.0,1,1,0,-1,-1,-1,6,0,98,665,730
610,2,208,384,983,599,3,8,391,551,160,0.00013615167296368154,0.0031314884781646754,532,931,399,3,5,4,2,1,715,537,56
611,0,101,1,936,935,0,2,1,331,330,0.0,0.0,1,1,0,7,-1,8,2,0,776,715,469
612,9,215,653,990,337,4,8,470,614,144,6.807583648184077e-05,0.003642057251778481,464,950,486,3,5,4,2,6,866,486,20
613,0,206,1,958,957,0,21,1,458,457,0.0,0.00013615167296368154,1,512,511,3,-1,4,8,0,350,914,410
614,26,128,820,972,152,10,10,579,579,0,0.0006126825283365669,0.001599782157323258,738,872,134,4,4,4,3,12,786,155,264
615,2,104,360,906,546,11,13,390,412,22,6.807583648184077e-05,0.00034037918240920387,451,637,186,4,5,5,7,2,658,320,427
616,1,103,332,978,646,2,3,332,442,110,3.4037918240920386e-05,0.0005446066918547262,407,747,340,4,6,5,2,2,775,532,139
617,46,147,735,910,175,86,86,568,568,0,0.0006807583648184077,0.0006807583648184077,736,736,0,5,3,3,18,9,64,198,763
618,26,26,685,685,0,38,38,625,625,0,0.0002042275094455223,0.0002042275094455223,563,563,0,-1,3,3,6,5,157,350,882
619,100,100,875,875,0,100,100,767,767,0,0.016542428265087308,0.016542428265087308,991,991,0,-1,1,1,12,22,106,128,852
620,20,20,625,625,0,44,44,517,517,0,0.0002042275094455223,0.0002042275094455223,564,564,0,-1,4,4,12,9,106,341,695
621,18,119,611,914,303,44,44,583,583,0,0.000442492937131965,0.0005105687736138058,693,708,15,5,4,4,8,3,231,519,899
622,60,60,875,875,0,28,28,794,794,0,0.0015657442390823377,0.0015657442390823377,874,874,0,-1,3,3,3,27,729,304,726
623,14,116,685,961,276,18,18,714,714,0,0.000442492937131965,0.0012934408931549745,685,854,169,4,4,4,3,4,707,336,151
624,182,388,925,976,51,278,278,952,952,0,0.0035059055788147996,0.0036760951700194017,925,931,6,3,2,2,20,15,88,158,493
625,2,104,404,965,561,3,3,413,413,0,3.4037918240920386e-05,0.0002723033459273631,408,630,222,4,5,5,2,1,987,543,83
626,0,206,1,949,948,0,56,1,544,543,0.0,0.0009530617107457708,1,796,795,3,-1,4,14,0,79,538,206
627,0,101,1,934,933,0,2,1,331,330,0.0,3.4037918240920386e-05,1,392,391,5,-1,6,2,0,733,846,572
628,66,682,858,997,139,46,66,742,871,129,0.0009530617107457708,0.015453214881377854,796,991,195,2,3,3,6,16,441,113,3
629,147,147,966,966,0,58,58,978,978,0,0.00439089145307873,0.00439089145307873,948,948,0,-1,2,2,3,22,856,203,900
630,2,208,357,966,609,8,30,358,572,214,0.0,0.0017018959120460194,1,865,864,3,5,4,7,1,416,603,81
631,2,2,358,358,0,8,8,422,422,0,3.4037918240920386e-05,3.4037918240920386e-05,400,400,0,-1,5,5,4,1,512,935,882
632,2,104,377,945,568,4,4,407,407,0,0.0,0.00010211375472276115,1,484,483,4,5,5,2,1,713,506,840
633,100,100,836,836,0,100,100,546,546,0,0.008101024541339052,0.008203138296061813,970,972,2,4,1,1,23,8,43,174,749
634,32,32,739,739,0,50,50,677,677,0,0.0004765308553728854,0.0004765308553728854,699,699,0,-1,3,3,8,7,420,170,884
635,46,46,825,825,0,44,44,857,857,0,0.001497668402600497,0.001497668402600497,856,856,0,-1,3,3,4,5,545,273,934
636,8,8,533,533,0,12,12,567,567,0,0.00013615167296368154,0.00013615167296368154,521,521,0,-1,4,4,2,2,905,323,635
637,13,115,529,902,373,40,40,522,522,0,6.807583648184077e-05,0.0006126825283365669,449,722,273,4,4,4,10,3,153,458,177
638,23,125,726,936,210,40,40,767,767,0,0.0006467204465774873,0.0006467204465774873,751,751,0,4,3,3,5,5,314,589,506
639,74,176,916,975,59,28,28,877,877,0,0.002825147213996392,0.0035739814152966403,924,940,16,4,3,3,3,21,796,123,642
640,122,224,920,966,46,62,62,798,798,0,0.0020422750944552232,0.0021784267674189047,895,900,5,4,3,3,7,24,170,119,761
641,48,254,878,988,110,18,18,738,738,0,0.0018040096667687805,0.002110350930937064,889,906,17,3,4,4,3,15,850,158,541
642,9,110,597,950,353,8,8,517,517,0,0.0002042275094455223,0.0002042275094455223,584,584,0,7,4,4,2,6,771,447,582
643,0,101,1,923,922,0,6,1,331,330,0.0,0.0,1,1,0,5,-1,6,6,0,657,776,421
644,0,206,1,951,950,0,33,1,487,486,0.0,0.001055175465468532,1,805,804,3,-1,4,11,0,333,786,397
645,0,0,1,1,0,0,0,1,1,0,0.0,0.0,1,1,0,-1,-1,-1,3,0,892,349,568
646,43,249,757,964,207,86,86,787,787,0,0.0013955546478777359,0.0017359338302869397,831,861,30,3,2,2,11,4,271,278,295
647,115,115,929,929,0,38,38,851,851,0,0.002280540522141666,0.002280540522141666,903,903,0,-1,3,3,3,24,930,129,730
648,0,616,1,991,990,0,40,1,568,567,0.0,0.0014295925661186562,1,846,845,2,-1,3,9,0,136,565,139
649,8,214,557,976,419,8,8,492,492,0,6.807583648184077e-05,0.0002382654276864427,453,601,148,3,4,4,2,5,926,395,266
650,1,1,332,332,0,2,2,332,332,0,0.0,0.0,1,1,0,-1,6,6,2,2,828,344,914
651,74,176,872,959,87,62,62,836,836,0,0.0014636304843595766,0.0016678579938050988,868,880,12,4,3,3,7,14,477,84,279
652,34,34,690,690,0,80,80,630,630,0,0.00037441710065012424,0.00037441710065012424,652,652,0,-1,3,3,13,4,115,167,564
653,92,92,961,961,0,12,12,731,731,0,0.003642057251778481,0.003642057251778481,943,943,0,-1,4,4,2,31,959,76,974
654,0,0,1,1,0,0,0,1,1,0,0.0,0.0,1,1,0,-1,-1,-1,2,0,884,751,994
655,0,206,1,967,966,0,15,1,489,488,0.0,0.00034037918240920387,1,654,653,3,-1,4,4,0,638,517,482
656,8,109,506,905,399,19,19,433,433,0,0.0,3.4037918240920386e-05,1,403,402,5,4,4,9,2,190,364,566
657,0,102,1,911,910,0,5,1,370,369,0.0,6.807583648184077e-05,1,440,439,4,-1,5,3,0,778,735,124
658,16,117,598,913,315,34,34,706,706,0,0.00017018959120460194,0.0002382654276864427,547,590,43,5,3,3,4,1,300,667,762
659,2,103,357,906,549,8,8,357,357,0,0.0,0.0,1,1,0,5,5,5,7,1,359,593,896
660,6,108,538,966,428,8,8,596,596,0,0.00030634126416828345,0.000442492937131965,654,713,59,4,4,4,2,2,749,785,566
661,47,148,847,961,114,52,52,967,967,0,0.0031314884781646754,0.0032336022328874367,926,930,4,5,2,2,3,3,628,438,394
662,186,802,956,998,42,102,102,933,933,0,0.0040845501889104465,0.007794683277170768,944,971,27,2,3,3,7,31,343,102,34
663,10,112,727,980,253,4,4,545,545,0,0.00034037918240920387,0.0036760951700194017,674,938,264,4,5,5,2,10,775,262,31
664,2,208,356,971,615,7,15,356,451,95,0.0,0.0004765308553728854,1,695,694,3,5,4,6,3,515,484,387
665,0,206,1,967,966,0,14,1,508,507,0.0,0.0007488342013002485,1,770,769,3,-1,4,3,0,459,994,190
666,38,244,695,957,262,138,138,858,858,0,0.0011232513019503727,0.001599782157323258,810,856,46,3,3,3,13,3,92,642,288
667,254,460,967,985,18,162,162,928,928,0,0.004152626025392287,0.0045270431260424114,950,953,3,3,3,3,12,35,106,57,288
668,0,102,1,877,876,0,23,1,380,379,0.0,0.0002382654276864427,1,587,586,4,-1,5,15,0,40,889,500
669,2,208,355,965,610,10,26,410,571,161,0.0,0.0025188059498281084,1,906,905,3,5,4,5,1,571,552,25
670,0,0,1,1,0,0,0,1,1,0,0.0,0.0,1,1,0,-1,-1,-1,2,0,876,588,872
671,24,126,712,937,225,14,14,541,541,0,0.00034037918240920387,0.0005105687736138058,659,718,59,4,4,4,3,5,703,252,425
672,0,0,1,1,0,0,0,1,1,0,0.0,0.0,1,1,0,-1,-1,-1,15,0,49,359,777
673,114,320,926,981,55,54,54,872,872,0,0.002586881786309949,0.002825147213996392,907,916,9,3,3,3,4,21,671,157,655
674,1,103,332,923,591,3,6,332,399,67,3.4037918240920386e-05,0.00017018959120460194,413,562,149,4,6,5,3,3,746,484,260
675,0,102,1,922,921,0,4,1,365,364,0.0,0.00010211375472276115,1,481,480,4,-1,5,3,0,577,820,799
676,2,2,371,371,0,7,7,396,396,0,0.00010211375472276115,0.00010211375472276115,499,499,0,-1,5,5,4,1,619,899,947
677,67,168,833,940,107,76,76,757,757,0,0.0009530617107457708,0.0009870996289866913,785,788,3,5,3,3,10,13,169,120,646
678,50,50,732,732,0,174,174,811,811,0,0.0007147962830593281,0.0007147962830593281,746,746,0,-1,2,2,19,4,11,312,754
679,1,1,332,332,0,2,2,332,332,0,0.0,0.0,1,1,0,-1,6,6,2,2,967,739,587
680,41,41,785,785,0,44,44,643,643,0,0.0007147962830593281,0.0007147962830593281,758,758,0,-1,4,4,8,14,499,175,644
681,2,2,374,374,0,4,4,429,429,0,0.0,0.0,1,1,0,-1,5,5,2,1,895,416,995
682,6,6,462,462,0,10,10,471,471,0,0.0,0.0,1,1,0,-1,4,4,4,1,578,402,876
683,150,150,940,940,0,44,44,855,855,0,0.003369753905851118,0.003369753905851118,930,930,0,-1,3,3,4,27,547,69,348
684,44,145,883,978,95,24,24,905,905,0,0.0016678579938050988,0.0017018959120460194,875,875,0,6,3,3,3,13,812,340,743
685,36,36,880,880,0,12,12,833,833,0,0.002552843868069029,0.002552843868069029,922,922,0,-1,4,4,2,17,920,85,793
686,176,792,946,999,53,76,76,862,862,0,0.0025188059498281084,0.005037611899656217,912,958,46,2,3,3,6,23,378,66,141
687,42,143,769,925,156,88,88,790,790,0,0.0007488342013002485,0.0007828721195411688,757,762,5,5,3,3,11,9,174,145,437
688,93,194,917,971,54,68,68,969,969,0,0.00445896728956057,0.00445896728956057,952,952,0,7,2,2,4,12,617,172,663
689,2,2,358,358,0,12,12,390,390,0,3.4037918240920386e-05,3.4037918240920386e-05,399,399,0,-1,5,5,7,1,361,421,423
690,0,0,1,1,0,0,0,1,1,0,0.0,0.0,1,1,0,-1,-1,-1,13,0,129,565,828
691,0,0,1,1,0,0,0,1,1,0,0.0,0.0,1,1,0,-1,-1,-1,8,0,420,876,205
692,6,6,399,399,0,20,20,421,421,0,6.807583648184077e-05,6.807583648184077e-05,442,442,0,-1,4,4,9,1,414,594,952
693,1,1,333,333,0,11,11,333,333,0,0.0,0.0,1,1,0,-1,6,6,11,1,155,590,992
694,57,57,850,850,0,60,60,884,884,0,0.0024166921951053475,0.0024166921951053475,907,907,0,-1,3,3,5,6,561,73,709
695,2,208,359,957,598,8,36,369,594,225,0.0,0.0038462847612240037,1,945,944,3,5,4,6,2,157,374,21
696,29,29,663,663,0,73,73,555,555,0,0.0007488342013002485,0.0007488342013002485,744,744,0,-1,3,3,16,5,26,487,522
697,2,208,355,952,597,18,27,395,460,65,0.0,0.0002382654276864427,1,584,583,3,5,4,10,1,109,639,115
698,616,616,994,994,0,242,242,978,978,0,0.008611593314952858,0.008611593314952858,975,975,0,-1,2,2,14,81,130,32,753
699,0,102,1,929,928,0,7,1,426,425,0.0,0.0004084550188910446,1,676,675,4,-1,5,4,0,491,998,221
700,11,113,633,952,319,8,8,513,513,0,0.0002042275094455223,0.001055175465468532,573,819,246,4,4,4,2,4,960,208,281
701,10,10,578,578,0,10,10,515,515,0,0.0002382654276864427,0.0002382654276864427,597,597,0,-1,4,4,3,3,882,307,883
702,0,102,1,940,939,0,4,1,403,402,0.0,0.0007147962830593281,1,759,758,4,-1,5,2,0,977,542,166
703,146,352,899,972,73,330,330,868,868,0,0.0012594029749140542,0.0012934408931549745,825,832,7,3,2,2,35,12,20,172,325
704,1,1,332,332,0,3,3,332,332,0,0.0,0.0,1,1,0,-1,6,6,3,2,854,357,674
705,0,206,1,950,949,0,30,1,490,489,0.0,0.0009870996289866913,1,801,800,3,-1,4,9,0,277,728,193
706,6,212,420,966,546,20,20,530,530,0,0.0002042275094455223,0.0005105687736138058,555,717,162,3,4,4,4,2,493,691,259
707,369,575,985,995,10,120,120,988,988,0,0.008951972497362062,0.009564655025698629,977,981,4,3,2,2,6,69,405,12,440
708,148,354,919,978,59,124,124,925,925,0,0.002825147213996392,0.0048674223084516155,913,956,43,3,3,3,9,17,263,81,26
709,228,844,959,996,37,146,146,923,923,0,0.0028932230504782326,0.009156200006807584,918,974,56,2,3,3,11,26,162,108,6
710,0,206,1,978,977,0,7,1,500,499,0.0,0.00013615167296368154,1,522,521,3,-1,4,2,0,939,457,168
711,6,212,395,951,556,28,44,414,497,83,0.0,0.0006126825283365669,1,730,729,3,4,4,14,2,47,885,184
712,84,290,903,982,79,58,58,946,946,0,0.0026549576227917903,0.00353994349705572,917,943,26,3,2,2,4,16,562,113,255
713,1,102,331,946,615,3,3,331,331,0,0.0,0.00010211375472276115,1,494,493,5,7,6,3,1,796,857,452
714,0,102,1,919,918,0,4,1,362,361,0.0,3.4037918240920386e-05,1,413,412,4,-1,5,3,1,780,641,322
715,16,16,670,670,0,28,28,791,791,0,0.00037441710065012424,0.00037441710065012424,668,668,0,-1,3,3,3,1,958,609,833
716,40,142,783,927,144,52,52,715,715,0,0.00088498587426393,0.001157289220191293,796,830,34,4,3,3,7,5,714,273,759
717,7,7,520,520,0,12,12,448,448,0,0.0,0.0,1,1,0,-1,4,4,5,2,382,364,758
718,87,189,894,968,74,68,68,954,954,0,0.006092787365124749,0.006433166547533953,968,971,3,4,2,2,4,11,815,118,467
719,0,102,1,925,924,0,4,1,371,370,0.0,0.0,1,1,0,4,-1,5,3,0,583,952,762
720,84,290,820,965,145,154,154,755,755,0,0.001055175465468532,0.0015657442390823377,802,856,54,3,2,2,19,10,35,296,299
721,0,0,1,1,0,0,0,1,1,0,0.0,0.0,1,1,0,-1,-1,-1,14,0,84,979,574
722,7,7,587,587,0,12,12,745,745,0,0.0002382654276864427,0.0002382654276864427,595,595,0,-1,4,4,2,2,950,628,745
723,16,118,606,919,313,34,34,722,722,0,0.0005786446100956465,0.0006467204465774873,735,749,14,4,3,3,4,1,516,404,244
724,6,6,494,494,0,7,7,505,505,0,6.807583648184077e-05,6.807583648184077e-05,458,458,0,-1,4,4,2,2,986,842,990
725,78,284,851,971,120,100,100,835,835,0,0.0019061234214915416,0.0020763130126961434,872,879,7,3,3,3,10,17,256,213,770
726,8,110,530,925,395,11,11,457,457,0,0.00013615167296368154,0.0002723033459273631,516,615,99,4,4,4,4,5,655,476,447
727,0,102,1,916,915,0,5,1,359,358,0.0,3.4037918240920386e-05,1,404,403,4,-1,5,4,1,783,828,347
728,6,6,390,390,0,20,20,421,421,0,6.807583648184077e-05,6.807583648184077e-05,449,449,0,-1,4,4,8,2,370,885,941
729,0,616,1,994,993,0,36,1,544,543,0.0,0.0006807583648184077,1,745,744,2,-1,3,9,0,367,849,328
730,6,1646,397,1000,603,60,136,598,893,295,6.807583648184077e-05,0.018278362095374246,444,995,551,1,4,2,12,1,292,667,37
731,0,101,1,932,931,0,2,1,331,330,0.0,3.4037918240920386e-05,1,407,406,5,-1,6,2,1,429,554,518
732,58,58,840,840,0,78,78,873,873,0,0.0030974505599237552,0.0030974505599237552,928,928,0,-1,2,2,7,4,364,617,620
733,40,246,832,977,145,28,28,792,792,0,0.0008509479560230097,0.0026209197045508697,804,920,116,3,3,3,3,6,825,194,85
734,2,104,343,874,531,27,29,388,391,3,0.0,0.00037441710065012424,1,647,646,4,5,5,16,3,145,466,303
735,5,5,418,418,0,7,7,384,384,0,3.4037918240920386e-05,3.4037918240920386e-05,405,405,0,-1,5,5,4,3,448,572,956
736,49,49,813,813,0,44,44,669,669,0,0.000442492937131965,0.000442492937131965,691,691,0,-1,3,3,7,7,221,176,806
737,46,148,789,937,148,82,82,871,871,0,0.001497668402600497,0.0015657442390823377,847,855,8,4,2,2,7,4,346,312,541
738,6,108,444,927,483,12,12,486,486,0,0.00017018959120460194,0.0002382654276864427,543,592,49,4,4,4,4,1,740,481,241
739,0,206,1,975,974,0,10,1,503,502,0.0,0.0017018959120460194,1,875,874,3,-1,4,3,1,745,472,87
740,20,226,625,964,339,40,40,628,628,0,0.00030634126416828345,0.0012934408931549745,624,835,211,3,3,3,7,3,436,173,227
741,147,249,921,962,41,140,140,822,822,0,0.002144388849177984,0.002212464685659825,894,895,1,4,3,3,15,19,104,72,840
742,0,102,1,921,920,0,9,1,416,415,0.0,0.00013615167296368154,1,525,524,4,-1,5,5,0,421,976,501
743,2,2,360,360,0,11,11,371,371,0,0.0,0.0,1,1,0,-1,5,5,8,2,260,764,832
744,0,102,1,919,918,0,6,1,356,355,0.0,0.00010211375472276115,1,478,477,4,-1,5,5,0,386,996,862
745,24,230,662,963,301,90,90,805,805,0,0.0007147962830593281,0.001599782157323258,742,856,114,3,3,3,10,3,256,103,113
746,0,0,1,1,0,0,0,1,1,0,0.0,0.0,1,1,0,-1,-1,-1,2,1,926,835,895
747,58,58,853,853,0,52,52,956,956,0,0.0026549576227917903,0.0026549576227917903,914,914,0,-1,2,2,3,5,927,308,832
748,0,206,1,970,969,0,16,1,565,564,0.0,0.0028591851322373124,1,921,920,3,-1,4,4,0,728,989,48
749,27,643,656,994,338,94,116,677,791,114,0.00034037918240920387,0.004186663943633207,637,944,307,2,3,3,14,6,121,199,76
750,6,212,462,974,512,12,12,567,567,0,0.00010211375472276115,0.0002382654276864427,481,599,118,3,4,4,2,1,828,958,634
751,16,222,565,958,393,44,44,580,580,0,0.00030634126416828345,0.000442492937131965,630,680,50,3,3,3,9,1,327,797,494
752,16,222,599,965,366,32,32,584,584,0,0.0002042275094455223,0.0008509479560230097,559,790,231,3,4,4,6,5,356,350,471
753,12,218,558,969,411,18,18,561,561,0,0.00034037918240920387,0.0010892133837094523,648,815,167,3,4,4,3,3,837,541,440
754,0,101,1,887,886,0,11,1,332,331,0.0,6.807583648184077e-05,1,441,440,5,-1,6,11,0,234,979,708
755,0,206,1,978,977,0,14,1,624,623,0.0,0.002144388849177984,1,892,891,3,-1,4,3,0,693,836,49
756,62,268,822,971,149,134,134,923,923,0,0.0016338200755641784,0.0018720855032506212,859,874,15,3,2,2,10,3,99,642,494
757,36,36,755,755,0,84,84,853,853,0,0.0009530617107457708,0.0009530617107457708,803,803,0,-1,3,3,8,4,420,207,876
758,68,68,853,853,0,72,72,858,858,0,0.0011232513019503727,0.0011232513019503727,820,820,0,-1,3,3,7,13,658,255,918
759,0,0,1,1,0,0,0,1,1,0,0.0,0.0,1,1,0,-1,-1,-1,9,1,177,948,753
760,0,0,1,1,0,0,0,1,1,0,0.0,0.0,1,1,0,-1,-1,-1,7,0,320,953,881
761,14,116,528,895,367,44,44,481,481,0,3.4037918240920386e-05,6.807583648184077e-05,406,452,46,4,4,4,15,3,95,485,749
762,0,0,1,1,0,0,0,1,1,0,0.0,0.0,1,1,0,-1,-1,-1,16,0,132,929,820
763,0,0,1,1,0,0,0,1,1,0,0.0,0.0,1,1,0,-1,-1,-1,3,0,642,812,780
764,17,119,629,928,299,22,22,560,560,0,0.0002382654276864427,0.0004084550188910446,591,677,86,4,4,4,5,5,406,362,556
765,18,224,623,969,346,60,60,770,770,0,0.000442492937131965,0.000442492937131965,685,685,0,3,3,3,8,3,302,300,853
766,0,206,1,967,966,0,21,1,524,523,0.0,0.0008509479560230097,1,781,780,3,-1,4,7,2,697,775,281
767,0,0,1,1,0,0,0,1,1,0,0.0,0.0,1,1,0,-1,-1,-1,19,0,48,804,796
768,6,108,378,870,492,62,62,502,502,0,6.807583648184077e-05,6.807583648184077e-05,430,430,0,4,4,4,17,2,94,648,797
769,17,17,623,623,0,58,58,799,799,0,0.00034037918240920387,0.00034037918240920387,638,638,0,-1,3,3,7,3,214,354,804
770,18,120,601,901,300,74,74,673,673,0,0.00010211375472276115,0.0007147962830593281,474,751,277,4,3,3,12,2,187,634,366
771,0,616,1,989,988,0,74,1,574,573,0.0,0.0020422750944552232,1,879,878,2,-1,3,16,0,134,793,119
772,16,16,695,695,0,32,32,893,893,0,0.0009530617107457708,0.0009530617107457708,802,802,0,-1,3,3,2,1,992,759,643
773,1,207,333,960,627,8,24,333,463,130,0.0,0.0006126825283365669,1,730,729,3,6,4,8,2,231,331,83
774,74,280,922,990,68,28,28,877,877,0,0.004765308553728854,0.0053099152455835805,957,962,5,3,3,3,3,22,883,128,179
775,14,14,674,674,0,12,12,655,655,0,0.00034037918240920387,0.00034037918240920387,664,664,0,-1,4,4,2,3,817,519,865
776,0,101,1,882,881,0,11,1,332,331,0.0,0.0,1,1,0,6,-1,7,11,0,167,372,861
777,18,120,637,929,292,24,24,535,535,0,0.0002382654276864427,0.0004084550188910446,592,665,73,4,4,4,6,4,515,202,486
778,8,8,493,493,0,14,14,441,441,0,0.0,0.0,1,1,0,-1,4,4,5,3,496,361,773
779,0,616,1,996,995,0,28,1,668,667,0.0,0.002110350930937064,1,894,893,2,-1,3,5,0,669,729,49
780,42,248,759,960,201,62,62,641,641,0,0.0002042275094455223,0.0005786446100956465,567,727,160,3,3,3,10,8,128,132,187
781,0,102,1,946,945,0,3,1,367,366,0.0,0.00017018959120460194,1,554,553,4,-1,5,2,3,979,348,547
782,2,2,351,351,0,20,20,385,385,0,0.0,0.0,1,1,0,-1,5,5,12,3,116,578,892
783,0,102,1,904,903,0,7,1,366,365,0.0,3.4037918240920386e-05,1,393,392,4,-1,5,5,0,818,629,549
784,133,235,949,976,27,34,34,832,832,0,0.0037441710065012424,0.0040845501889104465,944,949,5,4,3,3,4,29,507,17,617
785,1,1,333,333,0,7,7,333,333,0,0.0,0.0,1,1,0,-1,6,6,7,2,340,663,987
786,76,692,825,996,171,114,124,717,740,23,0.0006126825283365669,0.0012594029749140542,719,828,109,2,3,3,17,13,23,217,461
787,0,0,1,1,0,0,0,1,1,0,0.0,0.0,1,1,0,-1,-1,-1,2,0,905,982,790
788,0,101,1,919,918,0,5,1,332,331,0.0,0.0,1,1,0,5,-1,6,5,0,452,502,593
789,100,716,864,995,131,146,156,923,932,9,0.0020422750944552232,0.0053439531638245,879,954,75,2,2,2,12,13,184,255,75
790,7,7,538,538,0,12,12,582,582,0,0.0,0.0,1,1,0,-1,4,4,2,3,643,300,588
791,188,394,979,995,16,38,38,944,944,0,0.00803294870485721,0.009020048333843901,979,981,2,3,3,3,3,54,576,19,163
792,14,630,554,994,440,30,44,520,656,136,6.807583648184077e-05,0.0013955546478777359,450,837,387,2,4,3,7,6,372,392,497
793,71,71,863,863,0,60,60,883,883,0,0.0015317063208414173,0.0015317063208414173,847,847,0,-1,3,3,5,12,599,67,937
794,48,664,776,993,217,70,102,641,791,150,0.0002042275094455223,0.0037441710065012424,566,942,376,2,3,3,12,13,348,256,14
795,42,42,774,774,0,62,62,758,758,0,0.0005446066918547262,0.0005446066918547262,716,716,0,-1,3,3,7,11,591,249,965
796,0,206,1,952,951,0,24,1,425,424,0.0,0.0002723033459273631,1,608,607,3,-1,4,10,0,135,744,470
797,0,101,1,865,864,0,23,1,332,331,0.0,0.0,1,1,0,5,-1,6,23,0,8,982,692
798,1,103,333,940,607,4,7,333,426,93,0.0,0.0005446066918547262,1,730,729,4,6,5,4,1,553,703,387
799,0,0,1,1,0,0,0,1,1,0,0.0,0.0,1,1,0,-1,-1,-1,2,1,926,814,515
800,10,10,525,525,0,28,28,453,453,0,0.00013615167296368154,0.00013615167296368154,505,505,0,-1,4,4,11,3,174,534,961
801,240,446,988,998,10,22,22,887,887,0,0.007454304094761564,0.008441403723748256,980,980,0,3,3,3,2,81,995,32,54
802,89,191,870,952,82,64,64,756,756,0,0.0009190237925048504,0.001055175465468532,787,814,27,4,3,3,8,15,334,219,156
803,0,101,1,926,925,0,4,1,331,330,0.0,0.0,1,1,0,5,-1,6,4,0,660,429,764
804,2,104,356,902,546,12,14,390,409,19,0.0,0.00010211375472276115,1,491,490,4,5,5,7,1,273,771,451
805,20,226,690,975,285,32,36,681,721,40,0.0006126825283365669,0.0025188059498281084,745,912,167,3,4,4,6,7,657,169,158
806,0,102,1,889,888,0,15,1,364,363,0.0,6.807583648184077e-05,1,449,448,4,-1,5,12,0,106,674,648
807,0,102,1,889,888,0,13,1,366,365,0.0,3.4037918240920386e-05,1,398,397,4,-1,5,10,0,204,542,313
808,1,1,333,333,0,8,8,333,333,0,0.0,0.0,1,1,0,-1,6,6,8,1,236,893,841
809,118,118,900,900,0,150,150,935,935,0,0.0024507301133462676,0.0024507301133462676,898,898,0,-1,2,2,11,13,233,335,757
810,27,233,721,973,252,22,30,549,667,118,0.0002042275094455223,0.001940161339732462,568,875,307,3,4,4,5,9,528,191,39
811,7,7,475,475,0,29,29,407,407,0,0.0,0.0,1,1,0,-1,4,4,14,3,198,563,651
812,0,0,1,1,0,0,0,1,1,0,0.0,0.0,1,1,0,-1,-1,-1,7,0,216,574,428
813,0,0,1,1,0,0,0,1,1,0,0.0,0.0,1,1,0,-1,-1,-1,2,3,734,478,826
814,4,4,431,431,0,7,7,405,405,0,0.00010211375472276115,0.00010211375472276115,478,478,0,-1,5,5,4,3,660,290,832
815,96,96,857,857,0,210,210,919,919,0,0.002144388849177984,0.002144388849177984,889,889,0,-1,2,2,17,7,24,630,897
816,18,634,684,998,314,26,40,751,865,114,0.0004084550188910446,0.007454304094761564,678,977,299,2,3,3,4,2,945,22,24
817,6,108,433,922,489,14,14,558,558,0,6.807583648184077e-05,0.00010211375472276115,448,487,39,4,4,4,3,1,726,718,290
818,40,40,777,777,0,54,54,789,789,0,0.00037441710065012424,0.00037441710065012424,658,658,0,-1,3,3,7,7,207,188,686
819,9,9,694,694,0,8,8,692,692,0,0.00037441710065012424,0.00037441710065012424,693,693,0,-1,4,4,2,4,978,479,917
820,24,640,678,996,318,46,60,644,723,79,0.0002723033459273631,0.003642057251778481,612,938,326,2,4,3,9,5,177,178,48
821,1,207,332,972,640,3,10,332,483,151,0.0,0.0007488342013002485,1,761,760,3,6,4,3,2,923,331,294
822,20,20,617,617,0,52,52,558,558,0,0.0002723033459273631,0.0002723033459273631,604,604,0,-1,4,4,12,4,143,504,920
823,7,109,479,898,419,28,28,486,486,0,0.00013615167296368154,0.00017018959120460194,508,529,21,4,4,4,8,2,303,566,797
824,0,206,1,962,961,0,13,1,430,429,0.0,0.0004084550188910446,1,672,671,3,-1,4,5,0,426,979,480
825,60,266,769,956,187,244,244,881,881,0,0.0011232513019503727,0.001497668402600497,812,842,30,3,3,3,23,5,57,403,40
826,1,103,333,884,551,8,15,333,396,63,0.0,0.0007147962830593281,1,754,753,4,6,5,8,1,218,861,113
827,0,616,1,993,992,0,35,1,490,489,0.0,0.0013615167296368155,1,845,844,2,-1,3,11,0,76,850,637
828,28,234,750,973,223,46,46,818,818,0,0.0005786446100956465,0.0009870996289866913,725,814,89,3,3,3,5,7,604,237,243
829,2,2,356,356,0,5,5,356,356,0,0.0,0.0,1,1,0,-1,5,5,4,2,539,331,725
830,14,220,537,948,411,56,60,583,599,16,0.00010211375472276115,0.00013615167296368154,479,506,27,3,4,4,12,5,222,722,577
831,9,215,547,971,424,11,12,438,452,14,3.4037918240920386e-05,0.00037441710065012424,401,669,268,3,4,4,4,3,759,580,229
832,100,100,881,881,0,100,100,862,862,0,0.014568229007113924,0.014568229007113924,989,989,0,-1,1,1,10,11,169,162,952
833,0,1640,1,1000,999,0,142,1,678,677,0.0,0.005173763572619898,1,950,949,1,-1,2,23,0,43,489,79
834,62,678,805,992,187,108,118,751,784,33,0.0007828721195411688,0.003778208924742163,761,942,181,2,3,3,13,9,115,154,111
835,48,48,731,731,0,150,150,768,768,0,0.0004765308553728854,0.0004765308553728854,684,684,0,-1,3,3,19,5,38,221,800
836,54,156,849,954,105,18,18,592,592,0,0.0013615167296368155,0.0013955546478777359,851,856,5,4,4,4,3,15,737,138,353
837,293,293,982,982,0,54,54,935,935,0,0.008169100377820893,0.008169100377820893,976,976,0,-1,3,3,4,59,597,6,604
838,60,266,847,976,129,30,30,713,713,0,0.0009870996289866913,0.0011913271384322134,814,832,18,3,3,3,4,12,921,172,551
839,52,52,771,771,0,92,92,670,670,0,0.0007147962830593281,0.0007147962830593281,756,756,0,-1,3,3,14,7,154,396,824
840,40,142,760,923,163,104,104,876,876,0,0.0010211375472276116,0.0011232513019503727,807,815,8,4,3,3,9,6,245,490,496
841,105,311,919,983,64,78,78,966,966,0,0.0037441710065012424,0.004561081044283332,939,955,16,3,2,2,4,18,784,82,45
842,563,563,995,995,0,88,88,979,979,0,0.016474352428605468,0.016474352428605468,992,992,0,-1,2,2,4,118,753,37,517
843,90,90,866,866,0,94,94,834,834,0,0.0012934408931549745,0.0012934408931549745,838,838,0,-1,3,3,9,12,123,163,673
844,17,17,679,679,0,30,30,721,721,0,0.0007147962830593281,0.0007147962830593281,763,763,0,-1,4,4,5,6,376,232,472
845,0,0,1,1,0,0,0,1,1,0,0.0,0.0,1,1,0,-1,-1,-1,12,0,52,872,738
846,32,32,772,772,0,56,56,843,843,0,0.0008169100377820892,0.0008169100377820892,773,773,0,-1,3,3,6,5,322,283,946
847,2,208,358,960,602,14,20,397,449,52,3.4037918240920386e-05,0.0004765308553728854,404,697,293,3,5,4,8,3,257,755,232
848,26,127,702,923,221,36,36,574,574,0,0.00034037918240920387,0.00034037918240920387,645,645,0,5,4,4,8,6,418,229,181
849,32,133,796,946,150,24,24,682,682,0,0.001055175465468532,0.0012594029749140542,817,838,21,5,4,4,4,11,458,193,229
850,7,109,546,952,406,7,7,499,499,0,3.4037918240920386e-05,6.807583648184077e-05,408,448,40,4,4,4,2,3,232,761,799
851,0,206,1,979,978,0,8,1,510,509,0.0,0.0004765308553728854,1,718,717,3,-1,4,3,2,797,684,562
852,28,234,677,956,279,78,78,693,693,0,0.0002723033459273631,0.00034037918240920387,615,647,32,3,3,3,11,3,227,222,408
853,0,206,1,957,956,0,14,1,422,421,0.0,0.00017018959120460194,1,545,544,3,-1,4,6,0,560,825,487
854,110,110,940,940,0,28,28,811,811,0,0.003199564314646516,0.003199564314646516,929,929,0,-1,3,3,3,33,732,15,539
855,10,112,531,896,365,26,26,466,466,0,0.00010211375472276115,0.00013615167296368154,479,516,37,4,4,4,9,4,166,567,788
856,0,102,1,948,947,0,4,1,380,379,0.0,6.807583648184077e-05,1,437,436,4,-1,5,3,0,768,740,719
857,11,113,641,960,319,12,12,640,640,0,0.0009190237925048504,0.0016678579938050988,795,867,72,4,4,4,2,4,809,125,269
858,1,1,332,332,0,3,3,332,332,0,0.0,0.0,1,1,0,-1,6,6,3,2,768,331,858
859,28,129,726,928,202,28,28,700,700,0,0.0005786446100956465,0.0005786446100956465,713,713,0,5,3,3,3,4,837,625,896
860,0,206,1,970,969,0,14,1,459,458,0.0,0.0006807583648184077,1,748,747,3,-1,4,5,0,766,934,293
861,340,340,975,975,0,222,222,977,977,0,0.005922597773920147,0.005922597773920147,959,959,0,-1,2,2,13,49,160,51,539
862,30,236,648,950,302,106,106,624,624,0,0.0004084550188910446,0.0004765308553728854,656,680,24,3,4,4,19,5,83,182,931
863,0,102,1,940,939,0,5,1,409,408,0.0,0.0005786446100956465,1,730,729,4,-1,5,3,0,523,990,204
864,1,1,332,332,0,4,4,332,332,0,0.0,0.0,1,1,0,-1,9,9,4,1,709,647,400
865,235,235,974,974,0,70,70,931,931,0,0.007556417849484326,0.007556417849484326,972,972,0,-1,3,3,5,34,290,20,641
866,0,0,1,1,0,0,0,1,1,0,0.0,0.0,1,1,0,-1,-1,-1,24,0,28,917,798
867,12,12,592,592,0,24,24,675,675,0,0.0005786446100956465,0.0005786446100956465,728,728,0,-1,4,4,4,3,787,121,982
868,601,701,999,999,0,72,72,984,984,0,0.018788930868988054,0.018822968787228972,995,995,0,4,2,2,3,130,670,3,244
869,0,616,1,997,996,0,40,1,768,767,0.0,0.004935498144933456,1,949,948,2,-1,3,5,0,457,950,50
870,0,0,1,1,0,0,0,1,1,0,0.0,0.0,1,1,0,-1,-1,-1,16,0,151,517,271
871,2,104,354,901,547,8,10,376,409,33,0.0,0.00010211375472276115,1,477,476,4,5,5,5,1,546,421,210
872,0,101,1,932,931,0,2,1,331,330,0.0,0.0002382654276864427,1,597,596,5,-1,6,2,0,429,205,121
873,8,624,513,997,484,13,50,459,845,386,6.807583648184077e-05,0.006297014874570271,451,970,519,2,4,3,5,2,669,251,127
874,67,169,892,969,77,22,22,795,795,0,0.0011913271384322134,0.0013615167296368155,842,858,16,4,3,3,2,12,747,179,519
875,0,101,1,974,973,0,2,1,330,329,0.0,3.4037918240920386e-05,1,411,410,6,-1,7,2,1,978,913,862
876,11,217,643,980,337,18,18,751,751,0,0.0007828721195411688,0.0035739814152966403,785,936,151,3,4,4,3,4,790,312,111
877,0,102,1,916,915,0,5,1,359,358,0.0,0.0,1,1,0,4,-1,5,4,0,783,745,561
878,0,102,1,883,882,0,14,1,358,357,0.0,0.00013615167296368154,1,509,508,4,-1,5,12,0,116,588,646
879,0,206,1,960,959,0,18,1,477,476,0.0,0.0004765308553728854,1,706,705,3,-1,4,5,1,793,789,217
880,12,114,555,917,362,20,20,532,532,0,0.00017018959120460194,0.0007147962830593281,539,763,224,4,4,4,4,4,385,346,150
881,82,288,898,982,84,22,22,779,779,0,0.0020763130126961434,0.004186663943633207,898,952,54,3,3,3,2,17,990,60,105
882,102,102,907,907,0,44,44,796,796,0,0.001599782157323258,0.001599782157323258,863,863,0,-1,3,3,4,20,671,49,472
883,40,141,769,920,151,60,60,690,690,0,0.0009530617107457708,0.0009530617107457708,800,800,0,5,2,2,9,2,202,544,748
884,25,127,723,938,215,24,24,646,646,0,0.0002042275094455223,0.0002382654276864427,579,609,30,4,4,4,4,7,690,134,770
885,49,151,815,938,123,68,68,856,856,0,0.0017359338302869397,0.00176997174852786,868,871,3,4,3,3,7,8,416,352,248
886,129,745,938,998,60,54,54,911,911,0,0.0027911092957554717,0.003642057251778481,914,934,20,2,3,3,4,20,783,95,619
887,0,0,1,1,0,0,0,1,1,0,0.0,0.0,1,1,0,-1,-1,-1,2,1,966,641,699
888,3,209,451,984,533,4,8,437,545,108,6.807583648184077e-05,0.0012253650566731338,456,844,388,3,5,4,2,3,965,373,304
889,9,111,554,921,367,22,22,548,548,0,0.00013615167296368154,0.0002382654276864427,524,594,70,4,4,4,5,3,382,536,570
890,12,218,541,967,426,28,32,501,534,33,3.4037918240920386e-05,0.0009870996289866913,396,795,399,3,4,4,8,2,302,791,67
891,1,1,332,332,0,2,2,332,332,0,3.4037918240920386e-05,3.4037918240920386e-05,418,418,0,-1,6,6,2,1,643,717,875
892,423,525,989,991,2,88,88,970,970,0,0.010687906327649,0.010994247591817285,985,986,1,4,2,2,4,78,540,9,505
893,124,226,959,979,20,32,32,935,935,0,0.003982436434187685,0.004152626025392287,947,951,4,4,3,3,2,36,975,48,628
894,0,206,1,945,944,0,33,1,404,403,0.0,0.0002382654276864427,1,591,590,3,-1,4,17,0,73,522,683
895,0,206,1,958,957,0,26,1,482,481,0.0,0.00017018959120460194,1,538,537,3,-1,4,9,1,289,641,493
896,57,57,864,864,0,34,34,834,834,0,0.0018720855032506212,0.0018720855032506212,880,880,0,-1,3,3,4,14,772,84,977
897,0,102,1,900,899,0,8,1,398,397,0.0,0.0002723033459273631,1,612,611,4,-1,5,4,0,300,859,447
898,22,22,740,740,0,14,14,566,566,0,0.0002382654276864427,0.0002382654276864427,596,596,0,-1,4,4,3,8,958,90,701
899,0,616,1,997,996,0,26,1,712,711,0.0,0.002723033459273631,1,918,917,2,-1,3,4,0,969,514,261
900,0,101,1,910,909,0,5,1,331,330,0.0,0.0,1,1,0,5,-1,6,5,0,406,515,563
901,12,12,545,545,0,22,22,460,460,0,0.00017018959120460194,0.00017018959120460194,548,548,0,-1,4,4,7,4,216,380,740
902,6,212,387,948,561,48,62,460,511,51,0.0002382654276864427,0.0007828721195411688,584,755,171,3,4,4,17,2,10,805,340
903,0,206,1,974,973,0,8,1,498,497,0.0,0.0007488342013002485,1,773,772,3,-1,4,2,0,881,695,559
904,6,212,399,955,556,60,60,584,584,0,0.00013615167296368154,0.00037441710065012424,520,660,140,3,4,4,12,1,226,891,115
905,0,0,1,1,0,0,0,1,1,0,0.0,0.0,1,1,0,-1,-1,-1,5,0,412,850,783
906,9,111,557,924,367,22,22,557,557,0,6.807583648184077e-05,0.0004765308553728854,449,707,258,4,4,4,5,3,616,347,143
907,64,64,875,875,0,44,44,890,890,0,0.002723033459273631,0.002723033459273631,907,907,0,-1,3,3,4,12,696,104,783
908,95,711,890,997,107,66,86,852,913,61,0.0013615167296368155,0.008135062459579971,846,976,130,2,3,3,6,18,356,147,31
909,1,1,333,333,0,10,10,333,333,0,0.0,0.0,1,1,0,-1,7,7,10,1,527,703,367
910,0,101,1,894,893,0,8,1,332,331,0.0,0.0,1,1,0,5,-1,6,8,0,646,804,736
911,8,109,494,901,407,32,32,479,479,0,0.00013615167296368154,0.00017018959120460194,499,530,31,5,4,4,11,2,176,408,807
912,0,101,1,889,888,0,8,1,332,331,0.0,0.0,1,1,0,6,-1,7,8,0,236,608,437
913,0,0,1,1,0,0,0,1,1,0,0.0,0.0,1,1,0,-1,-1,-1,13,0,160,701,912
914,395,595,995,999,4,48,48,950,950,0,0.01242384015793594,0.01317267435923619,985,989,4,3,3,3,3,98,708,23,179
915,0,206,1,956,955,0,21,1,408,407,0.0,0.0002723033459273631,1,618,617,3,-1,4,11,0,379,813,487
916,6,108,523,959,436,6,6,457,457,0,0.00010211375472276115,0.00030634126416828345,508,647,139,4,5,5,3,3,850,596,652
917,4,105,485,957,472,3,3,393,393,0,3.4037918240920386e-05,3.4037918240920386e-05,404,404,0,5,5,5,2,2,890,576,566
918,0,206,1,945,944,0,47,1,454,453,0.0,0.0004084550188910446,1,670,669,3,-1,4,17,0,73,644,46
919,0,101,1,980,979,0,2,1,329,328,0.0,0.0,1,1,0,6,-1,7,2,0,955,713,734
920,14,115,707,964,257,12,12,746,746,0,0.0012253650566731338,0.0012594029749140542,841,843,2,5,4,4,2,4,799,281,935
921,35,136,715,915,200,100,100,847,847,0,0.0012594029749140542,0.0013955546478777359,823,839,16,5,3,3,10,4,109,125,552
922,57,57,810,810,0,62,62,709,709,0,0.0012594029749140542,0.0012594029749140542,825,825,0,-1,3,3,9,10,327,366,999
923,0,102,1,966,965,0,3,1,395,394,0.0,0.00013615167296368154,1,523,522,4,-1,5,2,0,873,514,556
924,0,0,1,1,0,0,0,1,1,0,0.0,0.0,1,1,0,-1,-1,-1,3,0,856,367,201
925,204,204,955,955,0,134,134,981,981,0,0.003267640151128357,0.003267640151128357,930,930,0,-1,2,2,6,17,157,79,986
926,27,27,831,831,0,12,12,752,752,0,0.0010211375472276116,0.0010211375472276116,823,823,0,-1,4,4,2,9,788,343,940
927,174,174,928,928,0,224,224,945,945,0,0.0026209197045508697,0.0026209197045508697,909,909,0,-1,2,2,15,18,37,54,784
928,98,98,896,896,0,40,40,746,746,0,0.0018380475850097008,0.0018380475850097008,874,874,0,-1,3,3,5,19,173,59,705
929,1,1,333,333,0,7,7,333,333,0,0.0,0.0,1,1,0,-1,6,6,7,3,246,181,825
930,0,206,1,953,952,0,16,1,394,393,0.0,0.0002042275094455223,1,563,562,3,-1,4,9,0,140,777,576
931,196,196,958,958,0,108,108,913,913,0,0.0025188059498281084,0.0025188059498281084,915,915,0,-1,3,3,8,33,186,15,455
932,0,101,1,922,921,0,4,1,332,331,0.0,0.0,1,1,0,5,-1,6,4,0,543,832,606
933,0,0,1,1,0,0,0,1,1,0,0.0,0.0,1,1,0,-1,-1,-1,3,0,835,520,693
934,30,132,672,905,233,85,85,664,664,0,0.00034037918240920387,0.00037441710065012424,636,655,19,4,3,3,14,4,108,365,421
935,0,616,1,992,991,0,72,1,673,672,0.0,0.0025188059498281084,1,900,899,2,-1,3,11,0,220,564,25
936,1,102,332,948,616,3,3,332,332,0,3.4037918240920386e-05,3.4037918240920386e-05,397,397,0,5,6,6,3,1,768,402,225
937,0,206,1,964,963,0,30,1,556,555,0.0,0.0005786446100956465,1,726,725,3,-1,4,7,0,336,903,224
938,1,103,333,908,575,3,5,333,376,43,0.0,0.00010211375472276115,1,489,488,4,6,5,3,1,471,861,691
939,0,0,1,1,0,0,0,1,1,0,0.0,0.0,1,1,0,-1,-1,-1,7,0,447,974,886
940,0,0,1,1,0,0,0,1,1,0,0.0,0.0,1,1,0,-1,-1,-1,9,0,315,968,674
941,0,0,1,1,0,0,0,1,1,0,0.0,0.0,1,1,0,-1,-1,-1,3,0,708,836,988
942,0,0,1,1,0,0,0,1,1,0,0.0,0.0,1,1,0,-1,-1,-1,4,0,945,991,953
943,22,124,668,926,258,40,40,706,706,0,0.0007147962830593281,0.0007147962830593281,771,771,0,4,3,3,5,4,408,143,896
944,3,105,430,933,503,9,10,431,449,18,0.00010211375472276115,0.0002723033459273631,490,613,123,4,5,5,5,3,574,441,233
945,0,101,1,969,968,0,2,1,330,329,0.0,3.4037918240920386e-05,1,401,400,5,-1,6,2,0,813,769,873
946,0,101,1,869,868,0,15,1,332,331,0.0,0.0,1,1,0,5,-1,6,15,0,37,959,924
947,7,108,555,948,393,12,12,680,680,0,0.00030634126416828345,0.00034037918240920387,646,659,13,7,4,4,2,3,957,541,181
948,2,2,344,344,0,17,17,345,345,0,0.0,0.0,1,1,0,-1,5,5,16,4,134,595,933
949,40,142,754,920,166,96,96,787,787,0,0.0006126825283365669,0.0006126825283365669,729,729,0,4,2,2,11,2,233,223,575
950,0,101,1,893,892,0,9,1,332,331,0.0,6.807583648184077e-05,1,442,441,5,-1,6,9,0,315,995,662
951,8,8,599,599,0,8,8,564,564,0,0.00017018959120460194,0.00017018959120460194,551,551,0,-1,4,4,2,2,890,453,783
952,16,222,475,944,469,192,208,667,693,26,0.0002382654276864427,0.0014636304843595766,581,846,265,3,3,3,35,1,20,609,61
953,100,100,839,839,0,100,100,527,527,0,0.017223186629905716,0.017597603730555838,996,996,0,3,1,1,23,96,15,1,328
954,192,192,949,949,0,136,136,905,905,0,0.002144388849177984,0.002144388849177984,883,883,0,-1,3,3,11,28,307,98,772
955,0,101,1,922,921,0,3,1,330,329,0.0,0.0,1,1,0,5,-1,6,3,3,672,882,743
956,28,130,739,936,197,24,24,647,647,0,0.0009190237925048504,0.0009190237925048504,810,810,0,4,4,4,4,8,444,177,321
957,28,234,675,957,282,88,88,706,706,0,0.0006467204465774873,0.0007488342013002485,739,758,19,3,3,3,13,3,160,382,553
958,12,12,525,525,0,27,27,444,444,0,3.4037918240920386e-05,3.4037918240920386e-05,384,384,0,-1,4,4,12,4,219,444,953
959,9,215,605,979,374,12,12,694,694,0,0.00034037918240920387,0.0020082371762143027,663,894,231,3,4,4,2,3,947,236,120
960,0,0,1,1,0,0,0,1,1,0,0.0,0.0,1,1,0,-1,-1,-1,2,0,232,200,951
961,16,16,674,674,0,22,22,784,784,0,0.0007147962830593281,0.0007147962830593281,768,768,0,-1,3,3,2,3,596,285,455
962,9,9,528,528,0,26,26,526,526,0,0.00013615167296368154,0.00013615167296368154,505,505,0,-1,4,4,7,4,207,617,906
963,42,42,795,795,0,40,40,725,725,0,0.0009190237925048504,0.0009190237925048504,795,795,0,-1,3,3,5,6,793,397,987
964,0,206,1,971,970,0,14,1,522,521,0.0,0.0013615167296368155,1,853,852,3,-1,4,3,0,680,994,183
965,2,103,356,907,551,10,10,367,367,0,0.0,3.4037918240920386e-05,1,405,404,5,5,5,8,2,431,692,578
966,0,102,1,930,929,0,5,1,354,353,0.0,0.0,1,1,0,4,-1,5,4,0,562,712,853
967,6,6,512,512,0,8,8,552,552,0,0.0002723033459273631,0.0002723033459273631,626,626,0,-1,4,4,2,1,715,809,912
968,0,102,1,914,913,0,6,1,402,401,0.0,0.0004084550188910446,1,679,678,4,-1,5,3,0,743,668,40
969,8,109,517,921,404,19,19,602,602,0,0.00017018959120460194,0.0002042275094455223,548,571,23,5,4,4,4,2,949,468,842
970,69,69,826,826,0,102,102,797,797,0,0.002314578440382586,0.002314578440382586,896,896,0,-1,2,2,11,10,167,272,965
971,0,0,1,1,0,0,0,1,1,0,0.0,0.0,1,1,0,-1,-1,-1,7,0,216,800,629
972,222,428,958,981,23,198,198,967,967,0,0.0035739814152966403,0.003710133088260322,932,936,4,3,3,3,13,28,242,98,416
973,15,117,741,970,229,8,8,596,596,0,0.0004765308553728854,0.0006126825283365669,722,750,28,4,4,4,2,8,749,132,840
974,0,102,1,901,900,0,9,1,392,391,0.0,0.0005105687736138058,1,716,715,4,-1,5,5,0,408,960,240
975,0,102,1,889,888,0,12,1,369,368,0.0,3.4037918240920386e-05,1,389,388,4,-1,5,9,0,389,790,347
976,0,616,1,993,992,0,58,1,659,658,0.0,0.0026549576227917903,1,906,905,2,-1,3,10,0,427,522,133
977,7,213,504,958,454,32,36,537,569,32,0.00013615167296368154,0.001157289220191293,520,823,303,3,4,4,8,3,142,631,399
978,45,45,792,792,0,68,68,775,775,0,0.0008169100377820892,0.0008169100377820892,782,782,0,-1,3,3,8,9,301,415,932
979,0,206,1,956,955,0,28,1,521,520,0.0,0.0002723033459273631,1,614,613,3,-1,4,8,1,418,529,439
980,6,108,478,943,465,8,8,523,523,0,0.0002723033459273631,0.00088498587426393,624,805,181,4,4,4,2,1,906,474,272
981,9,111,515,897,382,30,30,475,475,0,0.0002042275094455223,0.0002042275094455223,581,581,0,4,4,4,9,4,213,319,878
982,3,105,455,946,491,2,4,333,408,75,0.00010211375472276115,0.0005105687736138058,493,723,230,4,6,5,2,4,469,398,470
983,14,116,534,898,364,29,29,445,445,0,0.00010211375472276115,0.00017018959120460194,474,539,65,4,4,4,11,3,139,526,576
984,12,12,577,577,0,8,8,438,438,0,0.0005446066918547262,0.0005446066918547262,705,705,0,-1,4,4,2,2,769,475,783
985,0,102,1,878,877,0,21,1,360,359,0.0,0.0,1,1,0,4,-1,5,17,0,56,811,623
986,37,37,844,844,0,8,8,534,534,0,0.0007828721195411688,0.0007828721195411688,792,792,0,-1,4,4,2,9,684,242,823
987,6,212,411,957,546,23,27,443,482,39,0.00010211375472276115,0.0002042275094455223,476,567,91,3,4,4,10,1,243,481,681
988,88,190,874,957,83,94,94,871,871,0,0.0018040096667687805,0.0018380475850097008,874,875,1,4,3,3,9,13,177,261,464
989,30,30,680,680,0,70,70,626,626,0,0.0004084550188910446,0.0004084550188910446,663,663,0,-1,4,4,13,5,129,182,925
990,29,29,755,755,0,36,36,747,747,0,0.001157289220191293,0.001157289220191293,827,827,0,-1,3,3,5,4,524,207,776
991,64,64,824,824,0,62,62,665,665,0,0.0006467204465774873,0.0006467204465774873,738,738,0,-1,3,3,10,8,125,187,752
992,39,141,849,963,114,32,32,941,941,0,0.0018380475850097008,0.0020422750944552232,888,895,7,4,3,3,2,6,874,234,197
993,0,0,1,1,0,0,0,1,1,0,0.0,0.0,1,1,0,-1,-1,-1,6,0,486,388,608
994,0,102,1,890,889,0,17,1,376,375,0.0,0.00013615167296368154,1,516,515,4,-1,5,12,0,219,815,191
995,19,225,658,969,311,18,18,566,566,0,0.00037441710065012424,0.0010892133837094523,661,822,161,3,4,4,3,6,634,379,326
996,0,206,1,961,960,0,34,1,540,539,0.0,0.001157289220191293,1,825,824,3,-1,4,9,0,177,952,261
997,0,101,1,939,938,0,2,1,331,330,0.0,0.0,1,1,0,7,-1,8,2,0,938,758,640
998,9,111,674,975,301,4,4,498,498,0,0.0004765308553728854,0.0007488342013002485,726,790,64,4,5,5,2,8,813,521,176
999,57,263,861,978,117,28,28,771,771,0,0.0016678579938050988,0.0037441710065012424,865,937,72,3,3,3,3,12,839,155,98
