,FreeNet_pre_score,FreeNet_post_score,FreeNet_pre_rank,FreeNet_post_rank,FreeNet_delta_ranks,Reversed_pre_score,Reversed_post_score,Reversed_pre_rank,Reversed_post_rank,Reversed_delta_ranks,Random_pre_score,Random_post_score,Random_pre_rank,Random_post_rank,Random_delta_ranks,dist_victim_relayer,dist_victim_vilain_pre,dist_victim_vilain_post,out_deg_victim,in_deg_villain,victim,villain,relayer
0,0,206,1,971,970,0,24,1,554,553,0.0,0.0016678579938050988,1,863,862,3,-1,4,6,0,405,897,112
1,0,616,1,998,997,0,23,1,689,688,0.0,0.0018380475850097008,1,874,873,2,-1,3,5,0,557,772,218
2,8,624,476,990,514,27,48,406,513,107,3.4037918240920386e-05,0.002314578440382586,393,898,505,2,4,3,13,5,41,401,396
3,0,101,1,926,925,0,2,1,331,330,0.0,0.0,1,1,0,5,-1,6,2,1,925,650,935
4,2,104,357,921,564,7,7,391,391,0,3.4037918240920386e-05,0.0002382654276864427,407,605,198,4,5,5,4,2,755,342,619
5,30,30,718,718,0,62,62,786,786,0,0.0010211375472276116,0.0010211375472276116,798,798,0,-1,3,3,7,8,525,264,330
6,2,2,419,419,0,3,3,437,437,0,0.0,0.0,1,1,0,-1,5,5,2,2,978,597,205
7,6,212,403,960,557,25,31,454,511,57,0.00013615167296368154,0.0006807583648184077,512,741,229,3,4,4,10,2,527,419,113
8,20,226,540,945,405,84,88,489,497,8,0.0,6.807583648184077e-05,1,435,434,3,3,3,23,3,15,485,648
9,0,616,1,992,991,0,76,1,762,761,0.0,0.005718370264474625,1,963,962,2,-1,3,9,1,287,814,70
10,0,102,1,913,912,0,6,1,398,397,0.0,0.0002042275094455223,1,565,564,4,-1,5,3,1,930,814,132
11,0,101,1,883,882,0,11,1,332,331,0.0,3.4037918240920386e-05,1,400,399,5,-1,6,11,1,139,235,606
12,0,0,1,1,0,0,0,1,1,0,0.0,0.0,1,1,0,-1,-1,-1,3,0,877,423,995
13,14,220,498,943,445,62,70,486,502,16,3.4037918240920386e-05,0.0002382654276864427,397,580,183,3,4,4,19,3,83,485,541
14,2,104,365,919,554,7,10,380,431,51,3.4037918240920386e-05,0.00030634126416828345,406,632,226,4,5,5,5,2,464,842,507
15,24,230,727,972,245,20,20,609,609,0,0.0008169100377820892,0.001157289220191293,777,829,52,3,4,4,4,7,545,150,257
16,40,40,843,843,0,46,46,972,972,0,0.0046972327172470135,0.0046972327172470135,952,952,0,-1,2,2,2,1,986,759,643
17,0,0,1,1,0,0,0,1,1,0,0.0,0.0,1,1,0,-1,-1,-1,8,0,357,794,783
18,20,20,733,733,0,14,14,601,601,0,0.0005105687736138058,0.0005105687736138058,723,723,0,-1,4,4,3,6,683,275,716
19,22,622,652,995,343,72,72,815,815,0,0.0006126825283365669,0.00789679703189353,726,972,246,2,3,3,7,3,366,525,30
20,6,212,413,956,543,19,32,443,537,94,0.0,0.0014636304843595766,1,851,850,3,4,4,8,1,282,334,61
21,0,102,1,933,932,0,7,1,440,439,0.0,0.0011232513019503727,1,825,824,4,-1,5,4,0,827,838,92
22,0,0,1,1,0,0,0,1,1,0,0.0,0.0,1,1,0,-1,-1,-1,5,0,599,923,922
23,6,6,512,512,0,12,12,682,682,0,0.0002723033459273631,0.0002723033459273631,626,626,0,-1,4,4,2,2,715,223,735
24,0,0,1,1,0,0,0,1,1,0,0.0,0.0,1,1,0,-1,-1,-1,5,0,438,796,831
25,2,618,357,996,639,5,24,372,712,340,0.0,0.003642057251778481,1,945,944,2,5,3,3,1,490,337,48
26,6,108,452,927,475,10,10,472,472,0,3.4037918240920386e-05,0.0002723033459273631,402,620,218,4,4,4,3,1,900,964,409
27,21,21,685,685,0,18,18,574,574,0,0.00013615167296368154,0.00013615167296368154,516,516,0,-1,4,4,3,5,459,274,569
28,0,102,1,906,905,0,6,1,374,373,0.0,0.0005446066918547262,1,719,718,4,-1,5,4,0,858,669,138
29,188,188,965,965,0,54,54,912,912,0,0.003778208924742163,0.003778208924742163,941,941,0,-1,3,3,4,37,539,74,554
30,2,2,351,351,0,9,9,351,351,0,0.0,0.0,1,1,0,-1,5,5,8,1,357,896,201
31,8,110,535,930,395,18,18,542,542,0,0.00010211375472276115,0.00017018959120460194,493,555,62,4,4,4,5,2,601,468,491
32,38,244,768,969,201,64,68,837,841,4,0.0009530617107457708,0.0013955546478777359,792,839,47,3,3,3,7,3,398,236,612
33,0,102,1,900,899,0,10,1,362,361,0.0,0.00010211375472276115,1,476,475,4,-1,5,8,0,131,965,394
34,10,111,544,914,370,25,25,471,471,0,0.00010211375472276115,0.00010211375472276115,494,494,0,5,4,4,9,4,119,567,526
35,29,131,811,961,150,12,12,632,632,0,0.0005105687736138058,0.002110350930937064,724,891,167,4,4,4,2,11,919,52,68
36,0,0,1,1,0,0,0,1,1,0,0.0,0.0,1,1,0,-1,-1,-1,4,0,827,981,669
37,7,7,517,517,0,16,16,520,520,0,3.4037918240920386e-05,3.4037918240920386e-05,402,402,0,-1,4,4,4,2,741,566,823
38,34,240,819,982,163,22,22,820,820,0,0.0008169100377820892,0.0028591851322373124,780,917,137,3,3,3,2,6,723,136,98
39,0,102,1,926,925,0,4,1,369,368,0.0,0.00013615167296368154,1,521,520,4,-1,5,3,2,588,775,317
40,0,0,1,1,0,0,0,1,1,0,0.0,0.0,1,1,0,-1,-1,-1,4,1,709,895,793
41,16,222,670,982,312,20,24,768,787,19,0.0002382654276864427,0.0007488342013002485,586,770,184,3,3,3,3,3,628,260,199
42,44,250,776,968,192,62,62,792,792,0,0.0004084550188910446,0.0009190237925048504,675,801,126,3,3,3,7,4,374,328,52
43,6,108,438,922,484,22,22,581,581,0,0.00017018959120460194,0.0002723033459273631,539,615,76,4,4,4,5,2,692,223,286
44,6,6,448,448,0,18,18,633,633,0,0.0002042275094455223,0.0002042275094455223,566,566,0,-1,4,4,3,2,801,719,472
45,52,258,773,962,189,106,106,734,734,0,0.0010892133837094523,0.001157289220191293,811,819,8,3,3,3,15,8,124,186,222
46,0,102,1,916,915,0,7,1,397,396,0.0,0.0002723033459273631,1,615,614,4,-1,5,4,0,921,942,376
47,126,126,942,942,0,70,70,933,933,0,0.002757071377514551,0.002757071377514551,917,917,0,-1,3,3,5,20,688,38,866
48,42,143,718,910,192,190,190,900,900,0,0.0017018959120460194,0.0017018959120460194,865,865,0,6,2,2,16,3,53,559,861
49,102,102,864,864,0,170,170,809,809,0,0.0006807583648184077,0.0006807583648184077,738,738,0,-1,3,3,20,12,88,172,801
50,0,102,1,966,965,0,4,1,443,442,0.0,0.0007147962830593281,1,764,763,4,-1,5,2,0,968,995,264
51,34,650,709,992,283,76,90,719,786,67,0.00037441710065012424,0.003880322679464924,669,943,274,2,3,3,10,4,298,259,41
52,19,19,691,691,0,52,52,858,858,0,0.0008509479560230097,0.0008509479560230097,788,788,0,-1,3,3,6,3,661,438,993
53,0,206,1,961,960,0,30,1,563,562,0.0,0.001497668402600497,1,848,847,3,-1,4,7,0,400,769,61
54,0,0,1,1,0,0,0,1,1,0,0.0,0.0,1,1,0,-1,-1,-1,4,0,860,912,798
55,0,1640,1,1000,999,0,193,1,662,661,0.0,0.00353994349705572,1,925,924,1,-1,2,36,0,16,929,206
56,20,20,657,657,0,21,21,623,623,0,0.00017018959120460194,0.00017018959120460194,537,537,0,-1,3,3,4,3,391,347,515
57,129,335,901,973,72,140,140,911,911,0,0.002212464685659825,0.002212464685659825,893,893,0,3,2,2,11,15,162,206,680
58,19,19,625,625,0,33,33,528,528,0,0.00013615167296368154,0.00013615167296368154,503,503,0,-1,3,3,9,3,389,526,942
59,63,165,853,951,98,54,54,893,893,0,0.002825147213996392,0.0028932230504782326,926,926,0,4,2,2,4,7,504,422,531
60,0,206,1,988,987,0,7,1,585,584,0.0,0.00176997174852786,1,883,882,3,-1,4,2,0,788,657,504
61,0,102,1,933,932,0,5,1,392,391,0.0,0.00017018959120460194,1,557,556,4,-1,5,3,0,958,794,182
62,0,101,1,956,955,0,2,1,329,328,0.0,0.0,1,1,0,6,-1,7,2,0,974,955,374
63,4,106,430,933,503,4,4,393,393,0,0.0,0.00010211375472276115,1,485,484,4,5,5,2,2,763,576,719
64,0,0,1,1,0,0,0,1,1,0,0.0,0.0,1,1,0,-1,-1,-1,4,0,539,732,883
65,260,260,977,977,0,38,38,876,876,0,0.007726607440688927,0.007726607440688927,974,974,0,-1,3,3,3,62,801,70,522
66,17,17,723,723,0,18,18,696,696,0,0.0005105687736138058,0.0005105687736138058,724,724,0,-1,4,4,3,8,718,521,664
67,1,103,332,922,590,3,6,332,417,85,0.0,0.0006807583648184077,1,758,757,4,7,5,3,2,855,663,113
68,172,172,939,939,0,160,160,957,957,0,0.0028591851322373124,0.0028591851322373124,916,916,0,-1,2,2,11,12,174,58,701
69,0,0,1,1,0,0,0,1,1,0,0.0,0.0,1,1,0,-1,-1,-1,2,1,723,835,693
70,68,169,839,939,100,96,96,827,827,0,0.0023486163586235067,0.002484768031587188,897,900,3,5,2,2,10,7,256,422,419
71,0,0,1,1,0,0,0,1,1,0,0.0,0.0,1,1,0,-1,-1,-1,8,0,499,367,844
72,2,2,359,359,0,11,11,401,401,0,0.0,0.0,1,1,0,-1,5,5,6,1,419,618,478
73,0,101,1,900,899,0,7,1,332,331,0.0,0.0,1,1,0,5,-1,6,7,0,416,657,603
74,0,0,1,1,0,0,0,1,1,0,0.0,0.0,1,1,0,-1,-1,-1,2,1,973,738,828
75,0,206,1,963,962,0,12,1,419,418,0.0,0.0006126825283365669,1,727,726,3,-1,4,4,0,410,515,642
76,71,71,871,871,0,62,62,888,888,0,0.001940161339732462,0.001940161339732462,872,872,0,-1,3,3,6,11,664,166,713
77,2,104,355,899,544,9,13,356,386,30,0.0,0.00010211375472276115,1,472,471,4,5,5,8,1,443,853,557
78,24,125,733,953,220,24,24,759,759,0,0.000442492937131965,0.0004765308553728854,699,710,11,5,3,3,3,5,710,688,615
79,15,15,688,688,0,14,14,623,623,0,0.0002382654276864427,0.0002382654276864427,603,603,0,-1,4,4,3,6,600,379,856
80,6,108,428,906,478,18,18,566,566,0,6.807583648184077e-05,0.00017018959120460194,457,536,79,4,4,4,3,1,634,152,501
81,0,616,1,997,996,0,24,1,733,732,0.0,0.003165526396405596,1,933,932,2,-1,3,3,0,680,728,112
82,1,617,333,992,659,21,113,333,641,308,0.0,0.002212464685659825,1,893,892,2,6,3,21,2,12,582,39
83,21,227,706,977,271,38,38,842,842,0,0.0012253650566731338,0.002110350930937064,841,893,52,3,3,3,3,5,484,412,137
84,0,206,1,957,956,0,28,1,509,508,0.0,0.0004084550188910446,1,679,678,3,-1,4,8,1,142,787,727
85,0,0,1,1,0,0,0,1,1,0,0.0,0.0,1,1,0,-1,-1,-1,3,0,922,744,693
86,18,224,570,945,375,64,64,498,498,0,0.00013615167296368154,0.0002042275094455223,512,558,46,3,4,4,18,3,69,596,182
87,6,107,442,917,475,14,14,459,459,0,3.4037918240920386e-05,6.807583648184077e-05,410,450,40,5,4,4,5,1,382,807,411
88,1,1,333,333,0,4,4,333,333,0,0.0,0.0,1,1,0,-1,6,6,4,1,475,703,803
89,34,240,743,971,228,44,44,698,698,0,0.0005105687736138058,0.0010892133837094523,709,819,110,3,3,3,7,10,196,272,459
90,2,103,381,961,580,3,3,384,384,0,6.807583648184077e-05,6.807583648184077e-05,450,450,0,6,5,5,2,1,799,530,357
91,5,106,486,948,462,6,6,441,441,0,0.00013615167296368154,0.00017018959120460194,531,559,28,5,5,5,3,3,654,536,579
92,36,138,843,966,123,18,18,738,738,0,0.0008509479560230097,0.0009530617107457708,791,811,20,4,4,4,3,12,608,172,481
93,0,206,1,967,966,0,26,1,605,604,0.0,0.001497668402600497,1,854,853,3,-1,4,5,0,677,932,65
94,6,212,417,964,547,29,34,489,526,37,0.0002382654276864427,0.001055175465468532,581,799,218,3,4,4,9,1,166,500,277
95,86,292,837,964,127,172,172,843,843,0,0.0008509479560230097,0.0009190237925048504,762,779,17,3,2,2,17,8,94,286,443
96,12,12,628,628,0,12,12,675,675,0,0.0002382654276864427,0.0002382654276864427,592,592,0,-1,4,4,2,4,757,149,820
97,0,102,1,922,921,0,4,1,365,364,0.0,6.807583648184077e-05,1,448,447,4,-1,5,3,0,855,981,434
98,38,244,732,963,231,106,106,766,766,0,0.0007488342013002485,0.0036760951700194017,759,934,175,3,3,3,15,5,138,283,17
99,0,206,1,958,957,0,26,1,482,481,0.0,0.0005446066918547262,1,712,711,3,-1,4,9,0,289,845,351
100,92,298,845,967,122,190,190,840,840,0,0.0008509479560230097,0.0010211375472276116,771,793,22,3,3,3,19,12,46,172,93
101,0,206,1,971,970,0,11,1,460,459,0.0,0.00010211375472276115,1,474,473,3,-1,4,4,0,815,695,688
102,0,0,1,1,0,0,0,1,1,0,0.0,0.0,1,1,0,-1,-1,-1,5,0,719,498,367
103,0,0,1,1,0,0,0,1,1,0,0.0,0.0,1,1,0,-1,-1,-1,7,0,366,766,620
104,6,108,453,935,482,11,11,466,466,0,0.00017018959120460194,0.0002723033459273631,536,605,69,4,4,4,4,1,945,762,482
105,0,0,1,1,0,0,0,1,1,0,0.0,0.0,1,1,0,-1,-1,-1,10,0,99,773,699
106,18,18,645,645,0,36,36,694,694,0,0.0005786446100956465,0.0005786446100956465,725,725,0,-1,4,4,6,4,405,288,942
107,0,102,1,876,875,0,13,1,347,346,0.0,6.807583648184077e-05,1,439,438,4,-1,5,12,0,87,737,383
108,25,127,721,926,205,50,50,718,718,0,0.000442492937131965,0.0004765308553728854,689,701,12,4,3,3,8,8,270,477,799
109,120,120,900,900,0,130,130,903,903,0,0.0024507301133462676,0.0024507301133462676,898,898,0,-1,2,2,11,18,215,148,822
110,0,102,1,927,926,0,5,1,360,359,0.0,0.00017018959120460194,1,549,548,4,-1,5,4,0,461,673,247
111,29,235,750,973,223,14,18,541,623,82,0.0002382654276864427,0.0019061234214915416,600,884,284,3,4,4,3,7,703,176,53
112,40,40,708,708,0,124,124,767,767,0,0.000442492937131965,0.000442492937131965,667,667,0,-1,2,2,16,2,132,544,548
113,0,206,1,970,969,0,10,1,445,444,0.0,0.0004084550188910446,1,669,668,3,-1,4,3,0,645,825,378
114,358,564,989,996,7,86,86,960,960,0,0.010824058000612683,0.011777119711358454,985,986,1,3,3,3,6,59,764,6,297
115,224,224,938,938,0,342,342,863,863,0,0.0021784267674189047,0.0021784267674189047,886,886,0,-1,2,2,33,22,9,116,324
116,1,103,333,937,604,2,4,333,394,61,0.0,0.00034037918240920387,1,663,662,4,6,5,2,1,586,861,176
117,0,0,1,1,0,0,0,1,1,0,0.0,0.0,1,1,0,-1,-1,-1,6,0,237,847,709
118,0,0,1,1,0,0,0,1,1,0,0.0,0.0,1,1,0,-1,-1,-1,3,0,615,651,675
119,20,226,671,973,302,16,16,509,509,0,0.00017018959120460194,0.0011232513019503727,548,823,275,3,4,4,4,7,762,188,92
120,6,6,402,402,0,40,40,452,452,0,6.807583648184077e-05,6.807583648184077e-05,446,446,0,-1,4,4,15,1,68,238,897
121,147,353,961,991,30,64,64,961,961,0,0.004731270635487933,0.005173763572619898,948,959,11,3,3,3,4,29,721,142,410
122,22,22,620,620,0,67,67,555,555,0,0.0002723033459273631,0.0002723033459273631,613,613,0,-1,3,3,18,5,29,476,860
123,69,171,840,942,102,68,68,754,754,0,0.0009530617107457708,0.0009530617107457708,786,786,0,4,3,3,8,10,317,405,594
124,488,590,996,998,2,64,64,940,940,0,0.012253650566731339,0.01232172640321318,988,988,0,4,3,3,4,96,495,1,958
125,32,32,746,746,0,46,46,727,727,0,0.0002042275094455223,0.0002042275094455223,570,570,0,-1,3,3,7,4,336,346,812
126,6,6,494,494,0,8,8,522,522,0,0.00013615167296368154,0.00013615167296368154,545,545,0,-1,4,4,2,1,957,110,573
127,6,108,469,944,475,10,10,501,501,0,3.4037918240920386e-05,0.00017018959120460194,405,550,145,4,4,4,3,1,699,718,286
128,0,206,1,970,969,0,18,1,544,543,0.0,0.001599782157323258,1,862,861,3,-1,4,5,0,463,824,91
129,43,144,824,952,128,30,30,710,710,0,0.0020082371762143027,0.0020422750944552232,885,886,1,6,4,4,5,13,848,183,615
130,0,101,1,864,863,0,21,1,332,331,0.0,0.0,1,1,0,5,-1,6,21,0,74,897,402
131,9,111,571,938,367,22,22,605,605,0,0.00017018959120460194,0.0005786446100956465,540,715,175,4,4,4,5,3,580,508,97
132,65,65,829,829,0,74,74,749,749,0,0.0009530617107457708,0.0009530617107457708,796,796,0,-1,3,3,9,15,147,219,733
133,9,110,543,913,370,16,16,454,454,0,0.0002042275094455223,0.0002042275094455223,567,567,0,5,4,4,6,3,387,534,374
134,22,228,610,955,345,170,170,880,880,0,0.0013274788113958951,0.0016678579938050988,832,865,33,3,3,3,15,4,107,440,198
135,0,206,1,966,965,0,19,1,488,487,0.0,0.0004765308553728854,1,702,701,3,-1,4,6,1,518,895,418
136,8,214,516,966,450,23,27,535,590,55,3.4037918240920386e-05,0.00017018959120460194,409,544,135,3,4,4,6,2,98,244,435
137,22,124,747,959,212,22,22,837,837,0,0.0004084550188910446,0.000442492937131965,683,694,11,4,3,3,2,2,979,827,756
138,15,221,679,983,304,12,12,682,682,0,0.0009190237925048504,0.0011232513019503727,808,828,20,3,4,4,2,8,702,186,167
139,0,206,1,946,945,0,26,1,423,422,0.0,0.000442492937131965,1,686,685,3,-1,4,11,0,66,967,381
140,27,643,778,999,221,28,38,791,887,96,0.00088498587426393,0.005888559855679227,799,960,161,2,3,3,3,6,958,192,171
141,0,102,1,912,911,0,6,1,362,361,0.0,0.00017018959120460194,1,559,558,4,-1,5,5,0,363,965,805
142,128,229,905,960,55,90,90,816,816,0,0.0024507301133462676,0.0024507301133462676,898,898,0,6,3,3,10,19,109,72,621
143,20,20,695,695,0,30,30,735,735,0,0.0006807583648184077,0.0006807583648184077,753,753,0,-1,4,4,5,4,601,267,884
144,0,0,1,1,0,0,0,1,1,0,0.0,0.0,1,1,0,-1,-1,-1,2,1,283,685,882
145,0,1640,1,1000,999,0,106,1,833,832,0.0,0.02042275094455223,1,994,993,1,-1,2,11,0,307,860,37
146,69,69,891,891,0,12,12,658,658,0,0.0010211375472276116,0.0010211375472276116,814,814,0,-1,4,4,2,20,705,109,632
147,214,420,952,985,33,124,124,952,952,0,0.0034718676605738795,0.004118588107151367,936,946,10,3,2,2,9,33,414,15,326
148,6,6,493,493,0,4,4,428,428,0,3.4037918240920386e-05,3.4037918240920386e-05,418,418,0,-1,5,5,2,3,802,248,696
149,0,206,1,964,963,0,17,1,489,488,0.0,0.00037441710065012424,1,652,651,3,-1,4,5,0,390,446,616
150,140,241,921,959,38,142,142,906,906,0,0.0013955546478777359,0.0013955546478777359,851,851,0,6,3,3,12,17,58,79,590
151,1,1,333,333,0,8,8,333,333,0,0.0,0.0,1,1,0,-1,6,6,8,1,508,140,890
152,12,12,590,590,0,18,18,614,614,0,0.00037441710065012424,0.00037441710065012424,667,667,0,-1,4,4,3,2,743,465,841
153,0,102,1,894,893,0,10,1,348,347,0.0,6.807583648184077e-05,1,446,445,4,-1,5,9,0,330,488,861
154,6,212,411,965,554,20,24,471,507,36,0.0,0.0007488342013002485,1,757,756,3,4,4,8,2,309,691,471
155,14,115,600,922,322,12,12,459,459,0,0.000442492937131965,0.0007828721195411688,688,777,89,5,4,4,4,7,623,303,562
156,0,101,1,943,942,0,2,1,329,328,0.0,6.807583648184077e-05,1,455,454,5,-1,6,2,1,988,947,361
157,0,102,1,938,937,0,3,1,370,369,0.0,0.00030634126416828345,1,656,655,4,-1,5,2,0,283,638,450
158,58,160,821,935,114,70,70,745,745,0,0.0013955546478777359,0.0014295925661186562,837,837,0,4,2,2,10,4,437,220,370
159,21,21,647,647,0,32,32,539,539,0,0.000442492937131965,0.000442492937131965,684,684,0,-1,4,4,8,6,415,4,738
160,3,105,422,917,495,8,10,388,421,33,3.4037918240920386e-05,0.00017018959120460194,393,541,148,4,5,5,5,2,605,694,655
161,8,109,581,957,376,8,8,555,555,0,0.00037441710065012424,0.0007147962830593281,677,777,100,5,4,4,2,2,806,697,413
162,0,0,1,1,0,0,0,1,1,0,0.0,0.0,1,1,0,-1,-1,-1,5,0,599,620,875
163,45,251,751,960,209,92,92,671,671,0,0.0006807583648184077,0.0009530617107457708,737,790,53,3,3,3,15,9,81,240,525
164,7,109,521,934,413,10,10,468,468,0,0.0002042275094455223,0.000442492937131965,570,686,116,4,4,4,3,2,839,408,266
165,0,0,1,1,0,0,0,1,1,0,0.0,0.0,1,1,0,-1,-1,-1,9,0,803,808,478
166,2,208,356,964,608,12,22,393,495,102,3.4037918240920386e-05,0.00030634126416828345,401,628,227,3,5,4,8,2,442,597,247
167,22,22,690,690,0,36,36,734,734,0,0.00017018959120460194,0.00017018959120460194,544,544,0,-1,3,3,5,3,561,263,774
168,0,206,1,976,975,0,8,1,501,500,0.0,0.0005786446100956465,1,737,736,3,-1,4,2,1,894,554,267
169,8,214,516,971,455,26,30,586,644,58,0.00030634126416828345,0.0006807583648184077,631,757,126,3,4,4,5,2,247,700,209
170,0,102,1,864,863,0,34,1,380,379,0.0,0.00010211375472276115,1,468,467,4,-1,5,21,3,74,882,365
171,2,208,369,972,603,4,10,370,483,113,0.0,0.00034037918240920387,1,651,650,3,5,4,3,1,923,788,378
172,100,100,905,905,0,100,100,985,985,0,0.038564961366962795,0.03876918887640832,997,997,0,3,1,1,4,34,759,89,118
173,0,102,1,892,891,0,11,1,364,363,0.0,0.0002042275094455223,1,562,561,4,-1,5,9,0,394,871,500
174,18,120,659,937,278,26,26,717,717,0,0.0002382654276864427,0.0002723033459273631,587,615,28,4,3,3,4,2,445,22,756
175,44,660,704,992,288,158,168,720,741,21,0.00030634126416828345,0.0013615167296368155,628,834,206,2,3,3,23,4,4,328,250
176,16,222,529,955,426,140,140,808,808,0,0.0002042275094455223,0.0005105687736138058,563,704,141,3,3,3,15,1,40,553,101
177,2,208,356,957,601,14,24,393,478,85,0.00010211375472276115,0.0013274788113958951,485,835,350,3,5,4,8,1,428,577,129
178,18,119,648,928,280,38,38,712,712,0,0.00010211375472276115,0.00010211375472276115,484,484,0,5,3,3,6,3,251,197,503
179,61,267,856,980,124,32,36,730,749,19,0.0011232513019503727,0.0021784267674189047,817,889,72,3,3,3,5,16,421,113,146
180,108,108,877,877,0,200,200,843,843,0,0.001497668402600497,0.001497668402600497,855,855,0,-1,2,2,21,10,3,405,970
181,100,100,852,852,0,100,100,586,586,0,0.00878178290615746,0.00878178290615746,972,972,0,-1,1,1,21,27,25,61,936
182,10,112,542,911,369,28,28,514,514,0,0.00013615167296368154,0.00017018959120460194,516,547,31,4,4,4,8,6,646,392,667
183,0,206,1,968,967,0,10,1,466,465,0.0,0.0004084550188910446,1,682,681,3,-1,4,3,0,703,445,288
184,63,63,876,876,0,28,28,815,815,0,0.0012934408931549745,0.0012934408931549745,843,843,0,-1,3,3,3,12,774,172,830
185,117,323,913,977,64,124,124,932,932,0,0.002144388849177984,0.00353994349705572,885,937,52,3,3,3,9,14,367,146,95
186,6,212,439,966,527,16,16,515,515,0,0.00010211375472276115,0.00017018959120460194,486,558,72,3,4,4,4,2,622,492,531
187,409,409,991,991,0,88,88,976,976,0,0.010755982164130842,0.010755982164130842,985,985,0,-1,2,2,4,75,690,24,638
188,8,109,600,962,362,8,8,572,572,0,0.00017018959120460194,0.00017018959120460194,558,558,0,6,4,4,2,4,799,149,861
189,37,139,881,978,97,12,12,749,749,0,0.0010211375472276116,0.0013274788113958951,825,855,30,4,4,4,2,18,941,64,345
190,202,202,939,939,0,350,350,966,966,0,0.0032336022328874367,0.0032336022328874367,929,929,0,-1,2,2,22,17,33,85,938
191,0,206,1,949,948,0,44,1,481,480,0.0,0.001055175465468532,1,811,810,3,-1,4,14,0,198,665,174
192,66,167,831,936,105,90,90,807,807,0,0.0015317063208414173,0.0015317063208414173,852,852,0,5,2,2,10,10,355,195,593
193,6,107,512,954,442,7,7,545,545,0,0.0,0.00010211375472276115,1,497,496,5,4,4,2,1,715,935,311
194,0,0,1,1,0,0,0,1,1,0,0.0,0.0,1,1,0,-1,-1,-1,2,0,763,651,693
195,15,117,682,948,266,12,12,616,616,0,0.000442492937131965,0.000442492937131965,702,702,0,4,4,4,2,5,779,510,225
196,0,102,1,944,943,0,4,1,412,411,0.0,0.0012253650566731338,1,838,837,4,-1,5,2,0,960,657,109
197,2,2,360,360,0,9,9,378,378,0,0.00010211375472276115,0.00010211375472276115,485,485,0,-1,5,5,6,1,518,687,620
198,0,102,1,860,859,0,25,1,356,355,0.0,3.4037918240920386e-05,1,400,399,4,-1,5,21,0,13,994,837
199,0,206,1,977,976,0,14,1,587,586,0.0,0.002280540522141666,1,903,902,3,-1,4,3,0,770,488,41
200,29,645,747,997,250,28,38,696,780,84,0.00037441710065012424,0.0010892133837094523,664,821,157,2,3,3,5,5,476,510,541
201,0,102,1,932,931,0,3,1,370,369,0.0,0.00010211375472276115,1,486,485,4,-1,5,2,0,931,980,585
202,6,108,378,863,485,70,70,507,507,0,6.807583648184077e-05,0.00017018959120460194,433,525,92,4,4,4,19,1,11,666,383
203,2,2,357,357,0,12,12,398,398,0,0.0,0.0,1,1,0,-1,5,5,7,1,525,606,796
204,974,1076,999,999,0,176,176,991,991,0,0.01872085503250621,0.018822968787228972,992,992,0,4,2,2,8,130,358,3,810
205,8,214,523,968,445,12,16,463,510,47,0.00013615167296368154,0.0008509479560230097,505,789,284,3,4,4,4,5,832,476,336
206,0,0,1,1,0,0,0,1,1,0,0.0,0.0,1,1,0,-1,-1,-1,5,0,561,731,920
207,0,102,1,959,958,0,4,1,390,389,0.0,0.0002723033459273631,1,629,628,4,-1,5,3,0,852,848,318
208,14,14,559,559,0,42,42,580,580,0,0.00013615167296368154,0.00013615167296368154,510,510,0,-1,4,4,9,3,394,222,917
209,96,198,911,964,53,38,38,852,852,0,0.002110350930937064,0.002110350930937064,891,891,0,4,3,3,3,19,703,297,756
210,2,618,382,1000,618,4,22,437,859,422,0.0002042275094455223,0.008407365805507334,580,980,400,2,5,3,2,1,965,810,89
211,109,315,912,982,70,62,62,809,809,0,0.0019741992579733825,0.003369753905851118,882,930,48,3,3,3,7,23,214,117,171
212,62,163,895,969,74,38,38,925,925,0,0.0024507301133462676,0.0024507301133462676,914,914,0,8,3,3,3,14,569,68,765
213,28,129,751,946,195,36,36,767,767,0,0.0002382654276864427,0.0002382654276864427,605,605,0,6,3,3,5,7,795,237,739
214,35,35,738,738,0,74,74,749,749,0,0.000442492937131965,0.000442492937131965,686,686,0,-1,3,3,9,8,136,257,992
215,16,118,675,950,275,12,12,599,599,0,0.0002723033459273631,0.00034037918240920387,628,671,43,4,4,4,2,9,886,29,319
216,22,22,643,643,0,54,54,661,661,0,0.00037441710065012424,0.00037441710065012424,666,666,0,-1,3,3,8,3,231,197,846
217,0,0,1,1,0,0,0,1,1,0,0.0,0.0,1,1,0,-1,-1,-1,4,0,633,600,909
218,19,19,701,701,0,24,24,767,767,0,0.00017018959120460194,0.00017018959120460194,557,557,0,-1,3,3,3,3,844,508,910
219,6,6,440,440,0,14,14,532,532,0,6.807583648184077e-05,6.807583648184077e-05,453,453,0,-1,4,4,3,1,687,797,624
220,6,6,518,518,0,8,8,544,544,0,0.00010211375472276115,0.00010211375472276115,504,504,0,-1,4,4,2,1,781,762,796
221,16,117,723,958,235,18,18,738,738,0,0.002382654276864427,0.0024166921951053475,913,914,1,5,3,3,3,2,608,292,484
222,85,187,922,970,48,38,38,908,908,0,0.003710133088260322,0.003982436434187685,943,948,5,4,3,3,3,15,683,36,159
223,62,62,844,844,0,68,68,836,836,0,0.001599782157323258,0.001599782157323258,855,855,0,-1,3,3,8,17,323,213,821
224,0,206,1,974,973,0,11,1,477,476,0.0,0.0002382654276864427,1,602,601,3,-1,4,4,0,682,961,551
225,0,0,1,1,0,0,0,1,1,0,0.0,0.0,1,1,0,-1,-1,-1,4,2,860,431,200
226,18,120,634,921,287,34,34,623,623,0,0.0005446066918547262,0.0006467204465774873,721,754,33,4,4,4,7,3,698,268,408
227,18,120,570,891,321,65,65,471,471,0,0.0002042275094455223,0.0002723033459273631,561,609,48,4,4,4,21,6,12,392,606
228,0,616,1,992,991,0,82,1,592,591,0.0,0.0018380475850097008,1,872,871,2,-1,3,16,0,53,855,277
229,12,113,727,973,246,8,8,646,646,0,0.0010211375472276116,0.0015657442390823377,831,876,45,5,4,4,2,5,962,535,405
230,46,46,830,830,0,40,40,791,791,0,0.0007488342013002485,0.0007488342013002485,760,760,0,-1,3,3,5,11,463,162,880
231,7,108,550,941,391,14,14,601,601,0,0.00013615167296368154,0.00013615167296368154,520,520,0,5,4,4,3,2,640,628,602
232,136,238,959,979,20,22,22,775,775,0,0.0037441710065012424,0.0040845501889104465,937,945,8,4,3,3,2,36,931,48,272
233,0,101,1,950,949,0,3,1,330,329,0.0,0.0,1,1,0,5,-1,6,3,0,707,790,873
234,28,130,681,915,234,88,88,756,756,0,0.0005105687736138058,0.0006467204465774873,698,746,48,4,3,3,12,4,375,407,115
235,7,109,524,935,411,11,11,467,467,0,0.00013615167296368154,0.00034037918240920387,514,638,124,4,4,4,4,2,650,749,22
236,63,164,839,946,107,78,78,860,860,0,0.0008509479560230097,0.0009190237925048504,780,786,6,5,3,3,7,13,324,120,592
237,0,206,1,956,955,0,50,1,638,637,0.0,0.0014636304843595766,1,854,853,3,-1,4,9,0,803,824,68
238,10,216,539,965,426,22,22,499,499,0,0.00010211375472276115,0.0006807583648184077,476,749,273,3,4,4,7,3,141,704,382
239,6,212,436,969,533,15,28,446,588,142,0.00010211375472276115,0.0013955546478777359,485,856,371,3,4,4,6,1,526,840,42
240,1,1,333,333,0,4,4,333,333,0,0.0,0.0,1,1,0,-1,6,6,4,2,631,656,909
241,0,616,1,994,993,0,23,1,492,491,0.0,0.001497668402600497,1,851,850,2,-1,3,7,0,182,923,654
242,280,896,976,999,23,88,88,896,896,0,0.00704584907587052,0.011062323428299126,963,983,20,2,3,3,8,49,318,31,5
243,28,234,770,977,207,18,18,613,613,0,0.000442492937131965,0.0007828721195411688,691,775,84,3,4,4,3,9,651,191,452
244,0,206,1,956,955,0,22,1,463,462,0.0,0.001055175465468532,1,815,814,3,-1,4,7,0,321,916,174
245,8,214,573,976,403,10,14,515,591,76,0.00013615167296368154,0.004731270635487933,543,955,412,3,4,4,3,5,732,395,5
246,24,230,709,972,263,42,42,742,742,0,0.00088498587426393,0.0020763130126961434,793,888,95,3,3,3,6,3,465,616,122
247,0,101,1,909,908,0,5,1,331,330,0.0,0.0,1,1,0,5,-1,6,5,0,407,866,503
248,0,102,1,960,959,0,3,1,395,394,0.0,0.0004765308553728854,1,709,708,4,-1,5,2,1,847,573,616
249,24,126,750,953,203,8,8,488,488,0,0.0008509479560230097,0.0011232513019503727,789,823,34,4,4,4,2,6,705,658,634
250,51,257,838,974,136,40,40,760,760,0,0.0007488342013002485,0.0012934408931549745,768,848,80,3,3,3,5,13,766,340,312
251,24,125,728,949,221,30,30,707,707,0,0.0002382654276864427,0.0002382654276864427,587,587,0,7,4,4,5,5,580,178,893
252,476,476,994,994,0,48,48,918,918,0,0.010347527145239796,0.010347527145239796,989,989,0,-1,3,3,3,83,554,10,705
253,1,103,333,931,598,3,6,333,424,91,0.0,0.0004765308553728854,1,705,704,4,8,5,3,1,670,765,525
254,82,82,868,868,0,58,58,741,741,0,0.0011913271384322134,0.0011913271384322134,819,819,0,-1,3,3,8,17,282,96,839
255,0,102,1,904,903,0,8,1,404,403,0.0,0.00010211375472276115,1,475,474,4,-1,5,4,0,567,868,86
256,8,214,583,985,402,8,8,552,552,0,3.4037918240920386e-05,0.000442492937131965,409,700,291,3,4,4,2,2,889,323,192
257,2,2,353,353,0,23,23,367,367,0,3.4037918240920386e-05,3.4037918240920386e-05,406,406,0,-1,5,5,18,1,111,543,871
258,0,0,1,1,0,0,0,1,1,0,0.0,0.0,1,1,0,-1,-1,-1,6,0,328,921,949
259,0,101,1,927,926,0,3,1,332,331,0.0,0.0,1,1,0,5,-1,6,3,0,680,423,690
260,0,0,1,1,0,0,0,1,1,0,0.0,0.0,1,1,0,-1,-1,-1,3,0,854,877,979
261,2,2,353,353,0,14,14,385,385,0,3.4037918240920386e-05,3.4037918240920386e-05,399,399,0,-1,5,5,9,2,166,495,951
262,0,0,1,1,0,0,0,1,1,0,0.0,0.0,1,1,0,-1,-1,-1,7,0,697,965,588
263,2,2,383,383,0,6,6,468,468,0,3.4037918240920386e-05,3.4037918240920386e-05,400,400,0,-1,5,5,3,1,790,799,976
264,48,664,777,993,216,114,132,812,865,53,0.00034037918240920387,0.00527587732734266,630,954,324,2,3,3,15,3,110,318,12
265,0,0,1,1,0,0,0,1,1,0,0.0,0.0,1,1,0,-1,-1,-1,4,0,410,980,882
266,0,0,1,1,0,0,0,1,1,0,0.0,0.0,1,1,0,-1,-1,-1,4,0,754,228,895
267,24,126,634,902,268,62,62,542,542,0,0.0002042275094455223,0.0005446066918547262,557,705,148,4,4,4,15,4,104,210,722
268,7,7,604,604,0,4,4,471,471,0,0.00013615167296368154,0.00013615167296368154,524,524,0,-1,5,5,2,4,873,164,859
269,190,190,947,947,0,124,124,919,919,0,0.003369753905851118,0.003369753905851118,935,935,0,-1,3,3,9,26,192,112,976
270,0,0,1,1,0,0,0,1,1,0,0.0,0.0,1,1,0,-1,-1,-1,3,0,855,897,841
271,2,104,361,913,552,8,8,389,389,0,0.0,3.4037918240920386e-05,1,400,399,4,5,5,5,1,311,734,384
272,126,332,942,984,42,54,54,907,907,0,0.0028932230504782326,0.003199564314646516,925,933,8,3,3,3,4,26,495,112,658
273,10,216,574,973,399,14,30,482,702,220,6.807583648184077e-05,0.00796487286837537,445,975,530,3,4,4,5,3,517,353,23
274,40,40,830,830,0,46,46,961,961,0,0.0040845501889104465,0.0040845501889104465,937,937,0,-1,2,2,2,1,926,612,892
275,166,166,958,958,0,70,70,927,927,0,0.0031314884781646754,0.0031314884781646754,929,929,0,-1,3,3,5,28,487,44,895
276,6,212,451,975,524,8,8,466,466,0,0.00010211375472276115,0.0009190237925048504,486,799,313,3,4,4,2,1,905,416,96
277,24,24,649,649,0,54,54,631,631,0,0.0006126825283365669,0.0006126825283365669,724,724,0,-1,4,4,9,5,381,338,436
278,0,101,1,932,931,0,4,1,332,331,0.0,0.0,1,1,0,5,-1,6,4,0,603,548,320
279,106,106,936,936,0,38,38,888,888,0,0.001940161339732462,0.001940161339732462,891,891,0,-1,3,3,3,20,958,109,665
280,0,0,1,1,0,0,0,1,1,0,0.0,0.0,1,1,0,-1,-1,-1,4,0,738,927,968
281,251,353,973,984,11,84,84,950,950,0,0.003812246842983083,0.003948398515946765,946,947,1,4,2,2,5,44,438,27,481
282,32,133,836,969,133,22,22,864,864,0,0.0014295925661186562,0.001497668402600497,866,871,5,5,3,3,2,6,913,289,958
283,0,101,1,905,904,0,7,1,332,331,0.0,0.0,1,1,0,5,-1,6,7,0,510,433,402
284,6,212,433,971,538,8,10,438,457,19,3.4037918240920386e-05,0.0002723033459273631,393,617,224,3,4,4,3,2,726,374,300
285,41,142,739,907,168,96,96,682,682,0,0.0002382654276864427,0.00030634126416828345,597,633,36,5,3,3,14,7,198,329,476
286,369,569,979,991,12,128,128,951,951,0,0.008441403723748256,0.008713707069675619,977,977,0,3,3,3,8,54,357,19,519
287,2,618,380,1000,620,4,22,420,821,401,0.0,0.0040845501889104465,1,950,949,2,5,3,2,1,975,878,203
288,0,102,1,918,917,0,8,1,392,391,0.0,6.807583648184077e-05,1,456,455,4,-1,5,5,0,552,819,451
289,127,333,914,975,61,154,154,908,908,0,0.002723033459273631,0.003914360597705844,915,939,24,3,3,3,14,18,84,63,89
290,30,236,667,954,287,84,84,610,610,0,0.00034037918240920387,0.0005786446100956465,645,713,68,3,3,3,16,4,151,365,379
291,6,212,527,984,457,4,8,452,575,123,0.0002382654276864427,0.0005446066918547262,609,731,122,3,5,4,2,4,974,315,107
292,174,774,954,999,45,48,48,887,887,0,0.002927260968719153,0.005854521937438306,920,969,49,2,3,3,3,28,634,41,39
293,54,54,868,868,0,12,12,712,712,0,0.0015657442390823377,0.0015657442390823377,858,858,0,-1,4,4,2,17,988,60,865
294,32,238,786,977,191,24,24,712,712,0,0.0015317063208414173,0.0024166921951053475,853,908,55,3,4,4,4,11,511,193,393
295,12,218,536,964,428,34,38,527,549,22,6.807583648184077e-05,0.000442492937131965,447,672,225,3,4,4,9,2,394,468,240
296,17,119,612,906,294,74,74,749,749,0,0.0005786446100956465,0.0006467204465774873,723,733,10,4,3,3,9,2,136,101,451
297,1,103,333,935,602,2,3,333,365,32,3.4037918240920386e-05,0.00010211375472276115,398,486,88,4,6,5,2,1,739,763,594
298,46,46,790,790,0,104,104,869,869,0,0.0009530617107457708,0.0009530617107457708,795,795,0,-1,3,3,9,7,213,224,684
299,0,0,1,1,0,0,0,1,1,0,0.0,0.0,1,1,0,-1,-1,-1,3,0,835,372,876
300,29,29,798,798,0,12,12,615,615,0,0.0006126825283365669,0.0006126825283365669,749,749,0,-1,4,4,2,9,983,240,750
301,90,706,808,991,183,330,330,852,852,0,0.0018380475850097008,0.002552843868069029,869,905,36,2,3,3,33,11,9,193,207
302,6,108,511,955,444,9,9,538,538,0,3.4037918240920386e-05,0.0002382654276864427,415,608,193,4,4,4,3,1,584,449,316
303,48,48,863,863,0,12,12,655,655,0,0.0015317063208414173,0.0015317063208414173,870,870,0,-1,4,4,2,15,817,206,665
304,6,6,427,427,0,19,19,485,485,0,3.4037918240920386e-05,3.4037918240920386e-05,398,398,0,-1,4,4,6,1,251,558,985
305,0,102,1,919,918,0,8,1,363,362,0.0,3.4037918240920386e-05,1,402,401,4,-1,5,7,1,697,529,879
306,3,105,452,951,499,5,6,417,452,35,0.00010211375472276115,0.0002382654276864427,473,585,112,4,5,5,3,3,768,196,110
307,18,224,614,963,349,43,48,634,669,35,0.00013615167296368154,0.0008509479560230097,514,774,260,3,3,3,9,2,339,468,181
308,6,107,446,924,478,16,16,508,508,0,3.4037918240920386e-05,3.4037918240920386e-05,401,401,0,5,4,4,4,1,532,152,676
309,764,1380,994,1000,6,366,366,990,990,0,0.013036522686272508,0.01507879778072773,989,992,3,2,2,2,19,85,48,0,100
310,26,127,774,946,172,14,14,587,587,0,0.0010211375472276116,0.001055175465468532,815,827,12,5,4,4,3,9,748,414,807
311,3,619,411,996,585,8,40,387,759,372,3.4037918240920386e-05,0.005377991082065421,410,963,553,2,5,3,5,3,766,761,70
312,0,102,1,922,921,0,4,1,365,364,0.0,0.0002382654276864427,1,593,592,4,-1,5,3,0,855,358,208
313,35,35,789,789,0,40,40,760,760,0,0.0008169100377820892,0.0008169100377820892,788,788,0,-1,3,3,5,5,766,216,895
314,0,101,1,936,935,0,3,1,331,330,0.0,6.807583648184077e-05,1,455,454,5,-1,6,3,0,835,686,22
315,0,206,1,973,972,0,14,1,552,551,0.0,0.0014295925661186562,1,851,850,3,-1,4,3,0,791,902,277
316,0,102,1,952,951,0,3,1,390,389,0.0,0.0006126825283365669,1,736,735,4,-1,5,2,0,715,979,90
317,0,101,1,943,942,0,2,1,330,329,0.0,0.0,1,1,0,5,-1,6,2,0,876,943,599
318,6,108,400,888,488,36,37,458,460,2,0.0,0.00010211375472276115,1,491,490,4,4,4,13,2,97,654,164
319,0,102,1,898,897,0,13,1,366,365,0.0,3.4037918240920386e-05,1,398,397,4,-1,5,10,0,293,483,899
320,0,0,1,1,0,0,0,1,1,0,0.0,0.0,1,1,0,-1,-1,-1,3,0,600,989,939
321,55,157,791,923,132,114,114,771,771,0,0.00030634126416828345,0.00037441710065012424,621,653,32,4,3,3,14,9,332,212,476
322,18,1658,651,1000,349,34,120,674,981,307,0.00034037918240920387,0.02978317846080534,653,996,343,1,3,2,6,5,526,395,37
323,0,101,1,885,884,0,9,1,332,331,0.0,0.0,1,1,0,6,-1,7,9,1,414,920,861
324,0,0,1,1,0,0,0,1,1,0,0.0,0.0,1,1,0,-1,-1,-1,12,0,219,877,898
325,6,622,478,999,521,5,23,393,776,383,0.00010211375472276115,0.0026549576227917903,481,913,432,2,5,3,3,3,639,353,345
326,16,222,536,952,416,58,62,592,625,33,0.00017018959120460194,0.0017359338302869397,535,864,329,3,3,3,12,1,184,891,72
327,0,0,1,1,0,0,0,1,1,0,0.0,0.0,1,1,0,-1,-1,-1,3,0,888,940,784
328,0,0,1,1,0,0,0,1,1,0,0.0,0.0,1,1,0,-1,-1,-1,7,0,361,672,568
329,26,26,725,725,0,28,28,727,727,0,0.00088498587426393,0.00088498587426393,806,806,0,-1,3,3,3,5,930,412,884
330,130,130,938,938,0,60,60,891,891,0,0.002927260968719153,0.002927260968719153,920,920,0,-1,3,3,5,20,524,38,987
331,0,101,1,936,935,0,2,1,331,330,0.0,0.0,1,1,0,6,-1,7,2,0,779,773,543
332,1,1,333,333,0,4,4,333,333,0,0.0,0.0,1,1,0,-1,7,7,4,1,891,765,429
333,11,113,616,945,329,12,12,628,628,0,0.0004084550188910446,0.0007828721195411688,680,784,104,4,4,4,2,9,939,29,470
334,12,12,490,490,0,50,50,500,500,0,0.00017018959120460194,0.00017018959120460194,529,529,0,-1,4,4,13,4,115,239,729
335,6,212,396,951,555,21,30,423,497,74,0.0,0.0009530617107457708,1,802,801,3,4,4,9,2,208,597,79
336,0,206,1,961,960,0,15,1,432,431,0.0,0.00013615167296368154,1,517,516,3,-1,4,7,0,400,773,508
337,0,206,1,965,964,0,13,1,438,437,0.0,6.807583648184077e-05,1,453,452,3,-1,4,5,0,555,816,711
338,100,100,868,868,0,100,100,702,702,0,0.012525953912658701,0.012525953912658701,984,984,0,5,1,1,15,21,95,157,606
339,23,23,729,729,0,28,28,768,768,0,0.0004765308553728854,0.0004765308553728854,704,704,0,-1,3,3,3,10,651,266,865
340,100,100,901,901,0,100,100,950,950,0,0.026787841655604345,0.026787841655604345,997,997,0,-1,1,1,6,15,549,92,324
341,1,1,332,332,0,2,2,332,332,0,0.0,0.0,1,1,0,-1,6,6,2,1,971,687,926
342,20,122,652,924,272,32,32,675,675,0,0.0002723033459273631,0.0002723033459273631,617,617,0,4,3,3,5,4,408,617,485
343,0,101,1,911,910,0,5,1,331,330,0.0,0.0,1,1,0,5,-1,6,5,1,528,685,924
344,0,206,1,974,973,0,11,1,477,476,0.0,0.0005786446100956465,1,725,724,3,-1,4,4,0,787,945,272
345,8,214,547,976,429,9,9,472,472,0,0.00010211375472276115,0.0002723033459273631,488,603,115,3,4,4,3,3,710,534,239
346,14,14,676,676,0,8,8,521,521,0,0.00037441710065012424,0.00037441710065012424,678,678,0,-1,4,4,2,4,681,479,513
347,6,212,485,977,492,20,20,654,654,0,0.0005105687736138058,0.0006807583648184077,717,751,34,3,4,4,4,1,794,80,280
348,0,0,1,1,0,0,0,1,1,0,0.0,0.0,1,1,0,-1,-1,-1,10,0,258,847,926
349,7,213,499,966,467,11,20,426,529,103,0.0,0.0026549576227917903,1,919,918,3,4,4,4,2,493,364,135
350,0,0,1,1,0,0,0,1,1,0,0.0,0.0,1,1,0,-1,-1,-1,11,0,333,906,752
351,20,121,646,919,273,28,28,567,567,0,0.0002723033459273631,0.0002723033459273631,614,614,0,6,4,4,6,4,393,315,972
352,18,119,608,904,296,48,48,685,685,0,0.00013615167296368154,0.00013615167296368154,523,523,0,5,3,3,7,3,374,197,924
353,30,30,804,804,0,12,12,611,611,0,0.0006467204465774873,0.0006467204465774873,744,744,0,-1,4,4,2,9,977,414,894
354,16,16,623,623,0,30,30,703,703,0,0.0005105687736138058,0.0005105687736138058,705,705,0,-1,3,3,4,4,622,409,699
355,0,102,1,895,894,0,12,1,373,372,0.0,0.00013615167296368154,1,504,503,4,-1,5,9,2,367,775,458
356,2,103,372,954,582,3,3,374,374,0,6.807583648184077e-05,0.00017018959120460194,465,561,96,5,5,5,2,1,806,603,536
357,0,102,1,957,956,0,3,1,392,391,0.0,0.0002723033459273631,1,627,626,4,-1,5,2,0,666,254,236
358,18,224,653,974,321,30,30,645,645,0,0.0007147962830593281,0.0016678579938050988,774,871,97,3,4,4,5,3,294,382,43
359,733,733,997,997,0,256,256,999,999,0,0.015419176963136935,0.015419176963136935,986,986,0,-1,2,2,10,91,258,7,838
360,23,639,680,994,314,42,52,698,767,69,0.00013615167296368154,0.0011913271384322134,516,822,306,2,3,3,6,4,498,339,610
361,12,628,587,997,410,16,30,563,746,183,0.0002723033459273631,0.005956635692161067,603,967,364,2,4,3,4,2,520,584,70
362,34,34,720,720,0,62,62,715,715,0,0.000442492937131965,0.000442492937131965,673,673,0,-1,3,3,9,4,178,501,716
363,27,233,745,973,228,12,12,549,549,0,0.00088498587426393,0.0026209197045508697,787,915,128,3,4,4,2,10,909,296,100
364,1,1,332,332,0,2,2,332,332,0,3.4037918240920386e-05,3.4037918240920386e-05,408,408,0,-1,7,7,2,3,847,676,664
365,43,144,873,975,102,14,14,748,748,0,0.0018720855032506212,0.0020763130126961434,885,896,11,5,4,4,3,20,877,87,236
366,104,104,879,879,0,102,102,792,792,0,0.0016678579938050988,0.0016678579938050988,862,862,0,-1,3,3,12,17,348,269,941
367,0,206,1,971,970,0,20,1,580,579,0.0,0.001055175465468532,1,818,817,3,-1,4,4,0,815,817,407
368,168,374,952,985,33,122,122,974,974,0,0.004220701861874128,0.006024711528642908,948,964,16,3,2,2,8,20,449,49,35
369,59,265,851,980,129,36,36,734,734,0,0.0008509479560230097,0.0012594029749140542,791,838,47,3,3,3,5,12,616,172,90
370,0,0,1,1,0,0,0,1,1,0,0.0,0.0,1,1,0,-1,-1,-1,2,0,781,587,735
371,30,30,692,692,0,76,76,719,719,0,0.00030634126416828345,0.00030634126416828345,630,630,0,-1,3,3,10,4,298,328,821
372,0,0,1,1,0,0,0,1,1,0,0.0,0.0,1,1,0,-1,-1,-1,5,0,908,990,880
373,0,0,1,1,0,0,0,1,1,0,0.0,0.0,1,1,0,-1,-1,-1,7,0,400,888,828
374,0,102,1,878,877,0,13,1,359,358,0.0,6.807583648184077e-05,1,441,440,4,-1,5,11,0,227,740,334
375,6,212,408,958,550,42,42,634,634,0,0.0004084550188910446,0.0007488342013002485,660,764,104,3,4,4,7,1,321,80,422
376,0,101,1,921,920,0,4,1,331,330,0.0,3.4037918240920386e-05,1,395,394,5,-1,6,4,0,787,455,879
377,8,8,546,546,0,19,19,637,637,0,3.4037918240920386e-05,3.4037918240920386e-05,392,392,0,-1,4,4,4,3,772,300,954
378,215,317,956,977,21,188,188,982,982,0,0.0045270431260424114,0.004561081044283332,952,953,1,4,2,2,10,24,298,119,361
379,2,208,366,973,607,8,12,441,497,56,3.4037918240920386e-05,0.0008169100377820892,412,776,364,3,5,4,4,1,597,762,166
380,32,648,735,995,260,34,34,681,681,0,0.0005786446100956465,0.0020082371762143027,717,888,171,2,3,3,4,8,410,417,162
381,6,108,440,925,485,16,16,523,523,0,0.0002382654276864427,0.0002723033459273631,595,617,22,4,4,4,4,2,460,785,680
382,68,68,841,841,0,64,64,741,741,0,0.001157289220191293,0.001157289220191293,819,819,0,-1,3,3,9,15,249,138,729
383,0,102,1,960,959,0,4,1,452,451,0.0,0.00037441710065012424,1,679,678,4,-1,5,2,0,847,916,253
384,30,236,802,981,179,22,22,820,820,0,0.0004084550188910446,0.0005446066918547262,676,719,43,3,3,3,2,9,723,212,619
385,0,0,1,1,0,0,0,1,1,0,0.0,0.0,1,1,0,-1,-1,-1,4,0,495,740,349
386,2,103,355,904,549,11,11,378,378,0,0.0,0.0,1,1,0,5,5,5,8,3,309,466,788
387,46,148,797,930,133,50,50,776,776,0,0.0008169100377820892,0.0008509479560230097,791,794,3,4,3,3,5,7,238,224,298
388,7,109,554,947,393,8,8,506,506,0,0.00017018959120460194,0.0005446066918547262,539,722,183,4,4,4,2,3,937,441,212
389,8,8,578,578,0,7,7,529,529,0,0.00030634126416828345,0.00030634126416828345,639,639,0,-1,4,4,2,2,821,584,956
390,0,102,1,886,885,0,13,1,393,392,0.0,0.0004765308553728854,1,697,696,4,-1,5,7,0,374,984,467
391,6,108,420,902,482,14,14,407,407,0,0.00010211375472276115,0.0002723033459273631,481,600,119,4,5,5,7,3,340,534,586
392,60,60,878,878,0,38,38,903,903,0,0.002212464685659825,0.002212464685659825,904,904,0,-1,3,3,3,12,530,104,715
393,0,102,1,893,892,0,11,1,350,349,0.0,6.807583648184077e-05,1,436,435,4,-1,5,10,0,241,928,347
394,23,229,659,962,303,54,54,627,627,0,0.0002042275094455223,0.0002723033459273631,556,595,39,3,3,3,10,5,256,362,149
395,36,138,736,919,183,58,58,657,657,0,0.0005446066918547262,0.0007488342013002485,713,760,47,4,3,3,10,7,355,303,236
396,16,16,618,618,0,46,46,813,813,0,0.0004084550188910446,0.0004084550188910446,667,667,0,-1,3,3,5,1,528,840,715
397,119,221,935,973,38,34,34,774,774,0,0.003437829742332959,0.00353994349705572,939,940,1,4,3,3,4,30,280,39,551
398,0,0,1,1,0,0,0,1,1,0,0.0,0.0,1,1,0,-1,-1,-1,21,0,12,992,917
399,435,641,988,995,7,106,106,961,961,0,0.009394465434494027,0.009598692943939549,979,979,0,3,2,2,7,75,698,24,827
400,6,108,537,958,421,8,8,569,569,0,0.00017018959120460194,0.0013274788113958951,569,856,287,4,4,4,2,1,913,904,180
401,20,20,703,703,0,18,18,631,631,0,0.0008509479560230097,0.0008509479560230097,780,780,0,-1,4,4,3,6,923,234,974
402,12,114,633,947,314,12,12,612,612,0,0.0002723033459273631,0.0004084550188910446,619,679,60,4,4,4,2,2,849,465,369
403,32,134,746,937,191,32,32,657,657,0,0.0006126825283365669,0.0009530617107457708,719,793,74,4,4,4,6,8,446,177,170
404,36,138,749,926,177,58,58,748,748,0,0.0004084550188910446,0.0005786446100956465,676,726,50,4,3,3,8,4,508,328,637
405,54,156,876,974,98,32,32,943,943,0,0.0027911092957554717,0.002825147213996392,925,926,1,4,3,3,2,12,702,104,350
406,1249,1249,1000,1000,0,272,272,996,996,0,0.02297559481262126,0.02297559481262126,998,998,0,-1,2,2,11,157,150,2,538
407,0,0,1,1,0,0,0,1,1,0,0.0,0.0,1,1,0,-1,-1,-1,3,0,930,629,860
408,7,213,450,939,489,32,48,382,434,52,0.0,0.00017018959120460194,1,525,524,3,4,4,19,3,11,563,420
409,6,6,429,429,0,16,16,513,513,0,3.4037918240920386e-05,3.4037918240920386e-05,400,400,0,-1,4,4,4,2,632,313,780
410,0,0,1,1,0,0,0,1,1,0,0.0,0.0,1,1,0,-1,-1,-1,16,0,26,731,723
411,106,312,887,972,85,118,118,831,831,0,0.0017359338302869397,0.002586881786309949,856,914,58,3,3,3,13,16,160,78,327
412,2,2,349,349,0,16,16,349,349,0,0.0,0.0,1,1,0,-1,5,5,15,1,45,543,793
413,2,208,347,939,592,21,37,347,400,53,0.0,6.807583648184077e-05,1,449,448,3,5,4,20,1,88,861,711
414,6,212,490,983,493,4,8,430,521,91,0.0002723033459273631,0.0016678579938050988,613,873,260,3,5,4,2,4,702,365,69
415,2,208,351,953,602,12,20,370,412,42,0.0,0.0002382654276864427,1,582,581,3,5,4,9,2,164,292,307
416,14,14,595,595,0,20,20,579,579,0,0.000442492937131965,0.000442492937131965,693,693,0,-1,4,4,4,4,700,479,758
417,0,0,1,1,0,0,0,1,1,0,0.0,0.0,1,1,0,-1,-1,-1,7,1,305,513,884
418,37,139,775,941,166,34,34,672,672,0,0.0007488342013002485,0.0007828721195411688,764,776,12,4,3,3,6,7,251,150,164
419,0,0,1,1,0,0,0,1,1,0,0.0,0.0,1,1,0,-1,-1,-1,3,0,712,768,678
420,8,8,526,526,0,18,18,504,504,0,0.00013615167296368154,0.00013615167296368154,520,520,0,-1,4,4,5,2,326,749,985
421,0,206,1,980,979,0,10,1,533,532,0.0,0.0014295925661186562,1,860,859,3,-1,4,3,2,485,633,49
422,0,102,1,893,892,0,11,1,393,392,0.0,0.00013615167296368154,1,525,524,4,-1,5,6,0,432,330,132
423,6,6,390,390,0,33,33,423,423,0,0.00013615167296368154,0.00013615167296368154,497,497,0,-1,4,4,15,2,124,805,944
424,16,118,673,945,272,20,20,634,634,0,0.0002042275094455223,0.0007488342013002485,579,773,194,4,4,4,4,10,721,266,252
425,32,238,611,948,337,172,172,714,714,0,0.0005105687736138058,0.0009530617107457708,681,782,101,3,3,3,23,2,15,465,114
426,28,28,716,716,0,37,37,628,628,0,0.00010211375472276115,0.00010211375472276115,485,485,0,-1,3,3,8,3,541,369,815
427,0,206,1,956,955,0,23,1,450,449,0.0,0.0006467204465774873,1,737,736,3,-1,4,9,0,306,533,500
428,114,730,907,997,90,70,70,877,877,0,0.0020422750944552232,0.0032336022328874367,886,929,43,2,3,3,5,18,719,54,83
429,0,0,1,1,0,0,0,1,1,0,0.0,0.0,1,1,0,-1,-1,-1,5,0,479,542,997
430,0,206,1,947,946,0,21,1,400,399,0.0,0.0002042275094455223,1,565,564,3,-1,4,11,0,76,429,427
431,0,102,1,913,912,0,7,1,394,393,0.0,0.0002723033459273631,1,609,608,4,-1,5,4,0,711,818,417
432,0,102,1,928,927,0,6,1,424,423,0.0,0.0009870996289866913,1,822,821,4,-1,5,3,0,861,860,60
433,24,126,687,927,240,68,68,779,779,0,0.0006126825283365669,0.0006467204465774873,732,738,6,4,3,3,8,4,137,288,661
434,29,29,749,749,0,18,18,574,574,0,0.0009190237925048504,0.0009190237925048504,800,800,0,-1,4,4,3,8,459,177,813
435,8,109,600,962,362,8,8,566,566,0,0.00013615167296368154,0.0002382654276864427,523,611,88,5,4,4,2,4,666,346,149
436,0,102,1,874,873,0,22,1,383,382,0.0,0.00013615167296368154,1,513,512,4,-1,5,13,0,165,457,458
437,0,101,1,925,924,0,2,1,331,330,0.0,0.0,1,1,0,5,-1,6,2,0,846,980,590
438,12,113,531,902,371,58,58,642,642,0,0.0006807583648184077,0.0006807583648184077,747,747,0,5,4,4,11,3,174,209,748
439,2,2,353,353,0,12,12,353,353,0,3.4037918240920386e-05,3.4037918240920386e-05,404,404,0,-1,5,5,11,1,279,543,848
440,37,37,740,740,0,54,54,669,669,0,0.0002723033459273631,0.0002723033459273631,613,613,0,-1,3,3,8,7,483,237,793
441,36,36,810,810,0,28,28,780,780,0,0.0018380475850097008,0.0018380475850097008,879,879,0,-1,3,3,3,8,588,174,635
442,6,6,476,476,0,8,8,489,489,0,0.00017018959120460194,0.00017018959120460194,549,549,0,-1,4,4,2,2,596,648,611
443,12,113,525,906,381,26,26,467,467,0,3.4037918240920386e-05,0.00017018959120460194,402,544,142,5,4,4,9,5,245,231,931
444,0,206,1,953,952,0,29,1,445,444,0.0,0.0002042275094455223,1,558,557,3,-1,4,11,1,233,828,256
445,0,616,1,993,992,0,62,1,752,751,0.0,0.010790020082371761,1,984,983,2,-1,3,7,0,193,698,37
446,50,152,753,915,162,138,138,776,776,0,0.0005446066918547262,0.0005446066918547262,707,707,0,4,3,3,18,6,111,192,639
447,0,102,1,924,923,0,4,1,363,362,0.0,0.0,1,1,0,4,-1,5,3,0,337,979,935
448,6,6,485,485,0,10,10,519,519,0,0.00013615167296368154,0.00013615167296368154,534,534,0,-1,4,4,3,1,642,481,433
449,0,206,1,977,976,0,12,1,615,614,0.0,0.0010211375472276116,1,825,824,3,-1,4,2,1,779,705,148
450,9,9,502,502,0,60,60,598,598,0,6.807583648184077e-05,6.807583648184077e-05,444,444,0,-1,4,4,12,5,292,722,668
451,6,108,469,927,458,11,11,478,478,0,0.00017018959120460194,0.00034037918240920387,538,646,108,4,4,4,4,3,787,755,494
452,0,0,1,1,0,0,0,1,1,0,0.0,0.0,1,1,0,-1,-1,-1,8,0,131,801,784
453,39,141,799,946,147,34,34,744,744,0,0.0006467204465774873,0.001157289220191293,744,826,82,4,3,3,4,8,832,177,160
454,8,109,552,935,383,8,8,500,500,0,3.4037918240920386e-05,3.4037918240920386e-05,408,408,0,5,4,4,2,2,880,576,495
455,37,139,763,930,167,40,40,722,722,0,0.0004765308553728854,0.0007147962830593281,694,751,57,4,3,3,5,9,426,212,491
456,45,45,717,717,0,106,106,657,657,0,0.0002042275094455223,0.0002042275094455223,558,558,0,-1,3,3,17,6,103,486,898
457,52,154,774,927,153,98,98,693,693,0,0.00034037918240920387,0.000442492937131965,640,681,41,4,3,3,15,8,81,386,22
458,0,206,1,952,951,0,34,1,481,480,0.0,0.00037441710065012424,1,646,645,3,-1,4,11,0,360,959,667
459,0,102,1,938,937,0,4,1,396,395,0.0,0.0002042275094455223,1,584,583,4,-1,5,2,3,886,854,182
460,47,253,788,963,175,82,82,750,750,0,0.00088498587426393,0.0010892133837094523,784,814,30,3,3,3,11,9,234,293,241
461,0,102,1,911,910,0,8,1,409,408,0.0,0.0002382654276864427,1,596,595,4,-1,5,4,0,235,922,379
462,60,162,804,929,125,108,108,748,748,0,0.0009530617107457708,0.001157289220191293,791,818,27,4,3,3,13,10,165,195,230
463,0,102,1,887,886,0,12,1,402,401,0.0,0.0002382654276864427,1,592,591,4,-1,5,6,1,378,835,391
464,30,236,650,953,303,96,96,628,628,0,0.000442492937131965,0.000442492937131965,683,683,0,3,3,3,15,4,77,645,654
465,61,163,937,982,45,12,12,749,749,0,0.002484768031587188,0.002757071377514551,918,923,5,4,4,4,2,28,941,44,382
466,0,0,1,1,0,0,0,1,1,0,0.0,0.0,1,1,0,-1,-1,-1,7,0,436,600,751
467,198,198,926,926,0,352,352,876,876,0,0.0018040096667687805,0.0018040096667687805,867,867,0,-1,2,2,33,16,9,78,970
468,0,0,1,1,0,0,0,1,1,0,0.0,0.0,1,1,0,-1,-1,-1,3,0,651,897,916
469,234,234,966,966,0,82,82,880,880,0,0.004288777698355968,0.004288777698355968,947,947,0,-1,3,3,7,38,340,111,847
470,6,6,390,390,0,54,54,522,522,0,0.00013615167296368154,0.00013615167296368154,497,497,0,-1,4,4,15,1,124,797,707
471,16,222,534,954,420,78,82,638,654,16,0.00017018959120460194,0.0007488342013002485,534,744,210,3,3,3,14,2,130,223,186
472,41,247,822,976,154,46,46,859,859,0,0.0009870996289866913,0.0012594029749140542,798,835,37,3,3,3,5,6,580,376,545
473,53,669,830,995,165,46,56,716,777,61,0.0005446066918547262,0.0034037918240920387,727,935,208,2,3,3,6,14,352,387,135
474,0,206,1,970,969,0,20,1,569,568,0.0,0.003199564314646516,1,931,930,3,-1,4,4,1,652,685,126
475,6,107,445,919,474,32,32,625,625,0,0.00017018959120460194,0.00017018959120460194,546,546,0,5,4,4,6,1,253,655,743
476,6,212,424,961,537,24,24,475,475,0,0.00010211375472276115,0.0004765308553728854,473,694,221,3,4,4,8,1,443,799,212
477,29,645,701,993,292,44,58,608,691,83,0.00030634126416828345,0.0007147962830593281,616,751,135,2,3,3,9,6,330,459,718
478,0,0,1,1,0,0,0,1,1,0,0.0,0.0,1,1,0,-1,-1,-1,2,0,929,588,423
479,0,101,1,917,916,0,3,1,331,330,0.0,0.0,1,1,0,6,-1,7,3,0,989,713,540
480,2,2,395,395,0,4,4,470,470,0,0.00010211375472276115,0.00010211375472276115,502,502,0,-1,5,5,2,2,788,544,820
481,130,232,926,969,43,86,86,926,926,0,0.0037441710065012424,0.004186663943633207,935,946,11,4,2,2,7,21,698,123,169
482,0,0,1,1,0,0,0,1,1,0,0.0,0.0,1,1,0,-1,-1,-1,2,0,983,735,742
483,8,8,517,517,0,14,14,439,439,0,0.00010211375472276115,0.00010211375472276115,493,493,0,-1,4,4,6,5,402,464,747
484,42,248,712,952,240,214,214,881,881,0,0.0011232513019503727,0.0015317063208414173,815,853,38,3,3,3,19,7,31,630,209
485,0,206,1,971,970,0,10,1,459,458,0.0,0.0002042275094455223,1,580,579,3,-1,4,3,0,834,488,510
486,52,258,838,976,138,44,44,837,837,0,0.0007147962830593281,0.0014636304843595766,760,854,94,3,3,3,4,5,815,283,92
487,65,271,834,971,137,88,88,847,847,0,0.001497668402600497,0.002552843868069029,857,911,54,3,2,2,8,7,303,237,190
488,0,0,1,1,0,0,0,1,1,0,0.0,0.0,1,1,0,-1,-1,-1,9,0,287,817,522
489,51,257,819,974,155,58,58,806,806,0,0.0006807583648184077,0.0014295925661186562,742,847,105,3,3,3,7,9,207,293,216
490,8,214,529,971,442,12,16,465,516,51,0.00013615167296368154,0.0007488342013002485,533,781,248,3,4,4,4,2,641,499,207
491,0,102,1,936,935,0,6,1,424,423,0.0,0.0005786446100956465,1,735,734,4,-1,5,3,0,863,918,246
492,8,214,504,968,464,20,20,557,557,0,0.00013615167296368154,0.0005786446100956465,522,728,206,3,4,4,4,2,509,724,293
493,100,100,939,939,0,100,100,998,998,0,0.07825317403587596,0.07825317403587596,1000,1000,0,5,1,1,2,19,975,59,337
494,3,3,397,397,0,10,10,362,362,0,0.0,0.0,1,1,0,-1,5,5,8,5,434,605,997
495,53,259,853,977,124,34,34,813,813,0,0.0010892133837094523,0.003267640151128357,822,925,103,3,3,3,4,15,543,62,65
496,2,2,348,348,0,22,22,387,387,0,3.4037918240920386e-05,3.4037918240920386e-05,393,393,0,-1,5,5,13,3,41,578,735
497,6,6,506,506,0,5,5,415,415,0,0.0002382654276864427,0.0002382654276864427,604,604,0,-1,5,5,3,3,796,214,800
498,1,1,333,333,0,6,6,333,333,0,0.0,0.0,1,1,0,-1,6,6,6,1,255,469,701
499,16,16,730,730,0,12,12,721,721,0,0.0013274788113958951,0.0013274788113958951,849,849,0,-1,4,4,2,5,666,393,956
500,0,0,1,1,0,0,0,1,1,0,0.0,0.0,1,1,0,-1,-1,-1,7,0,400,816,991
501,24,24,702,702,0,44,44,725,725,0,0.0002723033459273631,0.0002723033459273631,617,617,0,-1,3,3,7,4,477,339,358
502,2,208,385,983,598,6,10,506,587,81,0.0,0.002212464685659825,1,906,905,3,5,4,3,1,915,152,105
503,58,264,793,967,174,146,146,832,832,0,0.0006467204465774873,0.0009530617107457708,740,789,49,3,3,3,15,9,40,343,475
504,124,226,924,968,44,84,84,886,886,0,0.0021784267674189047,0.002382654276864427,891,902,11,4,3,3,8,24,146,119,409
505,0,0,1,1,0,0,0,1,1,0,0.0,0.0,1,1,0,-1,-1,-1,3,0,703,831,705
506,24,640,681,992,311,66,76,701,769,68,0.0002723033459273631,0.0018040096667687805,614,870,256,2,3,3,10,3,161,173,189
507,33,33,818,818,0,22,22,779,779,0,0.0008509479560230097,0.0008509479560230097,807,807,0,-1,3,3,2,8,886,186,600
508,1,1,332,332,0,2,2,332,332,0,0.0,0.0,1,1,0,-1,7,7,2,1,982,469,928
509,4,4,434,434,0,7,7,401,401,0,0.00013615167296368154,0.00013615167296368154,505,505,0,-1,5,5,4,3,458,196,845
510,164,780,931,996,65,168,178,906,922,16,0.0018720855032506212,0.003165526396405596,875,934,59,2,3,3,13,17,165,96,393
511,31,237,759,971,212,28,32,661,703,42,0.00030634126416828345,0.0008169100377820892,622,787,165,3,3,3,5,5,773,636,403
512,97,297,906,983,77,46,46,797,797,0,0.002825147213996392,0.004595118962524252,914,949,35,3,3,3,6,20,494,71,55
513,0,616,1,992,991,0,70,1,724,723,0.0,0.0042547397801150485,1,943,942,2,-1,3,9,1,164,742,35
514,9,110,638,961,323,4,4,436,436,0,0.0002382654276864427,0.00030634126416828345,612,655,43,5,5,5,2,6,751,229,251
515,1,103,333,928,595,5,8,333,401,68,0.0,0.00034037918240920387,1,650,649,4,7,5,5,3,601,181,366
516,0,0,1,1,0,0,0,1,1,0,0.0,0.0,1,1,0,-1,-1,-1,3,0,710,975,641
517,3,104,459,954,495,4,4,419,419,0,6.807583648184077e-05,6.807583648184077e-05,464,464,0,5,5,5,2,5,897,476,788
518,0,616,1,989,988,0,71,1,592,591,0.0,0.0014295925661186562,1,842,841,2,-1,3,15,0,81,966,89
519,0,102,1,892,891,0,10,1,359,358,0.0,0.0,1,1,0,4,-1,5,9,0,394,588,639
520,0,206,1,984,983,0,13,1,710,709,0.0,0.0036760951700194017,1,940,939,3,-1,4,3,0,877,330,126
521,205,205,960,960,0,114,114,935,935,0,0.0032336022328874367,0.0032336022328874367,927,927,0,-1,3,3,9,32,395,26,834
522,86,188,929,974,45,38,38,925,925,0,0.003267640151128357,0.003778208924742163,934,936,2,4,3,3,3,18,569,63,516
523,0,102,1,917,916,0,8,1,396,395,0.0,0.00037441710065012424,1,663,662,4,-1,5,5,0,720,638,683
524,46,148,877,972,95,22,22,860,860,0,0.0008509479560230097,0.0009530617107457708,789,808,19,4,3,3,2,14,994,175,720
525,22,228,677,971,294,20,20,517,517,0,0.00034037918240920387,0.0007147962830593281,649,762,113,3,4,4,6,5,98,314,283
526,1,103,332,916,584,4,7,332,396,64,0.0,0.0005446066918547262,1,724,723,4,6,5,4,2,539,374,399
527,13,115,660,953,293,12,12,654,654,0,0.0008509479560230097,0.0011232513019503727,797,827,30,4,4,4,2,3,964,390,257
528,0,102,1,933,932,0,5,1,398,397,0.0,0.0005786446100956465,1,731,730,4,-1,5,3,0,640,937,170
529,0,0,1,1,0,0,0,1,1,0,0.0,0.0,1,1,0,-1,-1,-1,5,0,602,915,433
530,6,107,461,933,472,16,16,583,583,0,0.00017018959120460194,0.0002382654276864427,557,603,46,5,4,4,4,1,491,762,680
531,0,206,1,929,928,0,97,1,449,448,0.0,0.0004765308553728854,1,669,668,3,-1,4,36,0,16,892,257
532,6,6,382,382,0,56,56,499,499,0,0.00010211375472276115,0.00010211375472276115,476,476,0,-1,4,4,16,2,195,342,910
533,154,154,907,907,0,262,262,897,897,0,0.0026549576227917903,0.0026549576227917903,907,907,0,-1,2,2,23,15,57,153,834
534,16,16,703,703,0,24,24,837,837,0,0.0006467204465774873,0.0006467204465774873,759,759,0,-1,3,3,3,2,984,482,803
535,98,98,914,914,0,44,44,880,880,0,0.0018380475850097008,0.0018380475850097008,882,882,0,-1,3,3,4,20,461,71,892
536,52,154,874,967,93,22,22,818,818,0,0.0015317063208414173,0.0018720855032506212,866,880,14,4,3,3,2,14,919,146,145
537,16,118,669,945,276,20,20,772,772,0,0.0002042275094455223,0.00034037918240920387,565,661,96,4,3,3,3,1,670,416,230
538,318,524,975,989,14,182,182,958,958,0,0.005786446100956465,0.005922597773920147,962,962,0,3,3,3,12,49,58,51,318
539,92,298,858,971,113,116,116,839,839,0,0.001497668402600497,0.0022465026039007454,855,893,38,3,3,3,11,13,162,261,405
540,0,102,1,863,862,0,25,1,369,368,0.0,6.807583648184077e-05,1,449,448,4,-1,5,20,0,88,517,829
541,6,212,429,968,539,12,16,457,518,61,3.4037918240920386e-05,0.0005105687736138058,401,719,318,3,4,4,4,1,694,810,236
542,6,108,467,935,468,12,12,600,600,0,0.00017018959120460194,0.00030634126416828345,553,644,91,4,4,4,2,1,925,681,424
543,8,8,535,535,0,13,13,472,472,0,0.0002723033459273631,0.0002723033459273631,622,622,0,-1,4,4,5,2,795,579,950
544,228,330,966,982,16,108,108,949,949,0,0.0048674223084516155,0.005003573981415297,949,950,1,4,3,3,8,35,318,57,454
545,2,104,354,912,558,9,10,395,414,19,6.807583648184077e-05,0.0006126825283365669,452,745,293,4,5,5,5,1,677,931,138
546,0,0,1,1,0,0,0,1,1,0,0.0,0.0,1,1,0,-1,-1,-1,2,0,705,538,650
547,0,616,1,993,992,0,58,1,659,658,0.0,0.0024166921951053475,1,901,900,2,-1,3,10,0,427,668,95
548,0,0,1,1,0,0,0,1,1,0,0.0,0.0,1,1,0,-1,-1,-1,8,0,142,880,800
549,339,545,988,996,8,96,96,991,991,0,0.01412573606998196,0.014670342761836687,991,991,0,3,2,2,3,49,484,16,268
550,14,116,681,953,272,12,12,666,666,0,0.0002723033459273631,0.0008509479560230097,624,794,170,4,4,4,2,4,548,501,473
551,0,206,1,972,971,0,9,1,478,477,0.0,0.00030634126416828345,1,638,637,3,-1,4,3,0,923,917,40
552,0,616,1,993,992,0,60,1,634,633,0.0,0.0019741992579733825,1,886,885,2,-1,3,11,0,224,917,261
553,8,624,532,998,466,16,34,525,755,230,0.0002042275094455223,0.002757071377514551,579,918,339,2,4,3,4,2,690,724,340
554,90,706,888,998,110,68,68,940,940,0,0.003642057251778481,0.006535280302256714,931,972,41,2,2,2,4,9,671,277,27
555,0,102,1,936,935,0,5,1,400,399,0.0,0.00013615167296368154,1,517,516,4,-1,5,3,0,961,728,683
556,0,0,1,1,0,0,0,1,1,0,0.0,0.0,1,1,0,-1,-1,-1,4,0,235,928,359
557,16,117,529,901,372,138,138,826,826,0,0.0002382654276864427,0.0002723033459273631,587,610,23,5,3,3,16,1,60,553,708
558,133,133,941,941,0,40,40,777,777,0,0.002757071377514551,0.002757071377514551,920,920,0,-1,3,3,5,30,691,75,780
559,0,101,1,949,948,0,4,1,330,329,0.0,0.0002382654276864427,1,587,586,5,-1,6,4,0,738,587,562
560,424,424,991,991,0,94,94,968,968,0,0.012628067667381462,0.012628067667381462,988,988,0,-1,2,2,5,70,294,18,539
561,17,17,624,624,0,34,34,681,681,0,0.00037441710065012424,0.00037441710065012424,651,651,0,-1,3,3,4,2,410,101,388
562,6,6,439,439,0,12,12,451,451,0,3.4037918240920386e-05,3.4037918240920386e-05,399,399,0,-1,4,4,5,1,386,788,574
563,0,206,1,970,969,0,12,1,486,485,0.0,0.00030634126416828345,1,643,642,3,-1,4,4,0,401,940,154
564,50,152,769,912,143,114,114,699,699,0,0.0006807583648184077,0.0006807583648184077,747,747,0,4,3,3,17,10,24,272,463
565,182,284,948,971,23,102,102,939,939,0,0.0036760951700194017,0.0038462847612240037,938,940,2,4,3,3,7,25,340,105,395
566,10,112,580,945,365,14,14,573,573,0,0.0002723033459273631,0.00034037918240920387,630,656,26,4,4,4,3,3,756,536,810
567,0,616,1,996,995,0,26,1,692,691,0.0,0.0018720855032506212,1,878,877,2,-1,3,4,0,632,657,163
568,99,201,933,975,42,22,22,795,795,0,0.0024166921951053475,0.0026209197045508697,913,919,6,4,3,3,2,24,734,119,256
569,45,661,798,995,197,60,74,738,803,65,0.0006126825283365669,0.002927260968719153,729,916,187,2,3,3,9,9,278,240,49
570,18,218,664,973,309,20,20,558,558,0,0.0002382654276864427,0.0007828721195411688,600,782,182,3,4,4,4,6,542,516,272
571,3,104,474,964,490,4,4,452,452,0,6.807583648184077e-05,0.00010211375472276115,463,502,39,5,5,5,2,5,810,476,463
572,56,672,782,990,208,130,140,798,833,35,0.0007147962830593281,0.0020763130126961434,749,892,143,2,3,3,14,9,122,293,148
573,53,155,848,959,111,34,34,780,780,0,0.00088498587426393,0.0013274788113958951,789,838,49,4,3,3,4,14,735,139,103
574,25,125,721,936,215,24,24,706,706,0,0.0011232513019503727,0.001157289220191293,819,826,7,4,3,3,3,5,645,241,215
575,0,102,1,924,923,0,9,1,407,406,0.0,0.0002042275094455223,1,563,562,4,-1,5,5,2,430,684,447
576,198,300,974,986,12,48,48,941,941,0,0.005241839409101739,0.005241839409101739,960,960,0,4,3,3,3,57,670,50,394
577,0,206,1,959,958,0,16,1,437,436,0.0,0.00017018959120460194,1,543,542,3,-1,4,7,0,320,635,202
578,0,0,1,1,0,0,0,1,1,0,0.0,0.0,1,1,0,-1,-1,-1,9,0,339,793,685
579,22,1662,642,1000,358,60,112,724,924,200,0.00017018959120460194,0.01865277919602437,548,990,442,1,3,2,8,3,483,300,7
580,6,6,388,388,0,57,57,497,497,0,0.00010211375472276115,0.00010211375472276115,485,485,0,-1,4,4,17,1,39,607,600
581,32,32,722,722,0,50,50,629,629,0,0.00037441710065012424,0.00037441710065012424,660,660,0,-1,4,4,9,6,147,461,664
582,48,48,855,855,0,28,28,806,806,0,0.0010892133837094523,0.0010892133837094523,824,824,0,-1,3,3,3,7,670,630,533
583,100,100,882,882,0,100,100,872,872,0,0.021409850573538922,0.021409850573538922,996,996,0,5,1,1,9,26,316,108,503
584,0,616,1,997,996,0,24,1,692,691,0.0,0.0031314884781646754,1,925,924,2,-1,3,3,0,930,698,135
585,0,101,1,903,902,0,6,1,331,330,0.0,0.0,1,1,0,5,-1,6,6,0,451,950,788
586,0,0,1,1,0,0,0,1,1,0,0.0,0.0,1,1,0,-1,-1,-1,7,1,321,738,954
587,588,588,999,999,0,32,32,921,921,0,0.01678069369277375,0.01678069369277375,994,994,0,-1,3,3,2,130,804,3,779
588,50,50,696,696,0,318,318,836,836,0,0.0007828721195411688,0.0007828721195411688,754,754,0,-1,3,3,33,6,9,192,568
589,61,163,832,942,110,60,60,836,836,0,0.0013955546478777359,0.0017018959120460194,841,860,19,4,3,3,5,13,546,255,209
590,123,225,953,980,27,44,44,894,894,0,0.004595118962524252,0.004731270635487933,955,957,2,4,3,3,4,31,553,126,381
591,6,212,424,963,539,17,22,441,496,55,0.0,0.0006807583648184077,1,749,748,3,4,4,7,1,329,449,92
592,10,10,578,578,0,16,16,580,580,0,0.00034037918240920387,0.00034037918240920387,646,646,0,-1,4,4,4,4,507,479,784
593,0,102,1,898,897,0,8,1,354,353,0.0,0.0,1,1,0,4,-1,5,7,0,450,649,321
594,0,0,1,1,0,0,0,1,1,0,0.0,0.0,1,1,0,-1,-1,-1,2,0,429,729,909
595,56,56,860,860,0,34,34,832,832,0,0.001599782157323258,0.001599782157323258,855,855,0,-1,3,3,4,17,507,213,866
596,0,0,1,1,0,0,0,1,1,0,0.0,0.0,1,1,0,-1,-1,-1,2,0,805,620,358
597,32,648,664,989,325,82,112,548,660,112,0.00013615167296368154,0.0015317063208414173,497,850,353,2,3,3,20,5,70,314,97
598,0,101,1,921,920,0,3,1,332,331,0.0,0.00017018959120460194,1,543,542,5,-1,6,3,1,636,693,307
599,10,10,502,502,0,41,41,452,452,0,0.00010211375472276115,0.00010211375472276115,470,470,0,-1,4,4,15,3,65,311,349
600,699,905,995,998,3,244,244,969,969,0,0.01143674052894925,0.011845195547840293,982,985,3,3,2,2,15,85,68,0,591
601,0,206,1,949,948,0,33,1,418,417,0.0,0.00030634126416828345,1,621,620,3,-1,4,15,0,81,723,4
602,10,10,561,561,0,16,16,489,489,0,0.00010211375472276115,0.00010211375472276115,483,483,0,-1,4,4,6,3,399,369,989
603,22,228,668,973,305,40,40,706,706,0,0.00030634126416828345,0.0014295925661186562,637,852,215,3,3,3,5,4,408,551,397
604,0,0,1,1,0,0,0,1,1,0,0.0,0.0,1,1,0,-1,-1,-1,4,0,709,850,811
605,0,0,1,1,0,0,0,1,1,0,0.0,0.0,1,1,0,-1,-1,-1,7,2,196,684,828
606,1,103,333,948,615,4,6,333,396,63,0.0,6.807583648184077e-05,1,457,456,4,6,5,4,4,480,595,378
607,0,616,1,994,993,0,34,1,652,651,0.0,0.0030634126416828346,1,919,918,2,-1,3,6,0,518,751,630
608,12,628,509,992,483,56,82,560,683,123,0.0006126825283365669,0.0023486163586235067,724,903,179,2,4,3,12,2,44,473,43
609,0,206,1,977,976,0,12,1,605,604,0.0,0.0006807583648184077,1,756,755,3,-1,4,2,0,907,918,630
610,178,384,929,980,51,206,206,933,933,0,0.0019061234214915416,0.0028932230504782326,871,914,43,3,3,3,16,20,132,71,277
611,1,1,333,333,0,3,3,333,333,0,0.0,0.0,1,1,0,-1,6,6,3,2,485,331,981
612,74,690,824,995,171,210,220,922,927,5,0.001599782157323258,0.00439089145307873,862,946,84,2,2,2,16,5,59,393,13
613,0,0,1,1,0,0,0,1,1,0,0.0,0.0,1,1,0,-1,-1,-1,2,1,769,789,349
614,0,101,1,873,872,0,18,1,332,331,0.0,3.4037918240920386e-05,1,399,398,5,-1,6,18,0,86,701,924
615,1,1,333,333,0,9,9,333,333,0,3.4037918240920386e-05,3.4037918240920386e-05,402,402,0,-1,6,6,9,1,140,603,701
616,6,107,482,948,466,8,8,519,519,0,0.0002042275094455223,0.0002042275094455223,568,568,0,5,4,4,2,2,938,648,575
617,16,118,683,951,268,20,20,789,789,0,6.807583648184077e-05,0.0002382654276864427,446,602,156,4,3,3,3,1,888,152,46
618,0,206,1,963,962,0,26,1,547,546,0.0,0.0006807583648184077,1,753,752,3,-1,4,7,0,477,514,612
619,7,108,518,924,406,11,11,450,450,0,3.4037918240920386e-05,6.807583648184077e-05,391,441,50,5,4,4,4,3,384,631,694
620,12,12,654,654,0,10,10,549,549,0,6.807583648184077e-05,6.807583648184077e-05,463,463,0,-1,4,4,3,5,840,350,400
621,0,102,1,864,863,0,18,1,351,350,0.0,0.0,1,1,0,4,-1,5,16,0,117,695,837
622,0,102,1,919,918,0,7,1,409,408,0.0,0.0006126825283365669,1,734,733,4,-1,5,4,0,550,928,382
623,18,120,666,931,265,34,34,724,724,0,0.0006807583648184077,0.0007488342013002485,750,770,20,4,3,3,6,3,764,209,454
624,0,206,1,939,938,0,29,1,376,375,0.0,3.4037918240920386e-05,1,396,395,3,-1,4,19,0,83,834,580
625,2,2,399,399,0,3,3,411,411,0,3.4037918240920386e-05,3.4037918240920386e-05,403,403,0,-1,5,5,2,1,865,661,388
626,0,206,1,976,975,0,20,1,658,657,0.0,0.009496579189216788,1,981,980,3,-1,4,4,0,679,917,37
627,260,362,981,991,10,48,48,947,947,0,0.0053439531638245,0.005888559855679227,958,963,5,4,3,3,3,61,288,14,245
628,13,115,615,934,319,15,16,554,554,0,0.00013615167296368154,0.0004765308553728854,509,698,189,4,4,4,4,3,787,307,160
629,0,102,1,906,905,0,8,1,368,367,0.0,0.00013615167296368154,1,505,504,4,-1,5,6,0,419,950,659
630,0,101,1,929,928,0,3,1,332,331,0.0,0.00013615167296368154,1,516,515,5,-1,6,3,1,710,539,724
631,8,8,515,515,0,18,18,519,519,0,6.807583648184077e-05,6.807583648184077e-05,454,454,0,-1,4,4,5,3,773,534,811
632,367,469,991,994,3,100,100,979,979,0,0.010517716736444398,0.010926171755335444,985,985,0,4,2,2,6,75,529,24,759
633,12,12,603,603,0,15,15,570,570,0,0.0002042275094455223,0.0002042275094455223,592,592,0,-1,4,4,4,6,777,258,993
634,0,0,1,1,0,0,0,1,1,0,0.0,0.0,1,1,0,-1,-1,-1,3,0,651,824,890
635,12,114,632,946,314,9,10,501,536,35,0.00010211375472276115,0.0008509479560230097,484,791,307,4,4,4,3,5,961,274,630
636,0,206,1,948,947,0,44,1,530,529,0.0,0.002144388849177984,1,887,886,3,-1,4,10,0,240,890,119
637,2,2,372,372,0,3,3,374,374,0,0.0002723033459273631,0.0002723033459273631,627,627,0,-1,5,5,2,2,938,805,792
638,4,106,420,909,489,10,10,393,393,0,3.4037918240920386e-05,0.00034037918240920387,400,649,249,4,5,5,6,3,275,411,473
639,9,215,530,963,433,32,32,599,599,0,0.00013615167296368154,0.0009190237925048504,526,794,268,3,4,4,6,6,425,406,242
640,6,212,477,977,500,12,12,586,586,0,0.00013615167296368154,0.000442492937131965,516,697,181,3,4,4,2,1,934,879,591
641,0,0,1,1,0,0,0,1,1,0,0.0,0.0,1,1,0,-1,-1,-1,16,0,72,372,946
642,52,154,868,969,101,18,18,796,796,0,0.0014636304843595766,0.0020422750944552232,857,892,35,4,3,3,2,15,938,92,630
643,18,224,594,953,359,96,100,698,714,16,0.00017018959120460194,0.0017359338302869397,538,877,339,3,3,3,14,4,21,305,104
644,28,28,689,689,0,106,106,862,862,0,0.0008169100377820892,0.0008169100377820892,768,768,0,-1,3,3,10,3,204,382,696
645,0,206,1,972,971,0,16,1,528,527,0.0,0.001055175465468532,1,821,820,3,-1,4,4,0,650,433,146
646,0,102,1,944,943,0,4,1,374,373,0.0,0.00010211375472276115,1,489,488,4,-1,5,3,0,674,538,314
647,43,43,838,838,0,28,28,791,791,0,0.0009530617107457708,0.0009530617107457708,808,808,0,-1,3,3,3,12,958,159,948
648,119,119,933,933,0,62,62,886,886,0,0.002212464685659825,0.002212464685659825,889,889,0,-1,3,3,6,23,399,66,841
649,16,117,606,926,320,38,38,624,624,0,0.00034037918240920387,0.00034037918240920387,643,643,0,5,3,3,8,2,323,652,509
650,35,35,850,850,0,12,12,685,685,0,0.001599782157323258,0.001599782157323258,873,873,0,-1,4,4,2,13,792,42,729
651,31,237,801,980,179,14,18,597,702,105,0.0006126825283365669,0.0027911092957554717,749,917,168,3,4,4,3,14,774,175,56
652,8,214,491,960,469,38,42,485,509,24,0.00017018959120460194,0.0002382654276864427,538,583,45,3,4,4,11,2,188,749,110
653,24,24,654,654,0,80,80,746,746,0,0.000442492937131965,0.000442492937131965,695,695,0,-1,3,3,10,5,75,619,813
654,15,116,678,940,262,20,20,708,708,0,0.0005105687736138058,0.0005105687736138058,712,712,0,5,4,4,4,6,827,379,337
655,0,101,1,942,941,0,2,1,329,328,0.0,6.807583648184077e-05,1,446,445,5,-1,6,2,0,937,955,799
656,2,2,358,358,0,13,13,407,407,0,0.0,0.0,1,1,0,-1,5,5,7,1,343,862,633
657,6,212,447,970,523,16,20,521,586,65,0.00010211375472276115,0.00030634126416828345,481,617,136,3,4,4,4,1,539,870,220
658,6,6,437,437,0,5,5,377,377,0,6.807583648184077e-05,6.807583648184077e-05,456,456,0,-1,5,5,3,4,554,398,953
659,0,101,1,892,891,0,7,1,332,331,0.0,3.4037918240920386e-05,1,401,400,5,-1,6,7,1,331,787,298
660,108,314,889,976,87,112,112,831,831,0,0.0013274788113958951,0.001497668402600497,837,847,10,3,3,3,12,15,194,62,420
661,1,1,333,333,0,11,11,333,333,0,0.0,0.0,1,1,0,-1,7,7,11,2,261,448,890
662,60,161,847,948,101,60,60,880,880,0,0.0020422750944552232,0.002110350930937064,888,890,2,5,2,2,5,7,173,389,605
663,271,477,969,982,13,228,228,965,965,0,0.0042547397801150485,0.004493005207801491,946,951,5,3,2,2,14,31,332,35,395
664,520,622,990,994,4,120,120,982,982,0,0.010926171755335444,0.010926171755335444,983,983,0,4,2,2,6,92,473,30,309
665,9,1649,562,1000,438,16,54,529,903,374,0.0002382654276864427,0.027026107083290785,606,996,390,1,4,2,4,6,495,406,156
666,28,28,668,668,0,68,68,642,642,0,0.0002723033459273631,0.0002723033459273631,611,611,0,-1,3,3,11,6,162,368,987
667,0,102,1,892,891,0,14,1,373,372,0.0,0.0,1,1,0,4,-1,5,10,0,153,649,353
668,8,110,526,924,398,28,28,621,621,0,6.807583648184077e-05,0.00037441710065012424,436,664,228,4,4,4,6,3,322,496,83
669,16,118,606,921,315,38,38,687,687,0,0.00017018959120460194,0.0002042275094455223,557,570,13,4,3,3,6,1,526,689,532
670,0,616,1,997,996,0,22,1,604,603,0.0,0.0020422750944552232,1,892,891,2,-1,3,5,2,908,775,128
671,6,108,412,903,491,17,17,429,429,0,3.4037918240920386e-05,0.0002042275094455223,398,561,163,4,4,4,7,1,209,837,637
672,2,103,366,933,567,6,6,417,417,0,0.00010211375472276115,0.00010211375472276115,482,482,0,6,5,5,3,1,791,481,503
673,40,246,751,965,214,56,56,659,659,0,0.000442492937131965,0.0007488342013002485,680,763,83,3,3,3,9,7,191,389,236
674,0,102,1,896,895,0,10,1,367,366,0.0,0.00013615167296368154,1,514,513,4,-1,5,8,0,257,937,958
675,0,0,1,1,0,0,0,1,1,0,0.0,0.0,1,1,0,-1,-1,-1,3,0,748,925,651
676,14,14,672,672,0,14,14,631,631,0,0.00088498587426393,0.00088498587426393,799,799,0,-1,4,4,3,4,916,326,686
677,2,2,359,359,0,12,12,385,385,0,3.4037918240920386e-05,3.4037918240920386e-05,396,396,0,-1,5,5,8,2,508,509,816
678,0,101,1,872,871,0,19,1,332,331,0.0,0.0,1,1,0,5,-1,6,19,0,83,624,764
679,55,55,926,926,0,8,8,652,652,0,0.002382654276864427,0.002382654276864427,912,912,0,-1,4,4,2,30,872,39,915
680,55,55,823,823,0,56,56,768,768,0,0.0009530617107457708,0.0009530617107457708,795,795,0,-1,3,3,6,14,425,175,900
681,174,380,951,983,32,102,102,936,936,0,0.0038462847612240037,0.004050512270669526,946,951,5,3,3,3,7,25,273,105,90
682,6,108,454,932,478,14,14,546,546,0,0.0002042275094455223,0.0011232513019503727,559,831,272,4,4,4,3,1,864,452,116
683,8,214,483,954,471,33,46,467,543,76,6.807583648184077e-05,0.000442492937131965,458,677,219,3,4,4,11,2,220,602,280
684,0,102,1,942,941,0,4,1,420,419,0.0,0.0010892133837094523,1,820,819,4,-1,5,2,1,919,693,63
685,0,102,1,903,902,0,13,1,404,403,0.0,0.00037441710065012424,1,662,661,4,-1,5,7,0,156,866,375
686,27,27,760,760,0,22,22,605,605,0,0.0005105687736138058,0.0005105687736138058,709,709,0,-1,4,4,5,9,663,343,657
687,139,139,947,947,0,70,70,939,939,0,0.002825147213996392,0.002825147213996392,921,921,0,-1,3,3,5,31,551,35,929
688,12,12,533,533,0,28,28,468,468,0,0.0002382654276864427,0.0002382654276864427,588,588,0,-1,4,4,10,5,258,231,800
689,0,0,1,1,0,0,0,1,1,0,0.0,0.0,1,1,0,-1,-1,-1,6,0,522,794,874
690,1,103,332,944,612,2,4,332,419,87,0.0,0.0007147962830593281,1,765,764,4,8,5,2,2,975,448,269
691,72,72,870,870,0,70,70,931,931,0,0.00442492937131965,0.00442492937131965,954,954,0,-1,2,2,5,6,524,461,914
692,0,206,1,975,974,0,11,1,472,471,0.0,0.0002723033459273631,1,623,622,3,-1,4,4,3,610,753,233
693,0,206,1,954,953,0,18,1,440,439,0.0,0.000442492937131965,1,680,679,3,-1,4,7,0,447,846,379
694,0,102,1,937,936,0,3,1,379,378,0.0,0.00010211375472276115,1,488,487,4,-1,5,2,0,723,784,682
695,119,221,920,967,47,72,72,858,858,0,0.002382654276864427,0.0026209197045508697,902,911,9,4,3,3,7,21,658,123,683
696,0,0,1,1,0,0,0,1,1,0,0.0,0.0,1,1,0,-1,-1,-1,8,0,186,668,997
697,21,123,707,940,233,48,48,920,920,0,0.0014295925661186562,0.0019741992579733825,855,884,29,4,3,3,3,5,855,355,396
698,6,6,388,388,0,34,34,410,410,0,3.4037918240920386e-05,3.4037918240920386e-05,397,397,0,-1,4,4,17,2,210,885,916
699,14,630,647,999,352,10,28,489,797,308,0.00010211375472276115,0.005922597773920147,483,969,486,2,4,3,3,5,903,182,20
700,6,108,492,943,451,12,12,631,631,0,0.00037441710065012424,0.0006126825283365669,679,749,70,4,4,4,2,2,776,785,80
701,2,208,353,947,594,15,27,368,441,73,0.0,0.0005786446100956465,1,719,718,3,5,4,11,2,279,331,396
702,0,102,1,891,890,0,13,1,369,368,0.0,0.0,1,1,0,4,-1,5,10,0,258,359,607
703,0,102,1,913,912,0,16,1,425,424,0.0,0.0004765308553728854,1,702,701,4,-1,5,8,0,468,942,175
704,1,1,331,331,0,2,2,331,331,0,0.0,0.0,1,1,0,-1,6,6,2,1,973,449,940
705,52,258,775,963,188,102,106,765,781,16,0.0011913271384322134,0.0013615167296368155,826,840,14,3,2,2,12,4,175,450,256
706,193,399,955,984,29,66,66,824,824,0,0.004356853534837809,0.00527587732734266,950,959,9,3,3,3,6,30,560,75,54
707,22,124,657,912,255,48,48,684,684,0,0.0002723033459273631,0.00030634126416828345,625,646,21,4,3,3,7,2,714,465,378
708,0,101,1,926,925,0,5,1,332,331,0.0,0.0,1,1,0,5,-1,6,5,0,463,707,654
709,10,10,551,551,0,14,14,464,464,0,0.00017018959120460194,0.00017018959120460194,543,543,0,-1,4,4,5,7,396,451,698
710,41,142,776,935,159,50,50,719,719,0,0.0005105687736138058,0.0005105687736138058,711,711,0,5,3,3,8,9,541,212,771
711,33,135,770,943,173,28,28,733,733,0,0.0009870996289866913,0.0010892133837094523,803,815,12,4,3,3,3,9,645,293,762
712,0,0,1,1,0,0,0,1,1,0,0.0,0.0,1,1,0,-1,-1,-1,5,0,408,726,803
713,8,8,472,472,0,33,33,421,421,0,3.4037918240920386e-05,3.4037918240920386e-05,411,411,0,-1,4,4,15,5,40,476,660
714,0,206,1,956,955,0,30,1,446,445,0.0,0.0008509479560230097,1,779,778,3,-1,4,12,0,106,446,250
715,2,2,385,385,0,4,4,415,415,0,0.0,0.0,1,1,0,-1,5,5,2,2,809,320,568
716,2,208,360,970,610,5,20,361,598,237,3.4037918240920386e-05,0.001599782157323258,401,867,466,3,5,4,4,1,969,893,119
717,16,222,634,972,338,24,24,654,654,0,0.0002042275094455223,0.0026549576227917903,572,920,348,3,4,4,4,6,741,424,75
718,6,6,508,508,0,8,8,540,540,0,0.00013615167296368154,0.00013615167296368154,530,530,0,-1,4,4,2,1,469,552,937
719,0,0,1,1,0,0,0,1,1,0,0.0,0.0,1,1,0,-1,-1,-1,17,1,10,738,457
720,0,206,1,953,952,0,36,1,498,497,0.0,0.0006467204465774873,1,746,745,3,-1,4,10,0,75,953,155
721,89,190,878,953,75,68,68,775,775,0,0.001497668402600497,0.0015317063208414173,850,850,0,5,3,3,8,16,301,113,763
722,10,111,607,949,342,12,12,654,654,0,0.00088498587426393,0.0009530617107457708,808,814,6,5,4,4,2,5,964,306,231
723,12,218,573,969,396,22,22,565,565,0,0.00034037918240920387,0.0007147962830593281,648,757,109,3,4,4,5,3,311,795,246
724,13,13,520,520,0,36,36,462,462,0,0.00013615167296368154,0.00013615167296368154,513,513,0,-1,4,4,12,5,239,570,668
725,225,431,968,988,20,100,100,961,961,0,0.005684332346233704,0.005718370264474625,962,962,0,3,2,2,6,54,393,28,309
726,2,104,380,946,566,5,5,405,405,0,3.4037918240920386e-05,0.0002042275094455223,409,581,172,4,5,5,3,1,654,935,711
727,45,45,725,725,0,184,184,849,849,0,0.001055175465468532,0.001055175465468532,797,797,0,-1,3,3,19,5,48,216,790
728,33,33,748,748,0,46,46,789,789,0,0.0006807583648184077,0.0006807583648184077,745,745,0,-1,3,3,5,7,377,237,916
729,2,2,354,354,0,11,11,403,403,0,3.4037918240920386e-05,3.4037918240920386e-05,392,392,0,-1,5,5,6,1,473,577,533
730,24,125,741,948,207,22,22,757,757,0,0.0005446066918547262,0.0006467204465774873,723,756,33,5,3,3,2,3,763,351,188
731,0,206,1,937,936,0,43,1,381,380,0.0,0.0002382654276864427,1,584,583,3,-1,4,25,0,17,820,443
732,0,0,1,1,0,0,0,1,1,0,0.0,0.0,1,1,0,-1,-1,-1,5,1,407,947,750
733,85,85,864,864,0,78,78,811,811,0,0.0019741992579733825,0.0019741992579733825,882,882,0,-1,3,3,8,14,218,84,985
734,22,228,679,971,292,24,24,698,698,0,0.00017018959120460194,0.0006807583648184077,538,751,213,3,3,3,3,2,778,586,169
735,3,3,474,474,0,3,3,398,398,0,0.0,0.0,1,1,0,-1,5,5,2,2,810,694,349
736,20,226,573,946,373,118,126,638,669,31,3.4037918240920386e-05,0.0002723033459273631,400,610,210,3,3,3,21,5,54,395,545
737,271,271,988,988,0,32,32,922,922,0,0.008305252050784574,0.008305252050784574,973,973,0,-1,3,3,2,81,469,32,423
738,3,209,440,975,535,4,10,364,500,136,0.0,0.0009530617107457708,1,816,815,3,5,4,3,2,826,694,507
739,11,217,630,980,350,8,8,590,590,0,6.807583648184077e-05,0.0018720855032506212,464,893,429,3,4,4,2,6,283,424,47
740,0,206,1,977,976,0,8,1,499,498,0.0,0.0009870996289866913,1,812,811,3,-1,4,2,0,779,520,68
741,0,0,1,1,0,0,0,1,1,0,0.0,0.0,1,1,0,-1,-1,-1,7,1,331,806,954
742,6,6,435,435,0,13,13,459,459,0,0.00017018959120460194,0.00017018959120460194,555,555,0,-1,4,4,5,1,669,799,431
743,0,102,1,914,913,0,8,1,421,420,0.0,0.000442492937131965,1,698,697,4,-1,5,4,0,512,802,211
744,44,660,796,995,199,46,56,722,794,72,0.0010211375472276116,0.0020422750944552232,809,888,79,2,3,3,6,9,630,240,83
745,76,282,820,965,145,182,182,785,785,0,0.0013274788113958951,0.0017018959120460194,846,867,21,3,2,2,21,7,12,399,507
746,1,207,333,975,642,2,12,333,607,274,3.4037918240920386e-05,0.0012934408931549745,399,850,451,3,6,4,2,3,904,708,255
747,4,105,471,953,482,5,5,411,411,0,6.807583648184077e-05,0.00010211375472276115,463,508,45,5,5,5,3,2,584,579,810
748,0,102,1,931,930,0,5,1,393,392,0.0,0.0005446066918547262,1,721,720,4,-1,5,3,0,670,914,217
749,2,104,362,922,560,8,8,432,432,0,6.807583648184077e-05,0.0002042275094455223,444,570,126,4,5,5,4,1,313,607,570
750,0,0,1,1,0,0,0,1,1,0,0.0,0.0,1,1,0,-1,-1,-1,8,0,244,794,844
751,28,234,741,974,233,60,60,870,870,0,0.0006467204465774873,0.001157289220191293,739,819,80,3,3,3,5,5,407,306,471
752,0,0,1,1,0,0,0,1,1,0,0.0,0.0,1,1,0,-1,-1,-1,3,0,842,733,887
753,24,126,623,895,272,68,68,587,587,0,0.0004765308553728854,0.0004765308553728854,687,687,0,4,4,4,14,7,181,115,575
754,43,145,801,940,139,40,40,775,775,0,0.0006126825283365669,0.0009870996289866913,739,809,70,4,3,3,5,11,290,52,524
755,1,207,333,954,621,7,38,333,598,265,0.0,0.005718370264474625,1,961,960,3,7,4,7,3,447,626,30
756,184,390,938,982,44,128,128,918,918,0,0.002995336805200994,0.0033357159876101976,924,932,8,3,2,2,9,18,101,171,286
757,0,0,1,1,0,0,0,1,1,0,0.0,0.0,1,1,0,-1,-1,-1,13,0,185,833,991
758,118,219,887,945,58,196,196,903,903,0,0.0030634126416828346,0.0030634126416828346,918,918,0,5,2,2,17,10,210,405,543
759,1,1,333,333,0,9,9,333,333,0,0.0,0.0,1,1,0,-1,6,6,9,1,269,861,751
760,6,107,465,935,470,14,14,603,603,0,0.00030634126416828345,0.0006126825283365669,642,749,107,5,4,4,3,1,857,168,652
761,446,2046,988,1000,12,188,188,1000,1000,0,0.010619830491167161,0.024439225296980838,981,996,15,1,2,2,7,55,413,21,61
762,0,102,1,904,903,0,5,1,372,371,0.0,6.807583648184077e-05,1,440,439,4,-1,5,3,0,731,977,576
763,0,101,1,925,924,0,5,1,332,331,0.0,0.0,1,1,0,5,-1,6,5,0,557,926,560
764,117,323,919,979,60,38,38,814,814,0,0.001940161339732462,0.002144388849177984,887,893,6,3,3,3,3,22,731,203,545
765,229,330,979,989,10,56,56,974,974,0,0.008986010415602982,0.008986010415602982,983,983,0,6,2,2,2,50,926,33,601
766,7,213,531,972,441,9,14,465,537,72,3.4037918240920386e-05,0.0017018959120460194,407,869,462,3,4,4,3,2,621,364,119
767,0,102,1,902,901,0,9,1,360,359,0.0,0.0,1,1,0,4,-1,5,8,0,371,644,570
768,0,102,1,960,959,0,4,1,464,463,0.0,0.0017018959120460194,1,876,875,4,-1,5,2,0,950,802,39
769,135,237,936,973,37,38,38,820,820,0,0.002212464685659825,0.002280540522141666,906,911,5,4,3,3,3,27,778,61,124
770,16,118,601,922,321,34,34,653,653,0,0.00030634126416828345,0.0010211375472276116,630,809,179,4,3,3,6,3,518,309,243
771,0,206,1,965,964,0,36,1,654,653,0.0,0.002382654276864427,1,900,899,3,-1,4,6,1,489,428,57
772,0,0,1,1,0,0,0,1,1,0,0.0,0.0,1,1,0,-1,-1,-1,2,0,926,758,969
773,32,134,788,953,165,38,38,855,855,0,0.001055175465468532,0.0011232513019503727,825,836,11,4,3,3,3,2,746,475,220
774,0,102,1,943,942,0,4,1,372,371,0.0,6.807583648184077e-05,1,449,448,4,-1,5,3,0,797,651,724
775,6,108,455,936,481,12,13,467,473,6,0.00010211375472276115,0.00013615167296368154,490,519,29,4,4,4,5,1,848,449,220
776,33,33,723,723,0,64,64,690,690,0,0.0004084550188910446,0.0004084550188910446,672,672,0,-1,3,3,9,10,274,266,847
777,0,206,1,957,956,0,32,1,522,521,0.0,0.0007488342013002485,1,761,760,3,-1,4,10,0,243,867,497
778,0,102,1,969,968,0,4,1,497,496,0.0,0.0004084550188910446,1,699,698,4,-1,5,2,1,813,767,80
779,16,118,694,958,264,14,14,618,618,0,0.000442492937131965,0.0009870996289866913,699,815,116,4,4,4,3,5,485,636,396
780,2,208,380,985,605,4,8,436,548,112,3.4037918240920386e-05,0.0014295925661186562,397,855,458,3,5,4,2,1,878,555,171
781,3,105,460,947,487,3,3,372,372,0,3.4037918240920386e-05,0.0006467204465774873,400,754,354,4,5,5,2,2,548,364,232
782,0,0,1,1,0,0,0,1,1,0,0.0,0.0,1,1,0,-1,-1,-1,19,0,14,871,882
783,0,206,1,972,971,0,16,1,527,526,0.0,0.0014636304843595766,1,859,858,3,-1,4,4,0,649,928,277
784,0,206,1,935,934,0,33,1,378,377,0.0,0.00010211375472276115,1,468,467,3,-1,4,22,0,22,726,691
785,196,402,960,986,26,86,86,920,920,0,0.0053099152455835805,0.005956635692161067,962,964,2,3,3,3,6,31,328,34,179
786,1,207,333,965,632,4,11,333,444,111,0.0,0.0002723033459273631,1,605,604,3,6,4,4,1,717,924,178
787,0,206,1,947,946,0,31,1,416,415,0.0,0.0005446066918547262,1,703,702,3,-1,4,15,0,102,388,345
788,18,120,583,900,317,50,50,568,568,0,0.0002042275094455223,0.0004765308553728854,566,700,134,4,3,3,10,3,285,196,532
789,334,434,987,991,4,64,64,929,929,0,0.008237176214302734,0.008339289969025495,977,978,1,4,3,3,4,75,784,24,300
790,188,290,946,972,26,96,96,909,909,0,0.003880322679464924,0.004016474352428605,941,942,1,4,2,2,7,26,296,108,785
791,148,249,946,976,30,44,44,829,829,0,0.0030634126416828346,0.0030974505599237552,931,931,0,5,3,3,4,28,504,44,899
792,0,102,1,905,904,0,10,1,380,379,0.0,0.00010211375472276115,1,477,476,4,-1,5,7,0,214,542,384
793,20,122,700,943,243,22,22,594,594,0,0.0002723033459273631,0.00034037918240920387,619,655,36,4,4,4,5,5,848,178,536
794,2,208,365,973,608,5,14,381,545,164,3.4037918240920386e-05,0.0020082371762143027,412,896,484,3,5,4,3,1,864,601,13
795,22,228,701,975,274,44,44,831,831,0,0.0002382654276864427,0.0016338200755641784,608,867,259,3,3,3,4,2,512,827,171
796,62,268,819,965,146,116,116,822,822,0,0.0008509479560230097,0.0012253650566731338,765,829,64,3,3,3,14,8,84,386,247
797,0,206,1,956,955,0,22,1,472,471,0.0,0.0006467204465774873,1,732,731,3,-1,4,8,0,236,716,177
798,0,206,1,964,963,0,13,1,444,443,0.0,0.000442492937131965,1,693,692,3,-1,4,5,0,501,982,52
799,3,104,458,948,490,6,6,439,439,0,3.4037918240920386e-05,0.00010211375472276115,402,498,96,5,5,5,3,2,718,627,319
800,11,11,617,617,0,14,14,589,589,0,0.0004765308553728854,0.0004765308553728854,698,698,0,-1,4,4,3,5,433,510,894
801,116,217,914,968,54,68,68,842,842,0,0.002110350930937064,0.002280540522141666,890,898,8,5,3,3,7,18,413,64,452
802,81,287,879,979,100,60,60,885,885,0,0.001497668402600497,0.002382654276864427,856,899,43,3,3,3,5,13,438,335,71
803,0,102,1,877,876,0,10,1,350,349,0.0,6.807583648184077e-05,1,450,449,4,-1,5,9,0,159,858,408
804,18,120,638,921,283,44,44,704,704,0,0.00013615167296368154,0.00013615167296368154,514,514,0,4,3,3,7,2,336,628,392
805,1,103,333,910,577,8,14,333,407,74,0.0,0.0002042275094455223,1,570,569,4,6,5,8,4,323,595,637
806,60,162,817,934,117,90,90,824,824,0,0.00088498587426393,0.0009190237925048504,788,793,5,4,3,3,9,5,287,273,631
807,2,2,360,360,0,8,8,417,417,0,0.00010211375472276115,0.00010211375472276115,477,477,0,-1,5,5,4,1,711,607,436
808,2,104,357,897,540,14,15,394,400,6,0.0,6.807583648184077e-05,1,451,450,4,5,5,8,1,186,601,409
809,149,149,946,946,0,80,80,938,938,0,0.00616086320160659,0.00616086320160659,967,967,0,-1,2,2,6,19,575,133,707
810,40,246,750,966,216,68,68,768,768,0,0.0006807583648184077,0.0013955546478777359,749,839,90,3,3,3,8,5,358,273,138
811,11,113,636,949,313,18,18,686,686,0,0.00030634126416828345,0.00037441710065012424,634,672,38,4,4,4,3,6,708,379,964
812,42,42,706,706,0,228,228,861,861,0,0.0006467204465774873,0.0006467204465774873,732,732,0,-1,2,2,22,2,33,101,235
813,0,102,1,899,898,0,11,1,370,369,0.0,0.00010211375472276115,1,480,479,4,-1,5,8,0,199,966,526
814,56,1696,751,1000,249,180,218,784,847,63,0.0004084550188910446,0.004765308553728854,655,945,290,1,3,2,23,9,57,212,667
815,24,24,678,678,0,37,37,578,578,0,0.0004084550188910446,0.0004084550188910446,675,675,0,-1,3,3,8,3,428,311,821
816,53,155,869,969,100,24,24,813,813,0,0.002212464685659825,0.002212464685659825,899,899,0,4,3,3,3,15,867,158,679
817,100,100,898,898,0,100,100,946,946,0,0.03859899928520372,0.03859899928520372,1000,1000,0,-1,1,1,7,130,398,3,877
818,0,206,1,970,969,0,17,1,516,515,0.0,0.0005446066918547262,1,712,711,3,-1,4,5,0,644,772,759
819,2,103,356,911,555,14,14,399,399,0,3.4037918240920386e-05,0.00010211375472276115,408,486,78,5,5,5,8,1,158,449,662
820,37,37,762,762,0,56,56,708,708,0,0.000442492937131965,0.000442492937131965,681,681,0,-1,3,3,9,11,388,249,929
821,15,117,811,981,170,8,8,730,730,0,0.0009870996289866913,0.002110350930937064,829,902,73,4,4,4,2,6,952,397,151
822,58,58,827,827,0,102,102,904,904,0,0.0016678579938050988,0.0016678579938050988,868,868,0,-1,2,2,8,3,223,103,997
823,0,0,1,1,0,0,0,1,1,0,0.0,0.0,1,1,0,-1,-1,-1,7,0,477,937,929
824,0,102,1,925,924,0,8,1,413,412,0.0,0.0004084550188910446,1,681,680,4,-1,5,5,0,629,921,217
825,0,206,1,971,970,0,16,1,530,529,0.0,0.003267640151128357,1,929,928,3,-1,4,4,1,709,568,34
826,21,637,737,999,262,14,24,638,789,151,0.0005105687736138058,0.002280540522141666,717,909,192,2,4,3,3,8,899,417,253
827,0,0,1,1,0,0,0,1,1,0,0.0,0.0,1,1,0,-1,-1,-1,6,0,451,952,604
828,0,0,1,1,0,0,0,1,1,0,0.0,0.0,1,1,0,-1,-1,-1,2,0,747,608,650
829,2,103,361,918,557,4,4,388,388,0,0.0,6.807583648184077e-05,1,446,445,5,5,5,2,2,859,662,411
830,30,646,691,994,303,56,122,544,827,283,0.0002723033459273631,0.007182000748834201,601,967,366,2,3,3,15,6,138,613,19
831,0,206,1,954,953,0,19,1,406,405,0.0,0.00013615167296368154,1,510,509,3,-1,4,9,0,381,859,634
832,0,102,1,951,950,0,3,1,369,368,0.0,0.00010211375472276115,1,486,485,4,-1,5,2,1,702,913,653
833,164,164,970,970,0,38,38,899,899,0,0.0034037918240920387,0.0034037918240920387,931,931,0,-1,3,3,3,44,732,27,349
834,20,121,680,926,246,28,28,591,591,0,0.0007488342013002485,0.0007488342013002485,776,776,0,5,4,4,6,6,522,377,320
835,0,206,1,973,972,0,12,1,583,582,0.0,0.002280540522141666,1,897,896,3,-1,4,2,0,429,976,68
836,6,108,472,943,471,18,18,658,658,0,0.00013615167296368154,0.0002382654276864427,523,605,82,4,4,4,3,1,756,681,252
837,1035,1651,1000,1000,0,160,160,991,991,0,0.020729092208720514,0.031621226045815035,994,1000,6,2,2,2,7,157,340,2,3
838,37,139,884,983,99,12,12,833,833,0,0.0018720855032506212,0.0019741992579733825,889,895,6,4,4,4,2,15,920,158,810
839,146,146,980,980,0,56,56,996,996,0,0.021648116001225366,0.021648116001225366,997,997,0,-1,2,2,2,54,782,28,517
840,38,244,720,962,242,94,94,755,755,0,0.00034037918240920387,0.000442492937131965,645,678,33,3,3,3,12,3,62,318,536
841,0,0,1,1,0,0,0,1,1,0,0.0,0.0,1,1,0,-1,-1,-1,7,0,320,846,902
842,0,1640,1,1000,999,0,46,1,979,978,0.0,0.04935498144933456,1,998,997,1,-1,2,2,0,715,984,234
843,90,296,842,965,123,174,174,814,814,0,0.0011913271384322134,0.0018040096667687805,819,876,57,3,3,3,19,12,83,67,46
844,4,105,541,976,435,3,3,438,438,0,0.00017018959120460194,0.00017018959120460194,557,557,0,6,5,5,2,3,944,307,597
845,16,222,668,978,310,8,8,485,485,0,0.0006126825283365669,0.003437829742332959,748,941,193,3,4,4,2,6,904,381,51
846,22,123,683,929,246,26,26,689,689,0,0.0005105687736138058,0.0005446066918547262,716,730,14,5,3,3,4,3,354,197,526
847,0,101,1,923,922,0,3,1,330,329,0.0,3.4037918240920386e-05,1,412,411,5,-1,6,3,0,746,875,290
848,0,102,1,886,885,0,12,1,369,368,0.0,0.00017018959120460194,1,527,526,4,-1,5,9,0,262,673,795
849,41,141,846,961,115,18,18,798,798,0,0.0014636304843595766,0.0016338200755641784,861,875,14,4,3,3,2,13,906,183,454
850,0,616,1,991,990,0,78,1,636,635,0.0,0.002484768031587188,1,906,905,2,-1,3,13,0,90,793,65
851,186,288,947,971,24,142,142,930,930,0,0.004731270635487933,0.004765308553728854,947,947,0,4,3,3,12,31,219,126,561
852,394,394,987,987,0,120,120,982,982,0,0.00966676878042139,0.00966676878042139,980,980,0,-1,2,2,6,70,441,18,728
853,22,22,639,639,0,66,66,623,623,0,0.0002382654276864427,0.0002382654276864427,585,585,0,-1,3,3,12,2,106,791,542
854,34,240,710,962,252,90,90,777,777,0,0.0010211375472276116,0.0012253650566731338,802,827,25,3,3,3,10,4,153,281,683
855,7,109,522,933,411,4,4,383,383,0,6.807583648184077e-05,0.00010211375472276115,456,503,47,4,5,5,2,5,846,350,763
856,6,6,427,427,0,18,18,453,453,0,6.807583648184077e-05,6.807583648184077e-05,444,444,0,-1,4,4,7,1,505,799,933
857,16,16,691,691,0,12,12,655,655,0,0.0007488342013002485,0.0007488342013002485,774,774,0,-1,4,4,2,6,817,234,644
858,0,102,1,884,883,0,15,1,376,375,0.0,0.0002723033459273631,1,603,602,4,-1,5,10,0,205,372,500
859,124,225,900,953,53,132,132,864,864,0,0.0016678579938050988,0.0017018959120460194,864,864,0,5,3,3,12,17,175,60,781
860,22,228,654,965,311,48,48,681,681,0,0.00030634126416828345,0.0014295925661186562,621,841,220,3,3,3,7,3,171,197,45
861,192,398,947,981,34,142,142,913,913,0,0.002927260968719153,0.0029612988869600733,919,920,1,3,3,3,12,24,375,119,278
862,0,206,1,961,960,0,22,1,493,492,0.0,0.0005446066918547262,1,711,710,3,-1,4,7,0,364,974,137
863,9,110,614,959,345,12,12,570,570,0,0.00037441710065012424,0.0004084550188910446,677,690,13,5,4,4,4,4,860,479,401
864,352,454,998,999,1,22,22,878,878,0,0.0123557643214541,0.01320671227747711,991,993,2,4,3,3,2,127,890,11,403
865,10,10,552,552,0,16,16,454,454,0,0.00010211375472276115,0.00010211375472276115,477,477,0,-1,4,4,6,3,387,248,973
866,10,10,497,497,0,44,44,508,508,0,0.00013615167296368154,0.00013615167296368154,518,518,0,-1,4,4,12,6,252,406,969
867,48,48,831,831,0,68,68,947,947,0,0.0019061234214915416,0.0019061234214915416,884,884,0,-1,2,2,4,4,445,336,675
868,0,102,1,894,893,0,8,1,354,353,0.0,0.0,1,1,0,4,-1,5,7,0,417,686,935
869,87,293,920,986,66,28,28,849,849,0,0.0020763130126961434,0.0036760951700194017,900,945,45,3,3,3,3,19,899,144,15
870,322,322,984,984,0,88,88,982,982,0,0.010926171755335444,0.010926171755335444,982,982,0,-1,2,2,4,70,617,18,664
871,21,21,712,712,0,16,16,545,545,0,0.0002723033459273631,0.0002723033459273631,618,618,0,-1,4,4,4,5,462,310,905
872,15,221,735,987,252,8,8,595,595,0,0.00017018959120460194,0.0010892133837094523,565,827,262,3,4,4,2,5,847,241,258
873,128,334,946,986,40,64,64,948,948,0,0.003778208924742163,0.004595118962524252,938,953,15,3,2,2,5,24,463,119,255
874,0,102,1,918,917,0,5,1,359,358,0.0,6.807583648184077e-05,1,452,451,4,-1,5,4,0,736,201,425
875,29,29,711,711,0,40,40,630,630,0,0.0002723033459273631,0.0002723033459273631,605,605,0,-1,3,3,7,8,265,477,517
876,0,102,1,909,908,0,9,1,386,385,0.0,0.00010211375472276115,1,476,475,4,-1,5,6,0,341,914,505
877,0,102,1,925,924,0,4,1,367,366,0.0,6.807583648184077e-05,1,453,452,4,-1,5,3,0,869,966,285
878,10,216,540,965,425,20,20,486,486,0,0.0002042275094455223,0.000442492937131965,559,690,131,3,4,4,6,3,356,704,301
879,0,101,1,927,926,0,5,1,328,327,0.0,3.4037918240920386e-05,1,404,403,5,-1,6,5,0,744,674,615
880,48,150,771,918,147,142,142,894,894,0,0.0013274788113958951,0.0013274788113958951,830,830,0,4,2,2,12,3,52,390,799
881,12,12,491,491,0,64,64,529,529,0,3.4037918240920386e-05,3.4037918240920386e-05,392,392,0,-1,4,4,16,2,195,770,922
882,41,247,818,974,156,46,50,862,867,5,0.00088498587426393,0.0042547397801150485,789,953,164,3,3,3,5,8,612,257,25
883,0,0,1,1,0,0,0,1,1,0,0.0,0.0,1,1,0,-1,-1,-1,24,0,28,993,787
884,0,206,1,964,963,0,16,1,417,416,0.0,6.807583648184077e-05,1,449,448,3,-1,4,8,0,297,820,631
885,122,328,941,987,46,34,34,798,798,0,0.0035739814152966403,0.004118588107151367,941,945,4,3,3,3,4,32,578,26,412
886,6,212,431,968,537,12,20,451,564,113,6.807583648184077e-05,0.0012253650566731338,441,836,395,3,4,4,4,2,354,560,60
887,0,101,1,955,954,0,2,1,331,330,0.0,0.0,1,1,0,7,-1,8,2,0,965,945,640
888,2,1642,350,1000,650,11,78,350,801,451,0.0,0.012559991830899623,1,981,980,1,5,2,10,1,527,924,77
889,80,286,895,979,84,28,28,769,769,0,0.0013274788113958951,0.00176997174852786,846,876,30,3,3,3,3,20,829,49,810
890,9,111,609,952,343,8,8,525,525,0,0.0002042275094455223,0.00037441710065012424,589,672,83,4,4,4,2,4,820,332,121
891,0,206,1,975,974,0,10,1,505,504,0.0,0.0009530617107457708,1,803,802,3,-1,4,3,0,564,758,195
892,0,0,1,1,0,0,0,1,1,0,0.0,0.0,1,1,0,-1,-1,-1,7,0,118,358,953
893,38,244,799,975,176,50,50,846,846,0,0.001157289220191293,0.0016678579938050988,831,867,36,3,3,3,5,8,552,186,185
894,222,323,965,980,15,104,104,912,912,0,0.004118588107151367,0.004118588107151367,947,947,0,5,3,3,9,44,190,27,225
895,0,206,1,970,969,0,20,1,526,525,0.0,0.0012253650566731338,1,838,837,3,-1,4,6,1,657,962,127
896,0,0,1,1,0,0,0,1,1,0,0.0,0.0,1,1,0,-1,-1,-1,4,0,610,890,455
897,139,241,925,966,41,106,106,946,946,0,0.003710133088260322,0.003778208924742163,939,939,0,4,2,2,7,17,340,85,401
898,35,137,785,942,157,32,32,744,744,0,0.0007147962830593281,0.0013615167296368155,762,841,79,4,3,3,5,9,456,198,139
899,5,5,416,416,0,16,16,401,401,0,6.807583648184077e-05,6.807583648184077e-05,451,451,0,-1,5,5,9,3,250,411,881
900,0,206,1,960,959,0,44,1,658,657,0.0,0.0035739814152966403,1,940,939,3,-1,4,8,0,308,515,14
901,1,207,330,975,645,3,18,330,707,377,3.4037918240920386e-05,0.004799346471969774,400,956,556,3,6,4,3,1,826,543,69
902,231,333,983,992,9,22,22,837,837,0,0.0063650907110521125,0.006909697402906838,968,970,2,4,3,3,2,81,618,32,219
903,0,0,1,1,0,0,0,1,1,0,0.0,0.0,1,1,0,-1,-1,-1,4,0,444,917,919
904,0,0,1,1,0,0,0,1,1,0,0.0,0.0,1,1,0,-1,-1,-1,4,0,858,769,906
905,0,101,1,899,898,0,5,1,329,328,0.0,0.0,1,1,0,6,-1,7,5,0,426,457,590
906,16,222,585,964,379,38,46,586,638,52,0.0002382654276864427,0.0006126825283365669,589,743,154,3,3,3,8,1,223,799,343
907,10,10,615,615,0,12,12,657,657,0,0.0005786446100956465,0.0005786446100956465,731,731,0,-1,4,4,2,3,942,390,867
908,317,523,972,988,16,296,296,938,938,0,0.003812246842983083,0.005037611899656217,936,951,15,3,2,2,22,38,33,111,53
909,0,102,1,913,912,0,9,1,385,384,0.0,6.807583648184077e-05,1,451,450,4,-1,5,6,0,522,808,677
910,34,34,799,799,0,34,34,787,787,0,0.0005105687736138058,0.0005105687736138058,704,704,0,-1,3,3,4,5,648,338,974
911,2,104,364,928,564,7,8,365,381,16,0.0,3.4037918240920386e-05,1,402,401,4,5,5,6,2,661,842,292
912,6,6,439,439,0,16,16,539,539,0,0.00013615167296368154,0.00013615167296368154,517,517,0,-1,4,4,4,2,753,544,913
913,0,0,1,1,0,0,0,1,1,0,0.0,0.0,1,1,0,-1,-1,-1,2,1,878,235,801
914,8,624,479,992,513,20,62,400,647,247,3.4037918240920386e-05,0.0042547397801150485,405,947,542,2,4,3,10,3,114,646,126
915,131,747,908,993,85,174,184,914,927,13,0.002382654276864427,0.002825147213996392,895,915,20,2,2,2,15,17,81,213,29
916,0,102,1,928,927,0,4,1,370,369,0.0,0.0002382654276864427,1,599,598,4,-1,5,3,0,861,324,459
917,0,206,1,948,947,0,30,1,418,417,0.0,0.00030634126416828345,1,629,628,3,-1,4,14,0,79,867,90
918,13,115,566,912,346,32,32,561,561,0,0.00037441710065012424,0.0004765308553728854,648,691,43,4,4,4,8,3,454,291,341
919,4,105,464,949,485,4,4,422,422,0,0.00013615167296368154,0.00017018959120460194,524,556,32,5,5,5,2,5,986,401,618
920,38,244,710,957,247,76,84,616,649,33,0.00034037918240920387,0.001055175465468532,643,810,167,3,4,4,14,10,21,262,377
921,230,436,972,989,17,84,84,965,965,0,0.008101024541339052,0.009360427516253106,972,977,5,3,2,2,5,34,412,20,58
922,2,208,369,972,603,7,22,385,593,208,0.0,0.0014295925661186562,1,855,854,3,5,4,5,2,720,615,71
923,0,101,1,925,924,0,5,1,332,331,0.0,0.0,1,1,0,6,-1,7,5,0,376,953,344
924,13,115,515,889,374,46,46,453,453,0,0.00013615167296368154,0.00017018959120460194,515,543,28,4,4,4,17,5,112,570,325
925,16,222,579,957,378,46,46,647,647,0,0.00034037918240920387,0.0006126825283365669,650,736,86,3,3,3,8,1,508,727,619
926,12,114,571,927,356,28,28,609,609,0,0.00030634126416828345,0.00037441710065012424,630,656,26,4,4,4,6,2,373,473,631
927,301,403,992,998,6,56,56,991,991,0,0.016133973246196264,0.01678069369277375,993,993,0,4,2,2,2,83,967,10,308
928,0,101,1,936,935,0,2,1,331,330,0.0,3.4037918240920386e-05,1,408,407,5,-1,6,2,0,779,546,662
929,0,102,1,954,953,0,3,1,389,388,0.0,0.0005446066918547262,1,738,737,4,-1,5,2,0,914,548,240
930,57,57,847,847,0,64,64,945,945,0,0.0024166921951053475,0.0024166921951053475,908,908,0,-1,3,3,4,6,690,73,429
931,6,212,462,974,512,10,16,469,568,99,3.4037918240920386e-05,0.0006807583648184077,404,754,350,3,4,4,4,1,673,592,159
932,0,0,1,1,0,0,0,1,1,0,0.0,0.0,1,1,0,-1,-1,-1,12,0,348,997,894
933,0,0,1,1,0,0,0,1,1,0,0.0,0.0,1,1,0,-1,-1,-1,19,0,35,973,529
934,14,220,609,969,360,26,30,630,691,61,0.0002042275094455223,0.0005105687736138058,566,719,153,3,4,4,5,6,565,683,103
935,8,214,431,932,501,102,106,496,504,8,0.00010211375472276115,0.0002723033459273631,466,594,128,3,4,4,33,2,9,566,442
936,18,18,648,648,0,44,44,828,828,0,0.001157289220191293,0.001157289220191293,829,829,0,-1,3,3,4,3,354,559,784
937,152,254,955,978,23,44,44,880,880,0,0.0033016780693692774,0.0035739814152966403,932,936,4,4,3,3,4,27,550,61,584
938,431,531,980,988,8,156,156,942,942,0,0.007352190340038803,0.007420266176520644,968,968,0,4,3,3,11,70,233,18,499
939,0,206,1,963,962,0,30,1,615,614,0.0,0.0029612988869600733,1,925,924,3,-1,4,5,0,347,898,25
940,2,208,367,969,602,5,10,384,466,82,3.4037918240920386e-05,0.0013955546478777359,402,852,450,3,5,4,3,2,703,885,91
941,6,622,390,994,604,21,45,375,492,117,0.0,0.00088498587426393,1,773,772,2,4,3,14,1,121,402,452
942,32,238,753,969,216,56,56,793,793,0,0.0005446066918547262,0.0009190237925048504,729,797,68,3,3,3,6,6,356,192,345
943,0,0,1,1,0,0,0,1,1,0,0.0,0.0,1,1,0,-1,-1,-1,2,0,950,757,729
944,0,206,1,971,970,0,12,1,484,483,0.0,0.0007147962830593281,1,762,761,3,-1,4,4,0,559,932,218
945,6,108,449,918,469,21,21,579,579,0,0.00010211375472276115,0.0002042275094455223,487,569,82,4,4,4,5,2,412,492,278
946,2,104,387,959,572,6,6,485,485,0,0.00010211375472276115,0.000442492937131965,490,700,210,4,5,5,3,2,668,652,343
947,16,16,553,553,0,58,58,657,657,0,3.4037918240920386e-05,3.4037918240920386e-05,406,406,0,-1,3,3,10,1,272,609,804
948,0,206,1,968,967,0,10,1,441,440,0.0,0.0002382654276864427,1,604,603,3,-1,4,4,1,444,583,259
949,66,272,876,980,104,52,52,964,964,0,0.0030974505599237552,0.010926171755335444,925,984,59,3,2,2,3,8,588,497,0
950,2,618,364,998,634,6,20,418,765,347,0.00010211375472276115,0.003437829742332959,480,934,454,2,5,3,3,2,748,662,286
951,0,206,1,961,960,0,13,1,399,398,0.0,3.4037918240920386e-05,1,403,402,3,-1,4,7,0,170,845,873
952,0,616,1,1000,999,0,34,1,913,912,0.0,0.007862759113652609,1,979,978,2,-1,3,3,0,798,201,203
953,2,104,387,954,567,3,4,392,454,62,6.807583648184077e-05,0.0002723033459273631,463,633,170,4,5,5,2,1,868,862,655
954,0,0,1,1,0,0,0,1,1,0,0.0,0.0,1,1,0,-1,-1,-1,4,0,777,929,774
955,0,102,1,918,917,0,9,1,405,404,0.0,0.0002042275094455223,1,562,561,4,-1,5,5,0,552,843,257
956,0,0,1,1,0,0,0,1,1,0,0.0,0.0,1,1,0,-1,-1,-1,3,0,577,834,769
957,6,108,414,908,494,15,16,424,428,4,3.4037918240920386e-05,0.00013615167296368154,394,507,113,4,4,4,7,3,324,466,430
958,31,31,737,737,0,72,72,829,829,0,0.0008169100377820892,0.0008169100377820892,786,786,0,-1,3,3,7,5,343,216,737
959,57,159,828,948,120,52,52,748,748,0,0.0017359338302869397,0.002110350930937064,858,885,27,4,3,3,7,14,156,387,288
960,0,206,1,988,987,0,7,1,592,591,0.0,0.0018040096667687805,1,887,886,3,-1,4,2,0,933,994,8
961,0,206,1,979,978,0,8,1,510,509,0.0,0.0007488342013002485,1,763,762,3,-1,4,2,0,838,826,64
962,5,211,482,978,496,4,12,411,615,204,6.807583648184077e-05,0.001940161339732462,446,888,442,3,5,4,2,3,937,534,65
963,219,219,977,977,0,72,72,982,982,0,0.007658531604207087,0.007658531604207087,970,970,0,-1,2,2,3,57,732,50,778
964,16,16,629,629,0,16,16,534,534,0,0.00017018959120460194,0.00017018959120460194,541,541,0,-1,4,4,4,9,384,341,949
965,58,264,888,985,97,46,46,974,974,0,0.004765308553728854,0.006297014874570271,952,965,13,3,2,2,2,7,919,630,158
966,64,64,937,937,0,8,8,615,615,0,0.0018720855032506212,0.0018720855032506212,889,889,0,-1,4,4,2,34,866,89,959
967,19,19,680,680,0,30,30,711,711,0,0.00034037918240920387,0.00034037918240920387,657,657,0,-1,3,3,4,4,566,287,483
968,38,140,734,910,176,54,54,581,581,0,0.0005105687736138058,0.0006807583648184077,709,754,45,4,4,4,11,9,307,245,210
969,9,9,542,542,0,18,18,516,516,0,0.0002382654276864427,0.0002382654276864427,583,583,0,-1,4,4,5,4,656,501,907
970,32,134,742,934,192,52,52,729,729,0,0.0005786446100956465,0.0007488342013002485,728,772,44,4,3,3,7,7,320,303,527
971,117,117,895,895,0,116,116,860,860,0,0.0011913271384322134,0.0011913271384322134,822,822,0,-1,3,3,11,18,360,148,445
972,22,22,673,673,0,40,40,759,759,0,0.0002382654276864427,0.0002382654276864427,606,606,0,-1,3,3,5,2,338,634,966
973,0,0,1,1,0,0,0,1,1,0,0.0,0.0,1,1,0,-1,-1,-1,7,0,340,836,723
974,70,172,868,955,87,40,40,729,729,0,0.00088498587426393,0.0009870996289866913,794,807,13,4,3,3,5,17,531,327,659
975,10,112,575,930,355,12,12,479,479,0,0.00013615167296368154,0.00017018959120460194,516,543,27,4,4,4,4,3,313,596,360
976,2,2,358,358,0,8,8,417,417,0,0.0,0.0,1,1,0,-1,5,5,4,1,566,360,900
977,2,104,376,946,570,4,4,432,432,0,0.0,3.4037918240920386e-05,1,414,413,4,5,5,2,1,957,530,300
978,0,102,1,891,890,0,8,1,351,350,0.0,0.0,1,1,0,4,-1,5,7,0,436,887,555
979,6,108,412,903,491,15,16,425,428,3,0.0,3.4037918240920386e-05,1,395,394,4,4,4,7,2,366,885,325
980,16,16,592,592,0,52,52,715,715,0,6.807583648184077e-05,6.807583648184077e-05,456,456,0,-1,3,3,7,2,714,493,673
981,0,206,1,961,960,0,20,1,482,481,0.0,0.00037441710065012424,1,666,665,3,-1,4,6,0,328,846,224
982,0,101,1,909,908,0,4,1,332,331,0.0,0.0,1,1,0,5,-1,6,4,0,717,979,509
983,27,27,749,749,0,36,36,678,678,0,0.0005105687736138058,0.0005105687736138058,710,710,0,-1,4,4,6,9,253,343,934
984,6,212,469,978,509,9,13,475,598,123,6.807583648184077e-05,0.002382654276864427,450,906,456,3,4,4,3,2,676,518,123
985,34,34,751,751,0,42,42,738,738,0,0.001157289220191293,0.001157289220191293,821,821,0,-1,3,3,6,8,446,186,880
986,0,102,1,915,914,0,8,1,412,411,0.0,0.00010211375472276115,1,484,483,4,-1,5,4,0,444,833,617
987,0,102,1,912,911,0,7,1,357,356,0.0,0.0,1,1,0,4,-1,5,6,0,446,624,555
988,192,192,957,957,0,112,112,966,966,0,0.00442492937131965,0.00442492937131965,950,950,0,-1,2,2,7,24,324,8,604
989,0,0,1,1,0,0,0,1,1,0,0.0,0.0,1,1,0,-1,-1,-1,4,0,543,963,938
990,79,181,904,970,66,28,28,812,812,0,0.002723033459273631,0.002723033459273631,918,918,0,4,3,3,3,18,857,141,508
991,12,12,523,523,0,38,38,535,535,0,0.0002042275094455223,0.0002042275094455223,573,573,0,-1,4,4,9,2,263,682,968
992,100,100,885,885,0,100,100,939,939,0,0.019776030497974745,0.020695054290479593,992,995,3,3,1,1,8,9,541,277,130
993,12,218,593,975,382,16,16,562,562,0,0.0002042275094455223,0.00088498587426393,554,799,245,3,4,4,4,2,511,628,185
994,0,102,1,897,896,0,8,1,357,356,0.0,0.0,1,1,0,4,-1,5,7,0,413,945,618
995,0,102,1,872,871,0,28,1,388,387,0.0,0.0002042275094455223,1,560,559,4,-1,5,16,0,145,965,465
996,42,248,705,952,247,108,108,663,663,0,0.00037441710065012424,0.0005786446100956465,641,706,65,3,3,3,17,8,103,286,694
997,6,212,487,980,493,9,13,516,620,104,0.0002382654276864427,0.0005446066918547262,604,731,127,3,4,4,3,2,867,785,561
998,77,77,831,831,0,156,156,823,823,0,0.0010211375472276116,0.0010211375472276116,802,802,0,-1,2,2,16,7,42,134,330
999,2,2,359,359,0,7,7,374,374,0,0.0,0.0,1,1,0,-1,5,5,5,2,284,885,753
