,FreeNet_pre_score,FreeNet_post_score,FreeNet_pre_rank,FreeNet_post_rank,FreeNet_delta_ranks,Reversed_pre_score,Reversed_post_score,Reversed_pre_rank,Reversed_post_rank,Reversed_delta_ranks,Random_pre_score,Random_post_score,Random_pre_rank,Random_post_rank,Random_delta_ranks,dist_victim_relayer,dist_victim_vilain_pre,dist_victim_vilain_post,out_deg_victim,in_deg_villain,victim,villain,relayer
0,0,206,1,977,976,0,14,1,587,586,0.0,0.004186663943633207,1,945,944,3,-1,4,3,0,770,723,31
1,20,226,675,971,296,14,14,536,536,0,0.0002723033459273631,0.00034037918240920387,607,642,35,3,4,4,3,6,645,424,107
2,0,0,1,1,0,0,0,1,1,0,0.0,0.0,1,1,0,-1,-1,-1,3,0,613,588,699
3,0,0,1,1,0,0,0,1,1,0,0.0,0.0,1,1,0,-1,-1,-1,2,0,609,644,941
4,121,121,879,879,0,202,202,825,825,0,0.0014636304843595766,0.0014636304843595766,839,839,0,-1,2,2,23,14,57,175,629
5,0,101,1,932,931,0,4,1,332,331,0.0,3.4037918240920386e-05,1,399,398,5,-1,6,4,0,603,902,606
6,0,616,1,994,993,0,27,1,460,459,0.0,0.0005786446100956465,1,706,705,2,-1,3,10,0,109,866,599
7,0,102,1,939,938,0,3,1,371,370,0.0,0.0,1,1,0,4,-1,5,2,0,734,488,416
8,0,0,1,1,0,0,0,1,1,0,0.0,0.0,1,1,0,-1,-1,-1,3,0,915,903,967
9,0,0,1,1,0,0,0,1,1,0,0.0,0.0,1,1,0,-1,-1,-1,5,0,701,926,538
10,0,0,1,1,0,0,0,1,1,0,0.0,0.0,1,1,0,-1,-1,-1,12,0,212,713,923
11,0,102,1,946,945,0,3,1,383,382,0.0,0.00010211375472276115,1,493,492,4,-1,5,2,0,469,968,167
12,0,102,1,906,905,0,8,1,367,366,0.0,0.0,1,1,0,4,-1,5,6,0,328,909,552
13,0,206,1,978,977,0,8,1,507,506,0.0,0.001157289220191293,1,837,836,3,-1,4,2,0,939,446,82
14,17,17,741,741,0,18,18,771,771,0,0.0005786446100956465,0.0005786446100956465,723,723,0,-1,3,3,3,2,786,430,917
15,134,235,902,951,49,170,170,874,874,0,0.001157289220191293,0.001157289220191293,816,816,0,7,2,2,16,20,53,189,857
16,0,616,1,988,987,0,70,1,722,721,0.0,0.005480104836788182,1,962,961,2,-1,3,9,0,269,782,70
17,6,6,388,388,0,52,52,507,507,0,0.00013615167296368154,0.00013615167296368154,511,511,0,-1,4,4,14,2,85,648,848
18,0,102,1,952,951,0,4,1,427,426,0.0,0.00088498587426393,1,798,797,4,-1,5,2,0,715,952,163
19,0,102,1,897,896,0,12,1,400,399,0.0,0.00034037918240920387,1,648,647,4,-1,5,7,0,413,919,386
20,2,104,360,916,556,8,11,374,408,34,0.0,0.0002723033459273631,1,618,617,4,5,5,6,2,664,509,447
21,0,0,1,1,0,0,0,1,1,0,0.0,0.0,1,1,0,-1,-1,-1,6,0,560,903,928
22,6,108,470,943,473,10,10,489,489,0,0.00010211375472276115,0.00037441710065012424,483,664,181,4,4,4,3,1,903,609,704
23,39,655,691,990,299,122,140,688,724,36,0.000442492937131965,0.0015317063208414173,679,855,176,2,3,3,19,5,11,591,71
24,8,109,541,940,399,8,8,469,469,0,0.00013615167296368154,0.00013615167296368154,508,508,0,5,4,4,2,5,966,231,503
25,8,624,463,991,528,51,100,434,578,144,0.00013615167296368154,0.0009190237925048504,510,793,283,2,4,3,19,2,14,566,338
26,188,394,950,980,30,132,132,957,957,0,0.003778208924742163,0.006739507811702236,938,968,30,3,2,2,8,19,197,133,57
27,0,102,1,943,942,0,4,1,426,425,0.0,0.00013615167296368154,1,530,529,4,-1,5,2,0,896,905,682
28,0,102,1,934,933,0,5,1,368,367,0.0,6.807583648184077e-05,1,451,450,4,-1,5,4,0,728,712,566
29,0,206,1,979,978,0,8,1,568,567,0.0,0.0013955546478777359,1,863,862,3,-1,4,2,0,913,643,68
30,21,123,664,925,261,32,32,534,534,0,0.00017018959120460194,0.0002042275094455223,546,580,34,4,4,4,8,5,137,528,347
31,0,0,1,1,0,0,0,1,1,0,0.0,0.0,1,1,0,-1,-1,-1,8,1,236,428,668
32,95,95,941,941,0,22,22,844,844,0,0.0026209197045508697,0.0026209197045508697,929,929,0,-1,3,3,2,26,684,127,848
33,0,0,1,1,0,0,0,1,1,0,0.0,0.0,1,1,0,-1,-1,-1,14,1,121,641,839
34,0,616,1,990,989,0,180,1,783,782,0.0,0.005922597773920147,1,955,954,2,-1,3,23,1,30,895,24
35,0,0,1,1,0,0,0,1,1,0,0.0,0.0,1,1,0,-1,-1,-1,4,0,633,794,854
36,2,2,375,375,0,3,3,376,376,0,0.0,0.0,1,1,0,-1,5,5,2,1,760,799,808
37,10,216,604,977,373,14,14,589,589,0,0.00010211375472276115,0.0033357159876101976,491,927,436,3,4,4,3,3,433,369,135
38,6,212,436,965,529,18,22,509,550,41,0.00013615167296368154,0.00034037918240920387,519,655,136,3,4,4,5,3,599,309,408
39,0,102,1,877,876,0,26,1,360,359,0.0,0.0,1,1,0,4,-1,5,21,0,12,672,829
40,6,6,398,398,0,22,22,414,414,0,0.00010211375472276115,0.00010211375472276115,486,486,0,-1,4,4,10,1,189,899,649
41,1,103,333,896,563,8,9,333,354,21,3.4037918240920386e-05,6.807583648184077e-05,400,446,46,4,6,5,8,1,415,437,842
42,0,101,1,939,938,0,3,1,332,331,0.0,0.0,1,1,0,6,-1,7,3,0,523,847,853
43,0,0,1,1,0,0,0,1,1,0,0.0,0.0,1,1,0,-1,-1,-1,2,0,898,674,864
44,2,104,357,917,560,10,10,406,406,0,0.0,0.00013615167296368154,1,520,519,4,5,5,5,1,247,506,666
45,179,795,958,999,41,60,60,896,896,0,0.0032336022328874367,0.005582218591510943,930,954,24,2,3,3,5,37,457,74,113
46,324,940,978,999,21,168,168,976,976,0,0.006705469893461316,0.013717281051090916,971,986,15,2,2,2,9,45,213,77,19
47,0,616,1,994,993,0,40,1,721,720,0.0,0.0034718676605738795,1,934,933,2,-1,3,5,0,426,919,44
48,27,128,773,952,179,14,14,581,581,0,0.0006126825283365669,0.0006126825283365669,744,744,0,8,4,4,3,8,564,284,857
49,2,2,347,347,0,18,18,352,352,0,3.4037918240920386e-05,3.4037918240920386e-05,405,405,0,-1,5,5,16,2,117,739,985
50,3,3,471,471,0,2,2,332,332,0,6.807583648184077e-05,6.807583648184077e-05,455,455,0,-1,6,6,2,3,997,580,758
51,6,108,446,922,476,12,12,471,471,0,3.4037918240920386e-05,0.00010211375472276115,398,484,86,4,4,4,4,2,762,342,566
52,4,106,483,958,475,4,4,455,455,0,6.807583648184077e-05,0.0002723033459273631,456,628,172,4,5,5,2,3,889,441,667
53,203,409,958,987,29,126,126,973,973,0,0.004288777698355968,0.005820484019197386,950,966,16,3,2,2,7,30,320,65,89
54,96,198,919,972,53,32,32,883,883,0,0.002757071377514551,0.0028932230504782326,921,925,4,4,3,3,2,25,828,47,670
55,42,248,796,973,177,38,38,799,799,0,0.0006467204465774873,0.001599782157323258,736,861,125,3,3,3,3,6,837,376,497
56,2,2,356,356,0,10,10,385,385,0,0.0,0.0,1,1,0,-1,5,5,7,2,141,885,957
57,7,7,548,548,0,10,10,525,525,0,0.00010211375472276115,0.00010211375472276115,481,481,0,-1,4,4,3,2,888,566,732
58,22,22,701,701,0,30,30,738,738,0,0.0002382654276864427,0.0002382654276864427,593,593,0,-1,3,3,4,4,280,346,699
59,9,110,550,919,369,10,10,458,458,0,0.00013615167296368154,0.0002042275094455223,520,571,51,6,4,4,3,6,490,392,692
60,0,0,1,1,0,0,0,1,1,0,0.0,0.0,1,1,0,-1,-1,-1,10,0,409,673,604
61,0,206,1,973,972,0,12,1,583,582,0.0,0.0016338200755641784,1,870,869,3,-1,4,2,0,429,930,128
62,100,100,899,899,0,100,100,979,979,0,0.04523639334218319,0.045678886279315156,1000,1000,0,4,1,1,5,127,492,11,195
63,87,87,821,821,0,204,204,827,827,0,0.001055175465468532,0.001055175465468532,799,799,0,-1,2,2,23,9,57,293,400
64,15,221,662,977,315,14,14,589,589,0,0.0006126825283365669,0.0009870996289866913,740,808,68,3,4,4,3,7,745,329,274
65,0,102,1,948,947,0,5,1,406,405,0.0,0.00017018959120460194,1,557,556,4,-1,5,3,0,854,820,667
66,0,0,1,1,0,0,0,1,1,0,0.0,0.0,1,1,0,-1,-1,-1,35,0,20,968,811
67,22,228,622,956,334,94,94,722,722,0,0.0007147962830593281,0.0017359338302869397,751,857,106,3,3,3,13,2,160,827,559
68,34,34,730,730,0,40,40,612,612,0,0.0007828721195411688,0.0007828721195411688,774,774,0,-1,3,3,7,5,447,308,971
69,6,6,415,415,0,30,30,515,515,0,3.4037918240920386e-05,3.4037918240920386e-05,397,397,0,-1,4,4,9,2,339,652,489
70,16,118,626,927,301,30,30,606,606,0,0.0002723033459273631,0.0002723033459273631,625,625,0,4,4,4,7,6,439,199,606
71,6,108,418,901,483,40,40,610,610,0,0.0002042275094455223,0.0002042275094455223,568,568,0,4,4,4,8,1,257,891,734
72,0,102,1,940,939,0,4,1,375,374,0.0,0.0002723033459273631,1,633,632,4,-1,5,3,0,800,643,504
73,6,212,401,954,553,38,50,493,573,80,0.00010211375472276115,0.001157289220191293,474,819,345,3,4,4,11,1,139,531,92
74,16,16,580,580,0,31,31,553,553,0,0.00017018959120460194,0.00017018959120460194,551,551,0,-1,3,3,7,1,179,360,936
75,0,616,1,992,991,0,84,1,683,682,0.0,0.0035739814152966403,1,931,930,2,-1,3,13,1,129,780,16
76,1,207,332,965,633,6,15,332,447,115,0.0,0.00030634126416828345,1,626,625,3,6,4,6,1,489,621,432
77,34,34,673,673,0,174,174,824,824,0,0.00034037918240920387,0.00034037918240920387,638,638,0,-1,3,3,19,5,148,589,657
78,42,248,769,962,193,96,96,826,826,0,0.0011913271384322134,0.0018380475850097008,820,880,60,3,3,3,11,6,174,658,312
79,0,102,1,914,913,0,6,1,357,356,0.0,3.4037918240920386e-05,1,407,406,4,-1,5,5,1,538,747,661
80,101,101,915,915,0,40,40,766,766,0,0.0018380475850097008,0.0018380475850097008,876,876,0,-1,3,3,5,22,565,116,836
81,0,101,1,955,954,0,3,1,326,325,0.0,0.0,1,1,0,6,-1,7,3,0,877,611,605
82,2,2,369,369,0,5,5,387,387,0,6.807583648184077e-05,6.807583648184077e-05,446,446,0,-1,5,5,3,1,923,807,205
83,0,206,1,949,948,0,33,1,436,435,0.0,0.0002042275094455223,1,558,557,3,-1,4,13,1,67,779,454
84,0,206,1,988,987,0,8,1,644,643,0.0,0.004356853534837809,1,957,956,3,-1,4,2,3,941,348,32
85,6,6,408,408,0,30,30,489,489,0,0.00017018959120460194,0.00017018959120460194,537,537,0,-1,4,4,9,1,136,720,752
86,10,10,517,517,0,30,30,449,449,0,6.807583648184077e-05,6.807583648184077e-05,445,445,0,-1,4,4,11,3,279,526,921
87,0,0,1,1,0,0,0,1,1,0,0.0,0.0,1,1,0,-1,-1,-1,2,0,934,673,766
88,0,206,1,979,978,0,8,1,519,518,0.0,0.0004765308553728854,1,716,715,3,-1,4,2,0,817,669,257
89,0,0,1,1,0,0,0,1,1,0,0.0,0.0,1,1,0,-1,-1,-1,5,0,476,929,778
90,10,10,618,618,0,18,18,730,730,0,0.0002382654276864427,0.0002382654276864427,613,613,0,-1,4,4,3,5,642,454,938
91,20,20,830,830,0,22,22,946,946,0,0.0017359338302869397,0.0017359338302869397,883,883,0,-1,3,3,2,4,956,328,349
92,0,0,1,1,0,0,0,1,1,0,0.0,0.0,1,1,0,-1,-1,-1,4,0,313,850,489
93,153,359,933,979,46,96,96,925,925,0,0.003369753905851118,0.0035739814152966403,929,934,5,3,2,2,7,22,340,203,427
94,3,105,511,980,469,3,3,466,466,0,6.807583648184077e-05,0.00013615167296368154,458,544,86,4,5,5,2,3,955,598,223
95,49,151,852,954,102,22,22,779,779,0,0.0007488342013002485,0.0009190237925048504,771,809,38,4,3,3,2,8,990,187,676
96,21,21,672,672,0,36,36,736,736,0,0.0002382654276864427,0.0002382654276864427,596,596,0,-1,3,3,5,4,692,557,546
97,60,676,819,996,177,64,74,715,748,33,0.00088498587426393,0.004152626025392287,787,948,161,2,3,3,9,12,147,99,142
98,36,36,800,800,0,60,60,898,898,0,0.0012253650566731338,0.0012253650566731338,839,839,0,-1,3,3,5,6,565,234,433
99,3,209,408,962,554,16,20,421,456,35,3.4037918240920386e-05,0.0004765308553728854,405,694,289,3,5,4,8,2,286,364,226
100,0,102,1,883,882,0,17,1,371,370,0.0,0.00010211375472276115,1,484,483,4,-1,5,12,0,252,254,891
101,16,118,591,909,318,37,38,601,606,5,0.0002723033459273631,0.000442492937131965,607,680,73,4,3,3,8,3,325,410,407
102,0,0,1,1,0,0,0,1,1,0,0.0,0.0,1,1,0,-1,-1,-1,15,1,77,456,868
103,2,104,375,941,566,4,4,376,376,0,3.4037918240920386e-05,0.00017018959120460194,402,556,154,4,5,5,3,1,800,743,229
104,0,102,1,929,928,0,7,1,426,425,0.0,0.00017018959120460194,1,556,555,4,-1,5,4,0,491,740,467
105,0,206,1,972,971,0,10,1,464,463,0.0,0.00010211375472276115,1,491,490,3,-1,4,4,0,631,228,477
106,0,206,1,935,934,0,29,1,366,365,0.0,0.0002042275094455223,1,549,548,3,-1,4,23,0,43,793,585
107,6,6,408,408,0,25,25,496,496,0,0.00017018959120460194,0.00017018959120460194,544,544,0,-1,4,4,7,1,372,537,912
108,44,44,786,786,0,62,62,775,775,0,0.0010211375472276116,0.0010211375472276116,816,816,0,-1,3,3,7,11,447,118,836
109,0,0,1,1,0,0,0,1,1,0,0.0,0.0,1,1,0,-1,-1,-1,2,0,596,436,838
110,16,118,530,895,365,51,51,533,533,0,0.00013615167296368154,0.0002042275094455223,513,561,48,4,3,3,13,1,228,762,567
111,0,206,1,956,955,0,32,1,457,456,0.0,0.00037441710065012424,1,654,653,3,-1,4,12,0,106,723,379
112,9,110,592,945,353,10,10,528,528,0,6.807583648184077e-05,0.00010211375472276115,449,490,41,5,4,4,3,4,693,442,627
113,81,287,878,977,99,56,56,847,847,0,0.001157289220191293,0.0016678579938050988,829,868,39,3,3,3,6,20,582,189,150
114,0,616,1,990,989,0,44,1,479,478,0.0,0.00088498587426393,1,781,780,2,-1,3,14,0,144,638,303
115,0,206,1,957,956,0,18,1,473,472,0.0,0.0009530617107457708,1,799,798,3,-1,4,5,0,496,897,58
116,6,212,466,975,509,14,18,564,634,70,3.4037918240920386e-05,0.0008169100377820892,406,787,381,3,4,4,3,2,627,652,92
117,0,616,1,998,997,0,32,1,688,687,0.0,0.001940161339732462,1,879,878,2,-1,3,5,0,492,897,58
118,2,104,375,944,569,6,6,444,444,0,6.807583648184077e-05,0.000442492937131965,449,692,243,4,5,5,3,1,862,958,101
119,0,0,1,1,0,0,0,1,1,0,0.0,0.0,1,1,0,-1,-1,-1,6,2,470,462,959
120,0,102,1,908,907,0,8,1,400,399,0.0,0.00017018959120460194,1,553,552,4,-1,5,4,0,509,802,645
121,0,102,1,939,938,0,3,1,374,373,0.0,0.00013615167296368154,1,533,532,4,-1,5,2,0,976,936,666
122,1,207,333,959,626,8,17,333,419,86,0.0,0.0002382654276864427,1,583,582,3,6,4,8,1,415,857,453
123,24,230,695,970,275,46,46,745,745,0,0.0009530617107457708,0.0012253650566731338,792,831,39,3,3,3,6,3,518,390,300
124,12,114,584,937,353,18,18,658,658,0,0.0006467204465774873,0.0007147962830593281,765,777,12,4,4,4,3,2,864,475,485
125,0,102,1,862,861,0,30,1,367,366,0.0,0.0002042275094455223,1,549,548,4,-1,5,23,1,57,705,762
126,0,101,1,911,910,0,5,1,329,328,0.0,0.0,1,1,0,6,-1,7,5,0,457,588,764
127,42,42,757,757,0,80,80,740,740,0,0.0007488342013002485,0.0007488342013002485,750,750,0,-1,3,3,10,10,152,195,760
128,0,0,1,1,0,0,0,1,1,0,0.0,0.0,1,1,0,-1,-1,-1,5,0,647,664,715
129,11,11,636,636,0,8,8,519,519,0,0.0004765308553728854,0.0004765308553728854,703,703,0,-1,4,4,2,6,992,613,832
130,2,103,363,927,564,5,5,365,365,0,0.0,3.4037918240920386e-05,1,400,399,5,5,5,4,2,682,692,357
131,0,102,1,904,903,0,9,1,370,369,0.0,3.4037918240920386e-05,1,404,403,4,-1,5,7,0,343,906,442
132,0,102,1,890,889,0,8,1,368,367,0.0,6.807583648184077e-05,1,447,446,4,-1,5,5,0,719,892,552
133,6,107,434,913,479,24,24,557,557,0,0.00010211375472276115,0.00010211375472276115,472,472,0,9,4,4,6,3,575,410,647
134,11,217,595,974,379,14,18,489,547,58,0.0,0.0009190237925048504,1,796,795,3,4,4,5,4,720,444,103
135,0,0,1,1,0,0,0,1,1,0,0.0,0.0,1,1,0,-1,-1,-1,2,0,876,802,968
136,0,101,1,967,966,0,2,1,332,331,0.0,0.00010211375472276115,1,490,489,5,-1,6,2,0,807,798,425
137,17,17,664,664,0,24,24,689,689,0,0.00037441710065012424,0.00037441710065012424,671,671,0,-1,4,4,4,6,631,467,974
138,18,18,671,671,0,10,10,484,484,0,0.0004084550188910446,0.0004084550188910446,672,672,0,-1,4,4,3,6,923,229,786
139,52,52,796,796,0,50,50,615,615,0,0.0006126825283365669,0.0006126825283365669,725,725,0,-1,4,4,9,13,327,217,865
140,2,104,358,895,537,14,14,404,404,0,3.4037918240920386e-05,6.807583648184077e-05,398,447,49,4,5,5,8,1,488,618,401
141,18,18,582,582,0,46,46,466,466,0,3.4037918240920386e-05,3.4037918240920386e-05,401,401,0,-1,3,3,16,3,27,290,735
142,6,107,474,932,458,8,8,497,497,0,6.807583648184077e-05,0.00017018959120460194,448,551,103,5,4,4,2,2,750,719,862
143,7,7,507,507,0,16,16,517,517,0,3.4037918240920386e-05,3.4037918240920386e-05,394,394,0,-1,4,4,4,2,354,724,839
144,48,150,797,928,131,72,72,756,756,0,0.0004084550188910446,0.0004765308553728854,664,688,24,4,3,3,10,8,241,286,711
145,157,363,957,988,31,54,54,893,893,0,0.003914360597705844,0.005173763572619898,946,966,20,3,3,3,4,31,784,102,193
146,56,56,796,796,0,90,90,733,733,0,0.0006807583648184077,0.0006807583648184077,740,740,0,-1,3,3,13,7,113,150,760
147,2,208,377,979,602,4,8,424,519,95,6.807583648184077e-05,0.001055175465468532,458,825,367,3,5,4,2,1,817,870,89
148,0,0,1,1,0,0,0,1,1,0,0.0,0.0,1,1,0,-1,-1,-1,11,0,139,894,588
149,14,116,617,937,320,22,22,573,573,0,0.00010211375472276115,0.00034037918240920387,500,647,147,4,4,4,5,4,688,501,389
150,8,109,494,908,414,19,19,445,445,0,0.00010211375472276115,0.00013615167296368154,480,511,31,5,4,4,8,5,146,231,402
151,72,174,894,972,78,32,32,909,909,0,0.002110350930937064,0.0023486163586235067,896,908,12,4,3,3,2,10,948,227,134
152,6,108,454,932,478,14,14,546,546,0,3.4037918240920386e-05,0.00013615167296368154,412,508,96,4,4,4,3,2,864,544,508
153,567,567,994,994,0,88,88,974,974,0,0.012900371013308825,0.012900371013308825,989,989,0,-1,2,2,4,96,614,1,859
154,60,266,833,970,137,94,94,862,862,0,0.0013274788113958951,0.0057524081827155455,835,962,127,3,3,3,9,5,422,273,21
155,1,1,333,333,0,4,4,333,333,0,0.0,0.0,1,1,0,-1,6,6,4,2,721,374,685
156,2,2,353,353,0,14,14,395,395,0,0.0,0.0,1,1,0,-1,5,5,8,1,334,878,665
157,55,156,814,936,122,82,82,795,795,0,0.0015317063208414173,0.0015317063208414173,846,846,0,5,2,2,10,6,409,232,878
158,139,345,930,979,49,102,102,924,924,0,0.0030293747234419145,0.0031314884781646754,925,930,5,3,2,2,8,23,380,122,689
159,366,572,980,991,11,112,112,955,955,0,0.008713707069675619,0.00980292045338507,978,981,3,3,3,3,7,62,340,70,147
160,0,0,1,1,0,0,0,1,1,0,0.0,0.0,1,1,0,-1,-1,-1,6,0,341,651,271
161,38,38,757,757,0,58,58,741,741,0,0.0007828721195411688,0.0007828721195411688,764,764,0,-1,3,3,8,5,415,221,753
162,0,102,1,875,874,0,16,1,352,351,0.0,6.807583648184077e-05,1,451,450,4,-1,5,15,0,102,673,694
163,0,102,1,883,882,0,15,1,366,365,0.0,0.00013615167296368154,1,516,515,4,-1,5,12,0,252,614,691
164,8,8,594,594,0,12,12,697,697,0,0.0002723033459273631,0.0002723033459273631,624,624,0,-1,4,4,2,4,878,551,838
165,2,2,358,358,0,12,12,437,437,0,0.0,0.0,1,1,0,-1,5,5,6,1,405,837,742
166,9,9,537,537,0,16,16,517,517,0,0.0002042275094455223,0.0002042275094455223,569,569,0,-1,4,4,4,4,858,230,962
167,0,616,1,994,993,0,70,1,769,768,0.0,0.009156200006807584,1,975,974,2,-1,3,9,1,388,828,23
168,111,111,926,926,0,38,38,827,827,0,0.002825147213996392,0.002825147213996392,920,920,0,-1,3,3,3,26,725,108,968
169,30,30,710,710,0,44,44,651,651,0,0.0002723033459273631,0.0002723033459273631,614,614,0,-1,3,3,7,5,179,252,548
170,32,232,680,955,275,106,106,746,746,0,0.0007488342013002485,0.00088498587426393,754,773,19,3,3,3,13,6,115,467,688
171,8,109,583,953,370,14,14,615,615,0,0.00017018959120460194,0.0002042275094455223,551,574,23,5,4,4,3,2,798,576,862
172,50,152,865,968,103,22,22,806,806,0,0.002212464685659825,0.002280540522141666,900,901,1,4,3,3,2,12,816,100,653
173,28,28,753,753,0,40,40,822,822,0,0.0005446066918547262,0.0005446066918547262,738,738,0,-1,3,3,4,4,542,622,903
174,65,65,820,820,0,120,120,806,806,0,0.0008509479560230097,0.0008509479560230097,767,767,0,-1,3,3,14,9,268,293,943
175,18,18,609,609,0,42,42,596,596,0,0.00017018959120460194,0.00017018959120460194,547,547,0,-1,3,3,10,2,527,251,994
176,0,102,1,894,893,0,17,1,390,389,0.0,6.807583648184077e-05,1,444,443,4,-1,5,10,0,152,973,586
177,3,3,437,437,0,7,7,413,413,0,0.0,0.0,1,1,0,-1,5,5,4,3,581,441,614
178,0,206,1,964,963,0,23,1,504,503,0.0,0.0006467204465774873,1,736,735,3,-1,4,8,0,442,702,440
179,0,206,1,962,961,0,22,1,466,465,0.0,0.00017018959120460194,1,539,538,3,-1,4,8,0,420,916,681
180,1,207,333,959,626,7,22,333,478,145,0.0,0.0007828721195411688,1,774,773,3,9,4,7,1,417,647,193
181,116,322,902,975,73,140,140,930,930,0,0.001497668402600497,0.0015317063208414173,856,857,1,3,3,3,10,12,189,179,222
182,258,360,979,988,9,48,48,927,927,0,0.006909697402906838,0.007011811157629599,967,968,1,4,3,3,3,55,923,21,566
183,0,102,1,926,925,0,5,1,372,371,0.0,3.4037918240920386e-05,1,411,410,4,-1,5,4,0,619,774,463
184,46,147,697,900,203,190,190,663,663,0,0.0005786446100956465,0.0005786446100956465,705,705,0,5,3,3,35,7,20,115,734
185,0,101,1,967,966,0,2,1,328,327,0.0,0.00037441710065012424,1,684,683,5,-1,6,2,0,933,515,389
186,8,109,586,956,370,12,12,681,681,0,0.0002042275094455223,0.0002723033459273631,573,620,47,5,4,4,2,2,830,827,199
187,0,0,1,1,0,0,0,1,1,0,0.0,0.0,1,1,0,-1,-1,-1,9,0,140,483,943
188,0,206,1,967,966,0,26,1,618,617,0.0,0.001055175465468532,1,811,810,3,-1,4,5,0,464,600,53
189,0,0,1,1,0,0,0,1,1,0,0.0,0.0,1,1,0,-1,-1,-1,5,0,612,784,852
190,8,8,508,508,0,32,32,624,624,0,0.00030634126416828345,0.00030634126416828345,635,635,0,-1,4,4,6,2,341,101,907
191,70,276,811,967,156,212,212,917,917,0,0.0019741992579733825,0.0020763130126961434,882,890,8,3,3,3,17,8,73,174,212
192,8,214,509,963,454,29,34,553,585,32,0.00013615167296368154,0.0011913271384322134,517,834,317,3,4,4,7,2,329,791,100
193,6,107,444,920,476,16,16,464,464,0,0.00010211375472276115,0.00010211375472276115,484,484,0,7,4,4,7,1,439,552,703
194,8,8,519,519,0,28,28,531,531,0,0.00034037918240920387,0.00034037918240920387,634,634,0,-1,4,4,8,3,449,496,900
195,0,206,1,956,955,0,22,1,422,421,0.0,0.0006467204465774873,1,735,734,3,-1,4,9,1,287,949,186
196,22,228,703,977,274,24,24,651,651,0,0.00037441710065012424,0.0006467204465774873,672,738,66,3,3,3,5,4,421,239,90
197,41,143,841,963,122,18,18,708,708,0,0.0009870996289866913,0.0011232513019503727,818,838,20,4,4,4,3,17,826,131,770
198,61,267,847,977,130,44,44,831,831,0,0.001055175465468532,0.0013274788113958951,804,833,29,3,3,3,4,10,887,405,727
199,49,49,832,832,0,34,34,778,778,0,0.0005786446100956465,0.0005786446100956465,743,743,0,-1,3,3,4,8,547,187,821
200,0,0,1,1,0,0,0,1,1,0,0.0,0.0,1,1,0,-1,-1,-1,13,0,41,715,633
201,57,57,859,859,0,40,40,880,880,0,0.002484768031587188,0.002484768031587188,915,915,0,-1,3,3,4,6,777,73,852
202,0,0,1,1,0,0,0,1,1,0,0.0,0.0,1,1,0,-1,-1,-1,4,0,354,815,939
203,0,616,1,992,991,0,49,1,532,531,0.0,0.0010211375472276116,1,795,794,2,-1,3,12,0,52,956,412
204,1,1,332,332,0,4,4,332,332,0,0.0,0.0,1,1,0,-1,7,7,4,2,649,448,933
205,0,206,1,973,972,0,9,1,492,491,0.0,0.00034037918240920387,1,659,658,3,-1,4,3,0,639,372,379
206,0,206,1,951,950,0,32,1,437,436,0.0,0.0002723033459273631,1,603,602,3,-1,4,13,0,90,965,389
207,0,101,1,920,919,0,4,1,331,330,0.0,0.0,1,1,0,5,-1,6,4,0,885,668,687
208,56,56,857,857,0,34,34,794,794,0,0.0015317063208414173,0.0015317063208414173,862,862,0,-1,3,3,4,15,631,62,651
209,0,0,1,1,0,0,0,1,1,0,0.0,0.0,1,1,0,-1,-1,-1,2,1,896,583,988
210,2,2,373,373,0,5,5,403,403,0,0.0,0.0,1,1,0,-1,5,5,3,3,716,321,685
211,0,206,1,982,981,0,7,1,495,494,0.0,0.00037441710065012424,1,684,683,3,-1,4,2,0,938,843,474
212,4,4,409,409,0,14,14,405,405,0,0.00013615167296368154,0.00013615167296368154,513,513,0,-1,5,5,8,2,371,602,855
213,8,624,514,996,482,18,40,509,767,258,0.0002723033459273631,0.008203138296061813,611,979,368,2,4,3,5,2,599,22,0
214,6,108,477,937,460,12,12,507,507,0,0.00010211375472276115,0.00013615167296368154,483,527,44,4,4,4,4,3,721,260,545
215,6,6,392,392,0,46,46,522,522,0,0.00013615167296368154,0.00013615167296368154,516,516,0,-1,4,4,11,3,227,410,871
216,6,6,403,403,0,16,16,465,465,0,0.00010211375472276115,0.00010211375472276115,485,485,0,-1,4,4,4,1,503,659,948
217,62,164,809,929,120,164,164,907,907,0,0.0012594029749140542,0.0014295925661186562,831,844,13,4,3,3,14,7,47,630,317
218,6,622,431,997,566,12,44,451,827,376,3.4037918240920386e-05,0.004833384390210695,394,955,561,2,4,3,4,1,354,152,75
219,3,209,405,966,561,7,20,382,529,147,3.4037918240920386e-05,0.0005786446100956465,392,731,339,3,5,4,4,3,493,563,306
220,16,118,630,931,301,48,48,900,900,0,0.0002382654276864427,0.0002723033459273631,604,623,19,4,3,3,3,1,808,168,785
221,32,32,823,823,0,34,34,925,925,0,0.0016678579938050988,0.0016678579938050988,876,876,0,-1,3,3,3,2,584,700,846
222,28,644,752,998,246,34,34,784,784,0,0.0007828721195411688,0.009496579189216788,765,979,214,2,3,3,4,3,659,382,0
223,7,7,619,619,0,4,4,498,498,0,0.0004084550188910446,0.0004084550188910446,700,700,0,-1,5,5,2,5,813,591,925
224,0,206,1,964,963,0,20,1,513,512,0.0,0.0004765308553728854,1,699,698,3,-1,4,6,0,606,698,482
225,0,206,1,952,951,0,28,1,449,448,0.0,0.00010211375472276115,1,473,472,3,-1,4,11,1,230,792,667
226,0,0,1,1,0,0,0,1,1,0,0.0,0.0,1,1,0,-1,-1,-1,14,0,268,952,445
227,0,0,1,1,0,0,0,1,1,0,0.0,0.0,1,1,0,-1,-1,-1,7,0,179,766,963
228,0,206,1,959,958,0,20,1,421,420,0.0,0.00034037918240920387,1,647,646,3,-1,4,9,0,422,608,617
229,10,10,646,646,0,10,10,579,579,0,0.00037441710065012424,0.00037441710065012424,661,661,0,-1,4,4,3,4,786,233,920
230,40,40,810,810,0,34,34,742,742,0,0.001055175465468532,0.001055175465468532,822,822,0,-1,3,3,4,8,460,345,772
231,22,638,652,996,344,36,82,603,863,260,0.000442492937131965,0.008305252050784574,679,974,295,2,3,3,7,5,366,231,30
232,0,206,1,939,938,0,66,1,491,490,0.0,0.00037441710065012424,1,652,651,3,-1,4,19,0,11,933,440
233,18,18,643,643,0,50,50,807,807,0,0.0009530617107457708,0.0009530617107457708,795,795,0,-1,3,3,5,4,377,440,930
234,22,228,618,955,337,68,76,574,610,36,0.00017018959120460194,0.0024166921951053475,531,902,371,3,4,4,14,6,154,486,108
235,158,774,923,994,71,218,218,954,954,0,0.0031314884781646754,0.009564655025698629,928,974,46,2,2,2,14,17,198,85,24
236,1,207,333,964,631,8,20,333,470,137,0.0,0.000442492937131965,1,691,690,3,6,4,8,2,309,663,4
237,28,130,763,945,182,18,18,637,637,0,0.0011232513019503727,0.001157289220191293,825,829,4,4,4,4,3,9,577,415,646
238,46,148,782,928,146,58,58,682,682,0,0.0002382654276864427,0.0007147962830593281,591,756,165,4,3,3,8,9,434,391,289
239,0,0,1,1,0,0,0,1,1,0,0.0,0.0,1,1,0,-1,-1,-1,2,0,951,790,977
240,0,206,1,976,975,0,12,1,609,608,0.0,0.0009530617107457708,1,813,812,3,-1,4,2,1,948,920,497
241,2,2,348,348,0,18,18,363,363,0,0.0,0.0,1,1,0,-1,5,5,14,1,108,734,685
242,29,235,711,966,255,64,64,770,770,0,0.00037441710065012424,0.0006807583648184077,664,754,90,3,3,3,8,10,282,266,637
243,40,40,799,799,0,32,32,715,715,0,0.0006467204465774873,0.0006467204465774873,749,749,0,-1,3,3,5,7,538,422,587
244,0,0,1,1,0,0,0,1,1,0,0.0,0.0,1,1,0,-1,-1,-1,6,0,432,565,961
245,0,102,1,885,884,0,14,1,381,380,0.0,0.0002382654276864427,1,581,580,4,-1,5,9,0,414,604,409
246,96,198,836,934,98,212,212,890,890,0,0.0012594029749140542,0.0013274788113958951,832,837,5,4,2,2,19,5,11,221,313
247,0,0,1,1,0,0,0,1,1,0,0.0,0.0,1,1,0,-1,-1,-1,3,0,579,816,934
248,8,214,487,958,471,22,30,439,500,61,0.00010211375472276115,0.0002723033459273631,485,604,119,3,4,4,9,2,245,566,501
249,0,0,1,1,0,0,0,1,1,0,0.0,0.0,1,1,0,-1,-1,-1,3,0,901,823,923
250,29,131,794,956,162,22,22,798,798,0,0.0005786446100956465,0.0007147962830593281,738,769,31,4,3,3,2,7,881,329,486
251,50,152,778,924,146,84,84,737,737,0,0.0008169100377820892,0.0009190237925048504,763,779,16,4,3,3,11,9,279,240,202
252,515,617,984,990,6,264,264,976,976,0,0.007250076585316042,0.007250076585316042,965,965,0,4,2,2,16,61,134,14,885
253,6,107,473,936,463,20,20,632,632,0,0.0002042275094455223,0.00030634126416828345,578,634,56,5,4,4,4,1,581,556,196
254,68,68,863,863,0,64,64,896,896,0,0.0020422750944552232,0.0020422750944552232,885,885,0,-1,2,2,5,6,382,377,235
255,24,230,658,963,305,60,60,716,716,0,0.0004765308553728854,0.002280540522141666,691,895,204,3,3,3,9,4,414,407,122
256,38,140,836,962,126,12,12,649,649,0,0.0007488342013002485,0.00088498587426393,763,790,27,4,4,4,2,14,838,387,785
257,78,78,819,819,0,224,224,889,889,0,0.0019741992579733825,0.0019741992579733825,885,885,0,-1,2,2,20,8,61,352,804
258,0,0,1,1,0,0,0,1,1,0,0.0,0.0,1,1,0,-1,-1,-1,3,0,953,751,488
259,6,212,420,965,545,36,40,574,610,36,0.0002723033459273631,0.0007147962830593281,626,751,125,3,4,4,8,1,137,810,333
260,0,0,1,1,0,0,0,1,1,0,0.0,0.0,1,1,0,-1,-1,-1,6,0,549,824,669
261,2,2,350,350,0,11,11,350,350,0,0.0,0.0,1,1,0,-1,5,5,10,1,527,763,228
262,13,13,594,594,0,12,12,453,453,0,0.00017018959120460194,0.00017018959120460194,543,543,0,-1,4,4,4,5,759,274,971
263,3,619,429,999,570,4,22,397,792,395,6.807583648184077e-05,0.010790020082371761,446,985,539,2,5,3,2,5,954,476,10
264,3,105,411,919,508,9,9,406,406,0,0.0,6.807583648184077e-05,1,451,450,4,5,5,5,2,766,364,481
265,147,353,935,983,48,82,82,880,880,0,0.002552843868069029,0.0026549576227917903,912,915,3,3,3,3,7,24,637,129,493
266,28,129,734,940,206,30,30,686,686,0,0.0007147962830593281,0.0007828721195411688,756,769,13,5,4,4,5,6,691,658,496
267,0,0,1,1,0,0,0,1,1,0,0.0,0.0,1,1,0,-1,-1,-1,33,1,9,583,830
268,0,0,1,1,0,0,0,1,1,0,0.0,0.0,1,1,0,-1,-1,-1,4,0,424,502,786
269,0,102,1,889,888,0,12,1,366,365,0.0,0.0,1,1,0,4,-1,5,9,0,166,916,531
270,2,208,360,971,611,7,22,383,604,221,0.0,0.0010892133837094523,1,819,818,3,5,4,5,1,908,788,146
271,1,207,331,988,657,2,8,331,644,313,6.807583648184077e-05,0.004118588107151367,466,956,490,3,6,4,2,1,941,687,21
272,0,0,1,1,0,0,0,1,1,0,0.0,0.0,1,1,0,-1,-1,-1,8,0,454,517,977
273,24,126,639,906,267,140,140,773,773,0,0.0002723033459273631,0.00030634126416828345,606,623,17,4,3,3,18,5,34,619,543
274,62,163,817,929,112,100,100,832,832,0,0.002382654276864427,0.0024507301133462676,902,905,3,5,2,2,10,5,205,688,603
275,0,0,1,1,0,0,0,1,1,0,0.0,0.0,1,1,0,-1,-1,-1,2,0,702,907,988
276,6,108,427,904,477,18,18,466,466,0,0.00010211375472276115,0.00013615167296368154,476,505,29,4,4,4,7,4,413,512,749
277,8,214,581,984,403,8,8,555,555,0,0.0002382654276864427,0.0016678579938050988,616,881,265,3,4,4,2,3,806,505,15
278,0,101,1,888,887,0,10,1,332,331,0.0,3.4037918240920386e-05,1,406,405,5,-1,6,10,1,149,806,492
279,6,107,422,915,493,38,38,637,637,0,0.0006467204465774873,0.0007147962830593281,750,763,13,5,4,4,7,1,361,420,771
280,0,102,1,913,912,0,7,1,371,370,0.0,0.0,1,1,0,4,-1,5,5,0,476,808,572
281,2,2,361,361,0,10,10,394,394,0,3.4037918240920386e-05,3.4037918240920386e-05,399,399,0,-1,5,5,6,1,522,421,574
282,113,113,880,880,0,126,126,781,781,0,0.0014295925661186562,0.0014295925661186562,848,848,0,-1,3,3,15,15,37,219,872
283,108,1748,880,1000,120,206,254,860,926,66,0.0019061234214915416,0.009156200006807584,874,974,100,1,2,2,21,6,25,232,66
284,32,32,781,781,0,30,30,690,690,0,0.0007488342013002485,0.0007488342013002485,762,762,0,-1,4,4,5,7,452,396,650
285,2,103,377,938,561,3,3,379,379,0,0.0,0.0,1,1,0,6,5,5,2,1,948,736,721
286,12,12,632,632,0,12,12,640,640,0,0.00010211375472276115,0.00010211375472276115,493,493,0,-1,4,4,2,4,816,86,462
287,100,306,914,981,67,34,34,746,746,0,0.0016678579938050988,0.002110350930937064,871,895,24,3,3,3,4,24,758,129,869
288,133,339,930,980,50,60,60,849,849,0,0.0026209197045508697,0.007828721195411689,916,974,58,3,3,3,5,21,818,157,32
289,6,6,538,538,0,14,14,691,691,0,0.000442492937131965,0.000442492937131965,711,711,0,-1,4,4,3,1,853,480,952
290,15,117,586,909,323,30,30,539,539,0,0.00013615167296368154,0.0002382654276864427,522,604,82,4,4,4,7,6,714,459,369
291,6,107,427,907,480,12,12,436,436,0,6.807583648184077e-05,0.00017018959120460194,443,537,94,5,4,4,4,1,385,537,646
292,21,123,665,925,260,40,40,657,657,0,0.00030634126416828345,0.0005446066918547262,628,714,86,4,3,3,7,5,196,454,22
293,24,126,710,930,220,38,38,687,687,0,0.0004765308553728854,0.0006467204465774873,709,755,46,4,3,3,6,4,526,637,314
294,121,121,930,930,0,78,78,967,967,0,0.004629156880765172,0.004629156880765172,957,957,0,-1,2,2,4,19,572,144,994
295,3,209,429,972,543,6,10,398,459,61,3.4037918240920386e-05,0.0007488342013002485,401,769,368,3,5,4,3,3,834,373,113
296,175,175,960,960,0,76,76,905,905,0,0.004050512270669526,0.004050512270669526,949,949,0,-1,3,3,6,29,267,17,940
297,0,102,1,939,938,0,4,1,413,412,0.0,0.0005446066918547262,1,725,724,4,-1,5,2,1,881,583,412
298,0,0,1,1,0,0,0,1,1,0,0.0,0.0,1,1,0,-1,-1,-1,8,0,434,892,994
299,0,206,1,967,966,0,14,1,445,444,0.0,0.00010211375472276115,1,471,470,3,-1,4,6,0,575,538,300
300,130,130,921,921,0,72,72,806,806,0,0.002552843868069029,0.002552843868069029,918,918,0,-1,3,3,7,25,193,47,845
301,23,23,650,650,0,44,44,547,547,0,0.0002042275094455223,0.0002042275094455223,567,567,0,-1,3,3,10,3,152,526,517
302,1,102,333,909,576,6,6,333,333,0,0.0,0.0,1,1,0,6,6,6,6,1,341,640,671
303,49,150,842,952,110,18,18,615,615,0,0.0009530617107457708,0.0009870996289866913,800,803,3,5,4,4,3,15,592,92,627
304,0,0,1,1,0,0,0,1,1,0,0.0,0.0,1,1,0,-1,-1,-1,5,0,347,875,975
305,2,618,375,1000,625,3,18,377,814,437,0.0,0.008407365805507334,1,977,976,2,5,3,2,2,942,842,28
306,34,240,773,972,199,34,34,744,744,0,0.0009530617107457708,0.0012934408931549745,804,833,29,3,3,3,4,9,832,415,136
307,30,132,704,916,212,48,48,670,670,0,0.00013615167296368154,0.00017018959120460194,519,537,18,4,3,3,7,4,246,86,347
308,9,9,543,543,0,14,14,475,475,0,0.00010211375472276115,0.00010211375472276115,479,479,0,-1,4,4,5,3,386,93,583
309,0,206,1,959,958,0,16,1,399,398,0.0,0.0002382654276864427,1,585,584,3,-1,4,8,0,197,733,124
310,118,220,944,976,32,68,68,966,966,0,0.0053099152455835805,0.005480104836788182,962,963,1,4,2,2,4,17,660,180,645
311,6,108,440,926,486,18,18,502,502,0,3.4037918240920386e-05,0.00037441710065012424,406,665,259,4,4,4,5,1,294,718,316
312,30,30,667,667,0,76,76,681,681,0,0.0006126825283365669,0.0006126825283365669,732,732,0,-1,3,3,11,6,66,381,854
313,0,206,1,975,974,0,12,1,585,584,0.0,0.0017018959120460194,1,871,870,3,-1,4,2,0,763,927,158
314,1,207,331,976,645,2,8,331,517,186,0.0,0.0020763130126961434,1,898,897,3,7,4,2,2,988,357,74
315,0,0,1,1,0,0,0,1,1,0,0.0,0.0,1,1,0,-1,-1,-1,7,0,482,624,725
316,89,191,904,969,65,74,74,973,973,0,0.0026209197045508697,0.0026549576227917903,915,917,2,4,2,2,4,12,397,99,597
317,64,64,777,777,0,158,158,770,770,0,0.0007147962830593281,0.0007147962830593281,746,746,0,-1,2,2,19,4,11,86,927
318,0,0,1,1,0,0,0,1,1,0,0.0,0.0,1,1,0,-1,-1,-1,8,0,380,875,998
319,16,16,486,486,0,128,128,638,638,0,0.0002723033459273631,0.0002723033459273631,603,603,0,-1,3,3,22,1,18,561,828
320,23,125,759,957,198,20,20,788,788,0,0.00037441710065012424,0.0006807583648184077,673,763,90,4,3,3,3,3,871,653,500
321,0,206,1,978,977,0,14,1,593,592,0.0,0.0051397256543789785,1,957,956,3,-1,4,3,1,590,949,30
322,0,0,1,1,0,0,0,1,1,0,0.0,0.0,1,1,0,-1,-1,-1,13,0,185,927,913
323,12,113,635,948,313,8,8,514,514,0,0.0002042275094455223,0.0002042275094455223,585,585,0,5,4,4,2,5,976,124,606
324,8,110,600,963,363,8,8,572,572,0,0.0002042275094455223,0.0005105687736138058,583,723,140,4,4,4,2,5,799,231,521
325,8,110,519,922,403,22,22,564,564,0,0.00010211375472276115,0.00010211375472276115,489,489,0,4,4,4,5,4,766,149,879
326,22,22,623,623,0,66,66,618,618,0,0.00030634126416828345,0.00030634126416828345,623,623,0,-1,3,3,12,2,143,425,823
327,19,121,665,937,272,30,30,686,686,0,0.0004084550188910446,0.0009190237925048504,666,793,127,4,4,4,5,9,691,341,422
328,0,102,1,887,886,0,12,1,350,349,0.0,6.807583648184077e-05,1,430,429,4,-1,5,11,0,248,732,531
329,0,0,1,1,0,0,0,1,1,0,0.0,0.0,1,1,0,-1,-1,-1,3,0,930,723,908
330,0,102,1,893,892,0,11,1,364,363,0.0,3.4037918240920386e-05,1,406,405,4,-1,5,9,0,319,723,540
331,2,208,361,967,606,9,18,374,485,111,6.807583648184077e-05,0.001055175465468532,451,815,364,3,5,4,7,2,439,692,264
332,0,0,1,1,0,0,0,1,1,0,0.0,0.0,1,1,0,-1,-1,-1,8,1,302,660,235
333,0,0,1,1,0,0,0,1,1,0,0.0,0.0,1,1,0,-1,-1,-1,4,0,300,638,802
334,0,102,1,931,930,0,4,1,395,394,0.0,0.0002382654276864427,1,583,582,4,-1,5,2,0,966,813,616
335,100,100,889,889,0,100,100,903,903,0,0.016916845365737433,0.016916845365737433,990,990,0,-1,1,1,9,1,395,639,758
336,0,0,1,1,0,0,0,1,1,0,0.0,0.0,1,1,0,-1,-1,-1,14,0,21,997,489
337,357,459,984,992,8,140,140,996,996,0,0.009939072126348753,0.010517716736444398,979,980,1,4,2,2,7,49,697,16,296
338,25,25,770,770,0,38,38,888,888,0,0.0009530617107457708,0.0009530617107457708,809,809,0,-1,3,3,3,6,699,490,769
339,364,570,980,993,13,86,86,923,923,0,0.008135062459579971,0.008407365805507334,974,975,1,3,3,3,6,59,473,6,336
340,0,206,1,946,945,0,40,1,496,495,0.0,0.0008509479560230097,1,767,766,3,-1,4,12,0,44,546,471
341,0,206,1,963,962,0,26,1,496,495,0.0,0.0009870996289866913,1,797,796,3,-1,4,9,0,190,669,131
342,32,648,641,989,348,118,128,589,616,27,0.0002042275094455223,0.0005786446100956465,558,704,146,2,4,3,25,9,17,191,362
343,6,212,437,971,534,16,20,508,562,54,6.807583648184077e-05,0.00037441710065012424,450,670,220,3,4,4,4,1,759,334,246
344,217,423,949,981,32,220,220,949,949,0,0.003812246842983083,0.003982436434187685,934,936,2,3,2,2,16,27,72,69,286
345,0,0,1,1,0,0,0,1,1,0,0.0,0.0,1,1,0,-1,-1,-1,17,2,73,271,996
346,2,104,362,941,579,3,4,365,426,61,0.0,0.00017018959120460194,1,558,557,4,5,5,2,1,705,781,46
347,0,0,1,1,0,0,0,1,1,0,0.0,0.0,1,1,0,-1,-1,-1,9,0,278,934,836
348,136,238,955,981,26,62,62,978,978,0,0.009326389598012186,0.009360427516253106,983,983,0,4,2,2,3,20,716,94,661
349,2,618,358,996,638,7,42,358,704,346,3.4037918240920386e-05,0.0025188059498281084,405,910,505,2,5,3,6,1,526,893,141
350,0,0,1,1,0,0,0,1,1,0,0.0,0.0,1,1,0,-1,-1,-1,8,0,468,987,866
351,0,0,1,1,0,0,0,1,1,0,0.0,0.0,1,1,0,-1,-1,-1,7,0,214,701,973
352,102,204,917,970,53,54,54,919,919,0,0.002723033459273631,0.002757071377514551,913,915,2,4,3,3,4,19,401,91,176
353,12,12,503,503,0,56,56,568,568,0,6.807583648184077e-05,6.807583648184077e-05,447,447,0,-1,4,4,12,3,348,300,808
354,103,103,933,933,0,44,44,874,874,0,0.0016678579938050988,0.0016678579938050988,865,865,0,-1,3,3,4,24,945,129,472
355,0,0,1,1,0,0,0,1,1,0,0.0,0.0,1,1,0,-1,-1,-1,8,0,309,930,997
356,0,102,1,907,906,0,11,1,380,379,0.0,0.00010211375472276115,1,471,470,4,-1,5,8,1,442,738,508
357,100,100,912,912,0,100,100,996,996,0,0.052758773273426596,0.05286088702814936,999,999,0,4,1,1,3,27,989,69,395
358,2,103,376,946,570,4,4,432,432,0,3.4037918240920386e-05,0.00017018959120460194,415,568,153,5,5,5,2,2,957,325,319
359,128,334,946,984,38,54,54,873,873,0,0.002757071377514551,0.0032336022328874367,917,926,9,3,3,3,4,19,558,133,136
360,0,101,1,938,937,0,3,1,332,331,0.0,0.00017018959120460194,1,549,548,5,-1,6,3,0,708,980,869
361,18,224,600,960,360,28,32,454,475,21,0.00013615167296368154,0.0002042275094455223,507,565,58,3,4,4,10,4,125,567,555
362,28,228,794,979,185,22,22,800,800,0,0.0011232513019503727,0.011266550937744648,844,989,145,3,3,3,2,3,976,642,3
363,51,153,798,932,134,66,66,749,749,0,0.0008169100377820892,0.00088498587426393,769,782,13,4,3,3,9,10,414,296,364
364,6,6,479,479,0,14,14,623,623,0,6.807583648184077e-05,6.807583648184077e-05,446,446,0,-1,4,4,3,1,888,904,913
365,69,171,889,966,77,32,32,900,900,0,0.0016338200755641784,0.0018720855032506212,870,880,10,4,3,3,2,15,589,206,521
366,0,102,1,916,915,0,7,1,397,396,0.0,0.00010211375472276115,1,495,494,4,-1,5,4,0,921,726,465
367,25,25,755,755,0,12,12,582,582,0,0.0004765308553728854,0.0004765308553728854,707,707,0,-1,4,4,2,9,643,240,766
368,24,640,629,993,364,106,116,722,757,35,0.00030634126416828345,0.0004765308553728854,621,686,65,2,3,3,16,4,145,501,321
369,6,212,526,981,455,6,14,457,643,186,0.0005105687736138058,0.0018720855032506212,714,886,172,3,5,4,3,4,922,637,255
370,2,104,374,940,566,3,4,375,404,29,3.4037918240920386e-05,6.807583648184077e-05,401,446,45,4,5,5,2,2,976,495,222
371,0,102,1,912,911,0,11,1,406,405,0.0,0.00013615167296368154,1,519,518,4,-1,5,6,0,465,649,379
372,90,90,925,925,0,22,22,826,826,0,0.0024507301133462676,0.0024507301133462676,900,900,0,-1,3,3,2,20,820,43,932
373,1,103,332,930,598,2,4,332,397,65,0.0,0.00013615167296368154,1,523,522,4,7,5,2,1,925,972,270
374,193,193,964,964,0,82,82,919,919,0,0.0033016780693692774,0.0033016780693692774,929,929,0,-1,3,3,7,44,439,27,942
375,14,220,571,968,397,30,34,569,607,38,0.0004084550188910446,0.0005786446100956465,669,719,50,3,4,4,7,5,359,362,231
376,20,636,621,994,373,48,76,539,668,129,0.00010211375472276115,0.0034037918240920387,473,930,457,2,4,3,12,4,58,504,135
377,0,101,1,921,920,0,3,1,331,330,0.0,0.0,1,1,0,5,-1,6,3,1,900,874,878
378,18,120,603,901,298,58,58,695,695,0,0.0005446066918547262,0.0005446066918547262,713,713,0,4,3,3,8,3,411,525,373
379,0,101,1,905,904,0,7,1,331,330,0.0,0.00010211375472276115,1,501,500,5,-1,6,7,0,510,668,680
380,0,206,1,946,945,0,41,1,490,489,0.0,0.00037441710065012424,1,647,646,3,-1,4,13,0,91,966,407
381,39,141,772,929,157,72,72,829,829,0,0.0009530617107457708,0.0009530617107457708,804,804,0,4,3,3,7,4,417,125,373
382,22,22,709,709,0,24,24,636,636,0,0.0004765308553728854,0.0004765308553728854,721,721,0,-1,4,4,4,5,542,636,571
383,0,0,1,1,0,0,0,1,1,0,0.0,0.0,1,1,0,-1,-1,-1,4,0,444,939,650
384,62,164,857,953,96,44,44,824,824,0,0.0018040096667687805,0.0018040096667687805,870,870,0,4,3,3,4,13,762,42,361
385,0,0,1,1,0,0,0,1,1,0,0.0,0.0,1,1,0,-1,-1,-1,6,0,764,542,818
386,0,206,1,976,975,0,9,1,479,478,0.0,0.0002382654276864427,1,599,598,3,-1,4,3,0,712,754,168
387,6,107,636,979,343,4,4,546,546,0,6.807583648184077e-05,0.0005105687736138058,463,735,272,5,5,5,2,4,952,259,414
388,41,247,801,971,170,46,46,739,739,0,0.00037441710065012424,0.00088498587426393,668,791,123,3,3,3,6,7,281,329,328
389,16,16,626,626,0,32,32,708,708,0,0.0002382654276864427,0.0002382654276864427,584,584,0,-1,3,3,5,3,502,309,905
390,0,0,1,1,0,0,0,1,1,0,0.0,0.0,1,1,0,-1,-1,-1,11,1,150,806,568
391,20,226,776,985,209,8,12,562,706,144,0.00037441710065012424,0.001599782157323258,688,871,183,3,4,4,2,11,994,316,393
392,12,12,588,588,0,26,26,641,641,0,0.0006807583648184077,0.0006807583648184077,757,757,0,-1,4,4,5,2,538,473,849
393,6,6,460,460,0,8,8,469,469,0,0.00013615167296368154,0.00013615167296368154,508,508,0,-1,4,4,2,1,966,474,611
394,0,102,1,890,889,0,16,1,380,379,0.0,0.00013615167296368154,1,514,513,4,-1,5,10,0,355,737,519
395,0,206,1,964,963,0,10,1,432,431,0.0,0.0005446066918547262,1,719,718,3,-1,4,3,0,731,974,386
396,0,206,1,959,958,0,24,1,494,493,0.0,0.0005786446100956465,1,726,725,3,-1,4,8,0,595,565,219
397,6,6,454,454,0,14,14,546,546,0,0.0002382654276864427,0.0002382654276864427,586,586,0,-1,4,4,3,1,864,370,571
398,26,26,743,743,0,44,44,832,832,0,0.0009190237925048504,0.0009190237925048504,799,799,0,-1,3,3,4,4,758,312,835
399,65,167,912,973,61,12,12,658,658,0,0.0010892133837094523,0.0014636304843595766,831,868,37,4,4,4,2,17,897,79,480
400,35,137,808,948,140,18,18,617,617,0,0.00088498587426393,0.0012594029749140542,799,839,40,4,4,4,3,8,621,352,616
401,0,102,1,885,884,0,17,1,386,385,0.0,0.00013615167296368154,1,497,496,4,-1,5,10,0,272,998,236
402,42,248,819,978,159,54,54,884,884,0,0.0016678579938050988,0.004288777698355968,869,949,80,3,3,3,4,5,542,393,17
403,27,27,765,765,0,32,32,769,769,0,0.0004084550188910446,0.0004084550188910446,664,664,0,-1,3,3,5,6,727,199,713
404,99,99,923,923,0,34,34,803,803,0,0.0024166921951053475,0.0024166921951053475,901,901,0,-1,3,3,4,20,891,95,632
405,28,130,762,950,188,18,18,611,611,0,0.0006467204465774873,0.0006467204465774873,755,755,0,4,4,4,3,6,746,461,623
406,8,8,523,523,0,16,16,466,466,0,0.0002382654276864427,0.0002382654276864427,592,592,0,-1,4,4,6,4,515,239,472
407,2,104,353,898,545,13,14,378,381,3,6.807583648184077e-05,0.00010211375472276115,446,471,25,4,5,5,9,1,422,530,466
408,8,110,494,897,403,21,22,464,472,8,0.00010211375472276115,0.0005105687736138058,473,707,234,4,4,4,7,2,436,383,407
409,23,125,737,954,217,12,12,593,593,0,0.0009530617107457708,0.0010211375472276116,812,818,6,4,4,4,2,7,653,399,512
410,0,206,1,959,958,0,12,1,391,390,0.0,0.0002723033459273631,1,611,610,3,-1,4,7,0,417,629,694
411,12,218,487,951,464,58,74,494,557,63,0.00010211375472276115,0.0011913271384322134,476,814,338,3,4,4,17,2,73,749,403
412,0,102,1,938,937,0,6,1,428,427,0.0,0.0005105687736138058,1,714,713,4,-1,5,3,0,590,511,163
413,20,20,702,702,0,24,24,687,687,0,0.0005105687736138058,0.0005105687736138058,705,705,0,-1,4,4,4,4,578,470,815
414,0,0,1,1,0,0,0,1,1,0,0.0,0.0,1,1,0,-1,-1,-1,4,0,593,794,929
415,160,160,928,928,0,136,136,903,903,0,0.0031314884781646754,0.0031314884781646754,923,923,0,-1,2,2,12,20,183,94,991
416,0,102,1,924,923,0,5,1,363,362,0.0,6.807583648184077e-05,1,446,445,4,-1,5,4,0,650,813,290
417,1,207,333,957,624,9,50,333,613,280,0.0,0.0030634126416828346,1,929,928,3,6,4,9,3,245,181,20
418,22,22,692,692,0,26,26,703,703,0,0.0002042275094455223,0.0002042275094455223,577,577,0,-1,3,3,4,4,453,239,730
419,16,1656,655,1000,345,36,74,777,958,181,0.0005105687736138058,0.021511964328261683,717,994,277,1,3,2,5,1,647,80,366
420,435,435,985,985,0,280,280,999,999,0,0.008407365805507334,0.008407365805507334,978,978,0,-1,2,2,10,54,135,28,678
421,202,304,957,978,21,126,126,959,959,0,0.004765308553728854,0.004833384390210695,954,955,1,4,2,2,8,26,301,112,416
422,54,54,824,824,0,52,52,740,740,0,0.0008509479560230097,0.0008509479560230097,786,786,0,-1,3,3,8,7,309,422,789
423,0,206,1,989,988,0,8,1,608,607,0.0,0.0013274788113958951,1,854,853,3,-1,4,2,0,873,750,66
424,0,0,1,1,0,0,0,1,1,0,0.0,0.0,1,1,0,-1,-1,-1,4,0,572,608,981
425,0,0,1,1,0,0,0,1,1,0,0.0,0.0,1,1,0,-1,-1,-1,23,0,4,276,669
426,2,2,350,350,0,21,21,374,374,0,0.0,0.0,1,1,0,-1,5,5,16,3,72,484,372
427,128,230,950,977,27,40,40,837,837,0,0.0033357159876101976,0.003369753905851118,939,939,0,4,3,3,5,27,727,88,215
428,0,102,1,903,902,0,9,1,365,364,0.0,0.00013615167296368154,1,517,516,4,-1,5,7,0,156,887,666
429,2,2,343,343,0,21,21,343,343,0,0.0,0.0,1,1,0,-1,5,5,20,1,5,437,650
430,77,283,905,985,80,24,24,711,711,0,0.0023486163586235067,0.0025188059498281084,902,908,6,3,4,4,4,27,607,69,452
431,169,270,975,990,15,12,12,661,661,0,0.005241839409101739,0.00527587732734266,961,961,0,5,4,4,2,55,742,21,720
432,1,1,333,333,0,20,20,333,333,0,0.0,0.0,1,1,0,-1,7,7,20,1,61,857,783
433,0,0,1,1,0,0,0,1,1,0,0.0,0.0,1,1,0,-1,-1,-1,2,1,705,742,358
434,6,6,482,482,0,10,10,504,504,0,6.807583648184077e-05,6.807583648184077e-05,444,444,0,-1,4,4,3,1,590,762,608
435,4,4,458,458,0,8,8,453,453,0,0.000442492937131965,0.000442492937131965,697,697,0,-1,5,5,4,2,480,453,882
436,1,103,333,925,592,3,5,333,388,55,0.0,0.0002042275094455223,1,582,581,4,6,5,3,2,585,721,510
437,0,206,1,960,959,0,27,1,471,470,0.0,0.000442492937131965,1,689,688,3,-1,4,10,0,161,923,245
438,0,102,1,926,925,0,7,1,388,387,0.0,0.0002723033459273631,1,612,611,4,-1,5,5,0,557,940,275
439,286,388,990,993,3,32,32,914,914,0,0.006671431975220395,0.006671431975220395,971,971,0,4,3,3,2,81,713,32,530
440,2,2,355,355,0,18,18,384,384,0,0.0,0.0,1,1,0,-1,5,5,11,2,220,885,973
441,22,638,622,992,370,70,80,721,775,54,0.0007828721195411688,0.002552843868069029,765,906,141,2,3,3,9,5,100,535,89
442,18,119,696,948,252,10,10,506,506,0,0.00013615167296368154,0.00013615167296368154,520,520,0,5,4,4,3,8,640,477,463
443,16,118,537,896,359,41,41,521,521,0,6.807583648184077e-05,0.00010211375472276115,445,478,33,4,3,3,10,1,285,964,373
444,10,111,598,933,335,12,12,581,581,0,0.00034037918240920387,0.000442492937131965,660,698,38,5,4,4,2,4,752,622,704
445,0,102,1,890,889,0,8,1,368,367,0.0,6.807583648184077e-05,1,442,441,4,-1,5,6,0,157,923,383
446,0,0,1,1,0,0,0,1,1,0,0.0,0.0,1,1,0,-1,-1,-1,19,1,36,814,954
447,50,256,840,976,136,44,44,829,829,0,0.0006126825283365669,0.0012253650566731338,733,838,105,3,3,3,4,8,304,345,440
448,60,676,818,995,177,92,102,778,831,53,0.001157289220191293,0.0029612988869600733,820,918,98,2,3,3,12,10,375,405,8
449,28,130,733,942,209,20,20,553,553,0,0.0008169100377820892,0.0009190237925048504,771,790,19,4,4,4,4,8,822,186,596
450,6,6,444,444,0,16,16,482,482,0,0.00017018959120460194,0.00017018959120460194,536,536,0,-1,4,4,6,3,664,309,706
451,4,106,489,959,470,4,4,452,452,0,0.00013615167296368154,0.0023486163586235067,533,913,380,4,5,5,2,3,974,534,76
452,66,167,845,945,100,118,118,944,944,0,0.002314578440382586,0.0023486163586235067,898,900,2,5,2,2,9,5,190,393,566
453,0,102,1,908,907,0,12,1,418,417,0.0,0.0006126825283365669,1,730,729,4,-1,5,6,0,518,998,161
454,0,206,1,935,934,0,50,1,414,413,0.0,0.00010211375472276115,1,464,463,3,-1,4,23,0,4,978,609
455,0,0,1,1,0,0,0,1,1,0,0.0,0.0,1,1,0,-1,-1,-1,7,0,497,892,988
456,16,16,671,671,0,22,22,792,792,0,0.0005786446100956465,0.0005786446100956465,729,729,0,-1,3,3,2,1,970,556,907
457,50,256,765,956,191,156,156,829,829,0,0.0007828721195411688,0.0009190237925048504,767,788,21,3,3,3,16,9,27,145,496
458,16,118,648,938,290,8,8,528,528,0,0.00010211375472276115,0.0002042275094455223,485,577,92,4,4,4,2,7,932,188,416
459,10,216,570,971,401,10,14,460,543,83,0.00010211375472276115,0.000442492937131965,482,682,200,3,4,4,3,3,577,214,869
460,70,70,898,898,0,22,22,805,805,0,0.0019741992579733825,0.0019741992579733825,890,890,0,-1,3,3,2,18,609,82,918
461,18,18,582,582,0,90,90,619,619,0,0.0004765308553728854,0.0004765308553728854,684,684,0,-1,4,4,17,4,210,233,796
462,0,102,1,940,939,0,5,1,393,392,0.0,0.0002382654276864427,1,607,606,4,-1,5,3,0,800,982,308
463,0,0,1,1,0,0,0,1,1,0,0.0,0.0,1,1,0,-1,-1,-1,2,0,851,782,614
464,86,86,838,838,0,218,218,888,888,0,0.0015657442390823377,0.0015657442390823377,855,855,0,-1,2,2,19,4,31,407,705
465,179,280,975,986,11,32,32,911,911,0,0.0057524081827155455,0.0057524081827155455,961,960,-1,5,3,3,2,49,734,31,599
466,34,240,770,973,203,45,46,832,832,0,0.0009190237925048504,0.002110350930937064,798,888,90,3,3,3,5,4,502,398,180
467,18,120,729,954,225,18,18,721,721,0,0.0005446066918547262,0.0006467204465774873,732,752,20,4,4,4,3,6,569,516,410
468,0,102,1,912,911,0,9,1,411,410,0.0,0.00017018959120460194,1,551,550,4,-1,5,5,0,487,966,556
469,0,206,1,967,966,0,11,1,447,446,0.0,0.00037441710065012424,1,668,667,3,-1,4,4,0,921,971,333
470,17,223,632,967,335,46,50,782,792,10,0.0002382654276864427,0.001497668402600497,594,850,256,3,3,3,5,3,555,263,68
471,6,6,497,497,0,8,8,525,525,0,6.807583648184077e-05,6.807583648184077e-05,456,456,0,-1,4,4,2,3,895,410,731
472,0,102,1,927,926,0,6,1,381,380,0.0,0.000442492937131965,1,687,686,4,-1,5,4,1,423,742,413
473,2,2,372,372,0,4,4,407,407,0,6.807583648184077e-05,6.807583648184077e-05,443,443,0,-1,5,5,2,2,943,690,932
474,1,1,333,333,0,8,8,333,333,0,0.0,0.0,1,1,0,-1,7,7,8,1,260,469,733
475,6,6,390,390,0,26,26,398,398,0,3.4037918240920386e-05,3.4037918240920386e-05,394,394,0,-1,4,4,14,2,121,495,745
476,100,100,866,866,0,100,100,767,767,0,0.014023622315259198,0.014227849824704722,991,991,0,3,1,1,13,20,185,95,581
477,32,134,816,960,144,12,12,675,675,0,0.002382654276864427,0.0025188059498281084,912,914,2,4,4,4,2,12,757,100,307
478,0,0,1,1,0,0,0,1,1,0,0.0,0.0,1,1,0,-1,-1,-1,4,0,787,716,200
479,81,287,898,981,83,34,34,803,803,0,0.002484768031587188,0.002995336805200994,907,925,18,3,3,3,4,20,891,49,295
480,0,0,1,1,0,0,0,1,1,0,0.0,0.0,1,1,0,-1,-1,-1,10,0,272,839,782
481,4,210,441,973,532,6,18,407,589,182,0.00017018959120460194,0.0021784267674189047,545,893,348,3,5,4,3,2,680,749,304
482,6,108,385,885,500,29,31,402,405,3,0.0,6.807583648184077e-05,1,443,442,4,4,4,15,1,51,402,534
483,73,175,895,969,74,18,18,657,657,0,0.001940161339732462,0.0021784267674189047,887,896,9,4,4,4,3,24,615,129,268
484,0,0,1,1,0,0,0,1,1,0,0.0,0.0,1,1,0,-1,-1,-1,3,0,621,823,678
485,0,0,1,1,0,0,0,1,1,0,0.0,0.0,1,1,0,-1,-1,-1,5,0,533,423,472
486,2,618,365,997,632,3,22,366,721,355,3.4037918240920386e-05,0.006433166547533953,401,970,569,2,5,3,2,1,909,736,30
487,0,206,1,954,953,0,32,1,451,450,0.0,0.0007147962830593281,1,753,752,3,-1,4,12,0,226,699,414
488,103,103,947,947,0,22,22,857,857,0,0.002825147213996392,0.002825147213996392,926,926,0,-1,3,3,2,30,760,65,996
489,27,27,700,700,0,50,50,660,660,0,0.0004084550188910446,0.0004084550188910446,667,667,0,-1,4,4,9,11,395,249,913
490,77,178,899,968,69,32,32,894,894,0,0.0026889955410327104,0.0026889955410327104,918,918,0,6,3,3,2,13,643,335,437
491,6,107,484,941,457,8,8,502,502,0,0.00013615167296368154,0.0002723033459273631,533,621,88,5,4,4,2,1,894,609,613
492,0,101,1,969,968,0,2,1,330,329,0.0,0.0,1,1,0,5,-1,6,2,0,962,349,606
493,28,28,745,745,0,36,36,694,694,0,0.0009530617107457708,0.0009530617107457708,794,794,0,-1,4,4,6,9,405,415,937
494,9,110,613,949,336,9,9,524,524,0,0.00034037918240920387,0.00034037918240920387,656,656,0,5,4,4,3,4,916,581,579
495,0,0,1,1,0,0,0,1,1,0,0.0,0.0,1,1,0,-1,-1,-1,16,0,78,860,731
496,0,206,1,964,963,0,11,1,435,434,0.0,0.00034037918240920387,1,644,643,3,-1,4,4,0,391,979,178
497,53,155,860,964,104,28,28,829,829,0,0.0012594029749140542,0.0013274788113958951,842,845,3,4,3,3,3,12,433,179,556
498,8,109,505,905,400,22,22,477,477,0,3.4037918240920386e-05,6.807583648184077e-05,397,450,53,5,4,4,7,3,118,290,690
499,0,206,1,972,971,0,11,1,479,478,0.0,0.00017018959120460194,1,541,540,3,-1,4,4,0,633,942,328
500,0,206,1,985,984,0,9,1,572,571,0.0,0.0006126825283365669,1,747,746,3,-1,4,3,0,668,804,186
501,148,354,956,988,32,44,44,876,876,0,0.003199564314646516,0.003369753905851118,930,934,4,3,3,3,4,32,659,26,474
502,0,616,1,995,994,0,20,1,679,678,0.0,0.0016338200755641784,1,861,860,2,-1,3,3,0,704,614,551
503,6,212,397,948,551,26,30,446,468,22,6.807583648184077e-05,0.0006807583648184077,447,745,298,3,4,4,9,2,101,550,340
504,6,212,376,941,565,70,74,494,506,12,6.807583648184077e-05,0.0002723033459273631,432,592,160,3,4,4,19,1,19,870,528
505,2,2,366,366,0,7,7,378,378,0,0.0,0.0,1,1,0,-1,5,5,5,2,421,518,604
506,0,102,1,913,912,0,5,1,357,356,0.0,6.807583648184077e-05,1,434,433,4,-1,5,4,0,623,777,659
507,0,616,1,989,988,0,118,1,729,728,0.0,0.0030974505599237552,1,930,929,2,-1,3,16,0,59,769,74
508,14,116,569,915,346,32,32,564,564,0,0.00034037918240920387,0.0004765308553728854,635,686,51,4,4,4,8,4,521,230,532
509,0,102,1,886,885,0,13,1,385,384,0.0,6.807583648184077e-05,1,444,443,4,-1,5,8,1,358,554,810
510,0,0,1,1,0,0,0,1,1,0,0.0,0.0,1,1,0,-1,-1,-1,8,0,131,228,987
511,0,206,1,956,955,0,26,1,430,429,0.0,0.00030634126416828345,1,630,629,3,-1,4,12,0,106,887,670
512,6,6,447,447,0,24,24,566,566,0,0.000442492937131965,0.000442492937131965,703,703,0,-1,4,4,6,2,657,670,201
513,0,102,1,949,948,0,4,1,455,454,0.0,0.0006126825283365669,1,748,747,4,-1,5,2,0,851,564,155
514,9,111,692,978,286,4,4,515,515,0,0.0002723033459273631,0.0009190237925048504,642,814,172,4,5,5,2,8,956,132,137
515,17,17,742,742,0,12,12,746,746,0,0.0009870996289866913,0.0009870996289866913,813,813,0,-1,4,4,2,6,799,471,712
516,0,0,1,1,0,0,0,1,1,0,0.0,0.0,1,1,0,-1,-1,-1,11,0,215,943,950
517,83,289,874,977,103,80,80,928,928,0,0.0014295925661186562,0.0018040096667687805,836,865,29,3,2,2,6,13,419,120,145
518,0,206,1,966,965,0,24,1,545,544,0.0,0.0014636304843595766,1,854,853,3,-1,4,6,2,526,775,397
519,0,206,1,985,984,0,18,1,797,796,0.0,0.00789679703189353,1,973,972,3,-1,4,3,0,668,808,23
520,16,632,609,997,388,40,50,768,831,63,0.00030634126416828345,0.0027911092957554717,636,921,285,2,3,3,5,1,599,741,36
521,0,616,1,997,996,0,42,1,823,822,0.0,0.007998910786616291,1,977,976,2,-1,3,5,0,363,868,24
522,29,131,791,954,163,12,12,671,671,0,0.0006807583648184077,0.001055175465468532,758,819,61,4,4,4,2,7,739,422,161
523,185,385,940,980,40,216,216,920,920,0,0.002314578440382586,0.0027911092957554717,899,915,16,3,2,2,17,23,39,117,273
524,38,38,797,797,0,26,26,638,638,0,0.0007828721195411688,0.0007828721195411688,773,773,0,-1,4,4,5,9,656,375,991
525,36,652,725,993,268,110,120,864,891,27,0.0009530617107457708,0.003778208924742163,794,937,143,2,3,3,10,6,128,471,94
526,2,208,366,973,607,8,14,395,484,89,0.0,6.807583648184077e-05,1,451,450,3,5,4,5,3,421,748,541
527,68,684,817,991,174,138,148,781,806,25,0.001055175465468532,0.0024166921951053475,808,897,89,2,2,2,17,7,63,422,68
528,14,630,619,998,379,14,24,564,747,183,0.00030634126416828345,0.003608019333537561,636,933,297,2,4,3,3,3,855,653,146
529,6,622,417,995,578,32,56,599,767,168,0.00030634126416828345,0.010755982164130842,625,983,358,2,4,3,6,1,425,282,11
530,8,8,526,526,0,13,13,455,455,0,0.0002382654276864427,0.0002382654276864427,596,596,0,-1,4,4,5,2,724,383,876
531,0,0,1,1,0,0,0,1,1,0,0.0,0.0,1,1,0,-1,-1,-1,4,1,755,852,235
532,0,0,1,1,0,0,0,1,1,0,0.0,0.0,1,1,0,-1,-1,-1,3,0,770,969,356
533,0,101,1,960,959,0,2,1,331,330,0.0,6.807583648184077e-05,1,463,462,5,-1,6,2,0,847,751,720
534,6,212,434,967,533,20,24,488,543,55,0.00010211375472276115,0.0009190237925048504,468,788,320,3,4,4,6,1,441,689,97
535,46,46,803,803,0,68,68,813,813,0,0.0005105687736138058,0.0005105687736138058,708,708,0,-1,3,3,7,9,118,212,673
536,114,320,913,977,64,108,108,949,949,0,0.002825147213996392,0.003914360597705844,911,943,32,3,3,3,8,15,521,36,206
537,24,24,701,701,0,30,30,693,693,0,0.00037441710065012424,0.00037441710065012424,675,675,0,-1,3,3,4,3,516,301,643
538,75,75,851,851,0,94,94,846,846,0,0.001497668402600497,0.001497668402600497,843,843,0,-1,2,2,9,10,126,405,779
539,0,206,1,979,978,0,14,1,653,652,0.0,0.0025188059498281084,1,914,913,3,-1,4,3,0,790,918,47
540,0,0,1,1,0,0,0,1,1,0,0.0,0.0,1,1,0,-1,-1,-1,9,0,190,520,908
541,26,26,716,716,0,32,32,626,626,0,0.00034037918240920387,0.00034037918240920387,652,652,0,-1,4,4,6,7,353,422,684
542,0,206,1,961,960,0,48,1,675,674,0.0,0.0026889955410327104,1,912,911,3,-1,4,8,0,286,952,135
543,0,206,1,964,963,0,17,1,436,435,0.0,0.0006467204465774873,1,736,735,3,-1,4,8,0,431,970,670
544,0,102,1,926,925,0,8,1,381,380,0.0,6.807583648184077e-05,1,442,441,4,-1,5,6,0,661,989,617
545,302,403,976,984,8,140,140,982,982,0,0.006126825283365669,0.006126825283365669,968,968,0,5,2,2,7,49,246,51,495
546,0,102,1,876,875,0,32,1,404,403,0.0,0.00017018959120460194,1,542,541,4,-1,5,17,0,63,839,323
547,2,104,356,893,537,10,11,371,378,7,0.0,0.0,1,1,0,4,5,5,8,1,223,734,419
548,1,103,331,947,616,2,3,331,368,37,0.0,0.00010211375472276115,1,492,491,4,7,5,2,2,988,582,279
549,9,110,608,952,344,8,8,528,528,0,0.00017018959120460194,0.00017018959120460194,550,550,0,5,4,4,2,3,618,353,421
550,44,44,848,848,0,24,24,780,780,0,0.0007828721195411688,0.0007828721195411688,784,784,0,-1,3,3,3,9,615,242,999
551,0,101,1,943,942,0,3,1,330,329,0.0,0.0,1,1,0,7,-1,8,3,0,485,933,469
552,23,639,674,995,321,54,64,710,769,59,0.0002723033459273631,0.0012253650566731338,610,822,212,2,3,3,8,4,282,339,161
553,0,206,1,970,969,0,30,1,665,664,0.0,0.0013955546478777359,1,851,850,3,-1,4,5,0,561,968,163
554,54,156,822,941,119,46,46,709,709,0,0.0009870996289866913,0.0010892133837094523,804,818,14,4,3,3,6,13,514,217,233
555,31,647,756,998,242,34,54,736,890,154,0.0005105687736138058,0.00976888253514415,703,982,279,2,3,3,4,5,887,216,24
556,0,102,1,961,960,0,3,1,403,402,0.0,0.0002723033459273631,1,636,635,4,-1,5,2,0,481,839,103
557,10,10,589,589,0,8,8,482,482,0,0.0002382654276864427,0.0002382654276864427,596,596,0,-1,4,4,2,4,429,625,695
558,0,616,1,993,992,0,26,1,456,455,0.0,0.0012934408931549745,1,835,834,2,-1,3,9,0,192,941,274
559,2,208,356,970,614,7,12,397,478,81,0.0,0.0011232513019503727,1,823,822,3,5,4,4,2,539,518,203
560,0,0,1,1,0,0,0,1,1,0,0.0,0.0,1,1,0,-1,-1,-1,11,0,229,358,657
561,25,641,708,996,288,54,64,704,766,62,0.0002042275094455223,0.0020422750944552232,581,891,310,2,3,3,8,6,137,379,49
562,93,93,893,893,0,34,34,756,756,0,0.0016338200755641784,0.0016338200755641784,866,866,0,-1,3,3,4,21,858,157,693
563,0,0,1,1,0,0,0,1,1,0,0.0,0.0,1,1,0,-1,-1,-1,7,2,698,709,744
564,1,207,332,972,640,3,10,332,459,127,0.0,0.0002723033459273631,1,616,615,3,8,4,3,3,834,626,204
565,0,101,1,921,920,0,3,1,332,331,0.0,3.4037918240920386e-05,1,399,398,5,-1,6,3,0,636,774,584
566,0,102,1,895,894,0,15,1,414,413,0.0,0.000442492937131965,1,679,678,4,-1,5,8,2,260,271,417
567,4,210,455,977,522,5,10,399,515,116,0.0,0.0015657442390823377,1,872,871,3,5,4,3,2,530,430,111
568,0,0,1,1,0,0,0,1,1,0,0.0,0.0,1,1,0,-1,-1,-1,4,0,562,542,498
569,3,105,458,950,492,5,6,411,446,35,0.0,0.0035739814152966403,1,937,936,4,5,5,3,3,707,373,12
570,0,0,1,1,0,0,0,1,1,0,0.0,0.0,1,1,0,-1,-1,-1,2,0,828,744,863
571,20,20,818,818,0,8,8,652,652,0,0.0009530617107457708,0.0009530617107457708,814,814,0,-1,4,4,2,12,872,67,913
572,43,145,824,947,123,40,40,834,834,0,0.0004084550188910446,0.0006467204465774873,679,742,63,4,3,3,4,10,460,266,132
573,40,141,708,911,203,118,118,805,805,0,0.0010892133837094523,0.0010892133837094523,803,803,0,5,2,2,13,1,92,759,402
574,6,107,403,900,497,16,16,465,465,0,3.4037918240920386e-05,3.4037918240920386e-05,403,403,0,5,4,4,4,1,503,607,708
575,0,0,1,1,0,0,0,1,1,0,0.0,0.0,1,1,0,-1,-1,-1,7,0,324,859,426
576,27,128,821,968,147,12,12,728,728,0,0.0006467204465774873,0.0006467204465774873,756,756,0,6,4,4,2,14,974,243,708
577,0,206,1,965,964,0,14,1,456,455,0.0,0.0005446066918547262,1,708,707,3,-1,4,5,0,173,664,293
578,6,212,424,959,535,22,34,452,546,94,0.00017018959120460194,0.0008509479560230097,541,775,234,3,4,4,9,2,289,544,207
579,0,0,1,1,0,0,0,1,1,0,0.0,0.0,1,1,0,-1,-1,-1,3,0,854,733,914
580,6,6,406,406,0,18,18,429,429,0,0.0002042275094455223,0.0002042275094455223,574,574,0,-1,4,4,7,2,179,532,583
581,0,102,1,912,911,0,8,1,359,358,0.0,6.807583648184077e-05,1,440,439,4,-1,5,7,0,482,969,567
582,6,107,446,920,474,24,24,550,550,0,0.00017018959120460194,0.0002042275094455223,542,567,25,5,4,4,6,2,465,719,196
583,1,1,333,333,0,5,5,333,333,0,0.0,0.0,1,1,0,-1,6,6,5,1,501,590,970
584,4,106,483,953,470,3,4,391,448,57,6.807583648184077e-05,0.0009190237925048504,454,801,347,4,5,5,2,3,994,411,54
585,0,206,1,952,951,0,23,1,435,434,0.0,0.0002723033459273631,1,596,595,3,-1,4,10,3,256,882,487
586,2,618,350,992,642,15,56,390,679,289,0.0,0.0026209197045508697,1,906,905,2,5,3,9,2,414,885,33
587,9,9,621,621,0,8,8,548,548,0,3.4037918240920386e-05,3.4037918240920386e-05,397,397,0,-1,4,4,2,4,830,442,978
588,0,0,1,1,0,0,0,1,1,0,0.0,0.0,1,1,0,-1,-1,-1,4,0,682,635,660
589,6,212,405,959,554,26,42,439,535,96,3.4037918240920386e-05,0.00017018959120460194,399,530,131,3,4,4,11,2,176,885,169
590,28,130,680,916,236,102,102,764,764,0,0.0006126825283365669,0.0006126825283365669,720,720,0,4,3,3,14,3,84,103,530
591,29,235,749,977,228,30,30,694,694,0,0.0004765308553728854,0.001157289220191293,708,820,112,3,4,4,5,7,421,134,182
592,8,214,499,964,465,21,25,484,510,26,0.0002042275094455223,0.0004765308553728854,568,701,133,3,4,4,7,3,273,585,424
593,0,102,1,944,943,0,4,1,400,399,0.0,0.0005446066918547262,1,720,719,4,-1,5,2,0,992,941,382
594,9,625,520,994,474,17,35,421,594,173,0.00010211375472276115,0.0008169100377820892,489,784,295,2,4,3,7,3,374,534,404
595,36,137,807,958,151,24,24,759,759,0,0.0005786446100956465,0.0006807583648184077,743,765,22,5,3,3,3,9,710,245,231
596,13,13,626,626,0,22,22,616,616,0,0.0002042275094455223,0.0002042275094455223,574,574,0,-1,4,4,5,4,376,339,976
597,0,0,1,1,0,0,0,1,1,0,0.0,0.0,1,1,0,-1,-1,-1,2,0,792,546,620
598,0,101,1,905,904,0,3,1,332,331,0.0,0.00013615167296368154,1,506,505,5,-1,6,3,0,837,774,537
599,18,18,714,714,0,19,19,776,776,0,0.0002723033459273631,0.0002723033459273631,621,621,0,-1,3,3,3,3,856,598,921
600,0,206,1,985,984,0,18,1,784,783,0.0,0.0034718676605738795,1,936,935,3,-1,4,3,0,730,546,25
601,196,196,964,964,0,82,82,921,921,0,0.0048674223084516155,0.0048674223084516155,953,953,0,-1,3,3,7,35,404,57,583
602,16,222,615,969,354,26,30,691,701,10,0.00017018959120460194,0.002212464685659825,559,896,337,3,3,3,4,1,572,718,91
603,2,103,359,903,544,8,8,360,360,0,0.0,3.4037918240920386e-05,1,413,412,5,5,5,7,1,342,788,509
604,14,116,661,960,299,10,10,538,538,0,0.00030634126416828345,0.0004765308553728854,630,704,74,4,4,4,3,6,576,229,301
605,0,101,1,967,966,0,2,1,330,329,0.0,6.807583648184077e-05,1,459,458,5,-1,6,2,0,936,254,592
606,11,11,572,572,0,18,18,592,592,0,0.00088498587426393,0.00088498587426393,801,801,0,-1,4,4,3,5,737,412,991
607,34,34,751,751,0,40,40,734,734,0,0.0010211375472276116,0.0010211375472276116,800,800,0,-1,3,3,5,8,377,264,583
608,43,249,824,976,152,44,44,891,891,0,0.0017359338302869397,0.0022465026039007454,876,893,17,3,3,3,4,7,543,399,194
609,0,102,1,904,903,0,12,1,406,405,0.0,0.0002382654276864427,1,591,590,4,-1,5,6,1,498,706,168
610,214,414,981,996,15,38,38,914,914,0,0.006841621566424997,0.007828721195411689,966,974,8,3,3,3,3,49,628,16,206
611,0,0,1,1,0,0,0,1,1,0,0.0,0.0,1,1,0,-1,-1,-1,2,0,931,657,715
612,2,104,384,957,573,4,4,437,437,0,0.00010211375472276115,0.0002382654276864427,503,600,97,4,5,5,2,1,967,840,425
613,0,101,1,874,873,0,21,1,332,331,0.0,0.0,1,1,0,5,-1,6,21,0,25,992,676
614,0,102,1,927,926,0,4,1,392,391,0.0,0.00034037918240920387,1,655,654,4,-1,5,2,0,828,674,283
615,0,101,1,905,904,0,4,1,331,330,0.0,0.0,1,1,0,5,-1,6,4,0,858,542,924
616,1,103,332,935,603,3,4,332,368,36,0.0,3.4037918240920386e-05,1,410,409,4,6,5,3,1,433,402,509
617,0,206,1,942,941,0,40,1,456,455,0.0,0.0006126825283365669,1,728,727,3,-1,4,14,3,85,854,289
618,8,109,589,957,368,8,8,550,550,0,0.0,0.0,1,1,0,6,4,4,2,2,967,549,736
619,6,6,389,389,0,24,24,407,407,0,0.00010211375472276115,0.00010211375472276115,476,476,0,-1,4,4,12,3,62,755,608
620,110,211,924,971,47,62,62,954,954,0,0.0023486163586235067,0.0023486163586235067,902,902,0,5,2,2,3,20,726,189,449
621,48,150,833,949,116,60,60,895,895,0,0.0016678579938050988,0.0019741992579733825,865,886,21,4,3,3,5,11,688,193,329
622,52,154,840,954,114,34,34,805,805,0,0.0017359338302869397,0.001940161339732462,874,884,10,4,3,3,4,14,520,68,182
623,0,102,1,907,906,0,15,1,422,421,0.0,0.0002723033459273631,1,611,610,4,-1,5,8,0,442,520,619
624,30,30,733,733,0,46,46,722,722,0,0.00034037918240920387,0.00034037918240920387,639,639,0,-1,3,3,6,6,630,379,941
625,2,104,350,897,547,10,15,360,397,37,0.0,0.00030634126416828345,1,628,627,4,5,5,8,2,317,292,154
626,2,104,380,964,584,5,6,417,458,41,3.4037918240920386e-05,0.0002723033459273631,394,616,222,4,5,5,3,2,786,419,474
627,2,103,373,935,562,5,5,403,403,0,0.0,0.0,1,1,0,5,5,5,3,1,716,449,486
628,53,53,861,861,0,34,34,799,799,0,0.0013615167296368155,0.0013615167296368155,850,850,0,-1,3,3,4,13,462,261,817
629,6,212,411,958,547,40,48,497,540,43,3.4037918240920386e-05,0.0005105687736138058,401,699,298,3,4,4,12,2,106,215,103
630,20,122,687,940,253,26,26,654,654,0,0.0002723033459273631,0.0002723033459273631,614,614,0,4,4,4,5,5,421,308,238
631,6,212,396,951,555,28,40,482,572,90,6.807583648184077e-05,0.0009190237925048504,436,793,357,3,4,4,8,1,483,577,79
632,1,1,333,333,0,3,3,333,333,0,0.0,0.0,1,1,0,-1,6,6,3,1,862,606,674
633,4,4,518,518,0,4,4,452,452,0,0.0002723033459273631,0.0002723033459273631,633,633,0,-1,5,5,2,3,782,263,746
634,2,2,388,388,0,3,3,393,393,0,0.0,0.0,1,1,0,-1,5,5,2,3,985,676,812
635,2,104,357,907,550,13,13,408,408,0,0.0,0.0002042275094455223,1,569,568,4,5,5,7,1,505,506,134
636,6,622,465,997,532,12,30,510,761,251,0.0,0.011266550937744648,1,986,985,2,4,3,4,1,573,840,381
637,123,225,904,953,49,200,200,940,940,0,0.002110350930937064,0.002212464685659825,887,892,5,4,3,3,15,15,95,36,527
638,92,92,911,911,0,28,28,757,757,0,0.00176997174852786,0.00176997174852786,877,877,0,-1,3,3,3,16,626,78,860
639,48,150,815,948,133,64,64,884,884,0,0.00176997174852786,0.002586881786309949,875,906,31,4,2,2,7,7,697,427,45
640,67,273,904,984,80,52,52,978,978,0,0.004969536063174376,0.005446066918547262,956,959,3,3,2,2,3,9,840,294,589
641,0,102,1,931,930,0,4,1,395,394,0.0,0.00017018959120460194,1,532,531,4,-1,5,2,0,966,488,443
642,0,616,1,995,994,0,38,1,601,600,0.0,0.002280540522141666,1,901,900,2,-1,3,8,0,282,918,55
643,0,102,1,929,928,0,7,1,382,381,0.0,0.00010211375472276115,1,489,488,4,-1,5,5,0,685,988,609
644,0,0,1,1,0,0,0,1,1,0,0.0,0.0,1,1,0,-1,-1,-1,5,0,662,735,922
645,0,0,1,1,0,0,0,1,1,0,0.0,0.0,1,1,0,-1,-1,-1,2,0,931,773,787
646,50,256,772,962,190,132,132,878,878,0,0.0009530617107457708,0.0013615167296368155,789,834,45,3,3,3,12,6,44,234,379
647,27,128,844,974,130,18,18,895,895,0,0.0008509479560230097,0.00088498587426393,797,799,2,5,3,3,2,5,959,314,463
648,60,60,838,838,0,62,62,815,815,0,0.0019061234214915416,0.0019061234214915416,875,875,0,-1,3,3,7,12,207,100,731
649,0,206,1,967,966,0,24,1,568,567,0.0,0.0018380475850097008,1,874,873,3,-1,4,6,0,322,713,39
650,0,102,1,879,878,0,16,1,366,365,0.0,3.4037918240920386e-05,1,395,394,4,-1,5,13,3,113,882,523
651,85,187,854,942,88,96,96,805,805,0,0.001157289220191293,0.0012594029749140542,822,831,9,4,3,3,11,15,229,206,258
652,14,220,603,971,368,10,14,446,535,89,0.0002723033459273631,0.0005446066918547262,607,719,112,3,4,4,3,4,645,567,101
653,14,116,736,970,234,8,8,599,599,0,0.00034037918240920387,0.0005105687736138058,659,719,60,4,4,4,2,7,865,176,365
654,1,207,333,969,636,3,10,333,457,124,0.0,0.0009870996289866913,1,806,805,3,7,4,3,2,490,448,87
655,1,1,333,333,0,9,9,333,333,0,0.0,0.0,1,1,0,-1,6,6,9,1,339,703,514
656,100,100,873,873,0,100,100,854,854,0,0.018278362095374246,0.018278362095374246,991,991,0,-1,1,1,9,20,351,38,823
657,0,102,1,921,920,0,8,1,385,384,0.0,0.0002382654276864427,1,591,590,4,-1,5,5,0,691,520,197
658,12,12,576,576,0,22,22,564,564,0,0.0006126825283365669,0.0006126825283365669,731,731,0,-1,4,4,5,3,766,795,889
659,491,491,997,997,0,64,64,966,966,0,0.01412573606998196,0.01412573606998196,989,989,0,-1,3,3,4,98,679,23,802
660,0,0,1,1,0,0,0,1,1,0,0.0,0.0,1,1,0,-1,-1,-1,5,0,476,890,811
661,0,0,1,1,0,0,0,1,1,0,0.0,0.0,1,1,0,-1,-1,-1,5,0,561,985,235
662,14,1654,508,1000,492,63,115,510,709,199,0.00010211375472276115,0.006297014874570271,477,961,484,1,4,2,18,3,86,596,97
663,5,107,460,935,475,6,6,450,450,0,3.4037918240920386e-05,0.0009190237925048504,393,803,410,4,5,5,3,3,710,485,166
664,0,206,1,958,957,0,30,1,530,529,0.0,0.0012934408931549745,1,838,837,3,-1,4,7,0,118,629,297
665,2,618,358,996,638,10,30,395,623,228,3.4037918240920386e-05,0.0017018959120460194,409,859,450,2,5,3,6,3,98,578,403
666,6,108,420,911,491,30,30,555,555,0,0.00013615167296368154,0.00017018959120460194,510,544,34,4,4,4,7,1,637,809,527
667,18,120,568,892,324,88,88,679,679,0,0.0008509479560230097,0.0008509479560230097,767,767,0,4,3,3,13,3,92,299,576
668,80,182,845,942,97,106,106,851,851,0,0.00176997174852786,0.00176997174852786,869,869,0,4,3,3,11,13,155,335,739
669,28,130,817,969,152,22,22,860,860,0,0.00034037918240920387,0.0013615167296368155,652,851,199,4,3,3,2,8,965,132,59
670,75,281,828,966,138,104,104,711,711,0,0.0006467204465774873,0.002586881786309949,727,910,183,3,3,3,14,13,127,340,119
671,0,102,1,913,912,0,8,1,373,372,0.0,6.807583648184077e-05,1,439,438,4,-1,5,6,0,664,672,152
672,11,217,574,967,393,38,42,664,710,46,0.000442492937131965,0.004186663943633207,689,945,256,3,4,4,7,4,482,312,31
673,22,123,651,913,262,42,42,641,641,0,0.0002723033459273631,0.0002723033459273631,610,610,0,5,3,3,8,3,282,496,603
674,18,119,623,910,287,42,42,689,689,0,0.0002042275094455223,0.0002382654276864427,569,587,18,5,3,3,6,3,630,300,687
675,0,206,1,978,977,0,8,1,521,520,0.0,0.0010892133837094523,1,825,824,3,-1,4,2,0,723,816,255
676,89,89,877,877,0,46,46,770,770,0,0.0017359338302869397,0.0017359338302869397,866,866,0,-1,3,3,5,19,349,297,913
677,131,337,941,984,43,50,50,824,824,0,0.0020422750944552232,0.002314578440382586,894,907,13,3,3,3,5,26,311,127,667
678,0,206,1,961,960,0,26,1,510,509,0.0,0.00088498587426393,1,794,793,3,-1,4,7,0,714,997,163
679,0,102,1,879,878,0,15,1,358,357,0.0,6.807583648184077e-05,1,444,443,4,-1,5,13,0,228,963,537
680,2,208,383,979,596,4,9,387,537,150,0.0,0.0013955546478777359,1,862,861,3,5,4,3,1,790,623,68
681,0,102,1,875,874,0,23,1,355,354,0.0,6.807583648184077e-05,1,436,435,4,-1,5,21,3,25,746,383
682,18,634,629,995,366,34,52,599,733,134,0.00034037918240920387,0.0048674223084516155,656,953,297,2,4,3,7,6,637,683,5
683,0,0,1,1,0,0,0,1,1,0,0.0,0.0,1,1,0,-1,-1,-1,3,0,737,200,997
684,0,0,1,1,0,0,0,1,1,0,0.0,0.0,1,1,0,-1,-1,-1,17,1,10,513,483
685,0,102,1,915,914,0,6,1,360,359,0.0,0.00017018959120460194,1,547,546,4,-1,5,5,1,565,742,562
686,0,206,1,965,964,0,14,1,447,446,0.0,0.00030634126416828345,1,644,643,3,-1,4,6,0,345,905,288
687,60,60,766,766,0,186,186,793,793,0,0.0007488342013002485,0.0007488342013002485,752,752,0,-1,3,3,21,5,74,273,779
688,79,79,897,897,0,44,44,882,882,0,0.0020422750944552232,0.0020422750944552232,898,898,0,-1,3,3,4,12,633,58,754
689,0,206,1,969,968,0,9,1,451,450,0.0,0.000442492937131965,1,703,702,3,-1,4,3,0,737,934,375
690,60,161,904,976,72,22,22,859,859,0,0.002757071377514551,0.002757071377514551,926,926,0,5,3,3,2,17,792,81,654
691,226,328,960,975,15,118,118,913,913,0,0.003880322679464924,0.003880322679464924,946,946,0,4,3,3,8,30,370,75,577
692,2,618,350,988,638,20,90,355,585,230,3.4037918240920386e-05,0.001599782157323258,397,860,463,2,5,3,18,2,64,357,118
693,4,4,416,416,0,11,11,402,402,0,3.4037918240920386e-05,3.4037918240920386e-05,406,406,0,-1,5,5,6,3,352,411,911
694,0,0,1,1,0,0,0,1,1,0,0.0,0.0,1,1,0,-1,-1,-1,4,0,617,620,808
695,4,106,445,929,484,6,6,418,418,0,0.00010211375472276115,0.0006126825283365669,493,750,257,4,5,5,3,3,588,646,333
696,0,1640,1,1000,999,0,136,1,889,888,0.0,0.015521290717859695,1,989,988,1,-1,2,12,0,187,624,24
697,50,256,752,961,209,116,120,648,662,14,0.000442492937131965,0.0009190237925048504,680,786,106,3,3,3,21,7,12,303,187
698,0,206,1,964,963,0,18,1,456,455,0.0,0.0009190237925048504,1,792,791,3,-1,4,7,0,273,757,226
699,0,0,1,1,0,0,0,1,1,0,0.0,0.0,1,1,0,-1,-1,-1,11,3,188,746,948
700,48,48,765,765,0,106,106,804,804,0,0.0008169100377820892,0.0008169100377820892,776,776,0,-1,3,3,11,3,66,382,999
701,24,230,744,976,232,46,46,871,871,0,0.0005105687736138058,0.002110350930937064,717,896,179,3,3,3,5,3,744,280,127
702,2,2,373,373,0,3,3,377,377,0,3.4037918240920386e-05,3.4037918240920386e-05,406,406,0,-1,5,5,2,3,838,755,737
703,487,589,987,991,4,182,182,986,986,0,0.010245413390517035,0.010415602981721638,982,982,0,4,2,2,9,69,217,12,383
704,16,16,677,677,0,16,16,566,566,0,0.00030634126416828345,0.00030634126416828345,643,643,0,-1,4,4,4,4,728,164,823
705,124,226,927,966,39,94,94,886,886,0,0.0026549576227917903,0.0026549576227917903,909,909,0,4,3,3,9,25,168,47,555
706,2,104,367,923,556,8,9,394,410,16,0.00010211375472276115,0.0002382654276864427,488,577,89,4,5,5,5,1,291,931,29
707,0,102,1,936,935,0,6,1,435,434,0.0,0.00010211375472276115,1,495,494,4,-1,5,3,1,825,962,519
708,8,110,521,927,406,12,12,485,485,0,0.0004765308553728854,0.0006126825283365669,695,743,48,4,4,4,4,2,559,524,107
709,27,233,715,968,253,48,48,695,695,0,0.00034037918240920387,0.0006807583648184077,649,752,103,3,3,3,7,6,273,376,283
710,12,113,538,910,372,38,38,573,573,0,0.00037441710065012424,0.00037441710065012424,662,662,0,5,4,4,9,3,339,209,842
711,65,271,862,979,117,28,28,738,738,0,0.0011232513019503727,0.0018380475850097008,827,873,46,3,3,3,3,15,989,219,118
712,90,290,848,966,118,172,172,855,855,0,0.0007828721195411688,0.003642057251778481,758,937,179,3,3,3,17,12,6,155,88
713,6,108,425,912,487,11,12,436,448,12,3.4037918240920386e-05,0.0002042275094455223,401,568,167,4,4,4,4,1,391,503,346
714,10,112,619,951,332,16,16,611,611,0,0.0002042275094455223,0.0004084550188910446,573,680,107,4,4,4,4,3,754,353,197
715,0,102,1,919,918,0,6,1,377,376,0.0,6.807583648184077e-05,1,441,440,4,-1,5,4,0,815,844,508
716,116,116,886,886,0,172,172,897,897,0,0.0013274788113958951,0.0013274788113958951,841,841,0,-1,3,3,16,15,134,206,608
717,0,102,1,939,938,0,4,1,426,425,0.0,6.807583648184077e-05,1,440,439,4,-1,5,2,0,705,919,164
718,18,119,711,957,246,22,22,838,838,0,0.0005786446100956465,0.0005786446100956465,742,742,0,5,3,3,2,4,988,440,402
719,419,419,986,986,0,102,102,938,938,0,0.008441403723748256,0.008441403723748256,978,978,0,-1,3,3,7,70,346,18,462
720,41,247,815,979,164,38,38,818,818,0,0.001157289220191293,0.002144388849177984,823,893,70,3,3,3,3,6,834,467,630
721,0,616,1,988,987,0,70,1,722,721,0.0,0.005650294427992784,1,963,962,2,-1,3,9,0,269,938,70
722,18,18,609,609,0,60,60,617,617,0,0.00010211375472276115,0.00010211375472276115,473,473,0,-1,3,3,11,3,230,263,744
723,2,104,365,926,561,3,3,367,367,0,3.4037918240920386e-05,0.00010211375472276115,406,485,79,4,5,5,2,1,932,530,353
724,0,206,1,976,975,0,9,1,479,478,0.0,0.0008509479560230097,1,789,788,3,-1,4,4,1,679,660,279
725,63,63,931,931,0,12,12,757,757,0,0.0036760951700194017,0.0036760951700194017,945,945,0,-1,4,4,2,37,807,74,489
726,0,206,1,969,968,0,14,1,476,475,0.0,0.00034037918240920387,1,654,653,3,-1,4,5,1,478,814,318
727,64,270,822,965,143,126,126,857,857,0,0.0008509479560230097,0.001157289220191293,780,819,39,3,2,2,12,6,252,107,327
728,207,308,978,990,12,32,32,903,903,0,0.005480104836788182,0.005480104836788182,962,962,0,7,3,3,2,45,761,77,621
729,17,17,611,611,0,18,18,474,474,0,0.00017018959120460194,0.00017018959120460194,525,525,0,-1,4,4,5,6,496,279,715
730,0,102,1,921,920,0,6,1,393,392,0.0,6.807583648184077e-05,1,442,441,4,-1,5,4,0,787,769,452
731,19,121,589,889,300,98,98,632,632,0,0.0002723033459273631,0.0002723033459273631,607,607,0,4,3,3,17,4,6,278,576
732,66,168,835,940,105,114,114,883,883,0,0.002314578440382586,0.0024166921951053475,896,901,5,4,2,2,10,5,99,393,724
733,2,208,358,960,602,18,22,425,459,34,0.0,3.4037918240920386e-05,1,399,398,3,5,4,9,1,278,623,454
734,3,104,455,946,491,5,5,396,396,0,6.807583648184077e-05,0.00010211375472276115,450,494,44,6,5,5,3,2,535,549,896
735,37,243,787,973,186,36,36,720,720,0,0.0006807583648184077,0.001599782157323258,756,861,105,3,3,3,5,11,487,249,183
736,16,222,558,955,397,52,56,599,619,20,0.0002042275094455223,0.00030634126416828345,568,617,49,3,3,3,11,3,333,285,547
737,2,2,362,362,0,6,6,382,382,0,0.0,0.0,1,1,0,-1,5,5,4,1,824,606,919
738,49,150,780,927,147,60,60,651,651,0,0.0005446066918547262,0.0005446066918547262,713,713,0,5,3,3,9,8,351,284,763
739,0,101,1,980,979,0,2,1,329,328,0.0,3.4037918240920386e-05,1,408,407,6,-1,7,2,0,955,846,526
740,0,101,1,941,940,0,2,1,330,329,0.0,0.00013615167296368154,1,529,528,5,-1,6,2,0,975,908,310
741,16,118,595,917,322,22,22,497,497,0,0.0002723033459273631,0.0008509479560230097,619,786,167,4,4,4,7,4,329,504,272
742,0,206,1,954,953,0,38,1,484,483,0.0,0.0020422750944552232,1,892,891,3,-1,4,11,1,150,874,112
743,132,338,937,980,43,74,74,931,931,0,0.002995336805200994,0.0042547397801150485,925,952,27,3,2,2,5,18,338,141,148
744,0,206,1,950,949,0,25,1,415,414,0.0,0.0002042275094455223,1,558,557,3,-1,4,12,0,143,936,591
745,6,107,384,884,500,50,50,458,458,0,0.00013615167296368154,0.00013615167296368154,510,510,0,6,4,4,17,1,56,334,344
746,20,20,694,694,0,30,30,713,713,0,0.0004084550188910446,0.0004084550188910446,677,677,0,-1,4,4,5,9,533,29,604
747,0,102,1,931,930,0,4,1,392,391,0.0,0.000442492937131965,1,689,688,4,-1,5,2,0,763,883,280
748,6,107,464,932,468,8,8,472,472,0,6.807583648184077e-05,0.00013615167296368154,462,529,67,5,4,4,3,1,833,893,322
749,0,102,1,894,893,0,15,1,389,388,0.0,0.00017018959120460194,1,535,534,4,-1,5,9,0,330,943,556
750,34,136,803,953,150,40,40,832,832,0,0.0008169100377820892,0.0008169100377820892,791,791,0,4,3,3,5,8,744,186,567
751,20,226,623,964,341,44,44,613,613,0,0.0005105687736138058,0.0008509479560230097,706,778,72,3,4,4,8,4,358,40,211
752,6,6,489,489,0,8,8,510,510,0,6.807583648184077e-05,6.807583648184077e-05,451,451,0,-1,4,4,2,1,964,958,728
753,183,285,969,980,11,48,48,945,945,0,0.00527587732734266,0.005377991082065421,961,962,1,4,3,3,3,29,864,17,258
754,2,208,348,944,596,24,47,357,430,73,3.4037918240920386e-05,0.0002382654276864427,395,575,180,3,5,4,21,2,25,721,316
755,12,114,625,944,319,12,12,658,658,0,0.00013615167296368154,0.0004084550188910446,527,682,155,4,4,4,2,4,705,346,275
756,0,0,1,1,0,0,0,1,1,0,0.0,0.0,1,1,0,-1,-1,-1,3,1,288,705,951
757,0,0,1,1,0,0,0,1,1,0,0.0,0.0,1,1,0,-1,-1,-1,16,0,134,604,798
758,0,206,1,975,974,0,8,1,484,483,0.0,0.0008169100377820892,1,792,791,3,-1,4,2,0,904,502,96
759,2,2,373,373,0,3,3,374,374,0,3.4037918240920386e-05,3.4037918240920386e-05,411,411,0,-1,5,5,2,1,919,558,514
760,0,0,1,1,0,0,0,1,1,0,0.0,0.0,1,1,0,-1,-1,-1,6,0,275,712,520
761,25,25,758,758,0,24,24,761,761,0,0.0012594029749140542,0.0012594029749140542,842,842,0,-1,3,3,3,4,833,125,786
762,26,26,807,807,0,18,18,837,837,0,0.00030634126416828345,0.00030634126416828345,648,648,0,-1,3,3,2,5,868,165,981
763,44,44,780,780,0,74,74,805,805,0,0.0008169100377820892,0.0008169100377820892,771,771,0,-1,3,3,9,4,315,470,571
764,0,206,1,974,973,0,14,1,600,599,0.0,0.0014636304843595766,1,859,858,3,-1,4,3,0,640,774,43
765,57,158,928,984,56,22,22,936,936,0,0.0027911092957554717,0.0037441710065012424,928,948,20,5,3,3,2,18,813,141,397
766,2,208,375,976,601,4,8,393,516,123,0.0,0.0005105687736138058,1,714,713,3,5,4,2,2,771,575,243
767,2,104,346,888,542,20,23,384,403,19,6.807583648184077e-05,0.0002723033459273631,447,611,164,4,5,5,12,1,226,687,418
768,0,1640,1,1000,999,0,76,1,847,846,0.0,0.016508390346846386,1,989,988,1,-1,2,7,0,179,538,21
769,6,108,464,936,472,12,12,593,593,0,0.0,0.0007488342013002485,1,780,779,4,4,4,2,1,653,561,137
770,19,121,697,938,241,16,16,528,528,0,0.0004084550188910446,0.0007147962830593281,685,769,84,4,4,4,4,5,649,591,270
771,91,91,872,872,0,84,84,833,833,0,0.0016678579938050988,0.0016678579938050988,855,855,0,-1,3,3,9,13,319,261,529
772,37,243,739,967,228,64,64,705,705,0,0.0005786446100956465,0.0009870996289866913,725,796,71,3,3,3,9,9,213,293,154
773,0,101,1,919,918,0,4,1,329,328,0.0,0.0,1,1,0,5,-1,6,4,0,758,918,756
774,94,710,876,995,119,112,112,930,930,0,0.0026549576227917903,0.005650294427992784,911,963,52,2,2,2,8,13,334,255,108
775,67,67,880,880,0,44,44,887,887,0,0.0030293747234419145,0.0030293747234419145,932,932,0,-1,3,3,4,14,581,68,865
776,14,116,649,948,299,20,20,654,654,0,0.0002382654276864427,0.0002723033459273631,595,612,17,4,4,4,4,5,794,688,563
777,0,616,1,988,987,0,78,1,522,521,0.0,0.00088498587426393,1,775,774,2,-1,3,20,1,88,787,438
778,94,294,853,968,115,166,166,865,865,0,0.0010211375472276116,0.0018040096667687805,795,875,80,3,3,3,15,10,51,405,186
779,0,102,1,933,932,0,6,1,426,425,0.0,0.0006126825283365669,1,744,743,4,-1,5,3,0,958,905,415
780,0,0,1,1,0,0,0,1,1,0,0.0,0.0,1,1,0,-1,-1,-1,5,0,326,786,478
781,42,42,731,731,0,102,102,711,711,0,0.0005446066918547262,0.0005446066918547262,716,716,0,-1,2,2,15,2,40,724,753
782,454,454,985,985,0,112,112,948,948,0,0.008271214132543654,0.008271214132543654,971,971,0,-1,3,3,7,70,447,18,903
783,13,13,653,653,0,10,10,529,529,0,0.00030634126416828345,0.00030634126416828345,642,642,0,-1,4,4,3,3,871,378,898
784,6,6,433,433,0,19,19,480,480,0,0.0002382654276864427,0.0002382654276864427,600,600,0,-1,4,4,6,1,266,452,673
785,21,227,717,976,259,16,20,566,628,62,0.00030634126416828345,0.0010892133837094523,633,824,191,3,4,4,4,7,563,188,234
786,0,206,1,951,950,0,38,1,470,469,0.0,0.0007828721195411688,1,762,761,3,-1,4,13,0,160,760,497
787,290,906,978,1000,22,120,120,986,986,0,0.006433166547533953,0.009564655025698629,972,978,6,2,2,2,6,50,515,33,459
788,9,111,533,911,378,21,21,469,469,0,6.807583648184077e-05,0.00017018959120460194,461,548,87,4,4,4,7,3,525,526,215
789,1,1,333,333,0,4,4,333,333,0,3.4037918240920386e-05,3.4037918240920386e-05,401,401,0,-1,6,6,4,1,391,893,254
790,0,0,1,1,0,0,0,1,1,0,0.0,0.0,1,1,0,-1,-1,-1,9,0,327,489,751
791,0,206,1,963,962,0,34,1,526,525,0.0,0.0011232513019503727,1,811,810,3,-1,4,9,0,166,849,73
792,12,113,709,969,260,8,8,609,609,0,0.000442492937131965,0.0005786446100956465,722,754,32,5,4,4,2,6,873,229,805
793,2,104,353,893,540,12,16,365,387,22,0.0,0.00017018959120460194,1,535,534,4,5,5,10,4,153,595,241
794,117,218,919,965,46,92,92,911,911,0,0.002314578440382586,0.002314578440382586,899,899,0,6,3,3,7,18,156,82,582
795,2,103,364,926,562,5,5,364,364,0,0.0,3.4037918240920386e-05,1,408,407,5,5,5,4,2,650,509,862
796,2,208,367,973,606,5,12,370,507,137,0.0,0.0013615167296368155,1,851,850,3,5,4,4,2,581,721,91
797,0,206,1,971,970,0,11,1,456,455,0.0,0.00034037918240920387,1,650,649,3,-1,4,5,0,533,919,519
798,0,0,1,1,0,0,0,1,1,0,0.0,0.0,1,1,0,-1,-1,-1,7,0,482,900,909
799,8,110,535,932,397,18,18,538,538,0,0.00017018959120460194,0.00034037918240920387,565,649,84,4,4,4,5,3,795,496,722
800,46,147,745,914,169,112,112,751,751,0,0.00088498587426393,0.0009190237925048504,772,778,6,5,3,3,15,6,107,192,437
801,2,618,368,1000,632,5,30,369,811,442,0.0,0.00442492937131965,1,945,944,2,5,3,4,2,794,615,27
802,30,30,733,733,0,48,48,708,708,0,0.0005105687736138058,0.0005105687736138058,715,715,0,-1,3,3,7,4,156,333,889
803,86,188,883,959,76,60,60,898,898,0,0.0024507301133462676,0.002995336805200994,909,924,15,4,3,3,5,15,519,158,97
804,5,106,473,942,469,6,6,454,454,0,0.0002042275094455223,0.0002042275094455223,572,572,0,6,5,5,3,3,888,307,181
805,93,709,944,1000,56,12,22,686,854,168,0.003267640151128357,0.008169100377820893,931,980,49,2,4,3,2,29,991,17,243
806,0,102,1,945,944,0,5,1,403,402,0.0,3.4037918240920386e-05,1,408,407,4,-1,5,3,0,485,800,655
807,12,114,594,931,337,18,18,605,605,0,0.0002382654276864427,0.0006126825283365669,601,745,144,4,4,4,3,2,836,827,377
808,0,206,1,941,940,0,37,1,425,424,0.0,0.0004084550188910446,1,670,669,3,-1,4,16,1,151,874,167
809,24,126,602,884,282,87,87,555,555,0,0.0006126825283365669,0.0006467204465774873,721,731,10,4,3,3,21,6,1,406,441
810,7,213,525,974,449,12,24,502,693,191,6.807583648184077e-05,0.0031314884781646754,459,926,467,3,4,4,4,3,891,441,105
811,0,102,1,909,908,0,12,1,411,410,0.0,0.00030634126416828345,1,629,628,4,-1,5,7,0,477,992,101
812,6,212,427,964,537,14,18,502,576,74,6.807583648184077e-05,0.0006126825283365669,441,730,289,3,4,4,3,1,731,370,240
813,97,303,892,980,88,86,86,862,862,0,0.001940161339732462,0.0030974505599237552,884,923,39,3,2,2,9,17,278,131,106
814,0,101,1,969,968,0,2,1,330,329,0.0,3.4037918240920386e-05,1,408,407,5,-1,6,2,0,962,940,791
815,0,0,1,1,0,0,0,1,1,0,0.0,0.0,1,1,0,-1,-1,-1,4,0,682,934,961
816,0,206,1,977,976,0,12,1,579,578,0.0,0.0007828721195411688,1,782,781,3,-1,4,2,0,586,884,382
817,7,7,509,509,0,17,17,516,516,0,6.807583648184077e-05,6.807583648184077e-05,454,454,0,-1,4,4,5,3,476,441,907
818,16,222,616,973,357,26,26,696,696,0,0.0002382654276864427,0.0004765308553728854,606,704,98,3,3,3,4,1,444,891,556
819,0,0,1,1,0,0,0,1,1,0,0.0,0.0,1,1,0,-1,-1,-1,17,0,24,571,686
820,53,155,839,954,115,18,18,608,608,0,0.0009190237925048504,0.0012253650566731338,799,836,37,4,4,4,3,17,989,226,500
821,0,0,1,1,0,0,0,1,1,0,0.0,0.0,1,1,0,-1,-1,-1,4,0,384,643,976
822,0,616,1,992,991,0,48,1,673,672,0.0,0.006535280302256714,1,968,967,2,-1,3,7,0,436,426,7
823,0,206,1,988,987,0,8,1,588,587,0.0,0.0014636304843595766,1,863,862,3,-1,4,2,0,788,915,119
824,0,206,1,954,953,0,35,1,505,504,0.0,0.0004765308553728854,1,699,698,3,-1,4,10,0,298,831,216
825,35,651,756,995,239,46,78,672,840,168,0.0004084550188910446,0.009258313761530345,680,977,297,2,3,3,8,6,365,516,1
826,0,101,1,969,968,0,2,1,331,330,0.0,6.807583648184077e-05,1,448,447,5,-1,6,2,0,959,990,609
827,2,104,376,941,565,4,6,378,437,59,6.807583648184077e-05,0.0005105687736138058,460,716,256,4,5,5,3,1,845,606,329
828,27,128,735,938,203,38,38,725,725,0,0.0006467204465774873,0.0007147962830593281,747,759,12,5,3,3,6,7,237,170,799
829,56,56,770,770,0,150,150,784,784,0,0.0007147962830593281,0.0007147962830593281,743,743,0,-1,3,3,18,7,69,170,813
830,2,103,361,913,552,5,5,362,362,0,0.0,0.0,1,1,0,6,5,5,4,2,235,656,763
831,0,206,1,965,964,0,26,1,583,582,0.0,0.0017018959120460194,1,874,873,3,-1,4,5,0,474,517,158
832,0,102,1,915,914,0,6,1,362,361,0.0,0.0,1,1,0,4,-1,5,5,0,531,946,361
833,40,40,750,750,0,72,72,704,704,0,0.0006807583648184077,0.0006807583648184077,748,748,0,-1,3,3,11,8,224,177,985
834,1,1,333,333,0,17,17,333,333,0,0.0,0.0,1,1,0,-1,6,6,17,1,23,857,863
835,25,231,752,977,225,24,24,714,714,0,0.0007828721195411688,0.0013274788113958951,790,848,58,3,4,4,4,10,682,195,440
836,0,206,1,952,951,0,38,1,501,500,0.0,0.00088498587426393,1,778,777,3,-1,4,11,3,220,882,224
837,0,0,1,1,0,0,0,1,1,0,0.0,0.0,1,1,0,-1,-1,-1,3,0,801,832,388
838,6,107,528,962,434,3,3,384,384,0,0.00017018959120460194,0.00017018959120460194,558,558,0,6,5,5,2,6,799,613,402
839,37,139,730,916,186,84,84,765,765,0,0.0014636304843595766,0.0014636304843595766,843,843,0,4,3,3,9,7,101,399,592
840,0,206,1,956,955,0,12,1,415,414,0.0,0.0005786446100956465,1,726,725,3,-1,4,4,1,503,641,139
841,0,0,1,1,0,0,0,1,1,0,0.0,0.0,1,1,0,-1,-1,-1,3,0,615,732,657
842,0,102,1,907,906,0,15,1,422,421,0.0,0.0010211375472276116,1,797,796,4,-1,5,8,0,442,927,42
843,15,221,635,974,339,17,22,538,610,72,0.00010211375472276115,0.0006126825283365669,483,731,248,3,4,4,5,4,463,444,759
844,0,206,1,941,940,0,45,1,422,421,0.0,0.00030634126416828345,1,623,622,3,-1,4,19,0,46,695,809
845,8,109,508,914,406,19,19,481,481,0,6.807583648184077e-05,0.00010211375472276115,444,483,39,6,4,4,7,3,505,411,924
846,20,20,713,713,0,14,14,587,587,0,0.0004084550188910446,0.0004084550188910446,664,664,0,-1,4,4,3,6,628,381,974
847,2,104,369,937,568,4,4,401,401,0,3.4037918240920386e-05,0.0006126825283365669,408,747,339,4,5,5,2,1,689,463,473
848,16,16,550,550,0,62,62,651,651,0,0.00037441710065012424,0.00037441710065012424,645,645,0,-1,3,3,11,1,271,370,992
849,0,0,1,1,0,0,0,1,1,0,0.0,0.0,1,1,0,-1,-1,-1,3,0,780,942,858
850,18,119,697,945,248,18,18,679,679,0,0.00030634126416828345,0.00034037918240920387,640,652,12,6,4,4,3,3,716,173,602
851,0,101,1,969,968,0,2,1,329,328,0.0,0.0,1,1,0,5,-1,6,2,0,898,701,225
852,134,236,942,971,29,84,84,958,958,0,0.002927260968719153,0.002995336805200994,924,925,1,4,2,2,5,18,311,82,666
853,11,11,568,568,0,12,12,462,462,0,0.00010211375472276115,0.00010211375472276115,481,481,0,-1,4,4,4,6,700,459,774
854,6,212,425,960,535,28,28,570,570,0,6.807583648184077e-05,0.0002723033459273631,447,619,172,3,4,4,6,3,536,260,424
855,20,20,690,690,0,24,24,570,570,0,0.0002042275094455223,0.0002042275094455223,570,570,0,-1,4,4,6,6,764,424,936
856,0,0,1,1,0,0,0,1,1,0,0.0,0.0,1,1,0,-1,-1,-1,11,0,76,907,909
857,0,0,1,1,0,0,0,1,1,0,0.0,0.0,1,1,0,-1,-1,-1,7,0,193,979,957
858,44,1684,792,1000,208,70,108,782,923,141,0.0006467204465774873,0.01245787807617686,740,985,245,1,3,2,9,7,190,422,486
859,10,10,553,553,0,16,16,455,455,0,6.807583648184077e-05,6.807583648184077e-05,461,461,0,-1,4,4,6,3,281,596,801
860,0,0,1,1,0,0,0,1,1,0,0.0,0.0,1,1,0,-1,-1,-1,6,0,368,359,271
861,22,22,657,657,0,46,46,725,725,0,0.00030634126416828345,0.00030634126416828345,621,621,0,-1,3,3,6,2,255,827,359
862,0,206,1,950,949,0,33,1,447,446,0.0,0.0005446066918547262,1,709,708,3,-1,4,13,0,129,921,177
863,60,161,844,951,107,36,36,703,703,0,0.0015317063208414173,0.0015317063208414173,861,861,0,5,3,3,5,9,392,130,320
864,69,171,909,976,67,28,28,858,858,0,0.002314578440382586,0.0024166921951053475,905,908,3,4,3,3,3,20,911,49,727
865,11,113,656,957,301,14,14,630,630,0,0.0004084550188910446,0.0005786446100956465,675,729,54,4,4,4,3,5,707,310,285
866,50,50,801,801,0,80,80,831,831,0,0.0005446066918547262,0.0005446066918547262,718,718,0,-1,3,3,9,7,315,253,937
867,4,210,425,970,545,12,16,432,481,49,0.00017018959120460194,0.0005105687736138058,536,701,165,3,5,4,6,3,664,290,432
868,20,20,778,778,0,18,18,771,771,0,0.0004765308553728854,0.0004765308553728854,695,695,0,-1,4,4,3,4,786,246,983
869,192,398,962,989,27,54,54,895,895,0,0.00353994349705572,0.0048674223084516155,934,952,18,3,3,3,4,30,832,75,60
870,8,214,573,981,408,12,12,611,611,0,0.0002042275094455223,0.0019061234214915416,577,887,310,3,4,4,2,2,977,491,43
871,13,219,614,974,360,20,24,547,596,49,0.00030634126416828345,0.001055175465468532,637,813,176,3,4,4,6,8,529,302,338
872,18,18,656,656,0,34,34,744,744,0,0.0004084550188910446,0.0004084550188910446,685,685,0,-1,3,3,4,3,504,354,996
873,65,167,834,934,100,84,84,809,809,0,0.001055175465468532,0.0010892133837094523,812,815,3,4,3,3,9,9,202,277,518
874,6,6,447,447,0,13,13,462,462,0,0.0,0.0,1,1,0,-1,4,4,5,1,452,594,228
875,6,212,396,957,561,34,38,508,534,26,3.4037918240920386e-05,0.0002042275094455223,399,561,162,3,4,4,9,1,381,718,791
876,0,206,1,972,971,0,12,1,468,467,0.0,0.0008509479560230097,1,794,793,3,-1,4,4,0,649,992,183
877,0,206,1,949,948,0,36,1,428,427,0.0,0.0005105687736138058,1,703,702,3,-1,4,15,0,0,457,387
878,16,118,578,915,337,74,74,827,827,0,0.0002042275094455223,0.00030634126416828345,557,614,57,4,3,3,8,1,302,168,581
879,0,0,1,1,0,0,0,1,1,0,0.0,0.0,1,1,0,-1,-1,-1,2,0,865,847,564
880,8,214,481,956,475,35,48,468,520,52,6.807583648184077e-05,0.0005105687736138058,447,707,260,3,4,4,12,2,226,549,326
881,34,135,659,891,232,116,116,650,650,0,0.0004084550188910446,0.0004084550188910446,658,658,0,5,3,3,19,4,35,167,578
882,0,206,1,972,971,0,11,1,472,471,0.0,0.000442492937131965,1,696,695,3,-1,4,4,0,344,985,827
883,0,206,1,965,964,0,20,1,558,557,0.0,0.0005786446100956465,1,728,727,3,-1,4,4,0,532,936,439
884,0,0,1,1,0,0,0,1,1,0,0.0,0.0,1,1,0,-1,-1,-1,4,0,562,674,796
885,0,0,1,1,0,0,0,1,1,0,0.0,0.0,1,1,0,-1,-1,-1,17,1,10,472,969
886,53,53,850,850,0,34,34,755,755,0,0.0009530617107457708,0.0009530617107457708,813,813,0,-1,3,3,4,14,709,139,514
887,145,1785,917,1000,83,122,156,853,915,62,0.0021784267674189047,0.011777119711358454,892,980,88,1,3,2,12,27,44,304,189
888,5,5,412,412,0,13,13,387,387,0,3.4037918240920386e-05,3.4037918240920386e-05,401,401,0,-1,5,5,8,3,131,411,400
889,0,102,1,893,892,0,9,1,372,371,0.0,0.00017018959120460194,1,543,542,4,-1,5,6,0,560,928,210
890,6,107,513,950,437,12,12,666,666,0,0.00088498587426393,0.0009870996289866913,801,817,16,5,4,4,2,1,548,612,378
891,0,0,1,1,0,0,0,1,1,0,0.0,0.0,1,1,0,-1,-1,-1,14,0,121,981,975
892,332,538,981,993,12,88,88,973,973,0,0.009870996289866912,0.010143299635794275,980,981,1,3,2,2,4,54,235,19,333
893,0,101,1,902,901,0,9,1,332,331,0.0,3.4037918240920386e-05,1,413,412,5,-1,6,9,0,119,940,581
894,0,0,1,1,0,0,0,1,1,0,0.0,0.0,1,1,0,-1,-1,-1,17,0,71,824,716
895,33,33,789,789,0,30,30,743,743,0,0.00037441710065012424,0.00037441710065012424,662,662,0,-1,3,3,4,9,735,317,916
896,19,121,667,929,262,26,26,597,597,0,0.00037441710065012424,0.0005105687736138058,669,716,47,4,4,4,5,4,773,365,214
897,118,324,898,972,74,106,106,842,842,0,0.0014636304843595766,0.0016338200755641784,853,866,13,3,3,3,11,18,234,64,435
898,1,103,332,941,609,2,4,332,423,91,0.0,0.0005786446100956465,1,741,740,4,6,5,2,1,817,603,559
899,12,218,665,984,319,8,12,552,681,129,0.0002382654276864427,0.004322815616596889,610,949,339,3,4,4,2,8,715,477,18
900,10,112,604,949,345,12,12,616,616,0,0.0002042275094455223,0.00037441710065012424,580,673,93,4,4,4,2,3,804,301,259
901,38,244,676,948,272,200,200,874,874,0,0.0006467204465774873,0.0008169100377820892,730,769,39,3,3,3,19,5,11,589,132
902,148,148,910,910,0,236,236,949,949,0,0.0027911092957554717,0.0027911092957554717,918,918,0,-1,2,2,17,15,73,158,517
903,0,101,1,969,968,0,2,1,331,330,0.0,0.00013615167296368154,1,528,527,5,-1,6,2,0,884,980,447
904,90,90,916,916,0,38,38,881,881,0,0.0018720855032506212,0.0018720855032506212,879,879,0,-1,3,3,3,20,579,71,664
905,0,616,1,988,987,0,70,1,487,486,0.0,0.00030634126416828345,1,623,622,2,-1,3,20,0,5,533,134
906,16,16,595,595,0,35,35,615,615,0,0.00017018959120460194,0.00017018959120460194,549,549,0,-1,3,3,7,2,525,597,988
907,8,8,561,561,0,10,10,506,506,0,0.00010211375472276115,0.00010211375472276115,487,487,0,-1,4,4,3,3,800,300,974
908,34,34,722,722,0,56,56,602,602,0,0.0005105687736138058,0.0005105687736138058,708,708,0,-1,4,4,12,9,93,245,573
909,6,108,444,922,478,26,26,628,628,0,0.000442492937131965,0.0005105687736138058,688,705,17,4,4,4,5,1,552,80,697
910,78,180,864,951,87,70,70,873,873,0,0.0021784267674189047,0.0021784267674189047,894,894,0,4,3,3,5,13,238,183,648
911,0,102,1,938,937,0,4,1,372,371,0.0,0.0002382654276864427,1,600,599,4,-1,5,3,0,888,921,519
912,0,206,1,968,967,0,12,1,463,462,0.0,0.0013615167296368155,1,848,847,3,-1,4,4,3,758,746,144
913,3,3,413,413,0,12,12,428,428,0,3.4037918240920386e-05,3.4037918240920386e-05,400,400,0,-1,5,5,6,2,322,627,806
914,0,0,1,1,0,0,0,1,1,0,0.0,0.0,1,1,0,-1,-1,-1,3,0,568,514,971
915,44,660,745,992,247,112,126,729,759,30,0.0007147962830593281,0.0017018959120460194,744,857,113,2,3,3,16,5,151,308,759
916,8,624,467,988,521,50,124,477,753,276,0.0002723033459273631,0.010007147962830594,596,975,379,2,4,3,17,2,80,584,37
917,68,68,917,917,0,20,20,741,741,0,0.00176997174852786,0.00176997174852786,883,883,0,-1,4,4,4,20,860,71,802
918,31,237,687,960,273,92,96,641,651,10,0.0002042275094455223,0.0004765308553728854,560,686,126,3,4,4,18,8,29,286,526
919,40,40,823,823,0,22,22,764,764,0,0.00088498587426393,0.00088498587426393,794,794,0,-1,3,3,2,14,934,387,489
920,0,101,1,950,949,0,2,1,331,330,0.0,3.4037918240920386e-05,1,412,411,5,-1,6,2,0,897,624,576
921,237,237,971,971,0,128,128,974,974,0,0.005582218591510943,0.005582218591510943,962,962,0,-1,2,2,8,45,323,77,574
922,16,16,522,522,0,64,64,539,539,0,6.807583648184077e-05,6.807583648184077e-05,440,440,0,-1,3,3,15,1,37,110,706
923,33,33,835,835,0,12,12,633,633,0,0.0007488342013002485,0.0007488342013002485,779,779,0,-1,4,4,2,14,469,139,456
924,0,206,1,951,950,0,21,1,391,390,0.0,0.00010211375472276115,1,478,477,3,-1,4,13,0,90,939,309
925,0,206,1,971,970,0,12,1,493,492,0.0,0.0005446066918547262,1,718,717,3,-1,4,4,0,550,975,354
926,0,206,1,970,969,0,20,1,526,525,0.0,0.0012934408931549745,1,845,844,3,-1,4,6,0,657,959,141
927,181,387,954,983,29,118,118,953,953,0,0.00439089145307873,0.004493005207801491,953,953,0,3,3,3,8,29,380,142,528
928,2,618,353,990,637,13,37,372,514,142,3.4037918240920386e-05,0.000442492937131965,400,684,284,2,5,3,10,3,153,484,134
929,116,218,940,977,37,64,64,958,958,0,0.0046972327172470135,0.004935498144933456,948,950,2,4,2,2,5,22,629,128,386
930,0,0,1,1,0,0,0,1,1,0,0.0,0.0,1,1,0,-1,-1,-1,5,0,662,858,729
931,23,229,802,990,188,10,14,579,671,92,0.0004765308553728854,0.003880322679464924,695,945,250,3,4,4,3,11,786,249,16
932,100,100,865,865,0,100,100,727,727,0,0.01678069369277375,0.01678069369277375,995,995,0,-1,1,1,14,49,268,51,824
933,8,109,540,937,397,11,11,471,471,0,0.0002042275094455223,0.0002382654276864427,574,597,23,5,4,4,4,3,824,214,509
934,6,6,444,444,0,13,13,455,455,0,3.4037918240920386e-05,3.4037918240920386e-05,410,410,0,-1,4,4,5,1,724,552,864
935,0,101,1,931,930,0,6,1,331,330,0.0,3.4037918240920386e-05,1,415,414,5,-1,6,6,0,529,864,601
936,0,0,1,1,0,0,0,1,1,0,0.0,0.0,1,1,0,-1,-1,-1,4,0,542,999,812
937,2,2,361,361,0,8,8,427,427,0,0.00017018959120460194,0.00017018959120460194,536,536,0,-1,5,5,4,2,945,648,930
938,89,89,900,900,0,54,54,919,919,0,0.0020763130126961434,0.0020763130126961434,895,895,0,-1,3,3,4,11,401,166,965
939,11,113,642,954,312,12,12,780,780,0,0.0006467204465774873,0.00088498587426393,763,797,34,4,4,4,2,5,821,510,178
940,0,0,1,1,0,0,0,1,1,0,0.0,0.0,1,1,0,-1,-1,-1,2,0,997,571,620
941,62,62,905,905,0,22,22,863,863,0,0.002144388849177984,0.002144388849177984,900,900,0,-1,3,3,2,19,715,297,735
942,8,214,502,962,460,18,26,449,512,63,0.00010211375472276115,0.0005446066918547262,479,714,235,3,4,4,7,2,171,523,306
943,9,111,573,936,363,14,14,556,556,0,0.0002042275094455223,0.0005105687736138058,578,726,148,4,4,4,3,4,831,617,490
944,114,114,945,945,0,46,46,971,971,0,0.006705469893461316,0.006705469893461316,965,965,0,-1,2,2,2,19,776,133,818
945,238,444,981,997,16,62,62,984,984,0,0.010313489226998877,0.012866333095067906,982,987,5,3,2,2,3,59,796,6,8
946,2,2,355,355,0,15,15,375,375,0,0.0,0.0,1,1,0,-1,5,5,11,1,155,763,400
947,42,658,782,995,213,50,60,707,784,77,0.0007147962830593281,0.0014636304843595766,751,847,96,2,3,3,8,8,454,250,167
948,0,101,1,920,919,0,3,1,330,329,0.0,3.4037918240920386e-05,1,408,407,5,-1,6,3,1,819,947,756
949,2,2,353,353,0,8,8,354,354,0,0.0,0.0,1,1,0,-1,5,5,7,1,207,972,784
950,0,0,1,1,0,0,0,1,1,0,0.0,0.0,1,1,0,-1,-1,-1,6,1,587,949,773
951,392,494,996,998,2,32,32,938,938,0,0.012798257258586064,0.012900371013308825,987,987,0,4,3,3,2,96,897,1,317
952,0,206,1,990,989,0,8,1,639,638,0.0,0.0029612988869600733,1,931,930,3,-1,4,2,0,936,511,41
953,0,206,1,963,962,0,17,1,427,426,0.0,0.0002042275094455223,1,569,568,3,-1,4,8,0,309,901,637
954,0,206,1,970,969,0,11,1,451,450,0.0,0.00017018959120460194,1,546,545,3,-1,4,4,0,741,665,368
955,0,0,1,1,0,0,0,1,1,0,0.0,0.0,1,1,0,-1,-1,-1,6,0,536,632,803
956,0,0,1,1,0,0,0,1,1,0,0.0,0.0,1,1,0,-1,-1,-1,3,0,800,978,949
957,0,0,1,1,0,0,0,1,1,0,0.0,0.0,1,1,0,-1,-1,-1,2,0,950,918,992
958,0,0,1,1,0,0,0,1,1,0,0.0,0.0,1,1,0,-1,-1,-1,4,1,754,568,974
959,14,14,584,584,0,24,24,546,546,0,0.00030634126416828345,0.00030634126416828345,637,637,0,-1,4,4,6,3,526,307,851
960,374,580,975,989,14,524,524,970,970,0,0.0030293747234419145,0.0032336022328874367,916,918,2,3,2,2,36,33,16,15,287
961,3,104,403,895,492,10,10,379,379,0,0.0,0.0,1,1,0,5,5,5,7,3,714,563,140
962,2,2,353,353,0,25,25,371,371,0,3.4037918240920386e-05,3.4037918240920386e-05,406,406,0,-1,5,5,18,1,111,687,900
963,26,232,706,970,264,34,34,603,603,0,0.00013615167296368154,0.0009530617107457708,507,800,293,3,4,4,7,7,413,389,148
964,0,616,1,997,996,0,30,1,737,736,0.0,0.003982436434187685,1,949,948,2,-1,3,4,0,280,988,141
965,0,102,1,891,890,0,19,1,373,372,0.0,0.00010211375472276115,1,486,485,4,-1,5,14,2,84,431,164
966,0,102,1,884,883,0,10,1,350,349,0.0,3.4037918240920386e-05,1,394,393,4,-1,5,9,0,351,993,599
967,0,1640,1,1000,999,0,78,1,818,817,0.0,0.012832295176826986,1,986,985,1,-1,2,8,0,358,228,15
968,15,117,620,938,318,12,12,559,559,0,0.00037441710065012424,0.0005105687736138058,661,712,51,4,4,4,2,4,893,645,485
969,0,206,1,959,958,0,26,1,491,490,0.0,0.0004084550188910446,1,684,683,3,-1,4,8,0,186,903,474
970,25,25,747,747,0,12,12,623,623,0,0.00037441710065012424,0.00037441710065012424,667,667,0,-1,4,4,2,7,990,134,940
971,60,162,890,971,81,18,18,721,721,0,0.0022465026039007454,0.002552843868069029,901,917,16,4,4,4,3,18,797,55,138
972,0,206,1,964,963,0,18,1,426,425,0.0,0.0002042275094455223,1,570,569,3,-1,4,8,1,297,948,173
973,0,0,1,1,0,0,0,1,1,0,0.0,0.0,1,1,0,-1,-1,-1,7,0,525,856,701
974,6,622,412,995,583,26,48,511,670,159,0.0,0.0034718676605738795,1,926,925,2,4,3,7,1,209,756,68
975,33,33,727,727,0,40,40,704,704,0,0.0004765308553728854,0.0004765308553728854,695,695,0,-1,3,3,5,7,496,237,909
976,3,105,412,906,494,13,13,418,418,0,0.00010211375472276115,0.00017018959120460194,478,533,55,4,5,5,7,3,305,761,229
977,6,212,476,979,503,8,8,518,518,0,6.807583648184077e-05,0.001599782157323258,455,862,407,3,4,4,2,2,988,691,43
978,3,105,449,951,502,4,4,416,416,0,0.00017018959120460194,0.0008169100377820892,554,783,229,4,5,5,2,2,625,244,46
979,0,102,1,926,925,0,7,1,363,362,0.0,3.4037918240920386e-05,1,400,399,4,-1,5,6,0,486,750,370
980,567,669,989,997,8,190,190,997,997,0,0.011504816365431091,0.011640968038394772,984,984,0,4,2,2,8,75,131,24,683
981,10,112,511,896,385,52,52,560,560,0,0.0002382654276864427,0.0002723033459273631,598,619,21,4,4,4,12,6,222,406,466
982,100,100,950,950,0,100,100,998,998,0,0.07770856734402123,0.07770856734402123,1000,1000,0,-1,1,1,2,22,994,116,959
983,0,206,1,947,946,0,31,1,406,405,0.0,0.00037441710065012424,1,654,653,3,-1,4,15,0,45,954,516
984,6,6,514,514,0,8,8,543,543,0,0.0,0.0,1,1,0,-1,4,4,3,2,918,342,833
985,73,175,925,977,52,18,18,738,738,0,0.002144388849177984,0.002144388849177984,907,907,0,4,4,4,3,28,850,98,853
986,0,206,1,958,957,0,22,1,470,469,0.0,0.0005446066918547262,1,698,697,3,-1,4,7,0,182,943,415
987,139,240,923,968,45,86,86,894,894,0,0.0026889955410327104,0.0026889955410327104,915,915,0,5,3,3,6,27,157,69,337
988,2,103,359,909,550,9,9,385,385,0,0.0,3.4037918240920386e-05,1,402,401,5,5,5,6,1,489,717,771
989,0,102,1,944,943,0,3,1,376,375,0.0,0.0002042275094455223,1,589,588,4,-1,5,2,0,910,793,278
990,0,101,1,928,927,0,5,1,330,329,0.0,3.4037918240920386e-05,1,401,400,5,-1,6,5,0,685,713,552
991,0,0,1,1,0,0,0,1,1,0,0.0,0.0,1,1,0,-1,-1,-1,4,0,675,903,926
992,0,206,1,977,976,0,12,1,605,604,0.0,0.0033016780693692774,1,931,930,3,-1,4,2,0,907,678,51
993,28,129,778,957,179,22,22,800,800,0,0.0012594029749140542,0.0012594029749140542,837,837,0,5,3,3,2,4,733,281,452
994,0,0,1,1,0,0,0,1,1,0,0.0,0.0,1,1,0,-1,-1,-1,5,0,531,635,967
995,8,8,536,536,0,14,14,500,500,0,3.4037918240920386e-05,3.4037918240920386e-05,395,395,0,-1,4,4,5,4,663,442,988
996,2,103,430,980,550,3,3,466,466,0,0.00010211375472276115,0.0002042275094455223,512,605,93,6,5,5,2,1,955,481,401
997,0,206,1,972,971,0,16,1,527,526,0.0,0.0009870996289866913,1,815,814,3,-1,4,4,1,649,947,117
998,0,0,1,1,0,0,0,1,1,0,0.0,0.0,1,1,0,-1,-1,-1,3,0,875,982,977
999,16,118,597,919,322,27,27,577,577,0,0.00013615167296368154,0.00013615167296368154,520,520,0,4,3,3,7,1,698,238,893
