,FreeNet_pre_score,FreeNet_post_score,FreeNet_pre_rank,FreeNet_post_rank,FreeNet_delta_ranks,Reversed_pre_score,Reversed_post_score,Reversed_pre_rank,Reversed_post_rank,Reversed_delta_ranks,Random_pre_score,Random_post_score,Random_pre_rank,Random_post_rank,Random_delta_ranks,dist_victim_relayer,dist_victim_vilain_pre,dist_victim_vilain_post,out_deg_victim,in_deg_villain,victim,villain,relayer
0,0,0,1,1,0,0,0,1,1,0,0.0,0.0,1,1,0,-1,-1,-1,6,0,266,200,995
1,0,616,1,997,996,0,18,1,757,756,0.0,0.003812246842983083,1,936,935,2,-1,3,2,0,589,822,253
2,12,114,523,889,366,38,38,496,496,0,3.4037918240920386e-05,6.807583648184077e-05,400,445,45,4,4,4,11,3,360,496,411
3,0,616,1,992,991,0,40,1,508,507,0.0,0.0014636304843595766,1,849,848,2,-1,3,11,0,233,976,92
4,2,104,346,888,542,20,20,384,384,0,6.807583648184077e-05,0.00017018959120460194,447,547,100,4,5,5,12,1,226,687,444
5,0,616,1,993,992,0,48,1,541,540,0.0,0.0009870996289866913,1,795,794,2,-1,3,12,0,194,701,233
6,258,360,964,979,15,136,136,970,970,0,0.007556417849484326,0.007658531604207087,975,976,1,4,2,2,7,31,296,34,215
7,12,12,707,707,0,12,12,755,755,0,0.00034037918240920387,0.00034037918240920387,669,669,0,-1,4,4,2,3,987,197,957
8,0,102,1,938,937,0,3,1,376,375,0.0,3.4037918240920386e-05,1,403,402,4,-1,5,2,1,906,428,756
9,32,238,740,970,230,38,38,659,659,0,0.00037441710065012424,0.0008169100377820892,663,779,116,3,4,4,7,8,416,187,440
10,2,103,374,937,563,4,4,405,405,0,0.0,0.0,1,1,0,6,5,5,2,1,907,879,621
11,44,146,816,942,126,66,66,876,876,0,0.0008509479560230097,0.0009870996289866913,790,810,20,4,3,3,6,6,253,490,681
12,42,144,846,962,116,12,12,651,651,0,0.001157289220191293,0.0012253650566731338,834,846,12,4,4,4,2,14,881,387,639
13,0,102,1,907,906,0,10,1,358,357,0.0,3.4037918240920386e-05,1,399,398,4,-1,5,9,1,278,835,464
14,6,212,404,949,545,17,25,379,427,48,0.00010211375472276115,0.0004084550188910446,487,671,184,3,5,4,11,4,279,398,770
15,6,108,426,916,490,20,20,527,527,0,0.00013615167296368154,0.00017018959120460194,523,549,26,4,4,4,6,2,582,215,485
16,6,6,437,437,0,10,10,446,446,0,3.4037918240920386e-05,3.4037918240920386e-05,408,408,0,-1,4,4,3,2,927,313,629
17,26,232,727,973,246,44,44,850,850,0,0.0011913271384322134,0.0013955546478777359,828,846,18,3,3,3,4,6,539,234,301
18,0,616,1,997,996,0,21,1,669,668,0.0,0.0020082371762143027,1,889,888,2,-1,3,4,1,559,947,190
19,0,206,1,965,964,0,12,1,443,442,0.0,0.00034037918240920387,1,656,655,3,-1,4,5,0,599,831,691
20,30,30,802,802,0,22,22,792,792,0,0.0007147962830593281,0.0007147962830593281,764,764,0,-1,3,3,2,7,970,169,997
21,0,102,1,933,932,0,5,1,402,401,0.0,0.0002382654276864427,1,602,601,4,-1,5,3,0,823,822,90
22,22,22,616,616,0,84,84,687,687,0,0.0005786446100956465,0.0005786446100956465,717,717,0,-1,3,3,12,3,175,209,945
23,139,755,913,995,82,156,176,850,889,39,0.0019061234214915416,0.00970080669866231,878,971,93,2,3,3,16,18,60,82,7
24,16,117,610,920,310,50,50,816,816,0,0.0004765308553728854,0.0004765308553728854,706,706,0,6,3,3,5,1,392,168,703
25,218,218,945,945,0,318,318,970,970,0,0.003948398515946765,0.003948398515946765,934,934,0,-1,2,2,20,19,88,133,949
26,2,208,361,969,608,8,30,361,606,245,0.00010211375472276115,0.0032336022328874367,485,930,445,3,5,4,7,2,404,692,28
27,0,0,1,1,0,0,0,1,1,0,0.0,0.0,1,1,0,-1,-1,-1,6,0,419,455,793
28,0,102,1,926,925,0,5,1,372,371,0.0,6.807583648184077e-05,1,459,458,4,-1,5,4,0,619,201,549
29,6,6,438,438,0,11,11,453,453,0,3.4037918240920386e-05,3.4037918240920386e-05,403,403,0,-1,4,4,4,1,280,807,822
30,23,639,564,989,425,192,228,652,705,53,0.00013615167296368154,0.002110350930937064,499,882,383,2,3,3,33,3,9,508,203
31,125,125,937,937,0,88,88,977,977,0,0.004118588107151367,0.004118588107151367,947,947,0,-1,2,2,4,19,532,72,751
32,12,114,617,939,322,10,10,494,494,0,0.00030634126416828345,0.0009870996289866913,640,822,182,4,4,4,3,6,861,613,114
33,22,228,661,965,304,42,50,618,671,53,0.00030634126416828345,0.002314578440382586,639,899,260,3,3,3,8,4,383,149,17
34,0,0,1,1,0,0,0,1,1,0,0.0,0.0,1,1,0,-1,-1,-1,6,0,470,812,428
35,8,8,516,516,0,14,14,457,457,0,0.00010211375472276115,0.00010211375472276115,483,483,0,-1,4,4,5,3,492,496,948
36,0,102,1,948,947,0,6,1,452,451,0.0,0.000442492937131965,1,686,685,4,-1,5,3,0,768,867,461
37,2,2,360,360,0,5,5,360,360,0,0.0,0.0,1,1,0,-1,5,5,4,3,572,676,446
38,0,101,1,947,946,0,3,1,330,329,0.0,0.0,1,1,0,6,-1,7,3,0,854,813,708
39,15,221,569,961,392,46,46,622,622,0,0.00034037918240920387,0.000442492937131965,645,682,37,3,4,4,9,5,250,510,334
40,18,634,653,997,344,31,46,719,837,118,0.00017018959120460194,0.0033016780693692774,545,929,384,2,3,3,5,4,662,442,39
41,22,22,561,561,0,144,144,676,676,0,0.0002382654276864427,0.0002382654276864427,579,579,0,-1,3,3,22,3,18,354,668
42,0,102,1,899,898,0,10,1,400,399,0.0,0.0006126825283365669,1,727,726,4,-1,5,5,1,426,706,62
43,37,243,771,970,199,48,48,693,693,0,0.0005105687736138058,0.0019741992579733825,713,885,172,3,3,3,7,9,329,191,66
44,2,2,362,362,0,10,10,404,404,0,0.00010211375472276115,0.00010211375472276115,484,484,0,-1,5,5,6,2,764,313,865
45,28,129,774,956,182,28,28,798,798,0,0.0010211375472276116,0.0010211375472276116,811,811,0,6,3,3,3,4,903,326,736
46,22,22,676,676,0,28,28,666,666,0,0.0,0.0,1,1,0,-1,3,3,5,3,667,361,716
47,0,616,1,992,991,0,56,1,557,556,0.0,0.0017359338302869397,1,863,862,2,-1,3,13,0,91,967,335
48,42,143,808,949,141,44,44,807,807,0,0.0011232513019503727,0.001157289220191293,823,825,2,5,3,3,4,7,572,224,460
49,6,108,450,938,488,10,10,480,480,0,0.0,6.807583648184077e-05,1,448,447,4,4,4,3,1,901,360,532
50,379,480,995,998,3,32,32,945,945,0,0.015385139044896015,0.015385139044896015,995,995,0,5,3,3,2,98,951,23,899
51,0,206,1,972,971,0,11,1,466,465,0.0,0.0006467204465774873,1,747,746,3,-1,4,4,0,650,930,209
52,32,134,822,967,145,24,24,838,838,0,0.001157289220191293,0.0012934408931549745,834,842,8,4,3,3,3,6,768,194,110
53,0,206,1,965,964,0,16,1,507,506,0.0,0.0010892133837094523,1,828,827,3,-1,4,4,1,532,767,174
54,142,142,919,919,0,144,144,942,942,0,0.0026549576227917903,0.0026549576227917903,909,909,0,-1,2,2,10,27,135,304,793
55,40,656,752,994,242,80,94,753,799,46,0.000442492937131965,0.0035059055788147996,683,932,249,2,3,3,11,6,155,379,34
56,11,11,622,622,0,8,8,502,502,0,0.0006126825283365669,0.0006126825283365669,737,737,0,-1,4,4,2,4,739,86,854
57,17,17,651,651,0,30,30,722,722,0,0.00034037918240920387,0.00034037918240920387,649,649,0,-1,3,3,4,3,532,263,730
58,2,618,349,992,643,13,54,349,550,201,0.0,0.0008169100377820892,1,761,760,2,5,3,12,2,175,357,267
59,8,8,578,578,0,14,14,603,603,0,0.00013615167296368154,0.00013615167296368154,530,530,0,-1,4,4,3,3,862,361,624
60,1,103,333,884,551,8,10,333,362,29,0.0,6.807583648184077e-05,1,450,449,4,6,5,8,1,218,469,231
61,78,180,895,967,72,50,50,885,885,0,0.0017018959120460194,0.00176997174852786,865,868,3,4,3,3,5,20,663,95,560
62,0,0,1,1,0,0,0,1,1,0,0.0,0.0,1,1,0,-1,-1,-1,2,1,609,789,828
63,85,291,915,986,71,28,28,809,809,0,0.0020082371762143027,0.0035739814152966403,896,937,41,3,3,3,3,22,863,128,203
64,0,206,1,985,984,0,7,1,593,592,0.0,0.0008169100377820892,1,797,796,3,-1,4,2,0,810,698,683
65,6,108,460,937,477,18,18,613,613,0,0.0002042275094455223,0.00034037918240920387,567,646,79,4,4,4,3,2,651,652,346
66,1,1,332,332,0,3,3,332,332,0,0.0,0.0,1,1,0,-1,6,6,3,1,834,540,877
67,20,121,745,960,215,18,18,696,696,0,0.0008509479560230097,0.0008509479560230097,788,788,0,5,4,4,3,8,718,264,842
68,0,0,1,1,0,0,0,1,1,0,0.0,0.0,1,1,0,-1,-1,-1,8,0,499,916,831
69,127,333,970,995,25,32,32,952,952,0,0.005377991082065421,0.005956635692161067,963,967,4,3,3,3,2,29,878,17,199
70,2,104,367,922,555,6,8,377,417,40,0.00013615167296368154,0.0002723033459273631,524,625,101,4,5,5,4,1,397,593,237
71,0,206,1,974,973,0,10,1,469,468,0.0,0.0012253650566731338,1,841,840,3,-1,4,3,0,484,886,157
72,16,118,621,937,316,22,23,543,592,49,0.00037441710065012424,0.0004084550188910446,667,681,14,4,3,3,5,1,294,862,152
73,72,278,817,963,146,122,126,735,749,14,0.0007488342013002485,0.0011913271384322134,749,818,69,3,2,2,16,3,53,677,759
74,0,206,1,952,951,0,32,1,480,479,0.0,0.0004084550188910446,1,683,682,3,-1,4,10,0,204,938,120
75,0,0,1,1,0,0,0,1,1,0,0.0,0.0,1,1,0,-1,-1,-1,3,1,699,835,483
76,88,88,940,940,0,18,18,742,742,0,0.0023486163586235067,0.0023486163586235067,912,912,0,-1,4,4,3,34,922,89,812
77,6,212,461,976,515,15,16,561,565,4,0.00010211375472276115,0.0005786446100956465,476,734,258,3,4,4,4,2,563,550,194
78,0,0,1,1,0,0,0,1,1,0,0.0,0.0,1,1,0,-1,-1,-1,4,1,603,428,901
79,624,726,994,997,3,176,176,989,989,0,0.016304162837400864,0.01684876952925559,986,987,1,4,2,2,8,118,137,37,187
80,14,14,599,599,0,22,22,543,543,0,0.00017018959120460194,0.00017018959120460194,555,555,0,-1,4,4,5,6,294,229,699
81,1,207,331,974,643,5,18,331,577,246,0.0,0.0019061234214915416,1,869,868,3,6,4,5,1,629,736,69
82,259,465,972,991,19,126,126,972,972,0,0.005037611899656217,0.005514142755029102,956,960,4,3,2,2,7,35,156,57,40
83,20,122,687,940,253,16,16,544,544,0,0.0006467204465774873,0.0006467204465774873,748,748,0,4,4,4,4,4,593,333,639
84,0,0,1,1,0,0,0,1,1,0,0.0,0.0,1,1,0,-1,-1,-1,2,2,987,633,970
85,183,285,975,987,12,48,48,969,969,0,0.006399128629293032,0.006603356138738555,968,969,1,4,3,3,3,57,984,50,447
86,6,6,404,404,0,66,66,633,633,0,0.00030634126416828345,0.00030634126416828345,629,629,0,-1,4,4,11,1,76,556,914
87,0,0,1,1,0,0,0,1,1,0,0.0,0.0,1,1,0,-1,-1,-1,8,0,521,794,783
88,1,103,332,947,615,2,3,332,381,49,0.0,0.00030634126416828345,1,647,646,4,6,5,2,1,928,853,268
89,0,101,1,963,962,0,2,1,332,331,0.0,0.0,1,1,0,5,-1,6,2,0,810,855,265
90,0,0,1,1,0,0,0,1,1,0,0.0,0.0,1,1,0,-1,-1,-1,8,0,309,750,773
91,6,108,482,948,466,8,8,512,512,0,6.807583648184077e-05,0.0002042275094455223,448,589,141,4,4,4,2,1,910,152,458
92,0,0,1,1,0,0,0,1,1,0,0.0,0.0,1,1,0,-1,-1,-1,3,0,703,973,996
93,14,115,586,918,332,19,19,488,488,0,0.0,0.0,1,1,0,5,4,4,6,4,98,581,618
94,0,102,1,914,913,0,5,1,357,356,0.0,0.00013615167296368154,1,519,518,4,-1,5,4,0,512,673,646
95,6,6,477,477,0,8,8,496,496,0,0.0,0.0,1,1,0,-1,4,4,3,1,785,899,731
96,0,101,1,915,914,0,4,1,331,330,0.0,0.0,1,1,0,5,-1,6,4,0,675,997,763
97,43,43,900,900,0,12,12,749,749,0,0.0015317063208414173,0.0015317063208414173,876,876,0,-1,4,4,2,18,941,147,742
98,16,632,603,995,392,58,72,788,859,71,0.000442492937131965,0.0032336022328874367,686,929,243,2,3,3,7,1,196,439,302
99,52,52,867,867,0,22,22,798,798,0,0.0013274788113958951,0.0013274788113958951,853,853,0,-1,3,3,2,9,881,415,916
100,0,101,1,922,921,0,4,1,332,331,0.0,0.0,1,1,0,6,-1,7,4,0,543,488,893
101,65,681,864,997,133,44,54,848,908,60,0.002144388849177984,0.006909697402906838,897,971,74,2,3,3,4,11,753,166,126
102,0,102,1,934,933,0,4,1,365,364,0.0,0.00010211375472276115,1,479,478,4,-1,5,3,0,748,933,241
103,0,206,1,945,944,0,40,1,469,468,0.0,0.0002042275094455223,1,555,554,3,-1,4,14,0,181,908,178
104,0,0,1,1,0,0,0,1,1,0,0.0,0.0,1,1,0,-1,-1,-1,9,2,277,431,820
105,9,9,536,536,0,12,12,439,439,0,3.4037918240920386e-05,3.4037918240920386e-05,402,402,0,-1,4,4,4,3,500,526,983
106,0,0,1,1,0,0,0,1,1,0,0.0,0.0,1,1,0,-1,-1,-1,3,0,756,833,725
107,1,1,333,333,0,4,4,333,333,0,0.0,0.0,1,1,0,-1,6,6,4,1,461,788,712
108,7,108,595,962,367,8,8,600,600,0,0.00013615167296368154,0.0002382654276864427,535,615,80,5,4,4,2,4,963,270,718
109,0,0,1,1,0,0,0,1,1,0,0.0,0.0,1,1,0,-1,-1,-1,16,0,132,994,913
110,0,206,1,936,935,0,53,1,432,431,0.0,0.00030634126416828345,1,610,609,3,-1,4,22,1,55,738,173
111,46,46,791,791,0,62,62,753,753,0,0.00037441710065012424,0.00037441710065012424,666,666,0,-1,3,3,7,5,179,418,990
112,0,0,1,1,0,0,0,1,1,0,0.0,0.0,1,1,0,-1,-1,-1,2,0,980,875,356
113,6,212,414,966,552,24,32,491,539,48,0.00010211375472276115,0.0007828721195411688,488,772,284,3,4,4,8,1,646,661,161
114,2,104,346,888,542,23,24,404,408,4,0.00010211375472276115,0.0002042275094455223,487,570,83,4,5,5,12,1,226,552,411
115,103,103,883,883,0,106,106,756,756,0,0.0012253650566731338,0.0012253650566731338,822,822,0,-1,3,3,14,16,21,113,271
116,196,402,969,989,20,70,70,938,938,0,0.003982436434187685,0.005071649817897137,944,957,13,3,3,3,5,48,452,56,117
117,18,18,595,595,0,57,57,597,597,0,6.807583648184077e-05,6.807583648184077e-05,445,445,0,-1,3,3,12,3,194,300,894
118,175,175,945,945,0,148,148,977,977,0,0.003437829742332959,0.003437829742332959,925,925,0,-1,2,2,9,18,166,54,787
119,20,20,731,731,0,8,8,522,522,0,0.00030634126416828345,0.00030634126416828345,646,646,0,-1,4,4,2,6,957,275,445
120,211,211,951,951,0,170,170,903,903,0,0.002484768031587188,0.002484768031587188,897,897,0,-1,3,3,15,34,102,89,483
121,0,101,1,974,973,0,2,1,329,328,0.0,0.0002382654276864427,1,602,601,5,-1,6,2,0,944,941,241
122,47,148,858,963,105,28,28,811,811,0,0.0015657442390823377,0.001599782157323258,877,878,1,6,3,3,3,14,800,190,421
123,23,639,742,999,257,12,32,609,908,299,0.000442492937131965,0.014295925661186561,681,992,311,2,4,3,2,7,733,150,23
124,2,2,377,377,0,4,4,422,422,0,0.0,0.0,1,1,0,-1,5,5,2,2,986,342,930
125,34,650,664,993,329,96,118,598,671,73,0.00088498587426393,0.002586881786309949,781,909,128,2,3,3,19,5,36,562,61
126,22,124,639,912,273,56,56,651,651,0,0.0002382654276864427,0.0002723033459273631,593,614,21,4,3,3,9,2,213,770,392
127,0,206,1,974,973,0,9,1,467,466,0.0,0.0002042275094455223,1,564,563,3,-1,4,3,0,484,723,904
128,50,256,765,958,193,136,136,804,804,0,0.0005105687736138058,0.0007147962830593281,693,741,48,3,3,3,16,5,145,418,557
129,56,262,816,972,156,56,56,747,747,0,0.0009870996289866913,0.0012934408931549745,799,835,36,3,3,3,6,6,312,658,280
130,0,101,1,898,897,0,8,1,332,331,0.0,0.0,1,1,0,6,-1,7,8,0,418,897,708
131,2,2,365,365,0,7,7,441,441,0,0.00013615167296368154,0.00013615167296368154,520,520,0,-1,5,5,4,1,827,481,611
132,0,0,1,1,0,0,0,1,1,0,0.0,0.0,1,1,0,-1,-1,-1,4,0,397,624,992
133,88,190,892,965,73,40,40,800,800,0,0.0019741992579733825,0.002144388849177984,877,890,13,4,3,3,5,22,692,128,383
134,0,206,1,968,967,0,22,1,503,502,0.0,0.0016678579938050988,1,872,871,3,-1,4,7,0,305,923,127
135,0,616,1,989,988,0,45,1,471,470,0.0,0.0004765308553728854,1,676,675,2,-1,3,16,0,134,429,688
136,1,1,333,333,0,12,12,333,333,0,0.0,0.0,1,1,0,-1,7,7,12,1,375,972,514
137,2,104,359,917,558,9,9,413,413,0,6.807583648184077e-05,0.00010211375472276115,447,486,39,4,5,5,5,2,692,419,899
138,49,255,832,974,142,44,44,828,828,0,0.0013955546478777359,0.0019741992579733825,850,886,36,3,3,3,4,11,354,118,299
139,1,101,332,890,558,7,7,332,332,0,0.0,0.0,1,1,0,6,7,7,7,1,372,765,663
140,6,108,386,882,496,29,30,409,414,5,3.4037918240920386e-05,0.00017018959120460194,397,544,147,4,4,4,13,1,165,807,487
141,34,650,693,991,298,80,110,617,737,120,0.0004084550188910446,0.0035739814152966403,671,931,260,2,3,3,14,6,203,258,27
142,45,146,921,985,64,22,22,946,946,0,0.008509479560230097,0.008577555396711936,976,976,0,5,3,3,2,15,956,92,392
143,1,102,332,944,612,2,2,332,332,0,0.0,3.4037918240920386e-05,1,402,401,5,6,6,2,3,942,755,322
144,0,102,1,922,921,0,6,1,361,360,0.0,3.4037918240920386e-05,1,405,404,4,-1,5,5,0,294,859,410
145,0,206,1,988,987,0,8,1,645,644,0.0,0.0017018959120460194,1,879,878,3,-1,4,2,0,962,359,89
146,2,208,346,950,604,16,34,370,460,90,0.0,0.0005446066918547262,1,708,707,3,5,4,12,2,62,764,293
147,0,206,1,952,951,0,22,1,413,412,0.0,0.00030634126416828345,1,614,613,3,-1,4,10,1,254,789,284
148,0,0,1,1,0,0,0,1,1,0,0.0,0.0,1,1,0,-1,-1,-1,5,0,390,884,773
149,7,7,539,539,0,16,16,537,537,0,0.000442492937131965,0.000442492937131965,696,696,0,-1,4,4,4,3,403,354,793
150,0,206,1,956,955,0,45,1,566,565,0.0,0.0019741992579733825,1,878,877,3,-1,4,11,0,379,669,65
151,0,0,1,1,0,0,0,1,1,0,0.0,0.0,1,1,0,-1,-1,-1,5,0,476,834,989
152,71,71,884,884,0,46,46,872,872,0,0.001497668402600497,0.001497668402600497,855,855,0,-1,3,3,5,15,663,137,731
153,4,210,386,958,572,20,25,404,440,36,0.00010211375472276115,0.0005105687736138058,468,698,230,3,5,4,11,2,248,579,612
154,1,102,333,898,565,8,8,333,333,0,0.0,0.0,1,1,0,5,7,6,8,1,443,972,743
155,268,884,968,997,29,234,244,992,994,2,0.005037611899656217,0.009973110044589673,952,976,24,2,2,2,12,24,93,8,135
156,0,206,1,964,963,0,19,1,439,438,0.0,0.00030634126416828345,1,627,626,3,-1,4,8,0,371,980,286
157,210,312,961,981,20,126,126,973,973,0,0.0032336022328874367,0.0033016780693692774,930,932,2,4,2,2,7,33,320,15,579
158,8,110,544,933,389,22,22,601,601,0,0.00034037918240920387,0.0004084550188910446,652,686,34,4,4,4,5,2,435,323,285
159,24,126,634,904,270,64,64,611,611,0,0.0004084550188910446,0.0008509479560230097,663,774,111,4,4,4,12,4,348,333,637
160,0,616,1,991,990,0,178,1,869,868,0.0,0.010041185881071514,1,975,974,2,-1,3,17,0,24,520,23
161,46,46,846,846,0,28,28,776,776,0,0.0011232513019503727,0.0011232513019503727,834,834,0,-1,3,3,3,12,935,155,835
162,0,0,1,1,0,0,0,1,1,0,0.0,0.0,1,1,0,-1,-1,-1,2,0,849,808,929
163,6,6,400,400,0,38,38,489,489,0,6.807583648184077e-05,6.807583648184077e-05,439,439,0,-1,4,4,11,1,163,370,773
164,0,102,1,902,901,0,5,1,374,373,0.0,0.0002723033459273631,1,613,612,4,-1,5,3,0,634,372,417
165,0,616,1,996,995,0,50,1,815,814,0.0,0.005003573981415297,1,960,959,2,-1,3,5,0,392,698,34
166,12,114,610,938,328,12,12,485,485,0,0.0002042275094455223,0.0002382654276864427,573,605,32,4,4,4,4,4,648,315,837
167,2,208,362,971,609,6,12,376,478,102,0.00010211375472276115,0.0012253650566731338,483,842,359,3,5,4,4,1,313,931,157
168,6,212,386,948,562,54,58,519,534,15,0.00017018959120460194,0.0008509479560230097,545,773,228,3,4,4,13,3,165,410,234
169,120,326,945,985,40,34,34,801,801,0,0.0033357159876101976,0.0042547397801150485,931,948,17,3,3,3,4,30,633,65,68
170,0,0,1,1,0,0,0,1,1,0,0.0,0.0,1,1,0,-1,-1,-1,7,2,321,709,860
171,1,207,333,962,629,7,17,333,434,101,0.0,0.00030634126416828345,1,631,630,3,6,4,7,1,156,924,249
172,23,125,652,905,253,39,39,505,505,0,0.00030634126416828345,0.00030634126416828345,618,618,0,4,3,3,11,6,233,279,676
173,6,108,439,925,486,20,20,608,608,0,0.00017018959120460194,0.00017018959120460194,542,542,0,4,4,4,4,2,753,493,441
174,10,10,571,571,0,8,8,473,473,0,0.0002382654276864427,0.0002382654276864427,599,599,0,-1,4,4,2,3,990,653,488
175,0,206,1,970,969,0,8,1,445,444,0.0,0.00088498587426393,1,795,794,3,-1,4,2,0,859,744,54
176,62,62,788,788,0,148,148,767,767,0,0.0011913271384322134,0.0011913271384322134,818,818,0,-1,3,3,21,11,2,193,980
177,21,122,702,943,241,20,20,633,633,0,0.000442492937131965,0.0005105687736138058,689,706,17,5,4,4,4,9,511,245,654
178,16,118,603,920,317,28,28,683,683,0,0.00034037918240920387,0.00034037918240920387,643,643,0,4,3,3,3,1,731,80,244
179,80,80,846,846,0,100,100,812,812,0,0.0017359338302869397,0.0017359338302869397,864,864,0,-1,3,3,10,13,105,183,933
180,0,0,1,1,0,0,0,1,1,0,0.0,0.0,1,1,0,-1,-1,-1,4,0,495,936,657
181,34,650,689,992,303,114,114,751,751,0,0.0005446066918547262,0.0013274788113958951,712,837,125,2,3,3,14,6,85,381,137
182,2,2,353,353,0,13,13,378,378,0,0.0,0.0,1,1,0,-1,5,5,9,1,217,593,569
183,0,206,1,968,967,0,16,1,504,503,0.0,0.0009530617107457708,1,805,804,3,-1,4,4,0,235,997,79
184,46,148,810,940,130,82,82,881,881,0,0.0012934408931549745,0.001497668402600497,845,860,15,4,3,3,7,6,361,471,369
185,28,28,643,643,0,74,74,556,556,0,0.0002042275094455223,0.0002042275094455223,556,556,0,-1,3,3,18,4,86,625,945
186,0,0,1,1,0,0,0,1,1,0,0.0,0.0,1,1,0,-1,-1,-1,7,0,216,991,887
187,0,101,1,937,936,0,3,1,331,330,0.0,0.0,1,1,0,5,-1,6,3,0,845,731,837
188,177,383,955,985,30,106,106,961,961,0,0.0040845501889104465,0.005922597773920147,945,962,17,3,2,2,7,34,698,89,203
189,1,103,333,962,629,2,3,333,403,70,0.0,0.0006126825283365669,1,760,759,4,7,5,2,1,805,437,399
190,0,206,1,966,965,0,26,1,536,535,0.0,0.0007828721195411688,1,770,769,3,-1,4,7,0,416,866,326
191,2,104,365,922,557,5,7,365,390,25,6.807583648184077e-05,0.00010211375472276115,449,485,36,4,5,5,4,2,304,764,251
192,1,102,333,930,597,4,4,333,333,0,0.0,3.4037918240920386e-05,1,416,415,5,6,6,4,1,607,437,896
193,6,622,408,995,587,30,44,543,649,106,0.00010211375472276115,0.0014636304843595766,481,848,367,2,4,3,7,1,321,756,64
194,0,102,1,886,885,0,20,1,400,399,0.0,0.0006126825283365669,1,726,725,4,-1,5,11,0,215,910,114
195,236,236,950,950,0,302,302,968,968,0,0.0032336022328874367,0.0032336022328874367,926,926,0,-1,2,2,20,18,61,64,859
196,16,222,512,945,433,96,96,671,671,0,0.0002723033459273631,0.0007828721195411688,608,749,141,3,3,3,14,1,203,556,198
197,21,122,776,964,188,18,18,714,714,0,0.0006467204465774873,0.0006807583648184077,747,754,7,5,4,4,3,8,707,174,196
198,0,206,1,970,969,0,10,1,452,451,0.0,0.000442492937131965,1,682,681,3,-1,4,4,0,520,367,284
199,20,122,728,952,224,22,22,744,744,0,0.000442492937131965,0.0006467204465774873,689,753,64,4,3,3,4,3,553,677,241
200,16,117,628,929,301,30,30,743,743,0,0.00010211375472276115,0.00010211375472276115,485,485,0,6,3,3,4,1,559,609,763
201,478,579,996,999,3,80,80,995,995,0,0.022635215630212056,0.022635215630212056,998,998,0,9,2,2,2,91,977,7,647
202,0,0,1,1,0,0,0,1,1,0,0.0,0.0,1,1,0,-1,-1,-1,6,0,356,825,816
203,2,2,355,355,0,10,10,389,389,0,0.0,0.0,1,1,0,-1,5,5,6,1,425,879,806
204,154,256,953,977,24,68,68,954,954,0,0.006433166547533953,0.006569318220497634,967,970,3,4,2,2,4,26,495,108,362
205,6,108,389,877,488,38,38,428,428,0,0.0,0.0,1,1,0,4,4,4,16,3,151,321,563
206,10,112,600,942,342,14,14,566,566,0,0.0002042275094455223,0.0002382654276864427,577,594,17,4,4,4,3,4,958,443,311
207,0,0,1,1,0,0,0,1,1,0,0.0,0.0,1,1,0,-1,-1,-1,9,0,414,358,774
208,12,218,528,958,430,38,42,534,557,23,0.00017018959120460194,0.0013955546478777359,545,841,296,3,4,4,9,4,213,380,261
209,0,101,1,945,944,0,2,1,331,330,0.0,0.0,1,1,0,8,-1,9,2,0,951,423,857
210,60,676,829,995,166,50,50,778,778,0,0.0016678579938050988,0.0026889955410327104,859,912,53,2,3,3,5,8,546,174,165
211,2,104,352,892,540,18,18,399,399,0,0.0,0.0,1,1,0,4,5,5,10,1,258,421,761
212,0,0,1,1,0,0,0,1,1,0,0.0,0.0,1,1,0,-1,-1,-1,7,0,156,864,965
213,0,206,1,936,935,0,57,1,445,444,0.0,0.000442492937131965,1,661,660,3,-1,4,22,3,55,478,333
214,0,0,1,1,0,0,0,1,1,0,0.0,0.0,1,1,0,-1,-1,-1,4,0,619,990,678
215,0,0,1,1,0,0,0,1,1,0,0.0,0.0,1,1,0,-1,-1,-1,17,0,24,976,977
216,20,122,716,947,231,10,10,484,484,0,0.0005786446100956465,0.0007488342013002485,731,762,31,4,4,4,3,7,791,389,741
217,0,206,1,964,963,0,15,1,502,501,0.0,0.0002042275094455223,1,566,565,3,-1,4,4,0,717,643,168
218,0,102,1,960,959,0,4,1,438,437,0.0,0.0008509479560230097,1,793,792,4,-1,5,2,0,997,733,99
219,0,206,1,972,971,0,12,1,461,460,0.0,0.0005446066918547262,1,725,724,3,-1,4,4,0,700,836,306
220,177,177,976,976,0,32,32,945,945,0,0.007113924912352361,0.007113924912352361,968,968,0,-1,3,3,2,49,951,31,818
221,0,102,1,891,890,0,14,1,398,397,0.0,0.0002042275094455223,1,568,567,4,-1,5,7,0,296,836,341
222,0,102,1,965,964,0,4,1,478,477,0.0,0.0013274788113958951,1,861,860,4,-1,5,2,0,987,651,128
223,1,103,331,976,645,2,3,331,432,101,3.4037918240920386e-05,0.001157289220191293,402,835,433,4,6,5,2,1,973,763,112
224,0,0,1,1,0,0,0,1,1,0,0.0,0.0,1,1,0,-1,-1,-1,3,0,808,520,815
225,100,100,877,877,0,100,100,867,867,0,0.018857006705469893,0.019061234214915415,993,993,0,3,1,1,9,26,277,112,319
226,46,46,726,726,0,106,106,675,675,0,0.00037441710065012424,0.00037441710065012424,655,655,0,-1,3,3,15,5,77,182,855
227,58,160,846,952,106,60,60,885,885,0,0.0022465026039007454,0.0025188059498281084,895,906,11,4,3,3,5,13,438,42,167
228,25,231,722,972,250,46,46,765,765,0,0.00088498587426393,0.0017359338302869397,802,873,71,3,3,3,6,4,526,125,185
229,6,212,385,943,558,63,71,485,506,21,0.0,0.00010211375472276115,1,478,477,3,4,4,20,2,88,719,360
230,0,102,1,907,906,0,9,1,367,366,0.0,3.4037918240920386e-05,1,398,397,4,-1,5,7,1,336,456,762
231,0,102,1,884,883,0,15,1,376,375,0.0,0.0,1,1,0,4,-1,5,10,0,205,228,451
232,50,152,815,949,134,92,92,920,920,0,0.0017018959120460194,0.0018040096667687805,858,865,7,4,2,2,7,6,359,490,691
233,0,102,1,907,906,0,9,1,367,366,0.0,0.0,1,1,0,4,-1,5,7,0,336,954,558
234,16,16,498,498,0,136,136,669,669,0,0.0002382654276864427,0.0002382654276864427,577,577,0,-1,3,3,23,1,57,727,790
235,29,29,809,809,0,12,12,653,653,0,0.0004765308553728854,0.0004765308553728854,715,715,0,-1,4,4,2,11,975,162,947
236,26,232,749,976,227,12,16,517,579,62,0.00030634126416828345,0.0010211375472276116,633,812,179,3,4,4,4,11,507,162,559
237,0,102,1,879,878,0,22,1,376,375,0.0,0.00010211375472276115,1,469,468,4,-1,5,15,0,65,965,697
238,6,622,372,990,618,68,118,422,560,138,0.0,0.0009530617107457708,1,786,785,2,4,3,30,1,7,862,189
239,28,28,711,711,0,46,46,665,665,0,0.0004084550188910446,0.0004084550188910446,669,669,0,-1,3,3,8,3,488,519,973
240,0,101,1,967,966,0,2,1,330,329,0.0,0.00037441710065012424,1,680,679,5,-1,6,2,0,936,846,340
241,44,145,748,910,162,86,86,638,638,0,0.00030634126416828345,0.00030634126416828345,627,627,0,5,3,3,14,7,127,389,692
242,6,107,478,941,463,8,8,488,488,0,6.807583648184077e-05,6.807583648184077e-05,454,454,0,7,4,4,2,1,586,394,972
243,0,206,1,990,989,0,7,1,588,587,0.0,0.0006807583648184077,1,762,761,3,-1,4,2,0,865,786,447
244,0,102,1,879,878,0,18,1,369,368,0.0,0.00013615167296368154,1,504,503,4,-1,5,14,0,130,934,596
245,12,113,513,893,380,58,58,619,619,0,0.0002723033459273631,0.0004084550188910446,600,661,61,5,4,4,11,3,163,197,238
246,8,214,504,961,457,24,24,504,504,0,0.00013615167296368154,0.0008169100377820892,515,780,265,3,4,4,6,2,560,680,211
247,2,103,345,860,515,20,20,345,345,0,0.0,0.0,1,1,0,5,5,5,19,1,11,671,896
248,0,101,1,935,934,0,2,1,331,330,0.0,0.0,1,1,0,6,-1,7,2,1,993,693,357
249,44,44,740,740,0,136,136,786,786,0,0.000442492937131965,0.000442492937131965,677,677,0,-1,3,3,16,5,59,178,800
250,81,182,857,946,89,70,70,745,745,0,0.001940161339732462,0.001940161339732462,873,873,0,5,3,3,10,19,437,297,495
251,14,220,587,965,378,28,32,559,601,42,0.00030634126416828345,0.0006126825283365669,645,739,94,3,4,4,6,3,345,378,165
252,12,218,533,958,425,32,36,510,530,20,3.4037918240920386e-05,0.00013615167296368154,413,511,98,3,4,4,8,5,434,231,156
253,0,0,1,1,0,0,0,1,1,0,0.0,0.0,1,1,0,-1,-1,-1,9,0,250,909,927
254,0,0,1,1,0,0,0,1,1,0,0.0,0.0,1,1,0,-1,-1,-1,3,0,844,818,702
255,0,616,1,998,997,0,24,1,780,779,0.0,0.0030293747234419145,1,925,924,2,-1,3,3,0,791,632,67
256,0,616,1,988,987,0,54,1,471,470,0.0,0.00037441710065012424,1,658,657,2,-1,3,17,0,6,989,557
257,0,102,1,968,967,0,3,1,404,403,0.0,0.00017018959120460194,1,562,561,4,-1,5,2,0,866,997,362
258,0,102,1,884,883,0,17,1,401,400,0.0,0.00034037918240920387,1,648,647,4,-1,5,9,0,202,423,303
259,0,102,1,867,866,0,27,1,370,369,0.0,0.0002042275094455223,1,559,558,4,-1,5,19,0,19,849,307
260,6,107,396,882,486,32,32,475,475,0,0.00017018959120460194,0.00017018959120460194,545,545,0,5,4,4,10,1,298,958,671
261,28,129,672,906,234,92,92,732,732,0,0.0002382654276864427,0.0002723033459273631,583,603,20,6,3,3,12,3,143,318,605
262,22,228,663,967,304,84,84,878,878,0,0.000442492937131965,0.0017018959120460194,680,869,189,3,3,3,8,2,595,465,129
263,17,118,676,943,267,12,12,505,505,0,0.00034037918240920387,0.00037441710065012424,654,668,14,6,4,4,4,7,696,303,755
264,0,206,1,960,959,0,22,1,468,467,0.0,0.0002723033459273631,1,602,601,3,-1,4,8,0,308,574,93
265,0,206,1,951,950,0,26,1,449,448,0.0,0.00030634126416828345,1,619,618,3,-1,4,11,0,333,993,192
266,9,215,602,979,377,18,18,736,736,0,0.00037441710065012424,0.0010892133837094523,671,822,151,3,4,4,3,5,535,589,216
267,0,206,1,938,937,0,38,1,395,394,0.0,0.00017018959120460194,1,537,536,3,-1,4,19,1,89,747,501
268,0,206,1,949,948,0,43,1,477,476,0.0,0.000442492937131965,1,676,675,3,-1,4,14,0,21,868,589
269,8,8,500,500,0,32,32,500,500,0,3.4037918240920386e-05,3.4037918240920386e-05,405,405,0,-1,4,4,10,3,258,434,786
270,6,107,428,902,474,19,19,439,439,0,6.807583648184077e-05,0.00010211375472276115,445,481,36,6,4,4,8,2,260,313,656
271,46,46,819,819,0,44,44,818,818,0,0.0009190237925048504,0.0009190237925048504,799,799,0,-1,3,3,4,7,516,253,952
272,24,230,621,954,333,68,72,531,543,12,0.0002382654276864427,0.0004084550188910446,590,678,88,3,3,3,17,5,39,710,617
273,2,2,360,360,0,7,7,401,401,0,6.807583648184077e-05,6.807583648184077e-05,456,456,0,-1,5,5,4,1,969,421,672
274,1,207,333,952,619,9,23,333,443,110,0.0,0.00017018959120460194,1,527,526,3,7,4,9,2,123,663,451
275,23,229,709,974,265,30,30,708,708,0,0.0006126825283365669,0.0008509479560230097,749,793,44,3,3,3,4,3,453,291,52
276,0,0,1,1,0,0,0,1,1,0,0.0,0.0,1,1,0,-1,-1,-1,7,0,525,635,701
277,0,206,1,970,969,0,11,1,455,454,0.0,0.0002723033459273631,1,620,619,3,-1,4,5,0,644,843,409
278,0,102,1,882,881,0,20,1,396,395,0.0,0.00013615167296368154,1,513,512,4,-1,5,10,0,285,367,286
279,1,102,331,943,612,2,2,331,331,0,0.0,0.0,1,1,0,5,6,6,2,1,876,469,761
280,9,111,534,925,391,10,10,461,461,0,3.4037918240920386e-05,6.807583648184077e-05,397,442,45,4,4,4,3,4,725,581,531
281,0,206,1,956,955,0,30,1,446,445,0.0,0.00010211375472276115,1,483,482,3,-1,4,12,0,106,276,252
282,0,0,1,1,0,0,0,1,1,0,0.0,0.0,1,1,0,-1,-1,-1,5,0,284,825,976
283,0,102,1,948,947,0,6,1,438,437,0.0,0.0004765308553728854,1,712,711,4,-1,5,3,1,718,835,209
284,0,102,1,872,871,0,26,1,362,361,0.0,0.0,1,1,0,4,-1,5,22,0,33,674,585
285,0,102,1,895,894,0,12,1,378,377,0.0,6.807583648184077e-05,1,449,448,4,-1,5,8,0,297,863,300
286,18,18,716,716,0,18,18,708,708,0,0.000442492937131965,0.000442492937131965,699,699,0,-1,4,4,3,5,485,221,993
287,725,725,997,997,0,144,144,989,989,0,0.017597603730555838,0.017597603730555838,992,992,0,-1,2,2,6,118,560,37,836
288,16,16,714,714,0,22,22,855,855,0,0.0005105687736138058,0.0005105687736138058,721,721,0,-1,3,3,2,1,991,759,513
289,36,242,853,987,134,32,32,957,957,0,0.00176997174852786,0.0028591851322373124,886,930,44,3,3,3,2,5,994,393,218
290,24,24,665,665,0,66,66,667,667,0,0.0006807583648184077,0.0006807583648184077,754,754,0,-1,3,3,10,3,189,616,472
291,16,632,483,988,505,98,190,558,818,260,0.00030634126416828345,0.010619830491167161,624,983,359,2,3,3,20,4,5,409,37
292,30,132,685,912,227,82,82,682,682,0,0.0006467204465774873,0.0006807583648184077,736,743,7,4,3,3,12,4,226,328,238
293,25,126,794,965,171,14,14,628,628,0,0.0006807583648184077,0.0007828721195411688,761,772,11,5,4,4,3,13,768,120,398
294,0,206,1,976,975,0,8,1,506,505,0.0,0.0007147962830593281,1,768,767,3,-1,4,2,1,816,767,234
295,0,616,1,992,991,0,66,1,532,531,0.0,0.0014295925661186562,1,841,840,2,-1,3,16,0,53,716,122
296,2,104,359,910,551,8,10,375,395,20,0.0,0.0002723033459273631,1,631,630,4,5,5,6,1,267,853,115
297,0,0,1,1,0,0,0,1,1,0,0.0,0.0,1,1,0,-1,-1,-1,9,0,126,864,905
298,0,616,1,992,991,0,70,1,548,547,0.0,0.001940161339732462,1,878,877,2,-1,3,16,0,53,946,44
299,2,208,362,973,611,4,8,394,481,87,0.00013615167296368154,0.00176997174852786,524,875,351,3,5,4,2,2,429,714,180
300,5,211,435,971,536,9,14,399,474,75,3.4037918240920386e-05,0.0009870996289866913,399,811,412,3,5,4,5,3,386,580,204
301,283,489,979,993,14,62,62,954,954,0,0.006943735321147759,0.007862759113652609,972,975,3,3,2,2,3,54,725,28,97
302,0,0,1,1,0,0,0,1,1,0,0.0,0.0,1,1,0,-1,-1,-1,2,0,846,918,766
303,429,429,987,987,0,130,130,983,983,0,0.009020048333843901,0.009020048333843901,979,979,0,-1,2,2,7,70,398,18,726
304,0,0,1,1,0,0,0,1,1,0,0.0,0.0,1,1,0,-1,-1,-1,3,0,774,786,983
305,16,118,680,946,266,18,19,731,788,57,0.0006807583648184077,0.0007828721195411688,765,787,22,4,3,3,3,1,683,896,408
306,0,101,1,903,902,0,5,1,332,331,0.0,0.0,1,1,0,5,-1,6,5,1,474,705,325
307,6,6,447,447,0,20,20,603,603,0,0.0008169100377820892,0.0008169100377820892,790,790,0,-1,4,4,4,1,313,439,920
308,12,218,525,961,436,34,42,564,642,78,0.0002382654276864427,0.0018720855032506212,595,876,281,3,4,4,7,2,591,682,112
309,6,6,406,406,0,21,21,412,412,0,0.00010211375472276115,0.00010211375472276115,480,480,0,-1,4,4,10,1,153,931,831
310,0,616,1,999,998,0,20,1,749,748,0.0,0.002110350930937064,1,897,896,2,-1,3,3,0,710,963,191
311,0,206,1,967,966,0,16,1,492,491,0.0,0.0004084550188910446,1,680,679,3,-1,4,4,0,638,965,340
312,36,36,807,807,0,22,22,750,750,0,0.0006807583648184077,0.0006807583648184077,752,752,0,-1,3,3,2,6,966,194,698
313,0,102,1,904,903,0,9,1,395,394,0.0,0.00017018959120460194,1,556,555,4,-1,5,5,0,474,745,346
314,422,422,996,996,0,22,22,844,844,0,0.014329963579427483,0.014329963579427483,990,990,0,-1,3,3,2,127,781,11,740
315,0,616,1,993,992,0,42,1,638,637,0.0,0.0025188059498281084,1,906,905,2,-1,3,8,0,365,966,47
316,36,137,781,946,165,28,28,733,733,0,0.001055175465468532,0.0010892133837094523,812,816,4,5,3,3,3,10,645,413,585
317,31,132,754,932,178,18,18,566,566,0,0.0008509479560230097,0.00088498587426393,792,796,4,5,4,4,3,8,634,284,656
318,26,232,682,959,277,36,36,543,543,0,0.00017018959120460194,0.0008169100377820892,548,781,233,3,4,4,8,6,483,229,245
319,0,206,1,960,959,0,17,1,435,434,0.0,0.000442492937131965,1,679,678,3,-1,4,7,1,340,814,136
320,24,126,658,905,247,62,62,664,664,0,0.0006126825283365669,0.0007147962830593281,728,757,29,4,3,3,10,4,99,479,567
321,17,17,753,753,0,12,12,725,725,0,0.00034037918240920387,0.00034037918240920387,661,661,0,-1,4,4,2,8,890,132,271
322,64,270,865,980,115,40,40,804,804,0,0.0015657442390823377,0.0030293747234419145,848,924,76,3,3,3,5,17,843,60,106
323,6,212,555,989,434,8,12,609,756,147,0.00013615167296368154,0.001940161339732462,524,896,372,3,4,4,2,1,873,659,104
324,12,218,509,950,441,31,52,440,542,102,6.807583648184077e-05,0.0013615167296368155,450,834,384,3,4,4,12,3,44,598,203
325,12,218,563,973,410,23,24,532,534,2,3.4037918240920386e-05,0.0004084550188910446,387,664,277,3,4,4,6,2,515,749,622
326,9,9,564,564,0,14,14,519,519,0,0.00013615167296368154,0.00013615167296368154,526,526,0,-1,4,4,5,3,744,385,998
327,0,0,1,1,0,0,0,1,1,0,0.0,0.0,1,1,0,-1,-1,-1,8,0,131,538,909
328,333,333,976,976,0,234,234,966,966,0,0.005548180673270023,0.005548180673270023,960,960,0,-1,2,2,15,49,104,51,488
329,0,206,1,971,970,0,10,1,466,465,0.0,0.0005786446100956465,1,726,725,3,-1,4,3,0,680,911,296
330,6,6,399,399,0,22,22,415,415,0,0.00010211375472276115,0.00010211375472276115,475,475,0,-1,4,4,10,1,82,899,638
331,16,222,646,972,326,21,27,618,717,99,0.0002042275094455223,0.0012253650566731338,578,838,260,3,3,3,5,3,685,755,642
332,19,225,601,952,351,68,68,622,622,0,0.00037441710065012424,0.0005105687736138058,648,695,47,3,4,4,12,5,44,510,958
333,0,102,1,925,924,0,6,1,403,402,0.0,0.00010211375472276115,1,485,484,4,-1,5,3,0,484,517,501
334,0,616,1,994,993,0,31,1,534,533,0.0,0.00088498587426393,1,787,786,2,-1,3,9,0,388,735,136
335,121,223,955,982,27,52,52,982,982,0,0.005037611899656217,0.00707988699411144,963,972,9,4,2,2,3,28,867,44,105
336,257,857,954,996,42,254,254,975,975,0,0.004629156880765172,0.010960209673576363,949,983,34,2,2,2,16,19,195,135,18
337,6,6,410,410,0,26,26,554,554,0,0.00013615167296368154,0.00013615167296368154,520,520,0,-1,4,4,5,2,238,215,811
338,91,91,858,858,0,112,112,803,803,0,0.0018380475850097008,0.0018380475850097008,871,871,0,-1,3,3,12,27,116,304,789
339,2,103,395,961,566,4,4,455,455,0,0.0,3.4037918240920386e-05,1,401,400,5,5,5,2,2,481,679,567
340,190,292,956,977,21,136,136,961,961,0,0.004935498144933456,0.0053439531638245,951,956,5,4,2,2,11,30,261,39,52
341,14,116,661,948,287,16,16,589,589,0,0.00017018959120460194,0.0006467204465774873,543,747,204,4,4,4,4,10,789,266,195
342,6,6,425,425,0,16,16,523,523,0,0.0002042275094455223,0.0002042275094455223,565,565,0,-1,4,4,4,2,547,215,838
343,0,101,1,931,930,0,3,1,331,330,0.0,6.807583648184077e-05,1,449,448,5,-1,6,3,0,844,772,334
344,84,186,903,966,63,50,50,887,887,0,0.0017359338302869397,0.001940161339732462,875,890,15,4,3,3,5,14,685,146,450
345,11,113,684,967,283,8,8,604,604,0,0.0004084550188910446,0.0008509479560230097,685,788,103,4,4,4,2,7,807,371,338
346,1,207,332,974,642,3,10,332,506,174,0.0,0.0012594029749140542,1,835,834,3,8,4,3,1,863,857,53
347,0,206,1,936,935,0,41,1,402,401,0.0,0.00013615167296368154,1,501,500,3,-1,4,22,0,55,772,724
348,32,238,692,963,271,110,110,797,797,0,0.00030634126416828345,0.0007828721195411688,631,771,140,3,3,3,13,4,97,551,143
349,23,124,703,933,230,24,24,708,708,0,0.00037441710065012424,0.0006126825283365669,670,749,79,5,3,3,3,3,471,291,562
350,0,0,1,1,0,0,0,1,1,0,0.0,0.0,1,1,0,-1,-1,-1,5,0,551,990,928
351,56,157,851,958,107,34,34,787,787,0,0.0012594029749140542,0.0012934408931549745,839,846,7,5,3,3,4,12,458,67,313
352,12,114,557,914,357,29,29,559,559,0,0.00010211375472276115,0.00010211375472276115,482,482,0,4,4,4,7,2,658,576,878
353,133,133,934,934,0,60,60,893,893,0,0.002723033459273631,0.002723033459273631,914,914,0,-1,3,3,5,20,667,43,744
354,7,7,531,531,0,4,4,396,396,0,0.0002382654276864427,0.0002382654276864427,585,585,0,-1,5,5,2,5,966,487,348
355,6,108,467,935,468,8,8,483,483,0,0.00013615167296368154,0.0002723033459273631,524,625,101,4,4,4,2,1,925,756,259
356,0,0,1,1,0,0,0,1,1,0,0.0,0.0,1,1,0,-1,-1,-1,12,0,116,786,542
357,0,0,1,1,0,0,0,1,1,0,0.0,0.0,1,1,0,-1,-1,-1,9,1,136,456,802
358,0,1640,1,1000,999,0,56,1,969,968,0.0,0.05013785356887573,1,998,997,1,-1,2,2,2,653,775,19
359,1,207,332,968,636,3,14,332,498,166,0.0,0.0005786446100956465,1,728,727,3,7,4,3,1,778,703,177
360,0,0,1,1,0,0,0,1,1,0,0.0,0.0,1,1,0,-1,-1,-1,8,0,431,969,574
361,2,2,355,355,0,7,7,355,355,0,3.4037918240920386e-05,3.4037918240920386e-05,397,397,0,-1,5,5,6,3,295,484,874
362,14,115,585,919,334,30,30,569,569,0,0.0002042275094455223,0.0002042275094455223,572,572,0,7,4,4,7,5,497,395,663
363,344,344,980,980,0,92,92,905,905,0,0.006262976956329351,0.006262976956329351,968,968,0,-1,3,3,7,55,209,21,927
364,0,206,1,943,942,0,28,1,387,386,0.0,0.0002382654276864427,1,582,581,3,-1,4,17,1,210,806,586
365,2,208,379,977,598,3,12,381,633,252,0.0,0.002484768031587188,1,917,916,3,5,4,2,1,681,771,75
366,561,767,992,996,4,220,220,986,986,0,0.009870996289866912,0.009973110044589673,980,980,0,3,2,2,12,78,62,9,237
367,0,0,1,1,0,0,0,1,1,0,0.0,0.0,1,1,0,-1,-1,-1,8,0,508,367,546
368,0,0,1,1,0,0,0,1,1,0,0.0,0.0,1,1,0,-1,-1,-1,8,0,325,695,978
369,0,102,1,891,890,0,17,1,392,391,0.0,0.0002382654276864427,1,585,584,4,-1,5,10,1,149,583,176
370,22,228,627,958,331,60,60,687,687,0,0.00034037918240920387,0.000442492937131965,641,682,41,3,3,3,9,2,277,465,700
371,0,101,1,938,937,0,2,1,331,330,0.0,3.4037918240920386e-05,1,398,397,5,-1,6,2,0,713,912,416
372,0,0,1,1,0,0,0,1,1,0,0.0,0.0,1,1,0,-1,-1,-1,4,0,755,847,874
373,2,208,368,972,604,5,16,368,562,194,0.0,0.001599782157323258,1,866,865,3,5,4,4,1,631,734,91
374,36,36,770,770,0,46,46,770,770,0,0.0008169100377820892,0.0008169100377820892,778,778,0,-1,3,3,6,7,267,237,678
375,6,1646,396,1000,604,22,66,442,742,300,0.00010211375472276115,0.013819394805813677,481,985,504,1,4,2,8,1,483,837,39
376,0,0,1,1,0,0,0,1,1,0,0.0,0.0,1,1,0,-1,-1,-1,2,0,909,871,911
377,0,206,1,971,970,0,10,1,459,458,0.0,0.0005105687736138058,1,711,710,3,-1,4,3,0,834,728,216
378,6,6,436,436,0,6,6,376,376,0,0.00010211375472276115,0.00010211375472276115,477,477,0,-1,5,5,4,4,717,398,715
379,0,206,1,950,949,0,20,1,390,389,0.0,6.807583648184077e-05,1,444,443,3,-1,4,12,0,143,733,251
380,474,2114,985,1000,15,354,378,977,982,5,0.0061949011198475104,0.015180911535450491,962,992,30,1,2,2,21,57,13,50,30
381,6,6,397,397,0,19,19,407,407,0,0.0,0.0,1,1,0,-1,4,4,9,1,101,717,716
382,0,102,1,893,892,0,9,1,371,370,0.0,6.807583648184077e-05,1,450,449,4,-1,5,6,0,432,812,797
383,6,108,482,935,453,10,10,500,500,0,0.0002382654276864427,0.0011232513019503727,601,829,228,4,4,4,3,3,729,260,213
384,155,256,971,990,19,22,22,864,864,0,0.004663194799006093,0.004663194799006093,955,955,0,5,3,3,2,50,742,33,842
385,6,6,397,397,0,25,25,412,412,0,6.807583648184077e-05,6.807583648184077e-05,444,444,0,-1,4,4,12,2,292,885,773
386,0,0,1,1,0,0,0,1,1,0,0.0,0.0,1,1,0,-1,-1,-1,2,0,713,604,934
387,0,0,1,1,0,0,0,1,1,0,0.0,0.0,1,1,0,-1,-1,-1,2,0,964,865,905
388,19,121,712,947,235,28,28,798,798,0,0.0008169100377820892,0.00088498587426393,790,804,14,4,3,3,3,3,861,390,223
389,18,119,649,927,278,20,20,560,560,0,0.00030634126416828345,0.00030634126416828345,641,641,0,5,4,4,4,4,235,202,509
390,0,102,1,925,924,0,6,1,381,380,0.0,0.0,1,1,0,4,-1,5,4,0,403,538,474
391,17,223,646,973,327,44,44,819,819,0,0.0008509479560230097,0.0017359338302869397,797,871,74,3,3,3,4,3,652,299,227
392,0,0,1,1,0,0,0,1,1,0,0.0,0.0,1,1,0,-1,-1,-1,18,0,69,731,760
393,0,616,1,992,991,0,68,1,778,777,0.0,0.010177337554035196,1,982,981,2,-1,3,8,0,199,818,37
394,0,206,1,948,947,0,39,1,511,510,0.0,0.000442492937131965,1,675,674,3,-1,4,10,0,240,672,439
395,0,206,1,975,974,0,10,1,500,499,0.0,0.0012594029749140542,1,852,851,3,-1,4,3,0,826,754,151
396,24,126,736,947,211,34,34,799,799,0,0.0005105687736138058,0.0007147962830593281,713,761,48,4,3,3,4,3,462,351,441
397,0,0,1,1,0,0,0,1,1,0,0.0,0.0,1,1,0,-1,-1,-1,36,1,16,828,746
398,1,1,330,330,0,3,3,330,330,0,3.4037918240920386e-05,3.4037918240920386e-05,403,403,0,-1,6,6,3,1,918,530,834
399,6,107,482,942,460,8,8,507,507,0,3.4037918240920386e-05,0.00013615167296368154,404,511,107,5,4,4,2,1,816,661,718
400,0,616,1,988,987,0,83,1,545,544,0.0,0.0013955546478777359,1,838,837,2,-1,3,20,0,88,916,67
401,0,0,1,1,0,0,0,1,1,0,0.0,0.0,1,1,0,-1,-1,-1,7,1,497,948,426
402,7,109,498,915,417,19,20,495,500,5,0.00013615167296368154,0.0005446066918547262,510,721,211,4,4,4,6,5,275,464,377
403,44,44,782,782,0,60,60,754,754,0,0.0009190237925048504,0.0009190237925048504,785,785,0,-1,3,3,8,4,236,333,701
404,2,2,368,368,0,4,4,417,417,0,6.807583648184077e-05,6.807583648184077e-05,444,444,0,-1,5,5,2,1,979,661,990
405,136,136,946,946,0,78,78,966,966,0,0.004629156880765172,0.004629156880765172,955,955,0,-1,2,2,4,19,784,133,649
406,6,6,398,398,0,32,32,480,480,0,0.00013615167296368154,0.00013615167296368154,509,509,0,-1,4,4,10,2,206,648,635
407,4,106,440,929,489,8,8,422,422,0,0.00017018959120460194,0.00034037918240920387,535,643,108,4,5,5,4,2,424,682,230
408,1,103,333,870,537,19,20,333,349,16,0.0,0.00010211375472276115,1,473,472,4,7,5,19,1,148,857,401
409,137,137,904,904,0,192,192,893,893,0,0.0032336022328874367,0.0032336022328874367,929,929,0,-1,2,2,17,20,24,87,529
410,10,216,609,979,370,8,12,518,711,193,0.00013615167296368154,0.0068075836481840775,530,970,440,3,4,4,2,3,988,353,7
411,6,212,416,960,544,18,28,399,477,78,6.807583648184077e-05,0.0005105687736138058,453,710,257,3,4,4,10,1,161,781,480
412,60,60,868,868,0,44,44,869,869,0,0.0016678579938050988,0.0016678579938050988,875,875,0,-1,3,3,4,18,578,148,754
413,100,100,865,865,0,100,100,689,689,0,0.019197385887879097,0.020626978453997753,994,995,1,2,1,1,15,81,104,32,242
414,9,111,527,904,377,9,9,385,385,0,6.807583648184077e-05,0.00010211375472276115,438,484,46,4,5,5,5,5,793,274,566
415,7,213,521,972,451,8,20,416,580,164,0.00010211375472276115,0.0016678579938050988,477,870,393,3,5,4,4,4,815,444,85
416,84,84,867,867,0,74,74,809,809,0,0.0015317063208414173,0.0015317063208414173,856,856,0,-1,3,3,8,12,420,163,789
417,9,9,555,555,0,13,13,454,454,0,3.4037918240920386e-05,3.4037918240920386e-05,406,406,0,-1,4,4,5,6,692,392,952
418,24,24,649,649,0,62,62,648,648,0,0.0002382654276864427,0.0002382654276864427,586,586,0,-1,4,4,11,4,360,328,801
419,6,212,422,960,538,32,44,490,566,76,3.4037918240920386e-05,0.0012594029749140542,398,826,428,3,4,4,10,1,293,666,141
420,54,54,737,737,0,148,148,696,696,0,0.0002723033459273631,0.0002723033459273631,602,602,0,-1,3,3,24,9,28,341,832
421,146,146,960,960,0,62,62,975,975,0,0.005650294427992784,0.005650294427992784,960,960,0,-1,2,2,3,24,288,8,822
422,0,0,1,1,0,0,0,1,1,0,0.0,0.0,1,1,0,-1,-1,-1,3,0,670,737,845
423,25,25,763,763,0,12,12,608,608,0,0.0005105687736138058,0.0005105687736138058,710,710,0,-1,4,4,2,10,931,272,777
424,0,206,1,967,966,0,10,1,456,455,0.0,0.0014295925661186562,1,854,853,3,-1,4,3,0,687,783,91
425,4,210,434,971,537,8,18,401,550,149,3.4037918240920386e-05,0.0013615167296368155,407,846,439,3,5,4,5,3,908,585,277
426,0,0,1,1,0,0,0,1,1,0,0.0,0.0,1,1,0,-1,-1,-1,14,0,85,812,944
427,30,236,832,986,154,12,12,661,661,0,0.0009530617107457708,0.0020082371762143027,809,898,89,3,4,4,2,9,742,242,68
428,0,206,1,948,947,0,43,1,484,483,0.0,0.0002723033459273631,1,598,597,3,-1,4,14,0,172,716,101
429,59,265,840,974,134,30,30,624,624,0,0.0010892133837094523,0.0018040096667687805,820,869,49,3,4,4,5,17,349,327,471
430,11,11,587,587,0,24,24,647,647,0,0.0002042275094455223,0.0002042275094455223,578,578,0,-1,4,4,4,4,495,645,542
431,0,101,1,893,892,0,8,1,332,331,0.0,0.0,1,1,0,5,-1,6,8,0,380,768,503
432,30,132,742,933,191,40,40,769,769,0,0.0007828721195411688,0.0009870996289866913,775,810,35,4,3,3,5,6,457,490,688
433,95,301,842,962,120,224,224,843,843,0,0.00088498587426393,0.00088498587426393,777,777,0,3,3,3,23,15,4,137,238
434,0,102,1,880,879,0,20,1,356,355,0.0,0.0,1,1,0,4,-1,5,17,0,24,934,463
435,3,104,422,917,495,7,7,388,388,0,0.0,0.0,1,1,0,5,5,5,4,5,762,225,639
436,4,4,445,445,0,8,8,407,407,0,6.807583648184077e-05,6.807583648184077e-05,445,445,0,-1,5,5,5,2,695,602,431
437,0,102,1,881,880,0,14,1,367,366,0.0,0.0002042275094455223,1,563,562,4,-1,5,11,0,220,944,332
438,0,0,1,1,0,0,0,1,1,0,0.0,0.0,1,1,0,-1,-1,-1,4,0,385,760,620
439,4,210,435,969,534,6,18,397,588,191,0.0,0.0012594029749140542,1,841,840,3,5,4,3,2,819,602,151
440,0,0,1,1,0,0,0,1,1,0,0.0,0.0,1,1,0,-1,-1,-1,3,0,790,725,802
441,0,206,1,962,961,0,22,1,453,452,0.0,0.0006807583648184077,1,754,753,3,-1,4,9,0,394,940,175
442,122,223,972,987,15,32,32,962,962,0,0.0053439531638245,0.005412029000306341,959,959,0,5,3,3,2,27,749,25,369
443,22,228,625,956,331,56,76,547,632,85,0.0004765308553728854,0.0016678579938050988,695,862,167,3,3,3,13,5,67,124,122
444,4,104,481,955,474,4,4,447,447,0,0.00017018959120460194,0.00037441710065012424,560,688,128,4,5,5,2,2,914,579,284
445,0,102,1,922,921,0,7,1,377,376,0.0,6.807583648184077e-05,1,447,446,4,-1,5,5,0,551,956,384
446,6,108,480,939,459,8,8,492,492,0,3.4037918240920386e-05,0.00013615167296368154,401,519,118,4,4,4,2,1,598,904,584
447,0,102,1,872,871,0,19,1,360,359,0.0,3.4037918240920386e-05,1,399,398,4,-1,5,16,0,42,488,585
448,24,24,717,717,0,28,28,722,722,0,0.0004765308553728854,0.0004765308553728854,698,698,0,-1,3,3,3,3,613,507,930
449,3,3,431,431,0,6,6,407,407,0,0.0,0.0,1,1,0,-1,5,5,3,3,680,434,826
450,5,5,474,474,0,5,5,399,399,0,0.00013615167296368154,0.00013615167296368154,533,533,0,-1,5,5,3,4,530,398,643
451,0,206,1,949,948,0,82,1,583,582,0.0,0.0017359338302869397,1,867,866,3,-1,4,17,0,23,517,55
452,0,101,1,936,935,0,3,1,331,330,0.0,0.0,1,1,0,5,-1,6,3,0,756,871,321
453,6,108,467,930,463,12,12,485,485,0,0.00013615167296368154,0.0002382654276864427,519,589,70,4,4,4,4,1,475,481,220
454,26,232,729,972,243,32,32,644,644,0,0.00037441710065012424,0.0022465026039007454,669,902,233,3,4,4,6,5,405,418,17
455,6,622,396,993,597,21,46,412,572,160,0.0,0.0013274788113958951,1,838,837,2,4,3,10,2,128,518,67
456,15,15,663,663,0,10,10,503,503,0,0.0005446066918547262,0.0005446066918547262,721,721,0,-1,4,4,3,7,670,329,429
457,0,616,1,994,993,0,62,1,546,545,0.0,0.0016338200755641784,1,854,853,2,-1,3,14,0,121,978,157
458,0,101,1,901,900,0,7,1,331,330,0.0,0.00017018959120460194,1,536,535,5,-1,6,7,0,170,324,899
459,0,101,1,974,973,0,2,1,330,329,0.0,6.807583648184077e-05,1,460,459,5,-1,6,2,1,956,641,300
460,0,102,1,934,933,0,7,1,362,361,0.0,0.0,1,1,0,4,-1,5,6,0,529,932,558
461,23,229,683,964,281,72,72,826,826,0,0.001157289220191293,0.0016338200755641784,824,862,38,3,3,3,7,3,466,438,143
462,62,163,837,945,108,50,50,648,648,0,0.0010211375472276116,0.0010211375472276116,809,809,0,5,4,4,9,19,119,184,781
463,228,330,950,977,27,214,214,942,942,0,0.004901460226692535,0.004901460226692535,955,955,0,4,2,2,16,26,195,112,749
464,40,142,795,943,148,52,52,813,813,0,0.0005786446100956465,0.0008169100377820892,731,779,48,4,3,3,6,5,237,165,805
465,0,101,1,890,889,0,7,1,331,330,0.0,0.0,1,1,0,9,-1,10,7,0,372,997,647
466,159,159,949,949,0,108,108,946,946,0,0.004152626025392287,0.004152626025392287,949,949,0,-1,3,3,8,24,323,8,930
467,26,26,746,746,0,26,26,755,755,0,0.0004084550188910446,0.0004084550188910446,683,683,0,-1,3,3,4,6,597,379,488
468,35,651,734,992,258,58,68,695,748,53,0.0005446066918547262,0.006705469893461316,713,969,256,2,3,3,8,8,411,257,18
469,6,108,553,968,415,7,7,593,593,0,0.00010211375472276115,0.000442492937131965,482,700,218,4,4,4,2,1,933,655,120
470,0,102,1,909,908,0,8,1,357,356,0.0,0.00013615167296368154,1,504,503,4,-1,5,7,0,196,678,579
471,4,4,440,440,0,6,6,382,382,0,0.00010211375472276115,0.00010211375472276115,494,494,0,-1,5,5,4,3,824,411,745
472,79,79,873,873,0,56,56,814,814,0,0.0007828721195411688,0.0007828721195411688,784,784,0,-1,3,3,6,17,526,327,675
473,247,349,968,980,12,116,116,957,957,0,0.0057524081827155455,0.005786446100956465,966,967,1,4,2,2,7,31,179,102,392
474,9,111,641,967,326,8,8,604,604,0,0.0002723033459273631,0.0005105687736138058,624,716,92,4,4,4,2,3,807,222,519
475,0,0,1,1,0,0,0,1,1,0,0.0,0.0,1,1,0,-1,-1,-1,12,0,116,991,745
476,0,0,1,1,0,0,0,1,1,0,0.0,0.0,1,1,0,-1,-1,-1,3,0,798,429,713
477,220,426,958,985,27,164,164,971,971,0,0.003608019333537561,0.0042547397801150485,934,947,13,3,2,2,10,17,256,79,407
478,41,41,837,837,0,22,22,784,784,0,0.0009530617107457708,0.0009530617107457708,810,810,0,-1,3,3,2,6,596,192,974
479,19,225,714,977,263,32,32,903,903,0,0.0004084550188910446,0.0015657442390823377,681,870,189,3,3,3,2,4,598,501,42
480,351,557,979,992,13,220,220,986,986,0,0.00616086320160659,0.00704584907587052,967,968,1,3,2,2,12,48,194,56,393
481,0,102,1,918,917,0,8,1,392,391,0.0,0.0002042275094455223,1,562,561,4,-1,5,5,0,552,548,266
482,2,103,398,969,571,3,3,409,409,0,3.4037918240920386e-05,3.4037918240920386e-05,403,403,0,6,5,5,2,2,782,331,530
483,18,18,663,663,0,60,60,884,884,0,0.0009190237925048504,0.0009190237925048504,786,786,0,-1,3,3,5,4,534,143,995
484,6,212,451,975,524,14,18,485,525,40,0.00013615167296368154,0.0004084550188910446,527,680,153,3,4,4,5,1,421,958,474
485,0,0,1,1,0,0,0,1,1,0,0.0,0.0,1,1,0,-1,-1,-1,3,0,680,887,884
486,5,107,418,910,492,12,13,396,406,10,3.4037918240920386e-05,0.00013615167296368154,404,512,108,4,5,5,7,3,637,572,262
487,8,8,506,506,0,14,14,439,439,0,0.00013615167296368154,0.00013615167296368154,512,512,0,-1,4,4,5,3,571,496,620
488,13,219,516,951,435,37,48,419,455,36,3.4037918240920386e-05,0.0002382654276864427,404,589,185,3,4,4,17,3,39,572,722
489,0,102,1,928,927,0,5,1,365,364,0.0,0.00013615167296368154,1,517,516,4,-1,5,4,0,673,950,164
490,0,101,1,900,899,0,8,1,330,329,0.0,0.0,1,1,0,6,-1,7,8,0,201,844,603
491,18,224,693,979,286,12,12,658,658,0,0.00037441710065012424,0.0009190237925048504,670,802,132,3,4,4,2,6,705,376,165
492,6,212,398,959,561,37,38,527,545,18,0.00013615167296368154,0.0013615167296368155,505,846,341,3,4,4,11,1,248,110,96
493,6,6,410,410,0,20,20,467,467,0,0.00010211375472276115,0.00010211375472276115,480,480,0,-1,4,4,6,4,157,512,844
494,62,163,832,939,107,96,96,914,914,0,0.0019741992579733825,0.0019741992579733825,882,882,0,5,2,2,7,5,193,306,437
495,0,102,1,908,907,0,9,1,400,399,0.0,0.00017018959120460194,1,544,543,4,-1,5,5,1,479,779,212
496,0,0,1,1,0,0,0,1,1,0,0.0,0.0,1,1,0,-1,-1,-1,4,1,741,948,988
497,0,0,1,1,0,0,0,1,1,0,0.0,0.0,1,1,0,-1,-1,-1,10,0,254,901,890
498,0,102,1,876,875,0,26,1,378,377,0.0,0.0002382654276864427,1,593,592,4,-1,5,17,0,73,745,459
499,120,222,923,970,47,86,86,924,924,0,0.0026549576227917903,0.002825147213996392,911,916,5,4,3,3,6,15,526,36,722
500,28,28,756,756,0,42,42,802,802,0,0.0005786446100956465,0.0005786446100956465,736,736,0,-1,3,3,6,9,486,145,643
501,0,101,1,953,952,0,2,1,331,330,0.0,6.807583648184077e-05,1,471,470,5,-1,6,2,0,914,996,755
502,0,206,1,937,936,0,35,1,383,382,0.0,0.00013615167296368154,1,509,508,3,-1,4,19,0,14,969,370
503,0,102,1,900,899,0,10,1,375,374,0.0,0.00013615167296368154,1,516,515,4,-1,5,7,0,329,672,653
504,216,816,949,995,46,186,186,896,896,0,0.002825147213996392,0.003199564314646516,920,931,11,2,3,3,16,30,50,65,501
505,0,102,1,869,868,0,21,1,346,345,0.0,0.0,1,1,0,4,-1,5,20,0,61,620,331
506,21,122,673,929,256,28,28,696,696,0,0.0005446066918547262,0.0005446066918547262,721,721,0,5,3,3,3,4,704,312,717
507,12,1652,548,1000,452,18,64,496,886,390,0.0002042275094455223,0.021580040164743523,560,995,435,1,4,2,5,4,426,239,16
508,2,104,382,947,565,2,3,332,384,52,6.807583648184077e-05,0.00017018959120460194,463,558,95,4,6,5,2,3,951,598,719
509,6,107,525,960,435,8,8,566,566,0,0.00010211375472276115,0.00010211375472276115,493,493,0,5,4,4,2,1,666,689,563
510,0,206,1,966,965,0,14,1,421,420,0.0,0.00037441710065012424,1,656,655,3,-1,4,6,0,514,665,795
511,0,102,1,905,904,0,8,1,363,362,0.0,0.0002723033459273631,1,613,612,4,-1,5,6,0,498,973,451
512,3,3,424,424,0,8,8,414,414,0,0.00010211375472276115,0.00010211375472276115,487,487,0,-1,5,5,4,3,652,585,330
513,2,104,371,933,562,6,6,422,422,0,3.4037918240920386e-05,0.0002723033459273631,405,618,213,4,5,5,3,1,729,618,268
514,2,104,353,884,531,16,24,353,388,35,0.0,0.00010211375472276115,1,489,488,4,5,5,15,3,95,708,447
515,6,108,402,897,495,36,36,541,541,0,0.00013615167296368154,0.00013615167296368154,516,516,0,4,4,4,10,2,437,652,265
516,0,0,1,1,0,0,0,1,1,0,0.0,0.0,1,1,0,-1,-1,-1,4,0,391,950,520
517,19,121,739,956,217,10,10,532,532,0,0.00013615167296368154,0.0002723033459273631,526,624,98,4,4,4,3,9,854,391,904
518,0,616,1,995,994,0,38,1,716,715,0.0,0.0038462847612240037,1,945,944,2,-1,3,6,0,402,669,14
519,24,230,664,963,299,84,84,774,774,0,0.0010211375472276116,0.001940161339732462,797,883,86,3,3,3,9,3,213,103,335
520,38,38,769,769,0,24,24,573,573,0,0.00030634126416828345,0.00030634126416828345,626,626,0,-1,4,4,4,11,410,316,529
521,3,105,415,917,502,7,8,390,409,19,3.4037918240920386e-05,6.807583648184077e-05,391,451,60,4,5,5,4,2,235,364,168
522,0,0,1,1,0,0,0,1,1,0,0.0,0.0,1,1,0,-1,-1,-1,3,1,568,852,848
523,68,274,896,987,91,42,42,972,972,0,0.003608019333537561,0.004595118962524252,940,955,15,3,2,2,2,6,947,377,68
524,49,150,869,968,99,28,28,840,840,0,0.001599782157323258,0.001599782157323258,873,873,0,5,3,3,3,13,654,42,885
525,18,120,633,922,289,68,68,840,840,0,0.001055175465468532,0.0013274788113958951,814,837,23,4,3,3,7,3,156,559,284
526,3,105,427,921,494,8,8,416,416,0,3.4037918240920386e-05,0.00010211375472276115,397,476,79,4,5,5,4,3,815,631,499
527,2,104,384,957,573,4,4,437,437,0,3.4037918240920386e-05,0.0006126825283365669,410,737,327,4,5,5,2,1,967,527,415
528,22,123,808,968,160,8,8,599,599,0,0.00034037918240920387,0.00037441710065012424,666,678,12,5,4,4,2,9,981,343,463
529,0,102,1,903,902,0,5,1,352,351,0.0,0.00017018959120460194,1,536,535,4,-1,5,4,1,410,568,524
530,0,102,1,978,977,0,3,1,442,441,0.0,0.0006467204465774873,1,768,767,4,-1,5,2,1,775,456,289
531,18,120,772,972,200,8,8,602,602,0,0.0005786446100956465,0.0007828721195411688,734,784,50,4,4,4,2,7,898,399,156
532,114,114,896,896,0,116,116,839,839,0,0.0015317063208414173,0.0015317063208414173,857,857,0,-1,3,3,11,18,188,54,730
533,141,243,950,977,27,38,38,852,852,0,0.0033357159876101976,0.0034718676605738795,933,934,1,4,3,3,3,28,554,44,124
534,0,0,1,1,0,0,0,1,1,0,0.0,0.0,1,1,0,-1,-1,-1,2,1,947,660,834
535,162,368,940,981,41,116,116,903,903,0,0.0026889955410327104,0.0028932230504782326,910,916,6,3,3,3,11,25,379,47,465
536,126,332,924,980,56,112,112,935,935,0,0.0045270431260424114,0.004561081044283332,952,952,0,3,2,2,8,15,350,153,689
537,12,218,540,960,420,38,38,598,598,0,0.0005786446100956465,0.0006807583648184077,732,754,22,3,4,4,7,3,179,209,566
538,0,102,1,958,957,0,4,1,435,434,0.0,0.0004765308553728854,1,721,720,4,-1,5,2,0,751,571,294
539,50,50,882,882,0,22,22,863,863,0,0.00176997174852786,0.00176997174852786,882,882,0,-1,3,3,2,18,715,147,978
540,106,106,910,910,0,102,102,933,933,0,0.0017018959120460194,0.0017018959120460194,871,871,0,-1,3,3,7,14,171,68,914
541,0,0,1,1,0,0,0,1,1,0,0.0,0.0,1,1,0,-1,-1,-1,7,1,209,949,928
542,114,216,917,969,52,56,56,796,796,0,0.001940161339732462,0.002280540522141666,883,899,16,4,3,3,6,20,624,109,414
543,53,53,820,820,0,58,58,745,745,0,0.0004765308553728854,0.0004765308553728854,694,694,0,-1,3,3,8,8,201,187,947
544,0,0,1,1,0,0,0,1,1,0,0.0,0.0,1,1,0,-1,-1,-1,19,0,89,863,786
545,10,10,526,526,0,16,16,438,438,0,6.807583648184077e-05,6.807583648184077e-05,443,443,0,-1,4,4,6,3,560,485,760
546,0,206,1,971,970,0,8,1,463,462,0.0,0.00037441710065012424,1,663,662,3,-1,4,2,2,909,709,246
547,586,586,999,999,0,32,32,943,943,0,0.017495489975833077,0.017495489975833077,996,996,0,-1,3,3,2,130,964,3,988
548,0,0,1,1,0,0,0,1,1,0,0.0,0.0,1,1,0,-1,-1,-1,6,0,255,975,989
549,2,103,380,949,569,4,4,383,383,0,0.0,0.0,1,1,0,6,5,5,3,3,569,466,140
550,16,117,756,968,212,18,18,883,883,0,0.002552843868069029,0.002757071377514551,918,925,7,5,3,3,2,1,963,899,710
551,16,632,559,993,434,84,84,737,737,0,0.0002042275094455223,0.001599782157323258,564,859,295,2,3,3,12,2,93,493,284
552,0,102,1,937,936,0,3,1,366,365,0.0,0.0,1,1,0,4,-1,5,2,0,598,515,654
553,0,0,1,1,0,0,0,1,1,0,0.0,0.0,1,1,0,-1,-1,-1,2,0,799,883,909
554,0,0,1,1,0,0,0,1,1,0,0.0,0.0,1,1,0,-1,-1,-1,3,0,825,445,235
555,31,132,783,943,160,50,50,887,887,0,0.0006807583648184077,0.0007828721195411688,761,780,19,5,3,3,4,5,544,216,931
556,13,114,562,909,347,22,22,465,465,0,3.4037918240920386e-05,3.4037918240920386e-05,411,411,0,5,4,4,7,3,179,580,807
557,0,0,1,1,0,0,0,1,1,0,0.0,0.0,1,1,0,-1,-1,-1,8,0,383,600,860
558,0,206,1,971,970,0,20,1,529,528,0.0,0.001055175465468532,1,816,815,3,-1,4,6,0,237,917,190
559,0,0,1,1,0,0,0,1,1,0,0.0,0.0,1,1,0,-1,-1,-1,2,0,973,928,462
560,0,206,1,975,974,0,9,1,486,485,0.0,0.0006467204465774873,1,742,741,3,-1,4,3,0,903,798,186
561,226,432,972,992,20,72,72,981,981,0,0.009734844616903231,0.014466115252391163,984,991,7,3,2,2,3,36,554,48,6
562,3,3,446,446,0,4,4,401,401,0,3.4037918240920386e-05,3.4037918240920386e-05,400,400,0,-1,5,5,2,2,992,566,668
563,0,0,1,1,0,0,0,1,1,0,0.0,0.0,1,1,0,-1,-1,-1,9,0,316,976,940
564,0,102,1,922,921,0,5,1,392,391,0.0,0.00017018959120460194,1,535,534,4,-1,5,3,0,855,324,176
565,0,102,1,874,873,0,20,1,361,360,0.0,3.4037918240920386e-05,1,396,395,4,-1,5,17,0,112,651,311
566,33,239,682,956,274,133,133,690,690,0,0.00037441710065012424,0.0007488342013002485,649,758,109,3,3,3,21,3,12,291,318
567,46,148,796,931,135,58,58,769,769,0,0.0004765308553728854,0.0005786446100956465,688,719,31,4,3,3,7,11,525,249,410
568,6,212,464,973,509,14,18,556,667,111,0.00030634126416828345,0.0007147962830593281,642,766,124,3,4,4,3,1,831,474,145
569,18,119,593,901,308,86,86,762,762,0,0.0007488342013002485,0.0007488342013002485,758,758,0,5,3,3,10,3,128,559,344
570,0,0,1,1,0,0,0,1,1,0,0.0,0.0,1,1,0,-1,-1,-1,3,0,935,782,868
571,18,120,645,930,285,26,26,628,628,0,0.00017018959120460194,0.0005446066918547262,555,717,162,4,4,4,5,4,669,230,219
572,30,132,767,945,178,20,20,605,605,0,0.0007147962830593281,0.0009190237925048504,766,800,34,4,4,4,4,9,767,154,40
573,2,2,389,389,0,3,3,397,397,0,0.0,0.0,1,1,0,-1,5,5,2,1,933,964,944
574,0,0,1,1,0,0,0,1,1,0,0.0,0.0,1,1,0,-1,-1,-1,2,0,865,843,324
575,0,0,1,1,0,0,0,1,1,0,0.0,0.0,1,1,0,-1,-1,-1,3,0,922,927,767
576,12,12,533,533,0,26,26,511,511,0,0.00010211375472276115,0.00010211375472276115,475,475,0,-1,4,4,7,5,209,231,839
577,39,245,754,971,217,58,58,736,736,0,0.0011913271384322134,0.0028932230504782326,815,919,104,3,3,3,8,7,443,389,141
578,100,100,867,867,0,100,100,737,737,0,0.01157289220191293,0.012491915994417782,981,985,4,3,1,1,14,6,79,136,120
579,7,109,645,976,331,4,4,507,507,0,0.0002042275094455223,0.0025188059498281084,582,923,341,4,5,5,2,6,978,107,77
580,0,206,1,942,941,0,34,1,406,405,0.0,0.000442492937131965,1,673,672,3,-1,4,16,0,53,957,204
581,100,100,915,915,0,100,100,988,988,0,0.03332312195786106,0.03332312195786106,1000,1000,0,-1,1,1,5,34,908,89,928
582,58,674,842,997,155,70,90,903,946,43,0.0031314884781646754,0.013513053541645392,920,987,67,2,2,2,6,10,518,266,11
583,6,212,475,977,502,10,10,506,506,0,0.0002723033459273631,0.0006807583648184077,612,762,150,3,4,4,3,1,564,500,268
584,6,6,432,432,0,26,26,548,548,0,0.0002382654276864427,0.0002382654276864427,580,580,0,-1,4,4,7,1,305,474,963
585,0,206,1,955,954,0,38,1,600,599,0.0,0.002586881786309949,1,910,909,3,-1,4,7,0,436,620,17
586,6,6,440,440,0,10,10,457,457,0,0.00017018959120460194,0.00017018959120460194,544,544,0,-1,4,4,3,2,687,560,705
587,0,101,1,923,922,0,5,1,332,331,0.0,6.807583648184077e-05,1,453,452,5,-1,6,5,1,534,568,592
588,30,30,674,674,0,112,112,785,785,0,0.0011913271384322134,0.0011913271384322134,828,828,0,-1,3,3,12,5,239,412,897
589,0,206,1,977,976,0,10,1,522,521,0.0,0.0014636304843595766,1,853,852,3,-1,4,3,2,785,271,213
590,0,206,1,970,969,0,16,1,558,557,0.0,0.004595118962524252,1,952,951,3,-1,4,4,1,611,568,31
591,0,102,1,931,930,0,4,1,366,365,0.0,0.0002042275094455223,1,570,569,4,-1,5,3,0,882,522,447
592,16,632,592,994,402,34,34,652,652,0,0.00030634126416828345,0.0020763130126961434,628,891,263,2,3,3,6,1,624,718,96
593,0,0,1,1,0,0,0,1,1,0,0.0,0.0,1,1,0,-1,-1,-1,2,0,974,713,825
594,12,628,551,994,443,35,50,592,701,109,6.807583648184077e-05,0.00176997174852786,445,874,429,2,4,3,8,3,158,361,84
595,0,0,1,1,0,0,0,1,1,0,0.0,0.0,1,1,0,-1,-1,-1,8,0,201,228,747
596,16,118,506,880,374,58,59,465,471,6,0.0,3.4037918240920386e-05,1,395,394,4,3,3,19,3,35,321,566
597,0,102,1,939,938,0,6,1,417,416,0.0,6.807583648184077e-05,1,456,455,4,-1,5,3,0,699,426,655
598,3,209,461,982,521,4,8,420,536,116,0.0002042275094455223,0.0017359338302869397,585,879,294,3,5,4,2,4,686,305,129
599,2,208,349,950,601,15,33,349,446,97,3.4037918240920386e-05,0.00013615167296368154,392,510,118,3,5,4,14,1,79,603,493
600,28,28,708,708,0,58,58,746,746,0,0.0006807583648184077,0.0006807583648184077,749,749,0,-1,3,3,8,3,365,382,847
601,12,218,566,967,401,18,18,520,520,0,0.00013615167296368154,0.00037441710065012424,525,663,138,3,4,4,5,3,338,829,347
602,0,102,1,897,896,0,17,1,408,407,0.0,0.00030634126416828345,1,617,616,4,-1,5,9,0,190,712,470
603,0,206,1,979,978,0,10,1,530,529,0.0,0.0012934408931549745,1,834,833,3,-1,4,3,0,953,921,123
604,14,220,612,972,360,20,20,501,501,0,0.00013615167296368154,0.0005105687736138058,509,710,201,3,4,4,6,4,253,156,169
605,0,102,1,932,931,0,4,1,374,373,0.0,3.4037918240920386e-05,1,403,402,4,-1,5,3,0,856,823,648
606,0,0,1,1,0,0,0,1,1,0,0.0,0.0,1,1,0,-1,-1,-1,5,0,173,798,515
607,19,120,684,936,252,30,30,706,706,0,0.0006126825283365669,0.0006126825283365669,730,730,0,5,4,4,5,4,430,328,449
608,154,154,954,954,0,66,66,864,864,0,0.002382654276864427,0.002382654276864427,904,904,0,-1,3,3,6,34,267,89,883
609,100,100,883,883,0,98,98,906,906,0,0.0019061234214915416,0.0019061234214915416,874,874,0,-1,3,3,8,13,415,42,511
610,0,101,1,958,957,0,3,1,330,329,0.0,0.00010211375472276115,1,489,488,5,-1,6,3,0,668,965,474
611,8,8,572,572,0,10,10,523,523,0,0.00017018959120460194,0.00017018959120460194,545,545,0,-1,4,4,3,2,785,465,821
612,2,104,358,916,558,8,9,388,408,20,3.4037918240920386e-05,0.00010211375472276115,408,494,86,4,5,5,5,2,538,495,720
613,48,48,778,778,0,74,74,681,681,0,0.0010892133837094523,0.0010892133837094523,808,808,0,-1,3,3,12,9,194,130,349
614,0,102,1,913,912,0,8,1,387,386,0.0,0.00013615167296368154,1,519,518,4,-1,5,5,0,247,892,479
615,0,0,1,1,0,0,0,1,1,0,0.0,0.0,1,1,0,-1,-1,-1,5,0,376,867,778
616,8,8,554,554,0,8,8,482,482,0,3.4037918240920386e-05,3.4037918240920386e-05,408,408,0,-1,4,4,2,3,429,496,758
617,1,1,332,332,0,3,3,332,332,0,0.0,0.0,1,1,0,-1,7,7,3,1,953,621,358
618,0,206,1,973,972,0,12,1,507,506,0.0,0.0014295925661186562,1,858,857,3,-1,4,4,0,581,916,49
619,6,108,501,946,445,12,12,597,597,0,0.00010211375472276115,0.0002042275094455223,495,581,86,4,4,4,2,1,771,689,315
620,0,0,1,1,0,0,0,1,1,0,0.0,0.0,1,1,0,-1,-1,-1,9,0,274,917,898
621,35,241,694,952,258,96,96,636,636,0,0.00037441710065012424,0.0005786446100956465,648,710,62,3,3,3,17,6,80,467,212
622,0,0,1,1,0,0,0,1,1,0,0.0,0.0,1,1,0,-1,-1,-1,9,0,330,976,941
623,32,238,722,962,240,84,84,792,792,0,0.0005446066918547262,0.0015657442390823377,716,847,131,3,3,3,9,2,147,827,67
624,0,206,1,961,960,0,15,1,432,431,0.0,0.00013615167296368154,1,517,516,3,-1,4,7,1,400,472,508
625,0,102,1,930,929,0,5,1,367,366,0.0,0.00010211375472276115,1,505,504,4,-1,5,4,0,573,751,891
626,220,322,958,976,18,164,164,963,963,0,0.004969536063174376,0.005514142755029102,960,966,6,4,2,2,10,29,135,142,396
627,297,297,979,979,0,84,84,963,963,0,0.005037611899656217,0.005037611899656217,961,961,0,-1,2,2,5,57,667,50,738
628,67,683,860,998,138,46,46,745,745,0,0.0013955546478777359,0.0030974505599237552,845,922,77,2,3,3,6,13,489,335,412
629,0,0,1,1,0,0,0,1,1,0,0.0,0.0,1,1,0,-1,-1,-1,12,1,62,568,996
630,6,107,435,916,481,12,12,459,459,0,3.4037918240920386e-05,6.807583648184077e-05,395,434,39,5,4,4,4,2,623,560,654
631,133,133,971,971,0,46,46,987,987,0,0.008679669151434699,0.008679669151434699,980,980,0,-1,2,2,2,37,889,74,839
632,38,244,742,961,219,88,92,776,784,8,0.0008169100377820892,0.001157289220191293,769,815,46,3,3,3,11,4,155,288,291
633,1,1,333,333,0,4,4,333,333,0,0.0,0.0,1,1,0,-1,6,6,4,1,553,781,988
634,24,230,698,971,273,64,64,910,910,0,0.0009870996289866913,0.002144388849177984,811,896,85,3,3,3,4,4,493,326,82
635,16,632,559,993,434,39,57,573,711,138,0.00037441710065012424,0.00176997174852786,659,870,211,2,3,3,9,2,414,805,242
636,0,206,1,942,941,0,31,1,417,416,0.0,0.0002382654276864427,1,591,590,3,-1,4,14,0,85,863,287
637,20,20,610,610,0,60,60,522,522,0,0.00017018959120460194,0.00017018959120460194,531,531,0,-1,4,4,18,4,29,315,431
638,8,8,477,477,0,35,35,510,510,0,6.807583648184077e-05,6.807583648184077e-05,434,434,0,-1,4,4,10,2,259,791,966
639,61,61,865,865,0,24,24,664,664,0,0.0012253650566731338,0.0012253650566731338,836,836,0,-1,4,4,4,18,513,147,985
640,28,234,622,945,323,80,88,496,513,17,0.00013615167296368154,0.0002382654276864427,494,573,79,3,3,3,23,3,8,596,451
641,174,174,934,934,0,200,200,965,965,0,0.0032336022328874367,0.0032336022328874367,933,933,0,-1,2,2,12,15,52,158,774
642,8,109,497,901,404,18,18,437,437,0,3.4037918240920386e-05,3.4037918240920386e-05,402,402,0,5,4,4,7,2,331,523,411
643,56,56,787,787,0,116,116,748,748,0,0.0008509479560230097,0.0008509479560230097,757,757,0,-1,3,3,15,6,65,658,945
644,0,206,1,943,942,0,38,1,434,433,0.0,0.0005446066918547262,1,698,697,3,-1,4,17,0,210,979,869
645,0,102,1,924,923,0,6,1,384,383,0.0,0.00013615167296368154,1,512,511,4,-1,5,4,2,511,633,711
646,2,103,356,907,551,8,8,357,357,0,3.4037918240920386e-05,3.4037918240920386e-05,408,408,0,5,5,5,7,1,510,603,896
647,0,101,1,904,903,0,7,1,332,331,0.0,3.4037918240920386e-05,1,399,398,5,-1,6,7,0,214,675,842
648,0,206,1,954,953,0,29,1,489,488,0.0,0.0008169100377820892,1,771,770,3,-1,4,9,1,178,830,137
649,0,0,1,1,0,0,0,1,1,0,0.0,0.0,1,1,0,-1,-1,-1,2,0,817,905,993
650,0,0,1,1,0,0,0,1,1,0,0.0,0.0,1,1,0,-1,-1,-1,16,0,59,649,744
651,14,116,517,889,372,82,82,589,589,0,0.00017018959120460194,0.00030634126416828345,544,630,86,4,4,4,17,4,112,625,322
652,0,206,1,966,965,0,16,1,449,448,0.0,0.00037441710065012424,1,659,658,3,-1,4,6,0,470,324,482
653,52,668,825,998,173,48,76,766,897,131,0.0006126825283365669,0.012015385139044895,734,987,253,2,3,3,6,8,369,386,3
654,0,206,1,957,956,0,20,1,433,432,0.0,0.00034037918240920387,1,650,649,3,-1,4,9,0,126,798,162
655,0,102,1,894,893,0,12,1,366,365,0.0,6.807583648184077e-05,1,442,441,4,-1,5,9,1,316,792,442
656,6,622,402,992,590,39,80,449,626,177,3.4037918240920386e-05,0.0013274788113958951,405,835,430,2,4,3,15,1,68,837,261
657,0,206,1,955,954,0,19,1,404,403,0.0,0.00013615167296368154,1,501,500,3,-1,4,9,0,274,934,711
658,8,8,541,541,0,12,12,487,487,0,0.0002042275094455223,0.0002042275094455223,570,570,0,-1,4,4,4,4,635,149,745
659,11,11,737,737,0,4,4,507,507,0,0.000442492937131965,0.000442492937131965,722,722,0,-1,5,5,2,8,978,250,423
660,104,104,876,876,0,188,188,877,877,0,0.0015657442390823377,0.0015657442390823377,853,853,0,-1,2,2,18,15,86,92,502
661,0,0,1,1,0,0,0,1,1,0,0.0,0.0,1,1,0,-1,-1,-1,20,0,5,959,713
662,0,102,1,913,912,0,9,1,385,384,0.0,0.00017018959120460194,1,548,547,4,-1,5,6,0,522,569,551
663,13,219,623,977,354,18,18,647,647,0,0.00017018959120460194,0.002110350930937064,538,894,356,3,4,4,3,4,829,287,119
664,1,617,332,995,663,4,22,332,631,299,0.0,0.0016338200755641784,1,867,866,2,7,3,4,1,614,861,415
665,22,124,729,947,218,12,12,599,599,0,0.0004084550188910446,0.0005446066918547262,675,724,49,4,4,4,2,10,926,262,683
666,2,208,351,960,609,18,32,399,503,104,3.4037918240920386e-05,0.000442492937131965,412,689,277,3,5,4,10,1,161,743,150
667,0,0,1,1,0,0,0,1,1,0,0.0,0.0,1,1,0,-1,-1,-1,12,0,116,887,802
668,18,18,615,615,0,54,54,738,738,0,0.0002382654276864427,0.0002382654276864427,595,595,0,-1,3,3,7,2,193,697,905
669,1,103,333,899,566,7,10,333,378,45,0.0,6.807583648184077e-05,1,441,440,4,6,5,7,2,413,663,492
670,0,616,1,992,991,0,80,1,503,502,0.0,0.0006467204465774873,1,729,728,2,-1,3,22,0,33,372,326
671,0,1640,1,1000,999,0,172,1,794,793,0.0,0.008713707069675619,1,973,972,1,-1,2,20,1,61,235,105
672,12,218,577,969,392,18,18,586,586,0,0.00013615167296368154,0.0005786446100956465,520,733,213,3,4,4,3,3,490,434,40
673,45,147,814,938,124,34,34,731,731,0,0.0006467204465774873,0.0007147962830593281,750,763,13,4,3,3,4,8,759,187,667
674,32,134,726,920,194,58,58,660,660,0,0.0005786446100956465,0.0005786446100956465,730,730,0,4,3,3,10,7,427,303,526
675,0,102,1,914,913,0,8,1,382,381,0.0,0.0002042275094455223,1,567,566,4,-1,5,5,0,467,784,805
676,16,222,646,973,327,30,30,739,739,0,0.0004084550188910446,0.0016678579938050988,680,866,186,3,3,3,4,2,755,223,55
677,8,110,532,931,399,12,12,470,470,0,6.807583648184077e-05,0.00037441710065012424,458,667,209,4,4,4,5,3,843,411,115
678,0,102,1,912,911,0,5,1,374,373,0.0,0.00010211375472276115,1,484,483,4,-1,5,3,0,459,977,315
679,15,15,720,720,0,12,12,746,746,0,0.0006467204465774873,0.0006467204465774873,767,767,0,-1,4,4,2,8,799,186,976
680,181,387,940,980,40,204,204,942,942,0,0.0030634126416828346,0.003608019333537561,924,935,11,3,2,2,15,21,104,123,535
681,34,240,819,980,161,18,18,678,678,0,0.0011232513019503727,0.0020422750944552232,839,892,53,3,4,4,3,10,530,227,166
682,0,101,1,907,906,0,7,1,331,330,0.0,0.0,1,1,0,5,-1,6,7,0,398,522,717
683,0,102,1,913,912,0,6,1,357,356,0.0,0.0,1,1,0,4,-1,5,5,3,247,746,558
684,6,6,404,404,0,26,26,461,461,0,0.0,0.0,1,1,0,-1,4,4,10,1,241,931,881
685,12,114,632,946,314,10,10,537,537,0,0.00010211375472276115,0.0002382654276864427,484,608,124,4,4,4,3,2,961,628,479
686,34,135,855,971,116,12,12,732,732,0,0.0012934408931549745,0.0015657442390823377,858,875,17,5,4,4,2,16,481,78,467
687,84,290,884,976,92,54,54,860,860,0,0.0020082371762143027,0.0034718676605738795,884,937,53,3,3,3,4,19,385,297,104
688,0,0,1,1,0,0,0,1,1,0,0.0,0.0,1,1,0,-1,-1,-1,8,1,428,747,868
689,170,376,924,974,50,174,174,911,911,0,0.0029612988869600733,0.0033016780693692774,910,927,17,3,2,2,15,23,102,117,284
690,0,101,1,963,962,0,2,1,332,331,0.0,3.4037918240920386e-05,1,410,409,5,-1,6,2,1,810,472,406
691,0,0,1,1,0,0,0,1,1,0,0.0,0.0,1,1,0,-1,-1,-1,19,0,148,790,876
692,44,250,781,967,186,52,52,724,724,0,0.0005786446100956465,0.0006467204465774873,719,744,25,3,3,3,7,4,209,333,677
693,4,210,476,981,505,3,8,376,538,162,0.0,0.0017018959120460194,1,874,873,3,5,4,2,3,760,572,527
694,20,122,666,921,255,42,42,745,745,0,0.0005446066918547262,0.0007147962830593281,710,752,42,4,3,3,6,4,575,557,167
695,23,125,769,953,184,8,8,508,508,0,0.0007828721195411688,0.0008169100377820892,781,793,12,4,4,4,2,7,776,329,395
696,7,213,560,981,421,8,12,519,610,91,6.807583648184077e-05,0.004561081044283332,452,950,498,3,4,4,2,3,977,441,5
697,101,203,912,965,53,66,66,897,897,0,0.002382654276864427,0.0024507301133462676,899,905,6,4,3,3,6,20,446,95,541
698,0,206,1,980,979,0,7,1,512,511,0.0,0.0005105687736138058,1,715,714,3,-1,4,2,0,942,713,862
699,55,55,818,818,0,58,58,763,763,0,0.0006467204465774873,0.0006467204465774873,733,733,0,-1,3,3,7,11,182,249,271
700,0,102,1,921,920,0,4,1,360,359,0.0,3.4037918240920386e-05,1,407,406,4,-1,5,3,0,927,737,544
701,26,128,671,907,236,102,102,811,811,0,0.0009870996289866913,0.0012253650566731338,794,824,30,4,3,3,11,4,220,207,22
702,16,222,623,968,345,34,34,728,728,0,0.0005786446100956465,0.0009870996289866913,726,802,76,3,3,3,4,1,622,439,480
703,0,0,1,1,0,0,0,1,1,0,0.0,0.0,1,1,0,-1,-1,-1,7,1,214,962,864
704,45,45,839,839,0,40,40,878,878,0,0.0009870996289866913,0.0009870996289866913,814,814,0,-1,3,3,4,10,772,272,478
705,8,110,508,898,390,22,22,452,452,0,6.807583648184077e-05,0.00017018959120460194,450,540,90,4,4,4,9,3,289,434,724
706,34,34,785,785,0,38,38,846,846,0,0.0011913271384322134,0.0011913271384322134,834,834,0,-1,3,3,3,4,819,336,828
707,6,6,434,434,0,12,12,430,430,0,3.4037918240920386e-05,3.4037918240920386e-05,392,392,0,-1,4,4,6,1,575,924,644
708,2,2,355,355,0,12,12,374,374,0,0.0,0.0,1,1,0,-1,5,5,9,1,367,337,865
709,0,206,1,934,933,0,80,1,492,491,0.0,0.0009190237925048504,1,780,779,3,-1,4,22,0,18,644,49
710,16,16,522,522,0,42,42,465,465,0,3.4037918240920386e-05,3.4037918240920386e-05,393,393,0,-1,3,3,14,1,268,879,921
711,2,104,356,892,536,10,11,383,394,11,3.4037918240920386e-05,0.00013615167296368154,408,520,112,4,5,5,6,1,378,853,477
712,12,113,548,911,363,18,18,482,482,0,6.807583648184077e-05,0.00017018959120460194,446,543,97,5,4,4,5,2,571,791,572
713,110,212,935,974,39,60,60,922,922,0,0.002927260968719153,0.003165526396405596,919,927,8,4,3,3,5,22,663,128,645
714,0,206,1,962,961,0,22,1,526,525,0.0,0.004186663943633207,1,950,949,3,-1,4,5,0,546,980,21
715,0,0,1,1,0,0,0,1,1,0,0.0,0.0,1,1,0,-1,-1,-1,9,0,202,942,348
716,2,208,363,971,608,8,13,390,463,73,0.0,0.0005786446100956465,1,724,723,3,5,4,5,1,644,337,188
717,26,232,774,979,205,12,12,635,635,0,0.0005786446100956465,0.001055175465468532,736,827,91,3,4,4,2,9,747,154,535
718,58,58,872,872,0,58,58,977,977,0,0.006092787365124749,0.006092787365124749,965,965,0,-1,2,2,3,9,640,391,910
719,82,82,897,897,0,32,32,875,875,0,0.0018720855032506212,0.0018720855032506212,884,884,0,-1,3,3,2,17,859,60,989
720,10,112,600,942,342,10,10,493,493,0,0.0002382654276864427,0.0004084550188910446,596,683,87,4,4,4,3,7,958,427,435
721,41,657,779,995,216,74,84,792,832,40,0.0007828721195411688,0.0020082371762143027,766,872,106,2,3,3,9,8,319,417,630
722,2,2,368,368,0,7,7,405,405,0,0.0,0.0,1,1,0,-1,5,5,4,2,631,518,780
723,0,102,1,915,914,0,9,1,404,403,0.0,0.00037441710065012424,1,661,660,4,-1,5,5,0,502,713,40
724,14,116,578,920,342,20,20,500,500,0,0.00010211375472276115,0.00013615167296368154,477,510,33,4,4,4,6,3,341,596,528
725,0,206,1,954,953,0,23,1,452,451,0.0,0.00030634126416828345,1,618,617,3,-1,4,8,0,303,850,404
726,14,220,613,973,360,18,22,530,575,45,0.00037441710065012424,0.0013955546478777359,673,851,178,3,4,4,5,3,517,301,130
727,0,0,1,1,0,0,0,1,1,0,0.0,0.0,1,1,0,-1,-1,-1,3,0,729,990,324
728,78,284,869,981,112,50,50,850,850,0,0.0006126825283365669,0.00439089145307873,734,949,215,3,3,3,5,9,519,242,128
729,0,102,1,896,895,0,9,1,369,368,0.0,0.00013615167296368154,1,516,515,4,-1,5,7,0,118,777,270
730,0,206,1,967,966,0,19,1,532,531,0.0,0.00013615167296368154,1,521,520,3,-1,4,6,0,661,808,727
731,16,118,597,921,324,21,22,623,630,7,0.0,0.00010211375472276115,1,485,484,4,3,3,4,1,391,449,156
732,0,0,1,1,0,0,0,1,1,0,0.0,0.0,1,1,0,-1,-1,-1,6,0,255,769,994
733,0,206,1,976,975,0,8,1,499,498,0.0,0.0004084550188910446,1,688,687,3,-1,4,2,3,880,854,83
734,2,2,352,352,0,11,11,371,371,0,0.0,0.0,1,1,0,-1,5,5,8,1,201,402,967
735,0,101,1,979,978,0,2,1,328,327,0.0,6.807583648184077e-05,1,461,460,5,-1,6,2,0,952,542,491
736,0,102,1,957,956,0,4,1,387,386,0.0,0.00013615167296368154,1,531,530,4,-1,5,3,0,922,866,168
737,0,206,1,949,948,0,31,1,408,407,0.0,6.807583648184077e-05,1,438,437,3,-1,4,15,0,81,960,308
738,12,114,576,933,357,12,12,559,559,0,0.00034037918240920387,0.00034037918240920387,638,638,0,4,4,4,2,2,893,363,853
739,170,786,957,1000,43,94,94,973,973,0,0.006058749446883829,0.009088124170325743,962,979,17,2,2,2,5,31,386,126,288
740,47,148,885,975,90,18,18,771,771,0,0.001497668402600497,0.001497668402600497,865,865,0,6,4,4,3,19,786,297,893
741,40,246,746,968,222,70,74,775,792,17,0.0004084550188910446,0.0006126825283365669,672,732,60,3,3,3,9,6,249,381,278
742,0,206,1,991,990,0,8,1,643,642,0.0,0.001055175465468532,1,819,818,3,-1,4,2,0,884,832,62
743,0,101,1,931,930,0,6,1,331,330,0.0,0.0,1,1,0,5,-1,6,6,0,529,888,547
744,0,206,1,986,985,0,7,1,565,564,0.0,0.0009530617107457708,1,810,809,3,-1,4,2,0,985,587,4
745,18,224,687,978,291,24,24,761,761,0,0.0005446066918547262,0.0010892133837094523,731,832,101,3,3,3,3,4,833,287,116
746,38,140,763,929,166,40,40,605,605,0,0.0002042275094455223,0.00030634126416828345,561,632,71,4,4,4,8,10,301,262,350
747,8,110,614,966,352,3,4,404,467,63,0.00017018959120460194,0.000442492937131965,559,713,154,4,5,5,2,4,805,210,202
748,19,120,669,938,269,18,18,605,605,0,0.00034037918240920387,0.00034037918240920387,643,643,0,5,4,4,3,9,927,317,721
749,0,101,1,932,931,0,3,1,330,329,0.0,0.00013615167296368154,1,518,517,5,-1,6,3,1,856,235,385
750,36,137,775,940,165,30,30,646,646,0,0.0005786446100956465,0.0007488342013002485,722,762,40,5,4,4,5,13,701,340,805
751,34,650,736,992,256,56,66,679,741,62,0.0004084550188910446,0.0013955546478777359,685,841,156,2,3,3,8,3,434,93,195
752,184,390,973,995,22,32,32,917,917,0,0.00442492937131965,0.005071649817897137,948,956,8,3,3,3,2,45,983,77,340
753,3,105,440,943,503,3,3,373,373,0,3.4037918240920386e-05,0.0002723033459273631,399,626,227,4,5,5,2,2,943,602,93
754,0,206,1,971,970,0,14,1,488,487,0.0,0.0007147962830593281,1,752,751,3,-1,4,5,0,720,686,185
755,44,44,815,815,0,68,68,941,941,0,0.001497668402600497,0.001497668402600497,856,856,0,-1,2,2,4,3,385,173,908
756,0,0,1,1,0,0,0,1,1,0,0.0,0.0,1,1,0,-1,-1,-1,5,0,531,872,583
757,6,212,468,972,504,18,18,631,631,0,0.00013615167296368154,0.0011232513019503727,518,826,308,3,4,4,3,1,923,727,174
758,0,0,1,1,0,0,0,1,1,0,0.0,0.0,1,1,0,-1,-1,-1,9,0,200,999,982
759,16,222,588,962,374,52,56,656,682,26,0.00017018959120460194,0.0005105687736138058,538,709,171,3,3,3,9,3,319,260,677
760,32,134,726,919,193,40,40,629,629,0,0.0004084550188910446,0.0006126825283365669,666,722,56,4,3,3,7,7,182,303,613
761,66,168,864,960,96,38,38,865,865,0,0.0017018959120460194,0.0019061234214915416,867,878,11,4,3,3,3,9,645,375,287
762,0,0,1,1,0,0,0,1,1,0,0.0,0.0,1,1,0,-1,-1,-1,2,0,742,372,970
763,10,10,592,592,0,13,13,490,490,0,0.00017018959120460194,0.00017018959120460194,535,535,0,-1,4,4,5,3,557,677,858
764,24,24,760,760,0,12,12,671,671,0,0.0009190237925048504,0.0009190237925048504,798,798,0,-1,4,4,2,8,739,132,983
765,0,206,1,967,966,0,40,1,640,639,0.0,0.0016338200755641784,1,851,850,3,-1,4,8,0,449,950,95
766,0,102,1,887,886,0,23,1,379,378,0.0,0.0002042275094455223,1,562,561,4,-1,5,16,0,60,445,22
767,90,706,860,996,136,104,114,868,899,31,0.001599782157323258,0.00445896728956057,854,949,95,2,3,3,9,9,274,277,128
768,7,213,550,979,429,7,11,441,501,60,0.0002042275094455223,0.0008509479560230097,576,788,212,3,5,4,4,6,827,459,562
769,257,257,955,955,0,292,292,964,964,0,0.0045270431260424114,0.0045270431260424114,944,944,0,-1,2,2,19,27,36,69,961
770,3,105,425,924,499,6,6,410,410,0,3.4037918240920386e-05,0.0002382654276864427,415,597,182,4,5,5,3,3,836,631,156
771,8,110,543,935,392,12,12,567,567,0,0.00010211375472276115,0.0008169100377820892,481,788,307,4,4,4,2,2,828,791,471
772,71,71,850,850,0,62,62,774,774,0,0.0013955546478777359,0.0013955546478777359,842,842,0,-1,3,3,7,11,221,97,909
773,0,0,1,1,0,0,0,1,1,0,0.0,0.0,1,1,0,-1,-1,-1,4,0,520,883,608
774,12,218,563,972,409,30,30,645,645,0,0.0002723033459273631,0.0004765308553728854,609,711,102,3,4,4,5,2,247,465,249
775,0,102,1,909,908,0,8,1,357,356,0.0,0.0,1,1,0,4,-1,5,7,0,477,574,292
776,199,815,961,997,36,104,104,908,908,0,0.0025188059498281084,0.004731270635487933,906,952,46,2,3,3,9,34,166,89,69
777,8,8,530,530,0,14,14,473,473,0,0.00017018959120460194,0.00017018959120460194,555,555,0,-1,4,4,5,2,294,383,836
778,0,206,1,974,973,0,14,1,567,566,0.0,0.0008509479560230097,1,795,794,3,-1,4,3,1,588,767,146
779,6,6,506,506,0,12,12,627,627,0,0.00034037918240920387,0.00034037918240920387,662,662,0,-1,4,4,2,1,820,681,928
780,6,622,407,991,584,30,68,474,692,218,0.00010211375472276115,0.006433166547533953,478,966,488,2,4,3,11,1,333,659,6
781,0,0,1,1,0,0,0,1,1,0,0.0,0.0,1,1,0,-1,-1,-1,8,0,244,604,978
782,158,364,930,979,49,138,138,948,948,0,0.003267640151128357,0.003948398515946765,929,942,13,3,2,2,9,13,140,42,264
783,0,0,1,1,0,0,0,1,1,0,0.0,0.0,1,1,0,-1,-1,-1,12,0,52,849,733
784,18,119,661,928,267,30,30,694,694,0,0.0007488342013002485,0.0008169100377820892,767,774,7,5,4,4,5,4,524,326,411
785,16,16,535,535,0,60,60,584,584,0,0.0002382654276864427,0.0002382654276864427,594,594,0,-1,3,3,11,1,227,891,830
786,18,634,636,994,358,40,50,626,701,75,0.00034037918240920387,0.0012253650566731338,640,833,193,2,4,3,8,7,158,237,536
787,241,241,963,963,0,142,142,959,959,0,0.005786446100956465,0.005786446100956465,963,963,0,-1,2,2,8,31,483,126,735
788,10,216,518,956,438,36,36,505,505,0,0.00010211375472276115,0.000442492937131965,475,687,212,3,4,4,10,4,82,230,759
789,473,679,985,993,8,204,204,985,985,0,0.009496579189216788,0.009496579189216788,976,976,0,3,2,2,11,62,163,70,309
790,88,190,913,969,56,38,38,858,858,0,0.002723033459273631,0.003165526396405596,915,927,12,4,3,3,3,18,651,55,267
791,220,322,996,1000,4,22,22,969,969,0,0.01409169815174104,0.014500153170632085,990,990,0,4,3,3,2,127,955,11,160
792,0,206,1,935,934,0,80,1,547,546,0.0,0.001497668402600497,1,848,847,3,-1,4,18,0,69,815,71
793,0,206,1,969,968,0,10,1,457,456,0.0,0.0006807583648184077,1,763,762,3,-1,4,3,0,726,446,415
794,0,102,1,937,936,0,4,1,422,421,0.0,0.0005786446100956465,1,728,727,4,-1,5,2,0,723,768,218
795,26,128,765,956,191,12,12,658,658,0,0.000442492937131965,0.0006807583648184077,696,753,57,4,4,4,2,11,705,249,891
796,0,102,1,938,937,0,6,1,428,427,0.0,0.0006126825283365669,1,741,740,4,-1,5,3,0,835,644,405
797,36,242,772,973,201,26,26,586,586,0,0.00030634126416828345,0.0007488342013002485,631,769,138,3,4,4,5,9,247,391,327
798,12,12,542,542,0,30,30,509,509,0,0.00013615167296368154,0.00013615167296368154,514,514,0,-1,4,4,9,2,319,682,428
799,30,132,702,916,214,58,58,618,618,0,0.0005105687736138058,0.0005786446100956465,704,720,16,4,4,4,11,7,224,303,152
800,6,622,388,991,603,46,92,456,611,155,0.00017018959120460194,0.0026549576227917903,550,906,356,2,4,3,17,1,24,481,157
801,0,102,1,933,932,0,6,1,423,422,0.0,0.0008169100377820892,1,792,791,4,-1,5,3,0,615,546,106
802,0,101,1,951,950,0,3,1,331,330,0.0,3.4037918240920386e-05,1,416,415,5,-1,6,3,0,584,871,434
803,13,629,535,995,460,36,58,489,604,115,6.807583648184077e-05,0.0020422750944552232,444,876,432,2,4,3,12,3,375,347,85
804,4,4,428,428,0,8,8,412,412,0,0.00010211375472276115,0.00010211375472276115,474,474,0,-1,5,5,4,3,832,496,564
805,148,148,937,937,0,64,64,910,910,0,0.00442492937131965,0.00442492937131965,956,956,0,-1,3,3,4,31,493,126,910
806,0,102,1,937,936,0,6,1,465,464,0.0,0.0009530617107457708,1,811,810,4,-1,5,3,0,899,819,96
807,0,102,1,924,923,0,7,1,397,396,0.0,0.00013615167296368154,1,513,512,4,-1,5,4,0,650,910,365
808,23,229,721,979,258,16,20,536,587,51,0.00034037918240920387,0.003369753905851118,649,934,285,3,4,4,4,9,397,191,75
809,239,340,978,987,9,44,44,897,897,0,0.005173763572619898,0.005207801490860819,961,961,0,5,3,3,4,61,511,14,680
810,0,0,1,1,0,0,0,1,1,0,0.0,0.0,1,1,0,-1,-1,-1,7,0,497,937,959
811,0,206,1,973,972,0,12,1,504,503,0.0,0.0006467204465774873,1,736,735,3,-1,4,4,0,696,502,288
812,129,335,910,974,64,176,176,955,955,0,0.0030293747234419145,0.005616256509751864,928,958,30,3,2,2,12,20,212,87,41
813,127,1767,936,1000,64,50,84,824,955,131,0.002144388849177984,0.02209060893835733,900,995,95,1,3,2,5,30,311,65,354
814,253,253,977,977,0,70,70,913,913,0,0.004118588107151367,0.004118588107151367,951,951,0,-1,3,3,5,57,599,50,997
815,13,219,521,954,433,42,50,498,544,46,6.807583648184077e-05,0.00030634126416828345,439,627,188,3,4,4,11,3,162,347,4
816,2,208,355,968,613,6,18,355,496,141,0.0,6.807583648184077e-05,1,449,448,3,5,4,5,1,392,861,493
817,6,622,396,992,596,26,48,447,599,152,6.807583648184077e-05,0.0011913271384322134,438,831,393,2,4,3,9,1,287,623,295
818,0,102,1,945,944,0,4,1,370,369,0.0,0.0002723033459273631,1,616,615,4,-1,5,3,0,535,941,236
819,1,207,330,975,645,3,10,330,500,170,6.807583648184077e-05,0.0014295925661186562,451,861,410,3,6,4,3,2,826,692,153
820,204,204,935,935,0,280,280,927,927,0,0.002927260968719153,0.002927260968719153,921,921,0,-1,2,2,21,25,54,47,776
821,0,206,1,949,948,0,45,1,445,444,0.0,0.0004765308553728854,1,684,683,3,-1,4,17,1,23,513,195
822,0,102,1,960,959,0,4,1,438,437,0.0,0.00037441710065012424,1,680,679,4,-1,5,2,0,997,803,113
823,70,171,881,958,77,34,34,738,738,0,0.0016338200755641784,0.0017018959120460194,876,880,4,5,3,3,4,19,532,144,274
824,22,228,624,954,330,74,74,651,651,0,0.00030634126416828345,0.0008169100377820892,622,773,151,3,3,3,12,2,252,682,204
825,71,172,870,960,90,50,50,863,863,0,0.00176997174852786,0.0018040096667687805,873,876,3,6,3,3,5,14,478,139,540
826,12,114,666,962,296,8,8,555,555,0,0.0002382654276864427,0.0004084550188910446,602,694,92,4,4,4,2,6,991,683,465
827,0,206,1,964,963,0,20,1,490,489,0.0,0.0004765308553728854,1,702,701,3,-1,4,6,1,498,706,221
828,0,0,1,1,0,0,0,1,1,0,0.0,0.0,1,1,0,-1,-1,-1,4,0,832,844,932
829,2,104,356,898,542,9,14,367,413,46,3.4037918240920386e-05,0.0002382654276864427,407,595,188,4,5,5,7,1,466,924,454
830,89,89,896,896,0,60,60,892,892,0,0.0012253650566731338,0.0012253650566731338,835,835,0,-1,3,3,5,11,502,83,905
831,15,15,667,667,0,14,14,597,597,0,0.00030634126416828345,0.00030634126416828345,643,643,0,-1,4,4,3,5,774,510,928
832,28,644,630,991,361,128,142,688,724,36,0.0004765308553728854,0.0013615167296368155,680,839,159,2,3,3,19,4,14,450,184
833,8,110,557,946,389,12,12,675,675,0,3.4037918240920386e-05,0.0002382654276864427,405,591,186,4,4,4,2,3,757,434,444
834,0,0,1,1,0,0,0,1,1,0,0.0,0.0,1,1,0,-1,-1,-1,3,0,814,674,828
835,22,228,721,975,254,16,16,557,557,0,0.0002723033459273631,0.0005786446100956465,624,738,114,3,4,4,4,9,581,191,376
836,6,6,400,400,0,29,29,428,428,0,0.0,0.0,1,1,0,-1,4,4,13,2,91,679,831
837,116,116,882,882,0,268,268,923,923,0,0.0019061234214915416,0.0019061234214915416,870,870,0,-1,3,3,23,14,30,84,802
838,0,0,1,1,0,0,0,1,1,0,0.0,0.0,1,1,0,-1,-1,-1,6,0,494,201,696
839,58,264,851,978,127,44,44,837,837,0,0.0009530617107457708,0.0013615167296368155,813,853,40,3,3,3,4,12,700,155,422
840,1,102,333,893,560,7,7,333,333,0,0.0,0.0,1,1,0,6,6,6,7,4,335,595,663
841,3,105,421,922,501,8,9,385,398,13,0.0,0.00013615167296368154,1,525,524,4,5,5,5,5,531,225,290
842,124,330,930,981,51,82,82,912,912,0,0.0028932230504782326,0.004118588107151367,921,943,22,3,3,3,7,19,482,135,129
843,284,386,978,991,13,64,64,944,944,0,0.005173763572619898,0.0053099152455835805,956,957,1,4,3,3,4,61,758,14,311
844,138,240,911,965,54,110,110,884,884,0,0.0024166921951053475,0.0024166921951053475,894,894,0,4,3,3,10,19,272,72,853
845,48,1693,920,1000,80,12,46,802,992,190,0.0020763130126961434,0.05408625208482249,907,998,91,1,4,2,2,20,944,38,895
846,33,239,648,942,294,170,174,741,751,10,0.0002042275094455223,0.0007147962830593281,552,739,187,3,3,3,24,3,28,291,207
847,180,180,942,942,0,168,168,971,971,0,0.00442492937131965,0.00442492937131965,953,953,0,-1,2,2,10,19,75,297,271
848,16,632,667,998,331,14,28,565,797,232,0.0006126825283365669,0.0063650907110521125,752,963,211,2,4,3,3,6,861,467,9
849,7,213,510,966,456,23,23,525,525,0,0.00017018959120460194,0.000442492937131965,553,691,138,3,4,4,6,2,402,724,258
850,0,102,1,896,895,0,9,1,357,356,0.0,3.4037918240920386e-05,1,403,402,4,-1,5,8,0,257,818,442
851,291,291,981,981,0,72,72,969,969,0,0.006024711528642908,0.006024711528642908,969,969,0,-1,2,2,3,57,613,50,200
852,12,113,665,960,295,18,18,719,719,0,0.0002382654276864427,0.00030634126416828345,607,648,41,5,4,4,3,2,584,827,799
853,2,104,361,938,577,2,3,333,362,29,0.0,0.0002723033459273631,1,629,628,4,6,5,2,5,972,605,354
854,0,616,1,993,992,0,44,1,583,582,0.0,0.0009870996289866913,1,808,807,2,-1,3,9,1,191,456,440
855,0,101,1,897,896,0,9,1,332,331,0.0,3.4037918240920386e-05,1,403,402,5,-1,6,9,0,190,832,419
856,19,19,739,739,0,14,14,638,638,0,0.000442492937131965,0.000442492937131965,694,694,0,-1,4,4,3,7,796,188,953
857,7,213,492,961,469,40,44,572,605,33,0.00010211375472276115,0.0009870996289866913,482,794,312,3,4,4,10,4,527,305,397
858,2,2,373,373,0,6,6,430,430,0,3.4037918240920386e-05,3.4037918240920386e-05,403,403,0,-1,5,5,3,1,628,807,881
859,1,1,332,332,0,3,3,332,332,0,0.0,0.0,1,1,0,-1,6,6,3,2,912,331,735
860,50,151,828,947,119,56,56,814,814,0,0.00088498587426393,0.00088498587426393,802,802,0,5,3,3,6,6,526,194,593
861,28,129,767,952,185,22,22,760,760,0,0.0006467204465774873,0.0006467204465774873,751,751,0,6,3,3,2,4,643,407,763
862,7,7,551,551,0,14,14,593,593,0,0.0005786446100956465,0.0005786446100956465,729,729,0,-1,4,4,3,3,639,299,649
863,134,235,918,963,45,102,102,896,896,0,0.003982436434187685,0.003982436434187685,943,943,0,5,2,2,8,15,434,158,140
864,0,0,1,1,0,0,0,1,1,0,0.0,0.0,1,1,0,-1,-1,-1,11,0,162,548,498
865,30,132,670,902,232,114,114,699,699,0,0.00034037918240920387,0.0005446066918547262,640,707,67,4,3,3,17,4,24,86,805
866,145,247,950,978,28,38,38,878,878,0,0.0048674223084516155,0.004935498144933456,955,956,1,4,3,3,3,31,842,34,410
867,0,102,1,860,859,0,24,1,345,344,0.0,0.0,1,1,0,4,-1,5,23,1,43,513,344
868,0,0,1,1,0,0,0,1,1,0,0.0,0.0,1,1,0,-1,-1,-1,17,0,63,729,932
869,121,121,915,915,0,110,110,871,871,0,0.001940161339732462,0.001940161339732462,883,883,0,-1,3,3,10,20,293,95,937
870,6,212,407,954,547,20,27,420,464,44,0.00013615167296368154,0.0005446066918547262,501,705,204,3,4,4,10,1,169,601,535
871,0,206,1,971,970,0,14,1,543,542,0.0,0.0017018959120460194,1,874,873,3,-1,4,3,0,577,856,35
872,34,1674,754,1000,246,34,68,586,843,257,0.0006126825283365669,0.015351101126655093,736,988,252,1,4,2,7,9,329,414,59
873,0,101,1,927,926,0,2,1,331,330,0.0,0.0,1,1,0,5,-1,6,2,0,828,731,861
874,120,326,884,968,84,290,290,902,902,0,0.002212464685659825,0.002280540522141666,895,900,5,3,3,3,25,15,17,151,373
875,0,616,1,990,989,0,52,1,553,552,0.0,0.0018040096667687805,1,866,865,2,-1,3,13,1,185,428,180
876,0,102,1,920,919,0,7,1,396,395,0.0,0.0004765308553728854,1,708,707,4,-1,5,4,0,649,998,303
877,0,0,1,1,0,0,0,1,1,0,0.0,0.0,1,1,0,-1,-1,-1,4,1,735,895,831
878,25,25,665,665,0,68,68,659,659,0,0.0007488342013002485,0.0007488342013002485,756,756,0,-1,4,4,12,7,194,170,962
879,0,101,1,915,914,0,5,1,332,331,0.0,6.807583648184077e-05,1,456,455,5,-1,6,5,0,552,423,353
880,8,110,495,905,410,34,34,582,582,0,0.0002042275094455223,0.0002042275094455223,561,561,0,4,4,4,7,4,346,239,518
881,4,106,497,968,471,3,3,397,397,0,3.4037918240920386e-05,0.0015317063208414173,395,871,476,4,5,5,2,5,933,464,58
882,2,1642,362,1000,638,9,72,392,941,549,0.0,0.024405187378739916,1,994,993,1,5,2,6,1,529,577,10
883,21,227,678,967,289,34,34,722,722,0,0.0007828721195411688,0.001497668402600497,778,856,78,3,3,3,4,5,516,355,293
884,10,111,600,943,343,10,10,503,503,0,0.00017018959120460194,0.0002042275094455223,546,564,18,5,4,4,3,3,670,378,639
885,0,102,1,962,961,0,3,1,403,402,0.0,0.00010211375472276115,1,501,500,4,-1,5,2,0,788,922,315
886,0,0,1,1,0,0,0,1,1,0,0.0,0.0,1,1,0,-1,-1,-1,10,0,259,782,854
887,4,106,408,910,502,8,8,401,401,0,0.0,3.4037918240920386e-05,1,392,391,4,5,5,4,3,509,646,347
888,16,222,520,948,428,70,74,542,555,13,0.00030634126416828345,0.0006807583648184077,625,734,109,3,3,3,18,2,86,532,482
889,0,102,1,889,888,0,12,1,367,366,0.0,6.807583648184077e-05,1,444,443,4,-1,5,9,0,123,728,325
890,207,309,972,981,9,54,54,876,876,0,0.0040845501889104465,0.0040845501889104465,946,946,0,4,3,3,4,38,822,111,579
891,2,208,355,960,605,13,19,387,440,53,3.4037918240920386e-05,0.00037441710065012424,393,650,257,3,5,4,8,3,443,755,525
892,2,208,372,976,604,6,10,451,541,90,0.00013615167296368154,0.0007828721195411688,524,770,246,3,5,4,3,2,674,550,497
893,0,0,1,1,0,0,0,1,1,0,0.0,0.0,1,1,0,-1,-1,-1,4,0,550,522,968
894,12,218,587,972,385,12,16,496,562,66,6.807583648184077e-05,0.0007147962830593281,445,747,302,3,4,4,4,4,520,380,299
895,126,126,929,929,0,84,84,961,961,0,0.003642057251778481,0.003642057251778481,935,935,0,-1,2,2,5,18,173,171,675
896,20,226,642,969,327,26,38,515,617,102,0.0002723033459273631,0.0019061234214915416,614,876,262,3,4,4,7,5,299,562,73
897,17,17,647,647,0,30,30,668,668,0,0.0010892133837094523,0.0010892133837094523,825,825,0,-1,4,4,5,6,386,289,982
898,1,102,333,943,610,3,3,333,333,0,0.0,0.00010211375472276115,1,493,492,5,6,6,3,4,862,595,451
899,24,640,694,995,301,26,40,610,728,118,0.0005105687736138058,0.003437829742332959,716,937,221,2,4,3,5,4,396,40,66
900,298,504,980,992,12,142,142,982,982,0,0.008645631233193778,0.009190237925048503,976,977,1,3,2,2,8,50,318,33,267
901,0,0,1,1,0,0,0,1,1,0,0.0,0.0,1,1,0,-1,-1,-1,6,0,606,996,388
902,0,102,1,895,894,0,11,1,354,353,0.0,0.00010211375472276115,1,475,474,4,-1,5,10,0,243,649,274
903,0,0,1,1,0,0,0,1,1,0,0.0,0.0,1,1,0,-1,-1,-1,3,0,899,950,966
904,0,0,1,1,0,0,0,1,1,0,0.0,0.0,1,1,0,-1,-1,-1,7,0,697,802,980
905,0,206,1,947,946,0,44,1,510,509,0.0,0.0009530617107457708,1,788,787,3,-1,4,12,1,292,730,190
906,25,25,794,794,0,12,12,721,721,0,0.0011913271384322134,0.0011913271384322134,844,844,0,-1,4,4,2,6,760,114,564
907,28,28,752,752,0,34,34,738,738,0,0.0004765308553728854,0.0004765308553728854,709,709,0,-1,3,3,4,5,652,182,228
908,0,616,1,992,991,0,26,1,482,481,0.0,0.0007828721195411688,1,767,766,2,-1,3,9,0,289,429,485
909,0,101,1,943,942,0,2,1,330,329,0.0,0.00010211375472276115,1,494,493,5,-1,6,2,0,992,574,311
910,42,248,860,987,127,22,22,837,837,0,0.001497668402600497,0.007862759113652609,874,971,97,3,3,3,2,12,951,67,24
911,0,0,1,1,0,0,0,1,1,0,0.0,0.0,1,1,0,-1,-1,-1,9,0,213,823,431
912,0,0,1,1,0,0,0,1,1,0,0.0,0.0,1,1,0,-1,-1,-1,2,1,847,874,951
913,16,222,575,960,385,42,47,580,630,50,0.00017018959120460194,0.0004765308553728854,550,692,142,3,3,3,9,1,200,762,287
914,34,136,686,899,213,152,152,832,832,0,0.0004084550188910446,0.0006467204465774873,669,728,59,4,3,3,16,3,151,280,510
915,6,212,425,965,540,12,12,449,449,0,6.807583648184077e-05,0.0004084550188910446,448,673,225,3,4,4,4,2,391,575,545
916,18,224,627,968,341,28,34,516,579,63,0.0002382654276864427,0.0006467204465774873,586,724,138,3,3,3,8,5,146,464,246
917,18,224,647,972,325,22,26,553,585,32,0.0002042275094455223,0.0014295925661186562,564,850,286,3,4,4,5,4,247,443,87
918,0,0,1,1,0,0,0,1,1,0,0.0,0.0,1,1,0,-1,-1,-1,2,1,769,428,948
919,0,102,1,896,895,0,9,1,356,355,0.0,0.0,1,1,0,4,-1,5,8,0,302,498,788
920,102,102,896,896,0,72,72,826,826,0,0.0016678579938050988,0.0016678579938050988,865,865,0,-1,3,3,7,17,466,96,651
921,22,124,657,918,261,58,58,715,715,0,0.0005446066918547262,0.0006467204465774873,705,734,29,4,3,3,8,2,380,465,156
922,6,212,471,979,508,9,14,491,627,136,0.00017018959120460194,0.0017359338302869397,551,875,324,3,4,4,3,2,879,560,58
923,50,666,783,994,211,80,80,730,730,0,0.0007488342013002485,0.0030634126416828346,756,926,170,2,3,3,10,5,135,283,26
924,18,119,604,907,303,48,48,574,574,0,0.0002723033459273631,0.0002723033459273631,616,616,0,5,4,4,10,6,149,447,460
925,0,0,1,1,0,0,0,1,1,0,0.0,0.0,1,1,0,-1,-1,-1,4,0,567,774,787
926,192,293,958,977,19,116,116,968,968,0,0.003642057251778481,0.003642057251778481,934,934,0,5,2,2,7,33,505,15,495
927,0,0,1,1,0,0,0,1,1,0,0.0,0.0,1,1,0,-1,-1,-1,5,0,557,611,455
928,0,0,1,1,0,0,0,1,1,0,0.0,0.0,1,1,0,-1,-1,-1,6,0,587,996,388
929,0,206,1,975,974,0,8,1,499,498,0.0,0.0004765308553728854,1,709,708,3,-1,4,3,1,845,792,303
930,0,0,1,1,0,0,0,1,1,0,0.0,0.0,1,1,0,-1,-1,-1,7,0,141,858,864
931,16,16,586,586,0,20,20,477,477,0,0.00010211375472276115,0.00010211375472276115,489,489,0,-1,4,4,6,4,255,164,728
932,7,7,526,526,0,11,11,476,476,0,6.807583648184077e-05,6.807583648184077e-05,452,452,0,-1,4,4,4,3,550,631,801
933,0,102,1,916,915,0,6,1,407,406,0.0,0.000442492937131965,1,690,689,4,-1,5,3,0,726,672,589
934,0,0,1,1,0,0,0,1,1,0,0.0,0.0,1,1,0,-1,-1,-1,2,0,775,744,828
935,28,234,781,978,197,24,28,787,805,18,0.0002723033459273631,0.0007488342013002485,619,766,147,3,3,3,3,5,670,314,589
936,0,206,1,970,969,0,14,1,479,478,0.0,0.00034037918240920387,1,637,636,3,-1,4,5,0,463,943,551
937,22,22,609,609,0,82,82,626,626,0,0.00013615167296368154,0.00013615167296368154,508,508,0,-1,3,3,15,2,45,770,776
938,57,159,831,950,119,52,52,816,816,0,0.0012594029749140542,0.0013615167296368155,830,838,8,4,3,3,6,8,606,497,477
939,111,111,897,897,0,98,98,807,807,0,0.0013955546478777359,0.0013955546478777359,839,839,0,-1,3,3,12,17,219,327,732
940,30,30,765,765,0,32,32,747,747,0,0.0006467204465774873,0.0006467204465774873,743,743,0,-1,3,3,5,8,430,250,997
941,23,124,759,956,197,20,20,788,788,0,0.00037441710065012424,0.00037441710065012424,673,673,0,5,3,3,3,3,871,653,321
942,44,146,818,948,130,50,50,816,816,0,0.0007828721195411688,0.0011232513019503727,787,826,39,4,3,3,5,8,294,264,253
943,24,126,673,919,246,36,36,667,667,0,0.00037441710065012424,0.00037441710065012424,659,659,0,4,3,3,5,3,496,301,598
944,18,224,651,969,318,26,30,688,706,18,0.0002382654276864427,0.0034037918240920387,589,928,339,3,3,3,4,4,547,270,14
945,14,116,612,934,322,18,18,528,528,0,0.0002382654276864427,0.0002723033459273631,595,618,23,4,4,4,5,6,533,447,290
946,284,284,972,972,0,148,148,976,976,0,0.005956635692161067,0.005956635692161067,961,961,0,-1,2,2,9,31,250,76,994
947,6,212,433,969,536,20,24,510,544,34,0.0,0.00034037918240920387,1,654,653,3,4,4,6,2,266,714,417
948,0,206,1,941,940,0,39,1,440,439,0.0,0.0005105687736138058,1,694,693,3,-1,4,15,1,49,513,418
949,22,22,623,623,0,56,56,582,582,0,0.0002382654276864427,0.0002382654276864427,583,583,0,-1,4,4,12,6,143,683,565
950,39,245,831,979,148,44,44,881,881,0,0.0007828721195411688,0.0012253650566731338,778,834,56,3,3,3,4,9,721,212,175
951,28,28,681,681,0,58,58,631,631,0,0.00030634126416828345,0.00030634126416828345,645,645,0,-1,3,3,10,3,75,301,356
952,0,206,1,985,984,0,7,1,557,556,0.0,0.000442492937131965,1,701,700,3,-1,4,2,0,982,957,492
953,0,101,1,926,925,0,5,1,332,331,0.0,0.0,1,1,0,6,-1,7,5,0,795,901,181
954,6,107,448,927,479,20,20,528,528,0,0.00010211375472276115,0.00010211375472276115,492,492,0,5,4,4,6,1,494,659,764
955,50,151,853,961,108,24,24,759,759,0,0.0010892133837094523,0.0010892133837094523,824,824,0,5,3,3,3,12,710,155,605
956,57,157,877,969,92,22,22,837,837,0,0.0015317063208414173,0.0018380475850097008,865,878,13,4,3,3,2,15,979,206,209
957,12,114,712,970,258,12,12,763,763,0,0.00034037918240920387,0.0005786446100956465,659,739,80,4,4,4,2,5,865,165,169
958,6,107,426,915,489,18,18,554,554,0,0.00017018959120460194,0.00017018959120460194,543,543,0,5,4,4,3,1,704,420,606
959,119,219,930,972,42,80,80,938,938,0,0.0030974505599237552,0.0031314884781646754,925,926,1,5,3,3,5,18,665,55,411
960,2,104,362,936,574,4,4,394,394,0,0.0,0.00013615167296368154,1,523,522,4,5,5,2,1,429,531,427
961,104,104,914,914,0,54,54,881,881,0,0.0018720855032506212,0.0018720855032506212,883,883,0,-1,3,3,4,18,717,54,886
962,16,222,569,959,390,40,40,704,704,0,0.0002723033459273631,0.0013615167296368155,609,842,233,3,3,3,5,1,496,282,183
963,50,256,900,992,92,12,12,720,720,0,0.0014636304843595766,0.009905034208107831,867,976,109,3,4,4,2,16,968,78,11
964,22,22,659,659,0,74,74,796,796,0,0.000442492937131965,0.000442492937131965,696,696,0,-1,3,3,8,2,186,465,780
965,0,102,1,936,935,0,6,1,452,451,0.0,0.0004765308553728854,1,713,712,4,-1,5,3,0,961,367,355
966,7,109,594,960,366,4,4,436,436,0,0.00037441710065012424,0.0009190237925048504,691,810,119,4,5,5,2,6,751,459,326
967,0,102,1,922,921,0,8,1,386,385,0.0,0.0002382654276864427,1,596,595,4,-1,5,5,0,294,517,278
968,159,260,979,994,15,22,22,906,906,0,0.008475441641989176,0.008475441641989176,977,977,0,6,3,3,2,54,865,19,764
969,8,214,543,971,428,14,18,505,555,50,0.0,0.0009530617107457708,1,809,808,3,4,4,5,5,685,395,91
970,6,6,424,424,0,19,19,447,447,0,3.4037918240920386e-05,3.4037918240920386e-05,396,396,0,-1,4,4,8,1,323,870,952
971,16,117,631,937,306,40,40,777,777,0,0.0004765308553728854,0.0004765308553728854,703,703,0,5,3,3,5,1,688,80,623
972,2,104,357,921,564,6,6,403,403,0,3.4037918240920386e-05,6.807583648184077e-05,405,455,50,4,5,5,3,1,554,771,627
973,0,206,1,968,967,0,26,1,611,610,0.0,0.0009530617107457708,1,805,804,3,-1,4,5,0,386,793,148
974,0,0,1,1,0,0,0,1,1,0,0.0,0.0,1,1,0,-1,-1,-1,2,1,866,456,660
975,179,281,935,968,33,184,184,918,918,0,0.002586881786309949,0.002995336805200994,903,919,16,4,2,2,15,22,95,128,240
976,2,2,367,367,0,4,4,416,416,0,3.4037918240920386e-05,3.4037918240920386e-05,403,403,0,-1,5,5,2,1,993,463,835
977,0,0,1,1,0,0,0,1,1,0,0.0,0.0,1,1,0,-1,-1,-1,3,1,676,874,776
978,6,107,470,934,464,18,18,548,548,0,0.00010211375472276115,0.00010211375472276115,476,476,0,7,4,4,5,1,602,958,663
979,34,136,735,919,184,94,94,871,871,0,0.00088498587426393,0.0009530617107457708,779,793,14,4,3,3,9,4,315,407,464
980,269,475,977,993,16,54,54,916,916,0,0.0063650907110521125,0.006501242384015794,967,968,1,3,3,3,4,55,545,21,477
981,30,132,794,955,161,34,34,837,837,0,0.0009870996289866913,0.0011232513019503727,810,826,16,4,3,3,4,4,603,40,670
982,0,102,1,886,885,0,12,1,370,369,0.0,0.0002723033459273631,1,605,604,4,-1,5,9,0,327,638,645
983,0,101,1,931,930,0,5,1,331,330,0.0,0.00010211375472276115,1,482,481,5,-1,6,5,1,695,830,279
984,0,102,1,895,894,0,14,1,396,395,0.0,0.00013615167296368154,1,513,512,4,-1,5,8,0,260,914,365
985,13,115,629,943,314,8,8,484,484,0,0.00010211375472276115,0.0002042275094455223,484,574,90,4,4,4,2,6,972,279,764
986,27,27,746,746,0,16,16,547,547,0,0.0005446066918547262,0.0005446066918547262,728,728,0,-1,4,4,4,7,401,329,359
987,34,135,853,973,120,38,38,949,949,0,0.0015657442390823377,0.0015657442390823377,873,873,0,7,3,3,3,4,786,185,469
988,28,129,793,954,161,28,28,819,819,0,0.001055175465468532,0.001157289220191293,829,842,13,5,3,3,3,6,826,289,319
989,2,103,361,915,554,7,7,387,387,0,6.807583648184077e-05,0.00013615167296368154,453,522,69,5,5,5,4,1,622,606,654
990,10,10,614,614,0,8,8,522,522,0,0.00017018959120460194,0.00017018959120460194,567,567,0,-1,4,4,2,3,957,704,660
991,16,118,520,886,366,45,45,464,464,0,3.4037918240920386e-05,0.00010211375472276115,401,479,78,4,3,3,16,2,27,690,577
992,16,222,494,949,455,178,178,779,779,0,0.0002042275094455223,0.0004084550188910446,556,663,107,3,3,3,23,2,30,223,378
993,275,376,975,984,9,88,88,883,883,0,0.0042547397801150485,0.0042547397801150485,942,942,0,5,3,3,8,57,270,50,530
994,18,224,629,964,335,46,50,616,647,31,0.00030634126416828345,0.0006807583648184077,638,748,110,3,4,4,9,4,119,637,178
995,20,122,647,912,265,54,54,729,729,0,0.00010211375472276115,0.0002382654276864427,489,590,101,4,3,3,8,4,488,617,785
996,0,102,1,909,908,0,9,1,362,361,0.0,3.4037918240920386e-05,1,398,397,4,-1,5,7,0,196,979,596
997,4,4,451,451,0,8,8,442,442,0,0.00013615167296368154,0.00013615167296368154,513,513,0,-1,5,5,4,3,581,496,644
998,172,172,962,962,0,84,84,967,967,0,0.005071649817897137,0.005071649817897137,957,957,0,-1,2,2,5,25,456,47,909
999,0,206,1,966,965,0,19,1,461,460,0.0,0.00030634126416828345,1,620,619,3,-1,4,6,0,514,902,212
