,FreeNet_pre_score,FreeNet_post_score,FreeNet_pre_rank,FreeNet_post_rank,FreeNet_delta_ranks,Reversed_pre_score,Reversed_post_score,Reversed_pre_rank,Reversed_post_rank,Reversed_delta_ranks,Random_pre_score,Random_post_score,Random_pre_rank,Random_post_rank,Random_delta_ranks,dist_victim_relayer,dist_victim_vilain_pre,dist_victim_vilain_post,out_deg_victim,in_deg_villain,victim,villain,relayer
0,286,286,987,987,0,72,72,984,984,0,0.012015385139044895,0.012015385139044895,989,989,0,-1,2,2,3,54,800,19,665
1,156,156,934,934,0,92,92,889,889,0,0.0016678579938050988,0.0016678579938050988,864,864,0,-1,3,3,7,19,296,59,819
2,279,279,971,971,0,190,190,972,972,0,0.005684332346233704,0.005684332346233704,962,962,0,-1,2,2,11,27,233,25,757
3,0,102,1,938,937,0,4,1,372,371,0.0,0.00017018959120460194,1,544,543,4,-1,5,3,0,888,498,379
4,3,105,410,902,492,9,12,358,389,31,0.0,0.00010211375472276115,1,478,477,4,5,5,8,2,454,694,282
5,6,108,483,948,465,4,4,427,427,0,0.00013615167296368154,0.00017018959120460194,531,557,26,4,5,5,2,3,896,677,551
6,0,0,1,1,0,0,0,1,1,0,0.0,0.0,1,1,0,-1,-1,-1,2,0,910,538,988
7,38,38,735,735,0,110,110,869,869,0,0.000442492937131965,0.000442492937131965,695,695,0,-1,3,3,10,3,75,616,436
8,0,206,1,955,954,0,18,1,440,439,0.0,0.0002723033459273631,1,607,606,3,-1,4,7,0,436,783,150
9,336,542,980,994,14,140,140,992,992,0,0.006739507811702236,0.007284114503556962,971,973,2,3,2,2,7,50,374,33,351
10,18,119,725,955,230,18,18,823,823,0,0.0006807583648184077,0.0007147962830593281,760,766,6,5,3,3,2,3,548,354,555
11,0,206,1,956,955,0,19,1,411,410,0.0,0.00030634126416828345,1,615,614,3,-1,4,9,0,330,205,308
12,0,0,1,1,0,0,0,1,1,0,0.0,0.0,1,1,0,-1,-1,-1,3,0,871,910,701
13,0,206,1,954,953,0,44,1,547,546,0.0,0.0014295925661186562,1,838,837,3,-1,4,10,0,298,945,82
14,6,6,400,400,0,23,23,394,394,0,6.807583648184077e-05,6.807583648184077e-05,437,437,0,-1,4,4,13,3,160,755,917
15,575,575,994,994,0,148,148,979,979,0,0.011709043874876613,0.011709043874876613,984,984,0,-1,2,2,9,83,395,10,820
16,0,0,1,1,0,0,0,1,1,0,0.0,0.0,1,1,0,-1,-1,-1,3,0,746,997,943
17,0,102,1,907,906,0,6,1,373,372,0.0,0.0,1,1,0,4,-1,5,4,0,516,696,566
18,25,25,658,658,0,72,72,646,646,0,0.000442492937131965,0.000442492937131965,681,681,0,-1,4,4,12,5,143,216,564
19,19,19,691,691,0,22,22,760,760,0,0.0011232513019503727,0.0011232513019503727,830,830,0,-1,3,3,2,3,643,390,766
20,0,102,1,939,938,0,5,1,394,393,0.0,0.00010211375472276115,1,495,494,4,-1,5,3,2,699,633,689
21,0,101,1,940,939,0,4,1,331,330,0.0,6.807583648184077e-05,1,453,452,5,-1,6,4,0,789,782,481
22,48,48,807,807,0,54,54,747,747,0,0.0012253650566731338,0.0012253650566731338,828,828,0,-1,3,3,8,10,541,227,753
23,153,359,928,976,48,138,138,952,952,0,0.002586881786309949,0.004016474352428605,905,942,37,3,2,2,9,17,276,85,61
24,10,10,535,535,0,19,19,439,439,0,3.4037918240920386e-05,3.4037918240920386e-05,395,395,0,-1,4,4,8,3,260,485,841
25,26,26,685,685,0,84,84,786,786,0,0.0004765308553728854,0.0004765308553728854,691,691,0,-1,3,3,11,4,379,312,707
26,106,207,940,975,35,38,38,886,886,0,0.003199564314646516,0.0032336022328874367,933,933,0,5,3,3,3,19,670,133,523
27,1,103,332,911,579,4,7,332,392,60,0.0,0.0006126825283365669,1,742,741,4,6,5,4,1,858,540,240
28,0,0,1,1,0,0,0,1,1,0,0.0,0.0,1,1,0,-1,-1,-1,19,0,35,638,951
29,12,114,564,921,357,28,28,583,583,0,0.0008509479560230097,0.0010211375472276116,778,805,27,4,4,4,6,3,441,209,904
30,10,10,612,612,0,8,8,514,514,0,0.00017018959120460194,0.00017018959120460194,563,563,0,-1,4,4,2,3,976,301,994
31,2,618,355,993,638,11,50,372,667,295,0.0,0.002484768031587188,1,910,909,2,5,3,8,1,131,734,98
32,46,148,772,924,152,80,80,739,739,0,0.0012594029749140542,0.0013955546478777359,830,839,9,4,2,2,11,2,215,791,527
33,49,150,860,965,105,22,22,787,787,0,0.002586881786309949,0.002586881786309949,922,922,0,5,3,3,2,12,804,104,320
34,28,234,704,967,263,64,64,765,765,0,0.0004084550188910446,0.008713707069675619,675,976,301,3,3,3,8,3,201,318,37
35,0,101,1,970,969,0,2,1,329,328,0.0,0.00010211375472276115,1,489,488,5,-1,6,2,0,920,898,550
36,16,16,622,622,0,18,18,692,692,0,0.0006126825283365669,0.0006126825283365669,731,731,0,-1,3,3,2,2,769,575,925
37,86,187,900,970,70,38,38,869,869,0,0.001599782157323258,0.0017018959120460194,868,873,5,5,3,3,3,19,626,297,319
38,0,0,1,1,0,0,0,1,1,0,0.0,0.0,1,1,0,-1,-1,-1,5,0,599,712,573
39,2,208,351,953,602,10,30,352,468,116,6.807583648184077e-05,0.0010211375472276116,443,809,366,3,5,4,9,1,164,781,64
40,2,2,351,351,0,12,12,373,373,0,3.4037918240920386e-05,3.4037918240920386e-05,407,407,0,-1,5,5,8,2,357,292,994
41,100,100,950,950,0,100,100,998,998,0,0.0769937710609619,0.08437999931924163,1000,1000,0,3,1,1,2,6,715,234,11
42,0,101,1,953,952,0,2,1,330,329,0.0,0.00013615167296368154,1,532,531,5,-1,6,2,1,967,947,648
43,16,16,553,553,0,33,33,495,495,0,3.4037918240920386e-05,3.4037918240920386e-05,396,396,0,-1,3,3,10,1,105,639,999
44,1,1,333,333,0,14,14,333,333,0,0.0,0.0,1,1,0,-1,6,6,14,1,332,703,538
45,14,14,546,546,0,40,40,588,588,0,0.0002042275094455223,0.0002042275094455223,556,556,0,-1,4,4,8,6,411,406,991
46,123,739,908,996,88,112,116,904,917,13,0.0030293747234419145,0.004799346471969774,915,951,36,2,2,2,11,12,248,99,13
47,22,22,755,755,0,28,28,830,830,0,0.0006807583648184077,0.0006807583648184077,766,766,0,-1,3,3,3,5,862,535,254
48,0,0,1,1,0,0,0,1,1,0,0.0,0.0,1,1,0,-1,-1,-1,2,0,928,695,941
49,0,616,1,997,996,0,26,1,711,710,0.0,0.002927260968719153,1,919,918,2,-1,3,4,1,815,706,147
50,0,102,1,915,914,0,7,1,395,394,0.0,0.0002723033459273631,1,621,620,4,-1,5,4,0,544,716,154
51,2,104,379,950,571,5,5,416,416,0,0.0,6.807583648184077e-05,1,460,459,4,5,5,3,1,911,530,110
52,23,23,644,644,0,96,96,787,787,0,0.0004765308553728854,0.0004765308553728854,702,702,0,-1,3,3,11,5,307,589,954
53,31,647,759,997,238,22,22,707,707,0,0.0008169100377820892,0.004663194799006093,780,958,178,2,3,3,2,5,769,216,17
54,13,13,649,649,0,18,18,693,693,0,0.0004765308553728854,0.0004765308553728854,701,701,0,-1,4,4,3,5,523,589,871
55,38,139,886,978,92,12,12,749,749,0,0.001497668402600497,0.001497668402600497,872,872,0,5,4,4,2,15,941,206,627
56,0,206,1,971,970,0,16,1,530,529,0.0,0.0009530617107457708,1,811,810,3,-1,4,4,0,709,701,264
57,0,0,1,1,0,0,0,1,1,0,0.0,0.0,1,1,0,-1,-1,-1,3,0,915,801,992
58,79,79,889,889,0,56,56,895,895,0,0.002927260968719153,0.002927260968719153,921,921,0,-1,3,3,5,15,647,153,987
59,26,232,715,971,256,24,24,629,629,0,0.0009190237925048504,0.0014636304843595766,799,856,57,3,4,4,4,5,832,403,474
60,0,206,1,940,939,0,41,1,423,422,0.0,0.00037441710065012424,1,639,638,3,-1,4,17,0,103,848,252
61,1,207,333,976,643,2,12,333,592,259,0.0,0.005480104836788182,1,964,963,3,6,4,2,2,653,721,5
62,0,0,1,1,0,0,0,1,1,0,0.0,0.0,1,1,0,-1,-1,-1,3,0,770,818,685
63,188,290,937,965,28,290,290,949,949,0,0.0030293747234419145,0.0030293747234419145,923,923,0,4,2,2,21,15,25,36,899
64,0,101,1,935,934,0,3,1,331,330,0.0,0.0,1,1,0,5,-1,6,3,0,825,863,506
65,116,116,918,918,0,50,50,798,798,0,0.0028932230504782326,0.0028932230504782326,918,918,0,-1,3,3,5,22,474,128,802
66,79,79,894,894,0,32,32,894,894,0,0.0018380475850097008,0.0018380475850097008,879,879,0,-1,3,3,2,15,763,36,751
67,15,117,628,937,309,24,24,616,616,0,0.00030634126416828345,0.0004765308553728854,636,707,71,4,4,4,6,5,486,510,496
68,128,128,954,954,0,56,56,983,983,0,0.006331052792811192,0.006331052792811192,966,966,0,-1,2,2,2,27,734,61,813
69,6,6,483,483,0,10,10,508,508,0,3.4037918240920386e-05,3.4037918240920386e-05,386,386,0,-1,4,4,3,2,615,662,513
70,30,132,780,948,168,34,34,812,812,0,0.0005786446100956465,0.0006126825283365669,740,747,7,4,3,3,4,4,573,40,442
71,125,125,942,942,0,70,70,940,940,0,0.003710133088260322,0.003710133088260322,938,938,0,-1,3,3,5,30,517,39,455
72,0,0,1,1,0,0,0,1,1,0,0.0,0.0,1,1,0,-1,-1,-1,7,0,497,916,950
73,0,0,1,1,0,0,0,1,1,0,0.0,0.0,1,1,0,-1,-1,-1,3,0,791,731,685
74,22,22,608,608,0,64,64,559,559,0,6.807583648184077e-05,6.807583648184077e-05,439,439,0,-1,3,3,15,2,81,586,643
75,0,206,1,970,969,0,18,1,507,506,0.0,0.0007147962830593281,1,758,757,3,-1,4,5,1,724,841,642
76,25,25,734,734,0,12,12,563,563,0,0.0007147962830593281,0.0007147962830593281,763,763,0,-1,4,4,2,10,859,296,826
77,12,12,629,629,0,9,9,512,512,0,0.0002042275094455223,0.0002042275094455223,567,567,0,-1,4,4,3,5,693,350,905
78,358,459,981,989,8,48,48,881,881,0,0.007522379931243405,0.007522379931243405,976,976,0,5,3,3,3,69,837,12,708
79,2,103,368,935,567,4,4,369,369,0,3.4037918240920386e-05,6.807583648184077e-05,411,460,49,5,5,5,3,3,433,748,566
80,37,243,757,968,211,48,48,682,682,0,0.0005105687736138058,0.0011232513019503727,703,813,110,3,3,3,7,6,366,432,99
81,0,102,1,974,973,0,3,1,437,436,0.0,3.4037918240920386e-05,1,410,409,4,-1,5,2,0,944,846,339
82,0,206,1,956,955,0,25,1,479,478,0.0,0.0002042275094455223,1,563,562,3,-1,4,9,0,319,672,168
83,0,0,1,1,0,0,0,1,1,0,0.0,0.0,1,1,0,-1,-1,-1,3,0,471,993,782
84,16,222,542,953,411,70,74,623,635,12,0.0002723033459273631,0.00037441710065012424,612,664,52,3,3,3,12,1,175,561,86
85,6,6,457,457,0,13,13,463,463,0,3.4037918240920386e-05,3.4037918240920386e-05,403,403,0,-1,4,4,6,3,661,321,201
86,16,118,702,957,255,18,18,819,819,0,0.000442492937131965,0.0020082371762143027,693,893,200,4,3,3,2,3,760,410,87
87,0,101,1,950,949,0,2,1,330,329,0.0,3.4037918240920386e-05,1,402,401,5,-1,6,2,0,821,330,360
88,4,105,421,922,501,8,8,412,412,0,3.4037918240920386e-05,3.4037918240920386e-05,410,410,0,6,5,5,4,3,460,441,671
89,0,0,1,1,0,0,0,1,1,0,0.0,0.0,1,1,0,-1,-1,-1,7,0,364,696,774
90,6,622,440,995,555,26,40,530,694,164,6.807583648184077e-05,0.0009530617107457708,451,807,356,2,4,3,7,2,698,419,727
91,58,58,787,787,0,152,152,807,807,0,0.0008169100377820892,0.0008169100377820892,761,761,0,-1,2,2,17,5,71,252,882
92,0,0,1,1,0,0,0,1,1,0,0.0,0.0,1,1,0,-1,-1,-1,17,0,24,995,844
93,38,38,779,779,0,46,46,764,764,0,0.0006807583648184077,0.0006807583648184077,748,748,0,-1,3,3,6,9,251,415,660
94,14,14,563,563,0,34,34,542,542,0,0.0004084550188910446,0.0004084550188910446,672,672,0,-1,4,4,9,6,319,406,848
95,0,206,1,948,947,0,60,1,478,477,0.0,0.00034037918240920387,1,639,638,3,-1,4,19,0,38,200,525
96,0,206,1,976,975,0,8,1,511,510,0.0,0.0005105687736138058,1,728,727,3,-1,4,2,0,948,822,218
97,2,2,367,367,0,7,7,413,413,0,0.00010211375472276115,0.00010211375472276115,489,489,0,-1,5,5,4,1,706,463,977
98,0,102,1,877,876,0,11,1,358,357,0.0,3.4037918240920386e-05,1,400,399,4,-1,5,9,0,159,996,364
99,5,107,454,930,476,7,7,413,413,0,0.00017018959120460194,0.0002382654276864427,554,623,69,4,5,5,4,3,777,311,380
100,312,518,990,998,8,48,48,968,968,0,0.010687906327649,0.013785356887572755,981,989,8,3,3,3,3,81,916,32,77
101,0,101,1,916,915,0,5,1,332,331,0.0,0.00010211375472276115,1,480,479,5,-1,6,5,0,720,986,464
102,6,622,433,997,564,30,40,633,722,89,0.00010211375472276115,0.0057524081827155455,485,969,484,2,4,3,5,1,390,667,70
103,2,103,356,914,558,6,6,357,357,0,0.0,0.0,1,1,0,5,5,5,5,1,524,893,337
104,0,0,1,1,0,0,0,1,1,0,0.0,0.0,1,1,0,-1,-1,-1,2,0,805,732,936
105,22,124,720,942,222,8,8,528,528,0,0.0005105687736138058,0.0009530617107457708,724,818,94,4,4,4,2,7,932,303,113
106,212,212,943,943,0,194,194,931,931,0,0.003199564314646516,0.003199564314646516,924,924,0,-1,2,2,15,26,124,127,608
107,0,102,1,920,919,0,3,1,365,364,0.0,0.00013615167296368154,1,521,520,4,-1,5,2,0,909,769,378
108,0,0,1,1,0,0,0,1,1,0,0.0,0.0,1,1,0,-1,-1,-1,5,0,435,737,973
109,0,0,1,1,0,0,0,1,1,0,0.0,0.0,1,1,0,-1,-1,-1,6,0,266,932,956
110,35,241,807,978,171,12,12,619,619,0,0.0007147962830593281,0.0011232513019503727,764,835,71,3,4,4,2,8,750,204,145
111,0,0,1,1,0,0,0,1,1,0,0.0,0.0,1,1,0,-1,-1,-1,3,1,748,705,939
112,0,206,1,955,954,0,17,1,418,417,0.0,0.00017018959120460194,1,544,543,3,-1,4,7,2,331,684,420
113,30,30,706,706,0,40,40,612,612,0,0.0002382654276864427,0.0002382654276864427,584,584,0,-1,3,3,7,4,447,504,539
114,0,102,1,878,877,0,17,1,368,367,0.0,3.4037918240920386e-05,1,403,402,4,-1,5,12,0,183,632,891
115,268,369,980,986,6,48,48,900,900,0,0.008543517478471017,0.008543517478471017,979,979,0,5,3,3,3,34,737,20,512
116,0,102,1,916,915,0,6,1,359,358,0.0,0.0,1,1,0,4,-1,5,5,0,478,936,717
117,2,104,372,937,565,4,4,406,406,0,0.0,0.00088498587426393,1,797,796,4,5,5,2,1,970,555,84
118,0,102,1,921,920,0,8,1,401,400,0.0,0.0004765308553728854,1,694,693,4,-1,5,5,0,456,910,187
119,22,123,614,895,281,51,51,508,508,0,0.0002042275094455223,0.0002042275094455223,555,555,0,8,3,3,15,4,68,444,857
120,2,104,360,928,568,8,8,440,440,0,6.807583648184077e-05,0.00013615167296368154,454,522,68,4,5,5,4,4,461,512,563
121,12,628,593,997,404,18,40,539,793,254,3.4037918240920386e-05,0.006467204465774873,402,971,569,2,4,3,5,4,848,164,19
122,22,228,618,955,337,54,66,524,564,40,0.0002042275094455223,0.000442492937131965,559,675,116,3,3,3,14,3,154,829,741
123,14,14,681,681,0,12,12,666,666,0,0.0012594029749140542,0.0012594029749140542,850,850,0,-1,4,4,2,4,548,281,974
124,0,102,1,903,902,0,8,1,365,364,0.0,0.00010211375472276115,1,478,477,4,-1,5,6,1,451,235,164
125,0,102,1,914,913,0,10,1,417,416,0.0,0.00037441710065012424,1,656,655,4,-1,5,5,0,467,812,136
126,106,106,901,901,0,102,102,927,927,0,0.0013955546478777359,0.0013955546478777359,846,846,0,-1,3,3,7,11,466,97,845
127,2,2,360,360,0,8,8,360,360,0,3.4037918240920386e-05,3.4037918240920386e-05,407,407,0,-1,5,5,7,2,722,357,832
128,13,13,750,750,0,12,12,812,812,0,0.001055175465468532,0.001055175465468532,826,826,0,-1,4,4,2,6,813,289,455
129,55,157,835,950,115,28,28,725,725,0,0.0007147962830593281,0.0014636304843595766,767,850,83,4,3,3,3,13,459,340,289
130,0,0,1,1,0,0,0,1,1,0,0.0,0.0,1,1,0,-1,-1,-1,6,0,237,855,803
131,0,206,1,960,959,0,18,1,491,490,0.0,0.0005105687736138058,1,717,716,3,-1,4,5,0,408,483,226
132,21,21,720,720,0,44,44,899,899,0,0.0006807583648184077,0.0006807583648184077,753,753,0,-1,3,3,4,6,491,490,947
133,6,108,469,927,458,12,12,490,490,0,0.00010211375472276115,0.00013615167296368154,477,508,31,4,4,4,4,1,787,322,531
134,14,14,593,593,0,20,20,580,580,0,0.0005105687736138058,0.0005105687736138058,711,711,0,-1,4,4,4,5,711,589,428
135,14,220,587,968,381,23,27,505,542,37,6.807583648184077e-05,0.0006807583648184077,443,742,299,3,4,4,8,3,442,347,138
136,0,206,1,935,934,0,33,1,393,392,0.0,0.00013615167296368154,1,512,511,3,-1,4,18,0,69,910,188
137,26,26,749,749,0,12,12,517,517,0,0.00030634126416828345,0.00030634126416828345,633,633,0,-1,4,4,4,11,507,162,783
138,16,117,556,897,341,114,114,799,799,0,0.0007147962830593281,0.0007488342013002485,758,765,7,5,3,3,13,1,97,480,656
139,16,16,608,608,0,42,42,712,712,0,0.00034037918240920387,0.00034037918240920387,639,639,0,-1,3,3,6,1,556,480,542
140,6,6,414,414,0,44,44,600,600,0,0.0002042275094455223,0.0002042275094455223,575,575,0,-1,4,4,10,1,427,556,951
141,42,658,785,993,208,64,64,713,713,0,0.00088498587426393,0.0016678579938050988,791,863,72,2,3,3,9,6,202,397,688
142,0,102,1,944,943,0,3,1,375,374,0.0,0.00013615167296368154,1,534,533,4,-1,5,2,0,983,851,332
143,0,0,1,1,0,0,0,1,1,0,0.0,0.0,1,1,0,-1,-1,-1,5,0,478,984,546
144,0,102,1,914,913,0,6,1,376,375,0.0,6.807583648184077e-05,1,458,457,4,-1,5,4,0,512,726,718
145,6,212,395,953,558,34,38,422,454,32,3.4037918240920386e-05,0.0002042275094455223,407,580,173,3,4,4,14,1,198,592,285
146,56,56,729,729,0,280,280,789,789,0,0.0005105687736138058,0.0005105687736138058,680,680,0,-1,2,2,36,2,16,465,489
147,37,243,758,972,214,58,58,726,726,0,0.0005446066918547262,0.0007147962830593281,725,758,33,3,3,3,8,8,199,90,188
148,24,24,744,744,0,18,18,673,673,0,0.0002382654276864427,0.0002382654276864427,603,603,0,-1,4,4,3,5,844,178,983
149,0,206,1,945,944,0,21,1,415,414,0.0,0.000442492937131965,1,674,673,3,-1,4,9,0,101,908,250
150,0,206,1,972,971,0,12,1,490,489,0.0,0.0007828721195411688,1,777,776,3,-1,4,4,0,633,831,281
151,0,102,1,938,937,0,3,1,369,368,0.0,6.807583648184077e-05,1,449,448,4,-1,5,2,1,596,583,577
152,0,206,1,976,975,0,14,1,622,621,0.0,0.00088498587426393,1,801,800,3,-1,4,3,0,888,875,179
153,12,12,527,527,0,52,52,538,538,0,0.00017018959120460194,0.00017018959120460194,533,533,0,-1,4,4,14,2,84,586,784
154,120,326,961,992,31,32,32,948,948,0,0.004152626025392287,0.009734844616903231,949,981,32,3,3,3,2,31,998,35,30
155,1,103,333,934,601,4,6,333,401,68,0.0,0.00013615167296368154,1,519,518,4,6,5,4,1,827,140,211
156,17,17,738,738,0,10,10,564,564,0,0.0008509479560230097,0.0008509479560230097,790,790,0,-1,4,4,3,9,850,198,709
157,0,101,1,939,938,0,2,1,331,330,0.0,0.0,1,1,0,7,-1,8,2,0,804,914,582
158,6,6,452,452,0,9,9,469,469,0,6.807583648184077e-05,6.807583648184077e-05,450,450,0,-1,4,4,3,2,337,575,737
159,0,0,1,1,0,0,0,1,1,0,0.0,0.0,1,1,0,-1,-1,-1,4,1,675,650,984
160,0,206,1,948,947,0,29,1,411,410,0.0,6.807583648184077e-05,1,434,433,3,-1,4,14,0,172,803,727
161,19,225,681,973,292,26,26,717,717,0,0.0,0.000442492937131965,1,671,670,3,3,3,4,5,741,710,160
162,0,206,1,988,987,0,12,1,731,730,0.0,0.002212464685659825,1,910,909,3,-1,4,2,0,481,228,44
163,294,910,968,997,29,228,228,985,985,0,0.006501242384015794,0.006943735321147759,968,970,2,2,2,2,11,28,66,41,52
164,100,100,900,900,0,100,100,949,949,0,0.02661765206439974,0.02661765206439974,998,998,0,-1,1,1,7,50,264,33,675
165,31,31,704,704,0,50,50,586,586,0,0.0002382654276864427,0.0002382654276864427,590,590,0,-1,3,3,10,5,128,528,957
166,29,131,795,955,160,12,12,586,586,0,0.0004765308553728854,0.0006467204465774873,697,745,48,4,4,4,2,7,596,422,628
167,0,101,1,925,924,0,4,1,331,330,0.0,0.0,1,1,0,6,-1,7,4,0,619,849,692
168,16,118,608,925,317,30,30,629,629,0,0.00010211375472276115,0.0002723033459273631,463,606,143,4,3,3,6,3,556,321,339
169,18,119,665,933,268,40,40,855,855,0,0.0008169100377820892,0.0008169100377820892,777,777,0,6,3,3,4,3,593,559,563
170,22,228,644,968,324,38,38,597,597,0,0.00034037918240920387,0.0005786446100956465,655,736,81,3,4,4,7,6,265,516,346
171,2,103,355,882,527,16,16,388,388,0,3.4037918240920386e-05,3.4037918240920386e-05,410,410,0,6,5,5,10,2,109,320,469
172,12,12,545,545,0,14,14,448,448,0,0.00037441710065012424,0.00037441710065012424,662,662,0,-1,4,4,5,2,793,524,921
173,0,102,1,873,872,0,21,1,381,380,0.0,3.4037918240920386e-05,1,395,394,4,-1,5,13,0,120,969,567
174,6,212,399,949,550,22,76,373,592,219,0.0,0.002586881786309949,1,899,898,3,4,4,16,2,78,357,56
175,0,206,1,966,965,0,14,1,500,499,0.0,0.0006126825283365669,1,746,745,3,-1,4,3,0,634,919,461
176,14,220,623,974,351,24,24,701,701,0,0.0006467204465774873,0.0009190237925048504,746,803,57,3,4,4,4,3,344,103,170
177,54,156,847,957,110,24,24,664,664,0,0.0011232513019503727,0.0016678579938050988,830,875,45,4,4,4,4,15,513,219,338
178,41,143,838,961,123,22,22,779,779,0,0.0005786446100956465,0.0009190237925048504,748,820,72,4,3,3,2,8,886,187,461
179,8,8,565,565,0,6,6,453,453,0,0.00017018959120460194,0.00017018959120460194,556,556,0,-1,5,5,3,5,953,274,455
180,0,206,1,964,963,0,36,1,597,596,0.0,0.0035739814152966403,1,934,933,3,-1,4,8,1,270,705,34
181,38,38,710,710,0,136,136,890,890,0,0.0014295925661186562,0.0014295925661186562,845,845,0,-1,3,3,11,3,66,642,929
182,50,151,803,942,139,98,98,876,876,0,0.0013955546478777359,0.0013955546478777359,840,840,0,7,3,3,8,5,225,403,469
183,8,110,519,926,407,11,12,447,458,11,6.807583648184077e-05,0.0006126825283365669,454,745,291,4,4,4,4,3,736,646,150
184,6,212,420,961,541,18,26,448,522,74,3.4037918240920386e-05,0.0006126825283365669,396,727,331,3,4,4,7,1,340,870,145
185,0,0,1,1,0,0,0,1,1,0,0.0,0.0,1,1,0,-1,-1,-1,5,1,377,472,673
186,54,260,808,966,158,94,94,862,862,0,0.0010211375472276116,0.0012934408931549745,803,831,28,3,3,3,9,6,250,234,86
187,2,2,361,361,0,6,6,424,424,0,6.807583648184077e-05,6.807583648184077e-05,449,449,0,-1,5,5,3,2,901,492,695
188,70,172,838,936,98,106,106,828,828,0,0.0009530617107457708,0.0009530617107457708,798,798,0,4,3,3,11,10,230,405,870
189,36,36,836,836,0,12,12,694,694,0,0.0010892133837094523,0.0010892133837094523,830,830,0,-1,4,4,2,12,896,155,963
190,36,242,747,969,222,78,78,830,830,0,0.000442492937131965,0.0007828721195411688,696,772,76,3,3,3,8,7,223,253,173
191,10,112,647,964,317,8,8,566,566,0,0.0006807583648184077,0.0007488342013002485,761,775,14,4,4,4,2,3,666,351,553
192,6,6,467,467,0,12,12,502,502,0,0.0,0.0,1,1,0,-1,4,4,4,2,891,492,747
193,0,206,1,970,969,0,18,1,507,506,0.0,0.0005446066918547262,1,727,726,3,-1,4,5,0,724,643,417
194,0,0,1,1,0,0,0,1,1,0,0.0,0.0,1,1,0,-1,-1,-1,5,0,524,927,564
195,0,0,1,1,0,0,0,1,1,0,0.0,0.0,1,1,0,-1,-1,-1,3,0,786,729,426
196,58,264,792,963,171,84,84,706,706,0,0.0006807583648184077,0.0015317063208414173,736,848,112,3,3,3,12,7,87,422,438
197,0,616,1,997,996,0,32,1,699,698,0.0,0.0030974505599237552,1,921,920,2,-1,3,5,0,528,847,172
198,10,112,536,902,366,36,36,583,583,0,0.00037441710065012424,0.0005105687736138058,661,703,42,4,4,4,8,3,488,236,310
199,0,0,1,1,0,0,0,1,1,0,0.0,0.0,1,1,0,-1,-1,-1,6,0,378,892,789
200,0,102,1,908,907,0,9,1,377,376,0.0,0.0002042275094455223,1,567,566,4,-1,5,6,0,518,946,504
201,0,206,1,971,970,0,10,1,466,465,0.0,0.0012934408931549745,1,847,846,3,-1,4,3,0,680,864,82
202,48,149,770,918,148,132,132,805,805,0,0.0005446066918547262,0.0005446066918547262,711,711,0,6,3,3,16,5,78,221,590
203,709,811,998,998,0,88,88,966,966,0,0.01504475986248681,0.01504475986248681,992,992,0,4,2,2,4,127,870,11,449
204,154,154,952,952,0,60,60,887,887,0,0.003880322679464924,0.003880322679464924,939,939,0,-1,3,3,5,31,552,35,587
205,159,261,937,971,34,118,118,933,933,0,0.0021784267674189047,0.0022465026039007454,890,895,5,4,2,2,9,20,249,94,361
206,8,8,614,614,0,8,8,599,599,0,0.0002382654276864427,0.0002382654276864427,612,612,0,-1,4,4,2,2,805,628,843
207,0,206,1,956,955,0,30,1,542,541,0.0,0.0026889955410327104,1,917,916,3,-1,4,7,0,321,701,105
208,0,102,1,920,919,0,5,1,379,378,0.0,0.0002382654276864427,1,598,597,4,-1,5,3,0,836,848,683
209,0,0,1,1,0,0,0,1,1,0,0.0,0.0,1,1,0,-1,-1,-1,10,0,240,564,767
210,0,206,1,965,964,0,15,1,435,434,0.0,0.0002382654276864427,1,580,579,3,-1,4,7,0,658,735,670
211,28,28,705,705,0,52,52,669,669,0,0.0004084550188910446,0.0004084550188910446,674,674,0,-1,3,3,9,3,315,677,979
212,14,14,548,548,0,38,38,535,535,0,6.807583648184077e-05,6.807583648184077e-05,450,450,0,-1,4,4,9,3,327,93,832
213,5,5,593,593,0,4,4,545,545,0,0.0002382654276864427,0.0002382654276864427,613,613,0,-1,5,5,2,4,775,339,725
214,2,2,352,352,0,15,15,390,390,0,3.4037918240920386e-05,3.4037918240920386e-05,400,400,0,-1,5,5,9,1,126,878,976
215,22,228,736,978,242,22,22,793,793,0,0.0005446066918547262,0.0013274788113958951,720,849,129,3,3,3,2,2,954,827,622
216,62,62,834,834,0,66,66,837,837,0,0.0018380475850097008,0.0018380475850097008,877,877,0,-1,2,2,6,7,432,115,657
217,0,0,1,1,0,0,0,1,1,0,0.0,0.0,1,1,0,-1,-1,-1,5,1,557,513,583
218,0,0,1,1,0,0,0,1,1,0,0.0,0.0,1,1,0,-1,-1,-1,2,0,702,426,502
219,0,616,1,992,991,0,122,1,668,667,0.0,0.002314578440382586,1,892,891,2,-1,3,21,0,12,851,112
220,0,102,1,882,881,0,11,1,352,351,0.0,0.0,1,1,0,4,-1,5,10,0,285,766,430
221,0,102,1,935,934,0,5,1,392,391,0.0,0.00034037918240920387,1,658,657,4,-1,5,3,0,639,988,308
222,0,101,1,939,938,0,3,1,331,330,0.0,0.0,1,1,0,6,-1,7,3,1,953,747,543
223,0,206,1,964,963,0,10,1,417,416,0.0,0.00017018959120460194,1,527,526,3,-1,4,5,0,501,800,648
224,0,0,1,1,0,0,0,1,1,0,0.0,0.0,1,1,0,-1,-1,-1,3,0,989,984,539
225,0,206,1,974,973,0,8,1,463,462,0.0,0.00037441710065012424,1,668,667,3,-1,4,3,0,484,356,550
226,14,14,591,591,0,24,24,567,567,0,0.00034037918240920387,0.00034037918240920387,644,644,0,-1,4,4,6,4,446,479,702
227,8,8,594,594,0,12,12,707,707,0,0.00013615167296368154,0.00013615167296368154,530,530,0,-1,4,4,2,5,994,395,732
228,0,0,1,1,0,0,0,1,1,0,0.0,0.0,1,1,0,-1,-1,-1,3,0,459,996,825
229,16,118,708,957,249,22,22,844,844,0,0.0005105687736138058,0.0014636304843595766,713,855,142,4,3,3,2,1,625,404,87
230,22,124,637,904,267,62,62,622,622,0,0.00030634126416828345,0.00037441710065012424,629,666,37,4,3,3,12,2,187,791,380
231,2,104,359,931,572,3,4,360,392,32,0.0,0.00010211375472276115,1,479,478,4,5,5,2,2,828,448,256
232,34,34,775,775,0,22,22,707,707,0,0.0005446066918547262,0.0005446066918547262,705,705,0,-1,3,3,2,3,769,616,702
233,0,0,1,1,0,0,0,1,1,0,0.0,0.0,1,1,0,-1,-1,-1,8,1,420,428,813
234,6,108,464,934,470,10,10,494,494,0,0.00010211375472276115,0.0002723033459273631,494,619,125,4,4,4,3,1,833,718,176
235,3,3,477,477,0,4,4,453,453,0,0.0,0.0,1,1,0,-1,5,5,2,2,847,749,990
236,26,127,811,966,155,18,18,775,775,0,0.0006126825283365669,0.0006126825283365669,736,736,0,7,4,4,3,9,875,242,621
237,12,218,493,949,456,48,57,487,516,29,0.00017018959120460194,0.00088498587426393,535,780,245,3,4,4,15,3,81,496,272
238,8,109,563,939,376,14,14,589,589,0,0.000442492937131965,0.0005105687736138058,688,709,21,5,4,4,3,2,433,383,666
239,0,206,1,978,977,0,7,1,513,512,0.0,0.00030634126416828345,1,640,639,3,-1,4,2,0,895,983,101
240,273,479,961,985,24,228,228,949,949,0,0.003948398515946765,0.004118588107151367,942,945,3,3,2,2,15,28,51,44,486
241,4,4,449,449,0,6,6,424,424,0,0.00010211375472276115,0.00010211375472276115,495,495,0,-1,5,5,3,2,745,22,863
242,58,58,786,786,0,108,108,708,708,0,0.0007488342013002485,0.0007488342013002485,755,755,0,-1,3,3,16,9,132,154,705
243,58,58,854,854,0,64,64,950,950,0,0.0037441710065012424,0.0037441710065012424,944,944,0,-1,2,2,4,3,755,353,914
244,422,524,986,990,4,190,190,962,962,0,0.005718370264474625,0.005786446100956465,961,961,0,4,2,2,11,55,227,21,410
245,6,108,438,919,481,10,10,449,449,0,3.4037918240920386e-05,0.00017018959120460194,406,542,136,4,4,4,3,1,459,873,567
246,0,101,1,908,907,0,5,1,332,331,0.0,6.807583648184077e-05,1,465,464,5,-1,6,5,0,479,927,694
247,16,117,690,953,263,8,8,510,510,0,0.0007828721195411688,0.00088498587426393,782,804,22,5,4,4,2,5,964,308,370
248,8,214,488,957,469,22,26,437,464,27,0.00010211375472276115,0.0002382654276864427,490,582,92,3,4,4,9,2,381,383,451
249,0,0,1,1,0,0,0,1,1,0,0.0,0.0,1,1,0,-1,-1,-1,10,0,204,254,804
250,0,101,1,917,916,0,3,1,331,330,0.0,0.0,1,1,0,5,-1,6,3,0,808,815,360
251,0,102,1,876,875,0,23,1,375,374,0.0,6.807583648184077e-05,1,435,434,4,-1,5,16,2,59,752,567
252,56,158,842,961,119,40,40,778,778,0,0.0013955546478777359,0.001497668402600497,835,843,8,4,3,3,5,12,421,163,332
253,1,1,331,331,0,2,2,331,331,0,0.0,0.0,1,1,0,-1,6,6,2,2,936,374,838
254,112,112,937,937,0,52,52,963,963,0,0.003642057251778481,0.003642057251778481,930,930,0,-1,2,2,3,22,745,116,723
255,2,104,360,915,555,10,10,418,418,0,0.00030634126416828345,0.0006126825283365669,632,742,110,4,5,5,5,2,467,652,316
256,81,183,864,953,89,66,66,854,854,0,0.0021784267674189047,0.0022465026039007454,892,897,5,4,3,3,6,14,473,84,363
257,26,642,657,988,331,72,90,549,617,68,0.00030634126416828345,0.0010892133837094523,615,816,201,2,3,3,17,4,63,156,221
258,0,102,1,871,870,0,27,1,357,356,0.0,3.4037918240920386e-05,1,396,395,4,-1,5,23,0,4,445,342
259,75,177,876,956,80,70,70,903,903,0,0.0018040096667687805,0.0018720855032506212,868,873,5,4,3,3,5,9,382,277,493
260,47,148,835,952,117,30,30,755,755,0,0.0008169100377820892,0.0008169100377820892,783,783,0,5,3,3,4,10,767,405,755
261,0,102,1,934,933,0,7,1,412,411,0.0,0.0005446066918547262,1,726,725,4,-1,5,4,0,721,944,219
262,290,290,973,973,0,134,134,939,939,0,0.004799346471969774,0.004799346471969774,953,953,0,-1,2,2,10,44,259,27,737
263,0,102,1,891,890,0,22,1,379,378,0.0,0.0002042275094455223,1,560,559,4,-1,5,15,0,110,675,584
264,2,208,351,951,600,14,37,359,475,116,0.0,0.0004084550188910446,1,667,666,3,5,4,12,1,252,140,323
265,0,0,1,1,0,0,0,1,1,0,0.0,0.0,1,1,0,-1,-1,-1,2,0,429,897,883
266,18,120,570,891,321,86,86,536,536,0,0.00017018959120460194,0.0002382654276864427,539,585,46,4,4,4,21,3,12,378,408
267,88,294,871,974,103,72,72,842,842,0,0.0014295925661186562,0.0018720855032506212,841,872,31,3,3,3,7,15,637,138,256
268,19,120,785,968,183,8,8,599,599,0,0.0002723033459273631,0.0002723033459273631,632,632,0,5,4,4,2,6,981,275,666
269,7,213,560,981,421,8,8,519,519,0,0.00017018959120460194,0.0030293747234419145,549,927,378,3,4,4,2,2,977,599,34
270,0,102,1,893,892,0,10,1,383,382,0.0,0.0002042275094455223,1,569,568,4,-1,5,6,0,560,952,516
271,8,8,544,544,0,10,10,489,489,0,0.00010211375472276115,0.00010211375472276115,485,485,0,-1,4,4,3,3,756,829,828
272,16,222,569,959,390,24,40,558,703,145,0.0002042275094455223,0.0026549576227917903,553,908,355,3,3,3,5,1,496,607,27
273,19,635,642,996,354,64,74,743,802,59,0.0002723033459273631,0.0009870996289866913,607,799,192,2,3,3,9,3,190,222,288
274,0,206,1,977,976,0,8,1,520,519,0.0,0.0015317063208414173,1,873,872,3,-1,4,2,0,681,911,109
275,142,758,943,997,54,34,44,704,807,103,0.0026549576227917903,0.005173763572619898,916,962,46,2,3,3,4,34,500,89,123
276,16,117,506,880,374,88,88,549,549,0,6.807583648184077e-05,6.807583648184077e-05,446,446,0,6,3,3,19,1,35,370,640
277,1,207,333,954,621,11,18,333,385,52,0.0,0.00017018959120460194,1,537,536,3,7,4,11,2,150,448,458
278,9,215,599,979,380,8,12,512,647,135,0.00017018959120460194,0.002110350930937064,565,894,329,3,4,4,2,3,910,378,95
279,0,101,1,935,934,0,3,1,331,330,0.0,3.4037918240920386e-05,1,411,410,5,-1,6,3,0,732,859,679
280,3,105,449,947,498,5,6,405,443,38,0.0,0.0004765308553728854,1,700,699,4,5,5,3,2,902,383,154
281,8,8,498,498,0,16,16,434,434,0,0.00010211375472276115,0.00010211375472276115,486,486,0,-1,4,4,6,5,432,231,903
282,0,102,1,901,900,0,6,1,362,361,0.0,6.807583648184077e-05,1,448,447,4,-1,5,5,0,408,400,491
283,0,206,1,952,951,0,38,1,496,495,0.0,0.0008169100377820892,1,778,777,3,-1,4,11,0,230,649,138
284,248,448,977,992,15,78,78,978,978,0,0.008611593314952858,0.010109261717553355,978,980,2,3,2,2,4,49,617,51,92
285,18,224,746,985,239,8,12,567,715,148,0.0005786446100956465,0.008305252050784574,754,977,223,3,4,4,2,8,868,284,0
286,389,389,979,979,0,284,284,977,977,0,0.007147962830593281,0.007147962830593281,966,966,0,-1,2,2,16,34,151,20,737
287,6,212,392,945,553,27,59,391,523,132,0.0,0.0006126825283365669,1,729,728,3,4,4,16,1,72,337,189
288,46,46,739,739,0,152,152,834,834,0,0.0006467204465774873,0.0006467204465774873,727,727,0,-1,3,3,16,6,53,295,859
289,12,113,615,945,330,18,18,649,649,0,0.00037441710065012424,0.000442492937131965,665,686,21,5,4,4,3,5,903,165,598
290,42,42,742,742,0,92,92,667,667,0,0.0007488342013002485,0.0007488342013002485,765,765,0,-1,3,3,14,7,198,170,945
291,46,148,789,929,140,74,74,765,765,0,0.0008509479560230097,0.00088498587426393,780,785,5,4,3,3,9,6,217,136,599
292,6,108,494,948,454,12,12,680,680,0,6.807583648184077e-05,0.00030634126416828345,459,644,185,4,4,4,2,1,957,553,170
293,100,100,924,924,0,100,100,998,998,0,0.07570033016780693,0.07573436808604786,999,999,0,5,1,1,2,3,750,321,781
294,30,132,807,956,149,22,22,795,795,0,0.0007828721195411688,0.00088498587426393,781,798,17,4,3,3,2,6,734,377,442
295,100,100,883,883,0,100,100,889,889,0,0.017257224548146634,0.017257224548146634,992,992,0,-1,1,1,9,1,315,593,733
296,9,9,542,542,0,22,22,571,571,0,0.0002382654276864427,0.0002382654276864427,583,583,0,-1,4,4,5,5,656,395,983
297,26,26,797,797,0,18,18,810,810,0,0.00176997174852786,0.00176997174852786,887,887,0,-1,3,3,2,5,874,252,959
298,10,111,604,945,341,8,8,508,508,0,0.0002382654276864427,0.0002382654276864427,592,592,0,7,4,4,2,3,939,222,469
299,21,227,755,982,227,12,12,603,603,0,0.0006807583648184077,0.0022465026039007454,757,906,149,3,4,4,2,5,992,216,55
300,1,1,333,333,0,9,9,333,333,0,0.0,0.0,1,1,0,-1,6,6,9,2,213,374,684
301,0,616,1,998,997,0,21,1,676,675,0.0,0.002552843868069029,1,911,910,2,-1,3,4,0,593,614,242
302,19,120,672,930,258,46,46,813,813,0,0.0005105687736138058,0.0005105687736138058,716,716,0,6,3,3,5,4,724,278,344
303,22,228,657,967,310,38,42,687,720,33,0.00017018959120460194,0.0009530617107457708,542,794,252,3,3,3,6,2,536,827,236
304,14,14,553,553,0,32,32,510,510,0,3.4037918240920386e-05,3.4037918240920386e-05,403,403,0,-1,4,4,9,3,191,596,977
305,16,16,546,546,0,74,74,693,693,0,0.00030634126416828345,0.00030634126416828345,631,631,0,-1,3,3,12,1,183,404,542
306,0,206,1,973,972,0,14,1,497,496,0.0,0.0010892133837094523,1,834,833,3,-1,4,5,0,647,820,87
307,0,616,1,990,989,0,90,1,679,678,0.0,0.003710133088260322,1,938,937,2,-1,3,13,0,41,588,28
308,6,108,427,902,475,34,34,581,581,0,0.0002382654276864427,0.00030634126416828345,596,642,46,4,4,4,7,1,466,689,350
309,14,14,579,579,0,26,26,517,517,0,0.0002382654276864427,0.0002382654276864427,591,591,0,-1,4,4,7,6,343,683,431
310,0,102,1,905,904,0,11,1,385,384,0.0,0.00013615167296368154,1,515,514,4,-1,5,7,1,505,806,167
311,38,38,769,769,0,64,64,768,768,0,0.0002723033459273631,0.0002723033459273631,619,619,0,-1,3,3,8,4,365,233,927
312,3,104,426,917,491,7,7,382,382,0,3.4037918240920386e-05,3.4037918240920386e-05,408,408,0,5,5,5,5,5,570,464,558
313,0,616,1,993,992,0,62,1,621,620,0.0,0.0020763130126961434,1,887,886,2,-1,3,12,0,194,851,95
314,0,206,1,959,958,0,30,1,502,501,0.0,0.0013955546478777359,1,838,837,3,-1,4,9,0,119,489,171
315,12,114,662,954,292,8,8,531,531,0,0.0002042275094455223,0.0006807583648184077,583,760,177,4,4,4,2,4,851,210,207
316,74,274,919,988,69,22,22,826,826,0,0.0024507301133462676,0.005684332346233704,919,965,46,3,3,3,2,21,851,123,108
317,0,0,1,1,0,0,0,1,1,0,0.0,0.0,1,1,0,-1,-1,-1,5,0,605,846,641
318,6,6,475,475,0,12,12,616,616,0,0.0006807583648184077,0.0006807583648184077,776,776,0,-1,4,4,2,1,804,480,565
319,0,206,1,966,965,0,30,1,550,549,0.0,0.0014636304843595766,1,858,857,3,-1,4,7,0,361,824,36
320,113,113,931,931,0,44,44,847,847,0,0.0020422750944552232,0.0020422750944552232,888,888,0,-1,3,3,4,23,495,117,971
321,6,622,395,990,595,43,82,471,634,163,3.4037918240920386e-05,0.0042547397801150485,407,947,540,2,4,3,14,2,198,575,51
322,130,130,914,914,0,126,126,962,962,0,0.003914360597705844,0.003914360597705844,940,940,0,-1,2,2,8,12,218,104,472
323,0,0,1,1,0,0,0,1,1,0,0.0,0.0,1,1,0,-1,-1,-1,8,0,201,455,994
324,0,206,1,955,954,0,26,1,466,465,0.0,6.807583648184077e-05,1,449,448,3,-1,4,9,0,274,801,551
325,0,101,1,885,884,0,11,1,332,331,0.0,0.0,1,1,0,5,-1,6,11,0,188,723,621
326,0,616,1,997,996,0,30,1,738,737,0.0,0.005582218591510943,1,962,961,2,-1,3,4,0,755,901,21
327,3,104,451,958,507,4,4,437,437,0,3.4037918240920386e-05,3.4037918240920386e-05,410,410,0,5,5,5,2,5,965,225,485
328,2,208,365,965,600,7,20,386,553,167,0.00010211375472276115,0.0012253650566731338,477,839,362,3,5,4,4,4,717,512,82
329,27,129,674,907,233,68,68,659,659,0,0.0005105687736138058,0.0005105687736138058,705,705,0,4,4,4,12,8,194,90,606
330,18,120,666,931,265,28,28,639,639,0,0.000442492937131965,0.0011913271384322134,696,837,141,4,4,4,6,9,764,145,195
331,315,521,984,997,13,104,104,991,991,0,0.012083460975526737,0.01327478811395895,987,988,1,3,2,2,5,59,647,6,146
332,0,102,1,889,888,0,15,1,377,376,0.0,0.0002382654276864427,1,593,592,4,-1,5,10,1,204,962,121
333,100,100,868,868,0,100,100,763,763,0,0.019844106334456584,0.019844106334456584,996,996,0,-1,1,1,13,70,160,18,629
334,0,102,1,911,910,0,7,1,374,373,0.0,3.4037918240920386e-05,1,409,408,4,-1,5,5,0,724,881,380
335,8,624,558,999,441,8,22,490,791,301,6.807583648184077e-05,0.006671431975220395,434,972,538,2,4,3,2,2,849,251,5
336,2,618,364,997,633,9,36,408,775,367,6.807583648184077e-05,0.007998910786616291,444,975,531,2,5,3,5,2,430,419,33
337,0,206,1,941,940,0,30,1,399,398,0.0,0.00010211375472276115,1,459,458,3,-1,4,16,0,132,914,236
338,0,0,1,1,0,0,0,1,1,0,0.0,0.0,1,1,0,-1,-1,-1,8,1,142,573,753
339,27,129,716,924,208,30,30,667,667,0,0.00030634126416828345,0.0005105687736138058,631,716,85,4,3,3,4,8,493,302,525
340,0,0,1,1,0,0,0,1,1,0,0.0,0.0,1,1,0,-1,-1,-1,9,0,217,824,929
341,6,6,409,409,0,34,34,523,523,0,6.807583648184077e-05,6.807583648184077e-05,446,446,0,-1,4,4,9,1,200,870,779
342,6,6,418,418,0,22,22,494,494,0,6.807583648184077e-05,6.807583648184077e-05,432,432,0,-1,4,4,7,1,207,152,701
343,0,206,1,990,989,0,12,1,730,729,0.0,0.005582218591510943,1,967,966,3,-1,4,2,0,959,975,18
344,10,10,546,546,0,18,18,456,456,0,0.00010211375472276115,0.00010211375472276115,482,482,0,-1,4,4,7,3,658,214,456
345,0,101,1,945,944,0,3,1,332,331,0.0,3.4037918240920386e-05,1,405,404,5,-1,6,3,0,535,588,334
346,6,6,425,425,0,22,22,479,479,0,3.4037918240920386e-05,3.4037918240920386e-05,407,407,0,-1,4,4,7,2,525,691,611
347,2,208,355,964,609,10,22,406,526,120,6.807583648184077e-05,0.0009190237925048504,436,794,358,3,5,4,5,1,506,238,243
348,0,206,1,947,946,0,76,1,610,609,0.0,0.0030974505599237552,1,930,929,3,-1,4,14,0,121,777,105
349,14,14,691,691,0,12,12,691,691,0,0.00030634126416828345,0.00030634126416828345,643,643,0,-1,4,4,2,3,967,173,997
350,0,206,1,958,957,0,34,1,502,501,0.0,0.0005786446100956465,1,728,727,3,-1,4,11,0,176,635,207
351,0,102,1,889,888,0,13,1,363,362,0.0,0.0,1,1,0,4,-1,5,11,0,379,201,594
352,2,104,367,939,572,6,6,424,424,0,0.0002042275094455223,0.0005105687736138058,584,713,129,4,5,5,3,1,756,452,795
353,4,4,492,492,0,5,5,432,432,0,3.4037918240920386e-05,3.4037918240920386e-05,402,402,0,-1,5,5,3,3,668,347,436
354,0,0,1,1,0,0,0,1,1,0,0.0,0.0,1,1,0,-1,-1,-1,5,0,534,897,932
355,14,220,555,960,405,34,34,523,523,0,6.807583648184077e-05,0.0010892133837094523,446,810,364,3,4,4,9,3,200,214,66
356,41,247,792,973,181,46,50,713,748,35,0.0004765308553728854,0.0009870996289866913,702,794,92,3,3,3,8,7,442,329,234
357,163,163,919,919,0,186,186,911,911,0,0.0023486163586235067,0.0023486163586235067,894,894,0,-1,3,3,16,20,134,94,812
358,0,102,1,964,963,0,4,1,405,404,0.0,0.00017018959120460194,1,571,570,4,-1,5,3,0,812,651,302
359,0,0,1,1,0,0,0,1,1,0,0.0,0.0,1,1,0,-1,-1,-1,3,0,861,927,890
360,0,102,1,930,929,0,6,1,382,381,0.0,0.00013615167296368154,1,539,538,4,-1,5,4,0,573,731,353
361,5,5,505,505,0,4,4,468,468,0,0.00010211375472276115,0.00010211375472276115,484,484,0,-1,5,5,2,4,995,443,358
362,82,184,934,978,44,28,28,859,859,0,0.002110350930937064,0.0042547397801150485,899,950,51,4,3,3,3,20,576,38,112
363,57,159,826,944,118,52,52,728,728,0,0.0007488342013002485,0.0008509479560230097,762,786,24,4,3,3,7,12,343,99,799
364,1,1,333,333,0,2,2,333,333,0,0.0,0.0,1,1,0,-1,8,8,2,1,598,765,962
365,65,681,848,997,149,34,44,712,805,93,0.0008509479560230097,0.004118588107151367,786,949,163,2,3,3,4,14,509,139,56
366,1,102,332,927,595,2,2,332,332,0,0.0,6.807583648184077e-05,1,463,462,5,6,6,2,2,925,656,931
367,22,124,698,936,238,26,26,715,715,0,0.00037441710065012424,0.0004084550188910446,661,677,16,4,3,3,4,2,539,453,334
368,0,0,1,1,0,0,0,1,1,0,0.0,0.0,1,1,0,-1,-1,-1,2,0,998,952,892
369,0,102,1,933,932,0,4,1,363,362,0.0,0.0,1,1,0,4,-1,5,3,0,640,944,756
370,72,278,821,960,139,110,110,690,690,0,0.0006126825283365669,0.0009530617107457708,724,794,70,3,3,3,17,13,39,217,805
371,0,0,1,1,0,0,0,1,1,0,0.0,0.0,1,1,0,-1,-1,-1,3,1,712,583,750
372,6,107,508,949,441,9,9,522,522,0,0.0,0.0,1,1,0,5,4,4,3,1,535,659,215
373,0,616,1,992,991,0,32,1,463,462,0.0,0.0007828721195411688,1,762,761,2,-1,3,11,0,220,941,785
374,2,208,359,969,610,5,18,379,609,230,0.0,0.002757071377514551,1,921,920,3,5,4,3,3,930,748,17
375,0,0,1,1,0,0,0,1,1,0,0.0,0.0,1,1,0,-1,-1,-1,17,0,80,571,915
376,0,206,1,948,947,0,43,1,478,477,0.0,0.00088498587426393,1,768,767,3,-1,4,14,0,130,966,92
377,134,134,912,912,0,182,182,936,936,0,0.001940161339732462,0.001940161339732462,879,879,0,-1,2,2,13,15,97,206,832
378,0,101,1,944,943,0,2,1,331,330,0.0,0.00017018959120460194,1,552,551,5,-1,6,2,1,942,874,579
379,19,635,741,1000,259,18,32,813,934,121,0.0005446066918547262,0.012594029749140543,734,985,251,2,3,3,2,3,975,236,50
380,18,18,651,651,0,34,34,674,674,0,0.00034037918240920387,0.00034037918240920387,653,653,0,-1,3,3,6,5,526,395,778
381,0,102,1,948,947,0,6,1,452,451,0.0,0.0006126825283365669,1,746,745,4,-1,5,3,0,768,944,243
382,0,101,1,880,879,0,13,1,332,331,0.0,3.4037918240920386e-05,1,388,387,5,-1,6,13,0,97,880,543
383,0,616,1,994,993,0,44,1,620,619,0.0,0.002110350930937064,1,882,881,2,-1,3,9,1,166,660,39
384,0,102,1,869,868,0,21,1,356,355,0.0,0.0,1,1,0,4,-1,5,19,1,148,235,421
385,0,0,1,1,0,0,0,1,1,0,0.0,0.0,1,1,0,-1,-1,-1,5,0,476,664,843
386,7,109,538,935,397,12,12,520,520,0,6.807583648184077e-05,0.00030634126416828345,456,635,179,4,4,4,4,5,679,464,182
387,8,8,492,492,0,25,25,449,449,0,3.4037918240920386e-05,3.4037918240920386e-05,407,407,0,-1,4,4,9,2,217,549,876
388,30,30,736,736,0,42,42,710,710,0,0.00034037918240920387,0.00034037918240920387,651,651,0,-1,3,3,6,5,281,308,834
389,16,118,657,939,282,20,20,627,627,0,0.00030634126416828345,0.0008169100377820892,641,782,141,4,4,4,4,4,543,328,172
390,16,222,602,968,366,32,36,668,687,19,0.00017018959120460194,0.0013615167296368155,544,847,303,3,3,3,5,3,571,260,38
391,30,30,681,681,0,110,110,698,698,0,0.0002723033459273631,0.0002723033459273631,610,610,0,-1,3,3,17,6,112,107,745
392,33,239,736,964,228,54,54,721,721,0,0.0009190237925048504,0.0015317063208414173,791,852,61,3,3,3,8,8,508,497,173
393,0,1640,1,1000,999,0,162,1,817,816,0.0,0.010041185881071514,1,977,976,1,-1,2,17,0,56,957,50
394,87,188,865,952,87,84,84,834,834,0,0.001599782157323258,0.001599782157323258,858,858,0,6,3,3,9,17,289,226,140
395,33,239,769,975,206,18,18,624,624,0,0.0007488342013002485,0.002314578440382586,774,902,128,3,4,4,3,9,703,294,35
396,38,38,819,819,0,60,60,908,908,0,0.0013955546478777359,0.0013955546478777359,853,853,0,-1,3,3,5,4,602,407,723
397,8,8,548,548,0,20,20,654,654,0,0.00017018959120460194,0.00017018959120460194,557,557,0,-1,4,4,4,3,491,525,792
398,0,0,1,1,0,0,0,1,1,0,0.0,0.0,1,1,0,-1,-1,-1,9,0,140,943,959
399,12,12,649,649,0,14,14,618,618,0,0.00037441710065012424,0.00037441710065012424,667,667,0,-1,4,4,3,6,485,107,633
400,6,6,424,424,0,36,36,599,599,0,0.00013615167296368154,0.00013615167296368154,520,520,0,-1,4,4,8,1,158,556,960
401,0,102,1,922,921,0,5,1,385,384,0.0,0.0002723033459273631,1,630,629,4,-1,5,3,0,672,228,637
402,19,225,601,952,351,39,44,495,514,19,3.4037918240920386e-05,0.00013615167296368154,403,516,113,3,3,3,12,3,44,572,353
403,92,298,887,978,91,52,52,746,746,0,0.0012594029749140542,0.0014636304843595766,833,854,21,3,3,3,7,17,196,96,350
404,16,16,549,549,0,67,67,571,571,0,0.00010211375472276115,0.00010211375472276115,486,486,0,-1,3,3,15,3,32,309,778
405,0,206,1,969,968,0,12,1,441,440,0.0,0.001157289220191293,1,834,833,3,-1,4,4,1,870,573,227
406,12,628,459,989,530,102,124,549,601,52,0.0005446066918547262,0.0015657442390823377,696,856,160,2,4,3,25,2,17,524,497
407,0,102,1,870,869,0,20,1,343,342,0.0,0.0,1,1,0,4,-1,5,19,0,36,839,543
408,2,104,362,920,558,8,8,393,393,0,0.0,0.0,1,1,0,4,5,5,5,1,552,618,463
409,0,102,1,914,913,0,9,1,399,398,0.0,0.00017018959120460194,1,541,540,4,-1,5,5,0,467,909,501
410,54,54,802,802,0,100,100,821,821,0,0.0007488342013002485,0.0007488342013002485,761,761,0,-1,3,3,10,4,99,267,675
411,68,170,885,965,80,22,22,771,771,0,0.0013274788113958951,0.0016338200755641784,850,874,24,4,3,3,2,19,586,184,480
412,0,101,1,911,910,0,5,1,331,330,0.0,3.4037918240920386e-05,1,398,397,5,-1,6,5,0,528,388,708
413,191,292,974,983,9,98,98,995,995,0,0.009326389598012186,0.009360427516253106,980,980,0,5,2,2,4,25,811,105,164
414,0,101,1,886,885,0,7,1,332,331,0.0,0.0,1,1,0,5,-1,6,7,0,374,803,924
415,0,0,1,1,0,0,0,1,1,0,0.0,0.0,1,1,0,-1,-1,-1,2,1,859,742,820
416,6,212,449,972,523,24,24,682,682,0,0.0002723033459273631,0.0012934408931549745,600,844,244,3,4,4,4,1,458,168,54
417,14,116,747,969,222,8,8,609,609,0,0.0004765308553728854,0.002280540522141666,734,912,178,4,4,4,2,6,873,46,38
418,6,212,432,968,536,30,34,588,624,36,6.807583648184077e-05,0.002552843868069029,443,906,463,3,4,4,7,1,305,609,57
419,0,102,1,898,897,0,8,1,366,365,0.0,3.4037918240920386e-05,1,398,397,4,-1,5,6,0,630,786,602
420,15,15,591,591,0,22,22,538,538,0,0.0002723033459273631,0.0002723033459273631,605,605,0,-1,4,4,5,5,501,241,735
421,47,149,841,956,115,44,44,869,869,0,0.0010892133837094523,0.0012253650566731338,834,848,14,4,3,3,4,14,578,190,561
422,0,101,1,928,927,0,2,1,331,330,0.0,3.4037918240920386e-05,1,390,389,5,-1,6,2,1,752,874,320
423,2,104,384,950,566,4,5,388,410,22,3.4037918240920386e-05,0.00013615167296368154,398,520,122,4,5,5,3,1,707,639,840
424,0,206,1,969,968,0,20,1,596,595,0.0,0.0007828721195411688,1,772,771,3,-1,4,4,0,755,372,471
425,0,0,1,1,0,0,0,1,1,0,0.0,0.0,1,1,0,-1,-1,-1,6,0,399,423,693
426,0,206,1,970,969,0,14,1,472,471,0.0,0.0009530617107457708,1,800,799,3,-1,4,5,0,452,635,184
427,2,208,356,970,614,8,12,394,444,50,0.0,3.4037918240920386e-05,1,405,404,3,5,4,4,3,671,578,809
428,318,934,968,995,27,368,378,975,979,4,0.0046972327172470135,0.005446066918547262,946,951,5,2,2,2,22,20,22,38,217
429,0,0,1,1,0,0,0,1,1,0,0.0,0.0,1,1,0,-1,-1,-1,6,0,455,200,803
430,0,206,1,985,984,0,14,1,681,680,0.0,0.0015317063208414173,1,871,870,3,-1,4,3,1,668,835,131
431,52,258,813,963,150,86,86,881,881,0,0.0019061234214915416,0.002757071377514551,877,916,39,3,2,2,7,4,296,288,195
432,91,193,877,956,79,98,98,880,880,0,0.0026209197045508697,0.002723033459273631,905,911,6,4,3,3,8,15,223,151,486
433,8,214,489,951,462,20,24,421,453,32,6.807583648184077e-05,0.00037441710065012424,442,656,214,3,4,4,9,3,414,585,211
434,0,206,1,978,977,0,14,1,630,629,0.0,0.0012594029749140542,1,842,841,3,-1,4,3,0,916,975,535
435,6,212,390,942,552,23,30,377,405,28,6.807583648184077e-05,0.00017018959120460194,438,531,93,3,4,4,15,2,124,739,592
436,0,616,1,997,996,0,21,1,617,616,0.0,0.0010211375472276116,1,814,813,2,-1,3,4,0,623,826,173
437,73,73,809,809,0,146,146,760,760,0,0.0008509479560230097,0.0008509479560230097,775,775,0,-1,3,3,21,8,2,284,987
438,0,0,1,1,0,0,0,1,1,0,0.0,0.0,1,1,0,-1,-1,-1,5,0,377,608,954
439,264,264,967,967,0,258,258,972,972,0,0.0053099152455835805,0.0053099152455835805,951,951,0,-1,3,3,18,35,29,57,995
440,0,0,1,1,0,0,0,1,1,0,0.0,0.0,1,1,0,-1,-1,-1,5,0,533,674,923
441,24,24,660,660,0,60,60,730,730,0,0.0004765308553728854,0.0004765308553728854,690,690,0,-1,3,3,8,3,411,677,650
442,342,548,973,987,14,294,294,975,975,0,0.0048674223084516155,0.005548180673270023,948,954,6,3,2,2,17,32,103,26,190
443,79,285,893,979,86,34,34,825,825,0,0.002995336805200994,0.00439089145307873,918,945,27,3,3,3,4,20,423,87,157
444,0,0,1,1,0,0,0,1,1,0,0.0,0.0,1,1,0,-1,-1,-1,3,0,288,821,738
445,6,6,447,447,0,22,22,596,596,0,0.00013615167296368154,0.00013615167296368154,514,514,0,-1,4,4,5,2,452,215,731
446,4,106,439,922,483,7,7,397,397,0,3.4037918240920386e-05,0.0006126825283365669,397,730,333,4,5,5,4,2,815,298,396
447,0,101,1,885,884,0,9,1,332,331,0.0,3.4037918240920386e-05,1,402,401,6,-1,7,9,0,191,902,893
448,0,0,1,1,0,0,0,1,1,0,0.0,0.0,1,1,0,-1,-1,-1,2,0,954,953,751
449,28,234,747,973,226,24,24,658,658,0,0.0012594029749140542,0.0015317063208414173,840,861,21,3,4,4,4,7,969,399,424
450,50,152,827,944,117,74,74,930,930,0,0.0019061234214915416,0.0020422750944552232,876,884,8,4,2,2,5,6,531,490,222
451,0,0,1,1,0,0,0,1,1,0,0.0,0.0,1,1,0,-1,-1,-1,4,0,458,426,821
452,70,276,819,969,150,134,134,828,828,0,0.0015317063208414173,0.0020082371762143027,857,879,22,3,3,3,14,10,332,227,291
453,0,0,1,1,0,0,0,1,1,0,0.0,0.0,1,1,0,-1,-1,-1,2,0,966,889,922
454,19,219,641,963,322,30,30,539,539,0,0.0002723033459273631,0.0007488342013002485,613,755,142,3,4,4,7,5,221,487,327
455,0,206,1,962,961,0,22,1,520,519,0.0,0.0006807583648184077,1,754,753,3,-1,4,5,0,349,916,137
456,0,102,1,903,902,0,7,1,353,352,0.0,3.4037918240920386e-05,1,403,402,4,-1,5,6,0,624,782,899
457,0,206,1,950,949,0,50,1,540,539,0.0,0.0014295925661186562,1,837,836,3,-1,4,13,0,113,744,146
458,7,213,526,969,443,18,18,589,589,0,0.0,0.0008509479560230097,1,791,790,3,4,4,3,2,819,549,393
459,0,0,1,1,0,0,0,1,1,0,0.0,0.0,1,1,0,-1,-1,-1,4,0,475,808,937
460,26,127,810,967,157,12,12,681,681,0,0.0006126825283365669,0.0006467204465774873,738,749,11,6,4,4,2,9,830,293,736
461,44,44,832,832,0,30,30,784,784,0,0.0012253650566731338,0.0012253650566731338,832,832,0,-1,3,3,4,9,696,130,446
462,40,246,827,980,153,12,12,627,627,0,0.0009530617107457708,0.0014295925661186562,810,853,43,3,4,4,2,14,993,243,336
463,16,16,573,573,0,58,58,738,738,0,0.0005105687736138058,0.0005105687736138058,705,705,0,-1,3,3,7,2,246,482,806
464,0,1640,1,1000,999,0,61,1,657,656,0.0,0.009836958371625992,1,979,978,1,-1,2,10,0,298,851,256
465,18,18,657,657,0,26,26,721,721,0,0.000442492937131965,0.000442492937131965,694,694,0,-1,3,3,4,3,558,505,921
466,14,14,582,582,0,22,22,494,494,0,0.00010211375472276115,0.00010211375472276115,474,474,0,-1,4,4,7,8,196,477,903
467,20,121,616,895,279,64,64,632,632,0,0.00037441710065012424,0.0004084550188910446,653,667,14,5,4,4,12,9,194,29,781
468,6,108,444,920,476,15,16,478,499,21,0.0,0.0002042275094455223,1,569,568,4,4,4,6,1,764,623,305
469,28,644,679,992,313,70,84,725,786,61,0.0008509479560230097,0.0013274788113958951,778,842,64,2,3,3,9,3,164,642,282
470,2,2,358,358,0,15,15,410,410,0,0.0,0.0,1,1,0,-1,5,5,8,1,454,618,929
471,12,113,568,918,350,14,14,478,478,0,0.00030634126416828345,0.00037441710065012424,625,660,35,5,4,4,5,6,667,613,593
472,6,212,452,972,520,14,18,495,550,55,0.0002382654276864427,0.0004765308553728854,606,696,90,3,4,4,5,1,908,797,541
473,20,122,719,953,234,38,38,869,869,0,0.0002042275094455223,0.0004084550188910446,577,683,106,4,3,3,3,3,825,222,29
474,2,104,368,922,554,7,7,403,403,0,6.807583648184077e-05,0.00017018959120460194,457,550,93,4,5,5,4,1,344,931,682
475,236,442,964,985,21,154,154,963,963,0,0.0046972327172470135,0.004935498144933456,953,954,1,3,2,2,10,29,409,17,280
476,0,206,1,971,970,0,10,1,471,470,0.0,0.0011232513019503727,1,831,830,3,-1,4,3,0,900,916,127
477,182,284,944,968,24,150,150,944,944,0,0.0034718676605738795,0.003642057251778481,934,936,2,4,2,2,11,20,234,43,617
478,0,101,1,951,950,0,3,1,332,331,0.0,0.00010211375472276115,1,507,506,5,-1,6,3,0,584,930,526
479,6,6,369,369,0,61,61,387,387,0,3.4037918240920386e-05,3.4037918240920386e-05,383,383,0,-1,4,4,33,2,9,615,546
480,0,0,1,1,0,0,0,1,1,0,0.0,0.0,1,1,0,-1,-1,-1,3,0,918,731,919
481,0,616,1,995,994,0,34,1,721,720,0.0,0.004152626025392287,1,943,942,2,-1,3,4,0,516,758,33
482,1,103,331,950,619,3,4,331,380,49,3.4037918240920386e-05,0.0004084550188910446,396,686,290,4,6,5,3,1,984,736,291
483,100,306,848,969,121,242,242,910,910,0,0.0015317063208414173,0.0017018959120460194,860,866,6,3,2,2,21,11,3,193,453
484,11,11,604,604,0,14,14,496,496,0,0.00034037918240920387,0.00034037918240920387,652,652,0,-1,4,4,5,5,435,124,784
485,2,2,351,351,0,35,35,401,401,0,0.00010211375472276115,0.00010211375472276115,476,476,0,-1,5,5,19,2,48,654,951
486,0,0,1,1,0,0,0,1,1,0,0.0,0.0,1,1,0,-1,-1,-1,7,1,400,660,980
487,0,0,1,1,0,0,0,1,1,0,0.0,0.0,1,1,0,-1,-1,-1,3,0,636,993,768
488,7,213,565,977,412,10,14,530,602,72,0.00013615167296368154,0.0013615167296368155,530,851,321,3,4,4,3,2,862,408,193
489,2,2,372,372,0,4,4,425,425,0,6.807583648184077e-05,6.807583648184077e-05,451,451,0,-1,5,5,2,1,964,416,271
490,8,109,495,899,404,27,27,450,450,0,0.00010211375472276115,0.00010211375472276115,486,486,0,5,4,4,10,3,152,646,590
491,22,124,812,970,158,12,12,757,757,0,0.0010211375472276116,0.0017018959120460194,818,882,64,4,4,4,2,10,873,366,92
492,78,78,859,859,0,98,98,913,913,0,0.0011913271384322134,0.0011913271384322134,836,836,0,-1,2,2,8,9,365,154,324
493,0,101,1,900,899,0,11,1,332,331,0.0,0.0,1,1,0,6,-1,7,11,0,261,774,703
494,0,0,1,1,0,0,0,1,1,0,0.0,0.0,1,1,0,-1,-1,-1,6,0,312,832,428
495,0,0,1,1,0,0,0,1,1,0,0.0,0.0,1,1,0,-1,-1,-1,6,0,657,514,839
496,0,206,1,968,967,0,20,1,534,533,0.0,0.0014636304843595766,1,852,851,3,-1,4,6,0,399,968,180
497,84,185,908,973,65,28,28,829,829,0,0.0020763130126961434,0.0020763130126961434,894,894,0,6,3,3,3,20,433,49,540
498,8,8,505,505,0,20,20,451,451,0,3.4037918240920386e-05,3.4037918240920386e-05,385,385,0,-1,4,4,8,5,297,401,539
499,413,413,995,995,0,48,48,951,951,0,0.013955546478777357,0.013955546478777357,994,994,0,-1,3,3,3,118,716,37,356
500,8,110,485,900,415,20,20,431,431,0,6.807583648184077e-05,0.0002723033459273631,444,605,161,4,4,4,8,2,317,244,236
501,172,378,939,981,42,92,92,889,889,0,0.0028932230504782326,0.0037441710065012424,920,938,18,3,3,3,7,28,296,44,195
502,49,255,888,990,102,22,22,875,875,0,0.0019741992579733825,0.0030293747234419145,893,922,29,3,3,3,2,17,982,226,266
503,30,131,791,950,159,32,32,772,772,0,0.0007828721195411688,0.0008169100377820892,781,786,5,5,3,3,5,5,629,308,311
504,163,779,943,997,54,76,86,867,897,30,0.003982436434187685,0.005786446100956465,946,966,20,2,3,3,6,31,368,102,277
505,14,630,630,997,367,26,40,644,793,149,0.0004084550188910446,0.006637394056979475,682,972,290,2,4,3,5,3,848,616,19
506,9,215,553,971,418,26,26,622,622,0,0.0002042275094455223,0.0006467204465774873,571,744,173,3,4,4,5,5,662,722,167
507,28,129,725,930,205,38,38,645,645,0,0.0007488342013002485,0.0007488342013002485,759,759,0,5,4,4,7,6,505,461,495
508,6,6,497,497,0,12,12,671,671,0,0.0002042275094455223,0.0002042275094455223,574,574,0,-1,4,4,2,1,929,759,988
509,44,250,793,973,180,60,60,757,757,0,0.0005446066918547262,0.0009190237925048504,722,795,73,3,3,3,8,4,646,246,136
510,16,118,505,891,386,39,42,401,413,12,0.0002382654276864427,0.0002723033459273631,576,597,21,4,3,3,21,2,25,692,476
511,6,622,412,991,579,38,60,502,630,128,0.00017018959120460194,0.0018380475850097008,532,867,335,2,4,3,11,1,215,809,269
512,0,101,1,885,884,0,10,1,331,330,0.0,3.4037918240920386e-05,1,390,389,5,-1,6,10,0,82,604,460
513,2,2,381,381,0,7,7,459,459,0,3.4037918240920386e-05,3.4037918240920386e-05,404,404,0,-1,5,5,4,1,860,360,821
514,16,222,593,964,371,38,46,602,661,59,0.0002042275094455223,0.001157289220191293,568,818,250,3,3,3,8,3,257,410,144
515,14,220,563,962,399,34,42,582,662,80,0.00010211375472276115,0.0029612988869600733,486,923,437,3,4,4,7,3,346,93,14
516,1,102,333,927,594,3,3,333,333,0,0.0,0.0,1,1,0,5,6,6,3,1,288,402,743
517,79,79,935,935,0,28,28,872,872,0,0.003199564314646516,0.003199564314646516,936,936,0,-1,3,3,3,17,850,81,201
518,48,48,768,768,0,98,98,747,747,0,0.0006467204465774873,0.0006467204465774873,732,732,0,-1,3,3,13,6,129,461,745
519,78,179,806,927,121,222,222,794,794,0,0.0009530617107457708,0.0009530617107457708,789,789,0,5,3,3,25,7,17,218,593
520,133,235,950,973,23,68,68,964,964,0,0.0032336022328874367,0.003437829742332959,933,938,5,4,2,2,4,23,578,106,303
521,48,254,799,967,168,48,48,671,671,0,0.0007488342013002485,0.0013274788113958951,774,836,62,3,3,3,7,9,209,414,272
522,0,616,1,997,996,0,28,1,665,664,0.0,0.0017359338302869397,1,867,866,2,-1,3,5,0,667,729,153
523,46,148,831,952,121,44,44,846,846,0,0.0012594029749140542,0.0019061234214915416,843,880,37,4,3,3,4,5,559,273,114
524,0,206,1,966,965,0,11,1,390,389,0.0,3.4037918240920386e-05,1,387,386,3,-1,4,6,0,514,898,581
525,258,464,969,985,16,152,152,912,912,0,0.004220701861874128,0.004356853534837809,951,951,0,3,3,3,12,48,106,56,409
526,8,109,560,948,388,8,8,485,485,0,6.807583648184077e-05,0.00017018959120460194,454,553,99,5,4,4,2,3,804,829,579
527,32,32,703,703,0,70,70,634,634,0,0.0002042275094455223,0.0002042275094455223,559,559,0,-1,3,3,12,6,143,486,987
528,0,0,1,1,0,0,0,1,1,0,0.0,0.0,1,1,0,-1,-1,-1,7,0,346,960,950
529,24,24,684,684,0,34,34,586,586,0,0.0004084550188910446,0.0004084550188910446,679,679,0,-1,4,4,7,6,329,275,793
530,20,121,767,966,199,8,8,571,571,0,0.0006467204465774873,0.0006467204465774873,761,761,0,6,4,4,2,10,995,272,543
531,1,1,332,332,0,2,2,332,332,0,0.0,0.0,1,1,0,-1,6,6,2,1,975,503,960
532,56,262,821,973,152,60,64,753,760,7,0.000442492937131965,0.0014295925661186562,696,851,155,3,3,3,8,9,223,240,139
533,76,282,851,969,118,84,84,787,787,0,0.00176997174852786,0.002212464685659825,873,894,21,3,3,3,9,13,164,183,256
534,0,206,1,977,976,0,9,1,497,496,0.0,0.00013615167296368154,1,526,525,3,-1,4,3,0,770,919,553
535,4,620,415,996,581,8,34,414,730,316,0.0002382654276864427,0.004629156880765172,594,956,362,2,5,3,4,2,759,408,77
536,0,206,1,968,967,0,20,1,524,523,0.0,0.0016338200755641784,1,858,857,3,-1,4,6,0,664,946,227
537,0,0,1,1,0,0,0,1,1,0,0.0,0.0,1,1,0,-1,-1,-1,2,1,982,428,830
538,0,102,1,930,929,0,6,1,393,392,0.0,0.0002382654276864427,1,597,596,4,-1,5,4,0,507,957,262
539,12,12,552,552,0,34,34,585,585,0,0.00013615167296368154,0.00013615167296368154,512,512,0,-1,4,4,7,3,398,263,851
540,0,0,1,1,0,0,0,1,1,0,0.0,0.0,1,1,0,-1,-1,-1,8,0,442,831,832
541,108,108,932,932,0,54,54,924,924,0,0.002314578440382586,0.002314578440382586,902,902,0,-1,3,3,4,19,682,59,629
542,14,220,607,972,365,26,26,616,616,0,0.0005446066918547262,0.0007147962830593281,724,765,41,3,4,4,5,4,314,479,541
543,7,7,539,539,0,8,8,488,488,0,0.0002382654276864427,0.0002382654276864427,603,603,0,-1,4,4,2,3,705,263,929
544,0,0,1,1,0,0,0,1,1,0,0.0,0.0,1,1,0,-1,-1,-1,3,0,731,986,367
545,6,6,421,421,0,12,12,443,443,0,3.4037918240920386e-05,3.4037918240920386e-05,388,388,0,-1,4,4,4,2,614,342,894
546,14,115,698,961,263,12,12,682,682,0,0.0020422750944552232,0.0020763130126961434,895,895,0,6,4,4,2,4,715,281,708
547,6,212,458,972,514,22,22,605,605,0,6.807583648184077e-05,0.0004084550188910446,453,679,226,3,4,4,5,1,612,394,329
548,27,128,743,932,189,34,34,752,752,0,0.00088498587426393,0.00088498587426393,797,797,0,8,3,3,4,5,512,216,857
549,132,232,948,979,31,38,38,889,889,0,0.003880322679464924,0.0046972327172470135,945,954,9,4,3,3,3,31,627,102,327
550,0,101,1,909,908,0,4,1,332,331,0.0,3.4037918240920386e-05,1,400,399,5,-1,6,4,0,572,969,460
551,8,8,573,573,0,14,14,592,592,0,0.0002382654276864427,0.0002382654276864427,614,614,0,-1,4,4,3,2,732,524,587
552,0,206,1,949,948,0,33,1,400,399,0.0,0.0002723033459273631,1,608,607,3,-1,4,17,0,23,737,795
553,175,381,954,985,31,112,112,947,947,0,0.0040845501889104465,0.0057524081827155455,945,968,23,3,2,2,8,27,499,69,133
554,0,206,1,958,957,0,30,1,592,591,0.0,0.0018380475850097008,1,875,874,3,-1,4,5,0,719,228,158
555,86,86,876,876,0,78,78,951,951,0,0.002586881786309949,0.002586881786309949,912,912,0,-1,2,2,4,9,448,415,733
556,0,616,1,996,995,0,26,1,716,715,0.0,0.001599782157323258,1,858,857,2,-1,3,4,0,445,965,338
557,16,222,546,958,412,46,54,563,607,44,0.0002042275094455223,0.0011913271384322134,566,825,259,3,3,3,10,3,135,309,139
558,0,206,1,963,962,0,25,1,527,526,0.0,0.0002723033459273631,1,615,614,3,-1,4,7,0,510,880,52
559,0,206,1,971,970,0,14,1,532,531,0.0,0.0005446066918547262,1,724,723,3,-1,4,3,1,554,747,407
560,0,101,1,973,972,0,2,1,330,329,0.0,0.0002042275094455223,1,577,576,5,-1,6,2,0,872,732,86
561,13,114,715,968,253,18,18,781,781,0,0.0007828721195411688,0.0009530617107457708,784,806,22,5,4,4,3,6,853,289,562
562,85,85,906,906,0,74,74,965,965,0,0.0028591851322373124,0.0028591851322373124,922,922,0,-1,2,2,5,15,574,53,951
563,1,103,333,927,594,4,8,333,423,90,0.0,0.0004765308553728854,1,708,707,4,7,5,4,1,619,861,195
564,6,6,447,447,0,12,12,470,470,0,0.00013615167296368154,0.00013615167296368154,520,520,0,-1,4,4,4,1,512,555,967
565,0,206,1,976,975,0,12,1,585,584,0.0,0.004016474352428605,1,944,943,3,-1,4,2,1,934,472,12
566,2,2,358,358,0,11,11,359,359,0,3.4037918240920386e-05,3.4037918240920386e-05,398,398,0,-1,5,5,10,1,293,593,780
567,72,72,879,879,0,56,56,854,854,0,0.0014295925661186562,0.0014295925661186562,844,844,0,-1,3,3,6,12,494,67,554
568,84,84,899,899,0,24,24,681,681,0,0.001940161339732462,0.001940161339732462,885,885,0,-1,4,4,4,21,619,157,766
569,157,1797,953,1000,47,78,102,969,995,26,0.003880322679464924,0.03359542530378842,941,996,55,1,2,2,4,23,690,66,11
570,51,51,871,871,0,22,22,857,857,0,0.0016338200755641784,0.0016338200755641784,871,871,0,-1,3,3,2,17,760,213,930
571,42,143,827,954,127,24,24,673,673,0,0.0008169100377820892,0.0008169100377820892,782,782,0,6,4,4,4,12,475,99,676
572,125,741,888,993,105,240,250,885,900,15,0.0012253650566731338,0.0017359338302869397,819,864,45,2,2,2,22,13,22,340,501
573,8,110,576,950,374,14,14,624,624,0,6.807583648184077e-05,0.0002382654276864427,454,600,146,4,4,4,3,3,569,300,168
574,84,290,939,990,51,22,22,864,864,0,0.0027911092957554717,0.009190237925048503,926,979,53,3,3,3,2,20,878,109,1
575,0,206,1,964,963,0,26,1,514,513,0.0,0.0015317063208414173,1,857,856,3,-1,4,7,0,299,644,61
576,0,616,1,996,995,0,56,1,716,715,0.0,0.002314578440382586,1,903,902,2,-1,3,8,2,350,752,45
577,0,206,1,945,944,0,34,1,427,426,0.0,0.0004084550188910446,1,671,670,3,-1,4,14,0,332,894,159
578,8,8,574,574,0,8,8,525,525,0,0.0006126825283365669,0.0006126825283365669,739,739,0,-1,4,4,2,3,895,209,429
579,0,102,1,915,914,0,8,1,405,404,0.0,0.00017018959120460194,1,546,545,4,-1,5,4,0,354,757,386
580,394,494,994,995,1,32,32,916,916,0,0.010347527145239796,0.010755982164130842,986,987,1,4,3,3,2,96,849,1,264
581,21,227,731,977,246,14,14,558,558,0,0.000442492937131965,0.0007147962830593281,698,784,86,3,4,4,3,6,825,4,332
582,63,63,889,889,0,12,12,616,616,0,0.0016338200755641784,0.0016338200755641784,874,874,0,-1,4,4,2,20,779,49,793
583,0,0,1,1,0,0,0,1,1,0,0.0,0.0,1,1,0,-1,-1,-1,4,0,581,985,856
584,4,106,420,918,498,9,9,409,409,0,0.0,0.0002382654276864427,1,604,603,4,5,5,5,2,538,749,617
585,0,102,1,882,881,0,14,1,371,370,0.0,0.00013615167296368154,1,508,507,4,-1,5,10,0,206,520,958
586,8,110,587,949,362,9,9,538,538,0,0.00017018959120460194,0.0007488342013002485,563,778,215,4,4,4,3,3,790,496,390
587,0,0,1,1,0,0,0,1,1,0,0.0,0.0,1,1,0,-1,-1,-1,19,0,38,429,926
588,0,206,1,941,940,0,33,1,410,409,0.0,0.0002723033459273631,1,599,598,3,-1,4,15,0,49,546,339
589,0,0,1,1,0,0,0,1,1,0,0.0,0.0,1,1,0,-1,-1,-1,4,0,558,698,400
590,6,6,398,398,0,25,25,423,423,0,3.4037918240920386e-05,3.4037918240920386e-05,400,400,0,-1,4,4,12,2,375,550,847
591,1,207,333,964,631,6,24,333,525,192,0.0,0.00176997174852786,1,867,866,3,6,4,6,1,387,590,39
592,4,4,526,526,0,4,4,467,467,0,6.807583648184077e-05,6.807583648184077e-05,466,466,0,-1,5,5,2,7,941,451,574
593,0,0,1,1,0,0,0,1,1,0,0.0,0.0,1,1,0,-1,-1,-1,7,0,346,632,950
594,8,109,466,880,414,50,50,477,477,0,0.0002382654276864427,0.0002382654276864427,579,579,0,6,4,4,15,2,49,749,357
595,0,0,1,1,0,0,0,1,1,0,0.0,0.0,1,1,0,-1,-1,-1,4,0,623,769,982
596,0,0,1,1,0,0,0,1,1,0,0.0,0.0,1,1,0,-1,-1,-1,7,0,472,816,999
597,15,15,578,578,0,24,24,476,476,0,0.00037441710065012424,0.00037441710065012424,666,666,0,-1,4,4,8,6,142,459,650
598,0,0,1,1,0,0,0,1,1,0,0.0,0.0,1,1,0,-1,-1,-1,3,0,808,664,856
599,233,233,969,969,0,122,122,978,978,0,0.0053439531638245,0.0053439531638245,957,957,0,-1,2,2,8,37,541,74,940
600,0,102,1,914,913,0,8,1,388,387,0.0,6.807583648184077e-05,1,438,437,4,-1,5,5,2,290,752,697
601,40,142,784,935,151,40,40,717,717,0,0.0006467204465774873,0.0007147962830593281,746,764,18,4,3,3,5,6,347,46,452
602,0,101,1,945,944,0,4,1,330,329,0.0,0.0,1,1,0,6,-1,7,4,0,754,940,605
603,6,622,457,998,541,14,28,496,720,224,6.807583648184077e-05,0.0019741992579733825,458,887,429,2,4,3,5,2,435,719,159
604,17,223,729,983,254,14,14,668,668,0,0.000442492937131965,0.0009870996289866913,694,814,120,3,4,4,3,8,984,257,343
605,34,136,769,934,165,34,34,656,656,0,0.00013615167296368154,0.0004084550188910446,520,678,158,4,3,3,6,6,295,258,525
606,177,177,951,951,0,102,102,933,933,0,0.0038462847612240037,0.0038462847612240037,942,942,0,-1,3,3,7,24,320,13,793
607,6,108,454,924,470,29,30,594,594,0,0.00034037918240920387,0.0005786446100956465,648,734,86,4,4,4,7,4,697,409,303
608,3,3,422,422,0,10,10,422,422,0,0.00013615167296368154,0.00013615167296368154,511,511,0,-1,5,5,5,3,605,761,808
609,7,108,574,952,378,6,6,447,447,0,0.00017018959120460194,0.0002042275094455223,556,577,21,5,5,5,3,6,707,424,879
610,0,0,1,1,0,0,0,1,1,0,0.0,0.0,1,1,0,-1,-1,-1,8,0,302,953,800
611,0,0,1,1,0,0,0,1,1,0,0.0,0.0,1,1,0,-1,-1,-1,2,1,713,835,757
612,0,0,1,1,0,0,0,1,1,0,0.0,0.0,1,1,0,-1,-1,-1,2,0,686,587,620
613,0,616,1,992,991,0,112,1,679,678,0.0,0.0028932230504782326,1,919,918,2,-1,3,17,0,103,836,26
614,6,6,444,444,0,13,13,454,454,0,0.0,0.0,1,1,0,-1,4,4,6,1,764,555,987
615,0,0,1,1,0,0,0,1,1,0,0.0,0.0,1,1,0,-1,-1,-1,16,1,145,780,855
616,0,0,1,1,0,0,0,1,1,0,0.0,0.0,1,1,0,-1,-1,-1,4,0,540,433,445
617,0,102,1,926,925,0,8,1,381,380,0.0,0.0002382654276864427,1,594,593,4,-1,5,6,0,661,254,115
618,0,101,1,922,921,0,3,1,330,329,0.0,0.0,1,1,0,5,-1,6,3,0,588,872,337
619,0,0,1,1,0,0,0,1,1,0,0.0,0.0,1,1,0,-1,-1,-1,2,0,782,768,942
620,31,31,753,753,0,60,60,892,892,0,0.001055175465468532,0.001055175465468532,813,813,0,-1,3,3,5,7,502,224,674
621,148,249,946,972,26,70,70,912,912,0,0.003914360597705844,0.004016474352428605,946,947,1,5,3,3,5,25,338,105,646
622,248,454,966,984,18,154,154,942,942,0,0.005446066918547262,0.005684332346233704,957,961,4,3,2,2,10,30,149,75,389
623,108,108,904,904,0,64,64,770,770,0,0.0015317063208414173,0.0015317063208414173,857,857,0,-1,3,3,8,19,282,59,844
624,11,113,653,960,307,8,8,546,546,0,0.0002382654276864427,0.0004084550188910446,609,689,80,4,4,4,2,4,998,365,550
625,91,192,954,988,34,22,22,906,906,0,0.0040845501889104465,0.004118588107151367,951,952,1,6,3,3,2,31,865,102,331
626,3,209,391,947,556,13,18,369,400,31,3.4037918240920386e-05,6.807583648184077e-05,393,446,53,3,5,4,9,3,101,563,575
627,292,292,967,967,0,320,320,966,966,0,0.004833384390210695,0.004833384390210695,949,949,0,-1,2,2,21,32,1,26,433
628,0,102,1,876,875,0,31,1,401,400,0.0,0.00013615167296368154,1,508,507,4,-1,5,17,0,63,696,173
629,12,628,489,989,500,68,108,504,640,136,0.0002042275094455223,0.002144388849177984,563,889,326,2,4,3,21,2,2,579,141
630,70,70,829,829,0,80,80,758,758,0,0.0008509479560230097,0.0008509479560230097,777,777,0,-1,3,3,9,10,269,405,533
631,4,106,423,923,500,7,7,388,388,0,0.0,0.00013615167296368154,1,502,501,4,5,5,4,3,445,411,392
632,0,0,1,1,0,0,0,1,1,0,0.0,0.0,1,1,0,-1,-1,-1,8,1,370,913,886
633,0,206,1,976,975,0,8,1,496,495,0.0,0.0016338200755641784,1,875,874,3,-1,4,2,0,750,843,133
634,38,244,802,977,175,38,42,745,764,19,0.0006467204465774873,0.0008509479560230097,747,787,40,3,3,3,6,8,399,204,682
635,0,0,1,1,0,0,0,1,1,0,0.0,0.0,1,1,0,-1,-1,-1,6,0,399,750,999
636,9,215,543,965,422,16,24,454,525,71,0.0,0.0005105687736138058,1,716,715,3,4,4,6,4,387,581,234
637,46,46,803,803,0,58,58,786,786,0,0.0006467204465774873,0.0006467204465774873,746,746,0,-1,3,3,7,7,637,253,911
638,3,3,428,428,0,6,6,363,363,0,0.0,0.0,1,1,0,-1,5,5,5,2,765,602,522
639,0,0,1,1,0,0,0,1,1,0,0.0,0.0,1,1,0,-1,-1,-1,2,0,713,871,758
640,93,299,864,972,108,120,120,884,884,0,0.0013955546478777359,0.0019061234214915416,842,881,39,3,3,3,10,11,240,83,422
641,310,310,975,975,0,180,180,954,954,0,0.0053439531638245,0.0053439531638245,959,959,0,-1,2,2,11,36,76,48,457
642,0,101,1,908,907,0,5,1,331,330,0.0,3.4037918240920386e-05,1,402,401,5,-1,6,5,0,669,815,547
643,39,39,735,735,0,70,70,654,654,0,0.0002723033459273631,0.0002723033459273631,615,615,0,-1,3,3,11,7,227,371,975
644,60,266,746,953,207,186,186,658,658,0,0.0005105687736138058,0.0006126825283365669,683,714,31,3,3,3,35,7,20,303,453
645,0,206,1,968,967,0,18,1,530,529,0.0,0.0015317063208414173,1,858,857,3,-1,4,5,0,669,844,153
646,1,103,333,898,565,8,12,333,379,46,0.0,6.807583648184077e-05,1,445,444,4,6,5,8,1,595,703,365
647,0,102,1,960,959,0,4,1,438,437,0.0,6.807583648184077e-05,1,453,452,4,-1,5,2,0,997,808,609
648,0,101,1,926,925,0,6,1,332,331,0.0,0.0002042275094455223,1,578,577,5,-1,6,6,1,486,568,810
649,0,206,1,950,949,0,36,1,467,466,0.0,0.00037441710065012424,1,654,653,3,-1,4,12,0,87,991,306
650,18,120,594,901,307,40,40,515,515,0,0.00017018959120460194,0.0002382654276864427,545,588,43,4,3,3,11,3,76,829,369
651,41,247,814,977,163,68,68,947,947,0,0.0018040096667687805,0.002586881786309949,879,908,29,3,2,2,4,2,445,101,440
652,16,222,539,952,413,78,78,693,693,0,0.00017018959120460194,0.00030634126416828345,553,633,80,3,3,3,11,1,66,282,168
653,0,101,1,915,914,0,4,1,332,331,0.0,3.4037918240920386e-05,1,404,403,5,-1,6,4,0,304,801,690
654,0,616,1,997,996,0,22,1,604,603,0.0,0.002144388849177984,1,894,893,2,-1,3,4,0,567,803,410
655,0,206,1,950,949,0,24,1,421,420,0.0,0.0002382654276864427,1,583,582,3,-1,4,11,0,307,818,424
656,116,116,963,963,0,34,34,885,885,0,0.0033357159876101976,0.0033357159876101976,933,933,0,-1,3,3,4,32,860,26,604
657,282,282,974,974,0,198,198,983,983,0,0.005684332346233704,0.005684332346233704,964,964,0,-1,2,2,10,32,82,26,981
658,4,210,400,955,555,18,22,414,429,15,0.00013615167296368154,0.00034037918240920387,511,650,139,3,5,4,9,2,136,579,291
659,2,208,353,954,601,12,23,380,477,97,0.0,0.0007147962830593281,1,758,757,3,5,4,8,1,282,743,179
660,4,4,463,463,0,4,4,407,407,0,3.4037918240920386e-05,3.4037918240920386e-05,406,406,0,-1,5,5,2,2,948,602,668
661,2,104,360,922,562,5,7,361,400,39,6.807583648184077e-05,0.0002042275094455223,456,564,108,4,5,5,4,2,969,615,545
662,305,305,980,980,0,60,60,908,908,0,0.007182000748834201,0.007182000748834201,971,971,0,-1,3,3,5,54,478,19,944
663,0,0,1,1,0,0,0,1,1,0,0.0,0.0,1,1,0,-1,-1,-1,8,1,270,814,747
664,0,0,1,1,0,0,0,1,1,0,0.0,0.0,1,1,0,-1,-1,-1,7,0,714,673,988
665,0,206,1,969,968,0,10,1,418,417,0.0,6.807583648184077e-05,1,438,437,3,-1,4,5,0,290,994,463
666,0,102,1,923,922,0,6,1,372,371,0.0,6.807583648184077e-05,1,453,452,4,-1,5,4,0,559,951,260
667,134,235,950,973,23,60,60,901,901,0,0.00442492937131965,0.004493005207801491,949,949,0,5,3,3,5,27,795,25,476
668,6,6,428,428,0,18,18,484,484,0,0.0,0.0,1,1,0,-1,4,4,6,1,451,506,850
669,0,101,1,918,917,0,4,1,331,330,0.0,0.0,1,1,0,5,-1,6,4,0,832,943,530
670,45,147,734,911,177,124,124,789,789,0,0.0009530617107457708,0.0009530617107457708,787,787,0,4,3,3,14,5,122,216,320
671,7,108,549,946,397,6,6,443,443,0,0.0004084550188910446,0.0004084550188910446,683,683,0,5,5,5,3,5,523,562,225
672,28,130,747,942,195,26,26,640,640,0,0.0009530617107457708,0.0012594029749140542,804,837,33,4,4,4,5,6,570,397,622
673,8,110,505,905,400,18,18,427,427,0,6.807583648184077e-05,0.00017018959120460194,450,544,94,4,4,4,8,3,297,598,653
674,0,102,1,888,887,0,13,1,351,350,0.0,3.4037918240920386e-05,1,400,399,4,-1,5,12,0,375,973,879
675,0,616,1,990,989,0,61,1,541,540,0.0,0.0010892133837094523,1,807,806,2,-1,3,16,0,72,778,207
676,0,102,1,927,926,0,4,1,397,396,0.0,0.0006467204465774873,1,754,753,4,-1,5,2,0,925,876,207
677,0,0,1,1,0,0,0,1,1,0,0.0,0.0,1,1,0,-1,-1,-1,8,0,434,696,982
678,41,41,860,860,0,14,14,676,676,0,0.0013274788113958951,0.0013274788113958951,849,849,0,-1,4,4,3,18,875,54,922
679,34,135,711,924,213,54,54,635,635,0,0.00030634126416828345,0.00030634126416828345,629,629,0,5,3,3,10,9,258,191,572
680,23,23,661,661,0,48,48,616,616,0,0.00034037918240920387,0.00034037918240920387,652,652,0,-1,4,4,8,7,231,329,938
681,18,120,659,937,278,18,18,522,522,0,0.0004084550188910446,0.0005786446100956465,673,728,55,4,4,4,5,7,561,303,371
682,30,30,740,740,0,52,52,752,752,0,0.0006467204465774873,0.0006467204465774873,747,747,0,-1,3,3,7,6,497,490,672
683,0,102,1,899,898,0,11,1,362,361,0.0,3.4037918240920386e-05,1,404,403,4,-1,5,9,1,388,685,594
684,80,696,791,991,200,242,256,731,746,15,0.0008509479560230097,0.0015317063208414173,762,848,86,2,3,3,36,13,16,217,440
685,16,222,646,972,326,36,36,780,780,0,0.0002382654276864427,0.0007488342013002485,601,776,175,3,3,3,5,1,685,553,136
686,3,3,453,453,0,4,4,418,418,0,0.00010211375472276115,0.00010211375472276115,493,493,0,-1,5,5,2,3,874,761,824
687,1,1,332,332,0,2,2,332,332,0,3.4037918240920386e-05,3.4037918240920386e-05,402,402,0,-1,7,7,2,3,946,676,760
688,16,16,497,497,0,72,72,501,501,0,6.807583648184077e-05,6.807583648184077e-05,446,446,0,-1,3,3,21,1,3,607,744
689,277,277,987,987,0,48,48,949,949,0,0.007216038667075122,0.007216038667075122,968,968,0,-1,3,3,3,70,902,18,918
690,64,270,843,975,132,48,52,729,759,30,0.0011232513019503727,0.002825147213996392,819,915,96,3,3,3,7,15,362,138,73
691,16,16,615,615,0,20,20,588,588,0,0.00017018959120460194,0.00017018959120460194,545,545,0,-1,4,4,4,8,632,302,254
692,48,254,844,978,134,30,34,759,828,69,0.002484768031587188,0.0032336022328874367,910,930,20,3,3,3,4,6,682,136,438
693,40,40,833,833,0,22,22,805,805,0,0.0006467204465774873,0.0006467204465774873,749,749,0,-1,3,3,2,5,609,273,802
694,2,208,360,969,609,4,10,361,460,99,0.0,0.00037441710065012424,1,677,676,3,5,4,3,3,819,748,278
695,8,8,516,516,0,16,16,517,517,0,3.4037918240920386e-05,3.4037918240920386e-05,394,394,0,-1,4,4,4,3,354,300,903
696,26,232,698,970,272,34,38,623,666,43,0.0002723033459273631,0.0007488342013002485,605,757,152,3,3,3,6,4,514,504,343
697,4,210,405,961,556,12,32,375,544,169,3.4037918240920386e-05,0.0026889955410327104,395,912,517,3,5,4,8,2,201,547,76
698,197,403,973,990,17,74,74,978,978,0,0.006058749446883829,0.006433166547533953,967,969,2,3,2,2,4,30,423,39,406
699,57,263,864,978,114,44,44,874,874,0,0.001497668402600497,0.0020763130126961434,865,893,28,3,3,3,4,13,706,255,210
700,0,0,1,1,0,0,0,1,1,0,0.0,0.0,1,1,0,-1,-1,-1,4,2,652,775,429
701,0,0,1,1,0,0,0,1,1,0,0.0,0.0,1,1,0,-1,-1,-1,3,0,780,863,641
702,0,206,1,973,972,0,12,1,474,473,0.0,0.0007488342013002485,1,771,770,3,-1,4,4,0,617,702,438
703,2,208,352,944,592,23,37,370,412,42,3.4037918240920386e-05,3.4037918240920386e-05,398,398,0,3,5,4,17,3,24,748,300
704,0,0,1,1,0,0,0,1,1,0,0.0,0.0,1,1,0,-1,-1,-1,6,0,441,811,855
705,6,212,427,964,537,10,14,433,501,68,6.807583648184077e-05,0.0006807583648184077,441,757,316,3,4,4,3,1,731,416,482
706,0,206,1,967,966,0,18,1,502,501,0.0,0.0015657442390823377,1,862,861,3,-1,4,5,0,665,991,180
707,0,101,1,887,886,0,12,1,331,330,0.0,3.4037918240920386e-05,1,391,390,6,-1,7,12,0,222,574,621
708,0,101,1,905,904,0,7,1,332,331,0.0,0.0,1,1,0,8,-1,9,7,1,658,767,626
709,0,206,1,970,969,0,12,1,466,465,0.0,0.0006126825283365669,1,733,732,3,-1,4,4,0,690,798,482
710,100,100,857,857,0,100,100,684,684,0,0.010687906327649,0.01327478811395895,983,990,7,3,1,1,16,7,195,176,50
711,30,30,826,826,0,8,8,551,551,0,0.00088498587426393,0.00088498587426393,806,806,0,-1,4,4,2,14,914,175,695
712,2,104,360,917,557,5,5,382,382,0,0.0,0.0,1,1,0,4,5,5,3,2,743,679,680
713,0,102,1,894,893,0,10,1,350,349,0.0,6.807583648184077e-05,1,453,452,4,-1,5,9,0,803,844,319
714,318,524,978,990,12,114,114,920,920,0,0.00527587732734266,0.005446066918547262,961,962,1,3,3,3,9,45,289,77,722
715,4,4,436,436,0,7,7,413,413,0,6.807583648184077e-05,6.807583648184077e-05,447,447,0,-1,5,5,4,2,777,468,916
716,16,117,666,947,281,22,22,780,780,0,0.0002723033459273631,0.00030634126416828345,621,638,17,5,3,3,2,1,429,667,654
717,210,416,963,988,25,116,116,975,975,0,0.003812246842983083,0.004493005207801491,941,947,6,3,2,2,7,33,207,15,150
718,13,114,750,975,225,12,12,812,812,0,0.001055175465468532,0.0012934408931549745,826,845,19,5,4,4,2,6,813,289,287
719,6,6,485,485,0,16,16,578,578,0,0.00030634126416828345,0.00030634126416828345,631,631,0,-1,4,4,4,1,794,869,426
720,81,287,866,974,108,46,46,746,746,0,0.0015657442390823377,0.0018040096667687805,854,869,15,3,3,3,6,17,353,269,510
721,22,228,656,968,312,42,42,694,694,0,0.00017018959120460194,0.000442492937131965,534,684,150,3,3,3,6,2,393,827,149
722,16,222,525,949,424,94,94,658,658,0,0.00013615167296368154,0.00037441710065012424,503,654,151,3,3,3,16,1,195,741,424
723,0,102,1,921,920,0,5,1,361,360,0.0,3.4037918240920386e-05,1,394,393,4,-1,5,4,0,659,569,560
724,22,22,717,717,0,30,30,721,721,0,0.0005105687736138058,0.0005105687736138058,709,709,0,-1,4,4,5,11,376,249,957
725,12,628,536,993,457,40,50,584,650,66,0.00010211375472276115,0.0011232513019503727,479,817,338,2,4,3,8,2,197,491,441
726,0,206,1,962,961,0,18,1,434,433,0.0,0.000442492937131965,1,686,685,3,-1,4,7,0,216,911,253
727,0,0,1,1,0,0,0,1,1,0,0.0,0.0,1,1,0,-1,-1,-1,9,0,803,955,973
728,147,763,913,993,80,200,200,925,925,0,0.006909697402906838,0.009020048333843901,963,972,9,2,2,2,16,20,134,87,116
729,43,144,903,985,82,8,8,684,684,0,0.0017018959120460194,0.0017018959120460194,877,877,0,6,4,4,2,24,973,129,543
730,91,193,925,972,47,38,38,887,887,0,0.0015317063208414173,0.002382654276864427,873,911,38,4,3,3,3,23,800,117,137
731,0,102,1,877,876,0,17,1,367,366,0.0,0.0,1,1,0,4,-1,5,13,0,41,930,581
732,0,616,1,1000,999,0,18,1,852,851,0.0,0.006535280302256714,1,965,964,2,-1,3,2,0,982,966,36
733,0,102,1,930,929,0,7,1,415,414,0.0,0.0004765308553728854,1,701,700,4,-1,5,4,2,607,709,386
734,29,131,696,912,216,60,60,690,690,0,0.0005105687736138058,0.0005786446100956465,706,721,15,4,3,3,9,7,262,371,762
735,16,222,550,954,404,54,58,530,546,16,3.4037918240920386e-05,0.00030634126416828345,387,610,223,3,3,3,14,1,172,152,121
736,71,173,885,963,78,28,28,648,648,0,0.002212464685659825,0.002280540522141666,893,897,4,4,4,4,6,23,529,122,248
737,12,114,726,972,246,4,4,452,452,0,0.0005786446100956465,0.0008169100377820892,747,780,33,4,5,5,2,8,782,250,262
738,0,206,1,960,959,0,32,1,599,598,0.0,0.003778208924742163,1,939,938,3,-1,4,6,0,255,943,75
739,135,341,912,976,64,126,130,831,837,6,0.0015317063208414173,0.0034718676605738795,841,930,89,3,3,3,15,17,138,79,98
740,100,100,874,874,0,100,100,818,818,0,0.03185949147350148,0.03185949147350148,1000,1000,0,-1,1,1,11,130,234,3,668
741,6,6,403,403,0,46,46,642,642,0,0.00013615167296368154,0.00013615167296368154,503,503,0,-1,4,4,9,1,389,727,715
742,12,114,601,932,331,20,20,609,609,0,0.0002382654276864427,0.0006126825283365669,592,740,148,4,4,4,4,2,631,634,432
743,6,107,447,924,477,14,14,473,473,0,6.807583648184077e-05,6.807583648184077e-05,444,444,0,5,4,4,5,2,452,313,364
744,18,18,703,703,0,22,22,779,779,0,0.0006807583648184077,0.0006807583648184077,767,767,0,-1,3,3,2,3,886,525,977
745,36,138,732,921,189,54,54,636,636,0,0.0005786446100956465,0.0008509479560230097,717,777,60,4,4,4,9,8,269,204,311
746,0,0,1,1,0,0,0,1,1,0,0.0,0.0,1,1,0,-1,-1,-1,3,0,569,644,752
747,164,266,971,984,13,32,32,947,947,0,0.005922597773920147,0.006058749446883829,965,966,1,4,3,3,2,27,757,25,211
748,0,0,1,1,0,0,0,1,1,0,0.0,0.0,1,1,0,-1,-1,-1,14,0,79,702,513
749,6,6,432,432,0,16,16,445,445,0,3.4037918240920386e-05,3.4037918240920386e-05,404,404,0,-1,4,4,7,1,305,334,910
750,0,206,1,974,973,0,8,1,488,487,0.0,0.0004765308553728854,1,718,717,3,-1,4,2,0,886,994,439
751,29,131,688,912,224,70,70,704,704,0,0.0007828721195411688,0.0008169100377820892,767,776,9,4,3,3,10,4,125,267,313
752,19,120,718,953,235,22,22,818,818,0,0.0011232513019503727,0.0011913271384322134,828,834,6,5,3,3,2,3,838,438,307
753,38,38,808,808,0,28,28,745,745,0,0.00088498587426393,0.00088498587426393,800,800,0,-1,3,3,3,9,636,415,729
754,0,206,1,972,971,0,10,1,437,436,0.0,0.0004084550188910446,1,684,683,3,-1,4,4,0,700,571,473
755,218,424,969,989,20,62,62,956,956,0,0.006501242384015794,0.008373327887266415,968,979,11,3,2,2,3,31,778,34,135
756,0,0,1,1,0,0,0,1,1,0,0.0,0.0,1,1,0,-1,-1,-1,4,0,304,888,920
757,21,227,730,979,249,24,24,780,780,0,0.00037441710065012424,0.0045270431260424114,674,950,276,3,3,3,3,4,857,156,9
758,2,104,359,892,533,10,11,385,390,5,0.0,0.00017018959120460194,1,536,535,4,5,5,6,1,157,503,523
759,19,121,606,897,291,46,46,503,503,0,0.00034037918240920387,0.0004084550188910446,648,676,28,4,4,4,13,5,228,487,534
760,8,8,515,515,0,17,17,454,454,0,6.807583648184077e-05,6.807583648184077e-05,456,456,0,-1,4,4,7,5,497,476,833
761,1,103,332,936,604,2,4,332,396,64,0.0,0.0006126825283365669,1,740,739,4,7,5,2,2,954,582,53
762,99,99,896,896,0,66,66,843,843,0,0.0013955546478777359,0.0013955546478777359,839,839,0,-1,3,3,6,16,328,113,902
763,0,0,1,1,0,0,0,1,1,0,0.0,0.0,1,1,0,-1,-1,-1,3,0,674,843,882
764,0,0,1,1,0,0,0,1,1,0,0.0,0.0,1,1,0,-1,-1,-1,2,0,975,801,960
765,137,343,931,979,48,88,88,904,904,0,0.0026549576227917903,0.0029612988869600733,908,918,10,3,3,3,8,18,541,141,262
766,0,102,1,974,973,0,3,1,437,436,0.0,0.001055175465468532,1,833,832,4,-1,5,2,0,944,845,129
767,6,108,410,901,491,26,26,508,508,0,0.00010211375472276115,0.00013615167296368154,490,521,31,4,4,4,7,1,331,762,342
768,16,16,593,593,0,66,66,701,701,0,0.00010211375472276115,0.00010211375472276115,480,480,0,-1,3,3,10,1,161,282,992
769,16,118,583,912,329,38,38,687,687,0,0.00030634126416828345,0.0004084550188910446,638,679,41,4,3,3,6,1,536,420,618
770,162,162,952,952,0,32,32,866,866,0,0.0024507301133462676,0.0024507301133462676,907,907,0,-1,3,3,2,33,769,15,600
771,36,138,780,943,163,38,38,689,689,0,0.0007828721195411688,0.0009530617107457708,771,799,28,4,4,4,7,6,404,136,670
772,54,260,822,975,153,94,94,873,873,0,0.0007828721195411688,0.00088498587426393,764,783,19,3,3,3,9,8,278,264,556
773,8,110,547,927,380,20,20,609,609,0,0.00010211375472276115,0.0002042275094455223,492,578,86,4,4,4,4,3,344,508,244
774,2,208,353,959,606,13,24,389,494,105,0.00010211375472276115,0.0009190237925048504,473,797,324,3,5,4,8,1,595,837,471
775,6,622,397,991,594,42,64,538,679,141,6.807583648184077e-05,0.002484768031587188,447,911,464,2,4,3,9,2,101,652,27
776,32,32,735,735,0,58,58,799,799,0,0.0012934408931549745,0.0012934408931549745,829,829,0,-1,3,3,7,6,214,114,674
777,79,180,909,971,62,22,22,798,798,0,0.002314578440382586,0.002382654276864427,904,905,1,5,3,3,2,18,881,55,534
778,0,206,1,959,958,0,22,1,454,453,0.0,0.0002042275094455223,1,567,566,3,-1,4,9,0,119,855,222
779,44,146,719,904,185,166,166,755,755,0,0.00037441710065012424,0.0005446066918547262,657,709,52,4,3,3,22,9,22,29,840
780,0,206,1,931,930,0,64,1,467,466,0.0,0.0005786446100956465,1,711,710,3,-1,4,20,0,5,902,172
781,6,212,449,972,523,12,16,485,553,68,0.00010211375472276115,0.00034037918240920387,476,642,166,3,4,4,4,1,458,756,363
782,90,191,866,956,90,108,108,920,920,0,0.0014295925661186562,0.0014636304843595766,842,845,3,5,2,2,8,6,218,376,676
783,13,114,583,912,329,23,23,495,495,0,0.00017018959120460194,0.00017018959120460194,550,550,0,5,4,4,8,3,449,214,320
784,0,206,1,947,946,0,24,1,386,385,0.0,0.00013615167296368154,1,505,504,3,-1,4,14,0,121,820,682
785,11,11,596,596,0,16,16,537,537,0,0.0002382654276864427,0.0002382654276864427,586,586,0,-1,4,4,4,5,403,454,982
786,0,206,1,966,965,0,38,1,636,635,0.0,0.001157289220191293,1,824,823,3,-1,4,7,0,361,907,183
787,6,107,442,917,475,14,14,459,459,0,0.0002382654276864427,0.00037441710065012424,595,673,78,5,4,4,5,4,382,409,279
788,0,101,1,892,891,0,6,1,332,331,0.0,0.0,1,1,0,5,-1,6,6,0,560,825,734
789,62,62,803,803,0,126,126,781,781,0,0.0004084550188910446,0.0004084550188910446,663,663,0,-1,3,3,15,8,37,132,538
790,50,151,843,959,116,40,40,822,822,0,0.0009870996289866913,0.0009870996289866913,816,816,0,5,3,3,5,12,574,155,337
791,28,28,697,697,0,42,42,651,651,0,0.00037441710065012424,0.00037441710065012424,659,659,0,-1,3,3,6,4,312,479,871
792,98,304,880,977,97,108,108,894,894,0,0.002280540522141666,0.0026889955410327104,894,917,23,3,2,2,9,17,245,213,482
793,100,100,892,892,0,100,100,931,931,0,0.021580040164743523,0.03247217400183805,998,999,1,2,1,1,8,20,521,38,3
794,494,596,998,1000,2,48,48,959,959,0,0.01592974573675074,0.016406276592123625,995,995,0,4,3,3,3,127,523,11,535
795,0,0,1,1,0,0,0,1,1,0,0.0,0.0,1,1,0,-1,-1,-1,3,0,743,936,905
796,420,522,989,993,4,94,94,974,974,0,0.013751318969331836,0.014227849824704722,989,990,1,4,2,2,5,78,290,9,209
797,0,206,1,940,939,0,40,1,449,448,0.0,0.00037441710065012424,1,653,652,3,-1,4,14,0,203,997,418
798,0,102,1,916,915,0,5,1,359,358,0.0,3.4037918240920386e-05,1,404,403,4,-1,5,4,0,783,994,566
799,187,393,956,986,30,76,76,898,898,0,0.003608019333537561,0.0042547397801150485,935,944,9,3,3,3,6,24,369,8,340
800,9,625,540,995,455,26,36,574,688,114,0.00010211375472276115,0.0014295925661186562,486,846,360,2,4,3,5,3,555,508,312
801,100,100,883,883,0,100,100,923,923,0,0.021069471391129718,0.021069471391129718,994,994,0,7,1,1,8,18,415,147,647
802,0,206,1,970,969,0,13,1,477,476,0.0,0.0006126825283365669,1,735,734,3,-1,4,5,0,908,927,642
803,0,0,1,1,0,0,0,1,1,0,0.0,0.0,1,1,0,-1,-1,-1,2,0,920,980,850
804,216,318,977,989,12,32,32,937,937,0,0.006297014874570271,0.006943735321147759,971,973,2,4,3,3,2,49,705,31,217
805,56,262,803,968,165,114,114,842,842,0,0.0019061234214915416,0.0020422750944552232,872,883,11,3,2,2,12,5,194,535,505
806,27,129,732,940,208,50,50,832,832,0,0.0012594029749140542,0.001497668402600497,841,856,15,4,3,3,5,6,363,471,413
807,0,102,1,908,907,0,11,1,379,378,0.0,0.00017018959120460194,1,537,536,4,-1,5,7,1,398,841,270
808,7,109,547,943,396,4,4,406,406,0,0.00030634126416828345,0.0009530617107457708,651,808,157,4,5,5,2,5,779,124,190
809,21,21,735,735,0,14,14,615,615,0,0.0005446066918547262,0.0005446066918547262,715,715,0,-1,4,4,3,7,823,389,908
810,34,136,770,939,169,36,36,725,725,0,0.0006126825283365669,0.0006807583648184077,727,743,16,4,3,3,5,6,605,275,492
811,17,119,676,946,270,16,16,556,556,0,0.00030634126416828345,0.0006126825283365669,633,734,101,4,4,4,4,6,660,494,507
812,27,129,712,923,211,30,30,566,566,0,0.0002042275094455223,0.0002382654276864427,562,583,21,4,4,4,7,6,413,229,274
813,116,218,902,955,53,102,102,799,799,0,0.001497668402600497,0.0015657442390823377,850,856,6,4,3,3,12,22,212,116,879
814,0,206,1,961,960,0,30,1,538,537,0.0,0.0002382654276864427,1,602,601,3,-1,4,7,0,714,843,827
815,0,101,1,921,920,0,5,1,332,331,0.0,6.807583648184077e-05,1,452,451,5,-1,6,5,1,612,874,481
816,0,0,1,1,0,0,0,1,1,0,0.0,0.0,1,1,0,-1,-1,-1,4,0,344,728,702
817,93,195,929,976,47,22,22,792,792,0,0.0030974505599237552,0.003165526396405596,925,928,3,4,3,3,2,18,937,141,442
818,15,116,688,946,258,8,8,508,508,0,0.00034037918240920387,0.00034037918240920387,662,662,0,5,4,4,2,5,776,487,518
819,2,208,371,976,605,4,14,371,573,202,0.0,0.0009530617107457708,1,809,808,3,5,4,3,2,729,764,327
820,16,118,519,879,360,82,82,614,614,0,0.00017018959120460194,0.0002723033459273631,524,587,63,4,3,3,16,1,132,891,677
821,2,208,345,938,593,20,49,345,427,82,0.0,0.00034037918240920387,1,631,630,3,5,4,19,3,14,181,475
822,0,616,1,992,991,0,146,1,689,688,0.0,0.004356853534837809,1,948,947,2,-1,3,22,0,33,824,51
823,13,13,625,625,0,20,20,625,625,0,0.0004084550188910446,0.0004084550188910446,677,677,0,-1,4,4,4,4,635,479,951
824,0,206,1,969,968,0,13,1,466,465,0.0,0.0010211375472276116,1,807,806,3,-1,4,5,0,662,668,269
825,0,206,1,965,964,0,18,1,492,491,0.0,0.0008509479560230097,1,794,793,3,-1,4,5,0,474,702,183
826,6,108,509,950,441,14,14,638,638,0,0.0002382654276864427,0.0005786446100956465,616,729,113,4,4,4,3,1,911,394,211
827,6,212,404,958,554,32,36,481,498,17,0.00013615167296368154,0.0002042275094455223,511,565,54,3,4,4,10,1,75,527,526
828,0,0,1,1,0,0,0,1,1,0,0.0,0.0,1,1,0,-1,-1,-1,10,0,272,699,726
829,3,3,395,395,0,18,18,405,405,0,0.0,0.0,1,1,0,-1,5,5,9,5,213,225,426
830,0,102,1,901,900,0,16,1,418,417,0.0,0.0004765308553728854,1,698,697,4,-1,5,8,0,137,876,184
831,0,101,1,934,933,0,2,1,332,331,0.0,0.0,1,1,0,5,-1,6,2,2,904,431,623
832,6,108,425,908,483,15,15,410,410,0,0.0,0.0,1,1,0,4,4,4,8,3,454,748,763
833,2,208,350,955,605,18,27,394,451,57,6.807583648184077e-05,0.0004084550188910446,440,674,234,3,5,4,10,1,82,807,312
834,32,134,643,894,251,118,118,619,619,0,0.0002042275094455223,0.0002382654276864427,549,587,38,4,3,3,23,2,4,586,572
835,30,236,715,968,253,50,54,674,695,21,0.00030634126416828345,0.0004084550188910446,627,674,47,3,3,3,8,5,380,252,443
836,0,206,1,959,958,0,32,1,509,508,0.0,0.0004084550188910446,1,670,669,3,-1,4,8,0,244,502,268
837,2,618,360,997,637,7,23,383,659,276,0.0,0.003812246842983083,1,941,940,2,5,3,5,2,908,560,166
838,0,206,1,944,943,0,62,1,554,553,0.0,0.0006467204465774873,1,729,728,3,-1,4,13,1,115,529,630
839,18,224,647,971,324,32,32,624,624,0,0.0002723033459273631,0.00088498587426393,621,785,164,3,4,4,6,4,341,233,559
840,68,170,865,957,92,38,38,823,823,0,0.0017018959120460194,0.0017359338302869397,873,873,0,4,3,3,3,13,613,255,380
841,16,118,602,923,321,48,48,767,767,0,0.00013615167296368154,0.000442492937131965,528,687,159,4,3,3,6,1,352,394,479
842,1,207,333,973,640,5,14,333,495,162,0.0,0.0006807583648184077,1,756,755,3,6,4,5,4,435,595,155
843,22,124,721,941,220,20,20,618,618,0,0.0005786446100956465,0.0006126825283365669,736,743,7,4,4,4,4,10,617,296,334
844,0,206,1,949,948,0,26,1,396,395,0.0,0.00017018959120460194,1,535,534,3,-1,4,12,0,239,445,391
845,16,16,602,602,0,52,52,752,752,0,0.0007828721195411688,0.0007828721195411688,775,775,0,-1,3,3,7,2,335,482,917
846,222,222,963,963,0,134,134,949,949,0,0.004663194799006093,0.004663194799006093,951,951,0,-1,3,3,9,27,319,25,852
847,0,0,1,1,0,0,0,1,1,0,0.0,0.0,1,1,0,-1,-1,-1,7,0,439,772,502
848,44,250,787,969,182,62,70,835,870,35,0.0013955546478777359,0.003199564314646516,838,927,89,3,2,2,6,4,432,230,95
849,28,28,668,668,0,56,56,581,581,0,0.0005105687736138058,0.0005105687736138058,693,693,0,-1,3,3,11,6,162,392,969
850,0,102,1,917,916,0,7,1,376,375,0.0,0.00013615167296368154,1,520,519,4,-1,5,5,0,616,980,447
851,19,121,672,935,263,22,22,642,642,0,0.000442492937131965,0.0006807583648184077,688,753,65,4,3,3,4,4,384,617,524
852,12,113,526,907,381,34,34,529,529,0,0.00013615167296368154,0.00013615167296368154,505,505,0,6,4,4,9,3,330,829,603
853,18,18,718,718,0,22,22,800,800,0,0.0009530617107457708,0.0009530617107457708,815,815,0,-1,3,3,2,2,976,473,643
854,236,236,996,996,0,22,22,946,946,0,0.013002484768031588,0.013002484768031588,987,987,0,-1,3,3,2,98,944,23,875
855,0,0,1,1,0,0,0,1,1,0,0.0,0.0,1,1,0,-1,-1,-1,11,0,261,818,884
856,0,0,1,1,0,0,0,1,1,0,0.0,0.0,1,1,0,-1,-1,-1,6,0,498,793,918
857,9,215,586,976,390,9,14,495,637,142,3.4037918240920386e-05,0.0016678579938050988,407,883,476,3,4,4,3,3,899,580,15
858,2,103,359,926,567,8,8,414,414,0,0.0,0.0,1,1,0,5,5,5,4,1,652,935,596
859,1,1,333,333,0,4,4,333,333,0,0.0,0.0,1,1,0,-1,6,6,4,2,553,663,841
860,15,117,569,906,337,48,48,637,637,0,0.0004765308553728854,0.0004765308553728854,712,712,0,4,4,4,8,4,434,645,563
861,109,210,944,978,34,22,22,805,805,0,0.0032336022328874367,0.0032336022328874367,935,935,0,5,3,3,2,32,939,26,606
862,0,0,1,1,0,0,0,1,1,0,0.0,0.0,1,1,0,-1,-1,-1,2,1,878,895,502
863,0,0,1,1,0,0,0,1,1,0,0.0,0.0,1,1,0,-1,-1,-1,2,0,910,669,930
864,319,421,988,996,8,48,48,953,953,0,0.00881582082439838,0.009054086252084823,977,979,2,4,3,3,3,75,590,24,350
865,1,103,332,918,586,2,3,332,361,29,0.0,0.0002382654276864427,1,599,598,4,6,5,2,1,859,140,691
866,0,206,1,950,949,0,25,1,409,408,0.0,0.00034037918240920387,1,648,647,3,-1,4,13,0,228,979,188
867,6,6,415,415,0,24,24,511,511,0,0.00013615167296368154,0.00013615167296368154,501,501,0,-1,4,4,6,2,514,691,455
868,0,206,1,958,957,0,27,1,452,451,0.0,0.00034037918240920387,1,635,634,3,-1,4,10,1,409,874,160
869,35,137,787,939,152,34,34,752,752,0,0.0011913271384322134,0.0012934408931549745,833,846,13,4,3,3,4,11,512,118,223
870,0,0,1,1,0,0,0,1,1,0,0.0,0.0,1,1,0,-1,-1,-1,2,0,846,819,803
871,432,1048,982,999,17,288,288,987,987,0,0.006909697402906838,0.011675005956635693,965,985,20,2,2,2,16,50,72,33,5
872,0,0,1,1,0,0,0,1,1,0,0.0,0.0,1,1,0,-1,-1,-1,8,0,309,969,746
873,10,216,604,976,372,12,12,588,588,0,0.0006807583648184077,0.0026889955410327104,760,922,162,3,4,4,2,4,598,312,112
874,98,200,901,968,67,56,56,816,816,0,0.0016338200755641784,0.0017018959120460194,856,861,5,4,3,3,6,20,515,71,631
875,0,0,1,1,0,0,0,1,1,0,0.0,0.0,1,1,0,-1,-1,-1,4,0,403,992,776
876,5,211,461,979,518,6,18,449,732,283,0.0002042275094455223,0.0033357159876101976,584,938,354,3,5,4,3,3,879,301,56
877,0,206,1,979,978,0,9,1,509,508,0.0,0.0002382654276864427,1,601,600,3,-1,4,3,0,953,445,252
878,6,108,436,916,480,20,20,554,554,0,6.807583648184077e-05,0.0004765308553728854,447,693,246,4,4,4,4,1,717,891,516
879,48,150,833,949,116,40,40,772,772,0,0.0010892133837094523,0.0010892133837094523,825,825,0,4,3,3,5,10,386,405,599
880,0,616,1,994,993,0,24,1,575,574,0.0,0.002484768031587188,1,906,905,2,-1,3,5,0,546,925,193
881,18,18,685,685,0,16,16,563,563,0,0.0004084550188910446,0.0004084550188910446,682,682,0,-1,4,4,4,8,633,521,968
882,158,774,945,997,52,116,126,881,903,22,0.002723033459273631,0.004050512270669526,915,948,33,2,2,2,11,27,176,61,397
883,64,270,823,972,149,110,110,844,844,0,0.0014636304843595766,0.0018720855032506212,844,880,36,3,3,3,10,10,114,227,246
884,0,0,1,1,0,0,0,1,1,0,0.0,0.0,1,1,0,-1,-1,-1,21,0,54,733,367
885,4,4,419,419,0,10,10,419,419,0,0.00010211375472276115,0.00010211375472276115,473,473,0,-1,5,5,5,2,396,383,784
886,720,822,999,999,0,128,128,995,995,0,0.01834643793185609,0.01933353756084278,993,993,0,4,2,2,5,130,534,3,157
887,12,12,597,597,0,16,16,540,540,0,0.0002382654276864427,0.0002382654276864427,593,593,0,-1,4,4,4,2,735,700,433
888,1,103,332,940,608,3,4,332,370,38,3.4037918240920386e-05,0.0002042275094455223,402,568,166,4,6,5,3,3,903,484,617
889,0,102,1,879,878,0,22,1,376,375,0.0,0.00013615167296368154,1,501,500,4,-1,5,15,0,65,888,566
890,24,126,765,956,191,22,22,820,820,0,0.0011232513019503727,0.0018720855032506212,820,886,66,4,3,3,2,3,977,642,224
891,16,118,611,933,322,44,44,806,806,0,0.00034037918240920387,0.0008169100377820892,638,770,132,4,3,3,4,1,822,797,284
892,0,101,1,974,973,0,2,1,330,329,0.0,0.00017018959120460194,1,554,553,5,-1,6,2,2,944,709,619
893,0,206,1,947,946,0,41,1,464,463,0.0,0.000442492937131965,1,678,677,3,-1,4,15,0,45,898,136
894,0,616,1,994,993,0,40,1,742,741,0.0,0.010960209673576363,1,985,984,2,-1,3,5,0,537,502,2
895,0,0,1,1,0,0,0,1,1,0,0.0,0.0,1,1,0,-1,-1,-1,5,0,724,848,706
896,0,206,1,971,970,0,18,1,629,628,0.0,0.0030634126416828346,1,923,922,3,-1,4,3,0,780,796,142
897,111,317,935,984,49,28,28,769,769,0,0.0024166921951053475,0.003642057251778481,903,935,32,3,3,3,3,27,829,61,64
898,66,66,854,854,0,80,80,909,909,0,0.0017359338302869397,0.0017359338302869397,871,871,0,-1,2,2,6,6,356,136,758
899,18,119,734,955,221,12,12,623,623,0,0.00030634126416828345,0.000442492937131965,648,695,47,5,4,4,2,8,928,132,346
900,0,0,1,1,0,0,0,1,1,0,0.0,0.0,1,1,0,-1,-1,-1,19,0,48,946,802
901,2,2,349,349,0,8,8,371,371,0,0.0,0.0,1,1,0,-1,5,5,6,1,341,717,673
902,0,0,1,1,0,0,0,1,1,0,0.0,0.0,1,1,0,-1,-1,-1,2,0,998,825,868
903,6,108,419,906,487,34,34,565,565,0,0.00010211375472276115,0.00017018959120460194,482,533,51,4,4,4,7,1,450,609,339
904,0,206,1,977,976,0,10,1,507,506,0.0,0.000442492937131965,1,685,684,3,-1,4,3,0,288,349,535
905,6,107,523,955,432,12,12,681,681,0,6.807583648184077e-05,6.807583648184077e-05,447,447,0,5,4,4,2,2,830,719,506
906,22,638,697,997,300,36,46,735,826,91,0.0008509479560230097,0.00445896728956057,792,949,157,2,3,3,5,2,363,473,294
907,0,102,1,937,936,0,3,1,374,373,0.0,0.00030634126416828345,1,641,640,4,-1,5,2,0,907,757,115
908,0,0,1,1,0,0,0,1,1,0,0.0,0.0,1,1,0,-1,-1,-1,5,3,284,746,968
909,1,1,333,333,0,5,5,333,333,0,0.0,0.0,1,1,0,-1,6,6,5,1,557,621,877
910,66,682,879,999,120,32,32,883,883,0,0.0015657442390823377,0.01664454201981007,867,995,128,2,3,3,2,13,828,255,2
911,26,128,811,966,155,14,14,676,676,0,0.0011232513019503727,0.0014295925661186562,836,861,25,4,4,4,3,11,875,83,414
912,0,101,1,958,957,0,2,1,331,330,0.0,0.0,1,1,0,5,-1,6,2,0,963,429,434
913,1,207,332,972,640,4,12,332,493,161,0.0,0.0007488342013002485,1,771,770,3,9,4,4,1,511,647,82
914,4,105,428,921,493,7,7,396,396,0,6.807583648184077e-05,6.807583648184077e-05,458,458,0,7,5,5,4,2,504,602,469
915,15,117,614,929,315,24,24,656,656,0,0.0005105687736138058,0.0009190237925048504,717,806,89,4,4,4,4,5,921,591,211
916,6,108,444,927,483,18,18,662,662,0,0.0002723033459273631,0.00037441710065012424,614,665,51,4,4,4,3,1,620,840,555
917,100,100,884,884,0,100,100,926,926,0,0.03516116954287076,0.0352292453793526,999,999,0,3,1,1,7,85,714,0,259
918,0,206,1,972,971,0,9,1,463,462,0.0,0.000442492937131965,1,692,691,3,-1,4,3,0,864,960,309
919,0,102,1,874,873,0,24,1,360,359,0.0,0.0002042275094455223,1,565,564,4,-1,5,19,0,14,943,648
920,9,215,624,984,360,8,12,555,685,130,0.00017018959120460194,0.0012253650566731338,564,842,278,3,4,4,2,3,991,508,396
921,0,102,1,960,959,0,4,1,438,437,0.0,0.0002382654276864427,1,606,605,4,-1,5,2,0,997,665,318
922,0,206,1,952,951,0,24,1,426,425,0.0,0.00013615167296368154,1,523,522,3,-1,4,10,0,152,966,286
923,0,101,1,893,892,0,8,1,332,331,0.0,0.0,1,1,0,6,-1,7,8,1,380,779,671
924,24,24,592,592,0,144,144,687,687,0,0.00034037918240920387,0.00034037918240920387,637,637,0,-1,3,3,24,4,28,450,330
925,5,107,501,957,456,4,4,387,387,0,6.807583648184077e-05,0.00013615167296368154,456,525,69,4,5,5,3,4,918,581,231
926,25,127,775,961,186,22,22,837,837,0,0.0005446066918547262,0.0006807583648184077,729,765,36,4,3,3,2,7,979,371,160
927,23,125,717,932,215,14,14,558,558,0,0.0004084550188910446,0.0005786446100956465,675,741,66,4,4,4,3,9,726,198,424
928,6,107,398,891,493,30,30,458,458,0,0.00013615167296368154,0.00013615167296368154,508,508,0,5,4,4,12,1,375,334,331
929,0,102,1,970,969,0,3,1,424,423,0.0,0.000442492937131965,1,711,710,4,-1,5,2,0,920,900,343
930,24,126,598,887,289,98,98,558,558,0,0.0002042275094455223,0.0002723033459273631,563,603,40,4,3,3,20,3,5,458,761
931,0,0,1,1,0,0,0,1,1,0,0.0,0.0,1,1,0,-1,-1,-1,8,0,434,821,740
932,0,101,1,938,937,0,2,1,330,329,0.0,0.0,1,1,0,5,-1,6,2,0,713,936,558
933,2,2,347,347,0,38,38,394,394,0,0.0,0.0,1,1,0,-1,5,5,21,1,13,552,825
934,34,240,651,943,292,154,154,706,706,0,0.0002042275094455223,0.000442492937131965,552,671,119,3,3,3,24,6,28,379,510
935,6,6,537,537,0,4,4,455,455,0,0.00010211375472276115,0.00010211375472276115,492,492,0,-1,5,5,2,3,481,353,673
936,0,101,1,925,924,0,3,1,332,331,0.0,0.0,1,1,0,5,-1,6,3,2,484,684,896
937,16,222,570,963,393,96,96,851,851,0,0.000442492937131965,0.001940161339732462,679,871,192,3,3,3,10,1,241,168,63
938,6,107,553,968,415,3,3,397,397,0,0.00013615167296368154,0.00013615167296368154,528,528,0,6,5,5,2,4,933,380,761
939,0,206,1,938,937,0,70,1,498,497,0.0,0.00088498587426393,1,776,775,3,-1,4,19,1,89,650,193
940,100,100,892,892,0,100,100,925,925,0,0.020831205963443275,0.020831205963443275,993,993,0,-1,1,1,7,1,320,140,856
941,0,0,1,1,0,0,0,1,1,0,0.0,0.0,1,1,0,-1,-1,-1,9,0,263,716,927
942,147,763,936,997,61,106,106,962,962,0,0.0034037918240920387,0.00888389666088022,930,973,43,2,2,2,7,21,413,123,9
943,2,2,377,377,0,3,3,379,379,0,0.0,0.0,1,1,0,-1,5,5,2,2,986,495,926
944,12,114,493,887,394,36,36,461,461,0,0.00034037918240920387,0.0004084550188910446,636,663,27,4,4,4,14,2,108,523,444
945,0,0,1,1,0,0,0,1,1,0,0.0,0.0,1,1,0,-1,-1,-1,14,0,268,801,709
946,98,200,946,980,34,56,56,994,994,0,0.006943735321147759,0.007794683277170768,972,976,4,4,2,2,2,19,806,135,146
947,0,206,1,954,953,0,30,1,438,437,0.0,3.4037918240920386e-05,1,404,403,3,-1,4,12,0,226,887,191
948,40,141,840,966,126,38,38,929,929,0,0.0021784267674189047,0.002212464685659825,899,901,2,5,3,3,3,6,523,234,476
949,0,102,1,949,948,0,5,1,414,413,0.0,0.00010211375472276115,1,487,486,4,-1,5,3,0,569,802,617
950,47,253,853,984,131,28,28,844,844,0,0.0009870996289866913,0.002552843868069029,813,909,96,3,3,3,3,11,871,83,135
951,0,206,1,985,984,0,8,1,590,589,0.0,0.0011232513019503727,1,839,838,3,-1,4,2,0,968,674,79
952,0,102,1,964,963,0,5,1,454,453,0.0,0.00030634126416828345,1,644,643,4,-1,5,3,0,812,938,293
953,0,206,1,962,961,0,38,1,549,548,0.0,0.0010892133837094523,1,812,811,3,-1,4,9,0,394,992,163
954,40,40,733,733,0,122,122,834,834,0,0.0008169100377820892,0.0008169100377820892,775,775,0,-1,2,2,12,1,52,404,649
955,2,103,378,938,560,6,6,453,453,0,3.4037918240920386e-05,3.4037918240920386e-05,407,407,0,6,5,5,3,3,871,410,788
956,113,215,952,977,25,22,22,820,820,0,0.003710133088260322,0.004016474352428605,945,948,3,4,3,3,2,29,896,17,150
957,181,797,964,999,35,54,54,910,910,0,0.003914360597705844,0.015146873617209572,939,993,54,2,3,3,4,38,740,111,11
958,0,101,1,915,914,0,4,1,331,330,0.0,0.0,1,1,0,8,-1,9,4,0,444,872,647
959,26,26,748,748,0,18,18,673,673,0,0.0007488342013002485,0.0007488342013002485,776,776,0,-1,4,4,3,8,901,204,892
960,300,401,991,996,5,22,22,840,840,0,0.010619830491167161,0.01058579257292624,983,983,0,5,3,3,2,85,998,0,680
961,7,7,531,531,0,10,10,444,444,0,3.4037918240920386e-05,3.4037918240920386e-05,402,402,0,-1,5,5,5,4,435,444,462
962,20,122,723,943,220,24,24,778,778,0,0.0005786446100956465,0.0007488342013002485,730,768,38,4,3,3,3,6,745,247,286
963,2,618,373,999,626,4,22,403,804,401,0.0,0.013444977705163553,1,992,991,2,5,3,2,1,924,837,2
964,0,102,1,881,880,0,14,1,360,359,0.0,3.4037918240920386e-05,1,396,395,4,-1,5,12,0,292,445,496
965,116,322,886,974,88,172,172,897,897,0,0.0013274788113958951,0.0016678579938050988,841,861,20,3,3,3,16,15,134,206,145
966,90,90,964,964,0,32,32,973,973,0,0.004288777698355968,0.004288777698355968,947,947,0,-1,3,3,2,30,884,39,950
967,2,208,353,950,597,16,32,383,486,103,3.4037918240920386e-05,0.00013615167296368154,397,509,112,3,5,4,10,1,310,503,202
968,0,206,1,943,942,0,51,1,466,465,0.0,0.00017018959120460194,1,537,536,3,-1,4,16,0,42,620,667
969,0,206,1,966,965,0,11,1,390,389,0.0,0.00013615167296368154,1,499,498,3,-1,4,6,0,514,932,321
970,95,197,913,970,57,50,50,860,860,0,0.002212464685659825,0.002280540522141666,900,902,2,4,3,3,5,18,517,82,481
971,7,7,472,472,0,22,22,398,398,0,0.0,0.0,1,1,0,-1,4,4,12,3,184,563,949
972,118,118,933,933,0,60,60,896,896,0,0.002757071377514551,0.002757071377514551,920,920,0,-1,3,3,5,15,691,153,511
973,119,119,911,911,0,70,70,902,902,0,0.002212464685659825,0.002212464685659825,898,898,0,-1,3,3,5,20,496,71,436
974,183,284,945,973,28,142,142,898,898,0,0.00353994349705572,0.00353994349705572,936,936,0,5,3,3,12,30,187,39,374
975,22,124,665,919,254,36,36,619,619,0,0.00034037918240920387,0.00037441710065012424,642,658,16,4,3,3,7,2,525,465,319
976,48,150,795,930,135,86,86,762,762,0,0.0018720855032506212,0.0019741992579733825,871,882,11,4,2,2,10,4,149,501,567
977,14,116,497,882,385,57,57,481,481,0,0.00013615167296368154,0.00017018959120460194,507,534,27,4,4,4,19,4,36,332,225
978,43,249,819,976,157,24,24,690,690,0,0.0011232513019503727,0.002110350930937064,821,891,70,3,4,4,4,14,403,139,79
979,6,108,387,878,491,29,31,407,414,7,0.00013615167296368154,0.00017018959120460194,504,535,31,4,4,4,14,2,203,654,353
980,12,12,634,634,0,10,10,524,524,0,0.0002382654276864427,0.0002382654276864427,591,591,0,-1,4,4,3,2,523,579,778
981,12,113,562,915,353,20,20,501,501,0,6.807583648184077e-05,0.00010211375472276115,444,480,36,5,4,4,6,2,353,791,788
982,3,104,497,970,473,3,3,416,416,0,0.00013615167296368154,0.00013615167296368154,529,529,0,5,5,5,2,3,884,505,364
983,6,6,434,434,0,14,14,431,431,0,0.00013615167296368154,0.00013615167296368154,514,514,0,-1,4,4,7,1,336,899,732
984,83,289,888,979,91,34,34,797,797,0,0.0015317063208414173,0.002212464685659825,870,899,29,3,3,3,4,15,401,53,482
985,0,102,1,891,890,0,9,1,355,354,0.0,0.0,1,1,0,4,-1,5,8,0,223,995,692
986,0,0,1,1,0,0,0,1,1,0,0.0,0.0,1,1,0,-1,-1,-1,4,0,675,254,948
987,21,21,724,724,0,18,18,652,652,0,0.0006126825283365669,0.0006126825283365669,754,754,0,-1,4,4,3,6,729,295,948
988,14,14,608,608,0,26,26,633,633,0,0.0006467204465774873,0.0006467204465774873,745,745,0,-1,4,4,5,4,524,479,650
989,8,110,526,924,398,26,26,612,612,0,0.0002042275094455223,0.0006807583648184077,556,758,202,4,4,4,5,4,386,346,184
990,1,1,332,332,0,2,2,332,332,0,0.0,0.0,1,1,0,-1,8,8,2,1,995,857,949
991,6,6,409,409,0,30,30,500,500,0,0.0002042275094455223,0.0002042275094455223,563,563,0,-1,4,4,9,2,202,648,933
992,38,140,766,928,162,36,36,660,660,0,0.0007147962830593281,0.0007828721195411688,744,760,16,4,4,4,6,9,473,154,285
993,6,6,433,433,0,18,18,529,529,0,0.00013615167296368154,0.00013615167296368154,516,516,0,-1,4,4,5,1,284,282,880
994,0,616,1,992,991,0,46,1,514,513,0.0,0.0020422750944552232,1,876,875,2,-1,3,12,0,52,635,619
995,16,118,590,915,325,34,34,681,681,0,0.0002723033459273631,0.00030634126416828345,608,625,17,4,3,3,4,1,410,681,711
996,132,132,900,900,0,186,186,892,892,0,0.002382654276864427,0.002382654276864427,903,903,0,-1,3,3,16,18,53,55,943
997,0,0,1,1,0,0,0,1,1,0,0.0,0.0,1,1,0,-1,-1,-1,15,2,138,462,502
998,0,616,1,992,991,0,79,1,519,518,0.0,0.0007147962830593281,1,751,750,2,-1,3,21,0,12,905,246
999,22,228,590,951,361,136,136,789,789,0,0.000442492937131965,0.002280540522141666,678,902,224,3,3,3,15,2,51,101,55
