,FreeNet_pre_score,FreeNet_post_score,FreeNet_pre_rank,FreeNet_post_rank,FreeNet_delta_ranks,Reversed_pre_score,Reversed_post_score,Reversed_pre_rank,Reversed_post_rank,Reversed_delta_ranks,Random_pre_score,Random_post_score,Random_pre_rank,Random_post_rank,Random_delta_ranks,dist_victim_relayer,dist_victim_vilain_pre,dist_victim_vilain_post,out_deg_victim,in_deg_villain,victim,villain,relayer
0,20,20,688,688,0,14,14,557,557,0,0.00037441710065012424,0.00037441710065012424,666,666,0,-1,4,4,3,7,620,188,988
1,0,206,1,974,973,0,10,1,472,471,0.0,0.00030634126416828345,1,632,631,3,-1,4,3,1,626,730,165
2,0,0,1,1,0,0,0,1,1,0,0.0,0.0,1,1,0,-1,-1,-1,4,0,516,943,834
3,4,4,451,451,0,4,4,416,416,0,0.0002382654276864427,0.0002382654276864427,589,589,0,-1,5,5,2,3,993,121,760
4,2,208,345,939,594,32,89,349,476,127,0.0,0.0002723033459273631,1,602,601,3,5,4,30,2,7,344,418
5,40,40,834,834,0,43,43,939,939,0,0.006433166547533953,0.006433166547533953,966,966,0,-1,2,2,3,1,583,743,752
6,31,31,857,857,0,12,12,755,755,0,0.0015657442390823377,0.0015657442390823377,881,881,0,-1,4,4,2,17,987,60,372
7,2,208,350,944,594,20,62,365,529,164,0.0,0.0012594029749140542,1,832,831,3,5,4,15,1,37,763,144
8,0,102,1,926,925,0,8,1,381,380,0.0,0.00013615167296368154,1,520,519,4,-1,5,6,0,661,538,829
9,0,0,1,1,0,0,0,1,1,0,0.0,0.0,1,1,0,-1,-1,-1,4,0,696,758,200
10,38,244,739,968,229,60,64,666,693,27,0.0005446066918547262,0.0009190237925048504,714,796,82,3,3,3,10,3,211,507,417
11,0,0,1,1,0,0,0,1,1,0,0.0,0.0,1,1,0,-1,-1,-1,16,0,42,986,960
12,2,2,369,369,0,6,6,429,429,0,0.0,0.0,1,1,0,-1,5,5,3,3,835,321,433
13,33,649,796,998,202,34,44,813,890,77,0.001157289220191293,0.011130399264780965,831,984,153,2,3,3,4,8,543,186,10
14,112,112,896,896,0,100,100,828,828,0,0.0019741992579733825,0.0019741992579733825,886,886,0,-1,3,3,10,15,125,153,993
15,2,2,352,352,0,28,28,394,394,0,3.4037918240920386e-05,3.4037918240920386e-05,399,399,0,-1,5,5,16,1,78,879,946
16,48,48,832,832,0,30,30,719,719,0,0.0006807583648184077,0.0006807583648184077,769,769,0,-1,3,3,4,10,652,413,738
17,0,206,1,974,973,0,10,1,477,476,0.0,0.00088498587426393,1,797,796,3,-1,4,3,1,829,806,163
18,0,206,1,957,956,0,22,1,416,415,0.0,0.0002042275094455223,1,567,566,3,-1,4,11,0,248,675,557
19,0,206,1,970,969,0,16,1,518,517,0.0,0.0005786446100956465,1,726,725,3,-1,4,4,0,304,838,312
20,16,16,557,557,0,56,56,660,660,0,0.00017018959120460194,0.00017018959120460194,526,526,0,-1,3,3,9,1,262,655,877
21,22,638,626,990,364,78,92,716,778,62,0.0005446066918547262,0.0024507301133462676,718,900,182,2,3,3,11,5,307,535,55
22,25,127,773,953,180,20,20,644,644,0,0.0006467204465774873,0.0008509479560230097,756,801,45,4,4,4,4,9,728,294,318
23,1,103,332,949,617,2,4,332,428,96,0.0,0.00017018959120460194,1,554,553,4,8,5,2,3,895,626,162
24,0,0,1,1,0,0,0,1,1,0,0.0,0.0,1,1,0,-1,-1,-1,8,0,225,600,792
25,551,551,987,987,0,370,370,987,987,0,0.005684332346233704,0.005684332346233704,960,960,0,-1,2,2,19,57,14,50,995
26,2,103,389,958,569,3,3,397,397,0,3.4037918240920386e-05,0.0002382654276864427,407,611,204,5,5,5,2,1,751,238,504
27,16,222,554,959,405,66,70,716,730,14,0.0002382654276864427,0.0006467204465774873,584,738,154,3,3,3,9,2,381,223,263
28,19,225,620,957,337,34,34,496,496,0,0.00030634126416828345,0.000442492937131965,636,690,54,3,4,4,11,6,229,459,410
29,0,0,1,1,0,0,0,1,1,0,0.0,0.0,1,1,0,-1,-1,-1,3,0,745,845,757
30,1,103,333,902,569,8,9,333,357,24,0.0,0.0,1,1,0,4,6,5,8,3,454,626,373
31,0,206,1,942,941,0,35,1,392,391,0.0,3.4037918240920386e-05,1,404,403,3,-1,4,19,0,36,782,628
32,40,40,800,800,0,34,34,722,722,0,0.000442492937131965,0.000442492937131965,695,695,0,-1,3,3,4,6,516,46,789
33,0,0,1,1,0,0,0,1,1,0,0.0,0.0,1,1,0,-1,-1,-1,13,0,90,674,426
34,0,0,1,1,0,0,0,1,1,0,0.0,0.0,1,1,0,-1,-1,-1,6,0,341,367,996
35,3,105,409,912,503,8,8,371,371,0,0.0,3.4037918240920386e-05,1,403,402,4,5,5,6,3,341,563,899
36,1,103,333,940,607,3,6,333,428,95,0.0,0.001055175465468532,1,822,821,4,6,5,3,2,590,656,183
37,0,101,1,921,920,0,4,1,332,331,0.0,0.0,1,1,0,9,-1,10,4,0,532,548,647
38,0,0,1,1,0,0,0,1,1,0,0.0,0.0,1,1,0,-1,-1,-1,2,0,849,699,644
39,0,0,1,1,0,0,0,1,1,0,0.0,0.0,1,1,0,-1,-1,-1,18,0,64,735,632
40,6,108,424,910,486,32,32,603,603,0,0.00030634126416828345,0.00037441710065012424,633,664,31,4,4,4,6,1,328,741,627
41,79,79,896,896,0,34,34,787,787,0,0.002314578440382586,0.002314578440382586,903,903,0,-1,3,3,4,12,648,58,641
42,8,8,502,502,0,21,21,482,482,0,0.00010211375472276115,0.00010211375472276115,484,484,0,-1,4,4,7,5,170,231,800
43,6,107,482,942,460,7,7,494,494,0,0.0002382654276864427,0.0002382654276864427,616,616,0,5,4,4,2,2,283,670,342
44,459,1075,988,1000,12,144,144,988,988,0,0.010075223799312433,0.013989584397018279,979,988,9,2,2,2,6,81,352,32,142
45,56,158,763,912,149,190,190,814,814,0,0.00088498587426393,0.0012594029749140542,771,825,54,4,2,2,22,2,22,475,399
46,0,0,1,1,0,0,0,1,1,0,0.0,0.0,1,1,0,-1,-1,-1,7,1,196,554,938
47,0,0,1,1,0,0,0,1,1,0,0.0,0.0,1,1,0,-1,-1,-1,5,0,685,698,456
48,0,101,1,951,950,0,3,1,332,331,0.0,0.00017018959120460194,1,551,550,5,-1,6,3,0,584,943,279
49,2,618,353,995,642,8,40,376,697,321,0.0,0.006126825283365669,1,968,967,2,5,3,5,1,349,639,6
50,186,186,923,923,0,214,214,859,859,0,0.0023486163586235067,0.0023486163586235067,899,899,0,-1,2,2,20,19,5,72,730
51,0,0,1,1,0,0,0,1,1,0,0.0,0.0,1,1,0,-1,-1,-1,9,0,126,979,855
52,0,101,1,900,899,0,7,1,331,330,0.0,3.4037918240920386e-05,1,399,398,5,-1,6,7,0,416,944,402
53,178,178,929,929,0,194,194,929,929,0,0.0028932230504782326,0.0028932230504782326,919,919,0,-1,3,3,14,20,133,38,706
54,16,222,658,976,318,20,24,755,763,8,0.00030634126416828345,0.0009190237925048504,628,796,168,3,3,3,3,2,912,223,4
55,0,1640,1,1000,999,0,40,1,525,524,0.0,0.008986010415602982,1,976,975,1,-1,2,11,1,271,806,789
56,0,616,1,999,998,0,22,1,791,790,0.0,0.007113924912352361,1,974,973,2,-1,3,2,0,943,996,74
57,10,10,595,595,0,10,10,491,491,0,0.0002382654276864427,0.0002382654276864427,606,606,0,-1,4,4,3,3,825,677,732
58,28,130,746,939,193,40,40,778,778,0,0.0005446066918547262,0.0006807583648184077,712,748,36,4,3,3,5,7,644,170,132
59,36,242,757,972,215,52,52,760,760,0,0.0005786446100956465,0.0010211375472276116,714,798,84,3,3,3,7,9,207,145,312
60,22,124,676,921,245,36,36,701,701,0,0.00017018959120460194,0.0005786446100956465,545,717,172,4,3,3,5,2,377,453,535
61,12,114,541,914,373,32,32,535,535,0,0.00034037918240920387,0.0005446066918547262,633,713,80,4,4,4,8,2,302,473,350
62,8,214,528,969,441,10,10,454,454,0,0.0002382654276864427,0.00034037918240920387,599,649,50,3,4,4,3,3,613,646,508
63,25,25,686,686,0,50,50,774,774,0,0.0004765308553728854,0.0004765308553728854,695,695,0,-1,3,3,5,5,496,510,702
64,164,370,930,977,47,152,152,923,923,0,0.0026549576227917903,0.0028932230504782326,911,919,8,3,3,3,12,20,62,38,332
65,0,206,1,968,967,0,24,1,567,566,0.0,0.0018040096667687805,1,866,865,3,-1,4,6,1,664,874,68
66,0,102,1,873,872,0,22,1,369,368,0.0,6.807583648184077e-05,1,441,440,4,-1,5,17,0,39,769,214
67,76,282,885,981,96,62,62,960,960,0,0.004493005207801491,0.004629156880765172,953,955,2,3,2,2,3,11,636,193,681
68,0,0,1,1,0,0,0,1,1,0,0.0,0.0,1,1,0,-1,-1,-1,9,0,245,989,604
69,8,214,501,962,461,12,24,411,531,120,0.00030634126416828345,0.003880322679464924,634,942,308,3,5,4,6,5,393,562,21
70,2,2,352,352,0,24,24,386,386,0,0.00010211375472276115,0.00010211375472276115,481,481,0,-1,5,5,15,1,40,931,945
71,178,178,937,937,0,176,176,890,890,0,0.0030974505599237552,0.0030974505599237552,929,929,0,-1,3,3,16,26,60,112,898
72,6,6,465,465,0,20,20,649,649,0,0.0004765308553728854,0.0004765308553728854,702,702,0,-1,4,4,4,1,573,404,767
73,0,616,1,990,989,0,47,1,447,446,0.0,0.0002382654276864427,1,586,585,2,-1,3,18,0,86,858,339
74,12,218,562,965,403,32,36,626,665,39,0.00013615167296368154,0.0014636304843595766,503,848,345,3,4,4,6,2,353,468,61
75,0,206,1,979,978,0,14,1,626,625,0.0,0.0006467204465774873,1,754,753,3,-1,4,3,0,856,200,418
76,0,101,1,927,926,0,5,1,330,329,0.0,6.807583648184077e-05,1,459,458,5,-1,6,5,0,744,643,244
77,21,123,754,952,198,12,12,631,631,0,0.0007147962830593281,0.0009530617107457708,766,817,51,4,4,4,2,6,776,295,249
78,2,2,355,355,0,12,12,393,393,0,0.0,0.0,1,1,0,-1,5,5,7,2,714,885,986
79,2,618,353,991,638,21,72,364,529,165,3.4037918240920386e-05,0.0007147962830593281,406,743,337,2,5,3,18,2,111,292,264
80,44,146,745,916,171,114,114,807,807,0,0.0004765308553728854,0.0005446066918547262,691,713,22,4,3,3,13,4,120,328,341
81,0,101,1,929,928,0,4,1,331,330,0.0,3.4037918240920386e-05,1,395,394,6,-1,7,4,1,458,852,736
82,46,46,803,803,0,36,36,643,643,0,0.00088498587426393,0.00088498587426393,793,793,0,-1,4,4,6,12,560,67,783
83,0,101,1,896,895,0,11,1,328,327,0.0,0.0,1,1,0,5,-1,6,11,0,271,813,540
84,2,208,371,973,602,5,10,394,516,122,0.0,0.00030634126416828345,1,645,644,3,5,4,3,1,683,416,107
85,16,632,591,994,403,44,54,683,768,85,0.0007488342013002485,0.00439089145307873,767,953,186,2,3,3,7,1,413,80,48
86,37,653,836,1000,164,22,32,826,913,87,0.0016678579938050988,0.0051397256543789785,870,953,83,2,3,3,2,15,820,137,269
87,56,262,751,955,204,156,156,721,721,0,0.00034037918240920387,0.0005446066918547262,621,700,79,3,3,3,23,8,57,132,339
88,6,108,446,920,474,24,24,550,550,0,0.00017018959120460194,0.0004084550188910446,542,681,139,4,4,4,6,2,465,719,795
89,2,208,366,973,607,4,8,366,473,107,6.807583648184077e-05,0.00030634126416828345,446,630,184,3,5,4,3,1,791,807,347
90,17,17,581,581,0,40,40,442,442,0,0.00010211375472276115,0.00010211375472276115,479,479,0,-1,4,4,14,5,127,274,821
91,16,222,565,958,393,48,48,598,598,0,0.00034037918240920387,0.0004765308553728854,645,692,47,3,3,3,9,2,327,785,380
92,0,102,1,927,926,0,5,1,383,382,0.0,3.4037918240920386e-05,1,401,400,4,-1,5,3,0,626,816,152
93,58,160,841,947,106,48,48,783,783,0,0.0011913271384322134,0.0013274788113958951,825,835,10,4,3,3,6,6,402,658,527
94,32,32,824,824,0,22,22,826,826,0,0.0012253650566731338,0.0012253650566731338,839,839,0,-1,3,3,2,8,851,497,356
95,2,208,364,978,614,5,14,392,606,214,0.0,0.003948398515946765,1,942,941,3,5,4,3,1,676,606,21
96,80,181,888,968,80,60,60,911,911,0,0.002280540522141666,0.002280540522141666,897,897,0,5,3,3,5,15,421,206,771
97,42,42,931,931,0,8,8,753,753,0,0.0026889955410327104,0.0026889955410327104,927,927,0,-1,4,4,2,27,955,69,624
98,0,102,1,908,907,0,5,1,356,355,0.0,0.0,1,1,0,4,-1,5,4,0,509,956,549
99,116,322,889,974,85,134,134,827,827,0,0.002825147213996392,0.0033357159876101976,917,925,8,3,2,2,14,15,108,138,172
100,18,18,699,699,0,12,12,616,616,0,0.00037441710065012424,0.00037441710065012424,666,666,0,-1,4,4,2,3,937,318,457
101,180,180,973,973,0,32,32,926,926,0,0.007182000748834201,0.007182000748834201,974,974,0,-1,3,3,2,31,986,34,423
102,6,108,440,920,480,8,8,446,446,0,0.00010211375472276115,0.0002723033459273631,485,616,131,4,4,4,2,1,859,799,247
103,0,0,1,1,0,0,0,1,1,0,0.0,0.0,1,1,0,-1,-1,-1,8,0,131,819,952
104,66,272,812,967,155,170,170,875,875,0,0.0010211375472276116,0.0016678579938050988,806,857,51,3,3,3,15,7,37,150,377
105,83,289,907,984,77,28,28,816,816,0,0.001599782157323258,0.002280540522141666,872,904,32,3,3,3,3,17,615,79,218
106,4,620,473,1000,527,4,22,437,859,422,0.0002382654276864427,0.010143299635794275,606,983,377,2,5,3,2,3,965,795,141
107,0,206,1,974,973,0,12,1,501,500,0.0,0.0012594029749140542,1,838,837,3,-1,4,4,1,891,789,103
108,4,4,430,430,0,8,8,414,414,0,0.0,0.0,1,1,0,-1,5,5,4,3,758,598,614
109,225,326,973,983,10,78,78,976,976,0,0.005684332346233704,0.0057524081827155455,965,965,0,5,2,2,4,27,544,25,755
110,0,0,1,1,0,0,0,1,1,0,0.0,0.0,1,1,0,-1,-1,-1,3,0,613,887,713
111,0,206,1,971,970,0,14,1,467,466,0.0,0.001599782157323258,1,870,869,3,-1,4,5,0,314,733,94
112,0,101,1,895,894,0,8,1,331,330,0.0,0.0,1,1,0,5,-1,6,8,0,142,201,763
113,62,678,821,995,174,160,170,936,942,6,0.0024507301133462676,0.010415602981721638,909,976,67,2,2,2,11,4,76,281,24
114,0,0,1,1,0,0,0,1,1,0,0.0,0.0,1,1,0,-1,-1,-1,7,0,179,201,971
115,0,0,1,1,0,0,0,1,1,0,0.0,0.0,1,1,0,-1,-1,-1,2,1,963,428,980
116,7,109,556,939,383,14,14,592,592,0,0.00010211375472276115,0.00013615167296368154,503,543,40,4,4,4,3,2,732,383,385
117,8,109,621,968,347,3,3,397,397,0,3.4037918240920386e-05,3.4037918240920386e-05,395,395,0,5,5,5,2,5,933,310,627
118,6,6,423,423,0,16,16,457,457,0,0.00017018959120460194,0.00017018959120460194,543,543,0,-1,4,4,6,2,341,384,927
119,101,101,905,905,0,86,86,900,900,0,0.0020422750944552232,0.0020422750944552232,887,887,0,-1,2,2,7,17,214,269,976
120,325,531,996,1000,4,32,32,956,956,0,0.011606930120153852,0.01232172640321318,986,986,0,3,3,3,2,96,965,1,329
121,92,92,913,913,0,34,34,829,829,0,0.002484768031587188,0.002484768031587188,910,910,0,-1,3,3,4,20,682,43,801
122,0,0,1,1,0,0,0,1,1,0,0.0,0.0,1,1,0,-1,-1,-1,17,0,24,358,999
123,0,101,1,886,885,0,10,1,332,331,0.0,0.0,1,1,0,9,-1,10,10,0,128,644,647
124,28,130,753,946,193,50,50,868,868,0,0.0010892133837094523,0.0011913271384322134,815,820,5,4,3,3,5,3,612,382,528
125,0,102,1,946,945,0,4,1,374,373,0.0,0.0002382654276864427,1,603,602,4,-1,5,3,0,600,923,173
126,2,2,360,360,0,5,5,360,360,0,0.00010211375472276115,0.00010211375472276115,477,477,0,-1,5,5,4,1,550,592,669
127,8,109,527,922,395,20,20,579,579,0,0.00034037918240920387,0.00034037918240920387,667,667,0,5,4,4,4,2,512,700,687
128,99,201,885,958,73,82,82,880,880,0,0.0024507301133462676,0.0026889955410327104,902,909,7,4,3,3,7,18,340,63,315
129,33,239,791,976,185,20,20,621,621,0,0.0006807583648184077,0.0019741992579733825,758,892,134,3,4,4,4,9,423,375,63
130,8,8,580,580,0,10,10,537,537,0,0.0004765308553728854,0.0004765308553728854,703,703,0,-1,4,4,3,2,768,473,665
131,8,8,516,516,0,22,22,564,564,0,0.0002042275094455223,0.0002042275094455223,567,567,0,-1,4,4,5,2,290,770,737
132,403,403,986,986,0,132,132,965,965,0,0.008747744987916539,0.008747744987916539,974,974,0,-1,2,2,8,81,137,32,822
133,68,68,853,853,0,50,50,794,794,0,0.0011913271384322134,0.0011913271384322134,830,830,0,-1,3,3,5,12,408,155,372
134,1,1,332,332,0,8,8,332,332,0,0.0,0.0,1,1,0,-1,6,6,8,1,483,640,783
135,2,2,358,358,0,14,14,414,414,0,3.4037918240920386e-05,3.4037918240920386e-05,399,399,0,-1,5,5,7,2,196,597,968
136,34,240,758,973,215,30,34,664,705,41,0.0006807583648184077,0.0029612988869600733,755,918,163,3,3,3,4,6,300,377,88
137,63,63,891,891,0,22,22,806,806,0,0.0017359338302869397,0.0017359338302869397,882,882,0,-1,3,3,2,18,713,82,838
138,0,101,1,934,933,0,4,1,332,331,0.0,0.00017018959120460194,1,551,550,5,-1,6,4,0,721,751,785
139,1,207,332,978,646,2,8,332,512,180,0.0,0.0009190237925048504,1,812,811,3,6,4,2,1,757,781,352
140,0,206,1,964,963,0,20,1,479,478,0.0,0.00017018959120460194,1,545,544,3,-1,4,6,0,369,436,354
141,6,6,438,438,0,12,12,458,458,0,0.0002042275094455223,0.0002042275094455223,578,578,0,-1,4,4,4,2,444,532,565
142,2,104,356,920,564,5,8,356,407,51,0.0,0.00030634126416828345,1,637,636,4,5,5,4,2,445,656,176
143,36,36,768,768,0,30,30,664,664,0,0.00034037918240920387,0.00034037918240920387,648,648,0,-1,3,3,4,7,300,134,699
144,28,234,605,948,343,94,102,527,569,42,0.0002042275094455223,0.0006126825283365669,553,725,172,3,3,3,22,3,18,353,266
145,22,124,644,918,274,44,44,603,603,0,0.0006467204465774873,0.0011232513019503727,744,813,69,4,3,3,9,3,394,795,387
146,8,110,500,908,408,24,24,475,475,0,0.0002042275094455223,0.0005105687736138058,561,703,142,4,4,4,8,3,201,290,467
147,325,531,978,989,11,154,154,952,952,0,0.004493005207801491,0.004731270635487933,949,952,3,3,2,2,10,44,152,27,371
148,14,220,512,945,433,60,60,533,533,0,0.00017018959120460194,0.0002382654276864427,544,597,53,3,4,4,14,6,127,392,262
149,7,213,534,974,440,8,12,473,566,93,0.00010211375472276115,0.0013615167296368155,481,857,376,3,4,4,2,5,828,464,157
150,104,206,889,952,63,100,100,835,835,0,0.0021784267674189047,0.0021784267674189047,890,890,0,4,3,3,10,15,256,36,410
151,25,641,734,997,263,16,26,544,718,174,0.00034037918240920387,0.002757071377514551,654,914,260,2,4,3,4,10,740,262,100
152,2,2,350,350,0,11,11,365,365,0,3.4037918240920386e-05,3.4037918240920386e-05,407,407,0,-1,5,5,9,1,319,503,201
153,30,236,655,952,297,190,190,847,847,0,0.0012934408931549745,0.0016678579938050988,828,860,32,3,3,3,20,4,70,207,418
154,2,104,357,897,540,10,10,395,395,0,0.0,0.00017018959120460194,1,538,537,4,5,5,5,1,238,659,691
155,322,424,992,996,4,38,38,930,930,0,0.009428503352734947,0.009598692943939549,978,979,1,4,3,3,3,83,916,10,454
156,17,223,639,971,332,32,32,624,624,0,0.0007147962830593281,0.0010211375472276116,753,808,55,3,4,4,6,8,341,257,491
157,0,0,1,1,0,0,0,1,1,0,0.0,0.0,1,1,0,-1,-1,-1,15,0,110,973,860
158,0,206,1,971,970,0,24,1,681,680,0.0,0.0053439531638245,1,959,958,3,-1,4,4,0,458,643,18
159,0,0,1,1,0,0,0,1,1,0,0.0,0.0,1,1,0,-1,-1,-1,4,0,495,881,539
160,21,21,715,715,0,14,14,505,505,0,0.00030634126416828345,0.00030634126416828345,624,624,0,-1,4,4,5,7,557,176,997
161,0,206,1,939,938,0,44,1,452,451,0.0,0.000442492937131965,1,668,667,3,-1,4,17,0,80,801,264
162,0,206,1,969,968,0,24,1,530,529,0.0,0.0008169100377820892,1,783,782,3,-1,4,6,0,451,745,403
163,0,102,1,927,926,0,7,1,380,379,0.0,0.0002382654276864427,1,597,596,4,-1,5,5,0,574,502,262
164,0,0,1,1,0,0,0,1,1,0,0.0,0.0,1,1,0,-1,-1,-1,6,0,764,201,851
165,0,101,1,938,937,0,2,1,331,330,0.0,0.0,1,1,0,6,-1,7,2,0,705,894,721
166,19,121,633,913,280,28,28,551,551,0,0.00034037918240920387,0.0010211375472276116,638,809,171,4,4,4,6,7,514,237,273
167,34,240,815,982,167,12,12,616,616,0,0.0009530617107457708,0.002144388849177984,802,892,90,3,4,4,2,9,937,242,213
168,0,1640,1,1000,999,0,82,1,780,779,0.0,0.01320671227747711,1,984,983,1,-1,2,9,0,287,515,117
169,0,0,1,1,0,0,0,1,1,0,0.0,0.0,1,1,0,-1,-1,-1,2,0,781,963,356
170,16,16,606,606,0,34,34,674,674,0,0.00010211375472276115,0.00010211375472276115,485,485,0,-1,3,3,6,1,526,322,986
171,55,157,847,959,112,40,40,788,788,0,0.0011913271384322134,0.0015317063208414173,826,852,26,4,3,3,5,17,291,131,221
172,0,616,1,994,993,0,40,1,537,536,0.0,0.0007147962830593281,1,742,741,2,-1,3,10,0,109,832,741
173,32,32,680,680,0,84,84,660,660,0,0.00010211375472276115,0.00010211375472276115,471,471,0,-1,3,3,14,2,268,682,957
174,4,106,457,937,480,6,6,440,440,0,0.00010211375472276115,0.0002723033459273631,491,610,119,4,5,5,3,3,433,829,609
175,9,215,503,951,448,27,39,407,474,67,6.807583648184077e-05,0.0004084550188910446,448,678,230,3,4,4,14,3,47,411,268
176,299,505,972,988,16,224,224,984,984,0,0.006671431975220395,0.006841621566424997,969,971,2,3,2,2,11,27,227,88,682
177,632,734,998,999,1,88,88,986,986,0,0.017052997038701112,0.017052997038701112,993,993,0,4,2,2,4,118,559,37,785
178,0,102,1,898,897,0,9,1,361,360,0.0,0.0,1,1,0,4,-1,5,7,0,216,638,862
179,0,0,1,1,0,0,0,1,1,0,0.0,0.0,1,1,0,-1,-1,-1,6,0,399,916,787
180,6,6,425,425,0,19,19,451,451,0,6.807583648184077e-05,6.807583648184077e-05,444,444,0,-1,4,4,8,1,454,238,929
181,0,0,1,1,0,0,0,1,1,0,0.0,0.0,1,1,0,-1,-1,-1,7,1,346,747,973
182,42,658,776,993,217,54,78,721,835,114,0.0008509479560230097,0.00704584907587052,779,970,191,2,3,3,8,10,508,195,9
183,0,102,1,954,953,0,4,1,445,444,0.0,0.0006807583648184077,1,769,768,4,-1,5,2,0,806,649,147
184,6,108,522,958,436,10,10,568,568,0,0.0005105687736138058,0.0011913271384322134,709,839,130,4,4,4,3,1,875,404,192
185,266,368,983,991,8,48,48,943,943,0,0.0068075836481840775,0.006875659484665918,969,970,1,4,3,3,3,59,844,5,238
186,2,2,369,369,0,4,4,370,370,0,3.4037918240920386e-05,3.4037918240920386e-05,400,400,0,-1,5,5,3,2,636,679,698
187,6,107,440,920,480,10,10,450,450,0,0.0,0.0,1,1,0,5,4,4,3,1,808,935,430
188,335,436,987,993,6,48,48,927,927,0,0.00888389666088022,0.00888389666088022,980,980,0,6,3,3,3,75,923,24,603
189,4,620,391,993,602,20,48,385,541,156,3.4037918240920386e-05,0.0009190237925048504,402,786,384,2,5,3,12,3,194,585,490
190,0,102,1,916,915,0,7,1,375,374,0.0,0.0002042275094455223,1,570,569,4,-1,5,5,1,561,841,447
191,0,0,1,1,0,0,0,1,1,0,0.0,0.0,1,1,0,-1,-1,-1,3,0,958,831,814
192,261,261,973,973,0,164,164,970,970,0,0.005173763572619898,0.005173763572619898,962,962,0,-1,2,2,10,35,427,57,939
193,30,236,743,973,230,36,40,725,756,31,0.0009190237925048504,0.0013615167296368155,788,839,51,3,3,3,5,6,464,377,470
194,0,206,1,971,970,0,10,1,446,445,0.0,0.0002042275094455223,1,573,572,3,-1,4,5,0,612,651,840
195,165,267,974,987,13,56,56,986,986,0,0.009020048333843901,0.009054086252084823,978,978,0,4,2,2,2,27,929,88,690
196,32,133,836,970,134,28,28,872,872,0,0.0014636304843595766,0.001497668402600497,873,875,2,5,3,3,3,11,850,193,572
197,21,227,695,974,279,24,24,645,645,0,0.00088498587426393,0.001055175465468532,794,824,30,3,4,4,4,7,384,224,339
198,0,0,1,1,0,0,0,1,1,0,0.0,0.0,1,1,0,-1,-1,-1,3,0,837,868,372
199,73,175,861,957,96,66,66,872,872,0,0.001940161339732462,0.0019741992579733825,876,878,2,4,3,3,6,13,275,261,152
200,0,206,1,962,961,0,28,1,528,527,0.0,0.0017359338302869397,1,871,870,3,-1,4,8,1,440,742,43
201,1,102,333,931,598,3,3,333,333,0,3.4037918240920386e-05,0.00017018959120460194,393,539,146,5,6,6,3,2,710,357,724
202,0,0,1,1,0,0,0,1,1,0,0.0,0.0,1,1,0,-1,-1,-1,6,0,368,959,650
203,71,277,853,974,121,82,82,888,888,0,0.0010211375472276116,0.0013615167296368155,814,848,34,3,3,3,7,9,329,212,286
204,0,102,1,958,957,0,3,1,387,386,0.0,0.00017018959120460194,1,547,546,4,-1,5,2,0,982,674,417
205,0,616,1,991,990,0,60,1,524,523,0.0,0.0013274788113958951,1,832,831,2,-1,3,15,0,40,890,352
206,12,218,482,950,468,61,73,456,502,46,0.0,0.00010211375472276115,1,484,483,3,4,4,21,3,12,829,493
207,927,1133,998,1000,2,360,360,998,998,0,0.017393376221110316,0.01746145205759216,994,995,1,3,2,2,15,98,95,23,609
208,90,706,873,997,124,82,82,874,874,0,0.0021784267674189047,0.004152626025392287,893,944,51,2,3,3,7,17,450,213,104
209,18,18,633,633,0,32,32,684,684,0,0.0002723033459273631,0.0002723033459273631,619,619,0,-1,3,3,5,2,406,244,984
210,16,117,559,901,342,56,56,680,680,0,0.0004084550188910446,0.0004084550188910446,670,670,0,5,3,3,9,2,414,482,593
211,11,11,632,632,0,8,8,519,519,0,0.00010211375472276115,0.00010211375472276115,494,494,0,-1,4,4,2,4,979,380,693
212,0,0,1,1,0,0,0,1,1,0,0.0,0.0,1,1,0,-1,-1,-1,4,0,543,794,735
213,0,101,1,879,878,0,12,1,332,331,0.0,3.4037918240920386e-05,1,401,400,5,-1,6,12,1,184,529,606
214,11,113,658,964,306,8,8,552,552,0,0.00034037918240920387,0.0012594029749140542,667,844,177,4,4,4,2,6,742,379,174
215,0,0,1,1,0,0,0,1,1,0,0.0,0.0,1,1,0,-1,-1,-1,5,0,528,965,933
216,0,206,1,929,928,0,65,1,454,453,0.0,0.0006467204465774873,1,721,720,3,-1,4,24,0,28,881,345
217,1,103,333,939,606,2,3,333,370,37,6.807583648184077e-05,0.0004084550188910446,464,702,238,4,6,5,2,1,283,640,336
218,11,11,551,551,0,24,24,501,501,0,0.00030634126416828345,0.00030634126416828345,621,621,0,-1,4,4,8,4,440,315,848
219,0,0,1,1,0,0,0,1,1,0,0.0,0.0,1,1,0,-1,-1,-1,11,0,188,794,488
220,15,15,680,680,0,12,12,608,608,0,0.0006807583648184077,0.0006807583648184077,763,763,0,-1,4,4,2,5,924,591,915
221,124,226,912,957,45,100,100,838,838,0,0.0026209197045508697,0.002825147213996392,905,917,12,4,2,2,10,19,355,184,435
222,0,102,1,898,897,0,11,1,401,400,0.0,0.0004765308553728854,1,694,693,4,-1,5,6,0,630,866,467
223,0,102,1,964,963,0,4,1,451,450,0.0,0.00088498587426393,1,807,806,4,-1,5,2,0,810,989,174
224,6,108,501,944,443,4,4,404,404,0,0.0002382654276864427,0.0005446066918547262,602,725,123,4,5,5,2,4,977,625,257
225,4,104,430,923,493,7,7,398,398,0,3.4037918240920386e-05,0.0006126825283365669,407,740,333,4,5,5,4,2,545,499,138
226,80,182,876,958,82,66,66,885,885,0,0.0011232513019503727,0.001599782157323258,826,862,36,4,3,3,6,15,587,206,288
227,6,6,414,414,0,17,17,432,432,0,3.4037918240920386e-05,3.4037918240920386e-05,403,403,0,-1,4,4,7,2,472,690,633
228,32,238,738,968,230,48,48,714,714,0,0.0009530617107457708,0.0030293747234419145,793,925,132,3,3,3,7,6,400,368,123
229,2,104,372,943,571,4,4,425,425,0,3.4037918240920386e-05,0.00017018959120460194,411,562,151,4,5,5,2,1,964,756,536
230,0,101,1,912,911,0,5,1,331,330,0.0,0.0,1,1,0,5,-1,6,5,0,524,865,717
231,6,6,438,438,0,17,17,506,506,0,3.4037918240920386e-05,3.4037918240920386e-05,401,401,0,-1,4,4,5,1,311,607,789
232,16,16,612,612,0,36,36,735,735,0,0.0004765308553728854,0.0004765308553728854,695,695,0,-1,3,3,5,2,667,482,942
233,142,348,916,976,60,132,132,866,866,0,0.0019741992579733825,0.002382654276864427,881,902,21,3,3,3,12,21,116,157,217
234,0,102,1,931,930,0,7,1,412,411,0.0,0.0002382654276864427,1,597,596,4,-1,5,4,0,581,614,519
235,9,215,595,978,383,8,12,506,615,109,0.00010211375472276115,0.0020422750944552232,486,889,403,3,4,4,2,4,937,567,41
236,0,206,1,952,951,0,22,1,426,425,0.0,0.0005446066918547262,1,708,707,3,-1,4,9,3,269,753,284
237,8,110,589,960,371,8,8,550,550,0,0.00010211375472276115,0.0012934408931549745,503,847,344,4,4,4,2,2,967,579,89
238,0,0,1,1,0,0,0,1,1,0,0.0,0.0,1,1,0,-1,-1,-1,9,0,166,800,836
239,7,213,509,969,460,12,16,446,504,58,0.0,0.0002723033459273631,1,619,618,3,4,4,4,2,235,627,333
240,0,102,1,908,907,0,9,1,360,359,0.0,3.4037918240920386e-05,1,395,394,4,-1,5,8,0,323,927,653
241,140,346,916,973,57,154,154,844,844,0,0.0019741992579733825,0.002110350930937064,877,880,3,3,3,3,18,24,29,129,596
242,2,208,355,956,601,12,38,355,484,129,0.0,0.0009530617107457708,1,790,789,3,5,4,11,2,188,374,185
243,0,101,1,896,895,0,9,1,332,331,0.0,3.4037918240920386e-05,1,399,398,5,-1,6,9,1,168,895,708
244,0,206,1,945,944,0,48,1,497,496,0.0,0.0004084550188910446,1,663,662,3,-1,4,14,0,154,984,221
245,125,227,962,986,24,32,32,925,925,0,0.0061949011198475104,0.006331052792811192,968,968,0,4,3,3,2,31,809,34,291
246,16,16,517,517,0,114,114,751,751,0,0.0004084550188910446,0.0004084550188910446,651,651,0,-1,3,3,16,1,134,168,813
247,12,218,489,949,460,82,86,572,587,15,0.0002723033459273631,0.0006807583648184077,602,739,137,3,4,4,17,2,56,682,308
248,31,237,744,970,226,48,48,742,742,0,0.0006126825283365669,0.0019061234214915416,729,877,148,3,3,3,7,6,482,232,63
249,0,0,1,1,0,0,0,1,1,0,0.0,0.0,1,1,0,-1,-1,-1,3,0,726,912,971
250,1,102,332,945,613,3,3,332,332,0,3.4037918240920386e-05,0.00013615167296368154,398,523,125,5,6,6,3,2,867,692,661
251,0,101,1,873,872,0,20,1,332,331,0.0,0.0,1,1,0,8,-1,9,20,0,70,483,857
252,2,2,359,359,0,8,8,378,378,0,0.0,0.0,1,1,0,-1,5,5,6,1,322,503,538
253,0,101,1,934,933,0,2,1,331,330,0.0,0.0,1,1,0,5,-1,6,2,1,954,841,615
254,168,168,933,933,0,208,208,957,957,0,0.0030634126416828346,0.0030634126416828346,925,925,0,-1,2,2,14,17,268,81,971
255,1,1,332,332,0,2,2,332,332,0,0.0,0.0,1,1,0,-1,6,6,2,1,982,861,669
256,2,104,364,935,571,6,6,449,449,0,0.00010211375472276115,0.0006467204465774873,487,759,272,4,5,5,3,3,826,410,471
257,503,1119,996,1000,4,94,94,978,978,0,0.013104598522754349,0.015521290717859695,987,991,4,2,2,2,5,96,601,1,109
258,365,365,987,987,0,96,96,967,967,0,0.009598692943939549,0.009598692943939549,977,977,0,-1,3,3,6,75,661,24,918
259,0,102,1,944,943,0,4,1,435,434,0.0,0.00013615167296368154,1,515,514,4,-1,5,2,1,929,852,652
260,0,101,1,933,932,0,2,1,331,330,0.0,6.807583648184077e-05,1,452,451,5,-1,6,2,0,589,944,661
261,0,206,1,969,968,0,36,1,702,701,0.0,0.0053099152455835805,1,962,961,3,-1,4,6,0,451,880,19
262,0,102,1,979,978,0,3,1,457,456,0.0,0.0006807583648184077,1,783,782,4,-1,5,2,0,952,818,67
263,0,101,1,871,870,0,15,1,332,331,0.0,0.0,1,1,0,5,-1,6,15,0,49,940,402
264,46,46,765,765,0,58,58,642,642,0,0.0006126825283365669,0.0006126825283365669,729,729,0,-1,3,3,10,6,125,136,446
265,6,212,444,969,525,14,26,465,618,153,0.00010211375472276115,0.00176997174852786,489,864,375,3,4,4,5,1,464,527,36
266,12,113,638,950,312,8,8,510,510,0,0.00034037918240920387,0.00034037918240920387,665,665,0,5,4,4,2,3,964,795,853
267,104,310,922,981,59,50,50,842,842,0,0.0018040096667687805,0.005377991082065421,877,960,83,3,3,3,5,23,561,117,34
268,19,121,656,931,275,28,28,645,645,0,0.00030634126416828345,0.000442492937131965,630,693,63,4,3,3,5,3,501,458,688
269,39,39,798,798,0,24,24,616,616,0,0.0006467204465774873,0.0006467204465774873,749,749,0,-1,4,4,6,8,486,284,705
270,34,240,696,956,260,120,120,792,792,0,0.0004084550188910446,0.001497668402600497,664,855,191,3,3,3,14,3,108,616,100
271,108,108,938,938,0,68,68,977,977,0,0.00442492937131965,0.00442492937131965,953,953,0,-1,2,2,4,15,507,158,813
272,0,102,1,949,948,0,4,1,429,428,0.0,0.0002382654276864427,1,619,618,4,-1,5,2,0,781,758,381
273,213,419,970,991,21,48,48,899,899,0,0.0057524081827155455,0.005956635692161067,968,971,3,3,3,3,3,49,819,51,759
274,26,642,699,996,297,42,52,660,728,68,0.0002723033459273631,0.0013955546478777359,610,834,224,2,4,3,7,6,320,494,612
275,0,102,1,922,921,0,4,1,365,364,0.0,6.807583648184077e-05,1,446,445,4,-1,5,3,0,855,979,829
276,0,101,1,944,943,0,2,1,331,330,0.0,0.0002042275094455223,1,581,580,5,-1,6,2,0,548,740,524
277,0,102,1,914,913,0,9,1,401,400,0.0,0.0002042275094455223,1,566,565,4,-1,5,5,0,290,900,107
278,0,206,1,970,969,0,8,1,445,444,0.0,0.0005786446100956465,1,740,739,3,-1,4,2,0,859,883,217
279,0,0,1,1,0,0,0,1,1,0,0.0,0.0,1,1,0,-1,-1,-1,6,0,657,832,997
280,0,102,1,924,923,0,5,1,359,358,0.0,0.00017018959120460194,1,531,530,4,-1,5,4,0,511,644,584
281,56,158,873,960,87,18,18,662,662,0,0.0021784267674189047,0.002314578440382586,900,902,2,4,4,4,3,15,745,36,279
282,32,238,742,967,225,52,52,713,713,0,0.000442492937131965,0.0007488342013002485,688,761,73,3,3,3,7,6,118,494,510
283,0,616,1,991,990,0,76,1,698,697,0.0,0.008509479560230097,1,973,972,2,-1,3,11,0,279,651,0
284,155,361,954,989,35,76,76,937,937,0,0.0035739814152966403,0.004969536063174376,936,950,14,3,2,2,6,20,764,95,147
285,16,118,609,921,312,38,38,686,686,0,0.0004084550188910446,0.000442492937131965,680,689,9,4,3,3,6,1,98,667,873
286,6,212,431,968,537,13,17,443,501,58,6.807583648184077e-05,0.0002042275094455223,457,579,122,3,4,4,5,1,438,337,493
287,6,6,407,407,0,22,22,454,454,0,0.00010211375472276115,0.00010211375472276115,477,477,0,-1,4,4,9,1,126,661,431
288,0,0,1,1,0,0,0,1,1,0,0.0,0.0,1,1,0,-1,-1,-1,3,2,852,709,813
289,187,187,969,969,0,64,64,962,962,0,0.0048674223084516155,0.0048674223084516155,958,958,0,-1,3,3,4,48,673,56,701
290,100,100,845,845,0,100,100,587,587,0,0.013036522686272508,0.013070560604513427,986,986,0,3,1,1,19,45,35,77,215
291,10,10,640,640,0,10,10,560,560,0,0.00013615167296368154,0.00013615167296368154,522,522,0,-1,4,4,3,4,707,443,998
292,0,616,1,992,991,0,72,1,636,635,0.0,0.002757071377514551,1,915,914,2,-1,3,13,0,129,823,105
293,0,206,1,952,951,0,40,1,504,503,0.0,0.0006126825283365669,1,726,725,3,-1,4,12,2,212,684,630
294,42,248,808,974,166,44,48,706,719,13,0.0006807583648184077,0.0021784267674189047,753,890,137,3,3,3,7,8,342,386,13
295,49,151,876,971,95,22,22,840,840,0,0.0013615167296368155,0.0014636304843595766,853,863,10,4,3,3,2,11,998,97,317
296,71,277,884,979,95,68,68,966,966,0,0.007454304094761564,0.00881582082439838,974,981,7,3,2,2,4,9,545,211,183
297,0,206,1,963,962,0,26,1,547,546,0.0,0.00088498587426393,1,793,792,3,-1,4,7,0,477,372,255
298,54,260,817,974,157,102,102,941,941,0,0.002586881786309949,0.0030634126416828346,907,924,17,3,2,2,8,4,325,207,616
299,0,206,1,967,966,0,14,1,472,471,0.0,0.000442492937131965,1,699,698,3,-1,4,5,0,565,966,288
300,0,102,1,912,911,0,7,1,375,374,0.0,0.0002723033459273631,1,628,627,4,-1,5,5,0,363,502,159
301,552,758,993,998,5,164,164,970,970,0,0.011709043874876613,0.012117498893767658,983,983,0,3,2,2,10,92,427,30,795
302,0,0,1,1,0,0,0,1,1,0,0.0,0.0,1,1,0,-1,-1,-1,6,0,549,877,905
303,0,0,1,1,0,0,0,1,1,0,0.0,0.0,1,1,0,-1,-1,-1,8,0,415,987,517
304,287,493,991,998,7,56,56,992,992,0,0.012117498893767658,0.013615167296368155,987,992,5,3,2,2,2,81,991,32,59
305,0,0,1,1,0,0,0,1,1,0,0.0,0.0,1,1,0,-1,-1,-1,7,0,525,886,571
306,0,102,1,877,876,0,18,1,347,346,0.0,3.4037918240920386e-05,1,394,393,4,-1,5,17,3,80,753,464
307,8,214,475,951,476,50,54,545,570,25,0.00010211375472276115,0.0007147962830593281,481,741,260,3,4,4,11,2,162,697,390
308,1,207,333,968,635,5,13,333,466,133,0.0,0.0004084550188910446,1,678,677,3,7,4,5,2,476,582,145
309,16,222,583,963,380,74,74,807,807,0,0.0002723033459273631,0.00088498587426393,604,784,180,3,3,3,8,1,443,553,218
310,396,396,988,988,0,96,96,989,989,0,0.014874570271282209,0.014874570271282209,993,993,0,-1,2,2,3,54,613,19,254
311,13,114,726,971,245,8,8,638,638,0,0.0005105687736138058,0.0006807583648184077,725,768,43,5,4,4,2,5,933,589,468
312,12,113,680,965,285,12,12,721,721,0,0.0007147962830593281,0.0007147962830593281,766,766,0,5,4,4,2,2,666,473,799
313,0,102,1,906,905,0,6,1,374,373,0.0,0.00034037918240920387,1,646,645,4,-1,5,4,1,858,235,294
314,138,344,914,981,67,140,140,915,915,0,0.0027911092957554717,0.00353994349705572,910,929,19,3,2,2,11,15,230,53,242
315,0,0,1,1,0,0,0,1,1,0,0.0,0.0,1,1,0,-1,-1,-1,2,0,997,834,698
316,0,206,1,951,950,0,26,1,408,407,0.0,0.0004765308553728854,1,682,681,3,-1,4,13,0,90,850,467
317,0,0,1,1,0,0,0,1,1,0,0.0,0.0,1,1,0,-1,-1,-1,2,0,830,772,735
318,66,272,851,976,125,38,38,659,659,0,0.0006467204465774873,0.001497668402600497,741,855,114,3,4,4,7,19,416,184,174
319,22,22,697,697,0,18,18,508,508,0,0.00037441710065012424,0.00037441710065012424,658,658,0,-1,4,4,5,6,724,368,696
320,24,640,664,993,329,56,112,602,860,258,0.0005105687736138058,0.010619830491167161,708,980,272,2,4,3,12,6,93,424,11
321,153,255,955,979,24,46,46,962,962,0,0.004561081044283332,0.004765308553728854,957,957,0,4,2,2,2,24,990,13,427
322,6,108,464,932,468,14,14,556,556,0,0.0,6.807583648184077e-05,1,453,452,4,4,4,3,1,831,609,325
323,34,34,746,746,0,40,40,605,605,0,0.0004084550188910446,0.0004084550188910446,678,678,0,-1,4,4,8,7,301,389,695
324,69,171,893,969,76,28,28,798,798,0,0.0013955546478777359,0.0015317063208414173,846,858,12,4,3,3,3,15,903,53,317
325,1,103,333,896,563,8,9,333,354,21,0.0,0.00010211375472276115,1,484,483,4,6,5,8,1,415,671,311
326,407,407,982,982,0,186,186,960,960,0,0.005786446100956465,0.005786446100956465,961,961,0,-1,2,2,12,55,96,21,987
327,88,88,904,904,0,68,68,964,964,0,0.0034718676605738795,0.0034718676605738795,939,939,0,-1,2,2,4,20,578,189,712
328,2,208,365,979,614,5,9,409,490,81,0.0,0.00037441710065012424,1,670,669,3,5,4,3,2,879,719,610
329,0,101,1,895,894,0,8,1,332,331,0.0,0.0,1,1,0,5,-1,6,8,0,260,834,602
330,6,107,572,970,398,8,8,641,641,0,0.0004765308553728854,0.0005446066918547262,711,735,24,5,4,4,2,1,782,759,761
331,4,105,422,918,496,8,8,378,378,0,0.0,0.0,1,1,0,8,5,5,5,2,390,430,647
332,0,102,1,931,930,0,5,1,397,396,0.0,0.0002723033459273631,1,616,615,4,-1,5,3,0,882,426,291
333,0,102,1,901,900,0,12,1,387,386,0.0,0.00010211375472276115,1,486,485,4,-1,5,7,0,320,960,722
334,1,1,333,333,0,5,5,333,333,0,3.4037918240920386e-05,3.4037918240920386e-05,399,399,0,-1,6,6,5,1,691,893,926
335,6,212,438,969,531,26,30,610,655,45,0.00034037918240920387,0.002484768031587188,648,914,266,3,4,4,5,1,311,727,135
336,0,102,1,928,927,0,7,1,410,409,0.0,0.00017018959120460194,1,549,548,4,-1,5,4,0,597,611,263
337,1,617,333,995,662,8,38,333,599,266,3.4037918240920386e-05,0.001055175465468532,403,807,404,2,6,3,8,1,142,543,143
338,6,6,426,426,0,22,22,554,554,0,6.807583648184077e-05,6.807583648184077e-05,445,445,0,-1,4,4,5,1,173,659,754
339,0,102,1,942,941,0,4,1,417,416,0.0,0.0005105687736138058,1,708,707,4,-1,5,2,0,874,911,273
340,0,102,1,928,927,0,5,1,366,365,0.0,0.0002723033459273631,1,617,616,4,-1,5,4,0,462,758,307
341,6,107,424,908,484,26,26,517,517,0,0.0002042275094455223,0.0002382654276864427,566,590,24,5,4,4,7,1,343,420,935
342,6,6,490,490,0,14,14,629,629,0,0.0002042275094455223,0.0002042275094455223,583,583,0,-1,4,4,3,2,871,670,489
343,0,102,1,895,894,0,10,1,365,364,0.0,6.807583648184077e-05,1,440,439,4,-1,5,8,1,646,787,749
344,2,2,358,358,0,8,8,409,409,0,6.807583648184077e-05,6.807583648184077e-05,435,435,0,-1,5,5,4,1,623,360,538
345,65,167,857,949,92,34,34,718,718,0,0.0012934408931549745,0.0014295925661186562,841,848,7,4,3,3,4,16,638,113,307
346,6,212,388,949,561,26,41,392,462,70,0.00013615167296368154,0.0004765308553728854,510,691,181,3,4,4,15,1,81,687,218
347,62,163,872,964,92,24,24,780,780,0,0.0007147962830593281,0.0007488342013002485,769,779,10,5,3,3,3,20,857,189,748
348,116,322,937,985,48,38,38,869,869,0,0.0031314884781646754,0.0038462847612240037,930,940,10,3,3,3,3,20,923,38,103
349,132,234,922,967,45,92,92,892,892,0,0.002110350930937064,0.002314578440382586,893,898,5,4,3,3,7,21,221,157,487
350,0,101,1,898,897,0,10,1,330,329,0.0,0.0,1,1,0,5,-1,6,10,0,293,674,460
351,1,103,332,964,632,3,4,332,405,73,0.0,0.0,1,1,0,4,6,5,3,3,812,676,718
352,0,102,1,884,883,0,8,1,364,363,0.0,3.4037918240920386e-05,1,405,404,4,-1,5,6,0,425,783,512
353,0,0,1,1,0,0,0,1,1,0,0.0,0.0,1,1,0,-1,-1,-1,6,1,498,874,816
354,8,8,520,520,0,20,20,560,560,0,6.807583648184077e-05,6.807583648184077e-05,442,442,0,-1,4,4,4,2,762,323,942
355,0,102,1,899,898,0,8,1,375,374,0.0,6.807583648184077e-05,1,444,443,4,-1,5,5,0,496,997,566
356,48,254,797,968,171,68,68,761,761,0,0.00037441710065012424,0.0008169100377820892,658,769,111,3,3,3,8,6,197,461,450
357,11,11,686,686,0,4,4,468,468,0,0.0006467204465774873,0.0006467204465774873,766,766,0,-1,5,5,2,8,805,177,367
358,2,104,362,923,561,11,11,424,424,0,0.0002042275094455223,0.00030634126416828345,584,639,55,4,5,5,6,1,657,322,383
359,0,0,1,1,0,0,0,1,1,0,0.0,0.0,1,1,0,-1,-1,-1,4,0,559,941,793
360,4,4,484,484,0,5,5,427,427,0,0.00013615167296368154,0.00013615167296368154,532,532,0,-1,5,5,3,5,883,401,660
361,0,101,1,898,897,0,7,1,332,331,0.0,3.4037918240920386e-05,1,406,405,5,-1,6,7,1,216,529,552
362,13,13,590,590,0,26,26,608,608,0,0.00017018959120460194,0.00017018959120460194,528,528,0,-1,4,4,5,4,407,339,732
363,0,206,1,971,970,0,12,1,459,458,0.0,0.0009190237925048504,1,802,801,3,-1,4,4,0,460,728,516
364,7,109,513,918,405,12,12,460,460,0,0.0,3.4037918240920386e-05,1,400,399,4,4,4,4,3,572,631,756
365,18,119,634,928,294,33,33,618,618,0,0.00030634126416828345,0.00034037918240920387,628,643,15,5,3,3,8,2,442,566,509
366,0,0,1,1,0,0,0,1,1,0,0.0,0.0,1,1,0,-1,-1,-1,10,0,293,812,574
367,0,0,1,1,0,0,0,1,1,0,0.0,0.0,1,1,0,-1,-1,-1,2,1,881,235,706
368,114,114,920,920,0,110,110,962,962,0,0.003948398515946765,0.003948398515946765,946,946,0,-1,2,2,6,15,526,151,772
369,0,206,1,952,951,0,44,1,549,548,0.0,0.0013615167296368155,1,845,844,3,-1,4,10,0,149,726,84
370,26,642,710,997,287,60,70,886,919,33,0.0007488342013002485,0.00980292045338507,764,984,220,2,3,3,5,5,528,412,0
371,0,206,1,939,938,0,41,1,457,456,0.0,0.00010211375472276115,1,465,464,3,-1,4,15,0,124,433,168
372,0,102,1,917,916,0,10,1,427,426,0.0,0.0006126825283365669,1,735,734,4,-1,5,5,0,720,925,224
373,0,101,1,936,935,0,3,1,330,329,0.0,0.0,1,1,0,5,-1,6,3,0,835,783,506
374,54,156,847,961,114,54,54,937,937,0,0.003165526396405596,0.0033357159876101976,922,924,2,4,2,2,4,6,660,379,636
375,74,175,909,971,62,22,22,837,837,0,0.0015317063208414173,0.0015317063208414173,867,867,0,8,3,3,2,27,906,304,448
376,0,102,1,912,911,0,8,1,377,376,0.0,3.4037918240920386e-05,1,402,401,4,-1,5,6,0,237,803,879
377,0,101,1,877,876,0,11,1,329,328,0.0,0.0,1,1,0,6,-1,7,11,0,227,952,582
378,0,0,1,1,0,0,0,1,1,0,0.0,0.0,1,1,0,-1,-1,-1,7,0,329,957,738
379,18,18,559,559,0,154,154,763,763,0,0.00034037918240920387,0.00034037918240920387,635,635,0,-1,3,3,19,3,46,354,731
380,16,16,715,715,0,12,12,685,685,0,0.0004084550188910446,0.0004084550188910446,681,681,0,-1,4,4,2,4,792,40,996
381,20,121,670,931,261,28,28,683,683,0,0.0002723033459273631,0.00034037918240920387,615,648,33,5,3,3,5,6,284,247,931
382,2,2,371,371,0,4,4,406,406,0,6.807583648184077e-05,6.807583648184077e-05,450,450,0,-1,5,5,2,1,734,577,999
383,16,16,567,567,0,44,44,662,662,0,0.0002042275094455223,0.0002042275094455223,567,567,0,-1,3,3,7,1,374,797,860
384,603,1219,994,1000,6,126,126,975,975,0,0.012525953912658701,0.014500153170632085,986,988,2,2,2,2,7,96,450,1,172
385,15,15,670,670,0,12,12,635,635,0,0.0002382654276864427,0.0002382654276864427,605,605,0,-1,4,4,2,7,747,115,744
386,12,113,567,926,359,14,14,532,532,0,0.00010211375472276115,0.00010211375472276115,489,489,0,5,4,4,3,5,687,464,671
387,111,317,964,992,28,32,32,961,961,0,0.0033016780693692774,0.005956635692161067,933,967,34,3,3,3,2,31,666,35,135
388,1,103,330,956,626,2,4,330,454,124,6.807583648184077e-05,0.0009190237925048504,456,802,346,4,6,5,2,1,889,265,497
389,12,114,539,911,372,34,34,582,582,0,0.0004084550188910446,0.0004084550188910446,668,668,0,4,4,4,7,3,346,121,360
390,0,0,1,1,0,0,0,1,1,0,0.0,0.0,1,1,0,-1,-1,-1,3,0,670,974,973
391,8,214,509,970,461,20,24,501,541,40,0.0002042275094455223,0.00034037918240920387,562,650,88,3,4,4,6,3,275,121,259
392,34,34,725,725,0,52,52,652,652,0,0.00037441710065012424,0.00037441710065012424,651,651,0,-1,3,3,9,5,330,308,908
393,62,268,784,959,175,142,142,742,742,0,0.0008509479560230097,0.0012594029749140542,759,825,66,3,3,3,20,8,70,386,283
394,8,109,552,931,379,12,12,497,497,0,0.00017018959120460194,0.0002042275094455223,549,581,32,5,4,4,4,2,706,682,441
395,6,107,462,929,467,13,13,482,482,0,0.00010211375472276115,0.00013615167296368154,489,519,30,5,4,4,5,1,376,531,873
396,2,2,357,357,0,5,5,359,359,0,3.4037918240920386e-05,3.4037918240920386e-05,403,403,0,-1,5,5,4,1,547,437,883
397,257,463,960,982,22,320,320,973,973,0,0.004663194799006093,0.006092787365124749,946,957,11,3,2,2,21,24,2,13,151
398,40,246,802,974,172,22,22,707,707,0,0.0005105687736138058,0.0010892133837094523,695,822,127,3,3,3,2,6,769,107,461
399,13,115,648,947,299,12,12,604,604,0,0.000442492937131965,0.0005786446100956465,687,735,48,4,4,4,2,3,761,291,307
400,16,222,592,968,376,28,36,558,636,78,6.807583648184077e-05,0.0009190237925048504,439,786,347,3,3,3,7,2,359,662,92
401,0,0,1,1,0,0,0,1,1,0,0.0,0.0,1,1,0,-1,-1,-1,2,0,938,784,428
402,0,101,1,907,906,0,6,1,331,330,0.0,6.807583648184077e-05,1,448,447,5,-1,6,6,0,489,794,749
403,0,0,1,1,0,0,0,1,1,0,0.0,0.0,1,1,0,-1,-1,-1,4,0,550,498,920
404,4,4,392,392,0,24,24,396,396,0,0.0,0.0,1,1,0,-1,5,5,14,2,130,602,488
405,32,134,731,923,192,72,72,805,805,0,0.00030634126416828345,0.0007828721195411688,637,776,139,4,3,3,7,2,372,827,195
406,2,1642,361,1000,639,8,48,405,866,461,0.0,0.020082371762143027,1,994,993,1,5,2,5,2,463,690,147
407,0,206,1,957,956,0,23,1,450,449,0.0,0.0005105687736138058,1,708,707,3,-1,4,9,0,147,961,591
408,0,101,1,925,924,0,5,1,331,330,0.0,0.00017018959120460194,1,550,549,5,-1,6,5,0,376,865,487
409,934,1035,998,998,0,336,336,1000,1000,0,0.01756356581231492,0.01756356581231492,993,993,0,6,2,2,12,118,52,37,708
410,190,292,970,980,10,64,64,934,934,0,0.004356853534837809,0.004595118962524252,946,950,4,4,3,3,4,38,709,111,454
411,9,9,531,531,0,12,12,420,420,0,6.807583648184077e-05,6.807583648184077e-05,439,439,0,-1,4,4,4,3,410,534,205
412,0,0,1,1,0,0,0,1,1,0,0.0,0.0,1,1,0,-1,-1,-1,11,3,224,854,907
413,146,248,938,975,37,88,88,970,970,0,0.003948398515946765,0.004050512270669526,945,947,2,4,2,2,4,18,759,141,531
414,62,268,837,974,137,138,138,952,952,0,0.002280540522141666,0.0031314884781646754,899,929,30,3,2,2,9,5,119,393,179
415,22,22,626,626,0,68,68,664,664,0,0.0007147962830593281,0.0007147962830593281,750,750,0,-1,3,3,11,2,233,473,773
416,0,0,1,1,0,0,0,1,1,0,0.0,0.0,1,1,0,-1,-1,-1,4,0,711,950,907
417,18,18,612,612,0,70,70,686,686,0,0.00030634126416828345,0.00030634126416828345,625,625,0,-1,3,3,12,3,219,197,831
418,30,30,808,808,0,22,22,826,826,0,0.0008169100377820892,0.0008169100377820892,790,790,0,-1,3,3,2,7,820,134,894
419,40,40,825,825,0,22,22,746,746,0,0.0006126825283365669,0.0006126825283365669,745,745,0,-1,3,3,2,6,971,194,839
420,6,6,417,417,0,18,18,465,465,0,0.0,0.0,1,1,0,-1,4,4,6,2,368,842,766
421,0,101,1,925,924,0,3,1,331,330,0.0,0.0,1,1,0,6,-1,7,3,0,923,989,739
422,116,322,893,973,80,164,164,901,901,0,0.002382654276864427,0.002995336805200994,898,921,23,3,3,3,14,15,332,158,327
423,0,101,1,952,951,0,2,1,331,330,0.0,6.807583648184077e-05,1,453,452,5,-1,6,2,0,994,894,443
424,0,101,1,964,963,0,3,1,330,329,0.0,0.0,1,1,0,5,-1,6,3,0,786,769,575
425,34,650,696,988,292,132,156,819,885,66,0.0005786446100956465,0.007318152421797883,712,965,253,2,3,3,15,5,102,338,24
426,14,115,600,921,321,12,12,543,543,0,0.00030634126416828345,0.00030634126416828345,621,621,0,6,4,4,2,4,769,450,543
427,1,207,332,970,638,4,20,332,586,254,0.0,0.004799346471969774,1,962,961,3,6,4,4,1,539,703,32
428,6,107,409,900,491,30,30,507,507,0,0.00017018959120460194,0.0002042275094455223,530,556,26,5,4,4,9,1,422,452,842
429,0,0,1,1,0,0,0,1,1,0,0.0,0.0,1,1,0,-1,-1,-1,2,1,873,949,877
430,8,109,559,946,387,16,16,578,578,0,0.00017018959120460194,0.0002723033459273631,541,612,71,5,4,4,4,2,794,468,230
431,0,0,1,1,0,0,0,1,1,0,0.0,0.0,1,1,0,-1,-1,-1,5,2,487,775,766
432,1,103,332,946,614,2,3,332,376,44,0.0,6.807583648184077e-05,1,445,444,4,9,5,2,1,942,857,370
433,14,14,583,583,0,26,26,516,516,0,0.00013615167296368154,0.00013615167296368154,512,512,0,-1,4,4,7,3,398,369,996
434,6,6,452,452,0,16,16,546,546,0,0.00013615167296368154,0.00013615167296368154,514,514,0,-1,4,4,4,1,550,891,844
435,1,207,333,960,627,7,26,333,505,172,0.0,0.0018040096667687805,1,868,867,3,6,4,7,1,450,924,128
436,211,417,972,990,18,104,104,992,992,0,0.009462541270975866,0.013751318969331836,980,989,9,3,2,2,5,36,612,48,16
437,1,1,333,333,0,12,12,333,333,0,0.0,0.0,1,1,0,-1,7,7,12,1,44,703,514
438,13,629,592,995,403,30,40,656,747,91,0.00030634126416828345,0.0014636304843595766,628,855,227,2,4,3,5,3,311,291,187
439,12,114,625,942,317,14,14,589,589,0,0.0002042275094455223,0.0002042275094455223,571,571,0,4,4,4,3,2,433,634,577
440,185,391,944,980,36,140,140,936,936,0,0.0037441710065012424,0.003880322679464924,940,941,1,3,3,3,10,29,310,142,231
441,20,20,736,736,0,22,22,784,784,0,0.00037441710065012424,0.00037441710065012424,663,663,0,-1,3,3,2,5,596,619,794
442,0,0,1,1,0,0,0,1,1,0,0.0,0.0,1,1,0,-1,-1,-1,3,1,797,828,782
443,52,668,736,996,260,260,260,927,927,0,0.0010892133837094523,0.0017359338302869397,807,860,53,2,2,2,21,3,1,642,336
444,16,16,629,629,0,34,34,755,755,0,0.0002723033459273631,0.0002723033459273631,610,610,0,-1,3,3,4,1,709,553,745
445,0,206,1,973,972,0,17,1,535,534,0.0,0.0006807583648184077,1,758,757,3,-1,4,5,0,663,276,432
446,143,245,945,975,30,118,118,992,992,0,0.006603356138738555,0.006569318220497634,969,969,0,4,2,2,5,13,314,261,719
447,23,23,685,685,0,36,36,633,633,0,0.00010211375472276115,0.00010211375472276115,476,476,0,-1,3,3,7,3,413,580,632
448,2,208,371,980,609,3,8,373,524,151,6.807583648184077e-05,0.0013955546478777359,444,854,410,3,5,4,2,1,841,337,144
449,0,206,1,983,982,0,14,1,627,626,0.0,0.0006467204465774873,1,753,752,3,-1,4,3,0,768,675,101
450,0,102,1,919,918,0,5,1,380,379,0.0,0.00013615167296368154,1,508,507,4,-1,5,3,0,989,982,474
451,0,101,1,909,908,0,4,1,332,331,0.0,0.0,1,1,0,6,-1,7,4,0,572,733,739
452,2,208,356,968,612,10,21,383,489,106,0.0,0.0005105687736138058,1,712,711,3,5,4,7,2,305,509,521
453,123,323,918,978,60,108,108,930,930,0,0.0028591851322373124,0.00445896728956057,919,950,31,3,3,3,8,20,383,94,72
454,0,102,1,865,864,0,31,1,368,367,0.0,6.807583648184077e-05,1,436,435,4,-1,5,23,0,8,850,566
455,0,102,1,935,934,0,4,1,371,370,0.0,3.4037918240920386e-05,1,397,396,4,-1,5,3,0,639,956,270
456,8,214,469,945,476,37,42,437,454,17,3.4037918240920386e-05,0.0004084550188910446,389,664,275,3,4,4,16,5,72,476,284
457,4,4,395,395,0,17,17,391,391,0,0.00010211375472276115,0.00010211375472276115,481,481,0,-1,5,5,10,5,256,464,914
458,40,142,693,901,208,184,184,843,843,0,0.0008509479560230097,0.0008509479560230097,774,774,0,4,2,2,19,1,36,480,717
459,47,47,835,835,0,70,70,951,951,0,0.00442492937131965,0.00442492937131965,951,951,0,-1,2,2,5,5,463,395,624
460,0,102,1,895,894,0,9,1,352,351,0.0,0.0,1,1,0,4,-1,5,8,0,334,614,662
461,0,0,1,1,0,0,0,1,1,0,0.0,0.0,1,1,0,-1,-1,-1,4,0,755,996,828
462,1,103,333,899,566,8,9,333,355,22,0.0,0.0,1,1,0,4,8,5,8,3,443,626,590
463,0,616,1,998,997,0,28,1,832,831,0.0,0.005446066918547262,1,961,960,2,-1,3,3,0,882,946,33
464,6,6,435,435,0,12,12,442,442,0,0.0,0.0,1,1,0,-1,4,4,4,1,870,531,731
465,2,208,359,964,605,11,26,381,518,137,3.4037918240920386e-05,0.0011232513019503727,399,818,419,3,5,4,7,1,336,593,99
466,133,235,941,973,32,70,70,933,933,0,0.0026889955410327104,0.002723033459273631,918,919,1,4,3,3,5,30,691,39,401
467,0,0,1,1,0,0,0,1,1,0,0.0,0.0,1,1,0,-1,-1,-1,2,1,951,779,737
468,21,21,677,677,0,42,42,745,745,0,0.0009530617107457708,0.0009530617107457708,791,791,0,-1,3,3,6,5,575,412,985
469,0,0,1,1,0,0,0,1,1,0,0.0,0.0,1,1,0,-1,-1,-1,2,0,968,818,522
470,2,208,367,973,606,8,12,442,507,65,3.4037918240920386e-05,0.0009190237925048504,397,800,403,3,5,4,4,2,581,560,127
471,0,616,1,990,989,0,43,1,425,424,0.0,0.0007147962830593281,1,741,740,2,-1,3,19,0,48,778,361
472,0,102,1,956,955,0,3,1,389,388,0.0,0.0002382654276864427,1,607,606,4,-1,5,2,0,889,737,241
473,0,0,1,1,0,0,0,1,1,0,0.0,0.0,1,1,0,-1,-1,-1,3,0,902,608,971
474,1,102,332,940,608,4,4,332,332,0,0.0,0.0,1,1,0,6,6,6,4,1,794,540,708
475,0,616,1,990,989,0,44,1,454,453,0.0,0.0006126825283365669,1,720,719,2,-1,3,15,0,49,877,4
476,0,102,1,881,880,0,13,1,362,361,0.0,0.0,1,1,0,4,-1,5,11,1,220,792,463
477,54,260,837,978,141,40,40,772,772,0,0.0015657442390823377,0.004050512270669526,863,944,81,3,3,3,5,11,669,193,76
478,16,222,604,969,365,52,52,814,814,0,0.0005446066918547262,0.0008169100377820892,715,780,65,3,3,3,6,1,587,480,827
479,150,356,940,983,43,88,88,870,870,0,0.002552843868069029,0.0030293747234419145,912,922,10,3,3,3,8,20,499,95,413
480,12,12,525,525,0,30,30,526,526,0,3.4037918240920386e-05,3.4037918240920386e-05,396,396,0,-1,4,4,7,2,591,491,638
481,13,115,609,926,317,12,12,549,549,0,6.807583648184077e-05,0.0002042275094455223,449,563,114,4,4,4,2,3,909,458,378
482,0,101,1,871,870,0,23,1,332,331,0.0,0.00013615167296368154,1,487,486,5,-1,6,23,0,4,901,755
483,40,40,711,711,0,154,154,828,828,0,0.0004765308553728854,0.0004765308553728854,694,694,0,-1,3,3,17,4,73,328,673
484,62,678,859,998,139,50,60,850,894,44,0.0020082371762143027,0.004595118962524252,888,953,65,2,3,3,5,14,688,68,91
485,46,46,784,784,0,58,58,723,723,0,0.00088498587426393,0.00088498587426393,787,787,0,-1,3,3,8,6,383,295,856
486,23,125,689,932,243,46,46,782,782,0,0.00030634126416828345,0.00037441710065012424,613,654,41,4,3,3,5,3,390,291,220
487,18,224,587,950,363,84,84,648,648,0,0.0002382654276864427,0.0004084550188910446,588,674,86,3,3,3,13,2,165,323,197
488,1,103,333,930,597,5,10,333,450,117,0.0,0.0007828721195411688,1,764,763,4,6,5,5,1,727,671,71
489,100,100,873,873,0,100,100,748,748,0,0.009462541270975866,0.009462541270975866,974,974,0,-1,1,1,15,5,110,528,782
490,0,0,1,1,0,0,0,1,1,0,0.0,0.0,1,1,0,-1,-1,-1,10,1,243,554,672
491,0,102,1,870,869,0,27,1,363,362,0.0,0.0,1,1,0,4,-1,5,22,0,55,712,873
492,82,82,898,898,0,50,50,868,868,0,0.0018380475850097008,0.0018380475850097008,875,875,0,-1,3,3,5,13,580,42,848
493,55,157,824,947,123,68,68,836,836,0,0.0007828721195411688,0.0010211375472276116,770,804,34,4,3,3,7,6,505,232,670
494,2,618,375,1000,625,5,24,407,810,403,6.807583648184077e-05,0.0035739814152966403,446,939,493,2,5,3,3,1,642,558,84
495,520,622,996,998,2,60,60,899,899,0,0.010279451308757957,0.010415602981721638,982,982,0,4,3,3,5,96,644,1,369
496,6,622,381,987,606,26,80,370,524,154,0.00010211375472276115,0.0007147962830593281,477,732,255,2,4,3,19,1,35,437,83
497,1,103,332,949,617,3,6,332,448,116,0.0,0.0007488342013002485,1,761,760,4,6,5,3,4,854,595,67
498,0,101,1,905,904,0,3,1,332,331,0.0,3.4037918240920386e-05,1,397,396,6,-1,7,3,0,837,638,603
499,2,618,355,997,642,10,30,400,655,255,0.0,0.0030634126416828346,1,918,917,2,5,3,6,3,373,748,183
500,0,101,1,918,917,0,4,1,331,330,0.0,6.807583648184077e-05,1,440,439,5,-1,6,4,0,832,254,593
501,75,75,929,929,0,22,22,856,856,0,0.0024507301133462676,0.0024507301133462676,911,911,0,-1,3,3,2,15,914,36,611
502,0,0,1,1,0,0,0,1,1,0,0.0,0.0,1,1,0,-1,-1,-1,8,0,303,790,428
503,18,224,625,964,339,32,32,554,554,0,0.00017018959120460194,0.00030634126416828345,547,632,85,3,4,4,8,5,488,310,667
504,0,102,1,903,902,0,7,1,353,352,0.0,0.0,1,1,0,4,-1,5,6,0,624,815,563
505,8,214,478,952,474,32,38,442,467,25,0.0002382654276864427,0.000442492937131965,587,686,99,3,4,4,13,2,228,523,619
506,148,249,906,955,49,340,340,943,943,0,0.0020082371762143027,0.0020082371762143027,886,886,0,5,3,3,25,15,17,158,357
507,0,0,1,1,0,0,0,1,1,0,0.0,0.0,1,1,0,-1,-1,-1,7,0,477,834,920
508,1,207,333,939,606,17,27,333,382,49,0.0,0.00030634126416828345,1,614,613,3,9,4,17,1,80,647,310
509,9,9,623,623,0,8,8,549,549,0,0.0004084550188910446,0.0004084550188910446,688,688,0,-1,4,4,2,3,878,534,948
510,0,0,1,1,0,0,0,1,1,0,0.0,0.0,1,1,0,-1,-1,-1,4,0,753,702,358
511,12,114,593,931,338,36,36,750,750,0,0.0006467204465774873,0.0007488342013002485,742,768,26,4,4,4,6,4,594,143,363
512,28,28,637,637,0,108,108,634,634,0,0.00013615167296368154,0.00013615167296368154,511,511,0,-1,3,3,21,6,25,247,940
513,0,616,1,996,995,0,42,1,704,703,0.0,0.004118588107151367,1,948,947,2,-1,3,6,2,526,271,33
514,2,2,376,376,0,3,3,378,378,0,3.4037918240920386e-05,3.4037918240920386e-05,401,401,0,-1,5,5,2,2,684,419,983
515,0,0,1,1,0,0,0,1,1,0,0.0,0.0,1,1,0,-1,-1,-1,10,0,169,498,939
516,8,214,508,967,459,16,16,459,459,0,0.00017018959120460194,0.0005446066918547262,543,715,172,3,4,4,6,5,518,476,312
517,0,206,1,967,966,0,12,1,438,437,0.0,0.0002382654276864427,1,598,597,3,-1,4,4,1,638,685,199
518,0,616,1,992,991,0,48,1,588,587,0.0,0.002484768031587188,1,908,907,2,-1,3,9,0,262,276,69
519,0,206,1,969,968,0,18,1,607,606,0.0,0.00707988699411144,1,977,976,3,-1,4,3,0,989,455,7
520,14,220,518,952,434,52,60,486,503,17,3.4037918240920386e-05,0.0009870996289866913,399,791,392,3,4,4,16,3,26,596,190
521,0,0,1,1,0,0,0,1,1,0,0.0,0.0,1,1,0,-1,-1,-1,3,0,708,912,455
522,36,242,804,976,172,26,26,752,752,0,0.0005105687736138058,0.0013274788113958951,711,847,136,3,3,3,4,9,423,212,114
523,16,222,652,977,325,14,14,568,568,0,0.00017018959120460194,0.00037441710065012424,546,664,118,3,4,4,3,6,583,199,314
524,9,111,581,944,363,8,8,503,503,0,0.00013615167296368154,0.0002382654276864427,535,604,69,4,4,4,2,4,747,637,585
525,54,54,941,941,0,22,22,956,956,0,0.0034718676605738795,0.0034718676605738795,941,941,0,-1,3,3,2,23,952,117,620
526,4,105,451,936,485,4,4,416,416,0,0.00010211375472276115,0.00037441710065012424,488,668,180,5,5,5,2,2,993,491,653
527,0,206,1,973,972,0,12,1,583,582,0.0,0.002110350930937064,1,889,888,3,-1,4,2,0,429,800,26
528,144,246,902,953,51,198,198,880,880,0,0.0016678579938050988,0.0017359338302869397,861,861,0,4,2,2,18,11,69,97,260
529,16,16,686,686,0,12,12,608,608,0,0.0007488342013002485,0.0007488342013002485,771,771,0,-1,4,4,2,4,924,333,768
530,1,103,333,930,597,5,8,333,394,61,6.807583648184077e-05,0.00017018959120460194,448,541,93,4,6,5,5,1,663,771,350
531,0,0,1,1,0,0,0,1,1,0,0.0,0.0,1,1,0,-1,-1,-1,4,0,500,944,844
532,6,108,403,900,497,20,20,400,400,0,3.4037918240920386e-05,6.807583648184077e-05,400,446,46,4,4,4,11,2,379,320,743
533,292,292,981,981,0,70,70,940,940,0,0.010517716736444398,0.010517716736444398,984,984,0,-1,3,3,5,62,848,70,773
534,12,12,568,568,0,32,32,630,630,0,0.00037441710065012424,0.00037441710065012424,665,665,0,-1,4,4,6,5,402,252,324
535,214,316,973,987,14,46,46,962,962,0,0.00616086320160659,0.007113924912352361,968,974,6,4,2,2,2,35,932,57,193
536,6,212,448,974,526,10,10,474,474,0,0.0,0.0011232513019503727,1,823,822,3,4,4,3,1,855,661,84
537,0,102,1,925,924,0,4,1,369,368,0.0,3.4037918240920386e-05,1,407,406,4,-1,5,3,0,588,927,749
538,50,152,821,948,127,44,44,829,829,0,0.001055175465468532,0.0011232513019503727,811,822,11,4,3,3,4,5,622,273,231
539,2,103,387,954,567,3,3,392,392,0,0.0,6.807583648184077e-05,1,462,461,5,5,5,2,1,868,402,394
540,6,107,428,906,478,10,10,440,440,0,0.00017018959120460194,0.0002042275094455223,537,563,26,5,4,4,3,1,634,931,360
541,4,210,420,961,541,10,18,379,459,80,3.4037918240920386e-05,0.0005105687736138058,409,702,293,3,5,4,7,2,364,547,381
542,6,212,428,966,538,14,22,448,541,93,0.00010211375472276115,0.0012253650566731338,486,830,344,3,4,4,5,2,555,550,84
543,68,68,903,903,0,24,24,759,759,0,0.002757071377514551,0.002757071377514551,919,919,0,-1,4,4,4,19,480,91,953
544,0,0,1,1,0,0,0,1,1,0,0.0,0.0,1,1,0,-1,-1,-1,4,0,767,769,883
545,0,102,1,940,939,0,5,1,408,407,0.0,0.00037441710065012424,1,669,668,4,-1,5,3,0,879,200,525
546,175,277,945,973,28,148,148,973,973,0,0.00442492937131965,0.004799346471969774,945,953,8,4,2,2,9,18,315,141,653
547,6,108,417,909,492,18,18,479,479,0,0.0002042275094455223,0.0002382654276864427,561,589,28,4,4,4,5,2,818,544,499
548,0,0,1,1,0,0,0,1,1,0,0.0,0.0,1,1,0,-1,-1,-1,5,0,604,956,723
549,38,38,669,669,0,182,182,868,868,0,0.001055175465468532,0.001055175465468532,803,803,0,-1,3,3,17,3,103,642,960
550,4,4,459,459,0,5,5,401,401,0,3.4037918240920386e-05,3.4037918240920386e-05,395,395,0,-1,5,5,3,3,961,585,388
551,185,391,928,978,50,222,222,896,896,0,0.0022465026039007454,0.0024166921951053475,893,896,3,3,2,2,19,16,19,113,634
552,2,2,389,389,0,3,3,397,397,0,6.807583648184077e-05,6.807583648184077e-05,443,443,0,-1,5,5,2,2,933,492,883
553,0,102,1,911,910,0,10,1,411,410,0.0,0.0005105687736138058,1,704,703,4,-1,5,5,0,390,875,382
554,173,173,922,922,0,258,258,933,933,0,0.001940161339732462,0.001940161339732462,879,879,0,-1,2,2,19,20,89,189,819
555,341,341,984,984,0,84,84,962,962,0,0.008713707069675619,0.008713707069675619,980,980,0,-1,2,2,5,62,538,70,816
556,0,0,1,1,0,0,0,1,1,0,0.0,0.0,1,1,0,-1,-1,-1,7,0,697,880,923
557,12,218,524,962,438,18,30,432,534,102,0.00034037918240920387,0.00176997174852786,634,868,234,3,4,4,7,6,182,613,73
558,6,212,399,955,556,21,26,409,440,31,0.0,0.0002723033459273631,1,613,612,3,4,4,10,1,125,853,727
559,0,102,1,932,931,0,8,1,406,405,0.0,0.00013615167296368154,1,522,521,4,-1,5,5,0,695,712,496
560,2,1642,355,1000,645,14,64,390,747,357,3.4037918240920386e-05,0.012083460975526737,405,982,577,1,5,2,9,1,388,265,189
561,22,124,602,894,292,74,74,622,622,0,0.00013615167296368154,0.00017018959120460194,501,532,31,4,3,3,13,2,92,770,244
562,30,646,676,990,314,78,92,686,732,46,0.000442492937131965,0.002757071377514551,679,915,236,2,3,3,12,4,87,267,71
563,0,0,1,1,0,0,0,1,1,0,0.0,0.0,1,1,0,-1,-1,-1,3,0,654,851,852
564,6,6,450,450,0,10,10,458,458,0,3.4037918240920386e-05,3.4037918240920386e-05,415,415,0,-1,4,4,3,1,836,879,955
565,2,2,368,368,0,6,6,422,422,0,0.0002042275094455223,0.0002042275094455223,563,563,0,-1,5,5,3,1,829,666,235
566,36,242,731,962,231,126,126,888,888,0,0.0008509479560230097,0.001157289220191293,783,821,38,3,3,3,11,4,230,125,256
567,62,62,830,830,0,104,104,892,892,0,0.0010892133837094523,0.0010892133837094523,801,801,0,-1,2,2,9,4,126,336,831
568,0,206,1,967,966,0,13,1,465,464,0.0,0.0005786446100956465,1,738,737,3,-1,4,5,0,412,629,386
569,0,0,1,1,0,0,0,1,1,0,0.0,0.0,1,1,0,-1,-1,-1,3,0,862,276,431
570,16,16,550,550,0,48,48,552,552,0,0.00013615167296368154,0.00013615167296368154,502,502,0,-1,3,3,11,2,163,215,855
571,0,0,1,1,0,0,0,1,1,0,0.0,0.0,1,1,0,-1,-1,-1,7,0,466,686,367
572,2,2,354,354,0,15,15,376,376,0,3.4037918240920386e-05,3.4037918240920386e-05,395,395,0,-1,5,5,11,3,174,748,920
573,116,322,934,987,53,58,58,941,941,0,0.004493005207801491,0.004663194799006093,951,955,4,3,2,2,4,26,619,112,394
574,40,40,723,723,0,130,130,811,811,0,0.0011913271384322134,0.0011913271384322134,817,817,0,-1,2,2,15,2,45,482,962
575,46,252,781,964,183,94,94,736,736,0,0.0008509479560230097,0.0010892133837094523,776,812,36,3,3,3,13,6,242,295,452
576,8,109,474,880,406,38,38,431,431,0,6.807583648184077e-05,6.807583648184077e-05,445,445,0,5,4,4,16,5,50,476,547
577,0,0,1,1,0,0,0,1,1,0,0.0,0.0,1,1,0,-1,-1,-1,23,0,43,955,898
578,0,206,1,965,964,0,14,1,447,446,0.0,0.0005786446100956465,1,731,730,3,-1,4,5,0,555,228,138
579,115,216,922,966,44,86,86,934,934,0,0.003369753905851118,0.003437829742332959,935,938,3,5,2,2,7,23,477,122,309
580,0,206,1,973,972,0,8,1,481,480,0.0,0.0002382654276864427,1,594,593,3,-1,4,2,0,429,875,501
581,0,0,1,1,0,0,0,1,1,0,0.0,0.0,1,1,0,-1,-1,-1,10,0,298,359,489
582,79,180,877,954,77,70,70,895,895,0,0.00176997174852786,0.0018040096667687805,873,874,1,5,2,2,6,12,489,159,807
583,0,206,1,951,950,0,25,1,460,459,0.0,0.0007828721195411688,1,764,763,3,-1,4,9,0,414,790,327
584,8,8,547,547,0,11,11,481,481,0,0.0,0.0,1,1,0,-1,4,4,4,3,462,290,330
585,13,114,687,961,274,12,12,570,570,0,0.00030634126416828345,0.0004084550188910446,648,690,42,5,4,4,4,6,860,4,309
586,6,622,377,987,610,88,140,439,581,142,0.0,0.0005786446100956465,1,703,702,2,4,3,35,1,20,799,326
587,0,0,1,1,0,0,0,1,1,0,0.0,0.0,1,1,0,-1,-1,-1,10,0,241,930,832
588,16,222,710,986,276,18,22,844,868,24,0.00013615167296368154,0.004152626025392287,535,951,416,3,3,3,2,1,889,110,18
589,16,16,609,609,0,28,28,635,635,0,0.0002382654276864427,0.0002382654276864427,595,595,0,-1,3,3,5,1,247,152,738
590,8,214,484,956,472,18,26,426,491,65,3.4037918240920386e-05,0.00034037918240920387,404,646,242,3,4,4,7,2,296,602,29
591,16,118,586,913,327,38,38,673,673,0,0.0002042275094455223,0.000442492937131965,554,687,133,4,3,3,6,1,393,394,414
592,0,616,1,992,991,0,31,1,499,498,0.0,0.0011232513019503727,1,819,818,2,-1,3,9,0,164,945,130
593,59,265,857,976,119,40,40,776,776,0,0.0013955546478777359,0.0045270431260424114,849,948,99,3,3,3,5,15,412,92,51
594,103,103,939,939,0,38,38,886,886,0,0.0033357159876101976,0.0033357159876101976,937,937,0,-1,3,3,3,28,564,41,812
595,104,720,874,995,121,232,232,894,894,0,0.0009530617107457708,0.0019741992579733825,802,880,78,2,3,3,21,12,3,163,190
596,40,246,817,976,159,34,34,777,777,0,0.0010211375472276116,0.0016678579938050988,819,873,54,3,3,3,4,4,513,40,612
597,0,206,1,949,948,0,39,1,446,445,0.0,0.00037441710065012424,1,653,652,3,-1,4,15,0,81,858,404
598,0,206,1,973,972,0,14,1,580,579,0.0,0.0008169100377820892,1,796,795,3,-1,4,3,0,800,367,642
599,7,213,469,953,484,25,38,429,493,64,3.4037918240920386e-05,0.0007828721195411688,396,773,377,3,4,4,11,3,307,563,415
600,0,0,1,1,0,0,0,1,1,0,0.0,0.0,1,1,0,-1,-1,-1,2,0,763,880,235
601,134,236,936,975,39,96,96,951,951,0,0.0035059055788147996,0.004186663943633207,935,949,14,4,2,2,7,17,697,81,59
602,6,212,449,972,523,12,16,490,549,59,0.0002042275094455223,0.00034037918240920387,566,639,73,3,4,4,4,1,562,720,432
603,11,217,614,976,362,8,8,494,494,0,0.00037441710065012424,0.001599782157323258,672,865,193,3,4,4,2,4,609,365,58
604,1,103,332,881,549,13,24,332,404,72,0.0,0.0002723033459273631,1,613,612,4,6,5,13,1,228,972,107
605,0,102,1,911,910,0,7,1,389,388,0.0,0.00013615167296368154,1,519,518,4,-1,5,4,0,235,930,459
606,247,247,964,964,0,222,222,965,965,0,0.0057524081827155455,0.0057524081827155455,964,964,0,-1,2,2,14,29,172,142,660
607,18,18,678,678,0,20,20,629,629,0,0.0005105687736138058,0.0005105687736138058,716,716,0,-1,4,4,4,4,461,336,276
608,0,0,1,1,0,0,0,1,1,0,0.0,0.0,1,1,0,-1,-1,-1,3,0,829,604,583
609,6,107,449,917,468,14,14,484,484,0,6.807583648184077e-05,0.00013615167296368154,453,522,69,5,4,4,5,1,412,322,594
610,0,206,1,953,952,0,30,1,474,473,0.0,0.0005786446100956465,1,727,726,3,-1,4,9,0,213,845,336
611,32,648,749,994,245,52,82,722,866,144,0.00088498587426393,0.011232513019503728,789,983,194,2,3,3,7,5,466,283,11
612,0,101,1,914,913,0,5,1,331,330,0.0,3.4037918240920386e-05,1,412,411,5,-1,6,5,0,773,672,421
613,180,386,935,978,43,262,262,959,959,0,0.0018720855032506212,0.0020763130126961434,876,893,17,3,2,2,18,23,86,117,341
614,2,104,362,917,555,6,6,374,374,0,6.807583648184077e-05,0.00013615167296368154,442,523,81,4,5,5,4,1,762,592,704
615,29,29,749,749,0,20,20,574,574,0,0.0005105687736138058,0.0005105687736138058,717,717,0,-1,4,4,4,7,917,176,800
616,79,180,941,983,42,18,18,781,781,0,0.0018040096667687805,0.0019741992579733825,881,893,12,5,4,4,3,34,853,89,653
617,24,126,703,937,234,18,18,692,692,0,0.00037441710065012424,0.0006807583648184077,656,754,98,4,3,3,2,3,769,507,562
618,83,83,852,852,0,112,112,831,831,0,0.00088498587426393,0.00088498587426393,782,782,0,-1,3,3,12,13,58,120,864
619,2,2,354,354,0,13,13,402,402,0,0.0,0.0,1,1,0,-1,5,5,7,1,324,607,976
620,6,6,440,440,0,14,14,444,444,0,0.0,0.0,1,1,0,-1,4,4,7,1,698,807,715
621,0,616,1,989,988,0,90,1,602,601,0.0,0.002110350930937064,1,890,889,2,-1,3,16,0,59,996,158
622,6,107,433,921,488,10,10,458,458,0,0.0,0.00017018959120460194,1,553,552,5,4,4,3,2,726,495,523
623,114,730,877,991,114,236,236,881,881,0,0.001157289220191293,0.006467204465774873,819,960,141,2,3,3,21,15,54,62,9
624,8,214,519,970,451,14,18,460,513,53,0.00013615167296368154,0.00034037918240920387,524,658,134,3,4,4,5,4,766,239,287
625,0,0,1,1,0,0,0,1,1,0,0.0,0.0,1,1,0,-1,-1,-1,2,0,625,938,898
626,7,623,500,994,494,14,36,453,712,259,6.807583648184077e-05,0.005990673610401988,456,966,510,2,4,3,5,3,501,761,32
627,6,622,409,994,585,46,92,561,784,223,0.00013615167296368154,0.009428503352734947,517,978,461,2,4,3,11,1,155,958,23
628,17,17,680,680,0,14,14,568,568,0,0.00017018959120460194,0.00017018959120460194,546,546,0,-1,4,4,3,5,583,636,744
629,8,109,597,959,362,6,6,479,479,0,3.4037918240920386e-05,6.807583648184077e-05,399,450,51,6,5,5,3,8,883,302,692
630,102,203,953,981,28,32,32,946,946,0,0.003267640151128357,0.0034718676605738795,931,936,5,5,3,3,2,29,715,142,391
631,16,632,579,995,416,40,58,648,773,125,0.00013615167296368154,0.0024166921951053475,510,902,392,2,3,3,7,1,299,282,58
632,0,206,1,965,964,0,42,1,677,676,0.0,0.004731270635487933,1,957,956,3,-1,4,7,0,342,713,12
633,0,102,1,945,944,0,4,1,376,375,0.0,0.00030634126416828345,1,645,644,4,-1,5,3,0,867,918,562
634,138,240,953,979,26,84,84,976,976,0,0.005003573981415297,0.0053439531638245,952,955,3,4,2,2,5,23,629,117,461
635,6,212,429,972,543,13,26,444,612,168,0.00010211375472276115,0.0029612988869600733,482,922,440,3,4,4,5,1,561,552,142
636,0,102,1,928,927,0,4,1,371,370,0.0,0.00017018959120460194,1,546,545,4,-1,5,3,2,935,271,617
637,38,38,769,769,0,56,56,739,739,0,0.0005105687736138058,0.0005105687736138058,705,705,0,-1,3,3,8,3,365,248,568
638,0,206,1,967,966,0,9,1,429,428,0.0,0.00010211375472276115,1,481,480,3,-1,4,4,0,500,821,401
639,0,0,1,1,0,0,0,1,1,0,0.0,0.0,1,1,0,-1,-1,-1,4,0,655,982,844
640,0,206,1,958,957,0,26,1,496,495,0.0,0.001055175465468532,1,809,808,3,-1,4,7,0,366,973,146
641,3,209,440,978,538,4,8,405,501,96,0.00010211375472276115,0.0007488342013002485,495,773,278,3,5,4,2,2,894,430,186
642,8,214,519,970,451,14,14,460,460,0,0.00013615167296368154,0.00030634126416828345,524,647,123,3,4,4,5,4,766,239,259
643,0,206,1,969,968,0,14,1,470,469,0.0,0.0007828721195411688,1,777,776,3,-1,4,5,0,363,969,559
644,17,633,625,995,370,22,40,499,677,178,0.00030634126416828345,0.0024166921951053475,623,900,277,2,4,3,7,5,141,310,85
645,0,0,1,1,0,0,0,1,1,0,0.0,0.0,1,1,0,-1,-1,-1,4,1,614,841,908
646,6,108,457,930,473,18,18,554,554,0,0.00013615167296368154,0.0002723033459273631,520,620,100,4,4,4,5,1,435,840,711
647,0,0,1,1,0,0,0,1,1,0,0.0,0.0,1,1,0,-1,-1,-1,8,0,146,445,775
648,8,8,520,520,0,13,13,462,462,0,6.807583648184077e-05,6.807583648184077e-05,459,459,0,-1,4,4,5,3,519,441,967
649,6,622,431,997,566,24,34,626,726,100,0.0002042275094455223,0.004152626025392287,578,946,368,2,4,3,4,1,354,681,28
650,6,108,400,882,482,24,27,396,411,15,0.0,0.00017018959120460194,1,533,532,4,4,4,14,3,130,748,229
651,16,117,650,939,289,23,23,755,755,0,0.0005105687736138058,0.0005105687736138058,704,704,0,6,3,3,3,1,337,449,663
652,6,212,433,970,537,11,14,439,478,39,0.00010211375472276115,0.0004765308553728854,495,698,203,3,4,4,5,2,538,842,246
653,82,184,911,970,59,32,32,921,921,0,0.0028591851322373124,0.0030293747234419145,930,931,1,4,3,3,2,25,804,47,318
654,0,616,1,994,993,0,36,1,670,669,0.0,0.0038462847612240037,1,941,940,2,-1,3,5,0,546,845,112
655,294,294,968,968,0,228,228,985,985,0,0.006501242384015794,0.006501242384015794,968,968,0,-1,2,2,11,28,66,41,367
656,0,0,1,1,0,0,0,1,1,0,0.0,0.0,1,1,0,-1,-1,-1,3,0,613,976,864
657,1,207,333,953,620,11,24,333,416,83,0.0,0.00030634126416828345,1,616,615,3,6,4,11,2,233,448,237
658,0,102,1,930,929,0,6,1,393,392,0.0,0.0002723033459273631,1,616,615,4,-1,5,4,0,507,860,236
659,0,206,1,971,970,0,12,1,548,547,0.0,0.001599782157323258,1,869,868,3,-1,4,2,0,909,542,141
660,0,101,1,919,918,0,5,1,331,330,0.0,0.00010211375472276115,1,481,480,5,-1,6,5,0,644,953,666
661,16,16,753,753,0,8,8,599,599,0,0.0005786446100956465,0.0005786446100956465,739,739,0,-1,4,4,2,4,865,246,750
662,8,110,510,912,402,10,10,433,433,0,0.0002042275094455223,0.000442492937131965,563,679,116,4,4,4,3,2,731,425,391
663,0,206,1,974,973,0,18,1,612,611,0.0,0.0012594029749140542,1,841,840,3,-1,4,3,0,651,565,114
664,22,22,730,730,0,24,24,754,754,0,0.0002042275094455223,0.0002042275094455223,575,575,0,-1,3,3,3,3,579,505,712
665,14,114,683,953,270,10,10,561,561,0,0.00030634126416828345,0.00034037918240920387,640,656,16,5,4,4,3,7,796,134,506
666,39,245,829,981,152,22,22,780,780,0,0.0007147962830593281,0.0011232513019503727,766,834,68,3,3,3,2,11,429,52,249
667,12,12,666,666,0,12,12,686,686,0,0.0005786446100956465,0.0005786446100956465,734,734,0,-1,4,4,2,7,991,170,684
668,2,103,376,946,570,2,2,332,332,0,0.0,0.0,1,1,0,5,6,6,2,3,998,563,530
669,1,617,333,992,659,11,48,333,551,218,0.0,0.0019061234214915416,1,876,875,2,6,3,11,2,163,344,100
670,32,32,688,688,0,122,122,841,841,0,0.0008509479560230097,0.0008509479560230097,765,765,0,-1,3,3,12,6,87,471,943
671,2,104,366,927,561,4,4,383,383,0,0.00010211375472276115,0.00030634126416828345,485,634,149,4,5,5,2,2,971,805,391
672,7,109,544,942,398,14,14,577,577,0,0.00010211375472276115,0.0006467204465774873,479,741,262,4,4,4,3,2,670,549,219
673,2,104,372,947,575,4,4,424,424,0,0.0,3.4037918240920386e-05,1,394,393,4,5,5,2,2,938,690,799
674,157,363,931,977,46,94,94,836,836,0,0.0026209197045508697,0.0028932230504782326,911,915,4,3,3,3,9,20,202,94,409
675,24,24,809,809,0,18,18,738,738,0,0.0014636304843595766,0.0014636304843595766,873,873,0,-1,4,4,3,8,850,161,600
676,0,101,1,938,937,0,3,1,330,329,0.0,3.4037918240920386e-05,1,401,400,5,-1,6,3,0,903,978,576
677,0,102,1,904,903,0,8,1,358,357,0.0,0.0,1,1,0,4,-1,5,7,0,343,825,342
678,93,195,912,971,59,28,28,796,796,0,0.0026889955410327104,0.002927260968719153,918,922,4,4,3,3,3,20,842,94,453
679,32,32,777,777,0,22,22,595,595,0,0.0004084550188910446,0.0004084550188910446,678,678,0,-1,4,4,5,11,456,316,725
680,26,26,730,730,0,26,26,612,612,0,0.00088498587426393,0.00088498587426393,792,792,0,-1,4,4,5,9,386,245,641
681,99,305,913,983,70,22,22,779,779,0,0.0026889955410327104,0.0031314884781646754,918,931,13,3,3,3,2,18,990,55,412
682,45,45,837,837,0,24,24,735,735,0,0.0012594029749140542,0.0012594029749140542,840,840,0,-1,4,4,4,19,811,184,866
683,0,206,1,973,972,0,15,1,491,490,0.0,0.0008169100377820892,1,782,781,3,-1,4,6,0,529,959,148
684,0,0,1,1,0,0,0,1,1,0,0.0,0.0,1,1,0,-1,-1,-1,5,0,534,201,965
685,0,102,1,907,906,0,11,1,380,379,0.0,6.807583648184077e-05,1,442,441,4,-1,5,8,0,442,786,378
686,9,9,562,562,0,22,22,564,564,0,0.00013615167296368154,0.00013615167296368154,517,517,0,-1,4,4,5,3,534,291,571
687,0,0,1,1,0,0,0,1,1,0,0.0,0.0,1,1,0,-1,-1,-1,3,0,676,956,849
688,2,2,360,360,0,10,10,406,406,0,6.807583648184077e-05,6.807583648184077e-05,450,450,0,-1,5,5,6,1,399,416,800
689,108,209,943,977,34,22,22,795,795,0,0.003267640151128357,0.003267640151128357,937,937,0,7,3,3,2,28,747,41,626
690,0,101,1,938,937,0,3,1,331,330,0.0,0.0,1,1,0,5,-1,6,3,0,903,938,530
691,162,162,959,959,0,22,22,710,710,0,0.003437829742332959,0.003437829742332959,936,936,0,-1,3,3,2,38,893,111,918
692,0,102,1,876,875,0,16,1,366,365,0.0,3.4037918240920386e-05,1,398,397,4,-1,5,12,0,87,760,313
693,2,104,364,927,563,9,10,412,431,19,6.807583648184077e-05,0.00037441710065012424,443,661,218,4,5,5,5,1,533,531,258
694,0,0,1,1,0,0,0,1,1,0,0.0,0.0,1,1,0,-1,-1,-1,2,0,971,926,569
695,0,102,1,914,913,0,4,1,380,379,0.0,0.0002382654276864427,1,591,590,4,-1,5,2,0,769,877,29
696,16,117,560,901,341,84,84,823,823,0,0.0007147962830593281,0.0007147962830593281,752,752,0,5,3,3,9,1,178,480,676
697,6,6,444,444,0,16,16,528,528,0,0.0002042275094455223,0.0002042275094455223,589,589,0,-1,4,4,4,1,649,420,932
698,22,123,766,959,193,12,12,721,721,0,0.002314578440382586,0.0023486163586235067,905,906,1,5,4,4,2,6,760,73,463
699,0,102,1,904,903,0,12,1,385,384,0.0,3.4037918240920386e-05,1,415,414,4,-1,5,8,0,309,941,291
700,14,220,575,967,392,30,30,630,630,0,0.0005446066918547262,0.0008169100377820892,723,788,65,3,4,4,5,3,571,507,211
701,1,103,333,902,569,8,9,333,357,24,0.0,6.807583648184077e-05,1,443,442,4,6,5,8,1,454,703,238
702,0,102,1,890,889,0,8,1,351,350,0.0,0.0,1,1,0,4,-1,5,7,0,372,858,837
703,0,206,1,975,974,0,12,1,482,481,0.0,0.0007488342013002485,1,762,761,3,-1,4,4,0,660,845,130
704,40,40,769,769,0,92,92,873,873,0,0.0012594029749140542,0.0012594029749140542,831,831,0,-1,2,2,8,1,225,480,782
705,6,622,400,988,588,66,80,577,638,61,0.0002723033459273631,0.0007147962830593281,609,738,129,2,4,3,15,1,102,741,165
706,0,0,1,1,0,0,0,1,1,0,0.0,0.0,1,1,0,-1,-1,-1,3,1,585,852,921
707,2,208,375,979,604,6,10,486,560,74,3.4037918240920386e-05,0.0012594029749140542,404,838,434,3,5,4,3,1,796,958,87
708,2,208,350,941,591,25,30,370,383,13,3.4037918240920386e-05,3.4037918240920386e-05,397,397,0,3,5,4,19,1,148,781,597
709,120,120,886,886,0,158,158,832,832,0,0.0012594029749140542,0.0012594029749140542,826,826,0,-1,3,3,17,17,10,60,971
710,9,111,554,921,367,22,22,548,548,0,0.00013615167296368154,0.0005105687736138058,524,715,191,4,4,4,5,3,382,536,199
711,100,100,941,941,0,100,100,998,998,0,0.07549610265836142,0.08257598965247286,999,999,0,2,1,1,2,3,979,373,7
712,6,212,489,979,490,10,14,528,624,96,3.4037918240920386e-05,0.0009870996289866913,403,811,408,3,4,4,3,1,693,689,415
713,0,0,1,1,0,0,0,1,1,0,0.0,0.0,1,1,0,-1,-1,-1,10,0,169,571,833
714,94,196,912,972,60,50,50,860,860,0,0.0022465026039007454,0.002314578440382586,899,900,1,4,3,3,5,20,647,49,667
715,6,107,458,933,475,13,13,478,478,0,0.0,0.0,1,1,0,7,4,4,5,2,685,575,972
716,0,206,1,959,958,0,18,1,424,423,0.0,0.00030634126416828345,1,617,616,3,-1,4,8,0,415,973,439
717,163,265,956,979,23,78,78,961,961,0,0.006126825283365669,0.006331052792811192,969,970,1,4,2,2,4,29,652,142,134
718,68,170,843,946,103,74,74,797,797,0,0.0014636304843595766,0.001497668402600497,840,843,3,4,3,3,9,12,395,100,714
719,0,102,1,888,887,0,13,1,345,344,0.0,6.807583648184077e-05,1,446,445,4,-1,5,12,0,226,433,543
720,22,638,643,993,350,41,88,558,816,258,0.0004084550188910446,0.01065386840940808,669,978,309,2,3,3,11,5,248,225,37
721,28,234,696,968,272,52,52,696,696,0,0.0007147962830593281,0.0016338200755641784,750,853,103,3,3,3,7,6,193,192,255
722,46,46,697,697,0,214,214,707,707,0,0.000442492937131965,0.000442492937131965,666,666,0,-1,2,2,35,3,20,197,956
723,0,102,1,940,939,0,3,1,370,369,0.0,3.4037918240920386e-05,1,410,409,4,-1,5,2,0,804,909,260
724,0,206,1,955,954,0,24,1,430,429,0.0,0.00034037918240920387,1,644,643,3,-1,4,10,0,125,940,318
725,19,19,621,621,0,38,38,513,513,0,0.00034037918240920387,0.00034037918240920387,652,652,0,-1,3,3,10,4,189,442,695
726,2,2,359,359,0,14,14,409,409,0,0.00010211375472276115,0.00010211375472276115,479,479,0,-1,5,5,7,1,118,531,707
727,1,1,332,332,0,3,3,332,332,0,0.0,0.0,1,1,0,-1,6,6,3,1,729,140,517
728,2,2,346,346,0,13,13,346,346,0,0.0,0.0,1,1,0,-1,5,5,12,1,226,140,883
729,16,118,569,905,336,54,54,609,609,0,0.00034037918240920387,0.0004765308553728854,645,686,41,4,3,3,10,1,152,452,230
730,0,101,1,952,951,0,2,1,331,330,0.0,0.0,1,1,0,5,-1,6,2,0,994,985,842
731,0,102,1,942,941,0,3,1,375,374,0.0,0.00010211375472276115,1,494,493,4,-1,5,2,0,771,569,646
732,6,6,403,403,0,17,17,403,403,0,3.4037918240920386e-05,3.4037918240920386e-05,391,391,0,-1,4,4,9,1,389,601,660
733,7,213,553,976,423,12,12,597,597,0,0.0002382654276864427,0.0014636304843595766,605,871,266,3,4,4,2,3,771,354,128
734,0,102,1,889,888,0,16,1,373,372,0.0,0.00017018959120460194,1,532,531,4,-1,5,11,0,233,777,491
735,0,102,1,930,929,0,3,1,374,373,0.0,0.0,1,1,0,4,-1,5,2,0,934,971,885
736,0,0,1,1,0,0,0,1,1,0,0.0,0.0,1,1,0,-1,-1,-1,9,2,245,775,938
737,24,230,738,977,239,12,12,562,562,0,0.0007828721195411688,0.0018380475850097008,783,887,104,3,4,4,2,6,971,461,79
738,0,0,1,1,0,0,0,1,1,0,0.0,0.0,1,1,0,-1,-1,-1,6,0,486,803,854
739,4,620,412,992,580,14,54,397,684,287,0.0,0.002995336805200994,1,927,926,2,5,3,8,2,260,602,17
740,0,206,1,960,959,0,18,1,422,421,0.0,0.00013615167296368154,1,511,510,3,-1,4,8,1,223,706,451
741,12,12,511,511,0,40,40,496,496,0,3.4037918240920386e-05,3.4037918240920386e-05,404,404,0,-1,4,4,12,3,58,361,515
742,0,616,1,997,996,0,26,1,718,717,0.0,0.004152626025392287,1,946,945,2,-1,3,4,0,758,678,119
743,26,26,785,785,0,22,22,837,837,0,0.0014295925661186562,0.0014295925661186562,860,860,0,-1,3,3,2,6,906,234,794
744,0,206,1,965,964,0,14,1,415,414,0.0,0.00013615167296368154,1,506,505,3,-1,4,7,0,141,936,690
745,14,220,605,971,366,14,18,532,591,59,0.0002723033459273631,0.0013955546478777359,623,857,234,3,4,4,3,3,737,596,397
746,257,463,965,987,22,172,172,982,982,0,0.0053099152455835805,0.005446066918547262,957,958,1,3,2,2,9,31,351,35,468
747,0,0,1,1,0,0,0,1,1,0,0.0,0.0,1,1,0,-1,-1,-1,5,0,571,359,897
748,2,208,370,976,606,4,14,371,587,216,6.807583648184077e-05,0.0036760951700194017,448,936,488,3,5,4,3,1,710,788,18
749,19,19,613,613,0,47,47,510,510,0,0.0002382654276864427,0.0002382654276864427,575,575,0,-1,4,4,14,5,84,487,672
750,7,108,534,943,409,6,6,420,420,0,0.0002382654276864427,0.0002723033459273631,584,607,23,5,5,5,3,4,903,156,208
751,2,618,359,997,638,7,36,374,745,371,3.4037918240920386e-05,0.005412029000306341,391,961,570,2,5,3,5,1,604,265,74
752,0,616,1,991,990,0,72,1,598,597,0.0,0.0016678579938050988,1,867,866,2,-1,3,13,0,165,911,109
753,13,219,582,967,385,24,28,544,582,38,0.0002382654276864427,0.0011913271384322134,590,822,232,3,4,4,6,3,441,291,62
754,6,108,424,908,484,18,18,449,449,0,0.0002042275094455223,0.00037441710065012424,566,665,99,4,4,4,7,1,343,110,810
755,174,276,954,974,20,108,108,938,938,0,0.003369753905851118,0.0034718676605738795,930,932,2,4,3,3,8,25,286,47,401
756,4,620,426,997,571,7,26,402,720,318,6.807583648184077e-05,0.002382654276864427,445,908,463,2,5,3,4,5,280,401,193
757,6,6,444,444,0,16,16,464,464,0,0.00010211375472276115,0.00010211375472276115,484,484,0,-1,4,4,7,1,439,552,867
758,66,272,896,986,90,12,12,609,609,0,0.0013274788113958951,0.002212464685659825,854,902,48,3,4,4,2,19,976,59,677
759,0,206,1,972,971,0,14,1,551,550,0.0,0.0011913271384322134,1,839,838,3,-1,4,3,0,842,863,42
760,0,0,1,1,0,0,0,1,1,0,0.0,0.0,1,1,0,-1,-1,-1,14,0,47,707,970
761,0,102,1,876,875,0,15,1,352,351,0.0,0.0,1,1,0,4,-1,5,14,0,154,815,577
762,18,224,673,975,302,32,32,919,919,0,0.0005446066918547262,0.0012594029749140542,725,849,124,3,3,3,2,4,990,305,326
763,34,240,797,977,180,18,18,613,613,0,0.00088498587426393,0.0014636304843595766,789,854,65,3,4,4,3,9,651,294,284
764,0,102,1,930,929,0,4,1,366,365,0.0,0.0005105687736138058,1,712,711,4,-1,5,3,0,712,436,396
765,0,101,1,912,911,0,4,1,332,331,0.0,0.00017018959120460194,1,542,541,5,-1,6,4,0,759,729,378
766,28,28,658,658,0,124,124,802,802,0,0.0006126825283365669,0.0006126825283365669,726,726,0,-1,3,3,14,5,121,306,644
767,1,1,333,333,0,7,7,333,333,0,6.807583648184077e-05,6.807583648184077e-05,443,443,0,-1,6,6,7,1,305,603,729
768,117,117,908,908,0,74,74,753,753,0,0.0017359338302869397,0.0017359338302869397,871,871,0,-1,3,3,9,26,316,127,813
769,0,206,1,957,956,0,36,1,606,605,0.0,0.00176997174852786,1,871,870,3,-1,4,6,0,378,783,95
770,0,102,1,926,925,0,5,1,364,363,0.0,6.807583648184077e-05,1,447,446,4,-1,5,4,0,682,986,891
771,213,315,957,977,20,134,134,942,942,0,0.002927260968719153,0.0030634126416828346,925,928,3,4,3,3,9,31,213,35,410
772,0,206,1,976,975,0,8,1,506,505,0.0,0.0007488342013002485,1,771,770,3,-1,4,2,0,816,994,189
773,0,0,1,1,0,0,0,1,1,0,0.0,0.0,1,1,0,-1,-1,-1,2,0,920,867,858
774,0,102,1,886,885,0,14,1,366,365,0.0,6.807583648184077e-05,1,439,438,4,-1,5,11,0,188,768,496
775,0,206,1,967,966,0,12,1,456,455,0.0,0.00017018959120460194,1,552,551,3,-1,4,5,0,412,803,869
776,16,16,577,577,0,46,46,657,657,0,0.0002042275094455223,0.0002042275094455223,566,566,0,-1,3,3,8,1,418,720,918
777,6,108,398,889,491,39,39,458,458,0,6.807583648184077e-05,6.807583648184077e-05,444,444,0,4,4,4,14,1,144,607,879
778,24,24,640,640,0,75,75,593,593,0,0.000442492937131965,0.000442492937131965,675,675,0,-1,4,4,18,7,29,115,890
779,92,92,877,877,0,62,62,793,793,0,0.0020422750944552232,0.0020422750944552232,884,884,0,-1,3,3,7,15,637,153,513
780,165,371,932,978,46,166,166,943,943,0,0.0033016780693692774,0.0036760951700194017,928,935,7,3,2,2,12,22,58,203,479
781,0,0,1,1,0,0,0,1,1,0,0.0,0.0,1,1,0,-1,-1,-1,2,0,925,644,880
782,24,126,664,914,250,38,38,614,614,0,0.0004765308553728854,0.0006467204465774873,685,732,47,4,4,4,7,4,182,246,365
783,10,111,622,954,332,12,12,634,634,0,0.0007147962830593281,0.0007147962830593281,782,782,0,5,4,4,2,4,681,336,421
784,212,418,963,984,21,126,126,965,965,0,0.0034037918240920387,0.0035739814152966403,936,941,5,3,2,2,7,33,216,15,541
785,0,206,1,957,956,0,19,1,436,435,0.0,0.0002382654276864427,1,591,590,3,-1,4,8,0,301,831,545
786,2,2,369,369,0,5,5,390,390,0,3.4037918240920386e-05,3.4037918240920386e-05,402,402,0,-1,5,5,3,3,774,460,917
787,0,0,1,1,0,0,0,1,1,0,0.0,0.0,1,1,0,-1,-1,-1,14,0,268,939,773
788,10,111,534,908,374,26,26,578,578,0,0.00017018959120460194,0.00017018959120460194,536,536,0,7,4,4,5,3,426,385,765
789,13,13,632,632,0,14,14,565,565,0,0.0005105687736138058,0.0005105687736138058,719,719,0,-1,4,4,3,3,861,280,949
790,2,104,359,906,547,6,7,360,374,14,0.0,6.807583648184077e-05,1,451,450,4,5,5,5,1,474,893,756
791,16,117,553,895,342,46,46,584,584,0,0.00013615167296368154,0.00013615167296368154,498,498,0,5,3,3,10,1,272,810,896
792,569,569,996,996,0,104,104,981,981,0,0.014636304843595765,0.014636304843595765,991,991,0,-1,2,2,5,96,616,1,874
793,8,8,538,538,0,10,10,515,515,0,3.4037918240920386e-05,3.4037918240920386e-05,406,406,0,-1,4,4,3,2,882,599,548
794,117,117,933,933,0,44,44,848,848,0,0.0018380475850097008,0.0018380475850097008,882,882,0,-1,3,3,4,27,753,61,728
795,0,0,1,1,0,0,0,1,1,0,0.0,0.0,1,1,0,-1,-1,-1,2,0,962,982,834
796,0,0,1,1,0,0,0,1,1,0,0.0,0.0,1,1,0,-1,-1,-1,4,0,675,817,780
797,0,616,1,995,994,0,50,1,676,675,0.0,0.002212464685659825,1,895,894,2,-1,3,8,0,420,696,55
798,6,212,528,986,458,8,8,567,567,0,0.00013615167296368154,0.0008169100377820892,524,782,258,3,4,4,2,1,982,870,490
799,54,260,748,956,208,132,136,699,705,6,0.00034037918240920387,0.0020763130126961434,636,882,246,3,3,3,19,6,19,275,66
800,237,853,955,999,44,334,334,973,973,0,0.004663194799006093,0.005922597773920147,947,961,14,2,2,2,21,27,1,304,137
801,0,101,1,899,898,0,7,1,332,331,0.0,0.0,1,1,0,5,-1,6,7,0,362,996,484
802,0,0,1,1,0,0,0,1,1,0,0.0,0.0,1,1,0,-1,-1,-1,5,0,604,981,643
803,100,100,876,876,0,100,100,874,874,0,0.026651689982640663,0.027094182919772627,998,998,0,3,1,1,9,81,191,32,221
804,10,626,501,991,490,38,52,502,602,100,0.00013615167296368154,0.0007488342013002485,506,769,263,2,4,3,9,3,101,307,404
805,42,42,784,784,0,42,42,721,721,0,0.00037441710065012424,0.00037441710065012424,664,664,0,-1,3,3,6,13,536,256,946
806,2,104,392,964,572,4,4,452,452,0,0.00010211375472276115,0.00010211375472276115,504,504,0,4,5,5,2,1,810,720,416
807,120,222,929,969,40,70,70,923,923,0,0.0036760951700194017,0.004118588107151367,946,951,5,4,3,3,5,19,311,135,338
808,0,0,1,1,0,0,0,1,1,0,0.0,0.0,1,1,0,-1,-1,-1,6,0,587,976,511
809,125,226,958,979,21,48,48,957,957,0,0.004322815616596889,0.004322815616596889,952,952,0,7,3,3,3,30,871,39,640
810,6,108,460,930,470,10,10,458,458,0,6.807583648184077e-05,0.0008509479560230097,454,790,336,4,5,5,5,3,629,704,186
811,34,650,770,997,227,34,48,684,798,114,0.00034037918240920387,0.0020763130126961434,632,883,251,2,3,3,6,3,515,93,87
812,34,34,792,792,0,20,20,612,612,0,0.0011232513019503727,0.0011232513019503727,826,826,0,-1,4,4,4,11,611,193,874
813,12,218,514,954,440,54,54,583,583,0,0.00013615167296368154,0.00037441710065012424,521,656,135,3,4,4,11,2,220,634,339
814,14,115,641,945,304,14,14,579,579,0,0.00010211375472276115,0.00010211375472276115,493,493,0,7,4,4,3,3,844,596,640
815,6,212,437,970,533,21,26,544,603,59,0.0,0.001497668402600497,1,850,849,3,4,4,5,1,528,463,68
816,44,146,829,949,120,40,40,767,767,0,0.0009530617107457708,0.0013955546478777359,816,855,39,4,3,3,5,9,314,414,351
817,7,213,506,968,462,13,22,443,552,109,0.00017018959120460194,0.001497668402600497,555,854,299,3,4,4,5,2,438,383,203
818,6,108,451,930,479,22,22,573,573,0,0.00010211375472276115,0.0002723033459273631,500,613,113,4,4,4,5,1,688,667,368
819,31,31,769,769,0,44,44,831,831,0,0.0012253650566731338,0.0012253650566731338,840,840,0,-1,3,3,4,6,512,114,673
820,23,124,783,959,176,8,8,539,539,0,0.0008509479560230097,0.0008509479560230097,793,793,0,5,4,4,2,8,760,161,896
821,12,12,624,624,0,12,12,520,520,0,0.0004765308553728854,0.0004765308553728854,708,708,0,-1,4,4,4,5,679,308,201
822,52,52,834,834,0,34,34,786,786,0,0.0020422750944552232,0.0020422750944552232,883,883,0,-1,3,3,4,9,740,277,846
823,2,2,350,350,0,18,18,365,365,0,0.0,0.0,1,1,0,-1,5,5,14,1,268,788,638
824,7,108,596,965,369,7,7,581,581,0,6.807583648184077e-05,6.807583648184077e-05,452,452,0,5,4,4,2,2,981,22,342
825,16,632,573,996,423,36,54,597,758,161,0.0004084550188910446,0.0026889955410327104,660,910,250,2,3,3,7,1,472,607,69
826,33,134,854,977,123,14,14,736,736,0,0.0008509479560230097,0.0008509479560230097,805,805,0,9,4,4,3,15,812,92,647
827,338,338,975,975,0,184,184,982,982,0,0.007624493685966166,0.007624493685966166,968,968,0,-1,2,2,11,54,174,28,922
828,0,102,1,951,950,0,4,1,418,417,0.0,0.0006807583648184077,1,765,764,4,-1,5,2,0,897,782,125
829,7,623,492,996,504,20,38,471,666,195,6.807583648184077e-05,0.0019741992579733825,438,880,442,2,4,3,6,2,514,749,64
830,0,102,1,963,962,0,3,1,397,396,0.0,0.0002042275094455223,1,577,576,4,-1,5,2,0,749,993,785
831,30,236,794,979,185,18,18,652,652,0,0.0008169100377820892,0.0032336022328874367,794,926,132,3,4,4,3,6,729,194,142
832,60,161,815,931,116,80,80,746,746,0,0.0009870996289866913,0.0010211375472276116,801,806,5,5,3,3,10,10,75,195,563
833,24,24,690,690,0,44,44,683,683,0,0.0004084550188910446,0.0004084550188910446,680,680,0,-1,3,3,7,6,413,247,939
834,0,206,1,978,977,0,7,1,469,468,0.0,0.00017018959120460194,1,536,535,3,-1,4,2,1,643,738,625
835,35,35,772,772,0,46,46,727,727,0,0.00030634126416828345,0.00030634126416828345,624,624,0,-1,3,3,7,5,336,241,777
836,10,10,531,531,0,32,32,508,508,0,0.00010211375472276115,0.00010211375472276115,492,492,0,-1,4,4,8,4,186,220,254
837,4,105,484,958,474,6,6,479,479,0,0.0002042275094455223,0.00037441710065012424,594,680,86,5,5,5,3,4,883,149,188
838,0,616,1,996,995,0,58,1,653,652,0.0,0.0027911092957554717,1,914,913,2,-1,3,10,0,211,638,102
839,40,40,808,808,0,24,24,654,654,0,0.001599782157323258,0.001599782157323258,868,868,0,-1,4,4,4,12,741,100,775
840,0,102,1,927,926,0,8,1,458,457,0.0,0.0,1,1,0,4,-1,5,4,0,824,768,609
841,16,16,552,552,0,47,47,608,608,0,0.0007828721195411688,0.0007828721195411688,758,758,0,-1,3,3,8,1,370,862,753
842,5,107,498,947,449,6,6,468,468,0,6.807583648184077e-05,6.807583648184077e-05,465,465,0,4,5,5,3,6,790,406,313
843,0,101,1,887,886,0,7,1,332,331,0.0,3.4037918240920386e-05,1,407,406,5,-1,6,7,0,299,838,788
844,0,206,1,940,939,0,33,1,399,398,0.0,0.0,1,1,0,3,-1,4,18,0,111,228,395
845,0,101,1,932,931,0,4,1,330,329,0.0,6.807583648184077e-05,1,444,443,5,-1,6,4,0,772,796,214
846,0,616,1,996,995,0,28,1,538,537,0.0,0.0014636304843595766,1,845,844,2,-1,3,7,1,171,539,451
847,0,206,1,952,951,0,20,1,404,403,0.0,0.00017018959120460194,1,543,542,3,-1,4,10,0,109,766,652
848,16,222,498,950,452,59,71,472,506,34,0.00017018959120460194,0.0005105687736138058,531,698,167,3,3,3,19,1,46,862,610
849,0,206,1,956,955,0,27,1,443,442,0.0,0.000442492937131965,1,682,681,3,-1,4,11,0,234,786,610
850,138,240,954,975,21,54,54,931,931,0,0.0035739814152966403,0.003608019333537561,929,931,2,4,3,3,4,30,543,75,661
851,10,10,661,661,0,8,8,599,599,0,0.00013615167296368154,0.00013615167296368154,531,531,0,-1,4,4,2,4,981,202,695
852,0,0,1,1,0,0,0,1,1,0,0.0,0.0,1,1,0,-1,-1,-1,7,0,658,769,502
853,0,206,1,982,981,0,8,1,536,535,0.0,0.001055175465468532,1,822,821,3,-1,4,2,0,686,758,352
854,1,103,332,934,602,3,6,332,416,84,0.0,0.0005446066918547262,1,712,711,4,6,5,3,3,912,748,559
855,0,101,1,944,943,0,2,1,331,330,0.0,0.0,1,1,0,6,-1,7,2,1,960,472,748
856,10,111,637,957,320,8,8,548,548,0,0.00034037918240920387,0.00034037918240920387,650,650,0,6,4,4,2,4,830,645,181
857,12,12,512,512,0,37,37,475,475,0,6.807583648184077e-05,6.807583648184077e-05,442,442,0,-1,4,4,11,2,167,680,753
858,4,4,441,441,0,6,6,422,422,0,6.807583648184077e-05,6.807583648184077e-05,436,436,0,-1,5,5,3,3,829,290,977
859,0,206,1,976,975,0,8,1,513,512,0.0,0.0002723033459273631,1,627,626,3,-1,4,2,0,976,858,406
860,14,116,641,945,304,14,14,579,579,0,0.0002382654276864427,0.0002382654276864427,596,596,0,4,4,4,3,5,826,182,627
861,16,118,607,922,315,25,25,571,571,0,0.00013615167296368154,0.0002723033459273631,517,616,99,4,3,3,6,2,266,662,279
862,0,0,1,1,0,0,0,1,1,0,0.0,0.0,1,1,0,-1,-1,-1,4,0,891,850,426
863,2,104,377,948,571,3,4,379,421,42,3.4037918240920386e-05,0.0004765308553728854,409,705,296,4,5,5,2,1,986,879,382
864,36,36,782,782,0,44,44,855,855,0,0.0014636304843595766,0.0014636304843595766,856,856,0,-1,3,3,4,4,547,207,890
865,40,246,729,958,229,78,82,606,616,10,0.00017018959120460194,0.0005446066918547262,544,703,159,3,3,3,14,5,127,182,154
866,16,222,649,975,326,32,36,746,761,15,0.00034037918240920387,0.0007147962830593281,644,754,110,3,3,3,5,1,720,609,842
867,1,102,330,980,650,2,2,330,330,0,0.0,0.00013615167296368154,1,541,540,6,6,6,2,2,955,690,220
868,1,102,332,957,625,2,2,332,332,0,0.0,6.807583648184077e-05,1,447,446,5,6,6,2,1,985,469,22
869,0,0,1,1,0,0,0,1,1,0,0.0,0.0,1,1,0,-1,-1,-1,2,0,896,999,817
870,0,206,1,965,964,0,14,1,441,440,0.0,0.0005786446100956465,1,716,715,3,-1,4,6,1,441,705,500
871,26,232,728,975,247,50,50,841,841,0,0.0011232513019503727,0.0012934408931549745,826,843,17,3,3,3,5,4,565,207,107
872,0,101,1,915,914,0,5,1,332,331,0.0,0.00017018959120460194,1,551,550,5,-1,6,5,0,570,728,691
873,6,107,496,947,451,8,8,520,520,0,6.807583648184077e-05,0.00013615167296368154,449,525,76,5,4,4,2,1,947,689,594
874,6,108,396,887,491,30,34,407,434,27,0.0,6.807583648184077e-05,1,445,444,4,4,4,14,1,21,503,363
875,0,206,1,949,948,0,36,1,480,479,0.0,0.0005786446100956465,1,724,723,3,-1,4,12,0,184,897,143
876,47,149,849,957,108,24,24,766,766,0,0.0010211375472276116,0.0011232513019503727,811,828,17,4,3,3,3,9,901,130,408
877,0,0,1,1,0,0,0,1,1,0,0.0,0.0,1,1,0,-1,-1,-1,12,0,175,925,851
878,22,22,590,590,0,108,108,615,615,0,0.00034037918240920387,0.00034037918240920387,625,625,0,-1,3,3,22,2,55,425,745
879,0,206,1,972,971,0,8,1,480,479,0.0,0.0010892133837094523,1,830,829,3,-1,4,2,2,589,775,261
880,145,145,942,942,0,62,62,812,812,0,0.0024166921951053475,0.0024166921951053475,907,907,0,-1,3,3,7,28,156,98,520
881,60,60,927,927,0,22,22,909,909,0,0.002382654276864427,0.002382654276864427,910,910,0,-1,3,3,2,20,807,95,664
882,74,74,905,905,0,28,28,811,811,0,0.001497668402600497,0.001497668402600497,872,872,0,-1,3,3,3,21,732,157,672
883,0,616,1,998,997,0,30,1,748,747,0.0,0.002995336805200994,1,925,924,2,-1,3,4,0,344,455,38
884,76,177,918,976,58,22,22,822,822,0,0.0013274788113958951,0.0013274788113958951,847,847,0,6,3,3,2,18,960,64,331
885,0,0,1,1,0,0,0,1,1,0,0.0,0.0,1,1,0,-1,-1,-1,2,1,799,583,902
886,0,206,1,954,953,0,19,1,410,409,0.0,0.0002723033459273631,1,605,604,3,-1,4,9,2,327,752,504
887,0,206,1,957,956,0,20,1,448,447,0.0,0.00088498587426393,1,781,780,3,-1,4,8,0,142,665,59
888,18,18,715,715,0,22,22,837,837,0,0.0006467204465774873,0.0006467204465774873,754,754,0,-1,3,3,2,4,979,442,542
889,2,208,353,952,599,24,31,394,423,29,0.0,0.00013615167296368154,1,510,509,3,5,4,15,1,138,265,468
890,16,222,674,980,306,24,24,794,794,0,0.0005446066918547262,0.0008169100377820892,726,781,55,3,3,3,3,2,953,691,149
891,111,211,961,984,23,46,46,984,984,0,0.00803294870485721,0.008543517478471017,978,981,3,4,2,2,2,26,991,108,193
892,0,102,1,923,922,0,6,1,399,398,0.0,0.0002382654276864427,1,609,608,4,-1,5,3,0,746,945,378
893,26,26,719,719,0,20,20,564,564,0,0.0002723033459273631,0.0002723033459273631,633,633,0,-1,4,4,4,7,516,303,912
894,0,101,1,911,910,0,6,1,332,331,0.0,0.0,1,1,0,5,-1,6,6,0,582,517,687
895,0,101,1,924,923,0,4,1,331,330,0.0,0.0,1,1,0,6,-1,7,4,2,633,462,543
896,56,56,768,768,0,190,190,847,847,0,0.0013955546478777359,0.0013955546478777359,836,836,0,-1,3,3,20,10,70,227,801
897,0,0,1,1,0,0,0,1,1,0,0.0,0.0,1,1,0,-1,-1,-1,3,0,958,989,750
898,0,0,1,1,0,0,0,1,1,0,0.0,0.0,1,1,0,-1,-1,-1,7,0,497,930,502
899,5,107,451,934,483,9,9,436,436,0,6.807583648184077e-05,0.0005786446100956465,447,723,276,4,5,5,5,4,727,319,312
900,38,38,796,796,0,30,30,704,704,0,0.0012594029749140542,0.0012594029749140542,834,834,0,-1,4,4,5,13,291,255,573
901,16,16,555,555,0,44,44,528,528,0,6.807583648184077e-05,6.807583648184077e-05,442,442,0,-1,3,3,11,2,167,560,967
902,242,242,966,966,0,102,102,912,912,0,0.0045270431260424114,0.0045270431260424114,948,948,0,-1,2,2,8,38,358,111,776
903,0,616,1,992,991,0,29,1,504,503,0.0,0.0013955546478777359,1,842,841,2,-1,3,10,0,527,946,486
904,66,168,843,950,107,88,88,889,889,0,0.001055175465468532,0.0012934408931549745,816,840,24,4,3,3,8,11,440,83,424
905,24,230,705,967,262,68,68,824,824,0,0.0008509479560230097,0.0012594029749140542,781,834,53,3,3,3,8,4,318,407,252
906,27,27,687,687,0,50,50,624,624,0,0.00017018959120460194,0.00017018959120460194,542,542,0,-1,4,4,9,9,192,191,678
907,0,0,1,1,0,0,0,1,1,0,0.0,0.0,1,1,0,-1,-1,-1,6,0,255,995,678
908,12,218,617,978,361,10,14,508,577,69,0.0004084550188910446,0.0018380475850097008,676,874,198,3,4,4,3,6,288,613,144
909,0,0,1,1,0,0,0,1,1,0,0.0,0.0,1,1,0,-1,-1,-1,7,0,472,533,852
910,6,6,448,448,0,10,10,461,461,0,0.0002042275094455223,0.0002042275094455223,566,566,0,-1,4,4,3,1,801,527,732
911,11,217,630,980,350,8,8,590,590,0,0.00030634126416828345,0.0006126825283365669,659,765,106,3,4,4,2,4,283,312,869
912,0,206,1,975,974,0,8,1,485,484,0.0,0.0025188059498281084,1,912,911,3,-1,4,2,0,752,644,75
913,54,260,779,965,186,92,92,713,713,0,0.0006467204465774873,0.0012253650566731338,731,827,96,3,3,3,12,10,175,195,218
914,6,1646,396,1000,604,54,88,571,743,172,6.807583648184077e-05,0.009020048333843901,439,974,535,1,4,2,11,3,162,260,274
915,33,135,741,923,182,46,46,738,738,0,0.0009190237925048504,0.0009870996289866913,794,803,9,4,3,3,6,10,473,266,384
916,33,33,754,754,0,38,38,645,645,0,0.0008509479560230097,0.0008509479560230097,787,787,0,-1,4,4,7,10,336,366,784
917,0,206,1,972,971,0,10,1,459,458,0.0,0.0002042275094455223,1,569,568,3,-1,4,4,0,635,987,93
918,0,102,1,895,894,0,9,1,352,351,0.0,0.0,1,1,0,4,-1,5,8,0,334,520,662
919,2,104,371,927,556,7,8,396,423,27,3.4037918240920386e-05,0.00017018959120460194,412,563,151,4,5,5,4,1,619,503,785
920,425,527,993,999,6,56,56,979,979,0,0.016712617856291908,0.016916845365737433,995,995,0,4,2,2,2,91,596,7,270
921,0,101,1,955,954,0,3,1,326,325,0.0,6.807583648184077e-05,1,438,437,5,-1,6,3,0,877,620,570
922,0,616,1,998,997,0,28,1,679,678,0.0,0.0014636304843595766,1,847,846,2,-1,3,5,0,644,359,125
923,18,18,613,613,0,48,48,627,627,0,0.0002042275094455223,0.0002042275094455223,564,564,0,-1,3,3,9,2,306,628,638
924,0,206,1,968,967,0,18,1,608,607,0.0,0.0009870996289866913,1,795,794,3,-1,4,3,0,778,520,185
925,2,2,381,381,0,3,3,390,390,0,6.807583648184077e-05,6.807583648184077e-05,456,456,0,-1,5,5,2,1,889,873,851
926,0,0,1,1,0,0,0,1,1,0,0.0,0.0,1,1,0,-1,-1,-1,2,0,993,758,852
927,1,1,333,333,0,2,2,333,333,0,0.0,0.0,1,1,0,-1,8,8,2,2,873,448,998
928,0,0,1,1,0,0,0,1,1,0,0.0,0.0,1,1,0,-1,-1,-1,10,1,272,705,669
929,82,184,881,956,75,66,66,879,879,0,0.0026209197045508697,0.0028591851322373124,915,918,3,4,3,3,6,15,295,158,670
930,151,151,904,904,0,214,214,881,881,0,0.0018720855032506212,0.0018720855032506212,874,874,0,-1,3,3,19,23,19,122,825
931,2,103,364,927,563,7,7,400,400,0,6.807583648184077e-05,0.00017018959120460194,441,535,94,5,5,5,4,1,424,503,682
932,18,119,635,915,280,30,30,534,534,0,0.000442492937131965,0.0004765308553728854,681,690,9,5,4,4,7,6,450,516,687
933,0,0,1,1,0,0,0,1,1,0,0.0,0.0,1,1,0,-1,-1,-1,7,0,366,851,847
934,56,158,718,904,186,412,412,914,914,0,0.0012594029749140542,0.0012594029749140542,829,829,0,4,2,2,33,4,9,440,935
935,60,161,864,956,92,60,60,919,919,0,0.0016338200755641784,0.0016338200755641784,862,862,0,5,2,2,5,5,601,418,570
936,0,206,1,971,970,0,11,1,459,458,0.0,0.0005446066918547262,1,707,706,3,-1,4,4,0,520,914,194
937,0,0,1,1,0,0,0,1,1,0,0.0,0.0,1,1,0,-1,-1,-1,3,0,636,776,994
938,0,206,1,940,939,0,45,1,429,428,0.0,0.00034037918240920387,1,638,637,3,-1,4,19,2,148,684,404
939,100,100,875,875,0,100,100,767,767,0,0.02127369890057524,0.021409850573538922,997,997,0,4,1,1,12,54,106,19,22
940,0,0,1,1,0,0,0,1,1,0,0.0,0.0,1,1,0,-1,-1,-1,6,0,267,725,850
941,16,16,681,681,0,8,8,507,507,0,0.00030634126416828345,0.00030634126416828345,636,636,0,-1,4,4,2,5,816,308,856
942,4,4,498,498,0,4,4,468,468,0,0.00013615167296368154,0.00013615167296368154,535,535,0,-1,5,5,2,2,865,244,740
943,20,226,652,973,321,26,26,576,576,0,0.0002723033459273631,0.0011913271384322134,617,830,213,3,4,4,5,4,408,167,335
944,0,0,1,1,0,0,0,1,1,0,0.0,0.0,1,1,0,-1,-1,-1,7,0,246,905,571
945,0,102,1,939,938,0,5,1,414,413,0.0,0.0002042275094455223,1,575,574,4,-1,5,3,0,785,774,586
946,3,209,419,970,551,5,12,360,462,102,0.0,0.0012934408931549745,1,846,845,3,5,4,4,3,741,563,109
947,0,102,1,927,926,0,6,1,359,358,0.0,0.00017018959120460194,1,552,551,4,-1,5,5,0,574,988,315
948,26,232,658,958,300,82,86,655,679,24,0.0002042275094455223,0.001157289220191293,568,818,250,3,3,3,14,4,130,557,137
949,0,102,1,933,932,0,4,1,400,399,0.0,0.0002042275094455223,1,586,585,4,-1,5,2,0,653,971,86
950,20,20,735,735,0,12,12,616,616,0,0.0009530617107457708,0.0009530617107457708,807,807,0,-1,4,4,2,8,779,386,894
951,18,120,610,913,303,24,24,489,489,0,3.4037918240920386e-05,0.00013615167296368154,399,512,113,4,4,4,8,5,282,314,305
952,0,102,1,930,929,0,4,1,403,402,0.0,0.0018380475850097008,1,882,881,4,-1,5,2,1,934,841,108
953,0,206,1,968,967,0,12,1,463,462,0.0,3.4037918240920386e-05,1,402,401,3,-1,4,4,3,917,478,168
954,0,102,1,953,952,0,3,1,387,386,0.0,0.0002723033459273631,1,625,624,4,-1,5,2,0,792,782,676
955,0,102,1,946,945,0,4,1,408,407,0.0,0.0007828721195411688,1,791,790,4,-1,5,2,0,469,901,277
956,0,102,1,945,944,0,3,1,376,375,0.0,0.00013615167296368154,1,521,520,4,-1,5,2,0,838,984,493
957,13,13,660,660,0,12,12,631,631,0,0.00034037918240920387,0.00034037918240920387,662,662,0,-1,4,4,2,6,776,199,960
958,7,623,480,992,512,34,60,452,570,118,3.4037918240920386e-05,0.0011913271384322134,401,818,417,2,4,3,13,2,90,627,175
959,14,14,741,741,0,4,4,486,486,0,0.0004084550188910446,0.0004084550188910446,695,695,0,-1,5,5,2,9,884,375,660
960,0,0,1,1,0,0,0,1,1,0,0.0,0.0,1,1,0,-1,-1,-1,3,0,867,751,571
961,36,137,783,939,156,16,16,517,517,0,0.00034037918240920387,0.00034037918240920387,648,648,0,6,4,4,4,9,858,391,140
962,53,155,878,970,92,12,12,715,715,0,0.0015657442390823377,0.0018380475850097008,871,891,20,4,4,4,2,27,684,304,382
963,23,23,652,652,0,48,48,612,612,0,0.0004765308553728854,0.0004765308553728854,690,690,0,-1,3,3,9,4,191,278,728
964,0,206,1,975,974,0,13,1,501,500,0.0,0.0005786446100956465,1,734,733,3,-1,4,5,0,695,696,186
965,0,0,1,1,0,0,0,1,1,0,0.0,0.0,1,1,0,-1,-1,-1,10,0,152,997,859
966,2,2,361,361,0,8,8,405,405,0,3.4037918240920386e-05,3.4037918240920386e-05,399,399,0,-1,5,5,5,1,463,592,789
967,42,248,772,973,201,66,66,818,818,0,0.0012934408931549745,0.001497668402600497,835,852,17,3,3,3,6,5,378,393,420
968,43,145,828,963,135,30,30,784,784,0,0.0008509479560230097,0.00088498587426393,781,789,8,4,3,3,4,10,696,366,476
969,10,111,602,947,345,24,24,718,718,0,0.0009190237925048504,0.001055175465468532,797,812,15,5,4,4,4,4,794,336,22
970,71,277,852,976,124,78,78,857,857,0,0.0018380475850097008,0.002110350930937064,866,881,15,3,3,3,8,14,449,84,795
971,0,616,1,996,995,0,34,1,756,755,0.0,0.005854521937438306,1,965,964,2,-1,3,4,0,632,961,5
972,268,884,962,994,32,254,254,968,968,0,0.004322815616596889,0.008203138296061813,944,969,25,2,2,2,16,25,117,105,51
973,0,206,1,973,972,0,13,1,479,478,0.0,0.0006126825283365669,1,738,737,3,-1,4,5,1,663,693,387
974,22,124,651,923,272,74,74,798,798,0,0.0007828721195411688,0.0009870996289866913,776,805,29,4,3,3,8,4,297,312,468
975,1,102,333,937,604,3,3,333,333,0,0.0,0.0,1,1,0,5,6,6,3,1,899,893,842
976,0,206,1,960,959,0,26,1,511,510,0.0,0.0013274788113958951,1,843,842,3,-1,4,7,0,678,796,60
977,0,206,1,934,933,0,35,1,375,374,0.0,0.00030634126416828345,1,618,617,3,-1,4,22,0,18,977,459
978,12,114,542,914,372,24,24,529,529,0,0.0002042275094455223,0.0002382654276864427,563,592,29,4,4,4,6,4,498,315,164
979,4,106,452,939,487,6,6,453,453,0,0.0002382654276864427,0.0009870996289866913,602,819,217,4,5,5,3,3,683,761,193
980,0,0,1,1,0,0,0,1,1,0,0.0,0.0,1,1,0,-1,-1,-1,3,0,687,987,866
981,22,123,678,928,250,38,38,806,806,0,0.00088498587426393,0.00088498587426393,797,797,0,5,3,3,3,4,634,440,466
982,8,8,512,512,0,16,16,459,459,0,0.00010211375472276115,0.00010211375472276115,482,482,0,-1,4,4,6,4,356,239,965
983,8,8,697,697,0,8,8,753,753,0,0.0004765308553728854,0.0004765308553728854,711,711,0,-1,4,4,2,5,955,535,643
984,62,268,813,968,155,94,94,780,780,0,0.0014295925661186562,0.0023486163586235067,829,899,70,3,3,3,12,9,183,191,83
985,12,114,584,921,337,22,22,564,564,0,0.0005446066918547262,0.0005786446100956465,721,727,6,4,4,4,5,3,467,209,570
986,12,12,489,489,0,45,45,439,439,0,0.0,0.0,1,1,0,-1,4,4,17,2,56,602,760
987,0,0,1,1,0,0,0,1,1,0,0.0,0.0,1,1,0,-1,-1,-1,3,0,780,611,936
988,4,4,437,437,0,14,14,455,455,0,0.00010211375472276115,0.00010211375472276115,493,493,0,-1,5,5,7,2,697,586,565
989,6,212,412,960,548,17,22,429,483,54,0.00010211375472276115,0.00017018959120460194,475,532,57,3,4,4,7,1,209,661,553
990,0,0,1,1,0,0,0,1,1,0,0.0,0.0,1,1,0,-1,-1,-1,3,0,718,433,939
991,2,2,356,356,0,6,6,379,379,0,0.00013615167296368154,0.00013615167296368154,516,516,0,-1,5,5,4,1,632,931,565
992,0,102,1,904,903,0,8,1,379,378,0.0,6.807583648184077e-05,1,444,443,4,-1,5,5,0,818,900,152
993,20,226,637,965,328,56,56,710,710,0,0.0002723033459273631,0.0005446066918547262,612,719,107,3,3,3,8,3,428,536,178
994,235,235,959,959,0,158,158,968,968,0,0.004799346471969774,0.004799346471969774,958,958,0,-1,2,2,9,24,159,13,990
995,4,106,463,956,493,4,6,377,448,71,0.0,0.0009530617107457708,1,800,799,4,5,5,3,3,576,580,144
996,1,1,333,333,0,7,7,333,333,0,0.0,0.0,1,1,0,-1,7,7,7,1,525,972,980
997,6,6,411,411,0,18,18,423,423,0,6.807583648184077e-05,6.807583648184077e-05,453,453,0,-1,4,4,8,2,223,654,774
998,136,238,944,974,30,54,54,882,882,0,0.0024166921951053475,0.002825147213996392,903,920,17,4,3,3,4,33,709,15,124
999,0,0,1,1,0,0,0,1,1,0,0.0,0.0,1,1,0,-1,-1,-1,2,1,742,706,951
