,FreeNet_pre_score,FreeNet_post_score,FreeNet_pre_rank,FreeNet_post_rank,FreeNet_delta_ranks,Reversed_pre_score,Reversed_post_score,Reversed_pre_rank,Reversed_post_rank,Reversed_delta_ranks,Random_pre_score,Random_post_score,Random_pre_rank,Random_post_rank,Random_delta_ranks,dist_victim_relayer,dist_victim_vilain_pre,dist_victim_vilain_post,out_deg_victim,in_deg_villain,victim,villain,relayer
0,20,226,635,965,330,60,60,666,666,0,0.0008509479560230097,0.0015657442390823377,785,845,60,3,4,4,10,6,211,490,470
1,313,415,978,982,4,92,92,906,906,0,0.005582218591510943,0.005854521937438306,963,964,1,4,3,3,7,55,182,21,240
2,36,138,845,973,128,14,14,736,736,0,0.0008169100377820892,0.0009190237925048504,786,800,14,4,4,4,3,18,918,147,328
3,38,38,765,765,0,58,58,769,769,0,0.00030634126416828345,0.00030634126416828345,626,626,0,-1,3,3,7,4,324,233,808
4,0,206,1,952,951,0,32,1,434,433,0.0,0.0005105687736138058,1,701,700,3,-1,4,15,0,138,990,266
5,0,0,1,1,0,0,0,1,1,0,0.0,0.0,1,1,0,-1,-1,-1,2,0,919,940,709
6,6,108,404,896,492,36,36,556,556,0,0.00010211375472276115,0.0002723033459273631,479,607,128,4,4,4,8,3,197,309,464
7,12,12,594,594,0,14,14,480,480,0,0.0002723033459273631,0.0002723033459273631,621,621,0,-1,4,4,5,6,644,258,977
8,2,104,375,949,574,6,6,456,456,0,0.00013615167296368154,0.00030634126416828345,518,643,125,4,5,5,3,1,608,609,504
9,0,0,1,1,0,0,0,1,1,0,0.0,0.0,1,1,0,-1,-1,-1,3,0,683,850,938
10,0,102,1,926,925,0,5,1,367,366,0.0,0.00010211375472276115,1,488,487,4,-1,5,4,0,706,324,704
11,33,33,757,757,0,34,34,635,635,0,0.0002723033459273631,0.0002723033459273631,614,614,0,-1,3,3,6,9,549,317,767
12,167,167,945,945,0,104,104,905,905,0,0.0031314884781646754,0.0031314884781646754,924,924,0,-1,3,3,9,26,177,108,941
13,14,115,658,942,284,14,14,597,597,0,0.0002382654276864427,0.0002723033459273631,605,625,20,5,4,4,3,3,774,353,602
14,0,1640,1,1000,999,0,56,1,974,973,0.0,0.056128527179277715,1,998,997,1,-1,2,2,0,689,754,10
15,6,108,489,949,460,8,8,510,510,0,0.0002382654276864427,0.0002382654276864427,610,610,0,4,4,4,2,2,964,691,321
16,41,247,861,988,127,28,28,872,872,0,0.0012594029749140542,0.0034718676605738795,850,936,86,3,3,3,3,12,850,179,35
17,169,271,955,981,26,70,70,903,903,0,0.003165526396405596,0.003437829742332959,934,936,2,4,3,3,5,27,382,61,479
18,0,101,1,895,894,0,8,1,331,330,0.0,3.4037918240920386e-05,1,401,400,5,-1,6,8,0,142,673,530
19,0,101,1,973,972,0,2,1,327,326,0.0,0.0,1,1,0,6,-1,7,2,0,872,664,687
20,143,245,928,972,44,66,66,818,818,0,0.0016678579938050988,0.0017018959120460194,865,866,1,4,3,3,6,23,378,106,238
21,6,212,411,957,546,12,30,418,611,193,3.4037918240920386e-05,0.0012934408931549745,401,837,436,3,4,4,5,2,496,518,71
22,0,102,1,891,890,0,14,1,388,387,0.0,0.00013615167296368154,1,508,507,4,-1,5,9,0,249,960,395
23,0,206,1,971,970,0,14,1,475,474,0.0,0.0008169100377820892,1,770,769,3,-1,4,5,0,534,824,137
24,6,212,538,987,449,6,10,480,591,111,0.00013615167296368154,0.0053099152455835805,526,961,435,3,5,4,3,4,853,645,30
25,13,115,530,898,368,50,50,527,527,0,0.00013615167296368154,0.0005105687736138058,504,696,192,4,4,4,13,4,129,319,351
26,18,18,606,606,0,52,52,603,603,0,0.0002723033459273631,0.0002723033459273631,592,592,0,-1,4,4,10,3,259,519,564
27,1104,1704,1000,1000,0,382,382,995,995,0,0.01766567956703768,0.020592940535756832,993,995,2,2,2,2,17,127,39,11,77
28,0,102,1,890,889,0,13,1,372,371,0.0,0.00010211375472276115,1,485,484,4,-1,5,10,0,211,952,499
29,44,250,811,973,162,50,50,824,824,0,0.0009190237925048504,0.0012594029749140542,791,835,44,3,3,3,5,4,311,40,453
30,2,618,359,995,636,7,52,360,736,376,0.0,0.003199564314646516,1,930,929,2,5,3,6,1,157,590,51
31,28,234,720,964,244,52,52,713,713,0,0.0002382654276864427,0.0005446066918547262,599,722,123,3,3,3,7,3,118,318,329
32,19,120,716,954,238,24,24,794,794,0,0.0005105687736138058,0.0005786446100956465,714,735,21,5,3,3,3,3,953,385,410
33,6,212,407,954,547,28,32,472,488,16,3.4037918240920386e-05,0.00034037918240920387,393,627,234,3,4,4,10,1,169,964,622
34,38,140,810,950,140,38,38,855,855,0,0.00030634126416828345,0.0007828721195411688,633,773,140,4,3,3,3,4,585,202,250
35,0,616,1,996,995,0,32,1,678,677,0.0,0.0027911092957554717,1,917,916,2,-1,3,5,0,474,445,304
36,6,212,425,960,535,19,46,433,615,182,0.0,0.0015657442390823377,1,855,854,3,4,4,9,3,119,466,15
37,118,118,906,906,0,72,72,810,810,0,0.0019061234214915416,0.0019061234214915416,877,877,0,-1,3,3,7,18,296,55,400
38,0,206,1,965,964,0,8,1,437,436,0.0,0.0005105687736138058,1,696,695,3,-1,4,2,0,769,867,288
39,0,102,1,916,915,0,6,1,373,372,0.0,3.4037918240920386e-05,1,399,398,4,-1,5,4,0,921,824,544
40,0,0,1,1,0,0,0,1,1,0,0.0,0.0,1,1,0,-1,-1,-1,2,0,943,735,856
41,0,0,1,1,0,0,0,1,1,0,0.0,0.0,1,1,0,-1,-1,-1,8,1,508,949,725
42,0,102,1,909,908,0,7,1,360,359,0.0,0.0,1,1,0,4,-1,5,6,0,455,973,714
43,6,212,381,948,567,42,46,485,495,10,0.00017018959120460194,0.0004084550188910446,533,658,125,3,4,4,13,1,92,552,427
44,1,617,333,990,657,19,80,333,547,214,0.0,0.0012594029749140542,1,827,826,2,7,3,19,1,48,765,54
45,4,105,502,964,462,4,4,470,470,0,0.0002382654276864427,0.0002382654276864427,616,616,0,5,5,5,2,2,788,473,444
46,0,0,1,1,0,0,0,1,1,0,0.0,0.0,1,1,0,-1,-1,-1,5,0,557,880,789
47,0,206,1,965,964,0,8,1,437,436,0.0,0.0004765308553728854,1,685,684,3,-1,4,2,2,769,431,407
48,35,651,799,999,200,30,30,783,783,0,0.0008169100377820892,0.0035059055788147996,784,938,154,2,3,3,4,8,507,177,158
49,7,7,528,528,0,16,16,530,530,0,0.00017018959120460194,0.00017018959120460194,535,535,0,-1,4,4,4,4,424,305,205
50,16,118,649,940,291,40,40,822,822,0,0.0005446066918547262,0.001055175465468532,712,824,112,4,3,3,5,1,574,759,114
51,0,101,1,911,910,0,3,1,331,330,0.0,3.4037918240920386e-05,1,390,389,5,-1,6,3,0,778,773,748
52,28,130,775,957,182,24,24,776,776,0,0.0006467204465774873,0.0008509479560230097,755,790,35,4,3,3,3,6,676,46,785
53,2,104,375,943,568,4,5,377,415,38,6.807583648184077e-05,0.00013615167296368154,443,528,85,4,5,5,3,1,953,594,238
54,12,628,546,995,449,28,42,557,698,141,0.0002723033459273631,0.002927260968719153,609,922,313,2,4,3,6,4,470,346,297
55,0,616,1,987,986,0,78,1,503,502,0.0,0.000442492937131965,1,672,671,2,-1,3,22,0,22,921,381
56,3,3,440,440,0,6,6,395,395,0,0.0,0.0,1,1,0,-1,5,5,4,2,553,298,436
57,0,206,1,946,945,0,33,1,418,417,0.0,0.00017018959120460194,1,534,533,3,-1,4,15,0,107,546,391
58,203,304,961,977,16,94,94,960,960,0,0.004493005207801491,0.004493005207801491,954,954,0,5,2,2,5,38,546,111,530
59,16,118,671,945,274,14,14,589,589,0,0.0002042275094455223,0.0002042275094455223,571,571,0,4,4,4,3,6,433,199,468
60,4,210,428,970,542,8,13,392,466,74,0.0002382654276864427,0.0005786446100956465,591,725,134,3,5,4,5,3,662,646,381
61,19,121,642,922,280,28,28,525,525,0,0.0002723033459273631,0.00037441710065012424,605,648,43,4,4,4,8,4,454,504,682
62,2,208,352,966,614,8,18,352,458,106,0.0,0.00037441710065012424,1,659,658,3,5,4,7,1,362,896,212
63,0,102,1,875,874,0,19,1,371,370,0.0,3.4037918240920386e-05,1,394,393,4,-1,5,14,0,85,894,661
64,0,0,1,1,0,0,0,1,1,0,0.0,0.0,1,1,0,-1,-1,-1,4,0,787,871,920
65,2,103,368,934,566,6,6,427,427,0,6.807583648184077e-05,6.807583648184077e-05,469,469,0,5,5,5,3,1,958,265,618
66,16,117,627,922,295,18,18,514,514,0,6.807583648184077e-05,0.00013615167296368154,445,520,75,5,4,4,5,4,604,164,679
67,74,175,901,972,71,28,28,849,849,0,0.001940161339732462,0.001940161339732462,885,885,0,5,3,3,3,18,856,171,606
68,43,249,818,975,157,36,36,743,743,0,0.0015657442390823377,0.0018380475850097008,860,879,19,3,3,3,5,11,552,193,305
69,16,632,478,989,511,67,99,460,549,89,3.4037918240920386e-05,0.0009870996289866913,395,792,397,2,3,3,24,3,28,321,172
70,16,118,484,879,395,146,146,691,691,0,0.0002723033459273631,0.00034037918240920387,605,637,32,4,3,3,23,1,4,741,248
71,1,207,333,962,629,7,20,333,481,148,0.0,0.00034037918240920387,1,657,656,3,6,4,7,2,505,374,316
72,0,206,1,964,963,0,32,1,539,538,0.0,0.0031314884781646754,1,924,923,3,-1,4,8,0,499,818,102
73,0,102,1,946,945,0,4,1,405,404,0.0,0.0010892133837094523,1,829,828,4,-1,5,2,0,232,945,146
74,0,0,1,1,0,0,0,1,1,0,0.0,0.0,1,1,0,-1,-1,-1,2,0,847,675,932
75,0,102,1,932,931,0,6,1,366,365,0.0,0.00010211375472276115,1,482,481,4,-1,5,5,0,695,372,384
76,115,115,881,881,0,240,240,902,902,0,0.001497668402600497,0.001497668402600497,855,855,0,-1,2,2,21,15,3,137,641
77,0,102,1,931,930,0,5,1,393,392,0.0,0.00013615167296368154,1,515,514,4,-1,5,3,0,670,929,346
78,0,102,1,887,886,0,8,1,365,364,0.0,0.0,1,1,0,4,-1,5,6,0,378,588,748
79,0,206,1,943,942,0,68,1,550,549,0.0,0.0012253650566731338,1,822,821,3,-1,4,16,1,195,948,68
80,94,710,862,995,133,124,134,818,836,18,0.001157289220191293,0.0021784267674189047,823,892,69,2,3,3,14,15,47,62,482
81,83,289,831,968,137,132,132,764,764,0,0.0007147962830593281,0.0010892133837094523,742,808,66,3,3,3,17,17,23,327,178
82,29,235,737,971,234,18,18,561,561,0,0.00030634126416828345,0.00037441710065012424,631,659,28,3,4,4,3,7,837,176,449
83,0,0,1,1,0,0,0,1,1,0,0.0,0.0,1,1,0,-1,-1,-1,5,0,656,946,498
84,2,2,384,384,0,4,4,420,420,0,0.0002042275094455223,0.0002042275094455223,585,585,0,-1,5,5,2,1,686,500,698
85,0,102,1,975,974,0,4,1,514,513,0.0,0.0013955546478777359,1,863,862,4,-1,5,2,0,956,872,94
86,18,224,633,965,332,33,38,594,631,37,0.00010211375472276115,0.00037441710065012424,483,660,177,3,3,3,8,3,440,496,722
87,0,101,1,957,956,0,3,1,331,330,0.0,0.00013615167296368154,1,535,534,5,-1,6,3,0,850,588,677
88,0,102,1,932,931,0,4,1,374,373,0.0,0.00017018959120460194,1,548,547,4,-1,5,3,0,856,941,406
89,0,0,1,1,0,0,0,1,1,0,0.0,0.0,1,1,0,-1,-1,-1,4,0,563,774,933
90,0,0,1,1,0,0,0,1,1,0,0.0,0.0,1,1,0,-1,-1,-1,3,0,768,933,886
91,117,1757,908,1000,92,74,118,753,926,173,0.0017359338302869397,0.017223186629905716,871,990,119,1,3,2,9,26,316,127,9
92,20,122,640,913,273,48,48,664,664,0,0.00034037918240920387,0.0006126825283365669,637,732,95,4,4,4,8,6,415,107,209
93,32,134,707,915,208,100,100,816,816,0,0.0013615167296368155,0.0013955546478777359,842,844,2,4,3,3,10,5,310,393,526
94,45,251,803,977,174,50,50,859,859,0,0.0007828721195411688,0.0009190237925048504,776,789,13,3,3,3,5,6,692,4,510
95,22,124,632,904,272,102,102,825,825,0,0.0007147962830593281,0.0007828721195411688,753,764,11,4,3,3,11,3,215,525,580
96,0,616,1,1000,999,0,18,1,821,820,0.0,0.0035739814152966403,1,942,941,2,-1,3,2,0,806,970,48
97,0,0,1,1,0,0,0,1,1,0,0.0,0.0,1,1,0,-1,-1,-1,9,0,200,429,918
98,9,215,564,972,408,9,16,455,540,85,0.00013615167296368154,0.0013615167296368155,514,845,331,3,4,4,4,4,545,398,72
99,6,6,368,368,0,44,44,391,391,0,0.0,0.0,1,1,0,-1,4,4,22,2,18,885,650
100,119,325,900,976,76,104,104,835,835,0,0.0011913271384322134,0.0012253650566731338,819,820,1,3,3,3,9,17,101,226,463
101,5,106,525,962,437,4,4,439,439,0,0.00017018959120460194,0.00017018959120460194,560,560,0,7,5,5,2,6,997,406,703
102,0,206,1,961,960,0,14,1,398,397,0.0,0.0002042275094455223,1,569,568,3,-1,4,8,0,158,833,552
103,0,206,1,951,950,0,44,1,507,506,0.0,0.0014636304843595766,1,850,849,3,-1,4,12,0,252,917,60
104,3,3,449,449,0,3,3,381,381,0,0.0,0.0,1,1,0,-1,5,5,2,5,625,605,943
105,0,206,1,965,964,0,14,1,471,470,0.0,0.0009190237925048504,1,794,793,3,-1,4,5,1,599,787,289
106,10,10,580,580,0,10,10,489,489,0,0.00030634126416828345,0.00030634126416828345,646,646,0,-1,4,4,3,5,756,688,733
107,38,244,748,965,217,84,84,804,804,0,0.0005786446100956465,0.0006467204465774873,732,746,14,3,3,3,9,5,245,221,300
108,0,0,1,1,0,0,0,1,1,0,0.0,0.0,1,1,0,-1,-1,-1,4,1,717,650,456
109,0,206,1,964,963,0,33,1,577,576,0.0,0.001157289220191293,1,825,824,3,-1,4,7,0,324,856,393
110,0,0,1,1,0,0,0,1,1,0,0.0,0.0,1,1,0,-1,-1,-1,4,0,397,800,685
111,63,269,830,968,138,60,60,697,697,0,0.0007828721195411688,0.0008169100377820892,767,771,4,3,3,3,9,17,330,131,251
112,16,222,531,951,420,41,55,432,494,62,3.4037918240920386e-05,0.0004765308553728854,404,695,291,3,3,3,17,3,39,466,250
113,0,102,1,909,908,0,7,1,353,352,0.0,0.00010211375472276115,1,476,475,4,-1,5,6,0,369,794,357
114,0,102,1,926,925,0,6,1,361,360,0.0,6.807583648184077e-05,1,457,456,4,-1,5,5,0,843,783,585
115,0,206,1,965,964,0,18,1,482,481,0.0,0.00037441710065012424,1,658,657,3,-1,4,6,0,441,649,375
116,20,121,745,960,215,14,14,618,618,0,0.0004765308553728854,0.0004765308553728854,717,717,0,5,4,4,3,10,485,272,225
117,16,118,628,929,301,20,20,595,595,0,0.0002723033459273631,0.00037441710065012424,613,661,48,4,4,4,4,6,559,435,453
118,17,17,687,687,0,26,26,771,771,0,0.0004765308553728854,0.0004765308553728854,707,707,0,-1,3,3,4,3,811,354,738
119,0,206,1,929,928,0,61,1,437,436,0.0,0.0002382654276864427,1,580,579,3,-1,4,24,0,28,517,101
120,14,220,567,964,397,38,38,597,597,0,0.00037441710065012424,0.001055175465468532,673,814,141,3,4,4,7,5,265,688,559
121,0,0,1,1,0,0,0,1,1,0,0.0,0.0,1,1,0,-1,-1,-1,5,0,818,731,844
122,86,86,910,910,0,58,58,970,970,0,0.004050512270669526,0.004050512270669526,944,944,0,-1,2,2,3,10,710,227,927
123,0,101,1,911,910,0,5,1,332,331,0.0,0.0,1,1,0,5,-1,6,5,0,528,757,748
124,0,206,1,964,963,0,23,1,504,503,0.0,0.0009190237925048504,1,788,787,3,-1,4,8,1,442,767,438
125,6,212,377,939,562,47,90,411,521,110,0.0,0.0013274788113958951,1,827,826,3,4,4,23,1,43,558,335
126,22,124,688,924,236,36,36,703,703,0,0.00034037918240920387,0.0004084550188910446,646,681,35,4,3,3,5,2,392,425,398
127,9,215,520,964,444,16,26,426,517,91,0.00013615167296368154,0.00034037918240920387,515,648,133,3,4,4,8,4,468,398,339
128,16,16,619,619,0,26,26,561,561,0,0.0002723033459273631,0.0002723033459273631,612,612,0,-1,3,3,7,2,697,654,793
129,14,14,627,627,0,26,26,659,659,0,0.0002382654276864427,0.0002382654276864427,587,587,0,-1,4,4,5,6,580,392,792
130,0,102,1,909,908,0,10,1,385,384,0.0,0.00013615167296368154,1,511,510,4,-1,5,6,1,369,913,688
131,20,20,602,602,0,43,43,486,486,0,0.00037441710065012424,0.00037441710065012424,656,656,0,-1,4,4,12,6,52,613,987
132,18,634,612,993,381,58,104,674,883,209,0.00030634126416828345,0.007454304094761564,623,973,350,2,3,3,9,2,191,251,6
133,16,118,752,970,218,32,32,966,966,0,0.002552843868069029,0.0026209197045508697,919,920,1,4,3,3,2,1,805,80,504
134,598,804,990,996,6,342,342,992,992,0,0.009870996289866912,0.010007147962830594,976,976,0,3,2,2,16,62,53,70,309
135,44,660,797,996,199,48,58,784,854,70,0.0006126825283365669,0.0016678579938050988,745,859,114,2,3,3,6,9,98,29,299
136,0,206,1,940,939,0,30,1,386,385,0.0,6.807583648184077e-05,1,449,448,3,-1,4,19,1,48,513,451
137,16,222,543,951,408,106,106,756,756,0,0.0006467204465774873,0.0010211375472276116,731,808,77,3,3,3,14,1,21,480,722
138,44,250,677,945,268,232,236,717,719,2,0.00034037918240920387,0.000442492937131965,627,660,33,3,3,3,33,4,9,557,653
139,137,137,938,938,0,38,38,820,820,0,0.0021784267674189047,0.0021784267674189047,901,901,0,-1,3,3,3,34,778,89,890
140,15,117,700,962,262,14,14,630,630,0,0.0007828721195411688,0.0020082371762143027,782,898,116,4,4,4,3,4,707,125,91
141,0,102,1,946,945,0,3,1,368,367,0.0,0.0002723033459273631,1,630,629,4,-1,5,2,0,988,981,474
142,0,102,1,957,956,0,5,1,416,415,0.0,0.00030634126416828345,1,648,647,4,-1,5,3,0,850,400,295
143,10,111,550,907,357,12,12,472,472,0,0.00030634126416828345,0.00030634126416828345,626,626,0,6,4,4,4,4,547,398,331
144,0,102,1,922,921,0,6,1,418,417,0.0,0.00034037918240920387,1,664,663,4,-1,5,3,1,672,583,375
145,0,206,1,943,942,0,45,1,410,409,0.0,0.0002382654276864427,1,580,579,3,-1,4,21,0,1,757,302
146,0,102,1,912,911,0,11,1,414,413,0.0,0.0006807583648184077,1,754,753,4,-1,5,6,0,582,884,377
147,0,206,1,971,970,0,13,1,478,477,0.0,0.00030634126416828345,1,627,626,3,-1,4,5,0,612,836,418
148,10,10,601,601,0,8,8,497,497,0,0.00030634126416828345,0.00030634126416828345,639,639,0,-1,4,4,2,6,993,613,828
149,0,101,1,946,945,0,3,1,330,329,0.0,0.0,1,1,0,5,-1,6,3,0,796,349,788
150,6,212,457,975,518,11,15,474,569,95,3.4037918240920386e-05,0.0012594029749140542,401,845,444,3,4,4,4,2,777,313,206
151,0,616,1,990,989,0,118,1,532,531,0.0,0.000442492937131965,1,661,660,2,-1,3,36,1,16,874,194
152,24,126,658,905,247,52,52,593,593,0,0.0005105687736138058,0.0005105687736138058,696,696,0,4,4,4,10,6,99,275,666
153,0,102,1,946,945,0,3,1,381,380,0.0,3.4037918240920386e-05,1,420,419,4,-1,5,2,1,928,513,718
154,14,116,608,932,324,16,16,492,492,0,0.00037441710065012424,0.0005446066918547262,670,728,58,4,4,4,4,3,445,307,301
155,8,110,541,935,394,14,14,556,556,0,0.0002042275094455223,0.0006126825283365669,578,751,173,4,4,4,3,6,831,406,480
156,9,215,569,976,407,10,10,516,516,0,6.807583648184077e-05,0.0006467204465774873,448,761,313,3,4,4,3,3,710,580,479
157,10,10,580,580,0,12,12,567,567,0,0.0002723033459273631,0.0002723033459273631,616,616,0,-1,4,4,2,3,846,369,847
158,20,226,617,958,341,56,60,590,610,20,0.0002042275094455223,0.0007147962830593281,566,756,190,3,3,3,11,3,76,704,424
159,0,0,1,1,0,0,0,1,1,0,0.0,0.0,1,1,0,-1,-1,-1,2,0,910,489,713
160,0,0,1,1,0,0,0,1,1,0,0.0,0.0,1,1,0,-1,-1,-1,4,0,870,927,824
161,14,14,624,624,0,12,12,567,567,0,0.0002723033459273631,0.0002723033459273631,616,616,0,-1,4,4,2,3,846,301,789
162,0,101,1,872,871,0,15,1,332,331,0.0,0.0,1,1,0,5,-1,6,15,0,124,938,721
163,0,0,1,1,0,0,0,1,1,0,0.0,0.0,1,1,0,-1,-1,-1,3,0,576,941,758
164,46,147,799,937,138,54,54,694,694,0,0.00030634126416828345,0.00030634126416828345,628,628,0,6,3,3,8,9,499,391,621
165,6,212,419,961,542,32,36,535,570,35,6.807583648184077e-05,0.001157289220191293,447,819,372,3,4,4,8,1,380,394,155
166,6,108,399,889,490,56,56,506,506,0,0.00017018959120460194,0.00017018959120460194,534,534,0,4,4,4,16,2,78,652,597
167,0,101,1,916,915,0,3,1,332,331,0.0,3.4037918240920386e-05,1,396,395,5,-1,6,3,0,645,695,484
168,0,102,1,876,875,0,18,1,374,373,0.0,3.4037918240920386e-05,1,398,397,4,-1,5,12,0,87,783,580
169,8,8,643,643,0,8,8,657,657,0,0.0002042275094455223,0.0002042275094455223,583,583,0,-1,4,4,2,2,813,453,565
170,23,23,698,698,0,22,22,574,574,0,0.00034037918240920387,0.00034037918240920387,647,647,0,-1,4,4,5,8,669,90,965
171,11,217,627,983,356,12,12,682,682,0,0.00030634126416828345,0.0010892133837094523,639,825,186,3,4,4,2,5,702,591,273
172,37,653,831,999,168,12,22,606,791,185,0.0014636304843595766,0.010994247591817285,865,986,121,2,4,3,2,9,970,277,7
173,0,0,1,1,0,0,0,1,1,0,0.0,0.0,1,1,0,-1,-1,-1,4,0,772,446,348
174,0,102,1,967,966,0,4,1,522,521,0.0,0.000442492937131965,1,703,702,4,-1,5,2,2,933,271,211
175,0,206,1,941,940,0,72,1,478,477,0.0,0.0007147962830593281,1,735,734,3,-1,4,23,0,30,514,299
176,18,224,608,962,354,34,38,547,579,32,0.00030634126416828345,0.0013615167296368155,618,838,220,3,3,3,8,3,358,646,82
177,54,260,748,956,208,120,120,669,669,0,0.0008169100377820892,0.0010211375472276116,762,797,35,3,3,3,19,8,19,204,797
178,0,206,1,946,945,0,50,1,515,514,0.0,0.0004084550188910446,1,657,656,3,-1,4,13,0,92,956,143
179,2,103,377,946,569,4,4,422,422,0,0.00010211375472276115,0.00010211375472276115,498,498,0,6,5,5,2,2,986,654,590
180,18,224,627,965,338,42,42,650,650,0,0.0004084550188910446,0.0009870996289866913,684,808,124,3,4,4,7,3,714,519,169
181,3,3,406,406,0,16,16,419,419,0,0.0,0.0,1,1,0,-1,5,5,8,3,137,373,372
182,1,1,333,333,0,5,5,333,333,0,0.0,0.0,1,1,0,-1,6,6,5,1,406,621,801
183,1,1,333,333,0,4,4,333,333,0,0.0,0.0,1,1,0,-1,8,8,4,1,648,857,854
184,6,6,446,446,0,22,22,582,582,0,0.00010211375472276115,0.00010211375472276115,479,479,0,-1,4,4,5,3,430,410,766
185,26,128,797,959,162,18,18,810,810,0,0.0008509479560230097,0.0009190237925048504,790,807,17,4,3,3,2,8,874,250,791
186,0,0,1,1,0,0,0,1,1,0,0.0,0.0,1,1,0,-1,-1,-1,3,0,903,969,776
187,43,43,817,817,0,26,26,606,606,0,0.0008509479560230097,0.0008509479560230097,789,789,0,-1,4,4,5,14,677,387,858
188,6,6,414,414,0,18,18,496,496,0,3.4037918240920386e-05,3.4037918240920386e-05,396,396,0,-1,4,4,5,1,426,873,954
189,0,101,1,925,924,0,4,1,331,330,0.0,0.0,1,1,0,5,-1,6,4,0,424,629,402
190,72,72,839,839,0,88,88,845,845,0,0.0014295925661186562,0.0014295925661186562,845,845,0,-1,3,3,8,14,411,139,787
191,0,206,1,947,946,0,31,1,453,452,0.0,0.0005446066918547262,1,713,712,3,-1,4,12,0,292,635,312
192,125,125,899,899,0,222,222,926,926,0,0.002110350930937064,0.002110350930937064,889,889,0,-1,3,3,17,27,56,304,446
193,0,101,1,908,907,0,5,1,332,331,0.0,0.0,1,1,0,5,-1,6,5,0,506,651,337
194,1,1,330,330,0,4,4,330,330,0,0.0,0.0,1,1,0,-1,6,6,4,1,860,140,950
195,6,107,403,887,484,56,56,629,629,0,0.00034037918240920387,0.00034037918240920387,636,636,0,5,4,4,10,2,99,223,861
196,0,102,1,893,892,0,7,1,349,348,0.0,3.4037918240920386e-05,1,387,386,4,-1,5,6,0,514,620,603
197,6,107,421,904,483,38,38,642,642,0,6.807583648184077e-05,6.807583648184077e-05,447,447,0,7,4,4,7,1,362,711,765
198,28,130,667,899,232,88,88,613,613,0,0.0002042275094455223,0.0002382654276864427,564,586,22,4,3,3,17,6,63,447,935
199,2,2,358,358,0,9,9,365,365,0,0.0,0.0,1,1,0,-1,5,5,7,2,413,374,806
200,0,0,1,1,0,0,0,1,1,0,0.0,0.0,1,1,0,-1,-1,-1,10,0,310,457,732
201,14,630,539,994,455,27,90,462,821,359,0.0002382654276864427,0.011130399264780965,576,982,406,2,4,3,10,3,259,596,23
202,6,108,446,926,480,14,14,543,543,0,0.00017018959120460194,0.00037441710065012424,563,679,116,4,4,4,3,2,746,648,622
203,0,102,1,922,921,0,6,1,418,417,0.0,0.00010211375472276115,1,495,494,4,-1,5,3,0,672,955,505
204,0,616,1,993,992,0,30,1,523,522,0.0,0.0017359338302869397,1,869,868,2,-1,3,8,1,197,539,415
205,0,0,1,1,0,0,0,1,1,0,0.0,0.0,1,1,0,-1,-1,-1,3,0,798,254,978
206,2,104,366,928,562,10,10,442,442,0,0.00013615167296368154,0.00013615167296368154,520,520,0,4,5,5,5,1,848,797,576
207,12,218,553,965,412,30,34,565,596,31,0.00017018959120460194,0.0009530617107457708,529,794,265,3,4,4,7,4,141,239,524
208,0,101,1,886,885,0,11,1,332,331,0.0,0.0,1,1,0,5,-1,6,11,1,215,513,518
209,2,2,345,345,0,25,25,379,379,0,3.4037918240920386e-05,3.4037918240920386e-05,392,392,0,-1,5,5,16,1,195,337,511
210,10,10,548,548,0,16,16,463,463,0,0.00010211375472276115,0.00010211375472276115,481,481,0,-1,4,4,6,4,353,443,982
211,8,214,491,961,470,19,19,441,441,0,6.807583648184077e-05,0.0002723033459273631,447,595,148,3,4,4,8,2,415,499,827
212,0,102,1,870,869,0,19,1,384,383,0.0,0.00010211375472276115,1,474,473,4,-1,5,11,1,307,920,259
213,126,126,942,942,0,38,38,871,871,0,0.0026889955410327104,0.0026889955410327104,912,912,0,-1,3,3,3,28,743,98,811
214,0,101,1,938,937,0,2,1,331,330,0.0,6.807583648184077e-05,1,451,450,5,-1,6,2,0,713,883,576
215,0,206,1,967,966,0,26,1,567,566,0.0,0.0009870996289866913,1,808,807,3,-1,4,7,1,439,641,387
216,101,101,910,910,0,76,76,913,913,0,0.0042547397801150485,0.0042547397801150485,946,946,0,-1,2,2,6,15,575,92,538
217,300,506,971,988,17,136,136,890,890,0,0.0034718676605738795,0.003778208924742163,934,938,4,3,3,3,11,48,66,56,256
218,1,1,333,333,0,17,17,333,333,0,0.0,0.0,1,1,0,-1,6,6,17,2,6,357,989
219,8,110,598,963,365,8,8,567,567,0,0.0002042275094455223,0.000442492937131965,564,700,136,4,4,4,2,3,982,263,389
220,8,110,531,933,402,10,10,494,494,0,0.00017018959120460194,0.0002042275094455223,542,566,24,4,4,4,3,4,842,270,223
221,21,21,748,748,0,12,12,616,616,0,0.0006467204465774873,0.0006467204465774873,746,746,0,-1,4,4,2,6,779,289,963
222,16,117,702,959,257,28,28,837,837,0,0.0005105687736138058,0.0005105687736138058,710,710,0,6,3,3,3,1,798,474,763
223,0,101,1,937,936,0,3,1,329,328,0.0,3.4037918240920386e-05,1,406,405,7,-1,8,3,0,871,673,663
224,32,32,780,780,0,24,24,736,736,0,0.0006126825283365669,0.0006126825283365669,737,737,0,-1,3,3,3,6,554,376,702
225,0,0,1,1,0,0,0,1,1,0,0.0,0.0,1,1,0,-1,-1,-1,7,0,510,982,834
226,95,301,882,977,95,96,96,909,909,0,0.0021784267674189047,0.002586881786309949,888,912,24,3,2,2,7,12,321,67,507
227,2,104,399,964,565,3,3,411,411,0,0.0,0.00017018959120460194,1,562,561,4,5,5,2,1,865,530,491
228,0,101,1,905,904,0,4,1,332,331,0.0,0.0,1,1,0,5,-1,6,4,0,671,669,694
229,22,123,798,971,173,12,12,720,720,0,0.0009190237925048504,0.0009190237925048504,806,806,0,5,4,4,2,10,847,413,244
230,0,206,1,976,975,0,8,1,496,495,0.0,0.0002723033459273631,1,617,616,3,-1,4,2,0,993,695,634
231,2,2,349,349,0,12,12,349,349,0,6.807583648184077e-05,6.807583648184077e-05,441,441,0,-1,5,5,11,3,139,708,877
232,99,99,899,899,0,66,66,864,864,0,0.0018720855032506212,0.0018720855032506212,878,878,0,-1,3,3,6,19,267,144,876
233,54,54,805,805,0,94,94,806,806,0,0.0008169100377820892,0.0008169100377820892,768,768,0,-1,2,2,11,9,234,341,806
234,14,220,600,971,371,12,12,543,543,0,0.00010211375472276115,0.0016678579938050988,497,864,367,3,4,4,2,3,769,596,36
235,897,1097,998,998,0,232,232,994,994,0,0.01575955614554614,0.016202049082678104,987,988,1,3,2,2,10,127,153,11,525
236,62,62,805,805,0,116,116,851,851,0,0.0007828721195411688,0.0007828721195411688,765,765,0,-1,2,2,12,5,292,306,828
237,0,0,1,1,0,0,0,1,1,0,0.0,0.0,1,1,0,-1,-1,-1,19,0,31,984,732
238,70,276,823,963,140,114,114,769,769,0,0.0007488342013002485,0.0009190237925048504,747,780,33,3,2,2,15,6,124,4,653
239,0,206,1,983,982,0,8,1,545,544,0.0,0.0004084550188910446,1,688,687,3,-1,4,2,2,965,709,381
240,8,109,567,944,377,8,8,590,590,0,0.00030634126416828345,0.0004084550188910446,659,702,43,5,4,4,2,2,283,465,383
241,138,138,920,920,0,124,124,923,923,0,0.0020763130126961434,0.0020763130126961434,891,891,0,-1,3,3,9,12,164,58,733
242,0,0,1,1,0,0,0,1,1,0,0.0,0.0,1,1,0,-1,-1,-1,3,1,485,554,649
243,14,220,635,978,343,12,12,582,582,0,0.00017018959120460194,0.007454304094761564,537,977,440,3,4,4,2,5,643,314,0
244,2,618,365,998,633,5,20,366,707,341,0.0,0.0023486163586235067,1,907,906,2,5,3,4,1,827,449,328
245,18,18,602,602,0,34,34,507,507,0,0.0002723033459273631,0.0002723033459273631,606,606,0,-1,4,4,9,4,327,443,777
246,0,101,1,880,879,0,14,1,332,331,0.0,0.0,1,1,0,5,-1,6,14,0,21,254,763
247,2,2,353,353,0,9,9,372,372,0,0.0,0.0,1,1,0,-1,5,5,6,1,432,503,624
248,23,23,809,809,0,12,12,713,713,0,0.0015657442390823377,0.0015657442390823377,872,872,0,-1,4,4,2,12,963,100,911
249,47,47,814,814,0,41,41,744,744,0,0.0006467204465774873,0.0006467204465774873,743,743,0,-1,3,3,6,7,575,176,705
250,62,62,885,885,0,32,32,906,906,0,0.0018720855032506212,0.0018720855032506212,891,891,0,-1,3,3,2,13,904,335,926
251,61,267,836,974,138,68,68,816,816,0,0.0014636304843595766,0.003812246842983083,856,936,80,3,3,3,8,14,440,139,75
252,23,23,703,703,0,30,30,675,675,0,0.0006807583648184077,0.0006807583648184077,748,748,0,-1,4,4,5,9,534,293,583
253,0,102,1,912,911,0,7,1,355,354,0.0,3.4037918240920386e-05,1,386,385,4,-1,5,6,0,515,971,580
254,116,322,920,978,58,44,44,828,828,0,0.0023486163586235067,0.004493005207801491,896,950,54,3,3,3,4,22,391,203,8
255,0,0,1,1,0,0,0,1,1,0,0.0,0.0,1,1,0,-1,-1,-1,4,0,767,877,778
256,20,20,657,657,0,44,44,690,690,0,0.0002042275094455223,0.0002042275094455223,563,563,0,-1,3,3,7,3,359,214,624
257,139,345,953,986,33,48,48,930,930,0,0.003914360597705844,0.005854521937438306,942,966,24,3,3,3,3,19,801,135,304
258,0,0,1,1,0,0,0,1,1,0,0.0,0.0,1,1,0,-1,-1,-1,10,0,125,726,851
259,1,1,333,333,0,4,4,333,333,0,3.4037918240920386e-05,3.4037918240920386e-05,398,398,0,-1,6,6,4,2,562,739,824
260,1,103,332,941,609,2,4,332,406,74,0.0,3.4037918240920386e-05,1,398,397,4,8,5,2,1,943,765,570
261,21,123,856,987,131,8,8,753,753,0,0.0009190237925048504,0.0014636304843595766,817,873,56,4,4,4,2,13,955,335,250
262,0,0,1,1,0,0,0,1,1,0,0.0,0.0,1,1,0,-1,-1,-1,7,1,361,747,515
263,0,101,1,902,901,0,7,1,332,331,0.0,0.0,1,1,0,6,-1,7,7,0,722,957,469
264,57,159,865,966,101,22,22,767,767,0,0.0016338200755641784,0.0020082371762143027,872,893,21,4,3,3,2,15,828,137,295
265,6,6,427,427,0,17,17,437,437,0,0.0,0.0,1,1,0,-1,4,4,8,1,431,618,737
266,20,121,650,916,266,42,42,618,618,0,0.00017018959120460194,0.0002382654276864427,546,597,51,5,3,3,8,4,383,617,690
267,0,206,1,969,968,0,12,1,471,470,0.0,0.0006126825283365669,1,727,726,3,-1,4,4,1,755,920,212
268,0,102,1,902,901,0,9,1,374,373,0.0,0.00010211375472276115,1,485,484,4,-1,5,7,0,722,698,322
269,0,102,1,881,880,0,15,1,353,352,0.0,3.4037918240920386e-05,1,405,404,4,-1,5,14,0,47,515,640
270,12,218,610,973,363,20,20,609,609,0,0.0004084550188910446,0.0006126825283365669,679,738,59,3,4,4,4,2,344,473,474
271,2,104,346,868,522,25,27,364,368,4,3.4037918240920386e-05,3.4037918240920386e-05,394,394,0,4,5,5,21,3,1,676,878
272,0,206,1,962,961,0,14,1,434,433,0.0,0.0005105687736138058,1,702,701,3,-1,4,5,1,349,428,589
273,108,314,886,972,86,160,160,882,882,0,0.0015657442390823377,0.002212464685659825,859,890,31,3,3,3,15,15,95,53,535
274,0,206,1,946,945,0,46,1,523,522,0.0,0.0013274788113958951,1,842,841,3,-1,4,11,0,162,855,153
275,0,102,1,936,935,0,4,1,412,411,0.0,0.0006807583648184077,1,759,758,4,-1,5,2,0,816,672,405
276,36,138,763,930,167,48,48,700,700,0,0.0006467204465774873,0.0007828721195411688,746,776,30,4,3,3,7,7,637,134,332
277,10,112,562,922,360,26,26,557,557,0,0.0002042275094455223,0.00030634126416828345,560,619,59,4,4,4,7,4,482,220,870
278,0,102,1,943,942,0,6,1,467,466,0.0,0.00017018959120460194,1,561,560,4,-1,5,3,0,840,698,655
279,81,81,911,911,0,28,28,815,815,0,0.0026209197045508697,0.0026209197045508697,916,916,0,-1,3,3,3,20,530,43,729
280,3,105,456,946,490,3,4,381,435,54,6.807583648184077e-05,0.0005105687736138058,444,720,276,4,5,5,2,3,929,761,407
281,104,206,903,959,56,92,92,901,901,0,0.002110350930937064,0.0022465026039007454,893,902,9,4,3,3,7,13,265,335,659
282,8,624,538,998,460,11,25,478,746,268,0.00013615167296368154,0.0021784267674189047,509,885,376,2,4,3,4,3,787,534,435
283,8,214,543,970,427,12,13,467,474,7,6.807583648184077e-05,0.0006126825283365669,454,729,275,3,4,4,5,2,291,549,170
284,8,214,486,951,465,40,44,504,522,18,0.0002042275094455223,0.0011913271384322134,554,822,268,3,4,4,12,2,194,244,82
285,8,110,535,928,393,20,20,597,597,0,0.00013615167296368154,0.0002042275094455223,526,572,46,4,4,4,4,2,755,251,558
286,40,246,722,958,236,138,138,835,835,0,0.0012934408931549745,0.0014295925661186562,832,847,15,3,3,3,13,4,165,185,220
287,23,125,734,946,212,28,28,778,778,0,0.0010892133837094523,0.0011913271384322134,825,830,5,4,3,3,3,3,801,390,551
288,0,206,1,965,964,0,18,1,510,509,0.0,0.0008509479560230097,1,777,776,3,-1,4,5,0,667,901,137
289,0,0,1,1,0,0,0,1,1,0,0.0,0.0,1,1,0,-1,-1,-1,9,0,276,856,675
290,62,62,839,839,0,72,72,842,842,0,0.0017359338302869397,0.0017359338302869397,865,865,0,-1,2,2,7,9,362,415,664
291,1,103,333,910,577,6,9,333,382,49,0.0,6.807583648184077e-05,1,446,445,4,7,5,6,2,549,448,714
292,15,15,627,627,0,24,24,686,686,0,0.0005446066918547262,0.0005446066918547262,723,723,0,-1,4,4,4,8,593,90,769
293,0,616,1,1000,999,0,24,1,835,834,0.0,0.004969536063174376,1,957,956,2,-1,3,3,0,790,982,41
294,0,616,1,997,996,0,24,1,725,724,0.0,0.0018380475850097008,1,878,877,2,-1,3,3,0,636,664,318
295,0,102,1,903,902,0,9,1,398,397,0.0,0.0004765308553728854,1,688,687,4,-1,5,5,0,173,850,90
296,34,136,764,935,171,18,18,561,561,0,0.0007488342013002485,0.0011913271384322134,759,824,65,4,4,4,3,9,837,245,267
297,0,0,1,1,0,0,0,1,1,0,0.0,0.0,1,1,0,-1,-1,-1,8,0,131,985,852
298,0,0,1,1,0,0,0,1,1,0,0.0,0.0,1,1,0,-1,-1,-1,3,0,958,604,388
299,30,132,733,920,187,42,42,689,689,0,0.0008169100377820892,0.0009530617107457708,777,801,24,4,3,3,6,5,630,308,282
300,0,206,1,962,961,0,40,1,650,649,0.0,0.004765308553728854,1,952,951,3,-1,4,8,0,440,813,12
301,0,206,1,986,985,0,13,1,730,729,0.0,0.0018380475850097008,1,888,887,3,-1,4,3,0,812,587,95
302,0,0,1,1,0,0,0,1,1,0,0.0,0.0,1,1,0,-1,-1,-1,3,0,901,564,954
303,10,216,521,958,437,21,30,422,482,60,0.00010211375472276115,0.00034037918240920387,483,632,149,3,4,4,9,3,276,311,625
304,47,149,849,967,118,22,22,792,792,0,0.0009530617107457708,0.0010211375472276116,801,813,12,4,3,3,2,13,943,340,421
305,2,208,371,974,603,4,8,397,488,91,0.0,0.002280540522141666,1,909,908,3,5,4,2,1,886,463,108
306,6,108,506,949,443,14,14,638,638,0,0.0002382654276864427,0.0006467204465774873,604,745,141,4,4,4,3,1,796,904,482
307,38,244,759,971,212,56,56,797,797,0,0.00088498587426393,0.001157289220191293,789,827,38,3,3,3,6,3,470,382,480
308,324,324,986,986,0,88,88,973,973,0,0.00888389666088022,0.00888389666088022,980,980,0,-1,2,2,4,49,652,16,773
309,2,208,355,952,597,11,23,356,422,66,0.0,0.0009870996289866913,1,796,795,3,5,4,10,1,254,540,63
310,6,108,424,897,473,22,22,452,452,0,3.4037918240920386e-05,0.00013615167296368154,397,517,120,4,4,4,9,1,289,531,584
311,32,32,782,782,0,38,38,752,752,0,0.00088498587426393,0.00088498587426393,795,795,0,-1,3,3,6,9,657,240,620
312,54,670,773,995,222,92,102,637,704,67,0.0005446066918547262,0.0012934408931549745,712,835,123,2,3,3,15,8,37,204,312
313,0,102,1,931,930,0,6,1,424,423,0.0,3.4037918240920386e-05,1,402,401,4,-1,5,3,0,670,976,553
314,150,150,932,932,0,124,124,939,939,0,0.002212464685659825,0.002212464685659825,899,899,0,-1,3,3,9,24,136,129,620
315,2,208,361,973,612,7,12,389,477,88,0.0,0.0002723033459273631,1,614,613,3,5,4,5,2,557,662,785
316,334,436,993,997,4,32,32,943,943,0,0.011640968038394772,0.011811157629599374,989,989,0,4,3,3,2,83,940,10,809
317,24,24,638,638,0,72,72,596,596,0,0.0004765308553728854,0.0004765308553728854,685,685,0,-1,4,4,14,10,172,266,513
318,2,208,353,952,599,17,30,397,473,76,3.4037918240920386e-05,0.000442492937131965,400,677,277,3,5,4,9,3,269,578,424
319,16,222,523,949,426,60,64,519,540,21,0.0004084550188910446,0.0008169100377820892,669,764,95,3,4,4,16,6,151,613,167
320,18,120,702,946,244,28,28,815,815,0,0.0009530617107457708,0.0010211375472276116,807,816,9,4,3,3,3,3,774,559,527
321,6,107,445,921,476,16,16,517,517,0,0.00010211375472276115,0.00010211375472276115,484,484,0,6,4,4,4,2,558,544,640
322,86,86,839,839,0,186,186,901,901,0,0.0016338200755641784,0.0016338200755641784,857,857,0,-1,2,2,16,6,195,397,846
323,6,108,489,942,453,8,8,508,508,0,6.807583648184077e-05,0.00034037918240920387,457,652,195,4,4,4,2,1,939,681,487
324,1,103,333,907,574,6,8,333,372,39,0.0,0.0002382654276864427,1,594,593,4,6,5,6,2,281,357,93
325,0,0,1,1,0,0,0,1,1,0,0.0,0.0,1,1,0,-1,-1,-1,4,0,460,737,707
326,0,0,1,1,0,0,0,1,1,0,0.0,0.0,1,1,0,-1,-1,-1,9,0,136,455,925
327,8,109,525,919,394,14,14,474,474,0,6.807583648184077e-05,0.00010211375472276115,445,485,40,5,4,4,5,3,604,361,547
328,12,12,561,561,0,30,30,551,551,0,0.00013615167296368154,0.00013615167296368154,523,523,0,-1,4,4,7,2,466,251,372
329,2,104,362,941,579,5,6,397,421,24,6.807583648184077e-05,0.00017018959120460194,446,550,104,4,5,5,3,1,814,618,840
330,16,632,519,990,471,68,82,505,560,55,0.00017018959120460194,0.0006807583648184077,543,735,192,2,4,3,18,6,64,613,586
331,0,102,1,944,943,0,6,1,443,442,0.0,0.0004765308553728854,1,700,699,4,-1,5,3,1,902,747,308
332,6,212,482,975,493,9,10,491,497,6,0.00013615167296368154,0.0009190237925048504,525,798,273,3,4,4,3,1,814,762,139
333,18,224,707,978,271,20,20,659,659,0,0.00037441710065012424,0.0007147962830593281,665,765,100,3,4,4,4,3,679,318,246
334,23,125,707,936,229,24,24,599,599,0,0.0009190237925048504,0.0009190237925048504,787,787,0,4,3,3,5,6,407,279,552
335,569,569,996,996,0,104,104,981,981,0,0.014636304843595765,0.014636304843595765,991,991,0,-1,2,2,5,96,616,1,330
336,97,303,883,980,97,114,114,935,935,0,0.0015657442390823377,0.002314578440382586,858,896,38,3,3,3,9,15,177,137,272
337,0,102,1,941,940,0,4,1,363,362,0.0,0.00010211375472276115,1,483,482,4,-1,5,3,0,814,956,241
338,0,0,1,1,0,0,0,1,1,0,0.0,0.0,1,1,0,-1,-1,-1,22,0,18,989,433
339,0,206,1,956,955,0,17,1,388,387,0.0,0.00010211375472276115,1,480,479,3,-1,4,11,1,234,554,724
340,72,174,882,966,84,36,36,794,794,0,0.001940161339732462,0.0024166921951053475,885,908,23,4,3,3,5,20,727,87,389
341,209,415,964,987,23,70,70,892,892,0,0.004152626025392287,0.004765308553728854,949,957,8,3,3,3,5,38,349,111,219
342,0,0,1,1,0,0,0,1,1,0,0.0,0.0,1,1,0,-1,-1,-1,5,0,555,754,769
343,1,1,333,333,0,5,5,333,333,0,3.4037918240920386e-05,3.4037918240920386e-05,404,404,0,-1,6,6,5,1,407,140,802
344,0,102,1,917,916,0,5,1,358,357,0.0,3.4037918240920386e-05,1,413,412,4,-1,5,4,0,822,707,677
345,12,218,587,975,388,12,16,472,541,69,3.4037918240920386e-05,0.0016678579938050988,395,860,465,3,4,4,4,5,659,314,297
346,60,162,865,965,100,24,24,763,763,0,0.0010892133837094523,0.0013955546478777359,824,856,32,4,3,3,3,15,882,219,413
347,7,7,599,599,0,8,8,604,604,0,6.807583648184077e-05,6.807583648184077e-05,463,463,0,-1,4,4,2,4,810,305,790
348,0,0,1,1,0,0,0,1,1,0,0.0,0.0,1,1,0,-1,-1,-1,8,0,257,898,997
349,0,0,1,1,0,0,0,1,1,0,0.0,0.0,1,1,0,-1,-1,-1,4,0,949,498,971
350,0,0,1,1,0,0,0,1,1,0,0.0,0.0,1,1,0,-1,-1,-1,4,0,567,745,698
351,6,108,473,937,464,11,11,487,487,0,3.4037918240920386e-05,0.00013615167296368154,397,512,115,4,4,4,4,1,581,594,689
352,9,110,533,920,387,14,14,470,470,0,6.807583648184077e-05,6.807583648184077e-05,454,454,0,6,4,4,5,5,773,570,140
353,3,209,425,972,547,6,18,418,623,205,0.00010211375472276115,0.003778208924742163,485,933,448,3,5,4,3,3,855,631,16
354,0,206,1,976,975,0,10,1,499,498,0.0,0.0005446066918547262,1,727,726,3,-1,4,3,0,579,790,312
355,89,295,873,973,100,96,100,833,851,18,0.0020082371762143027,0.003267640151128357,878,929,51,3,2,2,10,10,254,366,227
356,16,16,727,727,0,12,12,637,637,0,0.0008509479560230097,0.0008509479560230097,799,799,0,-1,4,4,2,4,913,185,650
357,4,4,485,485,0,3,3,393,393,0,0.00017018959120460194,0.00017018959120460194,551,551,0,-1,5,5,2,3,890,353,987
358,159,159,947,947,0,90,90,943,943,0,0.0028932230504782326,0.0028932230504782326,924,924,0,-1,2,2,6,21,393,157,832
359,90,706,899,997,98,34,44,750,834,84,0.001940161339732462,0.00527587732734266,884,965,81,2,3,3,4,17,444,96,403
360,0,206,1,964,963,0,32,1,533,532,0.0,0.000442492937131965,1,691,690,3,-1,4,8,0,137,845,589
361,153,153,935,935,0,136,136,981,981,0,0.004220701861874128,0.004220701861874128,947,947,0,-1,2,2,8,17,488,85,999
362,0,206,1,965,964,0,17,1,437,436,0.0,0.0002723033459273631,1,599,598,3,-1,4,7,0,141,772,29
363,0,102,1,862,861,0,34,1,375,374,0.0,0.00017018959120460194,1,526,525,4,-1,5,23,0,57,990,452
364,0,101,1,956,955,0,2,1,329,328,0.0,6.807583648184077e-05,1,450,449,5,-1,6,2,0,751,898,309
365,21,122,686,938,252,18,18,522,522,0,0.0002042275094455223,0.0002382654276864427,569,592,23,5,4,4,5,6,561,683,749
366,0,101,1,953,952,0,2,1,331,330,0.0,0.0,1,1,0,7,-1,8,2,0,967,832,671
367,17,223,626,964,338,44,48,646,677,31,0.00034037918240920387,0.0015657442390823377,651,852,201,3,4,4,8,6,257,199,269
368,18,120,605,905,300,47,47,603,603,0,0.0002723033459273631,0.00030634126416828345,610,622,12,4,3,3,11,4,248,270,807
369,0,206,1,973,972,0,10,1,470,469,0.0,0.0002723033459273631,1,631,630,3,-1,4,4,0,573,902,280
370,0,0,1,1,0,0,0,1,1,0,0.0,0.0,1,1,0,-1,-1,-1,6,0,345,817,742
371,0,102,1,907,906,0,11,1,380,379,0.0,3.4037918240920386e-05,1,398,397,4,-1,5,7,0,336,831,561
372,1007,1007,998,998,0,352,352,995,995,0,0.016304162837400864,0.016304162837400864,994,994,0,-1,2,2,16,118,117,37,962
373,22,22,703,703,0,28,28,759,759,0,0.0007147962830593281,0.0007147962830593281,768,768,0,-1,3,3,3,2,554,22,825
374,100,201,931,976,45,32,32,913,913,0,0.003165526396405596,0.003267640151128357,931,933,2,5,3,3,2,24,970,13,369
375,0,101,1,936,935,0,3,1,331,330,0.0,0.0,1,1,0,5,-1,6,3,2,835,431,743
376,0,102,1,910,909,0,12,1,411,410,0.0,0.00010211375472276115,1,485,484,4,-1,5,6,0,549,732,480
377,0,0,1,1,0,0,0,1,1,0,0.0,0.0,1,1,0,-1,-1,-1,4,0,735,669,271
378,100,100,892,892,0,100,100,948,948,0,0.022226760611321013,0.022226760611321013,993,993,0,6,1,1,7,13,342,335,582
379,0,101,1,928,927,0,3,1,332,331,0.0,0.0,1,1,0,6,-1,7,3,0,935,910,543
380,32,32,681,681,0,80,80,670,670,0,0.0005446066918547262,0.0005446066918547262,713,713,0,-1,3,3,13,6,91,494,876
381,25,126,721,943,222,28,28,731,731,0,0.0005105687736138058,0.0005446066918547262,708,713,5,5,3,3,3,4,927,557,560
382,0,101,1,899,898,0,5,1,332,331,0.0,0.0,1,1,0,5,-1,6,5,0,408,517,331
383,228,330,971,980,9,86,86,942,942,0,0.004629156880765172,0.004799346471969774,949,950,1,4,3,3,6,49,465,51,317
384,0,0,1,1,0,0,0,1,1,0,0.0,0.0,1,1,0,-1,-1,-1,2,0,976,871,860
385,0,101,1,900,899,0,7,1,332,331,0.0,0.0,1,1,0,5,-1,6,7,0,329,823,788
386,2,104,371,927,556,6,6,423,423,0,0.0,6.807583648184077e-05,1,453,452,4,5,5,3,1,831,837,176
387,0,102,1,900,899,0,5,1,354,353,0.0,6.807583648184077e-05,1,438,437,4,-1,5,4,1,300,554,392
388,0,0,1,1,0,0,0,1,1,0,0.0,0.0,1,1,0,-1,-1,-1,6,0,353,932,880
389,6,6,441,441,0,18,18,516,516,0,3.4037918240920386e-05,3.4037918240920386e-05,397,397,0,-1,4,4,5,2,656,419,941
390,5,5,579,579,0,4,4,515,515,0,0.0002042275094455223,0.0002042275094455223,604,604,0,-1,5,5,2,5,956,710,911
391,0,0,1,1,0,0,0,1,1,0,0.0,0.0,1,1,0,-1,-1,-1,21,0,1,820,533
392,0,0,1,1,0,0,0,1,1,0,0.0,0.0,1,1,0,-1,-1,-1,3,3,634,753,939
393,24,24,640,640,0,76,76,609,609,0,0.0002382654276864427,0.0002382654276864427,597,597,0,-1,4,4,14,4,198,259,824
394,0,102,1,886,885,0,22,1,413,412,0.0,0.0006126825283365669,1,739,738,4,-1,5,11,0,230,733,175
395,111,317,920,981,61,50,50,846,846,0,0.002757071377514551,0.003437829742332959,913,931,18,3,3,3,5,26,669,112,382
396,100,100,849,849,0,100,100,609,609,0,0.008611593314952858,0.009326389598012186,971,972,1,3,1,1,19,15,48,219,195
397,21,122,794,965,171,18,18,867,867,0,0.0013615167296368155,0.0014636304843595766,856,864,8,5,3,3,2,5,974,124,310
398,526,628,1000,1000,0,38,38,914,914,0,0.016236087000919025,0.016372238673882704,996,996,0,4,3,3,3,130,628,3,285
399,4,106,417,903,486,17,21,406,433,27,0.00010211375472276115,0.0010211375472276116,496,801,305,4,5,5,11,2,261,430,269
400,51,153,850,959,109,44,44,928,928,0,0.005207801490860819,0.0053439531638245,959,960,1,4,2,2,3,5,801,528,619
401,0,102,1,946,945,0,4,1,414,413,0.0,0.0006467204465774873,1,754,753,4,-1,5,2,0,940,776,139
402,2,2,357,357,0,6,6,358,358,0,0.0,0.0,1,1,0,-1,5,5,5,3,669,466,801
403,0,206,1,945,944,0,34,1,414,413,0.0,0.0005446066918547262,1,694,693,3,-1,4,16,0,50,611,336
404,69,69,844,844,0,80,80,904,904,0,0.0020763130126961434,0.0020763130126961434,890,890,0,-1,2,2,6,6,432,232,961
405,8,214,459,943,484,46,64,456,523,67,0.0,0.0006126825283365669,1,715,714,3,4,4,16,3,53,598,366
406,0,0,1,1,0,0,0,1,1,0,0.0,0.0,1,1,0,-1,-1,-1,3,0,877,883,979
407,2,2,347,347,0,21,21,375,375,0,3.4037918240920386e-05,3.4037918240920386e-05,394,394,0,-1,5,5,14,1,121,788,814
408,8,110,542,940,398,10,10,480,480,0,0.00010211375472276115,0.0004084550188910446,479,668,189,4,4,4,3,3,901,196,247
409,7,109,577,954,377,4,4,449,449,0,0.00017018959120460194,0.0004765308553728854,568,717,149,4,5,5,2,6,994,435,29
410,16,16,594,594,0,50,50,674,674,0,6.807583648184077e-05,6.807583648184077e-05,453,453,0,-1,3,3,8,1,225,904,817
411,1,102,333,906,573,4,4,333,333,0,0.0,0.0,1,1,0,6,6,6,4,1,391,590,692
412,0,0,1,1,0,0,0,1,1,0,0.0,0.0,1,1,0,-1,-1,-1,4,0,741,858,988
413,3,105,454,950,496,5,5,416,416,0,0.00010211375472276115,0.00017018959120460194,500,564,64,4,5,5,3,2,911,791,827
414,0,101,1,912,911,0,6,1,328,327,0.0,6.807583648184077e-05,1,439,438,5,-1,6,6,0,664,858,601
415,18,119,650,929,279,26,26,715,715,0,0.00037441710065012424,0.0004765308553728854,653,694,41,5,3,3,4,2,520,680,761
416,8,8,497,497,0,18,18,432,432,0,0.00010211375472276115,0.00010211375472276115,481,481,0,-1,4,4,7,2,372,499,943
417,26,127,680,911,231,48,48,611,611,0,0.00030634126416828345,0.00030634126416828345,630,630,0,5,3,3,9,4,208,156,601
418,108,108,903,903,0,68,68,845,845,0,0.0018720855032506212,0.0018720855032506212,874,874,0,-1,3,3,8,19,541,144,956
419,0,102,1,919,918,0,9,1,406,405,0.0,0.0005105687736138058,1,705,704,4,-1,5,5,0,644,356,475
420,0,0,1,1,0,0,0,1,1,0,0.0,0.0,1,1,0,-1,-1,-1,11,0,279,201,651
421,56,157,840,951,111,36,36,694,694,0,0.001055175465468532,0.001055175465468532,813,813,0,8,4,4,6,17,455,226,857
422,52,153,834,952,118,54,54,910,910,0,0.0027911092957554717,0.002825147213996392,918,918,0,6,2,2,4,7,740,170,615
423,0,102,1,941,940,0,5,1,396,395,0.0,0.00017018959120460194,1,549,548,4,-1,5,3,1,814,789,259
424,209,209,944,944,0,242,242,931,931,0,0.003369753905851118,0.003369753905851118,929,929,0,-1,2,2,19,16,36,113,927
425,0,102,1,897,896,0,13,1,414,413,0.0,0.00034037918240920387,1,648,647,4,-1,5,7,0,413,847,465
426,84,184,895,966,71,28,28,792,792,0,0.002110350930937064,0.002110350930937064,887,887,0,5,3,3,3,27,620,304,563
427,9,215,504,954,450,42,46,586,622,36,0.0002723033459273631,0.0009530617107457708,606,790,184,3,4,4,9,4,414,287,340
428,260,260,969,969,0,170,170,962,962,0,0.005548180673270023,0.005548180673270023,964,964,0,-1,2,2,11,30,307,75,806
429,0,0,1,1,0,0,0,1,1,0,0.0,0.0,1,1,0,-1,-1,-1,21,0,25,983,826
430,0,206,1,951,950,0,25,1,460,459,0.0,0.0004084550188910446,1,665,664,3,-1,4,9,0,414,783,267
431,12,114,698,971,273,8,8,602,602,0,0.00037441710065012424,0.0008169100377820892,680,790,110,4,4,4,2,4,898,259,366
432,0,102,1,935,934,0,6,1,439,438,0.0,0.0002382654276864427,1,595,594,4,-1,5,3,0,433,793,557
433,32,32,689,689,0,54,54,622,622,0,0.00088498587426393,0.00088498587426393,789,789,0,-1,4,4,9,6,351,397,919
434,2,104,358,916,558,9,9,409,409,0,6.807583648184077e-05,6.807583648184077e-05,448,448,0,4,5,5,5,3,538,466,506
435,40,246,766,970,204,46,46,677,677,0,0.00034037918240920387,0.0012934408931549745,645,829,184,3,3,3,8,7,308,253,146
436,0,102,1,903,902,0,9,1,372,371,0.0,0.00010211375472276115,1,477,476,4,-1,5,6,0,624,961,799
437,0,102,1,942,941,0,5,1,415,414,0.0,0.0006126825283365669,1,744,743,4,-1,5,3,0,953,943,289
438,0,0,1,1,0,0,0,1,1,0,0.0,0.0,1,1,0,-1,-1,-1,3,0,645,811,686
439,6,6,399,399,0,18,18,398,398,0,0.0,0.0,1,1,0,-1,4,4,9,1,100,402,814
440,0,206,1,973,972,0,18,1,672,671,0.0,0.004969536063174376,1,952,951,3,-1,4,3,0,583,867,6
441,14,115,579,918,339,18,18,452,452,0,0.0002042275094455223,0.0002042275094455223,570,570,0,5,4,4,7,3,320,677,593
442,12,12,525,525,0,60,60,623,623,0,0.00010211375472276115,0.00010211375472276115,482,482,0,-1,4,4,12,4,219,346,919
443,0,206,1,986,985,0,9,1,599,598,0.0,0.0017018959120460194,1,875,874,3,-1,4,3,0,812,445,54
444,100,100,914,914,0,100,100,991,991,0,0.04047108478845434,0.04047108478845434,999,999,0,5,1,1,4,32,832,26,734
445,0,206,1,968,967,0,18,1,504,503,0.0,0.0012934408931549745,1,844,843,3,-1,4,5,0,605,868,87
446,64,64,880,880,0,24,24,759,759,0,0.001599782157323258,0.001599782157323258,866,866,0,-1,3,3,3,17,710,269,979
447,7,109,507,922,415,18,18,499,499,0,6.807583648184077e-05,6.807583648184077e-05,454,454,0,4,4,4,5,3,555,441,837
448,0,206,1,945,944,0,31,1,389,388,0.0,0.00017018959120460194,1,543,542,3,-1,4,18,0,64,754,468
449,29,235,757,971,214,22,26,556,603,47,0.0004765308553728854,0.00176997174852786,702,873,171,3,4,4,5,10,724,262,151
450,161,161,956,956,0,44,44,840,840,0,0.0033357159876101976,0.0033357159876101976,934,934,0,-1,3,3,4,30,632,39,903
451,16,222,557,960,403,70,74,750,767,17,0.0007828721195411688,0.0011913271384322134,763,823,60,3,3,3,9,2,262,160,369
452,0,0,1,1,0,0,0,1,1,0,0.0,0.0,1,1,0,-1,-1,-1,3,1,857,814,953
453,17,17,636,636,0,42,42,728,728,0,0.0002723033459273631,0.0002723033459273631,616,616,0,-1,3,3,6,4,455,305,816
454,92,194,864,945,81,80,80,743,743,0,0.0011913271384322134,0.0011913271384322134,826,826,0,4,3,3,10,18,128,148,244
455,24,24,655,655,0,60,60,621,621,0,0.0002382654276864427,0.0002382654276864427,581,581,0,-1,3,3,11,4,139,617,698
456,0,0,1,1,0,0,0,1,1,0,0.0,0.0,1,1,0,-1,-1,-1,6,0,419,875,777
457,0,616,1,992,991,0,34,1,523,522,0.0,0.0007488342013002485,1,767,766,2,-1,3,10,0,161,916,176
458,18,18,569,569,0,108,108,674,674,0,0.0002723033459273631,0.0002723033459273631,598,598,0,-1,3,3,18,2,111,700,825
459,132,132,935,935,0,68,68,946,946,0,0.004629156880765172,0.004629156880765172,951,951,0,-1,2,2,4,19,354,133,959
460,0,1640,1,1000,999,0,194,1,911,910,0.0,0.020014295925661188,1,997,996,1,-1,2,15,1,37,792,2
461,0,0,1,1,0,0,0,1,1,0,0.0,0.0,1,1,0,-1,-1,-1,8,0,270,713,820
462,6,622,388,991,603,50,148,469,798,329,6.807583648184077e-05,0.006262976956329351,442,965,523,2,4,3,17,2,39,714,9
463,6,6,379,379,0,68,68,531,531,0,0.00013615167296368154,0.00013615167296368154,512,512,0,-1,4,4,16,1,27,420,868
464,0,0,1,1,0,0,0,1,1,0,0.0,0.0,1,1,0,-1,-1,-1,8,0,218,200,917
465,22,22,658,658,0,37,37,652,652,0,0.0002382654276864427,0.0002382654276864427,589,589,0,-1,3,3,8,3,442,829,952
466,2,2,392,392,0,4,4,482,482,0,6.807583648184077e-05,6.807583648184077e-05,460,460,0,-1,5,5,2,2,936,313,963
467,0,206,1,977,976,0,14,1,587,586,0.0,0.000442492937131965,1,698,697,3,-1,4,3,1,770,738,169
468,152,254,951,975,24,70,70,926,926,0,0.00442492937131965,0.004561081044283332,947,949,2,4,3,3,5,25,552,105,266
469,8,8,572,572,0,18,18,733,733,0,0.00037441710065012424,0.00037441710065012424,665,665,0,-1,4,4,3,2,785,700,927
470,78,179,896,964,68,18,18,658,658,0,0.0020082371762143027,0.0020082371762143027,896,896,0,5,4,4,3,22,864,203,337
471,8,8,576,576,0,12,12,694,694,0,0.0005105687736138058,0.0005105687736138058,720,720,0,-1,4,4,2,3,947,525,973
472,37,37,848,848,0,22,22,869,869,0,0.0012934408931549745,0.0012934408931549745,847,847,0,-1,3,3,2,8,889,352,959
473,63,165,891,970,79,32,32,914,914,0,0.0020082371762143027,0.002110350930937064,896,899,3,4,3,3,2,10,713,405,378
474,0,102,1,877,876,0,22,1,375,374,0.0,6.807583648184077e-05,1,458,457,4,-1,5,15,0,40,912,248
475,16,16,540,540,0,56,56,511,511,0,3.4037918240920386e-05,3.4037918240920386e-05,393,393,0,-1,3,3,18,1,29,558,883
476,0,102,1,942,941,0,6,1,452,451,0.0,0.000442492937131965,1,690,689,4,-1,5,3,0,953,845,268
477,6,6,400,400,0,33,33,525,525,0,3.4037918240920386e-05,3.4037918240920386e-05,401,401,0,-1,4,4,9,2,178,313,388
478,0,206,1,941,940,0,42,1,416,415,0.0,6.807583648184077e-05,1,431,430,3,-1,4,19,0,46,638,362
479,0,102,1,886,885,0,9,1,364,363,0.0,3.4037918240920386e-05,1,405,404,4,-1,5,7,0,246,254,837
480,0,101,1,944,943,0,2,1,331,330,0.0,0.0,1,1,0,6,-1,7,2,0,960,542,748
481,65,65,865,865,0,28,28,773,773,0,0.0019741992579733825,0.0019741992579733825,887,887,0,-1,3,3,3,15,780,53,651
482,8,8,510,510,0,28,28,599,599,0,0.00010211375472276115,0.00010211375472276115,484,484,0,-1,4,4,6,4,251,149,729
483,41,41,837,837,0,22,22,784,784,0,0.0009530617107457708,0.0009530617107457708,810,810,0,-1,3,3,2,6,596,192,990
484,3,3,432,432,0,6,6,412,412,0,0.0,0.0,1,1,0,-1,5,5,3,2,636,627,650
485,38,140,776,936,160,40,40,735,735,0,0.000442492937131965,0.000442492937131965,687,687,0,4,3,3,5,6,492,432,718
486,0,0,1,1,0,0,0,1,1,0,0.0,0.0,1,1,0,-1,-1,-1,2,0,684,921,641
487,31,237,748,978,230,34,34,752,752,0,0.0007828721195411688,0.002552843868069029,777,910,133,3,3,3,4,5,762,216,84
488,16,16,667,667,0,20,20,758,758,0,0.0010211375472276116,0.0010211375472276116,822,822,0,-1,3,3,3,1,831,500,228
489,0,0,1,1,0,0,0,1,1,0,0.0,0.0,1,1,0,-1,-1,-1,4,0,682,954,436
490,0,102,1,891,890,0,13,1,372,371,0.0,0.00010211375472276115,1,472,471,4,-1,5,9,0,178,768,631
491,94,300,888,980,92,54,54,864,864,0,0.0018720855032506212,0.0021784267674189047,873,891,18,3,3,3,4,14,638,146,288
492,2,2,367,367,0,6,6,409,409,0,0.0,0.0,1,1,0,-1,5,5,3,1,621,449,912
493,0,206,1,956,955,0,21,1,413,412,0.0,0.0002723033459273631,1,612,611,3,-1,4,9,0,287,868,389
494,12,218,590,971,381,22,22,573,573,0,0.00017018959120460194,0.0011232513019503727,557,828,271,3,4,4,5,3,688,505,117
495,2,2,381,381,0,4,4,455,455,0,0.00010211375472276115,0.00010211375472276115,504,504,0,-1,5,5,2,2,889,384,955
496,6,108,404,886,482,26,27,436,441,5,6.807583648184077e-05,0.0002723033459273631,445,618,173,4,4,4,11,1,279,594,523
497,23,23,742,742,0,24,24,759,759,0,0.0002723033459273631,0.0002723033459273631,625,625,0,-1,3,3,3,5,588,619,792
498,0,0,1,1,0,0,0,1,1,0,0.0,0.0,1,1,0,-1,-1,-1,11,1,333,835,868
499,16,222,623,969,346,36,36,714,714,0,0.0002042275094455223,0.0007488342013002485,577,766,189,3,3,3,5,1,311,681,240
500,0,0,1,1,0,0,0,1,1,0,0.0,0.0,1,1,0,-1,-1,-1,5,0,605,511,962
501,76,76,827,827,0,122,122,744,744,0,0.00176997174852786,0.00176997174852786,863,863,0,-1,2,2,17,8,112,386,943
502,100,202,917,971,54,62,62,968,968,0,0.0035059055788147996,0.003608019333537561,930,933,3,4,2,2,3,18,577,147,188
503,54,54,801,801,0,84,84,795,795,0,0.0007828721195411688,0.0007828721195411688,766,766,0,-1,3,3,9,4,327,470,522
504,7,213,477,956,479,18,22,426,453,27,3.4037918240920386e-05,0.0002723033459273631,404,608,204,3,4,4,7,3,296,631,637
505,0,206,1,965,964,0,24,1,536,535,0.0,0.0014295925661186562,1,840,839,3,-1,4,6,0,402,696,91
506,4,210,441,972,531,5,10,370,474,104,3.4037918240920386e-05,0.000442492937131965,402,690,288,3,5,4,4,3,507,646,444
507,306,306,976,976,0,196,196,966,966,0,0.0053099152455835805,0.0053099152455835805,959,959,0,-1,2,2,12,36,106,48,742
508,6,622,413,995,582,32,54,538,709,171,6.807583648184077e-05,0.003914360597705844,445,941,496,2,4,3,8,1,282,904,20
509,2,208,379,984,605,4,10,380,547,167,0.00013615167296368154,0.004595118962524252,529,954,425,3,5,4,3,1,584,899,12
510,4,4,409,409,0,14,14,411,411,0,0.00010211375472276115,0.00010211375472276115,486,486,0,-1,5,5,7,3,216,290,806
511,64,64,833,833,0,62,62,768,768,0,0.0015657442390823377,0.0015657442390823377,856,856,0,-1,3,3,7,11,436,118,911
512,1,1,333,333,0,16,16,333,333,0,0.0,0.0,1,1,0,-1,6,6,16,2,78,344,674
513,7,623,551,999,448,4,18,413,802,389,0.00010211375472276115,0.005718370264474625,487,961,474,2,5,3,2,6,960,279,118
514,0,0,1,1,0,0,0,1,1,0,0.0,0.0,1,1,0,-1,-1,-1,3,1,798,428,888
515,2,103,386,954,568,3,3,388,388,0,0.0002042275094455223,0.0002382654276864427,589,607,18,5,5,5,2,2,792,805,648
516,0,0,1,1,0,0,0,1,1,0,0.0,0.0,1,1,0,-1,-1,-1,10,0,409,565,909
517,15,15,775,775,0,12,12,833,833,0,0.0008509479560230097,0.0008509479560230097,799,799,0,-1,4,4,2,5,920,178,957
518,0,0,1,1,0,0,0,1,1,0,0.0,0.0,1,1,0,-1,-1,-1,6,0,369,968,930
519,0,102,1,948,947,0,7,1,415,414,0.0,0.0002042275094455223,1,572,571,4,-1,5,4,0,480,971,545
520,12,114,709,972,263,8,8,644,644,0,0.0013274788113958951,0.0015657442390823377,845,863,18,4,4,4,2,5,884,362,214
521,1,207,333,970,637,5,13,333,454,121,0.0,0.0005105687736138058,1,708,707,3,9,4,5,1,524,647,199
522,603,809,991,996,5,342,342,992,992,0,0.008611593314952858,0.00878178290615746,971,972,1,3,2,2,16,59,53,5,278
523,100,100,904,904,0,100,100,965,965,0,0.02920453385070969,0.030804316008032948,999,1000,1,3,1,1,6,38,465,111,104
524,149,251,966,980,14,56,56,982,982,0,0.006841621566424997,0.00704584907587052,971,971,0,4,2,2,2,29,747,142,435
525,0,0,1,1,0,0,0,1,1,0,0.0,0.0,1,1,0,-1,-1,-1,8,0,521,890,954
526,0,206,1,971,970,0,26,1,647,646,0.0,0.002144388849177984,1,896,895,3,-1,4,5,0,517,349,47
527,0,206,1,959,958,0,30,1,543,542,0.0,0.0006126825283365669,1,742,741,3,-1,4,7,0,320,843,389
528,5,5,481,481,0,4,4,414,414,0,0.00013615167296368154,0.00013615167296368154,514,514,0,-1,5,5,2,4,841,444,843
529,0,0,1,1,0,0,0,1,1,0,0.0,0.0,1,1,0,-1,-1,-1,15,0,45,228,529
530,256,358,972,980,8,166,166,983,983,0,0.0061949011198475104,0.0061949011198475104,969,969,0,4,2,2,8,31,231,102,238
531,6,212,467,976,509,8,8,483,483,0,0.00017018959120460194,0.0006467204465774873,553,753,200,3,4,4,2,2,925,532,177
532,71,277,830,971,141,96,96,734,734,0,0.0008169100377820892,0.0032336022328874367,770,925,155,3,3,3,15,17,138,131,56
533,48,48,831,831,0,58,58,942,942,0,0.0025188059498281084,0.0025188059498281084,909,909,0,-1,2,2,4,3,384,103,429
534,2,103,380,946,566,4,4,415,415,0,3.4037918240920386e-05,6.807583648184077e-05,407,451,44,5,5,5,2,1,940,421,661
535,0,102,1,949,948,0,4,1,429,428,0.0,0.0002382654276864427,1,618,617,4,-1,5,2,0,781,911,435
536,6,107,422,900,478,32,32,519,519,0,0.0005786446100956465,0.0005786446100956465,726,726,0,5,4,4,8,1,225,500,292
537,12,218,492,945,453,52,68,446,500,54,6.807583648184077e-05,0.0007147962830593281,431,731,300,3,4,4,20,5,70,231,90
538,21,122,724,946,222,14,14,574,574,0,0.0004765308553728854,0.0004765308553728854,705,705,0,6,4,4,3,9,729,212,781
539,0,102,1,927,926,0,8,1,401,400,0.0,0.00013615167296368154,1,520,519,4,-1,5,5,0,602,967,904
540,24,125,826,970,144,12,12,755,755,0,0.0011232513019503727,0.001157289220191293,839,844,5,6,4,4,2,8,987,161,597
541,0,102,1,912,911,0,8,1,359,358,0.0,0.00013615167296368154,1,509,508,4,-1,5,7,0,482,944,248
542,0,206,1,953,952,0,18,1,393,392,0.0,0.00013615167296368154,1,514,513,3,-1,4,10,0,355,356,223
543,0,1640,1,1000,999,0,86,1,912,911,0.0,0.019776030497974745,1,993,992,1,-1,2,7,1,336,742,10
544,2,2,368,368,0,4,4,370,370,0,0.00013615167296368154,0.00013615167296368154,519,519,0,-1,5,5,3,1,693,837,776
545,567,669,987,991,4,310,310,992,992,0,0.009836958371625992,0.009939072126348753,976,976,0,4,2,2,14,55,127,21,210
546,6,108,432,924,492,20,20,513,513,0,3.4037918240920386e-05,0.00010211375472276115,393,480,87,4,4,4,6,2,373,342,460
547,19,120,766,969,203,19,19,865,865,0,0.0012253650566731338,0.0012594029749140542,837,840,3,6,3,3,3,3,786,411,781
548,0,102,1,890,889,0,14,1,377,376,0.0,0.0,1,1,0,4,-1,5,10,0,427,960,309
549,0,0,1,1,0,0,0,1,1,0,0.0,0.0,1,1,0,-1,-1,-1,5,0,363,927,867
550,0,102,1,876,875,0,23,1,366,365,0.0,6.807583648184077e-05,1,447,446,4,-1,5,17,0,63,726,531
551,40,656,825,998,173,34,34,798,798,0,0.0005786446100956465,0.0018380475850097008,724,885,161,2,3,3,4,7,578,253,477
552,4,106,468,948,480,5,6,405,440,35,0.00010211375472276115,0.0005105687736138058,498,713,215,4,5,5,3,2,654,383,312
553,14,116,549,895,346,50,50,542,542,0,0.00013615167296368154,0.00017018959120460194,511,539,28,4,4,4,13,4,242,617,164
554,12,218,663,982,319,8,8,527,527,0,0.00030634126416828345,0.0006126825283365669,642,740,98,3,4,4,2,4,625,328,317
555,8,8,569,569,0,8,8,522,522,0,0.00030634126416828345,0.00030634126416828345,639,639,0,-1,4,4,2,5,702,710,776
556,3,209,458,985,527,3,8,382,548,166,0.0,0.0017018959120460194,1,880,879,3,5,4,2,2,878,430,69
557,0,102,1,948,947,0,6,1,452,451,0.0,0.0005786446100956465,1,730,729,4,-1,5,3,0,768,900,113
558,2,2,376,376,0,4,4,381,381,0,3.4037918240920386e-05,3.4037918240920386e-05,402,402,0,-1,5,5,3,4,718,595,235
559,10,111,567,925,358,12,12,464,464,0,0.00013615167296368154,0.0002042275094455223,517,579,62,5,4,4,4,4,542,220,527
560,20,226,639,966,327,38,38,580,580,0,0.0002382654276864427,0.0006467204465774873,582,738,156,3,4,4,9,6,395,258,332
561,12,12,523,523,0,26,26,471,471,0,0.00017018959120460194,0.00017018959120460194,545,545,0,-1,4,4,9,3,263,646,876
562,8,8,537,537,0,20,20,539,539,0,3.4037918240920386e-05,3.4037918240920386e-05,398,398,0,-1,4,4,6,3,594,434,488
563,27,233,795,984,189,20,20,675,675,0,0.0005786446100956465,0.0020082371762143027,745,888,143,3,4,4,4,8,480,204,376
564,6,6,439,439,0,12,12,472,472,0,0.00017018959120460194,0.00017018959120460194,543,543,0,-1,4,4,4,2,711,805,803
565,6,6,430,430,0,16,16,499,499,0,3.4037918240920386e-05,3.4037918240920386e-05,414,414,0,-1,4,4,4,1,822,958,569
566,8,214,498,967,469,18,23,433,464,31,3.4037918240920386e-05,0.00013615167296368154,396,508,112,3,4,4,8,3,302,585,756
567,0,206,1,959,958,0,14,1,432,431,0.0,0.00010211375472276115,1,487,486,3,-1,4,6,2,536,431,501
568,0,101,1,958,957,0,2,1,330,329,0.0,3.4037918240920386e-05,1,405,404,5,-1,6,2,0,963,988,466
569,13,13,684,684,0,4,4,428,428,0,0.00088498587426393,0.00088498587426393,801,801,0,-1,5,5,2,10,715,296,706
570,0,206,1,939,938,0,50,1,439,438,0.0,0.0002723033459273631,1,606,605,3,-1,4,19,0,83,968,165
571,0,206,1,962,961,0,23,1,479,478,0.0,0.0006126825283365669,1,740,739,3,-1,4,8,1,440,738,306
572,0,101,1,912,911,0,3,1,329,328,0.0,6.807583648184077e-05,1,443,442,5,-1,6,3,0,892,933,464
573,6,6,394,394,0,39,39,411,411,0,0.00013615167296368154,0.00013615167296368154,509,509,0,-1,4,4,19,1,48,931,657
574,6,212,394,950,556,45,50,465,491,26,3.4037918240920386e-05,0.0002042275094455223,406,557,151,3,4,4,15,2,0,342,149
575,24,24,655,655,0,96,96,775,775,0,0.0002723033459273631,0.0002723033459273631,613,613,0,-1,3,3,11,5,76,589,886
576,4,106,433,934,501,5,7,370,399,29,0.00013615167296368154,0.0004765308553728854,520,705,185,4,5,5,4,4,617,398,584
577,12,12,554,554,0,38,38,636,636,0,0.0002723033459273631,0.0002723033459273631,605,605,0,-1,4,4,7,2,196,465,843
578,139,345,907,977,70,224,224,910,910,0,0.0015657442390823377,0.0018380475850097008,855,871,16,3,3,3,19,20,38,87,441
579,102,308,877,973,96,112,112,816,816,0,0.0010892133837094523,0.0011913271384322134,804,817,13,3,3,3,12,12,52,172,394
580,24,125,685,918,233,58,58,741,741,0,0.0009190237925048504,0.0009190237925048504,787,787,0,5,3,3,8,5,325,589,337
581,0,0,1,1,0,0,0,1,1,0,0.0,0.0,1,1,0,-1,-1,-1,7,0,346,546,965
582,1,617,333,992,659,8,68,333,778,445,0.0,0.005514142755029102,1,964,963,2,6,3,8,2,199,656,21
583,16,16,667,667,0,38,38,869,869,0,0.0006126825283365669,0.0006126825283365669,750,750,0,-1,3,3,3,1,825,681,693
584,2,104,360,930,570,5,5,384,384,0,0.0,0.00017018959120460194,1,548,547,4,5,5,3,1,839,558,425
585,4,4,415,415,0,5,5,377,377,0,0.00010211375472276115,0.00010211375472276115,490,490,0,-1,5,5,3,3,471,585,758
586,29,645,803,998,195,28,48,811,944,133,0.0007828721195411688,0.008713707069675619,787,978,191,2,3,3,3,9,800,341,9
587,0,0,1,1,0,0,0,1,1,0,0.0,0.0,1,1,0,-1,-1,-1,15,0,32,983,564
588,2,2,345,345,0,21,21,353,353,0,0.0,0.0,1,1,0,-1,5,5,19,1,11,437,993
589,0,206,1,956,955,0,19,1,422,421,0.0,0.00010211375472276115,1,491,490,3,-1,4,9,1,200,705,770
590,2,208,362,967,605,7,14,380,483,103,0.0,0.0013955546478777359,1,849,848,3,5,4,5,2,412,885,297
591,140,140,937,937,0,118,118,958,958,0,0.0037441710065012424,0.0037441710065012424,935,935,0,-1,3,3,8,24,318,8,914
592,28,234,735,969,234,40,40,751,751,0,0.00037441710065012424,0.001599782157323258,675,863,188,3,3,3,5,5,677,221,45
593,64,64,800,800,0,128,128,801,801,0,0.0007828721195411688,0.0007828721195411688,756,756,0,-1,3,3,16,10,72,272,790
594,44,44,836,836,0,28,28,777,777,0,0.0009870996289866913,0.0009870996289866913,815,815,0,-1,3,3,3,9,756,414,939
595,60,676,790,991,201,196,196,909,909,0,0.0015657442390823377,0.002212464685659825,851,890,39,2,2,2,16,6,26,471,221
596,48,254,841,977,136,36,36,777,777,0,0.00088498587426393,0.0020082371762143027,798,889,91,3,3,3,5,8,647,177,68
597,34,34,712,712,0,80,80,662,662,0,0.000442492937131965,0.000442492937131965,672,672,0,-1,3,3,13,6,160,258,433
598,153,254,931,968,37,132,132,932,932,0,0.0032336022328874367,0.0032336022328874367,929,929,0,5,2,2,11,20,379,94,734
599,56,56,831,831,0,52,52,733,733,0,0.0012253650566731338,0.0012253650566731338,832,832,0,-1,3,3,7,12,658,99,664
600,16,118,602,911,309,26,26,535,535,0,0.00037441710065012424,0.0005786446100956465,670,729,59,4,4,4,7,4,335,86,263
601,19,121,698,944,246,14,14,543,543,0,0.0002723033459273631,0.0004084550188910446,612,677,65,4,4,4,3,9,626,391,532
602,2,103,366,923,557,5,5,366,366,0,3.4037918240920386e-05,6.807583648184077e-05,407,446,39,5,5,5,4,1,545,593,499
603,0,102,1,953,952,0,4,1,425,424,0.0,0.0005446066918547262,1,724,723,4,-1,5,2,0,792,858,150
604,1,1,332,332,0,4,4,332,332,0,0.0,0.0,1,1,0,-1,7,7,4,1,794,703,851
605,0,206,1,971,970,0,16,1,523,522,0.0,0.0005105687736138058,1,712,711,3,-1,4,4,0,559,813,185
606,0,206,1,971,970,0,22,1,593,592,0.0,0.002927260968719153,1,916,915,3,-1,4,5,0,720,723,126
607,4,4,455,455,0,7,7,415,415,0,0.00010211375472276115,0.00010211375472276115,479,479,0,-1,5,5,4,2,794,694,457
608,22,228,717,974,257,25,26,652,652,0,0.0006807583648184077,0.0009190237925048504,751,806,55,3,4,4,5,7,376,303,681
609,32,134,703,911,208,84,84,792,792,0,0.00034037918240920387,0.0004084550188910446,629,668,39,4,3,3,9,2,381,827,496
610,24,24,672,672,0,64,64,743,743,0,0.0005786446100956465,0.0005786446100956465,716,716,0,-1,3,3,9,5,395,589,822
611,241,343,975,985,10,60,60,896,896,0,0.004629156880765172,0.004799346471969774,948,950,2,4,3,3,5,45,691,77,454
612,100,100,929,929,0,100,100,997,997,0,0.05214609074509003,0.05211205282684911,1000,1000,0,6,1,1,3,12,791,179,743
613,0,102,1,893,892,0,8,1,355,354,0.0,0.0,1,1,0,4,-1,5,7,0,714,644,931
614,16,632,628,997,369,30,30,723,723,0,0.00017018959120460194,0.0014636304843595766,550,854,304,2,3,3,4,1,736,689,557
615,0,102,1,889,888,0,8,1,355,354,0.0,0.0,1,1,0,4,-1,5,7,1,193,835,364
616,2,208,358,963,605,11,17,396,455,59,6.807583648184077e-05,0.00037441710065012424,456,661,205,3,5,4,7,2,477,690,230
617,2,2,365,365,0,6,6,384,384,0,0.0,0.0,1,1,0,-1,5,5,4,1,475,743,998
618,341,957,987,1000,13,94,94,981,981,0,0.010449640899962559,0.01409169815174104,982,988,6,2,2,2,5,70,843,18,48
619,0,206,1,953,952,0,31,1,480,479,0.0,0.0005446066918547262,1,728,727,3,-1,4,10,0,75,846,461
620,24,24,654,654,0,64,64,611,611,0,0.00037441710065012424,0.00037441710065012424,663,663,0,-1,3,3,11,3,227,385,472
621,6,212,419,963,544,18,32,442,557,115,0.0,0.0017359338302869397,1,864,863,3,4,4,8,1,468,463,146
622,58,159,741,908,167,370,370,905,905,0,0.0008509479560230097,0.0008509479560230097,769,769,0,5,2,2,35,5,20,589,763
623,6,6,421,421,0,17,17,430,430,0,3.4037918240920386e-05,3.4037918240920386e-05,401,401,0,-1,4,4,8,1,428,594,426
624,14,14,665,665,0,8,8,520,520,0,0.00017018959120460194,0.00017018959120460194,549,549,0,-1,4,4,2,9,999,317,970
625,1,207,332,976,644,3,10,332,499,167,0.0,0.0009190237925048504,1,805,804,3,9,4,3,1,729,647,355
626,2,2,370,370,0,4,4,417,417,0,3.4037918240920386e-05,3.4037918240920386e-05,403,403,0,-1,5,5,2,3,939,755,699
627,104,206,900,957,57,60,60,853,853,0,0.0020763130126961434,0.0022465026039007454,892,898,6,4,3,3,5,19,496,59,275
628,0,102,1,945,944,0,4,1,431,430,0.0,0.001599782157323258,1,881,880,4,-1,5,2,0,951,953,55
629,0,102,1,958,957,0,4,1,441,440,0.0,0.0006807583648184077,1,758,757,4,-1,5,2,0,982,819,175
630,0,0,1,1,0,0,0,1,1,0,0.0,0.0,1,1,0,-1,-1,-1,7,0,207,934,715
631,24,230,672,966,294,64,64,744,744,0,0.0005105687736138058,0.0011913271384322134,711,826,115,3,3,3,9,4,422,288,377
632,0,206,1,970,969,0,18,1,515,514,0.0,0.0007488342013002485,1,768,767,3,-1,4,5,0,656,915,397
633,22,22,572,572,0,116,116,624,624,0,0.00037441710065012424,0.00037441710065012424,655,655,0,-1,3,3,20,3,5,197,675
634,17,223,677,978,301,24,24,761,761,0,0.00013615167296368154,0.0005786446100956465,530,744,214,3,3,3,3,4,833,305,162
635,209,415,964,987,23,70,70,892,892,0,0.004152626025392287,0.005514142755029102,949,965,16,3,3,3,5,38,349,111,82
636,27,129,746,945,199,20,20,747,747,0,0.0005786446100956465,0.0007828721195411688,730,773,43,4,3,3,3,6,935,4,424
637,0,0,1,1,0,0,0,1,1,0,0.0,0.0,1,1,0,-1,-1,-1,13,0,91,912,767
638,6,107,466,934,468,20,20,642,642,0,0.0002723033459273631,0.0002723033459273631,623,623,0,5,4,4,4,1,696,759,690
639,16,118,646,938,292,20,20,736,736,0,0.0002723033459273631,0.00030634126416828345,616,628,12,4,3,3,3,1,829,481,260
640,256,256,971,971,0,100,100,961,961,0,0.005207801490860819,0.005207801490860819,956,956,0,-1,2,2,6,44,393,27,539
641,41,657,811,997,186,18,28,613,728,115,0.0013615167296368155,0.0026549576227917903,853,916,63,2,4,3,3,14,725,190,178
642,0,206,1,975,974,0,12,1,491,490,0.0,0.0007147962830593281,1,759,758,3,-1,4,4,0,462,849,218
643,24,230,633,954,321,104,104,729,729,0,0.00034037918240920387,0.0011913271384322134,636,815,179,3,3,3,13,3,115,280,96
644,0,0,1,1,0,0,0,1,1,0,0.0,0.0,1,1,0,-1,-1,-1,2,0,924,961,564
645,6,212,457,970,513,20,20,553,553,0,6.807583648184077e-05,0.0010892133837094523,443,824,381,3,4,4,6,3,661,260,71
646,6,212,427,968,541,10,14,460,498,38,3.4037918240920386e-05,0.001055175465468532,391,805,414,3,4,4,3,1,778,799,193
647,76,692,850,995,145,130,130,918,918,0,0.0017018959120460194,0.004016474352428605,866,948,82,2,2,2,11,8,176,186,66
648,56,157,913,980,67,32,32,961,961,0,0.002723033459273631,0.0027911092957554717,925,927,2,5,3,3,2,13,963,183,292
649,6,212,442,971,529,18,18,608,608,0,0.00010211375472276115,0.0018040096667687805,475,871,396,3,4,4,3,3,989,410,95
650,2,208,351,961,610,9,22,363,479,116,0.0,0.0007488342013002485,1,761,760,3,5,4,7,1,472,781,147
651,0,616,1,995,994,0,40,1,645,644,0.0,0.002144388849177984,1,892,891,2,-1,3,7,0,510,726,141
652,20,226,754,980,226,24,28,826,866,40,0.00088498587426393,0.002314578440382586,794,905,111,3,3,3,3,3,840,103,245
653,0,0,1,1,0,0,0,1,1,0,0.0,0.0,1,1,0,-1,-1,-1,6,0,425,894,877
654,18,224,627,968,341,32,32,558,558,0,0.00017018959120460194,0.001497668402600497,534,850,316,3,4,4,8,4,146,202,82
655,52,154,758,912,154,148,148,835,835,0,0.0008509479560230097,0.0009870996289866913,777,794,17,4,2,2,16,4,50,622,317
656,38,38,788,788,0,34,34,736,736,0,0.0011232513019503727,0.0011232513019503727,814,814,0,-1,3,3,4,8,887,186,943
657,32,134,679,903,224,110,110,683,683,0,0.0005105687736138058,0.0005786446100956465,702,716,14,4,3,3,17,2,24,473,791
658,2,2,370,370,0,4,4,418,418,0,3.4037918240920386e-05,3.4037918240920386e-05,406,406,0,-1,5,5,2,2,874,560,953
659,6,108,453,935,482,16,16,560,560,0,0.00010211375472276115,0.0002382654276864427,475,589,114,4,4,4,4,1,945,607,346
660,9,9,520,520,0,17,17,439,439,0,3.4037918240920386e-05,3.4037918240920386e-05,395,395,0,-1,4,4,7,3,346,411,571
661,3,105,464,952,488,4,4,434,434,0,3.4037918240920386e-05,0.0015317063208414173,397,869,472,4,5,5,2,3,830,373,91
662,3,209,462,981,519,4,8,427,551,124,3.4037918240920386e-05,0.00034037918240920387,397,667,270,3,5,4,2,2,742,363,727
663,4,106,452,939,487,5,5,394,394,0,3.4037918240920386e-05,0.00037441710065012424,404,676,272,4,5,5,3,3,683,411,439
664,0,102,1,921,920,0,8,1,401,400,0.0,0.00017018959120460194,1,553,552,4,-1,5,5,0,456,565,262
665,172,172,922,922,0,240,240,907,907,0,0.0015317063208414173,0.0015317063208414173,845,845,0,-1,2,2,21,18,1,147,568
666,0,0,1,1,0,0,0,1,1,0,0.0,0.0,1,1,0,-1,-1,-1,13,0,92,982,906
667,0,102,1,937,936,0,3,1,370,369,0.0,3.4037918240920386e-05,1,407,406,4,-1,5,2,0,689,632,549
668,0,102,1,913,912,0,9,1,385,384,0.0,0.0002382654276864427,1,595,594,4,-1,5,6,2,664,462,167
669,52,154,812,937,125,60,60,755,755,0,0.0008169100377820892,0.001055175465468532,778,804,26,4,3,3,8,7,443,169,461
670,14,14,644,644,0,18,18,676,676,0,0.0007488342013002485,0.0007488342013002485,773,773,0,-1,4,4,3,4,640,326,271
671,22,638,606,992,386,71,108,582,723,141,0.00030634126416828345,0.001940161339732462,621,882,261,2,3,3,15,3,65,121,17
672,18,18,706,706,0,14,14,601,601,0,0.0002723033459273631,0.0002723033459273631,623,623,0,-1,4,4,3,4,683,637,865
673,0,0,1,1,0,0,0,1,1,0,0.0,0.0,1,1,0,-1,-1,-1,21,0,2,951,546
674,2,2,363,363,0,2,2,332,332,0,0.0,0.0,1,1,0,-1,6,6,2,5,816,605,372
675,46,46,755,755,0,106,106,684,684,0,0.0006807583648184077,0.0006807583648184077,738,738,0,-1,3,3,17,6,6,683,772
676,26,127,667,909,242,52,52,596,596,0,0.0004765308553728854,0.0005446066918547262,695,720,25,5,4,4,10,6,128,467,537
677,4,4,446,446,0,4,4,426,426,0,0.0,0.0,1,1,0,-1,5,5,2,2,609,244,716
678,0,102,1,917,916,0,4,1,387,386,0.0,0.00017018959120460194,1,547,546,4,-1,5,2,0,859,776,176
679,41,247,810,976,166,30,30,721,721,0,0.0012253650566731338,0.0016338200755641784,829,850,21,3,4,4,5,9,843,130,525
680,339,545,973,984,11,352,352,981,981,0,0.005650294427992784,0.006058749446883829,957,961,4,3,2,2,19,27,35,25,470
681,56,56,759,759,0,136,136,718,718,0,0.0013615167296368155,0.0013615167296368155,834,834,0,-1,2,2,20,3,88,197,922
682,0,206,1,971,970,0,18,1,547,546,0.0,0.0016678579938050988,1,864,863,3,-1,4,5,0,720,715,135
683,2,104,355,896,541,14,18,375,396,21,0.0,0.0002042275094455223,1,558,557,4,5,5,10,1,254,717,202
684,22,228,700,974,274,36,40,743,788,45,0.0008509479560230097,0.0022465026039007454,795,896,101,3,3,3,5,2,552,473,171
685,2,2,353,353,0,13,13,374,374,0,0.0,0.0,1,1,0,-1,5,5,9,1,339,736,835
686,29,131,791,954,163,24,24,711,711,0,0.0005786446100956465,0.0008509479560230097,731,782,51,4,4,4,4,9,607,211,301
687,110,726,896,996,100,94,104,852,894,42,0.0022465026039007454,0.003880322679464924,894,940,46,2,3,3,9,15,208,158,116
688,139,345,940,984,44,70,70,913,913,0,0.0024507301133462676,0.002927260968719153,904,927,23,3,3,3,5,25,506,47,562
689,22,22,701,701,0,48,48,900,900,0,0.0007488342013002485,0.0007488342013002485,773,773,0,-1,3,3,3,4,834,143,871
690,6,212,483,978,495,8,8,513,513,0,0.00010211375472276115,0.001497668402600497,496,866,370,3,4,4,2,1,757,556,89
691,125,125,956,956,0,46,46,975,975,0,0.006773545729943157,0.006773545729943157,971,971,0,-1,2,2,2,24,977,8,947
692,25,127,678,922,244,54,54,661,661,0,0.00030634126416828345,0.0004084550188910446,628,676,48,4,3,3,8,4,231,557,215
693,19,121,732,959,227,24,24,757,757,0,0.000442492937131965,0.0006807583648184077,692,753,61,4,4,4,4,4,754,267,424
694,16,16,625,625,0,34,34,750,750,0,0.00034037918240920387,0.00034037918240920387,652,652,0,-1,3,3,4,1,815,168,968
695,16,222,582,965,383,30,38,524,577,53,0.00010211375472276115,0.0006807583648184077,485,744,259,3,4,4,9,4,278,164,306
696,18,119,673,936,263,26,26,725,725,0,0.0008509479560230097,0.00088498587426393,781,787,6,5,3,3,4,2,659,244,601
697,58,264,844,976,132,30,30,656,656,0,0.0014636304843595766,0.0030634126416828346,854,929,75,3,4,4,5,18,311,148,44
698,6,108,482,948,466,8,8,512,512,0,6.807583648184077e-05,0.00030634126416828345,448,643,195,4,4,4,2,2,910,544,556
699,0,0,1,1,0,0,0,1,1,0,0.0,0.0,1,1,0,-1,-1,-1,3,2,579,462,431
700,85,291,866,979,113,118,118,947,947,0,0.0018720855032506212,0.002212464685659825,878,892,14,3,2,2,9,12,177,67,264
701,807,908,997,998,1,264,264,997,997,0,0.01592974573675074,0.01596378365499166,993,993,0,5,2,2,12,118,184,37,265
702,77,179,927,978,51,12,12,683,683,0,0.0021784267674189047,0.0026889955410327104,897,915,18,4,4,4,2,23,965,66,471
703,39,39,790,790,0,40,40,729,729,0,0.0007147962830593281,0.0007147962830593281,762,762,0,-1,3,3,5,5,396,591,943
704,6,108,463,940,477,8,8,489,489,0,3.4037918240920386e-05,0.00013615167296368154,393,508,115,4,4,4,2,1,733,762,720
705,0,0,1,1,0,0,0,1,1,0,0.0,0.0,1,1,0,-1,-1,-1,2,2,886,462,926
706,30,236,705,963,258,110,110,858,858,0,0.0009530617107457708,0.0011232513019503727,800,826,26,3,3,3,10,4,149,207,168
707,423,423,987,987,0,98,98,928,928,0,0.008237176214302734,0.008237176214302734,973,973,0,-1,3,3,8,75,541,24,767
708,473,575,1000,1000,0,32,32,966,966,0,0.02127369890057524,0.021443888491779844,995,995,0,4,3,3,2,157,805,2,263
709,27,27,781,781,0,24,24,711,711,0,0.0006807583648184077,0.0006807583648184077,749,749,0,-1,4,4,4,13,607,340,778
710,0,101,1,937,936,0,2,1,331,330,0.0,0.0,1,1,0,5,-1,6,2,0,747,811,540
711,31,133,772,946,174,30,30,732,732,0,0.0007488342013002485,0.0009870996289866913,774,813,39,4,3,3,4,6,513,192,487
712,0,206,1,968,967,0,14,1,474,473,0.0,0.0005446066918547262,1,720,719,3,-1,4,5,0,551,877,327
713,2,618,351,993,642,11,56,359,637,278,3.4037918240920386e-05,0.002723033459273631,401,914,513,2,5,3,9,1,159,924,41
714,6,6,411,411,0,16,16,411,411,0,6.807583648184077e-05,6.807583648184077e-05,453,453,0,-1,5,5,8,4,223,319,915
715,0,102,1,936,935,0,6,1,425,424,0.0,0.00030634126416828345,1,637,636,4,-1,5,3,0,568,511,245
716,16,222,569,957,388,36,52,513,602,89,0.00013615167296368154,0.001055175465468532,520,801,281,3,4,4,10,4,204,164,183
717,0,206,1,957,956,0,28,1,495,494,0.0,0.0007147962830593281,1,749,748,3,-1,4,8,0,131,716,114
718,6,108,466,935,469,20,20,642,642,0,0.0002723033459273631,0.00034037918240920387,623,654,31,4,4,4,4,1,696,727,451
719,0,206,1,968,967,0,20,1,584,583,0.0,0.0015317063208414173,1,861,860,3,-1,4,4,0,547,782,73
720,0,102,1,934,933,0,5,1,368,367,0.0,3.4037918240920386e-05,1,403,402,4,-1,5,4,0,728,846,561
721,34,240,726,968,242,34,34,572,572,0,0.0005446066918547262,0.0009190237925048504,714,792,78,3,4,4,7,9,193,198,759
722,0,101,1,960,959,0,2,1,329,328,0.0,3.4037918240920386e-05,1,407,406,5,-1,6,2,0,847,457,492
723,2,2,379,379,0,6,6,444,444,0,6.807583648184077e-05,6.807583648184077e-05,463,463,0,-1,5,5,3,1,584,904,907
724,18,18,666,666,0,22,22,711,711,0,0.00030634126416828345,0.00030634126416828345,641,641,0,-1,3,3,2,2,859,700,276
725,0,101,1,940,939,0,2,1,331,330,0.0,3.4037918240920386e-05,1,403,402,5,-1,6,2,0,980,967,842
726,0,206,1,947,946,0,32,1,422,421,0.0,0.0005105687736138058,1,695,694,3,-1,4,14,0,121,657,424
727,60,60,842,842,0,89,89,907,907,0,0.002382654276864427,0.002382654276864427,901,901,0,-1,2,2,8,5,323,350,533
728,16,16,553,553,0,28,28,463,463,0,0.00010211375472276115,0.00010211375472276115,478,478,0,-1,3,3,10,1,105,788,611
729,0,0,1,1,0,0,0,1,1,0,0.0,0.0,1,1,0,-1,-1,-1,10,0,240,824,769
730,2,2,348,348,0,16,16,395,395,0,0.0,0.0,1,1,0,-1,5,5,9,3,140,578,812
731,6,6,482,482,0,14,14,589,589,0,0.0002382654276864427,0.0002382654276864427,599,599,0,-1,4,4,3,2,745,493,937
732,1,102,333,870,537,22,22,333,333,0,0.0,0.0,1,1,0,6,8,7,22,1,55,647,640
733,0,206,1,955,954,0,38,1,534,533,0.0,0.0008509479560230097,1,782,781,3,-1,4,9,0,351,951,642
734,0,0,1,1,0,0,0,1,1,0,0.0,0.0,1,1,0,-1,-1,-1,10,1,240,554,803
735,0,206,1,965,964,0,12,1,441,440,0.0,0.00013615167296368154,1,516,515,3,-1,4,5,0,396,349,314
736,0,0,1,1,0,0,0,1,1,0,0.0,0.0,1,1,0,-1,-1,-1,4,0,547,926,750
737,0,101,1,869,868,0,15,1,332,331,0.0,0.0,1,1,0,5,-1,6,15,0,37,983,563
738,0,102,1,944,943,0,3,1,375,374,0.0,0.00010211375472276115,1,501,500,4,-1,5,2,0,983,959,353
739,118,1718,876,1000,124,322,322,839,839,0,0.0020763130126961434,0.007488342013002485,880,968,88,1,2,2,33,9,9,130,126
740,0,0,1,1,0,0,0,1,1,0,0.0,0.0,1,1,0,-1,-1,-1,9,0,123,995,324
741,8,214,562,975,413,14,14,578,578,0,0.0002042275094455223,0.00037441710065012424,580,663,83,3,4,4,3,3,814,354,553
742,21,21,724,724,0,12,12,600,600,0,0.0005105687736138058,0.0005105687736138058,711,711,0,-1,4,4,2,9,925,294,633
743,0,102,1,955,954,0,3,1,388,387,0.0,6.807583648184077e-05,1,452,451,4,-1,5,2,0,967,900,260
744,16,118,710,962,252,18,18,840,840,0,0.00034037918240920387,0.000442492937131965,682,713,31,4,3,3,2,1,914,474,241
745,0,101,1,869,868,0,14,1,332,331,0.0,0.0,1,1,0,6,-1,7,14,0,203,533,663
746,72,278,843,972,129,76,76,731,731,0,0.0007147962830593281,0.0009190237925048504,749,786,37,3,3,3,10,13,125,217,308
747,9,111,556,936,380,10,10,483,483,0,0.0002042275094455223,0.0002382654276864427,559,585,26,4,4,4,3,4,864,278,419
748,24,230,651,960,309,56,56,663,663,0,0.0002723033459273631,0.0004084550188910446,606,674,68,3,3,3,9,5,327,362,537
749,100,100,966,966,0,100,100,998,998,0,0.07270499336260594,0.07365805507335171,999,999,0,3,1,1,2,2,959,495,387
750,0,101,1,914,913,0,4,1,329,328,0.0,0.0,1,1,0,5,-1,6,4,0,783,498,924
751,0,102,1,912,911,0,6,1,372,371,0.0,0.00034037918240920387,1,653,652,4,-1,5,4,0,759,695,303
752,0,206,1,958,957,0,21,1,468,467,0.0,0.0004765308553728854,1,696,695,3,-1,4,7,0,221,678,295
753,14,14,593,593,0,26,26,574,574,0,0.0004765308553728854,0.0004765308553728854,707,707,0,-1,4,4,5,4,555,479,919
754,0,616,1,998,997,0,18,1,722,721,0.0,0.0018720855032506212,1,879,878,2,-1,3,2,1,905,730,655
755,0,206,1,964,963,0,28,1,563,562,0.0,0.002586881786309949,1,918,917,3,-1,4,6,0,549,916,135
756,10,216,561,973,412,20,24,579,646,67,0.00037441710065012424,0.0038462847612240037,674,942,268,3,4,4,4,3,504,536,34
757,6,212,404,960,556,26,34,501,570,69,0.00013615167296368154,0.0004765308553728854,523,696,173,3,4,4,7,2,374,670,177
758,0,0,1,1,0,0,0,1,1,0,0.0,0.0,1,1,0,-1,-1,-1,10,0,427,651,228
759,56,157,848,953,105,60,60,902,902,0,0.003437829742332959,0.00353994349705572,927,929,2,5,2,2,5,10,656,266,694
760,17,17,655,655,0,30,30,724,724,0,0.0002382654276864427,0.0002382654276864427,593,593,0,-1,3,3,4,4,384,305,875
761,51,51,900,900,0,48,48,978,978,0,0.021682153919466287,0.021682153919466287,996,996,0,-1,2,2,3,9,915,341,865
762,32,32,714,714,0,80,80,804,804,0,0.0006807583648184077,0.0006807583648184077,742,742,0,-1,3,3,10,7,527,224,874
763,0,206,1,968,967,0,21,1,494,493,0.0,0.0004765308553728854,1,702,701,3,-1,4,7,0,497,587,610
764,18,224,586,953,367,48,60,508,564,56,0.00013615167296368154,0.0011232513019503727,513,819,306,3,4,4,12,3,239,347,189
765,0,102,1,926,925,0,7,1,385,384,0.0,0.00010211375472276115,1,490,489,4,-1,5,5,1,843,780,149
766,0,102,1,885,884,0,18,1,400,399,0.0,0.00037441710065012424,1,648,647,4,-1,5,9,0,381,898,338
767,91,297,893,977,84,56,56,847,847,0,0.001940161339732462,0.0025188059498281084,884,909,25,3,3,3,6,14,582,68,179
768,26,128,768,953,185,12,12,671,671,0,0.001055175465468532,0.001497668402600497,819,859,40,4,4,4,2,8,609,497,382
769,6,108,418,905,487,20,20,434,434,0,0.00013615167296368154,0.00013615167296368154,510,510,0,4,4,4,9,1,395,687,599
770,34,34,744,744,0,46,46,729,729,0,0.0009190237925048504,0.0009190237925048504,790,790,0,-1,3,3,6,7,393,329,568
771,30,30,640,640,0,72,72,511,511,0,0.00030634126416828345,0.00030634126416828345,615,615,0,-1,3,3,19,4,11,208,886
772,60,266,807,968,161,74,74,693,693,0,0.0006807583648184077,0.00088498587426393,736,782,46,3,3,3,12,12,183,172,557
773,0,0,1,1,0,0,0,1,1,0,0.0,0.0,1,1,0,-1,-1,-1,14,0,144,942,912
774,22,124,709,948,239,32,32,760,760,0,0.00030634126416828345,0.0005786446100956465,619,717,98,4,3,3,5,3,580,263,432
775,0,101,1,905,904,0,7,1,332,331,0.0,0.0,1,1,0,5,-1,6,7,0,141,928,694
776,10,626,520,993,473,34,70,521,741,220,0.00017018959120460194,0.0031314884781646754,543,930,387,2,4,3,9,3,208,307,92
777,2,104,353,904,551,7,8,384,396,12,0.0,0.0002042275094455223,1,565,564,4,5,5,4,2,385,662,891
778,32,238,654,950,296,120,124,671,679,8,0.00037441710065012424,0.00088498587426393,644,776,132,3,3,3,19,8,89,302,294
779,150,252,978,991,13,12,12,825,825,0,0.008271214132543654,0.008475441641989176,976,976,0,4,4,4,2,54,933,19,371
780,0,206,1,960,959,0,16,1,414,413,0.0,0.0002042275094455223,1,568,567,3,-1,4,8,0,257,868,810
781,4,106,461,939,478,3,4,372,405,33,0.0,0.0002382654276864427,1,592,591,4,5,5,2,3,734,598,435
782,42,42,721,721,0,120,120,731,731,0,0.00030634126416828345,0.00030634126416828345,628,628,0,-1,3,3,17,8,23,521,864
783,732,834,997,998,1,168,168,1000,1000,0,0.017801831240001363,0.017869907076483203,991,991,0,4,2,2,6,118,470,37,532
784,32,32,711,711,0,54,54,662,662,0,0.0004084550188910446,0.0004084550188910446,675,675,0,-1,3,3,8,6,357,683,760
785,19,120,723,950,227,10,10,537,537,0,0.0004765308553728854,0.0005786446100956465,711,732,21,5,4,4,3,9,961,198,491
786,197,299,970,982,12,62,62,964,964,0,0.005241839409101739,0.005786446100956465,964,967,3,4,2,2,3,27,672,25,386
787,28,28,711,711,0,72,72,854,854,0,0.001157289220191293,0.001157289220191293,819,819,0,-1,3,3,7,3,207,438,713
788,0,102,1,940,939,0,4,1,413,412,0.0,0.0004765308553728854,1,715,714,4,-1,5,2,3,820,746,559
789,0,206,1,967,966,0,8,1,438,437,0.0,0.00013615167296368154,1,514,513,3,-1,4,3,0,459,953,353
790,3,105,425,937,512,6,7,392,420,28,3.4037918240920386e-05,0.0008509479560230097,402,793,391,4,5,5,4,2,610,364,116
791,8,214,541,973,432,14,14,556,556,0,0.0002042275094455223,0.0009530617107457708,578,807,229,3,4,4,3,2,831,700,500
792,14,14,570,570,0,44,44,639,639,0,0.0007828721195411688,0.0007828721195411688,762,762,0,-1,4,4,8,3,201,616,614
793,0,102,1,920,919,0,4,1,382,381,0.0,0.00010211375472276115,1,490,489,4,-1,5,2,1,909,573,551
794,6,6,417,417,0,24,24,510,510,0,0.00013615167296368154,0.00013615167296368154,519,519,0,-1,4,4,6,2,368,785,498
795,242,448,967,984,17,124,124,948,948,0,0.0045270431260424114,0.004765308553728854,949,951,2,3,3,3,9,36,330,48,302
796,63,163,940,987,47,22,22,943,943,0,0.00353994349705572,0.00353994349705572,941,941,0,5,3,3,2,26,920,108,592
797,28,234,737,975,238,34,34,805,805,0,0.0006807583648184077,0.0016338200755641784,738,865,127,3,3,3,4,4,520,288,89
798,0,101,1,877,876,0,15,1,332,331,0.0,0.0,1,1,0,5,-1,6,15,0,40,502,466
799,0,0,1,1,0,0,0,1,1,0,0.0,0.0,1,1,0,-1,-1,-1,6,0,630,804,388
800,2,618,354,993,639,16,57,360,548,188,0.0,0.0007828721195411688,1,766,765,2,5,3,14,1,47,893,132
801,7,7,538,538,0,10,10,493,493,0,0.0002042275094455223,0.0002042275094455223,575,575,0,-1,4,4,3,3,583,196,777
802,13,13,619,619,0,18,18,623,623,0,0.0002382654276864427,0.0002382654276864427,601,601,0,-1,4,4,3,4,900,450,733
803,62,62,847,847,0,56,56,807,807,0,0.0008509479560230097,0.0008509479560230097,787,787,0,-1,3,3,6,14,549,243,953
804,0,0,1,1,0,0,0,1,1,0,0.0,0.0,1,1,0,-1,-1,-1,4,0,507,943,950
805,28,644,689,992,303,66,90,678,785,107,0.00037441710065012424,0.0030974505599237552,658,925,267,2,3,3,10,4,99,202,151
806,0,206,1,959,958,0,15,1,399,398,0.0,0.00017018959120460194,1,533,532,3,-1,4,8,0,415,716,508
807,18,120,751,964,213,22,22,864,864,0,0.00037441710065012424,0.0004084550188910446,682,696,14,4,3,3,2,5,913,395,274
808,11,113,630,947,317,7,7,494,494,0,0.0002042275094455223,0.0005105687736138058,592,734,142,4,4,4,2,5,283,454,245
809,7,7,503,503,0,22,22,488,488,0,0.00017018959120460194,0.00017018959120460194,551,551,0,-1,4,4,7,3,335,631,747
810,266,368,977,987,10,64,64,956,956,0,0.006671431975220395,0.006705469893461316,967,967,0,4,3,3,4,45,740,77,332
811,346,346,985,985,0,104,104,979,979,0,0.010211375472276116,0.010211375472276116,983,983,0,-1,2,2,5,59,531,6,511
812,13,114,644,939,295,12,12,581,581,0,0.00030634126416828345,0.00037441710065012424,646,679,33,5,4,4,2,4,752,339,659
813,16,632,495,987,492,123,146,659,709,50,0.00030634126416828345,0.001157289220191293,630,821,191,2,3,3,21,1,54,869,224
814,0,0,1,1,0,0,0,1,1,0,0.0,0.0,1,1,0,-1,-1,-1,19,0,35,698,968
815,0,102,1,901,900,0,8,1,357,356,0.0,0.00010211375472276115,1,486,485,4,-1,5,7,0,525,953,561
816,28,234,632,949,317,130,130,700,700,0,0.0006467204465774873,0.0009190237925048504,732,782,50,3,3,3,19,3,89,351,245
817,0,0,1,1,0,0,0,1,1,0,0.0,0.0,1,1,0,-1,-1,-1,12,0,58,517,875
818,0,102,1,938,937,0,6,1,419,418,0.0,0.000442492937131965,1,688,687,4,-1,5,3,0,903,669,345
819,19,121,707,946,239,20,20,767,767,0,0.0004084550188910446,0.000442492937131965,676,685,9,4,3,3,3,3,288,214,215
820,58,160,855,957,102,40,40,778,778,0,0.0010211375472276116,0.0010892133837094523,803,817,14,4,3,3,5,20,644,189,628
821,0,0,1,1,0,0,0,1,1,0,0.0,0.0,1,1,0,-1,-1,-1,7,0,525,768,740
822,52,252,740,960,220,166,166,793,793,0,0.0006467204465774873,0.0012934408931549745,715,831,116,3,3,3,19,6,35,658,67
823,0,206,1,954,953,0,19,1,415,414,0.0,0.0005105687736138058,1,699,698,3,-1,4,9,1,178,767,507
824,28,28,775,775,0,38,38,881,881,0,0.0017359338302869397,0.0017359338302869397,873,873,0,-1,3,3,3,5,588,403,852
825,1,1,333,333,0,5,5,333,333,0,0.0,0.0,1,1,0,-1,6,6,5,1,294,603,952
826,2,2,364,364,0,4,4,366,366,0,3.4037918240920386e-05,3.4037918240920386e-05,402,402,0,-1,5,5,3,1,748,421,898
827,30,30,759,759,0,36,36,725,725,0,0.0006126825283365669,0.0006126825283365669,731,731,0,-1,3,3,5,6,766,275,930
828,0,102,1,944,943,0,4,1,415,414,0.0,0.000442492937131965,1,697,696,4,-1,5,2,0,910,674,399
829,12,12,552,552,0,17,17,454,454,0,6.807583648184077e-05,6.807583648184077e-05,432,432,0,-1,4,4,7,4,207,164,768
830,0,102,1,878,877,0,21,1,388,387,0.0,0.00010211375472276115,1,473,472,4,-1,5,12,1,183,814,491
831,0,206,1,961,960,0,23,1,460,459,0.0,0.0005105687736138058,1,703,702,3,-1,4,8,0,201,934,376
832,160,260,972,987,15,48,48,962,962,0,0.004935498144933456,0.004969536063174376,960,962,2,5,3,3,3,48,600,56,861
833,6,108,533,964,431,4,4,446,446,0,0.00013615167296368154,0.003608019333537561,519,938,419,4,5,5,2,5,985,688,21
834,6,6,419,419,0,22,22,505,505,0,0.00010211375472276115,0.00010211375472276115,475,475,0,-1,4,4,7,1,416,322,707
835,2,2,375,375,0,6,6,458,458,0,0.0,0.0,1,1,0,-1,5,5,3,1,867,577,668
836,0,206,1,957,956,0,24,1,475,474,0.0,0.0005446066918547262,1,726,725,3,-1,4,8,0,142,918,642
837,0,206,1,975,974,0,8,1,491,490,0.0,0.00037441710065012424,1,666,665,3,-1,4,2,0,926,624,204
838,8,110,534,931,397,12,12,467,467,0,0.00010211375472276115,0.0002382654276864427,479,605,126,4,4,4,5,3,908,598,451
839,24,24,736,736,0,28,28,779,779,0,0.0004084550188910446,0.0004084550188910446,672,672,0,-1,3,3,3,4,923,450,777
840,34,34,791,791,0,30,30,784,784,0,0.0008509479560230097,0.0008509479560230097,781,781,0,-1,3,3,4,5,696,589,539
841,89,89,899,899,0,70,70,914,914,0,0.002110350930937064,0.002110350930937064,891,891,0,-1,3,3,5,18,294,82,733
842,91,297,870,977,107,82,82,857,857,0,0.00176997174852786,0.0022465026039007454,869,898,29,3,3,3,7,15,417,137,185
843,10,10,615,615,0,8,8,513,513,0,0.0002042275094455223,0.0002042275094455223,573,573,0,-1,4,4,2,4,960,625,538
844,6,212,415,968,553,12,24,435,608,173,0.0,0.0036760951700194017,1,937,936,3,4,4,4,3,509,321,51
845,211,313,965,978,13,82,82,904,904,0,0.004322815616596889,0.00439089145307873,947,947,0,4,3,3,7,31,207,76,799
846,0,0,1,1,0,0,0,1,1,0,0.0,0.0,1,1,0,-1,-1,-1,4,0,949,674,944
847,2,618,354,994,640,13,90,371,788,417,0.0,0.006841621566424997,1,969,968,2,5,3,10,3,75,676,24
848,76,282,859,973,114,74,74,810,810,0,0.0009530617107457708,0.0010892133837094523,795,818,23,3,3,3,9,12,389,155,210
849,50,256,756,961,205,94,98,639,649,10,0.001055175465468532,0.001157289220191293,804,811,7,3,3,3,16,10,26,296,541
850,8,110,549,938,389,14,14,500,500,0,3.4037918240920386e-05,0.00030634126416828345,402,635,233,4,4,4,5,2,602,724,317
851,20,20,600,600,0,65,65,566,566,0,0.0002382654276864427,0.0002382654276864427,578,578,0,-1,4,4,15,4,81,365,888
852,0,0,1,1,0,0,0,1,1,0,0.0,0.0,1,1,0,-1,-1,-1,5,0,795,367,498
853,6,212,465,975,510,13,13,589,589,0,0.00013615167296368154,0.0006126825283365669,532,747,215,3,4,4,3,1,857,463,136
854,226,226,957,957,0,192,192,946,946,0,0.0030634126416828346,0.0030634126416828346,931,931,0,-1,2,2,13,28,97,98,758
855,8,8,470,470,0,49,49,473,473,0,0.00013615167296368154,0.00013615167296368154,512,512,0,-1,4,4,17,3,210,196,947
856,0,206,1,969,968,0,20,1,574,573,0.0,0.0006807583648184077,1,763,762,3,-1,4,4,0,453,988,139
857,6,6,400,400,0,18,18,409,409,0,0.00010211375472276115,0.00010211375472276115,469,469,0,-1,4,4,8,1,244,530,815
858,22,124,717,942,225,46,46,871,871,0,0.0009530617107457708,0.0012253650566731338,810,841,31,4,3,3,5,5,376,535,334
859,41,41,821,821,0,28,28,732,732,0,0.0007488342013002485,0.0007488342013002485,766,766,0,-1,3,3,5,9,695,391,927
860,0,0,1,1,0,0,0,1,1,0,0.0,0.0,1,1,0,-1,-1,-1,16,0,134,808,737
861,0,206,1,974,973,0,12,1,519,518,0.0,0.001055175465468532,1,821,820,3,-1,4,4,0,682,358,144
862,0,101,1,904,903,0,7,1,331,330,0.0,0.0,1,1,0,5,-1,6,7,2,359,775,679
863,0,0,1,1,0,0,0,1,1,0,0.0,0.0,1,1,0,-1,-1,-1,3,0,568,994,723
864,46,252,746,964,218,96,96,665,665,0,0.00088498587426393,0.0009870996289866913,781,794,13,3,3,3,15,8,40,250,512
865,12,218,646,978,332,12,12,641,641,0,0.0004084550188910446,0.0018040096667687805,683,883,200,3,4,4,2,3,986,610,171
866,25,126,728,933,205,30,30,707,707,0,0.0007147962830593281,0.0007147962830593281,757,757,0,7,4,4,5,8,570,177,703
867,40,142,797,947,150,60,60,861,861,0,0.0009870996289866913,0.0012594029749140542,805,838,33,4,3,3,5,4,294,470,90
868,148,748,904,993,89,204,204,857,857,0,0.0021784267674189047,0.0026549576227917903,883,909,26,2,3,3,19,17,31,60,412
869,0,102,1,951,950,0,5,1,374,373,0.0,0.0005446066918547262,1,716,715,4,-1,5,4,0,738,784,272
870,6,108,508,956,448,8,8,539,539,0,6.807583648184077e-05,0.00017018959120460194,450,549,99,4,4,4,2,1,809,659,704
871,37,653,743,994,251,64,74,719,764,45,0.0002382654276864427,0.001940161339732462,592,880,288,2,3,3,9,7,217,237,58
872,0,102,1,941,940,0,3,1,380,379,0.0,0.00017018959120460194,1,561,560,4,-1,5,2,0,817,825,487
873,12,218,494,953,459,42,46,482,502,20,0.0,0.0002723033459273631,1,610,609,3,4,4,13,3,228,290,424
874,0,0,1,1,0,0,0,1,1,0,0.0,0.0,1,1,0,-1,-1,-1,6,0,253,977,975
875,0,102,1,929,928,0,7,1,382,381,0.0,0.00010211375472276115,1,487,486,4,-1,5,5,0,685,877,339
876,3,3,425,425,0,4,4,362,362,0,0.0,0.0,1,1,0,-1,5,5,3,2,839,298,539
877,0,101,1,872,871,0,15,1,329,328,0.0,0.0,1,1,0,5,-1,6,15,0,124,664,879
878,0,1640,1,1000,999,0,114,1,781,780,0.0,0.011266550937744648,1,979,978,1,-1,2,13,0,41,778,18
879,0,102,1,923,922,0,8,1,416,415,0.0,0.00013615167296368154,1,527,526,4,-1,5,4,0,566,994,29
880,24,230,758,976,218,18,18,715,715,0,0.0007147962830593281,0.0009870996289866913,762,808,46,3,4,4,3,10,639,413,351
881,100,100,906,906,0,100,100,983,983,0,0.03114469519044215,0.03114469519044215,996,996,0,-1,1,1,5,4,290,312,848
882,0,0,1,1,0,0,0,1,1,0,0.0,0.0,1,1,0,-1,-1,-1,4,0,860,876,740
883,23,23,700,700,0,26,26,613,613,0,0.0004765308553728854,0.0004765308553728854,700,700,0,-1,4,4,5,8,561,90,907
884,153,153,955,955,0,70,70,940,940,0,0.005071649817897137,0.005071649817897137,957,957,0,-1,3,3,5,27,517,88,431
885,21,227,657,969,312,26,26,580,580,0,0.0002042275094455223,0.0006126825283365669,561,725,164,3,4,4,5,7,546,188,318
886,633,733,998,999,1,128,128,998,998,0,0.01695088328397835,0.017291262466387555,993,994,1,4,2,2,5,118,438,37,453
887,0,206,1,971,970,0,14,1,537,536,0.0,0.0010211375472276116,1,814,813,3,-1,4,3,0,621,668,390
888,1,103,331,947,616,2,3,331,368,37,0.0,0.0002723033459273631,1,630,629,4,6,5,2,4,988,595,159
889,24,126,712,938,226,30,30,724,724,0,0.0005786446100956465,0.0006467204465774873,726,745,19,4,3,3,4,4,384,450,534
890,0,0,1,1,0,0,0,1,1,0,0.0,0.0,1,1,0,-1,-1,-1,4,0,401,929,786
891,8,8,496,496,0,34,34,524,524,0,0.00010211375472276115,0.00010211375472276115,483,483,0,-1,4,4,9,2,136,680,678
892,69,275,921,988,67,22,22,844,844,0,0.002212464685659825,0.002995336805200994,911,939,28,3,3,3,2,17,781,180,523
893,38,38,821,821,0,22,22,800,800,0,0.0008169100377820892,0.0008169100377820892,779,779,0,-1,3,3,2,9,733,415,488
894,2,103,411,976,565,4,4,526,526,0,0.00013615167296368154,0.0002042275094455223,517,581,64,5,5,5,2,1,973,840,191
895,14,116,582,913,331,22,22,477,477,0,0.00010211375472276115,0.0002382654276864427,479,598,119,4,4,4,7,4,118,443,652
896,0,206,1,949,948,0,34,1,411,410,0.0,0.0002382654276864427,1,588,587,3,-1,4,16,0,26,881,504
897,0,0,1,1,0,0,0,1,1,0,0.0,0.0,1,1,0,-1,-1,-1,3,1,627,650,883
898,6,6,399,399,0,22,22,423,423,0,3.4037918240920386e-05,3.4037918240920386e-05,402,402,0,-1,4,4,9,1,100,862,614
899,6,108,453,928,475,18,18,589,589,0,0.00013615167296368154,0.00034037918240920387,524,652,128,4,4,4,3,1,819,741,176
900,0,0,1,1,0,0,0,1,1,0,0.0,0.0,1,1,0,-1,-1,-1,7,0,156,851,554
901,0,206,1,991,990,0,8,1,686,685,0.0,0.007692569522448007,1,973,972,3,-1,4,2,0,956,784,11
902,0,0,1,1,0,0,0,1,1,0,0.0,0.0,1,1,0,-1,-1,-1,4,0,401,702,757
903,76,177,876,960,84,38,38,823,823,0,0.0012594029749140542,0.0012594029749140542,851,851,0,5,3,3,3,9,613,130,807
904,10,10,643,643,0,8,8,555,555,0,0.00037441710065012424,0.00037441710065012424,679,679,0,-1,4,4,2,4,991,365,865
905,16,16,587,587,0,34,34,491,491,0,0.0002042275094455223,0.0002042275094455223,576,576,0,-1,4,4,11,4,174,504,235
906,216,216,970,970,0,78,78,955,955,0,0.006943735321147759,0.006943735321147759,974,974,0,-1,2,2,4,27,354,88,695
907,28,28,704,704,0,42,42,668,668,0,0.0006467204465774873,0.0006467204465774873,743,743,0,-1,3,3,6,3,432,173,554
908,0,0,1,1,0,0,0,1,1,0,0.0,0.0,1,1,0,-1,-1,-1,9,1,389,806,488
909,114,320,921,980,59,72,72,853,853,0,0.003914360597705844,0.00439089145307873,941,953,12,3,3,3,7,19,400,135,197
910,100,100,908,908,0,100,100,993,993,0,0.036624800027230335,0.036624800027230335,997,997,0,-1,1,1,4,1,949,962,348
911,0,101,1,926,925,0,4,1,330,329,0.0,6.807583648184077e-05,1,446,445,5,-1,6,4,0,777,608,464
912,76,282,896,984,88,18,18,658,658,0,0.0021784267674189047,0.0024166921951053475,893,909,16,3,4,4,3,25,756,47,40
913,96,96,885,885,0,64,64,797,797,0,0.002144388849177984,0.002144388849177984,881,881,0,-1,3,3,8,19,270,144,939
914,0,101,1,965,964,0,2,1,331,330,0.0,0.0,1,1,0,6,-1,7,2,0,968,657,448
915,337,337,973,973,0,208,208,953,953,0,0.005582218591510943,0.005582218591510943,959,959,0,-1,2,2,14,45,181,77,744
916,0,0,1,1,0,0,0,1,1,0,0.0,0.0,1,1,0,-1,-1,-1,9,0,316,673,660
917,0,102,1,886,885,0,10,1,370,369,0.0,3.4037918240920386e-05,1,405,404,4,-1,5,7,0,246,812,549
918,9,111,625,956,331,10,10,560,560,0,0.00017018959120460194,0.00088498587426393,556,806,250,4,4,4,3,5,707,710,62
919,1,207,331,979,648,3,14,331,637,306,0.0,0.008645631233193778,1,977,976,3,6,4,3,1,911,603,37
920,0,206,1,977,976,0,14,1,628,627,0.0,0.0015657442390823377,1,868,867,3,-1,4,3,0,854,675,122
921,6,107,421,898,477,48,48,658,658,0,0.0006467204465774873,0.0006467204465774873,751,751,0,5,4,4,8,2,428,160,563
922,2,103,373,949,576,4,4,374,374,0,0.0,3.4037918240920386e-05,1,399,398,5,5,5,3,1,854,503,334
923,0,0,1,1,0,0,0,1,1,0,0.0,0.0,1,1,0,-1,-1,-1,9,0,136,990,744
924,0,101,1,919,918,0,4,1,332,331,0.0,0.0,1,1,0,5,-1,6,4,0,550,672,321
925,0,206,1,957,956,0,16,1,425,424,0.0,0.00034037918240920387,1,654,653,3,-1,4,7,0,637,883,418
926,3,209,450,981,531,3,12,377,679,302,3.4037918240920386e-05,0.002212464685659825,415,904,489,3,5,4,2,2,957,547,94
927,0,102,1,901,900,0,9,1,358,357,0.0,0.0,1,1,0,4,-1,5,8,1,420,841,555
928,4,210,421,971,550,10,18,418,526,108,0.0002382654276864427,0.002110350930937064,586,890,304,3,5,4,5,2,386,523,108
929,6,212,395,954,559,46,50,549,571,22,0.00010211375472276115,0.0006807583648184077,481,741,260,3,4,4,11,2,360,719,642
930,0,102,1,922,921,0,7,1,383,382,0.0,0.0002382654276864427,1,594,593,4,-1,5,4,0,652,867,303
931,46,252,784,969,185,76,80,739,765,26,0.0012253650566731338,0.0015317063208414173,825,855,30,3,2,2,11,3,333,795,280
932,0,206,1,951,950,0,34,1,520,519,0.0,0.0011913271384322134,1,825,824,3,-1,4,9,0,208,903,78
933,70,276,838,973,135,78,78,787,787,0,0.0009530617107457708,0.0012934408931549745,795,837,42,3,3,3,8,11,357,83,683
934,0,102,1,877,876,0,15,1,359,358,0.0,6.807583648184077e-05,1,445,444,4,-1,5,13,0,90,665,244
935,14,220,709,987,278,10,14,591,681,90,0.00030634126416828345,0.0006467204465774873,640,756,116,3,4,4,3,4,668,545,557
936,30,132,712,920,208,48,48,674,674,0,0.00034037918240920387,0.00037441710065012424,645,660,15,4,3,3,7,5,436,124,615
937,20,226,647,964,317,39,39,630,630,0,0.00010211375472276115,0.00017018959120460194,489,546,57,3,4,4,8,4,488,380,468
938,8,214,508,963,455,14,22,417,495,78,6.807583648184077e-05,0.001599782157323258,443,854,411,3,5,4,7,4,214,164,66
939,0,102,1,937,936,0,3,1,370,369,0.0,0.00017018959120460194,1,549,548,4,-1,5,2,0,689,903,631
940,267,473,981,994,13,32,32,919,919,0,0.006058749446883829,0.006603356138738555,965,966,1,3,3,3,2,61,990,14,232
941,6,212,445,970,525,12,20,484,592,108,0.0002382654276864427,0.0016678579938050988,594,858,264,3,4,4,4,1,655,840,399
942,14,116,537,892,355,32,32,499,499,0,6.807583648184077e-05,0.00013615167296368154,449,507,58,4,4,4,8,3,370,485,527
943,0,0,1,1,0,0,0,1,1,0,0.0,0.0,1,1,0,-1,-1,-1,2,0,733,975,568
944,28,28,728,728,0,38,38,827,827,0,0.0007488342013002485,0.0007488342013002485,767,767,0,-1,3,3,3,4,725,407,730
945,0,616,1,996,995,0,36,1,567,566,0.0,0.0011913271384322134,1,818,817,2,-1,3,9,0,395,483,190
946,6,6,435,435,0,28,28,586,586,0,6.807583648184077e-05,6.807583648184077e-05,449,449,0,-1,4,4,6,1,515,661,673
947,20,20,680,680,0,26,26,715,715,0,0.0002382654276864427,0.0002382654276864427,590,590,0,-1,3,3,4,3,539,704,498
948,0,206,1,971,970,0,15,1,495,494,0.0,6.807583648184077e-05,1,445,444,3,-1,4,4,0,544,728,681
949,6,622,399,993,594,32,58,476,641,165,0.00013615167296368154,0.0028932230504782326,507,917,410,2,4,3,10,1,125,666,69
950,0,0,1,1,0,0,0,1,1,0,0.0,0.0,1,1,0,-1,-1,-1,5,0,238,803,538
951,0,102,1,939,938,0,6,1,438,437,0.0,0.00030634126416828345,1,634,633,4,-1,5,3,0,708,388,377
952,28,234,685,963,278,64,64,700,700,0,0.0005786446100956465,0.0012594029749140542,727,829,102,3,3,3,9,4,123,336,154
953,22,228,661,968,307,30,38,569,641,72,0.00013615167296368154,0.0020082371762143027,517,880,363,3,4,4,7,6,362,683,38
954,0,102,1,925,924,0,7,1,394,393,0.0,0.0002382654276864427,1,599,598,4,-1,5,5,0,629,750,291
955,0,0,1,1,0,0,0,1,1,0,0.0,0.0,1,1,0,-1,-1,-1,8,0,370,856,824
956,0,101,1,963,962,0,2,1,332,331,0.0,0.00030634126416828345,1,654,653,5,-1,6,2,0,749,745,134
957,12,12,579,579,0,26,26,624,624,0,0.0002382654276864427,0.0002382654276864427,595,595,0,-1,4,4,5,2,326,827,745
958,26,128,651,906,255,42,42,495,495,0,0.0004765308553728854,0.0006467204465774873,681,728,47,4,3,3,12,5,348,562,291
959,4,105,471,946,475,4,4,426,426,0,0.0002723033459273631,0.0004084550188910446,623,678,55,5,5,5,2,4,942,239,459
960,16,117,560,901,341,70,70,748,748,0,0.0006807583648184077,0.0006807583648184077,741,741,0,5,3,3,9,1,178,759,140
961,2,103,430,980,550,3,3,466,466,0,6.807583648184077e-05,0.00010211375472276115,458,510,52,5,5,5,2,1,955,762,395
962,2,104,359,892,533,9,11,374,390,16,0.0,0.00010211375472276115,1,479,478,4,5,5,6,1,157,717,384
963,0,206,1,975,974,0,10,1,523,522,0.0,0.0004084550188910446,1,682,681,3,-1,4,3,0,523,887,439
964,8,109,629,969,340,4,4,470,470,0,0.0002723033459273631,0.00030634126416828345,634,653,19,5,5,5,2,5,866,310,690
965,0,206,1,967,966,0,14,1,477,476,0.0,0.0005786446100956465,1,729,728,3,-1,4,5,0,519,898,155
966,2,104,368,925,557,6,7,387,404,17,3.4037918240920386e-05,0.00037441710065012424,408,670,262,4,5,5,4,1,631,421,211
967,7,109,546,948,402,8,8,486,486,0,0.00030634126416828345,0.000442492937131965,651,712,61,4,4,4,2,3,943,263,670
968,15,15,725,725,0,14,14,682,682,0,0.0004084550188910446,0.0004084550188910446,690,690,0,-1,4,4,3,4,668,267,793
969,0,102,1,888,887,0,16,1,370,369,0.0,0.00013615167296368154,1,506,505,4,-1,5,12,0,222,600,904
970,423,525,981,983,2,318,318,986,986,0,0.008373327887266415,0.008373327887266415,970,970,0,4,2,2,16,34,53,20,659
971,6,212,400,953,553,36,37,458,463,5,0.0,0.0002042275094455223,1,555,554,3,4,4,13,1,160,592,202
972,92,192,900,960,60,40,40,729,729,0,0.0018040096667687805,0.001940161339732462,873,879,6,4,3,3,5,23,531,106,188
973,438,638,983,992,9,228,228,981,981,0,0.006841621566424997,0.007420266176520644,964,965,1,3,2,2,15,55,110,21,143
974,0,101,1,909,908,0,6,1,332,331,0.0,0.0,1,1,0,5,-1,6,6,0,341,429,274
975,36,137,826,958,132,22,22,784,784,0,0.0011913271384322134,0.0011913271384322134,839,839,0,5,3,3,2,8,596,345,506
976,12,114,589,929,340,24,24,664,664,0,0.0008169100377820892,0.0011913271384322134,785,832,47,4,4,4,4,5,513,535,622
977,6,212,410,960,550,20,32,463,557,94,0.0,0.00030634126416828345,1,621,620,3,4,4,8,1,146,527,40
978,6,212,462,973,511,18,18,544,544,0,0.00013615167296368154,0.0006807583648184077,525,763,238,3,4,4,5,1,647,659,120
979,2,2,353,353,0,14,14,385,385,0,3.4037918240920386e-05,3.4037918240920386e-05,399,399,0,-1,5,5,9,1,166,853,445
980,1,207,332,970,638,5,18,332,513,181,0.0,0.0014295925661186562,1,856,855,3,7,4,5,1,766,972,171
981,3,104,462,957,495,4,4,427,427,0,0.00010211375472276115,0.00013615167296368154,495,538,43,5,5,5,2,2,742,627,718
982,0,102,1,921,920,0,4,1,363,362,0.0,3.4037918240920386e-05,1,402,401,4,-1,5,3,0,900,778,314
983,100,100,913,913,0,100,100,993,993,0,0.038905340549372,0.04060723646141802,998,999,1,3,1,1,4,16,969,113,123
984,239,340,960,976,16,258,258,978,978,0,0.005037611899656217,0.005071649817897137,952,952,0,5,2,2,15,24,104,13,364
985,0,0,1,1,0,0,0,1,1,0,0.0,0.0,1,1,0,-1,-1,-1,4,0,891,883,806
986,6,212,471,977,506,6,10,436,490,54,0.00010211375472276115,0.00034037918240920387,497,667,170,3,5,4,3,4,825,443,541
987,41,41,827,827,0,44,44,894,894,0,0.0011913271384322134,0.0011913271384322134,831,831,0,-1,3,3,4,5,772,403,952
988,0,102,1,925,924,0,7,1,383,382,0.0,6.807583648184077e-05,1,452,451,4,-1,5,5,0,848,716,508
989,16,222,639,973,334,22,22,722,722,0,0.0002042275094455223,0.0017018959120460194,565,877,312,3,3,3,2,2,909,223,106
990,0,0,1,1,0,0,0,1,1,0,0.0,0.0,1,1,0,-1,-1,-1,17,0,63,998,754
991,8,624,479,992,513,34,52,415,489,74,3.4037918240920386e-05,0.0027911092957554717,393,912,519,2,4,3,18,2,29,602,230
992,56,56,897,897,0,18,18,742,742,0,0.0013274788113958951,0.0013274788113958951,846,846,0,-1,4,4,3,20,922,71,831
993,41,143,770,934,164,72,72,807,807,0,0.0006807583648184077,0.0006807583648184077,750,750,0,4,3,3,7,9,591,293,449
994,0,206,1,972,971,0,18,1,537,536,0.0,0.001599782157323258,1,863,862,3,-1,4,5,0,795,916,119
995,78,179,879,963,84,64,64,925,925,0,0.0033016780693692774,0.003369753905851118,927,928,1,5,2,2,5,18,314,63,536
996,113,215,889,950,61,112,112,790,790,0,0.0008169100377820892,0.0009190237925048504,761,778,17,4,3,3,12,15,175,219,579
997,86,188,909,969,60,48,48,945,945,0,0.002314578440382586,0.002484768031587188,907,910,3,4,3,3,3,15,864,158,159
998,28,234,695,965,270,56,56,651,651,0,0.00030634126416828345,0.0012594029749140542,638,831,193,3,3,3,9,6,213,447,171
999,58,58,829,829,0,80,80,830,830,0,0.0030974505599237552,0.0030974505599237552,923,923,0,-1,2,2,9,6,190,258,712
