,FreeNet_pre_score,FreeNet_post_score,FreeNet_pre_rank,FreeNet_post_rank,FreeNet_delta_ranks,Reversed_pre_score,Reversed_post_score,Reversed_pre_rank,Reversed_post_rank,Reversed_delta_ranks,Random_pre_score,Random_post_score,Random_pre_rank,Random_post_rank,Random_delta_ranks,dist_victim_relayer,dist_victim_vilain_pre,dist_victim_vilain_post,out_deg_victim,in_deg_villain,victim,villain,relayer
0,0,101,1,966,965,0,3,1,331,330,0.0,3.4037918240920386e-05,1,406,405,5,-1,6,3,0,853,973,402
1,110,316,899,974,75,106,106,933,933,0,0.0014636304843595766,0.0020082371762143027,857,889,32,3,2,2,7,12,447,179,103
2,0,206,1,982,981,0,8,1,582,581,0.0,0.0013955546478777359,1,858,857,3,-1,4,2,0,751,831,58
3,6,108,444,920,476,20,20,525,525,0,6.807583648184077e-05,0.00013615167296368154,440,511,71,4,4,4,6,3,664,410,210
4,0,616,1,987,986,0,176,1,887,886,0.0,0.009530617107457708,1,974,973,2,-1,3,16,0,132,674,9
5,32,32,887,887,0,8,8,730,730,0,0.001055175465468532,0.001055175465468532,836,836,0,-1,4,4,2,20,775,71,990
6,16,222,613,963,350,28,32,575,611,36,0.0002382654276864427,0.0009530617107457708,593,804,211,3,4,4,6,6,281,432,118
7,12,12,468,468,0,50,50,416,416,0,6.807583648184077e-05,6.807583648184077e-05,426,426,0,-1,4,4,23,5,30,401,772
8,0,102,1,907,906,0,14,1,391,390,0.0,0.00013615167296368154,1,506,505,4,-1,5,8,1,286,650,622
9,8,214,578,980,402,8,8,536,536,0,0.00010211375472276115,0.0006467204465774873,499,767,268,3,4,4,2,5,876,395,97
10,8,214,541,974,433,14,18,512,578,66,0.00010211375472276115,0.0005105687736138058,485,703,218,3,4,4,5,2,727,549,579
11,2,104,381,956,575,4,4,455,455,0,6.807583648184077e-05,6.807583648184077e-05,456,456,0,4,5,5,2,2,889,215,222
12,6,107,424,913,489,19,19,441,441,0,0.0,0.0,1,1,0,5,4,4,8,1,286,717,924
13,1,103,332,920,588,4,8,332,415,83,0.0,0.00034037918240920387,1,651,650,4,6,5,4,1,815,640,427
14,18,224,678,975,297,34,34,812,812,0,0.00030634126416828345,0.0005786446100956465,648,739,91,3,3,3,4,2,573,453,528
15,16,118,575,906,331,40,40,559,559,0,0.0002723033459273631,0.0002723033459273631,615,615,0,4,3,3,9,1,147,360,421
16,0,102,1,913,912,0,6,1,362,361,0.0,0.00013615167296368154,1,513,512,4,-1,5,5,0,476,981,229
17,144,350,926,980,54,96,100,847,861,14,0.002212464685659825,0.0040845501889104465,892,941,49,3,3,3,10,21,169,157,108
18,40,142,810,949,139,62,62,957,957,0,0.002212464685659825,0.0022465026039007454,895,895,0,4,2,2,3,2,869,160,392
19,2,208,351,952,601,21,46,391,506,115,3.4037918240920386e-05,0.0013274788113958951,403,826,423,3,5,4,13,3,129,755,38
20,16,16,688,688,0,12,12,682,682,0,0.00030634126416828345,0.00030634126416828345,639,639,0,-1,4,4,2,8,702,302,916
21,1,207,333,951,618,9,21,333,433,100,0.0,0.00034037918240920387,1,647,646,3,6,4,9,1,202,140,759
22,21,123,732,949,217,14,14,592,592,0,0.00030634126416828345,0.0008509479560230097,649,786,137,4,4,4,3,8,845,417,494
23,6,6,448,448,0,26,26,673,673,0,0.0004084550188910446,0.0004084550188910446,672,672,0,-1,4,4,5,1,463,404,875
24,6,6,403,403,0,26,26,461,461,0,0.0002723033459273631,0.0002723033459273631,611,611,0,-1,4,4,10,1,527,481,998
25,0,101,1,901,900,0,7,1,332,331,0.0,0.0,1,1,0,5,-1,6,7,2,171,684,484
26,0,0,1,1,0,0,0,1,1,0,0.0,0.0,1,1,0,-1,-1,-1,8,0,449,574,428
27,40,142,675,891,216,144,144,687,687,0,0.000442492937131965,0.0004765308553728854,672,681,9,4,3,3,24,5,28,182,441
28,0,102,1,925,924,0,6,1,408,407,0.0,0.00030634126416828345,1,640,639,4,-1,5,3,0,621,668,329
29,0,0,1,1,0,0,0,1,1,0,0.0,0.0,1,1,0,-1,-1,-1,2,0,776,989,701
30,132,233,959,982,23,52,52,979,979,0,0.007352190340038803,0.007352190340038803,966,966,0,6,2,2,3,22,569,128,484
31,19,19,693,693,0,14,14,566,566,0,0.0009530617107457708,0.0009530617107457708,804,804,0,-1,4,4,3,10,901,296,782
32,29,235,715,967,252,84,84,828,828,0,0.0009190237925048504,0.0015317063208414173,784,854,70,3,3,3,9,4,166,125,366
33,0,101,1,885,884,0,9,1,332,331,0.0,0.0,1,1,0,5,-1,6,9,0,414,993,896
34,20,636,660,994,334,40,54,626,729,103,0.0002723033459273631,0.0017018959120460194,608,869,261,2,4,3,8,6,158,107,227
35,0,206,1,954,953,0,28,1,426,425,0.0,0.00010211375472276115,1,486,485,3,-1,4,12,0,226,950,681
36,90,296,887,976,89,66,66,843,843,0,0.002382654276864427,0.0030293747234419145,907,928,21,3,3,3,6,14,352,146,438
37,16,118,676,946,270,12,12,616,616,0,0.00037441710065012424,0.0005446066918547262,669,724,55,4,4,4,2,6,734,379,891
38,20,20,603,603,0,70,70,603,603,0,0.0002382654276864427,0.0002382654276864427,593,593,0,-1,3,3,14,3,130,214,546
39,46,46,797,797,0,44,44,690,690,0,0.0007488342013002485,0.0007488342013002485,759,759,0,-1,3,3,7,8,359,250,824
40,0,0,1,1,0,0,0,1,1,0,0.0,0.0,1,1,0,-1,-1,-1,3,0,530,865,705
41,11,217,689,987,298,8,8,595,595,0,0.00037441710065012424,0.0011232513019503727,681,832,151,3,4,4,2,5,847,362,658
42,17,17,727,727,0,8,8,552,552,0,0.0004084550188910446,0.0004084550188910446,691,691,0,-1,4,4,2,6,889,467,790
43,25,231,718,971,253,24,24,628,628,0,0.0008169100377820892,0.0009530617107457708,779,802,23,3,4,4,4,6,572,114,655
44,0,102,1,922,921,0,6,1,411,410,0.0,0.0006807583648184077,1,759,758,4,-1,5,3,0,636,953,243
45,0,102,1,883,882,0,16,1,369,368,0.0,6.807583648184077e-05,1,448,447,4,-1,5,12,0,44,923,634
46,3,3,459,459,0,4,4,428,428,0,0.00010211375472276115,0.00010211375472276115,499,499,0,-1,5,5,2,3,715,631,973
47,16,16,506,506,0,92,92,582,582,0,0.00010211375472276115,0.00010211375472276115,476,476,0,-1,3,3,19,1,36,810,871
48,12,12,480,480,0,50,50,495,495,0,6.807583648184077e-05,6.807583648184077e-05,440,440,0,-1,4,4,16,5,134,231,852
49,6,6,399,399,0,32,32,476,476,0,0.00010211375472276115,0.00010211375472276115,476,476,0,-1,4,4,10,1,125,799,881
50,50,152,830,951,121,50,50,829,829,0,0.00088498587426393,0.001157289220191293,796,833,37,4,3,3,5,5,773,273,625
51,44,250,780,970,190,110,110,900,900,0,0.0011913271384322134,0.0014636304843595766,828,851,23,3,3,3,10,7,241,630,286
52,6,6,420,420,0,28,28,584,584,0,0.00010211375472276115,0.00010211375472276115,463,463,0,-1,4,4,6,1,556,711,614
53,0,206,1,962,961,0,22,1,466,465,0.0,0.0005786446100956465,1,731,730,3,-1,4,8,0,420,520,198
54,0,0,1,1,0,0,0,1,1,0,0.0,0.0,1,1,0,-1,-1,-1,5,0,701,871,835
55,23,229,689,974,285,36,40,736,799,63,0.0007488342013002485,0.0035059055788147996,769,941,172,3,3,3,5,4,692,319,77
56,22,22,704,704,0,30,30,746,746,0,0.0006467204465774873,0.0006467204465774873,746,746,0,-1,3,3,4,2,659,549,455
57,20,226,689,973,284,18,18,634,634,0,0.000442492937131965,0.0010211375472276116,696,822,126,3,4,4,3,4,726,267,150
58,0,206,1,970,969,0,24,1,657,656,0.0,0.0030293747234419145,1,923,922,3,-1,4,4,0,969,900,20
59,12,218,634,978,344,8,8,504,504,0,0.0002382654276864427,0.002144388849177984,595,900,305,3,4,4,2,6,734,486,48
60,22,124,727,945,218,34,34,813,813,0,0.0009190237925048504,0.0009530617107457708,800,805,5,4,3,3,4,4,543,143,625
61,0,101,1,938,937,0,3,1,332,331,0.0,0.00010211375472276115,1,490,489,5,-1,6,3,3,785,854,524
62,10,112,522,908,386,44,44,588,588,0,0.0002042275094455223,0.0002042275094455223,562,562,0,4,4,4,10,4,437,230,337
63,341,341,985,985,0,78,78,962,962,0,0.00966676878042139,0.00966676878042139,980,980,0,-1,2,2,4,59,711,6,812
64,19,121,713,946,233,18,18,652,652,0,0.000442492937131965,0.0008169100377820892,693,791,98,4,4,4,3,6,729,432,475
65,2,2,358,358,0,15,15,410,410,0,3.4037918240920386e-05,3.4037918240920386e-05,401,401,0,-1,5,5,8,2,454,550,513
66,585,791,995,998,3,190,190,993,993,0,0.012832295176826986,0.014568229007113924,986,989,3,3,2,2,8,83,297,10,133
67,42,42,712,712,0,138,138,728,728,0,0.00034037918240920387,0.00034037918240920387,632,632,0,-1,3,3,19,6,89,199,611
68,0,101,1,933,932,0,3,1,332,331,0.0,0.0002042275094455223,1,570,569,5,-1,6,3,0,676,832,441
69,145,246,970,984,14,28,28,843,843,0,0.005071649817897137,0.005071649817897137,953,953,0,5,3,3,3,49,718,51,361
70,10,112,561,922,361,9,9,402,402,0,0.0002042275094455223,0.0002042275094455223,568,568,0,4,5,5,5,5,665,314,449
71,0,102,1,929,928,0,4,1,370,369,0.0,0.0004084550188910446,1,681,680,4,-1,5,3,1,729,705,516
72,28,28,731,731,0,20,20,633,633,0,0.0004765308553728854,0.0004765308553728854,706,706,0,-1,4,4,4,8,949,386,971
73,201,407,963,987,24,128,128,988,988,0,0.0053099152455835805,0.0053439531638245,963,963,0,3,2,2,5,30,347,39,435
74,10,216,623,982,359,14,18,629,735,106,0.0005105687736138058,0.004288777698355968,723,945,222,3,4,4,3,3,867,351,56
75,70,276,801,959,158,138,146,710,734,24,0.0008509479560230097,0.0023486163586235067,769,895,126,3,2,2,19,5,19,636,157
76,24,230,680,969,289,78,78,839,839,0,0.00030634126416828345,0.0007147962830593281,645,759,114,3,3,3,8,5,646,589,154
77,42,144,753,918,165,80,80,746,746,0,0.0007488342013002485,0.0007488342013002485,755,755,0,4,3,3,10,9,105,145,623
78,0,101,1,926,925,0,5,1,330,329,0.0,3.4037918240920386e-05,1,408,407,5,-1,6,5,0,574,999,578
79,0,102,1,912,911,0,7,1,373,372,0.0,6.807583648184077e-05,1,441,440,4,-1,5,5,0,284,672,536
80,2,2,368,368,0,3,3,369,369,0,3.4037918240920386e-05,3.4037918240920386e-05,394,394,0,-1,5,5,2,1,589,763,845
81,0,206,1,948,947,0,18,1,378,377,0.0,0.00017018959120460194,1,535,534,3,-1,4,11,0,163,794,679
82,195,195,989,989,0,32,32,972,972,0,0.00796487286837537,0.00796487286837537,974,974,0,-1,3,3,2,59,865,5,472
83,0,102,1,899,898,0,9,1,361,360,0.0,0.0,1,1,0,4,-1,5,7,0,366,695,597
84,12,114,688,961,273,12,12,728,728,0,0.0006467204465774873,0.0012934408931549745,756,852,96,4,4,4,2,4,974,333,438
85,0,102,1,890,889,0,17,1,393,392,0.0,0.0002382654276864427,1,583,582,4,-1,5,10,1,211,730,501
86,0,206,1,965,964,0,13,1,401,400,0.0,0.0,1,1,0,3,-1,4,7,1,362,789,714
87,61,162,842,946,104,66,66,843,843,0,0.0015317063208414173,0.0016338200755641784,858,863,5,5,2,2,8,9,541,343,585
88,24,24,664,664,0,58,58,613,613,0,0.0002723033459273631,0.0002723033459273631,611,611,0,-1,3,3,12,6,93,447,977
89,0,0,1,1,0,0,0,1,1,0,0.0,0.0,1,1,0,-1,-1,-1,5,0,701,880,984
90,8,109,533,928,395,10,10,474,474,0,0.00017018959120460194,0.00017018959120460194,536,536,0,6,4,4,3,5,855,464,595
91,3,105,440,935,495,5,7,366,440,74,3.4037918240920386e-05,0.0007147962830593281,399,768,369,4,5,5,4,2,827,680,226
92,0,0,1,1,0,0,0,1,1,0,0.0,0.0,1,1,0,-1,-1,-1,4,0,475,324,852
93,1,1,333,333,0,3,3,333,333,0,3.4037918240920386e-05,3.4037918240920386e-05,409,409,0,-1,6,6,3,1,577,687,801
94,2,103,358,908,550,6,6,358,358,0,0.0,0.0,1,1,0,5,5,5,5,2,519,374,690
95,1,207,332,975,643,3,10,332,499,167,0.0,0.0004084550188910446,1,678,677,3,6,4,3,1,568,140,145
96,0,102,1,874,873,0,25,1,377,376,0.0,3.4037918240920386e-05,1,396,395,4,-1,5,17,0,112,865,325
97,0,102,1,906,905,0,6,1,362,361,0.0,0.00013615167296368154,1,515,514,4,-1,5,4,1,671,835,315
98,0,0,1,1,0,0,0,1,1,0,0.0,0.0,1,1,0,-1,-1,-1,3,1,668,852,867
99,0,206,1,971,970,0,10,1,459,458,0.0,0.0009190237925048504,1,799,798,3,-1,4,3,0,577,733,232
100,19,19,728,728,0,44,44,891,891,0,0.0011232513019503727,0.0011232513019503727,828,828,0,-1,3,3,4,3,728,438,966
101,568,1184,992,1000,8,160,160,988,988,0,0.013104598522754349,0.015555328636100617,986,988,2,2,2,2,7,85,118,0,141
102,26,642,765,998,233,18,38,653,867,214,0.0009530617107457708,0.012730181422104225,817,988,171,2,4,3,3,11,833,249,24
103,27,233,683,962,279,44,48,574,597,23,0.0002723033459273631,0.0004765308553728854,603,697,94,3,3,3,9,5,123,362,704
104,7,108,479,889,410,30,30,448,448,0,6.807583648184077e-05,6.807583648184077e-05,441,441,0,5,4,4,12,2,187,364,595
105,16,222,587,962,375,64,64,759,759,0,6.807583648184077e-05,0.0007147962830593281,445,762,317,3,3,3,8,1,260,720,390
106,1,103,333,904,571,6,11,333,409,76,3.4037918240920386e-05,0.0002382654276864427,395,592,197,4,6,5,6,1,387,437,354
107,66,272,893,985,92,22,22,772,772,0,0.0013274788113958951,0.0022465026039007454,844,900,56,3,3,3,2,15,689,62,405
108,0,206,1,956,955,0,22,1,472,471,0.0,0.0005105687736138058,1,698,697,3,-1,4,8,0,236,611,333
109,38,140,767,935,168,64,64,761,761,0,0.0009190237925048504,0.001055175465468532,799,814,15,4,3,3,8,10,297,195,666
110,8,214,476,950,474,64,72,565,604,39,0.00013615167296368154,0.0017359338302869397,515,872,357,3,4,4,14,3,21,300,94
111,2,1642,346,1000,654,15,180,333,889,556,3.4037918240920386e-05,0.013513053541645392,392,986,594,1,6,2,15,5,51,605,10
112,0,0,1,1,0,0,0,1,1,0,0.0,0.0,1,1,0,-1,-1,-1,2,0,810,818,744
113,20,220,715,976,261,8,8,489,489,0,0.0002042275094455223,0.0012934408931549745,565,839,274,3,4,4,2,6,733,435,84
114,46,148,857,970,113,8,8,539,539,0,0.0009530617107457708,0.0018040096667687805,815,877,62,4,4,4,2,16,760,113,146
115,0,102,1,922,921,0,6,1,397,396,0.0,0.00013615167296368154,1,523,522,4,-1,5,3,0,834,614,617
116,0,102,1,960,959,0,3,1,392,391,0.0,0.0002723033459273631,1,623,622,4,-1,5,2,0,997,716,795
117,2,208,366,972,606,4,10,366,473,107,0.0,0.00030634126416828345,1,635,634,3,5,4,3,2,855,292,318
118,280,382,972,981,9,168,168,923,923,0,0.004220701861874128,0.00439089145307873,947,949,2,4,3,3,13,36,67,48,840
119,54,260,737,955,218,168,172,730,745,15,0.0006126825283365669,0.001055175465468532,713,800,87,3,3,3,24,4,28,333,382
120,47,47,808,808,0,52,52,760,760,0,0.0011913271384322134,0.0011913271384322134,823,823,0,-1,3,3,7,13,207,255,828
121,0,0,1,1,0,0,0,1,1,0,0.0,0.0,1,1,0,-1,-1,-1,4,0,728,324,775
122,286,286,961,961,0,258,258,928,928,0,0.003914360597705844,0.003914360597705844,937,937,0,-1,2,2,19,30,83,65,635
123,0,0,1,1,0,0,0,1,1,0,0.0,0.0,1,1,0,-1,-1,-1,4,0,633,823,675
124,41,41,799,799,0,30,30,662,662,0,0.0009870996289866913,0.0009870996289866913,809,809,0,-1,4,4,5,14,501,175,760
125,195,195,961,961,0,88,88,904,904,0,0.0035059055788147996,0.0035059055788147996,933,933,0,-1,3,3,8,30,541,75,929
126,25,127,785,959,174,22,22,820,820,0,0.0006126825283365669,0.0008169100377820892,744,790,46,4,3,3,2,4,896,267,479
127,85,85,923,923,0,28,28,840,840,0,0.0018720855032506212,0.0018720855032506212,891,891,0,-1,3,3,3,19,654,59,702
128,0,206,1,971,970,0,12,1,463,462,0.0,0.0018040096667687805,1,879,878,3,-1,4,4,0,542,201,108
129,166,267,972,988,16,86,86,994,994,0,0.010994247591817285,0.011130399264780965,985,985,0,5,2,2,3,26,485,112,409
130,19,225,703,976,273,12,12,604,604,0,0.0004765308553728854,0.003608019333537561,708,932,224,3,4,4,2,5,589,591,25
131,0,102,1,914,913,0,11,1,386,385,0.0,0.0002382654276864427,1,602,601,4,-1,5,8,0,318,707,435
132,0,0,1,1,0,0,0,1,1,0,0.0,0.0,1,1,0,-1,-1,-1,7,0,329,228,757
133,0,0,1,1,0,0,0,1,1,0,0.0,0.0,1,1,0,-1,-1,-1,8,3,350,348,979
134,136,342,950,987,37,70,70,946,946,0,0.002927260968719153,0.0034718676605738795,920,929,9,3,3,3,5,33,602,15,340
135,110,316,924,984,60,48,48,933,933,0,0.002314578440382586,0.0033016780693692774,900,931,31,3,3,3,3,23,726,117,272
136,20,122,656,920,264,20,20,563,563,0,0.0002382654276864427,0.00037441710065012424,590,669,79,4,4,4,4,6,300,435,274
137,0,0,1,1,0,0,0,1,1,0,0.0,0.0,1,1,0,-1,-1,-1,8,1,297,706,880
138,50,256,844,978,134,68,68,965,965,0,0.002484768031587188,0.0030634126416828346,907,922,15,3,2,2,4,5,945,338,46
139,0,206,1,952,951,0,17,1,379,378,0.0,6.807583648184077e-05,1,444,443,3,-1,4,10,0,285,887,964
140,5,106,485,939,454,4,4,406,406,0,0.00013615167296368154,0.00013615167296368154,524,524,0,8,5,5,2,4,734,220,626
141,25,127,778,962,184,22,22,834,834,0,0.0008169100377820892,0.00088498587426393,790,806,16,4,3,3,2,4,895,125,444
142,79,79,862,862,0,58,58,740,740,0,0.0012934408931549745,0.0012934408931549745,837,837,0,-1,3,3,7,16,331,113,950
143,6,212,421,969,548,16,16,501,501,0,0.00013615167296368154,0.0006467204465774873,516,743,227,3,4,4,4,1,614,891,93
144,0,0,1,1,0,0,0,1,1,0,0.0,0.0,1,1,0,-1,-1,-1,16,0,60,980,774
145,7,623,519,997,478,22,32,581,712,131,0.00030634126416828345,0.001599782157323258,628,854,226,2,4,3,5,4,692,305,454
146,169,270,945,975,30,94,94,960,960,0,0.0034718676605738795,0.0034718676605738795,931,931,0,5,2,2,5,20,546,43,924
147,0,206,1,976,975,0,14,1,611,610,0.0,0.0026549576227917903,1,917,916,3,-1,4,3,0,961,871,25
148,21,123,744,949,205,12,12,631,631,0,0.0008169100377820892,0.0010211375472276116,784,815,31,4,4,4,2,7,894,218,501
149,22,222,741,975,234,28,28,798,798,0,0.0005446066918547262,0.0009190237925048504,728,811,83,3,3,3,3,3,861,525,267
150,0,0,1,1,0,0,0,1,1,0,0.0,0.0,1,1,0,-1,-1,-1,4,0,858,916,732
151,27,233,769,977,208,22,22,760,760,0,0.0005105687736138058,0.00088498587426393,723,796,73,3,3,3,2,6,589,683,418
152,22,638,620,993,373,64,82,628,705,77,0.00030634126416828345,0.0033016780693692774,626,931,305,2,3,3,11,2,162,453,50
153,10,10,612,612,0,10,10,516,516,0,0.00013615167296368154,0.00013615167296368154,533,533,0,-1,4,4,3,3,530,677,979
154,8,8,532,532,0,12,12,494,494,0,0.00017018959120460194,0.00017018959120460194,532,532,0,-1,4,4,4,2,511,425,456
155,25,127,745,944,199,24,24,744,744,0,0.0004084550188910446,0.0006126825283365669,679,734,55,4,3,3,3,5,839,454,473
156,119,220,958,982,24,32,32,960,960,0,0.0032336022328874367,0.003267640151128357,933,933,0,5,3,3,2,31,760,35,743
157,123,123,916,916,0,98,98,892,892,0,0.002552843868069029,0.002552843868069029,906,906,0,-1,3,3,8,20,199,94,429
158,0,0,1,1,0,0,0,1,1,0,0.0,0.0,1,1,0,-1,-1,-1,3,0,699,673,515
159,14,14,625,625,0,18,18,608,608,0,0.0007488342013002485,0.0007488342013002485,762,762,0,-1,4,4,3,3,989,616,574
160,0,102,1,910,909,0,12,1,419,418,0.0,0.0002382654276864427,1,597,596,4,-1,5,6,0,295,745,101
161,196,196,975,975,0,48,48,965,965,0,0.006909697402906838,0.006909697402906838,968,968,0,-1,3,3,3,49,899,51,696
162,39,140,774,930,156,50,50,696,696,0,0.0010211375472276116,0.0010211375472276116,801,801,0,5,3,3,8,10,302,272,654
163,0,102,1,936,935,0,4,1,371,370,0.0,0.00017018959120460194,1,546,545,4,-1,5,3,0,683,939,453
164,0,206,1,967,966,0,16,1,512,511,0.0,0.0007488342013002485,1,768,767,3,-1,4,4,0,632,665,217
165,82,182,893,966,73,44,44,846,846,0,0.0014295925661186562,0.001497668402600497,855,858,3,5,3,3,4,19,559,297,311
166,192,398,945,979,34,158,158,957,957,0,0.0036760951700194017,0.0040845501889104465,933,945,12,3,2,2,10,20,205,49,293
167,0,616,1,997,996,0,20,1,594,593,0.0,0.0013955546478777359,1,856,855,2,-1,3,4,0,559,638,561
168,0,206,1,954,953,0,23,1,452,451,0.0,0.0004084550188910446,1,671,670,3,-1,4,8,1,303,787,432
169,18,224,653,971,318,21,26,548,607,59,3.4037918240920386e-05,0.0008169100377820892,402,781,379,3,4,4,5,3,438,369,97
170,0,102,1,944,943,0,4,1,400,399,0.0,0.000442492937131965,1,697,696,4,-1,5,2,0,992,930,209
171,40,40,815,815,0,34,34,794,794,0,0.0013274788113958951,0.0013274788113958951,847,847,0,-1,3,3,4,7,344,218,979
172,40,141,798,937,139,62,62,937,937,0,0.0015657442390823377,0.0015657442390823377,862,862,0,6,2,2,3,1,634,168,739
173,0,0,1,1,0,0,0,1,1,0,0.0,0.0,1,1,0,-1,-1,-1,5,3,463,882,644
174,0,0,1,1,0,0,0,1,1,0,0.0,0.0,1,1,0,-1,-1,-1,3,0,837,699,798
175,0,0,1,1,0,0,0,1,1,0,0.0,0.0,1,1,0,-1,-1,-1,3,0,745,812,776
176,0,0,1,1,0,0,0,1,1,0,0.0,0.0,1,1,0,-1,-1,-1,4,0,811,803,789
177,0,0,1,1,0,0,0,1,1,0,0.0,0.0,1,1,0,-1,-1,-1,9,0,217,744,672
178,1,1,333,333,0,3,3,333,333,0,3.4037918240920386e-05,3.4037918240920386e-05,403,403,0,-1,6,6,3,1,628,893,908
179,72,72,899,899,0,18,18,693,693,0,0.0013274788113958951,0.0013274788113958951,851,851,0,-1,4,4,3,17,564,96,938
180,16,222,635,974,339,18,18,653,653,0,0.00037441710065012424,0.0023486163586235067,676,905,229,3,4,4,3,6,672,379,15
181,19,635,692,997,305,38,38,861,861,0,0.0009190237925048504,0.002825147213996392,806,921,115,2,3,3,3,3,621,438,155
182,10,112,589,938,349,24,24,713,713,0,0.00034037918240920387,0.0005446066918547262,669,726,57,4,4,4,4,4,673,336,310
183,44,146,872,971,99,44,44,970,970,0,0.008169100377820893,0.008203138296061813,970,970,0,4,2,2,3,3,922,616,385
184,63,269,891,983,92,18,18,713,713,0,0.0013955546478777359,0.004322815616596889,853,953,100,3,4,4,3,22,674,116,50
185,0,206,1,969,968,0,9,1,438,437,0.0,0.0002042275094455223,1,574,573,3,-1,4,3,0,726,884,670
186,49,49,772,772,0,68,68,653,653,0,0.0006807583648184077,0.0006807583648184077,745,745,0,-1,3,3,11,9,167,240,971
187,34,135,723,910,187,82,82,742,742,0,0.0006467204465774873,0.0006467204465774873,749,749,0,5,3,3,11,4,229,407,543
188,242,242,954,954,0,288,288,955,955,0,0.005582218591510943,0.005582218591510943,959,959,0,-1,2,2,19,31,19,126,569
189,0,0,1,1,0,0,0,1,1,0,0.0,0.0,1,1,0,-1,-1,-1,2,0,820,574,995
190,0,0,1,1,0,0,0,1,1,0,0.0,0.0,1,1,0,-1,-1,-1,4,0,507,871,767
191,0,206,1,983,982,0,8,1,571,570,0.0,0.0026889955410327104,1,919,918,3,-1,4,2,0,799,919,104
192,6,107,394,878,484,32,32,409,409,0,0.0,0.0,1,1,0,5,4,4,15,1,0,558,734
193,2,2,356,356,0,9,9,398,398,0,6.807583648184077e-05,6.807583648184077e-05,454,454,0,-1,5,5,5,1,773,577,685
194,134,134,927,927,0,76,76,861,861,0,0.0026889955410327104,0.0026889955410327104,915,915,0,-1,2,2,7,19,346,72,859
195,6,6,422,422,0,28,28,489,489,0,6.807583648184077e-05,6.807583648184077e-05,453,453,0,-1,4,4,8,1,225,416,752
196,15,117,666,952,286,8,8,506,506,0,0.00034037918240920387,0.00088498587426393,644,793,149,4,4,4,2,7,937,389,136
197,14,116,543,896,353,42,42,530,530,0,0.0002042275094455223,0.00037441710065012424,568,657,89,4,4,4,11,3,234,385,487
198,37,138,768,931,163,44,44,705,705,0,0.0004084550188910446,0.0004084550188910446,669,669,0,5,3,3,7,8,362,90,572
199,8,109,523,926,403,20,20,535,535,0,0.00010211375472276115,0.00010211375472276115,483,483,0,5,4,4,6,2,399,576,736
200,11,112,668,964,296,8,8,572,572,0,0.00013615167296368154,0.00030634126416828345,523,650,127,5,4,4,2,6,799,107,459
201,12,114,633,951,318,8,8,522,522,0,0.00037441710065012424,0.000442492937131965,663,688,25,4,4,4,2,3,723,197,503
202,9,9,533,533,0,30,30,564,564,0,3.4037918240920386e-05,3.4037918240920386e-05,396,396,0,-1,4,4,7,5,400,710,946
203,104,104,877,877,0,164,164,897,897,0,0.001497668402600497,0.001497668402600497,854,854,0,-1,2,2,14,12,108,67,804
204,10,111,566,930,364,16,16,544,544,0,0.00010211375472276115,0.00010211375472276115,488,488,0,5,4,4,4,3,740,677,421
205,8,110,535,931,396,20,20,527,527,0,6.807583648184077e-05,0.00010211375472276115,458,502,44,4,4,4,6,2,657,251,334
206,96,198,881,956,75,88,88,881,881,0,0.0013955546478777359,0.0014636304843595766,838,845,7,4,3,3,8,17,488,269,873
207,0,206,1,973,972,0,20,1,617,616,0.0,0.001497668402600497,1,856,855,3,-1,4,4,0,617,588,54
208,22,22,799,799,0,14,14,672,672,0,0.0009190237925048504,0.0009190237925048504,800,800,0,-1,4,4,3,6,786,194,812
209,6,212,513,986,473,4,8,437,545,108,0.00017018959120460194,0.001497668402600497,546,859,313,3,5,4,2,4,965,617,118
210,16,118,566,912,346,56,56,747,747,0,0.000442492937131965,0.0005446066918547262,690,720,30,4,3,3,6,1,312,168,406
211,33,135,795,951,156,46,46,871,871,0,0.00037441710065012424,0.0006467204465774873,658,742,84,4,3,3,5,5,376,589,622
212,0,102,1,943,942,0,3,1,373,372,0.0,0.0002042275094455223,1,583,582,4,-1,5,2,0,919,587,241
213,13,13,548,548,0,13,13,429,429,0,6.807583648184077e-05,6.807583648184077e-05,446,446,0,-1,4,4,5,3,496,572,729
214,7,213,559,983,424,3,7,383,528,145,0.00013615167296368154,0.0012934408931549745,518,844,326,3,5,4,2,4,821,164,218
215,22,638,572,989,417,206,216,852,868,16,0.0008169100377820892,0.00176997174852786,770,866,96,2,3,3,20,3,5,299,130
216,4,105,460,938,478,6,6,425,425,0,0.0002042275094455223,0.0002042275094455223,583,583,0,5,5,5,3,2,863,523,547
217,0,0,1,1,0,0,0,1,1,0,0.0,0.0,1,1,0,-1,-1,-1,3,0,875,843,918
218,0,102,1,923,922,0,8,1,375,374,0.0,0.00010211375472276115,1,489,488,4,-1,5,6,0,594,983,260
219,2,2,351,351,0,15,15,361,361,0,3.4037918240920386e-05,3.4037918240920386e-05,403,403,0,-1,5,5,13,3,129,708,702
220,6,6,379,379,0,86,86,549,549,0,0.0002382654276864427,0.0002382654276864427,584,584,0,-1,4,4,21,3,1,285,897
221,7,7,462,462,0,43,43,446,446,0,0.00010211375472276115,0.00010211375472276115,472,472,0,-1,4,4,17,3,80,631,903
222,42,42,761,761,0,80,80,804,804,0,0.0012594029749140542,0.0012594029749140542,832,832,0,-1,3,3,10,7,527,630,533
223,0,0,1,1,0,0,0,1,1,0,0.0,0.0,1,1,0,-1,-1,-1,3,1,642,583,742
224,0,206,1,977,976,0,9,1,469,468,0.0,0.00017018959120460194,1,558,557,3,-1,4,3,0,844,945,474
225,14,220,498,949,451,59,83,444,510,66,6.807583648184077e-05,0.001157289220191293,428,815,387,3,4,4,22,3,33,526,99
226,42,42,896,896,0,12,12,809,809,0,0.0014295925661186562,0.0014295925661186562,858,858,0,-1,4,4,2,18,872,55,977
227,0,206,1,974,973,0,18,1,567,566,0.0,0.0015317063208414173,1,862,861,3,-1,4,5,1,744,583,61
228,16,16,625,625,0,30,30,719,719,0,0.00010211375472276115,0.00010211375472276115,487,487,0,-1,3,3,4,2,652,419,733
229,66,168,873,967,94,58,58,944,944,0,0.00439089145307873,0.004561081044283332,950,954,4,4,2,2,4,6,617,461,176
230,0,102,1,904,903,0,11,1,400,399,0.0,0.0004765308553728854,1,691,690,4,-1,5,6,0,353,936,386
231,0,206,1,971,970,0,10,1,455,454,0.0,0.0005446066918547262,1,721,720,3,-1,4,4,0,562,790,473
232,5,106,525,965,440,4,4,458,458,0,0.0002723033459273631,0.0002723033459273631,628,628,0,5,5,5,2,4,749,233,598
233,0,102,1,921,920,0,5,1,382,381,0.0,0.0,1,1,0,4,-1,5,3,0,927,695,152
234,41,247,818,977,159,34,34,771,771,0,0.0013274788113958951,0.008951972497362062,838,981,143,3,3,3,4,7,424,399,0
235,16,632,584,994,410,46,60,649,773,124,0.00030634126416828345,0.0020082371762143027,619,884,265,2,3,3,8,1,415,556,55
236,17,633,599,992,393,25,40,441,555,114,0.00013615167296368154,0.0009190237925048504,505,791,286,2,4,3,9,5,164,274,418
237,0,206,1,953,952,0,20,1,414,413,0.0,6.807583648184077e-05,1,443,442,3,-1,4,11,0,174,276,238
238,15,116,654,939,285,18,18,578,578,0,0.00013615167296368154,0.00017018959120460194,519,548,29,5,4,4,5,4,629,164,842
239,0,102,1,969,968,0,4,1,497,496,0.0,0.0006807583648184077,1,776,775,4,-1,5,2,0,813,819,114
240,6,107,435,917,482,12,12,442,442,0,0.00013615167296368154,0.0002042275094455223,522,571,49,5,4,4,4,1,870,797,292
241,241,342,975,983,8,54,54,889,889,0,0.005377991082065421,0.005412029000306341,964,964,0,5,3,3,4,45,623,77,788
242,0,101,1,873,872,0,13,1,332,331,0.0,0.0,1,1,0,5,-1,6,13,0,120,961,972
243,6,212,450,972,522,8,8,528,528,0,0.0,0.0006807583648184077,1,764,763,3,4,4,2,1,932,720,471
244,0,0,1,1,0,0,0,1,1,0,0.0,0.0,1,1,0,-1,-1,-1,16,0,26,834,695
245,0,0,1,1,0,0,0,1,1,0,0.0,0.0,1,1,0,-1,-1,-1,8,0,270,819,982
246,2,2,361,361,0,8,8,400,400,0,3.4037918240920386e-05,3.4037918240920386e-05,410,410,0,-1,5,5,4,1,622,265,822
247,1,1,333,333,0,21,21,333,333,0,0.0,0.0,1,1,0,-1,7,7,21,2,1,448,934
248,0,102,1,932,931,0,7,1,409,408,0.0,0.0,1,1,0,4,-1,5,4,0,772,713,689
249,1,103,332,951,619,3,5,332,404,72,0.0,0.0002723033459273631,1,627,626,4,6,5,3,2,798,374,256
250,0,0,1,1,0,0,0,1,1,0,0.0,0.0,1,1,0,-1,-1,-1,3,0,676,860,638
251,0,102,1,873,872,0,20,1,348,347,0.0,3.4037918240920386e-05,1,393,392,4,-1,5,19,0,46,778,449
252,0,206,1,960,959,0,24,1,463,462,0.0,0.00088498587426393,1,785,784,3,-1,4,8,0,231,855,97
253,6,108,411,911,500,20,23,471,495,24,0.00010211375472276115,0.00030634126416828345,484,630,146,4,4,4,8,1,309,265,682
254,34,34,783,783,0,30,30,747,747,0,0.00037441710065012424,0.00037441710065012424,676,676,0,-1,3,3,4,3,885,318,638
255,6,107,505,952,447,9,9,530,530,0,3.4037918240920386e-05,3.4037918240920386e-05,402,402,0,5,4,4,3,2,718,690,597
256,1,102,333,897,564,8,8,333,333,0,0.0,3.4037918240920386e-05,1,407,406,5,6,6,8,3,449,676,662
257,0,206,1,951,950,0,78,1,613,612,0.0,0.005854521937438306,1,959,958,3,-1,4,15,0,32,984,18
258,0,102,1,914,913,0,3,1,354,353,0.0,3.4037918240920386e-05,1,414,413,4,-1,5,2,0,769,565,110
259,97,199,918,971,53,34,34,787,787,0,0.002382654276864427,0.0026889955410327104,899,913,14,4,3,3,4,22,458,128,150
260,56,157,875,969,94,30,30,825,825,0,0.0007828721195411688,0.0007828721195411688,774,774,0,7,3,3,4,19,754,184,663
261,6,6,469,469,0,8,8,483,483,0,3.4037918240920386e-05,3.4037918240920386e-05,405,405,0,-1,4,4,3,1,699,558,330
262,6,622,385,988,603,59,120,472,675,203,0.0,0.003369753905851118,1,923,922,2,4,3,20,1,88,935,105
263,0,102,1,893,892,0,9,1,371,370,0.0,0.0,1,1,0,4,-1,5,6,0,514,200,586
264,0,206,1,960,959,0,13,1,389,388,0.0,0.00010211375472276115,1,463,462,3,-1,4,8,0,521,276,322
265,6,107,491,949,458,4,4,417,417,0,0.00017018959120460194,0.00034037918240920387,550,653,103,5,5,5,2,3,618,677,196
266,0,102,1,924,923,0,4,1,363,362,0.0,0.00010211375472276115,1,480,479,4,-1,5,3,0,337,820,547
267,122,328,908,978,70,98,98,886,886,0,0.002995336805200994,0.0033357159876101976,921,930,9,3,2,2,8,17,236,269,404
268,18,224,668,969,301,14,18,517,585,68,0.00037441710065012424,0.0010892133837094523,665,826,161,3,4,4,3,6,490,247,163
269,6,6,425,425,0,38,38,578,578,0,0.00037441710065012424,0.00037441710065012424,653,653,0,-1,4,4,9,1,278,869,889
270,845,845,995,995,0,344,344,993,993,0,0.014500153170632085,0.014500153170632085,992,992,0,-1,2,2,17,98,80,23,927
271,56,158,845,954,109,34,34,738,738,0,0.0008509479560230097,0.0015317063208414173,797,857,60,4,3,3,4,12,652,99,54
272,0,0,1,1,0,0,0,1,1,0,0.0,0.0,1,1,0,-1,-1,-1,5,1,426,792,423
273,1,1,333,333,0,5,5,333,333,0,0.0,0.0,1,1,0,-1,8,8,5,1,692,857,965
274,0,101,1,932,931,0,3,1,332,331,0.0,3.4037918240920386e-05,1,415,414,6,-1,7,3,0,640,750,896
275,0,206,1,978,977,0,14,1,593,592,0.0,0.0015657442390823377,1,868,867,3,-1,4,3,0,590,956,157
276,46,252,727,952,225,150,150,764,764,0,0.00030634126416828345,0.0007828721195411688,634,761,127,3,3,3,19,6,31,494,422
277,12,113,566,924,358,20,20,548,548,0,0.0002382654276864427,0.0002723033459273631,593,614,21,5,4,4,4,2,870,634,679
278,22,228,695,974,279,36,36,742,742,0,0.00017018959120460194,0.0004765308553728854,533,699,166,3,3,3,5,3,386,434,291
279,90,296,850,968,118,106,106,768,768,0,0.001157289220191293,0.002144388849177984,814,894,80,3,3,3,14,9,130,375,264
280,82,184,925,977,52,22,22,818,818,0,0.0021784267674189047,0.0024507301133462676,904,914,10,4,3,3,2,17,999,45,212
281,2,103,358,912,554,12,12,422,422,0,0.00010211375472276115,0.00013615167296368154,481,516,35,5,5,5,6,1,587,607,694
282,0,0,1,1,0,0,0,1,1,0,0.0,0.0,1,1,0,-1,-1,-1,2,0,994,372,569
283,0,0,1,1,0,0,0,1,1,0,0.0,0.0,1,1,0,-1,-1,-1,5,0,766,772,963
284,0,206,1,959,958,0,15,1,432,431,0.0,0.0002723033459273631,1,601,600,3,-1,4,6,0,630,629,306
285,42,248,801,975,174,52,56,865,866,1,0.002110350930937064,0.002212464685659825,892,897,5,3,2,2,5,2,247,566,449
286,6,108,390,896,506,29,32,410,441,31,6.807583648184077e-05,0.00013615167296368154,443,511,68,4,4,4,14,3,79,755,370
287,0,102,1,975,974,0,4,1,514,513,0.0,0.001599782157323258,1,878,877,4,-1,5,2,0,956,571,73
288,0,102,1,911,910,0,9,1,396,395,0.0,0.0005105687736138058,1,706,705,4,-1,5,5,0,390,951,295
289,10,112,587,937,350,12,12,567,567,0,0.0002382654276864427,0.00037441710065012424,600,676,76,4,4,4,2,6,828,392,210
290,14,116,663,954,291,18,18,695,695,0,0.0002723033459273631,0.0004084550188910446,623,681,58,4,4,4,3,5,902,688,799
291,2,2,366,366,0,6,6,393,393,0,3.4037918240920386e-05,3.4037918240920386e-05,392,392,0,-1,5,5,4,1,648,592,702
292,14,115,715,966,251,12,12,692,692,0,0.0008169100377820892,0.00088498587426393,794,804,10,5,4,4,2,3,751,382,361
293,6,108,455,936,481,22,22,594,594,0,0.0002042275094455223,0.0002723033459273631,576,618,42,4,4,4,5,1,848,720,449
294,0,0,1,1,0,0,0,1,1,0,0.0,0.0,1,1,0,-1,-1,-1,8,0,236,991,939
295,0,206,1,953,952,0,17,1,377,376,0.0,0.00017018959120460194,1,533,532,3,-1,4,12,0,375,991,743
296,6,212,382,949,567,28,48,413,507,94,6.807583648184077e-05,0.0006467204465774873,448,743,295,3,4,4,12,1,239,717,161
297,13,629,567,993,426,44,90,567,809,242,0.0002042275094455223,0.005173763572619898,572,956,384,2,4,3,10,4,293,220,16
298,38,244,811,980,169,28,28,749,749,0,0.0006467204465774873,0.002280540522141666,749,898,149,3,3,3,3,8,900,286,112
299,0,206,1,961,960,0,30,1,501,500,0.0,0.0019061234214915416,1,882,881,3,-1,4,9,0,180,356,95
300,18,18,627,627,0,28,28,516,516,0,0.0002382654276864427,0.0002382654276864427,586,586,0,-1,3,3,8,5,146,464,200
301,34,34,711,711,0,68,68,690,690,0,0.0005786446100956465,0.0005786446100956465,728,728,0,-1,3,3,10,4,128,365,996
302,104,310,891,975,84,104,104,867,867,0,0.001940161339732462,0.0019741992579733825,885,889,4,3,3,3,9,12,262,99,873
303,4,210,432,971,539,6,18,403,613,210,3.4037918240920386e-05,0.0014636304843595766,397,859,462,3,5,4,3,2,743,602,146
304,0,616,1,989,988,0,80,1,629,628,0.0,0.003267640151128357,1,925,924,2,-1,3,15,0,81,802,14
305,39,245,680,955,275,124,128,602,616,14,0.00017018959120460194,0.00030634126416828345,528,623,95,3,3,3,25,7,17,188,263
306,6,6,442,442,0,11,11,455,455,0,3.4037918240920386e-05,3.4037918240920386e-05,408,408,0,-1,4,4,4,1,652,238,695
307,17,119,676,946,270,20,20,636,636,0,0.0005786446100956465,0.0007147962830593281,723,756,33,4,4,4,4,6,660,192,551
308,0,0,1,1,0,0,0,1,1,0,0.0,0.0,1,1,0,-1,-1,-1,10,0,258,939,923
309,465,567,986,988,2,316,316,992,992,0,0.007828721195411689,0.007862759113652609,970,970,0,4,2,2,15,50,37,33,321
310,6,107,480,938,458,12,12,583,583,0,0.00037441710065012424,0.000442492937131965,671,695,24,5,4,4,2,1,689,759,347
311,16,118,560,901,341,58,58,692,692,0,0.00013615167296368154,0.00017018959120460194,514,547,33,4,3,3,8,1,483,681,290
312,0,102,1,927,926,0,8,1,401,400,0.0,0.00010211375472276115,1,474,473,4,-1,5,5,0,602,988,519
313,113,113,900,900,0,58,58,709,709,0,0.0020422750944552232,0.0020422750944552232,884,884,0,-1,3,3,8,23,358,66,489
314,0,0,1,1,0,0,0,1,1,0,0.0,0.0,1,1,0,-1,-1,-1,3,0,953,839,913
315,148,148,904,904,0,238,238,872,872,0,0.0016678579938050988,0.0016678579938050988,855,855,0,-1,2,2,23,12,57,163,650
316,22,123,810,972,162,12,12,737,737,0,0.0012934408931549745,0.0013274788113958951,848,851,3,6,4,4,2,9,749,145,601
317,0,101,1,910,909,0,8,1,332,331,0.0,6.807583648184077e-05,1,447,446,5,-1,6,8,1,318,895,315
318,38,244,646,944,298,230,230,712,712,0,0.0002723033459273631,0.00030634126416828345,587,609,22,3,3,3,36,5,16,688,873
319,0,102,1,966,965,0,4,1,443,442,0.0,0.00034037918240920387,1,654,653,4,-1,5,2,0,968,751,192
320,26,26,760,760,0,12,12,619,619,0,0.0004084550188910446,0.0004084550188910446,686,686,0,-1,4,4,2,9,750,391,979
321,14,116,587,924,337,20,20,507,507,0,0.00010211375472276115,0.00030634126416828345,481,620,139,4,4,4,6,3,587,353,107
322,34,34,661,661,0,94,94,589,589,0,0.00017018959120460194,0.00017018959120460194,526,526,0,-1,3,3,19,4,11,625,271
323,43,145,865,972,107,30,30,864,864,0,0.0007488342013002485,0.001055175465468532,780,825,45,4,3,3,4,9,860,242,486
324,18,18,598,598,0,56,56,587,587,0,0.000442492937131965,0.000442492937131965,681,681,0,-1,4,4,12,6,58,247,930
325,16,118,552,897,345,66,66,618,618,0,0.00034037918240920387,0.00037441710065012424,638,649,11,4,3,3,12,1,143,809,499
326,0,102,1,946,945,0,4,1,374,373,0.0,0.0002382654276864427,1,601,600,4,-1,5,3,0,600,665,422
327,43,145,802,946,144,44,44,799,799,0,0.0006126825283365669,0.0012594029749140542,737,837,100,4,3,3,4,8,448,90,159
328,1,1,330,330,0,2,2,330,330,0,6.807583648184077e-05,6.807583648184077e-05,458,458,0,-1,6,6,2,2,955,719,752
329,24,230,726,975,249,32,32,748,748,0,0.0004084550188910446,0.0005105687736138058,682,715,33,3,3,3,5,10,848,266,360
330,0,206,1,958,957,0,16,1,432,431,0.0,0.0007147962830593281,1,754,753,3,-1,4,6,0,425,571,219
331,6,107,414,899,485,23,23,430,430,0,6.807583648184077e-05,6.807583648184077e-05,447,447,0,5,4,4,11,1,271,879,692
332,0,102,1,929,928,0,7,1,426,425,0.0,0.00037441710065012424,1,668,667,4,-1,5,4,0,491,894,40
333,10,112,558,924,366,12,12,463,463,0,0.00017018959120460194,0.0005446066918547262,536,707,171,4,4,4,4,4,832,156,524
334,100,100,865,865,0,100,100,727,727,0,0.010619830491167161,0.014602266925354846,980,990,10,2,1,1,14,9,268,414,76
335,2,2,360,360,0,6,6,413,413,0,0.00010211375472276115,0.00010211375472276115,485,485,0,-1,5,5,3,2,839,532,614
336,0,0,1,1,0,0,0,1,1,0,0.0,0.0,1,1,0,-1,-1,-1,5,0,546,733,742
337,6,6,411,411,0,48,48,619,619,0,0.00010211375472276115,0.00010211375472276115,476,476,0,-1,4,4,10,2,243,223,624
338,0,102,1,900,899,0,12,1,376,375,0.0,0.00013615167296368154,1,507,506,4,-1,5,8,0,131,776,425
339,41,143,826,957,131,32,32,903,903,0,0.00176997174852786,0.0024166921951053475,876,906,30,4,3,3,2,6,966,199,296
340,10,216,561,970,409,12,12,543,543,0,3.4037918240920386e-05,0.0007147962830593281,415,761,346,3,4,4,2,4,769,220,174
341,0,206,1,972,971,0,12,1,486,485,0.0,0.0004084550188910446,1,674,673,3,-1,4,4,0,635,729,155
342,20,122,775,964,189,14,14,689,689,0,0.0005446066918547262,0.0006467204465774873,736,761,25,4,4,4,3,9,915,154,625
343,27,233,750,978,228,24,28,636,679,43,0.0007147962830593281,0.0018720855032506212,755,873,118,3,3,3,5,8,720,417,294
344,18,224,687,976,289,24,28,764,799,35,0.000442492937131965,0.0016678579938050988,677,871,194,3,3,3,3,2,912,634,104
345,0,0,1,1,0,0,0,1,1,0,0.0,0.0,1,1,0,-1,-1,-1,2,0,943,872,776
346,22,228,700,975,275,22,22,711,711,0,0.0010892133837094523,0.0020082371762143027,832,894,62,3,3,3,2,4,859,440,352
347,13,219,610,974,364,16,20,571,628,57,0.0002042275094455223,0.000442492937131965,589,700,111,3,4,4,4,5,461,362,286
348,16,632,542,991,449,110,110,867,867,0,0.0006467204465774873,0.003369753905851118,728,934,206,2,3,3,10,2,153,160,95
349,6,6,426,426,0,36,36,598,598,0,0.00013615167296368154,0.00013615167296368154,504,504,0,-1,4,4,8,1,270,741,903
350,19,121,646,919,273,60,60,762,762,0,0.0002723033459273631,0.0004084550188910446,611,677,66,4,3,3,8,3,257,508,700
351,4,4,461,461,0,5,5,413,413,0,6.807583648184077e-05,6.807583648184077e-05,451,451,0,-1,5,5,3,3,797,585,934
352,0,616,1,997,996,0,26,1,743,742,0.0,0.004016474352428605,1,946,945,2,-1,3,4,0,682,926,180
353,12,12,634,634,0,12,12,616,616,0,0.0005105687736138058,0.0005105687736138058,710,710,0,-1,4,4,2,4,734,143,539
354,76,282,864,974,110,64,64,803,803,0,0.0011913271384322134,0.0022465026039007454,821,892,71,3,3,3,8,14,541,190,497
355,5,107,541,969,428,4,4,470,470,0,3.4037918240920386e-05,0.0002042275094455223,412,582,170,4,5,5,2,3,866,704,392
356,16,117,550,901,351,60,60,671,671,0,0.00037441710065012424,0.00037441710065012424,661,661,0,6,3,3,9,1,123,168,621
357,46,46,811,811,0,70,70,909,909,0,0.0016338200755641784,0.0016338200755641784,856,856,0,-1,2,2,6,3,575,610,992
358,104,310,896,976,80,72,72,835,835,0,0.0016678579938050988,0.002484768031587188,863,902,39,3,3,3,7,15,299,92,326
359,0,206,1,953,952,0,20,1,428,427,0.0,0.0002382654276864427,1,588,587,3,-1,4,8,0,357,635,510
360,2,208,369,977,608,5,10,393,507,114,3.4037918240920386e-05,0.0018040096667687805,399,872,473,3,5,4,3,1,288,618,74
361,0,0,1,1,0,0,0,1,1,0,0.0,0.0,1,1,0,-1,-1,-1,4,0,509,901,744
362,544,544,998,998,0,32,32,902,902,0,0.016916845365737433,0.016916845365737433,994,994,0,-1,3,3,2,127,771,11,657
363,14,630,619,997,378,20,30,597,738,141,0.00034037918240920387,0.002144388849177984,658,892,234,2,4,3,4,5,755,688,163
364,33,33,834,834,0,14,14,654,654,0,0.0009190237925048504,0.0009190237925048504,810,810,0,-1,4,4,3,9,790,130,709
365,36,652,732,995,263,64,74,717,765,48,0.0007147962830593281,0.0013955546478777359,756,840,84,2,3,3,9,6,277,295,440
366,4,4,418,418,0,11,11,411,411,0,0.00013615167296368154,0.00013615167296368154,512,512,0,-1,5,5,6,5,455,464,960
367,0,0,1,1,0,0,0,1,1,0,0.0,0.0,1,1,0,-1,-1,-1,4,1,659,235,787
368,12,218,533,965,432,42,46,600,643,43,0.00037441710065012424,0.0005446066918547262,662,718,56,3,4,4,9,2,177,584,670
369,2,104,363,922,559,6,7,380,401,21,3.4037918240920386e-05,0.0002042275094455223,403,568,165,4,5,5,4,2,280,679,655
370,31,31,734,734,0,36,36,675,675,0,0.0006126825283365669,0.0006126825283365669,743,743,0,-1,3,3,5,8,818,417,733
371,9,110,631,963,332,8,8,566,566,0,0.0002042275094455223,0.0002042275094455223,588,588,0,5,4,4,2,4,666,278,837
372,0,102,1,924,923,0,7,1,390,389,0.0,6.807583648184077e-05,1,457,456,4,-1,5,5,0,435,457,319
373,2,104,359,908,549,10,11,375,380,5,3.4037918240920386e-05,6.807583648184077e-05,399,451,52,4,5,5,7,1,336,337,585
374,74,74,916,916,0,22,22,818,818,0,0.0025188059498281084,0.0025188059498281084,915,915,0,-1,3,3,2,15,999,36,769
375,18,18,780,780,0,8,8,615,615,0,0.0006467204465774873,0.0006467204465774873,764,764,0,-1,4,4,2,8,866,90,706
376,48,150,797,935,138,52,52,689,689,0,0.00088498587426393,0.00088498587426393,787,787,0,4,3,3,7,9,179,414,631
377,1,1,333,333,0,17,17,333,333,0,0.0,0.0,1,1,0,-1,6,6,17,1,80,469,918
378,0,616,1,990,989,0,132,1,711,710,0.0,0.003608019333537561,1,935,934,2,-1,3,19,0,89,674,105
379,2,208,371,977,606,4,12,406,615,209,0.0,0.0011913271384322134,1,839,838,3,5,4,2,1,734,623,189
380,0,206,1,981,980,0,10,1,563,562,0.0,0.0011232513019503727,1,835,834,3,-1,4,3,0,850,834,60
381,0,0,1,1,0,0,0,1,1,0,0.0,0.0,1,1,0,-1,-1,-1,8,0,370,542,838
382,0,0,1,1,0,0,0,1,1,0,0.0,0.0,1,1,0,-1,-1,-1,4,0,545,515,970
383,2,2,362,362,0,3,3,362,362,0,0.0,0.0,1,1,0,-1,5,5,2,1,429,603,786
384,0,0,1,1,0,0,0,1,1,0,0.0,0.0,1,1,0,-1,-1,-1,3,0,879,884,201
385,22,22,657,657,0,84,84,806,806,0,0.0006807583648184077,0.0006807583648184077,748,748,0,-1,3,3,9,3,119,610,478
386,0,0,1,1,0,0,0,1,1,0,0.0,0.0,1,1,0,-1,-1,-1,3,0,863,712,865
387,37,138,761,930,169,48,48,709,709,0,0.0010892133837094523,0.0010892133837094523,815,815,0,5,3,3,7,7,324,237,484
388,73,279,873,977,104,30,30,694,694,0,0.0018720855032506212,0.005003573981415297,874,955,81,3,4,4,5,17,284,79,33
389,2,2,359,359,0,8,8,359,359,0,0.0,0.0,1,1,0,-1,5,5,7,2,171,374,729
390,40,656,803,998,195,30,40,668,771,103,0.0009530617107457708,0.004595118962524252,807,952,145,2,4,3,5,12,386,172,88
391,0,102,1,929,928,0,4,1,370,369,0.0,0.00013615167296368154,1,526,525,4,-1,5,3,0,729,774,500
392,0,102,1,935,934,0,4,1,371,370,0.0,0.0,1,1,0,4,-1,5,3,0,639,766,935
393,0,206,1,966,965,0,20,1,496,495,0.0,0.00037441710065012424,1,658,657,3,-1,4,6,1,518,852,545
394,0,102,1,938,937,0,4,1,382,381,0.0,0.00017018959120460194,1,562,561,4,-1,5,3,3,871,746,252
395,35,241,729,964,235,66,66,678,678,0,0.00034037918240920387,0.002144388849177984,636,889,253,3,3,3,10,6,99,4,61
396,0,0,1,1,0,0,0,1,1,0,0.0,0.0,1,1,0,-1,-1,-1,21,1,2,747,913
397,40,656,771,994,223,56,56,684,684,0,0.0007488342013002485,0.0019061234214915416,764,881,117,2,3,3,9,6,180,46,415
398,1,103,333,932,599,4,8,333,443,110,0.0,0.0011232513019503727,1,830,829,4,6,5,4,1,607,590,147
399,0,206,1,970,969,0,10,1,449,448,0.0,0.00030634126416828345,1,634,633,3,-1,4,3,0,808,750,134
400,2,208,353,969,616,8,26,390,627,237,0.0,0.0011913271384322134,1,830,829,3,5,4,5,1,502,265,180
401,67,169,878,969,91,24,24,779,779,0,0.0013274788113958951,0.001497668402600497,845,859,14,4,3,3,3,17,433,226,661
402,8,8,469,469,0,33,33,408,408,0,6.807583648184077e-05,6.807583648184077e-05,445,445,0,-1,4,4,16,2,26,749,446
403,28,130,686,923,237,52,52,650,650,0,0.0005105687736138058,0.0007147962830593281,714,750,36,4,3,3,9,3,249,236,510
404,54,260,776,960,184,104,104,711,711,0,0.0005786446100956465,0.0010211375472276116,711,791,80,3,3,3,16,4,145,246,461
405,0,206,1,971,970,0,8,1,463,462,0.0,0.0009530617107457708,1,803,802,3,-1,4,2,0,909,349,375
406,0,616,1,996,995,0,50,1,890,889,0.0,0.01153885428367201,1,985,984,2,-1,3,4,0,917,871,1
407,0,206,1,976,975,0,14,1,582,581,0.0,0.0011913271384322134,1,837,836,3,-1,4,3,1,835,806,64
408,0,206,1,943,942,0,33,1,412,411,0.0,0.0005786446100956465,1,718,717,3,-1,4,15,0,37,498,413
409,11,113,584,939,355,10,10,470,470,0,0.00017018959120460194,0.0002382654276864427,546,590,44,4,4,4,3,4,484,208,152
410,24,24,653,653,0,40,40,522,522,0,0.00017018959120460194,0.00017018959120460194,531,531,0,-1,4,4,10,9,105,317,779
411,0,206,1,986,985,0,8,1,594,593,0.0,0.0026209197045508697,1,922,921,3,-1,4,2,1,847,235,153
412,0,0,1,1,0,0,0,1,1,0,0.0,0.0,1,1,0,-1,-1,-1,5,0,644,729,428
413,16,16,550,550,0,90,90,682,682,0,0.0002723033459273631,0.0002723033459273631,598,598,0,-1,3,3,14,2,172,223,620
414,6,108,372,873,501,75,75,457,457,0,0.00017018959120460194,0.0002723033459273631,528,604,76,4,4,4,25,2,17,805,537
415,14,220,571,967,396,30,38,551,636,85,0.00030634126416828345,0.005105687736138058,618,960,342,3,4,4,7,6,361,447,6
416,26,26,758,758,0,28,28,744,744,0,0.00037441710065012424,0.00037441710065012424,674,674,0,-1,3,3,5,4,629,210,705
417,0,0,1,1,0,0,0,1,1,0,0.0,0.0,1,1,0,-1,-1,-1,6,0,606,995,758
418,25,25,726,726,0,19,19,509,509,0,0.0002723033459273631,0.0002723033459273631,624,624,0,-1,4,4,6,7,522,176,841
419,201,201,976,976,0,32,32,914,914,0,0.0057524081827155455,0.0057524081827155455,964,964,0,-1,3,3,2,50,713,33,871
420,56,672,777,991,214,140,150,801,825,24,0.0005446066918547262,0.0014636304843595766,703,840,137,2,2,2,16,4,26,551,62
421,0,206,1,951,950,0,27,1,479,478,0.0,0.001055175465468532,1,803,802,3,-1,4,8,0,317,571,272
422,0,0,1,1,0,0,0,1,1,0,0.0,0.0,1,1,0,-1,-1,-1,12,0,106,985,698
423,38,140,754,931,177,42,42,663,663,0,0.0006126825283365669,0.0006807583648184077,721,739,18,4,4,4,7,9,346,294,93
424,564,564,999,999,0,32,32,953,953,0,0.01678069369277375,0.01678069369277375,994,994,0,-1,3,3,2,130,988,3,629
425,0,102,1,968,967,0,3,1,404,403,0.0,0.0004084550188910446,1,707,706,4,-1,5,2,0,866,956,211
426,0,206,1,940,939,0,38,1,422,421,0.0,0.0004765308553728854,1,684,683,3,-1,4,18,0,111,358,658
427,24,24,809,809,0,28,28,872,872,0,0.0008509479560230097,0.0008509479560230097,790,790,0,-1,3,3,3,4,850,336,872
428,0,0,1,1,0,0,0,1,1,0,0.0,0.0,1,1,0,-1,-1,-1,4,0,696,890,913
429,46,662,782,994,212,60,74,731,809,78,0.0007147962830593281,0.005548180673270023,757,959,202,2,3,3,8,6,358,376,70
430,78,284,885,981,96,40,40,798,798,0,0.002280540522141666,0.003199564314646516,897,925,28,3,3,3,5,19,456,91,327
431,0,206,1,962,961,0,18,1,495,494,0.0,0.0005786446100956465,1,721,720,3,-1,4,5,0,426,912,482
432,0,102,1,946,945,0,4,1,410,409,0.0,0.0005105687736138058,1,724,723,4,-1,5,2,0,928,910,103
433,24,126,620,898,278,70,70,580,580,0,0.0002723033459273631,0.00030634126416828345,619,625,6,4,3,3,14,4,85,220,547
434,0,0,1,1,0,0,0,1,1,0,0.0,0.0,1,1,0,-1,-1,-1,8,0,317,818,669
435,2,208,371,972,601,7,16,396,542,146,0.00010211375472276115,0.00088498587426393,499,795,296,3,5,4,4,1,619,899,415
436,0,101,1,974,973,0,2,1,330,329,0.0,0.0,1,1,0,8,-1,9,2,0,973,836,344
437,78,78,891,891,0,54,54,905,905,0,0.0013955546478777359,0.0013955546478777359,842,842,0,-1,3,3,4,12,650,179,976
438,16,222,523,956,433,84,88,593,615,22,0.0002042275094455223,0.0002042275094455223,563,563,0,3,3,3,17,3,73,285,463
439,237,437,952,980,28,258,258,933,933,0,0.003948398515946765,0.00442492937131965,943,947,4,3,2,2,19,24,35,13,46
440,25,25,788,788,0,14,14,638,638,0,0.0004765308553728854,0.0004765308553728854,701,701,0,-1,4,4,3,7,911,422,660
441,0,0,1,1,0,0,0,1,1,0,0.0,0.0,1,1,0,-1,-1,-1,16,0,145,569,902
442,52,154,829,941,112,74,74,918,918,0,0.0023486163586235067,0.0024507301133462676,895,899,4,4,2,2,5,4,474,288,762
443,0,0,1,1,0,0,0,1,1,0,0.0,0.0,1,1,0,-1,-1,-1,7,0,118,886,975
444,64,270,847,973,126,64,64,890,890,0,0.0026889955410327104,0.0031314884781646754,913,920,7,3,2,2,5,6,793,46,328
445,8,8,502,502,0,14,14,441,441,0,0.0,0.0,1,1,0,-1,4,4,5,2,546,244,823
446,34,136,800,958,158,28,28,847,847,0,0.0010892133837094523,0.0013274788113958951,824,851,27,4,3,3,3,4,710,470,101
447,100,100,889,889,0,100,100,913,913,0,0.01763164164879676,0.01763164164879676,990,990,0,-1,1,1,8,4,201,595,780
448,68,68,779,779,0,192,192,787,787,0,0.0007147962830593281,0.0007147962830593281,737,737,0,-1,2,2,24,6,28,381,856
449,10,10,597,597,0,8,8,491,491,0,0.00013615167296368154,0.00013615167296368154,520,520,0,-1,4,4,2,4,970,319,740
450,12,218,487,947,460,70,74,531,546,15,0.00017018959120460194,0.0002723033459273631,529,606,77,3,4,4,17,2,6,680,585
451,6,212,432,964,532,30,30,626,626,0,0.0006126825283365669,0.0011232513019503727,727,813,86,3,4,4,5,1,492,439,90
452,0,102,1,870,869,0,12,1,347,346,0.0,3.4037918240920386e-05,1,395,394,4,-1,5,11,0,307,330,623
453,14,116,674,955,281,18,18,710,710,0,0.0007488342013002485,0.0009530617107457708,768,806,38,4,4,4,3,6,600,289,619
454,20,121,678,923,245,24,24,546,546,0,0.00030634126416828345,0.00030634126416828345,637,637,0,5,4,4,6,4,526,504,593
455,1188,1290,999,999,0,472,472,999,999,0,0.018278362095374246,0.01834643793185609,996,996,0,4,2,2,19,127,48,11,862
456,350,556,984,995,11,60,60,896,896,0,0.008169100377820893,0.008373327887266415,976,977,1,3,3,3,5,54,457,19,667
457,0,102,1,936,935,0,4,1,412,411,0.0,0.00013615167296368154,1,511,510,4,-1,5,2,1,816,742,655
458,45,661,776,992,216,90,100,786,815,29,0.0005786446100956465,0.0015657442390823377,712,855,143,2,3,3,10,6,310,232,375
459,32,648,718,996,278,52,62,737,820,83,0.0005786446100956465,0.0031314884781646754,732,925,193,2,3,3,6,2,157,465,135
460,22,228,709,974,265,34,34,752,752,0,0.000442492937131965,0.0010892133837094523,712,832,120,3,3,3,4,2,542,465,405
461,100,100,849,849,0,100,100,609,609,0,0.024507301133462677,0.02464345280642636,999,999,0,3,1,1,19,118,48,37,197
462,1,207,331,991,660,2,8,331,651,320,0.0,0.002144388849177984,1,906,905,3,6,4,2,1,872,402,190
463,6,108,435,918,483,19,20,488,495,7,0.0,0.0006126825283365669,1,736,735,4,4,4,6,1,515,449,490
464,0,206,1,954,953,0,30,1,492,491,0.0,0.0011232513019503727,1,814,813,3,-1,4,9,0,178,905,60
465,31,31,886,886,0,12,12,859,859,0,0.0016678579938050988,0.0016678579938050988,886,886,0,-1,4,4,2,16,952,78,436
466,91,297,856,972,116,110,114,786,795,9,0.0009870996289866913,0.009326389598012186,802,976,174,3,3,3,14,14,79,243,0
467,8,110,568,948,380,10,10,530,530,0,0.0002382654276864427,0.00030634126416828345,604,650,46,4,4,4,3,3,797,496,870
468,7,7,473,473,0,33,33,410,410,0,0.0,0.0,1,1,0,-1,4,4,17,2,112,364,775
469,15,116,618,931,313,12,12,459,459,0,0.00017018959120460194,0.00017018959120460194,560,560,0,6,4,4,4,9,532,317,671
470,72,174,841,946,105,58,58,723,723,0,0.00088498587426393,0.0009190237925048504,787,789,2,4,3,3,8,15,383,138,290
471,30,646,722,994,272,68,78,807,838,31,0.0005786446100956465,0.0024166921951053475,727,902,175,2,3,3,8,4,646,40,53
472,28,234,684,960,276,108,108,913,913,0,0.0006467204465774873,0.0009530617107457708,737,792,55,3,3,3,8,4,411,288,417
473,0,102,1,865,864,0,22,1,358,357,0.0,0.0,1,1,0,4,-1,5,19,0,89,819,320
474,78,284,857,974,117,72,72,822,822,0,0.0010211375472276116,0.0020763130126961434,809,879,70,3,3,3,7,14,321,175,106
475,15,15,642,642,0,16,16,545,545,0,0.00017018959120460194,0.00017018959120460194,552,552,0,-1,4,4,4,9,344,341,489
476,0,0,1,1,0,0,0,1,1,0,0.0,0.0,1,1,0,-1,-1,-1,6,0,522,696,638
477,13,115,646,947,301,8,8,489,489,0,0.0002042275094455223,0.0002382654276864427,579,600,21,4,4,4,2,4,596,332,555
478,0,206,1,972,971,0,12,1,566,565,0.0,0.0011232513019503727,1,818,817,3,-1,4,2,0,905,997,180
479,20,122,658,924,266,22,22,528,528,0,0.00013615167296368154,0.00017018959120460194,512,541,29,4,4,4,5,6,492,435,274
480,6,108,411,903,492,18,18,474,474,0,0.0,0.0002382654276864427,1,574,573,4,4,4,5,1,496,152,256
481,6,6,416,416,0,18,18,425,425,0,3.4037918240920386e-05,3.4037918240920386e-05,401,401,0,-1,4,4,8,1,131,421,871
482,1,207,333,977,644,2,8,333,487,154,0.0,0.0005105687736138058,1,720,719,3,8,4,2,1,586,857,355
483,12,114,563,917,354,26,26,522,522,0,6.807583648184077e-05,0.0007488342013002485,457,753,296,4,4,4,7,3,364,361,326
484,20,122,632,907,275,86,86,765,765,0,0.0002042275094455223,0.0002042275094455223,572,572,0,4,3,3,10,3,189,222,531
485,0,206,1,963,962,0,13,1,419,418,0.0,0.00013615167296368154,1,528,527,3,-1,4,7,0,477,564,870
486,0,206,1,958,957,0,32,1,598,597,0.0,0.002825147213996392,1,918,917,3,-1,4,6,0,425,942,123
487,18,18,653,653,0,36,36,705,705,0,0.00034037918240920387,0.00034037918240920387,653,653,0,-1,3,3,5,2,438,770,358
488,136,237,964,984,20,46,46,979,979,0,0.014329963579427483,0.014364001497668403,992,992,0,5,2,2,2,30,895,75,419
489,0,0,1,1,0,0,0,1,1,0,0.0,0.0,1,1,0,-1,-1,-1,4,0,385,914,520
490,17,118,700,941,241,16,16,618,618,0,0.0004765308553728854,0.0004765308553728854,705,705,0,5,4,4,4,8,827,286,736
491,6,212,379,944,565,41,46,434,465,31,3.4037918240920386e-05,0.0002042275094455223,401,558,157,3,4,4,16,1,27,837,370
492,20,122,643,916,273,28,28,514,514,0,0.00013615167296368154,0.00030634126416828345,516,644,128,4,4,4,8,4,646,504,176
493,0,616,1,996,995,0,62,1,776,775,0.0,0.0036760951700194017,1,939,938,2,-1,3,7,0,678,982,25
494,34,34,769,769,0,58,58,769,769,0,0.0004084550188910446,0.0004084550188910446,670,670,0,-1,3,3,8,4,449,246,993
495,42,248,788,969,181,68,68,819,819,0,0.0007828721195411688,0.0013274788113958951,762,839,77,3,2,2,7,2,324,697,377
496,0,0,1,1,0,0,0,1,1,0,0.0,0.0,1,1,0,-1,-1,-1,2,0,996,912,987
497,89,295,851,971,120,128,128,878,878,0,0.002314578440382586,0.0031314884781646754,893,931,38,3,3,3,12,17,348,180,219
498,6,108,529,958,429,8,8,564,564,0,0.0002042275094455223,0.0006807583648184077,584,755,171,4,4,4,2,2,890,714,219
499,6,107,538,965,427,12,12,737,737,0,0.0005446066918547262,0.0005446066918547262,741,741,0,5,4,4,2,2,749,482,743
500,49,151,837,954,117,20,20,566,566,0,0.0013274788113958951,0.001497668402600497,843,852,9,4,4,4,4,11,641,166,534
501,6,212,399,951,552,33,41,525,579,54,0.00013615167296368154,0.0005786446100956465,504,720,216,3,4,4,9,1,414,756,404
502,6,6,465,465,0,12,12,485,485,0,0.00010211375472276115,0.00010211375472276115,487,487,0,-1,4,4,4,1,648,577,993
503,8,8,561,561,0,18,18,669,669,0,0.0002382654276864427,0.0002382654276864427,597,597,0,-1,4,4,3,2,835,586,446
504,53,53,934,934,0,12,12,802,802,0,0.0026889955410327104,0.0026889955410327104,933,933,0,-1,4,4,2,18,944,141,348
505,14,115,635,937,302,26,26,665,665,0,0.00013615167296368154,0.00013615167296368154,520,520,0,5,4,4,5,4,435,557,708
506,167,167,932,932,0,166,166,926,926,0,0.003710133088260322,0.003710133088260322,931,931,0,-1,2,2,15,19,110,184,847
507,32,134,761,937,176,52,52,816,816,0,0.0007828721195411688,0.0009530617107457708,768,796,28,4,3,3,6,9,606,145,670
508,0,101,1,969,968,0,2,1,331,330,0.0,3.4037918240920386e-05,1,409,408,5,-1,6,2,0,884,822,531
509,0,0,1,1,0,0,0,1,1,0,0.0,0.0,1,1,0,-1,-1,-1,4,0,603,980,867
510,2,2,358,358,0,7,7,358,358,0,0.0,0.0,1,1,0,-1,5,5,6,1,587,743,982
511,8,109,528,921,393,26,26,616,616,0,6.807583648184077e-05,0.0002042275094455223,448,567,119,5,4,4,5,3,605,508,581
512,0,102,1,886,885,0,12,1,369,368,0.0,0.00013615167296368154,1,514,513,4,-1,5,8,0,483,902,785
513,0,206,1,983,982,0,8,1,538,537,0.0,0.0007828721195411688,1,766,765,3,-1,4,2,0,809,702,194
514,34,136,822,958,136,28,28,811,811,0,0.0008509479560230097,0.0009530617107457708,802,815,13,4,3,3,3,8,800,186,840
515,2,208,353,959,606,9,28,353,532,179,0.0,0.0009530617107457708,1,807,806,3,5,4,8,1,595,893,352
516,33,135,771,935,164,26,26,611,611,0,0.0011913271384322134,0.0013615167296368155,835,843,8,4,4,4,5,7,467,218,504
517,0,101,1,957,956,0,2,1,331,330,0.0,0.0002723033459273631,1,627,626,5,-1,6,2,0,666,587,521
518,18,120,720,959,239,22,22,753,753,0,0.0008169100377820892,0.0009190237925048504,782,800,18,4,3,3,4,2,754,491,557
519,169,169,949,949,0,76,76,907,907,0,0.0030634126416828346,0.0030634126416828346,927,927,0,-1,3,3,6,31,393,102,669
520,2,2,360,360,0,8,8,391,391,0,0.0,0.0,1,1,0,-1,5,5,5,1,173,593,200
521,0,102,1,944,943,0,4,1,400,399,0.0,0.0004084550188910446,1,690,689,4,-1,5,2,1,992,235,368
522,0,101,1,926,925,0,4,1,331,330,0.0,0.0,1,1,0,5,-1,6,4,1,423,529,615
523,29,29,720,720,0,68,68,745,745,0,0.0008169100377820892,0.0008169100377820892,776,776,0,-1,3,3,8,4,225,125,790
524,9,111,554,924,370,18,18,525,525,0,0.00010211375472276115,0.000442492937131965,493,687,194,4,4,4,5,3,552,508,385
525,56,262,846,976,130,40,40,763,763,0,0.0012594029749140542,0.002757071377514551,842,913,71,3,3,3,5,12,724,163,94
526,20,122,681,936,255,36,36,832,832,0,0.0004084550188910446,0.0005446066918547262,679,721,42,4,3,3,4,3,460,268,904
527,14,630,510,989,479,72,90,526,585,59,0.00010211375472276115,0.0005446066918547262,473,702,229,2,4,3,18,3,64,248,551
528,0,206,1,948,947,0,25,1,412,411,0.0,0.0002723033459273631,1,613,612,3,-1,4,12,0,183,778,101
529,0,206,1,973,972,0,11,1,481,480,0.0,0.00037441710065012424,1,665,664,3,-1,4,4,0,423,446,354
530,0,206,1,940,939,0,54,1,458,457,0.0,0.0007147962830593281,1,746,745,3,-1,4,19,0,148,952,185
531,26,26,799,799,0,12,12,670,670,0,0.0006467204465774873,0.0006467204465774873,745,745,0,-1,4,4,2,10,946,195,716
532,67,67,868,868,0,50,50,851,851,0,0.0013955546478777359,0.0013955546478777359,842,842,0,-1,3,3,5,15,662,62,999
533,16,16,543,543,0,62,62,600,600,0,0.0002042275094455223,0.0002042275094455223,568,568,0,-1,3,3,12,2,252,670,976
534,0,0,1,1,0,0,0,1,1,0,0.0,0.0,1,1,0,-1,-1,-1,15,0,49,783,611
535,0,101,1,960,959,0,2,1,329,328,0.0,0.00017018959120460194,1,556,555,5,-1,6,2,0,799,952,239
536,0,616,1,993,992,0,78,1,722,721,0.0,0.005786446100956465,1,963,962,2,-1,3,11,0,230,846,18
537,0,0,1,1,0,0,0,1,1,0,0.0,0.0,1,1,0,-1,-1,-1,4,0,633,872,851
538,0,101,1,893,892,0,8,1,331,330,0.0,0.0,1,1,0,5,-1,6,8,0,428,794,225
539,0,0,1,1,0,0,0,1,1,0,0.0,0.0,1,1,0,-1,-1,-1,11,0,224,515,858
540,8,8,534,534,0,12,12,490,490,0,0.00013615167296368154,0.00013615167296368154,512,512,0,-1,4,4,4,2,563,770,707
541,6,212,458,975,517,16,16,598,598,0,0.0002042275094455223,0.0019061234214915416,575,889,314,3,4,4,4,1,610,797,82
542,4,4,400,400,0,17,17,402,402,0,0.00010211375472276115,0.00010211375472276115,483,483,0,-1,5,5,9,3,136,646,488
543,6,6,423,423,0,15,15,441,441,0,3.4037918240920386e-05,3.4037918240920386e-05,404,404,0,-1,4,4,6,2,341,690,897
544,0,0,1,1,0,0,0,1,1,0,0.0,0.0,1,1,0,-1,-1,-1,7,0,141,514,517
545,0,101,1,914,913,0,7,1,329,328,0.0,0.0,1,1,0,5,-1,6,7,0,404,664,509
546,411,1027,981,1000,19,258,258,978,978,0,0.00707988699411144,0.009224275843289425,963,972,9,2,2,2,15,49,68,31,39
547,18,224,629,955,326,38,50,522,592,70,0.00013615167296368154,0.0006126825283365669,505,726,221,3,4,4,11,3,174,677,283
548,6,622,413,993,580,17,31,439,574,135,6.807583648184077e-05,0.0005105687736138058,452,698,246,2,4,3,7,1,346,552,107
549,100,100,905,905,0,100,100,989,989,0,0.043874876612546375,0.043874876612546375,1000,1000,0,-1,1,1,4,36,235,48,984
550,53,154,795,932,137,138,138,942,942,0,0.0020763130126961434,0.0020763130126961434,891,891,0,5,2,2,9,4,351,125,676
551,0,206,1,964,963,0,24,1,505,504,0.0,0.00030634126416828345,1,632,631,3,-1,4,8,0,270,632,557
552,28,28,770,770,0,40,40,798,798,0,0.0008509479560230097,0.0008509479560230097,785,785,0,-1,3,3,5,4,435,326,998
553,14,220,543,959,416,42,46,583,609,26,0.0002723033459273631,0.001055175465468532,619,812,193,3,4,4,9,4,803,450,163
554,64,64,786,786,0,226,226,855,855,0,0.001157289220191293,0.001157289220191293,815,815,0,-1,2,2,22,6,33,490,674
555,22,124,737,952,215,12,12,609,609,0,0.0006807583648184077,0.0007147962830593281,750,754,4,4,4,4,2,8,733,345,904
556,28,28,763,763,0,40,40,767,767,0,0.00013615167296368154,0.00013615167296368154,532,532,0,-1,3,3,5,3,314,318,548
557,0,0,1,1,0,0,0,1,1,0,0.0,0.0,1,1,0,-1,-1,-1,2,0,996,349,946
558,0,616,1,995,994,0,74,1,783,782,0.0,0.00796487286837537,1,977,976,2,-1,3,8,0,225,975,10
559,64,64,815,815,0,124,124,818,818,0,0.0009870996289866913,0.0009870996289866913,794,794,0,-1,3,3,14,11,47,118,877
560,0,206,1,946,945,0,25,1,413,412,0.0,0.0002723033459273631,1,618,617,3,-1,4,12,0,222,766,296
561,14,14,619,619,0,16,16,529,529,0,0.00013615167296368154,0.00013615167296368154,514,514,0,-1,4,4,4,5,650,314,672
562,16,222,552,954,402,56,56,592,592,0,6.807583648184077e-05,0.00037441710065012424,445,658,213,3,3,3,11,1,279,394,619
563,0,101,1,956,955,0,2,1,331,330,0.0,0.0,1,1,0,5,-1,6,2,0,974,851,853
564,30,30,647,647,0,88,88,559,559,0,0.0004765308553728854,0.0004765308553728854,685,685,0,-1,3,3,19,6,89,613,522
565,13,115,587,927,340,25,26,638,638,0,6.807583648184077e-05,0.00037441710065012424,440,663,223,4,4,4,5,3,284,580,318
566,20,20,656,656,0,26,26,665,665,0,0.0002042275094455223,0.0002042275094455223,561,561,0,-1,3,3,4,3,500,214,789
567,16,222,510,947,437,102,110,674,698,24,0.00037441710065012424,0.00176997174852786,650,867,217,3,3,3,16,2,42,223,183
568,12,218,533,965,432,46,46,632,632,0,0.0002723033459273631,0.0006807583648184077,597,746,149,3,4,4,9,4,395,346,97
569,6,6,465,465,0,14,14,603,603,0,0.00030634126416828345,0.00030634126416828345,642,642,0,-1,4,4,3,1,857,168,967
570,1,1,331,331,0,2,2,331,331,0,0.0,0.0,1,1,0,-1,6,6,2,1,936,837,806
571,0,206,1,962,961,0,19,1,483,482,0.0,0.00010211375472276115,1,472,471,3,-1,4,7,0,264,850,689
572,0,102,1,893,892,0,8,1,355,354,0.0,3.4037918240920386e-05,1,414,413,4,-1,5,7,0,714,723,736
573,0,102,1,917,916,0,7,1,374,373,0.0,0.0,1,1,0,4,-1,5,5,0,688,735,314
574,18,120,729,956,227,18,18,718,718,0,0.0007488342013002485,0.0013615167296368155,759,850,91,4,4,4,3,9,854,293,80
575,2,2,347,347,0,17,17,347,347,0,0.0,0.0,1,1,0,-1,5,5,16,1,117,763,916
576,0,206,1,954,953,0,19,1,410,409,0.0,0.0002042275094455223,1,554,553,3,-1,4,9,1,327,513,486
577,0,102,1,930,929,0,4,1,403,402,0.0,0.00017018959120460194,1,539,538,4,-1,5,2,0,934,522,561
578,2,104,392,959,567,4,4,448,448,0,0.00017018959120460194,0.0005786446100956465,564,735,171,4,5,5,2,3,963,285,204
579,100,100,888,888,0,100,100,926,926,0,0.03614826917185745,0.036590762108989414,1000,1000,0,3,1,1,7,85,265,0,467
580,0,206,1,965,964,0,9,1,446,445,0.0,0.00010211375472276115,1,473,472,3,-1,4,4,0,832,569,791
581,12,12,514,514,0,38,38,502,502,0,0.00010211375472276115,0.00010211375472276115,485,485,0,-1,4,4,11,2,220,791,839
582,0,206,1,968,967,0,14,1,482,481,0.0,6.807583648184077e-05,1,448,447,3,-1,4,5,0,669,961,553
583,17,17,664,664,0,24,24,689,689,0,0.0004765308553728854,0.0004765308553728854,703,703,0,-1,4,4,4,9,631,145,744
584,0,0,1,1,0,0,0,1,1,0,0.0,0.0,1,1,0,-1,-1,-1,8,0,308,600,483
585,161,161,941,941,0,124,124,957,957,0,0.003165526396405596,0.003165526396405596,926,926,0,-1,3,3,9,27,395,69,902
586,32,32,757,757,0,26,26,628,628,0,0.0007488342013002485,0.0007488342013002485,771,771,0,-1,4,4,5,6,669,461,866
587,0,0,1,1,0,0,0,1,1,0,0.0,0.0,1,1,0,-1,-1,-1,2,0,906,726,993
588,2,104,358,914,556,7,8,386,402,16,0.0,0.00034037918240920387,1,647,646,4,5,5,4,2,614,885,259
589,2,103,371,945,574,4,4,424,424,0,3.4037918240920386e-05,6.807583648184077e-05,400,461,61,5,5,5,2,3,548,321,441
590,0,0,1,1,0,0,0,1,1,0,0.0,0.0,1,1,0,-1,-1,-1,6,1,764,529,348
591,0,616,1,992,991,0,40,1,500,499,0.0,0.0005786446100956465,1,727,726,2,-1,3,12,0,222,942,291
592,98,98,928,928,0,22,22,783,783,0,0.0019741992579733825,0.0019741992579733825,891,891,0,-1,3,3,2,21,972,157,962
593,0,616,1,992,991,0,32,1,476,475,0.0,0.0010211375472276116,1,800,799,2,-1,3,11,0,174,614,386
594,1,207,333,956,623,8,20,333,446,113,0.0,0.00030634126416828345,1,619,618,3,6,4,8,2,236,357,121
595,18,119,729,959,230,12,12,670,670,0,0.000442492937131965,0.0005446066918547262,680,719,39,5,4,4,2,7,946,134,598
596,0,102,1,894,893,0,15,1,389,388,0.0,3.4037918240920386e-05,1,396,395,4,-1,5,9,0,330,912,425
597,1,1,332,332,0,2,2,332,332,0,0.0,0.0,1,1,0,-1,6,6,2,2,942,448,604
598,21,227,703,976,273,16,16,529,529,0,0.0002042275094455223,0.0005105687736138058,560,714,154,3,4,4,4,6,650,199,785
599,7,109,513,903,390,22,22,481,481,0,3.4037918240920386e-05,0.0002042275094455223,407,572,165,4,4,4,7,3,466,373,810
600,6,212,390,950,560,74,82,558,589,31,6.807583648184077e-05,0.00010211375472276115,434,475,41,3,4,4,17,1,73,561,222
601,0,206,1,968,967,0,11,1,456,455,0.0,0.00013615167296368154,1,524,523,3,-1,4,4,1,762,529,720
602,27,129,829,969,140,12,12,757,757,0,0.0012934408931549745,0.0015657442390823377,842,865,23,4,4,4,2,13,807,255,566
603,15,221,634,974,340,18,18,647,647,0,0.0006807583648184077,0.002280540522141666,759,907,148,3,4,4,3,5,842,412,161
604,585,687,997,998,1,80,80,965,965,0,0.016338200755641786,0.016542428265087308,991,991,0,4,3,3,5,118,421,37,625
605,34,136,688,911,223,102,102,756,756,0,0.0007488342013002485,0.0007488342013002485,752,752,0,4,3,3,14,4,268,333,495
606,17,17,719,719,0,12,12,709,709,0,0.00034037918240920387,0.00034037918240920387,666,666,0,-1,4,4,2,9,806,211,533
607,0,0,1,1,0,0,0,1,1,0,0.0,0.0,1,1,0,-1,-1,-1,10,0,109,856,608
608,265,265,951,951,0,314,314,956,956,0,0.0033016780693692774,0.0033016780693692774,931,931,0,-1,2,2,20,27,5,69,746
609,16,16,741,741,0,8,8,576,576,0,0.0006126825283365669,0.0006126825283365669,749,749,0,-1,4,4,2,5,974,338,608
610,6,107,528,963,435,8,8,567,567,0,0.00010211375472276115,0.0002382654276864427,497,585,88,5,4,4,2,2,982,544,592
611,16,222,666,976,310,50,50,868,868,0,0.0004765308553728854,0.005888559855679227,704,965,261,3,3,3,5,1,435,439,24
612,56,262,833,972,139,56,56,816,816,0,0.001157289220191293,0.0017359338302869397,822,863,41,3,3,3,6,9,393,375,338
613,2,2,357,357,0,12,12,402,402,0,6.807583648184077e-05,6.807583648184077e-05,439,439,0,-1,5,5,7,1,359,577,843
614,6,212,398,953,555,17,24,392,436,44,0.0,0.00013615167296368154,1,516,515,3,4,4,9,1,159,788,332
615,136,238,954,977,23,32,32,900,900,0,0.0036760951700194017,0.003812246842983083,935,936,1,4,3,3,2,27,589,69,584
616,390,596,987,996,9,96,96,990,990,0,0.010687906327649,0.011062323428299126,986,987,1,3,2,2,3,59,725,5,494
617,0,0,1,1,0,0,0,1,1,0,0.0,0.0,1,1,0,-1,-1,-1,2,0,807,932,747
618,0,0,1,1,0,0,0,1,1,0,0.0,0.0,1,1,0,-1,-1,-1,8,0,468,735,994
619,158,364,942,983,41,138,138,948,948,0,0.0025188059498281084,0.004152626025392287,914,945,31,3,2,2,9,17,213,96,98
620,21,227,700,971,271,30,34,730,762,32,0.0005105687736138058,0.0005786446100956465,717,734,17,3,3,3,4,5,969,454,361
621,1,103,331,964,633,2,3,331,410,79,0.0,0.00010211375472276115,1,499,498,4,7,5,2,2,865,656,164
622,0,101,1,903,902,0,8,1,331,330,0.0,0.0,1,1,0,5,-1,6,8,0,431,632,717
623,185,287,953,975,22,114,114,932,932,0,0.004288777698355968,0.0046972327172470135,950,952,2,4,3,3,9,31,422,102,535
624,54,54,840,840,0,58,58,885,885,0,0.0018380475850097008,0.0018380475850097008,871,871,0,-1,2,2,6,4,399,40,845
625,0,102,1,916,915,0,5,1,362,361,0.0,6.807583648184077e-05,1,444,443,4,-1,5,4,0,921,959,691
626,1,102,333,911,578,5,5,333,333,0,3.4037918240920386e-05,3.4037918240920386e-05,399,399,0,6,6,6,5,3,528,484,344
627,32,32,674,674,0,90,90,611,611,0,0.0006807583648184077,0.0006807583648184077,736,736,0,-1,3,3,17,2,10,524,716
628,6,212,437,971,534,10,18,446,604,158,6.807583648184077e-05,0.0006807583648184077,448,748,300,3,4,4,3,3,927,309,163
629,0,206,1,957,956,0,30,1,554,553,0.0,0.0018040096667687805,1,870,869,3,-1,4,7,1,637,738,135
630,156,772,933,995,62,136,136,929,929,0,0.0026549576227917903,0.00616086320160659,910,957,47,2,3,3,11,20,174,43,75
631,0,102,1,921,920,0,7,1,402,401,0.0,0.0002382654276864427,1,614,613,4,-1,5,4,3,885,882,482
632,0,206,1,948,947,0,34,1,422,421,0.0,0.000442492937131965,1,679,678,3,-1,4,16,0,60,907,195
633,38,38,689,689,0,160,160,785,785,0,0.0005446066918547262,0.0005446066918547262,705,705,0,-1,3,3,19,3,46,318,965
634,1,207,333,944,611,16,47,333,482,149,0.0,0.0006126825283365669,1,724,723,3,6,4,16,3,72,181,340
635,115,115,935,935,0,38,38,855,855,0,0.0019741992579733825,0.0019741992579733825,888,888,0,-1,3,3,3,19,746,72,918
636,0,0,1,1,0,0,0,1,1,0,0.0,0.0,1,1,0,-1,-1,-1,3,0,640,987,657
637,22,124,707,941,234,36,36,762,762,0,0.000442492937131965,0.0004765308553728854,689,697,8,4,3,3,5,2,720,465,639
638,2,618,360,994,634,14,64,402,768,366,0.0,0.011709043874876613,1,984,983,2,5,3,8,1,325,606,3
639,0,0,1,1,0,0,0,1,1,0,0.0,0.0,1,1,0,-1,-1,-1,5,0,727,820,895
640,36,36,685,685,0,96,96,628,628,0,0.000442492937131965,0.000442492937131965,683,683,0,-1,3,3,15,8,77,521,205
641,17,119,664,936,272,14,14,543,543,0,0.0005446066918547262,0.0015317063208414173,728,857,129,4,4,4,3,8,585,302,213
642,0,0,1,1,0,0,0,1,1,0,0.0,0.0,1,1,0,-1,-1,-1,7,0,331,850,951
643,200,200,936,936,0,294,294,865,865,0,0.0016678579938050988,0.0016678579938050988,863,863,0,-1,2,2,30,22,7,116,201
644,52,258,849,979,130,54,54,930,930,0,0.0018720855032506212,0.003165526396405596,882,937,55,3,2,2,4,10,562,195,54
645,47,149,780,930,150,66,66,678,678,0,0.0005105687736138058,0.0005446066918547262,696,709,13,4,3,3,10,10,99,366,411
646,51,153,884,975,91,22,22,860,860,0,0.0023486163586235067,0.004356853534837809,906,950,44,4,3,3,2,12,965,99,48
647,323,425,973,983,10,278,278,979,979,0,0.006773545729943157,0.006773545729943157,965,965,0,4,2,2,16,29,145,17,676
648,35,136,751,929,178,58,58,769,769,0,0.00030634126416828345,0.00030634126416828345,626,626,0,7,3,3,7,5,324,510,857
649,0,102,1,891,890,0,16,1,388,387,0.0,0.00017018959120460194,1,544,543,4,-1,5,10,0,149,990,524
650,319,525,971,984,13,232,232,967,967,0,0.005582218591510943,0.0057524081827155455,959,959,0,3,2,2,14,31,122,76,378
651,167,373,959,988,29,60,60,904,904,0,0.003437829742332959,0.004186663943633207,929,943,14,3,3,3,5,31,456,76,189
652,655,655,993,993,0,308,308,982,982,0,0.009564655025698629,0.009564655025698629,976,976,0,-1,2,2,16,75,59,24,866
653,12,12,568,568,0,18,18,512,512,0,0.0002042275094455223,0.0002042275094455223,561,561,0,-1,4,4,5,5,701,231,927
654,32,238,709,960,251,48,52,567,599,32,0.0008509479560230097,0.0018040096667687805,772,871,99,3,4,4,10,8,152,204,174
655,37,243,785,975,190,30,30,704,704,0,0.0004084550188910446,0.0005786446100956465,679,729,50,3,3,3,4,7,711,237,741
656,0,206,1,972,971,0,8,1,470,469,0.0,0.0006126825283365669,1,743,742,3,-1,4,2,0,971,205,155
657,2,208,352,953,601,11,24,352,428,76,6.807583648184077e-05,0.00037441710065012424,437,669,232,3,5,4,10,3,189,708,545
658,54,54,892,892,0,32,32,961,961,0,0.0024507301133462676,0.0024507301133462676,914,914,0,-1,3,3,2,11,666,97,969
659,97,303,838,970,132,164,164,784,784,0,0.0013615167296368155,0.001497668402600497,833,842,9,3,2,2,21,8,1,284,248
660,24,640,690,994,304,42,60,677,782,105,0.00034037918240920387,0.003437829742332959,654,931,277,2,3,3,8,5,541,688,74
661,0,0,1,1,0,0,0,1,1,0,0.0,0.0,1,1,0,-1,-1,-1,2,0,806,574,953
662,6,107,504,953,449,8,8,521,521,0,0.00010211375472276115,0.00017018959120460194,498,561,63,5,4,4,2,2,681,719,220
663,98,98,826,826,0,228,228,731,731,0,0.0004084550188910446,0.0004084550188910446,653,653,0,-1,3,3,35,9,20,391,929
664,0,102,1,893,892,0,14,1,376,375,0.0,0.0002382654276864427,1,590,589,4,-1,5,10,1,527,641,435
665,26,128,744,947,203,18,18,647,647,0,0.000442492937131965,0.0005786446100956465,679,729,50,4,4,4,3,8,829,345,720
666,309,509,980,992,12,112,112,963,963,0,0.006569318220497634,0.006909697402906838,969,972,3,3,2,2,8,49,449,31,432
667,5,211,388,954,566,21,25,390,413,23,0.0,0.00013615167296368154,1,507,506,3,5,4,12,3,62,572,771
668,0,0,1,1,0,0,0,1,1,0,0.0,0.0,1,1,0,-1,-1,-1,4,0,462,673,951
669,2,208,357,960,603,9,36,358,574,216,0.0,0.0015317063208414173,1,847,846,3,5,4,8,2,383,331,128
670,107,209,917,966,49,56,56,826,826,0,0.0024507301133462676,0.0024507301133462676,910,910,0,4,3,3,6,21,295,123,347
671,248,454,986,998,12,32,32,917,917,0,0.008066986623098132,0.008271214132543654,981,982,1,3,3,3,2,69,625,12,317
672,1,207,332,981,649,2,8,332,551,219,0.0,0.0006467204465774873,1,746,745,3,7,4,2,4,715,595,470
673,0,0,1,1,0,0,0,1,1,0,0.0,0.0,1,1,0,-1,-1,-1,8,0,199,436,709
674,14,220,550,957,407,40,40,520,520,0,0.0002723033459273631,0.00030634126416828345,596,619,23,3,4,4,10,3,256,307,717
675,5,5,601,601,0,3,3,466,466,0,0.00013615167296368154,0.00013615167296368154,545,545,0,-1,5,5,2,4,955,332,428
676,6,107,412,905,493,24,24,474,474,0,0.00010211375472276115,0.00010211375472276115,484,484,0,5,4,4,8,1,334,931,781
677,18,18,702,702,0,14,14,623,623,0,0.00034037918240920387,0.00034037918240920387,651,651,0,-1,4,4,3,6,953,494,600
678,2,2,364,364,0,6,6,401,401,0,0.00017018959120460194,0.00017018959120460194,540,540,0,-1,5,5,3,2,989,648,955
679,0,102,1,933,932,0,3,1,361,360,0.0,3.4037918240920386e-05,1,406,405,4,-1,5,2,0,429,665,566
680,18,119,739,964,225,8,8,548,548,0,0.0005105687736138058,0.0005105687736138058,712,712,0,6,4,4,2,5,792,418,896
681,6,622,485,999,514,12,22,616,795,179,3.4037918240920386e-05,0.009088124170325743,408,984,576,2,4,3,2,3,779,410,0
682,0,102,1,937,936,0,3,1,378,377,0.0,0.0,1,1,0,4,-1,5,2,0,948,886,468
683,0,0,1,1,0,0,0,1,1,0,0.0,0.0,1,1,0,-1,-1,-1,8,0,318,917,766
684,0,0,1,1,0,0,0,1,1,0,0.0,0.0,1,1,0,-1,-1,-1,13,0,165,702,906
685,0,0,1,1,0,0,0,1,1,0,0.0,0.0,1,1,0,-1,-1,-1,7,0,342,973,939
686,0,102,1,925,924,0,7,1,382,381,0.0,6.807583648184077e-05,1,449,448,4,-1,5,5,2,908,775,346
687,0,101,1,948,947,0,3,1,331,330,0.0,0.0,1,1,0,6,-1,7,3,0,608,969,530
688,38,38,685,685,0,100,100,614,614,0,0.0002382654276864427,0.0002382654276864427,584,584,0,-1,3,3,19,3,36,93,942
689,0,206,1,948,947,0,28,1,407,406,0.0,3.4037918240920386e-05,1,404,403,3,-1,4,15,0,68,812,300
690,2,208,364,978,614,3,12,365,581,216,3.4037918240920386e-05,0.0006126825283365669,418,739,321,3,5,4,2,1,643,593,636
691,0,206,1,935,934,0,69,1,492,491,0.0,0.0009190237925048504,1,790,789,3,-1,4,19,0,31,349,269
692,0,0,1,1,0,0,0,1,1,0,0.0,0.0,1,1,0,-1,-1,-1,14,0,144,546,429
693,109,211,902,955,53,110,110,881,881,0,0.0019741992579733825,0.0020082371762143027,877,880,3,4,2,2,11,17,271,269,290
694,0,0,1,1,0,0,0,1,1,0,0.0,0.0,1,1,0,-1,-1,-1,13,0,242,632,568
695,16,117,600,925,325,24,24,610,610,0,0.00013615167296368154,0.00017018959120460194,515,536,21,6,4,4,4,8,500,302,739
696,0,0,1,1,0,0,0,1,1,0,0.0,0.0,1,1,0,-1,-1,-1,3,0,875,968,802
697,2,104,373,940,567,4,4,414,414,0,3.4037918240920386e-05,0.00010211375472276115,407,494,87,4,5,5,2,1,881,606,247
698,0,206,1,946,945,0,38,1,428,427,0.0,0.000442492937131965,1,665,664,3,-1,4,17,0,63,330,240
699,61,162,869,966,97,38,38,914,914,0,0.0014295925661186562,0.0014636304843595766,850,853,3,5,3,3,3,8,628,187,662
700,14,14,508,508,0,82,82,590,590,0,0.0005446066918547262,0.0005446066918547262,698,698,0,-1,4,4,17,3,210,236,205
701,0,102,1,876,875,0,19,1,361,360,0.0,6.807583648184077e-05,1,437,436,4,-1,5,16,0,59,815,879
702,3,3,433,433,0,7,7,405,405,0,3.4037918240920386e-05,3.4037918240920386e-05,408,408,0,-1,5,5,4,3,423,563,804
703,64,64,917,917,0,22,22,869,869,0,0.0031314884781646754,0.0031314884781646754,935,935,0,-1,3,3,2,18,751,55,988
704,7,109,508,921,413,11,11,450,450,0,0.0,0.0,1,1,0,4,4,4,4,5,949,225,561
705,0,102,1,951,950,0,4,1,429,428,0.0,0.0005105687736138058,1,719,718,4,-1,5,2,0,702,876,175
706,0,102,1,895,894,0,12,1,378,377,0.0,0.0002042275094455223,1,568,567,4,-1,5,8,1,225,554,677
707,0,0,1,1,0,0,0,1,1,0,0.0,0.0,1,1,0,-1,-1,-1,5,0,519,664,608
708,0,0,1,1,0,0,0,1,1,0,0.0,0.0,1,1,0,-1,-1,-1,2,0,967,845,992
709,1,103,331,968,637,2,4,331,469,138,0.0,0.0010211375472276116,1,817,816,4,6,5,2,2,866,344,403
710,0,0,1,1,0,0,0,1,1,0,0.0,0.0,1,1,0,-1,-1,-1,8,0,186,548,693
711,0,0,1,1,0,0,0,1,1,0,0.0,0.0,1,1,0,-1,-1,-1,7,0,698,774,426
712,0,0,1,1,0,0,0,1,1,0,0.0,0.0,1,1,0,-1,-1,-1,5,0,843,638,916
713,0,0,1,1,0,0,0,1,1,0,0.0,0.0,1,1,0,-1,-1,-1,17,0,112,587,977
714,32,238,728,958,230,70,70,750,750,0,0.0005105687736138058,0.0009190237925048504,705,798,93,3,3,3,9,2,202,465,246
715,17,223,707,979,272,18,22,797,819,22,0.00010211375472276115,0.004629156880765172,484,954,470,3,3,3,2,4,232,305,31
716,0,102,1,938,937,0,5,1,394,393,0.0,3.4037918240920386e-05,1,404,403,4,-1,5,3,1,756,787,553
717,2,104,379,957,578,4,4,427,427,0,3.4037918240920386e-05,0.0002382654276864427,397,613,216,4,5,5,2,1,742,416,178
718,287,388,976,987,11,124,124,994,994,0,0.005582218591510943,0.005582218591510943,960,960,0,5,2,2,6,44,606,27,656
719,0,206,1,979,978,0,8,1,541,540,0.0,0.0005786446100956465,1,730,729,3,-1,4,2,0,548,848,267
720,6,6,413,413,0,30,30,539,539,0,0.00013615167296368154,0.00013615167296368154,522,522,0,-1,4,4,7,1,714,799,388
721,34,34,695,695,0,72,72,611,611,0,0.00034037918240920387,0.00034037918240920387,635,635,0,-1,3,3,12,3,239,248,772
722,16,222,770,991,221,22,22,920,920,0,0.001497668402600497,0.002552843868069029,872,918,46,3,3,3,2,1,941,80,256
723,14,115,612,931,319,14,14,552,552,0,0.00013615167296368154,0.00013615167296368154,536,536,0,5,4,4,3,3,672,93,537
724,45,45,744,744,0,142,142,797,797,0,0.0009530617107457708,0.0009530617107457708,796,796,0,-1,3,3,16,5,27,216,433
725,0,101,1,939,938,0,3,1,332,331,0.0,3.4037918240920386e-05,1,393,392,5,-1,6,3,0,523,881,322
726,2,2,366,366,0,8,8,453,453,0,3.4037918240920386e-05,3.4037918240920386e-05,408,408,0,-1,5,5,4,1,423,577,548
727,42,42,794,794,0,40,40,716,716,0,0.0006467204465774873,0.0006467204465774873,745,745,0,-1,3,3,5,7,555,237,914
728,16,16,812,812,0,4,4,561,561,0,0.0007147962830593281,0.0007147962830593281,779,779,0,-1,5,5,2,14,955,387,672
729,0,206,1,935,934,0,63,1,462,461,0.0,0.0007147962830593281,1,740,739,3,-1,4,23,0,43,944,351
730,43,43,835,835,0,38,38,884,884,0,0.002280540522141666,0.002280540522141666,903,903,0,-1,3,3,3,6,935,73,898
731,2,104,359,909,550,11,12,403,415,12,3.4037918240920386e-05,0.0009190237925048504,403,799,396,4,5,5,6,2,489,597,59
732,2,104,360,912,552,6,10,333,393,60,3.4037918240920386e-05,3.4037918240920386e-05,400,400,0,4,6,5,6,5,266,605,544
733,0,206,1,963,962,0,44,1,679,678,0.0,0.004765308553728854,1,948,947,3,-1,4,8,0,318,900,18
734,10,10,539,539,0,24,24,510,510,0,0.00010211375472276115,0.00010211375472276115,486,486,0,-1,4,4,8,7,158,451,860
735,26,26,711,711,0,32,32,689,689,0,0.0002382654276864427,0.0002382654276864427,588,588,0,-1,3,3,5,5,599,350,489
736,0,616,1,998,997,0,22,1,749,748,0.0,0.006875659484665918,1,974,973,2,-1,3,2,0,966,665,24
737,75,75,840,840,0,96,96,813,813,0,0.0012934408931549745,0.0012934408931549745,833,833,0,-1,2,2,10,11,206,162,933
738,6,622,451,997,546,17,40,527,776,249,0.00010211375472276115,0.010177337554035196,500,982,482,2,4,3,5,1,688,661,3
739,1,102,332,960,628,2,2,332,332,0,0.0,6.807583648184077e-05,1,454,453,5,7,6,2,1,997,590,408
740,6,6,417,417,0,22,22,470,470,0,0.0,0.0,1,1,0,-1,4,4,8,2,440,654,816
741,28,644,651,992,341,138,158,784,831,47,0.0007147962830593281,0.00704584907587052,743,963,220,2,3,3,17,4,10,336,70
742,12,113,735,974,239,8,8,652,652,0,0.0004084550188910446,0.0006126825283365669,700,757,57,5,4,4,2,4,872,333,4
743,6,6,451,451,0,14,14,478,478,0,0.00010211375472276115,0.00010211375472276115,483,483,0,-1,4,4,5,2,533,313,978
744,44,44,782,782,0,88,88,849,849,0,0.0008169100377820892,0.0008169100377820892,770,770,0,-1,3,3,8,6,197,490,922
745,74,690,800,992,192,170,188,748,774,26,0.001055175465468532,0.0013615167296368155,811,842,31,2,2,2,22,7,18,303,619
746,0,102,1,906,905,0,13,1,407,406,0.0,0.0006807583648184077,1,746,745,4,-1,5,7,0,364,254,326
747,40,141,789,936,147,44,44,704,704,0,0.0004765308553728854,0.0004765308553728854,694,694,0,5,3,3,7,7,336,134,771
748,92,194,913,970,57,34,34,829,829,0,0.0016678579938050988,0.0017018959120460194,868,871,3,4,3,3,4,19,682,144,451
749,0,102,1,889,888,0,10,1,352,351,0.0,0.0,1,1,0,4,-1,5,9,0,389,940,602
750,0,0,1,1,0,0,0,1,1,0,0.0,0.0,1,1,0,-1,-1,-1,17,0,24,502,932
751,28,234,796,980,184,22,22,795,795,0,0.0012934408931549745,0.0026209197045508697,844,919,75,3,3,3,2,4,734,326,73
752,35,137,757,932,175,52,52,730,730,0,0.0007147962830593281,0.0007828721195411688,749,766,17,4,3,3,7,6,450,232,347
753,120,221,945,974,29,18,18,668,668,0,0.002723033459273631,0.002723033459273631,919,919,0,5,4,4,3,31,831,76,421
754,41,41,763,763,0,68,68,704,704,0,0.0006467204465774873,0.0006467204465774873,736,736,0,-1,3,3,10,6,99,467,968
755,0,206,1,944,943,0,42,1,469,468,0.0,0.00034037918240920387,1,635,634,3,-1,4,13,0,115,976,162
756,34,136,714,910,196,76,76,671,671,0,0.0005786446100956465,0.0006807583648184077,721,744,23,4,3,3,11,4,188,470,756
757,2,2,359,359,0,12,12,433,433,0,3.4037918240920386e-05,3.4037918240920386e-05,406,406,0,-1,5,5,6,1,267,873,914
758,33,239,719,962,243,72,72,694,694,0,0.0007147962830593281,0.0009190237925048504,748,787,39,3,3,3,11,7,360,329,435
759,0,0,1,1,0,0,0,1,1,0,0.0,0.0,1,1,0,-1,-1,-1,16,0,72,996,819
760,0,101,1,961,960,0,3,1,331,330,0.0,3.4037918240920386e-05,1,398,397,6,-1,7,3,0,730,698,503
761,0,101,1,960,959,0,2,1,332,331,0.0,0.0,1,1,0,6,-1,7,2,0,788,907,743
762,42,248,722,958,236,170,170,885,885,0,0.0015317063208414173,0.0019061234214915416,850,877,27,3,3,3,15,5,49,393,420
763,0,102,1,871,870,0,18,1,354,353,0.0,0.0,1,1,0,4,-1,5,16,0,151,851,298
764,2,103,361,920,559,7,7,376,376,0,0.0,0.0,1,1,0,5,5,5,5,1,561,837,862
765,19,225,626,964,338,28,28,536,536,0,0.00017018959120460194,0.0007147962830593281,537,761,224,3,4,4,6,5,157,241,46
766,44,146,779,934,155,74,74,785,785,0,0.0006467204465774873,0.0007828721195411688,735,767,32,4,3,3,9,4,330,470,652
767,0,0,1,1,0,0,0,1,1,0,0.0,0.0,1,1,0,-1,-1,-1,5,0,538,620,933
768,40,142,799,951,152,60,60,899,899,0,0.001497668402600497,0.0015317063208414173,847,850,3,4,3,3,5,9,644,415,342
769,16,632,553,993,440,46,64,559,662,103,6.807583648184077e-05,0.00088498587426393,439,784,345,2,3,3,10,2,105,492,288
770,0,0,1,1,0,0,0,1,1,0,0.0,0.0,1,1,0,-1,-1,-1,15,0,81,976,912
771,40,246,695,951,256,172,172,763,763,0,0.0008169100377820892,0.0009530617107457708,758,792,34,3,2,2,21,1,54,439,291
772,18,224,597,957,360,67,80,588,644,56,6.807583648184077e-05,0.0010892133837094523,453,807,354,3,3,3,15,3,138,434,146
773,16,118,594,918,324,34,34,679,679,0,0.0002723033459273631,0.0005105687736138058,608,715,107,4,3,3,4,1,493,556,385
774,237,338,973,983,10,78,78,972,972,0,0.006501242384015794,0.006535280302256714,970,970,0,5,2,2,4,50,632,33,430
775,6,6,422,422,0,26,26,535,535,0,6.807583648184077e-05,6.807583648184077e-05,443,443,0,-1,4,4,7,2,214,532,823
776,19,121,702,945,243,18,18,663,663,0,0.001055175465468532,0.0011232513019503727,815,831,16,4,4,4,3,7,912,630,222
777,0,102,1,925,924,0,8,1,396,395,0.0,0.0002723033459273631,1,618,617,4,-1,5,5,0,848,725,167
778,16,16,605,605,0,22,22,527,527,0,0.0007488342013002485,0.0007488342013002485,764,764,0,-1,3,3,6,2,419,292,867
779,2,2,357,357,0,7,7,394,394,0,0.00010211375472276115,0.00010211375472276115,482,482,0,-1,5,5,4,1,547,594,903
780,454,454,985,985,0,166,166,986,986,0,0.010177337554035196,0.010177337554035196,977,977,0,-1,2,2,8,54,260,19,858
781,0,102,1,887,886,0,22,1,374,373,0.0,6.807583648184077e-05,1,436,435,4,-1,5,16,0,60,831,579
782,0,616,1,1000,999,0,18,1,821,820,0.0,0.003608019333537561,1,942,941,2,-1,3,2,2,806,271,48
783,0,206,1,974,973,0,8,1,498,497,0.0,0.0005446066918547262,1,723,722,3,-1,4,2,1,881,742,46
784,0,206,1,980,979,0,8,1,570,569,0.0,0.005990673610401988,1,970,969,3,-1,4,2,0,995,388,18
785,1,1,333,333,0,9,9,333,333,0,0.0,0.0,1,1,0,-1,7,7,9,2,422,448,996
786,0,102,1,876,875,0,13,1,347,346,0.0,0.0,1,1,0,4,-1,5,12,0,239,686,503
787,0,0,1,1,0,0,0,1,1,0,0.0,0.0,1,1,0,-1,-1,-1,5,0,843,716,483
788,34,136,660,897,237,158,158,720,720,0,0.00037441710065012424,0.0004765308553728854,657,691,34,4,3,3,23,4,4,339,899
789,12,12,503,503,0,41,41,474,474,0,0.0002382654276864427,0.0002382654276864427,589,589,0,-1,4,4,13,2,41,499,962
790,15,15,652,652,0,12,12,567,567,0,0.00030634126416828345,0.00030634126416828345,641,641,0,-1,4,4,2,6,828,459,457
791,80,80,822,822,0,268,268,930,930,0,0.0017018959120460194,0.0017018959120460194,868,868,0,-1,2,2,19,7,14,630,868
792,2,2,359,359,0,4,4,359,359,0,3.4037918240920386e-05,3.4037918240920386e-05,397,397,0,-1,5,5,3,3,645,708,673
793,4,106,488,962,474,4,4,465,465,0,0.00013615167296368154,0.0004765308553728854,523,716,193,4,5,5,2,2,799,680,306
794,0,206,1,957,956,0,16,1,425,424,0.0,0.00037441710065012424,1,667,666,3,-1,4,7,0,637,855,487
795,0,0,1,1,0,0,0,1,1,0,0.0,0.0,1,1,0,-1,-1,-1,3,0,672,774,388
796,10,626,535,994,459,40,60,610,768,158,0.0002382654276864427,0.001599782157323258,586,862,276,2,4,3,8,3,146,536,248
797,0,0,1,1,0,0,0,1,1,0,0.0,0.0,1,1,0,-1,-1,-1,16,0,42,970,600
798,3,3,458,458,0,5,5,411,411,0,3.4037918240920386e-05,3.4037918240920386e-05,398,398,0,-1,5,5,3,2,707,602,546
799,0,102,1,891,890,0,13,1,382,381,0.0,0.0002042275094455223,1,561,560,4,-1,5,9,0,249,750,239
800,31,133,826,973,147,22,22,875,875,0,0.0006126825283365669,0.001599782157323258,745,874,129,4,3,3,2,7,982,134,91
801,0,0,1,1,0,0,0,1,1,0,0.0,0.0,1,1,0,-1,-1,-1,8,0,142,833,863
802,86,292,837,964,127,172,172,843,843,0,0.0008509479560230097,0.0014636304843595766,762,844,82,3,2,2,17,8,94,286,471
803,0,206,1,944,943,0,41,1,408,407,0.0,0.00010211375472276115,1,472,471,3,-1,4,21,0,25,657,406
804,34,136,730,926,196,60,60,682,682,0,0.0004765308553728854,0.0005446066918547262,692,715,23,4,3,3,9,5,147,308,434
805,9,9,553,553,0,10,10,462,462,0,6.807583648184077e-05,6.807583648184077e-05,455,455,0,-1,4,4,3,3,737,534,838
806,19,120,630,906,276,40,40,573,573,0,0.00017018959120460194,0.0002382654276864427,541,589,48,5,4,4,10,8,427,477,599
807,0,102,1,913,912,0,8,1,402,401,0.0,0.00034037918240920387,1,645,644,4,-1,5,4,0,614,919,616
808,2,2,374,374,0,3,3,377,377,0,6.807583648184077e-05,6.807583648184077e-05,448,448,0,-1,5,5,2,3,910,755,939
809,7,623,515,998,483,26,36,633,719,86,0.0005446066918547262,0.004561081044283332,713,952,239,2,4,3,5,2,487,101,20
810,384,1000,981,998,17,218,228,981,985,4,0.005684332346233704,0.009836958371625992,961,979,18,2,2,2,11,57,188,50,57
811,329,329,990,990,0,62,62,977,977,0,0.009190237925048503,0.009190237925048503,977,977,0,-1,2,2,3,81,826,32,834
812,0,102,1,928,927,0,8,1,401,400,0.0,0.0002042275094455223,1,571,570,4,-1,5,5,0,601,894,505
813,3,3,448,448,0,5,5,409,409,0,0.00013615167296368154,0.00013615167296368154,530,530,0,-1,5,5,3,3,840,646,905
814,23,229,623,948,325,98,98,633,633,0,0.0004084550188910446,0.0007828721195411688,665,765,100,3,3,3,16,4,27,339,249
815,99,201,859,942,83,156,156,816,816,0,0.0013274788113958951,0.0013274788113958951,831,831,0,4,2,2,17,13,6,340,602
816,16,222,588,963,375,34,34,570,570,0,0.00013615167296368154,0.0007488342013002485,513,764,251,3,4,4,7,6,321,424,293
817,0,101,1,974,973,0,2,1,325,324,0.0,0.00010211375472276115,1,488,487,5,-1,6,2,0,978,877,720
818,10,216,597,976,379,6,10,434,504,70,3.4037918240920386e-05,0.00013615167296368154,402,521,119,3,5,4,3,8,774,477,260
819,2,2,353,353,0,8,8,354,354,0,0.0,0.0,1,1,0,-1,5,5,7,1,207,402,515
820,0,0,1,1,0,0,0,1,1,0,0.0,0.0,1,1,0,-1,-1,-1,2,0,702,731,698
821,0,206,1,974,973,0,14,1,588,587,0.0,0.001157289220191293,1,830,829,3,-1,4,3,0,863,987,71
822,110,110,891,891,0,120,120,891,891,0,0.0019741992579733825,0.0019741992579733825,882,882,0,-1,3,3,10,27,206,304,892
823,0,102,1,926,925,0,10,1,416,415,0.0,0.0002723033459273631,1,617,616,4,-1,5,6,0,661,975,256
824,0,102,1,896,895,0,12,1,387,386,0.0,0.0002382654276864427,1,595,594,4,-1,5,7,0,221,716,368
825,7,7,541,541,0,10,10,493,493,0,6.807583648184077e-05,6.807583648184077e-05,448,448,0,-1,4,4,3,2,588,566,348
826,0,206,1,945,944,0,80,1,625,624,0.0,0.003778208924742163,1,938,937,3,-1,4,14,0,144,971,16
827,0,0,1,1,0,0,0,1,1,0,0.0,0.0,1,1,0,-1,-1,-1,3,0,433,725,901
828,0,616,1,988,987,0,74,1,500,499,0.0,0.0006467204465774873,1,731,730,2,-1,3,20,2,5,633,440
829,252,252,957,957,0,284,284,953,953,0,0.0042547397801150485,0.0042547397801150485,942,942,0,-1,2,2,20,24,70,13,787
830,16,1656,571,1000,429,40,86,626,889,263,6.807583648184077e-05,0.017121072875182955,440,988,548,1,3,2,7,2,591,652,9
831,32,134,771,932,161,36,36,703,703,0,0.0002382654276864427,0.0005786446100956465,602,737,135,4,3,3,5,6,392,199,136
832,0,0,1,1,0,0,0,1,1,0,0.0,0.0,1,1,0,-1,-1,-1,11,0,248,903,774
833,237,339,968,979,11,196,196,995,995,0,0.007182000748834201,0.007284114503556962,971,972,1,4,2,2,9,19,200,135,317
834,0,206,1,961,960,0,19,1,427,426,0.0,0.0002382654276864427,1,591,590,3,-1,4,9,0,367,760,347
835,52,153,808,939,131,50,50,701,701,0,0.0006126825283365669,0.0007488342013002485,727,754,27,5,3,3,8,9,308,245,464
836,70,70,813,813,0,184,184,901,901,0,0.0015317063208414173,0.0015317063208414173,854,854,0,-1,2,2,15,5,51,393,955
837,22,124,780,968,188,10,10,624,624,0,0.00037441710065012424,0.001599782157323258,673,873,200,4,4,4,3,11,852,162,96
838,36,36,752,752,0,40,40,604,604,0,0.00037441710065012424,0.00037441710065012424,665,665,0,-1,4,4,8,6,201,136,816
839,0,206,1,945,944,0,50,1,502,501,0.0,0.0009530617107457708,1,791,790,3,-1,4,13,0,165,823,137
840,1,102,332,954,622,2,2,332,332,0,0.0,0.0002382654276864427,1,619,618,5,6,6,2,3,914,676,424
841,146,248,932,970,38,98,98,922,922,0,0.0032336022328874367,0.0032336022328874367,924,924,0,4,3,3,8,19,521,133,325
842,0,206,1,945,944,0,40,1,454,453,0.0,0.0010892133837094523,1,809,808,3,-1,4,14,0,154,735,96
843,2,104,366,941,575,5,6,395,417,22,0.00010211375472276115,0.0006467204465774873,495,760,265,4,5,5,3,1,699,537,296
844,6,6,545,545,0,12,12,710,710,0,0.0005105687736138058,0.0005105687736138058,725,725,0,-1,4,4,2,1,997,404,952
845,10,112,527,898,371,32,32,567,567,0,0.00017018959120460194,0.0002723033459273631,537,618,81,4,4,4,6,4,157,220,677
846,19,121,643,916,273,50,50,674,674,0,0.0002723033459273631,0.0002723033459273631,622,622,0,4,3,3,8,5,225,710,763
847,12,12,594,594,0,21,21,568,568,0,0.00010211375472276115,0.00010211375472276115,480,480,0,-1,4,4,5,3,644,598,673
848,16,16,573,573,0,36,36,595,595,0,0.00030634126416828345,0.00030634126416828345,622,622,0,-1,3,3,7,1,246,840,546
849,7,213,535,973,438,7,11,428,484,56,0.00013615167296368154,0.0004765308553728854,519,701,182,3,5,4,4,4,507,208,391
850,2,103,367,928,561,9,9,417,417,0,3.4037918240920386e-05,6.807583648184077e-05,406,453,47,5,5,5,5,1,376,756,694
851,18,18,621,621,0,48,48,649,649,0,0.0004084550188910446,0.0004084550188910446,678,678,0,-1,3,3,7,2,331,700,942
852,0,0,1,1,0,0,0,1,1,0,0.0,0.0,1,1,0,-1,-1,-1,3,0,883,951,966
853,6,6,477,477,0,8,8,444,444,0,0.0002042275094455223,0.0002042275094455223,579,579,0,-1,5,5,4,3,721,536,884
854,0,0,1,1,0,0,0,1,1,0,0.0,0.0,1,1,0,-1,-1,-1,5,0,347,812,436
855,5,107,522,958,436,4,4,416,416,0,0.0002042275094455223,0.0011913271384322134,591,842,251,4,5,5,2,3,913,236,397
856,0,101,1,944,943,0,3,1,332,331,0.0,0.00017018959120460194,1,558,557,5,-1,6,3,1,642,895,398
857,6,212,427,965,538,20,24,498,552,54,0.00010211375472276115,0.0007488342013002485,484,763,279,3,4,4,6,1,251,394,155
858,4,106,435,938,503,10,11,413,434,21,0.0,0.0005105687736138058,1,705,704,4,5,5,6,2,529,579,160
859,0,206,1,933,932,0,40,1,397,396,0.0,0.00030634126416828345,1,619,618,3,-1,4,21,0,74,643,637
860,72,173,899,970,71,22,22,816,816,0,0.0027911092957554717,0.002825147213996392,920,920,0,5,3,3,2,25,739,47,899
861,2,208,361,972,611,7,16,407,559,152,6.807583648184077e-05,0.0009190237925048504,446,796,350,3,5,4,4,1,945,771,127
862,6,622,397,993,596,23,60,396,576,180,3.4037918240920386e-05,0.0018380475850097008,403,878,475,2,4,3,13,2,129,495,304
863,0,101,1,912,911,0,6,1,329,328,0.0,3.4037918240920386e-05,1,397,396,5,-1,6,6,0,522,988,225
864,0,102,1,880,879,0,16,1,352,351,0.0,0.0,1,1,0,4,-1,5,15,0,138,520,419
865,1,103,333,943,610,2,4,333,399,66,0.0,0.0002382654276864427,1,612,611,4,6,5,2,1,761,788,722
866,0,0,1,1,0,0,0,1,1,0,0.0,0.0,1,1,0,-1,-1,-1,30,0,7,564,635
867,0,0,1,1,0,0,0,1,1,0,0.0,0.0,1,1,0,-1,-1,-1,3,0,535,978,668
868,0,102,1,924,923,0,8,1,406,405,0.0,0.0007488342013002485,1,768,767,4,-1,5,5,0,435,932,366
869,128,128,940,940,0,56,56,953,953,0,0.005616256509751864,0.005616256509751864,964,964,0,-1,2,2,2,18,909,82,865
870,0,0,1,1,0,0,0,1,1,0,0.0,0.0,1,1,0,-1,-1,-1,3,0,621,969,780
871,2,618,358,997,639,8,28,388,684,296,3.4037918240920386e-05,0.0013274788113958951,408,844,436,2,5,3,5,1,538,687,375
872,8,109,621,968,347,8,8,638,638,0,0.00037441710065012424,0.0004084550188910446,683,695,12,6,4,4,2,3,933,197,788
873,1,102,332,925,593,3,3,332,332,0,0.0,0.0,1,1,0,6,6,6,3,1,583,924,374
874,21,122,771,967,196,14,14,736,736,0,0.0008509479560230097,0.0008509479560230097,791,791,0,6,4,4,3,8,918,497,265
875,7,7,501,501,0,24,24,489,489,0,3.4037918240920386e-05,3.4037918240920386e-05,399,399,0,-1,4,4,8,2,282,599,825
876,0,101,1,964,963,0,3,1,330,329,0.0,3.4037918240920386e-05,1,393,392,6,-1,7,3,0,786,489,708
877,0,102,1,900,899,0,7,1,358,357,0.0,0.00010211375472276115,1,484,483,4,-1,5,6,0,98,982,350
878,28,644,667,993,326,54,68,571,660,89,0.00013615167296368154,0.002314578440382586,509,900,391,2,3,3,12,3,62,214,240
879,7,623,466,992,526,37,76,441,618,177,0.00013615167296368154,0.00176997174852786,514,870,356,2,4,3,13,3,165,631,15
880,254,460,979,991,12,38,38,877,877,0,0.00707988699411144,0.007352190340038803,973,973,0,3,3,3,3,54,726,19,450
881,7,109,535,939,404,12,12,518,518,0,3.4037918240920386e-05,0.0005105687736138058,400,712,312,4,4,4,4,3,603,373,366
882,12,12,477,477,0,60,60,482,482,0,6.807583648184077e-05,6.807583648184077e-05,433,433,0,-1,4,4,18,3,69,361,897
883,102,102,936,936,0,18,18,693,693,0,0.002552843868069029,0.002552843868069029,915,915,0,-1,4,4,3,34,564,89,980
884,32,238,745,965,220,36,36,657,657,0,0.0004084550188910446,0.0006126825283365669,670,739,69,3,4,4,6,7,630,150,132
885,14,116,701,967,266,12,12,745,745,0,0.00037441710065012424,0.000442492937131965,671,703,32,4,4,4,2,9,950,191,508
886,0,0,1,1,0,0,0,1,1,0,0.0,0.0,1,1,0,-1,-1,-1,4,0,544,426,953
887,82,698,841,994,153,98,102,776,806,30,0.00088498587426393,0.0016338200755641784,775,856,81,2,3,3,12,11,62,97,249
888,54,260,723,950,227,250,254,768,770,2,0.001157289220191293,0.0012594029749140542,819,824,5,3,3,3,35,6,20,377,188
889,16,118,618,928,310,32,32,697,697,0,0.00013615167296368154,0.00017018959120460194,523,545,22,4,3,3,5,1,665,720,361
890,512,512,999,999,0,46,46,976,976,0,0.01940161339732462,0.01940161339732462,996,996,0,-1,2,2,2,130,702,3,675
891,14,116,522,888,366,46,46,524,524,0,0.0002382654276864427,0.00030634126416828345,591,625,34,4,4,4,11,3,162,653,666
892,0,102,1,968,967,0,3,1,404,403,0.0,0.001055175465468532,1,822,821,4,-1,5,2,0,866,890,203
893,9,9,618,618,0,12,12,631,631,0,0.00034037918240920387,0.00034037918240920387,655,655,0,-1,4,4,2,6,625,392,782
894,8,8,569,569,0,8,8,522,522,0,0.00017018959120460194,0.00017018959120460194,544,544,0,-1,4,4,2,3,723,534,984
895,26,26,741,741,0,18,18,563,563,0,0.00034037918240920387,0.00034037918240920387,645,645,0,-1,4,4,5,7,574,422,872
896,28,644,733,996,263,20,30,553,702,149,0.0008169100377820892,0.008441403723748256,771,978,207,2,4,3,4,8,822,186,10
897,16,118,607,930,323,14,14,502,502,0,0.0002382654276864427,0.000442492937131965,595,691,96,4,4,4,3,4,725,210,677
898,190,396,938,981,43,150,150,864,864,0,0.0021784267674189047,0.002552843868069029,892,909,17,3,3,3,14,20,108,109,427
899,18,120,578,894,316,96,96,619,619,0,0.00010211375472276115,0.00010211375472276115,485,485,0,4,3,3,17,2,39,700,544
900,16,222,563,958,395,76,76,729,729,0,0.0006467204465774873,0.0013955546478777359,736,841,105,3,3,3,10,2,99,482,234
901,12,12,578,578,0,36,36,711,711,0,0.0006467204465774873,0.0006467204465774873,746,746,0,-1,4,4,6,4,582,312,784
902,11,113,558,909,351,15,15,509,509,0,0.00030634126416828345,0.00034037918240920387,626,643,17,4,4,4,4,4,547,208,392
903,2,208,362,966,604,5,18,376,560,184,0.0,0.0016678579938050988,1,865,864,3,5,4,3,2,837,292,44
904,0,0,1,1,0,0,0,1,1,0,0.0,0.0,1,1,0,-1,-1,-1,10,0,243,750,776
905,2,2,350,350,0,19,19,366,366,0,3.4037918240920386e-05,3.4037918240920386e-05,398,398,0,-1,5,5,15,1,81,924,846
906,0,102,1,939,938,0,3,1,364,363,0.0,0.00010211375472276115,1,491,490,4,-1,5,2,0,705,974,435
907,7,108,560,957,397,8,8,555,555,0,0.00030634126416828345,0.0005105687736138058,649,721,72,5,4,4,2,2,806,700,188
908,16,117,632,940,308,16,16,550,550,0,0.0002382654276864427,0.0002382654276864427,576,576,0,5,4,4,4,6,562,424,719
909,15,116,681,957,276,8,8,523,523,0,0.00010211375472276115,0.00013615167296368154,483,521,38,5,4,4,2,4,942,86,615
910,0,102,1,934,933,0,4,1,426,425,0.0,0.0007488342013002485,1,770,769,4,-1,5,2,0,739,565,179
911,0,206,1,960,959,0,28,1,497,496,0.0,0.0018720855032506212,1,873,872,3,-1,4,8,0,383,951,72
912,0,102,1,925,924,0,6,1,406,405,0.0,0.0004084550188910446,1,677,676,4,-1,5,3,0,869,701,52
913,14,116,571,924,353,30,30,551,551,0,0.00010211375472276115,0.0002382654276864427,471,594,123,4,4,4,7,5,361,362,625
914,7,108,582,961,379,8,8,566,566,0,0.00013615167296368154,0.0004084550188910446,523,686,163,5,4,4,2,2,666,697,427
915,6,6,409,409,0,25,25,449,449,0,0.0,0.0,1,1,0,-1,4,4,9,1,140,506,953
916,0,0,1,1,0,0,0,1,1,0,0.0,0.0,1,1,0,-1,-1,-1,4,0,675,980,995
917,2,208,363,967,604,6,18,395,565,170,3.4037918240920386e-05,0.0018720855032506212,404,880,476,3,5,4,3,1,634,238,104
918,22,22,590,590,0,96,96,585,585,0,0.0002382654276864427,0.0002382654276864427,577,577,0,-1,3,3,19,3,19,121,920
919,0,0,1,1,0,0,0,1,1,0,0.0,0.0,1,1,0,-1,-1,-1,4,0,384,644,988
920,80,286,888,980,92,38,38,852,852,0,0.0014636304843595766,0.003165526396405596,859,930,71,3,3,3,3,17,703,180,85
921,18,634,604,992,388,78,92,705,761,56,0.00013615167296368154,0.0018040096667687805,521,873,352,2,3,3,11,2,220,323,180
922,0,101,1,979,978,0,2,1,328,327,0.0,3.4037918240920386e-05,1,405,404,6,-1,7,2,0,952,608,321
923,123,739,906,997,91,94,94,820,820,0,0.0014295925661186562,0.002484768031587188,846,906,60,2,3,3,9,15,192,92,103
924,3,209,421,968,547,11,20,420,517,97,3.4037918240920386e-05,0.0007147962830593281,399,774,375,3,5,4,6,3,522,631,293
925,22,123,641,914,273,70,70,737,737,0,0.00030634126416828345,0.00030634126416828345,635,635,0,5,3,3,9,2,147,634,357
926,1,207,333,949,616,14,39,333,474,141,0.0,0.0002723033459273631,1,608,607,3,6,4,14,2,47,331,187
927,513,513,996,996,0,32,32,900,900,0,0.014534191088873005,0.014534191088873005,993,993,0,-1,3,3,2,118,589,37,997
928,6,107,465,939,474,12,12,518,518,0,0.00017018959120460194,0.00017018959120460194,543,543,0,5,4,4,4,1,603,110,495
929,1,1,333,333,0,3,3,333,333,0,0.0,0.0,1,1,0,-1,6,6,3,1,862,765,923
930,742,844,999,999,0,72,72,974,974,0,0.01844855168657885,0.018822968787228972,995,996,1,4,2,2,3,130,490,3,136
931,4,210,460,980,520,5,14,410,626,216,0.00010211375472276115,0.0028932230504782326,485,914,429,3,5,4,3,2,856,791,51
932,6,107,412,896,484,36,36,505,505,0,0.00013615167296368154,0.0002042275094455223,509,570,61,5,4,4,10,1,149,394,853
933,0,101,1,859,858,0,33,1,332,331,0.0,0.0,1,1,0,7,-1,8,33,0,9,778,626
934,0,102,1,887,886,0,10,1,350,349,0.0,0.00010211375472276115,1,480,479,4,-1,5,9,0,191,856,401
935,4,106,407,903,496,8,8,398,398,0,0.00010211375472276115,0.00010211375472276115,472,472,0,4,5,5,4,5,493,231,560
936,110,212,893,958,65,120,120,889,889,0,0.001497668402600497,0.0016678579938050988,843,862,19,4,3,3,10,17,75,60,311
937,0,102,1,929,928,0,7,1,382,381,0.0,0.0002042275094455223,1,575,574,4,-1,5,5,0,685,372,645
938,20,20,770,770,0,12,12,721,721,0,0.0005786446100956465,0.0005786446100956465,736,736,0,-1,4,4,2,13,666,217,789
939,9,9,608,608,0,8,8,528,528,0,0.0004765308553728854,0.0004765308553728854,695,695,0,-1,4,4,2,3,618,507,735
940,28,129,787,954,167,10,10,533,533,0,0.0006126825283365669,0.0006126825283365669,745,745,0,5,4,4,3,10,899,413,878
941,2,103,346,879,533,21,21,367,367,0,3.4037918240920386e-05,3.4037918240920386e-05,392,392,0,5,5,5,15,1,51,781,344
942,170,370,978,997,19,32,32,952,952,0,0.01143674052894925,0.01320671227747711,985,988,3,3,3,3,2,49,878,31,13
943,2,103,350,881,531,12,12,367,367,0,0.0,0.0,1,1,0,5,5,5,9,2,101,764,861
944,0,101,1,921,920,0,5,1,332,331,0.0,0.0,1,1,0,5,-1,6,5,0,551,858,935
945,6,6,395,395,0,25,25,421,421,0,3.4037918240920386e-05,3.4037918240920386e-05,400,400,0,-1,4,4,11,2,360,419,991
946,0,101,1,883,882,0,10,1,331,330,0.0,0.0,1,1,0,6,-1,7,10,0,205,774,671
947,0,0,1,1,0,0,0,1,1,0,0.0,0.0,1,1,0,-1,-1,-1,3,3,530,753,860
948,6,622,400,992,592,26,44,459,602,143,3.4037918240920386e-05,0.0007828721195411688,401,758,357,2,4,3,9,2,306,419,381
949,21,123,741,952,211,18,18,668,668,0,0.00017018959120460194,0.00017018959120460194,551,551,0,4,4,4,3,8,814,302,544
950,40,141,814,951,137,22,22,722,722,0,0.0012594029749140542,0.0012594029749140542,843,843,0,5,3,3,2,4,909,40,734
951,89,289,884,976,92,40,40,743,743,0,0.0012594029749140542,0.00176997174852786,836,868,32,3,3,3,5,18,537,147,29
952,588,588,999,999,0,56,56,984,984,0,0.020354675108070392,0.020354675108070392,996,996,0,-1,2,2,2,127,948,11,962
953,150,150,924,924,0,108,108,891,891,0,0.0026209197045508697,0.0026209197045508697,909,909,0,-1,3,3,8,22,370,128,568
954,87,87,898,898,0,28,28,737,737,0,0.001055175465468532,0.001055175465468532,829,829,0,-1,3,3,3,17,737,79,852
955,29,29,714,714,0,38,38,620,620,0,0.000442492937131965,0.000442492937131965,695,695,0,-1,4,4,7,8,714,177,786
956,63,165,860,951,91,56,56,814,814,0,0.0014295925661186562,0.001497668402600497,856,857,1,4,3,3,6,15,526,137,714
957,0,0,1,1,0,0,0,1,1,0,0.0,0.0,1,1,0,-1,-1,-1,4,1,593,428,940
958,124,330,910,975,65,168,168,927,927,0,0.002382654276864427,0.0026889955410327104,897,908,11,3,2,2,15,15,110,62,545
959,10,111,648,963,315,8,8,572,572,0,0.00013615167296368154,0.00013615167296368154,523,523,0,8,4,4,2,4,799,557,857
960,6,6,439,439,0,16,16,527,527,0,0.0002382654276864427,0.0002382654276864427,585,585,0,-1,4,4,4,1,921,891,950
961,8,109,620,969,349,8,8,609,609,0,0.0002382654276864427,0.0004765308553728854,616,733,117,5,4,4,2,3,873,496,197
962,19,225,632,963,331,36,36,567,567,0,0.00034037918240920387,0.0005446066918547262,650,727,77,3,4,4,8,7,282,427,233
963,28,28,737,737,0,24,24,708,708,0,0.0002382654276864427,0.0002382654276864427,601,601,0,-1,3,3,3,5,471,636,867
964,2,2,361,361,0,5,5,361,361,0,0.0,0.0,1,1,0,-1,5,5,4,3,500,460,429
965,0,101,1,892,891,0,10,1,331,330,0.0,0.0,1,1,0,5,-1,6,10,0,153,944,364
966,6,6,419,419,0,22,22,482,482,0,6.807583648184077e-05,6.807583648184077e-05,448,448,0,-1,4,4,8,1,488,265,978
967,51,153,854,959,105,50,50,856,856,0,0.0006467204465774873,0.0007828721195411688,752,778,26,4,3,3,5,11,602,83,727
968,0,0,1,1,0,0,0,1,1,0,0.0,0.0,1,1,0,-1,-1,-1,5,0,247,865,825
969,1,102,333,881,548,11,11,333,333,0,0.0,0.0,1,1,0,5,9,6,11,1,279,647,893
970,6,108,478,942,464,12,12,580,580,0,0.0002042275094455223,0.00037441710065012424,577,681,104,4,4,4,2,1,586,420,741
971,2,618,353,996,643,13,54,406,788,382,3.4037918240920386e-05,0.00445896728956057,392,947,555,2,5,3,7,1,207,322,28
972,0,102,1,913,912,0,6,1,374,373,0.0,6.807583648184077e-05,1,448,447,4,-1,5,4,0,711,769,499
973,0,206,1,972,971,0,12,1,454,453,0.0,0.0006807583648184077,1,759,758,3,-1,4,4,0,558,665,186
974,16,222,557,955,398,60,60,623,623,0,0.0002723033459273631,0.0005105687736138058,607,696,89,3,3,3,11,1,220,556,107
975,6,107,438,923,485,12,12,480,480,0,0.0002042275094455223,0.00037441710065012424,569,673,104,5,4,4,4,2,280,313,464
976,34,34,762,762,0,34,34,762,762,0,0.0012594029749140542,0.0012594029749140542,843,843,0,-1,3,3,4,6,711,377,961
977,168,374,955,988,33,64,64,928,928,0,0.00442492937131965,0.006501242384015794,955,969,14,3,3,3,4,30,762,39,85
978,0,0,1,1,0,0,0,1,1,0,0.0,0.0,1,1,0,-1,-1,-1,7,0,417,723,930
979,232,333,970,980,10,96,96,937,937,0,0.004322815616596889,0.004322815616596889,951,951,0,5,3,3,6,48,387,56,964
980,21,227,659,962,303,42,42,627,627,0,0.00034037918240920387,0.0007488342013002485,654,767,113,3,3,3,8,5,260,124,197
981,0,616,1,992,991,0,52,1,717,716,0.0,0.0024507301133462676,1,908,907,2,-1,3,8,0,508,794,43
982,14,220,665,979,314,12,12,608,608,0,0.0005446066918547262,0.002110350930937064,719,901,182,3,4,4,2,4,924,288,297
983,15,116,616,922,306,18,18,643,643,0,0.00037441710065012424,0.0004084550188910446,670,683,13,5,4,4,3,4,471,504,581
984,0,206,1,958,957,0,17,1,442,441,0.0,0.0011232513019503727,1,820,819,3,-1,4,7,0,196,624,49
985,539,745,989,996,7,168,168,980,980,0,0.010415602981721638,0.017869907076483203,977,993,16,3,2,2,9,78,202,9,1
986,3,209,416,968,552,9,22,402,545,143,0.0,0.001497668402600497,1,862,861,3,5,4,5,2,665,364,183
987,0,0,1,1,0,0,0,1,1,0,0.0,0.0,1,1,0,-1,-1,-1,7,0,346,960,941
988,0,206,1,953,952,0,19,1,406,405,0.0,0.00017018959120460194,1,535,534,3,-1,4,10,0,75,678,617
989,21,21,735,735,0,34,34,917,917,0,0.0009870996289866913,0.0009870996289866913,817,817,0,-1,3,3,3,7,823,371,359
990,6,108,457,924,467,8,8,464,464,0,6.807583648184077e-05,0.0006807583648184077,449,749,300,4,4,4,2,2,909,509,130
991,58,160,885,970,85,46,46,977,977,0,0.007454304094761564,0.007692569522448007,971,974,3,4,2,2,2,10,960,272,253
992,33,33,706,706,0,94,94,715,715,0,0.00030634126416828345,0.00030634126416828345,624,624,0,-1,3,3,13,3,67,291,786
993,16,16,508,508,0,108,108,606,606,0,6.807583648184077e-05,6.807583648184077e-05,428,428,0,-1,3,3,22,2,33,544,787
994,8,8,572,572,0,8,8,519,519,0,0.00013615167296368154,0.00013615167296368154,537,537,0,-1,4,4,2,6,919,406,976
995,17,223,676,977,301,16,16,561,561,0,0.0002042275094455223,0.0004765308553728854,576,711,135,3,4,4,4,6,682,486,328
996,100,306,886,974,88,56,56,797,797,0,0.0014636304843595766,0.006467204465774873,858,967,109,3,3,3,6,15,473,92,6
997,1,1641,333,1000,667,7,68,333,870,537,0.0,0.0176997174852786,1,990,989,1,6,2,7,1,305,540,5
998,0,616,1,989,988,0,92,1,565,564,0.0,0.001940161339732462,1,875,874,2,-1,3,19,0,31,914,304
999,0,102,1,903,902,0,10,1,383,382,0.0,0.00013615167296368154,1,513,512,4,-1,5,6,0,624,868,628
