,FreeNet_pre_score,FreeNet_post_score,FreeNet_pre_rank,FreeNet_post_rank,FreeNet_delta_ranks,Reversed_pre_score,Reversed_post_score,Reversed_pre_rank,Reversed_post_rank,Reversed_delta_ranks,Random_pre_score,Random_post_score,Random_pre_rank,Random_post_rank,Random_delta_ranks,dist_victim_relayer,dist_victim_vilain_pre,dist_victim_vilain_post,out_deg_victim,in_deg_villain,victim,villain,relayer
0,6,6,401,401,0,26,26,415,415,0,6.807583648184077e-05,6.807583648184077e-05,448,448,0,-1,4,4,13,2,242,509,860
1,12,628,549,994,445,24,46,521,724,203,0.0002042275094455223,0.00616086320160659,574,970,396,2,4,3,6,2,255,425,6
2,28,234,796,982,186,22,22,820,820,0,0.000442492937131965,0.0020763130126961434,699,898,199,3,3,3,2,3,232,318,73
3,72,174,899,970,71,18,18,693,693,0,0.0013274788113958951,0.0016678579938050988,851,872,21,4,4,4,3,17,564,96,343
4,6,108,422,911,489,32,32,597,597,0,0.00017018959120460194,0.00017018959120460194,545,545,0,4,4,4,8,2,442,223,924
5,0,206,1,958,957,0,33,1,543,542,0.0,0.0018040096667687805,1,869,868,3,-1,4,9,0,168,502,72
6,66,66,840,840,0,78,78,836,836,0,0.0020422750944552232,0.0020422750944552232,884,884,0,-1,2,2,8,8,508,386,514
7,0,206,1,985,984,0,10,1,591,590,0.0,0.001055175465468532,1,817,816,3,-1,4,3,0,853,769,143
8,2,2,359,359,0,4,4,360,360,0,3.4037918240920386e-05,3.4037918240920386e-05,404,404,0,-1,5,5,3,2,930,679,876
9,2,103,364,929,565,4,4,406,406,0,0.0,3.4037918240920386e-05,1,400,399,5,5,5,2,1,750,807,430
10,282,488,968,982,14,162,162,933,933,0,0.004799346471969774,0.006569318220497634,956,970,14,3,3,3,12,36,87,48,98
11,0,206,1,962,961,0,16,1,507,506,0.0,0.0012934408931549745,1,848,847,3,-1,4,4,0,300,982,109
12,0,101,1,892,891,0,8,1,332,331,0.0,0.00010211375472276115,1,478,477,5,-1,6,8,0,325,819,755
13,0,206,1,972,971,0,8,1,472,471,0.0,0.001157289220191293,1,837,836,3,-1,4,2,0,828,349,227
14,6,108,405,899,494,21,22,411,413,2,0.0,0.00010211375472276115,1,477,476,4,4,4,10,2,254,842,670
15,11,11,647,647,0,9,9,534,534,0,0.00017018959120460194,0.00017018959120460194,551,551,0,-1,4,4,3,5,796,562,705
16,0,206,1,957,956,0,30,1,482,481,0.0,0.001497668402600497,1,853,852,3,-1,4,9,0,276,674,146
17,56,157,944,989,45,22,22,957,957,0,0.003778208924742163,0.003982436434187685,943,950,7,5,3,3,2,20,775,38,795
18,0,206,1,952,951,0,34,1,501,500,0.0,0.00034037918240920387,1,643,642,3,-1,4,9,0,269,774,114
19,0,616,1,997,996,0,34,1,761,760,0.0,0.005071649817897137,1,961,960,2,-1,3,4,3,711,348,25
20,180,180,940,940,0,174,174,911,911,0,0.0026889955410327104,0.0026889955410327104,915,915,0,-1,3,3,14,20,21,94,937
21,0,206,1,942,941,0,55,1,456,455,0.0,6.807583648184077e-05,1,430,429,3,-1,4,20,0,70,839,541
22,0,0,1,1,0,0,0,1,1,0,0.0,0.0,1,1,0,-1,-1,-1,12,0,52,927,733
23,2,2,365,365,0,6,6,367,367,0,0.0,0.0,1,1,0,-1,5,5,5,1,695,763,980
24,0,206,1,953,952,0,29,1,444,443,0.0,0.000442492937131965,1,684,683,3,-1,4,11,0,139,855,177
25,90,192,894,966,72,54,54,899,899,0,0.0020082371762143027,0.0020082371762143027,887,887,0,4,3,3,4,15,675,53,225
26,0,0,1,1,0,0,0,1,1,0,0.0,0.0,1,1,0,-1,-1,-1,2,1,968,962,907
27,30,646,763,997,234,24,34,694,787,93,0.0009870996289866913,0.0033016780693692774,816,933,117,2,4,3,4,5,885,403,382
28,14,630,502,990,488,45,92,472,658,186,0.00013615167296368154,0.0029612988869600733,498,913,415,2,4,3,16,3,134,485,105
29,8,624,502,994,492,19,38,441,606,165,6.807583648184077e-05,0.002484768031587188,452,903,451,2,4,3,8,3,365,196,87
30,60,266,887,987,100,28,28,849,849,0,0.0018720855032506212,0.002110350930937064,886,897,11,3,3,3,3,13,523,183,222
31,88,190,923,975,52,42,42,976,976,0,0.004833384390210695,0.005956635692161067,962,969,7,4,2,2,2,18,283,54,120
32,0,101,1,881,880,0,13,1,331,330,0.0,0.0,1,1,0,6,-1,7,13,0,67,574,437
33,18,634,601,992,391,34,35,475,479,4,0.00010211375472276115,0.0008509479560230097,474,776,302,2,3,3,12,2,187,602,486
34,9,111,527,910,383,12,12,430,430,0,3.4037918240920386e-05,3.4037918240920386e-05,392,392,0,4,4,4,4,3,493,526,552
35,6,212,388,946,558,32,44,435,486,51,6.807583648184077e-05,0.0007147962830593281,443,754,311,3,4,4,14,1,108,899,340
36,161,161,957,957,0,58,58,937,937,0,0.0032336022328874367,0.0032336022328874367,927,927,0,-1,2,2,4,30,783,65,488
37,20,636,731,999,268,12,22,712,837,125,0.0006126825283365669,0.003608019333537561,745,942,197,2,4,3,2,7,988,169,42
38,67,169,874,964,90,40,40,863,863,0,0.0012594029749140542,0.001497668402600497,840,856,16,4,3,3,4,15,573,62,191
39,0,206,1,946,945,0,62,1,532,531,0.0,0.0014295925661186562,1,842,841,3,-1,4,15,0,107,950,157
40,1,102,333,893,560,6,6,333,333,0,6.807583648184077e-05,0.00013615167296368154,450,525,75,5,6,6,6,3,432,708,646
41,16,118,661,945,284,12,12,597,597,0,0.0002042275094455223,0.0006807583648184077,575,760,185,4,4,4,2,4,972,259,470
42,38,38,842,842,0,18,18,800,800,0,0.0009530617107457708,0.0009530617107457708,817,817,0,-1,3,3,2,11,896,193,916
43,58,160,879,970,91,12,12,712,712,0,0.001599782157323258,0.0016678579938050988,861,869,8,4,4,4,2,19,988,144,461
44,89,89,870,870,0,78,78,807,807,0,0.0010211375472276116,0.0010211375472276116,805,805,0,-1,3,3,8,15,428,219,488
45,0,102,1,905,904,0,7,1,372,371,0.0,0.0002042275094455223,1,560,559,4,-1,5,5,0,501,372,282
46,10,112,546,923,377,16,16,513,513,0,0.00017018959120460194,0.0002042275094455223,545,572,27,4,4,4,4,3,632,704,444
47,5,5,462,462,0,6,6,435,435,0,0.0002042275094455223,0.0002042275094455223,569,569,0,-1,5,5,3,3,676,536,629
48,156,258,962,983,21,38,38,914,914,0,0.0042547397801150485,0.00442492937131965,952,953,1,4,3,3,3,30,628,75,427
49,10,112,576,927,351,18,18,533,533,0,0.00030634126416828345,0.00030634126416828345,635,635,0,4,4,4,5,6,452,247,597
50,0,0,1,1,0,0,0,1,1,0,0.0,0.0,1,1,0,-1,-1,-1,3,0,864,651,742
51,0,102,1,931,930,0,7,1,399,398,0.0,0.00017018959120460194,1,556,555,4,-1,5,4,0,617,812,396
52,178,178,952,952,0,86,86,925,925,0,0.0037441710065012424,0.0037441710065012424,941,941,0,-1,3,3,6,30,536,39,455
53,0,206,1,949,948,0,28,1,409,408,0.0,0.0002382654276864427,1,589,588,3,-1,4,13,0,41,276,683
54,0,616,1,992,991,0,36,1,650,649,0.0,0.001940161339732462,1,883,882,2,-1,3,5,0,238,898,137
55,32,133,715,919,204,52,52,650,650,0,0.0005105687736138058,0.0005105687736138058,715,715,0,5,3,3,9,6,803,516,601
56,1,207,333,949,616,14,39,333,462,129,0.0,0.0006807583648184077,1,738,737,3,6,4,14,1,21,893,366
57,0,0,1,1,0,0,0,1,1,0,0.0,0.0,1,1,0,-1,-1,-1,9,0,351,987,819
58,103,719,934,999,65,38,38,879,879,0,0.0022465026039007454,0.004050512270669526,902,950,48,2,3,3,3,23,791,117,221
59,0,102,1,944,943,0,3,1,369,368,0.0,0.0002382654276864427,1,612,611,4,-1,5,2,0,947,798,167
60,26,127,753,946,193,30,30,759,759,0,0.0005786446100956465,0.0006467204465774873,729,744,15,5,3,3,4,8,611,302,680
61,3,209,395,957,562,17,21,397,433,36,0.00013615167296368154,0.0005786446100956465,509,733,224,3,5,4,9,3,263,631,279
62,0,102,1,874,873,0,13,1,350,349,0.0,3.4037918240920386e-05,1,405,404,4,-1,5,12,1,96,650,518
63,2,104,395,962,567,3,4,404,454,50,0.0,0.0006807583648184077,1,767,766,4,5,5,2,1,481,639,535
64,0,206,1,949,948,0,23,1,402,401,0.0,0.00013615167296368154,1,511,510,3,-1,4,12,0,194,992,479
65,0,101,1,898,897,0,8,1,329,328,0.0,0.0,1,1,0,7,-1,8,8,0,443,952,582
66,105,207,948,977,29,22,22,822,822,0,0.0028591851322373124,0.003437829742332959,932,936,4,4,3,3,2,28,975,44,195
67,20,122,663,931,268,22,22,538,538,0,0.00010211375472276115,0.00010211375472276115,491,491,0,4,4,4,5,4,501,504,692
68,42,658,761,995,234,90,100,774,818,44,0.0006467204465774873,0.0015657442390823377,747,854,107,2,3,3,12,6,375,494,642
69,6,6,611,611,0,7,7,676,676,0,0.00010211375472276115,0.00010211375472276115,496,496,0,-1,4,4,2,1,944,862,775
70,0,206,1,973,972,0,13,1,479,478,0.0,0.00088498587426393,1,796,795,3,-1,4,5,0,663,982,497
71,28,644,724,997,273,32,42,648,733,85,0.0009190237925048504,0.003880322679464924,795,945,150,2,4,3,6,7,451,150,109
72,302,404,984,993,9,88,88,989,989,0,0.00970080669866231,0.00976888253514415,984,984,0,4,2,2,4,62,491,70,152
73,0,206,1,949,948,0,34,1,494,493,0.0,0.0010892133837094523,1,811,810,3,-1,4,9,0,100,933,277
74,2,2,349,349,0,23,23,372,372,0,0.0,0.0,1,1,0,-1,5,5,17,1,73,763,846
75,2,208,355,952,597,12,23,361,422,61,0.0,0.0006126825283365669,1,722,721,3,5,4,10,1,254,593,216
76,0,102,1,902,901,0,11,1,393,392,0.0,6.807583648184077e-05,1,453,452,4,-1,5,7,0,722,981,586
77,0,0,1,1,0,0,0,1,1,0,0.0,0.0,1,1,0,-1,-1,-1,9,1,803,830,571
78,24,126,680,920,240,88,88,843,843,0,0.0014636304843595766,0.0015317063208414173,843,851,8,4,3,3,8,3,225,642,477
79,0,102,1,943,942,0,4,1,426,425,0.0,0.00010211375472276115,1,491,490,4,-1,5,2,0,896,773,202
80,2,103,403,971,568,3,3,420,420,0,0.0,0.0002382654276864427,1,620,619,5,5,5,2,2,941,495,341
81,0,206,1,969,968,0,11,1,445,444,0.0,0.00030634126416828345,1,631,630,3,-1,4,5,0,326,906,188
82,64,1704,787,1000,213,258,292,886,930,44,0.0009190237925048504,0.00616086320160659,773,958,185,1,2,2,23,7,43,224,363
83,0,101,1,918,917,0,4,1,331,330,0.0,3.4037918240920386e-05,1,400,399,5,-1,6,4,0,969,833,885
84,6,6,446,446,0,24,24,550,550,0,0.000442492937131965,0.000442492937131965,692,692,0,-1,4,4,6,1,465,500,877
85,106,208,892,958,66,126,126,934,934,0,0.0014636304843595766,0.0015317063208414173,849,849,0,4,2,2,11,12,248,155,662
86,9,9,566,566,0,12,12,490,490,0,0.00017018959120460194,0.00017018959120460194,544,544,0,-1,4,4,4,3,563,214,850
87,0,102,1,938,937,0,6,1,452,451,0.0,0.0008509479560230097,1,787,786,4,-1,5,3,0,871,825,118
88,16,16,510,510,0,174,174,782,782,0,0.00034037918240920387,0.00034037918240920387,625,625,0,-1,3,3,22,1,55,480,953
89,16,16,525,525,0,72,72,560,560,0,0.00017018959120460194,0.00017018959120460194,533,533,0,-1,3,3,17,1,210,420,850
90,0,206,1,950,949,0,39,1,475,474,0.0,0.0007828721195411688,1,754,753,3,-1,4,12,0,87,867,193
91,1,103,333,930,597,4,5,333,369,36,6.807583648184077e-05,6.807583648184077e-05,440,441,1,4,6,5,4,1,507,593,749
92,17,119,700,953,253,12,12,608,608,0,0.00034037918240920387,0.0007147962830593281,651,770,119,4,4,4,2,6,713,4,165
93,0,206,1,973,972,0,14,1,576,575,0.0,0.0007488342013002485,1,763,762,3,-1,4,3,0,912,928,224
94,1,1,332,332,0,2,2,332,332,0,3.4037918240920386e-05,3.4037918240920386e-05,412,412,0,-1,6,6,2,2,897,357,388
95,149,765,904,992,88,244,254,926,938,12,0.0026889955410327104,0.003914360597705844,906,941,35,2,3,3,19,20,11,87,62
96,8,214,494,954,460,32,52,489,624,135,3.4037918240920386e-05,0.003199564314646516,393,925,532,3,4,4,10,2,169,724,75
97,24,230,659,958,299,58,58,635,635,0,0.00013615167296368154,0.00037441710065012424,507,656,149,3,3,3,10,3,82,301,468
98,22,228,652,966,314,40,44,601,619,18,0.0002723033459273631,0.0004084550188910446,597,666,69,3,3,3,9,2,395,680,406
99,0,102,1,879,878,0,14,1,353,352,0.0,0.0,1,1,0,4,-1,5,13,1,113,705,419
100,7,108,512,914,402,36,36,696,696,0,0.0002382654276864427,0.0002382654276864427,579,579,0,6,4,4,6,3,575,354,861
101,6,108,415,903,488,18,18,481,481,0,3.4037918240920386e-05,6.807583648184077e-05,404,444,40,4,4,4,5,1,546,862,364
102,0,206,1,979,978,0,8,1,518,517,0.0,0.0009530617107457708,1,809,808,3,-1,4,2,0,802,969,226
103,0,0,1,1,0,0,0,1,1,0,0.0,0.0,1,1,0,-1,-1,-1,7,0,482,923,696
104,36,138,741,917,176,62,62,729,729,0,0.0006126825283365669,0.0007147962830593281,738,755,17,4,3,3,7,7,296,224,579
105,0,102,1,887,886,0,11,1,352,351,0.0,3.4037918240920386e-05,1,396,395,4,-1,5,10,1,437,835,931
106,30,30,728,728,0,48,48,711,711,0,0.0004084550188910446,0.0004084550188910446,680,680,0,-1,3,3,7,5,413,165,828
107,34,34,781,781,0,50,50,851,851,0,0.0013274788113958951,0.0013274788113958951,842,842,0,-1,3,3,5,4,386,281,986
108,0,0,1,1,0,0,0,1,1,0,0.0,0.0,1,1,0,-1,-1,-1,4,0,572,696,990
109,64,64,869,869,0,28,28,780,780,0,0.0017018959120460194,0.0017018959120460194,871,871,0,-1,3,3,3,15,588,36,953
110,6,622,386,991,605,77,114,526,651,125,0.00010211375472276115,0.0016338200755641784,472,863,391,2,4,3,19,1,46,904,269
111,18,119,716,954,238,8,8,523,523,0,0.00088498587426393,0.0009190237925048504,804,811,7,5,4,4,2,5,906,403,623
112,0,102,1,924,923,0,7,1,394,393,0.0,0.0002723033459273631,1,625,624,4,-1,5,5,0,629,632,176
113,4,210,455,976,521,6,10,454,524,70,0.00013615167296368154,0.0024166921951053475,513,914,401,3,5,4,3,5,888,395,48
114,34,136,755,938,183,44,44,692,692,0,0.0005786446100956465,0.0007488342013002485,727,768,41,4,3,3,7,4,361,246,454
115,29,29,804,804,0,18,18,730,730,0,0.0013615167296368155,0.0013615167296368155,855,855,0,-1,4,4,3,9,888,414,910
116,37,243,799,973,174,32,32,711,711,0,0.0006807583648184077,0.0015657442390823377,750,869,119,3,3,3,5,9,766,240,185
117,16,222,516,954,438,45,92,446,619,173,0.00037441710065012424,0.0018720855032506212,651,879,228,3,3,3,17,1,23,687,96
118,22,124,741,955,214,18,18,788,788,0,0.0004084550188910446,0.0007147962830593281,681,768,87,4,3,3,2,2,980,827,258
119,1,103,333,948,615,3,5,333,411,78,0.0,0.0004765308553728854,1,712,711,4,7,5,3,2,718,448,381
120,40,141,728,912,184,96,96,740,740,0,0.0009870996289866913,0.0009870996289866913,790,790,0,5,2,2,12,2,175,532,721
121,0,0,1,1,0,0,0,1,1,0,0.0,0.0,1,1,0,-1,-1,-1,5,0,528,917,908
122,0,101,1,964,963,0,2,1,330,329,0.0,6.807583648184077e-05,1,459,458,5,-1,6,2,1,865,767,755
123,0,101,1,956,955,0,2,1,331,330,0.0,0.0,1,1,0,5,-1,6,2,0,890,887,558
124,0,101,1,962,961,0,3,1,331,330,0.0,0.0002042275094455223,1,594,593,5,-1,6,3,0,812,436,541
125,0,206,1,965,964,0,17,1,511,510,0.0,0.00037441710065012424,1,664,663,3,-1,4,5,0,338,367,341
126,62,62,859,859,0,30,30,676,676,0,0.0013955546478777359,0.0013955546478777359,851,851,0,-1,4,4,5,18,604,148,834
127,22,22,781,781,0,14,14,665,665,0,0.00037441710065012424,0.00037441710065012424,678,678,0,-1,4,4,3,9,608,154,838
128,2,2,356,356,0,8,8,392,392,0,3.4037918240920386e-05,3.4037918240920386e-05,400,400,0,-1,5,5,5,2,524,597,930
129,0,0,1,1,0,0,0,1,1,0,0.0,0.0,1,1,0,-1,-1,-1,4,1,860,472,965
130,0,102,1,925,924,0,7,1,399,398,0.0,0.0006807583648184077,1,758,757,4,-1,5,4,0,424,678,390
131,18,224,611,962,351,48,48,616,616,0,0.0002723033459273631,0.0009190237925048504,610,796,186,3,4,4,8,3,231,378,195
132,10,112,487,882,395,64,64,550,550,0,0.00030634126416828345,0.00037441710065012424,626,658,32,4,4,4,16,4,72,287,196
133,9,9,578,578,0,24,24,681,681,0,0.0007147962830593281,0.0007147962830593281,767,767,0,-1,4,4,4,5,619,355,644
134,145,145,946,946,0,50,50,850,850,0,0.0034718676605738795,0.0034718676605738795,933,933,0,-1,3,3,5,30,457,65,874
135,0,206,1,954,953,0,27,1,412,411,0.0,0.0004084550188910446,1,662,661,3,-1,4,12,0,348,978,167
136,0,101,1,908,907,0,5,1,332,331,0.0,3.4037918240920386e-05,1,413,412,5,-1,6,5,0,479,205,743
137,18,224,668,971,303,22,22,564,564,0,0.0002042275094455223,0.0007488342013002485,580,764,184,3,4,4,5,6,766,447,382
138,8,110,495,900,405,18,18,435,435,0,3.4037918240920386e-05,0.00013615167296368154,405,513,108,4,4,4,7,3,193,585,341
139,14,116,562,907,345,32,32,539,539,0,0.00013615167296368154,0.0005786446100956465,509,723,214,4,4,4,8,3,415,704,805
140,178,279,967,982,15,54,54,946,946,0,0.0042547397801150485,0.004322815616596889,946,946,0,5,3,3,4,28,610,41,799
141,12,12,593,593,0,22,22,594,594,0,0.00017018959120460194,0.00017018959120460194,547,547,0,-1,4,4,5,2,848,770,774
142,38,140,747,913,166,74,74,758,758,0,0.0010211375472276116,0.001157289220191293,812,823,11,4,3,3,9,9,263,145,410
143,9,625,584,998,414,10,26,485,781,296,3.4037918240920386e-05,0.003437829742332959,405,929,524,2,4,3,4,3,679,534,98
144,0,0,1,1,0,0,0,1,1,0,0.0,0.0,1,1,0,-1,-1,-1,5,1,377,738,923
145,156,156,965,965,0,34,34,817,817,0,0.003642057251778481,0.003642057251778481,941,941,0,-1,3,3,4,36,511,48,254
146,1,1,333,333,0,19,19,333,333,0,0.0,0.0,1,1,0,-1,6,6,19,1,48,893,892
147,0,0,1,1,0,0,0,1,1,0,0.0,0.0,1,1,0,-1,-1,-1,10,0,256,793,587
148,10,112,606,945,339,9,10,501,536,35,0.0002042275094455223,0.000442492937131965,580,705,125,4,4,4,3,3,961,677,622
149,8,624,561,998,437,12,26,533,786,253,0.00017018959120460194,0.002723033459273631,546,919,373,2,4,3,4,3,827,263,82
150,29,235,813,984,171,12,12,670,670,0,0.001497668402600497,0.0019061234214915416,866,888,22,3,4,4,2,13,946,335,700
151,9,111,567,927,360,18,18,614,614,0,0.0002723033459273631,0.00034037918240920387,614,652,38,4,4,4,3,5,743,619,528
152,16,222,562,958,396,44,60,577,666,89,0.00034037918240920387,0.0031314884781646754,646,926,280,3,3,3,9,1,287,500,75
153,0,0,1,1,0,0,0,1,1,0,0.0,0.0,1,1,0,-1,-1,-1,3,0,845,801,949
154,2,208,366,970,604,5,12,366,488,122,6.807583648184077e-05,0.0005105687736138058,439,702,263,3,5,4,4,2,578,692,184
155,12,114,596,938,342,28,28,652,652,0,0.0002723033459273631,0.00037441710065012424,617,659,42,4,4,4,6,3,661,361,420
156,0,0,1,1,0,0,0,1,1,0,0.0,0.0,1,1,0,-1,-1,-1,4,1,540,456,752
157,9,9,526,526,0,36,36,571,571,0,0.00010211375472276115,0.00010211375472276115,476,476,0,-1,4,4,8,4,380,220,276
158,87,189,857,946,89,96,96,834,834,0,0.002280540522141666,0.002280540522141666,889,889,0,4,2,2,10,8,109,284,598
159,56,56,799,799,0,104,104,789,789,0,0.0007828721195411688,0.0007828721195411688,763,763,0,-1,3,3,13,5,185,283,235
160,2,2,375,375,0,6,6,486,486,0,0.0004765308553728854,0.0004765308553728854,703,703,0,-1,5,5,3,2,796,805,830
161,16,117,640,932,292,24,24,569,569,0,0.00017018959120460194,0.0002042275094455223,546,574,28,5,4,4,6,5,322,241,460
162,0,0,1,1,0,0,0,1,1,0,0.0,0.0,1,1,0,-1,-1,-1,2,0,847,898,641
163,0,206,1,980,979,0,8,1,551,550,0.0,0.0002382654276864427,1,608,607,3,-1,4,2,0,742,433,328
164,6,6,436,436,0,14,14,502,502,0,0.0002042275094455223,0.0002042275094455223,573,573,0,-1,4,4,3,1,725,474,767
165,0,206,1,958,957,0,17,1,442,441,0.0,0.0004765308553728854,1,699,698,3,-1,4,7,0,196,831,351
166,1,1,331,331,0,3,3,331,331,0,0.0,0.0,1,1,0,-1,6,6,3,2,786,764,330
167,6,212,448,969,521,11,16,456,513,57,3.4037918240920386e-05,0.0006467204465774873,399,747,348,3,4,4,4,2,758,662,237
168,177,177,954,954,0,112,112,954,954,0,0.006331052792811192,0.006331052792811192,960,960,0,-1,2,2,8,24,318,13,887
169,0,206,1,971,970,0,11,1,471,470,0.0,0.00017018959120460194,1,527,526,3,-1,4,4,0,458,945,354
170,0,0,1,1,0,0,0,1,1,0,0.0,0.0,1,1,0,-1,-1,-1,6,0,387,359,665
171,0,0,1,1,0,0,0,1,1,0,0.0,0.0,1,1,0,-1,-1,-1,10,0,135,866,945
172,421,627,982,993,11,196,196,957,957,0,0.006977773239388679,0.00707988699411144,971,971,0,3,2,2,12,49,175,31,417
173,0,102,1,905,904,0,9,1,391,390,0.0,0.0005446066918547262,1,711,710,4,-1,5,5,0,377,782,296
174,44,44,730,730,0,102,102,705,705,0,0.0005105687736138058,0.0005105687736138058,704,704,0,-1,3,3,15,5,0,308,877
175,0,102,1,924,923,0,9,1,407,406,0.0,0.0004084550188910446,1,673,672,4,-1,5,5,0,430,971,224
176,0,206,1,956,955,0,22,1,438,437,0.0,0.0002723033459273631,1,614,613,3,-1,4,9,0,200,798,724
177,0,206,1,978,977,0,8,1,519,518,0.0,0.0009530617107457708,1,804,803,3,-1,4,2,0,999,836,139
178,42,143,836,958,122,18,18,692,692,0,0.0010211375472276116,0.001055175465468532,821,825,4,5,4,4,3,12,845,163,687
179,0,0,1,1,0,0,0,1,1,0,0.0,0.0,1,1,0,-1,-1,-1,3,0,579,611,903
180,0,206,1,971,970,0,12,1,459,458,0.0,0.0002382654276864427,1,594,593,3,-1,4,4,0,460,517,329
181,113,113,885,885,0,122,122,841,841,0,0.0016678579938050988,0.0016678579938050988,857,857,0,-1,3,3,12,20,87,189,588
182,0,101,1,871,870,0,22,1,332,331,0.0,0.0,1,1,0,5,-1,6,22,0,22,968,364
183,100,100,928,928,0,100,100,997,997,0,0.055583920487422986,0.05554988256918207,1000,1000,0,4,1,1,3,50,748,33,425
184,22,638,680,997,317,28,42,645,791,146,0.0002382654276864427,0.0020082371762143027,586,883,297,2,3,3,5,5,531,350,144
185,14,116,641,946,305,14,14,579,579,0,0.0004084550188910446,0.0008509479560230097,684,790,106,4,4,4,3,4,844,479,159
186,16,16,590,590,0,40,40,666,666,0,0.0004765308553728854,0.0004765308553728854,694,694,0,-1,3,3,7,2,361,652,669
187,30,236,797,980,183,12,12,645,645,0,0.0006807583648184077,0.0009870996289866913,760,805,45,3,4,4,2,9,980,293,353
188,16,222,504,948,444,116,120,646,660,14,0.00013615167296368154,0.0009530617107457708,510,799,289,3,3,3,19,3,14,260,204
189,56,158,818,934,116,62,62,768,768,0,0.001157289220191293,0.0012934408931549745,815,833,18,4,3,3,7,8,436,186,505
190,38,139,671,892,221,162,162,775,775,0,0.0005105687736138058,0.0005105687736138058,700,700,0,5,3,3,21,3,1,616,578
191,0,101,1,920,919,0,4,1,331,330,0.0,0.0,1,1,0,5,-1,6,4,0,545,604,662
192,0,206,1,966,965,0,13,1,459,458,0.0,0.00013615167296368154,1,515,514,3,-1,4,5,1,284,841,379
193,0,101,1,932,931,0,3,1,331,330,0.0,3.4037918240920386e-05,1,412,411,5,-1,6,3,0,823,672,598
194,30,132,679,902,223,118,118,777,777,0,0.0002382654276864427,0.00037441710065012424,589,654,65,4,3,3,15,6,68,107,319
195,86,188,907,968,61,48,48,896,896,0,0.0024166921951053475,0.0028932230504782326,900,920,20,4,3,3,3,15,680,153,242
196,13,13,675,675,0,14,14,665,665,0,0.0004084550188910446,0.0004084550188910446,691,691,0,-1,4,4,3,7,608,170,730
197,6,108,416,906,490,28,28,532,532,0,0.00010211375472276115,0.00030634126416828345,464,614,150,4,4,4,8,1,521,561,22
198,0,206,1,950,949,0,40,1,440,439,0.0,0.0005105687736138058,1,689,688,3,-1,4,18,0,29,922,120
199,0,0,1,1,0,0,0,1,1,0,0.0,0.0,1,1,0,-1,-1,-1,2,0,841,502,821
200,0,206,1,959,958,0,21,1,465,464,0.0,6.807583648184077e-05,1,450,449,3,-1,4,7,1,472,583,541
201,0,101,1,894,893,0,7,1,332,331,0.0,3.4037918240920386e-05,1,406,405,5,-1,6,7,1,466,895,749
202,0,0,1,1,0,0,0,1,1,0,0.0,0.0,1,1,0,-1,-1,-1,5,0,284,912,798
203,100,100,889,889,0,100,100,903,903,0,0.018788930868988054,0.019061234214915415,996,996,0,3,1,1,9,23,395,106,677
204,0,0,1,1,0,0,0,1,1,0,0.0,0.0,1,1,0,-1,-1,-1,7,0,346,980,715
205,0,102,1,874,873,0,17,1,365,364,0.0,0.0,1,1,0,4,-1,5,14,3,181,882,244
206,6,6,458,458,0,11,11,471,471,0,0.0,0.0,1,1,0,-1,4,4,5,1,685,606,981
207,0,102,1,911,910,0,7,1,385,384,0.0,6.807583648184077e-05,1,447,446,4,-1,5,4,0,717,905,451
208,53,259,853,980,127,44,44,906,906,0,0.0012934408931549745,0.0030634126416828346,835,928,93,3,3,3,4,14,507,190,66
209,1,207,333,973,640,5,22,333,594,261,0.0,0.0014636304843595766,1,843,842,3,8,4,5,1,421,647,58
210,0,102,1,961,960,0,5,1,428,427,0.0,0.0004084550188910446,1,674,673,4,-1,5,3,1,730,947,390
211,167,783,964,1000,36,32,32,894,894,0,0.0051397256543789785,0.008237176214302734,962,977,15,2,3,3,2,27,763,25,289
212,18,18,653,653,0,42,42,810,810,0,0.0002382654276864427,0.0002382654276864427,596,596,0,-1,3,3,5,2,724,323,818
213,53,153,890,977,87,28,28,884,884,0,0.0024507301133462676,0.0026549576227917903,912,919,7,4,3,3,3,17,875,85,46
214,0,0,1,1,0,0,0,1,1,0,0.0,0.0,1,1,0,-1,-1,-1,8,0,197,514,511
215,0,0,1,1,0,0,0,1,1,0,0.0,0.0,1,1,0,-1,-1,-1,4,0,758,673,961
216,50,50,822,822,0,26,26,592,592,0,0.0015317063208414173,0.0015317063208414173,852,852,0,-1,4,4,5,11,501,166,200
217,6,108,487,947,460,10,10,518,518,0,0.00013615167296368154,0.0006126825283365669,519,737,218,4,4,4,3,1,902,360,480
218,0,206,1,977,976,0,14,1,628,627,0.0,0.0016678579938050988,1,873,872,3,-1,4,3,0,871,520,147
219,2,208,361,974,613,6,24,385,673,288,6.807583648184077e-05,0.007590455767725246,453,973,520,3,5,4,4,1,659,592,37
220,0,206,1,963,962,0,17,1,412,411,0.0,0.00037441710065012424,1,650,649,3,-1,4,9,0,166,921,645
221,12,12,588,588,0,22,22,582,582,0,0.00013615167296368154,0.00013615167296368154,523,523,0,-1,4,4,5,3,412,496,994
222,18,634,701,999,298,14,24,566,780,214,0.000442492937131965,0.0033357159876101976,703,930,227,2,4,3,3,9,958,212,73
223,40,142,752,927,175,80,80,753,753,0,0.000442492937131965,0.0005105687736138058,683,704,21,4,3,3,11,6,155,379,543
224,0,101,1,911,910,0,4,1,332,331,0.0,0.0,1,1,0,5,-1,6,4,1,870,529,578
225,66,168,832,935,103,88,88,837,837,0,0.001940161339732462,0.0020082371762143027,878,883,5,4,2,2,9,7,217,399,313
226,0,616,1,988,987,0,202,1,763,762,0.0,0.0053099152455835805,1,953,952,2,-1,3,25,0,17,865,24
227,475,475,990,990,0,174,174,997,997,0,0.011334626774226489,0.011334626774226489,983,983,0,-1,2,2,7,70,329,18,825
228,20,122,682,935,253,20,20,590,590,0,0.0006126825283365669,0.0014295925661186562,737,852,115,4,4,4,4,7,384,115,49
229,6,108,436,916,480,16,16,513,513,0,3.4037918240920386e-05,0.00017018959120460194,402,542,140,4,4,4,4,1,717,870,385
230,12,218,579,974,395,16,20,522,590,68,0.0002382654276864427,0.0011913271384322134,598,835,237,3,4,4,4,3,566,646,137
231,0,206,1,951,950,0,30,1,451,450,0.0,0.0006126825283365669,1,737,736,3,-1,4,12,0,93,696,250
232,0,101,1,921,920,0,4,1,331,330,0.0,0.0,1,1,0,5,-1,6,4,0,495,849,555
233,0,206,1,957,956,0,16,1,427,426,0.0,0.0002723033459273631,1,613,612,3,-1,4,6,0,378,429,557
234,12,12,594,594,0,16,16,541,541,0,0.00013615167296368154,0.00013615167296368154,514,514,0,-1,4,4,4,3,545,196,910
235,0,0,1,1,0,0,0,1,1,0,0.0,0.0,1,1,0,-1,-1,-1,6,0,373,712,767
236,20,20,702,702,0,10,10,478,478,0,0.0002042275094455223,0.0002042275094455223,563,563,0,-1,4,4,3,9,829,317,982
237,24,230,713,973,260,30,30,713,713,0,0.00034037918240920387,0.002382654276864427,657,898,241,3,3,3,4,7,921,451,69
238,6,6,399,399,0,33,33,525,525,0,3.4037918240920386e-05,3.4037918240920386e-05,396,396,0,-1,4,4,9,2,414,544,897
239,8,110,566,945,379,9,9,512,512,0,6.807583648184077e-05,0.0002382654276864427,449,584,135,4,4,4,3,3,693,580,343
240,0,102,1,921,920,0,6,1,379,378,0.0,0.0,1,1,0,4,-1,5,4,1,280,828,244
241,0,206,1,941,940,0,28,1,393,392,0.0,0.00010211375472276115,1,471,470,3,-1,4,16,0,134,611,270
242,10,111,641,955,314,8,8,544,544,0,0.0005446066918547262,0.0005446066918547262,736,736,0,6,4,4,2,3,897,236,543
243,108,210,937,975,38,32,32,903,903,0,0.00353994349705572,0.003880322679464924,937,945,8,4,3,3,2,27,966,69,504
244,2,103,418,978,560,4,4,545,545,0,0.00010211375472276115,0.000442492937131965,506,706,200,5,5,5,2,1,775,556,318
245,0,0,1,1,0,0,0,1,1,0,0.0,0.0,1,1,0,-1,-1,-1,11,1,167,787,968
246,0,102,1,916,915,0,7,1,400,399,0.0,0.0002723033459273631,1,607,606,4,-1,5,4,0,783,702,407
247,0,0,1,1,0,0,0,1,1,0,0.0,0.0,1,1,0,-1,-1,-1,2,0,742,801,945
248,11,112,676,966,290,8,8,599,599,0,0.00013615167296368154,0.00017018959120460194,531,567,36,5,4,4,2,6,981,199,964
249,2,104,361,910,549,5,7,361,388,27,3.4037918240920386e-05,0.0002042275094455223,402,559,157,4,5,5,4,2,500,692,368
250,0,1640,1,1000,999,0,83,1,591,590,0.0,0.007998910786616291,1,963,962,1,-1,2,17,0,63,941,157
251,72,173,898,966,68,32,32,889,889,0,0.0019741992579733825,0.0021784267674189047,895,904,9,5,3,3,2,17,586,269,805
252,0,206,1,969,968,0,26,1,611,610,0.0,0.001599782157323258,1,864,863,3,-1,4,5,0,363,940,109
253,0,0,1,1,0,0,0,1,1,0,0.0,0.0,1,1,0,-1,-1,-1,17,0,6,786,446
254,45,251,868,986,118,22,22,862,862,0,0.001157289220191293,0.002144388849177984,834,899,65,3,3,3,2,8,967,352,272
255,18,18,580,580,0,100,100,700,700,0,0.00013615167296368154,0.00013615167296368154,506,506,0,-1,3,3,14,4,121,305,962
256,767,767,997,997,0,184,184,997,997,0,0.016916845365737433,0.016916845365737433,991,991,0,-1,2,2,7,98,246,23,835
257,22,22,649,649,0,38,38,552,552,0,0.00030634126416828345,0.00030634126416828345,622,622,0,-1,4,4,9,6,422,368,538
258,52,52,821,821,0,106,106,951,951,0,0.0019741992579733825,0.0019741992579733825,880,880,0,-1,2,2,7,3,156,642,897
259,0,102,1,903,902,0,12,1,380,379,0.0,0.00017018959120460194,1,531,530,4,-1,5,8,1,301,948,121
260,2,2,396,396,0,3,3,405,405,0,0.0,0.0,1,1,0,-1,5,5,2,1,807,781,921
261,0,0,1,1,0,0,0,1,1,0,0.0,0.0,1,1,0,-1,-1,-1,5,0,644,821,965
262,171,787,928,995,67,250,270,952,960,8,0.003982436434187685,0.011811157629599374,939,982,43,2,2,2,17,18,56,63,0
263,0,101,1,973,972,0,2,1,330,329,0.0,3.4037918240920386e-05,1,408,407,5,-1,6,2,1,872,747,441
264,67,169,876,962,86,44,44,844,844,0,0.0013615167296368155,0.0015317063208414173,840,858,18,4,3,3,4,15,424,137,451
265,47,47,830,830,0,28,28,725,725,0,0.0007488342013002485,0.0007488342013002485,776,776,0,-1,3,3,3,13,687,340,276
266,34,136,743,930,187,62,62,746,746,0,0.0007147962830593281,0.0010211375472276116,755,802,47,4,3,3,9,4,388,450,4
267,0,0,1,1,0,0,0,1,1,0,0.0,0.0,1,1,0,-1,-1,-1,7,1,170,428,349
268,28,234,688,963,275,80,80,761,761,0,0.0009870996289866913,0.002144388849177984,797,896,99,3,3,3,10,3,409,642,104
269,0,0,1,1,0,0,0,1,1,0,0.0,0.0,1,1,0,-1,-1,-1,9,0,180,900,907
270,44,44,814,814,0,38,38,826,826,0,0.0008169100377820892,0.0008169100377820892,783,783,0,-1,3,3,3,7,459,169,905
271,0,0,1,1,0,0,0,1,1,0,0.0,0.0,1,1,0,-1,-1,-1,8,0,411,928,895
272,2,2,377,377,0,6,6,405,405,0,0.00013615167296368154,0.00013615167296368154,515,515,0,-1,5,5,4,1,754,334,956
273,0,0,1,1,0,0,0,1,1,0,0.0,0.0,1,1,0,-1,-1,-1,5,0,701,515,909
274,20,122,646,922,276,24,24,573,573,0,0.0004084550188910446,0.0004765308553728854,660,685,25,4,4,4,4,6,410,424,627
275,38,38,741,741,0,98,98,871,871,0,0.0011232513019503727,0.0011232513019503727,822,822,0,-1,3,3,8,4,411,281,945
276,6,622,406,992,586,17,52,395,634,239,6.807583648184077e-05,0.0034718676605738795,438,926,488,2,4,3,9,1,262,593,76
277,2,2,368,368,0,3,3,332,332,0,3.4037918240920386e-05,3.4037918240920386e-05,411,411,0,-1,6,6,3,2,433,694,699
278,2,2,353,353,0,14,14,370,370,0,3.4037918240920386e-05,3.4037918240920386e-05,400,400,0,-1,5,5,11,1,379,593,786
279,6,108,387,883,496,27,27,415,415,0,0.0,0.0,1,1,0,4,4,4,12,1,52,873,290
280,11,113,552,916,364,20,20,565,565,0,0.0002723033459273631,0.00030634126416828345,604,627,23,4,4,4,4,4,391,645,512
281,6,108,397,888,491,34,34,484,484,0,0.0002382654276864427,0.0002382654276864427,590,590,0,4,4,4,9,1,101,797,724
282,26,26,689,689,0,84,84,774,774,0,0.0008169100377820892,0.0008169100377820892,775,775,0,-1,3,3,9,4,213,207,909
283,6,6,396,396,0,42,42,453,453,0,3.4037918240920386e-05,3.4037918240920386e-05,411,411,0,-1,4,4,15,2,40,492,826
284,8,8,505,505,0,20,20,476,476,0,0.0002042275094455223,0.0002042275094455223,559,559,0,-1,4,4,7,2,416,22,574
285,6,107,512,954,442,4,4,428,428,0,0.00013615167296368154,0.00013615167296368154,532,532,0,5,5,5,2,3,715,378,810
286,8,8,543,543,0,22,22,596,596,0,0.0002723033459273631,0.0002723033459273631,621,621,0,-1,4,4,5,4,647,239,982
287,6,108,482,934,452,18,18,662,662,0,0.0002723033459273631,0.00034037918240920387,619,655,36,4,4,4,3,1,745,404,491
288,33,33,751,751,0,42,42,703,703,0,0.0005105687736138058,0.0005105687736138058,707,707,0,-1,3,3,6,7,419,237,859
289,0,102,1,913,912,0,5,1,378,377,0.0,3.4037918240920386e-05,1,403,402,4,-1,5,3,0,930,686,247
290,0,101,1,910,909,0,6,1,332,331,0.0,0.0,1,1,0,5,-1,6,6,0,295,848,590
291,34,34,771,771,0,36,36,734,734,0,0.0006807583648184077,0.0006807583648184077,745,745,0,-1,3,3,5,5,561,308,568
292,78,78,858,858,0,118,118,921,921,0,0.0013615167296368155,0.0013615167296368155,838,838,0,-1,2,2,9,6,367,461,359
293,4,106,496,958,462,4,4,416,416,0,3.4037918240920386e-05,0.0002042275094455223,409,591,182,4,5,5,2,6,913,392,86
294,4,4,498,498,0,4,4,446,446,0,6.807583648184077e-05,6.807583648184077e-05,448,448,0,-1,5,5,2,2,985,576,804
295,48,254,789,970,181,86,90,830,854,24,0.002212464685659825,0.003199564314646516,890,927,37,3,2,2,10,4,527,617,175
296,2,104,362,916,554,12,12,425,425,0,0.0002042275094455223,0.0002042275094455223,576,576,0,4,5,5,6,1,253,238,506
297,11,113,583,936,353,12,12,502,502,0,0.00013615167296368154,0.0005786446100956465,511,734,223,4,4,4,4,6,891,107,366
298,6,6,432,432,0,24,24,650,650,0,0.00034037918240920387,0.00034037918240920387,648,648,0,-1,4,4,4,1,641,282,816
299,6,108,398,888,490,20,20,413,413,0,0.00010211375472276115,0.00013615167296368154,490,515,25,4,4,4,9,1,159,931,364
300,190,190,973,973,0,48,48,930,930,0,0.005207801490860819,0.005207801490860819,961,961,0,-1,3,3,3,31,626,34,905
301,16,16,667,667,0,34,34,834,834,0,0.0005786446100956465,0.0005786446100956465,734,734,0,-1,3,3,4,1,772,759,539
302,0,206,1,963,962,0,12,1,419,418,0.0,0.001055175465468532,1,808,807,3,-1,4,4,0,410,932,116
303,47,149,844,960,116,12,12,586,586,0,0.0008169100377820892,0.0009870996289866913,783,814,31,4,4,4,2,20,934,189,124
304,0,0,1,1,0,0,0,1,1,0,0.0,0.0,1,1,0,-1,-1,-1,7,0,296,821,712
305,0,101,1,950,949,0,3,1,330,329,0.0,6.807583648184077e-05,1,448,447,5,-1,6,3,0,984,808,829
306,0,206,1,952,951,0,48,1,577,576,0.0,0.0020763130126961434,1,888,887,3,-1,4,10,0,259,811,141
307,0,206,1,975,974,0,9,1,487,486,0.0,0.0005446066918547262,1,732,731,3,-1,4,3,0,699,698,584
308,2,618,348,992,644,29,114,366,621,255,6.807583648184077e-05,0.0020763130126961434,428,891,463,2,5,3,22,3,33,484,304
309,22,638,670,996,326,30,40,673,803,130,0.00030634126416828345,0.0020763130126961434,633,881,248,2,3,3,4,2,509,491,92
310,216,216,967,967,0,54,54,900,900,0,0.0034037918240920387,0.0034037918240920387,938,938,0,-1,3,3,4,30,858,75,715
311,0,0,1,1,0,0,0,1,1,0,0.0,0.0,1,1,0,-1,-1,-1,7,0,374,922,699
312,16,16,573,573,0,68,68,800,800,0,0.0005786446100956465,0.0005786446100956465,727,727,0,-1,3,3,7,2,246,160,913
313,6,107,477,937,460,10,10,493,493,0,0.00017018959120460194,0.0002042275094455223,551,577,26,5,4,4,4,1,721,931,383
314,0,101,1,881,880,0,10,1,330,329,0.0,0.0,1,1,0,5,-1,6,10,0,75,457,853
315,0,616,1,994,993,0,39,1,527,526,0.0,0.0008169100377820892,1,768,767,2,-1,3,11,0,155,881,432
316,6,107,428,910,482,12,12,423,423,0,0.00013615167296368154,0.00013615167296368154,508,508,0,5,5,5,6,3,451,353,743
317,0,0,1,1,0,0,0,1,1,0,0.0,0.0,1,1,0,-1,-1,-1,2,0,859,400,779
318,48,254,795,966,171,62,66,648,673,25,0.0006467204465774873,0.0007488342013002485,734,758,24,3,3,3,11,7,360,115,770
319,18,224,611,958,347,32,56,500,644,144,0.00013615167296368154,0.002484768031587188,516,903,387,3,4,4,10,3,258,677,41
320,6,212,433,970,537,14,18,479,522,43,0.00013615167296368154,0.0006126825283365669,519,742,223,3,4,4,5,1,538,370,195
321,2,104,368,945,577,4,4,446,446,0,3.4037918240920386e-05,0.00013615167296368154,406,524,118,4,5,5,2,1,947,720,341
322,6,107,458,939,481,16,16,598,598,0,0.00010211375472276115,0.00010211375472276115,480,480,0,7,4,4,4,2,610,493,857
323,0,0,1,1,0,0,0,1,1,0,0.0,0.0,1,1,0,-1,-1,-1,4,1,917,706,713
324,3,105,410,902,492,10,11,373,378,5,0.0,6.807583648184077e-05,1,443,442,4,5,5,8,3,454,563,392
325,0,206,1,940,939,0,48,1,444,443,0.0,0.0005446066918547262,1,703,702,3,-1,4,19,2,48,271,159
326,10,10,637,637,0,8,8,548,548,0,0.00034037918240920387,0.00034037918240920387,650,650,0,-1,4,4,2,4,830,645,887
327,2,2,354,354,0,9,9,354,354,0,0.0,0.0,1,1,0,-1,5,5,8,2,301,721,587
328,0,1640,1,1000,999,0,98,1,640,639,0.0,0.007794683277170768,1,971,970,1,-1,2,16,0,59,758,109
329,0,101,1,936,935,0,3,1,329,328,0.0,0.0,1,1,0,6,-1,7,3,0,568,826,590
330,0,101,1,945,944,0,3,1,331,330,0.0,0.00010211375472276115,1,487,486,5,-1,6,3,0,600,733,411
331,27,27,759,759,0,14,14,592,592,0,0.0006807583648184077,0.0006807583648184077,760,760,0,-1,4,4,3,8,882,204,712
332,289,390,968,979,11,218,218,955,955,0,0.004629156880765172,0.004663194799006093,948,948,0,5,2,2,14,28,21,41,896
333,0,616,1,996,995,0,26,1,690,689,0.0,0.0063650907110521125,1,968,967,2,-1,3,4,0,717,802,12
334,8,110,527,925,398,14,14,484,484,0,3.4037918240920386e-05,0.00017018959120460194,406,539,133,4,4,4,5,5,692,231,634
335,0,0,1,1,0,0,0,1,1,0,0.0,0.0,1,1,0,-1,-1,-1,11,0,230,928,649
336,0,0,1,1,0,0,0,1,1,0,0.0,0.0,1,1,0,-1,-1,-1,5,1,604,874,330
337,17,223,673,976,303,22,22,746,746,0,0.00013615167296368154,0.00037441710065012424,525,665,140,3,3,3,2,3,971,300,52
338,34,34,806,806,0,26,26,789,789,0,0.0008509479560230097,0.0008509479560230097,784,784,0,-1,3,3,4,13,607,256,936
339,0,102,1,964,963,0,3,1,410,409,0.0,3.4037918240920386e-05,1,401,400,4,-1,5,2,0,865,877,321
340,0,101,1,974,973,0,2,1,330,329,0.0,3.4037918240920386e-05,1,411,410,6,-1,7,2,1,978,789,717
341,2,208,352,958,606,8,16,387,464,77,0.0,0.00030634126416828345,1,624,623,3,5,4,4,1,503,577,827
342,484,690,994,998,4,104,104,992,992,0,0.01409169815174104,0.01415977398822288,988,988,0,3,2,2,5,91,612,7,411
343,0,616,1,994,993,0,28,1,623,622,0.0,0.0016338200755641784,1,864,863,2,-1,3,5,0,426,672,60
344,0,206,1,945,944,0,44,1,436,435,0.0,0.0005105687736138058,1,700,699,3,-1,4,17,0,73,445,312
345,66,272,855,976,121,62,62,830,830,0,0.0011913271384322134,0.0014295925661186562,835,857,22,3,3,3,7,12,305,163,302
346,0,0,1,1,0,0,0,1,1,0,0.0,0.0,1,1,0,-1,-1,-1,2,0,936,953,824
347,6,108,422,912,490,25,26,518,524,6,6.807583648184077e-05,0.0008509479560230097,439,778,339,4,4,4,7,2,359,532,131
348,0,0,1,1,0,0,0,1,1,0,0.0,0.0,1,1,0,-1,-1,-1,16,0,195,881,939
349,34,136,752,934,182,48,48,712,712,0,0.0009530617107457708,0.0009870996289866913,787,794,7,4,3,3,7,10,364,272,292
350,0,102,1,954,953,0,5,1,432,431,0.0,0.0011232513019503727,1,832,831,4,-1,5,3,1,875,641,128
351,12,113,593,935,342,23,23,605,605,0,0.00010211375472276115,0.00010211375472276115,488,488,0,8,4,4,6,4,486,149,448
352,3,105,505,976,471,4,4,508,508,0,0.00037441710065012424,0.0005446066918547262,685,737,52,4,5,5,2,3,944,354,551
353,10,216,470,948,478,52,68,488,537,49,0.0002042275094455223,0.0008169100377820892,563,765,202,3,4,4,16,3,145,307,591
354,39,39,831,831,0,28,28,794,794,0,0.001599782157323258,0.001599782157323258,876,876,0,-1,3,3,3,11,729,118,978
355,5,5,470,470,0,6,6,432,432,0,6.807583648184077e-05,6.807583648184077e-05,453,453,0,-1,5,5,3,4,288,319,798
356,0,206,1,967,966,0,26,1,610,609,0.0,0.0011913271384322134,1,830,829,3,-1,4,5,0,604,816,144
357,6,108,420,909,489,28,28,503,503,0,0.00010211375472276115,0.0004765308553728854,480,699,219,4,4,4,8,3,137,321,46
358,1,1,333,333,0,19,19,333,333,0,0.0,0.0,1,1,0,-1,7,7,19,1,38,972,994
359,0,0,1,1,0,0,0,1,1,0,0.0,0.0,1,1,0,-1,-1,-1,5,0,517,900,882
360,0,206,1,974,973,0,10,1,469,468,0.0,0.0002723033459273631,1,623,622,3,-1,4,3,0,484,813,307
361,0,102,1,895,894,0,18,1,414,413,0.0,0.00030634126416828345,1,635,634,4,-1,5,9,0,367,436,422
362,0,0,1,1,0,0,0,1,1,0,0.0,0.0,1,1,0,-1,-1,-1,14,0,84,819,665
363,36,652,765,998,233,40,60,729,857,128,0.0006467204465774873,0.007590455767725246,748,975,227,2,3,3,5,5,531,273,30
364,0,0,1,1,0,0,0,1,1,0,0.0,0.0,1,1,0,-1,-1,-1,15,0,104,984,875
365,0,102,1,924,923,0,9,1,407,406,0.0,0.00017018959120460194,1,532,531,4,-1,5,5,1,430,874,272
366,19,225,631,961,330,18,18,474,474,0,0.00037441710065012424,0.0005446066918547262,659,714,55,3,4,4,5,6,496,459,689
367,2,103,356,890,534,8,8,356,356,0,3.4037918240920386e-05,0.00017018959120460194,405,538,133,5,5,5,7,1,193,687,931
368,0,102,1,912,911,0,8,1,382,381,0.0,0.0002042275094455223,1,562,561,4,-1,5,5,1,406,787,809
369,2,2,348,348,0,14,14,357,357,0,0.0,0.0,1,1,0,-1,5,5,12,2,87,692,685
370,20,20,626,626,0,46,46,549,549,0,0.00010211375472276115,0.00010211375472276115,474,474,0,-1,4,4,11,6,139,258,902
371,0,206,1,968,967,0,22,1,557,556,0.0,0.001157289220191293,1,824,823,3,-1,4,5,0,605,228,61
372,40,40,780,780,0,64,64,887,887,0,0.0009870996289866913,0.0009870996289866913,806,806,0,-1,2,2,5,1,426,655,823
373,0,206,1,968,967,0,18,1,623,622,0.0,0.0015657442390823377,1,869,868,3,-1,4,3,0,703,908,62
374,271,373,988,993,5,32,32,941,941,0,0.00796487286837537,0.00803294870485721,979,980,1,4,3,3,2,75,874,24,468
375,8,109,572,954,382,6,6,449,449,0,0.00030634126416828345,0.00030634126416828345,639,639,0,6,5,5,3,6,854,368,603
376,0,102,1,927,926,0,5,1,367,366,0.0,6.807583648184077e-05,1,459,458,4,-1,5,4,0,648,733,481
377,12,12,524,524,0,36,36,485,485,0,0.00034037918240920387,0.00034037918240920387,652,652,0,-1,4,4,12,3,187,496,911
378,89,191,949,985,36,22,22,909,909,0,0.003914360597705844,0.004356853534837809,949,953,4,4,3,3,2,24,981,8,366
379,0,102,1,904,903,0,7,1,360,359,0.0,0.0,1,1,0,4,-1,5,6,0,345,801,530
380,2,208,372,977,605,4,12,406,605,199,3.4037918240920386e-05,0.004050512270669526,399,944,545,3,5,4,2,2,970,560,6
381,0,102,1,874,873,0,18,1,346,345,0.0,0.0,1,1,0,4,-1,5,17,0,210,973,593
382,0,102,1,921,920,0,5,1,361,360,0.0,0.0,1,1,0,4,-1,5,4,0,659,898,265
383,6,6,396,396,0,42,42,553,553,0,6.807583648184077e-05,6.807583648184077e-05,449,449,0,-1,4,4,9,3,381,285,804
384,0,101,1,921,920,0,5,1,332,331,0.0,0.0,1,1,0,5,-1,6,5,0,612,833,463
385,0,206,1,965,964,0,30,1,626,625,0.0,0.0020763130126961434,1,886,885,3,-1,4,5,0,474,912,94
386,18,18,692,692,0,36,36,777,777,0,0.0007488342013002485,0.0007488342013002485,773,773,0,-1,3,3,5,3,647,209,201
387,5,5,423,423,0,13,13,400,400,0,6.807583648184077e-05,6.807583648184077e-05,460,460,0,-1,5,5,7,3,510,572,753
388,26,642,720,998,278,30,48,607,766,159,0.0005105687736138058,0.008066986623098132,716,975,259,2,4,3,7,8,404,90,18
389,0,101,1,907,906,0,3,1,332,331,0.0,3.4037918240920386e-05,1,399,398,5,-1,6,3,0,704,914,662
390,16,117,610,912,302,20,20,585,585,0,0.00030634126416828345,0.00037441710065012424,626,663,37,5,4,4,4,5,547,124,755
391,8,214,582,979,397,10,10,561,561,0,0.00010211375472276115,0.0012594029749140542,495,836,341,3,4,4,3,3,796,508,129
392,0,0,1,1,0,0,0,1,1,0,0.0,0.0,1,1,0,-1,-1,-1,8,0,350,790,520
393,0,0,1,1,0,0,0,1,1,0,0.0,0.0,1,1,0,-1,-1,-1,2,1,946,835,726
394,2,103,379,949,570,5,5,417,417,0,0.00013615167296368154,0.0002042275094455223,508,565,57,5,5,5,3,1,768,899,761
395,6,6,388,388,0,51,51,502,502,0,0.0002382654276864427,0.0002382654276864427,570,570,0,-1,4,4,14,1,108,797,902
396,14,220,543,959,416,46,50,506,521,15,0.00013615167296368154,0.00017018959120460194,504,543,39,3,4,4,15,3,110,307,223
397,0,102,1,911,910,0,6,1,356,355,0.0,3.4037918240920386e-05,1,407,406,4,-1,5,5,0,396,726,576
398,0,102,1,946,945,0,4,1,408,407,0.0,0.000442492937131965,1,707,706,4,-1,5,2,1,469,693,242
399,261,362,961,980,19,270,270,966,966,0,0.004935498144933456,0.004935498144933456,955,955,0,8,2,2,16,24,59,8,857
400,71,173,856,950,94,46,46,725,725,0,0.0013955546478777359,0.0016678579938050988,845,869,24,4,3,3,6,17,255,226,810
401,0,0,1,1,0,0,0,1,1,0,0.0,0.0,1,1,0,-1,-1,-1,7,0,336,903,713
402,109,211,926,972,46,54,54,876,876,0,0.002552843868069029,0.002757071377514551,910,916,6,4,3,3,4,21,822,123,479
403,6,212,440,970,530,14,14,532,532,0,0.0002382654276864427,0.0016338200755641784,597,866,269,3,4,4,3,1,687,840,106
404,3,3,422,422,0,9,9,403,403,0,3.4037918240920386e-05,3.4037918240920386e-05,393,393,0,-1,5,5,5,3,605,563,779
405,0,102,1,931,930,0,5,1,367,366,0.0,3.4037918240920386e-05,1,400,399,4,-1,5,4,3,811,348,904
406,0,0,1,1,0,0,0,1,1,0,0.0,0.0,1,1,0,-1,-1,-1,12,0,52,987,920
407,6,108,437,926,489,14,14,533,533,0,0.00013615167296368154,0.00037441710065012424,522,659,137,4,4,4,3,3,554,321,425
408,6,622,422,996,574,28,50,489,673,184,6.807583648184077e-05,0.0024507301133462676,453,909,456,2,4,3,8,1,225,416,61
409,2,2,386,386,0,3,3,393,393,0,0.0,0.0,1,1,0,-1,5,5,2,2,890,495,838
410,100,100,865,865,0,100,100,800,800,0,0.018482589604819768,0.018482589604819768,994,994,0,-1,1,1,11,28,163,44,428
411,0,0,1,1,0,0,0,1,1,0,0.0,0.0,1,1,0,-1,-1,-1,11,1,234,641,456
412,62,162,862,958,96,28,28,757,757,0,0.001497668402600497,0.0016678579938050988,858,870,12,4,3,3,3,17,626,226,474
413,2,2,363,363,0,11,11,403,403,0,3.4037918240920386e-05,3.4037918240920386e-05,403,403,0,-1,5,5,7,1,697,503,847
414,8,110,527,922,395,16,16,526,526,0,0.0,0.0002042275094455223,1,585,584,4,4,4,4,3,512,434,197
415,12,114,528,908,380,42,42,595,595,0,0.0002042275094455223,0.0006467204465774873,568,738,170,4,4,4,9,4,250,149,245
416,49,49,826,826,0,28,28,584,584,0,0.0009190237925048504,0.0009190237925048504,795,795,0,-1,4,4,6,17,451,131,910
417,234,440,976,992,16,84,84,976,976,0,0.006433166547533953,0.008101024541339052,966,977,11,3,2,2,5,45,843,77,73
418,91,291,902,980,78,60,60,892,892,0,0.0018040096667687805,0.002825147213996392,875,922,47,3,3,3,5,13,502,335,355
419,0,0,1,1,0,0,0,1,1,0,0.0,0.0,1,1,0,-1,-1,-1,5,0,765,956,678
420,0,616,1,997,996,0,20,1,616,615,0.0,0.001055175465468532,1,816,815,2,-1,3,5,0,685,982,704
421,0,0,1,1,0,0,0,1,1,0,0.0,0.0,1,1,0,-1,-1,-1,11,0,76,909,660
422,106,312,899,976,77,68,68,827,827,0,0.0016338200755641784,0.003778208924742163,861,941,80,3,3,3,7,18,299,171,69
423,0,206,1,958,957,0,17,1,425,424,0.0,6.807583648184077e-05,1,446,445,3,-1,4,7,0,193,455,681
424,60,676,799,994,195,116,126,748,787,39,0.0009870996289866913,0.00176997174852786,787,877,90,2,3,3,15,11,65,83,345
425,28,28,731,731,0,28,28,696,696,0,0.000442492937131965,0.000442492937131965,683,683,0,-1,3,3,3,4,704,443,707
426,0,0,1,1,0,0,0,1,1,0,0.0,0.0,1,1,0,-1,-1,-1,5,0,284,994,731
427,46,662,751,992,241,142,142,837,837,0,0.0009870996289866913,0.0020763130126961434,798,888,90,2,3,3,16,6,60,232,393
428,30,236,742,970,228,40,40,729,729,0,0.0007147962830593281,0.0012253650566731338,762,835,73,3,3,3,5,4,396,267,535
429,6,622,417,994,577,24,42,507,667,160,6.807583648184077e-05,0.00176997174852786,450,870,420,2,4,3,6,2,432,325,630
430,50,50,787,787,0,100,100,824,824,0,0.0013615167296368155,0.0013615167296368155,831,831,0,-1,3,3,10,8,75,174,701
431,101,307,935,986,51,38,38,903,903,0,0.0031314884781646754,0.003982436434187685,931,943,12,3,3,3,3,20,530,38,559
432,105,105,952,952,0,28,28,870,870,0,0.0040845501889104465,0.0040845501889104465,951,951,0,-1,3,3,3,27,608,88,863
433,145,247,970,984,14,46,46,976,976,0,0.007794683277170768,0.007828721195411689,976,977,1,4,2,2,2,36,702,48,581
434,172,273,963,981,18,100,100,970,970,0,0.004629156880765172,0.004629156880765172,949,949,0,7,2,2,6,24,494,8,765
435,0,101,1,906,905,0,5,1,332,331,0.0,0.0,1,1,0,5,-1,6,5,0,392,846,547
436,2,208,360,969,609,8,16,374,481,107,0.0,0.0010892133837094523,1,812,811,3,5,4,6,2,664,509,63
437,10,111,673,969,296,4,4,468,468,0,3.4037918240920386e-05,3.4037918240920386e-05,403,403,0,6,5,5,2,7,865,188,676
438,0,206,1,971,970,0,10,1,452,451,0.0,0.00030634126416828345,1,634,633,3,-1,4,4,0,593,657,329
439,6,107,483,947,464,8,8,505,505,0,0.00017018959120460194,0.0002042275094455223,559,587,28,5,4,4,2,1,896,809,534
440,0,0,1,1,0,0,0,1,1,0,0.0,0.0,1,1,0,-1,-1,-1,7,1,331,730,942
441,0,206,1,965,964,0,16,1,507,506,0.0,0.0006467204465774873,1,750,749,3,-1,4,4,1,532,814,414
442,40,246,702,958,256,122,126,677,689,12,0.0004084550188910446,0.0008169100377820892,656,766,110,3,2,2,19,2,46,532,473
443,1,103,332,940,608,2,3,332,364,32,0.0,0.0002723033459273631,1,619,618,4,6,5,2,3,747,748,376
444,0,0,1,1,0,0,0,1,1,0,0.0,0.0,1,1,0,-1,-1,-1,7,0,404,982,790
445,28,234,649,955,306,76,80,602,615,13,0.00037441710065012424,0.0005446066918547262,651,699,48,3,3,3,15,4,65,202,301
446,18,18,599,599,0,36,36,456,456,0,0.00010211375472276115,0.00010211375472276115,487,487,0,-1,3,3,14,2,84,430,848
447,15,117,617,936,319,24,24,652,652,0,0.00017018959120460194,0.0007147962830593281,544,767,223,4,4,4,4,5,566,510,249
448,0,206,1,979,978,0,8,1,549,548,0.0,0.002586881786309949,1,915,914,3,-1,4,2,1,967,920,17
449,62,62,796,796,0,122,122,740,740,0,0.0006467204465774873,0.0006467204465774873,728,728,0,-1,3,3,17,7,210,422,833
450,599,701,996,997,1,136,136,987,987,0,0.015997821573232582,0.0160318594914735,989,989,0,4,2,2,7,118,342,37,543
451,8,8,583,583,0,8,8,552,552,0,0.00017018959120460194,0.00017018959120460194,561,561,0,-1,4,4,2,2,889,724,918
452,0,102,1,874,873,0,27,1,385,384,0.0,0.00017018959120460194,1,541,540,4,-1,5,16,0,50,784,278
453,24,126,655,905,250,74,74,701,701,0,0.000442492937131965,0.0004765308553728854,680,689,9,4,3,3,11,3,233,351,526
454,0,206,1,960,959,0,20,1,493,492,0.0,0.00034037918240920387,1,637,636,3,-1,4,6,0,473,900,186
455,0,0,1,1,0,0,0,1,1,0,0.0,0.0,1,1,0,-1,-1,-1,2,0,804,965,349
456,179,281,974,990,16,54,54,960,960,0,0.0045270431260424114,0.0045270431260424114,952,952,0,4,3,3,4,45,754,77,506
457,0,206,1,968,967,0,12,1,485,484,0.0,0.0002723033459273631,1,612,611,3,-1,4,4,0,740,921,380
458,189,395,949,976,27,150,150,941,941,0,0.00353994349705572,0.004322815616596889,937,945,8,3,2,2,11,20,215,94,54
459,6,622,428,996,568,18,40,493,697,204,0.00013615167296368154,0.002586881786309949,518,906,388,2,4,3,5,1,474,762,85
460,0,102,1,901,900,0,11,1,381,380,0.0,0.0002382654276864427,1,583,582,4,-1,5,7,0,273,790,176
461,12,628,509,992,483,35,50,461,542,81,0.00013615167296368154,0.0007488342013002485,518,753,235,2,4,3,12,5,44,476,317
462,69,69,832,832,0,90,90,765,765,0,0.0007828721195411688,0.0007828721195411688,769,769,0,-1,3,3,10,10,114,405,940
463,0,0,1,1,0,0,0,1,1,0,0.0,0.0,1,1,0,-1,-1,-1,5,0,478,254,533
464,6,212,378,939,561,90,94,575,588,13,0.00017018959120460194,0.0007147962830593281,526,747,221,3,4,4,19,2,11,652,759
465,0,206,1,962,961,0,26,1,564,563,0.0,0.0009530617107457708,1,802,801,3,-1,4,5,0,349,923,174
466,6,6,389,389,0,49,49,443,443,0,6.807583648184077e-05,6.807583648184077e-05,442,442,0,-1,4,4,19,2,148,342,733
467,119,735,915,997,82,108,108,918,918,0,0.002280540522141666,0.0036760951700194017,902,940,38,2,3,3,8,18,225,55,759
468,16,118,649,941,292,22,22,594,594,0,0.0004084550188910446,0.0005105687736138058,682,715,33,4,4,4,5,4,848,167,392
469,0,0,1,1,0,0,0,1,1,0,0.0,0.0,1,1,0,-1,-1,-1,3,0,879,737,859
470,245,861,973,998,25,80,80,935,935,0,0.007216038667075122,0.0088498587426393,973,979,6,2,3,3,5,34,555,20,53
471,0,101,1,954,953,0,2,1,331,330,0.0,3.4037918240920386e-05,1,400,399,5,-1,6,2,0,946,867,512
472,364,570,975,987,12,342,342,957,957,0,0.003812246842983083,0.004356853534837809,944,947,3,3,2,2,23,48,15,56,198
473,0,206,1,963,962,0,13,1,451,450,0.0,0.0005105687736138058,1,709,708,3,-1,4,5,0,406,728,189
474,0,102,1,946,945,0,4,1,408,407,0.0,0.0002042275094455223,1,580,579,4,-1,5,2,0,469,910,237
475,14,220,629,973,344,20,24,582,655,73,0.00017018959120460194,0.0007147962830593281,561,771,210,3,4,4,4,4,784,501,724
476,18,18,705,705,0,14,14,629,629,0,0.00034037918240920387,0.00034037918240920387,657,657,0,-1,4,4,3,7,871,237,936
477,89,295,858,972,114,128,128,858,858,0,0.002144388849177984,0.002927260968719153,884,913,29,3,3,3,13,18,242,63,186
478,0,206,1,967,966,0,11,1,445,444,0.0,0.00030634126416828345,1,626,625,3,-1,4,4,1,711,738,199
479,0,206,1,968,967,0,9,1,441,440,0.0,0.0002723033459273631,1,613,612,3,-1,4,3,0,725,678,667
480,0,206,1,971,970,0,16,1,523,522,0.0,0.0010892133837094523,1,822,821,3,-1,4,4,1,559,779,157
481,69,171,881,962,81,44,44,872,872,0,0.0010892133837094523,0.001599782157323258,819,864,45,4,3,3,4,12,787,159,386
482,0,0,1,1,0,0,0,1,1,0,0.0,0.0,1,1,0,-1,-1,-1,17,0,73,515,738
483,28,234,803,984,181,8,8,589,589,0,0.0010211375472276116,0.0026209197045508697,825,913,88,3,4,4,2,12,821,172,91
484,29,130,716,917,201,94,94,844,844,0,0.0008169100377820892,0.0008169100377820892,780,780,0,6,3,3,9,4,200,125,140
485,10,112,527,907,380,26,26,503,503,0,0.00030634126416828345,0.0005446066918547262,629,707,78,4,4,4,7,3,346,307,507
486,0,101,1,867,866,0,36,1,331,330,0.0,0.0,1,1,0,9,-1,10,36,0,16,872,647
487,0,206,1,961,960,0,21,1,485,484,0.0,0.0004765308553728854,1,693,692,3,-1,4,7,0,364,903,245
488,33,134,764,933,169,30,30,652,652,0,0.00034037918240920387,0.00034037918240920387,659,659,0,5,4,4,5,9,396,375,495
489,0,102,1,917,916,0,6,1,361,360,0.0,3.4037918240920386e-05,1,407,406,4,-1,5,5,0,616,790,526
490,0,206,1,971,970,0,10,1,466,465,0.0,0.0009530617107457708,1,807,806,3,-1,4,3,0,680,849,559
491,0,0,1,1,0,0,0,1,1,0,0.0,0.0,1,1,0,-1,-1,-1,3,0,337,737,752
492,17,17,676,676,0,25,25,742,742,0,0.0002723033459273631,0.0002723033459273631,616,616,0,-1,3,3,4,3,682,441,707
493,0,0,1,1,0,0,0,1,1,0,0.0,0.0,1,1,0,-1,-1,-1,2,0,970,925,983
494,0,0,1,1,0,0,0,1,1,0,0.0,0.0,1,1,0,-1,-1,-1,4,0,543,833,808
495,2,208,356,953,597,17,45,359,474,115,0.0,0.00037441710065012424,1,652,651,3,5,4,15,2,32,292,343
496,69,171,883,966,83,50,50,927,927,0,0.001497668402600497,0.0016678579938050988,863,871,8,4,3,3,4,17,777,213,505
497,0,616,1,997,996,0,34,1,773,772,0.0,0.010143299635794275,1,982,981,2,-1,3,4,0,280,276,0
498,0,206,1,954,953,0,24,1,465,464,0.0,0.0006467204465774873,1,729,728,3,-1,4,8,0,303,426,390
499,60,162,803,928,125,78,78,636,636,0,0.0005105687736138058,0.0006126825283365669,710,735,25,4,3,3,12,13,239,256,829
500,14,220,571,967,396,30,30,551,551,0,0.00013615167296368154,0.0004765308553728854,518,694,176,3,4,4,7,5,361,722,652
501,17,119,637,926,289,40,40,727,727,0,0.0004084550188910446,0.0004765308553728854,677,698,21,4,3,3,5,2,506,101,710
502,24,230,699,972,273,44,44,716,716,0,0.0008509479560230097,0.0012934408931549745,792,846,54,3,3,3,7,3,305,704,296
503,0,101,1,898,897,0,8,1,332,331,0.0,0.0,1,1,0,5,-1,6,8,0,418,644,558
504,0,206,1,959,958,0,36,1,540,539,0.0,0.0016338200755641784,1,856,855,3,-1,4,10,0,437,769,87
505,0,0,1,1,0,0,0,1,1,0,0.0,0.0,1,1,0,-1,-1,-1,14,1,133,779,620
506,38,38,720,720,0,94,94,713,713,0,0.0008169100377820892,0.0008169100377820892,769,769,0,-1,3,3,13,4,120,288,372
507,172,378,915,978,63,288,288,917,917,0,0.0019741992579733825,0.002995336805200994,875,917,42,3,2,2,24,12,28,58,352
508,6,108,434,908,474,18,18,456,456,0,6.807583648184077e-05,0.00017018959120460194,451,550,99,4,4,4,7,1,658,322,260
509,2,2,351,351,0,17,17,370,370,0,3.4037918240920386e-05,3.4037918240920386e-05,411,411,0,-1,5,5,13,3,242,460,730
510,15,221,610,968,358,22,26,549,596,47,0.0002723033459273631,0.0007828721195411688,606,776,170,3,4,4,5,6,773,459,29
511,0,0,1,1,0,0,0,1,1,0,0.0,0.0,1,1,0,-1,-1,-1,3,0,833,784,767
512,0,102,1,928,927,0,7,1,401,400,0.0,0.00017018959120460194,1,543,542,4,-1,5,4,0,635,811,480
513,60,266,864,977,113,40,40,791,791,0,0.0013274788113958951,0.0015657442390823377,841,863,22,3,3,3,5,14,463,243,379
514,0,102,1,934,933,0,4,1,426,425,0.0,0.000442492937131965,1,692,691,4,-1,5,2,0,739,926,375
515,83,83,926,926,0,38,38,935,935,0,0.0024507301133462676,0.0024507301133462676,910,910,0,-1,3,3,3,25,840,47,856
516,0,0,1,1,0,0,0,1,1,0,0.0,0.0,1,1,0,-1,-1,-1,3,1,568,806,752
517,0,0,1,1,0,0,0,1,1,0,0.0,0.0,1,1,0,-1,-1,-1,15,1,81,650,787
518,0,102,1,904,903,0,7,1,383,382,0.0,0.00017018959120460194,1,536,535,4,-1,5,4,2,567,709,474
519,0,206,1,952,951,0,46,1,615,614,0.0,0.0018720855032506212,1,877,876,3,-1,4,9,0,316,820,85
520,78,694,785,991,206,268,296,777,814,37,0.0005105687736138058,0.0011232513019503727,686,815,129,2,2,2,33,5,9,252,340
521,0,0,1,1,0,0,0,1,1,0,0.0,0.0,1,1,0,-1,-1,-1,7,1,361,428,455
522,0,102,1,942,941,0,4,1,392,391,0.0,0.0007828721195411688,1,786,785,4,-1,5,2,0,771,999,642
523,65,167,827,938,111,86,86,757,757,0,0.0008509479560230097,0.0009530617107457708,780,794,14,4,3,3,10,9,114,240,532
524,0,102,1,924,923,0,5,1,363,362,0.0,0.00010211375472276115,1,487,486,4,-1,5,4,0,650,698,317
525,16,222,531,953,422,50,50,504,504,0,0.0,0.0002042275094455223,1,568,567,3,3,3,14,1,121,531,332
526,0,0,1,1,0,0,0,1,1,0,0.0,0.0,1,1,0,-1,-1,-1,16,0,53,952,978
527,38,140,708,908,200,90,90,635,635,0,0.00030634126416828345,0.0005446066918547262,635,715,80,4,3,3,15,4,40,202,500
528,22,124,718,945,227,24,24,708,708,0,0.00037441710065012424,0.00037441710065012424,657,657,0,4,4,4,4,7,611,253,369
529,83,83,853,853,0,86,86,768,768,0,0.0012594029749140542,0.0012594029749140542,841,841,0,-1,3,3,11,14,234,139,800
530,20,20,590,590,0,74,74,622,622,0,0.0002723033459273631,0.0002723033459273631,597,597,0,-1,4,4,13,4,92,86,914
531,0,0,1,1,0,0,0,1,1,0,0.0,0.0,1,1,0,-1,-1,-1,7,0,400,515,808
532,170,786,934,995,61,148,168,948,966,18,0.0038462847612240037,0.006773545729943157,935,967,32,2,2,2,10,20,205,87,8
533,8,8,472,472,0,30,30,453,453,0,6.807583648184077e-05,6.807583648184077e-05,442,442,0,-1,4,4,11,3,227,585,632
534,0,206,1,969,968,0,9,1,437,436,0.0,0.00017018959120460194,1,559,558,3,-1,4,4,0,641,889,314
535,37,243,826,983,157,28,28,845,845,0,0.0013274788113958951,0.0026549576227917903,837,916,79,3,3,3,3,6,953,397,27
536,0,102,1,934,933,0,5,1,395,394,0.0,0.0002723033459273631,1,616,615,4,-1,5,3,0,579,971,494
537,0,0,1,1,0,0,0,1,1,0,0.0,0.0,1,1,0,-1,-1,-1,6,0,237,831,863
538,18,18,706,706,0,18,18,664,664,0,0.0002042275094455223,0.0002042275094455223,576,576,0,-1,4,4,3,8,568,477,909
539,50,152,774,924,150,82,82,708,708,0,0.0006467204465774873,0.0008509479560230097,736,774,38,4,3,3,11,5,167,418,646
540,0,206,1,948,947,0,29,1,436,435,0.0,0.00030634126416828345,1,627,626,3,-1,4,12,0,52,824,275
541,162,162,929,929,0,164,164,959,959,0,0.0034718676605738795,0.0034718676605738795,931,931,0,-1,2,2,10,19,205,135,860
542,0,616,1,996,995,0,28,1,658,657,0.0,0.001940161339732462,1,889,888,2,-1,3,5,1,338,554,58
543,72,173,888,964,76,38,38,858,858,0,0.001157289220191293,0.001157289220191293,827,827,0,8,3,3,3,17,651,226,647
544,0,0,1,1,0,0,0,1,1,0,0.0,0.0,1,1,0,-1,-1,-1,3,0,576,914,726
545,6,6,397,397,0,39,39,442,442,0,0.0,0.0,1,1,0,-1,4,4,15,1,65,623,988
546,6,6,546,546,0,12,12,763,763,0,0.0002042275094455223,0.0002042275094455223,586,586,0,-1,4,4,2,1,865,720,906
547,2,103,357,922,565,7,7,396,396,0,0.0,3.4037918240920386e-05,1,390,389,5,5,5,4,1,384,606,603
548,30,236,685,960,275,60,60,623,623,0,0.00030634126416828345,0.0012594029749140542,624,831,207,3,3,3,11,6,220,258,269
549,111,212,898,954,56,150,150,901,901,0,0.0018380475850097008,0.0018380475850097008,870,870,0,5,3,3,15,18,110,148,640
550,16,632,546,994,448,84,94,742,779,37,0.0004084550188910446,0.0032336022328874367,680,926,246,2,3,3,12,1,183,80,31
551,6,108,403,896,493,44,44,551,551,0,0.00034037918240920387,0.0005105687736138058,636,692,56,4,4,4,10,1,256,741,655
552,460,460,993,993,0,78,78,981,981,0,0.012832295176826986,0.012832295176826986,989,989,0,-1,2,2,4,96,423,1,980
553,1,207,333,957,624,11,24,333,435,102,0.0,0.0006126825283365669,1,734,733,3,7,4,11,1,379,765,184
554,8,8,544,544,0,21,21,610,610,0,0.00010211375472276115,0.00010211375472276115,489,489,0,-1,4,4,5,3,376,508,388
555,0,206,1,975,974,0,8,1,481,480,0.0,0.0007828721195411688,1,773,772,3,-1,4,2,0,954,790,224
556,0,102,1,890,889,0,17,1,376,375,0.0,6.807583648184077e-05,1,440,439,4,-1,5,12,0,219,649,362
557,0,102,1,920,919,0,5,1,359,358,0.0,3.4037918240920386e-05,1,400,399,4,-1,5,4,1,741,948,298
558,0,0,1,1,0,0,0,1,1,0,0.0,0.0,1,1,0,-1,-1,-1,23,0,30,632,956
559,2,208,367,973,606,6,16,382,556,174,0.0,0.0006467204465774873,1,756,755,3,5,4,4,1,581,853,103
560,18,224,658,971,313,30,30,698,698,0,0.0005446066918547262,0.002552843868069029,719,911,192,3,4,4,5,3,688,382,304
561,38,244,810,977,167,54,54,908,908,0,0.0022465026039007454,0.003778208924742163,895,940,45,3,3,3,4,5,475,393,35
562,6,622,410,994,584,19,48,420,620,200,3.4037918240920386e-05,0.0019061234214915416,407,867,460,2,4,3,9,2,319,679,151
563,1,1,333,333,0,3,3,333,333,0,0.0,0.0,1,1,0,-1,6,6,3,1,584,530,887
564,30,230,803,979,176,12,12,609,609,0,0.000442492937131965,0.0009870996289866913,704,821,117,3,4,4,2,7,976,253,184
565,32,32,749,749,0,40,40,729,729,0,0.0006467204465774873,0.0006467204465774873,748,748,0,-1,3,3,5,7,531,303,513
566,16,222,605,967,362,56,56,789,789,0,0.0004084550188910446,0.0014295925661186562,669,853,184,3,3,3,6,1,369,404,96
567,0,102,1,932,931,0,4,1,366,365,0.0,3.4037918240920386e-05,1,402,401,4,-1,5,3,0,844,908,263
568,2,618,362,998,636,7,34,388,751,363,3.4037918240920386e-05,0.006569318220497634,398,972,574,2,5,3,4,1,762,734,70
569,0,102,1,880,879,0,20,1,356,355,0.0,0.0,1,1,0,4,-1,5,17,0,24,875,935
570,1,1,333,333,0,9,9,333,333,0,0.0,0.0,1,1,0,-1,8,8,9,1,159,647,806
571,6,6,410,410,0,19,19,429,429,0,6.807583648184077e-05,6.807583648184077e-05,446,446,0,-1,4,4,8,2,236,419,798
572,6,108,437,916,479,13,14,451,461,10,3.4037918240920386e-05,0.0006467204465774873,399,744,345,4,4,4,5,2,528,509,295
573,200,406,971,990,19,54,54,873,873,0,0.00445896728956057,0.005446066918547262,955,965,10,3,3,3,4,54,558,28,190
574,0,0,1,1,0,0,0,1,1,0,0.0,0.0,1,1,0,-1,-1,-1,9,1,367,730,372
575,2,104,359,917,558,7,8,360,377,17,6.807583648184077e-05,0.00017018959120460194,436,545,109,4,5,5,6,1,322,593,704
576,0,206,1,968,967,0,16,1,516,515,0.0,0.0005786446100956465,1,740,739,3,-1,4,4,0,444,912,83
577,100,100,924,924,0,100,100,997,997,0,0.0659654855509037,0.06654413016099936,1000,1000,0,4,1,1,3,118,626,37,405
578,158,158,960,960,0,102,102,998,998,0,0.006433166547533953,0.006433166547533953,968,968,0,-1,2,2,4,17,403,45,915
579,0,0,1,1,0,0,0,1,1,0,0.0,0.0,1,1,0,-1,-1,-1,21,0,25,812,738
580,0,101,1,956,955,0,2,1,331,330,0.0,0.0,1,1,0,6,-1,7,2,0,996,358,896
581,0,0,1,1,0,0,0,1,1,0,0.0,0.0,1,1,0,-1,-1,-1,9,0,319,908,678
582,0,101,1,933,932,0,3,1,332,331,0.0,3.4037918240920386e-05,1,402,401,5,-1,6,3,0,857,922,537
583,0,0,1,1,0,0,0,1,1,0,0.0,0.0,1,1,0,-1,-1,-1,15,0,104,778,802
584,32,238,699,963,264,66,66,642,642,0,0.0006126825283365669,0.001157289220191293,731,815,84,3,4,4,11,7,188,150,619
585,0,0,1,1,0,0,0,1,1,0,0.0,0.0,1,1,0,-1,-1,-1,5,0,793,923,877
586,6,6,408,408,0,38,38,460,460,0,0.00010211375472276115,0.00010211375472276115,487,487,0,-1,4,4,14,1,84,594,695
587,0,102,1,940,939,0,6,1,394,393,0.0,0.00037441710065012424,1,656,655,4,-1,5,4,0,553,800,399
588,0,101,1,898,897,0,8,1,332,331,0.0,0.0,1,1,0,5,-1,6,8,1,499,835,734
589,0,616,1,993,992,0,44,1,660,659,0.0,0.002825147213996392,1,923,922,2,-1,3,7,0,265,883,119
590,15,117,637,936,299,10,10,460,460,0,0.0002723033459273631,0.0005786446100956465,601,728,127,4,4,4,3,9,577,317,619
591,199,399,968,986,18,48,48,920,920,0,0.004356853534837809,0.005207801490860819,949,964,15,3,3,3,3,48,930,56,67
592,16,117,649,938,289,16,16,561,561,0,0.0002042275094455223,0.0002042275094455223,576,576,0,5,4,4,4,7,682,188,736
593,40,40,767,767,0,58,58,728,728,0,0.0004765308553728854,0.0004765308553728854,693,693,0,-1,3,3,8,5,334,283,800
594,8,110,566,949,383,14,14,620,620,0,0.0002382654276864427,0.0008509479560230097,591,796,205,4,4,4,3,4,523,551,277
595,21,123,685,933,248,18,18,574,574,0,0.0005105687736138058,0.00088498587426393,714,794,80,4,4,4,3,6,459,295,145
596,12,113,580,920,340,22,22,552,552,0,6.807583648184077e-05,6.807583648184077e-05,445,445,0,5,4,4,5,2,604,468,534
597,118,734,914,997,83,92,92,894,894,0,0.002212464685659825,0.003369753905851118,895,933,38,2,3,3,7,22,372,128,340
598,0,206,1,959,958,0,17,1,430,429,0.0,0.00013615167296368154,1,515,514,3,-1,4,8,0,260,908,785
599,6,622,382,990,608,39,74,476,612,136,6.807583648184077e-05,0.003608019333537561,448,939,491,2,4,3,12,2,239,550,142
600,24,125,678,921,243,34,34,635,635,0,0.0002042275094455223,0.0002042275094455223,554,554,0,5,3,3,6,3,393,248,503
601,65,166,879,965,86,34,34,832,832,0,0.0020763130126961434,0.0020763130126961434,885,885,0,5,3,3,4,15,507,62,896
602,0,0,1,1,0,0,0,1,1,0,0.0,0.0,1,1,0,-1,-1,-1,11,0,229,984,431
603,8,110,543,936,393,22,22,596,596,0,0.0002042275094455223,0.00034037918240920387,572,660,88,4,4,4,5,2,647,697,474
604,8,624,566,999,433,12,22,609,799,190,0.00013615167296368154,0.005582218591510943,533,959,426,2,4,3,2,4,976,346,21
605,0,0,1,1,0,0,0,1,1,0,0.0,0.0,1,1,0,-1,-1,-1,9,0,191,564,909
606,148,354,960,991,31,64,64,964,964,0,0.005207801490860819,0.006773545729943157,959,965,6,3,2,2,4,24,507,13,61
607,5,107,478,942,464,6,6,438,438,0,0.00013615167296368154,0.0002723033459273631,530,635,105,4,5,5,3,4,845,332,670
608,21,227,824,994,170,8,8,652,652,0,0.0018040096667687805,0.004935498144933456,882,962,80,3,4,4,2,14,872,84,17
609,0,0,1,1,0,0,0,1,1,0,0.0,0.0,1,1,0,-1,-1,-1,7,0,329,498,872
610,0,0,1,1,0,0,0,1,1,0,0.0,0.0,1,1,0,-1,-1,-1,5,3,501,753,830
611,70,276,840,972,132,108,108,910,910,0,0.0020082371762143027,0.003778208924742163,877,939,62,3,2,2,9,7,208,224,112
612,231,437,968,986,18,118,118,964,964,0,0.00353994349705572,0.004118588107151367,934,943,9,3,3,3,8,44,595,27,453
613,13,115,796,984,188,8,8,753,753,0,0.0005446066918547262,0.0008169100377820892,742,801,59,4,4,4,2,6,955,194,509
614,0,206,1,958,957,0,32,1,553,552,0.0,0.00176997174852786,1,861,860,3,-1,4,8,0,488,836,119
615,22,228,745,975,230,10,18,501,707,206,0.0005105687736138058,0.002280540522141666,720,902,182,3,4,4,3,9,826,245,36
616,65,167,819,928,109,124,124,814,814,0,0.0012253650566731338,0.0012934408931549745,821,830,9,4,2,2,14,10,130,296,464
617,52,258,812,971,159,88,88,878,878,0,0.0019741992579733825,0.0026889955410327104,877,911,34,3,2,2,8,3,443,382,405
618,0,206,1,948,947,0,58,1,512,511,0.0,0.0008509479560230097,1,774,773,3,-1,4,15,1,40,705,243
619,32,238,631,949,318,120,120,619,619,0,0.0005446066918547262,0.0007488342013002485,701,752,51,3,3,3,22,3,18,795,584
620,185,185,949,949,0,92,92,902,902,0,0.003165526396405596,0.003165526396405596,920,920,0,-1,3,3,7,30,340,65,643
621,11,112,610,942,332,14,14,571,571,0,0.00034037918240920387,0.00034037918240920387,649,649,0,5,4,4,3,4,615,504,560
622,0,206,1,953,952,0,23,1,396,395,0.0,0.00013615167296368154,1,511,510,3,-1,4,13,1,242,949,270
623,12,114,531,903,372,34,34,560,560,0,0.0002723033459273631,0.0005786446100956465,615,730,115,4,4,4,7,2,331,682,170
624,12,218,566,970,404,42,42,734,734,0,0.0002042275094455223,0.0014636304843595766,574,848,274,3,4,4,7,4,697,551,137
625,58,160,754,912,158,146,146,684,684,0,0.0008509479560230097,0.0012253650566731338,770,829,59,4,2,2,22,4,18,220,869
626,0,101,1,883,882,0,9,1,332,331,0.0,3.4037918240920386e-05,1,394,393,5,-1,6,9,0,351,731,781
627,13,114,650,943,293,14,14,598,598,0,0.00010211375472276115,0.00013615167296368154,504,532,28,6,4,4,3,3,530,347,748
628,16,118,639,937,298,26,26,736,736,0,0.0004084550188910446,0.0006126825283365669,667,743,76,4,3,3,4,3,545,410,385
629,19,225,676,970,294,26,26,631,631,0,0.0004084550188910446,0.0008509479560230097,679,790,111,3,4,4,5,7,478,329,312
630,12,218,570,966,396,30,30,564,564,0,0.00010211375472276115,0.000442492937131965,484,688,204,3,4,4,7,5,505,124,645
631,190,396,953,983,30,90,90,938,938,0,0.003437829742332959,0.00353994349705572,930,932,2,3,2,2,6,34,630,89,259
632,0,206,1,966,965,0,14,1,516,515,0.0,0.00034037918240920387,1,648,647,3,-1,4,3,0,613,860,326
633,75,177,943,984,41,22,22,905,905,0,0.00891793457912114,0.009020048333843901,981,981,0,4,3,3,2,24,898,119,305
634,0,101,1,924,923,0,5,1,332,331,0.0,3.4037918240920386e-05,1,401,400,5,-1,6,5,2,602,684,534
635,19,225,718,977,259,20,28,772,805,33,0.0009190237925048504,0.003608019333537561,803,937,134,3,3,3,3,3,670,411,48
636,6,212,393,947,554,37,70,435,564,129,0.0,0.0012594029749140542,1,822,821,3,4,4,15,1,107,623,84
637,0,101,1,942,941,0,2,1,331,330,0.0,6.807583648184077e-05,1,458,457,5,-1,6,2,1,919,948,325
638,0,206,1,971,970,0,20,1,647,646,0.0,0.0057524081827155455,1,960,959,3,-1,4,4,2,945,752,1
639,12,113,641,953,312,12,12,655,655,0,0.00030634126416828345,0.00034037918240920387,653,663,10,5,4,4,2,2,817,827,337
640,112,112,951,951,0,38,38,930,930,0,0.0032336022328874367,0.0032336022328874367,933,933,0,-1,3,3,3,24,797,13,773
641,2,2,360,360,0,10,10,385,385,0,3.4037918240920386e-05,3.4037918240920386e-05,407,407,0,-1,5,5,7,1,722,503,804
642,0,0,1,1,0,0,0,1,1,0,0.0,0.0,1,1,0,-1,-1,-1,5,0,552,875,228
643,2,2,367,367,0,8,8,418,418,0,0.00010211375472276115,0.00010211375472276115,490,490,0,-1,5,5,4,2,397,492,909
644,16,117,537,889,352,58,58,581,581,0,0.00034037918240920387,0.00034037918240920387,641,641,0,6,3,3,12,1,348,452,656
645,35,35,810,810,0,12,12,609,609,0,0.0004765308553728854,0.0004765308553728854,694,694,0,-1,4,4,2,11,733,162,372
646,0,102,1,878,877,0,17,1,379,378,0.0,0.00030634126416828345,1,625,624,4,-1,5,11,0,162,859,459
647,6,108,434,908,474,30,30,563,563,0,6.807583648184077e-05,0.00010211375472276115,451,481,30,4,4,4,7,1,658,689,870
648,12,114,565,924,359,20,20,498,498,0,0.00013615167296368154,0.00030634126416828345,528,625,97,4,4,4,6,3,251,505,350
649,0,206,1,976,975,0,12,1,596,595,0.0,0.002110350930937064,1,899,898,3,-1,4,2,1,771,730,17
650,0,0,1,1,0,0,0,1,1,0,0.0,0.0,1,1,0,-1,-1,-1,3,0,288,228,445
651,7,7,493,493,0,26,26,513,513,0,0.0,0.0,1,1,0,-1,4,4,7,2,273,627,767
652,6,108,398,891,493,18,22,382,400,18,0.0,6.807583648184077e-05,1,443,442,4,4,4,12,1,375,924,756
653,19,121,629,918,289,44,44,661,661,0,0.0002042275094455223,0.0002723033459273631,563,604,41,4,3,3,7,5,265,395,466
654,0,206,1,972,971,0,15,1,558,557,0.0,0.0005105687736138058,1,715,714,3,-1,4,4,0,461,565,480
655,0,102,1,935,934,0,3,1,367,366,0.0,3.4037918240920386e-05,1,402,401,4,-1,5,2,0,993,776,451
656,0,102,1,893,892,0,14,1,374,373,0.0,0.00013615167296368154,1,516,515,4,-1,5,10,0,254,889,360
657,2,2,387,387,0,4,4,453,453,0,0.00017018959120460194,0.00017018959120460194,565,565,0,-1,5,5,2,3,847,309,949
658,19,121,686,934,248,30,30,657,657,0,0.00034037918240920387,0.0005786446100956465,647,718,71,4,3,3,6,3,322,536,378
659,77,283,841,972,131,126,126,860,860,0,0.0018720855032506212,0.0021784267674189047,874,896,22,3,2,2,12,8,116,497,652
660,14,115,535,893,358,48,48,504,504,0,3.4037918240920386e-05,3.4037918240920386e-05,407,407,0,6,4,4,14,4,144,332,861
661,0,206,1,938,937,0,58,1,461,460,0.0,0.0004084550188910446,1,659,658,3,-1,4,19,0,19,638,432
662,0,0,1,1,0,0,0,1,1,0,0.0,0.0,1,1,0,-1,-1,-1,3,0,642,372,996
663,0,0,1,1,0,0,0,1,1,0,0.0,0.0,1,1,0,-1,-1,-1,5,0,463,205,999
664,0,0,1,1,0,0,0,1,1,0,0.0,0.0,1,1,0,-1,-1,-1,16,0,78,859,716
665,0,101,1,869,868,0,19,1,331,330,0.0,0.0,1,1,0,6,-1,7,19,0,148,786,582
666,2,208,361,971,610,6,22,361,610,249,0.0,0.002314578440382586,1,903,902,3,5,4,5,2,463,656,135
667,436,538,984,991,7,192,192,986,986,0,0.007454304094761564,0.007590455767725246,973,973,0,4,2,2,9,55,191,21,22
668,40,40,841,841,0,47,47,962,962,0,0.005207801490860819,0.005207801490860819,957,957,0,-1,2,2,3,1,854,879,826
669,0,0,1,1,0,0,0,1,1,0,0.0,0.0,1,1,0,-1,-1,-1,10,0,114,574,801
670,0,0,1,1,0,0,0,1,1,0,0.0,0.0,1,1,0,-1,-1,-1,9,0,101,696,660
671,14,116,613,931,318,24,24,650,650,0,0.00030634126416828345,0.0004765308553728854,631,697,66,4,4,4,4,3,815,173,697
672,0,102,1,890,889,0,14,1,357,356,0.0,6.807583648184077e-05,1,440,439,4,-1,5,12,0,219,740,627
673,2,104,356,912,556,8,9,356,373,17,0.0,6.807583648184077e-05,1,447,446,4,5,5,7,1,141,924,534
674,2,2,358,358,0,8,8,367,367,0,6.807583648184077e-05,6.807583648184077e-05,445,445,0,-1,5,5,6,1,587,771,786
675,0,206,1,946,945,0,18,1,377,376,0.0,3.4037918240920386e-05,1,401,400,3,-1,4,12,0,44,760,572
676,6,212,464,972,508,10,18,489,637,148,0.00013615167296368154,0.005003573981415297,516,956,440,3,4,4,3,1,935,452,5
677,0,102,1,918,917,0,8,1,414,413,0.0,6.807583648184077e-05,1,456,455,4,-1,5,4,0,690,890,541
678,18,119,702,947,245,16,16,575,575,0,0.0010211375472276116,0.0010211375472276116,806,806,0,8,4,4,4,3,553,642,857
679,0,206,1,964,963,0,30,1,556,555,0.0,0.001157289220191293,1,822,821,3,-1,4,7,0,336,546,297
680,0,616,1,997,996,0,48,1,757,756,0.0,0.005990673610401988,1,966,965,2,-1,3,7,0,697,858,9
681,0,0,1,1,0,0,0,1,1,0,0.0,0.0,1,1,0,-1,-1,-1,9,3,269,746,863
682,0,101,1,929,928,0,4,1,331,330,0.0,3.4037918240920386e-05,1,393,392,5,-1,6,4,0,563,950,601
683,2,104,373,953,580,8,8,465,465,0,3.4037918240920386e-05,0.0002723033459273631,410,609,199,4,5,5,4,2,738,719,368
684,46,252,827,977,150,54,54,900,900,0,0.0012594029749140542,0.0015657442390823377,836,859,23,3,3,3,4,5,755,403,165
685,37,243,775,972,197,46,46,710,710,0,0.00034037918240920387,0.0004765308553728854,657,703,46,3,3,3,7,8,505,302,247
686,14,116,676,959,283,18,18,696,696,0,0.0006467204465774873,0.0007488342013002485,756,773,17,4,4,4,3,5,718,283,659
687,295,501,966,983,17,282,282,956,956,0,0.0033016780693692774,0.003642057251778481,930,939,9,3,2,2,19,30,35,65,338
688,6,108,473,931,458,16,16,554,554,0,0.0002382654276864427,0.00034037918240920387,605,653,48,4,4,4,4,3,706,285,710
689,0,206,1,950,949,0,32,1,453,452,0.0,0.0004765308553728854,1,696,695,3,-1,4,12,0,96,952,155
690,38,654,748,992,244,84,98,833,859,26,0.0008169100377820892,0.005173763572619898,773,962,189,2,3,3,8,4,434,336,88
691,0,206,1,968,967,0,22,1,561,560,0.0,0.0006467204465774873,1,752,751,3,-1,4,5,0,386,635,207
692,58,159,895,975,80,22,22,837,837,0,0.00088498587426393,0.00088498587426393,803,803,0,5,3,3,2,17,618,131,704
693,6,6,395,395,0,34,34,482,482,0,0.00013615167296368154,0.00013615167296368154,509,509,0,-1,4,4,11,1,360,420,993
694,122,122,959,959,0,22,22,834,834,0,0.0034718676605738795,0.0034718676605738795,944,944,0,-1,3,3,2,28,895,41,564
695,73,174,845,939,94,114,114,882,882,0,0.0016338200755641784,0.0016678579938050988,861,864,3,5,2,2,10,5,125,454,676
696,236,337,967,979,12,98,98,896,896,0,0.0036760951700194017,0.0036760951700194017,937,937,0,6,3,3,8,38,301,111,344
697,2,104,364,925,561,7,10,379,439,60,3.4037918240920386e-05,0.0014636304843595766,405,853,448,4,5,5,5,1,456,402,72
698,81,183,828,927,99,126,126,690,690,0,0.0008509479560230097,0.0008509479560230097,771,771,0,4,3,3,19,12,46,159,748
699,0,102,1,883,882,0,14,1,372,371,0.0,3.4037918240920386e-05,1,402,401,4,-1,5,10,0,205,629,719
700,16,222,578,968,390,60,60,770,770,0,0.00030634126416828345,0.0006126825283365669,616,734,118,3,3,3,8,1,302,720,343
701,64,270,822,965,143,126,126,857,857,0,0.0008509479560230097,0.0010211375472276116,780,811,31,3,2,2,12,6,252,107,453
702,2,104,366,931,565,8,8,412,412,0,0.0,6.807583648184077e-05,1,446,445,4,5,5,5,1,727,503,718
703,44,250,830,979,149,20,20,603,603,0,0.0006807583648184077,0.00088498587426393,756,801,45,3,4,4,4,13,313,217,346
704,25,127,710,933,223,44,44,706,706,0,0.00034037918240920387,0.0006807583648184077,663,753,90,4,3,3,7,6,342,379,516
705,2,208,366,974,608,4,8,395,491,96,3.4037918240920386e-05,0.0005446066918547262,401,717,316,3,5,4,2,1,598,899,114
706,107,723,943,1000,57,18,32,809,971,162,0.0028932230504782326,0.0247115286429082,927,995,68,2,3,3,2,24,283,13,123
707,1,207,333,965,632,5,26,333,579,246,0.0,0.0011232513019503727,1,817,816,3,6,4,5,1,390,540,255
708,21,227,642,962,320,28,28,521,521,0,0.00017018959120460194,0.0008509479560230097,543,780,237,3,4,4,8,6,236,486,390
709,0,0,1,1,0,0,0,1,1,0,0.0,0.0,1,1,0,-1,-1,-1,3,0,716,919,356
710,164,164,959,959,0,68,68,955,955,0,0.00445896728956057,0.00445896728956057,953,953,0,-1,2,2,4,30,641,39,953
711,18,120,710,949,239,12,12,586,586,0,0.0011913271384322134,0.001497668402600497,839,864,25,4,4,4,2,5,596,393,272
712,18,224,619,965,346,44,44,635,635,0,6.807583648184077e-05,0.00030634126416828345,445,631,186,3,3,3,9,3,278,300,280
713,39,141,781,934,153,74,74,875,875,0,0.00030634126416828345,0.00037441710065012424,632,659,27,4,3,3,7,6,362,107,958
714,25,25,721,721,0,12,12,459,459,0,0.00017018959120460194,0.00017018959120460194,543,543,0,-1,4,4,4,7,623,176,657
715,53,53,855,855,0,18,18,703,703,0,0.001055175465468532,0.001055175465468532,822,822,0,-1,4,4,3,18,857,147,772
716,0,206,1,969,968,0,10,1,469,468,0.0,0.00034037918240920387,1,649,648,3,-1,4,3,0,743,358,480
717,2,104,366,937,571,3,4,368,410,42,0.0,6.807583648184077e-05,1,439,438,4,5,5,2,2,733,509,561
718,0,101,1,925,924,0,4,1,332,331,0.0,3.4037918240920386e-05,1,412,411,5,-1,6,4,0,619,367,764
719,0,0,1,1,0,0,0,1,1,0,0.0,0.0,1,1,0,-1,-1,-1,13,1,242,539,957
720,10,111,653,966,313,10,10,624,624,0,0.00010211375472276115,0.00030634126416828345,493,645,152,5,4,4,3,3,852,347,625
721,30,132,736,934,198,40,40,717,717,0,0.0010211375472276116,0.0011232513019503727,814,823,9,4,3,3,5,6,347,234,829
722,2,2,371,371,0,4,4,406,406,0,0.0002382654276864427,0.0002382654276864427,607,607,0,-1,5,5,2,1,232,869,488
723,0,102,1,904,903,0,9,1,380,379,0.0,0.00013615167296368154,1,520,519,4,-1,5,6,1,606,539,107
724,899,1099,998,999,1,198,198,997,997,0,0.018210286258892407,0.01858470335954253,991,991,0,3,2,2,7,127,591,11,418
725,100,100,961,961,0,100,100,998,998,0,0.07716396065216652,0.07716396065216652,1000,1000,0,-1,1,1,2,3,810,646,632
726,2,103,372,944,572,4,4,424,424,0,6.807583648184077e-05,6.807583648184077e-05,443,443,0,5,5,5,2,1,938,964,599
727,2,103,368,934,566,4,4,401,401,0,0.0,0.0,1,1,0,5,5,5,2,1,653,788,331
728,8,8,518,518,0,14,14,463,463,0,3.4037918240920386e-05,3.4037918240920386e-05,410,410,0,-1,4,4,5,2,531,749,812
729,0,102,1,904,903,0,8,1,355,354,0.0,0.00017018959120460194,1,532,531,4,-1,5,7,0,305,890,380
730,19,120,630,907,277,30,30,500,500,0,0.000442492937131965,0.000442492937131965,683,683,0,5,4,4,9,6,200,229,615
731,0,102,1,924,923,0,5,1,361,360,0.0,6.807583648184077e-05,1,439,438,4,-1,5,4,1,735,913,595
732,14,116,587,921,334,26,26,608,608,0,0.0002042275094455223,0.0002382654276864427,580,595,15,4,4,4,5,3,438,301,964
733,0,0,1,1,0,0,0,1,1,0,0.0,0.0,1,1,0,-1,-1,-1,8,0,137,906,996
734,0,206,1,945,944,0,60,1,491,490,0.0,0.0011232513019503727,1,812,811,3,-1,4,18,0,64,538,335
735,30,30,771,771,0,18,18,617,617,0,0.00017018959120460194,0.00017018959120460194,556,556,0,-1,4,4,3,11,621,162,961
736,0,101,1,915,914,0,4,1,331,330,0.0,0.0,1,1,0,6,-1,7,4,0,544,956,140
737,2,103,417,975,558,3,3,438,438,0,0.00010211375472276115,0.00010211375472276115,496,496,0,5,5,5,2,2,944,654,544
738,14,116,586,921,335,18,18,492,492,0,0.00034037918240920387,0.0004084550188910446,656,677,21,4,4,4,5,3,408,677,530
739,0,206,1,946,945,0,40,1,435,434,0.0,0.0004084550188910446,1,652,651,3,-1,4,17,0,63,696,90
740,79,285,872,977,105,34,34,679,679,0,0.0012594029749140542,0.0023486163586235067,841,908,67,3,3,3,4,18,493,147,139
741,0,0,1,1,0,0,0,1,1,0,0.0,0.0,1,1,0,-1,-1,-1,8,0,325,826,960
742,60,162,814,932,118,84,84,809,809,0,0.0014295925661186562,0.0015317063208414173,837,845,8,4,3,3,9,6,140,295,464
743,23,23,752,752,0,12,12,616,616,0,0.0004084550188910446,0.0004084550188910446,680,680,0,-1,4,4,2,9,937,343,643
744,16,222,610,969,359,22,26,650,687,37,0.00034037918240920387,0.00037441710065012424,644,662,18,3,3,3,4,1,547,282,394
745,0,206,1,958,957,0,38,1,570,569,0.0,0.0020763130126961434,1,886,885,3,-1,4,9,1,389,780,13
746,110,110,954,954,0,44,44,929,929,0,0.004288777698355968,0.004288777698355968,943,943,0,-1,3,3,4,31,738,102,877
747,68,170,905,972,67,28,28,831,831,0,0.0018380475850097008,0.0020763130126961434,885,895,10,4,3,3,3,22,642,116,80
748,11,11,647,647,0,10,10,561,561,0,0.0005446066918547262,0.0005446066918547262,717,717,0,-1,4,4,3,7,796,371,548
749,68,170,902,970,68,28,28,855,855,0,0.0018720855032506212,0.0020422750944552232,880,893,13,4,3,3,3,15,674,153,385
750,0,0,1,1,0,0,0,1,1,0,0.0,0.0,1,1,0,-1,-1,-1,8,0,483,992,614
751,28,234,717,970,253,36,40,622,658,36,0.0005105687736138058,0.0012934408931549745,709,827,118,3,4,4,8,8,309,386,805
752,43,249,826,977,151,24,24,763,763,0,0.0011232513019503727,0.0014636304843595766,827,865,38,3,3,3,3,8,882,497,246
753,100,100,849,849,0,188,188,869,869,0,0.0022465026039007454,0.0022465026039007454,896,896,0,-1,2,2,19,11,48,193,801
754,16,222,663,977,314,18,18,767,767,0,0.0002382654276864427,0.0015657442390823377,586,858,272,3,3,3,2,1,733,870,89
755,41,142,765,928,163,70,70,694,694,0,0.000442492937131965,0.000442492937131965,697,697,0,8,3,3,10,9,149,191,765
756,6,108,485,947,462,10,10,519,519,0,6.807583648184077e-05,0.0006126825283365669,446,750,304,4,4,4,3,2,642,648,253
757,42,42,761,761,0,56,56,626,626,0,0.0005446066918547262,0.0005446066918547262,705,705,0,-1,4,4,10,9,310,245,436
758,236,337,969,982,13,92,92,898,898,0,0.003982436434187685,0.003982436434187685,947,947,0,5,3,3,7,31,273,76,736
759,35,651,726,993,267,54,58,627,648,21,0.000442492937131965,0.0016338200755641784,666,858,192,2,3,3,10,7,256,188,277
760,0,102,1,916,915,0,6,1,387,386,0.0,0.00017018959120460194,1,543,542,4,-1,5,4,1,401,539,239
761,90,690,875,996,121,68,68,803,803,0,0.0019061234214915416,0.011504816365431091,881,984,103,2,3,3,8,20,595,87,37
762,0,102,1,921,920,0,7,1,395,394,0.0,0.00017018959120460194,1,541,540,4,-1,5,4,0,384,995,682
763,8,8,582,582,0,6,6,486,486,0,0.00013615167296368154,0.00013615167296368154,521,521,0,-1,5,5,3,5,796,274,887
764,18,224,643,969,326,14,18,501,565,64,0.00037441710065012424,0.0013274788113958951,661,847,186,3,4,4,3,8,634,417,412
765,28,130,782,948,166,12,12,599,599,0,0.000442492937131965,0.0007147962830593281,688,765,77,4,4,4,2,11,926,316,494
766,9,215,571,974,403,14,18,543,645,102,0.00010211375472276115,0.0015317063208414173,488,860,372,3,4,4,3,7,626,451,127
767,2,104,353,896,543,13,14,380,385,5,0.0,6.807583648184077e-05,1,453,452,4,5,5,9,1,245,788,444
768,95,196,867,948,81,94,94,845,845,0,0.0013955546478777359,0.0013955546478777359,834,834,0,5,3,3,9,18,140,147,292
769,6,108,503,957,454,7,7,528,528,0,0.0002042275094455223,0.00034037918240920387,585,664,79,4,4,4,2,2,806,805,435
770,42,42,805,805,0,46,46,771,771,0,0.0013274788113958951,0.0013274788113958951,843,843,0,-1,3,3,6,6,405,397,750
771,0,0,1,1,0,0,0,1,1,0,0.0,0.0,1,1,0,-1,-1,-1,19,0,14,672,826
772,0,0,1,1,0,0,0,1,1,0,0.0,0.0,1,1,0,-1,-1,-1,18,0,34,737,985
773,80,680,821,992,171,194,194,841,841,0,0.0015317063208414173,0.010483678818203479,849,979,130,2,3,3,19,11,89,193,0
774,34,240,767,970,203,96,96,939,939,0,0.0014636304843595766,0.0020422750944552232,846,883,37,3,3,3,6,7,345,630,242
775,9,9,694,694,0,4,4,507,507,0,0.0008509479560230097,0.0008509479560230097,808,808,0,-1,5,5,2,5,978,403,867
776,28,130,668,903,235,96,96,757,757,0,0.0007488342013002485,0.0008509479560230097,752,770,18,4,3,3,11,6,162,192,341
777,0,0,1,1,0,0,0,1,1,0,0.0,0.0,1,1,0,-1,-1,-1,2,0,952,865,911
778,7,108,548,947,399,12,12,604,604,0,0.00010211375472276115,0.00017018959120460194,487,546,59,5,4,4,2,2,761,408,666
779,12,1652,522,1000,478,38,118,524,908,384,3.4037918240920386e-05,0.014806494434800367,407,987,580,1,4,2,9,2,123,251,25
780,100,100,891,891,0,100,100,925,925,0,0.03097450559923755,0.032029681064706085,1000,1000,0,3,1,1,8,62,454,70,144
781,75,75,873,873,0,60,60,876,876,0,0.001497668402600497,0.001497668402600497,852,852,0,-1,3,3,5,9,605,277,728
782,2,103,353,900,547,8,8,354,354,0,0.0,0.00030634126416828345,1,635,634,5,5,5,7,1,207,734,722
783,0,102,1,943,942,0,3,1,371,370,0.0,0.00017018959120460194,1,546,545,4,-1,5,2,1,761,738,208
784,0,0,1,1,0,0,0,1,1,0,0.0,0.0,1,1,0,-1,-1,-1,5,0,464,751,967
785,2,104,353,896,543,10,12,354,374,20,0.0,0.0,1,1,0,4,5,5,9,2,245,357,231
786,24,24,725,725,0,24,24,735,735,0,0.0005105687736138058,0.0005105687736138058,711,711,0,-1,3,3,3,4,577,220,604
787,60,266,814,970,156,136,136,905,905,0,0.0015317063208414173,0.003267640151128357,847,929,82,3,3,3,11,8,307,174,49
788,16,118,558,897,339,44,44,543,543,0,6.807583648184077e-05,0.00010211375472276115,446,480,34,4,3,3,11,1,360,756,416
789,584,1200,992,1000,8,216,216,997,997,0,0.011266550937744648,0.014704380680077607,981,987,6,2,2,2,9,78,263,9,75
790,0,0,1,1,0,0,0,1,1,0,0.0,0.0,1,1,0,-1,-1,-1,15,0,124,961,348
791,0,206,1,981,980,0,8,1,527,526,0.0,0.0020422750944552232,1,895,894,3,-1,4,2,0,618,600,39
792,0,0,1,1,0,0,0,1,1,0,0.0,0.0,1,1,0,-1,-1,-1,4,0,758,872,815
793,19,19,642,642,0,60,60,786,786,0,0.0002382654276864427,0.0002382654276864427,591,591,0,-1,3,3,8,3,488,508,796
794,2,208,350,951,601,10,20,360,430,70,6.807583648184077e-05,0.0009870996289866913,444,793,349,3,5,4,8,2,317,615,62
795,0,0,1,1,0,0,0,1,1,0,0.0,0.0,1,1,0,-1,-1,-1,2,0,884,804,834
796,453,659,992,997,5,88,88,969,969,0,0.009326389598012186,0.009632730862180468,980,982,2,3,2,2,4,75,509,24,328
797,0,101,1,892,891,0,7,1,332,331,0.0,0.0,1,1,0,5,-1,6,7,0,331,808,601
798,0,0,1,1,0,0,0,1,1,0,0.0,0.0,1,1,0,-1,-1,-1,7,0,346,773,933
799,0,102,1,878,877,0,21,1,372,371,0.0,0.00037441710065012424,1,653,652,4,-1,5,15,0,81,758,613
800,126,227,909,959,50,140,140,923,923,0,0.0026889955410327104,0.0026889955410327104,908,908,0,5,2,2,11,14,215,146,646
801,54,156,814,933,119,94,94,852,852,0,0.0010211375472276116,0.001055175465468532,810,811,1,4,3,3,9,8,208,264,549
802,0,206,1,986,985,0,8,1,594,593,0.0,0.000442492937131965,1,701,700,3,-1,4,2,0,847,996,199
803,38,244,799,975,176,32,32,744,744,0,0.0006467204465774873,0.0015657442390823377,739,860,121,3,3,3,5,13,456,217,148
804,144,350,943,984,41,82,82,893,893,0,0.0022465026039007454,0.0034718676605738795,899,934,35,3,3,3,7,20,497,43,151
805,30,236,768,973,205,36,40,746,778,32,0.0009530617107457708,0.0016678579938050988,810,866,56,3,3,3,5,4,604,207,432
806,16,1656,621,1000,379,28,66,639,913,274,0.0004084550188910446,0.022805405221416657,683,995,312,1,3,2,5,2,294,550,105
807,16,16,582,582,0,28,28,502,502,0,0.00010211375472276115,0.00010211375472276115,485,485,0,-1,3,3,8,2,350,419,786
808,17,223,658,973,315,24,24,669,669,0,0.00034037918240920387,0.0006467204465774873,644,737,93,3,4,4,4,6,655,199,154
809,7,7,523,523,0,26,26,694,694,0,0.00037441710065012424,0.00037441710065012424,683,683,0,-1,4,4,5,3,744,299,760
810,56,672,786,992,206,114,124,751,784,33,0.0011232513019503727,0.002723033459273631,816,917,101,2,3,3,14,6,85,289,180
811,8,624,476,995,519,34,74,446,611,165,3.4037918240920386e-05,0.002280540522141666,406,898,492,2,4,3,14,2,47,602,108
812,0,102,1,918,917,0,8,1,411,410,0.0,0.0012594029749140542,1,832,831,4,-1,5,4,0,832,850,122
813,0,206,1,971,970,0,8,1,472,471,0.0,0.0011913271384322134,1,844,843,3,-1,4,2,0,990,713,61
814,0,0,1,1,0,0,0,1,1,0,0.0,0.0,1,1,0,-1,-1,-1,9,0,166,979,358
815,334,540,978,992,14,140,140,988,988,0,0.009734844616903231,0.010347527145239796,976,979,3,3,2,2,7,50,413,33,390
816,6,6,518,518,0,12,12,664,664,0,0.00013615167296368154,0.00013615167296368154,541,541,0,-1,4,4,2,2,781,544,801
817,0,0,1,1,0,0,0,1,1,0,0.0,0.0,1,1,0,-1,-1,-1,2,0,936,489,678
818,0,102,1,876,875,0,12,1,372,371,0.0,0.0002382654276864427,1,578,577,4,-1,5,8,0,370,793,648
819,12,12,627,627,0,14,14,590,590,0,0.000442492937131965,0.000442492937131965,692,692,0,-1,4,4,3,2,716,425,742
820,19,19,600,600,0,66,66,544,544,0,0.000442492937131965,0.000442492937131965,680,680,0,-1,4,4,15,7,0,371,981
821,41,143,767,916,149,110,110,852,852,0,0.0004765308553728854,0.0007147962830593281,684,748,64,4,2,2,11,3,360,541,376
822,160,262,963,978,15,44,44,891,891,0,0.003982436434187685,0.004118588107151367,946,946,0,4,3,3,4,38,563,111,350
823,0,0,1,1,0,0,0,1,1,0,0.0,0.0,1,1,0,-1,-1,-1,4,0,655,818,201
824,76,178,821,936,115,194,194,913,913,0,0.0013955546478777359,0.001599782157323258,846,862,16,4,2,2,15,7,51,224,317
825,0,102,1,937,936,0,4,1,371,370,0.0,0.00037441710065012424,1,674,673,4,-1,5,3,1,899,913,192
826,118,324,956,991,35,46,46,974,974,0,0.006637394056979475,0.007250076585316042,971,974,3,3,2,2,2,19,896,135,185
827,0,206,1,978,977,0,8,1,517,516,0.0,0.00034037918240920387,1,654,653,3,-1,4,3,0,916,836,212
828,20,121,751,961,210,18,18,716,716,0,0.0008169100377820892,0.0009190237925048504,784,801,17,5,4,4,3,4,768,470,615
829,140,346,937,979,42,70,70,905,905,0,0.002382654276864427,0.002484768031587188,901,908,7,3,3,3,5,17,571,81,827
830,0,101,1,921,920,0,6,1,332,331,0.0,6.807583648184077e-05,1,452,451,5,-1,6,6,0,494,359,631
831,16,117,552,893,341,47,47,608,608,0,0.0007828721195411688,0.0007828721195411688,758,758,0,6,3,3,8,1,370,862,437
832,69,69,898,898,0,54,54,951,951,0,0.0021784267674189047,0.0021784267674189047,893,893,0,-1,3,3,4,17,553,180,673
833,36,137,825,959,134,22,22,800,800,0,0.0007828721195411688,0.0007828721195411688,789,789,0,6,3,3,2,5,976,418,676
834,0,102,1,920,919,0,7,1,381,380,0.0,6.807583648184077e-05,1,443,442,4,-1,5,5,0,452,963,263
835,252,252,961,961,0,208,208,960,960,0,0.0053439531638245,0.0053439531638245,950,950,0,-1,2,2,14,25,84,105,790
836,8,214,525,969,444,9,16,444,546,102,0.00013615167296368154,0.0020082371762143027,518,885,367,3,4,4,4,3,783,646,119
837,193,193,944,944,0,190,190,949,949,0,0.0031314884781646754,0.0031314884781646754,922,922,0,-1,3,3,15,25,110,105,877
838,30,646,683,990,307,80,90,642,679,37,0.0002723033459273631,0.0006126825283365669,607,729,122,2,3,3,13,6,41,107,280
839,17,17,679,679,0,10,10,515,515,0,0.00034037918240920387,0.00034037918240920387,655,655,0,-1,4,4,3,6,882,494,668
840,0,102,1,915,914,0,7,1,391,390,0.0,0.0002723033459273631,1,618,617,4,-1,5,4,0,784,783,494
841,46,147,838,961,123,32,32,903,903,0,0.001497668402600497,0.001599782157323258,859,865,6,5,3,3,2,6,966,397,576
842,6,108,418,901,483,40,40,613,613,0,0.00013615167296368154,0.0002382654276864427,501,587,86,4,4,4,8,3,325,309,609
843,2,618,350,995,645,11,56,362,660,298,3.4037918240920386e-05,0.0034718676605738795,409,935,526,2,5,3,9,1,803,893,34
844,0,616,1,999,998,0,25,1,749,748,0.0,0.002212464685659825,1,895,894,2,-1,3,4,1,507,428,54
845,4,210,409,959,550,11,16,397,432,35,0.00010211375472276115,0.0006126825283365669,489,727,238,3,5,4,6,5,425,401,247
846,28,234,726,969,243,32,44,616,723,107,0.00037441710065012424,0.0016678579938050988,656,859,203,3,3,3,7,3,482,307,58
847,24,640,610,992,382,68,112,516,679,163,0.00013615167296368154,0.0033357159876101976,503,933,430,2,3,3,17,3,103,485,56
848,202,304,958,977,19,92,92,906,906,0,0.004118588107151367,0.004118588107151367,947,947,0,4,3,3,7,28,182,41,512
849,11,11,588,588,0,15,15,496,496,0,0.00030634126416828345,0.00030634126416828345,636,636,0,-1,4,4,6,5,486,487,902
850,30,30,792,792,0,18,18,676,676,0,0.0005786446100956465,0.0005786446100956465,732,732,0,-1,4,4,3,9,640,154,991
851,0,0,1,1,0,0,0,1,1,0,0.0,0.0,1,1,0,-1,-1,-1,5,1,701,428,792
852,28,129,717,926,209,34,34,606,606,0,0.0005105687736138058,0.0005105687736138058,703,703,0,5,4,4,7,6,658,136,593
853,18,119,673,938,265,20,20,605,605,0,0.0005446066918547262,0.0005446066918547262,721,721,0,5,4,4,4,5,767,283,935
854,0,0,1,1,0,0,0,1,1,0,0.0,0.0,1,1,0,-1,-1,-1,3,0,712,905,699
855,174,275,939,968,29,136,136,907,907,0,0.002995336805200994,0.002995336805200994,914,914,0,5,3,3,11,31,230,35,924
856,38,38,799,799,0,34,34,640,640,0,0.0006126825283365669,0.0006126825283365669,745,745,0,-1,4,4,7,9,439,198,914
857,0,206,1,974,973,0,11,1,469,468,0.0,0.0005786446100956465,1,731,730,3,-1,4,4,1,673,456,418
858,14,116,672,953,281,14,14,631,631,0,0.00034037918240920387,0.001055175465468532,656,821,165,4,4,4,3,3,916,616,206
859,40,246,706,958,252,84,88,617,628,11,0.00037441710065012424,0.0007147962830593281,654,748,94,3,3,3,15,6,49,516,362
860,16,118,755,970,215,12,12,737,737,0,0.0005446066918547262,0.0007488342013002485,741,776,35,4,4,4,2,4,749,333,328
861,0,102,1,898,897,0,7,1,357,356,0.0,3.4037918240920386e-05,1,399,398,4,-1,5,6,0,630,984,410
862,62,678,836,997,161,58,58,774,774,0,0.0012253650566731338,0.005105687736138058,832,956,124,2,3,3,7,12,156,67,28
863,8,109,483,892,409,24,24,414,414,0,6.807583648184077e-05,0.00010211375472276115,442,480,38,5,4,4,11,2,167,298,484
864,10,216,528,961,433,18,22,437,476,39,0.0002382654276864427,0.0006126825283365669,598,730,132,3,4,4,7,4,221,332,4
865,28,234,724,971,247,30,30,707,707,0,0.000442492937131965,0.00088498587426393,697,796,99,3,3,3,4,5,547,636,145
866,37,37,785,785,0,28,28,589,589,0,0.0009190237925048504,0.0009190237925048504,812,812,0,-1,4,4,6,10,526,366,947
867,12,12,588,588,0,26,26,641,641,0,0.0009530617107457708,0.0009530617107457708,808,808,0,-1,4,4,5,4,538,440,981
868,61,162,877,969,92,38,38,929,929,0,0.0026549576227917903,0.0026549576227917903,911,911,0,6,3,3,3,13,856,183,181
869,16,118,672,942,270,22,22,760,760,0,0.0002723033459273631,0.0005446066918547262,627,729,102,4,3,3,2,1,589,655,562
870,34,136,822,958,136,28,28,811,811,0,0.0005105687736138058,0.0007147962830593281,723,776,53,4,3,3,3,7,800,134,553
871,185,185,969,969,0,72,72,981,981,0,0.0053099152455835805,0.0053099152455835805,961,961,0,-1,2,2,3,29,554,17,758
872,42,248,852,983,131,12,12,627,627,0,0.0009530617107457708,0.001940161339732462,808,883,75,3,4,4,2,14,820,139,619
873,177,383,961,988,27,110,110,987,987,0,0.004186663943633207,0.008986010415602982,941,981,40,3,2,2,6,26,399,127,70
874,41,657,764,992,228,56,74,699,783,84,0.0002382654276864427,0.0027911092957554717,576,919,343,2,3,3,8,6,303,486,630
875,0,206,1,953,952,0,21,1,391,390,0.0,6.807583648184077e-05,1,441,440,3,-1,4,11,2,227,462,152
876,0,101,1,916,915,0,5,1,332,331,0.0,0.0,1,1,0,5,-1,6,5,1,616,472,374
877,34,34,855,855,0,22,22,892,892,0,0.0011232513019503727,0.0011232513019503727,836,836,0,-1,3,3,2,10,997,366,874
878,9,9,513,513,0,40,40,570,570,0,0.00010211375472276115,0.00010211375472276115,488,488,0,-1,4,4,8,4,357,287,455
879,0,102,1,903,902,0,10,1,375,374,0.0,6.807583648184077e-05,1,449,448,4,-1,5,7,0,156,914,528
880,0,102,1,935,934,0,4,1,415,414,0.0,0.0012594029749140542,1,838,837,4,-1,5,2,0,993,356,297
881,0,102,1,914,913,0,8,1,387,386,0.0,0.0002042275094455223,1,578,577,4,-1,5,5,0,538,907,291
882,28,129,689,918,229,60,60,687,687,0,0.0004084550188910446,0.0005105687736138058,678,703,25,5,3,3,9,3,367,318,572
883,16,118,614,919,305,28,28,624,624,0,0.0007147962830593281,0.0008509479560230097,770,793,23,4,3,3,5,1,474,500,570
884,0,102,1,902,901,0,14,1,385,384,0.0,0.0002382654276864427,1,582,581,4,-1,5,11,0,261,502,115
885,29,29,792,792,0,12,12,602,602,0,0.0011232513019503727,0.0011232513019503727,825,825,0,-1,4,4,2,9,954,130,930
886,1,102,332,937,605,2,2,332,332,0,3.4037918240920386e-05,0.00010211375472276115,407,501,94,5,6,6,2,2,907,692,231
887,0,0,1,1,0,0,0,1,1,0,0.0,0.0,1,1,0,-1,-1,-1,4,0,540,745,888
888,16,222,610,969,359,30,30,707,707,0,0.0004765308553728854,0.0007828721195411688,709,786,77,3,3,3,4,1,547,80,315
889,0,206,1,975,974,0,9,1,481,480,0.0,0.0002723033459273631,1,625,624,3,-1,4,3,3,857,348,263
890,39,245,783,972,189,34,34,733,733,0,0.0004084550188910446,0.0005446066918547262,673,715,42,3,3,3,4,13,391,256,199
891,0,102,1,926,925,0,7,1,372,371,0.0,0.00010211375472276115,1,492,491,4,-1,5,5,0,795,803,424
892,8,8,491,491,0,26,26,436,436,0,0.0,0.0,1,1,0,-1,4,4,11,2,279,298,649
893,77,283,832,968,136,138,138,839,839,0,0.00176997174852786,0.0022465026039007454,869,893,24,3,2,2,14,11,198,118,375
894,0,101,1,930,929,0,3,1,331,330,0.0,3.4037918240920386e-05,1,402,401,5,-1,6,3,3,670,882,492
895,16,118,536,887,351,98,98,695,695,0,6.807583648184077e-05,6.807583648184077e-05,452,452,0,4,3,3,15,1,102,282,761
896,23,639,682,995,313,32,54,594,795,201,0.00030634126416828345,0.008271214132543654,635,978,343,2,3,3,7,3,510,677,7
897,8,8,549,549,0,11,11,487,487,0,0.0002723033459273631,0.0002723033459273631,624,624,0,-1,4,4,4,2,581,524,803
898,46,147,880,973,93,24,24,860,860,0,0.0016338200755641784,0.0016678579938050988,880,882,2,5,3,3,3,13,883,335,549
899,33,135,818,963,145,24,24,745,745,0,0.0008509479560230097,0.0010211375472276116,790,813,23,4,4,4,4,15,789,138,507
900,5,107,459,934,475,4,4,398,398,0,6.807583648184077e-05,0.001157289220191293,465,843,378,4,5,5,2,4,925,332,82
901,0,0,1,1,0,0,0,1,1,0,0.0,0.0,1,1,0,-1,-1,-1,3,0,780,744,538
902,16,16,630,630,0,26,26,707,707,0,0.0004765308553728854,0.0004765308553728854,709,709,0,-1,3,3,4,2,566,532,728
903,665,665,1000,1000,0,80,80,994,994,0,0.025766704108376733,0.025766704108376733,998,998,0,-1,2,2,2,157,771,2,887
904,16,16,599,599,0,28,28,586,586,0,0.0004084550188910446,0.0004084550188910446,664,664,0,-1,4,4,6,8,515,302,675
905,0,101,1,935,934,0,2,1,331,330,0.0,3.4037918240920386e-05,1,402,401,5,-1,6,2,0,993,608,334
906,2,618,365,998,633,8,34,412,741,329,0.00013615167296368154,0.004901460226692535,517,956,439,2,5,3,4,2,460,654,108
907,0,102,1,916,915,0,7,1,404,403,0.0,0.000442492937131965,1,704,703,4,-1,5,4,0,401,859,268
908,14,220,645,977,332,30,30,713,713,0,0.0008509479560230097,0.0012594029749140542,789,840,51,3,4,4,5,3,602,103,842
909,0,101,1,953,952,0,3,1,330,329,0.0,3.4037918240920386e-05,1,400,399,5,-1,6,3,0,875,732,468
910,0,206,1,968,967,0,14,1,461,460,0.0,6.807583648184077e-05,1,439,438,3,-1,4,6,0,664,983,222
911,8,8,540,540,0,12,12,485,485,0,0.00017018959120460194,0.00017018959120460194,546,546,0,-1,4,4,4,2,475,576,991
912,0,102,1,899,898,0,11,1,383,382,0.0,6.807583648184077e-05,1,452,451,4,-1,5,7,0,265,917,567
913,0,102,1,948,947,0,6,1,438,437,0.0,0.0005105687736138058,1,722,721,4,-1,5,3,0,718,768,306
914,18,224,625,968,343,30,30,557,557,0,0.00017018959120460194,0.0002723033459273631,549,609,60,3,4,4,7,3,525,677,597
915,13,115,727,970,243,12,12,763,763,0,0.0002382654276864427,0.0006807583648184077,613,761,148,4,4,4,2,3,865,704,810
916,0,616,1,990,989,0,110,1,639,638,0.0,0.00176997174852786,1,866,865,2,-1,3,19,0,89,887,151
917,0,102,1,926,925,0,5,1,390,389,0.0,3.4037918240920386e-05,1,409,408,4,-1,5,3,0,831,729,627
918,88,190,924,976,52,22,22,805,805,0,0.002552843868069029,0.002723033459273631,918,924,6,4,3,3,2,19,939,91,524
919,35,35,746,746,0,54,54,721,721,0,0.0006467204465774873,0.0006467204465774873,740,740,0,-1,3,3,8,8,508,257,926
920,194,400,952,983,31,124,124,931,931,0,0.0025188059498281084,0.002723033459273631,905,912,7,3,3,3,9,17,306,81,93
921,2,104,356,915,559,8,8,415,415,0,3.4037918240920386e-05,0.0002042275094455223,400,573,173,4,5,5,4,1,632,481,409
922,0,101,1,906,905,0,4,1,332,331,0.0,0.0,1,1,0,7,-1,8,4,0,509,546,765
923,25,127,674,910,236,56,56,680,680,0,0.00030634126416828345,0.0009530617107457708,625,791,166,4,3,3,9,4,414,86,118
924,6,212,464,972,508,8,12,449,496,47,0.00010211375472276115,0.00034037918240920387,492,648,156,3,5,4,4,3,344,596,249
925,2,104,363,922,559,10,10,392,392,0,3.4037918240920386e-05,6.807583648184077e-05,403,442,39,4,5,5,7,1,697,734,873
926,220,426,962,987,25,162,162,986,986,0,0.005514142755029102,0.006433166547533953,959,964,5,3,2,2,9,25,168,105,172
927,6,6,400,400,0,56,56,536,536,0,0.00010211375472276115,0.00010211375472276115,467,467,0,-1,4,4,14,2,130,384,400
928,100,100,892,892,0,100,100,918,918,0,0.022226760611321013,0.022226760611321013,995,995,0,-1,1,1,8,19,137,135,511
929,3,105,478,971,493,4,4,471,471,0,0.00010211375472276115,0.00017018959120460194,492,559,67,4,5,5,2,2,898,724,231
930,18,18,662,662,0,22,22,564,564,0,0.0002382654276864427,0.0002382654276864427,595,595,0,-1,4,4,5,3,290,301,511
931,0,102,1,936,935,0,3,1,367,366,0.0,0.00030634126416828345,1,640,639,4,-1,5,2,0,609,811,439
932,301,301,991,991,0,56,56,989,989,0,0.01674665577453283,0.01674665577453283,995,995,0,-1,2,2,2,83,618,10,988
933,2,104,367,926,559,5,6,388,406,18,0.00017018959120460194,0.0002723033459273631,548,615,67,4,5,5,3,3,869,755,561
934,27,129,748,941,193,34,34,738,738,0,0.0005786446100956465,0.0006467204465774873,728,748,20,4,3,3,4,6,532,192,398
935,6,108,521,956,435,8,8,551,551,0,3.4037918240920386e-05,0.00176997174852786,417,888,471,4,4,4,2,2,914,544,47
936,0,206,1,940,939,0,59,1,529,528,0.0,0.0009870996289866913,1,796,795,3,-1,4,14,0,203,892,174
937,1,617,333,989,656,23,91,333,499,166,0.0,0.001055175465468532,1,799,798,2,6,3,23,1,15,861,218
938,0,206,1,954,953,0,30,1,482,481,0.0,0.00034037918240920387,1,625,624,3,-1,4,10,0,169,959,173
939,90,296,861,973,112,106,106,869,869,0,0.0017018959120460194,0.0019061234214915416,861,872,11,3,3,3,11,9,333,277,380
940,1,102,332,939,607,2,2,332,332,0,0.0,3.4037918240920386e-05,1,401,400,5,6,6,2,2,705,739,654
941,14,14,565,565,0,40,40,573,573,0,0.00013615167296368154,0.00013615167296368154,513,513,0,-1,4,4,10,4,427,220,894
942,114,216,916,964,48,66,66,865,865,0,0.0020763130126961434,0.002212464685659825,884,890,6,4,3,3,6,22,353,128,199
943,0,206,1,962,961,0,21,1,487,486,0.0,0.0004084550188910446,1,675,674,3,-1,4,7,0,264,673,501
944,6,6,445,445,0,12,12,484,484,0,0.0002042275094455223,0.0002042275094455223,568,568,0,-1,4,4,4,1,655,809,939
945,2,104,380,949,569,4,6,383,449,66,0.0,0.00037441710065012424,1,683,682,4,5,5,3,3,569,755,175
946,134,236,935,965,30,100,100,962,962,0,0.003642057251778481,0.003880322679464924,936,939,3,4,2,2,6,17,353,45,237
947,0,102,1,949,948,0,4,1,429,428,0.0,0.00017018959120460194,1,570,569,4,-1,5,2,0,781,979,252
948,18,18,778,778,0,8,8,604,604,0,0.0002382654276864427,0.0002382654276864427,606,606,0,-1,4,4,2,11,807,52,674
949,0,206,1,982,981,0,8,1,536,535,0.0,0.0012934408931549745,1,843,842,3,-1,4,2,0,686,754,255
950,88,190,907,970,63,22,22,851,851,0,0.0027911092957554717,0.0030634126416828346,920,929,9,4,3,3,2,15,932,158,551
951,0,206,1,947,946,0,30,1,453,452,0.0,0.00037441710065012424,1,660,659,3,-1,4,11,1,76,583,619
952,0,102,1,936,935,0,4,1,405,404,0.0,0.00017018959120460194,1,563,562,4,-1,5,2,0,779,802,371
953,74,280,844,971,127,78,78,733,733,0,0.00176997174852786,0.002212464685659825,867,898,31,3,3,3,12,13,219,42,284
954,28,129,729,934,205,40,40,729,729,0,0.0006807583648184077,0.0006807583648184077,755,755,0,5,3,3,5,7,531,170,734
955,1,207,333,978,645,3,9,333,474,141,0.0,0.0004084550188910446,1,675,674,3,6,4,3,1,676,671,86
956,0,0,1,1,0,0,0,1,1,0,0.0,0.0,1,1,0,-1,-1,-1,7,0,342,808,877
957,29,131,737,932,195,26,26,632,632,0,0.0009190237925048504,0.001157289220191293,789,827,38,4,4,4,5,7,667,218,479
958,2,104,367,922,555,8,8,418,418,0,0.00010211375472276115,0.0002382654276864427,490,596,106,4,5,5,4,3,397,410,491
959,2,2,346,346,0,16,16,347,347,0,0.0,0.0,1,1,0,-1,5,5,15,2,51,357,835
960,44,145,827,942,115,36,36,746,746,0,0.0006467204465774873,0.0006807583648184077,747,756,9,5,3,3,5,9,604,212,893
961,0,0,1,1,0,0,0,1,1,0,0.0,0.0,1,1,0,-1,-1,-1,5,0,612,790,914
962,20,121,599,888,289,82,82,585,585,0,0.0002042275094455223,0.0002042275094455223,561,561,0,6,3,3,17,3,10,536,640
963,0,101,1,902,901,0,8,1,332,331,0.0,0.0,1,1,0,7,-1,8,8,0,309,772,972
964,0,102,1,911,910,0,5,1,370,369,0.0,0.0,1,1,0,4,-1,5,3,0,778,400,322
965,10,10,555,555,0,18,18,516,516,0,0.00037441710065012424,0.00037441710065012424,655,655,0,-1,4,4,5,3,656,236,643
966,14,220,535,957,422,44,48,562,582,20,0.0002723033459273631,0.0005786446100956465,611,705,94,3,4,4,10,4,109,220,785
967,0,206,1,933,932,0,47,1,404,403,0.0,0.00034037918240920387,1,621,620,3,-1,4,23,0,57,928,391
968,6,108,484,939,455,9,9,496,496,0,3.4037918240920386e-05,6.807583648184077e-05,411,460,49,4,4,4,3,2,433,662,481
969,6,212,387,948,561,46,50,454,472,18,0.00010211375472276115,0.0006467204465774873,484,732,248,3,4,4,17,2,10,550,204
970,0,206,1,964,963,0,16,1,475,474,0.0,0.0002042275094455223,1,562,561,3,-1,4,5,0,506,856,86
971,0,616,1,990,989,0,104,1,598,597,0.0,0.001157289220191293,1,818,817,2,-1,3,21,0,74,565,471
972,2,103,362,923,561,6,6,419,419,0,6.807583648184077e-05,6.807583648184077e-05,451,451,0,6,5,5,3,1,672,862,181
973,6,108,425,912,487,12,12,449,449,0,0.0,0.00034037918240920387,1,645,644,4,4,4,4,1,391,862,470
974,41,41,794,794,0,58,58,873,873,0,0.0009530617107457708,0.0009530617107457708,797,797,0,-1,2,2,6,4,341,305,894
975,0,206,1,959,958,0,14,1,406,405,0.0,3.4037918240920386e-05,1,404,403,3,-1,4,6,0,312,686,434
976,18,18,714,714,0,14,14,627,627,0,0.0006126825283365669,0.0006126825283365669,742,742,0,-1,4,4,3,5,856,273,702
977,0,206,1,951,950,0,21,1,404,403,0.0,0.0002042275094455223,1,549,548,3,-1,4,11,3,215,753,447
978,0,102,1,915,914,0,11,1,422,421,0.0,0.0002042275094455223,1,562,561,4,-1,5,6,0,399,978,202
979,7,108,574,955,381,8,8,548,548,0,0.0002042275094455223,0.0002723033459273631,573,621,48,5,4,4,2,2,830,697,714
980,16,222,553,960,407,64,72,632,657,25,0.0002382654276864427,0.00088498587426393,585,781,196,3,3,3,11,2,188,670,284
981,23,125,715,936,221,34,34,738,738,0,0.0005105687736138058,0.0005105687736138058,709,709,0,4,3,3,4,3,532,291,463
982,138,138,960,960,0,52,52,963,963,0,0.004833384390210695,0.004833384390210695,954,954,0,-1,2,2,3,24,640,13,814
983,8,8,554,554,0,20,20,670,670,0,0.0004765308553728854,0.0004765308553728854,707,707,0,-1,4,4,4,3,553,209,767
984,52,258,837,977,140,24,24,638,638,0,0.0009190237925048504,0.0012594029749140542,807,843,36,3,4,4,4,14,694,387,454
985,191,191,942,942,0,188,188,923,923,0,0.0026549576227917903,0.0026549576227917903,915,915,0,-1,2,2,14,20,121,94,855
986,0,0,1,1,0,0,0,1,1,0,0.0,0.0,1,1,0,-1,-1,-1,4,0,741,731,975
987,100,100,857,857,0,100,100,651,651,0,0.012185574730249497,0.022499063957248374,988,996,8,1,1,1,16,23,53,106,21
988,0,102,1,934,933,0,6,1,417,416,0.0,0.00030634126416828345,1,639,638,4,-1,5,3,0,748,744,682
989,0,206,1,978,977,0,8,1,511,510,0.0,0.0002723033459273631,1,613,612,3,-1,4,2,1,757,747,328
990,2,2,358,358,0,9,9,371,371,0,3.4037918240920386e-05,3.4037918240920386e-05,406,406,0,-1,5,5,7,1,343,593,847
991,12,218,544,965,421,24,24,496,496,0,0.00034037918240920387,0.0005446066918547262,645,711,66,3,4,4,8,6,431,424,291
992,0,0,1,1,0,0,0,1,1,0,0.0,0.0,1,1,0,-1,-1,-1,5,0,412,713,983
993,4,4,535,535,0,3,3,437,437,0,0.0,0.0,1,1,0,-1,5,5,2,3,978,411,863
994,63,269,859,978,119,44,44,838,838,0,0.0014636304843595766,0.003642057251778481,849,939,90,3,3,3,4,15,453,137,74
995,6,622,397,990,593,36,80,434,615,181,3.4037918240920386e-05,0.0023486163586235067,399,895,496,2,4,3,15,1,65,577,39
996,99,305,931,987,56,62,62,965,965,0,0.005412029000306341,0.005990673610401988,964,965,1,3,2,2,3,14,756,68,253
997,2,2,357,357,0,8,8,358,358,0,0.0,0.0,1,1,0,-1,5,5,7,2,637,764,745
998,1,207,333,943,610,17,36,333,415,82,0.0,0.00013615167296368154,1,504,503,3,7,4,17,2,94,448,586
999,22,124,691,932,241,28,28,650,650,0,6.807583648184077e-05,0.0005786446100956465,449,735,286,4,3,3,5,4,311,149,396
