,FreeNet_pre_score,FreeNet_post_score,FreeNet_pre_rank,FreeNet_post_rank,FreeNet_delta_ranks,Reversed_pre_score,Reversed_post_score,Reversed_pre_rank,Reversed_post_rank,Reversed_delta_ranks,Random_pre_score,Random_post_score,Random_pre_rank,Random_post_rank,Random_delta_ranks,dist_victim_relayer,dist_victim_vilain_pre,dist_victim_vilain_post,out_deg_victim,in_deg_villain,victim,villain,relayer
0,0,0,1,1,0,0,0,1,1,0,0.0,0.0,1,1,0,-1,-1,-1,2,0,752,838,740
1,100,100,856,856,0,100,100,679,679,0,0.011232513019503728,0.011402702610708328,981,982,1,4,1,1,15,18,49,54,795
2,0,0,1,1,0,0,0,1,1,0,0.0,0.0,1,1,0,-1,-1,-1,17,0,94,548,983
3,38,654,688,990,302,132,142,760,783,23,0.0005446066918547262,0.001940161339732462,700,884,184,2,3,3,18,3,86,507,84
4,2,103,369,946,577,5,5,396,396,0,0.00010211375472276115,0.00013615167296368154,495,523,28,5,5,5,3,1,535,743,547
5,0,102,1,931,930,0,4,1,361,360,0.0,0.00010211375472276115,1,478,477,4,-1,5,3,0,901,902,485
6,9,215,542,973,431,18,26,516,637,121,0.00017018959120460194,0.0031314884781646754,533,922,389,3,4,4,5,6,656,392,20
7,0,206,1,944,943,0,38,1,417,416,0.0,0.00017018959120460194,1,549,548,3,-1,4,17,2,24,752,479
8,31,132,736,930,194,50,50,807,807,0,0.001055175465468532,0.001055175465468532,809,809,0,5,3,3,5,6,377,471,540
9,51,153,894,974,80,22,22,877,877,0,0.0028591851322373124,0.0029612988869600733,927,930,3,4,3,3,2,17,996,85,282
10,74,175,898,972,74,46,46,967,967,0,0.005854521937438306,0.005888559855679227,962,963,1,5,2,2,2,13,948,42,460
11,315,931,977,999,22,108,108,936,936,0,0.006297014874570271,0.01695088328397835,968,990,22,2,3,3,8,55,137,21,23
12,14,115,779,981,202,12,12,819,819,0,0.0005786446100956465,0.0005786446100956465,749,749,0,8,4,4,2,8,956,186,703
13,46,148,779,927,148,84,84,787,787,0,0.0010211375472276116,0.0011232513019503727,808,818,10,4,3,3,9,10,164,195,365
14,264,264,972,972,0,166,166,983,983,0,0.005990673610401988,0.005990673610401988,970,970,0,-1,2,2,8,33,434,15,876
15,139,240,964,981,17,28,28,844,844,0,0.003165526396405596,0.003199564314646516,933,933,0,5,3,3,3,48,871,56,837
16,13,219,543,952,409,42,42,518,518,0,0.00010211375472276115,0.0002723033459273631,487,617,130,3,4,4,11,6,279,392,197
17,38,38,751,751,0,66,66,725,725,0,0.00030634126416828345,0.00030634126416828345,636,636,0,-1,3,3,9,4,136,233,817
18,11,113,605,940,335,12,12,497,497,0,0.0002382654276864427,0.00030634126416828345,606,650,44,4,4,4,4,5,673,241,360
19,0,102,1,880,879,0,21,1,377,376,0.0,6.807583648184077e-05,1,452,451,4,-1,5,15,0,138,673,239
20,5,211,508,981,473,4,8,430,543,113,0.00017018959120460194,0.0007147962830593281,575,772,197,3,5,4,2,4,781,319,535
21,6,6,503,503,0,8,8,530,530,0,0.0002382654276864427,0.0002382654276864427,605,605,0,-1,4,4,2,1,928,810,783
22,12,12,492,492,0,60,60,519,519,0,0.00013615167296368154,0.00013615167296368154,509,509,0,-1,4,4,16,2,151,468,832
23,0,102,1,893,892,0,13,1,398,397,0.0,0.0005786446100956465,1,714,713,4,-1,5,7,0,340,488,296
24,0,0,1,1,0,0,0,1,1,0,0.0,0.0,1,1,0,-1,-1,-1,6,0,322,881,498
25,0,0,1,1,0,0,0,1,1,0,0.0,0.0,1,1,0,-1,-1,-1,5,0,474,643,200
26,29,645,778,998,220,34,54,798,921,123,0.0009190237925048504,0.012900371013308825,811,989,178,2,3,3,4,4,578,267,2
27,0,206,1,978,977,0,9,1,523,522,0.0,0.0012594029749140542,1,841,840,3,-1,4,3,0,916,815,277
28,6,622,407,991,584,16,43,374,558,184,0.0002042275094455223,0.0012594029749140542,568,829,261,2,5,3,11,4,333,398,219
29,0,0,1,1,0,0,0,1,1,0,0.0,0.0,1,1,0,-1,-1,-1,8,0,270,766,894
30,14,116,580,923,343,16,16,492,492,0,0.0002382654276864427,0.0002382654276864427,584,584,0,4,4,4,4,4,540,332,544
31,1,103,332,932,600,3,6,332,421,89,3.4037918240920386e-05,0.00030634126416828345,405,637,232,4,6,5,3,3,729,484,178
32,60,676,838,997,159,86,86,920,920,0,0.001599782157323258,0.006467204465774873,855,967,112,2,2,2,7,5,207,273,21
33,0,0,1,1,0,0,0,1,1,0,0.0,0.0,1,1,0,-1,-1,-1,9,0,289,774,707
34,0,206,1,964,963,0,17,1,430,429,0.0,0.0005446066918547262,1,710,709,3,-1,4,8,0,371,800,413
35,24,230,667,963,296,46,46,610,610,0,0.00030634126416828345,0.0009190237925048504,637,797,160,3,4,4,9,5,803,308,396
36,0,206,1,952,951,0,22,1,408,407,0.0,6.807583648184077e-05,1,443,442,3,-1,4,10,0,285,991,637
37,0,0,1,1,0,0,0,1,1,0,0.0,0.0,1,1,0,-1,-1,-1,4,1,619,913,811
38,0,101,1,929,928,0,4,1,331,330,0.0,0.0,1,1,0,7,-1,8,4,0,458,978,663
39,28,644,691,994,303,44,62,658,757,99,0.0002382654276864427,0.004833384390210695,595,959,364,2,3,3,7,3,591,458,20
40,29,131,720,920,200,42,42,642,642,0,0.00030634126416828345,0.0004084550188910446,633,668,35,4,3,3,8,9,488,317,373
41,0,102,1,961,960,0,4,1,454,453,0.0,0.0012594029749140542,1,854,853,4,-1,5,2,0,481,944,53
42,77,283,855,976,121,90,98,865,892,27,0.0016678579938050988,0.006637394056979475,864,967,103,3,2,2,9,8,166,177,12
43,18,18,684,684,0,34,34,794,794,0,0.0002382654276864427,0.0002382654276864427,599,599,0,-1,3,3,4,3,635,263,973
44,0,102,1,957,956,0,3,1,392,391,0.0,0.00017018959120460194,1,555,554,4,-1,5,2,0,666,744,493
45,0,0,1,1,0,0,0,1,1,0,0.0,0.0,1,1,0,-1,-1,-1,2,0,991,826,954
46,2,2,375,375,0,3,3,377,377,0,3.4037918240920386e-05,3.4037918240920386e-05,403,403,0,-1,5,5,2,1,942,896,478
47,0,102,1,884,883,0,11,1,396,395,0.0,3.4037918240920386e-05,1,406,405,4,-1,5,6,0,425,276,634
48,0,102,1,901,900,0,15,1,399,398,0.0,0.0005786446100956465,1,718,717,4,-1,5,8,1,201,742,616
49,53,53,735,735,0,242,242,863,863,0,0.0012594029749140542,0.0012594029749140542,831,831,0,-1,2,2,23,5,8,355,927
50,0,102,1,946,945,0,3,1,368,367,0.0,0.0,1,1,0,4,-1,5,2,0,988,433,22
51,16,222,599,960,361,62,62,793,793,0,0.0005446066918547262,0.0009190237925048504,717,794,77,3,3,3,7,1,637,404,172
52,0,102,1,944,943,0,4,1,445,444,0.0,0.0009870996289866913,1,817,816,4,-1,5,2,0,947,975,227
53,18,18,617,617,0,34,34,560,560,0,0.00010211375472276115,0.00010211375472276115,499,499,0,-1,4,4,7,6,179,247,768
54,20,122,700,941,241,18,18,673,673,0,0.0006126825283365669,0.0008509479560230097,738,794,56,4,4,4,3,5,901,338,425
55,0,616,1,994,993,0,31,1,564,563,0.0,0.0019741992579733825,1,879,878,2,-1,3,7,0,118,564,209
56,69,69,857,857,0,30,30,628,628,0,0.0019061234214915416,0.0019061234214915416,878,878,0,-1,4,4,5,17,506,180,932
57,0,102,1,956,955,0,3,1,389,388,0.0,0.00030634126416828345,1,646,645,4,-1,5,2,1,889,456,318
58,10,112,517,899,382,32,32,518,518,0,0.00030634126416828345,0.00034037918240920387,619,638,19,4,4,4,8,4,303,230,598
59,98,304,907,981,74,44,44,805,805,0,0.0021784267674189047,0.002484768031587188,896,906,10,3,3,3,4,20,445,71,134
60,0,101,1,905,904,0,7,1,332,331,0.0,0.0,1,1,0,6,-1,7,7,0,510,423,924
61,36,36,835,835,0,28,28,847,847,0,0.0007147962830593281,0.0007147962830593281,773,773,0,-1,3,3,3,5,797,418,400
62,172,378,938,982,44,146,146,924,924,0,0.0026889955410327104,0.0028932230504782326,908,919,11,3,3,3,11,20,307,49,256
63,0,0,1,1,0,0,0,1,1,0,0.0,0.0,1,1,0,-1,-1,-1,4,0,313,776,713
64,43,43,816,816,0,18,18,603,603,0,0.0007147962830593281,0.0007147962830593281,764,764,0,-1,4,4,3,14,687,387,668
65,16,118,637,930,293,30,30,681,681,0,0.0002042275094455223,0.0005446066918547262,572,722,150,4,4,4,5,6,616,199,454
66,92,193,924,976,52,52,52,979,979,0,0.009088124170325743,0.009088124170325743,981,981,0,5,2,2,3,15,785,158,337
67,0,206,1,966,965,0,28,1,550,549,0.0,0.0010892133837094523,1,818,817,3,-1,4,6,0,514,963,96
68,2,2,364,364,0,6,6,384,384,0,3.4037918240920386e-05,3.4037918240920386e-05,394,394,0,-1,5,5,4,2,660,615,953
69,6,212,387,944,557,25,53,373,468,95,0.0,0.000442492937131965,1,675,674,3,4,4,18,1,86,402,120
70,42,143,809,948,139,28,28,731,731,0,0.0007828721195411688,0.00088498587426393,772,789,17,5,3,3,3,7,927,169,444
71,0,206,1,954,953,0,18,1,440,439,0.0,0.00013615167296368154,1,515,514,3,-1,4,7,1,447,539,134
72,0,206,1,954,953,0,30,1,481,480,0.0,0.0005786446100956465,1,716,715,3,-1,4,9,0,381,922,658
73,93,195,928,976,48,34,34,842,842,0,0.002757071377514551,0.0028932230504782326,920,924,4,4,3,3,4,27,553,69,634
74,0,206,1,956,955,0,16,1,379,378,0.0,0.0002723033459273631,1,619,618,3,-1,4,11,0,379,892,680
75,28,28,763,763,0,28,28,743,743,0,0.0006807583648184077,0.0006807583648184077,755,755,0,-1,3,3,3,5,484,221,882
76,0,206,1,963,962,0,26,1,547,546,0.0,0.0013615167296368155,1,858,857,3,-1,4,7,0,477,356,95
77,28,234,726,974,248,36,36,716,716,0,0.0002382654276864427,0.0006126825283365669,590,737,147,3,3,3,5,4,528,622,376
78,0,0,1,1,0,0,0,1,1,0,0.0,0.0,1,1,0,-1,-1,-1,4,0,887,847,849
79,41,247,770,968,198,56,56,753,753,0,0.0012594029749140542,0.0013955546478777359,833,839,6,3,3,3,6,7,157,630,354
80,8,214,456,942,486,48,48,435,435,0,6.807583648184077e-05,0.00013615167296368154,440,513,73,3,4,4,19,3,89,598,334
81,0,102,1,925,924,0,5,1,365,364,0.0,0.00013615167296368154,1,515,514,4,-1,5,4,1,633,948,392
82,0,102,1,969,968,0,3,1,416,415,0.0,0.0004084550188910446,1,700,699,4,-1,5,2,1,962,789,366
83,6,212,399,949,550,29,88,398,637,239,0.0,0.0020763130126961434,1,886,885,3,4,4,16,3,78,466,26
84,12,218,492,950,458,40,40,451,451,0,6.807583648184077e-05,0.0002042275094455223,437,563,126,3,4,4,14,2,133,749,474
85,48,48,820,820,0,50,50,830,830,0,0.0012253650566731338,0.0012253650566731338,834,834,0,-1,3,3,5,9,438,242,760
86,45,45,778,778,0,54,54,630,630,0,0.0006467204465774873,0.0006467204465774873,735,735,0,-1,3,3,10,9,259,211,884
87,2,2,366,366,0,2,2,332,332,0,0.0,0.0,1,1,0,-1,6,6,2,5,880,605,436
88,0,206,1,983,982,0,8,1,538,537,0.0,0.0017018959120460194,1,870,869,3,-1,4,2,0,809,858,94
89,24,230,716,971,255,36,36,748,748,0,0.00037441710065012424,0.0005446066918547262,662,713,51,3,3,3,5,3,284,507,799
90,1,1,333,333,0,10,10,333,333,0,0.0,0.0,1,1,0,-1,7,7,10,2,75,448,571
91,12,12,527,527,0,62,62,627,627,0,0.00017018959120460194,0.00017018959120460194,543,543,0,-1,4,4,11,4,279,149,982
92,70,70,807,807,0,160,160,861,861,0,0.0006467204465774873,0.0006467204465774873,717,717,0,-1,2,2,16,5,195,283,742
93,31,31,787,787,0,24,24,756,756,0,0.0005105687736138058,0.0005105687736138058,704,704,0,-1,3,3,3,10,337,262,892
94,94,94,868,868,0,116,116,867,867,0,0.001940161339732462,0.001940161339732462,875,875,0,-1,3,3,11,17,233,45,738
95,70,70,853,853,0,46,46,755,755,0,0.0019741992579733825,0.0019741992579733825,874,874,0,-1,3,3,6,13,98,42,359
96,0,616,1,1000,999,0,22,1,821,820,0.0,0.008475441641989176,1,976,975,2,-1,3,2,0,975,918,70
97,0,102,1,926,925,0,4,1,369,368,0.0,6.807583648184077e-05,1,446,445,4,-1,5,3,0,923,565,526
98,2,104,362,922,560,7,7,398,398,0,0.0002723033459273631,0.0004765308553728854,614,708,94,4,5,5,4,2,313,805,507
99,15,15,649,649,0,16,16,552,552,0,0.00034037918240920387,0.00034037918240920387,650,650,0,-1,4,4,4,9,635,317,782
100,0,102,1,933,932,0,6,1,421,420,0.0,0.0004765308553728854,1,703,702,4,-1,5,3,1,640,779,299
101,0,206,1,939,938,0,41,1,457,456,0.0,0.00030634126416828345,1,619,618,3,-1,4,15,0,124,723,545
102,78,78,872,872,0,70,70,905,905,0,0.0018040096667687805,0.0018040096667687805,863,863,0,-1,3,3,5,13,390,335,985
103,124,124,943,943,0,66,66,885,885,0,0.003982436434187685,0.003982436434187685,948,948,0,-1,3,3,6,24,657,13,752
104,64,270,850,978,128,74,74,932,932,0,0.0020082371762143027,0.003165526396405596,881,927,46,3,2,2,5,4,701,267,68
105,141,243,936,971,35,76,76,897,897,0,0.0020082371762143027,0.002314578440382586,888,900,12,4,3,3,6,33,498,15,46
106,28,644,670,991,321,50,90,576,776,200,0.00017018959120460194,0.005820484019197386,537,960,423,2,3,3,10,4,153,625,31
107,52,668,757,992,235,130,178,697,782,85,0.0006126825283365669,0.005854521937438306,733,961,228,2,3,3,21,9,3,245,34
108,277,893,970,998,28,222,222,963,963,0,0.0051397256543789785,0.006909697402906838,959,968,9,2,2,2,13,35,67,57,87
109,2,2,348,348,0,22,22,387,387,0,3.4037918240920386e-05,3.4037918240920386e-05,393,393,0,-1,5,5,13,1,41,558,783
110,28,28,667,667,0,144,144,853,853,0,0.0007147962830593281,0.0007147962830593281,752,752,0,-1,3,3,14,4,144,326,565
111,0,206,1,936,935,0,58,1,464,463,0.0,0.0007488342013002485,1,745,744,3,-1,4,19,1,35,539,99
112,0,0,1,1,0,0,0,1,1,0,0.0,0.0,1,1,0,-1,-1,-1,10,0,99,919,782
113,783,783,996,996,0,224,224,990,990,0,0.016882807447496512,0.016882807447496512,990,990,0,-1,2,2,11,118,150,37,728
114,0,0,1,1,0,0,0,1,1,0,0.0,0.0,1,1,0,-1,-1,-1,2,0,865,831,982
115,3,105,445,941,496,4,4,420,420,0,0.00010211375472276115,0.00037441710065012424,496,674,178,4,5,5,2,2,757,599,316
116,668,668,996,996,0,192,192,986,986,0,0.013887470642295518,0.013887470642295518,986,986,0,-1,2,2,9,96,147,1,753
117,0,616,1,993,992,0,52,1,565,564,0.0,0.0024166921951053475,1,898,897,2,-1,3,11,0,167,715,108
118,18,224,688,976,288,22,22,618,618,0,0.0005786446100956465,0.0017359338302869397,737,874,137,3,4,4,5,9,744,293,95
119,0,206,1,964,963,0,15,1,458,457,0.0,0.0004084550188910446,1,678,677,3,-1,4,6,0,606,483,525
120,26,232,721,970,249,20,24,532,598,66,0.0007147962830593281,0.0012934408931549745,766,838,72,3,4,4,4,9,385,245,417
121,29,235,749,971,222,28,28,725,725,0,0.00034037918240920387,0.0007488342013002485,652,771,119,3,3,3,3,8,459,477,616
122,30,230,694,958,264,140,140,881,881,0,0.0009870996289866913,0.0011232513019503727,795,816,21,3,3,3,14,5,84,412,339
123,0,102,1,897,896,0,5,1,357,356,0.0,0.00017018959120460194,1,530,529,4,-1,5,4,0,493,812,196
124,13,114,632,947,315,10,10,489,489,0,0.00013615167296368154,0.00017018959120460194,514,542,28,5,4,4,3,5,903,528,540
125,48,150,833,953,120,44,44,835,835,0,0.0008169100377820892,0.0009530617107457708,793,812,19,4,3,3,4,3,641,382,586
126,44,250,762,963,201,112,112,800,800,0,0.0009190237925048504,0.002757071377514551,788,919,131,3,3,3,12,8,226,264,35
127,1,103,332,944,612,2,4,332,419,87,0.0,3.4037918240920386e-05,1,409,408,4,7,5,2,1,975,621,714
128,0,616,1,997,996,0,24,1,704,703,0.0,0.004595118962524252,1,954,953,2,-1,3,3,2,726,633,31
129,0,0,1,1,0,0,0,1,1,0,0.0,0.0,1,1,0,-1,-1,-1,2,0,913,871,979
130,42,248,795,969,174,46,46,729,729,0,0.0010892133837094523,0.0013955546478777359,813,837,24,3,3,3,6,6,393,397,667
131,175,791,971,1000,29,72,72,984,984,0,0.01153885428367201,0.017052997038701112,987,993,6,2,2,2,3,31,530,34,5
132,0,616,1,993,992,0,50,1,673,672,0.0,0.0023486163586235067,1,898,897,2,-1,3,8,0,646,872,41
133,0,102,1,927,926,0,5,1,367,366,0.0,0.00013615167296368154,1,525,524,4,-1,5,4,0,423,887,290
134,0,102,1,945,944,0,4,1,422,421,0.0,6.807583648184077e-05,1,448,447,4,-1,5,2,0,838,754,720
135,174,790,941,997,56,154,154,964,964,0,0.0036760951700194017,0.004629156880765172,937,952,15,2,2,2,10,17,259,81,471
136,0,102,1,896,895,0,6,1,355,354,0.0,3.4037918240920386e-05,1,396,395,4,-1,5,5,0,793,629,771
137,35,35,686,686,0,108,108,701,701,0,0.00030634126416828345,0.00030634126416828345,630,630,0,-1,3,3,16,6,117,467,942
138,144,246,972,988,16,22,22,864,864,0,0.004288777698355968,0.004561081044283332,954,957,3,4,3,3,2,57,878,50,317
139,0,101,1,896,895,0,11,1,332,331,0.0,3.4037918240920386e-05,1,398,397,5,-1,6,11,0,176,731,225
140,240,342,970,979,9,108,108,920,920,0,0.004969536063174376,0.005207801490860819,962,962,0,4,3,3,8,48,218,56,562
141,1,1,332,332,0,2,2,332,332,0,0.0,0.0,1,1,0,-1,6,6,2,1,975,503,884
142,0,102,1,934,933,0,6,1,391,390,0.0,0.0002382654276864427,1,605,604,4,-1,5,4,1,728,806,275
143,16,16,538,538,0,114,114,776,776,0,0.000442492937131965,0.000442492937131965,677,677,0,-1,3,3,15,1,45,80,841
144,8,214,471,948,477,38,38,449,449,0,0.00013615167296368154,0.0002382654276864427,514,588,74,3,4,4,13,3,165,196,556
145,6,6,411,411,0,20,20,440,440,0,0.00013615167296368154,0.00013615167296368154,507,507,0,-1,4,4,8,1,199,592,767
146,23,23,668,668,0,52,52,696,696,0,0.00030634126416828345,0.00030634126416828345,636,636,0,-1,3,3,7,3,193,291,841
147,6,107,424,913,489,32,32,545,545,0,6.807583648184077e-05,6.807583648184077e-05,452,452,0,5,4,4,8,1,286,609,734
148,0,0,1,1,0,0,0,1,1,0,0.0,0.0,1,1,0,-1,-1,-1,3,0,620,833,909
149,0,0,1,1,0,0,0,1,1,0,0.0,0.0,1,1,0,-1,-1,-1,9,0,164,883,644
150,12,218,565,969,404,24,24,503,503,0,0.00017018959120460194,0.0008169100377820892,550,775,225,3,4,4,8,2,449,383,470
151,70,686,788,990,202,160,226,688,800,112,0.0005786446100956465,0.006909697402906838,709,964,255,2,3,3,25,9,17,391,19
152,0,206,1,977,976,0,8,1,524,523,0.0,0.0010892133837094523,1,839,838,3,-1,4,2,0,975,772,137
153,38,140,750,925,175,52,52,754,754,0,0.0005786446100956465,0.0006467204465774873,729,739,10,4,3,3,6,8,378,90,762
154,0,206,1,963,962,0,40,1,648,647,0.0,0.0014295925661186562,1,856,855,3,-1,4,8,1,318,962,58
155,356,457,994,997,3,48,48,955,955,0,0.008986010415602982,0.009088124170325743,981,981,0,5,3,3,3,92,953,30,682
156,15,15,720,720,0,12,12,746,746,0,0.0005446066918547262,0.0005446066918547262,736,736,0,-1,4,4,2,7,799,630,517
157,6,212,411,965,554,18,24,431,475,44,3.4037918240920386e-05,0.0006467204465774873,405,746,341,3,4,4,8,1,199,416,377
158,16,16,646,646,0,36,36,780,780,0,0.0002382654276864427,0.0002382654276864427,601,601,0,-1,3,3,5,1,685,681,431
159,0,616,1,992,991,0,90,1,648,647,0.0,0.0033016780693692774,1,933,932,2,-1,3,15,0,32,643,56
160,0,0,1,1,0,0,0,1,1,0,0.0,0.0,1,1,0,-1,-1,-1,11,0,279,823,751
161,891,891,999,999,0,216,216,997,997,0,0.020150447598624867,0.020150447598624867,995,995,0,-1,2,2,9,130,190,3,650
162,0,0,1,1,0,0,0,1,1,0,0.0,0.0,1,1,0,-1,-1,-1,3,0,731,349,698
163,16,118,590,915,325,23,25,479,510,31,0.0002723033459273631,0.0004084550188910446,599,665,66,4,3,3,8,3,521,676,244
164,126,126,958,958,0,22,22,792,792,0,0.002723033459273631,0.002723033459273631,923,923,0,-1,3,3,2,33,943,15,747
165,6,108,377,866,489,78,78,500,500,0,0.00013615167296368154,0.00017018959120460194,508,527,19,4,4,4,23,2,57,215,581
166,0,0,1,1,0,0,0,1,1,0,0.0,0.0,1,1,0,-1,-1,-1,14,0,85,849,766
167,0,206,1,954,953,0,21,1,424,423,0.0,0.00017018959120460194,1,538,537,3,-1,4,9,0,327,675,291
168,116,116,921,921,0,60,60,898,898,0,0.003812246842983083,0.003812246842983083,940,940,0,-1,3,3,5,18,519,141,961
169,30,236,783,978,195,22,22,784,784,0,0.0007147962830593281,0.0007828721195411688,764,783,19,3,3,3,2,6,750,490,609
170,76,692,846,997,151,98,98,807,807,0,0.0013274788113958951,0.002723033459273631,838,911,73,2,3,3,12,11,375,97,113
171,0,101,1,924,923,0,4,1,331,330,0.0,0.0,1,1,0,7,-1,8,4,0,650,635,663
172,20,226,729,978,249,14,14,623,623,0,0.0007147962830593281,0.0009530617107457708,772,809,37,3,4,4,3,5,888,308,52
173,0,616,1,989,988,0,56,1,533,532,0.0,0.001055175465468532,1,798,797,2,-1,3,15,0,124,963,415
174,0,102,1,926,925,0,6,1,367,366,0.0,3.4037918240920386e-05,1,405,404,4,-1,5,5,0,376,644,442
175,0,616,1,992,991,0,42,1,557,556,0.0,0.0015657442390823377,1,849,848,2,-1,3,10,0,272,817,91
176,126,126,916,916,0,60,60,851,851,0,0.002757071377514551,0.002757071377514551,915,915,0,-1,3,3,5,24,793,119,868
177,95,197,933,978,45,22,22,820,820,0,0.0025188059498281084,0.002723033459273631,916,922,6,4,3,3,2,20,977,71,282
178,0,102,1,888,887,0,13,1,368,367,0.0,0.00017018959120460194,1,533,532,4,-1,5,10,0,259,511,93
179,261,467,972,988,16,128,128,953,953,0,0.005173763572619898,0.005854521937438306,954,960,6,3,2,2,9,36,168,48,473
180,23,23,693,693,0,42,42,745,745,0,0.0009190237925048504,0.0009190237925048504,786,786,0,-1,3,3,6,3,575,390,657
181,16,222,543,951,408,90,90,666,666,0,0.00030634126416828345,0.0005786446100956465,632,714,82,3,3,3,14,1,21,404,504
182,0,206,1,959,958,0,28,1,482,481,0.0,0.0008509479560230097,1,767,766,3,-1,4,10,0,437,943,161
183,14,115,605,921,316,30,30,657,657,0,0.00037441710065012424,0.00037441710065012424,658,658,0,7,4,4,5,4,467,637,703
184,16,632,636,998,362,40,40,847,847,0,0.0006467204465774873,0.0040845501889104465,736,951,215,2,3,3,4,1,735,439,135
185,0,0,1,1,0,0,0,1,1,0,0.0,0.0,1,1,0,-1,-1,-1,5,1,692,874,330
186,7,109,538,940,402,12,12,522,522,0,6.807583648184077e-05,0.00013615167296368154,458,524,66,4,4,4,4,2,811,408,231
187,100,100,841,841,0,100,100,600,600,0,0.028149358385241158,0.028523775485891283,1000,1000,0,3,1,1,20,157,88,2,99
188,0,102,1,877,876,0,16,1,351,350,0.0,6.807583648184077e-05,1,458,457,4,-1,5,15,1,40,830,598
189,34,240,785,976,191,56,56,910,910,0,0.0017018959120460194,0.0018720855032506212,875,889,14,3,3,3,5,4,908,281,689
190,1,103,333,870,537,19,21,333,356,23,0.0,0.0,1,1,0,4,6,5,19,2,148,663,509
191,0,0,1,1,0,0,0,1,1,0,0.0,0.0,1,1,0,-1,-1,-1,2,0,761,803,641
192,19,225,615,960,345,56,56,638,638,0,0.00013615167296368154,0.0008169100377820892,512,781,269,3,3,3,9,3,381,508,273
193,48,48,866,866,0,42,42,975,975,0,0.004629156880765172,0.004629156880765172,955,955,0,-1,2,2,2,4,618,545,839
194,40,141,832,956,124,20,20,634,634,0,0.0011913271384322134,0.0012253650566731338,832,833,1,5,4,4,4,17,721,269,392
195,0,102,1,921,920,0,5,1,356,355,0.0,3.4037918240920386e-05,1,405,404,4,-1,5,4,0,753,978,873
196,2,208,361,968,607,8,20,410,559,149,3.4037918240920386e-05,0.0013274788113958951,391,840,449,3,5,4,4,2,235,662,89
197,1,1,333,333,0,11,11,333,333,0,0.0,0.0,1,1,0,-1,6,6,11,1,150,640,723
198,6,108,434,919,485,30,30,694,694,0,0.0002042275094455223,0.0002382654276864427,564,591,27,4,4,4,5,1,524,556,625
199,2,2,357,357,0,6,6,358,358,0,6.807583648184077e-05,6.807583648184077e-05,444,444,0,-1,5,5,5,1,452,265,388
200,40,40,714,714,0,122,122,784,784,0,0.0005446066918547262,0.0005446066918547262,708,708,0,-1,2,2,15,1,104,667,990
201,0,206,1,947,946,0,38,1,491,490,0.0,0.0006467204465774873,1,737,736,3,-1,4,11,0,76,890,232
202,0,101,1,907,906,0,6,1,332,331,0.0,0.0,1,1,0,5,-1,6,6,1,267,920,577
203,177,383,958,987,29,56,56,797,797,0,0.003880322679464924,0.00439089145307873,941,952,11,3,3,3,6,31,387,76,326
204,32,134,757,934,177,46,46,746,746,0,0.0010211375472276116,0.0011913271384322134,798,829,31,4,3,3,6,7,353,224,303
205,0,616,1,997,996,0,28,1,766,765,0.0,0.005003573981415297,1,960,959,2,-1,3,3,0,471,455,142
206,28,130,714,923,209,40,40,645,645,0,0.0006467204465774873,0.0009530617107457708,752,803,51,4,3,3,7,8,466,521,121
207,59,161,840,951,111,56,56,891,891,0,0.0009530617107457708,0.0011232513019503727,810,828,18,4,2,2,5,11,519,52,220
208,1,1,333,333,0,5,5,333,333,0,0.0,0.0,1,1,0,-1,6,6,5,2,326,739,426
209,0,206,1,947,946,0,74,1,609,608,0.0,0.0016338200755641784,1,848,847,3,-1,4,15,0,102,784,133
210,0,102,1,922,921,0,6,1,366,365,0.0,6.807583648184077e-05,1,453,452,4,-1,5,5,0,291,520,724
211,80,286,889,980,91,42,42,765,765,0,0.0013955546478777359,0.002586881786309949,844,902,58,3,3,3,6,17,399,79,129
212,0,206,1,968,967,0,24,1,625,624,0.0,0.0026549576227917903,1,908,907,3,-1,4,4,0,354,772,105
213,20,20,790,790,0,8,8,589,589,0,0.0008509479560230097,0.0008509479560230097,801,801,0,-1,4,4,2,6,481,658,906
214,0,0,1,1,0,0,0,1,1,0,0.0,0.0,1,1,0,-1,-1,-1,2,2,973,775,907
215,5,107,458,939,481,4,4,394,394,0,3.4037918240920386e-05,0.0004084550188910446,408,675,267,4,5,5,2,4,429,567,240
216,13,13,638,638,0,12,12,520,520,0,0.0004084550188910446,0.0004084550188910446,679,679,0,-1,4,4,4,6,679,368,746
217,0,0,1,1,0,0,0,1,1,0,0.0,0.0,1,1,0,-1,-1,-1,4,0,513,966,774
218,0,206,1,959,958,0,26,1,511,510,0.0,0.0007488342013002485,1,767,766,3,-1,4,7,0,265,488,99
219,0,206,1,963,962,0,20,1,464,463,0.0,0.0009190237925048504,1,789,788,3,-1,4,6,0,432,716,415
220,48,254,822,977,155,60,60,934,934,0,0.0020082371762143027,0.002144388849177984,892,895,3,3,2,2,4,4,632,336,410
221,9,215,509,961,452,40,40,525,525,0,6.807583648184077e-05,0.0002042275094455223,439,556,117,3,4,4,10,3,409,508,609
222,13,115,763,978,215,12,12,802,802,0,0.0011232513019503727,0.0012934408931549745,843,858,15,4,4,4,2,8,944,174,256
223,270,372,971,984,13,172,172,988,988,0,0.006297014874570271,0.006603356138738555,966,968,2,4,2,2,9,28,422,41,869
224,6,212,392,948,556,36,40,418,435,17,0.00010211375472276115,0.00013615167296368154,486,508,22,3,4,4,17,1,63,537,411
225,76,76,833,833,0,92,92,741,741,0,0.0009870996289866913,0.0009870996289866913,793,793,0,-1,3,3,13,10,113,413,588
226,0,0,1,1,0,0,0,1,1,0,0.0,0.0,1,1,0,-1,-1,-1,11,0,307,855,948
227,178,794,962,999,37,60,60,896,896,0,0.003778208924742163,0.007318152421797883,939,972,33,2,3,3,5,31,691,76,126
228,33,33,840,840,0,18,18,742,742,0,0.0012594029749140542,0.0012594029749140542,841,841,0,-1,4,4,3,9,922,277,698
229,23,229,775,982,207,20,24,817,820,3,0.000442492937131965,0.0020082371762143027,702,891,189,3,3,3,3,3,569,526,304
230,2,104,367,935,568,5,6,393,424,31,0.00010211375472276115,0.0002723033459273631,493,628,135,4,5,5,3,1,844,552,435
231,1,103,332,931,599,2,4,332,393,61,3.4037918240920386e-05,0.00017018959120460194,391,555,164,4,6,5,2,2,752,692,323
232,0,0,1,1,0,0,0,1,1,0,0.0,0.0,1,1,0,-1,-1,-1,4,0,635,569,712
233,0,102,1,925,924,0,7,1,382,381,0.0,0.00013615167296368154,1,516,515,4,-1,5,5,0,908,758,512
234,14,14,597,597,0,19,19,489,489,0,3.4037918240920386e-05,3.4037918240920386e-05,407,407,0,-1,4,4,6,3,402,596,816
235,0,102,1,960,959,0,4,1,464,463,0.0,0.0002723033459273631,1,616,615,4,-1,5,2,0,950,834,317
236,0,0,1,1,0,0,0,1,1,0,0.0,0.0,1,1,0,-1,-1,-1,7,0,450,821,830
237,14,14,571,571,0,30,30,569,569,0,0.0004084550188910446,0.0004084550188910446,669,669,0,-1,4,4,7,5,359,362,488
238,16,222,577,963,386,36,40,574,612,38,0.0004765308553728854,0.0019741992579733825,701,884,183,3,4,4,8,6,418,424,213
239,9,111,587,943,356,10,10,500,500,0,0.00013615167296368154,0.0002042275094455223,522,577,55,4,4,4,3,3,568,653,230
240,112,214,871,938,67,282,282,921,921,0,0.0024507301133462676,0.0025188059498281084,899,903,4,4,2,2,23,12,57,100,474
241,55,261,847,975,128,44,44,840,840,0,0.0008509479560230097,0.0014636304843595766,788,854,66,3,3,3,4,12,832,155,40
242,0,206,1,969,968,0,14,1,478,477,0.0,0.0018040096667687805,1,863,862,3,-1,4,5,0,538,836,141
243,139,241,940,976,36,82,82,918,918,0,0.002927260968719153,0.0034037918240920387,917,932,15,4,3,3,7,24,697,13,219
244,40,246,785,973,188,46,46,730,730,0,0.0004084550188910446,0.0007147962830593281,669,755,86,3,3,3,6,7,369,253,308
245,1,1,332,332,0,7,7,332,332,0,0.0,0.0,1,1,0,-1,6,6,7,1,436,703,991
246,22,228,673,967,294,26,26,539,539,0,0.000442492937131965,0.0014295925661186562,695,846,151,3,4,4,7,8,722,417,92
247,0,0,1,1,0,0,0,1,1,0,0.0,0.0,1,1,0,-1,-1,-1,5,0,599,254,959
248,9,9,565,565,0,12,12,567,567,0,0.0002382654276864427,0.0002382654276864427,592,592,0,-1,4,4,2,3,905,222,678
249,32,32,822,822,0,28,28,859,859,0,0.0014295925661186562,0.0014295925661186562,856,856,0,-1,3,3,3,8,576,174,814
250,0,0,1,1,0,0,0,1,1,0,0.0,0.0,1,1,0,-1,-1,-1,7,1,329,814,705
251,21,123,738,954,216,12,12,604,604,0,0.00030634126416828345,0.0005105687736138058,651,722,71,4,4,4,2,9,943,212,532
252,22,22,670,670,0,48,48,700,700,0,0.00030634126416828345,0.00030634126416828345,642,642,0,-1,3,3,7,2,637,453,822
253,0,206,1,977,976,0,12,1,603,602,0.0,0.002144388849177984,1,895,894,3,-1,4,2,0,761,950,144
254,2,2,366,366,0,7,7,405,405,0,0.0,0.0,1,1,0,-1,5,5,4,1,423,853,824
255,0,101,1,901,900,0,7,1,330,329,0.0,0.0,1,1,0,5,-1,6,7,0,400,872,935
256,0,102,1,936,935,0,4,1,393,392,0.0,0.00030634126416828345,1,649,648,4,-1,5,2,1,972,513,296
257,0,0,1,1,0,0,0,1,1,0,0.0,0.0,1,1,0,-1,-1,-1,4,0,675,951,952
258,16,118,556,896,340,98,98,776,776,0,0.0006126825283365669,0.0006126825283365669,727,727,0,4,3,3,12,1,96,80,581
259,68,68,844,844,0,86,86,886,886,0,0.001599782157323258,0.001599782157323258,856,856,0,-1,2,2,7,9,265,29,838
260,2,208,350,957,607,10,20,351,425,74,3.4037918240920386e-05,0.00010211375472276115,407,475,68,3,5,4,9,1,319,640,389
261,19,121,647,905,258,30,32,509,537,28,6.807583648184077e-05,0.0006467204465774873,450,739,289,4,3,3,9,3,319,580,473
262,2,2,353,353,0,20,20,368,368,0,0.0,0.0,1,1,0,-1,5,5,15,1,49,743,445
263,31,132,708,923,215,56,56,673,673,0,0.0007147962830593281,0.0007147962830593281,751,751,0,6,3,3,9,8,249,257,671
264,1,102,329,979,650,2,2,329,329,0,3.4037918240920386e-05,0.00013615167296368154,406,537,131,5,6,6,2,1,952,337,208
265,8,214,485,955,470,34,34,495,495,0,0.00010211375472276115,0.0005446066918547262,474,696,222,3,4,4,11,2,271,22,490
266,3,209,457,981,524,5,9,423,533,110,3.4037918240920386e-05,0.0007147962830593281,396,773,377,3,5,4,3,2,984,602,186
267,2,103,359,913,554,9,9,401,401,0,6.807583648184077e-05,0.00010211375472276115,445,485,40,5,5,5,5,2,604,690,781
268,1,103,333,892,559,10,15,333,376,43,0.0,0.0002382654276864427,1,564,563,4,6,5,10,1,169,972,409
269,46,46,756,756,0,132,132,819,819,0,0.0006807583648184077,0.0006807583648184077,729,729,0,-1,3,3,15,5,102,283,650
270,16,222,683,981,298,18,22,784,791,7,0.00030634126416828345,0.008135062459579971,651,980,329,3,3,3,2,2,943,223,23
271,0,206,1,981,980,0,10,1,566,565,0.0,0.00176997174852786,1,877,876,3,-1,4,3,0,922,455,94
272,36,242,796,977,181,30,30,725,725,0,0.0011913271384322134,0.0014636304843595766,832,853,21,3,4,4,5,13,908,255,329
273,50,256,831,974,143,44,48,725,750,25,0.0013615167296368155,0.001940161339732462,858,889,31,3,3,3,7,11,477,118,381
274,5,106,456,933,477,4,4,396,396,0,6.807583648184077e-05,0.0002042275094455223,450,562,112,5,5,5,2,5,966,570,491
275,6,107,498,948,450,8,8,536,536,0,6.807583648184077e-05,6.807583648184077e-05,455,455,0,7,4,4,2,2,876,325,765
276,12,113,649,957,308,8,8,555,555,0,3.4037918240920386e-05,6.807583648184077e-05,404,464,60,5,4,4,2,8,806,477,666
277,14,14,645,645,0,14,14,500,500,0,0.0002382654276864427,0.0002382654276864427,588,588,0,-1,4,4,5,6,602,516,706
278,14,220,576,964,388,30,38,565,628,63,0.00034037918240920387,0.0020763130126961434,651,886,235,3,4,4,7,4,329,479,128
279,2,103,363,927,564,7,7,391,391,0,0.0,0.0,1,1,0,5,5,5,5,1,435,530,476
280,0,206,1,945,944,0,56,1,534,533,0.0,0.0008169100377820892,1,763,762,3,-1,4,14,3,181,882,559
281,6,107,448,926,478,10,10,474,474,0,0.00010211375472276115,0.00010211375472276115,485,485,0,8,4,4,3,2,855,532,647
282,6,6,410,410,0,20,20,467,467,0,0.00017018959120460194,0.00017018959120460194,537,537,0,-1,4,4,6,2,157,550,965
283,20,20,646,646,0,38,38,564,564,0,0.00017018959120460194,0.00017018959120460194,552,552,0,-1,4,4,9,9,388,341,849
284,111,317,900,977,77,74,74,783,783,0,0.002110350930937064,0.0030293747234419145,884,915,31,3,3,3,9,20,289,94,403
285,37,37,858,858,0,14,14,720,720,0,0.0014295925661186562,0.0014295925661186562,859,859,0,-1,4,4,3,17,852,180,962
286,1,103,333,921,588,5,8,333,386,53,0.0,0.00030634126416828345,1,631,630,4,7,5,5,1,688,857,551
287,71,71,892,892,0,18,18,692,692,0,0.0018720855032506212,0.0018720855032506212,883,883,0,-1,4,4,3,19,770,72,794
288,100,100,911,911,0,100,100,987,987,0,0.040334933115490655,0.04084550188910446,998,998,0,4,1,1,4,19,304,72,535
289,512,613,997,999,2,48,48,945,945,0,0.01504475986248681,0.01504475986248681,991,991,0,5,3,3,3,127,835,11,781
290,0,102,1,933,932,0,6,1,423,422,0.0,0.0008169100377820892,1,792,791,4,-1,5,3,0,615,707,84
291,0,206,1,947,946,0,30,1,412,411,0.0,0.0002042275094455223,1,548,547,3,-1,4,14,0,268,855,510
292,0,616,1,1000,999,0,18,1,807,806,0.0,0.006024711528642908,1,966,965,2,-1,3,2,0,895,356,56
293,22,124,657,913,256,20,20,490,490,0,6.807583648184077e-05,0.0004765308553728854,447,699,252,4,4,4,6,5,536,314,294
294,0,206,1,976,975,0,12,1,585,584,0.0,0.0026889955410327104,1,914,913,3,-1,4,2,0,934,831,102
295,2,2,376,376,0,4,4,378,378,0,0.0,0.0,1,1,0,-1,5,5,3,3,732,466,988
296,117,323,906,977,71,108,108,900,900,0,0.004288777698355968,0.004663194799006093,950,954,4,3,2,2,9,16,147,113,557
297,14,116,508,891,383,64,64,569,569,0,0.0002382654276864427,0.0002382654276864427,567,567,0,4,4,4,14,3,268,653,714
298,357,458,988,992,4,78,78,965,965,0,0.00878178290615746,0.00881582082439838,978,978,0,5,2,2,4,81,741,32,692
299,6,108,463,936,473,9,9,472,472,0,0.0,0.0,1,1,0,4,4,4,3,2,710,597,225
300,555,555,992,992,0,136,136,981,981,0,0.011981347220803976,0.011981347220803976,986,986,0,-1,2,2,7,83,320,10,864
301,6,108,385,870,485,45,47,427,436,9,3.4037918240920386e-05,0.00010211375472276115,399,479,80,4,4,4,20,1,88,463,596
302,18,18,713,713,0,22,22,796,796,0,0.0014295925661186562,0.0014295925661186562,863,863,0,-1,3,3,2,3,779,559,729
303,204,410,974,993,19,56,56,976,976,0,0.007760645358929848,0.008713707069675619,974,977,3,3,2,2,2,36,904,48,243
304,0,102,1,933,932,0,3,1,368,367,0.0,3.4037918240920386e-05,1,393,392,4,-1,5,2,0,589,205,689
305,16,16,518,518,0,57,57,502,502,0,0.00017018959120460194,0.00017018959120460194,539,539,0,-1,3,3,16,2,53,492,742
306,0,616,1,998,997,0,26,1,749,748,0.0,0.005616256509751864,1,964,963,2,-1,3,4,0,511,823,45
307,589,690,994,996,2,118,118,960,960,0,0.01232172640321318,0.01232172640321318,986,986,0,5,3,3,8,96,454,1,623
308,6,6,376,376,0,77,77,519,519,0,0.0002723033459273631,0.0002723033459273631,615,615,0,-1,4,4,19,1,31,809,498
309,11,11,619,619,0,8,8,489,489,0,0.00017018959120460194,0.00017018959120460194,540,540,0,-1,4,4,2,6,934,459,830
310,6,108,403,900,497,23,24,443,450,7,3.4037918240920386e-05,0.00010211375472276115,398,476,78,4,4,4,8,1,317,873,22
311,8,110,523,919,396,16,16,466,466,0,0.0002382654276864427,0.0007488342013002485,592,763,171,4,4,4,6,4,515,239,240
312,38,140,687,901,214,106,106,675,675,0,0.0004084550188910446,0.0004084550188910446,672,672,0,4,3,3,15,4,77,479,495
313,24,126,742,947,205,12,12,597,597,0,0.00034037918240920387,0.0008509479560230097,661,791,130,4,4,4,2,6,972,136,211
314,45,147,764,925,161,70,70,696,696,0,0.0007828721195411688,0.0008169100377820892,755,765,10,4,3,3,10,9,153,293,791
315,0,102,1,936,935,0,4,1,368,367,0.0,0.00010211375472276115,1,496,495,4,-1,5,3,0,825,974,526
316,0,0,1,1,0,0,0,1,1,0,0.0,0.0,1,1,0,-1,-1,-1,3,0,825,728,778
317,0,206,1,979,978,0,12,1,713,712,0.0,0.0026889955410327104,1,918,917,3,-1,4,2,0,876,349,142
318,19,19,708,708,0,26,26,665,665,0,0.00088498587426393,0.00088498587426393,793,793,0,-1,4,4,5,7,435,630,699
319,0,102,1,906,905,0,11,1,395,394,0.0,0.0004084550188910446,1,672,671,4,-1,5,7,0,698,651,250
320,44,145,855,963,108,46,46,967,967,0,0.005037611899656217,0.005037611899656217,951,951,0,5,2,2,2,4,948,288,694
321,6,622,393,991,598,42,126,458,774,316,0.00010211375472276115,0.010483678818203479,487,978,491,2,4,3,15,1,107,152,11
322,70,276,809,965,156,168,168,764,764,0,0.0006467204465774873,0.0010211375472276116,737,804,67,3,3,3,21,8,12,187,479
323,0,206,1,948,947,0,52,1,537,536,0.0,0.0008169100377820892,1,767,766,3,-1,4,12,0,116,984,327
324,0,0,1,1,0,0,0,1,1,0,0.0,0.0,1,1,0,-1,-1,-1,4,0,638,701,478
325,23,23,756,756,0,12,12,671,671,0,0.000442492937131965,0.000442492937131965,694,694,0,-1,4,4,2,7,739,150,908
326,347,447,995,998,3,72,72,994,994,0,0.016984921202219273,0.016984921202219273,994,994,0,5,2,2,3,83,875,10,691
327,6,6,482,482,0,14,14,578,578,0,6.807583648184077e-05,6.807583648184077e-05,446,446,0,-1,4,4,3,1,814,711,907
328,0,206,1,973,972,0,20,1,538,537,0.0,0.0008509479560230097,1,786,785,3,-1,4,6,0,594,843,148
329,6,6,424,424,0,34,34,586,586,0,0.00013615167296368154,0.00013615167296368154,517,517,0,-1,4,4,7,1,329,394,372
330,954,1160,999,1000,1,272,272,1000,1000,0,0.019469689233806462,0.020150447598624867,997,997,0,3,2,2,11,127,271,11,273
331,102,203,890,956,66,92,92,811,811,0,0.0014295925661186562,0.0014295925661186562,834,834,0,6,3,3,11,17,379,226,582
332,2,1642,355,1000,645,13,92,400,911,511,0.0,0.02049082678103407,1,994,993,1,5,2,7,1,170,334,1
333,8,214,505,966,461,12,16,430,490,60,0.00010211375472276115,0.0004765308553728854,472,708,236,3,4,4,4,5,493,464,240
334,17,119,643,931,288,34,34,762,762,0,0.0002382654276864427,0.00034037918240920387,591,644,53,4,3,3,4,3,711,541,442
335,9,215,585,976,391,8,12,444,506,62,0.00013615167296368154,0.0005105687736138058,528,716,188,3,5,4,4,6,721,229,52
336,29,130,664,897,233,98,98,641,641,0,0.00037441710065012424,0.00037441710065012424,650,650,0,5,3,3,16,5,42,241,374
337,5,107,411,896,485,19,19,405,405,0,0.0,0.00017018959120460194,1,544,543,4,5,5,10,3,149,572,263
338,0,101,1,934,933,0,2,1,331,330,0.0,6.807583648184077e-05,1,452,451,5,-1,6,2,0,926,910,319
339,0,102,1,911,910,0,8,1,377,376,0.0,0.00017018959120460194,1,537,536,4,-1,5,5,3,390,854,562
340,0,0,1,1,0,0,0,1,1,0,0.0,0.0,1,1,0,-1,-1,-1,2,1,992,650,927
341,8,8,508,508,0,26,26,535,535,0,0.0002723033459273631,0.0002723033459273631,599,599,0,-1,4,4,7,3,214,263,900
342,6,108,498,943,445,8,8,514,514,0,0.00010211375472276115,0.00034037918240920387,501,655,154,4,4,4,2,1,976,594,328
343,100,100,922,922,0,100,100,990,990,0,0.029510875114877974,0.029544913033118896,996,996,0,4,1,1,5,2,663,448,363
344,20,122,643,917,274,58,58,718,718,0,0.0004084550188910446,0.000442492937131965,682,695,13,4,3,3,8,3,223,268,791
345,11,113,547,920,373,26,26,525,525,0,0.0002723033459273631,0.00030634126416828345,604,625,21,4,4,4,7,4,359,365,749
346,9,215,487,952,465,40,55,439,495,56,3.4037918240920386e-05,0.000442492937131965,399,681,282,3,4,4,16,3,26,411,389
347,1,1,333,333,0,4,4,333,333,0,0.0,0.0,1,1,0,-1,6,6,4,2,475,656,433
348,176,278,978,990,12,32,32,952,952,0,0.006297014874570271,0.006603356138738555,968,969,1,4,3,3,2,49,806,51,233
349,6,212,426,965,539,20,24,527,570,43,3.4037918240920386e-05,0.00088498587426393,400,794,394,3,4,4,6,2,582,714,49
350,2,208,355,959,604,9,23,375,503,128,0.0,0.0006126825283365669,1,729,728,3,5,4,6,2,425,679,226
351,90,191,859,945,86,84,84,809,809,0,0.00176997174852786,0.0018380475850097008,860,870,10,5,3,3,9,12,140,99,466
352,152,253,945,977,32,60,60,858,858,0,0.003369753905851118,0.003369753905851118,936,936,0,5,3,3,5,28,531,41,484
353,0,0,1,1,0,0,0,1,1,0,0.0,0.0,1,1,0,-1,-1,-1,4,0,648,997,905
354,24,230,688,965,277,48,48,717,717,0,0.0006807583648184077,0.001055175465468532,747,813,66,3,3,3,7,3,196,351,90
355,0,0,1,1,0,0,0,1,1,0,0.0,0.0,1,1,0,-1,-1,-1,2,0,991,488,835
356,0,102,1,893,892,0,9,1,371,370,0.0,0.0,1,1,0,4,-1,5,6,0,514,971,586
357,0,0,1,1,0,0,0,1,1,0,0.0,0.0,1,1,0,-1,-1,-1,20,0,88,902,955
358,6,6,484,484,0,8,8,444,444,0,0.0002382654276864427,0.0002382654276864427,607,607,0,-1,5,5,4,3,607,307,901
359,9,215,559,970,411,14,32,453,624,171,3.4037918240920386e-05,0.0013955546478777359,403,848,445,3,4,4,6,4,253,581,91
360,7,109,501,912,411,12,12,434,434,0,6.807583648184077e-05,0.00013615167296368154,442,512,70,4,4,4,4,2,448,408,720
361,0,616,1,990,989,0,76,1,612,611,0.0,0.0018720855032506212,1,875,874,2,-1,3,13,0,115,698,104
362,6,6,482,482,0,18,18,678,678,0,0.0002382654276864427,0.0002382654276864427,622,622,0,-1,4,4,3,2,530,785,989
363,1,617,333,997,664,4,34,333,741,408,0.0,0.0048674223084516155,1,961,960,2,7,3,4,1,558,972,77
364,27,233,813,988,175,12,12,746,746,0,0.0011232513019503727,0.0019741992579733825,826,889,63,3,4,4,2,6,799,397,147
365,0,0,1,1,0,0,0,1,1,0,0.0,0.0,1,1,0,-1,-1,-1,15,0,102,916,948
366,0,0,1,1,0,0,0,1,1,0,0.0,0.0,1,1,0,-1,-1,-1,8,0,323,446,920
367,6,108,508,956,448,12,12,640,640,0,0.00013615167296368154,0.0008169100377820892,520,773,253,4,4,4,2,1,809,810,114
368,0,0,1,1,0,0,0,1,1,0,0.0,0.0,1,1,0,-1,-1,-1,13,0,41,921,737
369,51,257,837,978,141,34,34,774,774,0,0.0008509479560230097,0.003642057251778481,784,940,156,3,3,3,4,12,280,67,88
370,27,643,799,1000,201,12,22,623,819,196,0.0005446066918547262,0.004629156880765172,737,946,209,2,4,3,2,8,928,386,44
371,0,616,1,996,995,0,34,1,639,638,0.0,0.0019061234214915416,1,883,882,2,-1,3,6,0,489,968,81
372,174,174,965,965,0,40,40,885,885,0,0.0053439531638245,0.0053439531638245,959,959,0,-1,3,3,4,31,610,34,941
373,8,109,592,955,363,8,8,544,544,0,0.0002042275094455223,0.0002042275094455223,599,599,0,5,4,4,2,2,781,584,572
374,9,111,605,946,341,18,18,686,686,0,0.0004084550188910446,0.0005786446100956465,682,734,52,4,4,4,3,5,708,619,379
375,78,284,876,977,101,50,50,846,846,0,0.0014636304843595766,0.005480104836788182,855,958,103,3,3,3,5,18,487,148,34
376,44,146,747,919,172,132,132,825,825,0,0.0005105687736138058,0.0007147962830593281,708,758,50,4,3,3,15,6,68,381,487
377,0,0,1,1,0,0,0,1,1,0,0.0,0.0,1,1,0,-1,-1,-1,2,0,936,881,276
378,0,0,1,1,0,0,0,1,1,0,0.0,0.0,1,1,0,-1,-1,-1,3,2,918,709,522
379,201,817,944,995,51,224,224,964,964,0,0.003812246842983083,0.005446066918547262,933,959,26,2,2,2,15,21,81,123,67
380,1,1,331,331,0,3,3,331,331,0,3.4037918240920386e-05,3.4037918240920386e-05,394,394,0,-1,6,6,3,2,786,615,738
381,30,132,695,911,216,74,74,749,749,0,0.0007147962830593281,0.0007828721195411688,742,760,18,4,3,3,9,6,140,381,452
382,0,102,1,962,961,0,3,1,403,402,0.0,0.0005105687736138058,1,738,737,4,-1,5,2,1,788,706,204
383,0,101,1,941,940,0,2,1,330,329,0.0,0.0,1,1,0,7,-1,8,2,0,817,587,671
384,0,0,1,1,0,0,0,1,1,0,0.0,0.0,1,1,0,-1,-1,-1,2,0,548,733,502
385,14,14,588,588,0,30,30,635,635,0,0.00017018959120460194,0.00017018959120460194,550,550,0,-1,4,4,5,3,392,173,902
386,61,162,864,963,99,36,36,792,792,0,0.0014295925661186562,0.001497668402600497,848,852,4,5,3,3,5,12,629,99,602
387,1,103,332,942,610,2,4,332,411,79,0.0,0.0,1,1,0,4,6,5,2,1,804,590,468
388,0,206,1,971,970,0,12,1,459,458,0.0,0.0010892133837094523,1,826,825,3,-1,4,4,0,460,367,60
389,9,9,546,546,0,18,18,595,595,0,0.00013615167296368154,0.00013615167296368154,522,522,0,-1,4,4,3,5,892,395,925
390,16,118,634,927,293,30,30,718,718,0,0.0002042275094455223,0.00030634126416828345,588,648,60,4,3,3,4,2,675,223,124
391,0,206,1,959,958,0,28,1,486,485,0.0,0.0017359338302869397,1,864,863,3,-1,4,8,0,244,905,91
392,2,2,373,373,0,8,8,465,465,0,0.0,0.0,1,1,0,-1,5,5,4,2,738,492,882
393,14,115,538,897,359,50,50,550,550,0,0.00017018959120460194,0.00017018959120460194,538,538,0,6,4,4,11,3,188,93,656
394,352,454,982,991,9,88,88,974,974,0,0.012253650566731339,0.012287688484972258,987,987,0,4,2,2,4,54,614,19,496
395,64,166,862,966,104,52,52,951,951,0,0.005446066918547262,0.005514142755029102,963,963,0,4,2,2,3,9,554,245,282
396,0,0,1,1,0,0,0,1,1,0,0.0,0.0,1,1,0,-1,-1,-1,2,0,977,758,868
397,0,101,1,933,932,0,3,1,332,331,0.0,0.00010211375472276115,1,484,483,5,-1,6,3,0,615,726,383
398,44,44,834,834,0,28,28,800,800,0,0.0012253650566731338,0.0012253650566731338,842,842,0,-1,3,3,3,11,912,118,820
399,0,206,1,976,975,0,10,1,532,531,0.0,0.0002723033459273631,1,625,624,3,-1,4,3,0,899,732,168
400,2,104,357,898,541,12,12,391,391,0,0.00010211375472276115,0.00013615167296368154,481,515,34,4,5,5,7,1,340,899,607
401,137,137,976,976,0,46,46,991,991,0,0.015725518227305217,0.015725518227305217,991,991,0,-1,2,2,2,44,962,27,945
402,6,6,465,465,0,10,10,501,501,0,0.00010211375472276115,0.00010211375472276115,489,489,0,-1,4,4,3,4,857,409,715
403,0,102,1,914,913,0,7,1,378,377,0.0,0.0005786446100956465,1,729,728,4,-1,5,5,1,538,830,284
404,62,268,858,977,119,34,38,859,860,1,0.0014636304843595766,0.003982436434187685,856,943,87,3,3,3,3,14,621,387,75
405,0,102,1,921,920,0,7,1,398,397,0.0,0.0005786446100956465,1,739,738,4,-1,5,4,0,495,985,284
406,10,10,549,549,0,12,12,471,471,0,0.00013615167296368154,0.00013615167296368154,524,524,0,-1,4,4,4,4,762,315,709
407,0,101,1,969,968,0,2,1,331,330,0.0,3.4037918240920386e-05,1,402,401,5,-1,6,2,3,782,478,931
408,0,206,1,968,967,0,30,1,587,586,0.0,0.0028591851322373124,1,917,916,3,-1,4,7,2,305,752,142
409,1,102,332,966,634,2,2,332,332,0,0.0,0.00013615167296368154,1,516,515,5,6,6,2,1,968,788,290
410,36,242,743,966,223,38,38,609,609,0,0.0006807583648184077,0.0010892133837094523,756,817,61,3,4,4,7,8,209,250,645
411,70,276,866,977,111,44,44,811,811,0,0.0014295925661186562,0.0019061234214915416,855,887,32,3,3,3,4,14,759,68,131
412,64,270,830,969,139,108,108,895,895,0,0.0017359338302869397,0.0020082371762143027,864,883,19,3,2,2,9,4,381,40,328
413,16,117,628,931,303,30,30,734,734,0,0.0005786446100956465,0.0006126825283365669,737,742,5,5,3,3,4,1,401,439,570
414,176,176,960,960,0,38,38,877,877,0,0.003880322679464924,0.003880322679464924,940,940,0,-1,3,3,3,27,726,88,987
415,0,0,1,1,0,0,0,1,1,0,0.0,0.0,1,1,0,-1,-1,-1,5,0,396,961,783
416,1,103,333,928,595,3,6,333,424,91,0.0,0.0005105687736138058,1,720,719,4,6,5,3,1,861,763,218
417,1,103,333,902,569,7,8,333,356,23,0.0,0.00010211375472276115,1,492,491,4,6,5,7,2,273,344,659
418,16,222,546,954,408,70,70,660,660,0,0.00013615167296368154,0.0011232513019503727,503,810,307,3,3,3,12,3,183,260,174
419,38,244,765,967,202,54,54,760,760,0,0.0002382654276864427,0.0004765308553728854,583,692,109,3,3,3,7,5,340,362,169
420,0,102,1,933,932,0,4,1,400,399,0.0,0.0004084550188910446,1,690,689,4,-1,5,2,0,653,960,177
421,20,226,654,970,316,48,48,711,711,0,0.0008169100377820892,0.0013955546478777359,779,848,69,3,3,3,7,5,413,355,399
422,0,616,1,989,988,0,43,1,445,444,0.0,0.0006467204465774873,1,737,736,2,-1,3,16,0,59,997,378
423,0,102,1,886,885,0,22,1,383,382,0.0,0.00010211375472276115,1,478,477,4,-1,5,14,0,79,600,239
424,0,101,1,969,968,0,2,1,328,327,0.0,0.0002042275094455223,1,585,584,5,-1,6,2,0,898,201,236
425,46,252,827,976,149,52,52,948,948,0,0.002825147213996392,0.0045270431260424114,912,955,43,3,2,2,3,2,989,634,106
426,180,386,979,996,17,12,12,681,681,0,0.007420266176520644,0.008237176214302734,973,976,3,3,4,4,2,54,830,19,862
427,7,109,528,934,406,9,9,470,470,0,0.00013615167296368154,0.0007488342013002485,512,770,258,4,4,4,3,3,882,761,396
428,0,0,1,1,0,0,0,1,1,0,0.0,0.0,1,1,0,-1,-1,-1,3,2,923,431,787
429,2,208,360,974,614,6,10,418,472,54,3.4037918240920386e-05,0.0012253650566731338,402,833,431,3,5,4,3,1,626,592,95
430,0,0,1,1,0,0,0,1,1,0,0.0,0.0,1,1,0,-1,-1,-1,6,0,393,955,845
431,5,106,601,980,379,4,4,561,561,0,0.0002042275094455223,0.0002382654276864427,605,626,21,6,5,5,2,4,955,233,512
432,25,231,674,958,284,50,62,610,672,62,0.00030634126416828345,0.0019741992579733825,629,885,256,3,3,3,10,5,258,241,91
433,46,46,749,749,0,92,92,675,675,0,0.00037441710065012424,0.00037441710065012424,653,653,0,-1,3,3,14,7,85,303,834
434,12,628,534,992,458,36,54,543,675,132,0.00013615167296368154,0.0020422750944552232,512,881,369,2,4,3,10,2,527,682,96
435,9,111,539,917,378,23,23,486,486,0,3.4037918240920386e-05,0.00010211375472276115,405,478,73,4,4,4,8,3,286,526,156
436,57,263,881,983,102,22,22,820,820,0,0.0018380475850097008,0.0022465026039007454,890,902,12,3,3,3,2,19,232,144,268
437,108,314,887,970,83,198,198,889,889,0,0.0020422750944552232,0.002314578440382586,884,894,10,3,3,3,18,15,34,53,253
438,6,6,439,439,0,20,20,597,597,0,0.0002042275094455223,0.0002042275094455223,573,573,0,-1,4,4,4,1,755,452,489
439,14,116,627,944,317,18,18,545,545,0,6.807583648184077e-05,0.0002042275094455223,447,569,122,4,4,4,5,3,580,214,229
440,22,124,607,893,286,57,57,577,577,0,3.4037918240920386e-05,6.807583648184077e-05,400,439,39,4,3,3,12,3,87,434,552
441,13,13,649,649,0,8,8,502,502,0,0.00013615167296368154,0.00013615167296368154,530,530,0,-1,4,4,2,5,980,362,792
442,19,19,709,709,0,40,40,806,806,0,0.00030634126416828345,0.00030634126416828345,633,633,0,-1,3,3,5,5,602,619,673
443,137,239,964,987,23,52,52,984,984,0,0.013036522686272508,0.01317267435923619,988,988,0,4,2,2,3,31,911,102,222
444,0,0,1,1,0,0,0,1,1,0,0.0,0.0,1,1,0,-1,-1,-1,18,0,111,669,856
445,15,15,633,633,0,24,24,616,616,0,0.0004084550188910446,0.0004084550188910446,673,673,0,-1,4,4,6,4,594,645,651
446,4,106,417,913,496,10,10,396,396,0,6.807583648184077e-05,0.00010211375472276115,438,471,33,4,5,5,6,2,575,547,592
447,10,626,597,999,402,10,28,505,814,309,0.00013615167296368154,0.011300588855985567,522,986,464,2,4,3,3,4,774,202,11
448,0,101,1,909,908,0,5,1,332,331,0.0,6.807583648184077e-05,1,446,445,5,-1,6,5,0,407,939,899
449,32,134,829,963,134,22,22,827,827,0,0.0010892133837094523,0.0011232513019503727,831,838,7,4,3,3,2,5,469,418,718
450,205,411,952,984,32,178,178,982,982,0,0.004561081044283332,0.004969536063174376,953,957,4,3,2,2,10,20,256,94,115
451,22,124,590,888,298,96,96,585,585,0,0.00017018959120460194,0.00017018959120460194,533,533,0,4,3,3,19,2,19,363,373
452,44,250,838,978,140,22,22,784,784,0,0.0008169100377820892,0.002144388849177984,789,894,105,3,3,3,2,9,750,242,85
453,13,13,612,612,0,18,18,608,608,0,0.00017018959120460194,0.00017018959120460194,540,540,0,-1,4,4,3,4,989,339,814
454,6,108,445,921,476,12,12,455,455,0,0.00034037918240920387,0.0004084550188910446,651,682,31,4,4,4,4,2,558,805,518
455,2,2,351,351,0,11,11,361,361,0,0.0,0.0,1,1,0,-1,5,5,9,2,191,374,665
456,0,102,1,908,907,0,5,1,356,355,0.0,3.4037918240920386e-05,1,393,392,4,-1,5,4,0,509,925,231
457,35,137,775,940,165,34,34,680,680,0,0.000442492937131965,0.0005786446100956465,691,727,36,4,3,3,6,7,606,176,870
458,38,38,739,739,0,94,94,815,815,0,0.00017018959120460194,0.00017018959120460194,540,540,0,-1,3,3,9,3,159,318,981
459,6,108,403,900,497,12,12,416,416,0,0.00010211375472276115,0.0002382654276864427,485,588,103,4,4,4,4,1,503,463,278
460,169,270,951,977,26,54,54,871,871,0,0.004969536063174376,0.004969536063174376,962,962,0,5,3,3,4,31,759,126,547
461,126,332,941,983,42,44,44,846,846,0,0.0020422750944552232,0.0021784267674189047,890,895,5,3,3,3,4,23,741,66,666
462,4,4,431,431,0,8,8,411,411,0,0.00013615167296368154,0.00013615167296368154,517,517,0,-1,5,5,4,2,542,579,894
463,0,0,1,1,0,0,0,1,1,0,0.0,0.0,1,1,0,-1,-1,-1,6,0,352,865,941
464,0,0,1,1,0,0,0,1,1,0,0.0,0.0,1,1,0,-1,-1,-1,4,0,562,943,359
465,6,212,388,945,557,27,34,398,437,39,3.4037918240920386e-05,0.0002042275094455223,394,555,161,3,4,4,14,2,181,518,501
466,9,110,555,921,366,7,7,401,401,0,0.0002042275094455223,0.0002042275094455223,568,568,0,5,5,5,4,5,783,314,861
467,6,6,417,417,0,16,16,430,430,0,6.807583648184077e-05,6.807583648184077e-05,455,455,0,-1,5,5,8,3,440,596,685
468,0,0,1,1,0,0,0,1,1,0,0.0,0.0,1,1,0,-1,-1,-1,6,0,341,228,483
469,0,102,1,921,920,0,7,1,398,397,0.0,6.807583648184077e-05,1,438,437,4,-1,5,4,1,495,913,238
470,52,258,798,969,171,56,60,638,665,27,0.0006807583648184077,0.004016474352428605,749,945,196,3,3,3,9,10,381,413,31
471,122,328,895,973,78,202,202,907,907,0,0.0016338200755641784,0.002314578440382586,864,894,30,3,3,3,17,18,24,54,612
472,182,798,944,997,53,104,124,882,924,42,0.0025188059498281084,0.014636304843595765,903,987,84,2,3,3,9,33,263,15,3
473,18,224,689,979,290,10,10,508,508,0,0.0002042275094455223,0.0011913271384322134,566,837,271,3,4,4,3,7,288,389,497
474,2,2,362,362,0,4,4,364,364,0,0.0,0.0,1,1,0,-1,5,5,3,1,672,530,997
475,112,112,900,900,0,116,116,893,893,0,0.0025188059498281084,0.0025188059498281084,904,904,0,-1,3,3,11,27,333,304,909
476,0,206,1,946,945,0,17,1,370,369,0.0,6.807583648184077e-05,1,449,448,3,-1,4,12,0,44,992,578
477,10,112,578,936,358,9,9,470,470,0,0.00013615167296368154,0.0002382654276864427,512,597,85,4,4,4,3,3,882,704,556
478,0,101,1,978,977,0,2,1,331,330,0.0,0.0002042275094455223,1,589,588,5,-1,6,2,2,775,684,795
479,17,118,689,941,252,18,18,662,662,0,0.0006126825283365669,0.0006807583648184077,740,754,14,5,4,4,3,5,745,283,401
480,10,10,538,538,0,19,19,474,474,0,0.00013615167296368154,0.00013615167296368154,515,515,0,-1,4,4,6,3,473,485,779
481,16,118,594,920,326,58,58,774,774,0,0.0005105687736138058,0.0005446066918547262,715,724,9,4,3,3,7,1,156,404,585
482,16,117,569,912,343,70,70,754,754,0,0.0007147962830593281,0.0007147962830593281,750,750,0,6,3,3,9,1,330,727,640
483,15,221,644,976,332,20,20,626,626,0,0.0002382654276864427,0.0005105687736138058,599,709,110,3,4,4,4,4,597,504,300
484,0,206,1,970,969,0,14,1,541,540,0.0,0.0051397256543789785,1,961,960,3,-1,4,3,1,471,747,5
485,0,0,1,1,0,0,0,1,1,0,0.0,0.0,1,1,0,-1,-1,-1,6,0,560,905,984
486,16,118,569,912,343,34,34,529,529,0,3.4037918240920386e-05,3.4037918240920386e-05,397,397,0,4,4,4,9,5,330,350,690
487,6,6,444,444,0,18,18,505,505,0,0.00013615167296368154,0.00013615167296368154,520,520,0,-1,4,4,5,1,464,756,574
488,24,230,742,979,237,22,22,760,760,0,0.0012253650566731338,0.0019061234214915416,841,880,39,3,3,3,2,4,643,281,272
489,0,206,1,946,945,0,56,1,560,559,0.0,0.0012594029749140542,1,832,831,3,-1,4,12,0,175,388,158
490,37,37,784,784,0,18,18,603,603,0,0.0006467204465774873,0.0006467204465774873,750,750,0,-1,4,4,3,10,687,366,992
491,42,144,847,960,113,42,42,970,970,0,0.005412029000306341,0.005514142755029102,957,958,1,4,2,2,2,5,734,231,553
492,9,110,530,905,375,36,36,554,554,0,0.0002042275094455223,0.0002042275094455223,571,571,0,6,4,4,8,4,225,230,703
493,33,134,871,976,105,18,18,913,913,0,0.0029612988869600733,0.0030293747234419145,931,932,1,5,3,3,2,10,813,296,648
494,2,104,379,949,570,6,6,453,453,0,0.00010211375472276115,0.0006126825283365669,473,743,270,4,5,5,3,1,768,527,234
495,13,13,666,666,0,12,12,530,530,0,0.0002382654276864427,0.0002382654276864427,587,587,0,-1,4,4,4,6,738,368,906
496,46,46,802,802,0,50,50,794,794,0,0.0006126825283365669,0.0006126825283365669,743,743,0,-1,3,3,5,10,818,195,954
497,0,102,1,937,936,0,4,1,406,405,0.0,0.00017018959120460194,1,558,557,4,-1,5,2,0,948,794,827
498,1,617,333,990,657,8,58,333,694,361,0.0,0.005037611899656217,1,959,958,2,6,3,8,1,411,140,5
499,41,143,822,951,129,64,64,933,933,0,0.0020422750944552232,0.0020763130126961434,888,891,3,4,2,2,5,3,517,299,346
500,18,18,647,647,0,22,22,618,618,0,0.00013615167296368154,0.00013615167296368154,505,505,0,-1,3,3,4,2,832,791,844
501,8,214,467,947,480,48,58,476,516,40,0.00010211375472276115,0.000442492937131965,483,675,192,3,4,4,15,2,37,599,525
502,20,226,754,981,227,8,12,536,713,177,0.0006126825283365669,0.004118588107151367,753,946,193,3,4,4,2,8,876,204,102
503,0,0,1,1,0,0,0,1,1,0,0.0,0.0,1,1,0,-1,-1,-1,2,0,776,902,816
504,2,618,367,997,630,7,26,413,780,367,3.4037918240920386e-05,0.002314578440382586,389,900,511,2,5,3,4,2,721,325,375
505,16,632,622,997,375,22,32,707,865,158,0.0002042275094455223,0.005718370264474625,578,967,389,2,3,3,2,1,769,168,20
506,154,360,962,988,26,58,58,946,946,0,0.005548180673270023,0.007624493685966166,965,975,10,3,2,2,4,28,562,41,44
507,9,9,645,645,0,4,4,452,452,0,0.00017018959120460194,0.00017018959120460194,567,567,0,-1,5,5,2,5,974,310,900
508,6,6,477,477,0,8,8,484,484,0,0.00013615167296368154,0.00013615167296368154,520,520,0,-1,4,4,3,2,826,764,822
509,12,218,598,975,377,13,17,484,545,61,0.0005105687736138058,0.0009530617107457708,717,807,90,3,4,4,5,2,744,524,795
510,0,0,1,1,0,0,0,1,1,0,0.0,0.0,1,1,0,-1,-1,-1,3,0,585,973,959
511,35,241,767,975,208,26,26,598,598,0,0.0005786446100956465,0.002280540522141666,737,900,163,3,4,4,5,8,599,204,135
512,0,206,1,929,928,0,57,1,380,379,0.0,0.0002042275094455223,1,544,543,3,-1,4,36,0,16,489,809
513,18,18,679,679,0,50,50,848,848,0,0.0011232513019503727,0.0011232513019503727,817,817,0,-1,3,3,5,4,848,440,967
514,2,104,387,957,570,3,4,389,467,78,3.4037918240920386e-05,0.0005105687736138058,409,733,324,4,5,5,2,2,995,714,288
515,0,206,1,971,970,0,16,1,530,529,0.0,0.0014636304843595766,1,862,861,3,-1,4,4,1,709,529,117
516,22,124,591,884,293,96,96,657,657,0,0.00013615167296368154,0.0004084550188910446,500,651,151,4,3,3,16,4,132,346,371
517,6,212,390,951,561,42,50,458,485,27,6.807583648184077e-05,0.0005446066918547262,448,704,256,3,4,4,15,1,104,552,83
518,18,18,583,583,0,108,108,812,812,0,0.00037441710065012424,0.00037441710065012424,650,650,0,-1,3,3,12,3,348,354,455
519,296,296,975,975,0,134,134,981,981,0,0.006603356138738555,0.006603356138738555,971,971,0,-1,2,2,6,35,157,57,554
520,2,104,347,881,534,18,20,347,360,13,0.0,0.00010211375472276115,1,476,475,4,5,5,17,1,56,140,598
521,13,13,619,619,0,30,30,755,755,0,0.0005446066918547262,0.0005446066918547262,711,711,0,-1,4,4,5,3,727,616,997
522,72,72,837,837,0,78,78,705,705,0,0.0015317063208414173,0.0015317063208414173,857,857,0,-1,3,3,11,13,220,217,784
523,18,18,651,651,0,38,38,687,687,0,0.00010211375472276115,0.00010211375472276115,485,485,0,-1,3,3,6,3,526,300,957
524,64,165,837,941,104,90,90,908,908,0,0.0017018959120460194,0.0017018959120460194,867,867,0,5,2,2,6,4,378,207,331
525,0,102,1,897,896,0,10,1,370,369,0.0,6.807583648184077e-05,1,466,465,4,-1,5,7,0,179,611,492
526,20,20,593,593,0,50,50,500,500,0,0.00017018959120460194,0.00017018959120460194,529,529,0,-1,4,4,13,4,115,164,820
527,59,59,826,826,0,64,64,782,782,0,0.0014295925661186562,0.0014295925661186562,844,844,0,-1,3,3,8,8,308,352,356
528,0,102,1,940,939,0,4,1,406,405,0.0,0.0008509479560230097,1,785,784,4,-1,5,2,0,943,908,471
529,0,102,1,904,903,0,12,1,406,405,0.0,0.0005786446100956465,1,732,731,4,-1,5,7,0,305,802,218
530,6,6,525,525,0,8,8,566,566,0,0.00034037918240920387,0.00034037918240920387,666,666,0,-1,4,4,2,1,666,420,963
531,40,142,845,963,118,12,12,632,632,0,0.0009530617107457708,0.001055175465468532,805,818,13,4,4,4,2,17,919,213,556
532,0,206,1,961,960,0,19,1,427,426,0.0,6.807583648184077e-05,1,453,452,3,-1,4,9,0,177,483,282
533,14,14,564,564,0,26,26,523,523,0,0.0002042275094455223,0.0002042275094455223,565,565,0,-1,4,4,7,3,170,378,981
534,6,6,417,417,0,12,12,414,414,0,0.0,0.0,1,1,0,-1,4,4,6,1,446,734,982
535,0,0,1,1,0,0,0,1,1,0,0.0,0.0,1,1,0,-1,-1,-1,4,0,648,511,969
536,0,0,1,1,0,0,0,1,1,0,0.0,0.0,1,1,0,-1,-1,-1,7,0,221,988,778
537,0,0,1,1,0,0,0,1,1,0,0.0,0.0,1,1,0,-1,-1,-1,3,0,485,898,846
538,0,0,1,1,0,0,0,1,1,0,0.0,0.0,1,1,0,-1,-1,-1,3,0,712,731,200
539,28,234,685,959,274,74,74,734,734,0,0.0005105687736138058,0.0006807583648184077,704,746,42,3,3,3,9,4,287,288,761
540,6,6,458,458,0,7,7,467,467,0,0.00017018959120460194,0.00017018959120460194,544,544,0,-1,4,4,2,1,954,537,983
541,6,6,459,459,0,12,12,482,482,0,0.00010211375472276115,0.00010211375472276115,486,486,0,-1,4,4,4,3,495,410,660
542,0,0,1,1,0,0,0,1,1,0,0.0,0.0,1,1,0,-1,-1,-1,6,3,322,854,445
543,0,102,1,903,902,0,12,1,422,421,0.0,0.0007147962830593281,1,759,758,4,-1,5,6,0,451,884,186
544,6,212,538,986,448,7,12,588,736,148,6.807583648184077e-05,0.003199564314646516,446,939,493,3,4,4,2,1,749,531,105
545,0,0,1,1,0,0,0,1,1,0,0.0,0.0,1,1,0,-1,-1,-1,3,0,683,330,569
546,22,22,622,622,0,114,114,884,884,0,0.00088498587426393,0.00088498587426393,788,788,0,-1,3,3,9,4,100,143,744
547,2,208,358,971,613,7,12,396,484,88,3.4037918240920386e-05,0.00030634126416828345,411,634,223,3,5,4,4,2,559,615,557
548,0,206,1,969,968,0,16,1,467,466,0.0,0.0005786446100956465,1,730,729,3,-1,4,6,0,253,707,243
549,38,38,779,779,0,32,32,621,621,0,0.00088498587426393,0.00088498587426393,792,792,0,-1,4,4,6,9,275,375,529
550,108,108,904,904,0,92,92,893,893,0,0.002110350930937064,0.002110350930937064,888,888,0,-1,3,3,7,17,118,180,828
551,16,222,608,965,357,42,46,716,736,20,0.0007488342013002485,0.0014636304843595766,766,844,78,3,3,3,6,1,345,869,114
552,14,115,732,966,234,8,8,600,600,0,0.0004084550188910446,0.0004084550188910446,693,693,0,7,4,4,2,7,963,237,344
553,0,102,1,901,900,0,15,1,405,404,0.0,0.0002042275094455223,1,580,579,4,-1,5,8,0,137,849,637
554,16,118,558,907,349,60,60,642,642,0,0.00010211375472276115,0.00017018959120460194,478,547,69,4,3,3,11,1,333,689,605
555,113,215,920,968,48,86,86,920,920,0,0.0018040096667687805,0.0019741992579733825,873,884,11,4,3,3,6,13,549,335,310
556,6,622,432,998,566,20,34,563,735,172,3.4037918240920386e-05,0.008373327887266415,398,978,580,2,4,3,4,2,887,560,1
557,1,103,332,957,625,3,5,332,426,94,0.0,0.00034037918240920387,1,667,666,4,6,5,3,3,883,676,294
558,6,108,404,886,482,50,50,561,561,0,0.0002042275094455223,0.0002723033459273631,581,616,35,4,4,4,11,1,279,741,724
559,0,206,1,939,938,0,67,1,498,497,0.0,0.0007828721195411688,1,764,763,3,-1,4,20,0,88,871,234
560,9,111,605,946,341,18,18,686,686,0,0.0004084550188910446,0.0004765308553728854,682,706,24,4,4,4,3,5,708,619,307
561,191,191,953,953,0,128,128,963,963,0,0.00442492937131965,0.00442492937131965,945,945,0,-1,2,2,9,24,395,119,963
562,20,20,693,693,0,14,14,543,543,0,0.0006126825283365669,0.0006126825283365669,742,742,0,-1,4,4,3,4,585,246,588
563,0,0,1,1,0,0,0,1,1,0,0.0,0.0,1,1,0,-1,-1,-1,14,3,144,882,728
564,0,102,1,918,917,0,7,1,384,383,0.0,0.00034037918240920387,1,657,656,4,-1,5,4,2,736,775,303
565,23,125,709,932,223,44,44,738,738,0,0.0005786446100956465,0.0006807583648184077,735,759,24,4,3,3,7,7,439,170,164
566,0,102,1,933,932,0,6,1,401,400,0.0,0.0002382654276864427,1,607,606,4,-1,5,4,0,827,686,136
567,30,30,742,742,0,32,32,681,681,0,0.0004765308553728854,0.0004765308553728854,702,702,0,-1,3,3,5,5,396,178,903
568,22,124,681,931,250,34,34,729,729,0,0.0005786446100956465,0.0007488342013002485,735,768,33,4,3,3,4,3,671,525,722
569,0,1640,1,1000,999,0,78,1,654,653,0.0,0.007624493685966166,1,965,964,1,-1,2,14,0,84,983,306
570,0,101,1,954,953,0,4,1,329,328,0.0,0.0,1,1,0,6,-1,7,4,3,860,753,331
571,8,109,602,961,359,14,14,682,682,0,0.0005105687736138058,0.0005446066918547262,719,727,8,5,4,4,3,2,668,475,891
572,8,214,498,958,460,27,31,434,450,16,0.00010211375472276115,0.0002723033459273631,484,612,128,3,4,4,12,2,106,244,420
573,100,100,878,878,0,100,100,842,842,0,0.03829265802103543,0.03829265802103543,1000,1000,0,5,1,1,10,157,258,2,736
574,2,208,357,969,612,4,10,357,457,100,3.4037918240920386e-05,0.0006467204465774873,395,747,352,3,5,4,3,1,490,621,97
575,22,22,798,798,0,8,8,595,595,0,0.0006126825283365669,0.0006126825283365669,745,745,0,-1,4,4,2,8,847,187,874
576,0,101,1,934,933,0,2,1,331,330,0.0,0.0,1,1,0,5,-1,6,2,0,954,993,239
577,0,0,1,1,0,0,0,1,1,0,0.0,0.0,1,1,0,-1,-1,-1,3,0,626,712,945
578,2,2,344,344,0,20,20,350,350,0,3.4037918240920386e-05,3.4037918240920386e-05,400,400,0,-1,5,5,18,3,69,708,571
579,0,0,1,1,0,0,0,1,1,0,0.0,0.0,1,1,0,-1,-1,-1,6,0,345,951,966
580,32,133,667,905,238,130,130,769,769,0,0.00030634126416828345,0.00030634126416828345,621,621,0,6,3,3,15,2,51,827,703
581,0,0,1,1,0,0,0,1,1,0,0.0,0.0,1,1,0,-1,-1,-1,24,1,28,792,844
582,18,18,595,595,0,94,94,834,834,0,0.0008509479560230097,0.0008509479560230097,771,771,0,-1,3,3,9,4,123,440,423
583,0,101,1,954,953,0,4,1,329,328,0.0,6.807583648184077e-05,1,452,451,5,-1,6,4,0,860,760,373
584,6,108,395,888,493,47,47,536,536,0,0.00010211375472276115,0.00010211375472276115,488,488,0,4,4,4,12,1,194,869,334
585,38,38,718,718,0,136,136,828,828,0,0.0008509479560230097,0.0008509479560230097,770,770,0,-1,3,3,15,3,102,103,808
586,2,104,389,968,579,3,3,397,397,0,6.807583648184077e-05,0.0002723033459273631,443,633,190,4,5,5,2,2,933,325,90
587,94,300,908,979,71,44,44,847,847,0,0.002382654276864427,0.004050512270669526,904,945,41,3,3,3,4,18,495,55,38
588,2,104,352,882,530,23,27,370,380,10,3.4037918240920386e-05,0.00017018959120460194,398,548,150,4,5,5,17,3,24,748,164
589,13,115,671,965,294,10,10,656,656,0,0.00030634126416828345,0.00037441710065012424,644,671,27,4,4,4,3,6,877,368,222
590,0,206,1,974,973,0,9,1,493,492,0.0,0.000442492937131965,1,692,691,3,-1,4,3,0,748,802,326
591,85,85,890,890,0,50,50,907,907,0,0.0020082371762143027,0.0020082371762143027,884,884,0,-1,3,3,4,19,783,297,635
592,19,19,627,627,0,56,56,665,665,0,0.0002042275094455223,0.0002042275094455223,573,573,0,-1,3,3,9,3,178,291,573
593,2,618,358,998,640,8,42,367,713,346,0.0,0.007658531604207087,1,972,971,2,5,3,6,1,587,402,37
594,0,206,1,950,949,0,31,1,403,402,0.0,0.0002042275094455223,1,559,558,3,-1,4,18,1,29,895,341
595,52,52,815,815,0,56,56,794,794,0,0.0010892133837094523,0.0010892133837094523,812,812,0,-1,3,3,6,14,255,190,989
596,2,2,360,360,0,6,6,397,397,0,0.0,0.0,1,1,0,-1,5,5,3,2,819,885,542
597,61,61,903,903,0,22,22,886,886,0,0.0030293747234419145,0.0030293747234419145,923,923,0,-1,3,3,2,18,985,141,754
598,12,218,584,971,387,24,24,568,568,0,0.0002723033459273631,0.0010211375472276116,606,809,203,3,4,4,6,2,399,770,184
599,16,16,548,548,0,72,72,678,678,0,0.00010211375472276115,0.00010211375472276115,478,478,0,-1,3,3,11,1,150,168,778
600,19,225,574,952,378,121,129,657,677,20,0.00013615167296368154,0.0017018959120460194,503,858,355,3,3,3,21,3,1,508,91
601,0,102,1,876,875,0,17,1,369,368,0.0,3.4037918240920386e-05,1,401,400,4,-1,5,12,0,239,892,870
602,176,382,970,990,20,48,48,944,944,0,0.004799346471969774,0.005514142755029102,950,959,9,3,3,3,3,36,748,48,194
603,6,108,384,874,490,76,76,502,502,0,0.00034037918240920387,0.00037441710065012424,625,639,14,4,4,4,22,1,55,500,449
604,2,208,367,970,603,9,18,411,537,126,6.807583648184077e-05,0.0012934408931549745,454,840,386,3,5,4,5,2,291,885,58
605,144,144,952,952,0,50,50,862,862,0,0.0034718676605738795,0.0034718676605738795,930,930,0,-1,3,3,5,32,570,26,969
606,0,206,1,950,949,0,36,1,420,419,0.0,0.0006126825283365669,1,719,718,3,-1,4,18,0,29,664,138
607,2,104,343,866,523,24,38,343,380,37,0.0,0.0002042275094455223,1,544,543,4,5,5,23,2,15,344,722
608,100,100,879,879,0,94,94,837,837,0,0.0015317063208414173,0.0015317063208414173,853,853,0,-1,3,3,9,17,306,96,604
609,2,618,350,993,643,11,66,350,669,319,0.0,0.002314578440382586,1,894,893,2,5,3,10,1,128,621,13
610,71,173,866,952,86,76,76,915,915,0,0.002552843868069029,0.0030634126416828346,916,926,10,4,3,3,6,6,341,73,159
611,0,206,1,964,963,0,16,1,449,448,0.0,0.0002382654276864427,1,593,592,3,-1,4,6,0,369,921,257
612,0,102,1,933,932,0,6,1,437,436,0.0,0.0011232513019503727,1,829,828,4,-1,5,3,0,857,886,277
613,4,106,420,914,494,9,9,395,395,0,6.807583648184077e-05,0.00034037918240920387,452,661,209,4,5,5,5,2,677,602,366
614,59,59,776,776,0,178,178,862,862,0,0.0008509479560230097,0.0008509479560230097,766,766,0,-1,3,3,18,9,86,293,760
615,8,8,527,527,0,13,13,454,454,0,6.807583648184077e-05,6.807583648184077e-05,447,447,0,-1,4,4,5,3,692,829,967
616,0,102,1,929,928,0,3,1,364,363,0.0,0.0,1,1,0,4,-1,5,2,0,643,758,555
617,0,0,1,1,0,0,0,1,1,0,0.0,0.0,1,1,0,-1,-1,-1,10,1,99,787,746
618,21,123,747,958,211,12,12,645,645,0,0.0006807583648184077,0.0009530617107457708,753,804,51,4,4,4,2,9,999,245,691
619,0,1640,1,1000,999,0,78,1,684,683,0.0,0.008645631233193778,1,973,972,1,-1,2,12,1,87,472,116
620,0,0,1,1,0,0,0,1,1,0,0.0,0.0,1,1,0,-1,-1,-1,5,1,848,685,920
621,6,108,449,918,469,14,14,484,484,0,0.00010211375472276115,0.0005446066918547262,487,725,238,4,4,4,5,1,412,360,295
622,14,1654,590,1000,410,32,78,559,856,297,0.0002723033459273631,0.013887470642295518,605,986,381,1,4,2,8,7,449,427,27
623,8,110,507,913,406,24,24,499,499,0,0.00013615167296368154,0.00017018959120460194,514,542,28,4,4,4,6,2,624,791,618
624,17,17,635,635,0,24,24,531,531,0,0.00037441710065012424,0.00037441710065012424,665,665,0,-1,4,4,6,5,489,310,903
625,68,274,863,978,115,44,44,835,835,0,0.0015317063208414173,0.002552843868069029,856,910,54,3,3,3,4,14,641,190,335
626,32,238,767,976,209,38,38,781,781,0,0.0002723033459273631,0.0007488342013002485,620,769,149,3,3,3,5,5,476,182,295
627,0,102,1,909,908,0,9,1,362,361,0.0,3.4037918240920386e-05,1,398,397,4,-1,5,7,0,196,760,334
628,0,616,1,991,990,0,90,1,596,595,0.0,0.002757071377514551,1,911,910,2,-1,3,18,1,111,513,75
629,2,2,383,383,0,5,5,423,423,0,6.807583648184077e-05,6.807583648184077e-05,465,465,0,-1,5,5,3,1,790,481,787
630,0,101,1,925,924,0,3,1,331,330,0.0,0.0,1,1,0,5,-1,6,3,0,864,890,543
631,76,177,849,948,99,76,76,794,794,0,0.0016338200755641784,0.0016338200755641784,859,859,0,5,3,3,10,10,243,227,337
632,22,22,708,708,0,28,28,601,601,0,0.00030634126416828345,0.00030634126416828345,643,643,0,-1,4,4,6,10,253,262,991
633,105,311,937,988,51,22,22,780,780,0,0.0019741992579733825,0.003914360597705844,884,943,59,3,3,3,2,34,429,89,55
634,25,127,669,915,246,46,46,627,627,0,0.00034037918240920387,0.0006126825283365669,639,724,85,4,3,3,8,4,303,645,516
635,77,283,862,976,114,106,106,936,936,0,0.0030634126416828346,0.003812246842983083,927,938,11,3,2,2,7,6,466,73,116
636,14,14,550,550,0,42,42,579,579,0,0.00017018959120460194,0.00017018959120460194,547,547,0,-1,4,4,9,3,316,248,838
637,46,46,739,739,0,100,100,651,651,0,0.0004765308553728854,0.0004765308553728854,684,684,0,-1,3,3,16,6,53,516,986
638,20,20,726,726,0,16,16,618,618,0,0.0004765308553728854,0.0004765308553728854,705,705,0,-1,4,4,4,5,827,178,358
639,0,0,1,1,0,0,0,1,1,0,0.0,0.0,1,1,0,-1,-1,-1,5,0,291,745,872
640,16,117,601,915,314,28,28,623,623,0,0.00037441710065012424,0.00037441710065012424,647,647,0,5,3,3,5,1,377,840,540
641,25,126,815,968,153,18,18,859,859,0,0.0008169100377820892,0.0008509479560230097,785,792,7,5,3,3,2,9,950,293,853
642,72,174,866,956,90,50,50,830,830,0,0.001055175465468532,0.0011913271384322134,815,829,14,4,3,3,5,14,438,139,481
643,0,206,1,950,949,0,41,1,478,477,0.0,0.0010211375472276116,1,794,793,3,-1,4,13,0,228,979,193
644,0,101,1,937,936,0,3,1,332,331,0.0,0.00010211375472276115,1,483,482,5,-1,6,3,1,590,554,755
645,0,0,1,1,0,0,0,1,1,0,0.0,0.0,1,1,0,-1,-1,-1,2,0,821,876,790
646,2,208,351,951,600,17,25,393,459,66,3.4037918240920386e-05,0.0006126825283365669,401,740,339,3,5,4,9,2,208,662,226
647,0,0,1,1,0,0,0,1,1,0,0.0,0.0,1,1,0,-1,-1,-1,3,0,621,916,784
648,6,212,433,973,540,20,20,579,579,0,0.00017018959120460194,0.0004084550188910446,550,683,133,3,4,4,4,1,700,958,486
649,0,206,1,954,953,0,16,1,403,402,0.0,0.0002042275094455223,1,551,550,3,-1,4,8,1,303,730,477
650,13,219,565,967,402,26,26,565,565,0,0.0002723033459273631,0.0013615167296368155,610,839,229,3,4,4,5,5,349,722,96
651,70,171,804,927,123,176,176,865,865,0,0.0017359338302869397,0.0017359338302869397,866,866,0,6,2,2,17,5,10,393,663
652,24,126,654,908,254,68,68,689,689,0,0.0005446066918547262,0.0005446066918547262,707,707,0,4,3,3,11,3,215,616,601
653,128,128,964,964,0,32,32,969,969,0,0.00796487286837537,0.00796487286837537,977,977,0,-1,3,3,2,24,821,8,911
654,0,206,1,959,958,0,34,1,515,514,0.0,0.002382654276864427,1,897,896,3,-1,4,9,0,217,991,111
655,37,37,748,748,0,64,64,701,701,0,0.0005446066918547262,0.0005446066918547262,715,715,0,-1,3,3,9,7,136,399,845
656,0,206,1,970,969,0,18,1,642,641,0.0,0.0013274788113958951,1,846,845,3,-1,4,3,0,471,877,96
657,16,16,526,526,0,76,76,613,613,0,0.0005786446100956465,0.0005786446100956465,719,719,0,-1,3,3,13,1,115,500,914
658,15,15,664,664,0,24,24,711,711,0,0.00088498587426393,0.00088498587426393,791,791,0,-1,4,4,4,5,607,355,937
659,23,125,768,961,193,12,12,640,640,0,0.0012594029749140542,0.0013615167296368155,836,845,9,4,4,4,2,6,809,397,395
660,0,102,1,876,875,0,14,1,358,357,0.0,3.4037918240920386e-05,1,398,397,4,-1,5,12,0,52,939,364
661,6,212,439,965,526,22,26,539,581,42,0.00010211375472276115,0.0005446066918547262,496,722,226,3,4,4,5,1,531,958,521
662,46,662,751,991,240,120,140,792,837,45,0.0005446066918547262,0.00353994349705572,708,932,224,2,3,3,14,5,108,273,88
663,22,124,618,892,274,126,126,760,760,0,0.00037441710065012424,0.000442492937131965,654,683,29,4,3,3,16,4,151,551,518
664,0,616,1,998,997,0,22,1,779,778,0.0,0.006399128629293032,1,970,969,2,-1,3,2,1,429,573,32
665,16,118,572,907,335,68,68,742,742,0,0.0002723033459273631,0.0002723033459273631,608,608,0,4,3,3,8,1,434,655,935
666,0,0,1,1,0,0,0,1,1,0,0.0,0.0,1,1,0,-1,-1,-1,9,0,245,228,614
667,50,152,819,934,115,96,96,912,912,0,0.00176997174852786,0.00176997174852786,869,869,0,4,2,2,7,5,417,412,323
668,0,102,1,894,893,0,8,1,352,351,0.0,3.4037918240920386e-05,1,397,396,4,-1,5,7,0,209,587,531
669,2,208,371,972,601,8,16,424,542,118,0.00013615167296368154,0.0012594029749140542,528,841,313,3,5,4,4,1,619,506,273
670,0,0,1,1,0,0,0,1,1,0,0.0,0.0,1,1,0,-1,-1,-1,22,1,18,573,990
671,0,102,1,956,955,0,4,1,426,425,0.0,0.0008169100377820892,1,787,786,4,-1,5,2,0,742,723,148
672,122,224,971,990,19,22,22,906,906,0,0.006569318220497634,0.006705469893461316,965,967,2,4,3,3,2,34,865,20,809
673,6,107,432,919,487,10,10,454,454,0,3.4037918240920386e-05,6.807583648184077e-05,404,444,40,5,4,4,3,1,930,334,364
674,23,125,745,950,205,18,18,697,697,0,0.0004084550188910446,0.0005446066918547262,675,729,54,4,4,4,3,9,433,293,485
675,50,152,769,921,152,174,174,907,907,0,0.0016678579938050988,0.0016678579938050988,864,864,0,4,3,3,14,6,108,471,749
676,63,165,881,966,85,22,22,778,778,0,0.001497668402600497,0.002927260968719153,868,921,53,4,3,3,2,17,925,60,87
677,0,206,1,976,975,0,8,1,513,512,0.0,0.001055175465468532,1,832,831,3,-1,4,2,0,976,909,255
678,0,102,1,900,899,0,10,1,365,364,0.0,0.00010211375472276115,1,479,478,4,-1,5,8,0,282,808,679
679,0,101,1,905,904,0,7,1,332,331,0.0,3.4037918240920386e-05,1,407,406,5,-1,6,7,0,510,455,899
680,23,639,664,993,329,94,104,820,853,33,0.0009190237925048504,0.0019741992579733825,788,879,91,2,3,3,9,3,192,438,377
681,44,44,823,823,0,24,24,678,678,0,0.0011232513019503727,0.0011232513019503727,823,823,0,-1,4,4,4,12,280,179,983
682,341,547,987,996,9,94,94,981,981,0,0.010449640899962559,0.011062323428299126,982,983,1,3,2,2,5,70,843,18,299
683,1,103,333,875,542,15,23,333,381,48,0.0,0.00010211375472276115,1,481,480,4,6,5,15,2,0,344,527
684,2,208,359,964,605,10,14,396,441,45,0.0,3.4037918240920386e-05,1,397,396,3,5,4,6,1,251,606,718
685,6,107,496,947,451,4,4,446,446,0,0.000442492937131965,0.000442492937131965,702,702,0,9,5,5,2,3,947,677,647
686,20,226,590,951,361,68,80,528,572,44,0.00037441710065012424,0.0009530617107457708,660,786,126,3,4,4,18,6,86,613,175
687,2,2,355,355,0,7,7,388,388,0,0.0,0.0,1,1,0,-1,5,5,4,1,694,618,271
688,34,650,745,995,250,62,76,838,881,43,0.0005105687736138058,0.008339289969025495,709,978,269,2,3,3,6,5,255,338,12
689,2,104,395,963,568,4,4,470,470,0,6.807583648184077e-05,0.0007828721195411688,462,792,330,4,5,5,2,1,788,762,190
690,129,129,913,913,0,152,152,922,922,0,0.001940161339732462,0.001940161339732462,882,882,0,-1,3,3,12,12,222,58,963
691,101,203,878,954,76,94,94,835,835,0,0.001599782157323258,0.0016678579938050988,854,860,6,4,3,3,9,15,274,206,156
692,12,113,639,957,318,8,8,522,522,0,0.0002382654276864427,0.0002382654276864427,600,600,0,5,4,4,2,2,702,682,374
693,0,101,1,920,919,0,4,1,332,331,0.0,0.0,1,1,0,7,-1,8,4,0,652,542,663
694,38,244,815,976,161,54,54,915,915,0,0.0016678579938050988,0.0029612988869600733,876,919,43,3,3,3,4,4,706,281,43
695,2,208,371,979,608,4,8,428,518,90,0.00010211375472276115,0.0009190237925048504,510,807,297,3,5,4,2,2,802,313,465
696,0,101,1,928,927,0,4,1,332,331,0.0,0.00013615167296368154,1,512,511,5,-1,6,4,0,581,907,481
697,100,100,857,857,0,100,100,658,658,0,0.014772456516559448,0.015146873617209572,994,994,0,3,1,1,17,54,80,28,521
698,0,0,1,1,0,0,0,1,1,0,0.0,0.0,1,1,0,-1,-1,-1,6,0,267,957,400
699,1,1,333,333,0,4,4,333,333,0,0.0,0.0,1,1,0,-1,6,6,4,2,659,292,276
700,129,129,963,963,0,28,28,851,851,0,0.003948398515946765,0.003948398515946765,941,941,0,-1,3,3,3,38,485,111,529
701,0,101,1,928,927,0,4,1,332,331,0.0,0.0,1,1,0,5,-1,6,4,0,581,766,364
702,6,107,478,939,461,14,14,593,593,0,0.0002382654276864427,0.0002382654276864427,602,602,0,6,4,4,3,1,639,553,687
703,2,208,382,984,602,4,8,437,545,108,0.00037441710065012424,0.0012253650566731338,666,844,178,3,5,4,2,1,965,500,79
704,9,215,545,966,421,11,16,445,514,69,3.4037918240920386e-05,0.0005786446100956465,410,724,314,3,4,4,4,3,622,572,658
705,38,244,757,970,213,50,50,719,719,0,0.0005105687736138058,0.0009870996289866913,711,801,90,3,3,3,8,8,541,132,194
706,17,118,673,944,271,22,22,605,605,0,0.00030634126416828345,0.00030634126416828345,619,619,0,5,4,4,5,6,580,683,771
707,14,220,518,952,434,45,55,462,495,33,3.4037918240920386e-05,0.0006126825283365669,399,715,316,3,4,4,16,4,26,581,413
708,0,101,1,916,915,0,5,1,331,330,0.0,0.0,1,1,0,7,-1,8,5,0,616,522,582
709,18,224,639,969,330,34,34,704,704,0,0.0005446066918547262,0.0006467204465774873,724,746,22,3,3,3,4,3,500,299,451
710,0,0,1,1,0,0,0,1,1,0,0.0,0.0,1,1,0,-1,-1,-1,4,0,511,970,941
711,95,197,902,966,64,80,80,923,923,0,0.004595118962524252,0.004663194799006093,952,952,0,4,2,2,6,14,253,84,625
712,2,2,360,360,0,9,9,408,408,0,0.0,0.0,1,1,0,-1,5,5,5,1,565,577,974
713,54,156,794,927,133,94,94,742,742,0,0.0005786446100956465,0.0006807583648184077,718,744,26,4,3,3,13,7,185,422,682
714,147,353,948,982,34,88,88,965,965,0,0.005173763572619898,0.005480104836788182,962,964,2,3,2,2,4,19,385,135,394
715,2,618,347,990,643,19,86,347,596,249,0.0,0.001497668402600497,1,848,847,2,5,3,18,3,86,181,61
716,0,101,1,928,927,0,4,1,329,328,0.0,0.0,1,1,0,5,-1,6,4,0,673,824,265
717,32,133,643,894,251,122,122,632,632,0,0.0002723033459273631,0.0002723033459273631,605,605,0,6,3,3,23,2,4,425,469
718,5,211,399,956,557,14,26,380,458,78,3.4037918240920386e-05,0.001055175465468532,401,806,405,3,5,4,9,3,306,572,60
719,4,210,483,981,498,4,12,428,669,241,0.00017018959120460194,0.007011811157629599,556,968,412,3,5,4,2,3,946,214,6
720,0,102,1,913,912,0,8,1,416,415,0.0,0.0005105687736138058,1,710,709,4,-1,5,4,0,711,768,224
721,15,631,599,997,398,18,32,500,693,193,0.00017018959120460194,0.0015317063208414173,526,853,327,2,4,3,5,8,173,477,490
722,0,101,1,928,927,0,4,1,331,330,0.0,0.00013615167296368154,1,523,522,5,-1,6,4,0,462,965,523
723,28,28,677,677,0,64,64,611,611,0,0.00030634126416828345,0.00030634126416828345,635,635,0,-1,3,3,11,6,227,392,423
724,8,8,501,501,0,20,20,492,492,0,0.00034037918240920387,0.00034037918240920387,639,639,0,-1,4,4,6,3,630,196,388
725,250,250,980,980,0,48,48,904,904,0,0.006705469893461316,0.006705469893461316,974,974,0,-1,3,3,3,49,836,31,955
726,0,616,1,999,998,0,19,1,772,771,0.0,0.0010211375472276116,1,810,809,2,-1,3,3,0,863,324,149
727,0,0,1,1,0,0,0,1,1,0,0.0,0.0,1,1,0,-1,-1,-1,5,0,408,975,813
728,0,206,1,982,981,0,9,1,563,562,0.0,0.0013274788113958951,1,848,847,3,-1,4,3,0,918,938,151
729,0,0,1,1,0,0,0,1,1,0,0.0,0.0,1,1,0,-1,-1,-1,7,0,364,498,657
730,12,218,647,981,334,12,12,653,653,0,0.00017018959120460194,0.0005446066918547262,547,728,181,3,4,4,2,6,841,379,652
731,6,108,407,895,488,28,28,455,455,0,3.4037918240920386e-05,0.00010211375472276115,389,478,89,4,4,4,11,1,333,552,580
732,1,207,333,940,607,22,72,333,476,143,0.0,0.0005105687736138058,1,689,688,3,6,4,22,3,33,181,589
733,6,212,390,942,552,24,31,382,411,29,6.807583648184077e-05,0.00034037918240920387,438,636,198,3,4,4,15,1,124,771,93
734,0,102,1,895,894,0,9,1,366,365,0.0,6.807583648184077e-05,1,446,445,4,-1,5,7,0,466,800,586
735,0,102,1,879,878,0,20,1,393,392,0.0,0.00013615167296368154,1,507,506,4,-1,5,11,0,360,950,176
736,0,0,1,1,0,0,0,1,1,0,0.0,0.0,1,1,0,-1,-1,-1,2,0,954,815,906
737,44,146,821,950,129,34,34,775,775,0,0.0005786446100956465,0.0006807583648184077,734,754,20,4,3,3,4,7,397,422,230
738,449,551,982,989,7,178,178,939,939,0,0.006126825283365669,0.0061949011198475104,962,963,1,4,3,3,13,55,160,21,691
739,28,234,690,967,277,78,78,801,801,0,0.0009530617107457708,0.001157289220191293,798,816,18,3,3,3,8,3,231,642,384
740,0,0,1,1,0,0,0,1,1,0,0.0,0.0,1,1,0,-1,-1,-1,5,0,519,588,349
741,11,217,526,953,427,40,56,477,554,77,0.00034037918240920387,0.0009190237925048504,637,781,144,3,4,4,14,6,84,613,397
742,14,115,673,953,280,12,12,653,653,0,0.0002382654276864427,0.00034037918240920387,598,647,49,5,4,4,2,7,841,451,615
743,1,102,333,921,588,4,4,333,333,0,0.0,6.807583648184077e-05,1,447,446,5,6,6,4,1,397,540,594
744,56,262,804,972,168,102,102,833,833,0,0.0010211375472276116,0.0018040096667687805,806,876,70,3,2,2,11,4,224,551,340
745,16,16,590,590,0,48,48,681,681,0,6.807583648184077e-05,6.807583648184077e-05,450,450,0,-1,3,3,7,1,221,667,668
746,14,116,630,939,309,16,16,562,562,0,0.0004084550188910446,0.0006126825283365669,668,738,70,4,4,4,4,8,648,521,222
747,0,206,1,942,941,0,49,1,455,454,0.0,0.0006807583648184077,1,734,733,3,-1,4,17,0,56,817,242
748,67,273,867,979,112,34,34,750,750,0,0.0020422750944552232,0.0025188059498281084,891,908,17,3,3,3,4,17,700,180,211
749,12,114,505,887,382,66,66,568,568,0,0.00013615167296368154,0.00034037918240920387,508,639,131,4,4,4,15,2,45,491,124
750,44,44,845,845,0,18,18,658,658,0,0.0020082371762143027,0.0020082371762143027,900,900,0,-1,4,4,3,18,748,63,201
751,10,112,658,968,310,18,18,781,781,0,0.0002723033459273631,0.002144388849177984,636,900,264,4,4,4,3,3,853,173,75
752,14,116,554,912,358,30,30,520,520,0,6.807583648184077e-05,0.00013615167296368154,450,515,65,4,4,4,7,3,372,704,904
753,16,117,695,946,251,12,12,631,631,0,0.0005786446100956465,0.0005786446100956465,740,740,0,5,4,4,2,7,776,170,325
754,0,616,1,994,993,0,42,1,607,606,0.0,0.0012594029749140542,1,828,827,2,-1,3,8,0,428,951,440
755,82,698,867,994,127,62,72,779,849,70,0.002995336805200994,0.00803294870485721,916,973,57,2,3,3,7,15,340,158,14
756,36,36,732,732,0,96,96,810,810,0,0.0006126825283365669,0.0006126825283365669,719,719,0,-1,3,3,10,6,152,494,839
757,1,102,333,909,576,5,5,333,333,0,0.0,0.00010211375472276115,1,496,495,5,6,6,5,3,677,484,615
758,126,228,943,977,34,68,68,962,962,0,0.017801831240001363,0.017869907076483203,993,993,0,4,2,2,4,17,682,79,286
759,0,101,1,875,874,0,14,1,332,331,0.0,0.0,1,1,0,6,-1,7,14,0,108,429,181
760,79,79,889,889,0,36,36,750,750,0,0.0018040096667687805,0.0018040096667687805,882,882,0,-1,4,4,6,23,594,117,806
761,100,100,905,905,0,100,100,972,972,0,0.0337315769767521,0.0337315769767521,997,997,0,-1,1,1,5,24,555,129,684
762,2,208,355,960,605,12,30,383,533,150,0.00010211375472276115,0.0012934408931549745,482,827,345,3,5,4,7,3,450,755,127
763,0,0,1,1,0,0,0,1,1,0,0.0,0.0,1,1,0,-1,-1,-1,10,0,241,651,445
764,0,0,1,1,0,0,0,1,1,0,0.0,0.0,1,1,0,-1,-1,-1,8,0,541,608,832
765,0,0,1,1,0,0,0,1,1,0,0.0,0.0,1,1,0,-1,-1,-1,14,0,121,664,849
766,0,0,1,1,0,0,0,1,1,0,0.0,0.0,1,1,0,-1,-1,-1,5,2,478,752,539
767,246,452,959,980,21,288,288,958,958,0,0.0032336022328874367,0.0036760951700194017,924,936,12,3,2,2,19,30,46,39,475
768,22,124,717,942,225,32,32,754,754,0,0.0005786446100956465,0.0007147962830593281,728,762,34,4,3,3,5,2,376,579,829
769,0,0,1,1,0,0,0,1,1,0,0.0,0.0,1,1,0,-1,-1,-1,5,0,557,400,669
770,0,0,1,1,0,0,0,1,1,0,0.0,0.0,1,1,0,-1,-1,-1,2,0,878,675,835
771,22,124,682,937,255,30,30,709,709,0,0.00037441710065012424,0.0005446066918547262,669,723,54,4,3,3,4,2,700,827,487
772,30,30,728,728,0,62,62,814,814,0,0.0009190237925048504,0.0009190237925048504,793,793,0,-1,3,3,7,4,329,207,358
773,25,25,695,695,0,82,82,876,876,0,0.0012253650566731338,0.0012253650566731338,824,824,0,-1,3,3,7,5,364,355,707
774,0,616,1,993,992,0,102,1,930,929,0.0,0.013819394805813677,1,987,986,2,-1,3,7,0,221,967,3
775,18,224,724,980,256,38,38,922,922,0,0.0013274788113958951,0.0036760951700194017,845,940,95,3,3,3,3,3,642,559,123
776,100,100,881,881,0,100,100,837,837,0,0.020729092208720514,0.020865243881684196,999,999,0,4,1,1,10,49,409,31,625
777,2,2,367,367,0,5,5,393,393,0,0.0,0.0,1,1,0,-1,5,5,3,1,844,337,685
778,11,112,568,929,361,16,16,508,508,0,0.000442492937131965,0.0004765308553728854,694,702,8,5,4,4,4,5,532,591,285
779,13,115,535,898,363,68,68,661,661,0,0.000442492937131965,0.0005105687736138058,688,698,10,4,4,4,12,3,375,291,307
780,0,102,1,966,965,0,6,1,479,478,0.0,0.0005786446100956465,1,739,738,4,-1,5,3,0,853,782,221
781,17,17,679,679,0,18,18,767,767,0,0.00013615167296368154,0.00013615167296368154,508,508,0,-1,3,3,2,3,733,434,850
782,1,102,332,938,606,3,3,332,332,0,0.0,3.4037918240920386e-05,1,404,403,7,7,7,3,3,888,626,603
783,6,107,427,913,486,20,20,564,564,0,0.00017018959120460194,0.00017018959120460194,543,543,0,5,4,4,4,1,516,711,721
784,119,119,906,906,0,116,116,915,915,0,0.0019061234214915416,0.0019061234214915416,874,874,0,-1,3,3,10,19,427,297,939
785,0,102,1,900,899,0,10,1,361,360,0.0,0.0,1,1,0,4,-1,5,8,0,270,254,555
786,0,102,1,922,921,0,5,1,382,381,0.0,0.00017018959120460194,1,545,544,4,-1,5,3,1,577,792,531
787,8,110,525,922,397,12,12,479,479,0,3.4037918240920386e-05,0.0002042275094455223,406,567,161,4,4,4,4,3,539,434,384
788,3,105,472,958,486,3,4,397,435,38,0.00013615167296368154,0.0002382654276864427,522,612,90,4,5,5,2,5,751,476,689
789,0,206,1,973,972,0,14,1,576,575,0.0,0.0020763130126961434,1,890,889,3,-1,4,3,0,912,984,123
790,18,120,654,926,272,34,34,753,753,0,0.0009530617107457708,0.001157289220191293,810,830,20,4,3,3,4,4,717,440,406
791,0,1640,1,1000,999,0,104,1,848,847,0.0,0.015555328636100617,1,986,985,1,-1,2,10,0,105,978,6
792,6,108,461,939,478,8,8,482,482,0,0.00013615167296368154,0.0012594029749140542,524,843,319,4,4,4,2,3,429,260,171
793,0,101,1,874,873,0,17,1,332,331,0.0,6.807583648184077e-05,1,446,445,5,-1,6,17,1,210,513,687
794,100,100,884,884,0,100,100,915,915,0,0.021682153919466287,0.021682153919466287,994,994,0,-1,1,1,8,17,380,327,915
795,0,0,1,1,0,0,0,1,1,0,0.0,0.0,1,1,0,-1,-1,-1,9,0,367,489,685
796,0,0,1,1,0,0,0,1,1,0,0.0,0.0,1,1,0,-1,-1,-1,2,0,779,794,514
797,18,18,603,603,0,62,62,640,640,0,0.00037441710065012424,0.00037441710065012424,654,654,0,-1,3,3,10,3,105,354,863
798,6,6,386,386,0,38,38,449,449,0,0.0,0.0,1,1,0,-1,4,4,13,3,165,321,801
799,84,84,901,901,0,18,18,731,731,0,0.0008509479560230097,0.0008509479560230097,795,795,0,-1,3,3,2,19,990,184,863
800,9,9,592,592,0,8,8,503,503,0,0.0002382654276864427,0.0002382654276864427,613,613,0,-1,4,4,2,6,761,406,947
801,0,0,1,1,0,0,0,1,1,0,0.0,0.0,1,1,0,-1,-1,-1,8,0,521,959,818
802,3,209,401,959,558,8,21,362,478,116,6.807583648184077e-05,0.0012934408931549745,452,832,380,3,5,4,7,5,346,605,166
803,18,119,638,919,281,42,42,701,701,0,0.00017018959120460194,0.00017018959120460194,542,542,0,6,3,3,6,4,328,305,292
804,653,859,991,997,6,388,388,994,994,0,0.008475441641989176,0.008679669151434699,970,971,1,3,2,2,21,81,2,32,681
805,16,16,679,679,0,14,14,598,598,0,0.0002042275094455223,0.0002042275094455223,600,600,0,-1,4,4,3,6,530,199,786
806,30,236,723,971,248,52,52,778,778,0,0.0002723033459273631,0.0004765308553728854,609,697,88,3,3,3,6,6,470,107,328
807,0,616,1,991,990,0,74,1,650,649,0.0,0.005786446100956465,1,963,962,2,-1,3,12,0,252,786,32
808,0,102,1,908,907,0,10,1,389,388,0.0,0.0004084550188910446,1,676,675,4,-1,5,6,0,518,429,422
809,0,206,1,939,938,0,70,1,576,575,0.0,0.0016678579938050988,1,860,859,3,-1,4,15,0,124,423,47
810,22,638,636,993,357,100,100,835,835,0,0.0009190237925048504,0.005446066918547262,785,962,177,2,3,3,10,5,256,355,31
811,0,102,1,931,930,0,6,1,423,422,0.0,0.0004765308553728854,1,690,689,4,-1,5,3,0,901,201,333
812,0,101,1,902,901,0,7,1,332,331,0.0,0.0,1,1,0,6,-1,7,7,0,722,867,692
813,88,294,880,978,98,84,84,941,941,0,0.0033357159876101976,0.003437829742332959,931,934,3,3,2,2,5,12,818,100,557
814,46,252,761,964,203,74,74,725,725,0,0.0007488342013002485,0.0009870996289866913,762,802,40,3,3,3,9,7,351,150,149
815,11,11,652,652,0,7,7,537,537,0,0.0002723033459273631,0.0002723033459273631,627,627,0,-1,4,4,2,4,889,504,967
816,16,117,675,945,270,14,14,592,592,0,0.0005105687736138058,0.0005105687736138058,717,717,0,7,4,4,3,5,845,165,663
817,8,214,537,973,436,16,20,530,586,56,0.0002723033459273631,0.0013955546478777359,606,843,237,3,4,4,4,5,424,464,277
818,2,103,368,930,562,5,5,369,369,0,3.4037918240920386e-05,6.807583648184077e-05,410,453,43,5,5,5,4,3,491,676,597
819,0,0,1,1,0,0,0,1,1,0,0.0,0.0,1,1,0,-1,-1,-1,6,1,465,747,792
820,22,124,672,922,250,62,62,800,800,0,0.0007488342013002485,0.0007828721195411688,759,765,6,4,3,3,7,4,398,312,756
821,6,212,388,946,558,29,55,408,521,113,0.0,0.0007828721195411688,1,762,761,3,4,4,14,1,108,402,405
822,204,1844,930,1000,70,426,460,928,955,27,0.002586881786309949,0.007352190340038803,908,966,58,1,2,2,33,15,9,92,13
823,0,102,1,944,943,0,3,1,376,375,0.0,3.4037918240920386e-05,1,405,404,4,-1,5,2,0,910,668,648
824,6,212,422,964,542,29,29,559,559,0,0.00010211375472276115,0.00030634126416828345,480,623,143,3,4,4,7,1,359,555,827
825,0,101,1,907,906,0,5,1,332,331,0.0,0.0002382654276864427,1,589,588,5,-1,6,5,0,412,520,124
826,14,14,508,508,0,50,50,479,479,0,0.00010211375472276115,0.00010211375472276115,478,478,0,-1,4,4,17,4,210,220,709
827,0,0,1,1,0,0,0,1,1,0,0.0,0.0,1,1,0,-1,-1,-1,4,0,811,517,976
828,16,222,547,955,408,56,72,557,631,74,0.00013615167296368154,0.0020082371762143027,517,878,361,3,3,3,13,1,160,152,39
829,17,119,608,908,300,76,76,751,751,0,0.0006807583648184077,0.0007488342013002485,748,761,13,4,3,3,10,3,211,299,452
830,26,26,682,682,0,70,70,743,743,0,0.0006807583648184077,0.0006807583648184077,754,754,0,-1,3,3,9,4,263,312,889
831,0,102,1,931,930,0,4,1,370,369,0.0,0.00013615167296368154,1,516,515,4,-1,5,3,0,710,831,677
832,22,1662,703,1000,297,32,64,730,937,207,0.00037441710065012424,0.02566459035365397,672,995,323,1,3,2,5,4,421,149,11
833,42,248,800,974,174,32,32,636,636,0,0.0005786446100956465,0.0016678579938050988,725,861,136,3,4,4,6,9,267,375,72
834,16,222,538,953,415,70,74,643,662,19,0.00010211375472276115,0.0002723033459273631,487,609,122,3,3,3,12,1,292,561,287
835,0,102,1,944,943,0,3,1,377,376,0.0,3.4037918240920386e-05,1,405,404,4,-1,5,2,0,960,715,553
836,6,6,439,439,0,12,12,466,466,0,0.00010211375472276115,0.00010211375472276115,489,489,0,-1,4,4,4,2,753,714,565
837,21,21,714,714,0,14,14,566,566,0,3.4037918240920386e-05,3.4037918240920386e-05,402,402,0,-1,4,4,3,5,901,528,957
838,0,0,1,1,0,0,0,1,1,0,0.0,0.0,1,1,0,-1,-1,-1,3,0,900,758,945
839,243,343,955,975,20,228,228,958,958,0,0.00439089145307873,0.00439089145307873,948,948,0,5,2,2,15,27,49,69,140
840,97,199,930,976,46,46,46,979,979,0,0.005173763572619898,0.00527587732734266,961,963,2,4,2,2,2,19,906,144,785
841,4,106,535,975,440,4,4,507,507,0,0.0,0.0006467204465774873,1,775,774,4,5,5,2,3,978,534,189
842,6,6,443,443,0,11,11,462,462,0,0.0,0.0,1,1,0,-1,4,4,4,1,593,555,777
843,28,130,785,948,163,34,34,813,813,0,0.0016678579938050988,0.0018380475850097008,870,880,10,4,3,3,4,4,721,281,722
844,0,206,1,961,960,0,21,1,481,480,0.0,0.00037441710065012424,1,661,660,3,-1,4,7,0,170,713,510
845,2,208,347,947,600,16,31,357,419,62,0.00010211375472276115,0.0002042275094455223,477,567,90,3,5,4,14,1,121,603,904
846,0,206,1,936,935,0,42,1,406,405,0.0,0.0002382654276864427,1,587,586,3,-1,4,19,0,35,839,252
847,0,616,1,991,990,0,41,1,538,537,0.0,0.0006467204465774873,1,726,725,2,-1,3,10,0,310,794,132
848,16,16,491,491,0,76,76,516,516,0,0.00013615167296368154,0.00013615167296368154,503,503,0,-1,3,3,19,1,19,661,723
849,20,20,702,702,0,30,30,762,762,0,0.0007147962830593281,0.0007147962830593281,753,753,0,-1,3,3,4,3,578,307,871
850,20,226,665,973,308,20,20,565,565,0,0.00030634126416828345,0.0004084550188910446,635,675,40,3,4,4,4,7,354,115,704
851,61,267,903,988,85,22,22,844,844,0,0.001940161339732462,0.0035739814152966403,895,947,52,3,3,3,2,19,781,91,58
852,40,40,841,841,0,42,42,974,974,0,0.004561081044283332,0.004561081044283332,952,952,0,-1,2,2,2,2,960,215,920
853,48,254,765,960,195,120,120,861,861,0,0.0008169100377820892,0.0011232513019503727,776,811,35,3,2,2,11,5,66,589,283
854,145,145,940,940,0,92,92,921,921,0,0.0035059055788147996,0.0035059055788147996,934,934,0,-1,3,3,7,26,658,108,620
855,0,101,1,899,898,0,8,1,331,330,0.0,0.0,1,1,0,6,-1,7,8,0,454,813,721
856,168,374,941,977,36,130,130,907,907,0,0.003267640151128357,0.004493005207801491,934,953,19,3,3,3,10,19,189,133,60
857,2,2,360,360,0,5,5,382,382,0,0.0,0.0,1,1,0,-1,5,5,3,1,808,924,949
858,222,323,958,975,17,172,172,956,956,0,0.003710133088260322,0.003710133088260322,937,937,0,5,2,2,12,31,62,35,606
859,0,0,1,1,0,0,0,1,1,0,0.0,0.0,1,1,0,-1,-1,-1,4,0,544,937,800
860,12,12,598,598,0,20,20,627,627,0,3.4037918240920386e-05,3.4037918240920386e-05,405,405,0,-1,4,4,4,3,543,263,740
861,343,549,976,989,13,170,170,958,958,0,0.0051397256543789785,0.005582218591510943,958,961,3,3,2,2,11,45,233,77,312
862,9,111,652,965,313,12,12,720,720,0,0.0002723033459273631,0.000442492937131965,628,699,71,4,4,4,2,4,847,443,759
863,6,108,417,909,492,18,18,479,479,0,3.4037918240920386e-05,3.4037918240920386e-05,393,394,1,4,4,4,5,1,818,762,840
864,52,52,772,772,0,150,150,850,850,0,0.0013274788113958951,0.0013274788113958951,833,833,0,-1,2,2,15,4,65,326,985
865,0,0,1,1,0,0,0,1,1,0,0.0,0.0,1,1,0,-1,-1,-1,5,0,669,886,620
866,32,648,726,994,268,62,62,780,780,0,0.0007828721195411688,0.0033016780693692774,766,929,163,2,3,3,7,2,182,475,42
867,21,21,656,656,0,36,36,629,629,0,0.0005786446100956465,0.0005786446100956465,727,727,0,-1,4,4,6,8,432,302,539
868,0,102,1,898,897,0,9,1,362,361,0.0,6.807583648184077e-05,1,451,450,4,-1,5,7,0,472,820,370
869,22,22,596,596,0,102,102,651,651,0,0.0002042275094455223,0.0002042275094455223,566,566,0,-1,3,3,18,4,64,149,834
870,176,382,970,990,20,48,48,944,944,0,0.004799346471969774,0.005786446100956465,950,962,12,3,3,3,3,36,748,48,227
871,396,602,984,992,8,142,142,978,978,0,0.009292351679771264,0.009530617107457708,976,977,1,3,2,2,8,59,201,6,270
872,0,206,1,974,973,0,10,1,493,492,0.0,0.0017359338302869397,1,877,876,3,-1,4,3,0,627,985,58
873,426,632,980,991,11,288,288,981,981,0,0.00704584907587052,0.008679669151434699,966,968,2,3,2,2,16,49,27,51,171
874,8,208,493,954,461,25,25,449,449,0,6.807583648184077e-05,0.0002723033459273631,447,621,174,3,4,4,9,3,140,646,302
875,6,212,441,963,522,30,30,579,579,0,0.00010211375472276115,0.0002382654276864427,486,600,114,3,4,4,7,1,722,561,770
876,0,0,1,1,0,0,0,1,1,0,0.0,0.0,1,1,0,-1,-1,-1,2,0,481,923,947
877,7,213,548,978,430,9,14,494,593,99,3.4037918240920386e-05,0.0010892133837094523,399,830,431,3,4,4,3,2,590,602,82
878,33,33,764,764,0,48,48,801,801,0,0.0004765308553728854,0.0004765308553728854,705,705,0,-1,3,3,6,5,267,710,794
879,0,101,1,905,904,0,6,1,332,331,0.0,0.0,1,1,0,7,-1,8,6,0,328,359,582
880,53,155,919,980,61,12,12,731,731,0,0.002110350930937064,0.0021784267674189047,908,910,2,4,4,4,2,24,959,119,260
881,0,0,1,1,0,0,0,1,1,0,0.0,0.0,1,1,0,-1,-1,-1,10,0,243,907,855
882,0,101,1,933,932,0,2,1,332,331,0.0,3.4037918240920386e-05,1,397,396,6,-1,7,2,0,739,774,540
883,36,242,814,981,167,24,24,776,776,0,0.0011232513019503727,0.0013274788113958951,824,849,25,3,3,3,3,4,676,185,239
884,945,1151,1000,1000,0,128,128,994,994,0,0.024983831988835564,0.027026107083290785,995,995,0,3,2,2,5,157,724,2,135
885,16,222,645,974,329,32,32,919,919,0,0.0008169100377820892,0.0013615167296368155,786,856,70,3,3,3,2,2,990,223,224
886,0,0,1,1,0,0,0,1,1,0,0.0,0.0,1,1,0,-1,-1,-1,7,0,118,826,860
887,26,127,748,935,187,26,26,655,655,0,0.0005105687736138058,0.0005105687736138058,701,701,0,6,4,4,5,7,456,303,736
888,6,6,371,371,0,35,35,380,380,0,3.4037918240920386e-05,3.4037918240920386e-05,400,400,0,-1,4,4,20,3,5,460,520
889,269,371,979,987,8,64,64,936,936,0,0.00622893903808843,0.006399128629293032,968,968,0,4,3,3,4,49,700,51,770
890,2,2,363,363,0,4,4,413,413,0,0.0,0.0,1,1,0,-1,5,5,2,1,816,416,643
891,22,124,603,893,290,124,124,814,814,0,0.0010211375472276116,0.001157289220191293,795,814,19,4,3,3,14,4,181,143,464
892,78,694,907,1000,93,32,32,939,939,0,0.0032336022328874367,0.004799346471969774,940,964,24,2,3,3,2,18,609,63,494
893,0,206,1,959,958,0,14,1,432,431,0.0,0.0002723033459273631,1,621,620,3,-1,4,6,0,536,951,259
894,6,212,417,962,545,16,16,420,420,0,3.4037918240920386e-05,6.807583648184077e-05,402,444,42,3,4,4,8,2,420,320,870
895,39,39,704,704,0,96,96,657,657,0,0.00030634126416828345,0.00030634126416828345,605,605,0,-1,3,3,16,5,132,454,760
896,14,116,712,966,254,6,6,497,497,0,0.0007828721195411688,0.0009190237925048504,769,797,28,4,5,5,3,9,852,242,383
897,32,32,733,733,0,48,48,699,699,0,0.0011232513019503727,0.0011232513019503727,822,822,0,-1,3,3,8,3,521,373,980
898,6,107,447,920,473,12,12,452,452,0,3.4037918240920386e-05,3.4037918240920386e-05,413,413,0,5,4,4,5,1,478,593,606
899,8,214,486,952,466,18,32,410,511,101,0.00010211375472276115,0.0006807583648184077,481,749,268,3,4,4,8,5,483,476,224
900,131,131,924,924,0,110,110,890,890,0,0.001599782157323258,0.001599782157323258,861,861,0,-1,3,3,10,23,161,106,546
901,2,2,376,376,0,4,4,454,454,0,0.0,0.0,1,1,0,-1,5,5,2,1,684,577,818
902,0,0,1,1,0,0,0,1,1,0,0.0,0.0,1,1,0,-1,-1,-1,5,0,452,839,635
903,4,4,378,378,0,18,18,365,365,0,0.0,0.0,1,1,0,-1,5,5,13,2,115,694,767
904,17,633,582,991,409,78,112,636,784,148,0.000442492937131965,0.005650294427992784,682,961,279,2,3,3,12,2,239,101,5
905,6,212,472,976,504,10,18,489,657,168,0.00010211375472276115,0.002110350930937064,485,890,405,3,4,4,3,2,756,544,94
906,38,139,793,951,158,30,30,676,676,0,0.0008509479560230097,0.0008509479560230097,787,787,0,5,4,4,5,9,326,242,593
907,46,148,833,956,123,40,40,817,817,0,0.0012934408931549745,0.0020082371762143027,848,885,37,4,3,3,5,8,376,174,352
908,0,0,1,1,0,0,0,1,1,0,0.0,0.0,1,1,0,-1,-1,-1,7,0,329,624,738
909,19,225,690,975,285,8,12,528,691,163,0.0004765308553728854,0.004288777698355968,710,952,242,3,4,4,2,9,932,198,14
910,16,16,567,567,0,50,50,582,582,0,0.00034037918240920387,0.00034037918240920387,643,643,0,-1,3,3,12,1,219,797,784
911,10,216,511,957,446,19,40,380,515,135,0.0002382654276864427,0.0007488342013002485,582,764,182,3,4,4,12,4,93,398,336
912,0,0,1,1,0,0,0,1,1,0,0.0,0.0,1,1,0,-1,-1,-1,3,0,900,542,565
913,26,26,713,713,0,62,62,809,809,0,0.0006467204465774873,0.0006467204465774873,733,733,0,-1,3,3,7,4,658,312,872
914,1,1,332,332,0,2,2,332,332,0,0.0,0.0,1,1,0,-1,8,8,2,3,938,626,674
915,0,0,1,1,0,0,0,1,1,0,0.0,0.0,1,1,0,-1,-1,-1,10,0,211,564,787
916,0,206,1,974,973,0,10,1,474,473,0.0,0.0018040096667687805,1,875,874,3,-1,4,3,0,651,907,153
917,6,6,395,395,0,38,38,535,535,0,0.00017018959120460194,0.00017018959120460194,537,537,0,-1,4,4,9,1,351,561,886
918,62,164,819,927,108,130,130,844,844,0,0.0019061234214915416,0.0019741992579733825,875,877,2,4,3,3,14,6,79,397,677
919,2,103,367,936,569,3,3,368,368,0,0.0,3.4037918240920386e-05,1,402,401,5,5,5,2,1,993,558,719
920,0,0,1,1,0,0,0,1,1,0,0.0,0.0,1,1,0,-1,-1,-1,2,0,940,488,901
921,49,255,788,963,175,102,102,764,764,0,0.0007147962830593281,0.002110350930937064,742,893,151,3,3,3,14,5,84,591,304
922,0,206,1,976,975,0,12,1,711,710,0.0,0.0023486163586235067,1,909,908,3,-1,4,2,0,988,820,56
923,58,58,835,835,0,50,50,779,779,0,0.0006126825283365669,0.0006126825283365669,733,733,0,-1,3,3,5,9,349,242,542
924,1,103,332,945,613,2,3,332,377,45,0.0,0.00017018959120460194,1,549,548,4,7,5,2,3,960,626,805
925,46,46,826,826,0,40,40,794,794,0,0.0012253650566731338,0.0012253650566731338,832,832,0,-1,3,3,5,12,848,67,955
926,32,238,698,959,261,62,62,599,599,0,0.00017018959120460194,0.0004084550188910446,548,680,132,3,3,3,12,5,226,314,454
927,4,4,453,453,0,3,3,368,368,0,6.807583648184077e-05,6.807583648184077e-05,444,444,0,-1,5,5,2,5,979,476,767
928,8,624,475,991,516,26,60,403,568,165,0.00013615167296368154,0.0019741992579733825,502,889,387,2,4,3,13,5,67,401,327
929,130,336,912,977,65,120,120,898,898,0,0.003369753905851118,0.003710133088260322,929,938,9,3,2,2,10,14,310,84,700
930,12,12,627,627,0,14,14,589,589,0,0.00013615167296368154,0.00013615167296368154,524,524,0,-1,4,4,3,6,863,199,665
931,0,102,1,914,913,0,4,1,360,359,0.0,0.00017018959120460194,1,543,542,4,-1,5,3,0,743,936,524
932,0,102,1,918,917,0,7,1,398,397,0.0,6.807583648184077e-05,1,456,455,4,-1,5,4,0,690,901,501
933,15,116,690,953,263,12,12,648,648,0,6.807583648184077e-05,6.807583648184077e-05,448,448,0,5,4,4,2,7,910,237,662
934,40,40,794,794,0,36,36,726,726,0,0.0009190237925048504,0.0009190237925048504,798,798,0,-1,3,3,5,5,502,273,672
935,0,0,1,1,0,0,0,1,1,0,0.0,0.0,1,1,0,-1,-1,-1,2,0,806,883,651
936,0,0,1,1,0,0,0,1,1,0,0.0,0.0,1,1,0,-1,-1,-1,4,0,789,975,522
937,19,121,726,947,221,18,18,657,657,0,0.00030634126416828345,0.0006807583648184077,629,755,126,4,4,4,3,5,615,454,302
938,18,120,609,910,301,26,26,467,467,0,3.4037918240920386e-05,0.00017018959120460194,409,557,148,4,4,4,9,3,803,353,124
939,4,4,504,504,0,4,4,487,487,0,0.00010211375472276115,0.00010211375472276115,495,495,0,-1,5,5,2,4,981,239,812
940,253,459,975,991,16,70,70,907,907,0,0.005412029000306341,0.005582218591510943,963,964,1,3,3,3,5,54,665,28,505
941,0,0,1,1,0,0,0,1,1,0,0.0,0.0,1,1,0,-1,-1,-1,3,1,801,947,620
942,0,101,1,941,940,0,3,1,328,327,0.0,0.0,1,1,0,5,-1,6,3,0,916,826,598
943,1,1,333,333,0,10,10,333,333,0,0.0,0.0,1,1,0,-1,6,6,10,1,82,861,649
944,0,101,1,950,949,0,2,1,331,330,0.0,3.4037918240920386e-05,1,411,410,5,-1,6,2,0,897,808,690
945,24,24,635,635,0,64,64,592,592,0,0.0002382654276864427,0.0002382654276864427,585,585,0,-1,4,4,12,6,52,258,587
946,18,18,641,641,0,36,36,599,599,0,0.0004084550188910446,0.0004084550188910446,677,677,0,-1,4,4,8,3,323,519,774
947,0,206,1,970,969,0,16,1,565,564,0.0,0.0008509479560230097,1,803,802,3,-1,4,4,0,728,804,206
948,22,1662,595,1000,405,90,166,607,837,230,0.0006467204465774873,0.010483678818203479,734,979,245,1,4,2,17,7,56,170,50
949,0,102,1,901,900,0,12,1,378,377,0.0,0.00010211375472276115,1,479,478,4,-1,5,8,0,137,833,408
950,76,178,854,944,90,82,82,853,853,0,0.0012934408931549745,0.0012934408931549745,837,837,0,4,3,3,7,9,331,130,244
951,0,0,1,1,0,0,0,1,1,0,0.0,0.0,1,1,0,-1,-1,-1,7,0,591,808,923
952,0,102,1,904,903,0,9,1,395,394,0.0,0.00034037918240920387,1,658,657,4,-1,5,5,0,474,657,132
953,0,0,1,1,0,0,0,1,1,0,0.0,0.0,1,1,0,-1,-1,-1,7,0,321,740,706
954,59,675,818,994,176,66,80,725,787,62,0.000442492937131965,0.0013955546478777359,686,842,156,2,3,3,9,7,136,176,306
955,8,8,596,596,0,10,10,588,588,0,0.00034037918240920387,0.00034037918240920387,665,665,0,-1,4,4,3,3,915,209,693
956,8,8,597,597,0,10,10,579,579,0,0.00034037918240920387,0.00034037918240920387,646,646,0,-1,4,4,3,2,786,453,845
957,28,28,645,645,0,118,118,678,678,0,0.0007488342013002485,0.0007488342013002485,739,739,0,-1,3,3,20,3,70,236,917
958,20,121,746,952,206,28,28,811,811,0,0.0005105687736138058,0.0005105687736138058,717,717,0,8,3,3,3,3,835,268,972
959,63,165,891,970,79,22,22,806,806,0,0.0013615167296368155,0.0018380475850097008,851,888,37,4,3,3,2,19,713,184,226
960,28,129,809,962,153,22,22,827,827,0,0.0007488342013002485,0.0008509479560230097,779,800,21,5,3,3,2,5,469,283,625
961,2,104,357,900,543,9,11,358,374,16,3.4037918240920386e-05,0.00013615167296368154,402,512,110,4,5,5,8,2,418,292,625
962,0,0,1,1,0,0,0,1,1,0,0.0,0.0,1,1,0,-1,-1,-1,9,0,330,954,705
963,0,206,1,970,969,0,14,1,465,464,0.0,0.0006467204465774873,1,745,744,3,-1,4,5,1,724,792,169
964,0,0,1,1,0,0,0,1,1,0,0.0,0.0,1,1,0,-1,-1,-1,7,3,216,348,793
965,225,225,968,968,0,66,66,872,872,0,0.005820484019197386,0.005820484019197386,966,966,0,-1,3,3,6,31,441,34,940
966,2,208,343,935,592,22,54,351,433,82,0.0,0.0002723033459273631,1,603,602,3,5,4,20,1,5,671,417
967,0,0,1,1,0,0,0,1,1,0,0.0,0.0,1,1,0,-1,-1,-1,2,0,939,745,841
968,16,117,517,878,361,98,98,638,638,0,0.00037441710065012424,0.00037441710065012424,649,649,0,5,3,3,17,1,94,869,595
969,22,228,785,984,199,12,12,661,661,0,0.0005446066918547262,0.0009530617107457708,730,807,77,3,4,4,2,5,742,418,453
970,6,108,444,918,474,14,14,466,466,0,6.807583648184077e-05,0.0002723033459273631,451,619,168,4,4,4,5,4,724,512,487
971,0,206,1,935,934,0,65,1,443,442,0.0,0.0005105687736138058,1,696,695,3,-1,4,23,0,8,954,40
972,34,136,751,927,176,24,24,590,590,0,0.0004084550188910446,0.0005105687736138058,678,717,39,4,4,4,4,10,493,262,584
973,8,110,548,935,387,12,12,497,497,0,0.00013615167296368154,0.00034037918240920387,513,653,140,4,4,4,4,3,491,505,176
974,0,102,1,880,879,0,18,1,395,394,0.0,0.00037441710065012424,1,651,650,4,-1,5,10,0,105,817,504
975,6,622,395,991,596,30,52,446,567,121,0.00013615167296368154,0.0012934408931549745,505,826,321,2,4,3,12,1,184,879,376
976,0,102,1,968,967,0,3,1,401,400,0.0,0.0002723033459273631,1,631,630,4,-1,5,2,0,936,880,232
977,2,208,370,975,605,4,12,394,580,186,3.4037918240920386e-05,0.0021784267674189047,391,901,510,3,5,4,2,1,752,334,112
978,16,118,633,937,304,28,28,772,772,0,0.0002723033459273631,0.000442492937131965,615,700,85,4,3,3,3,1,592,553,567
979,26,128,799,960,161,28,28,867,867,0,0.0006467204465774873,0.00088498587426393,759,801,42,4,3,3,3,5,790,165,287
980,0,102,1,936,935,0,4,1,412,411,0.0,0.0002382654276864427,1,594,593,4,-1,5,2,0,816,773,267
981,0,102,1,911,910,0,9,1,389,388,0.0,0.0002382654276864427,1,593,592,4,-1,5,5,0,555,569,266
982,44,250,829,977,148,50,50,842,842,0,0.0007147962830593281,0.0012253650566731338,768,840,72,3,3,3,5,6,314,381,99
983,0,206,1,951,950,0,40,1,548,547,0.0,0.0016338200755641784,1,858,857,3,-1,4,8,0,370,751,38
984,0,0,1,1,0,0,0,1,1,0,0.0,0.0,1,1,0,-1,-1,-1,8,0,350,900,674
985,12,628,599,999,400,16,26,580,759,179,0.00030634126416828345,0.0020422750944552232,633,882,249,2,4,3,4,4,507,551,612
986,0,0,1,1,0,0,0,1,1,0,0.0,0.0,1,1,0,-1,-1,-1,2,0,963,927,822
987,50,50,783,783,0,114,114,848,848,0,0.0006126825283365669,0.0006126825283365669,727,727,0,-1,3,3,12,6,96,381,571
988,54,260,872,983,111,22,22,820,820,0,0.001599782157323258,0.0019741992579733825,876,896,20,3,3,3,2,13,232,261,29
989,17,118,822,984,162,8,8,753,753,0,0.0009190237925048504,0.0009870996289866913,817,831,14,6,4,4,2,9,955,375,408
990,1,207,333,958,625,10,26,333,449,116,0.0,0.0002382654276864427,1,587,586,3,9,4,10,1,409,647,132
991,1,103,330,968,638,2,3,330,396,66,0.0,0.0005786446100956465,1,740,739,4,6,5,2,1,933,703,414
992,8,110,484,904,420,24,24,449,449,0,0.0,3.4037918240920386e-05,1,408,407,4,4,4,9,3,803,290,364
993,16,222,536,952,416,58,62,592,625,33,0.00010211375472276115,0.0002723033459273631,476,601,125,3,3,3,12,3,184,309,339
994,95,95,907,907,0,74,74,963,963,0,0.00353994349705572,0.00353994349705572,934,934,0,-1,2,2,5,15,430,36,457
995,27,27,743,743,0,20,20,587,587,0,0.0004765308553728854,0.0004765308553728854,711,711,0,-1,4,4,4,9,495,293,200
996,0,0,1,1,0,0,0,1,1,0,0.0,0.0,1,1,0,-1,-1,-1,2,0,944,930,983
997,17,17,700,700,0,18,18,790,790,0,0.0002723033459273631,0.0002723033459273631,617,617,0,-1,3,3,2,4,739,270,707
998,2,208,373,977,604,4,8,404,488,84,0.00013615167296368154,0.0009190237925048504,516,801,285,3,5,4,2,1,934,810,217
999,6,212,456,972,516,11,16,467,528,61,0.00010211375472276115,0.0007488342013002485,488,769,281,3,4,4,4,2,650,690,72
